{"song_id": "1182274955241603082", "download": "https://cdn.discordapp.com/attachments/1128313332273782784/1182274955241603082/chirp.mp4?ex=65841a5a&amp", "lyrics": "[Verse]\nAncient whispers from the past\nA poem written long ago, it will last\nIn hallowed words, stories untold\nA treasure of wisdom, from days of old\n\n[Chorus]\nDancing sakura on the gentle breeze\nUnveiling secrets beneath the trees\nAn ode to love, the moon above\nIn this Japanese land we hold so dear", "style": ["study with me"], "essentia_features": {"lowlevel.average_loudness": 0.953648567199707, "lowlevel.barkbands_crest.mean": 14.49406623840332, "lowlevel.barkbands_crest.stdev": 4.995314121246338, "lowlevel.barkbands_flatness_db.mean": 0.27425816655158997, "lowlevel.barkbands_flatness_db.stdev": 0.09667777270078659, "lowlevel.barkbands_kurtosis.mean": 38.41669464111328, "lowlevel.barkbands_kurtosis.stdev": 98.59300994873047, "lowlevel.barkbands_skewness.mean": 3.6506128311157227, "lowlevel.barkbands_skewness.stdev": 3.0760984420776367, "lowlevel.barkbands_spread.mean": 9.871560096740723, "lowlevel.barkbands_spread.stdev": 15.937827110290527, "lowlevel.dissonance.mean": 0.40254244208335876, "lowlevel.dissonance.stdev": 0.07555031031370163, "lowlevel.dynamic_complexity": 4.61169958114624, "lowlevel.erbbands_crest.mean": 12.764970779418945, "lowlevel.erbbands_crest.stdev": 5.313337802886963, "lowlevel.erbbands_flatness_db.mean": 0.21163155138492584, "lowlevel.erbbands_flatness_db.stdev": 0.07141631841659546, "lowlevel.erbbands_kurtosis.mean": 9.788366317749023, "lowlevel.erbbands_kurtosis.stdev": 20.591493606567383, "lowlevel.erbbands_skewness.mean": 1.8033525943756104, "lowlevel.erbbands_skewness.stdev": 1.8840004205703735, "lowlevel.erbbands_spread.mean": 34.359642028808594, "lowlevel.erbbands_spread.stdev": 32.381263732910156, "lowlevel.hfc.mean": 7.21283483505249, "lowlevel.hfc.stdev": 8.2876615524292, "lowlevel.loudness_ebu128.integrated": -16.203765869140625, "lowlevel.loudness_ebu128.loudness_range": 2.8156166076660156, "lowlevel.loudness_ebu128.momentary.mean": -17.060007095336914, "lowlevel.loudness_ebu128.momentary.stdev": 3.143763780593872, "lowlevel.loudness_ebu128.short_term.mean": -16.347511291503906, "lowlevel.loudness_ebu128.short_term.stdev": 1.028506875038147, "lowlevel.melbands_crest.mean": 18.634723663330078, "lowlevel.melbands_crest.stdev": 5.780878067016602, "lowlevel.melbands_flatness_db.mean": 0.35007020831108093, "lowlevel.melbands_flatness_db.stdev": 0.11695729196071625, "lowlevel.melbands_kurtosis.mean": 59.51730728149414, "lowlevel.melbands_kurtosis.stdev": 77.36759185791016, "lowlevel.melbands_skewness.mean": 4.4572834968566895, "lowlevel.melbands_skewness.stdev": 3.174376964569092, "lowlevel.melbands_spread.mean": 11.008097648620605, "lowlevel.melbands_spread.stdev": 26.800939559936523, "lowlevel.pitch_salience.mean": 0.4756479561328888, "lowlevel.pitch_salience.stdev": 0.14865051209926605, "lowlevel.silence_rate_20dB.mean": 1.0, "lowlevel.silence_rate_20dB.stdev": 0.0, "lowlevel.silence_rate_30dB.mean": 0.9598092436790466, "lowlevel.silence_rate_30dB.stdev": 0.19640511274337769, "lowlevel.silence_rate_60dB.mean": 0.18460489809513092, "lowlevel.silence_rate_60dB.stdev": 0.38797280192375183, "lowlevel.spectral_centroid.mean": 613.541748046875, "lowlevel.spectral_centroid.stdev": 805.90625, "lowlevel.spectral_complexity.mean": 5.559945583343506, "lowlevel.spectral_complexity.stdev": 3.559321641921997, "lowlevel.spectral_decrease.mean": -7.298121218468623e-09, "lowlevel.spectral_decrease.stdev": 9.590977789741828e-09, "lowlevel.spectral_energy.mean": 0.028198959305882454, "lowlevel.spectral_energy.stdev": 0.03687302768230438, "lowlevel.spectral_energyband_high.mean": 0.00017205436597578228, "lowlevel.spectral_energyband_high.stdev": 0.000373848743038252, "lowlevel.spectral_energyband_low.mean": 0.012167347595095634, "lowlevel.spectral_energyband_low.stdev": 0.020333675667643547, "lowlevel.spectral_energyband_middle_high.mean": 0.0005764518864452839, "lowlevel.spectral_energyband_middle_high.stdev": 0.0011084340512752533, "lowlevel.spectral_energyband_middle_low.mean": 0.017727872356772423, "lowlevel.spectral_energyband_middle_low.stdev": 0.030292818322777748, "lowlevel.spectral_entropy.mean": 6.515286445617676, "lowlevel.spectral_entropy.stdev": 1.0225577354431152, "lowlevel.spectral_flux.mean": 0.06773775815963745, "lowlevel.spectral_flux.stdev": 0.07621364295482635, "lowlevel.spectral_kurtosis.mean": 11.170827865600586, "lowlevel.spectral_kurtosis.stdev": 13.561776161193848, "lowlevel.spectral_rms.mean": 0.004392615985125303, "lowlevel.spectral_rms.stdev": 0.0028663813136518, "lowlevel.spectral_rolloff.mean": 835.759033203125, "lowlevel.spectral_rolloff.stdev": 1768.535400390625, "lowlevel.spectral_skewness.mean": 2.5099735260009766, "lowlevel.spectral_skewness.stdev": 1.4582663774490356, "lowlevel.spectral_spread.mean": 4830416.0, "lowlevel.spectral_spread.stdev": 2021670.75, "lowlevel.spectral_strongpeak.mean": 0.705519437789917, "lowlevel.spectral_strongpeak.stdev": 0.5604076385498047, "lowlevel.zerocrossingrate.mean": 0.03805999457836151, "lowlevel.zerocrossingrate.stdev": 0.05141440033912659, "metadata.audio_properties.analysis.equal_loudness": 0.0, "metadata.audio_properties.analysis.length": 34.046939849853516, "metadata.audio_properties.analysis.sample_rate": 44100.0, "metadata.audio_properties.analysis.start_time": 0.0, "metadata.audio_properties.bit_rate": 117634.0, "metadata.audio_properties.length": 34.04800033569336, "metadata.audio_properties.lossless": 0.0, "metadata.audio_properties.number_channels": 1.0, "metadata.audio_properties.replay_gain": -11.480356216430664, "metadata.audio_properties.sample_rate": 48000.0, "rhythm.beats_count": 55.0, "rhythm.beats_loudness.mean": 0.06137660890817642, "rhythm.beats_loudness.stdev": 0.024876626208424568, "rhythm.bpm": 98.20849609375, "rhythm.bpm_histogram_first_peak_bpm": 98.0, "rhythm.bpm_histogram_first_peak_weight": 0.07407402992248535, "rhythm.bpm_histogram_second_peak_bpm": 0.0, "rhythm.bpm_histogram_second_peak_spread": 0.0, "rhythm.bpm_histogram_second_peak_weight": 0.0, "rhythm.danceability": 1.441556453704834, "rhythm.onset_rate": 4.78515625, "tonal.chords_changes_rate": 0.11428571492433548, "tonal.chords_number_rate": 0.016326529905200005, "tonal.chords_strength.mean": 0.5546547770500183, "tonal.chords_strength.stdev": 0.10324915498495102, "tonal.hpcp_crest.mean": 15.580122947692871, "tonal.hpcp_crest.stdev": 7.989658355712891, "tonal.hpcp_entropy.mean": 1.8170952796936035, "tonal.hpcp_entropy.stdev": 0.876379132270813, "tonal.key_edma.strength": 0.6967811584472656, "tonal.key_krumhansl.strength": 0.7009689807891846, "tonal.key_temperley.strength": 0.7071340680122375, "tonal.tuning_diatonic_strength": 0.6693854928016663, "tonal.tuning_equal_tempered_deviation": 0.16218282282352448, "tonal.tuning_frequency": 438.7310485839844, "tonal.tuning_nontempered_energy_ratio": 0.7594503164291382, "lowlevel.barkbands.mean": [3.506147913867608e-05, 0.003637518733739853, 0.006083001382648945, 0.005528869107365608, 0.009660865180194378, 0.001161221764050424, 0.00044387156958691776, 0.0004922022926621139, 0.0003742214757949114, 0.00021163307246752083, 0.00018512750102672726, 6.1914419347886e-05, 4.086605622433126e-05, 2.459169991197996e-05, 2.3374566808342934e-05, 1.1737964996427763e-05, 1.00871811810066e-05, 1.1448738405306358e-05, 1.6929709090618417e-05, 2.383935498073697e-05, 3.048241342185065e-05, 3.883528916048817e-05, 4.06523140554782e-05, 2.6748370146378875e-05, 1.697745028650388e-05, 6.735593160556164e-06, 1.9908947024305235e-07], "lowlevel.barkbands.stdev": [0.00013796456914860755, 0.010126639157533646, 0.009892233647406101, 0.0196385458111763, 0.01338814478367567, 0.002049835631623864, 0.0009102643234655261, 0.0011639484437182546, 0.0008463814156129956, 0.0005716203595511615, 0.000557921826839447, 0.00024397466040682048, 0.00010031030251411721, 6.148275861050934e-05, 7.661319978069514e-05, 2.746112113527488e-05, 2.6864090614253655e-05, 2.515788764867466e-05, 5.343738666852005e-05, 8.971235365606844e-05, 7.310036016860977e-05, 9.6387870144099e-05, 0.0001021227435558103, 6.467830098699778e-05, 3.5382639907766134e-05, 1.638077628740575e-05, 1.190274588225293e-06], "lowlevel.erbbands.mean": [0.056925203651189804, 1.057060718536377, 6.084183216094971, 13.230671882629395, 23.82992172241211, 37.3841552734375, 21.51983642578125, 9.225255012512207, 5.935610294342041, 9.120495796203613, 9.100906372070312, 10.441893577575684, 6.280879020690918, 8.223822593688965, 6.356060028076172, 2.431758403778076, 1.9609401226043701, 1.424757480621338, 1.2330381870269775, 0.9420360326766968, 0.6326531171798706, 0.5619128346443176, 0.5961852669715881, 0.7477608323097229, 1.0223047733306885, 1.0854977369308472, 1.2231981754302979, 1.1804887056350708, 1.3565129041671753, 1.4129818677902222, 1.0802146196365356, 0.6352168321609497, 0.4210698902606964, 0.2312178611755371, 0.09829851984977722, 0.036493636667728424, 0.01129265408962965, 0.0015089467633515596, 4.6584656956838444e-05, 3.255338378949091e-05], "lowlevel.erbbands.stdev": [0.1974138468503952, 2.7014822959899902, 10.520384788513184, 31.264501571655273, 70.29214477539062, 52.638545989990234, 36.65392303466797, 15.196905136108398, 11.949555397033691, 17.59035873413086, 25.7282657623291, 24.1669864654541, 14.173945426940918, 25.466859817504883, 16.98381805419922, 8.479162216186523, 4.706312656402588, 3.224498987197876, 2.9411911964416504, 2.9585800170898438, 1.4639226198196411, 1.4106876850128174, 1.3021624088287354, 1.9004002809524536, 4.567625999450684, 3.751279830932617, 3.1811106204986572, 2.7340283393859863, 3.3148069381713867, 3.7043440341949463, 2.834921360015869, 1.5720235109329224, 0.9893885850906372, 0.478123277425766, 0.21594567596912384, 0.08432584255933762, 0.029863104224205017, 0.005432963836938143, 0.000132667351863347, 4.2344650864833966e-05], "lowlevel.gfcc.mean": [-126.47820281982422, 113.11481475830078, -62.313560485839844, 38.16786575317383, -75.28553009033203, 14.324969291687012, -43.378597259521484, -6.654290676116943, -33.19881820678711, -13.21981430053711, -19.625547409057617, -11.322295188903809, -8.480276107788086], "lowlevel.melbands.mean": [0.0007640657131560147, 0.0025931824930012226, 0.0026548688765615225, 0.0022011164110153913, 0.0010009113466367126, 0.00019257765961810946, 9.183410293189809e-05, 0.00010288968769600615, 6.727137952111661e-05, 6.524011405417696e-05, 2.9201766665210016e-05, 3.266206840635277e-05, 2.26569281949196e-05, 9.94844322121935e-06, 4.028317562188022e-06, 4.1652929212432355e-06, 2.47165326072718e-06, 1.911897243189742e-06, 1.79442542957986e-06, 9.108156859838346e-07, 7.065302725095535e-07, 5.889463068342593e-07, 5.441220309876371e-07, 5.283431505631597e-07, 6.050173055882624e-07, 6.509691274914076e-07, 8.562672064726939e-07, 6.760907922398474e-07, 7.262746066771797e-07, 7.560076937807025e-07, 6.661479687863903e-07, 7.650301654393843e-07, 7.702700486333924e-07, 7.954463967507763e-07, 6.640699439230957e-07, 4.7182257389977167e-07, 3.5770835893345065e-07, 3.0761702873860486e-07, 2.377510384121706e-07, 1.8013450642229145e-07], "lowlevel.melbands.stdev": [0.0023048240691423416, 0.0045704771764576435, 0.007135555613785982, 0.0034535157028585672, 0.0016234420472756028, 0.00032624861341901124, 0.00018447329057380557, 0.00020184913591947407, 0.00019332881493028253, 0.00015241389337461442, 6.942750769667327e-05, 0.00010380594176240265, 6.50806468911469e-05, 3.383353032404557e-05, 1.423210596840363e-05, 1.0436510819999967e-05, 6.370215032802662e-06, 4.451224867807468e-06, 7.189097686932655e-06, 2.1963733161101118e-06, 1.8081775579048553e-06, 1.5799512311787112e-06, 1.2825165640606428e-06, 1.1967212003582972e-06, 1.5920564919724711e-06, 2.3497423171647824e-06, 4.4416715354600456e-06, 2.285092932652333e-06, 2.0194986518617952e-06, 1.8649552657734603e-06, 1.5711271998952725e-06, 1.8526276335251168e-06, 2.1224168449407443e-06, 2.068284402412246e-06, 1.8435043784847949e-06, 1.1305062344035832e-06, 9.337405231235607e-07, 7.562020414297876e-07, 5.273405463412928e-07, 3.771747287828475e-07], "lowlevel.melbands128.mean": [2.8874841518700123e-05, 0.0002691600820980966, 0.0009711299790069461, 0.0018866416066884995, 0.0029229787178337574, 0.0029564083088189363, 0.0025277333334088326, 0.0029647210612893105, 0.002231262857094407, 0.0021703685633838177, 0.0022740866988897324, 0.001560214557684958, 0.0006799637340009212, 0.0002461111871525645, 0.0002548406191635877, 0.0001138310763053596, 6.577045860467479e-05, 0.00010243661381537095, 0.00010600673704175279, 9.826923633227125e-05, 0.00011234914563829079, 7.675836968701333e-05, 7.474463927792385e-05, 3.129105607513338e-05, 7.371386891463771e-05, 8.704404899617657e-05, 2.536846477596555e-05, 2.960675919894129e-05, 1.77514084498398e-05, 3.6694858863484114e-05, 3.766137160710059e-05, 2.6966774385073222e-05, 1.952161437657196e-05, 2.528512413846329e-05, 1.0550125807640143e-05, 6.900264907017117e-06, 4.8522288125241175e-06, 3.1851463972998317e-06, 4.231236744089983e-06, 4.653526957554277e-06, 4.799866928806296e-06, 2.049004251603037e-06, 2.3681500351813156e-06, 3.011399257957237e-06, 1.7786069292924367e-06, 1.6044691619754303e-06, 2.060936367342947e-06, 2.4193434455810348e-06, 1.314285327680409e-06, 9.242007763532456e-07, 9.606438879927737e-07, 8.129641173582058e-07, 5.992404226162762e-07, 7.614448804815765e-07, 6.995378498686478e-07, 5.568292067437142e-07, 5.044807380727434e-07, 5.318890430316969e-07, 5.846022759214975e-07, 5.159526494935562e-07, 5.033749630456441e-07, 5.237424147708225e-07, 6.576713644790289e-07, 6.09487187830382e-07, 5.570784651354188e-07, 6.324989954009652e-07, 6.606231295336329e-07, 9.152935263045947e-07, 9.18781779546407e-07, 8.044663672990282e-07, 6.302581709860533e-07, 6.258725875341042e-07, 6.558194627359626e-07, 7.466248348464433e-07, 8.182262263289886e-07, 8.101324056042358e-07, 7.177327461249661e-07, 6.086228268031846e-07, 6.720843543916999e-07, 6.615953225264093e-07, 8.37805487208243e-07, 7.625570219715883e-07, 7.362934297816537e-07, 7.704840072619845e-07, 7.849673693272052e-07, 8.387231673623319e-07, 7.650210136489477e-07, 7.79624599545059e-07, 6.949081239326915e-07, 5.557645863518701e-07, 5.200554937800916e-07, 4.5930508463243314e-07, 3.6147727655588824e-07, 3.612923364926246e-07, 3.5200923775846604e-07, 3.2727945153965265e-07, 2.805869883104606e-07, 3.1390862886837567e-07, 2.1687124274194503e-07, 2.215744956401977e-07, 2.1750653900198813e-07, 1.6133601832279965e-07, 1.547355310549392e-07, 1.3032671120072337e-07, 1.0642845893471531e-07, 9.024686420389116e-08, 8.589152855620341e-08, 7.151383840664494e-08, 5.883828535502289e-08, 5.646144174420442e-08, 4.024154520720913e-08, 3.512088042612049e-08, 3.619348376560083e-08, 3.548600346903186e-08, 2.5798813751976013e-08, 1.4960599870050828e-08, 6.861442525263328e-09, 1.3581115121397147e-09, 1.9189949629350167e-10, 6.968193383416477e-12, 5.239638150439374e-12, 4.142913442861662e-12, 3.820851621205712e-12, 3.752537343360007e-12, 3.672701899548603e-12, 3.566214814773594e-12, 3.504980160273785e-12, 3.4817084111626873e-12], "lowlevel.melbands128.stdev": [0.00012392584176268429, 0.0011542807333171368, 0.0034488379023969173, 0.005051720421761274, 0.0058819265104830265, 0.004637220874428749, 0.005318206734955311, 0.011967931874096394, 0.007713944651186466, 0.0037750541232526302, 0.0036264604423195124, 0.003317673457786441, 0.0013815744314342737, 0.0004554367042146623, 0.00048302230425179005, 0.0002564576279837638, 0.00023019220679998398, 0.0002581835142336786, 0.00027890916680917144, 0.00022727092436980456, 0.0003137083840556443, 0.0002441632095724344, 0.00029641127912327647, 0.00012393214274197817, 0.0001752136304276064, 0.000250655080890283, 9.534837590763345e-05, 9.434449748368934e-05, 7.233485666802153e-05, 0.00014561606803908944, 0.00015977886505424976, 0.00013531564036384225, 7.664666918572038e-05, 8.890045137377456e-05, 5.393231185735203e-05, 4.120435914956033e-05, 2.729455263761338e-05, 1.9267297830083407e-05, 1.7180444046971388e-05, 1.356619850412244e-05, 1.4974258192523848e-05, 6.5374506448279135e-06, 7.319888027268462e-06, 1.0651036063791253e-05, 6.3981015046010725e-06, 4.492814241530141e-06, 5.657630026689731e-06, 1.4228248801373411e-05, 6.304399448708864e-06, 2.9451375667122193e-06, 2.6685831926442916e-06, 2.0873576431768015e-06, 1.7192561472256784e-06, 2.5187089249811834e-06, 2.4693845261936076e-06, 1.7277075130550656e-06, 1.467096694796055e-06, 1.3533832543544122e-06, 1.4690326679556165e-06, 1.3683418274013093e-06, 1.330892928308458e-06, 1.3844997965861694e-06, 1.9499382233334472e-06, 1.7898668147608987e-06, 1.5946682196954498e-06, 2.1158327854209347e-06, 2.9230236577859614e-06, 6.9407419687195215e-06, 4.68171720058308e-06, 3.216416416762513e-06, 2.4072562609944725e-06, 2.134665237463196e-06, 2.1286466562742135e-06, 2.2285460090643028e-06, 2.3459647309209686e-06, 2.17465230889502e-06, 1.8473056115908548e-06, 1.5235560795190395e-06, 1.8009541236096993e-06, 1.625812501515611e-06, 2.176035877710092e-06, 1.9955346033384558e-06, 2.207482793892268e-06, 2.302426992173423e-06, 2.3097397843230283e-06, 2.337596015422605e-06, 2.0861962184426375e-06, 1.9459714621916646e-06, 2.4033067802520236e-06, 1.5577721796944388e-06, 1.3140017927071312e-06, 1.1293215038676863e-06, 9.348629532723862e-07, 1.0961122143271496e-06, 8.519324410372064e-07, 9.863236982710077e-07, 6.929253117959888e-07, 8.063732934715517e-07, 5.356192218641809e-07, 5.026265625929227e-07, 4.6533224917766347e-07, 3.5989859270557645e-07, 3.7735338764832704e-07, 3.0609234613621084e-07, 2.6584234547044616e-07, 2.1771651859125996e-07, 2.117009216817678e-07, 1.6872769492692896e-07, 1.5249295870489732e-07, 1.5640131323380047e-07, 1.1369586161436018e-07, 9.546540979954443e-08, 1.0472874123479414e-07, 1.2222773193570902e-07, 8.861059797027337e-08, 6.709063171683738e-08, 3.927118896740467e-08, 1.2975998942010847e-08, 3.6969034500344833e-09, 6.610001435092272e-11, 3.3551890432637066e-11, 1.0703333185035913e-11, 7.421127080908807e-12, 7.297371040770884e-12, 7.195709306184739e-12, 7.109286683654181e-12, 7.0483076840266445e-12, 7.010863244116816e-12], "lowlevel.mfcc.mean": [-782.9945678710938, 137.155029296875, 58.89996337890625, 25.05181121826172, 1.9080435037612915, 8.990543365478516, -0.5848832130432129, 0.07150603085756302, -7.830199718475342, -4.3313703536987305, -11.741910934448242, -12.012267112731934, -11.279112815856934], "lowlevel.spectral_contrast_coeffs.mean": [-0.5972897410392761, -0.7431949973106384, -0.7733135223388672, -0.8388254642486572, -0.8440563678741455, -0.8050763010978699], "lowlevel.spectral_contrast_coeffs.stdev": [0.11177327483892441, 0.09354284405708313, 0.09003899991512299, 0.05122838914394379, 0.04034064710140228, 0.03377895429730415], "lowlevel.spectral_contrast_valleys.mean": [-7.404066562652588, -7.977791786193848, -8.933053970336914, -9.405261039733887, -9.270988464355469, -11.167998313903809], "lowlevel.spectral_contrast_valleys.stdev": [1.382851481437683, 1.186400294303894, 1.0331850051879883, 1.0195921659469604, 1.0524771213531494, 1.1402264833450317], "rhythm.beats_loudness_band_ratio.mean": [0.7685392498970032, 0.24546945095062256, 0.03761466220021248, 0.008824664168059826, 0.004220793955028057, 0.017222760245203972], "rhythm.beats_loudness_band_ratio.stdev": [0.18258224427700043, 0.1739318072795868, 0.05670637637376785, 0.0116824209690094, 0.004014616832137108, 0.022828569635748863], "tonal.hpcp.mean": [0.10733623802661896, 0.11189264059066772, 0.11966298520565033, 0.24551233649253845, 0.23313532769680023, 0.08855738490819931, 0.06068580225110054, 0.06113361567258835, 0.13864098489284515, 0.2132931798696518, 0.1512601226568222, 0.06346704065799713, 0.03873622789978981, 0.028825964778661728, 0.06693685054779053, 0.1377774178981781, 0.1040421798825264, 0.04039308801293373, 0.035626593977212906, 0.04969295486807823, 0.07215681672096252, 0.07023506611585617, 0.05742282047867775, 0.09541503340005875, 0.1524793952703476, 0.10427019000053406, 0.04347400739789009, 0.035869747400283813, 0.041675057262182236, 0.09626524150371552, 0.13411372900009155, 0.09159957617521286, 0.047425527125597, 0.04192899912595749, 0.05723746865987778, 0.08591825515031815], "tonal.hpcp.stdev": [0.24006523191928864, 0.2482009381055832, 0.24326924979686737, 0.36561319231987, 0.36037713289260864, 0.21110233664512634, 0.1888028085231781, 0.19252929091453552, 0.2589018642902374, 0.3563622534275055, 0.273246169090271, 0.19244396686553955, 0.1504819542169571, 0.12332472950220108, 0.16068722307682037, 0.28530338406562805, 0.2213507443666458, 0.1404043585062027, 0.13901163637638092, 0.15865597128868103, 0.20746228098869324, 0.18956977128982544, 0.15548744797706604, 0.2067643702030182, 0.2766953408718109, 0.2108282446861267, 0.14743946492671967, 0.1321621537208557, 0.14661110937595367, 0.21614085137844086, 0.2764277458190918, 0.19753558933734894, 0.1653231978416443, 0.1466323882341385, 0.18134339153766632, 0.2230728268623352], "rhythm.beats_position": [0.5804988741874695, 1.1842176914215088, 1.7879364490509033, 2.391655206680298, 3.006983995437622, 3.6223127841949463, 4.23764181137085, 4.852970600128174, 5.456689357757568, 6.060408115386963, 6.664126873016357, 7.279455661773682, 7.894784450531006, 8.498503684997559, 9.125441551208496, 9.729161262512207, 10.344490051269531, 10.959818840026855, 11.56353759765625, 12.167256355285645, 12.770975112915039, 13.374693870544434, 13.978412628173828, 14.605351448059082, 15.220680236816406, 15.83600902557373, 16.439727783203125, 17.066665649414062, 17.670385360717773, 18.29732322692871, 18.901042938232422, 19.5047607421875, 20.12009048461914, 20.73541831970215, 21.35074806213379, 21.966075897216797, 22.569795608520508, 23.173513412475586, 23.777233123779297, 24.380952835083008, 24.996280670166016, 25.611610412597656, 26.226938247680664, 26.842267990112305, 27.457595825195312, 28.072925567626953, 28.67664337158203, 29.291973114013672, 29.90730094909668, 30.51102066040039, 31.1263484954834, 31.73006820678711, 32.34539794921875, 32.960723876953125, 33.576053619384766], "rhythm.bpm_histogram": [0.0, 0.0, 0.0, 0.0, 0.0, 0.0, 0.0, 0.0, 0.0, 0.0, 0.0, 0.0, 0.0, 0.0, 0.0, 0.0, 0.0, 0.0, 0.0, 0.0, 0.0, 0.0, 0.0, 0.0, 0.0, 0.0, 0.0, 0.0, 0.0, 0.0, 0.0, 0.0, 0.0, 0.0, 0.0, 0.0, 0.0, 0.0, 0.0, 0.0, 0.0, 0.0, 0.0, 0.0, 0.0, 0.0, 0.0, 0.0, 0.0, 0.0, 0.0, 0.0, 0.0, 0.0, 0.0, 0.0, 0.0, 0.0, 0.0, 0.0, 0.0, 0.0, 0.0, 0.0, 0.0, 0.0, 0.0, 0.0, 0.0, 0.0, 0.0, 0.0, 0.0, 0.0, 0.0, 0.0, 0.0, 0.0, 0.0, 0.0, 0.0, 0.0, 0.0, 0.0, 0.0, 0.0, 0.0, 0.0, 0.0, 0.0, 0.0, 0.0, 0.0, 0.0, 0.0, 0.0, 0.07407407462596893, 0.0, 0.48148149251937866, 0.4444444477558136, 0.0, 0.0, 0.0, 0.0, 0.0, 0.0, 0.0, 0.0, 0.0, 0.0, 0.0, 0.0, 0.0, 0.0, 0.0, 0.0, 0.0, 0.0, 0.0, 0.0, 0.0, 0.0, 0.0, 0.0, 0.0, 0.0, 0.0, 0.0, 0.0, 0.0, 0.0, 0.0, 0.0, 0.0, 0.0, 0.0, 0.0, 0.0, 0.0, 0.0, 0.0, 0.0, 0.0, 0.0, 0.0, 0.0, 0.0, 0.0, 0.0, 0.0, 0.0, 0.0, 0.0, 0.0, 0.0, 0.0, 0.0, 0.0, 0.0, 0.0, 0.0, 0.0, 0.0, 0.0, 0.0, 0.0, 0.0, 0.0, 0.0, 0.0, 0.0, 0.0, 0.0, 0.0, 0.0, 0.0, 0.0, 0.0, 0.0, 0.0, 0.0, 0.0, 0.0, 0.0, 0.0, 0.0, 0.0, 0.0, 0.0, 0.0, 0.0, 0.0, 0.0, 0.0, 0.0, 0.0, 0.0, 0.0, 0.0, 0.0, 0.0, 0.0, 0.0, 0.0, 0.0, 0.0, 0.0, 0.0, 0.0, 0.0, 0.0, 0.0, 0.0, 0.0, 0.0, 0.0, 0.0, 0.0, 0.0, 0.0, 0.0, 0.0, 0.0, 0.0, 0.0, 0.0, 0.0, 0.0, 0.0, 0.0, 0.0, 0.0, 0.0, 0.0, 0.0, 0.0, 0.0, 0.0, 0.0, 0.0, 0.0, 0.0, 0.0, 0.0, 0.0, 0.0, 0.0, 0.0, 0.0, 0.0], "tonal.chords_histogram": [30.74829864501953, 1.4965986013412476, 13.061224937438965, 12.789115905761719, 12.653060913085938, 2.312925100326538, 4.761904716491699, 0.0, 0.27210885286331177, 0.0, 0.0, 0.0, 1.088435411453247, 0.0, 0.0, 0.0, 0.0, 0.9523809552192688, 0.0, 1.768707513809204, 3.265306234359741, 11.97278881072998, 0.0, 2.857142925262451], "tonal.thpcp": [1.0, 0.9495870471000671, 0.3607044219970703, 0.2471802532672882, 0.24900424480438232, 0.5647006630897522, 0.8687676787376404, 0.6160998940467834, 0.258508563041687, 0.1577771157026291, 0.11741147190332413, 0.27264150977134705, 0.5611832737922668, 0.4237757623195648, 0.16452570259571075, 0.14511121809482574, 0.20240512490272522, 0.29390302300453186, 0.28607550263404846, 0.23388975858688354, 0.38863641023635864, 0.621066153049469, 0.42470449209213257, 0.1770746409893036, 0.14610160887241364, 0.16974730789661407, 0.39209941029548645, 0.5462606549263, 0.3730956017971039, 0.19316962361335754, 0.17078164219856262, 0.23313479125499725, 0.3499549329280853, 0.4371928572654724, 0.45575159788131714, 0.4874010980129242], "lowlevel.gfcc.cov": [[10318.923828125, 22.591556549072266, 19.973703384399414, -535.8949584960938, -456.2843322753906, -81.94538879394531, -213.97439575195312, 99.85112762451172, -263.5279235839844, 90.15216064453125, -271.5203857421875, 93.57682800292969, -201.1458740234375], [22.591556549072266, 2929.264404296875, 540.0724487304688, -833.26806640625, 191.5925750732422, -168.99046325683594, 288.2875671386719, -178.38140869140625, 217.48231506347656, -352.1319580078125, 429.41717529296875, -192.13275146484375, 321.4605407714844], [19.973703384399414, 540.0724487304688, 1029.957763671875, 246.76925659179688, 188.052001953125, 10.567296028137207, 214.6690673828125, -14.011677742004395, 139.18641662597656, -0.6962405443191528, 67.64961242675781, 42.695335388183594, 49.45436477661133], [-535.8949584960938, -833.26806640625, 246.76925659179688, 1138.0533447265625, 356.7917175292969, 158.418701171875, 105.09410858154297, 101.51930236816406, 127.1470718383789, 121.89342498779297, -94.66049194335938, 32.9507942199707, -41.90480041503906], [-456.2843322753906, 191.5925750732422, 188.052001953125, 356.7917175292969, 577.6174926757812, 179.87509155273438, 159.142333984375, 58.90723419189453, 124.57694244384766, -2.465165615081787, 26.769445419311523, -41.229713439941406, 16.914695739746094], [-81.94538879394531, -168.99046325683594, 10.567296028137207, 158.418701171875, 179.87509155273438, 358.3814392089844, 203.38919067382812, 74.91191864013672, 25.56036949157715, 49.5933837890625, -18.598434448242188, 3.807565212249756, -26.69907569885254], [-213.97439575195312, 288.2875671386719, 214.6690673828125, 105.09410858154297, 159.142333984375, 203.38919067382812, 339.83892822265625, 54.12293243408203, 74.11727905273438, -19.60807228088379, 62.6278076171875, -0.5535967946052551, 32.745399475097656], [99.85112762451172, -178.38140869140625, -14.011677742004395, 101.51930236816406, 58.90723419189453, 74.91191864013672, 54.12293243408203, 190.80029296875, 36.607845306396484, 40.64112854003906, -26.279277801513672, 16.99028968811035, -17.521957397460938], [-263.5279235839844, 217.48231506347656, 139.18641662597656, 127.1470718383789, 124.57694244384766, 25.56036949157715, 74.11727905273438, 36.607845306396484, 151.13800048828125, 8.483125686645508, 37.568580627441406, -21.498523712158203, 36.506736755371094], [90.15216064453125, -352.1319580078125, -0.6962405443191528, 121.89342498779297, -2.465165615081787, 49.5933837890625, -19.60807228088379, 40.64112854003906, 8.483125686645508, 143.46852111816406, -36.60327911376953, 32.371116638183594, -49.09328079223633], [-271.5203857421875, 429.41717529296875, 67.64961242675781, -94.66049194335938, 26.769445419311523, -18.598434448242188, 62.6278076171875, -26.279277801513672, 37.568580627441406, -36.60327911376953, 149.8557586669922, -14.111886024475098, 68.00978088378906], [93.57682800292969, -192.13275146484375, 42.695335388183594, 32.9507942199707, -41.229713439941406, 3.807565212249756, -0.5535967946052551, 16.99028968811035, -21.498523712158203, 32.371116638183594, -14.111886024475098, 105.2069091796875, -13.699104309082031], [-201.1458740234375, 321.4605407714844, 49.45436477661133, -41.90480041503906, 16.914695739746094, -26.69907569885254, 32.745399475097656, -17.521957397460938, 36.506736755371094, -49.09328079223633, 68.00978088378906, -13.699104309082031, 124.39918518066406]], "lowlevel.gfcc.icov": [[0.0001275527465622872, -0.00018887141777668148, -2.4754356218181783e-06, -6.32771771051921e-05, 0.00011036934301955625, -6.648434646194801e-05, 0.00010581791866570711, -0.0001739155122777447, 0.0003071663959417492, -0.00022073779837228358, 0.00040513844578526914, -0.0001552380999783054, 0.00017650848894845694], [-0.00018887141777668148, 0.002448273589834571, -0.0007855981821194291, 0.001734807388857007, -0.0009930445812642574, 0.0008398871286772192, -0.0010762927122414112, 0.000906717381440103, -0.002327903173863888, 0.002322456566616893, -0.002963364589959383, 0.0020515997894108295, -0.0015632713912054896], [-2.4754356218181783e-06, -0.0007855981821194291, 0.0017181001603603363, -0.000736994668841362, 5.018101728637703e-05, 0.0005048530292697251, -0.0008065840229392052, 0.00032984529389068484, -0.0001507853448856622, -0.0009252046002075076, 0.0009098972659558058, -0.001517961616627872, 0.0004696027608588338], [-6.32771771051921e-05, 0.001734807388857007, -0.000736994668841362, 0.002689481247216463, -0.0014329744735732675, 0.0006480138981714845, -0.0008791041327640414, 0.0005470650503411889, -0.002202976029366255, 0.0007413114653900266, -0.0008719700272195041, 0.001050095190294087, -0.0012124966597184539], [0.00011036934301955625, -0.0009930445812642574, 5.018101728637703e-05, -0.0014329744735732675, 0.0034397232811897993, -0.0016986265545710921, 0.0007064799428917468, -0.0006181474309414625, -0.00032594031654298306, 9.546676301397383e-05, 0.0005633076070807874, 0.00013655955262947828, 0.00097703339997679], [-6.648434646194801e-05, 0.0008398871286772192, 0.0005048530292697251, 0.0006480138981714845, -0.0016986265545710921, 0.006511020008474588, -0.004597725346684456, -2.520380121495691e-06, 0.0003917635476682335, -0.0015563271008431911, 0.00041767675429582596, 0.0008375652832910419, -0.0002872621698770672], [0.00010581791866570711, -0.0010762927122414112, -0.0008065840229392052, -0.0008791041327640414, 0.0007064799428917468, -0.004597725346684456, 0.007594103459268808, -0.0014651463134214282, -0.00010077356273541227, 0.0013311866205185652, -0.0011398876085877419, -0.0012249719584360719, 0.0007318819989450276], [-0.0001739155122777447, 0.000906717381440103, 0.00032984529389068484, 0.0005470650503411889, -0.0006181474309414625, -2.520380121495691e-06, -0.0014651463134214282, 0.007119297981262207, -0.002830194542184472, -0.00021949573419988155, 6.82217869325541e-05, -0.0004534796462394297, -0.00044245613389648497], [0.0003071663959417492, -0.002327903173863888, -0.0001507853448856622, -0.002202976029366255, -0.00032594031654298306, 0.0003917635476682335, -0.00010077356273541227, -0.002830194542184472, 0.013589736074209213, -0.004248572047799826, 0.00156848703045398, 0.0007244170410558581, -0.000856144237332046], [-0.00022073779837228358, 0.002322456566616893, -0.0009252046002075076, 0.0007413114653900266, 9.546676301397383e-05, -0.0015563271008431911, 0.0013311866205185652, -0.00021949573419988155, -0.004248572047799826, 0.01300910022109747, -0.0036028102040290833, -0.0003977796877734363, 0.0018374378560110927], [0.00040513844578526914, -0.002963364589959383, 0.0009098972659558058, -0.0008719700272195041, 0.0005633076070807874, 0.00041767675429582596, -0.0011398876085877419, 6.82217869325541e-05, 0.00156848703045398, -0.0036028102040290833, 0.014926829375326633, -0.002553631318733096, -0.002343934029340744], [-0.0001552380999783054, 0.0020515997894108295, -0.001517961616627872, 0.001050095190294087, 0.00013655955262947828, 0.0008375652832910419, -0.0012249719584360719, -0.0004534796462394297, 0.0007244170410558581, -0.0003977796877734363, -0.002553631318733096, 0.01347810123115778, -0.001664849347434938], [0.00017650848894845694, -0.0015632713912054896, 0.0004696027608588338, -0.0012124966597184539, 0.00097703339997679, -0.0002872621698770672, 0.0007318819989450276, -0.00044245613389648497, -0.000856144237332046, 0.0018374378560110927, -0.002343934029340744, -0.001664849347434938, 0.013393581844866276]], "lowlevel.mfcc.cov": [[9495.162109375, -146.54185485839844, -84.57012176513672, -398.4034729003906, -300.61700439453125, -287.70587158203125, -145.2127685546875, -160.7572784423828, -34.02220916748047, -105.99825286865234, -49.65011978149414, -62.420345306396484, -95.22161865234375], [-146.54185485839844, 3215.028564453125, 338.05731201171875, -513.9501953125, -73.45393371582031, -239.61058044433594, 111.66606140136719, 57.58231735229492, -95.51670837402344, -88.51808166503906, -60.58829116821289, 48.562416076660156, -10.20782470703125], [-84.57012176513672, 338.05731201171875, 794.6629028320312, 253.2281036376953, -17.94971466064453, 103.19123077392578, 32.83880615234375, 67.19995880126953, 65.36714172363281, -6.596334934234619, 39.29054260253906, 71.0575180053711, 55.31378936767578], [-398.4034729003906, -513.9501953125, 253.2281036376953, 760.3005981445312, 311.40875244140625, 212.12376403808594, 29.44991683959961, 88.99246215820312, 129.76461791992188, 73.79310607910156, 61.15462112426758, 57.0018424987793, 78.5543212890625], [-300.61700439453125, -73.45393371582031, -17.94971466064453, 311.40875244140625, 416.2481689453125, 155.37445068359375, 63.730716705322266, 65.43482208251953, 99.25222778320312, 84.4746322631836, 55.246795654296875, 33.4676628112793, 27.559795379638672], [-287.70587158203125, -239.61058044433594, 103.19123077392578, 212.12376403808594, 155.37445068359375, 403.0265808105469, 162.92550659179688, 128.48912048339844, 106.53154754638672, 101.53702545166016, 82.63872528076172, 20.719566345214844, 48.4971923828125], [-145.2127685546875, 111.66606140136719, 32.83880615234375, 29.44991683959961, 63.730716705322266, 162.92550659179688, 251.9606170654297, 139.80923461914062, 75.92942810058594, 82.68600463867188, 49.38028335571289, 29.811290740966797, 27.519807815551758], [-160.7572784423828, 57.58231735229492, 67.19995880126953, 88.99246215820312, 65.43482208251953, 128.48912048339844, 139.80923461914062, 216.64532470703125, 105.20696258544922, 65.54009246826172, 29.95354652404785, 41.51983642578125, 50.63076400756836], [-34.02220916748047, -95.51670837402344, 65.36714172363281, 129.76461791992188, 99.25222778320312, 106.53154754638672, 75.92942810058594, 105.20696258544922, 174.0122833251953, 85.21671295166016, 46.80947494506836, 31.27942657470703, 32.59006881713867], [-105.99825286865234, -88.51808166503906, -6.596334934234619, 73.79310607910156, 84.4746322631836, 101.53702545166016, 82.68600463867188, 65.54009246826172, 85.21671295166016, 141.5929718017578, 64.3241195678711, 10.555438041687012, 23.190471649169922], [-49.65011978149414, -60.58829116821289, 39.29054260253906, 61.15462112426758, 55.246795654296875, 82.63872528076172, 49.38028335571289, 29.95354652404785, 46.80947494506836, 64.3241195678711, 104.29766082763672, 40.899269104003906, 14.055641174316406], [-62.420345306396484, 48.562416076660156, 71.0575180053711, 57.0018424987793, 33.4676628112793, 20.719566345214844, 29.811290740966797, 41.51983642578125, 31.27942657470703, 10.555438041687012, 40.899269104003906, 101.33045959472656, 36.523109436035156], [-95.22161865234375, -10.20782470703125, 55.31378936767578, 78.5543212890625, 27.559795379638672, 48.4971923828125, 27.519807815551758, 50.63076400756836, 32.59006881713867, 23.190471649169922, 14.055641174316406, 36.523109436035156, 81.8517074584961]], "lowlevel.mfcc.icov": [[0.00011176543921465054, 1.6320031136274338e-05, -1.5353909475379623e-05, 5.029922613175586e-05, 3.119080065516755e-05, 5.774915189249441e-05, -6.568216122104786e-06, 4.8993992095347494e-05, -0.00011669635568978265, 6.895165279274806e-05, -4.3639611249091104e-05, 3.527314402163029e-05, 4.002637797384523e-05], [1.6320031136274338e-05, 0.000502122740726918, -0.00044131180038675666, 0.0005723278736695647, -0.0005103615112602711, 0.0004245523305144161, -0.0003723615373019129, -0.00023029909061733633, 0.00029109197203069925, 0.00011210802040295675, 0.00015331506438087672, -7.719806308159605e-05, -0.00012103808694519103], [-1.5353909475379623e-05, -0.00044131180038675666, 0.002057040110230446, -0.0011939547257497907, 0.00122052151709795, -0.0006264499970711768, 0.00024854933144524693, 0.00014867179561406374, -0.0006950536626391113, 0.000631819711998105, -0.000477799418149516, -0.0006067499634809792, -8.194177644327283e-05], [5.029922613175586e-05, 0.0005723278736695647, -0.0011939547257497907, 0.0032334739807993174, -0.002236525993794203, -0.0001381310576107353, 0.00047747237840667367, -0.0002958847035188228, -0.0002063702850136906, 0.00017315614968538284, 0.000249404925853014, -6.785759615013376e-05, -0.0012885306496173143], [3.119080065516755e-05, -0.0005103615112602711, 0.00122052151709795, -0.002236525993794203, 0.004806877113878727, -0.001024604425765574, 0.00015782625996507704, 0.0005122040747664869, -0.0011166209587827325, -0.000906182627659291, -0.00013307381595950574, -0.0008404007530771196, 0.0010121326195076108], [5.774915189249441e-05, 0.0004245523305144161, -0.0006264499970711768, -0.0001381310576107353, -0.001024604425765574, 0.005089620128273964, -0.0023207985796034336, -0.0008551236242055893, -1.9233435523346998e-05, 0.00016099028289318085, -0.002275895094498992, 0.002034844132140279, -0.0012404427397996187], [-6.568216122104786e-06, -0.0003723615373019129, 0.00024854933144524693, 0.00047747237840667367, 0.00015782625996507704, -0.0023207985796034336, 0.00821922067552805, -0.0037559433840215206, 0.0004974468611180782, -0.0022569007705897093, -0.000264010886894539, -0.000935592339374125, 0.0011057027149945498], [4.8993992095347494e-05, -0.00023029909061733633, 0.00014867179561406374, -0.0002958847035188228, 0.0005122040747664869, -0.0008551236242055893, -0.0037559433840215206, 0.010122308507561684, -0.0039221784099936485, -0.00020726780348923057, 0.002119807992130518, -0.0015556277940049767, -0.0025020474568009377], [-0.00011669635568978265, 0.00029109197203069925, -0.0006950536626391113, -0.0002063702850136906, -0.0011166209587827325, -1.9233435523346998e-05, 0.0004974468611180782, -0.0039221784099936485, 0.011394890025258064, -0.0044457814656198025, -6.038424908183515e-05, -0.0009360132971778512, 0.00036518435808829963], [6.895165279274806e-05, 0.00011210802040295675, 0.000631819711998105, 0.00017315614968538284, -0.000906182627659291, 0.00016099028289318085, -0.0022569007705897093, -0.00020726780348923057, -0.0044457814656198025, 0.015074280090630054, -0.007345800753682852, 0.004125293809920549, -0.0024822959676384926], [-4.3639611249091104e-05, 0.00015331506438087672, -0.000477799418149516, 0.000249404925853014, -0.00013307381595950574, -0.002275895094498992, -0.000264010886894539, 0.002119807992130518, -6.038424908183515e-05, -0.007345800753682852, 0.018320586532354355, -0.007749446667730808, 0.0026398163754493], [3.527314402163029e-05, -7.719806308159605e-05, -0.0006067499634809792, -6.785759615013376e-05, -0.0008404007530771196, 0.002034844132140279, -0.000935592339374125, -0.0015556277940049767, -0.0009360132971778512, 0.004125293809920549, -0.007749446667730808, 0.016265327110886574, -0.005862428806722164], [4.002637797384523e-05, -0.00012103808694519103, -8.194177644327283e-05, -0.0012885306496173143, 0.0010121326195076108, -0.0012404427397996187, 0.0011057027149945498, -0.0025020474568009377, 0.00036518435808829963, -0.0024822959676384926, 0.0026398163754493, -0.005862428806722164, 0.017831243574619293]], "metadata.audio_properties.analysis.downmix": "mix", "metadata.audio_properties.codec": "mp3", "metadata.audio_properties.md5_encoded": "0df849188a8aecb1d71fbac48974aa25", "metadata.tags.file_name": "1182274955241603082.mp3", "metadata.version.essentia": "2.1-beta6-dev", "metadata.version.essentia_git_sha": "v2.1_beta5-1110-g77a6a954", "metadata.version.extractor": "music 2.0", "tonal.chords_key": "Bb", "tonal.chords_scale": "major", "tonal.key_edma.key": "Bb", "tonal.key_edma.scale": "major", "tonal.key_krumhansl.key": "Bb", "tonal.key_krumhansl.scale": "major", "tonal.key_temperley.key": "Bb", "tonal.key_temperley.scale": "major", "metadata.tags.encoding": ["Lavf58.45.100"]}, "essentia_models": [{"model_name": "genre_dortmund", "activations