{"song_id": "1182266510392176670", "download": "https://cdn.discordapp.com/attachments/1135903449314238464/1182266510392176670/chirp.mp4?ex=6584127d&amp", "lyrics": "Brush your teeth up and down\n\nClean along gaps with care\nCavities go buzz buzz away\n\nTooth by tooth ding ding hooray\n\nChorus:\nHappily sing tra la la\nBrush diligently everyday\nFight tooth decay\nSmile bright, hip hip hooray", "style": ["happy song for kids"], "essentia_features": {"lowlevel.average_loudness": 0.8310028314590454, "lowlevel.barkbands_crest.mean": 13.956335067749023, "lowlevel.barkbands_crest.stdev": 4.5548481941223145, "lowlevel.barkbands_flatness_db.mean": 0.30880647897720337, "lowlevel.barkbands_flatness_db.stdev": 0.07478252053260803, "lowlevel.barkbands_kurtosis.mean": 9.608954429626465, "lowlevel.barkbands_kurtosis.stdev": 18.16429328918457, "lowlevel.barkbands_skewness.mean": 1.0114459991455078, "lowlevel.barkbands_skewness.stdev": 1.9644266366958618, "lowlevel.barkbands_spread.mean": 6.127508163452148, "lowlevel.barkbands_spread.stdev": 7.336555480957031, "lowlevel.dissonance.mean": 0.3622029721736908, "lowlevel.dissonance.stdev": 0.07741712778806686, "lowlevel.dynamic_complexity": 4.336461544036865, "lowlevel.erbbands_crest.mean": 16.482397079467773, "lowlevel.erbbands_crest.stdev": 5.523915767669678, "lowlevel.erbbands_flatness_db.mean": 0.36457008123397827, "lowlevel.erbbands_flatness_db.stdev": 0.0760050043463707, "lowlevel.erbbands_kurtosis.mean": 7.716458797454834, "lowlevel.erbbands_kurtosis.stdev": 11.094751358032227, "lowlevel.erbbands_skewness.mean": 1.0655587911605835, "lowlevel.erbbands_skewness.stdev": 1.7085621356964111, "lowlevel.erbbands_spread.mean": 10.395607948303223, "lowlevel.erbbands_spread.stdev": 12.066987037658691, "lowlevel.hfc.mean": 18.168203353881836, "lowlevel.hfc.stdev": 21.49408531188965, "lowlevel.loudness_ebu128.integrated": -26.265132904052734, "lowlevel.loudness_ebu128.loudness_range": 5.393070220947266, "lowlevel.loudness_ebu128.momentary.mean": -27.155439376831055, "lowlevel.loudness_ebu128.momentary.stdev": 2.7627673149108887, "lowlevel.loudness_ebu128.short_term.mean": -26.75824546813965, "lowlevel.loudness_ebu128.short_term.stdev": 1.975378155708313, "lowlevel.melbands_crest.mean": 16.471818923950195, "lowlevel.melbands_crest.stdev": 5.559391498565674, "lowlevel.melbands_flatness_db.mean": 0.35654765367507935, "lowlevel.melbands_flatness_db.stdev": 0.08610834926366806, "lowlevel.melbands_kurtosis.mean": 11.029180526733398, "lowlevel.melbands_kurtosis.stdev": 18.190616607666016, "lowlevel.melbands_skewness.mean": 1.215615153312683, "lowlevel.melbands_skewness.stdev": 1.9136313199996948, "lowlevel.melbands_spread.mean": 9.597260475158691, "lowlevel.melbands_spread.stdev": 8.799811363220215, "lowlevel.pitch_salience.mean": 0.4697275459766388, "lowlevel.pitch_salience.stdev": 0.12232080101966858, "lowlevel.silence_rate_20dB.mean": 1.0, "lowlevel.silence_rate_20dB.stdev": 0.0, "lowlevel.silence_rate_30dB.mean": 0.9961509108543396, "lowlevel.silence_rate_30dB.stdev": 0.061921682208776474, "lowlevel.silence_rate_60dB.mean": 0.19630484282970428, "lowlevel.silence_rate_60dB.stdev": 0.3971974849700928, "lowlevel.spectral_centroid.mean": 954.7664794921875, "lowlevel.spectral_centroid.stdev": 387.63916015625, "lowlevel.spectral_complexity.mean": 7.327174663543701, "lowlevel.spectral_complexity.stdev": 3.8774564266204834, "lowlevel.spectral_decrease.mean": -4.742801262835883e-09, "lowlevel.spectral_decrease.stdev": 4.972215972287586e-09, "lowlevel.spectral_energy.mean": 0.0195483285933733, "lowlevel.spectral_energy.stdev": 0.0206510778516531, "lowlevel.spectral_energyband_high.mean": 8.671238174429163e-05, "lowlevel.spectral_energyband_high.stdev": 0.00015991163672879338, "lowlevel.spectral_energyband_low.mean": 0.00012000586139038205, "lowlevel.spectral_energyband_low.stdev": 0.0004039455088786781, "lowlevel.spectral_energyband_middle_high.mean": 0.011510181240737438, "lowlevel.spectral_energyband_middle_high.stdev": 0.017749516293406487, "lowlevel.spectral_energyband_middle_low.mean": 0.007971404120326042, "lowlevel.spectral_energyband_middle_low.stdev": 0.00867392960935831, "lowlevel.spectral_entropy.mean": 6.10296630859375, "lowlevel.spectral_entropy.stdev": 0.7789876461029053, "lowlevel.spectral_flux.mean": 0.04062899202108383, "lowlevel.spectral_flux.stdev": 0.033056601881980896, "lowlevel.spectral_kurtosis.mean": 25.332151412963867, "lowlevel.spectral_kurtosis.stdev": 28.244417190551758, "lowlevel.spectral_rms.mean": 0.0037851836532354355, "lowlevel.spectral_rms.stdev": 0.0021780594252049923, "lowlevel.spectral_rolloff.mean": 1198.038818359375, "lowlevel.spectral_rolloff.stdev": 1141.42333984375, "lowlevel.spectral_skewness.mean": 3.2874386310577393, "lowlevel.spectral_skewness.stdev": 1.8317166566848755, "lowlevel.spectral_spread.mean": 2628573.0, "lowlevel.spectral_spread.stdev": 1969911.0, "lowlevel.spectral_strongpeak.mean": 2.987980842590332, "lowlevel.spectral_strongpeak.stdev": 2.6568362712860107, "lowlevel.zerocrossingrate.mean": 0.04671637341380119, "lowlevel.zerocrossingrate.stdev": 0.025277646258473396, "metadata.audio_properties.analysis.equal_loudness": 0.0, "metadata.audio_properties.analysis.length": 30.121610641479492, "metadata.audio_properties.analysis.sample_rate": 44100.0, "metadata.audio_properties.analysis.start_time": 0.0, "metadata.audio_properties.bit_rate": 113400.0, "metadata.audio_properties.length": 30.12266731262207, "metadata.audio_properties.lossless": 0.0, "metadata.audio_properties.number_channels": 1.0, "metadata.audio_properties.replay_gain": -1.8277416229248047, "metadata.audio_properties.sample_rate": 48000.0, "rhythm.beats_count": 86.0, "rhythm.beats_loudness.mean": 0.03716181963682175, "rhythm.beats_loudness.stdev": 0.022383462637662888, "rhythm.bpm": 172.2655792236328, "rhythm.bpm_histogram_first_peak_bpm": 172.0, "rhythm.bpm_histogram_first_peak_weight": 0.0, "rhythm.bpm_histogram_second_peak_bpm": 178.0, "rhythm.bpm_histogram_second_peak_spread": 0.0, "rhythm.bpm_histogram_second_peak_weight": 0.23529411852359772, "rhythm.danceability": 1.2552729845046997, "rhythm.onset_rate": 3.2847259044647217, "tonal.chords_changes_rate": 0.04307692125439644, "tonal.chords_number_rate": 0.01076923031359911, "tonal.chords_strength.mean": 0.4941587448120117, "tonal.chords_strength.stdev": 0.07584531605243683, "tonal.hpcp_crest.mean": 20.53536605834961, "tonal.hpcp_crest.stdev": 8.085208892822266, "tonal.hpcp_entropy.mean": 1.1307440996170044, "tonal.hpcp_entropy.stdev": 0.5850508809089661, "tonal.key_edma.strength": 0.6935080885887146, "tonal.key_krumhansl.strength": 0.7027286887168884, "tonal.key_temperley.strength": 0.7167783379554749, "tonal.tuning_diatonic_strength": 0.5351548194885254, "tonal.tuning_equal_tempered_deviation": 0.002588578499853611, "tonal.tuning_frequency": 440.0, "tonal.tuning_nontempered_energy_ratio": 0.5822550058364868, "lowlevel.barkbands.mean": [2.585243464636733e-06, 4.1633440559962764e-05, 6.752322951797396e-05, 1.5624958905391395e-05, 0.00015577266458421946, 0.0010217581875622272, 0.0014580426504835486, 0.002185766352340579, 0.002879266394302249, 0.0014578443951904774, 0.0033273198641836643, 0.0035934525076299906, 0.002049622591584921, 0.0006968558300286531, 0.0002693312126211822, 0.00010260655108140782, 4.6846656914567575e-05, 3.181599822710268e-05, 2.7316826162859797e-05, 4.87725374114234e-05, 4.1393930587219074e-05, 1.0552631465543527e-05, 3.7580080061161425e-06, 2.707588691919227e-06, 5.892017270525685e-06, 4.263448317942675e-06, 3.6054590424328126e-08], "lowlevel.barkbands.stdev": [1.0080239007947966e-05, 0.00012602080823853612, 0.0002738149487413466, 6.785856385249645e-05, 0.00042104924796149135, 0.002629604423418641, 0.0022873731795698404, 0.0032145949080586433, 0.004660702310502529, 0.003478794125840068, 0.007404536474496126, 0.010834460146725178, 0.0069496892392635345, 0.002701555145904422, 0.0009847130859270692, 0.000572210003156215, 0.00017633821698836982, 8.390571747440845e-05, 6.924404442543164e-05, 0.00011851670569740236, 7.572049798909575e-05, 3.035501686099451e-05, 2.0034531189594418e-05, 1.627413075766526e-05, 4.3372903746785596e-05, 2.9657330742338672e-05, 3.1847940817897324e-07], "lowlevel.erbbands.mean": [0.0006114823627285659, 0.012220767326653004, 0.07100509107112885, 0.06876471638679504, 0.13773390650749207, 0.6286922097206116, 5.552305698394775, 8.083123207092285, 16.971454620361328, 32.98695373535156, 61.51577377319336, 58.521873474121094, 40.55779266357422, 132.2665252685547, 99.19520568847656, 102.53321075439453, 103.04676818847656, 54.0798225402832, 14.28836441040039, 12.485025405883789, 4.4517388343811035, 3.028127908706665, 1.991092562675476, 1.446759581565857, 2.114123582839966, 1.7591677904129028, 1.5748387575149536, 1.522984266281128, 0.4871854782104492, 0.18500666320323944, 0.09028177708387375, 0.051206864416599274, 0.05494250729680061, 0.058582138270139694, 0.04385041072964668, 0.02210119366645813, 0.007127455901354551, 0.0007241646526381373, 2.4680122805875726e-05, 2.3847702323109843e-05], "lowlevel.erbbands.stdev": [0.0019446432124823332, 0.03803867846727371, 0.26552316546440125, 0.32564234733581543, 0.4649932086467743, 1.7611455917358398, 15.943875312805176, 23.434688568115234, 26.468996047973633, 59.87031173706055, 89.4573974609375, 92.01078033447266, 90.6008529663086, 284.2115478515625, 251.3946075439453, 266.7290344238281, 311.0844421386719, 157.78599548339844, 33.177940368652344, 37.89437484741211, 18.321033477783203, 11.719733238220215, 5.262381076812744, 4.5983805656433105, 5.169666767120361, 3.5772831439971924, 2.797585964202881, 2.9100265502929688, 1.12709641456604, 1.0622869729995728, 0.4574050009250641, 0.3036571741104126, 0.33755242824554443, 0.4246940612792969, 0.327117919921875, 0.15220122039318085, 0.050478946417570114, 0.005359480623155832, 0.00010078446939587593, 2.4845889129210263e-05], "lowlevel.gfcc.mean": [-161.13661193847656, 117.58444213867188, -175.9721221923828, -49.79720687866211, -81.65839385986328, -18.033140182495117, -10.536623001098633, 0.0020676981657743454, -17.83903694152832, 24.23404312133789, -15.256701469421387, -5.44223165512085, -2.1273372173309326], "lowlevel.melbands.mean": [8.504003744747024e-06, 2.9191345674917102e-05, 1.3330195542948786e-05, 2.1863497750018723e-05, 0.00015458240523003042, 0.00019675750809255987, 0.0002687388041522354, 0.0003924144839402288, 0.0005695521249435842, 0.0003451323718763888, 0.00018774053023662418, 0.0005062129348516464, 0.00033097152481786907, 0.00043697486398741603, 0.00017135885718744248, 0.00023750922991894186, 8.439403609372675e-05, 1.9513028746587224e-05, 2.7983282052446157e-05, 9.885584404401015e-06, 3.332556389068486e-06, 3.42224188898399e-06, 1.9541257643140852e-06, 1.2520069958554814e-06, 1.1466720479802461e-06, 1.1106942565675126e-06, 2.025904677793733e-06, 1.0031008059740998e-06, 8.687197237122746e-07, 1.1523462717377697e-06, 7.699210868850059e-07, 3.13180350985931e-07, 1.0935768557374104e-07, 9.428135427924644e-08, 5.528515245600829e-08, 3.498198708484779e-08, 3.024625527814351e-08, 3.9183291278277466e-08, 4.1860317878672504e-08, 5.2019636598288344e-08], "lowlevel.melbands.stdev": [2.456460424582474e-05, 0.00010245391604257748, 5.3315477998694405e-05, 6.13048323430121e-05, 0.00042089095222763717, 0.0004954966134391725, 0.000396444636862725, 0.0007018759497441351, 0.00091962656006217, 0.000557191960979253, 0.00048652495024725795, 0.001057910267263651, 0.0007092371815815568, 0.001475960249081254, 0.0005681610782630742, 0.0008884849376045167, 0.0003265357227064669, 5.268325548968278e-05, 0.00010677168756956235, 5.364689423004165e-05, 1.2668672752624843e-05, 1.4532735804095864e-05, 5.3679459597333334e-06, 3.5079478948318865e-06, 4.040988642373122e-06, 2.2464050744019914e-06, 6.5689764596754685e-06, 2.1296182239893824e-06, 1.5652709635105566e-06, 2.3287445856112754e-06, 1.6248900465143379e-06, 7.882842965045711e-07, 5.490067565006029e-07, 5.969095582258888e-07, 2.9947688062748057e-07, 1.883481814957122e-07, 2.0177279225208622e-07, 2.4980835178212146e-07, 2.747889027432393e-07, 4.0511625343242486e-07], "lowlevel.melbands128.mean": [1.3079830978313112e-06, 3.1876168122835224e-06, 9.23476636671694e-06, 2.268339812872e-05, 3.7433488614624366e-05, 3.0446861273958348e-05, 1.3799231965094805e-05, 6.813131676608464e-06, 1.3526377188100014e-05, 1.7188604033435695e-05, 2.7753005269914865e-05, 5.0595055654412135e-05, 0.00019909693219233304, 0.00028484759968705475, 0.00017478008521720767, 0.00011939653631998226, 0.0002696815354283899, 0.00025033135898411274, 0.000377498974557966, 0.0002911488991230726, 0.0005255481228232384, 0.00033607956720516086, 0.0006410033092834055, 0.0007910802960395813, 0.0002861680695787072, 0.0003057100984733552, 5.189937292016111e-05, 0.00016997160855680704, 0.00035154231591150165, 0.00011149188503623009, 0.0009315417846664786, 0.0006226252298802137, 4.604788409778848e-05, 0.00016160181257873774, 0.0008780131465755403, 0.00030947712366469204, 0.0001001221316982992, 0.0002459922689013183, 0.0001389161916449666, 0.0002528511977288872, 0.0003549770044628531, 1.1315964002278633e-05, 9.739332745084539e-05, 0.00012330444587860256, 1.9316008547320962e-05, 3.7930753933324013e-06, 4.1143894122797064e-06, 5.813115058117546e-05, 1.7443833712604828e-05, 3.943583578802645e-06, 1.5629153494955972e-05, 9.059065632754937e-06, 2.8832243970100535e-06, 1.6384034324801178e-06, 1.3786101362711634e-06, 5.934104592597578e-06, 2.3546895135950763e-06, 1.1187731843165238e-06, 2.391491307207616e-06, 2.6239904400426894e-06, 5.454808160720859e-07, 4.832415925193345e-07, 2.114232984240516e-06, 7.791397820255952e-07, 8.091564609458146e-07, 1.1312565675325459e-06, 8.085712011052237e-07, 2.811865670082625e-06, 2.334041937501752e-06, 9.7890574579651e-07, 4.235254493778484e-07, 1.908987087517744e-06, 6.398742584678985e-07, 4.170941849679366e-07, 1.270245888917998e-06, 1.2985053672309732e-06, 1.0520577689021593e-06, 1.111569645217969e-06, 7.688022947149875e-07, 3.5371724038668617e-07, 4.2978376768587623e-07, 2.3854136088630185e-07, 1.0693153029706082e-07, 1.0503801206596108e-07, 1.1686532985777376e-07, 9.054110705619678e-08, 9.367771269808145e-08, 8.287452857302924e-08, 5.111161271997844e-08, 3.5355629535160915e-08, 4.4651663699823985e-08, 3.328870334939893e-08, 2.1719799292441166e-08, 2.611319338541307e-08, 3.7874105629498445e-08, 4.468265046853048e-08, 4.0988023641830296e-08, 2.8299895760142135e-08, 3.8874315322345865e-08, 5.227125399187571e-08, 4.504924433490487e-08, 5.0703572895827165e-08, 5.997156193870978e-08, 6.594699186734942e-08, 4.505353246031518e-08, 4.82495394749094e-08, 3.472959875239212e-08, 3.957867633630485e-08, 4.483358395646064e-08, 3.1754638030179194e-08, 3.3518318787173484e-08, 3.2929388993352404e-08, 1.8961186398769314e-08, 1.533496707395443e-08, 1.3387479569360039e-08, 8.251564764805153e-09, 1.6971162253298644e-09, 3.2623497653316846e-11, 4.944218645608345e-12, 4.730461682089793e-12, 4.4641252500143835e-12, 4.277919598422164e-12, 4.2460189010606886e-12, 4.136249502628697e-12, 3.786665425664637e-12, 3.2155929394900307e-12, 2.903378275645463e-12, 2.8468945950654856e-12], "lowlevel.melbands128.stdev": [5.249217338132439e-06, 1.2525152669695672e-05, 3.144823494949378e-05, 7.657201786059886e-05, 0.000140390417072922, 0.00013648303865920752, 7.618220115546137e-05, 2.568010677350685e-05, 5.9857076848857105e-05, 5.2490420785034075e-05, 0.00011133299994980916, 0.00017540296539664268, 0.0006229063728824258, 0.000875684607308358, 0.0008017861982807517, 0.00041472463635727763, 0.0006627787952311337, 0.0003732182667590678, 0.0007910807034932077, 0.0007659878465346992, 0.0010034632869064808, 0.0006718733347952366, 0.0012569146929308772, 0.0016733505763113499, 0.0005903898272663355, 0.0007317802519537508, 0.0002442921104375273, 0.0005974592640995979, 0.0011553517542779446, 0.00025619627558626235, 0.002241795649752021, 0.0015251616714522243, 0.0001940601214300841, 0.0006161658675409853, 0.0033528520725667477, 0.001100817578844726, 0.00038692241651006043, 0.0011211209930479527, 0.0008761127246543765, 0.0009229279821738601, 0.00148612295743078, 4.9791189667303115e-05, 0.00040611953590996563, 0.0005385643453337252, 8.753875590628013e-05, 1.1440568414400332e-05, 1.3798240615869872e-05, 0.00023328102543018758, 6.648607813986018e-05, 2.0984622096875682e-05, 0.00010611653124215081, 5.595535913016647e-05, 1.2072874596924521e-05, 7.514478056691587e-06, 6.491494787042029e-06, 2.954739647975657e-05, 1.0952381671813782e-05, 4.992689355276525e-06, 7.78869889472844e-06, 8.166255611286033e-06, 3.5631439914141083e-06, 1.6663324231558363e-06, 1.0100423423864413e-05, 2.429100049994304e-06, 2.0418985968717607e-06, 3.0380936095752986e-06, 2.1616633603116497e-06, 9.784657777345274e-06, 8.857270586304367e-06, 3.245028437959263e-06, 1.0611446441544103e-06, 5.4878050832485314e-06, 1.6471572052978445e-06, 1.0521021067688707e-06, 2.892061957027181e-06, 3.1476513413508656e-06, 3.577288453016081e-06, 2.4968396701297024e-06, 2.123812464560615e-06, 1.1041651077903225e-06, 1.2252650094524142e-06, 6.693650789202366e-07, 3.814203068941424e-07, 5.169363817003614e-07, 1.0425297887195484e-06, 6.249746888897789e-07, 5.648753358400427e-07, 5.760248882324959e-07, 2.730733399403107e-07, 1.7787047568162961e-07, 2.585600213933503e-07, 1.8933373269192089e-07, 1.3381452390603954e-07, 2.2615901684730488e-07, 2.61461906347904e-07, 3.181282579589606e-07, 2.662800397956744e-07, 1.865502810005637e-07, 2.40617310964808e-07, 3.936323480502324e-07, 3.5308380574861076e-07, 3.5974107959191315e-07, 6.419014084713126e-07, 6.255460220927489e-07, 2.947967345789948e-07, 3.339459340168105e-07, 2.2185626846749074e-07, 3.079934174365917e-07, 3.568044633084355e-07, 1.6349953568806086e-07, 2.806595489346364e-07, 2.620268162445427e-07, 1.338789843430277e-07, 1.0715987741605204e-07, 1.079296012562736e-07, 7.306913829552286e-08, 1.3062752657333476e-08, 3.7837788458006116e-10, 1.3422316209876772e-11, 1.185382781515587e-11, 8.233443440919253e-12, 6.6558542531625076e-12, 6.525961628728316e-12, 6.4079796156801816e-12, 6.314673176716079e-12, 6.237743394726936e-12, 6.1794167872941674e-12, 6.1456005215343446e-12], "lowlevel.mfcc.mean": [-809.1123046875, 176.97972106933594, -56.0782470703125, -17.507354736328125, -61.451332092285156, -17.140216827392578, -4.823054313659668, -25.866384506225586, 12.068283081054688, -4.1195244789123535, 10.825438499450684, 6.0738654136657715, 4.917113304138184], "lowlevel.spectral_contrast_coeffs.mean": [-0.6959739327430725, -0.6238924860954285, -0.6337958574295044, -0.7226303815841675, -0.78725665807724, -0.696537971496582], "lowlevel.spectral_contrast_coeffs.stdev": [0.12823469936847687, 0.07141689956188202, 0.09773244708776474, 0.08934923261404037, 0.055927276611328125, 0.08679602295160294], "lowlevel.spectral_contrast_valleys.mean": [-9.523804664611816, -7.501989841461182, -8.500033378601074, -9.186010360717773, -9.608332633972168, -13.423301696777344], "lowlevel.spectral_contrast_valleys.stdev": [1.1705430746078491, 0.8926745653152466, 1.0739580392837524, 1.0298230648040771, 1.2001540660858154, 1.2365071773529053], "rhythm.beats_loudness_band_ratio.mean": [0.010598305612802505, 0.07753504067659378, 0.3727070093154907, 0.5200508236885071, 0.030323145911097527, 0.007614630740135908], "rhythm.beats_loudness_band_ratio.stdev": [0.021248381584882736, 0.11321697384119034, 0.23619893193244934, 0.26942530274391174, 0.06659244000911713, 0.015261979773640633], "tonal.hpcp.mean": [0.0019348161295056343, 0.0025508664548397064, 0.13599614799022675, 0.2720630168914795, 0.14114731550216675, 0.006115945987403393, 0.0038410916458815336, 0.0028212929610162973, 0.08035624772310257, 0.16714884340763092, 0.09110233932733536, 0.13754728436470032, 0.2642742097377777, 0.13061709702014923, 0.013173562474548817, 0.019966332241892815, 0.012611927464604378, 0.18640868365764618, 0.3956654369831085, 0.21901053190231323, 0.030102014541625977, 0.04583809897303581, 0.023783376440405846, 0.11876657605171204, 0.22548013925552368, 0.11157714575529099, 0.005245530977845192, 0.00395182752981782, 0.002099433448165655, 0.047223590314388275, 0.09171956032514572, 0.05007123947143555, 0.09393909573554993, 0.17099764943122864, 0.08386155217885971, 0.003657537279650569], "tonal.hpcp.stdev": [0.006370749790221453, 0.01427129004150629, 0.1832313984632492, 0.3557490408420563, 0.19442303478717804, 0.04281426593661308, 0.017086131498217583, 0.016283579170703888, 0.15281467139720917, 0.2995290756225586, 0.16831429302692413, 0.211162731051445, 0.39645910263061523, 0.20214995741844177, 0.06962522864341736, 0.10938986390829086, 0.06309645622968674, 0.22023476660251617, 0.4333677589893341, 0.2530570328235626, 0.115262970328331, 0.195399209856987, 0.0979526937007904, 0.193587064743042, 0.3444129228591919, 0.17776110768318176, 0.05056848004460335, 0.0405297577381134, 0.01195991225540638, 0.129065603017807, 0.2480521947145462, 0.136574387550354, 0.17807790637016296, 0.31694257259368896, 0.16543693840503693, 0.03094933182001114], "rhythm.beats_position": [0.30185940861701965, 0.6153287887573242, 0.952018141746521, 1.277097463607788, 1.6253968477249146, 1.9736961126327515, 2.321995496749878, 2.670294761657715, 3.0185940265655518, 3.3668932914733887, 3.7151927947998047, 4.0634918212890625, 4.4117913246154785, 4.748480796813965, 5.085169792175293, 5.433469295501709, 5.781768798828125, 6.130067825317383, 6.466757297515869, 6.826666355133057, 7.174965858459473, 7.511655330657959, 7.848344326019287, 8.196643829345703, 8.544942855834961, 8.893242835998535, 9.241541862487793, 9.58984088897705, 9.938140869140625, 10.286439895629883, 10.623128890991211, 10.971427917480469, 11.308117866516113, 11.656416893005371, 12.016325950622559, 12.376235961914062, 12.72453498840332, 13.072834014892578, 13.409523963928223, 13.74621295928955, 14.094511985778809, 14.431201934814453, 14.779500961303711, 15.127799987792969, 15.464489936828613, 15.812788963317871, 16.161088943481445, 16.509387969970703, 16.85768699645996, 17.20598602294922, 17.542675018310547, 17.879364013671875, 18.227664947509766, 18.575963973999023, 18.92426300048828, 19.27256202697754, 19.620861053466797, 19.969160079956055, 20.317459106445312, 20.654150009155273, 21.00244903564453, 21.33913803100586, 21.687437057495117, 22.035736083984375, 22.384035110473633, 22.732336044311523, 23.08063507080078, 23.42893409729004, 23.765623092651367, 24.102312088012695, 24.450611114501953, 24.798912048339844, 25.1472110748291, 25.49551010131836, 25.843809127807617, 26.192108154296875, 26.540407180786133, 26.88870620727539, 27.23700714111328, 27.58530616760254, 27.921995162963867, 28.258684158325195, 28.606983184814453, 28.96689224243164, 29.326801300048828, 29.68671226501465], "rhythm.bpm_histogram": [0.0, 0.0, 0.0, 0.0, 0.0, 0.0, 0.0, 0.0, 0.0, 0.0, 0.0, 0.0, 0.0, 0.0, 0.0, 0.0, 0.0, 0.0, 0.0, 0.0, 0.0, 0.0, 0.0, 0.0, 0.0, 0.0, 0.0, 0.0, 0.0, 0.0, 0.0, 0.0, 0.0, 0.0, 0.0, 0.0, 0.0, 0.0, 0.0, 0.0, 0.0, 0.0, 0.0, 0.0, 0.0, 0.0, 0.0, 0.0, 0.0, 0.0, 0.0, 0.0, 0.0, 0.0, 0.0, 0.0, 0.0, 0.0, 0.0, 0.0, 0.0, 0.0, 0.0, 0.0, 0.0, 0.0, 0.0, 0.0, 0.0, 0.0, 0.0, 0.0, 0.0, 0.0, 0.0, 0.0, 0.0, 0.0, 0.0, 0.0, 0.0, 0.0, 0.0, 0.0, 0.0, 0.0, 0.0, 0.0, 0.0, 0.0, 0.0, 0.0, 0.0, 0.0, 0.0, 0.0, 0.0, 0.0, 0.0, 0.0, 0.0, 0.0, 0.0, 0.0, 0.0, 0.0, 0.0, 0.0, 0.0, 0.0, 0.0, 0.0, 0.0, 0.0, 0.0, 0.0, 0.0, 0.0, 0.0, 0.0, 0.0, 0.0, 0.0, 0.0, 0.0, 0.0, 0.0, 0.0, 0.0, 0.0, 0.0, 0.0, 0.0, 0.0, 0.0, 0.0, 0.0, 0.0, 0.0, 0.0, 0.0, 0.0, 0.0, 0.0, 0.0, 0.0, 0.0, 0.0, 0.0, 0.0, 0.0, 0.0, 0.0, 0.0, 0.0, 0.0, 0.0, 0.0, 0.0, 0.0, 0.0, 0.0, 0.0, 0.0, 0.0, 0.0, 0.0, 0.07058823853731155, 0.0, 0.0, 0.0, 0.0, 0.6705882549285889, 0.0, 0.0, 0.0, 0.0, 0.0, 0.23529411852359772, 0.0, 0.0, 0.0, 0.0, 0.0, 0.0, 0.0117647061124444, 0.0, 0.0, 0.0, 0.0, 0.0, 0.0117647061124444, 0.0, 0.0, 0.0, 0.0, 0.0, 0.0, 0.0, 0.0, 0.0, 0.0, 0.0, 0.0, 0.0, 0.0, 0.0, 0.0, 0.0, 0.0, 0.0, 0.0, 0.0, 0.0, 0.0, 0.0, 0.0, 0.0, 0.0, 0.0, 0.0, 0.0, 0.0, 0.0, 0.0, 0.0, 0.0, 0.0, 0.0, 0.0, 0.0, 0.0, 0.0, 0.0, 0.0, 0.0, 0.0, 0.0, 0.0, 0.0, 0.0, 0.0, 0.0, 0.0, 0.0, 0.0, 0.0, 0.0, 0.0, 0.0], "tonal.chords_histogram": [29.69230842590332, 3.076923131942749, 20.153846740722656, 0.0, 0.0, 0.0, 0.0, 0.0, 2.461538553237915, 0.0, 0.0, 0.0, 0.0, 0.0, 0.0, 0.4615384638309479, 0.0, 0.0, 0.0, 12.461538314819336, 0.0, 28.769229888916016, 2.923076868057251, 0.0], "tonal.thpcp": [1.0, 0.5535245537757874, 0.07607946544885635, 0.11585064977407455, 0.06010981649160385, 0.3001691997051239, 0.5698757767677307, 0.28199872374534607, 0.013257491402328014, 0.009987800382077694, 0.005306082312017679, 0.119352325797081, 0.23181089758872986, 0.12654943764209747, 0.23742052912712097, 0.4321773648262024, 0.2119506597518921, 0.00924401544034481, 0.004890030715614557, 0.006447028834372759, 0.34371501207351685, 0.6876087784767151, 0.3567340075969696, 0.015457367524504662, 0.009707928635179996, 0.007130501326173544, 0.20309139788150787, 0.4224499464035034, 0.23025093972682953, 0.34763532876968384, 0.6679233908653259, 0.3301200568675995, 0.03329470008611679, 0.05046266317367554, 0.03187523037195206, 0.4711270332336426], "lowlevel.gfcc.cov": [[8960.578125, -606.3659057617188, -797.2782592773438, 1059.1563720703125, 67.17558288574219, -58.38949966430664, 369.29669189453125, -145.2084503173828, -1053.5191650390625, 172.39053344726562, -312.68218994140625, 552.327880859375, 404.957275390625], [-606.3659057617188, 2766.722412109375, 77.54660034179688, -202.68707275390625, 788.4296875, -124.01941680908203, 446.0664367675781, -445.243408203125, 190.41563415527344, -187.6058807373047, 167.79006958007812, -278.6046142578125, 212.9776611328125], [-797.2782592773438, 77.54660034179688, 1251.163330078125, 157.97691345214844, -265.5844421386719, 170.38548278808594, -352.696533203125, 216.36546325683594, 100.01498413085938, -108.38235473632812, 28.680219650268555, -54.62224197387695, -152.63665771484375], [1059.1563720703125, -202.68707275390625, 157.97691345214844, 682.0311279296875, 28.495220184326172, -17.766965866088867, -48.14173889160156, 98.65827178955078, -185.85330200195312, -110.44239807128906, -12.186447143554688, 88.4768295288086, -29.005098342895508], [67.17558288574219, 788.4296875, -265.5844421386719, 28.495220184326172, 661.8065795898438, 167.477783203125, 287.58758544921875, -195.25794982910156, 71.93920135498047, 0.037225425243377686, 74.66726684570312, -100.95712280273438, -27.263973236083984], [-58.38949966430664, -124.01941680908203, 170.38548278808594, -17.766965866088867, 167.477783203125, 695.5776977539062, 155.2345733642578, -47.228816986083984, 190.55050659179688, 79.02078247070312, 72.73278045654297, -153.76901245117188, -165.25473022460938], [369.29669189453125, 446.0664367675781, -352.696533203125, -48.14173889160156, 287.58758544921875, 155.2345733642578, 576.2099609375, -30.499711990356445, 15.096333503723145, 46.0067138671875, 15.7650785446167, -36.546016693115234, 38.97516632080078], [-145.2084503173828, -445.243408203125, 216.36546325683594, 98.65827178955078, -195.25794982910156, -47.228816986083984, -30.499711990356445, 464.9440002441406, 23.796716690063477, -73.26093292236328, -69.64134979248047, 71.45223236083984, -65.38963317871094], [-1053.5191650390625, 190.41563415527344, 100.01498413085938, -185.85330200195312, 71.93920135498047, 190.55050659179688, 15.096333503723145, 23.796716690063477, 405.2900085449219, 7.2776265144348145, 44.11502456665039, -152.97640991210938, -84.59931945800781], [172.39053344726562, -187.6058807373047, -108.38235473632812, -110.44239807128906, 0.037225425243377686, 79.02078247070312, 46.0067138671875, -73.26093292236328, 7.2776265144348145, 301.4976806640625, -2.0189645290374756, -11.18918228149414, 3.911363363265991], [-312.68218994140625, 167.79006958007812, 28.680219650268555, -12.186447143554688, 74.66726684570312, 72.73278045654297, 15.7650785446167, -69.64134979248047, 44.11502456665039, -2.0189645290374756, 256.7643127441406, -58.705814361572266, -101.1798095703125], [552.327880859375, -278.6046142578125, -54.62224197387695, 88.4768295288086, -100.95712280273438, -153.76901245117188, -36.546016693115234, 71.45223236083984, -152.97640991210938, -11.18918228149414, -58.705814361572266, 255.23822021484375, 76.38713073730469], [404.957275390625, 212.9776611328125, -152.63665771484375, -29.005098342895508, -27.263973236083984, -165.25473022460938, 38.97516632080078, -65.38963317871094, -84.59931945800781, 3.911363363265991, -101.1798095703125, 76.38713073730469, 294.16131591796875]], "lowlevel.gfcc.icov": [[0.0002462195116095245, -0.0001581614778842777, 0.00024536752607673407, -0.00036023787106387317, 0.0002029722381848842, -0.00034096636227332056, 5.6336877605644986e-05, -4.511890438152477e-05, 0.00047464051749557257, -0.00023388041881844401, 0.00021650704729836434, -0.00029917454230599105, -3.110681791440584e-05], [-0.0001581614778842777, 0.0022199673112481833, -0.0018147866940125823, 0.0008037572843022645, -0.0023048792500048876, 0.0020327651873230934, -0.0018161324551329017, 0.0014915511710569263, -0.0009039290598593652, 0.0013169118901714683, -0.000966170453466475, 0.0015558929881080985, -0.0017652716487646103], [0.00024536752607673407, -0.0018147866940125823, 0.0028421753086149693, -0.001034379587508738, 0.002177873393520713, -0.0022644384298473597, 0.0022017895244061947, -0.0016478887991979718, 0.0008354538585990667, -0.0008428422152064741, 0.0006980557227507234, -0.00106238282751292, 0.001388078206218779], [-0.00036023787106387317, 0.0008037572843022645, -0.001034379587508738, 0.0027449610643088818, -0.0014002153184264898, 0.0007354921544902027, -0.00033329694997519255, 1.0640486607371713e-06, 0.00028651198954321444, 0.0012103054905310273, -0.0005289556575007737, 0.0005098418332636356, -0.00027229954139329493], [0.0002029722381848842, -0.0023048792500048876, 0.002177873393520713, -0.0014002153184264898, 0.004999316297471523, -0.0022609455045312643, 0.0007686291355639696, -0.0004695904499385506, 0.0004690876812674105, -0.0010033744620159268, 0.0009186172392219305, -0.0013518795603886247, 0.0021835940424352884], [-0.00034096636227332056, 0.0020327651873230934, -0.0022644384298473597, 0.0007354921544902027, -0.0022609455045312643, 0.004420505836606026, -0.002475243993103504, 0.0017964427825063467, -0.0019139372743666172, 0.0006905726040713489, -0.0008058133535087109, 0.001961104804649949, -0.0004497709160204977], [5.6336877605644986e-05, -0.0018161324551329017, 0.0022017895244061947, -0.00033329694997519255, 0.0007686291355639696, -0.002475243993103504, 0.0045392788015306, -0.0022413376718759537, 0.0010438610333949327, -0.0011471023317426443, 0.0004315835831221193, -0.0009433585219085217, 0.0006368733011186123], [-4.511890438152477e-05, 0.0014915511710569263, -0.0016478887991979718, 1.0640486607371713e-06, -0.0004695904499385506, 0.0017964427825063467, -0.0022413376718759537, 0.004557260777801275, -0.0014219065196812153, 0.0013737942790612578, 0.00045569916255772114, -5.886034341529012e-05, 0.0001477647019783035], [0.00047464051749557257, -0.0009039290598593652, 0.0008354538585990667, 0.00028651198954321444, 0.0004690876812674105, -0.0019139372743666172, 0.0010438610333949327, -0.0014219065196812153, 0.005245103966444731, -0.0005337812472134829, 0.0004938307101838291, 0.0007387741352431476, 0.00047025573439896107], [-0.00023388041881844401, 0.0013169118901714683, -0.0008428422152064741, 0.0012103054905310273, -0.0010033744620159268, 0.0006905726040713489, -0.0011471023317426443, 0.0013737942790612578, -0.0005337812472134829, 0.004789446014910936, -0.0004428346292115748, 0.0008368112030439079, -0.0007839859463274479], [0.00021650704729836434, -0.000966170453466475, 0.0006980557227507234, -0.0005289556575007737, 0.0009186172392219305, -0.0008058133535087109, 0.0004315835831221193, 0.00045569916255772114, 0.0004938307101838291, -0.0004428346292115748, 0.005542517639696598, -0.0006048791692592204, 0.002599479863420129], [-0.00029917454230599105, 0.0015558929881080985, -0.00106238282751292, 0.0005098418332636356, -0.0013518795603886247, 0.001961104804649949, -0.0009433585219085217, -5.886034341529012e-05, 0.0007387741352431476, 0.0008368112030439079, -0.0006048791692592204, 0.007338471710681915, -0.002039645565673709], [-3.110681791440584e-05, -0.0017652716487646103, 0.001388078206218779, -0.00027229954139329493, 0.0021835940424352884, -0.0004497709160204977, 0.0006368733011186123, 0.0001477647019783035, 0.00047025573439896107, -0.0007839859463274479, 0.002599479863420129, -0.002039645565673709, 0.006881421431899071]], "lowlevel.mfcc.cov": [[8633.7451171875, -395.23870849609375, -1479.1734619140625, 1351.3172607421875, -645.031982421875, 404.1647644042969, 668.42529296875, -159.43914794921875, 210.57974243164062, -782.4634399414062, -463.3769226074219, -430.3359069824219, -4.836598873138428], [-395.23870849609375, 2601.815185546875, -411.72308349609375, 206.49923706054688, 51.20742416381836, 280.8894348144531, 297.55938720703125, -190.23410034179688, 258.1874694824219, -133.5890350341797, 4.640418529510498, -1.6768691539764404, -78.36727142333984], [-1479.1734619140625, -411.72308349609375, 1663.1766357421875, -317.0869140625, 436.08709716796875, -154.9611053466797, -353.52764892578125, 187.95864868164062, -268.15032958984375, 282.8563232421875, 92.7879867553711, 22.481170654296875, -18.558610916137695], [1351.3172607421875, 206.49923706054688, -317.0869140625, 870.8386840820312, -82.92994689941406, -129.7019500732422, 159.5716552734375, 18.927921295166016, -14.405160903930664, -294.30126953125, -105.0556640625, -126.6900634765625, -28.239839553833008], [-645.031982421875, 51.20742416381836, 436.08709716796875, -82.92994689941406, 536.6937866210938, 103.1995620727539, -89.82890319824219, 133.26319885253906, -145.07061767578125, 163.68478393554688, 59.48924255371094, 49.95634460449219, -6.308510780334473], [404.1647644042969, 280.8894348144531, -154.9611053466797, -129.7019500732422, 103.1995620727539, 650.3112182617188, 236.30792236328125, -58.77915573120117, 89.98463439941406, 93.1635971069336, 45.187034606933594, 73.75454711914062, 63.17346954345703], [668.42529296875, 297.55938720703125, -353.52764892578125, 159.5716552734375, -89.82890319824219, 236.30792236328125, 498.1876525878906, 31.58445167541504, 106.13488006591797, -39.843021392822266, 47.04179382324219, 77.8418960571289, 35.12364959716797], [-159.43914794921875, -190.23410034179688, 187.95864868164062, 18.927921295166016, 133.26319885253906, -58.77915573120117, 31.58445167541504, 439.27850341796875, 3.101112127304077, 98.82652282714844, 1.3923641443252563, 71.32118225097656, 53.45382308959961], [210.57974243164062, 258.1874694824219, -268.15032958984375, -14.405160903930664, -145.07061767578125, 89.98463439941406, 106.13488006591797, 3.101112127304077, 448.2181091308594, 32.18830108642578, -74.15962982177734, -35.758384704589844, 58.47780227661133], [-782.4634399414062, -133.5890350341797, 282.8563232421875, -294.30126953125, 163.68478393554688, 93.1635971069336, -39.843021392822266, 98.82652282714844, 32.18830108642578, 350.78302001953125, 122.06710052490234, 86.9004898071289, 7.851523399353027], [-463.3769226074219, 4.640418529510498, 92.7879867553711, -105.0556640625, 59.48924255371094, 45.187034606933594, 47.04179382324219, 1.3923641443252563, -74.15962982177734, 122.06710052490234, 311.4141845703125, 140.70347595214844, -42.45610046386719], [-430.3359069824219, -1.6768691539764404, 22.481170654296875, -126.6900634765625, 49.95634460449219, 73.75454711914062, 77.8418960571289, 71.32118225097656, -35.758384704589844, 86.9004898071289, 140.70347595214844, 250.3297576904297, 51.51211166381836], [-4.836598873138428, -78.36727142333984, -18.558610916137695, -28.239839553833008, -6.308510780334473, 63.17346954345703, 35.12364959716797, 53.45382308959961, 58.47780227661133, 7.851523399353027, -42.45610046386719, 51.51211166381836, 250.8477020263672]], "lowlevel.mfcc.icov": [[0.0002476608206052333, 0.00012930466618854553, 6.246543489396572e-05, -0.00026038955547846854, 0.00011988641927018762, -0.00029306995566003025, -0.0001466839894419536, -4.288600030122325e-05, -2.3697932192590088e-05, 0.00025568431010469794, 9.893765673041344e-05, 0.00024292193120345473, 9.135992877418175e-05], [0.00012930466618854553, 0.0005763557855971158, 5.072630665381439e-05, -0.0001813271373976022, -0.000270674005150795, -0.00022223585983738303, -0.00027854350628331304, 0.00022450282995123416, -0.0004155797651037574, 0.0004362021863926202, 1.8563475805422058e-06, 5.328529368853197e-07, 0.0002896461810451001], [6.246543489396572e-05, 5.072630665381439e-05, 0.001045682467520237, 0.00010328515782020986, -0.0004862866480834782, 0.00013684200530406088, 0.00030551617965102196, -0.00022064827498979867, 0.0003700393717736006, -0.0003999479522462934, -8.211506792576984e-05, 0.0003481898456811905, -9.555389260640368e-05], [-0.00026038955547846854, -0.0001813271373976022, 0.00010328515782020986, 0.0022888616658747196, -0.0005609606741927564, 0.0007781603490002453, -0.0006456514820456505, -0.0003655160835478455, 0.00010736833064584062, 0.0012057969579473138, -0.00031877451692707837, 0.0006833574152551591, -9.519223385723308e-05], [0.00011988641927018762, -0.000270674005150795, -0.0004862866480834782, -0.0005609606741927564, 0.0034874496050179005, -0.0010795291746035218, 0.0006778938695788383, -0.0008616176783107221, 0.0010913304286077619, -0.0011226908536627889, 0.0002329590352019295, 1.8392551282886416e-05, 8.326089300680906e-05], [-0.00029306995566003025, -0.00022223585983738303, 0.00013684200530406088, 0.0007781603490002453, -0.0010795291746035218, 0.002893054625019431, -0.0011829679133370519, 0.0007917730836197734, -0.00016647274605929852, -0.000733568740542978, 4.596092912834138e-05, -0.0002884143032133579, -0.000607395195402205], [-0.0001466839894419536, -0.00027854350628331304, 0.00030551617965102196, -0.0006456514820456505, 0.0006778938695788383, -0.0011829679133370519, 0.0037751332856714725, -0.000714191934093833, -0.00020683791080955416, -0.00011398136120988056, -0.0006036994163878262, -0.0010067865950986743, -4.5013086491962895e-05], [-4.288600030122325e-05, 0.00022450282995123416, -0.00022064827498979867, -0.0003655160835478455, -0.0008616176783107221, 0.0007917730836197734, -0.000714191934093833, 0.003309680847451091, -0.0004036674799863249, -0.0008947280584834516, 0.0007242603460326791, -0.001103106769733131, -0.0003432849480304867], [-2.3697932192590088e-05, -0.0004155797651037574, 0.0003700393717736006, 0.00010736833064584062, 0.0010913304286077619, -0.00016647274605929852, -0.00020683791080955416, -0.0004036674799863249, 0.003534341463819146, -0.0015533041441813111, 0.0007608409505337477, 0.0007500996580347419, -0.0007070456631481647], [0.00025568431010469794, 0.0004362021863926202, -0.0003999479522462934, 0.0012057969579473138, -0.0011226908536627889, -0.000733568740542978, -0.00011398136120988056, -0.0008947280584834516, -0.0015533041441813111, 0.006565090734511614, -0.001734844408929348, 0.00020456894708331674, 0.0004314755497034639], [9.893765673041344e-05, 1.8563475805422058e-06, -8.211506792576984e-05, -0.00031877451692707837, 0.0002329590352019295, 4.596092912834138e-05, -0.0006036994163878262, 0.0007242603460326791, 0.0007608409505337477, -0.001734844408929348, 0.005593007896095514, -0.002757600275799632, 0.0012748359004035592], [0.00024292193120345473, 5.328529368853197e-07, 0.0003481898456811905, 0.0006833574152551591, 1.8392551282886416e-05, -0.0002884143032133579, -0.0010067865950986743, -0.001103106769733131, 0.0007500996580347419, 0.00020456894708331674, -0.002757600275799632, 0.007351095322519541, -0.0016008829697966576], [9.135992877418175e-05, 0.0002896461810451001, -9.555389260640368e-05, -9.519223385723308e-05, 8.326089300680906e-05, -0.000607395195402205, -4.5013086491962895e-05, -0.0003432849480304867, -0.0007070456631481647, 0.0004314755497034639, 0.0012748359004035592, -0.0016008829697966576, 0.004991294350475073]], "metadata.audio_properties.analysis.downmix": "mix", "metadata.audio_properties.codec": "mp3"