{"song_id": "1182271834700390410", "download": "https://cdn.discordapp.com/attachments/1128313332273782784/1182271834700390410/chirp.mp4?ex=65841772&amp", "lyrics": "[Verse 1]\nIvan ist der Mann, der reich ist, was f\u00fcr ein Gl\u00fcck\nMit seiner Couch f\u00fcr 10 tausend Euro, das ist f\u00fcr ihn ein St\u00fcck\nEin Haus mit Pool, ein Mercedes E-Klasse V8\nEr lebt ein Leben in Luxus, er hat auf sich acht\n\n[Chorus]\nIvan, der reiche Mann, er hat alles, was er will\nMit seiner Couch, seinem Haus und dem teuren Autospiel\nEr sagt oft \"bljad\" und trinkt Jacky-Dosen ohne Ende\nIvan, der reiche Mann, lebt das Leben in Vollst\u00e4nde", "style": ["Comedy"], "essentia_features": {"lowlevel.average_loudness": 0.922138512134552, "lowlevel.barkbands_crest.mean": 14.354374885559082, "lowlevel.barkbands_crest.stdev": 5.412661075592041, "lowlevel.barkbands_flatness_db.mean": 0.2661818861961365, "lowlevel.barkbands_flatness_db.stdev": 0.159488245844841, "lowlevel.barkbands_kurtosis.mean": 21.594696044921875, "lowlevel.barkbands_kurtosis.stdev": 45.89082336425781, "lowlevel.barkbands_skewness.mean": 2.987102508544922, "lowlevel.barkbands_skewness.stdev": 2.373786211013794, "lowlevel.barkbands_spread.mean": 16.718671798706055, "lowlevel.barkbands_spread.stdev": 21.198997497558594, "lowlevel.dissonance.mean": 0.43665650486946106, "lowlevel.dissonance.stdev": 0.059625010937452316, "lowlevel.dynamic_complexity": 2.9298746585845947, "lowlevel.erbbands_crest.mean": 9.486322402954102, "lowlevel.erbbands_crest.stdev": 4.573723793029785, "lowlevel.erbbands_flatness_db.mean": 0.18240156769752502, "lowlevel.erbbands_flatness_db.stdev": 0.1048094779253006, "lowlevel.erbbands_kurtosis.mean": 2.525191068649292, "lowlevel.erbbands_kurtosis.stdev": 4.9461750984191895, "lowlevel.erbbands_skewness.mean": 0.6388149261474609, "lowlevel.erbbands_skewness.stdev": 1.3134416341781616, "lowlevel.erbbands_spread.mean": 43.25711441040039, "lowlevel.erbbands_spread.stdev": 30.69146156311035, "lowlevel.hfc.mean": 21.484481811523438, "lowlevel.hfc.stdev": 26.81563377380371, "lowlevel.loudness_ebu128.integrated": -16.907419204711914, "lowlevel.loudness_ebu128.loudness_range": 5.533660888671875, "lowlevel.loudness_ebu128.momentary.mean": -17.57683753967285, "lowlevel.loudness_ebu128.momentary.stdev": 2.649595022201538, "lowlevel.loudness_ebu128.short_term.mean": -17.141075134277344, "lowlevel.loudness_ebu128.short_term.stdev": 1.9411721229553223, "lowlevel.melbands_crest.mean": 21.700401306152344, "lowlevel.melbands_crest.stdev": 7.75806188583374, "lowlevel.melbands_flatness_db.mean": 0.36184272170066833, "lowlevel.melbands_flatness_db.stdev": 0.19749628007411957, "lowlevel.melbands_kurtosis.mean": 53.20388412475586, "lowlevel.melbands_kurtosis.stdev": 88.41326904296875, "lowlevel.melbands_skewness.mean": 4.718794822692871, "lowlevel.melbands_skewness.stdev": 3.368300437927246, "lowlevel.melbands_spread.mean": 13.912768363952637, "lowlevel.melbands_spread.stdev": 25.953041076660156, "lowlevel.pitch_salience.mean": 0.4414363503456116, "lowlevel.pitch_salience.stdev": 0.1704917699098587, "lowlevel.silence_rate_20dB.mean": 1.0, "lowlevel.silence_rate_20dB.stdev": 0.0, "lowlevel.silence_rate_30dB.mean": 0.8503155708312988, "lowlevel.silence_rate_30dB.stdev": 0.35676148533821106, "lowlevel.silence_rate_60dB.mean": 0.04688908904790878, "lowlevel.silence_rate_60dB.stdev": 0.21139869093894958, "lowlevel.spectral_centroid.mean": 1049.4998779296875, "lowlevel.spectral_centroid.stdev": 1047.6446533203125, "lowlevel.spectral_complexity.mean": 12.3426513671875, "lowlevel.spectral_complexity.stdev": 10.789304733276367, "lowlevel.spectral_decrease.mean": -1.4545723736603122e-08, "lowlevel.spectral_decrease.stdev": 1.358956147612389e-08, "lowlevel.spectral_energy.mean": 0.05684757977724075, "lowlevel.spectral_energy.stdev": 0.05199982970952988, "lowlevel.spectral_energyband_high.mean": 0.0013802266912534833, "lowlevel.spectral_energyband_high.stdev": 0.002571863355115056, "lowlevel.spectral_energyband_low.mean": 0.04149894416332245, "lowlevel.spectral_energyband_low.stdev": 0.04828738793730736, "lowlevel.spectral_energyband_middle_high.mean": 0.0025754219386726618, "lowlevel.spectral_energyband_middle_high.stdev": 0.0044372002594172955, "lowlevel.spectral_energyband_middle_low.mean": 0.01517755351960659, "lowlevel.spectral_energyband_middle_low.stdev": 0.015663335099816322, "lowlevel.spectral_entropy.mean": 7.038018226623535, "lowlevel.spectral_entropy.stdev": 1.207170009613037, "lowlevel.spectral_flux.mean": 0.09746422618627548, "lowlevel.spectral_flux.stdev": 0.07556411623954773, "lowlevel.spectral_kurtosis.mean": 46.211326599121094, "lowlevel.spectral_kurtosis.stdev": 102.0185317993164, "lowlevel.spectral_rms.mean": 0.0067236656323075294, "lowlevel.spectral_rms.stdev": 0.0032021035440266132, "lowlevel.spectral_rolloff.mean": 962.3544921875, "lowlevel.spectral_rolloff.stdev": 2002.6754150390625, "lowlevel.spectral_skewness.mean": 3.5455827713012695, "lowlevel.spectral_skewness.stdev": 4.353703022003174, "lowlevel.spectral_spread.mean": 4900234.5, "lowlevel.spectral_spread.stdev": 2628269.0, "lowlevel.spectral_strongpeak.mean": 0.521957516670227, "lowlevel.spectral_strongpeak.stdev": 0.43955889344215393, "lowlevel.zerocrossingrate.mean": 0.042903147637844086, "lowlevel.zerocrossingrate.stdev": 0.055534180253744125, "metadata.audio_properties.analysis.equal_loudness": 0.0, "metadata.audio_properties.analysis.length": 25.70664405822754, "metadata.audio_properties.analysis.sample_rate": 44100.0, "metadata.audio_properties.analysis.start_time": 0.0, "metadata.audio_properties.bit_rate": 117532.0, "metadata.audio_properties.length": 25.706666946411133, "metadata.audio_properties.lossless": 0.0, "metadata.audio_properties.number_channels": 1.0, "metadata.audio_properties.replay_gain": -8.969945907592773, "metadata.audio_properties.sample_rate": 48000.0, "rhythm.beats_count": 40.0, "rhythm.beats_loudness.mean": 0.08934720605611801, "rhythm.beats_loudness.stdev": 0.06459929049015045, "rhythm.bpm": 93.80337524414062, "rhythm.bpm_histogram_first_peak_bpm": 94.0, "rhythm.bpm_histogram_first_peak_weight": 0.28947365283966064, "rhythm.bpm_histogram_second_peak_bpm": 89.0, "rhythm.bpm_histogram_second_peak_spread": 0.0, "rhythm.bpm_histogram_second_peak_weight": 0.025641025975346565, "rhythm.danceability": 1.306483507156372, "rhythm.onset_rate": 4.975180625915527, "tonal.chords_changes_rate": 0.10450450330972672, "tonal.chords_number_rate": 0.019819820299744606, "tonal.chords_strength.mean": 0.47052788734436035, "tonal.chords_strength.stdev": 0.10699841380119324, "tonal.hpcp_crest.mean": 13.17148494720459, "tonal.hpcp_crest.stdev": 6.826740741729736, "tonal.hpcp_entropy.mean": 2.171530246734619, "tonal.hpcp_entropy.stdev": 0.8437913060188293, "tonal.key_edma.strength": 0.5869184732437134, "tonal.key_krumhansl.strength": 0.5926923155784607, "tonal.key_temperley.strength": 0.5971317887306213, "tonal.tuning_diatonic_strength": 0.5151103734970093, "tonal.tuning_equal_tempered_deviation": 0.17491771280765533, "tonal.tuning_frequency": 434.193115234375, "tonal.tuning_nontempered_energy_ratio": 0.873887300491333, "lowlevel.barkbands.mean": [0.0038940447848290205, 0.029074016958475113, 0.004816933069378138, 0.006877842824906111, 0.0024847351014614105, 0.0032161634881049395, 0.001265386468730867, 0.0003857866395264864, 0.0008296289597637951, 0.00030190550023689866, 0.00029306914075277746, 0.00031869453960098326, 0.00033129696385003626, 0.0002790476137306541, 0.00014776601165067405, 0.00012184116349089891, 0.0002816897467710078, 0.00023040812811814249, 0.00022204010747373104, 0.00021026504691690207, 0.00019582062668632716, 0.00018555775750428438, 0.00031241687247529626, 0.00031002252944745123, 0.00019912034622393548, 5.9866182709811255e-05, 2.252666490676347e-06], "lowlevel.barkbands.stdev": [0.006174179259687662, 0.0379149429500103, 0.015972541645169258, 0.009945251978933811, 0.004719901364296675, 0.004784030839800835, 0.002548092743381858, 0.0008787224069237709, 0.002005461836233735, 0.0008219824521802366, 0.0007170761818997562, 0.0008356067701242864, 0.0008413763716816902, 0.0005695457803085446, 0.0003811798815149814, 0.0003225726541131735, 0.000535585917532444, 0.00046435496187768877, 0.0005000350647605956, 0.0005142178852111101, 0.0005301609053276479, 0.00043193073361180723, 0.0005943499272689223, 0.0005664867348968983, 0.0003652171290013939, 0.000146642851177603, 1.0677491445676424e-05], "lowlevel.erbbands.mean": [1.2992172241210938, 4.582729339599609, 6.394745826721191, 15.791654586791992, 14.871505737304688, 6.704949378967285, 23.4191951751709, 18.676366806030273, 10.0313138961792, 22.72340202331543, 11.891559600830078, 19.306440353393555, 10.663719177246094, 9.401800155639648, 12.2398099899292, 12.49899959564209, 14.062003135681152, 14.970963478088379, 10.470544815063477, 7.154044151306152, 7.370163440704346, 16.309194564819336, 14.25838851928711, 10.628870010375977, 10.979233741760254, 9.857376098632812, 9.502067565917969, 6.3990159034729, 6.106377601623535, 8.93298625946045, 8.711276054382324, 6.027613639831543, 5.609681129455566, 3.0956506729125977, 0.9010137915611267, 0.30633974075317383, 0.10617167502641678, 0.013794456608593464, 0.00036434223875403404, 7.819764141459018e-05], "lowlevel.erbbands.stdev": [1.8872498273849487, 6.638617515563965, 16.862285614013672, 25.880054473876953, 20.008329391479492, 13.332100868225098, 36.21178436279297, 28.97173309326172, 17.337982177734375, 46.88152313232422, 21.261751174926758, 50.09251022338867, 28.738035202026367, 24.504806518554688, 29.035980224609375, 30.721942901611328, 33.8265380859375, 31.750078201293945, 24.458789825439453, 18.486106872558594, 18.010845184326172, 30.225645065307617, 26.08553695678711, 25.23874855041504, 24.283161163330078, 23.008956909179688, 25.82974624633789, 17.375173568725586, 14.61423110961914, 18.904794692993164, 16.587507247924805, 11.578446388244629, 10.22301197052002, 5.588465690612793, 1.808715581893921, 0.734763503074646, 0.2746022641658783, 0.040121663361787796, 0.0011215819977223873, 7.081456715241075e-05], "lowlevel.gfcc.mean": [-65.65380096435547, 115.30776977539062, -60.874183654785156, 39.62870788574219, -42.310150146484375, 22.77065658569336, -34.1530876159668, 14.476719856262207, -17.193317413330078, 0.260302871465683, -4.601401329040527, -1.9259417057037354, -8.404335975646973], "lowlevel.melbands.mean": [0.009545712731778622, 0.004219206515699625, 0.002684268169105053, 0.0007102968520484865, 0.0006680053193122149, 0.00046498863957822323, 0.00018692578305490315, 0.00021295493934303522, 0.00011508040188346058, 0.00011015981726814061, 5.039204188506119e-05, 3.712093166541308e-05, 4.145415368839167e-05, 3.8945916458033025e-05, 2.933953692263458e-05, 3.186264802934602e-05, 2.75577276624972e-05, 1.8528487998992205e-05, 1.0546644261921756e-05, 8.532568244845606e-06, 8.328411240654532e-06, 1.5259731299011037e-05, 1.9377257558517158e-05, 8.671219802636188e-06, 8.489083484164439e-06, 8.449702363577671e-06, 7.079629540385213e-06, 6.3948650677048136e-06, 6.244240466912743e-06, 4.883557721768739e-06, 3.2875154829525854e-06, 3.1485972158407094e-06, 4.104581421415787e-06, 5.352626885724021e-06, 5.2866175792587455e-06, 4.08468395107775e-06, 3.5259549804322887e-06, 4.027810973639134e-06, 3.5651657981361495e-06, 2.300783762620995e-06], "lowlevel.melbands.stdev": [0.012890084646642208, 0.0076259127818048, 0.004023997578769922, 0.0011852268362417817, 0.000991782988421619, 0.0006977859884500504, 0.00034793285885825753, 0.0004359534941613674, 0.0002289108233526349, 0.0002840238157659769, 0.0001428494870197028, 9.940608288161457e-05, 9.906588093144819e-05, 0.00010905920498771593, 7.418008317472413e-05, 8.314060687553138e-05, 5.7519791880622506e-05, 4.422572601470165e-05, 2.791502993204631e-05, 2.3326083464780822e-05, 2.151823900931049e-05, 3.045443372684531e-05, 3.387220931472257e-05, 1.9707113096956164e-05, 2.0916904759360477e-05, 1.947902092069853e-05, 1.6164576663868502e-05, 1.5871968571445905e-05, 1.836918090702966e-05, 1.2837431313528214e-05, 9.444731404073536e-06, 7.949025530251674e-06, 9.723448783915956e-06, 1.1184679351572413e-05, 1.0332955753256101e-05, 7.955540240800474e-06, 6.985213531152112e-06, 7.591237135784468e-06, 6.625766218348872e-06, 4.28466273660888e-06], "lowlevel.melbands128.mean": [0.0036916087847203016, 0.012334272265434265, 0.010740077123045921, 0.006730598397552967, 0.003654769854620099, 0.0022235577926039696, 0.003400997258722782, 0.0031629211734980345, 0.0012469321954995394, 0.0006392857758328319, 0.00022767673362977803, 0.0002562195877544582, 0.0008400331134907901, 0.0011999375419691205, 0.00040642989915795624, 0.00012876276741735637, 7.757614366710186e-05, 0.00014594152162317187, 0.000394672155380249, 0.0003096669097431004, 8.354097371920943e-05, 4.892952347290702e-05, 9.738709195517004e-05, 0.00021483682212419808, 0.0001619356480659917, 4.7986279241740704e-05, 4.424217331688851e-05, 5.990325371385552e-05, 4.984683619113639e-05, 2.697156378417276e-05, 3.2279789593303576e-05, 5.495645746123046e-05, 4.102831007912755e-05, 3.177950202370994e-05, 4.5976717956364155e-05, 4.337555219535716e-05, 2.338816375413444e-05, 2.9196322429925203e-05, 3.2804142392706126e-05, 2.8772896257578395e-05, 3.316981383250095e-05, 3.486045534373261e-05, 2.2053751308703795e-05, 3.0460294510703534e-05, 2.4416287487838417e-05, 1.5857984180911444e-05, 1.1879344128828961e-05, 1.0659831787052099e-05, 1.0189474778599106e-05, 8.825461009109858e-06, 8.563384653825779e-06, 7.888874279160518e-06, 7.596643627039157e-06, 8.809291102807038e-06, 9.346836122858804e-06, 1.450342642783653e-05, 2.0928726371494122e-05, 2.416956158413086e-05, 1.8705002730712295e-05, 1.107686239265604e-05, 7.0138630690053105e-06, 7.2323850872635376e-06, 9.058308933163062e-06, 8.548935511498712e-06, 8.399501894018613e-06, 8.496923328493722e-06, 8.788992090558168e-06, 7.1966060204431415e-06, 6.462888450187165e-06, 7.37077562007471e-06, 5.8556411204335745e-06, 6.1203045333968475e-06, 7.092898158589378e-06, 6.126705557107925e-06, 5.593460173258791e-06, 5.511502422450576e-06, 4.290908236725954e-06, 3.4067575143126305e-06, 3.364791155036073e-06, 2.853614887499134e-06, 3.0067797069932567e-06, 3.2732250474509783e-06, 3.517915956763318e-06, 4.0267491385748144e-06, 4.688176431955071e-06, 5.338758455764037e-06, 5.377368779591052e-06, 5.768978553533088e-06, 5.435989351099124e-06, 4.964680101693375e-06, 4.37832477473421e-06, 3.8924185901123565e-06, 3.4168458569183713e-06, 3.43356873599987e-06, 3.506241000650334e-06, 4.105399057152681e-06, 4.153458121436415e-06, 3.982104772148887e-06, 3.710672672241344e-06, 3.363285486557288e-06, 2.76372929874924e-06, 2.1741909677075455e-06, 1.6630468735456816e-06, 1.3341360727281426e-06, 8.512940325999807e-07, 6.607638169953134e-07, 6.046690828043211e-07, 6.198940809554188e-07, 5.356114911592158e-07, 4.0396281519861077e-07, 4.070692796176445e-07, 3.5625771488412283e-07, 3.686615741571586e-07, 3.034715234662144e-07, 2.1247637960186694e-07, 1.2872587262791058e-07, 7.177781213840717e-08, 2.27552163778455e-08, 3.107736512575343e-09, 3.518603464147674e-11, 2.0092674052341053e-11, 7.95214675358702e-12, 6.6261601240624746e-12, 6.496072776918105e-12, 6.3343145832728265e-12, 6.135816247448966e-12, 6.020448896359998e-12, 5.976682690422841e-12], "lowlevel.melbands128.stdev": [0.005808744579553604, 0.018622593954205513, 0.016311040148139, 0.010978124104440212, 0.009547360241413116, 0.007501932792365551, 0.005955690983682871, 0.004508269019424915, 0.001993766753003001, 0.0017212873790413141, 0.0006322697154246271, 0.0005423033726401627, 0.0014681167667731643, 0.001964590512216091, 0.0007619994576089084, 0.00042055503581650555, 0.00017450407904107124, 0.0003376215463504195, 0.0009144857176579535, 0.0006897113635204732, 0.00026557521778158844, 0.00012347522715572268, 0.00023248283832799643, 0.0005578692071139812, 0.0005156807601451874, 0.00017186527838930488, 0.00016593658074270934, 0.0001738560968078673, 0.00014799674681853503, 0.00010231435589957982, 0.00010244308941764757, 0.00016298130503855646, 0.00011589487985474989, 0.00010020881745731458, 0.00014893274055793881, 0.00014131951320450753, 7.132361497497186e-05, 9.594988659955561e-05, 9.343610145151615e-05, 8.2095866673626e-05, 0.00010807008948177099, 0.00011391266889404505, 5.4240419558482245e-05, 7.202774577308446e-05, 6.201156793395057e-05, 5.113366569275968e-05, 3.271926470915787e-05, 3.622554868343286e-05, 2.976100950036198e-05, 2.9633692975039594e-05, 2.6569799956632778e-05, 2.308492548763752e-05, 2.3445931219612248e-05, 2.581292028480675e-05, 2.375170515733771e-05, 3.435634062043391e-05, 4.5608991058543324e-05, 5.047945523983799e-05, 3.883295357809402e-05, 2.573512028902769e-05, 2.0048930309712887e-05, 2.0072055122000165e-05, 2.795040563796647e-05, 2.0884826881228946e-05, 2.1920670405961573e-05, 2.0591396605595946e-05, 2.3513206542702392e-05, 1.862300996435806e-05, 1.685271672613453e-05, 1.9151899323333055e-05, 1.605301076779142e-05, 1.7285965441260487e-05, 2.4816192308207974e-05, 2.0399122149683535e-05, 1.603554846951738e-05, 1.5622152204741724e-05, 1.139651158155175e-05, 1.1098204595327843e-05, 1.10474993562093e-05, 8.150445864885114e-06, 8.869847079040483e-06, 8.339381565747317e-06, 1.0139987352886237e-05, 1.027367397909984e-05, 1.1629258551693056e-05, 1.3004413631279022e-05, 1.163031720352592e-05, 1.244795748789329e-05, 1.1441813512647059e-05, 1.0097974154632539e-05, 9.001214493764564e-06, 8.112559953588061e-06, 7.502216703869635e-06, 7.923854354885407e-06, 7.023833859420847e-06, 8.316656931128819e-06, 8.812722626316827e-06, 7.752802957838867e-06, 7.550816917500924e-06, 6.789990493416553e-06, 5.244083695288282e-06, 4.626155714504421e-06, 3.3716339657985372e-06, 2.96306438940519e-06, 2.101631253026426e-06, 1.6648298242216697e-06, 1.3809125221087015e-06, 1.5101757071533939e-06, 1.4827219274593517e-06, 1.1791240694947192e-06, 1.0840362847375218e-06, 1.0501551059860503e-06, 1.0146841304958798e-06, 9.183841598314757e-07, 6.01264048327721e-07, 4.151069958879816e-07, 3.005164046498976e-07, 1.8277604851846263e-07, 3.644014157089259e-08, 4.903298322922467e-10, 3.1697569569111295e-10, 3.3487088102468476e-11, 1.0499916908157658e-11, 1.0306374677304664e-11, 1.0143211791324713e-11, 1.001635580033522e-11, 9.932205231877322e-12, 9.875603806941413e-12], "lowlevel.mfcc.mean": [-717.5816040039062, 139.3986053466797, 48.59765625, 27.8681583404541, 24.378799438476562, 8.636710166931152, 10.401724815368652, 9.406600952148438, -0.9026923775672913, 6.214707851409912, 3.807568311691284, 4.237237930297852, 1.7841570377349854], "lowlevel.spectral_contrast_coeffs.mean": [-0.6885429620742798, -0.7718788385391235, -0.8124321699142456, -0.8285447359085083, -0.8070021867752075, -0.8204094767570496], "lowlevel.spectral_contrast_coeffs.stdev": [0.0932907834649086, 0.08550011366605759, 0.05393014848232269, 0.04863566532731056, 0.04711667075753212, 0.05413483455777168], "lowlevel.spectral_contrast_valleys.mean": [-6.5213727951049805, -7.271948337554932, -8.117464065551758, -8.541560173034668, -8.715136528015137, -10.792326927185059], "lowlevel.spectral_contrast_valleys.stdev": [0.9672720432281494, 1.1270592212677002, 1.327154278755188, 1.536089301109314, 2.322523355484009, 2.440610647201538], "rhythm.beats_loudness_band_ratio.mean": [0.7849555015563965, 0.1116700991988182, 0.06302692741155624, 0.02731259912252426, 0.010114067234098911, 0.016559183597564697], "rhythm.beats_loudness_band_ratio.stdev": [0.1954730898141861, 0.1605677455663681, 0.08230303972959518, 0.04437181353569031, 0.010935680009424686, 0.02680031955242157], "tonal.hpcp.mean": [0.0824427530169487, 0.0720023661851883, 0.036795418709516525, 0.03250923752784729, 0.042122263461351395, 0.056154679507017136, 0.07507126033306122, 0.06770117580890656, 0.033977556973695755, 0.019414100795984268, 0.026423322036862373, 0.026310717687010765, 0.023602718487381935, 0.03300611674785614, 0.05883117392659187, 0.11428912729024887, 0.14265793561935425, 0.13875694572925568, 0.1526172161102295, 0.15840373933315277, 0.1954016536474228, 0.2587599456310272, 0.21492652595043182, 0.09832092374563217, 0.047520726919174194, 0.04902079328894615, 0.10556934028863907, 0.16081419587135315, 0.10764520615339279, 0.045567162334918976, 0.035948317497968674, 0.040293216705322266, 0.08171404898166656, 0.1394316703081131, 0.1286235898733139, 0.08113483339548111], "tonal.hpcp.stdev": [0.20971649885177612, 0.19909630715847015, 0.13359332084655762, 0.11317503452301025, 0.12754085659980774, 0.14571890234947205, 0.18561169505119324, 0.2026793509721756, 0.12057715654373169, 0.08571066707372665, 0.10102101415395737, 0.1106075569987297, 0.09074968844652176, 0.11968738585710526, 0.17334359884262085, 0.26529473066329956, 0.2894067168235779, 0.2642962634563446, 0.2710750102996826, 0.26983949542045593, 0.2908546030521393, 0.3612971901893616, 0.3483692705631256, 0.2039484679698944, 0.15055713057518005, 0.15639856457710266, 0.23992674052715302, 0.3252541422843933, 0.24052412807941437, 0.15836994349956512, 0.13360729813575745, 0.12923279404640198, 0.20920966565608978, 0.2882901430130005, 0.28910577297210693, 0.19335941970348358], "rhythm.beats_position": [0.6617686748504639, 1.3351473808288574, 1.9853061437606812, 2.635464906692505, 3.2740135192871094, 3.912562370300293, 4.539501190185547, 5.178049564361572, 5.816598415374756, 6.4551472663879395, 7.093696117401123, 7.732244968414307, 8.370793342590332, 9.009342193603516, 9.6478910446167, 10.286439895629883, 10.924988746643066, 11.56353759765625, 12.202085494995117, 12.8406343460083, 13.479183197021484, 14.117732048034668, 14.756280899047852, 15.394829750061035, 16.03337860107422, 16.671926498413086, 17.310476303100586, 17.949024200439453, 18.599184036254883, 19.22612190246582, 19.87628173828125, 20.503219604492188, 21.153377532958984, 21.780317306518555, 22.418865203857422, 23.057415008544922, 23.70757293701172, 24.34612274169922, 24.973060607910156, 25.611610412597656], "rhythm.bpm_histogram": [0.0, 0.0, 0.0, 0.0, 0.0, 0.0, 0.0, 0.0, 0.0, 0.0, 0.0, 0.0, 0.0, 0.0, 0.0, 0.0, 0.0, 0.0, 0.0, 0.0, 0.0, 0.0, 0.0, 0.0, 0.0, 0.0, 0.0, 0.0, 0.0, 0.0, 0.0, 0.0, 0.0, 0.0, 0.0, 0.0, 0.0, 0.0, 0.0, 0.0, 0.0, 0.0, 0.0, 0.0, 0.0, 0.0, 0.0, 0.0, 0.0, 0.0, 0.0, 0.0, 0.0, 0.0, 0.0, 0.0, 0.0, 0.0, 0.0, 0.0, 0.0, 0.0, 0.0, 0.0, 0.0, 0.0, 0.0, 0.0, 0.0, 0.0, 0.0, 0.0, 0.0, 0.0, 0.0, 0.0, 0.0, 0.0, 0.0, 0.0, 0.0, 0.0, 0.0, 0.0, 0.0, 0.0, 0.0, 0.0, 0.0, 0.025641025975346565, 0.0, 0.0, 0.1538461595773697, 0.0, 0.692307710647583, 0.0, 0.12820513546466827, 0.0, 0.0, 0.0, 0.0, 0.0, 0.0, 0.0, 0.0, 0.0, 0.0, 0.0, 0.0, 0.0, 0.0, 0.0, 0.0, 0.0, 0.0, 0.0, 0.0, 0.0, 0.0, 0.0, 0.0, 0.0, 0.0, 0.0, 0.0, 0.0, 0.0, 0.0, 0.0, 0.0, 0.0, 0.0, 0.0, 0.0, 0.0, 0.0, 0.0, 0.0, 0.0, 0.0, 0.0, 0.0, 0.0, 0.0, 0.0, 0.0, 0.0, 0.0, 0.0, 0.0, 0.0, 0.0, 0.0, 0.0, 0.0, 0.0, 0.0, 0.0, 0.0, 0.0, 0.0, 0.0, 0.0, 0.0, 0.0, 0.0, 0.0, 0.0, 0.0, 0.0, 0.0, 0.0, 0.0, 0.0, 0.0, 0.0, 0.0, 0.0, 0.0, 0.0, 0.0, 0.0, 0.0, 0.0, 0.0, 0.0, 0.0, 0.0, 0.0, 0.0, 0.0, 0.0, 0.0, 0.0, 0.0, 0.0, 0.0, 0.0, 0.0, 0.0, 0.0, 0.0, 0.0, 0.0, 0.0, 0.0, 0.0, 0.0, 0.0, 0.0, 0.0, 0.0, 0.0, 0.0, 0.0, 0.0, 0.0, 0.0, 0.0, 0.0, 0.0, 0.0, 0.0, 0.0, 0.0, 0.0, 0.0, 0.0, 0.0, 0.0, 0.0, 0.0, 0.0, 0.0, 0.0, 0.0, 0.0, 0.0, 0.0, 0.0, 0.0, 0.0, 0.0, 0.0, 0.0, 0.0, 0.0, 0.0, 0.0, 0.0], "tonal.chords_histogram": [25.405405044555664, 4.504504680633545, 2.522522449493408, 0.0, 0.0, 0.0, 0.0, 0.0, 16.576576232910156, 7.747747898101807, 1.8018018007278442, 0.0, 0.0, 0.9009009003639221, 0.0, 0.36036035418510437, 2.3423423767089844, 0.5405405163764954, 1.8018018007278442, 0.0, 0.0, 1.0810810327529907, 4.504504680633545, 29.909910202026367], "tonal.thpcp": [1.0, 0.8306019902229309, 0.37996962666511536, 0.18364793062210083, 0.18944506347179413, 0.4079817831516266, 0.6214802265167236, 0.41600412130355835, 0.17609821259975433, 0.13892535865306854, 0.15571659803390503, 0.31579095125198364, 0.5388456583023071, 0.4970768988132477, 0.31355252861976624, 0.3186070919036865, 0.2782593071460724, 0.1421990543603897, 0.12563472986221313, 0.1627850979566574, 0.21701458096504211, 0.29011932015419006, 0.26163700222969055, 0.13130918145179749, 0.0750274583697319, 0.1021151915192604, 0.10168002545833588, 0.09121473133563995, 0.1275549679994583, 0.2273581176996231, 0.4416801333427429, 0.5513138175010681, 0.5362381339073181, 0.5898023247718811, 0.6121648550033569, 0.7551464438438416], "lowlevel.gfcc.cov": [[26215.185546875, -9239.5537109375, -4505.078125, 3246.61376953125, -3135.943115234375, 1217.5826416015625, -1789.131103515625, 1506.1116943359375, -1376.16064453125, 832.1619873046875, -161.81585693359375, 550.2244873046875, -1114.8486328125], [-9239.5537109375, 6639.744140625, 2008.0103759765625, -2356.130859375, 1473.807861328125, -979.2953491210938, 674.0185546875, -883.17431640625, 599.04296875, -625.7738647460938, 157.4854736328125, -342.4607849121094, 591.5396118164062], [-4505.078125, 2008.0103759765625, 1580.674560546875, -480.6618957519531, 625.0262451171875, -182.4934844970703, 413.2672424316406, -302.93603515625, 284.11102294921875, -169.76266479492188, 17.828475952148438, -130.6941680908203, 247.4269561767578], [3246.61376953125, -2356.130859375, -480.6618957519531, 1348.622802734375, -408.48870849609375, 372.57073974609375, -223.49143981933594, 343.94818115234375, -147.14352416992188, 200.060302734375, 2.921485662460327, 102.5693359375, -151.2528839111328], [-3135.943115234375, 1473.807861328125, 625.0262451171875, -408.48870849609375, 712.2015991210938, -154.02374267578125, 249.3231658935547, -181.996826171875, 254.43052673339844, -119.11050415039062, 20.168371200561523, -85.2625732421875, 173.10165405273438], [1217.5826416015625, -979.2953491210938, -182.4934844970703, 372.57073974609375, -154.02374267578125, 345.0550537109375, 38.07497787475586, 149.83062744140625, -64.08848571777344, 105.89307403564453, -21.647417068481445, 29.82712745666504, -75.9503173828125], [-1789.131103515625, 674.0185546875, 413.2672424316406, -223.49143981933594, 249.3231658935547, 38.07497787475586, 396.4027404785156, -56.570281982421875, 131.40924072265625, -50.31304931640625, 16.822221755981445, -36.11771774291992, 92.83958435058594], [1506.1116943359375, -883.17431640625, -302.93603515625, 343.94818115234375, -181.996826171875, 149.83062744140625, -56.570281982421875, 296.52166748046875, -29.657867431640625, 96.27925109863281, 27.082849502563477, 46.96480178833008, -84.98900604248047], [-1376.16064453125, 599.04296875, 284.11102294921875, -147.14352416992188, 254.43052673339844, -64.08848571777344, 131.40924072265625, -29.657867431640625, 225.45835876464844, 2.080507516860962, 21.361356735229492, -27.196073532104492, 95.9009780883789], [832.1619873046875, -625.7738647460938, -169.76266479492188, 200.060302734375, -119.11050415039062, 105.89307403564453, -50.31304931640625, 96.27925109863281, 2.080507516860962, 156.2988739013672, 0.5292399525642395, 41.021400451660156, -48.163150787353516], [-161.81585693359375, 157.4854736328125, 17.828475952148438, 2.921485662460327, 20.168371200561523, -21.647417068481445, 16.822221755981445, 27.082849502563477, 21.361356735229492, 0.5292399525642395, 115.88092803955078, 27.204288482666016, 27.085546493530273], [550.2244873046875, -342.4607849121094, -130.6941680908203, 102.5693359375, -85.2625732421875, 29.82712745666504, -36.11771774291992, 46.96480178833008, -27.196073532104492, 41.021400451660156, 27.204288482666016, 116.51042175292969, 4.057448863983154], [-1114.8486328125, 591.5396118164062, 247.4269561767578, -151.2528839111328, 173.10165405273438, -75.9503173828125, 92.83958435058594, -84.98900604248047, 95.9009780883789, -48.163150787353516, 27.085546493530273, 4.057448863983154, 142.51600646972656]], "lowlevel.gfcc.icov": [[0.0001756448473315686, -0.0002602058229967952, 0.00022485859517473727, -0.0002980560821015388, 0.0003498438454698771, -0.0003213186573702842, 0.0003016031114384532, -0.00041426855023019016, 0.0003639580972958356, -0.0003326929290778935, 0.00046797661343589425, -0.000397603667806834, 0.0002726720995269716], [-0.0002602058229967952, 0.0024870820343494415, -0.0008416572818532586, 0.0022095253225415945, -0.0012245553079992533, 0.0018702992238104343, -0.0006633342709392309, 0.0016756800469011068, -0.0016952354926615953, 0.0028276897501200438, -0.003304425161331892, 0.0028435508720576763, -0.001993471523746848], [0.00022485859517473727, -0.0008416572818532586, 0.0017687699291855097, -0.001023226766847074, 0.0002867926377803087, -0.0005647895741276443, -0.00038233218947425485, -4.3778622057288885e-05, 0.0003017522394657135, -0.000750970677472651, 0.0011462075635790825, -0.0003302500699646771, 4.007004008599324e-06], [-0.0002980560821015388, 0.0022095253225415945, -0.001023226766847074, 0.003511910792440176, -0.0010701976716518402, 0.00043984813964925706, 0.00022622535470873117, 0.0006225340184755623, -0.0014278675662353635, 0.00221956055611372, -0.003066782373934984, 0.002257345477119088, -0.0020112963393330574], [0.0003498438454698771, -0.0012245553079992533, 0.0002867926377803087, -0.0010701976716518402, 0.004465985577553511, -0.0012883623130619526, 0.0003370187769178301, -0.000470344559289515, -0.0018220195779576898, 1.233098009834066e-05, 0.0016072920989245176, -0.0009187759715132415, 0.0005255703581497073], [-0.0003213186573702842, 0.0018702992238104343, -0.0005647895741276443, 0.00043984813964925706, -0.0012883623130619526, 0.008129109628498554, -0.0035605342127382755, 0.00025787262711673975, 0.0008683790802024305, -0.0008128422196023166, -0.0012039494467899203, 0.0025729453191161156, -0.0011624079197645187], [0.0003016031114384532, -0.0006633342709392309, -0.00038233218947425485, 0.00022622535470873117, 0.0003370187769178301, -0.0035605342127382755, 0.00573393190279603, -0.001230283989571035, -0.0008108658366836607, 0.0005712797283194959, 0.0005289582186378539, -0.0010813286062330008, -9.033427340909839e-05], [-0.00041426855023019016, 0.0016756800469011068, -4.3778622057288885e-05, 0.0006225340184755623, -0.000470344559289515, 0.00025787262711673975, -0.001230283989571035, 0.008585326373577118, -0.004102960228919983, 0.002001389628276229, -0.004467018414288759, 0.0013635403010994196, 0.0014182603918015957], [0.0003639580972958356, -0.0016952354926615953, 0.0003017522394657135, -0.0014278675662353635, -0.0018220195779576898, 0.0008683790802024305, -0.0008108658366836607, -0.004102960228919983, 0.01336450781673193, -0.007530502043664455, 0.0027381156105548143, -7.2934144554892555e-06, -0.0034567853435873985], [-0.0003326929290778935, 0.0028276897501200438, -0.000750970677472651, 0.00221956055611372, 1.233098009834066e-05, -0.0008128422196023166, 0.0005712797283194959, 0.002001389628276229, -0.007530502043664455, 0.01561698503792286, -0.00388523587025702, 0.00029786204686388373, 0.0007682790164835751], [0.00046797661343589425, -0.003304425161331892, 0.0011462075635790825, -0.003066782373934984, 0.0016072920989245176, -0.0012039494467899203, 0.0005289582186378539, -0.004467018414288759, 0.0027381156105548143, -0.00388523587025702, 0.014887700788676739, -0.005982155445963144, 0.0007146970019675791], [-0.000397603667806834, 0.0028435508720576763, -0.0003302500699646771, 0.002257345477119088, -0.0009187759715132415, 0.0025729453191161156, -0.0010813286062330008, 0.0013635403010994196, -7.2934144554892555e-06, 0.00029786204686388373, -0.005982155445963144, 0.01578419841825962, -0.007146093063056469], [0.0002726720995269716, -0.001993471523746848, 4.007004008599324e-06, -0.0020112963393330574, 0.0005255703581497073, -0.0011624079197645187, -9.033427340909839e-05, 0.0014182603918015957, -0.0034567853435873985, 0.0007682790164835751, 0.0007146970019675791, -0.007146093063056469, 0.01758265122771263]], "lowlevel.mfcc.cov": [[25365.7890625, -8864.0810546875, -2952.47265625, 61.06462860107422, -445.6044921875, -1159.115966796875, -129.59510803222656, -85.81532287597656, -944.1331787109375, -54.03518295288086, 201.4209442138672, 252.9481658935547, -15.633039474487305], [-8864.0810546875, 6663.5283203125, 928.6652221679688, -520.3150024414062, 127.88804626464844, 108.0831527709961, -166.67672729492188, -130.75482177734375, 215.72402954101562, -224.2908477783203, -215.12193298339844, -225.14456176757812, -36.32651901245117], [-2952.47265625, 928.6652221679688, 953.9141235351562, 148.05381774902344, 17.132787704467773, 227.4494171142578, 72.30072021484375, 28.122467041015625, 147.28070068359375, 29.473308563232422, -33.60398864746094, -25.445920944213867, 11.75888729095459], [61.06462860107422, -520.3150024414062, 148.05381774902344, 432.7108459472656, 165.03277587890625, 47.086395263671875, 23.530935287475586, 52.27853012084961, 23.598344802856445, 61.44316864013672, 2.603325128555298, 14.865934371948242, 47.93177032470703], [-445.6044921875, 127.88804626464844, 17.132787704467773, 165.03277587890625, 314.2688293457031, 27.703907012939453, -30.041505813598633, 6.47744083404541, 17.466947555541992, 54.28450393676758, -13.528510093688965, -12.99224853515625, 15.85805606842041], [-1159.115966796875, 108.0831527709961, 227.4494171142578, 47.086395263671875, 27.703907012939453, 322.928955078125, 66.98754119873047, 27.729930877685547, 129.5464324951172, 22.085384368896484, 11.241364479064941, 9.60844898223877, -26.774320602416992], [-129.59510803222656, -166.67672729492188, 72.30072021484375, 23.530935287475586, -30.041505813598633, 66.98754119873047, 198.76611328125, 88.42630767822266, 31.553199768066406, 24.429006576538086, 45.388633728027344, 28.456632614135742, -4.3886590003967285], [-85.81532287597656, -130.75482177734375, 28.122467041015625, 52.27853012084961, 6.47744083404541, 27.729930877685547, 88.42630767822266, 141.06976318359375, 60.39507293701172, 20.43851089477539, 32.74576187133789, 23.874683380126953, 20.458894729614258], [-944.1331787109375, 215.72402954101562, 147.28070068359375, 23.598344802856445, 17.466947555541992, 129.5464324951172, 31.553199768066406, 60.39507293701172, 194.83621215820312, 62.16084671020508, 23.570554733276367, 11.933972358703613, -2.5055854320526123], [-54.03518295288086, -224.2908477783203, 29.473308563232422, 61.44316864013672, 54.28450393676758, 22.085384368896484, 24.429006576538086, 20.43851089477539, 62.16084671020508, 138.10629272460938, 60.17756652832031, 16.662864685058594, 1.4039489030838013], [201.4209442138672, -215.12193298339844, -33.60398864746094, 2.603325128555298, -13.528510093688965, 11.241364479064941, 45.388633728027344, 32.74576187133789, 23.570554733276367, 60.17756652832031, 111.3910140991211, 43.93672561645508, -3.8873565196990967], [252.9481658935547, -225.14456176757812, -25.445920944213867, 14.865934371948242, -12.99224853515625, 9.60844898223877, 28.456632614135742, 23.874683380126953, 11.933972358703613, 16.662864685058594, 43.93672561645508, 81.74492645263672, 26.95478630065918], [-15.633039474487305, -36.32651901245117, 11.75888729095459, 47.93177032470703, 15.85805606842041, -26.774320602416992, -4.3886590003967285, 20.458894729614258, -2.5055854320526123, 1.4039489030838013, -3.8873565196990967, 26.95478630065918, 97.49799346923828]], "lowlevel.mfcc.icov": [[0.00012301049719098955, 0.00013607219443656504, 0.00016385008348152041, 7.157254913181532e-06, 5.3892305004410446e-05, 0.0002180205046897754, 3.855616887449287e-05, 2.1222187569946982e-05, 0.0001270462671527639, 0.00011796096077887341, -6.658945949311601e-06, -7.01842873240821e-05, 0.00011623505997704342], [0.00013607219443656504, 0.00046250104787759483, -0.00019305682508274913, 0.0005782535881735384, -0.0004370539973024279, 0.00048571807565167546, 7.547615678049624e-05, 0.00024689288693480194, -0.0004281358269508928, 0.0008513277862221003, -0.00019064085790887475, 0.00047839456237852573, -7.391632243525237e-05], [0.00016385008348152041, -0.00019305682508274913, 0.002147060353308916, -0.0011861075181514025, 0.0009796665981411934, -0.0006840126006864011, -0.0005267508095130324, 0.0002966294123325497, 3.523267150740139e-05, -0.0007296034600585699, 0.0007156199426390231, -2.7600399334914982e-05, -0.00010705861495807767], [7.157254913181532e-06, 0.0005782535881735384, -0.0011861075181514025, 0.004556853789836168, -0.0024249048437923193, 7.32517073629424e-05, 0.0002371317386860028, -0.0009392120991833508, 7.769780495436862e-05, 1.5831054042791948e-05, 0.00025835484848357737, 0.0004707433399744332, -0.0013763717142865062], [5.3892305004410446e-05, -0.0004370539973024279, 0.0009796665981411934, -0.0024249048437923193, 0.0053367759101092815, -0.0009413923835381866, 0.0009296615025959909, -0.0007757079438306391, 0.001339609269052744, -0.003020644187927246, 0.001423435052856803, -0.00016658427193760872, 0.0001785788481356576], [0.0002180205046897754, 0.00048571807565167546, -0.0006840126006864011, 7.32517073629424e-05, -0.0009413923835381866, 0.005996644962579012, -0.0016671632183715701, 0.0018683815142139792, -0.003837276017293334, 0.0023919676896184683, -0.0004385941429063678, -0.0006061507156118751, 0.0016122269444167614], [3.855616887449287e-05, 7.547615678049624e-05, -0.0005267508095130324, 0.0002371317386860028, 0.0009296615025959909, -0.0016671632183715701, 0.008706129156053066, -0.005683706607669592, 0.002433915389701724, -0.0011508687166497111, -0.0010960028739646077, -0.0011050961911678314, 0.0012977130245417356], [2.1222187569946982e-05, 0.00024689288693480194, 0.0002966294123325497, -0.0009392120991833508, -0.0007757079438306391, 0.0018683815142139792, -0.005683706607669592, 0.013526317663490772, -0.005550512578338385, 0.003229181980714202, -0.002357621444389224, 0.000784339033998549, -0.0024335719645023346], [0.0001270462671527639, -0.0004281358269508928, 3.523267150740139e-05, 7.769780495436862e-05, 0.001339609269052744, -0.003837276017293334, 0.002433915389701724, -0.005550512578338385, 0.011784066446125507, -0.006013510748744011, 0.0016140484949573874, -0.0017499433597549796, 0.000758602749556303], [0.00011796096077887341, 0.0008513277862221003, -0.0007296034600585699, 1.5831054042791948e-05, -0.003020644187927246, 0.0023919676896184683, -0.0011508687166497111, 0.003229181980714202, -0.006013510748744011, 0.015169475227594376, -0.007868057116866112, 0.002653739647939801, -0.0005852683680132031], [-6.658945949311601e-06, -0.00019064085790887475, 0.0007156199426390231, 0.00025835484848357737, 0.001423435052856803, -0.0004385941429063678, -0.0010960028739646077, -0.002357621444389224, 0.0016140484949573874, -0.007868057116866112, 0.01728437840938568, -0.007831623777747154, 0.0028170980513095856], [-7.01842873240821e-05, 0.00047839456237852573, -2.7600399334914982e-05, 0.0004707433399744332, -0.00016658427193760872, -0.0006061507156118751, -0.0011050961911678314, 0.000784339033998549, -0.0017499433597549796, 0.002653739647939801, -0.007831623777747154, 0.01987731084227562, -0.006305620074272156], [0.00011623505997704342, -7.391632243525237e-05, -0.00010705861495807767, -0.0013763717142865062, 0.0001785788481356576, 0.0016122269444167614, 0.0012977130245417356, -0.0024335719645023346, 0.000758602749556303, -0.0005852683680132031, 0.0028170980513095856, -0.006305620074272156, 0.013803573325276375]], "metadata.audio_properties.analysis.downmix": "mix", "metadata.audio_properties.codec": "mp3", "metadata.audio_properties.md5_encoded": "6ff9e87dad2a06049c37f1272eb11e60", "metadata.tags.file_name": "1182271834700390410.mp3", "metadata.version.essentia": "2.1-beta6-dev", "metadata.version.essentia_git_sha": "v2.1_beta5-1110-g77a6a954", "metadata.version.extractor": "music 2.0", "tonal.chords_key": "C#", "tonal.chords_scale": "minor", "tonal.key_edma.key": "E", "tonal.key_edma.scale": "major", "tonal.key_krumhansl.key": "E", "tonal.key_krumhansl.scale": "major", "tonal.key_temperley.key": "E", "tonal.key_temperley.scale": "major", "metadata.tags.encoding": ["Lavf58.45.100"]}, "essentia_models": [{"model_name": "genre_dortmund", "activations": {"alternative": "0.026950024", "blues": "0.03408509", "electronic": "0.07724393", "folkcountry": "0.021112012", "funksoulrnb": "0.044059496", "jazz": "0.123838186", "pop": "0.07311777", 