{"song_id": "1182283156972384336", "download": "https://cdn.discordapp.com/attachments/1128313332273782784/1182283156972384336/chirp.mp4?ex=658421fe&amp", "lyrics": "\u0422\u0430\u043d\u044f, \u0422\u0430\u043d\u044f, \u0422\u0430\u043d\u044f, \u0422\u0430\u043d\u0435\u0447\u043a\u0430, \u0422\u0430\u043d\u044e\u044e\u044e\u044e\u044e\u0448\u043a\u0430\n\u0426\u0435\u043b\u044b\u043c\u0438 \u0434\u043d\u044f\u043c\u0438 \u0441\u0438\u0434\u0438\u0442 \u0437\u0430 \u043a\u043e\u043c\u043f\u044c\u044e\u0442\u0435\u0440\u043e\u043c\n\u0422\u0430\u043a\u0430\u044f \u0443\u0436 \u0443 \u0422\u0430\u043d\u044e\u0448\u043a\u0438 \u0440\u0430\u0431\u043e\u0442\u0430\n\u0421\u043e\u0441\u0442\u0430\u0432\u043b\u044f\u0442 \u0434\u043e\u0433\u043e\u0432\u043e\u0440\u0430, \u0431\u0440\u0438\u0444\u043e\u0432\u0430\u0442\u044c \u0438 \u0443\u043b\u044b\u0431\u0430\u0442\u044c\u0441\u044f", "style": ["70</span><span>'s pop female Abba"], "essentia_features": {"lowlevel.average_loudness": 0.9247153997421265, "lowlevel.barkbands_crest.mean": 15.624308586120605, "lowlevel.barkbands_crest.stdev": 5.157659530639648, "lowlevel.barkbands_flatness_db.mean": 0.2413531392812729, "lowlevel.barkbands_flatness_db.stdev": 0.10029616206884384, "lowlevel.barkbands_kurtosis.mean": 60.01945495605469, "lowlevel.barkbands_kurtosis.stdev": 222.17091369628906, "lowlevel.barkbands_skewness.mean": 4.508386135101318, "lowlevel.barkbands_skewness.stdev": 4.546105861663818, "lowlevel.barkbands_spread.mean": 13.73459529876709, "lowlevel.barkbands_spread.stdev": 16.34731674194336, "lowlevel.dissonance.mean": 0.4553775489330292, "lowlevel.dissonance.stdev": 0.04167265072464943, "lowlevel.dynamic_complexity": 5.157751560211182, "lowlevel.erbbands_crest.mean": 9.366090774536133, "lowlevel.erbbands_crest.stdev": 4.793203830718994, "lowlevel.erbbands_flatness_db.mean": 0.15581409633159637, "lowlevel.erbbands_flatness_db.stdev": 0.06361328065395355, "lowlevel.erbbands_kurtosis.mean": 3.1341819763183594, "lowlevel.erbbands_kurtosis.stdev": 12.498702049255371, "lowlevel.erbbands_skewness.mean": 0.7176147103309631, "lowlevel.erbbands_skewness.stdev": 1.623993158340454, "lowlevel.erbbands_spread.mean": 55.78507614135742, "lowlevel.erbbands_spread.stdev": 29.041362762451172, "lowlevel.hfc.mean": 15.428606986999512, "lowlevel.hfc.stdev": 24.125246047973633, "lowlevel.loudness_ebu128.integrated": -17.252525329589844, "lowlevel.loudness_ebu128.loudness_range": 10.39426040649414, "lowlevel.loudness_ebu128.momentary.mean": -19.459062576293945, "lowlevel.loudness_ebu128.momentary.stdev": 5.293481349945068, "lowlevel.loudness_ebu128.short_term.mean": -18.465198516845703, "lowlevel.loudness_ebu128.short_term.stdev": 3.5995280742645264, "lowlevel.melbands_crest.mean": 20.246164321899414, "lowlevel.melbands_crest.stdev": 5.800431251525879, "lowlevel.melbands_flatness_db.mean": 0.32409271597862244, "lowlevel.melbands_flatness_db.stdev": 0.11767421662807465, "lowlevel.melbands_kurtosis.mean": 87.5888900756836, "lowlevel.melbands_kurtosis.stdev": 148.8622589111328, "lowlevel.melbands_skewness.mean": 5.965811252593994, "lowlevel.melbands_skewness.stdev": 3.909146547317505, "lowlevel.melbands_spread.mean": 10.000431060791016, "lowlevel.melbands_spread.stdev": 15.897659301757812, "lowlevel.pitch_salience.mean": 0.40498289465904236, "lowlevel.pitch_salience.stdev": 0.13979728519916534, "lowlevel.silence_rate_20dB.mean": 0.9901506304740906, "lowlevel.silence_rate_20dB.stdev": 0.09875446557998657, "lowlevel.silence_rate_30dB.mean": 0.9287369847297668, "lowlevel.silence_rate_30dB.stdev": 0.25726497173309326, "lowlevel.silence_rate_60dB.mean": 0.12398609519004822, "lowlevel.silence_rate_60dB.stdev": 0.3295568823814392, "lowlevel.spectral_centroid.mean": 1052.1756591796875, "lowlevel.spectral_centroid.stdev": 764.8414916992188, "lowlevel.spectral_complexity.mean": 10.731749534606934, "lowlevel.spectral_complexity.stdev": 10.15919303894043, "lowlevel.spectral_decrease.mean": -1.1070933503276592e-08, "lowlevel.spectral_decrease.stdev": 1.6034457317459783e-08, "lowlevel.spectral_energy.mean": 0.04318360611796379, "lowlevel.spectral_energy.stdev": 0.06153617426753044, "lowlevel.spectral_energyband_high.mean": 0.000769941252656281, "lowlevel.spectral_energyband_high.stdev": 0.0018542028265073895, "lowlevel.spectral_energyband_low.mean": 0.0326400026679039, "lowlevel.spectral_energyband_low.stdev": 0.0575532391667366, "lowlevel.spectral_energyband_middle_high.mean": 0.0021791753824800253, "lowlevel.spectral_energyband_middle_high.stdev": 0.004853229969739914, "lowlevel.spectral_energyband_middle_low.mean": 0.008589106611907482, "lowlevel.spectral_energyband_middle_low.stdev": 0.01380646601319313, "lowlevel.spectral_entropy.mean": 7.223282814025879, "lowlevel.spectral_entropy.stdev": 0.8307538032531738, "lowlevel.spectral_flux.mean": 0.06776659190654755, "lowlevel.spectral_flux.stdev": 0.08422363549470901, "lowlevel.spectral_kurtosis.mean": 6.8507561683654785, "lowlevel.spectral_kurtosis.stdev": 12.950531005859375, "lowlevel.spectral_rms.mean": 0.005522623658180237, "lowlevel.spectral_rms.stdev": 0.0034104324877262115, "lowlevel.spectral_rolloff.mean": 656.6004638671875, "lowlevel.spectral_rolloff.stdev": 1530.84521484375, "lowlevel.spectral_skewness.mean": 1.6809020042419434, "lowlevel.spectral_skewness.stdev": 1.232141137123108, "lowlevel.spectral_spread.mean": 4938712.5, "lowlevel.spectral_spread.stdev": 2065122.125, "lowlevel.spectral_strongpeak.mean": 0.46878722310066223, "lowlevel.spectral_strongpeak.stdev": 0.5295988917350769, "lowlevel.zerocrossingrate.mean": 0.036980655044317245, "lowlevel.zerocrossingrate.stdev": 0.0483674556016922, "metadata.audio_properties.analysis.equal_loudness": 0.0, "metadata.audio_properties.analysis.length": 40.04265213012695, "metadata.audio_properties.analysis.sample_rate": 44100.0, "metadata.audio_properties.analysis.start_time": 0.0, "metadata.audio_properties.bit_rate": 117087.0, "metadata.audio_properties.length": 40.042667388916016, "metadata.audio_properties.lossless": 0.0, "metadata.audio_properties.number_channels": 1.0, "metadata.audio_properties.replay_gain": -9.119840621948242, "metadata.audio_properties.sample_rate": 48000.0, "rhythm.beats_count": 69.0, "rhythm.beats_loudness.mean": 0.11289609968662262, "rhythm.beats_loudness.stdev": 0.10860282182693481, "rhythm.bpm": 104.71492767333984, "rhythm.bpm_histogram_first_peak_bpm": 103.0, "rhythm.bpm_histogram_first_peak_weight": 0.45614033937454224, "rhythm.bpm_histogram_second_peak_bpm": 108.0, "rhythm.bpm_histogram_second_peak_spread": 0.0, "rhythm.bpm_histogram_second_peak_weight": 0.13235294818878174, "rhythm.danceability": 1.1442903280258179, "rhythm.onset_rate": 4.06946325302124, "tonal.chords_changes_rate": 0.04050925746560097, "tonal.chords_number_rate": 0.010416666977107525, "tonal.chords_strength.mean": 0.5455687046051025, "tonal.chords_strength.stdev": 0.08443708717823029, "tonal.hpcp_crest.mean": 13.72430419921875, "tonal.hpcp_crest.stdev": 5.87236213684082, "tonal.hpcp_entropy.mean": 1.9372633695602417, "tonal.hpcp_entropy.stdev": 0.7541247606277466, "tonal.key_edma.strength": 0.5936166048049927, "tonal.key_krumhansl.strength": 0.579925000667572, "tonal.key_temperley.strength": 0.5522680878639221, "tonal.tuning_diatonic_strength": 0.5600792169570923, "tonal.tuning_equal_tempered_deviation": 0.2869999408721924, "tonal.tuning_frequency": 434.193115234375, "tonal.tuning_nontempered_energy_ratio": 0.9822169542312622, "lowlevel.barkbands.mean": [0.0010135025950148702, 0.02317120134830475, 0.0074832807295024395, 0.001567733008414507, 0.003723135916516185, 0.0008080765255726874, 0.0011320060584694147, 0.0005516799865290523, 0.0007651008781976998, 0.0001684189192019403, 0.000183650161488913, 0.00019455421715974808, 0.00022789726790506393, 0.0002642116160131991, 0.00017092579219024628, 0.00015108268416952342, 0.00014949693286325783, 0.0002467453887220472, 0.0002992820809595287, 0.0002084117295453325, 0.00013628843589685857, 0.00012261798838153481, 0.00011836530029540882, 0.00012815957597922534, 0.00014527802704833448, 5.235581556917168e-05, 2.246816706019672e-07], "lowlevel.barkbands.stdev": [0.0035311016254127026, 0.05136961489915848, 0.00993512012064457, 0.004911151248961687, 0.0083394106477499, 0.001646810444071889, 0.003125343006104231, 0.0021029855124652386, 0.0019977553747594357, 0.0008294876315630972, 0.0007155107450671494, 0.0008167660562321544, 0.0009944994235411286, 0.0008522798889316618, 0.000550632132217288, 0.0005249542300589383, 0.00042728998232632875, 0.0006599153857678175, 0.0006668900023214519, 0.00042542172013781965, 0.00027140529709868133, 0.0003492914838716388, 0.000265552633209154, 0.0005497175152413547, 0.0007580847595818341, 0.00013373009278438985, 1.3903088529332308e-06], "lowlevel.erbbands.mean": [0.8381509780883789, 4.581066131591797, 8.278105735778809, 7.577480792999268, 8.490639686584473, 13.93029499053955, 8.66415023803711, 6.226583957672119, 10.419296264648438, 20.08984375, 14.31306266784668, 14.991150856018066, 9.181905746459961, 6.690762042999268, 6.052732467651367, 8.363930702209473, 9.842215538024902, 15.33446216583252, 9.094837188720703, 9.480709075927734, 8.146063804626465, 9.623088836669922, 13.184350967407227, 13.076602935791016, 16.570674896240234, 8.81811809539795, 5.819889068603516, 4.920683860778809, 4.701614856719971, 3.6863651275634766, 3.2120048999786377, 2.3929738998413086, 2.4361307621002197, 1.860200047492981, 0.8481868505477905, 0.32478269934654236, 0.08120931684970856, 0.006786889396607876, 0.0001618371607037261, 5.710482219001278e-05], "lowlevel.erbbands.stdev": [2.1483347415924072, 9.505642890930176, 11.568909645080566, 12.861137390136719, 20.5391845703125, 31.635604858398438, 15.350029945373535, 14.578433990478516, 31.19305419921875, 54.176353454589844, 48.56830978393555, 44.257232666015625, 29.010385513305664, 30.238788604736328, 22.21455192565918, 34.82189178466797, 35.07770919799805, 57.53530502319336, 23.415403366088867, 35.398746490478516, 26.686141967773438, 26.829980850219727, 33.891448974609375, 29.5286865234375, 39.260398864746094, 16.362817764282227, 12.069597244262695, 9.520081520080566, 12.347260475158691, 10.071892738342285, 7.459150314331055, 7.85636043548584, 12.094532012939453, 11.112346649169922, 3.6840007305145264, 0.9686378240585327, 0.19920872151851654, 0.019937554374337196, 0.00039638980524614453, 7.802230538800359e-05], "lowlevel.gfcc.mean": [-79.1492691040039, 105.72601318359375, -80.41023254394531, 62.0265998840332, -40.47665023803711, 19.03594398498535, -30.923294067382812, 12.586995124816895, -21.243824005126953, 5.991894245147705, -12.126603126525879, -7.77532958984375, -9.558364868164062], "lowlevel.melbands.mean": [0.006973635870963335, 0.004691989626735449, 0.001323289587162435, 0.0008447541040368378, 0.0003714360063895583, 0.0001445815578335896, 0.00017999183910433203, 0.00019715899543371052, 0.0001228937180712819, 9.354916255688295e-05, 4.4292515667621046e-05, 2.625578963488806e-05, 2.2679338144371286e-05, 1.6928162949625403e-05, 2.3108834284357727e-05, 2.8364398531266488e-05, 2.685069375729654e-05, 1.4955954611650668e-05, 1.2009802958345972e-05, 1.1621631529123988e-05, 8.735059054743033e-06, 8.926794180297293e-06, 1.2539836461655796e-05, 1.1041116522392258e-05, 1.010663891065633e-05, 1.2599360161402728e-05, 1.0623822163324803e-05, 4.5932451939734165e-06, 3.4213555863971123e-06, 3.6075243770028464e-06, 2.5837966859398875e-06, 2.727968649196555e-06, 2.2320798507280415e-06, 2.0270879304007394e-06, 1.832294628911768e-06, 1.6880107978067826e-06, 1.4090940112509998e-06, 1.761899511620868e-06, 1.5934068642309285e-06, 1.6094337524918956e-06], "lowlevel.melbands.stdev": [0.016279935836791992, 0.006996485870331526, 0.002083444269374013, 0.0020503844134509563, 0.0006473017274402082, 0.00032025438849814236, 0.0005198227590881288, 0.0005436905776150525, 0.00041945974226109684, 0.0002738985058385879, 0.0001478192862123251, 0.0001240317360498011, 8.668542432133108e-05, 6.039908839738928e-05, 0.00010117575584445149, 0.00012152794806752354, 9.793260687729344e-05, 4.139611337450333e-05, 4.120611629332416e-05, 4.295554754207842e-05, 2.8469190510804765e-05, 2.7237547328695655e-05, 3.374605148565024e-05, 3.227396882721223e-05, 2.3750790205667727e-05, 2.9877839551772922e-05, 2.6563946448732167e-05, 8.995228199637495e-06, 7.451986220985418e-06, 7.4364520514791366e-06, 5.1705678743019234e-06, 6.985591426200699e-06, 7.939342140161898e-06, 4.882146640738938e-06, 4.0880581764213275e-06, 4.657736099034082e-06, 5.274252998788143e-06, 9.096009307540953e-06, 8.988828085421119e-06, 1.0076663784275297e-05], "lowlevel.melbands128.mean": [0.0009670672588981688, 0.006696665659546852, 0.010189387015998363, 0.006396695505827665, 0.004423520062118769, 0.0034982915967702866, 0.001579926465637982, 0.0006482561002485454, 0.0008372138254344463, 0.0009925878839567304, 0.0008009108132682741, 0.0004967774148099124, 0.0002635328273754567, 0.0002103625301970169, 0.00011773264122894034, 0.00012215720198582858, 0.00014192746311891824, 0.00015224191884044558, 0.0002732880529947579, 0.0002831484889611602, 0.00011250402894802392, 8.938125392887741e-05, 0.00013205496361479163, 0.00015552672266494483, 8.837165660224855e-05, 7.459364860551432e-05, 8.623004396213219e-05, 2.6127176170120947e-05, 3.130420373054221e-05, 1.9294613593956456e-05, 2.9038188586127944e-05, 3.01523796224501e-05, 2.485801996954251e-05, 1.555246126372367e-05, 1.1406723388063256e-05, 1.5244570022332482e-05, 2.7800431780633517e-05, 3.1091909477254376e-05, 1.3255627891339827e-05, 1.5616718883393332e-05, 2.6171872377744876e-05, 5.949349360889755e-05, 2.2636091671301983e-05, 1.5488087228732184e-05, 1.8062479284708388e-05, 1.5906487533356994e-05, 1.036189314618241e-05, 9.770256838237401e-06, 1.3235264304967131e-05, 1.609376704436727e-05, 9.269749170925934e-06, 9.970952305593528e-06, 1.1260191058681812e-05, 7.005598945397651e-06, 5.915331257710932e-06, 1.0417807970952708e-05, 9.713041436043568e-06, 1.1402879863453563e-05, 1.5379246178781614e-05, 1.094262370315846e-05, 1.1566251487238333e-05, 1.0052070138044655e-05, 9.893495189317036e-06, 1.1253325283178128e-05, 7.824537533451803e-06, 1.5598274330841377e-05, 1.2108166629332118e-05, 1.22638502944028e-05, 1.1570318747544661e-05, 6.618725365115097e-06, 4.192681899439776e-06, 3.8424323065555654e-06, 3.2686846225260524e-06, 3.455854084677412e-06, 3.2905118132475764e-06, 4.270114004611969e-06, 3.4302827316423645e-06, 2.5240308332286077e-06, 2.564058149800985e-06, 2.454977447996498e-06, 2.7266337383480277e-06, 3.0197586511349073e-06, 2.4494927401974564e-06, 2.2463636923930608e-06, 1.8314907492822385e-06, 2.055934146483196e-06, 2.0412603589647915e-06, 2.109822844431619e-06, 1.5882491197771742e-06, 1.8344377394896583e-06, 2.0873767425655387e-06, 1.5904159909041482e-06, 1.1709798855008557e-06, 1.3197512771512265e-06, 1.5115957694433746e-06, 1.903241127365618e-06, 1.7971387933357619e-06, 1.6219306644416065e-06, 1.5926500509522157e-06, 1.6459656535516842e-06, 1.4257310567700188e-06, 1.8594037101138383e-06, 1.460567546018865e-06, 1.1422763463997399e-06, 7.677971325392718e-07, 8.163870575117471e-07, 8.140473823914363e-07, 6.696868695144076e-07, 5.736351909035875e-07, 4.223512064527313e-07, 3.2779266234683746e-07, 2.975375537062064e-07, 2.586315019925678e-07, 1.9872518919328286e-07, 1.352693175249442e-07, 5.311300199650759e-08, 1.017519313251114e-08, 4.746506659936145e-11, 6.745281416753457e-12, 6.0784398348001645e-12, 5.947603087114173e-12, 5.654993834314226e-12, 5.452785792336989e-12, 5.338269756793856e-12, 5.151103502076815e-12, 4.890665129819727e-12, 4.7452090000399405e-12, 4.703969852526413e-12], "lowlevel.melbands128.stdev": [0.003430755576118827, 0.01913752779364586, 0.023312963545322418, 0.013805014081299305, 0.00717344181612134, 0.004567512311041355, 0.002966209314763546, 0.0022143677342683077, 0.0021580264437943697, 0.0030476392712444067, 0.0018910045037046075, 0.0009329324821010232, 0.0005542516591958702, 0.0004779928713105619, 0.00037937142769806087, 0.0003955740248784423, 0.000579864252358675, 0.0006067190552130342, 0.001086389645934105, 0.0007871745037846267, 0.0005276101874187589, 0.0004109623550903052, 0.0006239332724362612, 0.0004877528117503971, 0.0003854375099763274, 0.0003003404999617487, 0.0003096726140938699, 0.00011241220636293292, 0.00020251052046660334, 0.00011967022146563977, 0.00018880896095652133, 0.00013708684127777815, 0.00011560942220967263, 9.020182187668979e-05, 4.36895243183244e-05, 6.626889080507681e-05, 0.0001577755028847605, 0.0001725093025015667, 5.9198300732532516e-05, 8.085834997473285e-05, 0.0001620159891899675, 0.0003340532712172717, 8.617325511295348e-05, 8.156990952556953e-05, 7.125065167201683e-05, 5.229610906098969e-05, 3.709555676323362e-05, 3.67077773262281e-05, 6.399942503776401e-05, 8.519132097717375e-05, 4.08917258027941e-05, 4.320860534789972e-05, 4.366154098534025e-05, 2.396786294411868e-05, 2.0103629140066914e-05, 4.0417628042632714e-05, 3.523317718645558e-05, 3.380727503099479e-05, 5.041554686613381e-05, 3.317407754366286e-05, 4.465367965167388e-05, 3.274307164247148e-05, 2.629546906973701e-05, 3.0589671951020136e-05, 2.047448833764065e-05, 4.579892993206158e-05, 2.8498143365141004e-05, 5.088154648547061e-05, 2.7817304726340808e-05, 1.4213010217645206e-05, 9.622265679354314e-06, 8.822684321785346e-06, 7.476003247575136e-06, 8.776701179158408e-06, 8.310235898534302e-06, 9.688784302852582e-06, 7.387864570773672e-06, 5.793012405774789e-06, 5.303148100210819e-06, 6.043229404895101e-06, 7.691371138207614e-06, 8.93906326382421e-06, 6.870793640700867e-06, 1.0427351298858412e-05, 8.200207048503216e-06, 5.6450658121320885e-06, 4.778340098710032e-06, 4.648981757782167e-06, 3.615007699409034e-06, 4.972329406882636e-06, 6.312423465715256e-06, 4.309405085223261e-06, 4.040127350890543e-06, 5.524615517060738e-06, 6.171193490445148e-06, 1.1273258678556886e-05, 9.949872946890537e-06, 8.017238542379346e-06, 9.867865628621075e-06, 1.0345132977818139e-05, 9.644683814258315e-06, 1.1350040949764661e-05, 1.0574002772045787e-05, 5.359202532417839e-06, 3.599499905249104e-06, 2.9093971534166485e-06, 2.8138429115642793e-06, 2.5042411380127305e-06, 1.7679416259852587e-06, 1.170479549728043e-06, 8.808844995655818e-07, 7.54349457565695e-07, 7.068495619932946e-07, 5.781762411061209e-07, 4.468573138183274e-07, 2.3935800186336564e-07, 6.03963030698651e-08, 6.370917682296806e-10, 2.3611812158264023e-11, 1.6958575169145895e-11, 1.709984584485902e-11, 1.4561874275842435e-11, 1.413997478133533e-11, 1.3512764691914203e-11, 1.1990498871572441e-11, 1.0440135735090283e-11, 1.0119432201916023e-11, 1.0064815300636631e-11], "lowlevel.mfcc.mean": [-729.9783325195312, 127.77820587158203, 26.859512329101562, 49.67326736450195, 20.300983428955078, 15.501809120178223, 10.885871887207031, 4.915707111358643, 2.360464572906494, 9.643152236938477, 6.847015380859375, -1.523674726486206, -2.762683391571045], "lowlevel.spectral_contrast_coeffs.mean": [-0.6953505277633667, -0.7496864795684814, -0.7956587672233582, -0.816149115562439, -0.8042568564414978, -0.7612051963806152], "lowlevel.spectral_contrast_coeffs.stdev": [0.08044572919607162, 0.09078462421894073, 0.07304129749536514, 0.054724279791116714, 0.05755113810300827, 0.06314962357282639], "lowlevel.spectral_contrast_valleys.mean": [-6.828425407409668, -7.885870456695557, -8.647499084472656, -8.608895301818848, -8.374052047729492, -11.130720138549805], "lowlevel.spectral_contrast_valleys.stdev": [1.3711391687393188, 1.3904403448104858, 1.2289719581604004, 1.316498875617981, 1.5863815546035767, 1.5887260437011719], "rhythm.beats_loudness_band_ratio.mean": [0.6899554133415222, 0.18588855862617493, 0.04736504703760147, 0.03167241811752319, 0.034313496202230453, 0.053948622196912766], "rhythm.beats_loudness_band_ratio.stdev": [0.23692205548286438, 0.17052675783634186, 0.06211356073617935, 0.05569836497306824, 0.03978079557418823, 0.06315138936042786], "tonal.hpcp.mean": [0.04105817526578903, 0.02237500064074993, 0.01636672392487526, 0.05564403533935547, 0.0780365839600563, 0.07536230236291885, 0.310446172952652, 0.4646289050579071, 0.21554793417453766, 0.026028195396065712, 0.019399501383304596, 0.02868844009935856, 0.09682241082191467, 0.11069441586732864, 0.04088466241955757, 0.016043296083807945, 0.013432158157229424, 0.013178817927837372, 0.047538623213768005, 0.060705576092004776, 0.029747528955340385, 0.019976845011115074, 0.022811567410826683, 0.019420607015490532, 0.015391693450510502, 0.016331713646650314, 0.021135060116648674, 0.0679379552602768, 0.09165289998054504, 0.04863717034459114, 0.022011684253811836, 0.02298923023045063, 0.03600423410534859, 0.18488799035549164, 0.29621103405952454, 0.16096855700016022], "tonal.hpcp.stdev": [0.1428566426038742, 0.09747668355703354, 0.07685999572277069, 0.181906059384346, 0.2388819307088852, 0.1724173128604889, 0.3344149589538574, 0.4455869197845459, 0.26392003893852234, 0.11046730726957321, 0.10510881245136261, 0.12186989188194275, 0.25557249784469604, 0.2769950330257416, 0.12879402935504913, 0.09066380560398102, 0.0779309794306755, 0.07084627449512482, 0.13219043612480164, 0.155448779463768, 0.09688679128885269, 0.09112269431352615, 0.09690491855144501, 0.09282533824443817, 0.07288534939289093, 0.08764629811048508, 0.09450075775384903, 0.1686217188835144, 0.20917846262454987, 0.14966438710689545, 0.09807007014751434, 0.10824232548475266, 0.12372370064258575, 0.28999873995780945, 0.4263518750667572, 0.2618175446987152], "rhythm.beats_position": [0.6037188172340393, 1.2190475463867188, 1.8459863662719727, 2.4380950927734375, 3.0185940265655518, 3.599092960357666, 4.1679816246032715, 4.736870765686035, 5.294149398803711, 5.874648571014404, 6.4551472663879395, 7.012426376342773, 7.592925071716309, 8.173423767089844, 8.74231243133545, 9.3228120803833, 9.891700744628906, 10.460589408874512, 11.029478073120117, 11.609976768493652, 12.190476417541504, 12.75936508178711, 13.328253746032715, 13.89714241027832, 14.466031074523926, 15.046530723571777, 15.627029418945312, 16.1959171295166, 16.764806747436523, 17.345306396484375, 17.914194107055664, 18.471473693847656, 19.040363311767578, 19.620861053466797, 20.20136070251465, 20.781858444213867, 21.36235809326172, 21.942855834960938, 22.50013542175293, 23.08063507080078, 23.63791275024414, 24.218412399291992, 24.775691986083984, 25.356189727783203, 25.936689376831055, 26.517187118530273, 27.086076736450195, 27.643356323242188, 28.212244033813477, 28.7811336517334, 29.350021362304688, 29.93052101135254, 30.51102066040039, 31.09151840209961, 31.6487979888916, 32.22929763793945, 32.80979537963867, 33.378684997558594, 33.947574615478516, 34.528072357177734, 35.085350036621094, 35.66584777832031, 36.2463493347168, 36.81523895263672, 37.384124755859375, 37.96462631225586, 38.53351593017578, 39.10240173339844, 39.67129135131836], "rhythm.bpm_histogram": [0.0, 0.0, 0.0, 0.0, 0.0, 0.0, 0.0, 0.0, 0.0, 0.0, 0.0, 0.0, 0.0, 0.0, 0.0, 0.0, 0.0, 0.0, 0.0, 0.0, 0.0, 0.0, 0.0, 0.0, 0.0, 0.0, 0.0, 0.0, 0.0, 0.0, 0.0, 0.0, 0.0, 0.0, 0.0, 0.0, 0.0, 0.0, 0.0, 0.0, 0.0, 0.0, 0.0, 0.0, 0.0, 0.0, 0.0, 0.0, 0.0, 0.0, 0.0, 0.0, 0.0, 0.0, 0.0, 0.0, 0.0, 0.0, 0.0, 0.0, 0.0, 0.0, 0.0, 0.0, 0.0, 0.0, 0.0, 0.0, 0.0, 0.0, 0.0, 0.0, 0.0, 0.0, 0.0, 0.0, 0.0, 0.0, 0.0, 0.0, 0.0, 0.0, 0.0, 0.0, 0.0, 0.0, 0.0, 0.0, 0.0, 0.0, 0.0, 0.0, 0.0, 0.0, 0.0, 0.0, 0.014705882407724857, 0.0, 0.014705882407724857, 0.0, 0.0, 0.014705882407724857, 0.0, 0.45588234066963196, 0.0, 0.36764705181121826, 0.0, 0.0, 0.13235294818878174, 0.0, 0.0, 0.0, 0.0, 0.0, 0.0, 0.0, 0.0, 0.0, 0.0, 0.0, 0.0, 0.0, 0.0, 0.0, 0.0, 0.0, 0.0, 0.0, 0.0, 0.0, 0.0, 0.0, 0.0, 0.0, 0.0, 0.0, 0.0, 0.0, 0.0, 0.0, 0.0, 0.0, 0.0, 0.0, 0.0, 0.0, 0.0, 0.0, 0.0, 0.0, 0.0, 0.0, 0.0, 0.0, 0.0, 0.0, 0.0, 0.0, 0.0, 0.0, 0.0, 0.0, 0.0, 0.0, 0.0, 0.0, 0.0, 0.0, 0.0, 0.0, 0.0, 0.0, 0.0, 0.0, 0.0, 0.0, 0.0, 0.0, 0.0, 0.0, 0.0, 0.0, 0.0, 0.0, 0.0, 0.0, 0.0, 0.0, 0.0, 0.0, 0.0, 0.0, 0.0, 0.0, 0.0, 0.0, 0.0, 0.0, 0.0, 0.0, 0.0, 0.0, 0.0, 0.0, 0.0, 0.0, 0.0, 0.0, 0.0, 0.0, 0.0, 0.0, 0.0, 0.0, 0.0, 0.0, 0.0, 0.0, 0.0, 0.0, 0.0, 0.0, 0.0, 0.0, 0.0, 0.0, 0.0, 0.0, 0.0, 0.0, 0.0, 0.0, 0.0, 0.0, 0.0, 0.0, 0.0, 0.0, 0.0, 0.0, 0.0, 0.0, 0.0, 0.0, 0.0, 0.0, 0.0, 0.0, 0.0, 0.0], "tonal.chords_histogram": [13.657407760620117, 33.33333206176758, 33.564815521240234, 1.5046296119689941, 1.0416666269302368, 2.314814805984497, 0.0, 0.0, 1.3888888359069824, 0.0, 0.0, 0.0, 0.5787037014961243, 0.0, 0.0, 0.0, 0.0, 1.2731481790542603, 0.0, 0.0, 0.0, 0.0, 0.0, 11.342592239379883], "tonal.thpcp": [1.0, 0.4639141857624054, 0.05601932108402252, 0.04175267741084099, 0.061744846403598785, 0.20838654041290283, 0.23824264109134674, 0.08799423277378082, 0.034529268741607666, 0.028909433633089066, 0.02836417965590954, 0.102315254509449, 0.13065388798713684, 0.06402427703142166, 0.04299527034163475, 0.04909631609916687, 0.04179810360074043, 0.03312685340642929, 0.03515001758933067, 0.04548804461956024, 0.14621981978416443, 0.19726043939590454, 0.10467960685491562, 0.04737476259469986, 0.049478691071271896, 0.07749029994010925, 0.3979261517524719, 0.6375217437744141, 0.3464454114437103, 0.08836767077445984, 0.04815671220421791, 0.03522536903619766, 0.1197601705789566, 0.16795465350151062, 0.16219891607761383, 0.6681594252586365], "lowlevel.gfcc.cov": [[21389.330078125, -2354.071533203125, -1315.1673583984375, 776.8843383789062, -745.2216186523438, -564.1396484375, -22.295564651489258, 1427.7989501953125, 118.89067840576172, 1048.6837158203125, -272.6209716796875, 326.87347412109375, -1115.6121826171875], [-2354.071533203125, 2214.424072265625, -279.751708984375, -431.0808410644531, 192.72410583496094, -395.7073669433594, 125.76345825195312, -506.861572265625, 90.91624450683594, -290.0421142578125, 194.9228515625, -246.3589630126953, 340.2400817871094], [-1315.1673583984375, -279.751708984375, 1108.423095703125, 228.4163818359375, 249.0957489013672, 245.64218139648438, -0.6382182836532593, -3.9504342079162598, -25.78885841369629, -53.459381103515625, -28.85516357421875, 20.628768920898438, 28.596660614013672], [776.8843383789062, -431.0808410644531, 228.4163818359375, 638.20361328125, 174.39561462402344, 25.316547393798828, 147.89300537109375, 125.60375213623047, 73.22369384765625, 91.00155639648438, -3.7240076065063477, -23.53886604309082, -51.36652755737305], [-745.2216186523438, 192.72410583496094, 249.0957489013672, 174.39561462402344, 445.4820251464844, 82.15778350830078, 133.44558715820312, -47.700687408447266, 82.49212646484375, -19.811595916748047, 14.18327522277832, -58.68065643310547, 72.89788818359375], [-564.1396484375, -395.7073669433594, 245.64218139648438, 25.316547393798828, 82.15778350830078, 362.10247802734375, -10.733816146850586, 51.909420013427734, -33.14859390258789, -56.20181655883789, -13.829449653625488, 27.55488395690918, -21.857715606689453], [-22.295564651489258, 125.76345825195312, -0.6382182836532593, 147.89300537109375, 133.44558715820312, -10.733816146850586, 289.53399658203125, 80.32371520996094, 70.61691284179688, 14.624831199645996, 24.580726623535156, -59.3757209777832, 4.541281223297119], [1427.7989501953125, -506.861572265625, -3.9504342079162598, 125.60375213623047, -47.700687408447266, 51.909420013427734, 80.32371520996094, 323.679443359375, 55.835838317871094, 130.63821411132812, -11.671510696411133, 39.49272918701172, -141.9060516357422], [118.89067840576172, 90.91624450683594, -25.78885841369629, 73.22369384765625, 82.49212646484375, -33.14859390258789, 70.61691284179688, 55.835838317871094, 129.91656494140625, 44.57350158691406, 38.081119537353516, -44.86508560180664, 2.521172523498535], [1048.6837158203125, -290.0421142578125, -53.459381103515625, 91.00155639648438, -19.811595916748047, -56.20181655883789, 14.624831199645996, 130.63821411132812, 44.57350158691406, 208.54541015625, -5.446597576141357, 21.4948673248291, -81.04658508300781], [-272.6209716796875, 194.9228515625, -28.85516357421875, -3.7240076065063477, 14.18327522277832, -13.829449653625488, 24.580726623535156, -11.671510696411133, 38.081119537353516, -5.446597576141357, 133.66018676757812, -14.294984817504883, 11.34221363067627], [326.87347412109375, -246.3589630126953, 20.628768920898438, -23.53886604309082, -58.68065643310547, 27.55488395690918, -59.3757209777832, 39.49272918701172, -44.86508560180664, 21.4948673248291, -14.294984817504883, 112.51170349121094, -15.930987358093262], [-1115.6121826171875, 340.2400817871094, 28.596660614013672, -51.36652755737305, 72.89788818359375, -21.857715606689453, 4.541281223297119, -141.9060516357422, 2.521172523498535, -81.04658508300781, 11.34221363067627, -15.930987358093262, 174.90182495117188]], "lowlevel.gfcc.icov": [[0.00012372805213090032, -0.000245973642449826, 0.00012921623419970274, -0.00027369020972400904, 5.1983719458803535e-05, -4.212944259052165e-05, 0.00020784130902029574, -0.00042943941662088037, 7.798882143106312e-05, -0.0002977504627779126, 0.00041329607483930886, -0.00045885168947279453, 0.0005777454352937639], [-0.000245973642449826, 0.0038309351075440645, -0.0003178712213411927, 0.002651637652888894, -0.0012695828918367624, 0.0034088678658008575, -0.0017061529215425253, 0.002669344889000058, -0.0008022856782190502, 0.003027608385309577, -0.003959549590945244, 0.004564156290143728, -0.002938376972451806], [0.00012921623419970274, -0.0003178712213411927, 0.0014332083519548178, -0.0007525300025008619, -0.0005674480926245451, -0.0007027090177871287, 0.0006193642038851976, -0.0006251214654184878, 0.000577167549636215, -0.0001627450401429087, 0.0005545596359297633, -0.0006764374556951225, 0.00043133634608238935], [-0.00027369020972400904, 0.002651637652888894, -0.0007525300025008619, 0.0041820937767624855, -0.001399379689246416, 0.0023855995386838913, -0.001992616103962064, 0.001773312222212553, -0.0008398911450058222, 0.001589168212376535, -0.002725183265283704, 0.0033653085120022297, -0.0019491005223244429], [5.1983719458803535e-05, -0.0012695828918367624, -0.0005674480926245451, -0.001399379689246416, 0.00470392219722271, -0.00233267480507493, -0.0010285821044817567, 0.0009589846013113856, -0.002408100524917245, -0.001518749282695353, 0.001792514929547906, -0.0013994016917422414, 0.00012305886775720865], [-4.212944259052165e-05, 0.0034088678658008575, -0.0007027090177871287, 0.0023855995386838913, -0.00233267480507493, 0.0074461959302425385, -0.0007443086942657828, 0.00018526005442254245, 0.0006722637917846441, 0.004275293089449406, -0.0034862025640904903, 0.003513168077915907, -0.00149462406989187], [0.00020784130902029574, -0.0017061529215425253, 0.0006193642038851976, -0.001992616103962064, -0.0010285821044817567, -0.0007443086942657828, 0.0066642132587730885, -0.004312701988965273, 0.0009591197595000267, -0.0005541907739825547, 0.0011491597397252917, 0.00048620111192576587, 0.00032094938796944916], [-0.00042943941662088037, 0.002669344889000058, -0.0006251214654184878, 0.001773312222212553, 0.0009589846013113856, 0.00018526005442254245, -0.004312701988965273, 0.011277878656983376, -0.00532658863812685, 0.00014429631119128317, -0.001824134262278676, -0.0003289270680397749, 0.0018087784992530942], [7.798882143106312e-05, -0.0008022856782190502, 0.000577167549636215, -0.0008398911450058222, -0.002408100524917245, 0.0006722637917846441, 0.0009591197595000267, -0.00532658863812685, 0.015608846209943295, -0.0025817921850830317, -0.0027330301236361265, 0.004727095365524292, -0.0023553536739200354], [-0.0002977504627779126, 0.003027608385309577, -0.0001627450401429087, 0.001589168212376535, -0.001518749282695353, 0.004275293089449406, -0.0005541907739825547, 0.00014429631119128317, -0.0025817921850830317, 0.01074778288602829, -0.0028415340930223465, 0.0021456792019307613, -0.0005995158571749926], [0.00041329607483930886, -0.003959549590945244, 0.0005545596359297633, -0.002725183265283704, 0.001792514929547906, -0.0034862025640904903, 0.0011491597397252917, -0.001824134262278676, -0.0027330301236361265, -0.0028415340930223465, 0.012911750003695488, -0.005831694230437279, 0.004109333734959364], [-0.00045885168947279453, 0.004564156290143728, -0.0006764374556951225, 0.0033653085120022297, -0.0013994016917422414, 0.003513168077915907, 0.00048620111192576587, -0.0003289270680397749, 0.004727095365524292, 0.0021456792019307613, -0.005831694230437279, 0.019585298374295235, -0.006875532679259777], [0.0005777454352937639, -0.002938376972451806, 0.00043133634608238935, -0.0019491005223244429, 0.00012305886775720865, -0.00149462406989187, 0.00032094938796944916, 0.0018087784992530942, -0.0023553536739200354, -0.0005995158571749926, 0.004109333734959364, -0.006875532679259777, 0.014560317620635033]], "lowlevel.mfcc.cov": [[20405.23828125, -2623.79150390625, -1163.6263427734375, 733.8793334960938, -787.212890625, -1108.91162109375, -373.4525451660156, 34.84667205810547, -102.70532989501953, 755.1902465820312, 891.2655029296875, 572.36962890625, 136.88150024414062], [-2623.79150390625, 2195.75390625, -289.7796325683594, -134.79937744140625, -83.06614685058594, 25.628328323364258, -64.10162353515625, -201.5242919921875, -76.16857147216797, -159.64610290527344, -182.97129821777344, -136.8705596923828, -95.87284088134766], [-1163.6263427734375, -289.7796325683594, 786.366943359375, 19.738842010498047, 233.98760986328125, 123.68854522705078, 102.39318084716797, 85.86701965332031, 17.52463722229004, -39.792911529541016, -56.25784683227539, -24.16533660888672, 39.4754753112793], [733.8793334960938, -134.79937744140625, 19.738842010498047, 656.5978393554688, 38.05292510986328, 53.20439147949219, 57.202335357666016, -13.252789497375488, 109.2734146118164, 121.48758697509766, 128.9282989501953, 49.39692306518555, -8.165678024291992], [-787.212890625, -83.06614685058594, 233.98760986328125, 38.05292510986328, 367.6598205566406, 172.0064239501953, 71.08243560791016, 59.45604705810547, 42.780147552490234, 4.890997409820557, -32.28658676147461, 9.675565719604492, 28.93914222717285], [-1108.91162109375, 25.628328323364258, 123.68854522705078, 53.20439147949219, 172.0064239501953, 271.6177062988281, 95.49346923828125, 28.71353530883789, 58.296199798583984, -44.835670471191406, -43.74562072753906, -39.24494934082031, -24.164594650268555], [-373.4525451660156, -64.10162353515625, 102.39318084716797, 57.202335357666016, 71.08243560791016, 95.49346923828125, 183.26080322265625, 99.36161804199219, 53.38306427001953, 34.879764556884766, 32.812835693359375, 29.214818954467773, 4.7181196212768555], [34.84667205810547, -201.5242919921875, 85.86701965332031, -13.252789497375488, 59.45604705810547, 28.71353530883789, 99.36161804199219, 210.01522827148438, 34.294029235839844, 36.431148529052734, 2.770951747894287, 20.165929794311523, 47.04249954223633], [-102.70532989501953, -76.16857147216797, 17.52463722229004, 109.2734146118164, 42.780147552490234, 58.296199798583984, 53.38306427001953, 34.294029235839844, 165.6356658935547, 59.0713996887207, 23.824081420898438, 9.50130844116211, -22.065593719482422], [755.1902465820312, -159.64610290527344, -39.792911529541016, 121.48758697509766, 4.890997409820557, -44.835670471191406, 34.879764556884766, 36.431148529052734, 59.0713996887207, 191.71681213378906, 129.2981719970703, 71.98210144042969, 9.109990119934082], [891.2655029296875, -182.97129821777344, -56.25784683227539, 128.9282989501953, -32.28658676147461, -43.74562072753906, 32.812835693359375, 2.770951747894287, 23.824081420898438, 129.2981719970703, 187.98355102539062, 94.81827545166016, -0.6615008115768433], [572.36962890625, -136.8705596923828, -24.16533660888672, 49.39692306518555, 9.675565719604492, -39.24494934082031, 29.214818954467773, 20.165929794311523, 9.50130844116211, 71.98210144042969, 94.81827545166016, 122.2769775390625, 35.82179260253906], [136.88150024414062, -95.87284088134766, 39.4754753112793, -8.165678024291992, 28.93914222717285, -24.164594650268555, 4.7181196212768555, 47.04249954223633, -22.065593719482422, 9.109990119934082, -0.6615008115768433, 35.82179260253906, 89.16584777832031]], "lowlevel.mfcc.icov": [[0.00010269952326780185, 0.00010865814692806453, 0.00011469369928818196, -9.73872301983647e-05, 2.2368887584889308e-05, 0.00025103497318923473, 0.00014447333524003625, -8.292323764180765e-05, 0.00010705272143241018, -7.742927118670195e-05, -0.00014630722580477595, -0.00011006818385794759, 7.38914604880847e-05], [0.00010865814692806453, 0.000726287835277617, 0.0003829448251053691, -0.00010326811025151983, -3.582616773201153e-05, 0.0003377263783477247, -0.00033068316406570375, 0.0005095734377391636, 0.0003351916966494173, -0.00012557032459881157, 0.0005038693198002875, 8.147818880388513e-05, 0.00035371124977245927], [0.00011469369928818196, 0.0003829448251053691, 0.0019643206615000963, -0.00019442850316409022, -0.001049396931193769, 0.000615015858784318, -0.000872562697622925, 7.100113725755364e-05, 0.00025943623040802777, 0.00037881353637203574, 2.2115587853477336e-05, 0.0006887332419864833, -0.00038682890590280294], [-9.73872301983647e-05, -0.00010326811025151983, -0.00019442850316409022, 0.0021556296851485968, 1.9372573660803027e-06, -0.000679684104397893, -0.0003099775349255651, 0.0007510176510550082, -0.0011490138713270426, -0.0003971933329012245, -0.0011912134941667318, 0.0006288544391281903, -0.0007479352061636746], [2.2368887584889308e-05, -3.582616773201153e-05, -0.001049396931193769, 1.9372573660803027e-06, 0.005207633599638939, -0.0034375886898487806, 0.0009368895553052425, -0.0003625047393143177, 9.094874985748902e-05, -0.0017174960812553763, 0.0016514903400093317, -0.0019935162272304296, -0.0010770716471597552], [0.00025103497318923473, 0.0003377263783477247, 0.000615015858784318, -0.000679684104397893, -0.0034375886898487806, 0.008895093575119972, -0.003496450139209628, 0.0006033933022990823, -0.001277466770261526, 0.0026241084560751915, -0.0009181059431284666, 0.0022803370375186205, 0.0015290676383301616], [0.00014447333524003625, -0.00033068316406570375, -0.000872562697622925, -0.0003099775349255651, 0.0009368895553052425, -0.003496450139209628, 0.01146718580275774, -0.005125185940414667, -0.0006383268628269434, -0.0003123130009043962, -0.0017822125228121877, -0.0030733884777873755, 0.001721564563922584], [-8.292323764180765e-05, 0.0005095734377391636, 7.100113725755364e-05, 0.0007510176510550082, -0.0003625047393143177, 0.0006033933022990823, -0.005125185940414667, 0.008896557614207268, -0.0009744844865053892, -0.0014635893749073148, 0.0015413330402225256, 0.0016081754583865404, -0.004155026748776436], [0.00010705272143241018, 0.0003351916966494173, 0.00025943623040802777, -0.0011490138713270426, 9.094874985748902e-05, -0.001277466770261526, -0.0006383268628269434, -0.0009744844865053892, 0.009244856424629688, -0.003539972472935915, 0.0023906573187559843, -0.0011645269114524126, 0.003283208468928933], [-7.742927118670195e-05, -0.00012557032459881157, 0.00037881353637203574, -0.0003971933329012245, -0.0017174960812553763, 0.0026241084560751915, -0.0003123130009043962, -0.0014635893749073148, -0.003539972472935915, 0.012774309143424034, -0.007623713929206133, 0.0006069266819395125, -0.0006445209146477282], [-0.00014630722580477595, 0.0005038693198002875, 2.2115587853477336e-05, -0.0011912134941667318, 0.0016514903400093317, -0.0009181059431284666, -0.0017822125228121877, 0.0015413330402225256, 0.0023906573187559843, -0.007623713929206133, 0.01696079969406128, -0.008564707823097706, 0.0040809595957398415], [-0.00011006818385794759, 8.147818880388513e-05, 0.0006887332419864833, 0.0006288544391281903, -0.0019935162272304296, 0.0022803370375186205, -0.0030733884777873755, 0.0016081754583865404, -0.0011645269114524126, 0.0006069266819395125, -0.008564707823097706, 0.018529590219259262, -0.007269452325999737], [7.38914604880847e-05, 0.00035371124977245927, -0.00038682890590280294, -0.0007479352061636746, -0.0010770716471597552, 0.0015290676383301616, 0.001721564563922584, -0.004155026748776436, 0.003283208468928933, -0.0006445209146477282, 0.0040809595957398415, -0.007269452325999737, 0.018278757110238075]], 