{"song_id": "1182285590616612974", "download": "https://cdn.discordapp.com/attachments/1135911532732108921/1182285590616612974/chirp.mp4?ex=65842442&amp", "lyrics": "FATTO E DIRETTO DA ZAC\nFATTO E DIRETTO DA ZAC\nFATTO E DIRETTO DA ZAC\nFATTO E DIRETTO DA ZAC\nFATTO E DIRETTO DA ZAC\nFATTO E DIRETTO DA ZAC\nFATTO E DIRETTO DA ZAC\nFATTO E DIRETTO DA ZAC", "style": ["techno"], "essentia_features": {"lowlevel.average_loudness": 0.8547393083572388, "lowlevel.barkbands_crest.mean": 14.589692115783691, "lowlevel.barkbands_crest.stdev": 6.116016864776611, "lowlevel.barkbands_flatness_db.mean": 0.18864165246486664, "lowlevel.barkbands_flatness_db.stdev": 0.07174898684024811, "lowlevel.barkbands_kurtosis.mean": 14.320849418640137, "lowlevel.barkbands_kurtosis.stdev": 33.3252067565918, "lowlevel.barkbands_skewness.mean": 2.1897034645080566, "lowlevel.barkbands_skewness.stdev": 2.876133441925049, "lowlevel.barkbands_spread.mean": 29.083446502685547, "lowlevel.barkbands_spread.stdev": 24.47200584411621, "lowlevel.dissonance.mean": 0.4452930986881256, "lowlevel.dissonance.stdev": 0.040143437683582306, "lowlevel.dynamic_complexity": 3.5689404010772705, "lowlevel.erbbands_crest.mean": 11.415040016174316, "lowlevel.erbbands_crest.stdev": 4.815869331359863, "lowlevel.erbbands_flatness_db.mean": 0.19166299700737, "lowlevel.erbbands_flatness_db.stdev": 0.061003174632787704, "lowlevel.erbbands_kurtosis.mean": 2.8076272010803223, "lowlevel.erbbands_kurtosis.stdev": 6.350044250488281, "lowlevel.erbbands_skewness.mean": 0.3502078950405121, "lowlevel.erbbands_skewness.stdev": 1.7186222076416016, "lowlevel.erbbands_spread.mean": 43.11772155761719, "lowlevel.erbbands_spread.stdev": 27.82866668701172, "lowlevel.hfc.mean": 21.282014846801758, "lowlevel.hfc.stdev": 24.7104549407959, "lowlevel.loudness_ebu128.integrated": -17.019289016723633, "lowlevel.loudness_ebu128.loudness_range": 5.984951972961426, "lowlevel.loudness_ebu128.momentary.mean": -18.316268920898438, "lowlevel.loudness_ebu128.momentary.stdev": 3.600844383239746, "lowlevel.loudness_ebu128.short_term.mean": -17.61203956604004, "lowlevel.loudness_ebu128.short_term.stdev": 1.9957695007324219, "lowlevel.melbands_crest.mean": 17.330564498901367, "lowlevel.melbands_crest.stdev": 5.938826560974121, "lowlevel.melbands_flatness_db.mean": 0.2437981367111206, "lowlevel.melbands_flatness_db.stdev": 0.09208158403635025, "lowlevel.melbands_kurtosis.mean": 33.933109283447266, "lowlevel.melbands_kurtosis.stdev": 56.408416748046875, "lowlevel.melbands_skewness.mean": 3.83565616607666, "lowlevel.melbands_skewness.stdev": 2.9900267124176025, "lowlevel.melbands_spread.mean": 35.165348052978516, "lowlevel.melbands_spread.stdev": 47.52668762207031, "lowlevel.pitch_salience.mean": 0.4342896342277527, "lowlevel.pitch_salience.stdev": 0.1583595871925354, "lowlevel.silence_rate_20dB.mean": 1.0, "lowlevel.silence_rate_20dB.stdev": 0.0, "lowlevel.silence_rate_30dB.mean": 1.0, "lowlevel.silence_rate_30dB.stdev": 0.0, "lowlevel.silence_rate_60dB.mean": 0.21263587474822998, "lowlevel.silence_rate_60dB.stdev": 0.40917161107063293, "lowlevel.spectral_centroid.mean": 1559.840576171875, "lowlevel.spectral_centroid.stdev": 1213.1956787109375, "lowlevel.spectral_complexity.mean": 8.957880020141602, "lowlevel.spectral_complexity.stdev": 6.723045349121094, "lowlevel.spectral_decrease.mean": -3.0248694660173214e-09, "lowlevel.spectral_decrease.stdev": 2.8004276675375195e-09, "lowlevel.spectral_energy.mean": 0.013346901163458824, "lowlevel.spectral_energy.stdev": 0.01200362853705883, "lowlevel.spectral_energyband_high.mean": 0.0016395262209698558, "lowlevel.spectral_energyband_high.stdev": 0.0023921546526253223, "lowlevel.spectral_energyband_low.mean": 0.0018443259177729487, "lowlevel.spectral_energyband_low.stdev": 0.00390923535451293, "lowlevel.spectral_energyband_middle_high.mean": 0.0033845859579741955, "lowlevel.spectral_energyband_middle_high.stdev": 0.005849780980497599, "lowlevel.spectral_energyband_middle_low.mean": 0.0067122019827365875, "lowlevel.spectral_energyband_middle_low.stdev": 0.007007245440036058, "lowlevel.spectral_entropy.mean": 7.096359729766846, "lowlevel.spectral_entropy.stdev": 0.7532017827033997, "lowlevel.spectral_flux.mean": 0.046471837908029556, "lowlevel.spectral_flux.stdev": 0.03343101218342781, "lowlevel.spectral_kurtosis.mean": 6.184182167053223, "lowlevel.spectral_kurtosis.stdev": 6.47365140914917, "lowlevel.spectral_rms.mean": 0.003228170331567526, "lowlevel.spectral_rms.stdev": 0.0016125368420034647, "lowlevel.spectral_rolloff.mean": 2893.7021484375, "lowlevel.spectral_rolloff.stdev": 3504.55810546875, "lowlevel.spectral_skewness.mean": 1.6721383333206177, "lowlevel.spectral_skewness.stdev": 0.8811994791030884, "lowlevel.spectral_spread.mean": 5689003.0, "lowlevel.spectral_spread.stdev": 3307738.75, "lowlevel.spectral_strongpeak.mean": 1.2252187728881836, "lowlevel.spectral_strongpeak.stdev": 1.8384342193603516, "lowlevel.zerocrossingrate.mean": 0.09946839511394501, "lowlevel.zerocrossingrate.stdev": 0.08847098797559738, "metadata.audio_properties.analysis.equal_loudness": 0.0, "metadata.audio_properties.analysis.length": 34.15464782714844, "metadata.audio_properties.analysis.sample_rate": 44100.0, "metadata.audio_properties.analysis.start_time": 0.0, "metadata.audio_properties.bit_rate": 121544.0, "metadata.audio_properties.length": 34.154666900634766, "metadata.audio_properties.lossless": 0.0, "metadata.audio_properties.number_channels": 1.0, "metadata.audio_properties.replay_gain": -12.120824813842773, "metadata.audio_properties.sample_rate": 48000.0, "rhythm.beats_count": 56.0, "rhythm.beats_loudness.mean": 0.01908283308148384, "rhythm.beats_loudness.stdev": 0.01354474388062954, "rhythm.bpm": 99.17728424072266, "rhythm.bpm_histogram_first_peak_bpm": 99.0, "rhythm.bpm_histogram_first_peak_weight": 0.07547169923782349, "rhythm.bpm_histogram_second_peak_bpm": 91.0, "rhythm.bpm_histogram_second_peak_spread": 0.5, "rhythm.bpm_histogram_second_peak_weight": 0.0181818176060915, "rhythm.danceability": 1.140557885169983, "rhythm.onset_rate": 4.126648426055908, "tonal.chords_changes_rate": 0.04884667694568634, "tonal.chords_number_rate": 0.010854816995561123, "tonal.chords_strength.mean": 0.4960697293281555, "tonal.chords_strength.stdev": 0.08491957187652588, "tonal.hpcp_crest.mean": 21.084627151489258, "tonal.hpcp_crest.stdev": 8.780448913574219, "tonal.hpcp_entropy.mean": 1.2317094802856445, "tonal.hpcp_entropy.stdev": 0.694121241569519, "tonal.key_edma.strength": 0.7429709434509277, "tonal.key_krumhansl.strength": 0.7363075017929077, "tonal.key_temperley.strength": 0.7137024402618408, "tonal.tuning_diatonic_strength": 0.5219882726669312, "tonal.tuning_equal_tempered_deviation": 0.007841173559427261, "tonal.tuning_frequency": 441.0177917480469, "tonal.tuning_nontempered_energy_ratio": 0.610190212726593, "lowlevel.barkbands.mean": [7.980672307894565e-06, 0.0012322552502155304, 0.00046641836524941027, 0.00030054556555114686, 0.002999504329636693, 0.0019287238828837872, 0.0008290681289508939, 0.0002817786589730531, 0.00020793192379642278, 0.00036127481143921614, 0.00023245667398441583, 0.0003241499653086066, 0.00017705494246911258, 0.0004364235501270741, 0.00011495286162244156, 0.00013684039004147053, 0.0008266730001196265, 0.00039949064375832677, 0.0002819013607222587, 0.0005894940695725381, 0.00035974456113763154, 8.945159788709134e-05, 0.00013197024236433208, 0.0002443768025841564, 0.00014880283561069518, 0.00021640036720782518, 2.1237923647277057e-05], "lowlevel.barkbands.stdev": [3.3604042982915416e-05, 0.0027797454968094826, 0.0013357398565858603, 0.0010917927138507366, 0.005072731524705887, 0.0041557494550943375, 0.0019896766170859337, 0.0008429816225543618, 0.0009248984279111028, 0.0011143486481159925, 0.001000541727989912, 0.0018671738216653466, 0.0008152999798767269, 0.0016582838725298643, 0.00039003812707960606, 0.0005232617841102183, 0.0022555007599294186, 0.001054346445016563, 0.0005750599084421992, 0.0011945116566494107, 0.000753227446693927, 0.0005503222346305847, 0.0004290230863261968, 0.0008427013526670635, 0.000355437834514305, 0.0005185408517718315, 6.0187227063579485e-05], "lowlevel.erbbands.mean": [0.012826526537537575, 0.34344249963760376, 0.718626856803894, 0.7307780981063843, 1.4809437990188599, 12.453203201293945, 16.549663543701172, 17.79743194580078, 18.539480209350586, 6.378436088562012, 3.6950604915618896, 5.704520225524902, 12.00093936920166, 6.00203800201416, 11.461359024047852, 13.495264053344727, 9.806839942932129, 19.082780838012695, 10.934221267700195, 9.1926851272583, 21.231050491333008, 38.572723388671875, 23.10916519165039, 20.096525192260742, 10.626317977905273, 25.88840103149414, 29.116426467895508, 5.4244794845581055, 3.4202301502227783, 3.0098061561584473, 3.8181772232055664, 4.424440383911133, 4.3493242263793945, 1.9801554679870605, 0.9053700566291809, 0.6908789873123169, 0.43625810742378235, 0.10467512905597687, 0.0021731045562773943, 7.588611333630979e-05], "lowlevel.erbbands.stdev": [0.031783509999513626, 0.7634022831916809, 1.6909772157669067, 2.364779472351074, 2.829622268676758, 21.924930572509766, 30.603992462158203, 42.360599517822266, 39.61113357543945, 13.358214378356934, 12.148448944091797, 24.791488647460938, 30.199161529541016, 20.65422248840332, 49.48601531982422, 77.4352798461914, 40.66653060913086, 71.07772064208984, 39.26186752319336, 31.753173828125, 58.3968391418457, 111.86577606201172, 63.32353973388672, 40.91075134277344, 21.935592651367188, 56.51329040527344, 52.99433898925781, 14.735522270202637, 20.69936752319336, 13.511236190795898, 12.419697761535645, 14.831522941589355, 15.974406242370605, 5.9219889640808105, 2.203794240951538, 1.7644442319869995, 1.075738787651062, 0.26049694418907166, 0.005350558087229729, 0.00014173041563481092], "lowlevel.gfcc.mean": [-74.44549560546875, 51.51066207885742, -106.05908203125, 8.860257148742676, -61.726497650146484, -14.05423355102539, -56.93276596069336, -6.730558395385742, -50.809635162353516, 5.500931262969971, -12.071481704711914, 0.33044788241386414, -6.809893608093262], "lowlevel.melbands.mean": [0.00023758562747389078, 0.00041759348823688924, 0.00014046915748622268, 0.0004300116270314902, 0.0006787964375689626, 0.0004055180470459163, 0.00024934514658525586, 6.772165943402797e-05, 2.3603141016792506e-05, 3.8367699744412675e-05, 6.136602314654738e-05, 2.5207964426954277e-05, 3.020534131792374e-05, 3.667824057629332e-05, 3.158831168548204e-05, 1.7524054783280008e-05, 4.10734792239964e-05, 2.1943067622487433e-05, 8.399666512559634e-06, 1.4401121916307602e-05, 3.11261901515536e-05, 5.1181890739826486e-05, 1.7088570530177094e-05, 2.060348924715072e-05, 1.6161047824425623e-05, 6.513153948617401e-06, 9.194380254484713e-06, 1.9992223315057345e-05, 2.141011464118492e-05, 8.941589840105735e-06, 1.587844053574372e-06, 1.9470091956463875e-06, 1.6632445749564795e-06, 1.702514737189631e-06, 1.9340786820976064e-06, 2.678143573575653e-06, 2.7911330562346848e-06, 3.426993089306052e-06, 2.4657879293954466e-06, 1.3371492286751163e-06], "lowlevel.melbands.stdev": [0.0005458850646391511, 0.0008917563827708364, 0.0003874234389513731, 0.0007211118936538696, 0.001156349084340036, 0.0008812417509034276, 0.000530993624124676, 0.00016407266957685351, 8.028218144318089e-05, 0.00017224063049070537, 0.00016070777201093733, 9.845872409641743e-05, 0.000133463108795695, 0.00020265800412744284, 0.00020365140517242253, 9.993441926781088e-05, 0.00016174714255612344, 8.846011041896418e-05, 2.861776010831818e-05, 5.461358159664087e-05, 0.00010247859609080479, 0.00014528782048728317, 4.69911283289548e-05, 6.59450379316695e-05, 3.5502711398294196e-05, 1.4787742657063063e-05, 2.4586684958194382e-05, 4.59814109490253e-05, 3.6886845919070765e-05, 1.9424942365731113e-05, 8.710785550647415e-06, 1.2859150956501253e-05, 9.766815310285892e-06, 7.208056558738463e-06, 6.198066785145784e-06, 9.882574886432849e-06, 9.296329153585248e-06, 1.313528719038004e-05, 8.515784429619089e-06, 3.814944648183882e-06], "lowlevel.melbands128.mean": [3.810232101386646e-06, 2.180519550165627e-05, 0.0003058701113332063, 0.0006992409471422434, 0.0004882875946350396, 0.00018684648966882378, 0.00013624710845761, 0.0001551462773932144, 9.809496259549633e-05, 0.0002055045624729246, 0.0007653343491256237, 0.0011613466776907444, 0.0005345697281882167, 0.0002772942534647882, 0.0003642046940512955, 0.0005082751740701497, 0.0004917760961689055, 0.00013770682562608272, 5.091392813483253e-05, 5.4825391998747364e-05, 9.889325883705169e-05, 4.2720384954009205e-05, 8.183540558093227e-06, 7.776646270940546e-06, 3.151211785734631e-05, 6.134830618975684e-05, 2.925020453403704e-05, 7.895920862210914e-05, 7.476114842575043e-05, 2.012286495300941e-05, 1.614487155165989e-05, 1.4227902283892035e-05, 1.6140273146447726e-05, 6.834266969235614e-05, 2.369340290897526e-05, 3.614068191382103e-05, 3.434308018768206e-05, 4.636130324797705e-05, 1.5613479263265617e-05, 1.662766226218082e-05, 2.6019417418865487e-05, 3.7192978652456077e-06, 3.0678489565616474e-05, 7.98396285972558e-05, 3.2575491786701605e-05, 1.0623691196087748e-05, 5.677089120581513e-06, 7.5667776400223374e-06, 9.581364793120883e-06, 1.2315003914409317e-05, 2.1264624592731707e-05, 9.552523806632962e-06, 2.489551889084396e-06, 4.824158895644359e-05, 8.297812746604905e-05, 5.654853885062039e-05, 2.3077649530023336e-05, 4.300663931644522e-06, 2.680832039914094e-05, 1.6985757611109875e-05, 2.911754017986823e-05, 4.5867445805924945e-06, 3.262552127125673e-05, 1.1105012163170613e-05, 7.901739081717096e-06, 5.492476702784188e-06, 7.273252322193002e-06, 5.737638730352046e-06, 9.494718142377678e-06, 1.4368105439643841e-05, 1.2635323400900234e-05, 3.109103272436187e-05, 2.5913570425473154e-05, 1.4786213796469383e-05, 2.4091188606689684e-05, 1.0644379472068977e-05, 2.003726649491e-06, 1.54395286244835e-06, 1.4571096471627243e-06, 1.6306831867041183e-06, 2.138021272912738e-06, 1.963494923984399e-06, 1.838165189838037e-06, 1.7701111119095003e-06, 1.3061921890766826e-06, 1.6471483377245022e-06, 1.9695967239385936e-06, 1.5544844700343674e-06, 1.6914596017159056e-06, 2.18223181036592e-06, 3.2484763323736843e-06, 2.5171273136948003e-06, 2.3594359390699537e-06, 2.5165263650706038e-06, 2.8943863981112372e-06, 4.658745183405699e-06, 3.1646691240894143e-06, 2.3108095774659887e-06, 2.9176517273299396e-06, 2.32900333685393e-06, 1.6623787360003917e-06, 1.2456530384952202e-06, 7.829019637028978e-07, 9.132087370744557e-07, 9.990118314817664e-07, 1.0750399042080971e-06, 1.0018734428740572e-06, 1.0096109690493904e-06, 1.3247981769382022e-06, 1.3419033848549589e-06, 1.093926812245627e-06, 1.3341785916054505e-06, 1.521930926173809e-06, 1.5788855307619087e-06, 1.37621918838704e-06, 1.3054476539764437e-06, 8.819519621283689e-07, 3.402243820005424e-08, 3.6313690769673723e-12, 2.700125713295254e-12, 2.390092897902596e-12, 2.1037878470547833e-12, 1.96363389957932e-12, 1.891762137565256e-12, 1.8147713149938016e-12, 1.7278566815173702e-12, 1.6746028392092271e-12, 1.6539523656905475e-12], "lowlevel.melbands128.stdev": [2.096736352541484e-05, 9.570986730977893e-05, 0.0007625045254826546, 0.001576540875248611, 0.001111331395804882, 0.0005692093982361257, 0.0005368531565181911, 0.0005232216790318489, 0.00025167062995024025, 0.0005808043642900884, 0.001439687330275774, 0.0022190562449395657, 0.0012237910414114594, 0.0009895935654640198, 0.0012781380210071802, 0.0012729987502098083, 0.0010763020254671574, 0.000496674096211791, 0.0002257285814266652, 0.00014115593512542546, 0.0002965149760711938, 0.00021204695804044604, 3.775485311052762e-05, 4.824498319067061e-05, 0.00016027162200771272, 0.0003280926321167499, 0.00012558302842080593, 0.00021940417354926467, 0.00034667880390770733, 0.00011955786612816155, 9.195838356390595e-05, 9.79407413979061e-05, 0.00010594924970064312, 0.00034544640220701694, 0.000123435485875234, 0.0004071243747603148, 0.00020581806893460453, 0.00044086159323342144, 8.107944449875504e-05, 9.780776599654928e-05, 0.00018838566029444337, 1.7783995645004325e-05, 0.00013656969531439245, 0.00036633448326028883, 0.00019620145030785352, 6.750038301106542e-05, 2.4565913918195292e-05, 2.9829794584657066e-05, 4.46254234702792e-05, 8.332983270520344e-05, 0.0001030104685924016, 3.939546877518296e-05, 9.887966371024959e-06, 0.00018072851526085287, 0.00029583496507257223, 0.0002428494772175327, 0.00013188915909267962, 1.640473783481866e-05, 9.73437781794928e-05, 5.311890345183201e-05, 0.00014051941980142146, 1.3230247532192152e-05, 8.787665865384042e-05, 2.7115958801005036e-05, 3.30081456922926e-05, 1.3797560313832946e-05, 2.6173729565925896e-05, 1.571626853547059e-05, 3.986460797023028e-05, 4.401796104502864e-05, 4.401877595228143e-05, 9.857366239884868e-05, 6.0545586165972054e-05, 3.186737376381643e-05, 7.638970419066027e-05, 2.8977116016903892e-05, 8.081670785031747e-06, 7.308100066438783e-06, 9.250063158106059e-06, 1.1060351425840054e-05, 1.554543814563658e-05, 1.3190205208957195e-05, 1.09049387901905e-05, 1.1474840903247241e-05, 7.390454356936971e-06, 8.336282007803675e-06, 8.54195786814671e-06, 5.765159130532993e-06, 5.659876023855759e-06, 8.0823137977859e-06, 1.3443560419545975e-05, 9.780786058399826e-06, 8.851206985127646e-06, 9.923089237418026e-06, 1.023985805659322e-05, 1.7346314052701928e-05, 1.373270970361773e-05, 1.0643710083968472e-05, 1.0409461538074538e-05, 7.722443115198985e-06, 5.907569629926002e-06, 3.4917513858090388e-06, 2.382903403486125e-06, 2.533455699449405e-06, 3.023568979187985e-06, 3.119337179668946e-06, 3.1058089007274248e-06, 3.272946287324885e-06, 4.042346517962869e-06, 3.829444722214248e-06, 2.9742482183792163e-06, 3.5459850096231094e-06, 4.607194114214508e-06, 4.343492037151009e-06, 3.577324832804152e-06, 3.4626509659574367e-06, 2.516146878406289e-06, 1.1484982564979873e-07, 1.3111003602239713e-11, 1.2360583910575595e-11, 8.787090846618106e-12, 4.051346931543964e-12, 3.443353241427971e-12, 3.3416470545527543e-12, 3.2782854122309635e-12, 3.2260426968688805e-12, 3.1791849968570984e-12, 3.144216007347489e-12], "lowlevel.mfcc.mean": [-733.3326416015625, 104.26904296875, -2.017843008041382, 16.591835021972656, 3.35563325881958, -14.693695068359375, 4.7818708419799805, -25.40633773803711, -23.18785858154297, -8.594677925109863, -24.574657440185547, -3.634100914001465, -7.10846471786499], "lowlevel.spectral_contrast_coeffs.mean": [-0.5717397928237915, -0.6746565699577332, -0.7392883896827698, -0.768395721912384, -0.7567753791809082, -0.7716113924980164], "lowlevel.spectral_contrast_coeffs.stdev": [0.1228211298584938, 0.09376277774572372, 0.07162545621395111, 0.06360530108213425, 0.07713001221418381, 0.0586405023932457], "lowlevel.spectral_contrast_valleys.mean": [-8.52233600616455, -8.25113582611084, -8.702836036682129, -8.867951393127441, -8.43776798248291, -11.345290184020996], "lowlevel.spectral_contrast_valleys.stdev": [1.2034646272659302, 0.9200897812843323, 0.9253381490707397, 0.9124270677566528, 1.1933866739273071, 1.4387061595916748], "rhythm.beats_loudness_band_ratio.mean": [0.11087555438280106, 0.43307629227638245, 0.12597154080867767, 0.09248920530080795, 0.08627091348171234, 0.21256576478481293], "rhythm.beats_loudness_band_ratio.stdev": [0.17038248479366302, 0.26881974935531616, 0.13886231184005737, 0.12287073582410812, 0.10886424034833908, 0.13425765931606293], "tonal.hpcp.mean": [0.010707187466323376, 0.012720911763608456, 0.055434904992580414, 0.103610098361969, 0.0624157078564167, 0.013659420423209667, 0.012928756885230541, 0.023840680718421936, 0.2953571677207947, 0.46080589294433594, 0.20883305370807648, 0.05323585495352745, 0.050706539303064346, 0.028011102229356766, 0.03754749894142151, 0.07004128396511078, 0.05421624705195427, 0.12066932022571564, 0.16344952583312988, 0.06435859948396683, 0.012483054772019386, 0.012618891894817352, 0.018963400274515152, 0.14786170423030853, 0.21938203275203705, 0.10117518901824951, 0.02820591628551483, 0.0191175676882267, 0.011883529834449291, 0.09841112792491913, 0.19958758354187012, 0.12219472229480743, 0.08430632203817368, 0.1272805631160736, 0.06346429884433746, 0.010259944014251232], "tonal.hpcp.stdev": [0.05513074994087219, 0.07645457983016968, 0.13861097395420074, 0.2451924979686737, 0.16661106050014496, 0.06491979956626892, 0.07240946590900421, 0.10946732759475708, 0.3116116523742676, 0.43959474563598633, 0.2481377124786377, 0.18276242911815643, 0.19419345259666443, 0.12348727881908417, 0.11136160790920258, 0.19139674305915833, 0.144796222448349, 0.24520228803157806, 0.3096446692943573, 0.14923538267612457, 0.049963727593421936, 0.04194078594446182, 0.07192689925432205, 0.2476334273815155, 0.3533879220485687, 0.1943461298942566, 0.11291705071926117, 0.08926545083522797, 0.0708538219332695, 0.1724793016910553, 0.3287249505519867, 0.20929688215255737, 0.1806575506925583, 0.2798227369785309, 0.15434546768665314, 0.03205898031592369], "rhythm.beats_position": [0.650158703327179, 1.3119274377822876, 1.9504761695861816, 2.565804958343506, 3.18113374710083, 3.7848525047302246, 4.388571262359619, 4.980679988861084, 5.572789192199707, 6.176507949829102, 6.780226707458496, 7.383945465087891, 7.999274253845215, 8.60299301147461, 9.206711769104004, 9.822040557861328, 10.425759315490723, 11.029478073120117, 11.633196830749512, 12.236915588378906, 12.8406343460083, 13.444353103637695, 14.04807186126709, 14.6517915725708, 15.255510330200195, 15.85922908782959, 16.462947845458984, 17.066665649414062, 17.670385360717773, 18.27410316467285, 18.889432907104492, 19.5047607421875, 20.10848045349121, 20.71219825744629, 21.31591796875, 21.91963768005371, 22.52335548400879, 23.1270751953125, 23.730792999267578, 24.33451271057129, 24.949840545654297, 25.565170288085938, 26.168888092041016, 26.772607803344727, 27.364715576171875, 27.956825256347656, 28.560543060302734, 29.164262771606445, 29.779590606689453, 30.394920349121094, 30.998638153076172, 31.602357864379883, 32.206077575683594, 32.80979537963867, 33.41351318359375, 34.017234802246094], "rhythm.bpm_histogram": [0.0, 0.0, 0.0, 0.0, 0.0, 0.0, 0.0, 0.0, 0.0, 0.0, 0.0, 0.0, 0.0, 0.0, 0.0, 0.0, 0.0, 0.0, 0.0, 0.0, 0.0, 0.0, 0.0, 0.0, 0.0, 0.0, 0.0, 0.0, 0.0, 0.0, 0.0, 0.0, 0.0, 0.0, 0.0, 0.0, 0.0, 0.0, 0.0, 0.0, 0.0, 0.0, 0.0, 0.0, 0.0, 0.0, 0.0, 0.0, 0.0, 0.0, 0.0, 0.0, 0.0, 0.0, 0.0, 0.0, 0.0, 0.0, 0.0, 0.0, 0.0, 0.0, 0.0, 0.0, 0.0, 0.0, 0.0, 0.0, 0.0, 0.0, 0.0, 0.0, 0.0, 0.0, 0.0, 0.0, 0.0, 0.0, 0.0, 0.0, 0.0, 0.0, 0.0, 0.0, 0.0, 0.0, 0.0, 0.0, 0.0, 0.0, 0.0, 0.0181818176060915, 0.0, 0.0, 0.0181818176060915, 0.0, 0.0, 0.0, 0.1818181872367859, 0.7090908885002136, 0.0, 0.072727270424366, 0.0, 0.0, 0.0, 0.0, 0.0, 0.0, 0.0, 0.0, 0.0, 0.0, 0.0, 0.0, 0.0, 0.0, 0.0, 0.0, 0.0, 0.0, 0.0, 0.0, 0.0, 0.0, 0.0, 0.0, 0.0, 0.0, 0.0, 0.0, 0.0, 0.0, 0.0, 0.0, 0.0, 0.0, 0.0, 0.0, 0.0, 0.0, 0.0, 0.0, 0.0, 0.0, 0.0, 0.0, 0.0, 0.0, 0.0, 0.0, 0.0, 0.0, 0.0, 0.0, 0.0, 0.0, 0.0, 0.0, 0.0, 0.0, 0.0, 0.0, 0.0, 0.0, 0.0, 0.0, 0.0, 0.0, 0.0, 0.0, 0.0, 0.0, 0.0, 0.0, 0.0, 0.0, 0.0, 0.0, 0.0, 0.0, 0.0, 0.0, 0.0, 0.0, 0.0, 0.0, 0.0, 0.0, 0.0, 0.0, 0.0, 0.0, 0.0, 0.0, 0.0, 0.0, 0.0, 0.0, 0.0, 0.0, 0.0, 0.0, 0.0, 0.0, 0.0, 0.0, 0.0, 0.0, 0.0, 0.0, 0.0, 0.0, 0.0, 0.0, 0.0, 0.0, 0.0, 0.0, 0.0, 0.0, 0.0, 0.0, 0.0, 0.0, 0.0, 0.0, 0.0, 0.0, 0.0, 0.0, 0.0, 0.0, 0.0, 0.0, 0.0, 0.0, 0.0, 0.0, 0.0, 0.0, 0.0, 0.0, 0.0, 0.0, 0.0, 0.0, 0.0, 0.0, 0.0, 0.0], "tonal.chords_histogram": [38.941654205322266, 8.141112327575684, 23.202171325683594, 5.291723251342773, 5.563093662261963, 0.0, 0.0, 4.613296985626221, 0.0, 12.483038902282715, 0.0, 0.13568520545959473, 0.0, 0.0, 0.0, 0.0, 0.0, 0.0, 0.0, 0.0, 0.0, 0.0, 0.0, 1.6282224655151367], "tonal.thpcp": [1.0, 0.4531909227371216, 0.11552771925926208, 0.11003882437944412, 0.06078720465302467, 0.08148224651813507, 0.151997372508049, 0.11765528470277786, 0.2618658244609833, 0.3547036349773407, 0.13966532051563263, 0.027089616283774376, 0.027384398505091667, 0.04115268588066101, 0.3208763301372528, 0.4760833978652954, 0.2195613980293274, 0.06120997294783592, 0.04148724675178528, 0.025788580998778343, 0.21356308460235596, 0.433127224445343, 0.26517611742019653, 0.1829540878534317, 0.2762129604816437, 0.13772457838058472, 0.022265218198299408, 0.023235786706209183, 0.02760579250752926, 0.12029990553855896, 0.22484542429447174, 0.13544902205467224, 0.029642460867762566, 0.028056839480996132, 0.05173692852258682, 0.6409578919410706], "lowlevel.gfcc.cov": [[9724.685546875, -2468.14453125, -24.50340461730957, 923.5719604492188, -73.75633239746094, 30.138357162475586, 465.9196472167969, 1297.1064453125, 268.62298583984375, 369.0599060058594, -6.085389614105225, 210.988037109375, 78.16011810302734], [-2468.14453125, 3141.0673828125, -774.472412109375, -162.19842529296875, 601.5430908203125, -209.79115295410156, 181.6139373779297, -130.6896209716797, 133.40855407714844, -121.45194244384766, 263.7353210449219, -235.400146484375, 245.4574737548828], [-24.50340461730957, -774.472412109375, 1410.90869140625, -19.71440887451172, 108.38299560546875, 426.6589050292969, -38.58287048339844, 28.591445922851562, 31.208358764648438, 31.208877563476562, -130.91587829589844, 239.8771209716797, -225.2671661376953], [923.5719604492188, -162.19842529296875, -19.71440887451172, 1094.177978515625, 131.6177215576172, 179.29656982421875, 221.2400360107422, 322.6562194824219, 329.5377197265625, -51.48359298706055, 58.161529541015625, 36.087066650390625, 105.09827423095703], [-73.75633239746094, 601.5430908203125, 108.38299560546875, 131.6177215576172, 562.4407958984375, 53.722862243652344, 132.3356475830078, 196.160888671875, 126.21835327148438, 27.235734939575195, 5.569703102111816, 62.93217849731445, 44.67392349243164], [30.138357162475586, -209.79115295410156, 426.6589050292969, 179.29656982421875, 53.722862243652344, 502.0913391113281, 152.63560485839844, 54.324947357177734, 79.04003143310547, 30.920562744140625, 21.262287139892578, 22.515111923217773, -57.754188537597656], [465.9196472167969, 181.6139373779297, -38.58287048339844, 221.2400360107422, 132.3356475830078, 152.63560485839844, 367.22662353515625, 200.61605834960938, 79.4603500366211, 82.34314727783203, 54.19317626953125, -3.714231014251709, 7.690720558166504], [1297.1064453125, -130.6896209716797, 28.591445922851562, 322.6562194824219, 196.160888671875, 54.324947357177734, 200.61605834960938, 486.9866943359375, 228.75660705566406, 57.94657516479492, 31.58636474609375, 86.3977279663086, 53.80421829223633], [268.62298583984375, 133.40855407714844, 31.208358764648438, 329.5377197265625, 126.21835327148438, 79.04003143310547, 79.4603500366211, 228.75660705566406, 328.7405700683594, 0.22123095393180847, 51.845481872558594, 70.43710327148438, 58.50458908081055], [369.0599060058594, -121.45194244384766, 31.208877563476562, -51.48359298706055, 27.235734939575195, 30.920562744140625, 82.34314727783203, 57.94657516479492, 0.22123095393180847, 148.4716796875, 26.72990608215332, 11.891434669494629, -21.74749755859375], [-6.085389614105225, 263.7353210449219, -130.91587829589844, 58.161529541015625, 5.569703102111816, 21.262287139892578, 54.19317626953125, 31.58636474609375, 51.845481872558594, 26.72990608215332, 166.30178833007812, -28.10219383239746, 53.4295539855957], [210.988037109375, -235.400146484375, 239.8771209716797, 36.087066650390625, 62.93217849731445, 22.515111923217773, -3.714231014251709, 86.3977279663086, 70.43710327148438, 11.891434669494629, -28.10219383239746, 179.4239044189453, -26.122854232788086], [78.16011810302734, 245.4574737548828, -225.2671661376953, 105.09827423095703, 44.67392349243164, -57.754188537597656, 7.690720558166504, 53.80421829223633, 58.50458908081055, -21.74749755859375, 53.4295539855957, -26.122854232788086, 154.95465087890625]], "lowlevel.gfcc.icov": [[0.00024447799660265446, 0.0001650903286645189, 4.253061706549488e-05, -7.897487375885248e-05, 5.15552528668195e-05, 7.750936492811888e-05, -7.337783699767897e-06, -0.0006605156813748181, 0.00024701829534024, -0.0002884421846829355, -5.235244316281751e-05, 7.338784052990377e-05, -0.0001290201034862548], [0.0001650903286645189, 0.001348216668702662, 0.00015424008597619832, 0.0006539912428706884, -0.0015631297137588263, 0.0006760183023288846, -0.0012788827298209071, 0.0008492395863868296, -0.0011315412120893598, 0.0014906218275427818, -0.0014949004398658872, 0.0012892200611531734, -0.0005978327244520187], [4.253061706549488e-05, 0.00015424008597619832, 0.001883882679976523, 4.284076931071468e-05, -0.0004987674183212221, -0.001512815710157156, 0.0007921321084722877, -0.0001335267152171582, 0.00017080538964364678, -4.536312189884484e-05, 0.0003714081540238112, -0.0017105569131672382, 0.0015435825334861875], [-7.897487375885248e-05, 0.0006539912428706884, 4.284076931071468e-05, 0.0020633337553590536, -0.0007448943215422332, 3.761535481316969e-05, -0.001433348166756332, 0.0005684196366928518, -0.001978394342586398, 0.0020723650231957436, -0.0006571132107637823, 0.0008483114652335644, -0.0008233580156229436], [5.15552528668195e-05, -0.0015631297137588263, -0.0004987674183212221, -0.0007448943215422332, 0.004373924806714058, -0.0005769719718955457, 0.0008566399337723851, -0.0022222830448299646, 0.0012749485904350877, -0.0021578073501586914, 0.002186801051720977, -0.0017342515056952834, -0.00034732779022306204], [7.750936492811888e-05, 0.0006760183023288846, -0.001512815710157156, 3.761535481316969e-05, -0.0005769719718955457, 0.004329805262386799, -0.0024643049109727144, 0.0011088581522926688, -0.0013904578518122435, 0.0008831535815261304, -0.0014703287743031979, 0.002097031567245722, -0.0003078829904552549], [-7.337783699767897e-06, -0.0012788827298209071, 0.0007921321084722877, -0.001433348166756332, 0.0008566399337723851, -0.0024643049109727144, 0.0068306270986795425, -0.0030419141985476017, 0.002403359394520521, -0.0037487654481083155, 0.0008834266918711364, -0.0011229123920202255, 0.0017775651067495346], [-0.0006605156813748181, 0.0008492395863868296, -0.0001335267152171582, 0.0005684196366928518, -0.0022222830448299646, 0.0011088581522926688, -0.0030419141985476017, 0.007547096349298954, -0.004006731789559126, 0.0014865502016618848, -0.0008432153845205903, 9.815502562560141e-05, -0.0009786054724827409], [0.00024701829534024, -0.0011315412120893598, 0.00017080538964364678, -0.001978394342586398, 0.0012749485904350877, -0.0013904578518122435, 0.002403359394520521, -0.004006731789559126, 0.007948976941406727, -0.001792960916645825, 0.00010539528739172965, -0.0029038891661912203, -0.00013460966874845326], [-0.0002884421846829355, 0.0014906218275427818, -4.536312189884484e-05, 0.0020723650231957436, -0.0021578073501586914, 0.0008831535815261304, -0.0037487654481083155, 0.0014865502016618848, -0.001792960916645825, 0.011761457659304142, -0.0035831111017614603, 0.0012576831504702568, 0.0007090345025062561], [-5.235244316281751e-05, -0.0014949004398658872, 0.0003714081540238112, -0.0006571132107637823, 0.002186801051720977, -0.0014703287743031979, 0.0008834266918711364, -0.0008432153845205903, 0.00010539528739172965, -0.0035831111017614603, 0.009800424799323082, -0.0009282099781557918, -0.0016279086703434587], [7.338784052990377e-05, 0.0012892200611531734, -0.0017105569131672382, 0.0008483114652335644, -0.0017342515056952834, 0.002097031567245722, -0.0011229123920202255, 9.815502562560141e-05, -0.0029038891661912203, 0.0012576831504702568, -0.0009282099781557918, 0.010409295558929443, -0.0004902943619526923], [-0.0001290201034862548, -0.0005978327244520187, 0.0015435825334861875, -0.0008233580156229436, -0.00034732779022306204, -0.0003078829904552549, 0.0017775651067495346, -0.0009786054724827409, -0.00013460966874845326, 0.0007090345025062561, -0.0016279086703434587, -0.0004902943619526923, 0.011133977212011814]], "lowlevel.mfcc.cov": [[8547.302734375, -2401.163330078125, -22.90845489501953, 811.9639892578125, 85.62177276611328, -839.8228149414062, 536.7705078125, 418.1131591796875, 768.0701904296875, 528.4771118164062, -200.58450317382812, 895.0011596679688, 83.19786071777344], [-2401.163330078125, 2858.79541015625, -850.2669067382812, -85.09933471679688, 135.02528381347656, -4.941622257232666, 106.16686248779297, -151.25732421875, -108.54830932617188, -36.15950012207031, 2.3672406673431396, -106.00057220458984, 83.09313201904297], [-22.90845489501953, -850.2669067382812, 1163.2056884765625, -141.30625915527344, 113.31647491455078, 356.126953125, -49.570518493652344, 229.7194061279297, 27.814496994018555, -30.170242309570312, 169.838134765625, -43.27050018310547, 98.4292984008789], [811.9639892578125, -85.09933471679688, -141.30625915527344, 678.6876220703125, 195.0008544921875, -89.45890045166016, 68.42155456542969, 221.4833221435547, 270.0196838378906, 50.23471450805664, -38.98605728149414, 268.2044982910156, 64.16594696044922], [85.62177276611328, 135.02528381347656, 113.31647491455078, 195.0008544921875, 482.6489562988281, -7.121946811676025, 26.857608795166016, 183.90646362304688, 207.92514038085938, 22.059707641601562, -5.441656589508057, 152.85519409179688, 53.44906234741211], [-839.8228149414062, -4.941622257232666, 356.126953125, -89.45890045166016, -7.121946811676025, 498.1905212402344, 23.11341667175293, 66.3831558227539, -47.673362731933594, -24.40706443786621, 148.0497589111328, -145.99134826660156, 76.6271743774414], [536.7705078125, 106.16686248779297, -49.570518493652344, 68.42155456542969, 26.857608795166016, 23.11341667175293, 386.6614990234375, 58.19998550415039, 99.42048645019531, 142.77850341796875, -6.728055000305176, 114.54281616210938, 37.74453353881836], [418.1131591796875, -151.25732421875, 229.7194061279297, 221.4833221435547, 183.90646362304688, 66.3831558227539, 58.19998550415039, 353.37249755859375, 233.05795288085938, 34.23030471801758, 72.7509536743164, 165.87144470214844, 99.95968627929688], [768.0701904296875, -108.54830932617188, 27.814496994018555, 270.0196838378906, 207.92514038085938, -47.673362731933594, 99.42048645019531, 233.05795288085938, 368.714111328125, 88.54749298095703, 16.3111515045166, 222.11431884765625, 76.2378158569336], [528.4771118164062, -36.15950012207031, -30.170242309570312, 50.23471450805664, 22.059707641601562, -24.40706443786621, 142.77850341796875, 34.23030471801758, 88.54749298095703, 203.65391540527344, 4.169539451599121, 86.38482666015625, 26.993364334106445], [-200.58450317382812, 2.3672406673431396, 169.838134765625, -38.98605728149414, -5.441656589508057, 148.0497589111328, -6.728055000305176, 72.7509536743164, 16.3111515045166, 4.169539451599121, 197.4705352783203, -31.54247283935547, 77.69843292236328], [895.0011596679688, -106.00057220458984, -43.27050018310547, 268.2044982910156, 152.85519409179688, -145.99134826660156, 114.54281616210938, 165.87144470214844, 222.11431884765625, 86.38482666015625, -31.54247283935547, 331.2596740722656, 60.307594299316406], [83.19786071777344, 83.09313201904297, 98.4292984008789, 64.16594696044922, 53.44906234741211, 76.6271743774414, 37.74453353881836, 99.95968627929688, 76.2378158569336, 26.993364334106445, 77.69843292236328, 60.307594299316406, 185.92567443847656]], "lowlevel.mfcc.icov": [[0.00033020685077644885, 0.0002829891163855791, 5.0897073379019275e-05, -7.008175452938303e-05, 0.00010834034765139222, 0.0004677091783378273, -0.0002944425796158612, -2.1268584532663226e-05, -0.00022484954388346523, -0.0003173200530000031, 1.0954525350825861e-05, -0.00019253963546361774, -0.00023354575387202203], [0.0002829891163855791, 0.0008678092854097486, 0.0007224943838082254, 0.00015746722056064755, -0.00043659674702212214, 0.00022296117094811052, -0.0004927502013742924, -0.00012157052697148174, 0.00011344451922923326, -4.7744066250743344e-05, -0.00017016676429193467, 6.628623668802902e-05, -0.0007422644412145019], [5.0897073379019275e-05, 0.0007224943838082254, 0.002178334631025791, 0.0007985858828760684, -0.0007689858321100473, -0.0009289007866755128, 3.4260679967701435e-05, -0.00120999023783952, 0.0005844406550750136, 0.00014245249622035772, -0.0003786357119679451, -8.43949819682166e-05, -0.000601734034717083], [-7.008175452938303e-05, 0.00015746722056064755, 0.0007985858828760684, 0.0028067519888281822, -0.00034115606104023755, -0.0005918536917306483, 0.000282237830106169, -0.0010130576556548476, -0.0005497534875757992, 0.0003660379443317652, 0.0005485439323820174, -0.0012508485233411193, -0.0002523122529964894], [0.00010834034765139222, -0.00043659674702212214, -0.0007689858321100473, -0.00034115606104023755, 0.003470384981483221, 0.00015018375415820628, 0.0003187617112416774, -0.00043665553675964475, -0.0014825386460870504, -2.482164927641861e-05, 0.0007683440344408154, -0.0006619765190407634, 0.00028712506173178554], [0.0004677091783378273, 0.00022296117094811052, -0.0009289007866755128, -0.0005918536917306483, 0.00015018375415820628, 0.004647666122764349, -0.0013501089997589588, -0.00048561659059487283, -0.00011526831076480448, -0.0002494291984476149, -0.0014560007257387042, 0.002041504718363285, -0.0010066546965390444], [-0.0002944425796158612, -0.0004927502013742924, 3.4260679967701435e-05, 0.000282237830106169, 0.0003187617112416774, -0.0013501089997589588, 0.0042755259200930595, -0.00012021340080536902, -7.759586878819391e-05, -0.0021009028423577547, 0.0006884611793793738, -0.0011386256664991379, 0.00031634524930268526], [-2.1268584532663226e-05, -0.00012157052697148174, -0.00120999023783952, -0.0010130576556548476, -0.00043665553675964475, -0.00048561659059487283, -0.00012021340080536902, 0.007428375538438559, -0.002860092790797353, 0.0008409638539887965, -0.0013522543013095856, -0.0013421331532299519, -0.0005385017138905823], [-0.00022484954388346523, 0.00011344451922923326, 0.0005844406550750136, -0.0005497534875757992, -0.0014825386460870504, -0.00011526831076480448, -7.759586878819391e-05, -0.002860092790797353, 0.0074172597378492355, -0.0010642579291015863, -0.00045498088002204895, -0.0014315842418000102, -0.00027503143064677715], [-0.0003173200530000031, -4.7744066250743344e-05, 0.00014245249622035772, 0.0003660379443317652, -2.482164927641861e-05, -0.0002494291984476149, -0.0021009028423577547, 0.0008409638539887965, -0.0010642579291015863, 0.007694561965763569, -0.0006586775998584926, -0.0005516075761988759, -0.00018064920732285827], [1.0954525350825861e-05, -0.00017016676429193467, -0.0003786357119679451, 0.0005485439323820174, 0.0007683440344408154, -0.0014560007257387042, 0.0006884611793793738, -0.0013522543013095856, -0.00045498088002204895, -0.0006586775998584926, 0.008169073611497879, 0.0005304251099005342, -0.002254985272884369], [-0.00019253963546361774, 6.628623668802902e-05, -8.43949819682166e-05, -0.0012508485233411193, -0.0006619765190407634, 0.002041504718363285, -0.0011386256664991379, -0.0013421331532299519, -0.0014315842418000102, -0.0005516075761988759, 0.0005304251099005342, 0.008240721188485622, -0.0013930165441706777], [-0.00023354575387202203, -0.0007422644412145019, -0.000601734034717083, -0.0002523122529964894, 0.00028712506173178554, -0.0010066546965390444, 0.00031634524930268526, -0.0005385017138905823, -0.00027503143064677715, -0.00018064920732285827, -0.002254985272884369, -0.0013930165441706777, 0.00831120740622282]], "metadata.audio_properties.analysis.downmix": "mix", "metadata.audio_properties.codec": "mp3", "metadata.audio_properties.md5_encoded": "c2b9402d3b974f839d6079aba1058b0d", "metadata.tags.file_name": "1182285590616612974.mp3", "metadata.version.essentia": "2.1-beta6-dev", "metadata.version.essentia_git_sha": "v2.1_beta5-1110-g77a6a954", "metadata.version.extractor": "music 2.0", "tonal.chords_key": "F", "tonal.chords_scale": "minor", "tonal.key_edma.key": "F", "tonal.key_edma.scale": "minor", "tonal.key_krumhansl.key": "F", "tonal.key_krumhansl.scale": "minor", "tonal.key_temperley.key": "F", "tonal.key_temperley.scale": "minor", "metadata.tags.encoding": ["Lavf58.45.100"]}, "essentia_models": [{"model_name": "genre_dortmund", "activations": {"alternative": "0.05005862", "blues": "0.0055531757", "electronic": "0.015128604", "folkcountry": "0.2794524", "funksoulrnb": "0.0074419053"