{"song_id": "1182275529991262318", "download": "https://cdn.discordapp.com/attachments/1128313332273782784/1182275529991262318/chirp.mp4?ex=65841ae3&amp", "lyrics": "Lucie est rentr\u00e9e du coll\u00e8ge\nAm\u00e9lie est rentr\u00e9e du coll\u00e8ge\nElle a deux heures pour manger, tranquille.\nAlors elles ont les tablettes.\nC'est cool. Elles adorent.\nGenshin impact et Roblox, la vie est belle.", "style": ["beat and tranquille and silent and cool"], "essentia_features": {"lowlevel.average_loudness": 0.9299351572990417, "lowlevel.barkbands_crest.mean": 13.511162757873535, "lowlevel.barkbands_crest.stdev": 4.740357398986816, "lowlevel.barkbands_flatness_db.mean": 0.32485929131507874, "lowlevel.barkbands_flatness_db.stdev": 0.0777604803442955, "lowlevel.barkbands_kurtosis.mean": 7.174385070800781, "lowlevel.barkbands_kurtosis.stdev": 13.160392761230469, "lowlevel.barkbands_skewness.mean": 1.000908613204956, "lowlevel.barkbands_skewness.stdev": 2.1676111221313477, "lowlevel.barkbands_spread.mean": 9.747330665588379, "lowlevel.barkbands_spread.stdev": 6.340088367462158, "lowlevel.dissonance.mean": 0.42134636640548706, "lowlevel.dissonance.stdev": 0.06888926029205322, "lowlevel.dynamic_complexity": 3.3690555095672607, "lowlevel.erbbands_crest.mean": 19.077695846557617, "lowlevel.erbbands_crest.stdev": 9.390707969665527, "lowlevel.erbbands_flatness_db.mean": 0.3470786213874817, "lowlevel.erbbands_flatness_db.stdev": 0.08750654757022858, "lowlevel.erbbands_kurtosis.mean": 9.784890174865723, "lowlevel.erbbands_kurtosis.stdev": 20.383235931396484, "lowlevel.erbbands_skewness.mean": -0.7903863787651062, "lowlevel.erbbands_skewness.stdev": 1.922646403312683, "lowlevel.erbbands_spread.mean": 18.096147537231445, "lowlevel.erbbands_spread.stdev": 15.195947647094727, "lowlevel.hfc.mean": 18.396753311157227, "lowlevel.hfc.stdev": 18.078418731689453, "lowlevel.loudness_ebu128.integrated": -15.225547790527344, "lowlevel.loudness_ebu128.loudness_range": 4.801575660705566, "lowlevel.loudness_ebu128.momentary.mean": -15.915843963623047, "lowlevel.loudness_ebu128.momentary.stdev": 2.5943613052368164, "lowlevel.loudness_ebu128.short_term.mean": -15.559326171875, "lowlevel.loudness_ebu128.short_term.stdev": 1.516890287399292, "lowlevel.melbands_crest.mean": 16.945573806762695, "lowlevel.melbands_crest.stdev": 4.932549476623535, "lowlevel.melbands_flatness_db.mean": 0.4291948080062866, "lowlevel.melbands_flatness_db.stdev": 0.0989294946193695, "lowlevel.melbands_kurtosis.mean": 15.151906967163086, "lowlevel.melbands_kurtosis.stdev": 28.017335891723633, "lowlevel.melbands_skewness.mean": 1.9730091094970703, "lowlevel.melbands_skewness.stdev": 2.698808193206787, "lowlevel.melbands_spread.mean": 14.586954116821289, "lowlevel.melbands_spread.stdev": 10.445035934448242, "lowlevel.pitch_salience.mean": 0.4325510859489441, "lowlevel.pitch_salience.stdev": 0.11064250022172928, "lowlevel.silence_rate_20dB.mean": 1.0, "lowlevel.silence_rate_20dB.stdev": 0.0, "lowlevel.silence_rate_30dB.mean": 0.99895179271698, "lowlevel.silence_rate_30dB.stdev": 0.03235882893204689, "lowlevel.silence_rate_60dB.mean": 0.006289307959377766, "lowlevel.silence_rate_60dB.stdev": 0.07905551791191101, "lowlevel.spectral_centroid.mean": 689.495849609375, "lowlevel.spectral_centroid.stdev": 463.1824645996094, "lowlevel.spectral_complexity.mean": 9.181342124938965, "lowlevel.spectral_complexity.stdev": 5.993154525756836, "lowlevel.spectral_decrease.mean": -8.286588304429188e-09, "lowlevel.spectral_decrease.stdev": 4.800930764048417e-09, "lowlevel.spectral_energy.mean": 0.032944146543741226, "lowlevel.spectral_energy.stdev": 0.019517676904797554, "lowlevel.spectral_energyband_high.mean": 1.3017322089581285e-05, "lowlevel.spectral_energyband_high.stdev": 5.447142029879615e-05, "lowlevel.spectral_energyband_low.mean": 0.011488727293908596, "lowlevel.spectral_energyband_low.stdev": 0.00884406827390194, "lowlevel.spectral_energyband_middle_high.mean": 0.011828788556158543, "lowlevel.spectral_energyband_middle_high.stdev": 0.016244450584053993, "lowlevel.spectral_energyband_middle_low.mean": 0.011491593904793262, "lowlevel.spectral_energyband_middle_low.stdev": 0.012128494679927826, "lowlevel.spectral_entropy.mean": 6.2325897216796875, "lowlevel.spectral_entropy.stdev": 0.5849691033363342, "lowlevel.spectral_flux.mean": 0.07769132405519485, "lowlevel.spectral_flux.stdev": 0.03509441763162613, "lowlevel.spectral_kurtosis.mean": 40.62788009643555, "lowlevel.spectral_kurtosis.stdev": 30.370492935180664, "lowlevel.spectral_rms.mean": 0.0054188077338039875, "lowlevel.spectral_rms.stdev": 0.0016664689173921943, "lowlevel.spectral_rolloff.mean": 761.832763671875, "lowlevel.spectral_rolloff.stdev": 815.8106689453125, "lowlevel.spectral_skewness.mean": 3.8177216053009033, "lowlevel.spectral_skewness.stdev": 1.774675965309143, "lowlevel.spectral_spread.mean": 1627391.0, "lowlevel.spectral_spread.stdev": 1676616.0, "lowlevel.spectral_strongpeak.mean": 2.536184787750244, "lowlevel.spectral_strongpeak.stdev": 2.836656093597412, "lowlevel.zerocrossingrate.mean": 0.030577974393963814, "lowlevel.zerocrossingrate.stdev": 0.03295649588108063, "metadata.audio_properties.analysis.equal_loudness": 0.0, "metadata.audio_properties.analysis.length": 22.12265396118164, "metadata.audio_properties.analysis.sample_rate": 44100.0, "metadata.audio_properties.analysis.start_time": 0.0, "metadata.audio_properties.bit_rate": 107354.0, "metadata.audio_properties.length": 22.12266731262207, "metadata.audio_properties.lossless": 0.0, "metadata.audio_properties.number_channels": 1.0, "metadata.audio_properties.replay_gain": -11.48448371887207, "metadata.audio_properties.sample_rate": 48000.0, "rhythm.beats_count": 36.0, "rhythm.beats_loudness.mean": 0.03568774089217186, "rhythm.beats_loudness.stdev": 0.01794818602502346, "rhythm.bpm": 90.23977661132812, "rhythm.bpm_histogram_first_peak_bpm": 91.0, "rhythm.bpm_histogram_first_peak_weight": 0.2727273106575012, "rhythm.bpm_histogram_second_peak_bpm": 108.0, "rhythm.bpm_histogram_second_peak_spread": 0.529411792755127, "rhythm.bpm_histogram_second_peak_weight": 0.22857142984867096, "rhythm.danceability": 1.048463225364685, "rhythm.onset_rate": 2.122832775115967, "tonal.chords_changes_rate": 0.050209205597639084, "tonal.chords_number_rate": 0.012552301399409771, "tonal.chords_strength.mean": 0.48759981989860535, "tonal.chords_strength.stdev": 0.11324775218963623, "tonal.hpcp_crest.mean": 12.026277542114258, "tonal.hpcp_crest.stdev": 3.8874616622924805, "tonal.hpcp_entropy.mean": 2.0089714527130127, "tonal.hpcp_entropy.stdev": 0.5984888076782227, "tonal.key_edma.strength": 0.550738513469696, "tonal.key_krumhansl.strength": 0.5521599054336548, "tonal.key_temperley.strength": 0.5490432977676392, "tonal.tuning_diatonic_strength": 0.44784143567085266, "tonal.tuning_equal_tempered_deviation": 0.17577865719795227, "tonal.tuning_frequency": 444.3418884277344, "tonal.tuning_nontempered_energy_ratio": 0.8195343017578125, "lowlevel.barkbands.mean": [0.0018905802862718701, 0.0013641812838613987, 0.006393455434590578, 0.004058819264173508, 0.0007912704604677856, 0.00026895152404904366, 0.0014671875396743417, 0.003953156527131796, 0.0008400846854783595, 0.0002965911407954991, 0.009824734181165695, 0.0008800465730018914, 0.0001838448370108381, 0.0002720703778322786, 0.00021631149866152555, 6.671548180747777e-05, 4.840807378059253e-05, 7.525413820985705e-05, 2.228328594355844e-05, 2.355206379434094e-05, 1.5726856190667604e-06, 3.1307370136346435e-06, 5.850007482877118e-07, 7.782403486089606e-07, 5.77329217321676e-07, 2.3460474452008384e-08, 1.1703433777654482e-09], "lowlevel.barkbands.stdev": [0.0022563599050045013, 0.0012108650989830494, 0.006202193908393383, 0.004147304687649012, 0.0007771094096824527, 0.0008379359496757388, 0.004962393548339605, 0.008255697786808014, 0.002900631632655859, 0.0013145003467798233, 0.01530598197132349, 0.001571902772411704, 0.0005474308272823691, 0.0005528987967409194, 0.0006839243578724563, 0.00018963917682413012, 0.0001043575830408372, 0.00017196354747284204, 8.201054151868448e-05, 0.00015612386050634086, 8.198728210118134e-06, 1.702703593764454e-05, 2.5272317998314975e-06, 2.997558340211981e-06, 2.337765863558161e-06, 1.1610953976060046e-07, 2.6843145484178876e-09], "lowlevel.erbbands.mean": [0.08737418055534363, 0.2678668200969696, 5.3482136726379395, 12.296801567077637, 8.203645706176758, 1.2287794351577759, 0.919712483882904, 3.0243592262268066, 10.168570518493652, 66.42996215820312, 61.15360641479492, 21.016273498535156, 14.915549278259277, 37.38666534423828, 477.9327087402344, 55.7514762878418, 8.756221771240234, 15.664084434509277, 11.354314804077148, 8.47743034362793, 3.0935988426208496, 2.9084956645965576, 4.292514324188232, 2.324103832244873, 0.9899920225143433, 1.0804877281188965, 0.17572760581970215, 0.06414292007684708, 0.13065187633037567, 0.04095935449004173, 0.016517547890543938, 0.0130870770663023, 0.014646753668785095, 0.009919626638293266, 0.0020752535201609135, 0.0002924399741459638, 3.27951020153705e-05, 4.725666258309502e-06, 1.6390544260502793e-05, 3.751814438146539e-05], "lowlevel.erbbands.stdev": [0.09296710789203644, 0.20280970633029938, 4.985133171081543, 11.734163284301758, 7.888399600982666, 1.2349448204040527, 1.583410382270813, 9.501121520996094, 44.337677001953125, 132.2269287109375, 155.10096740722656, 72.06887817382812, 51.415321350097656, 56.66359329223633, 746.0739135742188, 80.02668762207031, 22.98444938659668, 31.301025390625, 30.243911743164062, 25.473052978515625, 8.003881454467773, 5.628959655761719, 10.372688293457031, 5.921419143676758, 4.6174187660217285, 7.193150520324707, 1.009086012840271, 0.2943156659603119, 0.7118217945098877, 0.2150646150112152, 0.07402490824460983, 0.05663760378956795, 0.05197713151574135, 0.03853796795010567, 0.009304916486144066, 0.001317489892244339, 0.00015052896924316883, 2.4547418433940038e-05, 1.0131809176527895e-05, 2.2798853024141863e-05], "lowlevel.gfcc.mean": [-142.04052734375, 212.3124542236328, -130.49322509765625, -15.29840087890625, 2.5963404178619385, 10.262670516967773, -16.24541664123535, 12.763121604919434, -16.34683609008789, -27.793277740478516, 1.925847053527832, -21.05674934387207, -11.499561309814453], "lowlevel.melbands.mean": [0.0006896446575410664, 0.001973821083083749, 0.0020295782014727592, 0.00026905376580543816, 3.092538827331737e-05, 6.516406574519351e-05, 0.00018340590759180486, 0.0008298978791572154, 0.00040820936555974185, 0.00012329693709034473, 6.901609594933689e-05, 5.148427953827195e-05, 0.0013766387710347772, 0.0005094269290566444, 1.3715218301513232e-05, 2.3464570404030383e-05, 2.824233888532035e-05, 1.7259324522456154e-05, 1.6495976524311118e-05, 6.644055702054175e-06, 2.8863207717222394e-06, 2.827854586939793e-06, 3.5975851915281964e-06, 3.634135055108345e-06, 1.7504227116660331e-06, 5.716180453418929e-07, 1.0168255357712042e-06, 6.087720407776942e-07, 1.200725421313109e-07, 3.429133954568897e-08, 3.6627437083325276e-08, 8.311059218613082e-08, 4.7770623012866054e-08, 1.3631900053212576e-08, 9.917941135029196e-09, 6.163271670800441e-09, 9.124323518960864e-09, 1.0692057905714591e-08, 9.81533077037966e-09, 7.858409034611213e-09], "lowlevel.melbands.stdev": [0.0006968354573473334, 0.001794949872419238, 0.0017529841279610991, 0.0002620487939566374, 5.145449540577829e-05, 0.0002350698778172955, 0.0007358319708146155, 0.0015455462271347642, 0.0010882485657930374, 0.0004463018267415464, 0.00025163835380226374, 0.00017296132864430547, 0.002133568748831749, 0.0007792536052875221, 6.53775641694665e-05, 6.240623042685911e-05, 5.680895992554724e-05, 4.909822018817067e-05, 6.004162787576206e-05, 1.7878657672554255e-05, 7.0056803451734595e-06, 5.373858584789559e-06, 8.548923688067589e-06, 8.79741128301248e-06, 5.059315299149603e-06, 2.5544761683704564e-06, 6.440753622882767e-06, 4.119016466574976e-06, 7.092243663464615e-07, 1.8347289199027728e-07, 1.961742412959211e-07, 4.6791134877821605e-07, 2.847088467206049e-07, 6.381165462698846e-08, 4.582507528994029e-08, 2.7398463942063245e-08, 4.072378345654215e-08, 4.044889934107232e-08, 3.279629723351718e-08, 3.3040038260878646e-08], "lowlevel.melbands128.mean": [0.0013724445598199964, 0.0009861389407888055, 0.0003325407742522657, 0.00024539296282455325, 0.0020443731918931007, 0.0033587671350687742, 0.00268299481831491, 0.0018390860641375184, 0.0007452181307598948, 7.630555046489462e-05, 3.976293737650849e-05, 3.024150282726623e-05, 2.9417595214908943e-05, 2.5664929125923663e-05, 6.440325523726642e-05, 8.155874820658937e-05, 0.00010332380043109879, 0.00013591696915682405, 0.00032192879007197917, 0.0008286596857942641, 0.0011307927779853344, 0.0007941076182760298, 0.0002506012097001076, 9.405410673934966e-05, 0.00012556578440126032, 0.00013454200234264135, 0.00012354759383015335, 5.2695344493258744e-05, 3.228227797080763e-05, 4.083274689037353e-05, 4.825823998544365e-05, 9.050036896951497e-05, 0.001309400424361229, 0.003099584486335516, 0.00028556562028825283, 4.185556463198736e-05, 2.5361117877764627e-05, 9.17505985853495e-06, 9.490839147474617e-06, 1.0407250556454528e-05, 2.4059439965640195e-05, 4.780408926308155e-05, 3.14982098643668e-05, 1.7084706996683963e-05, 1.6055912055890076e-05, 1.774430347722955e-05, 1.7725287762004882e-05, 2.0250257875886746e-05, 1.486867586208973e-05, 8.23166010377463e-06, 6.320957709249342e-06, 4.008047199022258e-06, 2.9593484214274213e-06, 2.437498324070475e-06, 2.331632003915729e-06, 3.1758438581164228e-06, 2.6544446427578805e-06, 3.431003278819844e-06, 3.362943743923097e-06, 5.293933099892456e-06, 3.510580199872493e-06, 2.7607331958279246e-06, 2.5933863980753813e-06, 1.2814949741368764e-06, 6.863081125629833e-07, 5.517959493772651e-07, 4.912092776976351e-07, 5.234936679698876e-07, 1.4875257647872786e-06, 1.2589232483151136e-06, 5.084621648165921e-07, 3.7378282513600425e-07, 1.8360118758664612e-07, 6.280013309378774e-08, 5.590176854752826e-08, 3.66066856827274e-08, 2.4709452262072773e-08, 2.032470902690875e-08, 2.9544729329700203e-08, 6.109519290475873e-08, 8.396693829126889e-08, 1.021946474111246e-07, 6.548093267610966e-08, 4.986965862485704e-08, 2.2117777831454077e-08, 1.4571162054721754e-08, 9.842962001016531e-09, 1.2340625410445227e-08, 9.87133930152595e-09, 9.129268008223335e-09, 6.6511129936941416e-09, 5.152525073270908e-09, 5.19508214225084e-09, 8.73248584554176e-09, 1.2050308306754687e-08, 1.1750914019614811e-08, 1.0288505158939643e-08, 9.07928754401155e-09, 9.905122055897664e-09, 9.998655237097864e-09, 1.033895102864335e-08, 7.743401475579503e-09, 4.820538190841717e-09, 2.6457220858588926e-09, 1.3294154665999258e-09, 1.8926353817505515e-09, 9.149890844994957e-10, 5.724273832719007e-10, 3.140716853256009e-10, 1.3387442543422168e-10, 1.3257446529468808e-10, 6.905701704917888e-11, 2.340636885700409e-11, 2.3563853993047168e-11, 2.3973425675172244e-11, 1.834143427414947e-11, 8.085076878827646e-12, 5.645206958143634e-12, 5.109515675144616e-12, 4.881100731934929e-12, 4.753167477666853e-12, 4.654175482510237e-12, 4.5665294462482464e-12, 4.484898563639206e-12, 4.389275401472936e-12, 4.279277886903854e-12, 4.209837339841371e-12, 4.182721877188378e-12], "lowlevel.melbands128.stdev": [0.0015685810940340161, 0.0010969624854624271, 0.000339341553626582, 0.00021343157277442515, 0.0019748674239963293, 0.0033656172454357147, 0.0028373512905091047, 0.0018564984202384949, 0.0007824055501259863, 9.060012234840542e-05, 6.833332008682191e-05, 6.274555198615417e-05, 6.691764428978786e-05, 5.256806252873503e-05, 0.00018844356236513704, 0.0003772746422328055, 0.000816596089862287, 0.0009369594627059996, 0.0013330760411918163, 0.002081922022625804, 0.00245803059078753, 0.0024026508908718824, 0.001210892340168357, 0.0003964112838730216, 0.0006512331310659647, 0.0005273558781482279, 0.0005723989452235401, 0.00021405531151685864, 0.00012441552826203406, 0.00026440294459462166, 0.00019841594621539116, 0.00020151457283645868, 0.0022159237414598465, 0.005043468903750181, 0.0004806409706361592, 0.00012635519669856876, 0.0001705761969788, 2.9506296414183453e-05, 6.370754999807104e-05, 4.709914719569497e-05, 7.282249862328172e-05, 0.00013769359793514013, 6.439832941396162e-05, 5.385700933402404e-05, 5.5651911679888144e-05, 6.119675526861101e-05, 5.6214565120171756e-05, 9.863727609626949e-05, 5.274931027088314e-05, 2.179458169848658e-05, 2.1479816496139392e-05, 2.0050652892678045e-05, 7.579450993944192e-06, 4.815810370928375e-06, 6.217208010639297e-06, 6.016054612700827e-06, 5.432345915323822e-06, 1.0144125553779304e-05, 8.977919605968054e-06, 1.5796986190252937e-05, 9.811516974878032e-06, 7.320160875678994e-06, 6.528252470161533e-06, 6.069897153793136e-06, 2.603113671284518e-06, 2.878300392694655e-06, 3.265507984906435e-06, 2.436706154185231e-06, 1.104699640563922e-05, 1.0088585440826137e-05, 3.406579708098434e-06, 2.199251866841223e-06, 1.253444679605309e-06, 3.6760940247404505e-07, 4.380555367333727e-07, 1.94149833987467e-07, 1.0259462612793868e-07, 1.0514521164850521e-07, 1.5860452151628124e-07, 4.011150451788126e-07, 4.932730348627956e-07, 6.045634677320777e-07, 4.132835726977646e-07, 3.6508981793303974e-07, 1.1835572877316736e-07, 7.614670494149323e-08, 4.165868716654586e-08, 6.504824767716855e-08, 4.7029416805344226e-08, 4.6039399848041285e-08, 3.107867740936854e-08, 2.3647777069868425e-08, 2.60112713590388e-08, 4.9957787240373364e-08, 4.92715379607489e-08, 4.994646118916535e-08, 4.0602660789090805e-08, 3.395202341494041e-08, 3.204739229545339e-08, 3.561136807661569e-08, 4.695106170515828e-08, 3.587037511465496e-08, 1.6387744494750223e-08, 1.137876104451152e-08, 7.835663673461113e-09, 1.2606764521194691e-08, 5.128430569101283e-09, 2.919870345508002e-09, 1.6695520521636809e-09, 7.977596361286032e-10, 1.0740578426648995e-09, 6.704571342552867e-10, 3.897947797870671e-10, 3.891706956693497e-10, 3.9640066229473803e-10, 3.9701122944713063e-10, 8.629943287763453e-11, 1.7148147485324117e-11, 7.625831389967974e-12, 6.723674134817559e-12, 6.561653564246539e-12, 6.419371111066052e-12, 6.293807489066161e-12, 6.187467205265307e-12, 6.09749577218377e-12, 6.026183024809839e-12, 5.9731299767440404e-12, 5.941123027569661e-12], "lowlevel.mfcc.mean": [-792.8837280273438, 251.49769592285156, -39.40174102783203, 1.4727611541748047, 37.11329650878906, -2.7763519287109375, 20.399673461914062, 23.196840286254883, 3.425611972808838, -2.0399091243743896, 8.01380443572998, 1.801423192024231, 2.245159864425659], "lowlevel.spectral_contrast_coeffs.mean": [-0.6257269382476807, -0.7317739129066467, -0.6905206441879272, -0.8130008578300476, -0.6937103867530823, -0.8404170870780945], "lowlevel.spectral_contrast_coeffs.stdev": [0.07328341901302338, 0.11340387910604477, 0.12574413418769836, 0.04254237934947014, 0.08103581517934799, 0.06114150583744049], "lowlevel.spectral_contrast_valleys.mean": [-7.316365718841553, -7.290334701538086, -7.530999183654785, -8.049592971801758, -10.171660423278809, -13.486923217773438], "lowlevel.spectral_contrast_valleys.stdev": [0.9087058305740356, 1.066381812095642, 0.9718206524848938, 0.9466084241867065, 1.5554401874542236, 1.2394874095916748], "rhythm.beats_loudness_band_ratio.mean": [0.502310037612915, 0.022760901600122452, 0.2161756157875061, 0.2489921748638153, 0.02079334482550621, 0.0018165440997108817], "rhythm.beats_loudness_band_ratio.stdev": [0.3091054856777191, 0.018342962488532066, 0.235580176115036, 0.2922576069831848, 0.027433453127741814, 0.0048677437007427216], "tonal.hpcp.mean": [0.04466293007135391, 0.04908079281449318, 0.20348474383354187, 0.49947914481163025, 0.38451820611953735, 0.12134489417076111, 0.0937916710972786, 0.1572413146495819, 0.4071589410305023, 0.35053661465644836, 0.09305418282747269, 0.06110036000609398, 0.07496016472578049, 0.09114999324083328, 0.20882602035999298, 0.21500733494758606, 0.06237482652068138, 0.011457742191851139, 0.007712518330663443, 0.006820519454777241, 0.009788633324205875, 0.017443008720874786, 0.07870133221149445, 0.18773548305034637, 0.16612836718559265, 0.06106311455368996, 0.025697074830532074, 0.023537876084446907, 0.02092878334224224, 0.014885695651173592, 0.011521576903760433, 0.01098107360303402, 0.012236121110618114, 0.010650517418980598, 0.017144029960036278, 0.033174894750118256], "tonal.hpcp.stdev": [0.1328192949295044, 0.14765511453151703, 0.2326127290725708, 0.4123194217681885, 0.3338090777397156, 0.20935815572738647, 0.2191479206085205, 0.22657062113285065, 0.42671167850494385, 0.37814563512802124, 0.17300830781459808, 0.15151424705982208, 0.19190016388893127, 0.18335643410682678, 0.29705941677093506, 0.30002057552337646, 0.12508635222911835, 0.030521903187036514, 0.022949760779738426, 0.02198149636387825, 0.03825433924794197, 0.07634443044662476, 0.15051031112670898, 0.2390258014202118, 0.20921024680137634, 0.11092882603406906, 0.06870745867490768, 0.08885101228952408, 0.08115135133266449, 0.04364681988954544, 0.04284990578889847, 0.039250247180461884, 0.052354130893945694, 0.031422749161720276, 0.05929425358772278, 0.11219090223312378], "rhythm.beats_position": [0.5921088457107544, 1.1842176914215088, 1.7647165060043335, 2.345215320587158, 2.9257142543792725, 3.494603157043457, 4.0634918212890625, 4.643990993499756, 5.236099720001221, 5.944308280944824, 6.617686748504639, 7.291065692901611, 7.952834129333496, 8.614603042602539, 9.276371955871582, 9.938140869140625, 10.599908828735352, 11.261677742004395, 11.935056686401367, 12.59682559967041, 13.258593559265137, 13.8042631149292, 14.349931716918945, 14.883990287780762, 15.418049812316895, 15.952108383178711, 16.497777938842773, 17.055055618286133, 17.612335205078125, 18.169614791870117, 18.715282440185547, 19.27256202697754, 19.82984161376953, 20.38711929321289, 20.944398880004883, 21.501678466796875], "rhythm.bpm_histogram": [0.0, 0.0, 0.0, 0.0, 0.0, 0.0, 0.0, 0.0, 0.0, 0.0, 0.0, 0.0, 0.0, 0.0, 0.0, 0.0, 0.0, 0.0, 0.0, 0.0, 0.0, 0.0, 0.0, 0.0, 0.0, 0.0, 0.0, 0.0, 0.0, 0.0, 0.0, 0.0, 0.0, 0.0, 0.0, 0.0, 0.0, 0.0, 0.0, 0.0, 0.0, 0.0, 0.0, 0.0, 0.0, 0.0, 0.0, 0.0, 0.0, 0.0, 0.0, 0.0, 0.0, 0.0, 0.0, 0.0, 0.0, 0.0, 0.0, 0.0, 0.0, 0.0, 0.0, 0.0, 0.0, 0.0, 0.0, 0.0, 0.0, 0.0, 0.0, 0.0, 0.0, 0.0, 0.0, 0.0, 0.0, 0.0, 0.0, 0.0, 0.0, 0.0, 0.0, 0.0, 0.0, 0.02857142873108387, 0.0, 0.0, 0.0, 0.08571428805589676, 0.0, 0.22857142984867096, 0.0, 0.0, 0.0, 0.0, 0.0, 0.0, 0.0, 0.0, 0.0, 0.05714285746216774, 0.0, 0.11428571492433548, 0.0, 0.05714285746216774, 0.0, 0.0, 0.22857142984867096, 0.0, 0.11428571492433548, 0.0, 0.08571428805589676, 0.0, 0.0, 0.0, 0.0, 0.0, 0.0, 0.0, 0.0, 0.0, 0.0, 0.0, 0.0, 0.0, 0.0, 0.0, 0.0, 0.0, 0.0, 0.0, 0.0, 0.0, 0.0, 0.0, 0.0, 0.0, 0.0, 0.0, 0.0, 0.0, 0.0, 0.0, 0.0, 0.0, 0.0, 0.0, 0.0, 0.0, 0.0, 0.0, 0.0, 0.0, 0.0, 0.0, 0.0, 0.0, 0.0, 0.0, 0.0, 0.0, 0.0, 0.0, 0.0, 0.0, 0.0, 0.0, 0.0, 0.0, 0.0, 0.0, 0.0, 0.0, 0.0, 0.0, 0.0, 0.0, 0.0, 0.0, 0.0, 0.0, 0.0, 0.0, 0.0, 0.0, 0.0, 0.0, 0.0, 0.0, 0.0, 0.0, 0.0, 0.0, 0.0, 0.0, 0.0, 0.0, 0.0, 0.0, 0.0, 0.0, 0.0, 0.0, 0.0, 0.0, 0.0, 0.0, 0.0, 0.0, 0.0, 0.0, 0.0, 0.0, 0.0, 0.0, 0.0, 0.0, 0.0, 0.0, 0.0, 0.0, 0.0, 0.0, 0.0, 0.0, 0.0, 0.0, 0.0, 0.0, 0.0, 0.0, 0.0, 0.0, 0.0, 0.0, 0.0, 0.0, 0.0, 0.0, 0.0, 0.0, 0.0, 0.0, 0.0, 0.0, 0.0, 0.0, 0.0, 0.0], "tonal.chords_histogram": [21.757322311401367, 0.0, 9.205020904541016, 0.0, 0.0, 0.0, 0.0, 0.0, 0.0, 0.0, 5.85774040222168, 0.0, 31.799163818359375, 0.0, 0.0, 0.0, 9.205020904541016, 22.175731658935547, 0.0, 0.0, 0.0, 0.0, 0.0, 0.0], "tonal.thpcp": [1.0, 0.7698383331298828, 0.24294286966323853, 0.18777894973754883, 0.314810574054718, 0.8151670694351196, 0.7018042802810669, 0.18630243837833405, 0.12232814729213715, 0.15007667243480682, 0.18249009549617767, 0.41808757185935974, 0.4304630756378174, 0.12487974017858505, 0.022939380258321762, 0.01544112153351307, 0.013655263930559158, 0.019597681239247322, 0.03492239490151405, 0.15756680071353912, 0.3758625090122223, 0.33260321617126465, 0.12225358188152313, 0.05144774168729782, 0.047124844044446945, 0.04190121591091156, 0.029802436009049416, 0.023067183792591095, 0.021985048428177834, 0.024497762322425842, 0.021323246881365776, 0.03432381525635719, 0.06641897559165955, 0.08941900730133057, 0.0982639491558075, 0.4073938727378845], "lowlevel.gfcc.cov": [[7143.79736328125, -615.85546875, -829.9815673828125, 572.477783203125, -1712.4371337890625, 209.75320434570312, -365.3512878417969, -9.740312576293945, 54.020751953125, 403.8843688964844, 143.84640502929688, -384.0154113769531, 235.31736755371094], [-615.85546875, 1138.3143310546875, 159.22103881835938, -570.3609008789062, 843.6364135742188, -212.22203063964844, 104.5697021484375, 92.4275131225586, 32.09190368652344, -228.12574768066406, 45.42506408691406, 8.071433067321777, -119.8470458984375], [-829.9815673828125, 159.22103881835938, 409.0728759765625, 62.11241149902344, 170.2391357421875, -38.1639289855957, -29.056917190551758, 45.468971252441406, 83.39022064208984, -49.52524185180664, -58.55030822753906, 45.37671661376953, -73.79655456542969], [572.477783203125, -570.3609008789062, 62.11241149902344, 867.3011474609375, -504.29669189453125, -41.37065505981445, -66.31688690185547, 36.981624603271484, 132.52871704101562, 118.47319030761719, -126.47449493408203, -129.7396697998047, 27.80075454711914], [-1712.4371337890625, 843.6364135742188, 170.2391357421875, -504.29669189453125, 1166.9661865234375, -60.23701858520508, 239.7312469482422, -17.40843391418457, -129.3571014404297, -322.7196350097656, -26.99481964111328, 147.4235382080078, -115.35344696044922], [209.75320434570312, -212.22203063964844, -38.1639289855957, -41.37065505981445, -60.23701858520508, 306.9480895996094, 47.73353958129883, -163.02572631835938, -114.08191680908203, -21.937292098999023, 17.510766983032227, 136.3083038330078, 53.21625900268555], [-365.3512878417969, 104.5697021484375, -29.056917190551758, -66.31688690185547, 239.7312469482422, 47.73353958129883, 208.62696838378906, -71.36056518554688, -100.8480453491211, -84.33587646484375, 5.731761932373047, 61.612342834472656, -10.398323059082031], [-9.740312576293945, 92.4275131225586, 45.468971252441406, 36.981624603271484, -17.40843391418457, -163.02572631835938, -71.36056518554688, 209.5418701171875, 139.1391143798828, 47.6732177734375, -26.45664405822754, -120.84276580810547, -39.85814666748047], [54.020751953125, 32.09190368652344, 83.39022064208984, 132.52871704101562, -129.3571014404297, -114.08191680908203, -100.8480453491211, 139.1391143798828, 251.3502197265625, 79.39856719970703, -48.68467712402344, -91.9393310546875, -43.111610412597656], [403.8843688964844, -228.12574768066406, -49.52524185180664, 118.47319030761719, -322.7196350097656, -21.937292098999023, -84.33587646484375, 47.6732177734375, 79.39856719970703, 169.3762969970703, 30.70797348022461, -56.843868255615234, 34.087928771972656], [143.84640502929688, 45.42506408691406, -58.55030822753906, -126.47449493408203, -26.99481964111328, 17.510766983032227, 5.731761932373047, -26.45664405822754, -48.68467712402344, 30.70797348022461, 126.1888427734375, 44.46243667602539, 32.3193473815918], [-384.0154113769531, 8.071433067321777, 45.37671661376953, -129.7396697998047, 147.4235382080078, 136.3083038330078, 61.612342834472656, -120.84276580810547, -91.9393310546875, -56.843868255615234, 44.46243667602539, 196.19943237304688, 27.867277145385742], [235.31736755371094, -119.8470458984375, -73.79655456542969, 27.80075454711914, -115.35344696044922, 53.21625900268555, -10.398323059082031, -39.85814666748047, -43.111610412597656, 34.087928771972656, 32.3193473815918, 27.867277145385742, 87.83236694335938]], "lowlevel.gfcc.icov": [[0.0006061792373657227, -0.0016080040950328112, 0.0012849728809669614, -0.0008206800557672977, 0.0013350002700462937, -0.001377371489070356, 0.000711370725184679, -0.0005612308741547167, 0.0010273854713886976, -0.00042460981057956815, 0.00036504838499240577, 6.214931090653408e-06, 0.00047136310604400933], [-0.0016080040950328112, 0.00900246761739254, -0.004668153822422028, 0.004085353575646877, -0.005756328348070383, 0.005388112738728523, -0.0022691721096634865, 0.0030717425979673862, -0.006234469823539257, 0.004955054726451635, -0.004865756258368492, 0.0034368508495390415, -0.0026057763025164604], [0.0012849728809669614, -0.004668153822422028, 0.007228065747767687, -0.0031391023658216, 0.002802013885229826, -0.0032626863103359938, 0.0030919350683689117, -0.002546667819842696, 0.002505447017028928, -0.0016656311927363276, 0.002434330526739359, -0.003894861089065671, 0.004337640944868326], [-0.0008206800557672977, 0.004085353575646877, -0.0031391023658216, 0.004284560214728117, -0.0014358054613694549, 0.003218676196411252, -0.0023936324287205935, 0.0020532880444079638, -0.003262633690610528, 0.0021481895819306374, 0.00024646669044159353, 0.0020485317800194025, -0.0025836604181677103], [0.0013350002700462937, -0.005756328348070383, 0.002802013885229826, -0.0014358054613694549, 0.007342603523284197, -0.002478807233273983, -0.0003880972508341074, -0.003135784761980176, 0.004031367599964142, 0.001160717336460948, 0.003510346869006753, -0.003252260619774461, 0.0023222065065056086], [-0.001377371489070356, 0.005388112738728523, -0.0032626863103359938, 0.003218676196411252, -0.002478807233273983, 0.010912054218351841, -0.002400377532467246, 0.004723924212157726, -0.003016682341694832, 0.0025827959179878235, 9.30060850805603e-05, -0.0024248564150184393, -0.002473193686455488], [0.000711370725184679, -0.0022691721096634865, 0.0030919350683689117, -0.0023936324287205935, -0.0003880972508341074, -0.002400377532467246, 0.009490575641393661, 0.0002316676254849881, 0.0031949076801538467, -0.0008739227778278291, -5.150524157215841e-05, -0.0008203584002330899, 0.0027132565155625343], [-0.0005612308741547167, 0.0030717425979673862, -0.002546667819842696, 0.0020532880444079638, -0.003135784761980176, 0.004723924212157726, 0.0002316676254849881, 0.014157747849822044, -0.00601245416328311, -0.0003409631608519703, -0.0019487962126731873, 0.006209595128893852, -0.0016948056872934103], [0.0010273854713886976, -0.006234469823539257, 0.002505447017028928, -0.003262633690610528, 0.004031367599964142, -0.003016682341694832, 0.0031949076801538467, -0.00601245416328311, 0.013565304689109325, -0.0069749061949551105, 0.005812639370560646, -0.003813212737441063, 0.005086770746856928], [-0.00042460981057956815, 0.004955054726451635, -0.0016656311927363276, 0.0021481895819306374, 0.001160717336460948, 0.0025827959179878235, -0.0008739227778278291, -0.0003409631608519703, -0.0069749061949551105, 0.020319301635026932, -0.0077911908738315105, 0.0031079796608537436, -0.003908023703843355], [0.00036504838499240577, -0.004865756258368492, 0.002434330526739359, 0.00024646669044159353, 0.003510346869006753, 9.30060850805603e-05, -5.150524157215841e-05, -0.0019487962126731873, 0.005812639370560646, -0.0077911908738315105, 0.017625654116272926, -0.006839121226221323, -0.00042546383338049054], [6.214931090653408e-06, 0.0034368508495390415, -0.003894861089065671, 0.0020485317800194025, -0.003252260619774461, -0.0024248564150184393, -0.0008203584002330899, 0.006209595128893852, -0.003813212737441063, 0.0031079796608537436, -0.006839121226221323, 0.016840485855937004, -0.005233720410615206], [0.00047136310604400933, -0.0026057763025164604, 0.004337640944868326, -0.0025836604181677103, 0.0023222065065056086, -0.002473193686455488, 0.0027132565155625343, -0.0016948056872934103, 0.005086770746856928, -0.003908023703843355, -0.00042546383338049054, -0.005233720410615206, 0.02096017636358738]], "lowlevel.mfcc.cov": [[6110.9072265625, -1483.0406494140625, 230.1271209716797, 259.2042236328125, -1083.2705078125, -391.7947082519531, -145.90997314453125, -909.095458984375, 91.94245147705078, 282.3843994140625, 6.598162651062012, 54.243377685546875, 192.7711639404297], [-1483.0406494140625, 1959.9158935546875, -528.5228271484375, -351.5560607910156, 614.8401489257812, -97.81402587890625, 146.60679626464844, 349.1120910644531, -60.07312774658203, -111.06204986572266, 23.510700225830078, 42.13286590576172, -50.634830474853516], [230.1271209716797, -528.5228271484375, 545.1005249023438, 171.498046875, -105.38670349121094, 9.978118896484375, -214.54835510253906, -34.46791458129883, 63.16630935668945, 40.04533386230469, 82.65546417236328, -2.4667887687683105, 15.924930572509766], [259.2042236328125, -351.5560607910156, 171.498046875, 410.03466796875, -98.02847290039062, -34.674007415771484, -54.447669982910156, -23.684099197387695, 54.03153610229492, 119.14777374267578, 43.438751220703125, -89.13826751708984, -48.431678771972656], [-1083.2705078125, 614.8401489257812, -105.38670349121094, -98.02847290039062, 424.5723876953125, 39.453765869140625, -1.2793893814086914, 249.78269958496094, 0.07342343032360077, -70.48236083984375, 32.21440124511719, -23.18982696533203, -88.5799331665039], [-391.7947082519531, -97.81402587890625, 9.978118896484375, -34.674007415771484, 39.453765869140625, 383.4172058105469, 101.89216613769531, 138.462158203125, -68.47653198242188, -142.550537109375, -112.01280212402344, -17.185283660888672, 19.5229549407959], [-145.90997314453125, 146.60679626464844, -214.54835510253906, -54.447669982910156, -1.2793893814086914, 101.89216613769531, 261.1182861328125, 13.523462295532227, -87.93279266357422, -68.1095199584961, -138.81668090820312, 12.962496757507324, 53.89476013183594], [-909.095458984375, 349.1120910644531, -34.46791458129883, -23.684099197387695, 249.78269958496094, 138.462158203125, 13.523462295532227, 333.2681884765625, 8.184098243713379, -54.45701599121094, 36.770469665527344, -76.60970306396484, -125.40135955810547], [91.94245147705078, -60.07312774658203, 63.16630935668945, 54.03153610229492, 0.07342343032360077, -68.47653198242188, -87.93279266357422, 8.184098243713379, 127.16258239746094, 78.65912628173828, 90.76951599121094, -41.84385681152344, -70.60543823242188], [282.3843994140625, -111.06204986572266, 40.04533386230469, 119.14777374267578, -70.48236083984375, -142.550537109375, -68.1095199584961, -54.45701599121094, 78.65912628173828, 173.1776123046875, 109.49826049804688, -39.184608459472656, -61.38176727294922], [6.598162651062012, 23.510700225830078, 82.65546417236328, 43.438751220703125, 32.21440124511719, -112.01280212402344, -138.81668090820312, 36.770469665527344, 90.76951599121094, 109.49826049804688, 202.93858337402344, -38.09148406982422, -109.55435943603516], [54.243377685546875, 42.13286590576172, -2.4667887687683105, -89.13826751708984, -23.18982696533203, -17.185283660888672, 12.962496757507324, -76.60970306396484, -41.84385681152344, -39.184608459472656, -38.09148406982422, 129.7722930908203, 113.65109252929688], [192.7711639404297, -50.634830474853516, 15.924930572509766, -48.431678771972656, -88.5799331665039, 19.5229549407959, 53.89476013183594, -125.40135955810547, -70.60543823242188, -61.38176727294922, -109.55435943603516, 113.65109252929688, 205.337646484375]], "lowlevel.mfcc.icov": [[0.0003649131103884429, -6.821716669946909e-05, 3.487614230834879e-05, -2.2666277800453827e-05, 0.0007143307593651116, 1.744186556607019e-05, 0.00017874201876111329, 0.0006457286071963608, -0.0001293554960284382, 9.397792746312916e-05, 2.962580038001761e-05, 0.000180478862603195, 0.0001860064803622663], [-6.821716669946909e-05, 0.0016852266853675246, 0.0010284280870109797, 0.00042685912922024727, -0.001783479005098343, 0.0010734939714893699, -0.00044393862481229007, -0.0013115211622789502, 0.00023608046467415988, 0.00014955659571569413, -0.0008058168459683657, -7.189699681475759e-05, -0.0013195945648476481], [3.487614230834879e-05, 0.0010284280870109797, 0.00451933266595006, -0.0011930009350180626, -2.224361742264591e-05, -0.00021944406034890562, 0.003059652866795659, -0.0012030515354126692, -0.0003473830292932689, 0.001055617001838982, -0.0011572130024433136, -0.00038430100539699197, -0.0021461269352585077], [-2.2666277800453827e-05, 0.00042685912922024727, -0.0011930009350180626, 0.0045047239400446415, -0.0003734306083060801, 0.00014841140364296734, -0.0004458727198652923, -0.0004532087768893689, 0.0005022208206355572, -0.003420694265514612, 0.0010295272804796696, 0.0029844569507986307, -0.0010058158077299595], [0.0007143307593651116, -0.001783479005098343, -2.224361742264591e-05, -0.0003734306083060801, 0.008433880284428596, 0.0003420164866838604, 0.0015990791143849492, -0.0018605871591717005, -0.0007354483241215348, 0.002148196566849947, 0.0006984582869336009, -0.0009314814233221114, 0.002130488632246852], [1.744186556607019e-05, 0.0010734939714893699, -0.00021944406034890562, 0.00014841140364296734, 0.0003420164866838604, 0.006124886218458414, -0.001554716844111681, -0.00345332152210176, 0.00021302718960214406, 0.003558158641681075, 0.00048093294026330113, 0.0007802183390595019, -0.0008736891322769225], [0.00017874201876111329, -0.00044393862481229007, 0.003059652866795659, -0.0004458727198652923, 0.0015990791143849492, -0.001554716844111681, 0.010045978240668774, -0.0006234042230062187, 0.0022375700064003468, -0.0018561816541478038, 0.004695228300988674, 0.0002696395094972104, -0.00022923095093574375], [0.0006457286071963608, -0.0013115211622789502, -0.0012030515354126692, -0.0004532087768893689, -0.0018605871591717005, -0.00345332152210176, -0.0006234042230062187, 0.011156548745930195, -0.00016242654237430543, 0.0011833641910925508, -0.0013771431986242533, 0.002124698832631111, 0.003946658689528704], [-0.0001293554960284382, 0.00023608046467415988, -0.0003473830292932689, 0.0005022208206355572, -0.0007354483241215348, 0.00021302718960214406, 0.0022375700064003468, -0.00016242654237430543, 0.014567085541784763, -0.003987550735473633, -0.0015076528070494533, 0.0017805625684559345, 0.0013280485291033983], [9.397792746312916e-05, 0.00014955659571569413, 0.001055617001838982, -0.003420694265514612, 0.002148196566849947, 0.003558158641681075, -0.0018561816541478038, 0.0011833641910925508, -0.003987550735473633, 0.017884455621242523, -0.006915330421179533, 0.0007852021371945739, 0.0007091942243278027], [2.962580038001761e-05, -0.0008058168459683657, -0.0011572130024433136, 0.0010295272804796696, 0.0006984582869336009, 0.00048093294026330113, 0.004695228300988674, -0.0013771431986242533, -0.0015076528070494533, -0.006915330421179533, 0.015937702730298042, -0.003374095307663083, 0.006073431111872196], [0.000180478862603195, -7.189699681475759e-05, -0.00038430100539699197, 0.0029844569507986307, -0.0009314814233221114, 0.0007802183390595019, 0.0002696395094972104, 0.002124698832631111, 0.0017805625684559345, 0.0007852021371945739, -0.003374095307663083, 0.020144743844866753, -0.010805659927427769], [0.0001860064803622663, -0.0013195945648476481, -0.0021461269352585077, -0.0010058158077299595, 0.002130488632246852, -0.0008736891322769225, -0.00022923095093574375, 0.003946658689528704, 0.0013280485291033983, 0.0007091942243278027, 0.006073431111872196, -0.010805659927427769, 0.017661547288298607]], "metadata.audio_properties.analysis.downmix": "mix", "metadata.audio_properties.codec": "mp3", "metadata.audio_properties.md5_encoded": "b4d9a8e6c9014785edf2608561543aa3", "metadata.tags.file_name": "1182275529991262318.mp3", "metadata.version.essentia": "2.1-beta6-dev", "metadata.version.essentia_git_sha": "v2.1_beta5-1110-g77a6a954", "metadata.version.extractor": "music 2.0", "tonal.chords_key": "E", "tonal.chords_scale": "major", "tonal.key_edma.key": "Bb", "tonal.key_edma.scale": "major", "tonal.key_krumhansl.key": "Bb", "tonal.key_krumhansl.scale": "major", "tonal.key_temperley.key": "Bb", "tonal.key_temperley.scale": "major", "metadata.tags.encoding": ["Lavf58.45.100"]}, "essentia_models": [{"model_name": "genre_dortmund", "activations": {"alternative": "0.075678565", "blues": "0.007962813", "electronic": "0.64909697", "folkcountry": "0.006513392", "funksoulrnb": "0.025483264", "jazz": "0.1079792", "pop": "0.019699367", "raphiphop": "0.054245096", "rock": "0.041225962"}}, {"model_name": "genre_rosamerica", "activations": {"classic": "0.48766634", "dance": "0.04280925", "hip hop": "0.029334381", "jazz": "0.060872078", "pop": "0