{"song_id": "1182280438446829568", "download": "https://cdn.discordapp.com/attachments/1135911532732108921/1182280438446829568/chirp.mp4?ex=65841f76&amp", "lyrics": "\u0418\u0440\u0438\u043d\u0430 \u042e\u0440\u044c\u0435\u0432\u043d\u0430, \u0442\u0435\u0449\u0430 \u0434\u043e\u0440\u043e\u0433\u0430\u044f!\n\u0421 \u0414\u043d\u0451\u043c \u0420\u043e\u0436\u0434\u0435\u043d\u0438\u044f! \u0412\u0430\u0441 \u044f \u043f\u043e\u0437\u0434\u0440\u0430\u0432\u043b\u044f\u044e!\n\u041f\u0443\u0441\u0442\u044c \u0431\u043b\u0435\u0441\u0442\u044f\u0442 \u043e\u0442 \u0440\u0430\u0434\u043e\u0441\u0442\u0438 \u0433\u043b\u0430\u0437\u0430,\n\u041b\u0443\u0447\u0448\u0435\u0439 \u0442\u0435\u0449\u0438 \u0432 \u043c\u0438\u0440\u0435 \u043d\u0435 \u043d\u0430\u0439\u0442\u0438!\n\n\u0412\u0430\u043c \u0436\u0435\u043b\u0430\u044e \u043a\u0440\u0435\u043f\u043a\u043e\u0433\u043e \u0437\u0434\u043e\u0440\u043e\u0432\u044c\u044f,\n\u0414\u043e\u043b\u0433\u0438\u0445 \u043b\u0435\u0442, \u043d\u0435\u0443\u0442\u043e\u043c\u0438\u043c\u044b\u0445 \u0441\u0438\u043b.\n\u0427\u0442\u043e\u0431\u044b \u0436\u0438\u0437\u043d\u044c \u0431\u044b\u043b\u0430 \u0412\u0430\u0448\u0430 \u0441\u043f\u043e\u043a\u043e\u0439\u043d\u0430,\n\u0422\u043e\u043b\u044c\u043a\u043e \u043f\u0440\u0430\u0437\u0434\u043d\u0438\u043a \u0432 \u0434\u043e\u043c \u0412\u0430\u0448 \u0437\u0430\u0445\u043e\u0434\u0438\u043b.\n\n\u041d\u0430 \u0433\u043e\u0434\u0430 \u0412\u044b, \u0442\u0435\u0449\u0430, \u043d\u0435 \u0440\u043e\u043f\u0449\u0438\u0442\u0435,\n\u041d\u0435 \u0441\u0434\u0430\u0432\u0430\u0439\u0442\u0435\u0441\u044c \u0432 \u0438\u0445 \u0436\u0435\u0441\u0442\u043e\u043a\u0438\u0439 \u043f\u043b\u0435\u043d,\n\u0412 \u043a\u0430\u0436\u0434\u043e\u043c \u0434\u043d\u0435 \u043f\u0440\u0435\u043a\u0440\u0430\u0441\u043d\u043e\u0435 \u0438\u0449\u0438\u0442\u0435,\n\u041f\u0443\u0441\u0442\u044c \u043d\u0435 \u0431\u0443\u0434\u0435\u0442 \u0433\u043e\u0440\u044f \u0438 \u043f\u0440\u043e\u0431\u043b\u0435\u043c!\n\n\u041a\u0430\u0440\u0438\u043d\u0430 \u0438 \u0410\u0440\u0441\u0435\u043d\u0438\u0439 \u0412\u0430\u0441 \u0442\u043e\u0436\u0435 \u043f\u043e\u0437\u0434\u0440\u0430\u0432\u043b\u044f\u044e\u0442,\n\u0421\u0447\u0430\u0441\u0442\u044c\u044f, \u0440\u0430\u0434\u043e\u0441\u0442\u0438 \u0432 \u0436\u0438\u0437\u043d\u0438 \u0412\u0430\u043c \u0436\u0435\u043b\u0430\u044e\u0442.", "style": ["random"], "essentia_features": {"lowlevel.average_loudness": 0.7945443987846375, "lowlevel.barkbands_crest.mean": 11.428606033325195, "lowlevel.barkbands_crest.stdev": 3.740638494491577, "lowlevel.barkbands_flatness_db.mean": 0.3181692361831665, "lowlevel.barkbands_flatness_db.stdev": 0.0555027574300766, "lowlevel.barkbands_kurtosis.mean": 4.4646453857421875, "lowlevel.barkbands_kurtosis.stdev": 4.6753010749816895, "lowlevel.barkbands_skewness.mean": 1.5251001119613647, "lowlevel.barkbands_skewness.stdev": 0.8014301657676697, "lowlevel.barkbands_spread.mean": 6.077394962310791, "lowlevel.barkbands_spread.stdev": 6.2383880615234375, "lowlevel.dissonance.mean": 0.40132826566696167, "lowlevel.dissonance.stdev": 0.05335404351353645, "lowlevel.dynamic_complexity": 5.293395519256592, "lowlevel.erbbands_crest.mean": 11.174585342407227, "lowlevel.erbbands_crest.stdev": 3.7358126640319824, "lowlevel.erbbands_flatness_db.mean": 0.33920225501060486, "lowlevel.erbbands_flatness_db.stdev": 0.049518048763275146, "lowlevel.erbbands_kurtosis.mean": 0.8342280387878418, "lowlevel.erbbands_kurtosis.stdev": 1.92186439037323, "lowlevel.erbbands_skewness.mean": 0.7115617394447327, "lowlevel.erbbands_skewness.stdev": 0.5910812616348267, "lowlevel.erbbands_spread.mean": 14.89296817779541, "lowlevel.erbbands_spread.stdev": 8.711360931396484, "lowlevel.hfc.mean": 9.315292358398438, "lowlevel.hfc.stdev": 12.216870307922363, "lowlevel.loudness_ebu128.integrated": -19.700511932373047, "lowlevel.loudness_ebu128.loudness_range": 7.2181396484375, "lowlevel.loudness_ebu128.momentary.mean": -22.935983657836914, "lowlevel.loudness_ebu128.momentary.stdev": 6.199345588684082, "lowlevel.loudness_ebu128.short_term.mean": -20.911338806152344, "lowlevel.loudness_ebu128.short_term.stdev": 2.6507160663604736, "lowlevel.melbands_crest.mean": 13.849990844726562, "lowlevel.melbands_crest.stdev": 4.6611151695251465, "lowlevel.melbands_flatness_db.mean": 0.39610984921455383, "lowlevel.melbands_flatness_db.stdev": 0.06441986560821533, "lowlevel.melbands_kurtosis.mean": 5.431126117706299, "lowlevel.melbands_kurtosis.stdev": 5.760915756225586, "lowlevel.melbands_skewness.mean": 1.6655336618423462, "lowlevel.melbands_skewness.stdev": 0.7546008229255676, "lowlevel.melbands_spread.mean": 8.628534317016602, "lowlevel.melbands_spread.stdev": 8.473274230957031, "lowlevel.pitch_salience.mean": 0.5583387017250061, "lowlevel.pitch_salience.stdev": 0.09383854269981384, "lowlevel.silence_rate_20dB.mean": 1.0, "lowlevel.silence_rate_20dB.stdev": 0.0, "lowlevel.silence_rate_30dB.mean": 0.9924681186676025, "lowlevel.silence_rate_30dB.stdev": 0.08645748347043991, "lowlevel.silence_rate_60dB.mean": 0.18829664587974548, "lowlevel.silence_rate_60dB.stdev": 0.3909491002559662, "lowlevel.spectral_centroid.mean": 522.6148681640625, "lowlevel.spectral_centroid.stdev": 257.8791809082031, "lowlevel.spectral_complexity.mean": 10.53012752532959, "lowlevel.spectral_complexity.stdev": 4.952959060668945, "lowlevel.spectral_decrease.mean": -4.5974566376116854e-09, "lowlevel.spectral_decrease.stdev": 5.2103334979847205e-09, "lowlevel.spectral_energy.mean": 0.018196800723671913, "lowlevel.spectral_energy.stdev": 0.02067175693809986, "lowlevel.spectral_energyband_high.mean": 2.8999760615988635e-05, "lowlevel.spectral_energyband_high.stdev": 0.00024078119895420969, "lowlevel.spectral_energyband_low.mean": 0.0014212577370926738, "lowlevel.spectral_energyband_low.stdev": 0.0030097351409494877, "lowlevel.spectral_energyband_middle_high.mean": 0.002421900164335966, "lowlevel.spectral_energyband_middle_high.stdev": 0.00470349844545126, "lowlevel.spectral_energyband_middle_low.mean": 0.014673074707388878, "lowlevel.spectral_energyband_middle_low.stdev": 0.01750100404024124, "lowlevel.spectral_entropy.mean": 6.083933353424072, "lowlevel.spectral_entropy.stdev": 0.4686428904533386, "lowlevel.spectral_flux.mean": 0.032227080315351486, "lowlevel.spectral_flux.stdev": 0.032161206007003784, "lowlevel.spectral_kurtosis.mean": 48.52132034301758, "lowlevel.spectral_kurtosis.stdev": 31.17753028869629, "lowlevel.spectral_rms.mean": 0.0036343371029943228, "lowlevel.spectral_rms.stdev": 0.0021317920181900263, "lowlevel.spectral_rolloff.mean": 726.1541137695312, "lowlevel.spectral_rolloff.stdev": 735.7954711914062, "lowlevel.spectral_skewness.mean": 4.555691719055176, "lowlevel.spectral_skewness.stdev": 1.8554110527038574, "lowlevel.spectral_spread.mean": 1427180.25, "lowlevel.spectral_spread.stdev": 1112432.5, "lowlevel.spectral_strongpeak.mean": 1.0975301265716553, "lowlevel.spectral_strongpeak.stdev": 1.1935800313949585, "lowlevel.zerocrossingrate.mean": 0.026464221999049187, "lowlevel.zerocrossingrate.stdev": 0.019921932369470596, "metadata.audio_properties.analysis.equal_loudness": 0.0, "metadata.audio_properties.analysis.length": 40.04265213012695, "metadata.audio_properties.analysis.sample_rate": 44100.0, "metadata.audio_properties.analysis.start_time": 0.0, "metadata.audio_properties.bit_rate": 104949.0, "metadata.audio_properties.length": 40.042667388916016, "metadata.audio_properties.lossless": 0.0, "metadata.audio_properties.number_channels": 1.0, "metadata.audio_properties.replay_gain": -8.707494735717773, "metadata.audio_properties.sample_rate": 48000.0, "rhythm.beats_count": 72.0, "rhythm.beats_loudness.mean": 0.030632462352514267, "rhythm.beats_loudness.stdev": 0.03133711963891983, "rhythm.bpm": 99.86396026611328, "rhythm.bpm_histogram_first_peak_bpm": 99.0, "rhythm.bpm_histogram_first_peak_weight": 0.5853658318519592, "rhythm.bpm_histogram_second_peak_bpm": 144.0, "rhythm.bpm_histogram_second_peak_spread": 0.35294121503829956, "rhythm.bpm_histogram_second_peak_weight": 0.15492957830429077, "rhythm.danceability": 0.9245829582214355, "rhythm.onset_rate": 1.42306387424469, "tonal.chords_changes_rate": 0.03125, "tonal.chords_number_rate": 0.008101851679384708, "tonal.chords_strength.mean": 0.5179910659790039, "tonal.chords_strength.stdev": 0.08141665160655975, "tonal.hpcp_crest.mean": 18.25464630126953, "tonal.hpcp_crest.stdev": 7.813942909240723, "tonal.hpcp_entropy.mean": 1.3925055265426636, "tonal.hpcp_entropy.stdev": 0.6005033850669861, "tonal.key_edma.strength": 0.8340225219726562, "tonal.key_krumhansl.strength": 0.8297830820083618, "tonal.key_temperley.strength": 0.8191739916801453, "tonal.tuning_diatonic_strength": 0.5973716974258423, "tonal.tuning_equal_tempered_deviation": 0.0069596171379089355, "tonal.tuning_frequency": 439.2381896972656, "tonal.tuning_nontempered_energy_ratio": 0.5813276767730713, "lowlevel.barkbands.mean": [1.986213646887336e-06, 0.00043893014662899077, 0.0007416130974888802, 0.00040049897506833076, 0.00367100746370852, 0.005097690504044294, 0.002383661223575473, 0.0018547098152339458, 0.001028932980261743, 0.0007823450141586363, 0.0004135193885304034, 0.0004290463402867317, 0.00017149682389572263, 0.00019587950373534113, 0.0002048868773272261, 0.00021792121697217226, 5.181732194614597e-05, 2.72611159743974e-05, 2.6149833502131514e-05, 3.24383654515259e-05, 1.9741171399800805e-06, 1.3106014193908777e-06, 1.074980082194088e-05, 6.871665846119868e-06, 2.4134938030329067e-06, 1.683428195065062e-06, 4.680421827885084e-09], "lowlevel.barkbands.stdev": [8.204967343772296e-06, 0.001047785161063075, 0.001941857161000371, 0.0007379670278169215, 0.0036774231120944023, 0.01188330352306366, 0.0058820974081754684, 0.004620571620762348, 0.0032056111376732588, 0.0019365443149581552, 0.001672958373092115, 0.0010822644690051675, 0.0005420484812930226, 0.000588280672673136, 0.000806524301879108, 0.0012558834860101342, 0.00022207206347957253, 0.0001086551565094851, 0.00010819478484336287, 0.0002044236462097615, 6.714232313242974e-06, 8.090775736491196e-06, 0.00010316293628420681, 8.72125310706906e-05, 2.8794915124308318e-05, 2.3406046238960698e-05, 8.332437317903896e-08], "lowlevel.erbbands.mean": [0.002868908690288663, 0.13883700966835022, 0.8344583511352539, 1.2283868789672852, 4.921417713165283, 15.539978981018066, 16.64541244506836, 49.30745315551758, 53.04393005371094, 31.73128318786621, 31.112260818481445, 16.6646671295166, 32.65509796142578, 22.170185089111328, 21.305830001831055, 20.260663986206055, 9.823399543762207, 11.520017623901367, 11.374710083007812, 8.079639434814453, 11.888376235961914, 2.914264678955078, 1.702726125717163, 1.304807424545288, 1.7783348560333252, 1.686734676361084, 0.16883981227874756, 0.0722578912973404, 0.04979722201824188, 0.13131442666053772, 0.32245078682899475, 0.2215355634689331, 0.08287054300308228, 0.024679085239768028, 0.018729807808995247, 0.010549085214734077, 0.0024505266919732094, 0.0001761672756401822, 1.2699049875664059e-05, 2.0862671590293758e-05], "lowlevel.erbbands.stdev": [0.00795573741197586, 0.3283917307853699, 2.116159200668335, 2.1578450202941895, 6.5002946853637695, 16.336984634399414, 24.00905418395996, 136.8223876953125, 97.6391372680664, 89.43103790283203, 55.213687896728516, 38.45997619628906, 84.7615737915039, 50.41984558105469, 83.83246612548828, 47.946746826171875, 28.5114688873291, 32.42378616333008, 47.27104187011719, 24.992265701293945, 79.80199432373047, 13.023509979248047, 7.110128402709961, 4.456018447875977, 8.765881538391113, 10.332134246826172, 0.5814330577850342, 0.25146713852882385, 0.29078325629234314, 0.9094737768173218, 3.087543487548828, 2.937049627304077, 1.030585527420044, 0.26489973068237305, 0.24539397656917572, 0.1468629390001297, 0.03506685048341751, 0.0026565229054540396, 5.391769445850514e-05, 2.3703572878730483e-05], "lowlevel.gfcc.mean": [-183.10133361816406, 223.4486846923828, -145.70196533203125, -31.731584548950195, -41.69696807861328, -35.25712585449219, -32.0377197265625, -21.916196823120117, -14.995393753051758, -13.997949600219727, -6.6071295738220215, -13.761677742004395, 3.228367567062378], "lowlevel.melbands.mean": [6.91815948812291e-05, 0.0003477520076557994, 0.0002818673674482852, 0.0007679848349653184, 0.0005848787841387093, 0.0010774190304800868, 0.0007734666578471661, 0.0003513580886647105, 0.00021513018873520195, 0.00012746396532747895, 0.00016616434731986374, 9.0503461251501e-05, 6.022749948897399e-05, 6.15214739809744e-05, 3.010777618328575e-05, 1.7565898815519176e-05, 2.2077805624576285e-05, 1.6920857888180763e-05, 1.088751832867274e-05, 1.390968100167811e-05, 1.237442029378144e-05, 2.315122401341796e-06, 2.7951823540206533e-06, 1.027652160701109e-06, 1.0130095233762404e-06, 1.0829501206899295e-06, 1.5930972949718125e-06, 8.935942901189264e-07, 7.997365258916034e-08, 5.525651403104348e-08, 3.2681658268529645e-08, 2.7986544637315092e-08, 2.381178987320709e-08, 9.615462204237701e-08, 1.7002369645524595e-07, 2.1289292817527894e-07, 1.1027214696923693e-07, 6.780187788990588e-08, 2.7598005658546754e-08, 1.744684396953744e-08], "lowlevel.melbands.stdev": [0.00016576680354773998, 0.0008250410319305956, 0.00038286231574602425, 0.0008784901583567262, 0.000687696214299649, 0.0027548561338335276, 0.0014778266195207834, 0.0010635884245857596, 0.0003776216763071716, 0.00036871316842734814, 0.0004313148674555123, 0.00022020361211616546, 0.00022805185290053487, 0.00017148333427030593, 6.56128759146668e-05, 4.599642852554098e-05, 7.02782126609236e-05, 7.053242734400555e-05, 3.664843461592682e-05, 5.669983511324972e-05, 8.682438055984676e-05, 7.762304448988289e-06, 1.6349033103324473e-05, 3.3286341931670904e-06, 3.412204250707873e-06, 5.82983557251282e-06, 9.7895444923779e-06, 5.5109794629970565e-06, 2.9095286890878924e-07, 2.0571583547734917e-07, 1.3068658688553114e-07, 1.63156130383868e-07, 1.6486113452174322e-07, 6.840141395514365e-07, 1.4092970559431706e-06, 2.8408160233084345e-06, 1.456106360819831e-06, 8.768580528339953e-07, 2.926571767147834e-07, 1.8933417322841706e-07], "lowlevel.melbands128.mean": [9.634537718739011e-07, 4.153735517320456e-06, 4.3658899812726304e-05, 0.000288753944914788, 0.00045670056715607643, 0.0003217435150872916, 0.00024288063286803663, 0.0001774141564965248, 0.00042639471939764917, 0.0009140374604612589, 0.0009594460134394467, 0.0006295368075370789, 0.0006240839720703661, 0.00030854897340759635, 0.0008746985113248229, 0.0019168651197105646, 0.0009761379333212972, 0.0007012653513811529, 0.0002822170208673924, 0.00032627448672428727, 0.00041458546184003353, 0.00027411204064264894, 0.00027182631311006844, 2.7154843337484635e-05, 3.274707341915928e-05, 0.00016282510478049517, 0.00035617328830994666, 0.00011632643872871995, 5.4623284086119384e-05, 0.00016418674204032868, 6.356954691000283e-05, 2.82785294984933e-05, 5.8789169997908175e-05, 0.0001036670510075055, 3.55348784069065e-05, 6.915444100741297e-05, 6.78343276376836e-05, 1.154983419837663e-05, 2.249401768494863e-05, 2.5888084564940073e-05, 9.528558621241245e-06, 1.7098336684284732e-05, 2.6616460672812536e-05, 2.6350329790147953e-05, 4.300313776184339e-06, 1.8665841707843356e-05, 2.9697159334318712e-05, 4.668032033805503e-06, 5.090485956316115e-06, 1.4125969755696133e-05, 1.0138702236872632e-05, 1.900978350022342e-05, 2.3941862309584394e-05, 2.5687049856060185e-06, 3.6500077840173617e-06, 1.0902757594521972e-06, 2.135332124453271e-06, 5.341797532310011e-06, 1.8706336959439795e-06, 7.089912514857133e-07, 6.257504310269724e-07, 1.640373398004158e-06, 1.4772560916753719e-06, 7.55051075884694e-07, 3.109474846496596e-07, 9.74029262579279e-07, 1.9209116999263642e-06, 8.199361332117405e-07, 1.5172637404248235e-06, 2.7777566629083594e-06, 7.543655442532327e-07, 1.1586944737018712e-07, 1.3795767017654725e-07, 5.010506498592804e-08, 5.70948657241388e-08, 3.71232324880566e-08, 8.430999542952122e-08, 3.2871842137183194e-08, 2.568734025487629e-08, 2.5144888837758117e-08, 3.2688795670310355e-08, 3.021108341272338e-08, 1.749677913664982e-08, 2.1129045180146022e-08, 2.8433708720854156e-08, 6.22587066345659e-08, 1.4223239475086302e-07, 1.1579419378904277e-07, 1.558595243977834e-07, 1.9953638741299073e-07, 2.9635435794261866e-07, 1.8780508526106132e-07, 1.3339941062895377e-07, 1.1281938583351803e-07, 9.078280527319293e-08, 9.326571159817831e-08, 5.7360107774684366e-08, 4.217914195692174e-08, 2.4415571786562396e-08, 2.6879218850694997e-08, 1.4276888116171449e-08, 1.641041436073465e-08, 1.7340113345198915e-08, 2.4022577704840842e-08, 1.6604188246560625e-08, 2.7574252214890294e-08, 1.9852729238323263e-08, 1.960163764636036e-08, 2.0760262842145494e-08, 1.6849341477609414e-08, 1.2080348277265784e-08, 9.658332800199787e-09, 6.9975794048104945e-09, 4.374814732699406e-09, 3.5319147606571732e-09, 1.2943205396354074e-09, 2.2603288685196787e-10, 4.252954325517644e-12, 2.959520649381542e-12, 2.8754706948852515e-12, 2.818895724482351e-12, 2.7527173249164427e-12, 2.7032920173197805e-12, 2.6492206865735834e-12, 2.5525473661830445e-12, 2.4136647541750378e-12, 2.3345745909369997e-12, 2.313617830304593e-12], "lowlevel.melbands128.stdev": [6.661404313490493e-06, 3.3877404348459095e-05, 0.0001277570700040087, 0.0006948895752429962, 0.001205193460918963, 0.0008556536049582064, 0.0004965840489603579, 0.00032798308529891074, 0.0006346137961372733, 0.001393247046507895, 0.001099592656828463, 0.0006977341254241765, 0.001164169399999082, 0.0004812008119188249, 0.0030676615424454212, 0.0050161234103143215, 0.0015526185743510723, 0.0023321514017879963, 0.0011777301551774144, 0.0011661198223009706, 0.0016785128973424435, 0.0004941669758409262, 0.0005272942362353206, 3.9462076529162005e-05, 5.15954707225319e-05, 0.0005605234764516354, 0.0011628316715359688, 0.0004856224113609642, 0.00025258256937377155, 0.0004454045556485653, 0.00017469785234425217, 9.481903543928638e-05, 0.00018161062325816602, 0.0006080023013055325, 0.00014137729885987937, 0.0002492709900252521, 0.00016583834076300263, 3.884514080709778e-05, 0.00011024633568013087, 0.00010386549547547475, 2.05029336939333e-05, 4.67508434667252e-05, 0.00010993879550369456, 9.999385656556115e-05, 2.40572881011758e-05, 9.98849791358225e-05, 0.00015878299018368125, 2.0068480807822198e-05, 1.974310725927353e-05, 7.482385262846947e-05, 3.54725998477079e-05, 0.0001568128209328279, 0.00019811702077277005, 1.599842835275922e-05, 7.807640031387564e-06, 4.6531085899914615e-06, 1.713044912321493e-05, 3.9658643800066784e-05, 1.227989650942618e-05, 3.7804461499035824e-06, 2.1777443635073723e-06, 7.363441454799613e-06, 7.743605237919837e-06, 2.1637449663103325e-06, 1.1278110605417169e-06, 6.114313237048918e-06, 1.242257440026151e-05, 5.675832653651014e-06, 1.5428338883793913e-05, 2.0420113287400454e-05, 5.0691251090029255e-06, 4.888293574367708e-07, 7.461970312760968e-07, 2.0720142401842168e-07, 2.8154869369245716e-07, 1.4643559609339718e-07, 3.773723165068077e-07, 1.1467146521226823e-07, 1.0853982956859909e-07, 2.131067731170333e-07, 1.7262075857615855e-07, 2.462026600369427e-07, 1.3705546564324322e-07, 1.6246349332504906e-07, 2.1070457023597555e-07, 4.7300088112933736e-07, 1.0505270893190755e-06, 1.0269905033055693e-06, 1.2254986359039322e-06, 1.858078235272842e-06, 3.998020929429913e-06, 2.9148943667678395e-06, 1.8296412918061833e-06, 1.6232279449468479e-06, 1.0289019201081828e-06, 1.3940040162196965e-06, 7.72627799960901e-07, 4.835202389585902e-07, 2.4091241357382387e-07, 3.1146589662967017e-07, 1.5932423025333264e-07, 1.845972832370535e-07, 2.036761230783668e-07, 3.1319302706833696e-07, 2.1716759590617585e-07, 4.4382224473338283e-07, 3.1529447142020217e-07, 3.0812910267741245e-07, 3.051902126571804e-07, 2.4537288823012204e-07, 1.894569550131564e-07, 1.4714548512984038e-07, 1.231084922892478e-07, 7.414756453272275e-08, 6.013047482156253e-08, 2.4054287450780976e-08, 3.890688216046101e-09, 2.612356685138817e-11, 5.454803709420419e-12, 5.308391313324501e-12, 5.197663913852901e-12, 5.0686200028793316e-12, 4.972855027068901e-12, 4.885513868457814e-12, 4.815026849458448e-12, 4.758635326063132e-12, 4.7168666542085624e-12, 4.691332392003922e-12], "lowlevel.mfcc.mean": [-822.4306030273438, 260.2525939941406, -37.08720397949219, 2.915011167526245, -6.364818572998047, -15.337198257446289, -13.326789855957031, -17.460752487182617, -7.76146936416626, -8.49862003326416, -11.189634323120117, -6.554050445556641, -4.535257816314697], "lowlevel.spectral_contrast_coeffs.mean": [-0.624585747718811, -0.6706100702285767, -0.7025935649871826, -0.7625384330749512, -0.7757979035377502, -0.7817322611808777], "lowlevel.spectral_contrast_coeffs.stdev": [0.08919612318277359, 0.09140695631504059, 0.07257845997810364, 0.054202623665332794, 0.049251895397901535, 0.07597608864307404], "lowlevel.spectral_contrast_valleys.mean": [-7.694775104522705, -7.112627029418945, -8.172455787658691, -8.935272216796875, -10.23657512664795, -14.100523948669434], "lowlevel.spectral_contrast_valleys.stdev": [1.4649434089660645, 0.8253714442253113, 1.0535380840301514, 1.06766676902771, 1.2103867530822754, 1.036695957183838], "rhythm.beats_loudness_band_ratio.mean": [0.1262097954750061, 0.5176420211791992, 0.34577977657318115, 0.08990329504013062, 0.02104482427239418, 0.007291336078196764], "rhythm.beats_loudness_band_ratio.stdev": [0.1309337615966797, 0.2028086632490158, 0.16757404804229736, 0.0769333615899086, 0.030720075592398643, 0.04207274690270424], "tonal.hpcp.mean": [0.35521775484085083, 0.18776677548885345, 0.006068719085305929, 0.0023421570658683777, 0.004676917567849159, 0.1995849907398224, 0.34476208686828613, 0.1511068046092987, 0.045718103647232056, 0.11416439712047577, 0.07204388827085495, 0.010851834900677204, 0.014091871678829193, 0.007438709959387779, 0.1662217527627945, 0.36693283915519714, 0.20632988214492798, 0.006601453758776188, 0.004823144990950823, 0.003221689024940133, 0.03098333068192005, 0.0710972473025322, 0.04658794030547142, 0.017497830092906952, 0.013506991788744926, 0.0017170943319797516, 0.09997735172510147, 0.21916906535625458, 0.12912383675575256, 0.27151674032211304, 0.4755929708480835, 0.22023969888687134, 0.012414907105267048, 0.011935913003981113, 0.017416195943951607, 0.18237274885177612], "tonal.hpcp.stdev": [0.38992252945899963, 0.21934166550636292, 0.03564255312085152, 0.007975145243108273, 0.02580423094332218, 0.22516539692878723, 0.34873780608177185, 0.17167124152183533, 0.0927061066031456, 0.25139185786247253, 0.1618594229221344, 0.057394444942474365, 0.059792324900627136, 0.02861006185412407, 0.1631966084241867, 0.3353138864040375, 0.18751977384090424, 0.03915846720337868, 0.018947357311844826, 0.016081472858786583, 0.07929165661334991, 0.15686991810798645, 0.09298043698072433, 0.03798706457018852, 0.026570778340101242, 0.007443652488291264, 0.17231303453445435, 0.35921919345855713, 0.19788430631160736, 0.25178688764572144, 0.42738625407218933, 0.22288388013839722, 0.07695324718952179, 0.07663656771183014, 0.08164646476507187, 0.2278074324131012], "rhythm.beats_position": [0.5572788715362549, 1.1261677742004395, 1.7182766199111938, 2.3103854656219482, 2.902494192123413, 3.5062131881713867, 4.109931945800781, 4.690430641174316, 5.294149398803711, 5.8978681564331055, 6.51319694519043, 7.116916179656982, 7.720634937286377, 8.335963249206543, 8.916461944580078, 9.49696159362793, 10.065850257873535, 10.704399108886719, 11.342947959899902, 11.935056686401367, 12.527165412902832, 13.130884170532227, 13.734602928161621, 14.326711654663086, 14.907210350036621, 15.499319076538086, 16.091428756713867, 16.695146560668945, 17.298866271972656, 17.925804138183594, 18.564353942871094, 19.156461715698242, 19.748571395874023, 20.340679168701172, 20.944398880004883, 21.55972671508789, 22.17505645751953, 22.80199432373047, 23.40571403503418, 24.009431838989258, 24.636371612548828, 25.263309478759766, 25.890249252319336, 26.517187118530273, 27.155736923217773, 27.79428482055664, 28.374784469604492, 28.95528221130371, 29.535781860351562, 30.046621322631836, 30.557458877563477, 31.06829833984375, 31.497867584228516, 31.95065689086914, 32.403446197509766, 32.82140350341797, 33.23936462402344, 33.65732192993164, 34.07528305053711, 34.481632232666016, 34.89958953857422, 35.305938720703125, 35.71228790283203, 36.1302490234375, 36.5482063293457, 36.96616744995117, 37.384124755859375, 37.802085876464844, 38.22004318237305, 38.62639236450195, 39.02113342285156, 39.42748260498047], "rhythm.bpm_histogram": [0.0, 0.0, 0.0, 0.0, 0.0, 0.0, 0.0, 0.0, 0.0, 0.0, 0.0, 0.0, 0.0, 0.0, 0.0, 0.0, 0.0, 0.0, 0.0, 0.0, 0.0, 0.0, 0.0, 0.0, 0.0, 0.0, 0.0, 0.0, 0.0, 0.0, 0.0, 0.0, 0.0, 0.0, 0.0, 0.0, 0.0, 0.0, 0.0, 0.0, 0.0, 0.0, 0.0, 0.0, 0.0, 0.0, 0.0, 0.0, 0.0, 0.0, 0.0, 0.0, 0.0, 0.0, 0.0, 0.0, 0.0, 0.0, 0.0, 0.0, 0.0, 0.0, 0.0, 0.0, 0.0, 0.0, 0.0, 0.0, 0.0, 0.0, 0.0, 0.0, 0.0, 0.0, 0.0, 0.0, 0.0, 0.0, 0.0, 0.0, 0.0, 0.0, 0.0, 0.0, 0.0, 0.0, 0.0, 0.0, 0.0, 0.0, 0.0, 0.0, 0.0, 0.0, 0.07042253762483597, 0.0, 0.0845070406794548, 0.0, 0.056338027119636536, 0.18309858441352844, 0.0, 0.15492957830429077, 0.0, 0.09859155118465424, 0.0, 0.028169013559818268, 0.0, 0.0, 0.0, 0.0, 0.0, 0.0, 0.0, 0.0, 0.0, 0.0, 0.0, 0.0422535203397274, 0.0, 0.0, 0.0, 0.0, 0.0, 0.0, 0.0, 0.0, 0.0, 0.0, 0.0, 0.0, 0.0, 0.0, 0.0, 0.028169013559818268, 0.0, 0.0, 0.0, 0.0, 0.0, 0.0, 0.014084506779909134, 0.0, 0.0, 0.0, 0.15492957830429077, 0.0, 0.0, 0.0, 0.07042253762483597, 0.0, 0.0, 0.0, 0.014084506779909134, 0.0, 0.0, 0.0, 0.0, 0.0, 0.0, 0.0, 0.0, 0.0, 0.0, 0.0, 0.0, 0.0, 0.0, 0.0, 0.0, 0.0, 0.0, 0.0, 0.0, 0.0, 0.0, 0.0, 0.0, 0.0, 0.0, 0.0, 0.0, 0.0, 0.0, 0.0, 0.0, 0.0, 0.0, 0.0, 0.0, 0.0, 0.0, 0.0, 0.0, 0.0, 0.0, 0.0, 0.0, 0.0, 0.0, 0.0, 0.0, 0.0, 0.0, 0.0, 0.0, 0.0, 0.0, 0.0, 0.0, 0.0, 0.0, 0.0, 0.0, 0.0, 0.0, 0.0, 0.0, 0.0, 0.0, 0.0, 0.0, 0.0, 0.0, 0.0, 0.0, 0.0, 0.0, 0.0, 0.0, 0.0, 0.0, 0.0, 0.0, 0.0, 0.0, 0.0, 0.0, 0.0, 0.0, 0.0, 0.0, 0.0, 0.0, 0.0, 0.0, 0.0, 0.0, 0.0, 0.0, 0.0], "tonal.chords_histogram": [52.199073791503906, 4.513888835906982, 24.421297073364258, 1.2731481790542603, 2.314814805984497, 0.0, 0.0, 0.0, 0.0, 0.0, 0.0, 0.0, 0.0, 0.0, 0.0, 0.0, 0.0, 0.0, 0.0, 0.6944444179534912, 0.6944444179534912, 8.333333015441895, 0.0, 5.55555534362793], "tonal.thpcp": [1.0, 0.4630844295024872, 0.02610405907034874, 0.02509690821170807, 0.03661996126174927, 0.38346391916275024, 0.7468944787979126, 0.3948056101799011, 0.012760321609675884, 0.004924708977341652, 0.0098338657990098, 0.41965505480766296, 0.7249099612236023, 0.31772294640541077, 0.09612863510847092, 0.2400464415550232, 0.1514822393655777, 0.02281748317182064, 0.029630109667778015, 0.01564091630280018, 0.3495042324066162, 0.7715270519256592, 0.4338371157646179, 0.013880469836294651, 0.01014132983982563, 0.006774046923965216, 0.06514673680067062, 0.1494918018579483, 0.09795758873224258, 0.0367916077375412, 0.028400318697094917, 0.003610428422689438, 0.2102162092924118, 0.46083328127861023, 0.27150073647499084, 0.5709015130996704], "lowlevel.gfcc.cov": [[10069.9453125, -255.01695251464844, -1337.6138916015625, 1753.3421630859375, 971.3442993164062, -295.0971984863281, 894.73876953125, -71.99437713623047, -200.3059844970703, 342.9230041503906, 151.42967224121094, 197.43360900878906, -400.47100830078125], [-255.01695251464844, 1703.7041015625, -134.55833435058594, -116.5875244140625, 863.343505859375, -394.31683349609375, 455.1029357910156, -209.048583984375, 76.41386413574219, -71.18489837646484, -114.21892547607422, -153.7412567138672, 32.737674713134766], [-1337.6138916015625, -134.55833435058594, 614.2761840820312, -86.23656463623047, -128.5475311279297, 346.6607666015625, -234.01303100585938, 195.0454864501953, 25.76857566833496, -56.63530349731445, -24.276782989501953, -52.60115432739258, -9.398882865905762], [1753.3421630859375, -116.5875244140625, -86.23656463623047, 670.3184814453125, 260.3387451171875, 124.96644592285156, 180.7027587890625, 56.02140808105469, -13.990540504455566, 70.30020904541016, 3.881056785583496, 8.131815910339355, -129.46063232421875], [971.3442993164062, 863.343505859375, -128.5475311279297, 260.3387451171875, 736.9663696289062, -137.14756774902344, 333.9992370605469, -50.2730598449707, -4.012692451477051, -7.153063774108887, -63.23284149169922, -81.03986358642578, -47.740657806396484], [-295.0971984863281, -394.31683349609375, 346.6607666015625, 124.96644592285156, -137.14756774902344, 469.8732604980469, -192.34228515625, 207.1661376953125, 27.2841739654541, -42.32442855834961, 21.100505828857422, -34.421302795410156, -53.49518966674805], [894.73876953125, 455.1029357910156, -234.01303100585938, 180.7027587890625, 333.9992370605469, -192.34228515625, 370.6205139160156, -81.16968536376953, 14.818360328674316, 59.87175369262695, -32.63277816772461, 9.338424682617188, -27.959148406982422], [-71.99437713623047, -209.048583984375, 195.0454864501953, 56.02140808105469, -50.2730598449707, 207.1661376953125, -81.16968536376953, 180.1717529296875, 9.118698120117188, -15.842113494873047, 25.06548500061035, -13.578350067138672, -13.918980598449707], [-200.3059844970703, 76.41386413574219, 25.76857566833496, -13.990540504455566, -4.012692451477051, 27.2841739654541, 14.818360328674316, 9.118698120117188, 97.29315185546875, 1.8281784057617188, -16.448793411254883, -8.340444564819336, -1.6359018087387085], [342.9230041503906, -71.18489837646484, -56.63530349731445, 70.30020904541016, -7.153063774108887, -42.32442855834961, 59.87175369262695, -15.842113494873047, 1.8281784057617188, 88.94503784179688, 11.27678108215332, 33.73535919189453, -11.233987808227539], [151.42967224121094, -114.21892547607422, -24.276782989501953, 3.881056785583496, -63.23284149169922, 21.100505828857422, -32.63277816772461, 25.06548500061035, -16.448793411254883, 11.27678108215332, 74.22827911376953, 17.877559661865234, -1.8852530717849731], [197.43360900878906, -153.7412567138672, -52.60115432739258, 8.131815910339355, -81.03986358642578, -34.421302795410156, 9.338424682617188, -13.578350067138672, -8.340444564819336, 33.73535919189453, 17.877559661865234, 76.48014831542969, 17.90819549560547], [-400.47100830078125, 32.737674713134766, -9.398882865905762, -129.46063232421875, -47.740657806396484, -53.49518966674805, -27.959148406982422, -13.918980598449707, -1.6359018087387085, -11.233987808227539, -1.8852530717849731, 17.90819549560547, 92.25288391113281]], "lowlevel.gfcc.icov": [[0.00041389971738681197, 5.3947194828651845e-05, 0.000878544116858393, -0.0005353961023502052, -0.0003821437421720475, 8.160214747476857e-06, 6.79067088640295e-05, -0.000659877376165241, 0.0004597088845912367, -0.000313140160869807, -0.00014705363719258457, -0.0008305375813506544, 0.0009720054222270846], [5.3947194828651845e-05, 0.00869173277169466, -0.004470124840736389, 0.0030323341488838196, -0.008029820397496223, 0.0028783539310097694, -0.006249929312616587, 0.00751121761277318, -0.0063895052298903465, 0.005157788284122944, -0.005497172940522432, 0.007937298156321049, -0.0034358869306743145], [0.000878544116858393, -0.004470124840736389, 0.008544900454580784, -0.0016040675109252334, 0.0028172251768410206, -0.0035342636983841658, 0.004953233990818262, -0.008013484999537468, 0.004562849644571543, -0.0045582810416817665, 0.005687722470611334, -0.0057073249481618404, 0.004470190964639187], [-0.0005353961023502052, 0.0030323341488838196, -0.0016040675109252334, 0.005348111502826214, -0.003532437374815345, -0.0010437427554279566, -0.0028643307741731405, 0.002766628982499242, -0.0019330576760694385, 0.0002980531135108322, -0.0009310517925769091, 0.0021640995983034372, 0.000620416656602174], [-0.0003821437421720475, -0.008029820397496223, 0.0028172251768410206, -0.003532437374815345, 0.011307090520858765, -0.0017763995565474033, 0.002638125792145729, -0.006455587223172188, 0.006199315655976534, -0.0027483764570206404, 0.005541201680898666, -0.0029151097405701876, 0.001621718518435955], [8.160214747476857e-06, 0.0028783539310097694, -0.0035342636983841658, -0.0010437427554279566, -0.0017763995565474033, 0.008586196228861809, -0.0003526703512761742, -0.001857550349086523, -0.0038890147116035223, 0.0038376636803150177, -0.002437022514641285, 0.0034675602801144123, 0.0005371298175305128], [6.79067088640295e-05, -0.006249929312616587, 0.004953233990818262, -0.0028643307741731405, 0.002638125792145729, -0.0003526703512761742, 0.012713146395981312, -0.0066914125345647335, 0.0027158628217875957, -0.0067681255750358105, 0.0059028975665569305, -0.008149438537657261, 0.003928445745259523], [-0.000659877376165241, 0.00751121761277318, -0.008013484999537468, 0.002766628982499242, -0.006455587223172188, -0.001857550349086523, -0.0066914125345647335, 0.021376846358180046, -0.006547356024384499, 0.00530647998675704, -0.009538508020341396, 0.008758439682424068, -0.007049582898616791], [0.0004597088845912367, -0.0063895052298903465, 0.004562849644571543, -0.0019330576760694385, 0.006199315655976534, -0.0038890147116035223, 0.0027158628217875957, -0.006547356024384499, 0.017119744792580605, -0.005446853116154671, 0.006654228083789349, -0.0055027431808412075, 0.0036479118280112743], [-0.000313140160869807, 0.005157788284122944, -0.0045582810416817665, 0.0002980531135108322, -0.0027483764570206404, 0.0038376636803150177, -0.0067681255750358105, 0.00530647998675704, -0.005446853116154671, 0.021062364801764488, -0.005659535061568022, 0.000359635625500232, -0.0014005348784849048], [-0.00014705363719258457, -0.005497172940522432, 0.005687722470611334, -0.0009310517925769091, 0.005541201680898666, -0.002437022514641285, 0.0059028975665569305, -0.009538508020341396, 0.006654228083789349, -0.005659535061568022, 0.02261984720826149, -0.007227418944239616, 0.003683609887957573], [-0.0008305375813506544, 0.007937298156321049, -0.0057073249481618404, 0.0021640995983034372, -0.0029151097405701876, 0.0034675602801144123, -0.008149438537657261, 0.008758439682424068, -0.0055027431808412075, 0.000359635625500232, -0.007227418944239616, 0.03153258562088013, -0.01093543041497469], [0.0009720054222270846, -0.0034358869306743145, 0.004470190964639187, 0.000620416656602174, 0.001621718518435955, 0.0005371298175305128, 0.003928445745259523, -0.007049582898616791, 0.0036479118280112743, -0.0014005348784849048, 0.003683609887957573, -0.01093543041497469, 0.020974503830075264]], "lowlevel.mfcc.cov": [[9980.6025390625, -198.04795837402344, -1963.814453125, 1949.8543701171875, 49.55947494506836, 550.3189697265625, 673.8973999023438, 294.0905456542969, -204.2028045654297, 229.54153442382812, 113.29145812988281, 89.80426788330078, 361.8450012207031], [-198.04795837402344, 1780.7349853515625, -623.008056640625, 297.39898681640625, 159.74070739746094, 102.89918518066406, 223.40878295898438, -98.31208038330078, 299.6335754394531, -141.6527099609375, 83.61233520507812, 43.64570999145508, -135.76661682128906], [-1963.814453125, -623.008056640625, 987.1407470703125, -547.191650390625, 140.166748046875, -89.25580596923828, -160.5689239501953, 111.95254516601562, -56.66120910644531, 109.75083923339844, -21.631603240966797, -22.109712600708008, 8.892030715942383], [1949.8543701171875, 297.39898681640625, -547.191650390625, 720.4282836914062, 26.013534545898438, 206.46278381347656, 239.8043975830078, 30.23741912841797, 97.1170654296875, 1.7468732595443726, 91.51258087158203, 53.62398910522461, 39.226932525634766], [49.55947494506836, 159.74070739746094, 140.166748046875, 26.013534545898438, 410.6407470703125, 77.53431701660156, 136.2357940673828, 153.8115997314453, 36.82273864746094, 110.69097900390625, 15.492298126220703, -18.825908660888672, 31.813133239746094], [550.3189697265625, 102.89918518066406, -89.25580596923828, 206.46278381347656, 77.53431701660156, 198.39883422851562, 95.96228790283203, 56.96577072143555, 70.1601791381836, 30.24431800842285, 67.64022064208984, 18.980052947998047, 18.543317794799805], [673.8973999023438, 223.40878295898438, -160.5689239501953, 239.8043975830078, 136.2357940673828, 95.96228790283203, 233.79104614257812, 76.60880279541016, 51.28640365600586, 48.10942459106445, 33.787437438964844, 27.06510353088379, 19.519372940063477], [294.0905456542969, -98.31208038330078, 111.95254516601562, 30.23741912841797, 153.8115997314453, 56.96577072143555, 76.60880279541016, 181.49526977539062, 6.9740753173828125, 98.06501770019531, 24.243183135986328, -3.5901691913604736, 42.5646858215332], [-204.2028045654297, 299.6335754394531, -56.66120910644531, 97.1170654296875, 36.82273864746094, 70.1601791381836, 51.28640365600586, 6.9740753173828125, 171.8658447265625, -7.121034145355225, 37.47608184814453, 37.58895492553711, -16.02591323852539], [229.54153442382812, -141.6527099609375, 109.75083923339844, 1.7468732595443726, 110.69097900390625, 30.24431800842285, 48.10942459106445, 98.06501770019531, -7.121034145355225, 134.11288452148438, 6.422540664672852, -1.1431890726089478, 55.37920379638672], [113.29145812988281, 83.61233520507812, -21.631603240966797, 91.51258087158203, 15.492298126220703, 67.64022064208984, 33.787437438964844, 24.243183135986328, 37.47608184814453, 6.422540664672852, 101.9291763305664, 27.34660530090332, -11.557099342346191], [89.80426788330078, 43.64570999145508, -22.109712600708008, 53.62398910522461, -18.825908660888672, 18.980052947998047, 27.06510353088379, -3.5901691913604736, 37.58895492553711, -1.1431890726089478, 27.34660530090332, 76.72734832763672, 18.24414825439453], [361.8450012207031, -135.76661682128906, 8.892030715942383, 39.226932525634766, 31.813133239746094, 18.543317794799805, 19.519372940063477, 42.5646858215332, -16.02591323852539, 55.37920379638672, -11.557099342346191, 18.24414825439453, 103.95967102050781]], "lowlevel.mfcc.icov": [[0.0006078726728446782, 0.00025534111773595214, 0.0010718281846493483, -0.0009536545840092003, -5.01426329719834e-05, -0.0005845593404956162, 0.0001419776672264561, -0.0008383245440199971, 0.0013921365607529879, -0.0007120713125914335, 0.0004008606483694166, -0.0005941645940765738, -0.0003351980703882873], [0.00025534111773595214, 0.0018178342143073678, 0.0016728546470403671, 0.000397796364268288, -0.0013511775759980083, 0.0002360964281251654, -0.0008979607373476028, 0.0005105981254018843, -0.001773931784555316, 0.0007277309778146446, -0.0007988143479451537, -0.0002059829857898876, 0.0008092101779766381], [0.0010718281846493483, 0.0016728546470403671, 0.005205403547734022, 0.0006622205837629735, -0.0016214437782764435, -0.001043681870214641, 0.0006322673871181905, -0.0018894625827670097, 0.0008783437660895288, -0.0017430781153962016, -0.000497134868055582, -0.002007829723879695, 0.0004572000470943749], [-0.0009536545840092003, 0.000397796364268288, 0.0006622205837629735, 0.006249005440622568, -8.373505988856778e-05, -0.0009636256727389991, -0.002933340147137642, 0.001573063898831606, -0.003487110836431384, 0.0016977149061858654, -0.00255253491923213, 0.0007615888025611639, -0.00033088959753513336], [-5.01426329719834e-05, -0.0013511775759980083, -0.0016214437782764435, -8.373505988856778e-05, 0.005751063581556082, -0.000906329252757132, -0.0019101046491414309, -0.0023925381246954203, 0.0007935529574751854, -0.0017463489202782512, 0.0009918275754898787, 0.002056122524663806, -0.0008777480688877404], [-0.0005845593404956162, 0.0002360964281251654, -0.001043681870214641, -0.0009636256727389991, -0.000906329252757132, 0.01071729976683855, -0.0009866033215075731, 0.00021366564033087343, -0.004335333593189716, 0.0010624696733430028, -0.004850774072110653, 0.00250240508466959, -0.0009533982374705374], [0.0001419776672264561, -0.0008979607373476028, 0.0006322673871181905, -0.002933340147137642, -0.0019101046491414309, -0.0009866033215075731, 0.010664137080311775, -0.0026478858198970556, 0.00171651691198349, -0.0024860796984285116, 0.0020500815007835627, -0.0035380981862545013, 0.001665989519096911], [-0.0008383245440199971, 0.0005105981254018843, -0.0018894625827670097, 0.001573063898831606, -0.0023925381246954203, 0.00021366564033087343, -0.0026478858198970556, 0.013615277595818043, -