{"song_id": "1182283221220720660", "download": "https://cdn.discordapp.com/attachments/1135911532732108921/1182283221220720660/chirp.mp4?ex=6584220d&amp", "lyrics": "[Verse]\nIn shadows deep, where sorrow resides\nDeath's icy grip, a haunting guide\nLost souls weep, through eternal night\nEmbrace the dark, devoid of light\n\n[Chorus]\nGrim Reaper's call, echoes in the air\nDoomed to wander, a life stripped bare\nThrough the abyss, our spirits fall\nDeath's cold embrace, claims us all", "style": ["dark"], "essentia_features": {"lowlevel.average_loudness": 0.9752564430236816, "lowlevel.barkbands_crest.mean": 10.000049591064453, "lowlevel.barkbands_crest.stdev": 4.585882663726807, "lowlevel.barkbands_flatness_db.mean": 0.11162453144788742, "lowlevel.barkbands_flatness_db.stdev": 0.03425874188542366, "lowlevel.barkbands_kurtosis.mean": 1.9006526470184326, "lowlevel.barkbands_kurtosis.stdev": 3.892775058746338, "lowlevel.barkbands_skewness.mean": 1.4615556001663208, "lowlevel.barkbands_skewness.stdev": 0.98288893699646, "lowlevel.barkbands_spread.mean": 36.12443161010742, "lowlevel.barkbands_spread.stdev": 14.191210746765137, "lowlevel.dissonance.mean": 0.48905518651008606, "lowlevel.dissonance.stdev": 0.00994832068681717, "lowlevel.dynamic_complexity": 0.9120261669158936, "lowlevel.erbbands_crest.mean": 6.491629600524902, "lowlevel.erbbands_crest.stdev": 2.541633129119873, "lowlevel.erbbands_flatness_db.mean": 0.12679556012153625, "lowlevel.erbbands_flatness_db.stdev": 0.0211737472563982, "lowlevel.erbbands_kurtosis.mean": 0.1564733386039734, "lowlevel.erbbands_kurtosis.stdev": 1.0247870683670044, "lowlevel.erbbands_skewness.mean": -0.5865824818611145, "lowlevel.erbbands_skewness.stdev": 0.43160051107406616, "lowlevel.erbbands_spread.mean": 47.30160903930664, "lowlevel.erbbands_spread.stdev": 14.10119342803955, "lowlevel.hfc.mean": 37.731956481933594, "lowlevel.hfc.stdev": 18.0523624420166, "lowlevel.loudness_ebu128.integrated": -14.986652374267578, "lowlevel.loudness_ebu128.loudness_range": 1.2391910552978516, "lowlevel.loudness_ebu128.momentary.mean": -15.033822059631348, "lowlevel.loudness_ebu128.momentary.stdev": 0.646168053150177, "lowlevel.loudness_ebu128.short_term.mean": -15.016139030456543, "lowlevel.loudness_ebu128.short_term.stdev": 0.4548560380935669, "lowlevel.melbands_crest.mean": 17.821699142456055, "lowlevel.melbands_crest.stdev": 6.549352169036865, "lowlevel.melbands_flatness_db.mean": 0.16117554903030396, "lowlevel.melbands_flatness_db.stdev": 0.050439100712537766, "lowlevel.melbands_kurtosis.mean": 15.42762565612793, "lowlevel.melbands_kurtosis.stdev": 16.53817367553711, "lowlevel.melbands_skewness.mean": 3.3873300552368164, "lowlevel.melbands_skewness.stdev": 1.659132719039917, "lowlevel.melbands_spread.mean": 31.99022102355957, "lowlevel.melbands_spread.stdev": 19.848125457763672, "lowlevel.pitch_salience.mean": 0.5467605590820312, "lowlevel.pitch_salience.stdev": 0.1272692084312439, "lowlevel.silence_rate_20dB.mean": 1.0, "lowlevel.silence_rate_20dB.stdev": 0.0, "lowlevel.silence_rate_30dB.mean": 0.9552123546600342, "lowlevel.silence_rate_30dB.stdev": 0.20683836936950684, "lowlevel.silence_rate_60dB.mean": 0.00154440151527524, "lowlevel.silence_rate_60dB.stdev": 0.039268504828214645, "lowlevel.spectral_centroid.mean": 2013.4056396484375, "lowlevel.spectral_centroid.stdev": 478.98077392578125, "lowlevel.spectral_complexity.mean": 36.32741165161133, "lowlevel.spectral_complexity.stdev": 6.972490310668945, "lowlevel.spectral_decrease.mean": -1.2217240552558906e-08, "lowlevel.spectral_decrease.stdev": 8.21780687942919e-09, "lowlevel.spectral_energy.mean": 0.04953310638666153, "lowlevel.spectral_energy.stdev": 0.031657345592975616, "lowlevel.spectral_energyband_high.mean": 0.002626571571454406, "lowlevel.spectral_energyband_high.stdev": 0.0022166287526488304, "lowlevel.spectral_energyband_low.mean": 0.029014693573117256, "lowlevel.spectral_energyband_low.stdev": 0.030313411727547646, "lowlevel.spectral_energyband_middle_high.mean": 0.007341836113482714, "lowlevel.spectral_energyband_middle_high.stdev": 0.0035793716087937355, "lowlevel.spectral_energyband_middle_low.mean": 0.011602620594203472, "lowlevel.spectral_energyband_middle_low.stdev": 0.011650368571281433, "lowlevel.spectral_entropy.mean": 8.063597679138184, "lowlevel.spectral_entropy.stdev": 0.18013882637023926, "lowlevel.spectral_flux.mean": 0.1338779479265213, "lowlevel.spectral_flux.stdev": 0.06339680403470993, "lowlevel.spectral_kurtosis.mean": 2.2583718299865723, "lowlevel.spectral_kurtosis.stdev": 1.1108444929122925, "lowlevel.spectral_rms.mean": 0.006643821019679308, "lowlevel.spectral_rms.stdev": 0.002045648405328393, "lowlevel.spectral_rolloff.mean": 2011.452880859375, "lowlevel.spectral_rolloff.stdev": 1616.716552734375, "lowlevel.spectral_skewness.mean": 1.1015663146972656, "lowlevel.spectral_skewness.stdev": 0.22127704322338104, "lowlevel.spectral_spread.mean": 4923170.5, "lowlevel.spectral_spread.stdev": 886311.4375, "lowlevel.spectral_strongpeak.mean": 0.4852517247200012, "lowlevel.spectral_strongpeak.stdev": 0.34428417682647705, "lowlevel.zerocrossingrate.mean": 0.07639282941818237, "lowlevel.zerocrossingrate.stdev": 0.034815464168787, "metadata.audio_properties.analysis.equal_loudness": 0.0, "metadata.audio_properties.analysis.length": 30.03628158569336, "metadata.audio_properties.analysis.sample_rate": 44100.0, "metadata.audio_properties.analysis.start_time": 0.0, "metadata.audio_properties.bit_rate": 121258.0, "metadata.audio_properties.length": 30.03733253479004, "metadata.audio_properties.lossless": 0.0, "metadata.audio_properties.number_channels": 1.0, "metadata.audio_properties.replay_gain": -10.151887893676758, "metadata.audio_properties.sample_rate": 48000.0, "rhythm.beats_count": 59.0, "rhythm.beats_loudness.mean": 0.060155972838401794, "rhythm.beats_loudness.stdev": 0.03106542117893696, "rhythm.bpm": 119.56230163574219, "rhythm.bpm_histogram_first_peak_bpm": 120.0, "rhythm.bpm_histogram_first_peak_weight": 0.2280701994895935, "rhythm.bpm_histogram_second_peak_bpm": 129.0, "rhythm.bpm_histogram_second_peak_spread": 0.0, "rhythm.bpm_histogram_second_peak_weight": 0.017241379246115685, "rhythm.danceability": 1.3756613731384277, "rhythm.onset_rate": 5.023582458496094, "tonal.chords_changes_rate": 0.06635802239179611, "tonal.chords_number_rate": 0.009259259328246117, "tonal.chords_strength.mean": 0.5175184011459351, "tonal.chords_strength.stdev": 0.14741243422031403, "tonal.hpcp_crest.mean": 9.0711088180542, "tonal.hpcp_crest.stdev": 4.357278347015381, "tonal.hpcp_entropy.mean": 2.8971593379974365, "tonal.hpcp_entropy.stdev": 0.697411060333252, "tonal.key_edma.strength": 0.6994181871414185, "tonal.key_krumhansl.strength": 0.7027688026428223, "tonal.key_temperley.strength": 0.7159588932991028, "tonal.tuning_diatonic_strength": 0.4663615822792053, "tonal.tuning_equal_tempered_deviation": 0.33604732155799866, "tonal.tuning_frequency": 434.193115234375, "tonal.tuning_nontempered_energy_ratio": 0.9327536821365356, "lowlevel.barkbands.mean": [0.003050154773518443, 0.016465194523334503, 0.008507214486598969, 0.0037684866692870855, 0.003168774303048849, 0.0019274676451459527, 0.0013136665802448988, 0.0007886639796197414, 0.0005442324327304959, 0.0003051114908885211, 0.00045099700218997896, 0.0007056207396090031, 0.0006886962801218033, 0.0005002232501283288, 0.0005909997853450477, 0.0009992864215746522, 0.0016370494849979877, 0.000660829886328429, 0.0005789069109596312, 0.0005428562290035188, 0.0006126972730271518, 0.0006932529504410923, 0.0004269670753274113, 0.00034147093538194895, 0.00022332686057779938, 4.0724611608311534e-05, 2.3987468011910096e-07], "lowlevel.barkbands.stdev": [0.004326946567744017, 0.025698652490973473, 0.00898665376007557, 0.003604551777243614, 0.0061406949535012245, 0.0034159875940531492, 0.0017376694595441222, 0.001157610327936709, 0.0007941086078062654, 0.0005572180380113423, 0.0008943188586272299, 0.0010258328402414918, 0.0008665588684380054, 0.0005541230202652514, 0.0006670346483588219, 0.0009465724579058588, 0.0011942338896915317, 0.0004770584055222571, 0.00033056573010981083, 0.0003791120834648609, 0.0005601581651717424, 0.0007432587444782257, 0.000497109314892441, 0.0003491354873403907, 0.0002543254813645035, 5.423519905889407e-05, 1.222711489390349e-06], "lowlevel.erbbands.mean": [0.7380797863006592, 2.7163455486297607, 8.524836540222168, 11.371118545532227, 15.301803588867188, 7.467726707458496, 11.153023719787598, 16.961523056030273, 16.13837242126465, 22.4398136138916, 14.62579345703125, 12.946690559387207, 9.256969451904297, 13.100314140319824, 22.6273250579834, 28.736019134521484, 32.42814254760742, 24.968801498413086, 31.40247917175293, 32.64606857299805, 68.94440460205078, 94.5107650756836, 42.473934173583984, 32.63335037231445, 25.66805076599121, 25.691686630249023, 25.91606330871582, 24.210973739624023, 25.97123908996582, 17.7587890625, 11.112550735473633, 6.979952335357666, 5.893293857574463, 3.3343029022216797, 1.1240135431289673, 0.3287615478038788, 0.040347255766391754, 0.0026031446177512407, 0.0001110279408749193, 6.807522004237399e-05], "lowlevel.erbbands.stdev": [1.1871198415756226, 4.5538225173950195, 9.42988109588623, 8.573394775390625, 22.89657211303711, 17.536968231201172, 21.31618309020996, 30.933813095092773, 24.602296829223633, 27.07730484008789, 19.706459045410156, 19.39653968811035, 13.183880805969238, 26.14521026611328, 42.280723571777344, 37.69353485107422, 39.106327056884766, 26.400653839111328, 34.16549301147461, 35.6366081237793, 59.01315689086914, 69.26397705078125, 29.137603759765625, 19.996225357055664, 14.324529647827148, 17.632450103759766, 24.408796310424805, 22.767120361328125, 27.170394897460938, 19.74036407470703, 12.64789867401123, 7.306987762451172, 6.22075080871582, 3.754826068878174, 1.3141826391220093, 0.42480921745300293, 0.06391415745019913, 0.005963669158518314, 0.00017294408462475985, 3.8761896576033905e-05], "lowlevel.gfcc.mean": [59.26319885253906, 68.7846908569336, -123.47013854980469, 66.3251724243164, -57.01726531982422, 27.46161651611328, -46.796390533447266, 14.692615509033203, -21.90558624267578, 4.041000843048096, -16.844846725463867, -2.952341318130493, -13.218128204345703], "lowlevel.melbands.mean": [0.005455727223306894, 0.004006259609013796, 0.00222837389446795, 0.0007797920843586326, 0.00036943808663636446, 0.000373709510313347, 0.0002560883585829288, 0.0002352219307795167, 0.00011247854126850143, 7.808297232259065e-05, 4.416682349983603e-05, 5.005650382372551e-05, 6.763421697542071e-05, 7.89908881415613e-05, 7.492174336221069e-05, 6.503747135866433e-05, 4.3819414713652804e-05, 5.0540227675810456e-05, 4.3610125430859625e-05, 4.6540884795831516e-05, 8.969602640718222e-05, 0.00010373502300353721, 5.924696597503498e-05, 2.6442896341904998e-05, 2.662244878592901e-05, 2.0156363461865112e-05, 1.751829586282838e-05, 1.667536525928881e-05, 1.6431586118414998e-05, 1.4640992048953194e-05, 1.3870220755052287e-05, 1.584376695973333e-05, 1.1652293324004859e-05, 9.24133746593725e-06, 6.878650765429484e-06, 4.523397365119308e-06, 4.19452544520027e-06, 4.217668902128935e-06, 3.6426945371204056e-06, 2.535019348215428e-06], "lowlevel.melbands.stdev": [0.00852536503225565, 0.00442003458738327, 0.0017538216197863221, 0.0014832587912678719, 0.0006795240333303809, 0.0006622784421779215, 0.0003683410759549588, 0.0002897636732086539, 0.0001556928182253614, 0.00011702221672749147, 6.61843951093033e-05, 0.00010435595322633162, 0.0001350464444840327, 0.00012062364839948714, 9.892095840768889e-05, 8.419063669862226e-05, 5.0086477131117135e-05, 5.8790559705812484e-05, 5.0150461902376264e-05, 4.603367779054679e-05, 8.064054418355227e-05, 7.85860902396962e-05, 4.769420775119215e-05, 1.8674629245651886e-05, 1.743297434586566e-05, 1.248418448085431e-05, 1.0911981007666327e-05, 1.2381916349113453e-05, 1.680564491834957e-05, 1.4077348168939352e-05, 1.3874202522856649e-05, 1.657255234022159e-05, 1.387991233059438e-05, 1.0943466804747004e-05, 8.197196621040348e-06, 5.07806362293195e-06, 4.451181212061783e-06, 4.535365405899938e-06, 4.014201749669155e-06, 2.9824211651430232e-06], "lowlevel.melbands128.mean": [0.0025716032832860947, 0.0070733302272856236, 0.005875976290553808, 0.003913394175469875, 0.004195289220660925, 0.00413121422752738, 0.002125278115272522, 0.0021232999861240387, 0.0016745416214689612, 0.0005666133365593851, 0.00032436579931527376, 0.0003197906189598143, 0.00037013014662079513, 0.0004411148256622255, 0.00044734860421158373, 0.0002903130662161857, 0.00023720743774902076, 0.00023538734239991754, 0.0003071457031182945, 0.0002622309548314661, 0.00021169049432501197, 0.00011897362128365785, 0.000103610975202173, 9.66304651228711e-05, 8.707109373062849e-05, 7.481029751943424e-05, 4.5521002903115004e-05, 4.4125608837930486e-05, 3.646835102699697e-05, 4.444242222234607e-05, 5.586747283814475e-05, 5.964213778497651e-05, 5.7203142205253243e-05, 8.75053956406191e-05, 8.016343781491742e-05, 7.721123256487772e-05, 7.430201367242262e-05, 7.670318882446736e-05, 6.899295840412378e-05, 8.246245124610141e-05, 6.419963028747588e-05, 4.2072369978995994e-05, 3.931651372113265e-05, 4.8275935114361346e-05, 4.848832031711936e-05, 5.0935304898303e-05, 5.2823648729827255e-05, 4.3212865421082824e-05, 3.954485146095976e-05, 4.2883879359578714e-05, 3.889563595294021e-05, 5.884730853722431e-05, 8.905270078685135e-05, 9.741553367348388e-05, 0.00010118316276930273, 0.0001075829059118405, 0.00011493647616589442, 6.25210304860957e-05, 4.670912676374428e-05, 3.106313306489028e-05, 2.3605398382642306e-05, 2.3685453925281763e-05, 2.750148269115016e-05, 2.842328649421688e-05, 2.4098151698126458e-05, 2.082403443637304e-05, 1.67709822562756e-05, 1.6065187082858756e-05, 1.8228189219371416e-05, 1.955416882992722e-05, 1.548326872580219e-05, 1.5680305295973085e-05, 1.7115711671067402e-05, 1.6869427781784907e-05, 1.5199433619272895e-05, 1.5598354366375133e-05, 1.3392155779001769e-05, 1.402777161274571e-05, 1.2379013242025394e-05, 1.5314832126023248e-05, 1.8278175048180856e-05, 1.5146778423513751e-05, 1.2953009900229517e-05, 1.1778030966524966e-05, 9.84621510724537e-06, 9.913827852869872e-06, 8.662643267598469e-06, 8.620362677902449e-06, 7.0013306867622305e-06, 5.574275292019593e-06, 4.9241962187807076e-06, 4.210702627460705e-06, 3.828418357443297e-06, 4.25978305429453e-06, 4.291633104003267e-06, 4.34929961556918e-06, 4.041177817271091e-06, 4.4295838961261325e-06, 3.593455403461121e-06, 3.30103762280487e-06, 3.2162006391445175e-06, 2.2679814719595015e-06, 1.9931535462092143e-06, 1.6265697695416748e-06, 1.120079105021432e-06, 8.883917530511098e-07, 8.432062372776272e-07, 8.507370807819825e-07, 5.234406330600905e-07, 3.549935740920773e-07, 2.3404051319175778e-07, 1.243583227505951e-07, 9.205594153627317e-08, 5.6120793345826314e-08, 3.289764549663232e-08, 1.753691414307923e-08, 8.123428152373435e-09, 1.906720781263971e-09, 1.9878150514518467e-10, 6.702647117884375e-12, 6.452449685667716e-12, 6.315419541491618e-12, 6.169226154234542e-12, 6.051989638600208e-12, 5.917648749492743e-12, 5.758102328279335e-12, 5.662359470193223e-12, 5.623422734413186e-12], "lowlevel.melbands128.stdev": [0.003855427261441946, 0.011378486640751362, 0.01107004564255476, 0.006854938808828592, 0.005315803922712803, 0.004169201012700796, 0.0018317012581974268, 0.00236587505787611, 0.002730228938162327, 0.0017272235127165914, 0.0008893919293768704, 0.0007305279723368585, 0.0008486442966386676, 0.0009396112873218954, 0.0009339488460682333, 0.0006044834153726697, 0.000488614197820425, 0.0004182889242656529, 0.0004404272767715156, 0.00037476286524906754, 0.00036394159542396665, 0.00022258317039813846, 0.00018507378990761936, 0.00019495724700391293, 0.00017541507259011269, 0.00012926277122460306, 7.714399544056505e-05, 7.984879630384967e-05, 6.952566036488861e-05, 0.00013253508950583637, 0.00013105437392368913, 0.0001411236444255337, 0.00015838953549973667, 0.00019604069530032575, 0.00016365440387744457, 0.00013470342673826963, 0.00011701846960932016, 0.0001415512087987736, 0.00010379012383054942, 0.00012797709496226162, 0.00010751230729511008, 5.6409331591567025e-05, 6.190429121488705e-05, 7.335806731134653e-05, 6.153620779514313e-05, 7.935228495625779e-05, 7.529868889832869e-05, 5.336199319572188e-05, 7.417199230985716e-05, 6.454639515141025e-05, 3.9085141906980425e-05, 7.316225674003363e-05, 0.00010976530029438436, 0.00010328296775696799, 0.00010406491492176428, 9.92268105619587e-05, 0.00011618855205597356, 6.433115049730986e-05, 4.8577665438642725e-05, 2.8281352570047602e-05, 2.1490217477548867e-05, 2.131167821062263e-05, 2.3616277758264914e-05, 2.3177675757324323e-05, 1.891026840894483e-05, 1.7981225028051995e-05, 1.2473497918108478e-05, 1.2439089914551005e-05, 1.3317743650986813e-05, 1.7831103832577355e-05, 1.2879819223599043e-05, 1.5071089364937507e-05, 2.0152623619651422e-05, 2.1977444703225046e-05, 1.7123640645877458e-05, 1.7885469787870534e-05, 1.503171915828716e-05, 1.5929985238472e-05, 1.4005859156895895e-05, 1.862637509475462e-05, 2.0286894141463563e-05, 1.7747266610967927e-05, 1.7282116459682584e-05, 1.687456460786052e-05, 1.2242448974575382e-05, 1.3015071999689098e-05, 1.1770239325414877e-05, 1.1490059478092007e-05, 9.145252079179045e-06, 6.949848739168374e-06, 6.191526153997984e-06, 5.354340828489512e-06, 4.722485300590051e-06, 5.183161192690022e-06, 4.72385409011622e-06, 5.131577836436918e-06, 4.781310053658672e-06, 5.38295444130199e-06, 4.238178462401265e-06, 4.1702032831381075e-06, 3.989709966845112e-06, 2.9069794891256606e-06, 2.645444965310162e-06, 2.165130808862159e-06, 1.4277759419201175e-06, 1.2404395874909824e-06, 1.1675498399199569e-06, 1.0750846968221595e-06, 8.205678909689595e-07, 6.233544240785704e-07, 4.027926365779422e-07, 2.426092180485284e-07, 2.1465223198902095e-07, 1.5537581532498734e-07, 9.395890998575851e-08, 7.02056937029738e-08, 3.326983133433714e-08, 2.7531038782058204e-08, 5.325533347644296e-09, 1.0311910179916506e-11, 9.804428970083823e-12, 9.574305757931167e-12, 9.368021983147123e-12, 9.197916733816314e-12, 9.055669408786216e-12, 8.943441473507896e-12, 8.861634516466044e-12, 8.811174012635092e-12], "lowlevel.mfcc.mean": [-571.3344116210938, 80.76705169677734, 2.590452194213867, 34.909339904785156, 17.88923454284668, 12.281424522399902, -0.6053822040557861, 5.124067783355713, 4.24036169052124, -3.0580410957336426, 3.4640862941741943, 8.3445405960083, 2.987792491912842], "lowlevel.spectral_contrast_coeffs.mean": [-0.6802664399147034, -0.7859611511230469, -0.8188486695289612, -0.805847704410553, -0.7975555658340454, -0.7430349588394165], "lowlevel.spectral_contrast_coeffs.stdev": [0.07237853854894638, 0.055678337812423706, 0.03913716599345207, 0.033480629324913025, 0.023427080363035202, 0.026746505871415138], "lowlevel.spectral_contrast_valleys.mean": [-6.35334587097168, -6.355595588684082, -6.939081192016602, -6.723471641540527, -6.455489158630371, -9.0430326461792], "lowlevel.spectral_contrast_valleys.stdev": [0.5439402461051941, 0.4855586588382721, 0.4792875349521637, 0.3610974848270416, 0.33830031752586365, 0.5181812644004822], "rhythm.beats_loudness_band_ratio.mean": [0.6516281962394714, 0.08091086894273758, 0.06192021071910858, 0.053872741758823395, 0.09766361117362976, 0.08586429804563522], "rhythm.beats_loudness_band_ratio.stdev": [0.24151046574115753, 0.0771823301911354, 0.06769704073667526, 0.05722760036587715, 0.07019176334142685, 0.06771518290042877], "tonal.hpcp.mean": [0.06581997871398926, 0.07328714430332184, 0.09021086990833282, 0.14437122642993927, 0.19477476179599762, 0.14601969718933105, 0.07956736534833908, 0.0785202905535698, 0.11939676105976105, 0.24313931167125702, 0.2577444911003113, 0.1320725530385971, 0.07475926727056503, 0.06926299631595612, 0.08000369369983673, 0.09230908751487732, 0.10418850928544998, 0.12087742239236832, 0.13097678124904633, 0.1465216875076294, 0.14692997932434082, 0.11299639940261841, 0.09675425291061401, 0.12209693342447281, 0.23801110684871674, 0.3072725832462311, 0.21270138025283813, 0.11975003778934479, 0.08679105341434479, 0.08500256389379501, 0.15608207881450653, 0.18906237185001373, 0.11698416620492935, 0.07186660170555115, 0.0631452426314354, 0.06041302531957626], "tonal.hpcp.stdev": [0.15815380215644836, 0.1771671026945114, 0.2026747614145279, 0.24884150922298431, 0.3199199140071869, 0.2446257621049881, 0.17073848843574524, 0.17589071393013, 0.2066437304019928, 0.31726160645484924, 0.32485315203666687, 0.2005746066570282, 0.1485549956560135, 0.12776391208171844, 0.14127640426158905, 0.16667909920215607, 0.17925049364566803, 0.21063268184661865, 0.22496376931667328, 0.2280217409133911, 0.23165054619312286, 0.20692306756973267, 0.17946462333202362, 0.18703708052635193, 0.28840285539627075, 0.3413675129413605, 0.2821863889694214, 0.23790335655212402, 0.2087632268667221, 0.18289680778980255, 0.2720004618167877, 0.3098294734954834, 0.20235015451908112, 0.1616716831922531, 0.15209199488162994, 0.1393176019191742], "rhythm.beats_position": [0.4411791265010834, 0.9055781960487366, 1.404807209968567, 1.904036283493042, 2.4032652378082275, 2.902494192123413, 3.4133331775665283, 3.912562370300293, 4.4117913246154785, 4.922630310058594, 5.421859264373779, 5.921088218688965, 6.42031717300415, 6.919546127319336, 7.430385589599609, 7.929614543914795, 8.42884349822998, 8.928071975708008, 9.427301406860352, 9.938140869140625, 10.437369346618652, 10.936598777770996, 11.435827255249023, 11.935056686401367, 12.434285163879395, 12.933514595031738, 13.444353103637695, 13.955192565917969, 14.454421043395996, 14.95365047454834, 15.452879905700684, 15.952108383178711, 16.451337814331055, 16.9505672454834, 17.46140480041504, 17.960634231567383, 18.459863662719727, 18.95909309387207, 19.458322525024414, 19.957550048828125, 20.4683895111084, 20.967618942260742, 21.466848373413086, 21.966075897216797, 22.46530532836914, 22.976144790649414, 23.475374221801758, 23.9746036529541, 24.473831176757812, 24.984670639038086, 25.48390007019043, 25.983129501342773, 26.482357025146484, 26.981586456298828, 27.4924259185791, 27.991655349731445, 28.49088478088379, 29.00172233581543, 29.512561798095703], "rhythm.bpm_histogram": [0.0, 0.0, 0.0, 0.0, 0.0, 0.0, 0.0, 0.0, 0.0, 0.0, 0.0, 0.0, 0.0, 0.0, 0.0, 0.0, 0.0, 0.0, 0.0, 0.0, 0.0, 0.0, 0.0, 0.0, 0.0, 0.0, 0.0, 0.0, 0.0, 0.0, 0.0, 0.0, 0.0, 0.0, 0.0, 0.0, 0.0, 0.0, 0.0, 0.0, 0.0, 0.0, 0.0, 0.0, 0.0, 0.0, 0.0, 0.0, 0.0, 0.0, 0.0, 0.0, 0.0, 0.0, 0.0, 0.0, 0.0, 0.0, 0.0, 0.0, 0.0, 0.0, 0.0, 0.0, 0.0, 0.0, 0.0, 0.0, 0.0, 0.0, 0.0, 0.0, 0.0, 0.0, 0.0, 0.0, 0.0, 0.0, 0.0, 0.0, 0.0, 0.0, 0.0, 0.0, 0.0, 0.0, 0.0, 0.0, 0.0, 0.0, 0.0, 0.0, 0.0, 0.0, 0.0, 0.0, 0.0, 0.0, 0.0, 0.0, 0.0, 0.0, 0.0, 0.0, 0.0, 0.0, 0.0, 0.0, 0.0, 0.0, 0.0, 0.0, 0.0, 0.0, 0.0, 0.0, 0.0, 0.22413793206214905, 0.0, 0.0, 0.7586206793785095, 0.0, 0.0, 0.0, 0.0, 0.0, 0.0, 0.0, 0.0, 0.017241379246115685, 0.0, 0.0, 0.0, 0.0, 0.0, 0.0, 0.0, 0.0, 0.0, 0.0, 0.0, 0.0, 0.0, 0.0, 0.0, 0.0, 0.0, 0.0, 0.0, 0.0, 0.0, 0.0, 0.0, 0.0, 0.0, 0.0, 0.0, 0.0, 0.0, 0.0, 0.0, 0.0, 0.0, 0.0, 0.0, 0.0, 0.0, 0.0, 0.0, 0.0, 0.0, 0.0, 0.0, 0.0, 0.0, 0.0, 0.0, 0.0, 0.0, 0.0, 0.0, 0.0, 0.0, 0.0, 0.0, 0.0, 0.0, 0.0, 0.0, 0.0, 0.0, 0.0, 0.0, 0.0, 0.0, 0.0, 0.0, 0.0, 0.0, 0.0, 0.0, 0.0, 0.0, 0.0, 0.0, 0.0, 0.0, 0.0, 0.0, 0.0, 0.0, 0.0, 0.0, 0.0, 0.0, 0.0, 0.0, 0.0, 0.0, 0.0, 0.0, 0.0, 0.0, 0.0, 0.0, 0.0, 0.0, 0.0, 0.0, 0.0, 0.0, 0.0, 0.0, 0.0, 0.0, 0.0, 0.0, 0.0, 0.0, 0.0, 0.0, 0.0, 0.0, 0.0, 0.0, 0.0, 0.0, 0.0, 0.0, 0.0], "tonal.chords_histogram": [0.6172839403152466, 0.0, 6.327160358428955, 0.0, 0.0, 0.0, 0.0, 0.0, 0.0, 0.0, 0.0, 0.0, 0.0, 0.0, 0.0, 2.777777671813965, 0.0, 7.0987653732299805, 13.88888931274414, 37.19135665893555, 0.0, 0.0, 32.0987663269043, 0.0], "tonal.thpcp": [1.0, 0.6922237277030945, 0.38971924781799316, 0.2824562191963196, 0.27663570642471313, 0.5079596638679504, 0.6152920126914978, 0.3807178735733032, 0.2338854968547821, 0.20550236105918884, 0.19661052525043488, 0.21420712769031525, 0.23850856721401215, 0.29358580708503723, 0.4698474109172821, 0.6338826417922974, 0.4752122461795807, 0.2589471638202667, 0.25553953647613525, 0.38856953382492065, 0.7912821769714355, 0.838813841342926, 0.4298221170902252, 0.24329949915409088, 0.22541221976280212, 0.26036718487739563, 0.3004143238067627, 0.3390751779079437, 0.3933882415294647, 0.426256000995636, 0.47684594988822937, 0.47817471623420715, 0.3677399456501007, 0.3148808479309082, 0.3973570764064789, 0.7745926976203918], "lowlevel.gfcc.cov": [[1222.68359375, -97.70950317382812, 136.1944122314453, 27.471298217773438, -70.9153823852539, 20.001541137695312, 4.546206951141357, -19.585586547851562, -13.182401657104492, 20.776594161987305, -23.273252487182617, 68.6417007446289, -24.001134872436523], [-97.70950317382812, 537.1954956054688, -101.15345001220703, -38.16064453125, 83.5321273803711, -62.02082824707031, 94.47781372070312, 27.7043514251709, 88.4388656616211, -13.9469633102417, 79.08380889892578, -26.409990310668945, 110.05029296875], [136.1944122314453, -101.15345001220703, 248.91433715820312, 116.07537078857422, 32.301666259765625, 45.1947021484375, 42.787715911865234, 34.475746154785156, 29.06574821472168, 42.851356506347656, 9.2525053024292, 49.235538482666016, 15.025704383850098], [27.471298217773438, -38.16064453125, 116.07537078857422, 175.93934631347656, 74.5658950805664, 54.95643997192383, 43.8057975769043, 28.734821319580078, 57.420249938964844, 33.465614318847656, 27.92723274230957, 8.259543418884277, 27.55472755432129], [-70.9153823852539, 83.5321273803711, 32.301666259765625, 74.5658950805664, 155.59255981445312, 66.77153778076172, 87.8282241821289, 65.2176284790039, 82.72311401367188, 44.93461227416992, 36.23999786376953, -1.0288399457931519, 31.969833374023438], [20.001541137695312, -62.02082824707031, 45.1947021484375, 54.95643997192383, 66.77153778076172, 152.62478637695312, 112.99518585205078, 71.21571350097656, 39.15336990356445, 20.829727172851562, 18.67702293395996, 1.7554850578308105, 6.271035194396973], [4.546206951141357, 94.47781372070312, 42.787715911865234, 43.8057975769043, 87.8282241821289, 112.99518585205078, 205.13796997070312, 114.08448791503906, 81.91423797607422, 25.366880416870117, 31.873212814331055, 4.387506484985352, 39.1295280456543], [-19.585586547851562, 27.7043514251709, 34.475746154785156, 28.734821319580078, 65.2176284790039, 71.21571350097656, 114.08448791503906, 126.2845230102539, 90.09645080566406, 36.856204986572266, 18.77116584777832, -3.4955172538757324, 20.756982803344727], [-13.182401657104492, 88.4388656616211, 29.06574821472168, 57.420249938964844, 82.72311401367188, 39.15336990356445, 81.91423797607422, 90.09645080566406, 127.99784088134766, 59.95527267456055, 39.85479736328125, -5.154019832611084, 33.671424865722656], [20.776594161987305, -13.9469633102417, 42.851356506347656, 33.465614318847656, 44.93461227416992, 20.829727172851562, 25.366880416870117, 36.856204986572266, 59.95527267456055, 78.35296630859375, 41.63524627685547, 20.54349708557129, 6.179573059082031], [-23.273252487182617, 79.08380889892578, 9.2525053024292, 27.92723274230957, 36.23999786376953, 18.67702293395996, 31.873212814331055, 18.77116584777832, 39.85479736328125, 41.63524627685547, 86.6329116821289, 41.90153503417969, 43.6748161315918], [68.6417007446289, -26.409990310668945, 49.235538482666016, 8.259543418884277, -1.0288399457931519, 1.7554850578308105, 4.387506484985352, -3.4955172538757324, -5.154019832611084, 20.54349708557129, 41.90153503417969, 86.95452117919922, 40.10845947265625], [-24.001134872436523, 110.05029296875, 15.025704383850098, 27.55472755432129, 31.969833374023438, 6.271035194396973, 39.1295280456543, 20.756982803344727, 33.671424865722656, 6.179573059082031, 43.6748161315918, 40.10845947265625, 91.30008697509766]], "lowlevel.gfcc.icov": [[0.0010874690487980843, -0.0009512858232483268, -0.000189117607078515, -0.0006662638043053448, 0.0013259557308629155, -0.0011946007143706083, 0.0002661687321960926, 0.00029680077568627894, -0.00034368090564385056, -0.0010645886650308967, 0.002051369287073612, -0.002311283489689231, 0.0013337878044694662], [-0.0009512858232483268, 0.011204310692846775, -0.001316634938120842, 0.007192626129835844, -0.006456553004682064, 0.010333589278161526, -0.007799955550581217, 0.006520046852529049, -0.006874137558043003, 0.010409980081021786, -0.014040493406355381, 0.012812038883566856, -0.009379123337566853], [-0.000189117607078515, -0.001316634938120842, 0.00881415605545044, -0.007041101343929768, 0.0018818563548848033, -0.0006583962240256369, -0.0002282667119288817, -0.003031378611922264, 0.0032627424225211143, -0.005551720969378948, 0.006280688103288412, -0.006899490486830473, 0.0015840104315429926], [-0.0006662638043053448, 0.007192626129835844, -0.007041101343929768, 0.017442351207137108, -0.007366322912275791, 0.0031663021072745323, -0.003240619320422411, 0.008860394358634949, -0.009851206094026566, 0.00939620565623045, -0.01172285620123148, 0.01186118833720684, -0.007819612510502338], [0.0013259557308629155, -0.006456553004682064, 0.0018818563548848033, -0.007366322912275791, 0.017005227506160736, -0.008403921499848366, 0.002060874830931425, -0.0022950037382543087, -0.00032816792372614145, -0.00949869118630886, 0.009080380201339722, -0.007129382807761431, 0.0038578982930630445], [-0.0011946007143706083, 0.010333589278161526, -0.0006583962240256369, 0.0031663021072745323, -0.008403921499848366, 0.02371194399893284, -0.013093594461679459, 0.0007196003571152687, -6.233593740034848e-05, 0.008805540390312672, -0.01477387361228466, 0.011872258968651295, -0.005576165858656168], [0.0002661687321960926, -0.007799955550581217, -0.0002282667119288817, -0.003240619320422411, 0.002060874830931425, -0.013093594461679459, 0.01978638395667076, -0.012692158110439777, 0.0037680689711123705, -0.0031143147498369217, 0.007242373190820217, -0.007637383881956339, 0.0037823275197297335], [0.00029680077568627894, 0.006520046852529049, -0.003031378611922264, 0.008860394358634949, -0.0022950037382543087, 0.0007196003571152687, -0.012692158110439777, 0.032845497131347656, -0.022126825526356697, 0.006416845601052046, -0.0033877226524055004, 0.005284242797642946, -0.004204595927149057], [-0.00034368090564385056, -0.006874137558043003, 0.0032627424225211143, -0.009851206094026566, -0.00032816792372614145, -6.233593740034848e-05, 0.0037680689711123705, -0.022126825526356697, 0.03925975039601326, -0.022715311497449875, 0.005521700717508793, 0.002352409530431032, -0.002449849620461464], [-0.0010645886650308967, 0.010409980081021786, -0.005551720969378948, 0.00939620565623045, -0.00949869118630886, 0.008805540390312672, -0.0031143147498369217, 0.006416845601052046, -0.022715311497449875, 0.04418226704001427, -0.025285489857196808, 0.005417081527411938, 0.002950191032141447], [0.002051369287073612, -0.014040493406355381, 0.006280688103288412, -0.01172285620123148, 0.009080380201339722, -0.01477387361228466, 0.007242373190820217, -0.0033877226524055004, 0.005521700717508793, -0.025285489857196808, 0.04524494707584381, -0.026243694126605988, 0.005029358901083469], [-0.002311283489689231, 0.012812038883566856, -0.006899490486830473, 0.01186118833720684, -0.007129382807761431, 0.011872258968651295, -0.007637383881956339, 0.005284242797642946, 0.002352409530431032, 0.005417081527411938, -0.026243694126605988, 0.04183052480220795, -0.02179868333041668], [0.0013337878044694662, -0.009379123337566853, 0.0015840104315429926, -0.007819612510502338, 0.0038578982930630445, -0.005576165858656168, 0.0037823275197297335, -0.004204595927149057, -0.002449849620461464, 0.002950191032141447, 0.005029358901083469, -0.02179868333041668, 0.0309493076056242]], "lowlevel.mfcc.cov": [[1017.5015258789062, -62.221641540527344, 85.00054168701172, 0.8471611738204956, -49.29393005371094, 25.39090347290039, -29.938213348388672, 10.074612617492676, -18.14986801147461, -15.783387184143066, -6.860966682434082, -14.00909423828125, -6.282314777374268], [-62.221641540527344, 474.5658264160156, -130.5534210205078, 13.408047676086426, -23.41634178161621, -54.16197967529297, 14.647189140319824, 1.1114540100097656, 52.99467468261719, 1.392956256866455, 4.436198711395264, 27.600719451904297, 12.588695526123047], [85.00054168701172, -130.5534210205078, 205.11814880371094, 57.781776428222656, 10.62921142578125, 33.23472595214844, 10.130683898925781, 22.722339630126953, -2.304706335067749, 13.073874473571777, -6.902065277099609, -11.942431449890137, 16.1833438873291], [0.8471611738204956, 13.408047676086426, 57.781776428222656, 137.13075256347656, 55.99220657348633, 25.094789505004883, -2.8443715572357178, 0.2787255346775055, 27.103309631347656, 25.865751266479492, 14.934401512145996, 13.685827255249023, 16.523677825927734], [-49.29393005371094, -23.41634178161621, 10.62921142578125, 55.99220657348633, 106.07486724853516, 35.3920783996582, -1.3584848642349243, -5.225706100463867, 18.293943405151367, 28.08207130432129, 25.217191696166992, 23.25766372680664, 14.131843566894531], [25.39090347290039, -54.16197967529297, 33.23472595214844, 25.094789505004883, 35.3920783996582, 91.50251770019531, 53.76618576049805, 33.8787841796875, 22.723976135253906, 27.704734802246094, 24.262670516967773, 16.914447784423828, 12.805914878845215], [-29.938213348388672, 14.647189140319824, 10.130683898925781, -2.8443715572357178, -1.3584848642349243, 53.76618576049805, 108.67372131347656, 74.75584411621094, 49.71982955932617, 37.276641845703125, 26.53853988647461, 22.874250411987305, 15.34985065460205], [10.074612617492676, 1.1114540100097656, 22.722339630126953, 0.2787255346775055, -5.225706100463867, 33.8787841796875, 74.75584411621094, 106.12533569335938, 72.86164855957031, 47.361202239990234, 24.661394119262695, 15.242280006408691, 17.834001541137695], [-18.14986801147461, 52.99467468261719, -2.304706335067749, 27.103309631347656, 18.293943405151367, 22.723976135253906, 49.71982955932617, 72.86164855957031, 120.68985748291016, 84.0030746459961, 40.89747619628906, 21.88652992248535, 15.600125312805176], [-15.783387184143066, 1.392956256866455, 13.073874473571777, 25.865751266479492, 28.08207130432129, 27.704734802246094, 37.276641845703125, 47.361202239990234, 84.0030746459961, 113.29610443115234, 65.97188568115234, 26.094133377075195, 6.502420902252197], [-6.860966682434082, 4.436198711395264, -6.902065277099609, 14.934401512145996, 25.217191696166992, 24.262670516967773, 26.53853988647461, 24.661394119262695, 40.89747619628906, 65.97188568115234, 82.21592712402344, 45.60079574584961, 10.074894905090332], [-14.00909423828125, 27.600719451904297, -11.942431449890137, 13.685827255249023, 23.25766372680664, 16.914447784423828, 22.874250411987305, 15.242280006408691, 21.88652992248535, 26.094133377075195, 45.60079574584961, 69.89188385009766, 31.863862991333008], [-6.282314777374268, 12.588695526123047, 16.1833438873291, 16.523677825927734, 14.131843566894531, 12.805914878845215, 15.34985065460205, 17.834001541137695, 15.600125312805176, 6.502420902252197, 10.074894905090332, 31.863862991333008, 55.03804397583008]], "lowlevel.mfcc.icov": [[0.0011343875667080283, -9.965824574464932e-05, -0.00045850517926737666, 3.082317198277451e-05, 0.0009007283952087164, -0.0011350065469741821, 0.0013520813081413507, -0.0006330710602924228, 1.759639235388022e-05, 0.0002514744992367923, -0.00026840288774110377, -0.00019188718579243869, 0.00026422576047480106], [-9.965824574464932e-05, 0.0034579532220959663, 0.0021046167239546776, -0.0017104125581681728, 0.0009477527346462011, 0.002500409260392189, -0.002164997858926654, 0.0016717106336727738, -0.0025359822902828455, 0.001190764014609158, 0.00029335363069549203, -0.0007971930899657309, -0.000684692116919905], [-0.00045850517926737666, 0.0021046167239546776, 0.008531794883310795, -0.004417732357978821, 0.0015116736758500338, -0.00034452430554665625, -0.0003425963514018804, -0.002289827447384596, 0.0028826764319092035, -0.0028307042084634304, 0.0019829198718070984, 0.0018728937720879912, -0.00311647797934711], [3.082317198277451e-05, -0.0017104125581681728, -0.004417732357978821, 0.012440459802746773, -0.005143294110894203, -0.0019056779565289617, 0.0018702257657423615, 0.0021015324164181948, -0.0032435557805001736, 0.0006265927222557366, -0.000365685933502391, -0.00017372351430822164, -0.00046687613939866424], [0.0009007283952087164, 0.0009477527346462011, 0.0015116736758500338, -0.005143294110894203, 0.01651410199701786, -0.006715989205986261, 0.003924521151930094, 0.0020887076389044523, -0.0012681089574471116, -0.0017723505152389407, -0.00010658684914233163, -0.0028519495390355587, -0.0012238090857863426], [-0.0011350065469741821, 0.002500409260392189, -0.00034452430554665625, -0.0019056779565289617, -0.006715989205986261, 0.02351543679833412, -0.013672168366611004, 0.0018685746472328901, 0.0004613577912095934, 0.0006845269235782325, -0.0023239366710186005, 0.0013420615578070283, -0.0011306169908493757], [0.0013520813081413507, -0.002164997858926654, -0.0003425963514018804, 0.0018702257657423615, 0.003924521151930094, -0.013672168366611004, 0.02735046111047268, -0.015302692539989948, 0.001974117010831833, -0.001435731421224773, 0.0007733464008197188, -0.004231114871799946, 0.0016109626740217209], [-0.0006330710602924228, 0.0016717106336727738, -0.002289827447384596, 0.0021015324164181948, 0.0020887076389044523, 0.0018685746472328901, -0.015302692539989948, 0.03015960194170475, -0.015631550922989845, 0.0034585129469633102, -0.0017584050074219704, 0.0021802401170134544, -0.0038064199034124613], [1.759639235388022e-05, -0.0025359822902828455, 0.0028826764319092035, -0.0032435557805001736, -0.0012681089574471116, 0.0004613577912095934, 0.001974117010831833, -0.015631550922989845, 0.03091425821185112, -0.019807687029242516, 0.006124659441411495, -0.00015917574637569487, -0.0020102288108319044], [0.0002514744992367923, 0.001190764014609158, -0.0028307042084634304, 0.0006265927222557366, -0.0017723505152389407, 0.0006845269235782325, -0.001435731421224773, 0.0034585129469633102, -0.019807687029242516, 0.03415076062083244, -0.02156309224665165, 0.005605647340416908, 0.002257604617625475], [-0.00026840288774110377, 0.00029335363069549203, 0.0019829198718070984, -0.000365685933502391, -0.00010658684914233163, -0.0023239366710186005, 0.0007733464008197188, -0.0017584050074219704, 0.006124659441411495, -0.02156309224665165, 0.038348350673913956, -0.020716216415166855, 0.006136446725577116], [-0.00019188718579243869, -0.0007971930899657309, 0.0018728937720879912, -0.00017372351430822164, -0.0028519495390355587, 0.0013420615578070283, -0.004231114871799946, 0.0021802401170134544, -0.00015917574637569487, 0.005605647340416908, -0.020716216415166855, 0.035655055195093155, -0.016911732032895088], [0.00026422576047480106, -0.000684692116919905, -0.00311647797934711, -0.00046687613939866424, -0.0012238090857863426, -0.0011306169908493757, 0.0016109626740217209, -0.0038064199034124613, -0.0020102288108319044, 0.002257604617625475, 0.006136446725577116, -0.016911732032895088, 0.029744639992713928]], "metadata.audio_properties.analysis.downmix": "mix", "metadata.audio_properties.codec": "mp3", "metadata.audio_properties.md5_encoded": "3f1a15c2e0d95a4e9c4683752c97eeb8", "metadata.tags.file_name": "1182283221220720660.mp3", "metadata.version.essentia": "2.1-beta6-dev", "metadata.version.essentia_git_sha": "v2.1_beta5-1110-g77a6a954", "metadata.version.extractor": "music 2.0", "tonal.chords_key": "C", "tonal.chords_scale": "minor", "tonal.key_edma.key": "Bb", "tonal.key_edma.scale": "major", "tonal.key_krumhansl.key": "Bb", "tonal.key_krumhansl.scale": "major", "tonal.key_temperley.key": "F", "tonal.key_temperley.scale": "major", "metadata.tags.encoding": ["Lavf58.45.100"]}, "essentia_models": [{"model_name": "genre_dortmund", "activations": {"alternative": "0.0009217054", "blues": "6.133311e-05", "electronic": "0.015703801", "folkcountry": "0.00012281687", "funksoulrnb": "0.0010761974", "jazz": "0.00014358427", "pop": "3.91704e-05", "raphiphop": "0.00035175536",