{"song_id": "1182283838861357076", "download": "https://cdn.discordapp.com/attachments/1135911532732108921/1182283838861357076/chirp.mp4?ex=658422a0&amp", "lyrics": "-", "style": ["African soul rock dance"], "essentia_features": {"lowlevel.average_loudness": 0.9661380648612976, "lowlevel.barkbands_crest.mean": 13.446565628051758, "lowlevel.barkbands_crest.stdev": 4.702439308166504, "lowlevel.barkbands_flatness_db.mean": 0.21774651110172272, "lowlevel.barkbands_flatness_db.stdev": 0.08657947927713394, "lowlevel.barkbands_kurtosis.mean": 13.234909057617188, "lowlevel.barkbands_kurtosis.stdev": 40.000667572021484, "lowlevel.barkbands_skewness.mean": 2.356168746948242, "lowlevel.barkbands_skewness.stdev": 1.9570101499557495, "lowlevel.barkbands_spread.mean": 15.818570137023926, "lowlevel.barkbands_spread.stdev": 12.868066787719727, "lowlevel.dissonance.mean": 0.46240654587745667, "lowlevel.dissonance.stdev": 0.03598392754793167, "lowlevel.dynamic_complexity": 2.6818554401397705, "lowlevel.erbbands_crest.mean": 8.15507984161377, "lowlevel.erbbands_crest.stdev": 3.2454826831817627, "lowlevel.erbbands_flatness_db.mean": 0.1848074197769165, "lowlevel.erbbands_flatness_db.stdev": 0.05584704875946045, "lowlevel.erbbands_kurtosis.mean": 0.9245949387550354, "lowlevel.erbbands_kurtosis.stdev": 1.7629263401031494, "lowlevel.erbbands_skewness.mean": 0.0923527404665947, "lowlevel.erbbands_skewness.stdev": 1.0254305601119995, "lowlevel.erbbands_spread.mean": 31.024892807006836, "lowlevel.erbbands_spread.stdev": 15.885028839111328, "lowlevel.hfc.mean": 15.759668350219727, "lowlevel.hfc.stdev": 14.676072120666504, "lowlevel.loudness_ebu128.integrated": -15.090423583984375, "lowlevel.loudness_ebu128.loudness_range": 6.103157043457031, "lowlevel.loudness_ebu128.momentary.mean": -16.315418243408203, "lowlevel.loudness_ebu128.momentary.stdev": 4.019824981689453, "lowlevel.loudness_ebu128.short_term.mean": -15.672789573669434, "lowlevel.loudness_ebu128.short_term.stdev": 2.0715744495391846, "lowlevel.melbands_crest.mean": 22.47652816772461, "lowlevel.melbands_crest.stdev": 8.064857482910156, "lowlevel.melbands_flatness_db.mean": 0.28029900789260864, "lowlevel.melbands_flatness_db.stdev": 0.09397000819444656, "lowlevel.melbands_kurtosis.mean": 37.8831787109375, "lowlevel.melbands_kurtosis.stdev": 236.40005493164062, "lowlevel.melbands_skewness.mean": 3.491129159927368, "lowlevel.melbands_skewness.stdev": 3.51599383354187, "lowlevel.melbands_spread.mean": 16.254539489746094, "lowlevel.melbands_spread.stdev": 16.101991653442383, "lowlevel.pitch_salience.mean": 0.4251319169998169, "lowlevel.pitch_salience.stdev": 0.15535719692707062, "lowlevel.silence_rate_20dB.mean": 1.0, "lowlevel.silence_rate_20dB.stdev": 0.0, "lowlevel.silence_rate_30dB.mean": 0.9623406529426575, "lowlevel.silence_rate_30dB.stdev": 0.1903727650642395, "lowlevel.silence_rate_60dB.mean": 0.022595597431063652, "lowlevel.silence_rate_60dB.stdev": 0.14861230552196503, "lowlevel.spectral_centroid.mean": 1278.4854736328125, "lowlevel.spectral_centroid.stdev": 885.1329345703125, "lowlevel.spectral_complexity.mean": 22.038818359375, "lowlevel.spectral_complexity.stdev": 13.395170211791992, "lowlevel.spectral_decrease.mean": -1.3542185151038666e-08, "lowlevel.spectral_decrease.stdev": 8.939677442754146e-09, "lowlevel.spectral_energy.mean": 0.05254078283905983, "lowlevel.spectral_energy.stdev": 0.03394820913672447, "lowlevel.spectral_energyband_high.mean": 0.0003904457844328135, "lowlevel.spectral_energyband_high.stdev": 0.0005127980839461088, "lowlevel.spectral_energyband_low.mean": 0.032900068908929825, "lowlevel.spectral_energyband_low.stdev": 0.027161389589309692, "lowlevel.spectral_energyband_middle_high.mean": 0.0041426620446145535, "lowlevel.spectral_energyband_middle_high.stdev": 0.005027865059673786, "lowlevel.spectral_energyband_middle_low.mean": 0.009643538855016232, "lowlevel.spectral_energyband_middle_low.stdev": 0.008211789652705193, "lowlevel.spectral_entropy.mean": 7.367849826812744, "lowlevel.spectral_entropy.stdev": 0.4694483280181885, "lowlevel.spectral_flux.mean": 0.10334286093711853, "lowlevel.spectral_flux.stdev": 0.05385250598192215, "lowlevel.spectral_kurtosis.mean": 7.560990810394287, "lowlevel.spectral_kurtosis.stdev": 6.62042236328125, "lowlevel.spectral_rms.mean": 0.006752627901732922, "lowlevel.spectral_rms.stdev": 0.002379348734393716, "lowlevel.spectral_rolloff.mean": 736.1458740234375, "lowlevel.spectral_rolloff.stdev": 1011.2838745117188, "lowlevel.spectral_skewness.mean": 1.6775790452957153, "lowlevel.spectral_skewness.stdev": 0.77857905626297, "lowlevel.spectral_spread.mean": 3042973.25, "lowlevel.spectral_spread.stdev": 1368370.625, "lowlevel.spectral_strongpeak.mean": 0.3392316997051239, "lowlevel.spectral_strongpeak.stdev": 0.803147554397583, "lowlevel.zerocrossingrate.mean": 0.0323612205684185, "lowlevel.zerocrossingrate.stdev": 0.029349179938435555, "metadata.audio_properties.analysis.equal_loudness": 0.0, "metadata.audio_properties.analysis.length": 40.04265213012695, "metadata.audio_properties.analysis.sample_rate": 44100.0, "metadata.audio_properties.analysis.start_time": 0.0, "metadata.audio_properties.bit_rate": 119808.0, "metadata.audio_properties.length": 40.042667388916016, "metadata.audio_properties.lossless": 0.0, "metadata.audio_properties.number_channels": 1.0, "metadata.audio_properties.replay_gain": -12.30750846862793, "metadata.audio_properties.sample_rate": 48000.0, "rhythm.beats_count": 112.0, "rhythm.beats_loudness.mean": 0.061081647872924805, "rhythm.beats_loudness.stdev": 0.0346200093626976, "rhythm.bpm": 172.26551818847656, "rhythm.bpm_histogram_first_peak_bpm": 172.0, "rhythm.bpm_histogram_first_peak_weight": 0.0, "rhythm.bpm_histogram_second_peak_bpm": 167.0, "rhythm.bpm_histogram_second_peak_spread": 0.0, "rhythm.bpm_histogram_second_peak_weight": 0.36936935782432556, "rhythm.danceability": 0.9503425359725952, "rhythm.onset_rate": 3.0208899974823, "tonal.chords_changes_rate": 0.046296294778585434, "tonal.chords_number_rate": 0.009259259328246117, "tonal.chords_strength.mean": 0.5130852460861206, "tonal.chords_strength.stdev": 0.09240370243787766, "tonal.hpcp_crest.mean": 12.458863258361816, "tonal.hpcp_crest.stdev": 5.566980361938477, "tonal.hpcp_entropy.mean": 2.180262327194214, "tonal.hpcp_entropy.stdev": 0.7783358693122864, "tonal.key_edma.strength": 0.6579187512397766, "tonal.key_krumhansl.strength": 0.6622399091720581, "tonal.key_temperley.strength": 0.6650065779685974, "tonal.tuning_diatonic_strength": 0.6160142421722412, "tonal.tuning_equal_tempered_deviation": 0.22432294487953186, "tonal.tuning_frequency": 434.193115234375, "tonal.tuning_nontempered_energy_ratio": 0.8732126951217651, "lowlevel.barkbands.mean": [0.019304567947983742, 0.016451194882392883, 0.002755406079813838, 0.0018735096091404557, 0.002621489344164729, 0.002653663046658039, 0.0007734335958957672, 0.0006359131657518446, 0.0008143667946569622, 0.0004310617223381996, 0.0003064796910621226, 0.00033508174237795174, 0.00021146425569895655, 0.00028064820799045265, 0.0002947690081782639, 0.0005009763408452272, 0.0006557751912623644, 0.00043351235217414796, 0.0007032452267594635, 0.00021177431335672736, 0.00016442248306702822, 6.166847742861137e-05, 2.7818248781841248e-05, 1.8188093235949054e-05, 1.391297973896144e-05, 6.094604486861499e-06, 3.6070017017664213e-07], "lowlevel.barkbands.stdev": [0.023489749059081078, 0.01879170909523964, 0.005449568387120962, 0.0037925990764051676, 0.0035146684385836124, 0.003220468759536743, 0.0010096076875925064, 0.00111049332190305, 0.0010474765440449119, 0.0005897993105463684, 0.0002841533860191703, 0.00033211251138709486, 0.00035717341233976185, 0.0005259528406895697, 0.00045717888860963285, 0.0008979611448012292, 0.001228261855430901, 0.0009920867159962654, 0.0013453415594995022, 0.0002887124428525567, 0.00022676150547340512, 0.00010082509106723592, 4.796386565431021e-05, 3.1263894925359637e-05, 2.5089175323955715e-05, 1.4197796190273948e-05, 1.4376313401953666e-06], "lowlevel.erbbands.mean": [0.9600161910057068, 2.0221669673919678, 2.940192937850952, 5.511488914489746, 7.125446796417236, 8.815210342407227, 13.900510787963867, 22.71158218383789, 16.037118911743164, 12.972651481628418, 12.714225769042969, 19.854970932006836, 16.663850784301758, 10.9165678024292, 11.926437377929688, 14.597378730773926, 10.327268600463867, 13.264065742492676, 13.881139755249023, 19.26161766052246, 32.77454376220703, 35.71919250488281, 27.027122497558594, 43.69219207763672, 18.199247360229492, 10.373567581176758, 7.6560821533203125, 5.3147969245910645, 2.517056465148926, 1.1363166570663452, 0.7417912483215332, 0.44123375415802, 0.2830144464969635, 0.17865878343582153, 0.08600421249866486, 0.0343269519507885, 0.009483684785664082, 0.0015692118322476745, 6.21372673776932e-05, 6.003857561154291e-05], "lowlevel.erbbands.stdev": [1.0208052396774292, 3.1435904502868652, 5.636937141418457, 9.158978462219238, 14.799016952514648, 12.35940933227539, 20.053367614746094, 27.28599739074707, 25.951562881469727, 20.465238571166992, 15.481772422790527, 26.23911476135254, 21.67268180847168, 9.752617835998535, 12.848587989807129, 15.861783981323242, 14.153166770935059, 22.826454162597656, 17.247726440429688, 36.8503532409668, 53.23690414428711, 63.3786506652832, 68.84137725830078, 92.7417221069336, 25.461545944213867, 14.19351577758789, 10.371977806091309, 7.590156555175781, 3.963867664337158, 1.9422529935836792, 1.2978520393371582, 0.7573145627975464, 0.4968012273311615, 0.3239402770996094, 0.16245394945144653, 0.07511238008737564, 0.02391219325363636, 0.004723887890577316, 0.00011255611025262624, 3.737278166227043e-05], "lowlevel.gfcc.mean": [-38.1898193359375, 138.39212036132812, -129.3017578125, 41.896793365478516, -41.023799896240234, 5.684440612792969, -20.831390380859375, 7.077282428741455, -8.839847564697266, -1.3682650327682495, -2.8364081382751465, -0.7188853025436401, 4.314781665802002], "lowlevel.melbands.mean": [0.007723076734691858, 0.0018552594119682908, 0.001004631631076336, 0.0005329361883923411, 0.0004924960667267442, 0.0005155532853677869, 0.00022849002561997622, 0.00014235544949769974, 0.0001072654195013456, 0.0001266164326807484, 7.903451478341594e-05, 4.0841518057277426e-05, 3.7500602047657594e-05, 3.5548480809666216e-05, 3.678589200717397e-05, 1.784188498277217e-05, 2.640026286826469e-05, 2.2495343728223816e-05, 2.2495241864817217e-05, 2.9824950615875423e-05, 4.109525616513565e-05, 3.979893517680466e-05, 2.7063351808465086e-05, 2.002923247346189e-05, 4.023221481475048e-05, 1.5310730304918252e-05, 8.784296369412914e-06, 6.283022230491042e-06, 4.777233698405325e-06, 4.341719886724604e-06, 2.643743982844171e-06, 1.5822948853383423e-06, 7.988826951077499e-07, 5.578238528869406e-07, 4.4041351543455676e-07, 3.4518686220508243e-07, 2.4147271915353485e-07, 2.041051061496546e-07, 1.7078622249755426e-07, 1.4297137340690824e-07], "lowlevel.melbands.stdev": [0.007306735031306744, 0.003017987823113799, 0.0016782330349087715, 0.0007609556778334081, 0.0007152245962060988, 0.0006238027126528323, 0.00035149831091985106, 0.0002474235079716891, 0.00013873194984626025, 0.00017390656284987926, 0.00010709352500271052, 3.881040174746886e-05, 3.6831817851634696e-05, 3.381804344826378e-05, 6.429426866816357e-05, 2.484269134583883e-05, 5.155311737325974e-05, 2.995043723785784e-05, 3.691232996061444e-05, 6.459138239733875e-05, 6.715454219374806e-05, 7.615495997015387e-05, 5.3869676776230335e-05, 4.9138518079416826e-05, 9.071609383681789e-05, 2.2218142476049252e-05, 1.2100078492949251e-05, 8.847754543239716e-06, 6.603112069569761e-06, 6.5222334342252e-06, 4.0020959204412065e-06, 2.604518158477731e-06, 1.3760815136265592e-06, 9.8723921837518e-07, 7.841687761356297e-07, 6.224228741302795e-07, 4.226433532039664e-07, 3.6161739558338013e-07, 3.1322852578341553e-07, 2.6886101522904937e-07], "lowlevel.melbands128.mean": [0.012697318568825722, 0.010322844609618187, 0.005634494591504335, 0.002751278458163142, 0.0014710979303345084, 0.0014544208534061909, 0.001145714777521789, 0.0009024078026413918, 0.0007571638561785221, 0.00039036336238496006, 0.0004879554035142064, 0.000562553177587688, 0.00045236534788273275, 0.00047261029249057174, 0.0005259418394416571, 0.0005789395072497427, 0.0003992411948274821, 8.715857256902382e-05, 0.00013358038268052042, 0.00013959530042484403, 0.00017512335034552962, 6.32416777079925e-05, 0.00011777849431382492, 0.00012165568477939814, 0.00011896319483639672, 0.00016086417599581182, 5.9097215853398666e-05, 0.00011506325245136395, 3.611206921050325e-05, 3.134514554403722e-05, 5.411166785052046e-05, 3.717289291671477e-05, 2.53712605626788e-05, 5.5398413678631186e-05, 2.545692041167058e-05, 3.1992698495741934e-05, 4.468659608392045e-05, 4.720408469438553e-05, 2.4328866857104003e-05, 1.5615818483638577e-05, 2.0425233742571436e-05, 1.3846187357557938e-05, 1.95578522834694e-05, 4.569160955725238e-05, 1.981869718292728e-05, 1.9797127606580034e-05, 2.0253039110684767e-05, 2.0623401724151336e-05, 2.2767755581298843e-05, 2.884923742385581e-05, 2.4850582121871412e-05, 4.1300136217614636e-05, 3.661746086436324e-05, 3.8177800888661295e-05, 5.503405918716453e-05, 3.788883259403519e-05, 3.28565038216766e-05, 2.676410076674074e-05, 2.3724078346276656e-05, 2.9522047043428756e-05, 1.4738806385139469e-05, 1.4404340618057176e-05, 4.5708347897743806e-05, 5.359368515200913e-05, 1.878981311165262e-05, 1.4715476936544292e-05, 1.2651182260015048e-05, 9.118193702306598e-06, 7.837825251044706e-06, 8.698165402165614e-06, 6.008407581248321e-06, 5.2143536777293775e-06, 5.260604211798636e-06, 4.716991952591343e-06, 4.108590928808553e-06, 5.1876381803594995e-06, 4.0043951230472885e-06, 2.953906914626714e-06, 2.646902885317104e-06, 2.1260602807160467e-06, 1.8640412235981785e-06, 1.3156259228708223e-06, 9.420867854714743e-07, 7.970990623107355e-07, 6.112853725426248e-07, 5.805794103252992e-07, 5.4484490874529e-07, 4.984086103831942e-07, 4.4071236970921746e-07, 3.9173400523395685e-07, 3.8618247799604433e-07, 3.4468882859073346e-07, 2.558013818543259e-07, 2.3048181674312218e-07, 2.4040031121330685e-07, 2.2179625602802844e-07, 1.9022914443667105e-07, 1.8988212957538053e-07, 1.6707866734577692e-07, 1.6101100186460826e-07, 1.6854947659794561e-07, 1.353419634142483e-07, 1.2325705256444053e-07, 1.0991092125323121e-07, 1.0241920023190687e-07, 8.156453645824513e-08, 6.827623622029932e-08, 6.83510847920843e-08, 5.801063096555481e-08, 5.368863043031524e-08, 4.4097063778281154e-08, 3.0953611229733724e-08, 2.5870150466289488e-08, 2.5619616650374155e-08, 2.1676973105400066e-08, 1.4902768796787313e-08, 1.3083912620004412e-08, 1.8742016827388852e-09, 4.450934065758361e-11, 5.186418568919882e-12, 5.050430993552846e-12, 4.952262992047318e-12, 4.8405758568126345e-12, 4.758185165321116e-12, 4.6639766701495056e-12, 4.554460975025876e-12, 4.489018098213782e-12, 4.460715651022351e-12], "lowlevel.melbands128.stdev": [0.014167748391628265, 0.010960876010358334, 0.007591613102704287, 0.004839321598410606, 0.0031825897749513388, 0.0028131306171417236, 0.001994863385334611, 0.002130011096596718, 0.0017120991833508015, 0.0006816849927417934, 0.0007758456631563604, 0.0011240048334002495, 0.0007429961697198451, 0.000710858847014606, 0.0007896357565186918, 0.0009461843874305487, 0.0008439765661023557, 0.00011520611587911844, 0.00022179137158673257, 0.00025798610295169055, 0.000425871490733698, 8.571737271267921e-05, 0.00018641570932231843, 0.00022197213547769934, 0.00017784525698516518, 0.0002919124672189355, 7.701719732722268e-05, 0.00021259384811855853, 5.203506225370802e-05, 4.92233011755161e-05, 5.983616938465275e-05, 4.220353002892807e-05, 3.195137469447218e-05, 8.647228969493881e-05, 3.522180486470461e-05, 3.602029391913675e-05, 6.249347643461078e-05, 0.00011830295261461288, 5.572208829107694e-05, 2.449875137244817e-05, 4.399297176860273e-05, 2.0169509298284538e-05, 2.7628610041574575e-05, 0.00013521256914827973, 3.195570025127381e-05, 2.7296036932966672e-05, 3.80170822609216e-05, 3.439415741013363e-05, 4.867592724622227e-05, 9.550077083986253e-05, 6.121454498497769e-05, 0.00013172223407309502, 6.458353163907304e-05, 6.879806460347027e-05, 0.0001512331800768152, 8.971373608801514e-05, 6.305694842012599e-05, 6.12292205914855e-05, 4.586784416460432e-05, 0.0001516096672276035, 2.879265957744792e-05, 2.304847839695867e-05, 0.00011401707888580859, 0.000138139832415618, 3.271101013524458e-05, 2.4043696612352505e-05, 2.1528696379391477e-05, 1.4583881238650065e-05, 1.1892499969690107e-05, 1.4564411685569212e-05, 9.418746230949182e-06, 8.318669642903842e-06, 8.22674064693274e-06, 7.2250113589689136e-06, 6.462578312493861e-06, 8.949700713856146e-06, 6.80616858517169e-06, 4.5522747313953005e-06, 4.558155978884315e-06, 4.024711870442843e-06, 3.283154910604935e-06, 2.340544142498402e-06, 1.6885751392692327e-06, 1.543722191854613e-06, 1.1869996114910464e-06, 1.129338329519669e-06, 1.0500432381377323e-06, 9.255267627850117e-07, 8.517392302564986e-07, 8.007915539565147e-07, 7.599564924021251e-07, 6.686423148494214e-07, 4.821993684345216e-07, 4.557990678222268e-07, 4.5099133672010794e-07, 4.112143017209746e-07, 3.70424601214836e-07, 3.8959956327744294e-07, 3.366430405549181e-07, 3.1729416605230654e-07, 3.17064262844724e-07, 2.8796938522646087e-07, 2.6362076255281863e-07, 2.396841978224984e-07, 2.1371745617670967e-07, 1.8394150913536578e-07, 1.4967005768085073e-07, 1.651341676733864e-07, 1.5098196115559404e-07, 1.41312526125148e-07, 1.1513711939414861e-07, 8.594278000373379e-08, 7.649832411971147e-08, 8.710483001550529e-08, 7.425736470167976e-08, 5.080616105601621e-08, 4.969038158719741e-08, 1.0326550281547497e-08, 7.448962557887739e-10, 8.017794761450148e-12, 7.823281085450606e-12, 7.656209000117542e-12, 7.504766773303029e-12, 7.376381623569461e-12, 7.269058618919466e-12, 7.1834608574017356e-12, 7.121189488784596e-12, 7.082740643982177e-12], "lowlevel.mfcc.mean": [-672.9098510742188, 158.76666259765625, -16.82091522216797, 40.11578369140625, 5.230722427368164, 9.228693008422852, 2.8056180477142334, 8.904651641845703, 6.014817237854004, 2.9041619300842285, 1.6457903385162354, 5.153736114501953, 2.5326788425445557], "lowlevel.spectral_contrast_coeffs.mean": [-0.7217070460319519, -0.7558212280273438, -0.791854202747345, -0.810487687587738, -0.804953396320343, -0.7166550159454346], "lowlevel.spectral_contrast_coeffs.stdev": [0.06860071420669556, 0.07372522354125977, 0.0513850674033165, 0.04133358597755432, 0.036900464445352554, 0.05566590651869774], "lowlevel.spectral_contrast_valleys.mean": [-6.574613571166992, -6.750103950500488, -7.274900436401367, -7.566222190856934, -7.654153347015381, -11.575061798095703], "lowlevel.spectral_contrast_valleys.stdev": [1.0470222234725952, 0.964038610458374, 0.9469534754753113, 1.0562567710876465, 1.3195606470108032, 1.4436272382736206], "rhythm.beats_loudness_band_ratio.mean": [0.7335856556892395, 0.10660532861948013, 0.05691681429743767, 0.031602829694747925, 0.0692846029996872, 0.032410383224487305], "rhythm.beats_loudness_band_ratio.stdev": [0.20852568745613098, 0.10190500319004059, 0.04792499169707298, 0.02946026250720024, 0.13275234401226044, 0.05079973489046097], "tonal.hpcp.mean": [0.032731518149375916, 0.03320392221212387, 0.028897641226649284, 0.05014396086335182, 0.06270178407430649, 0.04522114247083664, 0.049274735152721405, 0.07402671873569489, 0.10479321330785751, 0.2062540203332901, 0.23190969228744507, 0.1264566034078598, 0.07162319123744965, 0.06299589574337006, 0.05732840672135353, 0.06091159209609032, 0.08001634478569031, 0.070452980697155, 0.08932031691074371, 0.11575412005186081, 0.07986146956682205, 0.07547435164451599, 0.08313940465450287, 0.28097864985466003, 0.5270146727561951, 0.3358241319656372, 0.08118133246898651, 0.04952870309352875, 0.03673660010099411, 0.033111318945884705, 0.1040974110364914, 0.14710746705532074, 0.08088436722755432, 0.035565085709095, 0.030689235776662827, 0.02919032797217369], "tonal.hpcp.stdev": [0.12389975786209106, 0.12757021188735962, 0.12232320755720139, 0.12774570286273956, 0.14948678016662598, 0.13156934082508087, 0.15218596160411835, 0.19142170250415802, 0.22906938195228577, 0.29597392678260803, 0.31612032651901245, 0.2310473471879959, 0.19707722961902618, 0.1827581822872162, 0.17894186079502106, 0.15538789331912994, 0.18546155095100403, 0.18130318820476532, 0.17247697710990906, 0.22420182824134827, 0.19135431945323944, 0.19931939244270325, 0.21698467433452606, 0.25954803824424744, 0.46147283911705017, 0.2938847839832306, 0.18537332117557526, 0.16588625311851501, 0.12650053203105927, 0.09632166475057602, 0.1514156013727188, 0.20226603746414185, 0.15048334002494812, 0.11085683852434158, 0.11395946890115738, 0.10726331174373627], "rhythm.beats_position": [0.3599092960357666, 0.7198185920715332, 1.0797278881072998, 1.4396371841430664, 1.7879364490509033, 2.1362357139587402, 2.4845352172851562, 2.832834482192993, 3.18113374710083, 3.5178229808807373, 3.8545124530792236, 4.2028117179870605, 4.551111221313477, 4.899410247802734, 5.24770975112915, 5.596008777618408, 5.944308280944824, 6.29260778427124, 6.629296779632568, 6.965986251831055, 7.314285755157471, 7.674194812774658, 8.034104347229004, 8.394013404846191, 8.753922462463379, 9.125441551208496, 9.4853515625, 9.845260620117188, 10.193559646606445, 10.55346965789795, 10.913378715515137, 11.261677742004395, 11.621586799621582, 11.969886779785156, 12.329795837402344, 12.678094863891602, 13.038003921508789, 13.397913932800293, 13.75782299041748, 14.117732048034668, 14.489251136779785, 14.849161148071289, 15.209070205688477, 15.568979263305664, 15.928888320922852, 16.27718734741211, 16.625486373901367, 16.973787307739258, 17.333696365356445, 17.681995391845703, 18.03029441833496, 18.39020347595215, 18.738502502441406, 19.086801528930664, 19.435102462768555, 19.783401489257812, 20.143310546875, 20.503219604492188, 20.863128662109375, 21.223037719726562, 21.58294677734375, 21.942855834960938, 22.291156768798828, 22.639455795288086, 22.999364852905273, 23.35927391052246, 23.71918296813965, 24.090702056884766, 24.450611114501953, 24.82213020324707, 25.17043113708496, 25.51873016357422, 25.867029190063477, 26.215328216552734, 26.563627243041992, 26.91192626953125, 27.26022720336914, 27.620136260986328, 27.980045318603516, 28.328344345092773, 28.67664337158203, 29.02494239807129, 29.373241424560547, 29.733150482177734, 30.093061447143555, 30.441360473632812, 30.78965950012207, 31.137958526611328, 31.486257553100586, 31.834556579589844, 32.182857513427734, 32.54276657104492, 32.89106369018555, 33.23936462402344, 33.599273681640625, 33.947574615478516, 34.29587173461914, 34.64417266845703, 34.992469787597656, 35.34077072143555, 35.68906784057617, 36.03736877441406, 36.38566970825195, 36.74557876586914, 37.10548782348633, 37.45378494262695, 37.802085876464844, 38.15038299560547, 38.49868392944336, 38.84698486328125, 39.218502044677734, 39.590023040771484], "rhythm.bpm_histogram": [0.0, 0.0, 0.0, 0.0, 0.0, 0.0, 0.0, 0.0, 0.0, 0.0, 0.0, 0.0, 0.0, 0.0, 0.0, 0.0, 0.0, 0.0, 0.0, 0.0, 0.0, 0.0, 0.0, 0.0, 0.0, 0.0, 0.0, 0.0, 0.0, 0.0, 0.0, 0.0, 0.0, 0.0, 0.0, 0.0, 0.0, 0.0, 0.0, 0.0, 0.0, 0.0, 0.0, 0.0, 0.0, 0.0, 0.0, 0.0, 0.0, 0.0, 0.0, 0.0, 0.0, 0.0, 0.0, 0.0, 0.0, 0.0, 0.0, 0.0, 0.0, 0.0, 0.0, 0.0, 0.0, 0.0, 0.0, 0.0, 0.0, 0.0, 0.0, 0.0, 0.0, 0.0, 0.0, 0.0, 0.0, 0.0, 0.0, 0.0, 0.0, 0.0, 0.0, 0.0, 0.0, 0.0, 0.0, 0.0, 0.0, 0.0, 0.0, 0.0, 0.0, 0.0, 0.0, 0.0, 0.0, 0.0, 0.0, 0.0, 0.0, 0.0, 0.0, 0.0, 0.0, 0.0, 0.0, 0.0, 0.0, 0.0, 0.0, 0.0, 0.0, 0.0, 0.0, 0.0, 0.0, 0.0, 0.0, 0.0, 0.0, 0.0, 0.0, 0.0, 0.0, 0.0, 0.0, 0.0, 0.0, 0.0, 0.0, 0.0, 0.0, 0.0, 0.0, 0.0, 0.0, 0.0, 0.0, 0.0, 0.0, 0.0, 0.0, 0.0, 0.0, 0.0, 0.0, 0.0, 0.0, 0.0, 0.0, 0.0, 0.0, 0.0, 0.0, 0.0, 0.0, 0.0, 0.0, 0.0, 0.0, 0.054054055362939835, 0.0, 0.0, 0.0, 0.0, 0.0, 0.36936935782432556, 0.0, 0.0, 0.0, 0.0, 0.5405405163764954, 0.0, 0.0, 0.0, 0.0, 0.0, 0.036036036908626556, 0.0, 0.0, 0.0, 0.0, 0.0, 0.0, 0.0, 0.0, 0.0, 0.0, 0.0, 0.0, 0.0, 0.0, 0.0, 0.0, 0.0, 0.0, 0.0, 0.0, 0.0, 0.0, 0.0, 0.0, 0.0, 0.0, 0.0, 0.0, 0.0, 0.0, 0.0, 0.0, 0.0, 0.0, 0.0, 0.0, 0.0, 0.0, 0.0, 0.0, 0.0, 0.0, 0.0, 0.0, 0.0, 0.0, 0.0, 0.0, 0.0, 0.0, 0.0, 0.0, 0.0, 0.0, 0.0, 0.0, 0.0, 0.0, 0.0, 0.0, 0.0, 0.0, 0.0, 0.0, 0.0, 0.0, 0.0, 0.0, 0.0, 0.0, 0.0], "tonal.chords_histogram": [10.995369911193848, 3.3564815521240234, 25.925926208496094, 0.0, 0.0, 0.0, 0.0, 0.0, 0.0, 0.0, 0.0, 0.0, 0.0, 0.0, 0.0, 0.5787037014961243, 0.0, 10.879630088806152, 0.0, 18.171297073364258, 1.2731481790542603, 1.0416666269302368, 27.77777862548828, 0.0], "tonal.thpcp": [1.0, 0.6372197270393372, 0.15403997898101807, 0.09397973865270615, 0.0697069764137268, 0.06282807886600494, 0.19752278923988342, 0.27913352847099304, 0.1534765064716339, 0.067484050989151, 0.05823222175240517, 0.05538807436823845, 0.06210741400718689, 0.0630037933588028, 0.05483270809054375, 0.09514718502759933, 0.11897540837526321, 0.0858062282204628, 0.09349784255027771, 0.14046424627304077, 0.1988430619239807, 0.3913629651069641, 0.440044105052948, 0.23994892835617065, 0.13590359687805176, 0.1195334792137146, 0.10877952724695206, 0.1155785471200943, 0.15182945132255554, 0.13368314504623413, 0.16948354244232178, 0.21964116394519806, 0.15153557062149048, 0.14321109652519226, 0.15775538980960846, 0.5331514477729797], "lowlevel.gfcc.cov": [[9732.0595703125, -1928.877197265625, -538.22705078125, 908.9251708984375, -209.9927520751953, 340.7323303222656, -624.9240112304688, 610.4076538085938, -695.8978271484375, 226.4866485595703, -628.4083251953125, 90.26705932617188, -455.7254943847656], [-1928.877197265625, 2248.90380859375, 126.33075714111328, -764.3087768554688, -59.65757369995117, -399.3759460449219, 223.26480102539062, -534.0938110351562, 511.7219543457031, -171.6608123779297, 563.98388671875, -6.196183204650879, 462.21514892578125], [-538.22705078125, 126.33075714111328, 1026.3070068359375, -123.22193908691406, 0.6568955183029175, 250.99761962890625, -14.749369621276855, 81.10289001464844, 52.06818771362305, 137.57432556152344, 67.62588500976562, 146.3632354736328, 21.51326560974121], [908.9251708984375, -764.3087768554688, -123.22193908691406, 556.3031005859375, 167.53775024414062, 174.06710815429688, 1.0272480249404907, 212.27003479003906, -194.82974243164062, 20.118785858154297, -227.3111572265625, -76.55831146240234, -197.40367126464844], [-209.9927520751953, -59.65757369995117, 0.6568955183029175, 167.53775024414062, 316.1404113769531, -3.9069571495056152, 137.288818359375, 40.871910095214844, -42.51829528808594, 5.076404571533203, -75.72409057617188, -29.473058700561523, -70.47481536865234], [340.7323303222656, -399.3759460449219, 250.99761962890625, 174.06710815429688, -3.9069571495056152, 235.85671997070312, -35.52527618408203, 151.96363830566406, -68.78569030761719, 61.32740783691406, -72.53561401367188, 24.74276351928711, -66.78461456298828], [-624.9240112304688, 223.26480102539062, -14.749369621276855, 1.0272480249404907, 137.288818359375, -35.52527618408203, 174.94334411621094, -21.99594497680664, 77.248291015625, -13.769323348999023, 42.75563049316406, -23.91661262512207, 30.392398834228516], [610.4076538085938, -534.0938110351562, 81.10289001464844, 212.27003479003906, 40.871910095214844, 151.96363830566406, -21.99594497680664, 220.1806640625, -99.6346206665039, 86.87540435791016, -128.03041076660156, 20.69280433654785, -104.03367614746094], [-695.8978271484375, 511.7219543457031, 52.06818771362305, -194.82974243164062, -42.51829528808594, -68.78569030761719, 77.248291015625, -99.6346206665039, 198.36297607421875, -10.838911056518555, 182.60171508789062, 10.441317558288574, 140.76048278808594], [226.4866485595703, -171.6608123779297, 137.57432556152344, 20.118785858154297, 5.076404571533203, 61.32740783691406, -13.769323348999023, 86.87540435791016, -10.838911056518555, 105.97769165039062, -10.559138298034668, 53.92816162109375, -26.55189323425293], [-628.4083251953125, 563.98388671875, 67.62588500976562, -227.3111572265625, -75.72409057617188, -72.53561401367188, 42.75563049316406, -128.03041076660156, 182.60171508789062, -10.559138298034668, 230.6143798828125, 33.105369567871094, 168.64683532714844], [90.26705932617188, -6.196183204650879, 146.3632354736328, -76.55831146240234, -29.473058700561523, 24.74276351928711, -23.91661262512207, 20.69280433654785, 10.441317558288574, 53.92816162109375, 33.105369567871094, 89.3481216430664, 32.89287567138672], [-455.7254943847656, 462.21514892578125, 21.51326560974121, -197.40367126464844, -70.47481536865234, -66.78461456298828, 30.392398834228516, -104.03367614746094, 140.76048278808594, -26.55189323425293, 168.64683532714844, 32.89287567138672, 177.0352020263672]], "lowlevel.gfcc.icov": [[0.0002845797862391919, -0.0006691436283290386, 0.00048260658513754606, -0.0005667413352057338, 0.00020705556380562484, -0.0003821872523985803, 0.0009958265582099557, -0.0006402397993952036, 0.0004109421279281378, -0.000625683693215251, 0.0007190806209109724, -0.001057697576470673, 0.00027100706938654184], [-0.0006691436283290386, 0.0052202194929122925, -0.002617604099214077, 0.0024537118151783943, -0.001384780160151422, 0.003559598932042718, -0.003341127187013626, 0.003575690323486924, -0.0022460883483290672, 0.003208428854122758, -0.004781330469995737, 0.005475291516631842, -0.003026773687452078], [0.00048260658513754606, -0.002617604099214077, 0.003960202448070049, 5.5148797400761396e-05, -0.0006533025298267603, -0.0059346845373511314, 0.0027089323848485947, -0.0005189336370676756, -0.00010505379759706557, -0.002690667286515236, 0.002513389103114605, -0.005095506552606821, 0.002620345912873745], [-0.0005667413352057338, 0.0024537118151783943, 5.5148797400761396e-05, 0.00847716350108385, -0.003647121135145426, -0.0029200490098446608, -0.0016200419049710035, -0.0013012993149459362, 0.0013900268822908401, 0.0023633039090782404, -0.003872899105772376, 0.007182212080806494, 0.0001447564864065498], [0.00020705556380562484, -0.001384780160151422, -0.0006533025298267603, -0.003647121135145426, 0.009125319309532642, 0.0025921999476850033, -0.007015720941126347, 0.00019386247731745243, 0.003679805202409625, -0.001990094082430005, 0.0022618707735091448, -0.002489608945325017, 0.0011735783191397786], [-0.0003821872523985803, 0.003559598932042718, -0.0059346845373511314, -0.0029200490098446608, 0.0025921999476850033, 0.018249236047267914, -0.0028853800613433123, -0.005079171154648066, 0.0006623240187764168, 0.0045806244015693665, -0.005413509439677, 0.004275496117770672, -0.0028624371625483036], [0.0009958265582099557, -0.003341127187013626, 0.0027089323848485947, -0.0016200419049710035, -0.007015720941126347, -0.0028853800613433123, 0.019724033772945404, -0.004595321603119373, -0.007897612638771534, -0.0008115655509755015, 0.004642358515411615, -0.0030916687101125717, 0.0014929315075278282], [-0.0006402397993952036, 0.003575690323486924, -0.0005189336370676756, -0.0013012993149459362, 0.00019386247731745243, -0.005079171154648066, -0.004595321603119373, 0.02298569120466709, -0.00481060054153204, -0.009855491109192371, 0.00669120205566287, 0.0011049882741644979, -0.004146995022892952], [0.0004109421279281378, -0.0022460883483290672, -0.00010505379759706557, 0.0013900268822908401, 0.003679805202409625, 0.0006623240187764168, -0.007897612638771534, -0.00481060054153204, 0.03122525103390217, -0.005466454662382603, -0.014623002149164677, 0.007504777982831001, -0.004382845014333725], [-0.000625683693215251, 0.003208428854122758, -0.002690667286515236, 0.0023633039090782404, -0.001990094082430005, 0.0045806244015693665, -0.0008115655509755015, -0.009855491109192371, -0.005466454662382603, 0.02961098961532116, -0.010060280561447144, -0.009144516661763191, 0.008328423835337162], [0.0007190806209109724, -0.004781330469995737, 0.002513389103114605, -0.003872899105772376, 0.0022618707735091448, -0.005413509439677, 0.004642358515411615, 0.00669120205566287, -0.014623002149164677, -0.010060280561447144, 0.03477758169174194, -0.008047929964959621, -0.009812701493501663], [-0.001057697576470673, 0.005475291516631842, -0.005095506552606821, 0.007182212080806494, -0.002489608945325017, 0.004275496117770672, -0.0030916687101125717, 0.0011049882741644979, 0.007504777982831001, -0.009144516661763191, -0.008047929964959621, 0.036476921290159225, -0.013037621974945068], [0.00027100706938654184, -0.003026773687452078, 0.002620345912873745, 0.0001447564864065498, 0.0011735783191397786, -0.0028624371625483036, 0.0014929315075278282, -0.004146995022892952, -0.004382845014333725, 0.008328423835337162, -0.009812701493501663, -0.013037621974945068, 0.02728983387351036]], "lowlevel.mfcc.cov": [[9362.263671875, -2215.330322265625, -548.0322265625, 422.4444885253906, 200.548583984375, -234.31182861328125, 88.46894836425781, -8.420449256896973, 94.07807159423828, -93.3736343383789, -62.92282485961914, -90.1158447265625, -175.83984375], [-2215.330322265625, 2518.718017578125, 192.72084045410156, -328.17120361328125, -275.8146667480469, 15.473532676696777, -320.9098815917969, -143.25514221191406, -225.7792205810547, -26.89266014099121, -50.09394454956055, 61.33196258544922, 111.49201202392578], [-548.0322265625, 192.72084045410156, 926.6156005859375, -274.28778076171875, 109.2103271484375, 61.160221099853516, -15.85730266571045, 24.90990447998047, -42.206504821777344, 72.78646087646484, 17.346698760986328, 43.83622741699219, 86.00053405761719], [422.4444885253906, -328.17120361328125, -274.28778076171875, 319.2364807128906, 84.28223419189453, 50.97175216674805, 130.71205139160156, 54.89659881591797, 78.33108520507812, 15.374727249145508, 31.05622100830078, -25.95891761779785, -44.21770477294922], [200.548583984375, -275.8146667480469, 109.2103271484375, 84.28223419189453, 157.2560577392578, 53.44090270996094, 97.0737533569336, 49.8997917175293, 44.68861389160156, 30.558748245239258, 20.430397033691406, -10.801519393920898, -6.465215682983398], [-234.31182861328125, 15.473532676696777, 61.160221099853516, 50.97175216674805, 53.44090270996094, 86.47164154052734, 56.629638671875, 34.42819595336914, 16.183561325073242, 21.62032127380371, 16.1627197265625, -3.4192824363708496, -1.474288821220398], [88.46894836425781, -320.9098815917969, -15.85730266571045, 130.71205139160156, 97.0737533569336, 56.629638671875, 149.44020080566406, 67.6368179321289, 74.20033264160156, 31.217992782592773, 31.036727905273438, -10.664835929870605, -15.49019718170166], [-8.420449256896973, -143.25514221191406, 24.90990447998047, 54.89659881591797, 49.8997917175293, 34.42819595336914, 67.6368179321289, 70.74751281738281, 46.050933837890625, 23.897363662719727, 12.89380931854248, -2.2766010761260986, -5.653216361999512], [94.07807159423828, -225.7792205810547, -42.206504821777344, 78.33108520507812, 44.68861389160156, 16.183561325073242, 74.20033264160156, 46.050933837890625, 86.51609802246094, 30.899864196777344, 21.649166107177734, 0.7064958810806274, -3.8704209327697754], [-93.3736343383789, -26.89266014099121, 72.78646087646484, 15.374727249145508, 30.558748245239258, 21.62032127380371, 31.217992782592773, 23.897363662719727, 30.899864196777344, 56.75223159790039, 28.128286361694336, 14.138286590576172, 13.314363479614258], [-62.92282485961914, -50.09394454956055, 17.346698760986328, 31.05622100830078, 20.430397033691406, 16.1627197265625, 31.036727905273438, 12.89380931854248, 21.649166107177734, 28.128286361694336, 51.477294921875, 17.982749938964844, 9.99756908416748], [-90.1158447265625, 61.33196258544922, 43.83622741699219, -25.95891761779785, -10.801519393920898, -3.4192824363708496, -10.664835929870605, -2.2766010761260986, 0.7064958810806274, 14.138286590576172, 17.982749938964844, 45.94782257080078, 25.488914489746094], [-175.83984375, 111.49201202392578, 86.00053405761719, -44.21770477294922, -6.465215682983398, -1.474288821220398, -15.49019718170166, -5.653216361999512, -3.8704209327697754, 13.314363479614258, 9.99756908416748, 25.488914489746094, 57.52689743041992]], "lowlevel.mfcc.icov": [[0.00016603591211605817, 0.0001317230926360935, -2.3740181859466247e-05, -0.00027830133331008255, -0.00023005728144198656, 0.00047613849164918065, 0.00025741782155819237, 7.989640289451927e-05, 0.00011040121898986399, 3.314414425403811e-05, 0.00022254335635807365, -0.00012368753959890455, 0.00015319744125008583], [0.0001317230926360935, 0.0008989351917989552, 8.250105565821286e-06, -0.0002630643139127642, 0.0007788578514009714, -0.00124666269402951, 0.0013593182666227221, 0.00011650913074845448, 0.0010998077923431993, -0.0006542853079736233, 0.0005745814414694905, -0.00023161449644248933, -0.0008928683237172663], [-2.3740181859466247e-05, 8.250105565821286e-06, 0.0029461572412401438, 0.003212224692106247, -0.002929653273895383, -0.0014651577221229672, -7.908303814474493e-05, -0.0011661187745630741, 0.0018999732565134764, -0.002618365688249469, 5.244751082500443e-05, -0.00022795202676206827, -0.001700855907984078], [-0.00027830133331008255, -0.0002630643139127642, 0.003212224692106247, 0.009665959514677525, -0.0031013290863484144, -0.003218981670215726, -0.003729733871296048, -0.0003567423846106976, -0.0009693910833448172, -0.000901511637493968, -0.002611900446936488, 0.0011667710496112704, 0.0008966779569163918], [-0.00023005728144198656, 0.0007788578514009714, -0.002929653273895383, -0.0031013290863484144, 0.016067327931523323, -0.0034219033550471067, -0.0050111087039113045, 9.180670895148069e-05, 0.0003770725743379444, -0.001034906250424683, 0.0007640118710696697, 0.0023428963031619787, -0.0007450315169990063], [0.00047613849164918065, -0.00124666269402951, -0.0014651577221229672, -0.003218981670215726, -0.0034219033550471067, 0.024098578840494156, -0.006630773656070232, -0.004577931482344866, 0.004747663624584675, -0.0015656475443392992, -0.001196775701828301, 0.0011989529011771083, 0.0019438595045357943], [0.00025741782155819237, 0.0013593182666227221, -7.908303814474493e-05, -0.003729733871296048, -0.0050111087039113045, -0.006630773656070232, 0.026442497968673706, -0.007497579790651798, -0.007861237972974777, 0.0020884156692773104, -0.004628502298146486, 0.0020864547695964575, -7.83520081313327e-05], [7.989640289451927e-05, 0.00011650913074845448, -0.0011661187745630741, -0.0003567423846106976, 9.180670895148069e-05, -0.004577931482344866, -0.007497579790651798, 0.030529025942087173, -0.009102992713451385, -0.0026633560191839933, 0.004533420782536268, -0.0017562834545969963, 0.00235603260807693], [0.00011040121898986399, 0.0010998077923431993, 0.0018999732565134764, -0.0009693910833448172, 0.0003770725743379444, 0.004747663624584675, -0.007861237972974777, -0.009102992713451385, 0.030259065330028534, -0.011240617372095585, 0.0009309715824201703, -0.0009751833276823163, -0.003319142386317253], [3.314414425403811e-05, -0.0006542853079736233, -0.002618365688249469, -0.000901511637493968, -0.001034906250424683, -0.0015656475443392992, 0.0020884156692773104, -0.0026633560191839933, -0.011240617372095585, 0.035133861005306244, -0.012317818589508533, -0.0023611788637936115, -0.000965995597653091], [0.00022254335635807365, 0.0005745814414694905, 5.244751082500443e-05, -0.002611900446936488, 0.0007640118710696697, -0.001196775701828301, -0.004628502298146486, 0.004533420782536268, 0.0009309715824201703, -0.012317818589508533, 0.03414556011557579, -0.01155676506459713, -0.0011650362284854054], [-0.00012368753959890455, -0.00023161449644248933, -0.00022795202676206827, 0.0011667710496112704, 0.0023428963031619787, 0.0011989529011771083, 0.0020864547695964575, -0.0017562834545969963, -0.0009751833276823163, -0.0023611788637936115, -0.01155676506459713, 0.03516677767038345, -0.011100622825324535], [0.00015319744125008583, -0.0008928683237172663, -0.001700855907984078, 0.0008966779569163918, -0.0007450315169990063, 0.0019438595045357943, -7.83520081313327e-05, 0.00235603260807693, -0.003319142386317253, -0.000965995597653091, -0.0011650362284854054, -0.011100622825324535, 0.0281115360558033]], "metadata.audio_properties.analysis.downmix": "mix", "metadata.audio_propert