{"song_id": "1182277805384417301", "download": "https://cdn.discordapp.com/attachments/1128313332273782784/1182277805384417301/chirp.mp4?ex=65841d02&amp", "lyrics": "[Chorus]\nNari vindzan\u00e9 (ri vindzan\u00e9), rissi soukouman\u00e9 (ch\u00e9riy\u00e9)\nMch\u00e9wangou (waw\u00e9 wangou) nari vindzan\u00e9 (za kw\u00e9li)\nRi vindzan\u00e9, ri paran\u00e9 (mch\u00e9wangou ri vindzan\u00e9 eh-eh-eh)\nZa kw\u00e9li ri paran\u00e9 (ri paran\u00e9), wami na waw\u00e9 (ri vindzan\u00e9)", "style": ["a blend of indie rock</span><span>, dream pop</span><span>, and tropical funk</span><span>."], "essentia_features": {"lowlevel.average_loudness": 0.9732686281204224, "lowlevel.barkbands_crest.mean": 11.748372077941895, "lowlevel.barkbands_crest.stdev": 4.974654197692871, "lowlevel.barkbands_flatness_db.mean": 0.14783963561058044, "lowlevel.barkbands_flatness_db.stdev": 0.05311182141304016, "lowlevel.barkbands_kurtosis.mean": 7.777052402496338, "lowlevel.barkbands_kurtosis.stdev": 15.941126823425293, "lowlevel.barkbands_skewness.mean": 2.0681674480438232, "lowlevel.barkbands_skewness.stdev": 1.5977638959884644, "lowlevel.barkbands_spread.mean": 19.3319091796875, "lowlevel.barkbands_spread.stdev": 10.365028381347656, "lowlevel.dissonance.mean": 0.4554326832294464, "lowlevel.dissonance.stdev": 0.030308224260807037, "lowlevel.dynamic_complexity": 2.004086494445801, "lowlevel.erbbands_crest.mean": 10.273273468017578, "lowlevel.erbbands_crest.stdev": 5.639225959777832, "lowlevel.erbbands_flatness_db.mean": 0.14555266499519348, "lowlevel.erbbands_flatness_db.stdev": 0.05193309485912323, "lowlevel.erbbands_kurtosis.mean": 1.4072139263153076, "lowlevel.erbbands_kurtosis.stdev": 4.074739456176758, "lowlevel.erbbands_skewness.mean": 0.3429410755634308, "lowlevel.erbbands_skewness.stdev": 0.8991380929946899, "lowlevel.erbbands_spread.mean": 39.13317108154297, "lowlevel.erbbands_spread.stdev": 21.32142448425293, "lowlevel.hfc.mean": 29.186616897583008, "lowlevel.hfc.stdev": 21.328243255615234, "lowlevel.loudness_ebu128.integrated": -11.412135124206543, "lowlevel.loudness_ebu128.loudness_range": 2.663290023803711, "lowlevel.loudness_ebu128.momentary.mean": -11.851526260375977, "lowlevel.loudness_ebu128.momentary.stdev": 2.262948751449585, "lowlevel.loudness_ebu128.short_term.mean": -11.483698844909668, "lowlevel.loudness_ebu128.short_term.stdev": 1.3699003458023071, "lowlevel.melbands_crest.mean": 16.455432891845703, "lowlevel.melbands_crest.stdev": 6.386712551116943, "lowlevel.melbands_flatness_db.mean": 0.2204311043024063, "lowlevel.melbands_flatness_db.stdev": 0.061858005821704865, "lowlevel.melbands_kurtosis.mean": 23.03769874572754, "lowlevel.melbands_kurtosis.stdev": 37.9178581237793, "lowlevel.melbands_skewness.mean": 3.29949951171875, "lowlevel.melbands_skewness.stdev": 2.3680171966552734, "lowlevel.melbands_spread.mean": 18.446081161499023, "lowlevel.melbands_spread.stdev": 13.307186126708984, "lowlevel.pitch_salience.mean": 0.4733670949935913, "lowlevel.pitch_salience.stdev": 0.14424680173397064, "lowlevel.silence_rate_20dB.mean": 1.0, "lowlevel.silence_rate_20dB.stdev": 0.0, "lowlevel.silence_rate_30dB.mean": 0.9015037417411804, "lowlevel.silence_rate_30dB.stdev": 0.29798585176467896, "lowlevel.silence_rate_60dB.mean": 0.01879699155688286, "lowlevel.silence_rate_60dB.stdev": 0.13580575585365295, "lowlevel.spectral_centroid.mean": 1045.4979248046875, "lowlevel.spectral_centroid.stdev": 500.1589050292969, "lowlevel.spectral_complexity.mean": 18.682706832885742, "lowlevel.spectral_complexity.stdev": 8.440868377685547, "lowlevel.spectral_decrease.mean": -1.3784442920439233e-08, "lowlevel.spectral_decrease.stdev": 1.0894686930384978e-08, "lowlevel.spectral_energy.mean": 0.054673027247190475, "lowlevel.spectral_energy.stdev": 0.04191797599196434, "lowlevel.spectral_energyband_high.mean": 0.0010570873273536563, "lowlevel.spectral_energyband_high.stdev": 0.0013442038325592875, "lowlevel.spectral_energyband_low.mean": 0.031121065840125084, "lowlevel.spectral_energyband_low.stdev": 0.041329894214868546, "lowlevel.spectral_energyband_middle_high.mean": 0.008083781227469444, "lowlevel.spectral_energyband_middle_high.stdev": 0.00830820482224226, "lowlevel.spectral_energyband_middle_low.mean": 0.015260647982358932, "lowlevel.spectral_energyband_middle_low.stdev": 0.011609948240220547, "lowlevel.spectral_entropy.mean": 7.59547233581543, "lowlevel.spectral_entropy.stdev": 0.41210469603538513, "lowlevel.spectral_flux.mean": 0.1024150401353836, "lowlevel.spectral_flux.stdev": 0.07211090624332428, "lowlevel.spectral_kurtosis.mean": 3.8248627185821533, "lowlevel.spectral_kurtosis.stdev": 2.1253654956817627, "lowlevel.spectral_rms.mean": 0.006821453105658293, "lowlevel.spectral_rms.stdev": 0.0026090729515999556, "lowlevel.spectral_rolloff.mean": 1029.531494140625, "lowlevel.spectral_rolloff.stdev": 1007.7813110351562, "lowlevel.spectral_skewness.mean": 1.6523220539093018, "lowlevel.spectral_skewness.stdev": 0.34680524468421936, "lowlevel.spectral_spread.mean": 5468232.5, "lowlevel.spectral_spread.stdev": 1790182.625, "lowlevel.spectral_strongpeak.mean": 1.1352332830429077, "lowlevel.spectral_strongpeak.stdev": 1.5815898180007935, "lowlevel.zerocrossingrate.mean": 0.05043798312544823, "lowlevel.zerocrossingrate.stdev": 0.037328511476516724, "metadata.audio_properties.analysis.equal_loudness": 0.0, "metadata.audio_properties.analysis.length": 30.84798240661621, "metadata.audio_properties.analysis.sample_rate": 44100.0, "metadata.audio_properties.analysis.start_time": 0.0, "metadata.audio_properties.bit_rate": 120342.0, "metadata.audio_properties.length": 30.847999572753906, "metadata.audio_properties.lossless": 0.0, "metadata.audio_properties.number_channels": 1.0, "metadata.audio_properties.replay_gain": -13.425464630126953, "metadata.audio_properties.sample_rate": 48000.0, "rhythm.beats_count": 48.0, "rhythm.beats_loudness.mean": 0.1498604267835617, "rhythm.beats_loudness.stdev": 0.05581770837306976, "rhythm.bpm": 94.13261413574219, "rhythm.bpm_histogram_first_peak_bpm": 94.0, "rhythm.bpm_histogram_first_peak_weight": 0.3863636255264282, "rhythm.bpm_histogram_second_peak_bpm": 101.0, "rhythm.bpm_histogram_second_peak_spread": 0.3333333730697632, "rhythm.bpm_histogram_second_peak_weight": 0.042553190141916275, "rhythm.danceability": 1.24221932888031, "rhythm.onset_rate": 4.6645827293396, "tonal.chords_changes_rate": 0.03453453630208969, "tonal.chords_number_rate": 0.010510510765016079, "tonal.chords_strength.mean": 0.5478487014770508, "tonal.chords_strength.stdev": 0.07053759694099426, "tonal.hpcp_crest.mean": 16.303003311157227, "tonal.hpcp_crest.stdev": 7.124053955078125, "tonal.hpcp_entropy.mean": 1.6211118698120117, "tonal.hpcp_entropy.stdev": 0.6628506183624268, "tonal.key_edma.strength": 0.8770902156829834, "tonal.key_krumhansl.strength": 0.8771018385887146, "tonal.key_temperley.strength": 0.8737924098968506, "tonal.tuning_diatonic_strength": 0.673082172870636, "tonal.tuning_equal_tempered_deviation": 0.06285743415355682, "tonal.tuning_frequency": 438.47772216796875, "tonal.tuning_nontempered_energy_ratio": 0.668081521987915, "lowlevel.barkbands.mean": [0.0007057305192574859, 0.022005867213010788, 0.007796602323651314, 0.0018044295720756054, 0.004706165287643671, 0.002420618198812008, 0.0011394541943445802, 0.0026755002327263355, 0.002023759065195918, 0.0010312397498637438, 0.0012474344111979008, 0.0007707066833972931, 0.0007935877074487507, 0.0008832337334752083, 0.0017858219798654318, 0.0011314087314531207, 0.00030199799221009016, 0.0001671072095632553, 0.00015559874009341002, 0.00014671626558993012, 0.00015835699741728604, 0.00019311571668367833, 0.00022353584063239396, 0.00014552500215359032, 0.0001577715011080727, 9.773972851689905e-05, 3.9777955862518866e-06], "lowlevel.barkbands.stdev": [0.0015260488726198673, 0.0389372892677784, 0.009926502592861652, 0.0023546849843114614, 0.005869816988706589, 0.004764708224684, 0.002090021036565304, 0.006337985396385193, 0.003430728567764163, 0.002006170805543661, 0.0022868714295327663, 0.0021592164412140846, 0.002159153576940298, 0.002869665389880538, 0.0039825174026191235, 0.002549703000113368, 0.00045236843288876116, 0.00035377146559767425, 0.0002736100577749312, 0.00024825549917295575, 0.0002582297893241048, 0.00027409798349253833, 0.00027206054073758423, 0.00020562982535921037, 0.0002290675911353901, 0.00016738954582251608, 9.47643093240913e-06], "lowlevel.erbbands.mean": [0.6078311800956726, 4.953098773956299, 9.911528587341309, 6.95045804977417, 9.378680229187012, 18.86002540588379, 21.929964065551758, 18.27025604248047, 12.829620361328125, 38.7647819519043, 50.65410614013672, 55.79633331298828, 36.607269287109375, 31.17593765258789, 57.20641326904297, 35.247459411621094, 37.593223571777344, 48.608497619628906, 93.11978912353516, 60.810821533203125, 47.7015380859375, 16.08513069152832, 9.586777687072754, 8.39659309387207, 7.64741325378418, 6.832184791564941, 6.7805328369140625, 5.885193824768066, 6.678262233734131, 7.8814377784729, 5.7700347900390625, 3.120652914047241, 2.52055025100708, 1.887668490409851, 1.049226999282837, 0.48829135298728943, 0.17054446041584015, 0.023464147001504898, 0.0005578902782872319, 8.161547884810716e-05], "lowlevel.erbbands.stdev": [1.4829715490341187, 7.769802570343018, 10.969951629638672, 8.279065132141113, 12.277073860168457, 25.61668586730957, 55.95653533935547, 28.67995262145996, 17.864906311035156, 69.33348846435547, 148.72215270996094, 89.59904479980469, 69.71577453613281, 51.100223541259766, 123.87351989746094, 90.49237060546875, 94.46319580078125, 141.33775329589844, 211.6590118408203, 112.49282836914062, 90.09371185302734, 23.604047775268555, 19.614198684692383, 14.930632591247559, 14.169583320617676, 11.226495742797852, 11.686249732971191, 9.68100357055664, 10.069068908691406, 9.963146209716797, 7.129040241241455, 4.422616958618164, 3.6051130294799805, 2.703932285308838, 1.6387088298797607, 0.8331452012062073, 0.2937997877597809, 0.04627048969268799, 0.0010627229930832982, 6.549136014655232e-05], "lowlevel.gfcc.mean": [30.80683708190918, 89.10185241699219, -103.76712799072266, 26.98871612548828, -58.65371322631836, 28.59990692138672, -41.862281799316406, 8.840924263000488, -20.10296630859375, 5.4293293952941895, -23.216230392456055, 0.1534082591533661, -10.871845245361328], "lowlevel.melbands.mean": [0.005806029308587313, 0.005532519426196814, 0.0013094276655465364, 0.0010106319095939398, 0.0007837565499357879, 0.00039926322642713785, 0.00021052318334113806, 0.000469930557301268, 0.0003815346281044185, 0.0003497717552818358, 0.0001709507341729477, 0.0001168808012153022, 0.00016552831220906228, 0.00012518695439212024, 6.679790385533124e-05, 8.351985889021307e-05, 9.107510413741693e-05, 0.00013808548101224005, 0.00011368985724402592, 9.410785423824564e-05, 4.291768709663302e-05, 1.7847638446255587e-05, 9.759682143339887e-06, 7.325988462980604e-06, 6.722278158122208e-06, 5.6993376347236335e-06, 5.101362148707267e-06, 4.406803782330826e-06, 4.290873675927287e-06, 3.8067814784881193e-06, 3.252093392802635e-06, 3.654021611509961e-06, 3.95222468796419e-06, 4.663961590267718e-06, 3.5955583825852955e-06, 2.32083402806893e-06, 1.7680731616565026e-06, 1.7472386844019638e-06, 1.7286267848248826e-06, 1.5387735174954287e-06], "lowlevel.melbands.stdev": [0.011911619454622269, 0.005863079335540533, 0.0013050480047240853, 0.0012900662841275334, 0.0016113087767735124, 0.0006575897568836808, 0.0003376001550350338, 0.0008705177460797131, 0.0011371016735211015, 0.0005804744432680309, 0.0003469468792900443, 0.00021109376393724233, 0.0003361789567861706, 0.00029561668634414673, 0.00015359121607616544, 0.0002517367829568684, 0.00031827681232243776, 0.00033839629031717777, 0.0002778487978503108, 0.00023108192544896156, 7.267288310686126e-05, 2.775959910650272e-05, 1.9276187231298536e-05, 1.558065014251042e-05, 1.209727179229958e-05, 1.0873012797674164e-05, 9.377074093208648e-06, 7.54455641072127e-06, 8.140538739098702e-06, 6.749515250703553e-06, 5.427043106465135e-06, 5.864417289558332e-06, 5.656799658027012e-06, 5.9783724282169715e-06, 4.424224243848585e-06, 3.3494852686999366e-06, 2.6553618681646185e-06, 2.5315757739008404e-06, 2.552931391619495e-06, 2.2625977180723567e-06], "lowlevel.melbands128.mean": [0.0004793344996869564, 0.004372239578515291, 0.008275328204035759, 0.008194432593882084, 0.00600651977583766, 0.0033460811246186495, 0.0012916078558191657, 0.0009386091260239482, 0.0008662731270305812, 0.001036791829392314, 0.0011768006952479482, 0.0007532871095463634, 0.0008468615124002099, 0.0005474952631630003, 0.0005229053203947842, 0.00022868468658998609, 0.00010867827950278297, 0.00021667160035576671, 0.00033700058702379465, 0.00041931867599487305, 0.0005961695569567382, 0.00041467041592113674, 0.00044383303611539304, 0.00019422326295170933, 0.0003658334317151457, 0.0004782393516507, 0.00013364540063776076, 0.00021055997058283538, 8.651977259432897e-05, 0.0001344644115306437, 0.00012899610737804323, 8.626974886283278e-05, 0.00011835540499305353, 0.00033142874599434435, 8.72473101480864e-05, 0.00010703547741286457, 9.259556827601045e-05, 3.732892946572974e-05, 7.813693810021505e-05, 8.902044646674767e-05, 0.00010823103366419673, 2.557089101173915e-05, 9.403187141288072e-05, 0.00013819373270962387, 5.058127499069087e-05, 0.0001644048752496019, 0.00019982473168056458, 0.0001632087369216606, 4.311453449190594e-05, 3.136276427539997e-05, 0.00014822791854385287, 0.00010718811972765252, 3.0437478926614858e-05, 2.983032027259469e-05, 2.6061898097395897e-05, 1.6498817785759456e-05, 1.071562564902706e-05, 9.706721357360948e-06, 1.0069877134810667e-05, 8.757004252402112e-06, 6.424048933695303e-06, 6.49138746666722e-06, 8.39129734231392e-06, 6.185236088640522e-06, 5.267699634714518e-06, 5.977153250569245e-06, 5.838324341311818e-06, 5.0108915274904575e-06, 5.452094228530768e-06, 4.511171482590726e-06, 4.0622840060677845e-06, 4.665273081627674e-06, 4.173529760009842e-06, 4.467175131139811e-06, 3.95348160964204e-06, 4.2036635932163335e-06, 3.5297177873871988e-06, 3.1997838050301652e-06, 3.2727234611229505e-06, 3.1675547234044643e-06, 3.5071682304987917e-06, 3.912308329745429e-06, 3.923673375538783e-06, 3.728444653461338e-06, 4.217411969875684e-06, 4.662887931772275e-06, 4.8486281229997985e-06, 4.54054770671064e-06, 3.571660954548861e-06, 2.959123094115057e-06, 2.6274449282936985e-06, 2.2447175069828518e-06, 1.6132689779624343e-06, 1.7024979115376482e-06, 1.92477750715625e-06, 1.7145370065918542e-06, 1.6548568737562164e-06, 1.8488293562768376e-06, 1.6767351098678773e-06, 1.7181088196593919e-06, 1.7675474737188779e-06, 1.4422482763620792e-06, 1.39182179736963e-06, 1.2490039580370649e-06, 1.2199685670566396e-06, 1.0792343800858362e-06, 1.003520083031617e-06, 1.0364336731072399e-06, 8.291042945529625e-07, 6.784288189010113e-07, 6.599286734854104e-07, 6.260126497181773e-07, 5.87802958307293e-07, 4.3821418671541323e-07, 3.291912378244888e-07, 2.530278493395599e-07, 1.4081037136293162e-07, 2.527981735056528e-08, 2.2353994211243844e-09, 7.0476013913634e-11, 4.0521436900364805e-11, 2.0576165771224453e-11, 1.6262671764799563e-11, 1.5235684241998726e-11, 1.2742898750084386e-11, 8.949304838856698e-12, 6.9919851158894986e-12, 6.682378175110193e-12], "lowlevel.melbands128.stdev": [0.001421226654201746, 0.012235525995492935, 0.01863020658493042, 0.01187443733215332, 0.006826051510870457, 0.004487134981900454, 0.0019070734269917011, 0.0010821393225342035, 0.0015230217250064015, 0.0016924786614254117, 0.0018111070385202765, 0.00143351498991251, 0.002725328551605344, 0.001414881320670247, 0.0009030624642036855, 0.0003567402600310743, 0.0002405171253485605, 0.00040341494604945183, 0.0008277317974716425, 0.0008815162000246346, 0.001500687561929226, 0.0014578552218154073, 0.0018239632481709123, 0.0007408397505059838, 0.0007168143638409674, 0.0009508084040135145, 0.0003617824404500425, 0.0005808399291709065, 0.00021076072880532593, 0.0003429967910051346, 0.0002704635844565928, 0.0002025928406510502, 0.0002820506342686713, 0.0008612367091700435, 0.0003301574906799942, 0.0004303170135244727, 0.000328582595102489, 8.947973401518539e-05, 0.0003268486470915377, 0.00027546510682441294, 0.00044338576844893396, 7.111518061719835e-05, 0.000394137081457302, 0.0005273569258861244, 0.00023590466298628598, 0.0006300695822574198, 0.0005260478355921805, 0.0005814461037516594, 0.00013573920296039432, 8.667097426950932e-05, 0.0004331310628913343, 0.0002995750110130757, 7.880325574660674e-05, 5.410985977505334e-05, 4.471782813197933e-05, 3.422463487368077e-05, 2.2827554857940413e-05, 1.9638358935480937e-05, 2.7855161533807404e-05, 2.163970384572167e-05, 1.6667458112351596e-05, 1.4483826817013323e-05, 1.7013762771966867e-05, 1.2148346286267042e-05, 1.0421243132441305e-05, 1.2771280125889461e-05, 1.276923740078928e-05, 1.1392360647732858e-05, 1.1329805602144916e-05, 7.538499176007463e-06, 8.040275133680552e-06, 9.30164969759062e-06, 9.54921415541321e-06, 9.688713362265844e-06, 6.946935627638595e-06, 8.310818884638138e-06, 7.915020432847086e-06, 6.003489943395834e-06, 5.718293778045336e-06, 6.27677309239516e-06, 5.955576853011735e-06, 7.355331490543904e-06, 7.081718649715185e-06, 5.984693871141644e-06, 6.6442125898902304e-06, 6.738034244335722e-06, 7.156854280765401e-06, 6.277427928580437e-06, 4.527378223428968e-06, 4.421850462676957e-06, 4.307314156903885e-06, 3.741357204489759e-06, 2.6992788662028033e-06, 3.1025133466755506e-06, 2.982237901960616e-06, 2.6786017315316712e-06, 2.6808261281985324e-06, 3.3085173072322505e-06, 2.6915004127658904e-06, 2.6817958769242978e-06, 2.742378683251445e-06, 2.369820549574797e-06, 2.2103126866568346e-06, 2.2214067030290607e-06, 2.195309434682713e-06, 1.8051606502922368e-06, 1.8026026964435005e-06, 2.0375184703880223e-06, 1.5738910406071227e-06, 1.2801934872186393e-06, 1.2826619695260888e-06, 1.1179200782862608e-06, 1.083341089724854e-06, 9.213617317982425e-07, 6.926169362486689e-07, 5.574241299655114e-07, 3.2661731097505253e-07, 8.895064951275344e-08, 1.802674276518701e-08, 1.4802941095126698e-09, 6.220690074165702e-10, 1.5602553971039157e-10, 1.2963295714651935e-10, 1.1842961333830004e-10, 8.595753275830731e-11, 3.4623991174154156e-11, 1.2265906172703733e-11, 1.1032399820087857e-11], "lowlevel.mfcc.mean": [-615.6641845703125, 120.75955200195312, 13.543262481689453, 9.337060928344727, 9.088618278503418, 14.664168357849121, -4.547702312469482, 3.9702441692352295, 4.936716079711914, 4.410800933837891, -2.0750417709350586, -4.168992042541504, 3.4655368328094482], "lowlevel.spectral_contrast_coeffs.mean": [-0.6763546466827393, -0.717365026473999, -0.7412718534469604, -0.7628599405288696, -0.817973792552948, -0.7681287527084351], "lowlevel.spectral_contrast_coeffs.stdev": [0.08281561732292175, 0.07214251905679703, 0.06667167693376541, 0.06905824691057205, 0.027700275182724, 0.03293471038341522], "lowlevel.spectral_contrast_valleys.mean": [-6.44551944732666, -6.647836208343506, -7.218420505523682, -7.371150970458984, -7.534263610839844, -9.820870399475098], "lowlevel.spectral_contrast_valleys.stdev": [1.2189908027648926, 0.9004886150360107, 0.90318763256073, 0.8961877822875977, 0.8954110145568848, 1.042380928993225], "rhythm.beats_loudness_band_ratio.mean": [0.8322282433509827, 0.0649557113647461, 0.04894569143652916, 0.02338637411594391, 0.02555968426167965, 0.01015668548643589], "rhythm.beats_loudness_band_ratio.stdev": [0.2385609894990921, 0.1734040230512619, 0.1289122998714447, 0.03103710524737835, 0.0437922328710556, 0.006664300337433815], "tonal.hpcp.mean": [0.11725576221942902, 0.10336323082447052, 0.17244945466518402, 0.3661460876464844, 0.27348750829696655, 0.05361396074295044, 0.030484195798635483, 0.03114135004580021, 0.1065698117017746, 0.21378697454929352, 0.14892858266830444, 0.032319337129592896, 0.0183882974088192, 0.01921866647899151, 0.0680314227938652, 0.16025663912296295, 0.1259227693080902, 0.04168730229139328, 0.03838084265589714, 0.03223927691578865, 0.029515182599425316, 0.031774841248989105, 0.031372424215078354, 0.19370704889297485, 0.4045524597167969, 0.24940814077854156, 0.028911232948303223, 0.013242639601230621, 0.01639612205326557, 0.06454602628946304, 0.129803866147995, 0.09381987899541855, 0.03480110689997673, 0.030596556141972542, 0.040351685136556625, 0.08473505824804306], "tonal.hpcp.stdev": [0.23206764459609985, 0.20385438203811646, 0.24073854088783264, 0.40106651186943054, 0.3312934637069702, 0.14958271384239197, 0.12570498883724213, 0.12308049201965332, 0.1909995973110199, 0.3135191798210144, 0.23016247153282166, 0.10673181712627411, 0.06885689496994019, 0.0858316496014595, 0.14595595002174377, 0.29084113240242004, 0.24917063117027283, 0.12777894735336304, 0.14551348984241486, 0.12488915026187897, 0.11077898740768433, 0.10686969012022018, 0.10736016929149628, 0.23107285797595978, 0.40203139185905457, 0.2685874402523041, 0.10293330997228622, 0.059340350329875946, 0.08219768106937408, 0.14511772990226746, 0.2643233835697174, 0.1965392380952835, 0.12587207555770874, 0.12222431600093842, 0.1504475325345993, 0.20296037197113037], "rhythm.beats_position": [0.5572788715362549, 1.1493877172470093, 1.7414965629577637, 2.345215320587158, 2.9605441093444824, 3.599092960357666, 4.23764181137085, 4.876190185546875, 5.503129005432129, 6.153287887573242, 6.791836738586426, 7.430385589599609, 8.057324409484863, 8.707483291625977, 9.346031188964844, 9.984580039978027, 10.611518859863281, 11.261677742004395, 11.888616561889648, 12.538775444030762, 13.177324295043945, 13.815873146057129, 14.442811965942383, 15.09296989440918, 15.719908714294434, 16.370067596435547, 16.997007369995117, 17.647165298461914, 18.27410316467285, 18.91265296936035, 19.55120086669922, 20.18975067138672, 20.828298568725586, 21.466848373413086, 22.105396270751953, 22.743946075439453, 23.38249397277832, 24.021041870117188, 24.659591674804688, 25.298139572143555, 25.936689376831055, 26.575237274169922, 27.213787078857422, 27.85233497619629, 28.49088478088379, 29.129432678222656, 29.767980575561523, 30.394920349121094], "rhythm.bpm_histogram": [0.0, 0.0, 0.0, 0.0, 0.0, 0.0, 0.0, 0.0, 0.0, 0.0, 0.0, 0.0, 0.0, 0.0, 0.0, 0.0, 0.0, 0.0, 0.0, 0.0, 0.0, 0.0, 0.0, 0.0, 0.0, 0.0, 0.0, 0.0, 0.0, 0.0, 0.0, 0.0, 0.0, 0.0, 0.0, 0.0, 0.0, 0.0, 0.0, 0.0, 0.0, 0.0, 0.0, 0.0, 0.0, 0.0, 0.0, 0.0, 0.0, 0.0, 0.0, 0.0, 0.0, 0.0, 0.0, 0.0, 0.0, 0.0, 0.0, 0.0, 0.0, 0.0, 0.0, 0.0, 0.0, 0.0, 0.0, 0.0, 0.0, 0.0, 0.0, 0.0, 0.0, 0.0, 0.0, 0.0, 0.0, 0.0, 0.0, 0.0, 0.0, 0.0, 0.0, 0.0, 0.0, 0.0, 0.0, 0.0, 0.0, 0.0, 0.0, 0.0, 0.1489361673593521, 0.0, 0.5744680762290955, 0.0, 0.19148936867713928, 0.0, 0.021276595070958138, 0.021276595070958138, 0.0, 0.042553190141916275, 0.0, 0.0, 0.0, 0.0, 0.0, 0.0, 0.0, 0.0, 0.0, 0.0, 0.0, 0.0, 0.0, 0.0, 0.0, 0.0, 0.0, 0.0, 0.0, 0.0, 0.0, 0.0, 0.0, 0.0, 0.0, 0.0, 0.0, 0.0, 0.0, 0.0, 0.0, 0.0, 0.0, 0.0, 0.0, 0.0, 0.0, 0.0, 0.0, 0.0, 0.0, 0.0, 0.0, 0.0, 0.0, 0.0, 0.0, 0.0, 0.0, 0.0, 0.0, 0.0, 0.0, 0.0, 0.0, 0.0, 0.0, 0.0, 0.0, 0.0, 0.0, 0.0, 0.0, 0.0, 0.0, 0.0, 0.0, 0.0, 0.0, 0.0, 0.0, 0.0, 0.0, 0.0, 0.0, 0.0, 0.0, 0.0, 0.0, 0.0, 0.0, 0.0, 0.0, 0.0, 0.0, 0.0, 0.0, 0.0, 0.0, 0.0, 0.0, 0.0, 0.0, 0.0, 0.0, 0.0, 0.0, 0.0, 0.0, 0.0, 0.0, 0.0, 0.0, 0.0, 0.0, 0.0, 0.0, 0.0, 0.0, 0.0, 0.0, 0.0, 0.0, 0.0, 0.0, 0.0, 0.0, 0.0, 0.0, 0.0, 0.0, 0.0, 0.0, 0.0, 0.0, 0.0, 0.0, 0.0, 0.0, 0.0, 0.0, 0.0, 0.0, 0.0, 0.0, 0.0, 0.0, 0.0, 0.0, 0.0, 0.0, 0.0, 0.0, 0.0, 0.0, 0.0, 0.0, 0.0], "tonal.chords_histogram": [64.41441345214844, 0.9009009003639221, 19.66967010498047, 0.0, 5.105104923248291, 0.0, 1.3513513803482056, 0.0, 0.0, 0.0, 0.0, 0.0, 0.0, 0.0, 0.0, 0.0, 0.0, 2.2522523403167725, 0.0, 5.255255222320557, 0.0, 1.0510510206222534, 0.0, 0.0], "tonal.thpcp": [1.0, 0.6165038347244263, 0.07146473228931427, 0.03273404762148857, 0.0405290387570858, 0.15954920649528503, 0.3208579421043396, 0.23191028833389282, 0.0860237181186676, 0.07563062757253647, 0.09974401444196701, 0.20945382118225098, 0.2898406982421875, 0.2555001974105835, 0.4262721836566925, 0.9050645232200623, 0.676024854183197, 0.13252659142017365, 0.07535288482904434, 0.07697728276252747, 0.26342642307281494, 0.5284530520439148, 0.36813169717788696, 0.07988911122083664, 0.04545343294739723, 0.04750599339604378, 0.16816465556621552, 0.396133154630661, 0.31126436591148376, 0.10304547846317291, 0.09487234801054001, 0.07969121634960175, 0.0729576125741005, 0.07854319363832474, 0.07754846662282944, 0.4788181185722351], "lowlevel.gfcc.cov": [[6842.236328125, -371.29150390625, 847.416748046875, 402.96844482421875, 481.0729064941406, 583.3546142578125, 162.76368713378906, 441.7232971191406, 166.0524444580078, 262.7815246582031, -290.9117736816406, 108.69171142578125, -182.3177947998047], [-371.29150390625, 884.4752807617188, -124.7952651977539, 31.008947372436523, 12.92138957977295, -18.14849853515625, 58.70307922363281, -124.55389404296875, 102.98235321044922, -50.84364318847656, 98.95521545410156, -138.95433044433594, 67.331787109375], [847.416748046875, -124.7952651977539, 762.4699096679688, 264.6673889160156, 236.0994873046875, 187.62020874023438, 113.96090698242188, 189.85699462890625, 40.153900146484375, 92.56659698486328, 1.7816252708435059, 120.01990509033203, -57.614707946777344], [402.96844482421875, 31.008947372436523, 264.6673889160156, 346.5102844238281, 198.97323608398438, 86.43912506103516, 50.40694808959961, 92.3493881225586, 107.69584655761719, 57.97986602783203, 4.186137676239014, 41.55137634277344, 38.352447509765625], [481.0729064941406, 12.92138957977295, 236.0994873046875, 198.97323608398438, 357.1001281738281, 238.63365173339844, 144.48777770996094, 121.03387451171875, 152.75267028808594, 121.85602569580078, -15.348527908325195, 9.091426849365234, 7.0812530517578125], [583.3546142578125, -18.14849853515625, 187.62020874023438, 86.43912506103516, 238.63365173339844, 337.8049621582031, 183.43231201171875, 113.23567962646484, 87.0223617553711, 103.67176818847656, -8.612932205200195, -9.911955833435059, -29.240482330322266], [162.76368713378906, 58.70307922363281, 113.96090698242188, 50.40694808959961, 144.48777770996094, 183.43231201171875, 226.814208984375, 105.92259216308594, 48.48838424682617, 53.489341735839844, 31.49519157409668, -5.900267601013184, -30.160429000854492], [441.7232971191406, -124.55389404296875, 189.85699462890625, 92.3493881225586, 121.03387451171875, 113.23567962646484, 105.92259216308594, 184.55270385742188, 76.16188049316406, 60.14091873168945, -23.31719207763672, 38.160850524902344, -32.444602966308594], [166.0524444580078, 102.98235321044922, 40.153900146484375, 107.69584655761719, 152.75267028808594, 87.0223617553711, 48.48838424682617, 76.16188049316406, 205.1236572265625, 93.2469711303711, -14.745301246643066, -27.093185424804688, 27.338571548461914], [262.7815246582031, -50.84364318847656, 92.56659698486328, 57.97986602783203, 121.85602569580078, 103.67176818847656, 53.489341735839844, 60.14091873168945, 93.2469711303711, 120.58309936523438, 9.70051097869873, 12.176806449890137, -4.763073444366455], [-290.9117736816406, 98.95521545410156, 1.7816252708435059, 4.186137676239014, -15.348527908325195, -8.612932205200195, 31.49519157409668, -23.31719207763672, -14.745301246643066, 9.70051097869873, 109.32318878173828, 23.88821792602539, 15.123149871826172], [108.69171142578125, -138.95433044433594, 120.01990509033203, 41.55137634277344, 9.091426849365234, -9.911955833435059, -5.900267601013184, 38.160850524902344, -27.093185424804688, 12.176806449890137, 23.88821792602539, 101.78311920166016, 15.808906555175781], [-182.3177947998047, 67.331787109375, -57.614707946777344, 38.352447509765625, 7.0812530517578125, -29.240482330322266, -30.160429000854492, -32.444602966308594, 27.338571548461914, -4.763073444366455, 15.123149871826172, 15.808906555175781, 95.8675308227539]], "lowlevel.gfcc.icov": [[0.00026278241421096027, -0.0002958456170745194, 4.464465018827468e-05, -0.00023580693232361227, 0.0001495648466516286, -0.00046382262371480465, 0.00036370177986100316, -0.0004126631829421967, 0.0004256438696756959, -0.0006512686959467828, 0.0009569937828928232, -0.0006268367869779468, 0.00044961203821003437], [-0.0002958456170745194, 0.0034793084487318993, -0.001051221857778728, 0.00032990265754051507, -0.00015079003060236573, 0.0009400907438248396, -0.0019401605241000652, 0.0028036150615662336, -0.0035955002531409264, 0.004113419912755489, -0.004384706728160381, 0.005008666310459375, -0.0020382751245051622], [4.464465018827468e-05, -0.001051221857778728, 0.003368727397173643, -0.0017741232877597213, -0.0006975282449275255, -0.0009139027679339051, 0.0010060833301395178, -0.0017694983398541808, 0.0018302507232874632, -0.0013182252878323197, 0.0010977190686389804, -0.004109060391783714, 0.0029649618081748486], [-0.00023580693232361227, 0.00032990265754051507, -0.0017741232877597213, 0.006405400112271309, -0.0030027071479707956, 0.0013824673369526863, 0.0004331754462327808, -0.0007053093868307769, -0.001831820234656334, 0.0022942291107028723, -0.001995266182348132, 0.0010420656763017178, -0.002988573396578431], [0.0001495648466516286, -0.00015079003060236573, -0.0006975282449275255, -0.0030027071479707956, 0.010164418257772923, -0.003921888303011656, -0.0022522329818457365, 0.0014236593851819634, -0.002688143402338028, -0.0030867080204188824, 0.0030004982836544514, -0.0012193116126582026, -0.0006604072405025363], [-0.00046382262371480465, 0.0009400907438248396, -0.0009139027679339051, 0.0013824673369526863, -0.003921888303011656, 0.00962819717824459, -0.005168999079614878, 0.0008824166725389659, 0.0005747761460952461, -0.0018478697165846825, -0.0005947229801677167, 0.0036988200154155493, -0.0015176800079643726], [0.00036370177986100316, -0.0019401605241000652, 0.0010060833301395178, 0.0004331754462327808, -0.0022522329818457365, -0.005168999079614878, 0.01360738929361105, -0.008314581587910652, 0.0037693262565881014, -0.0003913057444151491, -0.0036209055688232183, 0.0008107494795694947, 0.0018856462556868792], [-0.0004126631829421967, 0.0028036150615662336, -0.0017694983398541808, -0.0007053093868307769, 0.0014236593851819634, 0.0008824166725389659, -0.008314581587910652, 0.01809675619006157, -0.00917882937937975, 0.0037814911920577288, 0.001892100553959608, -0.004532021004706621, 0.0033918058034032583], [0.0004256438696756959, -0.0035955002531409264, 0.0018302507232874632, -0.001831820234656334, -0.002688143402338028, 0.0005747761460952461, 0.0037693262565881014, -0.00917882937937975, 0.01813177950680256, -0.012654134072363377, 0.004429685417562723, 0.003007035469636321, -0.003373165614902973], [-0.0006512686959467828, 0.004113419912755489, -0.0013182252878323197, 0.0022942291107028723, -0.0030867080204188824, -0.0018478697165846825, -0.0003913057444151491, 0.0037814911920577288, -0.012654134072363377, 0.02481483295559883, -0.009531458839774132, 0.0013114461908116937, 0.0011122212745249271], [0.0009569937828928232, -0.004384706728160381, 0.0010977190686389804, -0.001995266182348132, 0.0030004982836544514, -0.0005947229801677167, -0.0036209055688232183, 0.001892100553959608, 0.004429685417562723, -0.009531458839774132, 0.021235043182969093, -0.011755844578146935, 0.002307604532688856], [-0.0006268367869779468, 0.005008666310459375, -0.004109060391783714, 0.0010420656763017178, -0.0012193116126582026, 0.0036988200154155493, 0.0008107494795694947, -0.004532021004706621, 0.003007035469636321, 0.0013114461908116937, -0.011755844578146935, 0.029140420258045197, -0.011399958282709122], [0.00044961203821003437, -0.0020382751245051622, 0.0029649618081748486, -0.002988573396578431, -0.0006604072405025363, -0.0015176800079643726, 0.0018856462556868792, 0.0033918058034032583, -0.003373165614902973, 0.0011122212745249271, 0.002307604532688856, -0.011399958282709122, 0.01955523155629635]], "lowlevel.mfcc.cov": [[4885.64111328125, -237.36529541015625, 440.7437438964844, 171.57421875, 444.3273010253906, 316.6588439941406, 152.65936279296875, 238.42703247070312, 395.01971435546875, 306.86639404296875, 139.31283569335938, 55.41314697265625, 106.0419921875], [-237.36529541015625, 625.5037231445312, -14.5562162399292, -10.259324073791504, -36.772674560546875, 58.504295349121094, 4.285581588745117, -39.33943176269531, -12.32058334350586, 9.317614555358887, 29.869905471801758, 26.10828399658203, 13.878847122192383], [440.7437438964844, -14.5562162399292, 450.93505859375, 151.00027465820312, 148.63006591796875, 55.275089263916016, 94.41417694091797, 100.08895111083984, 37.69655227661133, 19.022220611572266, 46.038108825683594, 59.81612014770508, 37.68886184692383], [171.57421875, -10.259324073791504, 151.00027465820312, 283.00238037109375, 139.87615966796875, 27.09320068359375, -2.7013800144195557, 42.2945556640625, 68.9362564086914, 7.281093597412109, 9.574089050292969, 49.056190490722656, 58.813411712646484], [444.3273010253906, -36.772674560546875, 148.63006591796875, 139.87615966796875, 275.2918395996094, 151.9042510986328, 33.82763671875, 64.49301147460938, 141.3592529296875, 112.06961059570312, 50.28239440917969, 29.38157844543457, 71.32380676269531], [316.6588439941406, 58.504295349121094, 55.275089263916016, 27.09320068359375, 151.9042510986328, 249.14056396484375, 110.5541763305664, 49.24813461303711, 121.33914947509766, 118.661376953125, 79.9970932006836, 35.12179183959961, 38.38572692871094], [152.65936279296875, 4.285581588745117, 94.41417694091797, -2.7013800144195557, 33.82763671875, 110.5541763305664, 222.21160888671875, 109.26727294921875, 25.982511520385742, 53.29200744628906, 67.84793853759766, 44.177310943603516, -1.798392415046692], [238.42703247070312, -39.33943176269531, 100.08895111083984, 42.2945556640625, 64.49301147460938, 49.24813461303711, 109.26727294921875, 144.41513061523438, 74.341552734375, 56.13813400268555, 49.309425354003906, 36.7106819152832, 25.11131477355957], [395.01971435546875, -12.32058334350586, 37.69655227661133, 68.9362564086914, 141.3592529296875, 121.33914947509766, 25.982511520385742, 74.341552734375, 207.71522521972656, 134.29136657714844, 61.75214385986328, 33.7133674621582, 59.38430404663086], [306.86639404296875, 9.317614555358887, 19.022220611572266, 7.281093597412109, 112.06961059570312, 118.661376953125, 53.29200744628906, 56.13813400268555, 134.29136657714844, 169.06741333007812, 84.63603210449219, 24.808570861816406, 33.40050506591797], [139.31283569335938, 29.869905471801758, 46.038108825683594, 9.574089050292969, 50.28239440917969, 79.9970932006836, 67.84793853759766, 49.309425354003906, 61.75214385986328, 84.63603210449219, 113.7567367553711, 60.07926559448242, 25.364572525024414], [55.41314697265625, 26.10828399658203, 59.81612014770508, 49.056190490722656, 29.38157844543457, 35.12179183959961, 44.177310943603516, 36.7106819152832, 33.7133674621582, 24.808570861816406, 60.07926559448242, 107.39653778076172, 49.391300201416016], [106.0419921875, 13.878847122192383, 37.68886184692383, 58.813411712646484, 71.32380676269531, 38.38572692871094, -1.798392415046692, 25.11131477355957, 59.38430404663086, 33.40050506591797, 25.364572525024414, 49.391300201416016, 96.81399536132812]], "lowlevel.mfcc.icov": [[0.0002746411191765219, 8.530912600690499e-05, -0.00022749431082047522, 8.80369552760385e-05, -0.00010369061055826023, -9.107189544010907e-05, 5.12637707288377e-05, -9.58135788096115e-05, -0.00030279220663942397, -0.00015297799836844206, 8.557221008231863e-05, 5.3877232858212665e-05, 4.89341291540768e-05], [8.530912600690499e-05, 0.0018502197926864028, -0.0002349434798816219, -0.0002557107654865831, 0.0010028257966041565, -0.0011073142522946, 0.0003122356138192117, 0.0004827957309316844, 0.0002801557129714638, -0.0003434546524658799, -0.0002787503181025386, -9.059198055183515e-05, -0.0004651615454349667], [-0.00022749431082047522, -0.0002349434798816219, 0.003894117660820484, -0.0009591417037881911, -0.002283133566379547, 0.0007963372627273202, -0.0009081997559405863, -0.0013487434480339289, 0.0011309079127386212, 0.0012363751884549856, -0.0008164584869518876, -0.00079290138091892, 0.0005469999741762877], [8.80369552760385e-05, -0.0002557107654865831, -0.0009591417037881911, 0.006491301581263542, -0.003665168071165681, 0.001543983118608594, 2.1172285414650105e-05, 5.208499715081416e-05, -0.0021392805501818657, 0.00278744800016284, 0.000558628118596971, -0.0020989826880395412, -0.00027988391229882836], [-0.00010369061055826023, 0.0010028257966041565, -0.002283133566379547, -0.003665168071165681, 0.012417101301252842, -0.0059814453125, 0.0028536024037748575, -0.0013991270679980516, 4.792106119566597e-05, -0.004358802922070026, 0.0014438641956076026, 0.002358605619519949, -0.003382330294698477], [-9.107189544010907e-05, -0.0011073142522946, 0.0007963372627273202, 0.001543983118608594, -0.0059814453125, 0.012509124353528023, -0.007230326998978853, 0.005583480000495911, -0.004440957214683294, 0.0003699036897160113, -0.0024074423126876354, 0.0005057051894254982, -0.00015600718325003982], [5.12637707288377e-05, 0.0003122356138192117, -0.0009081997559405863, 2.1172285414650105e-05, 0.0028536024037748575, -0.007230326998978853, 0.01333399023860693, -0.009967474266886711, 0.0051866681315004826, -0.0017725614598020911, -0.00047977472422644496, -0.002209536964073777, 0.0025203058030456305], [-9.58135788096115e-05, 0.0004827957309316844, -0.0013487434480339289, 5.208499715081416e-05, -0.0013991270679980516, 0.005583480000495911, -0.009967474266886711, 0.018276792019605637, -0.006943004205822945, 0.0009630979038774967, -0.0017283905763179064, 0.0007119370857253671, -0.0015635315794497728], [-0.00030279220663942397, 0.0002801557129714638, 0.0011309079127386212, -0.0021392805501818657, 4.792106119566597e-05, -0.004440957214683294, 0.0051866681315004826, -0.006943004205822945, 0.016486823558807373, -0.009284928441047668, 0.0020403487142175436, -0.0010837494628503919, -0.0021176564041525126], [-0.00015297799836844206, -0.0003434546524658799, 0.0012363751884549856, 0.00278744800016284, -0.004358802922070026, 0.0003699036897160113, -0.0017725614598020911, 0.0009630979038774967, -0.009284928441047668, 0.020951783284544945, -0.010651107877492905, 0.0035903993993997574, 0.00024967556237243116], [8.557221008231863e-05, -0.0002787503181025386, -0.0008164584869518876, 0.000558628118596971, 0.0014438641956076026, -0.0024074423126876354, -0.00047977472422644496, -0.0017283905763179064, 0.0020403487142175436, -0.010651107877492905, 0.023118311539292336, -0.010655263438820839, 0.0020571285858750343], [5.3877232858212665e-05, -9.059198055183515e-05, -0.00079290138091892, -0.0020989826880395412, 0.002358605619519949, 0.0005057051894254982, -0.002209536964073777, 0.0007119370857253671, -0.0010837494628503919, 0.0035903993993997574, -0.010655263438820839, 0.019990619271993637, -0.008606935851275921], [4.89341291540768e-05, -0.0004651615454349667, 0.0005469999741762877, -0.00027988391229882836, -0.003382330294698477, -0.00015600718325003982, 0.0025203058030456305, -0.0015635315794497728, -0.0021176564041525126, 0.00024967556237243116, 0.0020571285858750343, -0.008606935851275921, 0.018370090052485466]], "metadata.audio_properties.analysis.downmix": "mix", "metadata.audio_properties.codec": "mp3", "metadata.audio_properties.md5_encoded": "930e3c584a6ff3e54e9bd3919ef6c539", "metadata.tags.file_name": "1182277805384417301.mp3", "metadata.version.essentia": "2.1-beta6-dev", "metadata.version.essentia_git_sha": "v2.1_beta5-1110-g77a6a954", "metadata.version.extractor": "music 2.0", "tonal.chords_key": "Bb", "tonal.chords_scale": "major", "tonal.key_edma.key": "Bb", "tonal.key_edma.scale": "major", "tonal.key_krumhansl.key": "Bb", "tonal.key_krumhansl.scale": "major", "tonal.key_temperley.key": "Bb", "tonal.key_temperley.scale": "major", "metadata.tags.encoding": ["Lavf58.45.100"]}, "essentia_models": [{"model_name": "genre_dortmund", "activations": {"alternative": "0.037690725", "blues": "0.0110842", "electronic": "0.04460005", "folkcountry": "0.03497748", "funksoulrnb": "0.07178392", "jazz": "0.10296114", "pop": "0.34229165", "raphiphop": "0.008576317", 