{"song_id": "1182279044214042684", "download": "https://cdn.discordapp.com/attachments/1128313332273782784/1182279044214042684/chirp.mp4?ex=65841e29&amp", "lyrics": "Innocence is\nYou playing the victim\nWhen you victimless\nLoose lips sink ships \nAnd we're in a wreck", "style": ["fast female vocal rnb"], "essentia_features": {"lowlevel.average_loudness": 0.9864332675933838, "lowlevel.barkbands_crest.mean": 10.449713706970215, "lowlevel.barkbands_crest.stdev": 4.463162899017334, "lowlevel.barkbands_flatness_db.mean": 0.12785281240940094, "lowlevel.barkbands_flatness_db.stdev": 0.03393813222646713, "lowlevel.barkbands_kurtosis.mean": 1.9322137832641602, "lowlevel.barkbands_kurtosis.stdev": 4.2744598388671875, "lowlevel.barkbands_skewness.mean": 1.364668607711792, "lowlevel.barkbands_skewness.stdev": 0.9893389940261841, "lowlevel.barkbands_spread.mean": 36.74882507324219, "lowlevel.barkbands_spread.stdev": 21.326173782348633, "lowlevel.dissonance.mean": 0.47209808230400085, "lowlevel.dissonance.stdev": 0.023323722183704376, "lowlevel.dynamic_complexity": 1.1822038888931274, "lowlevel.erbbands_crest.mean": 9.569039344787598, "lowlevel.erbbands_crest.stdev": 4.669323921203613, "lowlevel.erbbands_flatness_db.mean": 0.1379547417163849, "lowlevel.erbbands_flatness_db.stdev": 0.03360334038734436, "lowlevel.erbbands_kurtosis.mean": 0.30036461353302, "lowlevel.erbbands_kurtosis.stdev": 1.6218411922454834, "lowlevel.erbbands_skewness.mean": -0.22877031564712524, "lowlevel.erbbands_skewness.stdev": 0.8255010843276978, "lowlevel.erbbands_spread.mean": 46.10883712768555, "lowlevel.erbbands_spread.stdev": 18.337434768676758, "lowlevel.hfc.mean": 40.19375991821289, "lowlevel.hfc.stdev": 20.554359436035156, "lowlevel.loudness_ebu128.integrated": -10.569717407226562, "lowlevel.loudness_ebu128.loudness_range": 0.36923694610595703, "lowlevel.loudness_ebu128.momentary.mean": -10.595751762390137, "lowlevel.loudness_ebu128.momentary.stdev": 0.47989606857299805, "lowlevel.loudness_ebu128.short_term.mean": -10.572114944458008, "lowlevel.loudness_ebu128.short_term.stdev": 0.11110389977693558, "lowlevel.melbands_crest.mean": 18.210552215576172, "lowlevel.melbands_crest.stdev": 5.134744644165039, "lowlevel.melbands_flatness_db.mean": 0.18006743490695953, "lowlevel.melbands_flatness_db.stdev": 0.04339299350976944, "lowlevel.melbands_kurtosis.mean": 14.590489387512207, "lowlevel.melbands_kurtosis.stdev": 17.011491775512695, "lowlevel.melbands_skewness.mean": 3.1273584365844727, "lowlevel.melbands_skewness.stdev": 1.7763056755065918, "lowlevel.melbands_spread.mean": 30.31453514099121, "lowlevel.melbands_spread.stdev": 18.229736328125, "lowlevel.pitch_salience.mean": 0.46825653314590454, "lowlevel.pitch_salience.stdev": 0.10130095481872559, "lowlevel.silence_rate_20dB.mean": 1.0, "lowlevel.silence_rate_20dB.stdev": 0.0, "lowlevel.silence_rate_30dB.mean": 0.9897119402885437, "lowlevel.silence_rate_30dB.stdev": 0.10090706497430801, "lowlevel.silence_rate_60dB.mean": 0.004115226212888956, "lowlevel.silence_rate_60dB.stdev": 0.06401783972978592, "lowlevel.spectral_centroid.mean": 1851.0008544921875, "lowlevel.spectral_centroid.stdev": 642.5325317382812, "lowlevel.spectral_complexity.mean": 26.487653732299805, "lowlevel.spectral_complexity.stdev": 8.047369003295898, "lowlevel.spectral_decrease.mean": -1.1373384012358656e-08, "lowlevel.spectral_decrease.stdev": 5.375146550079535e-09, "lowlevel.spectral_energy.mean": 0.046571481972932816, "lowlevel.spectral_energy.stdev": 0.020142812281847, "lowlevel.spectral_energyband_high.mean": 0.002600277541205287, "lowlevel.spectral_energyband_high.stdev": 0.0029294544365257025, "lowlevel.spectral_energyband_low.mean": 0.023046592250466347, "lowlevel.spectral_energyband_low.stdev": 0.020292848348617554, "lowlevel.spectral_energyband_middle_high.mean": 0.007588401902467012, "lowlevel.spectral_energyband_middle_high.stdev": 0.005559523124247789, "lowlevel.spectral_energyband_middle_low.mean": 0.013963841833174229, "lowlevel.spectral_energyband_middle_low.stdev": 0.01279557403177023, "lowlevel.spectral_entropy.mean": 7.928563594818115, "lowlevel.spectral_entropy.stdev": 0.32014644145965576, "lowlevel.spectral_flux.mean": 0.10752765834331512, "lowlevel.spectral_flux.stdev": 0.050721414387226105, "lowlevel.spectral_kurtosis.mean": 2.395688056945801, "lowlevel.spectral_kurtosis.stdev": 1.3272846937179565, "lowlevel.spectral_rms.mean": 0.00659153750166297, "lowlevel.spectral_rms.stdev": 0.0014096798840910196, "lowlevel.spectral_rolloff.mean": 2106.35546875, "lowlevel.spectral_rolloff.stdev": 2125.31103515625, "lowlevel.spectral_skewness.mean": 1.1511588096618652, "lowlevel.spectral_skewness.stdev": 0.2940300703048706, "lowlevel.spectral_spread.mean": 5339151.5, "lowlevel.spectral_spread.stdev": 1585487.75, "lowlevel.spectral_strongpeak.mean": 1.104708194732666, "lowlevel.spectral_strongpeak.stdev": 1.304064393043518, "lowlevel.zerocrossingrate.mean": 0.0759548619389534, "lowlevel.zerocrossingrate.stdev": 0.040505994111299515, "metadata.audio_properties.analysis.equal_loudness": 0.0, "metadata.audio_properties.analysis.length": 11.242652893066406, "metadata.audio_properties.analysis.sample_rate": 44100.0, "metadata.audio_properties.analysis.start_time": 0.0, "metadata.audio_properties.bit_rate": 117957.0, "metadata.audio_properties.length": 11.242666244506836, "metadata.audio_properties.lossless": 0.0, "metadata.audio_properties.number_channels": 1.0, "metadata.audio_properties.replay_gain": -14.402523040771484, "metadata.audio_properties.sample_rate": 48000.0, "rhythm.beats_count": 22.0, "rhythm.beats_loudness.mean": 0.057982269674539566, "rhythm.beats_loudness.stdev": 0.019098835065960884, "rhythm.bpm": 118.32279205322266, "rhythm.bpm_histogram_first_peak_bpm": 117.0, "rhythm.bpm_histogram_first_peak_weight": 0.42105257511138916, "rhythm.bpm_histogram_second_peak_bpm": 123.0, "rhythm.bpm_histogram_second_peak_spread": 0.0, "rhythm.bpm_histogram_second_peak_weight": 0.095238097012043, "rhythm.danceability": 1.924717903137207, "rhythm.onset_rate": 3.3742752075195312, "tonal.chords_changes_rate": 0.08196721225976944, "tonal.chords_number_rate": 0.032786883413791656, "tonal.chords_strength.mean": 0.49428611993789673, "tonal.chords_strength.stdev": 0.058296989649534225, "tonal.hpcp_crest.mean": 13.810300827026367, "tonal.hpcp_crest.stdev": 6.455711841583252, "tonal.hpcp_entropy.mean": 1.9812628030776978, "tonal.hpcp_entropy.stdev": 0.8188046216964722, "tonal.key_edma.strength": 0.6091312170028687, "tonal.key_krumhansl.strength": 0.5989135503768921, "tonal.key_temperley.strength": 0.5850948691368103, "tonal.tuning_diatonic_strength": 0.612460196018219, "tonal.tuning_equal_tempered_deviation": 0.0729430541396141, "tonal.tuning_frequency": 437.9714660644531, "tonal.tuning_nontempered_energy_ratio": 0.7456637620925903, "lowlevel.barkbands.mean": [0.0009115280699916184, 0.014731115661561489, 0.007210226263850927, 0.0012195769231766462, 0.0044067054986953735, 0.002197651658207178, 0.0005401631933636963, 0.0025243833661079407, 0.0021741981618106365, 0.0018406250746920705, 0.0005808728164993227, 0.0002589938521850854, 0.00028308317996561527, 0.00020785423112101853, 0.0010306964395567775, 0.001707170158624649, 0.0007871672860346735, 0.0006241453229449689, 0.0005520957638509572, 0.0003819845733232796, 0.0004449930274859071, 0.00042811574530787766, 0.000714765046723187, 0.00048536123358644545, 0.0002360222424613312, 9.163813956547529e-05, 3.4750920008264075e-07], "lowlevel.barkbands.stdev": [0.0012188664404675364, 0.01896226964890957, 0.005260028410702944, 0.0016190538881346583, 0.009673504158854485, 0.003972153645008802, 0.0017346054082736373, 0.004722705110907555, 0.004824960604310036, 0.004487442784011364, 0.001939836423844099, 0.0003708795993588865, 0.0004674372321460396, 0.0003655378532130271, 0.00141822244040668, 0.002227066783234477, 0.0007894117152318358, 0.0005310901324264705, 0.0003881552256643772, 0.0002873956400435418, 0.0003678143257275224, 0.0005271460977382958, 0.0011608180357143283, 0.0009114101412706077, 0.000391780020436272, 0.0001863283250713721, 1.5328525933000492e-06], "lowlevel.erbbands.mean": [0.3247474730014801, 3.5962226390838623, 9.75323486328125, 4.960742950439453, 12.610127449035645, 10.388520240783691, 20.277698516845703, 14.924822807312012, 9.695884704589844, 10.689591407775879, 69.21414947509766, 63.966583251953125, 56.98863220214844, 48.88263702392578, 16.90673828125, 11.8994140625, 11.488197326660156, 14.10551929473877, 46.05646896362305, 70.48289489746094, 77.09230041503906, 38.622684478759766, 32.158573150634766, 37.1931037902832, 21.083452224731445, 18.09349250793457, 18.67584228515625, 16.53151512145996, 15.502897262573242, 19.17749786376953, 19.16958999633789, 11.723184585571289, 7.31895637512207, 3.313910484313965, 1.358517050743103, 0.5783893465995789, 0.13262081146240234, 0.010830607265233994, 0.0002626703353598714, 7.2465292760171e-05], "lowlevel.erbbands.stdev": [0.6672712564468384, 4.172128200531006, 6.93618631362915, 4.09979248046875, 33.72195053100586, 22.48997688293457, 41.64493942260742, 37.279327392578125, 26.601133346557617, 17.935728073120117, 129.4512481689453, 133.41983032226562, 152.57054138183594, 118.96977233886719, 39.290802001953125, 17.63164520263672, 15.088031768798828, 21.37164878845215, 70.09912872314453, 85.66464233398438, 77.40070343017578, 34.25102233886719, 26.931289672851562, 27.901731491088867, 14.748440742492676, 13.630715370178223, 14.285682678222656, 17.155532836914062, 18.34251594543457, 27.706966400146484, 32.57210159301758, 22.198720932006836, 13.50528335571289, 5.315593242645264, 2.500182867050171, 1.2329941987991333, 0.2745673954486847, 0.02908506616950035, 0.0005516326637007296, 3.5340781323611736e-05], "lowlevel.gfcc.mean": [53.20138168334961, 63.69343566894531, -113.49514770507812, 59.502410888671875, -54.492496490478516, 29.158370971679688, -38.5374870300293, 24.879802703857422, -15.402020454406738, 0.6839984655380249, -25.2594051361084, -1.0397224426269531, -8.22253704071045], "lowlevel.melbands.mean": [0.0034916859585791826, 0.004871486686170101, 0.001118465675972402, 0.0009004229214042425, 0.000622764986474067, 0.0003411459329072386, 0.0001420222979504615, 0.0001606496807653457, 0.0005288777174428105, 0.00040104048093780875, 0.0002719213953241706, 0.00019690152839757502, 6.128442328190431e-05, 3.348082464071922e-05, 2.332916483283043e-05, 2.9325567084015347e-05, 2.2759331841371022e-05, 6.498849688796327e-05, 6.446448969654739e-05, 0.00014275047578848898, 7.779385487083346e-05, 4.344609988038428e-05, 2.9929580705356784e-05, 2.842786670953501e-05, 3.1285588192986324e-05, 1.5944067854434252e-05, 1.3173164916224778e-05, 1.1579181773413438e-05, 1.1604972314671613e-05, 1.0950823707389645e-05, 9.06504374142969e-06, 8.747631909500342e-06, 8.251120561908465e-06, 1.2257198250154033e-05, 1.204183809022652e-05, 8.557671208109241e-06, 6.679819307464641e-06, 5.5175646593852434e-06, 3.6657302189269103e-06, 2.5134415864158655e-06], "lowlevel.melbands.stdev": [0.005512334872037172, 0.0036604804918169975, 0.001327128498815, 0.002322648884728551, 0.0012214387534186244, 0.0007557268836535513, 0.00040402039303444326, 0.0002601816086098552, 0.000987368286587298, 0.0009094344568438828, 0.0007539471844211221, 0.0004882860812358558, 0.0001684476446826011, 4.657600948121399e-05, 3.7975907616782933e-05, 4.793978587258607e-05, 4.004266156698577e-05, 0.00010236481466563419, 8.151798829203472e-05, 0.00020931143080815673, 7.957712659845129e-05, 4.340400846558623e-05, 3.39527141477447e-05, 2.2570537112187594e-05, 2.555688661232125e-05, 1.202108251163736e-05, 1.0192702575295698e-05, 9.57264182943618e-06, 9.79423384706024e-06, 8.798962880973704e-06, 1.0991342605848331e-05, 1.0522539014345966e-05, 1.1272402844042517e-05, 1.8993960111401975e-05, 2.126818071701564e-05, 1.5652789443265647e-05, 1.3425038559944369e-05, 1.0684367225621827e-05, 6.1836690292693675e-06, 4.092842573300004e-06], "lowlevel.melbands128.mean": [0.0005200524465180933, 0.0022722522262483835, 0.004269454162567854, 0.006676513701677322, 0.006216105073690414, 0.0027420988772064447, 0.0008284354698844254, 0.0006240087677724659, 0.0015464361058548093, 0.001075244857929647, 0.0003430591314099729, 0.0005616296548396349, 0.0008922851993702352, 0.0004363254411146045, 0.000354635005351156, 0.000284714566078037, 0.0001534194452688098, 0.0001343901240034029, 0.00010359408042859286, 6.35663018329069e-05, 0.00011447978613432497, 0.000615084427408874, 0.0008074676734395325, 0.00012119678285671398, 0.00037047723890282214, 0.0006090794922783971, 0.00020096806110814214, 0.0003712922625709325, 0.00010526261758059263, 0.0002756514586508274, 0.00021339631348382682, 9.061495802598074e-05, 3.8526140997419134e-05, 6.058383951312862e-05, 2.143674464605283e-05, 3.4066215448547155e-05, 3.764095527003519e-05, 1.6090789358713664e-05, 2.1062984160380438e-05, 2.3226815756061114e-05, 3.2768330129329115e-05, 3.752443444682285e-05, 1.6780657460913062e-05, 2.2356138288159855e-05, 1.6246091036009602e-05, 7.876282325014472e-05, 0.00012819985568057746, 3.325603393022902e-05, 5.6604159908602014e-05, 8.351259748451412e-05, 0.00021865004964638501, 0.00012331960897427052, 5.933369175181724e-05, 7.457401807187125e-05, 7.453875878127292e-05, 3.3604308555368334e-05, 2.3138982214732096e-05, 3.172998913214542e-05, 3.330279650981538e-05, 2.5523924705339596e-05, 2.6768741008709185e-05, 2.6935960704577155e-05, 4.4642682041740045e-05, 3.039758485101629e-05, 1.5093608453753404e-05, 1.618145870452281e-05, 1.6416543076047674e-05, 1.1510630429256707e-05, 1.4089960131968837e-05, 1.2920150766149163e-05, 1.0741086043708492e-05, 1.1395719411666505e-05, 1.1275121323706117e-05, 1.1998301488347352e-05, 1.1247601833019871e-05, 1.2030877769575454e-05, 9.949465493264142e-06, 9.981071343645453e-06, 8.508196515322197e-06, 8.745208106120117e-06, 9.079308256332297e-06, 8.648005859868135e-06, 8.36404251458589e-06, 8.139531018969137e-06, 7.758521860523615e-06, 1.0682481843105052e-05, 1.3742785995418672e-05, 1.581612741574645e-05, 1.1872069990204182e-05, 9.716380191093776e-06, 9.154058716376312e-06, 8.74396300787339e-06, 6.72175065119518e-06, 6.575490260729566e-06, 6.753370143997017e-06, 5.7940437727665994e-06, 5.272620001051109e-06, 5.122853508510161e-06, 3.574487664081971e-06, 3.100888989138184e-06, 2.7995865821139887e-06, 2.5609963358874666e-06, 1.9803915165539365e-06, 1.6291870679197018e-06, 1.4220589719116106e-06, 1.325229504800518e-06, 1.329862243437674e-06, 1.1991463679805747e-06, 1.0308275477655116e-06, 8.375619131584244e-07, 6.059735255803389e-07, 4.5576780394185334e-07, 4.297395150842931e-07, 2.782574881621258e-07, 1.7852582345767587e-07, 1.0725382537657424e-07, 1.7292366649712676e-08, 5.034098138345655e-10, 9.834221978421986e-12, 8.207916984970254e-12, 7.983076873163686e-12, 7.807647757485103e-12, 7.625943279632175e-12, 7.484565051063541e-12, 7.347656337530761e-12, 7.211095869735784e-12, 7.122117132163375e-12, 7.078105462854367e-12], "lowlevel.melbands128.stdev": [0.001066258642822504, 0.005637829191982746, 0.008694750256836414, 0.00705972732976079, 0.004670470021665096, 0.0020883146207779646, 0.0008507759775966406, 0.0010629633907228708, 0.00437719002366066, 0.0032526892609894276, 0.0009203978115692735, 0.0013356730341911316, 0.002058745129033923, 0.0008502397104166448, 0.0011863773688673973, 0.000874153571203351, 0.0004973088507540524, 0.0005927829770371318, 0.00043385211029089987, 0.00015566078945994377, 0.0003393384686205536, 0.0012581839691847563, 0.0016267437022179365, 0.00035423680674284697, 0.000949048378970474, 0.0016886770026758313, 0.0006194235174916685, 0.0014493385097011924, 0.0002972991787828505, 0.0008262130431830883, 0.0007110805599950254, 0.0004000407352577895, 0.00018497640849091113, 0.00017578390543349087, 4.17469309468288e-05, 6.351663614623249e-05, 7.76996384956874e-05, 5.5242351663764566e-05, 4.825440191780217e-05, 4.058625563629903e-05, 5.8254347095498815e-05, 0.00011969615297857672, 2.2386167984222993e-05, 7.500395440729335e-05, 4.560829984256998e-05, 0.00013691172352991998, 0.0002478068054188043, 5.224421693128534e-05, 0.00013557473721448332, 0.0001554566842969507, 0.0004127304709982127, 0.00022304753656499088, 0.00010449838737258688, 0.00011693489068420604, 0.00011334114242345095, 4.376525976113044e-05, 3.13331293000374e-05, 4.3110067053930834e-05, 5.1069084292976186e-05, 2.9250633815536276e-05, 3.563489008229226e-05, 2.8319254852249287e-05, 5.58902247576043e-05, 2.695210605452303e-05, 1.454525045119226e-05, 1.4669349184259772e-05, 1.5815088772797026e-05, 1.1728306162694935e-05, 1.2810945008823182e-05, 1.2563518794195261e-05, 1.1974100743827876e-05, 1.0540246876189485e-05, 1.1714058928191662e-05, 1.3396479516813997e-05, 1.0174649105465505e-05, 1.0751919944596011e-05, 1.0361152817495167e-05, 1.2967104339622892e-05, 1.1346160135872196e-05, 1.3882238818041515e-05, 1.1774215636251029e-05, 1.1311029993521515e-05, 1.2154367141192779e-05, 1.2313969818933401e-05, 1.2751695066981483e-05, 1.7070935427909717e-05, 2.2340938812703826e-05, 3.116822335869074e-05, 2.3006447008810937e-05, 1.8287109924131073e-05, 1.724151661619544e-05, 1.851413253461942e-05, 1.3951881555840373e-05, 1.5355117284343578e-05, 1.3173273146094289e-05, 1.2996023542655166e-05, 1.0716895303630736e-05, 1.0733428098319564e-05, 6.21585513727041e-06, 5.363480340747628e-06, 4.808474386663875e-06, 4.532989805738907e-06, 3.6005271795147564e-06, 2.8993672458454967e-06, 3.0992439405963523e-06, 2.9823793283867417e-06, 2.9143229767214507e-06, 2.368599098190316e-06, 2.574599420768209e-06, 2.1949008441879414e-06, 1.374557541566901e-06, 9.54855750023853e-07, 9.662983302405337e-07, 7.495299314541626e-07, 5.527651865122607e-07, 3.995466499873146e-07, 6.392169638047562e-08, 3.543019433394079e-09, 2.4310400914551167e-11, 1.0541681243203538e-11, 1.0275970178941218e-11, 1.0048886202318474e-11, 9.837788569888595e-12, 9.656976607264056e-12, 9.485370822126526e-12, 9.322905294983919e-12, 9.214972535032118e-12, 9.160405073371791e-12], "lowlevel.mfcc.mean": [-584.1842651367188, 82.02735900878906, 8.196340560913086, 32.812252044677734, 16.985280990600586, 9.28393840789795, -1.533658742904663, 16.863666534423828, 14.159103393554688, 10.781523704528809, -2.319941520690918, -1.8630257844924927, 0.0680062398314476], "lowlevel.spectral_contrast_coeffs.mean": [-0.6862684488296509, -0.7234019041061401, -0.7564150094985962, -0.7551200985908508, -0.7929366230964661, -0.7486817240715027], "lowlevel.spectral_contrast_coeffs.stdev": [0.06960688531398773, 0.10025597363710403, 0.08374962210655212, 0.054429009556770325, 0.02971905842423439, 0.029161660000681877], "lowlevel.spectral_contrast_valleys.mean": [-6.46115779876709, -6.948146343231201, -7.284289836883545, -7.1947832107543945, -6.7522454261779785, -9.205887794494629], "lowlevel.spectral_contrast_valleys.stdev": [0.6469939351081848, 0.6454246640205383, 0.5996033549308777, 0.5735617280006409, 0.5911543965339661, 0.7038524746894836], "rhythm.beats_loudness_band_ratio.mean": [0.6059364676475525, 0.1953667253255844, 0.12001380324363708, 0.032251354306936264, 0.09533002972602844, 0.049996599555015564], "rhythm.beats_loudness_band_ratio.stdev": [0.19548580050468445, 0.20298829674720764, 0.13156858086585999, 0.0237054992467165, 0.06768877059221268, 0.03420824930071831], "tonal.hpcp.mean": [0.09646410495042801, 0.08331252634525299, 0.0588337704539299, 0.15301740169525146, 0.13341845571994781, 0.03846867009997368, 0.031070364639163017, 0.03250985965132713, 0.06007066369056702, 0.09088081121444702, 0.06728389859199524, 0.0356450118124485, 0.02714107744395733, 0.022335194051265717, 0.08101944625377655, 0.21032941341400146, 0.19429756700992584, 0.14131398499011993, 0.16126495599746704, 0.09814752638339996, 0.038689713925123215, 0.032687582075595856, 0.050179753452539444, 0.09341587871313095, 0.18485671281814575, 0.16674625873565674, 0.06971456855535507, 0.04696671664714813, 0.05809634551405907, 0.24522385001182556, 0.4500599503517151, 0.3021818995475769, 0.08989498764276505, 0.04639390856027603, 0.031751230359077454, 0.04453084617853165], "tonal.hpcp.stdev": [0.19509045779705048, 0.16946615278720856, 0.12662985920906067, 0.28196418285369873, 0.24651089310646057, 0.11290770024061203, 0.10824834555387497, 0.11531031131744385, 0.14003244042396545, 0.18324021995067596, 0.15268097817897797, 0.10903460532426834, 0.09168461710214615, 0.06139977648854256, 0.1364605575799942, 0.29900825023651123, 0.2657981812953949, 0.23086600005626678, 0.29449397325515747, 0.1973150372505188, 0.1211295947432518, 0.1109255701303482, 0.13461880385875702, 0.1910018026828766, 0.3047924339771271, 0.2951118052005768, 0.18041512370109558, 0.14536374807357788, 0.17205145955085754, 0.28448373079299927, 0.4369511902332306, 0.32678329944610596, 0.23149098455905914, 0.15570862591266632, 0.11519269645214081, 0.12631575763225555], "rhythm.beats_position": [0.5108389854431152, 1.0332880020141602, 1.5325169563293457, 2.043355941772461, 2.554194927215576, 3.041814088821411, 3.5526530742645264, 4.0634918212890625, 4.574330806732178, 5.085169792175293, 5.572789192199707, 6.083628177642822, 6.582857131958008, 7.082086086273193, 7.581315040588379, 8.080544471740723, 8.59138298034668, 9.102222442626953, 9.61306095123291, 10.112290382385254, 10.611518859863281, 11.122358322143555], "rhythm.bpm_histogram": [0.0, 0.0, 0.0, 0.0, 0.0, 0.0, 0.0, 0.0, 0.0, 0.0, 0.0, 0.0, 0.0, 0.0, 0.0, 0.0, 0.0, 0.0, 0.0, 0.0, 0.0, 0.0, 0.0, 0.0, 0.0, 0.0, 0.0, 0.0, 0.0, 0.0, 0.0, 0.0, 0.0, 0.0, 0.0, 0.0, 0.0, 0.0, 0.0, 0.0, 0.0, 0.0, 0.0, 0.0, 0.0, 0.0, 0.0, 0.0, 0.0, 0.0, 0.0, 0.0, 0.0, 0.0, 0.0, 0.0, 0.0, 0.0, 0.0, 0.0, 0.0, 0.0, 0.0, 0.0, 0.0, 0.0, 0.0, 0.0, 0.0, 0.0, 0.0, 0.0, 0.0, 0.0, 0.0, 0.0, 0.0, 0.0, 0.0, 0.0, 0.0, 0.0, 0.0, 0.0, 0.0, 0.0, 0.0, 0.0, 0.0, 0.0, 0.0, 0.0, 0.0, 0.0, 0.0, 0.0, 0.0, 0.0, 0.0, 0.0, 0.0, 0.0, 0.0, 0.0, 0.0, 0.0, 0.0, 0.0, 0.0, 0.0, 0.0, 0.0, 0.0, 0.0, 0.0, 0.0476190485060215, 0.0, 0.523809552192688, 0.0, 0.0, 0.3333333432674408, 0.0, 0.0, 0.095238097012043, 0.0, 0.0, 0.0, 0.0, 0.0, 0.0, 0.0, 0.0, 0.0, 0.0, 0.0, 0.0, 0.0, 0.0, 0.0, 0.0, 0.0, 0.0, 0.0, 0.0, 0.0, 0.0, 0.0, 0.0, 0.0, 0.0, 0.0, 0.0, 0.0, 0.0, 0.0, 0.0, 0.0, 0.0, 0.0, 0.0, 0.0, 0.0, 0.0, 0.0, 0.0, 0.0, 0.0, 0.0, 0.0, 0.0, 0.0, 0.0, 0.0, 0.0, 0.0, 0.0, 0.0, 0.0, 0.0, 0.0, 0.0, 0.0, 0.0, 0.0, 0.0, 0.0, 0.0, 0.0, 0.0, 0.0, 0.0, 0.0, 0.0, 0.0, 0.0, 0.0, 0.0, 0.0, 0.0, 0.0, 0.0, 0.0, 0.0, 0.0, 0.0, 0.0, 0.0, 0.0, 0.0, 0.0, 0.0, 0.0, 0.0, 0.0, 0.0, 0.0, 0.0, 0.0, 0.0, 0.0, 0.0, 0.0, 0.0, 0.0, 0.0, 0.0, 0.0, 0.0, 0.0, 0.0, 0.0, 0.0, 0.0, 0.0, 0.0, 0.0, 0.0, 0.0, 0.0, 0.0, 0.0, 0.0, 0.0, 0.0, 0.0, 0.0, 0.0, 0.0, 0.0, 0.0], "tonal.chords_histogram": [36.47541046142578, 11.475409507751465, 11.475409507751465, 0.0, 0.0, 4.098360538482666, 0.0, 12.295082092285156, 0.0, 0.0, 0.0, 0.0, 0.0, 0.0, 0.0, 0.0, 0.0, 0.0, 0.0, 0.0, 2.049180269241333, 0.0, 9.836065292358398, 12.295082092285156], "tonal.thpcp": [1.0, 0.6714258790016174, 0.19974002242088318, 0.10308384150266647, 0.0705488920211792, 0.09894425421953201, 0.21433612704277039, 0.1851142793893814, 0.13072429597377777, 0.3399933874607086, 0.29644596576690674, 0.08547454327344894, 0.06903605908155441, 0.07223451137542725, 0.13347257673740387, 0.2019304633140564, 0.14949986338615417, 0.07920058816671371, 0.06030547246336937, 0.0496271513402462, 0.18001922965049744, 0.4673364460468292, 0.43171486258506775, 0.3139892518520355, 0.35831883549690247, 0.21807655692100525, 0.08596569299697876, 0.07262939214706421, 0.11149571090936661, 0.20756319165229797, 0.4107379615306854, 0.3704978823661804, 0.15490062534809113, 0.10435657948255539, 0.12908579409122467, 0.5448693037033081], "lowlevel.gfcc.cov": [[3199.792236328125, 221.2017822265625, -94.13936614990234, 67.44853973388672, -75.48754119873047, 55.50674819946289, -78.86222839355469, -20.676393508911133, -24.773195266723633, -46.903343200683594, -71.00653839111328, -51.922149658203125, -40.850868225097656], [221.2017822265625, 777.6932983398438, -390.28863525390625, -164.10568237304688, -4.111010551452637, -165.6743621826172, 66.6869888305664, 10.364851951599121, 45.41673278808594, -64.85868835449219, -16.233213424682617, -93.79428100585938, 129.8550262451172], [-94.13936614990234, -390.28863525390625, 448.6372375488281, 150.8162078857422, 32.47113800048828, 30.25956916809082, -98.51933288574219, -79.48249816894531, -78.76882934570312, 50.356117248535156, 41.38566589355469, 80.58419799804688, -101.39323425292969], [67.44853973388672, -164.10568237304688, 150.8162078857422, 251.42904663085938, 44.58043670654297, 6.086678504943848, -48.47553634643555, -39.5923957824707, -21.106847763061523, 28.95450782775879, 48.69355773925781, 34.850215911865234, -26.637102127075195], [-75.48754119873047, -4.111010551452637, 32.47113800048828, 44.58043670654297, 133.33590698242188, 35.14196014404297, 41.19785690307617, 18.351686477661133, 2.1906630992889404, 12.68558406829834, 20.53203010559082, 24.861358642578125, 6.166901588439941], [55.50674819946289, -165.6743621826172, 30.25956916809082, 6.086678504943848, 35.14196014404297, 177.91831970214844, 72.24946594238281, 48.19559097290039, 22.503801345825195, 4.085238456726074, 16.532428741455078, 4.589110851287842, -9.282583236694336], [-78.86222839355469, 66.6869888305664, -98.51933288574219, -48.47553634643555, 41.19785690307617, 72.24946594238281, 152.0572509765625, 84.23648834228516, 50.42290496826172, -3.6743762493133545, 1.4628956317901611, -11.784890174865723, 27.624431610107422], [-20.676393508911133, 10.364851951599121, -79.48249816894531, -39.5923957824707, 18.351686477661133, 48.19559097290039, 84.23648834228516, 148.49305725097656, 106.62992095947266, 4.991460800170898, -18.75821876525879, -25.826030731201172, 21.19952964782715], [-24.773195266723633, 45.41673278808594, -78.76882934570312, -21.106847763061523, 2.1906630992889404, 22.503801345825195, 50.42290496826172, 106.62992095947266, 149.17532348632812, 37.060855865478516, -14.630903244018555, -39.54176330566406, 17.22699737548828], [-46.903343200683594, -64.85868835449219, 50.356117248535156, 28.95450782775879, 12.68558406829834, 4.085238456726074, -3.6743762493133545, 4.991460800170898, 37.060855865478516, 94.18408966064453, 50.13460159301758, 22.485401153564453, -19.271135330200195], [-71.00653839111328, -16.233213424682617, 41.38566589355469, 48.69355773925781, 20.53203010559082, 16.532428741455078, 1.4628956317901611, -18.75821876525879, -14.630903244018555, 50.13460159301758, 115.17256927490234, 64.58712005615234, 8.389917373657227], [-51.922149658203125, -93.79428100585938, 80.58419799804688, 34.850215911865234, 24.861358642578125, 4.589110851287842, -11.784890174865723, -25.826030731201172, -39.54176330566406, 22.485401153564453, 64.58712005615234, 111.42857360839844, 21.57027244567871], [-40.850868225097656, 129.8550262451172, -101.39323425292969, -26.637102127075195, 6.166901588439941, -9.282583236694336, 27.624431610107422, 21.19952964782715, 17.22699737548828, -19.271135330200195, 8.389917373657227, 21.57027244567871, 94.88583374023438]], "lowlevel.gfcc.icov": [[0.0005022566765546799, -0.0011524991132318974, 0.00015742139657959342, -0.0008114439551718533, 0.0007674511871300638, -0.001682461821474135, 0.0010455395095050335, -0.0008488739840686321, 0.00068500085035339, -0.0007991960155777633, 0.0016036643646657467, -0.00156736362259835, 0.00133251934312284], [-0.0011524991132318974, 0.008982696570456028, 0.001366884564049542, 0.004386281594634056, -0.004696765914559364, 0.010424251668155193, -0.005233272910118103, 0.00581728108227253, -0.00410584406927228, 0.005872208625078201, -0.009973429143428802, 0.01080024428665638, -0.00818372517824173], [0.00015742139657959342, 0.001366884564049542, 0.0061247218400239944, -0.0012829913757741451, -0.0012199411867186427, -0.0003439534630160779, 0.0020348886027932167, 0.0005008522421121597, 0.0006739625823684037, -0.0007455462473444641, 0.0007660749251954257, -0.0030288214329630136, 0.004070064518600702], [-0.0008114439551718533, 0.004386281594634056, -0.0012829913757741451, 0.008186071179807186, -0.004380382131785154, 0.005339253228157759, -0.001424422487616539, 0.0038741440512239933, -0.003517348086461425, 0.0038966757711023092, -0.007653128821402788, 0.006444818340241909, -0.004427306819707155], [0.0007674511871300638, -0.004696765914559364, -0.0012199411867186427, -0.004380382131785154, 0.012377890758216381, -0.005964742507785559, -0.0005298213218338788, -0.003922723699361086, 0.00343297328799963, -0.0043014418333768845, 0.006052013020962477, -0.006905754096806049, 0.0034053486306220293], [-0.001682461821474135, 0.010424251668155193, -0.0003439534630160779, 0.005339253228157759, -0.005964742507785559, 0.02061161771416664, -0.01056265365332365, 0.005672357510775328, -0.005308153107762337, 0.008514303714036942, -0.013746092095971107, 0.013311456888914108, -0.008764786645770073], [0.0010455395095050335, -0.005233272910118103, 0.0020348886027932167, -0.001424422487616539, -0.0005298213218338788, -0.01056265365332365, 0.01775156892836094, -0.009356105700135231, 0.0041780187748372555, -0.003863827558234334, 0.00500511284917593, -0.006238645873963833, 0.004742413759231567], [-0.0008488739840686321, 0.00581728108227253, 0.0005008522421121597, 0.0038741440512239933, -0.003922723699361086, 0.005672357510775328, -0.009356105700135231, 0.02390756830573082, -0.01675298437476158, 0.008410886861383915, -0.005681850481778383, 0.00460513262078166, -0.004306239541620016], [0.00068500085035339, -0.00410584406927228, 0.0006739625823684037, -0.003517348086461425, 0.00343297328799963, -0.005308153107762337, 0.0041780187748372555, -0.01675298437476158, 0.023888422176241875, -0.014671565033495426, 0.007542335893958807, 0.0006908321520313621, -0.0007098854403011501], [-0.0007991960155777633, 0.005872208625078201, -0.0007455462473444641, 0.0038966757711023092, -0.0043014418333768845, 0.008514303714036942, -0.003863827558234334, 0.008410886861383915, -0.014671565033495426, 0.02646305225789547, -0.016169555485248566, 0.004737755749374628, 0.0006660243379883468], [0.0016036643646657467, -0.009973429143428802, 0.0007660749251954257, -0.007653128821402788, 0.006052013020962477, -0.013746092095971107, 0.00500511284917593, -0.005681850481778383, 0.007542335893958807, -0.016169555485248566, 0.029982605949044228, -0.02045091986656189, 0.008428435772657394], [-0.00156736362259835, 0.01080024428665638, -0.0030288214329630136, 0.006444818340241909, -0.006905754096806049, 0.013311456888914108, -0.006238645873963833, 0.00460513262078166, 0.0006908321520313621, 0.004737755749374628, -0.02045091986656189, 0.03380525857210159, -0.019383998587727547], [0.00133251934312284, -0.00818372517824173, 0.004070064518600702, -0.004427306819707155, 0.0034053486306220293, -0.008764786645770073, 0.004742413759231567, -0.004306239541620016, -0.0007098854403011501, 0.0006660243379883468, 0.008428435772657394, -0.019383998587727547, 0.027846841141581535]], "lowlevel.mfcc.cov": [[1918.1505126953125, 52.21485900878906, -6.765917778015137, 30.534971237182617, 3.0215327739715576, 22.77260398864746, -54.23836135864258, -8.9009428024292, -7.664258003234863, -0.9286847710609436, -11.774855613708496, -32.868038177490234, -18.75743865966797], [52.21485900878906, 673.3012084960938, -305.3271484375, -34.52994155883789, -120.00004577636719, -114.46883392333984, -28.93385887145996, -24.060380935668945, 66.75533294677734, 14.195837020874023, -31.976163864135742, -70.22650146484375, -67.4871597290039], [-6.765917778015137, -305.3271484375, 332.9554443359375, 59.061824798583984, 87.62244415283203, 58.52167892456055, -7.710861682891846, -38.80290603637695, -109.64498901367188, -39.228763580322266, 8.518194198608398, 39.78116989135742, 29.725767135620117], [30.534971237182617, -34.52994155883789, 59.061824798583984, 221.246826171875, 63.70283889770508, 10.201364517211914, -12.992574691772461, -49.52956771850586, -51.957252502441406, -62.978233337402344, 22.542247772216797, 23.678020477294922, 23.645692825317383], [3.0215327739715576, -120.00004577636719, 87.62244415283203, 63.70283889770508, 125.79142761230469, 41.380279541015625, 9.72041130065918, -2.8961598873138428, -36.03600311279297, -14.617164611816406, 3.5957860946655273, 28.81639862060547, 22.783384323120117], [22.77260398864746, -114.46883392333984, 58.52167892456055, 10.201364517211914, 41.380279541015625, 111.18052673339844, 52.472084045410156, 0.00605840003117919, -33.220252990722656, -11.215046882629395, 4.835160732269287, 5.983260631561279, 11.102659225463867], [-54.23836135864258, -28.93385887145996, -7.710861682891846, -12.992574691772461, 9.72041130065918, 52.472084045410156, 114.84330749511719, 41.97325897216797, -12.470112800598145, -14.846141815185547, -2.8650455474853516, 13.837268829345703, 8.82080078125], [-8.9009428024292, -24.060380935668945, -38.80290603637695, -49.52956771850586, -2.8961598873138428, 0.00605840003117919, 41.97325897216797, 118.80982971191406, 78.21585845947266, 43.640045166015625, -9.496767044067383, -3.8479793071746826, 6.121813774108887], [-7.664258003234863, 66.75533294677734, -109.64498901367188, -51.957252502441406, -36.03600311279297, -33.220252990722656, -12.470112800598145, 78.21585845947266, 159.3038787841797, 92.7242660522461, 15.461320877075195, -13.174063682556152, -10.036388397216797], [-0.9286847710609436, 14.195837020874023, -39.228763580322266, -62.978233337402344, -14.617164611816406, -11.215046882629395, -14.846141815185547, 43.640045166015625, 92.7242660522461, 136.38951110839844, 54.20894241333008, -3.2391321659088135, -21.39838218688965], [-11.774855613708496, -31.976163864135742, 8.518194198608398, 22.542247772216797, 3.5957860946655273, 4.835160732269287, -2.8650455474853516, -9.496767044067383, 15.461320877075195, 54.20894241333008, 96.89883422851562, 42.37190246582031, 5.820330619812012], [-32.868038177490234, -70.22650146484375, 39.78116989135742, 23.678020477294922, 28.81639862060547, 5.983260631561279, 13.837268829345703, -3.8479793071746826, -13.174063682556152, -3.2391321659088135, 42.37190246582031, 92.36698150634766, 52.532020568847656], [-18.75743865966797, -67.4871597290039, 29.725767135620117, 23.645692825317383, 22.783384323120117, 11.102659225463867, 8.82080078125, 6.121813774108887, -10.036388397216797, -21.39838218688965, 5.820330619812012, 52.532020568847656, 81.21297454833984]], "lowlevel.mfcc.icov": [[0.0005475752404890954, -9.46873624343425e-05, 3.4520340705057606e-05, -0.00011442653340054676, 6.549322279170156e-05, -0.0004613814817275852, 0.000561291933991015, -0.00033108287607319653, 0.00019680423429235816, -2.900329309341032e-05, 3.9018294046400115e-05, 9.924659025273286e-06, 8.462667756248266e-05], [-9.46873624343425e-05, 0.00335943466052413, 0.0026524041313678026, -0.0005693530547432601, 0.0007968741119839251, 0.0021216750610619783, -0.0009116789442487061, 0.0017742568161338568, 0.0003536311851348728, -0.0008370857103727758, 0.0012650920543819666, 0.00021495023975148797, 0.0010098242200911045], [3.4520340705057606e-05, 0.0026524041313678026, 0.0072301034815609455, -0.0007735814433544874, -0.000894121709279716, -0.00046694744378328323, 0.001903333468362689, -0.00039170365198515356, 0.0045856512151658535, -0.0019454151624813676, 0.0014126701280474663, -0.001382115064188838, 0.0007753004319965839], [-0.00011442653340054676, -0.0005693530547432601, -0.0007735814433544874, 0.008049320429563522, -0.004416697192937136, 0.0008302282076328993, 0.0003104002389591187, 0.0015766880242154002, -0.0023145948071032763, 0.0064905062317848206, -0.006041016895323992, 0.0026175440289080143, -0.001423115492798388], [6.549322279170156e-05, 0.0007968741119839251, -0.000894121709279716, -0.004416697192937136, 0.013699312694370747, -0.0037212660536170006, 0.0014285314828157425, -0.002292539458721876, 0.0027199184987694025, -0.00397689500823617, 0.0046043978072702885, -0.00456159608438611, 0.0008826707489788532], [-0.0004613814817275852, 0.0021216750610619783, -0.00046694744378328323, 0.0008302282076328993, -0.0037212660536170006, 0.017153112217783928, -0.00936675351113081, 0.004412383772432804, -0.00017854798352345824, -0.0008770469576120377, -0.0016929093981161714, 0.0052491165697574615, -0.0025577673222869635], [0.000561291933991015, -0.0009116789442487061, 0.001903333468362689, 0.0003104002389591187, 0.0014285314828157425, -0.00936675351113081, 0.018116172403097153, -0.010455374605953693, 0.004974584560841322, 0.0028532217256724834, -0.0010782311437651515, -0.0046239206567406654, 0.0027200167533010244], [-0.00033108287607319653, 0.0017742568161338568, -0.00039170365198515356, 0.0015766880242154002, -0.002292539458721876, 0.004412383772432804, -0.010455374605953693, 0.021126901730895042, -0.010353157296776772, -0.0023245494812726974, 0.004052586387842894, 0.00208369642496109, -0.002864992246031761], [0.00019680423429235816, 0.0003536311851348728, 0.0045856512151658535, -0.0023145948071032763, 0.0027199184987694025, -0.00017854798352345824, 0.004974584560841322, -0.010353157296776772, 0.020454280078411102, -0.01079726405441761, 0.002700379816815257, -0.0012719463557004929, -0.0008516752277500927], [-2.900329309341032e-05, -0.0008370857103727758, -0.0019454151624813676, 0.0064905062317848206, -0.00397689500823617, -0.0008770469576120377, 0.0028532217256724834, -0.0023245494812726974, -0.01079726405441761, 0.024449307471513748, -0.015518095344305038, 0.004180052783340216, 0.0027368932496756315], [3.9018294046400115e-05, 0.0012650920543819666, 0.0014126701280474663, -0.006041016895323992, 0.0046043978072702885, -0.0016929093981161714, -0.0010782311437651515, 0.004052586387842894, 0.002700379816815257, -0.015518095344305038, 0.026312805712223053, -0.013765066862106323, 0.004316451493650675], [9.924659025273286e-06, 0.00021495023975148797, -0.001382115064188838, 0.0026175440289080143, -0.00456159608438611, 0.0052491165697574615, -0.0046239206567406654, 0.00208369642496109, -0.0012719463557004929, 0.004180052783340216, -0.013765066862106323, 0.027666699141263962, -0.015133373439311981], [8.462667756248266e-05, 0.0010098242200911045, 0.0007753004319965839, -0.001423115492798388, 0.0008826707489788532, -0.0025577673222869635, 0.0027200167533010244, -0.002864992246031761, -0.0008516752277500927, 0.0027368932496756315, 0.004316451493650675, -0.015133373439311981, 0.023420600220561028]], "metadata.audio_properties.analysis.downmix": "mix", "metadata.audio_properties.codec": "mp3", "metadata.audio_properties.md5_encoded": "5dbbd959f548e92958408fcb665c80b8", "metadata.tags.file_name": "1182279044214042684.mp3", "metadata.version.essentia": "2.1-beta6-dev", "metadata.version.essentia_git_sha": "v2.1_beta5-1110-g77a6a954", "metadata.version.extractor": "music 2.0", "tonal.chords_key": "G", "tonal.chords_scale": "minor", "tonal.key_edma.key": "C", "tonal.key_edma.scale": "minor", "tonal.key_krumhansl.key": "C", "tonal.key_krumhansl.scale": "minor", "tonal.key_temperley.key": "G", "tonal.key_temperley.scale": "minor", "metadata.tags.encoding": ["Lavf58.45.100"]}, "essentia_models": [{"model_name": "genre_dortmund", "activations": {"alternative": "0.03939062", "blues": "0.0004950722", "electronic": "0.0004859088", "folkcountry": "0.00028236644", "funksoulrnb": "0.0011562229", "jazz": "0.00016253488", "pop": "0.003563979", "raphiphop": "0.00012020919", "rock": "0.965271"}}, {"model_name": "genre_rosamerica", "activations": {"classic": "0.0005961972", "dance": "9.616299e-05", "hip hop": "0.0005229646", "jazz": "0.0013888405", "pop": "0.020801527", "rhythm and blues": "0.0019810414", "rock": "0.9968591", "speech": "7.661562e-05"}}, {"model_name": "genre_tzanetakis", "activations": {"blues": "5.065875e-05", "classic": "1.1429215e-06", "country": "0.00091192016", "disco": "0.00056983996", "hip hop": "0.0023296215", "jazz": "0.0001252265", "metal": "0.9578171", "pop": "0.019649431", "reggae": "0.00018194965", "rock": "0.08114656"}}, {"model_name": "genre_electronic", "activations": {"ambient": "0.39546406", "dnb": "0.37849006", "house": "0.075640105", "techno": "0.57007074", "trance": "0.3097277"}}, {"model_name": "mood_acoustic"