{"song_id": "1182281374166683668", "download": "https://cdn.discordapp.com/attachments/1128313332273782784/1182281374166683668/chirp.mp4?ex=65842055&amp", "lyrics": "-", "style": ["post punk shoegaze hardcore"], "essentia_features": {"lowlevel.average_loudness": 0.9674341082572937, "lowlevel.barkbands_crest.mean": 13.602472305297852, "lowlevel.barkbands_crest.stdev": 4.843239784240723, "lowlevel.barkbands_flatness_db.mean": 0.20182691514492035, "lowlevel.barkbands_flatness_db.stdev": 0.06101161614060402, "lowlevel.barkbands_kurtosis.mean": 13.49944019317627, "lowlevel.barkbands_kurtosis.stdev": 22.83839988708496, "lowlevel.barkbands_skewness.mean": 2.6050896644592285, "lowlevel.barkbands_skewness.stdev": 1.823237657546997, "lowlevel.barkbands_spread.mean": 13.362080574035645, "lowlevel.barkbands_spread.stdev": 11.402342796325684, "lowlevel.dissonance.mean": 0.44492900371551514, "lowlevel.dissonance.stdev": 0.03592450171709061, "lowlevel.dynamic_complexity": 2.0841612815856934, "lowlevel.erbbands_crest.mean": 10.388945579528809, "lowlevel.erbbands_crest.stdev": 3.9653124809265137, "lowlevel.erbbands_flatness_db.mean": 0.16614800691604614, "lowlevel.erbbands_flatness_db.stdev": 0.0498611144721508, "lowlevel.erbbands_kurtosis.mean": 1.0666316747665405, "lowlevel.erbbands_kurtosis.stdev": 2.262850284576416, "lowlevel.erbbands_skewness.mean": 0.8382192850112915, "lowlevel.erbbands_skewness.stdev": 0.6806689500808716, "lowlevel.erbbands_spread.mean": 39.58177947998047, "lowlevel.erbbands_spread.stdev": 23.474185943603516, "lowlevel.hfc.mean": 20.017187118530273, "lowlevel.hfc.stdev": 14.535287857055664, "lowlevel.loudness_ebu128.integrated": -12.864225387573242, "lowlevel.loudness_ebu128.loudness_range": 2.333742141723633, "lowlevel.loudness_ebu128.momentary.mean": -13.12292766571045, "lowlevel.loudness_ebu128.momentary.stdev": 1.6312854290008545, "lowlevel.loudness_ebu128.short_term.mean": -12.995234489440918, "lowlevel.loudness_ebu128.short_term.stdev": 0.9265250563621521, "lowlevel.melbands_crest.mean": 18.469194412231445, "lowlevel.melbands_crest.stdev": 7.322028636932373, "lowlevel.melbands_flatness_db.mean": 0.2789056897163391, "lowlevel.melbands_flatness_db.stdev": 0.07649582624435425, "lowlevel.melbands_kurtosis.mean": 27.68393325805664, "lowlevel.melbands_kurtosis.stdev": 39.48255920410156, "lowlevel.melbands_skewness.mean": 3.507032632827759, "lowlevel.melbands_skewness.stdev": 2.2310104370117188, "lowlevel.melbands_spread.mean": 11.331424713134766, "lowlevel.melbands_spread.stdev": 8.276287078857422, "lowlevel.pitch_salience.mean": 0.4760558605194092, "lowlevel.pitch_salience.stdev": 0.14612744748592377, "lowlevel.silence_rate_20dB.mean": 1.0, "lowlevel.silence_rate_20dB.stdev": 0.0, "lowlevel.silence_rate_30dB.mean": 0.878973126411438, "lowlevel.silence_rate_30dB.stdev": 0.32615968585014343, "lowlevel.silence_rate_60dB.mean": 0.0012224939418956637, "lowlevel.silence_rate_60dB.stdev": 0.034942738711833954, "lowlevel.spectral_centroid.mean": 790.0204467773438, "lowlevel.spectral_centroid.stdev": 402.634765625, "lowlevel.spectral_complexity.mean": 13.729217529296875, "lowlevel.spectral_complexity.stdev": 5.46241569519043, "lowlevel.spectral_decrease.mean": -1.3752688765578114e-08, "lowlevel.spectral_decrease.stdev": 1.0879618983494765e-08, "lowlevel.spectral_energy.mean": 0.053721342235803604, "lowlevel.spectral_energy.stdev": 0.041372913867235184, "lowlevel.spectral_energyband_high.mean": 0.0007567568682134151, "lowlevel.spectral_energyband_high.stdev": 0.0012528090737760067, "lowlevel.spectral_energyband_low.mean": 0.02924303151667118, "lowlevel.spectral_energyband_low.stdev": 0.042079076170921326, "lowlevel.spectral_energyband_middle_high.mean": 0.0038112737238407135, "lowlevel.spectral_energyband_middle_high.stdev": 0.004413073416799307, "lowlevel.spectral_energyband_middle_low.mean": 0.021453194320201874, "lowlevel.spectral_energyband_middle_low.stdev": 0.015183514915406704, "lowlevel.spectral_entropy.mean": 7.174445152282715, "lowlevel.spectral_entropy.stdev": 0.5020946264266968, "lowlevel.spectral_flux.mean": 0.09586597234010696, "lowlevel.spectral_flux.stdev": 0.07438413798809052, "lowlevel.spectral_kurtosis.mean": 6.744129180908203, "lowlevel.spectral_kurtosis.stdev": 4.884343147277832, "lowlevel.spectral_rms.mean": 0.006767664570361376, "lowlevel.spectral_rms.stdev": 0.0025709602050483227, "lowlevel.spectral_rolloff.mean": 696.3139038085938, "lowlevel.spectral_rolloff.stdev": 858.0582885742188, "lowlevel.spectral_skewness.mean": 2.0117225646972656, "lowlevel.spectral_skewness.stdev": 0.6124669313430786, "lowlevel.spectral_spread.mean": 4876322.5, "lowlevel.spectral_spread.stdev": 2014992.0, "lowlevel.spectral_strongpeak.mean": 1.1153781414031982, "lowlevel.spectral_strongpeak.stdev": 0.9902536273002625, "lowlevel.zerocrossingrate.mean": 0.0388273149728775, "lowlevel.zerocrossingrate.stdev": 0.02971259132027626, "metadata.audio_properties.analysis.equal_loudness": 0.0, "metadata.audio_properties.analysis.length": 37.951995849609375, "metadata.audio_properties.analysis.sample_rate": 44100.0, "metadata.audio_properties.analysis.start_time": 0.0, "metadata.audio_properties.bit_rate": 116740.0, "metadata.audio_properties.length": 37.95199966430664, "metadata.audio_properties.lossless": 0.0, "metadata.audio_properties.number_channels": 1.0, "metadata.audio_properties.replay_gain": -12.797496795654297, "metadata.audio_properties.sample_rate": 48000.0, "rhythm.beats_count": 95.0, "rhythm.beats_loudness.mean": 0.0642392486333847, "rhythm.beats_loudness.stdev": 0.03596576675772667, "rhythm.bpm": 152.87493896484375, "rhythm.bpm_histogram_first_peak_bpm": 152.0, "rhythm.bpm_histogram_first_peak_weight": 0.02816903591156006, "rhythm.bpm_histogram_second_peak_bpm": 157.0, "rhythm.bpm_histogram_second_peak_spread": 0.0, "rhythm.bpm_histogram_second_peak_weight": 0.20212766528129578, "rhythm.danceability": 1.2055859565734863, "rhythm.onset_rate": 4.31981086730957, "tonal.chords_changes_rate": 0.08180708438158035, "tonal.chords_number_rate": 0.014652014710009098, "tonal.chords_strength.mean": 0.4519455134868622, "tonal.chords_strength.stdev": 0.09294499456882477, "tonal.hpcp_crest.mean": 16.361425399780273, "tonal.hpcp_crest.stdev": 8.359390258789062, "tonal.hpcp_entropy.mean": 1.6940656900405884, "tonal.hpcp_entropy.stdev": 0.7965518236160278, "tonal.key_edma.strength": 0.5164751410484314, "tonal.key_krumhansl.strength": 0.5286564230918884, "tonal.key_temperley.strength": 0.5499880909919739, "tonal.tuning_diatonic_strength": 0.520953357219696, "tonal.tuning_equal_tempered_deviation": 0.19489693641662598, "tonal.tuning_frequency": 434.193115234375, "tonal.tuning_nontempered_energy_ratio": 0.923694372177124, "lowlevel.barkbands.mean": [0.001775630284100771, 0.02341116964817047, 0.002594216028228402, 0.0027468339540064335, 0.007100431714206934, 0.006145788356661797, 0.00076613127021119, 0.0017298838356509805, 0.002840458881109953, 0.0010401895269751549, 0.0006409285706467927, 0.0006274674669839442, 0.00031021024915389717, 0.0004324955225456506, 0.000127579623949714, 0.00017522010602988303, 0.00019066598906647414, 0.00016751351358834654, 5.8918700233334675e-05, 0.000294114084681496, 7.012500282144174e-05, 8.435523341177031e-05, 9.927504288498312e-05, 0.0001044722885126248, 0.00011816100595751777, 6.907823990331963e-05, 1.0596422583830645e-07], "lowlevel.barkbands.stdev": [0.0025704288855195045, 0.03845244646072388, 0.006409680470824242, 0.005402300041168928, 0.007779853884130716, 0.00803943257778883, 0.002604404231533408, 0.0033946549519896507, 0.005639486014842987, 0.002978769363835454, 0.001559158437885344, 0.0011139956768602133, 0.0008874227642081678, 0.0009041616576723754, 0.0003201998770236969, 0.0004656667588278651, 0.0004156756040174514, 0.000345839885994792, 8.754276495892555e-05, 0.0005002698162570596, 0.00015286734560504556, 0.0002072971110465005, 0.00022755582176614553, 0.00020964062423445284, 0.00025404730695299804, 0.00016314582899212837, 6.965008196857525e-07], "lowlevel.erbbands.mean": [1.014577865600586, 3.8316495418548584, 3.3233745098114014, 7.124995708465576, 8.322437286376953, 26.25110626220703, 64.35802459716797, 38.028289794921875, 13.244345664978027, 15.164542198181152, 60.24662780761719, 55.143985748291016, 34.17593765258789, 31.39885139465332, 21.142210006713867, 21.887361526489258, 16.372499465942383, 21.00811004638672, 10.56686782836914, 7.365447521209717, 11.616154670715332, 12.776764869689941, 10.334789276123047, 4.087447643280029, 4.20078706741333, 15.608515739440918, 5.750535488128662, 2.4005842208862305, 2.9898245334625244, 3.179431200027466, 2.7168469429016113, 2.0137112140655518, 1.8812334537506104, 1.4058045148849487, 0.7794976830482483, 0.3861864507198334, 0.11174523085355759, 0.00931368675082922, 0.00020886612765025347, 7.027747051324695e-05], "lowlevel.erbbands.stdev": [1.4885263442993164, 7.947834014892578, 8.594191551208496, 10.915873527526855, 19.08257293701172, 31.067813873291016, 67.83342742919922, 59.16503143310547, 49.02046585083008, 23.41007423400879, 103.61286926269531, 117.44723510742188, 89.47716522216797, 55.25041198730469, 43.96586227416992, 33.90707015991211, 39.47691345214844, 45.63771057128906, 19.683542251586914, 16.642887115478516, 29.314212799072266, 29.207658767700195, 21.294679641723633, 5.728743076324463, 5.835409164428711, 27.901086807250977, 8.81904411315918, 5.752338409423828, 7.460765361785889, 7.7792816162109375, 6.1550116539001465, 4.23943567276001, 3.8502659797668457, 3.059072494506836, 1.7058887481689453, 0.8852120041847229, 0.27157697081565857, 0.026971574872732162, 0.0004992129979655147, 5.098262045066804e-05], "lowlevel.gfcc.mean": [-1.4739466905593872, 112.15576934814453, -93.94694519042969, 24.1744441986084, -56.4261474609375, 15.834046363830566, -42.633323669433594, 14.657289505004883, -31.593549728393555, 2.777329683303833, -6.972603797912598, 2.1460883617401123, 1.4234695434570312], "lowlevel.melbands.mean": [0.007566296495497227, 0.002786192111670971, 0.0012298589572310448, 0.0010972591117024422, 0.0021547868382185698, 0.0009221474756486714, 0.00017356083844788373, 0.00019967304251622409, 0.0005759464111179113, 0.00031219926313497126, 0.00017273380944970995, 0.0001375693391310051, 7.864917279221117e-05, 6.975477299420163e-05, 4.6603057853644714e-05, 3.0101546144578606e-05, 4.22306293330621e-05, 1.9338300262461416e-05, 9.588704415364191e-06, 9.791597221919801e-06, 1.3093740562908351e-05, 1.386498479405418e-05, 1.0309094250260387e-05, 6.605263024539454e-06, 2.9844841265003197e-06, 2.1034572910139104e-06, 5.016026989324018e-06, 1.2166790838818997e-05, 4.286644525564043e-06, 1.5582971855110372e-06, 1.2900767387691303e-06, 1.7199417925439775e-06, 1.6229427046710043e-06, 1.8447891534378869e-06, 1.6410332364102942e-06, 1.288069256588642e-06, 1.1998132549706497e-06, 1.2819222092730342e-06, 1.3196206509746844e-06, 1.1525547733981512e-06], "lowlevel.melbands.stdev": [0.011611547321081161, 0.005972308572381735, 0.0021023661829531193, 0.0013532108860090375, 0.0020988669712096453, 0.0013286912580952048, 0.0006386073073372245, 0.00037574974703602493, 0.0010099454084411263, 0.0006716219359077513, 0.00047828699462115765, 0.0002617341815494001, 0.00018634102889336646, 0.00014997630205471069, 9.607935498934239e-05, 9.235594188794494e-05, 0.0001004137666313909, 4.182837801636197e-05, 2.4462136934744194e-05, 2.4255428797914647e-05, 3.067879151785746e-05, 3.486923378659412e-05, 2.101927930198144e-05, 1.2007730219920631e-05, 4.4136786527815275e-06, 3.212739329683245e-06, 8.039533895498607e-06, 2.2619718947680667e-05, 6.902921086293645e-06, 3.7971162782923784e-06, 3.3148778584290994e-06, 4.4466746658144984e-06, 4.0296686165675055e-06, 4.584343969327165e-06, 3.855120212392649e-06, 2.7937194317928515e-06, 2.5936901693057735e-06, 2.6858626824832754e-06, 2.8179551918583456e-06, 2.5778551844268804e-06], "lowlevel.melbands128.mean": [0.001697380212135613, 0.009120972827076912, 0.009811373427510262, 0.005193458870053291, 0.001826625200919807, 0.0013677142560482025, 0.0015213765436783433, 0.001276979804970324, 0.0006601432105526328, 0.0007695984095335007, 0.0014861762756481767, 0.002251784084364772, 0.0023559504188597202, 0.002154167275875807, 0.000829945842269808, 0.00033354887273162603, 0.0002771602012217045, 0.00011210804950678721, 8.093146607279778e-05, 0.00013584719272330403, 0.00025483843637630343, 0.0004298991116229445, 0.0005891192122362554, 0.0008416433702223003, 0.00034340115962550044, 0.00011323684157105163, 0.00017253700934816152, 0.00011136987450299785, 0.00029940379317849874, 0.00010257169924443588, 0.00010814899724209681, 0.00013700049021281302, 7.020102202659473e-05, 2.8647136787185445e-05, 0.00010073387966258451, 7.140151137718931e-05, 3.736983853741549e-05, 6.48465211270377e-05, 3.4812790545402095e-05, 3.254628609283827e-05, 3.061195457121357e-05, 1.8747350623016246e-05, 5.26575640833471e-05, 4.529340367298573e-05, 3.585687227314338e-05, 1.1426108358136844e-05, 6.1552873376058415e-06, 9.046081686392426e-06, 1.2454061106836889e-05, 9.189800039166585e-06, 3.981514510087436e-06, 1.6618796507827938e-05, 1.8588441889733076e-05, 9.270662303606514e-06, 6.836734883108875e-06, 2.1667900000466034e-05, 1.1784556591010187e-05, 5.7230613492720295e-06, 1.3061551726423204e-05, 1.3127240890753455e-05, 4.119523055123864e-06, 4.044248726131627e-06, 3.821849986707093e-06, 2.3608070023328764e-06, 2.231587586720707e-06, 1.9162969238095684e-06, 1.994291324081132e-06, 2.9239695322758052e-06, 4.532651018962497e-06, 9.021652658702806e-06, 1.5944657207001e-05, 1.2548029189929366e-05, 5.805286946269916e-06, 2.886184120143298e-06, 2.003759391300264e-06, 1.6146606185429846e-06, 1.4103732155490434e-06, 1.079034745998797e-06, 1.2539728686533635e-06, 1.426526068826206e-06, 1.8339596863370389e-06, 1.8566290691524046e-06, 1.5099756183190038e-06, 1.56821727159695e-06, 1.6959945696726209e-06, 1.868989784270525e-06, 1.8414257283438928e-06, 1.9295034690003376e-06, 1.6134179077198496e-06, 1.5409021898449282e-06, 1.239603761860053e-06, 1.3005231949136942e-06, 1.1690716519296984e-06, 1.2652169516513823e-06, 1.1007803095708368e-06, 1.2415857781888917e-06, 1.3114945431880187e-06, 1.387218958370795e-06, 1.362473540211795e-06, 1.2812089380531688e-06, 1.166287461273896e-06, 1.2634707218239782e-06, 9.159209639619803e-07, 9.908391120916349e-07, 7.837990096959402e-07, 8.75169121172803e-07, 8.24911637664627e-07, 7.49323930904211e-07, 6.594542583115981e-07, 6.536932914968929e-07, 4.5505566959036514e-07, 3.852673557958042e-07, 3.5495796169016103e-07, 3.087990307903965e-07, 1.9318738964102522e-07, 7.219576758643598e-08, 7.3109243103886e-09, 2.292332122733054e-11, 8.5118362011527e-12, 8.264795098300581e-12, 8.058229430951691e-12, 7.893931168456714e-12, 7.718182863658551e-12, 7.559002902779444e-12, 7.2662665814848815e-12, 6.857908338431251e-12, 6.6269810819474806e-12, 6.564227026523151e-12], "lowlevel.melbands128.stdev": [0.0024991047102957964, 0.013383814133703709, 0.017288489267230034, 0.012422776781022549, 0.00574733130633831, 0.0028936092276126146, 0.0022594460751861334, 0.00312482425943017, 0.0020769736729562283, 0.0012469191569834948, 0.0022345364559441805, 0.002961433958262205, 0.0028972194995731115, 0.0031475850846618414, 0.0016168609727174044, 0.0015092906542122364, 0.001341878087259829, 0.0005502066924236715, 0.0002071826602332294, 0.00031589966965839267, 0.0006275621708482504, 0.0011966415913775563, 0.0014287418453022838, 0.0018940422451123595, 0.0011715855216607451, 0.000463169242721051, 0.0008452475303784013, 0.00045868693268857896, 0.0009980553295463324, 0.00027927750488743186, 0.00029716402059420943, 0.0004058725608047098, 0.0002615962002892047, 0.0001330373779637739, 0.0002904195280279964, 0.00017692986875772476, 8.247996447607875e-05, 0.00015339050150942057, 0.00015520492161158472, 0.0001310358347836882, 0.00012688654533121735, 7.647649908903986e-05, 0.00016436897567473352, 0.00014636148989666253, 0.00010332249803468585, 4.2018455133074895e-05, 3.141592242172919e-05, 3.1856849091127515e-05, 4.436920789885335e-05, 2.855979255400598e-05, 9.10968901735032e-06, 7.50692342990078e-05, 5.4788801207905635e-05, 2.1802741684950888e-05, 1.7509124518255703e-05, 7.04264675732702e-05, 3.064929842366837e-05, 1.3304930689628236e-05, 3.8471262087114155e-05, 3.3188018278451636e-05, 9.176399544230662e-06, 8.378970051126089e-06, 6.744568054273259e-06, 4.19156549469335e-06, 4.011950295534916e-06, 3.506940629449673e-06, 3.934581400244497e-06, 5.3020221457700245e-06, 8.707589586265385e-06, 2.0793504518223926e-05, 3.762635606108233e-05, 3.201642175554298e-05, 1.1386928235879168e-05, 5.3195576583675575e-06, 4.93063544126926e-06, 4.365836048236815e-06, 3.931492301489925e-06, 2.9704178814426996e-06, 3.5162490803486435e-06, 3.845264927804237e-06, 5.037068603996886e-06, 5.2974201025790535e-06, 3.886157173838001e-06, 4.1484822759230155e-06, 4.739207724924199e-06, 5.0222424761159346e-06, 4.8784600039653014e-06, 4.91926266477094e-06, 4.100388196093263e-06, 3.741564341908088e-06, 2.82756832348241e-06, 3.038158865820151e-06, 2.8876822852907935e-06, 3.0149890335451346e-06, 2.568640184108517e-06, 2.8334893613646273e-06, 3.0917615276848665e-06, 3.1426061468664557e-06, 3.0077840165176895e-06, 3.108354576397687e-06, 2.8670738174696453e-06, 2.9540237846958917e-06, 2.122878413501894e-06, 2.402578047622228e-06, 1.9638398498500464e-06, 2.148232852050569e-06, 1.9308731680212077e-06, 1.7523502719996031e-06, 1.6359705341528752e-06, 1.7584451370566967e-06, 1.1766269381041639e-06, 9.862968681773054e-07, 9.1892434284091e-07, 8.627142165096302e-07, 6.232556870600092e-07, 3.1433449976248085e-07, 4.206007275797674e-08, 3.79276915429827e-10, 2.8987401021196568e-11, 2.8995677386900454e-11, 2.8727796183569687e-11, 2.8515204086865253e-11, 2.8312744509984e-11, 2.710411929618406e-11, 2.1142256348416488e-11, 1.2992027592639843e-11, 1.0933361854759127e-11, 1.0826266098884485e-11], "lowlevel.mfcc.mean": [-655.4862670898438, 147.1449432373047, 19.110794067382812, 15.744958877563477, 13.628461837768555, -3.507063865661621, 10.334074020385742, 1.8233774900436401, -4.6560516357421875, 0.05997929722070694, -11.637134552001953, 3.0110056400299072, 1.7675626277923584], "lowlevel.spectral_contrast_coeffs.mean": [-0.6360954642295837, -0.7109037637710571, -0.7525875568389893, -0.7942429780960083, -0.7871086001396179, -0.8063760995864868], "lowlevel.spectral_contrast_coeffs.stdev": [0.091750867664814, 0.08629152178764343, 0.07336302846670151, 0.05732114985585213, 0.05097642540931702, 0.03105408139526844], "lowlevel.spectral_contrast_valleys.mean": [-6.439486503601074, -6.803744792938232, -7.359180450439453, -7.898257732391357, -7.949676036834717, -10.480264663696289], "lowlevel.spectral_contrast_valleys.stdev": [0.6646979451179504, 0.5142813920974731, 0.4562123119831085, 0.45472627878189087, 0.6638808846473694, 1.0458110570907593], "rhythm.beats_loudness_band_ratio.mean": [0.4672602713108063, 0.28999897837638855, 0.11407487094402313, 0.06725969165563583, 0.025453336536884308, 0.05161155387759209], "rhythm.beats_loudness_band_ratio.stdev": [0.28389087319374084, 0.21348276734352112, 0.13414478302001953, 0.08557625114917755, 0.02543153241276741, 0.05473620072007179], "tonal.hpcp.mean": [0.08085618913173676, 0.0587930753827095, 0.017227640375494957, 0.022621966898441315, 0.025429807603359222, 0.03478722274303436, 0.17569699883460999, 0.1835428923368454, 0.04399304464459419, 0.02269606478512287, 0.027902113273739815, 0.058286894112825394, 0.22566938400268555, 0.2947619557380676, 0.14067798852920532, 0.042302511632442474, 0.022839060053229332, 0.04533030837774277, 0.16494013369083405, 0.1933378428220749, 0.10728444159030914, 0.17633013427257538, 0.17653587460517883, 0.07379552721977234, 0.06532464176416397, 0.1152397021651268, 0.19778397679328918, 0.18902619183063507, 0.1053687036037445, 0.05914105102419853, 0.04553110897541046, 0.04339415952563286, 0.04447432979941368, 0.07517451792955399, 0.08210192620754242, 0.06107546389102936], "tonal.hpcp.stdev": [0.2073216438293457, 0.1630927324295044, 0.07262980192899704, 0.09017027914524078, 0.09528446942567825, 0.10906054824590683, 0.3045268952846527, 0.3161776661872864, 0.11970525234937668, 0.1190967857837677, 0.12157364934682846, 0.16088835895061493, 0.28553634881973267, 0.3516179025173187, 0.21858623623847961, 0.13027964532375336, 0.09845304489135742, 0.14688149094581604, 0.29637962579727173, 0.3340896666049957, 0.21250924468040466, 0.29365459084510803, 0.2956351041793823, 0.17283998429775238, 0.19465230405330658, 0.2364969551563263, 0.3480956554412842, 0.3228788673877716, 0.2350998967885971, 0.18068468570709229, 0.15716847777366638, 0.16178789734840393, 0.15594707429409027, 0.17777225375175476, 0.18785813450813293, 0.14871849119663239], "rhythm.beats_position": [0.41795918345451355, 0.847528338432312, 1.2887074947357178, 1.729886531829834, 2.14784574508667, 2.554194927215576, 2.9489340782165527, 3.3436734676361084, 3.738412618637085, 4.133152008056641, 4.527891159057617, 4.922630310058594, 5.31736946105957, 5.712108612060547, 6.095238208770752, 6.4899773597717285, 6.873106479644775, 7.267845630645752, 7.6625847816467285, 8.057324409484863, 8.45206356048584, 8.846802711486816, 9.229931831359863, 9.62467098236084, 10.007800102233887, 10.402539253234863, 10.79727840423584, 11.192017555236816, 11.586756706237793, 11.981496810913086, 12.376235961914062, 12.770975112915039, 13.154104232788086, 13.548843383789062, 13.93197250366211, 14.326711654663086, 14.721450805664062, 15.116189956665039, 15.510929107666016, 15.905668258666992, 16.28879737854004, 16.671926498413086, 17.066665649414062, 17.46140480041504, 17.856143951416016, 18.250883102416992, 18.6456241607666, 19.040363311767578, 19.435102462768555, 19.82984161376953, 20.224580764770508, 20.607709884643555, 20.9908390045166, 21.385578155517578, 21.780317306518555, 22.17505645751953, 22.569795608520508, 22.964534759521484, 23.35927391052246, 23.754013061523438, 24.137142181396484, 24.52027130126953, 24.915010452270508, 25.309749603271484, 25.70448875427246, 26.099227905273438, 26.493967056274414, 26.88870620727539, 27.271835327148438, 27.654966354370117, 28.049705505371094, 28.44444465637207, 28.839183807373047, 29.233922958374023, 29.628662109375, 30.011791229248047, 30.394920349121094, 30.78965950012207, 31.184398651123047, 31.579137802124023, 31.96226692199707, 32.35700607299805, 32.76335525512695, 33.15809631347656, 33.54122543334961, 33.93596267700195, 34.33070373535156, 34.71383285522461, 35.10857009887695, 35.50331115722656, 35.898048400878906, 36.292789459228516, 36.68752670288086, 37.08226776123047, 37.47700500488281], "rhythm.bpm_histogram": [0.0, 0.0, 0.0, 0.0, 0.0, 0.0, 0.0, 0.0, 0.0, 0.0, 0.0, 0.0, 0.0, 0.0, 0.0, 0.0, 0.0, 0.0, 0.0, 0.0, 0.0, 0.0, 0.0, 0.0, 0.0, 0.0, 0.0, 0.0, 0.0, 0.0, 0.0, 0.0, 0.0, 0.0, 0.0, 0.0, 0.0, 0.0, 0.0, 0.0, 0.0, 0.0, 0.0, 0.0, 0.0, 0.0, 0.0, 0.0, 0.0, 0.0, 0.0, 0.0, 0.0, 0.0, 0.0, 0.0, 0.0, 0.0, 0.0, 0.0, 0.0, 0.0, 0.0, 0.0, 0.0, 0.0, 0.0, 0.0, 0.0, 0.0, 0.0, 0.0, 0.0, 0.0, 0.0, 0.0, 0.0, 0.0, 0.0, 0.0, 0.0, 0.0, 0.0, 0.0, 0.0, 0.0, 0.0, 0.0, 0.0, 0.0, 0.0, 0.0, 0.0, 0.0, 0.0, 0.0, 0.0, 0.0, 0.0, 0.0, 0.0, 0.0, 0.0, 0.0, 0.0, 0.0, 0.0, 0.0, 0.0, 0.0, 0.0, 0.0, 0.0, 0.0, 0.0, 0.0, 0.0, 0.0, 0.0, 0.0, 0.0, 0.0, 0.0, 0.0, 0.0, 0.0, 0.0, 0.0, 0.0, 0.0, 0.0, 0.0, 0.0, 0.0, 0.0, 0.0, 0.021276595070958138, 0.0, 0.0, 0.0, 0.010638297535479069, 0.0, 0.0, 0.0, 0.010638297535479069, 0.0, 0.0, 0.0, 0.021276595070958138, 0.0, 0.0, 0.0, 0.7340425252914429, 0.0, 0.0, 0.0, 0.0, 0.20212766528129578, 0.0, 0.0, 0.0, 0.0, 0.0, 0.0, 0.0, 0.0, 0.0, 0.0, 0.0, 0.0, 0.0, 0.0, 0.0, 0.0, 0.0, 0.0, 0.0, 0.0, 0.0, 0.0, 0.0, 0.0, 0.0, 0.0, 0.0, 0.0, 0.0, 0.0, 0.0, 0.0, 0.0, 0.0, 0.0, 0.0, 0.0, 0.0, 0.0, 0.0, 0.0, 0.0, 0.0, 0.0, 0.0, 0.0, 0.0, 0.0, 0.0, 0.0, 0.0, 0.0, 0.0, 0.0, 0.0, 0.0, 0.0, 0.0, 0.0, 0.0, 0.0, 0.0, 0.0, 0.0, 0.0, 0.0, 0.0, 0.0, 0.0, 0.0, 0.0, 0.0, 0.0, 0.0, 0.0, 0.0, 0.0, 0.0, 0.0, 0.0, 0.0, 0.0, 0.0, 0.0, 0.0, 0.0, 0.0, 0.0, 0.0, 0.0, 0.0, 0.0], "tonal.chords_histogram": [8.669108390808105, 4.761904716491699, 13.431013107299805, 0.0, 3.174603223800659, 0.12210012227296829, 0.0, 0.0, 0.0, 0.0, 0.0, 0.0, 0.0, 0.0, 0.0, 13.308913230895996, 0.0, 6.593406677246094, 11.477411270141602, 15.628815650939941, 4.395604610443115, 5.372405529022217, 11.59951114654541, 1.465201497077942], "tonal.thpcp": [1.0, 0.47725966572761536, 0.14351415634155273, 0.07748306542634964, 0.15378615260124207, 0.5595706105232239, 0.6559118032455444, 0.3639697730541229, 0.5982120037078857, 0.5989099740982056, 0.2503563463687897, 0.22161829471588135, 0.3909585475921631, 0.6709955930709839, 0.6412842273712158, 0.3574705123901367, 0.20064003765583038, 0.1544673889875412, 0.14721764624118805, 0.15088218450546265, 0.2550346553325653, 0.2785363793373108, 0.20720267295837402, 0.2743101119995117, 0.199459508061409, 0.05844594165682793, 0.07674656063318253, 0.08627235144376755, 0.1180180236697197, 0.596064031124115, 0.622681736946106, 0.14924940466880798, 0.07699794322252274, 0.09465982019901276, 0.1977422535419464, 0.7655987739562988], "lowlevel.gfcc.cov": [[3145.435791015625, -1457.9659423828125, 198.20401000976562, 158.79867553710938, -425.34912109375, 68.92277526855469, -49.552555084228516, 184.61593627929688, -251.99679565429688, 217.8555450439453, -402.72711181640625, -38.36295700073242, -259.4006042480469], [-1457.9659423828125, 1605.8262939453125, -335.1926574707031, -176.66864013671875, 418.73529052734375, -74.20189666748047, 248.8526153564453, 24.0034122467041, 244.6874237060547, -126.45785522460938, 428.8708801269531, -197.2452392578125, 294.5745849609375], [198.20401000976562, -335.1926574707031, 603.0692749023438, 229.74591064453125, 31.315698623657227, 170.94686889648438, 12.915108680725098, -44.10940933227539, 56.18620681762695, 46.851768493652344, -68.89470672607422, 215.68499755859375, -81.63771057128906], [158.79867553710938, -176.66864013671875, 229.74591064453125, 350.8260803222656, 117.03400421142578, 23.770238876342773, -16.588281631469727, 17.548608779907227, 79.19999694824219, 32.188568115234375, 20.089588165283203, 92.46343994140625, 12.964873313903809], [-425.34912109375, 418.73529052734375, 31.315698623657227, 117.03400421142578, 343.54656982421875, 53.27149200439453, 124.5725326538086, 60.274444580078125, 150.68115234375, 28.130870819091797, 159.38992309570312, 1.6468018293380737, 112.05995178222656], [68.92277526855469, -74.20189666748047, 170.94686889648438, 23.770238876342773, 53.27149200439453, 222.3713836669922, 122.62684631347656, 13.49185562133789, 46.26654815673828, 52.329524993896484, -9.123517990112305, 40.426021575927734, -20.842151641845703], [-49.552555084228516, 248.8526153564453, 12.915108680725098, -16.588281631469727, 124.5725326538086, 122.62684631347656, 248.47500610351562, 81.41307067871094, 69.74922943115234, 42.745967864990234, 87.13436889648438, -38.96718978881836, 50.14334487915039], [184.61593627929688, 24.0034122467041, -44.10940933227539, 17.548608779907227, 60.274444580078125, 13.49185562133789, 81.41307067871094, 183.85743713378906, 53.7303466796875, 66.12751007080078, 51.76685333251953, -49.216209411621094, 60.08498001098633], [-251.99679565429688, 244.6874237060547, 56.18620681762695, 79.19999694824219, 150.68115234375, 46.26654815673828, 69.74922943115234, 53.7303466796875, 179.06297302246094, 24.247060775756836, 91.68546295166016, 7.688666343688965, 67.1493911743164], [217.8555450439453, -126.45785522460938, 46.851768493652344, 32.188568115234375, 28.130870819091797, 52.329524993896484, 42.745967864990234, 66.12751007080078, 24.247060775756836, 126.92338562011719, 15.232758522033691, -2.19524884223938, 1.2493027448654175], [-402.72711181640625, 428.8708801269531, -68.89470672607422, 20.089588165283203, 159.38992309570312, -9.123517990112305, 87.13436889648438, 51.76685333251953, 91.68546295166016, 15.232758522033691, 235.44947814941406, -22.86419105529785, 135.62442016601562], [-38.36295700073242, -197.2452392578125, 215.68499755859375, 92.46343994140625, 1.6468018293380737, 40.426021575927734, -38.96718978881836, -49.216209411621094, 7.688666343688965, -2.19524884223938, -22.86419105529785, 197.88735961914062, -14.745173454284668], [-259.4006042480469, 294.5745849609375, -81.63771057128906, 12.964873313903809, 112.05995178222656, -20.842151641845703, 50.14334487915039, 60.08498001098633, 67.1493911743164, 1.2493027448654175, 135.62442016601562, -14.745173454284668, 158.56192016601562]], "lowlevel.gfcc.icov": [[0.0008136692340485752, 0.0004936847253702581, -0.00016892838175408542, -0.0004712891241069883, 0.0004958289791829884, 0.00023372413124889135, -0.0005850592278875411, -0.0006734008784405887, 0.0005060980329290032, -0.0005193273536860943, 0.00045592262176796794, 0.0007434915169142187, -4.503773743635975e-05], [0.0004936847253702581, 0.00617976114153862, -0.001340847578831017, 0.003939359448850155, -0.0035600403789430857, 0.0034528723917901516, -0.0035466321278363466, 0.003331450279802084, -0.004038331098854542, 0.005083946045488119, -0.0047796075232326984, 0.004794021137058735, -0.0026523524429649115], [-0.00016892838175408542, -0.001340847578831017, 0.005038090515881777, -0.0027926191687583923, 0.0010987279238179326, -0.003084687516093254, 0.0006230695289559662, -0.0004276381805539131, -0.00011590756184887141, -0.0013719637645408511, 0.0011119255796074867, -0.004614220466464758, 0.002499691676348448], [-0.0004712891241069883, 0.003939359448850155, -0.0027926191687583923, 0.008329718373715878, -0.004811422899365425, 0.0034039628226310015, -0.0008229597005993128, 0.0023847499396651983, -0.004079099744558334, 0.003622290911152959, -0.00359936966560781, 0.0023961144033819437, -0.002003604546189308], [0.0004958289791829884, -0.0035600403789430857, 0.0010987279238179326, -0.004811422899365425, 0.009422332048416138, -0.0023849797435104847, -3.108322198386304e-05, -0.002171560889109969, 0.00025707940221764147, -0.0038495317567139864, 0.0017376923933625221, -0.0023567781317979097, 0.0004602452099788934], [0.00023372413124889135, 0.0034528723917901516, -0.003084687516093254, 0.0034039628226310015, -0.0023849797435104847, 0.01185640785843134, -0.006947821006178856, 0.003430559765547514, -0.0035124984569847584, 0.00033423551940359175, -0.000861352018546313, 0.002283408772200346, -0.0013237049570307136], [-0.0005850592278875411, -0.0035466321278363466, 0.0006230695289559662, -0.0008229597005993128, -3.108322198386304e-05, -0.006947821006178856, 0.011168085969984531, -0.0042571816593408585, 0.0024117256980389357, -0.0017518758540973067, 0.00022552517475560308, -0.001329685328528285, 0.0018858955008909106], [-0.0006734008784405887, 0.003331450279802084, -0.0004276381805539131, 0.0023847499396651983, -0.002171560889109969, 0.003430559765547514, -0.0042571816593408585, 0.01257270760834217, -0.004740484990179539, -0.0007709843339398503, -0.0019174012122675776, 0.0037189736030995846, -0.005138810258358717], [0.0005060980329290032, -0.004038331098854542, -0.00011590756184887141, -0.004079099744558334, 0.00025707940221764147, -0.0035124984569847584, 0.0024117256980389357, -0.004740484990179539, 0.013815880753099918, -0.003761390456929803, 0.0026001182850450277, -0.002105443039909005, 0.0007534254691563547], [-0.0005193273536860943, 0.005083946045488119, -0.0013719637645408511, 0.003622290911152959, -0.0038495317567139864, 0.00033423551940359175, -0.0017518758540973067, -0.0007709843339398503, -0.003761390456929803, 0.016695111989974976, -0.006482544355094433, 0.0037543096113950014, -0.0003311042964924127], [0.00045592262176796794, -0.0047796075232326984, 0.0011119255796074867, -0.00359936966560781, 0.0017376923933625221, -0.000861352018546313, 0.00022552517475560308, -0.0019174012122675776, 0.0026001182850450277, -0.006482544355094433, 0.015210631303489208, -0.003231652081012726, -0.004554710816591978], [0.0007434915169142187, 0.004794021137058735, -0.004614220466464758, 0.0023961144033819437, -0.0023567781317979097, 0.002283408772200346, -0.001329685328528285, 0.0037189736030995846, -0.002105443039909005, 0.0037543096113950014, -0.003231652081012726, 0.013523997738957405, -0.004400733392685652], [-4.503773743635975e-05, -0.0026523524429649115, 0.002499691676348448, -0.002003604546189308, 0.0004602452099788934, -0.0013237049570307136, 0.0018858955008909106, -0.005138810258358717, 0.0007534254691563547, -0.0003311042964924127, -0.004554710816591978, -0.004400733392685652, 0.016633102670311928]], "lowlevel.mfcc.cov": [[3024.166259765625, -1343.4180908203125, 242.5272216796875, -1.2523086071014404, -276.5513610839844, -95.89131927490234, -13.366260528564453, -111.46736145019531, 70.07593536376953, 155.1796875, -10.18940258026123, -144.42066955566406, -174.98651123046875], [-1343.4180908203125, 1446.6011962890625, -431.8668212890625, -58.53711700439453, 155.11773681640625, -98.4360580444336, 218.4893035888672, 51.35562515258789, -19.47974395751953, 172.8511505126953, -20.86124038696289, 123.96353912353516, 74.87225341796875], [242.5272216796875, -431.8668212890625, 524.9028930664062, 78.73017120361328, -23.889076232910156, 223.5413818359375, -96.59954071044922, 74.08475494384766, 32.666988372802734, -135.703857421875, 93.6729736328125, -22.26932144165039, 15.64026927947998], [-1.2523086071014404, -58.53711700439453, 78.73017120361328, 280.6571350097656, 143.0097198486328, 40.23505783081055, -25.972747802734375, 45.17228698730469, 26.114105224609375, -21.952064514160156, 9.488970756530762, 65.8364028930664, 61.79903030395508], [-276.5513610839844, 155.11773681640625, -23.889076232910156, 143.0097198486328, 256.7740478515625, 7.587068557739258, 25.93798828125, 28.279579162597656, 30.117576599121094, 48.98123550415039, -3.534259080886841, 98.1243667602539, 69.88680267333984], [-95.89131927490234, -98.4360580444336, 223.5413818359375, 40.23505783081055, 7.587068557739258, 314.805419921875, -29.363855361938477, 77.6823501586914, 52.76301193237305, -87.38880157470703, 111.27471160888672, -16.87276268005371, 39.259925842285156], [-13.366260528564453, 218.4893035888672, -96.59954071044922, -25.972747802734375, 25.93798828125, -29.363855361938477, 242.21347045898438, 21.858280181884766, 25.654529571533203, 145.70826721191406, 4.11030387878418, 68.98167419433594, 30.405134201049805], [-111.46736145019531, 51.35562515258789, 74.08475494384766, 45.17228698730469, 28.279579162597656, 77.6823501586914, 21.858280181884766, 123.66331481933594, 49.91936492919922, -19.473098754882812, 39.791107177734375, 22.6149959564209, 37.826663970947266], [70.07593536376953, -19.47974395751953, 32.666988372802734, 26.114105224609375, 30.117576599121094, 52.76301193237305, 25.654529571533203, 49.91936492919922, 126.94766235351562, 57.96059036254883, 40.582298278808594, 20.89280891418457, 19.61175537109375], [155.1796875, 172.8511505126953, -135.703857421875, -21.952064514160156, 48.98123550415039, -87.38880157470703, 145.70826721191406, -19.473098754882812, 57.96059036254883, 257.7406311035156, 13.234070777893066, 55.90488052368164, -2.8548598289489746], [-10.18940258026123, -20.86124038696289, 93.6729736328125, 9.488970756530762, -3.534259080886841, 111.27471160888672, 4.11030387878418, 39.791107177734375, 40.582298278808594, 13.234070777893066, 128.1003875732422, 19.777000427246094, 8.338464736938477], [-144.42066955566406, 123.96353912353516, -22.26932144165039, 65.8364028930664, 98.1243667602539, -16.87276268005371, 68.98167419433594, 22.6149959564209, 20.89280891418457, 55.90488052368164, 19.777000427246094, 129.9912872314453, 57.10931396484375], [-174.98651123046875, 74.87225341796875, 15.64026927947998, 61.79903030395508, 69.88680267333984, 39.259925842285156, 30.405134201049805, 37.826663970947266, 19.61175537109375, -2.8548598289489746, 8.338464736938477, 57.10931396484375, 108.54449462890625]], "lowlevel.mfcc.icov": [[0.000890782568603754, 0.0008530232589691877, -6.972099072299898e-05, -0.0004900390631519258, 0.0007100870716385543, 0.00016955679166130722, -0.00032802167697809637, 4.394863935885951e-05, -0.0001267268235096708, -0.0011204350739717484, 0.0002416450879536569, 0.0003071405808441341, 0.0005080061964690685], [0.0008530232589691877, 0.0020624317694455385, 0.000986334984190762, 6.545075302710757e-05, 4.3270705646136776e-05, -0.00012105114001315087, -0.0006465125479735434, -0.0010851722909137607, 0.0007282425067387521, -0.001287465333007276, 3.991352059529163e-05, -6.26892942818813e-05, 0.00021282648958731443], [-6.972099072299898e-05, 0.000986334984190762, 0.004125992301851511, -0.00029530414030887187, 8.19164706626907e-05, -0.0018491334049031138, 0.0003757230588234961, -0.0015111040556803346, 0.0005469432799145579, 0.0006361537962220609, -0.0009168064570985734, -0.00069851940497756, 0.0001741491287248209], [-0.0004900390631519258, 6.545075302710757e-05, -0.00029530414030887187, 0.006355741061270237, -0.0033388787414878607, 7.45785064282245e-06, 0.0010066532995551825, -0.0013417601585388184, 0.0001559137599542737, 0.0008726605447009206, 0.00018130982061848044, -0.0015116322319954634, -0.001302350778132677], [0.0007100870716385543, 4.3270705646136776e-05, 8.19164706626907e-05, -0.0033388787414878607, 0.008646605536341667, -0.001204666099511087, 0.0014295994769781828, 0.00018868455663323402, -0.0004222714633215219, -0.0027599369641393423, 0.002488292520865798, -0.0038030599243938923, -0.000780094473157078], [0.00016955679166130722, -0.00012105114001315087, -0.0018491334049031138, 7.45785064282245e-06, -0.001204666099511087, 0.007950744591653347, -0.0016894657164812088, -8.969655755208805e-05, -0.0020673831459134817, 0.002801872557029128, -0.005586785264313221, 0.003717253915965557, -0.0020559411495923996], [-0.00032802167697809637, -0.0006465125479735434, 0.0003757230588234961, 0.0010066532995551825, 0.0014295994769781828, -0.0016894657164812088, 0.0086176423355937, -0.0024268534034490585, 0.001601646887138486, -0.004671045579016209, 0.0021261342335492373, -0.0036742694210261106, -0.0012301199603825808], [4.394863935885951e-05, -0.0010851722909137607, -0.0015111040556803346, -0.0013417601585388184, 0.00018868455663323402, -8.969655755208805e-05, -0.0024268534034490585, 0.014066698960959911, -0.00535094877704978, 0.003300942713394761, -0.0018133344128727913, 0.0006320596439763904, -0.0016499240882694721], [-0.0001267268235096708, 0.0007282425067387521, 0.0005469432799145579, 0.0001559137599542737, -0.0004222714633215219, -0.0020673831459134817, 0.001601646887138486, -0.00535094877704978, 0.0131983682513237, -0.004932846873998642, -0.000486863253172487, -0.0002766770194284618, -0.0007699034758843482], [-0.0011204350739717484, -0.001287465333007276, 0.0006361537962220609, 0.0008726605447009206, -0.0027599369641393423, 0.002801872557029128, -0.004671045579016209, 0.003300942713394761, -0.004932846873998642, 0.011498866602778435, -0.0039053293876349926, 5.720473200199194e-05, 0.0008785721147432923], [0.0002416450879536569, 3.991352059529163e-05, -0.0009168064570985734, 0.00018130982061848044, 0.002488292520865798, -0.005586785264313221, 0.0021261342335492373, -0.0018133344128727913, -0.000486863253172487, -0.0039053293876349926, 0.015082886442542076, -0.0049785347655415535, 0.0022918451577425003], [0.0003071405808441341, -6.26892942818813e-05, -0.00069851940497756, -0.0015116322319954634, -0.0038030599243938923, 0.003717253915965557, -0.0036742694210261106, 0.0006320596439763904, -0.0002766770194284618, 5.720473200199194e-05, -0.0049785347655415535, 0.016934605315327644, -0.005063239485025406], [0.0005080061964690685, 0.00021282648958731443, 0.0001741491287248209, -0.001302350778132677, -0.000780094473157078, -0.0020559411495923996, -0.0012301199603825808, -0.0016499240882694721, -0.0007699034758843482, 0.0008785721147432923, 0.0022918451577425003, -0.005063239485025406, 0.01541692391037941]], "metadata.audio_properties.analysis.downmix": "mix", "metadata.audio_properties.codec": "mp3", "metadata.audio_properties.md5_encoded": "8ea1af19ea87f76edd7ef0009061a18c", "metadata.tags.file_name": "1182281374166683668.mp3", "metadata.version.essentia": "2.1-beta6-dev", "metadata.versio