{"song_id": "1182271876173676574", "download": "https://cdn.discordapp.com/attachments/1128313332273782784/1182271876173676574/chirp.mp4?ex=6584177c&amp", "lyrics": "\u0414\u043e\u0440\u043e\u0433\u0430\u044f, \u0443 \u043d\u0430\u0441 \u0437\u0430\u0432\u0435\u043b\u0441\u044f \u0411\u0430\u0431\u0430\u0431\u0443\u043a!\n\u041e\u043d \u043f\u043e\u0434\u043b\u0438\u043b \u043d\u0430\u043c \u0413\u0435\u043a\u0442\u043e\u0440 \u0432 \u0441\u0443\u043f.\n\u041e\u043d \u0437\u0430\u0431\u0440\u0430\u043b \u043d\u0430\u0448\u0443 \u0440\u0430\u0431\u043e\u0442\u0443.\n\u041e\u043d \u043d\u043e\u0447\u0430\u043c\u0438 \u0437\u0430\u0432\u044b\u0432\u0430\u0435\u0442 \"\u0428\u043e\u043e\u043e\u043e\u043e\u043e\u043e\u043e\"", "style": ["\u0440\u043e\u0440"], "essentia_features": {"lowlevel.average_loudness": 0.9781616926193237, "lowlevel.barkbands_crest.mean": 12.263766288757324, "lowlevel.barkbands_crest.stdev": 4.217791557312012, "lowlevel.barkbands_flatness_db.mean": 0.28643015027046204, "lowlevel.barkbands_flatness_db.stdev": 0.08681803196668625, "lowlevel.barkbands_kurtosis.mean": 13.235556602478027, "lowlevel.barkbands_kurtosis.stdev": 17.630727767944336, "lowlevel.barkbands_skewness.mean": 2.226489782333374, "lowlevel.barkbands_skewness.stdev": 1.5971449613571167, "lowlevel.barkbands_spread.mean": 11.769198417663574, "lowlevel.barkbands_spread.stdev": 18.782934188842773, "lowlevel.dissonance.mean": 0.39758598804473877, "lowlevel.dissonance.stdev": 0.07089792937040329, "lowlevel.dynamic_complexity": 3.393981456756592, "lowlevel.erbbands_crest.mean": 12.665922164916992, "lowlevel.erbbands_crest.stdev": 5.27851676940918, "lowlevel.erbbands_flatness_db.mean": 0.2630791664123535, "lowlevel.erbbands_flatness_db.stdev": 0.06900954991579056, "lowlevel.erbbands_kurtosis.mean": 3.8053224086761475, "lowlevel.erbbands_kurtosis.stdev": 5.89898157119751, "lowlevel.erbbands_skewness.mean": 1.1300387382507324, "lowlevel.erbbands_skewness.stdev": 1.3339275121688843, "lowlevel.erbbands_spread.mean": 27.36244773864746, "lowlevel.erbbands_spread.stdev": 24.757532119750977, "lowlevel.hfc.mean": 9.845284461975098, "lowlevel.hfc.stdev": 9.912942886352539, "lowlevel.loudness_ebu128.integrated": -22.028749465942383, "lowlevel.loudness_ebu128.loudness_range": 1.5184974670410156, "lowlevel.loudness_ebu128.momentary.mean": -22.363855361938477, "lowlevel.loudness_ebu128.momentary.stdev": 1.8360391855239868, "lowlevel.loudness_ebu128.short_term.mean": -21.793363571166992, "lowlevel.loudness_ebu128.short_term.stdev": 0.5295111536979675, "lowlevel.melbands_crest.mean": 16.594335556030273, "lowlevel.melbands_crest.stdev": 5.141754627227783, "lowlevel.melbands_flatness_db.mean": 0.3685970604419708, "lowlevel.melbands_flatness_db.stdev": 0.11434393376111984, "lowlevel.melbands_kurtosis.mean": 22.6892147064209, "lowlevel.melbands_kurtosis.stdev": 30.44252586364746, "lowlevel.melbands_skewness.mean": 2.8913445472717285, "lowlevel.melbands_skewness.stdev": 2.0273935794830322, "lowlevel.melbands_spread.mean": 14.247186660766602, "lowlevel.melbands_spread.stdev": 29.031982421875, "lowlevel.pitch_salience.mean": 0.5367283225059509, "lowlevel.pitch_salience.stdev": 0.132330060005188, "lowlevel.silence_rate_20dB.mean": 1.0, "lowlevel.silence_rate_20dB.stdev": 0.0, "lowlevel.silence_rate_30dB.mean": 0.9978723526000977, "lowlevel.silence_rate_30dB.stdev": 0.04607749357819557, "lowlevel.silence_rate_60dB.mean": 0.0659574493765831, "lowlevel.silence_rate_60dB.stdev": 0.24820786714553833, "lowlevel.spectral_centroid.mean": 722.1140747070312, "lowlevel.spectral_centroid.stdev": 768.5914306640625, "lowlevel.spectral_complexity.mean": 7.391489505767822, "lowlevel.spectral_complexity.stdev": 4.344222068786621, "lowlevel.spectral_decrease.mean": -5.638220557102613e-09, "lowlevel.spectral_decrease.stdev": 5.284755744128233e-09, "lowlevel.spectral_energy.mean": 0.02217291295528412, "lowlevel.spectral_energy.stdev": 0.020546453073620796, "lowlevel.spectral_energyband_high.mean": 0.00020502720144577324, "lowlevel.spectral_energyband_high.stdev": 0.0007974703330546618, "lowlevel.spectral_energyband_low.mean": 0.005410117097198963, "lowlevel.spectral_energyband_low.stdev": 0.009454101324081421, "lowlevel.spectral_energyband_middle_high.mean": 0.0014859086368232965, "lowlevel.spectral_energyband_middle_high.stdev": 0.0018672607839107513, "lowlevel.spectral_energyband_middle_low.mean": 0.016470229253172874, "lowlevel.spectral_energyband_middle_low.stdev": 0.01705806329846382, "lowlevel.spectral_entropy.mean": 6.379087448120117, "lowlevel.spectral_entropy.stdev": 0.8710134029388428, "lowlevel.spectral_flux.mean": 0.07075228542089462, "lowlevel.spectral_flux.stdev": 0.0508749857544899, "lowlevel.spectral_kurtosis.mean": 23.807464599609375, "lowlevel.spectral_kurtosis.stdev": 42.366424560546875, "lowlevel.spectral_rms.mean": 0.004183928482234478, "lowlevel.spectral_rms.stdev": 0.0020314722787588835, "lowlevel.spectral_rolloff.mean": 952.317138671875, "lowlevel.spectral_rolloff.stdev": 1803.1622314453125, "lowlevel.spectral_skewness.mean": 2.995117425918579, "lowlevel.spectral_skewness.stdev": 2.2440378665924072, "lowlevel.spectral_spread.mean": 3004419.0, "lowlevel.spectral_spread.stdev": 2245581.5, "lowlevel.spectral_strongpeak.mean": 0.9181991219520569, "lowlevel.spectral_strongpeak.stdev": 0.9067350625991821, "lowlevel.zerocrossingrate.mean": 0.03486016392707825, "lowlevel.zerocrossingrate.stdev": 0.04915592446923256, "metadata.audio_properties.analysis.equal_loudness": 0.0, "metadata.audio_properties.analysis.length": 10.879977226257324, "metadata.audio_properties.analysis.sample_rate": 44100.0, "metadata.audio_properties.analysis.start_time": 0.0, "metadata.audio_properties.bit_rate": 112141.0, "metadata.audio_properties.length": 10.880000114440918, "metadata.audio_properties.lossless": 0.0, "metadata.audio_properties.number_channels": 1.0, "metadata.audio_properties.replay_gain": -6.369617462158203, "metadata.audio_properties.sample_rate": 48000.0, "rhythm.beats_count": 21.0, "rhythm.beats_loudness.mean": 0.04630447179079056, "rhythm.beats_loudness.stdev": 0.020105736330151558, "rhythm.bpm": 123.22911071777344, "rhythm.bpm_histogram_first_peak_bpm": 123.0, "rhythm.bpm_histogram_first_peak_weight": 0.2777777910232544, "rhythm.bpm_histogram_second_peak_bpm": 112.0, "rhythm.bpm_histogram_second_peak_spread": 0.0, "rhythm.bpm_histogram_second_peak_weight": 0.05000000074505806, "rhythm.danceability": 1.6666016578674316, "rhythm.onset_rate": 4.494683742523193, "tonal.chords_changes_rate": 0.0762711837887764, "tonal.chords_number_rate": 0.033898305147886276, "tonal.chords_strength.mean": 0.5184419751167297, "tonal.chords_strength.stdev": 0.11337320506572723, "tonal.hpcp_crest.mean": 14.539997100830078, "tonal.hpcp_crest.stdev": 6.387697219848633, "tonal.hpcp_entropy.mean": 1.8593871593475342, "tonal.hpcp_entropy.stdev": 0.7878084182739258, "tonal.key_edma.strength": 0.5631543397903442, "tonal.key_krumhansl.strength": 0.5474283695220947, "tonal.key_temperley.strength": 0.5570456385612488, "tonal.tuning_diatonic_strength": 0.6351913213729858, "tonal.tuning_equal_tempered_deviation": 0.27706778049468994, "tonal.tuning_frequency": 447.9497375488281, "tonal.tuning_nontempered_energy_ratio": 0.9427512884140015, "lowlevel.barkbands.mean": [2.706168743316084e-05, 0.0023491173051297665, 0.001666602329351008, 0.0038014273159205914, 0.002724960446357727, 0.004957688041031361, 0.0022979502100497484, 0.0019680922850966454, 0.0006652517477050424, 0.0002958068798761815, 0.00019936883472837508, 0.00031917064916342497, 0.00015127316873986274, 6.236439367057756e-05, 6.877849227748811e-05, 5.795702963951044e-05, 0.00011041393008781597, 0.0001575492206029594, 8.149915811372921e-05, 9.500868145551067e-06, 1.6390289601986296e-05, 3.5645414754981175e-05, 4.346421337686479e-05, 6.840800051577389e-05, 3.369783371454105e-05, 3.5118266623612726e-06, 1.4157229832889584e-09], "lowlevel.barkbands.stdev": [4.8797399358591065e-05, 0.006942689418792725, 0.0032588359899818897, 0.0039911032654345036, 0.005062219221144915, 0.00933859497308731, 0.007318195886909962, 0.004461709875613451, 0.0018577512819319963, 0.0006375917000696063, 0.0005367492558434606, 0.0008298080647364259, 0.00044667127076536417, 0.0002247766824439168, 0.00037442464963532984, 0.0001377696607960388, 0.00027330726152285933, 0.0002597183920443058, 0.00014205421030055732, 2.573477650003042e-05, 5.815260738017969e-05, 0.00013037108874414116, 0.00016193855844903737, 0.0003195958852302283, 0.0001857643510447815, 1.908393096528016e-05, 7.64528618191207e-09], "lowlevel.erbbands.mean": [0.04600915685296059, 0.6090154647827148, 1.8299705982208252, 7.135207176208496, 15.209968566894531, 6.200771808624268, 10.573975563049316, 54.159915924072266, 42.4244270324707, 35.00395965576172, 34.78363800048828, 17.690759658813477, 7.514361381530762, 9.451249122619629, 9.343562126159668, 13.385401725769043, 8.379487037658691, 4.072369575500488, 3.6395556926727295, 3.0080950260162354, 3.9352593421936035, 6.811245918273926, 8.685752868652344, 5.948741912841797, 2.571892499923706, 0.4932697117328644, 0.5367639064788818, 0.7919566035270691, 1.1932703256607056, 1.300988793373108, 1.2500286102294922, 1.1945465803146362, 1.2475148439407349, 0.6146315932273865, 0.12721560895442963, 0.026849858462810516, 0.00451300386339426, 0.00028828525682911277, 1.9494134903652593e-05, 2.6145587980863638e-05], "lowlevel.erbbands.stdev": [0.13194899260997772, 1.7803882360458374, 3.670013904571533, 7.686665058135986, 16.647552490234375, 16.918109893798828, 25.305614471435547, 100.94207000732422, 132.88365173339844, 65.78189849853516, 95.80136108398438, 41.92705535888672, 16.38300132751465, 20.253337860107422, 19.913650512695312, 36.27280044555664, 22.042919158935547, 10.159374237060547, 17.957197189331055, 14.55321979522705, 9.406213760375977, 15.471138000488281, 13.505413055419922, 10.843314170837402, 4.799103736877441, 1.1835700273513794, 1.9248645305633545, 2.7411916255950928, 4.314365863800049, 4.77001953125, 4.798405170440674, 5.243945121765137, 6.080436706542969, 3.4981658458709717, 0.6222414374351501, 0.13532546162605286, 0.02550813928246498, 0.001599316718056798, 4.309102951083332e-05, 2.298633989994414e-05], "lowlevel.gfcc.mean": [-133.33407592773438, 162.6573486328125, -92.29312133789062, 32.395790100097656, -48.963321685791016, -7.428599834442139, -47.365074157714844, 9.63604736328125, -15.607247352600098, -26.47193717956543, 5.85927152633667, -6.276915073394775, -16.69401741027832], "lowlevel.melbands.mean": [0.0005517000681720674, 0.0009494518162682652, 0.0015771777834743261, 0.0007867818349041045, 0.000324398948578164, 0.0011424572439864278, 0.0005898515810258687, 0.00039068187470547855, 0.00026025008992291987, 9.521439642412588e-05, 3.6080855352338403e-05, 3.9957118133315817e-05, 2.9380231353570707e-05, 3.218470374122262e-05, 2.7756455892813392e-05, 1.5667399566154927e-05, 6.3678971855551936e-06, 5.755542133556446e-06, 4.86494718643371e-06, 3.5322163967066444e-06, 4.742500095744617e-06, 6.763501460227417e-06, 8.183704267139547e-06, 6.93316951583256e-06, 4.6984769142000005e-06, 2.697782747418387e-06, 6.447471605497412e-07, 2.3216323086217017e-07, 2.820426061589387e-07, 4.174685557245539e-07, 4.808559310731653e-07, 6.88994987285696e-07, 6.864939336992393e-07, 7.291558858923963e-07, 7.310060254894779e-07, 6.573084192496026e-07, 7.61963747208938e-07, 8.501007755512546e-07, 8.008913710000343e-07, 4.423586688062642e-07], "lowlevel.melbands.stdev": [0.0016220142133533955, 0.0019403427140787244, 0.0014299480244517326, 0.0013547185808420181, 0.0007294128299690783, 0.0020995449740439653, 0.0017993514193221927, 0.0007680962444283068, 0.0007291415822692215, 0.00023442476231139153, 8.178397547453642e-05, 8.724147483007982e-05, 7.417998131131753e-05, 8.129081106744707e-05, 7.879508484620601e-05, 4.8035886720754206e-05, 1.7520775145385414e-05, 2.905358633142896e-05, 3.098717570537701e-05, 1.0078298146254383e-05, 1.231023452419322e-05, 1.819519093260169e-05, 1.4246477803681046e-05, 1.1487616575323045e-05, 9.225606845575385e-06, 5.285557563183829e-06, 1.5107207218534313e-06, 7.317335075640585e-07, 9.942423275788315e-07, 1.6796013824205147e-06, 1.710951096356439e-06, 2.5387898858753033e-06, 2.599717618068098e-06, 2.6654981866158778e-06, 2.7627690997178433e-06, 2.8141339498688467e-06, 3.4884374144894537e-06, 3.966170879721176e-06, 4.582866040436784e-06, 2.578439307399094e-06], "lowlevel.melbands128.mean": [2.1101581296534277e-05, 0.00023918348597362638, 0.0008222712203860283, 0.0010625856230035424, 0.0008961976855061948, 0.0008423441322520375, 0.0012368746101856232, 0.0022056035231798887, 0.0015826452290639281, 0.0007734908722341061, 0.0002083207800751552, 5.7289253163617104e-05, 0.00016649220196995884, 0.000815108825918287, 0.0015358098316937685, 0.0010962372180074453, 0.0008048971649259329, 0.000549257209058851, 0.0002231183898402378, 0.00041216370300389826, 0.0004789485828951001, 0.0003046435595024377, 0.0002704971993807703, 0.000155707384692505, 0.00011882583203259856, 7.375902350759134e-05, 2.4537639546906576e-05, 2.89636282104766e-05, 4.240931593813002e-05, 6.0231544921407476e-05, 2.5386829292983748e-05, 2.881666659959592e-05, 2.9877432098146528e-05, 3.303660560050048e-05, 2.3437449272023514e-05, 3.0628638342022896e-05, 4.9714559281710535e-05, 2.9495489798136987e-05, 1.1261143299634568e-05, 2.1390958863776177e-05, 1.740538027661387e-05, 7.2402840487484355e-06, 5.861689714947715e-06, 6.34410298516741e-06, 4.958192675985629e-06, 6.341085281746928e-06, 5.7579313761380035e-06, 4.799655926035484e-06, 5.1046877160843e-06, 2.892027623602189e-06, 3.01853401651897e-06, 4.482111762627028e-06, 4.5272777242644224e-06, 4.421376161189983e-06, 6.047667284292402e-06, 7.436026407958707e-06, 7.198233106464613e-06, 6.539089099533157e-06, 9.815773410082329e-06, 8.970936505647842e-06, 6.2208705458033364e-06, 6.0491024669317994e-06, 5.598848929366795e-06, 4.130731667828513e-06, 3.483032287476817e-06, 3.1823376502870815e-06, 1.966204081327305e-06, 8.004188885024632e-07, 3.9588030631421134e-07, 2.947645612039196e-07, 1.9412128438034415e-07, 2.3108736968424637e-07, 2.390975453181454e-07, 2.7037191330236965e-07, 3.380088742233056e-07, 4.7248644818864705e-07, 4.196707834580593e-07, 3.8519826262017887e-07, 4.3632226720546896e-07, 6.116171675785154e-07, 7.794361067681166e-07, 6.658812026216765e-07, 6.323371053440496e-07, 6.565038006556279e-07, 7.788060543134634e-07, 7.356825335591566e-07, 6.715315521432785e-07, 7.897352247709932e-07, 7.451993155882519e-07, 6.881809895276092e-07, 7.045762799862132e-07, 6.122859872448316e-07, 6.064860258447879e-07, 9.0829456667052e-07, 7.463675615326792e-07, 6.480111096607288e-07, 9.078566449716163e-07, 1.0714159088820452e-06, 9.17605234462826e-07, 5.846836756973062e-07, 5.322233391780173e-07, 4.573461751533614e-07, 2.95517452286731e-07, 1.7445061928356154e-07, 1.061458121398573e-07, 7.51373292473545e-08, 6.186775181049597e-08, 6.656350848288639e-08, 4.8687009979175855e-08, 2.0687876300939934e-08, 1.3777026630634737e-08, 1.3139361598746291e-08, 1.712987085511486e-08, 1.0426493446402674e-08, 4.304456791004441e-09, 1.5359065130837735e-09, 8.446231214431776e-11, 9.514272182598038e-12, 3.605998962971646e-12, 3.514180699909497e-12, 3.4133583546452906e-12, 3.3405643702633103e-12, 3.304959387759321e-12, 3.2474680496802355e-12, 3.0960123787587834e-12, 2.868139536635339e-12, 2.7431175820408216e-12, 2.7140824310212253e-12], "lowlevel.melbands128.stdev": [4.1559287637937814e-05, 0.0006732990732416511, 0.0025777695700526237, 0.003244384890422225, 0.0022069751285016537, 0.0015623759245499969, 0.0017206640914082527, 0.0023481580428779125, 0.001931933220475912, 0.0024484689347445965, 0.0007556560449302197, 0.00013641727855429053, 0.0005751596763730049, 0.0022562723606824875, 0.003073302563279867, 0.0029829072300344706, 0.0030984675977379084, 0.0024077531415969133, 0.0006548690726049244, 0.0010005716467276216, 0.001219051075167954, 0.001038404880091548, 0.001101066591218114, 0.0006732236943207681, 0.0003543888742569834, 0.00023840126232244074, 9.725680865813047e-05, 0.00011029401503037661, 0.00013075137394480407, 0.0001566842693137005, 8.660348248668015e-05, 0.00012110474199289456, 0.00010763598402263597, 8.684083150001243e-05, 0.00010652458877302706, 0.00012174514995422214, 0.0001661601709201932, 0.00012333859922364354, 4.7457469918299466e-05, 8.146576146828011e-05, 6.943399785086513e-05, 3.282862962805666e-05, 1.779021113179624e-05, 2.302079701621551e-05, 3.799803016590886e-05, 3.5411594581091776e-05, 2.84060079138726e-05, 4.3387666664784774e-05, 3.52399074472487e-05, 1.0980859769915696e-05, 8.423511644650716e-06, 1.408225125487661e-05, 1.484571930632228e-05, 1.2493878784880508e-05, 2.5236122382921167e-05, 2.222615876235068e-05, 2.3071630494087003e-05, 1.2439891179383267e-05, 2.3988714019651525e-05, 1.6224656064878218e-05, 1.2375858204904944e-05, 1.4362454749061726e-05, 1.3226041119196452e-05, 1.0287855729984585e-05, 7.693059160374105e-06, 7.203472250694176e-06, 4.447349510883214e-06, 2.585994479886722e-06, 1.0945743724732893e-06, 8.81231926541659e-07, 6.442688231800275e-07, 9.338830864180636e-07, 8.273716503026662e-07, 9.69084567259415e-07, 1.332939746134798e-06, 2.2556639578397153e-06, 1.7214548506672145e-06, 1.4317606655822601e-06, 1.7093875612772536e-06, 2.434473117318703e-06, 3.050353143407847e-06, 2.5522917894704733e-06, 2.457262780808378e-06, 2.6541974875726737e-06, 3.114522769465111e-06, 3.0232013159547932e-06, 2.5248309611924924e-06, 2.8894553452119e-06, 2.943898152807378e-06, 2.9847569749108516e-06, 3.1196070722216973e-06, 2.7940563995798584e-06, 2.937377530543017e-06, 4.26711858381168e-06, 3.6345134049042827e-06, 3.2078326057671802e-06, 4.386211912787985e-06, 5.4445954447146505e-06, 5.951093498879345e-06, 3.591982704165275e-06, 3.0053674890950788e-06, 2.9912805530329933e-06, 1.6512639149368624e-06, 9.002680485536985e-07, 5.649793024531391e-07, 3.4720483199635055e-07, 2.590096244148299e-07, 4.177432231244893e-07, 2.6721173185251246e-07, 1.0483173440434257e-07, 9.537865963693548e-08, 8.821061214803194e-08, 1.1369189678589464e-07, 7.203845342473869e-08, 2.624111061777512e-08, 1.298617924305745e-08, 8.707550791520191e-10, 9.180299576083684e-11, 5.787012362368227e-12, 5.635671616877058e-12, 5.496547661465456e-12, 5.367418315360695e-12, 5.263957672529962e-12, 5.177708956027871e-12, 5.103361743613588e-12, 5.041658063253962e-12, 4.9976407560936575e-12, 4.970092046252539e-12], "lowlevel.mfcc.mean": [-783.4955444335938, 185.925048828125, 22.67108154296875, 32.55458068847656, 25.518783569335938, -18.38691520690918, -9.163077354431152, 21.51871109008789, -23.017969131469727, -7.058405876159668, 5.531230926513672, -3.9436330795288086, -0.5107095837593079], "lowlevel.spectral_contrast_coeffs.mean": [-0.6376273036003113, -0.6538392901420593, -0.7540640234947205, -0.8154083490371704, -0.7107338309288025, -0.8101967573165894], "lowlevel.spectral_contrast_coeffs.stdev": [0.09091252833604813, 0.12460114806890488, 0.09763132780790329, 0.05547001585364342, 0.10623951256275177, 0.04470442980527878], "lowlevel.spectral_contrast_valleys.mean": [-7.230874061584473, -7.711671352386475, -8.834875106811523, -9.199223518371582, -9.756182670593262, -12.280170440673828], "lowlevel.spectral_contrast_valleys.stdev": [0.7897789478302002, 0.9400476813316345, 1.0628809928894043, 1.1563258171081543, 1.3086707592010498, 1.5368919372558594], "rhythm.beats_loudness_band_ratio.mean": [0.44675135612487793, 0.3129487633705139, 0.2629640996456146, 0.03595110401511192, 0.021099496632814407, 0.0061886608600616455], "rhythm.beats_loudness_band_ratio.stdev": [0.24302370846271515, 0.19534088671207428, 0.2247191220521927, 0.033321794122457504, 0.02794511802494526, 0.006510369945317507], "tonal.hpcp.mean": [0.04111779108643532, 0.05273537337779999, 0.09628897160291672, 0.07823103666305542, 0.07256628572940826, 0.0927710309624672, 0.07544746994972229, 0.06831096857786179, 0.09295633435249329, 0.08053232729434967, 0.0458078570663929, 0.06491973996162415, 0.06278323382139206, 0.06360751390457153, 0.10646014660596848, 0.09820215404033661, 0.06712626665830612, 0.055003583431243896, 0.07115019112825394, 0.10701996833086014, 0.10604549199342728, 0.12204743921756744, 0.25182032585144043, 0.345011830329895, 0.24081243574619293, 0.10645119100809097, 0.07204602658748627, 0.07874814420938492, 0.07936082780361176, 0.07403426617383957, 0.04769957810640335, 0.031172417104244232, 0.04458402097225189, 0.06441066414117813, 0.08870785683393478, 0.07957138121128082], "tonal.hpcp.stdev": [0.10247869789600372, 0.14125867187976837, 0.2207147777080536, 0.16256195306777954, 0.1660996675491333, 0.22620202600955963, 0.1970185786485672, 0.15989679098129272, 0.20457197725772858, 0.1773606389760971, 0.1444646120071411, 0.20154014229774475, 0.19755993783473969, 0.15800721943378448, 0.2587013840675354, 0.22630155086517334, 0.1758696287870407, 0.15303859114646912, 0.1900148242712021, 0.2632644772529602, 0.24778538942337036, 0.25213274359703064, 0.3441917300224304, 0.4059784710407257, 0.33826330304145813, 0.21156135201454163, 0.1844886988401413, 0.20514431595802307, 0.20404362678527832, 0.20576544106006622, 0.15459519624710083, 0.12195822596549988, 0.16674663126468658, 0.19871854782104492, 0.22788119316101074, 0.20001602172851562], "rhythm.beats_position": [0.5340589284896851, 1.0681178569793701, 1.5557368993759155, 2.043355941772461, 2.530975103378296, 3.0185940265655518, 3.5062131881713867, 4.005442142486572, 4.481451034545898, 4.9690704345703125, 5.433469295501709, 5.921088218688965, 6.408707141876221, 6.896326541900635, 7.383945465087891, 7.8715643882751465, 8.359183311462402, 8.835192680358887, 9.311202049255371, 9.798820495605469, 10.298049926757812], "rhythm.bpm_histogram": [0.0, 0.0, 0.0, 0.0, 0.0, 0.0, 0.0, 0.0, 0.0, 0.0, 0.0, 0.0, 0.0, 0.0, 0.0, 0.0, 0.0, 0.0, 0.0, 0.0, 0.0, 0.0, 0.0, 0.0, 0.0, 0.0, 0.0, 0.0, 0.0, 0.0, 0.0, 0.0, 0.0, 0.0, 0.0, 0.0, 0.0, 0.0, 0.0, 0.0, 0.0, 0.0, 0.0, 0.0, 0.0, 0.0, 0.0, 0.0, 0.0, 0.0, 0.0, 0.0, 0.0, 0.0, 0.0, 0.0, 0.0, 0.0, 0.0, 0.0, 0.0, 0.0, 0.0, 0.0, 0.0, 0.0, 0.0, 0.0, 0.0, 0.0, 0.0, 0.0, 0.0, 0.0, 0.0, 0.0, 0.0, 0.0, 0.0, 0.0, 0.0, 0.0, 0.0, 0.0, 0.0, 0.0, 0.0, 0.0, 0.0, 0.0, 0.0, 0.0, 0.0, 0.0, 0.0, 0.0, 0.0, 0.0, 0.0, 0.0, 0.0, 0.0, 0.0, 0.0, 0.0, 0.0, 0.0, 0.0, 0.0, 0.0, 0.0, 0.0, 0.05000000074505806, 0.0, 0.0, 0.0, 0.0, 0.0, 0.0, 0.0, 0.10000000149011612, 0.0, 0.0, 0.6499999761581421, 0.0, 0.0, 0.15000000596046448, 0.0, 0.0, 0.05000000074505806, 0.0, 0.0, 0.0, 0.0, 0.0, 0.0, 0.0, 0.0, 0.0, 0.0, 0.0, 0.0, 0.0, 0.0, 0.0, 0.0, 0.0, 0.0, 0.0, 0.0, 0.0, 0.0, 0.0, 0.0, 0.0, 0.0, 0.0, 0.0, 0.0, 0.0, 0.0, 0.0, 0.0, 0.0, 0.0, 0.0, 0.0, 0.0, 0.0, 0.0, 0.0, 0.0, 0.0, 0.0, 0.0, 0.0, 0.0, 0.0, 0.0, 0.0, 0.0, 0.0, 0.0, 0.0, 0.0, 0.0, 0.0, 0.0, 0.0, 0.0, 0.0, 0.0, 0.0, 0.0, 0.0, 0.0, 0.0, 0.0, 0.0, 0.0, 0.0, 0.0, 0.0, 0.0, 0.0, 0.0, 0.0, 0.0, 0.0, 0.0, 0.0, 0.0, 0.0, 0.0, 0.0, 0.0, 0.0, 0.0, 0.0, 0.0, 0.0, 0.0, 0.0, 0.0, 0.0, 0.0, 0.0, 0.0, 0.0, 0.0, 0.0, 0.0, 0.0, 0.0, 0.0, 0.0, 0.0, 0.0, 0.0, 0.0, 0.0, 0.0, 0.0, 0.0, 0.0, 0.0, 0.0, 0.0, 0.0, 0.0], "tonal.chords_histogram": [0.0, 0.0, 0.0, 37.71186447143555, 0.0, 0.0, 0.0, 0.0, 4.661016941070557, 17.372880935668945, 27.542373657226562, 1.6949152946472168, 0.0, 0.0, 0.0, 0.0, 3.8135592937469482, 2.96610164642334, 4.237287998199463, 0.0, 0.0, 0.0, 0.0, 0.0], "tonal.thpcp": [1.0, 0.6979831457138062, 0.3085435926914215, 0.20882190763950348, 0.22824765741825104, 0.23002350330352783, 0.21458472311496735, 0.13825491070747375, 0.09035173058509827, 0.12922461330890656, 0.18669117987155914, 0.2571153938770294, 0.23063378036022186, 0.1191779151558876, 0.1528509110212326, 0.2790888845920563, 0.22674885392189026, 0.2103298455476761, 0.2688923180103302, 0.21868081390857697, 0.19799602031707764, 0.26942941546440125, 0.2334190309047699, 0.13277184963226318, 0.18816670775413513, 0.1819741427898407, 0.18436329066753387, 0.3085695505142212, 0.28463417291641235, 0.19456221163272858, 0.15942521393299103, 0.20622536540031433, 0.31019216775894165, 0.3073677122592926, 0.3537485599517822, 0.7298889756202698], "lowlevel.gfcc.cov": [[9931.408203125, -1760.7833251953125, -1894.149169921875, 194.2053680419922, -971.6814575195312, 388.5628967285156, -576.4515991210938, 395.2737731933594, -341.3255310058594, 108.8227767944336, 440.1567077636719, 23.748991012573242, -346.5831298828125], [-1760.7833251953125, 3749.405029296875, -29.50087547302246, -1697.9171142578125, 332.7237548828125, -1074.02099609375, 607.58935546875, 172.40631103515625, 335.9733581542969, -750.9581298828125, 466.01416015625, -69.99717712402344, 19.18271255493164], [-1894.149169921875, -29.50087547302246, 1415.87158203125, 325.8472900390625, 84.10945892333984, 103.40406799316406, 164.41387939453125, -152.19117736816406, -12.361564636230469, 98.3986587524414, -261.00567626953125, 62.52280044555664, 174.3763885498047], [194.2053680419922, -1697.9171142578125, 325.8472900390625, 1316.0523681640625, 113.14607238769531, 473.69866943359375, -262.5223693847656, -175.47097778320312, -29.810680389404297, 399.9334411621094, -306.0158386230469, 25.71111488342285, 99.15996551513672], [-971.6814575195312, 332.7237548828125, 84.10945892333984, 113.14607238769531, 595.6765747070312, 29.3465576171875, -104.44420623779297, -165.74078369140625, 127.01544952392578, 156.99815368652344, -62.588165283203125, -91.79772186279297, 73.88578033447266], [388.5628967285156, -1074.02099609375, 103.40406799316406, 473.69866943359375, 29.3465576171875, 554.873779296875, -196.52850341796875, -139.8486328125, -105.16363525390625, 341.5306701660156, -176.43226623535156, -43.783966064453125, 15.965533256530762], [-576.4515991210938, 607.58935546875, 164.41387939453125, -262.5223693847656, -104.44420623779297, -196.52850341796875, 468.4037170410156, 199.7764129638672, -4.223948001861572, -203.03150939941406, 73.18771362304688, 57.990962982177734, -2.659715414047241], [395.2737731933594, 172.40631103515625, -152.19117736816406, -175.47097778320312, -165.74078369140625, -139.8486328125, 199.7764129638672, 315.7571105957031, 12.265007019042969, -147.2727508544922, 105.40763092041016, 64.95759582519531, -40.763004302978516], [-341.3255310058594, 335.9733581542969, -12.361564636230469, -29.810680389404297, 127.01544952392578, -105.16363525390625, -4.223948001861572, 12.265007019042969, 207.33880615234375, -31.661088943481445, 9.509480476379395, -18.0478515625, 24.190725326538086], [108.8227767944336, -750.9581298828125, 98.3986587524414, 399.9334411621094, 156.99815368652344, 341.5306701660156, -203.03150939941406, -147.2727508544922, -31.661088943481445, 426.9125061035156, -147.9095458984375, -60.54826736450195, 54.020084381103516], [440.1567077636719, 466.01416015625, -261.00567626953125, -306.0158386230469, -62.588165283203125, -176.43226623535156, 73.18771362304688, 105.40763092041016, 9.509480476379395, -147.9095458984375, 240.12399291992188, 9.809710502624512, -60.253543853759766], [23.748991012573242, -69.99717712402344, 62.52280044555664, 25.71111488342285, -91.79772186279297, -43.783966064453125, 57.990962982177734, 64.95759582519531, -18.0478515625, -60.54826736450195, 9.809710502624512, 153.50758361816406, 26.863889694213867], [-346.5831298828125, 19.18271255493164, 174.3763885498047, 99.15996551513672, 73.88578033447266, 15.965533256530762, -2.659715414047241, -40.763004302978516, 24.190725326538086, 54.020084381103516, -60.253543853759766, 26.863889694213867, 129.907470703125]], "lowlevel.gfcc.icov": [[0.00023841779329814017, -0.00026505536516197026, 0.00023616467660758644, -0.00032105017453432083, 0.00048223548219539225, -0.0002902340784203261, 0.0004823953495360911, -0.00039796429337002337, 0.0003282627440057695, -0.00022619983064942062, -0.00023681660240981728, -7.691179780522361e-05, 0.00018866959726437926], [-0.00026505536516197026, 0.004103158600628376, -0.0008608820498920977, 0.003484626766294241, -0.0028490263503044844, 0.0026800944469869137, -0.0028341575525701046, 0.002178575610741973, -0.0027867869939655066, 0.0022164704278111458, -0.0021267130505293608, 0.002045742468908429, -0.002712922403588891], [0.00023616467660758644, -0.0008608820498920977, 0.0015343093546107411, -0.0009078874136321247, 0.0009031948866322637, -0.0006127015221863985, -5.822601815452799e-05, 0.00011476311919977888, 0.0007067775586619973, -0.0005422587273642421, 0.0011036955984309316, -0.0007192529155872762, -0.0002583801979199052], [-0.00032105017453432083, 0.003484626766294241, -0.0009078874136321247, 0.004449939355254173, -0.0025844404008239508, 0.001694121165201068, -0.002157721435651183, 0.001792254624888301, -0.002681142883375287, 0.001440559048205614, -0.0006945346831344068, 0.000973530113697052, -0.0023924228735268116], [0.00048223548219539225, -0.0028490263503044844, 0.0009031948866322637, -0.0025844404008239508, 0.0051360162906348705, -0.0015710716834291816, 0.0020872505847364664, -0.0006905471091158688, 0.0006417454569600523, -0.00265855947509408, 0.0007867862586863339, -0.0003793527721427381, 0.000995015143416822], [-0.0002902340784203261, 0.0026800944469869137, -0.0006127015221863985, 0.001694121165201068, -0.0015710716834291816, 0.00667487783357501, -0.0017554673831909895, 0.0017207772471010685, -0.0003711907484102994, -0.0013422779738903046, 2.224517629656475e-05, 0.0016934503801167011, -0.0007761380402371287], [0.0004823953495360911, -0.0028341575525701046, -5.822601815452799e-05, -0.002157721435651183, 0.0020872505847364664, -0.0017554673831909895, 0.006567658856511116, -0.004412581212818623, 0.002870460506528616, -0.0006662309169769287, 0.0009171389392577112, -0.0011134358355775476, 0.0016072981525212526], [-0.00039796429337002337, 0.002178575610741973, 0.00011476311919977888, 0.001792254624888301, -0.0006905471091158688, 0.0017207772471010685, -0.004412581212818623, 0.007815537974238396, -0.002909761155024171, 0.0009701363742351532, -0.001563896075822413, -0.0005683141062036157, -0.0008316247258335352], [0.0003282627440057695, -0.0027867869939655066, 0.0007067775586619973, -0.002681142883375287, 0.0006417454569600523, -0.0003711907484102994, 0.002870460506528616, -0.002909761155024171, 0.008787841536104679, -0.0011741335038095713, 0.0016289183404296637, -0.00042834499618038535, 0.0009073936962522566], [-0.00022619983064942062, 0.0022164704278111458, -0.0005422587273642421, 0.001440559048205614, -0.00265855947509408, -0.0013422779738903046, -0.0006662309169769287, 0.0009701363742351532, -0.0011741335038095713, 0.00751838181167841, -0.0007255054661072791, 0.0023021844681352377, -0.003055023727938533], [-0.00023681660240981728, -0.0021267130505293608, 0.0011036955984309316, -0.0006945346831344068, 0.0007867862586863339, 2.224517629656475e-05, 0.0009171389392577112, -0.001563896075822413, 0.0016289183404296637, -0.0007255054661072791, 0.009917779825627804, -0.001684819464571774, 0.002755523892119527], [-7.691179780522361e-05, 0.002045742468908429, -0.0007192529155872762, 0.000973530113697052, -0.0003793527721427381, 0.0016934503801167011, -0.0011134358355775476, -0.0005683141062036157, -0.00042834499618038535, 0.0023021844681352377, -0.001684819464571774, 0.010215314105153084, -0.004249878693372011], [0.00018866959726437926, -0.002712922403588891, -0.0002583801979199052, -0.0023924228735268116, 0.000995015143416822, -0.0007761380402371287, 0.0016072981525212526, -0.0008316247258335352, 0.0009073936962522566, -0.003055023727938533, 0.002755523892119527, -0.004249878693372011, 0.013334481976926327]], "lowlevel.mfcc.cov": [[9881.4296875, -1699.31640625, -1624.3438720703125, -506.7389831542969, -164.11441040039062, -423.3475036621094, -78.27733612060547, -0.7046283483505249, -677.9488525390625, -41.8739128112793, 340.8939208984375, 123.61298370361328, 71.77255249023438], [-1699.31640625, 4871.52490234375, -521.1967163085938, -671.8619384765625, -482.06500244140625, -1282.72998046875, -73.8528060913086, 742.74853515625, -388.0213317871094, -48.98087692260742, 101.28298950195312, -225.45965576171875, 177.71690368652344], [-1624.3438720703125, -521.1967163085938, 1256.142578125, 306.5701904296875, -77.16312408447266, 312.6114807128906, 110.14371490478516, -71.21605682373047, 280.4123229980469, -38.01132583618164, -145.30670166015625, -13.902445793151855, -88.61752319335938], [-506.7389831542969, -671.8619384765625, 306.5701904296875, 617.6277465820312, 178.38743591308594, 269.0393371582031, -28.76738166809082, -64.26707458496094, 200.54762268066406, 4.002617359161377, -36.94956588745117, -4.035825729370117, -54.25057601928711], [-164.11441040039062, -482.06500244140625, -77.16312408447266, 178.38743591308594, 622.247314453125, 424.59185791015625, -139.0845184326172, -348.3277893066406, 103.61548614501953, 73.28543853759766, -54.81242752075195, 68.56832885742188, -24.148975372314453], [-423.3475036621094, -1282.72998046875, 312.6114807128906, 269.0393371582031, 424.59185791015625, 854.89697265625, 31.4381103515625, -524.0350341796875, 279.18121337890625, 49.80300521850586, -124.0079345703125, 129.74871826171875, -39.38153839111328], [-78.27733612060547, -73.8528060913086, 110.14371490478516, -28.76738166809082, -139.0845184326172, 31.4381103515625, 287.0812683105469, 20.4204158782959, 16.496170043945312, 26.011920928955078, -13.4999418258667, 24.560819625854492, 35.43120574951172], [-0.7046283483505249, 742.74853515625, -71.21605682373047, -64.26707458496094, -348.3277893066406, -524.0350341796875, 20.4204158782959, 567.5031127929688, -130.56033325195312, -59.30906295776367, 86.06277465820312, -96.41169738769531, 20.245941162109375], [-677.9488525390625, -388.0213317871094, 280.4123229980469, 200.54762268066406, 103.61548614501953, 279.18121337890625, 16.496170043945312, -130.56033325195312, 306.2262878417969, 40.655967712402344, -52.49382400512695, 30.813791275024414, -24.06865119934082], [-41.8739128112793, -48.98087692260742, -38.01132583618164, 4.002617359161377, 73.28543853759766, 49.80300521850586, 26.011920928955078, -59.30906295776367, 40.655967712402344, 189.24310302734375, 21.64082145690918, -8.428459167480469, 0.03164345398545265], [340.8939208984375, 101.28298950195312, -145.30670166015625, -36.94956588745117, -54.81242752075195, -124.0079345703125, -13.4999418258667, 86.06277465820312, -52.49382400512695, 21.64082145690918, 168.31211853027344, 29.765165328979492, -20.440797805786133], [123.61298370361328, -225.45965576171875, -13.902445793151855, -4.035825729370117, 68.56832885742188, 129.74871826171875, 24.560819625854492, -96.41169738769531, 30.813791275024414, -8.428459167480469, 29.765165328979492, 137.75929260253906, 2.9158613681793213], [71.77255249023438, 177.71690368652344, -88.61752319335938, -54.25057601928711, -24.148975372314453, -39.38153839111328, 35.43120574951172, 20.245941162109375, -24.06865119934082, 0.03164345398545265, -20.440797805786133, 2.9158613681793213, 111.51826477050781]], "lowlevel.mfcc.icov": [[0.00019482019706629217, 0.00015800185792613775, 0.00018751085735857487, 5.401950693340041e-05, 7.047659892123193e-05, 0.000169810198713094, 2.9256470952532254e-05, 0.00010524835670366883, 0.0002513046783860773, 3.942552211810835e-05, -0.00015450541104655713, -3.999585533165373e-05, -0.00012811714259441942], [0.00015800185792613775, 0.0005257836892269552, 9.390142076881602e-05, 0.00032741340692155063, -0.00019543222151696682, 0.0007745291804894805, 3.4506858355598524e-05, 1.690034150669817e-05, 4.721982350019971e-06, 6.947535439394414e-05, -7.618354720762e-05, 0.00014160704449750483, -0.0005051906919106841], [0.00018751085735857487, 9.390142076881602e-05, 0.0015684369718655944, -0.00031953296274878085, 0.0006807202589698136, -0.0002926829911302775, -0.0002759398485068232, -4.1812767449300736e-05, -0.0004789477097801864, 0.00023906654678285122, 0.0007906602695584297, 2.086190397676546e-05, 0.0010008375393226743], [5.401950693340041e-05, 0.00032741340692155063, -0.00031953296274878085, 0.002785921562463045, -0.0009352778433822095, -0.00020227777713444084, 4.180081668891944e-05, -0.0008822205127216876, -0.0011205861810594797, 0.00045227588270790875, -0.0005414082552306354, 0.0009621253702789545, 5.136720210430212e-05], [7.047659892123193e-05, -0.00019543222151696682, 0.0006807202589698136, -0.0009352778433822095, 0.004092402756214142, -0.001675891107879579, 0.001878460869193077, 0.0008927520830184221, 0.0007215127698145807, -0.001279071206226945, 0.0007242317660711706, -0.0009107754449360073, 0.00020015564223285764], [0.000169810198713094, 0.0007745291804894805, -0.0002926829911302775, -0.00020227777713444084, -0.001675891107879579, 0.006046077236533165, -0.0010900215711444616, 0.002810070291161537, -0.0017176955007016659, 0.00047604122664779425, 0.0008986322209239006, -0.0013954228488728404, -0.00023587330360896885], [2.9256470952532254e-05, 3.4506858355598524e-05, -0.0002759398485068232, 4.180081668891944e-05, 0.001878460869193077, -0.0010900215711444616, 0.005116910208016634, -0.00041903898818418384, 0.0005648961523547769, -0.0015653838636353612, 0.000566552160307765, -0.001422304194420576, -0.0015371660701930523], [0.00010524835670366883, 1.690034150669817e-05, -4.1812767449300736e-05, -0.0008822205127216876, 0.0008927520830184221, 0.002810070291161537, -0.00041903898818418384, 0.005171672906726599, -0.00019637265359051526, 0.0008427117136307061, -0.0011464797426015139, 0.0008590398356318474, -0.00045240140752866864], [0.0002513046783860773, 4.721982350019971e-06, -0.0004789477097801864, -0.0011205861810594797, 0.0007215127698145807, -0.0017176955007016659, 0.0005648961523547769, -0.00019637265359051526, 0.00652636494487524, -0.0014580372953787446, 0.0002992100780829787, -0.0008877784130163491, -0.0002021264226641506], [3.942552211810835e-05, 6.947535439394414e-05, 0.00023906654678285122, 0.00045227588270790875, -0.001279071206226945, 0.00047604122664779425, -0.0015653838636353612, 0.0008427117136307061, -0.0014580372953787446, 0.006875067949295044, -0.0022369862999767065, 0.002408890752121806, -0.0002802617091219872], [-0.00015450541104655713, -7.618354720762e-05, 0.0007906602695584297, -0.0005414082552306354, 0.0007242317660711706, 0.0008986322209239006, 0.000566552160307765, -0.0011464797426015139, 0.0002992100780829787, -0.0022369862999767065, 0.009936477988958359, -0.004448504652827978, 0.003090911079198122], [-3.999585533165373e-05, 0.00014160704449750483, 2.086190397676546e-05, 0.0009621253702789545, -0.0009107754449360073, -0.0013954228488728404, -0.001422304194420576, 0.0008590398356318474, -0.0008877784130163491, 0.002408890752121806, -0.004448504652827978, 0.011516518890857697, -0.0014181757578626275], [-0.00012811714259441942, -0.0005051906919106841, 0.0010008375393226743, 5.136720210430212e-05, 0.00020015564223285764, -0.00023587330360896885, -0.0015371660701930523, -0.00045240140752866864, -0.0002021264226641506, -0.0002802617091219872, 0.003090911079198122, -0.0014181757578626275, 0.011765623465180397]], "metadata.audio_properties.analysis.downmix": "mix", "metadata.audio_properties.codec": "mp3", "metadata.audio_properties.md5_encoded": "f222846797f528a3856b317aee81000f", "metadata.tags.file_name": "1182271876173676574.mp3", "metadata.version.essentia": "2.1-beta6-dev", "metadata.version.essentia_git_sha": "v2.1_beta5-1110-g77a6a954", "metadata.version.extractor": "music 2.0", "tonal.chords_key": "E", "tonal.chords_scale": "minor", "tonal.key_edma.key": "Bb", "tonal.key_edma.scale": "major", "tonal.key_krumhansl.key": "Bb", "tonal.key_krumhansl.scale": "major", "tonal.key_temperley.key": "F", "tonal.key_temperley.scale": "major", "metadata.tags.encoding": ["Lavf58.45.100"]}, "essentia_models": [{"model_name": "genre_dortmund", "activations": {"alternative": "0.054254573", "blues": "0.08897042", "electronic": "0.005945955", "folkcountry": "0.28628883", "funksoulrnb": "0.06553436", "jazz": "0.09877124", "pop": "0.020923607", "raphiphop": "0.31112128", "rock": "0.21459436"}}, {"model_name": "genre_rosamerica", "activations": {"classic": "0.028668284", "dance": "0.0013362616", "hip hop": "0.008384529", "jazz": "0.0082784565", "pop": "0.02074019",