{"song_id": "1182276677347332126", "download": "https://cdn.discordapp.com/attachments/1128313332273782784/1182276677347332126/chirp.mp4?ex=65841bf5&amp", "lyrics": "love \u0447\u0438\u043b\u0434\u0440\u0435\u043d \u043f\u0440\u0438\u0440\u043e\u0434\u0430\nlower \u043a\u0438\u043d\u0434\u0435\u0440 \u0441\u044e\u0440\u043f\u0440\u0430\u0439\u0437\nlowest \u043a\u044d\u043f\u0438\u0442\u0430\u043b \u0441\u0442\u043e\u0440\u0438\u0437\nloved \u044d\u043d\u0438\u043c\u0430\u043b \u043f\u0440\u0430\u0439\u0441\n(chorus) \n\u0443\u044e\u044e\u0430\u0435 \u0435\u0451 \u043e\u0443 \u043e\u0443 \u0430\u0430\u0430 \u0430\u0430\n\u043e\u0443\u044e\u0443 \u044e\u044e \u043e\u0443\u0435\u0435 \u0430\u0430\u0430 \u0430\u0430\n\u044d\u044e\u044f \u044d\u044e\u044f \u044f\u044f \u044e\u044e\n\u0451 \u0451 \u0451 \u0451 \n\u043f\u0447\u0451\u043b\u044b \u043c\u0435\u0434\n(verse) \n\u0442\u044b \u043a\u0430\u043a \u043b\u044e\u0431\u043e\u043e\u043e\u043e\u043e\u043e\u0432\u044c\n\u043e\u0442\u0434\u0430\u0448\u044c\u0441\u044f \u0437\u0430 \u043e\u043e \u0435\u0451 \u0430\u0430", "style": ["rock</span><span>, female vocal"], "essentia_features": {"lowlevel.average_loudness": 0.8373350501060486, "lowlevel.barkbands_crest.mean": 13.988299369812012, "lowlevel.barkbands_crest.stdev": 3.6408636569976807, "lowlevel.barkbands_flatness_db.mean": 0.34608691930770874, "lowlevel.barkbands_flatness_db.stdev": 0.080245740711689, "lowlevel.barkbands_kurtosis.mean": 26.05596160888672, "lowlevel.barkbands_kurtosis.stdev": 18.865936279296875, "lowlevel.barkbands_skewness.mean": 3.29858660697937, "lowlevel.barkbands_skewness.stdev": 1.5517348051071167, "lowlevel.barkbands_spread.mean": 3.4324371814727783, "lowlevel.barkbands_spread.stdev": 5.270946025848389, "lowlevel.dissonance.mean": 0.39319610595703125, "lowlevel.dissonance.stdev": 0.053714245557785034, "lowlevel.dynamic_complexity": 4.106881618499756, "lowlevel.erbbands_crest.mean": 12.827231407165527, "lowlevel.erbbands_crest.stdev": 3.8369884490966797, "lowlevel.erbbands_flatness_db.mean": 0.31599727272987366, "lowlevel.erbbands_flatness_db.stdev": 0.08250660449266434, "lowlevel.erbbands_kurtosis.mean": 8.251825332641602, "lowlevel.erbbands_kurtosis.stdev": 6.919325351715088, "lowlevel.erbbands_skewness.mean": 2.2215702533721924, "lowlevel.erbbands_skewness.stdev": 0.9586297869682312, "lowlevel.erbbands_spread.mean": 16.367834091186523, "lowlevel.erbbands_spread.stdev": 17.737655639648438, "lowlevel.hfc.mean": 6.803381443023682, "lowlevel.hfc.stdev": 7.086327075958252, "lowlevel.loudness_ebu128.integrated": -15.756500244140625, "lowlevel.loudness_ebu128.loudness_range": 10.643888473510742, "lowlevel.loudness_ebu128.momentary.mean": -17.887950897216797, "lowlevel.loudness_ebu128.momentary.stdev": 4.69645357131958, "lowlevel.loudness_ebu128.short_term.mean": -17.4044132232666, "lowlevel.loudness_ebu128.short_term.stdev": 3.960793972015381, "lowlevel.melbands_crest.mean": 15.452282905578613, "lowlevel.melbands_crest.stdev": 4.061484336853027, "lowlevel.melbands_flatness_db.mean": 0.43072181940078735, "lowlevel.melbands_flatness_db.stdev": 0.09775975346565247, "lowlevel.melbands_kurtosis.mean": 24.648937225341797, "lowlevel.melbands_kurtosis.stdev": 21.383716583251953, "lowlevel.melbands_skewness.mean": 2.822828769683838, "lowlevel.melbands_skewness.stdev": 1.4939513206481934, "lowlevel.melbands_spread.mean": 3.7969276905059814, "lowlevel.melbands_spread.stdev": 4.981905460357666, "lowlevel.pitch_salience.mean": 0.5731365084648132, "lowlevel.pitch_salience.stdev": 0.10167410224676132, "lowlevel.silence_rate_20dB.mean": 1.0, "lowlevel.silence_rate_20dB.stdev": 0.0, "lowlevel.silence_rate_30dB.mean": 0.9965237379074097, "lowlevel.silence_rate_30dB.stdev": 0.05885682255029678, "lowlevel.silence_rate_60dB.mean": 0.14484356343746185, "lowlevel.silence_rate_60dB.stdev": 0.3519445061683655, "lowlevel.spectral_centroid.mean": 386.63934326171875, "lowlevel.spectral_centroid.stdev": 323.6499328613281, "lowlevel.spectral_complexity.mean": 6.653534412384033, "lowlevel.spectral_complexity.stdev": 3.40614914894104, "lowlevel.spectral_decrease.mean": -5.921572121536656e-09, "lowlevel.spectral_decrease.stdev": 5.841524153282762e-09, "lowlevel.spectral_energy.mean": 0.02296644076704979, "lowlevel.spectral_energy.stdev": 0.0225917287170887, "lowlevel.spectral_energyband_high.mean": 0.00010510553693166003, "lowlevel.spectral_energyband_high.stdev": 0.0004382087499834597, "lowlevel.spectral_energyband_low.mean": 0.003724841633811593, "lowlevel.spectral_energyband_low.stdev": 0.00705603277310729, "lowlevel.spectral_energyband_middle_high.mean": 0.000384358165320009, "lowlevel.spectral_energyband_middle_high.stdev": 0.0007721913862042129, "lowlevel.spectral_energyband_middle_low.mean": 0.018879171460866928, "lowlevel.spectral_energyband_middle_low.stdev": 0.01826956681907177, "lowlevel.spectral_entropy.mean": 5.9092583656311035, "lowlevel.spectral_entropy.stdev": 0.6621521711349487, "lowlevel.spectral_flux.mean": 0.04613794386386871, "lowlevel.spectral_flux.stdev": 0.03470069542527199, "lowlevel.spectral_kurtosis.mean": 33.40532302856445, "lowlevel.spectral_kurtosis.stdev": 34.9260139465332, "lowlevel.spectral_rms.mean": 0.004160521551966667, "lowlevel.spectral_rms.stdev": 0.0022575065959244967, "lowlevel.spectral_rolloff.mean": 419.8347473144531, "lowlevel.spectral_rolloff.stdev": 570.0072631835938, "lowlevel.spectral_skewness.mean": 3.7529659271240234, "lowlevel.spectral_skewness.stdev": 1.971720814704895, "lowlevel.spectral_spread.mean": 2403100.75, "lowlevel.spectral_spread.stdev": 1971059.0, "lowlevel.spectral_strongpeak.mean": 0.6713830828666687, "lowlevel.spectral_strongpeak.stdev": 0.48582717776298523, "lowlevel.zerocrossingrate.mean": 0.01982404850423336, "lowlevel.zerocrossingrate.stdev": 0.019692037254571915, "metadata.audio_properties.analysis.equal_loudness": 0.0, "metadata.audio_properties.analysis.length": 40.04265213012695, "metadata.audio_properties.analysis.sample_rate": 44100.0, "metadata.audio_properties.analysis.start_time": 0.0, "metadata.audio_properties.bit_rate": 96618.0, "metadata.audio_properties.length": 40.042667388916016, "metadata.audio_properties.lossless": 0.0, "metadata.audio_properties.number_channels": 1.0, "metadata.audio_properties.replay_gain": -12.386669158935547, "metadata.audio_properties.sample_rate": 48000.0, "rhythm.beats_count": 73.0, "rhythm.beats_loudness.mean": 0.038895927369594574, "rhythm.beats_loudness.stdev": 0.03134159743785858, "rhythm.bpm": 110.69270324707031, "rhythm.bpm_histogram_first_peak_bpm": 110.0, "rhythm.bpm_histogram_first_peak_weight": 0.4166666865348816, "rhythm.bpm_histogram_second_peak_bpm": 0.0, "rhythm.bpm_histogram_second_peak_spread": 0.0, "rhythm.bpm_histogram_second_peak_weight": 0.0, "rhythm.danceability": 1.1757004261016846, "rhythm.onset_rate": 3.24558424949646, "tonal.chords_changes_rate": 0.0011574074160307646, "tonal.chords_number_rate": 0.0011574074160307646, "tonal.chords_strength.mean": 0.6473742127418518, "tonal.chords_strength.stdev": 0.06455657631158829, "tonal.hpcp_crest.mean": 15.344993591308594, "tonal.hpcp_crest.stdev": 5.648311138153076, "tonal.hpcp_entropy.mean": 1.6322342157363892, "tonal.hpcp_entropy.stdev": 0.5585221648216248, "tonal.key_edma.strength": 0.6336376070976257, "tonal.key_krumhansl.strength": 0.6490235924720764, "tonal.key_temperley.strength": 0.6277139186859131, "tonal.tuning_diatonic_strength": 0.5869220495223999, "tonal.tuning_equal_tempered_deviation": 0.01129207108169794, "tonal.tuning_frequency": 434.193115234375, "tonal.tuning_nontempered_energy_ratio": 0.6203827857971191, "lowlevel.barkbands.mean": [9.688163117971271e-06, 0.00171005935408175, 0.0018945650663226843, 0.001449425588361919, 0.010673334822058678, 0.005146545823663473, 0.0008902550325728953, 0.0005834079929627478, 8.87212881934829e-05, 0.00013972613669466227, 0.00010298064444214106, 3.465234112809412e-05, 3.5534059861674905e-05, 1.91355065908283e-05, 1.78784757736139e-05, 5.98926226302865e-06, 7.037534032861004e-06, 2.4919103452702984e-05, 2.072328243230004e-05, 1.736313060973771e-05, 2.944980406027753e-05, 2.549514283600729e-05, 1.4005565390107222e-05, 1.029806662700139e-05, 8.613933459855616e-06, 6.564261184394127e-06, 9.694742431065606e-08], "lowlevel.barkbands.stdev": [0.00011036092473659664, 0.0039059969130903482, 0.003834733972325921, 0.002301964908838272, 0.012104280292987823, 0.006211111322045326, 0.002024569548666477, 0.0010009456891566515, 0.00024554814444854856, 0.0003399238339625299, 0.00038561434485018253, 9.095934365177527e-05, 0.0001017004469758831, 4.807910954696126e-05, 6.322909757727757e-05, 2.4128838049364276e-05, 2.986174149555154e-05, 8.250881364801899e-05, 8.516255184076726e-05, 6.67920830892399e-05, 0.00011812729644589126, 9.832775685936213e-05, 6.224421667866409e-05, 5.257689190329984e-05, 5.067505844635889e-05, 4.856536543229595e-05, 9.63326442615653e-07], "lowlevel.erbbands.mean": [0.013013554736971855, 0.5205429792404175, 2.5003750324249268, 2.7111968994140625, 27.91630744934082, 33.09428787231445, 30.620241165161133, 44.71063995361328, 21.710115432739258, 9.094745635986328, 15.15548038482666, 3.158735990524292, 3.449634313583374, 6.1636857986450195, 2.179291248321533, 1.5922601222991943, 1.704704999923706, 1.178444743156433, 1.2165696620941162, 0.43492040038108826, 0.34671032428741455, 0.4140293300151825, 0.7989641427993774, 1.9950244426727295, 0.6879454255104065, 0.821800172328949, 1.1530321836471558, 1.1470670700073242, 1.0450125932693481, 0.5614686608314514, 0.34267833828926086, 0.19147256016731262, 0.19045871496200562, 0.1108783558011055, 0.055170074105262756, 0.032095588743686676, 0.011581890285015106, 0.0011166128097102046, 3.294177804491483e-05, 2.6446403353475034e-05], "lowlevel.erbbands.stdev": [0.07361052185297012, 1.0734459161758423, 4.808520317077637, 3.669107437133789, 36.427032470703125, 44.984764099121094, 40.16328811645508, 61.413028717041016, 33.15657043457031, 27.625463485717773, 23.735240936279297, 5.880976676940918, 7.240420818328857, 19.834999084472656, 8.607941627502441, 4.0778937339782715, 4.783244609832764, 2.7809231281280518, 2.700562000274658, 2.4908769130706787, 1.2592450380325317, 1.7661898136138916, 3.3076863288879395, 6.118963241577148, 3.269714832305908, 3.220289945602417, 4.671497344970703, 4.604772090911865, 4.0463738441467285, 2.3025805950164795, 1.6035211086273193, 0.878412127494812, 1.0595470666885376, 0.6229249238967896, 0.3604063093662262, 0.24608369171619415, 0.08292527496814728, 0.00851391814649105, 0.00016827860963530838, 2.7118087018607184e-05], "lowlevel.gfcc.mean": [-175.31756591796875, 195.0225067138672, -106.01905822753906, 12.280365943908691, -61.2996826171875, -42.67660903930664, -37.91096878051758, -31.288145065307617, -25.89396095275879, -13.01309585571289, -5.454787731170654, -19.5169620513916, -4.9701995849609375], "lowlevel.melbands.mean": [0.00028075408772565424, 0.0010438403114676476, 0.0012338958913460374, 0.0023904736153781414, 0.001068508136086166, 0.0009691849700175226, 0.00031922137713991106, 9.909924847306684e-05, 0.00010533524618949741, 1.4412523341889028e-05, 1.6026313460315578e-05, 2.4266919353976846e-05, 9.555154974805191e-06, 4.559821718430612e-06, 3.4427637274347944e-06, 3.3614928725000937e-06, 1.9978094769612653e-06, 2.0633867734431988e-06, 7.848728955650586e-07, 4.4968552970203746e-07, 3.92263416415517e-07, 4.131574371513125e-07, 4.7103881684051885e-07, 1.0897279025812168e-06, 1.7660564708421589e-06, 4.877660444435605e-07, 4.6516004204022465e-07, 5.53161214611464e-07, 6.985827099015296e-07, 7.13011047537293e-07, 6.511626224892098e-07, 6.607026534766192e-07, 3.736596738690423e-07, 3.043571439320658e-07, 2.1816532580487547e-07, 1.2671418403442658e-07, 1.1429145274632901e-07, 1.4698474615215673e-07, 1.0741202771669123e-07, 8.850513921743186e-08], "lowlevel.melbands.stdev": [0.0008579425630159676, 0.0019512339495122433, 0.0016433179844170809, 0.0029356929007917643, 0.0012573085259646177, 0.001274309353902936, 0.0005221548490226269, 0.0002619764127302915, 0.00016704024164937437, 3.135268343612552e-05, 3.615702735260129e-05, 7.759657455608249e-05, 3.7980895285727456e-05, 1.1530309166118968e-05, 1.1413093488954473e-05, 8.779172276263125e-06, 5.09997335029766e-06, 4.270138560968917e-06, 4.112091119168326e-06, 2.2795497898187023e-06, 1.352913272967271e-06, 1.7143709101219429e-06, 2.4467030925734434e-06, 3.747638174900203e-06, 5.392560979089467e-06, 2.7841706469189376e-06, 1.937849901878508e-06, 2.2549756977241486e-06, 2.9945351798232878e-06, 2.752806722128298e-06, 2.7110506835015258e-06, 2.5933525193977403e-06, 1.4868409152768436e-06, 1.3174162631912623e-06, 1.0804607200043392e-06, 5.550999162551307e-07, 5.511103609023849e-07, 8.499011414642155e-07, 5.912365281801613e-07, 5.166442065274168e-07], "lowlevel.melbands128.mean": [6.653449872828787e-06, 3.265448322053999e-05, 0.0002021661784965545, 0.0010956722544506192, 0.001555181690491736, 0.0006736242794431746, 0.00015807079034857452, 0.0010780072771012783, 0.0033968344796448946, 0.0027841960545629263, 0.001796690747141838, 0.0008263906929641962, 0.0011846247361972928, 0.0007703814771957695, 0.0011726345401257277, 0.0010603650007396936, 0.0004515704931691289, 0.00014395889593288302, 0.0002038266829913482, 6.25829488853924e-05, 4.032602009829134e-05, 0.00019682607671711594, 0.0001226388558279723, 1.2702141248155385e-05, 1.581575816089753e-05, 1.0319736247765832e-05, 1.6291742213070393e-05, 2.048537862719968e-05, 1.17569643407478e-05, 1.71709598362213e-05, 3.9801896491553634e-05, 1.7372860384057276e-05, 5.909675564907957e-06, 4.69656833956833e-06, 2.797615934468922e-06, 7.104410087777069e-06, 2.919002554335748e-06, 2.8513754841696937e-06, 3.058570428038365e-06, 5.574157512455713e-06, 2.6751993118523387e-06, 1.7713056195134413e-06, 2.6182526653428795e-06, 1.687060716903943e-06, 1.1349865189913544e-06, 3.4382003377686488e-06, 1.4110228221397847e-06, 5.647783041240473e-07, 6.535047418765316e-07, 4.0847311311154044e-07, 4.5434916273734416e-07, 4.3987469666717516e-07, 3.234439986954385e-07, 4.5608263121721393e-07, 3.7088651083649893e-07, 4.3512110892152123e-07, 3.8987889183772495e-07, 4.2951251089107245e-07, 5.032261469750665e-07, 5.537971787816787e-07, 6.345633778437332e-07, 1.6032361145335017e-06, 3.100053163507255e-06, 1.4060311741559417e-06, 5.361977173379273e-07, 4.769021870743018e-07, 4.3027483798141475e-07, 3.496478768738598e-07, 5.516165515473404e-07, 4.902756245428463e-07, 5.426661005003552e-07, 5.710011805604154e-07, 6.343603331515624e-07, 7.231072913782555e-07, 8.024974249565275e-07, 6.335321813821793e-07, 8.174130812221847e-07, 5.865423986506357e-07, 6.561280656569579e-07, 6.040309017407708e-07, 7.847101528568601e-07, 6.548944497808407e-07, 4.6540907305825385e-07, 3.776664243559935e-07, 2.458685628425883e-07, 2.7893023002434347e-07, 3.414778291244147e-07, 3.2471433542013983e-07, 2.0400661071562354e-07, 1.5330562064264086e-07, 1.423655788812539e-07, 1.2127175352816266e-07, 9.000720524454664e-08, 1.0786981619048674e-07, 1.155060260771279e-07, 1.8685598490719713e-07, 1.4027949646333582e-07, 1.203311796871276e-07, 1.094038779569928e-07, 1.0092978897091598e-07, 9.737981798707551e-08, 9.685837198958325e-08, 6.366660443291039e-08, 5.495263621924096e-08, 5.520334767084023e-08, 7.35951459773787e-08, 5.2901224734114294e-08, 5.663088487040113e-08, 5.038003436652616e-08, 6.058828461164012e-08, 5.8112323841896796e-08, 4.8955648423998355e-08, 3.3093026985397955e-08, 2.571132817763555e-08, 2.153849543162778e-08, 9.951492963011788e-09, 3.732840703207785e-09, 1.7203388019693122e-11, 3.3191025882589598e-12, 3.2261513339265635e-12, 3.1487932920792883e-12, 3.083295337796832e-12, 3.0240334975700778e-12, 2.970336650254257e-12, 2.9077293958040817e-12, 2.8203489890743505e-12, 2.7708774944651404e-12, 2.7523016418035118e-12], "lowlevel.melbands128.stdev": [9.275455522583798e-05, 0.00044303620234131813, 0.001287473482079804, 0.0021415764931589365, 0.0029721162281930447, 0.0014008521102368832, 0.00038527778815478086, 0.001726393704302609, 0.004803227726370096, 0.004088719375431538, 0.0029801279306411743, 0.0011449900921434164, 0.00188313121907413, 0.0011331283021718264, 0.0018824965227395296, 0.001758994534611702, 0.0007662897114641964, 0.0003484027402009815, 0.0006992481066845357, 0.0003299372619949281, 0.00017224138719029725, 0.00034102663630619645, 0.00019523668743204325, 7.603926496813074e-05, 4.106740379938856e-05, 2.2897682356415316e-05, 3.393659062567167e-05, 4.835946310777217e-05, 4.618157254299149e-05, 5.78523104195483e-05, 0.0001532477035652846, 8.150225767167285e-05, 3.8501271774293855e-05, 3.128983007627539e-05, 8.648610673844814e-06, 1.7565929738339037e-05, 9.668321581557393e-06, 1.4832221495453268e-05, 1.2692071322817355e-05, 1.8239023120258935e-05, 6.881780791445635e-06, 5.5479890761489514e-06, 8.354218152817339e-06, 4.605235972121591e-06, 3.472086973488331e-06, 6.7248633968119975e-06, 4.923230790154776e-06, 2.642836989252828e-06, 6.510269940918079e-06, 2.678827286217711e-06, 2.3053821678331587e-06, 1.9850920125463745e-06, 1.6472438346681884e-06, 1.2730341722999583e-06, 1.5241340634020162e-06, 1.883911636468838e-06, 2.0492359453783138e-06, 2.3974910163815366e-06, 3.1072179353941465e-06, 3.442803972575348e-06, 2.778297130134888e-06, 5.381938080972759e-06, 9.166654308501165e-06, 5.145880095369648e-06, 3.0711892122781137e-06, 3.513971705615404e-06, 2.781890543701593e-06, 1.9104043076367816e-06, 2.372580411247327e-06, 1.8663531591300853e-06, 2.5196666229021503e-06, 2.5912518140103202e-06, 2.818923348968383e-06, 3.7446702663146425e-06, 3.2903599276323803e-06, 2.6401023660582723e-06, 3.3293513297394384e-06, 2.8525994366646046e-06, 3.1174213290796615e-06, 2.4512728487025015e-06, 3.3097678624471882e-06, 2.681944806681713e-06, 1.962995156645775e-06, 1.6581299178142217e-06, 1.0805749752762495e-06, 1.2112199101466103e-06, 1.5304826774809044e-06, 1.8078781067742966e-06, 1.0622582067298936e-06, 7.862245752221497e-07, 6.595524268959707e-07, 5.388309887166542e-07, 4.2377160980322515e-07, 5.81521646836336e-07, 5.940944447502261e-07, 1.0582609775156016e-06, 9.352368692816526e-07, 7.309550937861786e-07, 6.230023359421466e-07, 5.838215315634443e-07, 5.983830533295986e-07, 6.086582970965537e-07, 4.508200390773709e-07, 3.726693478256493e-07, 3.892428992458008e-07, 5.400019631451869e-07, 3.8614584241258854e-07, 4.550823575755203e-07, 4.653084317851608e-07, 4.912847657578823e-07, 4.7139926095951523e-07, 3.41435452355654e-07, 2.516063659641077e-07, 1.8968452764056565e-07, 1.8062648621253174e-07, 9.029316316855329e-08, 3.605848419852009e-08, 1.8340401419791874e-10, 6.2463593325512434e-12, 6.077401602799792e-12, 5.930101028284174e-12, 5.801161634400032e-12, 5.68338084927511e-12, 5.5847171505363224e-12, 5.506987661024754e-12, 5.4393854871659375e-12, 5.3919659535883735e-12, 5.362826068638915e-12], "lowlevel.mfcc.mean": [-812.5380859375, 206.67623901367188, 20.10061264038086, 30.759592056274414, -8.029939651489258, -9.762598991394043, -17.501832962036133, -22.72256088256836, -25.227983474731445, -12.635196685791016, -3.363232135772705, -12.427872657775879, -20.567420959472656], "lowlevel.spectral_contrast_coeffs.mean": [-0.5422594547271729, -0.6526321768760681, -0.7822815775871277, -0.8162499666213989, -0.8045323491096497, -0.7596015334129333], "lowlevel.spectral_contrast_coeffs.stdev": [0.09663643687963486, 0.06310582160949707, 0.052032507956027985, 0.03419939801096916, 0.039487872272729874, 0.06294208765029907], "lowlevel.spectral_contrast_valleys.mean": [-7.6530256271362305, -7.415811538696289, -8.800260543823242, -9.332109451293945, -9.758572578430176, -13.367280960083008], "lowlevel.spectral_contrast_valleys.stdev": [1.5428895950317383, 0.9083089828491211, 0.9322507977485657, 0.8701306581497192, 1.3717690706253052, 2.0840067863464355], "rhythm.beats_loudness_band_ratio.mean": [0.3330177664756775, 0.7158901691436768, 0.09941200911998749, 0.011520822532474995, 0.0066003818064928055, 0.007179552689194679], "rhythm.beats_loudness_band_ratio.stdev": [0.2131054848432541, 0.18743407726287842, 0.07004860788583755, 0.019780920818448067, 0.011917006224393845, 0.0180853009223938], "tonal.hpcp.mean": [0.022847967222332954, 0.039269957691431046, 0.2661060094833374, 0.3892582356929779, 0.1711941957473755, 0.025624612346291542, 0.00797981210052967, 0.003695199266076088, 0.003510108683258295, 0.0032653911039233208, 0.0020060602109879255, 0.0017303905915468931, 0.004051532130688429, 0.01956089958548546, 0.22477497160434723, 0.3683672547340393, 0.1698441356420517, 0.016111768782138824, 0.011252019554376602, 0.0080584567040205, 0.005977637134492397, 0.0036322930827736855, 0.0022339520510286093, 0.12733417749404907, 0.30043864250183105, 0.17995212972164154, 0.013934476301074028, 0.02157680131494999, 0.05096246302127838, 0.4207203686237335, 0.716119110584259, 0.36519894003868103, 0.05098230764269829, 0.034493591636419296, 0.028858376666903496, 0.025223147124052048], "tonal.hpcp.stdev": [0.10178074985742569, 0.12103042751550674, 0.28680410981178284, 0.36494651436805725, 0.22333166003227234, 0.10569016635417938, 0.051985304802656174, 0.02881840616464615, 0.03844645991921425, 0.02147921547293663, 0.008815711364150047, 0.007271832320839167, 0.03611268475651741, 0.07969985157251358, 0.22701548039913177, 0.338832825422287, 0.17966556549072266, 0.07734132558107376, 0.0576406754553318, 0.04758571833372116, 0.035842061042785645, 0.024295128881931305, 0.010181613266468048, 0.14824815094470978, 0.31893107295036316, 0.20268253982067108, 0.07934906333684921, 0.117787666618824, 0.13990749418735504, 0.2769307494163513, 0.33213916420936584, 0.2631148099899292, 0.15254147350788116, 0.14544177055358887, 0.13818788528442383, 0.1225888803601265], "rhythm.beats_position": [0.5572788715362549, 1.1145577430725098, 1.6718367338180542, 2.217505693435669, 2.763174533843994, 3.2972335815429688, 3.842902421951294, 4.388571262359619, 4.922630310058594, 5.456689357757568, 6.0023579597473145, 6.548027038574219, 7.093696117401123, 7.639364719390869, 8.173423767089844, 8.71909236907959, 9.264761924743652, 9.810430526733398, 10.356099128723145, 10.890158653259277, 11.435827255249023, 11.981496810913086, 12.515555381774902, 13.061223983764648, 13.606893539428711, 14.152562141418457, 14.698230743408203, 15.232290267944336, 15.766348838806152, 16.3120174407959, 16.85768699645996, 17.403356552124023, 17.937414169311523, 18.471473693847656, 19.00553321838379, 19.55120086669922, 20.09687042236328, 20.630929946899414, 21.176597595214844, 21.722267150878906, 22.25632667541504, 22.80199432373047, 23.34766387939453, 23.893333435058594, 24.439001083374023, 24.984670639038086, 25.53034019470215, 26.06439781188965, 26.61006736755371, 27.144126892089844, 27.678184509277344, 28.212244033813477, 28.76952362060547, 29.3151912689209, 29.84925079345703, 30.394920349121094, 30.928979873657227, 31.474647521972656, 32.008705139160156, 32.54276657104492, 33.088436126708984, 33.622493743896484, 34.16816329956055, 34.71383285522461, 35.24789047241211, 35.78194808959961, 36.32761764526367, 36.873287200927734, 37.407344818115234, 37.9530143737793, 38.49868392944336, 39.03274154663086, 39.590023040771484], "rhythm.bpm_histogram": [0.0, 0.0, 0.0, 0.0, 0.0, 0.0, 0.0, 0.0, 0.0, 0.0, 0.0, 0.0, 0.0, 0.0, 0.0, 0.0, 0.0, 0.0, 0.0, 0.0, 0.0, 0.0, 0.0, 0.0, 0.0, 0.0, 0.0, 0.0, 0.0, 0.0, 0.0, 0.0, 0.0, 0.0, 0.0, 0.0, 0.0, 0.0, 0.0, 0.0, 0.0, 0.0, 0.0, 0.0, 0.0, 0.0, 0.0, 0.0, 0.0, 0.0, 0.0, 0.0, 0.0, 0.0, 0.0, 0.0, 0.0, 0.0, 0.0, 0.0, 0.0, 0.0, 0.0, 0.0, 0.0, 0.0, 0.0, 0.0, 0.0, 0.0, 0.0, 0.0, 0.0, 0.0, 0.0, 0.0, 0.0, 0.0, 0.0, 0.0, 0.0, 0.0, 0.0, 0.0, 0.0, 0.0, 0.0, 0.0, 0.0, 0.0, 0.0, 0.0, 0.0, 0.0, 0.0, 0.0, 0.0, 0.0, 0.0, 0.0, 0.0, 0.0, 0.0, 0.0, 0.0, 0.0, 0.0, 0.0, 0.0555555559694767, 0.0, 0.5833333134651184, 0.0, 0.3611111044883728, 0.0, 0.0, 0.0, 0.0, 0.0, 0.0, 0.0, 0.0, 0.0, 0.0, 0.0, 0.0, 0.0, 0.0, 0.0, 0.0, 0.0, 0.0, 0.0, 0.0, 0.0, 0.0, 0.0, 0.0, 0.0, 0.0, 0.0, 0.0, 0.0, 0.0, 0.0, 0.0, 0.0, 0.0, 0.0, 0.0, 0.0, 0.0, 0.0, 0.0, 0.0, 0.0, 0.0, 0.0, 0.0, 0.0, 0.0, 0.0, 0.0, 0.0, 0.0, 0.0, 0.0, 0.0, 0.0, 0.0, 0.0, 0.0, 0.0, 0.0, 0.0, 0.0, 0.0, 0.0, 0.0, 0.0, 0.0, 0.0, 0.0, 0.0, 0.0, 0.0, 0.0, 0.0, 0.0, 0.0, 0.0, 0.0, 0.0, 0.0, 0.0, 0.0, 0.0, 0.0, 0.0, 0.0, 0.0, 0.0, 0.0, 0.0, 0.0, 0.0, 0.0, 0.0, 0.0, 0.0, 0.0, 0.0, 0.0, 0.0, 0.0, 0.0, 0.0, 0.0, 0.0, 0.0, 0.0, 0.0, 0.0, 0.0, 0.0, 0.0, 0.0, 0.0, 0.0, 0.0, 0.0, 0.0, 0.0, 0.0, 0.0, 0.0, 0.0, 0.0, 0.0, 0.0, 0.0, 0.0, 0.0, 0.0, 0.0, 0.0, 0.0, 0.0, 0.0, 0.0, 0.0], "tonal.chords_histogram": [99.65277862548828, 0.0, 0.0, 0.0, 0.0, 0.0, 0.0, 0.3472222089767456, 0.0, 0.0, 0.0, 0.0, 0.0, 0.0, 0.0, 0.0, 0.0, 0.0, 0.0, 0.0, 0.0, 0.0, 0.0, 0.0], "tonal.thpcp": [1.0, 0.5099695324897766, 0.07119249552488327, 0.0481673926115036, 0.04029829055070877, 0.03522200137376785, 0.03190525993704796, 0.0548371858894825, 0.3715946078300476, 0.5435663461685181, 0.23905827105045319, 0.03578261286020279, 0.011143134906888008, 0.005160034634172916, 0.004901571199297905, 0.004559843335300684, 0.002801293972879648, 0.002416344592347741, 0.005657623056322336, 0.02731514722108841, 0.3138793110847473, 0.5143938064575195, 0.23717302083969116, 0.022498726844787598, 0.015712497755885124, 0.01125295553356409, 0.008347266353666782, 0.00507219135761261, 0.003119525732472539, 0.17781144380569458, 0.4195372462272644, 0.2512879967689514, 0.01945832185447216, 0.030130185186862946, 0.07116478681564331, 0.5875005722045898], "lowlevel.gfcc.cov": [[13016.744140625, -4087.362060546875, 2238.935302734375, 3872.4892578125, -2408.866455078125, 3312.996337890625, -14.866013526916504, 858.9337768554688, 519.0965576171875, -4.159075736999512, 313.857666015625, 734.8750610351562, 41.879127502441406], [-4087.362060546875, 2238.577880859375, -845.5360717773438, -1502.5771484375, 936.0940551757812, -1277.46875, 125.73873901367188, -389.9336853027344, -91.51293182373047, -129.33987426757812, 5.506778717041016, -334.0130920410156, 13.977334976196289], [2238.935302734375, -845.5360717773438, 890.546142578125, 770.3029174804688, -412.98089599609375, 832.4299926757812, -60.697662353515625, 226.7627716064453, 120.296630859375, 37.98874282836914, 64.01496124267578, 129.7887725830078, 22.079185485839844], [3872.4892578125, -1502.5771484375, 770.3029174804688, 1728.4249267578125, -745.938232421875, 1198.01025390625, 5.061331748962402, 239.60574340820312, 272.14599609375, -21.87748908996582, 129.8958282470703, 202.5611572265625, 39.9013786315918], [-2408.866455078125, 936.0940551757812, -412.98089599609375, -745.938232421875, 748.500732421875, -745.5035400390625, -32.42817306518555, -164.275634765625, -150.61697387695312, 26.69712257385254, -96.37715911865234, -159.65692138671875, -59.21120834350586], [3312.996337890625, -1277.46875, 832.4299926757812, 1198.01025390625, -745.5035400390625, 1339.1800537109375, 9.763325691223145, 298.9880065917969, 240.25857543945312, -18.96871566772461, 162.79002380371094, 222.41294860839844, 52.25517654418945], [-14.866013526916504, 125.73873901367188, -60.697662353515625, 5.061331748962402, -32.42817306518555, 9.763325691223145, 144.87863159179688, 8.753154754638672, 24.24941635131836, -28.76589012145996, 21.242856979370117, 14.122885704040527, 14.55379867553711], [858.9337768554688, -389.9336853027344, 226.7627716064453, 239.60574340820312, -164.275634765625, 298.9880065917969, 8.753154754638672, 188.72352600097656, 26.474239349365234, 35.896453857421875, 5.698949813842773, 73.48554229736328, -8.491536140441895], [519.0965576171875, -91.51293182373047, 120.296630859375, 272.14599609375, -150.61697387695312, 240.25857543945312, 24.24941635131836, 26.474239349365234, 172.1490020751953, -34.12465286254883, 68.87728118896484, 14.57250690460205, 24.209671020507812], [-4.159075736999512, -129.33987426757812, 37.98874282836914, -21.87748908996582, 26.69712257385254, -18.96871566772461, -28.76589012145996, 35.896453857421875, -34.12465286254883, 119.38928985595703, -44.09781265258789, 2.801283359527588, -16.666833877563477], [313.857666015625, 5.506778717041016, 64.01496124267578, 129.8958282470703, -96.37715911865234, 162.79002380371094, 21.242856979370117, 5.698949813842773, 68.87728118896484, -44.09781265258789, 116.41342163085938, 25.93709945678711, 27.892839431762695], [734.8750610351562, -334.0130920410156, 129.7887725830078, 202.5611572265625, -159.65692138671875, 222.41294860839844, 14.122885704040527, 73.48554229736328, 14.57250690460205, 2.801283359527588, 25.93709945678711, 140.03549194335938, 4.877330303192139], [41.879127502441406, 13.977334976196289, 22.079185485839844, 39.9013786315918, -59.21120834350586, 52.25517654418945, 14.55379867553711, -8.491536140441895, 24.209671020507812, -16.666833877563477, 27.892839431762695, 4.877330303192139, 61.27824401855469]], "lowlevel.gfcc.icov": [[0.0005512186326086521, -0.001029740204103291, -4.241132774041034e-05, -0.0012333097402006388, 0.0015030871145427227, -0.00035709195071831346, 0.0009916431736201048, -0.0007410811958834529, 0.0011100266128778458, -0.0004541834641713649, 0.0006923609762452543, -0.0012363017303869128, 0.0013163693947717547], [-0.001029740204103291, 0.009327965788543224, -0.0014429270522668958, 0.0061823660507798195, -0.007394605781883001, 0.002914329757913947, -0.008151154965162277, 0.004097042605280876, -0.006729734595865011, 0.00505664711818099, -0.0072364285588264465, 0.007785893976688385, -0.005348073318600655], [-4.241132774041034e-05, -0.0014429270522668958, 0.0035292350221425295, -0.0009346224833279848, 0.00041037952178157866, -0.002349319402128458, 0.0025082570500671864, -0.0015275719342753291, 0.001075142645277083, -0.0013752055820077658, 0.0015801185509189963, -0.0007614300702698529, -0.0001698455453151837], [-0.0012333097402006388, 0.0061823660507798195, -0.0009346224833279848, 0.006503645796328783, -0.005344357807189226, 0.0008153105736710131, -0.005500036291778088, 0.0036341617815196514, -0.005883404053747654, 0.0032164629083126783, -0.004005629103630781, 0.005362863186746836, -0.003919179085642099], [0.0015030871145427227, -0.007394605781883001, 0.00041037952178157866, -0.005344357807189226, 0.010437427088618279, -0.0008840530645102262, 0.00673781568184495, -0.003431348828598857, 0.006236060988157988, -0.004073753021657467, 0.005097351968288422, -0.005516021978110075, 0.007302108686417341], [-0.00035709195071831346, 0.002914329757913947, -0.002349319402128458, 0.0008153105736710131, -0.0008840530645102262, 0.005829494912177324, -0.0025016178842633963, -0.0009121623006649315, -0.0031279749237000942, 0.002013319404795766, -0.004465349949896336, 0.0014612558297812939, -0.0017630791990086436], [0.0009916431736201048, -0.008151154965162277, 0.0025082570500671864, -0.005500036291778088, 0.00673781568184495, -0.0025016178842633963, 0.015483842231333256, -0.005429916549474001, 0.004908862058073282, -0.0029165889136493206, 0.005919055547565222, -0.007734446786344051, 0.0032617223914712667], [-0.0007410811958834529, 0.004097042605280876, -0.0015275719342753291, 0.0036341617815196514, -0.003431348828598857, -0.0009121623006649315, -0.005429916549474001, 0.012918980792164803, -0.002846166491508484, -0.00041000268538482487, -0.0014257049188017845, 0.0016996656777337193, -0.00017531818593852222], [0.0011100266128778458, -0.006729734595865011, 0.001075142645277083, -0.005883404053747654, 0.006236060988157988, -0.0031279749237000942, 0.004908862058073282, -0.002846166491508484, 0.015514414757490158, -0.00287120440043509, 0.001589205814525485, -0.003276719944551587, 0.0039799208752810955], [-0.0004541834641713649, 0.00505664711818099, -0.0013752055820077658, 0.0032164629083126783, -0.004073753021657467, 0.002013319404795766, -0.0029165889136493206, -0.00041000268538482487, -0.00287120440043509, 0.013964777812361717, -0.0007868405664339662, 0.003985363058745861, -0.002485694596543908], [0.0006923609762452543, -0.0072364285588264465, 0.0015801185509189963, -0.004005629103630781, 0.005097351968288422, -0.004465349949896336, 0.005919055547565222, -0.0014257049188017845, 0.001589205814525485, -0.0007868405664339662, 0.020342320203781128, -0.007455737330019474, 0.0008383154054172337], [-0.0012363017303869128, 0.007785893976688385, -0.0007614300702698529, 0.005362863186746836, -0.005516021978110075, 0.0014612558297812939, -0.007734446786344051, 0.0016996656777337193, -0.003276719944551587, 0.003985363058745861, -0.007455737330019474, 0.018219519406557083, -0.0043301512487232685], [0.0013163693947717547, -0.005348073318600655, -0.0001698455453151837, -0.003919179085642099, 0.007302108686417341, -0.0017630791990086436, 0.0032617223914712667, -0.00017531818593852222, 0.0039799208752810955, -0.002485694596543908, 0.0008383154054172337, -0.0043301512487232685, 0.02472732402384281]], "lowlevel.mfcc.cov": [[10522.265625, -3795.453125, 2431.3193359375, 1710.977294921875, -470.4354248046875, 1628.511474609375, 618.7972412109375, 1235.8966064453125, 715.0811157226562, 158.10321044921875, 260.4846496582031, 567.7985229492188, 934.7770385742188], [-3795.453125, 2253.156005859375, -1049.3328857421875, -652.9537963867188, 78.36964416503906, -671.0855102539062, -226.62188720703125, -415.4559631347656, -323.7641296386719, -82.02391052246094, -82.04402923583984, -205.34132385253906, -350.28826904296875], [2431.3193359375, -1049.3328857421875, 1055.5770263671875, 342.67755126953125, -30.637096405029297, 571.2913818359375, 161.44039916992188, 393.3539123535156, 217.61361694335938, 122.91688537597656, 76.87503814697266, 159.27899169921875, 310.34808349609375], [1710.977294921875, -652.9537963867188, 342.67755126953125, 606.5235595703125, -16.464479446411133, 281.60247802734375, 105.19207763671875, 155.71673583984375, 142.85386657714844, 38.235591888427734, 40.63700485229492, 108.25033569335938, 115.06900024414062], [-470.4354248046875, 78.36964416503906, -30.637096405029297, -16.464479446411133, 300.9747314453125, -2.0077335834503174, -35.98268127441406, -46.20021438598633, -30.808969497680664, 21.036453247070312, 31.670656204223633, -19.964061737060547, -65.09264373779297], [1628.511474609375, -671.0855102539062, 571.2913818359375, 281.60247802734375, -2.0077335834503174, 475.0370178222656, 123.6386947631836, 275.0372619628906, 139.61399841308594, 60.99467468261719, 74.72075653076172, 111.4145278930664, 180.4289093017578], [618.7972412109375, -226.62188720703125, 161.44039916992188, 105.19207763671875, -35.98268127441406, 123.6386947631836, 136.0692596435547, 109.5717544555664, 59.01848602294922, 12.216697692871094, 18.792465209960938, 51.61574172973633, 66.93515014648438], [1235.8966064453125, -415.4559631347656, 393.3539123535156, 155.71673583984375, -46.20021438598633, 275.0372619628906, 109.5717544555664, 323.8260498046875, 109.73055267333984, 24.453889846801758, 61.020511627197266, 76.26313781738281, 158.5403289794922], [715.0811157226562, -323.7641296386719, 217.61361694335938, 142.85386657714844, -30.808969497680664, 139.61399841308594, 59.01848602294922, 109.73055267333984, 136.6729736328125, 48.37525177001953, 30.17302131652832, 53.64474105834961, 72.12877655029297], [158.10321044921875, -82.02391052246094, 122.91688537597656, 38.235591888427734, 21.036453247070312, 60.99467468261719, 12.216697692871094, 24.453889846801758, 48.37525177001953, 94.81812286376953, 27.097257614135742, 27.466028213500977, 38.18525314331055], [260.4846496582031, -82.04402923583984, 76.87503814697266, 40.63700485229492, 31.670656204223633, 74.72075653076172, 18.792465209960938, 61.020511627197266, 30.17302131652832, 27.097257614135742, 91.86251831054688, 29.7392578125, 9.072305679321289], [567.7985229492188, -205.34132385253906, 159.27899169921875, 108.25033569335938, -19.964061737060547, 111.4145278930664, 51.61574172973633, 76.26313781738281, 53.64474105834961, 27.466028213500977, 29.7392578125, 97.4101791381836, 78.51236724853516], [934.7770385742188, -350.28826904296875, 310.34808349609375, 115.06900024414062, -65.09264373779297, 180.4289093017578, 66.93515014648438, 158.5403289794922, 72.12877655029297, 38.18525314331055, 9.072305679321289, 78.51236724853516, 193.4474639892578]], "lowlevel.mfcc.icov": [[0.0005954113439656794, 0.00039843012928031385, -0.0003310547908768058, -0.0007382437470369041, 0.0005734004662372172, -0.00010165621642954648, -0.00014720259059686214, -0.00044389383401721716, 6.42267768853344e-05, 0.0005482272827066481, -0.0005810935981571674, -0.0002205683704232797, -0.0004983464605174959], [0.00039843012928031385, 0.00140229647513479, 0.00046187633415684104, -1.574882844579406e-05, 0.00041443220106884837, 0.0002840073429979384, 8.641984459245577e-05, -0.0008739225449971855, 0.0012825920712202787, -0.0007035702583380044, -0.00018884037854149938, -0.0003666965931188315, 0.0002615328994579613], [-0.0003310547908768058, 0.00046187633415684104, 0.00435954425483942, 0.0008046357543207705, -0.0005775218596681952, -0.0027091302908957005, 0.0004920222563669086, -0.0009697605273686349, -0.0003634759341366589, -0.0025607929565012455, 0.0012736216885969043, 0.00014932386693544686, -0.0015588930109515786], [-0.0007382437470369041, -1.574882844579406e-05, 0.0008046357543207705, 0.003800727427005768, -0.0008495535585097969, -0.0009848630288615823, -0.00011499135143822059, 0.0008066280279308558, -0.0013995784102007747, -0.00042192224645987153, 0.0011727677192538977, -0.001186268636956811, 0.0010301695438101888], [0.0005734004662372172, 0.00041443220106884837, -0.0005775218596681952, -0.0008495535585097969, 0.0047435942105948925, -0.0007731460500508547, 0.000506015436258167, -0.00020584321464411914, 0.0015820229891687632, -0.0009419398847967386, -0.0017353215953335166, -5.183040411793627e-05, 0.0014208817156031728], [-0.00010165621642954648, 0.0002840073429979384, -0.0027091302908957005, -0.0009848630288615823, -0.0007731460500508547, 0.008448383770883083, -0.0009706300334073603, -0.002144254744052887, 0.00045220955507829785, 0.00018476942204870284, -0.0017048976151272655, -0.0007499362691305578, 7.002430356806144e-05], [-0.00014720259059686214, 8.641984459245577e-05, 0.0004920222563669086, -0.00011499135143822059, 0.000506015436258167, -0.0009706300334073603, 0.01180899515748024, -0.002426421968266368, -0.001259717857465148, 0.00023879007494542748, 0.001231605070643127, -0.003148675663396716, 0.0007676699897274375], [-0.00044389383401721716, -0.0008739225449971855, -0.0009697605273686349, 0.0008066280279308558, -0.00020584321464411914, -0.002144254744052887, -0.002426421968266368, 0.010081890039145947, -0.00316696148365736, 0.003771719988435507, -0.003932617604732513, 0.0025628393050283194, -0.004273283760994673], [6.42267768853344e-05, 0.0012825920712202787, -0.0003634759341366589, -0.0013995784102007747, 0.0015820229891687632, 0.00045220955507829785, -0.001259717857465148, -0.00316696148365736, 0.016879379749298096, -0.006674117408692837, 0.00015332302427850664, -0.0019411889370530844, 0.002374125411733985], [0.0005482272827066481, -0.0007035702583380044, -0.0025607929565012455, -0.00042192224645987153, -0.0009419398847967386, 0.00018476942204870284, 0.00023879007494542748, 0.003771719988435507, -0.006674117408692837, 0.01807701401412487, -0.004910202231258154, -0.0002129537460859865, -0.003989986144006252], [-0.0005810935981571674, -0.00018884037854149938, 0.0012736216885969043, 0.0011727677192538977, -0.0017353215953335166, -0.0017048976151272655, 0.001231605070643127, -0.003932617604732513, 0.00015332302427850664, -0.004910202231258154, 0.0175822451710701, -0.004990748129785061, 0.005641264840960503], [-0.0002205683704232797, -0.0003666965931188315, 0.00014932386693544686, -0.001186268636956811, -5.183040411793627e-05, -0.0007499362691305578, -0.003148675663396716, 0.0025628393050283194, -0.0019411889370530844, -0.0002129537460859865, -0.004990748129785061, 0.02047046832740307, -0.006769211497157812], [-0.0004983464605174959, 0.0002615328994579613, -0.0015588930109515786, 0.0010301695438101888, 0.0014208817156031728, 7.002430356806144e-05, 0.0007676699897274375, -0.004273283760994673, 0.002374125411733985, -0.003989986144006252, 0.005641264840960503, -0.006769211497157812, 0.015