{"song_id": "1182265202469785630", "download": "https://cdn.discordapp.com/attachments/1135903449314238464/1182265202469785630/chirp.mp4?ex=65841145&amp", "lyrics": "\u0427\u0442\u043e \u0437\u0430 \u0434\u0435\u043d\u044c! \n\u0427\u0442\u043e \u0437\u0430 \u0434\u0435\u043d\u044c! \n\u0427\u0442\u043e \u0437\u0430 \u043f\u0440\u0435\u043a\u0440\u0430\u0441\u043d\u044b\u0439 \u0434\u0435\u043d\u044c!", "style": ["Pop music"], "essentia_features": {"lowlevel.average_loudness": 0.9872467517852783, "lowlevel.barkbands_crest.mean": 14.527281761169434, "lowlevel.barkbands_crest.stdev": 6.203232288360596, "lowlevel.barkbands_flatness_db.mean": 0.20348413288593292, "lowlevel.barkbands_flatness_db.stdev": 0.08103728294372559, "lowlevel.barkbands_kurtosis.mean": 17.671751022338867, "lowlevel.barkbands_kurtosis.stdev": 41.32324981689453, "lowlevel.barkbands_skewness.mean": 2.491586208343506, "lowlevel.barkbands_skewness.stdev": 2.7469189167022705, "lowlevel.barkbands_spread.mean": 18.79366111755371, "lowlevel.barkbands_spread.stdev": 14.837980270385742, "lowlevel.dissonance.mean": 0.45114463567733765, "lowlevel.dissonance.stdev": 0.04338771849870682, "lowlevel.dynamic_complexity": 2.6184024810791016, "lowlevel.erbbands_crest.mean": 12.870976448059082, "lowlevel.erbbands_crest.stdev": 6.358529567718506, "lowlevel.erbbands_flatness_db.mean": 0.19741137325763702, "lowlevel.erbbands_flatness_db.stdev": 0.06613684445619583, "lowlevel.erbbands_kurtosis.mean": 1.586044192314148, "lowlevel.erbbands_kurtosis.stdev": 3.4062533378601074, "lowlevel.erbbands_skewness.mean": 0.6493683457374573, "lowlevel.erbbands_skewness.stdev": 1.0406590700149536, "lowlevel.erbbands_spread.mean": 37.27475357055664, "lowlevel.erbbands_spread.stdev": 22.76871681213379, "lowlevel.hfc.mean": 23.340665817260742, "lowlevel.hfc.stdev": 19.4971981048584, "lowlevel.loudness_ebu128.integrated": -12.638721466064453, "lowlevel.loudness_ebu128.loudness_range": 0.4228172302246094, "lowlevel.loudness_ebu128.momentary.mean": -13.022456169128418, "lowlevel.loudness_ebu128.momentary.stdev": 1.9692469835281372, "lowlevel.loudness_ebu128.short_term.mean": -12.711282730102539, "lowlevel.loudness_ebu128.short_term.stdev": 0.18854591250419617, "lowlevel.melbands_crest.mean": 19.34789276123047, "lowlevel.melbands_crest.stdev": 7.460122108459473, "lowlevel.melbands_flatness_db.mean": 0.23703612387180328, "lowlevel.melbands_flatness_db.stdev": 0.10921800136566162, "lowlevel.melbands_kurtosis.mean": 41.61958694458008, "lowlevel.melbands_kurtosis.stdev": 77.36573028564453, "lowlevel.melbands_skewness.mean": 3.8397536277770996, "lowlevel.melbands_skewness.stdev": 3.4444527626037598, "lowlevel.melbands_spread.mean": 21.583099365234375, "lowlevel.melbands_spread.stdev": 21.97731590270996, "lowlevel.pitch_salience.mean": 0.4447982907295227, "lowlevel.pitch_salience.stdev": 0.1943531483411789, "lowlevel.silence_rate_20dB.mean": 1.0, "lowlevel.silence_rate_20dB.stdev": 0.0, "lowlevel.silence_rate_30dB.mean": 0.8814589381217957, "lowlevel.silence_rate_30dB.stdev": 0.3232475221157074, "lowlevel.silence_rate_60dB.mean": 0.07598784565925598, "lowlevel.silence_rate_60dB.stdev": 0.2649783492088318, "lowlevel.spectral_centroid.mean": 1350.7960205078125, "lowlevel.spectral_centroid.stdev": 750.499267578125, "lowlevel.spectral_complexity.mean": 12.82066822052002, "lowlevel.spectral_complexity.stdev": 9.969014167785645, "lowlevel.spectral_decrease.mean": -1.088801759863145e-08, "lowlevel.spectral_decrease.stdev": 1.1054344106753433e-08, "lowlevel.spectral_energy.mean": 0.04321097955107689, "lowlevel.spectral_energy.stdev": 0.04220164939761162, "lowlevel.spectral_energyband_high.mean": 0.0008569641504436731, "lowlevel.spectral_energyband_high.stdev": 0.0015658916672691703, "lowlevel.spectral_energyband_low.mean": 0.025927720591425896, "lowlevel.spectral_energyband_low.stdev": 0.04005507007241249, "lowlevel.spectral_energyband_middle_high.mean": 0.008030571974813938, "lowlevel.spectral_energyband_middle_high.stdev": 0.009716685861349106, "lowlevel.spectral_energyband_middle_low.mean": 0.01010849978774786, "lowlevel.spectral_energyband_middle_low.stdev": 0.012327111326158047, "lowlevel.spectral_entropy.mean": 7.4227519035339355, "lowlevel.spectral_entropy.stdev": 0.6273033618927002, "lowlevel.spectral_flux.mean": 0.09709294140338898, "lowlevel.spectral_flux.stdev": 0.06174742430448532, "lowlevel.spectral_kurtosis.mean": 4.011856555938721, "lowlevel.spectral_kurtosis.stdev": 2.854189872741699, "lowlevel.spectral_rms.mean": 0.005730221513658762, "lowlevel.spectral_rms.stdev": 0.0030531277880072594, "lowlevel.spectral_rolloff.mean": 1881.4385986328125, "lowlevel.spectral_rolloff.stdev": 2394.326171875, "lowlevel.spectral_skewness.mean": 1.5384447574615479, "lowlevel.spectral_skewness.stdev": 0.4130200445652008, "lowlevel.spectral_spread.mean": 5127804.5, "lowlevel.spectral_spread.stdev": 2270189.5, "lowlevel.spectral_strongpeak.mean": 1.3694043159484863, "lowlevel.spectral_strongpeak.stdev": 1.330483317375183, "lowlevel.zerocrossingrate.mean": 0.06567457318305969, "lowlevel.zerocrossingrate.stdev": 0.05749913677573204, "metadata.audio_properties.analysis.equal_loudness": 0.0, "metadata.audio_properties.analysis.length": 7.5936055183410645, "metadata.audio_properties.analysis.sample_rate": 44100.0, "metadata.audio_properties.analysis.start_time": 0.0, "metadata.audio_properties.bit_rate": 121509.0, "metadata.audio_properties.length": 7.594666481018066, "metadata.audio_properties.lossless": 0.0, "metadata.audio_properties.number_channels": 1.0, "metadata.audio_properties.replay_gain": -13.227489471435547, "metadata.audio_properties.sample_rate": 48000.0, "rhythm.beats_count": 14.0, "rhythm.beats_loudness.mean": 0.08570713549852371, "rhythm.beats_loudness.stdev": 0.057141028344631195, "rhythm.bpm": 116.65074920654297, "rhythm.bpm_histogram_first_peak_bpm": 117.0, "rhythm.bpm_histogram_first_peak_weight": 0.307692289352417, "rhythm.bpm_histogram_second_peak_bpm": 0.0, "rhythm.bpm_histogram_second_peak_spread": 0.0, "rhythm.bpm_histogram_second_peak_weight": 0.0, "rhythm.danceability": 1.8669536113739014, "rhythm.onset_rate": 4.332900524139404, "tonal.chords_changes_rate": 0.07878787815570831, "tonal.chords_number_rate": 0.03030303120613098, "tonal.chords_strength.mean": 0.6183592081069946, "tonal.chords_strength.stdev": 0.1447862684726715, "tonal.hpcp_crest.mean": 17.758445739746094, "tonal.hpcp_crest.stdev": 9.202672958374023, "tonal.hpcp_entropy.mean": 1.612205147743225, "tonal.hpcp_entropy.stdev": 0.953090250492096, "tonal.key_edma.strength": 0.7524054646492004, "tonal.key_krumhansl.strength": 0.734708845615387, "tonal.key_temperley.strength": 0.7015621066093445, "tonal.tuning_diatonic_strength": 0.517743706703186, "tonal.tuning_equal_tempered_deviation": 0.29912278056144714, "tonal.tuning_frequency": 432.4410400390625, "tonal.tuning_nontempered_energy_ratio": 0.94962477684021, "lowlevel.barkbands.mean": [0.000251833931542933, 0.018328631296753883, 0.005685055628418922, 0.002346034161746502, 0.0005406033014878631, 0.003192927222698927, 0.0020629619248211384, 0.00024128018412739038, 0.0015052551170811057, 0.0034860437735915184, 0.0005560081917792559, 0.0007742922171019018, 0.0006355599616654217, 0.00021709057909902185, 0.001082641421817243, 0.00031203791149891913, 0.00048193667316809297, 0.00028396162088029087, 0.00027918198611587286, 0.0002037978993030265, 0.00016014691209420562, 0.00013365011545829475, 0.00015594123397022486, 0.0001473983284085989, 9.885592589853331e-05, 4.7578072553733364e-05, 2.905294422816951e-07], "lowlevel.barkbands.stdev": [0.0005426479037851095, 0.0353262834250927, 0.01512001920491457, 0.007625030819326639, 0.0015082309255376458, 0.0069583626464009285, 0.005089124199002981, 0.0013223907444626093, 0.0035474863834679127, 0.007089384365826845, 0.001439857529476285, 0.0021802238188683987, 0.0011695048306137323, 0.00042498516268096864, 0.0021452996879816055, 0.000614652584772557, 0.001102018286474049, 0.0005444816779345274, 0.00047645263839513063, 0.000403600832214579, 0.0003267423599027097, 0.00032188661862164736, 0.0002968730987049639, 0.00024291845329571515, 0.0001897352049127221, 0.00011691648251144215, 1.6161671965164714e-06], "lowlevel.erbbands.mean": [0.5373935103416443, 4.051501750946045, 6.768499851226807, 8.356023788452148, 3.6656198501586914, 1.6422516107559204, 4.76686429977417, 36.23769760131836, 33.410396575927734, 20.78829002380371, 3.8494672775268555, 20.019302368164062, 57.83879470825195, 129.8911895751953, 36.35741424560547, 24.054664611816406, 30.33216094970703, 15.49516487121582, 53.71717834472656, 22.253089904785156, 20.689300537109375, 30.20755958557129, 15.89389705657959, 16.016759872436523, 12.775542259216309, 10.352547645568848, 8.186203956604004, 4.93194055557251, 4.800409317016602, 4.915029048919678, 4.2819342613220215, 3.260446786880493, 2.3104381561279297, 1.2945590019226074, 0.6148773431777954, 0.2890903055667877, 0.06941814720630646, 0.006034574005752802, 0.00015055235417094082, 5.7077737437793985e-05], "lowlevel.erbbands.stdev": [1.0485162734985352, 8.264165878295898, 16.52914810180664, 21.22181510925293, 12.560794830322266, 3.7312428951263428, 16.79397964477539, 77.28167724609375, 68.90430450439453, 53.63583755493164, 14.193387985229492, 42.523231506347656, 96.95765686035156, 270.0489807128906, 80.50887298583984, 53.93369674682617, 57.20147705078125, 24.487998962402344, 118.07398986816406, 40.7419548034668, 38.008602142333984, 70.83036804199219, 29.01155662536621, 28.231163024902344, 21.657196044921875, 19.896196365356445, 16.069040298461914, 11.432711601257324, 11.537906646728516, 10.964194297790527, 7.825530052185059, 5.3472747802734375, 3.969423770904541, 2.396003007888794, 1.2830983400344849, 0.7021497488021851, 0.17459778487682343, 0.018049264326691628, 0.0003535477735567838, 4.664140578825027e-05], "lowlevel.gfcc.mean": [-29.09600257873535, 62.73554992675781, -138.31849670410156, 22.48520278930664, -67.53311157226562, 23.695999145507812, -37.30767059326172, 14.441605567932129, -21.154571533203125, 1.617856502532959, -2.226224422454834, 2.8537418842315674, -0.6237859129905701], "lowlevel.melbands.mean": [0.005042114295065403, 0.0041115679778158665, 0.0012713789474219084, 0.00016147547285072505, 0.0001357667933916673, 0.0007407462107948959, 0.0005211661919020116, 0.00018585265206638724, 1.9308336050016806e-05, 0.0001811645197449252, 0.00030281924409791827, 0.0005598594434559345, 0.0001020114723360166, 0.00010226399899693206, 5.772367148892954e-05, 5.089988553663716e-05, 2.2853937480249442e-05, 7.539932994404808e-05, 6.45101026748307e-05, 1.426050039299298e-05, 2.4452476282021962e-05, 3.086018477915786e-05, 1.9815806808765046e-05, 1.409901051374618e-05, 1.264527327293763e-05, 1.0665166882972699e-05, 7.053622084640665e-06, 6.836863121861825e-06, 5.305340437189443e-06, 3.917201411240967e-06, 2.5079125407501124e-06, 2.7180321922060102e-06, 2.5189449388562934e-06, 2.8717856821458554e-06, 2.550312046878389e-06, 2.0747950202348875e-06, 1.9962392343586544e-06, 1.7164414884973667e-06, 1.2775718687407789e-06, 1.0287285476806574e-06], "lowlevel.melbands.stdev": [0.009519804269075394, 0.008030942641198635, 0.003202985506504774, 0.0004914574092254043, 0.0004856179584749043, 0.0015670503489673138, 0.0010658691171556711, 0.0005200768355280161, 8.85700064827688e-05, 0.00041091060847975314, 0.0004985205014236271, 0.0011890148743987083, 0.0002387814165558666, 0.0002843601396307349, 0.0001120387387345545, 7.956982153700665e-05, 4.513301610131748e-05, 0.00017451187886763364, 0.00012582074850797653, 2.6807230824488215e-05, 5.337546099326573e-05, 7.86024538683705e-05, 3.9756287151249126e-05, 3.1265310099115595e-05, 2.3790304112480953e-05, 1.903185693663545e-05, 1.2989490642212331e-05, 1.4045935131434817e-05, 1.0600935638649389e-05, 8.22922356746858e-06, 6.490785835921997e-06, 6.6927686930284835e-06, 5.907983450015308e-06, 6.42765371594578e-06, 4.8274077926180325e-06, 3.5151563224644633e-06, 3.268374030085397e-06, 2.9991672363394173e-06, 2.421498038529535e-06, 1.9397441519686254e-06], "lowlevel.melbands128.mean": [0.00023088282614480704, 0.003737685503438115, 0.00784163549542427, 0.006202402990311384, 0.0038081654347479343, 0.0026852479204535484, 0.001887865480966866, 0.0008781136712059379, 0.00026507771690376103, 0.000147314858622849, 6.834991654613987e-05, 4.500128125073388e-05, 9.173365106107667e-05, 0.0002873151970561594, 0.0008990129572339356, 0.0010359365260228515, 0.00041515284101478755, 0.0005798692000098526, 0.00042418294469825923, 0.00021874537924304605, 7.236393867060542e-05, 2.6594139853841625e-05, 1.2241843251104001e-05, 1.1312824426568113e-05, 2.1631201889249496e-05, 0.0002621207677293569, 0.0005405489355325699, 0.00011075587099185213, 0.00018149470270145684, 0.0010192206827923656, 0.0005095317028462887, 7.30267638573423e-05, 8.499047544319183e-05, 8.552944927942008e-05, 0.00018461616127751768, 8.392256131628528e-05, 1.9239687389926985e-05, 2.5076755264308304e-05, 0.00012570606486406177, 6.815899541834369e-05, 2.298533945577219e-05, 3.914620901923627e-05, 2.7378333470551297e-05, 1.1264913155173417e-05, 1.2841092939197551e-05, 9.181997302221134e-05, 0.0001528126304037869, 7.498579361708835e-05, 2.444672463752795e-05, 1.1113897926406935e-05, 9.594569746695925e-06, 1.8137603547074832e-05, 3.6377467040438205e-05, 2.040064828179311e-05, 1.3057220712653361e-05, 3.478835424175486e-05, 4.683868610300124e-05, 2.2980899302638136e-05, 1.168860308098374e-05, 8.056439583015162e-06, 1.6418262021034025e-05, 1.560296004754491e-05, 1.4774903320358135e-05, 1.0347584066039417e-05, 1.2151847840868868e-05, 1.069131485564867e-05, 1.0898707841988653e-05, 6.680161732219858e-06, 6.26360451860819e-06, 7.125018328224542e-06, 7.709948476986028e-06, 6.216946985659888e-06, 4.983193775842665e-06, 5.750630407419521e-06, 4.814632120542228e-06, 4.37067092207144e-06, 3.494648808555212e-06, 2.319204213563353e-06, 2.415841436231858e-06, 2.576589849923039e-06, 2.5680658382043475e-06, 2.955430545625859e-06, 2.7159983346791705e-06, 2.231813368780422e-06, 2.6141856324102264e-06, 2.7354292342351982e-06, 3.177675353072118e-06, 2.7827459234686103e-06, 2.459058805470704e-06, 2.41761472352664e-06, 2.2622630240221042e-06, 1.905708586491528e-06, 1.8757010593617451e-06, 2.148838120774599e-06, 1.9109306776954327e-06, 1.9084873201791197e-06, 1.6269248135358794e-06, 1.5306168279494159e-06, 1.2952707493241178e-06, 1.1244155757594854e-06, 1.208195953950053e-06, 9.760261718838592e-07, 8.977434617918334e-07, 7.050251156215381e-07, 6.336862838907109e-07, 6.178129865475057e-07, 6.86130988469813e-07, 6.558468044204346e-07, 5.197653649702261e-07, 3.7141776942917204e-07, 2.9128455025784206e-07, 2.6613670911501686e-07, 2.1327538490822917e-07, 1.5928989682834072e-07, 1.0419586971011086e-07, 5.7614176540710105e-08, 1.278507077984159e-08, 2.8143506969335874e-10, 1.740326216470578e-10, 1.2234395441179657e-10, 3.7845331035679664e-11, 7.926820658199496e-12, 6.7421784301358034e-12, 6.603787395392802e-12, 6.318215915734893e-12, 5.9091008995648675e-12, 5.680697232057774e-12, 5.623316916281151e-12], "lowlevel.melbands128.stdev": [0.0005230241804383695, 0.008032072335481644, 0.015416637063026428, 0.014609680511057377, 0.009994668886065483, 0.006874397397041321, 0.005025761667639017, 0.0031391605734825134, 0.0010728370398283005, 0.00041550296009518206, 0.00015356343646999449, 0.00011380651267245412, 0.0003826601314358413, 0.001388807431794703, 0.0021280040964484215, 0.00234569632448256, 0.0011190167861059308, 0.001634368789382279, 0.0014076997758820653, 0.0007152904290705919, 0.0004988424479961395, 0.00017698301235213876, 4.858320244238712e-05, 2.4266793843708e-05, 4.280723806004971e-05, 0.0006443221936933696, 0.0013821086613461375, 0.0003749320167116821, 0.0004484418604988605, 0.002291956217959523, 0.0012560384348034859, 0.0002251898404210806, 0.0003515805583447218, 0.00039210819522850215, 0.000588347960729152, 0.0003444736357778311, 6.196988397277892e-05, 5.9344594774302095e-05, 0.0003083203046116978, 0.00015040261496324092, 5.6235530792037025e-05, 7.284550520125777e-05, 8.763357618590817e-05, 2.2279149561654776e-05, 3.703210313688032e-05, 0.00027323851827532053, 0.00038876570761203766, 0.0002357208722969517, 0.00010454628500156105, 2.6276296921423636e-05, 2.6191302822553553e-05, 4.1301249439129606e-05, 8.046143921092153e-05, 6.881412991788238e-05, 4.409491884871386e-05, 0.00012167009845143184, 0.00015202794747892767, 6.0968777688685805e-05, 3.748454400920309e-05, 2.223143746959977e-05, 5.611617598333396e-05, 3.3359141525579616e-05, 3.481627209112048e-05, 2.300427877344191e-05, 2.975688039441593e-05, 2.4684504751348868e-05, 2.1620839106617495e-05, 1.2183547369204462e-05, 1.4380297216121107e-05, 1.5722263924544677e-05, 1.623683056095615e-05, 1.625199365662411e-05, 1.2391772543196566e-05, 1.1444873052823823e-05, 1.0849234058696311e-05, 9.991703336709179e-06, 8.247202458733227e-06, 5.878511274204357e-06, 6.850771114841336e-06, 8.181323210010305e-06, 6.449492502724752e-06, 7.714229468547273e-06, 6.950953775231028e-06, 5.577599040407222e-06, 6.557241249538492e-06, 6.699411187582882e-06, 7.396919045277173e-06, 6.62931506667519e-06, 4.600001375365537e-06, 4.733168680104427e-06, 4.030300715385238e-06, 3.2853154152689967e-06, 3.815703621512512e-06, 3.662438757601194e-06, 3.311638010927709e-06, 3.779972530537634e-06, 2.9968198305141414e-06, 2.6985669592249906e-06, 2.948844212369295e-06, 2.2686638203595066e-06, 2.4695102638361277e-06, 1.8827940948540345e-06, 2.0412333014974138e-06, 1.5642136759197456e-06, 1.4640700101153925e-06, 1.4902400380378822e-06, 1.7177231939058402e-06, 1.6212392210945836e-06, 1.5811021967238048e-06, 9.542810630591703e-07, 7.282745855263784e-07, 7.03874775354052e-07, 6.100339078329853e-07, 4.986550834473746e-07, 3.6099521594223916e-07, 2.234993417005171e-07, 6.879337632881288e-08, 2.236442808722927e-09, 2.9038988991203496e-09, 2.036933954840947e-09, 5.373922973284095e-10, 2.2895647183718282e-11, 1.6714588046973233e-11, 1.6263840968422372e-11, 1.4136834931843811e-11, 1.169761596614416e-11, 1.1192160045969679e-11, 1.1128523449976946e-11], "lowlevel.mfcc.mean": [-664.8439331054688, 89.91287994384766, -10.843921661376953, 2.7799811363220215, 0.19529381394386292, 0.4190010726451874, 3.835655927658081, 6.1893720626831055, -5.246156692504883, 5.381746768951416, -6.426478862762451, 0.2317395955324173, 4.547321319580078], "lowlevel.spectral_contrast_coeffs.mean": [-0.6975136995315552, -0.6950270533561707, -0.710407018661499, -0.7777348756790161, -0.7887433171272278, -0.7825236916542053], "lowlevel.spectral_contrast_coeffs.stdev": [0.09819730371236801, 0.11787097156047821, 0.11631418019533157, 0.07357242703437805, 0.05293777212500572, 0.039989959448575974], "lowlevel.spectral_contrast_valleys.mean": [-8.006139755249023, -7.546681880950928, -7.602924823760986, -7.777754783630371, -7.720715045928955, -10.134899139404297], "lowlevel.spectral_contrast_valleys.stdev": [1.6253505945205688, 0.7813310027122498, 0.8568335771560669, 0.8979650735855103, 0.9134971499443054, 1.0028423070907593], "rhythm.beats_loudness_band_ratio.mean": [0.5404017567634583, 0.058225907385349274, 0.06555803120136261, 0.11042521893978119, 0.09613196551799774, 0.13576611876487732], "rhythm.beats_loudness_band_ratio.stdev": [0.4184272885322571, 0.09096488356590271, 0.10740812122821808, 0.10161156207323074, 0.10018394142389297, 0.16216546297073364], "tonal.hpcp.mean": [0.17460030317306519, 0.2859798073768616, 0.2523374557495117, 0.13711565732955933, 0.06413013488054276, 0.04424011707305908, 0.06247888505458832, 0.08171863853931427, 0.05866183713078499, 0.046675797551870346, 0.049761418253183365, 0.06483371555805206, 0.10837510973215103, 0.11898619681596756, 0.08539704978466034, 0.09466571360826492, 0.11901086568832397, 0.07661789655685425, 0.039781954139471054, 0.036458827555179596, 0.0434521809220314, 0.06768243759870529, 0.09213647246360779, 0.07267307490110397, 0.0378018394112587, 0.04963459074497223, 0.09073182940483093, 0.20405833423137665, 0.25678396224975586, 0.1493941843509674, 0.06279294192790985, 0.04717662185430527, 0.039108265191316605, 0.0404355525970459, 0.058392323553562164, 0.07738756388425827], "tonal.hpcp.stdev": [0.2661716938018799, 0.33526772260665894, 0.3537496328353882, 0.247314915060997, 0.17481186985969543, 0.13320906460285187, 0.1660647690296173, 0.22198697924613953, 0.16947896778583527, 0.15501023828983307, 0.16111138463020325, 0.17739169299602509, 0.23222273588180542, 0.22673280537128448, 0.18585914373397827, 0.2226445972919464, 0.28551462292671204, 0.19113066792488098, 0.1420474797487259, 0.10965310782194138, 0.13650120794773102, 0.14538300037384033, 0.20819392800331116, 0.1705605536699295, 0.10507708042860031, 0.15143699944019318, 0.2226601541042328, 0.3233962059020996, 0.37633299827575684, 0.26449429988861084, 0.14883100986480713, 0.129255011677742, 0.12735186517238617, 0.11768932640552521, 0.16139838099479675, 0.19565653800964355], "rhythm.beats_position": [0.4876190423965454, 0.9984580278396606, 1.5092970132827759, 2.0201361179351807, 2.530975103378296, 3.041814088821411, 3.564262866973877, 4.086711883544922, 4.597550868988037, 5.119999885559082, 5.642448902130127, 6.153287887573242, 6.664126873016357, 7.174965858459473], "rhythm.bpm_histogram": [0.0, 0.0, 0.0, 0.0, 0.0, 0.0, 0.0, 0.0, 0.0, 0.0, 0.0, 0.0, 0.0, 0.0, 0.0, 0.0, 0.0, 0.0, 0.0, 0.0, 0.0, 0.0, 0.0, 0.0, 0.0, 0.0, 0.0, 0.0, 0.0, 0.0, 0.0, 0.0, 0.0, 0.0, 0.0, 0.0, 0.0, 0.0, 0.0, 0.0, 0.0, 0.0, 0.0, 0.0, 0.0, 0.0, 0.0, 0.0, 0.0, 0.0, 0.0, 0.0, 0.0, 0.0, 0.0, 0.0, 0.0, 0.0, 0.0, 0.0, 0.0, 0.0, 0.0, 0.0, 0.0, 0.0, 0.0, 0.0, 0.0, 0.0, 0.0, 0.0, 0.0, 0.0, 0.0, 0.0, 0.0, 0.0, 0.0, 0.0, 0.0, 0.0, 0.0, 0.0, 0.0, 0.0, 0.0, 0.0, 0.0, 0.0, 0.0, 0.0, 0.0, 0.0, 0.0, 0.0, 0.0, 0.0, 0.0, 0.0, 0.0, 0.0, 0.0, 0.0, 0.0, 0.0, 0.0, 0.0, 0.0, 0.0, 0.0, 0.0, 0.0, 0.0, 0.0, 0.3076923191547394, 0.0, 0.692307710647583, 0.0, 0.0, 0.0, 0.0, 0.0, 0.0, 0.0, 0.0, 0.0, 0.0, 0.0, 0.0, 0.0, 0.0, 0.0, 0.0, 0.0, 0.0, 0.0, 0.0, 0.0, 0.0, 0.0, 0.0, 0.0, 0.0, 0.0, 0.0, 0.0, 0.0, 0.0, 0.0, 0.0, 0.0, 0.0, 0.0, 0.0, 0.0, 0.0, 0.0, 0.0, 0.0, 0.0, 0.0, 0.0, 0.0, 0.0, 0.0, 0.0, 0.0, 0.0, 0.0, 0.0, 0.0, 0.0, 0.0, 0.0, 0.0, 0.0, 0.0, 0.0, 0.0, 0.0, 0.0, 0.0, 0.0, 0.0, 0.0, 0.0, 0.0, 0.0, 0.0, 0.0, 0.0, 0.0, 0.0, 0.0, 0.0, 0.0, 0.0, 0.0, 0.0, 0.0, 0.0, 0.0, 0.0, 0.0, 0.0, 0.0, 0.0, 0.0, 0.0, 0.0, 0.0, 0.0, 0.0, 0.0, 0.0, 0.0, 0.0, 0.0, 0.0, 0.0, 0.0, 0.0, 0.0, 0.0, 0.0, 0.0, 0.0, 0.0, 0.0, 0.0, 0.0, 0.0, 0.0, 0.0, 0.0, 0.0, 0.0, 0.0, 0.0, 0.0, 0.0, 0.0, 0.0, 0.0, 0.0, 0.0, 0.0, 0.0, 0.0], "tonal.chords_histogram": [56.969696044921875, 26.66666603088379, 0.0, 0.0, 5.454545497894287, 0.0, 0.0, 0.0, 0.0, 0.0, 0.0, 0.0, 0.0, 0.6060606241226196, 0.0, 0.0, 0.0, 0.0, 6.060606002807617, 4.242424011230469, 0.0, 0.0, 0.0, 0.0], "tonal.thpcp": [1.0, 0.882361114025116, 0.4794592261314392, 0.2242470681667328, 0.15469664335250854, 0.21847306191921234, 0.2857496738433838, 0.20512579381465912, 0.1632136106491089, 0.1740032583475113, 0.226707324385643, 0.3789606988430023, 0.4160650372505188, 0.29861217737197876, 0.33102238178253174, 0.4161512851715088, 0.26791366934776306, 0.1391075700521469, 0.1274874210357666, 0.1519414335489273, 0.23666858673095703, 0.3221782445907593, 0.2541196048259735, 0.13218359649181366, 0.17355976998806, 0.3172665536403656, 0.7135410308837891, 0.89790940284729, 0.5223941802978516, 0.21957124769687653, 0.16496486961841583, 0.13675184547901154, 0.1413930356502533, 0.20418338477611542, 0.2706049978733063, 0.6105336546897888], "lowlevel.gfcc.cov": [[7826.31005859375, 557.485107421875, 5.9261860847473145, 628.9902954101562, 148.83168029785156, 243.34774780273438, 106.00736999511719, 242.3436279296875, 15.627918243408203, 131.22186279296875, 32.233184814453125, 71.44678497314453, -122.1499252319336], [557.485107421875, 2769.6513671875, 1007.0499267578125, 1066.621337890625, 1170.528564453125, 445.11614990234375, 805.7530517578125, 45.04412078857422, 445.08612060546875, -288.13336181640625, 257.803955078125, -311.44635009765625, 172.05224609375], [5.9261860847473145, 1007.0499267578125, 2581.02783203125, 1255.240478515625, 1106.948974609375, 339.6507873535156, 271.4279479980469, 142.59249877929688, -195.4573974609375, -134.0360870361328, -371.1525573730469, -148.94235229492188, -487.96636962890625], [628.9902954101562, 1066.621337890625, 1255.240478515625, 1158.3243408203125, 839.3157348632812, 275.0006408691406, 381.09735107421875, 183.83424377441406, 67.80995178222656, -186.11744689941406, -89.41129302978516, -157.75465393066406, -213.4422149658203], [148.83168029785156, 1170.528564453125, 1106.948974609375, 839.3157348632812, 972.1405029296875, 387.5886535644531, 494.1065673828125, 118.94754791259766, 113.70773315429688, -132.01507568359375, -54.58977127075195, -209.6724395751953, -135.97547912597656], [243.34774780273438, 445.11614990234375, 339.6507873535156, 275.0006408691406, 387.5886535644531, 366.5998229980469, 369.8371887207031, 45.39474868774414, 78.45928192138672, 26.109201431274414, -1.0072208642959595, -116.36198425292969, -17.785293579101562], [106.00736999511719, 805.7530517578125, 271.4279479980469, 381.09735107421875, 494.1065673828125, 369.8371887207031, 612.1823120117188, 88.99968719482422, 218.8378143310547, -30.168638229370117, 101.52235412597656, -159.94691467285156, 60.17021179199219], [242.3436279296875, 45.04412078857422, 142.59249877929688, 183.83424377441406, 118.94754791259766, 45.39474868774414, 88.99968719482422, 238.01983642578125, 109.37637329101562, 17.547691345214844, 55.92095184326172, 31.975475311279297, -25.400033950805664], [15.627918243408203, 445.08612060546875, -195.4573974609375, 67.80995178222656, 113.70773315429688, 78.45928192138672, 218.8378143310547, 109.37637329101562, 302.9397277832031, 21.218292236328125, 229.766357421875, -13.641786575317383, 162.25579833984375], [131.22186279296875, -288.13336181640625, -134.0360870361328, -186.11744689941406, -132.01507568359375, 26.109201431274414, -30.168638229370117, 17.547691345214844, 21.218292236328125, 215.2109832763672, 66.33658599853516, 82.45134735107422, 10.075197219848633], [32.233184814453125, 257.803955078125, -371.1525573730469, -89.41129302978516, -54.58977127075195, -1.0072208642959595, 101.52235412597656, 55.92095184326172, 229.766357421875, 66.33658599853516, 316.21820068359375, 68.53298950195312, 199.96929931640625], [71.44678497314453, -311.44635009765625, -148.94235229492188, -157.75465393066406, -209.6724395751953, -116.36198425292969, -159.94691467285156, 31.975475311279297, -13.641786575317383, 82.45134735107422, 68.53298950195312, 168.57940673828125, 49.115806579589844], [-122.1499252319336, 172.05224609375, -487.96636962890625, -213.4422149658203, -135.97547912597656, -17.785293579101562, 60.17021179199219, -25.400033950805664, 162.25579833984375, 10.075197219848633, 199.96929931640625, 49.115806579589844, 271.8395690917969]], "lowlevel.gfcc.icov": [[0.00018818657554220408, -0.000238733395235613, 0.00022892873676028103, -0.0002662744664121419, 0.00021390135225374252, -0.00033854981302283704, 0.0001754184195306152, -0.00027165483334101737, 0.0002841839741449803, -0.000281944201560691, 0.0001680174609646201, -0.00029124721186235547, 0.00022801199520472437], [-0.000238733395235613, 0.0021880646236240864, -0.000801765127107501, -0.0002607144124340266, -0.0014195649418979883, 0.0009185171220451593, -0.0005249500391073525, 0.0017842106753960252, -0.0015007221372798085, 0.001219429774209857, -0.0015361644327640533, 0.001660812646150589, -0.0018226216780021787], [0.00022892873676028103, -0.000801765127107501, 0.002025529509410262, -0.0009854384697973728, -0.0009261427912861109, -0.0005383703974075615, 0.0004971004673279822, -0.0004151424509473145, 0.0010241770651191473, -0.0009804681176319718, 0.0013852588599547744, -0.002156957285478711, 0.0016209317836910486], [-0.0002662744664121419, -0.0002607144124340266, -0.0009854384697973728, 0.004234021529555321, -0.0013494526501744986, 0.00023632658121641725, -0.0006642307271249592, -0.0008382332744076848, -0.0007591411704197526, 0.0024885544553399086, -0.0006342525593936443, -0.0008654562989249825, 0.0019938840996474028], [0.00021390135225374252, -0.0014195649418979883, -0.0009261427912861109, -0.0013494526501744986, 0.006898088380694389, -0.0029859421774744987, -0.0003461453306954354, -0.0010175361530855298, -0.00031018367735669017, 0.00041340646566823125, 0.00023709610104560852, 0.0008726644446142018, 0.0013469277182593942], [-0.00033854981302283704, 0.0009185171220451593, -0.0005383703974075615, 0.00023632658121641725, -0.0029859421774744987, 0.011871282011270523, -0.005577739793807268, 1.1823874956462532e-05, 0.0019696392118930817, -0.004469975829124451, 0.0007897698669694364, 0.0037472997792065144, -0.0032635012175887823], [0.0001754184195306152, -0.0005249500391073525, 0.0004971004673279822, -0.0006642307271249592, -0.0003461453306954354, -0.005577739793807268, 0.007458665873855352, -0.001000613090582192, -0.0013960363576188684, 7.232429197756574e-05, -0.000509493169374764, 0.0020100183319300413, -0.0006584357470273972], [-0.00027165483334101737, 0.0017842106753960252, -0.0004151424509473145, -0.0008382332744076848, -0.0010175361530855298, 1.1823874956462532e-05, -0.001000613090582192, 0.009884588420391083, -0.007081964053213596, 0.0022063155192881823, 5.2038107241969556e-05, -0.0043314783833920956, 0.0028718227986246347], [0.0002841839741449803, -0.0015007221372798085, 0.0010241770651191473, -0.0007591411704197526, -0.00031018367735669017, 0.0019696392118930817, -0.0013960363576188684, -0.007081964053213596, 0.01696518436074257, -0.003945938777178526, -0.005848536733537912, 0.005344429984688759, -0.004702383186668158], [-0.000281944201560691, 0.001219429774209857, -0.0009804681176319718, 0.0024885544553399086, 0.00041340646566823125, -0.004469975829124451, 7.232429197756574e-05, 0.0022063155192881823, -0.003945938777178526, 0.011753003112971783, -0.0031179513316601515, -0.005213485565036535, 0.00455518951639533], [0.0001680174609646201, -0.0015361644327640533, 0.0013852588599547744, -0.0006342525593936443, 0.00023709610104560852, 0.0007897698669694364, -0.000509493169374764, 5.2038107241969556e-05, -0.005848536733537912, -0.0031179513316601515, 0.013377818278968334, -0.005775039549916983, -0.0018667748663574457], [-0.00029124721186235547, 0.001660812646150589, -0.002156957285478711, -0.0008654562989249825, 0.0008726644446142018, 0.0037472997792065144, 0.0020100183319300413, -0.0043314783833920956, 0.005344429984688759, -0.005213485565036535, -0.005775039549916983, 0.02057676762342453, -0.008367718197405338], [0.00022801199520472437, -0.0018226216780021787, 0.0016209317836910486, 0.0019938840996474028, 0.0013469277182593942, -0.0032635012175887823, -0.0006584357470273972, 0.0028718227986246347, -0.004702383186668158, 0.00455518951639533, -0.0018667748663574457, -0.008367718197405338, 0.01580721326172352]], "lowlevel.mfcc.cov": [[5404.5390625, -286.63330078125, -173.6841583251953, 255.49850463867188, -31.451597213745117, -17.963254928588867, -15.212373733520508, 110.25052642822266, 58.89384460449219, 112.47630310058594, 21.70634651184082, 176.81292724609375, 141.56158447265625], [-286.63330078125, 1776.380126953125, 654.3692016601562, 837.1751098632812, 645.4938354492188, 582.24658203125, 453.197509765625, 398.85479736328125, 275.5039367675781, 286.85711669921875, 115.59664154052734, 25.902332305908203, 49.925899505615234], [-173.6841583251953, 654.3692016601562, 1238.63671875, 848.526123046875, 638.1262817382812, 390.2620849609375, 355.91094970703125, 283.55364990234375, 159.8032989501953, 27.946271896362305, 153.81454467773438, -9.860001564025879, -28.203386306762695], [255.49850463867188, 837.1751098632812, 848.526123046875, 1070.8470458984375, 679.0191040039062, 393.11688232421875, 388.32330322265625, 437.1667785644531, 217.2274932861328, 119.3442153930664, 153.86231994628906, 80.1045913696289, 16.915239334106445], [-31.451597213745117, 645.4938354492188, 638.1262817382812, 679.0191040039062, 619.174072265625, 265.6780090332031, 271.19195556640625, 292.4517517089844, 155.97740173339844, 73.84679412841797, 114.7465591430664, 49.150691986083984, 9.821581840515137], [-17.963254928588867, 582.24658203125, 390.2620849609375, 393.11688232421875, 265.6780090332031, 535.132080078125, 362.0855407714844, 179.29669189453125, 188.7251434326172, 192.2193145751953, 117.60833740234375, -63.57661437988281, 8.666056632995605], [-15.212373733520508, 453.197509765625, 355.91094970703125, 388.32330322265625, 271.19195556640625, 362.0855407714844, 369.15283203125, 229.52708435058594, 184.90980529785156, 170.164306640625, 128.1406707763672, 2.103533983230591, 29.189220428466797], [110.25052642822266, 398.85479736328125, 283.55364990234375, 437.1667785644531, 292.4517517089844, 179.29669189453125, 229.52708435058594, 315.4671630859375, 168.02810668945312, 117.67850494384766, 85.31804656982422, 85.92037963867188, 38.23537826538086], [58.89384460449219, 275.5039367675781, 159.8032989501953, 217.2274932861328, 155.97740173339844, 188.7251434326172, 184.90980529785156, 168.02810668945312, 195.6024627685547, 116.26976013183594, 76.34603118896484, 38.40456771850586, 29.286392211914062], [112.47630310058594, 286.85711669921875, 27.946271896362305, 119.3442153930664, 73.84679412841797, 192.2193145751953, 170.164306640625, 117.67850494384766, 116.26976013183594, 224.14474487304688, 96.55982208251953, 30.233238220214844, 68.33269500732422], [21.70634651184082, 115.59664154052734, 153.81454467773438, 153.86231994628906, 114.7465591430664, 117.60833740234375, 128.1406707763672, 85.31804656982422, 76.34603118896484, 96.55982208251953, 146.02134704589844, 58.83499526977539, 53.51529312133789], [176.81292724609375, 25.902332305908203, -9.860001564025879, 80.1045913696289, 49.150691986083984, -63.57661437988281, 2.103533983230591, 85.92037963867188, 38.40456771850586, 30.233238220214844, 58.83499526977539, 195.26084899902344, 99.78815460205078], [141.56158447265625, 49.925899505615234, -28.203386306762695, 16.915239334106445, 9.821581840515137, 8.666056632995605, 29.189220428466797, 38.23537826538086, 29.286392211914062, 68.33269500732422, 53.51529312133789, 99.78815460205078, 124.28562927246094]], "lowlevel.mfcc.icov": [[0.0002208589285146445, 0.00013886821398045868, 8.061885455390438e-05, -0.0003097277076449245, 6.150651461211964e-05, -8.30104254418984e-05, 0.00012967483780812472, 0.0001187109446618706, -8.39360072859563e-05, -0.00023591131321154535, 0.00024475654936395586, -0.00011318182077957317, -0.00017797373584471643], [0.00013886821398045868, 0.0014899701345711946, 6.841706635896116e-05, -0.0005305503727868199, -0.0009392761858180165, -0.0009568479144945741, 0.0003572025161702186, 0.00018164618813898414, -7.35818684916012e-05, -0.0014860357623547316, 0.001637803390622139, -0.0003982568741776049, -0.0002188785729231313], [8.061885455390438e-05, 6.841706635896116e-05, 0.002552769845351577, -0.0013997610658407211, -0.0011267174268141389, -0.00037230137968435884, -0.0007378008449450135, 0.0009676585323177278, -8.71149604790844e-05, 0.0015617723111063242, -0.0011755336308851838, 0.0005717986496165395, -0.00015000306302681565], [-0.0003097277076449245, -0.0005305503727868199, -0.0013997610658407211, 0.0057940175756812096, -0.0022884353529661894, -0.0012065685587003827, 0.0004610614269040525, -0.004509716760367155, 0.0016727243782952428, 0.001006252015940845, -0.0007764490437693894, -0.0006523616029880941, 0.0009144691866822541], [6.150651461211964e-05, -0.0009392761858180165, -0.0011267174268141389, -0.0022884353529661894, 0.006774996407330036, 0.00075795769225806, -0.00020637529087252915, -0.0011455913772806525, -0.0003984360082540661, 0.0012144637294113636, -0.0014714653370901942, 0.00035937243956141174, -5.308933759806678e-05], [-8.30104254418984e-05, -0.0009568479144945741, -0.00037230137968435884, -0.0012065685587003827, 0.00075795769225806, 0.008633945137262344, -0.0063516139052808285, 0.0034288265742361546, -0.002275572158396244, -0.0016440858598798513, -0.0002704070066101849, 0.00284217088483274, -0.0003917957074008882], [0.00012967483780812472, 0.0003572025161702186, -0.0007378008449450135, 0.0004610614269040525, -0.00020637529087252915, -0.0063516139052808285, 0.015221640467643738, -0.005919061601161957, -0.0016233664937317371, -0.0012994228163734078, -0.0034214304760098457, 0.0020338064059615135, -0.0008788891136646271], [0.0001187109446618706, 0.00018164618813898414, 0.0009676585323177278, -0.004509716760367155, -0.0011455913772806525, 0.0034288265742361546, -0.005919061601161957, 0.01559333223849535, -0.005332562606781721, -0.003018594579771161, 0.003590123727917671, -0.004059625789523125, 0.0016993893077597022], [-8.39360072859563e-05, -7.35818684916012e-05, -8.71149604790844e-05, 0.0016727243782952428, -0.0003984360082540661, -0.002275572158396244, -0.0016233664937317371, -0.005332562606781721, 0.013385509140789509, -0.0014674324775114655, -0.0007671918137930334, -0.001853523077443242, 0.0015608534449711442], [-0.00023591131321154535, -0.0014860357623547316, 0.0015617723111063242, 0.001006252015940845, 0.0012144637294113636, -0.0016440858598798513, -0.0012994228163734078, -0.003018594579771161, -0.0014674324775114655, 0.013679536990821362, -0.005984172690659761, 0.0028968865517526865, -0.004588897805660963], [0.00024475654936395586, 0.001637803390622139, -0.0011755336308851838, -0.0007764490437693894, -0.0014714653370901942, -0.0002704070066101849, -0.0034214304760098457, 0.003590123727917671, -0.0007671918137930334, -0.005984172690659761, 0.016530990600585938, -0.0048064496368169785, -0.0010515584144741297], [-0.00011318182077957317, -0.0003982568741776049, 0.0005717986496165395, -0.0006523616029880941, 0.00035937243956141174, 0.00284217088483274, 0.0020338064059615135, -0.004059625789523125, -0.001853523077443242, 0.0028968865517526865, -0.0048064496368169785, 0.014469261281192303, -0.009651543572545052], [-0.00017797373584471643, -0.0002188785729231313, -0.00015000306302681565, 0.0009144691866822541, -5.308933759806678e-05, -0.0003917957074008882, -0.0008788891136646271, 0.0016993893077597022, 0.0015608534449711442, -0.004588897805660963, -0.0010515584144741297, -0.009651543572545052, 0.018250389024615288]], "metadata.audio_properties.analysis.downmix": "mix", "metadata.audio_properties.codec": "mp3", "metadata.audio_properties.md5_encoded": "1e5bd4f989727f099d124ca164049dc3", "metadata.tags.file_name": "1182265202469785630.mp3", "metadata.version.essentia": "2.1-beta6-dev", "metadata.version.essentia_git_sha": "v2.1_beta5-1110-g77a6a954", "metadata.version.extractor": "music 2.0", "tonal.chords_key": "D", "tonal.chords_scale": "major", "tonal.key_edma.key": "D", "tonal.key_edma.scale": "major", "tonal.key_krumhansl.key": "D", "tonal.key_krumhansl.scale": "major", "tonal.key_temperley.key": "D", "tonal.key_temperley.scale": "major", "metadata.tags.encoding": ["Lavf58.45.100"]}, "essentia_models": [{"model_name": "genre_dortmund", "activations": {"alternative": "0.015607302", "blues": "0.002865801", "electronic": "0.032698743", "folkcountry": "0.0018309787", "funksoulrnb": "0.08067163", "jazz": "0.004390893", "pop": "0.3623828", "raphiphop": "0.21396899", "rock": "0.036114573"}}, {"model_name": "genre_rosamerica", "activations": {"classic": "0.005245239", "dance": "0.028711373", "hip hop": "0.19708544", "jazz": "0.0041496987", "pop": "0.5704026", "rhythm and blues": "0.11915694", "rock": "0.05076267", "speech": "0.007047478"}}, {"model_name": "genre_tzanetakis", "activations": {"blues": "0.0037587518", "classic": "8.625307e-05", "country": "0.0012953364", "disco": "0.039519902", "hip hop": "0.34852263", "jazz": "0.00019993275", "metal": "0.002654963", "pop": "0.6498499", "reggae": "0.0041996296", "rock": "0.01610312"}}, {"model_name": "genre_electronic", "activations": {"ambient": "0.04332548", "dnb": "0.14960526", "house": "0.17869842", "techno": "0.59055984", "trance": "0.03234126"}}, {"model_name": "mood_acoustic", "activations": {"acoustic": "4.6816875e-09", "not acoustic": "0