{"song_id": "1182285086591287296", "download": "https://cdn.discordapp.com/attachments/1135911532732108921/1182285086591287296/chirp.mp4?ex=658423ca&amp", "lyrics": "\u0418\u0440\u0438\u043d\u0430 \u042e\u0440\u044c\u0435\u0432\u043d\u0430, \u0442\u0451\u0449\u0430 \u0434\u043e\u0440\u043e\u0433\u0430\u044f!\n\u0421 \u0414\u043d\u0451\u043c \u0420\u043e\u0436\u0434\u0435\u043d\u0438\u044f! \u0412\u0430\u0441 \u044f \u043f\u043e\u0437\u0434\u0440\u0430\u0432\u043b\u044f\u044e!\n\u041f\u0443\u0441\u0442\u044c \u0431\u043b\u0435\u0441\u0442\u044f\u0442 \u043e\u0442 \u0440\u0430\u0434\u043e\u0441\u0442\u0438 \u0433\u043b\u0430\u0437\u0430,\n\u041b\u0443\u0447\u0448\u0435\u0439 \u0442\u0451\u0449\u0438 \u0432 \u043c\u0438\u0440\u0435 \u043d\u0435 \u043d\u0430\u0439\u0442\u0438!\n\n\u0412\u0430\u043c \u0436\u0435\u043b\u0430\u044e \u043a\u0440\u0435\u043f\u043a\u043e\u0433\u043e \u0437\u0434\u043e\u0440\u043e\u0432\u044c\u044f,\n\u0414\u043e\u043b\u0433\u0438\u0445 \u043b\u0435\u0442, \u043d\u0435\u0443\u0442\u043e\u043c\u0438\u043c\u044b\u0445 \u0441\u0438\u043b.\n\u0427\u0442\u043e\u0431\u044b \u0436\u0438\u0437\u043d\u044c \u0431\u044b\u043b\u0430 \u0412\u0430\u0448\u0430 \u0441\u043f\u043e\u043a\u043e\u0439\u043d\u0430,\n\u0422\u043e\u043b\u044c\u043a\u043e \u043f\u0440\u0430\u0437\u0434\u043d\u0438\u043a \u0432 \u0434\u043e\u043c \u0412\u0430\u0448 \u0437\u0430\u0445\u043e\u0434\u0438\u043b.\n\n\u041d\u0430 \u0433\u043e\u0434\u0430 \u0412\u044b, \u0442\u0451\u0449\u0430, \u043d\u0435 \u0440\u043e\u043f\u0449\u0438\u0442\u0435,\n\u041d\u0435 \u0441\u0434\u0430\u0432\u0430\u0439\u0442\u0435\u0441\u044c \u0432 \u0438\u0445 \u0436\u0435\u0441\u0442\u043e\u043a\u0438\u0439 \u043f\u043b\u0435\u043d,\n\u0412 \u043a\u0430\u0436\u0434\u043e\u043c \u0434\u043d\u0435 \u043f\u0440\u0435\u043a\u0440\u0430\u0441\u043d\u043e\u0435 \u0438\u0449\u0438\u0442\u0435,\n\u041f\u0443\u0441\u0442\u044c \u043d\u0435 \u0431\u0443\u0434\u0435\u0442 \u0433\u043e\u0440\u044f \u0438 \u043f\u0440\u043e\u0431\u043b\u0435\u043c!\n\n\u041a\u0430\u0440\u0438\u043d\u0430 \u0438 \u0410\u0440\u0441\u0435\u043d\u0438\u0439 \u0412\u0430\u0441 \u0442\u043e\u0436\u0435 \u043f\u043e\u0437\u0434\u0440\u0430\u0432\u043b\u044f\u044e\u0442,\n\u0421\u0447\u0430\u0441\u0442\u044c\u044f, \u0440\u0430\u0434\u043e\u0441\u0442\u0438 \u0432 \u0436\u0438\u0437\u043d\u0438 \u0412\u0430\u043c \u0436\u0435\u043b\u0430\u044e\u0442.", "style": ["dark synthwave"], "essentia_features": {"lowlevel.average_loudness": 0.9777318835258484, "lowlevel.barkbands_crest.mean": 11.627847671508789, "lowlevel.barkbands_crest.stdev": 4.364153861999512, "lowlevel.barkbands_flatness_db.mean": 0.15139679610729218, "lowlevel.barkbands_flatness_db.stdev": 0.04219694808125496, "lowlevel.barkbands_kurtosis.mean": 3.513455867767334, "lowlevel.barkbands_kurtosis.stdev": 4.65577507019043, "lowlevel.barkbands_skewness.mean": 1.1663578748703003, "lowlevel.barkbands_skewness.stdev": 0.9337230920791626, "lowlevel.barkbands_spread.mean": 18.783384323120117, "lowlevel.barkbands_spread.stdev": 11.931832313537598, "lowlevel.dissonance.mean": 0.44718414545059204, "lowlevel.dissonance.stdev": 0.037992410361766815, "lowlevel.dynamic_complexity": 2.325044870376587, "lowlevel.erbbands_crest.mean": 15.12922477722168, "lowlevel.erbbands_crest.stdev": 6.299927711486816, "lowlevel.erbbands_flatness_db.mean": 0.19546820223331451, "lowlevel.erbbands_flatness_db.stdev": 0.04784717783331871, "lowlevel.erbbands_kurtosis.mean": 3.334887742996216, "lowlevel.erbbands_kurtosis.stdev": 4.31095552444458, "lowlevel.erbbands_skewness.mean": 0.9293966889381409, "lowlevel.erbbands_skewness.stdev": 1.088655710220337, "lowlevel.erbbands_spread.mean": 27.786466598510742, "lowlevel.erbbands_spread.stdev": 17.172542572021484, "lowlevel.hfc.mean": 18.27585220336914, "lowlevel.hfc.stdev": 14.537260055541992, "lowlevel.loudness_ebu128.integrated": -15.93502140045166, "lowlevel.loudness_ebu128.loudness_range": 1.5306720733642578, "lowlevel.loudness_ebu128.momentary.mean": -16.345109939575195, "lowlevel.loudness_ebu128.momentary.stdev": 2.142949342727661, "lowlevel.loudness_ebu128.short_term.mean": -15.848873138427734, "lowlevel.loudness_ebu128.short_term.stdev": 0.5294003486633301, "lowlevel.melbands_crest.mean": 13.350625991821289, "lowlevel.melbands_crest.stdev": 5.045008182525635, "lowlevel.melbands_flatness_db.mean": 0.17072691023349762, "lowlevel.melbands_flatness_db.stdev": 0.044679202139377594, "lowlevel.melbands_kurtosis.mean": 6.650917053222656, "lowlevel.melbands_kurtosis.stdev": 9.673308372497559, "lowlevel.melbands_skewness.mean": 1.478655219078064, "lowlevel.melbands_skewness.stdev": 1.2675416469573975, "lowlevel.melbands_spread.mean": 27.418853759765625, "lowlevel.melbands_spread.stdev": 23.599027633666992, "lowlevel.pitch_salience.mean": 0.5177893042564392, "lowlevel.pitch_salience.stdev": 0.10189329832792282, "lowlevel.silence_rate_20dB.mean": 1.0, "lowlevel.silence_rate_20dB.stdev": 0.0, "lowlevel.silence_rate_30dB.mean": 0.9985443949699402, "lowlevel.silence_rate_30dB.stdev": 0.03812483325600624, "lowlevel.silence_rate_60dB.mean": 0.04221251979470253, "lowlevel.silence_rate_60dB.stdev": 0.20107261836528778, "lowlevel.spectral_centroid.mean": 1517.5762939453125, "lowlevel.spectral_centroid.stdev": 751.4336547851562, "lowlevel.spectral_complexity.mean": 14.032023429870605, "lowlevel.spectral_complexity.stdev": 6.682147026062012, "lowlevel.spectral_decrease.mean": -4.371059070251704e-09, "lowlevel.spectral_decrease.stdev": 5.334980457405436e-09, "lowlevel.spectral_energy.mean": 0.018155068159103394, "lowlevel.spectral_energy.stdev": 0.020948758348822594, "lowlevel.spectral_energyband_high.mean": 0.00098309270106256, "lowlevel.spectral_energyband_high.stdev": 0.001501742983236909, "lowlevel.spectral_energyband_low.mean": 0.001140741165727377, "lowlevel.spectral_energyband_low.stdev": 0.0058280229568481445, "lowlevel.spectral_energyband_middle_high.mean": 0.006363564636558294, "lowlevel.spectral_energyband_middle_high.stdev": 0.006197193171828985, "lowlevel.spectral_energyband_middle_low.mean": 0.010753968730568886, "lowlevel.spectral_energyband_middle_low.stdev": 0.018003273755311966, "lowlevel.spectral_entropy.mean": 7.612969398498535, "lowlevel.spectral_entropy.stdev": 0.31418514251708984, "lowlevel.spectral_flux.mean": 0.05838869884610176, "lowlevel.spectral_flux.stdev": 0.05395331606268883, "lowlevel.spectral_kurtosis.mean": 3.4182300567626953, "lowlevel.spectral_kurtosis.stdev": 1.9422078132629395, "lowlevel.spectral_rms.mean": 0.0038008203264325857, "lowlevel.spectral_rms.stdev": 0.0018072229577228427, "lowlevel.spectral_rolloff.mean": 1787.661376953125, "lowlevel.spectral_rolloff.stdev": 1367.662109375, "lowlevel.spectral_skewness.mean": 1.3308336734771729, "lowlevel.spectral_skewness.stdev": 0.4371737241744995, "lowlevel.spectral_spread.mean": 4923538.0, "lowlevel.spectral_spread.stdev": 862018.6875, "lowlevel.spectral_strongpeak.mean": 1.9347213506698608, "lowlevel.spectral_strongpeak.stdev": 1.5150110721588135, "lowlevel.zerocrossingrate.mean": 0.07730267196893692, "lowlevel.zerocrossingrate.stdev": 0.033487338572740555, "metadata.audio_properties.analysis.equal_loudness": 0.0, "metadata.audio_properties.analysis.length": 15.914648056030273, "metadata.audio_properties.analysis.sample_rate": 44100.0, "metadata.audio_properties.analysis.start_time": 0.0, "metadata.audio_properties.bit_rate": 115368.0, "metadata.audio_properties.length": 15.914667129516602, "metadata.audio_properties.lossless": 0.0, "metadata.audio_properties.number_channels": 1.0, "metadata.audio_properties.replay_gain": -12.435384750366211, "metadata.audio_properties.sample_rate": 48000.0, "rhythm.beats_count": 34.0, "rhythm.beats_loudness.mean": 0.0389285683631897, "rhythm.beats_loudness.stdev": 0.017319845035672188, "rhythm.bpm": 130.03248596191406, "rhythm.bpm_histogram_first_peak_bpm": 129.0, "rhythm.bpm_histogram_first_peak_weight": 0.3125, "rhythm.bpm_histogram_second_peak_bpm": 136.0, "rhythm.bpm_histogram_second_peak_spread": 0.0, "rhythm.bpm_histogram_second_peak_weight": 0.03030303120613098, "rhythm.danceability": 1.5651499032974243, "rhythm.onset_rate": 3.578403949737549, "tonal.chords_changes_rate": 0.037790697067976, "tonal.chords_number_rate": 0.011627906933426857, "tonal.chords_strength.mean": 0.5091663002967834, "tonal.chords_strength.stdev": 0.0893363282084465, "tonal.hpcp_crest.mean": 15.786900520324707, "tonal.hpcp_crest.stdev": 6.1346116065979, "tonal.hpcp_entropy.mean": 1.579825520515442, "tonal.hpcp_entropy.stdev": 0.5305538773536682, "tonal.key_edma.strength": 0.8475043177604675, "tonal.key_krumhansl.strength": 0.8501901626586914, "tonal.key_temperley.strength": 0.8456047177314758, "tonal.tuning_diatonic_strength": 0.608551025390625, "tonal.tuning_equal_tempered_deviation": 0.017587395384907722, "tonal.tuning_frequency": 440.5086364746094, "tonal.tuning_nontempered_energy_ratio": 0.5872302055358887, "lowlevel.barkbands.mean": [3.3909502235474065e-05, 0.0005278799217194319, 0.00036067698965780437, 0.0008685307111591101, 0.004752309061586857, 0.0007559004006907344, 0.0002505318552721292, 0.0005497549427673221, 0.0017014497425407171, 0.0024554049596190453, 0.0023278447333723307, 0.0005020671524107456, 0.00040977465687319636, 0.000669044500682503, 0.00026566380984149873, 0.00011357590119587258, 0.00010539183858782053, 8.921907283365726e-05, 0.00023192375374492258, 0.0003840284771285951, 0.00033763766987249255, 0.00021226992248557508, 0.00013381692406255752, 4.3416923290351406e-05, 3.3654028811724856e-05, 3.911215753760189e-05, 2.943627919194114e-07], "lowlevel.barkbands.stdev": [0.00020993252110201865, 0.0032670919317752123, 0.002797776134684682, 0.002273988677188754, 0.014205154962837696, 0.001015359302982688, 0.0005090057384222746, 0.0009402479627169669, 0.0026164373848587275, 0.004208422265946865, 0.0038908799178898335, 0.0009277368662878871, 0.0011367283295840025, 0.0022495228331536055, 0.0008134825038723648, 0.00020578535622917116, 0.0001333050022367388, 0.00017603422747924924, 0.0007387326913885772, 0.0009191339486278594, 0.0007838054443709552, 0.0004477160982787609, 0.00021929736249148846, 4.772785905515775e-05, 3.1806226616026834e-05, 3.788808680837974e-05, 8.254822887465707e-07], "lowlevel.erbbands.mean": [0.014391426928341389, 0.12222199887037277, 0.41873931884765625, 1.6782665252685547, 13.63255786895752, 13.052334785461426, 7.142144680023193, 6.06983757019043, 5.205008506774902, 7.102898597717285, 15.707601547241211, 48.93584060668945, 84.09520721435547, 39.449562072753906, 99.02081298828125, 30.878084182739258, 20.42728042602539, 34.4368896484375, 13.84796142578125, 17.23720359802246, 6.157642841339111, 5.180115699768066, 4.966241836547852, 7.9518141746521, 15.80132007598877, 17.313886642456055, 15.056209564208984, 11.559135437011719, 7.892784118652344, 6.1692585945129395, 3.164846897125244, 1.130725622177124, 0.7059279680252075, 0.35866105556488037, 0.24525392055511475, 0.16093291342258453, 0.07986994832754135, 0.007978684268891811, 0.00015928121865727007, 2.88172723230673e-05], "lowlevel.erbbands.stdev": [0.0936543345451355, 0.8120412230491638, 3.1229467391967773, 4.265209197998047, 48.045875549316406, 34.62334442138672, 9.065701484680176, 8.516369819641113, 9.761723518371582, 13.149478912353516, 21.39163589477539, 70.79288482666016, 154.1102294921875, 82.77549743652344, 140.46839904785156, 48.74964141845703, 49.644039154052734, 119.96308898925781, 28.747282028198242, 57.334190368652344, 8.757861137390137, 6.003579139709473, 8.836679458618164, 15.905150413513184, 56.113834381103516, 42.121707916259766, 32.25590896606445, 32.02042007446289, 15.53942584991455, 13.917152404785156, 4.837594985961914, 1.1696830987930298, 0.8286629915237427, 0.3939017057418823, 0.22013233602046967, 0.1566380262374878, 0.07952092587947845, 0.009464084170758724, 0.00017246775678358972, 2.6502326363697648e-05], "lowlevel.gfcc.mean": [-19.441986083984375, 49.47353744506836, -139.21273803710938, 0.648138701915741, -95.34402465820312, 1.2117786407470703, -37.603118896484375, -7.68766975402832, -50.59342575073242, -10.991146087646484, -36.95579528808594, -0.5094601511955261, -15.826130867004395], "lowlevel.melbands.mean": [0.00013722485164180398, 0.00019884864741470665, 0.000632549577858299, 0.0011102939024567604, 0.0002859130618162453, 0.00013857476005796343, 7.208598253782839e-05, 8.676789002493024e-05, 0.00017225538613274693, 0.000288078241283074, 0.00040695740608498454, 0.0001340985909337178, 0.0003264928236603737, 0.00012176635937066749, 5.3705760365119204e-05, 3.098594970651902e-05, 7.385173375951126e-05, 2.4390825274167582e-05, 1.874964073067531e-05, 1.6863848941284232e-05, 6.338801540550776e-06, 5.641662937705405e-06, 4.557816737360554e-06, 4.531289050646592e-06, 6.337441391224274e-06, 8.974659067462198e-06, 1.4661291970696766e-05, 1.0681904313969426e-05, 9.750936442287639e-06, 8.469834028801415e-06, 5.6743633649603e-06, 4.1932098611141555e-06, 4.457939212443307e-06, 3.1484644296142505e-06, 1.96146652342577e-06, 1.0818547480084817e-06, 5.802020837109012e-07, 5.612615723293857e-07, 3.5188227798244043e-07, 2.8452404876588844e-07], "lowlevel.melbands.stdev": [0.0008327407413162291, 0.0013662806013599038, 0.001890145125798881, 0.0035935479681938887, 0.00035792458220385015, 0.00019302974396850914, 0.0001378772867610678, 0.00016132762539200485, 0.00022985976829659194, 0.0004033443401567638, 0.0007623683195561171, 0.0003486995992716402, 0.0005675649736076593, 0.00014441007806453854, 0.00010739709250628948, 8.716634329175577e-05, 0.0002701436751522124, 5.6289169151568785e-05, 5.848329601576552e-05, 4.995512790628709e-05, 8.560899914300535e-06, 6.862789632577915e-06, 6.367301921272883e-06, 1.1111837011412717e-05, 1.3059799130132888e-05, 3.0035453164600767e-05, 4.723912934423424e-05, 2.567836781963706e-05, 2.3094360585673712e-05, 1.9691606212290935e-05, 1.687683652562555e-05, 7.247252142406069e-06, 1.2332900041656103e-05, 6.47331489744829e-06, 3.218020538042765e-06, 1.3003009371459484e-06, 6.446171028073877e-07, 6.780935564165702e-07, 4.579706285312568e-07, 3.1749038953421405e-07], "lowlevel.melbands128.mean": [2.940996091638226e-05, 0.00011071495828218758, 0.0001708684430923313, 0.00020999799016863108, 0.00021521799499168992, 0.00016678772226441652, 0.00020293219131417572, 0.0005565236206166446, 0.001600762945599854, 0.0014986033784225583, 0.0005250253016129136, 0.0003857098054140806, 0.00024348952865693718, 0.00012354097270872444, 0.00012748423614539206, 0.0001633117499295622, 0.00012402819993440062, 4.014462319901213e-05, 2.7009615223505534e-05, 8.117020479403436e-05, 0.00012169378896942362, 8.43443995108828e-05, 9.42869228310883e-05, 0.00033589047961868346, 0.00047124421689659357, 0.00010856054723262787, 0.00028580843354575336, 0.0007514670724049211, 0.00012589099060278386, 0.00016285285528283566, 7.467304385500029e-05, 0.00018204509979113936, 0.000393676629755646, 0.0004952172166667879, 4.4621054257731885e-05, 8.143005834426731e-05, 8.611116936663166e-05, 9.903927093546372e-06, 8.924934081733227e-05, 3.547264714143239e-05, 1.0286089491273742e-05, 3.263243706896901e-05, 7.643980643479154e-05, 0.0001082551825675182, 3.330500840093009e-05, 9.70550172496587e-06, 1.1388787243049592e-05, 8.05426861916203e-06, 2.7040214263251983e-05, 3.872404704452492e-05, 8.590970537625253e-06, 5.558885277423542e-06, 4.336391612014268e-06, 7.671297680644784e-06, 8.640883606858552e-06, 4.209436610835837e-06, 4.099288162251469e-06, 6.015238341205986e-06, 3.7075178624945693e-06, 4.049790732096881e-06, 4.775593424710678e-06, 4.112342139706016e-06, 6.597520950890612e-06, 6.815144843130838e-06, 6.482471235358389e-06, 7.707288204983342e-06, 1.1264489330642391e-05, 1.3599566955235787e-05, 1.8479631762602367e-05, 1.1566122338990681e-05, 9.693711945146788e-06, 1.0947964256047271e-05, 9.894026334222872e-06, 1.00674824352609e-05, 8.855093255988322e-06, 7.2587686190672684e-06, 9.770950782694854e-06, 8.24187372927554e-06, 4.347571575635811e-06, 3.7202228213573107e-06, 4.455015641724458e-06, 3.873134573950665e-06, 4.920068931824062e-06, 5.441484063339885e-06, 2.913603339038673e-06, 3.3804687973315595e-06, 3.3137775972136296e-06, 2.51597816713911e-06, 1.899192056953325e-06, 1.5737783769509406e-06, 1.3865538903701236e-06, 1.0074456895381445e-06, 3.946526021536556e-07, 4.6769119421696814e-07, 7.167689659581811e-07, 8.608807888776937e-07, 3.8022892567823874e-07, 4.0527291389480524e-07, 3.78972231374064e-07, 3.4610971511028765e-07, 2.22099757252181e-07, 3.5815966725749604e-07, 2.1562030383392994e-07, 2.647223880103411e-07, 2.3057890530253644e-07, 3.3918266240107187e-07, 3.20146511967323e-07, 2.2662435128495417e-07, 2.2507282437800313e-07, 3.2739254152147623e-07, 3.58152334456463e-07, 3.171846572058712e-07, 2.6465980340617534e-07, 2.0479532736317196e-07, 1.6654595924592286e-07, 7.870073659432819e-08, 1.3472323701080313e-08, 1.8987332539577295e-11, 3.229605818888537e-12, 3.1237308746601133e-12, 3.033482319503289e-12, 2.963235126024477e-12, 2.9032219336921905e-12, 2.8445804739485325e-12, 2.776026804263143e-12, 2.693279410256877e-12, 2.64361904762922e-12, 2.6247459067318957e-12], "lowlevel.melbands128.stdev": [0.0002028078743023798, 0.0007986329728737473, 0.0011041968828067183, 0.0015188264660537243, 0.0017753074644133449, 0.0012267035199329257, 0.0005974872037768364, 0.0015864407178014517, 0.005900254938751459, 0.005374526139348745, 0.001255640177987516, 0.0004670011403504759, 0.00035581845440901816, 0.00021764599659945816, 0.00022044290381018072, 0.00030166591750457883, 0.0002704478974919766, 0.00011537560203578323, 9.55236901063472e-05, 0.00016639754176139832, 0.00024484656751155853, 0.00019246889860369265, 0.000227091702981852, 0.0006095963763073087, 0.0008246252546086907, 0.00025944961817003787, 0.0007338813738897443, 0.0014447777066379786, 0.00022543301747646183, 0.0006606957176700234, 0.0002967118052765727, 0.0006473740795627236, 0.0009871809743344784, 0.0007030273554846644, 6.118271267041564e-05, 0.00019131414592266083, 0.0002038525854004547, 2.341785148018971e-05, 0.00028429459780454636, 9.97903844108805e-05, 5.5532138503622264e-05, 0.00021964048210065812, 0.00032283097971230745, 0.00045595073606818914, 0.00011736064334399998, 3.623954762588255e-05, 3.154644582537003e-05, 3.0749612051295117e-05, 0.00011260111205046996, 0.00014760016347281635, 1.9774952306761406e-05, 1.1355688911862671e-05, 6.77363459544722e-06, 1.278436593565857e-05, 1.5317627912736498e-05, 6.234376996872015e-06, 5.862869784323266e-06, 1.0757446943898685e-05, 6.153031335998094e-06, 7.005897714407183e-06, 1.8462425941834226e-05, 8.735330993658863e-06, 1.6409658201155253e-05, 1.4448191905103158e-05, 1.3793211110169068e-05, 2.035080069617834e-05, 4.9719452363206074e-05, 7.66092780395411e-05, 4.941340012010187e-05, 3.324522913317196e-05, 2.7179168682778254e-05, 3.0224282454582863e-05, 2.5326135073555633e-05, 2.9053157049929723e-05, 2.0167757611488923e-05, 1.535076262371149e-05, 2.781030343612656e-05, 3.1732783099869266e-05, 1.3863452295481693e-05, 7.783405635564122e-06, 7.78923185862368e-06, 8.603509741078597e-06, 1.2262612472113688e-05, 1.8758881196845323e-05, 6.917193786648568e-06, 6.882086381665431e-06, 7.340031515923329e-06, 4.816627097170567e-06, 3.6175122204440413e-06, 2.047740736088599e-06, 1.983705260499846e-06, 1.3578983271145262e-06, 5.42255349955667e-07, 6.037769253453007e-07, 8.918941034607997e-07, 1.144284283327579e-06, 5.263340767669433e-07, 6.224998401194171e-07, 5.556422593144816e-07, 4.890989657724276e-07, 3.0020825647625315e-07, 4.3108278191539284e-07, 2.7194192853130517e-07, 3.4369659829280863e-07, 2.416948632344429e-07, 3.5113342278236814e-07, 3.5984794521937147e-07, 2.942813068784744e-07, 2.812452066791593e-07, 3.826058332379034e-07, 4.0392745859207935e-07, 3.17713187314439e-07, 2.9512762012018356e-07, 2.777253769181698e-07, 2.202136073492511e-07, 1.4178995400015992e-07, 3.273848747653574e-08, 6.631366983311793e-11, 5.1791726289607265e-12, 5.04314645599635e-12, 4.922065359458383e-12, 4.814518575479987e-12, 4.719609685704951e-12, 4.639202650508212e-12, 4.571406621300955e-12, 4.515914552027933e-12, 4.476518548207631e-12, 4.4523855088907105e-12], "lowlevel.mfcc.mean": [-659.1043701171875, 90.75496673583984, -9.675610542297363, -0.5809876918792725, -39.040401458740234, -3.4620487689971924, -6.484251976013184, -2.66485857963562, -10.420821189880371, -10.88259506225586, -20.401979446411133, -18.440265655517578, -12.956530570983887], "lowlevel.spectral_contrast_coeffs.mean": [-0.5670782923698425, -0.7273967266082764, -0.6585167050361633, -0.7933595776557922, -0.8082947731018066, -0.7123174071311951], "lowlevel.spectral_contrast_coeffs.stdev": [0.08250539749860764, 0.07315583527088165, 0.07107257843017578, 0.05550587549805641, 0.04334047809243202, 0.05519641563296318], "lowlevel.spectral_contrast_valleys.mean": [-8.41101360321045, -7.087802410125732, -7.682253360748291, -7.982084274291992, -7.5022993087768555, -10.43589973449707], "lowlevel.spectral_contrast_valleys.stdev": [0.9362645745277405, 0.7153142690658569, 0.5743047595024109, 0.6103376150131226, 0.6307741403579712, 0.7293388247489929], "rhythm.beats_loudness_band_ratio.mean": [0.33805108070373535, 0.3439987599849701, 0.23475538194179535, 0.2080719918012619, 0.04914971813559532, 0.05083543062210083], "rhythm.beats_loudness_band_ratio.stdev": [0.22310851514339447, 0.2630743980407715, 0.1608799546957016, 0.2001027911901474, 0.03750428184866905, 0.03384990245103836], "tonal.hpcp.mean": [0.16939237713813782, 0.08170725405216217, 0.01448940858244896, 0.009267231449484825, 0.012191690504550934, 0.06469640135765076, 0.11525610089302063, 0.06700146943330765, 0.2869721055030823, 0.47610753774642944, 0.20219798386096954, 0.007490833289921284, 0.006731896195560694, 0.008787617087364197, 0.10119837522506714, 0.18783919513225555, 0.09797783941030502, 0.010235684923827648, 0.00883292406797409, 0.011236624792218208, 0.1888231635093689, 0.3223148286342621, 0.14645439386367798, 0.06972075253725052, 0.11574558913707733, 0.061880409717559814, 0.024808544665575027, 0.02657206729054451, 0.024206077679991722, 0.26297876238822937, 0.48006558418273926, 0.2687889039516449, 0.07723195850849152, 0.05991436541080475, 0.04506431519985199, 0.12109997868537903], "tonal.hpcp.stdev": [0.2787255048751831, 0.1555960774421692, 0.06404054909944534, 0.04017060622572899, 0.07967683672904968, 0.13707932829856873, 0.25487956404685974, 0.14508432149887085, 0.23325107991695404, 0.3843483030796051, 0.17112188041210175, 0.02200678177177906, 0.015889525413513184, 0.02125588245689869, 0.15150393545627594, 0.2681241035461426, 0.14063125848770142, 0.025919681414961815, 0.02850719913840294, 0.03807650879025459, 0.20563654601573944, 0.341004341840744, 0.158913716673851, 0.109547458589077, 0.19716443121433258, 0.12867172062397003, 0.0853889063000679, 0.09417933225631714, 0.0811455026268959, 0.23526139557361603, 0.3930666744709015, 0.24549143016338348, 0.20938578248023987, 0.1728280931711197, 0.14669083058834076, 0.20839524269104004], "rhythm.beats_position": [0.4411791265010834, 0.8939682245254517, 1.3467572927474976, 1.8111563920974731, 2.2639455795288086, 2.7167346477508545, 3.18113374710083, 3.6455328464508057, 4.109931945800781, 4.574330806732178, 5.038730144500732, 5.491518974304199, 5.955918312072754, 6.408707141876221, 6.873106479644775, 7.337505340576172, 7.813514709472656, 8.266304016113281, 8.73070240020752, 9.195101737976074, 9.6478910446167, 10.100680351257324, 10.565078735351562, 11.029478073120117, 11.493877410888672, 11.958276748657227, 12.422675132751465, 12.86385440826416, 13.328253746032715, 13.79265308380127, 14.257051467895508, 14.721450805664062, 15.185850143432617, 15.650249481201172], "rhythm.bpm_histogram": [0.0, 0.0, 0.0, 0.0, 0.0, 0.0, 0.0, 0.0, 0.0, 0.0, 0.0, 0.0, 0.0, 0.0, 0.0, 0.0, 0.0, 0.0, 0.0, 0.0, 0.0, 0.0, 0.0, 0.0, 0.0, 0.0, 0.0, 0.0, 0.0, 0.0, 0.0, 0.0, 0.0, 0.0, 0.0, 0.0, 0.0, 0.0, 0.0, 0.0, 0.0, 0.0, 0.0, 0.0, 0.0, 0.0, 0.0, 0.0, 0.0, 0.0, 0.0, 0.0, 0.0, 0.0, 0.0, 0.0, 0.0, 0.0, 0.0, 0.0, 0.0, 0.0, 0.0, 0.0, 0.0, 0.0, 0.0, 0.0, 0.0, 0.0, 0.0, 0.0, 0.0, 0.0, 0.0, 0.0, 0.0, 0.0, 0.0, 0.0, 0.0, 0.0, 0.0, 0.0, 0.0, 0.0, 0.0, 0.0, 0.0, 0.0, 0.0, 0.0, 0.0, 0.0, 0.0, 0.0, 0.0, 0.0, 0.0, 0.0, 0.0, 0.0, 0.0, 0.0, 0.0, 0.0, 0.0, 0.0, 0.0, 0.0, 0.0, 0.0, 0.0, 0.0, 0.0, 0.0, 0.0, 0.0, 0.0, 0.0, 0.0, 0.0, 0.0, 0.0, 0.0, 0.0, 0.03030303120613098, 0.0, 0.0, 0.6666666865348816, 0.0, 0.0, 0.0, 0.27272728085517883, 0.0, 0.0, 0.03030303120613098, 0.0, 0.0, 0.0, 0.0, 0.0, 0.0, 0.0, 0.0, 0.0, 0.0, 0.0, 0.0, 0.0, 0.0, 0.0, 0.0, 0.0, 0.0, 0.0, 0.0, 0.0, 0.0, 0.0, 0.0, 0.0, 0.0, 0.0, 0.0, 0.0, 0.0, 0.0, 0.0, 0.0, 0.0, 0.0, 0.0, 0.0, 0.0, 0.0, 0.0, 0.0, 0.0, 0.0, 0.0, 0.0, 0.0, 0.0, 0.0, 0.0, 0.0, 0.0, 0.0, 0.0, 0.0, 0.0, 0.0, 0.0, 0.0, 0.0, 0.0, 0.0, 0.0, 0.0, 0.0, 0.0, 0.0, 0.0, 0.0, 0.0, 0.0, 0.0, 0.0, 0.0, 0.0, 0.0, 0.0, 0.0, 0.0, 0.0, 0.0, 0.0, 0.0, 0.0, 0.0, 0.0, 0.0, 0.0, 0.0, 0.0, 0.0, 0.0, 0.0, 0.0, 0.0, 0.0, 0.0, 0.0, 0.0, 0.0, 0.0, 0.0, 0.0, 0.0, 0.0, 0.0, 0.0, 0.0, 0.0, 0.0, 0.0, 0.0, 0.0, 0.0], "tonal.chords_histogram": [76.74418640136719, 0.0, 0.0, 0.0, 0.0, 0.0, 0.0, 0.0, 0.0, 0.0, 0.0, 0.0, 0.0, 0.0, 0.0, 2.616279125213623, 0.0, 0.0, 0.0, 0.0, 0.0, 0.0, 11.918604850769043, 8.720930099487305], "tonal.thpcp": [1.0, 0.5599004030227661, 0.16087792813777924, 0.1248045414686203, 0.09387116134166718, 0.25225716829299927, 0.35285258293151855, 0.1702001839876175, 0.030182143673300743, 0.019304094836115837, 0.025395885109901428, 0.13476575911045074, 0.24008406698703766, 0.1395673304796219, 0.5977768898010254, 0.9917551875114441, 0.42118826508522034, 0.01560377050191164, 0.014022868126630783, 0.018305035308003426, 0.2108011394739151, 0.3912782073020935, 0.2040926069021225, 0.021321430802345276, 0.01839941181242466, 0.023406436666846275, 0.39332786202430725, 0.6713975071907043, 0.3050716519355774, 0.1452317237854004, 0.24110369384288788, 0.12889990210533142, 0.051677405834198, 0.05535091087222099, 0.050422437489032745, 0.5477975606918335], "lowlevel.gfcc.cov": [[3727.27294921875, -344.801513671875, 577.658935546875, 250.3973388671875, 273.04736328125, -103.20870208740234, -324.40447998046875, 0.15888643264770508, -153.09507751464844, 340.864013671875, -241.563232421875, 31.004430770874023, -202.98594665527344], [-344.801513671875, 810.549560546875, 20.306821823120117, -61.74925231933594, 87.84264373779297, 128.5463409423828, 116.16720581054688, -16.82673454284668, 106.26123046875, -108.06998443603516, 118.34278106689453, -54.7366943359375, 97.26673126220703], [577.658935546875, 20.306821823120117, 486.10382080078125, 160.79946899414062, 95.49005889892578, -16.52648162841797, -122.99017333984375, 15.855355262756348, -52.027252197265625, 68.9156265258789, -46.32855987548828, 92.53555297851562, -75.58582305908203], [250.3973388671875, -61.74925231933594, 160.79946899414062, 400.20074462890625, 41.072052001953125, -92.84288787841797, -8.962387084960938, 4.913362979888916, 66.85205841064453, 22.023849487304688, -7.294472694396973, 13.32278060913086, -16.479829788208008], [273.04736328125, 87.84264373779297, 95.49005889892578, 41.072052001953125, 180.11410522460938, 64.76309967041016, -17.54402732849121, 41.365966796875, 24.279788970947266, 39.982933044433594, 4.5361504554748535, 12.304473876953125, 7.559065818786621], [-103.20870208740234, 128.5463409423828, -16.52648162841797, -92.84288787841797, 64.76309967041016, 178.14724731445312, 63.666568756103516, 17.45404052734375, 41.959266662597656, 1.8287229537963867, 45.1756591796875, -7.033472061157227, 33.70541763305664], [-324.40447998046875, 116.16720581054688, -122.99017333984375, -8.962387084960938, -17.54402732849121, 63.666568756103516, 201.14378356933594, 21.8300724029541, 14.038735389709473, -49.927085876464844, 66.51789093017578, 12.00619125366211, 54.81447982788086], [0.15888643264770508, -16.82673454284668, 15.855355262756348, 4.913362979888916, 41.365966796875, 17.45404052734375, 21.8300724029541, 112.1015853881836, 38.647499084472656, -24.905956268310547, -15.799455642700195, 27.3855037689209, 31.19316864013672], [-153.09507751464844, 106.26123046875, -52.027252197265625, 66.85205841064453, 24.279788970947266, 41.959266662597656, 14.038735389709473, 38.647499084472656, 196.9171142578125, -22.71514892578125, 7.797431468963623, -57.674888610839844, 58.03245162963867], [340.864013671875, -108.06998443603516, 68.9156265258789, 22.023849487304688, 39.982933044433594, 1.8287229537963867, -49.927085876464844, -24.905956268310547, -22.71514892578125, 167.1956787109375, 18.501693725585938, -9.165873527526855, -46.574398040771484], [-241.563232421875, 118.34278106689453, -46.32855987548828, -7.294472694396973, 4.5361504554748535, 45.1756591796875, 66.51789093017578, -15.799455642700195, 7.797431468963623, 18.501693725585938, 113.74810791015625, 15.31790542602539, 10.351819038391113], [31.004430770874023, -54.7366943359375, 92.53555297851562, 13.32278060913086, 12.304473876953125, -7.033472061157227, 12.00619125366211, 27.3855037689209, -57.674888610839844, -9.165873527526855, 15.31790542602539, 140.05982971191406, 1.745378017425537], [-202.98594665527344, 97.26673126220703, -75.58582305908203, -16.479829788208008, 7.559065818786621, 33.70541763305664, 54.81447982788086, 31.19316864013672, 58.03245162963867, -46.574398040771484, 10.351819038391113, 1.745378017425537, 96.61482238769531]], "lowlevel.gfcc.icov": [[0.0005438462249003351, -0.0002620713785290718, 7.342868047999218e-05, -0.00032447997364215553, -0.00041505356784909964, -0.00011915952927665785, 0.00011870329763041809, -0.00010960784129565582, 0.00034135664463974535, -0.0011424070689827204, 0.0015718784416094422, -0.00031145967659540474, 0.000532092060893774], [-0.0002620713785290718, 0.003926131874322891, -0.0031432544346898794, 0.002328993985429406, -0.0024960809387266636, 0.0018083214526996017, -0.001900151139125228, 0.0026563226711004972, -0.001688369084149599, 0.004168280400335789, -0.005670357495546341, 0.0036388891749083996, -0.0032148875761777163], [7.342868047999218e-05, -0.0031432544346898794, 0.0071865287609398365, -0.00403620908036828, 0.0014288821257650852, -0.0038185196463018656, 0.003997419029474258, -0.0026456827763468027, 0.002261851914227009, -0.003479822538793087, 0.0056180888786911964, -0.005718564614653587, 0.004524455405771732], [-0.00032447997364215553, 0.002328993985429406, -0.00403620908036828, 0.006722667254507542, -0.0032036504708230495, 0.005968763027340174, -0.00408079894259572, 0.0031005125492811203, -0.004672843962907791, 0.002485660370439291, -0.004001951776444912, 0.002024531364440918, -0.0011576133547350764], [-0.00041505356784909964, -0.0024960809387266636, 0.0014288821257650852, -0.0032036504708230495, 0.011575068347156048, -0.005908024962991476, 0.003448314033448696, -0.005310045089572668, 0.0021727047860622406, -0.0033916125539690256, 0.0018423761939629912, -0.0016228086315095425, 1.769209666235838e-05], [-0.00011915952927665785, 0.0018083214526996017, -0.0038185196463018656, 0.005968763027340174, -0.005908024962991476, 0.01370743103325367, -0.005766327027231455, 0.0029798191972076893, -0.004798440262675285, 0.0016792856622487307, -0.004837782122194767, 0.002493764040991664, -0.0018854463705793023], [0.00011870329763041809, -0.001900151139125228, 0.003997419029474258, -0.00408079894259572, 0.003448314033448696, -0.005766327027231455, 0.011805107817053795, -0.0042364103719592094, 0.004279459360986948, -0.0001920430368045345, -0.0016245372826233506, -0.0018524728948250413, -0.0014498918317258358], [-0.00010960784129565582, 0.0026563226711004972, -0.0026456827763468027, 0.0031005125492811203, -0.005310045089572668, 0.0029798191972076893, -0.0042364103719592094, 0.015586708672344685, -0.005171930883079767, 0.003294327761977911, 7.973356696311384e-05, -0.0014385725371539593, -0.002986327512189746], [0.00034135664463974535, -0.001688369084149599, 0.002261851914227009, -0.004672843962907791, 0.0021727047860622406, -0.004798440262675285, 0.004279459360986948, -0.005171930883079767, 0.01170674804598093, -0.001474509947001934, 0.0010673018405213952, 0.003081830684095621, -0.003777285572141409], [-0.0011424070689827204, 0.004168280400335789, -0.003479822538793087, 0.002485660370439291, -0.0033916125539690256, 0.0016792856622487307, -0.0001920430368045345, 0.003294327761977911, -0.001474509947001934, 0.01423630677163601, -0.010775911621749401, 0.005219109356403351, -0.0013613762566819787], [0.0015718784416094422, -0.005670357495546341, 0.0056180888786911964, -0.004001951776444912, 0.0018423761939629912, -0.004837782122194767, -0.0016245372826233506, 7.973356696311384e-05, 0.0010673018405213952, -0.010775911621749401, 0.025180179625749588, -0.009280520491302013, 0.006797241047024727], [-0.00031145967659540474, 0.0036388891749083996, -0.005718564614653587, 0.002024531364440918, -0.0016228086315095425, 0.002493764040991664, -0.0018524728948250413, -0.0014385725371539593, 0.003081830684095621, 0.005219109356403351, -0.009280520491302013, 0.015628401190042496, -0.006297069601714611], [0.000532092060893774, -0.0032148875761777163, 0.004524455405771732, -0.0011576133547350764, 1.769209666235838e-05, -0.0018854463705793023, -0.0014498918317258358, -0.002986327512189746, -0.003777285572141409, -0.0013613762566819787, 0.006797241047024727, -0.006297069601714611, 0.021488288417458534]], "lowlevel.mfcc.cov": [[3244.922119140625, -220.51425170898438, 187.05795288085938, 351.0216979980469, 264.8107604980469, 49.58993911743164, -125.9280014038086, -294.1719665527344, -36.8130989074707, 97.58789825439453, 80.64179992675781, -94.35999298095703, -38.519866943359375], [-220.51425170898438, 697.27099609375, 29.00136375427246, -173.26309204101562, 58.21067428588867, 56.46803665161133, 103.4253921508789, 69.90706634521484, 12.405837059020996, -9.942048072814941, -9.288277626037598, 20.366525650024414, 30.13823890686035], [187.05795288085938, 29.00136375427246, 316.9834899902344, 134.44308471679688, 99.1823501586914, 17.63003158569336, -40.42145538330078, -15.404587745666504, -14.740462303161621, -53.057254791259766, 20.513994216918945, 21.80463409423828, 29.530099868774414], [351.0216979980469, -173.26309204101562, 134.44308471679688, 423.9095153808594, 46.77961730957031, 0.09054511785507202, -55.149654388427734, -16.347082138061523, -18.757278442382812, -12.899815559387207, -11.487971305847168, 31.1444034576416, 41.36814880371094], [264.8107604980469, 58.21067428588867, 99.1823501586914, 46.77961730957031, 261.3959655761719, 14.166828155517578, -49.87186813354492, -9.280000686645508, 42.36798095703125, 53.53847122192383, 32.27919006347656, -12.606217384338379, -7.118016242980957], [49.58993911743164, 56.46803665161133, 17.63003158569336, 0.09054511785507202, 14.166828155517578, 142.28599548339844, 44.905540466308594, -17.651123046875, -17.56757354736328, 45.15354919433594, 30.72709846496582, 29.330841064453125, 19.411888122558594], [-125.9280014038086, 103.4253921508789, -40.42145538330078, -55.149654388427734, -49.87186813354492, 44.905540466308594, 167.00770568847656, 35.95814895629883, -19.345605850219727, -16.149517059326172, -6.512453079223633, 37.71736526489258, 52.42168045043945], [-294.1719665527344, 69.90706634521484, -15.404587745666504, -16.347082138061523, -9.280000686645508, -17.651123046875, 35.95814895629883, 213.61026000976562, 81.1998519897461, -36.769004821777344, -30.19902229309082, 11.311138153076172, 17.865455627441406], [-36.8130989074707, 12.405837059020996, -14.740462303161621, -18.757278442382812, 42.36798095703125, -17.56757354736328, -19.345605850219727, 81.1998519897461, 134.35403442382812, 49.71974563598633, -7.827368259429932, -42.04804611206055, -23.614704132080078], [97.58789825439453, -9.942048072814941, -53.057254791259766, -12.899815559387207, 53.53847122192383, 45.15354919433594, -16.149517059326172, -36.769004821777344, 49.71974563598633, 180.92623901367188, 46.86823654174805, -35.53560256958008, -41.61655044555664], [80.64179992675781, -9.288277626037598, 20.513994216918945, -11.487971305847168, 32.27919006347656, 30.72709846496582, -6.512453079223633, -30.19902229309082, -7.827368259429932, 46.86823654174805, 85.58212280273438, 20.566843032836914, -21.34004020690918], [-94.35999298095703, 20.366525650024414, 21.80463409423828, 31.1444034576416, -12.606217384338379, 29.330841064453125, 37.71736526489258, 11.311138153076172, -42.04804611206055, -35.53560256958008, 20.566843032836914, 110.61653900146484, 55.017520904541016], [-38.519866943359375, 30.13823890686035, 29.530099868774414, 41.36814880371094, -7.118016242980957, 19.411888122558594, 52.42168045043945, 17.865455627441406, -23.614704132080078, -41.61655044555664, -21.34004020690918, 55.017520904541016, 117.3523941040039]], "lowlevel.mfcc.icov": [[0.00044362794142216444, 3.2430536521133035e-05, 5.086760938866064e-05, -0.00036672232090495527, -0.000351996801327914, -0.00015321765386033803, -0.00010000781185226515, 0.0005838643410243094, -0.00014959846157580614, 0.0002409555745543912, -0.0003884635807480663, 0.0005669613019563258, -6.75549017614685e-05], [3.2430536521133035e-05, 0.001999340485781431, -0.0005544442683458328, 0.0009425515308976173, -0.0007330626249313354, -0.00048629785305820405, -0.0009442662703804672, -0.0005089100450277328, 0.0002943006984423846, -0.00017505837604403496, 0.0008473301422782242, -0.00022758645354770124, 9.761659748619422e-05], [5.086760938866064e-05, -0.0005544442683458328, 0.005243710242211819, -0.0015719932271167636, -0.0015509433578699827, -0.0011368162231519818, 0.0010694485390558839, 0.0006185097154229879, -0.0006312693003565073, 0.0031252868939191103, -0.0025537305045872927, 0.001007048413157463, -0.0010394095443189144], [-0.00036672232090495527, 0.0009425515308976173, -0.0015719932271167636, 0.003870260203257203, -2.6313527996535413e-05, 7.231318886624649e-05, 0.000842310197185725, -0.0008499359246343374, 0.0007932632579468191, -0.0012868590420112014, 0.0020665850024670362, -0.0016072331927716732, -0.0007590313907712698], [-0.000351996801327914, -0.0007330626249313354, -0.0015509433578699827, -2.6313527996535413e-05, 0.005839396268129349, 0.00023805300588719547, 0.001444328809157014, -0.0001343031763099134, -0.0014021245297044516, -0.0015548088122159243, -0.0010293892119079828, -0.00018609008111525327, -0.0007711306097917259], [-0.00015321765386033803, -0.00048629785305820405, -0.0011368162231519818, 7.231318886624649e-05, 0.00023805300588719547, 0.010195208713412285, -0.002325669163838029, -0.00012110726675018668, 0.0015286457492038608, -0.0037487593945115805, -0.001142087858170271, -0.0017847702838480473, -0.0006722663529217243], [-0.00010000781185226515, -0.0009442662703804672, 0.0010694485390558839, 0.000842310197185725, 0.001444328809157014, -0.002325669163838029, 0.009811551310122013, -0.0016490406123921275, 0.0011745975352823734, -9.71416593529284e-05, -0.000339842721587047, -0.00045493297511711717, -0.003662457689642906], [0.0005838643410243094, -0.0005089100450277328, 0.0006185097154229879, -0.0008499359246343374, -0.0001343031763099134, -0.00012110726675018668, -0.0016490406123921275, 0.009380287490785122, -0.007373191881924868, 0.003270563902333379, 0.00042377953650429845, -0.0016601311508566141, 0.0003183112421538681], [-0.00014959846157580614, 0.0002943006984423846, -0.0006312693003565073, 0.0007932632579468191, -0.0014021245297044516, 0.0015286457492038608, 0.0011745975352823734, -0.007373191881924868, 0.015887640416622162, -0.0054575116373598576, 0.001436932128854096, 0.0036016914527863264, -0.00015119118324946612], [0.0002409555745543912, -0.00017505837604403496, 0.0031252868939191103, -0.0012868590420112014, -0.0015548088122159243, -0.0037487593945115805, -9.71416593529284e-05, 0.003270563902333379, -0.0054575116373598576, 0.011982262134552002, -0.005763080902397633, 0.0030883646104484797, 0.0005176916602067649], [-0.0003884635807480663, 0.0008473301422782242, -0.0025537305045872927, 0.0020665850024670362, -0.0010293892119079828, -0.001142087858170271, -0.000339842721587047, 0.00042377953650429845, 0.001436932128854096, -0.005763080902