{"song_id": "1182271096360284190", "download": "https://cdn.discordapp.com/attachments/1135903449314238464/1182271096360284190/chirp.mp4?ex=658416c2&amp", "lyrics": "Intro:\nGululu, gululu, grab your brush, let's meet,\nIt's time for a dental cleaning treat!\n\nVerse 1:\nBrush on top, now brush below,\nGentle circles, round we go.\nInside, outside, don't forget the space,\nBrush every tooth, keep a happy face.\n\nChorus:\nTra la la, sing with glee,\nBrushing's fun for you and me.\nWave goodbye to tooth decay,\nSmile bright, hip hip hooray!", "style": ["happy song for kids"], "essentia_features": {"lowlevel.average_loudness": 0.9661858081817627, "lowlevel.barkbands_crest.mean": 10.697123527526855, "lowlevel.barkbands_crest.stdev": 4.171305179595947, "lowlevel.barkbands_flatness_db.mean": 0.1440545916557312, "lowlevel.barkbands_flatness_db.stdev": 0.05780394747853279, "lowlevel.barkbands_kurtosis.mean": 5.839469909667969, "lowlevel.barkbands_kurtosis.stdev": 12.105476379394531, "lowlevel.barkbands_skewness.mean": 1.644910454750061, "lowlevel.barkbands_skewness.stdev": 1.2736926078796387, "lowlevel.barkbands_spread.mean": 20.28121566772461, "lowlevel.barkbands_spread.stdev": 16.59964370727539, "lowlevel.dissonance.mean": 0.4290265738964081, "lowlevel.dissonance.stdev": 0.04295170679688454, "lowlevel.dynamic_complexity": 1.9948197603225708, "lowlevel.erbbands_crest.mean": 12.28518295288086, "lowlevel.erbbands_crest.stdev": 5.029994010925293, "lowlevel.erbbands_flatness_db.mean": 0.1689676195383072, "lowlevel.erbbands_flatness_db.stdev": 0.058763664215803146, "lowlevel.erbbands_kurtosis.mean": 2.2239670753479004, "lowlevel.erbbands_kurtosis.stdev": 4.649150371551514, "lowlevel.erbbands_skewness.mean": 0.9413260221481323, "lowlevel.erbbands_skewness.stdev": 0.9995145797729492, "lowlevel.erbbands_spread.mean": 36.92427444458008, "lowlevel.erbbands_spread.stdev": 23.776226043701172, "lowlevel.hfc.mean": 25.87089729309082, "lowlevel.hfc.stdev": 18.394834518432617, "lowlevel.loudness_ebu128.integrated": -13.185187339782715, "lowlevel.loudness_ebu128.loudness_range": 1.8888158798217773, "lowlevel.loudness_ebu128.momentary.mean": -13.371152877807617, "lowlevel.loudness_ebu128.momentary.stdev": 1.3136014938354492, "lowlevel.loudness_ebu128.short_term.mean": -13.235896110534668, "lowlevel.loudness_ebu128.short_term.stdev": 0.7436807751655579, "lowlevel.melbands_crest.mean": 14.386774063110352, "lowlevel.melbands_crest.stdev": 4.982576370239258, "lowlevel.melbands_flatness_db.mean": 0.2073660045862198, "lowlevel.melbands_flatness_db.stdev": 0.06513954699039459, "lowlevel.melbands_kurtosis.mean": 12.823572158813477, "lowlevel.melbands_kurtosis.stdev": 16.021862030029297, "lowlevel.melbands_skewness.mean": 2.3420393466949463, "lowlevel.melbands_skewness.stdev": 1.5006293058395386, "lowlevel.melbands_spread.mean": 21.211164474487305, "lowlevel.melbands_spread.stdev": 22.040813446044922, "lowlevel.pitch_salience.mean": 0.532240092754364, "lowlevel.pitch_salience.stdev": 0.11286505311727524, "lowlevel.silence_rate_20dB.mean": 1.0, "lowlevel.silence_rate_20dB.stdev": 0.0, "lowlevel.silence_rate_30dB.mean": 1.0, "lowlevel.silence_rate_30dB.stdev": 0.0, "lowlevel.silence_rate_60dB.mean": 0.020435068756341934, "lowlevel.silence_rate_60dB.stdev": 0.14148351550102234, "lowlevel.spectral_centroid.mean": 1101.9356689453125, "lowlevel.spectral_centroid.stdev": 661.3491821289062, "lowlevel.spectral_complexity.mean": 14.757415771484375, "lowlevel.spectral_complexity.stdev": 7.206375598907471, "lowlevel.spectral_decrease.mean": -8.218760783051948e-09, "lowlevel.spectral_decrease.stdev": 5.657737833786314e-09, "lowlevel.spectral_energy.mean": 0.03336605802178383, "lowlevel.spectral_energy.stdev": 0.022095879539847374, "lowlevel.spectral_energyband_high.mean": 0.0011052136542275548, "lowlevel.spectral_energyband_high.stdev": 0.0017727031372487545, "lowlevel.spectral_energyband_low.mean": 0.00827375240623951, "lowlevel.spectral_energyband_low.stdev": 0.014405373483896255, "lowlevel.spectral_energyband_middle_high.mean": 0.006036011036485434, "lowlevel.spectral_energyband_middle_high.stdev": 0.008347682654857635, "lowlevel.spectral_energyband_middle_low.mean": 0.0187618937343359, "lowlevel.spectral_energyband_middle_low.stdev": 0.01341282669454813, "lowlevel.spectral_entropy.mean": 7.426448822021484, "lowlevel.spectral_entropy.stdev": 0.5970496535301208, "lowlevel.spectral_flux.mean": 0.0881144180893898, "lowlevel.spectral_flux.stdev": 0.05780193954706192, "lowlevel.spectral_kurtosis.mean": 4.753787994384766, "lowlevel.spectral_kurtosis.stdev": 5.186717510223389, "lowlevel.spectral_rms.mean": 0.005365181714296341, "lowlevel.spectral_rms.stdev": 0.0019408975495025516, "lowlevel.spectral_rolloff.mean": 1621.220947265625, "lowlevel.spectral_rolloff.stdev": 2290.560791015625, "lowlevel.spectral_skewness.mean": 1.707400918006897, "lowlevel.spectral_skewness.stdev": 0.700519859790802, "lowlevel.spectral_spread.mean": 5720351.0, "lowlevel.spectral_spread.stdev": 2290611.75, "lowlevel.spectral_strongpeak.mean": 1.5527342557907104, "lowlevel.spectral_strongpeak.stdev": 1.399340033531189, "lowlevel.zerocrossingrate.mean": 0.07142779231071472, "lowlevel.zerocrossingrate.stdev": 0.0665968731045723, "metadata.audio_properties.analysis.equal_loudness": 0.0, "metadata.audio_properties.analysis.length": 35.19997787475586, "metadata.audio_properties.analysis.sample_rate": 44100.0, "metadata.audio_properties.analysis.start_time": 0.0, "metadata.audio_properties.bit_rate": 118398.0, "metadata.audio_properties.length": 35.20000076293945, "metadata.audio_properties.lossless": 0.0, "metadata.audio_properties.number_channels": 1.0, "metadata.audio_properties.replay_gain": -13.175474166870117, "metadata.audio_properties.sample_rate": 48000.0, "rhythm.beats_count": 55.0, "rhythm.beats_loudness.mean": 0.04138868674635887, "rhythm.beats_loudness.stdev": 0.014334233477711678, "rhythm.bpm": 95.17410278320312, "rhythm.bpm_histogram_first_peak_bpm": 96.0, "rhythm.bpm_histogram_first_peak_weight": 0.442307710647583, "rhythm.bpm_histogram_second_peak_bpm": 91.0, "rhythm.bpm_histogram_second_peak_spread": 0.0, "rhythm.bpm_histogram_second_peak_weight": 0.03703703731298447, "rhythm.danceability": 1.4063608646392822, "rhythm.onset_rate": 3.8622031211853027, "tonal.chords_changes_rate": 0.05138339847326279, "tonal.chords_number_rate": 0.007905138656497002, "tonal.chords_strength.mean": 0.536182701587677, "tonal.chords_strength.stdev": 0.0957796648144722, "tonal.hpcp_crest.mean": 17.042451858520508, "tonal.hpcp_crest.stdev": 7.366636753082275, "tonal.hpcp_entropy.mean": 1.4822132587432861, "tonal.hpcp_entropy.stdev": 0.6280761957168579, "tonal.key_edma.strength": 0.7577300071716309, "tonal.key_krumhansl.strength": 0.7516216039657593, "tonal.key_temperley.strength": 0.7464558482170105, "tonal.tuning_diatonic_strength": 0.615351140499115, "tonal.tuning_equal_tempered_deviation": 0.2288016974925995, "tonal.tuning_frequency": 434.193115234375, "tonal.tuning_nontempered_energy_ratio": 0.9874638915061951, "lowlevel.barkbands.mean": [0.0005989001365378499, 0.0049782101996243, 0.002148672007024288, 0.0012227725237607956, 0.003772077150642872, 0.004244706593453884, 0.002629362978041172, 0.005296225193887949, 0.00108929758425802, 0.0012386793969199061, 0.0009143081260845065, 0.0007534011383540928, 0.001083973329514265, 0.0005508342292159796, 0.00045877310913056135, 0.00041845208033919334, 0.0003302781260572374, 0.0002956946846097708, 0.00017260336608160287, 0.0001483693631598726, 0.0001613356580492109, 0.0001396355510223657, 0.00019911632989533246, 0.00025588690186850727, 0.00019340647850185633, 6.887665949761868e-05, 2.251323849122855e-06], "lowlevel.barkbands.stdev": [0.0011093622306361794, 0.009819251485168934, 0.004871337674558163, 0.0016747831832617521, 0.005759545601904392, 0.007545168045908213, 0.004896678030490875, 0.005736188497394323, 0.002476644469425082, 0.0032938995864242315, 0.002158114919438958, 0.0027527224738150835, 0.003908431623131037, 0.0017618231941014528, 0.0015284213004633784, 0.0011098773684352636, 0.0007572129834443331, 0.0007107184501364827, 0.00028943520737811923, 0.00041601728298701346, 0.00023271978716365993, 0.00020732884877361357, 0.0004034165176562965, 0.0006598241743631661, 0.0005456484504975379, 0.00010593967454042286, 3.5653936265589437e-06], "lowlevel.erbbands.mean": [0.1941131353378296, 0.9076636433601379, 2.2985100746154785, 3.630117893218994, 6.453272342681885, 12.842162132263184, 27.501506805419922, 36.735595703125, 36.77189254760742, 100.12210845947266, 62.30038070678711, 30.471221923828125, 35.44490051269531, 33.28898239135742, 45.171627044677734, 34.344974517822266, 48.82917022705078, 34.03218078613281, 29.327085494995117, 17.304759979248047, 23.966005325317383, 16.84579849243164, 16.971975326538086, 13.26866340637207, 6.3618316650390625, 7.081168174743652, 7.109110355377197, 5.863585948944092, 5.233442306518555, 4.999603748321533, 5.670269966125488, 5.0583062171936035, 4.370083332061768, 2.653867244720459, 1.0699458122253418, 0.34108132123947144, 0.11674318462610245, 0.019805410876870155, 0.00040674390038475394, 5.510089249582961e-05], "lowlevel.erbbands.stdev": [0.36516502499580383, 2.174811601638794, 5.625272750854492, 5.052526950836182, 12.342588424682617, 21.556665420532227, 53.952537536621094, 70.93489074707031, 70.1290283203125, 109.89752197265625, 91.22657775878906, 59.83299255371094, 99.67898559570312, 90.77383422851562, 110.39894104003906, 111.67788696289062, 162.658203125, 103.84458923339844, 92.26771545410156, 35.87343978881836, 56.85390853881836, 35.280765533447266, 40.52269744873047, 25.456096649169922, 10.901179313659668, 20.08143424987793, 11.173750877380371, 8.878181457519531, 7.714890956878662, 8.210639953613281, 12.341835975646973, 12.93755054473877, 11.967286109924316, 7.882076263427734, 2.7389564514160156, 0.663866400718689, 0.16439388692378998, 0.02534789964556694, 0.0004987962893210351, 3.6078890843782574e-05], "lowlevel.gfcc.mean": [6.111039638519287, 74.583984375, -103.76158905029297, 13.271992683410645, -75.73990631103516, 9.652862548828125, -48.169376373291016, 10.804631233215332, -22.23561668395996, 9.57583999633789, -14.150993347167969, 2.8355154991149902, -15.54273796081543], "lowlevel.melbands.mean": [0.0015203942311927676, 0.0011913224589079618, 0.0007130024605430663, 0.0006370819755829871, 0.0009440738940611482, 0.0008090752526186407, 0.0005447189323604107, 0.0011885303538292646, 0.0004181548429187387, 0.00017586559988558292, 0.00017351472342852503, 0.00013173157640267164, 0.0001309440704062581, 0.00010727345215855166, 9.481471352046356e-05, 9.852767834672704e-05, 6.01753345108591e-05, 4.7341902245534584e-05, 2.7707943445420824e-05, 2.6858246201300062e-05, 2.753321132331621e-05, 1.5808462194399908e-05, 2.0803337974939495e-05, 1.2714258446067106e-05, 1.0799389201565646e-05, 4.468042334337952e-06, 4.435475148056867e-06, 4.738797088066349e-06, 4.643646207114216e-06, 3.819224730250426e-06, 3.185590685461648e-06, 3.078027020819718e-06, 2.4614234916953137e-06, 2.9770794753858354e-06, 3.2242519409919623e-06, 3.1937033782014623e-06, 3.145448772556847e-06, 3.2650962111802073e-06, 2.7378121103538433e-06, 2.085263304252294e-06], "lowlevel.melbands.stdev": [0.0028349992353469133, 0.002788727870211005, 0.0009411407518200576, 0.000999324256554246, 0.0016468234825879335, 0.0014900987735018134, 0.001063274685293436, 0.0013051737332716584, 0.0006765852449461818, 0.00039349182043224573, 0.0005086328601464629, 0.0003904615296050906, 0.0003113496641162783, 0.0003496572026051581, 0.0003092973493039608, 0.0003901854215655476, 0.00020044173288624734, 0.00014936011575628072, 8.088985487120226e-05, 8.003534458111972e-05, 6.84765909682028e-05, 3.43874235113617e-05, 6.523944466607645e-05, 2.9968359740450978e-05, 2.2098160116001964e-05, 6.828476216469426e-06, 1.2715528100670781e-05, 1.3835456229571719e-05, 7.805789209669456e-06, 5.796659479528898e-06, 5.058538135926938e-06, 4.664556399802677e-06, 3.916432433470618e-06, 5.11363441546564e-06, 7.157352683861973e-06, 7.770291631459258e-06, 8.46516832098132e-06, 9.431902071810327e-06, 8.059088031586725e-06, 6.477145234384807e-06], "lowlevel.melbands128.mean": [0.0005299511249177158, 0.001774114090949297, 0.0017311618430539966, 0.0014357500476762652, 0.0011929274769499898, 0.001052961335517466, 0.0007236989331431687, 0.0006081920582801104, 0.000712298322468996, 0.000450562423793599, 0.0006970561807975173, 0.0010479831835255027, 0.0009445073083043098, 0.000913455500267446, 0.000960233504883945, 0.0006701975944451988, 0.0005311833810992539, 0.0005693473503924906, 0.000462969794170931, 0.0012636987958103418, 0.0017032709438353777, 0.00047595924115739763, 0.00035077525535598397, 0.00013561261584982276, 0.00021652443683706224, 0.00016115425387397408, 0.00015556983998976648, 0.00022541311045642942, 0.00011469278251752257, 0.0001737936690915376, 0.00013036651944275945, 6.352653872454539e-05, 0.00010957581253023818, 0.00023116606462281197, 9.783473069546744e-05, 8.369448914891109e-05, 8.946710295276716e-05, 5.733185389544815e-05, 0.0001491385482950136, 0.0001059297937899828, 0.00010408540401840582, 5.336263347999193e-05, 5.299892291077413e-05, 7.917328912299126e-05, 3.2538275263505057e-05, 4.5091732317814603e-05, 6.008532363921404e-05, 2.6207895643892698e-05, 1.5419454939546995e-05, 1.6802696336526424e-05, 3.147936877212487e-05, 3.229477079003118e-05, 3.2483814720762894e-05, 2.357175799261313e-05, 2.0755156583618373e-05, 1.1875546078954358e-05, 1.116730254580034e-05, 3.085282878600992e-05, 2.0538367607514374e-05, 1.025498568196781e-05, 1.3225846487330273e-05, 1.1620129953371361e-05, 1.6341671653208323e-05, 9.38348694035085e-06, 4.477347829379141e-06, 4.4276489461481106e-06, 4.322456334193703e-06, 3.876640221278649e-06, 4.839145276491763e-06, 4.652015832107281e-06, 4.568817530525848e-06, 4.994095888832817e-06, 4.617518698069034e-06, 4.987812189938268e-06, 4.2015176404675e-06, 3.2983980418066494e-06, 4.387360149848973e-06, 3.28505029756343e-06, 3.0181408874341287e-06, 2.8175570605526445e-06, 3.369736305103288e-06, 3.2074269711301895e-06, 2.497676177881658e-06, 2.430681206533336e-06, 2.2693598111800384e-06, 2.734977215368417e-06, 3.285126695118379e-06, 3.3196231470355997e-06, 3.074477035625023e-06, 3.2356995234295027e-06, 3.59963382834394e-06, 3.1133490665524732e-06, 2.6749908101919573e-06, 2.8399947495927336e-06, 3.7059826354379766e-06, 3.793166570176254e-06, 3.1812198812986026e-06, 2.358530537094339e-06, 3.115528215857921e-06, 2.777882627924555e-06, 1.9978722320956877e-06, 2.184388449677499e-06, 1.8510806967242388e-06, 1.5545776932412991e-06, 9.305907155976456e-07, 1.0896790172409965e-06, 8.085675631264166e-07, 7.959957315506472e-07, 5.304108299242216e-07, 3.715708487561642e-07, 3.4719641917035915e-07, 4.0890651575864467e-07, 3.866053361889499e-07, 3.459629738244985e-07, 3.310229033104406e-07, 2.6062323854603164e-07, 9.41792848152545e-08, 1.4208531018411463e-09, 7.53040858836318e-12, 5.522643106714575e-12, 4.643870357701196e-12, 4.5099713893992366e-12, 4.405837240178956e-12, 4.317688134108932e-12, 4.225498857063359e-12, 4.128342199344326e-12, 4.066918243145201e-12, 4.03931445583372e-12], "lowlevel.melbands128.stdev": [0.0010343902977183461, 0.003472659969702363, 0.0037096210289746523, 0.00376984104514122, 0.0033122862223535776, 0.0022264544386416674, 0.001124480739235878, 0.0009541880572214723, 0.0015997325535863638, 0.0009677913621999323, 0.0013905443483963609, 0.0020583427976816893, 0.002442377619445324, 0.002178323222324252, 0.0023433228489011526, 0.0016593775944784284, 0.0013764286413788795, 0.001648979028686881, 0.0012447659391909838, 0.001437599305063486, 0.0021538776345551014, 0.0008629384683445096, 0.001105117960833013, 0.00035489958827383816, 0.0005640057497657835, 0.0005768600385636091, 0.0006287881406024098, 0.0008434203336946666, 0.0005420808447524905, 0.0006237525958567858, 0.0005146978655830026, 0.00022564221580978483, 0.0003461953019723296, 0.0006975792930461466, 0.0004918962367810309, 0.0004781900206580758, 0.000471304461825639, 0.00027443133876658976, 0.0006980110774748027, 0.0004285153409000486, 0.0006589856348000467, 0.0003700867819134146, 0.00024355010828003287, 0.0003376322565600276, 0.0001339663431281224, 0.0002204863412771374, 0.0002775033353827894, 0.00010317142005078495, 5.1209499360993505e-05, 4.592076948028989e-05, 0.00014062355330679566, 0.00010527828271733597, 0.00012069208605680615, 7.363889017142355e-05, 7.11224420228973e-05, 3.7680893001379445e-05, 4.524464384303428e-05, 0.00011864172847708687, 7.945859397295862e-05, 3.072131585213356e-05, 4.921789877698757e-05, 2.9100803658366203e-05, 4.6551980631193146e-05, 2.2059301045374013e-05, 8.504631296091247e-06, 8.092030839179642e-06, 8.616554623586126e-06, 8.807724043435883e-06, 1.806044383556582e-05, 1.6184343621716835e-05, 1.7531967387185432e-05, 1.3778820175502915e-05, 1.0717212717281654e-05, 7.957272828207351e-06, 7.533738880738383e-06, 5.424587016022997e-06, 7.859268407628406e-06, 5.558620159717975e-06, 5.486746431415668e-06, 5.049259016232099e-06, 5.695153959095478e-06, 5.31277737536584e-06, 4.34671437687939e-06, 4.286371677153511e-06, 4.091933533345582e-06, 4.972360784449847e-06, 6.1202085817058105e-06, 7.251100669236621e-06, 8.143703780660871e-06, 7.664120857953094e-06, 8.881535904947668e-06, 8.285238436656073e-06, 7.432835900544887e-06, 9.076466085389256e-06, 1.023603090288816e-05, 1.1257026926614344e-05, 1.0793005458253901e-05, 7.105904387572082e-06, 8.997262739285361e-06, 9.926660823111888e-06, 6.582280093425652e-06, 6.902049335621996e-06, 6.5107428781630006e-06, 4.753884240926709e-06, 2.1659436697518686e-06, 3.13835562337772e-06, 1.6418815675933729e-06, 1.8122470919479383e-06, 1.2497692978286068e-06, 6.578434863513394e-07, 6.729842425556853e-07, 7.544765594502678e-07, 5.995017318127793e-07, 4.786769522979739e-07, 4.512945395163115e-07, 3.825296346349205e-07, 1.4143616056117025e-07, 5.086993049019384e-09, 9.647004722834751e-11, 2.951775282533653e-11, 7.190157323699875e-12, 7.0060576264074914e-12, 6.854562490526961e-12, 6.7280373980405095e-12, 6.623708959790919e-12, 6.540630884122045e-12, 6.480260338753707e-12, 6.443237436648541e-12], "lowlevel.mfcc.mean": [-641.04541015625, 112.65607452392578, 17.314620971679688, 5.758511066436768, -2.7871479988098145, -5.747476577758789, -10.552513122558594, -5.676080703735352, -6.173625946044922, -0.8462536931037903, 1.3262877464294434, 5.862834453582764, -0.1398923248052597], "lowlevel.spectral_contrast_coeffs.mean": [-0.6602444648742676, -0.644061267375946, -0.728264331817627, -0.7765770554542542, -0.7986581921577454, -0.7732177376747131], "lowlevel.spectral_contrast_coeffs.stdev": [0.10416987538337708, 0.08018666505813599, 0.08007769286632538, 0.06733263283967972, 0.04832058027386665, 0.03832818940281868], "lowlevel.spectral_contrast_valleys.mean": [-7.157995223999023, -6.896206855773926, -7.7239909172058105, -7.884658336639404, -7.795962333679199, -9.994108200073242], "lowlevel.spectral_contrast_valleys.stdev": [1.5249810218811035, 1.1854588985443115, 1.122671127319336, 1.1349456310272217, 1.1529779434204102, 1.2794479131698608], "rhythm.beats_loudness_band_ratio.mean": [0.2882530987262726, 0.2640436887741089, 0.2803070843219757, 0.10091586410999298, 0.06306888163089752, 0.062199916690588], "rhythm.beats_loudness_band_ratio.stdev": [0.20352204144001007, 0.17856329679489136, 0.15770219266414642, 0.14409491419792175, 0.07062205672264099, 0.04844619333744049], "tonal.hpcp.mean": [0.08572500199079514, 0.10376420617103577, 0.06831208616495132, 0.04589836299419403, 0.03830212727189064, 0.029815616086125374, 0.07080886512994766, 0.09271173179149628, 0.08242162317037582, 0.4300091564655304, 0.5295261740684509, 0.161284938454628, 0.033773891627788544, 0.031190363690257072, 0.03061121143400669, 0.1352819949388504, 0.17932343482971191, 0.07404348254203796, 0.02659005858004093, 0.029706481844186783, 0.04399297386407852, 0.12580394744873047, 0.1675497591495514, 0.12960198521614075, 0.20307348668575287, 0.20680025219917297, 0.08634649962186813, 0.05511751025915146, 0.057647719979286194, 0.06360116600990295, 0.18031392991542816, 0.20432521402835846, 0.08609273284673691, 0.04045157879590988, 0.03287513554096222, 0.043878696858882904], "tonal.hpcp.stdev": [0.1907525211572647, 0.22610799968242645, 0.18984602391719818, 0.15684929490089417, 0.14294329285621643, 0.11395890265703201, 0.1502556949853897, 0.18916413187980652, 0.15964685380458832, 0.35566186904907227, 0.4188561737537384, 0.1700320690870285, 0.1285657286643982, 0.11444730311632156, 0.10839730501174927, 0.24100996553897858, 0.3175218403339386, 0.15052641928195953, 0.10784484446048737, 0.11968488991260529, 0.14375275373458862, 0.20154894888401031, 0.2444911003112793, 0.22429203987121582, 0.3047819435596466, 0.32472261786460876, 0.18549038469791412, 0.16767293214797974, 0.17263613641262054, 0.1649375706911087, 0.2674298584461212, 0.2870277464389801, 0.17455905675888062, 0.13344857096672058, 0.1164536252617836, 0.14359605312347412], "rhythm.beats_position": [0.6037188172340393, 1.2306575775146484, 1.8575963973999023, 2.4845352172851562, 3.1230838298797607, 3.7616326808929443, 4.388571262359619, 5.015510082244873, 5.654058933258057, 6.29260778427124, 6.919546127319336, 7.54648494720459, 8.173423767089844, 8.811972618103027, 9.438911437988281, 10.077460289001465, 10.704399108886719, 11.331337928771973, 11.958276748657227, 12.59682559967041, 13.223763465881348, 13.862312316894531, 14.489251136779785, 15.151020050048828, 15.812788963317871, 16.416507720947266, 17.031835556030273, 17.647165298461914, 18.28571319580078, 18.92426300048828, 19.55120086669922, 20.17814064025879, 20.805078506469727, 21.432018280029297, 22.070566177368164, 22.709115982055664, 23.3360538482666, 23.962993621826172, 24.60154151916504, 25.240089416503906, 25.867029190063477, 26.493967056274414, 27.120906829833984, 27.75945472717285, 28.39800453186035, 29.02494239807129, 29.65188217163086, 30.278820037841797, 30.905759811401367, 31.544307708740234, 32.17124557495117, 32.80979537963867, 33.44834518432617, 34.086891174316406, 34.71383285522461], "rhythm.bpm_histogram": [0.0, 0.0, 0.0, 0.0, 0.0, 0.0, 0.0, 0.0, 0.0, 0.0, 0.0, 0.0, 0.0, 0.0, 0.0, 0.0, 0.0, 0.0, 0.0, 0.0, 0.0, 0.0, 0.0, 0.0, 0.0, 0.0, 0.0, 0.0, 0.0, 0.0, 0.0, 0.0, 0.0, 0.0, 0.0, 0.0, 0.0, 0.0, 0.0, 0.0, 0.0, 0.0, 0.0, 0.0, 0.0, 0.0, 0.0, 0.0, 0.0, 0.0, 0.0, 0.0, 0.0, 0.0, 0.0, 0.0, 0.0, 0.0, 0.0, 0.0, 0.0, 0.0, 0.0, 0.0, 0.0, 0.0, 0.0, 0.0, 0.0, 0.0, 0.0, 0.0, 0.0, 0.0, 0.0, 0.0, 0.0, 0.0, 0.0, 0.0, 0.0, 0.0, 0.0, 0.0, 0.0, 0.0, 0.0, 0.0, 0.0, 0.0, 0.0, 0.03703703731298447, 0.0, 0.0, 0.37037035822868347, 0.0, 0.5370370149612427, 0.0, 0.03703703731298447, 0.018518518656492233, 0.0, 0.0, 0.0, 0.0, 0.0, 0.0, 0.0, 0.0, 0.0, 0.0, 0.0, 0.0, 0.0, 0.0, 0.0, 0.0, 0.0, 0.0, 0.0, 0.0, 0.0, 0.0, 0.0, 0.0, 0.0, 0.0, 0.0, 0.0, 0.0, 0.0, 0.0, 0.0, 0.0, 0.0, 0.0, 0.0, 0.0, 0.0, 0.0, 0.0, 0.0, 0.0, 0.0, 0.0, 0.0, 0.0, 0.0, 0.0, 0.0, 0.0, 0.0, 0.0, 0.0, 0.0, 0.0, 0.0, 0.0, 0.0, 0.0, 0.0, 0.0, 0.0, 0.0, 0.0, 0.0, 0.0, 0.0, 0.0, 0.0, 0.0, 0.0, 0.0, 0.0, 0.0, 0.0, 0.0, 0.0, 0.0, 0.0, 0.0, 0.0, 0.0, 0.0, 0.0, 0.0, 0.0, 0.0, 0.0, 0.0, 0.0, 0.0, 0.0, 0.0, 0.0, 0.0, 0.0, 0.0, 0.0, 0.0, 0.0, 0.0, 0.0, 0.0, 0.0, 0.0, 0.0, 0.0, 0.0, 0.0, 0.0, 0.0, 0.0, 0.0, 0.0, 0.0, 0.0, 0.0, 0.0, 0.0, 0.0, 0.0, 0.0, 0.0, 0.0, 0.0, 0.0, 0.0, 0.0, 0.0, 0.0, 0.0, 0.0, 0.0, 0.0, 0.0, 0.0, 0.0, 0.0, 0.0, 0.0, 0.0, 0.0, 0.0, 0.0, 0.0, 0.0, 0.0, 0.0, 0.0, 0.0], "tonal.chords_histogram": [40.31620407104492, 8.827404022216797, 26.350461959838867, 0.0, 20.28985595703125, 0.6587615013122559, 0.0, 0.0, 0.0, 0.0, 0.0, 0.0, 0.0, 0.0, 0.0, 0.0, 0.0, 0.26350462436676025, 0.0, 0.0, 0.0, 1.581027626991272, 1.3175230026245117, 0.395256906747818], "tonal.thpcp": [1.0, 0.30458351969718933, 0.06378134340047836, 0.058902401477098465, 0.057808686047792435, 0.2554774582386017, 0.33864885568618774, 0.13982969522476196, 0.05021481588482857, 0.05610011890530586, 0.08307988196611404, 0.23757833242416382, 0.3164145052433014, 0.24475085735321045, 0.3835003674030304, 0.3905383050441742, 0.16306370496749878, 0.10408835858106613, 0.1088666096329689, 0.12010958045721054, 0.34051939845085144, 0.3858642280101776, 0.16258446872234344, 0.0763920322060585, 0.06208406016230583, 0.08286407589912415, 0.16189001500606537, 0.19595670700073242, 0.1290060579776764, 0.08667817711830139, 0.07233282923698425, 0.05630621686577797, 0.13372118771076202, 0.17508432269096375, 0.15565164387226105, 0.8120640516281128], "lowlevel.gfcc.cov": [[11667.365234375, 294.6188049316406, 353.0293273925781, 613.884521484375, -1.648951530456543, 409.5897521972656, -72.7850570678711, 392.6019592285156, 28.628332138061523, 395.6054992675781, -79.98584747314453, 189.6900634765625, -255.83370971679688], [294.6188049316406, 1511.7930908203125, -32.683326721191406, -31.860822677612305, 273.4141540527344, -105.97382354736328, 103.8558120727539, -74.1806869506836, 115.42475128173828, -146.64356994628906, -4.277618885040283, -108.39195251464844, 59.430999755859375], [353.0293273925781, -32.683326721191406, 950.1990966796875, 334.0454406738281, 101.32823181152344, 172.53799438476562, 96.77464294433594, 182.08892822265625, 94.75960540771484, 185.00611877441406, 27.665361404418945, 87.46212005615234, -84.97970581054688], [613.884521484375, -31.860822677612305, 334.0454406738281, 677.264404296875, 134.14105224609375, 57.66775894165039, 86.31453704833984, 122.1804428100586, 88.55796813964844, -18.11983299255371, -94.71587371826172, -33.302730560302734, -74.30911254882812], [-1.648951530456543, 273.4141540527344, 101.32823181152344, 134.14105224609375, 378.03082275390625, 97.10478973388672, 109.69659423828125, 106.1238784790039, 114.4163589477539, 37.853172302246094, 6.305280685424805, 26.174694061279297, -13.823319435119629], [409.5897521972656, -105.97382354736328, 172.53799438476562, 57.66775894165039, 97.10478973388672, 345.1973876953125, 134.581787109375, 19.053768157958984, 21.760456085205078, 135.6735076904297, 30.056154251098633, -8.894010543823242, -48.55091094970703], [-72.7850570678711, 103.8558120727539, 96.77464294433594, 86.31453704833984, 109.69659423828125, 134.581787109375, 198.8021240234375, 41.23512268066406, 43.41791534423828, 46.06834030151367, 14.875516891479492, 2.6598007678985596, -17.546030044555664], [392.6019592285156, -74.1806869506836, 182.08892822265625, 122.1804428100586, 106.1238784790039, 19.053768157958984, 41.23512268066406, 244.12071228027344, 130.10487365722656, 62.51643753051758, 2.447322130203247, 65.98978424072266, -15.279343605041504], [28.628332138061523, 115.42475128173828, 94.75960540771484, 88.55796813964844, 114.4163589477539, 21.760456085205078, 43.41791534423828, 130.10487365722656, 190.15260314941406, 57.88896942138672, -7.660976886749268, 5.5285749435424805, -3.711198091506958], [395.6054992675781, -146.64356994628906, 185.00611877441406, -18.11983299255371, 37.853172302246094, 135.6735076904297, 46.06834030151367, 62.51643753051758, 57.88896942138672, 224.6097412109375, 85.89047241210938, 63.00690460205078, -35.3955078125], [-79.98584747314453, -4.277618885040283, 27.665361404418945, -94.71587371826172, 6.305280685424805, 30.056154251098633, 14.875516891479492, 2.447322130203247, -7.660976886749268, 85.89047241210938, 150.26556396484375, 61.435638427734375, 11.595366477966309], [189.6900634765625, -108.39195251464844, 87.46212005615234, -33.302730560302734, 26.174694061279297, -8.894010543823242, 2.6598007678985596, 65.98978424072266, 5.5285749435424805, 63.00690460205078, 61.435638427734375, 141.7933349609375, 31.018476486206055], [-255.83370971679688, 59.430999755859375, -84.97970581054688, -74.30911254882812, -13.823319435119629, -48.55091094970703, -17.546030044555664, -15.279343605041504, -3.711198091506958, -35.3955078125, 11.595366477966309, 31.018476486206055, 101.45285034179688]], "lowlevel.gfcc.icov": [[0.00020224149920977652, -0.00042662699706852436, 0.0003382021968718618, -0.00036702721263282, 0.00046099626342765987, -0.0005768195842392743, 0.0006096573197282851, -0.0007060693460516632, 0.0006207778351381421, -0.0006670746952295303, 0.0005366196273826063, -0.000770646205637604, 0.0005245041684247553], [-0.00042662699706852436, 0.0022195735946297646, -0.0012001481372863054, 0.0011963068973273039, -0.0020912878680974245, 0.002075997181236744, -0.0021058085840195417, 0.0025794266257435083, -0.002415768336504698, 0.0023605097085237503, -0.0018640977796167135, 0.002869151998311281, -0.0017012649914249778], [0.0003382021968718618, -0.0012001481372863054, 0.002522563561797142, -0.0015530657256022096, 0.0013824980705976486, -0.001651568803936243, 0.001297539914958179, -0.0021091708913445473, 0.0015258780913427472, -0.002358462428674102, 0.0012448789784684777, -0.0026210984215140343, 0.0017281553009524941], [-0.00036702721263282, 0.0011963068973273039, -0.0015530657256022096, 0.0032147543970495462, -0.0015770181780681014, 0.0013992059975862503, -0.0019063567742705345, 0.0011402638629078865, -0.0017415237380191684, 0.0023599830456078053, -0.00019287750183138996, 0.002137590665370226, -0.00014766704407520592], [0.00046099626342765987, -0.0020912878680974245, 0.0013824980705976486, -0.0015770181780681014, 0.006006943061947823, -0.002968273591250181, 0.0009093570988625288, -0.0027523478493094444, 0.00023094411881174892, -0.0012070753145962954, 0.0014162047300487757, -0.004035118967294693, 0.002190397819504142], [-0.0005768195842392743, 0.002075997181236744, -0.001651568803936243, 0.0013992059975862503, -0.002968273591250181, 0.00802605226635933, -0.005166522692888975, 0.0028759483247995377, -0.0007740145665593445, -0.0012759451055899262, -0.0013290662318468094, 0.005112776532769203, -0.0019379239529371262], [0.0006096573197282851, -0.0021058085840195417, 0.001297539914958179, -0.0019063567742705345, 0.0009093570988625288, -0.005166522692888975, 0.010270021855831146, -0.0029535358771681786, 0.0018387198215350509, -0.0017156755784526467, 0.001074348110705614, -0.0031412444077432156, 0.0017505950527265668], [-0.0007060693460516632, 0.0025794266257435083, -0.0021091708913445473, 0.0011402638629078865, -0.0027523478493094444, 0.0028759483247995377, -0.0029535358771681786, 0.01239734422415495, -0.00860247015953064, 0.0037386941257864237, -0.0016789411893114448, -0.0010603668633848429, -0.00035966234281659126], [0.0006207778351381421, -0.002415768336504698, 0.0015258780913427472, -0.0017415237380191684, 0.00023094411881174892, -0.0007740145665593445, 0.0018387198215350509, -0.00860247015953064, 0.014343512244522572, -0.007114235777407885, 0.0033643406350165606, 0.0012243952369317412, -0.001049645827151835], [-0.0006670746952295303, 0.0023605097085237503, -0.002358462428674102, 0.0023599830456078053, -0.0012070753145962954, -0.0012759451055899262, -0.0017156755784526467, 0.0037386941257864237, -0.007114235777407885, 0.014314635656774044, -0.0064054629765450954, -0.0005649004597216845, 0.0018181263003498316], [0.0005366196273826063, -0.0018640977796167135, 0.0012448789784684777, -0.00019287750183138996, 0.0014162047300487757, -0.0013290662318468094, 0.001074348110705614, -0.0016789411893114448, 0.0033643406350165606, -0.0064054629765450954, 0.012683898210525513, -0.005531513597816229, 0.0009663599194027483], [-0.000770646205637604, 0.002869151998311281, -0.0026210984215140343, 0.002137590665370226, -0.004035118967294693, 0.005112776532769203, -0.0031412444077432156, -0.0010603668633848429, 0.0012243952369317412, -0.0005649004597216845, -0.005531513597816229, 0.01840919628739357, -0.00820848997682333], [0.0005245041684247553, -0.0017012649914249778, 0.0017281553009524941, -0.00014766704407520592, 0.002190397819504142, -0.0019379239529371262, 0.0017505950527265668, -0.00035966234281659126, -0.001049645827151835, 0.0018181263003498316, 0.0009663599194027483, -0.00820848997682333, 0.016130227595567703]], "lowlevel.mfcc.cov": [[6651.7353515625, -236.9537811279297, 385.6844177246094, 370.5311584472656, 291.3031311035156, 231.7774200439453, 152.944091796875, 163.26673889160156, 219.80528259277344, 149.9709014892578, 183.0107421875, 177.0961151123047, 210.51071166992188], [-236.9537811279297, 1426.9246826171875, -155.01907348632812, 1.959733247756958, 82.04253387451172, 9.992889404296875, -19.508180618286133, 25.7318115234375, 47.36102294921875, -13.752511024475098, -4.830568313598633, 32.18838882446289, -23.465909957885742], [385.6844177246094, -155.01907348632812, 740.7702026367188, 195.26779174804688, 90.00128173828125, 104.40613555908203, 75.02864074707031, 44.57238006591797, 66.63834381103516, 50.703453063964844, 105.076416015625, 115.47974395751953, 71.26139831542969], [370.5311584472656, 1.959733247756958, 195.26779174804688, 535.1161499023438, 159.81082153320312, 27.990705490112305, -13.952699661254883, 138.2819366455078, 125.443115234375, 0.7680390477180481, 58.199161529541016, 54.69263458251953, -7.825760841369629], [291.3031311035156, 82.04253387451172, 90.00128173828125, 159.81082153320312, 262.0245361328125, 45.17301559448242, 15.959031105041504, 85.25851440429688, 106.6761245727539, 39.944759368896484, 70.34213256835938, 69.68377685546875, 54.27347946166992], [231.7774200439453, 9.992889404296875, 104.40613555908203, 27.990705490112305, 45.17301559448242, 312.7236633300781, 132.8206024169922, 24.493215560913086, 36.529998779296875, 96.35851287841797, 38.298648834228516, 16.495622634887695, 35.190879821777344], [152.944091796875, -19.508180618286133, 75.02864074707031, -13.952699661254883, 15.959031105041504, 132.8206024169922, 184.48614501953125, 32.48173141479492, -19.960430145263672, 46.353328704833984, 28.86478042602539, 27.325828552246094, 46.82022476196289], [163.26673889160156, 25.7318115234375, 44.57238006591797, 138.2819366455078, 85.25851440429688, 24.493215560913086, 32.48173141479492, 154.38616943359375, 100.13630676269531, 27.064313888549805, 31.873889923095703, 34.632469177246094, 18.395179748535156], [219.80528259277344, 47.36102294921875, 66.63834381103516, 125.443115234375, 106.6761245727539, 36.529998779296875, -19.960430145263672, 100.13630676269531, 196.26873779296875, 69.76467895507812, 44.66959762573242, 42.17450714111328, 30.74700927734375], [149.9709014892578, -13.752511024475098, 50.703453063964844, 0.7680390477180481, 39.944759368896484, 96.35851287841797, 46.353328704833984, 27.064313888549805, 69.76467895507812, 146.8859100341797, 61.58319091796875, 37.20362091064453, 30.992311477661133], [183.0107421875, -4.830568313598633, 105.076416015625, 58.199161529541016, 70.34213256835938, 38.298648834228516, 28.86478042602539, 31.873889923095703, 44.66959762573242, 61.58319091796875, 139.0928497314453, 87.0316390991211, 45.531776428222656], [177.0961151123047, 32.18838882446289, 115.47974395751953, 54.69263458251953, 69.68377685546875, 16.495622634887695, 27.325828552246094, 34.632469177246094, 42.17450714111328, 37.20362091064453, 87.0316390991211, 131.74551391601562, 76.23316192626953], [210.51071166992188, -23.465909957885742, 71.26139831542969, -7.825760841369629, 54.27347946166992, 35.190879821777344, 46.82022476196289, 18.395179748535156, 30.74700927734375, 30.992311477661133, 45.531776428222656, 76.23316192626953, 153.75473022460938]], "lowlevel.mfcc.icov": [[0.00017070879403036088, 2.9804192308802158e-05, -1.3657385352416895e-05, -7.786769128870219e-05, -6.621061766054481e-05, -4.36457667092327e-05, -6.900695734657347e-05, 3.0174340281519108e-05, -8.419443474849686e-05, -1.3346627383725718e-05, -4.749708023155108e-05, -1.4923625712981448e-06, -0.00014171103248372674], [2.9804192308802158e-05, 0.0007792608230374753, 0.00022305855236481875, 8.15360399428755e-05, -0.0002947094908449799, -0.00016991209122352302, -2.057656274701003e-05, 7.383689080597833e-05, -0.00026095117209479213, 0.00026773600257001817, 0.00021834364451933652, -0.0006516161374747753, 0.00037587719270959496], [-1.3657385352416895e-05, 0.00022305855236481875, 0.0018728654831647873, -0.0006069224327802658, 9.489152580499649e-05, -0.00033515054383315146, -0.0005510072223842144, 0.0006769999745301902, -0.0004439304757397622, 0.0003043890174012631, -0.00037702202098444104, -0.0012039922876283526, 1.984972186619416e-05], [-7.786769128870219e-05, 8.15360399428755e-05, -0.0006069224327802658, 0.0032362292986363173, -0.001048100646585226, -0.00044421659549698234, 0.0008035953505896032, -0.0020738926250487566, -0.0004495319735724479, 0.0011979161063209176, -0.0003691798192448914, -0.0003732433542609215, 0.0011829325230792165], [-6.621061766054481e-05, -0.0002947094908449799, 9.489152580499649e-05, -0.001048100646585226, 0.006300866603851318, -0.000365452840924263, 8.671122486703098e-05, -0.000855631020385772, -0.001660686917603016, 0.0004295821418054402, -0.001385012292303145, -0.0005562923615798354, -0.001184705994091928], [-4.36457667092327e-05, -0.00016991209122352302, -0.00033515054383315146, -0.00044421659549698234, -0.000365452840924263, 0.005826134700328112, -0.0039718253538012505, 0.0013921918580308557, -0.0009433940285816789, -0.0025321838911622763, 8.357290789717808e-05, 0.0014988043112680316, -6.381327693816274e-05], [-6.900695734657347e-05, -2.057656274701003e-05, -0.0005510072223842144, 0.0008035953505896032, 8.671122486703098e-05, -0.0039718253538012505, 0.01096633542329073, -0.004862281959503889, 0.004988814238458872, -0.0015997078735381365, -5.550994956138311e-06, -0.00026164614246226847, -0.0020354059524834156], [3.0174340281519108e-05, 7.383689080597833e-05, 0.0006769999745301902, -0.0020738926250487566, -0.000855631020385772, 0.0013921918580308557, -0.004862281959503889, 0.013449909165501595, -0.006511283107101917, 0.0012131397379562259, 0.00011231784446863458, -0.0008708552340976894, 0.0008615708793513477], [-8.419443474849686e-05, -0.00026095117209479213, -0.0004439304757397622, -0.0004495319735724479, -0.001660686917603016, -0.0009433940285816789, 0.004988814238458872, -0.006511283107101917, 0.01239836122840643, -0.005046071019023657, 0.0007777088321745396, 0.00022763479501008987, -0.0014850953593850136], [-1.3346627383725718e-05, 0.00026773600257001817, 0.0003043890174012631, 0.0011979161063209176, 0.0004295821418054402, -0.0025321838911622763, -0.0015997078735381365, 0.0012131397379562259, -0.005046071019023657, 0.012655849568545818, -0.004201499279588461, -0.0002144591708201915, 0.0005575210670940578], [-4.749708023155108e-05, 0.00021834364451933652, -0.00037702202098444104, -0.0003691798192448914, -0.001385012292303145, 8.357290789717808e-05, -5.550994956138311e-06, 0.00011231784446863458, 0.0007777088321745396, -0.004201499279588461, 0.014781776815652847, -0.008299976587295532, 0.0011415411718189716], [-1.4923625712981448e-06, -0.0006516161374747753, -0.0012039922876283526, -0.0003732433542609215, -0.0005562923615798354, 0.0014988043112680316, -0.00026164614246226847, -0.0008708552340976894, 0.00022763479501008987, -0.0002144591708201915, -0.008299976587295532, 0.018404578790068626, -0.006190774496644735], [-0.00014171103248372674, 0.00037587719270959496, 1.984972186619416e-05, 0.0011829325230792165, -0.001184705994091928, -6.381327693816274e-05, -0.0020354059524834156, 0.0008615708793513477, -0.0014850953593850136, 0.0005575210670940578, 0.0011415411718189716, -0.006190774496644735, 0.010671784169971943]], "metadata.audio_properties.analysis.downmix": "mix", "metadata.audio_properties.codec": "mp3", "metadata.audio_properties.md5_encoded": "3bb232ad371c101b449cd39fc40ca2fd", "metadata.tags.file_name": "1182271096360284190.mp3", "metadata.version.essentia": "2.1-beta6-dev", "metadata.version.essentia_git_sha": "v2.1_beta5-1110-g77a6a954", "metadata.version.extractor": "music 2.0", "tonal.chords_key": "F", "tonal.chords_scale": "major", "tonal.key_edma.key": "F", "tonal.key_edma.scale": "major", "tonal.key_krumhansl.key": "F", "tonal.key_krumhansl.scale": "major", "tonal.key_temperley.key": "F", "tonal.key_temperley.scale": "major", "metadata.tags.encoding": ["Lavf58.45.100"]}, "essentia_models": [{"model_name": "genre_dortmund", "activations": {"alternative": "0.093331", "blues": "0.114705", "electron