{"song_id": "1182261564087222292", "download": "https://cdn.discordapp.com/attachments/1135903449314238464/1182261564087222292/chirp.mp4?ex=65840de2&amp", "lyrics": "\u0411\u043e\u043b\u044c\u0448\u043e\u0435 \u0420\u044b\u043b\u043e, \u0441\u0432\u0438\u043d\u043a\u0430 \u043e\u0433\u0440\u043e\u043c\u043d\u0430\u044f,\n\u0416\u0438\u0440\u043d\u0430\u044f \u0436\u043e\u043f\u0430 \u0435\u0451 \u043d\u0435 \u0431\u0435\u0437\u0434\u043e\u043c\u043d\u0430\u044f\n\u0421\u043c\u0435\u0448\u043d\u0430\u044f, \u0432\u0435\u0441\u0435\u043b\u0430\u044f, \u0442\u0430\u043a\u0430\u044f,\n\u0411\u043e\u043b\u044c\u0448\u043e\u0435 \u0420\u044b\u043b\u043e, \u043e\u043d\u0430 \u043e\u0447\u0435\u043d\u044c \u043a\u0440\u0443\u0442\u0430\u044f!\n\n\u0411\u043e\u043b\u044c\u0448\u043e\u0435 \u0420\u044b\u043b\u043e, \u0432\u0435\u0441\u044c \u043c\u0438\u0440 \u0442\u0432\u043e\u0439 \u043f\u0443\u0442\u044c,\n\u0421\u0432\u043e\u0438\u043c \u0432\u0435\u0441\u0435\u043b\u044c\u0435\u043c \u0441\u0432\u0435\u0442\u0438\u0448\u044c,\u0441 \u0433\u043e\u0440\u044b \u0431\u044b \u0441\u0438\u0433\u0430\u043d\u0443\u0442\u044c.\n\u0421\u0432\u0438\u043d\u043a\u0430-\u0433\u0438\u0433\u0430\u043d\u0442, \u0440\u0430\u0434\u043e\u0441\u0442\u044c \u0438 \u0441\u043c\u0435\u0445,\n\u0411\u043e\u043b\u044c\u0448\u043e\u0435 \u0420\u044b\u043b\u043e, \u0442\u044b \u043f\u0440\u043e\u0441\u0442\u043e \u0443\u0441\u043f\u0435\u0445!", "style": ["clasick"], "essentia_features": {"lowlevel.average_loudness": 0.04257853701710701, "lowlevel.barkbands_crest.mean": 17.177152633666992, "lowlevel.barkbands_crest.stdev": 5.595864772796631, "lowlevel.barkbands_flatness_db.mean": 0.2585213780403137, "lowlevel.barkbands_flatness_db.stdev": 0.10808483511209488, "lowlevel.barkbands_kurtosis.mean": 60.9293327331543, "lowlevel.barkbands_kurtosis.stdev": 221.57931518554688, "lowlevel.barkbands_skewness.mean": 3.7898271083831787, "lowlevel.barkbands_skewness.stdev": 4.3439249992370605, "lowlevel.barkbands_spread.mean": 12.558048248291016, "lowlevel.barkbands_spread.stdev": 17.211441040039062, "lowlevel.dissonance.mean": 0.39234843850135803, "lowlevel.dissonance.stdev": 0.10366763174533844, "lowlevel.dynamic_complexity": 19.671581268310547, "lowlevel.erbbands_crest.mean": 14.901656150817871, "lowlevel.erbbands_crest.stdev": 8.348600387573242, "lowlevel.erbbands_flatness_db.mean": 0.22302712500095367, "lowlevel.erbbands_flatness_db.stdev": 0.1303568035364151, "lowlevel.erbbands_kurtosis.mean": 17.309181213378906, "lowlevel.erbbands_kurtosis.stdev": 40.70431900024414, "lowlevel.erbbands_skewness.mean": 1.8475828170776367, "lowlevel.erbbands_skewness.stdev": 2.4621634483337402, "lowlevel.erbbands_spread.mean": 35.1413459777832, "lowlevel.erbbands_spread.stdev": 36.64676284790039, "lowlevel.hfc.mean": 6.032050609588623, "lowlevel.hfc.stdev": 23.624645233154297, "lowlevel.loudness_ebu128.integrated": -23.163278579711914, "lowlevel.loudness_ebu128.loudness_range": 22.03805923461914, "lowlevel.loudness_ebu128.momentary.mean": -39.780025482177734, "lowlevel.loudness_ebu128.momentary.stdev": 15.505609512329102, "lowlevel.loudness_ebu128.short_term.mean": -33.50051498413086, "lowlevel.loudness_ebu128.short_term.stdev": 8.054279327392578, "lowlevel.melbands_crest.mean": 21.069053649902344, "lowlevel.melbands_crest.stdev": 7.003282070159912, "lowlevel.melbands_flatness_db.mean": 0.3263835310935974, "lowlevel.melbands_flatness_db.stdev": 0.12443199008703232, "lowlevel.melbands_kurtosis.mean": 46.676761627197266, "lowlevel.melbands_kurtosis.stdev": 78.60298156738281, "lowlevel.melbands_skewness.mean": 3.5874297618865967, "lowlevel.melbands_skewness.stdev": 3.150911331176758, "lowlevel.melbands_spread.mean": 9.228767395019531, "lowlevel.melbands_spread.stdev": 9.457944869995117, "lowlevel.pitch_salience.mean": 0.4201603829860687, "lowlevel.pitch_salience.stdev": 0.1783159226179123, "lowlevel.silence_rate_20dB.mean": 1.0, "lowlevel.silence_rate_20dB.stdev": 0.0, "lowlevel.silence_rate_30dB.mean": 0.9869862794876099, "lowlevel.silence_rate_30dB.stdev": 0.11333295702934265, "lowlevel.silence_rate_60dB.mean": 0.7636986374855042, "lowlevel.silence_rate_60dB.stdev": 0.4248095452785492, "lowlevel.spectral_centroid.mean": 840.8468017578125, "lowlevel.spectral_centroid.stdev": 635.19140625, "lowlevel.spectral_complexity.mean": 2.300684928894043, "lowlevel.spectral_complexity.stdev": 3.6995925903320312, "lowlevel.spectral_decrease.mean": -2.052496173021723e-09, "lowlevel.spectral_decrease.stdev": 6.493562576537215e-09, "lowlevel.spectral_energy.mean": 0.008293714374303818, "lowlevel.spectral_energy.stdev": 0.02650211565196514, "lowlevel.spectral_energyband_high.mean": 4.965391053701751e-05, "lowlevel.spectral_energyband_high.stdev": 0.0003439562569838017, "lowlevel.spectral_energyband_low.mean": 0.0004371403774712235, "lowlevel.spectral_energyband_low.stdev": 0.0026480432134121656, "lowlevel.spectral_energyband_middle_high.mean": 0.0031859891023486853, "lowlevel.spectral_energyband_middle_high.stdev": 0.017930522561073303, "lowlevel.spectral_energyband_middle_low.mean": 0.005057289265096188, "lowlevel.spectral_energyband_middle_low.stdev": 0.01608937419950962, "lowlevel.spectral_entropy.mean": 6.673462867736816, "lowlevel.spectral_entropy.stdev": 1.365396499633789, "lowlevel.spectral_flux.mean": 0.03447478637099266, "lowlevel.spectral_flux.stdev": 0.06515480577945709, "lowlevel.spectral_kurtosis.mean": 14.078530311584473, "lowlevel.spectral_kurtosis.stdev": 18.737653732299805, "lowlevel.spectral_rms.mean": 0.0014442597748711705, "lowlevel.spectral_rms.stdev": 0.0024506207555532455, "lowlevel.spectral_rolloff.mean": 740.1668090820312, "lowlevel.spectral_rolloff.stdev": 1319.14990234375, "lowlevel.spectral_skewness.mean": 2.693589687347412, "lowlevel.spectral_skewness.stdev": 1.6667020320892334, "lowlevel.spectral_spread.mean": 5523459.0, "lowlevel.spectral_spread.stdev": 2952718.75, "lowlevel.spectral_strongpeak.mean": 0.5760127902030945, "lowlevel.spectral_strongpeak.stdev": 1.4563913345336914, "lowlevel.zerocrossingrate.mean": 0.046220503747463226, "lowlevel.zerocrossingrate.stdev": 0.03637629374861717, "metadata.audio_properties.analysis.equal_loudness": 0.0, "metadata.audio_properties.analysis.length": 33.87628173828125, "metadata.audio_properties.analysis.sample_rate": 44100.0, "metadata.audio_properties.analysis.start_time": 0.0, "metadata.audio_properties.bit_rate": 116869.0, "metadata.audio_properties.length": 33.87733459472656, "metadata.audio_properties.lossless": 0.0, "metadata.audio_properties.number_channels": 1.0, "metadata.audio_properties.replay_gain": -5.583160400390625, "metadata.audio_properties.sample_rate": 48000.0, "rhythm.beats_count": 63.0, "rhythm.beats_loudness.mean": 0.015426959842443466, "rhythm.beats_loudness.stdev": 0.033491723239421844, "rhythm.bpm": 120.21421813964844, "rhythm.bpm_histogram_first_peak_bpm": 120.0, "rhythm.bpm_histogram_first_peak_weight": 0.4444444179534912, "rhythm.bpm_histogram_second_peak_bpm": 105.0, "rhythm.bpm_histogram_second_peak_spread": 0.6666666269302368, "rhythm.bpm_histogram_second_peak_weight": 0.11290322244167328, "rhythm.danceability": 1.2615646123886108, "rhythm.onset_rate": 2.449134588241577, "tonal.chords_changes_rate": 0.15731874108314514, "tonal.chords_number_rate": 0.019151845946907997, "tonal.chords_strength.mean": 0.42117810249328613, "tonal.chords_strength.stdev": 0.08781887590885162, "tonal.hpcp_crest.mean": 15.1628999710083, "tonal.hpcp_crest.stdev": 8.430156707763672, "tonal.hpcp_entropy.mean": 1.9575848579406738, "tonal.hpcp_entropy.stdev": 1.0249321460723877, "tonal.key_edma.strength": 0.5359758138656616, "tonal.key_krumhansl.strength": 0.5330120325088501, "tonal.key_temperley.strength": 0.5193997621536255, "tonal.tuning_diatonic_strength": 0.3832932114601135, "tonal.tuning_equal_tempered_deviation": 0.2119564563035965, "tonal.tuning_frequency": 433.4413757324219, "tonal.tuning_nontempered_energy_ratio": 0.8479658961296082, "lowlevel.barkbands.mean": [3.5832913454214577e-06, 2.2422746042138897e-06, 7.087311678333208e-05, 0.0008437771466560662, 0.0003426244074944407, 0.0006727664149366319, 0.0020120195113122463, 0.0006085715140216053, 0.00047568956506438553, 0.0013839249731972814, 0.0004209523322060704, 0.0005651226383633912, 0.00028559903148561716, 0.00014714025019202381, 0.0001669164194026962, 0.0001394066639477387, 4.8571135266683996e-05, 3.106738586211577e-05, 9.190574019157793e-06, 4.182823249720968e-05, 1.81003433681326e-05, 1.1551522902664146e-06, 5.40313521923963e-07, 4.2679084799601696e-07, 9.873183444142342e-07, 6.399641847565363e-07, 8.471629620032672e-09], "lowlevel.barkbands.stdev": [6.5659487518132664e-06, 7.60819284550962e-06, 0.0004351216193754226, 0.005260169971734285, 0.0015525147318840027, 0.00322973495349288, 0.00978915300220251, 0.006394010502845049, 0.0056347777135670185, 0.011590084992349148, 0.004257088992744684, 0.007581372745335102, 0.002208966063335538, 0.001346091739833355, 0.0016437851591035724, 0.0010581427486613393, 0.0004088211862836033, 0.00022801384329795837, 5.018368756282143e-05, 0.0002747194666881114, 0.00023650014190934598, 4.260220975993434e-06, 2.036997557297582e-06, 1.7327334944639006e-06, 3.877169547195081e-06, 2.721912323977449e-06, 5.045541229264927e-08], "lowlevel.erbbands.mean": [0.00010651674529071897, 0.0015528202056884766, 0.06922005116939545, 1.491602897644043, 2.383484125137329, 0.7542253136634827, 1.3573329448699951, 7.8368611335754395, 29.79042625427246, 17.40117073059082, 13.878011703491211, 10.801995277404785, 19.93386459350586, 49.45793533325195, 12.09131908416748, 23.088045120239258, 17.491920471191406, 5.762675762176514, 13.800511360168457, 3.371307134628296, 8.561585426330566, 3.0596930980682373, 2.075338363647461, 0.7485454678535461, 0.6256402134895325, 2.149833917617798, 1.491550087928772, 0.2276393473148346, 0.04927479475736618, 0.026370756328105927, 0.01344981137663126, 0.007024362217634916, 0.009106834419071674, 0.011053451336920261, 0.0068033491261303425, 0.002880892949178815, 0.0011901966063305736, 0.00015369598986580968, 7.188517429312924e-06, 9.760207831277512e-06], "lowlevel.erbbands.stdev": [0.0003059236623812467, 0.007306418847292662, 0.4001721143722534, 9.078360557556152, 14.100358963012695, 2.4821338653564453, 5.668984889984131, 36.090736389160156, 141.51551818847656, 103.13756561279297, 123.41911315917969, 125.88423156738281, 167.9181671142578, 394.5035095214844, 108.98931121826172, 301.8539123535156, 144.6887969970703, 35.54524612426758, 119.85671997070312, 18.841833114624023, 67.46418762207031, 22.157958984375, 16.225845336914062, 4.076402187347412, 3.1758687496185303, 15.616732597351074, 15.941431999206543, 1.6662343740463257, 0.17977465689182281, 0.0984015166759491, 0.050427842885255814, 0.02826092578470707, 0.03732062876224518, 0.045602474361658096, 0.026448743417859077, 0.0117275919765234, 0.005295576527714729, 0.0007337777642533183, 2.059129110421054e-05, 3.126286537735723e-05], "lowlevel.gfcc.mean": [-332.9447021484375, 80.10408020019531, -77.09721374511719, -1.4334155321121216, -68.22417449951172, -4.003982067108154, -43.81764221191406, 1.9930328130722046, -30.664527893066406, 8.615764617919922, -21.994077682495117, 3.3470191955566406, -10.311365127563477], "lowlevel.melbands.mean": [7.961237997733406e-07, 3.8364534702850506e-05, 0.0002994953829329461, 0.00010187356383539736, 4.115066985832527e-05, 0.00018205158994533122, 0.00044588581658899784, 0.0001751245727064088, 0.00011296580487396568, 6.004847455187701e-05, 0.00010620495595503598, 0.00021550504607148468, 4.437891038833186e-05, 3.6035908124176785e-05, 8.014330524019897e-05, 2.0313869754318148e-05, 9.10094240680337e-06, 2.4947779820649885e-05, 6.995448984525865e-06, 4.948123660142301e-06, 1.105766659748042e-05, 2.945108235508087e-06, 2.14767692341411e-06, 1.4575155091733905e-06, 5.073411557532381e-07, 2.78304980838584e-07, 8.352836289304832e-07, 1.5389891814265866e-06, 1.1367482102286885e-06, 3.53667900299115e-07, 5.559085280992804e-08, 2.680913624431014e-08, 1.7649005812359064e-08, 1.329625032298054e-08, 8.4809679279374e-09, 4.4641890184493604e-09, 4.1624375057836005e-09, 6.134985852668251e-09, 7.79589459654062e-09, 9.812679557796855e-09], "lowlevel.melbands.stdev": [1.8144481828130665e-06, 0.0002276061859447509, 0.0018107123905792832, 0.0005063554854132235, 0.00016693765064701438, 0.0008238086593337357, 0.00213034451007843, 0.0012294597690925002, 0.0010233415523543954, 0.000725689169485122, 0.0009827765170484781, 0.0017239812295883894, 0.00039714723243378103, 0.0003699534572660923, 0.001033690175972879, 0.00016082872753031552, 6.888172356411815e-05, 0.0002185777120757848, 6.265100091695786e-05, 3.7280329706845805e-05, 9.507632785243914e-05, 2.4358518203371204e-05, 1.643973882892169e-05, 1.3476910680765286e-05, 2.939703335869126e-06, 1.4315310181700625e-06, 5.576197054324439e-06, 1.1341102435835637e-05, 1.1851861017930787e-05, 3.930616003344767e-06, 3.097664489359886e-07, 1.0072761824631016e-07, 6.571505650754261e-08, 5.2196217126265765e-08, 3.253810731962403e-08, 1.7570995325399963e-08, 1.742465727261333e-08, 2.6433417232851752e-08, 3.1066367256471494e-08, 4.234719597207004e-08], "lowlevel.melbands128.mean": [1.3420218465398648e-06, 6.839320576546015e-07, 6.03156479428435e-07, 9.280428798774665e-07, 4.214897671772633e-06, 4.773072214447893e-05, 0.00028436866705305874, 0.00045611418318003416, 0.00023496289213653654, 5.826319829793647e-05, 3.064091288251802e-05, 2.402033169346396e-05, 3.22030573443044e-05, 7.324907346628606e-05, 0.00013666438462678343, 0.0002219174348283559, 0.0004501221119426191, 0.0005881211254745722, 0.00033157991128973663, 0.00012877455446869135, 0.00014646202907897532, 0.0001336474670097232, 8.991908543976024e-05, 0.00012659860658459365, 6.850843783468008e-05, 3.7658202927559614e-05, 2.9453260140144266e-05, 6.905281043145806e-05, 0.0002097450487781316, 0.00028008047956973314, 0.00022813677787780762, 7.201541302492842e-05, 2.1888392438995652e-05, 3.2745414500823244e-05, 2.3080023311194964e-05, 2.087799657601863e-05, 7.497305341530591e-05, 0.00012991968833375722, 4.4276657718000934e-05, 2.803091410896741e-05, 1.5222824913507793e-05, 7.550877853645943e-06, 3.7547736155829625e-06, 1.1005286978615914e-05, 2.3845452233217657e-05, 3.3217693271581084e-05, 2.1015663151047193e-05, 5.4529668886971194e-06, 1.6503598772033001e-06, 1.7852476048574317e-06, 4.647920832212549e-06, 7.961300980241504e-06, 1.5607665773131885e-05, 1.1323334547341801e-05, 2.956948947030469e-06, 2.4369280708924634e-06, 2.2621779862674884e-06, 2.5074302811844973e-06, 1.6849676285346504e-06, 2.33109653891006e-06, 1.6846821608851315e-06, 6.258699158934178e-07, 6.793133593419043e-07, 4.4210904093233694e-07, 3.1499729402639787e-07, 1.9767429648709367e-07, 2.637502234392741e-07, 4.94985215482302e-07, 7.092451710377645e-07, 1.6982048691716045e-06, 1.899457856779918e-06, 1.186019630949886e-06, 1.260305452888133e-06, 1.3222645520727383e-06, 7.984095304891525e-07, 3.253104239320237e-07, 2.1132169081283791e-07, 6.041228317599234e-08, 4.093248406888961e-08, 3.548990434865118e-08, 2.9089227027156994e-08, 2.4066762804864084e-08, 1.89397297845062e-08, 1.8199720841494127e-08, 1.5209435488827694e-08, 1.3142587462766642e-08, 1.3788795882874183e-08, 1.1179381864678817e-08, 8.162146514223423e-09, 6.685145326201791e-09, 5.114484391555152e-09, 3.812762550126081e-09, 3.3352329786850987e-09, 3.854935037850282e-09, 4.37974811973163e-09, 6.837324484365581e-09, 6.3058349653033474e-09, 5.274355174833545e-09, 7.248623035138735e-09, 9.58842427678519e-09, 9.939764566979647e-09, 1.0715455189824752e-08, 8.023380182464734e-09, 9.247217214181092e-09, 7.677758873114726e-09, 7.560588599631046e-09, 5.456576523954482e-09, 4.942787512618452e-09, 4.739010073251393e-09, 4.7480832598978395e-09, 4.419727694937592e-09, 4.217745708245957e-09, 3.732977038595209e-09, 3.620648891811129e-09, 3.0835869413436967e-09, 1.7480902281263866e-09, 3.8072581198811406e-10, 2.2271849295374402e-11, 2.0633596827662748e-12, 1.9559471230168324e-12, 1.892166978656462e-12, 1.8611778784816124e-12, 1.8468906959334674e-12, 1.8007314389612006e-12, 1.6555446250010597e-12, 1.4125039029047604e-12, 1.2808691824198193e-12, 1.2570824372767908e-12], "lowlevel.melbands128.stdev": [2.2255428575590486e-06, 1.4667862160422374e-06, 1.904036253108643e-06, 3.993295194959501e-06, 2.2778251150157303e-05, 0.0002982057339977473, 0.0017535857623443007, 0.0029244536999613047, 0.0014185189502313733, 0.0002674164716154337, 9.659628994995728e-05, 0.00010785552149172872, 0.0001632783969398588, 0.00042363014654256403, 0.000853991718031466, 0.0012804953148588538, 0.0023416413459926844, 0.0032135399524122477, 0.0021915307734161615, 0.0010110312141478062, 0.0019399240845814347, 0.001639723894186318, 0.0009944189805537462, 0.0018246540566906333, 0.0010814493289217353, 0.0006939810700714588, 0.00035210856003686786, 0.0005961533170193434, 0.002551361219957471, 0.002537438413128257, 0.002267465926706791, 0.0008717072196304798, 0.0002325098612345755, 0.0006648269481956959, 0.0002830614394042641, 0.00025121759972535074, 0.0011731859995052218, 0.0019966240506619215, 0.0004965935950167477, 0.00026409741258248687, 0.00017388824198860675, 0.00012264226097613573, 3.46936758433003e-05, 0.00010306262993253767, 0.00027863014838658273, 0.0003824450250249356, 0.0002763274824246764, 4.490328501560725e-05, 1.4776355783396866e-05, 1.604336648597382e-05, 5.020157914259471e-05, 6.462555029429495e-05, 0.00014958642714191228, 0.00013892509741708636, 3.564889993867837e-05, 2.8365575417410582e-05, 3.173996083205566e-05, 3.251720772823319e-05, 1.1205076589249074e-05, 2.8718519388348795e-05, 1.9488379621179774e-05, 4.353937583800871e-06, 4.84078509543906e-06, 3.6206226923241047e-06, 3.4072438666044036e-06, 1.373797090309381e-06, 1.6562860309932148e-06, 3.851142082567094e-06, 5.303885245666606e-06, 1.6956821127678268e-05, 1.96309010789264e-05, 9.261327249987517e-06, 1.0447607564856298e-05, 2.175886220356915e-05, 1.352265098830685e-05, 3.7260861063259654e-06, 1.9149524632666726e-06, 3.5511305895852274e-07, 2.1274554740102758e-07, 2.0467396666390414e-07, 1.2320127495968336e-07, 9.051267824133902e-08, 7.135962931670292e-08, 7.426648807040692e-08, 6.367626781411673e-08, 5.324456964217461e-08, 6.484643932935796e-08, 4.4017738787260896e-08, 3.441166995798994e-08, 2.8086825309969754e-08, 2.145749178339429e-08, 1.5567524158655033e-08, 1.6832997218330092e-08, 1.9922580918319e-08, 1.766495749677688e-08, 2.963872169914339e-08, 3.1716698600803284e-08, 2.711198376914581e-08, 3.093027700629136e-08, 3.946644966390522e-08, 4.509348983106065e-08, 4.9918838840312674e-08, 3.707065587832403e-08, 3.844868601277085e-08, 2.9480309748919353e-08, 3.5098864259452967e-08, 2.2550073808247362e-08, 2.546985200524432e-08, 2.1216536083557003e-08, 1.9849407451033585e-08, 2.1357786650355592e-08, 2.025486445234037e-08, 1.7338690483370556e-08, 1.726007070601554e-08, 1.5648399909196087e-08, 1.026597562514553e-08, 2.2270056909690084e-09, 1.9831097874956072e-10, 7.34466047008775e-12, 6.9697728491413535e-12, 6.7969176294202516e-12, 6.658838411222057e-12, 6.524182236122833e-12, 6.405208394927309e-12, 6.310873698622821e-12, 6.234873728416801e-12, 6.180421625867627e-12, 6.146700336218114e-12], "lowlevel.mfcc.mean": [-999.9672241210938, 133.79664611816406, 26.315401077270508, 11.433895111083984, -5.368041038513184, -3.926180601119995, -6.022846221923828, -10.539103507995605, -3.2319087982177734, -5.476243019104004, -4.661031246185303, -4.459233283996582, -2.9298832416534424], "lowlevel.spectral_contrast_coeffs.mean": [-0.6958006620407104, -0.7413124442100525, -0.8201913237571716, -0.8540951013565063, -0.8710976243019104, -0.831714391708374], "lowlevel.spectral_contrast_coeffs.stdev": [0.11722590774297714, 0.15800772607326508, 0.10775016993284225, 0.0876467227935791, 0.05845048651099205, 0.052206702530384064], "lowlevel.spectral_contrast_valleys.mean": [-10.266721725463867, -9.812212944030762, -10.479537963867188, -10.969986915588379, -11.013388633728027, -13.354905128479004], "lowlevel.spectral_contrast_valleys.stdev": [1.2148553133010864, 1.6299489736557007, 1.6649662256240845, 1.5347065925598145, 1.3606818914413452, 0.7904155850410461], "rhythm.beats_loudness_band_ratio.mean": [0.3736586272716522, 0.30364561080932617, 0.28403177857398987, 0.06772121787071228, 0.019610347226262093, 0.028793973848223686], "rhythm.beats_loudness_band_ratio.stdev": [0.3594716191291809, 0.29432520270347595, 0.3077634572982788, 0.19121667742729187, 0.03962884843349457, 0.06356149911880493], "tonal.hpcp.mean": [0.10793139785528183, 0.1055201068520546, 0.08359184116125107, 0.06143787130713463, 0.05335449054837227, 0.07621858268976212, 0.15619423985481262, 0.23682329058647156, 0.16040092706680298, 0.055959541350603104, 0.044476352632045746, 0.04063791409134865, 0.03503706678748131, 0.031955212354660034, 0.03739112615585327, 0.04276473447680473, 0.04151885583996773, 0.04864254593849182, 0.06282007694244385, 0.07151465862989426, 0.09787601977586746, 0.10695229470729828, 0.08652737736701965, 0.16113007068634033, 0.2738923132419586, 0.18321630358695984, 0.067545585334301, 0.07591584324836731, 0.06399510055780411, 0.05295637249946594, 0.06596032530069351, 0.08204273879528046, 0.07887248694896698, 0.07781831920146942, 0.09247726947069168, 0.09835648536682129], "tonal.hpcp.stdev": [0.2538073658943176, 0.25104135274887085, 0.21522213518619537, 0.1972486823797226, 0.16019077599048615, 0.20499812066555023, 0.275682270526886, 0.34897780418395996, 0.2615532875061035, 0.16756629943847656, 0.14770369231700897, 0.1428772211074829, 0.12106387317180634, 0.1011824831366539, 0.12296569347381592, 0.1504034698009491, 0.1319906860589981, 0.16229751706123352, 0.18323653936386108, 0.1952619105577469, 0.23384524881839752, 0.24947156012058258, 0.22225019335746765, 0.23477935791015625, 0.4037633538246155, 0.26141002774238586, 0.18965306878089905, 0.20469631254673004, 0.16960817575454712, 0.15720851719379425, 0.1693935990333557, 0.18948237597942352, 0.17229095101356506, 0.19210800528526306, 0.2278178334236145, 0.23811526596546173], "rhythm.beats_position": [0.4876190423965454, 0.9752380847930908, 1.4628571271896362, 1.9620860815048218, 2.461315155029297, 2.9605441093444824, 3.459773063659668, 3.9590022563934326, 4.446621417999268, 4.945850372314453, 5.445079326629639, 5.944308280944824, 6.43192720413208, 6.9079365730285645, 7.383945465087891, 7.8715643882751465, 8.347573280334473, 8.846802711486816, 9.346031188964844, 9.845260620117188, 10.414149284362793, 10.983037948608398, 11.55192756652832, 12.132426261901855, 12.701314926147461, 13.281813621520996, 13.850702285766602, 14.419591903686523, 14.9768705368042, 15.522539138793945, 16.068208694458008, 16.613876342773438, 17.1595458984375, 17.716825485229492, 18.239274978637695, 18.761722564697266, 19.27256202697754, 19.86467170715332, 20.44516944885254, 21.02566909790039, 21.60616683959961, 22.18666648864746, 22.75555419921875, 23.312833786010742, 23.870113372802734, 24.427391052246094, 24.973060607910156, 25.53034019470215, 26.076007843017578, 26.63328742980957, 27.144126892089844, 27.666576385498047, 28.177413940429688, 28.67664337158203, 29.187482833862305, 29.698322296142578, 30.20915985107422, 30.696779251098633, 31.196008682250977, 31.69523811340332, 32.19446563720703, 32.716915130615234, 33.19292449951172], "rhythm.bpm_histogram": [0.0, 0.0, 0.0, 0.0, 0.0, 0.0, 0.0, 0.0, 0.0, 0.0, 0.0, 0.0, 0.0, 0.0, 0.0, 0.0, 0.0, 0.0, 0.0, 0.0, 0.0, 0.0, 0.0, 0.0, 0.0, 0.0, 0.0, 0.0, 0.0, 0.0, 0.0, 0.0, 0.0, 0.0, 0.0, 0.0, 0.0, 0.0, 0.0, 0.0, 0.0, 0.0, 0.0, 0.0, 0.0, 0.0, 0.0, 0.0, 0.0, 0.0, 0.0, 0.0, 0.0, 0.0, 0.0, 0.0, 0.0, 0.0, 0.0, 0.0, 0.0, 0.0, 0.0, 0.0, 0.0, 0.0, 0.0, 0.0, 0.0, 0.0, 0.0, 0.0, 0.0, 0.0, 0.0, 0.0, 0.0, 0.0, 0.0, 0.0, 0.0, 0.0, 0.0, 0.0, 0.0, 0.0, 0.0, 0.0, 0.0, 0.0, 0.0, 0.0, 0.0, 0.0, 0.0, 0.0, 0.0, 0.0, 0.0, 0.0, 0.0, 0.016129031777381897, 0.0, 0.09677419066429138, 0.0, 0.11290322244167328, 0.0, 0.0, 0.11290322244167328, 0.0, 0.09677419066429138, 0.0, 0.0, 0.0, 0.0, 0.06451612710952759, 0.0, 0.09677419066429138, 0.0, 0.0, 0.24193547666072845, 0.0, 0.0, 0.09677419066429138, 0.0, 0.0, 0.06451612710952759, 0.0, 0.0, 0.0, 0.0, 0.0, 0.0, 0.0, 0.0, 0.0, 0.0, 0.0, 0.0, 0.0, 0.0, 0.0, 0.0, 0.0, 0.0, 0.0, 0.0, 0.0, 0.0, 0.0, 0.0, 0.0, 0.0, 0.0, 0.0, 0.0, 0.0, 0.0, 0.0, 0.0, 0.0, 0.0, 0.0, 0.0, 0.0, 0.0, 0.0, 0.0, 0.0, 0.0, 0.0, 0.0, 0.0, 0.0, 0.0, 0.0, 0.0, 0.0, 0.0, 0.0, 0.0, 0.0, 0.0, 0.0, 0.0, 0.0, 0.0, 0.0, 0.0, 0.0, 0.0, 0.0, 0.0, 0.0, 0.0, 0.0, 0.0, 0.0, 0.0, 0.0, 0.0, 0.0, 0.0, 0.0, 0.0, 0.0, 0.0, 0.0, 0.0, 0.0, 0.0, 0.0, 0.0, 0.0, 0.0, 0.0, 0.0, 0.0, 0.0, 0.0, 0.0, 0.0, 0.0, 0.0, 0.0, 0.0, 0.0, 0.0, 0.0, 0.0, 0.0, 0.0, 0.0, 0.0, 0.0, 0.0, 0.0, 0.0, 0.0, 0.0, 0.0, 0.0, 0.0, 0.0, 0.0, 0.0, 0.0, 0.0, 0.0, 0.0], "tonal.chords_histogram": [11.764705657958984, 5.471956253051758, 7.38714075088501, 0.1367989033460617, 0.0, 0.0, 4.924760818481445, 16.826265335083008, 0.2735978066921234, 0.0, 0.2735978066921234, 0.0, 0.4103967249393463, 3.693570375442505, 16.00547218322754, 4.651162624359131, 5.061559677124023, 9.712721824645996, 0.0, 5.608755111694336, 3.693570375442505, 2.1887824535369873, 1.2311902046203613, 0.6839945316314697], "tonal.thpcp": [1.0, 0.6689355373382568, 0.24661365151405334, 0.27717405557632446, 0.2336505949497223, 0.19334742426872253, 0.24082575738430023, 0.2995437681674957, 0.2879689633846283, 0.2841201424598694, 0.3376409709453583, 0.3591064214706421, 0.39406508207321167, 0.38526129722595215, 0.30519965291023254, 0.22431397438049316, 0.1948009729385376, 0.2782793641090393, 0.5702760815620422, 0.8646584153175354, 0.5856350064277649, 0.20431220531463623, 0.16238626837730408, 0.1483718603849411, 0.12792278826236725, 0.11667071282863617, 0.13651761412620544, 0.15613703429698944, 0.15158824622631073, 0.17759734392166138, 0.22936049103736877, 0.2611050307750702, 0.35735219717025757, 0.39049032330513, 0.3159175217151642, 0.5882971882820129], "lowlevel.gfcc.cov": [[19399.69921875, 4199.8203125, -5577.64794921875, -2376.509521484375, -648.4270629882812, -1575.078857421875, 24.94146156311035, -785.6854858398438, -145.49130249023438, -213.62648010253906, 501.3757629394531, -870.6566162109375, 516.4276733398438], [4199.8203125, 2464.685302734375, -552.8683471679688, -1080.757568359375, -473.10369873046875, -784.1809692382812, -217.47447204589844, -392.9932861328125, 90.95489501953125, -148.56040954589844, 194.29893493652344, -361.15374755859375, 27.315814971923828], [-5577.64794921875, -552.8683471679688, 3081.443115234375, 843.740234375, -69.16256713867188, 333.12567138671875, -385.27740478515625, 13.463597297668457, -11.590543746948242, -127.19355010986328, -346.93359375, 166.67037963867188, -414.7854309082031], [-2376.509521484375, -1080.757568359375, 843.740234375, 1107.212646484375, 449.82568359375, 433.7902526855469, -55.951622009277344, 105.14033508300781, -130.55979919433594, -73.46087646484375, -305.01416015625, 83.18547821044922, -110.47473907470703], [-648.4270629882812, -473.10369873046875, -69.16256713867188, 449.82568359375, 513.571044921875, 293.2030944824219, 124.41624450683594, 62.806026458740234, -69.77466583251953, -63.38681411743164, -123.49694061279297, -35.04467010498047, -12.581049919128418], [-1575.078857421875, -784.1809692382812, 333.12567138671875, 433.7902526855469, 293.2030944824219, 687.7023315429688, 202.68478393554688, 136.0105438232422, -165.94317626953125, -72.45047760009766, -194.56240844726562, 50.54201126098633, -106.92267608642578], [24.94146156311035, -217.47447204589844, -385.27740478515625, -55.951622009277344, 124.41624450683594, 202.68478393554688, 329.0891418457031, 110.4791488647461, -62.46637725830078, 1.43156898021698, 30.944734573364258, -17.08080291748047, 19.799997329711914], [-785.6854858398438, -392.9932861328125, 13.463597297668457, 105.14033508300781, 62.806026458740234, 136.0105438232422, 110.4791488647461, 185.82115173339844, 46.1749267578125, 49.547298431396484, -15.983559608459473, 62.17864990234375, 2.4899849891662598], [-145.49130249023438, 90.95489501953125, -11.590543746948242, -130.55979919433594, -69.77466583251953, -165.94317626953125, -62.46637725830078, 46.1749267578125, 222.90042114257812, 119.77003479003906, 100.36309051513672, 28.91557502746582, 38.805267333984375], [-213.62648010253906, -148.56040954589844, -127.19355010986328, -73.46087646484375, -63.38681411743164, -72.45047760009766, 1.43156898021698, 49.547298431396484, 119.77003479003906, 181.3075714111328, 130.8858642578125, 64.80290985107422, 49.00682830810547], [501.3757629394531, 194.29893493652344, -346.93359375, -305.01416015625, -123.49694061279297, -194.56240844726562, 30.944734573364258, -15.983559608459473, 100.36309051513672, 130.8858642578125, 290.8286437988281, 80.94515991210938, 107.12793731689453], [-870.6566162109375, -361.15374755859375, 166.67037963867188, 83.18547821044922, -35.04467010498047, 50.54201126098633, -17.08080291748047, 62.17864990234375, 28.91557502746582, 64.80290985107422, 80.94515991210938, 193.81890869140625, 61.736244201660156], [516.4276733398438, 27.315814971923828, -414.7854309082031, -110.47473907470703, -12.581049919128418, -106.92267608642578, 19.799997329711914, 2.4899849891662598, 38.805267333984375, 49.00682830810547, 107.12793731689453, 61.736244201660156, 184.18023681640625]], "lowlevel.gfcc.icov": [[0.00029270825325511396, -0.0003431234508752823, 0.0006608546827919781, -0.0002859444939531386, 0.0003763505956158042, -1.1684305718517862e-05, 0.00020845516701228917, 0.0003179960185661912, 5.825128755532205e-05, 0.000253443606197834, 8.161871664924547e-05, -4.62705320387613e-05, 0.00042747074621729553], [-0.0003431234508752823, 0.002763262949883938, -0.0010681747226044536, 0.0015846488531678915, -3.818179266090738e-06, 0.0005345357931219041, 0.0005265339277684689, 0.000887213391251862, -0.0009744869894348085, 0.0027833455242216587, -0.0020454912446439266, 0.00396197522059083, -0.0013349232031032443], [0.0006608546827919781, -0.0010681747226044536, 0.0025354207027703524, -0.0015041731530800462, 0.0015076955314725637, -0.00034033742849715054, 0.0007051383727230132, 0.0011057407828047872, -0.000880163162946701, 0.001172542106360197, 0.0006013208767399192, -0.001993216574192047, 0.003119597677141428], [-0.0002859444939531386, 0.0015846488531678915, -0.0015041731530800462, 0.004658612422645092, -0.0033355734776705503, 0.0005811192095279694, 0.0016465219669044018, -0.0009031512308865786, 0.0019331047078594565, -0.0010288485791534185, 0.0013623535633087158, 0.0005039030220359564, -0.0011765550589188933], [0.0003763505956158042, -3.818179266090738e-06, 0.0015076955314725637, -0.0033355734776705503, 0.00627118768170476, -0.001537000061944127, -0.001040015951730311, 0.0016613915795460343, -0.0028481646440923214, 0.0035251074004918337, -0.0017956666415557265, 0.0028109510894864798, -0.000270216929493472], [-1.1684305718517862e-05, 0.0005345357931219041, -0.00034033742849715054, 0.0005811192095279694, -0.001537000061944127, 0.004499594680964947, -0.0021307060960680246, -0.00016320367285516113, 0.0018047075718641281, -0.0006721930112689734, 0.0021251083817332983, -0.0020133249927312136, 0.0015114397974684834], [0.00020845516701228917, 0.0005265339277684689, 0.0007051383727230132, 0.0016465219669044018, -0.001040015951730311, -0.0021307060960680246, 0.009543020278215408, -0.005954877473413944, 0.0036086731124669313, 0.0013840351020917296, -0.004336971789598465, 0.004699737764894962, -0.0005216629942879081], [0.0003179960185661912, 0.000887213391251862, 0.0011057407828047872, -0.0009031512308865786, 0.0016613915795460343, -0.00016320367285516113, -0.005954877473413944, 0.015312939882278442, -0.006929490715265274, 0.0006003131275065243, 0.0038731847889721394, -0.003913459368050098, 0.001736340345814824], [5.825128755532205e-05, -0.0009744869894348085, -0.000880163162946701, 0.0019331047078594565, -0.0028481646440923214, 0.0018047075718641281, 0.0036086731124669313, -0.006929490715265274, 0.01312159188091755, -0.007505623623728752, -0.00019267048628535122, 0.0009624356171116233, -0.0012606470845639706], [0.000253443606197834, 0.0027833455242216587, 0.001172542106360197, -0.0010288485791534185, 0.0035251074004918337, -0.0006721930112689734, 0.0013840351020917296, 0.0006003131275065243, -0.007505623623728752, 0.01834261231124401, -0.00820869766175747, 0.004765059798955917, 0.0004718401760328561], [8.161871664924547e-05, -0.0020454912446439266, 0.0006013208767399192, 0.0013623535633087158, -0.0017956666415557265, 0.0021251083817332983, -0.004336971789598465, 0.0038731847889721394, -0.00019267048628535122, -0.00820869766175747, 0.014445730485022068, -0.010684053413569927, 0.0011744941584765911], [-4.62705320387613e-05, 0.00396197522059083, -0.001993216574192047, 0.0005039030220359564, 0.0028109510894864798, -0.0020133249927312136, 0.004699737764894962, -0.003913459368050098, 0.0009624356171116233, 0.004765059798955917, -0.010684053413569927, 0.02203647792339325, -0.008716410025954247], [0.00042747074621729553, -0.0013349232031032443, 0.003119597677141428, -0.0011765550589188933, -0.000270216929493472, 0.0015114397974684834, -0.0005216629942879081, 0.001736340345814824, -0.0012606470845639706, 0.0004718401760328561, 0.0011744941584765911, -0.008716410025954247, 0.014018863439559937]], "lowlevel.mfcc.cov": [[21742.4296875, 3633.55517578125, -5308.0556640625, -1285.9771728515625, -1799.4979248046875, -1193.478271484375, -346.1734924316406, -1330.709228515625, -344.24163818359375, -732.2578735351562, -614.8016357421875, -59.50558853149414, 366.7538146972656], [3633.55517578125, 2431.151611328125, -315.8256530761719, -487.1517639160156, -542.5226440429688, -556.6414794921875, -432.490966796875, -481.5558166503906, -350.6735534667969, -159.2471923828125, -93.1520004272461, -23.93634796142578, -29.82668685913086], [-5308.0556640625, -315.8256530761719, 2551.454345703125, 381.658203125, 495.0839538574219, 277.2605285644531, -213.94090270996094, 257.3044738769531, -86.54166412353516, 19.606966018676758, 100.7350082397461, -87.88634490966797, -207.90066528320312], [-1285.9771728515625, -487.1517639160156, 381.658203125, 549.5523071289062, 357.7289733886719, 119.8887710571289, -7.482661724090576, 54.24525451660156, 74.3009262084961, 12.58213996887207, -58.030364990234375, -10.244525909423828, -5.480648517608643], [-1799.4979248046875, -542.5226440429688, 495.0839538574219, 357.7289733886719, 513.1510620117188, 277.2316589355469, 40.677433013916016, 163.02325439453125, 103.73580169677734, 41.7041015625, -18.54999542236328, -33.292598724365234, -52.82499313354492], [-1193.478271484375, -556.6414794921875, 277.2605285644531, 119.8887710571289, 277.2316589355469, 384.20806884765625, 234.54605102539062, 213.76004028320312, 110.90338897705078, 40.8603401184082, 9.877008438110352, -52.06839370727539, -79.22891998291016], [-346.1734924316406, -432.490966796875, -213.94090270996094, -7.482661724090576, 40.677433013916016, 234.54605102539062, 419.551025390625, 217.61814880371094, 97.46910095214844, 56.10389709472656, 8.264659881591797, -18.063602447509766, -40.73829650878906], [-1330.709228515625, -481.5558166503906, 257.3044738769531, 54.24525451660156, 163.02325439453125, 213.76004028320312, 217.61814880371094, 301.4775085449219, 121.14443969726562, 59.252506256103516, 28.93719482421875, -27.70404052734375, -62.54703140258789], [-344.24163818359375, -350.6735534667969, -86.54166412353516, 74.3009262084961, 103.73580169677734, 110.90338897705078, 97.46910095214844, 121.14443969726562, 201.16241455078125, 89.94105529785156, 4.761499881744385, -15.712992668151855, -18.272159576416016], [-732.2578735351562, -159.2471923828125, 19.606966018676758, 12.58213996887207, 41.7041015625, 40.8603401184082, 56.10389709472656, 59.252506256103516, 89.94105529785156, 158.0393524169922, 72.71492004394531, 21.890438079833984, -16.954111099243164], [-614.8016357421875, -93.1520004272461, 100.7350082397461, -58.030364990234375, -18.54999542236328, 9.877008438110352, 8.264659881591797, 28.93719482421875, 4.761499881744385, 72.71492004394531, 141.75088500976562, 57.74449157714844, 14.703927993774414], [-59.50558853149414, -23.93634796142578, -87.88634490966797, -10.244525909423828, -33.292598724365234, -52.06839370727539, -18.063602447509766, -27.70404052734375, -15.712992668151855, 21.890438079833984, 57.74449157714844, 121.37171936035156, 93.29149627685547], [366.7538146972656, -29.82668685913086, -207.90066528320312, -5.480648517608643, -52.82499313354492, -79.22891998291016, -40.73829650878906, -62.54703140258789, -18.272159576416016, -16.954111099243164, 14.703927993774414, 93.29149627685547, 175.75193786621094]], "lowlevel.mfcc.icov": [[0.0002251472178613767, -0.00021337223006412387, 0.0003911980602424592, -5.3328389185480773e-05, 0.0003134659491479397, -0.00029900314984843135, 0.00015164093929342926, 0.0002577001869212836, -0.0003553925489541143, 0.0007627473096363246, 8.645616617286578e-05, 0.0001809038658393547, -2.5289817131124437e-05], [-0.00021337223006412387, 0.0012282264651730657, -0.0004660510167013854, 0.0008594812243245542, -0.0004227489698678255, 0.00112320261541754, -8.974038064479828e-05, 0.0006143333739601076, 0.000971112516708672, -0.0009240052313543856, 0.0008237335714511573, -0.0003937457804568112, 0.0008582217269577086], [0.0003911980602424592, -0.0004660510167013854, 0.0017327303066849709, -0.0009115235880017281, 0.0008041922119446099, -0.0016169411828741431, 0.0020111685153096914, -0.001432463526725769, 0.0010089768329635262, 0.0009113320265896618, -0.0006510953535325825, 0.0006849847850389779, 0.00047869462287053466], [-5.3328389185480773e-05, 0.0008594812243245542, -0.0009115235880017281, 0.005140827037394047, -0.003948370926082134, 0.0028535514138638973, -0.0019447398371994495, 0.0027251162100583315, -0.0013031305279582739, 0.00014438756625168025, 0.002307503717020154, -0.0010598556837067008, 0.00020585462334565818], [0.0003134659491479397, -0.0004227489698678255, 0.0008041922119446099, -0.003948370926082134, 0.008490512147545815, -0.006414555478841066, 0.004183125216513872, -0.0025816387496888638, 0.0005257866578176618, -0.0006816815002821386, 0.0012395370285958052, -0.000400820339564234, -8.860244997777045e-05], [-0.00029900314984843135, 0.00112320261541754, -0.0016169411828741431, 0.0028535514138638973, -0.006414555478841066, 0.011885950341820717, -0.006501224357634783, 0.002080302918329835, -0.00216953968629241, 0.0016617623623460531, -0.001355719636194408, 0.0012626454699784517, 0.0010323646711185575], [0.00015164093929342926, -8.974038064479828e-05, 0.0020111685153096914, -0.0019447398371994495, 0.004183125216513872, -0.006501224357634783, 0.009402627125382423, -0.00620936369523406, 0.0032761464826762676, -0.002234419109299779, 0.0012945070629939437, -0.0005571977817453444, 0.0005954912630841136], [0.0002577001869212836, 0.0006143333739601076, -0.001432463526725769, 0.0027251162100583315, -0.0025816387496888638, 0.002080302918329835, -0.00620936369523406, 0.012487069703638554, -0.005705034360289574, 0.002996432827785611, -0.00031108653638511896, -0.00038876148755662143, 0.0010517810005694628], [-0.0003553925489541143, 0.000971112516708672, 0.0010089768329635262, -0.0013031305279582739, 0.0005257866578176618, -0.00216953968629241, 0.0032761464826762676, -0.005705034360289574, 0.013452903367578983, -0.008231926709413528, 0.002232682891190052, 0.001527114538475871, -0.000424460566136986], [0.0007627473096363246, -0.0009240052313543856, 0.0009113320265896618, 0.00014438756625168025, -0.0006816815002821386, 0.0016617623623460531, -0.002234419109299779, 0.002996432827785611, -0.008231926709413528, 0.016248485073447227, -0.006548088043928146, -0.0007362043252214789, 0.0020769413094967604], [8.645616617286578e-05, 0.0008237335714511573, -0.0006510953535325825, 0.002307503717020154, 0.0012395370285958052, -0.001355719636194408, 0.0012945070629939437, -0.00031108653638511896, 0.002232682891190052, -0.006548088043928146, 0.01570918783545494, -0.007217219565063715, 0.0013290706556290388], [0.0001809038658393547, -0.000