{"song_id": "1182255941492670504", "download": "https://cdn.discordapp.com/attachments/1135903449314238464/1182255941492670504/chirp.mp4?ex=658408a5&amp", "lyrics": "In the winter of December.\nI met a lion boy who could burn me,\nHe is like a wild lion,\nCaught my attention and lit up my world.\nDispelling loneliness with a fiery touch\nI know I'm falling into a lion's trap,\nGradually lose myself and become the king in my heart.\n\nHe is as tall and strong as a lion,\nArmed with confidence under the bright sun, \nA proud child with a simple heart.\nIn this tired world, \nWith a roaring heart and such a free spirit, \nUnder the starry night, we fit together so well,\nHe is the sun and I am the moon, \nevery time, every moments\nIn the hot embrace, in the moist warmth, \nIn this passion, we find our own rhythme", "style": ["EDM"], "essentia_features": {"lowlevel.average_loudness": 0.9834784269332886, "lowlevel.barkbands_crest.mean": 19.347463607788086, "lowlevel.barkbands_crest.stdev": 3.812941551208496, "lowlevel.barkbands_flatness_db.mean": 0.20867033302783966, "lowlevel.barkbands_flatness_db.stdev": 0.03916403278708458, "lowlevel.barkbands_kurtosis.mean": 24.5479736328125, "lowlevel.barkbands_kurtosis.stdev": 27.243824005126953, "lowlevel.barkbands_skewness.mean": 4.0410308837890625, "lowlevel.barkbands_skewness.stdev": 2.034810781478882, "lowlevel.barkbands_spread.mean": 11.074307441711426, "lowlevel.barkbands_spread.stdev": 8.399466514587402, "lowlevel.dissonance.mean": 0.4597208797931671, "lowlevel.dissonance.stdev": 0.03219131752848625, "lowlevel.dynamic_complexity": 1.6445711851119995, "lowlevel.erbbands_crest.mean": 9.705126762390137, "lowlevel.erbbands_crest.stdev": 4.494158744812012, "lowlevel.erbbands_flatness_db.mean": 0.12085030972957611, "lowlevel.erbbands_flatness_db.stdev": 0.037786174565553665, "lowlevel.erbbands_kurtosis.mean": 1.1368743181228638, "lowlevel.erbbands_kurtosis.stdev": 2.7498505115509033, "lowlevel.erbbands_skewness.mean": 0.2879215478897095, "lowlevel.erbbands_skewness.stdev": 0.6999143958091736, "lowlevel.erbbands_spread.mean": 48.463226318359375, "lowlevel.erbbands_spread.stdev": 26.192285537719727, "lowlevel.hfc.mean": 23.000778198242188, "lowlevel.hfc.stdev": 15.088048934936523, "lowlevel.loudness_ebu128.integrated": -16.64263343811035, "lowlevel.loudness_ebu128.loudness_range": 1.0320167541503906, "lowlevel.loudness_ebu128.momentary.mean": -16.781917572021484, "lowlevel.loudness_ebu128.momentary.stdev": 1.109616756439209, "lowlevel.loudness_ebu128.short_term.mean": -16.660411834716797, "lowlevel.loudness_ebu128.short_term.stdev": 0.3517606258392334, "lowlevel.melbands_crest.mean": 27.22496795654297, "lowlevel.melbands_crest.stdev": 4.714092254638672, "lowlevel.melbands_flatness_db.mean": 0.31006088852882385, "lowlevel.melbands_flatness_db.stdev": 0.045862309634685516, "lowlevel.melbands_kurtosis.mean": 65.03343200683594, "lowlevel.melbands_kurtosis.stdev": 64.91154479980469, "lowlevel.melbands_skewness.mean": 6.107083797454834, "lowlevel.melbands_skewness.stdev": 3.1129298210144043, "lowlevel.melbands_spread.mean": 7.510027885437012, "lowlevel.melbands_spread.stdev": 6.7075982093811035, "lowlevel.pitch_salience.mean": 0.29807448387145996, "lowlevel.pitch_salience.stdev": 0.11717691272497177, "lowlevel.silence_rate_20dB.mean": 0.9994029998779297, "lowlevel.silence_rate_20dB.stdev": 0.024426603689789772, "lowlevel.silence_rate_30dB.mean": 0.70925372838974, "lowlevel.silence_rate_30dB.stdev": 0.45410746335983276, "lowlevel.silence_rate_60dB.mean": 0.0017910447204485536, "lowlevel.silence_rate_60dB.stdev": 0.04228295013308525, "lowlevel.spectral_centroid.mean": 985.0988159179688, "lowlevel.spectral_centroid.stdev": 560.8735961914062, "lowlevel.spectral_complexity.mean": 15.101492881774902, "lowlevel.spectral_complexity.stdev": 5.012149333953857, "lowlevel.spectral_decrease.mean": -2.5803247538647156e-08, "lowlevel.spectral_decrease.stdev": 1.1846740477494677e-08, "lowlevel.spectral_energy.mean": 0.09947368502616882, "lowlevel.spectral_energy.stdev": 0.045217256993055344, "lowlevel.spectral_energyband_high.mean": 0.0008529932820238173, "lowlevel.spectral_energyband_high.stdev": 0.001399983069859445, "lowlevel.spectral_energyband_low.mean": 0.08118903636932373, "lowlevel.spectral_energyband_low.stdev": 0.04247163608670235, "lowlevel.spectral_energyband_middle_high.mean": 0.005692357663065195, "lowlevel.spectral_energyband_middle_high.stdev": 0.0084073506295681, "lowlevel.spectral_energyband_middle_low.mean": 0.013284427113831043, "lowlevel.spectral_energyband_middle_low.stdev": 0.01823403686285019, "lowlevel.spectral_entropy.mean": 7.652705192565918, "lowlevel.spectral_entropy.stdev": 0.3910142183303833, "lowlevel.spectral_flux.mean": 0.10942565649747849, "lowlevel.spectral_flux.stdev": 0.08523377776145935, "lowlevel.spectral_kurtosis.mean": 3.6394152641296387, "lowlevel.spectral_kurtosis.stdev": 2.118678092956543, "lowlevel.spectral_rms.mean": 0.009633139707148075, "lowlevel.spectral_rms.stdev": 0.0020615828689187765, "lowlevel.spectral_rolloff.mean": 311.52874755859375, "lowlevel.spectral_rolloff.stdev": 541.7543334960938, "lowlevel.spectral_skewness.mean": 1.6325355768203735, "lowlevel.spectral_skewness.stdev": 0.4624495804309845, "lowlevel.spectral_spread.mean": 6147233.0, "lowlevel.spectral_spread.stdev": 2119251.25, "lowlevel.spectral_strongpeak.mean": 0.6344333291053772, "lowlevel.spectral_strongpeak.stdev": 0.5225332379341125, "lowlevel.zerocrossingrate.mean": 0.024225454777479172, "lowlevel.zerocrossingrate.stdev": 0.014897065237164497, "metadata.audio_properties.analysis.equal_loudness": 0.0, "metadata.audio_properties.analysis.length": 38.84798049926758, "metadata.audio_properties.analysis.sample_rate": 44100.0, "metadata.audio_properties.analysis.start_time": 0.0, "metadata.audio_properties.bit_rate": 118672.0, "metadata.audio_properties.length": 38.847999572753906, "metadata.audio_properties.lossless": 0.0, "metadata.audio_properties.number_channels": 1.0, "metadata.audio_properties.replay_gain": -7.506418228149414, "metadata.audio_properties.sample_rate": 48000.0, "rhythm.beats_count": 80.0, "rhythm.beats_loudness.mean": 0.11910762637853622, "rhythm.beats_loudness.stdev": 0.056473325937986374, "rhythm.bpm": 120.38446044921875, "rhythm.bpm_histogram_first_peak_bpm": 120.0, "rhythm.bpm_histogram_first_peak_weight": 0.3749999403953552, "rhythm.bpm_histogram_second_peak_bpm": 148.0, "rhythm.bpm_histogram_second_peak_spread": 0.5454545021057129, "rhythm.bpm_histogram_second_peak_weight": 0.06329113990068436, "rhythm.danceability": 1.4688968658447266, "rhythm.onset_rate": 4.527889728546143, "tonal.chords_changes_rate": 0.07875894755125046, "tonal.chords_number_rate": 0.00954653974622488, "tonal.chords_strength.mean": 0.516385018825531, "tonal.chords_strength.stdev": 0.09394668787717819, "tonal.hpcp_crest.mean": 14.575993537902832, "tonal.hpcp_crest.stdev": 5.615825176239014, "tonal.hpcp_entropy.mean": 1.7875902652740479, "tonal.hpcp_entropy.stdev": 0.5966367721557617, "tonal.key_edma.strength": 0.7054538726806641, "tonal.key_krumhansl.strength": 0.7077445387840271, "tonal.key_temperley.strength": 0.6874109506607056, "tonal.tuning_diatonic_strength": 0.6094893217086792, "tonal.tuning_equal_tempered_deviation": 0.27089229226112366, "tonal.tuning_frequency": 434.193115234375, "tonal.tuning_nontempered_energy_ratio": 0.979043185710907, "lowlevel.barkbands.mean": [0.004995304625481367, 0.06915896385908127, 0.005785421468317509, 0.0026186378672719, 0.0063513293862342834, 0.001035364461131394, 0.0007990032318048179, 0.0009741191170178354, 0.0010048969415947795, 0.0009696549968793988, 0.0017211863305419683, 0.001079706591553986, 0.0008133543888106942, 0.00044976689969189465, 0.0003038825234398246, 0.00019370284280739725, 0.00012842906289733946, 7.464223745046183e-05, 0.00010337997082388029, 0.00012961051834281534, 0.00010202981502516195, 0.00010536362242419273, 0.0001694762468105182, 0.00016240909462794662, 0.00017860565276350826, 5.9258622059132904e-05, 6.221898729563691e-06], "lowlevel.barkbands.stdev": [0.004036444704979658, 0.037306565791368484, 0.01845313422381878, 0.011556227691471577, 0.008566667325794697, 0.0017803466180339456, 0.0019302954897284508, 0.002606681315228343, 0.002503091236576438, 0.0028169716242700815, 0.004635150078684092, 0.0031053482089191675, 0.001397275715135038, 0.0009661113726906478, 0.0008316650637425482, 0.0004374106356408447, 0.00027815456269308925, 0.00017402079538442194, 0.0001956542837433517, 0.00018325704149901867, 0.00016981048975139856, 0.0003404907474759966, 0.00043653821921907365, 0.0003698689106386155, 0.0004894379526376724, 0.00010287151962984353, 1.326214896835154e-05], "lowlevel.erbbands.mean": [3.0570626258850098, 11.126930236816406, 8.808774948120117, 7.764906883239746, 12.1343355178833, 28.112770080566406, 13.752498626708984, 8.648591041564941, 7.766689777374268, 20.984376907348633, 17.91904067993164, 23.506908416748047, 34.650367736816406, 40.04264831542969, 67.9967269897461, 40.60460662841797, 36.8964729309082, 28.122629165649414, 19.25542640686035, 11.981822967529297, 10.442400932312012, 7.231901168823242, 4.330225944519043, 5.201807975769043, 4.951169013977051, 6.07399320602417, 5.133508205413818, 3.4038617610931396, 3.7196719646453857, 4.572521209716797, 4.617751121520996, 3.4716415405273438, 2.8198001384735107, 2.438354969024658, 0.9800440669059753, 0.33506765961647034, 0.09341184794902802, 0.01782895252108574, 0.000657423515804112, 0.00012604045332409441], "lowlevel.erbbands.stdev": [1.539503574371338, 8.76030158996582, 20.12296485900879, 28.181222915649414, 33.53862762451172, 39.62446594238281, 18.381032943725586, 14.836458206176758, 12.912154197692871, 46.68245315551758, 50.28022003173828, 57.67045593261719, 94.13695526123047, 102.33165740966797, 207.14700317382812, 100.66960144042969, 55.980796813964844, 54.34749221801758, 43.09992218017578, 26.40009117126465, 24.077468872070312, 14.818822860717773, 10.66191577911377, 11.11130142211914, 7.304257392883301, 8.803827285766602, 7.055564880371094, 6.608364105224609, 12.948297500610352, 12.798710823059082, 11.981834411621094, 8.317327499389648, 6.712624549865723, 7.312490940093994, 2.3854081630706787, 0.6561325192451477, 0.15541252493858337, 0.029092099517583847, 0.00119076541159302, 5.395389598561451e-05], "lowlevel.gfcc.mean": [30.048404693603516, 87.91349792480469, -75.13892364501953, 32.99631881713867, -39.444732666015625, 43.90480041503906, -23.66521453857422, 13.906745910644531, -22.854883193969727, 13.467575073242188, -5.4187116622924805, 9.078551292419434, -3.780414342880249], "lowlevel.melbands.mean": [0.022547591477632523, 0.0074880607426166534, 0.0014388477429747581, 0.0014637154527008533, 0.0006674056057818234, 0.000185976576176472, 0.00013282641884870827, 0.00023574654187541455, 0.00014335772721096873, 0.0001531146845081821, 0.00016943221271503717, 0.00014682294568046927, 0.00021980634483043104, 0.00014764981460757554, 7.384550553979352e-05, 9.021488949656487e-05, 4.745824116980657e-05, 3.170853597112e-05, 2.2722762878402136e-05, 1.414187136106193e-05, 1.1167714546900243e-05, 8.184196303773206e-06, 4.39937775809085e-06, 3.2783093502075644e-06, 4.3756999730248936e-06, 3.6663464015873615e-06, 3.806517725024605e-06, 4.056234047311591e-06, 3.4389609027130064e-06, 2.530920028220862e-06, 1.8024688870355021e-06, 2.0270988443371607e-06, 2.1225462205620715e-06, 2.840099114109762e-06, 2.680758825590601e-06, 2.4489613679179456e-06, 2.0527868400677107e-06, 2.0470672552619362e-06, 1.9460417206573766e-06, 2.0769439288415015e-06], "lowlevel.melbands.stdev": [0.011230929754674435, 0.009259513579308987, 0.0048087527975440025, 0.0022305443417280912, 0.0007822628249414265, 0.0003156963502988219, 0.0002656960568856448, 0.0005378625937737525, 0.0004431647539604455, 0.0003832617949228734, 0.00048319101915694773, 0.00039266294334083796, 0.0006117297452874482, 0.0004365001805126667, 0.00016834051348268986, 0.0001645171141717583, 0.00010298146662535146, 6.901793676661327e-05, 6.2934348534327e-05, 2.9932190955150872e-05, 2.783988202281762e-05, 1.8119942978955805e-05, 8.86167345015565e-06, 8.592030098952819e-06, 1.0276997272740118e-05, 6.930879408173496e-06, 5.99093482378521e-06, 5.866793344466714e-06, 4.603867637342773e-06, 4.857833118876442e-06, 3.753714963750099e-06, 6.97825089446269e-06, 7.279953933903016e-06, 7.924504643597174e-06, 7.04437525200774e-06, 6.8899908001185395e-06, 4.9136147026729304e-06, 4.986382464267081e-06, 5.884131496713962e-06, 6.321816726995166e-06], "lowlevel.melbands128.mean": [0.004855230916291475, 0.027599478140473366, 0.02933458983898163, 0.014678736217319965, 0.005496669560670853, 0.002477246569469571, 0.0015195740852504969, 0.0012629956472665071, 0.001033890526741743, 0.0015561504987999797, 0.001858096569776535, 0.000919530401006341, 0.00039307723636738956, 0.00024723116075620055, 0.0002287509705638513, 0.00011911359615623951, 9.089447848964483e-05, 0.00010522652883082628, 0.0002357200428377837, 0.0002358325436944142, 0.00028241562540642917, 0.00011556219396879897, 0.0001502799423178658, 0.0001279429707210511, 0.0001199883918161504, 0.00020600204879883677, 0.00012383513967506588, 0.00023455389600712806, 0.00013206261792220175, 5.725985101889819e-05, 0.00020284357015043497, 0.00022462116612587124, 0.00015256073675118387, 0.00032682239543646574, 0.00015870766947045922, 0.00010079711501020938, 0.00010196329094469547, 7.628854655195028e-05, 5.06992255395744e-05, 7.939826173242182e-05, 0.00013473117724061012, 4.1810202674241737e-05, 3.796725286520086e-05, 6.151755223982036e-05, 3.5705768823390827e-05, 2.3124561266740784e-05, 2.936991222668439e-05, 3.0241626518545672e-05, 1.6394140402553603e-05, 7.78414869273547e-06, 1.6165358829312027e-05, 1.871306994871702e-05, 1.0588211807771586e-05, 8.592284757469315e-06, 1.0041445420938544e-05, 8.725720363145228e-06, 6.655870038230205e-06, 3.70034399566066e-06, 4.180268206255278e-06, 4.3402574192441534e-06, 2.696674755497952e-06, 2.6569430247036507e-06, 4.7097760216274764e-06, 4.827457360079279e-06, 4.097369128430728e-06, 3.7630275073752273e-06, 3.3430912935727974e-06, 3.0165253974701045e-06, 3.944875516026514e-06, 5.038824383518659e-06, 3.609923851399799e-06, 3.904484401573427e-06, 4.1322050492453855e-06, 3.282577154095634e-06, 2.7156027044838993e-06, 3.098574325122172e-06, 2.1108473902131664e-06, 1.559533416184422e-06, 1.8992521972904797e-06, 1.8859576584873139e-06, 1.8606817775435047e-06, 2.2198382794158533e-06, 2.1723810732510174e-06, 2.0813388346141437e-06, 2.0584486719599226e-06, 2.451538421155419e-06, 3.340406010465813e-06, 3.187750053257332e-06, 2.3837212665966945e-06, 2.514660764063592e-06, 2.862925612134859e-06, 2.388104576311889e-06, 1.8617641899254522e-06, 1.7764801896191784e-06, 2.4924402168835513e-06, 2.234839485026896e-06, 1.991739054574282e-06, 1.647009526095644e-06, 1.679237811913481e-06, 2.198457195845549e-06, 2.6000293473771308e-06, 1.8979837932420196e-06, 1.7678216863714624e-06, 1.428010932613688e-06, 1.0349583590141265e-06, 7.708747489232337e-07, 6.954396667424589e-07, 7.194737463578349e-07, 5.746284728047613e-07, 4.3870386434718966e-07, 4.064889651544945e-07, 3.2555556117586093e-07, 3.039114346847782e-07, 2.1836920893747447e-07, 1.6532257518520055e-07, 1.3686826605407987e-07, 1.7089938353365142e-07, 1.0047413212532774e-07, 1.1760400653315628e-08, 1.421122247657891e-11, 1.2015267253362438e-11, 1.1779717826176928e-11, 1.1473736891143282e-11, 1.1268429765676213e-11, 1.1024139066895255e-11, 1.0727571608803999e-11, 1.0553111336186749e-11, 1.0482881923623566e-11], "lowlevel.melbands128.stdev": [0.003892766311764717, 0.015038770623505116, 0.01882682368159294, 0.014968521893024445, 0.011916529387235641, 0.008478382602334023, 0.0062458710744977, 0.005633451510220766, 0.003480929182842374, 0.0025374104734510183, 0.002895183628425002, 0.001406772993505001, 0.0007434115977957845, 0.0005409253644756973, 0.0004553823091555387, 0.00034866746864281595, 0.00018693975289352238, 0.00021958061552140862, 0.000742665899451822, 0.0006104368367232382, 0.0008961958228610456, 0.0004147229774389416, 0.0007100171060301363, 0.0005347635014913976, 0.00043164443923160434, 0.0006538963643833995, 0.0004109051078557968, 0.0008351631695404649, 0.0006032949895597994, 0.00019676350348163396, 0.000713206478394568, 0.0007786742062307894, 0.0006132120615802705, 0.0013737138360738754, 0.0007757774437777698, 0.00042834767373278737, 0.00039447590825147927, 0.00023482438700739294, 0.00015544902998954058, 0.0001514460745966062, 0.0002978202246595174, 0.00019697706738952547, 0.00011308826651657, 0.00017503314302302897, 9.132759441854432e-05, 7.970959995873272e-05, 0.0001404530048603192, 9.279697405872867e-05, 7.685754826525226e-05, 1.7022193787852302e-05, 4.468869519769214e-05, 5.157831765245646e-05, 5.035357753513381e-05, 2.1351221221266314e-05, 3.5441742511466146e-05, 2.4665552700753324e-05, 1.939361754921265e-05, 1.0404039130662568e-05, 7.6089004323876e-06, 2.0796109311049804e-05, 9.23174502531765e-06, 5.21684796694899e-06, 1.5393256035167724e-05, 1.6681811757734977e-05, 1.3056156603852287e-05, 8.585597242927179e-06, 5.739831976825371e-06, 4.657119006878929e-06, 7.228063168440713e-06, 1.07821297206101e-05, 6.2256563069240656e-06, 5.856106781720882e-06, 7.157882009778405e-06, 4.853953214478679e-06, 4.679971425503027e-06, 6.660206054220907e-06, 4.603112301992951e-06, 3.3405806334485533e-06, 4.24370045948308e-06, 4.816608907276532e-06, 5.096748736832524e-06, 1.0842453775694594e-05, 9.872405826172326e-06, 7.5067055149702355e-06, 7.368184014922008e-06, 7.3409091783105396e-06, 1.021928710542852e-05, 9.931788554240484e-06, 5.632818101730663e-06, 7.43186774343485e-06, 9.682911695563234e-06, 7.154744253057288e-06, 4.793936113856034e-06, 4.229137175570941e-06, 7.068172635626979e-06, 5.638707989419345e-06, 5.374162356019951e-06, 4.2931465031870175e-06, 5.733804300689371e-06, 7.269929028552724e-06, 9.354449503007345e-06, 5.604803845926654e-06, 5.634481112792855e-06, 4.174455170868896e-06, 2.430015229037963e-06, 1.920805971167283e-06, 1.6048700217652367e-06, 1.7057482182281092e-06, 1.2245202469785e-06, 7.849963594708242e-07, 8.145793799485546e-07, 5.975565500193625e-07, 6.019796501277597e-07, 4.247805804880045e-07, 3.0064379075156467e-07, 2.8400421570040635e-07, 3.1611659778718604e-07, 2.858119785287272e-07, 4.83837077069893e-08, 2.445573778209198e-11, 1.6766116273103648e-11, 1.6372996708424736e-11, 1.601752064317452e-11, 1.5731905361748844e-11, 1.5492643626324742e-11, 1.5302628955660147e-11, 1.5165174671594173e-11, 1.5080835885639132e-11], "lowlevel.mfcc.mean": [-627.7005004882812, 124.73373413085938, 29.88435173034668, 13.654136657714844, 18.427488327026367, 27.387903213500977, 21.73188591003418, 10.265289306640625, 3.5437870025634766, 7.3840250968933105, 1.8751558065414429, 7.008446216583252, 6.63157844543457], "lowlevel.spectral_contrast_coeffs.mean": [-0.719039261341095, -0.7610195875167847, -0.7617708444595337, -0.7899723052978516, -0.8228437900543213, -0.7964093089103699], "lowlevel.spectral_contrast_coeffs.stdev": [0.07071106135845184, 0.07057837396860123, 0.0725339949131012, 0.04782053828239441, 0.03085968643426895, 0.02947922982275486], "lowlevel.spectral_contrast_valleys.mean": [-6.045220851898193, -6.913824558258057, -7.108618259429932, -7.520763874053955, -7.661858081817627, -9.705775260925293], "lowlevel.spectral_contrast_valleys.stdev": [0.5316771864891052, 0.5727765560150146, 0.54190993309021, 0.4723188579082489, 0.5154200792312622, 0.5658677220344543], "rhythm.beats_loudness_band_ratio.mean": [0.8303030729293823, 0.0687180906534195, 0.034496042877435684, 0.059347569942474365, 0.011787082999944687, 0.010258544236421585], "rhythm.beats_loudness_band_ratio.stdev": [0.11087916046380997, 0.07271058112382889, 0.04584980756044388, 0.08067934960126877, 0.014293636195361614, 0.012026673182845116], "tonal.hpcp.mean": [0.028697514906525612, 0.02588614821434021, 0.035592176020145416, 0.061718251556158066, 0.06813769787549973, 0.04619378224015236, 0.034241754561662674, 0.03314400464296341, 0.041523221880197525, 0.1372780054807663, 0.15389569103717804, 0.05240095779299736, 0.016636349260807037, 0.010674343444406986, 0.012833958491683006, 0.015689142048358917, 0.014980426989495754, 0.01751192845404148, 0.020215725526213646, 0.01979023776948452, 0.01626657322049141, 0.010064753703773022, 0.010861103422939777, 0.0356154702603817, 0.22617146372795105, 0.24338144063949585, 0.05461004003882408, 0.01554457750171423, 0.01230656635016203, 0.022538883611559868, 0.12276524305343628, 0.20293311774730682, 0.11853227019309998, 0.12462512403726578, 0.2517275810241699, 0.1650049388408661], "tonal.hpcp.stdev": [0.1393173187971115, 0.1328989714384079, 0.14390745759010315, 0.16270454227924347, 0.1470509022474289, 0.1377374678850174, 0.1489218771457672, 0.14157895743846893, 0.1617419719696045, 0.2890026569366455, 0.3236795961856842, 0.13443896174430847, 0.086612269282341, 0.0731663852930069, 0.0785396471619606, 0.09558414667844772, 0.07495126128196716, 0.09389282763004303, 0.09201411157846451, 0.08431866019964218, 0.09908057004213333, 0.06936240196228027, 0.07939279824495316, 0.11790559440851212, 0.37565213441848755, 0.3918640911579132, 0.13777141273021698, 0.09134634584188461, 0.074881911277771, 0.10916297882795334, 0.2548326253890991, 0.3809230327606201, 0.24222691357135773, 0.22597844898700714, 0.42036008834838867, 0.28961366415023804], "rhythm.beats_position": [0.4643990993499756, 0.952018141746521, 1.4396371841430664, 1.938866138458252, 2.4380950927734375, 2.937324285507202, 3.4365532398223877, 3.9357821941375732, 4.435011386871338, 4.934240341186523, 5.433469295501709, 5.921088218688965, 6.42031717300415, 6.919546127319336, 7.430385589599609, 7.929614543914795, 8.42884349822998, 8.928071975708008, 9.427301406860352, 9.903310775756836, 10.390929222106934, 10.80888843536377, 11.215237617492676, 11.621586799621582, 12.027935981750488, 12.422675132751465, 12.805805206298828, 13.188934326171875, 13.583673477172852, 13.990022659301758, 14.396371841430664, 14.779500961303711, 15.174240112304688, 15.568979263305664, 15.96371841430664, 16.451337814331055, 16.93895721435547, 17.43818473815918, 17.925804138183594, 18.425033569335938, 18.93587303161621, 19.435102462768555, 19.934329986572266, 20.43355941772461, 20.932788848876953, 21.432018280029297, 21.91963768005371, 22.418865203857422, 22.918094635009766, 23.42893409729004, 23.916553497314453, 24.427391052246094, 24.926620483398438, 25.42584991455078, 25.925079345703125, 26.42430877685547, 26.92353630065918, 27.422765731811523, 27.921995162963867, 28.42122459411621, 28.93206214904785, 29.442901611328125, 29.93052101135254, 30.418140411376953, 30.917369842529297, 31.428207397460938, 31.92743682861328, 32.426666259765625, 32.92589569091797, 33.43673324584961, 33.924354553222656, 34.41197204589844, 34.92280960083008, 35.433650970458984, 35.93288040161133, 36.43210983276367, 36.93133544921875, 37.430564880371094, 37.91818618774414, 38.417415618896484], "rhythm.bpm_histogram": [0.0, 0.0, 0.0, 0.0, 0.0, 0.0, 0.0, 0.0, 0.0, 0.0, 0.0, 0.0, 0.0, 0.0, 0.0, 0.0, 0.0, 0.0, 0.0, 0.0, 0.0, 0.0, 0.0, 0.0, 0.0, 0.0, 0.0, 0.0, 0.0, 0.0, 0.0, 0.0, 0.0, 0.0, 0.0, 0.0, 0.0, 0.0, 0.0, 0.0, 0.0, 0.0, 0.0, 0.0, 0.0, 0.0, 0.0, 0.0, 0.0, 0.0, 0.0, 0.0, 0.0, 0.0, 0.0, 0.0, 0.0, 0.0, 0.0, 0.0, 0.0, 0.0, 0.0, 0.0, 0.0, 0.0, 0.0, 0.0, 0.0, 0.0, 0.0, 0.0, 0.0, 0.0, 0.0, 0.0, 0.0, 0.0, 0.0, 0.0, 0.0, 0.0, 0.0, 0.0, 0.0, 0.0, 0.0, 0.0, 0.0, 0.0, 0.0, 0.0, 0.0, 0.0, 0.0, 0.0, 0.0, 0.0, 0.0, 0.0, 0.0, 0.0, 0.0, 0.0, 0.0, 0.0, 0.0, 0.0, 0.0, 0.0, 0.0, 0.0, 0.0, 0.0, 0.0, 0.0, 0.0, 0.1265822798013687, 0.0, 0.0, 0.5063291192054749, 0.0, 0.0, 0.17721518874168396, 0.0, 0.0, 0.012658228166401386, 0.0, 0.0, 0.0, 0.0, 0.0, 0.0, 0.0, 0.0, 0.0, 0.0, 0.0, 0.0, 0.0, 0.0, 0.0, 0.0, 0.0, 0.012658228166401386, 0.0, 0.0, 0.0, 0.06329113990068436, 0.0, 0.0, 0.0, 0.06329113990068436, 0.0, 0.0, 0.0, 0.0, 0.037974681705236435, 0.0, 0.0, 0.0, 0.0, 0.0, 0.0, 0.0, 0.0, 0.0, 0.0, 0.0, 0.0, 0.0, 0.0, 0.0, 0.0, 0.0, 0.0, 0.0, 0.0, 0.0, 0.0, 0.0, 0.0, 0.0, 0.0, 0.0, 0.0, 0.0, 0.0, 0.0, 0.0, 0.0, 0.0, 0.0, 0.0, 0.0, 0.0, 0.0, 0.0, 0.0, 0.0, 0.0, 0.0, 0.0, 0.0, 0.0, 0.0, 0.0, 0.0, 0.0, 0.0, 0.0, 0.0, 0.0, 0.0, 0.0, 0.0, 0.0, 0.0, 0.0, 0.0, 0.0, 0.0, 0.0, 0.0, 0.0, 0.0, 0.0, 0.0, 0.0, 0.0, 0.0, 0.0, 0.0, 0.0, 0.0, 0.0, 0.0, 0.0, 0.0, 0.0, 0.0, 0.0, 0.0, 0.0, 0.0, 0.0, 0.0, 0.0, 0.0, 0.0], "tonal.chords_histogram": [46.65871047973633, 10.262529373168945, 7.279236316680908, 1.0739856958389282, 2.028639554977417, 13.365155220031738, 0.0, 13.365155220031738, 0.0, 0.4773269593715668, 0.9546539187431335, 0.0, 0.0, 0.0, 0.0, 0.0, 0.0, 0.0, 0.0, 0.0, 0.0, 0.0, 4.534605979919434, 0.0], "tonal.thpcp": [1.0, 0.6554901003837585, 0.11400226503610611, 0.10283397883176804, 0.14139163494110107, 0.24517874419689178, 0.27068030834198, 0.183507040143013, 0.1360270231962204, 0.1316661685705185, 0.16495300829410553, 0.5453435182571411, 0.611358106136322, 0.20816534757614136, 0.0660887062549591, 0.04240434616804123, 0.05098352208733559, 0.06232587620615959, 0.059510473161935806, 0.06956698000431061, 0.08030794560909271, 0.07861767709255219, 0.0646197497844696, 0.03998272120952606, 0.04314626008272171, 0.14148418605327606, 0.8984770774841309, 0.9668445587158203, 0.21694102883338928, 0.0617515854537487, 0.0488884299993515, 0.08953680843114853, 0.48769086599349976, 0.806161642074585, 0.47087517380714417, 0.4950793385505676], "lowlevel.gfcc.cov": [[1768.7535400390625, 94.80218505859375, -174.51585388183594, -47.88444137573242, -142.98861694335938, -25.375795364379883, -23.508264541625977, 54.24672317504883, -59.962867736816406, -3.4018807411193848, -68.55414581298828, -42.42336654663086, -4.226909160614014], [94.80218505859375, 582.1738891601562, -157.05796813964844, -196.13674926757812, 39.72382354736328, -135.0723419189453, 73.5656967163086, -44.05598449707031, -26.457988739013672, -56.986595153808594, -13.897381782531738, -80.31704711914062, 48.325843811035156], [-174.51585388183594, -157.05796813964844, 385.1852722167969, 64.79193878173828, -31.658018112182617, 49.58246612548828, -103.76721954345703, -39.04419708251953, 5.504791736602783, -13.204752922058105, 21.277524948120117, 34.031925201416016, -73.34375], [-47.88444137573242, -196.13674926757812, 64.79193878173828, 307.4710388183594, 11.898530960083008, -17.505475997924805, -59.748069763183594, -13.235695838928223, -9.016063690185547, -2.7014472484588623, 4.847522258758545, 10.228275299072266, -28.86314582824707], [-142.98861694335938, 39.72382354736328, -31.658018112182617, 11.898530960083008, 160.5692901611328, 20.095088958740234, 24.749752044677734, -21.58566665649414, -13.178512573242188, -10.684414863586426, -4.921047687530518, -6.333095550537109, 11.276305198669434], [-25.375795364379883, -135.0723419189453, 49.58246612548828, -17.505475997924805, 20.095088958740234, 224.2376251220703, 42.70249938964844, -16.099565505981445, -5.525302410125732, 6.23515510559082, 14.83265209197998, 2.1921541690826416, -4.87124490737915], [-23.508264541625977, 73.5656967163086, -103.76721954345703, -59.748069763183594, 24.749752044677734, 42.70249938964844, 150.3253173828125, 10.465935707092285, -3.360964298248291, -2.2270700931549072, 12.26222038269043, -11.698783874511719, 13.416748046875], [54.24672317504883, -44.05598449707031, -39.04419708251953, -13.235695838928223, -21.58566665649414, -16.099565505981445, 10.465935707092285, 122.06090545654297, 50.30681228637695, 10.590970993041992, -4.6397929191589355, 1.1345115900039673, 7.315854549407959], [-59.962867736816406, -26.457988739013672, 5.504791736602783, -9.016063690185547, -13.178512573242188, -5.525302410125732, -3.360964298248291, 50.30681228637695, 116.40826416015625, 32.527076721191406, 7.1733832359313965, 9.153904914855957, -3.1967151165008545], [-3.4018807411193848, -56.986595153808594, -13.204752922058105, -2.7014472484588623, -10.684414863586426, 6.23515510559082, -2.2270700931549072, 10.590970993041992, 32.527076721191406, 71.01375579833984, 32.036956787109375, 12.294534683227539, 2.9113047122955322], [-68.55414581298828, -13.897381782531738, 21.277524948120117, 4.847522258758545, -4.921047687530518, 14.83265209197998, 12.26222038269043, -4.6397929191589355, 7.1733832359313965, 32.036956787109375, 75.56439208984375, 29.812376022338867, 0.0380520299077034], [-42.42336654663086, -80.31704711914062, 34.031925201416016, 10.228275299072266, -6.333095550537109, 2.1921541690826416, -11.698783874511719, 1.1345115900039673, 9.153904914855957, 12.294534683227539, 29.812376022338867, 74.74846649169922, 15.64462661743164], [-4.226909160614014, 48.325843811035156, -73.34375, -28.86314582824707, 11.276305198669434, -4.87124490737915, 13.416748046875, 7.315854549407959, -3.1967151165008545, 2.9113047122955322, 0.0380520299077034, 15.64462661743164, 81.38673400878906]], "lowlevel.gfcc.icov": [[0.0007755759870633483, -0.0005773486918769777, 0.00048536338726989925, -0.00024789271992631257, 0.0008172027301043272, -0.000611517287325114, 0.0005172762321308255, -0.0006775874644517899, 0.0008425173000432551, -0.0008317287429235876, 0.0010930520948022604, -0.000751292915083468, 0.0007651426130905747], [-0.0005773486918769777, 0.0069161346182227135, 0.00015949686348903924, 0.0039041589479893446, -0.0016136703779920936, 0.005118450615555048, -0.0017253040568903089, 0.0041488101705908775, -0.0025609552394598722, 0.007001715246587992, -0.006139981560409069, 0.008350213058292866, -0.004120226483792067], [0.00048536338726989925, 0.00015949686348903924, 0.005337547045201063, 0.00014935592480469495, 0.0009104963974095881, -0.001595035195350647, 0.003592323511838913, 0.0009409352205693722, -0.000561582506634295, 0.0024630059488117695, -0.0014080998953431845, -0.0019784916657954454, 0.0041659497655928135], [-0.00024789271992631257, 0.0039041589479893446, 0.00014935592480469495, 0.005927777383476496, -0.0014416981721296906, 0.003000636352226138, 0.0005064833094365895, 0.0022515184246003628, -0.0010335147380828857, 0.0040991175919771194, -0.003855714574456215, 0.004208574537187815, -0.0009952080436050892], [0.0008172027301043272, -0.0016136703779920936, 0.0009104963974095881, -0.0014416981721296906, 0.007895911112427711, -0.0019350459333509207, -0.00013765420590061694, 0.00011037103104172274, 0.0009276298223994672, -0.0009420063579455018, 0.002196295652538538, -0.0017270030220970511, 0.0005138762062415481], [-0.000611517287325114, 0.005118450615555048, -0.001595035195350647, 0.003000636352226138, -0.0019350459333509207, 0.009211745113134384, -0.0038058259524405003, 0.003475347999483347, -0.001698905136436224, 0.0040271165780723095, -0.004589410498738289, 0.006552633363753557, -0.003778020851314068], [0.0005172762321308255, -0.0017253040568903089, 0.003592323511838913, 0.0005064833094365895, -0.00013765420590061694, -0.0038058259524405003, 0.011320347897708416, -0.0017358452314510942, 0.0006572668789885938, 0.0009979468304663897, -0.0020374017767608166, -0.0013866049703210592, 0.002807001583278179], [-0.0006775874644517899, 0.0041488101705908775, 0.0009409352205693722, 0.0022515184246003628, 0.00011037103104172274, 0.003475347999483347, -0.0017358452314510942, 0.01346764899790287, -0.006605330388993025, 0.0049603781662881374, -0.0031227474100887775, 0.004615006502717733, -0.0029065210837870836], [0.0008425173000432551, -0.0025609552394598722, -0.000561582506634295, -0.0010335147380828857, 0.0009276298223994672, -0.001698905136436224, 0.0006572668789885938, -0.006605330388993025, 0.01379659678786993, -0.0085291163995862, 0.004319836385548115, -0.004094322212040424, 0.002578997053205967], [-0.0008317287429235876, 0.007001715246587992, 0.0024630059488117695, 0.0040991175919771194, -0.0009420063579455018, 0.0040271165780723095, 0.0009979468304663897, 0.0049603781662881374, -0.0085291163995862, 0.028835875913500786, -0.01598939299583435, 0.008726638741791248, -0.0038027185946702957], [0.0010930520948022604, -0.006139981560409069, -0.0014080998953431845, -0.003855714574456215, 0.002196295652538538, -0.004589410498738289, -0.0020374017767608166, -0.0031227474100887775, 0.004319836385548115, -0.01598939299583435, 0.026959814131259918, -0.014372644014656544, 0.004595630336552858], [-0.000751292915083468, 0.008350213058292866, -0.0019784916657954454, 0.004208574537187815, -0.0017270030220970511, 0.006552633363753557, -0.0013866049703210592, 0.004615006502717733, -0.004094322212040424, 0.008726638741791248, -0.014372644014656544, 0.02868705242872238, -0.010823077522218227], [0.0007651426130905747, -0.004120226483792067, 0.0041659497655928135, -0.0009952080436050892, 0.0005138762062415481, -0.003778020851314068, 0.002807001583278179, -0.0029065210837870836, 0.002578997053205967, -0.0038027185946702957, 0.004595630336552858, -0.010823077522218227, 0.019991427659988403]], "lowlevel.mfcc.cov": [[1259.3575439453125, -7.061295986175537, -137.46266174316406, 1.938461422920227, -120.59561920166016, -83.03038024902344, -16.24250602722168, -35.68655014038086, 50.55675506591797, 46.23102951049805, -51.86537551879883, -63.66065216064453, -12.39574146270752], [-7.061295986175537, 678.8873901367188, -199.0438690185547, -95.09419250488281, -91.348876953125, -67.78033447265625, 33.531402587890625, -42.08243179321289, 8.489927291870117, 25.510263442993164, -66.12110900878906, -53.106407165527344, -40.37466812133789], [-137.46266174316406, -199.0438690185547, 394.36761474609375, -19.042831420898438, 70.23486328125, 26.399749755859375, -55.73711395263672, 11.23827075958252, -66.17654418945312, -51.795772552490234, 51.80038833618164, 40.234222412109375, -8.251555442810059], [1.938461422920227, -95.09419250488281, -19.042831420898438, 274.5113830566406, 35.55308532714844, -41.413482666015625, -37.94834518432617, -19.933446884155273, -20.28675079345703, -44.71806335449219, 4.60432767868042, 9.113380432128906, -5.013308525085449], [-120.59561920166016, -91.348876953125, 70.23486328125, 35.55308532714844, 163.9625701904297, 28.11174774169922, -27.221111297607422, -0.7440376877784729, -3.8038084506988525, -18.382020950317383, 6.388828754425049, 8.400469779968262, -0.026089996099472046], [-83.03038024902344, -67.78033447265625, 26.399749755859375, -41.413482666015625, 28.11174774169922, 174.7306365966797, 60.20860290527344, 7.464413166046143, -21.13306427001953, -2.641470193862915, -0.00738153699785471, -7.960840225219727, -3.492363929748535], [-16.24250602722168, 33.531402587890625, -55.73711395263672, -37.94834518432617, -27.221111297607422, 60.20860290527344, 141.42547607421875, 20.040271759033203, -14.196470260620117, 8.198343276977539, -15.005926132202148, -18.443368911743164, -2.3766539096832275], [-35.68655014038086, -42.08243179321289, 11.23827075958252, -19.933446884155273, -0.7440376877784729, 7.464413166046143, 20.040271759033203, 86.07696533203125, 23.568899154663086, -0.7681692838668823, 6.988974094390869, 14.670287132263184, 5.112321376800537], [50.55675506591797, 8.489927291870117, -66.17654418945312, -20.28675079345703, -3.8038084506988525, -21.13306427001953, -14.196470260620117, 23.568899154663086, 90.66018676757812, 41.1842155456543, -11.575858116149902, -3.567636251449585, 15.427666664123535], [46.23102951049805, 25.510263442993164, -51.795772552490234, -44.71806335449219, -18.382020950317383, -2.641470193862915, 8.198343276977539, -0.7681692838668823, 41.1842155456543, 79.81261444091797, 9.431222915649414, -2.893054962158203, 13.661378860473633], [-51.86537551879883, -66.12110900878906, 51.80038833618164, 4.60432767868042, 6.388828754425049, -0.00738153699785471, -15.005926132202148, 6.988974094390869, -11.575858116149902, 9.431222915649414, 77.25089263916016, 41.23524475097656, 5.2683515548706055], [-63.66065216064453, -53.106407165527344, 40.234222412109375, 9.113380432128906, 8.400469779968262, -7.960840225219727, -18.443368911743164, 14.670287132263184, -3.567636251449585, -2.893054962158203, 41.23524475097656, 80.55783081054688, 24.576547622680664], [-12.39574146270752, -40.37466812133789, -8.251555442810059, -5.013308525085449, -0.026089996099472046, -3.492363929748535, -2.3766539096832275, 5.112321376800537, 15.427666664123535, 13.661378860473633, 5.2683515548706055, 24.576547622680664, 62.05631637573242]], "lowlevel.mfcc.icov": [[0.0009940663585439324, 0.00035380249028094113, 0.00019567077106330544, 5.97543730691541e-05, 0.0006976649165153503, 0.0004118311044294387, 0.00014094282232690603, 0.0004258161934558302, -0.00020672967366408557, -0.00036719630588777363, 0.0005237241857685149, 0.00043388575431890786, 0.0003693212929647416], [0.00035380249028094113, 0.00247192638926208, 0.0011304669314995408, 0.0011141735594719648, 0.0006313074263744056, 0.0012120294850319624, -9.301873069489375e-05, 0.0010079102357849479, 0.000686410756316036, -0.00026994748623110354, 0.0014966237358748913, -0.00021050141367595643, 0.00174623541533947], [0.00019567077106330544, 0.0011304669314995408, 0.004605964291840792, 0.0015539871528744698, -0.000950851128436625, 0.000112982073915191, 0.0019497243920341134, -0.0008088941685855389, 0.0030877836979925632, 0.0013422576012089849, -0.0011095472145825624, -0.00037561592762358487, 0.0008396575576625764], [5.97543730691541e-05, 0.0011141735594719648, 0.0015539871528744698, 0.0051918779499828815, -0.0009057668503373861, 0.0014759113546460867, 0.0006421810248866677, 0.0011202896712347865, 0.0008231877000071108, 0.002800994785502553, -0.000374286639271304, -0.00028357614064589143, 0.0007006863015703857], [0.0006976649165153503, 0.0006313074263744056, -0.000950851128436625, -0.0009057668503373861, 0.008017754182219505, -0.0014207748463377357, 0.0012805062578991055, 0.0007223529391922057, -0.001551268040202558, 0.0005873847403563559, 0.0008107400499284267, 0.00014767382526770234, 0.0003924682969227433], [0.0004118311044294387, 0.0012120294850319624, 0.000112982073915191, 0.0014759113546460867, -0.0014207748463377357, 0.00829663872718811, -0.003412163583561778, 0.0006127688684500754, 0.0013152126921340823, -0.0002578505373094231, 0.0004167506704106927, 0.0005818870267830789, 0.0007542003877460957], [0.00014094282232690603, -9.301873069489375e-05, 0.0019497243920341134, 0.0006421810248866677, 0.0012805062578991055, -0.003412163583561778, 0.011230804957449436, -0.004043047782033682, 0.004747868049889803, -0.0018767589936032891, 0.0012839040718972683, 0.0015172648709267378, -0.0006266148993745446], [0.0004258161934558302, 0.0010079102357849479, -0.0008088941685855389, 0.0011202896712347865, 0.0007223529391922057, 0.0006127688684500754, -0.004043047782033682, 0.016123618930578232, -0.007605261169373989, 0.003974354360252619, -0.0009289745357818902, -0.0027638557367026806, 0.0014646591152995825], [-0.00020672967366408557, 0.000686410756316036, 0.0030877836979925632, 0.0008231877000071108, -0.001551268040202558, 0.0013152126921340823, 0.004747868049889803, -0.007605261169373989, 0.021973220631480217, -0.010033030062913895, 0.004557827487587929, 0.0003070154634770006, -0.0019984084647148848], [-0.00036719630588777363, -0.00026994748623110354, 0.0013422576012089849, 0.002800994785502553, 0.0005873847403563559, -0.0002578505373094231, -0.0018767589936032891, 0.003974354360252619, -0.010033030062913895, 0.022319873794913292, -0.007682557217776775, 0.002515877829864621, -0.003021250944584608], [0.0005237241857685149, 0.0014966237358748913, -0.0011095472145825624, -0.000374286639271304, 0.0008107400499284267, 0.0004167506704106927, 0.0012839040718972683, -0.0009289745357818902, 0.004557827487587929, -0.007682557217776775, 0.022481659427285194, -0.010320295579731464, 0.0037868276704102755], [0.00043388575431890786, -0.00021050141367595643, -0.00037561592762358487, -0.00028357614064589143, 0.00014767382526770234, 0.0005818870267830789, 0.0015172648709267378, -0.0027638557367026806, 0.0003070154634770006, 0.002515877829864621, -0.010320295579731464, 0.021590596064925194, -0.008109217509627342], [0.0003693212929647416, 0.00174623541533947, 0.0008396575576625764, 0.0007006863015703857, 0.0003924682969227433, 0.0007542003877460957, -0.0006266148993745446, 0.001464659