{"song_id": "1182274075905761330", "download": "https://cdn.discordapp.com/attachments/1135903449314238464/1182274075905761330/chirp.mp4?ex=65841989&amp", "lyrics": "\u0427\u0442\u043e \u0437\u0430 \u043f\u0440\u0435\u043a\u0440\u0430\u0441\u043d\u044b\u0439 \u0434\u0435\u043d\u044c!", "style": ["Soul"], "essentia_features": {"lowlevel.average_loudness": 0.9779422283172607, "lowlevel.barkbands_crest.mean": 12.247254371643066, "lowlevel.barkbands_crest.stdev": 4.2541422843933105, "lowlevel.barkbands_flatness_db.mean": 0.2244267612695694, "lowlevel.barkbands_flatness_db.stdev": 0.057218004018068314, "lowlevel.barkbands_kurtosis.mean": 1.8365707397460938, "lowlevel.barkbands_kurtosis.stdev": 2.3838703632354736, "lowlevel.barkbands_skewness.mean": 0.7263321280479431, "lowlevel.barkbands_skewness.stdev": 0.6852090358734131, "lowlevel.barkbands_spread.mean": 11.433910369873047, "lowlevel.barkbands_spread.stdev": 7.71351432800293, "lowlevel.dissonance.mean": 0.4408561885356903, "lowlevel.dissonance.stdev": 0.0385979488492012, "lowlevel.dynamic_complexity": 3.2087855339050293, "lowlevel.erbbands_crest.mean": 12.334811210632324, "lowlevel.erbbands_crest.stdev": 5.275523662567139, "lowlevel.erbbands_flatness_db.mean": 0.28343942761421204, "lowlevel.erbbands_flatness_db.stdev": 0.06233111396431923, "lowlevel.erbbands_kurtosis.mean": 1.6247018575668335, "lowlevel.erbbands_kurtosis.stdev": 2.8968613147735596, "lowlevel.erbbands_skewness.mean": 0.48213472962379456, "lowlevel.erbbands_skewness.stdev": 0.5387300848960876, "lowlevel.erbbands_spread.mean": 19.287017822265625, "lowlevel.erbbands_spread.stdev": 13.075617790222168, "lowlevel.hfc.mean": 16.3691349029541, "lowlevel.hfc.stdev": 13.632079124450684, "lowlevel.loudness_ebu128.integrated": -16.340280532836914, "lowlevel.loudness_ebu128.loudness_range": 1.0191736221313477, "lowlevel.loudness_ebu128.momentary.mean": -17.22486114501953, "lowlevel.loudness_ebu128.momentary.stdev": 3.086958169937134, "lowlevel.loudness_ebu128.short_term.mean": -16.15946388244629, "lowlevel.loudness_ebu128.short_term.stdev": 0.39067086577415466, "lowlevel.melbands_crest.mean": 14.798433303833008, "lowlevel.melbands_crest.stdev": 5.186649322509766, "lowlevel.melbands_flatness_db.mean": 0.22526979446411133, "lowlevel.melbands_flatness_db.stdev": 0.059333089739084244, "lowlevel.melbands_kurtosis.mean": 3.1829922199249268, "lowlevel.melbands_kurtosis.stdev": 3.062408208847046, "lowlevel.melbands_skewness.mean": 0.9729260206222534, "lowlevel.melbands_skewness.stdev": 1.0155811309814453, "lowlevel.melbands_spread.mean": 17.97549819946289, "lowlevel.melbands_spread.stdev": 13.615768432617188, "lowlevel.pitch_salience.mean": 0.507208526134491, "lowlevel.pitch_salience.stdev": 0.11095134168863297, "lowlevel.silence_rate_20dB.mean": 1.0, "lowlevel.silence_rate_20dB.stdev": 0.0, "lowlevel.silence_rate_30dB.mean": 1.0, "lowlevel.silence_rate_30dB.stdev": 0.0, "lowlevel.silence_rate_60dB.mean": 0.10305343568325043, "lowlevel.silence_rate_60dB.stdev": 0.30402883887290955, "lowlevel.spectral_centroid.mean": 1153.0145263671875, "lowlevel.spectral_centroid.stdev": 432.71209716796875, "lowlevel.spectral_complexity.mean": 15.19847297668457, "lowlevel.spectral_complexity.stdev": 8.942923545837402, "lowlevel.spectral_decrease.mean": -4.72714223320736e-09, "lowlevel.spectral_decrease.stdev": 4.257585395350816e-09, "lowlevel.spectral_energy.mean": 0.01932605914771557, "lowlevel.spectral_energy.stdev": 0.017203105613589287, "lowlevel.spectral_energyband_high.mean": 0.00033478482509963214, "lowlevel.spectral_energyband_high.stdev": 0.0007626667502336204, "lowlevel.spectral_energyband_low.mean": 0.00020562515419442207, "lowlevel.spectral_energyband_low.stdev": 0.0008000530069693923, "lowlevel.spectral_energyband_middle_high.mean": 0.007806648965924978, "lowlevel.spectral_energyband_middle_high.stdev": 0.005709783639758825, "lowlevel.spectral_energyband_middle_low.mean": 0.011076413094997406, "lowlevel.spectral_energyband_middle_low.stdev": 0.01326832640916109, "lowlevel.spectral_entropy.mean": 7.1700029373168945, "lowlevel.spectral_entropy.stdev": 0.4291464388370514, "lowlevel.spectral_flux.mean": 0.05526125803589821, "lowlevel.spectral_flux.stdev": 0.04056196287274361, "lowlevel.spectral_kurtosis.mean": 6.8907575607299805, "lowlevel.spectral_kurtosis.stdev": 6.367244243621826, "lowlevel.spectral_rms.mean": 0.003910372965037823, "lowlevel.spectral_rms.stdev": 0.0018877701368182898, "lowlevel.spectral_rolloff.mean": 1505.5164794921875, "lowlevel.spectral_rolloff.stdev": 1396.095703125, "lowlevel.spectral_skewness.mean": 1.69895601272583, "lowlevel.spectral_skewness.stdev": 0.6039637327194214, "lowlevel.spectral_spread.mean": 2980969.25, "lowlevel.spectral_spread.stdev": 2225720.0, "lowlevel.spectral_strongpeak.mean": 1.6048091650009155, "lowlevel.spectral_strongpeak.stdev": 0.8607649803161621, "lowlevel.zerocrossingrate.mean": 0.05488691106438637, "lowlevel.zerocrossingrate.stdev": 0.03748670592904091, "metadata.audio_properties.analysis.equal_loudness": 0.0, "metadata.audio_properties.analysis.length": 6.03732442855835, "metadata.audio_properties.analysis.sample_rate": 44100.0, "metadata.audio_properties.analysis.start_time": 0.0, "metadata.audio_properties.bit_rate": 113075.0, "metadata.audio_properties.length": 6.0373334884643555, "metadata.audio_properties.lossless": 0.0, "metadata.audio_properties.number_channels": 1.0, "metadata.audio_properties.replay_gain": -11.800579071044922, "metadata.audio_properties.sample_rate": 48000.0, "rhythm.beats_count": 10.0, "rhythm.beats_loudness.mean": 0.029143542051315308, "rhythm.beats_loudness.stdev": 0.020186366513371468, "rhythm.bpm": 109.21466064453125, "rhythm.bpm_histogram_first_peak_bpm": 110.0, "rhythm.bpm_histogram_first_peak_weight": 0.375, "rhythm.bpm_histogram_second_peak_bpm": 105.0, "rhythm.bpm_histogram_second_peak_spread": 0.0, "rhythm.bpm_histogram_second_peak_weight": 0.1111111119389534, "rhythm.danceability": 1.129033088684082, "rhythm.onset_rate": 3.6301186084747314, "tonal.chords_changes_rate": 0.0, "tonal.chords_number_rate": 0.007575757801532745, "tonal.chords_strength.mean": 0.5579087734222412, "tonal.chords_strength.stdev": 0.06421884894371033, "tonal.hpcp_crest.mean": 18.2897891998291, "tonal.hpcp_crest.stdev": 7.5004048347473145, "tonal.hpcp_entropy.mean": 1.3711589574813843, "tonal.hpcp_entropy.stdev": 0.5758520364761353, "tonal.key_edma.strength": 0.792357325553894, "tonal.key_krumhansl.strength": 0.7845519781112671, "tonal.key_temperley.strength": 0.7653988599777222, "tonal.tuning_diatonic_strength": 0.5834147334098816, "tonal.tuning_equal_tempered_deviation": 0.0306168831884861, "tonal.tuning_frequency": 440.5086364746094, "tonal.tuning_nontempered_energy_ratio": 0.5882415771484375, "lowlevel.barkbands.mean": [7.909306987130549e-06, 0.00010562034003669396, 4.031504795420915e-05, 0.00038381878403015435, 0.003897574031725526, 0.002004186622798443, 0.002334773540496826, 0.0014453916810452938, 0.0009106986690312624, 0.0012419804697856307, 0.0031040788162499666, 0.0008038849919103086, 0.0006957096047699451, 0.0007310782093554735, 0.0003664170508272946, 0.00031682284316048026, 0.0002398936776444316, 0.00018713361350819468, 0.00010918801126535982, 0.00011714892752934247, 9.556368604535237e-05, 9.976720320992172e-05, 4.979954974260181e-05, 2.897166632465087e-05, 7.33804699848406e-06, 9.906550531013636e-07, 8.694783559803909e-09], "lowlevel.barkbands.stdev": [3.293385452707298e-05, 0.0005397192435339093, 0.00016478267207276076, 0.001945095369592309, 0.007039573043584824, 0.0031566573306918144, 0.004597053397446871, 0.004137788433581591, 0.001715656602755189, 0.001729713287204504, 0.0037240469828248024, 0.0013428354868665338, 0.0007595531642436981, 0.0012368265306577086, 0.0008074975339695811, 0.0005036808433942497, 0.0003304950369056314, 0.00028223992558196187, 0.00017542493878863752, 0.0002160224539693445, 0.00023940991377457976, 0.00021387716697063297, 0.000146223945193924, 8.516475645592436e-05, 2.8360840587993152e-05, 5.916457212151727e-06, 7.88808378615613e-08], "lowlevel.erbbands.mean": [0.0012220613425597548, 0.029245950281620026, 0.07146400958299637, 0.5448802709579468, 4.224645137786865, 15.980804443359375, 17.974763870239258, 18.78972625732422, 27.785015106201172, 45.487998962402344, 21.262697219848633, 23.185453414916992, 28.13803482055664, 61.38703536987305, 105.09416961669922, 32.403175354003906, 36.88956832885742, 35.60799789428711, 20.538196563720703, 21.986793518066406, 17.259002685546875, 15.378809928894043, 10.588531494140625, 6.797109603881836, 5.46818208694458, 5.655338764190674, 4.126368045806885, 3.6498782634735107, 3.7438161373138428, 2.291529893875122, 1.3514059782028198, 0.8008992671966553, 0.3921446204185486, 0.12637946009635925, 0.0325576476752758, 0.008636057376861572, 0.000823977286927402, 5.8836729294853285e-05, 1.3283754924486857e-05, 2.3369964765151963e-05], "lowlevel.erbbands.stdev": [0.006234306842088699, 0.14774715900421143, 0.2867671847343445, 2.5161426067352295, 13.087661743164062, 30.79251480102539, 32.9620246887207, 30.777420043945312, 60.255157470703125, 117.11542510986328, 48.06767654418945, 45.927555084228516, 34.57270050048828, 63.701942443847656, 117.73482513427734, 44.16242980957031, 39.60885238647461, 62.03597640991211, 35.545684814453125, 38.95469284057617, 32.54814529418945, 21.252077102661133, 15.752765655517578, 9.7266263961792, 9.062155723571777, 10.581379890441895, 9.57747745513916, 8.825645446777344, 7.7966227531433105, 5.821259498596191, 4.000510215759277, 2.4923367500305176, 1.1683478355407715, 0.43997809290885925, 0.1484120786190033, 0.051002614200115204, 0.004382283892482519, 0.00036156942951492965, 1.7784401279641315e-05, 2.080208287225105e-05], "lowlevel.gfcc.mean": [-92.4124526977539, 113.11544036865234, -205.43260192871094, -7.535854339599609, -89.48148345947266, -9.658453941345215, -39.93437957763672, -25.685728073120117, -21.211719512939453, -21.11243438720703, 0.6293383836746216, -2.2876431941986084, 6.753320217132568], "lowlevel.melbands.mean": [2.0726312868646346e-05, 3.885257683577947e-05, 0.00020059006055817008, 0.0006831613718532026, 0.0007309874636121094, 0.0004317945276852697, 0.00040851463563740253, 0.000480769231216982, 0.0001568075385876, 0.0001306659250985831, 0.00014585857570637017, 0.0002394724142504856, 0.0004678356635849923, 8.530972263542935e-05, 9.19195736059919e-05, 7.267865294124931e-05, 6.256249616853893e-05, 3.384179944987409e-05, 2.9761771656922065e-05, 2.352272713324055e-05, 1.852413515734952e-05, 1.6716037862352096e-05, 1.0525190191401634e-05, 8.569415513193235e-06, 5.087033059680834e-06, 4.233761046634754e-06, 4.0038667066255584e-06, 3.6012550026498502e-06, 2.5043584628292592e-06, 2.4280991510750027e-06, 2.0274410417187028e-06, 2.2445594822784187e-06, 1.714488462312147e-06, 1.0794358331622789e-06, 7.864982762839645e-07, 6.30073316187918e-07, 4.3667634486155293e-07, 3.0054206945351325e-07, 1.6333713404037553e-07, 8.761474390439616e-08], "lowlevel.melbands.stdev": [0.00010574493353487924, 0.00016764886095188558, 0.0008294738945551217, 0.0013273156946524978, 0.0012828776380047202, 0.0006945346249267459, 0.0008318928885273635, 0.0012429014313966036, 0.0003205834364052862, 0.0002535540843382478, 0.00018915168766397983, 0.0002588886418379843, 0.0005508956965059042, 0.00016437364683952183, 0.00013827985094394535, 7.705746247665957e-05, 0.00012404027802404016, 7.042635115794837e-05, 8.287300443043932e-05, 2.9490383894881234e-05, 3.73753828171175e-05, 2.410938759567216e-05, 1.5428426195285283e-05, 1.3755917279922869e-05, 7.643170647497755e-06, 7.3890932981157675e-06, 7.44929911888903e-06, 6.821807801316027e-06, 5.731543296860764e-06, 6.212866992427735e-06, 4.964764229953289e-06, 4.54876544608851e-06, 4.011794771940913e-06, 2.9502737106668064e-06, 2.268905063829152e-06, 2.232631004517316e-06, 1.26706129321974e-06, 8.996328233479289e-07, 5.37198786787485e-07, 3.208642169738596e-07], "lowlevel.melbands128.mean": [2.1558694243140053e-06, 3.74320188711863e-06, 2.4703525923541747e-05, 5.96834797761403e-05, 4.335147241363302e-05, 1.5480691217817366e-05, 4.4699496356770396e-05, 0.0002695895091164857, 0.00041485726251266897, 0.0005234431591816247, 0.0010185185819864273, 0.0010602202964946628, 0.0005408364231698215, 0.0004825216601602733, 0.00043070039828307927, 0.00033683129004202783, 0.0005845070700161159, 0.000327125919284299, 0.0002712993591558188, 0.0007014704751782119, 0.00046221096999943256, 0.00024248193949460983, 2.807221062539611e-05, 0.00017910852329805493, 0.00022913225984666497, 5.0515147449914366e-05, 7.938898488646373e-05, 9.37435106607154e-05, 0.0003035273402929306, 0.00018459961574990302, 9.09195514395833e-05, 0.0005389861762523651, 0.0008393312455154955, 6.461797602241859e-05, 0.00012720613449346274, 7.688435289310291e-05, 4.711155634140596e-05, 0.00010924216621788219, 0.0001172425108961761, 6.778591341571882e-05, 3.1275230867322534e-05, 0.00012886137119494379, 6.651485455222428e-05, 1.9530200006556697e-05, 6.265619595069438e-05, 2.969028355437331e-05, 1.5192640603345353e-05, 3.0399012757698074e-05, 3.022613782377448e-05, 4.056771285831928e-05, 1.5257148334058002e-05, 1.57166832650546e-05, 3.0066370527492836e-05, 1.3707391190109774e-05, 8.493381756125018e-06, 2.6160720153711736e-05, 1.2603290997503791e-05, 9.600546036381274e-06, 1.1314012226648629e-05, 8.719824108993635e-06, 9.203086847264785e-06, 8.000463822099846e-06, 5.225051154411631e-06, 4.165642167208716e-06, 4.789744707522914e-06, 4.700247700384352e-06, 3.520742666296428e-06, 3.1735369248053757e-06, 4.219142283545807e-06, 5.358404450817034e-06, 3.035422651009867e-06, 3.562051688277279e-06, 2.3827249151509022e-06, 2.328528353245929e-06, 2.4610160380689194e-06, 2.7560699891182594e-06, 2.2398019154934445e-06, 1.979170292543131e-06, 1.8994270476468955e-06, 2.0353465970401885e-06, 2.6585291834635427e-06, 2.069527454295894e-06, 2.0476179543038597e-06, 1.730831513668818e-06, 1.3580020095105283e-06, 1.2833834261982702e-06, 9.357960948364052e-07, 8.190989433387585e-07, 7.629180345247732e-07, 8.236302164732479e-07, 6.229770974641724e-07, 6.261858516154462e-07, 4.920693186249991e-07, 4.675912350649014e-07, 3.7889674331381684e-07, 3.270949662237399e-07, 2.9556707659139647e-07, 2.530836695768812e-07, 1.609136432989544e-07, 1.1943663480451505e-07, 1.057718463925994e-07, 8.102425397282786e-08, 7.135194834972935e-08, 4.542148346331487e-08, 2.765642115321043e-08, 2.1784874348895755e-08, 2.489703554431344e-08, 2.2449365033594404e-08, 1.1104277497508974e-08, 1.1154125623136224e-08, 6.296553056728271e-09, 1.5236767403337126e-09, 1.074426436709075e-09, 8.506053084111898e-10, 6.886931025462673e-10, 3.6703795558423735e-10, 2.507003493690263e-10, 1.7675231070435338e-11, 1.614700040342143e-11, 1.730163755320202e-11, 1.596847827578518e-11, 6.600096337516792e-12, 2.371920368449132e-12, 2.32913081182895e-12, 2.2620301898951256e-12, 2.1809385894466793e-12, 2.133398926268404e-12, 2.1175665387840326e-12], "lowlevel.melbands128.stdev": [8.358872946701013e-06, 1.9006456568604335e-05, 0.0001382943446515128, 0.00030275958124548197, 0.00020553699869196862, 5.682755363523029e-05, 0.00024656724417582154, 0.0013633330818265676, 0.0015570553950965405, 0.0014605161268264055, 0.002152390079572797, 0.0022795528639107943, 0.0013408041559159756, 0.0008792968583293259, 0.0009229789138771594, 0.0009365605073980987, 0.0015818470856174827, 0.0008374841418117285, 0.0006470648804679513, 0.002100023441016674, 0.0014514382928609848, 0.0008018112275749445, 5.592462912318297e-05, 0.00041085382690653205, 0.0005411832244135439, 0.00012201625213492662, 0.00022973885643295944, 0.00015784692368470132, 0.0004908671253360808, 0.00042853961349464953, 0.00024941074661910534, 0.0006468576029874384, 0.0010409933747723699, 0.000154757741256617, 0.00031540400232188404, 0.00015366918523795903, 0.00013143144315108657, 0.0002720761694945395, 0.00017093618225771934, 9.295459312852472e-05, 7.198336243163794e-05, 0.0002039092651102692, 0.000212489438126795, 7.972275489009917e-05, 0.00017390896391589195, 6.780964031349868e-05, 3.205074244760908e-05, 0.00013150362065061927, 8.989195339381695e-05, 6.49497305857949e-05, 2.4354783818125725e-05, 3.958279557991773e-05, 8.491981134284288e-05, 2.1962736354907975e-05, 1.715218968456611e-05, 4.2488703911658376e-05, 2.3532213162980042e-05, 1.5455158063559793e-05, 1.978961518034339e-05, 1.73582011484541e-05, 1.996813625737559e-05, 1.3031230082560796e-05, 9.947211765393149e-06, 7.188222298282199e-06, 8.731577509024646e-06, 9.45537794905249e-06, 7.696569809922948e-06, 6.6928810156241525e-06, 8.645988600619603e-06, 1.3709860468225088e-05, 5.646124463964952e-06, 7.26964481145842e-06, 5.676036835211562e-06, 6.054782716091722e-06, 6.406828561011935e-06, 7.960778020787984e-06, 5.775804311269894e-06, 5.416191470430931e-06, 5.4140909924171865e-06, 4.915689714835025e-06, 5.459809017338557e-06, 4.416312094690511e-06, 4.9817608669400215e-06, 4.256460215401603e-06, 3.433214715187205e-06, 3.981473582825856e-06, 2.730007281570579e-06, 2.407284227956552e-06, 2.1157352421141695e-06, 2.7667106223816518e-06, 2.1326870864868397e-06, 2.559479071351234e-06, 1.6018033193176962e-06, 1.423708226866438e-06, 1.081639425137837e-06, 1.0000286465583486e-06, 9.54590291257773e-07, 7.608314263052307e-07, 6.318386454040592e-07, 4.2950409806508105e-07, 3.9278162944356154e-07, 2.9585581273749995e-07, 2.8864522505500645e-07, 1.7910576843860326e-07, 1.6860090568115993e-07, 1.3434524248623347e-07, 1.532538647097681e-07, 1.512514415935584e-07, 6.038301592070638e-08, 7.808809954212848e-08, 4.083037907776088e-08, 8.184209754347194e-09, 6.678086972300434e-09, 8.730444811533289e-09, 6.083698433911877e-09, 3.1582376713856775e-09, 2.3066644150304683e-09, 1.6929707635782165e-10, 1.9144416607552728e-10, 2.211557603715164e-10, 2.0086068919233924e-10, 6.399759888697787e-11, 4.955274038320745e-12, 4.870152892078039e-12, 4.802769727058065e-12, 4.745227648317307e-12, 4.704035338337631e-12, 4.678550082071187e-12], "lowlevel.mfcc.mean": [-702.7693481445312, 134.34100341796875, -61.927032470703125, -12.840474128723145, -36.76076126098633, -6.801845073699951, -21.927162170410156, -7.737799167633057, -21.774139404296875, -19.252527236938477, -17.2617130279541, -9.337369918823242, -7.3222432136535645], "lowlevel.spectral_contrast_coeffs.mean": [-0.5573480129241943, -0.6999344229698181, -0.6641924381256104, -0.7530254125595093, -0.7893263101577759, -0.7024523019790649], "lowlevel.spectral_contrast_coeffs.stdev": [0.12640661001205444, 0.0865337923169136, 0.05482226237654686, 0.04560776427388191, 0.03234164044260979, 0.0487985759973526], "lowlevel.spectral_contrast_valleys.mean": [-9.175085067749023, -7.220959186553955, -7.5564680099487305, -7.826427936553955, -8.134539604187012, -11.96820068359375], "lowlevel.spectral_contrast_valleys.stdev": [1.3263146877288818, 1.2041804790496826, 1.110229730606079, 1.1608515977859497, 1.2803237438201904, 1.6199491024017334], "rhythm.beats_loudness_band_ratio.mean": [0.030871611088514328, 0.21292343735694885, 0.326448529958725, 0.4173504412174225, 0.05610968545079231, 0.011776216328144073], "rhythm.beats_loudness_band_ratio.stdev": [0.05703063681721687, 0.14953531324863434, 0.1927405446767807, 0.20535051822662354, 0.030439715832471848, 0.010577491484582424], "tonal.hpcp.mean": [0.09063325822353363, 0.06042212247848511, 0.02593916468322277, 0.036183226853609085, 0.040663979947566986, 0.28840354084968567, 0.6314929723739624, 0.38859421014785767, 0.053643204271793365, 0.04067273065447807, 0.025554470717906952, 0.10039743036031723, 0.16021762788295746, 0.08455980569124222, 0.03727974370121956, 0.029274825006723404, 0.009508505463600159, 0.026467127725481987, 0.051242802292108536, 0.03382819518446922, 0.12904398143291473, 0.24695509672164917, 0.14535798132419586, 0.050582122057676315, 0.04457078501582146, 0.031061433255672455, 0.0815650224685669, 0.15093140304088593, 0.10234155505895615, 0.0431402362883091, 0.03083672747015953, 0.01683814823627472, 0.14181680977344513, 0.26972079277038574, 0.14701390266418457, 0.05069001764059067], "tonal.hpcp.stdev": [0.2302546501159668, 0.16473878920078278, 0.09169941395521164, 0.10365942865610123, 0.1545955389738083, 0.18792183697223663, 0.3856499195098877, 0.2443755716085434, 0.17630332708358765, 0.15728741884231567, 0.11452943831682205, 0.20365794003009796, 0.2696582078933716, 0.14357306063175201, 0.11736693978309631, 0.11471591889858246, 0.03133058920502663, 0.04097730666399002, 0.10170084238052368, 0.06468962132930756, 0.150862917304039, 0.2970084249973297, 0.19348996877670288, 0.17305605113506317, 0.13787278532981873, 0.13005201518535614, 0.14842581748962402, 0.21134677529335022, 0.1376185119152069, 0.15553146600723267, 0.11419260501861572, 0.055620912462472916, 0.19672618806362152, 0.3148898780345917, 0.19810199737548828, 0.10308940708637238], "rhythm.beats_position": [0.5688889026641846, 1.1377778053283691, 1.695056676864624, 2.240725517272949, 2.7863945960998535, 3.3436734676361084, 3.877732276916504, 4.423401355743408, 4.9690704345703125, 5.514739036560059], "rhythm.bpm_histogram": [0.0, 0.0, 0.0, 0.0, 0.0, 0.0, 0.0, 0.0, 0.0, 0.0, 0.0, 0.0, 0.0, 0.0, 0.0, 0.0, 0.0, 0.0, 0.0, 0.0, 0.0, 0.0, 0.0, 0.0, 0.0, 0.0, 0.0, 0.0, 0.0, 0.0, 0.0, 0.0, 0.0, 0.0, 0.0, 0.0, 0.0, 0.0, 0.0, 0.0, 0.0, 0.0, 0.0, 0.0, 0.0, 0.0, 0.0, 0.0, 0.0, 0.0, 0.0, 0.0, 0.0, 0.0, 0.0, 0.0, 0.0, 0.0, 0.0, 0.0, 0.0, 0.0, 0.0, 0.0, 0.0, 0.0, 0.0, 0.0, 0.0, 0.0, 0.0, 0.0, 0.0, 0.0, 0.0, 0.0, 0.0, 0.0, 0.0, 0.0, 0.0, 0.0, 0.0, 0.0, 0.0, 0.0, 0.0, 0.0, 0.0, 0.0, 0.0, 0.0, 0.0, 0.0, 0.0, 0.0, 0.0, 0.0, 0.0, 0.0, 0.0, 0.0, 0.0, 0.0, 0.0, 0.1111111119389534, 0.0, 0.0, 0.2222222238779068, 0.0, 0.5555555820465088, 0.0, 0.1111111119389534, 0.0, 0.0, 0.0, 0.0, 0.0, 0.0, 0.0, 0.0, 0.0, 0.0, 0.0, 0.0, 0.0, 0.0, 0.0, 0.0, 0.0, 0.0, 0.0, 0.0, 0.0, 0.0, 0.0, 0.0, 0.0, 0.0, 0.0, 0.0, 0.0, 0.0, 0.0, 0.0, 0.0, 0.0, 0.0, 0.0, 0.0, 0.0, 0.0, 0.0, 0.0, 0.0, 0.0, 0.0, 0.0, 0.0, 0.0, 0.0, 0.0, 0.0, 0.0, 0.0, 0.0, 0.0, 0.0, 0.0, 0.0, 0.0, 0.0, 0.0, 0.0, 0.0, 0.0, 0.0, 0.0, 0.0, 0.0, 0.0, 0.0, 0.0, 0.0, 0.0, 0.0, 0.0, 0.0, 0.0, 0.0, 0.0, 0.0, 0.0, 0.0, 0.0, 0.0, 0.0, 0.0, 0.0, 0.0, 0.0, 0.0, 0.0, 0.0, 0.0, 0.0, 0.0, 0.0, 0.0, 0.0, 0.0, 0.0, 0.0, 0.0, 0.0, 0.0, 0.0, 0.0, 0.0, 0.0, 0.0, 0.0, 0.0, 0.0, 0.0, 0.0, 0.0, 0.0, 0.0, 0.0, 0.0, 0.0, 0.0, 0.0, 0.0, 0.0, 0.0, 0.0, 0.0, 0.0, 0.0, 0.0, 0.0, 0.0, 0.0, 0.0, 0.0, 0.0, 0.0, 0.0], "tonal.chords_histogram": [100.0, 0.0, 0.0, 0.0, 0.0, 0.0, 0.0, 0.0, 0.0, 0.0, 0.0, 0.0, 0.0, 0.0, 0.0, 0.0, 0.0, 0.0, 0.0, 0.0, 0.0, 0.0, 0.0, 0.0], "tonal.thpcp": [1.0, 0.6153579354286194, 0.0849466398358345, 0.06440725922584534, 0.040466755628585815, 0.1589842438697815, 0.2537124454975128, 0.1339045912027359, 0.05903429538011551, 0.04635811597108841, 0.015057183802127838, 0.04191198945045471, 0.08114548027515411, 0.05356860160827637, 0.20434746146202087, 0.39106547832489014, 0.2301814705133438, 0.08009926229715347, 0.07058002054691315, 0.049187298864126205, 0.12916220724582672, 0.23900724947452545, 0.1620628535747528, 0.06831467151641846, 0.04883146658539772, 0.02666403166949749, 0.22457385063171387, 0.4271160662174225, 0.23280370235443115, 0.08027011901140213, 0.1435222029685974, 0.09568138420581818, 0.0410759374499321, 0.05729790776968002, 0.06439340114593506, 0.4567010998725891], "lowlevel.gfcc.cov": [[12373.828125, -416.6272277832031, 121.67726135253906, 1432.7559814453125, -1020.8203735351562, 373.78277587890625, -940.2960205078125, 125.77586364746094, -406.2597961425781, 79.78333282470703, -259.8037109375, -293.50457763671875, -223.23587036132812], [-416.6272277832031, 1152.0850830078125, -451.69451904296875, -323.86456298828125, 352.3022155761719, -303.5410461425781, 313.9128112792969, -130.48045349121094, 299.498779296875, -88.70668029785156, 180.40847778320312, -49.764610290527344, 17.053667068481445], [121.67726135253906, -451.69451904296875, 838.5828247070312, 422.34796142578125, 21.809917449951172, 300.05224609375, -161.99107360839844, 207.1129913330078, -189.89215087890625, 141.0275115966797, -121.8558349609375, 16.754131317138672, -110.86556243896484], [1432.7559814453125, -323.86456298828125, 422.34796142578125, 596.4389038085938, -76.90286254882812, 209.59414672851562, -130.14578247070312, 120.43331146240234, -92.74197387695312, 94.19879150390625, -55.16658401489258, -16.08913230895996, -82.29508209228516], [-1020.8203735351562, 352.3022155761719, 21.809917449951172, -76.90286254882812, 381.8742370605469, -21.970630645751953, 181.75894165039062, 47.047149658203125, 97.61809539794922, 25.834674835205078, 55.53457260131836, 38.46405792236328, -7.591012001037598], [373.78277587890625, -303.5410461425781, 300.05224609375, 209.59414672851562, -21.970630645751953, 295.6283874511719, -39.78630828857422, 128.1942596435547, -125.15923309326172, 61.374755859375, -45.109859466552734, 26.844820022583008, -40.12778854370117], [-940.2960205078125, 313.9128112792969, -161.99107360839844, -130.14578247070312, 181.75894165039062, -39.78630828857422, 310.7381896972656, 3.771204710006714, 153.86207580566406, 28.424365997314453, 112.55995178222656, 55.92708206176758, 9.57118034362793], [125.77586364746094, -130.48045349121094, 207.1129913330078, 120.43331146240234, 47.047149658203125, 128.1942596435547, 3.771204710006714, 147.39671325683594, -20.265695571899414, 87.54800415039062, -15.340120315551758, 29.044641494750977, -28.53252410888672], [-406.2597961425781, 299.498779296875, -189.89215087890625, -92.74197387695312, 97.61809539794922, -125.15923309326172, 153.86207580566406, -20.265695571899414, 191.97222900390625, 16.97806739807129, 89.6710205078125, -1.9079853296279907, 18.063434600830078], [79.78333282470703, -88.70668029785156, 141.0275115966797, 94.19879150390625, 25.834674835205078, 61.374755859375, 28.424365997314453, 87.54800415039062, 16.97806739807129, 166.93084716796875, 35.2415885925293, 60.4163818359375, -13.4273042678833], [-259.8037109375, 180.40847778320312, -121.8558349609375, -55.16658401489258, 55.53457260131836, -45.109859466552734, 112.55995178222656, -15.340120315551758, 89.6710205078125, 35.2415885925293, 145.86181640625, 73.03529357910156, 56.81801223754883], [-293.50457763671875, -49.764610290527344, 16.754131317138672, -16.08913230895996, 38.46405792236328, 26.844820022583008, 55.92708206176758, 29.044641494750977, -1.9079853296279907, 60.4163818359375, 73.03529357910156, 134.7359619140625, 58.42103958129883], [-223.23587036132812, 17.053667068481445, -110.86556243896484, -82.29508209228516, -7.591012001037598, -40.12778854370117, 9.57118034362793, -28.53252410888672, 18.063434600830078, -13.4273042678833, 56.81801223754883, 58.42103958129883, 106.99101257324219]], "lowlevel.gfcc.icov": [[0.00044847364188171923, -0.0011588598135858774, 0.001101212459616363, -0.0013020627666264772, 0.00124830799177289, -0.0005210650851950049, 0.0012811156921088696, -0.0010992317693307996, 0.0007815507124178112, -0.0006509388331323862, 0.0006974519928917289, -0.0005711796693503857, 0.0004732706875074655], [-0.0011588598135858774, 0.006093344185501337, -0.002641921630129218, 0.00360916112549603, -0.0054583074524998665, 0.002514197491109371, -0.0037505028303712606, 0.0034889294765889645, -0.0027924038004130125, 0.0026312111876904964, -0.005190907511860132, 0.004012031480669975, -0.00016145824338309467], [0.001101212459616363, -0.002641921630129218, 0.006294358987361193, -0.004353140946477652, 0.0017941653495654464, -0.0018457326805219054, 0.0041299667209386826, -0.004382619168609381, 0.003564143320545554, -0.0027371325995773077, 0.0023451356682926416, -0.0019392644753679633, 0.0026578267570585012], [-0.0013020627666264772, 0.00360916112549603, -0.004353140946477652, 0.007090862840414047, -0.0032475099433213472, -1.0260063390887808e-05, -0.0024059987626969814, 0.0034667178988456726, -0.0039065186865627766, 0.001695597660727799, -0.0033410151954740286, 0.0020161899738013744, 0.00010249843035126105], [0.00124830799177289, -0.0054583074524998665, 0.0017941653495654464, -0.0032475099433213472, 0.00947924330830574, -0.001289932057261467, 0.0015328162116929889, -0.005316269584000111, 0.0019113956950604916, -0.0012320837704464793, 0.004251671023666859, -0.003961268812417984, 0.0008975127711892128], [-0.0005210650851950049, 0.002514197491109371, -0.0018457326805219054, -1.0260063390887808e-05, -0.001289932057261467, 0.011785630136728287, -0.005650266073644161, -0.005742731969803572, 0.007202032953500748, 0.0017632223898544908, -0.003922796342521906, 0.0034546961542218924, -0.0009034811519086361], [0.0012811156921088696, -0.0037505028303712606, 0.0041299667209386826, -0.0024059987626969814, 0.0015328162116929889, -0.005650266073644161, 0.013790702447295189, -0.0016858798917382956, -0.00503768865019083, -0.0011290941620245576, 0.0006484064506366849, -0.006567351520061493, 0.005956526845693588], [-0.0010992317693307996, 0.0034889294765889645, -0.004382619168609381, 0.0034667178988456726, -0.005316269584000111, -0.005742731969803572, -0.0016858798917382956, 0.022011928260326385, -0.008280391804873943, -0.003591272747144103, 0.0018917120760306716, -0.0006584676448255777, -0.0009322811965830624], [0.0007815507124178112, -0.0027924038004130125, 0.003564143320545554, -0.0039065186865627766, 0.0019113956950604916, 0.007202032953500748, -0.00503768865019083, -0.008280391804873943, 0.02280404232442379, -0.004613494500517845, -0.005089418031275272, 0.007716249208897352, -0.0020962064154446125], [-0.0006509388331323862, 0.0026312111876904964, -0.0027371325995773077, 0.001695597660727799, -0.0012320837704464793, 0.0017632223898544908, -0.0011290941620245576, -0.003591272747144103, -0.004613494500517845, 0.013805058784782887, -0.004369058646261692, -0.0040415385738015175, 0.0034460225142538548], [0.0006974519928917289, -0.005190907511860132, 0.0023451356682926416, -0.0033410151954740286, 0.004251671023666859, -0.003922796342521906, 0.0006484064506366849, 0.0018917120760306716, -0.005089418031275272, -0.004369058646261692, 0.023674074560403824, -0.011061463505029678, -0.004801593255251646], [-0.0005711796693503857, 0.004012031480669975, -0.0019392644753679633, 0.0020161899738013744, -0.003961268812417984, 0.0034546961542218924, -0.006567351520061493, -0.0006584676448255777, 0.007716249208897352, -0.0040415385738015175, -0.011061463505029678, 0.023559484630823135, -0.009663447737693787], [0.0004732706875074655, -0.00016145824338309467, 0.0026578267570585012, 0.00010249843035126105, 0.0008975127711892128, -0.0009034811519086361, 0.005956526845693588, -0.0009322811965830624, -0.0020962064154446125, 0.0034460225142538548, -0.004801593255251646, -0.009663447737693787, 0.020748931914567947]], "lowlevel.mfcc.cov": [[8350.708984375, -1202.6739501953125, 1168.08740234375, 642.4476928710938, 231.6211700439453, 121.57593536376953, -159.00454711914062, -165.5890350341797, -201.46749877929688, 46.69790267944336, -107.94340515136719, 153.60891723632812, -0.9529510140419006], [-1202.6739501953125, 1409.3193359375, -748.2171630859375, -47.99880599975586, -88.70972442626953, -63.266746520996094, -30.233165740966797, 49.85533905029297, 52.48613357543945, 59.00691604614258, 99.98297119140625, 68.14295959472656, 43.1766471862793], [1168.08740234375, -748.2171630859375, 825.8615112304688, 150.83346557617188, 214.50738525390625, 91.84849548339844, 114.62032318115234, 7.053813457489014, 1.4463131427764893, -8.084959030151367, 27.035490036010742, 4.097965717315674, -13.518250465393066], [642.4476928710938, -47.99880599975586, 150.83346557617188, 305.8775939941406, 111.29408264160156, 81.74231719970703, 37.26533889770508, 24.56613540649414, 27.412677764892578, 31.7652587890625, 39.29163360595703, 105.78045654296875, 57.31435775756836], [231.6211700439453, -88.70972442626953, 214.50738525390625, 111.29408264160156, 271.4990539550781, 41.420108795166016, 84.10897064208984, 23.06549644470215, 40.208717346191406, 8.164981842041016, 10.374171257019043, -5.834887981414795, 21.37100601196289], [121.57593536376953, -63.266746520996094, 91.84849548339844, 81.74231719970703, 41.420108795166016, 117.39860534667969, 87.70053100585938, 45.57142639160156, 20.944442749023438, 18.56833267211914, 47.351192474365234, 51.678916931152344, 9.079351425170898], [-159.00454711914062, -30.233165740966797, 114.62032318115234, 37.26533889770508, 84.10897064208984, 87.70053100585938, 169.84120178222656, 72.00413513183594, 45.54750442504883, 12.692684173583984, 75.84519958496094, 40.66077423095703, 24.316635131835938], [-165.5890350341797, 49.85533905029297, 7.053813457489014, 24.56613540649414, 23.06549644470215, 45.57142639160156, 72.00413513183594, 103.6445541381836, 40.98638916015625, 24.34740447998047, 32.184268951416016, 28.60761260986328, 26.32666015625], [-201.46749877929688, 52.48613357543945, 1.4463131427764893, 27.412677764892578, 40.208717346191406, 20.944442749023438, 45.54750442504883, 40.98638916015625, 87.12992858886719, 40.96860122680664, 40.41835403442383, 28.695873260498047, 15.045941352844238], [46.69790267944336, 59.00691604614258, -8.084959030151367, 31.7652587890625, 8.164981842041016, 18.56833267211914, 12.692684173583984, 24.34740447998047, 40.96860122680664, 99.27686309814453, 46.75394821166992, 34.35090255737305, 3.736098051071167], [-107.94340515136719, 99.98297119140625, 27.035490036010742, 39.29163360595703, 10.374171257019043, 47.351192474365234, 75.84519958496094, 32.184268951416016, 40.41835403442383, 46.75394821166992, 149.44090270996094, 84.00209045410156, 2.348396062850952], [153.60891723632812, 68.14295959472656, 4.097965717315674, 105.78045654296875, -5.834887981414795, 51.678916931152344, 40.66077423095703, 28.60761260986328, 28.695873260498047, 34.35090255737305, 84.00209045410156, 146.90660095214844, 55.62276840209961], [-0.9529510140419006, 43.1766471862793, -13.518250465393066, 57.31435775756836, 21.37100601196289, 9.079351425170898, 24.316635131835938, 26.32666015625, 15.045941352844238, 3.736098051071167, 2.348396062850952, 55.62276840209961, 96.00133514404297]], "lowlevel.mfcc.icov": [[0.0002157651906600222, 1.1361312317603733e-05, -0.0002747825055848807, -0.00030388831510208547, -2.1220999769866467e-05, -3.112689228146337e-05, 0.0002487179299350828, 0.00010110613948199898, 0.0005338228074833751, -0.0003268226864747703, 0.00028924745856784284, -0.00034331134520471096, 0.00017760008631739765], [1.1361312317603733e-05, 0.001813084352761507, 0.001844496582634747, -0.0003585919621400535, -0.0007849658722989261, 0.0008752851281315088, 6.921908061485738e-05, -0.0007211011834442616, 0.0002764083619695157, -0.00012093951954739168, -0.0016317436238750815, 8.856094791553915e-05, -0.00011933948553632945], [-0.0002747825055848807, 0.001844496582634747, 0.004018449690192938, -0.0005687756347469985, -0.001774792792275548, 0.0005568197229877114, -0.001237103482708335, -0.00034809409407898784, 0.0002930737391579896, 0.0003709662123583257, -0.0019477824680507183, 0.0006859539425931871, 0.00041420524939894676], [-0.00030388831510208547, -0.0003585919621400535, -0.0005687756347469985, 0.007525286171585321, -0.0026143670547753572, -0.004298086743801832, 0.003098028479143977, -2.8375656256685033e-05, -0.000893487362191081, 4.024666850455105e-05, 0.0004958263598382473, -0.0037627702113240957, -0.0018965299241244793], [-2.1220999769866467e-05, -0.0007849658722989261, -0.001774792792275548, -0.0026143670547753572, 0.007227334193885326, 0.001004882506094873, -0.0035802191123366356, 0.0015789662720635533, -0.0025097555480897427, -9.643999510444701e-05, 0.0010834474815055728, 0.003233382012695074, -0.0010691575007513165], [-3.112689228146337e-05, 0.0008752851281315088, 0.0005568197229877114, -0.004298086743801832, 0.001004882506094873, 0.020710231736302376, -0.010381911881268024, -0.003052574349567294, 0.0024749604053795338, -0.0015784375136718154, 0.0019808534998446703, -0.0045030866749584675, 0.005769040435552597], [0.0002487179299350828, 6.921908061485738e-05, -0.001237103482708335, 0.003098028479143977, -0.0035802191123366356, -0.010381911881268024, 0.01951577141880989, -0.005694219842553139, -0.002009976888075471, 0.003582741366699338, -0.007354785222560167, 0.0022271855268627405, -0.004590192344039679], [0.00010110613948199898, -0.0007211011834442616, -0.00034809409407898784, -2.8375656256685033e-05, 0.0015789662720635533, -0.003052574349567294, -0.005694219842553139, 0.01711638830602169, -0.004128563683480024, -0.002106430707499385, 0.0020297153387218714, 0.000849831267260015, -0.002834112150594592], [0.0005338228074833751, 0.0002764083619695157, 0.0002930737391579896, -0.000893487362191081, -0.0025097555480897427, 0.0024749604053795338, -0.002009976888075471, -0.004128563683480024, 0.020276261493563652, -0.006485046818852425, -0.0006802600692026317, -0.001962609589099884, 0.0006499343435280025], [-0.0003268226864747703, -0.00012093951954739168, 0.0003709662123583257, 4.024666850455105e-05, -9.643999510444701e-05, -0.0015784375136718154, 0.003582741366699338, -0.002106430707499385, -0.006485046818852425, 0.015244711190462112, -0.00436586607247591, 0.00045680275070481, 0.0001854948204709217], [0.00028924745856784284, -0.0016317436238750815, -0.0019477824680507183, 0.0004958263598382473, 0.0010834474815055728, 0.0019808534998446703, -0.007354785222560167, 0.0020297153387218714, -0.0006802600692026317, -0.00436586607247591, 0.018410595133900642, -0.010971644893288612, 0.007227330934256315], [-0.00034331134520471096, 8.856094791553915e-05, 0.0006859539425931871, -0.0037627702113240957, 0.003233382012695074, -0.0045030866749584675, 0.0022271855268627405, 0.000849831267260015, -0.001962609589099884, 0.00045680275070481, -0.010971644893288612, 0.021299593150615692, -0.010573994368314743], [0.00017760008631739765, -0.00011933948553632945, 0.00041420524939894676, -0.0018965299241244793, -0.0010691575007513165, 0.005769040435552597, -0.004590192344039679, -0.002834112150594592, 0.0006499343435280025, 0.0001854948204709217, 0.007227330934256315, -0.010573994368314743, 0.01913546770811081]], "metadata.audio_properties.analysis.downmix": "mix", "metadata.audio_properties.codec": "mp3", "metadata.audio_properties.md5_encoded": "0ab9a1e2619407d80185b781a007d7c4", "metadata.tags.file_name": "1182274075905761330.mp3", "metadata.version.essentia": "2.1-beta6-dev", "metadata.version.essentia_git_sha": "v2.1_beta5-1110-g77a6a954", "metadata.version.extractor": "music 2.0", "tonal.chords_key": "E", "tonal.chords_scale": "major", "tonal.key_edma.key": "E", "tonal.key_edma.scale": "major", "tonal.key_krumhansl.key": "E", "tonal.key_krumhansl.scale": "major", "tonal.key_temperley.key": "E", "tonal.key_temperley.scale": "major", "metadata.tags.encoding": ["Lavf58.45.100"]}, "essentia_models": [{"model_name": "genre_dortmund", "activations": {"alternative": "0.23941848", "blues": "0.009183042", "electronic": "0.008460206", "folkcountry": "0.52210206", "funksoulrnb": "0.016235696", "jazz": "0.024288595", "pop": "0.18458919", "raphiphop": "0.010422296", "rock": "0.29958993"}}, {"model_name": "genre_rosamerica", "activations": {"classic": "0.16885293", "dance": "0.008746708", "hip hop": "0.00566776", "jazz": "0.009924459", "pop": "0.10843755", "rhythm and blues": "0.15913816", "rock": "0.60598385", "speech": "0.018836837"}}, {"model_name": "genre_tzanetakis", "activations": {"blues": "0.117936246", "classic": "0.0071139843", "country": "0.14319748", "disco": "0.013892546", "hip hop": "0.00073885324", "jazz": "0.0029071993", "metal": "0.028243534", "pop": "0.050059084", "reggae": "0.0062441146", "rock": "0.5895314"}}, {"model_name": "genre_electronic", "activations": {"ambient": "0.4204074", "dnb": "0.3028883", "house": "0.27268836", "techno": "0.4572125", "trance": "0.049570523"}}, {"model_name": "mood_acoustic", "activations": {"acoustic": "0.7047761", "not acoustic": "0.3412754"}}, {"model_name": "mood_electronic", "activations": {"electronic": "0.042830896", "not electronic": "0.9411397"}}, {"model_name": "mood_aggressive", "activations": {"aggressive": "0.045807", "not aggressive": "0.9908353"}}, {"model_name": "mood_relaxed", "activations": {"not r