{"song_id": "1182275190382669834", "download": "https://cdn.discordapp.com/attachments/1128313332273782784/1182275190382669834/chirp.mp4?ex=65841a92&amp", "lyrics": "[Verse]\nVivienne, little girl with dreams in her sight\nIn her eyes, a spark shining oh so bright\nA heart so pure, full of innocence and might\nShe's a shining star, destined to take flight\n\n[Chorus]\nVivienne, oh Vivienne, your spirit takes flight\nWith every step you take, you're reaching new heights\nA world of endless possibilities, you ignite\nVivienne, oh Vivienne, shine on with your light", "style": ["rock</span><span>, female voice"], "essentia_features": {"lowlevel.average_loudness": 0.9850831627845764, "lowlevel.barkbands_crest.mean": 18.579004287719727, "lowlevel.barkbands_crest.stdev": 2.7153589725494385, "lowlevel.barkbands_flatness_db.mean": 0.3711346685886383, "lowlevel.barkbands_flatness_db.stdev": 0.11716854572296143, "lowlevel.barkbands_kurtosis.mean": 85.69493103027344, "lowlevel.barkbands_kurtosis.stdev": 96.40631866455078, "lowlevel.barkbands_skewness.mean": 6.483302116394043, "lowlevel.barkbands_skewness.stdev": 3.3623275756835938, "lowlevel.barkbands_spread.mean": 6.130321502685547, "lowlevel.barkbands_spread.stdev": 9.39600944519043, "lowlevel.dissonance.mean": 0.4590905010700226, "lowlevel.dissonance.stdev": 0.03690524399280548, "lowlevel.dynamic_complexity": 1.670006513595581, "lowlevel.erbbands_crest.mean": 9.235471725463867, "lowlevel.erbbands_crest.stdev": 3.3032689094543457, "lowlevel.erbbands_flatness_db.mean": 0.15860378742218018, "lowlevel.erbbands_flatness_db.stdev": 0.04935416579246521, "lowlevel.erbbands_kurtosis.mean": 2.3433263301849365, "lowlevel.erbbands_kurtosis.stdev": 5.899539470672607, "lowlevel.erbbands_skewness.mean": 0.3347327411174774, "lowlevel.erbbands_skewness.stdev": 1.5669103860855103, "lowlevel.erbbands_spread.mean": 56.32294464111328, "lowlevel.erbbands_spread.stdev": 34.124481201171875, "lowlevel.hfc.mean": 38.794532775878906, "lowlevel.hfc.stdev": 38.77439498901367, "lowlevel.loudness_ebu128.integrated": -12.3989839553833, "lowlevel.loudness_ebu128.loudness_range": 3.6010360717773438, "lowlevel.loudness_ebu128.momentary.mean": -12.81370735168457, "lowlevel.loudness_ebu128.momentary.stdev": 1.9318876266479492, "lowlevel.loudness_ebu128.short_term.mean": -12.472442626953125, "lowlevel.loudness_ebu128.short_term.stdev": 1.2893636226654053, "lowlevel.melbands_crest.mean": 34.97797393798828, "lowlevel.melbands_crest.stdev": 3.693336248397827, "lowlevel.melbands_flatness_db.mean": 0.45861467719078064, "lowlevel.melbands_flatness_db.stdev": 0.1352686583995819, "lowlevel.melbands_kurtosis.mean": 335.1243591308594, "lowlevel.melbands_kurtosis.stdev": 590.2310791015625, "lowlevel.melbands_skewness.mean": 12.14901065826416, "lowlevel.melbands_skewness.stdev": 8.19627571105957, "lowlevel.melbands_spread.mean": 3.5911736488342285, "lowlevel.melbands_spread.stdev": 5.309560298919678, "lowlevel.pitch_salience.mean": 0.20438739657402039, "lowlevel.pitch_salience.stdev": 0.10280852019786835, "lowlevel.silence_rate_20dB.mean": 0.3386554718017578, "lowlevel.silence_rate_20dB.stdev": 0.47325149178504944, "lowlevel.silence_rate_30dB.mean": 0.0016806722851470113, "lowlevel.silence_rate_30dB.stdev": 0.04096125438809395, "lowlevel.silence_rate_60dB.mean": 0.0016806722851470113, "lowlevel.silence_rate_60dB.stdev": 0.04096125438809395, "lowlevel.spectral_centroid.mean": 1313.155029296875, "lowlevel.spectral_centroid.stdev": 1099.476806640625, "lowlevel.spectral_complexity.mean": 14.960504531860352, "lowlevel.spectral_complexity.stdev": 11.566439628601074, "lowlevel.spectral_decrease.mean": -9.900310260491096e-08, "lowlevel.spectral_decrease.stdev": 2.7182400330616474e-08, "lowlevel.spectral_energy.mean": 0.377179354429245, "lowlevel.spectral_energy.stdev": 0.10103324055671692, "lowlevel.spectral_energyband_high.mean": 0.0020517425145953894, "lowlevel.spectral_energyband_high.stdev": 0.004811298102140427, "lowlevel.spectral_energyband_low.mean": 0.3204440176486969, "lowlevel.spectral_energyband_low.stdev": 0.08283491432666779, "lowlevel.spectral_energyband_middle_high.mean": 0.003385246032848954, "lowlevel.spectral_energyband_middle_high.stdev": 0.004881677683442831, "lowlevel.spectral_energyband_middle_low.mean": 0.01017773151397705, "lowlevel.spectral_energyband_middle_low.stdev": 0.009767752140760422, "lowlevel.spectral_entropy.mean": 7.204432487487793, "lowlevel.spectral_entropy.stdev": 0.8215301036834717, "lowlevel.spectral_flux.mean": 0.1572028547525406, "lowlevel.spectral_flux.stdev": 0.08934590220451355, "lowlevel.spectral_kurtosis.mean": 8.660658836364746, "lowlevel.spectral_kurtosis.stdev": 15.250205039978027, "lowlevel.spectral_rms.mean": 0.01899704523384571, "lowlevel.spectral_rms.stdev": 0.0026632091030478477, "lowlevel.spectral_rolloff.mean": 101.56742095947266, "lowlevel.spectral_rolloff.stdev": 520.0501708984375, "lowlevel.spectral_skewness.mean": 1.9323642253875732, "lowlevel.spectral_skewness.stdev": 1.4216303825378418, "lowlevel.spectral_spread.mean": 5204789.5, "lowlevel.spectral_spread.stdev": 2487161.5, "lowlevel.spectral_strongpeak.mean": 0.6330039501190186, "lowlevel.spectral_strongpeak.stdev": 0.4929474890232086, "lowlevel.zerocrossingrate.mean": 0.01156570017337799, "lowlevel.zerocrossingrate.stdev": 0.01467496994882822, "metadata.audio_properties.analysis.equal_loudness": 0.0, "metadata.audio_properties.analysis.length": 27.605329513549805, "metadata.audio_properties.analysis.sample_rate": 44100.0, "metadata.audio_properties.analysis.start_time": 0.0, "metadata.audio_properties.bit_rate": 119111.0, "metadata.audio_properties.length": 27.60533332824707, "metadata.audio_properties.lossless": 0.0, "metadata.audio_properties.number_channels": 1.0, "metadata.audio_properties.replay_gain": -10.053312301635742, "metadata.audio_properties.sample_rate": 48000.0, "rhythm.beats_count": 66.0, "rhythm.beats_loudness.mean": 0.33214619755744934, "rhythm.beats_loudness.stdev": 0.09604808688163757, "rhythm.bpm": 144.15676879882812, "rhythm.bpm_histogram_first_peak_bpm": 144.0, "rhythm.bpm_histogram_first_peak_weight": 0.4901961088180542, "rhythm.bpm_histogram_second_peak_bpm": 136.0, "rhythm.bpm_histogram_second_peak_spread": 0.3333333730697632, "rhythm.bpm_histogram_second_peak_weight": 0.0615384615957737, "rhythm.danceability": 0.9846504330635071, "rhythm.onset_rate": 4.0188069343566895, "tonal.chords_changes_rate": 0.07550335675477982, "tonal.chords_number_rate": 0.011744966730475426, "tonal.chords_strength.mean": 0.4993649125099182, "tonal.chords_strength.stdev": 0.07612644881010056, "tonal.hpcp_crest.mean": 13.361129760742188, "tonal.hpcp_crest.stdev": 5.474025249481201, "tonal.hpcp_entropy.mean": 2.0469202995300293, "tonal.hpcp_entropy.stdev": 0.7390488386154175, "tonal.key_edma.strength": 0.6327951550483704, "tonal.key_krumhansl.strength": 0.6231013536453247, "tonal.key_temperley.strength": 0.6017581820487976, "tonal.tuning_diatonic_strength": 0.5223284959793091, "tonal.tuning_equal_tempered_deviation": 0.1771460324525833, "tonal.tuning_frequency": 434.193115234375, "tonal.tuning_nontempered_energy_ratio": 0.7946813106536865, "lowlevel.barkbands.mean": [0.17956064641475677, 0.1722704917192459, 0.00976554211229086, 0.0026973725762218237, 0.0034840439911931753, 0.0021302991081029177, 0.0011146488832309842, 0.00041615936788730323, 0.0003084963245783001, 8.192494715331122e-05, 0.00015875959070399404, 0.0003472671378403902, 0.00033623326453380287, 0.00030193201382644475, 0.0003882650926243514, 0.00025996624026447535, 0.0003252472961321473, 0.0002920578117482364, 0.00045778966159559786, 0.0006493193795904517, 0.00017511834448669106, 0.00014013257168699056, 0.0004628762835636735, 0.0007009232067503035, 0.0002907331509049982, 6.315971404546872e-05, 2.930921993993252e-07], "lowlevel.barkbands.stdev": [0.13230369985103607, 0.08715009689331055, 0.01260431669652462, 0.00448516383767128, 0.004964346066117287, 0.0034445372875779867, 0.003086343640461564, 0.001114513142965734, 0.0009081719908863306, 0.000196834618691355, 0.0004947392153553665, 0.0012658562045544386, 0.0009976013097912073, 0.0008171264198608696, 0.0008219365263357759, 0.0005513242213055491, 0.0006140165496617556, 0.0005151875666342676, 0.0006810493650846183, 0.0010749873472377658, 0.00045444496208801866, 0.00039098490378819406, 0.0013415608555078506, 0.0020291106775403023, 0.0007890693377703428, 0.000153501532622613, 1.2984713748664944e-06], "lowlevel.erbbands.mean": [11.994820594787598, 13.260176658630371, 10.232389450073242, 13.065689086914062, 6.807487487792969, 16.858118057250977, 7.782221794128418, 24.000276565551758, 13.75027084350586, 16.22159767150879, 9.209074974060059, 8.46292781829834, 3.536851644515991, 3.694004774093628, 9.000228881835938, 14.76844310760498, 14.650856971740723, 14.449295997619629, 18.901866912841797, 19.45423698425293, 14.192835807800293, 19.348766326904297, 18.035703659057617, 12.026006698608398, 35.021305084228516, 29.622737884521484, 10.563241004943848, 5.4336771965026855, 4.9669647216796875, 7.421575546264648, 14.41225528717041, 16.55228614807129, 10.024027824401855, 4.100506782531738, 1.6079378128051758, 0.43897417187690735, 0.09678942710161209, 0.007413338404148817, 0.00034384956234134734, 0.00042417796794325113], "lowlevel.erbbands.stdev": [4.751059532165527, 11.840569496154785, 12.335521697998047, 16.035842895507812, 10.849302291870117, 24.1635799407959, 11.222085952758789, 41.48659896850586, 38.34130096435547, 41.41358947753906, 22.703182220458984, 26.275279998779297, 8.437858581542969, 9.75612735748291, 28.439374923706055, 52.450801849365234, 43.441978454589844, 37.3134651184082, 43.22553634643555, 40.6019287109375, 29.947673797607422, 34.41468811035156, 30.296903610229492, 20.13979721069336, 51.72416687011719, 48.57989501953125, 22.42142677307129, 14.576353073120117, 13.797843933105469, 21.795183181762695, 41.892494201660156, 47.42390823364258, 30.062299728393555, 11.645040512084961, 4.217652797698975, 1.1145833730697632, 0.2223254293203354, 0.021651828661561012, 0.0004533804894890636, 0.00010325366019969806], "lowlevel.gfcc.mean": [-14.805718421936035, 94.60010528564453, -47.36677551269531, 63.79526138305664, -25.801298141479492, 18.043283462524414, -33.360530853271484, 27.196853637695312, -11.242898941040039, 10.159653663635254, 9.459646224975586, -6.469741344451904, 2.012751817703247], "lowlevel.melbands.mean": [0.08644090592861176, 0.007817616686224937, 0.0019610279705375433, 0.0008602513698861003, 0.0003685629053507, 0.00048029664321802557, 0.00022827682550996542, 0.00015733313921373338, 6.708979344693944e-05, 5.129892088007182e-05, 1.5761819668114185e-05, 1.3517956176656298e-05, 2.4811051844153553e-05, 3.915897832484916e-05, 3.801645289058797e-05, 2.9698834623559378e-05, 2.648166446306277e-05, 3.0162962502799928e-05, 2.945359119621571e-05, 2.1108848159201443e-05, 1.527499443909619e-05, 1.8921193259302527e-05, 2.2076204913901165e-05, 1.1104448276455514e-05, 8.320272172568366e-06, 2.019980274781119e-05, 3.120816109003499e-05, 1.672444886935409e-05, 6.817724170105066e-06, 4.543363502307329e-06, 2.5844631181826117e-06, 2.6101413368451176e-06, 2.999644721057848e-06, 4.7246353460650425e-06, 7.5751327131001744e-06, 1.0522419870540034e-05, 1.0018554348789621e-05, 7.800300409144256e-06, 4.6893965190974995e-06, 3.016193204530282e-06], "lowlevel.melbands.stdev": [0.026197951287031174, 0.0071882037445902824, 0.002346319379284978, 0.001233734656125307, 0.0004938376368954778, 0.0008100011618807912, 0.0005980012356303632, 0.00039504552842117846, 0.00017483434930909425, 0.00016175303608179092, 3.838062548311427e-05, 3.568559986888431e-05, 7.9912475484889e-05, 0.00013770395889878273, 0.000132792629301548, 8.422452083323151e-05, 7.324779289774597e-05, 7.67359379096888e-05, 6.443972233682871e-05, 4.444282967597246e-05, 3.4293389035156e-05, 3.78740624000784e-05, 3.839346027234569e-05, 2.0615547327906825e-05, 1.555916605866514e-05, 3.06413639918901e-05, 5.201200838200748e-05, 2.8663707780651748e-05, 1.4595909306081012e-05, 1.2653190424316563e-05, 7.214203378680395e-06, 7.333654593821848e-06, 8.914648788049817e-06, 1.4567166545020882e-05, 2.2997961423243396e-05, 2.9544247809099033e-05, 3.0155304557411e-05, 2.3897704522823915e-05, 1.433485795132583e-05, 8.53461187944049e-06], "lowlevel.melbands128.mean": [0.13620327413082123, 0.13422903418540955, 0.05609828233718872, 0.01288053672760725, 0.004632554482668638, 0.005037800408899784, 0.0030091102235019207, 0.0008538454421795905, 0.0004443103389348835, 0.0010394069831818342, 0.0011450157035142183, 0.00034880099701695144, 0.00014335080049932003, 0.0003230255679227412, 0.0007395267020910978, 0.000437708105891943, 0.00013306588516570628, 0.00020995046361349523, 0.0003239138168282807, 0.00017844521789811552, 7.39326496841386e-05, 7.948394340928644e-05, 7.99443805590272e-05, 3.373608342371881e-05, 6.084938650019467e-05, 6.284659320954233e-05, 1.4835150068392977e-05, 1.3473476428771392e-05, 1.2320931091380771e-05, 8.905337381293066e-06, 1.583442099217791e-05, 1.866292041086126e-05, 2.020213651121594e-05, 3.380895213922486e-05, 3.8094440242275596e-05, 4.27196137025021e-05, 3.798629404627718e-05, 3.936412031180225e-05, 3.888164064846933e-05, 2.6793799406732433e-05, 3.173312506987713e-05, 2.6889498258242384e-05, 2.39952169067692e-05, 2.5674755306681618e-05, 3.3270818676101044e-05, 2.98169361485634e-05, 2.876615872082766e-05, 2.9630347853526473e-05, 3.113822094746865e-05, 2.6273030016454868e-05, 1.8406564777251333e-05, 1.75326695170952e-05, 1.586206053616479e-05, 1.3786011550109833e-05, 1.5219067790894769e-05, 2.0357329049147666e-05, 2.049170325335581e-05, 2.3156906536314636e-05, 2.502517236280255e-05, 1.5492551028728485e-05, 1.040281404129928e-05, 7.439174623868894e-06, 6.841813501523575e-06, 8.266832992376294e-06, 1.0850096259673592e-05, 1.768357469700277e-05, 2.7472131478134543e-05, 3.226368789910339e-05, 3.463144457782619e-05, 2.7531592422747053e-05, 1.6560525182285346e-05, 1.140953645517584e-05, 8.509688086633105e-06, 5.7350489441887476e-06, 5.31910745849018e-06, 5.056017016613623e-06, 4.248658569849795e-06, 2.6701625301939202e-06, 2.513087338229525e-06, 2.142450057363021e-06, 2.4610249056422617e-06, 2.920061433542287e-06, 2.8202637167851208e-06, 3.146343033222365e-06, 2.870843218261143e-06, 3.336998361191945e-06, 5.582014637184329e-06, 7.244348125823308e-06, 6.507239959319122e-06, 8.666372195875738e-06, 1.0717961231421214e-05, 1.076984790415736e-05, 1.1099516996182501e-05, 1.0265010132570751e-05, 8.855498890625313e-06, 9.406217031937558e-06, 7.6014753176423255e-06, 5.7979204939329065e-06, 4.730334694613703e-06, 4.26957058152766e-06, 3.2568268579780124e-06, 2.9778966563753784e-06, 2.446766075081541e-06, 1.894348656605871e-06, 1.8830343151421403e-06, 1.5703582221249235e-06, 1.2967914244654821e-06, 9.42166934692068e-07, 7.281499847522355e-07, 3.814329829765484e-07, 3.5740967518904654e-07, 3.613714909533883e-07, 3.4119003089472244e-07, 2.1916837056323857e-07, 1.1940944943944487e-07, 5.830758098568367e-08, 1.2826944839616772e-08, 7.497494292074691e-10, 3.2612166439571766e-11, 3.133108356090375e-11, 3.0478300439007455e-11, 2.9859802130882684e-11, 2.908147507529879e-11, 2.8607812299630275e-11, 2.81436783600153e-11, 2.767104427536804e-11, 2.73821191415502e-11, 2.7224068485653952e-11], "lowlevel.melbands128.stdev": [0.08456768840551376, 0.048473574221134186, 0.038874395191669464, 0.01359915267676115, 0.006590738892555237, 0.0061559248715639114, 0.0038710141088813543, 0.001640672911889851, 0.0010117358760908246, 0.0017380885547026992, 0.0017268320079892874, 0.0006981419282965362, 0.00034357004915364087, 0.0006167455576360226, 0.0013635562499985099, 0.0008817611378617585, 0.0005296690505929291, 0.000871327705681324, 0.0009491172968409956, 0.0005657526198774576, 0.00028927208040840924, 0.0002464570279698819, 0.00025797574198804796, 0.00012253932072781026, 0.00025620823726058006, 0.00021273360471241176, 4.376504148240201e-05, 3.802757055382244e-05, 3.074356573051773e-05, 2.442385084577836e-05, 4.698699922300875e-05, 7.040779746603221e-05, 7.998482760740444e-05, 0.00012771169713232666, 0.00015643337974324822, 0.00017875246703624725, 0.00017659889999777079, 0.00017340863996651024, 0.0001612308988114819, 0.00010034804290626198, 0.00010216178634436801, 8.622433233540505e-05, 8.976567187346518e-05, 8.510601765010506e-05, 0.00011418402573326603, 9.305545245297253e-05, 8.211921522160992e-05, 8.218583388952538e-05, 9.004961611935869e-05, 7.041962089715526e-05, 4.5273860450834036e-05, 4.408620952744968e-05, 4.425518272910267e-05, 3.91515095543582e-05, 3.4600048820720986e-05, 5.033096385886893e-05, 4.2733518057502806e-05, 4.818959132535383e-05, 5.095604501548223e-05, 3.076505527133122e-05, 2.2286063540377654e-05, 1.8832221030606888e-05, 1.6279651390505023e-05, 1.6979140127659775e-05, 2.0911686078761704e-05, 3.2619060220895335e-05, 4.555393024929799e-05, 5.877031435375102e-05, 7.001224730629474e-05, 5.0966275011887774e-05, 3.277105497545563e-05, 2.1955918782623485e-05, 1.80568422365468e-05, 1.4575335626432206e-05, 1.48900007843622e-05, 1.4718257261847612e-05, 1.4091321645537391e-05, 7.768028808641247e-06, 7.457689662260236e-06, 6.6143047661171295e-06, 7.274627932929434e-06, 9.239036444341764e-06, 8.909629286790732e-06, 9.866261279967148e-06, 9.125657925324049e-06, 1.1119427654193714e-05, 1.89674519788241e-05, 2.387285712757148e-05, 2.1345014829421416e-05, 2.7330152079230174e-05, 3.3496966352686286e-05, 3.0857518140692264e-05, 3.1905710784485564e-05, 3.3514330425532535e-05, 2.943126492027659e-05, 3.0483313821605407e-05, 2.39442761085229e-05, 1.9309791241539642e-05, 1.5213929145829752e-05, 1.393486945744371e-05, 9.821540515986271e-06, 8.61324315337697e-06, 7.139070021366933e-06, 5.737242645409424e-06, 5.717412022931967e-06, 4.272957539797062e-06, 3.65795563084248e-06, 2.666624368430348e-06, 2.0597094589902554e-06, 1.0787460951178218e-06, 9.98112341221713e-07, 8.997573104352341e-07, 7.944308322294091e-07, 6.173264637254761e-07, 3.998922295522789e-07, 2.944601931176294e-07, 6.23806073463129e-08, 7.09622227645923e-09, 4.2482347500927276e-11, 3.9859823774968106e-11, 3.8461893392405244e-11, 3.756537095278567e-11, 3.6800919950286115e-11, 3.6149246790406764e-11, 3.5606458753667525e-11, 3.517506425021466e-11, 3.4861124403873234e-11, 3.4668420911820874e-11], "lowlevel.mfcc.mean": [-681.5584106445312, 127.0690689086914, 48.774417877197266, 53.4688606262207, 44.44269943237305, 1.918629765510559, 19.826711654663086, 6.819516658782959, -0.1073911264538765, 26.06220054626465, -1.7199900150299072, 11.544029235839844, 13.358010292053223], "lowlevel.spectral_contrast_coeffs.mean": [-0.7385268807411194, -0.7306649088859558, -0.8175604343414307, -0.7890950441360474, -0.7685482501983643, -0.8087127208709717], "lowlevel.spectral_contrast_coeffs.stdev": [0.062579445540905, 0.07709620147943497, 0.053310513496398926, 0.06728477030992508, 0.05885529890656471, 0.039083097130060196], "lowlevel.spectral_contrast_valleys.mean": [-5.948017120361328, -7.209579944610596, -8.307409286499023, -8.372400283813477, -7.953412055969238, -10.366065979003906], "lowlevel.spectral_contrast_valleys.stdev": [0.5851228833198547, 0.7005706429481506, 0.9748930335044861, 1.1079130172729492, 1.2960050106048584, 1.4929331541061401], "rhythm.beats_loudness_band_ratio.mean": [0.9409114122390747, 0.018491828814148903, 0.007568500004708767, 0.010156592354178429, 0.010817619040608406, 0.014685079455375671], "rhythm.beats_loudness_band_ratio.stdev": [0.056308966130018234, 0.028422459959983826, 0.01009870134294033, 0.02328958921134472, 0.016364866867661476, 0.01796550676226616], "tonal.hpcp.mean": [0.054567862302064896, 0.054635923355817795, 0.040932342410087585, 0.0383036769926548, 0.040082816034555435, 0.025791184976696968, 0.016488252207636833, 0.015267354436218739, 0.00854145735502243, 0.008998294360935688, 0.0129056666046381, 0.010797877795994282, 0.005532474722713232, 0.005121619440615177, 0.009643017314374447, 0.030163681134581566, 0.055834878236055374, 0.0432925671339035, 0.02985464408993721, 0.0555218942463398, 0.05488019809126854, 0.02884400449693203, 0.017725635319948196, 0.2493692934513092, 0.539483368396759, 0.4005139172077179, 0.1283571869134903, 0.042408257722854614, 0.02634209580719471, 0.021096501499414444, 0.02365851029753685, 0.02614939771592617, 0.022700054571032524, 0.01856771670281887, 0.017073193565011024, 0.029760267585515976], "tonal.hpcp.stdev": [0.20656871795654297, 0.18622516095638275, 0.15263670682907104, 0.14574488997459412, 0.14503638446331024, 0.10196791589260101, 0.10015441477298737, 0.10068882256746292, 0.06432907283306122, 0.05613700672984123, 0.060184404253959656, 0.055670082569122314, 0.02158975414931774, 0.021174272522330284, 0.06545593589544296, 0.135249525308609, 0.2070504128932953, 0.16286617517471313, 0.136710062623024, 0.20529232919216156, 0.2086191177368164, 0.12725937366485596, 0.09999582916498184, 0.25890210270881653, 0.46035706996917725, 0.33948543667793274, 0.27764907479286194, 0.1720626801252365, 0.14019757509231567, 0.12793876230716705, 0.13604693114757538, 0.14545667171478271, 0.13243094086647034, 0.11811114847660065, 0.11290016770362854, 0.13106124103069305], "rhythm.beats_position": [0.40634921193122864, 0.8359183669090271, 1.265487551689148, 1.7066665887832642, 2.1362357139587402, 2.554194927215576, 2.9953742027282715, 3.4481632709503174, 3.8661224842071533, 4.28408145904541, 4.702040672302246, 5.108389854431152, 5.526349067687988, 5.9326982498168945, 6.3506574630737305, 6.757006645202637, 7.186575889587402, 7.592925071716309, 8.010884284973145, 8.42884349822998, 8.858412742614746, 9.206711769104004, 9.543400764465332, 9.891700744628906, 10.251609802246094, 10.657958984375, 11.075918197631836, 11.505487442016602, 11.946666717529297, 12.376235961914062, 12.817414283752441, 13.270203590393066, 13.699772834777832, 14.117732048034668, 14.512471199035645, 14.93043041229248, 15.348389625549316, 15.766348838806152, 16.184309005737305, 16.57904815673828, 16.985397338867188, 17.403356552124023, 17.80970573425293, 18.216054916381836, 18.634014129638672, 19.040363311767578, 19.458322525024414, 19.87628173828125, 20.282630920410156, 20.688980102539062, 21.118547439575195, 21.53650665283203, 21.954465866088867, 22.360815048217773, 22.75555419921875, 23.16190528869629, 23.568254470825195, 23.962993621826172, 24.369342803955078, 24.775691986083984, 25.19365119934082, 25.611610412597656, 26.029569625854492, 26.447526931762695, 26.86548614501953, 27.283445358276367], "rhythm.bpm_histogram": [0.0, 0.0, 0.0, 0.0, 0.0, 0.0, 0.0, 0.0, 0.0, 0.0, 0.0, 0.0, 0.0, 0.0, 0.0, 0.0, 0.0, 0.0, 0.0, 0.0, 0.0, 0.0, 0.0, 0.0, 0.0, 0.0, 0.0, 0.0, 0.0, 0.0, 0.0, 0.0, 0.0, 0.0, 0.0, 0.0, 0.0, 0.0, 0.0, 0.0, 0.0, 0.0, 0.0, 0.0, 0.0, 0.0, 0.0, 0.0, 0.0, 0.0, 0.0, 0.0, 0.0, 0.0, 0.0, 0.0, 0.0, 0.0, 0.0, 0.0, 0.0, 0.0, 0.0, 0.0, 0.0, 0.0, 0.0, 0.0, 0.0, 0.0, 0.0, 0.0, 0.0, 0.0, 0.0, 0.0, 0.0, 0.0, 0.0, 0.0, 0.0, 0.0, 0.0, 0.0, 0.0, 0.0, 0.0, 0.0, 0.0, 0.0, 0.0, 0.0, 0.0, 0.0, 0.0, 0.0, 0.0, 0.0, 0.0, 0.0, 0.0, 0.0, 0.0, 0.0, 0.0, 0.0, 0.0, 0.0, 0.0, 0.0, 0.0, 0.0, 0.0, 0.0, 0.0, 0.0, 0.0, 0.0, 0.0, 0.0, 0.0, 0.0, 0.0, 0.0, 0.0, 0.0, 0.0, 0.0, 0.0, 0.0, 0.0, 0.0, 0.0, 0.03076923079788685, 0.0, 0.0, 0.0615384615957737, 0.0, 0.0, 0.0, 0.13846154510974884, 0.0, 0.0, 0.0, 0.4000000059604645, 0.0, 0.0, 0.0, 0.2461538463830948, 0.0, 0.0, 0.0, 0.0615384615957737, 0.0, 0.0, 0.0, 0.0, 0.0, 0.0, 0.0, 0.0, 0.0, 0.0, 0.0, 0.0, 0.0, 0.0, 0.015384615398943424, 0.0, 0.0, 0.0, 0.0, 0.03076923079788685, 0.0, 0.0, 0.0, 0.0, 0.0, 0.015384615398943424, 0.0, 0.0, 0.0, 0.0, 0.0, 0.0, 0.0, 0.0, 0.0, 0.0, 0.0, 0.0, 0.0, 0.0, 0.0, 0.0, 0.0, 0.0, 0.0, 0.0, 0.0, 0.0, 0.0, 0.0, 0.0, 0.0, 0.0, 0.0, 0.0, 0.0, 0.0, 0.0, 0.0, 0.0, 0.0, 0.0, 0.0, 0.0, 0.0, 0.0, 0.0, 0.0, 0.0, 0.0, 0.0, 0.0, 0.0, 0.0, 0.0, 0.0, 0.0, 0.0, 0.0, 0.0, 0.0, 0.0, 0.0, 0.0, 0.0, 0.0, 0.0, 0.0, 0.0, 0.0, 0.0, 0.0, 0.0, 0.0, 0.0, 0.0, 0.0], "tonal.chords_histogram": [4.697986602783203, 5.704698085784912, 19.966442108154297, 3.3557047843933105, 0.0, 0.0, 0.0, 13.92617416381836, 21.64429473876953, 30.033557891845703, 0.0, 0.0, 0.0, 0.0, 0.0, 0.0, 0.0, 0.0, 0.0, 0.0, 0.6711409687995911, 0.0, 0.0, 0.0], "tonal.thpcp": [1.0, 0.7424027323722839, 0.23792612552642822, 0.07860901951789856, 0.04882837459445, 0.03910500928759575, 0.043854013085365295, 0.04847118258476257, 0.04207739606499672, 0.034417588263750076, 0.03164730221033096, 0.055164385586977005, 0.10114836692810059, 0.1012745276093483, 0.0758732259273529, 0.07100066542625427, 0.07429852336645126, 0.04780719056725502, 0.03056304156780243, 0.028299953788518906, 0.01583266071975231, 0.016679465770721436, 0.0239222701638937, 0.02001521922647953, 0.010255134664475918, 0.009493563324213028, 0.017874540761113167, 0.055912163108587265, 0.10349693894386292, 0.08024819940328598, 0.05533932149410248, 0.10291678458452225, 0.10172732174396515, 0.05346597358584404, 0.03285668417811394, 0.4622372090816498], "lowlevel.gfcc.cov": [[7234.93701171875, -2637.55517578125, -2019.0360107421875, 1196.88037109375, -842.6866455078125, 443.1260986328125, -953.6558837890625, 440.4710998535156, -622.973388671875, 347.0216064453125, -51.229454040527344, 309.95947265625, -314.9593811035156], [-2637.55517578125, 2730.68408203125, 340.1246337890625, -1125.6246337890625, 662.7932739257812, -500.74359130859375, 387.105224609375, -258.3923034667969, 225.1173553466797, -248.831298828125, 212.59202575683594, -272.4895324707031, 168.4355010986328], [-2019.0360107421875, 340.1246337890625, 1318.7684326171875, -26.233951568603516, 124.8748779296875, 22.924083709716797, 232.2033233642578, -119.05816650390625, 137.2532196044922, -103.0488510131836, -92.18569946289062, -49.95444869995117, 68.01697540283203], [1196.88037109375, -1125.6246337890625, -26.233951568603516, 855.9293823242188, -165.15713500976562, 92.49751281738281, -301.50421142578125, 78.30047607421875, -68.11311340332031, 7.281346321105957, -115.30604553222656, 93.43936157226562, -9.91012954711914], [-842.6866455078125, 662.7932739257812, 124.8748779296875, -165.15713500976562, 451.0315246582031, -171.5833740234375, -30.6530704498291, -50.81369400024414, 108.41153717041016, -58.84409713745117, 15.628755569458008, -112.0242691040039, 74.43377685546875], [443.1260986328125, -500.74359130859375, 22.924083709716797, 92.49751281738281, -171.5833740234375, 385.40216064453125, 100.88423156738281, -28.30234146118164, -76.70560455322266, 57.34101104736328, -87.05418395996094, 9.118379592895508, -87.67973327636719], [-953.6558837890625, 387.105224609375, 232.2033233642578, -301.50421142578125, -30.6530704498291, 100.88423156738281, 518.4349365234375, -52.80366134643555, 18.16602325439453, -43.56523513793945, -1.915122389793396, -52.4827995300293, -23.542367935180664], [440.4710998535156, -258.3923034667969, -119.05816650390625, 78.30047607421875, -50.81369400024414, -28.30234146118164, -52.80366134643555, 164.1139678955078, -31.918596267700195, 22.349821090698242, -1.1330486536026, 18.49687957763672, -16.157262802124023], [-622.973388671875, 225.1173553466797, 137.2532196044922, -68.11311340332031, 108.41153717041016, -76.70560455322266, 18.16602325439453, -31.918596267700195, 191.40213012695312, -8.446306228637695, -14.274456024169922, -37.492919921875, 60.16746139526367], [347.0216064453125, -248.831298828125, -103.0488510131836, 7.281346321105957, -58.84409713745117, 57.34101104736328, -43.56523513793945, 22.349821090698242, -8.446306228637695, 143.16122436523438, 0.4485194981098175, -4.06721305847168, -39.76121139526367], [-51.229454040527344, 212.59202575683594, -92.18569946289062, -115.30604553222656, 15.628755569458008, -87.05418395996094, -1.915122389793396, -1.1330486536026, -14.274456024169922, 0.4485194981098175, 144.77113342285156, 5.47255802154541, 8.342653274536133], [309.95947265625, -272.4895324707031, -49.95444869995117, 93.43936157226562, -112.0242691040039, 9.118379592895508, -52.4827995300293, 18.49687957763672, -37.492919921875, -4.06721305847168, 5.47255802154541, 133.1975860595703, 4.943169593811035], [-314.9593811035156, 168.4355010986328, 68.01697540283203, -9.91012954711914, 74.43377685546875, -87.67973327636719, -23.542367935180664, -16.157262802124023, 60.16746139526367, -39.76121139526367, 8.342653274536133, 4.943169593811035, 107.85165405273438]], "lowlevel.gfcc.icov": [[0.0012961335014551878, -0.0015877526020631194, 0.0013616114156320691, -0.002163384109735489, 0.0013815987622365355, -0.002042242791503668, 0.0015556066064164042, -0.0024949940852820873, 0.0015187941025942564, -0.002274676924571395, 0.0007268092595040798, -0.0016798300202935934, 0.0008941442356444895], [-0.0015877526020631194, 0.006171878892928362, -0.0017588874325156212, 0.006408690009266138, -0.0032746894285082817, 0.005669820588082075, -0.0024581009056419134, 0.00667157769203186, -0.0014628971694037318, 0.007140699774026871, -0.002144774654880166, 0.0060935053043067455, -0.0019098602933809161], [0.0013616114156320691, -0.0017588874325156212, 0.002452373504638672, -0.0025446810759603977, 0.001328325248323381, -0.002236374653875828, 0.0011579706333577633, -0.0022398405708372593, 0.0011186975752934813, -0.0021125676576048136, 0.0012550698593258858, -0.0018519064178690314, 0.0007100600050762296], [-0.002163384109735489, 0.006408690009266138, -0.0025446810759603977, 0.009029500186443329, -0.0030956915579736233, 0.00582432234659791, -0.0017364254454150796, 0.006797920446842909, -0.0019008646486327052, 0.008275547996163368, -0.0010390161769464612, 0.006077697034925222, -0.0024679049383848906], [0.0013815987622365355, -0.0032746894285082817, 0.001328325248323381, -0.0030956915579736233, 0.006338730454444885, -0.0022869198583066463, 0.002798091620206833, -0.003340303897857666, 0.0008772028377279639, -0.002932676812633872, 0.0017172580119222403, -0.00011119787086499855, 0.0002049369941232726], [-0.002042242791503668, 0.005669820588082075, -0.002236374653875828, 0.00582432234659791, -0.0022869198583066463, 0.010639125481247902, -0.003882716642692685, 0.008313672617077827, -0.0008324413793161511, 0.005298163276165724, 0.0005072621279396117, 0.006002828478813171, -0.00014437790377996862], [0.0015556066064164042, -0.0024581009056419134, 0.0011579706333577633, -0.0017364254454150796, 0.002798091620206833, -0.003882716642692685, 0.005377211142331362, -0.003596525639295578, 0.0014696778962388635, -0.0017427100101485848, 0.0010373954428359866, -0.00149921711999923, 0.0015653526643291116], [-0.0024949940852820873, 0.00667157769203186, -0.0022398405708372593, 0.006797920446842909, -0.003340303897857666, 0.008313672617077827, -0.003596525639295578, 0.015419620089232922, -0.001768789254128933, 0.007114424370229244, -0.0016154018230736256, 0.006755845621228218, -0.0016542498487979174], [0.0015187941025942564, -0.0014628971694037318, 0.0011186975752934813, -0.0019008646486327052, 0.0008772028377279639, -0.0008324413793161511, 0.0014696778962388635, -0.001768789254128933, 0.009845825843513012, -0.004051262512803078, 0.002443386008962989, -0.0005130267236381769, -0.002538270317018032], [-0.002274676924571395, 0.007140699774026871, -0.0021125676576048136, 0.008275547996163368, -0.002932676812633872, 0.005298163276165724, -0.0017427100101485848, 0.007114424370229244, -0.004051262512803078, 0.01803504303097725, -0.0032858457416296005, 0.00834173709154129, 9.555064025335014e-05], [0.0007268092595040798, -0.002144774654880166, 0.0012550698593258858, -0.0010390161769464612, 0.0017172580119222403, 0.0005072621279396117, 0.0010373954428359866, -0.0016154018230736256, 0.002443386008962989, -0.0032858457416296005, 0.010730304755270481, -0.0027093873359262943, 0.0005164302419871092], [-0.0016798300202935934, 0.0060935053043067455, -0.0018519064178690314, 0.006077697034925222, -0.00011119787086499855, 0.006002828478813171, -0.00149921711999923, 0.006755845621228218, -0.0005130267236381769, 0.00834173709154129, -0.0027093873359262943, 0.017271334305405617, -0.0042744954116642475], [0.0008941442356444895, -0.0019098602933809161, 0.0007100600050762296, -0.0024679049383848906, 0.0002049369941232726, -0.00014437790377996862, 0.0015653526643291116, -0.0016542498487979174, -0.002538270317018032, 9.555064025335014e-05, 0.0005164302419871092, -0.0042744954116642475, 0.01563357003033161]], "lowlevel.mfcc.cov": [[9354.8818359375, -3999.235107421875, -1265.9404296875, 10.28055191040039, 11.672164916992188, -348.42724609375, -107.38457489013672, -168.3209991455078, -542.4094848632812, -119.55513763427734, -135.499267578125, 14.096266746520996, 59.56369400024414], [-3999.235107421875, 3891.765380859375, -307.8562316894531, -344.1355895996094, 19.640357971191406, -162.14260864257812, 135.10568237304688, -64.36795043945312, 24.078216552734375, 54.810752868652344, 67.18206787109375, -37.55693435668945, 109.11786651611328], [-1265.9404296875, -307.8562316894531, 1038.881103515625, 130.71615600585938, -84.59019470214844, 234.13514709472656, 23.513404846191406, 97.58888244628906, 144.17019653320312, -29.305828094482422, -7.011239051818848, -5.215428829193115, -92.62130737304688], [10.28055191040039, -344.1355895996094, 130.71615600585938, 455.07659912109375, 214.3203125, -92.47508239746094, -123.60826873779297, 12.104333877563477, 35.403385162353516, -6.637363433837891, -129.73020935058594, -27.59680938720703, -2.8498687744140625], [11.672164916992188, 19.640357971191406, -84.59019470214844, 214.3203125, 536.6456298828125, -128.69351196289062, -169.9279327392578, -104.02403259277344, -31.658422470092773, 54.4546012878418, -152.68276977539062, -58.6494026184082, 24.935718536376953], [-348.42724609375, -162.14260864257812, 234.13514709472656, -92.47508239746094, -128.69351196289062, 389.83251953125, 53.0644416809082, 27.481002807617188, 112.21416473388672, -44.786373138427734, 118.50445556640625, -12.095244407653809, -114.26921081542969], [-107.38457489013672, 135.10568237304688, 23.513404846191406, -123.60826873779297, -169.9279327392578, 53.0644416809082, 256.49981689453125, 45.128807067871094, -14.260897636413574, -2.706063747406006, 51.72444152832031, 42.80073165893555, -8.55838680267334], [-168.3209991455078, -64.36795043945312, 97.58888244628906, 12.104333877563477, -104.02403259277344, 27.481002807617188, 45.128807067871094, 163.5207061767578, 36.52039337158203, -35.00776290893555, -9.619068145751953, 5.742056369781494, -7.616696357727051], [-542.4094848632812, 24.078216552734375, 144.17019653320312, 35.403385162353516, -31.658422470092773, 112.21416473388672, -14.260897636413574, 36.52039337158203, 212.3737335205078, 17.51676368713379, 28.944231033325195, -11.968883514404297, -51.3054313659668], [-119.55513763427734, 54.810752868652344, -29.305828094482422, -6.637363433837891, 54.4546012878418, -44.786373138427734, -2.706063747406006, -35.00776290893555, 17.51676368713379, 130.36155700683594, 13.629225730895996, -3.6888010501861572, -3.266127586364746], [-135.499267578125, 67.18206787109375, -7.011239051818848, -129.73020935058594, -152.68276977539062, 118.50445556640625, 51.72444152832031, -9.619068145751953, 28.944231033325195, 13.629225730895996, 195.6599884033203, 11.991950035095215, -65.29060363769531], [14.096266746520996, -37.55693435668945, -5.215428829193115, -27.59680938720703, -58.6494026184082, -12.095244407653809, 42.80073165893555, 5.742056369781494, -11.968883514404297, -3.6888010501861572, 11.991950035095215, 107.54386901855469, 23.100337982177734], [59.56369400024414, 109.11786651611328, -92.62130737304688, -2.8498687744140625, 24.935718536376953, -114.26921081542969, -8.55838680267334, -7.616696357727051, -51.3054313659668, -3.266127586364746, -65.29060363769531, 23.100337982177734, 136.63241577148438]], "lowlevel.mfcc.icov": [[0.0005035652429796755, 0.0005974480300210416, 0.0006255051121115685, 0.000270556949544698, 0.0001860030897660181, 0.00033740882645361125, -0.0001421168853994459, 0.00045590047375299037, 0.0005230575334280729, 0.0004382775805424899, 0.0003099312889389694, 0.0003911258827429265, 0.00028661428950726986], [0.0005974480300210416, 0.0010270325001329184, 0.00074740219861269, 0.0006095284479670227, 4.545473711914383e-05, 0.000670351495500654, -0.0004071624716743827, 0.0006143741775304079, 0.00030611929832957685, 0.0006485847407020628, 0.00015111618267837912, 0.0007247330504469573, 7.991818711161613e-05], [0.0006255051121115685, 0.00074740219861269, 0.002114328322932124, -0.00016441222396679223, 0.0005030061583966017, -0.00042341818334534764, -0.00022949329286348075, 0.00019874116696882993, 0.00037739629624411464, 0.00029169817571528256, 0.0009908241918310523, 0.00034328328911215067, 0.0006751758046448231], [0.000270556949544698, 0.0006095284479670227, -0.00016441222396679223, 0.004083728417754173, -0.0010420263279229403, 0.001459104591049254, 0.0005508065805770457, -0.00022990148863755167, -0.0007777377031743526, 0.0010587188880890608, 0.0012178700417280197, 0.00018720178923103958, 0.0010847230441868305], [0.0001860030897660181, 4.545473711914383e-05, 0.0005030061583966017, -0.0010420263279229403, 0.004123122896999121, -0.0002807564742397517, 0.0012902359012514353, 0.001995519967749715, 0.0008006279822438955, -0.001397782121784985, 0.002796015003696084, 0.0008902115514501929, 0.0008594432147219777], [0.00033740882645361125, 0.000670351495500654, -0.00042341818334534764, 0.001459104591049254, -0.0002807564742397517, 0.005806027911603451, -0.0007980423979461193, 0.0008203059551306069, -0.0018526999047026038, 0.002835403196513653, -0.0017177923582494259, 0.0008922694250941277, 0.0023640438448637724], [-0.0001421168853994459, -0.0004071624716743827, -0.00022949329286348075, 0.0005508065805770457, 0.0012902359012514353, -0.0007980423979461193, 0.005827749148011208, -0.0012434745440259576, 0.0010291992221027613, -0.0012352929916232824, 0.0005017012008465827, -0.0017289381939917803, 0.0005248542875051498], [0.00045590047375299037, 0.0006143741775304079, 0.00019874116696882993, -0.00022990148863755167, 0.001995519967749715, 0.0008203059551306069, -0.0012434745440259576, 0.008959487080574036, -0.000986523344181478, 0.0019910703413188457, 0.0019551562145352364, 0.000904976564925164, 0.0006423867889679968], [0.0005230575334280729, 0.00030611929832957685, 0.00037739629624411464, -0.0007777377031743526, 0.0008006279822438955, -0.0018526999047026038, 0.0010291992221027613, -0.000986523344181478, 0.007578806485980749, -0.0018601177725940943, 0.0005467308219522238, 0.00020903468248434365, 0.0011083005229011178], [0.0004382775805424899, 0.0006485847407020628, 0.00029169817571528256, 0.0010587188880890608, -0.001397782121784985, 0.002835403196513653, -0.0012352929916232824, 0.0019910703413188457, -0.0018601177725940943, 0.01046360470354557, -0.001830977271310985, 0.0005923212156631052, 0.0007473863661289215], [0.0003099312889389694, 0.00015111618267837912, 0.0009908241918310523, 0.0012178700417280197, 0.002796015003696084, -0.0017177923582494259, 0.0005017012008465827, 0.0019551562145352364, 0.0005467308219522238, -0.001830977271310985, 0.010738206095993519, -0.000666940351948142, 0.0040403795428574085], [0.0003911258827429265, 0.0007247330504469573, 0.00034328328911215067, 0.00018720178923103958, 0.0008902115514501929, 0.0008922694250941277, -0.0017289381939917803, 0.000904976564925164, 0.00020903468248434365, 0.0005923212156631052, -0.000666940351948142, 0.01136711798608303, -0.0021346507128328085], [0.00028661428950726986, 7.991818711161613e-05, 0.0006751758046448231, 0.0010847230441868305, 0.0008594432147219777, 0.0023640438448637724, 0.0005248542875051498, 0.0006423867889679968, 0.0011083005229011178, 0.0007473863661289215, 0.0040403795428574085, -0.0021346507128328085, 0.012225056067109108]], "metadata.audio_properties.analysis.downmix": "mix", "metadata.audio_properties.codec": "mp3", "metadata.audio_properties.md5_encoded": "fe747db365a39c5f5e01e74b21f9e6f4", "metadata.tags.file_name": "1182275190382669834.mp3", "metadata.version.essentia": "2.1-beta6-dev", "metadata.version.essentia_git_sha": "v2.1_beta5-1110-g77a6a954", "metadata.version.extractor": "music 2.0", "tonal.chords_key": "F", "