{"song_id": "1182271315374256188", "download": "https://cdn.discordapp.com/attachments/1135903449314238464/1182271315374256188/chirp.mp4?ex=658416f7&amp", "lyrics": "Intro:\nGululu, gululu, grab your brush, let's meet,\nIt's time for a dental cleaning treat!\n\nVerse 1:\nBrush on top, now brush below,\nGentle circles, round we go.\nInside, outside, don't forget the space,\nBrush every tooth, keep a happy face.\n\nChorus:\nTra la la, sing with glee,\nBrushing's fun for you and me.\nWave goodbye to tooth decay,\nSmile bright, hip hip hooray!", "style": ["happy song for kids"], "essentia_features": {"lowlevel.average_loudness": 0.942560076713562, "lowlevel.barkbands_crest.mean": 11.96876049041748, "lowlevel.barkbands_crest.stdev": 4.697920322418213, "lowlevel.barkbands_flatness_db.mean": 0.21587307751178741, "lowlevel.barkbands_flatness_db.stdev": 0.07470154017210007, "lowlevel.barkbands_kurtosis.mean": 9.015521049499512, "lowlevel.barkbands_kurtosis.stdev": 52.74235916137695, "lowlevel.barkbands_skewness.mean": 1.6234716176986694, "lowlevel.barkbands_skewness.stdev": 2.009721040725708, "lowlevel.barkbands_spread.mean": 17.36396598815918, "lowlevel.barkbands_spread.stdev": 15.712933540344238, "lowlevel.dissonance.mean": 0.4280470013618469, "lowlevel.dissonance.stdev": 0.04995274543762207, "lowlevel.dynamic_complexity": 5.675187587738037, "lowlevel.erbbands_crest.mean": 12.785423278808594, "lowlevel.erbbands_crest.stdev": 5.941493034362793, "lowlevel.erbbands_flatness_db.mean": 0.2326066792011261, "lowlevel.erbbands_flatness_db.stdev": 0.07654266059398651, "lowlevel.erbbands_kurtosis.mean": 2.396482467651367, "lowlevel.erbbands_kurtosis.stdev": 9.535799026489258, "lowlevel.erbbands_skewness.mean": 0.5341979265213013, "lowlevel.erbbands_skewness.stdev": 1.2876712083816528, "lowlevel.erbbands_spread.mean": 33.10953903198242, "lowlevel.erbbands_spread.stdev": 25.007932662963867, "lowlevel.hfc.mean": 15.333488464355469, "lowlevel.hfc.stdev": 20.53315544128418, "lowlevel.loudness_ebu128.integrated": -13.807632446289062, "lowlevel.loudness_ebu128.loudness_range": 2.496983528137207, "lowlevel.loudness_ebu128.momentary.mean": -14.527130126953125, "lowlevel.loudness_ebu128.momentary.stdev": 2.6485328674316406, "lowlevel.loudness_ebu128.short_term.mean": -13.972864151000977, "lowlevel.loudness_ebu128.short_term.stdev": 0.8980010747909546, "lowlevel.melbands_crest.mean": 15.158140182495117, "lowlevel.melbands_crest.stdev": 5.432931900024414, "lowlevel.melbands_flatness_db.mean": 0.26065465807914734, "lowlevel.melbands_flatness_db.stdev": 0.08825178444385529, "lowlevel.melbands_kurtosis.mean": 15.919339179992676, "lowlevel.melbands_kurtosis.stdev": 28.179309844970703, "lowlevel.melbands_skewness.mean": 2.536418914794922, "lowlevel.melbands_skewness.stdev": 2.0675129890441895, "lowlevel.melbands_spread.mean": 22.042442321777344, "lowlevel.melbands_spread.stdev": 28.452239990234375, "lowlevel.pitch_salience.mean": 0.5203642845153809, "lowlevel.pitch_salience.stdev": 0.13916273415088654, "lowlevel.silence_rate_20dB.mean": 1.0, "lowlevel.silence_rate_20dB.stdev": 0.0, "lowlevel.silence_rate_30dB.mean": 0.997956395149231, "lowlevel.silence_rate_30dB.stdev": 0.04516059532761574, "lowlevel.silence_rate_60dB.mean": 0.24182561039924622, "lowlevel.silence_rate_60dB.stdev": 0.4281926155090332, "lowlevel.spectral_centroid.mean": 1119.7388916015625, "lowlevel.spectral_centroid.stdev": 814.4556274414062, "lowlevel.spectral_complexity.mean": 8.98705768585205, "lowlevel.spectral_complexity.stdev": 6.564949989318848, "lowlevel.spectral_decrease.mean": -4.563896816023316e-09, "lowlevel.spectral_decrease.stdev": 5.464453778358802e-09, "lowlevel.spectral_energy.mean": 0.01861599087715149, "lowlevel.spectral_energy.stdev": 0.022068127989768982, "lowlevel.spectral_energyband_high.mean": 0.0004118721990380436, "lowlevel.spectral_energyband_high.stdev": 0.001038026879541576, "lowlevel.spectral_energyband_low.mean": 0.0038728974759578705, "lowlevel.spectral_energyband_low.stdev": 0.010158808901906013, "lowlevel.spectral_energyband_middle_high.mean": 0.005701075308024883, "lowlevel.spectral_energyband_middle_high.stdev": 0.012278635054826736, "lowlevel.spectral_energyband_middle_low.mean": 0.009137996472418308, "lowlevel.spectral_energyband_middle_low.stdev": 0.011580083519220352, "lowlevel.spectral_entropy.mean": 6.929482460021973, "lowlevel.spectral_entropy.stdev": 0.7648901343345642, "lowlevel.spectral_flux.mean": 0.06741359084844589, "lowlevel.spectral_flux.stdev": 0.06401869654655457, "lowlevel.spectral_kurtosis.mean": 9.3882417678833, "lowlevel.spectral_kurtosis.stdev": 9.629849433898926, "lowlevel.spectral_rms.mean": 0.003490681294351816, "lowlevel.spectral_rms.stdev": 0.0024448074400424957, "lowlevel.spectral_rolloff.mean": 1582.513916015625, "lowlevel.spectral_rolloff.stdev": 1985.6773681640625, "lowlevel.spectral_skewness.mean": 2.01932430267334, "lowlevel.spectral_skewness.stdev": 0.9477592706680298, "lowlevel.spectral_spread.mean": 4126210.5, "lowlevel.spectral_spread.stdev": 2604737.25, "lowlevel.spectral_strongpeak.mean": 1.3590270280838013, "lowlevel.spectral_strongpeak.stdev": 1.977353811264038, "lowlevel.zerocrossingrate.mean": 0.059674087911844254, "lowlevel.zerocrossingrate.stdev": 0.05373571068048477, "metadata.audio_properties.analysis.equal_loudness": 0.0, "metadata.audio_properties.analysis.length": 34.046939849853516, "metadata.audio_properties.analysis.sample_rate": 44100.0, "metadata.audio_properties.analysis.start_time": 0.0, "metadata.audio_properties.bit_rate": 116023.0, "metadata.audio_properties.length": 34.04800033569336, "metadata.audio_properties.lossless": 0.0, "metadata.audio_properties.number_channels": 1.0, "metadata.audio_properties.replay_gain": -14.688726425170898, "metadata.audio_properties.sample_rate": 48000.0, "rhythm.beats_count": 71.0, "rhythm.beats_loudness.mean": 0.03905350714921951, "rhythm.beats_loudness.stdev": 0.0158045943826437, "rhythm.bpm": 125.93437194824219, "rhythm.bpm_histogram_first_peak_bpm": 126.0, "rhythm.bpm_histogram_first_peak_weight": 0.2428571581840515, "rhythm.bpm_histogram_second_peak_bpm": 0.0, "rhythm.bpm_histogram_second_peak_spread": 0.0, "rhythm.bpm_histogram_second_peak_weight": 0.0, "rhythm.danceability": 1.4081777334213257, "rhythm.onset_rate": 4.344804286956787, "tonal.chords_changes_rate": 0.06802721321582794, "tonal.chords_number_rate": 0.016326529905200005, "tonal.chords_strength.mean": 0.5345059037208557, "tonal.chords_strength.stdev": 0.09425514191389084, "tonal.hpcp_crest.mean": 17.0234432220459, "tonal.hpcp_crest.stdev": 7.830166816711426, "tonal.hpcp_entropy.mean": 1.5903420448303223, "tonal.hpcp_entropy.stdev": 0.775108814239502, "tonal.key_edma.strength": 0.6300005316734314, "tonal.key_krumhansl.strength": 0.6439467668533325, "tonal.key_temperley.strength": 0.6476301550865173, "tonal.tuning_diatonic_strength": 0.39731425046920776, "tonal.tuning_equal_tempered_deviation": 0.03937333822250366, "tonal.tuning_frequency": 439.4919738769531, "tonal.tuning_nontempered_energy_ratio": 0.674562931060791, "lowlevel.barkbands.mean": [2.3447952116839588e-05, 0.0016333679668605328, 0.0018140156753361225, 0.0007294288952834904, 0.001574346562847495, 0.002572282450273633, 0.00215603387914598, 0.0009579982724972069, 0.0009218230261467397, 0.0014322551432996988, 0.0006893621757626534, 0.000968143402133137, 0.0006464743637479842, 0.000542039459105581, 0.0005189814837649465, 0.0002575544931460172, 0.00035934362676925957, 0.00025768703198991716, 0.00012170259287813678, 7.053504668874666e-05, 6.56719712424092e-05, 3.662458038888872e-05, 0.0001202753119287081, 4.752635140903294e-05, 8.304116636281833e-05, 1.604369936103467e-05, 5.520214063636786e-09], "lowlevel.barkbands.stdev": [7.057806215016171e-05, 0.003563356352970004, 0.00662247696891427, 0.0017562882276251912, 0.0039087506011128426, 0.00514794047921896, 0.00629205210134387, 0.004339853301644325, 0.002921384759247303, 0.007407881785184145, 0.0036894348450005054, 0.004068381153047085, 0.002777447458356619, 0.0022715332452207804, 0.0021091895177960396, 0.0015085493214428425, 0.0011517016682773829, 0.0008923058630898595, 0.0005640816525556147, 0.00017863560060504824, 0.00017423552344553173, 0.00012987760419491678, 0.0003649749851319939, 0.00017639438738115132, 0.00033267546677961946, 7.734623068245128e-05, 5.068027064680791e-08], "lowlevel.erbbands.mean": [0.02607237733900547, 0.4544279873371124, 1.8841418027877808, 2.4999163150787354, 3.1246211528778076, 6.147772789001465, 11.732954025268555, 23.405588150024414, 26.888198852539062, 31.762962341308594, 20.867244720458984, 19.944082260131836, 28.92359161376953, 52.69044876098633, 26.326961517333984, 39.984127044677734, 30.672992706298828, 32.460811614990234, 27.01442527770996, 18.124513626098633, 16.482067108154297, 19.855266571044922, 15.129358291625977, 10.518549919128418, 4.075968265533447, 3.2739908695220947, 3.286090612411499, 2.040663480758667, 1.2999491691589355, 2.3775110244750977, 3.4872777462005615, 1.225587010383606, 0.8489184379577637, 1.0202085971832275, 0.5206547379493713, 0.1409313976764679, 0.012975466437637806, 0.0005045597208663821, 3.0341014280566014e-05, 2.4687413315405138e-05], "lowlevel.erbbands.stdev": [0.05821328982710838, 1.0257954597473145, 6.32873010635376, 6.867050647735596, 9.924439430236816, 17.860658645629883, 28.232784271240234, 50.74278259277344, 71.85749816894531, 92.17811584472656, 82.19551086425781, 64.62935638427734, 104.20085906982422, 264.6229248046875, 103.57080841064453, 170.5856170654297, 122.79214477539062, 125.60160064697266, 98.08110809326172, 68.4466552734375, 79.69039916992188, 60.94279861450195, 46.62587356567383, 48.08122253417969, 11.253113746643066, 7.9175124168396, 8.606959342956543, 6.1142191886901855, 4.288410186767578, 7.860449314117432, 10.595611572265625, 3.693864583969116, 3.583726167678833, 4.178385257720947, 2.142353057861328, 0.6354573965072632, 0.069175124168396, 0.002661291044205427, 9.091994434129447e-05, 2.911720184783917e-05], "lowlevel.gfcc.mean": [-125.83154296875, 115.2794189453125, -136.15151977539062, 21.868928909301758, -65.85344696044922, 3.7317795753479004, -49.52408218383789, 2.4945671558380127, -18.056873321533203, -4.681649208068848, -2.6246635913848877, -3.183720111846924, -3.1633150577545166], "lowlevel.melbands.mean": [0.00035252331872470677, 0.0008564278832636774, 0.00044913197052665055, 0.00031651792232878506, 0.0003864913305733353, 0.0005097988178022206, 0.000438792776549235, 0.0003212495648767799, 0.00016036313900258392, 0.00012618160690180957, 0.0001491466973675415, 0.00022301571152638644, 8.615473780082539e-05, 0.00010573407053016126, 8.265504584414884e-05, 6.809546175645664e-05, 5.741828499594703e-05, 4.028966577607207e-05, 3.850958455586806e-05, 1.669431003392674e-05, 1.8257625924888998e-05, 1.987717769225128e-05, 1.9268785763415508e-05, 1.1209423973923549e-05, 8.428701221419033e-06, 3.063633585043135e-06, 2.1191065115999663e-06, 2.2148337848193478e-06, 2.2546489617525367e-06, 1.5983955563569907e-06, 1.0440288633617456e-06, 7.363678378169425e-07, 6.712049298585043e-07, 1.6676458471920341e-06, 2.3435059119947255e-06, 1.246776605512423e-06, 5.536195999411575e-07, 5.463985530695936e-07, 6.370825644808065e-07, 9.898958523990586e-07], "lowlevel.melbands.stdev": [0.0007557272328995168, 0.0025115201715379953, 0.001138390158303082, 0.0008476739167235792, 0.0008420406957156956, 0.0010647106682881713, 0.0011802543886005878, 0.00096964678959921, 0.0006118238088674843, 0.0004169773019384593, 0.0005742571083828807, 0.0011637720745056868, 0.0003986228839494288, 0.0005010041641071439, 0.0003086593351326883, 0.00030247881659306586, 0.0002451868786010891, 0.00016006609075702727, 0.00018518284196034074, 9.977586887544021e-05, 8.507628081133589e-05, 6.153197318781167e-05, 8.498874376527965e-05, 3.305643258499913e-05, 4.526094198809005e-05, 9.698753274278715e-06, 4.882233497482957e-06, 6.050675892765867e-06, 6.365557510434883e-06, 4.587569947034353e-06, 3.5311550163896754e-06, 2.5377639758517034e-06, 2.644524101924617e-06, 5.6609510465932544e-06, 7.467384875781136e-06, 3.752874818019336e-06, 1.918859197758138e-06, 2.353238187424722e-06, 2.7590306217462057e-06, 4.1822149796644226e-06], "lowlevel.melbands128.mean": [1.4939158063498326e-05, 0.0001174150820588693, 0.0004802164330612868, 0.0008245237986557186, 0.0009722918621264398, 0.0008706508670002222, 0.0005180480657145381, 0.00033820595126599073, 0.00030623030033893883, 0.0002802848466672003, 0.0003749931347556412, 0.0003073912230320275, 0.0003776286030188203, 0.0004994735354557633, 0.0005486927693709731, 0.0005532580544240773, 0.0003288214502390474, 0.00046130901318974793, 0.0005041789845563471, 0.00036984775215387344, 0.00022034738503862172, 0.00020275507995393127, 0.00013896073505748063, 0.0001388776581734419, 0.00012251360749360174, 0.00011896365322172642, 0.00014377998013515025, 0.00011360192729625851, 0.00016690930351614952, 0.0003195938770659268, 0.00020573538495227695, 0.00012435992539394647, 6.76341587677598e-05, 6.431063957279548e-05, 9.389350452693179e-05, 0.00012852653162553906, 0.00011322773207211867, 7.926866237539798e-05, 6.9936562795192e-05, 5.573354064836167e-05, 6.0815618780907243e-05, 9.870868234429508e-05, 5.204658373259008e-05, 4.723050005850382e-05, 3.292796100140549e-05, 4.110292866243981e-05, 4.342306056059897e-05, 5.690822581527755e-05, 2.2466312657343224e-05, 1.6885769582586363e-05, 1.0857283996301703e-05, 2.4125816707964987e-05, 2.300937194377184e-05, 1.3744367606705055e-05, 1.414471807947848e-05, 2.2634163542534225e-05, 1.9861610780935735e-05, 2.6985719159711152e-05, 1.6788042557891458e-05, 9.501024578639772e-06, 1.1381811418686993e-05, 1.071640508598648e-05, 1.3458965440804604e-05, 6.594733804377029e-06, 2.4968089746835176e-06, 3.1548649985779775e-06, 3.4914071420644177e-06, 1.9989026895927964e-06, 1.964782086361083e-06, 1.905555450321117e-06, 1.9418835108808707e-06, 2.6704396987042855e-06, 2.5136421299976064e-06, 2.288775704073487e-06, 1.656546942285786e-06, 1.973173539226991e-06, 1.344469183095498e-06, 1.0905223462032154e-06, 1.102043370337924e-06, 8.745448667468736e-07, 8.198428531613899e-07, 6.64195624722197e-07, 5.308152140059974e-07, 6.310008870968886e-07, 7.832772439542168e-07, 1.1930480923183495e-06, 1.8805260424414882e-06, 2.7919511467189295e-06, 2.6309896838938585e-06, 1.825769572860736e-06, 1.6539249827474123e-06, 1.0518801900616381e-06, 6.047210376891599e-07, 5.666063884746109e-07, 5.003723799745785e-07, 4.541005580449564e-07, 5.878532647329848e-07, 6.208130116647226e-07, 6.127003189249081e-07, 6.233225917640084e-07, 7.909522423688031e-07, 1.1213011248401017e-06, 1.2008317753497977e-06, 7.509651709369791e-07, 5.077387186247506e-07, 4.06429762733751e-07, 3.7668633012799546e-07, 3.984831380421383e-07, 2.4103886175907974e-07, 1.0603509537077116e-07, 6.266902374818528e-08, 4.696854816188534e-08, 2.6331527180900594e-08, 1.2647822345002169e-08, 2.7587367945614005e-09, 1.8195661644071492e-09, 2.6490989957217437e-10, 4.95196895641814e-12, 3.983332327178735e-12, 3.8469110709427046e-12, 3.728123278839979e-12, 3.648689423513263e-12, 3.601251241658332e-12, 3.5349249569160968e-12, 3.2264427674705276e-12, 2.6712954764862573e-12, 2.3507478515844005e-12, 2.2902712712435935e-12], "lowlevel.melbands128.stdev": [4.83616313431412e-05, 0.0003163335204590112, 0.0010821332689374685, 0.001905649434775114, 0.0031116625759750605, 0.0032108016312122345, 0.0015379615360870957, 0.0009122577612288296, 0.0012206765823066235, 0.0008581764996051788, 0.0013268254697322845, 0.0008641338208690286, 0.0012223456287756562, 0.0013718956615775824, 0.0014697675360366702, 0.0014930961187928915, 0.001045032637193799, 0.0017908465815708041, 0.0020672250539064407, 0.0012383589055389166, 0.0012608949327841401, 0.001265199389308691, 0.0006935005658306181, 0.0006482475437223911, 0.0005976884858682752, 0.0005748810945078731, 0.0006626669783145189, 0.0005984073504805565, 0.0012149983085691929, 0.0022469221148639917, 0.0011401231167837977, 0.0008641017484478652, 0.0005319944466464221, 0.0004637381061911583, 0.0006005733157508075, 0.0008447669097222388, 0.0006208474515005946, 0.0004649492329917848, 0.00046686886344105005, 0.0003484451735857874, 0.0004287764022592455, 0.0005262838676571846, 0.00033665678347460926, 0.0002980206918437034, 0.00022115268802735955, 0.0002221530012320727, 0.00023272256657946855, 0.0004118007782381028, 0.00010052573634311557, 0.000108515472675208, 0.00011997785622952506, 0.0002630379458423704, 0.00015372726193163544, 7.220116822281852e-05, 4.953570169163868e-05, 0.00010182972619077191, 0.00010407840454718098, 0.00016937092004809529, 9.893755486700684e-05, 3.35995719069615e-05, 4.6428016503341496e-05, 6.377133104251698e-05, 9.137897723121569e-05, 4.932922820444219e-05, 8.336116479767952e-06, 1.1700718459906057e-05, 1.7569154806551524e-05, 6.182709512358997e-06, 5.87608155910857e-06, 5.360432624001987e-06, 5.172328201297205e-06, 1.1044659913750365e-05, 7.819107850082219e-06, 8.92773641680833e-06, 5.060864168626722e-06, 6.417896202037809e-06, 4.550174708128907e-06, 3.893286702805199e-06, 4.2143424252572e-06, 4.0004338188737165e-06, 3.0752221391594503e-06, 2.4921268959587906e-06, 2.2945241653360426e-06, 3.114708988505299e-06, 3.486980631350889e-06, 4.289070602681022e-06, 6.521194791275775e-06, 1.0496596587472595e-05, 9.240879080607556e-06, 5.947159934294177e-06, 5.499910002981778e-06, 3.3821879696915857e-06, 1.9542660538718337e-06, 2.179541752411751e-06, 2.186362507927697e-06, 1.8411381006444572e-06, 2.867647253879113e-06, 3.312230091978563e-06, 2.943906338259694e-06, 2.6570628506306093e-06, 3.1121210213314043e-06, 5.293530193739571e-06, 5.418587534222752e-06, 3.676708047350985e-06, 2.2789656668464886e-06, 1.5146738405746873e-06, 1.6192007024073973e-06, 1.9383592189115006e-06, 1.2184648312540958e-06, 6.935467240509752e-07, 3.7987999235156167e-07, 2.966792180814082e-07, 1.6961760707090434e-07, 9.819883217687675e-08, 2.143252153530284e-08, 2.251731956448566e-08, 2.734995785402816e-09, 2.5675484308096408e-11, 2.2517892064866096e-11, 2.177850608187093e-11, 2.125378865958094e-11, 2.1127929267228396e-11, 2.1329731383912254e-11, 2.0955641735764807e-11, 1.6189253063125797e-11, 7.606242892477244e-12, 4.508350290310936e-12, 4.414719891737695e-12], "lowlevel.mfcc.mean": [-765.7979125976562, 139.65391540527344, -8.663686752319336, 14.838520050048828, 3.1345736980438232, -5.8618574142456055, -11.842204093933105, -2.2659926414489746, -11.63581371307373, -4.849762439727783, -4.450698375701904, 2.6124372482299805, 2.662722110748291], "lowlevel.spectral_contrast_coeffs.mean": [-0.6913092732429504, -0.6791031360626221, -0.7304163575172424, -0.7650091052055359, -0.7706483602523804, -0.761139988899231], "lowlevel.spectral_contrast_coeffs.stdev": [0.10916045308113098, 0.1148580014705658, 0.10458000004291534, 0.08131524175405502, 0.06700533628463745, 0.061483997851610184], "lowlevel.spectral_contrast_valleys.mean": [-8.034668922424316, -7.9308671951293945, -8.672669410705566, -8.938387870788574, -9.080853462219238, -12.074384689331055], "lowlevel.spectral_contrast_valleys.stdev": [1.5682884454727173, 1.4274108409881592, 1.4208345413208008, 1.366260290145874, 1.451024055480957, 1.776422381401062], "rhythm.beats_loudness_band_ratio.mean": [0.21806438267230988, 0.23242391645908356, 0.21890050172805786, 0.20630787312984467, 0.13599605858325958, 0.041518379002809525], "rhythm.beats_loudness_band_ratio.stdev": [0.1898513287305832, 0.19708450138568878, 0.1706535667181015, 0.213047057390213, 0.1458926796913147, 0.04536239802837372], "tonal.hpcp.mean": [0.1634925901889801, 0.11052236706018448, 0.07368376851081848, 0.1375127136707306, 0.13408252596855164, 0.14430467784404755, 0.2174125760793686, 0.1475435346364975, 0.05004028603434563, 0.04523984342813492, 0.041923295706510544, 0.058589302003383636, 0.08445122092962265, 0.06336244195699692, 0.08098743855953217, 0.1705777645111084, 0.1390170007944107, 0.08536060154438019, 0.12739445269107819, 0.10538890957832336, 0.10121836513280869, 0.15834593772888184, 0.10854088515043259, 0.05690724775195122, 0.07828366011381149, 0.07364813983440399, 0.15566042065620422, 0.2535442113876343, 0.1651875227689743, 0.10057535767555237, 0.12662634253501892, 0.08166203647851944, 0.0419829897582531, 0.047115448862314224, 0.05062856897711754, 0.10041320323944092], "tonal.hpcp.stdev": [0.3035803437232971, 0.21592295169830322, 0.17324426770210266, 0.280718594789505, 0.26257845759391785, 0.23361285030841827, 0.3438238799571991, 0.24388794600963593, 0.1451236456632614, 0.15011371672153473, 0.14444611966609955, 0.1532014012336731, 0.18796321749687195, 0.14739550650119781, 0.1593412458896637, 0.3105466961860657, 0.25087398290634155, 0.18408343195915222, 0.26745519042015076, 0.22204890847206116, 0.20382606983184814, 0.3067275881767273, 0.2198103964328766, 0.13815408945083618, 0.19643381237983704, 0.17668722569942474, 0.23812927305698395, 0.36224475502967834, 0.24898582696914673, 0.22201581299304962, 0.26352861523628235, 0.18507020175457, 0.13749076426029205, 0.15018422901630402, 0.15925924479961395, 0.20614522695541382], "rhythm.beats_position": [0.4876190423965454, 0.9752380847930908, 1.4628571271896362, 1.938866138458252, 2.4148752689361572, 2.8908843994140625, 3.3668932914733887, 3.842902421951294, 4.318911552429199, 4.794920444488525, 5.27092981338501, 5.746938705444336, 6.222947597503662, 6.710566997528076, 7.174965858459473, 7.650974750518799, 8.126983642578125, 8.60299301147461, 9.079002380371094, 9.543400764465332, 10.019410133361816, 10.50702953338623, 10.983037948608398, 11.459047317504883, 11.935056686401367, 12.411065101623535, 12.88707447052002, 13.363083839416504, 13.839092254638672, 14.315101623535156, 14.79111099243164, 15.278729438781738, 15.743128776550293, 16.23074722290039, 16.706756591796875, 17.18276596069336, 17.647165298461914, 18.1231746673584, 18.599184036254883, 19.075191497802734, 19.55120086669922, 20.027210235595703, 20.503219604492188, 20.979228973388672, 21.455238342285156, 21.93124771118164, 22.407255172729492, 22.894874572753906, 23.35927391052246, 23.846893310546875, 24.32290267944336, 24.798912048339844, 25.263309478759766, 25.73931884765625, 26.215328216552734, 26.70294761657715, 27.178956985473633, 27.654966354370117, 28.13097381591797, 28.606983184814453, 29.071382522583008, 29.547391891479492, 30.023401260375977, 30.51102066040039, 30.987028121948242, 31.463037490844727, 31.93904685974121, 32.41505432128906, 32.89106369018555, 33.36707305908203, 33.843082427978516], "rhythm.bpm_histogram": [0.0, 0.0, 0.0, 0.0, 0.0, 0.0, 0.0, 0.0, 0.0, 0.0, 0.0, 0.0, 0.0, 0.0, 0.0, 0.0, 0.0, 0.0, 0.0, 0.0, 0.0, 0.0, 0.0, 0.0, 0.0, 0.0, 0.0, 0.0, 0.0, 0.0, 0.0, 0.0, 0.0, 0.0, 0.0, 0.0, 0.0, 0.0, 0.0, 0.0, 0.0, 0.0, 0.0, 0.0, 0.0, 0.0, 0.0, 0.0, 0.0, 0.0, 0.0, 0.0, 0.0, 0.0, 0.0, 0.0, 0.0, 0.0, 0.0, 0.0, 0.0, 0.0, 0.0, 0.0, 0.0, 0.0, 0.0, 0.0, 0.0, 0.0, 0.0, 0.0, 0.0, 0.0, 0.0, 0.0, 0.0, 0.0, 0.0, 0.0, 0.0, 0.0, 0.0, 0.0, 0.0, 0.0, 0.0, 0.0, 0.0, 0.0, 0.0, 0.0, 0.0, 0.0, 0.0, 0.0, 0.0, 0.0, 0.0, 0.0, 0.0, 0.0, 0.0, 0.0, 0.0, 0.0, 0.0, 0.0, 0.0, 0.0, 0.0, 0.0, 0.0, 0.0, 0.0, 0.0, 0.0, 0.0, 0.0, 0.0, 0.0, 0.0, 0.0, 0.1428571492433548, 0.0, 0.0, 0.7571428418159485, 0.0, 0.0, 0.10000000149011612, 0.0, 0.0, 0.0, 0.0, 0.0, 0.0, 0.0, 0.0, 0.0, 0.0, 0.0, 0.0, 0.0, 0.0, 0.0, 0.0, 0.0, 0.0, 0.0, 0.0, 0.0, 0.0, 0.0, 0.0, 0.0, 0.0, 0.0, 0.0, 0.0, 0.0, 0.0, 0.0, 0.0, 0.0, 0.0, 0.0, 0.0, 0.0, 0.0, 0.0, 0.0, 0.0, 0.0, 0.0, 0.0, 0.0, 0.0, 0.0, 0.0, 0.0, 0.0, 0.0, 0.0, 0.0, 0.0, 0.0, 0.0, 0.0, 0.0, 0.0, 0.0, 0.0, 0.0, 0.0, 0.0, 0.0, 0.0, 0.0, 0.0, 0.0, 0.0, 0.0, 0.0, 0.0, 0.0, 0.0, 0.0, 0.0, 0.0, 0.0, 0.0, 0.0, 0.0, 0.0, 0.0, 0.0, 0.0, 0.0, 0.0, 0.0, 0.0, 0.0, 0.0, 0.0, 0.0, 0.0, 0.0, 0.0, 0.0, 0.0, 0.0, 0.0, 0.0, 0.0, 0.0, 0.0, 0.0, 0.0, 0.0, 0.0, 0.0, 0.0, 0.0, 0.0, 0.0, 0.0, 0.0, 0.0, 0.0, 0.0], "tonal.chords_histogram": [5.034013748168945, 20.27210807800293, 5.306122303009033, 1.6326531171798706, 0.0, 0.0, 0.0, 15.2380952835083, 11.020408630371094, 6.258503437042236, 0.0, 0.8163265585899353, 0.0, 0.0, 0.0, 0.0, 0.0, 6.530612468719482, 1.9047619104385376, 0.0, 0.0, 1.088435411453247, 22.4489803314209, 2.448979616165161], "tonal.thpcp": [1.0, 0.6515136957168579, 0.39667779207229614, 0.49942508339881897, 0.3220820426940918, 0.1655844897031784, 0.1858273446559906, 0.19968339800834656, 0.3960382342338562, 0.644828736782074, 0.4359096586704254, 0.2906150817871094, 0.542361855506897, 0.5288329124450684, 0.5691499710083008, 0.8574937582015991, 0.5819242596626282, 0.19736315310001373, 0.17842979729175568, 0.1653490513563156, 0.23108120262622833, 0.33308282494544983, 0.24990688264369965, 0.3194213807582855, 0.6727732419967651, 0.5482949018478394, 0.3366695046424866, 0.5024545788764954, 0.41566285490989685, 0.39921388030052185, 0.6245298981666565, 0.4280945062637329, 0.22444704174995422, 0.3087574243545532, 0.290474534034729, 0.6139379739761353], "lowlevel.gfcc.cov": [[20566.375, -255.46595764160156, -734.4515380859375, -72.82855987548828, -1057.345458984375, 444.1549377441406, 197.87001037597656, 254.29830932617188, -97.7363052368164, 236.11720275878906, 472.7740783691406, 101.23880767822266, 31.05854606628418], [-255.46595764160156, 3301.04638671875, -428.2001037597656, -296.14068603515625, 909.5830688476562, -605.55615234375, 591.7554321289062, -247.83949279785156, 480.3787536621094, -286.94873046875, 401.34674072265625, -219.6774444580078, 139.848388671875], [-734.4515380859375, -428.2001037597656, 1660.0238037109375, 684.2142944335938, 13.779623031616211, 489.1878356933594, -149.4313507080078, 105.72179412841797, -219.0145721435547, 81.51334381103516, -228.85585021972656, 124.86198425292969, -180.4085693359375], [-72.82855987548828, -296.14068603515625, 684.2142944335938, 945.6636962890625, 243.59402465820312, 280.2433166503906, 28.204797744750977, 111.39742279052734, -88.14726257324219, 21.28416633605957, -154.6143341064453, -5.371100902557373, -100.21224975585938], [-1057.345458984375, 909.5830688476562, 13.779623031616211, 243.59402465820312, 866.9959106445312, 64.41921997070312, 267.4082946777344, 41.56311798095703, 161.31956481933594, -37.44297790527344, -3.933292865753174, -117.3419189453125, -33.008277893066406], [444.1549377441406, -605.55615234375, 489.1878356933594, 280.2433166503906, 64.41921997070312, 714.66357421875, 51.71265411376953, 112.40275573730469, -115.68179321289062, 141.7587432861328, -118.81260681152344, 3.698931932449341, -140.42234802246094], [197.87001037597656, 591.7554321289062, -149.4313507080078, 28.204797744750977, 267.4082946777344, 51.71265411376953, 428.77301025390625, -4.11622953414917, 69.64391326904297, -35.95058059692383, 98.16902160644531, -108.79023742675781, 41.74903869628906], [254.29830932617188, -247.83949279785156, 105.72179412841797, 111.39742279052734, 41.56311798095703, 112.40275573730469, -4.11622953414917, 234.43643188476562, -1.2079715728759766, 48.2620735168457, -47.79889678955078, 6.647616863250732, -23.87190055847168], [-97.7363052368164, 480.3787536621094, -219.0145721435547, -88.14726257324219, 161.31956481933594, -115.68179321289062, 69.64391326904297, -1.2079715728759766, 285.1722412109375, -0.5403388142585754, 93.55071258544922, -30.926280975341797, 5.0801920890808105], [236.11720275878906, -286.94873046875, 81.51334381103516, 21.28416633605957, -37.44297790527344, 141.7587432861328, -35.95058059692383, 48.2620735168457, -0.5403388142585754, 192.6536865234375, 7.160386562347412, 23.35190773010254, -40.3218879699707], [472.7740783691406, 401.34674072265625, -228.85585021972656, -154.6143341064453, -3.933292865753174, -118.81260681152344, 98.16902160644531, -47.79889678955078, 93.55071258544922, 7.160386562347412, 272.8162841796875, 28.521203994750977, 59.17042541503906], [101.23880767822266, -219.6774444580078, 124.86198425292969, -5.371100902557373, -117.3419189453125, 3.698931932449341, -108.79023742675781, 6.647616863250732, -30.926280975341797, 23.35190773010254, 28.521203994750977, 200.50962829589844, -11.121252059936523], [31.05854606628418, 139.848388671875, -180.4085693359375, -100.21224975585938, -33.008277893066406, -140.42234802246094, 41.74903869628906, -23.87190055847168, 5.0801920890808105, -40.3218879699707, 59.17042541503906, -11.121252059936523, 176.89981079101562]], "lowlevel.gfcc.icov": [[6.81850578985177e-05, -9.950639650924131e-05, 0.00010559838119661435, -9.43183695198968e-05, 0.0001998109364649281, -0.00013345359184313565, 1.551597233628854e-05, -0.00014282387564890087, 8.118034020299092e-05, -7.765595364617184e-05, -4.793479456566274e-05, -4.956452903570607e-05, 2.2254562281887047e-05], [-9.950639650924131e-05, 0.0014916592044755816, -0.0007771359523758292, 0.0006804111762903631, -0.0013750172220170498, 0.0010609665187075734, -0.0008953484939411283, 0.0009577933815307915, -0.001060505397617817, 0.001105735544115305, -0.0011079624528065324, 0.0007131801103241742, 5.523844811250456e-05], [0.00010559838119661435, -0.0007771359523758292, 0.0016021706396713853, -0.001018311595544219, 0.0008054411737248302, -0.0010240542469546199, 0.0006362340063787997, -0.0004929604474455118, 0.0008856923086568713, -0.0005396603373810649, 0.0007182081462815404, -0.0009626434184610844, 0.0003244404215365648], [-9.43183695198968e-05, 0.0006804111762903631, -0.001018311595544219, 0.002125290222465992, -0.0011528257746249437, 0.00047138359514065087, -0.0005162161542102695, 9.419589332537726e-05, -0.0002554102975409478, 0.0006159513723105192, -0.00010153066250495613, 0.0004290099022909999, 0.00014638631546404213], [0.0001998109364649281, -0.0013750172220170498, 0.0008054411737248302, -0.0011528257746249437, 0.0032941694371402264, -0.0011041377438232303, -0.00020098552340641618, -0.0011164098978042603, -3.932393155992031e-05, -0.000755993474740535, 0.0011495457729324698, -0.00032972381450235844, 0.00027885468443855643], [-0.00013345359184313565, 0.0010609665187075734, -0.0010240542469546199, 0.00047138359514065087, -0.0011041377438232303, 0.0034337106626480818, -0.00153691868763417, 0.0002670311077963561, -2.1667228793376125e-06, -0.0007685538730584085, -0.00014069778262637556, 0.0005052370834164321, 0.0012294505722820759], [1.551597233628854e-05, -0.0008953484939411283, 0.0006362340063787997, -0.0005162161542102695, -0.00020098552340641618, -0.00153691868763417, 0.0046897586435079575, -0.0005497020320035517, 0.0007030219421721995, 0.0002436618960928172, -0.0011110390769317746, 0.0012633715523406863, -0.0008905656286515296], [-0.00014282387564890087, 0.0009577933815307915, -0.0004929604474455118, 9.419589332537726e-05, -0.0011164098978042603, 0.0002670311077963561, -0.0005497020320035517, 0.00573105551302433, -0.0011881457176059484, -0.00025443293270654976, 0.0002705389051698148, 7.100114453351125e-05, -0.00038461925578303635], [8.118034020299092e-05, -0.001060505397617817, 0.0008856923086568713, -0.0002554102975409478, -3.932393155992031e-05, -2.1667228793376125e-06, 0.0007030219421721995, -0.0011881457176059484, 0.005942588206380606, -0.0013399857562035322, -0.0006444802857004106, -0.00014486185682471842, 0.0009777664672583342], [-7.765595364617184e-05, 0.001105735544115305, -0.0005396603373810649, 0.0006159513723105192, -0.000755993474740535, -0.0007685538730584085, 0.0002436618960928172, -0.00025443293270654976, -0.0013399857562035322, 0.007754466030746698, -0.002003474161028862, 0.0005243105115368962, 0.0006041834130883217], [-4.793479456566274e-05, -0.0011079624528065324, 0.0007182081462815404, -0.00010153066250495613, 0.0011495457729324698, -0.00014069778262637556, -0.0011110390769317746, 0.0002705389051698148, -0.0006444802857004106, -0.002003474161028862, 0.007078797090798616, -0.002504689386114478, -0.0010025909869000316], [-4.956452903570607e-05, 0.0007131801103241742, -0.0009626434184610844, 0.0004290099022909999, -0.00032972381450235844, 0.0005052370834164321, 0.0012633715523406863, 7.100114453351125e-05, -0.00014486185682471842, 0.0005243105115368962, -0.002504689386114478, 0.007167712785303593, 0.0001692098012426868], [2.2254562281887047e-05, 5.523844811250456e-05, 0.0003244404215365648, 0.00014638631546404213, 0.00027885468443855643, 0.0012294505722820759, -0.0008905656286515296, -0.00038461925578303635, 0.0009777664672583342, 0.0006041834130883217, -0.0010025909869000316, 0.0001692098012426868, 0.00766100874170661]], "lowlevel.mfcc.cov": [[19965.87109375, -53.98773956298828, -526.1447143554688, -416.619384765625, -758.8515625, -218.23922729492188, 171.90940856933594, 75.32524108886719, -267.8551025390625, 28.534381866455078, 65.22095489501953, 410.2518005371094, 241.16600036621094], [-53.98773956298828, 3268.59912109375, -928.2988891601562, 212.1298370361328, 53.315940856933594, -113.29185485839844, -5.923230171203613, 79.8020248413086, -16.518205642700195, -12.891326904296875, 108.1679458618164, 175.42474365234375, 128.46890258789062], [-526.1447143554688, -928.2988891601562, 1517.4532470703125, 133.61627197265625, 256.5317077636719, 328.48724365234375, 132.69686889648438, 96.6883544921875, 57.49467849731445, -49.42728042602539, -9.064095497131348, -4.288374423980713, 3.238060235977173], [-416.619384765625, 212.1298370361328, 133.61627197265625, 730.1856079101562, 242.16836547851562, 95.8819351196289, 95.55797576904297, 113.65604400634766, 113.63274383544922, -4.842678070068359, 13.562435150146484, 56.201560974121094, -41.36370086669922], [-758.8515625, 53.315940856933594, 256.5317077636719, 242.16836547851562, 506.3320617675781, 183.5900421142578, 93.86483001708984, 107.82769775390625, 154.32293701171875, 40.269203186035156, 73.16249084472656, 61.57001495361328, 5.272298336029053], [-218.23922729492188, -113.29185485839844, 328.48724365234375, 95.8819351196289, 183.5900421142578, 478.5081787109375, 197.69985961914062, 95.24891662597656, 92.17567443847656, 68.36679077148438, 89.83821105957031, 26.90316390991211, -9.019039154052734], [171.90940856933594, -5.923230171203613, 132.69686889648438, 95.55797576904297, 93.86483001708984, 197.69985961914062, 417.0604553222656, 77.6051254272461, 93.19850158691406, 105.3827896118164, -11.695460319519043, 47.327335357666016, -43.35035705566406], [75.32524108886719, 79.8020248413086, 96.6883544921875, 113.65604400634766, 107.82769775390625, 95.24891662597656, 77.6051254272461, 201.35633850097656, 66.6315689086914, -2.425797462463379, 37.440025329589844, 25.080753326416016, 33.40962219238281], [-267.8551025390625, -16.518205642700195, 57.49467849731445, 113.63274383544922, 154.32293701171875, 92.17567443847656, 93.19850158691406, 66.6315689086914, 220.1587371826172, 90.95519256591797, 25.952484130859375, 6.734339714050293, -30.301151275634766], [28.534381866455078, -12.891326904296875, -49.42728042602539, -4.842678070068359, 40.269203186035156, 68.36679077148438, 105.3827896118164, -2.425797462463379, 90.95519256591797, 198.28335571289062, 33.94015121459961, 8.757346153259277, -30.962995529174805], [65.22095489501953, 108.1679458618164, -9.064095497131348, 13.562435150146484, 73.16249084472656, 89.83821105957031, -11.695460319519043, 37.440025329589844, 25.952484130859375, 33.94015121459961, 220.8302459716797, 66.05660247802734, 26.789289474487305], [410.2518005371094, 175.42474365234375, -4.288374423980713, 56.201560974121094, 61.57001495361328, 26.90316390991211, 47.327335357666016, 25.080753326416016, 6.734339714050293, 8.757346153259277, 66.05660247802734, 220.04803466796875, 78.59978485107422], [241.16600036621094, 128.46890258789062, 3.238060235977173, -41.36370086669922, 5.272298336029053, -9.019039154052734, -43.35035705566406, 33.40962219238281, -30.301151275634766, -30.962995529174805, 26.789289474487305, 78.59978485107422, 184.93832397460938]], "lowlevel.mfcc.icov": [[5.866950596100651e-05, 1.2456054719223175e-05, 1.1968046237598173e-05, 1.161606633104384e-05, 9.986929944716394e-05, 1.711412551230751e-05, -3.77764918084722e-05, -7.724655006313697e-05, 3.770340481423773e-05, -2.4606739316368476e-05, -1.3661812772625126e-05, -0.00012285567936487496, -2.3432841771864332e-05], [1.2456054719223175e-05, 0.0004272727819625288, 0.0003035467816516757, -0.0001292753149755299, -8.073206845438108e-05, 4.184288627584465e-06, -7.950634608278051e-05, -0.00013520612264983356, 0.00011254898709012195, 9.273636533180252e-05, -9.902469901135191e-05, -0.0001696663093753159, -0.0002185659104725346], [1.1968046237598173e-05, 0.0003035467816516757, 0.0010706682223826647, -7.555009506177157e-05, -0.0003695756895467639, -0.0005636459100060165, -0.00011359881318639964, -0.0001252664951607585, 0.00012498231080826372, 0.0004888648400083184, 0.00020575120288413018, -2.706188206502702e-05, -0.00019903958309441805], [1.161606633104384e-05, -0.0001292753149755299, -7.555009506177157e-05, 0.0018709568539634347, -0.0005839326186105609, 3.1786334147909656e-05, -4.091800292371772e-05, -0.00063334871083498, -0.0004205217119306326, 0.0004345486231613904, 0.0002713532594498247, -0.0005319631309248507, 0.000808094977401197], [9.986929944716394e-05, -8.073206845438108e-05, -0.0003695756895467639, -0.0005839326186105609, 0.003480663290247321, -0.00047904637176543474, 0.00012533061089925468, -0.0004617445229087025, -0.0016193923074752092, 9.151004633167759e-05, -0.0004595517530106008, -0.0006435257382690907, -0.00011801880464190617], [1.711412551230751e-05, 4.184288627584465e-06, -0.0005636459100060165, 3.1786334147909656e-05, -0.00047904637176543474, 0.003606047248467803, -0.0013585512060672045, -0.00045500171836465597, -2.567621777416207e-05, -0.0003574498987291008, -0.0014009064761921763, 0.000457981281215325, -0.00011075119982706383], [-3.77764918084722e-05, -7.950634608278051e-05, -0.00011359881318639964, -4.091800292371772e-05, 0.00012533061089925468, -0.0013585512060672045, 0.0040633282624185085, -0.0011511709308251739, -0.000161838237545453, -0.0016953287413343787, 0.0014837089693173766, -0.0012724859407171607, 0.0012034628307446837], [-7.724655006313697e-05, -0.00013520612264983356, -0.0001252664951607585, -0.00063334871083498, -0.0004617445229087025, -0.00045500171836465597, -0.0011511709308251739, 0.007343118079006672, -0.0017805679235607386, 0.0015545462956652045, -0.000931429909542203, 0.0009379907278344035, -0.0018454265082255006], [3.770340481423773e-05, 0.00011254898709012195, 0.00012498231080826372, -0.0004205217119306326, -0.0016193923074752092, -2.567621777416207e-05, -0.000161838237545453, -0.0017805679235607386, 0.007899638265371323, -0.0031232121400535107, 0.00020662997849285603, 0.00019094171875622123, 0.0007653824286535382], [-2.4606739316368476e-05, 9.273636533180252e-05, 0.0004888648400083184, 0.0004345486231613904, 9.151004633167759e-05, -0.0003574498987291008, -0.0016953287413343787, 0.0015545462956652045, -0.0031232121400535107, 0.007888403721153736, -0.0011975702363997698, 0.00011265143984928727, 0.00029261247254908085], [-1.3661812772625126e-05, -9.902469901135191e-05, 0.00020575120288413018, 0.0002713532594498247, -0.0004595517530106008, -0.0014009064761921763, 0.0014837089693173766, -0.000931429909542203, 0.00020662997849285603, -0.0011975702363997698, 0.006192710716277361, -0.0018010387429967523, 0.0003062864125240594], [-0.00012285567936487496, -0.0001696663093753159, -2.706188206502702e-05, -0.0005319631309248507, -0.0006435257382690907, 0.000457981281215325, -0.0012724859407171607, 0.0009379907278344035, 0.00019094171875622123, 0.00011265143984928727, -0.0018010387429967523, 0.006896707694977522, -0.0028875870630145073], [-2.3432841771864332e-05, -0.0002185659104725346, -0.00019903958309441805, 0.000808094977401197, -0.00011801880464190617, -0.00011075119982706383, 0.0012034628307446837, -0.0018454265082255006, 0.0007653824286535382, 0.00029261247254908085, 0.0003062864125240594, -0.0028875870630145073, 0.007744527887552977]], "metadata.audio_properties.analysis.downmix": "mix", "metadata.audio_properties.codec": "mp3", "metadata.audio_properties.md5_encoded": "d7beadaf51c78f9c4547323e3d4e0031", "metadata.tags.file_name": "1182271315374256188.mp3", "metadata.version.essentia": "2.1-beta6-dev", "metadata.version.essentia_git_sha": "v2.1_beta5-1110-g77a6a954", "metadat