{"song_id": "1182273530046447716", "download": "https://cdn.discordapp.com/attachments/1135903449314238464/1182273530046447716/chirp.mp4?ex=65841907&amp", "lyrics": "\u0427\u0442\u043e \u0437\u0430 \u0434\u0435\u043d\u044c! \n\u0427\u0442\u043e \u0437\u0430 \u0434\u0435\u043d\u044c! \n\u0427\u0442\u043e \u0437\u0430 \u043f\u0440\u0435\u043a\u0440\u0430\u0441\u043d\u044b\u0439 \u0434\u0435\u043d\u044c!", "style": ["Funk"], "essentia_features": {"lowlevel.average_loudness": 0.9817757606506348, "lowlevel.barkbands_crest.mean": 11.218173027038574, "lowlevel.barkbands_crest.stdev": 4.661411762237549, "lowlevel.barkbands_flatness_db.mean": 0.1731729507446289, "lowlevel.barkbands_flatness_db.stdev": 0.09194280952215195, "lowlevel.barkbands_kurtosis.mean": 16.323984146118164, "lowlevel.barkbands_kurtosis.stdev": 34.9348030090332, "lowlevel.barkbands_skewness.mean": 2.3966586589813232, "lowlevel.barkbands_skewness.stdev": 2.6719577312469482, "lowlevel.barkbands_spread.mean": 25.757827758789062, "lowlevel.barkbands_spread.stdev": 21.909582138061523, "lowlevel.dissonance.mean": 0.4675374925136566, "lowlevel.dissonance.stdev": 0.030832646414637566, "lowlevel.dynamic_complexity": 5.670609474182129, "lowlevel.erbbands_crest.mean": 8.99754810333252, "lowlevel.erbbands_crest.stdev": 4.682494640350342, "lowlevel.erbbands_flatness_db.mean": 0.14584006369113922, "lowlevel.erbbands_flatness_db.stdev": 0.05642186477780342, "lowlevel.erbbands_kurtosis.mean": 2.970452070236206, "lowlevel.erbbands_kurtosis.stdev": 16.562597274780273, "lowlevel.erbbands_skewness.mean": 0.49648866057395935, "lowlevel.erbbands_skewness.stdev": 1.5160752534866333, "lowlevel.erbbands_spread.mean": 55.312416076660156, "lowlevel.erbbands_spread.stdev": 32.37238693237305, "lowlevel.hfc.mean": 10.742281913757324, "lowlevel.hfc.stdev": 18.614286422729492, "lowlevel.loudness_ebu128.integrated": -21.512178421020508, "lowlevel.loudness_ebu128.loudness_range": 0.8132381439208984, "lowlevel.loudness_ebu128.momentary.mean": -22.870365142822266, "lowlevel.loudness_ebu128.momentary.stdev": 4.1076178550720215, "lowlevel.loudness_ebu128.short_term.mean": -21.800634384155273, "lowlevel.loudness_ebu128.short_term.stdev": 0.298648476600647, "lowlevel.melbands_crest.mean": 15.607502937316895, "lowlevel.melbands_crest.stdev": 5.42307186126709, "lowlevel.melbands_flatness_db.mean": 0.22697708010673523, "lowlevel.melbands_flatness_db.stdev": 0.12329227477312088, "lowlevel.melbands_kurtosis.mean": 49.27123260498047, "lowlevel.melbands_kurtosis.stdev": 89.10547637939453, "lowlevel.melbands_skewness.mean": 4.254330635070801, "lowlevel.melbands_skewness.stdev": 3.657215118408203, "lowlevel.melbands_spread.mean": 25.74709701538086, "lowlevel.melbands_spread.stdev": 31.57819938659668, "lowlevel.pitch_salience.mean": 0.522329568862915, "lowlevel.pitch_salience.stdev": 0.14153221249580383, "lowlevel.silence_rate_20dB.mean": 0.981249988079071, "lowlevel.silence_rate_20dB.stdev": 0.13564077019691467, "lowlevel.silence_rate_30dB.mean": 0.909375011920929, "lowlevel.silence_rate_30dB.stdev": 0.28707531094551086, "lowlevel.silence_rate_60dB.mean": 0.30937498807907104, "lowlevel.silence_rate_60dB.stdev": 0.4622364938259125, "lowlevel.spectral_centroid.mean": 1483.4869384765625, "lowlevel.spectral_centroid.stdev": 1078.02880859375, "lowlevel.spectral_complexity.mean": 7.625, "lowlevel.spectral_complexity.stdev": 8.503859519958496, "lowlevel.spectral_decrease.mean": -9.094998532077625e-09, "lowlevel.spectral_decrease.stdev": 2.4984252888771152e-08, "lowlevel.spectral_energy.mean": 0.035300977528095245, "lowlevel.spectral_energy.stdev": 0.09571918100118637, "lowlevel.spectral_energyband_high.mean": 0.0006556185544468462, "lowlevel.spectral_energyband_high.stdev": 0.0012471851659938693, "lowlevel.spectral_energyband_low.mean": 0.02728932723402977, "lowlevel.spectral_energyband_low.stdev": 0.08512365818023682, "lowlevel.spectral_energyband_middle_high.mean": 0.0010619331151247025, "lowlevel.spectral_energyband_middle_high.stdev": 0.0017599293496459723, "lowlevel.spectral_energyband_middle_low.mean": 0.007672927342355251, "lowlevel.spectral_energyband_middle_low.stdev": 0.02048565447330475, "lowlevel.spectral_entropy.mean": 7.671816825866699, "lowlevel.spectral_entropy.stdev": 0.7188031673431396, "lowlevel.spectral_flux.mean": 0.09785918146371841, "lowlevel.spectral_flux.stdev": 0.14234602451324463, "lowlevel.spectral_kurtosis.mean": 3.422553300857544, "lowlevel.spectral_kurtosis.stdev": 4.2611165046691895, "lowlevel.spectral_rms.mean": 0.0038028457202017307, "lowlevel.spectral_rms.stdev": 0.004469715524464846, "lowlevel.spectral_rolloff.mean": 2303.4462890625, "lowlevel.spectral_rolloff.stdev": 3066.109375, "lowlevel.spectral_skewness.mean": 1.4053246974945068, "lowlevel.spectral_skewness.stdev": 0.7038969993591309, "lowlevel.spectral_spread.mean": 6121320.0, "lowlevel.spectral_spread.stdev": 2025167.625, "lowlevel.spectral_strongpeak.mean": 0.40232306718826294, "lowlevel.spectral_strongpeak.stdev": 0.5055117011070251, "lowlevel.zerocrossingrate.mean": 0.08872222900390625, "lowlevel.zerocrossingrate.stdev": 0.07220734655857086, "metadata.audio_properties.analysis.equal_loudness": 0.0, "metadata.audio_properties.analysis.length": 7.402653217315674, "metadata.audio_properties.analysis.sample_rate": 44100.0, "metadata.audio_properties.analysis.start_time": 0.0, "metadata.audio_properties.bit_rate": 114735.0, "metadata.audio_properties.length": 7.4026665687561035, "metadata.audio_properties.lossless": 0.0, "metadata.audio_properties.number_channels": 1.0, "metadata.audio_properties.replay_gain": -5.815141677856445, "metadata.audio_properties.sample_rate": 48000.0, "rhythm.beats_count": 12.0, "rhythm.beats_loudness.mean": 0.1146339550614357, "rhythm.beats_loudness.stdev": 0.08700067549943924, "rhythm.bpm": 104.34455871582031, "rhythm.bpm_histogram_first_peak_bpm": 103.0, "rhythm.bpm_histogram_first_peak_weight": 0.3333333134651184, "rhythm.bpm_histogram_second_peak_bpm": 108.0, "rhythm.bpm_histogram_second_peak_spread": 0.0, "rhythm.bpm_histogram_second_peak_weight": 0.27272728085517883, "rhythm.danceability": 1.9593843221664429, "rhythm.onset_rate": 4.717759609222412, "tonal.chords_changes_rate": 0.05590062215924263, "tonal.chords_number_rate": 0.03726708143949509, "tonal.chords_strength.mean": 0.5531534552574158, "tonal.chords_strength.stdev": 0.10322938114404678, "tonal.hpcp_crest.mean": 13.263628005981445, "tonal.hpcp_crest.stdev": 7.253062725067139, "tonal.hpcp_entropy.mean": 2.1639046669006348, "tonal.hpcp_entropy.stdev": 0.9506211876869202, "tonal.key_edma.strength": 0.671135663986206, "tonal.key_krumhansl.strength": 0.6791256070137024, "tonal.key_temperley.strength": 0.6883480548858643, "tonal.tuning_diatonic_strength": 0.501500129699707, "tonal.tuning_equal_tempered_deviation": 0.27547329664230347, "tonal.tuning_frequency": 452.3700866699219, "tonal.tuning_nontempered_energy_ratio": 0.9504027962684631, "lowlevel.barkbands.mean": [0.00025488127721473575, 0.018744613975286484, 0.006925081368535757, 0.0032379929907619953, 0.0025947887916117907, 0.0006853943923488259, 0.0004317181301303208, 0.00029249186627566814, 0.000399555719923228, 0.00010665292211342603, 9.170412522507831e-05, 5.6079694331856444e-05, 0.00015360329416580498, 0.00013371254317462444, 0.00011884079140145332, 0.00011466418072814122, 8.02161157480441e-05, 6.617895269300789e-05, 0.00010885603114729747, 9.246022818842903e-05, 0.00012806836457457393, 0.00015119236195459962, 0.00014266834477894008, 8.413562318310142e-05, 7.250398630276322e-05, 3.2925767300184816e-05, 1.0133711647597465e-08], "lowlevel.barkbands.stdev": [0.0008048684103414416, 0.06708192825317383, 0.02394840307533741, 0.010762619785964489, 0.009947857819497585, 0.0015966725768521428, 0.0013201310066506267, 0.0006916388520039618, 0.0011515980586409569, 0.0002845651179086417, 0.00018582408665679395, 0.00010660479892976582, 0.0004981107194907963, 0.000347329507349059, 0.000301011634292081, 0.0004932305891998112, 0.00018968843505717814, 0.00018311022722627968, 0.0002322676155017689, 0.00018389397882856429, 0.0002990519569721073, 0.00032938201911747456, 0.00029873655876144767, 0.0001759733713697642, 0.00012973493721801788, 5.175006663193926e-05, 6.933690599453257e-08], "lowlevel.erbbands.mean": [0.42784470319747925, 4.553211688995361, 8.851690292358398, 9.106782913208008, 13.37934398651123, 5.672924995422363, 4.174751281738281, 5.735703945159912, 6.898398399353027, 6.577286720275879, 6.859394073486328, 8.759672164916992, 4.309941291809082, 3.90663480758667, 3.2952377796173096, 2.680774450302124, 6.167279243469238, 8.259628295898438, 5.68818473815918, 6.118849754333496, 6.36941385269165, 4.695618152618408, 3.964078903198242, 3.979372501373291, 5.9808454513549805, 4.188370704650879, 4.770600318908691, 5.180911064147949, 5.440253257751465, 4.608462333679199, 4.115965843200684, 2.3358311653137207, 1.222029209136963, 0.6808693408966064, 0.5719929337501526, 0.2734232544898987, 0.02908165194094181, 0.0016590036684647202, 6.20727805653587e-05, 4.3627875129459426e-05], "lowlevel.erbbands.stdev": [1.516554355621338, 16.395309448242188, 28.941417694091797, 29.033309936523438, 52.03542709350586, 20.037126541137695, 10.5720796585083, 13.66171646118164, 23.512332916259766, 19.6746768951416, 23.10519790649414, 24.764814376831055, 14.548724174499512, 8.157561302185059, 6.439140796661377, 4.52869987487793, 15.700372695922852, 20.714035034179688, 12.502423286437988, 17.626663208007812, 25.060306549072266, 11.35456371307373, 10.783082008361816, 10.373801231384277, 11.016119956970215, 8.395143508911133, 10.559779167175293, 12.710993766784668, 11.505239486694336, 10.50989055633545, 8.5115966796875, 4.804631233215332, 2.654552459716797, 1.3649488687515259, 0.957508385181427, 0.4407651424407959, 0.054177701473236084, 0.004276563413441181, 0.00010051936260424554, 0.00010804920020746067], "lowlevel.gfcc.mean": [-94.74032592773438, 63.09028244018555, -92.96781158447266, 53.06956100463867, -58.71857452392578, 32.473121643066406, -38.93640899658203, 12.371793746948242, -24.934097290039062, 9.33231258392334, -18.657611846923828, -1.4267408847808838, -13.051582336425781], "lowlevel.melbands.mean": [0.00466602947562933, 0.00509278941899538, 0.0017986474558711052, 0.0006677835481241345, 0.00015263717796187848, 0.0001328510552411899, 0.00010142535029444844, 6.781101546948776e-05, 6.171971472213045e-05, 5.356199835659936e-05, 2.034451608778909e-05, 1.5611771232215688e-05, 1.1465484021755401e-05, 7.0097098614496645e-06, 8.623023859399837e-06, 1.6444049833808094e-05, 1.5305169654311612e-05, 8.609363248979207e-06, 8.890822755347472e-06, 7.955714863783214e-06, 7.082599950081203e-06, 4.868252290179953e-06, 4.067097506776918e-06, 3.036584075744031e-06, 3.059808705074829e-06, 4.63645619674935e-06, 3.786435627262108e-06, 2.511426828277763e-06, 2.702566007428686e-06, 3.4013373806374148e-06, 2.8492700039350893e-06, 3.078523150179535e-06, 2.9578777684946544e-06, 2.358020765313995e-06, 2.3982454422366573e-06, 2.088565906888107e-06, 1.1590341273404192e-06, 8.869774319464341e-07, 5.940798359915789e-07, 5.743423798776348e-07], "lowlevel.melbands.stdev": [0.016790520399808884, 0.016304416581988335, 0.005498664919286966, 0.0025595203042030334, 0.00039416729123331606, 0.00033418749808333814, 0.0003279887023381889, 0.00019333338423166424, 0.00023145503655541688, 0.00015194807201623917, 7.276012183865532e-05, 3.5359269531909376e-05, 2.2727774194208905e-05, 1.3933916306996252e-05, 1.5584704669890925e-05, 5.857756332261488e-05, 4.13172019761987e-05, 1.961598354682792e-05, 2.3890988813946024e-05, 3.189714334439486e-05, 2.77066483249655e-05, 1.1602453014347702e-05, 1.1681254363793414e-05, 8.307380085170735e-06, 8.685315151524264e-06, 9.874119314190466e-06, 6.771150765416678e-06, 5.425341441878118e-06, 6.019326065143105e-06, 7.916998583823442e-06, 7.509776878578123e-06, 6.863168437121203e-06, 6.602755547646666e-06, 5.564401362789795e-06, 5.071847226645332e-06, 4.240262569510378e-06, 2.478961732776952e-06, 2.0273892005207017e-06, 1.2838853535868111e-06, 1.1674079587464803e-06], "lowlevel.melbands128.mean": [0.0002379997167736292, 0.002561588305979967, 0.007054361514747143, 0.007756996899843216, 0.005347946658730507, 0.0030781966634094715, 0.0016837806906551123, 0.0017562101129442453, 0.0015000432031229138, 0.0005187239730730653, 0.00023389619309455156, 0.00016365465126000345, 0.00013103069795761257, 0.00014000831288285553, 0.00011504950089147314, 0.0001482836960349232, 0.00013503397349268198, 8.75736732268706e-05, 6.582374044228345e-05, 8.28086122055538e-05, 6.433682574424893e-05, 3.093152918154374e-05, 7.11472675902769e-05, 8.028961747186258e-05, 5.774577221018262e-05, 4.7244269808288664e-05, 3.1198760552797467e-05, 1.475854696764145e-05, 1.2477838026825339e-05, 1.8431634089211002e-05, 1.5315727068809792e-05, 1.397436972183641e-05, 1.0270285201841034e-05, 1.2332604455878027e-05, 6.035222213540692e-06, 6.53712049825117e-06, 5.930466613790486e-06, 7.805532732163556e-06, 1.0841039511433337e-05, 1.261051329493057e-05, 2.2313972294796258e-05, 1.4473876035481226e-05, 1.7125141312135383e-05, 1.517397140560206e-05, 7.52648338675499e-06, 8.36680737847928e-06, 8.085905392363202e-06, 9.772737939783838e-06, 9.053043868334498e-06, 7.282601472979877e-06, 7.086509867804125e-06, 9.707401659397874e-06, 8.177756171789952e-06, 5.751738171966281e-06, 4.811381586478092e-06, 5.225534550845623e-06, 4.365981112641748e-06, 4.344092303654179e-06, 3.865745384246111e-06, 3.7115137274668086e-06, 3.195348426743294e-06, 2.2671390524919843e-06, 2.7473681711853715e-06, 3.282473016952281e-06, 3.3968403840844985e-06, 5.522417723113904e-06, 4.628645001503173e-06, 4.026390797662316e-06, 4.074767275596969e-06, 2.9566256216639886e-06, 2.0295058220654028e-06, 2.581456101324875e-06, 2.6012362468463834e-06, 2.556521849328419e-06, 2.9617719974339707e-06, 3.726672730408609e-06, 3.5847508570441278e-06, 2.795093905660906e-06, 2.741189518928877e-06, 2.7719122499547666e-06, 3.1087415663932916e-06, 3.4294912438781466e-06, 2.6677971618482843e-06, 3.170469881297322e-06, 2.8629506232391577e-06, 2.451489535815199e-06, 2.0380130081321113e-06, 2.402192876616027e-06, 2.351644297959865e-06, 2.5070091851375764e-06, 2.4498713173670694e-06, 1.940381025633542e-06, 1.587314045536914e-06, 1.1847473615489434e-06, 7.981305998328025e-07, 8.771634156801156e-07, 9.717157354316441e-07, 9.134441825153772e-07, 4.258902777110052e-07, 6.168002641970816e-07, 4.5102245849193423e-07, 6.457911467805388e-07, 5.718420652556233e-07, 5.807336265206686e-07, 5.281687549540948e-07, 9.053217695509375e-07, 6.515176664834144e-07, 6.183103096191189e-07, 5.045159241490182e-07, 3.9473371771237e-07, 1.5092787464254798e-07, 6.469126390129532e-08, 5.620364618152962e-08, 4.672228470781192e-08, 3.400492687433143e-08, 7.187865413982308e-09, 5.805051994656196e-10, 6.534491697740563e-12, 5.515111371062753e-12, 5.358998834970041e-12, 5.216958809395322e-12, 5.120621808518688e-12, 5.0266709197832604e-12, 4.9259155782133135e-12, 4.729404368131185e-12, 4.461153235019166e-12, 4.308650224799093e-12, 4.26781440049373e-12], "lowlevel.melbands128.stdev": [0.0007422273629345, 0.008759492076933384, 0.027029599994421005, 0.028165679425001144, 0.017707129940390587, 0.01078629307448864, 0.006004415452480316, 0.00616739597171545, 0.006274165119975805, 0.0022929643746465445, 0.0008485158905386925, 0.0005061132251285017, 0.00038839466287754476, 0.0004249093763064593, 0.00023525093274656683, 0.0006206469843164086, 0.0006416242686100304, 0.000271754281129688, 0.0002536425308790058, 0.0003165423695463687, 0.00015639892080798745, 8.300470653921366e-05, 0.0003824638552032411, 0.0003257041098549962, 0.00022024767531547695, 0.00019345851615071297, 0.00018105957133229822, 6.120894977357239e-05, 4.2001793190138415e-05, 5.7630299124866724e-05, 3.407277836231515e-05, 3.8387664972105995e-05, 2.220931310148444e-05, 3.212277079001069e-05, 1.5648052794858813e-05, 1.8309303413843736e-05, 1.235920990438899e-05, 1.95582615560852e-05, 2.469967512297444e-05, 3.1460000172955915e-05, 0.00011797650950029492, 5.8118850574828684e-05, 5.765487003372982e-05, 5.534564843401313e-05, 2.0570631022565067e-05, 2.6321484256186523e-05, 2.324753768334631e-05, 3.65425948984921e-05, 2.645133645273745e-05, 2.7414456781116314e-05, 3.280532837379724e-05, 4.7319786972366273e-05, 3.5935649066232145e-05, 2.2038509996491484e-05, 1.4818007912253961e-05, 1.3657748240802903e-05, 1.0701250175770838e-05, 1.3140655028109904e-05, 1.3337495147425216e-05, 1.075136515282793e-05, 9.443406270293053e-06, 7.211609045043588e-06, 8.7924454419408e-06, 1.1083032404712867e-05, 9.212209079123568e-06, 1.451600019208854e-05, 9.889205102808774e-06, 8.23803202365525e-06, 8.558612535125576e-06, 7.096638455550419e-06, 5.39838492841227e-06, 5.803986368846381e-06, 6.260169811866945e-06, 6.408827175619081e-06, 6.635262707277434e-06, 9.350387699669227e-06, 9.169634722638875e-06, 7.160633685998619e-06, 7.69275902712252e-06, 9.37419736146694e-06, 8.313840226037428e-06, 7.597485819132999e-06, 5.748991043219576e-06, 8.372284355573356e-06, 7.476743121515028e-06, 6.182954166433774e-06, 5.569699624174973e-06, 5.465601134346798e-06, 5.214106295170495e-06, 5.597477411356522e-06, 5.1781739784928504e-06, 4.309224550524959e-06, 3.4820232031052e-06, 2.740810487011913e-06, 1.7158416767415474e-06, 2.3011252778815106e-06, 2.6031159450212726e-06, 1.9939918729505735e-06, 9.261070204047428e-07, 1.6587868003625772e-06, 9.780078471521847e-07, 1.3790634056931594e-06, 1.2790625305569847e-06, 1.1101333257101942e-06, 1.0291205398971215e-06, 1.6005004681574064e-06, 1.2150428574386751e-06, 1.213912469211209e-06, 8.621435654276866e-07, 7.274638278431667e-07, 3.265996042500774e-07, 1.6551334169889742e-07, 1.8574226601231203e-07, 1.7048054701263027e-07, 1.270410194820215e-07, 2.57724881436161e-08, 3.3584370839889743e-09, 1.9319263203088077e-11, 1.5230278843647582e-11, 1.4821562380196163e-11, 1.4482372766300156e-11, 1.4181410386282511e-11, 1.3867441049641993e-11, 1.3634640291804168e-11, 1.3436082975382124e-11, 1.328139421358232e-11, 1.3166735930714157e-11, 1.309539195831766e-11], "lowlevel.mfcc.mean": [-743.0501708984375, 88.60246276855469, 24.436086654663086, 28.522014617919922, 10.599442481994629, 20.62300682067871, 2.766944408416748, 6.614610195159912, 0.5752456784248352, 6.91106653213501, 2.0514180660247803, -0.07979775965213776, 1.2863504886627197], "lowlevel.spectral_contrast_coeffs.mean": [-0.7389639616012573, -0.7806949019432068, -0.8231838345527649, -0.8261643648147583, -0.8194993734359741, -0.7653868198394775], "lowlevel.spectral_contrast_coeffs.stdev": [0.08120058476924896, 0.09331837296485901, 0.06723619252443314, 0.059041887521743774, 0.049401119351387024, 0.04511953890323639], "lowlevel.spectral_contrast_valleys.mean": [-7.541131496429443, -8.0482816696167, -8.558252334594727, -8.573240280151367, -8.476122856140137, -10.710887908935547], "lowlevel.spectral_contrast_valleys.stdev": [1.598684310913086, 1.2895665168762207, 1.117609977722168, 1.1288223266601562, 1.1157357692718506, 1.2166979312896729], "rhythm.beats_loudness_band_ratio.mean": [0.8051851391792297, 0.0466972291469574, 0.02890063263475895, 0.0659249946475029, 0.02664685994386673, 0.06029600277543068], "rhythm.beats_loudness_band_ratio.stdev": [0.29230889678001404, 0.041269153356552124, 0.06985802948474884, 0.16509906947612762, 0.04573541879653931, 0.092657670378685], "tonal.hpcp.mean": [0.12788861989974976, 0.11480353027582169, 0.10483342409133911, 0.10066020488739014, 0.10721919685602188, 0.12549446523189545, 0.19033484160900116, 0.23391389846801758, 0.1595318466424942, 0.08380789309740067, 0.06666716933250427, 0.08254451304674149, 0.08484842628240585, 0.0891117975115776, 0.09977564960718155, 0.09776313602924347, 0.09778820723295212, 0.10825701802968979, 0.13391922414302826, 0.1386404037475586, 0.14766129851341248, 0.1579032689332962, 0.14459437131881714, 0.14547714591026306, 0.1391105353832245, 0.12295699119567871, 0.11106796562671661, 0.10192662477493286, 0.11271113902330399, 0.09973060339689255, 0.0945756584405899, 0.12479239702224731, 0.13486403226852417, 0.19760476052761078, 0.27650997042655945, 0.20851299166679382], "tonal.hpcp.stdev": [0.2225707769393921, 0.24083742499351501, 0.21473750472068787, 0.21866023540496826, 0.22087256610393524, 0.23414722084999084, 0.26808446645736694, 0.33813056349754333, 0.24229732155799866, 0.1724463403224945, 0.1447071135044098, 0.1748351901769638, 0.19115902483463287, 0.18507780134677887, 0.20340049266815186, 0.2180953174829483, 0.21012720465660095, 0.22260963916778564, 0.25334012508392334, 0.22692903876304626, 0.2629329264163971, 0.2802013158798218, 0.23610645532608032, 0.24741142988204956, 0.23617129027843475, 0.23504385352134705, 0.20990802347660065, 0.17617851495742798, 0.21693691611289978, 0.20501206815242767, 0.18230727314949036, 0.2550220787525177, 0.23916009068489075, 0.2997467815876007, 0.3716644048690796, 0.30914509296417236], "rhythm.beats_position": [0.6037188172340393, 1.2306575775146484, 1.8575963973999023, 2.449705123901367, 3.041814088821411, 3.599092960357666, 4.179591655731201, 4.7600908279418945, 5.34058952331543, 5.8978681564331055, 6.478367328643799, 7.035645961761475], "rhythm.bpm_histogram": [0.0, 0.0, 0.0, 0.0, 0.0, 0.0, 0.0, 0.0, 0.0, 0.0, 0.0, 0.0, 0.0, 0.0, 0.0, 0.0, 0.0, 0.0, 0.0, 0.0, 0.0, 0.0, 0.0, 0.0, 0.0, 0.0, 0.0, 0.0, 0.0, 0.0, 0.0, 0.0, 0.0, 0.0, 0.0, 0.0, 0.0, 0.0, 0.0, 0.0, 0.0, 0.0, 0.0, 0.0, 0.0, 0.0, 0.0, 0.0, 0.0, 0.0, 0.0, 0.0, 0.0, 0.0, 0.0, 0.0, 0.0, 0.0, 0.0, 0.0, 0.0, 0.0, 0.0, 0.0, 0.0, 0.0, 0.0, 0.0, 0.0, 0.0, 0.0, 0.0, 0.0, 0.0, 0.0, 0.0, 0.0, 0.0, 0.0, 0.0, 0.0, 0.0, 0.0, 0.0, 0.0, 0.0, 0.0, 0.0, 0.0, 0.0, 0.0, 0.0, 0.0, 0.0, 0.0, 0.0, 0.1818181872367859, 0.0, 0.0, 0.0, 0.0, 0.1818181872367859, 0.0, 0.3636363744735718, 0.0, 0.0, 0.0, 0.0, 0.27272728085517883, 0.0, 0.0, 0.0, 0.0, 0.0, 0.0, 0.0, 0.0, 0.0, 0.0, 0.0, 0.0, 0.0, 0.0, 0.0, 0.0, 0.0, 0.0, 0.0, 0.0, 0.0, 0.0, 0.0, 0.0, 0.0, 0.0, 0.0, 0.0, 0.0, 0.0, 0.0, 0.0, 0.0, 0.0, 0.0, 0.0, 0.0, 0.0, 0.0, 0.0, 0.0, 0.0, 0.0, 0.0, 0.0, 0.0, 0.0, 0.0, 0.0, 0.0, 0.0, 0.0, 0.0, 0.0, 0.0, 0.0, 0.0, 0.0, 0.0, 0.0, 0.0, 0.0, 0.0, 0.0, 0.0, 0.0, 0.0, 0.0, 0.0, 0.0, 0.0, 0.0, 0.0, 0.0, 0.0, 0.0, 0.0, 0.0, 0.0, 0.0, 0.0, 0.0, 0.0, 0.0, 0.0, 0.0, 0.0, 0.0, 0.0, 0.0, 0.0, 0.0, 0.0, 0.0, 0.0, 0.0, 0.0, 0.0, 0.0, 0.0, 0.0, 0.0, 0.0, 0.0, 0.0, 0.0, 0.0, 0.0, 0.0, 0.0, 0.0, 0.0, 0.0, 0.0, 0.0, 0.0, 0.0, 0.0, 0.0, 0.0, 0.0, 0.0, 0.0, 0.0, 0.0, 0.0, 0.0, 0.0, 0.0, 0.0, 0.0, 0.0, 0.0, 0.0, 0.0, 0.0, 0.0, 0.0, 0.0, 0.0, 0.0], "tonal.chords_histogram": [15.527950286865234, 1.2422360181808472, 0.0, 0.0, 0.0, 9.316770553588867, 8.69565200805664, 0.0, 0.0, 0.0, 0.0, 0.0, 0.0, 0.0, 0.0, 0.0, 1.8633540868759155, 0.0, 0.0, 0.0, 0.0, 0.0, 0.0, 63.35403823852539], "tonal.thpcp": [1.0, 0.7540885210037231, 0.46250998973846436, 0.41518765687942505, 0.3791307210922241, 0.36403825879096985, 0.38775888085365295, 0.45385149121284485, 0.6883471012115479, 0.8459510207176208, 0.5769479274749756, 0.30309176445007324, 0.2411022186279297, 0.2985227406024933, 0.30685484409332275, 0.3222733736038208, 0.36083924770355225, 0.3535609841346741, 0.35365164279937744, 0.3915121555328369, 0.48431968688964844, 0.5013938546180725, 0.5340179800987244, 0.5710581541061401, 0.5229264497756958, 0.5261189937591553, 0.5030940771102905, 0.44467470049858093, 0.4016779661178589, 0.3686182498931885, 0.40762051939964294, 0.3606763482093811, 0.3420334458351135, 0.45131245255470276, 0.48773661255836487, 0.7146388292312622], "lowlevel.gfcc.cov": [[13363.474609375, 1411.801025390625, 287.36724853515625, 395.5602111816406, 10.49170970916748, 45.6851692199707, -454.706787109375, 141.72268676757812, 180.13067626953125, 75.08187103271484, 17.72345542907715, 21.484806060791016, -125.15383911132812], [1411.801025390625, 3029.4208984375, 796.6344604492188, 76.201416015625, 306.3539123535156, -338.32171630859375, -47.29475021362305, -174.1340789794922, 224.6340789794922, -247.0338897705078, 211.5805206298828, -228.4764862060547, 72.6984634399414], [287.36724853515625, 796.6344604492188, 1726.844482421875, 589.5635375976562, 446.299072265625, 30.636688232421875, 22.91738510131836, -107.4321517944336, -23.324129104614258, -21.261062622070312, 15.856599807739258, -50.81878662109375, -12.8231840133667], [395.5602111816406, 76.201416015625, 589.5635375976562, 1172.7122802734375, 227.82254028320312, 123.54804992675781, -17.055622100830078, -121.02175903320312, 14.416379928588867, -121.65294647216797, 47.173011779785156, -155.0515594482422, 86.1721420288086], [10.49170970916748, 306.3539123535156, 446.299072265625, 227.82254028320312, 466.6948547363281, 108.8436050415039, 92.986083984375, -16.49089813232422, -9.750736236572266, -62.845340728759766, -47.56296157836914, -45.77232360839844, 19.590408325195312], [45.6851692199707, -338.32171630859375, 30.636688232421875, 123.54804992675781, 108.8436050415039, 318.73284912109375, 115.54179382324219, 28.09239959716797, -47.91704559326172, 15.007108688354492, -22.37078857421875, -13.414677619934082, -27.775897979736328], [-454.706787109375, -47.29475021362305, 22.91738510131836, -17.055622100830078, 92.986083984375, 115.54179382324219, 221.94369506835938, 13.920183181762695, -12.656623840332031, -22.929954528808594, 20.165178298950195, -12.439546585083008, 0.9851877093315125], [141.72268676757812, -174.1340789794922, -107.4321517944336, -121.02175903320312, -16.49089813232422, 28.09239959716797, 13.920183181762695, 135.36207580566406, 37.26868438720703, 36.85470199584961, -36.372215270996094, 31.464696884155273, -6.3129563331604], [180.13067626953125, 224.6340789794922, -23.324129104614258, 14.416379928588867, -9.750736236572266, -47.91704559326172, -12.656623840332031, 37.26868438720703, 120.3109359741211, 11.703109741210938, 29.300867080688477, -33.161739349365234, 15.667916297912598], [75.08187103271484, -247.0338897705078, -21.261062622070312, -121.65294647216797, -62.845340728759766, 15.007108688354492, -22.929954528808594, 36.85470199584961, 11.703109741210938, 154.66622924804688, -7.317504405975342, 66.33250427246094, -44.61534118652344], [17.72345542907715, 211.5805206298828, 15.856599807739258, 47.173011779785156, -47.56296157836914, -22.37078857421875, 20.165178298950195, -36.372215270996094, 29.300867080688477, -7.317504405975342, 130.51156616210938, 0.3754134178161621, 9.021235466003418], [21.484806060791016, -228.4764862060547, -50.81878662109375, -155.0515594482422, -45.77232360839844, -13.414677619934082, -12.439546585083008, 31.464696884155273, -33.161739349365234, 66.33250427246094, 0.3754134178161621, 126.28709411621094, -6.239536285400391], [-125.15383911132812, 72.6984634399414, -12.8231840133667, 86.1721420288086, 19.590408325195312, -27.775897979736328, 0.9851877093315125, -6.3129563331604, 15.667916297912598, -44.61534118652344, 9.021235466003418, -6.239536285400391, 75.35533142089844]], "lowlevel.gfcc.icov": [[0.00010559320799075067, -0.00013264793960843235, 5.592121306108311e-05, -0.0001390354591421783, 5.255196083453484e-05, -0.0001611301559023559, 0.00021576338622253388, -0.00021766229474451393, -1.1397292837500572e-05, -6.679569651169004e-06, 0.00012157169840065762, -0.00031198965734802186, 0.0003357721434440464], [-0.00013264793960843235, 0.0011610498186200857, -0.0005297155003063381, 0.0008592694066464901, -0.0006937219295650721, 0.0006409856723621488, 0.0002542325237300247, 0.0010340630542486906, -0.0015200900379568338, 0.0012042033486068249, -0.0015603522770106792, 0.0014936176594346762, -0.0005737552419304848], [5.592121306108311e-05, -0.0005297155003063381, 0.0012381058186292648, -0.000864013156387955, -0.0006493923137895763, 0.0002335072058485821, -0.00016313442029058933, -0.00027215704903937876, 0.0009647639817558229, -0.0009846475441008806, 0.00041821072227321565, -0.0008640845771878958, 0.0011316840536892414], [-0.0001390354591421783, 0.0008592694066464901, -0.000864013156387955, 0.0023541313130408525, -0.0005884351558052003, -0.0006262289825826883, 0.0009988402016460896, 0.001457229140214622, -0.0010397754376754165, 0.0008323807269334793, -0.0017294534482061863, 0.002736651571467519, -0.002725142752751708], [5.255196083453484e-05, -0.0006937219295650721, -0.0006493923137895763, -0.0005884351558052003, 0.00441087456420064, -0.0014076271327212453, -0.001463783555664122, 0.00011258693120907992, -0.000463355565443635, 0.000751726736780256, 0.003203062806278467, -0.001510979374870658, -0.0002852097386494279], [-0.0001611301559023559, 0.0006409856723621488, 0.0002335072058485821, -0.0006262289825826883, -0.0014076271327212453, 0.006229947321116924, -0.0025742047000676394, -0.001718860468827188, 0.0026556411758065224, -0.0013530465075746179, -0.0011208475334569812, 0.00231872103177011, 0.0013947335537523031], [0.00021576338622253388, 0.0002542325237300247, -0.00016313442029058933, 0.0009988402016460896, -0.001463783555664122, -0.0025742047000676394, 0.007599989417940378, -0.0010498086921870708, 4.298394196666777e-05, 0.0013076814357191324, -0.0031233998015522957, 0.001095062936656177, -0.0005826203851029277], [-0.00021766229474451393, 0.0010340630542486906, -0.00027215704903937876, 0.001457229140214622, 0.00011258693120907992, -0.001718860468827188, -0.0010498086921870708, 0.014472223818302155, -0.009246784262359142, 0.0018759170779958367, 0.004011306446045637, -0.0037018172442913055, -0.00026198962586931884], [-1.1397292837500572e-05, -0.0015200900379568338, 0.0009647639817558229, -0.0010397754376754165, -0.000463355565443635, 0.0026556411758065224, 4.298394196666777e-05, -0.009246784262359142, 0.01986060105264187, -0.007667842786759138, -0.004180228803306818, 0.007823646999895573, -0.004396169912070036], [-6.679569651169004e-06, 0.0012042033486068249, -0.0009846475441008806, 0.0008323807269334793, 0.000751726736780256, -0.0013530465075746179, 0.0013076814357191324, 0.0018759170779958367, -0.007667842786759138, 0.014514096081256866, 0.0003184019587934017, -0.006708955392241478, 0.006747615523636341], [0.00012157169840065762, -0.0015603522770106792, 0.00041821072227321565, -0.0017294534482061863, 0.003203062806278467, -0.0011208475334569812, -0.0031233998015522957, 0.004011306446045637, -0.004180228803306818, 0.0003184019587934017, 0.01418028399348259, -0.0062857018783688545, 0.0017267510993406177], [-0.00031198965734802186, 0.0014936176594346762, -0.0008640845771878958, 0.002736651571467519, -0.001510979374870658, 0.00231872103177011, 0.001095062936656177, -0.0037018172442913055, 0.007823646999895573, -0.006708955392241478, -0.0062857018783688545, 0.01963968575000763, -0.007532739546149969], [0.0003357721434440464, -0.0005737552419304848, 0.0011316840536892414, -0.002725142752751708, -0.0002852097386494279, 0.0013947335537523031, -0.0005826203851029277, -0.00026198962586931884, -0.004396169912070036, 0.006747615523636341, 0.0017267510993406177, -0.007532739546149969, 0.022343112155795097]], "lowlevel.mfcc.cov": [[13459.255859375, 657.2183837890625, 78.80780029296875, 255.7192840576172, 327.7547302246094, -45.96757888793945, -403.0372009277344, 42.350826263427734, -151.62277221679688, 92.39173126220703, 133.3544158935547, 47.0750617980957, -123.48844909667969], [657.2183837890625, 2808.840087890625, 441.16815185546875, 164.20018005371094, 228.2512969970703, -138.07106018066406, -124.59857177734375, 21.54925537109375, -91.46871948242188, -19.752824783325195, 71.66963958740234, -11.284975051879883, 15.723933219909668], [78.80780029296875, 441.16815185546875, 1160.7850341796875, 617.8632202148438, 375.39886474609375, 203.04281616210938, 113.5240707397461, -24.791353225708008, -22.292377471923828, -28.62649917602539, 37.354373931884766, 40.07416534423828, -23.87860107421875], [255.7192840576172, 164.20018005371094, 617.8632202148438, 802.3545532226562, 392.080078125, 193.4008331298828, 62.87759780883789, 5.048453330993652, 18.283008575439453, -15.7949800491333, -4.88096284866333, -33.64421844482422, -25.634963989257812], [327.7547302246094, 228.2512969970703, 375.39886474609375, 392.080078125, 429.40203857421875, 159.7563018798828, 79.23561096191406, 41.56596374511719, 64.5962142944336, 4.456131935119629, -6.527505397796631, -19.536998748779297, -41.177696228027344], [-45.96757888793945, -138.07106018066406, 203.04281616210938, 193.4008331298828, 159.7563018798828, 282.2358703613281, 180.59828186035156, 53.2801399230957, 32.853614807128906, 8.70124340057373, 15.094164848327637, 21.67943572998047, -33.92008972167969], [-403.0372009277344, -124.59857177734375, 113.5240707397461, 62.87759780883789, 79.23561096191406, 180.59828186035156, 245.25262451171875, 88.2439193725586, 43.53544235229492, -4.85749626159668, 3.2250332832336426, 12.63974380493164, -33.33393096923828], [42.350826263427734, 21.54925537109375, -24.791353225708008, 5.048453330993652, 41.56596374511719, 53.2801399230957, 88.2439193725586, 133.0791473388672, 33.8104362487793, 23.58616065979004, 10.097091674804688, -8.3946533203125, -23.6705379486084], [-151.62277221679688, -91.46871948242188, -22.292377471923828, 18.283008575439453, 64.5962142944336, 32.853614807128906, 43.53544235229492, 33.8104362487793, 144.24464416503906, 35.75882339477539, -14.047188758850098, -8.866439819335938, -1.9526491165161133], [92.39173126220703, -19.752824783325195, -28.62649917602539, -15.7949800491333, 4.456131935119629, 8.70124340057373, -4.85749626159668, 23.58616065979004, 35.75882339477539, 93.26060485839844, 28.645069122314453, 0.7668182849884033, 5.999029636383057], [133.3544158935547, 71.66963958740234, 37.354373931884766, -4.88096284866333, -6.527505397796631, 15.094164848327637, 3.2250332832336426, 10.097091674804688, -14.047188758850098, 28.645069122314453, 85.8681411743164, 36.88222122192383, 2.5673651695251465], [47.0750617980957, -11.284975051879883, 40.07416534423828, -33.64421844482422, -19.536998748779297, 21.67943572998047, 12.63974380493164, -8.3946533203125, -8.866439819335938, 0.7668182849884033, 36.88222122192383, 79.3393783569336, 25.77021026611328], [-123.48844909667969, 15.723933219909668, -23.87860107421875, -25.634963989257812, -41.177696228027344, -33.92008972167969, -33.33393096923828, -23.6705379486084, -1.9526491165161133, 5.999029636383057, 2.5673651695251465, 25.77021026611328, 76.23809814453125]], "lowlevel.mfcc.icov": [[9.050293738255277e-05, -4.57450732938014e-06, 2.4410253899986856e-05, -8.829723810777068e-06, -9.55720606725663e-05, -7.441502384608611e-05, 0.00029458338394761086, -0.0001445233792765066, 0.00010826662764884531, -6.855668470961973e-05, -2.278270767419599e-05, -0.00018487457418814301, 0.00022284177248366177], [-4.57450732938014e-06, 0.00047259341226890683, -0.0002186809724662453, 0.00017487964942120016, -0.00042633680277504027, 0.000393291178625077, 0.00016647759184706956, -0.0003650584549177438, 0.0002892550837714225, 0.0002160721633117646, -0.0005125024472363293, 0.00034967964165844023, -0.0003209485730621964], [2.4410253899986856e-05, -0.0002186809724662453, 0.0019282213179394603, -0.0012006218312308192, -0.0005956193199381232, 0.00020010961452499032, -0.0009442606242373586, 0.0010667998576536775, 0.0005334595334716141, -0.0001658454566495493, -0.0001635922526475042, -0.0014944118447601795, 0.0005079275579191744], [-8.829723810777068e-06, 0.00017487964942120016, -0.0012006218312308192, 0.003340297145769, -0.0018407519673928618, -0.0013321711448952556, 0.0010961443185806274, -0.00022383459145203233, 0.000243698013946414, 0.0007167631993070245, -0.0005688289529643953, 0.0024896308314055204, -0.0013529673451557755], [-9.55720606725663e-05, -0.00042633680277504027, -0.0005956193199381232, -0.0018407519673928618, 0.005974756088107824, -0.0017949918983504176, 0.0006463375175371766, -0.0007297248230315745, -0.002441174816340208, 0.0001593782944837585, 0.0009482442401349545, 0.00010543916141614318, 0.0014694664860144258], [-7.441502384608611e-05, 0.000393291178625077, 0.00020010961452499032, -0.0013321711448952556, -0.0017949918983504176, 0.009906550869345665, -0.006719712167978287, 0.0012905756011605263, 0.0009365778532810509, -0.0018753944896161556, -0.00024254288291558623, -0.0027325674891471863, 0.0014172339579090476], [0.00029458338394761086, 0.00016647759184706956, -0.0009442606242373586, 0.0010961443185806274, 0.0006463375175371766, -0.006719712167978287, 0.012187971733510494, -0.005844658240675926, -0.0016085749957710505, 0.002777077490463853, 0.00035273339017294347, -0.0005703759961761534, 0.0013105334946885705], [-0.0001445233792765066, -0.0003650584549177438, 0.0010667998576536775, -0.00022383459145203233, -0.0007297248230315745, 0.0012905756011605263, -0.005844658240675926, 0.01248345896601677, -0.0006964003550820053, -0.0026372105348855257, -0.0012673096498474479, 0.0011920190881937742, 0.001429962576366961], [0.00010826662764884531, 0.0002892550837714225, 0.0005334595334716141, 0.000243698013946414, -0.002441174816340208, 0.0009365778532810509, -0.0016085749957710505, -0.0006964003550820053, 0.010078955441713333, -0.0043157534673810005, 0.002552033169195056, -0.0006459947326220572, -0.0007264625746756792], [-6.855668470961973e-05, 0.0002160721633117646, -0.0001658454566495493, 0.0007167631993070245, 0.0001593782944837585, -0.0018753944896161556, 0.002777077490463853, -0.0026372105348855257, -0.0043157534673810005, 0.015811076387763023, -0.006925160065293312, 0.0037536744493991137, -0.0027097377460449934], [-2.278270767419599e-05, -0.0005125024472363293, -0.0001635922526475042, -0.0005688289529643953, 0.0009482442401349545, -0.00024254288291558623, 0.00035273339017294347, -0.0012673096498474479, 0.002552033169195056, -0.006925160065293312, 0.019213663414120674, -0.009743095375597477, 0.0032479430083185434], [-0.00018487457418814301, 0.00034967964165844023, -0.0014944118447601795, 0.0024896308314055204, 0.00010543916141614318, -0.0027325674891471863, -0.0005703759961761534, 0.0011920190881937742, -0.0006459947326220572, 0.0037536744493991137, -0.009743095375597477, 0.02282303012907505, -0.008739139884710312], [0.00022284177248366177, -0.0003209485730621964, 0.0005079275579191744, -0.0013529673451557755, 0.0014694664860144258, 0.0014172339579090476, 0.0013105334946885705, 0.001429962576366961, -0.0007264625746756792, -0.0027097377460449934, 0.0032479430083185434, -0.008739139884710312, 0.018728608265519142]], "metadata.audio_properties.analysis.downmix": "mix", "metadata.audio_properties.codec": "mp3", "metadata.audio_properties.md5_encoded": "d951510e1db6273f8059e423a656e0a1", "metadata.tags.file_name": "1182273530046447716.mp3", "metadata.version.essentia": "2.1-beta6-dev", "metadata.version.essentia_git_sha": "v2.1_beta5-1110-g77a6a954", "metadata.version.extractor": "music 2.0", "tonal.chords_key": "E", "tonal.chords_scale": "major", "tonal.key_edma.key": "Ab", "tonal.key_edma.scale": "minor", "tonal.key_krumhansl.key": "Ab", "tonal.key_krumhansl.scale": "minor", "tonal.key_temperley.key": "Ab", "tonal.key_temperley.scale": "minor", "metadata.tags.encoding": ["Lavf58.45.100"]}, "essentia_models": [{"model_name": "genre_dortmund", "activations": {"alternative": "0.005034761", "blues": "0.011656393", "electronic": "0.006588746", "folkcountry": "0.009129328", "funksoulrnb": "0.403405", "jazz": "0.019708736", "pop": "0.023586184", "raphiphop": "0.37013674", "rock": "0.13930005"}}, {"model_name": "genre_rosamerica", "activations": {"classic": "0.0038085696", "dance": "0.00024664597", "hip hop": "0.4880417", "jazz": "0.0017646789", "pop": "0.23243955", "rhythm and blues": "0.52959347", "rock": "0.025641512", "speech": "0.008245639"}}, {"model_name": "genre_tzanetakis", "activations": {"blues": "0.0028441888", "classic": "1.6067444e-05", "country": "0.00023361082", "disco": "0.38484168", "hip hop": "0.15748492", "jazz": "3.119651e-05", "metal": "0.0005786069", "pop": "0.0030740772", "reggae": "0.08531093", "rock": "0.0011029602"}}, {"model_name": "genre_electronic", "activations": {"ambient": "0.10989784", "dnb": "0.35063666", "house": "0.54776764", "techno": "0.6252618", "trance": "0.005621937"}}, {"model_name": "mood_acoustic", "activations": {"acoustic": "0.0001707725