{"song_id": "1182274094620737566", "download": "https://cdn.discordapp.com/attachments/1128313332273782784/1182274094620737566/chirp.mp4?ex=6584198d&amp", "lyrics": "Lucie est rentr\u00e9e du coll\u00e8ge\nAm\u00e9lie est rentr\u00e9e du coll\u00e8ge\nElle a deux heures pour manger\nTranquille.\nAlors elles ont les tablettes.\nC'est cool.", "style": ["rock</span><span>, female vocal"], "essentia_features": {"lowlevel.average_loudness": 0.4920309782028198, "lowlevel.barkbands_crest.mean": 10.88491439819336, "lowlevel.barkbands_crest.stdev": 4.087011814117432, "lowlevel.barkbands_flatness_db.mean": 0.24993540346622467, "lowlevel.barkbands_flatness_db.stdev": 0.13725033402442932, "lowlevel.barkbands_kurtosis.mean": 8.213428497314453, "lowlevel.barkbands_kurtosis.stdev": 14.947102546691895, "lowlevel.barkbands_skewness.mean": 0.39163461327552795, "lowlevel.barkbands_skewness.stdev": 1.9533623456954956, "lowlevel.barkbands_spread.mean": 13.187536239624023, "lowlevel.barkbands_spread.stdev": 14.405989646911621, "lowlevel.dissonance.mean": 0.3822588324546814, "lowlevel.dissonance.stdev": 0.10528019815683365, "lowlevel.dynamic_complexity": 21.34003257751465, "lowlevel.erbbands_crest.mean": 11.698878288269043, "lowlevel.erbbands_crest.stdev": 6.192792892456055, "lowlevel.erbbands_flatness_db.mean": 0.2516619563102722, "lowlevel.erbbands_flatness_db.stdev": 0.12117909640073776, "lowlevel.erbbands_kurtosis.mean": 8.379539489746094, "lowlevel.erbbands_kurtosis.stdev": 11.9829740524292, "lowlevel.erbbands_skewness.mean": 0.6464157104492188, "lowlevel.erbbands_skewness.stdev": 1.6849281787872314, "lowlevel.erbbands_spread.mean": 21.890884399414062, "lowlevel.erbbands_spread.stdev": 20.662321090698242, "lowlevel.hfc.mean": 10.891661643981934, "lowlevel.hfc.stdev": 19.171926498413086, "lowlevel.loudness_ebu128.integrated": -20.093568801879883, "lowlevel.loudness_ebu128.loudness_range": 2.8182201385498047, "lowlevel.loudness_ebu128.momentary.mean": -86.81083679199219, "lowlevel.loudness_ebu128.momentary.stdev": 117.48200988769531, "lowlevel.loudness_ebu128.short_term.mean": -52.92172622680664, "lowlevel.loudness_ebu128.short_term.stdev": 87.48082733154297, "lowlevel.melbands_crest.mean": 11.523092269897461, "lowlevel.melbands_crest.stdev": 6.375290870666504, "lowlevel.melbands_flatness_db.mean": 0.2838420867919922, "lowlevel.melbands_flatness_db.stdev": 0.1964370459318161, "lowlevel.melbands_kurtosis.mean": 7.4601521492004395, "lowlevel.melbands_kurtosis.stdev": 13.581477165222168, "lowlevel.melbands_skewness.mean": 0.8848224878311157, "lowlevel.melbands_skewness.stdev": 1.6069648265838623, "lowlevel.melbands_spread.mean": 41.28342819213867, "lowlevel.melbands_spread.stdev": 55.34676742553711, "lowlevel.pitch_salience.mean": 0.5857693552970886, "lowlevel.pitch_salience.stdev": 0.1569070965051651, "lowlevel.silence_rate_20dB.mean": 0.9940119981765747, "lowlevel.silence_rate_20dB.stdev": 0.07715028524398804, "lowlevel.silence_rate_30dB.mean": 0.9676646590232849, "lowlevel.silence_rate_30dB.stdev": 0.17688867449760437, "lowlevel.silence_rate_60dB.mean": 0.32694610953330994, "lowlevel.silence_rate_60dB.stdev": 0.4690946340560913, "lowlevel.spectral_centroid.mean": 3251.369873046875, "lowlevel.spectral_centroid.stdev": 4502.8916015625, "lowlevel.spectral_complexity.mean": 5.749700546264648, "lowlevel.spectral_complexity.stdev": 5.100740432739258, "lowlevel.spectral_decrease.mean": -6.11105610559548e-09, "lowlevel.spectral_decrease.stdev": 1.7114620831648608e-08, "lowlevel.spectral_energy.mean": 0.024052420631051064, "lowlevel.spectral_energy.stdev": 0.06532176584005356, "lowlevel.spectral_energyband_high.mean": 0.00040789571357890964, "lowlevel.spectral_energyband_high.stdev": 0.0019510705024003983, "lowlevel.spectral_energyband_low.mean": 0.009175843559205532, "lowlevel.spectral_energyband_low.stdev": 0.06001892313361168, "lowlevel.spectral_energyband_middle_high.mean": 0.0010622607078403234, "lowlevel.spectral_energyband_middle_high.stdev": 0.004963024985045195, "lowlevel.spectral_energyband_middle_low.mean": 0.015545481815934181, "lowlevel.spectral_energyband_middle_low.stdev": 0.02531997486948967, "lowlevel.spectral_entropy.mean": 6.987342834472656, "lowlevel.spectral_entropy.stdev": 1.8915876150131226, "lowlevel.spectral_flux.mean": 0.0391155369579792, "lowlevel.spectral_flux.stdev": 0.07025443762540817, "lowlevel.spectral_kurtosis.mean": 20.614761352539062, "lowlevel.spectral_kurtosis.stdev": 29.277570724487305, "lowlevel.spectral_rms.mean": 0.0034936941228806973, "lowlevel.spectral_rms.stdev": 0.0033555778209120035, "lowlevel.spectral_rolloff.mean": 5392.9833984375, "lowlevel.spectral_rolloff.stdev": 7822.91259765625, "lowlevel.spectral_skewness.mean": 2.8558590412139893, "lowlevel.spectral_skewness.stdev": 2.6842916011810303, "lowlevel.spectral_spread.mean": 12651722.0, "lowlevel.spectral_spread.stdev": 16167090.0, "lowlevel.spectral_strongpeak.mean": 1.0677475929260254, "lowlevel.spectral_strongpeak.stdev": 1.098883867263794, "lowlevel.zerocrossingrate.mean": 0.1535039246082306, "lowlevel.zerocrossingrate.stdev": 0.20481805503368378, "metadata.audio_properties.analysis.equal_loudness": 0.0, "metadata.audio_properties.analysis.length": 19.349319458007812, "metadata.audio_properties.analysis.sample_rate": 44100.0, "metadata.audio_properties.analysis.start_time": 0.0, "metadata.audio_properties.bit_rate": 91495.0, "metadata.audio_properties.length": 19.349332809448242, "metadata.audio_properties.lossless": 0.0, "metadata.audio_properties.number_channels": 1.0, "metadata.audio_properties.replay_gain": -6.8636016845703125, "metadata.audio_properties.sample_rate": 48000.0, "rhythm.beats_count": 35.0, "rhythm.beats_loudness.mean": 0.04635169357061386, "rhythm.beats_loudness.stdev": 0.12236499786376953, "rhythm.bpm": 96.38895416259766, "rhythm.bpm_histogram_first_peak_bpm": 96.0, "rhythm.bpm_histogram_first_peak_weight": 0.25, "rhythm.bpm_histogram_second_peak_bpm": 101.0, "rhythm.bpm_histogram_second_peak_spread": 0.375, "rhythm.bpm_histogram_second_peak_weight": 0.14705882966518402, "rhythm.danceability": 1.0222619771957397, "rhythm.onset_rate": 2.478641986846924, "tonal.chords_changes_rate": 0.038277510553598404, "tonal.chords_number_rate": 0.019138755276799202, "tonal.chords_strength.mean": 0.4173987805843353, "tonal.chords_strength.stdev": 0.19077269732952118, "tonal.hpcp_crest.mean": 12.300116539001465, "tonal.hpcp_crest.stdev": 8.744056701660156, "tonal.hpcp_entropy.mean": 1.114505410194397, "tonal.hpcp_entropy.stdev": 0.7946962714195251, "tonal.key_edma.strength": 0.7703667879104614, "tonal.key_krumhansl.strength": 0.7573902606964111, "tonal.key_temperley.strength": 0.7532845735549927, "tonal.tuning_diatonic_strength": 0.5632421374320984, "tonal.tuning_equal_tempered_deviation": 0.02634718082845211, "tonal.tuning_frequency": 438.98455810546875, "tonal.tuning_nontempered_energy_ratio": 0.5826038718223572, "lowlevel.barkbands.mean": [0.00011614583490882069, 0.004414674825966358, 0.0025170547887682915, 0.003212312003597617, 0.0008089343900792301, 0.003639048431068659, 0.004185214638710022, 0.0029483833350241184, 0.0007274500094354153, 0.00025136242038570344, 0.0003961619222536683, 5.6539676734246314e-05, 5.3708521591033787e-05, 0.0001114292026613839, 3.674812978715636e-05, 3.193198426743038e-05, 2.527153083065059e-05, 2.993184170918539e-05, 5.039492680225521e-05, 7.821289909770712e-05, 6.479762669187039e-05, 0.00012467156921047717, 5.39978536835406e-05, 5.933776992605999e-05, 4.4753134716302156e-05, 1.3794372534903232e-05, 1.9650452998121182e-07], "lowlevel.barkbands.stdev": [0.001640898990444839, 0.04903307184576988, 0.01319963950663805, 0.013094100169837475, 0.0025149215944111347, 0.005864285863935947, 0.006510003469884396, 0.007487128023058176, 0.002024482237175107, 0.001689237542450428, 0.003074581502005458, 0.00024605169892311096, 0.0004354817792773247, 0.0008870547753758729, 0.00013968735584057868, 0.00014393583114724606, 9.46567379287444e-05, 0.00016816871357150376, 0.00042683526407927275, 0.000449400395154953, 0.000306624366203323, 0.0006210310384631157, 0.00028261233819648623, 0.0004297212581150234, 0.00029360593180172145, 0.00014543927682098, 2.489657163096126e-06], "lowlevel.erbbands.mean": [0.11271291971206665, 1.0119003057479858, 2.76288104057312, 8.36818790435791, 5.5632643699646, 1.890242099761963, 7.643182754516602, 41.47243118286133, 52.40252685546875, 62.086273193359375, 61.84238052368164, 13.62023639678955, 6.491875648498535, 12.448250770568848, 13.504563331604004, 2.4095377922058105, 2.5548996925354004, 5.525002956390381, 2.8095622062683105, 2.3963801860809326, 1.2101370096206665, 1.682019829750061, 1.8048213720321655, 1.3201290369033813, 3.19441556930542, 3.6635875701904297, 3.289980888366699, 2.1724414825439453, 3.8060429096221924, 4.030487060546875, 1.2991386651992798, 0.9824997782707214, 1.1771752834320068, 0.667184591293335, 0.2055365890264511, 0.07350315898656845, 0.021505536511540413, 0.002978141652420163, 7.211706542875618e-05, 3.0128276193863712e-05], "lowlevel.erbbands.stdev": [1.58353853225708, 10.913314819335938, 18.571029663085938, 33.070396423339844, 23.519271850585938, 4.884674072265625, 22.33717918395996, 63.747676849365234, 79.67325592041016, 106.90006256103516, 137.46824645996094, 33.242218017578125, 27.53619384765625, 85.09587860107422, 107.87312316894531, 10.630703926086426, 21.017099380493164, 51.04047393798828, 12.059224128723145, 9.92577075958252, 4.4090495109558105, 5.900468349456787, 8.717264175415039, 11.74384593963623, 22.062686920166016, 20.530595779418945, 16.231006622314453, 10.746627807617188, 20.922624588012695, 18.16895866394043, 6.867822170257568, 6.499443054199219, 9.628212928771973, 4.482570648193359, 1.3025293350219727, 0.6690664291381836, 0.23905879259109497, 0.04176264628767967, 0.0007730323704890907, 7.68802419770509e-05], "lowlevel.gfcc.mean": [-414.4726867675781, 101.89468383789062, -54.01618194580078, 10.750969886779785, -76.53584289550781, -12.416781425476074, -35.11093521118164, 1.9763435125350952, -6.8384504318237305, 2.1719210147857666, -9.410265922546387, -14.822896957397461, -10.920173645019531], "lowlevel.melbands.mean": [0.001096059917472303, 0.001508994959294796, 0.0013111680746078491, 0.00021972140530124307, 0.00021390232723206282, 0.0008661049650982022, 0.0008532130741514266, 0.00072538445238024, 0.0004420484183356166, 7.083050877554342e-05, 3.165334419463761e-05, 4.8934271035250276e-05, 5.55594997422304e-05, 9.655842404754367e-06, 3.9717438085062895e-06, 6.865823252155678e-06, 1.0697771358536556e-05, 4.977950993634295e-06, 2.9653258479811484e-06, 2.9255261324578896e-06, 1.0205363878412754e-06, 1.3805120033794083e-06, 2.666765340109123e-06, 7.69847531501e-07, 9.66045377026603e-07, 2.3487016278522788e-06, 2.308983539478504e-06, 2.5057122456928482e-06, 2.1193482098169625e-06, 1.8176214098275523e-06, 1.051602112056571e-06, 1.7245213257410796e-06, 3.24268239637604e-06, 1.7811230463848915e-06, 7.39344727662683e-07, 5.337255402082519e-07, 6.146569830889348e-07, 7.539973125858523e-07, 9.170730663754512e-07, 4.353449583049951e-07], "lowlevel.melbands.stdev": [0.013281474821269512, 0.011116054840385914, 0.005277217831462622, 0.0008103007567115128, 0.000619557686150074, 0.001323620555922389, 0.0012083903420716524, 0.0013164466945454478, 0.0009500334854237735, 0.00018862474826164544, 0.00015304215776268393, 0.0003378291439730674, 0.00045838483492843807, 5.642025644192472e-05, 2.4886758183129132e-05, 6.172012217575684e-05, 9.976804722100496e-05, 2.3435331968357787e-05, 1.1597320735745598e-05, 1.3965795915282797e-05, 3.5254017802799353e-06, 4.899570740235504e-06, 1.2191551832074765e-05, 4.890534000878688e-06, 9.258339559892192e-06, 2.1054287572042085e-05, 1.1977967915299814e-05, 1.5641333448002115e-05, 1.1834807992272545e-05, 9.671051884652115e-06, 5.4391830417444e-06, 9.888287422654685e-06, 1.6419109670096077e-05, 8.428066394117195e-06, 3.981992449553218e-06, 3.337260523039731e-06, 4.1600937947805505e-06, 5.8657869885792024e-06, 8.00271754997084e-06, 2.516534095775569e-06], "lowlevel.melbands128.mean": [0.00011136253306176513, 0.0008498355164192617, 0.0013685730518773198, 0.0018303287215530872, 0.0013905465602874756, 0.0013055515009909868, 0.001932612736709416, 0.001301740063354373, 0.00046690163435414433, 0.00013432244304567575, 6.349283648887649e-05, 0.00010502357326913625, 0.00022633603657595813, 0.0003425871836952865, 0.0009991961997002363, 0.0011346203973516822, 0.0007318533025681973, 0.0007865917286835611, 0.0010957265039905906, 0.00047224172158166766, 0.0007521804072894156, 0.000915792363230139, 0.0002607047208584845, 0.00021722381643485278, 3.4595384931890294e-05, 4.491205618251115e-05, 4.8108529881574214e-05, 1.4078995263844263e-05, 3.279317024862394e-05, 5.5653486924711615e-05, 4.4753487600246444e-05, 5.56533268536441e-05, 8.50650540087372e-05, 2.929953006969299e-05, 1.122850244428264e-05, 5.903974852117244e-06, 2.874794063245645e-06, 4.263946721039247e-06, 3.6145545436738757e-06, 5.903477358515374e-06, 6.147153726487886e-06, 1.0091165677295066e-05, 1.326655092270812e-05, 9.839728591032326e-06, 7.347585778916255e-06, 4.143258593103383e-06, 1.9285835151094943e-06, 2.7576274987950455e-06, 3.4010140552709345e-06, 3.7310262541723205e-06, 3.23957124237495e-06, 1.6232677353400504e-06, 1.2692734117081272e-06, 6.065184834369575e-07, 7.35729713596811e-07, 1.254084168067493e-06, 2.1944988475297578e-06, 2.4764185582171194e-06, 3.813639978034189e-06, 1.1748110182452365e-06, 3.4195133480352524e-07, 5.244003773441364e-07, 6.517223027913133e-07, 8.209576662920881e-07, 1.9401459212531336e-06, 2.6153081762458896e-06, 2.4254493382613873e-06, 2.295301555932383e-06, 2.2338952021527803e-06, 2.5442091100558173e-06, 2.2736053324479144e-06, 2.708832198550226e-06, 2.5808337795751868e-06, 1.88087574315432e-06, 1.6917846323849517e-06, 2.3787838472344447e-06, 1.644418830437644e-06, 7.65198137742118e-07, 1.0564235708443448e-06, 1.2104716233807267e-06, 1.2664016821872792e-06, 1.9464355318632443e-06, 2.8259341888769995e-06, 3.899667262885487e-06, 3.172212473145919e-06, 2.038955699390499e-06, 1.3869190524928854e-06, 9.581716540196794e-07, 7.028666573205555e-07, 5.76035859012336e-07, 5.242569613983505e-07, 5.23448989042663e-07, 5.441175403575471e-07, 6.40841506083234e-07, 6.446283578043221e-07, 5.839263508278236e-07, 7.856704655750946e-07, 1.010058326755825e-06, 9.746868272486608e-07, 8.888803790796374e-07, 5.750297873419186e-07, 3.7591073009934917e-07, 2.2730077375854307e-07, 2.817930919718492e-07, 2.69484758064209e-07, 1.449486290994173e-07, 1.515590639655784e-07, 1.574610450916225e-07, 1.0099540759256342e-07, 1.3723905567530892e-07, 7.823006598073334e-08, 8.119261707406622e-08, 7.224774378755683e-08, 4.7477072939727805e-08, 2.8450141797975448e-08, 5.348898923784873e-08, 9.38624911128727e-09, 4.579947809890683e-10, 7.249296215400269e-12, 3.8022618907562755e-12, 3.6751088283715205e-12, 3.638284985785223e-12, 3.65763322407453e-12, 3.6013885016533687e-12, 3.5558097265242505e-12, 3.4442843542537016e-12, 3.294701534165001e-12, 3.2179489108108417e-12], "lowlevel.melbands128.stdev": [0.001586154685355723, 0.013295107521116734, 0.018510237336158752, 0.020385876297950745, 0.013024305924773216, 0.006301358342170715, 0.007578033022582531, 0.005670037120580673, 0.0020593046210706234, 0.000461701798485592, 0.00018665683455765247, 0.00031209184089675546, 0.0008515165536664426, 0.0012563527561724186, 0.001724157016724348, 0.0017509765457361937, 0.0018189126858487725, 0.0012500553857535124, 0.0022624745033681393, 0.001387871685437858, 0.0020691289100795984, 0.0025720035191625357, 0.0006922509055584669, 0.0007483777008019388, 0.00012648876872844994, 0.000183070995262824, 0.00017106736777350307, 6.319061503745615e-05, 0.0002875501522794366, 0.0004379608726594597, 0.00034429426887072623, 0.0004269774362910539, 0.0008367635309696198, 0.0003015427209902555, 5.8498048019828275e-05, 2.746502468653489e-05, 1.470997722208267e-05, 2.8735488740494475e-05, 2.6244813852827065e-05, 6.744817801518366e-05, 5.795179822598584e-05, 9.594682342140004e-05, 0.00014821856166236103, 9.886531188385561e-05, 3.4655287890927866e-05, 2.1512789317057468e-05, 8.754954251344316e-06, 1.1869763511640485e-05, 1.583589801157359e-05, 1.919823080243077e-05, 1.9421291653998196e-05, 6.469197160186013e-06, 5.181240794627229e-06, 2.0559268705255818e-06, 2.86377780867042e-06, 5.1158467613277026e-06, 8.041350156418048e-06, 1.1095025001850445e-05, 2.2734100639354438e-05, 5.863269507244695e-06, 2.121683110090089e-06, 7.4270710683777e-06, 6.1186224229459185e-06, 6.839772595412796e-06, 2.5148692657239735e-05, 2.8625452614505775e-05, 1.951269223354757e-05, 1.709668322291691e-05, 1.0756128176581115e-05, 1.0676074452931061e-05, 1.339482878393028e-05, 2.4202421627705917e-05, 1.662209615460597e-05, 1.0000607289839536e-05, 7.789012670400552e-06, 1.5143929886107799e-05, 8.926415830501355e-06, 4.487415480980417e-06, 6.1212099353724625e-06, 6.428786946344189e-06, 6.680395472358214e-06, 1.3221241715655196e-05, 1.785618587746285e-05, 2.1434007067000493e-05, 1.3597420547739603e-05, 9.221354957844596e-06, 8.412578608840704e-06, 5.703923307009973e-06, 3.7908569083811017e-06, 3.497691977827344e-06, 3.087407549173804e-06, 3.6677070056612138e-06, 4.005547452834435e-06, 4.7119065129663795e-06, 4.1117059481621254e-06, 4.187239028397016e-06, 6.2868734858057e-06, 9.600921657693107e-06, 9.146154297923204e-06, 7.30245074009872e-06, 3.412236083022435e-06, 2.366228045502794e-06, 1.1326206958983676e-06, 1.8315970464755083e-06, 2.0580935142788803e-06, 1.0341497045374126e-06, 1.1645795439108042e-06, 1.337335561402142e-06, 1.0882824881264241e-06, 1.9333301679580472e-06, 9.70416294876486e-07, 8.839228371471108e-07, 8.618839046903304e-07, 5.804982947665849e-07, 3.938556858429365e-07, 9.006208188111486e-07, 1.2802786386600928e-07, 9.125997735281999e-09, 8.882069385540703e-11, 1.3690526143306236e-11, 1.2803403302841243e-11, 1.3200746919184159e-11, 1.45414773972119e-11, 1.4564516259696347e-11, 1.596862919672759e-11, 1.698734208854802e-11, 1.566029250721357e-11, 1.4513034871099784e-11], "lowlevel.mfcc.mean": [-906.6605834960938, 121.83155822753906, 42.93998336791992, 16.221378326416016, -15.081918716430664, -15.848437309265137, -20.647789001464844, -15.012248992919922, -4.0592041015625, -0.1094428300857544, 3.1384456157684326, -1.1651498079299927, 2.542273759841919], "lowlevel.spectral_contrast_coeffs.mean": [-0.7075235247612, -0.6786535382270813, -0.8018181920051575, -0.8651936054229736, -0.8705818057060242, -0.8392913341522217], "lowlevel.spectral_contrast_coeffs.stdev": [0.1644047349691391, 0.1862972527742386, 0.11242841929197311, 0.07456650584936142, 0.06925243139266968, 0.08382746577262878], "lowlevel.spectral_contrast_valleys.mean": [-12.729568481445312, -12.184017181396484, -13.63559627532959, -13.93661117553711, -13.83021068572998, -15.466348648071289], "lowlevel.spectral_contrast_valleys.stdev": [8.367372512817383, 8.713682174682617, 7.920950889587402, 7.734447479248047, 7.812460422515869, 6.881500720977783], "rhythm.beats_loudness_band_ratio.mean": [0.19522400200366974, 0.20243212580680847, 0.33168861269950867, 0.021736452355980873, 0.01185287069529295, 0.06648749113082886], "rhythm.beats_loudness_band_ratio.stdev": [0.22557176649570465, 0.18375113606452942, 0.253874272108078, 0.05744491517543793, 0.021518327295780182, 0.17635926604270935], "tonal.hpcp.mean": [0.05977379158139229, 0.0386909544467926, 0.11043908447027206, 0.20774152874946594, 0.1091921478509903, 0.08534661680459976, 0.14620056748390198, 0.07434502243995667, 0.01499682292342186, 0.011620176956057549, 0.0068030646070837975, 0.12540669739246368, 0.2414017766714096, 0.13867570459842682, 0.05650922656059265, 0.08458278328180313, 0.06466005742549896, 0.0792359784245491, 0.11739186197519302, 0.06558766961097717, 0.014628153294324875, 0.006694330368191004, 0.006126615218818188, 0.028062375262379646, 0.05481792986392975, 0.035636015236377716, 0.18647702038288116, 0.3323856592178345, 0.15537843108177185, 0.005916312336921692, 0.005623198114335537, 0.009648471139371395, 0.05688638612627983, 0.11196255683898926, 0.0692661851644516, 0.03503348305821419], "tonal.hpcp.stdev": [0.13277581334114075, 0.10093146562576294, 0.19763268530368805, 0.37587711215019226, 0.19068051874637604, 0.19875624775886536, 0.3235718011856079, 0.18399162590503693, 0.09045929461717606, 0.08507870137691498, 0.04568370431661606, 0.18769578635692596, 0.3272779881954193, 0.200117290019989, 0.1655784398317337, 0.21586504578590393, 0.1864582598209381, 0.16557995975017548, 0.217649906873703, 0.1480557769536972, 0.09601250290870667, 0.04307418689131737, 0.05082341656088829, 0.07425303012132645, 0.1472998857498169, 0.09514296054840088, 0.22783973813056946, 0.38748952746391296, 0.19583414494991302, 0.02685784548521042, 0.024862291291356087, 0.059618186205625534, 0.1488487422466278, 0.3025747239589691, 0.17875449359416962, 0.09351960569620132], "rhythm.beats_position": [0.6153287887573242, 1.2422676086425781, 1.8692063093185425, 2.496145009994507, 3.1230838298797607, 3.7500226497650146, 4.3769612312316895, 4.992290019989014, 5.596008777618408, 6.188117980957031, 6.780226707458496, 7.372335433959961, 7.8715643882751465, 8.370793342590332, 8.870022773742676, 9.3228120803833, 9.77560043334961, 10.228389739990234, 10.692789077758789, 11.157188415527344, 11.621586799621582, 12.085986137390137, 12.561995506286621, 13.02639389038086, 13.514013290405273, 13.990022659301758, 14.442811965942383, 14.96526050567627, 15.499319076538086, 16.02176856994629, 16.60226821899414, 17.19437599182129, 17.78648567199707, 18.36698341369629, 18.94748306274414], "rhythm.bpm_histogram": [0.0, 0.0, 0.0, 0.0, 0.0, 0.0, 0.0, 0.0, 0.0, 0.0, 0.0, 0.0, 0.0, 0.0, 0.0, 0.0, 0.0, 0.0, 0.0, 0.0, 0.0, 0.0, 0.0, 0.0, 0.0, 0.0, 0.0, 0.0, 0.0, 0.0, 0.0, 0.0, 0.0, 0.0, 0.0, 0.0, 0.0, 0.0, 0.0, 0.0, 0.0, 0.0, 0.0, 0.0, 0.0, 0.0, 0.0, 0.0, 0.0, 0.0, 0.0, 0.0, 0.0, 0.0, 0.0, 0.0, 0.0, 0.0, 0.0, 0.0, 0.0, 0.0, 0.0, 0.0, 0.0, 0.0, 0.0, 0.0, 0.0, 0.0, 0.0, 0.0, 0.0, 0.0, 0.0, 0.0, 0.0, 0.0, 0.0, 0.0, 0.0, 0.0, 0.0, 0.0, 0.0, 0.0, 0.0, 0.0, 0.0, 0.0, 0.0, 0.0, 0.0, 0.0, 0.0, 0.0, 0.1764705926179886, 0.0, 0.029411764815449715, 0.029411764815449715, 0.0, 0.14705882966518402, 0.0, 0.0882352963089943, 0.0, 0.0, 0.0, 0.0, 0.0, 0.0, 0.0, 0.0, 0.029411764815449715, 0.0, 0.0, 0.05882352963089943, 0.0, 0.0, 0.0, 0.0, 0.0882352963089943, 0.0, 0.0, 0.029411764815449715, 0.0, 0.0, 0.05882352963089943, 0.0, 0.0, 0.14705882966518402, 0.0, 0.0, 0.0, 0.11764705926179886, 0.0, 0.0, 0.0, 0.0, 0.0, 0.0, 0.0, 0.0, 0.0, 0.0, 0.0, 0.0, 0.0, 0.0, 0.0, 0.0, 0.0, 0.0, 0.0, 0.0, 0.0, 0.0, 0.0, 0.0, 0.0, 0.0, 0.0, 0.0, 0.0, 0.0, 0.0, 0.0, 0.0, 0.0, 0.0, 0.0, 0.0, 0.0, 0.0, 0.0, 0.0, 0.0, 0.0, 0.0, 0.0, 0.0, 0.0, 0.0, 0.0, 0.0, 0.0, 0.0, 0.0, 0.0, 0.0, 0.0, 0.0, 0.0, 0.0, 0.0, 0.0, 0.0, 0.0, 0.0, 0.0, 0.0, 0.0, 0.0, 0.0, 0.0, 0.0, 0.0, 0.0, 0.0, 0.0, 0.0, 0.0, 0.0, 0.0, 0.0, 0.0, 0.0, 0.0, 0.0, 0.0, 0.0, 0.0, 0.0, 0.0, 0.0, 0.0, 0.0, 0.0, 0.0, 0.0, 0.0, 0.0, 0.0, 0.0, 0.0, 0.0, 0.0, 0.0, 0.0, 0.0, 0.0, 0.0, 0.0, 0.0, 0.0, 0.0, 0.0, 0.0, 0.0, 0.0, 0.0], "tonal.chords_histogram": [19.37799072265625, 0.0, 0.0, 0.0, 8.37320613861084, 0.0, 0.0, 0.0, 0.0, 0.0, 0.23923444747924805, 15.311004638671875, 0.0, 0.0, 0.0, 0.0, 2.6315789222717285, 27.99043083190918, 0.0, 0.0, 0.0, 4.784688949584961, 8.37320613861084, 12.918660163879395], "tonal.thpcp": [1.0, 0.46746429800987244, 0.017799541354179382, 0.016917692497372627, 0.029027940705418587, 0.1711457222700119, 0.336845338344574, 0.208391010761261, 0.10540010035037994, 0.17983263731002808, 0.11640380322933197, 0.3322618901729584, 0.6250014901161194, 0.3285104036331177, 0.2567698657512665, 0.43985220789909363, 0.22367097437381744, 0.04511874169111252, 0.03495992347598076, 0.020467383787035942, 0.3772927522659302, 0.7262701392173767, 0.4172132611274719, 0.1700110286474228, 0.2544718086719513, 0.19453322887420654, 0.23838567733764648, 0.3531796932220459, 0.1973240077495575, 0.044009581208229065, 0.020140251144766808, 0.018432248383760452, 0.08442715555429459, 0.16492266952991486, 0.1072128564119339, 0.5610260963439941], "lowlevel.gfcc.cov": [[249289.171875, 27315.3828125, -17124.619140625, 3964.2841796875, -21902.44921875, -3003.622802734375, -10457.830078125, 431.0741271972656, -2150.8740234375, 533.7173461914062, -3077.29833984375, -4292.119140625, -3122.365478515625], [27315.3828125, 5441.21630859375, -965.7811889648438, -389.5911560058594, -2542.94482421875, -701.6512451171875, -843.9794921875, 22.559226989746094, -83.33301544189453, -209.84886169433594, -116.10326385498047, -584.2504272460938, -277.2896728515625], [-17124.619140625, -965.7811889648438, 2142.274169921875, -580.8012084960938, 1380.2078857421875, -79.71894836425781, 782.75390625, -31.69834327697754, 206.81240844726562, -79.1501235961914, 290.5357666015625, 281.62060546875, 200.6118927001953], [3964.2841796875, -389.5911560058594, -580.8012084960938, 706.716552734375, -100.95763397216797, 74.60076141357422, -308.33489990234375, 50.86346435546875, 17.359777450561523, 107.10462188720703, -107.38923645019531, -65.28271484375, -65.40428924560547], [-21902.44921875, -2542.94482421875, 1380.2078857421875, -100.95763397216797, 2267.12890625, 430.88653564453125, 918.484130859375, -54.755794525146484, 237.5562744140625, -52.32230758666992, 246.8223876953125, 384.2679443359375, 278.8228759765625], [-3003.622802734375, -701.6512451171875, -79.71894836425781, 74.60076141357422, 430.88653564453125, 342.39178466796875, 175.97377014160156, -32.71501922607422, -22.658668518066406, 9.785359382629395, -7.251686096191406, 80.67578887939453, 24.22957420349121], [-10457.830078125, -843.9794921875, 782.75390625, -308.33489990234375, 918.484130859375, 175.97377014160156, 646.5798950195312, 10.07413101196289, 83.79761505126953, -60.577701568603516, 176.40330505371094, 156.93797302246094, 137.433837890625], [431.0741271972656, 22.559226989746094, -31.69834327697754, 50.86346435546875, -54.755794525146484, -32.71501922607422, 10.07413101196289, 86.84539031982422, 31.25777244567871, 21.738025665283203, -3.007607936859131, -17.32234001159668, -6.764963626861572], [-2150.8740234375, -83.33301544189453, 206.81240844726562, 17.359777450561523, 237.5562744140625, -22.658668518066406, 83.79761505126953, 31.25777244567871, 154.6212615966797, 17.090639114379883, 38.91676330566406, 12.376887321472168, 43.61817932128906], [533.7173461914062, -209.84886169433594, -79.1501235961914, 107.10462188720703, -52.32230758666992, 9.785359382629395, -60.577701568603516, 21.738025665283203, 17.090639114379883, 178.26193237304688, 13.431419372558594, -2.337070941925049, -38.61164093017578], [-3077.29833984375, -116.10326385498047, 290.5357666015625, -107.38923645019531, 246.8223876953125, -7.251686096191406, 176.40330505371094, -3.007607936859131, 38.91676330566406, 13.431419372558594, 134.99151611328125, 53.53583526611328, 50.45751190185547], [-4292.119140625, -584.2504272460938, 281.62060546875, -65.28271484375, 384.2679443359375, 80.67578887939453, 156.93797302246094, -17.32234001159668, 12.376887321472168, -2.337070941925049, 53.53583526611328, 141.73757934570312, 59.39315414428711], [-3122.365478515625, -277.2896728515625, 200.6118927001953, -65.40428924560547, 278.8228759765625, 24.22957420349121, 137.433837890625, -6.764963626861572, 43.61817932128906, -38.61164093017578, 50.45751190185547, 59.39315414428711, 105.89016723632812]], "lowlevel.gfcc.icov": [[0.00018621109484229237, -0.0005775173776783049, 0.0002345791581319645, -0.0007030737469904125, 0.0008256390574388206, -0.00047657062532380223, 0.0003739495878107846, -4.180800533504225e-05, 0.00039045154699124396, -0.00038589484756812453, 0.0006530169048346579, -0.00023190758656710386, 6.41538790659979e-05], [-0.0005775173776783049, 0.00274681462906301, -0.0009391732746735215, 0.0027925274334847927, -0.0015707601560279727, 0.0009337308583781123, -0.0004259568522684276, 0.00025330993230454624, -0.002612808020785451, 0.0029018870554864407, -0.003925081808120012, 0.0027030031196773052, 0.0006479609292000532], [0.0002345791581319645, -0.0009391732746735215, 0.002220521681010723, -0.00042453809874132276, -0.00011216882558073848, 0.0019428381929174066, -0.0009690176812000573, 0.0008110343478620052, 0.0002511356142349541, -0.0010493320878595114, 0.001444063731469214, -0.002064190339297056, 0.001132466597482562], [-0.0007030737469904125, 0.0027925274334847927, -0.00042453809874132276, 0.006849322933703661, -0.004433890804648399, 0.0005781330401077867, 0.0026897042989730835, -0.00329364906065166, -0.002031766576692462, 0.0017738864989951253, -0.004147182684391737, 0.004026702605187893, 0.0006588471587747335], [0.0008256390574388206, -0.0015707601560279727, -0.00011216882558073848, -0.004433890804648399, 0.008123991079628468, -0.004299190826714039, -0.0006017060368321836, 0.0027548279613256454, -0.002255099592730403, 0.0004168159211985767, 0.0014677818398922682, -0.0021523218601942062, -0.0001560839737066999], [-0.00047657062532380223, 0.0009337308583781123, 0.0019428381929174066, 0.0005781330401077867, -0.004299190826714039, 0.010856956243515015, -0.006205262150615454, 0.004147697240114212, 0.0010821364121511579, -0.0015304114203900099, 0.003500343533232808, -0.00336901075206697, 0.0014416128396987915], [0.0003739495878107846, -0.0004259568522684276, -0.0009690176812000573, 0.0026897042989730835, -0.0006017060368321836, -0.006205262150615454, 0.012619753368198872, -0.008223606273531914, 0.0018749512964859605, 0.002013006480410695, -0.006169129628688097, 0.005369461607187986, -0.0006022424204275012], [-4.180800533504225e-05, 0.00025330993230454624, 0.0008110343478620052, -0.00329364906065166, 0.0027548279613256454, 0.004147697240114212, -0.008223606273531914, 0.019983332604169846, -0.005234742537140846, -0.0014438055222854018, 0.0037084936629980803, -0.0031075968872755766, 0.0012124982895329595], [0.00039045154699124396, -0.002612808020785451, 0.0002511356142349541, -0.002031766576692462, -0.002255099592730403, 0.0010821364121511579, 0.0018749512964859605, -0.005234742537140846, 0.014942583627998829, -0.005041730590164661, 0.0033864695578813553, 0.001703157089650631, -0.0046996502205729485], [-0.00038589484756812453, 0.0029018870554864407, -0.0010493320878595114, 0.0017738864989951253, 0.0004168159211985767, -0.0015304114203900099, 0.002013006480410695, -0.0014438055222854018, -0.005041730590164661, 0.012010118924081326, -0.008720445446670055, 0.002271364675834775, 0.005189129151403904], [0.0006530169048346579, -0.003925081808120012, 0.001444063731469214, -0.004147182684391737, 0.0014677818398922682, 0.003500343533232808, -0.006169129628688097, 0.0037084936629980803, 0.0033864695578813553, -0.008720445446670055, 0.02235289290547371, -0.007078899536281824, -0.0039980169385671616], [-0.00023190758656710386, 0.0027030031196773052, -0.002064190339297056, 0.004026702605187893, -0.0021523218601942062, -0.00336901075206697, 0.005369461607187986, -0.0031075968872755766, 0.001703157089650631, 0.002271364675834775, -0.007078899536281824, 0.022456418722867966, -0.0031873048283159733], [6.41538790659979e-05, 0.0006479609292000532, 0.001132466597482562, 0.0006588471587747335, -0.0001560839737066999, 0.0014416128396987915, -0.0006022424204275012, 0.0012124982895329595, -0.0046996502205729485, 0.005189129151403904, -0.0039980169385671616, -0.0031873048283159733, 0.019754771143198013]], "lowlevel.mfcc.cov": [[51466.6953125, 11841.6376953125, 3551.958740234375, 1792.0291748046875, -1702.657958984375, -1446.7860107421875, -2537.08447265625, -1833.8804931640625, -245.15975952148438, -167.7862548828125, 352.1194152832031, -623.686767578125, 317.4884338378906], [11841.6376953125, 7445.642578125, 2473.589599609375, 409.89208984375, -833.89306640625, -906.1463623046875, -763.9940795898438, -449.4190368652344, -221.60958862304688, -25.946739196777344, 101.42254638671875, 50.59262466430664, 57.817970275878906], [3551.958740234375, 2473.589599609375, 1336.82763671875, 311.4914245605469, -279.631103515625, -399.05377197265625, -327.5475158691406, -232.41143798828125, -133.96392822265625, 0.6571510434150696, -19.103593826293945, 80.2550277709961, 16.119226455688477], [1792.0291748046875, 409.89208984375, 311.4914245605469, 447.9111328125, 112.46283721923828, -94.00509643554688, -176.2156219482422, -114.50376892089844, -20.658231735229492, 74.35704040527344, 9.661896705627441, 56.77936553955078, 46.686767578125], [-1702.657958984375, -833.89306640625, -279.631103515625, 112.46283721923828, 394.86236572265625, 208.7357177734375, 57.07972717285156, 85.12384033203125, 38.67121124267578, 16.02037811279297, -32.59125900268555, 13.80276107788086, 15.863085746765137], [-1446.7860107421875, -906.1463623046875, -399.05377197265625, -94.00509643554688, 208.7357177734375, 315.36846923828125, 179.65042114257812, 91.27754974365234, 47.89749526977539, -19.754655838012695, 20.1605281829834, -11.834637641906738, 15.827638626098633], [-2537.08447265625, -763.9940795898438, -327.5475158691406, -176.2156219482422, 57.07972717285156, 179.65042114257812, 325.3636169433594, 155.11326599121094, 26.544635772705078, -16.532461166381836, -7.77060079574585, 10.562711715698242, 5.779847145080566], [-1833.8804931640625, -449.4190368652344, -232.41143798828125, -114.50376892089844, 85.12384033203125, 91.27754974365234, 155.11326599121094, 211.07383728027344, 61.48521041870117, -6.915927886962891, -24.770322799682617, -32.72826385498047, -6.154943466186523], [-245.15975952148438, -221.60958862304688, -133.96392822265625, -20.658231735229492, 38.67121124267578, 47.89749526977539, 26.544635772705078, 61.48521041870117, 105.29462432861328, 47.55693435668945, 16.07476234436035, -28.66600227355957, 5.420243740081787], [-167.7862548828125, -25.946739196777344, 0.6571510434150696, 74.35704040527344, 16.02037811279297, -19.754655838012695, -16.532461166381836, -6.915927886962891, 47.55693435668945, 144.0648193359375, 60.82892990112305, 35.700653076171875, -22.591917037963867], [352.1194152832031, 101.42254638671875, -19.103593826293945, 9.661896705627441, -32.59125900268555, 20.1605281829834, -7.77060079574585, -24.770322799682617, 16.07476234436035, 60.82892990112305, 119.14325714111328, 34.518760681152344, -0.05766628310084343], [-623.686767578125, 50.59262466430664, 80.2550277709961, 56.77936553955078, 13.80276107788086, -11.834637641906738, 10.562711715698242, -32.72826385498047, -28.66600227355957, 35.700653076171875, 34.518760681152344, 128.01783752441406, 18.632125854492188], [317.4884338378906, 57.817970275878906, 16.119226455688477, 46.686767578125, 15.863085746765137, 15.827638626098633, 5.779847145080566, -6.154943466186523, 5.420243740081787, -22.591917037963867, -0.05766628310084343, 18.632125854492188, 86.31970977783203]], "lowlevel.mfcc.icov": [[8.776506729191169e-05, -0.0001166575966635719, 0.0001492049195803702, -0.00039939937414601445, 0.0004080448707100004, -0.0003492582472972572, 0.0003136901359539479, 0.0003219490754418075, -0.00010865542571991682, 0.00016166732530109584, -5.906541628064588e-05, 0.0005021069664508104, -0.0001247886975761503], [-0.0001166575966635719, 0.0006205686368048191, -0.000964044127613306, 0.0006977577577345073, -0.0003513617848511785, 0.0007208785973489285, -7.323559111682698e-05, -0.0006901932065375149, 0.0002136966650141403, -2.694127215363551e-05, -0.0006871322984807193, -0.00030749078723601997, -0.00025043272762559354], [0.0001492049195803702, -0.000964044127613306, 0.0031537937466055155, -0.0019476463785395026, 0.0014579694252461195, -0.0004589827440213412, 0.0006678721983917058, 0.0007869403343647718, 0.0004429673426784575, 0.00023840706853661686, 0.0017100198892876506, -0.0005669636884704232, 0.0005471330368891358], [-0.00039939937414601445, 0.0006977577577345073, -0.0019476463785395026, 0.007758900988847017, -0.005600540433079004, 0.0036776759661734104, -0.0006509572267532349, 0.0003221469814889133, 0.001459402614273131, -0.0037396166007965803, -0.00035853066947311163, -0.001434148638509214, -0.0031707521993666887], [0.0004080448707100004, -0.0003513617848511785, 0.0014579694252461195, -0.005600540433079004, 0.010962880216538906, -0.00874375831335783, 0.005004975479096174, -0.0027248207479715347, 0.0007743127061985433, -0.0006241003284230828, 0.0043141646310687065, -0.0002773684391286224, 0.00040134837036021054], [-0.0003492582472972572, 0.0007208785973489285, -0.0004589827440213412, 0.0036776759661734104, -0.00874375831335783, 0.01405944861471653, -0.00671529583632946, 0.002570570446550846, -0.0026411896105855703, 0.003373111365363002, -0.0060800896026194096, 0.0002981164725497365, -0.00045955469249747694], [0.0003136901359539479, -7.323559111682698e-05, 0.0006678721983917058, -0.0006509572267532349, 0.005004975479096174, -0.00671529583632946, 0.010571420192718506, -0.004799353890120983, 0.0029806236270815134, -0.0018581995973363519, 0.002318649087101221, -0.0009694749605841935, -0.0020785529632121325], [0.0003219490754418075, -0.0006901932065375149, 0.0007869403343647718, 0.0003221469814889133, -0.0027248207479715347, 0.002570570446550846, -0.004799353890120983, 0.013019025325775146, -0.006230196449905634, 0.0022280311677604914, -0.0003534056304488331, 0.0034726709127426147, 0.0004605617141351104], [-0.00010865542571991682, 0.0002136966650141403, 0.0004429673426784575, 0.001459402614273131, 0.0007743127061985433, -0.0026411896105855703, 0.0029806236270815134, -0.006230196449905634, 0.020366951823234558, -0.010356702841818333, 0.0009281038655899465, 0.004343942739069462, -0.005843879655003548], [0.00016166732530109584, -2.694127215363551e-05, 0.00023840706853661686, -0.0037396166007965803, -0.0006241003284230828, 0.003373111365363002, -0.0018581995973363519, 0.0022280311677604914, -0.010356702841818333, 0.017861710861325264, -0.007379790302366018, -0.0029394221492111683, 0.007135698106139898], [-5.906541628064588e-05, -0.0006871322984807193, 0.0017100198892876506, -0.00035853066947311163, 0.0043141646310687065, -0.0060800896026194096, 0.002318649087101221, -0.0003534056304488331, 0.0009281038655899465, -0.007379790302366018, 0.016664989292621613, -0.004417564254254103, -0.00033141966559924185], [0.0005021069664508104, -0.00030749078723601997, -0.0005669636884704232, -0.001434148638509214, -0.0002773684391286224, 0.0002981164725497365, -0.0009694749605841935, 0.0034726709127426147, 0.004343942739069462, -0.0029394221492111683, -0.004417564254254103, 0.016103029251098633, -0.004971306771039963], [-0.0001247886975761503, -0.00025043272762559354, 0.0005471330368891358, -0.0031707521993666887, 0.00040134837036021054, -0.00045955469249747694, -0.0020785529632121325, 0.0004605617141351104, -0.005843879655003548, 0.007135698106139898, -0.00033141966559924185, -0.004971306771039963, 0.017314216122031212]], "metadata.audio_properties.analysis.downmix": "mix", "metadata.audio_properties.codec": "mp3", "metadata.audio_properties.md5_encoded": "a1efe2a7d7315d043ff6831d55acaee7", "metadata.tags.file_name": "1182274094620737566.mp3", "metadata.version.essentia": "2.1-beta6-dev", "metadata.version.essentia_git_sha": "v2.1_beta5-1110-g77a6a954", "metadata.version.extractor": "music 2.0", "tonal.chords_key": "F#", "tonal.chords_scale": "minor", "tonal.key_edma.key": "B", "tonal.key_edma.scale": "major", "tonal.key_krumhansl.key": "B", "tonal.key_krumhansl.scale": "major", "tonal.key_temperley.key": "F#", "tonal.key_temperley.scale": "major", "metadata.tags.encoding": ["Lavf58.45.100"]}, "essentia_models": [{"model_name": "genre_dortmund", "activations": {"alternative": "0.08276529", "blues": "0.004920487", "electronic": "0.28475186", "folkcountry": "0.052006345", "funksoulrnb": "0.023672184", "jazz": "0.09191538", "pop": "0.05732836", "raphiphop": "0.16085961", "rock": "0.052916516"}}, {"model_name": "genre_rosamerica", "activations": {"classic": "0.08536128", "dance": "0.018946085", "hip hop": "0.059215724", "jazz": "0.037375998", "pop": "0.05339579", "rhythm and blues": "0.06581186", "rock": "0.03281888", "speech": "0.067884885"}}, {"model_name": "genre_tzanetakis", "acti