{"song_id": "1182269179936657470", "download": "https://cdn.discordapp.com/attachments/1135903449314238464/1182269179936657470/chirp.mp4?ex=658414f9&amp", "lyrics": "\u041c\u043e\u0439 \u0434\u0440\u0443\u0433, \u043f\u043e\u0441\u0442\u043e\u0439, \u0442\u044b \u0437\u043d\u0430\u0435\u0448\u044c \u0441\u0430\u043c, \n\u041f\u0440\u0438\u0448\u043b\u0430 \u043f\u043e\u0440\u0430 \u0432\u0435\u0440\u043d\u0443\u0442\u044c\u0441\u044f \u0434\u043e\u043c\u043e\u0439. \n\u041e\u0441\u0442\u0430\u0432\u044c \u0448\u0442\u0443\u0440\u0432\u0430\u043b, \u0431\u0440\u043e\u0441\u044c \u044f\u043a\u043e\u0440\u044f \n\u0418 \u043f\u043e\u043a\u043e\u0440\u0451\u043d\u043d\u044b\u0435 \u043c\u043e\u0440\u044f.", "style": ["hip</span><span>-hop"], "essentia_features": {"lowlevel.average_loudness": 0.9776607155799866, "lowlevel.barkbands_crest.mean": 12.732002258300781, "lowlevel.barkbands_crest.stdev": 5.414703845977783, "lowlevel.barkbands_flatness_db.mean": 0.21293480694293976, "lowlevel.barkbands_flatness_db.stdev": 0.09988041967153549, "lowlevel.barkbands_kurtosis.mean": 35.711402893066406, "lowlevel.barkbands_kurtosis.stdev": 131.61776733398438, "lowlevel.barkbands_skewness.mean": 2.7419846057891846, "lowlevel.barkbands_skewness.stdev": 3.9904284477233887, "lowlevel.barkbands_spread.mean": 17.482322692871094, "lowlevel.barkbands_spread.stdev": 12.187291145324707, "lowlevel.dissonance.mean": 0.45855799317359924, "lowlevel.dissonance.stdev": 0.033292777836322784, "lowlevel.dynamic_complexity": 5.558707237243652, "lowlevel.erbbands_crest.mean": 10.724186897277832, "lowlevel.erbbands_crest.stdev": 5.060382843017578, "lowlevel.erbbands_flatness_db.mean": 0.193909153342247, "lowlevel.erbbands_flatness_db.stdev": 0.03695819526910782, "lowlevel.erbbands_kurtosis.mean": 2.9273407459259033, "lowlevel.erbbands_kurtosis.stdev": 11.697938919067383, "lowlevel.erbbands_skewness.mean": 0.4282532334327698, "lowlevel.erbbands_skewness.stdev": 1.2768135070800781, "lowlevel.erbbands_spread.mean": 33.869808197021484, "lowlevel.erbbands_spread.stdev": 18.03536033630371, "lowlevel.hfc.mean": 8.141481399536133, "lowlevel.hfc.stdev": 14.53116226196289, "lowlevel.loudness_ebu128.integrated": -15.162900924682617, "lowlevel.loudness_ebu128.loudness_range": 1.4409751892089844, "lowlevel.loudness_ebu128.momentary.mean": -17.587791442871094, "lowlevel.loudness_ebu128.momentary.stdev": 4.707452774047852, "lowlevel.loudness_ebu128.short_term.mean": -15.509400367736816, "lowlevel.loudness_ebu128.short_term.stdev": 0.5306355357170105, "lowlevel.melbands_crest.mean": 19.741336822509766, "lowlevel.melbands_crest.stdev": 7.074240207672119, "lowlevel.melbands_flatness_db.mean": 0.2611108422279358, "lowlevel.melbands_flatness_db.stdev": 0.12613606452941895, "lowlevel.melbands_kurtosis.mean": 34.20615005493164, "lowlevel.melbands_kurtosis.stdev": 78.15394592285156, "lowlevel.melbands_skewness.mean": 3.308239459991455, "lowlevel.melbands_skewness.stdev": 2.842616081237793, "lowlevel.melbands_spread.mean": 18.655649185180664, "lowlevel.melbands_spread.stdev": 14.229693412780762, "lowlevel.pitch_salience.mean": 0.4343671500682831, "lowlevel.pitch_salience.stdev": 0.1781650185585022, "lowlevel.silence_rate_20dB.mean": 0.9501625299453735, "lowlevel.silence_rate_20dB.stdev": 0.21760834753513336, "lowlevel.silence_rate_30dB.mean": 0.9024918675422668, "lowlevel.silence_rate_30dB.stdev": 0.29664698243141174, "lowlevel.silence_rate_60dB.mean": 0.327193945646286, "lowlevel.silence_rate_60dB.stdev": 0.4691883325576782, "lowlevel.spectral_centroid.mean": 1028.7965087890625, "lowlevel.spectral_centroid.stdev": 676.3789672851562, "lowlevel.spectral_complexity.mean": 8.325027465820312, "lowlevel.spectral_complexity.stdev": 8.261463165283203, "lowlevel.spectral_decrease.mean": -1.042667996387081e-08, "lowlevel.spectral_decrease.stdev": 2.6256524066070597e-08, "lowlevel.spectral_energy.mean": 0.0400911383330822, "lowlevel.spectral_energy.stdev": 0.0998372882604599, "lowlevel.spectral_energyband_high.mean": 0.00029925143462605774, "lowlevel.spectral_energyband_high.stdev": 0.0010919689666479826, "lowlevel.spectral_energyband_low.mean": 0.03363994136452675, "lowlevel.spectral_energyband_low.stdev": 0.09662626683712006, "lowlevel.spectral_energyband_middle_high.mean": 0.0017413664609193802, "lowlevel.spectral_energyband_middle_high.stdev": 0.002948966110125184, "lowlevel.spectral_energyband_middle_low.mean": 0.004965618718415499, "lowlevel.spectral_energyband_middle_low.stdev": 0.01676267571747303, "lowlevel.spectral_entropy.mean": 7.314402103424072, "lowlevel.spectral_entropy.stdev": 0.6270900368690491, "lowlevel.spectral_flux.mean": 0.07338852435350418, "lowlevel.spectral_flux.stdev": 0.1145564615726471, "lowlevel.spectral_kurtosis.mean": 5.053778171539307, "lowlevel.spectral_kurtosis.stdev": 5.306578636169434, "lowlevel.spectral_rms.mean": 0.0040079099126160145, "lowlevel.spectral_rms.stdev": 0.004801035858690739, "lowlevel.spectral_rolloff.mean": 1075.306396484375, "lowlevel.spectral_rolloff.stdev": 1032.538330078125, "lowlevel.spectral_skewness.mean": 1.659854769706726, "lowlevel.spectral_skewness.stdev": 0.7498282194137573, "lowlevel.spectral_spread.mean": 4054523.0, "lowlevel.spectral_spread.stdev": 1622286.875, "lowlevel.spectral_strongpeak.mean": 0.5301292538642883, "lowlevel.spectral_strongpeak.stdev": 0.6153557300567627, "lowlevel.zerocrossingrate.mean": 0.04288410767912865, "lowlevel.zerocrossingrate.stdev": 0.029779799282550812, "metadata.audio_properties.analysis.equal_loudness": 0.0, "metadata.audio_properties.analysis.length": 21.397323608398438, "metadata.audio_properties.analysis.sample_rate": 44100.0, "metadata.audio_properties.analysis.start_time": 0.0, "metadata.audio_properties.bit_rate": 107521.0, "metadata.audio_properties.length": 21.3973331451416, "metadata.audio_properties.lossless": 0.0, "metadata.audio_properties.number_channels": 1.0, "metadata.audio_properties.replay_gain": -11.938549041748047, "metadata.audio_properties.sample_rate": 48000.0, "rhythm.beats_count": 32.0, "rhythm.beats_loudness.mean": 0.21394728124141693, "rhythm.beats_loudness.stdev": 0.1769442856311798, "rhythm.bpm": 92.91063690185547, "rhythm.bpm_histogram_first_peak_bpm": 92.0, "rhythm.bpm_histogram_first_peak_weight": 0.2666666507720947, "rhythm.bpm_histogram_second_peak_bpm": 83.0, "rhythm.bpm_histogram_second_peak_spread": 0.0, "rhythm.bpm_histogram_second_peak_weight": 0.032258063554763794, "rhythm.danceability": 2.298657178878784, "rhythm.onset_rate": 3.3612804412841797, "tonal.chords_changes_rate": 0.08008658140897751, "tonal.chords_number_rate": 0.017316017299890518, "tonal.chords_strength.mean": 0.5021698474884033, "tonal.chords_strength.stdev": 0.06760498881340027, "tonal.hpcp_crest.mean": 13.20003890991211, "tonal.hpcp_crest.stdev": 5.406042575836182, "tonal.hpcp_entropy.mean": 2.007632255554199, "tonal.hpcp_entropy.stdev": 0.7388893961906433, "tonal.key_edma.strength": 0.5280290842056274, "tonal.key_krumhansl.strength": 0.5161306262016296, "tonal.key_temperley.strength": 0.49794015288352966, "tonal.tuning_diatonic_strength": 0.4764922559261322, "tonal.tuning_equal_tempered_deviation": 0.29417359828948975, "tonal.tuning_frequency": 433.4413757324219, "tonal.tuning_nontempered_energy_ratio": 0.9680027961730957, "lowlevel.barkbands.mean": [0.0003245650150347501, 0.026910921558737755, 0.005869508720934391, 0.001403536880388856, 0.002266145311295986, 0.00046955354628153145, 0.0003717190120369196, 0.00022041368356440216, 0.0001939529029186815, 0.00018816327792592347, 0.0004230450722388923, 0.00043167316471226513, 9.871296060737222e-05, 0.00011485436698421836, 0.00018295056361239403, 6.777560338377953e-05, 6.167986430227757e-05, 8.467022416880354e-05, 7.147916767280549e-05, 8.771100692683831e-05, 0.00010587413271423429, 8.024005364859477e-05, 3.205218308721669e-05, 2.525936724850908e-05, 4.478214577829931e-06, 2.2653838982478192e-07, 3.759054401086814e-09], "lowlevel.barkbands.stdev": [0.0014892150647938251, 0.09065697342157364, 0.014595686458051205, 0.006958622485399246, 0.008258264511823654, 0.0014842045493423939, 0.0015963839832693338, 0.0006615642341785133, 0.00041775807039812207, 0.0003854855604004115, 0.0010371116222813725, 0.001153239281848073, 0.00029883580282330513, 0.00028063819627277553, 0.0003525642096064985, 0.000193158644833602, 0.00025019762688316405, 0.00030560922459699214, 0.0002573227393440902, 0.0003528190718498081, 0.0004230644553899765, 0.0003461605519987643, 0.00011778676707763225, 4.244931187713519e-05, 8.537259418517351e-06, 9.886452971841209e-07, 2.663829690163766e-08], "lowlevel.erbbands.mean": [0.6354360580444336, 6.5111212730407715, 8.925738334655762, 4.586922645568848, 7.699670314788818, 7.118042469024658, 3.8753345012664795, 3.8821067810058594, 5.727508544921875, 4.236873149871826, 5.491209506988525, 3.8673596382141113, 5.3007001876831055, 10.619901657104492, 20.106409072875977, 12.759017944335938, 4.7301926612854, 5.83422327041626, 9.300265312194824, 7.1352667808532715, 3.6706466674804688, 3.5485589504241943, 4.339574337005615, 4.596179962158203, 3.3223893642425537, 4.01549768447876, 4.662900447845459, 3.890406608581543, 3.1954212188720703, 1.4701523780822754, 0.8535269498825073, 0.7228880524635315, 0.2865883409976959, 0.07820627093315125, 0.01750342920422554, 0.0024356134235858917, 0.0002700116892810911, 3.107457814621739e-05, 2.0003866666229442e-05, 4.437279130797833e-05], "lowlevel.erbbands.stdev": [2.307957649230957, 21.608749389648438, 20.67506980895996, 17.628257751464844, 31.701753616333008, 23.903013229370117, 12.509917259216309, 13.4210205078125, 25.97252655029297, 13.801444053649902, 15.977788925170898, 7.4616475105285645, 11.628035545349121, 20.626556396484375, 42.57487869262695, 26.3546199798584, 12.415121078491211, 15.265817642211914, 18.292200088500977, 15.901863098144531, 11.741676330566406, 13.442641258239746, 16.628524780273438, 14.9581880569458, 13.672350883483887, 15.889602661132812, 19.5592041015625, 15.280616760253906, 13.910932540893555, 6.462190628051758, 2.9304604530334473, 1.2857377529144287, 0.5187866687774658, 0.14832612872123718, 0.03269320726394653, 0.006852319929748774, 0.001585949445143342, 0.0001912079897010699, 4.514191095950082e-05, 0.00010794320405693725], "lowlevel.gfcc.mean": [-113.54093933105469, 127.17829132080078, -129.27603149414062, 47.096099853515625, -59.105770111083984, 34.772212982177734, -27.568248748779297, 0.03848574683070183, -20.17547035217285, -15.952692031860352, -1.2650048732757568, -20.798988342285156, 4.150230407714844], "lowlevel.melbands.mean": [0.006979470141232014, 0.005872842390090227, 0.0009395762463100255, 0.0005517443059943616, 0.00016620174574200064, 9.12865943973884e-05, 8.414893090957776e-05, 4.406738298712298e-05, 4.322786844568327e-05, 2.4476326871081255e-05, 2.654252602951601e-05, 4.060233914060518e-05, 6.95284761604853e-05, 5.295073424349539e-05, 1.542904465168249e-05, 9.575018339091912e-06, 1.0385492714704014e-05, 1.5141814401431475e-05, 1.0975883924402297e-05, 6.5937251747527625e-06, 3.9784526961739175e-06, 3.7168215385463554e-06, 3.276237748650601e-06, 4.378885932965204e-06, 3.736381586350035e-06, 2.2852834717923542e-06, 2.5444915081607178e-06, 2.7001540274795843e-06, 2.982680598506704e-06, 2.434590214761556e-06, 2.287265942868544e-06, 2.0516115455393447e-06, 1.1046249710489064e-06, 6.865150794510555e-07, 4.676064406794467e-07, 4.977979983777914e-07, 4.1826058350125095e-07, 2.3450360231436207e-07, 9.235994724576813e-08, 5.443979844699243e-08], "lowlevel.melbands.stdev": [0.02426176331937313, 0.015369605273008347, 0.0034234963823109865, 0.0020439140498638153, 0.0005288237589411438, 0.00031332243815995753, 0.0003768732713069767, 0.0001341462484560907, 0.00012162726488895714, 5.0293965614400804e-05, 5.930553379585035e-05, 7.927366823423654e-05, 0.00014843045210000128, 0.00014146500325296074, 3.6623892810894176e-05, 3.046942947548814e-05, 2.7872276405105367e-05, 3.0436154702329077e-05, 2.359071913815569e-05, 1.5465830074390396e-05, 1.4510568689729553e-05, 1.4464528248936404e-05, 1.3416699403023813e-05, 1.5683917808928527e-05, 1.2217463336128276e-05, 9.113070518651512e-06, 1.103629529097816e-05, 1.0797371032822412e-05, 1.3000899343751371e-05, 9.620746823202353e-06, 9.389621482114308e-06, 9.054155270860065e-06, 5.019260697736172e-06, 3.0499370495817857e-06, 1.8189446109317942e-06, 1.1460964515208616e-06, 6.754573291800625e-07, 4.262619484052266e-07, 2.1213438117229089e-07, 1.007210244097223e-07], "lowlevel.melbands128.mean": [0.0003010766813531518, 0.0034928801469504833, 0.011592226102948189, 0.010423623956739902, 0.005929043982177973, 0.0022653713822364807, 0.0007560370140708983, 0.0007846359512768686, 0.0008278986206278205, 0.0005758386105298996, 0.0003767653543036431, 0.00021405445295386016, 0.00011262321640970185, 0.00010096017649630085, 7.093892781995237e-05, 9.914818656397983e-05, 0.0001127152718254365, 7.76026863604784e-05, 5.4758529586251825e-05, 4.7861802158877254e-05, 3.179525083396584e-05, 5.07716613356024e-05, 5.0024958909489214e-05, 3.076034045079723e-05, 1.9120032447972335e-05, 2.159211908292491e-05, 3.661517985165119e-05, 2.0989102267776616e-05, 2.3516173314419575e-05, 3.5642573493532836e-05, 2.807586861308664e-05, 8.577881817473099e-05, 7.621911936439574e-05, 4.623709537554532e-05, 9.126685472438112e-05, 4.0209764847531915e-05, 2.343537016713526e-05, 1.4852344065729994e-05, 1.1119924238300882e-05, 6.723574188072234e-06, 8.697323210071772e-06, 1.468405025661923e-05, 9.528655027679633e-06, 8.819201866572257e-06, 1.066359800461214e-05, 2.1457750335684977e-05, 1.4262755030358676e-05, 7.068315881042508e-06, 1.2874018466391135e-05, 1.0678206308512017e-05, 4.484028977458365e-06, 3.922521955246339e-06, 4.064609584020218e-06, 3.878946245094994e-06, 4.024590907647507e-06, 3.7062345654703677e-06, 3.612927912399755e-06, 2.887542450480396e-06, 3.150023076159414e-06, 4.029764113511192e-06, 4.723348411062034e-06, 4.362632807897171e-06, 4.3120635382365435e-06, 3.6611775158235105e-06, 2.5713279683259316e-06, 2.1198627564444905e-06, 2.1319165171007626e-06, 2.4221139938163105e-06, 2.8518356884887908e-06, 2.4492669581377413e-06, 2.570836159065948e-06, 2.8109118375141406e-06, 2.9626562536577694e-06, 3.1068307180248667e-06, 2.98310942525859e-06, 2.6958655325870495e-06, 1.981783498195e-06, 1.962790975085227e-06, 2.521327587601263e-06, 2.323747366972384e-06, 2.4380142349400558e-06, 1.8440051690049586e-06, 1.357229052700859e-06, 1.0447835165905417e-06, 8.685625516591244e-07, 8.034315328586672e-07, 5.669570555255632e-07, 5.625863082059368e-07, 4.252165979323763e-07, 4.4889534933645336e-07, 4.57812092236054e-07, 5.444373982754769e-07, 5.101982196720201e-07, 4.2765805119415745e-07, 3.5786669627668743e-07, 3.010139835168957e-07, 2.1466129851432925e-07, 1.3169784551791963e-07, 8.09586211403257e-08, 8.208525059671956e-08, 6.694802578977033e-08, 4.684499899099137e-08, 4.485728410941192e-08, 2.7218941767159777e-08, 1.2237493685063328e-08, 1.246205272309453e-08, 8.249998906251221e-09, 4.805980502453622e-09, 3.1105278353038557e-09, 1.4096201983448964e-09, 1.0341851819362091e-09, 7.086702336067674e-10, 4.144276866124841e-10, 6.472995472961429e-10, 5.198312891252499e-10, 2.1222970603140823e-10, 9.24296542081926e-11, 1.7437898347516523e-11, 1.3376803137399307e-11, 9.773824111158902e-12, 6.081555398163019e-12, 5.172541648473805e-12, 4.48810910311237e-12, 4.410210911742762e-12, 4.319427628074468e-12, 4.210787968306207e-12, 4.145563666652086e-12, 4.119195436136369e-12], "lowlevel.melbands128.stdev": [0.0014310582773759961, 0.014060374349355698, 0.042434170842170715, 0.034396085888147354, 0.014376692473888397, 0.005952005740255117, 0.003483660751953721, 0.0036991192027926445, 0.0035327840596437454, 0.002260967856273055, 0.0012149427784606814, 0.0007521329098381102, 0.0004168196755927056, 0.0002710112021304667, 0.00024235094315372407, 0.00043661255040206015, 0.0005204791086725891, 0.0004170878091827035, 0.00025816683773882687, 0.00016127903654705733, 0.00011732566053979099, 0.00018834190268535167, 0.0001657628599787131, 9.520802996121347e-05, 5.0675851525738835e-05, 6.238894275156781e-05, 0.00011316638847347349, 6.559029134223238e-05, 5.53625613974873e-05, 8.490301115671173e-05, 6.832509825471789e-05, 0.00028308710898272693, 0.00019360370060894638, 0.00016080946079455316, 0.00034890713868662715, 0.0001133523037424311, 6.984148785704747e-05, 4.747589991893619e-05, 3.670323712867685e-05, 2.5248295060009696e-05, 3.473264223430306e-05, 4.996971620130353e-05, 3.03942033497151e-05, 3.0938412237446755e-05, 2.930226401076652e-05, 4.8424681153846905e-05, 3.2700656447559595e-05, 2.206513272540178e-05, 3.784001091844402e-05, 2.5777628252399154e-05, 1.3608536391984671e-05, 1.3761310583504383e-05, 1.4984899280534592e-05, 1.683975278865546e-05, 2.0342944480944425e-05, 1.4204802937456407e-05, 1.6155481716850773e-05, 1.2827122191083618e-05, 1.4947208001103718e-05, 1.9108018022961915e-05, 1.7772586943465285e-05, 1.5734683984192088e-05, 1.557104042149149e-05, 1.2302318282308988e-05, 1.0798279618029483e-05, 8.760069249547087e-06, 9.509125447948463e-06, 1.195165441458812e-05, 1.3183930605009664e-05, 1.065026481228415e-05, 1.1329647350066807e-05, 1.2038074601150583e-05, 1.2619078006537165e-05, 1.6591377061558887e-05, 1.3217752893979196e-05, 1.1904123311978765e-05, 7.65240747568896e-06, 7.464444479410304e-06, 1.142884048022097e-05, 1.0422247214592062e-05, 1.1417571840866003e-05, 8.578629604016896e-06, 6.480153388110921e-06, 5.052471351518761e-06, 4.1786265683185775e-06, 3.929200829588808e-06, 2.609531520647579e-06, 2.735159796429798e-06, 1.7349151448797784e-06, 1.700491566225537e-06, 1.3242876093499945e-06, 1.219610226144141e-06, 9.452734275328112e-07, 6.975154747124179e-07, 6.367829428199911e-07, 5.48419905044284e-07, 4.6063053105172003e-07, 2.920690747032495e-07, 2.462311101680825e-07, 1.9874798340424604e-07, 1.3792464415018912e-07, 9.252399735260042e-08, 9.182859628253937e-08, 5.402874947435521e-08, 3.490380962034578e-08, 3.019027161599297e-08, 2.072550664422579e-08, 1.550868411470674e-08, 1.356492163040457e-08, 9.842861636855105e-09, 1.1026610735598297e-08, 6.877527880533307e-09, 3.4893199440944045e-09, 5.709956507615743e-09, 4.021831756517713e-09, 1.7641167415760606e-09, 8.897008685337937e-10, 1.6811588232634733e-10, 1.5135967479373846e-10, 1.0146544021649717e-10, 3.5153158162160025e-11, 1.8876981575099983e-11, 1.470271300541004e-11, 1.4460011313333077e-11, 1.4252278177084854e-11, 1.4078286279806118e-11, 1.3956361240297088e-11, 1.3881549555672112e-11], "lowlevel.mfcc.mean": [-741.4102783203125, 135.917724609375, 4.643759250640869, 16.390975952148438, 7.973316669464111, 17.25846290588379, 17.203319549560547, 6.323349475860596, 2.5305540561676025, 4.499476909637451, -9.478707313537598, 2.498784065246582, -11.495832443237305], "lowlevel.spectral_contrast_coeffs.mean": [-0.6601231098175049, -0.7956646680831909, -0.7786991596221924, -0.8154290318489075, -0.8290842175483704, -0.7516663074493408], "lowlevel.spectral_contrast_coeffs.stdev": [0.0687621608376503, 0.06675103306770325, 0.07014110684394836, 0.04341231659054756, 0.03047514148056507, 0.05931667238473892], "lowlevel.spectral_contrast_valleys.mean": [-7.729079246520996, -7.781477451324463, -7.911764144897461, -8.411406517028809, -8.595381736755371, -11.588801383972168], "lowlevel.spectral_contrast_valleys.stdev": [1.2205891609191895, 1.1163575649261475, 1.1885380744934082, 1.138115644454956, 1.1713917255401611, 1.1587262153625488], "rhythm.beats_loudness_band_ratio.mean": [0.7819706201553345, 0.09566260874271393, 0.01691196672618389, 0.02514655888080597, 0.03584885224699974, 0.08527679741382599], "rhythm.beats_loudness_band_ratio.stdev": [0.23853345215320587, 0.11437985301017761, 0.018579915165901184, 0.034370992332696915, 0.04022916778922081, 0.0970158725976944], "tonal.hpcp.mean": [0.3718578815460205, 0.10484039038419724, 0.06428918242454529, 0.03534869849681854, 0.04707770422101021, 0.08043023198843002, 0.17714647948741913, 0.21122077107429504, 0.11140969395637512, 0.04892272874712944, 0.03473243862390518, 0.052653759717941284, 0.08657128363847733, 0.0771443247795105, 0.055238477885723114, 0.06822428107261658, 0.06064263731241226, 0.03811884671449661, 0.04314485937356949, 0.06159733235836029, 0.06352156400680542, 0.05506604537367821, 0.04702351987361908, 0.03502940014004707, 0.029251575469970703, 0.030581701546907425, 0.04752626642584801, 0.07822205126285553, 0.0841941386461258, 0.06158126890659332, 0.052131544798612595, 0.05566801875829697, 0.057672739028930664, 0.07433860749006271, 0.3920358121395111, 0.6564792394638062], "tonal.hpcp.stdev": [0.3252854645252228, 0.2166767716407776, 0.1782432496547699, 0.12277337908744812, 0.14747442305088043, 0.1975240409374237, 0.2502087354660034, 0.27799808979034424, 0.1959170550107956, 0.13920919597148895, 0.09266911447048187, 0.1448473185300827, 0.21595880389213562, 0.1966940015554428, 0.1475437432527542, 0.169681116938591, 0.15209800004959106, 0.10302858799695969, 0.11742889881134033, 0.14843907952308655, 0.15450473129749298, 0.13394777476787567, 0.13158488273620605, 0.11914873868227005, 0.12639352679252625, 0.11802639812231064, 0.14948436617851257, 0.17622017860412598, 0.17972837388515472, 0.14766670763492584, 0.14629244804382324, 0.15779301524162292, 0.15550631284713745, 0.15510252118110657, 0.33314019441604614, 0.40453100204467773], "rhythm.beats_position": [0.7082086205482483, 1.4280271530151367, 2.0897958278656006, 2.739954710006714, 3.390113353729248, 4.040272235870361, 4.690430641174316, 5.34058952331543, 5.967528343200684, 6.617686748504639, 7.267845630645752, 7.918004512786865, 8.544942855834961, 9.195101737976074, 9.845260620117188, 10.4954195022583, 11.133968353271484, 11.772517204284668, 12.422675132751465, 13.072834014892578, 13.722992897033691, 14.373151779174805, 15.000090599060059, 15.650249481201172, 16.30040740966797, 16.9505672454834, 17.577505111694336, 18.227664947509766, 18.877822875976562, 19.52798080444336, 20.16653060913086, 20.805078506469727], "rhythm.bpm_histogram": [0.0, 0.0, 0.0, 0.0, 0.0, 0.0, 0.0, 0.0, 0.0, 0.0, 0.0, 0.0, 0.0, 0.0, 0.0, 0.0, 0.0, 0.0, 0.0, 0.0, 0.0, 0.0, 0.0, 0.0, 0.0, 0.0, 0.0, 0.0, 0.0, 0.0, 0.0, 0.0, 0.0, 0.0, 0.0, 0.0, 0.0, 0.0, 0.0, 0.0, 0.0, 0.0, 0.0, 0.0, 0.0, 0.0, 0.0, 0.0, 0.0, 0.0, 0.0, 0.0, 0.0, 0.0, 0.0, 0.0, 0.0, 0.0, 0.0, 0.0, 0.0, 0.0, 0.0, 0.0, 0.0, 0.0, 0.0, 0.0, 0.0, 0.0, 0.0, 0.0, 0.0, 0.0, 0.0, 0.0, 0.0, 0.0, 0.0, 0.0, 0.0, 0.0, 0.0, 0.032258063554763794, 0.0, 0.0, 0.0, 0.0, 0.0, 0.0, 0.0, 0.032258063554763794, 0.6774193644523621, 0.0, 0.12903225421905518, 0.0, 0.12903225421905518, 0.0, 0.0, 0.0, 0.0, 0.0, 0.0, 0.0, 0.0, 0.0, 0.0, 0.0, 0.0, 0.0, 0.0, 0.0, 0.0, 0.0, 0.0, 0.0, 0.0, 0.0, 0.0, 0.0, 0.0, 0.0, 0.0, 0.0, 0.0, 0.0, 0.0, 0.0, 0.0, 0.0, 0.0, 0.0, 0.0, 0.0, 0.0, 0.0, 0.0, 0.0, 0.0, 0.0, 0.0, 0.0, 0.0, 0.0, 0.0, 0.0, 0.0, 0.0, 0.0, 0.0, 0.0, 0.0, 0.0, 0.0, 0.0, 0.0, 0.0, 0.0, 0.0, 0.0, 0.0, 0.0, 0.0, 0.0, 0.0, 0.0, 0.0, 0.0, 0.0, 0.0, 0.0, 0.0, 0.0, 0.0, 0.0, 0.0, 0.0, 0.0, 0.0, 0.0, 0.0, 0.0, 0.0, 0.0, 0.0, 0.0, 0.0, 0.0, 0.0, 0.0, 0.0, 0.0, 0.0, 0.0, 0.0, 0.0, 0.0, 0.0, 0.0, 0.0, 0.0, 0.0, 0.0, 0.0, 0.0, 0.0, 0.0, 0.0, 0.0, 0.0, 0.0, 0.0, 0.0, 0.0, 0.0, 0.0, 0.0, 0.0, 0.0, 0.0, 0.0, 0.0, 0.0, 0.0, 0.0, 0.0, 0.0, 0.0, 0.0, 0.0, 0.0, 0.0, 0.0, 0.0, 0.0, 0.0, 0.0, 0.0, 0.0, 0.0, 0.0, 0.0, 0.0, 0.0, 0.0, 0.0, 0.0, 0.0, 0.0, 0.0], "tonal.chords_histogram": [6.2770562171936035, 15.80086612701416, 0.0, 0.8658008575439453, 21.428571701049805, 37.22943878173828, 0.0, 0.0, 0.0, 0.0, 5.6277055740356445, 6.49350643157959, 1.0822510719299316, 0.0, 0.0, 0.0, 0.0, 0.0, 0.0, 0.0, 0.0, 0.0, 0.21645021438598633, 4.9783549308776855], "tonal.thpcp": [1.0, 0.5664427280426025, 0.15970100462436676, 0.09793026000261307, 0.05384587496519089, 0.07171240448951721, 0.12251755595207214, 0.2698432207107544, 0.3217478394508362, 0.16970786452293396, 0.07452289015054703, 0.05290713906288147, 0.08020628243684769, 0.13187208771705627, 0.11751221120357513, 0.08414352685213089, 0.10392450541257858, 0.09237556159496307, 0.05806557834148407, 0.06572158634662628, 0.09382982552051544, 0.09676096588373184, 0.08388086408376694, 0.07162986695766449, 0.0533594936132431, 0.044558264315128326, 0.046584416180849075, 0.0723956897854805, 0.11915388703346252, 0.12825103104114532, 0.09380535781383514, 0.07941080629825592, 0.08479783684015274, 0.08785158395767212, 0.11323831975460052, 0.5971792936325073], "lowlevel.gfcc.cov": [[8989.6875, -281.5601806640625, -496.5881652832031, 130.66571044921875, -637.2579956054688, 93.20018005371094, -422.7218322753906, -92.38053894042969, -198.1085662841797, -43.13829040527344, -159.52487182617188, -17.636207580566406, 20.193805694580078], [-281.5601806640625, 884.9427490234375, 363.1907653808594, -25.9053955078125, 343.65545654296875, -40.37510681152344, 213.65505981445312, -112.82835388183594, 105.66796875, -90.38253784179688, 128.21994018554688, -87.34282684326172, 64.02769470214844], [-496.5881652832031, 363.1907653808594, 1229.6859130859375, 161.56785583496094, 436.4149475097656, 66.01813507080078, 281.80780029296875, 87.64928436279297, 204.20384216308594, -0.7029934525489807, 77.99004364013672, 10.60965633392334, 2.389878034591675], [130.66571044921875, -25.9053955078125, 161.56785583496094, 428.2618408203125, 59.932804107666016, -124.17805480957031, 98.219970703125, -106.17620849609375, 108.91363525390625, -69.41580963134766, -20.400867462158203, 13.635869979858398, -15.579802513122559], [-637.2579956054688, 343.65545654296875, 436.4149475097656, 59.932804107666016, 512.9321899414062, 106.7993392944336, 247.18606567382812, 17.95115852355957, 104.71138000488281, -15.077418327331543, 75.86895751953125, -22.826297760009766, 40.423484802246094], [93.20018005371094, -40.37510681152344, 66.01813507080078, -124.17805480957031, 106.7993392944336, 320.53656005859375, 104.74024963378906, 86.90406036376953, -39.31160354614258, 36.49620819091797, 19.70896339416504, -40.330448150634766, 14.712360382080078], [-422.7218322753906, 213.65505981445312, 281.80780029296875, 98.219970703125, 247.18606567382812, 104.74024963378906, 309.106689453125, -31.877614974975586, 69.6356201171875, -28.88937759399414, 25.617359161376953, -25.02797508239746, -5.661726951599121], [-92.38053894042969, -112.82835388183594, 87.64928436279297, -106.17620849609375, 17.95115852355957, 86.90406036376953, -31.877614974975586, 232.7720947265625, 25.75115966796875, 41.83013916015625, 11.3678617477417, -10.619227409362793, -2.749577045440674], [-198.1085662841797, 105.66796875, 204.20384216308594, 108.91363525390625, 104.71138000488281, -39.31160354614258, 69.6356201171875, 25.75115966796875, 161.54347229003906, -3.6405632495880127, 25.152904510498047, -10.540578842163086, 2.008470058441162], [-43.13829040527344, -90.38253784179688, -0.7029934525489807, -69.41580963134766, -15.077418327331543, 36.49620819091797, -28.88937759399414, 41.83013916015625, -3.6405632495880127, 89.47669982910156, 12.09162712097168, 15.688003540039062, -5.900583744049072], [-159.52487182617188, 128.21994018554688, 77.99004364013672, -20.400867462158203, 75.86895751953125, 19.70896339416504, 25.617359161376953, 11.3678617477417, 25.152904510498047, 12.09162712097168, 84.23826599121094, 0.1444464474916458, 31.08940887451172], [-17.636207580566406, -87.34282684326172, 10.60965633392334, 13.635869979858398, -22.826297760009766, -40.330448150634766, -25.02797508239746, -10.619227409362793, -10.540578842163086, 15.688003540039062, 0.1444464474916458, 79.75707244873047, 12.118387222290039], [20.193805694580078, 64.02769470214844, 2.389878034591675, -15.579802513122559, 40.423484802246094, 14.712360382080078, -5.661726951599121, -2.749577045440674, 2.008470058441162, -5.900583744049072, 31.08940887451172, 12.118387222290039, 79.71286010742188]], "lowlevel.gfcc.icov": [[0.000152785491081886, -0.00025591874145902693, 3.892741460731486e-06, -0.00033090560464188457, 0.0002221798786194995, -0.000396080722566694, 0.0003533410490490496, -5.4965013987384737e-05, 0.00011449778685346246, -0.0001232524518854916, 0.0003905524790752679, -0.00017702829791232944, -5.172023884369992e-05], [-0.00025591874145902693, 0.005165545269846916, -0.0008692420669831336, 0.0036535749677568674, -0.0015962645411491394, 0.003251782851293683, -0.002301456406712532, 0.0029379092156887054, -0.0014487813459709287, 0.0038207105826586485, -0.0051920670084655285, 0.005265256389975548, -0.0016530773136764765], [3.892741460731486e-06, -0.0008692420669831336, 0.0016131940064951777, -0.0007856928277760744, -0.0005609833169728518, -0.0005005054990760982, -0.0001823653728934005, -0.0010844904463738203, -0.0006490443483926356, -0.0006358163664117455, 0.00043115956941619515, -0.0017429853323847055, 0.0008878916269168258], [-0.00033090560464188457, 0.0036535749677568674, -0.0007856928277760744, 0.00701515469700098, -0.0010756849078461528, 0.0032129220198839903, -0.0026686477940529585, 0.0034504409413784742, -0.0037815209943801165, 0.0047375839203596115, -0.002571463817730546, 0.0024197986349463463, -0.0004931841394864023], [0.0002221798786194995, -0.0015962645411491394, -0.0005609833169728518, -0.0010756849078461528, 0.00499814935028553, -0.0014993951190263033, -0.0014885995769873261, -0.000883618660736829, -0.0001729932555463165, -0.000909987254999578, 0.0002156927075702697, -0.0009908393258228898, -0.001358134439215064], [-0.000396080722566694, 0.003251782851293683, -0.0005005054990760982, 0.0032129220198839903, -0.0014993951190263033, 0.008573838509619236, -0.00489007355645299, -0.00045862828847020864, 0.0019971223082393408, -0.0002842550165951252, -0.003080716822296381, 0.00605922332033515, -0.0028448314405977726], [0.0003533410490490496, -0.002301456406712532, -0.0001823653728934005, -0.0026686477940529585, -0.0014885995769873261, -0.00489007355645299, 0.009159690700471401, 0.000917705474421382, -0.000913937168661505, 0.0003372662758920342, 0.002356583019718528, -0.0025256872177124023, 0.003095492022112012], [-5.4965013987384737e-05, 0.0029379092156887054, -0.0010844904463738203, 0.0034504409413784742, -0.000883618660736829, -0.00045862828847020864, 0.000917705474421382, 0.008389731869101524, -0.003616507863625884, 0.001691435812972486, -0.002398328622803092, 0.0028791690710932016, -3.766416193684563e-05], [0.00011449778685346246, -0.0014487813459709287, -0.0006490443483926356, -0.0037815209943801165, -0.0001729932555463165, 0.0019971223082393408, -0.000913937168661505, -0.003616507863625884, 0.012311602011322975, -0.0036252662539482117, -0.0003047383506782353, 0.001824794104322791, -0.0007925954414531589], [-0.0001232524518854916, 0.0038207105826586485, -0.0006358163664117455, 0.0047375839203596115, -0.000909987254999578, -0.0002842550165951252, 0.0003372662758920342, 0.001691435812972486, -0.0036252662539482117, 0.019043948501348495, -0.006400563754141331, -0.0012642910005524755, 0.002693135291337967], [0.0003905524790752679, -0.0051920670084655285, 0.00043115956941619515, -0.002571463817730546, 0.0002156927075702697, -0.003080716822296381, 0.002356583019718528, -0.002398328622803092, -0.0003047383506782353, -0.006400563754141331, 0.022255191579461098, -0.004450843203812838, -0.0043695480562746525], [-0.00017702829791232944, 0.005265256389975548, -0.0017429853323847055, 0.0024197986349463463, -0.0009908393258228898, 0.00605922332033515, -0.0025256872177124023, 0.0028791690710932016, 0.001824794104322791, -0.0012642910005524755, -0.004450843203812838, 0.02187666855752468, -0.006084568798542023], [-5.172023884369992e-05, -0.0016530773136764765, 0.0008878916269168258, -0.0004931841394864023, -0.001358134439215064, -0.0028448314405977726, 0.003095492022112012, -3.766416193684563e-05, -0.0007925954414531589, 0.002693135291337967, -0.0043695480562746525, -0.006084568798542023, 0.01804380491375923]], "lowlevel.mfcc.cov": [[7598.212890625, -753.9244995117188, -379.5830383300781, -135.32228088378906, -323.0253601074219, -63.51598358154297, -382.0509948730469, -177.67294311523438, -168.0264892578125, -151.09500122070312, -235.702392578125, -41.12947463989258, -275.5345458984375], [-753.9244995117188, 1082.94287109375, 183.64926147460938, 24.371231079101562, 235.9113311767578, 102.28254699707031, 237.4989776611328, 48.44474411010742, 65.21478271484375, 53.3475341796875, 62.81569290161133, 25.661190032958984, 16.215755462646484], [-379.5830383300781, 183.64926147460938, 672.3597412109375, 210.1626434326172, 131.18544006347656, 89.57841491699219, 31.357769012451172, 137.2717742919922, 69.5235824584961, 47.97045135498047, 126.8337173461914, 51.018680572509766, 52.57655715942383], [-135.32228088378906, 24.371231079101562, 210.1626434326172, 552.4332885742188, 37.364906311035156, 116.59516143798828, -104.26791381835938, 97.75067901611328, -4.2012858390808105, -0.024701017886400223, 5.681845664978027, -12.823171615600586, 75.3862533569336], [-323.0253601074219, 235.9113311767578, 131.18544006347656, 37.364906311035156, 275.4993591308594, 6.7833685874938965, 106.36157989501953, 49.480979919433594, 81.48115539550781, 49.113590240478516, 43.70941925048828, 53.40642547607422, 11.87611198425293], [-63.51598358154297, 102.28254699707031, 89.57841491699219, 116.59516143798828, 6.7833685874938965, 308.2503967285156, 101.47373962402344, 89.09443664550781, 12.49660873413086, 52.601009368896484, 25.64849281311035, -44.555484771728516, 36.85755157470703], [-382.0509948730469, 237.4989776611328, 31.357769012451172, -104.26791381835938, 106.36157989501953, 101.47373962402344, 276.4890441894531, 55.11553192138672, 75.37764739990234, 44.467952728271484, 41.3348388671875, 23.33108901977539, -21.481935501098633], [-177.67294311523438, 48.44474411010742, 137.2717742919922, 97.75067901611328, 49.480979919433594, 89.09443664550781, 55.11553192138672, 158.60992431640625, 62.27581024169922, 49.539894104003906, 41.57798767089844, 8.874024391174316, 29.011581420898438], [-168.0264892578125, 65.21478271484375, 69.5235824584961, -4.2012858390808105, 81.48115539550781, 12.49660873413086, 75.37764739990234, 62.27581024169922, 113.74243927001953, 48.587623596191406, 31.207534790039062, 32.9795036315918, -2.8946120738983154], [-151.09500122070312, 53.3475341796875, 47.97045135498047, -0.024701017886400223, 49.113590240478516, 52.601009368896484, 44.467952728271484, 49.539894104003906, 48.587623596191406, 109.1762466430664, 44.482295989990234, 8.038695335388184, 10.429325103759766], [-235.702392578125, 62.81569290161133, 126.8337173461914, 5.681845664978027, 43.70941925048828, 25.64849281311035, 41.3348388671875, 41.57798767089844, 31.207534790039062, 44.482295989990234, 107.08485412597656, 31.740718841552734, 17.788909912109375], [-41.12947463989258, 25.661190032958984, 51.018680572509766, -12.823171615600586, 53.40642547607422, -44.555484771728516, 23.33108901977539, 8.874024391174316, 32.9795036315918, 8.038695335388184, 31.740718841552734, 91.81880187988281, -0.7170165777206421], [-275.5345458984375, 16.215755462646484, 52.57655715942383, 75.3862533569336, 11.87611198425293, 36.85755157470703, -21.481935501098633, 29.011581420898438, -2.8946120738983154, 10.429325103759766, 17.788909912109375, -0.7170165777206421, 101.08333587646484]], "lowlevel.mfcc.icov": [[0.00018028444901574403, 5.29385288245976e-05, 9.825683264352847e-06, 7.778403232805431e-05, -9.572285307513084e-06, -0.0002412015455774963, 0.0003328351303935051, -3.6352761526359245e-05, 5.0827824452426285e-05, 6.929451046744362e-05, 0.00022893017739988863, -0.00022039598843548447, 0.0005425035487860441], [5.29385288245976e-05, 0.0013580861268565059, -0.00022094360610935837, -0.0001393067796016112, -0.0008253359701484442, -5.628219514619559e-05, -0.000990888918749988, 0.0004096750926692039, 0.00041220703860744834, -7.70975966588594e-05, 1.8954370943902177e-06, 0.0002701009507291019, -4.408098175190389e-05], [9.825683264352847e-06, -0.00022094360610935837, 0.0025371231604367495, -0.0005214034463278949, -0.0005563714657910168, -0.00034130518906749785, 0.0006631852593272924, -0.0011289274552837014, -0.00038385664811357856, 0.0008644235203973949, -0.00248488737270236, -0.00039568953798152506, 0.0001205189764732495], [7.778403232805431e-05, -0.0001393067796016112, -0.0005214034463278949, 0.0031743268482387066, -0.0008100989507511258, -0.0015111803077161312, 0.002332277363166213, -0.0015281749656423926, 0.00012489792425185442, 0.0009110680548474193, 0.0008564273011870682, -0.0003250197332818061, -0.0005247973604127765], [-9.572285307513084e-06, -0.0008253359701484442, -0.0005563714657910168, -0.0008100989507511258, 0.006394903641194105, 0.0011238498846068978, -0.001704096095636487, 0.0005714971921406686, -0.0022112776059657335, -0.001402129651978612, 0.0005580326542258263, -0.0016555787296965718, -0.0007160358363762498], [-0.0002412015455774963, -5.628219514619559e-05, -0.00034130518906749785, -0.0015111803077161312, 0.0011238498846068978, 0.006590870209038258, -0.003868583356961608, -0.0014700556639581919, 0.0017481179675087333, -0.002368475077673793, -0.00012806795712094754, 0.003164516994729638, -0.0019399560987949371], [0.0003328351303935051, -0.000990888918749988, 0.0006631852593272924, 0.002332277363166213, -0.001704096095636487, -0.003868583356961608, 0.009056171402335167, -0.0014018164947628975, -0.0028317400719970465, 0.001666263211518526, -0.0008136715041473508, -0.0014941389672458172, 0.0027991924434900284], [-3.6352761526359245e-05, 0.0004096750926692039, -0.0011289274552837014, -0.0015281749656423926, 0.0005714971921406686, -0.0014700556639581919, -0.0014018164947628975, 0.012067912146449089, -0.004890105687081814, -0.0016245463630184531, -0.00073545693885535, 0.0005678333109244704, -0.001569502055644989], [5.0827824452426285e-05, 0.00041220703860744834, -0.00038385664811357856, 0.00012489792425185442, -0.0022112776059657335, 0.0017481179675087333, -0.0028317400719970465, -0.004890105687081814, 0.017247043550014496, -0.004547343589365482, 0.0012525119818747044, -0.0027543767355382442, 0.001326121622696519], [6.929451046744362e-05, -7.70975966588594e-05, 0.0008644235203973949, 0.0009110680548474193, -0.001402129651978612, -0.002368475077673793, 0.001666263211518526, -0.0016245463630184531, -0.004547343589365482, 0.014654283411800861, -0.004869329277426004, 0.0011340926866978407, 0.00014366568939294666], [0.00022893017739988863, 1.8954370943902177e-06, -0.00248488737270236, 0.0008564273011870682, 0.0005580326542258263, -0.00012806795712094754, -0.0008136715041473508, -0.00073545693885535, 0.0012525119818747044, -0.004869329277426004, 0.016199292615056038, -0.004138195421546698, -0.0010451138950884342], [-0.00022039598843548447, 0.0002701009507291019, -0.00039568953798152506, -0.0003250197332818061, -0.0016555787296965718, 0.003164516994729638, -0.0014941389672458172, 0.0005678333109244704, -0.0027543767355382442, 0.0011340926866978407, -0.004138195421546698, 0.01602744683623314, -0.0009896841365844011], [0.0005425035487860441, -4.408098175190389e-05, 0.0001205189764732495, -0.0005247973604127765, -0.0007160358363762498, -0.0019399560987949371, 0.0027991924434900284, -0.001569502055644989, 0.001326121622696519, 0.00014366568939294666, -0.0010451138950884342, -0.0009896841365844011, 0.013744233176112175]], "metadata.audio_properties.analysis.downmix": "mix", "metadata.audio_properties.codec": "mp3", "metadata.audio_properties.md5_encoded": "7743c919bd484b2bb9099aa0cc1fd0e5", "metadata.tags.file_name": "1182269179936657470.mp3", "metadata.version.essentia": "2.1-beta6-dev", "metadata.version.essentia_git_sha": "v2.1_beta5-1110-g77a6a954", "metadata.version.extractor": "music 2.0", "tonal.chords_key": "Ab", "tonal.chords_scale": "minor", "tonal.key_edma.key": "D", "tonal.key_edma.scale": "major", "tonal.key_krumhansl.key": "D", "tonal.key_krumhansl.scale": "major", "tonal.key_temperley.key": "D", "tonal.key_temperley.scale": "major", "metadata.tags.encoding": ["Lavf58.45.100"]}, "essentia_models": [{"model_name": "genre_dortmund", "activations": {"alternative": "0.0058178916", "blues": "0.0006449483", "electronic": "0.04444572", "folkcountry": "0.00034719336", "funksoulrnb"