{"song_id": "1182280216421335051", "download": "https://cdn.discordapp.com/attachments/1128313332273782784/1182280216421335051/chirp.mp4?ex=65841f41&amp", "lyrics": "\u0418\u0440\u0438\u043d\u0430 \u042e\u0440\u044c\u0435\u0432\u043d\u0430, \u0442\u0435\u0449\u0430 \u0434\u043e\u0440\u043e\u0433\u0430\u044f!\n\u0421 \u0414\u043d\u0451\u043c \u0420\u043e\u0436\u0434\u0435\u043d\u0438\u044f! \u0412\u0430\u0441 \u044f \u043f\u043e\u0437\u0434\u0440\u0430\u0432\u043b\u044f\u044e!\n\u041f\u0443\u0441\u0442\u044c \u0431\u043b\u0435\u0441\u0442\u044f\u0442 \u043e\u0442 \u0440\u0430\u0434\u043e\u0441\u0442\u0438 \u0433\u043b\u0430\u0437\u0430,\n\u041b\u0443\u0447\u0448\u0435\u0439 \u0442\u0435\u0449\u0438 \u0432 \u043c\u0438\u0440\u0435 \u043d\u0435\u0442, \u044f \u0437\u043d\u0430\u044e!\n\n\u0412\u0430\u043c \u0436\u0435\u043b\u0430\u044e \u043a\u0440\u0435\u043f\u043a\u043e\u0433\u043e \u0437\u0434\u043e\u0440\u043e\u0432\u044c\u044f,\n\u0414\u043e\u043b\u0433\u0438\u0445 \u043b\u0435\u0442, \u043d\u0435\u0443\u0442\u043e\u043c\u0438\u043c\u044b\u0445 \u0441\u0438\u043b.\n\u0427\u0442\u043e\u0431\u044b \u0436\u0438\u0437\u043d\u044c \u0431\u044b\u043b\u0430 \u0412\u0430\u0448\u0430 \u0441\u043f\u043e\u043a\u043e\u0439\u043d\u0430,\n\u0422\u043e\u043b\u044c\u043a\u043e \u043f\u0440\u0430\u0437\u0434\u043d\u0438\u043a \u0432 \u0434\u043e\u043c \u0412\u0430\u0448 \u0437\u0430\u0445\u043e\u0434\u0438\u043b.\n\n\u041d\u0430 \u0433\u043e\u0434\u0430 \u0412\u044b, \u0442\u0435\u0449\u0430, \u043d\u0435 \u0440\u043e\u043f\u0449\u0438\u0442\u0435,\n\u041d\u0435 \u0441\u0434\u0430\u0432\u0430\u0439\u0442\u0435\u0441\u044c \u0432 \u0438\u0445 \u0436\u0435\u0441\u0442\u043e\u043a\u0438\u0439 \u043f\u043b\u0435\u043d,\n\u0412 \u043a\u0430\u0436\u0434\u043e\u043c \u0434\u043d\u0435 \u043f\u0440\u0435\u043a\u0440\u0430\u0441\u043d\u043e\u0435 \u0438\u0449\u0438\u0442\u0435,\n\u041f\u0443\u0441\u0442\u044c \u043d\u0435 \u0431\u0443\u0434\u0435\u0442 \u0433\u043e\u0440\u044f \u0438 \u043f\u0440\u043e\u0431\u043b\u0435\u043c!\n\n\u041a\u0430\u0440\u0438\u043d\u0430 \u0438 \u0410\u0440\u0441\u0435\u043d\u0438\u0439 \u0412\u0430\u0441 \u0442\u043e\u0436\u0435 \u043f\u043e\u0437\u0434\u0440\u0430\u0432\u043b\u044f\u044e\u0442,\n\u0421\u0447\u0430\u0441\u0442\u044c\u044f, \u0440\u0430\u0434\u043e\u0441\u0442\u0438 \u0432 \u0436\u0438\u0437\u043d\u0438 \u0412\u0430\u043c \u0436\u0435\u043b\u0430\u044e\u0442.", "style": ["rock</span><span>, female vocal"], "essentia_features": {"lowlevel.average_loudness": 0.964609682559967, "lowlevel.barkbands_crest.mean": 10.34771728515625, "lowlevel.barkbands_crest.stdev": 4.227599620819092, "lowlevel.barkbands_flatness_db.mean": 0.1608235239982605, "lowlevel.barkbands_flatness_db.stdev": 0.08976247161626816, "lowlevel.barkbands_kurtosis.mean": 8.283599853515625, "lowlevel.barkbands_kurtosis.stdev": 111.28378295898438, "lowlevel.barkbands_skewness.mean": 1.4317855834960938, "lowlevel.barkbands_skewness.stdev": 0.9997608065605164, "lowlevel.barkbands_spread.mean": 25.326885223388672, "lowlevel.barkbands_spread.stdev": 14.21745491027832, "lowlevel.dissonance.mean": 0.44817373156547546, "lowlevel.dissonance.stdev": 0.04030770808458328, "lowlevel.dynamic_complexity": 2.2591910362243652, "lowlevel.erbbands_crest.mean": 10.577496528625488, "lowlevel.erbbands_crest.stdev": 5.050647258758545, "lowlevel.erbbands_flatness_db.mean": 0.1890268474817276, "lowlevel.erbbands_flatness_db.stdev": 0.08671429753303528, "lowlevel.erbbands_kurtosis.mean": 0.028427470475435257, "lowlevel.erbbands_kurtosis.stdev": 6.271643161773682, "lowlevel.erbbands_skewness.mean": 0.4921724498271942, "lowlevel.erbbands_skewness.stdev": 0.6594658493995667, "lowlevel.erbbands_spread.mean": 45.14838409423828, "lowlevel.erbbands_spread.stdev": 19.406078338623047, "lowlevel.hfc.mean": 31.71381187438965, "lowlevel.hfc.stdev": 20.041709899902344, "lowlevel.loudness_ebu128.integrated": -12.487947463989258, "lowlevel.loudness_ebu128.loudness_range": 5.07379150390625, "lowlevel.loudness_ebu128.momentary.mean": -13.432499885559082, "lowlevel.loudness_ebu128.momentary.stdev": 3.356630802154541, "lowlevel.loudness_ebu128.short_term.mean": -12.987905502319336, "lowlevel.loudness_ebu128.short_term.stdev": 2.372314929962158, "lowlevel.melbands_crest.mean": 14.36352252960205, "lowlevel.melbands_crest.stdev": 5.099776268005371, "lowlevel.melbands_flatness_db.mean": 0.2096048891544342, "lowlevel.melbands_flatness_db.stdev": 0.10365825891494751, "lowlevel.melbands_kurtosis.mean": 9.960155487060547, "lowlevel.melbands_kurtosis.stdev": 10.936712265014648, "lowlevel.melbands_skewness.mean": 2.4330625534057617, "lowlevel.melbands_skewness.stdev": 0.9997175931930542, "lowlevel.melbands_spread.mean": 24.38738250732422, "lowlevel.melbands_spread.stdev": 14.00703239440918, "lowlevel.pitch_salience.mean": 0.49476251006126404, "lowlevel.pitch_salience.stdev": 0.10743697732686996, "lowlevel.silence_rate_20dB.mean": 1.0, "lowlevel.silence_rate_20dB.stdev": 0.0, "lowlevel.silence_rate_30dB.mean": 1.0, "lowlevel.silence_rate_30dB.stdev": 0.0, "lowlevel.silence_rate_60dB.mean": 0.03707995265722275, "lowlevel.silence_rate_60dB.stdev": 0.18895365297794342, "lowlevel.spectral_centroid.mean": 1376.6806640625, "lowlevel.spectral_centroid.stdev": 553.511474609375, "lowlevel.spectral_complexity.mean": 19.26535415649414, "lowlevel.spectral_complexity.stdev": 7.4853386878967285, "lowlevel.spectral_decrease.mean": -8.14275669114295e-09, "lowlevel.spectral_decrease.stdev": 4.235155337539709e-09, "lowlevel.spectral_energy.mean": 0.03360922634601593, "lowlevel.spectral_energy.stdev": 0.017040450125932693, "lowlevel.spectral_energyband_high.mean": 0.002123420825228095, "lowlevel.spectral_energyband_high.stdev": 0.0021143730264157057, "lowlevel.spectral_energyband_low.mean": 0.00790537241846323, "lowlevel.spectral_energyband_low.stdev": 0.008979055099189281, "lowlevel.spectral_energyband_middle_high.mean": 0.005510328337550163, "lowlevel.spectral_energyband_middle_high.stdev": 0.003662873525172472, "lowlevel.spectral_energyband_middle_low.mean": 0.01895700767636299, "lowlevel.spectral_energyband_middle_low.stdev": 0.01228352915495634, "lowlevel.spectral_entropy.mean": 7.387523174285889, "lowlevel.spectral_entropy.stdev": 0.7445328235626221, "lowlevel.spectral_flux.mean": 0.0804022029042244, "lowlevel.spectral_flux.stdev": 0.042977988719940186, "lowlevel.spectral_kurtosis.mean": 8.744020462036133, "lowlevel.spectral_kurtosis.stdev": 18.67277717590332, "lowlevel.spectral_rms.mean": 0.0054746586829423904, "lowlevel.spectral_rms.stdev": 0.0016785676125437021, "lowlevel.spectral_rolloff.mean": 1757.7120361328125, "lowlevel.spectral_rolloff.stdev": 1442.562744140625, "lowlevel.spectral_skewness.mean": 1.5459051132202148, "lowlevel.spectral_skewness.stdev": 1.3276519775390625, "lowlevel.spectral_spread.mean": 4574979.5, "lowlevel.spectral_spread.stdev": 1865502.25, "lowlevel.spectral_strongpeak.mean": 1.287968397140503, "lowlevel.spectral_strongpeak.stdev": 0.9655917882919312, "lowlevel.zerocrossingrate.mean": 0.06879277527332306, "lowlevel.zerocrossingrate.stdev": 0.03497806191444397, "metadata.audio_properties.analysis.equal_loudness": 0.0, "metadata.audio_properties.analysis.length": 40.04265213012695, "metadata.audio_properties.analysis.sample_rate": 44100.0, "metadata.audio_properties.analysis.start_time": 0.0, "metadata.audio_properties.bit_rate": 117217.0, "metadata.audio_properties.length": 40.042667388916016, "metadata.audio_properties.lossless": 0.0, "metadata.audio_properties.number_channels": 1.0, "metadata.audio_properties.replay_gain": -13.366666793823242, "metadata.audio_properties.sample_rate": 48000.0, "rhythm.beats_count": 91.0, "rhythm.beats_loudness.mean": 0.038076333701610565, "rhythm.beats_loudness.stdev": 0.018327999860048294, "rhythm.bpm": 129.964599609375, "rhythm.bpm_histogram_first_peak_bpm": 129.0, "rhythm.bpm_histogram_first_peak_weight": 0.28378379344940186, "rhythm.bpm_histogram_second_peak_bpm": 185.0, "rhythm.bpm_histogram_second_peak_spread": 0.0, "rhythm.bpm_histogram_second_peak_weight": 0.08888889104127884, "rhythm.danceability": 1.0219354629516602, "rhythm.onset_rate": 2.2219769954681396, "tonal.chords_changes_rate": 0.05787036940455437, "tonal.chords_number_rate": 0.011574073694646358, "tonal.chords_strength.mean": 0.4291855990886688, "tonal.chords_strength.stdev": 0.0824851468205452, "tonal.hpcp_crest.mean": 19.986221313476562, "tonal.hpcp_crest.stdev": 9.05695915222168, "tonal.hpcp_entropy.mean": 1.3032910823822021, "tonal.hpcp_entropy.stdev": 0.7469426989555359, "tonal.key_edma.strength": 0.7421151995658875, "tonal.key_krumhansl.strength": 0.7350583672523499, "tonal.key_temperley.strength": 0.726094126701355, "tonal.tuning_diatonic_strength": 0.5275210738182068, "tonal.tuning_equal_tempered_deviation": 0.015908248722553253, "tonal.tuning_frequency": 440.5086364746094, "tonal.tuning_nontempered_energy_ratio": 0.6231361627578735, "lowlevel.barkbands.mean": [0.0001654063817113638, 0.004723661579191685, 0.0021853719372302294, 0.0018951480742543936, 0.004249819554388523, 0.0024747184943407774, 0.005551742855459452, 0.003979446832090616, 0.000741013151127845, 0.0008567031472921371, 0.0005984469316899776, 0.0005895107751712203, 0.0004439125186763704, 0.00022818184515926987, 0.0007676052628085017, 0.0005118440021760762, 0.0006980471662245691, 0.00022092931612860411, 0.00039756952901370823, 0.000454089546110481, 0.000388914137147367, 0.0005602128221653402, 0.00043853899114765227, 0.0003374918596819043, 0.00012640838394872844, 2.4089440557872877e-05, 4.185910142950888e-07], "lowlevel.barkbands.stdev": [0.00021656136959791183, 0.007567216642200947, 0.0034244852140545845, 0.0027489783242344856, 0.007350642699748278, 0.005006975494325161, 0.006350374314934015, 0.005317750386893749, 0.0019237917149439454, 0.001846518600359559, 0.0011926336446776986, 0.0011978616239503026, 0.0008503385470248759, 0.00034169727587141097, 0.0011900761164724827, 0.0008665620116516948, 0.0010791271924972534, 0.0002782517112791538, 0.0004644162254408002, 0.0004679788835346699, 0.00039179070154204965, 0.0006292603211477399, 0.0005114555824548006, 0.0005272409180179238, 0.0002504171570762992, 4.5304808736545965e-05, 1.7263713516513235e-06], "lowlevel.erbbands.mean": [0.11914478987455368, 1.114894151687622, 2.538472890853882, 4.674596309661865, 8.060100555419922, 18.33087921142578, 19.575021743774414, 18.936168670654297, 41.89564514160156, 140.3410186767578, 55.12290573120117, 19.74880027770996, 13.67320728302002, 30.866697311401367, 26.253890991210938, 29.20147132873535, 23.094736099243164, 12.929675102233887, 33.69927215576172, 36.270870208740234, 27.5396728515625, 29.650365829467773, 17.659507751464844, 15.803889274597168, 21.442729949951172, 24.388145446777344, 14.418636322021484, 19.2228946685791, 20.06922149658203, 15.881521224975586, 11.942222595214844, 6.620388984680176, 5.773016929626465, 2.038588762283325, 0.5475614666938782, 0.15425854921340942, 0.039235107600688934, 0.004465602803975344, 0.00011902720871148631, 4.832296326640062e-05], "lowlevel.erbbands.stdev": [0.2294788509607315, 1.7405389547348022, 3.509420156478882, 5.980000019073486, 12.225512504577637, 37.332786560058594, 40.239585876464844, 34.557926177978516, 61.48234176635742, 151.9220428466797, 78.7817611694336, 42.15216064453125, 35.01448059082031, 65.22281646728516, 37.564109802246094, 54.09031677246094, 40.211456298828125, 17.010936737060547, 65.9148941040039, 48.59007263183594, 36.26488494873047, 41.12715148925781, 23.43617820739746, 17.547183990478516, 28.196674346923828, 25.35314178466797, 13.627727508544922, 20.660953521728516, 23.228487014770508, 17.899749755859375, 14.683897972106934, 9.158647537231445, 10.320089340209961, 4.022647380828857, 1.1281651258468628, 0.2860727906227112, 0.0795992836356163, 0.011544258333742619, 0.0002343992528039962, 2.662986116774846e-05], "lowlevel.gfcc.mean": [3.9524505138397217, 105.2344741821289, -129.21853637695312, 37.2021598815918, -67.17794799804688, 6.810109615325928, -38.81510543823242, 5.462824821472168, -12.658421516418457, 4.724062442779541, -9.930094718933105, -4.564704418182373, -10.636832237243652], "lowlevel.melbands.mean": [0.0012141005136072636, 0.0013893053401261568, 0.0008990913047455251, 0.0009466882911510766, 0.0007327155908569694, 0.0004337180289439857, 0.000755865650717169, 0.0014411142328754067, 0.0003581254568416625, 9.963697084458545e-05, 6.974660936975852e-05, 0.0001315570407314226, 8.47604896989651e-05, 7.635062502231449e-05, 6.405843305401504e-05, 3.478785583865829e-05, 2.2140566215966828e-05, 4.855272709392011e-05, 4.418604294187389e-05, 5.26785988768097e-05, 2.9744704079348594e-05, 3.0594215786550194e-05, 3.06755791825708e-05, 9.630895874579437e-06, 1.2550788596854545e-05, 1.5358635209850036e-05, 1.3939915334049147e-05, 1.665703166509047e-05, 9.145488547801506e-06, 8.207959581341129e-06, 1.2795144357369281e-05, 1.182281721412437e-05, 9.577161108609289e-06, 8.761327080719639e-06, 7.833178642613348e-06, 3.879734777001431e-06, 4.183601959084626e-06, 4.686524334829301e-06, 2.7154751478519756e-06, 1.363706360280048e-06], "lowlevel.melbands.stdev": [0.0020889427978545427, 0.0016975558828562498, 0.0011080503463745117, 0.0016201856778934598, 0.001327570527791977, 0.0008157590054906905, 0.000981086166575551, 0.0015418375842273235, 0.0005813919706270099, 0.00024124760238919407, 0.00019047198293264955, 0.0002820078516378999, 0.00013838266022503376, 0.0001486789115006104, 0.00010926813411060721, 5.759471605415456e-05, 3.61726779374294e-05, 9.491754462942481e-05, 6.13617230555974e-05, 8.503627759637311e-05, 4.923023152514361e-05, 4.825932046514936e-05, 5.886858343728818e-05, 1.186749886983307e-05, 1.7088328604586422e-05, 2.393005706835538e-05, 1.3363543075683992e-05, 1.846087798185181e-05, 9.994662832468748e-06, 9.899563337967265e-06, 1.5132994121813681e-05, 1.3910900634073187e-05, 1.1868312867591158e-05, 1.0331721568945795e-05, 1.0252674655930605e-05, 5.205863544688327e-06, 6.26249129709322e-06, 8.270107173302677e-06, 5.949381375103258e-06, 2.638551450218074e-06], "lowlevel.melbands128.mean": [8.698918827576563e-05, 0.0007848828681744635, 0.0017935982905328274, 0.001852812827564776, 0.0013930524000898004, 0.001036457484588027, 0.0009216698817908764, 0.0009696655324660242, 0.0006601211498491466, 0.0009910104563459754, 0.0011508188908919692, 0.000748427351936698, 0.0006048665381968021, 0.0007583881379105151, 0.00042827153811231256, 0.00024408868921454996, 0.00037509496905840933, 0.00076002546120435, 0.0011549367336556315, 0.0022149262949824333, 0.0011778618209064007, 0.0004414374416228384, 0.0002999481512233615, 0.00018662147340364754, 0.0001433831494068727, 4.6894365368643776e-05, 3.853881571558304e-05, 4.402395643410273e-05, 0.00010749587090685964, 0.00020826689433306456, 9.488903742749244e-05, 7.249179179780185e-05, 0.00010059560008812696, 9.338887321064249e-05, 3.956252112402581e-05, 9.989809768740088e-05, 9.050763037521392e-05, 2.913950265792664e-05, 8.98181096999906e-05, 5.0269984058104455e-05, 1.596643414814025e-05, 1.886385325633455e-05, 2.1311432647053152e-05, 2.7407240850152448e-05, 1.5661304132663645e-05, 4.968112625647336e-05, 0.00010508987179491669, 1.3171702448744327e-05, 3.108288728981279e-05, 7.162308611441404e-05, 5.539942503673956e-05, 4.4169704779051244e-05, 1.3330557521840092e-05, 3.0212448109523393e-05, 4.882484063273296e-05, 1.8391709090792574e-05, 1.965230876521673e-05, 6.41973820165731e-05, 1.6937479813350365e-05, 6.185413894854719e-06, 9.848781701293774e-06, 9.99451003735885e-06, 1.6895266526262276e-05, 1.215069460158702e-05, 7.241410912683932e-06, 1.393920410919236e-05, 2.6146190066356212e-05, 8.490390428050887e-06, 9.881357982521877e-06, 2.1846703020855784e-05, 1.792616421880666e-05, 1.5332389011746272e-05, 9.809881703404244e-06, 8.632456228951924e-06, 6.412513812392717e-06, 8.121666724036913e-06, 9.400423550687265e-06, 8.527151294401847e-06, 1.3667749044543598e-05, 1.739301842462737e-05, 1.0663041393854655e-05, 9.918681826093234e-06, 1.2692794371105265e-05, 9.005296305986121e-06, 7.556709988421062e-06, 9.37553613766795e-06, 8.696002623764798e-06, 8.23103982838802e-06, 9.3902845037519e-06, 6.29115720585105e-06, 4.191017524135532e-06, 3.112989361397922e-06, 3.407814574529766e-06, 3.717257868629531e-06, 5.2616605898947455e-06, 5.0122253014706075e-06, 5.313663677952718e-06, 2.800358743115794e-06, 3.1738036341266707e-06, 2.3994639377633575e-06, 1.3930409750173567e-06, 1.307926027038775e-06, 1.1255071967752883e-06, 8.790465813035553e-07, 3.6659147895079514e-07, 3.878294592141174e-07, 5.445170927487197e-07, 3.530067260726355e-07, 2.2527231635649514e-07, 1.3537558629650448e-07, 1.406248770763341e-07, 1.4064659126233892e-07, 1.4489003774542653e-07, 8.704684972826726e-08, 7.388504030814147e-08, 4.849888668445601e-08, 1.721972608947908e-08, 7.014654829218259e-11, 4.762368017302565e-12, 4.6089364963419754e-12, 4.480532264650172e-12, 4.372616418252262e-12, 4.27490291429744e-12, 4.192525666912861e-12, 4.105148946470516e-12, 4.011812583526453e-12, 3.953063570927284e-12, 3.926523169106577e-12], "lowlevel.melbands128.stdev": [0.00016391344252042472, 0.0017051167087629437, 0.003456354374065995, 0.002971585839986801, 0.002009291434660554, 0.0016602464020252228, 0.0012856863904744387, 0.001490770373493433, 0.0012392292264848948, 0.0019752986263483763, 0.00272939121350646, 0.0018751367460936308, 0.0016424207715317607, 0.001952226972207427, 0.0008886761497706175, 0.0008928509196266532, 0.000969709362834692, 0.0015666348626837134, 0.0016866701189428568, 0.0027195082511752844, 0.0018304588738828897, 0.0009777538944035769, 0.000753463595174253, 0.0006151848938316107, 0.000410194305004552, 0.0002262317866552621, 0.00020420645887497813, 0.00019430380780249834, 0.000422177865402773, 0.00048259698087349534, 0.000331493909470737, 0.00024337598006241024, 0.00018916538101620972, 0.00021621520863845944, 0.00013718455738853663, 0.0002538903208915144, 0.00021660307538695633, 0.00010255895904265344, 0.00021132579422555864, 9.987269731936976e-05, 5.394472464104183e-05, 5.1394006732152775e-05, 3.94366288674064e-05, 5.896271250094287e-05, 3.086527431150898e-05, 0.00010961636144202203, 0.00025747870677150786, 2.6960615286952816e-05, 6.12908334005624e-05, 0.0001528555731056258, 0.00014029358862899244, 0.00010462950740475208, 2.2659527530777268e-05, 7.627976447110996e-05, 0.00014325091615319252, 3.8974387280177325e-05, 4.058272679685615e-05, 0.000142548669828102, 3.70307570847217e-05, 1.0403170563222375e-05, 1.7344533262075856e-05, 1.5263936802512035e-05, 2.867715375032276e-05, 2.127184961864259e-05, 1.1529481525940355e-05, 2.3088538000592962e-05, 5.4275431466521695e-05, 1.1356111826898996e-05, 1.3840298379363958e-05, 3.556987576303072e-05, 2.621713611006271e-05, 2.7590196623350494e-05, 1.7047086657839827e-05, 1.1738389730453491e-05, 8.874051673046779e-06, 1.587814222148154e-05, 1.2756629075738601e-05, 1.1536430974956602e-05, 1.9005416106665507e-05, 2.470762592565734e-05, 1.5790019460837357e-05, 1.4088178431848064e-05, 2.0406367184477858e-05, 1.2343816706561483e-05, 1.0370673408033326e-05, 1.1982528121734504e-05, 1.2139405953348614e-05, 1.1767325304390397e-05, 1.4915114661562257e-05, 8.883862392394803e-06, 6.243878488021437e-06, 5.3325506996770855e-06, 5.954140760877635e-06, 6.341574135149131e-06, 9.444557690585498e-06, 8.495980182487983e-06, 1.1442326467658859e-05, 6.446171937568579e-06, 7.9710971476743e-06, 5.2862415031995624e-06, 3.1380429845739854e-06, 2.627441517688567e-06, 2.1528469460463384e-06, 2.7803951070382027e-06, 8.362896437574818e-07, 8.345469382220472e-07, 1.453190520805947e-06, 7.333389362429443e-07, 4.852174697589362e-07, 3.0744220680389844e-07, 2.9705748261221743e-07, 3.1824291113480285e-07, 3.620026234329998e-07, 2.3760055967159133e-07, 2.2156405066198204e-07, 1.546271874985905e-07, 6.250942163887885e-08, 5.324307661425109e-10, 6.951037835600804e-12, 6.744237546901788e-12, 6.562781568186793e-12, 6.407050671258796e-12, 6.268671345899257e-12, 6.151822107280935e-12, 6.05552890817207e-12, 5.978711449527996e-12, 5.922551511716723e-12, 5.88817449659329e-12], "lowlevel.mfcc.mean": [-632.25537109375, 121.6749496459961, 2.195863962173462, 23.7193546295166, -1.3273723125457764, 2.5303852558135986, -10.632400512695312, -3.1679842472076416, -1.7421668767929077, 1.2312413454055786, 0.5242033004760742, 6.301150321960449, 8.962291717529297], "lowlevel.spectral_contrast_coeffs.mean": [-0.6952404379844666, -0.650850236415863, -0.7354415059089661, -0.7555214762687683, -0.7567263841629028, -0.7225297689437866], "lowlevel.spectral_contrast_coeffs.stdev": [0.09054333716630936, 0.08100689947605133, 0.06839418411254883, 0.05090852454304695, 0.04193916544318199, 0.05411004647612572], "lowlevel.spectral_contrast_valleys.mean": [-6.699764728546143, -6.739497661590576, -7.621336936950684, -7.770657539367676, -7.739824295043945, -10.514411926269531], "lowlevel.spectral_contrast_valleys.stdev": [1.0760440826416016, 0.8549485802650452, 0.8000698089599609, 0.8926903605461121, 1.4190475940704346, 2.108358144760132], "rhythm.beats_loudness_band_ratio.mean": [0.3256632089614868, 0.2091805785894394, 0.29245725274086, 0.08848205208778381, 0.0533716082572937, 0.06325846165418625], "rhythm.beats_loudness_band_ratio.stdev": [0.21983467042446136, 0.19463194906711578, 0.19599567353725433, 0.0638650506734848, 0.029656104743480682, 0.06664413213729858], "tonal.hpcp.mean": [0.266266793012619, 0.13849686086177826, 0.045733094215393066, 0.04367022588849068, 0.06105579435825348, 0.2632703483104706, 0.42301318049430847, 0.21994470059871674, 0.13367941975593567, 0.21728120744228363, 0.12246367335319519, 0.03430083394050598, 0.03828202188014984, 0.03711913526058197, 0.11140383780002594, 0.15851232409477234, 0.0813668742775917, 0.03806349262595177, 0.05095415562391281, 0.050120946019887924, 0.18297621607780457, 0.30258479714393616, 0.15866221487522125, 0.058402132242918015, 0.06461239606142044, 0.030063582584261894, 0.026298217475414276, 0.03354685753583908, 0.02553267404437065, 0.03905841335654259, 0.052933476865291595, 0.041937679052352905, 0.06784156709909439, 0.08624885976314545, 0.06358274817466736, 0.1840360462665558], "tonal.hpcp.stdev": [0.3652075529098511, 0.21595259010791779, 0.14226034283638, 0.15000538527965546, 0.18504565954208374, 0.26894861459732056, 0.4041576087474823, 0.23778071999549866, 0.208079531788826, 0.341931015253067, 0.1978556364774704, 0.123070128262043, 0.1309855878353119, 0.1298275887966156, 0.1976446807384491, 0.2797228693962097, 0.15583255887031555, 0.12105904519557953, 0.154280424118042, 0.15510140359401703, 0.2269701212644577, 0.3569767475128174, 0.2166590839624405, 0.15985806286334991, 0.20734810829162598, 0.10186750441789627, 0.09199590981006622, 0.0980304405093193, 0.0831541121006012, 0.11957022547721863, 0.13699491322040558, 0.10707441717386246, 0.16699601709842682, 0.210516557097435, 0.13428449630737305, 0.25446072220802307], "rhythm.beats_position": [0.3715192675590515, 0.7198185920715332, 1.0448979139328003, 1.369977355003357, 1.695056676864624, 2.0201361179351807, 2.345215320587158, 2.6819047927856445, 3.006983995437622, 3.3436734676361084, 3.668752670288086, 3.9938321113586426, 4.330521583557129, 4.667210578918457, 5.015510082244873, 5.363809585571289, 5.712108612060547, 6.164897918701172, 6.617686748504639, 7.082086086273193, 7.54648494720459, 8.010884284973145, 8.46367359161377, 8.916461944580078, 9.380861282348633, 9.845260620117188, 10.298049926757812, 10.76244831085205, 11.238457679748535, 11.70285701751709, 12.167256355285645, 12.620044708251953, 13.072834014892578, 13.537233352661133, 14.001632690429688, 14.466031074523926, 14.93043041229248, 15.394829750061035, 15.85922908782959, 16.323627471923828, 16.788026809692383, 17.252426147460938, 17.716825485229492, 18.181224822998047, 18.634014129638672, 19.086801528930664, 19.55120086669922, 20.015600204467773, 20.479999542236328, 20.944398880004883, 21.397188186645508, 21.861587524414062, 22.314376831054688, 22.77877426147461, 23.243173599243164, 23.70757293701172, 24.160362243652344, 24.6247615814209, 25.077550888061523, 25.541950225830078, 26.006349563598633, 26.470746994018555, 26.93514633178711, 27.399545669555664, 27.85233497619629, 28.316734313964844, 28.7811336517334, 29.245532989501953, 29.698322296142578, 30.1627197265625, 30.627119064331055, 31.09151840209961, 31.544307708740234, 31.99709701538086, 32.46149444580078, 32.92589569091797, 33.39029312133789, 33.85469436645508, 34.319091796875, 34.78349304199219, 35.24789047241211, 35.71228790283203, 36.165077209472656, 36.629478454589844, 37.08226776123047, 37.54666519165039, 38.01106643676758, 38.4754638671875, 38.93986511230469, 39.415870666503906, 39.880271911621094], "rhythm.bpm_histogram": [0.0, 0.0, 0.0, 0.0, 0.0, 0.0, 0.0, 0.0, 0.0, 0.0, 0.0, 0.0, 0.0, 0.0, 0.0, 0.0, 0.0, 0.0, 0.0, 0.0, 0.0, 0.0, 0.0, 0.0, 0.0, 0.0, 0.0, 0.0, 0.0, 0.0, 0.0, 0.0, 0.0, 0.0, 0.0, 0.0, 0.0, 0.0, 0.0, 0.0, 0.0, 0.0, 0.0, 0.0, 0.0, 0.0, 0.0, 0.0, 0.0, 0.0, 0.0, 0.0, 0.0, 0.0, 0.0, 0.0, 0.0, 0.0, 0.0, 0.0, 0.0, 0.0, 0.0, 0.0, 0.0, 0.0, 0.0, 0.0, 0.0, 0.0, 0.0, 0.0, 0.0, 0.0, 0.0, 0.0, 0.0, 0.0, 0.0, 0.0, 0.0, 0.0, 0.0, 0.0, 0.0, 0.0, 0.0, 0.0, 0.0, 0.0, 0.0, 0.0, 0.0, 0.0, 0.0, 0.0, 0.0, 0.0, 0.0, 0.0, 0.0, 0.0, 0.0, 0.0, 0.0, 0.0, 0.0, 0.0, 0.0, 0.0, 0.0, 0.0, 0.0, 0.0, 0.0, 0.0, 0.0, 0.0, 0.0, 0.0, 0.0, 0.0, 0.0, 0.0, 0.0, 0.0, 0.02222222276031971, 0.0, 0.0, 0.5888888835906982, 0.0, 0.0, 0.0, 0.21111111342906952, 0.0, 0.0, 0.0, 0.0, 0.0, 0.0, 0.0, 0.0, 0.0, 0.0, 0.0, 0.0, 0.0, 0.0, 0.0, 0.0, 0.0, 0.0, 0.0, 0.0, 0.0, 0.0, 0.0, 0.0, 0.0, 0.0, 0.0, 0.0, 0.0, 0.0, 0.0, 0.0, 0.0, 0.0, 0.0, 0.0, 0.0, 0.0, 0.04444444552063942, 0.0, 0.0, 0.0, 0.0, 0.0, 0.04444444552063942, 0.0, 0.0, 0.0, 0.0, 0.0, 0.0, 0.08888889104127884, 0.0, 0.0, 0.0, 0.0, 0.0, 0.0, 0.0, 0.0, 0.0, 0.0, 0.0, 0.0, 0.0, 0.0, 0.0, 0.0, 0.0, 0.0, 0.0, 0.0, 0.0, 0.0, 0.0, 0.0, 0.0, 0.0, 0.0, 0.0, 0.0, 0.0, 0.0, 0.0, 0.0, 0.0, 0.0, 0.0, 0.0, 0.0, 0.0, 0.0, 0.0, 0.0, 0.0, 0.0, 0.0, 0.0, 0.0, 0.0, 0.0, 0.0, 0.0, 0.0, 0.0, 0.0, 0.0, 0.0, 0.0, 0.0, 0.0, 0.0, 0.0, 0.0, 0.0, 0.0], "tonal.chords_histogram": [38.310184478759766, 0.0, 8.449073791503906, 11.342592239379883, 3.5879628658294678, 0.0, 0.0, 4.976851940155029, 2.314814805984497, 22.453702926635742, 2.5462963581085205, 0.0, 0.0, 0.0, 0.0, 0.0, 1.3888888359069824, 0.0, 0.0, 0.0, 0.0, 0.0, 4.629629611968994, 0.0], "tonal.thpcp": [1.0, 0.5199476480484009, 0.31601715087890625, 0.5136511325836182, 0.28950321674346924, 0.08108691871166229, 0.0904984101653099, 0.08774936199188232, 0.26335784792900085, 0.3747219443321228, 0.19235068559646606, 0.089981809258461, 0.12045524269342422, 0.11848554015159607, 0.4325543940067291, 0.7153081893920898, 0.3750762939453125, 0.13806220889091492, 0.15274322032928467, 0.07107008248567581, 0.06216878816485405, 0.0793045237660408, 0.06035904958844185, 0.09233380109071732, 0.12513434886932373, 0.09914036095142365, 0.16037695109844208, 0.20389166474342346, 0.15030914545059204, 0.4350598454475403, 0.6294527053833008, 0.32740554213523865, 0.10811269283294678, 0.10323608666658401, 0.14433544874191284, 0.622369110584259], "lowlevel.gfcc.cov": [[12599.4013671875, -5500.35400390625, 2179.5380859375, 3616.28515625, -2240.51025390625, 1803.3621826171875, -899.6218872070312, 689.1553344726562, -90.12660217285156, 944.026611328125, -422.96173095703125, 617.7723388671875, -627.5167846679688], [-5500.35400390625, 3988.261474609375, -1099.150390625, -1714.2113037109375, 1465.70947265625, -1133.502197265625, 503.36004638671875, -609.2538452148438, 60.14139175415039, -493.85076904296875, 322.35198974609375, -366.748779296875, 364.4840087890625], [2179.5380859375, -1099.150390625, 661.9312133789062, 696.397705078125, -349.7925109863281, 346.5874938964844, -200.80921936035156, 144.84521484375, -44.38745880126953, 174.5370330810547, -109.33776092529297, 159.13160705566406, -119.07583618164062], [3616.28515625, -1714.2113037109375, 696.397705078125, 1371.3228759765625, -646.4716186523438, 617.3255615234375, -221.91079711914062, 228.37420654296875, 12.248290061950684, 291.9454650878906, -125.7208251953125, 193.9383544921875, -176.5923309326172], [-2240.51025390625, 1465.70947265625, -349.7925109863281, -646.4716186523438, 737.0526123046875, -395.1498107910156, 210.2051239013672, -178.80516052246094, 28.24985694885254, -166.01019287109375, 93.8258056640625, -130.03233337402344, 107.94924926757812], [1803.3621826171875, -1133.502197265625, 346.5874938964844, 617.3255615234375, -395.1498107910156, 502.9568176269531, -36.13343811035156, 242.9451446533203, 41.32762145996094, 167.82301330566406, -90.15577697753906, 84.5851821899414, -121.97977447509766], [-899.6218872070312, 503.36004638671875, -200.80921936035156, -221.91079711914062, 210.2051239013672, -36.13343811035156, 263.0295104980469, 34.60881423950195, 72.90400695800781, -59.22545623779297, 36.57866668701172, -65.45648193359375, 40.89207458496094], [689.1553344726562, -609.2538452148438, 144.84521484375, 228.37420654296875, -178.80516052246094, 242.9451446533203, 34.60881423950195, 239.20611572265625, 73.47581481933594, 108.8683853149414, -42.063785552978516, 37.61838912963867, -80.56517791748047], [-90.12660217285156, 60.14139175415039, -44.38745880126953, 12.248290061950684, 28.24985694885254, 41.32762145996094, 72.90400695800781, 73.47581481933594, 136.04611206054688, 68.54581451416016, 29.382694244384766, -26.335521697998047, -16.142141342163086], [944.026611328125, -493.85076904296875, 174.5370330810547, 291.9454650878906, -166.01019287109375, 167.82301330566406, -59.22545623779297, 108.8683853149414, 68.54581451416016, 192.50732421875, 5.284097194671631, 50.56001663208008, -67.64613342285156], [-422.96173095703125, 322.35198974609375, -109.33776092529297, -125.7208251953125, 93.8258056640625, -90.15577697753906, 36.57866668701172, -42.063785552978516, 29.382694244384766, 5.284097194671631, 98.0497817993164, -6.567811965942383, 40.3497428894043], [617.7723388671875, -366.748779296875, 159.13160705566406, 193.9383544921875, -130.03233337402344, 84.5851821899414, -65.45648193359375, 37.61838912963867, -26.335521697998047, 50.56001663208008, -6.567811965942383, 109.53752899169922, -3.236659049987793], [-627.5167846679688, 364.4840087890625, -119.07583618164062, -176.5923309326172, 107.94924926757812, -121.97977447509766, 40.89207458496094, -80.56517791748047, -16.142141342163086, -67.64613342285156, 40.3497428894043, -3.236659049987793, 120.46540069580078]], "lowlevel.gfcc.icov": [[0.0006637117476202548, -0.0007134819752536714, -0.00019404437625780702, -0.000900604878552258, 0.0011208176147192717, -0.0007321345619857311, 0.0006915979320183396, -0.00031513161957263947, 0.0009598153992556036, -0.0013726098695769906, 0.0010585756972432137, -0.0008840733207762241, 0.0008923524292185903], [-0.0007134819752536714, 0.005788858979940414, -0.0009256005869247019, 0.001091144629754126, -0.0048850844614207745, 0.004248268436640501, -0.0047052036970853806, 0.005430110730230808, -0.00413120212033391, 0.00452926242724061, -0.0067988489754498005, 0.005505304783582687, -0.002224031137302518], [-0.00019404437625780702, -0.0009256005869247019, 0.005794533062726259, -0.0010852287523448467, -0.0008591354126110673, -0.001553362817503512, 0.00255611096508801, -0.0016722236759960651, 0.0017608555499464273, -0.0018815426155924797, 0.003895009867846966, -0.004668363835662603, 0.0008868537261150777], [-0.000900604878552258, 0.001091144629754126, -0.0010852287523448467, 0.004096854943782091, -0.0009273295290768147, -0.0012216191971674562, -0.001113608479499817, 0.0026218504644930363, -0.002342569874599576, 0.0009924446931108832, -0.0011775995371863246, 0.00021989426750224084, -0.0006905962363816798], [0.0011208176147192717, -0.0048850844614207745, -0.0008591354126110673, -0.0009273295290768147, 0.008468196727335453, -0.0017615555552765727, 0.0012527795042842627, -0.0028819739818573, 0.0030607583466917276, -0.0043054912239313126, 0.005236219614744186, -0.0035152172204107046, 0.002829692093655467], [-0.0007321345619857311, 0.004248268436640501, -0.001553362817503512, -0.0012216191971674562, -0.0017615555552765727, 0.012713603675365448, -0.006434660404920578, -0.0006941360188648105, -0.002054022392258048, 0.0025053205899894238, -0.0035470575094223022, 0.005354081280529499, -0.0013581778621301055], [0.0006915979320183396, -0.0047052036970853806, 0.00255611096508801, -0.001113608479499817, 0.0012527795042842627, -0.006434660404920578, 0.013755371794104576, -0.007938259281218052, 0.0006021601147949696, -0.00018883359734900296, 0.0039496892131865025, -0.0035348047968000174, -0.0003266872081439942], [-0.00031513161957263947, 0.005430110730230808, -0.0016722236759960651, 0.0026218504644930363, -0.0028819739818573, -0.0006941360188648105, -0.007938259281218052, 0.01915666088461876, -0.008439049124717712, 0.0015324346022680402, -0.0028280196711421013, 0.000696805480401963, 0.0022010516840964556], [0.0009598153992556036, -0.00413120212033391, 0.0017608555499464273, -0.002342569874599576, 0.0030607583466917276, -0.002054022392258048, 0.0006021601147949696, -0.008439049124717712, 0.020290743559598923, -0.01124145369976759, 0.0022841484751552343, 0.0010498930932953954, 0.000804451759904623], [-0.0013726098695769906, 0.00452926242724061, -0.0018815426155924797, 0.0009924446931108832, -0.0043054912239313126, 0.0025053205899894238, -0.00018883359734900296, 0.0015324346022680402, -0.01124145369976759, 0.020544176921248436, -0.012177345342934132, 0.0032943275291472673, 0.0004223321157041937], [0.0010585756972432137, -0.0067988489754498005, 0.003895009867846966, -0.0011775995371863246, 0.005236219614744186, -0.0035470575094223022, 0.0039496892131865025, -0.0028280196711421013, 0.0022841484751552343, -0.012177345342934132, 0.027955660596489906, -0.012160852551460266, 0.00047053047455847263], [-0.0008840733207762241, 0.005505304783582687, -0.004668363835662603, 0.00021989426750224084, -0.0035152172204107046, 0.005354081280529499, -0.0035348047968000174, 0.000696805480401963, 0.0010498930932953954, 0.0032943275291472673, -0.012160852551460266, 0.02603157050907612, -0.008553883992135525], [0.0008923524292185903, -0.002224031137302518, 0.0008868537261150777, -0.0006905962363816798, 0.002829692093655467, -0.0013581778621301055, -0.0003266872081439942, 0.0022010516840964556, 0.000804451759904623, 0.0004223321157041937, 0.00047053047455847263, -0.008553883992135525, 0.01717236079275608]], "lowlevel.mfcc.cov": [[12276.2841796875, -6054.2919921875, 2996.412353515625, 1404.2088623046875, -167.21524047851562, 922.9453125, -355.0290222167969, 150.74143981933594, 22.53485107421875, 124.73558807373047, 308.22906494140625, 453.48590087890625, 475.5480041503906], [-6054.2919921875, 4834.75146484375, -2107.311279296875, -505.165771484375, 214.95343017578125, -454.8622741699219, 245.83335876464844, -250.6074981689453, -124.20693969726562, -201.07215881347656, -145.60279846191406, -223.34527587890625, -311.0557556152344], [2996.412353515625, -2107.311279296875, 1141.4862060546875, 331.9469299316406, -46.584991455078125, 246.91746520996094, -107.76592254638672, 109.09428405761719, 50.29384231567383, 56.892181396484375, 43.120384216308594, 99.24821472167969, 139.17018127441406], [1404.2088623046875, -505.165771484375, 331.9469299316406, 444.07763671875, 66.11100006103516, 193.1293182373047, -15.813285827636719, 3.3635334968566895, -1.3067046403884888, -30.243377685546875, 41.594940185546875, 74.73084259033203, 41.60854721069336], [-167.21524047851562, 214.95343017578125, -46.584991455078125, 66.11100006103516, 181.1641845703125, 16.513174057006836, 9.812172889709473, -34.380001068115234, -18.538320541381836, -17.408845901489258, 6.250356197357178, 2.999541997909546, -8.122917175292969], [922.9453125, -454.8622741699219, 246.91746520996094, 193.1293182373047, 16.513174057006836, 196.33154296875, 15.978994369506836, 41.792293548583984, 42.40994644165039, 24.91545295715332, 59.1319465637207, 47.58554458618164, 18.702863693237305], [-355.0290222167969, 245.83335876464844, -107.76592254638672, -15.813285827636719, 9.812172889709473, 15.978994369506836, 110.03179168701172, 50.47013854980469, 42.41488265991211, 14.044550895690918, 9.51691722869873, -16.603727340698242, -32.54945755004883], [150.74143981933594, -250.6074981689453, 109.09428405761719, 3.3635334968566895, -34.380001068115234, 41.792293548583984, 50.47013854980469, 138.51463317871094, 88.74996185302734, 49.505367279052734, 43.499271392822266, 17.71452522277832, -3.576467752456665], [22.53485107421875, -124.20693969726562, 50.29384231567383, -1.3067046403884888, -18.538320541381836, 42.40994644165039, 42.41488265991211, 88.74996185302734, 133.10394287109375, 84.03116607666016, 49.70957565307617, 21.254926681518555, 8.893159866333008], [124.73558807373047, -201.07215881347656, 56.892181396484375, -30.243377685546875, -17.408845901489258, 24.91545295715332, 14.044550895690918, 49.505367279052734, 84.03116607666016, 152.91680908203125, 84.0344467163086, 13.284274101257324, 37.364315032958984], [308.22906494140625, -145.60279846191406, 43.120384216308594, 41.594940185546875, 6.250356197357178, 59.1319465637207, 9.51691722869873, 43.499271392822266, 49.70957565307617, 84.0344467163086, 152.87989807128906, 76.87726593017578, 10.251321792602539], [453.48590087890625, -223.34527587890625, 99.24821472167969, 74.73084259033203, 2.999541997909546, 47.58554458618164, -16.603727340698242, 17.71452522277832, 21.254926681518555, 13.284274101257324, 76.87726593017578, 164.30520629882812, 86.11589813232422], [475.5480041503906, -311.0557556152344, 139.17018127441406, 41.60854721069336, -8.122917175292969, 18.702863693237305, -32.54945755004883, -3.576467752456665, 8.893159866333008, 37.364315032958984, 10.251321792602539, 86.11589813232422, 182.5792236328125]], "lowlevel.mfcc.icov": [[0.00038539175875484943, 0.00022903936041984707, -0.00037088344106450677, -0.0005179169238545001, 0.00033480447018519044, -0.0003402625152375549, -1.5588409496558597e-06, 0.0004085451364517212, 0.00026000928482972085, 0.00014873250620439649, -0.0004821977636311203, 3.356678644195199e-05, -0.00018723799439612776], [0.00022903936041984707, 0.0015245570102706552, 0.002004300244152546, -0.0005994670209474862, -0.0005724138463847339, 0.0004386136424727738, -0.0011629549553617835, 0.0011651056120172143, -0.000545914052054286, 0.0009581635240465403, -0.00028137804474681616, 0.00021507607016246766, 9.959724411601201e-05], [-0.00037088344106450677, 0.002004300244152546, 0.006035983096808195, -0.0007106746779754758, -0.0013087675906717777, -0.0006491210078820586, 0.001059527276083827, -0.0016273589571937919, -0.00037454089033417404, 0.00014781208301428705, 0.0018231978174299002, 0.0001422353961970657, -7.444134826073423e-05], [-0.0005179169238545001, -0.0005994670209474862, -0.0007106746779754758, 0.0057944948785007, -0.0015589639078825712, -0.003679988207295537, 0.00015565274225082248, 0.0002811627055052668, -0.0003976362058892846, 0.001723114401102066, -8.805276593193412e-05, -0.00043674264452420175, -0.0002325989626115188], [0.00033480447018519044, -0.0005724138463847339, -0.0013087675906717777, -0.0015589639078825712, 0.0072652255184948444, -0.000413240835769102, -0.000738017144612968, 0.0019692108035087585, 0.00042422174010425806, -4.0229556930171384e-07, -0.0012893549865111709, 0.0001795189455151558, -0.0002546602627262473], [-0.0003402625152375549, 0.0004386136424727738, -0.0006491210078820586, -0.003679988207295537, -0.000413240835769102, 0.013424894772469997, -0.004335974343121052, 0.0016793881077319384, -0.00310434284619987, 0.0010966057889163494, -0.002942686202004552, 0.0004068788839504123, 0.0007333520334213972], [-1.5588409496558597e-06, -0.0011629549553617835, 0.001059527276083827, 0.00015565274225082248, -0.000738017144612968, -0.004335974343121052, 0.017570413649082184, -0.008189555257558823, -0.00043458546861074865, -0.0012187216198071837, 0.0019439668394625187, 0.0006720887613482773, 0.0004073859890922904], [0.0004085451364517212, 0.0011651056120172143, -0.001627358