{"song_id": "1182275466690830366", "download": "https://cdn.discordapp.com/attachments/1135911532732108921/1182275466690830366/chirp.mp4?ex=65841ad4&amp", "lyrics": "\u0421 \u043b\u044e\u0431\u043e\u0432\u044c\u044e \u0432\u0441\u0442\u0440\u0435\u0442\u0438\u0442\u044c\u0441\u044f - \u043f\u0440\u043e\u0431\u043b\u0435\u043c\u0430 \u0442\u0440\u0443\u0434\u043d\u0430\u044f\n\u041f\u043b\u0430\u043d\u0435\u0442\u0430 \u0432\u0435\u0440\u0442\u0438\u0442\u0441\u044f, \u043a\u0440\u0443\u0433\u043b\u0430\u044f, \u043a\u0440\u0443\u0433\u043b\u0430\u044f\n\u041b\u0435\u0442\u0438\u0442 \u043f\u043b\u0430\u043d\u0435\u0442\u0430 \u0432\u0434\u0430\u043b\u044c \u0441\u043a\u0432\u043e\u0437\u044c \u0441\u0443\u043c\u0430\u0442\u043e\u0445\u0443 \u0434\u043d\u0435\u0439\n\u041d\u0435\u043b\u0435\u0433\u043a\u043e, \u043d\u0435\u043b\u0435\u0433\u043a\u043e \u043f\u043e\u043b\u044e\u0431\u0438\u0442\u044c \u043d\u0430 \u043d\u0435\u0439\n\u0417\u0432\u0435\u043d\u0438\u0442 \u044f\u043d\u0432\u0430\u0440\u0441\u043a\u0430\u044f \u0432\u044c\u044e\u0433\u0430\n\u0418 \u043b\u0438\u0432\u043d\u0438 \u0445\u043b\u0435\u0449\u0443\u0442 \u0443\u043f\u0440\u0443\u0433\u043e\n\u0418 \u0437\u0432\u0451\u0437\u0434\u044b \u043c\u0447\u0430\u0442\u0441\u044f \u043f\u043e \u043a\u0440\u0443\u0433\u0443\n\u0418 \u0448\u0443\u043c\u044f\u0442 \u0433\u043e\u0440\u043e\u0434\u0430\n\u041d\u0435 \u0432\u0438\u0434\u044f\u0442 \u043b\u044e\u0434\u0438 \u0434\u0440\u0443\u0433 \u0434\u0440\u0443\u0433\u0430\n\u041f\u0440\u043e\u0445\u043e\u0434\u044f\u0442 \u043c\u0438\u043c\u043e \u0434\u0440\u0443\u0433 \u0434\u0440\u0443\u0433\u0430\n\u0422\u0435\u0440\u044f\u044e\u0442 \u043b\u044e\u0434\u0438 \u0434\u0440\u0443\u0433 \u0434\u0440\u0443\u0433\u0430\n\u0410 \u043f\u043e\u0442\u043e\u043c \u043d\u0435 \u043d\u0430\u0439\u0434\u0443\u0442 \u043d\u0438\u043a\u043e\u0433\u0434\u0430\n\u0412 \u043b\u044e\u0431\u0432\u0438 \u0435\u0449\u0451 \u043e\u0434\u043d\u0430 \u0437\u0430\u0434\u0430\u0447\u0430 \u0441\u043b\u043e\u0436\u043d\u0430\u044f\n\u041d\u0430\u0439\u0434\u0451\u0448\u044c, \u0430 \u0432\u0434\u0440\u0443\u0433 \u043e\u043d\u0430 \u043b\u043e\u0436\u043d\u0430\u044f, \u043b\u043e\u0436\u043d\u0430\u044f\n\u041d\u0430\u0439\u0434\u0451\u0448\u044c \u043e\u0431\u043c\u0430\u043d\u043d\u0443\u044e, \u043d\u043e \u0432 \u0441\u0443\u043c\u0430\u0442\u043e\u0445\u0435 \u0434\u043d\u0435\u0439\n\u041d\u0435\u043b\u0435\u0433\u043a\u043e, \u043d\u0435\u043b\u0435\u0433\u043a\u043e \u0440\u0430\u0437\u043e\u0431\u0440\u0430\u0442\u044c\u0441\u044f \u0432 \u043d\u0435\u0439\n\u0417\u0432\u0435\u043d\u0438\u0442 \u044f\u043d\u0432\u0430\u0440\u0441\u043a\u0430\u044f \u0432\u044c\u044e\u0433\u0430\n\u0418 \u043b\u0438\u0432\u043d\u0438 \u0445\u043b\u0435\u0449\u0443\u0442 \u0443\u043f\u0440\u0443\u0433\u043e\n\u0418 \u0437\u0432\u0451\u0437\u0434\u044b \u043c\u0447\u0430\u0442\u0441\u044f \u043f\u043e \u043a\u0440\u0443\u0433\u0443\n\u0418 \u0448\u0443\u043c\u044f\u0442 \u0433\u043e\u0440\u043e\u0434\u0430\n\u041d\u0435 \u0432\u0438\u0434\u044f\u0442 \u043b\u044e\u0434\u0438 \u0434\u0440\u0443\u0433 \u0434\u0440\u0443\u0433\u0430\n\u041f\u0440\u043e\u0445\u043e\u0434\u044f\u0442 \u043c\u0438\u043c\u043e \u0434\u0440\u0443\u0433 \u0434\u0440\u0443\u0433\u0430\n\u0422\u0435\u0440\u044f\u044e\u0442 \u043b\u044e\u0434\u0438 \u0434\u0440\u0443\u0433 \u0434\u0440\u0443\u0433\u0430\n\u0410 \u043f\u043e\u0442\u043e\u043c \u043d\u0435 \u043d\u0430\u0439\u0434\u0443\u0442 \u043d\u0438\u043a\u043e\u0433\u0434\u0430\n\u0410 \u0433\u0434\u0435-\u0442\u043e \u0435\u0441\u0442\u044c \u043c\u043e\u044f \u043b\u044e\u0431\u043e\u0432\u044c \u0441\u0435\u0440\u0434\u0435\u0447\u043d\u0430\u044f\n\u041d\u0435\u043f\u043e\u0432\u0442\u043e\u0440\u0438\u043c\u0430\u044f, \u0432\u0435\u0447\u043d\u0430\u044f, \u0432\u0435\u0447\u043d\u0430\u044f\n\u0415\u0451 \u0434\u0430\u0432\u043d\u043e \u0438\u0449\u0443, \u043d\u043e \u0432 \u0441\u0443\u043c\u0430\u0442\u043e\u0445\u0435", "style": ["pop"], "essentia_features": {"lowlevel.average_loudness": 0.827795147895813, "lowlevel.barkbands_crest.mean": 10.98592758178711, "lowlevel.barkbands_crest.stdev": 3.7001609802246094, "lowlevel.barkbands_flatness_db.mean": 0.22944743931293488, "lowlevel.barkbands_flatness_db.stdev": 0.06897899508476257, "lowlevel.barkbands_kurtosis.mean": 3.4521539211273193, "lowlevel.barkbands_kurtosis.stdev": 4.102448463439941, "lowlevel.barkbands_skewness.mean": 1.4800596237182617, "lowlevel.barkbands_skewness.stdev": 0.8593663573265076, "lowlevel.barkbands_spread.mean": 11.815509796142578, "lowlevel.barkbands_spread.stdev": 12.148975372314453, "lowlevel.dissonance.mean": 0.41561606526374817, "lowlevel.dissonance.stdev": 0.0444040484726429, "lowlevel.dynamic_complexity": 4.401586532592773, "lowlevel.erbbands_crest.mean": 11.11418342590332, "lowlevel.erbbands_crest.stdev": 3.9892995357513428, "lowlevel.erbbands_flatness_db.mean": 0.2712514102458954, "lowlevel.erbbands_flatness_db.stdev": 0.0731399804353714, "lowlevel.erbbands_kurtosis.mean": 0.7280588746070862, "lowlevel.erbbands_kurtosis.stdev": 2.053591251373291, "lowlevel.erbbands_skewness.mean": 0.6249955296516418, "lowlevel.erbbands_skewness.stdev": 0.720177173614502, "lowlevel.erbbands_spread.mean": 23.258176803588867, "lowlevel.erbbands_spread.stdev": 15.996479988098145, "lowlevel.hfc.mean": 12.153350830078125, "lowlevel.hfc.stdev": 17.14019203186035, "lowlevel.loudness_ebu128.integrated": -22.513769149780273, "lowlevel.loudness_ebu128.loudness_range": 5.402107238769531, "lowlevel.loudness_ebu128.momentary.mean": -24.058835983276367, "lowlevel.loudness_ebu128.momentary.stdev": 3.814213275909424, "lowlevel.loudness_ebu128.short_term.mean": -22.749774932861328, "lowlevel.loudness_ebu128.short_term.stdev": 1.680382251739502, "lowlevel.melbands_crest.mean": 13.76848030090332, "lowlevel.melbands_crest.stdev": 4.50886344909668, "lowlevel.melbands_flatness_db.mean": 0.2831614911556244, "lowlevel.melbands_flatness_db.stdev": 0.07972801476716995, "lowlevel.melbands_kurtosis.mean": 6.225897312164307, "lowlevel.melbands_kurtosis.stdev": 6.283763408660889, "lowlevel.melbands_skewness.mean": 1.853568196296692, "lowlevel.melbands_skewness.stdev": 0.9343168139457703, "lowlevel.melbands_spread.mean": 16.570432662963867, "lowlevel.melbands_spread.stdev": 22.59111976623535, "lowlevel.pitch_salience.mean": 0.546205997467041, "lowlevel.pitch_salience.stdev": 0.09926750510931015, "lowlevel.silence_rate_20dB.mean": 1.0, "lowlevel.silence_rate_20dB.stdev": 0.0, "lowlevel.silence_rate_30dB.mean": 0.9930475354194641, "lowlevel.silence_rate_30dB.stdev": 0.08309262245893478, "lowlevel.silence_rate_60dB.mean": 0.23464658856391907, "lowlevel.silence_rate_60dB.stdev": 0.4237751066684723, "lowlevel.spectral_centroid.mean": 894.9382934570312, "lowlevel.spectral_centroid.stdev": 599.0135498046875, "lowlevel.spectral_complexity.mean": 10.685400009155273, "lowlevel.spectral_complexity.stdev": 5.2049560546875, "lowlevel.spectral_decrease.mean": -3.526821279464798e-09, "lowlevel.spectral_decrease.stdev": 4.715952961475978e-09, "lowlevel.spectral_energy.mean": 0.014413384720683098, "lowlevel.spectral_energy.stdev": 0.019129173830151558, "lowlevel.spectral_energyband_high.mean": 0.00025378901045769453, "lowlevel.spectral_energyband_high.stdev": 0.0010451042326167226, "lowlevel.spectral_energyband_low.mean": 0.00018099717271979898, "lowlevel.spectral_energyband_low.stdev": 0.0003464879409875721, "lowlevel.spectral_energyband_middle_high.mean": 0.004001019988209009, "lowlevel.spectral_energyband_middle_high.stdev": 0.0074265566654503345, "lowlevel.spectral_energyband_middle_low.mean": 0.010190810076892376, "lowlevel.spectral_energyband_middle_low.stdev": 0.0136161083355546, "lowlevel.spectral_entropy.mean": 6.70361328125, "lowlevel.spectral_entropy.stdev": 0.6531124114990234, "lowlevel.spectral_flux.mean": 0.05084584653377533, "lowlevel.spectral_flux.stdev": 0.04787036404013634, "lowlevel.spectral_kurtosis.mean": 18.440038681030273, "lowlevel.spectral_kurtosis.stdev": 17.81277084350586, "lowlevel.spectral_rms.mean": 0.0031926045194268227, "lowlevel.spectral_rms.stdev": 0.0019670024048537016, "lowlevel.spectral_rolloff.mean": 1376.2164306640625, "lowlevel.spectral_rolloff.stdev": 1668.2703857421875, "lowlevel.spectral_skewness.mean": 2.7262916564941406, "lowlevel.spectral_skewness.stdev": 1.2129608392715454, "lowlevel.spectral_spread.mean": 2981455.25, "lowlevel.spectral_spread.stdev": 2109669.25, "lowlevel.spectral_strongpeak.mean": 1.1361101865768433, "lowlevel.spectral_strongpeak.stdev": 1.2007167339324951, "lowlevel.zerocrossingrate.mean": 0.048701103776693344, "lowlevel.zerocrossingrate.stdev": 0.04667569324374199, "metadata.audio_properties.analysis.equal_loudness": 0.0, "metadata.audio_properties.analysis.length": 40.04265213012695, "metadata.audio_properties.analysis.sample_rate": 44100.0, "metadata.audio_properties.analysis.start_time": 0.0, "metadata.audio_properties.bit_rate": 113729.0, "metadata.audio_properties.length": 40.042667388916016, "metadata.audio_properties.lossless": 0.0, "metadata.audio_properties.number_channels": 1.0, "metadata.audio_properties.replay_gain": -6.9449005126953125, "metadata.audio_properties.sample_rate": 48000.0, "rhythm.beats_count": 73.0, "rhythm.beats_loudness.mean": 0.021224426105618477, "rhythm.beats_loudness.stdev": 0.026018407195806503, "rhythm.bpm": 119.89013671875, "rhythm.bpm_histogram_first_peak_bpm": 120.0, "rhythm.bpm_histogram_first_peak_weight": 0.42307692766189575, "rhythm.bpm_histogram_second_peak_bpm": 99.0, "rhythm.bpm_histogram_second_peak_spread": 0.36363643407821655, "rhythm.bpm_histogram_second_peak_weight": 0.0972222238779068, "rhythm.danceability": 1.2192928791046143, "rhythm.onset_rate": 3.5202107429504395, "tonal.chords_changes_rate": 0.05671296268701553, "tonal.chords_number_rate": 0.010416666977107525, "tonal.chords_strength.mean": 0.46030616760253906, "tonal.chords_strength.stdev": 0.10807174444198608, "tonal.hpcp_crest.mean": 19.70809555053711, "tonal.hpcp_crest.stdev": 8.605751037597656, "tonal.hpcp_entropy.mean": 1.3358206748962402, "tonal.hpcp_entropy.stdev": 0.7021157145500183, "tonal.key_edma.strength": 0.7573791742324829, "tonal.key_krumhansl.strength": 0.77359539270401, "tonal.key_temperley.strength": 0.7766022086143494, "tonal.tuning_diatonic_strength": 0.48696255683898926, "tonal.tuning_equal_tempered_deviation": 0.02643916755914688, "tonal.tuning_frequency": 440.2542419433594, "tonal.tuning_nontempered_energy_ratio": 0.6012898683547974, "lowlevel.barkbands.mean": [1.116805151468725e-06, 7.324877060455037e-06, 7.282534352270886e-05, 0.00030142426840029657, 0.0012301139067858458, 0.0031402702443301678, 0.001742356107570231, 0.0018567852675914764, 0.001675423001870513, 0.00101312471088022, 0.000733568740542978, 0.0005331489956006408, 0.000554984319023788, 0.0002011652395594865, 0.0001920091308420524, 0.00041628532926552, 0.00031943689100444317, 6.087127258069813e-05, 0.0001003601573756896, 1.4615111467719544e-05, 3.701477908180095e-05, 7.001712219789624e-05, 4.8396246711490676e-05, 5.2898751164320856e-05, 2.69513730017934e-05, 1.0409923561383039e-05, 4.980588528269436e-07], "lowlevel.barkbands.stdev": [2.1865380404051393e-06, 1.3747072443948127e-05, 0.00018424952577333897, 0.0005756759201176465, 0.001947800163179636, 0.007732497528195381, 0.0037403616588562727, 0.0050238557159900665, 0.005100827198475599, 0.003453647019341588, 0.0025687231682240963, 0.0015856401296332479, 0.0020312697160989046, 0.0007257983670569956, 0.0007092275773175061, 0.0013538138009607792, 0.0007794692646712065, 0.00015887107292655855, 0.00024441987625323236, 5.562097067013383e-05, 0.00012630526907742023, 0.00027403049170970917, 0.0002809495199471712, 0.00028338542324490845, 0.00012108842201996595, 4.514578540693037e-05, 1.9773422081925673e-06], "lowlevel.erbbands.mean": [0.00014318340981844813, 0.0031081626657396555, 0.06200961023569107, 0.5421205759048462, 1.8487119674682617, 4.378964900970459, 12.44630241394043, 29.968826293945312, 23.183780670166016, 34.850189208984375, 42.81534194946289, 36.6907958984375, 31.346317291259766, 43.14104461669922, 22.35533905029297, 22.662534713745117, 25.152122497558594, 14.378888130187988, 9.868569374084473, 13.218295097351074, 26.518802642822266, 16.576292037963867, 3.847327709197998, 6.035941123962402, 2.6854841709136963, 0.747469425201416, 0.8320267200469971, 2.1741411685943604, 2.6286253929138184, 1.6583433151245117, 1.370336890220642, 1.1735478639602661, 0.8488630652427673, 0.3923451602458954, 0.13916189968585968, 0.05422902852296829, 0.017181385308504105, 0.002877373481169343, 7.428498793160543e-05, 1.9581009837565944e-05], "lowlevel.erbbands.stdev": [0.00022147413983475417, 0.005799026694148779, 0.1391533762216568, 0.9438870549201965, 3.464132308959961, 7.107833385467529, 33.82117462158203, 84.25018310546875, 55.44576644897461, 69.38618469238281, 111.96935272216797, 123.25691986083984, 87.4908676147461, 182.6927032470703, 54.1492805480957, 66.50130462646484, 87.3066635131836, 49.351078033447266, 34.19276428222656, 49.12229537963867, 69.59496307373047, 39.60112380981445, 9.27066707611084, 14.78473949432373, 6.859462738037109, 2.5226800441741943, 3.7012999057769775, 6.724897384643555, 10.182915687561035, 8.463653564453125, 8.027576446533203, 6.848854064941406, 4.357280731201172, 1.8585543632507324, 0.6030260920524597, 0.2259492576122284, 0.0773363932967186, 0.013368846848607063, 0.0002780771756079048, 2.5182189347106032e-05], "lowlevel.gfcc.mean": [-122.64227294921875, 133.34344482421875, -153.285888671875, -23.65301513671875, -69.35841369628906, -23.96625328063965, -52.01970672607422, -7.132999420166016, -24.821125030517578, -13.65544319152832, -14.488961219787598, 0.5384727716445923, -6.4359283447265625], "lowlevel.melbands.mean": [1.5558458699160838e-06, 2.6015615731012076e-05, 0.00013687103637494147, 0.00019942113431170583, 0.00039281038334593177, 0.0006476254784502089, 0.00037056711153127253, 0.00039480149280279875, 0.00033349008299410343, 0.00023068743757903576, 0.0001505574182374403, 0.0001723467285046354, 8.762950892560184e-05, 6.0233796830289066e-05, 5.458462328533642e-05, 5.322584183886647e-05, 2.2949210688238963e-05, 1.5471714505110867e-05, 1.4107391507423017e-05, 2.19659814320039e-05, 3.353369174874388e-05, 2.0838144337176345e-05, 4.3241916500846855e-06, 2.7808191589429043e-06, 5.378148216550471e-06, 2.9603934308397584e-06, 7.120366376511811e-07, 4.254181362739473e-07, 4.220645450914162e-07, 7.141422315726231e-07, 1.5162906947807642e-06, 1.6907430335777462e-06, 1.0627014717101702e-06, 8.420031463174382e-07, 7.825856300769374e-07, 7.626791784787201e-07, 7.025298032203864e-07, 6.443377174036868e-07, 4.332708556376019e-07, 2.9496962383745995e-07], "lowlevel.melbands.stdev": [2.5868980628729332e-06, 5.453669291455299e-05, 0.00023333902936428785, 0.0002658066514413804, 0.0009728252771310508, 0.0017224791226908565, 0.000795976142399013, 0.0008111075148917735, 0.0009052118402905762, 0.0007553739123977721, 0.00042675063014030457, 0.0007324560428969562, 0.000233821730944328, 0.00018867979815695435, 0.00017125788144767284, 0.00020909696468152106, 8.637172140879557e-05, 5.567437256104313e-05, 5.0482125516282395e-05, 9.325642167823389e-05, 8.381778025068343e-05, 5.2345767471706495e-05, 1.2018767847621348e-05, 6.845025836810237e-06, 1.3925927305535879e-05, 7.536550128861563e-06, 2.6164982500631595e-06, 1.6718935285098269e-06, 2.3886507278803037e-06, 2.5319297947135055e-06, 4.605888534570113e-06, 6.4935966292978264e-06, 5.2385580602276605e-06, 4.493002506933408e-06, 4.535229891189374e-06, 4.91151104142773e-06, 3.932504114345647e-06, 3.3341227663186146e-06, 2.1587509309028974e-06, 1.4095442111283774e-06], "lowlevel.melbands128.mean": [5.117287855682662e-07, 7.611030241605476e-07, 1.4954129028410534e-06, 3.953532541345339e-06, 1.6867488739080727e-05, 4.232928404235281e-05, 8.728628745302558e-05, 0.00017983389261644334, 0.00020404448150657117, 0.0001249700871994719, 0.00025287081371061504, 0.0003375543747097254, 0.0004371708491817117, 0.000440702453488484, 0.0006867617485113442, 0.0008420129888691008, 0.00040452173561789095, 0.00022527952387463301, 0.00037531863199546933, 0.0004227435274515301, 0.0003675133630167693, 0.0004655411175917834, 0.00030018523102626204, 0.0002501397975720465, 0.0002320246712770313, 0.00021794566418975592, 0.00024181482149288058, 0.00012225331738591194, 8.94954355317168e-05, 0.00017201392620336264, 0.00022671351325698197, 0.00012553433771245182, 9.45127903833054e-05, 3.304144775029272e-05, 6.240688526304439e-05, 6.926239439053461e-05, 5.760229760198854e-05, 5.1470626203808933e-05, 5.2380506531335413e-05, 6.377250974765047e-05, 5.4452546464744955e-05, 3.9363028918160126e-05, 1.6857586160767823e-05, 2.160659096261952e-05, 1.4341684618557338e-05, 1.4272494809119962e-05, 1.6912865248741582e-05, 1.149499075836502e-05, 1.3088662853988353e-05, 2.0459556253626943e-05, 2.1111176465637982e-05, 2.2146134142531082e-05, 4.221716517349705e-05, 3.035996269318275e-05, 3.4394503018120304e-05, 2.151445187337231e-05, 9.351313565275632e-06, 4.366516350273741e-06, 3.2424461551272543e-06, 2.3423060611094115e-06, 2.3287821022677235e-06, 3.067157877012505e-06, 5.245112333795987e-06, 6.462968485720921e-06, 5.004817467124667e-06, 3.088593075517565e-06, 1.6784629224275704e-06, 8.138059683915344e-07, 5.618081218017323e-07, 3.863084714339493e-07, 4.608301935604686e-07, 4.037974576931447e-07, 3.984260104061832e-07, 4.137412474847224e-07, 4.4838597546004166e-07, 6.522564603983483e-07, 8.082633939920925e-07, 1.0287861869073822e-06, 1.7119652966357535e-06, 1.8085024748870637e-06, 2.1163302790228045e-06, 1.5009364915385959e-06, 1.0180995104747126e-06, 1.1450249530753354e-06, 9.199566193274222e-07, 9.351952598990465e-07, 7.452750310221745e-07, 7.969733815116342e-07, 8.15055386738095e-07, 7.54362531552033e-07, 7.387928917523823e-07, 8.178718076123914e-07, 7.063463272061199e-07, 6.812266519773402e-07, 7.237043746499694e-07, 6.591111514353543e-07, 6.661935572083166e-07, 5.847654733770469e-07, 3.9043939636940195e-07, 3.863399626879982e-07, 3.670231478736241e-07, 2.561988026172912e-07, 2.4653729724377627e-07, 2.175249278479896e-07, 1.315401192414356e-07, 9.706076298243715e-08, 1.260306703443348e-07, 1.0883215395551815e-07, 9.235722586709016e-08, 8.176864696451958e-08, 6.256674822679997e-08, 5.257516377810134e-08, 5.6749112076204256e-08, 4.939241193824273e-08, 4.327776537138561e-08, 3.170696061260969e-08, 1.8197484408233322e-08, 3.671758674883563e-09, 3.625844346988316e-10, 2.48903848920623e-12, 2.3813999817240417e-12, 2.3350598798294042e-12, 2.305166691210503e-12, 2.2576235585852755e-12, 2.133502359155659e-12, 1.9434248047650593e-12, 1.8385154509914514e-12, 1.8156820448186894e-12], "lowlevel.melbands128.stdev": [1.0149925628866185e-06, 1.7287488844885956e-06, 2.8772137738997117e-06, 8.596798579674214e-06, 4.8789253924041986e-05, 0.00010704826127039269, 0.00018710753647610545, 0.0003671223239507526, 0.00046254898188635707, 0.00020641843730118126, 0.0004819104797206819, 0.0007992191822268069, 0.001458844169974327, 0.0017266079084947705, 0.0024717827327549458, 0.0024564904160797596, 0.0015370131004601717, 0.0007508219568990171, 0.0009892070665955544, 0.0010360769229009748, 0.0013147738063707948, 0.0014554864028468728, 0.0012574410066008568, 0.0012120362371206284, 0.0012166613014414907, 0.0008809252758510411, 0.0009179074550047517, 0.0004907574621029198, 0.00038457236951217055, 0.0007672825013287365, 0.0013470888370648026, 0.00048173958202823997, 0.0002631834358908236, 0.00016479432815685868, 0.00021255286992527544, 0.0003016447590198368, 0.00023948248417582363, 0.00022900599287822843, 0.00024374375061597675, 0.0003183396765962243, 0.00027647498063743114, 0.00020629145728889853, 7.9890618508216e-05, 0.00012733734911307693, 5.991802390781231e-05, 6.927145295776427e-05, 0.00010294461390003562, 5.977314503979869e-05, 6.868164928164333e-05, 8.984038140624762e-05, 0.00015705313126090914, 9.272817987948656e-05, 0.0001421184279024601, 8.255997090600431e-05, 0.00010579356603557244, 7.209157047327608e-05, 3.1698447855887935e-05, 1.3437179404718336e-05, 1.324905315414071e-05, 7.234262739075348e-06, 7.411831120407442e-06, 8.384158718399704e-06, 1.625587174203247e-05, 2.04932384804124e-05, 1.4104592992225662e-05, 9.222376320394687e-06, 6.433739599742694e-06, 3.928572368749883e-06, 2.2791673472966067e-06, 1.2326576097621e-06, 1.8232234424431226e-06, 2.164451188946259e-06, 2.6351597171014873e-06, 2.7334390324540436e-06, 2.1720286440540804e-06, 2.7513751774677075e-06, 2.9369903131737374e-06, 3.429618573136395e-06, 5.749086994910613e-06, 5.45994907952263e-06, 9.172497811960056e-06, 6.467031198553741e-06, 4.889953743258957e-06, 6.295290859270608e-06, 5.1289043767610565e-06, 5.497142865351634e-06, 3.994250164396362e-06, 4.523587449511979e-06, 4.953175448463298e-06, 4.596369763021357e-06, 5.025765403843252e-06, 5.566735580941895e-06, 5.058788246969925e-06, 3.857991487166146e-06, 3.896253019775031e-06, 3.6554588405124377e-06, 3.55542169927503e-06, 3.431408003962133e-06, 1.9839494598272722e-06, 1.9850776880048215e-06, 1.828177346396842e-06, 1.2638806765608024e-06, 1.251936510016094e-06, 1.1216479833819903e-06, 6.246816610655515e-07, 3.8864459384058136e-07, 4.792046865986777e-07, 4.81640540783701e-07, 4.004839979643293e-07, 4.35403194387618e-07, 3.28465461052474e-07, 2.3047434183354198e-07, 2.7233809873905557e-07, 2.825152307650569e-07, 2.6565032840153435e-07, 1.646828451384863e-07, 7.716844407923418e-08, 1.811591765488174e-08, 3.6628207134015156e-09, 5.257715703782528e-12, 5.118933055214825e-12, 5.002607269405379e-12, 4.903164679825878e-12, 4.8145437289703885e-12, 4.743889309155591e-12, 4.689834891963285e-12, 4.648552376362858e-12, 4.6232323525075e-12], "lowlevel.mfcc.mean": [-762.5410766601562, 178.09860229492188, -33.95379638671875, -8.090339660644531, -12.414939880371094, -25.226232528686523, -24.279993057250977, -9.252973556518555, -12.035219192504883, -21.942474365234375, -10.161704063415527, -7.2264299392700195, -2.616562843322754], "lowlevel.spectral_contrast_coeffs.mean": [-0.5876259207725525, -0.6595533490180969, -0.6961026787757874, -0.7536690831184387, -0.735157310962677, -0.7688467502593994], "lowlevel.spectral_contrast_coeffs.stdev": [0.08060304820537567, 0.08355461061000824, 0.07449545711278915, 0.06058342382311821, 0.05783665552735329, 0.055440206080675125], "lowlevel.spectral_contrast_valleys.mean": [-8.63773250579834, -7.328619003295898, -8.094436645507812, -8.700544357299805, -9.502976417541504, -12.459982872009277], "lowlevel.spectral_contrast_valleys.stdev": [0.8065854907035828, 0.89373779296875, 0.9006489515304565, 0.9994339942932129, 1.1391679048538208, 1.8756054639816284], "rhythm.beats_loudness_band_ratio.mean": [0.05660475045442581, 0.3395232856273651, 0.36431390047073364, 0.15992988646030426, 0.06198667362332344, 0.05961507558822632], "rhythm.beats_loudness_band_ratio.stdev": [0.08704720437526703, 0.22849883139133453, 0.20278558135032654, 0.1288018524646759, 0.08242659270763397, 0.1671219766139984], "tonal.hpcp.mean": [0.1489490568637848, 0.09822527319192886, 0.06041763722896576, 0.08211825788021088, 0.05210599675774574, 0.2204912155866623, 0.4165085554122925, 0.2202383428812027, 0.02210984006524086, 0.021007614210247993, 0.021816980093717575, 0.10798975825309753, 0.21105192601680756, 0.1383907049894333, 0.12614279985427856, 0.2119005173444748, 0.13673089444637299, 0.061638928949832916, 0.0575009249150753, 0.05025443062186241, 0.08794897049665451, 0.1314467340707779, 0.08986508101224899, 0.052572354674339294, 0.054996952414512634, 0.052549704909324646, 0.17639707028865814, 0.27646127343177795, 0.15267352759838104, 0.0895947739481926, 0.12726233899593353, 0.07534722983837128, 0.03247830271720886, 0.035992834717035294, 0.026109488680958748, 0.07484691590070724], "tonal.hpcp.stdev": [0.26935118436813354, 0.1885204315185547, 0.1595083773136139, 0.22918705642223358, 0.137198343873024, 0.22719012200832367, 0.40139177441596985, 0.21705961227416992, 0.08924359083175659, 0.08340442925691605, 0.09266111999750137, 0.18364498019218445, 0.3315015435218811, 0.21417149901390076, 0.2002885341644287, 0.30618563294410706, 0.21390144526958466, 0.1568867564201355, 0.1562243551015854, 0.1473875790834427, 0.1845456063747406, 0.24244363605976105, 0.18394753336906433, 0.17212168872356415, 0.17034955322742462, 0.16503740847110748, 0.24663756787776947, 0.3544812500476837, 0.21887311339378357, 0.1966632455587387, 0.2777866721153259, 0.17110612988471985, 0.09979784488677979, 0.10698633641004562, 0.07137155532836914, 0.136886864900589], "rhythm.beats_position": [0.6269387602806091, 1.265487551689148, 1.9156461954116821, 2.565804958343506, 3.18113374710083, 3.808072566986084, 4.4117913246154785, 5.003900051116943, 5.607618808746338, 6.199728012084961, 6.8034467697143555, 7.40716552734375, 7.929614543914795, 8.45206356048584, 8.962902069091797, 9.4853515625, 9.996190071105957, 10.50702953338623, 11.029478073120117, 11.528707504272461, 12.132426261901855, 12.73614501953125, 13.397913932800293, 14.04807186126709, 14.686620712280273, 15.325169563293457, 15.96371841430664, 16.520998001098633, 17.089885711669922, 17.647165298461914, 18.1231746673584, 18.599184036254883, 19.063581466674805, 19.52798080444336, 19.992380142211914, 20.45677947998047, 20.921178817749023, 21.385578155517578, 21.861587524414062, 22.43047523498535, 23.010974884033203, 23.568254470825195, 24.125532150268555, 24.682811737060547, 25.228479385375977, 25.77414894104004, 26.3198184967041, 26.819047927856445, 27.318275451660156, 27.80589485168457, 28.305124282836914, 28.804353713989258, 29.3035831451416, 29.791200637817383, 30.278820037841797, 30.77804946899414, 31.254058837890625, 31.73006820678711, 32.22929763793945, 32.7285270690918, 33.227752685546875, 33.71537399291992, 34.22621154785156, 34.73705291748047, 35.259498596191406, 35.78194808959961, 36.292789459228516, 36.803627014160156, 37.3028564453125, 37.802085876464844, 38.30131530761719, 38.80054473876953, 39.299774169921875], "rhythm.bpm_histogram": [0.0, 0.0, 0.0, 0.0, 0.0, 0.0, 0.0, 0.0, 0.0, 0.0, 0.0, 0.0, 0.0, 0.0, 0.0, 0.0, 0.0, 0.0, 0.0, 0.0, 0.0, 0.0, 0.0, 0.0, 0.0, 0.0, 0.0, 0.0, 0.0, 0.0, 0.0, 0.0, 0.0, 0.0, 0.0, 0.0, 0.0, 0.0, 0.0, 0.0, 0.0, 0.0, 0.0, 0.0, 0.0, 0.0, 0.0, 0.0, 0.0, 0.0, 0.0, 0.0, 0.0, 0.0, 0.0, 0.0, 0.0, 0.0, 0.0, 0.0, 0.0, 0.0, 0.0, 0.0, 0.0, 0.0, 0.0, 0.0, 0.0, 0.0, 0.0, 0.0, 0.0, 0.0, 0.0, 0.0, 0.0, 0.0, 0.0, 0.0, 0.0, 0.0, 0.0, 0.0, 0.0, 0.0, 0.0, 0.0, 0.0, 0.0, 0.0, 0.013888888992369175, 0.0416666679084301, 0.0, 0.0555555559694767, 0.0, 0.013888888992369175, 0.0, 0.013888888992369175, 0.0833333358168602, 0.0, 0.02777777798473835, 0.0, 0.013888888992369175, 0.0, 0.02777777798473835, 0.0, 0.0, 0.0694444477558136, 0.0, 0.0416666679084301, 0.0, 0.0, 0.0, 0.0, 0.0833333358168602, 0.0, 0.0972222238779068, 0.0, 0.0, 0.2083333283662796, 0.0, 0.0, 0.0555555559694767, 0.0, 0.0, 0.0694444477558136, 0.0, 0.0, 0.0833333358168602, 0.0, 0.0, 0.0, 0.0, 0.0, 0.0, 0.0, 0.0, 0.0, 0.0, 0.0, 0.0, 0.0, 0.0, 0.0, 0.0, 0.0, 0.0, 0.0, 0.0, 0.0, 0.0, 0.0, 0.0, 0.0, 0.0, 0.0, 0.0, 0.0, 0.0, 0.0, 0.0, 0.0, 0.0, 0.0, 0.0, 0.0, 0.0, 0.0, 0.0, 0.0, 0.0, 0.0, 0.0, 0.0, 0.0, 0.0, 0.0, 0.0, 0.0, 0.0, 0.0, 0.0, 0.0, 0.0, 0.0, 0.0, 0.0, 0.0, 0.0, 0.0, 0.0, 0.0, 0.0, 0.0, 0.0, 0.0, 0.0, 0.0, 0.0, 0.0, 0.0, 0.0, 0.0, 0.0, 0.0, 0.0, 0.0, 0.0, 0.0, 0.0, 0.0, 0.0, 0.0, 0.0, 0.0, 0.0, 0.0, 0.0, 0.0, 0.0, 0.0, 0.0, 0.0, 0.0, 0.0, 0.0, 0.0, 0.0, 0.0, 0.0, 0.0, 0.0, 0.0, 0.0, 0.0, 0.0, 0.0, 0.0, 0.0, 0.0, 0.0, 0.0, 0.0, 0.0, 0.0, 0.0, 0.0, 0.0, 0.0], "tonal.chords_histogram": [51.04166793823242, 4.282407283782959, 6.25, 3.5879628658294678, 0.0, 0.6944444179534912, 0.0, 5.55555534362793, 0.0, 5.787036895751953, 1.5046296119689941, 0.0, 0.0, 0.0, 0.0, 0.0, 0.9259259104728699, 0.0, 0.0, 0.0, 0.0, 0.8101851940155029, 9.143518447875977, 10.416666984558105], "tonal.thpcp": [1.0, 0.5287726521492004, 0.05308375880122185, 0.05043741315603256, 0.052380628883838654, 0.25927379727363586, 0.5067169070243835, 0.3322637677192688, 0.3028576374053955, 0.508754312992096, 0.32827872037887573, 0.14798958599567413, 0.13805460929870605, 0.12065641582012177, 0.2111576497554779, 0.3155919313430786, 0.2157580703496933, 0.12622155249118805, 0.132042795419693, 0.1261671632528305, 0.4235136806964874, 0.6637589335441589, 0.3665555715560913, 0.21510908007621765, 0.3055455684661865, 0.18090200424194336, 0.07797751575708389, 0.086415596306324, 0.06268656253814697, 0.1797007918357849, 0.3576134443283081, 0.2358301430940628, 0.14505738019943237, 0.19715863466262817, 0.12510186433792114, 0.5293797850608826], "lowlevel.gfcc.cov": [[10470.9697265625, -4530.45751953125, 871.4911499023438, 842.0227661132812, -1609.9898681640625, 877.984375, -957.541748046875, 369.950927734375, -408.19073486328125, 342.07659912109375, -979.622802734375, 444.91790771484375, -733.1558837890625], [-4530.45751953125, 4307.7060546875, -1462.00390625, -860.8452758789062, 1310.79443359375, -1031.9658203125, 732.4155883789062, -312.55120849609375, 428.17803955078125, -389.5890197753906, 755.6078491210938, -359.406005859375, 514.8688354492188], [871.4911499023438, -1462.00390625, 1268.279541015625, 364.654052734375, -476.6350402832031, 640.0715942382812, -374.3776550292969, 78.17147064208984, -318.7785949707031, 111.92481231689453, -343.21441650390625, 136.30751037597656, -204.71524047851562], [842.0227661132812, -860.8452758789062, 364.654052734375, 513.0245361328125, -195.81398010253906, 192.06246948242188, -179.7816162109375, 49.47560119628906, -43.41645050048828, 80.1475830078125, -140.71046447753906, 42.024314880371094, -78.6402359008789], [-1609.9898681640625, 1310.79443359375, -476.6350402832031, -195.81398010253906, 607.44140625, -347.81817626953125, 177.5769500732422, -76.86396026611328, 164.08132934570312, -76.90412139892578, 252.60031127929688, -118.07218170166016, 157.7384033203125], [877.984375, -1031.9658203125, 640.0715942382812, 192.06246948242188, -347.81817626953125, 551.4703979492188, -202.017333984375, 50.023216247558594, -186.80807495117188, 109.5951156616211, -229.53688049316406, 47.478759765625, -180.1793975830078], [-957.541748046875, 732.4155883789062, -374.3776550292969, -179.7816162109375, 177.5769500732422, -202.017333984375, 423.4710388183594, -36.66335678100586, 110.86290740966797, -62.24802017211914, 190.1806640625, -59.30773162841797, 75.57514190673828], [369.950927734375, -312.55120849609375, 78.17147064208984, 49.47560119628906, -76.86396026611328, 50.023216247558594, -36.66335678100586, 141.12246704101562, -12.930306434631348, 6.747923851013184, -61.99020767211914, 32.17388153076172, -40.379791259765625], [-408.19073486328125, 428.17803955078125, -318.7785949707031, -43.41645050048828, 164.08132934570312, -186.80807495117188, 110.86290740966797, -12.930306434631348, 195.7540740966797, -9.618950843811035, 114.02122497558594, -39.58995056152344, 82.80213928222656], [342.07659912109375, -389.5890197753906, 111.92481231689453, 80.1475830078125, -76.90412139892578, 109.5951156616211, -62.24802017211914, 6.747923851013184, -9.618950843811035, 146.72645568847656, -37.83591079711914, 19.051651000976562, -45.69243621826172], [-979.622802734375, 755.6078491210938, -343.21441650390625, -140.71046447753906, 252.60031127929688, -229.53688049316406, 190.1806640625, -61.99020767211914, 114.02122497558594, -37.83591079711914, 271.2096862792969, -41.72948455810547, 121.43309020996094], [444.91790771484375, -359.406005859375, 136.30751037597656, 42.024314880371094, -118.07218170166016, 47.478759765625, -59.30773162841797, 32.17388153076172, -39.58995056152344, 19.051651000976562, -41.72948455810547, 139.07012939453125, -13.921582221984863], [-733.1558837890625, 514.8688354492188, -204.71524047851562, -78.6402359008789, 157.7384033203125, -180.1793975830078, 75.57514190673828, -40.379791259765625, 82.80213928222656, -45.69243621826172, 121.43309020996094, -13.921582221984863, 178.4596405029297]], "lowlevel.gfcc.icov": [[0.00029944456764496863, -2.544019116612617e-05, 0.00045233359560370445, -0.00022410026576835662, 0.0005182085442356765, -7.804207598383073e-06, 0.00038488995051011443, -0.00012726768909487873, 6.85403065290302e-05, -0.00015311739116441458, 0.0003745584690477699, -0.0005404071998782456, 0.0006979773752391338], [-2.544019116612617e-05, 0.002304552122950554, -0.00033594280830584466, 0.0014809975400567055, -0.0024730684235692024, 0.0005147451302036643, -0.0008055755752138793, 0.001648972393013537, -0.0004985241685062647, 0.0025593352038413286, -0.0010205837897956371, 0.001986545277759433, -0.0013301591388881207], [0.00045233359560370445, -0.00033594280830584466, 0.0035909111611545086, -0.0013915915042161942, 0.0008667745860293508, -0.0023995807860046625, 0.0011090165935456753, -0.0004487132537178695, 0.0021941966842859983, -0.000296639307634905, 0.0011256702709943056, -0.0022254083305597305, 0.0005399080691859126], [-0.00022410026576835662, 0.0014809975400567055, -0.0013915915042161942, 0.003994714468717575, -0.0015150009421631694, 0.0006506402278319001, -0.00021184521028771996, 0.0008766817045398057, -0.0017352637369185686, 0.0010532992891967297, -0.0006561087793670595, 0.0019572312012314796, -0.0010714239906519651], [0.0005182085442356765, -0.0024730684235692024, 0.0008667745860293508, -0.0015150009421631694, 0.007218170445412397, 0.0006368360482156277, 0.0019742604345083237, -0.0017863152315840125, -0.00013554911129176617, -0.00269882520660758, -0.000301820517051965, -0.0008213619003072381, 0.002126450650393963], [-7.804207598383073e-06, 0.0005147451302036643, -0.0023995807860046625, 0.0006506402278319001, 0.0006368360482156277, 0.006525005213916302, -0.0003399530833121389, 0.0004177273076493293, 0.0005239789024926722, -0.0015132067492231727, 0.0002753142034634948, 0.0021845095325261354, 0.0016329544596374035], [0.00038488995051011443, -0.0008055755752138793, 0.0011090165935456753, -0.00021184521028771996, 0.0019742604345083237, -0.0003399530833121389, 0.004822865128517151, -0.0008982086437754333, -0.0005052947672083974, -0.00012772345507983118, -0.0015796442748978734, -0.0006821890128776431, 0.001973685109987855], [-0.00012726768909487873, 0.001648972393013537, -0.0004487132537178695, 0.0008766817045398057, -0.0017863152315840125, 0.0004177273076493293, -0.0008982086437754333, 0.009751101955771446, -0.0017288434319198132, 0.002588302595540881, 0.000719752162694931, -7.053836452541873e-05, 0.0001483392552472651], [6.85403065290302e-05, -0.0004985241685062647, 0.0021941966842859983, -0.0017352637369185686, -0.00013554911129176617, 0.0005239789024926722, -0.0005052947672083974, -0.0017288434319198132, 0.01103321835398674, -0.0026750073302537203, -0.0001912568841362372, 3.3658208849374205e-05, -0.001727505587041378], [-0.00015311739116441458, 0.0025593352038413286, -0.000296639307634905, 0.0010532992891967297, -0.00269882520660758, -0.0015132067492231727, -0.00012772345507983118, 0.002588302595540881, -0.0026750073302537203, 0.01207769475877285, -0.0024333938490599394, 0.0014735370641574264, -0.00028737063985317945], [0.0003745584690477699, -0.0010205837897956371, 0.0011256702709943056, -0.0006561087793670595, -0.000301820517051965, 0.0002753142034634948, -0.0015796442748978734, 0.000719752162694931, -0.0001912568841362372, -0.0024333938490599394, 0.010576487518846989, -0.0025860010646283627, -0.001070865080691874], [-0.0005404071998782456, 0.001986545277759433, -0.0022254083305597305, 0.0019572312012314796, -0.0008213619003072381, 0.0021845095325261354, -0.0006821890128776431, -7.053836452541873e-05, 3.3658208849374205e-05, 0.0014735370641574264, -0.0025860010646283627, 0.0126237403601408, -0.003331216052174568], [0.0006979773752391338, -0.0013301591388881207, 0.0005399080691859126, -0.0010714239906519651, 0.002126450650393963, 0.0016329544596374035, 0.001973685109987855, 0.0001483392552472651, -0.001727505587041378, -0.00028737063985317945, -0.001070865080691874, -0.003331216052174568, 0.012619421817362309]], "lowlevel.mfcc.cov": [[9263.8994140625, -3974.343017578125, 1150.0421142578125, -149.39515686035156, -383.11138916015625, 183.9371337890625, -686.5000610351562, 116.1871109008789, 69.90888977050781, -227.23721313476562, 178.44371032714844, -121.59141540527344, -337.329345703125], [-3974.343017578125, 4018.875244140625, -1794.168212890625, 117.0899429321289, 149.031494140625, -387.0528259277344, 323.4167175292969, -46.95450973510742, -105.53433990478516, 91.93140411376953, -37.255462646484375, 83.76055908203125, 155.29940795898438], [1150.0421142578125, -1794.168212890625, 1556.2889404296875, -215.15975952148438, 10.854755401611328, 345.0605163574219, -49.94587326049805, 54.59536361694336, 22.41962242126465, -110.22392272949219, -61.801002502441406, -105.20738220214844, -95.00743865966797], [-149.39515686035156, 117.0899429321289, -215.15975952148438, 371.39959716796875, 62.875152587890625, -67.98765563964844, -16.637557983398438, -14.560783386230469, 13.631744384765625, 34.81695556640625, -13.219268798828125, -1.0008814334869385, 83.56256103515625], [-383.11138916015625, 149.031494140625, 10.854755401611328, 62.875152587890625, 359.67340087890625, 5.490015506744385, -33.440528869628906, -71.89446258544922, -10.957132339477539, -0.5701408982276917, -31.552385330200195, -30.18221092224121, 26.46084976196289], [183.9371337890625, -387.0528259277344, 345.0605163574219, -67.98765563964844, 5.490015506744385, 261.83258056640625, 25.88422966003418, -27.744277954101562, 4.563470363616943, -0.25806117057800293, 22.729259490966797, 13.963231086730957, -43.67634201049805], [-686.5000610351562, 323.4167175292969, -49.94587326049805, -16.637557983398438, -33.440528869628906, 25.88422966003418, 210.2884979248047, 22.38713836669922, -28.33479881286621, 41.37063217163086, 4.175670146942139, 50.19442367553711, 12.29393196105957], [116.1871109008789, -46.95450973510742, 54.59536361694336, -14.560783386230469, -71.89446258544922, -27.744277954101562, 22.38713836669922, 164.80960083007812, 6.836215972900391, -17.704471588134766, 1.9463253021240234, -3.2112197875976562, -18.154878616333008], [69.90888977050781, -105.53433990478516, 22.41962242126465, 13.631744384765625, -10.957132339477539, 4.563470363616943, -28.33479881286621, 6.836215972900391, 115.10316467285156, 14.541678428649902, 9.245085716247559, 3.5484564304351807, -18.63100242614746], [-227.23721313476562, 91.93140411376953, -110.22392272949219, 34.81695556640625, -0.5701408982276917, -0.25806117057800293, 41.37063217163086, -17.704471588134766, 14.541678428649902, 152.94424438476562, 21.817520141601562, 30.688444137573242, 10.26362133026123], [178.44371032714844, -37.255462646484375, -61.801002502441406, -13.219268798828125, -31.552385330200195, 22.729259490966797, 4.175670146942139, 1.9463253021240234, 9.245085716247559, 21.817520141601562, 125.08648681640625, 31.307174682617188, -38.05915451049805], [-121.59141540527344, 83.76055908203125, -105.20738220214844, -1.0008814334869385, -30.18221092224121, 13.963231086730957, 50.19442367553711, -3.2112197875976562, 3.5484564304351807, 30.688444137573242, 31.307174682617188, 128.45033264160156, 27.059364318847656], [-337.329345703125, 155.29940795898438, -95.00743865966797, 83.56256103515625, 26.46084976196289, -43.67634201049805, 12.29393196105957, -18.154878616333008, -18.63100242614746, 10.26362133026123, -38.05915451049805, 27.059364318847656, 162.2360382080078]], "lowlevel.mfcc.icov": [[0.000271612690994516, 0.0002839679364115, 0.0001654847146710381, 1.0162865692109335e-05, 0.00015870061179157346, 5.837462140334537e-06, 0.0005207989597693086, -0.00012239735224284232, 0.0002505068259779364, 0.00018040082068182528, -0.00014649078366346657, -3.916680725524202e-05, 0.0002966473693959415], [0.0002839679364115, 0.001079482608474791, 0.0011680651223286986, 0.00038891969597898424, -0.0002826401323545724, -4.053767042933032e-05, -0.0006246906123124063, -0.00023387421970255673, 0.0002916946541517973, 0.0004944722168147564, 0.00029247597558423877, 0.0004850545374210924, 8.71038