{"song_id": "1182270402119077998", "download": "https://cdn.discordapp.com/attachments/1128313332273782784/1182270402119077998/chirp.mp4?ex=6584161d&amp", "lyrics": "bananas\n\n[verse]\nIn the jungle, where the trees sway tall\nFriends gather 'neath the sunlight's gall\nEating bananas, a joyous call\nVoices harmonize, together we enthrall\n\n[chorus]\nOh, we dance and sing in the wild\nBeneath the stars in the nighttime mild\nTogether we feast, forever beguiled\nEating bananas with friends, our ecstasy compiled", "style": ["rap"], "essentia_features": {"lowlevel.average_loudness": 0.7418975830078125, "lowlevel.barkbands_crest.mean": 11.255843162536621, "lowlevel.barkbands_crest.stdev": 3.8498756885528564, "lowlevel.barkbands_flatness_db.mean": 0.20004470646381378, "lowlevel.barkbands_flatness_db.stdev": 0.05320434644818306, "lowlevel.barkbands_kurtosis.mean": 17.149641036987305, "lowlevel.barkbands_kurtosis.stdev": 17.465341567993164, "lowlevel.barkbands_skewness.mean": 2.78137469291687, "lowlevel.barkbands_skewness.stdev": 1.875373125076294, "lowlevel.barkbands_spread.mean": 18.342487335205078, "lowlevel.barkbands_spread.stdev": 27.297645568847656, "lowlevel.dissonance.mean": 0.43523842096328735, "lowlevel.dissonance.stdev": 0.05161372944712639, "lowlevel.dynamic_complexity": 6.588066577911377, "lowlevel.erbbands_crest.mean": 13.271367073059082, "lowlevel.erbbands_crest.stdev": 6.017850875854492, "lowlevel.erbbands_flatness_db.mean": 0.16267931461334229, "lowlevel.erbbands_flatness_db.stdev": 0.05777549743652344, "lowlevel.erbbands_kurtosis.mean": 5.645134449005127, "lowlevel.erbbands_kurtosis.stdev": 9.663040161132812, "lowlevel.erbbands_skewness.mean": 1.4260016679763794, "lowlevel.erbbands_skewness.stdev": 1.337807297706604, "lowlevel.erbbands_spread.mean": 41.75983428955078, "lowlevel.erbbands_spread.stdev": 29.93682098388672, "lowlevel.hfc.mean": 11.347831726074219, "lowlevel.hfc.stdev": 16.294151306152344, "lowlevel.loudness_ebu128.integrated": -24.68964958190918, "lowlevel.loudness_ebu128.loudness_range": 6.261114120483398, "lowlevel.loudness_ebu128.momentary.mean": -27.48500633239746, "lowlevel.loudness_ebu128.momentary.stdev": 10.439703941345215, "lowlevel.loudness_ebu128.short_term.mean": -25.56866455078125, "lowlevel.loudness_ebu128.short_term.stdev": 2.215682029724121, "lowlevel.melbands_crest.mean": 17.123302459716797, "lowlevel.melbands_crest.stdev": 4.980652809143066, "lowlevel.melbands_flatness_db.mean": 0.26462873816490173, "lowlevel.melbands_flatness_db.stdev": 0.07296444475650787, "lowlevel.melbands_kurtosis.mean": 37.28996658325195, "lowlevel.melbands_kurtosis.stdev": 46.049713134765625, "lowlevel.melbands_skewness.mean": 3.6719045639038086, "lowlevel.melbands_skewness.stdev": 2.605593681335449, "lowlevel.melbands_spread.mean": 16.25501823425293, "lowlevel.melbands_spread.stdev": 32.729148864746094, "lowlevel.pitch_salience.mean": 0.5251973271369934, "lowlevel.pitch_salience.stdev": 0.11272753775119781, "lowlevel.silence_rate_20dB.mean": 1.0, "lowlevel.silence_rate_20dB.stdev": 0.0, "lowlevel.silence_rate_30dB.mean": 0.9965517520904541, "lowlevel.silence_rate_30dB.stdev": 0.05862075835466385, "lowlevel.silence_rate_60dB.mean": 0.17448276281356812, "lowlevel.silence_rate_60dB.stdev": 0.37952080368995667, "lowlevel.spectral_centroid.mean": 799.73681640625, "lowlevel.spectral_centroid.stdev": 810.2830200195312, "lowlevel.spectral_complexity.mean": 6.695172309875488, "lowlevel.spectral_complexity.stdev": 4.492850303649902, "lowlevel.spectral_decrease.mean": -4.513158291530317e-09, "lowlevel.spectral_decrease.stdev": 5.24480991970222e-09, "lowlevel.spectral_energy.mean": 0.018062982708215714, "lowlevel.spectral_energy.stdev": 0.02099018730223179, "lowlevel.spectral_energyband_high.mean": 0.0004433623980730772, "lowlevel.spectral_energyband_high.stdev": 0.0011865748092532158, "lowlevel.spectral_energyband_low.mean": 0.004092813469469547, "lowlevel.spectral_energyband_low.stdev": 0.0052306167781353, "lowlevel.spectral_energyband_middle_high.mean": 0.004025300033390522, "lowlevel.spectral_energyband_middle_high.stdev": 0.012308302335441113, "lowlevel.spectral_energyband_middle_low.mean": 0.010445868596434593, "lowlevel.spectral_energyband_middle_low.stdev": 0.013553722761571407, "lowlevel.spectral_entropy.mean": 7.233317852020264, "lowlevel.spectral_entropy.stdev": 0.652809202671051, "lowlevel.spectral_flux.mean": 0.061162423342466354, "lowlevel.spectral_flux.stdev": 0.048451416194438934, "lowlevel.spectral_kurtosis.mean": 4.9881486892700195, "lowlevel.spectral_kurtosis.stdev": 3.854882001876831, "lowlevel.spectral_rms.mean": 0.0035782938357442617, "lowlevel.spectral_rms.stdev": 0.0021950413938611746, "lowlevel.spectral_rolloff.mean": 1345.3656005859375, "lowlevel.spectral_rolloff.stdev": 2773.739013671875, "lowlevel.spectral_skewness.mean": 1.8566975593566895, "lowlevel.spectral_skewness.stdev": 0.7014035582542419, "lowlevel.spectral_spread.mean": 6118109.5, "lowlevel.spectral_spread.stdev": 2310585.75, "lowlevel.spectral_strongpeak.mean": 0.9705612659454346, "lowlevel.spectral_strongpeak.stdev": 1.6201726198196411, "lowlevel.zerocrossingrate.mean": 0.06191035732626915, "lowlevel.zerocrossingrate.stdev": 0.07766173034906387, "metadata.audio_properties.analysis.equal_loudness": 0.0, "metadata.audio_properties.analysis.length": 33.64265441894531, "metadata.audio_properties.analysis.sample_rate": 44100.0, "metadata.audio_properties.analysis.start_time": 0.0, "metadata.audio_properties.bit_rate": 114395.0, "metadata.audio_properties.length": 33.64266586303711, "metadata.audio_properties.lossless": 0.0, "metadata.audio_properties.number_channels": 1.0, "metadata.audio_properties.replay_gain": -4.282297134399414, "metadata.audio_properties.sample_rate": 48000.0, "rhythm.beats_count": 66.0, "rhythm.beats_loudness.mean": 0.026824986562132835, "rhythm.beats_loudness.stdev": 0.020056884735822678, "rhythm.bpm": 119.17872619628906, "rhythm.bpm_histogram_first_peak_bpm": 120.0, "rhythm.bpm_histogram_first_peak_weight": 0.40000003576278687, "rhythm.bpm_histogram_second_peak_bpm": 0.0, "rhythm.bpm_histogram_second_peak_spread": 0.0, "rhythm.bpm_histogram_second_peak_weight": 0.0, "rhythm.danceability": 1.104262113571167, "rhythm.onset_rate": 5.348018646240234, "tonal.chords_changes_rate": 0.05096418783068657, "tonal.chords_number_rate": 0.005509641952812672, "tonal.chords_strength.mean": 0.6044455170631409, "tonal.chords_strength.stdev": 0.07650954276323318, "tonal.hpcp_crest.mean": 12.697829246520996, "tonal.hpcp_crest.stdev": 7.01806116104126, "tonal.hpcp_entropy.mean": 2.072768449783325, "tonal.hpcp_entropy.stdev": 0.8549710512161255, "tonal.key_edma.strength": 0.5844888091087341, "tonal.key_krumhansl.strength": 0.5856118202209473, "tonal.key_temperley.strength": 0.5746667385101318, "tonal.tuning_diatonic_strength": 0.5095175504684448, "tonal.tuning_equal_tempered_deviation": 0.24812646210193634, "tonal.tuning_frequency": 450.02447509765625, "tonal.tuning_nontempered_energy_ratio": 0.9002544283866882, "lowlevel.barkbands.mean": [4.2611322896846104e-06, 0.0009617683826945722, 0.002219859044998884, 0.0025830946397036314, 0.0037197533529251814, 0.0014706479851156473, 0.0007839487516321242, 0.0008187599014490843, 0.0009869439527392387, 0.00321233575232327, 0.00022135158360470086, 0.00012232559674885124, 0.00015006898320280015, 0.00013413256965577602, 5.8917812566505745e-05, 2.586707159935031e-05, 4.773815089720301e-05, 4.90321617689915e-05, 2.5908004317898303e-05, 3.996212763013318e-05, 3.2349165849154815e-05, 8.420350059168413e-05, 0.00013111317821312696, 5.2193430747138336e-05, 6.033708268660121e-05, 6.610120908590034e-05, 1.999644716477178e-08], "lowlevel.barkbands.stdev": [1.287434952246258e-05, 0.0011564107844606042, 0.002806951990351081, 0.006203966680914164, 0.005075486842542887, 0.00204260740429163, 0.0033533715177327394, 0.002745162695646286, 0.0032913892064243555, 0.011442570947110653, 0.0008338433690369129, 0.00045592349488288164, 0.0005357386544346809, 0.000734729808755219, 0.00026770521071739495, 8.719239849597216e-05, 0.00015250597789417952, 0.00025222223484888673, 7.128566358005628e-05, 0.00010007381933974102, 9.107020014198497e-05, 0.00033083304879255593, 0.0005511760828085244, 0.00013655313523486257, 0.0001278737181564793, 0.00015302278916351497, 2.7710950689652236e-07], "lowlevel.erbbands.mean": [0.006112666800618172, 0.3260299861431122, 2.5599420070648193, 4.964310646057129, 10.439571380615234, 8.78801155090332, 25.070735931396484, 7.565577983856201, 9.573251724243164, 14.995094299316406, 17.946313858032227, 26.02519989013672, 47.69015121459961, 84.19458770751953, 11.938580513000488, 4.9884772300720215, 6.362464904785156, 7.8653717041015625, 4.7313103675842285, 1.9457831382751465, 1.5367412567138672, 2.8873181343078613, 3.0929129123687744, 1.282521367073059, 1.7148756980895996, 1.778826117515564, 1.3198670148849487, 1.4889867305755615, 2.8661718368530273, 4.2314605712890625, 3.178006410598755, 1.1607903242111206, 0.9799596071243286, 0.5900079011917114, 0.48517245054244995, 0.3801717460155487, 0.10702098160982132, 0.0057769822888076305, 0.00013281185238156468, 2.85820660792524e-05], "lowlevel.erbbands.stdev": [0.008304638788104057, 0.38048282265663147, 3.0083892345428467, 10.757551193237305, 21.938671112060547, 14.463977813720703, 30.419998168945312, 16.131851196289062, 41.27640914916992, 54.6090202331543, 60.985782623291016, 88.3679428100586, 166.15074157714844, 304.4206848144531, 40.22492218017578, 16.611738204956055, 21.067031860351562, 38.07448959350586, 20.78062629699707, 5.571343421936035, 5.326845169067383, 8.990771293640137, 15.719951629638672, 3.846142053604126, 4.4589924812316895, 4.649867057800293, 3.3075077533721924, 4.8299102783203125, 11.728567123413086, 18.50483512878418, 12.781234741210938, 3.8400633335113525, 2.484461545944214, 1.4012638330459595, 1.0330957174301147, 0.8978720307350159, 0.24821166694164276, 0.01389028038829565, 0.0002859616361092776, 3.440208456595428e-05], "lowlevel.gfcc.mean": [-97.2796630859375, 89.34681701660156, -74.82526397705078, 28.93390655517578, -69.56362915039062, 15.86593246459961, -43.7635612487793, 4.02979850769043, -36.330810546875, -4.838099479675293, -23.78752899169922, 1.8340203762054443, -12.593705177307129], "lowlevel.melbands.mean": [0.00014675485726911575, 0.0009952064137905836, 0.0011098136892542243, 0.0006317080114968121, 0.0008007707074284554, 0.0001826478255679831, 0.0001504092215327546, 0.00017435071640647948, 0.00014233961701393127, 0.00015551784599665552, 0.0002754329179879278, 0.00040267352596856654, 3.2124127756105736e-05, 1.745384906826075e-05, 1.04440687209717e-05, 1.6251988199655898e-05, 1.4503590136882849e-05, 8.196088856493589e-06, 3.575069285943755e-06, 1.9066089862462832e-06, 1.6949728660620167e-06, 2.702304755075602e-06, 3.71870146409492e-06, 1.8683365397009766e-06, 9.169035593004082e-07, 1.0057357258119737e-06, 1.572108772052161e-06, 1.073851990440744e-06, 8.232708523792098e-07, 7.756763125144062e-07, 8.772886985752848e-07, 1.486206542722357e-06, 1.9326084839121904e-06, 2.6878485641645966e-06, 1.9665747004182776e-06, 1.2042507933074376e-06, 5.580412789640832e-07, 7.95239088802191e-07, 4.595030418386159e-07, 5.108168465994822e-07], "lowlevel.melbands.stdev": [0.00018022135191131383, 0.0011599918361753225, 0.002288315910845995, 0.0010976787889376283, 0.0009789655450731516, 0.0003783680440392345, 0.0006401019054464996, 0.000570218195207417, 0.00046745053259655833, 0.0005468184826895595, 0.0010011456906795502, 0.0014518043026328087, 0.00011723284842446446, 6.216226029209793e-05, 3.940482929465361e-05, 6.355917867040262e-05, 7.959807408042252e-05, 3.84138293156866e-05, 1.4215213923307601e-05, 5.848507043992868e-06, 5.918211627431447e-06, 8.520782103005331e-06, 1.532694477646146e-05, 9.940962627297267e-06, 2.52120298682712e-06, 2.9391355838015443e-06, 4.127577085455414e-06, 2.9563823318312643e-06, 2.1634643871948356e-06, 2.2172457647684496e-06, 3.113287903033779e-06, 5.944167241977993e-06, 8.375541256100405e-06, 1.2413390322763007e-05, 7.906400242063683e-06, 5.08294760948047e-06, 1.5779015711814282e-06, 2.1074479263916146e-06, 1.0796178457894712e-06, 1.2624493592738872e-06], "lowlevel.melbands128.mean": [2.6330919808970066e-06, 1.086644442693796e-05, 7.194744830485433e-05, 0.0006450766231864691, 0.0013977588387206197, 0.000896340876352042, 0.0008249618113040924, 0.0015129507519304752, 0.0011209130752831697, 0.0004054658056702465, 0.000345360953360796, 0.0009274862823076546, 0.00116169941611588, 0.00031166887492872775, 0.00013998571375850588, 0.00011104439909104258, 0.00012077109568053856, 0.00017570378258824348, 0.00015967359649948776, 0.00016745303582865745, 0.00017776685126591474, 0.0002007889561355114, 9.833544754656032e-05, 0.00013185010175220668, 0.00021308596478775144, 0.00014970712072681636, 6.943758489796892e-05, 7.914159505162388e-05, 0.0006603404763154685, 0.0007492594886571169, 0.00017745315562933683, 1.943723691510968e-05, 2.8583301173057407e-05, 3.911193925887346e-05, 1.8537897631176747e-05, 1.2601108210219536e-05, 1.0716726137616206e-05, 9.732221769809257e-06, 1.0433418538013939e-05, 1.341495408269111e-05, 2.1922702217125334e-05, 1.3251842574391048e-05, 1.5277802958735265e-05, 1.569562118675094e-05, 8.2069700511056e-06, 8.13142196420813e-06, 6.20545688434504e-06, 3.5453442706057103e-06, 2.5004628696478903e-06, 2.2358806290867506e-06, 1.605844317964511e-06, 1.9015052430404467e-06, 1.688307520453236e-06, 1.4621522268498666e-06, 2.0160396161372773e-06, 2.5913975605362793e-06, 3.5734281027544057e-06, 3.703352149386774e-06, 4.197429916530382e-06, 3.046437086595688e-06, 1.699562972135027e-06, 9.631355624151183e-07, 9.880027391773183e-07, 8.730705758352997e-07, 8.718072876945371e-07, 8.741174610804592e-07, 1.117553665608284e-06, 1.5317699535444262e-06, 1.8903480167864473e-06, 1.373401801174623e-06, 9.96966036836966e-07, 9.75132707026205e-07, 8.864206506586925e-07, 7.970723459038709e-07, 7.502451921936881e-07, 7.052788077999139e-07, 9.000900149658264e-07, 7.117770337572438e-07, 7.594818498546374e-07, 1.1124749335067463e-06, 1.413888298884558e-06, 1.5065201068864553e-06, 2.025307594522019e-06, 1.983142510653124e-06, 1.7429713352612453e-06, 2.572562380009913e-06, 3.065447572225821e-06, 2.9096347589074867e-06, 1.488239831815008e-06, 1.7552576991874957e-06, 1.7109060763687012e-06, 1.0453818504174706e-06, 3.9723644817968307e-07, 3.5029003697673033e-07, 7.714650678281032e-07, 9.17015540835564e-07, 8.350241955668025e-07, 6.036809168108448e-07, 3.6005332049171557e-07, 4.6082217863840924e-07, 4.873409693573194e-07, 6.528337053168798e-07, 3.3616231576161226e-07, 3.02302083809991e-07, 4.4198313275956025e-07, 9.082195902010426e-07, 5.76505101435032e-07, 5.846926001140673e-07, 7.328064270950563e-07, 7.726366675342433e-07, 5.216858198764385e-07, 5.245991587798926e-07, 2.761175323939824e-07, 1.8412679025914258e-07, 1.304921966038819e-07, 1.5603388803242524e-08, 1.140234129337614e-09, 7.0926584917752056e-12, 3.2232922927977192e-12, 3.1138377466766176e-12, 3.0071791411179216e-12, 2.963909933456632e-12, 2.927406147351652e-12, 2.857624293445271e-12, 2.650819234256696e-12, 2.316661836324063e-12, 2.1356200228389577e-12, 2.100284139314179e-12], "lowlevel.melbands128.stdev": [7.774428013362922e-06, 2.6765530492411926e-05, 0.00014625024050474167, 0.0007759834988974035, 0.0016294872621074319, 0.0012727088760584593, 0.002007562667131424, 0.003606147598475218, 0.0024788696318864822, 0.0009848476620391011, 0.0008240980678237975, 0.0012582862982526422, 0.001445253030396998, 0.00043013307731598616, 0.0003869395877700299, 0.0005914184148423374, 0.0007761417655274272, 0.0009016949334181845, 0.0009461812442168593, 0.0007942019146867096, 0.0006303625414147973, 0.0008285949006676674, 0.0005346794496290386, 0.0006356748635880649, 0.0009000744321383536, 0.0006973071722313762, 0.0004607903538271785, 0.0004538422217592597, 0.0028712921775877476, 0.0029193193186074495, 0.0010176722425967455, 7.511180592700839e-05, 0.00013347319327294827, 0.00023027697170618922, 8.315232844324782e-05, 4.95293534186203e-05, 5.9433910791995004e-05, 5.1174600230297074e-05, 5.554040762945078e-05, 5.530520502361469e-05, 0.00011829144932562485, 6.448107160395011e-05, 0.00011936004739254713, 0.00011782173532992601, 5.8755420468514785e-05, 4.9455786211183295e-05, 3.846402250928804e-05, 1.8445049136062153e-05, 8.432873983110767e-06, 5.888329724257346e-06, 4.9120485527964775e-06, 1.1577936675166711e-05, 6.529309303004993e-06, 4.193924269202398e-06, 8.088376489467919e-06, 9.749165656103287e-06, 1.2801827324437909e-05, 1.441809035895858e-05, 2.3838132619857788e-05, 2.063567444565706e-05, 8.90303090272937e-06, 3.5514960927685024e-06, 2.9088594146742253e-06, 2.2282497411652002e-06, 2.742589458648581e-06, 2.8928398023708723e-06, 3.734598521987209e-06, 4.2394531192258e-06, 5.720943590858951e-06, 4.165755399299087e-06, 3.6175949844619026e-06, 2.8368106086418265e-06, 2.198469019276672e-06, 2.743977120189811e-06, 2.5767528768483317e-06, 1.908382728288416e-06, 3.1848210255702725e-06, 2.480269813531777e-06, 3.1302629395213444e-06, 4.4103098844061606e-06, 5.71050895814551e-06, 6.192105047375662e-06, 1.1198848369531333e-05, 9.000556929095183e-06, 7.058366918499814e-06, 1.3445787772070616e-05, 1.54208428284619e-05, 1.3556089470512234e-05, 5.444485850603087e-06, 8.15869225334609e-06, 7.978583198564593e-06, 4.292425273888512e-06, 1.481798449276539e-06, 1.0894788147197687e-06, 2.1898408704146277e-06, 2.572410039647366e-06, 2.5424244540772634e-06, 1.6358364973712014e-06, 8.035252676563687e-07, 1.3521429309548694e-06, 1.3564507526098168e-06, 1.7181706652991124e-06, 8.398524187214207e-07, 7.206920713542786e-07, 9.458719887334155e-07, 2.2520889615407214e-06, 1.3512280929717235e-06, 1.5048175328047364e-06, 1.8489625972506474e-06, 2.056338416878134e-06, 1.2627318710656255e-06, 1.4675100601380109e-06, 6.857815151306568e-07, 4.636102630684036e-07, 3.8224229115257913e-07, 6.763146132016118e-08, 1.2475418920132597e-08, 7.61132892823646e-11, 5.333371765059436e-12, 5.164783531408368e-12, 5.020241167219552e-12, 4.902343721940872e-12, 4.7937587059621034e-12, 4.704487667483992e-12, 4.631388588610674e-12, 4.573817453251694e-12, 4.528263181091674e-12, 4.502338606104939e-12], "lowlevel.mfcc.mean": [-745.9872436523438, 125.66732788085938, 40.29269027709961, 20.04780387878418, 1.6159781217575073, 6.11113977432251, -0.4509469270706177, 5.097104549407959, -6.461661338806152, -4.566267013549805, -8.707868576049805, -8.57560920715332, -7.276876926422119], "lowlevel.spectral_contrast_coeffs.mean": [-0.667420506477356, -0.7843232154846191, -0.7897124290466309, -0.8451039791107178, -0.8409953117370605, -0.7875117659568787], "lowlevel.spectral_contrast_coeffs.stdev": [0.08106973767280579, 0.09194853901863098, 0.10126116126775742, 0.05316167324781418, 0.03992852196097374, 0.05088673159480095], "lowlevel.spectral_contrast_valleys.mean": [-7.252276420593262, -7.666470050811768, -8.295417785644531, -8.860982894897461, -8.764129638671875, -11.0403413772583], "lowlevel.spectral_contrast_valleys.stdev": [1.8298842906951904, 1.632991075515747, 1.46957528591156, 1.3659487962722778, 1.3307994604110718, 1.4250112771987915], "rhythm.beats_loudness_band_ratio.mean": [0.4615623652935028, 0.328446626663208, 0.11574945598840714, 0.09425883740186691, 0.012641394510865211, 0.04589802399277687], "rhythm.beats_loudness_band_ratio.stdev": [0.23692594468593597, 0.2079789638519287, 0.1639988273382187, 0.19374164938926697, 0.01624797284603119, 0.08660979568958282], "tonal.hpcp.mean": [0.046376775950193405, 0.023764194920659065, 0.01820293441414833, 0.028792470693588257, 0.0470006950199604, 0.04635582119226456, 0.03477976843714714, 0.03215567395091057, 0.02567364275455475, 0.02375398576259613, 0.03499633073806763, 0.12229064106941223, 0.44171738624572754, 0.43319419026374817, 0.10957727581262589, 0.03744029626250267, 0.031650640070438385, 0.029387250542640686, 0.040578071027994156, 0.07092840224504471, 0.09568645805120468, 0.11802701652050018, 0.14777566492557526, 0.12427564710378647, 0.10044369846582413, 0.12410780042409897, 0.10169660300016403, 0.05104238912463188, 0.03725026547908783, 0.03303295746445656, 0.07571981847286224, 0.29434698820114136, 0.43693307042121887, 0.2589043974876404, 0.08836763352155685, 0.06262648850679398], "tonal.hpcp.stdev": [0.1539960354566574, 0.09244966506958008, 0.07679888606071472, 0.10383471101522446, 0.12599074840545654, 0.11406612396240234, 0.11287356913089752, 0.11284903436899185, 0.0961882546544075, 0.07817996293306351, 0.11118851602077484, 0.19028133153915405, 0.36202073097229004, 0.36645153164863586, 0.16461949050426483, 0.1435379534959793, 0.12500974535942078, 0.11194633692502975, 0.13134390115737915, 0.1920234113931656, 0.22978651523590088, 0.2471814900636673, 0.27815207839012146, 0.24274413287639618, 0.20642834901809692, 0.2499641329050064, 0.22383491694927216, 0.14917828142642975, 0.12228860706090927, 0.1099642813205719, 0.16765065491199493, 0.3206770718097687, 0.3732106685638428, 0.30206477642059326, 0.1971208155155182, 0.18299129605293274], "rhythm.beats_position": [0.4992290139198303, 1.0100680589675903, 1.5092970132827759, 2.0201361179351807, 2.519365072250366, 3.0185940265655518, 3.529433012008667, 4.028662204742432, 4.527891159057617, 5.038730144500732, 5.549569129943848, 6.048798084259033, 6.548027038574219, 7.058866024017334, 7.5580949783325195, 8.057324409484863, 8.56816291809082, 9.079002380371094, 9.578230857849121, 10.077460289001465, 10.588298797607422, 11.087528228759766, 11.586756706237793, 12.085986137390137, 12.58521556854248, 13.096054077148438, 13.606893539428711, 14.106122016906738, 14.605351448059082, 15.10457992553711, 15.603809356689453, 16.114648818969727, 16.613876342773438, 17.11310577392578, 17.623945236206055, 18.1231746673584, 18.622404098510742, 19.133241653442383, 19.632471084594727, 20.13170051574707, 20.630929946899414, 21.141767501831055, 21.6409969329834, 22.151836395263672, 22.651065826416016, 23.15029525756836, 23.64952278137207, 24.148752212524414, 24.647981643676758, 25.15882110595703, 25.658048629760742, 26.168888092041016, 26.67972755432129, 27.178956985473633, 27.678184509277344, 28.189023971557617, 28.67664337158203, 29.187482833862305, 29.698322296142578, 30.19754981994629, 30.696779251098633, 31.196008682250977, 31.69523811340332, 32.206077575683594, 32.716915130615234, 33.227752685546875], "rhythm.bpm_histogram": [0.0, 0.0, 0.0, 0.0, 0.0, 0.0, 0.0, 0.0, 0.0, 0.0, 0.0, 0.0, 0.0, 0.0, 0.0, 0.0, 0.0, 0.0, 0.0, 0.0, 0.0, 0.0, 0.0, 0.0, 0.0, 0.0, 0.0, 0.0, 0.0, 0.0, 0.0, 0.0, 0.0, 0.0, 0.0, 0.0, 0.0, 0.0, 0.0, 0.0, 0.0, 0.0, 0.0, 0.0, 0.0, 0.0, 0.0, 0.0, 0.0, 0.0, 0.0, 0.0, 0.0, 0.0, 0.0, 0.0, 0.0, 0.0, 0.0, 0.0, 0.0, 0.0, 0.0, 0.0, 0.0, 0.0, 0.0, 0.0, 0.0, 0.0, 0.0, 0.0, 0.0, 0.0, 0.0, 0.0, 0.0, 0.0, 0.0, 0.0, 0.0, 0.0, 0.0, 0.0, 0.0, 0.0, 0.0, 0.0, 0.0, 0.0, 0.0, 0.0, 0.0, 0.0, 0.0, 0.0, 0.0, 0.0, 0.0, 0.0, 0.0, 0.0, 0.0, 0.0, 0.0, 0.0, 0.0, 0.0, 0.0, 0.0, 0.0, 0.0, 0.0, 0.0, 0.0, 0.0, 0.0, 0.38461539149284363, 0.0, 0.0, 0.6000000238418579, 0.0, 0.0, 0.015384615398943424, 0.0, 0.0, 0.0, 0.0, 0.0, 0.0, 0.0, 0.0, 0.0, 0.0, 0.0, 0.0, 0.0, 0.0, 0.0, 0.0, 0.0, 0.0, 0.0, 0.0, 0.0, 0.0, 0.0, 0.0, 0.0, 0.0, 0.0, 0.0, 0.0, 0.0, 0.0, 0.0, 0.0, 0.0, 0.0, 0.0, 0.0, 0.0, 0.0, 0.0, 0.0, 0.0, 0.0, 0.0, 0.0, 0.0, 0.0, 0.0, 0.0, 0.0, 0.0, 0.0, 0.0, 0.0, 0.0, 0.0, 0.0, 0.0, 0.0, 0.0, 0.0, 0.0, 0.0, 0.0, 0.0, 0.0, 0.0, 0.0, 0.0, 0.0, 0.0, 0.0, 0.0, 0.0, 0.0, 0.0, 0.0, 0.0, 0.0, 0.0, 0.0, 0.0, 0.0, 0.0, 0.0, 0.0, 0.0, 0.0, 0.0, 0.0, 0.0, 0.0, 0.0, 0.0, 0.0, 0.0, 0.0, 0.0, 0.0, 0.0, 0.0, 0.0, 0.0, 0.0, 0.0, 0.0, 0.0, 0.0, 0.0, 0.0, 0.0, 0.0, 0.0, 0.0, 0.0, 0.0, 0.0, 0.0, 0.0, 0.0, 0.0, 0.0, 0.0, 0.0, 0.0, 0.0], "tonal.chords_histogram": [71.07437896728516, 0.0, 0.0, 0.0, 0.0, 0.0, 0.0, 0.0, 0.0, 0.5509641766548157, 4.407713413238525, 0.6887052059173584, 0.41322314739227295, 0.27548208832740784, 0.0, 0.0, 1.6528925895690918, 20.38567543029785, 0.5509641766548157, 0.0, 0.0, 0.0, 0.0, 0.0], "tonal.thpcp": [1.0, 0.9807044267654419, 0.24807099997997284, 0.08476074784994125, 0.07165359705686569, 0.0665295273065567, 0.09186432510614395, 0.16057416796684265, 0.2166237086057663, 0.2672002911567688, 0.3345479965209961, 0.28134649991989136, 0.22739358246326447, 0.28096652030944824, 0.23023001849651337, 0.11555440723896027, 0.08433053642511368, 0.07478301227092743, 0.17142140865325928, 0.6663694977760315, 0.9891688227653503, 0.5861313343048096, 0.20005469024181366, 0.14177954196929932, 0.10499196499586105, 0.053799547255039215, 0.04120945930480957, 0.06518301367759705, 0.10640444606542587, 0.10494452714920044, 0.07873760163784027, 0.07279694080352783, 0.05812232941389084, 0.05377643555402756, 0.07922787964344025, 0.27685266733169556], "lowlevel.gfcc.cov": [[25272.986328125, 2691.0927734375, 406.36077880859375, -379.4191589355469, -1001.215087890625, -39.394195556640625, -908.7421264648438, 251.1907196044922, -948.5306396484375, -195.84510803222656, -943.7018432617188, -103.3708267211914, -792.7210083007812], [2691.0927734375, 2409.81982421875, -336.8727722167969, 87.23443603515625, -110.9389877319336, -140.8967742919922, 173.3418731689453, -235.8881072998047, 105.32288360595703, -321.9078369140625, 198.84786987304688, -190.6957550048828, 181.2720184326172], [406.36077880859375, -336.8727722167969, 959.9361572265625, 159.6365203857422, 124.76288604736328, 93.57905578613281, -187.99513244628906, 70.44017791748047, -123.03440856933594, 132.1017608642578, -104.8525161743164, 118.93502044677734, -84.70944213867188], [-379.4191589355469, 87.23443603515625, 159.6365203857422, 697.2507934570312, 86.14630126953125, -18.22817039489746, -41.61300277709961, -185.9290313720703, 84.21927642822266, -46.01813888549805, 83.3023452758789, -8.118779182434082, 94.49008178710938], [-1001.215087890625, -110.9389877319336, 124.76288604736328, 86.14630126953125, 298.3759765625, 9.519927024841309, -12.022906303405762, 13.645232200622559, -19.014177322387695, 33.624847412109375, 5.265272617340088, 14.780797004699707, 21.815114974975586], [-39.394195556640625, -140.8967742919922, 93.57905578613281, -18.22817039489746, 9.519927024841309, 188.6959991455078, 66.21758270263672, 56.08063888549805, 0.18392471969127655, 29.6358699798584, -24.41073226928711, 4.395613193511963, -25.630407333374023], [-908.7421264648438, 173.3418731689453, -187.99513244628906, -41.61300277709961, -12.022906303405762, 66.21758270263672, 278.9803466796875, 29.27088737487793, 77.02365112304688, -66.1806411743164, 79.93041229248047, -21.021257400512695, 69.78019714355469], [251.1907196044922, -235.8881072998047, 70.44017791748047, -185.9290313720703, 13.645232200622559, 56.08063888549805, 29.27088737487793, 218.61309814453125, -39.65532302856445, 62.59794616699219, -72.06212615966797, 21.288341522216797, -65.99526977539062], [-948.5306396484375, 105.32288360595703, -123.03440856933594, 84.21927642822266, -19.014177322387695, 0.18392471969127655, 77.02365112304688, -39.65532302856445, 159.21034240722656, -15.7015380859375, 85.15054321289062, -33.67961120605469, 54.459693908691406], [-195.84510803222656, -321.9078369140625, 132.1017608642578, -46.01813888549805, 33.624847412109375, 29.6358699798584, -66.1806411743164, 62.59794616699219, -15.7015380859375, 132.28384399414062, -30.899215698242188, 31.307283401489258, -55.39371871948242], [-943.7018432617188, 198.84786987304688, -104.8525161743164, 83.3023452758789, 5.265272617340088, -24.41073226928711, 79.93041229248047, -72.06212615966797, 85.15054321289062, -30.899215698242188, 139.96939086914062, -13.781984329223633, 77.33541107177734], [-103.3708267211914, -190.6957550048828, 118.93502044677734, -8.118779182434082, 14.780797004699707, 4.395613193511963, -21.021257400512695, 21.288341522216797, -33.67961120605469, 31.307283401489258, -13.781984329223633, 93.14844512939453, 6.3712921142578125], [-792.7210083007812, 181.2720184326172, -84.70944213867188, 94.49008178710938, 21.815114974975586, -25.630407333374023, 69.78019714355469, -65.99526977539062, 54.459693908691406, -55.39371871948242, 77.33541107177734, 6.3712921142578125, 136.4044189453125]], "lowlevel.gfcc.icov": [[0.00022388080833479762, -0.0005145745817571878, 0.0002480955154169351, -0.0003923556942027062, 0.0006297118961811066, -0.00029466109117493033, 0.0004834592982660979, -0.00040931510739028454, 0.0008222387987188995, -0.00011135127715533599, 0.0010245174635201693, -0.0006134762079454958, 0.0008836561464704573], [-0.0005145745817571878, 0.0019903969950973988, -0.0008765564416535199, 0.001147632603533566, -0.0012927282368764281, 0.0009770938195288181, -0.0011291063856333494, 0.0011211218079552054, -0.0017014869954437017, 0.0017364858649671078, -0.003154139034450054, 0.0028713862411677837, -0.002425892511382699], [0.0002480955154169351, -0.0008765564416535199, 0.0023152295034378767, -0.0012183018261566758, 0.00027574991690926254, -0.0014562001451849937, 0.0014847642742097378, -0.001025504432618618, 0.0015308904694393277, -0.0011474136263132095, 0.0013822917826473713, -0.0029523316770792007, 0.0015920271398499608], [-0.0003923556942027062, 0.001147632603533566, -0.0012183018261566758, 0.0031998001504689455, -0.0016403996851295233, 0.00032692638342268765, -0.00033029940095730126, 0.002398938871920109, -0.0027174639981240034, 0.0013510670978575945, -0.0021084952168166637, 0.001784716034308076, -0.0023793827276676893], [0.0006297118961811066, -0.0012927282368764281, 0.00027574991690926254, -0.0016403996851295233, 0.005813137162476778, -0.0006010752986185253, 0.0010813880944624543, -0.001767716370522976, 0.003588869934901595, -0.0015496338019147515, 0.002353512216359377, -0.000581239874009043, 0.0008646759670227766], [-0.00029466109117493033, 0.0009770938195288181, -0.0014562001451849937, 0.00032692638342268765, -0.0006010752986185253, 0.00832684338092804, -0.004479138180613518, 0.0007018745527602732, -0.0013281444553285837, -0.001473881769925356, 0.000653115042950958, 0.002231011399999261, -0.0003927831130567938], [0.0004834592982660979, -0.0011291063856333494, 0.0014847642742097378, -0.00033029940095730126, 0.0010813880944624543, -0.004479138180613518, 0.009566924534738064, -0.004189944360405207, 0.0003046368365176022, 0.004047084599733353, -0.0018849334446713328, -0.0020867895800620317, 0.00021316380298230797], [-0.00040931510739028454, 0.0011211218079552054, -0.001025504432618618, 0.002398938871920109, -0.001767716370522976, 0.0007018745527602732, -0.004189944360405207, 0.010029329918324947, -0.0020400125067681074, -0.002614760771393776, 0.0020582035649567842, 0.0008292330894619226, -0.00020988321921322495], [0.0008222387987188995, -0.0017014869954437017, 0.0015308904694393277, -0.0027174639981240034, 0.003588869934901595, -0.0013281444553285837, 0.0003046368365176022, -0.0020400125067681074, 0.014903820119798183, -0.0032295105047523975, -0.0011910968460142612, 0.0014781925128772855, 0.0012508012587204576], [-0.00011135127715533599, 0.0017364858649671078, -0.0011474136263132095, 0.0013510670978575945, -0.0015496338019147515, -0.001473881769925356, 0.004047084599733353, -0.002614760771393776, -0.0032295105047523975, 0.01726473681628704, -0.004769295919686556, -0.0010465193772688508, 0.003085635369643569], [0.0010245174635201693, -0.003154139034450054, 0.0013822917826473713, -0.0021084952168166637, 0.002353512216359377, 0.000653115042950958, -0.0018849334446713328, 0.0020582035649567842, -0.0011910968460142612, -0.004769295919686556, 0.02201084792613983, -0.004169184248894453, 0.0004253657825756818], [-0.0006134762079454958, 0.0028713862411677837, -0.0029523316770792007, 0.001784716034308076, -0.000581239874009043, 0.002231011399999261, -0.0020867895800620317, 0.0008292330894619226, 0.0014781925128772855, -0.0010465193772688508, -0.004169184248894453, 0.02000517025589943, -0.008055808953940868], [0.0008836561464704573, -0.002425892511382699, 0.0015920271398499608, -0.0023793827276676893, 0.0008646759670227766, -0.0003927831130567938, 0.00021316380298230797, -0.00020988321921322495, 0.0012508012587204576, 0.003085635369643569, 0.0004253657825756818, -0.008055808953940868, 0.018793433904647827]], "lowlevel.mfcc.cov": [[15707.6953125, 1477.6807861328125, 482.276611328125, -289.91253662109375, -216.09506225585938, -368.1235656738281, -162.09869384765625, 71.08638763427734, -137.58087158203125, -13.512190818786621, 17.537965774536133, -243.82229614257812, -169.98362731933594], [1477.6807861328125, 1658.34716796875, -57.05897903442383, -36.387855529785156, -111.03858184814453, -61.20294189453125, 67.48004150390625, 72.1011962890625, -29.04311180114746, 20.457157135009766, -44.85362243652344, -24.22080421447754, -46.9483528137207], [482.276611328125, -57.05897903442383, 706.0421752929688, 141.3489227294922, 165.0550079345703, 87.43274688720703, 5.711843490600586, -10.305766105651855, 14.883275032043457, -53.84564208984375, -0.3238995671272278, 17.39475440979004, 54.4241943359375], [-289.91253662109375, -36.387855529785156, 141.3489227294922, 449.0545349121094, 170.74530029296875, 117.54940795898438, -3.859574794769287, -32.69681930541992, -8.616582870483398, -73.08256530761719, -59.8302001953125, 26.43682289123535, 30.866958618164062], [-216.09506225585938, -111.03858184814453, 165.0550079345703, 170.74530029296875, 324.517578125, 58.37940979003906, 18.537870407104492, -72.50499725341797, 12.92967414855957, -46.442745208740234, -11.914336204528809, 23.661638259887695, 22.683835983276367], [-368.1235656738281, -61.20294189453125, 87.43274688720703, 117.54940795898438, 58.37940979003906, 203.94444274902344, 21.845962524414062, 8.47176456451416, -6.458921909332275, -10.160511016845703, -15.974967002868652, 25.22814178466797, -2.9016144275665283], [-162.09869384765625, 67.48004150390625, 5.711843490600586, -3.859574794769287, 18.537870407104492, 21.845962524414062, 150.0744171142578, 56.92198944091797, 34.871646881103516, 16.414838790893555, 8.669927597045898, -4.954522609710693, -6.244029521942139], [71.08638763427734, 72.1011962890625, -10.305766105651855, -32.69681930541992, -72.50499725341797, 8.47176456451416, 56.92198944091797, 132.62266540527344, 43.72235870361328, 30.302152633666992, 1.4219127893447876, -1.7729833126068115, -3.7962236404418945], [-137.58087158203125, -29.04311180114746, 14.883275032043457, -8.616582870483398, 12.92967414855957, -6.458921909332275, 34.871646881103516, 43.72235870361328, 92.75232696533203, 31.030517578125, 13.266345977783203, -2.336045503616333, 6.857671737670898], [-13.512190818786621, 20.457157135009766, -53.84564208984375, -73.08256530761719, -46.442745208740234, -10.160511016845703, 16.414838790893555, 30.302152633666992, 31.030517578125, 95.31482696533203, 44.307952880859375, 2.876138210296631, -6.606968402862549], [17.537965774536133, -44.85362243652344, -0.3238995671272278, -59.8302001953125, -11.914336204528809, -15.974967002868652, 8.669927597045898, 1.4219127893447876, 13.266345977783203, 44.307952880859375, 79.09334564208984, 20.06452178955078, 8.208388328552246], [-243.82229614257812, -24.22080421447754, 17.39475440979004, 26.43682289123535, 23.661638259887695, 25.22814178466797, -4.954522609710693, -1.7729833126068115, -2.336045503616333, 2.876138210296631, 20.06452178955078, 73.40484619140625, 28.769569396972656], [-169.98362731933594, -46.9483528137207, 54.4241943359375, 30.866958618164062, 22.683835983276367, -2.9016144275665283, -6.244029521942139, -3.7962236404418945, 6.857671737670898, -6.606968402862549, 8.208388328552246, 28.769569396972656, 68.37435150146484]], "lowlevel.mfcc.icov": [[8.551089558750391e-05, -6.954255513846874e-05, -0.00010023190407082438, 4.460473064682446e-06, -2.1191086489125155e-05, 0.00013723889423999935, 0.0001515551848569885, -0.00014779802586417645, 0.000153260218212381, 3.0193832571967505e-05, -0.00016383564798161387, 0.0002309642732143402, 0.00017112585192080587], [-6.954255513846874e-05, 0.0007453360012732446, 1.8614365444591385e-06, -8.974922820925713e-05, 0.00016981762018986046, 0.00026831674040295184, -0.0005116009269841015, -0.00012071891251252964, 0.0003728624142240733, -0.0004496365145314485, 0.0007776793208904564, -0.0004334337718319148, 0.0002877160150092095], [-0.00010023190407082438, 1.8614365444591385e-06, 0.0019776998087763786, -5.550415880861692e-05, -0.0007640774711035192, -0.0008964965236373246, 0.0001618447422515601, -0.00037348392652347684, -0.0004229906480759382, 0.0010811162646859884, -0.0008321634959429502, 0.0005657558212988079, -0.001578814466483891], [4.460473064682446e-06, -8.974922820925713e-05, -5.550415880861692e-05, 0.0036756007466465235, -0.001337471418082714, -0.0015325676649808884, 0.0003166153037454933, -5.344339297153056e-05, -0.0002457698865327984, 0.001114694052375853, 0.0018337403889745474, -0.00044495583279058337, -0.0011616020929068327], [-2.1191086489125155e-05, 0.00016981762018986046, -0.0007640774711035192, -0.001337471418082714, 0.005569732282310724, -0.0002877217484638095, -0.0018379729008302093, 0.003912749234586954, -0.002354977885261178, 0.0010352461831644177, 0.00012283757678233087, -0.0013688849285244942, 0.00036273099249228835], [0.00013723889423999935, 0.00026831674040295184, -0.0008964965236373246, -0.0015325676649808884, -0.0002877217484638095, 0.0071503035724163055, -0.0008429989102296531, -0.0011013608891516924, 0.0017143841832876205, -0.0015426072059199214, 0.0013929095584899187, -0.0024820987600833178, 0.0027477885596454144], [0.0001515551848569885, -0.0005116009269841015, 0.0001618447422515601, 0.0003166153037454933, -0.0018379729008302093, -0.0008429989102296531, 0.009499602019786835, -0.004457145929336548, -0.0010926234535872936, 0.0006231849547475576, -0.0022033669520169497, 0.0019151563756167889, 0.0005762632936239243], [-0.00014779802586417645, -0.00012071891251252964, -0.00037348392652347684, -5.344339297153056e-05, 0.003912749234586954, -0.0011013608891516924, -0.004457145929336548, 0.013922485522925854, -0.00564177893102169, -0.001580743002705276, 0.00291423755697906, -0.002125643426552415, -0.00015014356176834553], [0.000153260218212381, 0.0003728624142240733, -0.0004229906480759382, -0.0002457698865327984, -0.002354977885261178, 0.0017143841832876205, -0.0010926234535872936, -0.00564177893102169, 0.016527608036994934, -0.004923992790281773, -0.0001990090386243537, 0.0021349575836211443, -0.0014821807853877544], [3.0193832571967505e-05, -0.0004496365145314485, 0.0010811162646859884, 0.001114694052375853, 0.0010352461831644177, -0.0015426072059199214, 0.0006231849547475576, -0.001580743002705276, -0.004923992790281773, 0.018974771723151207, -0.009736747480928898, 0.0008191328379325569, 0.0011144141899421811], [-0.00016383564798161387, 0.0007776793208904564, -0.0008321634959429502, 0.0018337403889745474, 0.00012283757678233087, 0.0013929095584899187, -0.0022033669520169497, 0.00291423755697906, -0.0001990090386243537, -0.009736747480928898, 0.022276101633906364, -0.006740310229361057, -0.0008188891224563122], [0.0002309642732143402, -0.0004334337718319148, 0.0005657558212988079, -0.00044495583279058337, -0.0013688849285244942, -0.0024820987600833178, 0.0019151563756167889, -0.002125643426552415, 0.0021349575836211443, 0.0008191328379325569, -0.006740310229361057, 0.020464913919568062, -0.007503916509449482], [0.00017112585192080587, 0.0002877160150092095, -0.001578814466483891, -0.0011616020929068327, 0.00036273099249228835, 0.0027477885596454144, 0.0005762632936239243, -0.00015014356176834553, -0.0014821807853877544, 0.0011144141899421811, -0.0008188891224563122, -0.007503916509449482, 0.020582040771842003]], "metadata.audio_properties.analysis.downmix": "mix", "metadata.audio_properties.codec": "mp3", "metadata.audio_properties.md5_encoded": "fc5aef32441083d6aef1820be89aca43", "metadata.tags.file_name": "1182270402119077998.mp3", "metadata.version.essentia": "2.1-beta6-dev", "metadata.version.essentia_git_sha": "v2.1_beta5-1110-g77a6a954", "metadata.version.extractor": "music 2.0", "tonal.chords_key": "C#", "tonal.chords_scale": "major", "tonal.key_edma.key": "C#", "tonal.key_edma.scale": "major", "tonal.key_krumhansl.key":