{"song_id": "1182254074029162606", "download": "https://cdn.discordapp.com/attachments/1135911532732108921/1182254074029162606/chirp.mp4?ex=658406e8&amp", "lyrics": "Get down and get silly,\nWith Babs, Nick and Lilly,\nGet down,\nGet Silly,\nWith Babs, Nick and Lilly", "style": ["reggae"], "essentia_features": {"lowlevel.average_loudness": 0.9879269003868103, "lowlevel.barkbands_crest.mean": 12.313685417175293, "lowlevel.barkbands_crest.stdev": 4.806427955627441, "lowlevel.barkbands_flatness_db.mean": 0.13572156429290771, "lowlevel.barkbands_flatness_db.stdev": 0.04816950857639313, "lowlevel.barkbands_kurtosis.mean": 4.727086544036865, "lowlevel.barkbands_kurtosis.stdev": 8.585186004638672, "lowlevel.barkbands_skewness.mean": 1.7876167297363281, "lowlevel.barkbands_skewness.stdev": 1.3841867446899414, "lowlevel.barkbands_spread.mean": 24.31052589416504, "lowlevel.barkbands_spread.stdev": 12.311832427978516, "lowlevel.dissonance.mean": 0.4648689031600952, "lowlevel.dissonance.stdev": 0.02330317161977291, "lowlevel.dynamic_complexity": 3.067187786102295, "lowlevel.erbbands_crest.mean": 10.325929641723633, "lowlevel.erbbands_crest.stdev": 4.995047569274902, "lowlevel.erbbands_flatness_db.mean": 0.1584167778491974, "lowlevel.erbbands_flatness_db.stdev": 0.046971969306468964, "lowlevel.erbbands_kurtosis.mean": -0.11259420961141586, "lowlevel.erbbands_kurtosis.stdev": 1.625472068786621, "lowlevel.erbbands_skewness.mean": 0.31594547629356384, "lowlevel.erbbands_skewness.stdev": 0.7974421381950378, "lowlevel.erbbands_spread.mean": 47.3781852722168, "lowlevel.erbbands_spread.stdev": 21.645915985107422, "lowlevel.hfc.mean": 14.684947967529297, "lowlevel.hfc.stdev": 13.840960502624512, "lowlevel.loudness_ebu128.integrated": -21.520917892456055, "lowlevel.loudness_ebu128.loudness_range": 0.8871536254882812, "lowlevel.loudness_ebu128.momentary.mean": -21.662748336791992, "lowlevel.loudness_ebu128.momentary.stdev": 1.133558988571167, "lowlevel.loudness_ebu128.short_term.mean": -21.538867950439453, "lowlevel.loudness_ebu128.short_term.stdev": 0.28435301780700684, "lowlevel.melbands_crest.mean": 16.41634178161621, "lowlevel.melbands_crest.stdev": 5.276845455169678, "lowlevel.melbands_flatness_db.mean": 0.18741586804389954, "lowlevel.melbands_flatness_db.stdev": 0.06279285252094269, "lowlevel.melbands_kurtosis.mean": 20.118330001831055, "lowlevel.melbands_kurtosis.stdev": 28.38758659362793, "lowlevel.melbands_skewness.mean": 3.3235979080200195, "lowlevel.melbands_skewness.stdev": 2.2083628177642822, "lowlevel.melbands_spread.mean": 23.957012176513672, "lowlevel.melbands_spread.stdev": 15.338277816772461, "lowlevel.pitch_salience.mean": 0.48476919531822205, "lowlevel.pitch_salience.stdev": 0.14026394486427307, "lowlevel.silence_rate_20dB.mean": 1.0, "lowlevel.silence_rate_20dB.stdev": 0.0, "lowlevel.silence_rate_30dB.mean": 0.949404776096344, "lowlevel.silence_rate_30dB.stdev": 0.21916933357715607, "lowlevel.silence_rate_60dB.mean": 0.181547611951828, "lowlevel.silence_rate_60dB.stdev": 0.3854709565639496, "lowlevel.spectral_centroid.mean": 1533.498046875, "lowlevel.spectral_centroid.stdev": 568.9586181640625, "lowlevel.spectral_complexity.mean": 11.973214149475098, "lowlevel.spectral_complexity.stdev": 8.484012603759766, "lowlevel.spectral_decrease.mean": -5.715214079771158e-09, "lowlevel.spectral_decrease.stdev": 9.397064459903959e-09, "lowlevel.spectral_energy.mean": 0.022902509197592735, "lowlevel.spectral_energy.stdev": 0.036247145384550095, "lowlevel.spectral_energyband_high.mean": 0.0006752471090294421, "lowlevel.spectral_energyband_high.stdev": 0.0008700076723471284, "lowlevel.spectral_energyband_low.mean": 0.011250642128288746, "lowlevel.spectral_energyband_low.stdev": 0.03073386289179325, "lowlevel.spectral_energyband_middle_high.mean": 0.003369251498952508, "lowlevel.spectral_energyband_middle_high.stdev": 0.0035934809129685163, "lowlevel.spectral_energyband_middle_low.mean": 0.00875784456729889, "lowlevel.spectral_energyband_middle_low.stdev": 0.01311429776251316, "lowlevel.spectral_entropy.mean": 7.680124759674072, "lowlevel.spectral_entropy.stdev": 0.3457360863685608, "lowlevel.spectral_flux.mean": 0.09416110813617706, "lowlevel.spectral_flux.stdev": 0.08939280360937119, "lowlevel.spectral_kurtosis.mean": 3.725062370300293, "lowlevel.spectral_kurtosis.stdev": 1.9393784999847412, "lowlevel.spectral_rms.mean": 0.003850088221952319, "lowlevel.spectral_rms.stdev": 0.002742393407970667, "lowlevel.spectral_rolloff.mean": 1790.77978515625, "lowlevel.spectral_rolloff.stdev": 1355.5751953125, "lowlevel.spectral_skewness.mean": 1.3857225179672241, "lowlevel.spectral_skewness.stdev": 0.2807542383670807, "lowlevel.spectral_spread.mean": 5145988.0, "lowlevel.spectral_spread.stdev": 1559351.5, "lowlevel.spectral_strongpeak.mean": 0.8556346893310547, "lowlevel.spectral_strongpeak.stdev": 0.811636745929718, "lowlevel.zerocrossingrate.mean": 0.0738539919257164, "lowlevel.zerocrossingrate.stdev": 0.034920595586299896, "metadata.audio_properties.analysis.equal_loudness": 0.0, "metadata.audio_properties.analysis.length": 7.764285564422607, "metadata.audio_properties.analysis.sample_rate": 44100.0, "metadata.audio_properties.analysis.start_time": 0.0, "metadata.audio_properties.bit_rate": 126622.0, "metadata.audio_properties.length": 7.76533317565918, "metadata.audio_properties.lossless": 0.0, "metadata.audio_properties.number_channels": 1.0, "metadata.audio_properties.replay_gain": -6.803855895996094, "metadata.audio_properties.sample_rate": 48000.0, "rhythm.beats_count": 16.0, "rhythm.beats_loudness.mean": 0.08439768850803375, "rhythm.beats_loudness.stdev": 0.036680709570646286, "rhythm.bpm": 124.43201446533203, "rhythm.bpm_histogram_first_peak_bpm": 123.0, "rhythm.bpm_histogram_first_peak_weight": 0.46153849363327026, "rhythm.bpm_histogram_second_peak_bpm": 129.0, "rhythm.bpm_histogram_second_peak_spread": 0.0, "rhythm.bpm_histogram_second_peak_weight": 0.13333334028720856, "rhythm.danceability": 2.3031139373779297, "rhythm.onset_rate": 4.6280317306518555, "tonal.chords_changes_rate": 0.06508875638246536, "tonal.chords_number_rate": 0.011834319680929184, "tonal.chords_strength.mean": 0.6917920708656311, "tonal.chords_strength.stdev": 0.08129420876502991, "tonal.hpcp_crest.mean": 14.932869911193848, "tonal.hpcp_crest.stdev": 7.492832660675049, "tonal.hpcp_entropy.mean": 1.8880398273468018, "tonal.hpcp_entropy.stdev": 0.7969059348106384, "tonal.key_edma.strength": 0.6410848498344421, "tonal.key_krumhansl.strength": 0.6282053589820862, "tonal.key_temperley.strength": 0.6060165762901306, "tonal.tuning_diatonic_strength": 0.6205056309700012, "tonal.tuning_equal_tempered_deviation": 0.1292300671339035, "tonal.tuning_frequency": 443.3164367675781, "tonal.tuning_nontempered_energy_ratio": 0.852938175201416, "lowlevel.barkbands.mean": [6.890245276736096e-05, 0.005883829668164253, 0.0041812509298324585, 0.001846511266194284, 0.0022665956057608128, 0.0011527743190526962, 0.0030801778193563223, 0.00021775173081550747, 0.000131001987028867, 0.0004007038951385766, 0.0009483527392148972, 0.00019282670109532773, 0.0001454680023016408, 8.437575888819993e-05, 0.00017653738905210048, 0.00030302556115202606, 0.0004094561154488474, 0.00025953046861104667, 0.00036387424916028976, 0.00021283926616888493, 0.0001496339391451329, 0.00010887616372201592, 9.993164712795988e-05, 8.450085442746058e-05, 8.038198575377464e-05, 5.121244248584844e-05, 2.1877899598621298e-06], "lowlevel.barkbands.stdev": [0.00040662934770807624, 0.01799333281815052, 0.014048408716917038, 0.005781922023743391, 0.0051218122243881226, 0.0025673459749668837, 0.004787159152328968, 0.0006795780500397086, 0.0006314836209639907, 0.0009229442221112549, 0.0015825137961655855, 0.0006412446382455528, 0.0003816781681962311, 0.00020360211783554405, 0.0003768955357372761, 0.0005780785577371716, 0.0006962306797504425, 0.0004751778324134648, 0.0005314561421982944, 0.0003364431322552264, 0.00020952208433300257, 0.00016990928270388395, 0.00014546698366757482, 0.00012510232045315206, 0.00014105744776315987, 8.287679520435631e-05, 5.596394657914061e-06], "lowlevel.erbbands.mean": [0.1092592403292656, 1.5399055480957031, 4.8971357345581055, 5.878810405731201, 7.801136016845703, 5.813287258148193, 7.303861141204834, 9.972517013549805, 31.370849609375, 35.88916778564453, 4.7949042320251465, 3.2063300609588623, 5.676774024963379, 38.431060791015625, 22.361440658569336, 7.013082027435303, 6.319118022918701, 5.586036682128906, 6.8717122077941895, 10.098132133483887, 23.24542808532715, 18.031503677368164, 16.064836502075195, 21.466306686401367, 12.542519569396973, 8.708710670471191, 7.0308990478515625, 5.298030376434326, 3.9845738410949707, 3.6089038848876953, 2.603971481323242, 1.835112452507019, 1.3817360401153564, 0.9684774279594421, 0.5402499437332153, 0.2458753138780594, 0.08467279374599457, 0.0140600074082613, 0.0003173984296154231, 3.715932325576432e-05], "lowlevel.erbbands.stdev": [0.3079015612602234, 4.905332088470459, 16.34956932067871, 18.287399291992188, 19.099281311035156, 14.2017183303833, 18.951560974121094, 22.75836181640625, 49.439266204833984, 57.725059509277344, 10.939770698547363, 14.23813533782959, 14.8253755569458, 73.86231231689453, 60.91059875488281, 20.72536277770996, 15.341828346252441, 12.693547248840332, 15.372833251953125, 15.199772834777832, 33.16239929199219, 29.011199951171875, 31.121274948120117, 33.01164627075195, 17.387317657470703, 12.958901405334473, 10.337244987487793, 7.715256214141846, 6.145631790161133, 5.63402795791626, 3.840183973312378, 2.656493902206421, 2.1389453411102295, 1.5910807847976685, 1.0380809307098389, 0.39267003536224365, 0.13709756731987, 0.028767716139554977, 0.0006227957201190293, 4.543873365037143e-05], "lowlevel.gfcc.mean": [-29.628707885742188, 52.63700866699219, -121.63218688964844, 28.55367660522461, -65.55819702148438, -4.394673824310303, -49.19810104370117, 13.721784591674805, -28.26833152770996, 4.607808589935303, -14.461899757385254, 11.960633277893066, -12.343788146972656], "lowlevel.melbands.mean": [0.0013263658620417118, 0.0023796111345291138, 0.0010646161390468478, 0.0005099835689179599, 0.00024027803738135844, 0.00022671859187539667, 0.0005653369007632136, 0.0003228485002182424, 2.701912308111787e-05, 1.949996658368036e-05, 2.2836562493466772e-05, 0.00014553830260410905, 8.915465150494128e-05, 3.2449701393488795e-05, 8.79838626133278e-06, 1.711159166006837e-05, 9.32702732825419e-06, 9.244859938917216e-06, 1.4405100046133157e-05, 1.5972749679349363e-05, 3.251315138186328e-05, 2.0864410544163547e-05, 1.6674737707944587e-05, 1.0361201020714361e-05, 1.940822221513372e-05, 9.250255061488133e-06, 8.425164196523838e-06, 5.2727473303093575e-06, 4.525004442257341e-06, 4.036032350995811e-06, 2.718011046454194e-06, 2.3606019112776266e-06, 1.8930428495878004e-06, 2.0586276150424965e-06, 1.53684538872767e-06, 1.2104660527256783e-06, 1.1101601558038965e-06, 1.036303387991211e-06, 8.209520956370397e-07, 8.151076826834469e-07], "lowlevel.melbands.stdev": [0.003822757862508297, 0.00749887665733695, 0.0029884171672165394, 0.00123833236284554, 0.0006365928566083312, 0.0005318981711752713, 0.000856999249663204, 0.0005197570426389575, 8.674738637637347e-05, 9.234892058884725e-05, 7.200485561043024e-05, 0.0002867278235498816, 0.00017318091704510152, 0.00011313112190691754, 2.7456604584585875e-05, 4.5160319132264704e-05, 2.283456524310168e-05, 2.007279545068741e-05, 3.0372404580703005e-05, 4.1450708522461355e-05, 4.900170097243972e-05, 3.210411159670912e-05, 4.094948235433549e-05, 1.655381674936507e-05, 3.1220766686601564e-05, 1.348807563772425e-05, 1.376077580061974e-05, 8.563367373426445e-06, 7.419323537760647e-06, 5.884962320124032e-06, 4.1335106288897805e-06, 3.7654576772183646e-06, 3.2365242077503353e-06, 3.23540825775126e-06, 2.3516511191701284e-06, 1.768992660799995e-06, 1.671267000347143e-06, 1.6437328440588317e-06, 1.2328358707236475e-06, 1.4816515658822027e-06], "lowlevel.melbands128.mean": [5.92248143220786e-05, 0.0006057461723685265, 0.0018003258155658841, 0.0028053561691194773, 0.002783760894089937, 0.0018557861912995577, 0.001230059890076518, 0.0008058579987846315, 0.0008492505294270813, 0.0005724338116124272, 0.00023321938351728022, 0.00024277636839542538, 0.0002957328106276691, 0.0001551793684484437, 0.00017236614075955003, 0.00030818130471743643, 0.0003113369457423687, 0.0005800898070447147, 0.0010272135259583592, 0.0003111117985099554, 6.0556078096851707e-05, 3.066764838877134e-05, 2.456926813465543e-05, 1.956201776920352e-05, 1.9252747733844444e-05, 1.9312803487991914e-05, 1.9213146515539847e-05, 2.8135758839198388e-05, 1.584679921506904e-05, 6.318162922980264e-05, 0.00027925230097025633, 0.00015030019858386368, 3.068262594752014e-05, 9.976486035156995e-05, 3.239101351937279e-05, 1.8890037608798593e-05, 1.446919941372471e-05, 5.500326096807839e-06, 5.602613782684784e-06, 1.603702003194485e-05, 2.557831430749502e-05, 9.694900654722005e-06, 7.741489753243513e-06, 1.0946273505396675e-05, 6.115980795584619e-06, 6.470040716521908e-06, 1.552980756969191e-05, 1.8033810192719102e-05, 1.2993775271752384e-05, 7.701460162934382e-06, 1.787097062333487e-05, 2.484137257852126e-05, 1.3492797734215856e-05, 5.365880497265607e-05, 3.900685624103062e-05, 1.0471367204445414e-05, 1.080299261957407e-05, 1.6095689716166817e-05, 1.9933357179979794e-05, 1.7420054064132273e-05, 6.626952654187335e-06, 6.430630492104683e-06, 1.7947895685210824e-05, 2.9944105335744098e-05, 1.0548457794357091e-05, 7.803782864357345e-06, 7.769294825266115e-06, 9.209426934830844e-06, 1.010214509733487e-05, 4.809532583749387e-06, 4.213449301460059e-06, 6.263621799007524e-06, 5.813712505187141e-06, 3.5534608286980074e-06, 3.883221779688029e-06, 4.642368367058225e-06, 4.002972218586365e-06, 2.7175240120413946e-06, 2.7651910841086647e-06, 2.224531044703326e-06, 2.8159856810816564e-06, 2.2753854409529595e-06, 1.6661194877087837e-06, 1.9057879399042577e-06, 2.009593799812137e-06, 2.062788325929432e-06, 2.241372840217082e-06, 1.6921401311265072e-06, 1.486301243858179e-06, 1.405824036737613e-06, 1.3867895631847205e-06, 1.0605822353682015e-06, 1.0753826700238278e-06, 1.0128040912604774e-06, 1.2599912224686705e-06, 1.1915974482690217e-06, 9.683957387096598e-07, 8.227695502682764e-07, 8.131876256811665e-07, 8.200677257264033e-07, 8.524665418008226e-07, 8.120532584143803e-07, 7.639308705620351e-07, 7.733638085483108e-07, 5.727060283788887e-07, 4.953473649038642e-07, 5.129977580509149e-07, 5.306457637743733e-07, 3.908991743628576e-07, 3.744325454135833e-07, 3.365997542914556e-07, 2.9445772042890894e-07, 2.6026708610515925e-07, 2.3475195121136494e-07, 2.1393861970864236e-07, 1.7171089439216303e-07, 8.083149083404351e-08, 1.222389123256562e-08, 1.4349806898295014e-09, 6.114670401957678e-12, 5.006299194643127e-12, 5.0743879584369544e-12, 5.112485521735488e-12, 4.193565633636709e-12, 3.73795352309747e-12, 3.4538090703389868e-12, 3.281764833842904e-12, 3.2280183300675835e-12], "lowlevel.melbands128.stdev": [0.0002969031920656562, 0.0019156141206622124, 0.005278640426695347, 0.00971421878784895, 0.009813983924686909, 0.006236954592168331, 0.004096378106623888, 0.0024652096908539534, 0.0021510515362024307, 0.0015983032062649727, 0.00068519456544891, 0.0007893103174865246, 0.0007986786658875644, 0.00041377515299245715, 0.00044934608740732074, 0.0009178490727208555, 0.0009073530090972781, 0.0010258130496367812, 0.0018130569951608777, 0.0005390262231230736, 0.00023491749016102403, 9.51688052737154e-05, 8.764083031564951e-05, 0.00010783538891701028, 9.796237281989306e-05, 0.00010493362788110971, 8.645998605061322e-05, 9.038565622176975e-05, 5.714686631108634e-05, 0.0001819262106437236, 0.0005903434939682484, 0.00026985761360265315, 0.00010655575897544622, 0.00044746033381670713, 0.00012613236322067678, 8.183610771084204e-05, 5.185504778637551e-05, 2.4423366994597018e-05, 2.340385071875062e-05, 4.272987644071691e-05, 8.437570795649663e-05, 2.8351090804790147e-05, 2.7152887923875824e-05, 3.0195255021681078e-05, 1.1908254236914217e-05, 1.4802245459577534e-05, 5.8214056480210274e-05, 5.002719262847677e-05, 2.657278128026519e-05, 1.252232505066786e-05, 5.7941833802033216e-05, 8.045555296121165e-05, 2.8078067771275528e-05, 0.0001109389413613826, 7.00202290317975e-05, 2.329026028746739e-05, 3.2067586289485916e-05, 6.270151061471552e-05, 5.758837141911499e-05, 4.507154517341405e-05, 1.1634081602096558e-05, 1.0062905857921578e-05, 3.50334812537767e-05, 5.487720045493916e-05, 1.7804401068133302e-05, 1.6845709978952073e-05, 1.3063024198345374e-05, 1.5160770090005826e-05, 2.0730989490402862e-05, 7.5027041930297855e-06, 7.730554898444097e-06, 1.2306866665312555e-05, 1.2196881471027154e-05, 6.40008556729299e-06, 6.3930028773029335e-06, 7.879079930717126e-06, 6.862569989607437e-06, 4.527980763668893e-06, 4.74305534226005e-06, 4.007609277323354e-06, 5.081034942122642e-06, 3.905066023435211e-06, 3.0258108836278552e-06, 3.953816303692292e-06, 3.4546974347904325e-06, 3.5064867915934883e-06, 3.880533768096939e-06, 2.9635084501933306e-06, 2.5214699235220905e-06, 2.3467189294024138e-06, 2.165435944334604e-06, 1.6440322951893904e-06, 1.653645767873968e-06, 1.5890755094005726e-06, 2.283484263898572e-06, 1.8128130250261165e-06, 1.7578603319634567e-06, 1.608208435754932e-06, 1.2508932059063227e-06, 1.261727447854355e-06, 1.4978890021666302e-06, 1.4341976566356607e-06, 2.3650641196582e-06, 1.9761819203267805e-06, 1.1955205536651192e-06, 8.457767535219318e-07, 9.255020927412261e-07, 9.555940323480172e-07, 6.380003014783142e-07, 6.366849447658751e-07, 6.406617671927961e-07, 5.036693551119242e-07, 4.3384392256484716e-07, 3.936858377073804e-07, 4.338288306371396e-07, 4.320259563428408e-07, 2.0602946904091368e-07, 3.838121998001043e-08, 7.419502345840101e-09, 3.0298614311918826e-11, 1.9813746129915266e-11, 2.2492068971202706e-11, 2.4648696278495308e-11, 1.1826024534644652e-11, 9.178656966424281e-12, 8.746270201143158e-12, 8.536266311864882e-12, 8.434669629409086e-12], "lowlevel.mfcc.mean": [-674.5714111328125, 87.98127746582031, -5.819194316864014, 27.642263412475586, 1.5291032791137695, -12.732755661010742, -9.518054962158203, -1.3448281288146973, -7.381624698638916, -7.98205041885376, -8.025931358337402, 0.47285428643226624, 7.567348003387451], "lowlevel.spectral_contrast_coeffs.mean": [-0.6794041991233826, -0.6974895596504211, -0.7449962496757507, -0.8013218641281128, -0.7925068736076355, -0.7774288654327393], "lowlevel.spectral_contrast_coeffs.stdev": [0.09182759374380112, 0.0895591601729393, 0.07938002794981003, 0.0508665032684803, 0.03646213561296463, 0.039788756519556046], "lowlevel.spectral_contrast_valleys.mean": [-7.745204925537109, -7.361817836761475, -8.052473068237305, -7.978250503540039, -7.49527645111084, -10.138920783996582], "lowlevel.spectral_contrast_valleys.stdev": [1.1398823261260986, 0.6837895512580872, 0.6128316521644592, 0.5709418058395386, 0.6606780886650085, 0.9175723195075989], "rhythm.beats_loudness_band_ratio.mean": [0.8246082067489624, 0.02929583378136158, 0.05831397697329521, 0.03265657648444176, 0.03892289474606514, 0.02625686675310135], "rhythm.beats_loudness_band_ratio.stdev": [0.14515972137451172, 0.025654947385191917, 0.08965607732534409, 0.028802169486880302, 0.03667826950550079, 0.019562266767024994], "tonal.hpcp.mean": [0.08407074213027954, 0.1727980524301529, 0.4136335849761963, 0.4132836163043976, 0.1609639674425125, 0.04978308081626892, 0.030163541436195374, 0.036643583327531815, 0.06853576749563217, 0.10977485775947571, 0.08289852738380432, 0.0386824794113636, 0.06261759251356125, 0.12548381090164185, 0.17450423538684845, 0.1739686280488968, 0.10945083945989609, 0.06421764194965363, 0.05995168536901474, 0.04164988175034523, 0.028096091002225876, 0.025132134556770325, 0.02900621108710766, 0.07154365628957748, 0.09469394385814667, 0.05097419023513794, 0.0329509899020195, 0.06676128506660461, 0.12745055556297302, 0.21839460730552673, 0.1939486861228943, 0.11137300729751587, 0.10144376754760742, 0.10063594579696655, 0.08866225183010101, 0.07194249331951141], "tonal.hpcp.stdev": [0.19351668655872345, 0.2585582435131073, 0.40117642283439636, 0.37183108925819397, 0.26837965846061707, 0.12927918136119843, 0.11285490542650223, 0.1281811147928238, 0.1825682520866394, 0.2555106580257416, 0.1981564313173294, 0.1078837588429451, 0.15425387024879456, 0.2318127155303955, 0.24485881626605988, 0.252654492855072, 0.2189677208662033, 0.15834419429302216, 0.14263515174388885, 0.13126932084560394, 0.08583381772041321, 0.08294305950403214, 0.06828178465366364, 0.12221680581569672, 0.1799972504377365, 0.09877581894397736, 0.09446431696414948, 0.18349428474903107, 0.23324072360992432, 0.3293795883655548, 0.289563924074173, 0.20477545261383057, 0.2226305454969406, 0.2283037155866623, 0.2247421145439148, 0.1783275604248047], "rhythm.beats_position": [0.5108389854431152, 0.9984580278396606, 1.486077070236206, 1.9736961126327515, 2.461315155029297, 2.937324285507202, 3.4133331775665283, 3.8893423080444336, 4.36535120010376, 4.852970600128174, 5.3289794921875, 5.804988384246826, 6.29260778427124, 6.757006645202637, 7.244625568389893, 7.709024906158447], "rhythm.bpm_histogram": [0.0, 0.0, 0.0, 0.0, 0.0, 0.0, 0.0, 0.0, 0.0, 0.0, 0.0, 0.0, 0.0, 0.0, 0.0, 0.0, 0.0, 0.0, 0.0, 0.0, 0.0, 0.0, 0.0, 0.0, 0.0, 0.0, 0.0, 0.0, 0.0, 0.0, 0.0, 0.0, 0.0, 0.0, 0.0, 0.0, 0.0, 0.0, 0.0, 0.0, 0.0, 0.0, 0.0, 0.0, 0.0, 0.0, 0.0, 0.0, 0.0, 0.0, 0.0, 0.0, 0.0, 0.0, 0.0, 0.0, 0.0, 0.0, 0.0, 0.0, 0.0, 0.0, 0.0, 0.0, 0.0, 0.0, 0.0, 0.0, 0.0, 0.0, 0.0, 0.0, 0.0, 0.0, 0.0, 0.0, 0.0, 0.0, 0.0, 0.0, 0.0, 0.0, 0.0, 0.0, 0.0, 0.0, 0.0, 0.0, 0.0, 0.0, 0.0, 0.0, 0.0, 0.0, 0.0, 0.0, 0.0, 0.0, 0.0, 0.0, 0.0, 0.0, 0.0, 0.0, 0.0, 0.0, 0.0, 0.0, 0.0, 0.0, 0.0, 0.0, 0.0, 0.0, 0.0, 0.0, 0.0, 0.0, 0.0, 0.0, 0.0, 0.0, 0.0, 0.46666666865348816, 0.0, 0.0, 0.4000000059604645, 0.0, 0.0, 0.13333334028720856, 0.0, 0.0, 0.0, 0.0, 0.0, 0.0, 0.0, 0.0, 0.0, 0.0, 0.0, 0.0, 0.0, 0.0, 0.0, 0.0, 0.0, 0.0, 0.0, 0.0, 0.0, 0.0, 0.0, 0.0, 0.0, 0.0, 0.0, 0.0, 0.0, 0.0, 0.0, 0.0, 0.0, 0.0, 0.0, 0.0, 0.0, 0.0, 0.0, 0.0, 0.0, 0.0, 0.0, 0.0, 0.0, 0.0, 0.0, 0.0, 0.0, 0.0, 0.0, 0.0, 0.0, 0.0, 0.0, 0.0, 0.0, 0.0, 0.0, 0.0, 0.0, 0.0, 0.0, 0.0, 0.0, 0.0, 0.0, 0.0, 0.0, 0.0, 0.0, 0.0, 0.0, 0.0, 0.0, 0.0, 0.0, 0.0, 0.0, 0.0, 0.0, 0.0, 0.0, 0.0, 0.0, 0.0, 0.0, 0.0, 0.0, 0.0, 0.0, 0.0, 0.0, 0.0, 0.0, 0.0, 0.0, 0.0, 0.0, 0.0, 0.0, 0.0, 0.0, 0.0, 0.0, 0.0, 0.0, 0.0, 0.0, 0.0, 0.0, 0.0, 0.0, 0.0, 0.0, 0.0, 0.0, 0.0, 0.0, 0.0], "tonal.chords_histogram": [0.0, 90.53254699707031, 0.0, 0.0, 0.0, 0.0, 0.0, 0.0, 0.0, 0.0, 0.5917159914970398, 8.875740051269531, 0.0, 0.0, 0.0, 0.0, 0.0, 0.0, 0.0, 0.0, 0.0, 0.0, 0.0, 0.0], "tonal.thpcp": [1.0, 0.9991539120674133, 0.38914626836776733, 0.1203555092215538, 0.07292333990335464, 0.08858947455883026, 0.16569198668003082, 0.2653915584087372, 0.20041537284851074, 0.0935187116265297, 0.15138420462608337, 0.3033694922924042, 0.42188119888305664, 0.42058631777763367, 0.2646082043647766, 0.15525248646736145, 0.1449391096830368, 0.10069269686937332, 0.06792507320642471, 0.06075941398739815, 0.07012537866830826, 0.17296384274959564, 0.2289319485425949, 0.12323513627052307, 0.0796622708439827, 0.16140198707580566, 0.308124303817749, 0.5279905200004578, 0.46889007091522217, 0.26925522089004517, 0.24525031447410583, 0.24329732358455658, 0.21434974670410156, 0.17392808198928833, 0.20324932038784027, 0.4177563488483429], "lowlevel.gfcc.cov": [[4098.27099609375, -114.74887084960938, 664.1489868164062, 659.6575927734375, 134.4532012939453, 269.4831237792969, 113.7649917602539, -21.40226936340332, -114.04653930664062, -139.34225463867188, -249.00106811523438, -191.56202697753906, -149.1873779296875], [-114.74887084960938, 1283.701416015625, 64.92837524414062, 465.580078125, 512.4846801757812, 108.50726318359375, 334.65155029296875, -7.1924052238464355, 150.2689666748047, -76.410888671875, 99.53416442871094, -113.87586212158203, 44.450286865234375], [664.1489868164062, 64.92837524414062, 880.2277221679688, 446.8908996582031, 131.75318908691406, 132.52830505371094, -101.23458862304688, -13.272777557373047, -78.59148406982422, -63.09840393066406, -151.22042846679688, -89.3319320678711, -50.42893981933594], [659.6575927734375, 465.580078125, 446.8908996582031, 678.5148315429688, 384.9170837402344, 199.9608612060547, 196.77525329589844, 49.157020568847656, 63.4940299987793, -73.1751708984375, -23.552227020263672, -94.67874908447266, -14.400062561035156], [134.4532012939453, 512.4846801757812, 131.75318908691406, 384.9170837402344, 483.6897888183594, 230.9761199951172, 240.94239807128906, 45.78941345214844, 52.891815185546875, -52.6266975402832, 25.43034553527832, -48.538082122802734, 27.749364852905273], [269.4831237792969, 108.50726318359375, 132.52830505371094, 199.9608612060547, 230.9761199951172, 315.9228210449219, 170.64073181152344, 14.978060722351074, 6.256018161773682, -18.591190338134766, -17.89560890197754, -35.13433074951172, 3.2130532264709473], [113.7649917602539, 334.65155029296875, -101.23458862304688, 196.77525329589844, 240.94239807128906, 170.64073181152344, 298.56683349609375, 89.76200103759766, 114.8841323852539, 0.9600290656089783, 83.07366943359375, 7.363739013671875, 39.904178619384766], [-21.40226936340332, -7.1924052238464355, -13.272777557373047, 49.157020568847656, 45.78941345214844, 14.978060722351074, 89.76200103759766, 158.08497619628906, 79.40164184570312, 20.268268585205078, 58.703269958496094, 66.92185974121094, 36.95254898071289], [-114.04653930664062, 150.2689666748047, -78.59148406982422, 63.4940299987793, 52.891815185546875, 6.256018161773682, 114.8841323852539, 79.40164184570312, 171.63687133789062, 80.54549407958984, 95.22391510009766, 39.81935501098633, 33.4124870300293], [-139.34225463867188, -76.410888671875, -63.09840393066406, -73.1751708984375, -52.6266975402832, -18.591190338134766, 0.9600290656089783, 20.268268585205078, 80.54549407958984, 126.153076171875, 71.93575286865234, 33.52214813232422, 9.349084854125977], [-249.00106811523438, 99.53416442871094, -151.22042846679688, -23.552227020263672, 25.43034553527832, -17.89560890197754, 83.07366943359375, 58.703269958496094, 95.22391510009766, 71.93575286865234, 130.24668884277344, 66.41027069091797, 45.27141189575195], [-191.56202697753906, -113.87586212158203, -89.3319320678711, -94.67874908447266, -48.538082122802734, -35.13433074951172, 7.363739013671875, 66.92185974121094, 39.81935501098633, 33.52214813232422, 66.41027069091797, 124.16647338867188, 65.55635833740234], [-149.1873779296875, 44.450286865234375, -50.42893981933594, -14.400062561035156, 27.749364852905273, 3.2130532264709473, 39.904178619384766, 36.95254898071289, 33.4124870300293, 9.349084854125977, 45.27141189575195, 65.55635833740234, 93.3223876953125]], "lowlevel.gfcc.icov": [[0.0003842433507088572, 0.0001357792061753571, -5.7082765124505386e-05, -0.0004819240130018443, 0.00031251023756340146, 8.893165068002418e-05, -0.0006631029536947608, 8.000269008334726e-05, 0.0003034223918803036, -0.00024969311198219657, 0.0006848808261565864, -6.5539927163627e-05, 0.000230431163799949], [0.0001357792061753571, 0.0036370304878801107, -0.0016246477607637644, 0.0010679156985133886, -0.002730727894231677, 0.0027310973964631557, -0.00307430699467659, 0.0032277570571750402, -0.0031682236585766077, 0.004567534662783146, -0.004734985064715147, 0.004549394827336073, -0.001696092658676207], [-5.7082765124505386e-05, -0.0016246477607637644, 0.004517009481787682, -0.0039169020019471645, 0.001519960118457675, -0.0027920217253267765, 0.005021590273827314, -0.002856292063370347, 0.0021748540457338095, -0.003921243362128735, 0.004924772772938013, -0.0026744897477328777, 0.0002508866600692272], [-0.0004819240130018443, 0.0010679156985133886, -0.0039169020019471645, 0.007519811857491732, -0.0037489114329218864, 0.0017218104330822825, -0.002809718484058976, 0.0013373466208577156, -0.0043718693777918816, 0.005320217926055193, -0.004545974545180798, 0.004093617666512728, -0.00014606263721361756], [0.00031251023756340146, -0.002730727894231677, 0.001519960118457675, -0.0037489114329218864, 0.008665064349770546, -0.00418607983738184, 0.0001885133533505723, -0.002483125077560544, 0.003524859668686986, -0.0023739461321383715, 0.0022646866273134947, -0.001761852647177875, -0.00037182934465818107], [8.893165068002418e-05, 0.0027310973964631557, -0.0027920217253267765, 0.0017218104330822825, -0.00418607983738184, 0.010361804626882076, -0.009372427128255367, 0.0037221352104097605, 0.0008560421410948038, -0.0008932536002248526, 0.0010072847362607718, 0.0016743666492402554, -0.0008618340361863375], [-0.0006631029536947608, -0.00307430699467659, 0.005021590273827314, -0.002809718484058976, 0.0001885133533505723, -0.009372427128255367, 0.020101796835660934, -0.006680030841380358, -0.003701610490679741, 0.002008782234042883, -0.0029416456818580627, -0.00013911721180193126, -0.0003506743523757905], [8.000269008334726e-05, 0.0032277570571750402, -0.002856292063370347, 0.0013373466208577156, -0.002483125077560544, 0.0037221352104097605, -0.006680030841380358, 0.015177769586443901, -0.00626921933144331, 0.005673295818269253, -0.004044258035719395, -0.0034002894535660744, 0.0007367825019173324], [0.0003034223918803036, -0.0031682236585766077, 0.0021748540457338095, -0.0043718693777918816, 0.003524859668686986, 0.0008560421410948038, -0.003701610490679741, -0.00626921933144331, 0.021536001935601234, -0.015457703731954098, 0.004141408950090408, -0.004000143613666296, 0.00012127080117352307], [-0.00024969311198219657, 0.004567534662783146, -0.003921243362128735, 0.005320217926055193, -0.0023739461321383715, -0.0008932536002248526, 0.002008782234042883, 0.005673295818269253, -0.015457703731954098, 0.02838299050927162, -0.01980440318584442, 0.008536946028470993, 5.97887446929235e-05], [0.0006848808261565864, -0.004734985064715147, 0.004924772772938013, -0.004545974545180798, 0.0022646866273134947, 0.0010072847362607718, -0.0029416456818580627, -0.004044258035719395, 0.004141408950090408, -0.01980440318584442, 0.03640979528427124, -0.015924394130706787, 0.001486096647568047], [-6.5539927163627e-05, 0.004549394827336073, -0.0026744897477328777, 0.004093617666512728, -0.001761852647177875, 0.0016743666492402554, -0.00013911721180193126, -0.0034002894535660744, -0.004000143613666296, 0.008536946028470993, -0.015924394130706787, 0.029725298285484314, -0.013792319223284721], [0.000230431163799949, -0.001696092658676207, 0.0002508866600692272, -0.00014606263721361756, -0.00037182934465818107, -0.0008618340361863375, -0.0003506743523757905, 0.0007367825019173324, 0.00012127080117352307, 5.97887446929235e-05, 0.001486096647568047, -0.013792319223284721, 0.020921645686030388]], "lowlevel.mfcc.cov": [[3924.7294921875, -324.56829833984375, 507.13885498046875, 419.4915466308594, 151.9622344970703, 304.4046936035156, 193.82528686523438, 141.038330078125, 145.79556274414062, 44.71007537841797, -22.956159591674805, 14.397049903869629, -24.38945198059082], [-324.56829833984375, 832.4428100585938, -97.49429321289062, 283.9857177734375, 161.8530731201172, 176.7212677001953, 145.7544708251953, 97.01007843017578, 57.04995346069336, 84.53572082519531, 36.524208068847656, 26.063356399536133, -6.784131050109863], [507.13885498046875, -97.49429321289062, 695.1992797851562, 209.4768829345703, 208.7032470703125, 98.94575500488281, 12.985291481018066, 11.236403465270996, 37.65711975097656, 0.44748425483703613, 21.111696243286133, -89.93995666503906, -162.5270233154297], [419.4915466308594, 283.9857177734375, 209.4768829345703, 513.239013671875, 254.4490203857422, 167.0159912109375, 147.8848876953125, 158.73904418945312, 100.51403045654297, 79.31678771972656, 45.75027847290039, 29.892297744750977, -27.8583984375], [151.9622344970703, 161.8530731201172, 208.7032470703125, 254.4490203857422, 293.8445739746094, 184.08447265625, 140.4318389892578, 99.63912963867188, 78.70832061767578, 43.996971130371094, 5.839787483215332, -16.91384506225586, -35.92815017700195], [304.4046936035156, 176.7212677001953, 98.94575500488281, 167.0159912109375, 184.08447265625, 343.4913024902344, 180.91734313964844, 96.30573272705078, 86.99390411376953, 101.99492645263672, 17.794601440429688, 12.94436264038086, 3.9425361156463623], [193.82528686523438, 145.7544708251953, 12.985291481018066, 147.8848876953125, 140.4318389892578, 180.91734313964844, 208.8901824951172, 136.50828552246094, 81.86181640625, 66.69347381591797, 8.521439552307129, 22.04597282409668, 20.203052520751953], [141.038330078125, 97.01007843017578, 11.236403465270996, 158.73904418945312, 99.63912963867188, 96.30573272705078, 136.50828552246094, 200.10711669921875, 101.19635009765625, 48.716732025146484, 15.59610652923584, 51.2399787902832, 35.19418716430664], [145.79556274414062, 57.04995346069336, 37.65711975097656, 100.51403045654297, 78.70832061767578, 86.99390411376953, 81.86181640625, 101.19635009765625, 108.59386444091797, 54.523162841796875, 8.894641876220703, 31.70594024658203, 30.227008819580078], [44.71007537841797, 84.53572082519531, 0.44748425483703613, 79.31678771972656, 43.996971130371094, 101.99492645263672, 66.69347381591797, 48.716732025146484, 54.523162841796875, 108.36162567138672, 49.759281158447266, 28.15979766845703, 12.849966049194336], [-22.956159591674805, 36.524208068847656, 21.111696243286133, 45.75027847290039, 5.839787483215332, 17.794601440429688, 8.521439552307129, 15.59610652923584, 8.894641876220703, 49.759281158447266, 116.65433502197266, 53.72089385986328, -4.728551387786865], [14.397049903869629, 26.063356399536133, -89.93995666503906, 29.892297744750977, -16.91384506225586, 12.94436264038086, 22.04597282409668, 51.2399787902832, 31.70594024658203, 28.15979766845703, 53.72089385986328, 103.7672348022461, 64.36241912841797], [-24.38945198059082, -6.784131050109863, -162.5270233154297, -27.8583984375, -35.92815017700195, 3.9425361156463623, 20.203052520751953, 35.19418716430664, 30.227008819580078, 12.849966049194336, -4.728551387786865, 64.36241912841797, 124.0378646850586]], "lowlevel.mfcc.icov": [[0.00039510184433311224, 0.00029984998400323093, -0.0002160322037525475, -0.0005600510048680007, 0.0006531495018862188, -0.00040922200423665345, -0.00042600714368745685, 0.00031849765218794346, -0.0003878007992170751, 0.0003990499535575509, 0.00019654305651783943, -0.00016461711493320763, 1.2523163604782894e-05], [0.00029984998400323093, 0.002120228484272957, 0.0008861382957547903, -0.0014756631571799517, 9.460219007451087e-05, -0.0008042273693718016, -0.00048074848018586636, 0.0005046473816037178, -0.0003998027241323143, 0.00022041279589757323, -0.0001834787253756076, 0.0001288513303734362, 0.0009934238623827696], [-0.0002160322037525475, 0.0008861382957547903, 0.0037635040935128927, -0.000770420825574547, -0.0017929829191416502, -0.0008125980384647846, 0.0017208077479153872, 0.00010277202818542719, -0.002225098665803671, 0.0013859046157449484, -0.0017438085051253438, 0.001810195972211659, 0.0033542076125741005], [-0.0005600510048680007, -0.0014756631571799517, -0.000770420825574547, 0.005666391924023628, -0.0038015886675566435, 0.001343514770269394, 0.0009734361083246768, -0.0025638453662395477, 0.0014577900292351842, -0.002348944079130888, 0.00017368252156302333, -0.0016229652101173997, 0.00023424782557412982], [0.0006531495018862188, 9.460219007451087e-05, -0.0017929829191416502, -0.0038015886675566435, 0.011269285343587399, -0.0030071723740547895, -0.003798464313149452, 0.0013422765769064426, -0.00337984343059361, 0.003807069268077612, -0.0004308264178689569, 0.0020967277232557535, -0.00014711391122546047], [-0.00040922200423665345, -0.0008042273693718016, -0.0008125980384647846, 0.001343514770269394, -0.0030071723740547895, 0.008169959299266338, -0.004480994772166014, 0.0015842380234971642, 0.0006111019174568355, -0.005229323636740446, 0.0016540070064365864, -0.001475965022109449, -0.0005160824512131512], [-0.00042600714368745685, -0.00048074848018586636, 0.0017208077479153872, 0.0009734361083246768, -0.003798464313149452, -0.004480994772166014, 0.01641792058944702, -0.008220638148486614, 0.0013794092228636146, -0.001998779596760869, -0.00015064953186083585, 0.002248286036774516, -0.00023753067944198847], [0.00031849765218794346, 0.0005046473816037178, 0.00010277202818542719, -0.0025638453662395477, 0.0013422765769064426, 0.0015842380234971642, -0.008220638148486614, 0.015736514702439308, -0.009630327112972736, 0.0028392926324158907, 0.0005442859837785363, -0.004122017417103052, 0.0010737512493506074], [-0.0003878007992170751, -0.0003998027241323143, -0.002225098665803671, 0.0014577900292351842, -0.00337984343059361, 0.0006111019174568355, 0.0013794092228636146, -0.009630327112972736, 0.026306146755814552, -0.010387404821813107, 0.004847333766520023, -0.0031901688780635595, -0.004671198781579733], [0.0003990499535575509, 0.00022041279589757323, 0.0013859046157449484, -0.002348944079130888, 0.003807069268077612, -0.005229323636740446, -0.001998779596760869, 0.0028392926324158907, -0.010387404821813107, 0.02255958877503872, -0.009791569784283638, 0.004350094590336084, -0.000268487841822207], [0.00019654305651783943, -0.0001834787253756076, -0.0017438085051253438, 0.00017368252156302333, -0.0004308264178689569, 0.0016540070064365864, -0.00015064953186083585, 0.0005442859837785363, 0.004847333766520023, -0.009791569784283638, 0.019152790307998657, -0.014124973677098751, 0.005368061363697052], [-0.00016461711493320763, 0.0001288513303734362, 0.001810195972211659, -0.0016229652101173997, 0.0020967277232557535, -0.001475965022109449, 0.002248286036774516, -0.004122017417103052, -0.0031901688780635595, 0.004350094590336084, -0.014124973677098751, 0.02779942750930786, -0.011196961626410484], [1.2523163604782894e-05, 0.0009934238623827696, 0.0033542076125741005, 0.00023424782557412982, -0.00014711391122546047, -0.0005160824512131512, -0.00023753067944198847, 0.0010737512493506074, -0.004671198781579733, -0.000268487841822207, 0.005368061363697052, -0.011196961626410484, 0.019455118104815483]], "metadata.audio_properties.analysis.downmix": "mix", "metadata.audio_properties.codec": "mp3", "metadata.audio_properties.md5_encoded": "5b0a57cb24ede66aaa2302dffeb2320c", "metadata.tags.file_name": "1182254074029162606.mp3", "metadata.version.essentia": "2.1-beta6-dev", "metadata.version.essentia_git_sha": "v2.1_beta5-1110-g77a6a954", "metadata.version.extractor": "music 2.0", "tonal.chords_key": "G", "tonal.chords_scale": "minor", "tonal.key_edma.key": "Eb", "tonal.key_edma.scale": "major", "tonal.key_krumhansl.key": "Eb", "tonal.key_krumhansl.scale": "major", "tonal.key_temperley.key": "Eb", "tonal.key_temperley.scale": "major", "metadata.tags.encoding": ["Lavf58.45.100"]}, "essentia_models": [{"model_name": "genre_dortmund", "activations": {"alternative": "0.02222161", "blues": "0.006219103", "electronic": "0.13368212", "folkcountry": "0.011582851", "funksoulrnb": "0.30213818", "jazz": "0.021585995", "pop": "0.2354678", "raphiphop": "0.031852968", "rock": "0.009722236"}}, {"model_name": "genre_rosamerica", "activations": {"classic": "0.0016768372", "dance": "0.28405735", "hip hop": "0.03930314", "jazz": "0.023257503", "pop": "0.015886797", "rhythm and blues": "0.27600917", "rock": "0.0008475423", "speech": "0.010310024"}}, {"model_name": "genre_tzanetakis", "activations": {"blues": "0.00035857008", "classic": "8.278568e-05", "country": "0.0005419281", "disco": "0.9151306", "hip hop": "0.0033148937", "jazz": "0.00012255614", "metal": "0.00016922406", "pop": "0.023659784", "reggae": "0.20441902", "rock": "0.000446015"}}, {"model_name": "genre_electronic", "activations": {"ambient": "0.02166151", "dnb": "0.055511847", "house": "0.485253", "techno": "0.4654225", "trance": "0.012337887"}}, {"model_name": "mood_acoustic", "activations": {"acoustic": "5.521404e-08", "not acoustic": "0.9995901"}}, {"model_name": "mood_electronic", "activations": {"electronic": "0.8229893", "not electronic": "0.11281346"}}, {"model_name": "mood_aggressive", "activations": {"aggressive": "0