{"song_id": "1182281141999378513", "download": "https://cdn.discordapp.com/attachments/1128313332273782784/1182281141999378513/chirp.mp4?ex=6584201d&amp", "lyrics": "\u0418\u0440\u0438\u043d\u0430 \u042e\u0440\u044c\u0435\u0432\u043d\u0430, \u0442\u0435\u0449\u0430 \u0434\u043e\u0440\u043e\u0433\u0430\u044f!\n\u0421 \u0414\u043d\u0451\u043c \u0420\u043e\u0436\u0434\u0435\u043d\u0438\u044f! \u0412\u0430\u0441 \u044f \u043f\u043e\u0437\u0434\u0440\u0430\u0432\u043b\u044f\u044e!\n\u041f\u0443\u0441\u0442\u044c \u0431\u043b\u0435\u0441\u0442\u044f\u0442 \u043e\u0442 \u0440\u0430\u0434\u043e\u0441\u0442\u0438 \u0433\u043b\u0430\u0437\u0430,\n\u041b\u0443\u0447\u0448\u0435\u0439 \u0442\u0435\u0449\u0438 \u0432 \u043c\u0438\u0440\u0435 \u043d\u0435 \u043d\u0430\u0439\u0442\u0438!\n\n\u0412\u0430\u043c \u0436\u0435\u043b\u0430\u044e \u043a\u0440\u0435\u043f\u043a\u043e\u0433\u043e \u0437\u0434\u043e\u0440\u043e\u0432\u044c\u044f,\n\u0414\u043e\u043b\u0433\u0438\u0445 \u043b\u0435\u0442, \u043d\u0435\u0443\u0442\u043e\u043c\u0438\u043c\u044b\u0445 \u0441\u0438\u043b.\n\u0427\u0442\u043e\u0431\u044b \u0436\u0438\u0437\u043d\u044c \u0431\u044b\u043b\u0430 \u0412\u0430\u0448\u0430 \u0441\u043f\u043e\u043a\u043e\u0439\u043d\u0430,\n\u0422\u043e\u043b\u044c\u043a\u043e \u043f\u0440\u0430\u0437\u0434\u043d\u0438\u043a \u0432 \u0434\u043e\u043c \u0412\u0430\u0448 \u0437\u0430\u0445\u043e\u0434\u0438\u043b.\n\n\u041d\u0430 \u0433\u043e\u0434\u0430 \u0412\u044b, \u0442\u0435\u0449\u0430, \u043d\u0435 \u0440\u043e\u043f\u0449\u0438\u0442\u0435,\n\u041d\u0435 \u0441\u0434\u0430\u0432\u0430\u0439\u0442\u0435\u0441\u044c \u0432 \u0438\u0445 \u0436\u0435\u0441\u0442\u043e\u043a\u0438\u0439 \u043f\u043b\u0435\u043d,\n\u0412 \u043a\u0430\u0436\u0434\u043e\u043c \u0434\u043d\u0435 \u043f\u0440\u0435\u043a\u0440\u0430\u0441\u043d\u043e\u0435 \u0438\u0449\u0438\u0442\u0435,\n\u041f\u0443\u0441\u0442\u044c \u043d\u0435 \u0431\u0443\u0434\u0435\u0442 \u0433\u043e\u0440\u044f \u0438 \u043f\u0440\u043e\u0431\u043b\u0435\u043c!\n\n\u041a\u0430\u0440\u0438\u043d\u0430 \u0438 \u0410\u0440\u0441\u0435\u043d\u0438\u0439 \u0412\u0430\u0441 \u0442\u043e\u0436\u0435 \u043f\u043e\u0437\u0434\u0440\u0430\u0432\u043b\u044f\u044e\u0442,\n\u0421\u0447\u0430\u0441\u0442\u044c\u044f, \u0440\u0430\u0434\u043e\u0441\u0442\u0438 \u0432 \u0436\u0438\u0437\u043d\u0438 \u0412\u0430\u043c \u0436\u0435\u043b\u0430\u044e\u0442.\n\n[verse]\n\u0421\u0435\u0433\u043e\u0434\u043d\u044f \u043f\u0440\u0430\u0437\u0434\u043d\u0438\u043a, \u0414\u0435\u043d\u044c \u0420\u043e\u0436\u0434\u0435\u043d\u0438\u044f \u043d\u0430\u0448\n\u0421\u043e\u0431\u0440\u0430\u043b\u0438\u0441\u044c \u0434\u0440\u0443\u0437\u044c\u044f \u0432\u0435\u0441\u0435\u043b\u043e \u043e\u0442\u043c\u0435\u0447\u0430\u0442\u044c\n\u0422\u0430\u043d\u0446\u044b, \u0443\u043b\u044b\u0431\u043a\u0438, \u0441\u0447\u0430\u0441\u0442\u044c\u0435 \u0438 \u043f\u0435\u0441\u043d\u0438 \u0437\u0432\u0443\u0447\u0430\u0442\n\u041c\u044b \u0441 \u0442\u043e\u0431\u043e\u0439 \u2013 \u0434\u0443\u044d\u0442, \u043a\u043e\u0442\u043e\u0440\u044b\u0439 \u043d\u0435\u043b\u044c\u0437\u044f \u0440\u0430\u0437\u0440\u0443\u0448\u0430\u0442\u044c\n\n[chorus]\n\u0412 \u0441\u0442\u0438\u043b\u0435 \u0427\u0430\u0439 \u0412\u0434\u0432\u043e\u0435\u043c, \u043f\u0443\u0441\u0442\u044c \u0437\u0432\u0443\u0447\u0438\u0442 \u043f\u0435\u0441\u043d\u044f\n\u0422\u0435\u043f\u043b\u043e \u0441\u0435\u0440\u0434\u0446\u0430 \u0441\u043b\u044b\u0448\u043d\u043e \u0432 \u043a\u0430\u0436\u0434\u043e\u0439 \u043d\u043e\u0442\u0435\n\u041f\u0443\u0441\u0442\u044c \u0414\u0435\u043d\u044c \u0420\u043e\u0436\u0434\u0435\u043d\u0438\u044f \u043d\u0430\u043c \u043f\u043e\u0434\u0430\u0440\u0438\u0442 \u043d\u043e\u0432\u044b\u0435 \u043c\u0435\u0447\u0442\u044b\n\u0412\u043c\u0435\u0441\u0442\u0435 \u0441 \u0442\u043e\u0431\u043e\u0439 \u043e\u043d\u0438 \u0432\u043e\u043f\u043b\u043e\u0442\u044f\u0442\u0441\u044f \u0432 \u0436\u0438\u0437\u043d\u044c \u2013 \u0437\u0434\u0435\u0441\u044c \u0438 \u0441\u0435\u0439\u0447\u0430\u0441", "style": ["hyperpop</span><span>, mathrock"], "essentia_features": {"lowlevel.average_loudness": 0.9283091425895691, "lowlevel.barkbands_crest.mean": 11.64070987701416, "lowlevel.barkbands_crest.stdev": 4.081166744232178, "lowlevel.barkbands_flatness_db.mean": 0.16501189768314362, "lowlevel.barkbands_flatness_db.stdev": 0.05329226329922676, "lowlevel.barkbands_kurtosis.mean": 10.497857093811035, "lowlevel.barkbands_kurtosis.stdev": 21.121089935302734, "lowlevel.barkbands_skewness.mean": 2.5384716987609863, "lowlevel.barkbands_skewness.stdev": 1.7323487997055054, "lowlevel.barkbands_spread.mean": 26.40875244140625, "lowlevel.barkbands_spread.stdev": 14.798996925354004, "lowlevel.dissonance.mean": 0.4474508762359619, "lowlevel.dissonance.stdev": 0.025980141013860703, "lowlevel.dynamic_complexity": 2.433763265609741, "lowlevel.erbbands_crest.mean": 10.957493782043457, "lowlevel.erbbands_crest.stdev": 4.725132465362549, "lowlevel.erbbands_flatness_db.mean": 0.13405919075012207, "lowlevel.erbbands_flatness_db.stdev": 0.022176962345838547, "lowlevel.erbbands_kurtosis.mean": -0.11964176595211029, "lowlevel.erbbands_kurtosis.stdev": 2.1261181831359863, "lowlevel.erbbands_skewness.mean": 0.6047818064689636, "lowlevel.erbbands_skewness.stdev": 0.6756778955459595, "lowlevel.erbbands_spread.mean": 65.7095947265625, "lowlevel.erbbands_spread.stdev": 17.78598403930664, "lowlevel.hfc.mean": 31.134218215942383, "lowlevel.hfc.stdev": 22.713647842407227, "lowlevel.loudness_ebu128.integrated": -16.097597122192383, "lowlevel.loudness_ebu128.loudness_range": 4.355603218078613, "lowlevel.loudness_ebu128.momentary.mean": -16.893163681030273, "lowlevel.loudness_ebu128.momentary.stdev": 2.948110342025757, "lowlevel.loudness_ebu128.short_term.mean": -16.30817985534668, "lowlevel.loudness_ebu128.short_term.stdev": 1.9105854034423828, "lowlevel.melbands_crest.mean": 18.296188354492188, "lowlevel.melbands_crest.stdev": 5.173731327056885, "lowlevel.melbands_flatness_db.mean": 0.21638943254947662, "lowlevel.melbands_flatness_db.stdev": 0.06993961334228516, "lowlevel.melbands_kurtosis.mean": 39.55874252319336, "lowlevel.melbands_kurtosis.stdev": 56.30888366699219, "lowlevel.melbands_skewness.mean": 4.548748016357422, "lowlevel.melbands_skewness.stdev": 2.4946939945220947, "lowlevel.melbands_spread.mean": 21.25076675415039, "lowlevel.melbands_spread.stdev": 17.99826431274414, "lowlevel.pitch_salience.mean": 0.3801637291908264, "lowlevel.pitch_salience.stdev": 0.11214932054281235, "lowlevel.silence_rate_20dB.mean": 1.0, "lowlevel.silence_rate_20dB.stdev": 0.0, "lowlevel.silence_rate_30dB.mean": 0.9513325691223145, "lowlevel.silence_rate_30dB.stdev": 0.21517004072666168, "lowlevel.silence_rate_60dB.mean": 0.024913093075156212, "lowlevel.silence_rate_60dB.stdev": 0.15586337447166443, "lowlevel.spectral_centroid.mean": 1189.927490234375, "lowlevel.spectral_centroid.stdev": 615.125, "lowlevel.spectral_complexity.mean": 13.274044036865234, "lowlevel.spectral_complexity.stdev": 5.203919887542725, "lowlevel.spectral_decrease.mean": -1.0321438814742123e-08, "lowlevel.spectral_decrease.stdev": 8.19553491737679e-09, "lowlevel.spectral_energy.mean": 0.041779451072216034, "lowlevel.spectral_energy.stdev": 0.0318421944975853, "lowlevel.spectral_energyband_high.mean": 0.002467924263328314, "lowlevel.spectral_energyband_high.stdev": 0.002159254392609, "lowlevel.spectral_energyband_low.mean": 0.025326363742351532, "lowlevel.spectral_energyband_low.stdev": 0.02844005823135376, "lowlevel.spectral_energyband_middle_high.mean": 0.004517680499702692, "lowlevel.spectral_energyband_middle_high.stdev": 0.004581622779369354, "lowlevel.spectral_energyband_middle_low.mean": 0.015632817521691322, "lowlevel.spectral_energyband_middle_low.stdev": 0.01252974383533001, "lowlevel.spectral_entropy.mean": 7.36629581451416, "lowlevel.spectral_entropy.stdev": 0.4227839708328247, "lowlevel.spectral_flux.mean": 0.06259569525718689, "lowlevel.spectral_flux.stdev": 0.03979283943772316, "lowlevel.spectral_kurtosis.mean": 1.4965994358062744, "lowlevel.spectral_kurtosis.stdev": 1.5292291641235352, "lowlevel.spectral_rms.mean": 0.005934557411819696, "lowlevel.spectral_rms.stdev": 0.0023540332913398743, "lowlevel.spectral_rolloff.mean": 1509.315185546875, "lowlevel.spectral_rolloff.stdev": 1841.592041015625, "lowlevel.spectral_skewness.mean": 1.2098814249038696, "lowlevel.spectral_skewness.stdev": 0.2851007878780365, "lowlevel.spectral_spread.mean": 7244692.5, "lowlevel.spectral_spread.stdev": 735881.5, "lowlevel.spectral_strongpeak.mean": 1.175437092781067, "lowlevel.spectral_strongpeak.stdev": 0.9574869871139526, "lowlevel.zerocrossingrate.mean": 0.07405155897140503, "lowlevel.zerocrossingrate.stdev": 0.04361507669091225, "metadata.audio_properties.analysis.equal_loudness": 0.0, "metadata.audio_properties.analysis.length": 40.04265213012695, "metadata.audio_properties.analysis.sample_rate": 44100.0, "metadata.audio_properties.analysis.start_time": 0.0, "metadata.audio_properties.bit_rate": 117854.0, "metadata.audio_properties.length": 40.042667388916016, "metadata.audio_properties.lossless": 0.0, "metadata.audio_properties.number_channels": 1.0, "metadata.audio_properties.replay_gain": -9.267457962036133, "metadata.audio_properties.sample_rate": 48000.0, "rhythm.beats_count": 115.0, "rhythm.beats_loudness.mean": 0.04902026057243347, "rhythm.beats_loudness.stdev": 0.032790347933769226, "rhythm.bpm": 172.26556396484375, "rhythm.bpm_histogram_first_peak_bpm": 172.0, "rhythm.bpm_histogram_first_peak_weight": 0.0, "rhythm.bpm_histogram_second_peak_bpm": 178.0, "rhythm.bpm_histogram_second_peak_spread": 0.0, "rhythm.bpm_histogram_second_peak_weight": 0.429824560880661, "rhythm.danceability": 1.070003867149353, "rhythm.onset_rate": 3.99456524848938, "tonal.chords_changes_rate": 0.03125, "tonal.chords_number_rate": 0.005787036847323179, "tonal.chords_strength.mean": 0.6074317693710327, "tonal.chords_strength.stdev": 0.07558164745569229, "tonal.hpcp_crest.mean": 16.56846809387207, "tonal.hpcp_crest.stdev": 7.134742259979248, "tonal.hpcp_entropy.mean": 1.5413905382156372, "tonal.hpcp_entropy.stdev": 0.5932784080505371, "tonal.key_edma.strength": 0.6370051503181458, "tonal.key_krumhansl.strength": 0.6163100600242615, "tonal.key_temperley.strength": 0.5877652168273926, "tonal.tuning_diatonic_strength": 0.5440593957901001, "tonal.tuning_equal_tempered_deviation": 0.10417026281356812, "tonal.tuning_frequency": 441.0177917480469, "tonal.tuning_nontempered_energy_ratio": 0.7556750774383545, "lowlevel.barkbands.mean": [2.563872840255499e-05, 0.002200737362727523, 0.016957953572273254, 0.007082385942339897, 0.001262742094695568, 0.005408131051808596, 0.00046790068154223263, 0.0002716994204092771, 0.001112071331590414, 0.000349233829183504, 0.0005987779586575925, 0.0013139900984242558, 0.0007217859965749085, 0.0005235233693383634, 0.00011404034739825875, 0.00027256281464360654, 9.055854025064036e-05, 0.00024249106354545802, 0.00019105878891423345, 0.0003954040294047445, 0.00026678675203584135, 0.0003922721080016345, 0.0006125410436652601, 0.0005386896664276719, 0.0002984422317240387, 6.755026697646827e-05, 5.15039175752463e-07], "lowlevel.barkbands.stdev": [5.757860344601795e-05, 0.005065434146672487, 0.02174593135714531, 0.00993063673377037, 0.002517601940780878, 0.007380206137895584, 0.0009750746539793909, 0.0005136211402714252, 0.0017206144984811544, 0.0006854245439171791, 0.0015514547703787684, 0.0023194963578134775, 0.0018790126778185368, 0.0013904077932238579, 0.00023720870376564562, 0.0003421868022996932, 0.00028007340733893216, 0.0003754264325834811, 0.00027077473350800574, 0.0004605302237905562, 0.000368541746865958, 0.0003910432569682598, 0.0006667919224128127, 0.0005645589553751051, 0.00031099922489374876, 8.496247028233483e-05, 1.9641493054223247e-06], "lowlevel.erbbands.mean": [0.01770598627626896, 0.9113758206367493, 13.955472946166992, 29.663652420043945, 7.570643901824951, 3.6824533939361572, 11.800518989562988, 65.39505004882812, 11.846444129943848, 6.740884304046631, 7.525897026062012, 26.87105941772461, 16.244962692260742, 23.305240631103516, 34.56395721435547, 33.56580352783203, 33.45743179321289, 26.645137786865234, 16.64874839782715, 10.069634437561035, 12.188413619995117, 7.7258100509643555, 14.124539375305176, 9.04090690612793, 10.687542915344238, 18.263654708862305, 15.442296981811523, 8.688559532165527, 17.482181549072266, 11.725470542907715, 15.91254997253418, 17.723352432250977, 5.391238212585449, 4.506121635437012, 1.316320776939392, 0.4658735692501068, 0.08986591547727585, 0.005725795403122902, 0.00017408636631444097, 6.288500298978761e-05], "lowlevel.erbbands.stdev": [0.028942234814167023, 1.794814944267273, 20.10740089416504, 35.71158218383789, 12.066230773925781, 7.429215431213379, 14.147321701049805, 91.01741027832031, 14.406314849853516, 15.8627347946167, 13.495595932006836, 44.99468231201172, 22.313465118408203, 65.63553619384766, 59.7000732421875, 57.05681228637695, 82.67108917236328, 60.587486267089844, 43.83546447753906, 11.686873435974121, 17.390756607055664, 19.385292053222656, 22.631500244140625, 12.745628356933594, 13.514632225036621, 21.163610458374023, 19.68939781188965, 11.050003051757812, 17.711952209472656, 14.378742218017578, 17.36039161682129, 18.822465896606445, 5.721981525421143, 4.89198112487793, 1.355663537979126, 0.5676544308662415, 0.10774638503789902, 0.009089660830795765, 0.00021075078984722495, 4.202949276077561e-05], "lowlevel.gfcc.mean": [23.3153133392334, 57.15285873413086, -95.39464569091797, 46.590885162353516, -75.16099548339844, 32.8576545715332, -45.77647018432617, 4.580118179321289, -36.99998474121094, -3.1509745121002197, -19.453521728515625, -4.324524402618408, -17.240432739257812], "lowlevel.melbands.mean": [0.00034507960663177073, 0.005421466194093227, 0.004200680647045374, 0.0002968093322124332, 0.0003981514601036906, 0.0012760788667947054, 0.0001565987040521577, 7.030864799162373e-05, 6.082799154683016e-05, 0.000184299613465555, 7.533301686635241e-05, 8.915924263419583e-05, 9.252071322407573e-05, 0.00014711369294673204, 5.398665234679356e-05, 9.444852912565693e-05, 4.2641491745598614e-05, 3.41743761964608e-05, 1.0160638339584693e-05, 2.0845664039370604e-05, 1.0566313903836999e-05, 7.635057045263238e-06, 1.1151635590067599e-05, 1.000132215267513e-05, 6.793667580495821e-06, 8.52261291584e-06, 7.0624719228362665e-06, 1.4372991245181765e-05, 1.3405770005192608e-05, 4.501983312366065e-06, 3.916703917639097e-06, 1.2687823073065374e-05, 4.4609132601181045e-06, 7.87948738434352e-06, 6.78749574944959e-06, 1.5084529877640307e-05, 9.506823516858276e-06, 3.97204166802112e-06, 3.178441829732037e-06, 3.8432694964285474e-06], "lowlevel.melbands.stdev": [0.0007415666477754712, 0.0072073619812726974, 0.004789541009813547, 0.000596929807215929, 0.0004901174688711762, 0.00175992283038795, 0.0002107466571033001, 0.00015473946405109018, 0.0001280272554140538, 0.00030563893960788846, 0.0001160457031801343, 0.00024676925386302173, 0.00015917619748506695, 0.00027304855757392943, 0.0001563945406815037, 0.00025298070977441967, 0.00010709642810979858, 0.00010562755051068962, 2.2487165551865473e-05, 2.6922802135231905e-05, 1.9014838471775874e-05, 2.508302713977173e-05, 2.0466015484998934e-05, 1.743177381285932e-05, 1.1624702892731875e-05, 1.1080799595220014e-05, 1.3074201888230164e-05, 1.9866860384354368e-05, 1.9254532162449323e-05, 6.573415248567471e-06, 5.617351234832313e-06, 1.436919774278067e-05, 6.00048679189058e-06, 1.143240569945192e-05, 7.731786354270298e-06, 1.7407526684110053e-05, 1.0542984455241822e-05, 4.767844529851573e-06, 3.5878090329788392e-06, 4.195580004306976e-06], "lowlevel.melbands128.mean": [1.0830097380676307e-05, 2.9469989385688677e-05, 0.0001981896348297596, 0.0014542227145284414, 0.005289212800562382, 0.009196477942168713, 0.007227294612675905, 0.002029146533459425, 0.000476926303235814, 0.0002604968613013625, 0.00015112236724235117, 0.0002058647369267419, 0.0001656973036006093, 0.0008192303939722478, 0.0023533753119409084, 0.0008460271055810153, 0.0001236740208696574, 7.917681068647653e-05, 0.00011596074182307348, 5.7622994063422084e-05, 6.543305062223226e-05, 6.055061749066226e-05, 5.706043157260865e-05, 5.794591561425477e-05, 0.00017761228082235903, 0.00027427906752564013, 9.68661843216978e-05, 3.708618169184774e-05, 8.769522537477314e-05, 2.6490037271287292e-05, 0.00015630808775313199, 8.468535088468343e-05, 2.912017771450337e-05, 8.455987699562684e-05, 0.0003316035436000675, 6.192574073793367e-05, 4.394786083139479e-05, 9.799731924431399e-05, 5.45945158592076e-06, 8.930097828852013e-05, 0.00011691289546433836, 9.818263788474724e-05, 1.413577683706535e-05, 1.703028829069808e-05, 0.00010165129060624167, 9.407473044120707e-06, 4.428239208209561e-06, 1.928797246364411e-05, 5.899802999920212e-06, 5.849557965120766e-06, 3.580220800358802e-05, 1.6064508599811234e-05, 2.0867932107648812e-05, 1.7190777725772932e-06, 2.134835540346103e-06, 1.5537048966507427e-05, 3.7334696116886334e-06, 1.075610498446622e-06, 2.3059626983013004e-05, 1.5368103049695492e-05, 9.326243343821261e-06, 4.225463271723129e-06, 3.6871656448056456e-06, 6.775956990168197e-06, 1.4923435628588777e-05, 7.338690011238214e-06, 3.6190483569953358e-06, 1.1695415196300019e-05, 6.925138677615905e-06, 3.418733513171901e-06, 9.37621825869428e-06, 2.9950706448289566e-05, 1.1221665772609413e-05, 1.7298065358772874e-05, 2.376439624640625e-06, 2.0059696907992475e-06, 8.143745617417153e-06, 4.889488081971649e-06, 1.8677599200600525e-06, 1.2479217730287928e-06, 2.1628969989251345e-05, 1.0610749086481519e-05, 6.772709639335517e-06, 3.5414793728705263e-06, 4.148612333665369e-06, 3.647847734100651e-06, 1.511804020992713e-05, 5.217783836997114e-06, 3.823472070507705e-06, 6.243539701245027e-06, 1.811630863812752e-05, 1.96427008631872e-05, 9.948132174031343e-06, 7.642339369340334e-06, 1.2405879715515766e-05, 2.6069715204357635e-06, 3.793437372223707e-06, 1.5877988062129589e-06, 2.336646048206603e-06, 3.916436526196776e-06, 6.057711743778782e-06, 3.110518719040556e-06, 2.8383497010509018e-06, 1.4123713754088385e-06, 1.1169933031851542e-06, 1.0268880714647821e-06, 1.5056227766763186e-06, 1.0889398254221305e-06, 7.843934213269677e-07, 4.1041349163606355e-07, 4.942924078932265e-07, 3.638595842403447e-07, 2.76667577736589e-07, 1.3431373702132987e-07, 8.700080655899001e-08, 3.027041728387303e-08, 1.882104960770903e-08, 1.3163866663390422e-09, 7.453123188061461e-12, 7.219937321611969e-12, 7.026123172854115e-12, 6.868922531461097e-12, 6.724753566500485e-12, 6.595524040114986e-12, 6.442512755916452e-12, 6.263235156206415e-12, 6.153780610085313e-12, 6.11086658705573e-12], "lowlevel.melbands128.stdev": [2.1614938304992393e-05, 6.989668327150866e-05, 0.0004936542827636003, 0.0035088604781776667, 0.010277033783495426, 0.011059518903493881, 0.009170281700789928, 0.0031376597471535206, 0.0012391266645863652, 0.0007509867427870631, 0.0004517578927334398, 0.0005560636636801064, 0.00039296268369071186, 0.0011896288488060236, 0.003392918733879924, 0.0013632390182465315, 0.0002683562634047121, 0.00016316719120368361, 0.000319600134389475, 0.00024166051298379898, 0.00015215345774777234, 0.00014017257490195334, 0.00019091599097009748, 0.0001855871669249609, 0.00036247592652216554, 0.00047423975775018334, 0.00025151940644718707, 7.871793786762282e-05, 0.00021367211593315005, 5.504735599970445e-05, 0.000554177793674171, 0.00025677678058855236, 9.539275924907997e-05, 0.00022529679699800909, 0.0007047958788461983, 0.00012050512304995209, 0.0001412599958712235, 0.0003310458268970251, 1.4260904208640568e-05, 0.0002917952078860253, 0.00035415292950347066, 0.0003585029044188559, 4.75102242489811e-05, 6.59800207358785e-05, 0.0003522735205478966, 2.335232602490578e-05, 9.263167157769203e-06, 5.2766357839573175e-05, 1.5226458344841376e-05, 1.558191070216708e-05, 5.754696030635387e-05, 2.2222418920136988e-05, 4.846429146709852e-05, 3.2982502489176113e-06, 3.831675257970346e-06, 5.44824761163909e-05, 1.4132767319097184e-05, 1.639834749767033e-06, 4.641410487238318e-05, 3.008965177286882e-05, 3.1474450224777684e-05, 1.0240994015475735e-05, 9.720783964439761e-06, 1.4246861610445194e-05, 3.453681347309612e-05, 1.5556588550680317e-05, 6.011786808812758e-06, 3.0095898182480596e-05, 1.2460970538086258e-05, 7.365042620222084e-06, 1.4546703823725693e-05, 5.186719499761239e-05, 2.177322494389955e-05, 3.6328492569737136e-05, 3.5356697480892763e-06, 3.2509142329217866e-06, 1.5054300092742778e-05, 1.1221866770938504e-05, 7.258645382535178e-06, 2.4657110770931467e-06, 2.9441613150993362e-05, 1.2227717888890766e-05, 1.3056992429483216e-05, 5.842269274580758e-06, 9.693954780232161e-06, 8.247699952335097e-06, 2.5905999791575596e-05, 7.052818091324298e-06, 6.856409072497627e-06, 1.002286262519192e-05, 2.9559472750406712e-05, 3.378769179107621e-05, 1.4639197615906596e-05, 1.2100927961000707e-05, 1.8028185877483338e-05, 4.8849883569346275e-06, 7.209502655314282e-06, 2.3673467239859747e-06, 3.411949137444026e-06, 5.79094557906501e-06, 8.430901289102621e-06, 3.894404471793678e-06, 3.7971983601892134e-06, 1.9394137780182064e-06, 1.4465940694208257e-06, 1.3217165815149201e-06, 1.8355498241362511e-06, 1.6682105297149974e-06, 1.3064341146673542e-06, 7.162947781580442e-07, 8.392228210141184e-07, 5.636286459775874e-07, 3.959775654038822e-07, 2.223862622940942e-07, 1.9379001514607808e-07, 1.008883074860023e-07, 6.631979942994803e-08, 4.435109168809959e-09, 1.0681112244670388e-11, 1.038490734378561e-11, 1.0124449022208548e-11, 9.896358905969738e-12, 9.69152536001161e-12, 9.519882278319347e-12, 9.378700940865237e-12, 9.262330485926284e-12, 9.179003911119477e-12, 9.12792931517803e-12], "lowlevel.mfcc.mean": [-627.3768920898438, 79.3440933227539, 37.387516021728516, 14.511286735534668, 3.969791889190674, 11.71071720123291, 6.602443218231201, 4.239927291870117, -8.876688957214355, -2.0187156200408936, -12.526013374328613, -2.910682201385498, -3.8354594707489014], "lowlevel.spectral_contrast_coeffs.mean": [-0.5739831924438477, -0.648581326007843, -0.6879823207855225, -0.7360779047012329, -0.7310813665390015, -0.7311139106750488], "lowlevel.spectral_contrast_coeffs.stdev": [0.07743766158819199, 0.08640968799591064, 0.05934040620923042, 0.04848809167742729, 0.03892502561211586, 0.034122392535209656], "lowlevel.spectral_contrast_valleys.mean": [-7.366555690765381, -7.512513160705566, -7.9845194816589355, -8.359829902648926, -8.187826156616211, -9.86465835571289], "lowlevel.spectral_contrast_valleys.stdev": [0.822138249874115, 0.7274132370948792, 0.7319179773330688, 0.7359536290168762, 0.7525548934936523, 0.8302854895591736], "rhythm.beats_loudness_band_ratio.mean": [0.5511213541030884, 0.17474785447120667, 0.06538815796375275, 0.10522161424160004, 0.03302443027496338, 0.0821450799703598], "rhythm.beats_loudness_band_ratio.stdev": [0.24590229988098145, 0.15950778126716614, 0.061011843383312225, 0.10967962443828583, 0.04459984600543976, 0.05812465399503708], "tonal.hpcp.mean": [0.012896208092570305, 0.01627000793814659, 0.12544023990631104, 0.19245441257953644, 0.09771507233381271, 0.03236865624785423, 0.014796245843172073, 0.006327848881483078, 0.020221224054694176, 0.024047473445534706, 0.030296970158815384, 0.3418463170528412, 0.5561591386795044, 0.24547509849071503, 0.00906035490334034, 0.001316747860983014, 0.0020638005807995796, 0.03633589297533035, 0.04378935322165489, 0.009464140981435776, 0.0011635507689788938, 0.0022051953710615635, 0.02013508789241314, 0.3144177794456482, 0.32813435792922974, 0.05616225302219391, 0.1157045066356659, 0.10306145250797272, 0.012459413148462772, 0.0036805879790335894, 0.004710489418357611, 0.008764193393290043, 0.08531735837459564, 0.11259576678276062, 0.038494136184453964, 0.011764158494770527], "tonal.hpcp.stdev": [0.08154411613941193, 0.10134713351726532, 0.2559361755847931, 0.3626141846179962, 0.23323267698287964, 0.13588522374629974, 0.08144287765026093, 0.057467471808195114, 0.07764965295791626, 0.0758826956152916, 0.12000508606433868, 0.3007143437862396, 0.43598291277885437, 0.25435811281204224, 0.05710111930966377, 0.0051528820767998695, 0.008399336598813534, 0.12382712215185165, 0.15397067368030548, 0.03985042870044708, 0.01205920334905386, 0.028999926522374153, 0.06610701233148575, 0.35925957560539246, 0.3713439404964447, 0.11947686225175858, 0.263161838054657, 0.24014627933502197, 0.044237878173589706, 0.0232546404004097, 0.03898327797651291, 0.03744096681475639, 0.20943771302700043, 0.26925793290138245, 0.12197425961494446, 0.07319049537181854], "rhythm.beats_position": [0.3599092960357666, 0.7314285635948181, 1.09133780002594, 1.4396371841430664, 1.7879364490509033, 2.1246259212493896, 2.461315155029297, 2.809614419937134, 3.14630389213562, 3.4829931259155273, 3.8312923908233643, 4.179591655731201, 4.527891159057617, 4.8645806312561035, 5.201269626617432, 5.549569129943848, 5.8978681564331055, 6.2461676597595215, 6.582857131958008, 6.919546127319336, 7.267845630645752, 7.616145133972168, 7.964444160461426, 8.30113410949707, 8.649433135986328, 8.986122131347656, 9.334421157836914, 9.682721138000488, 10.007800102233887, 10.356099128723145, 10.692789077758789, 11.029478073120117, 11.377777099609375, 11.72607707977295, 12.062766075134277, 12.411065101623535, 12.74775505065918, 13.096054077148438, 13.444353103637695, 13.78104305267334, 14.117732048034668, 14.466031074523926, 14.8143310546875, 15.151020050048828, 15.487709045410156, 15.83600902557373, 16.184309005737305, 16.520998001098633, 16.85768699645996, 17.20598602294922, 17.554285049438477, 17.890974044799805, 18.227664947509766, 18.575963973999023, 18.92426300048828, 19.27256202697754, 19.609251022338867, 19.945940017700195, 20.305849075317383, 20.642539978027344, 20.9908390045166, 21.32752799987793, 21.664216995239258, 22.012516021728516, 22.349205017089844, 22.685895919799805, 23.034194946289062, 23.38249397277832, 23.71918296813965, 24.055871963500977, 24.404170989990234, 24.752471923828125, 25.089160919189453, 25.42584991455078, 25.77414894104004, 26.122447967529297, 26.470746994018555, 26.807437896728516, 27.144126892089844, 27.4924259185791, 27.82911491394043, 28.177413940429688, 28.514102935791016, 28.862403869628906, 29.210702896118164, 29.547391891479492, 29.88408088684082, 30.232379913330078, 30.580678939819336, 30.917369842529297, 31.265668869018555, 31.613967895507812, 31.95065689086914, 32.29895782470703, 32.63564682006836, 32.97233581542969, 33.32063293457031, 33.6689338684082, 34.00562286376953, 34.34231185913086, 34.69061279296875, 35.038909912109375, 35.387210845947266, 35.723899841308594, 36.06058883666992, 36.40888977050781, 36.75718688964844, 37.093875885009766, 37.430564880371094, 37.778865814208984, 38.12716293334961, 38.48707580566406, 38.85859298706055, 39.2301139831543, 39.60163116455078], "rhythm.bpm_histogram": [0.0, 0.0, 0.0, 0.0, 0.0, 0.0, 0.0, 0.0, 0.0, 0.0, 0.0, 0.0, 0.0, 0.0, 0.0, 0.0, 0.0, 0.0, 0.0, 0.0, 0.0, 0.0, 0.0, 0.0, 0.0, 0.0, 0.0, 0.0, 0.0, 0.0, 0.0, 0.0, 0.0, 0.0, 0.0, 0.0, 0.0, 0.0, 0.0, 0.0, 0.0, 0.0, 0.0, 0.0, 0.0, 0.0, 0.0, 0.0, 0.0, 0.0, 0.0, 0.0, 0.0, 0.0, 0.0, 0.0, 0.0, 0.0, 0.0, 0.0, 0.0, 0.0, 0.0, 0.0, 0.0, 0.0, 0.0, 0.0, 0.0, 0.0, 0.0, 0.0, 0.0, 0.0, 0.0, 0.0, 0.0, 0.0, 0.0, 0.0, 0.0, 0.0, 0.0, 0.0, 0.0, 0.0, 0.0, 0.0, 0.0, 0.0, 0.0, 0.0, 0.0, 0.0, 0.0, 0.0, 0.0, 0.0, 0.0, 0.0, 0.0, 0.0, 0.0, 0.0, 0.0, 0.0, 0.0, 0.0, 0.0, 0.0, 0.0, 0.0, 0.0, 0.0, 0.0, 0.0, 0.0, 0.0, 0.0, 0.0, 0.0, 0.0, 0.0, 0.0, 0.0, 0.0, 0.0, 0.0, 0.0, 0.0, 0.0, 0.0, 0.0, 0.0, 0.0, 0.0, 0.0, 0.0, 0.0, 0.0, 0.0, 0.0, 0.0, 0.0, 0.0, 0.0, 0.0, 0.0, 0.0, 0.0, 0.0, 0.0, 0.0, 0.0, 0.0, 0.0, 0.0, 0.0, 0.0, 0.0, 0.0, 0.035087719559669495, 0.0, 0.0, 0.0, 0.0, 0.0, 0.02631578966975212, 0.0, 0.0, 0.0, 0.0, 0.5, 0.0, 0.0, 0.0, 0.0, 0.0, 0.429824560880661, 0.0, 0.0, 0.0, 0.0, 0.0, 0.0, 0.008771929889917374, 0.0, 0.0, 0.0, 0.0, 0.0, 0.0, 0.0, 0.0, 0.0, 0.0, 0.0, 0.0, 0.0, 0.0, 0.0, 0.0, 0.0, 0.0, 0.0, 0.0, 0.0, 0.0, 0.0, 0.0, 0.0, 0.0, 0.0, 0.0, 0.0, 0.0, 0.0, 0.0, 0.0, 0.0, 0.0, 0.0, 0.0, 0.0, 0.0, 0.0, 0.0, 0.0, 0.0, 0.0, 0.0, 0.0, 0.0, 0.0, 0.0, 0.0, 0.0, 0.0, 0.0, 0.0, 0.0, 0.0, 0.0, 0.0, 0.0, 0.0, 0.0, 0.0, 0.0, 0.0], "tonal.chords_histogram": [14.814814567565918, 59.83796310424805, 20.13888931274414, 0.0, 0.6944444179534912, 0.0, 0.0, 0.0, 0.0, 0.0, 0.5787037014961243, 0.0, 0.0, 0.0, 0.0, 0.0, 0.0, 0.9259259104728699, 0.0, 0.0, 0.0, 1.0416666269302368, 1.1574074029922485, 0.8101851940155029], "tonal.thpcp": [1.0, 0.44137564301490784, 0.01629094034433365, 0.0023675737902522087, 0.0037108093965798616, 0.06533362716436386, 0.07873529195785522, 0.01701696589589119, 0.002092118375003338, 0.003965043928474188, 0.03620382398366928, 0.5653377771377563, 0.5900008678436279, 0.10098234564065933, 0.20804208517074585, 0.1853092908859253, 0.022402605041861534, 0.006617868319153786, 0.008469679392874241, 0.01575842685997486, 0.1534045785665512, 0.2024524211883545, 0.06921424716711044, 0.021152503788471222, 0.02318798191845417, 0.029254231601953506, 0.22554738819599152, 0.3460419774055481, 0.1756962388753891, 0.058200348168611526, 0.026604337617754936, 0.011377766728401184, 0.036358702927827835, 0.043238475918769836, 0.054475363343954086, 0.6146555542945862], "lowlevel.gfcc.cov": [[4753.12353515625, -510.3603210449219, -378.7378845214844, -12.263847351074219, -13.057340621948242, 377.0479431152344, 45.40679168701172, 94.06927490234375, -100.74729919433594, 148.15980529785156, -11.187590599060059, 60.20810317993164, -63.268802642822266], [-510.3603210449219, 527.7550048828125, 284.8129577636719, 79.60590362548828, 4.6824774742126465, -115.6939926147461, -5.693305015563965, -52.304439544677734, 44.641136169433594, -11.147018432617188, 103.40502166748047, 44.558746337890625, 82.38030242919922], [-378.7378845214844, 284.8129577636719, 328.8851318359375, 125.00141143798828, 84.03256225585938, -14.115178108215332, 36.38285446166992, -20.061763763427734, 29.513629913330078, -15.529865264892578, 41.0440788269043, 16.533960342407227, 32.854434967041016], [-12.263847351074219, 79.60590362548828, 125.00141143798828, 152.5084991455078, 110.26002502441406, 43.57958221435547, 23.46135711669922, -9.304177284240723, 12.894206047058105, -6.914173126220703, 4.891338348388672, -38.2432746887207, 6.753759860992432], [-13.057340621948242, 4.6824774742126465, 84.03256225585938, 110.26002502441406, 183.5944366455078, 104.50833129882812, 50.80173110961914, 1.581180214881897, 9.676724433898926, -11.834268569946289, -31.74376678466797, -57.68478775024414, -19.107637405395508], [377.0479431152344, -115.6939926147461, -14.115178108215332, 43.57958221435547, 104.50833129882812, 186.51666259765625, 84.70536804199219, 24.998218536376953, -0.4009014666080475, -13.845592498779297, -59.637996673583984, -57.07179641723633, -42.797340393066406], [45.40679168701172, -5.693305015563965, 36.38285446166992, 23.46135711669922, 50.80173110961914, 84.70536804199219, 117.80422973632812, 39.38914489746094, 0.8585116863250732, -29.271987915039062, -37.22813034057617, -37.07711410522461, -39.62622833251953], [94.06927490234375, -52.304439544677734, -20.061763763427734, -9.304177284240723, 1.581180214881897, 24.998218536376953, 39.38914489746094, 73.84317779541016, 25.023836135864258, -9.586287498474121, -19.729171752929688, -9.170613288879395, -18.287769317626953], [-100.74729919433594, 44.641136169433594, 29.513629913330078, 12.894206047058105, 9.676724433898926, -0.4009014666080475, 0.8585116863250732, 25.023836135864258, 71.27809143066406, 25.712432861328125, 6.566285610198975, -5.4575886726379395, 6.4963860511779785], [148.15980529785156, -11.147018432617188, -15.529865264892578, -6.914173126220703, -11.834268569946289, -13.845592498779297, -29.271987915039062, -9.586287498474121, 25.712432861328125, 102.5093994140625, 54.040531158447266, 35.521522521972656, 25.320436477661133], [-11.187590599060059, 103.40502166748047, 41.0440788269043, 4.891338348388672, -31.74376678466797, -59.637996673583984, -37.22813034057617, -19.729171752929688, 6.566285610198975, 54.040531158447266, 116.9000244140625, 83.44027709960938, 48.26259231567383], [60.20810317993164, 44.558746337890625, 16.533960342407227, -38.2432746887207, -57.68478775024414, -57.07179641723633, -37.07711410522461, -9.170613288879395, -5.4575886726379395, 35.521522521972656, 83.44027709960938, 143.63485717773438, 70.62841796875], [-63.268802642822266, 82.38030242919922, 32.854434967041016, 6.753759860992432, -19.107637405395508, -42.797340393066406, -39.62622833251953, -18.287769317626953, 6.4963860511779785, 25.320436477661133, 48.26259231567383, 70.62841796875, 99.28497314453125]], "lowlevel.gfcc.icov": [[0.00043122645001858473, -0.000528393778949976, 0.0005676548462361097, -0.0008885014103725553, 0.0007531552691943944, -0.0016104254173114896, 0.0009106118232011795, -0.0012561274925246835, 0.001435782527551055, -0.0011946670711040497, 0.000589093950111419, -0.0008293670252896845, 0.0006830074707977474], [-0.000528393778949976, 0.008101487532258034, -0.005232671275734901, 0.002754823537543416, -0.0005817473283968866, 0.0051984540186822414, -0.005035380367189646, 0.006796200759708881, -0.006991988979279995, 0.006012800615280867, -0.00729859434068203, 0.005105082411319017, -0.0053033530712127686], [0.0005676548462361097, -0.005232671275734901, 0.010166043415665627, -0.006695232354104519, -0.0006165532395243645, -0.0011316480813547969, -0.0007922399672679603, -0.0012072097742930055, 0.001185841392725706, -0.001990752061828971, 0.0038757389411330223, -0.0059444294311106205, 0.003424633527174592], [-0.0008885014103725553, 0.002754823537543416, -0.006695232354104519, 0.019877946004271507, -0.008869986981153488, 0.0025879335589706898, -0.0008413776522502303, 0.002661636099219322, -0.003101252717897296, 0.004498624708503485, -0.008018216118216515, 0.00948626920580864, -0.006220619194209576], [0.0007531552691943944, -0.0005817473283968866, -0.0006165532395243645, -0.008869986981153488, 0.015622531063854694, -0.008548853918910027, 0.0018205129308626056, -0.0012771289329975843, 0.0021790515165776014, -0.0027409372851252556, 0.0022933532018214464, -0.0003623942320700735, 0.001282385434024036], [-0.0016104254173114896, 0.0051984540186822414, -0.0011316480813547969, 0.0025879335589706898, -0.008548853918910027, 0.02064591646194458, -0.012670633383095264, 0.00809861533343792, -0.007819770835340023, 0.0042182705365121365, -0.0010367846116423607, 0.002927997149527073, -0.0035952115431427956], [0.0009106118232011795, -0.005035380367189646, -0.0007922399672679603, -0.0008413776522502303, 0.0018205129308626056, -0.012670633383095264, 0.023239435628056526, -0.014438539743423462, 0.009474162012338638, -0.003512786002829671, 0.004006721545010805, -0.0026025641709566116, 0.006761718075722456], [-0.0012561274925246835, 0.006796200759708881, -0.0012072097742930055, 0.002661636099219322, -0.0012771289329975843, 0.00809861533343792, -0.014438539743423462, 0.031004156917333603, -0.019288597628474236, 0.009775934740900993, -0.0043901680037379265, 0.001027149730361998, -0.002855439204722643], [0.001435782527551055, -0.006991988979279995, 0.001185841392725706, -0.003101252717897296, 0.0021790515165776014, -0.007819770835340023, 0.009474162012338638, -0.019288597628474236, 0.03109491616487503, -0.014583577401936054, 0.006993387825787067, -0.0011052344925701618, 0.002883399836719036], [-0.0011946670711040497, 0.006012800615280867, -0.001990752061828971, 0.004498624708503485, -0.0027409372851252556, 0.0042182705365121365, -0.003512786002829671, 0.009775934740900993, -0.014583577401936054, 0.02300717495381832, -0.01413313765078783, 0.004894657991826534, -0.005233126692473888], [0.000589093950111419, -0.00729859434068203, 0.0038757389411330223, -0.008018216118216515, 0.0022933532018214464, -0.0010367846116423607, 0.004006721545010805, -0.0043901680037379265, 0.006993387825787067, -0.01413313765078783, 0.029413344338536263, -0.01588623784482479, 0.0066290441900491714], [-0.0008293670252896845, 0.005105082411319017, -0.0059444294311106205, 0.00948626920580864, -0.0003623942320700735, 0.002927997149527073, -0.0026025641709566116, 0.001027149730361998, -0.0011052344925701618, 0.004894657991826534, -0.01588623784482479, 0.024037206545472145, -0.013652736321091652], [0.0006830074707977474, -0.0053033530712127686, 0.003424633527174592, -0.006220619194209576, 0.001282385434024036, -0.0035952115431427956, 0.006761718075722456, -0.002855439204722643, 0.002883399836719036, -0.005233126692473888, 0.0066290441900491714, -0.013652736321091652, 0.022703057155013084]], "lowlevel.mfcc.cov": [[4579.8134765625, -518.179931640625, -289.1349182128906, -294.22381591796875, -15.145316123962402, 172.526123046875, 159.33786010742188, 56.1617431640625, 7.700252532958984, 90.0871810913086, 95.16931915283203, 13.636099815368652, 49.04205322265625], [-518.179931640625, 441.3002624511719, 210.04449462890625, 143.36444091796875, 12.308913230895996, -35.68763732910156, -37.98826599121094, -31.294763565063477, -23.67714500427246, -47.09049987792969, -51.4751091003418, 17.521154403686523, 89.87252807617188], [-289.1349182128906, 210.04449462890625, 227.51239013671875, 120.04731750488281, 43.62014389038086, 23.298315048217773, 3.361426591873169, 5.6876139640808105, 4.836672306060791, -5.543906211853027, -27.464929580688477, 5.402621269226074, 62.47005844116211], [-294.22381591796875, 143.36444091796875, 120.04731750488281, 156.17373657226562, 62.35697555541992, 17.384185791015625, 11.948826789855957, -17.33186149597168, -9.406225204467773, -10.874757766723633, -13.832706451416016, 4.252542495727539, 26.05599021911621], [-15.145316123962402, 12.308913230895996, 43.62014389038086, 62.35697555541992, 142.8551483154297, 84.4615707397461, 42.25560760498047, 17.02427864074707, 19.12362289428711, 20.945697784423828, 20.901227951049805, 7.8019280433654785, -39.131404876708984], [172.526123046875, -35.68763732910156, 23.298315048217773, 17.384185791015625, 84.4615707397461, 171.32479858398438, 83.1263198852539, 36.4566764831543, 44.69049072265625, 45.703372955322266, 39.581974029541016, -0.6112960577011108, -46.772823333740234], [159.33786010742188, -37.98826599121094, 3.361426591873169, 11.948826789855957, 42.25560760498047, 83.1263198852539, 115.69489288330078, 59.873653411865234, 28.964048385620117, 29.575862884521484, 24.79888153076172, 9.519553184509277, -32.5322151184082], [56.1617431640625, -31.294763565063477, 5.6876139640808105, -17.33186149597168, 17.02427864074707, 36.4566764831543, 59.873653411865234, 127.77043151855469, 54.946044921875, 28.261260986328125, 13.071686744689941, 7.944447994232178, -13.685980796813965], [7.700252532958984, -23.67714500427246, 4.836672306060791, -9.406225204467773, 19.12362289428711, 44.69049072265625, 28.964048385620117, 54.946044921875, 99.71818542480469, 45.60382843017578, 29.125844955444336, 8.812088012695312, -32.92144775390625], [90.0871810913086, -47.09049987792969, -5.543906211853027, -10.874757766723633, 20.945697784423828, 45.703372955322266, 29.575862884521484, 28.261260986328125, 45.60382843017578, 98.24440002441406, 53.691566467285156, 2.467217445373535, -58.42647171020508], [95.16931915283203, -51.4751091003418, -27.464929580688477, -13.832706451416016, 20.901227951049805, 39.581974029541016, 24.79888153076172, 13.071686744689941, 29.125844955444336, 53.691566467285156, 122.77999877929688, 34.94823455810547, -62.44253921508789], [13.636099815368652, 17.521154403686523, 5.402621269226074, 4.252542495727539, 7.8019280433654785, -0.6112960577011108, 9.519553184509277, 7.944447994232178, 8.812088012695312, 2.467217445373535, 34.94823455810547, 98.59465789794922, 13.583935737609863], [49.04205322265625, 89.87252807617188, 62.47005844116211, 26.05599021911621, -39.131404876708984, -46.772823333740234, -32.5322151184082, -13.685980796813965, -32.92144775390625, -58.42647171020508, -62.44253921508789, 13.583935737609863, 228.97372436523438]], "lowlevel.mfcc.icov": [[0.00030458797118