{"song_id": "1182276901826469899", "download": "https://cdn.discordapp.com/attachments/1135911532732108921/1182276901826469899/chirp.mp4?ex=65841c2b&amp", "lyrics": "En la ciudad, bajo un cielo de tono rosa, un Citro\u00ebn C1 azul reposa. Con alas de libertad, los p\u00e1jaros vuelan, mientras el sol en el horizonte se cuela. Ruedas rojas girando, aventuras llamando, en el asfalto, sue\u00f1os vamos trazando. El viento susurra historias de un viaje sin fin, con cada kil\u00f3metro, un nuevo cap\u00edtulo comienza aqu\u00ed.", "style": ["opening anime"], "essentia_features": {"lowlevel.average_loudness": 0.9767987728118896, "lowlevel.barkbands_crest.mean": 13.945785522460938, "lowlevel.barkbands_crest.stdev": 4.5328216552734375, "lowlevel.barkbands_flatness_db.mean": 0.18253616988658905, "lowlevel.barkbands_flatness_db.stdev": 0.055743325501680374, "lowlevel.barkbands_kurtosis.mean": 22.705507278442383, "lowlevel.barkbands_kurtosis.stdev": 28.342824935913086, "lowlevel.barkbands_skewness.mean": 3.7112300395965576, "lowlevel.barkbands_skewness.stdev": 2.0948848724365234, "lowlevel.barkbands_spread.mean": 18.49884033203125, "lowlevel.barkbands_spread.stdev": 19.485517501831055, "lowlevel.dissonance.mean": 0.4574282467365265, "lowlevel.dissonance.stdev": 0.0318317636847496, "lowlevel.dynamic_complexity": 1.6985046863555908, "lowlevel.erbbands_crest.mean": 9.229107856750488, "lowlevel.erbbands_crest.stdev": 4.5741167068481445, "lowlevel.erbbands_flatness_db.mean": 0.1151316910982132, "lowlevel.erbbands_flatness_db.stdev": 0.030880138278007507, "lowlevel.erbbands_kurtosis.mean": 0.7152008414268494, "lowlevel.erbbands_kurtosis.stdev": 3.303358554840088, "lowlevel.erbbands_skewness.mean": 0.5715484619140625, "lowlevel.erbbands_skewness.stdev": 1.1073750257492065, "lowlevel.erbbands_spread.mean": 71.10533142089844, "lowlevel.erbbands_spread.stdev": 29.864564895629883, "lowlevel.hfc.mean": 27.509765625, "lowlevel.hfc.stdev": 29.833858489990234, "lowlevel.loudness_ebu128.integrated": -13.671873092651367, "lowlevel.loudness_ebu128.loudness_range": 1.088028907775879, "lowlevel.loudness_ebu128.momentary.mean": -13.827417373657227, "lowlevel.loudness_ebu128.momentary.stdev": 1.287697196006775, "lowlevel.loudness_ebu128.short_term.mean": -13.695846557617188, "lowlevel.loudness_ebu128.short_term.stdev": 0.395943820476532, "lowlevel.melbands_crest.mean": 17.006000518798828, "lowlevel.melbands_crest.stdev": 4.551014423370361, "lowlevel.melbands_flatness_db.mean": 0.2754115164279938, "lowlevel.melbands_flatness_db.stdev": 0.0690300241112709, "lowlevel.melbands_kurtosis.mean": 75.50186157226562, "lowlevel.melbands_kurtosis.stdev": 81.9338607788086, "lowlevel.melbands_skewness.mean": 6.16090726852417, "lowlevel.melbands_skewness.stdev": 3.11425518989563, "lowlevel.melbands_spread.mean": 11.404285430908203, "lowlevel.melbands_spread.stdev": 17.557788848876953, "lowlevel.pitch_salience.mean": 0.4573408365249634, "lowlevel.pitch_salience.stdev": 0.1170526072382927, "lowlevel.silence_rate_20dB.mean": 1.0, "lowlevel.silence_rate_20dB.stdev": 0.0, "lowlevel.silence_rate_30dB.mean": 0.9084588885307312, "lowlevel.silence_rate_30dB.stdev": 0.28837522864341736, "lowlevel.silence_rate_60dB.mean": 0.008111239410936832, "lowlevel.silence_rate_60dB.stdev": 0.0896964743733406, "lowlevel.spectral_centroid.mean": 1136.1153564453125, "lowlevel.spectral_centroid.stdev": 907.0792846679688, "lowlevel.spectral_complexity.mean": 13.382966041564941, "lowlevel.spectral_complexity.stdev": 8.144627571105957, "lowlevel.spectral_decrease.mean": -1.5871039593662317e-08, "lowlevel.spectral_decrease.stdev": 9.662863398318677e-09, "lowlevel.spectral_energy.mean": 0.06239619478583336, "lowlevel.spectral_energy.stdev": 0.03683970868587494, "lowlevel.spectral_energyband_high.mean": 0.00208212248980999, "lowlevel.spectral_energyband_high.stdev": 0.003539914032444358, "lowlevel.spectral_energyband_low.mean": 0.043055761605501175, "lowlevel.spectral_energyband_low.stdev": 0.034442488104104996, "lowlevel.spectral_energyband_middle_high.mean": 0.0020901805255562067, "lowlevel.spectral_energyband_middle_high.stdev": 0.0025668968446552753, "lowlevel.spectral_energyband_middle_low.mean": 0.017088212072849274, "lowlevel.spectral_energyband_middle_low.stdev": 0.017030049115419388, "lowlevel.spectral_entropy.mean": 7.598199844360352, "lowlevel.spectral_entropy.stdev": 0.4414824843406677, "lowlevel.spectral_flux.mean": 0.09422153979539871, "lowlevel.spectral_flux.stdev": 0.06800199300050735, "lowlevel.spectral_kurtosis.mean": 1.8068630695343018, "lowlevel.spectral_kurtosis.stdev": 1.1368569135665894, "lowlevel.spectral_rms.mean": 0.007495710626244545, "lowlevel.spectral_rms.stdev": 0.0021653366275131702, "lowlevel.spectral_rolloff.mean": 892.0266723632812, "lowlevel.spectral_rolloff.stdev": 2158.394775390625, "lowlevel.spectral_skewness.mean": 1.137202501296997, "lowlevel.spectral_skewness.stdev": 0.3550894558429718, "lowlevel.spectral_spread.mean": 6718806.5, "lowlevel.spectral_spread.stdev": 2341589.75, "lowlevel.spectral_strongpeak.mean": 0.6764640212059021, "lowlevel.spectral_strongpeak.stdev": 0.5990224480628967, "lowlevel.zerocrossingrate.mean": 0.05374035984277725, "lowlevel.zerocrossingrate.stdev": 0.05581463500857353, "metadata.audio_properties.analysis.equal_loudness": 0.0, "metadata.audio_properties.analysis.length": 40.04265213012695, "metadata.audio_properties.analysis.sample_rate": 44100.0, "metadata.audio_properties.analysis.start_time": 0.0, "metadata.audio_properties.bit_rate": 120829.0, "metadata.audio_properties.length": 40.042667388916016, "metadata.audio_properties.lossless": 0.0, "metadata.audio_properties.number_channels": 1.0, "metadata.audio_properties.replay_gain": -11.161317825317383, "metadata.audio_properties.sample_rate": 48000.0, "rhythm.beats_count": 82.0, "rhythm.beats_loudness.mean": 0.09445051103830338, "rhythm.beats_loudness.stdev": 0.040179356932640076, "rhythm.bpm": 123.91139221191406, "rhythm.bpm_histogram_first_peak_bpm": 123.0, "rhythm.bpm_histogram_first_peak_weight": 0.3125, "rhythm.bpm_histogram_second_peak_bpm": 129.0, "rhythm.bpm_histogram_second_peak_spread": 0.0, "rhythm.bpm_histogram_second_peak_weight": 0.012345679104328156, "rhythm.danceability": 1.3951499462127686, "rhythm.onset_rate": 3.62007474899292, "tonal.chords_changes_rate": 0.05324074253439903, "tonal.chords_number_rate": 0.012731481343507767, "tonal.chords_strength.mean": 0.5367926359176636, "tonal.chords_strength.stdev": 0.08718403428792953, "tonal.hpcp_crest.mean": 17.083789825439453, "tonal.hpcp_crest.stdev": 7.267027854919434, "tonal.hpcp_entropy.mean": 1.5185627937316895, "tonal.hpcp_entropy.stdev": 0.7025517821311951, "tonal.key_edma.strength": 0.6803069710731506, "tonal.key_krumhansl.strength": 0.7006048560142517, "tonal.key_temperley.strength": 0.7146819829940796, "tonal.tuning_diatonic_strength": 0.553208589553833, "tonal.tuning_equal_tempered_deviation": 0.03198138251900673, "tonal.tuning_frequency": 441.5275573730469, "tonal.tuning_nontempered_energy_ratio": 0.6437793970108032, "lowlevel.barkbands.mean": [0.0010975023033097386, 0.03147772699594498, 0.008620938286185265, 0.004074614495038986, 0.006840048357844353, 0.003082919167354703, 0.0010427981615066528, 0.0011121395509690046, 0.0008353074081242085, 0.0004018167674075812, 0.0004132367321290076, 0.0002210049715358764, 0.00012082343164365739, 8.332973084179685e-05, 0.000180804607225582, 0.00010789291991386563, 0.00011296445882180706, 0.00012384889123495668, 0.00021654745796695352, 0.00032164002186618745, 0.0004208403988741338, 0.00036749127320945263, 0.00027495031827129424, 0.0003614045854192227, 0.00030227124807424843, 0.00016762652376201004, 1.3738022062170785e-05], "lowlevel.barkbands.stdev": [0.001659770729020238, 0.030897870659828186, 0.007715586572885513, 0.004297255072742701, 0.012933746911585331, 0.005036120302975178, 0.0025666693691164255, 0.0029258541762828827, 0.002793010324239731, 0.0008010638994164765, 0.0014028000878170133, 0.0010070273419842124, 0.000437174312537536, 0.0002276087470818311, 0.000700425764080137, 0.0002282262867083773, 0.00015861510473769158, 0.00016613074694760144, 0.00029244314646348357, 0.00046580893103964627, 0.0006535335560329258, 0.000658959848806262, 0.0004771547392010689, 0.0008933176868595183, 0.0007804586202837527, 0.0003899438597727567, 3.0696526664542034e-05], "lowlevel.erbbands.mean": [0.7818774580955505, 7.257624626159668, 12.408015251159668, 11.459349632263184, 18.603666305541992, 21.301908493041992, 30.857532501220703, 20.99005699157715, 15.76051139831543, 17.982982635498047, 25.470457077026367, 20.51073455810547, 7.8022308349609375, 16.71824836730957, 15.702075958251953, 10.500543594360352, 6.274826526641846, 4.340320587158203, 9.723570823669434, 6.507498264312744, 5.509882926940918, 5.913376808166504, 6.591888427734375, 10.220952033996582, 11.855777740478516, 15.468778610229492, 16.030996322631836, 16.534719467163086, 14.123005867004395, 10.622465133666992, 6.93815803527832, 6.107016563415527, 6.806707859039307, 4.2245402336120605, 1.5833940505981445, 0.5968917012214661, 0.33655640482902527, 0.07794076204299927, 0.0016589892329648137, 0.0001186681110993959], "lowlevel.erbbands.stdev": [1.1843390464782715, 6.338510990142822, 9.420581817626953, 10.295011520385742, 40.20563507080078, 39.61692810058594, 53.0751838684082, 33.76515579223633, 39.55331039428711, 46.520355224609375, 66.75663757324219, 65.3958511352539, 14.880038261413574, 37.886009216308594, 48.97596740722656, 44.6396484375, 19.545454025268555, 9.98572063446045, 40.37116241455078, 12.267252922058105, 9.634357452392578, 8.010835647583008, 8.113210678100586, 14.49606704711914, 16.375123977661133, 23.105243682861328, 24.139986038208008, 26.453981399536133, 25.82267951965332, 18.03365135192871, 12.490800857543945, 14.25313949584961, 17.602157592773438, 11.44053840637207, 3.9128777980804443, 1.493674874305725, 0.8007375597953796, 0.17470940947532654, 0.0035073061008006334, 0.00011628319043666124], "lowlevel.gfcc.mean": [18.37347984313965, 73.4491195678711, -56.865943908691406, 64.842529296875, -57.6570930480957, 17.296966552734375, -29.54431915283203, 10.150787353515625, -25.00456428527832, 7.637381076812744, -14.41828441619873, 3.9101064205169678, -9.984492301940918], "lowlevel.melbands.mean": [0.007956435903906822, 0.0076168011873960495, 0.0022338719572871923, 0.0014397019986063242, 0.0010887996759265661, 0.0004888421972282231, 0.00022787023044656962, 0.0001982632966246456, 0.0002247688389616087, 0.00010839926835615188, 3.480722079984844e-05, 6.63448590785265e-05, 5.653353946399875e-05, 2.986829713336192e-05, 2.0725938156829216e-05, 9.448761375097092e-06, 7.803381777193863e-06, 1.4438988728215918e-05, 1.053950563800754e-05, 8.840427653922234e-06, 5.900635187572334e-06, 6.0631409724010155e-06, 6.3178908931149635e-06, 5.9509598031581845e-06, 8.572417755203787e-06, 7.721334441157524e-06, 9.910037078952882e-06, 1.0171921530854888e-05, 9.754106031323317e-06, 1.0562360330368392e-05, 8.851930033415556e-06, 8.291976882901508e-06, 6.424786533898441e-06, 5.850824891240336e-06, 3.978329914389178e-06, 3.4502791095292196e-06, 3.9059564187482465e-06, 5.003860678698402e-06, 4.650678874895675e-06, 3.1545632737106644e-06], "lowlevel.melbands.stdev": [0.009292486123740673, 0.005363459698855877, 0.002170135034248233, 0.002951941452920437, 0.0017657448770478368, 0.0007767544011585414, 0.0005721999914385378, 0.0005402351962402463, 0.0005944254226051271, 0.0003529918903950602, 7.365916098933667e-05, 0.00015376420924440026, 0.00019631448958534747, 0.0001314258697675541, 7.088149868650362e-05, 2.4250601200037636e-05, 2.1424892111099325e-05, 5.7070319599006325e-05, 3.3686552342260256e-05, 1.9374598196009174e-05, 9.972073712560814e-06, 9.376343768963125e-06, 8.113470357784536e-06, 8.321357199747581e-06, 1.289486408495577e-05, 1.0941210348391905e-05, 1.4700397514388897e-05, 1.5905709005892277e-05, 1.4737727724423166e-05, 1.7633175957598723e-05, 1.4703673514304683e-05, 1.5722986063337885e-05, 1.1936841474380344e-05, 9.970714017981663e-06, 7.128678589651827e-06, 7.131677193683572e-06, 9.966068319045007e-06, 1.3386175851337612e-05, 1.2575746950460598e-05, 8.753373549552634e-06], "lowlevel.melbands128.mean": [0.0009809457696974277, 0.005472614895552397, 0.010829606093466282, 0.012858482077717781, 0.008071673102676868, 0.0036548550706356764, 0.002171533415094018, 0.0020726474467664957, 0.001922949799336493, 0.0014431903837248683, 0.001025269739329815, 0.001270386972464621, 0.001083678100258112, 0.0009542277548462152, 0.0005289370892569423, 0.00019465801597107202, 0.00021599027968477458, 0.00029268101206980646, 0.0001532041933387518, 0.00020960123219992965, 0.0002210463280789554, 0.00014684010238852352, 0.00026254396652802825, 0.000249831733526662, 0.0001602501724846661, 3.2657775591360405e-05, 2.627928915899247e-05, 4.292252560844645e-05, 1.9439101379248314e-05, 8.79255894687958e-05, 6.709732406307012e-05, 5.6327084166696295e-05, 6.994432624196634e-05, 5.1790393627015874e-05, 1.7624630345380865e-05, 3.320476389490068e-05, 3.158486288157292e-05, 1.4080292203288991e-05, 2.315107121830806e-05, 1.1074426765844692e-05, 5.99040640736348e-06, 6.220268460310763e-06, 6.803118594689295e-06, 1.046490615408402e-05, 6.908199793542735e-06, 1.2577689631143585e-05, 3.0740808142581955e-05, 4.939118753100047e-06, 5.0863159231084865e-06, 1.0676266356313135e-05, 9.180519555229694e-06, 8.493330824421719e-06, 4.431988145370269e-06, 5.832965143781621e-06, 6.641643267357722e-06, 6.032436886016512e-06, 4.7025623644003645e-06, 8.234312190325e-06, 5.823178980790544e-06, 5.202437478146749e-06, 5.3656185627914965e-06, 6.17406203673454e-06, 1.0515429494262207e-05, 8.845182492223103e-06, 6.185865458974149e-06, 7.680863745918032e-06, 8.88071099325316e-06, 8.010205419850536e-06, 1.0955190191452857e-05, 1.1162427654198837e-05, 1.0700310667743906e-05, 9.03586987988092e-06, 9.452575795876328e-06, 1.0943765119009186e-05, 8.667464499012567e-06, 9.25898439163575e-06, 1.3375777598412242e-05, 9.942936230800115e-06, 8.13821952760918e-06, 7.052666205709102e-06, 8.915225407690741e-06, 8.841758244670928e-06, 7.142939466575626e-06, 6.349389877868816e-06, 5.453654011944309e-06, 6.017506620992208e-06, 6.4337091316701844e-06, 4.649309175874805e-06, 3.604759740483132e-06, 3.614046818256611e-06, 3.7807519674970536e-06, 3.220866119590937e-06, 3.1806807783141267e-06, 3.465162308202707e-06, 4.404634182719747e-06, 6.13385918768472e-06, 4.615527814166853e-06, 4.114115199627122e-06, 5.195720405026805e-06, 4.871153123531258e-06, 3.5513519378582714e-06, 3.05280696011323e-06, 2.29368151849485e-06, 2.162803411920322e-06, 1.5923145610940992e-06, 1.369190954392252e-06, 1.6584888271609088e-06, 1.1410872957640095e-06, 8.742593990973546e-07, 7.548386520284112e-07, 8.581128554396855e-07, 1.0142282462766161e-06, 1.1798597370216157e-06, 1.256615291822527e-06, 1.0549792932579294e-06, 1.0099489600179368e-06, 5.688675059900561e-07, 5.084300624957905e-08, 1.5670067674000698e-11, 1.2793492827622988e-11, 1.2593480945566338e-11, 1.1815124399683352e-11, 1.1469888407111828e-11, 1.1088518124535707e-11, 9.849856173749227e-12, 7.86171475142261e-12, 6.785096356293208e-12, 6.594868314641067e-12], "lowlevel.melbands128.stdev": [0.0015648145927116275, 0.010235277004539967, 0.013942757621407509, 0.010779336094856262, 0.006335163023322821, 0.003451094264164567, 0.002301196800544858, 0.0023743498604744673, 0.005092630162835121, 0.004147642757743597, 0.00225037126801908, 0.002923146355897188, 0.0024229655973613262, 0.0018150549149140716, 0.0010799913434311748, 0.00041830804548226297, 0.0007471860735677183, 0.0009220073116011918, 0.0004368312074802816, 0.0006983064231462777, 0.0008374147582799196, 0.0005048454040661454, 0.000938008539378643, 0.0009666768601164222, 0.00064976786961779, 0.00011411243758630008, 7.54285792936571e-05, 0.00013241931446827948, 4.737103154184297e-05, 0.00022693182108923793, 0.00021920511790085584, 0.0002543317968957126, 0.0003298214578535408, 0.00021459799609147012, 8.804711978882551e-05, 0.0002496546076145023, 0.0001676042447797954, 6.413307710317895e-05, 0.00011986032041022554, 3.274366463301703e-05, 1.905385397549253e-05, 1.53650798893068e-05, 1.910494756884873e-05, 4.79307200293988e-05, 2.127023253706284e-05, 5.556745600188151e-05, 0.00016349430370610207, 1.906064062495716e-05, 1.0287544682796579e-05, 2.8540769562823698e-05, 2.6836747565539554e-05, 2.639898048073519e-05, 9.22162325878162e-06, 1.294963021791773e-05, 1.6266638340312056e-05, 1.1968277249252424e-05, 7.539073976658983e-06, 1.3504663002095185e-05, 8.91873878572369e-06, 8.229979357565753e-06, 9.532142939860933e-06, 9.911691449815407e-06, 2.083491563098505e-05, 1.5073305803525727e-05, 9.71483314060606e-06, 1.1781946341216099e-05, 1.7711965483613312e-05, 1.2888162018498406e-05, 1.8784854546538554e-05, 2.0932206098223105e-05, 2.377066084591206e-05, 1.4899056623107754e-05, 1.6041718481574208e-05, 1.806246473279316e-05, 1.7193744497490115e-05, 1.9090397472609766e-05, 2.327891706954688e-05, 1.7671240129857324e-05, 1.5348759916378185e-05, 1.377061016683001e-05, 1.828130189096555e-05, 1.8407559764455073e-05, 1.4535446098307148e-05, 1.3631925867230166e-05, 1.0460270459589083e-05, 1.0458501492394134e-05, 1.2507935025496408e-05, 8.538803740520962e-06, 6.77521484249155e-06, 7.851324880903121e-06, 8.368263479496818e-06, 6.813318123022327e-06, 8.409240763285197e-06, 1.0370575182605535e-05, 1.3093253983242903e-05, 1.6562016753596254e-05, 1.3600070815300569e-05, 1.2724756743409671e-05, 1.45604044519132e-05, 1.3914299415773712e-05, 1.1444616575317923e-05, 8.277151209767908e-06, 6.956393008294981e-06, 5.659203452523798e-06, 4.611820259015076e-06, 3.899554940289818e-06, 4.820079993805848e-06, 3.0822004646324785e-06, 2.5187141545757186e-06, 2.3086117835191544e-06, 2.7252342533756746e-06, 2.7312012207403313e-06, 3.0199198590707965e-06, 3.154754494971712e-06, 2.6437646738486364e-06, 2.471289917593822e-06, 1.2912030342704384e-06, 1.518423147217618e-07, 1.900742896410179e-10, 1.7932264007036736e-10, 1.7980836264364086e-10, 1.7799639540072576e-10, 1.7691982601153455e-10, 1.6735975105763856e-10, 1.2264242399417924e-10, 4.822010846172731e-11, 1.2446411089273024e-11, 1.038619624332826e-11], "lowlevel.mfcc.mean": [-636.5693969726562, 96.40697479248047, 55.07632827758789, 50.81689453125, 10.01559066772461, 13.954901695251465, 8.772665977478027, 3.695254325866699, 3.110240936279297, 1.1360523700714111, 0.5227606892585754, 1.8817912340164185, 2.2211010456085205], "lowlevel.spectral_contrast_coeffs.mean": [-0.701896071434021, -0.7052134871482849, -0.76828932762146, -0.8135735988616943, -0.7988759875297546, -0.7391377687454224], "lowlevel.spectral_contrast_coeffs.stdev": [0.06675776839256287, 0.07321267575025558, 0.07656000554561615, 0.0471828356385231, 0.034716080874204636, 0.0383407287299633], "lowlevel.spectral_contrast_valleys.mean": [-5.94882869720459, -7.252577304840088, -8.208439826965332, -8.315173149108887, -7.566484451293945, -9.769615173339844], "lowlevel.spectral_contrast_valleys.stdev": [1.4183437824249268, 1.3716442584991455, 1.3187679052352905, 1.3092572689056396, 1.3301506042480469, 1.3061991930007935], "rhythm.beats_loudness_band_ratio.mean": [0.7749814987182617, 0.17598186433315277, 0.04508962854743004, 0.023045619949698448, 0.012622020207345486, 0.04377175495028496], "rhythm.beats_loudness_band_ratio.stdev": [0.15353500843048096, 0.18758080899715424, 0.055399611592292786, 0.034485310316085815, 0.01691918820142746, 0.03952765464782715], "tonal.hpcp.mean": [0.21979892253875732, 0.093518927693367, 0.02282513491809368, 0.019438568502664566, 0.019914675503969193, 0.046645816415548325, 0.06925150752067566, 0.06009817123413086, 0.14464610815048218, 0.18349921703338623, 0.08594390749931335, 0.025216594338417053, 0.009958773851394653, 0.011724498122930527, 0.06813382357358932, 0.17151597142219543, 0.13502131402492523, 0.03262867406010628, 0.019195841625332832, 0.03217007592320442, 0.14941835403442383, 0.3070096969604492, 0.21288710832595825, 0.14352095127105713, 0.18620364367961884, 0.0871545746922493, 0.018168436363339424, 0.014458990655839443, 0.014916174113750458, 0.0676029622554779, 0.10225027799606323, 0.0659763365983963, 0.04274403676390648, 0.042859043926000595, 0.05465333163738251, 0.17089231312274933], "tonal.hpcp.stdev": [0.34713396430015564, 0.18636180460453033, 0.11235330253839493, 0.11009160429239273, 0.09960164874792099, 0.14720720052719116, 0.18495014309883118, 0.16386713087558746, 0.2743813097476959, 0.33850330114364624, 0.19009540975093842, 0.12189789861440659, 0.05883781239390373, 0.05452875420451164, 0.16915138065814972, 0.342102587223053, 0.2714020609855652, 0.11582696437835693, 0.08489876985549927, 0.11008334159851074, 0.2212281972169876, 0.3962968587875366, 0.30981194972991943, 0.26023557782173157, 0.36049601435661316, 0.18649618327617645, 0.08170777559280396, 0.0590803436934948, 0.06202921271324158, 0.16706955432891846, 0.23631909489631653, 0.18030403554439545, 0.14974719285964966, 0.16075876355171204, 0.17036943137645721, 0.2806740701198578], "rhythm.beats_position": [0.4992290139198303, 0.9984580278396606, 1.486077070236206, 1.9736961126327515, 2.449705123901367, 2.937324285507202, 3.4133331775665283, 3.9009523391723633, 4.3769612312316895, 4.8645806312561035, 5.34058952331543, 5.8282084465026855, 6.315827369689941, 6.8034467697143555, 7.291065692901611, 7.778684616088867, 8.266304016113281, 8.753922462463379, 9.229931831359863, 9.705941200256348, 10.193559646606445, 10.68117904663086, 11.157188415527344, 11.644806861877441, 12.120816230773926, 12.608434677124023, 13.096054077148438, 13.572063446044922, 14.04807186126709, 14.535691261291504, 15.023310661315918, 15.510929107666016, 15.9869384765625, 16.462947845458984, 16.9505672454834, 17.43818473815918, 17.925804138183594, 18.413423538208008, 18.901042938232422, 19.388662338256836, 19.86467170715332, 20.340679168701172, 20.828298568725586, 21.31591796875, 21.803537368774414, 22.291156768798828, 22.76716423034668, 23.243173599243164, 23.730792999267578, 24.218412399291992, 24.706031799316406, 25.18204116821289, 25.658048629760742, 26.145668029785156, 26.63328742980957, 27.120906829833984, 27.6085262298584, 28.09614372253418, 28.583763122558594, 29.059772491455078, 29.535781860351562, 30.023401260375977, 30.51102066040039, 30.987028121948242, 31.463037490844727, 31.95065689086914, 32.43827438354492, 32.92589569091797, 33.41351318359375, 33.9011344909668, 34.37714385986328, 34.8531494140625, 35.34077072143555, 35.82838821411133, 36.316009521484375, 36.803627014160156, 37.2912483215332, 37.778865814208984, 38.243263244628906, 38.73088455200195, 39.218502044677734, 39.70612335205078], "rhythm.bpm_histogram": [0.0, 0.0, 0.0, 0.0, 0.0, 0.0, 0.0, 0.0, 0.0, 0.0, 0.0, 0.0, 0.0, 0.0, 0.0, 0.0, 0.0, 0.0, 0.0, 0.0, 0.0, 0.0, 0.0, 0.0, 0.0, 0.0, 0.0, 0.0, 0.0, 0.0, 0.0, 0.0, 0.0, 0.0, 0.0, 0.0, 0.0, 0.0, 0.0, 0.0, 0.0, 0.0, 0.0, 0.0, 0.0, 0.0, 0.0, 0.0, 0.0, 0.0, 0.0, 0.0, 0.0, 0.0, 0.0, 0.0, 0.0, 0.0, 0.0, 0.0, 0.0, 0.0, 0.0, 0.0, 0.0, 0.0, 0.0, 0.0, 0.0, 0.0, 0.0, 0.0, 0.0, 0.0, 0.0, 0.0, 0.0, 0.0, 0.0, 0.0, 0.0, 0.0, 0.0, 0.0, 0.0, 0.0, 0.0, 0.0, 0.0, 0.0, 0.0, 0.0, 0.0, 0.0, 0.0, 0.0, 0.0, 0.0, 0.0, 0.0, 0.0, 0.0, 0.0, 0.0, 0.0, 0.0, 0.0, 0.0, 0.0, 0.0, 0.0, 0.0, 0.0, 0.0, 0.0, 0.0, 0.0, 0.0, 0.0, 0.0, 0.012345679104328156, 0.0, 0.0, 0.6790123581886292, 0.0, 0.0, 0.29629629850387573, 0.0, 0.0, 0.012345679104328156, 0.0, 0.0, 0.0, 0.0, 0.0, 0.0, 0.0, 0.0, 0.0, 0.0, 0.0, 0.0, 0.0, 0.0, 0.0, 0.0, 0.0, 0.0, 0.0, 0.0, 0.0, 0.0, 0.0, 0.0, 0.0, 0.0, 0.0, 0.0, 0.0, 0.0, 0.0, 0.0, 0.0, 0.0, 0.0, 0.0, 0.0, 0.0, 0.0, 0.0, 0.0, 0.0, 0.0, 0.0, 0.0, 0.0, 0.0, 0.0, 0.0, 0.0, 0.0, 0.0, 0.0, 0.0, 0.0, 0.0, 0.0, 0.0, 0.0, 0.0, 0.0, 0.0, 0.0, 0.0, 0.0, 0.0, 0.0, 0.0, 0.0, 0.0, 0.0, 0.0, 0.0, 0.0, 0.0, 0.0, 0.0, 0.0, 0.0, 0.0, 0.0, 0.0, 0.0, 0.0, 0.0, 0.0, 0.0, 0.0, 0.0, 0.0, 0.0, 0.0, 0.0, 0.0, 0.0, 0.0, 0.0, 0.0, 0.0, 0.0, 0.0, 0.0, 0.0, 0.0, 0.0, 0.0, 0.0, 0.0, 0.0, 0.0, 0.0, 0.0, 0.0, 0.0, 0.0, 0.0, 0.0, 0.0, 0.0, 0.0], "tonal.chords_histogram": [27.43055534362793, 14.23611068725586, 3.7037036418914795, 1.8518518209457397, 0.3472222089767456, 3.0092592239379883, 0.0, 3.2407407760620117, 0.0, 9.606481552124023, 0.9259259104728699, 0.0, 0.0, 0.0, 0.0, 0.0, 7.754629611968994, 0.0, 2.5462963581085205, 0.0, 0.0, 0.0, 11.458333015441895, 13.88888931274414], "tonal.thpcp": [1.0, 0.6934214234352112, 0.4674801826477051, 0.6065073609352112, 0.28388217091560364, 0.059178706258535385, 0.04709620028734207, 0.048585351556539536, 0.2201981395483017, 0.33305227756500244, 0.21489985287189484, 0.1392269879579544, 0.13960160315036774, 0.178018257021904, 0.5566349029541016, 0.7159348130226135, 0.30461227893829346, 0.074346624314785, 0.06331581622362137, 0.06486660242080688, 0.15193596482276917, 0.22556781768798828, 0.1957533359527588, 0.4711450934410095, 0.597698450088501, 0.2799387276172638, 0.08213614672422409, 0.03243797644972801, 0.03818934038281441, 0.22192727029323578, 0.5586662888526917, 0.43979495763778687, 0.10627897083759308, 0.0625251978635788, 0.10478521138429642, 0.48668935894966125], "lowlevel.gfcc.cov": [[10732.9775390625, -29.42745018005371, -430.0640563964844, 111.20539093017578, -476.04632568359375, 196.54830932617188, -143.73324584960938, 174.07614135742188, -180.22378540039062, 112.39138793945312, -195.75389099121094, 106.18082427978516, -126.33209991455078], [-29.42745018005371, 1115.9007568359375, -394.8006896972656, -51.60183334350586, -20.327747344970703, -69.46199035644531, 110.17129516601562, -20.105484008789062, 109.29894256591797, -154.91299438476562, 86.13042449951172, -65.35372924804688, 111.44654083251953], [-430.0640563964844, -394.8006896972656, 728.0909423828125, 45.715065002441406, 57.080657958984375, -5.070575714111328, -33.984012603759766, -17.084487915039062, -19.673503875732422, 127.92953491210938, 5.993463039398193, 69.14025115966797, -87.96210479736328], [111.20539093017578, -51.60183334350586, 45.715065002441406, 365.78924560546875, 103.85520935058594, 7.476531505584717, -53.15966796875, -49.15463638305664, 23.14356231689453, 3.1766531467437744, 26.126506805419922, -31.757780075073242, 45.380775451660156], [-476.04632568359375, -20.327747344970703, 57.080657958984375, 103.85520935058594, 224.43690490722656, 28.079877853393555, -23.597877502441406, -21.710811614990234, 15.805743217468262, 17.38690948486328, -0.7154861092567444, 0.5341183543205261, 34.400726318359375], [196.54830932617188, -69.46199035644531, -5.070575714111328, 7.476531505584717, 28.079877853393555, 142.24050903320312, 79.92613220214844, 35.056461334228516, -24.06817054748535, -10.302632331848145, 11.043776512145996, -2.0819358825683594, -3.2997305393218994], [-143.73324584960938, 110.17129516601562, -33.984012603759766, -53.15966796875, -23.597877502441406, 79.92613220214844, 186.04440307617188, 69.19278717041016, -0.2672729194164276, -49.44564437866211, 35.7228889465332, -7.461719989776611, -8.478300094604492], [174.07614135742188, -20.105484008789062, -17.084487915039062, -49.15463638305664, -21.710811614990234, 35.056461334228516, 69.19278717041016, 104.14019775390625, 11.256973266601562, -9.851395606994629, -6.07379150390625, 12.883288383483887, 0.048089414834976196], [-180.22378540039062, 109.29894256591797, -19.673503875732422, 23.14356231689453, 15.805743217468262, -24.06817054748535, -0.2672729194164276, 11.256973266601562, 114.42549896240234, 21.510034561157227, 10.643141746520996, -19.098430633544922, 14.102311134338379], [112.39138793945312, -154.91299438476562, 127.92953491210938, 3.1766531467437744, 17.38690948486328, -10.302632331848145, -49.44564437866211, -9.851395606994629, 21.510034561157227, 109.7365951538086, 9.600309371948242, 14.165045738220215, -38.43118667602539], [-195.75389099121094, 86.13042449951172, 5.993463039398193, 26.126506805419922, -0.7154861092567444, 11.043776512145996, 35.7228889465332, -6.07379150390625, 10.643141746520996, 9.600309371948242, 91.4083251953125, 6.671836853027344, -0.3361206650733948], [106.18082427978516, -65.35372924804688, 69.14025115966797, -31.757780075073242, 0.5341183543205261, -2.0819358825683594, -7.461719989776611, 12.883288383483887, -19.098430633544922, 14.165045738220215, 6.671836853027344, 75.9126968383789, 8.71302318572998], [-126.33209991455078, 111.44654083251953, -87.96210479736328, 45.380775451660156, 34.400726318359375, -3.2997305393218994, -8.478300094604492, 0.048089414834976196, 14.102311134338379, -38.43118667602539, -0.3361206650733948, 8.71302318572998, 97.58604431152344]], "lowlevel.gfcc.icov": [[0.00021864466543775052, -0.00040440072189085186, 0.00021821960399392992, -0.0005795615143142641, 0.0006684401305392385, -0.0007627024897374213, 0.00048806521226651967, -0.0005999078275635839, 0.0005615341360680759, -0.0009127015364356339, 0.0009597422322258353, -0.0008158618002198637, 0.0006279408116824925], [-0.00040440072189085186, 0.0028717340901494026, 4.560866000247188e-05, 0.001861842698417604, -0.0015467684715986252, 0.002782918745651841, -0.0019843692425638437, 0.002332701813429594, -0.0028575893957167864, 0.0039044658187776804, -0.0037891678512096405, 0.0024373990017920732, -0.0024421107955276966], [0.00021821960399392992, 4.560866000247188e-05, 0.0025313065852969885, -0.0011056478833779693, 0.0001148521841969341, 1.0220776857750025e-05, -0.0006752880872227252, 0.00014356386964209378, 0.0005342048825696111, -0.002482267562299967, 0.0012643426889553666, -0.002883780747652054, 0.0021344381384551525], [-0.0005795615143142641, 0.001861842698417604, -0.0011056478833779693, 0.00590888038277626, -0.00302394712343812, 0.0015604456420987844, 8.587217598687857e-05, 0.0024602473713457584, -0.0025315023958683014, 0.004134605173021555, -0.005217099096626043, 0.005053381901234388, -0.003971050027757883], [0.0006684401305392385, -0.0015467684715986252, 0.0001148521841969341, -0.00302394712343812, 0.008060629479587078, -0.00436472287401557, 0.0017499116947874427, -0.0007860663463361561, 0.0011968330945819616, -0.004216421861201525, 0.004103200044482946, -0.002749133389443159, -0.0002689778048079461], [-0.0007627024897374213, 0.002782918745651841, 1.0220776857750025e-05, 0.0015604456420987844, -0.00436472287401557, 0.01488275732845068, -0.00797966681420803, 0.0013298045378178358, 0.0004976135096512735, 0.0018490604124963284, -0.003885903162881732, 0.004029806703329086, -0.0032509644515812397], [0.00048806521226651967, -0.0019843692425638437, -0.0006752880872227252, 8.587217598687857e-05, 0.0017499116947874427, -0.00797966681420803, 0.01563665270805359, -0.008420318365097046, 0.0003923166077584028, 0.004501829855144024, -0.0032624260056763887, 3.2021955121308565e-05, 0.004427512176334858], [-0.0005999078275635839, 0.002332701813429594, 0.00014356386964209378, 0.0024602473713457584, -0.0007860663463361561, 0.0013298045378178358, -0.008420318365097046, 0.01818922534584999, -0.005307946354150772, 0.0017853447934612632, 0.0006635732715949416, -0.0014783759834244847, -0.003269350389018655], [0.0005615341360680759, -0.0028575893957167864, 0.0005342048825696111, -0.0025315023958683014, 0.0011968330945819616, 0.0004976135096512735, 0.0003923166077584028, -0.005307946354150772, 0.015220072120428085, -0.009302069433033466, 0.0031177655328065157, 0.0015255220932886004, -0.000707484781742096], [-0.0009127015364356339, 0.0039044658187776804, -0.002482267562299967, 0.004134605173021555, -0.004216421861201525, 0.0018490604124963284, 0.004501829855144024, 0.0017853447934612632, -0.009302069433033466, 0.02482176199555397, -0.010239999741315842, 0.0024314983747899532, 0.0030054959934204817], [0.0009597422322258353, -0.0037891678512096405, 0.0012643426889553666, -0.005217099096626043, 0.004103200044482946, -0.003885903162881732, -0.0032624260056763887, 0.0006635732715949416, 0.0031177655328065157, -0.010239999741315842, 0.021109873428940773, -0.00807899609208107, 0.0035847730468958616], [-0.0008158618002198637, 0.0024373990017920732, -0.002883780747652054, 0.005053381901234388, -0.002749133389443159, 0.004029806703329086, 3.2021955121308565e-05, -0.0014783759834244847, 0.0015255220932886004, 0.0024314983747899532, -0.00807899609208107, 0.023215195164084435, -0.009043763391673565], [0.0006279408116824925, -0.0024421107955276966, 0.0021344381384551525, -0.003971050027757883, -0.0002689778048079461, -0.0032509644515812397, 0.004427512176334858, -0.003269350389018655, -0.000707484781742096, 0.0030054959934204817, 0.0035847730468958616, -0.009043763391673565, 0.020096715539693832]], "lowlevel.mfcc.cov": [[5354.6220703125, -40.9869384765625, -149.03858947753906, -126.47478485107422, -175.7365264892578, -41.96817398071289, -7.1697096824646, 52.82383728027344, 53.41974639892578, 56.36042404174805, 12.321345329284668, -64.21121215820312, -64.09832000732422], [-40.9869384765625, 865.9923095703125, -153.67205810546875, -35.65473556518555, -85.97309112548828, -63.514244079589844, -25.043378829956055, 72.10563659667969, 13.40755844116211, -0.5852085947990417, -6.908229827880859, -4.914116859436035, 13.668547630310059], [-149.03858947753906, -153.67205810546875, 487.15899658203125, 65.95014190673828, 25.286788940429688, 34.67015075683594, 30.740455627441406, -39.765350341796875, -24.184202194213867, -40.79636001586914, 69.18355560302734, 72.8999252319336, 26.871379852294922], [-126.47478485107422, -35.65473556518555, 65.95014190673828, 259.3582763671875, 131.59327697753906, 57.392921447753906, -26.345809936523438, -34.84603500366211, -4.856626510620117, 2.324641704559326, -19.172828674316406, -6.2025041580200195, 18.28679084777832], [-175.7365264892578, -85.97309112548828, 25.286788940429688, 131.59327697753906, 220.29327392578125, 77.88230895996094, -30.966625213623047, -59.26836395263672, 12.284768104553223, -1.0213028192520142, -24.915756225585938, -8.977551460266113, 22.71489715576172], [-41.96817398071289, -63.514244079589844, 34.67015075683594, 57.392921447753906, 77.88230895996094, 120.21902465820312, 36.31354904174805, -11.391393661499023, -4.842511177062988, 6.7837090492248535, 1.4962170124053955, 10.550962448120117, 10.24929141998291], [-7.1697096824646, -25.043378829956055, 30.740455627441406, -26.345809936523438, -30.966625213623047, 36.31354904174805, 167.39073181152344, 76.87239074707031, -7.804882049560547, 5.989739418029785, 0.5774909853935242, 11.295687675476074, 7.179375648498535], [52.82383728027344, 72.10563659667969, -39.765350341796875, -34.84603500366211, -59.26836395263672, -11.391393661499023, 76.87239074707031, 140.98959350585938, 38.66265106201172, 15.457537651062012, -16.888582229614258, -6.638789176940918, 4.258991241455078], [53.41974639892578, 13.40755844116211, -24.184202194213867, -4.856626510620117, 12.284768104553223, -4.842511177062988, -7.804882049560547, 38.66265106201172, 92.30953979492188, 24.788663864135742, -17.770265579223633, -19.785444259643555, 0.9801465272903442], [56.36042404174805, -0.5852085947990417, -40.79636001586914, 2.324641704559326, -1.0213028192520142, 6.7837090492248535, 5.989739418029785, 15.457537651062012, 24.788663864135742, 80.17172241210938, 19.956562042236328, -5.225164413452148, -11.327967643737793], [12.321345329284668, -6.908229827880859, 69.18355560302734, -19.172828674316406, -24.915756225585938, 1.4962170124053955, 0.5774909853935242, -16.888582229614258, -17.770265579223633, 19.956562042236328, 91.02767944335938, 44.7113151550293, 0.3031729459762573], [-64.21121215820312, -4.914116859436035, 72.8999252319336, -6.2025041580200195, -8.977551460266113, 10.550962448120117, 11.295687675476074, -6.638789176940918, -19.785444259643555, -5.225164413452148, 44.7113151550293, 96.5739974975586, 40.004425048828125], [-64.09832000732422, 13.668547630310059, 26.871379852294922, 18.28679084777832, 22.71489715576172, 10.24929141998291, 7.179375648498535, 4.258991241455078, 0.9801465272903442, -11.327967643737793, 0.3031729459762573, 40.004425048828125, 78.54041290283203]], "lowlevel.mfcc.icov": [[0.00019784607866313308, 3.33969910570886e-05, 4.4547774450620636e-05, 6.857335847598733e-06, 0.00020252878312021494, -8.699754835106432e-05, 4.612006523529999e-05, 9.178699656331446e-06, -0.00011321940110065043, -4.8541765863774344e-05, -6.991103145992383e-05, 0.00012216046161483973, 1.934061583597213e-05], [3.33969910570886e-05, 0.001369456760585308, 0.0004472318687476218, -0.00023185426834970713, 0.0004074367170687765, 0.00024963216856122017, 0.0004887770628556609, -0.0008105815504677594, 6.52907692710869e-05, 0.0003504770575091243, -0.0004186422156635672, 4.19037023675628e-05, -0.000431232328992337], [4.4547774450620636e-05, 0.0004472318687476218, 0.0031611695885658264, -0.0011605037143453956, 0.00031985738314688206, 8.99824226507917e-06, -0.0010412383126094937, 0.0007442830828949809, -0.001184434280730784, 0.0025038286112248898, -0.0026094107888638973, -0.001136003527790308, 7.292550435522571e-05], [6.857335847598733e-06, -0.00023185426834970713, -0.0011605037143453956, 0.006204850506037474, -0.0031994283199310303, -0.0010215506190434098, 0.0013175924541428685, -0.0009072382235899568, 0.0018013014923781157, -0.0016266300808638334, 0.0014896008651703596, 0.0007239328697323799, -0.0006458917050622404], [0.00020252878312021494, 0.0004074367170687765, 0.00031985738314688206, -0.0031994283199310303, 0.010030071251094341, -0.004663327243179083, 0.0006320294924080372, 0.003554925788193941, -0.002783122705295682, 0.00013541572843678296, 0.0015058396384119987, 0.0010033843573182821, -0.002275564009323716], [-8.699754835106432e-05, 0.00024963216856122017, 8.99824226507917e-06, -0.0010215506190434098, -0.004663327243179083, 0.013433878310024738, -0.0042043207213282585, 0.0009256319608539343, 0.00038685943582095206, -0.0009690237347967923, -0.00046925569768063724, -0.001496637356467545, 0.0006695930496789515], [4.612006523529999e-05, 0.0004887770628556609, -0.0010412383126094937, 0.0013175924541428685, 0.0006320294924080372, -0.0042043207213282585, 0.010945486836135387, -0.0070666903629899025, 0.003806882305070758, -0.001139000873081386, 0.000828297168482095, 0.00026034816983155906, -0.0005970138590782881], [9.178699656331446e-06, -0.0008105815504677594, 0.0007442830828949809, -0.0009072382235899568, 0.003554925788193941, 0.0009256319608539343, -0.0070666903629899025, 0.015045859850943089, -0.0065811434760689735, -0.0006707356660626829, 0.002093309536576271, -0.0005153793026693165, -0.0009738808148540556], [-0.00011321940110065043, 6.52907692710869e-05, -0.001184434280730784, 0.0018013014923781157, -0.002783122705295682, 0.00038685943582095206, 0.003806882305070758, -0.0065811434760689735, 0.016635006293654442, -0.005527978762984276, 0.0026449321303516626, 0.002251872094348073, -0.001516711781732738], [-4.8541765863774344e-05, 0.0003504770575091243, 0.0025038286112248898, -0.0016266300808638334, 0.00013541572843678296, -0.0009690237347967923, -0.001139000873081386, -0.0006707356660626829, -0.005527978762984276, 0.018090207129716873, -0.007729933597147465, 0.0008176859118975699, 0.0019407630898058414], [-6.991103145992383e-05, -0.0004186422156635672, -0.0026094107888638973, 0.0014896008651703596, 0.0015058396384119987, -0.00046925569768063724, 0.000828297168482095, 0.002093309536576271, 0.0026449321303516626, -0.007729933597147465, 0.020341528579592705, -0.008300676010549068, 0.0029997541569173336], [0.00012216046161483973, 4.19037023675628e-05, -0.001136003527790308, 0.0007239328697323799, 0.0010033843573182821, -0.001496637356467545, 0.00026034816983155906, -0.0005153793026693165, 0.002251872094348073, 0.0008176859118975699, -0.008300676010549068, 0.019948139786720276, -0.009816897101700306], [1.934061583597213e-05, -0.000431232328992337, 7.292550435522571e-05, -0.0006458917050622404, -0.002275564009323716, 0.0006695930496789515, -0.0005970138590782881, -0.0009738808148540556, -0.001516711781732738, 0.0019407630898058414, 0.0029997541569173336, -0.009816897101700306, 0.018914178013801575]], "metadata.audio_properties.analysis.downmix": "mix", "metadata.audio_properties.codec": "mp3", "metadata.audio_properties.md5_encoded": "cc9f2beffbcc78910c52487791b51bf9",