{"song_id": "1182277822765600788", "download": "https://cdn.discordapp.com/attachments/1128313332273782784/1182277822765600788/chirp.mp4?ex=65841d06&amp", "lyrics": "\u79c1\u3092\u98df\u3079\u308b \u79c1\u3092\u98df\u3079\u308b \u79c1\u3092\u98df\u3079\u308b \u79c1\u3092\u98df\u3079\u308b \u79c1\u3092\u98df\u3079\u308b \u79c1\u3092\u98df\u3079\u308b \u79c1\u3092\u98df\u3079\u308b \u79c1\u3092\u98df\u3079\u308b \u79c1\u3092\u98df\u3079\u308b \u79c1\u3092\u98df\u3079\u308b \u79c1\u3092\u98df\u3079\u308b \u79c1\u3092\u98df\u3079\u308b", "style": ["Joyful positive instrumental"], "essentia_features": {"lowlevel.average_loudness": 0.95045006275177, "lowlevel.barkbands_crest.mean": 17.732036590576172, "lowlevel.barkbands_crest.stdev": 6.221157073974609, "lowlevel.barkbands_flatness_db.mean": 0.2595014274120331, "lowlevel.barkbands_flatness_db.stdev": 0.16493722796440125, "lowlevel.barkbands_kurtosis.mean": 62.89017868041992, "lowlevel.barkbands_kurtosis.stdev": 190.0701446533203, "lowlevel.barkbands_skewness.mean": 3.362139940261841, "lowlevel.barkbands_skewness.stdev": 4.987705707550049, "lowlevel.barkbands_spread.mean": 19.788896560668945, "lowlevel.barkbands_spread.stdev": 16.9237003326416, "lowlevel.dissonance.mean": 0.45610642433166504, "lowlevel.dissonance.stdev": 0.04835142940282822, "lowlevel.dynamic_complexity": 3.5823874473571777, "lowlevel.erbbands_crest.mean": 15.238140106201172, "lowlevel.erbbands_crest.stdev": 7.631678104400635, "lowlevel.erbbands_flatness_db.mean": 0.21389804780483246, "lowlevel.erbbands_flatness_db.stdev": 0.10951291024684906, "lowlevel.erbbands_kurtosis.mean": 17.04442596435547, "lowlevel.erbbands_kurtosis.stdev": 56.81812286376953, "lowlevel.erbbands_skewness.mean": 1.0594860315322876, "lowlevel.erbbands_skewness.stdev": 2.384817361831665, "lowlevel.erbbands_spread.mean": 41.02117919921875, "lowlevel.erbbands_spread.stdev": 27.997541427612305, "lowlevel.hfc.mean": 40.57160186767578, "lowlevel.hfc.stdev": 38.711830139160156, "lowlevel.loudness_ebu128.integrated": -14.287625312805176, "lowlevel.loudness_ebu128.loudness_range": 1.4481725692749023, "lowlevel.loudness_ebu128.momentary.mean": -22.3748836517334, "lowlevel.loudness_ebu128.momentary.stdev": 43.94675064086914, "lowlevel.loudness_ebu128.short_term.mean": -14.287405014038086, "lowlevel.loudness_ebu128.short_term.stdev": 0.7067050933837891, "lowlevel.melbands_crest.mean": 26.387475967407227, "lowlevel.melbands_crest.stdev": 8.913887023925781, "lowlevel.melbands_flatness_db.mean": 0.32321488857269287, "lowlevel.melbands_flatness_db.stdev": 0.20103462040424347, "lowlevel.melbands_kurtosis.mean": 107.81375122070312, "lowlevel.melbands_kurtosis.stdev": 222.79493713378906, "lowlevel.melbands_skewness.mean": 5.225251197814941, "lowlevel.melbands_skewness.stdev": 6.132076263427734, "lowlevel.melbands_spread.mean": 23.960187911987305, "lowlevel.melbands_spread.stdev": 31.160314559936523, "lowlevel.pitch_salience.mean": 0.3284916877746582, "lowlevel.pitch_salience.stdev": 0.2130412757396698, "lowlevel.silence_rate_20dB.mean": 0.9953977465629578, "lowlevel.silence_rate_20dB.stdev": 0.06768285483121872, "lowlevel.silence_rate_30dB.mean": 0.6357659697532654, "lowlevel.silence_rate_30dB.stdev": 0.48121383786201477, "lowlevel.silence_rate_60dB.mean": 0.16831032931804657, "lowlevel.silence_rate_60dB.stdev": 0.3741445541381836, "lowlevel.spectral_centroid.mean": 1905.0091552734375, "lowlevel.spectral_centroid.stdev": 1890.131103515625, "lowlevel.spectral_complexity.mean": 10.083498001098633, "lowlevel.spectral_complexity.stdev": 9.189188957214355, "lowlevel.spectral_decrease.mean": -2.174090774076376e-08, "lowlevel.spectral_decrease.stdev": 2.1569736219362312e-08, "lowlevel.spectral_energy.mean": 0.08573511987924576, "lowlevel.spectral_energy.stdev": 0.0821978896856308, "lowlevel.spectral_energyband_high.mean": 0.0022131549194455147, "lowlevel.spectral_energyband_high.stdev": 0.002575282007455826, "lowlevel.spectral_energyband_low.mean": 0.06835605204105377, "lowlevel.spectral_energyband_low.stdev": 0.0810706689953804, "lowlevel.spectral_energyband_middle_high.mean": 0.00931499619036913, "lowlevel.spectral_energyband_middle_high.stdev": 0.013125229626893997, "lowlevel.spectral_energyband_middle_low.mean": 0.006424260791391134, "lowlevel.spectral_energyband_middle_low.stdev": 0.010822749696671963, "lowlevel.spectral_entropy.mean": 7.2663350105285645, "lowlevel.spectral_entropy.stdev": 1.2582331895828247, "lowlevel.spectral_flux.mean": 0.1020110547542572, "lowlevel.spectral_flux.stdev": 0.0948069617152214, "lowlevel.spectral_kurtosis.mean": 10.336634635925293, "lowlevel.spectral_kurtosis.stdev": 40.80173110961914, "lowlevel.spectral_rms.mean": 0.007678150199353695, "lowlevel.spectral_rms.stdev": 0.004968901630491018, "lowlevel.spectral_rolloff.mean": 2545.443603515625, "lowlevel.spectral_rolloff.stdev": 4068.595947265625, "lowlevel.spectral_skewness.mean": 1.9490400552749634, "lowlevel.spectral_skewness.stdev": 2.2028708457946777, "lowlevel.spectral_spread.mean": 8191542.0, "lowlevel.spectral_spread.stdev": 6578263.5, "lowlevel.spectral_strongpeak.mean": 1.3794441223144531, "lowlevel.spectral_strongpeak.stdev": 1.8115628957748413, "lowlevel.zerocrossingrate.mean": 0.09004278481006622, "lowlevel.zerocrossingrate.stdev": 0.10029073804616928, "metadata.audio_properties.analysis.equal_loudness": 0.0, "metadata.audio_properties.analysis.length": 35.28532791137695, "metadata.audio_properties.analysis.sample_rate": 44100.0, "metadata.audio_properties.analysis.start_time": 0.0, "metadata.audio_properties.bit_rate": 128217.0, "metadata.audio_properties.length": 35.28533172607422, "metadata.audio_properties.lossless": 0.0, "metadata.audio_properties.number_channels": 1.0, "metadata.audio_properties.replay_gain": -9.918966293334961, "metadata.audio_properties.sample_rate": 48000.0, "rhythm.beats_count": 74.0, "rhythm.beats_loudness.mean": 0.11850152164697647, "rhythm.beats_loudness.stdev": 0.08354648947715759, "rhythm.bpm": 126.99272155761719, "rhythm.bpm_histogram_first_peak_bpm": 126.0, "rhythm.bpm_histogram_first_peak_weight": 0.4647887349128723, "rhythm.bpm_histogram_second_peak_bpm": 133.0, "rhythm.bpm_histogram_second_peak_spread": 0.0, "rhythm.bpm_histogram_second_peak_weight": 0.027397260069847107, "rhythm.danceability": 1.3137904405593872, "rhythm.onset_rate": 5.409853935241699, "tonal.chords_changes_rate": 0.032851509749889374, "tonal.chords_number_rate": 0.006570302415639162, "tonal.chords_strength.mean": 0.5672591328620911, "tonal.chords_strength.stdev": 0.07017354667186737, "tonal.hpcp_crest.mean": 14.087211608886719, "tonal.hpcp_crest.stdev": 5.683992385864258, "tonal.hpcp_entropy.mean": 1.6057041883468628, "tonal.hpcp_entropy.stdev": 0.6536210179328918, "tonal.key_edma.strength": 0.6925814151763916, "tonal.key_krumhansl.strength": 0.6861230134963989, "tonal.key_temperley.strength": 0.681239128112793, "tonal.tuning_diatonic_strength": 0.6935251355171204, "tonal.tuning_equal_tempered_deviation": 0.27556824684143066, "tonal.tuning_frequency": 434.193115234375, "tonal.tuning_nontempered_energy_ratio": 0.9763768911361694, "lowlevel.barkbands.mean": [0.004755660425871611, 0.059426117688417435, 0.0036134764086455107, 0.0010165540734305978, 0.002077957382425666, 0.002134811133146286, 0.00038675498217344284, 0.0002355208562221378, 0.0005618991563096642, 0.00019148140563629568, 0.001182367792353034, 0.001695771818049252, 0.0006862154114060104, 0.003118555760011077, 0.0011421428062021732, 0.00024962122552096844, 0.00024087353085633367, 0.0001623518910491839, 0.0005232667899690568, 0.0002578263229224831, 0.0001327366626355797, 0.00012818477989640087, 0.00018344023555982858, 0.0007905628299340606, 0.000678358948789537, 0.0001485367538407445, 1.4076733350520954e-05], "lowlevel.barkbands.stdev": [0.0056841932237148285, 0.07290825992822647, 0.020364591851830482, 0.006428536493331194, 0.0049765147268772125, 0.0037358731497079134, 0.0010890403063967824, 0.0005366231198422611, 0.0013537084450945258, 0.0003443531459197402, 0.0021820608526468277, 0.0056236605159938335, 0.0032383936922997236, 0.00791656319051981, 0.003063901560381055, 0.000538611551746726, 0.0005276788724586368, 0.00031676600337959826, 0.0008468641899526119, 0.0004081975785084069, 0.00024396945082116872, 0.00029050305602140725, 0.00046435787226073444, 0.0010198235977441072, 0.0008566843462176621, 0.0002438486262690276, 3.397295222384855e-05], "lowlevel.erbbands.mean": [3.0303616523742676, 7.994495868682861, 4.93169641494751, 4.070810317993164, 5.2486748695373535, 7.841576099395752, 18.322927474975586, 8.958025932312012, 5.409477710723877, 3.464670181274414, 12.737494468688965, 8.807518005371094, 3.0466482639312744, 46.348636627197266, 15.676477432250977, 67.11235046386719, 47.346004486083984, 64.34430694580078, 173.64138793945312, 27.352201461791992, 15.125232696533203, 16.305490493774414, 7.7290449142456055, 18.94075584411621, 24.000595092773438, 10.205284118652344, 8.287221908569336, 4.0945329666137695, 4.402925968170166, 5.716024398803711, 5.0172858238220215, 4.7550435066223145, 18.96368980407715, 12.345357894897461, 2.2085089683532715, 0.43353205919265747, 0.32621511816978455, 0.07301855087280273, 0.0016656577354297042, 0.00014975805243011564], "lowlevel.erbbands.stdev": [3.6462581157684326, 11.625146865844727, 22.112491607666016, 22.86931800842285, 16.546194076538086, 21.812368392944336, 31.19098472595215, 14.652249336242676, 14.539566993713379, 11.476350784301758, 30.098922729492188, 20.690561294555664, 6.190181255340576, 86.97306060791016, 25.360801696777344, 226.5436553955078, 172.38682556152344, 131.10919189453125, 436.5917053222656, 53.01797866821289, 30.427581787109375, 35.62261962890625, 15.440979957580566, 28.334463119506836, 38.37384796142578, 15.994911193847656, 12.793750762939453, 8.59044361114502, 10.282354354858398, 12.76404857635498, 13.741816520690918, 9.759001731872559, 23.782608032226562, 15.348532676696777, 2.982461452484131, 0.8842071890830994, 0.5095478892326355, 0.12800182402133942, 0.003034705063328147, 0.00012112636613892391], "lowlevel.gfcc.mean": [-106.89798736572266, 22.499330520629883, -89.78827667236328, 22.0410099029541, -27.89246940612793, 39.37561798095703, -41.840797424316406, 7.683922290802002, -26.98423194885254, 17.667478561401367, 1.0510051250457764, -0.8546629548072815, 0.7533603310585022], "lowlevel.melbands.mean": [0.020564833655953407, 0.004662868566811085, 0.00071505963569507, 0.000502916460391134, 0.0005289071705192327, 0.00025936454767361283, 7.744260074105114e-05, 2.8927332095918246e-05, 0.00013374336413107812, 4.700704084825702e-05, 8.051568329392467e-06, 0.00017209607176482677, 8.551029168302193e-05, 5.964086449239403e-05, 0.00029696145793423057, 2.8107018806622364e-05, 0.00013930548448115587, 0.00035088398726657033, 6.56576085020788e-05, 1.5874149539740756e-05, 1.4401070984604303e-05, 1.9446946680545807e-05, 7.229321909107966e-06, 6.2879475990484934e-06, 1.544906263006851e-05, 2.7199617761652917e-05, 8.820544280752074e-06, 6.091232535254676e-06, 5.927405254624318e-06, 3.2727091365813976e-06, 2.021857881118194e-06, 2.4142191250575706e-06, 2.656287506397348e-06, 3.488510856186622e-06, 3.079875796174747e-06, 2.212797426182078e-06, 2.8887918688269565e-06, 9.617327123123687e-06, 2.108231456077192e-05, 7.228753929666709e-06], "lowlevel.melbands.stdev": [0.024779435247182846, 0.010446538217365742, 0.0035509506706148386, 0.0012742242543026805, 0.000850195880047977, 0.0004257316468283534, 0.0002134913083864376, 0.00010574951011221856, 0.00032347836531698704, 0.00011083595745731145, 2.8781683795386925e-05, 0.0003220805374439806, 0.00014805533282924443, 0.0001967657299246639, 0.001050376333296299, 0.00012301333481445909, 0.00029755724244751036, 0.0009189750417135656, 0.00015458004781976342, 3.546968582668342e-05, 3.0229290132410824e-05, 4.587346484186128e-05, 1.5357894881162792e-05, 1.1939914656977635e-05, 2.337191835977137e-05, 4.763368269777857e-05, 1.5806977899046615e-05, 1.0410913091618568e-05, 9.483339454163797e-06, 6.113726158218924e-06, 4.867715688305907e-06, 6.023350124451099e-06, 6.201905762281967e-06, 8.204110599763226e-06, 9.295101335737854e-06, 5.707814125344157e-06, 6.3762086028873455e-06, 1.281183085666271e-05, 2.7659199986374006e-05, 1.0007506716647185e-05], "lowlevel.melbands128.mean": [0.0046615744940936565, 0.028973950073122978, 0.02505110763013363, 0.009147566743195057, 0.0027372660115361214, 0.0016221950063481927, 0.0008401866070926189, 0.00042351539013907313, 0.0004922014777548611, 0.0006765744183212519, 0.00040921985055319965, 0.0001691193028818816, 0.0007141052628867328, 0.0008481123368255794, 0.00011322414502501488, 2.75749644060852e-05, 9.511174721410498e-05, 8.128178160404786e-05, 7.323255704250187e-05, 2.829985533026047e-05, 1.1647898645605892e-05, 1.271376277145464e-05, 0.00019418136798776686, 0.00022069146507419646, 2.2763115339330398e-05, 6.159097665658919e-06, 5.113154202263104e-06, 6.750200100213988e-06, 1.2633126971195452e-05, 2.7385760404285975e-05, 0.00035989395109936595, 0.00023381851497106254, 1.7510188627056777e-05, 1.6942472939263098e-05, 1.6318479538313113e-05, 2.1726895283791237e-05, 0.00015807671297807246, 0.0006079692393541336, 0.00011231174721615389, 2.3114096620702185e-05, 1.6068946933955885e-05, 1.9715522284968756e-05, 7.030253618722782e-05, 0.00011827488924609497, 0.000611725845374167, 0.00037523815990425646, 0.00010659338295226917, 9.492385288467631e-05, 2.6321133191231638e-05, 8.798280759947374e-06, 1.1256241123192012e-05, 2.9604565497720614e-05, 1.867404716904275e-05, 7.2006914706435055e-06, 6.3037405197974294e-06, 3.6941684811608866e-05, 1.133938530983869e-05, 4.925694156554528e-06, 7.846084372431505e-06, 7.050241038086824e-06, 3.3162691579491366e-06, 6.868477612442803e-06, 1.350714865111513e-05, 7.717752851021942e-06, 3.476583879091777e-05, 4.576421997626312e-05, 6.3669522205600515e-06, 1.2710588634945452e-05, 8.389602044189814e-06, 4.322203039919259e-06, 8.337518011103384e-06, 3.5176917663193308e-06, 9.293624316342175e-06, 5.105205673316959e-06, 4.4018506741849706e-06, 4.021472705062479e-06, 2.3926268113427795e-06, 2.133337147824932e-06, 1.957675976882456e-06, 1.7949528228200506e-06, 2.5676304176158737e-06, 2.5618703602958703e-06, 2.3304780825128546e-06, 2.681336809473578e-06, 2.9427803838188993e-06, 3.0149983558658278e-06, 4.134870778216282e-06, 3.5443231354292948e-06, 3.04081049762317e-06, 2.7129194677399937e-06, 2.3640818653802853e-06, 2.016254484260571e-06, 2.1092346287332475e-06, 2.034591716437717e-06, 3.1499921533395536e-06, 7.592785550514236e-06, 6.7581995608634315e-06, 1.697362313279882e-05, 3.315954018034972e-05, 1.5341121979872696e-05, 8.275373147625942e-06, 6.623000899708131e-06, 4.729183729068609e-06, 4.070077011419926e-06, 1.8471434941602638e-06, 7.931369623292994e-07, 8.493580594404193e-07, 9.027174883158295e-07, 6.11797815963655e-07, 4.2926757259920123e-07, 5.787911732113571e-07, 8.454238127342251e-07, 1.143523036262195e-06, 1.5213855704132584e-06, 1.2387313290673774e-06, 7.049433179417974e-07, 5.287830617817235e-07, 8.763404224509941e-08, 3.0912610249345107e-09, 7.07450265036158e-10, 3.8569458737924833e-10, 8.807449214387475e-11, 1.721607405247294e-11, 1.6704760838481825e-11, 1.532052956720875e-11, 1.3225811938688548e-11, 1.209769524140869e-11, 1.1877276939742387e-11], "lowlevel.melbands128.stdev": [0.005578573327511549, 0.03503316268324852, 0.031913433223962784, 0.017182311043143272, 0.012933015823364258, 0.009329421445727348, 0.005227475892752409, 0.002673126757144928, 0.001667918055318296, 0.001624930533580482, 0.0015436802059412003, 0.0005042872508056462, 0.0012744999257847667, 0.0015343346167355776, 0.000221229565795511, 8.462066034553573e-05, 0.0003179031191393733, 0.00023721576144453138, 0.00033032704959623516, 0.00011098945833509788, 5.680150934495032e-05, 4.704484308604151e-05, 0.0004826239892281592, 0.0005503122229129076, 6.236429180717096e-05, 3.888886931235902e-05, 3.085797652602196e-05, 2.870015123335179e-05, 3.4547687391750515e-05, 5.342728763935156e-05, 0.0006973274284973741, 0.0004564868868328631, 5.058384340372868e-05, 4.873850048170425e-05, 7.51278130337596e-05, 9.830939234234393e-05, 0.0005613677785731852, 0.002118034055456519, 0.0006055366829968989, 0.00012864272866863757, 7.224972796393558e-05, 6.51097361696884e-05, 0.00016903482901398093, 0.0003257144126109779, 0.0017188378842547536, 0.0011149065103381872, 0.00039602836477570236, 0.00023041642270982265, 7.393564010271803e-05, 4.22734665335156e-05, 3.583042780519463e-05, 8.453889313386753e-05, 4.6331060730153695e-05, 1.8525379346101545e-05, 1.444208828615956e-05, 9.875394607661292e-05, 2.542188303777948e-05, 1.2335313840594608e-05, 2.407378087809775e-05, 1.9019125829800032e-05, 8.13901442597853e-06, 1.4807852494413964e-05, 2.7859010515385307e-05, 1.464957222196972e-05, 6.361075065797195e-05, 9.122605115408078e-05, 1.3539670362661127e-05, 2.6858464480028488e-05, 1.6094210877781734e-05, 8.379874088859651e-06, 1.787941437214613e-05, 8.154212082445156e-06, 1.7450511222705245e-05, 9.948590559361037e-06, 8.280203473987058e-06, 8.075909136096016e-06, 6.243821644602576e-06, 5.6406956900900695e-06, 5.443744612421142e-06, 4.702147634816356e-06, 7.584659670101246e-06, 6.980957095947815e-06, 6.098420726630138e-06, 7.12329392626998e-06, 7.223770353448344e-06, 7.934691893751733e-06, 1.182143751066178e-05, 9.501222848484758e-06, 1.2666328984778374e-05, 8.29027430881979e-06, 6.39074414721108e-06, 6.1508612816396635e-06, 6.657877747784369e-06, 6.025796665198868e-06, 7.5413877311802935e-06, 1.4557084796251729e-05, 1.1207202078367118e-05, 2.3687274733674712e-05, 4.849930701311678e-05, 2.0847954147029668e-05, 1.2863127267337404e-05, 1.0330478289688472e-05, 8.058060302573722e-06, 6.109183232183568e-06, 3.256553327446454e-06, 1.8204074194727582e-06, 2.0401573692652164e-06, 2.0976292489649495e-06, 1.7376431742377463e-06, 1.4226395705918549e-06, 1.671606014497229e-06, 1.6397565332226804e-06, 1.905234853438742e-06, 2.1772018499177648e-06, 2.2818369416199857e-06, 1.4170836948323995e-06, 1.258162683370756e-06, 3.690824996738229e-07, 2.906451257445042e-08, 1.2121314618696033e-08, 9.124984323705121e-09, 1.8565502468703698e-09, 1.4389123226266065e-10, 1.375392300051459e-10, 1.0092199992373097e-10, 4.269246414723149e-11, 2.0689814445029597e-11, 1.9917893723242486e-11], "lowlevel.mfcc.mean": [-745.4168090820312, 66.7733383178711, 9.811583518981934, 2.629181146621704, 34.02839660644531, 17.721736907958984, 25.73952865600586, -10.259285926818848, -1.5472897291183472, 5.57144832611084, 7.300173759460449, -6.8064775466918945, 2.55172061920166], "lowlevel.spectral_contrast_coeffs.mean": [-0.6502404808998108, -0.7788988947868347, -0.7365146279335022, -0.7217750549316406, -0.7919608354568481, -0.7762032151222229], "lowlevel.spectral_contrast_coeffs.stdev": [0.13880307972431183, 0.11305208504199982, 0.1233770027756691, 0.09301610291004181, 0.07757497578859329, 0.07743369787931442], "lowlevel.spectral_contrast_valleys.mean": [-8.974482536315918, -9.274087905883789, -9.515596389770508, -9.229451179504395, -9.203417778015137, -11.075753211975098], "lowlevel.spectral_contrast_valleys.stdev": [3.959240674972534, 3.790707588195801, 3.7624711990356445, 3.8251872062683105, 3.898355007171631, 3.5383682250976562], "rhythm.beats_loudness_band_ratio.mean": [0.5964296460151672, 0.07065725326538086, 0.012448126450181007, 0.21172571182250977, 0.050710733979940414, 0.045288871973752975], "rhythm.beats_loudness_band_ratio.stdev": [0.34248602390289307, 0.07335031777620316, 0.015424992889165878, 0.2746504843235016, 0.12541820108890533, 0.04222528636455536], "tonal.hpcp.mean": [0.05684686452150345, 0.03367799520492554, 0.03555262088775635, 0.10087477415800095, 0.11820096522569656, 0.043333884328603745, 0.01308435294777155, 0.011685033328831196, 0.00863607320934534, 0.008669860661029816, 0.009055734612047672, 0.009199533611536026, 0.010844332166016102, 0.010512623935937881, 0.013153270818293095, 0.01287294365465641, 0.010322330519557, 0.019608184695243835, 0.1899988055229187, 0.2531313896179199, 0.08442841470241547, 0.011880743317306042, 0.008510017767548561, 0.007809541188180447, 0.010621395893394947, 0.016167324036359787, 0.017596999183297157, 0.018871894106268883, 0.032547786831855774, 0.08377335220575333, 0.22378243505954742, 0.33697858452796936, 0.2651846408843994, 0.18529275059700012, 0.21119064092636108, 0.15521785616874695], "tonal.hpcp.stdev": [0.13896189630031586, 0.11906970292329788, 0.11968884617090225, 0.21348875761032104, 0.25319424271583557, 0.1327764391899109, 0.08650362491607666, 0.08152750879526138, 0.06290397047996521, 0.06704220175743103, 0.07094427198171616, 0.0499764159321785, 0.06295917183160782, 0.059338077902793884, 0.09065628051757812, 0.08014356344938278, 0.06611073017120361, 0.0925026684999466, 0.29649901390075684, 0.38836559653282166, 0.15625500679016113, 0.05851205810904503, 0.050934694707393646, 0.048233240842819214, 0.05960952490568161, 0.08758813887834549, 0.10280361026525497, 0.10480036586523056, 0.1410723775625229, 0.22221429646015167, 0.3535870313644409, 0.4113050699234009, 0.37443917989730835, 0.2762314975261688, 0.3471902310848236, 0.2678576409816742], "rhythm.beats_position": [0.40634921193122864, 0.8591383099555969, 1.3235373497009277, 1.7879364490509033, 2.2755556106567383, 2.763174533843994, 3.2275736331939697, 3.703582763671875, 4.179591655731201, 4.6556010246276855, 5.131609916687012, 5.596008777618408, 6.060408115386963, 6.548027038574219, 7.012426376342773, 7.4884352684021, 7.964444160461426, 8.42884349822998, 8.904852867126465, 9.380861282348633, 9.845260620117188, 10.321269989013672, 10.79727840423584, 11.261677742004395, 11.737687110900879, 12.213695526123047, 12.678094863891602, 13.154104232788086, 13.63011360168457, 14.094511985778809, 14.570521354675293, 15.046530723571777, 15.522539138793945, 15.99854850769043, 16.462947845458984, 16.93895721435547, 17.414966583251953, 17.879364013671875, 18.34376335144043, 18.819772720336914, 19.2957820892334, 19.771791458129883, 20.247800827026367, 20.71219825744629, 21.176597595214844, 21.664216995239258, 22.128616333007812, 22.593015670776367, 23.06902503967285, 23.545034408569336, 24.021041870117188, 24.497051239013672, 24.961450576782227, 25.44906997680664, 25.913469314575195, 26.37786865234375, 26.8538761138916, 27.329885482788086, 27.79428482055664, 28.270294189453125, 28.74630355834961, 29.222312927246094, 29.698322296142578, 30.1627197265625, 30.627119064331055, 31.11473846435547, 31.579137802124023, 32.055145263671875, 32.53115463256836, 32.99555587768555, 33.44834518432617, 33.912742614746094, 34.38875198364258, 34.86476135253906], "rhythm.bpm_histogram": [0.0, 0.0, 0.0, 0.0, 0.0, 0.0, 0.0, 0.0, 0.0, 0.0, 0.0, 0.0, 0.0, 0.0, 0.0, 0.0, 0.0, 0.0, 0.0, 0.0, 0.0, 0.0, 0.0, 0.0, 0.0, 0.0, 0.0, 0.0, 0.0, 0.0, 0.0, 0.0, 0.0, 0.0, 0.0, 0.0, 0.0, 0.0, 0.0, 0.0, 0.0, 0.0, 0.0, 0.0, 0.0, 0.0, 0.0, 0.0, 0.0, 0.0, 0.0, 0.0, 0.0, 0.0, 0.0, 0.0, 0.0, 0.0, 0.0, 0.0, 0.0, 0.0, 0.0, 0.0, 0.0, 0.0, 0.0, 0.0, 0.0, 0.0, 0.0, 0.0, 0.0, 0.0, 0.0, 0.0, 0.0, 0.0, 0.0, 0.0, 0.0, 0.0, 0.0, 0.0, 0.0, 0.0, 0.0, 0.0, 0.0, 0.0, 0.0, 0.0, 0.0, 0.0, 0.0, 0.0, 0.0, 0.0, 0.0, 0.0, 0.0, 0.0, 0.0, 0.0, 0.0, 0.0, 0.0, 0.0, 0.0, 0.0, 0.0, 0.0, 0.0, 0.0, 0.0, 0.0, 0.0, 0.0, 0.0, 0.0, 0.0, 0.0, 0.0, 0.08219178020954132, 0.0, 0.0, 0.5205479264259338, 0.0, 0.0, 0.36986300349235535, 0.0, 0.0, 0.0, 0.027397260069847107, 0.0, 0.0, 0.0, 0.0, 0.0, 0.0, 0.0, 0.0, 0.0, 0.0, 0.0, 0.0, 0.0, 0.0, 0.0, 0.0, 0.0, 0.0, 0.0, 0.0, 0.0, 0.0, 0.0, 0.0, 0.0, 0.0, 0.0, 0.0, 0.0, 0.0, 0.0, 0.0, 0.0, 0.0, 0.0, 0.0, 0.0, 0.0, 0.0, 0.0, 0.0, 0.0, 0.0, 0.0, 0.0, 0.0, 0.0, 0.0, 0.0, 0.0, 0.0, 0.0, 0.0, 0.0, 0.0, 0.0, 0.0, 0.0, 0.0, 0.0, 0.0, 0.0, 0.0, 0.0, 0.0, 0.0, 0.0, 0.0, 0.0, 0.0, 0.0, 0.0, 0.0, 0.0, 0.0, 0.0, 0.0, 0.0, 0.0, 0.0, 0.0, 0.0, 0.0, 0.0, 0.0, 0.0, 0.0, 0.0, 0.0, 0.0, 0.0, 0.0, 0.0, 0.0, 0.0, 0.0, 0.0, 0.0, 0.0, 0.0, 0.0, 0.0, 0.0, 0.0, 0.0, 0.0, 0.0, 0.0, 0.0, 0.0, 0.0, 0.0, 0.0, 0.0, 0.0, 0.0], "tonal.chords_histogram": [4.20499324798584, 5.6504597663879395, 80.8147201538086, 0.0, 0.0, 0.0, 0.0, 0.7884362936019897, 1.05124831199646, 0.0, 0.0, 0.0, 0.0, 0.0, 0.0, 0.1314060389995575, 0.0, 7.358738422393799, 0.0, 0.0, 0.0, 0.0, 0.0, 0.0], "tonal.thpcp": [1.0, 0.786948025226593, 0.5498650670051575, 0.626718282699585, 0.4606163799762726, 0.16869577765464783, 0.09994105249643326, 0.1055040955543518, 0.29935070872306824, 0.35076698660850525, 0.12859536707401276, 0.03882844001054764, 0.03467589244246483, 0.02562795765697956, 0.025728223845362663, 0.026873324066400528, 0.02730005420744419, 0.03218107298016548, 0.03119671158492565, 0.0390329584479332, 0.03820107504725456, 0.030632007867097855, 0.05818822234869003, 0.5638304948806763, 0.7511794567108154, 0.25054535269737244, 0.03525667265057564, 0.025253882631659508, 0.023175185546278954, 0.03151949867606163, 0.04797730594873428, 0.0522199347615242, 0.05600324645638466, 0.09658710658550262, 0.24860140681266785, 0.6640850305557251], "lowlevel.gfcc.cov": [[77628.46875, 1380.95849609375, -4360.70556640625, 1335.0845947265625, -3267.302978515625, 524.9105224609375, -2847.7255859375, 2625.779541015625, -2061.356201171875, 582.2770385742188, -167.15196228027344, 498.4501647949219, 1046.18701171875], [1380.95849609375, 3907.266357421875, 2366.539794921875, 635.1629638671875, 1090.783935546875, 209.2047882080078, 815.906494140625, 955.8887329101562, 590.1788330078125, -65.62036895751953, 346.2850646972656, -169.11471557617188, 447.039794921875], [-4360.70556640625, 2366.539794921875, 3094.50439453125, 937.018310546875, 1093.7725830078125, 147.54867553710938, 870.0673217773438, 561.7586059570312, 910.8629150390625, 23.363067626953125, 98.00709533691406, -210.15402221679688, 75.53929138183594], [1335.0845947265625, 635.1629638671875, 937.018310546875, 957.627197265625, 550.5285034179688, 273.6244812011719, 349.8585205078125, 334.4664611816406, 469.0813293457031, 141.4718475341797, 0.39217135310173035, -68.31365966796875, 97.25292205810547], [-3267.302978515625, 1090.783935546875, 1093.7725830078125, 550.5285034179688, 1130.0606689453125, 485.54241943359375, 643.5570678710938, 99.61460876464844, 545.1104125976562, 135.74252319335938, 176.29112243652344, -97.16092681884766, 41.22560501098633], [524.9105224609375, 209.2047882080078, 147.54867553710938, 273.6244812011719, 485.54241943359375, 624.094970703125, 324.44732666015625, -63.281044006347656, 172.3192596435547, 151.44725036621094, 131.38267517089844, -3.2044572830200195, -69.61388397216797], [-2847.7255859375, 815.906494140625, 870.0673217773438, 349.8585205078125, 643.5570678710938, 324.44732666015625, 851.5934448242188, 297.1677551269531, 276.166015625, -97.97608947753906, 242.05397033691406, 143.0601806640625, 107.88900756835938], [2625.779541015625, 955.8887329101562, 561.7586059570312, 334.4664611816406, 99.61460876464844, -63.281044006347656, 297.1677551269531, 952.2158813476562, 175.56031799316406, -56.41413879394531, 131.020263671875, 114.11499786376953, 409.68804931640625], [-2061.356201171875, 590.1788330078125, 910.8629150390625, 469.0813293457031, 545.1104125976562, 172.3192596435547, 276.166015625, 175.56031799316406, 575.2362060546875, 156.18275451660156, -11.051977157592773, -154.44285583496094, 16.80523109436035], [582.2770385742188, -65.62036895751953, 23.363067626953125, 141.4718475341797, 135.74252319335938, 151.44725036621094, -97.97608947753906, -56.41413879394531, 156.18275451660156, 291.41143798828125, 19.15100860595703, -92.70088195800781, 6.292965412139893], [-167.15196228027344, 346.2850646972656, 98.00709533691406, 0.39217135310173035, 176.29112243652344, 131.38267517089844, 242.05397033691406, 131.020263671875, -11.051977157592773, 19.15100860595703, 258.010986328125, 119.26150512695312, 145.05792236328125], [498.4501647949219, -169.11471557617188, -210.15402221679688, -68.31365966796875, -97.16092681884766, -3.2044572830200195, 143.0601806640625, 114.11499786376953, -154.44285583496094, -92.70088195800781, 119.26150512695312, 273.23565673828125, 107.59496307373047], [1046.18701171875, 447.039794921875, 75.53929138183594, 97.25292205810547, 41.22560501098633, -69.61388397216797, 107.88900756835938, 409.68804931640625, 16.80523109436035, 6.292965412139893, 145.05792236328125, 107.59496307373047, 408.74444580078125]], "lowlevel.gfcc.icov": [[5.948032048763707e-05, -0.00016000859613996, 0.00010062233923235908, -0.00027855104417540133, 0.00020092236809432507, -0.0002509469341021031, 0.0002763274824246764, -0.00018591375555843115, 0.00023361826606560498, -0.0001297934359172359, 7.386566721834242e-05, -0.00019726280879694968, 0.00013894624134991318], [-0.00016000859613996, 0.0013946893159300089, -0.0009345842991024256, 0.0009679749491624534, -0.0011587347835302353, 0.0003640672948677093, -0.0002766296674963087, -0.0001307369238929823, -1.9247786440246273e-06, 0.001076343352906406, -0.0010335649130865932, 0.00162718934006989, -0.0008685000357218087], [0.00010062233923235908, -0.0009345842991024256, 0.0016133070457726717, -0.0010069644777104259, 0.000503337534610182, 0.0005445879069156945, -0.0004500113718677312, -0.00013851403491571546, -0.000805146002676338, -0.0004810485115740448, 0.00015261249791365117, -0.0004123690305277705, 0.0011005338747054338], [-0.00027855104417540133, 0.0009679749491624534, -0.0010069644777104259, 0.003788500325754285, -0.0013813398545607924, 0.00027283496456220746, -0.0012891676742583513, 0.00022598737268708646, -0.001530934707261622, 5.3742536692880094e-05, 0.0012054916005581617, 0.0004943829262629151, -0.001257292926311493], [0.00020092236809432507, -0.0011587347835302353, 0.000503337534610182, -0.0013813398545607924, 0.004838812164962292, -0.001961182337254286, -0.0008212653920054436, 0.0007936483598314226, -0.00145806057844311, -0.000597841979470104, -0.00031712852069176733, -4.863288995693438e-05, -0.00021758234652224928], [-0.0002509469341021031, 0.0003640672948677093, 0.0005445879069156945, 0.00027283496456220746, -0.001961182337254286, 0.005424637347459793, -0.002792361192405224, 0.0007692649960517883, -0.0003844840975943953, -0.00179614860098809, -0.0010713835945352912, 0.0007720428402535617, 0.0013867092784494162], [0.0002763274824246764, -0.0002766296674963087, -0.0004500113718677312, -0.0012891676742583513, -0.0008212653920054436, -0.002792361192405224, 0.006961360573768616, -0.0015980502357706428, 0.00013003384810872376, 0.0030882256105542183, -0.0024492191150784492, -0.0028156363405287266, 0.0009141862392425537], [-0.00018591375555843115, -0.0001307369238929823, -0.00013851403491571546, 0.00022598737268708646, 0.0007936483598314226, 0.0007692649960517883, -0.0015980502357706428, 0.0036692777648568153, -0.0019850628450512886, 0.0007076395559124649, 0.0001846246886998415, -0.00014662026660516858, -0.0025705136358737946], [0.00023361826606560498, -1.9247786440246273e-06, -0.000805146002676338, -0.001530934707261622, -0.00145806057844311, -0.0003844840975943953, 0.00013003384810872376, -0.0019850628450512886, 0.008417912758886814, -0.003415940562263131, 0.002305726520717144, 0.0011933775385841727, 0.0005281968042254448], [-0.0001297934359172359, 0.001076343352906406, -0.0004810485115740448, 5.3742536692880094e-05, -0.000597841979470104, -0.00179614860098809, 0.0030882256105542183, 0.0007076395559124649, -0.003415940562263131, 0.009100455790758133, -0.004119806922972202, 0.0019848383963108063, -0.0015989632811397314], [7.386566721834242e-05, -0.0010335649130865932, 0.00015261249791365117, 0.0012054916005581617, -0.00031712852069176733, -0.0010713835945352912, -0.0024492191150784492, 0.0001846246886998415, 0.002305726520717144, -0.004119806922972202, 0.011510967276990414, -0.0035060180816799402, -0.002256304956972599], [-0.00019726280879694968, 0.00162718934006989, -0.0004123690305277705, 0.0004943829262629151, -4.863288995693438e-05, 0.0007720428402535617, -0.0028156363405287266, -0.00014662026660516858, 0.0011933775385841727, 0.0019848383963108063, -0.0035060180816799402, 0.009922693483531475, -0.0017369820270687342], [0.00013894624134991318, -0.0008685000357218087, 0.0011005338747054338, -0.001257292926311493, -0.00021758234652224928, 0.0013867092784494162, 0.0009141862392425537, -0.0025705136358737946, 0.0005281968042254448, -0.0015989632811397314, -0.002256304956972599, -0.0017369820270687342, 0.006990640889853239]], "lowlevel.mfcc.cov": [[37177.93359375, 1000.4935302734375, -107.8963623046875, 162.0045928955078, 436.0791931152344, -2583.013427734375, 598.356689453125, -514.7012329101562, 573.7335205078125, -556.5253295898438, -931.2225341796875, -916.5469360351562, 315.6695861816406], [1000.4935302734375, 3632.157470703125, 1415.9534912109375, 815.9219360351562, 877.6512451171875, -52.681495666503906, 770.3984375, 492.1268005371094, 756.6837768554688, 307.1488952636719, 342.5972595214844, 240.55409240722656, 295.4056396484375], [-107.8963623046875, 1415.9534912109375, 1546.4859619140625, 838.63330078125, 560.9669189453125, 220.79925537109375, 149.6842803955078, 324.35711669921875, 494.9563293457031, 437.4922180175781, 353.074951171875, 128.84942626953125, 94.4315414428711], [162.0045928955078, 815.9219360351562, 838.63330078125, 915.8338623046875, 488.6994323730469, 118.20160675048828, 199.62667846679688, 355.55670166015625, 512.6546020507812, 345.7676696777344, 204.46212768554688, 83.98590087890625, 130.6712188720703], [436.0791931152344, 877.6512451171875, 560.9669189453125, 488.6994323730469, 618.8375854492188, 238.35977172851562, 223.82701110839844, 160.5480194091797, 385.59527587890625, 344.18109130859375, 259.8437805175781, 57.173622131347656, 87.15946960449219], [-2583.013427734375, -52.681495666503906, 220.79925537109375, 118.20160675048828, 238.35977172851562, 1081.40869140625, 64.63897705078125, 105.41678619384766, -108.19741821289062, 279.6187438964844, 333.240966796875, 202.00425720214844, -15.082756042480469], [598.356689453125, 770.3984375, 149.6842803955078, 199.62667846679688, 223.82701110839844, 64.63897705078125, 630.86474609375, 337.3191223144531, 258.6453857421875, 27.675485610961914, 44.867591857910156, 205.90626525878906, 233.3292694091797], [-514.7012329101562, 492.1268005371094, 324.35711669921875, 355.55670166015625, 160.5480194091797, 105.41678619384766, 337.3191223144531, 640.7427978515625, 330.2915344238281, 58.3341178894043, 54.59950256347656, 293.8841552734375, 230.1436004638672], [573.7335205078125, 756.6837768554688, 494.9563293457031, 512.6546020507812, 385.59527587890625, -108.19741821289062, 258.6453857421875, 330.2915344238281, 598.6700439453125, 268.92608642578125, 126.63491821289062, 69.05501556396484, 157.52203369140625], [-556.5253295898438, 307.1488952636719, 437.4922180175781, 345.7676696777344, 344.18109130859375, 279.6187438964844, 27.675485610961914, 58.3341178894043, 268.92608642578125, 451.3610534667969, 258.4236145019531, 2.2773325443267822, -1.8490675687789917], [-931.2225341796875, 342.5972595214844, 353.074951171875, 204.46212768554688, 259.8437805175781, 333.240966796875, 44.867591857910156, 54.59950256347656, 126.63491821289062, 258.4236145019531, 335.98492431640625, 82.79192352294922, -4.054523468017578], [-916.5469360351562, 240.55409240722656, 128.84942626953125, 83.98590087890625, 57.173622131347656, 202.00425720214844, 205.90626525878906, 293.8841552734375, 69.05501556396484, 2.2773325443267822, 82.79192352294922, 290.9806823730469, 126.93959045410156], [315.6695861816406, 295.4056396484375, 94.4315414428711, 130.6712188720703, 87.15946960449219, -15.082756042480469, 233.3292694091797, 230.1436004638672, 157.52203369140625, -1.8490675687789917, -4.054523468017578, 126.93959045410156, 212.69097900390625]], "lowlevel.mfcc.icov": [[3.9924634620547295e-05, 2.5570405341568403e-05, -3.5536548239178956e-05, 1.9154786059516482e-05, -0.00012956667342223227, 8.22322690510191e-05, -7.338196155615151e-05, 2.2480882762465626e-05, 2.909706199716311e-05, 5.182897803024389e-05, 5.4163363529369235e-05, 0.00011874765186803415, -6.659440259682015e-05], [2.5570405341568403e-05, 0.0007947541889734566, -0.0006666375556960702, 0.0003103304479736835, -0.0008369245915673673, 0.0003249662113375962, -0.0007277218392118812, 9.560594480717555e-05, -0.00012087261711712927, 0.0005639611044898629, -0.0002155888796551153, 2.9663488021469675e-05, 9.704216063255444e-05], [-3.5536548239178956e-05, -0.0006666375556960702, 0.002085105748847127, -0.0013465039664879441, 0.00043925849604420364, -4.552207246888429e-05, 0.0008262592600658536, -0.00018326571444049478, 0.00024038176343310624, -0.0007160573732107878, -0.0005903127021156251, -0.00046384791494347155, 7.009436376392841e-05], [1.9154786059516482e-05, 0.0003103304479736835, -0.0013465039664879441, 0.003683650866150856, -0.001321495627053082, -8.648474613437429e-05, -1.2352866178844124e-05, -0.001032088533975184, -0.0011773695005103946, -8.021903340704739e-05, 0.0004676421813201159, 0.0009070428204722703, -0.000120163218525704], [-0.00012956667342223227, -0.0008369245915673673, 0.00043925849604420364, -0.001321495627053082, 0.0063011739403009415, -0.0012965226778760552, -0.000209098172490485, 0.0010343355825170875, -0.0019307374022901058, -0.0012696186313405633, -0.0012374393409118056, 0.00019221074762754142, -0.00031179183861240745], [8.22322690510191e-05, 0.0003249662113375962, -4.552207246888429e-05, -8.648474613437429e-05, -0.0012965226778760552, 0.002601585118100047, -0.0005504815489985049, -0.000638415920548141, 0.0023705209605395794, -0.001294618472456932, -0.0010985442204400897, -0.0008117069373838603, 0.00020705803763121367], [-7.338196155615151e-05, -0.0007277218392118812, 0.0008262592600658536, -1.2352866178844124e-05, -0.000209098172490485, -0.0005504815489985049, 0.004041722975671291, -0.00033952295780181885, -0.0006329910829663277, 0.00011610866931732744, 0.00029279201407916844, -0.0010886085219681263, -0.002134387381374836], [2.2480882762465626e-05, 9.560594480717555e-05, -0.00018326571444049478, -0.001032088533975184, 0.0010343355825170875, -0.000638415920548141, -0.00033952295780181885, 0.005764098837971687, -0.002696436829864979, 0.0007920151692815125, 0.0011235385900363326, -0.0040785279124975204, -0.0013249500188976526], [2.909706199716311e-05, -0.00012087261711712927, 0.00024038176343310624, -0.0011773695005103946, -0.0019307374022901058, 0.0023705209605395794, -0.0006329910829663277, -0.002696436829864979, 0.007726703304797411, -0.003203089814633131, -0.00040646918932907283, 0.0011238680453971028, -0.001116130966693163], [5.182897803024389e-05, 0.0005639611044898629, -0.0007160573732107878, -8.021903340704739e-05, -0.0012696186313405633, -0.001294618472456932, 0.00011610866931732744, 0.0007920151692815125, -0.003203089814633131, 0.0077107148244977, -0.002614162629470229, 0.0015712908934801817, 0.00040275961509905756], [5.4163363529369235e-05, -0.0002155888796551153, -0.0005903127021156251, 0.0004676421813201159, -0.0012374393409118056, -0.0010985442204400897, 0.00029279201407916844, 0.0011235385900363326, -0.00040646918932907283, -0.002614162629470229, 0.008317394182085991, -0.0025720808189362288, 0.001058035297319293], [0.00011874765186803415, 2.9663488021469675e-05, -0.00046384791494347155, 0.0009070428204722703, 0.00019221074762754142, -0.0008117069373838603, -0.0010886085219681263, -0.0040785279124975204, 0.0011238680453971028, 0.0015712908934801817, -0.0025720808189362288, 0.01059680338948965, -0.0022898276802152395], [-6.659440259682015e-05, 9.704216063255444e-05, 7.009436376392841e-05, -0.000120163218525704, -0.00031179183861240745, 0.00020705803763121367, -0.002134387381374836, -0.0013249500188976526, -0.001116130966693163, 0.00040275961509905756, 0.001058035297319293, -0.0022898276802152395, 0.010842960327863693]], "metadata.audio_properties.analysis.downmix": "mix", "metadata.audio_properties.codec": "mp3", "metadata.audio_properties.md5_encoded": "982da94dd9c0f7e66fdb10cabf2ec27f", "metadata.tags.file_name": "1182277822765600788.mp3", "metadata.version.essentia": "2.1-beta6-dev", "metadata.version.essentia_git_sha": "v2.1_beta5-1110-g77a6a954", "metadata.version.extractor": "music 2.0", "to