{"song_id": "1182278265130451044", "download": "https://cdn.discordapp.com/attachments/1135903449314238464/1182278265130451044/chirp.mp4?ex=65841d70&amp", "lyrics": "[verse]\n\u0423\u0441\u043c\u0435\u0445\u043d\u0443\u043b\u0441\u044f \u0442\u043e\u0442 \u043d\u0430\u0451\u043c\u043d\u0438\u043a - \u043f\u043b\u0451\u0432\u043e\u0435 \u0434\u0435\u043b\u043e.\n\u041a \u0441\u043a\u043b\u0435\u043f\u0443 \u043f\u043e\u0434\u043e\u0448\u0451\u043b \u043a\u043e\u0433\u0434\u0430 \u0443\u0436\u0435 \u0441\u0442\u0435\u043c\u043d\u0435\u043b\u043e.\n\u041c\u0435\u0436 \u0433\u0440\u043e\u0431\u043e\u0432 \u0443\u0431\u0438\u0442\u044b\u043c \u0434\u0440\u0443\u0433 \u0442\u043e\u0440\u0433\u043e\u0432\u0446\u0430 \u043b\u0435\u0436\u0430\u043b,\n\u0410 \u043d\u0430\u0434 \u043d\u0438\u043c \u0441 \u0443\u0445\u043c\u044b\u043b\u043a\u043e\u0439 \u043c\u0440\u0430\u0447\u043d\u044b\u0439 \u043f\u0440\u0438\u0437\u0440\u0430\u043a \u0441\u0442\u043e\u044f\u043b.\n\n[chorus]\n\u0422\u0430\u043c, \u0437\u0430 \u0440\u0435\u043a\u043e\u0439, \u0441\u0442\u0430\u0440\u044b\u0439 \u0441\u043a\u043b\u0435\u043f.\n\u0411\u044b\u043b \u043e\u043d \u0437\u0430\u0431\u0440\u043e\u0448\u0435\u043d \u0441\u043e\u0442\u043d\u044e \u043b\u0435\u0442.\n\u041e\u0442\u044b\u0449\u0438 \u043f\u0440\u0438\u044f\u0442\u0435\u043b\u044f \u043c\u043e\u0435\u0433\u043e,\n\u042f \u043d\u0435 \u043f\u043e\u0441\u043a\u0443\u043f\u043b\u044e\u0441\u044c \u0437\u0430 \u043d\u0435\u0433\u043e!", "style": ["violin rock"], "essentia_features": {"lowlevel.average_loudness": 0.9808448553085327, "lowlevel.barkbands_crest.mean": 12.522662162780762, "lowlevel.barkbands_crest.stdev": 4.746195316314697, "lowlevel.barkbands_flatness_db.mean": 0.15035641193389893, "lowlevel.barkbands_flatness_db.stdev": 0.05143794044852257, "lowlevel.barkbands_kurtosis.mean": 6.310603141784668, "lowlevel.barkbands_kurtosis.stdev": 9.903926849365234, "lowlevel.barkbands_skewness.mean": 1.9550433158874512, "lowlevel.barkbands_skewness.stdev": 1.5828301906585693, "lowlevel.barkbands_spread.mean": 27.783884048461914, "lowlevel.barkbands_spread.stdev": 21.702119827270508, "lowlevel.dissonance.mean": 0.466721773147583, "lowlevel.dissonance.stdev": 0.03054605796933174, "lowlevel.dynamic_complexity": 2.1970291137695312, "lowlevel.erbbands_crest.mean": 10.208462715148926, "lowlevel.erbbands_crest.stdev": 5.034783840179443, "lowlevel.erbbands_flatness_db.mean": 0.15725889801979065, "lowlevel.erbbands_flatness_db.stdev": 0.05127862095832825, "lowlevel.erbbands_kurtosis.mean": 0.5994277000427246, "lowlevel.erbbands_kurtosis.stdev": 2.9194819927215576, "lowlevel.erbbands_skewness.mean": 0.08713314682245255, "lowlevel.erbbands_skewness.stdev": 1.1396852731704712, "lowlevel.erbbands_spread.mean": 55.6094856262207, "lowlevel.erbbands_spread.stdev": 27.994592666625977, "lowlevel.hfc.mean": 26.608667373657227, "lowlevel.hfc.stdev": 27.146120071411133, "lowlevel.loudness_ebu128.integrated": -13.4359130859375, "lowlevel.loudness_ebu128.loudness_range": 1.1161117553710938, "lowlevel.loudness_ebu128.momentary.mean": -13.612239837646484, "lowlevel.loudness_ebu128.momentary.stdev": 1.3480875492095947, "lowlevel.loudness_ebu128.short_term.mean": -13.500190734863281, "lowlevel.loudness_ebu128.short_term.stdev": 0.42650237679481506, "lowlevel.melbands_crest.mean": 17.766544342041016, "lowlevel.melbands_crest.stdev": 5.884642601013184, "lowlevel.melbands_flatness_db.mean": 0.2096673995256424, "lowlevel.melbands_flatness_db.stdev": 0.06541110575199127, "lowlevel.melbands_kurtosis.mean": 27.318511962890625, "lowlevel.melbands_kurtosis.stdev": 34.87512969970703, "lowlevel.melbands_skewness.mean": 3.893995761871338, "lowlevel.melbands_skewness.stdev": 2.6501901149749756, "lowlevel.melbands_spread.mean": 27.49529457092285, "lowlevel.melbands_spread.stdev": 33.05480194091797, "lowlevel.pitch_salience.mean": 0.5102408528327942, "lowlevel.pitch_salience.stdev": 0.12734796106815338, "lowlevel.silence_rate_20dB.mean": 1.0, "lowlevel.silence_rate_20dB.stdev": 0.0, "lowlevel.silence_rate_30dB.mean": 1.0, "lowlevel.silence_rate_30dB.stdev": 0.0, "lowlevel.silence_rate_60dB.mean": 0.014171833172440529, "lowlevel.silence_rate_60dB.stdev": 0.11819912493228912, "lowlevel.spectral_centroid.mean": 1474.5218505859375, "lowlevel.spectral_centroid.stdev": 787.5126342773438, "lowlevel.spectral_complexity.mean": 14.514615058898926, "lowlevel.spectral_complexity.stdev": 7.929830074310303, "lowlevel.spectral_decrease.mean": -6.575523237017933e-09, "lowlevel.spectral_decrease.stdev": 5.607283082298409e-09, "lowlevel.spectral_energy.mean": 0.027231018990278244, "lowlevel.spectral_energy.stdev": 0.021821612492203712, "lowlevel.spectral_energyband_high.mean": 0.001721276086755097, "lowlevel.spectral_energyband_high.stdev": 0.003327779471874237, "lowlevel.spectral_energyband_low.mean": 0.005963250529021025, "lowlevel.spectral_energyband_low.stdev": 0.014515760354697704, "lowlevel.spectral_energyband_middle_high.mean": 0.004045249428600073, "lowlevel.spectral_energyband_middle_high.stdev": 0.00536195607855916, "lowlevel.spectral_energyband_middle_low.mean": 0.017060518264770508, "lowlevel.spectral_energyband_middle_low.stdev": 0.01656147837638855, "lowlevel.spectral_entropy.mean": 7.647543907165527, "lowlevel.spectral_entropy.stdev": 0.4614262580871582, "lowlevel.spectral_flux.mean": 0.10077959299087524, "lowlevel.spectral_flux.stdev": 0.06280913949012756, "lowlevel.spectral_kurtosis.mean": 3.453850746154785, "lowlevel.spectral_kurtosis.stdev": 2.434748649597168, "lowlevel.spectral_rms.mean": 0.00481801712885499, "lowlevel.spectral_rms.stdev": 0.0018312720349058509, "lowlevel.spectral_rolloff.mean": 1997.8367919921875, "lowlevel.spectral_rolloff.stdev": 2442.787841796875, "lowlevel.spectral_skewness.mean": 1.2593333721160889, "lowlevel.spectral_skewness.stdev": 0.46117764711380005, "lowlevel.spectral_spread.mean": 5339654.5, "lowlevel.spectral_spread.stdev": 1869981.625, "lowlevel.spectral_strongpeak.mean": 1.0970827341079712, "lowlevel.spectral_strongpeak.stdev": 1.10740327835083, "lowlevel.zerocrossingrate.mean": 0.08089250326156616, "lowlevel.zerocrossingrate.stdev": 0.060509346425533295, "metadata.audio_properties.analysis.equal_loudness": 0.0, "metadata.audio_properties.analysis.length": 26.175987243652344, "metadata.audio_properties.analysis.sample_rate": 44100.0, "metadata.audio_properties.analysis.start_time": 0.0, "metadata.audio_properties.bit_rate": 123399.0, "metadata.audio_properties.length": 26.176000595092773, "metadata.audio_properties.lossless": 0.0, "metadata.audio_properties.number_channels": 1.0, "metadata.audio_properties.replay_gain": -13.466554641723633, "metadata.audio_properties.sample_rate": 48000.0, "rhythm.beats_count": 47.0, "rhythm.beats_loudness.mean": 0.03732901066541672, "rhythm.beats_loudness.stdev": 0.01137943658977747, "rhythm.bpm": 109.3973617553711, "rhythm.bpm_histogram_first_peak_bpm": 108.0, "rhythm.bpm_histogram_first_peak_weight": 0.6000000238418579, "rhythm.bpm_histogram_second_peak_bpm": 103.0, "rhythm.bpm_histogram_second_peak_spread": 0.0, "rhythm.bpm_histogram_second_peak_weight": 0.021739130839705467, "rhythm.danceability": 1.8806705474853516, "rhythm.onset_rate": 4.657891750335693, "tonal.chords_changes_rate": 0.06902655214071274, "tonal.chords_number_rate": 0.02300884947180748, "tonal.chords_strength.mean": 0.4649057984352112, "tonal.chords_strength.stdev": 0.07956293970346451, "tonal.hpcp_crest.mean": 14.704113960266113, "tonal.hpcp_crest.stdev": 7.054315090179443, "tonal.hpcp_entropy.mean": 1.9527146816253662, "tonal.hpcp_entropy.stdev": 0.7886263132095337, "tonal.key_edma.strength": 0.6122633218765259, "tonal.key_krumhansl.strength": 0.6285046935081482, "tonal.key_temperley.strength": 0.6463358402252197, "tonal.tuning_diatonic_strength": 0.4225423336029053, "tonal.tuning_equal_tempered_deviation": 0.04859700798988342, "tonal.tuning_frequency": 440.0, "tonal.tuning_nontempered_energy_ratio": 0.7335814237594604, "lowlevel.barkbands.mean": [0.00022548207198269665, 0.002143905032426119, 0.0021247726399451494, 0.003965739626437426, 0.005361158866435289, 0.002367852022871375, 0.0017409584252163768, 0.0015392747009173036, 0.0018945529591292143, 0.0006442386656999588, 0.0005164382746443152, 0.0004597037041094154, 0.00045965376193635166, 0.00025714366347528994, 0.0002474599750712514, 0.0003281174576841295, 0.00041681266156956553, 0.00023391225840896368, 0.00044529003207571805, 0.0002756932517513633, 0.00021209372789599001, 0.00022897731105331331, 0.0003581655619200319, 0.0004476014873944223, 0.0002218843874288723, 0.0001083997922251001, 5.746695933339652e-06], "lowlevel.barkbands.stdev": [0.0006903723697178066, 0.007208728697150946, 0.006287222728133202, 0.00443635368719697, 0.01182902418076992, 0.006220923736691475, 0.005232308991253376, 0.005097340792417526, 0.005041843745857477, 0.0021497670095413923, 0.0016989153809845448, 0.0019950130954384804, 0.0018534824484959245, 0.000968131935223937, 0.0007477353792637587, 0.0008751929854042828, 0.000631007831543684, 0.0003289001469966024, 0.0005870038294233382, 0.0002757525653578341, 0.0004018124018330127, 0.000464494398329407, 0.000929062778595835, 0.0014991931384429336, 0.0004588942392729223, 0.00016110145952552557, 1.4726827430422418e-05], "lowlevel.erbbands.mean": [0.0683840960264206, 0.4739826023578644, 2.185471296310425, 7.841845989227295, 19.23888397216797, 16.471925735473633, 14.873429298400879, 19.8391056060791, 23.861501693725586, 26.520523071289062, 39.402530670166016, 45.80481719970703, 21.02283477783203, 23.175874710083008, 19.19455909729004, 20.031538009643555, 22.779346466064453, 12.90507698059082, 14.28798770904541, 13.50881290435791, 21.573049545288086, 22.584285736083984, 12.43647575378418, 22.788707733154297, 17.511411666870117, 13.272590637207031, 9.226819038391113, 8.60666275024414, 8.347026824951172, 7.852910995483398, 10.819472312927246, 11.025623321533203, 6.144044399261475, 2.8605926036834717, 1.409769892692566, 0.6058875918388367, 0.1721123903989792, 0.025677809491753578, 0.0007028843392618, 5.702356429537758e-05], "lowlevel.erbbands.stdev": [0.2515876591205597, 1.6121621131896973, 5.938534736633301, 10.656216621398926, 25.753572463989258, 46.18571472167969, 36.11421585083008, 54.947166442871094, 77.57249450683594, 72.10737609863281, 122.69358825683594, 121.17456817626953, 73.7320327758789, 79.93333435058594, 54.143341064453125, 85.18140411376953, 89.35099029541016, 36.53874969482422, 47.28779602050781, 38.71498107910156, 42.40781021118164, 32.6973991394043, 17.88213348388672, 28.83399200439453, 22.00419807434082, 13.264421463012695, 12.776233673095703, 18.790725708007812, 17.020336151123047, 16.783105850219727, 29.544342041015625, 37.45337677001953, 19.49472427368164, 6.8934760093688965, 2.545412302017212, 0.963205873966217, 0.27618345618247986, 0.048194821923971176, 0.0013938149204477668, 4.8629277443978935e-05], "lowlevel.gfcc.mean": [-2.1241254806518555, 61.993709564208984, -105.07516479492188, 44.05316162109375, -61.54180908203125, -0.9071016907691956, -45.57787322998047, 10.926382064819336, -41.720436096191406, -9.007039070129395, -29.95660972595215, -5.7187981605529785, -18.006084442138672], "lowlevel.melbands.mean": [0.0005958941765129566, 0.0009858583798632026, 0.0017567052273079753, 0.0013715776149183512, 0.0005262700142338872, 0.00044716260163113475, 0.0003599132178351283, 0.00029088923474773765, 0.0003487333015073091, 0.00026615653769113123, 9.606400271877646e-05, 9.242837404599413e-05, 6.79030708852224e-05, 4.8739846533862874e-05, 5.444346970762126e-05, 4.435536538949236e-05, 2.13259754673345e-05, 2.3865359253250062e-05, 1.824325227062218e-05, 1.8956587155116722e-05, 2.717240568017587e-05, 2.6580652047414333e-05, 1.2338174201431684e-05, 1.0915068742178846e-05, 1.9681299818330444e-05, 1.5698902643634938e-05, 9.614198461349588e-06, 8.546357094019186e-06, 5.922677246417152e-06, 5.0218541218782775e-06, 5.0496869334892835e-06, 4.9371815293852706e-06, 4.049656126881018e-06, 4.472401542443549e-06, 5.755772235715995e-06, 7.487569746444933e-06, 6.4905843828455545e-06, 4.758750947075896e-06, 2.8329143333394313e-06, 2.258843778690789e-06], "lowlevel.melbands.stdev": [0.002067938446998596, 0.0027497289702296257, 0.0018170239636674523, 0.0030033644288778305, 0.0011485872091725469, 0.0011923013953492045, 0.00114610290620476, 0.000834224745631218, 0.0010436737211421132, 0.0007035394664853811, 0.00036759639624506235, 0.00032785884104669094, 0.00020381741342134774, 0.00018604514480102807, 0.00022593916219193488, 0.00019920396152883768, 6.802198913646862e-05, 9.205321839544922e-05, 5.9495941968634725e-05, 6.696892523905262e-05, 4.8774418246466666e-05, 4.135498238611035e-05, 1.7826851035351865e-05, 1.676658575888723e-05, 2.6020466975751333e-05, 2.3952430638018996e-05, 1.0274970009049866e-05, 9.044382750289515e-06, 7.552140232292004e-06, 1.0459983059263323e-05, 1.1589729183469899e-05, 1.026273184834281e-05, 8.556479770049918e-06, 1.0067312359751668e-05, 1.5328143490478396e-05, 2.4473960365867242e-05, 2.2613845430896617e-05, 1.6007941667339765e-05, 7.870169611123856e-06, 5.2072964535909705e-06], "lowlevel.melbands128.mean": [0.00017272846889682114, 0.000572755525354296, 0.0007083953241817653, 0.0007653000648133457, 0.0010106286499649286, 0.0010427299421280622, 0.0013882721541449428, 0.002249381272122264, 0.001939237117767334, 0.0016110584838315845, 0.0007821918115951121, 0.00041213759686797857, 0.0004391907132230699, 0.0006782143609598279, 0.0005167134804651141, 0.0002594309626147151, 0.00032766879303380847, 0.0004463645746000111, 0.0003032647946383804, 0.000287254893919453, 0.00028715867665596306, 0.00028013106202706695, 0.00036389307933859527, 0.00040449952939525247, 0.0003633442975115031, 0.0001784050982678309, 0.00011356829782016575, 9.172524733003229e-05, 7.382169860647991e-05, 9.49176901485771e-05, 0.00010201940312981606, 8.11420104582794e-05, 6.83860489516519e-05, 5.928050086367875e-05, 4.211526538711041e-05, 4.334771438152529e-05, 6.256993219722062e-05, 5.437629442894831e-05, 4.8432237235829234e-05, 6.0031703469576314e-05, 4.247986726113595e-05, 2.3579003027407452e-05, 1.848654392233584e-05, 1.9274724763818085e-05, 3.040854790015146e-05, 2.3465991034754552e-05, 1.902281837828923e-05, 1.8954038750962354e-05, 1.7122816643677652e-05, 1.7113865396822803e-05, 1.7801283320295624e-05, 2.2586717022932135e-05, 2.577687700977549e-05, 2.7295573090668768e-05, 3.420406937948428e-05, 2.935382326541003e-05, 1.835313014453277e-05, 1.3407832739176229e-05, 1.05160415841965e-05, 9.021371624839958e-06, 9.614731425244827e-06, 1.212723600474419e-05, 1.926316872413736e-05, 2.248524469905533e-05, 1.994486228795722e-05, 1.735787373036146e-05, 1.2114717719668988e-05, 8.50831565912813e-06, 9.33389128476847e-06, 1.0777328498079441e-05, 8.008037184481509e-06, 8.29794862511335e-06, 6.919834049767815e-06, 5.20776302437298e-06, 5.036725269746967e-06, 5.379268259275705e-06, 4.766339770867489e-06, 4.569360953610158e-06, 5.289899490890093e-06, 5.255854375718627e-06, 5.3264266171026975e-06, 4.755955615109997e-06, 4.105791958863847e-06, 3.9469027797167655e-06, 3.9455412661482114e-06, 4.244480805937201e-06, 4.421549874678021e-06, 5.4701654335076455e-06, 5.285172392177628e-06, 6.473368102888344e-06, 7.310306500585284e-06, 8.150598659995012e-06, 7.260797701746924e-06, 6.560566362168174e-06, 5.901856638956815e-06, 5.471663826028816e-06, 4.615811576513806e-06, 3.626435955084162e-06, 2.78280481325055e-06, 2.406609610261512e-06, 2.5110418846452376e-06, 2.127595280398964e-06, 2.1496659883268876e-06, 1.9165802314091707e-06, 1.5154512311710278e-06, 1.2819294852306484e-06, 1.346231329080183e-06, 1.176434921035252e-06, 1.0230894531559898e-06, 9.664009894549963e-07, 7.687712013648706e-07, 5.891994874218653e-07, 5.120235186950595e-07, 4.4101722096456797e-07, 3.335430562856345e-07, 2.4763576789155195e-07, 1.7713956879106263e-07, 6.82096583659586e-08, 7.1443411187033234e-09, 2.8145215325015016e-11, 2.228092710332419e-11, 8.62261564232858e-12, 3.870937424765852e-12, 3.71606695068194e-12, 3.4960827635655e-12, 3.20873102394037e-12, 3.0640273304682886e-12, 3.0289748573913977e-12], "lowlevel.melbands128.stdev": [0.000614902179222554, 0.0022026149090379477, 0.002834593178704381, 0.0026312880218029022, 0.0028144631069153547, 0.003261987818405032, 0.0024389969184994698, 0.0025472978595644236, 0.0026185030583292246, 0.004907764960080385, 0.0025991646107286215, 0.0011292080162093043, 0.0013496744213625789, 0.002152368426322937, 0.0017253141850233078, 0.0011795207392424345, 0.001341046066954732, 0.001793786883354187, 0.0010556980269029737, 0.0010192099725827575, 0.0012090125819668174, 0.0013174520572647452, 0.0014893386978656054, 0.001481503015384078, 0.0012375444639474154, 0.0006078800070099533, 0.0007091898587532341, 0.00043994683073833585, 0.0003326736914459616, 0.00042314562597312033, 0.0004971849848516285, 0.00038312497781589627, 0.0002637746511027217, 0.00024510291405022144, 0.00019572049495764077, 0.0002879261737689376, 0.00040607296978123486, 0.0003160049964208156, 0.00026292706024833024, 0.0003231610171496868, 0.0002688050444703549, 0.0001030223720590584, 8.233248081523925e-05, 8.812045416561887e-05, 0.0001936918415594846, 0.00010290293721482158, 8.486489969072863e-05, 9.852295625023544e-05, 5.957635585218668e-05, 6.81168821756728e-05, 9.058741125045344e-05, 0.0001063551680999808, 6.297553773038089e-05, 5.231143586570397e-05, 7.558862853329629e-05, 5.729715485358611e-05, 4.063699452672154e-05, 2.4784869310678914e-05, 1.9633342162705958e-05, 2.226771175628528e-05, 2.154297544620931e-05, 1.8657314285519533e-05, 2.7015114028472453e-05, 3.896082489518449e-05, 3.6192785046296194e-05, 3.5039352951571345e-05, 2.00210306502413e-05, 1.16800156320096e-05, 1.2159320249338634e-05, 1.2814154615625739e-05, 1.024250468617538e-05, 1.0042775102192536e-05, 9.155691259365994e-06, 7.856086995161604e-06, 8.005882591533009e-06, 1.1924325917789247e-05, 1.233519196830457e-05, 1.134217563958373e-05, 1.3178960216464475e-05, 1.228258406626992e-05, 1.1246207577642053e-05, 1.1206256203877274e-05, 9.055780537892133e-06, 8.621613233117387e-06, 9.589126420905814e-06, 9.966338438971434e-06, 1.041073483065702e-05, 1.575768692418933e-05, 1.4006255696585868e-05, 2.0313464119681157e-05, 2.32459933613427e-05, 2.9342550988076255e-05, 2.8977061447221786e-05, 2.3883638277766295e-05, 1.9700004486367106e-05, 1.9881175830960274e-05, 1.709179559838958e-05, 1.055516167980386e-05, 8.603595233580563e-06, 6.7777054937323555e-06, 6.3327988755190745e-06, 5.146358944330132e-06, 4.690939476859057e-06, 4.002895366284065e-06, 2.9753739454463357e-06, 2.2693686787533807e-06, 2.3435900402546395e-06, 1.994858621401363e-06, 1.7814843431551708e-06, 1.8028449630946852e-06, 1.3743342606176157e-06, 1.1211558330614935e-06, 9.424570635019336e-07, 8.638027111373958e-07, 6.599154289688158e-07, 5.078551907899964e-07, 4.3364900648157345e-07, 2.423174407795159e-07, 4.5910141466265486e-08, 4.606472425727759e-10, 4.203858650075887e-10, 1.314492820148061e-10, 1.4735971123891467e-11, 1.29098372617098e-11, 9.74792382230083e-12, 5.897155593709291e-12, 5.14818656455196e-12, 5.1092359509841145e-12], "lowlevel.mfcc.mean": [-648.4758911132812, 93.89279174804688, 8.102822303771973, 40.432952880859375, 4.063072681427002, -6.851476669311523, 2.265839099884033, 3.832474946975708, -3.0176379680633545, -6.225530624389648, -9.712357521057129, -7.793142795562744, -7.333043098449707], "lowlevel.spectral_contrast_coeffs.mean": [-0.6011896133422852, -0.7378716468811035, -0.7845101356506348, -0.799808144569397, -0.790144145488739, -0.7552937269210815], "lowlevel.spectral_contrast_coeffs.stdev": [0.08461392670869827, 0.1057375967502594, 0.07319453358650208, 0.055191416293382645, 0.03902571275830269, 0.04499444738030434], "lowlevel.spectral_contrast_valleys.mean": [-7.203963756561279, -7.163069725036621, -7.730102062225342, -7.92328405380249, -7.193272113800049, -10.068841934204102], "lowlevel.spectral_contrast_valleys.stdev": [0.8349555134773254, 0.8023421168327332, 0.7348372936248779, 0.704170823097229, 0.5714409351348877, 1.3244717121124268], "rhythm.beats_loudness_band_ratio.mean": [0.4921017587184906, 0.28575801849365234, 0.11803393810987473, 0.05515141040086746, 0.04004807770252228, 0.11526955664157867], "rhythm.beats_loudness_band_ratio.stdev": [0.2823394536972046, 0.2772621512413025, 0.16474215686321259, 0.09679187089204788, 0.040728647261857986, 0.13307572901248932], "tonal.hpcp.mean": [0.22309163212776184, 0.13171303272247314, 0.05142781883478165, 0.038613639771938324, 0.0368507020175457, 0.05289961397647858, 0.07340335845947266, 0.06842481344938278, 0.06429493427276611, 0.07934752851724625, 0.07161635160446167, 0.049592021852731705, 0.04518622159957886, 0.04421461373567581, 0.05410168692469597, 0.10171141475439072, 0.10956805944442749, 0.07411763072013855, 0.06045632064342499, 0.07945764064788818, 0.18065744638442993, 0.25246185064315796, 0.16543340682983398, 0.14705786108970642, 0.2002743035554886, 0.11485814303159714, 0.044463738799095154, 0.045011915266513824, 0.043739672750234604, 0.13718955218791962, 0.22882463037967682, 0.14340834319591522, 0.06527873128652573, 0.07792352885007858, 0.09409047663211823, 0.17475639283657074], "tonal.hpcp.stdev": [0.3566962480545044, 0.24705202877521515, 0.15588556230068207, 0.13345472514629364, 0.1245216503739357, 0.1406468152999878, 0.17390653491020203, 0.15744802355766296, 0.16959990561008453, 0.18845702707767487, 0.18542982637882233, 0.14614391326904297, 0.1361463963985443, 0.12764514982700348, 0.13603807985782623, 0.21339772641658783, 0.23035243153572083, 0.18081092834472656, 0.15782563388347626, 0.19179178774356842, 0.2826712429523468, 0.3600730001926422, 0.27007898688316345, 0.23971977829933167, 0.35701027512550354, 0.21108585596084595, 0.1426786333322525, 0.14145885407924652, 0.12835822999477386, 0.22672845423221588, 0.3639307916164398, 0.23038943111896515, 0.1677778661251068, 0.19986827671527863, 0.21860606968402863, 0.28330525755882263], "rhythm.beats_position": [0.5340589284896851, 1.09133780002594, 1.6486167907714844, 2.217505693435669, 2.774784564971924, 3.320453405380249, 3.877732276916504, 4.435011386871338, 4.992290019989014, 5.561179161071777, 6.106847763061523, 6.640906810760498, 7.174965858459473, 7.755464553833008, 8.30113410949707, 8.858412742614746, 9.404081344604492, 9.938140869140625, 10.483809471130371, 11.029478073120117, 11.56353759765625, 12.097596168518066, 12.631654739379883, 13.165714263916016, 13.722992897033691, 14.280271530151367, 14.82594108581543, 15.371609687805176, 15.928888320922852, 16.462947845458984, 17.008617401123047, 17.554285049438477, 18.08834457397461, 18.6456241607666, 19.20290184020996, 19.736961364746094, 20.294239044189453, 20.851518630981445, 21.408798217773438, 21.966075897216797, 22.52335548400879, 23.08063507080078, 23.62630271911621, 24.171972274780273, 24.706031799316406, 25.240089416503906, 25.77414894104004], "rhythm.bpm_histogram": [0.0, 0.0, 0.0, 0.0, 0.0, 0.0, 0.0, 0.0, 0.0, 0.0, 0.0, 0.0, 0.0, 0.0, 0.0, 0.0, 0.0, 0.0, 0.0, 0.0, 0.0, 0.0, 0.0, 0.0, 0.0, 0.0, 0.0, 0.0, 0.0, 0.0, 0.0, 0.0, 0.0, 0.0, 0.0, 0.0, 0.0, 0.0, 0.0, 0.0, 0.0, 0.0, 0.0, 0.0, 0.0, 0.0, 0.0, 0.0, 0.0, 0.0, 0.0, 0.0, 0.0, 0.0, 0.0, 0.0, 0.0, 0.0, 0.0, 0.0, 0.0, 0.0, 0.0, 0.0, 0.0, 0.0, 0.0, 0.0, 0.0, 0.0, 0.0, 0.0, 0.0, 0.0, 0.0, 0.0, 0.0, 0.0, 0.0, 0.0, 0.0, 0.0, 0.0, 0.0, 0.0, 0.0, 0.0, 0.0, 0.0, 0.0, 0.0, 0.0, 0.0, 0.0, 0.0, 0.0, 0.0, 0.0, 0.0, 0.0, 0.0, 0.0, 0.0, 0.021739130839705467, 0.0, 0.043478261679410934, 0.0, 0.0, 0.3913043439388275, 0.0, 0.260869562625885, 0.0, 0.28260868787765503, 0.0, 0.0, 0.0, 0.0, 0.0, 0.0, 0.0, 0.0, 0.0, 0.0, 0.0, 0.0, 0.0, 0.0, 0.0, 0.0, 0.0, 0.0, 0.0, 0.0, 0.0, 0.0, 0.0, 0.0, 0.0, 0.0, 0.0, 0.0, 0.0, 0.0, 0.0, 0.0, 0.0, 0.0, 0.0, 0.0, 0.0, 0.0, 0.0, 0.0, 0.0, 0.0, 0.0, 0.0, 0.0, 0.0, 0.0, 0.0, 0.0, 0.0, 0.0, 0.0, 0.0, 0.0, 0.0, 0.0, 0.0, 0.0, 0.0, 0.0, 0.0, 0.0, 0.0, 0.0, 0.0, 0.0, 0.0, 0.0, 0.0, 0.0, 0.0, 0.0, 0.0, 0.0, 0.0, 0.0, 0.0, 0.0, 0.0, 0.0, 0.0, 0.0, 0.0, 0.0, 0.0, 0.0, 0.0, 0.0, 0.0, 0.0, 0.0, 0.0, 0.0, 0.0, 0.0, 0.0, 0.0, 0.0, 0.0, 0.0, 0.0, 0.0, 0.0, 0.0, 0.0, 0.0, 0.0, 0.0, 0.0, 0.0, 0.0, 0.0, 0.0, 0.0, 0.0, 0.0, 0.0, 0.0, 0.0, 0.0, 0.0, 0.0, 0.0, 0.0, 0.0, 0.0, 0.0, 0.0, 0.0, 0.0, 0.0, 0.0, 0.0, 0.0, 0.0, 0.0, 0.0], "tonal.chords_histogram": [0.5309734344482422, 13.982300758361816, 10.619468688964844, 9.203539848327637, 0.0, 2.1238937377929688, 0.0, 23.362831115722656, 11.327433586120605, 3.8938052654266357, 0.0, 0.0, 0.0, 0.0, 0.0, 1.0619468688964844, 3.008849620819092, 0.0, 3.8938052654266357, 0.0, 3.7168140411376953, 0.0, 5.1327433586120605, 8.141592979431152], "tonal.thpcp": [1.0, 0.6552808284759521, 0.582495391368866, 0.7932854294776917, 0.4549524784088135, 0.17612062394618988, 0.1782919466495514, 0.17325259745121002, 0.5434070825576782, 0.9063730835914612, 0.5680396556854248, 0.2585687041282654, 0.30865466594696045, 0.3726918697357178, 0.6922091245651245, 0.8836647272109985, 0.5217145681381226, 0.2037053108215332, 0.15294840931892395, 0.14596542716026306, 0.20953507721424103, 0.29075029492378235, 0.2710303068161011, 0.2546718716621399, 0.31429511308670044, 0.2836719751358032, 0.19643372297286987, 0.17898237705230713, 0.1751338392496109, 0.21429648995399475, 0.4028783440589905, 0.4339984655380249, 0.2935795187950134, 0.23946715891361237, 0.31473127007484436, 0.7155831456184387], "lowlevel.gfcc.cov": [[4513.6708984375, -1029.5521240234375, 387.0791931152344, -380.0782775878906, -476.9385986328125, 437.24981689453125, -351.5249938964844, 211.27247619628906, 59.092254638671875, 219.4707794189453, -30.082904815673828, 175.9480743408203, -213.04586791992188], [-1029.5521240234375, 1899.466552734375, -857.6549072265625, -258.42999267578125, 249.5628662109375, -530.8056640625, 262.7944641113281, -113.69276428222656, 130.8605499267578, -100.44976806640625, 135.864501953125, -165.37135314941406, 114.42200469970703], [387.0791931152344, -857.6549072265625, 1046.5361328125, 346.9566955566406, 43.241424560546875, 341.8690490722656, -9.064833641052246, 130.50682067871094, -69.19073486328125, 54.43384552001953, -78.64910125732422, 157.24093627929688, -18.075300216674805], [-380.0782775878906, -258.42999267578125, 346.9566955566406, 751.2786254882812, 133.11756896972656, 165.4082794189453, -24.61199378967285, -52.04924392700195, 6.547995090484619, -46.980587005615234, 5.165914535522461, -19.598398208618164, 90.92903900146484], [-476.9385986328125, 249.5628662109375, 43.241424560546875, 133.11756896972656, 479.475830078125, -21.118974685668945, 115.04447174072266, 11.667682647705078, 21.639307022094727, 63.245975494384766, -29.615116119384766, -33.70431900024414, -6.090757369995117], [437.24981689453125, -530.8056640625, 341.8690490722656, 165.4082794189453, -21.118974685668945, 440.287841796875, 74.6720199584961, 83.43160247802734, -22.505247116088867, 24.189842224121094, -3.0749809741973877, 48.306583404541016, -38.633872985839844], [-351.5249938964844, 262.7944641113281, -9.064833641052246, -24.61199378967285, 115.04447174072266, 74.6720199584961, 421.645751953125, 82.87002563476562, -30.254440307617188, -70.06977844238281, -24.005022048950195, 15.53206729888916, -8.681608200073242], [211.27247619628906, -113.69276428222656, 130.50682067871094, -52.04924392700195, 11.667682647705078, 83.43160247802734, 82.87002563476562, 182.21115112304688, 33.563106536865234, 14.859631538391113, -20.00609016418457, 36.035884857177734, -30.108308792114258], [59.092254638671875, 130.8605499267578, -69.19073486328125, 6.547995090484619, 21.639307022094727, -22.505247116088867, -30.254440307617188, 33.563106536865234, 144.08758544921875, 57.11100387573242, 45.46916961669922, -27.651105880737305, 2.825395345687866], [219.4707794189453, -100.44976806640625, 54.43384552001953, -46.980587005615234, 63.245975494384766, 24.189842224121094, -70.06977844238281, 14.859631538391113, 57.11100387573242, 159.6152801513672, 34.67050552368164, 17.68866539001465, -35.696510314941406], [-30.082904815673828, 135.864501953125, -78.64910125732422, 5.165914535522461, -29.615116119384766, -3.0749809741973877, -24.005022048950195, -20.00609016418457, 45.46916961669922, 34.67050552368164, 125.83734893798828, 6.356049537658691, 19.862306594848633], [175.9480743408203, -165.37135314941406, 157.24093627929688, -19.598398208618164, -33.70431900024414, 48.306583404541016, 15.53206729888916, 36.035884857177734, -27.651105880737305, 17.68866539001465, 6.356049537658691, 119.91299438476562, 13.981795310974121], [-213.04586791992188, 114.42200469970703, -18.075300216674805, 90.92903900146484, -6.090757369995117, -38.633872985839844, -8.681608200073242, -30.108308792114258, 2.825395345687866, -35.696510314941406, 19.862306594848633, 13.981795310974121, 106.91218566894531]], "lowlevel.gfcc.icov": [[0.0004008592222817242, -0.00018665098468773067, 2.8780392312910408e-05, 5.991992657072842e-05, 0.00039186817593872547, -0.0005467231385409832, 0.0004904792294837534, -0.0002558599808253348, -0.00011225880734855309, -0.00036429031752049923, 0.0005198820144869387, -0.0006004160968586802, 0.0006082715117372572], [-0.00018665098468773067, 0.0024144344497472048, 0.00036665110383182764, 0.0007857551099732518, -0.0014133083168417215, 0.0020442192908376455, -0.0018226484535261989, 0.0008328246185556054, -0.0014833841705694795, 0.0017374638700857759, -0.0026801491621881723, 0.001785486238077283, -0.0019338177517056465], [2.8780392312910408e-05, 0.00036665110383182764, 0.002420400269329548, -0.0010521154617890716, -0.00016102584777399898, -0.0005491028423421085, 0.00022171196178533137, -0.0011396780610084534, 0.0006569196120835841, -0.0007340484298765659, 0.001006560167297721, -0.002221179660409689, 0.0002994667156599462], [5.991992657072842e-05, 0.0007857551099732518, -0.0010521154617890716, 0.0030739863868802786, -0.0013485081726685166, -0.00043748499592766166, -9.662868978921324e-05, 0.0015633555594831705, -0.0016531199216842651, 0.0022204662673175335, -0.001428636722266674, 0.0018774681957438588, -0.0025113949086517096], [0.00039186817593872547, -0.0014133083168417215, -0.00016102584777399898, -0.0013485081726685166, 0.004310424439609051, -0.0006279477383941412, -0.00018227989494334906, -0.0008092467905953526, 0.0011508502066135406, -0.004131290130317211, 0.0029447798151522875, -0.00023049085575621575, 0.0012623622315004468], [-0.0005467231385409832, 0.0020442192908376455, -0.0005491028423421085, -0.00043748499592766166, -0.0006279477383941412, 0.005988696590065956, -0.0028147513512521982, -0.00017783766088541597, -0.00014032627223059535, 0.0006189013947732747, -0.003366614691913128, 0.0022240683902055025, -0.0006034262478351593], [0.0004904792294837534, -0.0018226484535261989, 0.00022171196178533137, -9.662868978921324e-05, -0.00018227989494334906, -0.0028147513512521982, 0.005437574815005064, -0.002294523175805807, 0.0012521479511633515, 0.0011137343244627118, 0.0018231610301882029, -0.002696916926652193, 0.002168334787711501], [-0.0002558599808253348, 0.0008328246185556054, -0.0011396780610084534, 0.0015633555594831705, -0.0008092467905953526, -0.00017783766088541597, -0.002294523175805807, 0.009880001656711102, -0.005179532803595066, 0.0021286141127347946, 0.0004696813120972365, -0.001142068300396204, 0.0004718845884781331], [-0.00011225880734855309, -0.0014833841705694795, 0.0006569196120835841, -0.0016531199216842651, 0.0011508502066135406, -0.00014032627223059535, 0.0012521479511633515, -0.005179532803595066, 0.013364861719310284, -0.005868513602763414, -0.0014839691575616598, 0.0028900764882564545, -0.0008760634227655828], [-0.00036429031752049923, 0.0017374638700857759, -0.0007340484298765659, 0.0022204662673175335, -0.004131290130317211, 0.0006189013947732747, 0.0011137343244627118, 0.0021286141127347946, -0.005868513602763414, 0.014436638914048672, -0.005048894789069891, -0.0014074465725570917, 0.002177469665184617], [0.0005198820144869387, -0.0026801491621881723, 0.001006560167297721, -0.001428636722266674, 0.0029447798151522875, -0.003366614691913128, 0.0018231610301882029, 0.0004696813120972365, -0.0014839691575616598, -0.005048894789069891, 0.014730776660144329, -0.004671297501772642, 0.0007488000555895269], [-0.0006004160968586802, 0.001785486238077283, -0.002221179660409689, 0.0018774681957438588, -0.00023049085575621575, 0.0022240683902055025, -0.002696916926652193, -0.001142068300396204, 0.0028900764882564545, -0.0014074465725570917, -0.004671297501772642, 0.016533400863409042, -0.006670420058071613], [0.0006082715117372572, -0.0019338177517056465, 0.0002994667156599462, -0.0025113949086517096, 0.0012623622315004468, -0.0006034262478351593, 0.002168334787711501, 0.0004718845884781331, -0.0008760634227655828, 0.002177469665184617, 0.0007488000555895269, -0.006670420058071613, 0.016468055546283722]], "lowlevel.mfcc.cov": [[3376.98779296875, -832.7544555664062, 501.117919921875, -678.639404296875, -7.064427375793457, -61.1719856262207, -256.1302185058594, -10.388717651367188, -123.06523895263672, 93.90594482421875, 112.48542785644531, 90.08031463623047, 29.639066696166992], [-832.7544555664062, 1827.2481689453125, -974.44482421875, 116.85944366455078, -250.91685485839844, -246.49659729003906, -5.851386070251465, -89.87259674072266, 44.43547439575195, -64.86600494384766, 74.99237823486328, 23.664226531982422, 70.51326751708984], [501.117919921875, -974.44482421875, 1024.4327392578125, -21.46113395690918, 151.60133361816406, 147.93243408203125, 71.2454833984375, 140.8430633544922, 16.341787338256836, 15.634637832641602, -73.14249420166016, 24.10310173034668, -18.544734954833984], [-678.639404296875, 116.85944366455078, -21.46113395690918, 534.5867919921875, 151.4358367919922, 87.76436614990234, 57.37281036376953, 1.845426321029663, 65.37631225585938, -6.389024257659912, -45.58461380004883, -57.38716506958008, -4.621774673461914], [-7.064427375793457, -250.91685485839844, 151.60133361816406, 151.4358367919922, 383.70416259765625, 109.75645446777344, -31.952913284301758, -64.99883270263672, 2.7192018032073975, 81.42877197265625, 7.589970111846924, -19.961532592773438, 6.61782169342041], [-61.1719856262207, -246.49659729003906, 147.93243408203125, 87.76436614990234, 109.75645446777344, 261.92840576171875, 128.90768432617188, 43.090171813964844, 34.32026290893555, 27.661516189575195, 12.323762893676758, 24.64785385131836, -11.170598983764648], [-256.1302185058594, -5.851386070251465, 71.2454833984375, 57.37281036376953, -31.952913284301758, 128.90768432617188, 273.517578125, 153.55523681640625, 83.00732421875, -3.89268159866333, 17.76465606689453, 31.818143844604492, -12.440589904785156], [-10.388717651367188, -89.87259674072266, 140.8430633544922, 1.845426321029663, -64.99883270263672, 43.090171813964844, 153.55523681640625, 234.07818603515625, 91.05619812011719, 1.864749789237976, 3.665822982788086, 20.354887008666992, -10.964712142944336], [-123.06523895263672, 44.43547439575195, 16.341787338256836, 65.37631225585938, 2.7192018032073975, 34.32026290893555, 83.00732421875, 91.05619812011719, 142.0878143310547, 28.7685546875, 23.688453674316406, 5.792914390563965, -12.29569149017334], [93.90594482421875, -64.86600494384766, 15.634637832641602, -6.389024257659912, 81.42877197265625, 27.661516189575195, -3.89268159866333, 1.864749789237976, 28.7685546875, 119.63327026367188, 50.54806900024414, 16.078275680541992, 10.690744400024414], [112.48542785644531, 74.99237823486328, -73.14249420166016, -45.58461380004883, 7.589970111846924, 12.323762893676758, 17.76465606689453, 3.665822982788086, 23.688453674316406, 50.54806900024414, 121.82095336914062, 52.5609130859375, 16.967092514038086], [90.08031463623047, 23.664226531982422, 24.10310173034668, -57.38716506958008, -19.961532592773438, 24.64785385131836, 31.818143844604492, 20.354887008666992, 5.792914390563965, 16.078275680541992, 52.5609130859375, 101.88224792480469, 45.349151611328125], [29.639066696166992, 70.51326751708984, -18.544734954833984, -4.621774673461914, 6.61782169342041, -11.170598983764648, -12.440589904785156, -10.964712142944336, -12.29569149017334, 10.690744400024414, 16.967092514038086, 45.349151611328125, 95.03775787353516]], "lowlevel.mfcc.icov": [[0.0005214482662267983, 0.00010290354839526117, -0.00018177530728280544, 0.0005313866422511637, 7.3138253355864435e-06, -0.00011598820856306702, 0.0006092679686844349, -0.0002615670091472566, 0.00012177242751931772, -5.382271046983078e-05, -0.0005477367667481303, 9.477188723394647e-05, -0.0001387910160701722], [0.00010290354839526117, 0.001511002890765667, 0.0011580471182242036, -0.0003628208360169083, 0.0002662510669324547, 0.0010723681189119816, -0.0005189413204789162, 0.0003923909680452198, -0.0006557766464538872, 0.0005195107660256326, -0.00022984315000940114, -0.0006877590203657746, -0.000634079915471375], [-0.00018177530728280544, 0.0011580471182242036, 0.0024834279902279377, -0.00023308463278226554, -0.0006036336999386549, 0.0003449837095104158, -0.00030996667919680476, -0.0008487171144224703, -0.0003139457548968494, 0.0004202265990898013, 0.0015048229834064841, -0.0015960891032591462, 1.988287112908438e-05], [0.0005313866422511637, -0.0003628208360169083, -0.00023308463278226554, 0.003454923862591386, -0.001247132197022438, -0.0009892191737890244, 0.0003182155196554959, -0.00011742706556105986, -0.001178469625301659, 0.0006726152496412396, 0.0003586642269510776, 0.001702053821645677, -0.0008796441834419966], [7.3138253355864435e-06, 0.0002662510669324547, -0.0006036336999386549, -0.001247132197022438, 0.004914634861052036, -0.0014547178288921714, 0.0006205035606399179, 0.001596217043697834, -3.9126560295699164e-05, -0.0026932917535305023, -0.0006118284072726965, 0.001288131927140057, -0.0008336107130162418], [-0.00011598820856306702, 0.0010723681189119816, 0.0003449837095104158, -0.0009892191737890244, -0.0014547178288921714, 0.007684373762458563, -0.0042366450652480125, 0.001468229223974049, -0.00012148197129135951, -0.000179615497472696, 0.0001619574031792581, -0.00239106104709208, 0.0009955718414857984], [0.0006092679686844349, -0.0005189413204789162, -0.00030996667919680476, 0.0003182155196554959, 0.0006205035606399179, -0.0042366450652480125, 0.00945310853421688, -0.00483357859775424, -0.0007431456469930708, 0.000948636035900563, -0.0011396718909963965, -0.0008301487541757524, 0.0006853290251456201], [-0.0002615670091472566, 0.0003923909680452198, -0.0008487171144224703, -0.00011742706556105986, 0.001596217043697834, 0.001468229223974049, -0.00483357859775424, 0.00985733512789011, -0.004124949686229229, -0.00047253802767954767, 0.0007081094081513584, -0.00012182846694486216, -0.0003637227928265929], [0.00012177242751931772, -0.0006557766464538872, -0.0003139457548968494, -0.001178469625301659, -3.9126560295699164e-05, -0.00012148197129135951, -0.0007431456469930708, -0.004124949686229229, 0.012008060701191425, -0.002758360467851162, -0.0016897780587896705, 0.00038956792559474707, 0.001724907080642879], [-5.382271046983078e-05, 0.0005195107660256326, 0.0004202265990898013, 0.0006726152496412396, -0.0026932917535305023, -0.000179615497472696, 0.000948636035900563, -0.00047253802767954767, -0.002758360467851162, 0.01328844204545021, -0.004768576472997665, 0.0006263988907448947, -0.0013171067694202065], [-0.0005477367667481303, -0.00022984315000940114, 0.0015048229834064841, 0.0003586642269510776, -0.0006118284072726965, 0.0001619574031792581, -0.0011396718909963965, 0.0007081094081513584, -0.0016897780587896705, -0.004768576472997665, 0.015313482843339443, -0.007395652588456869, 0.0017594450619071722], [9.477188723394647e-05, -0.0006877590203657746, -0.0015960891032591462, 0.001702053821645677, 0.001288131927140057, -0.00239106104709208, -0.0008301487541757524, -0.00012182846694486216, 0.00038956792559474707, 0.0006263988907448947, -0.007395652588456869, 0.019762486219406128, -0.008371186442673206], [-0.0001387910160701722, -0.000634079915471375, 1.988287112908438e-05, -0.0008796441834419966, -0.0008336107130162418, 0.0009955718414857984, 0.0006853290251456201, -0.0003637227928265929, 0.00