{"song_id": "1182271349536854046", "download": "https://cdn.discordapp.com/attachments/1135911532732108921/1182271349536854046/chirp.mp4?ex=658416ff&amp", "lyrics": "En el Centro Comercial Santa Gloria, la vida se despierta,\nloa esquina Libertad, la obligaci\u00f3n se convierte en fiesta.\nNuevo horizonte en cada rinc\u00f3n de Arica,\nDonde la tradici\u00f3n y la modernidad bailan con destreza.\n\nEntre momias y secretos \nArica, joya del norte, en cada atardecer.\nLas olas acarician la pasi\u00f3n por surfear,\nEn este rinc\u00f3n de mar y desierto, placer sin entender.\n\nSanta Gloria, testigo de momentos especiales,\nGuardiana de historias, entre risas y colores reales.", "style": ["electr\u00f3nica andina trap"], "essentia_features": {"lowlevel.average_loudness": 0.9783225655555725, "lowlevel.barkbands_crest.mean": 16.8682861328125, "lowlevel.barkbands_crest.stdev": 5.365945339202881, "lowlevel.barkbands_flatness_db.mean": 0.241315558552742, "lowlevel.barkbands_flatness_db.stdev": 0.0823124423623085, "lowlevel.barkbands_kurtosis.mean": 28.301820755004883, "lowlevel.barkbands_kurtosis.stdev": 29.829137802124023, "lowlevel.barkbands_skewness.mean": 3.973963975906372, "lowlevel.barkbands_skewness.stdev": 2.1868715286254883, "lowlevel.barkbands_spread.mean": 11.201211929321289, "lowlevel.barkbands_spread.stdev": 11.193798065185547, "lowlevel.dissonance.mean": 0.41846105456352234, "lowlevel.dissonance.stdev": 0.050555355846881866, "lowlevel.dynamic_complexity": 1.8255518674850464, "lowlevel.erbbands_crest.mean": 13.751885414123535, "lowlevel.erbbands_crest.stdev": 6.091573238372803, "lowlevel.erbbands_flatness_db.mean": 0.16348852217197418, "lowlevel.erbbands_flatness_db.stdev": 0.047438476234674454, "lowlevel.erbbands_kurtosis.mean": 5.11729621887207, "lowlevel.erbbands_kurtosis.stdev": 9.061324119567871, "lowlevel.erbbands_skewness.mean": 1.5501418113708496, "lowlevel.erbbands_skewness.stdev": 1.33759343624115, "lowlevel.erbbands_spread.mean": 42.062347412109375, "lowlevel.erbbands_spread.stdev": 25.255189895629883, "lowlevel.hfc.mean": 21.649032592773438, "lowlevel.hfc.stdev": 19.476137161254883, "lowlevel.loudness_ebu128.integrated": -12.8912992477417, "lowlevel.loudness_ebu128.loudness_range": 0.5723838806152344, "lowlevel.loudness_ebu128.momentary.mean": -12.931238174438477, "lowlevel.loudness_ebu128.momentary.stdev": 0.5940188765525818, "lowlevel.loudness_ebu128.short_term.mean": -12.89603328704834, "lowlevel.loudness_ebu128.short_term.stdev": 0.21869097650051117, "lowlevel.melbands_crest.mean": 26.279705047607422, "lowlevel.melbands_crest.stdev": 7.64642333984375, "lowlevel.melbands_flatness_db.mean": 0.32486945390701294, "lowlevel.melbands_flatness_db.stdev": 0.09615535289049149, "lowlevel.melbands_kurtosis.mean": 55.52988052368164, "lowlevel.melbands_kurtosis.stdev": 61.94438934326172, "lowlevel.melbands_skewness.mean": 4.96644926071167, "lowlevel.melbands_skewness.stdev": 2.991288661956787, "lowlevel.melbands_spread.mean": 9.253342628479004, "lowlevel.melbands_spread.stdev": 10.801982879638672, "lowlevel.pitch_salience.mean": 0.35380592942237854, "lowlevel.pitch_salience.stdev": 0.15594474971294403, "lowlevel.silence_rate_20dB.mean": 1.0, "lowlevel.silence_rate_20dB.stdev": 0.0, "lowlevel.silence_rate_30dB.mean": 0.7583130598068237, "lowlevel.silence_rate_30dB.stdev": 0.42810460925102234, "lowlevel.silence_rate_60dB.mean": 0.004055149853229523, "lowlevel.silence_rate_60dB.stdev": 0.06355086714029312, "lowlevel.spectral_centroid.mean": 883.43359375, "lowlevel.spectral_centroid.stdev": 591.6233520507812, "lowlevel.spectral_complexity.mean": 9.771289825439453, "lowlevel.spectral_complexity.stdev": 8.715532302856445, "lowlevel.spectral_decrease.mean": -2.0193075656038673e-08, "lowlevel.spectral_decrease.stdev": 1.0563327101920095e-08, "lowlevel.spectral_energy.mean": 0.07817699015140533, "lowlevel.spectral_energy.stdev": 0.03999616205692291, "lowlevel.spectral_energyband_high.mean": 0.001010034466162324, "lowlevel.spectral_energyband_high.stdev": 0.0014397917548194528, "lowlevel.spectral_energyband_low.mean": 0.05855126678943634, "lowlevel.spectral_energyband_low.stdev": 0.04341193288564682, "lowlevel.spectral_energyband_middle_high.mean": 0.002918618032708764, "lowlevel.spectral_energyband_middle_high.stdev": 0.007037206552922726, "lowlevel.spectral_energyband_middle_low.mean": 0.01613364927470684, "lowlevel.spectral_energyband_middle_low.stdev": 0.013316829688847065, "lowlevel.spectral_entropy.mean": 7.372552871704102, "lowlevel.spectral_entropy.stdev": 0.5188795924186707, "lowlevel.spectral_flux.mean": 0.11109130829572678, "lowlevel.spectral_flux.stdev": 0.07471105456352234, "lowlevel.spectral_kurtosis.mean": 2.728463888168335, "lowlevel.spectral_kurtosis.stdev": 1.679765224456787, "lowlevel.spectral_rms.mean": 0.008369908668100834, "lowlevel.spectral_rms.stdev": 0.002492934465408325, "lowlevel.spectral_rolloff.mean": 525.5459594726562, "lowlevel.spectral_rolloff.stdev": 842.2695922851562, "lowlevel.spectral_skewness.mean": 1.4175673723220825, "lowlevel.spectral_skewness.stdev": 0.4534304440021515, "lowlevel.spectral_spread.mean": 6333287.5, "lowlevel.spectral_spread.stdev": 1297371.0, "lowlevel.spectral_strongpeak.mean": 0.819213330745697, "lowlevel.spectral_strongpeak.stdev": 0.7580385208129883, "lowlevel.zerocrossingrate.mean": 0.031047241762280464, "lowlevel.zerocrossingrate.stdev": 0.02379523403942585, "metadata.audio_properties.analysis.equal_loudness": 0.0, "metadata.audio_properties.analysis.length": 28.585622787475586, "metadata.audio_properties.analysis.sample_rate": 44100.0, "metadata.audio_properties.analysis.start_time": 0.0, "metadata.audio_properties.bit_rate": 124111.0, "metadata.audio_properties.length": 28.586666107177734, "metadata.audio_properties.lossless": 0.0, "metadata.audio_properties.number_channels": 1.0, "metadata.audio_properties.replay_gain": -12.329595565795898, "metadata.audio_properties.sample_rate": 48000.0, "rhythm.beats_count": 55.0, "rhythm.beats_loudness.mean": 0.09249279648065567, "rhythm.beats_loudness.stdev": 0.01937047764658928, "rhythm.bpm": 117.83861541748047, "rhythm.bpm_histogram_first_peak_bpm": 117.0, "rhythm.bpm_histogram_first_peak_weight": 0.18000000715255737, "rhythm.bpm_histogram_second_peak_bpm": 112.0, "rhythm.bpm_histogram_second_peak_spread": 0.5, "rhythm.bpm_histogram_second_peak_weight": 0.03703703731298447, "rhythm.danceability": 1.981841802597046, "rhythm.onset_rate": 6.606778621673584, "tonal.chords_changes_rate": 0.04538087546825409, "tonal.chords_number_rate": 0.008103727363049984, "tonal.chords_strength.mean": 0.5139109492301941, "tonal.chords_strength.stdev": 0.08025027066469193, "tonal.hpcp_crest.mean": 15.887674331665039, "tonal.hpcp_crest.stdev": 6.631752967834473, "tonal.hpcp_entropy.mean": 1.5885415077209473, "tonal.hpcp_entropy.stdev": 0.6607472896575928, "tonal.key_edma.strength": 0.5754870772361755, "tonal.key_krumhansl.strength": 0.5665134787559509, "tonal.key_temperley.strength": 0.5518695116043091, "tonal.tuning_diatonic_strength": 0.3887992203235626, "tonal.tuning_equal_tempered_deviation": 0.24089162051677704, "tonal.tuning_frequency": 434.193115234375, "tonal.tuning_nontempered_energy_ratio": 0.9719192981719971, "lowlevel.barkbands.mean": [0.007559739053249359, 0.04775228723883629, 0.002839796943590045, 0.0009941388852894306, 0.002249164506793022, 0.0055174920707941055, 0.0028070826083421707, 0.002148064086213708, 0.0023091849870979786, 0.0002552019141148776, 0.00032378718606196344, 0.0004662649007514119, 0.0007393985288217664, 0.00047892500879243016, 0.00015228026313707232, 0.00012921450252179056, 8.84829496499151e-05, 0.00012593755673151463, 0.000145472411531955, 0.000183454918442294, 0.0001404316717525944, 0.00027632893761619925, 0.00028797524282708764, 6.465657497756183e-05, 6.400221172953025e-05, 7.441140041919425e-05, 3.7769364098494407e-06], "lowlevel.barkbands.stdev": [0.006710231304168701, 0.041366349905729294, 0.010443770326673985, 0.004215596243739128, 0.00359033583663404, 0.004751952365040779, 0.007266615517437458, 0.005114707630127668, 0.004633413162082434, 0.0007439054897986352, 0.0011178251588717103, 0.0014463193947449327, 0.0022080421913415194, 0.0017529658507555723, 0.0004614872741512954, 0.00042580533772706985, 0.0003255098417866975, 0.0004236932145431638, 0.0004281477886252105, 0.0004930653376504779, 0.0002508928591851145, 0.000570335891097784, 0.00046162106445990503, 9.545126522425562e-05, 8.954339136835188e-05, 9.652281732996926e-05, 7.687925062782597e-06], "lowlevel.erbbands.mean": [2.409130096435547, 6.5485005378723145, 4.130852699279785, 3.9282634258270264, 2.3649685382843018, 6.441195487976074, 27.66401481628418, 53.8266487121582, 53.50431442260742, 30.83451271057129, 43.264869689941406, 44.1292724609375, 35.188751220703125, 9.568398475646973, 15.990049362182617, 19.13787269592285, 29.852741241455078, 33.81153869628906, 11.061063766479492, 7.232537746429443, 7.004885196685791, 5.252532958984375, 5.660741329193115, 8.653393745422363, 6.968951225280762, 8.96524715423584, 6.660738945007324, 5.144959449768066, 8.529305458068848, 13.365476608276367, 6.333609580993652, 1.7947031259536743, 0.9847360849380493, 0.6529253721237183, 0.4871070683002472, 0.26546740531921387, 0.15495474636554718, 0.026800571009516716, 0.0005853365873917937, 0.00010402006591903046], "lowlevel.erbbands.stdev": [1.8661689758300781, 8.273092269897461, 10.15207290649414, 15.415263175964355, 6.405336380004883, 10.19764518737793, 51.765045166015625, 46.410037994384766, 124.28862762451172, 64.24044036865234, 92.93569946289062, 90.93132781982422, 79.6562271118164, 32.557491302490234, 51.303260803222656, 60.151065826416016, 87.59542846679688, 118.78685760498047, 33.365604400634766, 21.641952514648438, 23.029773712158203, 18.69062042236328, 20.024314880371094, 24.83409309387207, 20.334186553955078, 24.829505920410156, 12.49806022644043, 9.147501945495605, 18.146835327148438, 24.907827377319336, 9.712742805480957, 2.5785210132598877, 1.5265268087387085, 1.1057862043380737, 0.6429832577705383, 0.35947978496551514, 0.2035987377166748, 0.03897755965590477, 0.0008253839332610369, 4.814803469344042e-05], "lowlevel.gfcc.mean": [-4.880635738372803, 72.2463607788086, -68.7806167602539, 29.177824020385742, -76.54239654541016, 12.35086727142334, -24.427751541137695, 13.655494689941406, -3.610227108001709, 28.435564041137695, -2.828731060028076, 20.393484115600586, -6.732161998748779], "lowlevel.melbands.mean": [0.01691450923681259, 0.003979166969656944, 0.0006010966608300805, 0.000278190040262416, 0.0008425446576438844, 0.0011861968087032437, 0.0007374509004876018, 0.00038993233465589583, 0.0003149188996758312, 0.00031039261375553906, 0.00017321387713309377, 3.276035204180516e-05, 4.9355261580785736e-05, 5.324034282239154e-05, 4.950930815539323e-05, 8.23605150799267e-05, 5.75058875256218e-05, 1.7553509678691626e-05, 1.1157064363942482e-05, 8.703141247679014e-06, 7.835971700842492e-06, 5.376900389819639e-06, 4.6344157453859225e-06, 5.970010533928871e-06, 7.241721050377237e-06, 5.105181116960011e-06, 5.404735475167399e-06, 6.047274382581236e-06, 4.33088325735298e-06, 3.450370058999397e-06, 2.708690544750425e-06, 4.054072633152828e-06, 6.777371254429454e-06, 8.010167221073061e-06, 4.277271273167571e-06, 1.5710865000073682e-06, 8.757444334150932e-07, 6.818869451308274e-07, 6.118840474300669e-07, 5.179283562029013e-07], "lowlevel.melbands.stdev": [0.013442778028547764, 0.005662390496581793, 0.0022673869971185923, 0.00045990379294380546, 0.0015102028846740723, 0.000982709345407784, 0.0016061749774962664, 0.0008411302114836872, 0.0006442426238209009, 0.0006319656386040151, 0.00040414571412838995, 0.00012508516374509782, 0.00016284832963719964, 0.00015794075443409383, 0.0001723303721519187, 0.00025665503926575184, 0.00020902698452118784, 5.697278174920939e-05, 3.375802407390438e-05, 2.830905759765301e-05, 2.687979031179566e-05, 1.9753648302867077e-05, 1.827418600441888e-05, 2.003761619562283e-05, 2.0876510461675934e-05, 1.6406555005232804e-05, 1.604459248483181e-05, 1.6893234715098515e-05, 8.477022674924228e-06, 6.628725714108441e-06, 4.89692683913745e-06, 9.030675755639095e-06, 1.4783264305151533e-05, 1.445589259674307e-05, 6.747924999217503e-06, 2.4173996280296706e-06, 1.3474715387928882e-06, 1.083360302800429e-06, 1.0442457778481185e-06, 9.326907957074582e-07], "lowlevel.melbands128.mean": [0.0072242021560668945, 0.023298941552639008, 0.019375162199139595, 0.008090713061392307, 0.0024366958532482386, 0.0013568608555942774, 0.0008750279084779322, 0.00035953588667325675, 0.0001715116814011708, 0.00025122141232714057, 0.00025262642884626985, 0.0007818908779881895, 0.001071522361598909, 0.0008115585660561919, 0.0011614540126174688, 0.001451032585464418, 0.001160324551165104, 0.000602375774178654, 0.00020528606546577066, 0.0002455218636896461, 0.0005565656465478241, 0.0006816844688728452, 0.00011006132990587503, 0.0001972891332115978, 0.00024282350204885006, 0.00037712528137490153, 0.00047056147013790905, 6.651783041888848e-05, 3.021397969860118e-05, 2.6960989998769946e-05, 3.440548971411772e-05, 4.191981861367822e-05, 5.060506737208925e-05, 5.255757423583418e-05, 5.9204910940025e-05, 5.110929123475216e-05, 4.840505789616145e-05, 4.711699875770137e-05, 4.982584869139828e-05, 6.202903023222461e-05, 9.036421397468075e-05, 0.00011639918375294656, 6.0177033446962014e-05, 2.913247953983955e-05, 2.19274552364368e-05, 1.4955854567233473e-05, 1.3442853742162697e-05, 1.183657514047809e-05, 1.0110870789503679e-05, 8.600802175351419e-06, 7.929774255899247e-06, 9.305524145020172e-06, 9.679019058239646e-06, 6.4066889535752125e-06, 5.531660463020671e-06, 5.4482120503962506e-06, 5.26606436324073e-06, 4.403641924000112e-06, 4.752658242068719e-06, 4.258842636772897e-06, 5.038350082031684e-06, 8.08101594884647e-06, 8.634240657556802e-06, 6.701366601191694e-06, 5.492317086464027e-06, 5.526710083358921e-06, 4.404751507536275e-06, 4.307785275159404e-06, 5.590435648628045e-06, 7.231197287183022e-06, 6.228698566701496e-06, 5.453100129670929e-06, 4.840275323658716e-06, 4.23857090936508e-06, 3.5139205465384293e-06, 3.864619884552667e-06, 3.2287330213875975e-06, 2.698028538361541e-06, 2.6248508220305666e-06, 2.6057814466184936e-06, 3.35564550368872e-06, 4.766397523781052e-06, 5.69258509131032e-06, 7.083930995577248e-06, 7.63036405260209e-06, 7.549272140749963e-06, 8.959898877947126e-06, 7.397626632155152e-06, 3.643612899395521e-06, 2.468118736942415e-06, 1.8541187500886736e-06, 1.3896996051698807e-06, 9.292668323723774e-07, 8.780791631579632e-07, 8.488053708788357e-07, 6.725124990225595e-07, 6.375709062922397e-07, 6.894167086102243e-07, 6.244179076020373e-07, 5.559452347370097e-07, 5.841177994625468e-07, 4.867665666097309e-07, 4.843793703912525e-07, 5.269535563456884e-07, 6.019066063345235e-07, 5.818171189275745e-07, 5.395054927248566e-07, 3.843280182991293e-07, 4.1925463278857933e-07, 5.03640876559075e-07, 4.294346069855237e-07, 5.317338036547881e-07, 5.465986419039837e-07, 5.08074265326286e-07, 4.6790395913376415e-07, 3.1333107131104043e-07, 1.3489598416072113e-07, 2.0538186262797353e-08, 1.5984784607070424e-09, 1.1173583586154834e-10, 6.479825703786801e-11, 2.299594889509926e-11, 8.695962352978093e-12, 8.474473726927112e-12, 8.047068220107256e-12, 7.439045039692171e-12, 7.104739973423646e-12, 7.024836441715809e-12], "lowlevel.melbands128.stdev": [0.006413879804313183, 0.018243959173560143, 0.020354289561510086, 0.011938577517867088, 0.005626855418086052, 0.005228815134614706, 0.0036570928059518337, 0.0015356336953118443, 0.0005281114135868847, 0.0006214487366378307, 0.0005236617289483547, 0.0015739190857857466, 0.0025924001820385456, 0.0012379352701827884, 0.001158675062470138, 0.0017359972698614001, 0.0032284650951623917, 0.001711711403913796, 0.0006490746163763106, 0.0009427458280697465, 0.0013973331078886986, 0.0017201604787260294, 0.0003299549571238458, 0.0007447246462106705, 0.0007796551217325032, 0.0009547382360324264, 0.0012197433970868587, 0.00017681249300949275, 9.422059520147741e-05, 0.00010607424337649718, 0.0001587404840392992, 0.00015885141328908503, 0.00018049498612526804, 0.0002067184104816988, 0.0001877072936622426, 0.0001557086652610451, 0.000200729860807769, 0.0001865300437202677, 0.0002068988687824458, 0.00021212297724559903, 0.00031994926393963397, 0.00048414181219413877, 0.00025340256979689, 0.00012352620251476765, 8.083831198746338e-05, 5.093617073725909e-05, 4.847941090702079e-05, 3.913629916496575e-05, 3.246655251132324e-05, 3.176976679242216e-05, 2.9458482458721846e-05, 3.4545220842119306e-05, 3.254969124100171e-05, 2.6474772312212735e-05, 2.2480537154478952e-05, 2.074921394523699e-05, 2.0667179342126474e-05, 1.8346201613894664e-05, 2.193296495534014e-05, 1.7826338080340065e-05, 1.9576018530642614e-05, 2.7280028007226065e-05, 2.808942190313246e-05, 2.0074310668860562e-05, 1.7646971173235215e-05, 2.1355275748646818e-05, 1.4285938050306868e-05, 1.3570586816058494e-05, 1.8173053831560537e-05, 2.3819478883524425e-05, 2.025569301622454e-05, 1.4794346498092636e-05, 1.0801695680129342e-05, 9.258352292818017e-06, 7.418933819280937e-06, 8.23075788503047e-06, 6.587724783457816e-06, 6.065765319362981e-06, 4.705536412075162e-06, 5.2379209591890685e-06, 8.374750905204564e-06, 1.2682622582360636e-05, 1.3455723092192784e-05, 1.763216823746916e-05, 1.7387470506946556e-05, 1.4188941349857487e-05, 1.7907805158756673e-05, 1.29325326270191e-05, 6.188646693772171e-06, 4.18988793171593e-06, 3.152441422571428e-06, 2.4865030354703777e-06, 1.5536280670858105e-06, 1.472902681598498e-06, 1.5284911114576971e-06, 1.1422947636674508e-06, 1.2235728945597657e-06, 1.279585944757855e-06, 1.1015914651579806e-06, 1.1492547855596058e-06, 1.1057393294322537e-06, 9.881802043310017e-07, 9.406407457390742e-07, 8.644865374662913e-07, 8.907907727007114e-07, 8.576500363233208e-07, 7.867054137022933e-07, 6.162056251923786e-07, 6.922364264028147e-07, 7.736663860669069e-07, 6.955979756639863e-07, 7.723946851001529e-07, 7.585775847473997e-07, 7.565054715996666e-07, 7.350010378104344e-07, 5.034850119045586e-07, 2.5369439526912174e-07, 8.00073607365448e-08, 1.3650327090886094e-08, 1.5970139655152593e-09, 1.036784769148369e-09, 3.2532357363557196e-10, 2.641032705030799e-11, 2.5087208352370105e-11, 1.976911342960186e-11, 1.2697777725112491e-11, 1.088681488708998e-11, 1.0769424414747153e-11], "lowlevel.mfcc.mean": [-664.9144897460938, 111.18326568603516, 46.44150924682617, 26.2037296295166, -14.0494966506958, 11.360372543334961, -10.379889488220215, 1.9252783060073853, -3.4772186279296875, 14.550740242004395, 13.678505897521973, 5.55078125, 13.337615013122559], "lowlevel.spectral_contrast_coeffs.mean": [-0.6588156223297119, -0.6387971043586731, -0.76662278175354, -0.8251524567604065, -0.8212481141090393, -0.7286125421524048], "lowlevel.spectral_contrast_coeffs.stdev": [0.09722454100847244, 0.0869169607758522, 0.08247732371091843, 0.04785842448472977, 0.03095065802335739, 0.048054568469524384], "lowlevel.spectral_contrast_valleys.mean": [-7.24522590637207, -7.001466751098633, -7.812541961669922, -8.130237579345703, -7.946533679962158, -10.25031852722168], "lowlevel.spectral_contrast_valleys.stdev": [0.8677994012832642, 0.7385516166687012, 0.9572706818580627, 0.8903053402900696, 0.7705243825912476, 0.7349895238876343], "rhythm.beats_loudness_band_ratio.mean": [0.7465620040893555, 0.09771724045276642, 0.13624367117881775, 0.010630061849951744, 0.0057412488386034966, 0.014520613476634026], "rhythm.beats_loudness_band_ratio.stdev": [0.1271219402551651, 0.052748531103134155, 0.10014867037534714, 0.0133043909445405, 0.007340341806411743, 0.010346106253564358], "tonal.hpcp.mean": [0.06303174793720245, 0.08095556497573853, 0.06725165992975235, 0.048011112958192825, 0.0317138135433197, 0.026264196261763573, 0.043201789259910583, 0.04851149767637253, 0.03264889493584633, 0.025651227682828903, 0.03470800817012787, 0.03892373666167259, 0.09181365370750427, 0.1025555208325386, 0.03960392251610756, 0.04567628353834152, 0.047215256839990616, 0.021657677367329597, 0.018470322713255882, 0.03227364271879196, 0.06057766452431679, 0.21681180596351624, 0.43033891916275024, 0.2997606694698334, 0.0670437440276146, 0.043695177882909775, 0.05115850642323494, 0.17011630535125732, 0.177360400557518, 0.04651769995689392, 0.021380065008997917, 0.020664146170020103, 0.021618761122226715, 0.0696784034371376, 0.08677918463945389, 0.048191480338573456], "tonal.hpcp.stdev": [0.18892085552215576, 0.22532887756824493, 0.2083732634782791, 0.1800185889005661, 0.13919296860694885, 0.12463343888521194, 0.1551569402217865, 0.17373551428318024, 0.13376252353191376, 0.11905194073915482, 0.1514882594347, 0.1566784530878067, 0.19372324645519257, 0.2242821305990219, 0.1331259310245514, 0.16284076869487762, 0.16678749024868011, 0.09076503664255142, 0.10285604000091553, 0.1457722932100296, 0.19896076619625092, 0.3035717010498047, 0.44785013794898987, 0.3719305694103241, 0.17652088403701782, 0.15581290423870087, 0.1619674563407898, 0.29462459683418274, 0.3100416362285614, 0.1361027956008911, 0.1101718321442604, 0.11023607850074768, 0.11344078183174133, 0.1937026083469391, 0.2394181787967682, 0.1585170179605484], "rhythm.beats_position": [0.5572788715362549, 1.09133780002594, 1.6370067596435547, 2.1942856311798096, 2.728344678878784, 3.250793695449829, 3.7616326808929443, 4.2724714279174805, 4.783310413360596, 5.294149398803711, 5.804988384246826, 6.315827369689941, 6.826666355133057, 7.337505340576172, 7.848344326019287, 8.359183311462402, 8.858412742614746, 9.357641220092773, 9.868480682373047, 10.379319190979004, 10.890158653259277, 11.400997161865234, 11.911836624145508, 12.422675132751465, 12.933514595031738, 13.444353103637695, 13.955192565917969, 14.466031074523926, 14.96526050567627, 15.464489936828613, 15.97532844543457, 16.486167907714844, 16.997007369995117, 17.507844924926758, 18.01868438720703, 18.529523849487305, 19.040363311767578, 19.55120086669922, 20.062040328979492, 20.572879791259766, 21.08371925354004, 21.58294677734375, 22.093786239624023, 22.593015670776367, 23.10385513305664, 23.61469268798828, 24.125532150268555, 24.636371612548828, 25.1472110748291, 25.658048629760742, 26.168888092041016, 26.67972755432129, 27.190567016601562, 27.689794540405273, 28.189023971557617], "rhythm.bpm_histogram": [0.0, 0.0, 0.0, 0.0, 0.0, 0.0, 0.0, 0.0, 0.0, 0.0, 0.0, 0.0, 0.0, 0.0, 0.0, 0.0, 0.0, 0.0, 0.0, 0.0, 0.0, 0.0, 0.0, 0.0, 0.0, 0.0, 0.0, 0.0, 0.0, 0.0, 0.0, 0.0, 0.0, 0.0, 0.0, 0.0, 0.0, 0.0, 0.0, 0.0, 0.0, 0.0, 0.0, 0.0, 0.0, 0.0, 0.0, 0.0, 0.0, 0.0, 0.0, 0.0, 0.0, 0.0, 0.0, 0.0, 0.0, 0.0, 0.0, 0.0, 0.0, 0.0, 0.0, 0.0, 0.0, 0.0, 0.0, 0.0, 0.0, 0.0, 0.0, 0.0, 0.0, 0.0, 0.0, 0.0, 0.0, 0.0, 0.0, 0.0, 0.0, 0.0, 0.0, 0.0, 0.0, 0.0, 0.0, 0.0, 0.0, 0.0, 0.0, 0.0, 0.0, 0.0, 0.0, 0.0, 0.0, 0.0, 0.0, 0.0, 0.0, 0.0, 0.0, 0.0, 0.0, 0.0, 0.0, 0.0, 0.018518518656492233, 0.0, 0.018518518656492233, 0.0, 0.03703703731298447, 0.0, 0.0, 0.018518518656492233, 0.0, 0.7592592835426331, 0.0, 0.0, 0.14814814925193787, 0.0, 0.0, 0.0, 0.0, 0.0, 0.0, 0.0, 0.0, 0.0, 0.0, 0.0, 0.0, 0.0, 0.0, 0.0, 0.0, 0.0, 0.0, 0.0, 0.0, 0.0, 0.0, 0.0, 0.0, 0.0, 0.0, 0.0, 0.0, 0.0, 0.0, 0.0, 0.0, 0.0, 0.0, 0.0, 0.0, 0.0, 0.0, 0.0, 0.0, 0.0, 0.0, 0.0, 0.0, 0.0, 0.0, 0.0, 0.0, 0.0, 0.0, 0.0, 0.0, 0.0, 0.0, 0.0, 0.0, 0.0, 0.0, 0.0, 0.0, 0.0, 0.0, 0.0, 0.0, 0.0, 0.0, 0.0, 0.0, 0.0, 0.0, 0.0, 0.0, 0.0, 0.0, 0.0, 0.0, 0.0, 0.0, 0.0, 0.0, 0.0, 0.0, 0.0, 0.0, 0.0, 0.0, 0.0, 0.0, 0.0, 0.0, 0.0, 0.0, 0.0, 0.0, 0.0, 0.0, 0.0, 0.0, 0.0, 0.0, 0.0, 0.0, 0.0, 0.0, 0.0, 0.0, 0.0, 0.0, 0.0, 0.0, 0.0, 0.0, 0.0, 0.0, 0.0, 0.0, 0.0, 0.0, 0.0, 0.0, 0.0, 0.0, 0.0, 0.0, 0.0, 0.0, 0.0, 0.0, 0.0], "tonal.chords_histogram": [40.356563568115234, 17.179903030395508, 0.6482982039451599, 0.0, 0.0, 0.0, 9.886548042297363, 0.0, 0.0, 0.0, 0.0, 0.0, 0.0, 0.0, 0.0, 0.0, 0.0, 0.0, 0.0, 0.0, 0.0, 2.4311182498931885, 0.0, 29.497568130493164], "tonal.thpcp": [1.0, 0.6965687870979309, 0.15579289197921753, 0.10153666138648987, 0.11887957155704498, 0.3953077495098114, 0.41214120388031006, 0.10809549689292908, 0.049681924283504486, 0.048018306493759155, 0.050236593931913376, 0.16191518306732178, 0.2016531229019165, 0.11198494583368301, 0.14647001028060913, 0.18812048435211182, 0.15627603232860565, 0.11156581342220306, 0.07369496673345566, 0.06103142350912094, 0.10039015114307404, 0.11272858828306198, 0.07586786150932312, 0.05960703641176224, 0.08065272867679596, 0.0904490277171135, 0.21335196495056152, 0.23831337690353394, 0.09202960878610611, 0.10614025592803955, 0.10971644520759583, 0.05032702535390854, 0.04292041063308716, 0.07499587535858154, 0.14076733589172363, 0.5038164258003235], "lowlevel.gfcc.cov": [[3672.42822265625, -377.0274353027344, -789.6133422851562, -196.3579864501953, 405.69775390625, 393.7830505371094, -52.78763198852539, -62.83368682861328, -431.93902587890625, -89.6370849609375, -182.2373046875, -124.06961822509766, -253.70037841796875], [-377.0274353027344, 699.1209106445312, 525.0609130859375, 222.16885375976562, 202.4206085205078, 31.840017318725586, 211.47439575195312, 131.38406372070312, 211.78799438476562, 12.26716136932373, 23.4951229095459, -53.73847961425781, 71.54315948486328], [-789.6133422851562, 525.0609130859375, 1087.967041015625, 441.24609375, 183.4564666748047, 84.48176574707031, 259.9142150878906, 209.5009002685547, 301.71405029296875, 82.72937774658203, 12.25083065032959, 13.766393661499023, 103.42385864257812], [-196.3579864501953, 222.16885375976562, 441.24609375, 598.2534790039062, 233.87545776367188, 113.44853210449219, 173.91238403320312, 65.63887023925781, 178.98439025878906, 31.8278865814209, 40.34634780883789, 30.579748153686523, 89.68827056884766], [405.69775390625, 202.4206085205078, 183.4564666748047, 233.87545776367188, 561.4835815429688, 311.85498046875, 183.65090942382812, 108.47209930419922, 47.1021728515625, 86.14789581298828, 78.94678497314453, 20.099231719970703, 12.394930839538574], [393.7830505371094, 31.840017318725586, 84.48176574707031, 113.44853210449219, 311.85498046875, 337.6241760253906, 176.06991577148438, 60.84990692138672, 22.94527816772461, 91.685791015625, 78.0733413696289, 48.734352111816406, 13.141528129577637], [-52.78763198852539, 211.47439575195312, 259.9142150878906, 173.91238403320312, 183.65090942382812, 176.06991577148438, 253.5484161376953, 122.390869140625, 131.87437438964844, 72.5451889038086, 65.54142761230469, 38.414546966552734, 49.69195556640625], [-62.83368682861328, 131.38406372070312, 209.5009002685547, 65.63887023925781, 108.47209930419922, 60.84990692138672, 122.390869140625, 176.05455017089844, 112.07142639160156, 38.58501434326172, 21.202455520629883, 8.816837310791016, 35.6182975769043], [-431.93902587890625, 211.78799438476562, 301.71405029296875, 178.98439025878906, 47.1021728515625, 22.94527816772461, 131.87437438964844, 112.07142639160156, 236.50506591796875, 94.38347625732422, 71.3963851928711, 39.02893829345703, 74.85533142089844], [-89.6370849609375, 12.26716136932373, 82.72937774658203, 31.8278865814209, 86.14789581298828, 91.685791015625, 72.5451889038086, 38.58501434326172, 94.38347625732422, 166.5679168701172, 140.81732177734375, 72.584716796875, 33.942726135253906], [-182.2373046875, 23.4951229095459, 12.25083065032959, 40.34634780883789, 78.94678497314453, 78.0733413696289, 65.54142761230469, 21.202455520629883, 71.3963851928711, 140.81732177734375, 205.42941284179688, 108.04926300048828, 61.16572952270508], [-124.06961822509766, -53.73847961425781, 13.766393661499023, 30.579748153686523, 20.099231719970703, 48.734352111816406, 38.414546966552734, 8.816837310791016, 39.02893829345703, 72.584716796875, 108.04926300048828, 118.54706573486328, 65.66516876220703], [-253.70037841796875, 71.54315948486328, 103.42385864257812, 89.68827056884766, 12.394930839538574, 13.141528129577637, 49.69195556640625, 35.6182975769043, 74.85533142089844, 33.942726135253906, 61.16572952270508, 65.66516876220703, 121.44334411621094]], "lowlevel.gfcc.icov": [[0.0006520440219901502, -0.0005741731147281826, 0.0007337731076404452, -0.0005765896639786661, 0.00018313068721909076, -0.0009357783710584044, 0.0004796876455657184, -0.0010447055101394653, 0.001431431039236486, -0.0013598731020465493, 0.0015222214860841632, -0.0007137302309274673, 0.000811031146440655], [-0.0005741731147281826, 0.0063563003204762936, -0.00278023281134665, 0.0028219791129231453, -0.003368447767570615, 0.003623893717303872, -0.004637555684894323, 0.004436575807631016, -0.005375109147280455, 0.006529700476676226, -0.006182733923196793, 0.0075162239372730255, -0.003574363188818097], [0.0007337731076404452, -0.00278023281134665, 0.003565469291061163, -0.002428534673526883, 0.0013485116651281714, -0.001604159944690764, 0.001303801778703928, -0.003371726954355836, 0.0022749872878193855, -0.004619793500751257, 0.004877920728176832, -0.003290254157036543, 0.0016304041491821408], [-0.0005765896639786661, 0.0028219791129231453, -0.002428534673526883, 0.005192903336137533, -0.0030619718600064516, 0.002008546842262149, -0.00281863403506577, 0.004933181684464216, -0.005566687788814306, 0.005792334675788879, -0.0037409053184092045, 0.00311647797934711, -0.0028208966832607985], [0.00018313068721909076, -0.003368447767570615, 0.0013485116651281714, -0.0030619718600064516, 0.006745835766196251, -0.005743246525526047, 0.0032920201774686575, -0.004745595157146454, 0.004218454472720623, -0.003681148635223508, 0.001519937301054597, -0.001912417123094201, 0.002154864137992263], [-0.0009357783710584044, 0.003623893717303872, -0.001604159944690764, 0.002008546842262149, -0.005743246525526047, 0.012845126911997795, -0.008797266520559788, 0.004381236154586077, -0.0007432780112139881, 0.00010834186105057597, -0.001913397922180593, 0.0017052110051736236, -0.0022265585139393806], [0.0004796876455657184, -0.004637555684894323, 0.001303801778703928, -0.00281863403506577, 0.0032920201774686575, -0.008797266520559788, 0.015682226046919823, -0.007166972849518061, 0.0004086994449608028, -0.0021867158357053995, 0.002446867525577545, -0.005160085391253233, 0.0029235014226287603], [-0.0010447055101394653, 0.004436575807631016, -0.003371726954355836, 0.004933181684464216, -0.004745595157146454, 0.004381236154586077, -0.007166972849518061, 0.016165893524885178, -0.009424659423530102, 0.006866527255624533, -0.004484961740672588, 0.005454873666167259, -0.00416694488376379], [0.001431431039236486, -0.005375109147280455, 0.0022749872878193855, -0.005566687788814306, 0.004218454472720623, -0.0007432780112139881, 0.0004086994449608028, -0.009424659423530102, 0.020651498809456825, -0.014968208968639374, 0.007633578963577747, -0.004561641253530979, 0.0006534871063195169], [-0.0013598731020465493, 0.006529700476676226, -0.004619793500751257, 0.005792334675788879, -0.003681148635223508, 0.00010834186105057597, -0.0021867158357053995, 0.006866527255624533, -0.014968208968639374, 0.029820075258612633, -0.019961049780249596, 0.006380780600011349, -0.0002911536139436066], [0.0015222214860841632, -0.006182733923196793, 0.004877920728176832, -0.0037409053184092045, 0.001519937301054597, -0.001913397922180593, 0.002446867525577545, -0.004484961740672588, 0.007633578963577747, -0.019961049780249596, 0.025919150561094284, -0.015875548124313354, 0.002200450748205185], [-0.0007137302309274673, 0.0075162239372730255, -0.003290254157036543, 0.00311647797934711, -0.001912417123094201, 0.0017052110051736236, -0.005160085391253233, 0.005454873666167259, -0.004561641253530979, 0.006380780600011349, -0.015875548124313354, 0.030466506257653236, -0.01234550029039383], [0.000811031146440655, -0.003574363188818097, 0.0016304041491821408, -0.0028208966832607985, 0.002154864137992263, -0.0022265585139393806, 0.0029235014226287603, -0.00416694488376379, 0.0006534871063195169, -0.0002911536139436066, 0.002200450748205185, -0.01234550029039383, 0.01802155189216137]], "lowlevel.mfcc.cov": [[4016.41064453125, -401.0022277832031, -1135.32080078125, -515.7260131835938, 99.81182861328125, 160.14065551757812, 329.1532287597656, -10.521522521972656, -162.7525634765625, -166.44729614257812, -102.89278411865234, -89.25035858154297, -195.05987548828125], [-401.0022277832031, 627.996826171875, 269.8833923339844, 130.84573364257812, 116.8665771484375, 23.13288688659668, 68.67797088623047, 77.07306671142578, 138.37991333007812, 141.17788696289062, 83.1436767578125, 57.585384368896484, 22.308345794677734], [-1135.32080078125, 269.8833923339844, 874.9769897460938, 420.6623229980469, 54.48555374145508, 48.901885986328125, -76.80421447753906, 100.17707061767578, 205.39666748046875, 141.67343139648438, 95.87223052978516, 42.87971878051758, 58.18606185913086], [-515.7260131835938, 130.84573364257812, 420.6623229980469, 510.292724609375, 167.79299926757812, 120.05345916748047, 3.5149242877960205, 109.48744201660156, 157.21112060546875, 93.99205780029297, 43.168663024902344, 17.3553409576416, 87.00390625], [99.81182861328125, 116.8665771484375, 54.48555374145508, 167.79299926757812, 334.69525146484375, 175.37330627441406, 171.32943725585938, 86.97061920166016, 95.85969543457031, 59.61042785644531, 43.03446960449219, 51.786224365234375, 52.18743896484375], [160.14065551757812, 23.13288688659668, 48.901885986328125, 120.05345916748047, 175.37330627441406, 321.0279235839844, 182.68734741210938, 94.2133560180664, 55.58742141723633, 48.01415252685547, 70.05465698242188, 63.04160690307617, 67.64274597167969], [329.1532287597656, 68.67797088623047, -76.80421447753906, 3.5149242877960205, 171.32943725585938, 182.68734741210938, 262.1742858886719, 93.07907104492188, 34.28594970703125, 46.463661193847656, 57.44171142578125, 51.76168441772461, 39.42676544189453], [-10.521522521972656, 77.07306671142578, 100.17707061767578, 109.48744201660156, 86.97061920166016, 94.2133560180664, 93.07907104492188, 147.39183044433594, 98.82859802246094, 79.50975799560547, 42.8533935546875, 4.947076320648193, 27.504867553710938], [-162.7525634765625, 138.37991333007812, 205.39666748046875, 157.21112060546875, 95.85969543457031, 55.58742141723633, 34.28594970703125, 98.82859802246094, 179.23211669921875, 105.03411102294922, 47.01636505126953, 24.669376373291016, 21.019893646240234], [-166.44729614257812, 141.17788696289062, 141.67343139648438, 93.99205780029297, 59.61042785644531, 48.01415252685547, 46.463661193847656, 79.50975799560547, 105.03411102294922, 161.5337371826172, 80.07479858398438, 29.965187072753906, 29.873098373413086], [-102.89278411865234, 83.1436767578125, 95.87223052978516, 43.168663024902344, 43.03446960449219, 70.05465698242188, 57.44171142578125, 42.8533935546875, 47.01636505126953, 80.07479858398438, 129.3276824951172, 74.29105377197266, 45.25446701049805], [-89.25035858154297, 57.585384368896484, 42.87971878051758, 17.3553409576416, 51.786224365234375, 63.04160690307617, 51.76168441772461, 4.947076320648193, 24.669376373291016, 29.965187072753906, 74.29105377197266, 143.59002685546875, 71.05875396728516], [-195.05987548828125, 22.308345794677734, 58.18606185913086, 87.00390625, 52.18743896484375, 67.64274597167969, 39.42676544189453, 27.504867553710938, 21.019893646240234, 29.873098373413086, 45.25446701049805, 71.05875396728516, 125.36883544921875]], "lowlevel.mfcc.icov": [[0.0005056337104178965, 0.00013861872139386833, 0.000611088122241199, -2.7909403797821142e-05, 5.086707915324951e-06, -0.0002144838945241645, -0.00042711355490610003, -2.0004621546831913e-05, -0.00035679349093697965, 0.00020793623116333038, -9.78736934484914e-05, 1.8520328239901573e-06, 0.0007946659461595118], [0.00013861872139386833, 0.0023950780741870403, -0.00042065305751748383, 0.00011735663429135457, -0.0004939382779411972, 0.0007480642525479198, -0.0009262212552130222, 0.0003117510350421071, -0.0006061202730052173, -0.0011691744439303875, -6.746596045559272e-05, -0.0005166076589375734, 0.000625545799266547], [0.000611088122241199, -0.00042065305751748383, 0.003391098463907838, -0.00185218860860914, 0.0007839140016585588, -0.0005173815879970789, 0.0005107675679028034, -4.728707790491171e-05, -0.001733186305500567, 0.0003934876585844904, -0.0012549548409879208, -0.00028084847144782543, 0.0013487478718161583], [-2.7909403797821142e-05, 0.00011735663429135457, -0.00185218860860914, 0.0052826316095888615, -0.0022211482282727957, -0.0009968372760340571, 0.0020283181220293045, -0.0011635794071480632, -0.0009699438232928514, 4.8021091060945764e-05, 0.000658168806694448, 0.0015885049942880869, -0.002777642570436001], [5.086707915324951e-06, -0.0004939382779411972, 0.0007839140016585588, -0.0022211482282727957, 0.0067521207965910435, -0.001038674614392221, -0.003674103179946542, 0.00146004231646657, -0.0023266065400093794, 0.0003476217680145055, 0.0009124338394030929, -0.0007410721154883504, 0.0002561877481639385], [-0.0002144838945241645, 0.0007480642525479198, -0.0005173815879970789, -0.0009968372760340571, -0.001038674614392221, 0.006857454311102629, -0.0034305492881685495, -0.001013134722597897, 0.0005365629913285375, 0.0005846797721460462, -0.0013436326989904046, -0.0005913289496675134, -0.0009104497730731964], [-0.00042711355490610003, -0.0009262212552130222, 0.0005107675679028034, 0.0020283181220293045, -0.003674103179946542, -0.0034305492881685495, 0.011682036332786083, -0.00540385814383626, 0.0024243833031505346, -0.0003770476614590734, -0.0009602236677892506, -0.0010029274271801114, -0.0006538757006637752], [-2.0004621546831913e-05, 0.0003117510350421071, -4.728707790491171e-05, -0.0011635794071480632, 0.00146004231646657, -0.001013134722597897, -0.00540385814383626, 0.01690598577260971, -0.006817910820245743, -0.0021278366912156343, -0.0009897660929709673, 0.004297759383916855, -0.0017564133740961552], [-0.00035679349093697965, -0.0006061202730052173, -0.001733186305500567, -0.0009699438232928514, -0.0023266065400093794, 0.0005365629913285375, 0.0024243833031505346, -0.006817910820245743, 0.01579720713198185, -0.005515812896192074, 0.0020728246308863163, -0.003047910751774907, 0.0020876144990324974], [0.00020793623116333038, -0.0011691744439303875, 0.0003934876585844904, 4.8021091060945764e-05, 0.0003476217680145055, 0.0005846797721460462, -0.0003770476614590734, -0.0021278366912156343, -0.005515812896192074, 0.014737961813807487, -0.0070629115216434, 0.0022635352797806263, -0.0008795874309726059], [-9.78736934484914e-05, -6.746596045559272e-05, -0.0012549548409879208, 0.000658168806694448, 0.0009124338394030929, -0.0013436326989904046, -0.0009602236677892506, -0.0009897660929709673, 0.0020728246308863163, -0.0070629115216434, 0.01715604029595852, -0.006772147957235575, -0.0001692911027930677], [1.8520328239901573e-06, -0.0005166076589375734, -0.00028084847144782543, 0.0015885049942880869, -0.0007410721154883504, -0.0005913289496675134, -0.0010029274271801114, 0.004297759383916855, -0.003047910751774907, 0.0022635352797806263, -0.006772147957235575, 0.014729907736182213, -0.0068098511546850204], [0.0007946659461595118, 0.000625545799266547, 0.0013487478718161583, -0.002777642570436001, 0.0002561877481639385, -0.0009104497730731964, -0.0006538757006637752, -0.0017564133740961552, 0.0020876144990324974, -0.0008795874309726059, -0.0001692911027930677, -0.0068098511546850204, 0.015159277245402336]], "metadata.audio_properties.analysis.downmix": "mix", "metadata.audio_properties.codec": "mp3", "metadata.audio_properties.md5_encoded": "b1768676311c2a5ca2efe55dd27e04dd", "metadata.tags.file_name": "1182271349536854046.mp3", "metadata.version.essentia": "2.1-beta6-dev", "metadata.version.essentia_git_sha": "v2.1_beta5-1110-g77a6a954", "metadata.version.extractor": "music 2.0", "tonal.chords_key": "A", "tonal.chords_scale": "major", "tonal.key_edma.key": "A", "tonal.key_edma.scale": "major", "tonal.key_krumhansl.key": "A", "tonal.key_krumhansl.scale": "major", "tonal.key_temperley.key": "A", "tonal.key_temperley.scale": "major", "metadata.tags.encoding": ["Lavf58.45.100"]}, "essentia_models": [{"model_name": "genre_dortmund", "activations": {"alternative": "0.0019659214", "blues": "7.0170536e-05", "electronic": "0.8041112", "