{"song_id": "1182282859151626330", "download": "https://cdn.discordapp.com/attachments/1135911532732108921/1182282859151626330/chirp.mp4?ex=658421b7&amp", "lyrics": "[verse]\nSavage punches, ruthless strikes, the fury ignites\nTerminator bulls, with feral might they fight\nFlying jackals, cheating reapers in sight\nA chilling symphony of the frozen night\n\n[chorus]\n\u044b\u044b\u044b\u044b \u0430\u0430 \u044b\u044b \u0430\u0430\u0430\nKulaki udary zverskiye\nTerminatovskiye bychiye\nBychiye otmorozki, shakaly letayushchiye, chiterily", "style": ["extremely hardcore death metal"], "essentia_features": {"lowlevel.average_loudness": 0.8816505670547485, "lowlevel.barkbands_crest.mean": 13.34896183013916, "lowlevel.barkbands_crest.stdev": 4.65296745300293, "lowlevel.barkbands_flatness_db.mean": 0.2011083960533142, "lowlevel.barkbands_flatness_db.stdev": 0.061911944299936295, "lowlevel.barkbands_kurtosis.mean": 13.731465339660645, "lowlevel.barkbands_kurtosis.stdev": 15.78637409210205, "lowlevel.barkbands_skewness.mean": 2.705840587615967, "lowlevel.barkbands_skewness.stdev": 1.5461320877075195, "lowlevel.barkbands_spread.mean": 13.62791633605957, "lowlevel.barkbands_spread.stdev": 16.123247146606445, "lowlevel.dissonance.mean": 0.43940284848213196, "lowlevel.dissonance.stdev": 0.039557117968797684, "lowlevel.dynamic_complexity": 4.36472225189209, "lowlevel.erbbands_crest.mean": 11.156610488891602, "lowlevel.erbbands_crest.stdev": 5.174068927764893, "lowlevel.erbbands_flatness_db.mean": 0.15436281263828278, "lowlevel.erbbands_flatness_db.stdev": 0.04985456541180611, "lowlevel.erbbands_kurtosis.mean": 1.0801985263824463, "lowlevel.erbbands_kurtosis.stdev": 2.3727481365203857, "lowlevel.erbbands_skewness.mean": 0.809587836265564, "lowlevel.erbbands_skewness.stdev": 0.8918243050575256, "lowlevel.erbbands_spread.mean": 41.90013122558594, "lowlevel.erbbands_spread.stdev": 25.16787338256836, "lowlevel.hfc.mean": 11.670746803283691, "lowlevel.hfc.stdev": 11.217939376831055, "lowlevel.loudness_ebu128.integrated": -15.701841354370117, "lowlevel.loudness_ebu128.loudness_range": 3.7277278900146484, "lowlevel.loudness_ebu128.momentary.mean": -16.650875091552734, "lowlevel.loudness_ebu128.momentary.stdev": 3.109938383102417, "lowlevel.loudness_ebu128.short_term.mean": -16.031646728515625, "lowlevel.loudness_ebu128.short_term.stdev": 1.0683159828186035, "lowlevel.melbands_crest.mean": 16.261985778808594, "lowlevel.melbands_crest.stdev": 4.900822639465332, "lowlevel.melbands_flatness_db.mean": 0.2983727753162384, "lowlevel.melbands_flatness_db.stdev": 0.07705474644899368, "lowlevel.melbands_kurtosis.mean": 32.38920211791992, "lowlevel.melbands_kurtosis.stdev": 36.17887878417969, "lowlevel.melbands_skewness.mean": 3.8193159103393555, "lowlevel.melbands_skewness.stdev": 2.2141053676605225, "lowlevel.melbands_spread.mean": 10.269701957702637, "lowlevel.melbands_spread.stdev": 11.651138305664062, "lowlevel.pitch_salience.mean": 0.49898818135261536, "lowlevel.pitch_salience.stdev": 0.10538937151432037, "lowlevel.silence_rate_20dB.mean": 1.0, "lowlevel.silence_rate_20dB.stdev": 0.0, "lowlevel.silence_rate_30dB.mean": 0.995726466178894, "lowlevel.silence_rate_30dB.stdev": 0.06523241847753525, "lowlevel.silence_rate_60dB.mean": 0.01587301678955555, "lowlevel.silence_rate_60dB.stdev": 0.1249835342168808, "lowlevel.spectral_centroid.mean": 722.941650390625, "lowlevel.spectral_centroid.stdev": 668.7154541015625, "lowlevel.spectral_complexity.mean": 9.59951114654541, "lowlevel.spectral_complexity.stdev": 5.1516242027282715, "lowlevel.spectral_decrease.mean": -6.720206169319454e-09, "lowlevel.spectral_decrease.stdev": 5.674257508303526e-09, "lowlevel.spectral_energy.mean": 0.026422113180160522, "lowlevel.spectral_energy.stdev": 0.022175351157784462, "lowlevel.spectral_energyband_high.mean": 0.0003370203194208443, "lowlevel.spectral_energyband_high.stdev": 0.000766051234677434, "lowlevel.spectral_energyband_low.mean": 0.010595186613500118, "lowlevel.spectral_energyband_low.stdev": 0.012674526311457157, "lowlevel.spectral_energyband_middle_high.mean": 0.001855123438872397, "lowlevel.spectral_energyband_middle_high.stdev": 0.0025685811415314674, "lowlevel.spectral_energyband_middle_low.mean": 0.01488866563886404, "lowlevel.spectral_energyband_middle_low.stdev": 0.01587199792265892, "lowlevel.spectral_entropy.mean": 7.061709880828857, "lowlevel.spectral_entropy.stdev": 0.6086692214012146, "lowlevel.spectral_flux.mean": 0.05411319062113762, "lowlevel.spectral_flux.stdev": 0.04931418225169182, "lowlevel.spectral_kurtosis.mean": 7.158891677856445, "lowlevel.spectral_kurtosis.stdev": 5.862701892852783, "lowlevel.spectral_rms.mean": 0.0046989223919808865, "lowlevel.spectral_rms.stdev": 0.0019229690078645945, "lowlevel.spectral_rolloff.mean": 677.9417724609375, "lowlevel.spectral_rolloff.stdev": 1367.4381103515625, "lowlevel.spectral_skewness.mean": 2.1060872077941895, "lowlevel.spectral_skewness.stdev": 0.7883319854736328, "lowlevel.spectral_spread.mean": 5211694.5, "lowlevel.spectral_spread.stdev": 2434565.5, "lowlevel.spectral_strongpeak.mean": 0.9169432520866394, "lowlevel.spectral_strongpeak.stdev": 1.2330132722854614, "lowlevel.zerocrossingrate.mean": 0.03796759247779846, "lowlevel.zerocrossingrate.stdev": 0.03763745352625847, "metadata.audio_properties.analysis.equal_loudness": 0.0, "metadata.audio_properties.analysis.length": 37.99464797973633, "metadata.audio_properties.analysis.sample_rate": 44100.0, "metadata.audio_properties.analysis.start_time": 0.0, "metadata.audio_properties.bit_rate": 119571.0, "metadata.audio_properties.length": 37.994667053222656, "metadata.audio_properties.lossless": 0.0, "metadata.audio_properties.number_channels": 1.0, "metadata.audio_properties.replay_gain": -12.33708381652832, "metadata.audio_properties.sample_rate": 48000.0, "rhythm.beats_count": 75.0, "rhythm.beats_loudness.mean": 0.03435840457677841, "rhythm.beats_loudness.stdev": 0.019353585317730904, "rhythm.bpm": 119.82494354248047, "rhythm.bpm_histogram_first_peak_bpm": 120.0, "rhythm.bpm_histogram_first_peak_weight": 0.27027028799057007, "rhythm.bpm_histogram_second_peak_bpm": 0.0, "rhythm.bpm_histogram_second_peak_spread": 0.0, "rhythm.bpm_histogram_second_peak_weight": 0.0, "rhythm.danceability": 1.0599174499511719, "rhythm.onset_rate": 3.9199111461639404, "tonal.chords_changes_rate": 0.04756097495555878, "tonal.chords_number_rate": 0.009756097570061684, "tonal.chords_strength.mean": 0.49398279190063477, "tonal.chords_strength.stdev": 0.08332385122776031, "tonal.hpcp_crest.mean": 18.929088592529297, "tonal.hpcp_crest.stdev": 8.631760597229004, "tonal.hpcp_entropy.mean": 1.44033944606781, "tonal.hpcp_entropy.stdev": 0.7282500267028809, "tonal.key_edma.strength": 0.6705979704856873, "tonal.key_krumhansl.strength": 0.6882115006446838, "tonal.key_temperley.strength": 0.7089032530784607, "tonal.tuning_diatonic_strength": 0.5367984771728516, "tonal.tuning_equal_tempered_deviation": 0.0146480742841959, "tonal.tuning_frequency": 439.4919738769531, "tonal.tuning_nontempered_energy_ratio": 0.6162822246551514, "lowlevel.barkbands.mean": [0.00030107767088338733, 0.007074423134326935, 0.0020245302002876997, 0.0023346408270299435, 0.0037403092719614506, 0.002137613482773304, 0.0024733191821724176, 0.0034422127064317465, 0.0006180236232466996, 0.00040809661732055247, 0.00023330362455453724, 0.00029592940700240433, 0.0002485208387952298, 0.0001464932574890554, 0.00015137459558900446, 0.00011587738845264539, 0.00010697104153223336, 0.00012232163862790912, 9.104039054363966e-05, 3.869812280754559e-05, 4.60537412436679e-05, 6.678610952803865e-05, 5.228699592407793e-05, 6.737172225257382e-05, 4.8536112444708124e-05, 3.329535684315488e-05, 3.060440576518886e-06], "lowlevel.barkbands.stdev": [0.0009257735218852758, 0.008668864145874977, 0.004204347729682922, 0.0034320882987231016, 0.004604116082191467, 0.005058290436863899, 0.006238996982574463, 0.009849256835877895, 0.002016283804550767, 0.0009118744055740535, 0.0005048274761065841, 0.0007813480915501714, 0.0008021157700568438, 0.0004225790617056191, 0.0003552804118953645, 0.0002860027307178825, 0.0001919610658660531, 0.00025726575404405594, 0.0001742460735840723, 0.000126228915178217, 0.00013989991566631943, 0.00016353015962522477, 0.00014164799358695745, 0.00019670061010401696, 0.00010049844422610477, 5.917985981795937e-05, 7.389695383608341e-06], "lowlevel.erbbands.mean": [0.21194815635681152, 1.5546798706054688, 2.4148378372192383, 5.764100551605225, 12.731935501098633, 10.686114311218262, 6.461960792541504, 21.32513427734375, 39.34609603881836, 70.86432647705078, 37.029598236083984, 17.604084014892578, 10.235221862792969, 11.526890754699707, 11.57824420928955, 12.870837211608887, 12.93075942993164, 9.190719604492188, 5.935033321380615, 8.827006340026855, 5.057626247406006, 5.895083427429199, 7.844757080078125, 4.354433536529541, 3.9624016284942627, 1.7749205827713013, 1.815239667892456, 1.9075714349746704, 2.4411768913269043, 1.998078465461731, 1.364768624305725, 1.486029028892517, 1.0380882024765015, 0.6357526779174805, 0.2845318019390106, 0.13384723663330078, 0.06116347387433052, 0.014531637541949749, 0.000335795251885429, 3.887085767928511e-05], "lowlevel.erbbands.stdev": [0.2526654005050659, 2.024634838104248, 4.786473274230957, 8.07745361328125, 14.370491981506348, 15.560208320617676, 11.926036834716797, 53.258731842041016, 96.22479248046875, 188.9044647216797, 84.97887420654297, 54.00025177001953, 27.985342025756836, 24.158897399902344, 20.337894439697266, 33.65292739868164, 40.29895782470703, 25.244245529174805, 12.776105880737305, 22.07805061340332, 11.263667106628418, 9.90567684173584, 15.154180526733398, 8.152826309204102, 8.196456909179688, 5.340261936187744, 5.625816345214844, 5.689711093902588, 5.952902317047119, 5.2002716064453125, 3.7317237854003906, 4.498503684997559, 2.984382152557373, 1.518842339515686, 0.5281614065170288, 0.24440330266952515, 0.11165709048509598, 0.030854415148496628, 0.0006807759637013078, 3.263806866016239e-05], "lowlevel.gfcc.mean": [-48.8363151550293, 105.96810913085938, -70.7369613647461, 30.029407501220703, -41.99131393432617, 26.929561614990234, -35.27924346923828, 7.016247272491455, -28.42385482788086, -0.7610953450202942, -13.018926620483398, 10.125486373901367, -13.462377548217773], "lowlevel.melbands.mean": [0.002000753302127123, 0.001538821030408144, 0.0011753831058740616, 0.0009361716802231967, 0.0002424628910375759, 0.0004756123817060143, 0.0005772855365648866, 0.0008269472164101899, 0.0002506086602807045, 9.248333662981167e-05, 4.836549851461314e-05, 4.755153713631444e-05, 3.514487616484985e-05, 3.835193274426274e-05, 2.8194521291879937e-05, 2.2495529265142977e-05, 1.670890014793258e-05, 8.00779162091203e-06, 1.062112187355524e-05, 1.2287292520340998e-05, 4.458453076949809e-06, 5.118540684634354e-06, 9.05598972167354e-06, 5.002387752028881e-06, 3.2651446417730767e-06, 3.7972779409756185e-06, 1.6676754057698417e-06, 1.064203161149635e-06, 1.1044249959013541e-06, 1.193831167256576e-06, 1.0482045809112606e-06, 1.399814664182486e-06, 1.298099959967658e-06, 1.0413826885269373e-06, 7.218812356768467e-07, 8.700062608113512e-07, 9.298353234044043e-07, 7.747033805571846e-07, 6.446127258641354e-07, 4.907941502096946e-07], "lowlevel.melbands.stdev": [0.0023439174983650446, 0.002388094086199999, 0.0013913819566369057, 0.0011798000195994973, 0.00040354562224820256, 0.0011540355626493692, 0.0014409584691748023, 0.0023215722758322954, 0.000552664278075099, 0.00029711704701185226, 0.0001376064756186679, 0.00010551671584835276, 7.062944496283308e-05, 9.235957259079441e-05, 8.074686047621071e-05, 6.633613520534709e-05, 5.022383265895769e-05, 1.966932904906571e-05, 2.4522643798263744e-05, 3.0328954380820505e-05, 1.0131288036063779e-05, 9.541598956275266e-06, 1.6406684153480455e-05, 1.12363304651808e-05, 6.372028565237997e-06, 7.74243198975455e-06, 4.623078893928323e-06, 3.777051915676566e-06, 3.5637781365949195e-06, 3.788805543081253e-06, 3.0972637432569172e-06, 3.4631777907634387e-06, 3.2588040994596668e-06, 2.8712954645015998e-06, 2.067233708658023e-06, 2.5358021957799792e-06, 2.921308578152093e-06, 2.3564512048324104e-06, 1.724884214127087e-06, 1.1448820487203193e-06], "lowlevel.melbands128.mean": [0.0002542571455705911, 0.0014759489567950368, 0.0031207436695694923, 0.0023327742237597704, 0.0012977810110896826, 0.0009948156075552106, 0.0011703171767294407, 0.0011241681640967727, 0.001357394503429532, 0.0012131760595366359, 0.0004583941481541842, 0.00022599237854592502, 0.00016607643919996917, 0.0002520852431189269, 0.00043853235547430813, 0.0006624608067795634, 0.000619439990259707, 0.0006662546657025814, 0.00035065197153016925, 0.0008771460270509124, 0.001185649074614048, 0.0002716796880122274, 0.0001536907657282427, 0.00013960362412035465, 0.00016075272287707776, 3.2142328564077616e-05, 4.009459735243581e-05, 6.023321839165874e-05, 3.6276371247367933e-05, 7.486996764782816e-05, 3.2733416446717456e-05, 3.320567338960245e-05, 3.384976298548281e-05, 4.123212784179486e-05, 3.57162716682069e-05, 4.325136978877708e-05, 3.5885474062524736e-05, 1.0792359717015643e-05, 4.058042395627126e-05, 3.5878769267583266e-05, 1.1610312867560424e-05, 1.2481756130000576e-05, 2.6624924430507235e-05, 1.1966604688495863e-05, 4.352005362306954e-06, 7.890936103649437e-06, 1.1763476322812494e-05, 9.430880709260236e-06, 1.0521038348088041e-05, 1.3866550943930633e-05, 1.5038011042634025e-05, 8.236957000917755e-06, 3.475170160527341e-06, 3.2719665341574e-06, 4.794525921170134e-06, 3.5435293739283225e-06, 6.548362307512434e-06, 1.0752653906820342e-05, 9.10514427232556e-06, 8.343981789948884e-06, 4.777027697855374e-06, 2.3731315650366014e-06, 3.120310793747194e-06, 3.014040657944861e-06, 4.607042228599312e-06, 4.4054277168470435e-06, 3.058227548535797e-06, 1.9658477867778856e-06, 1.461300144001143e-06, 1.0537357866269303e-06, 8.089996867965965e-07, 1.3564771279561683e-06, 1.1130995289931889e-06, 1.0378092838436714e-06, 1.0525583320486476e-06, 1.189588488159643e-06, 1.3898460338168661e-06, 9.912962468661135e-07, 9.367223015033233e-07, 1.0415038786959485e-06, 1.5306490013244911e-06, 1.4920876765245339e-06, 1.349840658804169e-06, 1.348044975202356e-06, 1.1554244565559202e-06, 1.134903754973493e-06, 1.0407514992039069e-06, 7.803214430168737e-07, 6.383541517607227e-07, 7.051957027215394e-07, 8.632903245597845e-07, 8.612096848992223e-07, 9.875051318886108e-07, 9.061936907528434e-07, 9.059028229785326e-07, 1.0033464832304162e-06, 6.834457053628284e-07, 5.257919042378489e-07, 7.123013574528159e-07, 6.960279392842494e-07, 5.280252821648901e-07, 4.961971171724144e-07, 3.7387067663985363e-07, 3.5176441315343254e-07, 3.1228674401972967e-07, 2.8232250315340934e-07, 2.6905806294053036e-07, 2.4547927068852005e-07, 2.3479552169192175e-07, 1.999668199914595e-07, 1.9648300053631829e-07, 2.071826656901976e-07, 1.9407769968893263e-07, 1.9624732772172138e-07, 1.7522707196349074e-07, 1.845948531808972e-07, 1.2178772124116222e-07, 1.6193855145729685e-08, 3.529918718436775e-11, 3.3931674744275275e-12, 3.2918023775557748e-12, 3.2189468104903973e-12, 3.1487267220658977e-12, 3.090593102619832e-12, 3.0190990766426617e-12, 2.931277833309598e-12, 2.8791225046426172e-12, 2.859252114587041e-12], "lowlevel.melbands128.stdev": [0.0007804757333360612, 0.002056695055216551, 0.0035091352183371782, 0.0034233329351991415, 0.0027749775908887386, 0.0019464176148176193, 0.0018140246393159032, 0.0016938888002187014, 0.0017159634735435247, 0.0019168977160006762, 0.0008142834412865341, 0.000490887148771435, 0.00042061376734636724, 0.0007811032119207084, 0.0015709578292444348, 0.001981757115572691, 0.0017322368221357465, 0.00240629306063056, 0.0012838654220104218, 0.002578666666522622, 0.0038818977773189545, 0.0007085274555720389, 0.0006399705889634788, 0.0005594724207185209, 0.0006187124527059495, 0.00013987910642754287, 0.00016156831406988204, 0.00022995338076725602, 0.0001401672197971493, 0.00020530191250145435, 8.873885963112116e-05, 0.00012358618550933897, 0.00010240369738312438, 7.35464200261049e-05, 0.00013269309420138597, 0.00015168719983194023, 0.00013533672608900815, 4.492958396440372e-05, 0.00019087293185293674, 0.00013575609773397446, 5.3580581152345985e-05, 4.892803553957492e-05, 0.0001006687743938528, 3.392364305909723e-05, 1.806586624297779e-05, 3.2868942071218044e-05, 3.059030132135376e-05, 3.1509487598668784e-05, 3.980507972300984e-05, 5.503733700606972e-05, 4.842673661187291e-05, 2.2250682377489284e-05, 1.5168459867709316e-05, 7.5289271990186535e-06, 1.1331155292282347e-05, 9.340961696580052e-06, 1.598281778569799e-05, 2.253561615361832e-05, 2.704523467400577e-05, 2.4346631107619032e-05, 1.3554326869780198e-05, 6.470875632658135e-06, 7.833081326680258e-06, 6.42924396743183e-06, 1.0728395864134654e-05, 1.0028108590631746e-05, 7.77684363129083e-06, 5.949153091933113e-06, 4.8983820306602865e-06, 3.5764578569796868e-06, 3.087223831244046e-06, 5.75254807699821e-06, 4.594832716975361e-06, 3.2009536425903207e-06, 3.7950976548017934e-06, 4.013777470390778e-06, 4.717192496173084e-06, 3.5123089219268877e-06, 3.0252149372245185e-06, 2.871214519473142e-06, 4.200915100227576e-06, 3.996942723460961e-06, 3.550439714672393e-06, 3.602898459575954e-06, 3.3216913379874313e-06, 3.2038349218055373e-06, 3.2857456062629353e-06, 2.3867280560807558e-06, 2.035016450463445e-06, 2.1414302864286583e-06, 2.678330247363192e-06, 2.51536243922601e-06, 3.3705418900353834e-06, 3.2700891097192653e-06, 2.853139903891133e-06, 3.2110872325574746e-06, 2.3929981125547783e-06, 1.6020503608160652e-06, 2.010674052144168e-06, 1.9569720279832836e-06, 1.545185796203441e-06, 1.1901388461410534e-06, 8.339680448443687e-07, 7.523403269260598e-07, 6.589127110601112e-07, 6.018843237143301e-07, 5.880236813027295e-07, 5.629206043522572e-07, 4.972895908395003e-07, 4.115694025585981e-07, 4.229571572977875e-07, 4.41418649188563e-07, 3.706548170612223e-07, 3.983296608112141e-07, 4.06616180725905e-07, 4.316524950809253e-07, 2.949178110611683e-07, 5.037007611008448e-08, 7.167584858969178e-10, 6.559644754461358e-12, 6.399876722323894e-12, 6.260802206531357e-12, 6.1412676159722235e-12, 6.036580523643975e-12, 5.94895400302109e-12, 5.878855128399474e-12, 5.828194264007047e-12, 5.797003935908984e-12], "lowlevel.mfcc.mean": [-709.8809814453125, 143.73190307617188, 32.02898025512695, 19.946203231811523, 20.172054290771484, 17.54553985595703, 9.414575576782227, 13.785707473754883, -4.196745872497559, -7.15629243850708, 2.0459158420562744, -2.9366307258605957, 1.661683440208435], "lowlevel.spectral_contrast_coeffs.mean": [-0.7144295573234558, -0.699613630771637, -0.743434488773346, -0.7869664430618286, -0.7794300317764282, -0.7845684289932251], "lowlevel.spectral_contrast_coeffs.stdev": [0.06082381308078766, 0.1204182431101799, 0.057961106300354004, 0.060781385749578476, 0.07550302147865295, 0.03927762806415558], "lowlevel.spectral_contrast_valleys.mean": [-6.478497505187988, -7.729091644287109, -8.196573257446289, -8.63628101348877, -8.8580904006958, -10.925086975097656], "lowlevel.spectral_contrast_valleys.stdev": [0.8510782718658447, 1.1145460605621338, 0.9271432757377625, 0.9153883457183838, 1.041945219039917, 1.1644779443740845], "rhythm.beats_loudness_band_ratio.mean": [0.5554676055908203, 0.26482588052749634, 0.18290242552757263, 0.05644005909562111, 0.018643435090780258, 0.02736474946141243], "rhythm.beats_loudness_band_ratio.stdev": [0.24397863447666168, 0.1952739953994751, 0.1980190873146057, 0.0647912248969078, 0.018477454781532288, 0.02231605350971222], "tonal.hpcp.mean": [0.2781567871570587, 0.14326359331607819, 0.022803978994488716, 0.010861530900001526, 0.01218809187412262, 0.019620181992650032, 0.028762808069586754, 0.03334503620862961, 0.26333093643188477, 0.44298386573791504, 0.20500671863555908, 0.019935298711061478, 0.01862255111336708, 0.019353054463863373, 0.07103118300437927, 0.20968058705329895, 0.16775861382484436, 0.024550095200538635, 0.01551242358982563, 0.019110549241304398, 0.06849058717489243, 0.12450341880321503, 0.09366930276155472, 0.056118130683898926, 0.04547169804573059, 0.026896383613348007, 0.02182544395327568, 0.023374639451503754, 0.03624184429645538, 0.15044768154621124, 0.2276069074869156, 0.11575759947299957, 0.025691449642181396, 0.022995807230472565, 0.032033927738666534, 0.17140761017799377], "tonal.hpcp.stdev": [0.3965151011943817, 0.23151792585849762, 0.10227210074663162, 0.0607229508459568, 0.06978479772806168, 0.083262138068676, 0.116000697016716, 0.1289442628622055, 0.2968544661998749, 0.4648474454879761, 0.2442161738872528, 0.09745471924543381, 0.08898327499628067, 0.0884152352809906, 0.14507846534252167, 0.35310110449790955, 0.30237528681755066, 0.10137118399143219, 0.09347832202911377, 0.10610043257474899, 0.1567651927471161, 0.25331422686576843, 0.19706860184669495, 0.17051632702350616, 0.15740394592285156, 0.11234676092863083, 0.10126157850027084, 0.10191189497709274, 0.13362525403499603, 0.2332810014486313, 0.315367192029953, 0.19215232133865356, 0.11030347645282745, 0.1090160459280014, 0.11357751488685608, 0.27564746141433716], "rhythm.beats_position": [0.5108389854431152, 1.0216779708862305, 1.5325169563293457, 2.0317459106445312, 2.530975103378296, 3.0302040576934814, 3.529433012008667, 4.028662204742432, 4.527891159057617, 5.027120113372803, 5.526349067687988, 6.0371880531311035, 6.548027038574219, 7.047255992889404, 7.54648494720459, 8.057324409484863, 8.56816291809082, 9.055782318115234, 9.543400764465332, 10.042630195617676, 10.55346965789795, 11.052698135375977, 11.56353759765625, 12.074376106262207, 12.561995506286621, 13.061223983764648, 13.560453414916992, 14.05968189239502, 14.558911323547363, 15.058140754699707, 15.557369232177734, 16.056598663330078, 16.555828094482422, 17.055055618286133, 17.554285049438477, 18.05351448059082, 18.552743911743164, 19.063581466674805, 19.56281089782715, 20.062040328979492, 20.561269760131836, 21.04888916015625, 21.54811668395996, 22.058956146240234, 22.569795608520508, 23.06902503967285, 23.568254470825195, 24.067481994628906, 24.56671142578125, 25.065940856933594, 25.565170288085938, 26.06439781188965, 26.563627243041992, 27.062856674194336, 27.56208610534668, 28.061315536499023, 28.560543060302734, 29.059772491455078, 29.559001922607422, 30.058231353759766, 30.557458877563477, 31.05668830871582, 31.555917739868164, 32.055145263671875, 32.55437469482422, 33.05360412597656, 33.552833557128906, 34.06367111206055, 34.56290054321289, 35.062129974365234, 35.54975128173828, 36.048980712890625, 36.5482063293457, 37.05904769897461, 37.56988525390625], "rhythm.bpm_histogram": [0.0, 0.0, 0.0, 0.0, 0.0, 0.0, 0.0, 0.0, 0.0, 0.0, 0.0, 0.0, 0.0, 0.0, 0.0, 0.0, 0.0, 0.0, 0.0, 0.0, 0.0, 0.0, 0.0, 0.0, 0.0, 0.0, 0.0, 0.0, 0.0, 0.0, 0.0, 0.0, 0.0, 0.0, 0.0, 0.0, 0.0, 0.0, 0.0, 0.0, 0.0, 0.0, 0.0, 0.0, 0.0, 0.0, 0.0, 0.0, 0.0, 0.0, 0.0, 0.0, 0.0, 0.0, 0.0, 0.0, 0.0, 0.0, 0.0, 0.0, 0.0, 0.0, 0.0, 0.0, 0.0, 0.0, 0.0, 0.0, 0.0, 0.0, 0.0, 0.0, 0.0, 0.0, 0.0, 0.0, 0.0, 0.0, 0.0, 0.0, 0.0, 0.0, 0.0, 0.0, 0.0, 0.0, 0.0, 0.0, 0.0, 0.0, 0.0, 0.0, 0.0, 0.0, 0.0, 0.0, 0.0, 0.0, 0.0, 0.0, 0.0, 0.0, 0.0, 0.0, 0.0, 0.0, 0.0, 0.0, 0.0, 0.0, 0.0, 0.0, 0.0, 0.0, 0.0, 0.0, 0.0, 0.20270270109176636, 0.0, 0.0, 0.7297297120094299, 0.0, 0.0, 0.06756756454706192, 0.0, 0.0, 0.0, 0.0, 0.0, 0.0, 0.0, 0.0, 0.0, 0.0, 0.0, 0.0, 0.0, 0.0, 0.0, 0.0, 0.0, 0.0, 0.0, 0.0, 0.0, 0.0, 0.0, 0.0, 0.0, 0.0, 0.0, 0.0, 0.0, 0.0, 0.0, 0.0, 0.0, 0.0, 0.0, 0.0, 0.0, 0.0, 0.0, 0.0, 0.0, 0.0, 0.0, 0.0, 0.0, 0.0, 0.0, 0.0, 0.0, 0.0, 0.0, 0.0, 0.0, 0.0, 0.0, 0.0, 0.0, 0.0, 0.0, 0.0, 0.0, 0.0, 0.0, 0.0, 0.0, 0.0, 0.0, 0.0, 0.0, 0.0, 0.0, 0.0, 0.0, 0.0, 0.0, 0.0, 0.0, 0.0, 0.0, 0.0, 0.0, 0.0, 0.0, 0.0, 0.0, 0.0, 0.0, 0.0, 0.0, 0.0, 0.0, 0.0, 0.0, 0.0, 0.0, 0.0, 0.0, 0.0, 0.0, 0.0, 0.0, 0.0, 0.0, 0.0, 0.0, 0.0, 0.0, 0.0, 0.0, 0.0, 0.0, 0.0, 0.0, 0.0, 0.0, 0.0, 0.0, 0.0, 0.0, 0.0, 0.0, 0.0, 0.0, 0.0, 0.0, 0.0], "tonal.chords_histogram": [27.80487823486328, 0.0, 5.365853786468506, 0.0, 8.414633750915527, 0.0, 8.658536911010742, 0.0, 0.0, 0.0, 0.0, 0.0, 0.0, 0.0, 0.0, 0.0, 0.0, 11.95121955871582, 0.0, 0.0, 0.0, 15.609756469726562, 6.95121955871582, 15.243902206420898], "tonal.thpcp": [1.0, 0.4627859592437744, 0.04500231146812439, 0.04203889146447182, 0.04368794336915016, 0.1603471040725708, 0.4733368456363678, 0.37870141863822937, 0.055419839918613434, 0.035018034279346466, 0.043140508234500885, 0.15461191534996033, 0.28105631470680237, 0.21145081520080566, 0.1266821026802063, 0.10264865309000015, 0.06071639433503151, 0.049269162118434906, 0.0527663454413414, 0.0818130150437355, 0.3396233916282654, 0.5138040781021118, 0.2613133490085602, 0.05799635499715805, 0.051911160349845886, 0.07231398671865463, 0.3869387209415436, 0.6279162764549255, 0.3234058916568756, 0.051478125154972076, 0.024519020691514015, 0.027513625100255013, 0.04429096356034279, 0.06492969393730164, 0.07527370005846024, 0.5944481492042542], "lowlevel.gfcc.cov": [[8224.0068359375, -746.5842895507812, -787.2230224609375, 9.120346069335938, -1015.8071899414062, -754.2922973632812, -471.44097900390625, 618.8284301757812, 394.0521240234375, 341.1194763183594, -54.421539306640625, -65.20683288574219, -575.273193359375], [-746.5842895507812, 1715.52685546875, -399.3647766113281, -420.0343933105469, 284.6949768066406, -170.74307250976562, 41.862125396728516, -48.960636138916016, 214.86392211914062, -216.3822479248047, 121.43032836914062, -102.37105560302734, 30.138561248779297], [-787.2230224609375, -399.3647766113281, 631.6473388671875, 135.25942993164062, 170.327392578125, 297.02392578125, 117.49183654785156, -152.731201171875, -222.88351440429688, 10.851226806640625, -81.58260345458984, 89.99907684326172, 121.75202178955078], [9.120346069335938, -420.0343933105469, 135.25942993164062, 387.4047546386719, -37.398536682128906, 95.03469848632812, -18.17053985595703, -69.55289459228516, -69.64939880371094, 12.163980484008789, -12.608611106872559, 0.8334959149360657, 106.10222625732422], [-1015.8071899414062, 284.6949768066406, 170.327392578125, -37.398536682128906, 359.7364501953125, 154.65492248535156, 80.32418060302734, -120.46015930175781, -59.87662887573242, -76.43351745605469, -23.344730377197266, 27.948509216308594, 111.0391845703125], [-754.2922973632812, -170.74307250976562, 297.02392578125, 95.03469848632812, 154.65492248535156, 342.3974609375, 169.66441345214844, -130.75035095214844, -188.75379943847656, -33.252967834472656, -27.769485473632812, 24.135128021240234, 111.21383666992188], [-471.44097900390625, 41.862125396728516, 117.49183654785156, -18.17053985595703, 80.32418060302734, 169.66441345214844, 241.9929962158203, -34.7896842956543, -106.31167602539062, -32.333984375, 2.6907918453216553, 2.9400811195373535, 38.31435775756836], [618.8284301757812, -48.960636138916016, -152.731201171875, -69.55289459228516, -120.46015930175781, -130.75035095214844, -34.7896842956543, 193.95712280273438, 117.42958068847656, 42.309532165527344, 4.4524126052856445, -24.679391860961914, -100.55128479003906], [394.0521240234375, 214.86392211914062, -222.88351440429688, -69.64939880371094, -59.87662887573242, -188.75379943847656, -106.31167602539062, 117.42958068847656, 254.8085174560547, 35.5640869140625, -7.243894100189209, -53.69631576538086, -54.56692886352539], [341.1194763183594, -216.3822479248047, 10.851226806640625, 12.163980484008789, -76.43351745605469, -33.252967834472656, -32.333984375, 42.309532165527344, 35.5640869140625, 110.20038604736328, -2.58193302154541, 4.800472736358643, -39.685943603515625], [-54.421539306640625, 121.43032836914062, -81.58260345458984, -12.608611106872559, -23.344730377197266, -27.769485473632812, 2.6907918453216553, 4.4524126052856445, -7.243894100189209, -2.58193302154541, 114.19354248046875, 24.47231101989746, -13.144316673278809], [-65.20683288574219, -102.37105560302734, 89.99907684326172, 0.8334959149360657, 27.948509216308594, 24.135128021240234, 2.9400811195373535, -24.679391860961914, -53.69631576538086, 4.800472736358643, 24.47231101989746, 107.79220581054688, 28.44002914428711], [-575.273193359375, 30.138561248779297, 121.75202178955078, 106.10222625732422, 111.0391845703125, 111.21383666992188, 38.31435775756836, -100.55128479003906, -54.56692886352539, -39.685943603515625, -13.144316673278809, 28.44002914428711, 166.32974243164062]], "lowlevel.gfcc.icov": [[0.0002868548035621643, -0.00035368301905691624, 0.00024614992435090244, -0.0005409914301708341, 0.0005388128920458257, -0.00012131215771660209, 0.0002702179772313684, -0.0005636456771753728, 0.0004562153771985322, -0.0007456735474988818, 0.000984214711934328, -0.0007656062371097505, 0.0007199942483566701], [-0.00035368301905691624, 0.003850906388834119, -0.0002965346211567521, 0.0038313944824039936, -0.002242722548544407, 0.0019927246030420065, -0.0015363912098109722, 0.0031681153923273087, -0.0036385871935635805, 0.005480532068759203, -0.005507034715265036, 0.004497363697737455, -0.0028043289203196764], [0.00024614992435090244, -0.0002965346211567521, 0.004520811140537262, -0.0011066043516620994, -0.0005025334539823234, -0.0019715505186468363, 0.00018860254203900695, -3.140627086395398e-05, 0.001987532014027238, -0.0026729705277830362, 0.0038168777246028185, -0.003300807671621442, 0.0007733785314485431], [-0.0005409914301708341, 0.0038313944824039936, -0.0011066043516620994, 0.008224047720432281, -0.0008417776552960277, 0.0010951755102723837, -0.00021465755708049983, 0.0032513539772480726, -0.003038364229723811, 0.005029842257499695, -0.006434567738324404, 0.006345758680254221, -0.006546976510435343], [0.0005388128920458257, -0.002242722548544407, -0.0005025334539823234, -0.0008417776552960277, 0.007282402832061052, -0.002704610349610448, 0.0009544261265546083, -0.0003621994110289961, 0.00024096971901599318, -0.0009428915800526738, 0.0038294196128845215, -0.003596737515181303, 0.0004544106777757406], [-0.00012131215771660209, 0.0019927246030420065, -0.0019715505186468363, 0.0010951755102723837, -0.002704610349610448, 0.010965614579617977, -0.00463070860132575, 0.002306906972080469, 0.0015314636984840035, 0.0016645846189931035, -0.0025145437102764845, 0.004451010841876268, -0.0031614431645721197], [0.0002702179772313684, -0.0015363912098109722, 0.00018860254203900695, -0.00021465755708049983, 0.0009544261265546083, -0.00463070860132575, 0.008349188603460789, -0.003709931392222643, 0.003207965288311243, -0.001571377506479621, 0.0011919686803594232, -0.00043440648005343974, 0.00035089353332296014], [-0.0005636456771753728, 0.0031681153923273087, -3.140627086395398e-05, 0.0032513539772480726, -0.0003621994110289961, 0.002306906972080469, -0.003709931392222643, 0.014218837954103947, -0.007319021970033646, 0.00420733354985714, -0.00396950077265501, 0.0022819244768470526, 0.0014739438192918897], [0.0004562153771985322, -0.0036385871935635805, 0.001987532014027238, -0.003038364229723811, 0.00024096971901599318, 0.0015314636984840035, 0.003207965288311243, -0.007319021970033646, 0.01421018410474062, -0.00853591039776802, 0.006680963095277548, -0.0009601335623301566, -0.00031053044949658215], [-0.0007456735474988818, 0.005480532068759203, -0.0026729705277830362, 0.005029842257499695, -0.0009428915800526738, 0.0016645846189931035, -0.001571377506479621, 0.00420733354985714, -0.00853591039776802, 0.02135205827653408, -0.00878659263253212, 0.005056160502135754, -0.0016668097814545035], [0.000984214711934328, -0.005507034715265036, 0.0038168777246028185, -0.006434567738324404, 0.0038294196128845215, -0.0025145437102764845, 0.0011919686803594232, -0.00396950077265501, 0.006680963095277548, -0.00878659263253212, 0.02081005834043026, -0.011706018820405006, 0.005904615856707096], [-0.0007656062371097505, 0.004497363697737455, -0.003300807671621442, 0.006345758680254221, -0.003596737515181303, 0.004451010841876268, -0.00043440648005343974, 0.0022819244768470526, -0.0009601335623301566, 0.005056160502135754, -0.011706018820405006, 0.020244162529706955, -0.007685227785259485], [0.0007199942483566701, -0.0028043289203196764, 0.0007733785314485431, -0.006546976510435343, 0.0004544106777757406, -0.0031614431645721197, 0.00035089353332296014, 0.0014739438192918897, -0.00031053044949658215, -0.0016668097814545035, 0.005904615856707096, -0.007685227785259485, 0.01652253046631813]], "lowlevel.mfcc.cov": [[7634.1748046875, -949.6018676757812, -326.125, 125.04053497314453, -539.0963745117188, -1143.1536865234375, -895.9769897460938, -134.35552978515625, -158.39486694335938, 216.3889923095703, 681.3522338867188, 128.56625366210938, 11.493038177490234], [-949.6018676757812, 1843.3900146484375, -483.37835693359375, -218.8065948486328, 103.6340103149414, -78.01951599121094, -81.74943542480469, 171.7984619140625, -41.7841796875, -52.03544998168945, 124.56062316894531, -4.592020511627197, -11.184775352478027], [-326.125, -483.37835693359375, 459.1905212402344, 59.22431564331055, 6.89094877243042, 230.75099182128906, 209.6171417236328, -46.57489776611328, 33.04903793334961, -36.35907745361328, -155.1693572998047, -15.475110054016113, -8.44786262512207], [125.04053497314453, -218.8065948486328, 59.22431564331055, 183.90444946289062, 40.07002639770508, 17.08767318725586, -29.863536834716797, -38.9971923828125, 21.832721710205078, 7.258190631866455, -74.79286193847656, -6.319546699523926, 27.992279052734375], [-539.0963745117188, 103.6340103149414, 6.89094877243042, 40.07002639770508, 244.08973693847656, 107.5703353881836, -9.700356483459473, -9.003046989440918, 44.46441650390625, -33.88893127441406, -96.47513580322266, -28.58898162841797, 21.850244522094727], [-1143.1536865234375, -78.01951599121094, 230.75099182128906, 17.08767318725586, 107.5703353881836, 464.1358947753906, 322.8351135253906, -4.279901027679443, 60.73676300048828, -46.725650787353516, -240.58502197265625, -46.096824645996094, -14.11247730255127], [-895.9769897460938, -81.74943542480469, 209.6171417236328, -29.863536834716797, -9.700356483459473, 322.8351135253906, 424.7914123535156, 54.57931900024414, -13.665963172912598, -39.358428955078125, -148.0830535888672, -37.64280700683594, -36.89403533935547], [-134.35552978515625, 171.7984619140625, -46.57489776611328, -38.9971923828125, -9.003046989440918, -4.279901027679443, 54.57931900024414, 122.85139465332031, -3.8699495792388916, -9.337565422058105, 19.775890350341797, -5.11533260345459, 0.20552928745746613], [-158.39486694335938, -41.7841796875, 33.04903793334961, 21.832721710205078, 44.46441650390625, 60.73676300048828, -13.665963172912598, -3.8699495792388916, 161.62637329101562, 47.34346389770508, -68.24689483642578, -4.47145414352417, 25.606563568115234], [216.3889923095703, -52.03544998168945, -36.35907745361328, 7.258190631866455, -33.88893127441406, -46.725650787353516, -39.358428955078125, -9.337565422058105, 47.34346389770508, 106.45913696289062, 40.66425704956055, 4.946560382843018, 1.183013916015625], [681.3522338867188, 124.56062316894531, -155.1693572998047, -74.79286193847656, -96.47513580322266, -240.58502197265625, -148.0830535888672, 19.775890350341797, -68.24689483642578, 40.66425704956055, 268.7276306152344, 52.73814392089844, -24.05438995361328], [128.56625366210938, -4.592020511627197, -15.475110054016113, -6.319546699523926, -28.58898162841797, -46.096824645996094, -37.64280700683594, -5.11533260345459, -4.47145414352417, 4.946560382843018, 52.73814392089844, 69.007080078125, 14.688579559326172], [11.493038177490234, -11.184775352478027, -8.44786262512207, 27.992279052734375, 21.850244522094727, -14.11247730255127, -36.89403533935547, 0.20552928745746613, 25.606563568115234, 1.183013916015625, -24.05438995361328, 14.688579559326172, 77.78563690185547]], "lowlevel.mfcc.icov": [[0.0002847365685738623, 0.00014625237963628024, -2.518705150578171e-05, -0.00019052783318329602, 0.000380155339371413, 0.00025824614567682147, 0.00034949317341670394, -2.427664730930701e-05, 6.903484609210864e-05, -6.277220381889492e-05, -0.00031349287019111216, 0.0002258259046357125, -1.0675163139239885e-05], [0.00014625237963628024, 0.0010926950490102172, 0.0010089401621371508, 0.0007035284070298076, -0.00022528543195221573, -0.0002279826730955392, 0.00033847338636405766, -0.0008662361651659012, 5.226828943705186e-05, 0.00045846676221117377, -0.00019635079661384225, 6.956115976208821e-05, 7.86247692303732e-05], [-2.518705150578171e-05, 0.0010089401621371508, 0.004745542537420988, -0.00018547310901340097, 0.00021680341160390526, -0.0007886181701906025, -0.0014861407689750195, 0.0009635477908886969, -0.0009919563308358192, 0.001748760580085218, 0.0003958757733926177, -0.0005820016376674175, 0.00035179409314878285], [-0.00019052783318329602, 0.0007035284070298076, -0.00018547310901340097, 0.008349991403520107, -0.0013025030493736267, 0.0003687382850330323, 0.0009582142229191959, 0.0002361946681048721, 0.0012509595835581422, -0.0015612432034686208, 0.00333205983042717, -0.0007197668892331421, -0.0012308018049225211], [0.000380155339371413, -0.00022528543195221573, 0.00021680341160390526, -0.0013025030493736267, 0.006991363596171141, -0.0021380798425525427, 0.0026001890655606985, -0.00011245578934904188, -0.0007949489518068731, 0.001794331124983728, -2.7729869543691166e-05, 0.0021144156344234943, -0.0008879656670615077], [0.00025824614567682147, -0.0002279826730955392, -0.0007886181701906025, 0.0003687382850330323, -0.0021380798425525427, 0.009350085631012917, -0.005392258055508137, 0.00236827926710248, -0.0019464724464341998, 0.00033436017110943794, 0.003326138947159052, -0.001013872679322958, 0.0012995600700378418], [0.00034949317341670394, 0.00033847338636405766, -0.0014861407689750195, 0.0009582142229191959, 0.0026001890655606985, -0.005392258055508137, 0.009121396578848362, -0.004522411618381739, 0.003187208203598857, -0.0014653552789241076, 0.0008458231459371746, 0.0006440931465476751, 0.0012333699269220233], [-2.427664730930701e-05, -0.0008662361651659012, 0.0009635477908886969, 0.0002361946681048721, -0.00011245578934904188, 0.00236827926710248, -0.004522411618381739, 0.012240025214850903, -0.002315324731171131, 0.0019235542276874185, -0.0015684586251154542, 0.0015065078623592854, -0.001853972440585494], [6.903484609210864e-05, 5.226828943705186e-05, -0.0009919563308358192, 0.0012509595835581422, -0.0007949489518068731, -0.0019464724464341998, 0.003187208203598857, -0.002315324731171131, 0.011142628267407417, -0.006884251721203327, 0.0035125985741615295, -0.001472671632654965, -0.0013716695830225945], [-6.277220381889492e-05, 0.00045846676221117377, 0.001748760580085218, -0.0015612432034686208, 0.001794331124983728, 0.00033436017110943794, -0.0014653552789241076, 0.0019235542276874185, -0.006884251721203327, 0.01526639424264431, -0.003962051589041948, 0.0021768941078335047, 8.125724707497284e-05], [-0.00031349287019111216, -0.00019635079661384225, 0.0003958757733926177, 0.00333205983042717, -2.7729869543691166e-05, 0.003326138947159052, 0.0008458231459371746, -0.0015684586251154542, 0.0035125985741615295, -0.003962051589041948, 0.012363409623503685, -0.0062213195487856865, 0.00378053798340261], [0.0002258259046357125, 6.956115976208821e-05, -0.0005820016376674175, -0.0007197668892331421, 0.0021144156344234943, -0.001013872679322958, 0.0006440931465476751, 0.0015065078623592854, -0.001472671632654965, 0.0021768941078335047, -0.0062213195487856865, 0.020234987139701843, -0.0055971755646169186], [-1.0675163139239885e-05, 7.86247692303732e-05, 0.00035179409314878285, -0.0012308018049225211, -0.0008879656670615077, 0.0012995600700378418, 0.0012333699269220233, -0.001853972440585494, -0.0013716695830225945, 8.125724707497284e-05, 0.00378053798340261, -0.0055971755646169186, 0.017101293429732323]], "metadata.audio_properties.analysis.downmix": "mix", "metadata.audio_properties.codec": "mp3", "metadata.audio_properties.md5_encoded": "c3d39ed95f4f7da37b06b65adf271ab2", "metadata.tags.file_name": "1182282859151626330.mp3", "metadata.version.essentia": "2.1-beta6-dev", "metadata.version.essentia_git_sha": "v2.1_beta5-1110-g77a6a954", "metadata.version.extractor": "