{"song_id": "1182273574204084284", "download": "https://cdn.discordapp.com/attachments/1128313332273782784/1182273574204084284/chirp.mp4?ex=65841911&amp", "lyrics": "Last night we went to a bar, \nand it felt like we were listening to a rock star. \nWe tried to make Tom sing,\nBut instead, we hear behind us the door going ding ding. \n\nEray was not able to come,\nBecause he was learning how to use .some(), \nWe tried to bring him over,\nBut his government said to him it's a game over. \n\nWe were eating this morning at Billy,\nDoesn't it sound silly?\nThat would be everything from me today,\nBecause I do not know about what is the other way.", "style": ["pop</span><span>, rock"], "essentia_features": {"lowlevel.average_loudness": 0.9849242568016052, "lowlevel.barkbands_crest.mean": 10.944402694702148, "lowlevel.barkbands_crest.stdev": 3.9559388160705566, "lowlevel.barkbands_flatness_db.mean": 0.13877929747104645, "lowlevel.barkbands_flatness_db.stdev": 0.040349166840314865, "lowlevel.barkbands_kurtosis.mean": 4.34216833114624, "lowlevel.barkbands_kurtosis.stdev": 11.952421188354492, "lowlevel.barkbands_skewness.mean": 1.6185466051101685, "lowlevel.barkbands_skewness.stdev": 1.4466813802719116, "lowlevel.barkbands_spread.mean": 31.991056442260742, "lowlevel.barkbands_spread.stdev": 17.54771614074707, "lowlevel.dissonance.mean": 0.4670182764530182, "lowlevel.dissonance.stdev": 0.03225381672382355, "lowlevel.dynamic_complexity": 1.8052016496658325, "lowlevel.erbbands_crest.mean": 10.229534149169922, "lowlevel.erbbands_crest.stdev": 6.178257465362549, "lowlevel.erbbands_flatness_db.mean": 0.1330319494009018, "lowlevel.erbbands_flatness_db.stdev": 0.03977415710687637, "lowlevel.erbbands_kurtosis.mean": 1.3301008939743042, "lowlevel.erbbands_kurtosis.stdev": 3.095639705657959, "lowlevel.erbbands_skewness.mean": 0.03969865292310715, "lowlevel.erbbands_skewness.stdev": 0.8293943405151367, "lowlevel.erbbands_spread.mean": 50.45397186279297, "lowlevel.erbbands_spread.stdev": 28.559452056884766, "lowlevel.hfc.mean": 35.48680877685547, "lowlevel.hfc.stdev": 21.313995361328125, "lowlevel.loudness_ebu128.integrated": -12.295459747314453, "lowlevel.loudness_ebu128.loudness_range": 1.352797508239746, "lowlevel.loudness_ebu128.momentary.mean": -12.388428688049316, "lowlevel.loudness_ebu128.momentary.stdev": 0.9219659566879272, "lowlevel.loudness_ebu128.short_term.mean": -12.321723937988281, "lowlevel.loudness_ebu128.short_term.stdev": 0.4677172899246216, "lowlevel.melbands_crest.mean": 17.12960433959961, "lowlevel.melbands_crest.stdev": 5.171246528625488, "lowlevel.melbands_flatness_db.mean": 0.19062283635139465, "lowlevel.melbands_flatness_db.stdev": 0.05251721292734146, "lowlevel.melbands_kurtosis.mean": 23.955110549926758, "lowlevel.melbands_kurtosis.stdev": 45.891231536865234, "lowlevel.melbands_skewness.mean": 3.4951014518737793, "lowlevel.melbands_skewness.stdev": 2.6658554077148438, "lowlevel.melbands_spread.mean": 27.479257583618164, "lowlevel.melbands_spread.stdev": 17.647113800048828, "lowlevel.pitch_salience.mean": 0.47052302956581116, "lowlevel.pitch_salience.stdev": 0.10254345089197159, "lowlevel.silence_rate_20dB.mean": 1.0, "lowlevel.silence_rate_20dB.stdev": 0.0, "lowlevel.silence_rate_30dB.mean": 0.9774614572525024, "lowlevel.silence_rate_30dB.stdev": 0.14842596650123596, "lowlevel.silence_rate_60dB.mean": 0.008303677663207054, "lowlevel.silence_rate_60dB.stdev": 0.09074416756629944, "lowlevel.spectral_centroid.mean": 1487.6434326171875, "lowlevel.spectral_centroid.stdev": 510.2320251464844, "lowlevel.spectral_complexity.mean": 19.230131149291992, "lowlevel.spectral_complexity.stdev": 8.09261703491211, "lowlevel.spectral_decrease.mean": -1.0613049106211747e-08, "lowlevel.spectral_decrease.stdev": 7.410949631747599e-09, "lowlevel.spectral_energy.mean": 0.04327483847737312, "lowlevel.spectral_energy.stdev": 0.0285185556858778, "lowlevel.spectral_energyband_high.mean": 0.0020477150101214647, "lowlevel.spectral_energyband_high.stdev": 0.002025577472522855, "lowlevel.spectral_energyband_low.mean": 0.021877260878682137, "lowlevel.spectral_energyband_low.stdev": 0.02593916654586792, "lowlevel.spectral_energyband_middle_high.mean": 0.009380122646689415, "lowlevel.spectral_energyband_middle_high.stdev": 0.009020697325468063, "lowlevel.spectral_energyband_middle_low.mean": 0.011769209988415241, "lowlevel.spectral_energyband_middle_low.stdev": 0.014662439003586769, "lowlevel.spectral_entropy.mean": 7.915735244750977, "lowlevel.spectral_entropy.stdev": 0.3284650444984436, "lowlevel.spectral_flux.mean": 0.11754916608333588, "lowlevel.spectral_flux.stdev": 0.06830614060163498, "lowlevel.spectral_kurtosis.mean": 1.7822362184524536, "lowlevel.spectral_kurtosis.stdev": 1.0562734603881836, "lowlevel.spectral_rms.mean": 0.006219149567186832, "lowlevel.spectral_rms.stdev": 0.0018819360993802547, "lowlevel.spectral_rolloff.mean": 1654.022216796875, "lowlevel.spectral_rolloff.stdev": 1834.94970703125, "lowlevel.spectral_skewness.mean": 1.188355565071106, "lowlevel.spectral_skewness.stdev": 0.2801787555217743, "lowlevel.spectral_spread.mean": 6451017.0, "lowlevel.spectral_spread.stdev": 1384873.875, "lowlevel.spectral_strongpeak.mean": 1.4422202110290527, "lowlevel.spectral_strongpeak.stdev": 2.255469560623169, "lowlevel.zerocrossingrate.mean": 0.07682783901691437, "lowlevel.zerocrossingrate.stdev": 0.03617269545793533, "metadata.audio_properties.analysis.equal_loudness": 0.0, "metadata.audio_properties.analysis.length": 39.125328063964844, "metadata.audio_properties.analysis.sample_rate": 44100.0, "metadata.audio_properties.analysis.start_time": 0.0, "metadata.audio_properties.bit_rate": 122147.0, "metadata.audio_properties.length": 39.12533187866211, "metadata.audio_properties.lossless": 0.0, "metadata.audio_properties.number_channels": 1.0, "metadata.audio_properties.replay_gain": -12.994604110717773, "metadata.audio_properties.sample_rate": 48000.0, "rhythm.beats_count": 72.0, "rhythm.beats_loudness.mean": 0.04306958615779877, "rhythm.beats_loudness.stdev": 0.010762138292193413, "rhythm.bpm": 111.93287658691406, "rhythm.bpm_histogram_first_peak_bpm": 112.0, "rhythm.bpm_histogram_first_peak_weight": 0.19117647409439087, "rhythm.bpm_histogram_second_peak_bpm": 98.0, "rhythm.bpm_histogram_second_peak_spread": 0.0, "rhythm.bpm_histogram_second_peak_weight": 0.028169013559818268, "rhythm.danceability": 1.5315146446228027, "rhythm.onset_rate": 4.113729476928711, "tonal.chords_changes_rate": 0.06635071337223053, "tonal.chords_number_rate": 0.011848341673612595, "tonal.chords_strength.mean": 0.606605052947998, "tonal.chords_strength.stdev": 0.08561763912439346, "tonal.hpcp_crest.mean": 12.989278793334961, "tonal.hpcp_crest.stdev": 5.589509010314941, "tonal.hpcp_entropy.mean": 2.03285813331604, "tonal.hpcp_entropy.stdev": 0.7347195744514465, "tonal.key_edma.strength": 0.8144362568855286, "tonal.key_krumhansl.strength": 0.8124645352363586, "tonal.key_temperley.strength": 0.8058211803436279, "tonal.tuning_diatonic_strength": 0.8006243705749512, "tonal.tuning_equal_tempered_deviation": 0.131078839302063, "tonal.tuning_frequency": 444.5986328125, "tonal.tuning_nontempered_energy_ratio": 0.821976900100708, "lowlevel.barkbands.mean": [0.0005620317533612251, 0.011181484907865524, 0.008443466387689114, 0.003444469766691327, 0.004129339009523392, 0.0009644182282499969, 0.0006538747693412006, 0.000979475094936788, 0.0013555875048041344, 0.0016103062080219388, 0.0008767148829065263, 0.0011652130633592606, 0.0015909284120425582, 0.0009306656429544091, 0.0011764605296775699, 0.001198196318000555, 0.0004092089366167784, 0.00019152068125549704, 0.0002661691978573799, 0.00021477713016793132, 0.0003719778324011713, 0.0003188883129041642, 0.0003968333767261356, 0.0004244733427185565, 0.0002944964508060366, 0.00012388052709866315, 3.6168177341977525e-09], "lowlevel.barkbands.stdev": [0.0010088332928717136, 0.021024098619818687, 0.0078029148280620575, 0.004144858103245497, 0.010236346162855625, 0.0016293113585561514, 0.0016860930481925607, 0.0027445959858596325, 0.0038369898684322834, 0.00423680292442441, 0.002814953913912177, 0.002907091286033392, 0.003772697178646922, 0.00232946639880538, 0.002944671083241701, 0.003354516811668873, 0.0009916467824950814, 0.00018169189570471644, 0.0002058053360087797, 0.00017732908600009978, 0.0002972591610159725, 0.0002760589704848826, 0.0005597939598374069, 0.0006778466631658375, 0.0004600858374033123, 0.00021624384680762887, 4.720068602637184e-08], "lowlevel.erbbands.mean": [0.23955145478248596, 2.8203823566436768, 9.644551277160645, 11.027457237243652, 15.863656997680664, 9.729549407958984, 8.280266761779785, 8.774154663085938, 9.213493347167969, 13.860702514648438, 19.470556259155273, 21.833850860595703, 54.82210922241211, 55.21562576293945, 32.76454162597656, 39.60553741455078, 66.4395523071289, 58.79744338989258, 54.02029037475586, 46.17141342163086, 78.9080581665039, 24.20908546447754, 10.783872604370117, 13.661689758300781, 11.842068672180176, 9.928000450134277, 13.43659782409668, 14.882757186889648, 11.494571685791016, 11.099690437316895, 11.295297622680664, 9.143162727355957, 7.064514636993408, 3.4927268028259277, 2.0129032135009766, 1.0435701608657837, 0.09380002319812775, 0.0026234749238938093, 0.00013991557352710515, 6.622407090617344e-05], "lowlevel.erbbands.stdev": [0.6087973117828369, 4.849595546722412, 9.324764251708984, 9.152482986450195, 39.54204177856445, 23.236312866210938, 14.580538749694824, 17.412721633911133, 19.322355270385742, 38.1190185546875, 48.380645751953125, 54.8707389831543, 122.93756866455078, 132.87921142578125, 73.40995788574219, 92.19566345214844, 159.98269653320312, 125.63166046142578, 110.68701171875, 99.66272735595703, 218.92984008789062, 43.87451171875, 10.54088306427002, 11.00265884399414, 9.071602821350098, 8.240288734436035, 10.869987487792969, 12.358912467956543, 9.8201322555542, 13.831297874450684, 15.356749534606934, 13.944066047668457, 11.870072364807129, 6.000391483306885, 2.9401562213897705, 1.6683621406555176, 0.23316048085689545, 0.009100883267819881, 0.0002508991165086627, 4.031699427287094e-05], "lowlevel.gfcc.mean": [44.34135055541992, 64.35796356201172, -104.22409057617188, 52.762210845947266, -58.02785873413086, 44.855525970458984, -43.444732666015625, 13.272708892822266, -29.701038360595703, 4.941375732421875, -24.238204956054688, -5.281150817871094, -12.918630599975586], "lowlevel.melbands.mean": [0.002641183789819479, 0.004557346925139427, 0.0020757424645125866, 0.0009640902280807495, 0.0002951061469502747, 0.00018910398648586124, 0.00014356913743540645, 0.00018086942145600915, 0.00013508771371562034, 0.00017223661416210234, 0.00028628247673623264, 0.00023444835096597672, 0.0001030541243380867, 0.00014343176735565066, 8.566831093048677e-05, 0.00018253125017508864, 9.51507972786203e-05, 7.713727245572954e-05, 9.972791303880513e-05, 4.75104789074976e-05, 9.900095756165683e-05, 2.491885970812291e-05, 9.951953870768193e-06, 9.113713531405665e-06, 1.1397386515454855e-05, 9.503690307610668e-06, 7.390114205918508e-06, 6.376429155352525e-06, 7.5539164754445665e-06, 9.574982868798543e-06, 8.333977348229382e-06, 6.660039616690483e-06, 5.808518380945316e-06, 6.401899099728325e-06, 6.687684162898222e-06, 5.913568202231545e-06, 5.422246886155335e-06, 5.122230049892096e-06, 3.5775426567852264e-06, 2.791694441839354e-06], "lowlevel.melbands.stdev": [0.005653360392898321, 0.004885433241724968, 0.0021423413418233395, 0.0025607978459447622, 0.0005135158426128328, 0.0003565351362340152, 0.00030773362959735096, 0.0004867301613558084, 0.00033034058287739754, 0.00048341398360207677, 0.0006550566176883876, 0.0005611800588667393, 0.0002680594043340534, 0.00038655265234410763, 0.0002798202040139586, 0.00042982620652765036, 0.00023697329743299633, 0.00017843085515778512, 0.0002762438089121133, 0.00012309489829931408, 0.0002865885035134852, 5.5380889534717426e-05, 1.050633545673918e-05, 9.145343938143924e-06, 9.83248719421681e-06, 7.961793926369864e-06, 6.292912530625472e-06, 5.724204129364807e-06, 6.56285192235373e-06, 7.965268196130637e-06, 7.4767581281776074e-06, 5.913095264986623e-06, 5.856889401911758e-06, 9.271635462937411e-06, 8.992098628368694e-06, 8.5919182311045e-06, 9.361251613881905e-06, 8.996570613817312e-06, 5.890068223379785e-06, 5.127372787683271e-06], "lowlevel.melbands128.mean": [0.0003520336467772722, 0.0015834897058084607, 0.0033680761698633432, 0.005087776109576225, 0.0053958045318722725, 0.003769882954657078, 0.002222605748102069, 0.0016193013871088624, 0.0017772575374692678, 0.0010478327749297023, 0.0003598067269194871, 0.00036230654222890735, 0.00031725852750241756, 0.00014333018043544143, 0.00019064742082264274, 0.00023201986914500594, 0.00013889791443943977, 0.00013122455857228488, 0.0001447996182832867, 0.00011354177695466205, 0.0002374756004428491, 0.0002837350475601852, 8.110341150313616e-05, 5.250784306554124e-05, 5.146031253389083e-05, 0.0002513453655410558, 0.00039411563193425536, 0.0001765605411492288, 0.0003759113315027207, 0.00019452188280411065, 0.0002555019163992256, 0.0001693716476438567, 4.231537241139449e-05, 6.394539377652109e-05, 0.00022769838687963784, 0.00014518894022330642, 4.6937559091020375e-05, 9.359250543639064e-05, 7.844006904633716e-05, 0.00016367209900636226, 0.00024106958881020546, 0.00015956605784595013, 9.123393829213455e-05, 5.2639828936662525e-05, 8.666969370096922e-05, 5.900954420212656e-05, 8.77803613548167e-05, 0.00016842216427903622, 6.614250014536083e-05, 2.1425257727969438e-05, 3.1047155061969534e-05, 7.416659354930744e-05, 0.00016163114923983812, 7.940644718473777e-05, 3.232235394534655e-05, 2.3224893084261566e-05, 1.5418665498145856e-05, 9.121415132540278e-06, 8.752149369684048e-06, 9.461680747335777e-06, 8.68276310939109e-06, 9.100834176933859e-06, 1.0568511243036482e-05, 1.3006952940486372e-05, 1.1469928722362965e-05, 9.441535439691506e-06, 8.053138117247727e-06, 8.047454684856348e-06, 7.803825610608328e-06, 5.896786660741782e-06, 5.481303105625557e-06, 7.510996056225849e-06, 6.4560422288195696e-06, 7.2610837378306314e-06, 9.25236690818565e-06, 9.72534871834796e-06, 9.719014997244813e-06, 9.028886779560708e-06, 8.133919436659198e-06, 7.696429747738875e-06, 7.432132406393066e-06, 6.157652933325153e-06, 4.995960807718802e-06, 6.550030775542837e-06, 5.304792466631625e-06, 6.068959464755608e-06, 6.604057944059605e-06, 7.471770004485734e-06, 6.625670721405186e-06, 6.252698767639231e-06, 6.285562449193094e-06, 5.5505279306089506e-06, 5.846231033501681e-06, 5.853086349816294e-06, 4.9617660806688946e-06, 3.986754563811701e-06, 5.89820137975039e-06, 5.948561465629609e-06, 2.772179186649737e-06, 3.199858610969386e-06, 2.6258310299454024e-06, 3.0109531508060172e-06, 2.4207013211707817e-06, 2.639397280290723e-06, 1.765398565112264e-06, 2.528042159610777e-06, 2.0447871520445915e-06, 2.11696669794037e-06, 2.0723646230180748e-06, 1.8541676354288938e-06, 7.160074915191217e-07, 1.9302963494283176e-07, 9.847187953937464e-08, 3.177573404400391e-08, 1.7107582905850904e-08, 1.1374293729105034e-09, 9.390163646649796e-11, 1.538530240707825e-11, 6.817949850523863e-12, 6.5992415525240045e-12, 6.412985160270113e-12, 6.26509998394309e-12, 6.1139726094394664e-12, 5.99333516843048e-12, 5.86723204742956e-12, 5.736367110487084e-12, 5.655138250043601e-12, 5.617666921919895e-12], "lowlevel.melbands128.stdev": [0.000899503764230758, 0.004661510232836008, 0.00864042341709137, 0.008325991220772266, 0.005856156349182129, 0.0034550626296550035, 0.002062530256807804, 0.0024899293202906847, 0.004933807533234358, 0.0033546597696840763, 0.0008624456822872162, 0.000751269981265068, 0.0006400415441021323, 0.00026617784169502556, 0.0004380675673019141, 0.0005928698810748756, 0.0003270382003393024, 0.00039206090150400996, 0.0004935420583933592, 0.00048209333908744156, 0.0008243581396527588, 0.0008214316330850124, 0.00027863908326253295, 0.00018814839131664485, 0.00019045325461775064, 0.0008593617239966989, 0.0013473269063979387, 0.0005360881914384663, 0.0013412153348326683, 0.000617396435700357, 0.0009193750447593629, 0.0006142038037069142, 0.00031968019902706146, 0.0002543034206610173, 0.0007111033191904426, 0.000510387762915343, 0.00020533711358439177, 0.00044204347068443894, 0.000397212483221665, 0.0006125000072643161, 0.000737049849703908, 0.0004693420778494328, 0.0004084472020622343, 0.00022674821957480162, 0.0003345088043715805, 0.00022123735107015818, 0.00029678017017431557, 0.0005727133830077946, 0.0002544439921621233, 6.41438746242784e-05, 0.00016676957602612674, 0.00028887734515592456, 0.0006029393407516181, 0.00029512090259231627, 0.00010975040640914813, 6.999662582529709e-05, 3.1344879971584305e-05, 1.4622877642977983e-05, 1.0342751920688897e-05, 1.4597622794099152e-05, 1.143707413575612e-05, 1.1991005521849729e-05, 1.2404081644490361e-05, 1.4591581930289976e-05, 1.2363769201328978e-05, 1.1037021977244876e-05, 8.687063200341072e-06, 9.09053960640449e-06, 8.003906259546056e-06, 6.974640200496651e-06, 6.477989245468052e-06, 7.622650173289003e-06, 7.052697583276313e-06, 8.157451702572871e-06, 9.596878953743726e-06, 9.603410035197157e-06, 9.559795216773637e-06, 1.0076074431708548e-05, 9.619900993129704e-06, 7.254125193867367e-06, 7.85313477535965e-06, 6.422540081985062e-06, 5.653203061228851e-06, 7.365302735706791e-06, 6.051760919945082e-06, 8.71850352268666e-06, 1.3030491572862957e-05, 1.0615964129101485e-05, 8.096563760773279e-06, 1.0396951438451651e-05, 1.1144861673528794e-05, 8.219954906962812e-06, 8.694858479429968e-06, 1.0503747944312636e-05, 1.2568767488119192e-05, 8.072746823017951e-06, 1.055911707226187e-05, 1.0974407814501319e-05, 4.938721303915372e-06, 5.403127033787314e-06, 5.02370721733314e-06, 6.4061282500915695e-06, 4.541224370768759e-06, 4.163263383816229e-06, 2.723447778407717e-06, 3.927717898477567e-06, 3.451932798270718e-06, 3.4294027955183992e-06, 3.6053841085958993e-06, 2.9408356567728333e-06, 2.038198090303922e-06, 9.093485004996182e-07, 6.797861828999885e-07, 3.038814213596197e-07, 2.0034295289406145e-07, 1.2888034639502166e-08, 1.9441293019895056e-09, 1.634758994839558e-10, 9.487037024025202e-12, 9.194012738633628e-12, 8.935760985318009e-12, 8.712129975774197e-12, 8.519440361509645e-12, 8.353531408267223e-12, 8.210408047881756e-12, 8.100608725469804e-12, 8.024418803043165e-12, 7.977710506090752e-12], "lowlevel.mfcc.mean": [-598.851318359375, 84.66905212402344, 19.994909286499023, 19.191577911376953, 16.505590438842773, 23.686389923095703, 7.362473964691162, 7.293805122375488, 4.816330432891846, 4.773282051086426, -1.0903491973876953, 0.41758495569229126, -4.507047653198242], "lowlevel.spectral_contrast_coeffs.mean": [-0.6727487444877625, -0.762392520904541, -0.7381187677383423, -0.762729287147522, -0.8105807304382324, -0.7617251873016357], "lowlevel.spectral_contrast_coeffs.stdev": [0.061672791838645935, 0.07718197256326675, 0.0961000993847847, 0.07282769680023193, 0.026200275868177414, 0.0289964247494936], "lowlevel.spectral_contrast_valleys.mean": [-6.455270767211914, -7.014894962310791, -7.3909735679626465, -7.278539180755615, -7.148707866668701, -9.136979103088379], "lowlevel.spectral_contrast_valleys.stdev": [0.5528375506401062, 0.5666605234146118, 0.5244725346565247, 0.5271397233009338, 0.5461693406105042, 0.5193271040916443], "rhythm.beats_loudness_band_ratio.mean": [0.47099992632865906, 0.16761934757232666, 0.10223980247974396, 0.12805451452732086, 0.11067032814025879, 0.09525708109140396], "rhythm.beats_loudness_band_ratio.stdev": [0.15664933621883392, 0.11127651482820511, 0.10462816804647446, 0.123430535197258, 0.11128713935613632, 0.06016116961836815], "tonal.hpcp.mean": [0.055118829011917114, 0.07300475239753723, 0.1553431749343872, 0.1662309169769287, 0.09670982509851456, 0.06876741349697113, 0.04925551265478134, 0.03200381249189377, 0.03853912279009819, 0.04566280171275139, 0.08143848925828934, 0.227821946144104, 0.25028684735298157, 0.10682149976491928, 0.0490485355257988, 0.05033993721008301, 0.09273362159729004, 0.1386050134897232, 0.10248284786939621, 0.045332882553339005, 0.027898438274860382, 0.028791578486561775, 0.04467634856700897, 0.06743118911981583, 0.08109567314386368, 0.1172826960682869, 0.2660587430000305, 0.3011588752269745, 0.15689848363399506, 0.08150436729192734, 0.0662531927227974, 0.08438056707382202, 0.1777178794145584, 0.22729088366031647, 0.15123499929904938, 0.08035984635353088], "tonal.hpcp.stdev": [0.15277855098247528, 0.17260976135730743, 0.27399691939353943, 0.296519011259079, 0.20907774567604065, 0.2011922001838684, 0.1673867255449295, 0.11135987192392349, 0.13874229788780212, 0.13355126976966858, 0.17807821929454803, 0.2835528254508972, 0.3074401319026947, 0.18318410217761993, 0.13662755489349365, 0.14789392054080963, 0.20951448380947113, 0.27626022696495056, 0.1994098275899887, 0.12171556055545807, 0.09960530698299408, 0.11142387986183167, 0.13390396535396576, 0.15842993557453156, 0.173170804977417, 0.2082519680261612, 0.34591948986053467, 0.37740522623062134, 0.26628994941711426, 0.20672813057899475, 0.18654508888721466, 0.19604642689228058, 0.29001134634017944, 0.34738174080848694, 0.2586754262447357, 0.20239491760730743], "rhythm.beats_position": [0.5921088457107544, 1.195827603340149, 1.8111563920974731, 2.391655206680298, 2.9489340782165527, 3.4829931259155273, 4.017052173614502, 4.551111221313477, 5.085169792175293, 5.619228839874268, 6.153287887573242, 6.687346935272217, 7.221405982971191, 7.755464553833008, 8.28952407836914, 8.823582649230957, 9.369251251220703, 9.891700744628906, 10.448979377746582, 10.983037948608398, 11.517097473144531, 12.051156044006348, 12.58521556854248, 13.119274139404297, 13.653332710266113, 14.187392234802246, 14.733060836791992, 15.278729438781738, 15.812788963317871, 16.346847534179688, 16.88090705871582, 17.414966583251953, 17.949024200439453, 18.483083724975586, 19.01714324951172, 19.55120086669922, 20.09687042236328, 20.630929946899414, 21.164987564086914, 21.699047088623047, 22.24471664428711, 22.77877426147461, 23.312833786010742, 23.846893310546875, 24.380952835083008, 24.915010452270508, 25.44906997680664, 25.983129501342773, 26.517187118530273, 27.051246643066406, 27.58530616760254, 28.11936378479004, 28.67664337158203, 29.210702896118164, 29.744760513305664, 30.278820037841797, 30.81287956237793, 31.346939086914062, 31.880996704101562, 32.403446197509766, 32.94911575317383, 33.48317337036133, 34.017234802246094, 34.551292419433594, 35.085350036621094, 35.61941146850586, 36.15346908569336, 36.69913864135742, 37.244808197021484, 37.778865814208984, 38.312923431396484, 38.84698486328125], "rhythm.bpm_histogram": [0.0, 0.0, 0.0, 0.0, 0.0, 0.0, 0.0, 0.0, 0.0, 0.0, 0.0, 0.0, 0.0, 0.0, 0.0, 0.0, 0.0, 0.0, 0.0, 0.0, 0.0, 0.0, 0.0, 0.0, 0.0, 0.0, 0.0, 0.0, 0.0, 0.0, 0.0, 0.0, 0.0, 0.0, 0.0, 0.0, 0.0, 0.0, 0.0, 0.0, 0.0, 0.0, 0.0, 0.0, 0.0, 0.0, 0.0, 0.0, 0.0, 0.0, 0.0, 0.0, 0.0, 0.0, 0.0, 0.0, 0.0, 0.0, 0.0, 0.0, 0.0, 0.0, 0.0, 0.0, 0.0, 0.0, 0.0, 0.0, 0.0, 0.0, 0.0, 0.0, 0.0, 0.0, 0.0, 0.0, 0.0, 0.0, 0.0, 0.0, 0.0, 0.0, 0.0, 0.0, 0.0, 0.0, 0.0, 0.0, 0.0, 0.0, 0.0, 0.0, 0.0, 0.0, 0.0, 0.0, 0.0, 0.0, 0.014084506779909134, 0.014084506779909134, 0.0, 0.0, 0.0, 0.014084506779909134, 0.0, 0.0, 0.0, 0.0, 0.0422535203397274, 0.0, 0.11267605423927307, 0.0, 0.7746478915214539, 0.0, 0.0, 0.028169013559818268, 0.0, 0.0, 0.0, 0.0, 0.0, 0.0, 0.0, 0.0, 0.0, 0.0, 0.0, 0.0, 0.0, 0.0, 0.0, 0.0, 0.0, 0.0, 0.0, 0.0, 0.0, 0.0, 0.0, 0.0, 0.0, 0.0, 0.0, 0.0, 0.0, 0.0, 0.0, 0.0, 0.0, 0.0, 0.0, 0.0, 0.0, 0.0, 0.0, 0.0, 0.0, 0.0, 0.0, 0.0, 0.0, 0.0, 0.0, 0.0, 0.0, 0.0, 0.0, 0.0, 0.0, 0.0, 0.0, 0.0, 0.0, 0.0, 0.0, 0.0, 0.0, 0.0, 0.0, 0.0, 0.0, 0.0, 0.0, 0.0, 0.0, 0.0, 0.0, 0.0, 0.0, 0.0, 0.0, 0.0, 0.0, 0.0, 0.0, 0.0, 0.0, 0.0, 0.0, 0.0, 0.0, 0.0, 0.0, 0.0, 0.0, 0.0, 0.0, 0.0, 0.0, 0.0, 0.0, 0.0, 0.0, 0.0, 0.0, 0.0, 0.0, 0.0, 0.0, 0.0, 0.0, 0.0, 0.0, 0.0, 0.0, 0.0, 0.0, 0.0, 0.0, 0.0, 0.0, 0.0, 0.0, 0.0, 0.0, 0.0, 0.0, 0.0, 0.0, 0.0, 0.0, 0.0, 0.0, 0.0, 0.0, 0.0, 0.0, 0.0, 0.0, 0.0], "tonal.chords_histogram": [42.06161117553711, 4.5023698806762695, 20.85308074951172, 4.028436183929443, 2.3696682453155518, 0.0, 0.0, 0.0, 6.27962064743042, 8.175355911254883, 5.331753730773926, 0.0, 0.0, 0.0, 0.11848340928554535, 0.0, 0.0, 4.9763031005859375, 0.0, 0.0, 0.0, 0.0, 1.3033175468444824, 0.0], "tonal.thpcp": [1.0, 0.5209824442863464, 0.27063578367233276, 0.21999415755271912, 0.2801862061023712, 0.5901134014129639, 0.7547208666801453, 0.502176821231842, 0.26683539152145386, 0.1830224245786667, 0.2424127608537674, 0.5158179998397827, 0.5519708395004272, 0.3211255967617035, 0.22834263741970062, 0.16355325281620026, 0.10626886785030365, 0.1279694139957428, 0.15162363648414612, 0.2704170346260071, 0.7564842700958252, 0.8310791254043579, 0.3547014892101288, 0.16286598145961761, 0.16715408861637115, 0.3079226016998291, 0.46023884415626526, 0.3402949571609497, 0.15052813291549683, 0.09263694286346436, 0.0956026241183281, 0.1483481079339981, 0.22390569746494293, 0.26927870512008667, 0.3894379436969757, 0.8834497928619385], "lowlevel.gfcc.cov": [[1593.6793212890625, -34.61491012573242, -346.7034606933594, -56.56980895996094, -57.22038269042969, -63.91080856323242, -98.32007598876953, -6.9993133544921875, 6.167992115020752, -22.74701499938965, -72.58509063720703, 6.353893280029297, 39.56104278564453], [-34.61491012573242, 506.6473693847656, -152.63087463378906, -116.75928497314453, -30.500431060791016, -26.33957290649414, 105.40020751953125, -43.61858367919922, 10.14815902709961, -32.64960479736328, 45.61027908325195, -19.409244537353516, 58.52744674682617], [-346.7034606933594, -152.63087463378906, 511.8792724609375, 157.27032470703125, 14.047531127929688, 20.321022033691406, 4.701354503631592, 37.55319595336914, -9.632098197937012, 45.67667007446289, 42.22811508178711, 28.47745132446289, -64.89469909667969], [-56.56980895996094, -116.75928497314453, 157.27032470703125, 287.6603088378906, 98.61799621582031, -79.22171020507812, -71.70750427246094, 27.269718170166016, 51.70161819458008, 26.69003677368164, 7.441155910491943, 2.3984427452087402, -7.621901512145996], [-57.22038269042969, -30.500431060791016, 14.047531127929688, 98.61799621582031, 204.41793823242188, 67.54454803466797, 14.342825889587402, 30.90624237060547, 47.989662170410156, 41.5802116394043, 3.9381890296936035, 7.44856595993042, 21.488615036010742], [-63.91080856323242, -26.33957290649414, 20.321022033691406, -79.22171020507812, 67.54454803466797, 217.6698760986328, 132.73948669433594, -12.321250915527344, -30.956275939941406, 1.560434341430664, 29.248096466064453, 9.463335037231445, 0.4254775643348694], [-98.32007598876953, 105.40020751953125, 4.701354503631592, -71.70750427246094, 14.342825889587402, 132.73948669433594, 211.6815643310547, 40.60540008544922, -31.54090690612793, -28.472864151000977, 31.30710220336914, 6.355948448181152, -5.312183380126953], [-6.9993133544921875, -43.61858367919922, 37.55319595336914, 27.269718170166016, 30.90624237060547, -12.321250915527344, 40.60540008544922, 136.32086181640625, 66.06905364990234, 10.432528495788574, -10.090094566345215, 7.466441631317139, -4.721928119659424], [6.167992115020752, 10.14815902709961, -9.632098197937012, 51.70161819458008, 47.989662170410156, -30.956275939941406, -31.54090690612793, 66.06905364990234, 124.94639587402344, 50.07155990600586, -0.8172063827514648, -6.094782829284668, 18.090890884399414], [-22.74701499938965, -32.64960479736328, 45.67667007446289, 26.69003677368164, 41.5802116394043, 1.560434341430664, -28.472864151000977, 10.432528495788574, 50.07155990600586, 95.43940734863281, 39.193634033203125, 2.219719171524048, -23.83599281311035], [-72.58509063720703, 45.61027908325195, 42.22811508178711, 7.441155910491943, 3.9381890296936035, 29.248096466064453, 31.30710220336914, -10.090094566345215, -0.8172063827514648, 39.193634033203125, 92.1953353881836, 28.962888717651367, -17.323850631713867], [6.353893280029297, -19.409244537353516, 28.47745132446289, 2.3984427452087402, 7.44856595993042, 9.463335037231445, 6.355948448181152, 7.466441631317139, -6.094782829284668, 2.219719171524048, 28.962888717651367, 69.10041046142578, 26.077680587768555], [39.56104278564453, 58.52744674682617, -64.89469909667969, -7.621901512145996, 21.488615036010742, 0.4254775643348694, -5.312183380126953, -4.721928119659424, 18.090890884399414, -23.83599281311035, -17.323850631713867, 26.077680587768555, 90.38990783691406]], "lowlevel.gfcc.icov": [[0.0008690175018273294, -0.0004634529468603432, 0.0009309121523983777, -0.0009365066653117537, 0.001021353411488235, -0.0012321288231760263, 0.001026643207296729, -0.0009694033651612699, 0.0008127185283228755, -0.0009765604045242071, 0.0013023152714595199, -0.001096411608159542, 0.00042753349407576025], [-0.0004634529468603432, 0.008264001458883286, -0.0017865776317194104, 0.006832401268184185, -0.005600181873887777, 0.011604420840740204, -0.009740019217133522, 0.008582377806305885, -0.006857430096715689, 0.0058876038528978825, -0.009189202450215816, 0.007001085206866264, -0.005557953845709562], [0.0009309121523983777, -0.0017865776317194104, 0.004682061728090048, -0.005079012364149094, 0.004025161731988192, -0.005231081508100033, 0.002910877810791135, -0.003929895348846912, 0.0036414607893675566, -0.004160457290709019, 0.003491119248792529, -0.003925560507923365, 0.002691732719540596], [-0.0009365066653117537, 0.006832401268184185, -0.005079012364149094, 0.014989810064435005, -0.01158833410590887, 0.015162358060479164, -0.0077697173692286015, 0.009027575142681599, -0.008806008845567703, 0.009910758584737778, -0.010941124521195889, 0.0073124621994793415, -0.003528687171638012], [0.001021353411488235, -0.005600181873887777, 0.004025161731988192, -0.01158833410590887, 0.016240008175373077, -0.01529361680150032, 0.007629584055393934, -0.008945257402956486, 0.006188877858221531, -0.010933653451502323, 0.009946435689926147, -0.005874828435480595, 0.0007633973145857453], [-0.0012321288231760263, 0.011604420840740204, -0.005231081508100033, 0.015162358060479164, -0.01529361680150032, 0.029956961050629616, -0.020954828709363937, 0.017326155677437782, -0.01113275159150362, 0.00954592227935791, -0.013940435834228992, 0.009815394878387451, -0.00704142265021801], [0.001026643207296729, -0.009740019217133522, 0.002910877810791135, -0.0077697173692286015, 0.007629584055393934, -0.020954828709363937, 0.0243472158908844, -0.017878491431474686, 0.011809121817350388, -0.002824276452884078, 0.004876770544797182, -0.0049422006122767925, 0.0053259823471307755], [-0.0009694033651612699, 0.008582377806305885, -0.003929895348846912, 0.009027575142681599, -0.008945257402956486, 0.017326155677437782, -0.017878491431474686, 0.02652999758720398, -0.019387762993574142, 0.009557528421282768, -0.004492994397878647, 0.0008609273354522884, 0.0004783740732818842], [0.0008127185283228755, -0.006857430096715689, 0.0036414607893675566, -0.008806008845567703, 0.006188877858221531, -0.01113275159150362, 0.011809121817350388, -0.019387762993574142, 0.02813071943819523, -0.0169698353856802, 0.006503996439278126, 0.0008096938254311681, -0.0048735919408500195], [-0.0009765604045242071, 0.0058876038528978825, -0.004160457290709019, 0.009910758584737778, -0.010933653451502323, 0.00954592227935791, -0.002824276452884078, 0.009557528421282768, -0.0169698353856802, 0.03117009438574314, -0.01752210408449173, 0.0055455407127738, 0.004009444732218981], [0.0013023152714595199, -0.009189202450215816, 0.003491119248792529, -0.010941124521195889, 0.009946435689926147, -0.013940435834228992, 0.004876770544797182, -0.004492994397878647, 0.006503996439278126, -0.01752210408449173, 0.03334101662039757, -0.019840817898511887, 0.010908596217632294], [-0.001096411608159542, 0.007001085206866264, -0.003925560507923365, 0.0073124621994793415, -0.005874828435480595, 0.009815394878387451, -0.0049422006122767925, 0.0008609273354522884, 0.0008096938254311681, 0.0055455407127738, -0.019840817898511887, 0.032151490449905396, -0.016928182914853096], [0.00042753349407576025, -0.005557953845709562, 0.002691732719540596, -0.003528687171638012, 0.0007633973145857453, -0.00704142265021801, 0.0053259823471307755, 0.0004783740732818842, -0.0048735919408500195, 0.004009444732218981, 0.010908596217632294, -0.016928182914853096, 0.025306690484285355]], "lowlevel.mfcc.cov": [[1859.3511962890625, -60.32572937011719, -372.07781982421875, -40.50094223022461, -61.83708572387695, -99.98072052001953, -153.70909118652344, -51.221439361572266, 25.024396896362305, -42.94465255737305, -70.31903076171875, -46.28547286987305, -9.03788948059082], [-60.32572937011719, 434.98602294921875, -85.14118194580078, -76.58263397216797, -119.0330581665039, 9.14371109008789, 39.875579833984375, 9.169882774353027, -2.2012686729431152, -16.610342025756836, 1.7314352989196777, -2.970876455307007, 3.587895154953003], [-372.07781982421875, -85.14118194580078, 388.8927001953125, 61.884063720703125, 17.494373321533203, 10.808975219726562, 38.36404800415039, 10.166887283325195, -54.6547737121582, -1.666469693183899, 32.081382751464844, 31.512006759643555, 2.6354691982269287], [-40.50094223022461, -76.58263397216797, 61.884063720703125, 265.20037841796875, 110.31379699707031, -54.07767868041992, -61.39540100097656, -24.055953979492188, 18.823200225830078, 11.82362174987793, 24.86696434020996, 24.758577346801758, 15.88979721069336], [-61.83708572387695, -119.0330581665039, 17.494373321533203, 110.31379699707031, 194.5192108154297, 23.410324096679688, -44.9098014831543, -29.461458206176758, 38.0035400390625, 38.0414924621582, 6.182961940765381, 17.931987762451172, 27.703977584838867], [-99.98072052001953, 9.14371109008789, 10.808975219726562, -54.07767868041992, 23.410324096679688, 163.49191284179688, 92.53834533691406, 16.83296012878418, -15.794516563415527, 9.601991653442383, -1.4225932359695435, -9.88036060333252, -7.735308647155762], [-153.70909118652344, 39.875579833984375, 38.36404800415039, -61.39540100097656, -44.9098014831543, 92.53834533691406, 176.00404357910156, 83.78590393066406, -17.804521560668945, -3.741103172302246, 25.91525650024414, 5.060760021209717, -17.027294158935547], [-51.221439361572266, 9.169882774353027, 10.166887283325195, -24.055953979492188, -29.461458206176758, 16.83296012878418, 83.78590393066406, 117.34319305419922, 40.086483001708984, 3.563060998916626, 2.0000722408294678, 7.922974586486816, 6.250194549560547], [25.024396896362305, -2.2012686729431152, -54.6547737121582, 18.823200225830078, 38.0035400390625, -15.794516563415527, -17.804521560668945, 40.086483001708984, 106.93939208984375, 43.601131439208984, -13.186277389526367, -5.229021072387695, 13.779970169067383], [-42.94465255737305, -16.610342025756836, -1.666469693183899, 11.82362174987793, 38.0414924621582, 9.601991653442383, -3.741103172302246, 3.563060998916626, 43.601131439208984, 89.26628112792969, 42.044429779052734, 3.2530670166015625, -6.9977593421936035], [-70.31903076171875, 1.7314352989196777, 32.081382751464844, 24.86696434020996, 6.182961940765381, -1.4225932359695435, 25.91525650024414, 2.0000722408294678, -13.186277389526367, 42.044429779052734, 103.20380401611328, 46.997745513916016, -8.999022483825684], [-46.28547286987305, -2.970876455307007, 31.512006759643555, 24.758577346801758, 17.931987762451172, -9.88036060333252, 5.060760021209717, 7.922974586486816, -5.229021072387695, 3.2530670166015625, 46.997745513916016, 92.35589599609375, 43.599693298339844], [-9.03788948059082, 3.587895154953003, 2.6354691982269287, 15.88979721069336, 27.703977584838867, -7.735308647155762, -17.027294158935547, 6.250194549560547, 13.779970169067383, -6.9977593421936035, -8.999022483825684, 43.599693298339844, 84.94776153564453]], "lowlevel.mfcc.icov": [[0.000762838579248637, 0.0003198063641320914, 0.0007465484668500721, -5.0908693083329126e-05, 0.0004488225094974041, -1.4627515156462323e-05, 0.0006224025273695588, -0.00015262937813531607, 0.00013754428073298186, 0.00019838901062030345, 5.998200140311383e-05, -1.0656889571691863e-05, 4.815028660232201e-05], [0.0003198063641320914, 0.0032338600140064955, 0.0008379359496757388, -0.00021802174160256982, 0.002574619837105274, -0.00048310818965546787, -0.0006085634231567383, 0.0014029564335942268, -0.0012838769471272826, 0.0004887957475148141, -0.0005858520162291825, 0.00011001556413248181, -0.0010666323360055685], [0.0007465484668500721, 0.0008379359496757388, 0.004036839120090008, -0.0009965086355805397, 0.0004896385362371802, 0.00017742312047630548, -5.6218843383248895e-05, -0.001042248448356986, 0.0028300618287175894, -0.0011463500559329987, 0.0006927314680069685, -0.0008324646623805165, -2.578410567366518e-05], [-5.0908693083329126e-05, -0.00021802174160256982, -0.0009965086355805397, 0.006310036405920982, -0.004056728910654783, 0.002188015030696988, 0.0006696946220472455, -0.00024068978382274508, -0.0007945323013700545, 0.0020847832784056664, -0.002290187869220972, 0.0005169170908629894, 0.0003212999436073005], [0.0004488225094974041, 0.002574619837105274, 0.0004896385362371802, -0.004056728910654783, 0.012143858708441257, -0.004628763534128666, 0.001463146647438407, 0.003431472694501281, -0.004032025579363108, -0.0019129103748127818, 0.00046906681382097304, -0.0012270367005839944, -0.002482563955709338], [-1.4627515156462323e-05, -0.00048310818965546787, 0.00017742312047630548, 0.002188015030696988, -0.004628763534128666, 0.012588327750563622, -0.00873582810163498, 0.002966416534036398, 0.0022850693203508854, -0.0029302951879799366, 0.0032464941032230854, 0.0004877941682934761, -0.00022788229398429394], [0.0006224025273695588, -0.0006085634231567383, -5.6218843383248895e-05, 0.0006696946220472455, 0.001463146647438407, -0.00873582810163498, 0.019355766475200653, -0.01339741237461567, 0.004454632755368948, 0.0020284487400203943, -0.004884602501988411, 0.000651715265121311, 0.0021537665743380785], [-0.00015262937813531607, 0.0014029564335942268, -0.001042248448356986, -0.00024068978382274508, 0.003431472694501281, 0.002966416534036398, -0.01339741237461567, 0.02289549447596073, -0.01287661399692297, 0.0028127930127084255, 0.0006369894836097956, -0.001328798127360642, -0.002147130900993943], [0.00013754428073298186, -0.0012838769471272826, 0.0028300618287175894, -0.0007945323013700545, -0.004032025579363108, 0.0022850693203508854, 0.004454632755368948, -0.01287661399692297, 0.024770934134721756, -0.01364939659833908, 0.007860402576625347, -0.0007498646154999733, -0.00043204938992857933], [0.00019838901062030345, 0.0004887957475148141, -0.0011463500559329987, 0.0020847832784056664, -0.0019129103748127818, -0.0029302951879799366, 0.0020284487400203943, 0.0028127930127084255, -0.01364939659833908, 0.025955818593502045, -0.01554630696773529, 0.0059444112703204155, -0.0001428476389264688], [5.998200140311383e-05, -0.0005858520162291825, 0.0006927314680069685, -0.002290187869220972, 0.00046906681382097304, 0.0032464941032230854, -0.004884602501988411, 0.0006369894836097956, 0.007860402576625347, -0.01554630696773529, 0.02609444595873356, -0.014935193583369255, 0.007428832817822695], [-1.0656889571691863e-05, 0.00011001556413248181, -0.0008324646623805165, 0.0005169170908629894, -0.0012270367005839944, 0.0004877941682934761, 0.000651715265121311, -0.001328798127360642, -0.0007498646154999733, 0.0059444112703204155, -0.014935193583369255, 0.024897897616028786, -0.013153422623872757], [4.815028660232201e-05, -0.0010666323360055685, -2.578410567366518e-05, 0.0003212999436073005, -0.002482563955709338, -0.00022788229398429394, 0.0021537665743380785, -0.002147130900993943, -0.00043204938992857933, -0.0001428476389264688, 0.007428832817822695, -0.013153422623872757, 0.020737722516059875]], "metadata.audio_properties.analysis.downmix": "mix", "metadata.audio_properties.codec": "mp3", "metadata.audio_properties.md5_encoded": "7ea7dc50f075023cbe1a8b331cbb284f", "metadata.tags.file_name": "1182273574204084284.mp3", "metadata.version.essentia": "2.1-beta6-dev", "metadata.version.essentia_git_sha": "v2.1_beta5-1110-g77a6a954", "metadata.version.extr