{"song_id": "1182281982420471808", "download": "https://cdn.discordapp.com/attachments/1128313332273782784/1182281982420471808/chirp.mp4?ex=658420e6&amp", "lyrics": "[verse]\nPiese\u0148 o hegem\u00f3nii, zachm\u00faren\u00e9 nebohstvo\nNad Slovenskom klope bieda, ne\u010duj\u00faci hlas\nStraten\u00fdch snov, bezmocn\u00fdch ide\u00e1lov\nOdvrhnut\u00e9 n\u00e1deje, kde je ten skuto\u010dn\u00fd zajazd\n\n[chorus]\nPiese\u0148 o hegem\u00f3nii, ticho prorokuje utrpenie\nVojny v srdciach, steny z plienok zroben\u00e9\nZ\u00fafalstvo v o\u010diach, t\u00fa\u017eba po slobode e\u0161te hor\u010d\u00ed\nPiese\u0148 vzdoru, preb\u00fadzaj sa, smelo nahlas kri\u010d", "style": ["r and b"], "essentia_features": {"lowlevel.average_loudness": 0.984368085861206, "lowlevel.barkbands_crest.mean": 9.303895950317383, "lowlevel.barkbands_crest.stdev": 3.3736720085144043, "lowlevel.barkbands_flatness_db.mean": 0.1040482223033905, "lowlevel.barkbands_flatness_db.stdev": 0.030880140140652657, "lowlevel.barkbands_kurtosis.mean": 0.1594080626964569, "lowlevel.barkbands_kurtosis.stdev": 2.8016464710235596, "lowlevel.barkbands_skewness.mean": 0.8931482434272766, "lowlevel.barkbands_skewness.stdev": 0.815018355846405, "lowlevel.barkbands_spread.mean": 36.87753677368164, "lowlevel.barkbands_spread.stdev": 9.807524681091309, "lowlevel.dissonance.mean": 0.4877437353134155, "lowlevel.dissonance.stdev": 0.011878794990479946, "lowlevel.dynamic_complexity": 1.2617875337600708, "lowlevel.erbbands_crest.mean": 8.106416702270508, "lowlevel.erbbands_crest.stdev": 3.6065638065338135, "lowlevel.erbbands_flatness_db.mean": 0.14950230717658997, "lowlevel.erbbands_flatness_db.stdev": 0.024732910096645355, "lowlevel.erbbands_kurtosis.mean": 1.3945668935775757, "lowlevel.erbbands_kurtosis.stdev": 1.5998916625976562, "lowlevel.erbbands_skewness.mean": -0.6810947060585022, "lowlevel.erbbands_skewness.stdev": 0.590559184551239, "lowlevel.erbbands_spread.mean": 30.78960609436035, "lowlevel.erbbands_spread.stdev": 10.895325660705566, "lowlevel.hfc.mean": 35.35232925415039, "lowlevel.hfc.stdev": 11.356121063232422, "lowlevel.loudness_ebu128.integrated": -11.936059951782227, "lowlevel.loudness_ebu128.loudness_range": 0.6342344284057617, "lowlevel.loudness_ebu128.momentary.mean": -11.985508918762207, "lowlevel.loudness_ebu128.momentary.stdev": 0.655938982963562, "lowlevel.loudness_ebu128.short_term.mean": -11.921366691589355, "lowlevel.loudness_ebu128.short_term.stdev": 0.22295863926410675, "lowlevel.melbands_crest.mean": 16.233800888061523, "lowlevel.melbands_crest.stdev": 4.6936798095703125, "lowlevel.melbands_flatness_db.mean": 0.1636413037776947, "lowlevel.melbands_flatness_db.stdev": 0.039556410163640976, "lowlevel.melbands_kurtosis.mean": 7.044946670532227, "lowlevel.melbands_kurtosis.stdev": 11.050745964050293, "lowlevel.melbands_skewness.mean": 2.343341588973999, "lowlevel.melbands_skewness.stdev": 1.3525944948196411, "lowlevel.melbands_spread.mean": 37.80301284790039, "lowlevel.melbands_spread.stdev": 15.2824125289917, "lowlevel.pitch_salience.mean": 0.5175216794013977, "lowlevel.pitch_salience.stdev": 0.10080409795045853, "lowlevel.silence_rate_20dB.mean": 1.0, "lowlevel.silence_rate_20dB.stdev": 0.0, "lowlevel.silence_rate_30dB.mean": 0.9942062497138977, "lowlevel.silence_rate_30dB.stdev": 0.07589530944824219, "lowlevel.silence_rate_60dB.mean": 0.0011587485205382109, "lowlevel.silence_rate_60dB.stdev": 0.03402106463909149, "lowlevel.spectral_centroid.mean": 2079.029052734375, "lowlevel.spectral_centroid.stdev": 374.8355712890625, "lowlevel.spectral_complexity.mean": 38.75666427612305, "lowlevel.spectral_complexity.stdev": 5.127785682678223, "lowlevel.spectral_decrease.mean": -1.0387632087827114e-08, "lowlevel.spectral_decrease.stdev": 6.605651581281791e-09, "lowlevel.spectral_energy.mean": 0.0424119271337986, "lowlevel.spectral_energy.stdev": 0.025328295305371284, "lowlevel.spectral_energyband_high.mean": 0.0013134349137544632, "lowlevel.spectral_energyband_high.stdev": 0.0004937766352668405, "lowlevel.spectral_energyband_low.mean": 0.022083759307861328, "lowlevel.spectral_energyband_low.stdev": 0.02429872751235962, "lowlevel.spectral_energyband_middle_high.mean": 0.012219476513564587, "lowlevel.spectral_energyband_middle_high.stdev": 0.007073226850479841, "lowlevel.spectral_energyband_middle_low.mean": 0.007943663746118546, "lowlevel.spectral_energyband_middle_low.stdev": 0.009190415032207966, "lowlevel.spectral_entropy.mean": 7.895519733428955, "lowlevel.spectral_entropy.stdev": 0.11920686066150665, "lowlevel.spectral_flux.mean": 0.11565660685300827, "lowlevel.spectral_flux.stdev": 0.056536875665187836, "lowlevel.spectral_kurtosis.mean": 3.93562912940979, "lowlevel.spectral_kurtosis.stdev": 0.9955577850341797, "lowlevel.spectral_rms.mean": 0.006217604968696833, "lowlevel.spectral_rms.stdev": 0.001648911740630865, "lowlevel.spectral_rolloff.mean": 2050.5078125, "lowlevel.spectral_rolloff.stdev": 733.95849609375, "lowlevel.spectral_skewness.mean": 1.279165506362915, "lowlevel.spectral_skewness.stdev": 0.1717945784330368, "lowlevel.spectral_spread.mean": 3762866.0, "lowlevel.spectral_spread.stdev": 580426.25, "lowlevel.spectral_strongpeak.mean": 0.8742722868919373, "lowlevel.spectral_strongpeak.stdev": 1.361806869506836, "lowlevel.zerocrossingrate.mean": 0.07004091888666153, "lowlevel.zerocrossingrate.stdev": 0.016732266172766685, "metadata.audio_properties.analysis.equal_loudness": 0.0, "metadata.audio_properties.analysis.length": 40.04265213012695, "metadata.audio_properties.analysis.sample_rate": 44100.0, "metadata.audio_properties.analysis.start_time": 0.0, "metadata.audio_properties.bit_rate": 117739.0, "metadata.audio_properties.length": 40.042667388916016, "metadata.audio_properties.lossless": 0.0, "metadata.audio_properties.number_channels": 1.0, "metadata.audio_properties.replay_gain": -13.112113952636719, "metadata.audio_properties.sample_rate": 48000.0, "rhythm.beats_count": 90.0, "rhythm.beats_loudness.mean": 0.04715587943792343, "rhythm.beats_loudness.stdev": 0.01203463226556778, "rhythm.bpm": 136.45069885253906, "rhythm.bpm_histogram_first_peak_bpm": 136.0, "rhythm.bpm_histogram_first_peak_weight": 0.3720930218696594, "rhythm.bpm_histogram_second_peak_bpm": 144.0, "rhythm.bpm_histogram_second_peak_spread": 0.0, "rhythm.bpm_histogram_second_peak_weight": 0.033707864582538605, "rhythm.danceability": 1.6996759176254272, "rhythm.onset_rate": 1.8724524974822998, "tonal.chords_changes_rate": 0.09375, "tonal.chords_number_rate": 0.013888888992369175, "tonal.chords_strength.mean": 0.502260684967041, "tonal.chords_strength.stdev": 0.06465985625982285, "tonal.hpcp_crest.mean": 10.140044212341309, "tonal.hpcp_crest.stdev": 5.505655765533447, "tonal.hpcp_entropy.mean": 2.718714952468872, "tonal.hpcp_entropy.stdev": 0.9236692786216736, "tonal.key_edma.strength": 0.6599630117416382, "tonal.key_krumhansl.strength": 0.66323322057724, "tonal.key_temperley.strength": 0.6658926606178284, "tonal.tuning_diatonic_strength": 0.5992904901504517, "tonal.tuning_equal_tempered_deviation": 0.15053629875183105, "tonal.tuning_frequency": 446.1421813964844, "tonal.tuning_nontempered_energy_ratio": 0.832301139831543, "lowlevel.barkbands.mean": [0.0005848794244229794, 0.011810709722340107, 0.008645175024867058, 0.0027478900738060474, 0.0017931880429387093, 0.00035013328306376934, 0.001927651115693152, 0.00032940474920906126, 0.0006160155753605068, 0.001040803617797792, 0.001981988549232483, 0.0004206843441352248, 0.001074729603715241, 0.0006656880141235888, 0.00205846200697124, 0.0015238098567351699, 0.0014886547578498721, 0.0009949428495019674, 0.0008093768847174942, 0.0004521781229414046, 0.0005424869013950229, 0.00018139687017537653, 0.00012662685185205191, 0.000142176853842102, 6.483476317953318e-05, 3.739961903193034e-05, 6.454719709836354e-07], "lowlevel.barkbands.stdev": [0.0004383972263894975, 0.016269057989120483, 0.01008838415145874, 0.003157105529680848, 0.004672477953135967, 0.0008975709788501263, 0.0041185966692864895, 0.0007023466750979424, 0.001808111323043704, 0.0025827945210039616, 0.0040410105139017105, 0.0005760289495810866, 0.0016256744274869561, 0.0007810185779817402, 0.003103996394202113, 0.001096948515623808, 0.000856130151078105, 0.000498185632750392, 0.00034171630977652967, 0.00018685478426050395, 0.00020918859809171408, 9.589682304067537e-05, 7.66613520681858e-05, 0.0001068319907062687, 7.163528789533302e-05, 5.0663780712056905e-05, 1.5068933407746954e-06], "lowlevel.erbbands.mean": [0.17366045713424683, 3.2012510299682617, 9.831108093261719, 10.122886657714844, 10.270230293273926, 3.219802141189575, 2.0897269248962402, 3.443540334701538, 14.943933486938477, 30.168540954589844, 7.323777198791504, 14.589611053466797, 23.01473045349121, 72.51969909667969, 43.96894073486328, 19.932039260864258, 45.38816833496094, 38.82419967651367, 71.5635986328125, 101.89582824707031, 100.05852508544922, 79.81690216064453, 53.47223663330078, 54.8924674987793, 29.714096069335938, 21.018266677856445, 21.844160079956055, 18.768638610839844, 7.658273220062256, 3.904130220413208, 3.527285099029541, 3.4538135528564453, 1.9185775518417358, 0.793698251247406, 0.412034809589386, 0.2056904435157776, 0.057769451290369034, 0.007941990159451962, 0.00018220518541056663, 5.7998400734504685e-05], "lowlevel.erbbands.stdev": [0.31786224246025085, 4.309503555297852, 12.105172157287598, 8.366800308227539, 23.48607635498047, 7.195507526397705, 3.722813844680786, 9.339035034179688, 33.86194610595703, 65.26274871826172, 12.803300857543945, 46.793434143066406, 62.00109100341797, 135.77163696289062, 71.75626373291016, 26.634429931640625, 66.32514190673828, 49.291683197021484, 64.73902130126953, 168.45948791503906, 58.597347259521484, 40.41669464111328, 27.699329376220703, 22.626981735229492, 11.7079439163208, 8.53453254699707, 8.3983793258667, 7.744606971740723, 3.799741744995117, 2.492297887802124, 2.0874927043914795, 2.3828678131103516, 1.646965742111206, 0.8611764311790466, 0.48989853262901306, 0.25995245575904846, 0.08876481652259827, 0.01305341999977827, 0.0002465376746840775, 2.94673336611595e-05], "lowlevel.gfcc.mean": [53.974910736083984, 67.76593780517578, -136.43685913085938, 55.83393859863281, -33.512718200683594, 30.624372482299805, -30.64963722229004, 19.681819915771484, -23.105825424194336, 2.0771303176879883, -24.143800735473633, -3.210381269454956, -15.38559627532959], "lowlevel.melbands.mean": [0.002473241649568081, 0.004921349231153727, 0.001822654390707612, 0.0004642083658836782, 7.405691576423123e-05, 7.454041769960895e-05, 0.000290597410639748, 0.00027751942980103195, 4.9517755542183295e-05, 9.700640657683834e-05, 0.00011177336273249239, 0.0002834174665622413, 0.0002108169428538531, 4.89943558932282e-05, 6.041681990609504e-05, 0.0001184043794637546, 6.191542343003675e-05, 9.804843284655362e-05, 0.00016445541405119002, 9.798342944122851e-05, 0.0001271118817385286, 9.255376789951697e-05, 4.841353074880317e-05, 4.734522008220665e-05, 4.567860742099583e-05, 2.438267256366089e-05, 1.73594326042803e-05, 1.2865933967987075e-05, 1.3101026524964254e-05, 1.420604621671373e-05, 9.542532097839285e-06, 4.750383595819585e-06, 2.260935389131191e-06, 2.157307790184859e-06, 2.028860535574495e-06, 1.9614735720097087e-06, 2.2354718112183036e-06, 1.5635653198842192e-06, 8.6055763404147e-07, 5.811284040646569e-07], "lowlevel.melbands.stdev": [0.00367708969861269, 0.005770531948655844, 0.0017059389501810074, 0.0011462420225143433, 0.00012633873848244548, 0.0002019589301198721, 0.0006356036756187677, 0.0005859507364220917, 0.00010482688958290964, 0.00031678719096817076, 0.0003286265709903091, 0.0005311087006703019, 0.00040244654519483447, 6.075186320231296e-05, 0.00012499089643824846, 0.00018360192188993096, 8.185008482541889e-05, 8.282981434604153e-05, 0.0002893572673201561, 0.00011663950863294303, 7.880035991547629e-05, 5.406108539318666e-05, 2.783662966976408e-05, 2.5078039470827207e-05, 2.0988780306652188e-05, 1.1279471436864696e-05, 8.46349121275125e-06, 5.911505922995275e-06, 5.7978368204203434e-06, 6.4717632994870655e-06, 4.463214736460941e-06, 2.57403053183225e-06, 1.5640611081835232e-06, 1.4852041658741655e-06, 1.2787587593265926e-06, 1.2578591395140393e-06, 1.6895767203095602e-06, 1.3885926364309853e-06, 8.585940918237611e-07, 7.009008982095111e-07], "lowlevel.melbands128.mean": [0.00022098539920989424, 0.0007980976370163262, 0.003102354472503066, 0.006218413356691599, 0.005572865717113018, 0.004091312177479267, 0.002026782836765051, 0.0013548994902521372, 0.0011591874063014984, 0.0003442784072831273, 0.00010223822755506262, 7.870430999901146e-05, 6.535712600452825e-05, 6.770050822524354e-05, 7.1970876888372e-05, 7.37375085009262e-05, 0.00010637929517542943, 0.0002786247059702873, 0.0006104526109993458, 0.0003875634865835309, 7.603858830407262e-05, 4.947184061165899e-05, 4.454184454516508e-05, 4.8125966713996604e-05, 9.360672993352637e-05, 0.00012488281936384737, 8.932880155043676e-05, 9.832414798438549e-05, 0.00014052941696718335, 0.0001686015457380563, 0.00036831595934927464, 0.0004604193673003465, 0.00017679283337201923, 7.370636012637988e-05, 4.307899871491827e-05, 4.627094676834531e-05, 4.924706809106283e-05, 4.925343455397524e-05, 6.484538607764989e-05, 0.00012052527017658576, 0.0001468173140892759, 9.933636465575546e-05, 4.76186687592417e-05, 4.740232179756276e-05, 6.950605165911838e-05, 0.00010281324648531154, 0.00013719740672968328, 0.0001615553192095831, 0.00020409378339536488, 0.00011779779742937535, 6.556166044902056e-05, 9.089421655517071e-05, 0.00012681001680903137, 0.00014088339230511338, 0.00013601187674794346, 8.746759704081342e-05, 6.028260395396501e-05, 4.645198714570142e-05, 4.485376484808512e-05, 4.862765854340978e-05, 4.592478580889292e-05, 4.808878657058813e-05, 5.136735853739083e-05, 4.820167669095099e-05, 3.093126724706963e-05, 2.415848030068446e-05, 1.932508712343406e-05, 1.798171069822274e-05, 1.8295257177669555e-05, 1.5103385521797463e-05, 1.1804021596617531e-05, 1.1911593901459128e-05, 1.3026379747316241e-05, 1.352040908386698e-05, 1.2884897842013743e-05, 1.4782501239096746e-05, 1.5234003512887284e-05, 1.1773125152103603e-05, 9.279277037421707e-06, 6.4912492234725505e-06, 5.638433322019409e-06, 3.904689037881326e-06, 2.7605176455836045e-06, 2.0492070689215325e-06, 1.8420589640300022e-06, 2.037910689978162e-06, 2.2869539861858357e-06, 2.347106374145369e-06, 1.898984578474483e-06, 1.942857807080145e-06, 1.929210156959016e-06, 1.911959316203138e-06, 2.1212488263699925e-06, 2.191900648540468e-06, 2.428692823741585e-06, 2.162212922485196e-06, 1.2675400284933858e-06, 8.103074264909083e-07, 9.48593253724539e-07, 8.95707444215077e-07, 5.682287564923172e-07, 6.016090878802061e-07, 4.4876304627905483e-07, 4.978486458639964e-07, 3.905401229076233e-07, 4.6988856183816097e-07, 5.265480353955354e-07, 4.5293947437130555e-07, 3.439650413383788e-07, 2.778000975922623e-07, 2.3733100817935338e-07, 1.9203582724003354e-07, 1.7036478539012023e-07, 1.627501546863641e-07, 1.359191799110704e-07, 1.016933524056185e-07, 2.7294682070078125e-08, 1.7735747315228423e-09, 6.087967369811098e-12, 5.870551007119973e-12, 5.7047556782652276e-12, 5.576594307860061e-12, 5.442767330582354e-12, 5.3383339415624675e-12, 5.232984618547265e-12, 5.122521330724883e-12, 5.052358705015525e-12, 5.0196357487264365e-12], "lowlevel.melbands128.stdev": [0.00033608131343498826, 0.002060782164335251, 0.005483428947627544, 0.008219609968364239, 0.007477693259716034, 0.004348051268607378, 0.0017779705813154578, 0.001968726050108671, 0.003115883097052574, 0.0010321995941922069, 0.00021827250020578504, 0.00014001636009197682, 0.00013591814786195755, 0.00017749487597029656, 0.00024996380670927465, 0.0002973576192744076, 0.00036308151902630925, 0.00080570497084409, 0.0014817265328019857, 0.0009543083142489195, 0.00019879749743267894, 0.00012134890130255371, 0.000116704948595725, 0.00014887146244291216, 0.0003912227402906865, 0.0005125298048369586, 0.00035416867467574775, 0.0004094182513654232, 0.0005969998892396688, 0.0004889049450866878, 0.0008832665043883026, 0.0011741843773052096, 0.00041867297841235995, 0.00013691761705558747, 7.502797234337777e-05, 7.237224781420082e-05, 9.092261461773887e-05, 0.00019200294627808034, 0.00017479168309364468, 0.00022512230498250574, 0.0003252302703913301, 0.0002111179055646062, 0.00011328630353091285, 4.9958423915086314e-05, 7.800186722306535e-05, 0.00010832810221472755, 0.00018838410323951393, 0.00036010207259096205, 0.0005751019925810397, 0.00027385042631067336, 8.085654553724453e-05, 0.00011284559877822176, 0.00010637333616614342, 0.00012597742897924036, 0.00012311428145039827, 7.180364627856761e-05, 4.637561141862534e-05, 3.5861470678355545e-05, 3.924098928109743e-05, 4.199997056275606e-05, 3.5779885365627706e-05, 3.493978510960005e-05, 3.4807922929758206e-05, 3.182439832016826e-05, 2.136828152288217e-05, 1.6536763723706827e-05, 1.3019600373809226e-05, 1.2738204532070085e-05, 1.2356450497463811e-05, 1.0117096280737314e-05, 8.362369044334628e-06, 7.247698249557288e-06, 8.245445314969402e-06, 8.611169505456928e-06, 8.130848982546013e-06, 9.252435120288283e-06, 1.0004129762819503e-05, 7.328427727770759e-06, 6.059317001927411e-06, 4.163424364378443e-06, 3.8364401007129345e-06, 2.818314897012897e-06, 2.2390693175111664e-06, 1.796536821530026e-06, 1.6306528323184466e-06, 1.787692440302635e-06, 1.8350589243709692e-06, 1.9724386675079586e-06, 1.4329033319882e-06, 1.4866075161990011e-06, 1.4692520835524192e-06, 1.5313991070797783e-06, 1.7292064740104252e-06, 1.9057766849073232e-06, 2.3066327230480965e-06, 2.0193233467580285e-06, 1.3430109220280428e-06, 1.0165244930249173e-06, 1.0050180208054371e-06, 1.023547952172521e-06, 8.576174650443136e-07, 8.217471645366459e-07, 6.041562414793589e-07, 7.381055411315174e-07, 5.921994556956633e-07, 5.982726634101709e-07, 6.664119496235799e-07, 5.966497838016949e-07, 5.179000481803087e-07, 4.283111252334493e-07, 3.941475199553679e-07, 3.464214444193203e-07, 3.096672003266576e-07, 3.070108505198732e-07, 2.376383889668432e-07, 2.0018237023577967e-07, 5.662887403445893e-08, 6.892186377172038e-09, 8.48819885906904e-12, 8.218125832626377e-12, 7.991179766519974e-12, 7.796137867221997e-12, 7.625916391418297e-12, 7.483643912897797e-12, 7.366786868023834e-12, 7.2736721160038265e-12, 7.206699213085921e-12, 7.165191617114486e-12], "lowlevel.mfcc.mean": [-580.0841674804688, 90.0744400024414, -25.399612426757812, 33.87984848022461, 20.6812801361084, 17.777263641357422, 11.215484619140625, 14.764846801757812, 12.344443321228027, 7.31008243560791, -3.0090532302856445, 7.051390647888184, -3.533172369003296], "lowlevel.spectral_contrast_coeffs.mean": [-0.6666325330734253, -0.7878392934799194, -0.7855808138847351, -0.7838661670684814, -0.7880673408508301, -0.7090790271759033], "lowlevel.spectral_contrast_coeffs.stdev": [0.06114686280488968, 0.08578226715326309, 0.06608700007200241, 0.03807030990719795, 0.02115836925804615, 0.027485936880111694], "lowlevel.spectral_contrast_valleys.mean": [-6.6855597496032715, -6.8282246589660645, -6.783433437347412, -6.494405269622803, -6.421207427978516, -9.769610404968262], "lowlevel.spectral_contrast_valleys.stdev": [0.5342708230018616, 0.46842649579048157, 0.37981510162353516, 0.31022119522094727, 0.2578151226043701, 0.3878168761730194], "rhythm.beats_loudness_band_ratio.mean": [0.5970862507820129, 0.06237135827541351, 0.06670573353767395, 0.11981698125600815, 0.15195807814598083, 0.05234243720769882], "rhythm.beats_loudness_band_ratio.stdev": [0.1473148614168167, 0.08320306241512299, 0.0808374211192131, 0.11538026481866837, 0.06699634343385696, 0.02281244285404682], "tonal.hpcp.mean": [0.07338572293519974, 0.10474782437086105, 0.1553003042936325, 0.1939970999956131, 0.2036765068769455, 0.28963151574134827, 0.3037373125553131, 0.1502862572669983, 0.05436529219150543, 0.04031161963939667, 0.046736940741539, 0.0832107737660408, 0.10029756277799606, 0.07444042712450027, 0.06058841571211815, 0.06567280739545822, 0.06432678550481796, 0.057138118892908096, 0.06016789376735687, 0.10452862828969955, 0.3139742314815521, 0.4215105175971985, 0.24818627536296844, 0.11896229535341263, 0.09633838385343552, 0.09313679486513138, 0.15457583963871002, 0.20606982707977295, 0.1460064798593521, 0.07602610439062119, 0.05712568759918213, 0.057768914848566055, 0.06350607424974442, 0.06945683062076569, 0.07499395310878754, 0.07039359956979752], "tonal.hpcp.stdev": [0.1381516307592392, 0.18305529654026031, 0.2675456404685974, 0.2947215735912323, 0.29102298617362976, 0.32353803515434265, 0.3359990119934082, 0.2176174819469452, 0.11442909389734268, 0.08888006955385208, 0.07442683726549149, 0.15246862173080444, 0.18498876690864563, 0.11519550532102585, 0.0833987221121788, 0.11108937859535217, 0.12529122829437256, 0.13271594047546387, 0.14149361848831177, 0.17817513644695282, 0.3243837058544159, 0.39982667565345764, 0.2813218832015991, 0.21192337572574615, 0.17483215034008026, 0.17139184474945068, 0.265692800283432, 0.3315514922142029, 0.25929340720176697, 0.16576361656188965, 0.12393850833177567, 0.11882401257753372, 0.13322663307189941, 0.14989788830280304, 0.16382059454917908, 0.14174281060695648], "rhythm.beats_position": [0.42956915497779846, 0.8823582530021667, 1.3235373497009277, 1.7647165060043335, 2.217505693435669, 2.670294761657715, 3.111473798751831, 3.5526530742645264, 3.982222080230713, 4.435011386871338, 4.852970600128174, 5.294149398803711, 5.735328674316406, 6.176507949829102, 6.629296779632568, 7.058866024017334, 7.500045299530029, 7.941224575042725, 8.370793342590332, 8.823582649230957, 9.264761924743652, 9.717551231384277, 10.170339584350586, 10.611518859863281, 11.041088104248047, 11.470657348632812, 11.911836624145508, 12.353015899658203, 12.794195175170898, 13.235373497009277, 13.676552772521973, 14.117732048034668, 14.558911323547363, 14.988480567932129, 15.418049812316895, 15.85922908782959, 16.30040740966797, 16.741586685180664, 17.18276596069336, 17.623945236206055, 18.06512451171875, 18.494693756103516, 18.92426300048828, 19.365442276000977, 19.806621551513672, 20.247800827026367, 20.688980102539062, 21.130157470703125, 21.55972671508789, 22.000905990600586, 22.43047523498535, 22.860044479370117, 23.301223754882812, 23.742403030395508, 24.171972274780273, 24.61315155029297, 25.054330825805664, 25.49551010131836, 25.936689376831055, 26.36625862121582, 26.807437896728516, 27.26022720336914, 27.701404571533203, 28.1425838470459, 28.583763122558594, 29.02494239807129, 29.454511642456055, 29.90730094909668, 30.348480224609375, 30.78965950012207, 31.230838775634766, 31.67201805114746, 32.113197326660156, 32.55437469482422, 32.97233581542969, 33.41351318359375, 33.85469436645508, 34.29587173461914, 34.73705291748047, 35.17823028564453, 35.59619140625, 36.025760650634766, 36.45532989501953, 36.8848991394043, 37.3144645690918, 37.755645751953125, 38.18521499633789, 38.614784240722656, 39.05596160888672, 39.508750915527344], "rhythm.bpm_histogram": [0.0, 0.0, 0.0, 0.0, 0.0, 0.0, 0.0, 0.0, 0.0, 0.0, 0.0, 0.0, 0.0, 0.0, 0.0, 0.0, 0.0, 0.0, 0.0, 0.0, 0.0, 0.0, 0.0, 0.0, 0.0, 0.0, 0.0, 0.0, 0.0, 0.0, 0.0, 0.0, 0.0, 0.0, 0.0, 0.0, 0.0, 0.0, 0.0, 0.0, 0.0, 0.0, 0.0, 0.0, 0.0, 0.0, 0.0, 0.0, 0.0, 0.0, 0.0, 0.0, 0.0, 0.0, 0.0, 0.0, 0.0, 0.0, 0.0, 0.0, 0.0, 0.0, 0.0, 0.0, 0.0, 0.0, 0.0, 0.0, 0.0, 0.0, 0.0, 0.0, 0.0, 0.0, 0.0, 0.0, 0.0, 0.0, 0.0, 0.0, 0.0, 0.0, 0.0, 0.0, 0.0, 0.0, 0.0, 0.0, 0.0, 0.0, 0.0, 0.0, 0.0, 0.0, 0.0, 0.0, 0.0, 0.0, 0.0, 0.0, 0.0, 0.0, 0.0, 0.0, 0.0, 0.0, 0.0, 0.0, 0.0, 0.0, 0.0, 0.0, 0.0, 0.0, 0.0, 0.0, 0.0, 0.0, 0.0, 0.0, 0.0, 0.0, 0.0, 0.0, 0.0, 0.0, 0.0, 0.0, 0.0, 0.0, 0.0, 0.0, 0.0, 0.12359550595283508, 0.0, 0.0, 0.6067415475845337, 0.0, 0.0, 0.0, 0.23595505952835083, 0.0, 0.0, 0.0, 0.033707864582538605, 0.0, 0.0, 0.0, 0.0, 0.0, 0.0, 0.0, 0.0, 0.0, 0.0, 0.0, 0.0, 0.0, 0.0, 0.0, 0.0, 0.0, 0.0, 0.0, 0.0, 0.0, 0.0, 0.0, 0.0, 0.0, 0.0, 0.0, 0.0, 0.0, 0.0, 0.0, 0.0, 0.0, 0.0, 0.0, 0.0, 0.0, 0.0, 0.0, 0.0, 0.0, 0.0, 0.0, 0.0, 0.0, 0.0, 0.0, 0.0, 0.0, 0.0, 0.0, 0.0, 0.0, 0.0, 0.0, 0.0, 0.0, 0.0, 0.0, 0.0, 0.0, 0.0, 0.0, 0.0, 0.0, 0.0, 0.0, 0.0, 0.0, 0.0, 0.0, 0.0, 0.0, 0.0, 0.0, 0.0, 0.0, 0.0, 0.0, 0.0, 0.0, 0.0, 0.0, 0.0, 0.0, 0.0, 0.0, 0.0, 0.0, 0.0, 0.0, 0.0, 0.0, 0.0, 0.0, 0.0, 0.0, 0.0, 0.0, 0.0, 0.0, 0.0, 0.0, 0.0, 0.0], "tonal.chords_histogram": [4.861111164093018, 0.0, 0.0, 10.879630088806152, 4.166666507720947, 7.754629611968994, 1.6203703880310059, 0.0, 0.0, 0.0, 4.398148059844971, 0.0, 0.6944444179534912, 0.0, 0.0, 0.8101851940155029, 0.0, 10.76388931274414, 0.0, 3.2407407760620117, 2.1990740299224854, 3.125, 44.09722137451172, 1.3888888359069824], "tonal.thpcp": [1.0, 0.5888020992279053, 0.2822285294532776, 0.2285551130771637, 0.2209596037864685, 0.3667188286781311, 0.48888418078422546, 0.34638869762420654, 0.18036586046218872, 0.1355261206626892, 0.13705213367938995, 0.1506630778312683, 0.16478078067302704, 0.17791715264320374, 0.16700318455696106, 0.17410175502300262, 0.2485058307647705, 0.3684375584125519, 0.4602425992488861, 0.48320621252059937, 0.6871275901794434, 0.7205924987792969, 0.3565421402454376, 0.12897731363773346, 0.09563609212636948, 0.11087965220212936, 0.19741091132164001, 0.23794794082641602, 0.17660395801067352, 0.143741175532341, 0.15580348670482635, 0.1526101529598236, 0.13555562496185303, 0.14274351298809052, 0.2479858100414276, 0.7448787689208984], "lowlevel.gfcc.cov": [[859.7225952148438, 41.17424392700195, 131.31581115722656, -110.31268310546875, -33.3106689453125, -54.62797164916992, -44.17000961303711, -12.983378410339355, -1.5914838314056396, 22.305980682373047, -14.377093315124512, 26.204036712646484, -35.45884323120117], [41.17424392700195, 199.9093780517578, -33.686790466308594, 2.283489942550659, -16.60623550415039, -18.038665771484375, 32.25111770629883, -7.101673126220703, 39.40230178833008, -5.701125621795654, 37.30276870727539, -4.489825248718262, 24.78833770751953], [131.31581115722656, -33.686790466308594, 204.98753356933594, 25.6651554107666, 22.812328338623047, -28.655208587646484, -20.355077743530273, 9.260461807250977, 2.4660985469818115, 34.4240837097168, -0.9177873730659485, 26.603496551513672, -16.576351165771484], [-110.31268310546875, 2.283489942550659, 25.6651554107666, 140.00596618652344, 80.02364349365234, 29.911453247070312, 28.493824005126953, 13.077394485473633, 8.110847473144531, -8.17730712890625, 7.156203746795654, -14.569283485412598, 21.098308563232422], [-33.3106689453125, -16.60623550415039, 22.812328338623047, 80.02364349365234, 131.6593780517578, 73.12860870361328, 50.9492073059082, 19.347028732299805, 10.757036209106445, 0.03169047087430954, 1.8366206884384155, -3.240924119949341, 17.947450637817383], [-54.62797164916992, -18.038665771484375, -28.655208587646484, 29.911453247070312, 73.12860870361328, 112.28242492675781, 73.3938980102539, 20.63077163696289, -8.587536811828613, -19.87504005432129, 5.801568508148193, -1.3280270099639893, 23.53775405883789], [-44.17000961303711, 32.25111770629883, -20.355077743530273, 28.493824005126953, 50.9492073059082, 73.3938980102539, 109.51433563232422, 34.31083679199219, 11.013870239257812, -18.360885620117188, 13.771352767944336, 3.8329079151153564, 20.84752082824707], [-12.983378410339355, -7.101673126220703, 9.260461807250977, 13.077394485473633, 19.347028732299805, 20.63077163696289, 34.31083679199219, 62.34912109375, 41.43925094604492, 27.42972183227539, 14.61637020111084, 3.246734857559204, 4.1239519119262695], [-1.5914838314056396, 39.40230178833008, 2.4660985469818115, 8.110847473144531, 10.757036209106445, -8.587536811828613, 11.013870239257812, 41.43925094604492, 98.48147583007812, 66.6150131225586, 36.514156341552734, 0.8284062147140503, -6.331640243530273], [22.305980682373047, -5.701125621795654, 34.4240837097168, -8.17730712890625, 0.03169047087430954, -19.87504005432129, -18.360885620117188, 27.42972183227539, 66.6150131225586, 97.17398834228516, 46.409507751464844, 16.785255432128906, -19.755401611328125], [-14.377093315124512, 37.30276870727539, -0.9177873730659485, 7.156203746795654, 1.8366206884384155, 5.801568508148193, 13.771352767944336, 14.61637020111084, 36.514156341552734, 46.409507751464844, 66.37986755371094, 28.19365882873535, 3.9778215885162354], [26.204036712646484, -4.489825248718262, 26.603496551513672, -14.569283485412598, -3.240924119949341, -1.3280270099639893, 3.8329079151153564, 3.246734857559204, 0.8284062147140503, 16.785255432128906, 28.19365882873535, 51.0273323059082, 16.087636947631836], [-35.45884323120117, 24.78833770751953, -16.576351165771484, 21.098308563232422, 17.947450637817383, 23.53775405883789, 20.84752082824707, 4.1239519119262695, -6.331640243530273, -19.755401611328125, 3.9778215885162354, 16.087636947631836, 54.18138122558594]], "lowlevel.gfcc.icov": [[0.0016664596041664481, -0.0011137797264382243, -0.0011318912729620934, 0.0016790756490081549, -0.0008451768662780523, -0.000155645000631921, 0.0007254357333295047, -0.0004758484137710184, 0.000269758835202083, 5.544228770304471e-05, 0.0008589231292717159, -0.0007524277316406369, 0.0009168052929453552], [-0.0011137797264382243, 0.013079795986413956, -0.0010149796726182103, 0.002723991870880127, -0.0003440803848206997, 0.007943873293697834, -0.007323247380554676, 0.007411471102386713, -0.007810116745531559, 0.00802726298570633, -0.014442738145589828, 0.01178339309990406, -0.009591855108737946], [-0.0011318912729620934, -0.0010149796726182103, 0.008806024678051472, -0.004457990638911724, -0.0010523193050175905, 0.0016632621409371495, 0.00014922962873242795, -0.0022219105158001184, 0.003153795376420021, -0.005206272471696138, 0.006577907130122185, -0.008639481849968433, 0.004443975165486336], [0.0016790756490081549, 0.002723991870880127, -0.004457990638911724, 0.018306510522961617, -0.011367212980985641, 0.007246984634548426, -0.00119341304525733, -0.00037531237467192113, -0.0007658402901142836, 0.006906286347657442, -0.013092000037431717, 0.014110690914094448, -0.008334950543940067], [-0.0008451768662780523, -0.0003440803848206997, -0.0010523193050175905, -0.011367212980985641, 0.02193116582930088, -0.013764074072241783, -0.0012265283148735762, 0.003452804870903492, -0.003457058221101761, -0.005243723280727863, 0.00887668039649725, -0.004858801141381264, 0.0011077489471063018], [-0.000155645000631921, 0.007943873293697834, 0.0016632621409371495, 0.007246984634548426, -0.013764074072241783, 0.03146398067474365, -0.01530518475919962, 0.0004929215065203607, 0.003886696882545948, 0.0037080878391861916, -0.01410673651844263, 0.012791022658348083, -0.010263323783874512], [0.0007254357333295047, -0.007323247380554676, 0.00014922962873242795, -0.00119341304525733, -0.0012265283148735762, -0.01530518475919962, 0.027035947889089584, -0.013037517666816711, -0.0010526626138016582, 0.007998100481927395, 0.0012990398099645972, -0.008737405762076378, 0.007272622082382441], [-0.0004758484137710184, 0.007411471102386713, -0.0022219105158001184, -0.00037531237467192113, 0.003452804870903492, 0.0004929215065203607, -0.013037517666816711, 0.03446077182888985, -0.014630504883825779, -0.0025527835823595524, -0.0011105418670922518, 0.004935072269290686, -0.007224478758871555], [0.000269758835202083, -0.007810116745531559, 0.003153795376420021, -0.0007658402901142836, -0.003457058221101761, 0.003886696882545948, -0.0010526626138016582, -0.014630504883825779, 0.03416184335947037, -0.022329062223434448, 0.0032949333544820547, 0.002945109736174345, 0.0007223528809845448], [5.544228770304471e-05, 0.00802726298570633, -0.005206272471696138, 0.006906286347657442, -0.005243723280727863, 0.0037080878391861916, 0.007998100481927395, -0.0025527835823595524, -0.022329062223434448, 0.04466171935200691, -0.027656305581331253, 0.004474019166082144, 0.0037015650887042284], [0.0008589231292717159, -0.014442738145589828, 0.006577907130122185, -0.013092000037431717, 0.00887668039649725, -0.01410673651844263, 0.0012990398099645972, -0.0011105418670922518, 0.0032949333544820547, -0.027656305581331253, 0.0577961690723896, -0.035944871604442596, 0.013783625327050686], [-0.0007524277316406369, 0.01178339309990406, -0.008639481849968433, 0.014110690914094448, -0.004858801141381264, 0.012791022658348083, -0.008737405762076378, 0.004935072269290686, 0.002945109736174345, 0.004474019166082144, -0.035944871604442596, 0.05685177445411682, -0.027248408645391464], [0.0009168052929453552, -0.009591855108737946, 0.004443975165486336, -0.008334950543940067, 0.0011077489471063018, -0.010263323783874512, 0.007272622082382441, -0.007224478758871555, 0.0007223528809845448, 0.0037015650887042284, 0.013783625327050686, -0.027248408645391464, 0.03840614855289459]], "lowlevel.mfcc.cov": [[714.2899780273438, 107.82672119140625, 52.220977783203125, -44.305572509765625, -21.886287689208984, -32.6515998840332, -48.76359176635742, -23.847990036010742, -21.980321884155273, -21.898754119873047, 4.664779186248779, -20.654653549194336, 12.338247299194336], [107.82672119140625, 151.81959533691406, 10.591861724853516, -4.428030490875244, -33.89723587036133, -13.113046646118164, -23.337499618530273, -3.789632797241211, -8.679101943969727, 0.11525944620370865, 10.496282577514648, 7.842113494873047, 15.44633674621582], [52.220977783203125, 10.591861724853516, 131.80435180664062, 27.147884368896484, 5.170844554901123, -25.541072845458984, -21.092233657836914, -20.57012176513672, -13.322203636169434, -10.590462684631348, 17.01799774169922, -2.203220844268799, 10.902003288269043], [-44.305572509765625, -4.428030490875244, 27.147884368896484, 106.10421752929688, 42.49547576904297, 12.173386573791504, 8.052495956420898, 4.222280025482178, 11.849838256835938, 14.611536026000977, 4.211733341217041, 14.20119857788086, -2.7872257232666016], [-21.886287689208984, -33.89723587036133, 5.170844554901123, 42.49547576904297, 88.51164245605469, 33.320255279541016, 18.777854919433594, 0.3769702613353729, 20.650907516479492, 12.196728706359863, 3.627394914627075, 9.519553184509277, 6.037815093994141], [-32.6515998840332, -13.113046646118164, -25.541072845458984, 12.173386573791504, 33.320255279541016, 78.24293518066406, 55.71596145629883, 33.77398681640625, 13.35463809967041, 11.303434371948242, -5.812347888946533, 0.25170594453811646, -8.72905158996582], [-48.76359176635742, -23.337499618530273, -21.092233657836914, 8.052495956420898, 18.777854919433594, 55.71596145629883, 102.62838745117188, 60.16082000732422, 20.67384147644043, 3.2714178562164307, -12.213421821594238, -5.0955939292907715, -27.3308048248291], [-23.847990036010742, -3.789632797241211, -20.57012176513672, 4.222280025482178, 0.3769702613353729, 33.77398681640625, 60.16082000732422, 76.15894317626953, 28.268043518066406, 11.410609245300293, -11.642887115478516, -7.676240921020508, -19.967283248901367], [-21.980321884155273, -8.679101943969727, -13.322203636169434, 11.849838256835938, 20.650907516479492, 13.35463809967041, 20.67384147644043, 28.268043518066406, 59.69502639770508, 31.908266067504883, 4.105100154876709, 4.474023818969727, 0.2580873966217041], [-21.898754119873047, 0.11525944620370865, -10.590462684631348, 14.611536026000977, 12.196728706359863, 11.303434371948242, 3.2714178562164307, 11.410609245300293, 31.908266067504883, 57.728736877441406, 24.626976013183594, 18.128328323364258, 7.080016613006592], [4.664779186248779, 10.496282577514648, 17.01799774169922, 4.211733341217041, 3.627394914627075, -5.812347888946533, -12.213421821594238, -11.642887115478516, 4.105100154876709, 24.626976013183594, 62.23137664794922, 40.182533264160156, 29.264387130737305], [-20.654653549194336, 7.842113494873047, -2.203220844268799, 14.20119857788086, 9.519553184509277, 0.25170594453811646, -5.0955939292907715, -7.676240921020508, 4.474023818969727, 18.128328323364258, 40.182533264160156, 75.5014419555664, 44.2104377746582], [12.338247299194336, 15.44633674621582, 10.902003288269043, -2.7872257232666016, 6.037815093994141, -8.72905158996582, -27.3308048248291, -19.967283248901367, 0.2580873966217041, 7.080016613006592, 29.264387130737305, 44.2104377746582, 82.22237396240234]], "lowlevel.mfcc.icov": [[0.0017341685015708208, -0.001254824222996831, -0.0006246170960366726, 0.0009828329784795642, -0.0007766468334011734, 0.00014962493150960654, 0.0005485963192768395, -0.0002915986115112901, 0.00011547804024303332, 0.0003071822866331786, -0.0001678301050560549, 0.0004878234467469156, 4.671685746870935e-05], [-0.001254824222996831, 0.008671202696859837, -1.952085949596949e-05, -0.0017101108096539974, 0.0042146784253418446, -0.0016398259904235601, 0.0018415582599118352, -0.0010698945261538029, -3.870476575684734e-05, 6.0679507441818714e-05, -0.0007079384522512555, -0.00038011165452189744, -0.0011760807828977704], [-0.0006246170960366726, -1.952085949596949e-05, 0.01043259259313345, -0.003843900980427861, -0.0007119988440535963, 0.0034299083054065704, -0.0010893037542700768, 0.000510386482346803, 0.0011313913855701685, 0.002626105910167098, -0.005163139663636684, 0.004012106917798519, -0.001787217566743493], [0.0009828329784795642, -0.0017101108096539974, -0.003843900980427861, 0.014447820372879505, -0.007219619117677212, 0.0005604431498795748, 0.0010847324738278985, -0.001680778688751161, 0.0010033041471615434, -0.0032256499398499727, 0.0032365962397307158, -0.004481647163629532, 0.003247659420594573], [-0.0007766468334011734, 0.0042146784253418446, -0.0007119988440535963, -0.007219619117677212, 0.021707842126488686, -0.009508149698376656, -0.0010571329621598125, 0.007134229876101017, -0.007858982309699059, 0.002049674279987812, -0.00030108902137726545, -7.658518370590173e-06, -0.0020884729456156492], [0.00014962493150960654, -0.0016398259904235601, 0.0034299083054065704, 0.0005604431498795748, -0.009508149698376656, 0.027438955381512642, -0.012438235804438591, -0.003181301523000002, 0.006299048662185669, -0.005757925566285849, 0.0010801473399624228, 0.002011005999520421, -0.0024356977082788944], [0.0005485963192768395, 0.0018415582599118352, -0.0010893037542700768, 0.0010847324738278985, -0.0010571329621598125, -0.012438235804438591, 0.027672331780195236, -0.015656989067792892, -0.0018425312591716647, 0.00596747687086463, -0.0011798074701800942, -0.0040252553299069405, 0.0059823570773005486], [-0.0002915986115112901, -0.0010698945261538029, 0.000510386482346803, -0.001680778688751161, 0.007134229876101017, -0.003181301523000002, -0.015656989067792892, 0.03178844600915909, -0.0106424605473876, -0.0015413694782182574, 0.0028903221245855093, 0.0008431400638073683, 0.00045779734500683844], [0.00011547804024303332, -3.870476575684734e-05, 0.0011313913855701685, 0.0010033041471615434, -0.007858982309699059, 0.006299048662185669, -0.0018425312591716647, -0.0106424605473876, 0.032491251826286316, -0.016814475879073143, 0.002962918020784855, 0.0017866920679807663, -0.002746518235653639], [0.0003071822866331786, 6.0679507441818714e-05, 0.002626105910167098, -0.0032256499398499727, 0.002049674279987812, -0.005757925566285849, 0.00596747687086463, -0.0015413694782182574, -0.016814475879073143, 0.034403618425130844, -0.013511557132005692, -0.0008934027864597738, 0.0027121691964566708], [-0.0001678301050560549, -0.0007079384522512555, -0.005163139663636684, 0.0032365962397307158, -0.00030108902137726545, 0.0010801473399624228, -0.0011798074701800942, 0.0028903221245855093, 0.002962918020784855, -0.013511557132005692, 0.032686490565538406, -0.013856040313839912, -0.001630241284146905], [0.0004878234467469156, -0.00038011165452189744, 0.004012106917798519, -0.004481647163629532, -7.658518370590173e-06, 0.002011005999520421, -0.0040252553299069405, 0.0008431400638073683, 0.0017866920679807663, -0.0008934027864597738, -0.013856040313839912, 0.028722576797008514, -0.012045890092849731], [4.671685746870935e-05, -0.0011760807828977704, -0.001787217566743493, 0.003247659420594573, -0.0020884729456156492, -0.0024356977082788944, 0.0059823570773005486, 0.00045779734500683844, -0.002746518235653639, 0.0027121691964566708, -0.001630241284146905, -0.012045890092849731, 0.021549934521317482