{"song_id": "1182267526701400104", "download": "https://cdn.discordapp.com/attachments/1135903449314238464/1182267526701400104/chirp.mp4?ex=6584136f&amp", "lyrics": "gululu gululu, let's go brush our teeth\n\nBrush your teeth up and down\n\nClean along gaps with care\nCavities go buzz buzz away\n\nTooth by tooth ding ding hooray\n\nChorus:\nHappily sing tra la la\nBrush diligently everyday\nFight tooth decay\nSmile bright, hip hip hooray\n\nVerse 2:\nCircle round those whites\n\nShoo away tiny bugs\n\nTooth by tooth make bright\nRinse and gargle after right\n\nChorus:\n\nHappily sing tra la la\nBrush diligently everyday\nFight tooth decay\nSmile bright, hip hip hooray", "style": ["kid song easy to learn"], "essentia_features": {"lowlevel.average_loudness": 0.9749990105628967, "lowlevel.barkbands_crest.mean": 19.683412551879883, "lowlevel.barkbands_crest.stdev": 5.614182949066162, "lowlevel.barkbands_flatness_db.mean": 0.26851534843444824, "lowlevel.barkbands_flatness_db.stdev": 0.08950455486774445, "lowlevel.barkbands_kurtosis.mean": 63.40420150756836, "lowlevel.barkbands_kurtosis.stdev": 134.81094360351562, "lowlevel.barkbands_skewness.mean": 5.2233781814575195, "lowlevel.barkbands_skewness.stdev": 4.814156532287598, "lowlevel.barkbands_spread.mean": 21.65226173400879, "lowlevel.barkbands_spread.stdev": 28.234996795654297, "lowlevel.dissonance.mean": 0.473438560962677, "lowlevel.dissonance.stdev": 0.02155188098549843, "lowlevel.dynamic_complexity": 2.6916911602020264, "lowlevel.erbbands_crest.mean": 9.810905456542969, "lowlevel.erbbands_crest.stdev": 4.2536187171936035, "lowlevel.erbbands_flatness_db.mean": 0.1590765416622162, "lowlevel.erbbands_flatness_db.stdev": 0.0559680238366127, "lowlevel.erbbands_kurtosis.mean": 1.34286367893219, "lowlevel.erbbands_kurtosis.stdev": 4.300731182098389, "lowlevel.erbbands_skewness.mean": -0.35213804244995117, "lowlevel.erbbands_skewness.stdev": 1.3182624578475952, "lowlevel.erbbands_spread.mean": 58.72166442871094, "lowlevel.erbbands_spread.stdev": 31.29733657836914, "lowlevel.hfc.mean": 34.524818420410156, "lowlevel.hfc.stdev": 65.1375503540039, "lowlevel.loudness_ebu128.integrated": -16.0665283203125, "lowlevel.loudness_ebu128.loudness_range": 1.3605098724365234, "lowlevel.loudness_ebu128.momentary.mean": -16.280410766601562, "lowlevel.loudness_ebu128.momentary.stdev": 1.4743609428405762, "lowlevel.loudness_ebu128.short_term.mean": -16.10476303100586, "lowlevel.loudness_ebu128.short_term.stdev": 0.45055124163627625, "lowlevel.melbands_crest.mean": 23.612197875976562, "lowlevel.melbands_crest.stdev": 5.715404987335205, "lowlevel.melbands_flatness_db.mean": 0.3488800525665283, "lowlevel.melbands_flatness_db.stdev": 0.11020994931459427, "lowlevel.melbands_kurtosis.mean": 131.24957275390625, "lowlevel.melbands_kurtosis.stdev": 202.59591674804688, "lowlevel.melbands_skewness.mean": 7.87784481048584, "lowlevel.melbands_skewness.stdev": 4.822409152984619, "lowlevel.melbands_spread.mean": 15.823850631713867, "lowlevel.melbands_spread.stdev": 31.906044006347656, "lowlevel.pitch_salience.mean": 0.2593015134334564, "lowlevel.pitch_salience.stdev": 0.1572631150484085, "lowlevel.silence_rate_20dB.mean": 0.985456645488739, "lowlevel.silence_rate_20dB.stdev": 0.11971615999937057, "lowlevel.silence_rate_30dB.mean": 0.794066309928894, "lowlevel.silence_rate_30dB.stdev": 0.404381662607193, "lowlevel.silence_rate_60dB.mean": 0.03548574820160866, "lowlevel.silence_rate_60dB.stdev": 0.18500375747680664, "lowlevel.spectral_centroid.mean": 1571.78955078125, "lowlevel.spectral_centroid.stdev": 1082.4716796875, "lowlevel.spectral_complexity.mean": 11.726585388183594, "lowlevel.spectral_complexity.stdev": 8.8665132522583, "lowlevel.spectral_decrease.mean": -1.9770657999629293e-08, "lowlevel.spectral_decrease.stdev": 2.209339200476279e-08, "lowlevel.spectral_energy.mean": 0.07775051891803741, "lowlevel.spectral_energy.stdev": 0.08357319980859756, "lowlevel.spectral_energyband_high.mean": 0.0024073782842606306, "lowlevel.spectral_energyband_high.stdev": 0.006557993125170469, "lowlevel.spectral_energyband_low.mean": 0.06989291310310364, "lowlevel.spectral_energyband_low.stdev": 0.08274126052856445, "lowlevel.spectral_energyband_middle_high.mean": 0.0027255278546363115, "lowlevel.spectral_energyband_middle_high.stdev": 0.0037989758420735598, "lowlevel.spectral_energyband_middle_low.mean": 0.003636798355728388, "lowlevel.spectral_energyband_middle_low.stdev": 0.007675841450691223, "lowlevel.spectral_entropy.mean": 7.413975715637207, "lowlevel.spectral_entropy.stdev": 0.6531183123588562, "lowlevel.spectral_flux.mean": 0.12152193486690521, "lowlevel.spectral_flux.stdev": 0.11765726655721664, "lowlevel.spectral_kurtosis.mean": 4.821883201599121, "lowlevel.spectral_kurtosis.stdev": 4.270745754241943, "lowlevel.spectral_rms.mean": 0.007732737343758345, "lowlevel.spectral_rms.stdev": 0.004007364623248577, "lowlevel.spectral_rolloff.mean": 1467.9842529296875, "lowlevel.spectral_rolloff.stdev": 3217.7939453125, "lowlevel.spectral_skewness.mean": 1.330493450164795, "lowlevel.spectral_skewness.stdev": 0.6058554649353027, "lowlevel.spectral_spread.mean": 5318840.0, "lowlevel.spectral_spread.stdev": 3097770.5, "lowlevel.spectral_strongpeak.mean": 0.652303159236908, "lowlevel.spectral_strongpeak.stdev": 0.5722681283950806, "lowlevel.zerocrossingrate.mean": 0.049020711332559586, "lowlevel.zerocrossingrate.stdev": 0.06813468784093857, "metadata.audio_properties.analysis.equal_loudness": 0.0, "metadata.audio_properties.analysis.length": 39.87199401855469, "metadata.audio_properties.analysis.sample_rate": 44100.0, "metadata.audio_properties.analysis.start_time": 0.0, "metadata.audio_properties.bit_rate": 125171.0, "metadata.audio_properties.length": 39.87200164794922, "metadata.audio_properties.lossless": 0.0, "metadata.audio_properties.number_channels": 1.0, "metadata.audio_properties.replay_gain": -8.465448379516602, "metadata.audio_properties.sample_rate": 48000.0, "rhythm.beats_count": 69.0, "rhythm.beats_loudness.mean": 0.04966403916478157, "rhythm.beats_loudness.stdev": 0.026710446923971176, "rhythm.bpm": 105.90416717529297, "rhythm.bpm_histogram_first_peak_bpm": 105.0, "rhythm.bpm_histogram_first_peak_weight": 0.35820895433425903, "rhythm.bpm_histogram_second_peak_bpm": 94.0, "rhythm.bpm_histogram_second_peak_spread": 0.0, "rhythm.bpm_histogram_second_peak_weight": 0.014705882407724857, "rhythm.danceability": 1.6339075565338135, "rhythm.onset_rate": 4.411924839019775, "tonal.chords_changes_rate": 0.07209302484989166, "tonal.chords_number_rate": 0.011627906933426857, "tonal.chords_strength.mean": 0.49169087409973145, "tonal.chords_strength.stdev": 0.08060875535011292, "tonal.hpcp_crest.mean": 13.441644668579102, "tonal.hpcp_crest.stdev": 5.603569030761719, "tonal.hpcp_entropy.mean": 1.960098385810852, "tonal.hpcp_entropy.stdev": 0.6877349615097046, "tonal.key_edma.strength": 0.8636891841888428, "tonal.key_krumhansl.strength": 0.8556548357009888, "tonal.key_temperley.strength": 0.8295347690582275, "tonal.tuning_diatonic_strength": 0.628690779209137, "tonal.tuning_equal_tempered_deviation": 0.2057536244392395, "tonal.tuning_frequency": 437.2131652832031, "tonal.tuning_nontempered_energy_ratio": 0.9285315871238708, "lowlevel.barkbands.mean": [0.0012142586056143045, 0.05840247869491577, 0.0093914233148098, 0.0013195681385695934, 0.000964763225056231, 0.00048609732766635716, 0.0002931423659902066, 0.00030620978213846684, 0.00023489004524890333, 9.80013282969594e-05, 0.00018666913092602044, 0.00012659009371418506, 0.00023359188344329596, 0.0002794119354803115, 0.00021922380256000906, 0.00039320244104601443, 0.0003337971866130829, 0.00039716289029456675, 0.00030495275859721005, 0.00028387800557538867, 0.00016980839427560568, 0.0001810931571526453, 0.0004229572950862348, 0.0003100632457062602, 0.0005830150912515819, 0.0006129047251306474, 1.490361796641082e-06], "lowlevel.barkbands.stdev": [0.0021644746884703636, 0.07172773033380508, 0.026533422991633415, 0.005570489913225174, 0.001703904359601438, 0.000791410740930587, 0.0005168551579117775, 0.0007135848281905055, 0.0004825596697628498, 0.00033572656684555113, 0.000673763221129775, 0.0003706438292283565, 0.0006282473914325237, 0.0008751786663196981, 0.0006278611836023629, 0.000815276987850666, 0.0007446545059792697, 0.0007437177700921893, 0.0005606861668638885, 0.000585185072850436, 0.000501766859088093, 0.0005205252091400325, 0.001299383002333343, 0.0009461324079893529, 0.0019306237809360027, 0.0018838578835129738, 9.899958968162537e-06], "lowlevel.erbbands.mean": [1.627573013305664, 12.952107429504395, 15.404841423034668, 6.5714497566223145, 2.9141061305999756, 3.7009117603302, 4.967700004577637, 2.9584648609161377, 2.5622642040252686, 7.31798791885376, 5.012138366699219, 5.920584678649902, 3.6814067363739014, 6.610682010650635, 5.190742492675781, 5.813864231109619, 10.255764961242676, 14.997474670410156, 10.139374732971191, 14.707228660583496, 22.44457244873047, 17.627347946166992, 24.885534286499023, 17.21449089050293, 14.926692008972168, 12.58162784576416, 8.080068588256836, 6.242041110992432, 6.627513408660889, 10.266900062561035, 11.230951309204102, 6.550136566162109, 5.576605319976807, 6.115840435028076, 4.2490315437316895, 3.1642847061157227, 1.092148780822754, 0.07228560000658035, 0.0014951216289773583, 0.0001653831423027441], "lowlevel.erbbands.stdev": [2.371807813644409, 16.125585556030273, 31.48583984375, 23.1555233001709, 9.433038711547852, 6.090183734893799, 8.017046928405762, 5.823987007141113, 4.5067548751831055, 12.400848388671875, 10.50479507446289, 12.251276969909668, 8.645936965942383, 26.1120548248291, 15.720468521118164, 16.070093154907227, 27.984529495239258, 45.28581237792969, 22.439023971557617, 32.2859992980957, 46.73576736450195, 42.741493225097656, 47.31652069091797, 29.385717391967773, 28.083642959594727, 26.88198471069336, 23.7281551361084, 17.89490509033203, 19.21969985961914, 29.867183685302734, 35.075191497802734, 20.97565460205078, 16.733318328857422, 20.9782657623291, 14.028576850891113, 10.064105987548828, 3.327730894088745, 0.22553375363349915, 0.004492131527513266, 0.0002519955742172897], "lowlevel.gfcc.mean": [-41.64284133911133, 84.7098617553711, -84.86029052734375, 62.5211181640625, -19.942123413085938, 16.132490158081055, -24.32948112487793, 28.366106033325195, -10.704041481018066, 11.667403221130371, -5.939844608306885, 4.008925914764404, -8.267269134521484], "lowlevel.melbands.mean": [0.015707366168498993, 0.011000322178006172, 0.001041820039972663, 0.0002134612441295758, 0.00017266230133827776, 7.015639857854694e-05, 4.72583960799966e-05, 8.169704960891977e-05, 3.597788236220367e-05, 3.896619818988256e-05, 1.7179530914290808e-05, 2.499381844245363e-05, 2.016824328165967e-05, 1.3654717804456595e-05, 1.7112066416302696e-05, 2.5006187570397742e-05, 2.9314471248653717e-05, 1.5361236364697106e-05, 1.9364311810932122e-05, 2.7776444767368957e-05, 2.4410990590695292e-05, 1.8234806702821516e-05, 1.98657489818288e-05, 1.9726947357412428e-05, 1.3632197806145996e-05, 1.0399323400633875e-05, 1.123249876400223e-05, 7.643162462045439e-06, 5.354080713004805e-06, 4.16437205785769e-06, 3.2866109904716723e-06, 3.6132807963440428e-06, 3.6129072213952895e-06, 7.154452305258019e-06, 7.186303719208809e-06, 4.8380984480900224e-06, 3.730515572897275e-06, 3.5952507460024208e-06, 4.5787378439854365e-06, 5.366739515011432e-06], "lowlevel.melbands.stdev": [0.020361173897981644, 0.01565726473927498, 0.003578344825655222, 0.0004433832655195147, 0.000258049025433138, 0.0001272838853765279, 8.275494474219158e-05, 0.00014888864825479686, 7.905212260084227e-05, 8.167028136085719e-05, 4.2761963413795456e-05, 9.969344682758674e-05, 6.737391231581569e-05, 4.0150247514247894e-05, 5.331040665623732e-05, 6.555740401381627e-05, 9.674161265138537e-05, 3.776219455176033e-05, 6.16715187788941e-05, 5.3048272093292326e-05, 5.6182856496889144e-05, 4.524139148998074e-05, 4.136740244575776e-05, 3.660137008409947e-05, 2.4994034902192652e-05, 2.179568400606513e-05, 2.11712049349444e-05, 1.8559077943791635e-05, 1.6244444850599393e-05, 1.2946381502842996e-05, 9.770455108082388e-06, 1.0808215847646352e-05, 1.0713838491938077e-05, 2.1592768462141976e-05, 2.3534645151812583e-05, 1.559481279400643e-05, 1.217500539496541e-05, 1.0795975867949892e-05, 1.4736127923242748e-05, 1.9223220078856684e-05], "lowlevel.melbands128.mean": [0.0011691524414345622, 0.011282107792794704, 0.023684658110141754, 0.020975638180971146, 0.010627218522131443, 0.003682804759591818, 0.0012736869975924492, 0.0005036364891566336, 0.00023487763246521354, 0.00018587058002594858, 0.00022278049436863512, 0.0001689546916168183, 0.00019116239855065942, 0.00013838341692462564, 6.67788481223397e-05, 3.540492616593838e-05, 2.0485227651079185e-05, 3.803150320891291e-05, 0.00010205305443378165, 7.68269965192303e-05, 9.169070835923776e-05, 4.220968185109086e-05, 3.347760139149614e-05, 1.839311335061211e-05, 3.018420648004394e-05, 6.67580752633512e-05, 1.5932548194541596e-05, 1.531009911559522e-05, 9.771732948138379e-06, 1.204203817906091e-05, 3.896596535923891e-05, 3.553763235686347e-05, 1.3075605238555e-05, 1.636139495531097e-05, 1.0922317414951976e-05, 1.3524916539608967e-05, 1.6815085473353975e-05, 1.532595524622593e-05, 1.8622416973812506e-05, 2.247323027404491e-05, 3.2822608773130924e-05, 1.7686958017293364e-05, 2.8782216759282164e-05, 4.071959847351536e-05, 1.7290280084125698e-05, 9.168350516119972e-06, 1.2671144759224262e-05, 2.4030701752053574e-05, 2.198253969254438e-05, 8.224464181694202e-06, 2.5507482860120945e-05, 5.899148527532816e-05, 1.5698773495387286e-05, 1.3907021639170125e-05, 2.949901136162225e-05, 1.2428733498381916e-05, 1.741765117913019e-05, 1.7821181245381013e-05, 1.30776579680969e-05, 3.966435542679392e-05, 1.726686787151266e-05, 1.0081553227792028e-05, 1.4935435501683969e-05, 1.485233678977238e-05, 1.149594481830718e-05, 8.68370716489153e-06, 1.2315204912738409e-05, 8.843802788760513e-06, 1.4140409803076182e-05, 8.997119039122481e-06, 7.20932757758419e-06, 7.036140232230537e-06, 6.660579401795985e-06, 4.924174845655216e-06, 3.998534339189064e-06, 4.4718676690536086e-06, 3.980095243605319e-06, 3.8032171687518712e-06, 3.1923368624120485e-06, 2.764694272627821e-06, 3.1551599022350274e-06, 4.577725576382363e-06, 3.5232735626777867e-06, 3.272570893386728e-06, 3.7034506021882407e-06, 5.1185747906856705e-06, 8.307422831421718e-06, 1.1488864402053878e-05, 6.070608833397273e-06, 5.279896413412644e-06, 6.051355285308091e-06, 4.468560291570611e-06, 3.368487568877754e-06, 3.902697244484443e-06, 3.7334275475586765e-06, 3.570130274965777e-06, 3.311733053124044e-06, 3.9225101318152156e-06, 4.393851668282878e-06, 5.01841850564233e-06, 5.668375706591178e-06, 5.967226570646744e-06, 4.080117378180148e-06, 4.489073035074398e-06, 3.7375955344032263e-06, 5.954002062935615e-06, 5.5569807955180295e-06, 4.568829808704322e-06, 6.025535640219459e-06, 5.912719643674791e-06, 5.886030521651264e-06, 4.070466275152285e-06, 3.6100384477322223e-06, 2.400411631242605e-06, 1.4137514199319412e-06, 4.011440353224316e-07, 7.18498682772406e-08, 5.609478437307303e-10, 1.491917006601895e-10, 1.313184144757784e-10, 9.290410107887226e-11, 2.113716320029102e-11, 1.283731714679659e-11, 1.2534927956719955e-11, 1.2240347624370429e-11, 1.1928113878567626e-11, 1.1732961824328925e-11, 1.164327401853571e-11], "lowlevel.melbands128.stdev": [0.0021354604978114367, 0.019078468903899193, 0.03295023739337921, 0.027088364586234093, 0.019500521942973137, 0.011284986510872841, 0.005123975686728954, 0.0021326986607164145, 0.0007981698727235198, 0.0003920678573194891, 0.00039039834518916905, 0.0003092994447797537, 0.00035844999365508556, 0.00022714502119924873, 0.00017640528676565737, 9.11093084141612e-05, 6.035654587321915e-05, 8.434529445366934e-05, 0.0001955517946043983, 0.00014819740317761898, 0.0002641789033077657, 0.00010795103298733011, 0.0001046610705088824, 6.906347698532045e-05, 8.224639168474823e-05, 0.00014707593072671443, 4.537880522548221e-05, 6.0439484514063224e-05, 3.9404432754963636e-05, 5.242893530521542e-05, 0.00018495830590836704, 0.00015079295553732663, 6.31195871392265e-05, 5.815003896714188e-05, 4.121334131923504e-05, 5.3263916925061494e-05, 5.686965232598595e-05, 6.021709486958571e-05, 9.347079321742058e-05, 9.273768228013068e-05, 9.795970254344866e-05, 8.032705227378756e-05, 0.00014331207785289735, 0.00016351243539247662, 5.904128556721844e-05, 3.423186353757046e-05, 4.06406179536134e-05, 9.166648669634014e-05, 9.053181565832347e-05, 2.6501329557504505e-05, 5.69114854442887e-05, 0.0001287890481762588, 7.489012932637706e-05, 4.611188705894165e-05, 8.55438265716657e-05, 4.569728844217025e-05, 6.99644151609391e-05, 4.3310308683430776e-05, 4.390464164316654e-05, 8.885287388693541e-05, 4.003946014563553e-05, 2.398920878476929e-05, 3.23194544762373e-05, 3.2527495932299644e-05, 3.060143717448227e-05, 2.2062173229642212e-05, 2.8770466087735258e-05, 2.18361437873682e-05, 2.9343540518311784e-05, 2.263303213112522e-05, 2.0319366740295663e-05, 2.1961750462651253e-05, 2.072578718070872e-05, 1.821378100430593e-05, 1.5629524568794295e-05, 1.5900441212579608e-05, 1.2373293429845944e-05, 1.26588520288351e-05, 1.0078982086270116e-05, 8.979801350506023e-06, 1.0209344509348739e-05, 1.5013777556305286e-05, 1.178105412691366e-05, 1.1024477316823322e-05, 1.2243580385984387e-05, 1.5510217053815722e-05, 2.628481524880044e-05, 4.179327152087353e-05, 2.2692489437758923e-05, 1.6848425730131567e-05, 1.9865741705871187e-05, 1.61703719641082e-05, 1.3060387573204935e-05, 1.3787536772724707e-05, 1.2720424820145126e-05, 1.1783329682657495e-05, 1.0861900591407903e-05, 1.3402494005276822e-05, 1.5028582311060745e-05, 1.763391810527537e-05, 2.2280519260675646e-05, 2.2253792849369347e-05, 1.5826739399926737e-05, 1.633397550904192e-05, 1.3301847502589226e-05, 2.1780697352369316e-05, 1.9879524188581854e-05, 1.599727875145618e-05, 2.0339055481599644e-05, 1.9846040231641382e-05, 1.975455234060064e-05, 1.2893682651338167e-05, 1.1819801329693291e-05, 7.726619514869526e-06, 4.668568635679549e-06, 1.9430826796451584e-06, 4.652056020404416e-07, 5.70644154151978e-09, 3.2106941549869816e-09, 2.516025388032972e-09, 1.976604435682816e-09, 3.042163743138815e-10, 2.1445886733140185e-11, 2.103400786879206e-11, 2.0690737317918817e-11, 2.0413613507908046e-11, 2.0213102025490315e-11, 2.00923600673919e-11], "lowlevel.mfcc.mean": [-698.3633422851562, 115.70925903320312, 9.453752517700195, 57.23214340209961, 31.924543380737305, 9.490153312683105, 12.307548522949219, 16.66163444519043, 7.840865612030029, 15.78276538848877, 8.421217918395996, 8.7705078125, 11.167179107666016], "lowlevel.spectral_contrast_coeffs.mean": [-0.7062905430793762, -0.7594711184501648, -0.7752948999404907, -0.7659899592399597, -0.7654362320899963, -0.7617993950843811], "lowlevel.spectral_contrast_coeffs.stdev": [0.06920550763607025, 0.06781996041536331, 0.06715278327465057, 0.07174968719482422, 0.061772286891937256, 0.052038658410310745], "lowlevel.spectral_contrast_valleys.mean": [-6.769332408905029, -7.82874870300293, -8.65681266784668, -8.423075675964355, -7.968114852905273, -11.005865097045898], "lowlevel.spectral_contrast_valleys.stdev": [0.94495689868927, 0.9183779358863831, 1.0343098640441895, 0.9494572877883911, 0.9642151594161987, 1.6954609155654907], "rhythm.beats_loudness_band_ratio.mean": [0.6412189602851868, 0.02301470749080181, 0.020379532128572464, 0.01889619417488575, 0.033601511269807816, 0.26721882820129395], "rhythm.beats_loudness_band_ratio.stdev": [0.251881867647171, 0.024997252970933914, 0.032182805240154266, 0.053223319351673126, 0.03486526757478714, 0.22714091837406158], "tonal.hpcp.mean": [0.042966101318597794, 0.03625058755278587, 0.028140870854258537, 0.044798750430345535, 0.04757244139909744, 0.033927228301763535, 0.034455254673957825, 0.04311736300587654, 0.0899568423628807, 0.19810399413108826, 0.16974352300167084, 0.049421269446611404, 0.01998550072312355, 0.018282955512404442, 0.030937697738409042, 0.10545535385608673, 0.13760657608509064, 0.16115690767765045, 0.22027064859867096, 0.12588661909103394, 0.019678987562656403, 0.00990074872970581, 0.009468454867601395, 0.011509022675454617, 0.02213871292769909, 0.028619857504963875, 0.02331758290529251, 0.02349376305937767, 0.02706303261220455, 0.05420717969536781, 0.16129621863365173, 0.21394197642803192, 0.1437198370695114, 0.07260623574256897, 0.03459344431757927, 0.03223201259970665], "tonal.hpcp.stdev": [0.17654375731945038, 0.15643642842769623, 0.12676802277565002, 0.14955392479896545, 0.14912910759449005, 0.13173000514507294, 0.1568395495414734, 0.1732897311449051, 0.21599897742271423, 0.3699760138988495, 0.3093457818031311, 0.16522842645645142, 0.10648926347494125, 0.10229064524173737, 0.14225831627845764, 0.2561672031879425, 0.31244632601737976, 0.2680446207523346, 0.387382835149765, 0.24854043126106262, 0.10048554837703705, 0.04949028789997101, 0.052214957773685455, 0.06517071276903152, 0.0881243497133255, 0.09831996262073517, 0.09380871057510376, 0.12294451147317886, 0.12766122817993164, 0.14897002279758453, 0.3184894621372223, 0.3609458804130554, 0.2975674867630005, 0.20646557211875916, 0.14666923880577087, 0.1376158744096756], "rhythm.beats_position": [0.6269387602806091, 1.265487551689148, 1.8575963973999023, 2.4380950927734375, 3.006983995437622, 3.5758728981018066, 4.133152008056641, 4.702040672302246, 5.27092981338501, 5.8282084465026855, 6.397097587585449, 6.965986251831055, 7.53487491607666, 8.103763580322266, 8.661043167114258, 9.229931831359863, 9.798820495605469, 10.356099128723145, 10.936598777770996, 11.493877410888672, 12.074376106262207, 12.631654739379883, 13.188934326171875, 13.75782299041748, 14.326711654663086, 14.883990287780762, 15.452879905700684, 16.02176856994629, 16.59065818786621, 17.1595458984375, 17.716825485229492, 18.28571319580078, 18.854602813720703, 19.423492431640625, 19.992380142211914, 20.549659729003906, 21.118547439575195, 21.687437057495117, 22.24471664428711, 22.8136043548584, 23.38249397277832, 23.951383590698242, 24.52027130126953, 25.077550888061523, 25.646438598632812, 26.215328216552734, 26.772607803344727, 27.341495513916016, 27.910385131835938, 28.46766471862793, 29.03655242919922, 29.60544204711914, 30.17432975769043, 30.74321937561035, 31.300498962402344, 31.869386672973633, 32.43827438354492, 33.007164001464844, 33.576053619384766, 34.133331298828125, 34.70222091674805, 35.27111053466797, 35.82838821411133, 36.40888977050781, 36.96616744995117, 37.535057067871094, 38.103946685791016, 38.661224365234375, 39.2301139831543], "rhythm.bpm_histogram": [0.0, 0.0, 0.0, 0.0, 0.0, 0.0, 0.0, 0.0, 0.0, 0.0, 0.0, 0.0, 0.0, 0.0, 0.0, 0.0, 0.0, 0.0, 0.0, 0.0, 0.0, 0.0, 0.0, 0.0, 0.0, 0.0, 0.0, 0.0, 0.0, 0.0, 0.0, 0.0, 0.0, 0.0, 0.0, 0.0, 0.0, 0.0, 0.0, 0.0, 0.0, 0.0, 0.0, 0.0, 0.0, 0.0, 0.0, 0.0, 0.0, 0.0, 0.0, 0.0, 0.0, 0.0, 0.0, 0.0, 0.0, 0.0, 0.0, 0.0, 0.0, 0.0, 0.0, 0.0, 0.0, 0.0, 0.0, 0.0, 0.0, 0.0, 0.0, 0.0, 0.0, 0.0, 0.0, 0.0, 0.0, 0.0, 0.0, 0.0, 0.0, 0.0, 0.0, 0.0, 0.0, 0.0, 0.0, 0.0, 0.0, 0.0, 0.0, 0.0, 0.0, 0.0, 0.014705882407724857, 0.0, 0.0, 0.0, 0.0, 0.0, 0.0, 0.014705882407724857, 0.0, 0.05882352963089943, 0.0, 0.6323529481887817, 0.0, 0.0, 0.27941176295280457, 0.0, 0.0, 0.0, 0.0, 0.0, 0.0, 0.0, 0.0, 0.0, 0.0, 0.0, 0.0, 0.0, 0.0, 0.0, 0.0, 0.0, 0.0, 0.0, 0.0, 0.0, 0.0, 0.0, 0.0, 0.0, 0.0, 0.0, 0.0, 0.0, 0.0, 0.0, 0.0, 0.0, 0.0, 0.0, 0.0, 0.0, 0.0, 0.0, 0.0, 0.0, 0.0, 0.0, 0.0, 0.0, 0.0, 0.0, 0.0, 0.0, 0.0, 0.0, 0.0, 0.0, 0.0, 0.0, 0.0, 0.0, 0.0, 0.0, 0.0, 0.0, 0.0, 0.0, 0.0, 0.0, 0.0, 0.0, 0.0, 0.0, 0.0, 0.0, 0.0, 0.0, 0.0, 0.0, 0.0, 0.0, 0.0, 0.0, 0.0, 0.0, 0.0, 0.0, 0.0, 0.0, 0.0, 0.0, 0.0, 0.0, 0.0, 0.0, 0.0, 0.0, 0.0, 0.0, 0.0, 0.0, 0.0, 0.0, 0.0, 0.0, 0.0, 0.0, 0.0, 0.0, 0.0, 0.0, 0.0, 0.0, 0.0, 0.0, 0.0, 0.0, 0.0, 0.0, 0.0, 0.0, 0.0, 0.0, 0.0, 0.0, 0.0, 0.0, 0.0, 0.0, 0.0, 0.0, 0.0, 0.0, 0.0, 0.0, 0.0, 0.0, 0.0, 0.0, 0.0, 0.0, 0.0, 0.0, 0.0, 0.0], "tonal.chords_histogram": [28.372093200683594, 11.511628150939941, 1.6279069185256958, 10.0, 5.232558250427246, 7.906976699829102, 0.0, 14.651163101196289, 0.0, 4.069767475128174, 0.0, 0.0, 0.0, 0.0, 0.0, 0.0, 0.3488371968269348, 0.0, 0.0, 0.0, 0.0, 0.0, 13.837209701538086, 2.4418604373931885], "tonal.thpcp": [1.0, 0.5715088248252869, 0.08934003859758377, 0.04494810849428177, 0.04298555105924606, 0.05224946141242981, 0.10050686448812485, 0.12993042171001434, 0.10585878044366837, 0.10665861517190933, 0.12286263704299927, 0.2460935264825821, 0.7322638034820557, 0.9712686538696289, 0.652469277381897, 0.3296228349208832, 0.15704971551895142, 0.1463291347026825, 0.19506049156188965, 0.16457293927669525, 0.12775588035583496, 0.20338048040866852, 0.2159726768732071, 0.15402518212795258, 0.15642236173152924, 0.19574719667434692, 0.4083923399448395, 0.8993662595748901, 0.770613431930542, 0.22436611354351044, 0.09073156863451004, 0.0830022320151329, 0.14045311510562897, 0.47875353693962097, 0.6247159242630005, 0.731631338596344], "lowlevel.gfcc.cov": [[6956.0087890625, -1861.1370849609375, 238.34410095214844, -69.01605987548828, -551.1420288085938, 434.57916259765625, -306.52703857421875, 68.41896057128906, -489.6339416503906, 118.52274322509766, -530.1072387695312, 41.137847900390625, -389.74188232421875], [-1861.1370849609375, 4084.073974609375, -1472.2198486328125, -67.6840591430664, 874.421630859375, -851.51806640625, 576.1472778320312, -323.0447082519531, 237.7266845703125, -470.89813232421875, 440.5659484863281, -440.50885009765625, 373.73394775390625], [238.34410095214844, -1472.2198486328125, 1629.218017578125, 209.82351684570312, -343.5843505859375, 468.2701416015625, -270.0755615234375, 30.373382568359375, -78.0552749633789, 178.86082458496094, -212.57998657226562, 219.91346740722656, -119.13544464111328], [-69.01605987548828, -67.6840591430664, 209.82351684570312, 461.9049987792969, 47.11222457885742, -72.1168441772461, 44.470375061035156, 15.678489685058594, 108.82244873046875, -61.24528121948242, 20.350605010986328, -11.241844177246094, 57.40060043334961], [-551.1420288085938, 874.421630859375, -343.5843505859375, 47.11222457885742, 577.3796997070312, -158.3151397705078, 179.94772338867188, 54.32194137573242, 150.9147491455078, -98.7107162475586, 74.87126922607422, -117.24520111083984, 74.46168518066406], [434.57916259765625, -851.51806640625, 468.2701416015625, -72.1168441772461, -158.3151397705078, 544.6549682617188, -27.887039184570312, -27.775619506835938, -97.19380950927734, 98.64313507080078, -97.59807586669922, 78.17399597167969, -114.79544830322266], [-306.52703857421875, 576.1472778320312, -270.0755615234375, 44.470375061035156, 179.94772338867188, -27.887039184570312, 317.15716552734375, -42.92897033691406, 45.5814323425293, -82.1954574584961, 92.73184967041016, -101.23448944091797, 48.75224304199219], [68.41896057128906, -323.0447082519531, 30.373382568359375, 15.678489685058594, 54.32194137573242, -27.775619506835938, -42.92897033691406, 235.64248657226562, 75.28292083740234, 34.344486236572266, -54.12513732910156, 29.013158798217773, -37.47823715209961], [-489.6339416503906, 237.7266845703125, -78.0552749633789, 108.82244873046875, 150.9147491455078, -97.19380950927734, 45.5814323425293, 75.28292083740234, 240.0491485595703, -10.611006736755371, 42.42139434814453, -42.340049743652344, 57.264400482177734], [118.52274322509766, -470.89813232421875, 178.86082458496094, -61.24528121948242, -98.7107162475586, 98.64313507080078, -82.1954574584961, 34.344486236572266, -10.611006736755371, 166.44700622558594, -18.30022621154785, 49.141197204589844, -69.04049682617188], [-530.1072387695312, 440.5659484863281, -212.57998657226562, 20.350605010986328, 74.87126922607422, -97.59807586669922, 92.73184967041016, -54.12513732910156, 42.42139434814453, -18.30022621154785, 216.5630340576172, -2.511258363723755, 72.5925521850586], [41.137847900390625, -440.50885009765625, 219.91346740722656, -11.241844177246094, -117.24520111083984, 78.17399597167969, -101.23448944091797, 29.013158798217773, -42.340049743652344, 49.141197204589844, -2.511258363723755, 159.24070739746094, 7.656740188598633], [-389.74188232421875, 373.73394775390625, -119.13544464111328, 57.40060043334961, 74.46168518066406, -114.79544830322266, 48.75224304199219, -37.47823715209961, 57.264400482177734, -69.04049682617188, 72.5925521850586, 7.656740188598633, 157.8919677734375]], "lowlevel.gfcc.icov": [[0.00023006097762845457, 3.219555765099358e-06, 0.00016279068950098008, -0.00022157210332807153, 7.666640158277005e-05, -0.00011509335308801383, 8.620612061349675e-05, -6.342323467833921e-05, 0.0003967371885664761, -8.292584971059114e-05, 0.00044965013512410223, 1.6179699741769582e-05, 0.00021447402832563967], [3.219555765099358e-06, 0.001742623164318502, -0.00025505071971565485, 0.0013882095227017999, -0.0012011255603283644, 0.001643746392801404, -0.0006707853171974421, 0.0018721807282418013, -0.0006254264735616744, 0.002287410432472825, -0.001469939947128296, 0.001944304327480495, -0.0005923876306042075], [0.00016279068950098008, -0.00025505071971565485, 0.00156777398660779, -0.0013580105733126402, 0.00028411674429662526, -0.0011594099923968315, 0.0006419409182853997, 1.610026811249554e-05, 0.00031569498241879046, -0.0011374560417607427, 0.001412111334502697, -0.0013830687385052443, 0.0003168274415656924], [-0.00022157210332807153, 0.0013882095227017999, -0.0013580105733126402, 0.004639301914721727, -0.0007784146582707763, 0.002112239832058549, -0.0012281995732337236, 0.0014465713175013661, -0.0022371867671608925, 0.0034159915521740913, -0.002020367421209812, 0.0018022357253357768, -0.0007721456349827349], [7.666640158277005e-05, -0.0012011255603283644, 0.00028411674429662526, -0.0007784146582707763, 0.0037049874663352966, -0.0011067825835198164, -0.0003263682301621884, -0.0022410487290471792, -0.00043004105100408196, -0.0007737396517768502, 0.0007978618377819657, -0.00018103071488440037, 6.1606860981555656e-06], [-0.00011509335308801383, 0.001643746392801404, -0.0011594099923968315, 0.002112239832058549, -0.0011067825835198164, 0.005098387133330107, -0.0022685143630951643, 0.0027840305119752884, -0.0009113732376135886, 0.0016412646509706974, -0.0006688240100629628, 0.0002468976017553359, 0.0011161634465679526], [8.620612061349675e-05, -0.0006707853171974421, 0.0006419409182853997, -0.0012281995732337236, -0.0003263682301621884, -0.0022685143630951643, 0.006217942573130131, -0.001010993728414178, 0.000825030729174614, 0.0003315214707981795, -0.0014331004349514842, 0.002279330510646105, -0.0005297782481648028], [-6.342323467833921e-05, 0.0018721807282418013, 1.610026811249554e-05, 0.0014465713175013661, -0.0022410487290471792, 0.0027840305119752884, -0.001010993728414178, 0.009008304215967655, -0.003608782310038805, 0.001796033582650125, 0.0007055370952002704, -0.0016376918647438288, 0.0022788632195442915], [0.0003967371885664761, -0.0006254264735616744, 0.00031569498241879046, -0.0022371867671608925, -0.00043004105100408196, -0.0009113732376135886, 0.000825030729174614, -0.003608782310038805, 0.008419114165008068, -0.0029367017559707165, 0.00025160665973089635, 0.002160894451662898, -0.0026179631240665913], [-8.292584971059114e-05, 0.002287410432472825, -0.0011374560417607427, 0.0034159915521740913, -0.0007737396517768502, 0.0016412646509706974, 0.0003315214707981795, 0.001796033582650125, -0.0029367017559707165, 0.013540499843657017, -0.004260355606675148, 0.0014967136085033417, 0.003034992842003703], [0.00044965013512410223, -0.001469939947128296, 0.001412111334502697, -0.002020367421209812, 0.0007978618377819657, -0.0006688240100629628, -0.0014331004349514842, 0.0007055370952002704, 0.00025160665973089635, -0.004260355606675148, 0.010108985006809235, -0.004846957512199879, -0.00023010953736957163], [1.6179699741769582e-05, 0.001944304327480495, -0.0013830687385052443, 0.0018022357253357768, -0.00018103071488440037, 0.0002468976017553359, 0.002279330510646105, -0.0016376918647438288, 0.002160894451662898, 0.0014967136085033417, -0.004846957512199879, 0.015496643260121346, -0.00574098527431488], [0.00021447402832563967, -0.0005923876306042075, 0.0003168274415656924, -0.0007721456349827349, 6.1606860981555656e-06, 0.0011161634465679526, -0.0005297782481648028, 0.0022788632195442915, -0.0026179631240665913, 0.003034992842003703, -0.00023010953736957163, -0.00574098527431488, 0.01295869704335928]], "lowlevel.mfcc.cov": [[6893.95654296875, -1381.3323974609375, 49.61787796020508, -409.70379638671875, -251.27345275878906, 18.009544372558594, 49.59577941894531, -87.7301025390625, -50.2378044128418, -26.69523048400879, -97.041748046875, -241.15037536621094, -190.0922393798828], [-1381.3323974609375, 3365.787841796875, -1568.564453125, 554.4848022460938, -16.099960327148438, -150.82052612304688, 165.8091278076172, 33.876922607421875, -76.3455810546875, 30.863994598388672, -90.44147491455078, 30.650192260742188, -6.375856399536133], [49.61787796020508, -1568.564453125, 1781.9359130859375, -263.4541931152344, 50.52909851074219, 262.73260498046875, -104.0218734741211, -89.17593383789062, 51.358543395996094, -143.21324157714844, 10.403626441955566, -1.9895764589309692, -21.265392303466797], [-409.70379638671875, 554.4848022460938, -263.4541931152344, 652.517333984375, 88.10584259033203, -149.78028869628906, -45.914344787597656, 66.11526489257812, 69.80713653564453, 30.73271942138672, -51.00343322753906, 54.521217346191406, 74.60345458984375], [-251.27345275878906, -16.099960327148438, 50.52909851074219, 88.10584259033203, 323.8563232421875, -19.24598503112793, -55.53129577636719, 67.44340515136719, 79.27525329589844, 45.4138298034668, 19.24025535583496, 10.699968338012695, 25.6160945892334], [18.009544372558594, -150.82052612304688, 262.73260498046875, -149.78028869628906, -19.24598503112793, 352.0830078125, 122.49482727050781, -11.598390579223633, 1.1260594129562378, -22.677566528320312, 30.49696159362793, 6.841936111450195, -51.71098709106445], [49.59577941894531, 165.8091278076172, -104.0218734741211, -45.914344787597656, -55.53129577636719, 122.49482727050781, 239.60020446777344, 44.36500549316406, -41.560646057128906, -4.765145778656006, 18.938369750976562, 4.69573974609375, -26.021387100219727], [-87.7301025390625, 33.876922607421875, -89.17593383789062, 66.11526489257812, 67.44340515136719, -11.598390579223633, 44.36500549316406, 172.92384338378906, 66.52029418945312, 24.098440170288086, 10.4169921875, 17.645545959472656, 18.392322540283203], [-50.2378044128418, -76.3455810546875, 51.358543395996094, 69.80713653564453, 79.27525329589844, 1.1260594129562378, -41.560646057128906, 66.52029418945312, 197.4449005126953, 42.71501541137695, 5.398127555847168, 10.518345832824707, 2.073143243789673], [-26.69523048400879, 30.863994598388672, -143.21324157714844, 30.73271942138672, 45.4138298034668, -22.677566528320312, -4.765145778656006, 24.098440170288086, 42.71501541137695, 144.12466430664062, 66.69613647460938, 1.8415992259979248, -2.858198881149292], [-97.041748046875, -90.44147491455078, 10.403626441955566, -51.00343322753906, 19.24025535583496, 30.49696159362793, 18.938369750976562, 10.4169921875, 5.398127555847168, 66.69613647460938, 147.81594848632812, 24.428625106811523, -13.242785453796387], [-241.15037536621094, 30.650192260742188, -1.9895764589309692, 54.521217346191406, 10.699968338012695, 6.841936111450195, 4.69573974609375, 17.645545959472656, 10.518345832824707, 1.8415992259979248, 24.428625106811523, 102.90570068359375, 40.1254768371582], [-190.0922393798828, -6.375856399536133, -21.265392303466797, 74.60345458984375, 25.6160945892334, -51.71098709106445, -26.021387100219727, 18.392322540283203, 2.073143243789673, -2.858198881149292, -13.242785453796387, 40.1254768371582, 114.97699737548828]], "lowlevel.mfcc.icov": [[0.0001949803117895499, 0.00014204326726030558, 0.00011676562280626968, -7.221520718303509e-06, 7.866654777899384e-05, 1.415181759512052e-05, -8.723026257939637e-05, 6.948934606043622e-05, -2.19336634472711e-05, 1.6683579815435223e-05, 0.0001669986522756517, 0.00027258467162027955, 0.00023941794643178582], [0.00014204326726030558, 0.0007329596555791795, 0.0006432717782445252, -0.00042372694588266313, -0.00010507155820960179, -0.00016624954878352582, -0.0002960021956823766, 0.0003755904908757657, 5.3575204219669104e-05, 0.00040519642061553895, 0.0002631701936479658, 4.6951019612606615e-05, 0.00051399803487584], [0.00011676562280626968, 0.0006432717782445252, 0.001404514885507524, -0.0001763042964739725, -0.0002837980864569545, -0.0008390333969146013, 0.0003699500812217593, 0.0005904966383241117, -0.00032705775811336935, 0.001367175835184753, -0.00016999366926029325, 0.00011892996553797275, 0.0002568258496467024], [-7.221520718303509e-06, -0.00042372694588266313, -0.0001763042964739725, 0.00237259385176003, -0.0002547560434322804, 0.0007088679703883827, 8.736782183405012e-05, -0.00037700976827181876, -0.0005586429033428431, -0.0005567623884417117, 0.0008346553076989949, -0.0009596910676918924, -0.0007245761225931346], [7.866654777899384e-05, -0.00010507155820960179, -0.0002837980864569545, -0.0002547560434322804, 0.004047091584652662, -0.0002706040977500379, 0.001076218904927373, -0.0014926278963685036, -0.0005576807307079434, -0.0009540693135932088, -0.00026017799973487854, 0.00048677154700271785, -0.0005174939287826419], [1.415181759512052e-05, -0.00016624954878352582, -0.0008390333969146013, 0.0007088679703883827, -0.0002706040977500379, 0.004907342605292797, -0.0028086865786463022, 0.0007832305273041129, -0.0008363636443391442, 5.7855409977491945e-05, -0.00018609843391459435, -0.0009675727924332023, 0.001238220720551908], [-8.723026257939637e-05, -0.0002960021956823766, 0.0003699500812217593, 8.736782183405012e-05, 0.001076218904927373, -0.0028086865786463022, 0.0072327954694628716, -0.0030172544065862894, 0.0018600606126710773, 7.370881212409586e-05, -0.0005544358864426613, -0.00011360002827132121, 0.00041176765807904303], [6.948934606043622e-05, 0.0003755904908757657, 0.0005904966383241117, -0.00037700976827181876, -0.0014926278963685036, 0.0007832305273041129, -0.0030172544065862894, 0.00878632627427578, -0.00295730191282928, 0.000618178048171103, -0.0002763153752312064, -0.0003528641536831856, -0.0007539965445175767], [-2.19336634472711e-05, 5.3575204219669104e-05, -0.00032705775811336935, -0.0005586429033428431, -0.0005576807307079434, -0.0008363636443391442, 0.0018600606126710773, -0.00295730191282928, 0.007464866619557142, -0.0022737416438758373, 0.001012879773043096, -0.0006143719074316323, 0.0010507670231163502], [1.6683579815435223e-05, 0.00040519642061553895, 0.001367175835184753, -0.0005567623884417117, -0.0009540693135932088, 5.7855409977491945e-05, 7.370881212409586e-05, 0.000618178048171103, -0.0022737416438758373, 0.01170483697205782, -0.005423923023045063, 0.0015401028795167804, -9.673937711340841e-06], [0.0001669986522756517, 0.0002631701936479658, -0.00016999366926029325, 0.0008346553076989949, -0.00026017799973487854, -0.00018609843391459435, -0.0005544358864426613, -0.0002763153752312064, 0.001012879773043096, -0.005423923023045063, 0.010609081946313381, -0.003252988448366523, 0.0018147564260289073], [0.00027258467162027955, 4.6951019612606615e-05, 0.00011892996553797275, -0.0009596910676918924, 0.00048677154700271785, -0.0009675727924332023, -0.00011360002827132121, -0.0003528641536831856, -0.0006143719074316323, 0.0015401028795167804, -0.003252988448366523, 0.013472013175487518, -0.0044417791068553925], [0.00023941794643178582, 0.00051399803487584, 0.0002568258496467024, -0.0007245761225931346, -0.0005174939287826419, 0.001238220720551908, 0.00041176765807904303, -0.0007539965445175767, 0.0010507670231163502, -9.673937711340841e-06, 0.0018147564260289073, -0.0044417791068553925, 0.01226531621068716]], "metadata.audio_properties.analysis.downmix": "mix", "metadata.audio_properties.codec": "mp3", "metadata.audio_properties.md5_encoded": "dc46802535ec3e676583a127341987f7", "metadata.tags.file_name": "1182267526701400104.mp3", "metadata.version.es