{"song_id": "1182284420477100063", "download": "https://cdn.discordapp.com/attachments/1135911532732108921/1182284420477100063/chirp.mp4?ex=6584232b&amp", "lyrics": "[verse]\nIn neon streets, the battle cries ignite\nAmidst the smoke, we're soldiers of the night\nSynths pulsate, echoing the fight\nOur hearts beat loud, daring dreams take flight\n\n[chorus]\nWar of stars, on an electric tide we glide\nBlade of hope, cutting through the darkest side\nAs we dance with shadows, guided by our pride\nIn this synthwave war, we won't be denied", "style": ["synthwave"], "essentia_features": {"lowlevel.average_loudness": 0.9791353344917297, "lowlevel.barkbands_crest.mean": 11.615876197814941, "lowlevel.barkbands_crest.stdev": 5.058728218078613, "lowlevel.barkbands_flatness_db.mean": 0.11371853202581406, "lowlevel.barkbands_flatness_db.stdev": 0.03865506127476692, "lowlevel.barkbands_kurtosis.mean": 2.2416131496429443, "lowlevel.barkbands_kurtosis.stdev": 4.774885654449463, "lowlevel.barkbands_skewness.mean": 1.156732439994812, "lowlevel.barkbands_skewness.stdev": 1.3015382289886475, "lowlevel.barkbands_spread.mean": 33.990631103515625, "lowlevel.barkbands_spread.stdev": 13.478809356689453, "lowlevel.dissonance.mean": 0.4907640218734741, "lowlevel.dissonance.stdev": 0.009457544423639774, "lowlevel.dynamic_complexity": 1.0542728900909424, "lowlevel.erbbands_crest.mean": 8.676634788513184, "lowlevel.erbbands_crest.stdev": 4.237487316131592, "lowlevel.erbbands_flatness_db.mean": 0.1388845294713974, "lowlevel.erbbands_flatness_db.stdev": 0.03369474783539772, "lowlevel.erbbands_kurtosis.mean": 1.2660338878631592, "lowlevel.erbbands_kurtosis.stdev": 1.6163921356201172, "lowlevel.erbbands_skewness.mean": -0.23157288134098053, "lowlevel.erbbands_skewness.stdev": 0.7983213067054749, "lowlevel.erbbands_spread.mean": 36.53810119628906, "lowlevel.erbbands_spread.stdev": 16.6683292388916, "lowlevel.hfc.mean": 50.423370361328125, "lowlevel.hfc.stdev": 20.328262329101562, "lowlevel.loudness_ebu128.integrated": -10.672662734985352, "lowlevel.loudness_ebu128.loudness_range": 0.3213930130004883, "lowlevel.loudness_ebu128.momentary.mean": -10.708305358886719, "lowlevel.loudness_ebu128.momentary.stdev": 0.5566614270210266, "lowlevel.loudness_ebu128.short_term.mean": -10.649751663208008, "lowlevel.loudness_ebu128.short_term.stdev": 0.11394182592630386, "lowlevel.melbands_crest.mean": 17.683734893798828, "lowlevel.melbands_crest.stdev": 6.548460006713867, "lowlevel.melbands_flatness_db.mean": 0.15740010142326355, "lowlevel.melbands_flatness_db.stdev": 0.0653931275010109, "lowlevel.melbands_kurtosis.mean": 14.914687156677246, "lowlevel.melbands_kurtosis.stdev": 21.9600887298584, "lowlevel.melbands_skewness.mean": 2.923943519592285, "lowlevel.melbands_skewness.stdev": 2.262150287628174, "lowlevel.melbands_spread.mean": 35.169700622558594, "lowlevel.melbands_spread.stdev": 24.994598388671875, "lowlevel.pitch_salience.mean": 0.5142235159873962, "lowlevel.pitch_salience.stdev": 0.15199807286262512, "lowlevel.silence_rate_20dB.mean": 1.0, "lowlevel.silence_rate_20dB.stdev": 0.0, "lowlevel.silence_rate_30dB.mean": 0.9491701126098633, "lowlevel.silence_rate_30dB.stdev": 0.2196500450372696, "lowlevel.silence_rate_60dB.mean": 0.002074688905850053, "lowlevel.silence_rate_60dB.stdev": 0.045501336455345154, "lowlevel.spectral_centroid.mean": 2205.72216796875, "lowlevel.spectral_centroid.stdev": 543.95751953125, "lowlevel.spectral_complexity.mean": 37.9585075378418, "lowlevel.spectral_complexity.stdev": 8.763739585876465, "lowlevel.spectral_decrease.mean": -1.3793154174379652e-08, "lowlevel.spectral_decrease.stdev": 8.452793132107672e-09, "lowlevel.spectral_energy.mean": 0.05663211643695831, "lowlevel.spectral_energy.stdev": 0.03200054168701172, "lowlevel.spectral_energyband_high.mean": 0.003280936274677515, "lowlevel.spectral_energyband_high.stdev": 0.002266074763610959, "lowlevel.spectral_energyband_low.mean": 0.034651730209589005, "lowlevel.spectral_energyband_low.stdev": 0.03314698487520218, "lowlevel.spectral_energyband_middle_high.mean": 0.013359230943024158, "lowlevel.spectral_energyband_middle_high.stdev": 0.008644443936645985, "lowlevel.spectral_energyband_middle_low.mean": 0.0053297290578484535, "lowlevel.spectral_energyband_middle_low.stdev": 0.007533779367804527, "lowlevel.spectral_entropy.mean": 8.131847381591797, "lowlevel.spectral_entropy.stdev": 0.16451245546340942, "lowlevel.spectral_flux.mean": 0.14948521554470062, "lowlevel.spectral_flux.stdev": 0.05397607758641243, "lowlevel.spectral_kurtosis.mean": 2.5410985946655273, "lowlevel.spectral_kurtosis.stdev": 1.0590267181396484, "lowlevel.spectral_rms.mean": 0.007115445099771023, "lowlevel.spectral_rms.stdev": 0.00214969739317894, "lowlevel.spectral_rolloff.mean": 2316.2734375, "lowlevel.spectral_rolloff.stdev": 2149.818603515625, "lowlevel.spectral_skewness.mean": 1.2397277355194092, "lowlevel.spectral_skewness.stdev": 0.24968256056308746, "lowlevel.spectral_spread.mean": 5225954.5, "lowlevel.spectral_spread.stdev": 816282.4375, "lowlevel.spectral_strongpeak.mean": 0.9283887147903442, "lowlevel.spectral_strongpeak.stdev": 1.1219863891601562, "lowlevel.zerocrossingrate.mean": 0.09049969166517258, "lowlevel.zerocrossingrate.stdev": 0.053941018879413605, "metadata.audio_properties.analysis.equal_loudness": 0.0, "metadata.audio_properties.analysis.length": 22.356281280517578, "metadata.audio_properties.analysis.sample_rate": 44100.0, "metadata.audio_properties.analysis.start_time": 0.0, "metadata.audio_properties.bit_rate": 117865.0, "metadata.audio_properties.length": 22.35733413696289, "metadata.audio_properties.lossless": 0.0, "metadata.audio_properties.number_channels": 1.0, "metadata.audio_properties.replay_gain": -13.498231887817383, "metadata.audio_properties.sample_rate": 48000.0, "rhythm.beats_count": 44.0, "rhythm.beats_loudness.mean": 0.06279007345438004, "rhythm.beats_loudness.stdev": 0.023872243240475655, "rhythm.bpm": 119.70171356201172, "rhythm.bpm_histogram_first_peak_bpm": 120.0, "rhythm.bpm_histogram_first_peak_weight": 0.2820512652397156, "rhythm.bpm_histogram_second_peak_bpm": 112.0, "rhythm.bpm_histogram_second_peak_spread": 0.24999994039535522, "rhythm.bpm_histogram_second_peak_weight": 0.06976744532585144, "rhythm.danceability": 1.605868935585022, "rhythm.onset_rate": 3.1288514137268066, "tonal.chords_changes_rate": 0.06418219208717346, "tonal.chords_number_rate": 0.012422360479831696, "tonal.chords_strength.mean": 0.5614370107650757, "tonal.chords_strength.stdev": 0.06943382322788239, "tonal.hpcp_crest.mean": 9.661544799804688, "tonal.hpcp_crest.stdev": 4.516783237457275, "tonal.hpcp_entropy.mean": 2.737363576889038, "tonal.hpcp_entropy.stdev": 0.7254647612571716, "tonal.key_edma.strength": 0.7598992586135864, "tonal.key_krumhansl.strength": 0.737047553062439, "tonal.key_temperley.strength": 0.7034863233566284, "tonal.tuning_diatonic_strength": 0.6208917498588562, "tonal.tuning_equal_tempered_deviation": 0.2949106693267822, "tonal.tuning_frequency": 439.4919738769531, "tonal.tuning_nontempered_energy_ratio": 0.9188884496688843, "lowlevel.barkbands.mean": [0.0017016760539263487, 0.02169015072286129, 0.011350762099027634, 0.0012569198152050376, 0.001427395734935999, 0.0004987180582247674, 0.0005573073867708445, 0.0006520716706290841, 0.000791130238212645, 0.00040222358074970543, 0.0010466097155585885, 0.00285355094820261, 0.0023040366359055042, 0.0012666688999161124, 0.0011296370066702366, 0.0018033022060990334, 0.0011308536631986499, 0.0005873542977496982, 0.0006228983402252197, 0.0006725116982124746, 0.0007326771738007665, 0.0006058462895452976, 0.0006110472022555768, 0.0004691039212048054, 0.0003392148937564343, 0.0001270866341656074, 1.3567092764787958e-06], "lowlevel.barkbands.stdev": [0.0013792950194329023, 0.028292803093791008, 0.012866869568824768, 0.0038085414562374353, 0.004384078551083803, 0.0009097660658881068, 0.0009804462315514684, 0.0011772103607654572, 0.0011983098229393363, 0.0005760360509157181, 0.0020413934253156185, 0.004988864995539188, 0.0037413155660033226, 0.0019348287023603916, 0.0021980670280754566, 0.0015528647927567363, 0.000838674430269748, 0.0003670610021799803, 0.00037115454324521124, 0.0004232905921526253, 0.0005306468810886145, 0.0005977429100312293, 0.0007038372568786144, 0.0003874676476698369, 0.0002844482660293579, 0.00011399880895623937, 3.0105450150585966e-06], "lowlevel.erbbands.mean": [0.5003056526184082, 5.350578308105469, 13.629277229309082, 8.225055694580078, 3.5028433799743652, 5.859592437744141, 3.5871639251708984, 4.483470916748047, 6.943455219268799, 11.097372055053711, 15.503924369812012, 18.13083839416504, 14.199254035949707, 18.204465866088867, 66.49259948730469, 120.50029754638672, 111.1895523071289, 68.15220642089844, 68.62500762939453, 56.0135612487793, 110.81544494628906, 64.88077545166016, 33.289825439453125, 34.08796691894531, 28.848587036132812, 31.121971130371094, 35.470664978027344, 23.422334671020508, 21.86907958984375, 21.641923904418945, 16.105453491210938, 10.448137283325195, 7.488447189331055, 4.516474723815918, 2.010507345199585, 0.8158301711082458, 0.17927470803260803, 0.013912082649767399, 0.00036093860398977995, 8.969943155534565e-05], "lowlevel.erbbands.stdev": [0.7596635222434998, 6.6409173011779785, 13.836677551269531, 14.030038833618164, 8.23332405090332, 20.3996524810791, 10.224164962768555, 7.916941165924072, 12.387655258178711, 18.471466064453125, 23.66912078857422, 28.573625564575195, 20.652177810668945, 26.094751358032227, 114.67577362060547, 205.94017028808594, 172.27113342285156, 94.53376770019531, 113.82466125488281, 75.39924621582031, 91.92819213867188, 44.25715637207031, 20.726409912109375, 20.40867042541504, 16.564727783203125, 19.452896118164062, 24.603805541992188, 17.75969123840332, 20.65166664123535, 25.56019401550293, 17.98211097717285, 9.626924514770508, 6.052796363830566, 3.8015940189361572, 1.7365820407867432, 0.7221774458885193, 0.18122029304504395, 0.016256896778941154, 0.00035005868994630873, 3.5083285183645785e-05], "lowlevel.gfcc.mean": [66.34033966064453, 37.432254791259766, -127.24628448486328, 49.3956413269043, -46.54812240600586, 40.9790153503418, -35.52550506591797, 19.309537887573242, -22.94896697998047, 11.822596549987793, -17.42732048034668, 3.54164719581604, -14.702326774597168], "lowlevel.melbands.mean": [0.0054473187774419785, 0.006933197844773531, 0.0013086319668218493, 0.0003429187636356801, 0.00014968875620979816, 0.00010049052070826292, 0.00010852253763005137, 0.00012783188140019774, 0.00013141932140570134, 0.00011129022459499538, 6.777344242436811e-05, 6.291256431723014e-05, 0.00017742195632308722, 0.0003096063737757504, 0.0003007820341736078, 0.00020351487910375, 0.00011786798859247938, 0.00011266262299614027, 8.095808152575046e-05, 8.335385791724548e-05, 0.00014007330173626542, 7.149629527702928e-05, 3.698021828313358e-05, 2.5869854653137736e-05, 2.8076778107788414e-05, 2.2091220671427436e-05, 1.9690753106260672e-05, 2.073385621770285e-05, 2.3739657990518026e-05, 1.7775495507521555e-05, 1.19362030090997e-05, 1.1978993825323414e-05, 1.2321057511144318e-05, 1.2217399671499152e-05, 9.73570149653824e-06, 7.2388256739941426e-06, 6.167213086882839e-06, 5.3912699513603e-06, 4.557817646855256e-06, 3.5614887110568816e-06], "lowlevel.melbands.stdev": [0.0075760106556117535, 0.006487715989351273, 0.0020446348935365677, 0.0010205365251749754, 0.00047124113189056516, 0.00017348119581583887, 0.00019396909920033067, 0.0002223230985691771, 0.00019838186562992632, 0.00017384586681146175, 0.00010202713747275993, 9.048933134181425e-05, 0.0003293577756267041, 0.0005552198854275048, 0.0004863103968091309, 0.0003457319689914584, 0.00017972289060708135, 0.00019040012557525188, 0.00016671109187882394, 8.13975784694776e-05, 0.00011880142119480297, 5.438267544377595e-05, 2.717495954129845e-05, 1.6562937162234448e-05, 1.8036236724583432e-05, 1.3966830010758713e-05, 1.2275003427930642e-05, 1.4110119082033634e-05, 1.7297690646955743e-05, 1.482673360442277e-05, 9.598223186912946e-06, 1.1190801160410047e-05, 1.4195516087056603e-05, 1.5564985005767085e-05, 1.124441041611135e-05, 7.724452188995201e-06, 5.500972292793449e-06, 4.490986157179577e-06, 3.835933966911398e-06, 3.1755732834426453e-06], "lowlevel.melbands128.mean": [0.0006550771067850292, 0.003078818554058671, 0.007995180785655975, 0.009028134867548943, 0.00800114031881094, 0.004879736807197332, 0.0016896722372621298, 0.0004392761329654604, 0.00025402443134225905, 0.00043596906471066177, 0.0003470948140602559, 0.0001671358768362552, 0.00010926599497906864, 9.956883150152862e-05, 9.955495625035837e-05, 0.00010061115608550608, 0.00010643412679200992, 0.00010899892367888242, 0.00011071490735048428, 0.00012423413863871247, 0.0001400852488586679, 0.000132183704408817, 0.00012292680912651122, 0.00014305637159850448, 0.0001259733398910612, 9.610045526642352e-05, 8.091860945569351e-05, 6.934570410521701e-05, 5.255382347968407e-05, 4.843618444283493e-05, 6.225270772119984e-05, 9.810493065742776e-05, 0.00016758294077590108, 0.00024363597913179547, 0.00028507280512712896, 0.0003338780370540917, 0.0003472018870525062, 0.00030688458355143666, 0.00025697730598039925, 0.0002765051613096148, 0.00018453244410920888, 0.00011840126535389572, 0.00010951037984341383, 0.00012405157031025738, 0.00011825106776086614, 0.00010363879118813202, 0.00011805264512076974, 8.701405022293329e-05, 5.9841579059138894e-05, 6.744221172994003e-05, 6.880997534608468e-05, 0.00011403932876419276, 0.00017211830709129572, 0.00014474701310973614, 8.642080501886085e-05, 6.905238114995882e-05, 5.4364871175494045e-05, 3.934300548280589e-05, 3.301264587207697e-05, 2.6132916900678538e-05, 2.2631782485404983e-05, 2.8328968255664222e-05, 2.9274626285769045e-05, 2.8680382456514053e-05, 2.489587859599851e-05, 2.258806307509076e-05, 1.9826764400932007e-05, 1.9001450709765777e-05, 1.9678283933899365e-05, 2.0985875380574726e-05, 1.882436845335178e-05, 2.0824199964408763e-05, 2.618266807985492e-05, 2.4424467483186163e-05, 2.0790257622138597e-05, 2.0129637050558813e-05, 1.5033168892841786e-05, 1.3596319149655756e-05, 1.1296789125481155e-05, 1.0547541933192406e-05, 1.1520323823788203e-05, 1.2723167856165674e-05, 1.2881614566140343e-05, 1.266649087483529e-05, 1.1162123882968444e-05, 1.2422259715094697e-05, 1.265475384570891e-05, 1.1747052667487878e-05, 9.325607607024722e-06, 8.678473022882827e-06, 8.004078154044691e-06, 6.908434897923144e-06, 5.872509518667357e-06, 6.1804885262972675e-06, 6.275373380049132e-06, 5.890661213925341e-06, 4.97428572998615e-06, 5.073788543086266e-06, 4.703793365479214e-06, 4.192843789496692e-06, 4.089897174708312e-06, 3.3651601825113175e-06, 3.160655978717841e-06, 2.633199983392842e-06, 2.155878064513672e-06, 1.8448448599883704e-06, 1.7736427935233223e-06, 1.791010959095729e-06, 1.3474292472892557e-06, 1.170147129414545e-06, 1.0155407608181122e-06, 6.867740012239665e-07, 5.007167374060373e-07, 3.1317628668148245e-07, 2.1322789223177097e-07, 1.1280685896508658e-07, 4.9855774619800286e-08, 5.660633295434536e-09, 1.6834344682137292e-11, 1.0077720775936161e-11, 9.839610896900108e-12, 9.651340490690608e-12, 9.430719226377615e-12, 9.117743886288832e-12, 8.226687560342061e-12, 6.852299977433418e-12, 6.1123909753102446e-12, 5.975582442058203e-12], "lowlevel.melbands128.stdev": [0.0007855339790694416, 0.005020748823881149, 0.012746057473123074, 0.011075437068939209, 0.008090939372777939, 0.005852795671671629, 0.00336272525601089, 0.0013965803664177656, 0.00072900002123788, 0.0013256918173283339, 0.0013551873853430152, 0.0006947783986106515, 0.0003431788645684719, 0.00022835926210973412, 0.00019694257935043424, 0.00021149618260096759, 0.00018887888290919363, 0.00027382667758502066, 0.0002602239837870002, 0.00023558406974188983, 0.00034612606395967305, 0.0002796155458781868, 0.00023814517771825194, 0.0002924250438809395, 0.00025706368614919484, 0.00018829868349712342, 0.00016202396363951266, 0.00012694888573605567, 9.057892020791769e-05, 8.46395269036293e-05, 0.00010267009201925248, 0.00021866995666641742, 0.00040908638038672507, 0.00053168716840446, 0.0006136136362329125, 0.0007589688175357878, 0.000778353656642139, 0.0006403831648640335, 0.0005268878885544837, 0.0005943181458860636, 0.0003970282559748739, 0.0002384185208939016, 0.0002124352176906541, 0.0002272970014018938, 0.0002240958419861272, 0.00023345158842857927, 0.00026638287818059325, 0.0002600601001176983, 0.00011190630175406113, 0.00010952374577755108, 7.763186295051128e-05, 0.0001221739366883412, 0.00019493431318551302, 0.000143070996273309, 8.410737791564316e-05, 6.86495695845224e-05, 4.951290611643344e-05, 3.8108439184725285e-05, 3.1954405130818486e-05, 2.295178455824498e-05, 1.9794562831521034e-05, 2.20548317884095e-05, 2.3643055101274513e-05, 2.3848011551308446e-05, 2.1355161152314395e-05, 1.795112984837033e-05, 1.6267411410808563e-05, 1.4768217624805402e-05, 1.5541685570497066e-05, 1.7379379642079584e-05, 1.7122511053457856e-05, 1.8910526705440134e-05, 2.331988616788294e-05, 2.2499794795294292e-05, 1.8720089428825304e-05, 2.1485107936314307e-05, 1.4018721230968367e-05, 1.317355054197833e-05, 1.0628356903907843e-05, 1.0371006283094175e-05, 1.1890118003066164e-05, 1.4575016393791884e-05, 1.4289636055764277e-05, 1.7232088794116862e-05, 1.4626922165916767e-05, 1.6995853002299555e-05, 1.844149846874643e-05, 1.4706095498695504e-05, 1.1963917131652124e-05, 1.1608958629949484e-05, 9.71809549810132e-06, 7.910275598987937e-06, 6.5757612901506945e-06, 6.151099569251528e-06, 5.833777322550304e-06, 5.5245859584829304e-06, 4.753132543555694e-06, 4.755650934384903e-06, 4.436550170794362e-06, 3.934739197575254e-06, 3.919617483916227e-06, 3.3841429285530467e-06, 3.3761859867809108e-06, 2.6548955247562844e-06, 2.222193870693445e-06, 1.8989944692293648e-06, 1.746205043673399e-06, 1.5633561361028114e-06, 1.4085737802815856e-06, 1.25680276141793e-06, 1.1652540479190066e-06, 7.331364599849621e-07, 7.267919954756508e-07, 4.519218919085688e-07, 3.0232726544454636e-07, 1.9064280820657586e-07, 9.884245599778296e-08, 1.9839950127220618e-08, 1.7156645548688232e-10, 4.589992275150223e-11, 4.5847915741692447e-11, 4.56359672273976e-11, 4.519975366212847e-11, 4.264062020142845e-11, 3.166272105614709e-11, 1.4620272006937718e-11, 8.787905299290077e-12, 8.551952548896402e-12], "lowlevel.mfcc.mean": [-569.2051391601562, 64.55203247070312, -9.65562629699707, 17.907825469970703, 16.472190856933594, 20.79718780517578, 9.920389175415039, 10.394081115722656, 7.914227485656738, 5.188592910766602, 3.021580457687378, 11.135958671569824, 7.827133655548096], "lowlevel.spectral_contrast_coeffs.mean": [-0.6942616105079651, -0.8106480240821838, -0.7939998507499695, -0.7841431498527527, -0.8070162534713745, -0.7554509043693542], "lowlevel.spectral_contrast_coeffs.stdev": [0.07329272478818893, 0.05269236117601395, 0.059437841176986694, 0.04108801484107971, 0.019080819562077522, 0.0286273006349802], "lowlevel.spectral_contrast_valleys.mean": [-6.855422496795654, -6.632758140563965, -6.713981628417969, -6.512662887573242, -6.40084981918335, -8.84566879272461], "lowlevel.spectral_contrast_valleys.stdev": [0.9836137294769287, 0.5830049514770508, 0.5756732821464539, 0.4395297169685364, 0.3110109269618988, 0.47375166416168213], "rhythm.beats_loudness_band_ratio.mean": [0.5523777604103088, 0.03665914759039879, 0.056945253163576126, 0.1671132594347, 0.11193691939115524, 0.08656506985425949], "rhythm.beats_loudness_band_ratio.stdev": [0.265126496553421, 0.06683453172445297, 0.047026388347148895, 0.13532038033008575, 0.07848759740591049, 0.10397567600011826], "tonal.hpcp.mean": [0.27495020627975464, 0.27590230107307434, 0.18840166926383972, 0.11994031071662903, 0.10027731209993362, 0.10024130344390869, 0.1083575189113617, 0.12340445071458817, 0.129727303981781, 0.14457161724567413, 0.1759941279888153, 0.18611592054367065, 0.17998169362545013, 0.1747090369462967, 0.1495029181241989, 0.13441064953804016, 0.14066597819328308, 0.13983407616615295, 0.13267888128757477, 0.14368462562561035, 0.15581776201725006, 0.16826710104942322, 0.20895743370056152, 0.2140713781118393, 0.16378410160541534, 0.1288146823644638, 0.10342830419540405, 0.08169201016426086, 0.08550485968589783, 0.09311062097549438, 0.09332527220249176, 0.08611184358596802, 0.0793871283531189, 0.09003105014562607, 0.11166299879550934, 0.17749226093292236], "tonal.hpcp.stdev": [0.3453216552734375, 0.34177151322364807, 0.28208035230636597, 0.2149665206670761, 0.1999337077140808, 0.2043730467557907, 0.20388343930244446, 0.23138368129730225, 0.2318568080663681, 0.23578330874443054, 0.27175387740135193, 0.25794336199760437, 0.25210919976234436, 0.24430187046527863, 0.2206105887889862, 0.20900680124759674, 0.2209016978740692, 0.22068339586257935, 0.22320733964443207, 0.21980854868888855, 0.25218844413757324, 0.25956887006759644, 0.3037049472332001, 0.3031890094280243, 0.2565073072910309, 0.22440381348133087, 0.19667163491249084, 0.16520626842975616, 0.17415013909339905, 0.17819686233997345, 0.18089568614959717, 0.15857402980327606, 0.14803758263587952, 0.17749536037445068, 0.20444780588150024, 0.2656106948852539], "rhythm.beats_position": [0.5108389854431152, 1.0216779708862305, 1.5209070444107056, 2.0201361179351807, 2.519365072250366, 3.0185940265655518, 3.5178229808807373, 4.017052173614502, 4.5162811279296875, 5.015510082244873, 5.514739036560059, 6.013967990875244, 6.51319694519043, 7.012426376342773, 7.500045299530029, 7.999274253845215, 8.498503684997559, 9.009342193603516, 9.50857162475586, 10.019410133361816, 10.51863956451416, 11.017868041992188, 11.517097473144531, 12.027935981750488, 12.561995506286621, 13.096054077148438, 13.606893539428711, 14.140952110290527, 14.663400650024414, 15.162630081176758, 15.673469543457031, 16.184309005737305, 16.683536529541016, 17.18276596069336, 17.681995391845703, 18.181224822998047, 18.692062377929688, 19.1796817779541, 19.678911209106445, 20.17814064025879, 20.688980102539062, 21.188207626342773, 21.687437057495117, 22.18666648864746], "rhythm.bpm_histogram": [0.0, 0.0, 0.0, 0.0, 0.0, 0.0, 0.0, 0.0, 0.0, 0.0, 0.0, 0.0, 0.0, 0.0, 0.0, 0.0, 0.0, 0.0, 0.0, 0.0, 0.0, 0.0, 0.0, 0.0, 0.0, 0.0, 0.0, 0.0, 0.0, 0.0, 0.0, 0.0, 0.0, 0.0, 0.0, 0.0, 0.0, 0.0, 0.0, 0.0, 0.0, 0.0, 0.0, 0.0, 0.0, 0.0, 0.0, 0.0, 0.0, 0.0, 0.0, 0.0, 0.0, 0.0, 0.0, 0.0, 0.0, 0.0, 0.0, 0.0, 0.0, 0.0, 0.0, 0.0, 0.0, 0.0, 0.0, 0.0, 0.0, 0.0, 0.0, 0.0, 0.0, 0.0, 0.0, 0.0, 0.0, 0.0, 0.0, 0.0, 0.0, 0.0, 0.0, 0.0, 0.0, 0.0, 0.0, 0.0, 0.0, 0.0, 0.0, 0.0, 0.0, 0.0, 0.0, 0.0, 0.0, 0.0, 0.0, 0.0, 0.0, 0.0, 0.0, 0.0, 0.0, 0.0, 0.0, 0.0, 0.0, 0.0, 0.0, 0.0, 0.06976744532585144, 0.0, 0.0, 0.023255813866853714, 0.0, 0.20930232107639313, 0.0, 0.0, 0.6511628031730652, 0.0, 0.0, 0.04651162773370743, 0.0, 0.0, 0.0, 0.0, 0.0, 0.0, 0.0, 0.0, 0.0, 0.0, 0.0, 0.0, 0.0, 0.0, 0.0, 0.0, 0.0, 0.0, 0.0, 0.0, 0.0, 0.0, 0.0, 0.0, 0.0, 0.0, 0.0, 0.0, 0.0, 0.0, 0.0, 0.0, 0.0, 0.0, 0.0, 0.0, 0.0, 0.0, 0.0, 0.0, 0.0, 0.0, 0.0, 0.0, 0.0, 0.0, 0.0, 0.0, 0.0, 0.0, 0.0, 0.0, 0.0, 0.0, 0.0, 0.0, 0.0, 0.0, 0.0, 0.0, 0.0, 0.0, 0.0, 0.0, 0.0, 0.0, 0.0, 0.0, 0.0, 0.0, 0.0, 0.0, 0.0, 0.0, 0.0, 0.0, 0.0, 0.0, 0.0, 0.0, 0.0, 0.0, 0.0, 0.0, 0.0, 0.0, 0.0, 0.0, 0.0, 0.0, 0.0, 0.0, 0.0, 0.0, 0.0, 0.0, 0.0, 0.0, 0.0, 0.0, 0.0, 0.0, 0.0, 0.0, 0.0, 0.0, 0.0, 0.0, 0.0, 0.0, 0.0, 0.0, 0.0, 0.0, 0.0, 0.0, 0.0, 0.0, 0.0, 0.0, 0.0, 0.0, 0.0, 0.0, 0.0, 0.0], "tonal.chords_histogram": [4.140786647796631, 0.0, 0.0, 0.0, 0.20703934133052826, 0.4140786826610565, 7.660455703735352, 73.49896240234375, 0.0, 0.0, 0.0, 0.0, 0.0, 0.828157365322113, 0.828157365322113, 1.0351966619491577, 0.0, 0.0, 0.0, 0.0, 0.0, 0.0, 9.316770553588867, 2.0703933238983154], "tonal.thpcp": [1.0, 0.6828564405441284, 0.4347202181816101, 0.3634522557258606, 0.3633217513561249, 0.3927387297153473, 0.44727590680122375, 0.47019290924072266, 0.5239956974983215, 0.6378856897354126, 0.6745718121528625, 0.6523385047912598, 0.6332278847694397, 0.541869044303894, 0.4871675670146942, 0.5098398327827454, 0.5068246126174927, 0.48089081048965454, 0.5207808017730713, 0.5647570490837097, 0.6098793148994446, 0.7573602199554443, 0.7758955955505371, 0.5936307907104492, 0.46688511967658997, 0.37487292289733887, 0.29609036445617676, 0.3099099099636078, 0.33747678995132446, 0.33825477957725525, 0.31210991740226746, 0.2877363860607147, 0.3263149559497833, 0.40471935272216797, 0.6433156132698059, 0.9965491890907288], "lowlevel.gfcc.cov": [[1258.364013671875, 508.0111389160156, 194.069580078125, 126.9630355834961, 110.41236877441406, 124.7802963256836, 116.6457748413086, 57.71854782104492, 21.67445945739746, -19.940563201904297, -43.354827880859375, -61.45376205444336, -78.79830932617188], [508.0111389160156, 1245.4228515625, 351.9161682128906, 468.26898193359375, 423.7722473144531, 151.70681762695312, 294.8800354003906, 114.02897644042969, 86.23281860351562, -103.31968688964844, -14.0308198928833, -140.5851287841797, 8.263720512390137], [194.069580078125, 351.9161682128906, 523.053955078125, 488.50421142578125, 262.2965087890625, 107.96021270751953, 105.03230285644531, 68.997802734375, 11.525171279907227, -61.86550521850586, -26.449176788330078, -24.31472396850586, -10.696775436401367], [126.9630355834961, 468.26898193359375, 488.50421142578125, 697.0383911132812, 363.8115234375, 132.98304748535156, 138.82615661621094, 62.49541091918945, 52.20561218261719, -100.7879867553711, -35.229122161865234, -85.33476257324219, 15.613438606262207], [110.41236877441406, 423.7722473144531, 262.2965087890625, 363.8115234375, 379.72998046875, 173.56643676757812, 179.6155242919922, 89.78886413574219, 64.55665588378906, -23.97724723815918, -12.639589309692383, -65.94015502929688, -11.293702125549316], [124.7802963256836, 151.70681762695312, 107.96021270751953, 132.98304748535156, 173.56643676757812, 216.3699951171875, 190.54522705078125, 84.89166259765625, 10.687356948852539, -22.625598907470703, 6.940950393676758, -17.314279556274414, -23.898618698120117], [116.6457748413086, 294.8800354003906, 105.03230285644531, 138.82615661621094, 179.6155242919922, 190.54522705078125, 289.4013671875, 123.50804138183594, 19.29135513305664, -44.8828239440918, 17.323715209960938, -9.005478858947754, 1.4887734651565552], [57.71854782104492, 114.02897644042969, 68.997802734375, 62.49541091918945, 89.78886413574219, 84.89166259765625, 123.50804138183594, 112.4549331665039, 50.64674377441406, 7.039945602416992, 11.413629531860352, 4.228207111358643, 1.7729053497314453], [21.67445945739746, 86.23281860351562, 11.525171279907227, 52.20561218261719, 64.55665588378906, 10.687356948852539, 19.29135513305664, 50.64674377441406, 111.87467193603516, 48.266326904296875, 10.674285888671875, -24.43436622619629, 0.7001945376396179], [-19.940563201904297, -103.31968688964844, -61.86550521850586, -100.7879867553711, -23.97724723815918, -22.625598907470703, -44.8828239440918, 7.039945602416992, 48.266326904296875, 101.0693130493164, 34.9945182800293, 12.946687698364258, -15.130608558654785], [-43.354827880859375, -14.0308198928833, -26.449176788330078, -35.229122161865234, -12.639589309692383, 6.940950393676758, 17.323715209960938, 11.413629531860352, 10.674285888671875, 34.9945182800293, 71.3248062133789, 44.082984924316406, 11.021249771118164], [-61.45376205444336, -140.5851287841797, -24.31472396850586, -85.33476257324219, -65.94015502929688, -17.314279556274414, -9.005478858947754, 4.228207111358643, -24.43436622619629, 12.946687698364258, 44.082984924316406, 94.38372802734375, 33.898868560791016], [-78.79830932617188, 8.263720512390137, -10.696775436401367, 15.613438606262207, -11.293702125549316, -23.898618698120117, 1.4887734651565552, 1.7729053497314453, 0.7001945376396179, -15.130608558654785, 11.021249771118164, 33.898868560791016, 69.1938705444336]], "lowlevel.gfcc.icov": [[0.0013277679681777954, -0.0011151530779898167, 8.972949581220746e-05, -0.000434929970651865, 0.0013514951569959521, -0.001432996243238449, 0.00045069592306390405, 6.814210064476356e-05, -5.8584286307450384e-05, -0.001290015410631895, 0.0022539813071489334, -0.001983821392059326, 0.0018028565682470798], [-0.0011151530779898167, 0.003446867922320962, -0.00214209221303463, 0.0022850423119962215, -0.0033635636791586876, 0.003383886767551303, -0.0024782344698905945, 0.0006912081735208631, -0.0013532987795770168, 0.004336548037827015, -0.005754898302257061, 0.006876188330352306, -0.003363107331097126], [8.972949581220746e-05, -0.00214209221303463, 0.010330581106245518, -0.008645587600767612, 0.0012261782540008426, -0.0006701854290440679, 0.002163031604140997, -0.004525075200945139, 0.004805292002856731, -0.005452399607747793, 0.007431231439113617, -0.011127367615699768, 0.006970823276787996], [-0.000434929970651865, 0.0022850423119962215, -0.008645587600767612, 0.01144467107951641, -0.005491754040122032, 0.0011074015637859702, -0.00029621311114169657, 0.0031119633931666613, -0.005383633077144623, 0.01011123787611723, -0.008988752029836178, 0.011435527354478836, -0.007179591804742813], [0.0013514951569959521, -0.0033635636791586876, 0.0012261782540008426, -0.005491754040122032, 0.0126628577709198, -0.00697665149345994, -0.00010597045184113085, 0.00025980285136029124, -0.00013234629295766354, -0.008018558844923973, 0.007054750807583332, -0.004267072770744562, 0.002237070119008422], [-0.001432996243238449, 0.003383886767551303, -0.0006701854290440679, 0.0011074015637859702, -0.00697665149345994, 0.018155386671423912, -0.009499229490756989, -0.001329780905507505, 0.0019204332493245602, 0.0027709719724953175, -0.004956284537911415, 0.004141323734074831, 0.0023278931621462107], [0.00045069592306390405, -0.0024782344698905945, 0.002163031604140997, -0.00029621311114169657, -0.00010597045184113085, -0.009499229490756989, 0.017139708623290062, -0.011850332841277122, 0.0032379913609474897, 0.004419242963194847, -0.00284616369754076, -0.0011193170212209225, -0.0002175992267439142], [6.814210064476356e-05, 0.0006912081735208631, -0.004525075200945139, 0.0031119633931666613, 0.00025980285136029124, -0.001329780905507505, -0.011850332841277122, 0.029073363170027733, -0.01381983608007431, -0.0006983927451074123, 0.003969421144574881, -0.0049111489206552505, -0.0005526270833797753], [-5.8584286307450384e-05, -0.0013532987795770168, 0.004805292002856731, -0.005383633077144623, -0.00013234629295766354, 0.0019204332493245602, 0.0032379913609474897, -0.01381983608007431, 0.02446344867348671, -0.01398332230746746, 0.001043962431140244, 0.0041807712987065315, -0.0025410891976207495], [-0.001290015410631895, 0.004336548037827015, -0.005452399607747793, 0.01011123787611723, -0.008018558844923973, 0.0027709719724953175, 0.004419242963194847, -0.0006983927451074123, -0.01398332230746746, 0.03410370275378227, -0.020346472039818764, 0.009729360230267048, 0.0005328633706085384], [0.0022539813071489334, -0.005754898302257061, 0.007431231439113617, -0.008988752029836178, 0.007054750807583332, -0.004956284537911415, -0.00284616369754076, 0.003969421144574881, 0.001043962431140244, -0.020346472039818764, 0.040675122290849686, -0.028941141441464424, 0.009070513769984245], [-0.001983821392059326, 0.006876188330352306, -0.011127367615699768, 0.011435527354478836, -0.004267072770744562, 0.004141323734074831, -0.0011193170212209225, -0.0049111489206552505, 0.0041807712987065315, 0.009729360230267048, -0.028941141441464424, 0.04624008759856224, -0.02245575375854969], [0.0018028565682470798, -0.003363107331097126, 0.006970823276787996, -0.007179591804742813, 0.002237070119008422, 0.0023278931621462107, -0.0002175992267439142, -0.0005526270833797753, -0.0025410891976207495, 0.0005328633706085384, 0.009070513769984245, -0.02245575375854969, 0.030491389334201813]], "lowlevel.mfcc.cov": [[1200.9393310546875, 348.1500244140625, 74.703369140625, 24.888242721557617, 1.1673182249069214, 66.88970184326172, 51.6599235534668, 65.43309020996094, 39.13499069213867, 51.681148529052734, 37.89455032348633, -2.818058967590332, -14.755097389221191], [348.1500244140625, 795.1231079101562, 58.75083541870117, 224.38311767578125, 119.36369323730469, 103.93684387207031, 165.28372192382812, 129.1689910888672, 128.28208923339844, 75.0038070678711, 17.55851173400879, 39.118865966796875, 18.017763137817383], [74.703369140625, 58.75083541870117, 337.3742980957031, 293.6744689941406, 147.87164306640625, 80.31224060058594, 71.26048278808594, 94.93453979492188, 24.307218551635742, 10.05048656463623, -24.518014907836914, -40.941162109375, -7.317313194274902], [24.888242721557617, 224.38311767578125, 293.6744689941406, 528.2755126953125, 288.30511474609375, 150.812744140625, 107.19835662841797, 122.42696380615234, 91.92095947265625, 67.00064849853516, -19.49115753173828, -56.52094268798828, -18.843502044677734], [1.1673182249069214, 119.36369323730469, 147.87164306640625, 288.30511474609375, 267.9098815917969, 128.77928161621094, 55.42084884643555, 54.49306106567383, 60.49935531616211, 69.21322631835938, 19.014728546142578, -25.634456634521484, -11.40670108795166], [66.88970184326172, 103.93684387207031, 80.31224060058594, 150.812744140625, 128.77928161621094, 163.42819213867188, 134.69033813476562, 99.20072174072266, 61.4557991027832, 46.299583435058594, 22.5046329498291, 6.041966915130615, -5.687341690063477], [51.6599235534668, 165.28372192382812, 71.26048278808594, 107.19835662841797, 55.42084884643555, 134.69033813476562, 244.4676055908203, 177.75686645507812, 82.58990478515625, 16.296329498291016, 7.176303386688232, 44.169315338134766, 24.511743545532227], [65.43309020996094, 129.1689910888672, 94.93453979492188, 122.42696380615234, 54.49306106567383, 99.20072174072266, 177.75686645507812, 200.0419158935547, 96.50655364990234, 25.942028045654297, -1.252280831336975, 21.41126251220703, 21.902973175048828], [39.13499069213867, 128.28208923339844, 24.307218551635742, 91.92095947265625, 60.49935531616211, 61.4557991027832, 82.58990478515625, 96.50655364990234, 118.39361572265625, 65.32465362548828, 14.340276718139648, 10.068044662475586, 8.803837776184082], [51.681148529052734, 75.0038070678711, 10.05048656463623, 67.00064849853516, 69.21322631835938, 46.299583435058594, 16.296329498291016, 25.942028045654297, 65.32465362548828, 99.9923324584961, 49.76120376586914, 8.71263599395752, -0.7807072401046753], [37.89455032348633, 17.55851173400879, -24.518014907836914, -19.49115753173828, 19.014728546142578, 22.5046329498291, 7.176303386688232, -1.252280831336975, 14.340276718139648, 49.76120376586914, 81.58052062988281, 41.369598388671875, 9.120850563049316], [-2.818058967590332, 39.118865966796875, -40.941162109375, -56.52094268798828, -25.634456634521484, 6.041966915130615, 44.169315338134766, 21.41126251220703, 10.068044662475586, 8.71263599395752, 41.369598388671875, 88.49397277832031, 46.914791107177734], [-14.755097389221191, 18.017763137817383, -7.317313194274902, -18.843502044677734, -11.40670108795166, -5.687341690063477, 24.511743545532227, 21.902973175048828, 8.803837776184082, -0.7807072401046753, 9.120850563049316, 46.914791107177734, 72.04192352294922]], "lowlevel.mfcc.icov": [[0.0011250582756474614, -0.0006732612964697182, -0.0006000063149258494, 0.0005088102188892663, 0.0005935004446655512, -0.0009621731005609035, 0.0007246618624776602, -0.000502373615745455, 0.00038666208274662495, -0.0003382696013431996, -0.0005605078185908496, 0.000625469081569463, 7.872074093029369e-06], [-0.0006732612964697182, 0.00219904282130301, 0.0007911818684078753, -0.0012423393782228231, -0.0003026273916475475, 0.0011983138974756002, -0.0016272746725007892, 0.0008624219917692244, -0.0012423073640093207, -0.00026537958183325827, 0.0006854263483546674, -0.0013100195210427046, 0.00032095081405714154], [-0.0006000063149258494, 0.0007911818684078753, 0.0073417057283222675, -0.0042295693419873714, -0.0004059704369865358, 0.0009543384658172727, -3.171843127347529e-05, -0.003180116880685091, 0.003263605758547783, 0.0002876096696127206, -4.391986658447422e-05, 0.000906659581232816, -0.0006732376059517264], [0.0005088102188892663, -0.0012423393782228231, -0.0042295693419873714, 0.008569548837840557, -0.005635362584143877, -8.521303243469447e-05, -5.905893704039045e-05, -0.0005320592317730188, -0.001043994794599712, -0.0010480848141014576, 0.0020454847253859043, 0.0017634343821555376, 0.0002185384655604139], [0.0005935004446655512, -0.0003026273916475475, -0.0004059704369865358, -0.005635362584143877, 0.013972168788313866, -0.008596131578087807, 0.0033976316917687654, 0.0016685890732333064, -0.000648357265163213, -0.0015779235400259495, -0.002104629762470722, 0.0010791296372190118, -0.0018218207405880094], [-0.0009621731005609035, 0.0011983138974756002, 0.0009543384658172727, -8.521303243469447e-05, -0.008596131578087807, 0.023109104484319687, -0.012970278970897198, 0.0007739474531263113, 0.001349733560346067, -0.0031816354021430016, -0.002163141733035445, 0.0014359273482114077, 0.0033582469914108515], [0.0007246618624776602, -0.0016272746725007892, -3.171843127347529e-05, -5.905893704039045e-05, 0.0033976316917687654, -0.012970278970897198, 0.021301385015249252, -0.012361360713839531, -0.00030406893347389996, 0.004417914431542158, 0.0012533863773569465, -0.006423174869269133, 0.0006705704145133495], [-0.000502373615745455, 0.0008624219917692244, -0.003180116880685091, -0.0005320592317730188, 0.0016685890732333064, 0.0007739474531263113, -0.012361360713839531, 0.02193727158010006, -0.01162470318377018, 0.0027206738013774157, -0.00038047917769290507, 0.0016343978932127357, -0.0024853104259818792], [0.00038666208274662495, -0.0012423073640093207, 0.003263605758547783, -0.001043994794599712, -0.000648357265163213, 0.001349733560346067, -0.00030406893347389996, -0.01162470318377018, 0.027996087446808815, -0.017399771139025688, 0.00627210084348917, -0.00022717872343491763, -0.0001660040725255385], [-0.0003382696013431996, -0.00026537958183325827, 0.0002876096696127206, -0.0010480848141014576, -0.0015779235400259495, -0.0031816354021430016, 0.004417914431542158, 0.0027206738013774157, -0.017399771139025688, 0.03179270029067993, -0.01724914088845253, 0.003886767430230975, -0.0009556208970025182], [-0.0005605078185908496, 0.0006854263483546674, -4.391986658447422e-05, 0.0020454847253859043, -0.002104629762470722, -0.002163141733035445, 0.0012533863773569465, -0.00038047917769290507, 0.00627210084348917, -0.01724914088845253, 0.030873259529471397, -0.01618649996817112, 0.005108342040330172], [0.000625469081569463, -0.0013100195210427046, 0.000906659581232816, 0.0017634343821555376, 0.0010791296372190118, 0.0014359273482114077, -0.006423174869269133, 0.0016343978932127357, -0.00022717872343491763, 0.003886767430230975, -0.01618649996817112, 0.03203596547245979, -0.015761302784085274], [7.872074093029369e-06, 0.00032095081405714154, -0.0006732376059517264, 0.0002185384655604139, -0.0018218207405880094, 0.0033582469914108515, 0.0006705704145133495, -0.0024853104259818792, -0.0001660040725255385, -0.0009556208970025182, 0.005108342040330172, -0.015761302784085274, 0.023922232910990715]], "metadata.audio_properties.analysis.downmix": "mix", "metadata.audio_properties.codec": "mp3", "metadata.audio_properties.md5_encoded": "3ea9289514775447e954db2e2b68cecb", "metadata.tags.file_name": "1182284420477100063.mp3", "metadata.version.essentia": "2.1-beta6-dev", "metadata.version.essentia_git_sha": "v2.1_beta5-1110-g77a6a954", "metadata.version.extractor": "music 2.0", "tonal.chords_key": "A", "tonal.chords_scale": "major", "tonal.key_edma.key": "C#", "tonal.key_edma.scale": "minor", "tonal.key_krumhansl.key": "C#", "tonal.key_krumhansl.scale": "minor", "tonal.key_temperley.key": "A", "tonal.key_temperley.scale": "minor", "metadata.tags.encoding": ["Lavf58.45.100"]}, "essentia_models": [{"model_name": "genre_dortmund", "activations": {"alternative": "0.00031673754", "blues": "2.5527524e-05", "electronic": "0.010165192", "folkcountry": "7.690956e-05", "funksoulrnb": "0.002700426", "jazz": "6.967284e-05", "pop": "2.7775075e-05", "raphiphop": "0.007897775", "rock": "0.8081785"}}, {"model_name": "genre_rosamerica", "activat