{"song_id": "1182282517231964271", "download": "https://cdn.discordapp.com/attachments/1135911532732108921/1182282517231964271/chirp.mp4?ex=65842165&amp", "lyrics": "[verse]\nSavage punches, ruthless strikes, the fury ignites\nTerminator bulls, with feral might they fight\nFlying jackals, cheating reapers in sight\nA chilling symphony of the frozen night\n\n[chorus]\n\u044b\u044b\u044b\u044b \u0430\u0430 \u044b\u044b \u0430\u0430\u0430\nKulaki udary zverskiye\nTerminatovskiye bychiye\nBychiye otmorozki, shakaly letayushchiye, chiterily", "style": ["extremely hardcore death metal"], "essentia_features": {"lowlevel.average_loudness": 0.9358442425727844, "lowlevel.barkbands_crest.mean": 13.789727210998535, "lowlevel.barkbands_crest.stdev": 4.637782096862793, "lowlevel.barkbands_flatness_db.mean": 0.24607589840888977, "lowlevel.barkbands_flatness_db.stdev": 0.05327940732240677, "lowlevel.barkbands_kurtosis.mean": 21.153480529785156, "lowlevel.barkbands_kurtosis.stdev": 21.34052848815918, "lowlevel.barkbands_skewness.mean": 2.969327211380005, "lowlevel.barkbands_skewness.stdev": 1.6470221281051636, "lowlevel.barkbands_spread.mean": 10.039807319641113, "lowlevel.barkbands_spread.stdev": 16.569265365600586, "lowlevel.dissonance.mean": 0.3898073136806488, "lowlevel.dissonance.stdev": 0.05361621454358101, "lowlevel.dynamic_complexity": 3.299933671951294, "lowlevel.erbbands_crest.mean": 13.104118347167969, "lowlevel.erbbands_crest.stdev": 4.290203094482422, "lowlevel.erbbands_flatness_db.mean": 0.19827459752559662, "lowlevel.erbbands_flatness_db.stdev": 0.051240529865026474, "lowlevel.erbbands_kurtosis.mean": 5.869195461273193, "lowlevel.erbbands_kurtosis.stdev": 6.23995304107666, "lowlevel.erbbands_skewness.mean": 1.6817643642425537, "lowlevel.erbbands_skewness.stdev": 1.0723798274993896, "lowlevel.erbbands_spread.mean": 29.772178649902344, "lowlevel.erbbands_spread.stdev": 28.540056228637695, "lowlevel.hfc.mean": 10.410022735595703, "lowlevel.hfc.stdev": 9.526101112365723, "lowlevel.loudness_ebu128.integrated": -15.150792121887207, "lowlevel.loudness_ebu128.loudness_range": 3.0727081298828125, "lowlevel.loudness_ebu128.momentary.mean": -15.845927238464355, "lowlevel.loudness_ebu128.momentary.stdev": 2.60598087310791, "lowlevel.loudness_ebu128.short_term.mean": -15.269525527954102, "lowlevel.loudness_ebu128.short_term.stdev": 1.1672629117965698, "lowlevel.melbands_crest.mean": 17.86591339111328, "lowlevel.melbands_crest.stdev": 4.857367515563965, "lowlevel.melbands_flatness_db.mean": 0.34629103541374207, "lowlevel.melbands_flatness_db.stdev": 0.06029220297932625, "lowlevel.melbands_kurtosis.mean": 27.587024688720703, "lowlevel.melbands_kurtosis.stdev": 28.69082260131836, "lowlevel.melbands_skewness.mean": 3.1879866123199463, "lowlevel.melbands_skewness.stdev": 1.8877793550491333, "lowlevel.melbands_spread.mean": 6.887213706970215, "lowlevel.melbands_spread.stdev": 9.745241165161133, "lowlevel.pitch_salience.mean": 0.46851035952568054, "lowlevel.pitch_salience.stdev": 0.10657096654176712, "lowlevel.silence_rate_20dB.mean": 1.0, "lowlevel.silence_rate_20dB.stdev": 0.0, "lowlevel.silence_rate_30dB.mean": 1.0, "lowlevel.silence_rate_30dB.stdev": 0.0, "lowlevel.silence_rate_60dB.mean": 0.0023174970410764217, "lowlevel.silence_rate_60dB.stdev": 0.04808450862765312, "lowlevel.spectral_centroid.mean": 545.831298828125, "lowlevel.spectral_centroid.stdev": 518.5119018554688, "lowlevel.spectral_complexity.mean": 7.320394039154053, "lowlevel.spectral_complexity.stdev": 2.5065174102783203, "lowlevel.spectral_decrease.mean": -6.738231750347268e-09, "lowlevel.spectral_decrease.stdev": 5.117129830978229e-09, "lowlevel.spectral_energy.mean": 0.026375893503427505, "lowlevel.spectral_energy.stdev": 0.01987391710281372, "lowlevel.spectral_energyband_high.mean": 0.00030502458685077727, "lowlevel.spectral_energyband_high.stdev": 0.0007586514693684876, "lowlevel.spectral_energyband_low.mean": 0.006849271710962057, "lowlevel.spectral_energyband_low.stdev": 0.00780040118843317, "lowlevel.spectral_energyband_middle_high.mean": 0.0008031133911572397, "lowlevel.spectral_energyband_middle_high.stdev": 0.001871120766736567, "lowlevel.spectral_energyband_middle_low.mean": 0.01880388893187046, "lowlevel.spectral_energyband_middle_low.stdev": 0.01794767566025257, "lowlevel.spectral_entropy.mean": 6.441077709197998, "lowlevel.spectral_entropy.stdev": 0.6241791248321533, "lowlevel.spectral_flux.mean": 0.05217820778489113, "lowlevel.spectral_flux.stdev": 0.038045626133680344, "lowlevel.spectral_kurtosis.mean": 10.429203033447266, "lowlevel.spectral_kurtosis.stdev": 6.604783058166504, "lowlevel.spectral_rms.mean": 0.004733527544885874, "lowlevel.spectral_rms.stdev": 0.0018238094635307789, "lowlevel.spectral_rolloff.mean": 754.0851440429688, "lowlevel.spectral_rolloff.stdev": 1563.3636474609375, "lowlevel.spectral_skewness.mean": 2.5164437294006348, "lowlevel.spectral_skewness.stdev": 0.8499802947044373, "lowlevel.spectral_spread.mean": 4519485.0, "lowlevel.spectral_spread.stdev": 2136913.75, "lowlevel.spectral_strongpeak.mean": 0.9846506118774414, "lowlevel.spectral_strongpeak.stdev": 0.8747602105140686, "lowlevel.zerocrossingrate.mean": 0.034504737704992294, "lowlevel.zerocrossingrate.stdev": 0.04046681523323059, "metadata.audio_properties.analysis.equal_loudness": 0.0, "metadata.audio_properties.analysis.length": 40.04265213012695, "metadata.audio_properties.analysis.sample_rate": 44100.0, "metadata.audio_properties.analysis.start_time": 0.0, "metadata.audio_properties.bit_rate": 118731.0, "metadata.audio_properties.length": 40.042667388916016, "metadata.audio_properties.lossless": 0.0, "metadata.audio_properties.number_channels": 1.0, "metadata.audio_properties.replay_gain": -12.629528045654297, "metadata.audio_properties.sample_rate": 48000.0, "rhythm.beats_count": 61.0, "rhythm.beats_loudness.mean": 0.0376102477312088, "rhythm.beats_loudness.stdev": 0.022335613146424294, "rhythm.bpm": 92.32359313964844, "rhythm.bpm_histogram_first_peak_bpm": 92.0, "rhythm.bpm_histogram_first_peak_weight": 0.4333333373069763, "rhythm.bpm_histogram_second_peak_bpm": 0.0, "rhythm.bpm_histogram_second_peak_spread": 0.0, "rhythm.bpm_histogram_second_peak_weight": 0.0, "rhythm.danceability": 1.103461503982544, "rhythm.onset_rate": 3.3204824924468994, "tonal.chords_changes_rate": 0.04282407462596893, "tonal.chords_number_rate": 0.008101851679384708, "tonal.chords_strength.mean": 0.5863032937049866, "tonal.chords_strength.stdev": 0.09541605412960052, "tonal.hpcp_crest.mean": 16.14931869506836, "tonal.hpcp_crest.stdev": 7.457588195800781, "tonal.hpcp_entropy.mean": 1.6039421558380127, "tonal.hpcp_entropy.stdev": 0.6273190379142761, "tonal.key_edma.strength": 0.6816507577896118, "tonal.key_krumhansl.strength": 0.6934677362442017, "tonal.key_temperley.strength": 0.7117367386817932, "tonal.tuning_diatonic_strength": 0.602844774723053, "tonal.tuning_equal_tempered_deviation": 0.14979270100593567, "tonal.tuning_frequency": 436.960693359375, "tonal.tuning_nontempered_energy_ratio": 0.9272189140319824, "lowlevel.barkbands.mean": [7.038414878479671e-06, 0.0016152826137840748, 0.004945894703269005, 0.0014421910746023059, 0.009574877098202705, 0.0029038642533123493, 0.0013933687005192041, 0.002626514993607998, 0.0006873804377391934, 0.0002821138477884233, 0.00022254152281675488, 0.00015057217387948185, 6.334757199510932e-05, 2.060979932139162e-05, 2.044766370090656e-05, 2.0556717572617345e-05, 2.609170951473061e-05, 1.451900061510969e-05, 3.23691128869541e-05, 3.8325280911521986e-05, 8.402122330153361e-05, 2.5296783860540017e-05, 1.3980432413518429e-05, 5.5614069424336776e-05, 3.767193265957758e-05, 6.70428853482008e-05, 4.373070623842068e-06], "lowlevel.barkbands.stdev": [1.7053196643246338e-05, 0.0020018189679831266, 0.006505212280899286, 0.00298152188770473, 0.011747178621590137, 0.005982436705380678, 0.003332057036459446, 0.008098896592855453, 0.0013920670608058572, 0.0009845950407907367, 0.0010768965585157275, 0.0008714989526197314, 0.00020430669246707112, 0.0001336477871518582, 6.589249096577987e-05, 5.067092570243403e-05, 7.364465272985399e-05, 3.662543895188719e-05, 9.691682498669252e-05, 0.00011637895659077913, 0.00021926124463789165, 8.801540388958529e-05, 5.631691965390928e-05, 0.00017649821529630572, 0.00010463924991199747, 0.0001803519407985732, 1.0518943781789858e-05], "lowlevel.erbbands.mean": [0.008874856866896152, 0.5805770754814148, 5.325052738189697, 4.272466659545898, 16.069477081298828, 36.8248405456543, 27.502639770507812, 30.843494415283203, 19.51891326904297, 46.12633514404297, 32.365509033203125, 19.794727325439453, 12.362398147583008, 5.2209391593933105, 11.734619140625, 4.340414524078369, 3.3166346549987793, 1.1228183507919312, 1.0764915943145752, 1.202164649963379, 1.0565215349197388, 1.3567225933074951, 0.9998140931129456, 0.9868801832199097, 2.059779167175293, 1.7686655521392822, 2.872917652130127, 3.0143256187438965, 1.0797163248062134, 0.33812132477760315, 0.4536970257759094, 1.3330398797988892, 0.6663746237754822, 0.2564755380153656, 0.36264127492904663, 0.3317183256149292, 0.10844626277685165, 0.020416690036654472, 0.0004637289675883949, 4.2703348299255595e-05], "lowlevel.erbbands.stdev": [0.01073588989675045, 0.6674019694328308, 6.615609645843506, 4.938534259796143, 24.78340721130371, 51.738033294677734, 50.18399429321289, 51.3879280090332, 41.592350006103516, 112.58321380615234, 107.25546264648438, 38.88814163208008, 37.85518264770508, 20.76633071899414, 44.5972785949707, 23.0468692779541, 10.890564918518066, 3.819843292236328, 4.866822242736816, 3.9554994106292725, 2.5437963008880615, 3.5073232650756836, 2.3280045986175537, 2.2632172107696533, 6.598745346069336, 5.311279773712158, 7.905290603637695, 8.090847969055176, 3.592595338821411, 1.3281421661376953, 1.7761729955673218, 4.498083114624023, 2.01359486579895, 0.740430474281311, 1.0361000299453735, 1.005615472793579, 0.27884599566459656, 0.04655960947275162, 0.0010101939551532269, 3.696944622788578e-05], "lowlevel.gfcc.mean": [-68.78644561767578, 117.39922332763672, -56.50514602661133, 20.152563095092773, -61.139198303222656, -12.505532264709473, -33.15369415283203, 5.392014980316162, -40.63456726074219, 4.4222025871276855, -24.655906677246094, -4.058526992797852, -9.071181297302246], "lowlevel.melbands.mean": [0.00023680612503085285, 0.0019643569830805063, 0.0011274078860878944, 0.0019430360989645123, 0.0012351595796644688, 0.0006169916596263647, 0.0002929668116848916, 0.0005822538514621556, 0.00021855061640962958, 0.00011724058276740834, 5.761841748608276e-05, 1.9018752936972305e-05, 3.488612128421664e-05, 2.3441629309672862e-05, 6.153520189400297e-06, 5.529290774575202e-06, 1.8428904695610981e-06, 1.7633690276852576e-06, 1.5468795027118176e-06, 1.6906723203646834e-06, 1.1115311053799815e-06, 1.3074031812720932e-06, 1.5912600019873935e-06, 5.198972417019831e-07, 7.416297194140498e-07, 1.4831343833066057e-06, 1.4730028397025308e-06, 1.0404020258647506e-06, 1.4764083289264818e-06, 2.4518637928849785e-06, 1.4414322322409134e-06, 6.755942081326793e-07, 3.051636099371535e-07, 1.3016949651500909e-07, 1.6551852866086847e-07, 4.988436330677359e-07, 1.0168985227210214e-06, 6.141789299363154e-07, 2.0336004524779128e-07, 1.942610765581776e-07], "lowlevel.melbands.stdev": [0.00029819371411576867, 0.0023218702990561724, 0.0013615444768220186, 0.0023970697075128555, 0.002072462346404791, 0.001118246465921402, 0.000664937833789736, 0.0015313735930249095, 0.0007288707420229912, 0.0002221394533989951, 0.0001900882925838232, 7.801740866852924e-05, 0.00015472614904865623, 0.00011395515321055427, 2.358909659960773e-05, 1.87535351869883e-05, 8.702711056685075e-06, 1.0800473319250159e-05, 5.534641331905732e-06, 4.469897703529568e-06, 2.8517797545646317e-06, 3.554430122676422e-06, 4.752778295369353e-06, 1.1142149105580756e-06, 1.7962728406928363e-06, 5.009586857340764e-06, 4.6794189074717e-06, 3.271227342338534e-06, 4.306236405682284e-06, 6.5599483605183195e-06, 4.239317604515236e-06, 2.4007188130781287e-06, 1.1733301334970747e-06, 6.073047416066402e-07, 7.581277827739541e-07, 1.8099636918122997e-06, 3.50870118381863e-06, 1.9343233361723833e-06, 6.556253993039718e-07, 5.86435703553434e-07], "lowlevel.melbands128.mean": [3.3409824027330615e-06, 5.8407772485224996e-06, 9.046796185430139e-05, 0.0011091174092143774, 0.002879138570278883, 0.002060681115835905, 0.0005972959334030747, 0.0009733344777487218, 0.001627966295927763, 0.0020028543658554554, 0.0021749401930719614, 0.001973644131794572, 0.0007352668326348066, 0.0006094133714213967, 0.0009937320137396455, 0.0003762221022043377, 0.00017592700896784663, 0.0003738441737368703, 0.00030258632614277303, 0.00043589965207502246, 0.00096938107162714, 0.00036895202356390655, 7.141718378989026e-05, 7.634013309143484e-05, 0.0001590766478329897, 0.00012882918235845864, 4.104296021978371e-05, 8.094164513750002e-05, 3.361291965120472e-05, 1.4353480764839333e-05, 1.6181502360268496e-05, 2.0414843675098382e-05, 2.880846477637533e-05, 5.7814831961877644e-05, 3.582152567105368e-05, 1.07460145954974e-05, 5.7459878917143214e-06, 2.4461696739308536e-06, 9.598969882063102e-06, 1.0230756743112579e-05, 3.3628973596933065e-06, 9.233174296241486e-07, 1.5390663747893996e-06, 2.41196676142863e-06, 2.4599003154435195e-06, 1.2377824987197528e-06, 1.6528538253623992e-06, 1.4746987062608241e-06, 1.485942675572005e-06, 1.7417241906514391e-06, 1.778154341991467e-06, 1.764025910233613e-06, 8.661355650474434e-07, 9.611176210455596e-07, 1.2673132232521311e-06, 1.240293954651861e-06, 1.0843341442523524e-06, 2.7286039312457433e-06, 1.2760621075358358e-06, 5.050197842138004e-07, 5.225639370110002e-07, 4.156070190219907e-07, 6.922932698216755e-07, 8.203310244425666e-07, 8.113306080304028e-07, 1.7074664810934337e-06, 1.8268916619490483e-06, 1.2508006648204173e-06, 1.6250183989541256e-06, 1.4099268810241483e-06, 8.073488402260409e-07, 1.0607958529362804e-06, 1.0440293181090965e-06, 1.5052511344038066e-06, 2.0430923086678376e-06, 2.081395450659329e-06, 3.54692156179226e-06, 1.6099688764370512e-06, 1.23494942272373e-06, 9.648035756981699e-07, 7.879390864218294e-07, 5.330753083399031e-07, 3.9045866628839576e-07, 3.307520728412783e-07, 1.896200672035775e-07, 1.252454495670463e-07, 1.324915501754731e-07, 8.699538511791616e-08, 9.764008268575708e-08, 2.53756155643714e-07, 4.442784700131597e-07, 5.128707698531798e-07, 6.843758910690667e-07, 8.851844768287265e-07, 1.5308020238080644e-06, 9.447257980355062e-07, 3.593256110434595e-07, 1.2858573938956397e-07, 2.1165816121992975e-07, 2.452133003316703e-07, 1.843194610273713e-07, 1.7390327400335082e-07, 2.0728627703192615e-07, 2.905422888943576e-07, 3.990358834471408e-07, 5.751187472924357e-07, 4.917808382742805e-07, 4.5312120278140355e-07, 7.493947578041116e-07, 6.227807602954272e-07, 4.9588447836868e-07, 4.040649344005942e-07, 2.929049571775977e-07, 2.641059779762145e-07, 2.399453933321638e-07, 2.430353731597279e-07, 1.8260480771914445e-07, 1.325303689014845e-08, 4.592659585966885e-12, 4.241574105834367e-12, 4.104908253588224e-12, 4.002693575894112e-12, 3.909426168208219e-12, 3.833562807475932e-12, 3.752620610086854e-12, 3.656321339445823e-12, 3.5987885848437484e-12, 3.574600034375597e-12], "lowlevel.melbands128.stdev": [8.261523362307344e-06, 1.3210599718149751e-05, 0.00016342538583558053, 0.0013655374059453607, 0.00349004240706563, 0.0027964022010564804, 0.0007799147861078382, 0.002050303854048252, 0.0030722590163350105, 0.0034991621505469084, 0.0035124155692756176, 0.004239125642925501, 0.0017026884015649557, 0.0023011420853435993, 0.0017228310462087393, 0.0006224426324479282, 0.0006171445711515844, 0.0010909950360655785, 0.000968354579526931, 0.0012722867541015148, 0.0031098953913897276, 0.001535022514872253, 0.000730415340512991, 0.0003123412898276001, 0.00045379341463558376, 0.00019632745534181595, 0.0001929978170664981, 0.0003530957328621298, 0.0001311468513449654, 5.811022128909826e-05, 0.00012267156853340566, 0.00022699779947288334, 0.0002142467419616878, 0.00022814366093371063, 0.00023576474632136524, 0.00011641007586149499, 7.404680945910513e-05, 9.176384082820732e-06, 3.2285533961839974e-05, 4.811973121832125e-05, 1.2000346941931639e-05, 3.0044880077184644e-06, 8.870492820278741e-06, 1.1611180525505915e-05, 3.3258256735280156e-05, 4.255593921698164e-06, 5.89826322539011e-06, 7.669071237614844e-06, 8.259326932602562e-06, 8.893624908523634e-06, 5.060233888798393e-06, 5.447677722258959e-06, 3.100908998021623e-06, 3.824370196525706e-06, 4.849492597713834e-06, 4.696853011409985e-06, 3.6909980281052412e-06, 1.042784333549207e-05, 4.775668003276223e-06, 1.296594632549386e-06, 1.775978489604313e-06, 9.532845410831214e-07, 1.4241433063943987e-06, 2.5257795641664416e-06, 2.7348773983248975e-06, 6.474519977928139e-06, 6.831639439042192e-06, 4.410477231431287e-06, 5.495259756571613e-06, 5.0211369853059296e-06, 2.801881237246562e-06, 3.90103332392755e-06, 3.410907766010496e-06, 4.8456522563355975e-06, 7.231604740809416e-06, 5.800959570478881e-06, 1.0755923540273216e-05, 4.695812549471157e-06, 4.435732535057468e-06, 3.9107590055209585e-06, 3.0391784093808383e-06, 1.9412796063988935e-06, 1.5760437008793815e-06, 1.4487879980151774e-06, 7.932022185741516e-07, 5.484806138156273e-07, 8.26700784273271e-07, 4.920977971778484e-07, 5.616495286631107e-07, 1.2366542705422034e-06, 1.969507138710469e-06, 1.8937942058983026e-06, 2.4697590106370626e-06, 3.304627171019092e-06, 6.091220257076202e-06, 2.988117330460227e-06, 1.2202062862343155e-06, 4.894983476333437e-07, 7.065209501888603e-07, 8.983429893305583e-07, 7.695066983615106e-07, 5.656740995618748e-07, 6.69589894641831e-07, 8.756550187172252e-07, 1.178340426122304e-06, 1.945144731507753e-06, 1.978548652914469e-06, 1.4720841363669024e-06, 2.3185036752693122e-06, 2.0728234630951192e-06, 1.7112649857153883e-06, 1.1120173439849168e-06, 7.598204661007912e-07, 6.774732810299611e-07, 6.031070824974449e-07, 6.238122978174943e-07, 4.339772772254946e-07, 4.6454175617327564e-08, 7.138176768423099e-12, 6.860924155194237e-12, 6.673714532390296e-12, 6.517395997884812e-12, 6.384116325863776e-12, 6.270579975403701e-12, 6.176985572342586e-12, 6.1017059460599654e-12, 6.047576935758192e-12, 6.01421299914473e-12], "lowlevel.mfcc.mean": [-742.8447265625, 167.01837158203125, 40.779197692871094, 41.91189956665039, -4.9524736404418945, -7.573369979858398, 8.747115135192871, -12.190673828125, 2.9186880588531494, -6.392946243286133, -14.17605209350586, 3.533550262451172, -13.649839401245117], "lowlevel.spectral_contrast_coeffs.mean": [-0.6082097887992859, -0.627071738243103, -0.7208536863327026, -0.8073105216026306, -0.7955223321914673, -0.7122830152511597], "lowlevel.spectral_contrast_coeffs.stdev": [0.07382239401340485, 0.07037793099880219, 0.06441997736692429, 0.044552721083164215, 0.04218258336186409, 0.05949582904577255], "lowlevel.spectral_contrast_valleys.mean": [-6.923346996307373, -7.592112064361572, -8.71260929107666, -9.245802879333496, -8.956744194030762, -12.149309158325195], "lowlevel.spectral_contrast_valleys.stdev": [0.5609959363937378, 0.704430103302002, 0.677409827709198, 0.6505296230316162, 0.6995736360549927, 1.061115026473999], "rhythm.beats_loudness_band_ratio.mean": [0.4788646101951599, 0.3955414295196533, 0.15615712106227875, 0.023053184151649475, 0.003775534685701132, 0.013528712093830109], "rhythm.beats_loudness_band_ratio.stdev": [0.27646303176879883, 0.22317829728126526, 0.164206862449646, 0.03454980626702309, 0.004003462847322226, 0.031484395265579224], "tonal.hpcp.mean": [0.14090360701084137, 0.19174309074878693, 0.28440168499946594, 0.2970118820667267, 0.14142853021621704, 0.03909840062260628, 0.018514124676585197, 0.015568495728075504, 0.04649434611201286, 0.12370780855417252, 0.14600302278995514, 0.08629588037729263, 0.03197978064417839, 0.009902154095470905, 0.005902552045881748, 0.015137662179768085, 0.017732558771967888, 0.008500220254063606, 0.004637720063328743, 0.00497733149677515, 0.01076912134885788, 0.02688387967646122, 0.034775298088788986, 0.05290563404560089, 0.2711885869503021, 0.29458945989608765, 0.06958767026662827, 0.01513476762920618, 0.01670466549694538, 0.1295003890991211, 0.25980523228645325, 0.1613912433385849, 0.027984483167529106, 0.015682406723499298, 0.02946615032851696, 0.0702485516667366], "tonal.hpcp.stdev": [0.29453083872795105, 0.3284381628036499, 0.35858020186424255, 0.4106876850128174, 0.25794169306755066, 0.13833177089691162, 0.11208944767713547, 0.09402097016572952, 0.16556958854198456, 0.27043184638023376, 0.2904626131057739, 0.24900534749031067, 0.14062118530273438, 0.07568208128213882, 0.024004679173231125, 0.05182364210486412, 0.07658504694700241, 0.06800577044487, 0.04681466519832611, 0.05452452227473259, 0.07789318263530731, 0.12656256556510925, 0.1389979124069214, 0.145042285323143, 0.28169625997543335, 0.29944393038749695, 0.13010436296463013, 0.08787452429533005, 0.07647291570901871, 0.2197422832250595, 0.38068652153015137, 0.2526695728302002, 0.12423107773065567, 0.10055898129940033, 0.13447675108909607, 0.21134419739246368], "rhythm.beats_position": [0.6733786463737488, 1.3583673238754272, 2.043355941772461, 2.728344678878784, 3.4133331775665283, 4.086711883544922, 4.7600908279418945, 5.433469295501709, 6.083628177642822, 6.722176551818848, 7.372335433959961, 8.022494316101074, 8.661043167114258, 9.311202049255371, 9.949749946594238, 10.588298797607422, 11.238457679748535, 11.888616561889648, 12.538775444030762, 13.177324295043945, 13.827483177185059, 14.466031074523926, 15.116189956665039, 15.766348838806152, 16.416507720947266, 17.066665649414062, 17.716825485229492, 18.34376335144043, 19.00553321838379, 19.667301177978516, 20.329069137573242, 20.967618942260742, 21.61777687072754, 22.26793670654297, 22.918094635009766, 23.568254470825195, 24.218412399291992, 24.85696029663086, 25.50712013244629, 26.145668029785156, 26.795827865600586, 27.445985794067383, 28.09614372253418, 28.74630355834961, 29.384851455688477, 30.023401260375977, 30.673559188842773, 31.323719024658203, 31.96226692199707, 32.60081481933594, 33.250972747802734, 33.9011344909668, 34.528072357177734, 35.15501022338867, 35.81678009033203, 36.46693801879883, 37.10548782348633, 37.755645751953125, 38.394195556640625, 39.03274154663086, 39.68290328979492], "rhythm.bpm_histogram": [0.0, 0.0, 0.0, 0.0, 0.0, 0.0, 0.0, 0.0, 0.0, 0.0, 0.0, 0.0, 0.0, 0.0, 0.0, 0.0, 0.0, 0.0, 0.0, 0.0, 0.0, 0.0, 0.0, 0.0, 0.0, 0.0, 0.0, 0.0, 0.0, 0.0, 0.0, 0.0, 0.0, 0.0, 0.0, 0.0, 0.0, 0.0, 0.0, 0.0, 0.0, 0.0, 0.0, 0.0, 0.0, 0.0, 0.0, 0.0, 0.0, 0.0, 0.0, 0.0, 0.0, 0.0, 0.0, 0.0, 0.0, 0.0, 0.0, 0.0, 0.0, 0.0, 0.0, 0.0, 0.0, 0.0, 0.0, 0.0, 0.0, 0.0, 0.0, 0.0, 0.0, 0.0, 0.0, 0.0, 0.0, 0.0, 0.0, 0.0, 0.0, 0.0, 0.0, 0.0, 0.0, 0.0, 0.0, 0.0, 0.06666667014360428, 0.05000000074505806, 0.0, 0.06666667014360428, 0.5, 0.0, 0.2666666805744171, 0.0, 0.05000000074505806, 0.0, 0.0, 0.0, 0.0, 0.0, 0.0, 0.0, 0.0, 0.0, 0.0, 0.0, 0.0, 0.0, 0.0, 0.0, 0.0, 0.0, 0.0, 0.0, 0.0, 0.0, 0.0, 0.0, 0.0, 0.0, 0.0, 0.0, 0.0, 0.0, 0.0, 0.0, 0.0, 0.0, 0.0, 0.0, 0.0, 0.0, 0.0, 0.0, 0.0, 0.0, 0.0, 0.0, 0.0, 0.0, 0.0, 0.0, 0.0, 0.0, 0.0, 0.0, 0.0, 0.0, 0.0, 0.0, 0.0, 0.0, 0.0, 0.0, 0.0, 0.0, 0.0, 0.0, 0.0, 0.0, 0.0, 0.0, 0.0, 0.0, 0.0, 0.0, 0.0, 0.0, 0.0, 0.0, 0.0, 0.0, 0.0, 0.0, 0.0, 0.0, 0.0, 0.0, 0.0, 0.0, 0.0, 0.0, 0.0, 0.0, 0.0, 0.0, 0.0, 0.0, 0.0, 0.0, 0.0, 0.0, 0.0, 0.0, 0.0, 0.0, 0.0, 0.0, 0.0, 0.0, 0.0, 0.0, 0.0, 0.0, 0.0, 0.0, 0.0, 0.0, 0.0, 0.0, 0.0, 0.0, 0.0, 0.0, 0.0, 0.0, 0.0, 0.0, 0.0, 0.0, 0.0, 0.0, 0.0, 0.0, 0.0, 0.0, 0.0, 0.0, 0.0, 0.0, 0.0, 0.0, 0.0, 0.0, 0.0, 0.0, 0.0, 0.0, 0.0, 0.0, 0.0, 0.0, 0.0, 0.0, 0.0, 0.0, 0.0, 0.0], "tonal.chords_histogram": [5.55555534362793, 0.23148147761821747, 62.84722137451172, 6.597222328186035, 4.0509257316589355, 0.11574073880910873, 0.0, 0.0, 0.0, 0.0, 1.2731481790542603, 0.0, 0.0, 0.0, 0.0, 0.0, 0.0, 16.087963104248047, 0.0, 3.2407407760620117, 0.0, 0.0, 0.0, 0.0], "tonal.thpcp": [1.0, 0.4761712849140167, 0.13163918256759644, 0.06233462691307068, 0.0524170808494091, 0.15654036402702332, 0.4165079593658447, 0.4915730059146881, 0.29054689407348633, 0.10767172276973724, 0.0333392508327961, 0.0198731180280447, 0.050966519862413406, 0.059703197330236435, 0.028619125485420227, 0.015614594332873821, 0.016758020967245102, 0.03625821694731712, 0.09051448851823807, 0.11708386242389679, 0.17812632024288177, 0.9130563735961914, 0.9918439984321594, 0.23429255187511444, 0.05095677450299263, 0.05624241381883621, 0.43601080775260925, 0.874730110168457, 0.5433831214904785, 0.09422007948160172, 0.052800603210926056, 0.09920866042375565, 0.23651765286922455, 0.4744039475917816, 0.6455737948417664, 0.957543134689331], "lowlevel.gfcc.cov": [[3504.906982421875, -1457.0892333984375, 384.8470764160156, -280.3958435058594, -271.4383544921875, 82.78262329101562, -312.3067321777344, 225.509033203125, -196.43295288085938, 291.3653869628906, -87.30455017089844, 220.10836791992188, -235.6350860595703], [-1457.0892333984375, 1856.1898193359375, -548.37841796875, -326.46746826171875, 255.75613403320312, -215.2823944091797, 217.75697326660156, -135.2687530517578, 137.09024047851562, -241.63983154296875, 93.9439468383789, -133.5681610107422, 117.40657043457031], [384.8470764160156, -548.37841796875, 454.91363525390625, 86.13030242919922, -49.245304107666016, 63.34656524658203, -72.4262924194336, 65.96665954589844, -69.41915893554688, 86.29676055908203, -60.98129653930664, 60.71196746826172, -48.1702995300293], [-280.3958435058594, -326.46746826171875, 86.13030242919922, 540.4231567382812, 26.4677734375, 105.40245819091797, 28.76077651977539, -58.85727310180664, 64.73046875, -3.7900843620300293, -5.5858683586120605, -60.05645751953125, 51.080196380615234], [-271.4383544921875, 255.75613403320312, -49.245304107666016, 26.4677734375, 228.76547241210938, 8.282391548156738, -35.7577018737793, -17.452571868896484, 47.786930084228516, -11.626016616821289, -4.650693893432617, -36.502132415771484, 26.165279388427734], [82.78262329101562, -215.2823944091797, 63.34656524658203, 105.40245819091797, 8.282391548156738, 158.95440673828125, 33.97576141357422, 1.809926986694336, 3.3962347507476807, 31.022815704345703, 7.061801433563232, -2.415757656097412, -23.757532119750977], [-312.3067321777344, 217.75697326660156, -72.4262924194336, 28.76077651977539, -35.7577018737793, 33.97576141357422, 253.74009704589844, -18.037094116210938, 6.855717182159424, -29.52062225341797, 21.090185165405273, 4.506793975830078, -15.197888374328613], [225.509033203125, -135.2687530517578, 65.96665954589844, -58.85727310180664, -17.452571868896484, 1.809926986694336, -18.037094116210938, 120.8208999633789, 2.678792715072632, 32.01285171508789, -18.102773666381836, 11.295647621154785, -24.799470901489258], [-196.43295288085938, 137.09024047851562, -69.41915893554688, 64.73046875, 47.786930084228516, 3.3962347507476807, 6.855717182159424, 2.678792715072632, 122.18382263183594, 2.8000497817993164, 1.0662037134170532, -43.218017578125, 17.165773391723633], [291.3653869628906, -241.63983154296875, 86.29676055908203, -3.7900843620300293, -11.626016616821289, 31.022815704345703, -29.52062225341797, 32.01285171508789, 2.8000497817993164, 134.9214324951172, 0.9711342453956604, 19.636619567871094, -38.598087310791016], [-87.30455017089844, 93.9439468383789, -60.98129653930664, -5.5858683586120605, -4.650693893432617, 7.061801433563232, 21.090185165405273, -18.102773666381836, 1.0662037134170532, 0.9711342453956604, 80.11351776123047, -7.672028541564941, -0.869004487991333], [220.10836791992188, -133.5681610107422, 60.71196746826172, -60.05645751953125, -36.502132415771484, -2.415757656097412, 4.506793975830078, 11.295647621154785, -43.218017578125, 19.636619567871094, -7.672028541564941, 96.01824951171875, -19.90957260131836], [-235.6350860595703, 117.40657043457031, -48.1702995300293, 51.080196380615234, 26.165279388427734, -23.757532119750977, -15.197888374328613, -24.799470901489258, 17.165773391723633, -38.598087310791016, -0.869004487991333, -19.90957260131836, 114.18184661865234]], "lowlevel.gfcc.icov": [[0.0006487626815214753, 0.00026073234039358795, 0.0003183645021636039, 0.0002184179174946621, 0.0003263446851633489, -0.00023709703236818314, 0.0006284439004957676, -0.00046467676293104887, 0.0003772020572796464, -0.0005456286598928273, 0.00037859517033211887, -0.0006053055403754115, 0.0006221341900527477], [0.00026073234039358795, 0.003899588482454419, 0.00011450726015027612, 0.0032898299396038055, -0.003521955106407404, 0.0032248632051050663, -0.003547238651663065, 0.0025941350031644106, -0.003057067980989814, 0.0033037366811186075, -0.0026773938443511724, 0.0028876326978206635, -0.001266215811483562], [0.0003183645021636039, 0.00011450726015027612, 0.00442065205425024, -0.0011915838113054633, 0.000440342933870852, -0.000950362766161561, 0.0013378182193264365, -0.001967743504792452, 0.0025649904273450375, -0.001821019221097231, 0.00263094250112772, -0.0018360548419877887, 0.0010880082845687866], [0.0002184179174946621, 0.0032898299396038055, -0.0011915838113054633, 0.005869725253432989, -0.002693454036489129, 0.0010281824506819248, -0.003361364360898733, 0.003964825998991728, -0.004306592047214508, 0.0030257264152169228, -0.0022119281347841024, 0.003946799784898758, -0.002474072854965925], [0.0003263446851633489, -0.003521955106407404, 0.000440342933870852, -0.002693454036489129, 0.008906535804271698, -0.004197241272777319, 0.004891723860055208, -0.002158412477001548, 0.0016116200713440776, -0.00343790790066123, 0.0035521730314940214, -0.0023517722729593515, 0.0011661533499136567], [-0.00023709703236818314, 0.0032248632051050663, -0.000950362766161561, 0.0010281824506819248, -0.004197241272777319, 0.01162145659327507, -0.004872141871601343, 0.0022540627978742123, -0.0024537346325814724, 0.0019387247739359736, -0.003856382332742214, 0.0031451110262423754, 9.811395284486935e-05], [0.0006284439004957676, -0.003547238651663065, 0.0013378182193264365, -0.003361364360898733, 0.004891723860055208, -0.004872141871601343, 0.009267915971577168, -0.003162040840834379, 0.003219392616301775, -0.002827430609613657, 0.0027592964470386505, -0.0047424728982150555, 0.0031788565684109926], [-0.00046467676293104887, 0.0025941350031644106, -0.001967743504792452, 0.003964825998991728, -0.002158412477001548, 0.0022540627978742123, -0.003162040840834379, 0.013223403133451939, -0.004925194662064314, 0.0018553081899881363, -0.0009161422494798899, 0.003377889981493354, -0.0008657915168441832], [0.0003772020572796464, -0.003057067980989814, 0.0025649904273450375, -0.004306592047214508, 0.0016116200713440776, -0.0024537346325814724, 0.003219392616301775, -0.004925194662064314, 0.015274137258529663, -0.0054608299396932125, 0.0038863595109432936, 0.00012201900244690478, 0.0013180645182728767], [-0.0005456286598928273, 0.0033037366811186075, -0.001821019221097231, 0.0030257264152169228, -0.00343790790066123, 0.0019387247739359736, -0.002827430609613657, 0.0018553081899881363, -0.0054608299396932125, 0.013937228359282017, -0.0047565302811563015, 0.0019430008251219988, 0.00040785851888358593], [0.00037859517033211887, -0.0026773938443511724, 0.00263094250112772, -0.0022119281347841024, 0.0035521730314940214, -0.003856382332742214, 0.0027592964470386505, -0.0009161422494798899, 0.0038863595109432936, -0.0047565302811563015, 0.017336171120405197, -0.0019295673118904233, 0.0017889873124659061], [-0.0006053055403754115, 0.0028876326978206635, -0.0018360548419877887, 0.003946799784898758, -0.0023517722729593515, 0.0031451110262423754, -0.0047424728982150555, 0.003377889981493354, 0.00012201900244690478, 0.0019430008251219988, -0.0019295673118904233, 0.017595158889889717, -0.0017710246611386538], [0.0006221341900527477, -0.001266215811483562, 0.0010880082845687866, -0.002474072854965925, 0.0011661533499136567, 9.811395284486935e-05, 0.0031788565684109926, -0.0008657915168441832, 0.0013180645182728767, 0.00040785851888358593, 0.0017889873124659061, -0.0017710246611386538, 0.012542402371764183]], "lowlevel.mfcc.cov": [[3028.112548828125, -993.6150512695312, 188.92857360839844, -244.6217803955078, -38.03114700317383, -130.64015197753906, -27.036195755004883, -108.11357879638672, -67.8478775024414, -11.176899909973145, 81.66107177734375, 201.695556640625, -134.48672485351562], [-993.6150512695312, 1811.5518798828125, -582.2421875, -167.7176513671875, -69.53775024414062, -169.6468963623047, 6.401425361633301, 43.58574295043945, 33.038185119628906, -160.13247680664062, 46.93711853027344, 48.71329116821289, -21.552791595458984], [188.92857360839844, -582.2421875, 429.9159851074219, 73.84031677246094, -12.604239463806152, 57.345970153808594, 14.96951961517334, 11.030531883239746, -13.263893127441406, 62.239341735839844, -16.562023162841797, -33.9049072265625, 17.556135177612305], [-244.6217803955078, -167.7176513671875, 73.84031677246094, 268.16387939453125, 22.27964210510254, 94.14146423339844, -11.867856979370117, 20.757896423339844, 17.540388107299805, 47.464412689208984, -45.2770881652832, -36.66561508178711, 25.684885025024414], [-38.03114700317383, -69.53775024414062, -12.604239463806152, 22.27964210510254, 354.4421691894531, -21.260133743286133, -25.861711502075195, -112.10953521728516, 75.58797454833984, -5.353185176849365, -6.8101019859313965, 3.1322803497314453, -4.847164630889893], [-130.64015197753906, -169.6468963623047, 57.345970153808594, 94.14146423339844, -21.260133743286133, 223.77069091796875, 16.8552188873291, 52.844017028808594, -15.031968116760254, 48.430259704589844, 16.41991424560547, -38.824222564697266, 51.40165328979492], [-27.036195755004883, 6.401425361633301, 14.96951961517334, -11.867856979370117, -25.861711502075195, 16.8552188873291, 138.8013458251953, 4.26838493347168, -4.364508152008057, -7.453312397003174, 14.685733795166016, 12.733363151550293, -9.864256858825684], [-108.11357879638672, 43.58574295043945, 11.030531883239746, 20.757896423339844, -112.10953521728516, 52.844017028808594, 4.26838493347168, 182.40806579589844, -31.84839630126953, 22.4111328125, 0.24767851829528809, -44.145057678222656, 42.084922790527344], [-67.8478775024414, 33.038185119628906, -13.263893127441406, 17.540388107299805, 75.58797454833984, -15.031968116760254, -4.364508152008057, -31.84839630126953, 123.14373016357422, 8.494546890258789, 2.8245677947998047, -4.6713480949401855, -1.286293625831604], [-11.176899909973145, -160.13247680664062, 62.239341735839844, 47.464412689208984, -5.353185176849365, 48.430259704589844, -7.453312397003174, 22.4111328125, 8.494546890258789, 130.90655517578125, 16.108760833740234, -9.967976570129395, 3.768138885498047], [81.66107177734375, 46.93711853027344, -16.562023162841797, -45.2770881652832, -6.8101019859313965, 16.41991424560547, 14.685733795166016, 0.24767851829528809, 2.8245677947998047, 16.108760833740234, 163.98638916015625, 35.645774841308594, -1.7339427471160889], [201.695556640625, 48.71329116821289, -33.9049072265625, -36.66561508178711, 3.1322803497314453, -38.824222564697266, 12.733363151550293, -44.145057678222656, -4.6713480949401855, -9.967976570129395, 35.645774841308594, 143.24624633789062, -40.51884078979492], [-134.48672485351562, -21.552791595458984, 17.556135177612305, 25.684885025024414, -4.847164630889893, 51.40165328979492, -9.864256858825684, 42.084922790527344, -1.286293625831604, 3.768138885498047, -1.7339427471160889, -40.51884078979492, 129.8897247314453]], "lowlevel.mfcc.icov": [[0.0006203537341207266, 0.0005506250308826566, 0.00022062052448745817, 0.0005397838540375233, 0.0001571407337905839, 0.0002702299680095166, 0.000244416412897408, -0.00010283387382514775, 1.9276627426734194e-05, 0.00032797042513266206, -0.0002176558191422373, -0.0006852867663837969, 0.00032191930222325027], [0.0005506250308826566, 0.001630141632631421, 0.0015736097702756524, 0.0005169863579794765, 0.00036257648025639355, 0.0007503885426558554, 5.9642949054250494e-05, -0.0005943127907812595, -0.00039756260230205953, 0.0009797830134630203, -0.00046342916903086007, -0.0005856429343111813, 0.00021811075566802174], [0.00022062052448745817, 0.0015736097702756524, 0.004403482191264629, -0.0002058194950222969, 0.0004072199808433652, 0.0005517411627806723, -0.0005277637974359095, -0.0002783744712360203, -4.4689066271530464e-05, -0.00019571025040932, -0.00019659468671306968, 0.00023963506100699306, -0.0001406100782332942], [0.0005397838540375233, 0.0005169863579794765, -0.0002058194950222969, 0.005599170457571745, -0.00014098043902777135, -0.001751577015966177, 0.000628794776275754, -0.0002696023730095476, -0.0008372009615413845, -0.0006969395326450467, 0.001420305110514164, -0.0005184189067222178, 0.00025745894527062774], [0.0001571407337905839, 0.00036257648025639355, 0.0004072199808433652, -0.00014098043902777135, 0.0040756817907094955, 7.271047070389614e-05, 0.0005671617109328508, 0.0022319131530821323, -0.0018547197105363011, 0.00026074243942275643, -0.00010691594798117876, 0.00017343374202027917, -0.00033431241172365844], [0.0002702299680095166, 0.0007503885426558554, 0.0005517411627806723, -0.001751577015966177, 7.271047070389614e-05, 0.006953075062483549, -0.0010287362383678555, -0.0010191514156758785, 0.000862232584040612, -0.000928172143176198, -0.0014412865275517106, 0.000568826450034976, -0.001626998302526772], [0.000244416412897408, 5.9642949054250494e-05, -0.0005277637974359095, 0.000628794776275754, 0.0005671617109328508, -0.0010287362383678555, 0.007832533679902554, -4.9223242967855185e-05, -0.00031586483237333596, 0.0009595493320375681, -0.0004784554475918412, -0.0008914312929846346, 0.000933571660425514], [-0.00010283387382514775, -0.0005943127907812595, -0.0002783744712360203, -0.0002696023730095476, 0.0022319131530821323, -0.0010191514156758785, -4.9223242967855185e-05, 0.008484529331326485, 0.000959765980951488, -0.0013531737495213747, -2.3307176888920367e-05, 0.001962597481906414, -0.0017196398694068193], [1.9276627426734194e-05, -0.00039756260230205953, -4.4689066271530464e-05, -0.0008372009615413845, -0.0018547197105363011, 0.000862232584040612, -0.00031586483237333596, 0.000959765980951488, 0.009957456961274147, -0.0012576577719300985, -0.00048560145660303533, 0.0007681736606173217, -0.0002515608794055879], [0.00032797042513266206, 0.0009797830134630203, -0.00019571025040932, -0.0006969395326450467, 0.00026074243942275643, -0.000928172143176198, 0.0009595493320375681, -0.0013531737495213747, -0.0012576577719300985, 0.010052265599370003, -0.001494778087362647, -0.00043947232188656926, 0.0010936472099274397], [-0.0002176558191422373, -0.00046342916903086007, -0.00019659468671306968, 0.001420305110514164, -0.00010691594798117876, -0.0014412865275517106, -0.0004784554475918412, -2.3307176888920367e-05, -0.00048560145660303533, -0.001494778087362647, 0.007402876857668161, -0.0016455792356282473, -0.00039490644121542573], [-0.0006852867663837969, -0.0005856429343111813, 0.00023963506100699306, -0.0005184189067222178, 0.00017343374202027917, 0.000568826450034976, -0.0008914312929846346, 0.001962597481906414, 0.0007681736606173217, -0.00043947232188656926, -0.0016455792356282473, 0.00969310849905014, 0.0013633216731250286], [0.00032191930222325027, 0.00021811075566802174, -0.0001406100782332942, 0.00025745894527062774, -0.00033431241172365844, -0.001626998302526772, 0.000933571660425514, -0.0017196398694068193, -0.0002515608794055879, 0.0010936472099274397, -0.00039490644121542573, 0.0013633216731250286, 0.009681683965027332]], "metadata.audio_properties.analysis.downmix": "mix", "metadata.audio_properties.codec": "mp3", "metadata.audio_properties.md5_encoded": "624a9afa84fca926749e61e4dab10c9b", "metadata.tags.file_name": "1182282517231964271.mp3", "metadata.version.essentia": "2.1-beta6-dev", "metadata.version.essentia_git_sha": "v2.1_beta5-1110-g77a6a954", "metadata.version.extractor": "music 2.0", "tonal.chords_key": "F", "tonal.chords_scale": "major", "tonal.key_edma.key": "Bb", "tonal.key_edma.scale": "major", "tonal.key_krumhansl.key": "Bb", "tonal.key_krumhansl.scale": "major", "tonal.ke