{"song_id": "1182274867865845780", "download": "https://cdn.discordapp.com/attachments/1128313332273782784/1182274867865845780/chirp.mp4?ex=65841a46&amp", "lyrics": "Anor'lo, Tind\u00f3m\u00eb, n\u00e9nu naa i elen,\nSilimaer'quen, l\u00e1 ring\u00eb n\u00e1 quentel.\nAmin mela lle, melme tenna lin,\nL\u00f3teo s\u00ed anor, elen siluva lyenna.\n\nNai elyea, und\u00f3miel, i vanya hiruva,\nGilthoniel, linnon er, s\u00ed elen siluva lyenna.", "style": ["1970</span><span>'s Japanese Jazz"], "essentia_features": {"lowlevel.average_loudness": 0.9099913239479065, "lowlevel.barkbands_crest.mean": 13.421422958374023, "lowlevel.barkbands_crest.stdev": 4.4296770095825195, "lowlevel.barkbands_flatness_db.mean": 0.29258841276168823, "lowlevel.barkbands_flatness_db.stdev": 0.14035595953464508, "lowlevel.barkbands_kurtosis.mean": 49.33708572387695, "lowlevel.barkbands_kurtosis.stdev": 54.23134231567383, "lowlevel.barkbands_skewness.mean": 3.419264793395996, "lowlevel.barkbands_skewness.stdev": 4.251947402954102, "lowlevel.barkbands_spread.mean": 15.618304252624512, "lowlevel.barkbands_spread.stdev": 26.307945251464844, "lowlevel.dissonance.mean": 0.4485827684402466, "lowlevel.dissonance.stdev": 0.043318770825862885, "lowlevel.dynamic_complexity": 18.532548904418945, "lowlevel.erbbands_crest.mean": 10.660123825073242, "lowlevel.erbbands_crest.stdev": 4.546847820281982, "lowlevel.erbbands_flatness_db.mean": 0.18835312128067017, "lowlevel.erbbands_flatness_db.stdev": 0.12530012428760529, "lowlevel.erbbands_kurtosis.mean": 7.155434608459473, "lowlevel.erbbands_kurtosis.stdev": 12.227402687072754, "lowlevel.erbbands_skewness.mean": 1.499157190322876, "lowlevel.erbbands_skewness.stdev": 1.9965380430221558, "lowlevel.erbbands_spread.mean": 46.96128845214844, "lowlevel.erbbands_spread.stdev": 35.043880462646484, "lowlevel.hfc.mean": 11.485934257507324, "lowlevel.hfc.stdev": 27.095966339111328, "lowlevel.loudness_ebu128.integrated": -29.334482192993164, "lowlevel.loudness_ebu128.loudness_range": 2.9848289489746094, "lowlevel.loudness_ebu128.momentary.mean": -41.79487991333008, "lowlevel.loudness_ebu128.momentary.stdev": 20.01929473876953, "lowlevel.loudness_ebu128.short_term.mean": -31.018447875976562, "lowlevel.loudness_ebu128.short_term.stdev": 1.1117591857910156, "lowlevel.melbands_crest.mean": 17.189876556396484, "lowlevel.melbands_crest.stdev": 5.096445083618164, "lowlevel.melbands_flatness_db.mean": 0.37190136313438416, "lowlevel.melbands_flatness_db.stdev": 0.13720820844173431, "lowlevel.melbands_kurtosis.mean": 89.8116683959961, "lowlevel.melbands_kurtosis.stdev": 85.87932586669922, "lowlevel.melbands_skewness.mean": 5.061969757080078, "lowlevel.melbands_skewness.stdev": 3.9022743701934814, "lowlevel.melbands_spread.mean": 21.81236457824707, "lowlevel.melbands_spread.stdev": 47.47633361816406, "lowlevel.pitch_salience.mean": 0.5394118428230286, "lowlevel.pitch_salience.stdev": 0.15219607949256897, "lowlevel.silence_rate_20dB.mean": 0.9991150498390198, "lowlevel.silence_rate_20dB.stdev": 0.02973499335348606, "lowlevel.silence_rate_30dB.mean": 0.9168141484260559, "lowlevel.silence_rate_30dB.stdev": 0.2761628329753876, "lowlevel.silence_rate_60dB.mean": 0.461061954498291, "lowlevel.silence_rate_60dB.stdev": 0.4984833002090454, "lowlevel.spectral_centroid.mean": 1393.524658203125, "lowlevel.spectral_centroid.stdev": 2221.655517578125, "lowlevel.spectral_complexity.mean": 3.5938053131103516, "lowlevel.spectral_complexity.stdev": 4.195497989654541, "lowlevel.spectral_decrease.mean": -8.698449960320431e-09, "lowlevel.spectral_decrease.stdev": 1.2442644248267243e-08, "lowlevel.spectral_energy.mean": 0.03387177363038063, "lowlevel.spectral_energy.stdev": 0.047767337411642075, "lowlevel.spectral_energyband_high.mean": 0.0008328777621500194, "lowlevel.spectral_energyband_high.stdev": 0.0036281845532357693, "lowlevel.spectral_energyband_low.mean": 0.02221020869910717, "lowlevel.spectral_energyband_low.stdev": 0.031618356704711914, "lowlevel.spectral_energyband_middle_high.mean": 0.00019688800966832787, "lowlevel.spectral_energyband_middle_high.stdev": 0.0004870437551289797, "lowlevel.spectral_energyband_middle_low.mean": 0.01342947967350483, "lowlevel.spectral_energyband_middle_low.stdev": 0.02165222354233265, "lowlevel.spectral_entropy.mean": 7.030962944030762, "lowlevel.spectral_entropy.stdev": 0.9946901202201843, "lowlevel.spectral_flux.mean": 0.0438271127641201, "lowlevel.spectral_flux.stdev": 0.04930897802114487, "lowlevel.spectral_kurtosis.mean": 4.217540740966797, "lowlevel.spectral_kurtosis.stdev": 4.128748893737793, "lowlevel.spectral_rms.mean": 0.0039941552095115185, "lowlevel.spectral_rms.stdev": 0.004134288523346186, "lowlevel.spectral_rolloff.mean": 2690.67333984375, "lowlevel.spectral_rolloff.stdev": 4947.76416015625, "lowlevel.spectral_skewness.mean": 1.7104661464691162, "lowlevel.spectral_skewness.stdev": 0.8680727481842041, "lowlevel.spectral_spread.mean": 7209928.5, "lowlevel.spectral_spread.stdev": 3007681.25, "lowlevel.spectral_strongpeak.mean": 0.8808959126472473, "lowlevel.spectral_strongpeak.stdev": 2.1268792152404785, "lowlevel.zerocrossingrate.mean": 0.1273411512374878, "lowlevel.zerocrossingrate.stdev": 0.1962682604789734, "metadata.audio_properties.analysis.equal_loudness": 0.0, "metadata.audio_properties.analysis.length": 26.19628143310547, "metadata.audio_properties.analysis.sample_rate": 44100.0, "metadata.audio_properties.analysis.start_time": 0.0, "metadata.audio_properties.bit_rate": 116435.0, "metadata.audio_properties.length": 26.19733238220215, "metadata.audio_properties.lossless": 0.0, "metadata.audio_properties.number_channels": 1.0, "metadata.audio_properties.replay_gain": 3.670480728149414, "metadata.audio_properties.sample_rate": 48000.0, "rhythm.beats_count": 58.0, "rhythm.beats_loudness.mean": 0.045889098197221756, "rhythm.beats_loudness.stdev": 0.056760523468256, "rhythm.bpm": 136.57876586914062, "rhythm.bpm_histogram_first_peak_bpm": 136.0, "rhythm.bpm_histogram_first_peak_weight": 0.44999998807907104, "rhythm.bpm_histogram_second_peak_bpm": 117.0, "rhythm.bpm_histogram_second_peak_spread": 0.5454545021057129, "rhythm.bpm_histogram_second_peak_weight": 0.08771929889917374, "rhythm.danceability": 1.1752902269363403, "rhythm.onset_rate": 2.4794654846191406, "tonal.chords_changes_rate": 0.14134275913238525, "tonal.chords_number_rate": 0.019434629008173943, "tonal.chords_strength.mean": 0.4863765835762024, "tonal.chords_strength.stdev": 0.09065359830856323, "tonal.hpcp_crest.mean": 12.628116607666016, "tonal.hpcp_crest.stdev": 6.501649856567383, "tonal.hpcp_entropy.mean": 1.9924660921096802, "tonal.hpcp_entropy.stdev": 0.826389729976654, "tonal.key_edma.strength": 0.47276321053504944, "tonal.key_krumhansl.strength": 0.4686666429042816, "tonal.key_temperley.strength": 0.46331897377967834, "tonal.tuning_diatonic_strength": 0.5910515189170837, "tonal.tuning_equal_tempered_deviation": 0.3108503818511963, "tonal.tuning_frequency": 446.1421813964844, "tonal.tuning_nontempered_energy_ratio": 0.916532576084137, "lowlevel.barkbands.mean": [1.3682337339560036e-05, 0.014502109959721565, 0.00489966431632638, 0.007690754719078541, 0.0035987955052405596, 0.0013283428270369768, 0.0006262616370804608, 0.00014008028665557504, 3.961102993343957e-05, 1.837042327679228e-05, 2.575782491476275e-05, 1.7601714716874994e-05, 2.4416003725491464e-05, 2.323304579476826e-05, 2.259035682072863e-05, 2.913941534643527e-05, 1.707466617517639e-05, 3.657215984276263e-06, 7.853190254536457e-06, 1.8684600945562124e-05, 0.000209631267352961, 0.00010115066106664017, 0.00014181029109749943, 0.0001058994239429012, 0.00018017897673416883, 8.511971100233495e-05, 2.983651654631103e-07], "lowlevel.barkbands.stdev": [3.856729745166376e-05, 0.02015828527510166, 0.010888990946114063, 0.012573479674756527, 0.009167450480163097, 0.004281934350728989, 0.002506226534023881, 0.0005379221984185278, 0.00019995348702650517, 8.02892172941938e-05, 0.00012859745766036212, 0.00011311413982184604, 0.00011676910798996687, 0.00013141636736690998, 0.00013113980821799487, 0.00011792287114076316, 5.889329986530356e-05, 5.26521798747126e-05, 5.0331789680058137e-05, 0.00012514556874521077, 0.0013942066580057144, 0.0005023824633099139, 0.0008816734771244228, 0.0005656977882608771, 0.0008248969097621739, 0.0002998753043357283, 2.19492835640267e-06], "lowlevel.erbbands.mean": [0.12187786400318146, 4.087032794952393, 8.734466552734375, 13.466651916503906, 24.80986785888672, 6.455739974975586, 8.582174301147461, 11.734451293945312, 9.723045349121094, 7.440557479858398, 2.318326950073242, 1.0061577558517456, 0.6002821922302246, 0.8953110575675964, 0.8684964179992676, 0.7514218091964722, 1.0632660388946533, 1.054430365562439, 1.4589409828186035, 1.0845874547958374, 1.8195031881332397, 0.8737489581108093, 0.23909685015678406, 0.22576193511486053, 0.6391879916191101, 0.9598141312599182, 5.891933441162109, 8.409696578979492, 4.0135498046875, 3.0486598014831543, 3.9728658199310303, 2.8177947998046875, 1.5163944959640503, 1.6763921976089478, 1.5152491331100464, 0.5535376071929932, 0.08356697857379913, 0.005349298007786274, 0.00015637773321941495, 4.7921806981321424e-05], "lowlevel.erbbands.stdev": [0.15731538832187653, 5.779627323150635, 16.71225357055664, 20.604907989501953, 50.45539093017578, 13.120199203491211, 25.125173568725586, 39.77702713012695, 50.641746520996094, 23.773542404174805, 8.616161346435547, 5.011553764343262, 2.2635607719421387, 4.196319103240967, 4.552840709686279, 4.661051273345947, 5.033701419830322, 4.434232711791992, 8.949366569519043, 5.066769599914551, 6.385608673095703, 3.0774788856506348, 3.060793876647949, 1.2650237083435059, 4.459217071533203, 6.314004898071289, 44.12229537963867, 49.84559631347656, 19.955493927001953, 17.295001983642578, 25.106294631958008, 17.00014305114746, 7.1550140380859375, 8.138142585754395, 6.607173442840576, 1.932276725769043, 0.2934800982475281, 0.01995823159813881, 0.0005280165350995958, 6.728135485900566e-05], "lowlevel.gfcc.mean": [-302.8543395996094, 46.12600326538086, -16.807010650634766, 60.62748336791992, -46.601139068603516, 24.618911743164062, -38.491432189941406, -0.7670712471008301, -15.282339096069336, 13.911324501037598, -25.832353591918945, 0.5400851368904114, -9.587148666381836], "lowlevel.melbands.mean": [0.002597021870315075, 0.005080949515104294, 0.0029248835053294897, 0.0010061539942398667, 0.00028937842580489814, 0.0002574763784650713, 0.0001479657512390986, 6.950578972464427e-05, 1.5079634067660663e-05, 5.45239754501381e-06, 2.799678668452543e-06, 3.4507606869738083e-06, 3.215365268260939e-06, 2.0223289993737126e-06, 2.2426627310778713e-06, 2.260638211737387e-06, 1.9044334749196423e-06, 2.491697159712203e-06, 1.4574828810509644e-06, 1.5491880276385928e-06, 2.312842298124451e-06, 1.0877943168452475e-06, 2.493168835826509e-07, 1.5881900594649778e-07, 1.630475878755533e-07, 3.511819102186564e-07, 6.35497030998522e-07, 4.861979050474474e-07, 2.2756805719836848e-06, 6.3869269979477394e-06, 4.399596491566626e-06, 2.618754706418258e-06, 1.1184124559804332e-06, 1.984500386242871e-06, 2.3288898773898836e-06, 2.199192749685608e-06, 1.5811031062185066e-06, 1.1454856121417833e-06, 6.652999218204059e-07, 1.8183969814344891e-06], "lowlevel.melbands.stdev": [0.003451037220656872, 0.008206837810575962, 0.0046160235069692135, 0.0021481323055922985, 0.0007687194156460464, 0.000909122172743082, 0.000706995080690831, 0.00022323148732539266, 6.173556903377175e-05, 2.727594801399391e-05, 1.0702225154091138e-05, 1.6378391592297703e-05, 1.627331948839128e-05, 1.1842637832160108e-05, 1.274063833989203e-05, 1.0957971426250879e-05, 8.76617014000658e-06, 1.603411692485679e-05, 7.60254988563247e-06, 7.58969417802291e-06, 7.52643245505169e-06, 3.8506550481542945e-06, 2.9029827146587195e-06, 2.2712847567163408e-06, 8.687214290148404e-07, 2.5703193387016654e-06, 4.634789092961e-06, 3.263842245360138e-06, 1.8230799469165504e-05, 4.5546821638708934e-05, 2.3599553969688714e-05, 1.2399686056596693e-05, 6.644398126809392e-06, 1.152524146164069e-05, 1.4867850040900521e-05, 1.4439128790399991e-05, 9.35723255679477e-06, 5.450179742183536e-06, 3.058486754525802e-06, 9.833455806074198e-06], "lowlevel.melbands128.mean": [7.200495929282624e-06, 0.00011421170347603038, 0.002875006292015314, 0.00873661134392023, 0.006233306135982275, 0.0016818057047203183, 0.002217408735305071, 0.0044489954598248005, 0.002599183237180114, 0.000443067227024585, 0.0002254120772704482, 0.0003216455224901438, 0.0003047992358915508, 0.00024985300842672586, 0.00028230666066519916, 0.0002676371077541262, 0.0001658016408327967, 0.00012706058623734862, 0.00012295904161874205, 9.091968240682036e-05, 3.5981418477604166e-05, 1.9390017769183032e-05, 1.4157320947560947e-05, 8.493655514030252e-06, 6.942722848179983e-06, 3.4490910820750287e-06, 3.4253964713570895e-06, 2.764000100796693e-06, 2.3088448415364837e-06, 2.4725275125092594e-06, 4.324092060414841e-06, 4.5873093768022954e-06, 2.890062205551658e-06, 2.526856633267016e-06, 2.3721383968222653e-06, 1.5619876876371563e-06, 1.9987612631666707e-06, 2.01986017600575e-06, 2.787751554933493e-06, 2.2988219825492706e-06, 2.204094471380813e-06, 2.1275554900057614e-06, 1.6304887822116143e-06, 1.775371970325068e-06, 2.691946974664461e-06, 2.849306156349485e-06, 2.139618345609051e-06, 1.1423325076975743e-06, 1.3676630032932735e-06, 1.411098651260545e-06, 1.3467579265125096e-06, 1.892369596134813e-06, 2.575858843556489e-06, 2.4494784156559035e-06, 1.8697398900258122e-06, 1.0303039061909658e-06, 3.553630563146726e-07, 2.4663347630848875e-07, 2.231619617987235e-07, 2.0313204629474058e-07, 1.6395102875321754e-07, 1.1488246087765219e-07, 1.4287097371834534e-07, 1.6462821861296106e-07, 2.1633162816669937e-07, 3.2967039942377596e-07, 4.3678375050149043e-07, 5.376445528781915e-07, 7.762322979942837e-07, 6.781652359677537e-07, 3.0915879278836655e-07, 4.5194158815320407e-07, 7.602447453791683e-07, 2.1807147732033627e-06, 4.352436008048244e-06, 7.59320801080321e-06, 6.803139058320085e-06, 4.778193670063047e-06, 4.239674581185682e-06, 3.980043857154669e-06, 2.9094894671288785e-06, 2.289438043590053e-06, 1.1628802667473792e-06, 8.24115716113738e-07, 1.22673770874826e-06, 1.4286090390669415e-06, 2.6010782221419504e-06, 2.521588157833321e-06, 2.257621417811606e-06, 2.103206270476221e-06, 2.567457613622537e-06, 2.233251734651276e-06, 1.555857238599856e-06, 1.6217309166677296e-06, 1.5980377838786808e-06, 1.2476967867769417e-06, 1.0666801699699135e-06, 9.785887868929422e-07, 6.000680059514707e-07, 4.646128388685611e-07, 8.360844958588132e-07, 1.5753084880998358e-06, 3.7024485664005624e-06, 2.980197223223513e-06, 1.2747181017402909e-06, 7.559949040114589e-07, 1.6356622154489742e-06, 1.5342102415161207e-06, 8.658574870423763e-07, 4.870116754318587e-07, 6.844090876256814e-07, 3.076454788697447e-07, 1.5259888641594443e-07, 1.11750971143465e-07, 8.955449004588445e-08, 3.927906533363057e-08, 1.09392859215518e-08, 4.292164845765001e-09, 3.998888720158078e-11, 1.0678754755466535e-11, 9.266136469232578e-12, 8.79283278132359e-12, 8.582900015707828e-12, 8.333697447404642e-12, 7.225716552872186e-12, 5.321141964553799e-12, 4.2940490573017964e-12, 4.130484149156288e-12], "lowlevel.melbands128.stdev": [2.0023218894493766e-05, 0.00021790149912703782, 0.0037718338426202536, 0.012705247849225998, 0.01158964540809393, 0.0035304701887071133, 0.00383123941719532, 0.007635169662535191, 0.006266735028475523, 0.0014755168231204152, 0.00042678278987295926, 0.0009051199303939939, 0.0011368776904419065, 0.0006944618653506041, 0.0009262842941097915, 0.001602101605385542, 0.0014616764383390546, 0.000550579687114805, 0.00047886878019198775, 0.0003436043916735798, 0.0001408410898875445, 8.920337131712586e-05, 7.484163506887853e-05, 5.2577783208107576e-05, 4.573600017465651e-05, 1.3955330359749496e-05, 1.5926823834888637e-05, 1.1952545719395857e-05, 8.731901289138477e-06, 1.4348143849929329e-05, 2.379355464654509e-05, 2.5665880457381718e-05, 1.587065889907535e-05, 1.9321960280649364e-05, 1.6098696505650878e-05, 7.669887963857036e-06, 2.1243078663246706e-05, 1.2028163837385364e-05, 1.6026860976126045e-05, 1.1858928701258264e-05, 1.3322362065082416e-05, 1.262252226297278e-05, 8.345799869857728e-06, 9.768405107024591e-06, 2.337724799872376e-05, 1.861958298832178e-05, 1.8678592823562212e-05, 5.870026598131517e-06, 8.009485100046732e-06, 9.230868272425141e-06, 7.522389296354959e-06, 1.0722957085818052e-05, 9.441302609047852e-06, 7.698794433963485e-06, 6.434782790165627e-06, 4.9945260798267554e-06, 1.77940762569051e-06, 2.9358607207541354e-06, 3.321348003737512e-06, 3.5686791761690984e-06, 2.6612678993842565e-06, 1.1811058584498824e-06, 1.0294754702044884e-06, 8.521568020114501e-07, 1.3978186643726076e-06, 3.0637800136901205e-06, 3.3649487249931553e-06, 3.7223439903755207e-06, 6.092533567425562e-06, 5.9933040574833285e-06, 1.7405409380444326e-06, 4.209051894576987e-06, 6.090306669648271e-06, 1.7995813323068433e-05, 3.721506436704658e-05, 5.9808968217112124e-05, 4.840946348849684e-05, 2.9498953153961338e-05, 2.2184436602401547e-05, 1.95389220607467e-05, 1.3752222912444267e-05, 1.2480301847972441e-05, 8.191835149773397e-06, 5.198804046813166e-06, 7.781166459608357e-06, 8.186683771782555e-06, 1.5998395610949956e-05, 1.5771305697853677e-05, 1.5161000192165375e-05, 1.4382644621946383e-05, 1.9868173694703728e-05, 1.4236314200388733e-05, 1.088589215214597e-05, 1.0582710274320561e-05, 9.231931471731514e-06, 6.566646788996877e-06, 4.89176090923138e-06, 5.288645752443699e-06, 3.3023461583070457e-06, 2.1477405880432343e-06, 3.978662334702676e-06, 9.312899237556849e-06, 2.1822495909873396e-05, 1.5976213035173714e-05, 5.096215318189934e-06, 2.751491365415859e-06, 7.1921840572031215e-06, 5.970606252958532e-06, 2.976984887936851e-06, 1.7550692064105533e-06, 3.858376658172347e-06, 1.174379121948732e-06, 5.252196615401772e-07, 4.720640447430924e-07, 3.5370899809095135e-07, 2.4186925884350785e-07, 6.224292548040466e-08, 5.0355019709513726e-08, 6.226802407027776e-10, 4.772557696264279e-11, 2.1356126936322717e-11, 1.3957125385988256e-11, 1.3070225457489926e-11, 1.284086118685801e-11, 1.2593690847106931e-11, 1.239834450383892e-11, 1.2272937006951867e-11, 1.220033362531181e-11], "lowlevel.mfcc.mean": [-949.5469970703125, 82.34416198730469, 78.18929290771484, 42.328269958496094, 26.266605377197266, 30.462528228759766, -4.056518077850342, -2.2669241428375244, 11.699016571044922, 0.9892088770866394, -3.3969945907592773, 8.65231704711914, 2.835008144378662], "lowlevel.spectral_contrast_coeffs.mean": [-0.7279825806617737, -0.7924486994743347, -0.8714885115623474, -0.8455943465232849, -0.827255368232727, -0.7904344201087952], "lowlevel.spectral_contrast_coeffs.stdev": [0.10236696898937225, 0.11577613651752472, 0.055313482880592346, 0.07856223732233047, 0.08432366698980331, 0.08101886510848999], "lowlevel.spectral_contrast_valleys.mean": [-9.069792747497559, -10.176345825195312, -11.299654006958008, -11.247248649597168, -11.352188110351562, -12.350754737854004], "lowlevel.spectral_contrast_valleys.stdev": [3.4291813373565674, 2.928884744644165, 2.5949883460998535, 2.46056866645813, 2.171461582183838, 2.314438581466675], "rhythm.beats_loudness_band_ratio.mean": [0.736486554145813, 0.09266297519207001, 0.01995881460607052, 0.003913878928869963, 0.009195875376462936, 0.16980426013469696], "rhythm.beats_loudness_band_ratio.stdev": [0.3458407521247864, 0.11548547446727753, 0.030545419082045555, 0.007162754889577627, 0.02698538824915886, 0.35021060705184937], "tonal.hpcp.mean": [0.01722906529903412, 0.008491282351315022, 0.009213360957801342, 0.015434658154845238, 0.017510807141661644, 0.016051018610596657, 0.016253581270575523, 0.02052129991352558, 0.0319560207426548, 0.027254093438386917, 0.02593156509101391, 0.04674622043967247, 0.049417540431022644, 0.04173702001571655, 0.05277711898088455, 0.059224933385849, 0.06752385199069977, 0.08192168176174164, 0.1036379262804985, 0.1472928822040558, 0.19402126967906952, 0.2769290804862976, 0.36972343921661377, 0.29695823788642883, 0.15593533217906952, 0.1152876615524292, 0.10662131756544113, 0.08299066126346588, 0.05535067990422249, 0.038305360823869705, 0.02552100084722042, 0.02141409181058407, 0.017167000100016594, 0.027729853987693787, 0.05684849992394447, 0.048349641263484955], "tonal.hpcp.stdev": [0.0708119347691536, 0.030582759529352188, 0.029347257688641548, 0.07613416016101837, 0.086297906935215, 0.058558668941259384, 0.059551872313022614, 0.08651906996965408, 0.12738104164600372, 0.1106366291642189, 0.10772665590047836, 0.17116843163967133, 0.17114785313606262, 0.1478608250617981, 0.18075525760650635, 0.19381199777126312, 0.20461921393871307, 0.22768044471740723, 0.24066230654716492, 0.274924099445343, 0.3176118731498718, 0.3782520890235901, 0.41250693798065186, 0.38187873363494873, 0.30071505904197693, 0.26417574286460876, 0.2528614401817322, 0.23323333263397217, 0.18174739181995392, 0.15965603291988373, 0.11957947164773941, 0.11269890516996384, 0.0908271074295044, 0.11764655262231827, 0.18940840661525726, 0.16317105293273926], "rhythm.beats_position": [0.4411791265010834, 0.8823582530021667, 1.3235373497009277, 1.7647165060043335, 2.1942856311798096, 2.635464906692505, 3.088253974914551, 3.529433012008667, 3.9706122875213623, 4.388571262359619, 4.794920444488525, 5.212879657745361, 5.642448902130127, 6.072018146514893, 6.501587390899658, 6.931156158447266, 7.372335433959961, 7.894784450531006, 8.405623435974121, 8.962902069091797, 9.520181655883789, 10.065850257873535, 10.51863956451416, 10.983037948608398, 11.424217224121094, 11.888616561889648, 12.364625930786133, 12.85224437713623, 13.293423652648926, 13.74621295928955, 14.210612297058105, 14.675010681152344, 15.10457992553711, 15.545759201049805, 15.9869384765625, 16.486167907714844, 16.997007369995117, 17.496234893798828, 18.0070743560791, 18.517913818359375, 19.02875328063965, 19.55120086669922, 20.073650360107422, 20.596099853515625, 20.979228973388672, 21.36235809326172, 21.745487213134766, 22.105396270751953, 22.46530532836914, 22.848434448242188, 23.219953536987305, 23.579862594604492, 23.939773559570312, 24.27646255493164, 24.61315155029297, 24.961450576782227, 25.309749603271484, 25.646438598632812], "rhythm.bpm_histogram": [0.0, 0.0, 0.0, 0.0, 0.0, 0.0, 0.0, 0.0, 0.0, 0.0, 0.0, 0.0, 0.0, 0.0, 0.0, 0.0, 0.0, 0.0, 0.0, 0.0, 0.0, 0.0, 0.0, 0.0, 0.0, 0.0, 0.0, 0.0, 0.0, 0.0, 0.0, 0.0, 0.0, 0.0, 0.0, 0.0, 0.0, 0.0, 0.0, 0.0, 0.0, 0.0, 0.0, 0.0, 0.0, 0.0, 0.0, 0.0, 0.0, 0.0, 0.0, 0.0, 0.0, 0.0, 0.0, 0.0, 0.0, 0.0, 0.0, 0.0, 0.0, 0.0, 0.0, 0.0, 0.0, 0.0, 0.0, 0.0, 0.0, 0.0, 0.0, 0.0, 0.0, 0.0, 0.0, 0.0, 0.0, 0.0, 0.0, 0.0, 0.0, 0.0, 0.0, 0.0, 0.0, 0.0, 0.0, 0.0, 0.0, 0.0, 0.0, 0.0, 0.0, 0.0, 0.0, 0.0, 0.0, 0.0, 0.0, 0.0, 0.0, 0.0, 0.0, 0.0, 0.0, 0.0, 0.0, 0.0, 0.035087719559669495, 0.0, 0.017543859779834747, 0.0, 0.0, 0.0, 0.0, 0.07017543911933899, 0.0, 0.08771929889917374, 0.0, 0.0, 0.035087719559669495, 0.0, 0.0, 0.017543859779834747, 0.0, 0.0, 0.017543859779834747, 0.0, 0.0, 0.07017543911933899, 0.0, 0.0, 0.0, 0.05263157933950424, 0.0, 0.0, 0.19298245012760162, 0.0, 0.0, 0.0, 0.10526315867900848, 0.0, 0.0, 0.0, 0.035087719559669495, 0.0, 0.0, 0.0, 0.017543859779834747, 0.0, 0.0, 0.0, 0.0, 0.0, 0.0, 0.0, 0.0, 0.07017543911933899, 0.0, 0.0, 0.0, 0.017543859779834747, 0.0, 0.0, 0.0, 0.0, 0.0, 0.07017543911933899, 0.0, 0.0, 0.0, 0.0, 0.035087719559669495, 0.0, 0.0, 0.0, 0.0, 0.0, 0.05263157933950424, 0.0, 0.0, 0.0, 0.0, 0.0, 0.0, 0.0, 0.0, 0.0, 0.0, 0.0, 0.0, 0.0, 0.0, 0.0, 0.0, 0.0, 0.0, 0.0, 0.0, 0.0, 0.0, 0.0, 0.0, 0.0, 0.0, 0.0, 0.0, 0.0, 0.0, 0.0, 0.0, 0.0, 0.0, 0.0, 0.0, 0.0, 0.0, 0.0, 0.0, 0.0, 0.0, 0.0, 0.0, 0.0, 0.0, 0.0, 0.0, 0.0, 0.0, 0.0, 0.0, 0.0, 0.0, 0.0, 0.0, 0.0, 0.0, 0.0, 0.0, 0.0, 0.0, 0.0, 0.0, 0.0, 0.0, 0.0, 0.0, 0.0, 0.0, 0.0], "tonal.chords_histogram": [11.66077709197998, 1.766784429550171, 2.1201412677764893, 1.2367491722106934, 4.063604354858398, 0.0, 0.0, 9.717314720153809, 33.21554946899414, 22.968198776245117, 0.0, 0.5300353169441223, 4.416961193084717, 0.0, 0.17667844891548157, 0.0, 0.7067137956619263, 4.946996688842773, 0.0, 0.0, 0.0, 0.17667844891548157, 2.2968196868896484, 0.0], "tonal.thpcp": [1.0, 0.8031901717185974, 0.4217621088027954, 0.3118213415145874, 0.28838127851486206, 0.22446686029434204, 0.1497083306312561, 0.10360544174909592, 0.06902727484703064, 0.0579192154109478, 0.0464320033788681, 0.07500161230564117, 0.15375952422618866, 0.1307724565267563, 0.046599872410297394, 0.022966578602790833, 0.024919601157307625, 0.04174649715423584, 0.04736190661787987, 0.04341358318924904, 0.043961457908153534, 0.055504459887742996, 0.08643222600221634, 0.07371480762958527, 0.07013773918151855, 0.12643563747406006, 0.13366082310676575, 0.11288713663816452, 0.14274756610393524, 0.16018712520599365, 0.1826334148645401, 0.2215755730867386, 0.28031203150749207, 0.3983866572380066, 0.5247740745544434, 0.7490168213844299], "lowlevel.gfcc.cov": [[70886.5078125, 10937.298828125, 2126.545166015625, 3216.124267578125, -1467.3231201171875, 264.2936096191406, -2786.2421875, -1065.53173828125, 463.986083984375, 1041.29736328125, -1315.5706787109375, 286.8280944824219, 585.150146484375], [10937.298828125, 11134.99609375, -321.03790283203125, -881.4282836914062, 600.2620239257812, -1146.377685546875, -808.3447875976562, -985.3396606445312, 139.1464385986328, -629.6727294921875, -110.56111907958984, -405.34686279296875, 181.17210388183594], [2126.545166015625, -321.03790283203125, 1264.5902099609375, 483.0317687988281, -187.7664337158203, 200.90357971191406, -50.996543884277344, 19.692676544189453, 18.883522033691406, 96.34900665283203, -121.11669921875, 149.44020080566406, 109.15687561035156], [3216.124267578125, -881.4282836914062, 483.0317687988281, 1022.1669921875, -6.418301105499268, 89.85105895996094, -244.27529907226562, -35.18779373168945, 65.64389038085938, 144.9446258544922, -67.5269775390625, -10.95943546295166, 77.03992462158203], [-1467.3231201171875, 600.2620239257812, -187.7664337158203, -6.418301105499268, 356.4167175292969, -113.88014221191406, -99.7120132446289, -98.14331817626953, 31.859012603759766, -91.82649230957031, 29.430002212524414, -114.31198120117188, -18.37303352355957], [264.2936096191406, -1146.377685546875, 200.90357971191406, 89.85105895996094, -113.88014221191406, 470.23736572265625, 217.93687438964844, 125.67338562011719, -8.407755851745605, 135.69741821289062, -44.18837356567383, 63.32416534423828, -42.19164276123047], [-2786.2421875, -808.3447875976562, -50.996543884277344, -244.27529907226562, -99.7120132446289, 217.93687438964844, 603.5122680664062, 200.96762084960938, -117.91925811767578, 11.382387161254883, 97.29837036132812, 57.446781158447266, -28.544519424438477], [-1065.53173828125, -985.3396606445312, 19.692676544189453, -35.18779373168945, -98.14331817626953, 125.67338562011719, 200.96762084960938, 270.377685546875, -18.187952041625977, 53.39564895629883, 17.945701599121094, 70.5367431640625, -17.884075164794922], [463.986083984375, 139.1464385986328, 18.883522033691406, 65.64389038085938, 31.859012603759766, -8.407755851745605, -117.91925811767578, -18.187952041625977, 191.1366729736328, 66.61168670654297, -39.490482330322266, -38.929161071777344, 5.336921215057373], [1041.29736328125, -629.6727294921875, 96.34900665283203, 144.9446258544922, -91.82649230957031, 135.69741821289062, 11.382387161254883, 53.39564895629883, 66.61168670654297, 219.75425720214844, -5.732544898986816, 14.269996643066406, -18.765718460083008], [-1315.5706787109375, -110.56111907958984, -121.11669921875, -67.5269775390625, 29.430002212524414, -44.18837356567383, 97.29837036132812, 17.945701599121094, -39.490482330322266, -5.732544898986816, 159.88726806640625, -3.2251620292663574, -0.2301958203315735], [286.8280944824219, -405.34686279296875, 149.44020080566406, -10.95943546295166, -114.31198120117188, 63.32416534423828, 57.446781158447266, 70.5367431640625, -38.929161071777344, 14.269996643066406, -3.2251620292663574, 151.40379333496094, 43.80702209472656], [585.150146484375, 181.17210388183594, 109.15687561035156, 77.03992462158203, -18.37303352355957, -42.19164276123047, -28.544519424438477, -17.884075164794922, 5.336921215057373, -18.765718460083008, -0.2301958203315735, 43.80702209472656, 138.9423370361328]], "lowlevel.gfcc.icov": [[8.644218178233132e-05, -0.00019763209274969995, 0.0001692088699201122, -0.00036682275822386146, 0.0004306703631300479, -0.0003057895810343325, 0.00029074354097247124, -0.00017584211309440434, 0.00026778856408782303, -0.0004633792268577963, 0.00026946296566165984, -0.0003438838757574558, 1.299231939810852e-06], [-0.00019763209274969995, 0.0006616475293412805, -0.000495457963552326, 0.0010838458547368646, -0.0010306357871741056, 0.0009531951509416103, -0.0006571856210939586, 0.0009042401215992868, -0.0007161892717704177, 0.0012385889422148466, -0.00044462864752858877, 0.001132501638494432, -0.00027061294531449676], [0.0001692088699201122, -0.000495457963552326, 0.0016648571472615004, -0.0013866786612197757, 0.0011474742786958814, -0.0010158555814996362, 0.0004450081323739141, -0.0002821682137437165, 0.00042763957753777504, -0.0008896014769561589, 0.0010301804868504405, -0.001845788792707026, -0.00026020052609965205], [-0.00036682275822386146, 0.0010838458547368646, -0.0013866786612197757, 0.0034748706966638565, -0.0021604388020932674, 0.0012316302163526416, -0.00039427552837878466, 0.0009615941089577973, -0.0007104352116584778, 0.0011780404020100832, -0.0010596337961032987, 0.002826638286933303, -0.001281202188692987], [0.0004306703631300479, -0.0010306357871741056, 0.0011474742786958814, -0.0021604388020932674, 0.006772010121494532, -0.0019050640985369682, 0.0018385507864877582, -0.000549940625205636, 0.00040850750519894063, -0.00017593949451111257, 6.596482126042247e-05, 0.0006693484610877931, 0.0002000985259655863], [-0.0003057895810343325, 0.0009531951509416103, -0.0010158555814996362, 0.0012316302163526416, -0.0019050640985369682, 0.005472459364682436, -0.002751055173575878, 0.0011363700032234192, -0.0009679794311523438, -0.00012013327068416402, 0.0010715818498283625, 0.000501717091538012, 0.0010155909694731236], [0.00029074354097247124, -0.0006571856210939586, 0.0004450081323739141, -0.00039427552837878466, 0.0018385507864877582, -0.002751055173575878, 0.004743087571114302, -0.0025054155848920345, 0.0023315877187997103, -0.0011601288570091128, -0.001061906572431326, 1.4586378711101133e-05, -0.0006914589321240783], [-0.00017584211309440434, 0.0009042401215992868, -0.0002821682137437165, 0.0009615941089577973, -0.000549940625205636, 0.0011363700032234192, -0.0025054155848920345, 0.0075896489433944225, -0.0017557103419676423, 0.0009130830294452608, 3.737929728231393e-05, -0.0010575565975159407, 0.000508782162796706], [0.00026778856408782303, -0.0007161892717704177, 0.00042763957753777504, -0.0007104352116584778, 0.00040850750519894063, -0.0009679794311523438, 0.0023315877187997103, -0.0017557103419676423, 0.008796331472694874, -0.004751977510750294, 0.0021860115230083466, 0.0009050117805600166, -0.0013842686312273145], [-0.0004633792268577963, 0.0012385889422148466, -0.0008896014769561589, 0.0011780404020100832, -0.00017593949451111257, -0.00012013327068416402, -0.0011601288570091128, 0.0009130830294452608, -0.004751977510750294, 0.01103817019611597, -0.0032570604234933853, 0.0024394341744482517, 0.0011004407424479723], [0.00026946296566165984, -0.00044462864752858877, 0.0010301804868504405, -0.0010596337961032987, 6.596482126042247e-05, 0.0010715818498283625, -0.001061906572431326, 3.737929728231393e-05, 0.0021860115230083466, -0.0032570604234933853, 0.00981426052749157, -0.001532234949991107, -0.0006806011078879237], [-0.0003438838757574558, 0.001132501638494432, -0.001845788792707026, 0.002826638286933303, 0.0006693484610877931, 0.000501717091538012, 1.4586378711101133e-05, -0.0010575565975159407, 0.0009050117805600166, 0.0024394341744482517, -0.001532234949991107, 0.014298428781330585, -0.004253885708749294], [1.299231939810852e-06, -0.00027061294531449676, -0.00026020052609965205, -0.001281202188692987, 0.0002000985259655863, 0.0010155909694731236, -0.0006914589321240783, 0.000508782162796706, -0.0013842686312273145, 0.0011004407424479723, -0.0006806011078879237, -0.004253885708749294, 0.010259601287543774]], "lowlevel.mfcc.cov": [[49001.8203125, 7886.326171875, 4108.93310546875, 2317.629638671875, 808.2401733398438, 1484.7579345703125, -2241.911865234375, -1522.5947265625, 743.3948974609375, -210.96795654296875, -1602.281982421875, 1143.5579833984375, 207.39602661132812], [7886.326171875, 7359.54052734375, 467.3448181152344, 592.6781005859375, 261.35638427734375, 89.38121032714844, -223.90362548828125, -409.3424072265625, 19.301223754882812, -295.9757080078125, -754.4063720703125, 430.8630065917969, 15.047075271606445], [4108.93310546875, 467.3448181152344, 1378.599609375, 389.906982421875, 215.84945678710938, 295.22808837890625, -266.1855773925781, -55.73573303222656, 166.5908966064453, -114.3541030883789, -102.4741439819336, 76.15806579589844, 96.27335357666016], [2317.629638671875, 592.6781005859375, 389.906982421875, 799.1481323242188, 380.9363098144531, 47.743507385253906, -182.5877227783203, -213.57969665527344, -7.706509590148926, 12.509126663208008, -205.2704620361328, -14.071675300598145, -49.7639045715332], [808.2401733398438, 261.35638427734375, 215.84945678710938, 380.9363098144531, 525.7763671875, 79.45988464355469, -248.65237426757812, -170.27838134765625, -12.771841049194336, 58.33915710449219, -123.71375274658203, -46.23833465576172, -39.37980651855469], [1484.7579345703125, 89.38121032714844, 295.22808837890625, 47.743507385253906, 79.45988464355469, 325.3733825683594, -57.96358108520508, -36.107566833496094, 52.884925842285156, 13.640499114990234, 2.0518546104431152, 76.42625427246094, 5.714864730834961], [-2241.911865234375, -223.90362548828125, -266.1855773925781, -182.5877227783203, -248.65237426757812, -57.96358108520508, 443.61358642578125, 169.6593017578125, -53.478607177734375, -16.614456176757812, 119.66326904296875, -23.408626556396484, 6.565622329711914], [-1522.5947265625, -409.3424072265625, -55.73573303222656, -213.57969665527344, -170.27838134765625, -36.107566833496094, 169.6593017578125, 259.2057189941406, 23.837486267089844, -46.44429397583008, 99.4027328491211, -23.791576385498047, 27.746366500854492], [743.3948974609375, 19.301223754882812, 166.5908966064453, -7.706509590148926, -12.771841049194336, 52.884925842285156, -53.478607177734375, 23.837486267089844, 181.4112091064453, -18.0679874420166, -0.23264579474925995, 38.591270446777344, 20.55145835876465], [-210.96795654296875, -295.9757080078125, -114.3541030883789, 12.509126663208008, 58.33915710449219, 13.640499114990234, -16.614456176757812, -46.44429397583008, -18.0679874420166, 201.09681701660156, 64.49292755126953, -15.817115783691406, -25.017440795898438], [-1602.281982421875, -754.4063720703125, -102.4741439819336, -205.2704620361328, -123.71375274658203, 2.0518546104431152, 119.66326904296875, 99.4027328491211, -0.23264579474925995, 64.49292755126953, 260.00030517578125, -27.311168670654297, 14.446928977966309], [1143.5579833984375, 430.8630065917969, 76.15806579589844, -14.071675300598145, -46.23833465576172, 76.42625427246094, -23.408626556396484, -23.791576385498047, 38.591270446777344, -15.817115783691406, -27.311168670654297, 147.5963592529297, 16.804201126098633], [207.39602661132812, 15.047075271606445, 96.27335357666016, -49.7639045715332, -39.37980651855469, 5.714864730834961, 6.565622329711914, 27.746366500854492, 20.55145835876465, -25.017440795898438, 14.446928977966309, 16.804201126098633, 103.7962417602539]], "lowlevel.mfcc.icov": [[5.512978896149434e-05, -1.9729059204109944e-05, -7.898609328549355e-05, -7.808072405168787e-05, 0.00018530832312535495, -0.0001228334876941517, 0.00017025647684931755, 0.0001240786659764126, -4.715125760412775e-05, -8.741692727198824e-05, 0.00016413055709563196, -0.0001283063757000491, -5.2144336223136634e-05], [-1.9729059204109944e-05, 0.0002580767322797328, -1.2183947546873242e-05, 5.3722720622317865e-05, -0.00017771856801118702, 0.0001696516410447657, -0.00025981041835621, 0.00018628747784532607, 6.168484833324328e-05, 0.0002017233637161553, 0.0005097721586935222, -0.0006438351119868457, -1.3756742873738403e-06], [-7.898609328549355e-05, -1.2183947546873242e-05, 0.001634719897992909, -0.0007391898543573916, -0.00016112749290186912, -0.0009833365911617875, 0.00048337853513658047, -0.0006884777103550732, -0.0005639867158606648, 0.0008917844388633966, -0.0005981203285045922, 0.00042969785863533616, -0.0012242782395333052], [-7.808072405168787e-05, 5.3722720622317865e-05, -0.0007391898543573916, 0.0029031699523329735, -0.0016610488528385758, 0.0008419249788857996, -0.0011234901612624526, 0.0011056566145271063, 0.00010321942681912333, -0.00016861391486600041, 0.0009701068629510701, 0.00015893935051281005, 0.0011028558947145939], [0.00018530832312535495, -0.00017771856801118702, -0.00016112749290186912, -0.0016610488528385758, 0.004964373540133238, -0.0015676800394430757, 0.002280686516314745, 0.000566539354622364, 0.0002485480217728764, -0.0011852325405925512, 0.0008463226840831339, 0.001799422432668507, -6.135652074590325e-05], [-0.0001228334876941517, 0.0001696516410447657, -0.0009833365911617875, 0.0008419249788857996, -0.0015676800394430757, 0.005186372436583042, -0.00110831658821553, 0.00031312601640820503, -0.00019184591656085104, -0.00027759498334489763, -0.0006373508367687464, -0.002481070114299655, 0.0011041004909202456], [0.00017025647684931755, -0.00025981041835621, 0.00048337853513658047, -0.0011234901612624526, 0.002280686516314745, -0.00110831658821553, 0.005031498149037361, -0.0019112133886665106, 0.0009796820813789964, -0.00013873164425604045, -0.0007853691349737346, 0.0004865649971179664, -0.00036745500983670354], [0.0001240786659764126, 0.00018628747784532607, -0.0006884777103550732, 0.0011056566145271063, 0.000566539354622364, 0.00031312601640820503, -0.0019112133886665106, 0.007840137928724289, -0.0014182009035721421, 0.0013480241177603602, -0.00021528260549530387, 0.0004433266876731068, -0.0003195522294845432], [-4.715125760412775e-05, 6.168484833324328e-05, -0.0005639867158606648, 0.00010321942681912333, 0.0002485480217728764, -0.00019184591656085104, 0.0009796820813789964, -0.0014182009035721421, 0.007049237377941608, -1.8795733922161162e-05, -0.00015903972962405533, -0.0012740181991830468, -9.200419299304485e-05], [-8.741692727198824e-05, 0.0002017233637161553, 0.0008917844388633966, -0.00016861391486600041, -0.0011852325405925512, -0.00027759498334489763, -0.00013873164425604045, 0.0013480241177603602, -1.8795733922161162e-05, 0.007249199785292149, -0.002599181607365608, -0.00018693551828619093, 0.0005944635486230254], [0.00016413055709563196, 0.0005097721586935222, -0.0005981203285045922, 0.0009701068629510701, 0.0008463226840831339, -0.0006373508367687464, -0.0007853691349737346, -0.00021528260549530387, -0.00015903972962405533, -0.002599181607365608, 0.008337690494954586, -0.0005503397551365197, -0.0005849294830113649], [-0.0001283063757000491, -0.0006438351119868457, 0.00042969785863533616, 0.00015893935051281005, 0.001799422432668507, -0.002481070114299655, 0.0004865649971179664, 0.0004433266876731068, -0.0012740181991830468, -0.00018693551828619093, -0.0005503397551365197, 0.011755527928471565, -0.0009220141801051795], [-5.2144336223136634e-05, -1.3756742873738403e-06, -0.0012242782395333052, 0.0011028558947145939, -6.135652074590325e-05, 0.0011041004909202456, -0.00036745500983670354, -0.0003195522294845432, -9.200419299304485e-05, 0.0005944635486230254, -0.0005849294830113649, -0.0009220141801051795, 0.01181972399353981]], "metadata.audio_properties.analysis.downmix": "mix", "metadata.audio_properties.codec": "mp3", "metadata.audio_properties.md5_encoded": "60ba6475e6a0cbc8a0d6dc31af4860c5", "metadata.tags.file_name": "1182274867865845780.mp3", "metadata.version.essentia": "2.1