{"song_id": "1182283549789933641", "download": "https://cdn.discordapp.com/attachments/1135911532732108921/1182283549789933641/chirp.mp4?ex=6584225c&amp", "lyrics": "\u3075\u307f\u3075\u307f\u30de\u30a4\u30cb\u30f3\u30b0\n\n\u30de\u30a4\u30cb\u30f3\u30b0\u3000\u4e00\u6b69\u8e0f\u307f\u51fa\u3059\u524d\u306b\n\u30b7\u30e3\u30a4\u30cb\u30f3\u30b0\u3000\u3057\u3083\u306b\u3080\u306b\u524d\u306b\n\u4ffa\u3058\u307e\u3044\u3000\u5e97\u3058\u307e\u3044\n\u6bce\u65e5\u3000\u6bce\u56de\u3000\u6bce\u79d2\u3000my mine\n\u308f\u304b\u3089\u305a\u3058\u307e\u3044\u3067\u3000\u3066\u3093\u3066\u3053 my mind", "style": ["japanese anime</span><span>, kirakira pop</span><span>, female vocal"], "essentia_features": {"lowlevel.average_loudness": 0.9504902362823486, "lowlevel.barkbands_crest.mean": 10.814141273498535, "lowlevel.barkbands_crest.stdev": 3.7767109870910645, "lowlevel.barkbands_flatness_db.mean": 0.21601419150829315, "lowlevel.barkbands_flatness_db.stdev": 0.06409521400928497, "lowlevel.barkbands_kurtosis.mean": 11.207757949829102, "lowlevel.barkbands_kurtosis.stdev": 15.028053283691406, "lowlevel.barkbands_skewness.mean": 2.3641135692596436, "lowlevel.barkbands_skewness.stdev": 1.355290412902832, "lowlevel.barkbands_spread.mean": 13.990788459777832, "lowlevel.barkbands_spread.stdev": 19.394411087036133, "lowlevel.dissonance.mean": 0.44053012132644653, "lowlevel.dissonance.stdev": 0.04403660446405411, "lowlevel.dynamic_complexity": 3.798600435256958, "lowlevel.erbbands_crest.mean": 9.768787384033203, "lowlevel.erbbands_crest.stdev": 3.993565559387207, "lowlevel.erbbands_flatness_db.mean": 0.1837129145860672, "lowlevel.erbbands_flatness_db.stdev": 0.05461294949054718, "lowlevel.erbbands_kurtosis.mean": 1.1844626665115356, "lowlevel.erbbands_kurtosis.stdev": 2.7266452312469482, "lowlevel.erbbands_skewness.mean": 0.6521371006965637, "lowlevel.erbbands_skewness.stdev": 0.914249837398529, "lowlevel.erbbands_spread.mean": 33.28223419189453, "lowlevel.erbbands_spread.stdev": 20.33283042907715, "lowlevel.hfc.mean": 13.019888877868652, "lowlevel.hfc.stdev": 17.454269409179688, "lowlevel.loudness_ebu128.integrated": -16.812639236450195, "lowlevel.loudness_ebu128.loudness_range": 3.1388120651245117, "lowlevel.loudness_ebu128.momentary.mean": -17.917274475097656, "lowlevel.loudness_ebu128.momentary.stdev": 3.3279404640197754, "lowlevel.loudness_ebu128.short_term.mean": -16.985092163085938, "lowlevel.loudness_ebu128.short_term.stdev": 1.0730547904968262, "lowlevel.melbands_crest.mean": 14.928276062011719, "lowlevel.melbands_crest.stdev": 5.086869716644287, "lowlevel.melbands_flatness_db.mean": 0.31145456433296204, "lowlevel.melbands_flatness_db.stdev": 0.0838543102145195, "lowlevel.melbands_kurtosis.mean": 20.94695281982422, "lowlevel.melbands_kurtosis.stdev": 24.920846939086914, "lowlevel.melbands_skewness.mean": 3.218839168548584, "lowlevel.melbands_skewness.stdev": 1.53288996219635, "lowlevel.melbands_spread.mean": 13.262598037719727, "lowlevel.melbands_spread.stdev": 22.87249183654785, "lowlevel.pitch_salience.mean": 0.5739447474479675, "lowlevel.pitch_salience.stdev": 0.10992678254842758, "lowlevel.silence_rate_20dB.mean": 1.0, "lowlevel.silence_rate_20dB.stdev": 0.0, "lowlevel.silence_rate_30dB.mean": 0.9715672731399536, "lowlevel.silence_rate_30dB.stdev": 0.16620615124702454, "lowlevel.silence_rate_60dB.mean": 0.036754507571458817, "lowlevel.silence_rate_60dB.stdev": 0.18815745413303375, "lowlevel.spectral_centroid.mean": 674.012939453125, "lowlevel.spectral_centroid.stdev": 765.0496215820312, "lowlevel.spectral_complexity.mean": 11.3294038772583, "lowlevel.spectral_complexity.stdev": 5.723669528961182, "lowlevel.spectral_decrease.mean": -6.9513599321169295e-09, "lowlevel.spectral_decrease.stdev": 7.693668813146815e-09, "lowlevel.spectral_energy.mean": 0.027416985481977463, "lowlevel.spectral_energy.stdev": 0.02958127297461033, "lowlevel.spectral_energyband_high.mean": 0.0005836207419633865, "lowlevel.spectral_energyband_high.stdev": 0.0018421357963234186, "lowlevel.spectral_energyband_low.mean": 0.010815760120749474, "lowlevel.spectral_energyband_low.stdev": 0.021280154585838318, "lowlevel.spectral_energyband_middle_high.mean": 0.00204483768902719, "lowlevel.spectral_energyband_middle_high.stdev": 0.003026158781722188, "lowlevel.spectral_energyband_middle_low.mean": 0.015792887657880783, "lowlevel.spectral_energyband_middle_low.stdev": 0.017975082620978355, "lowlevel.spectral_entropy.mean": 6.8057403564453125, "lowlevel.spectral_entropy.stdev": 0.7018974423408508, "lowlevel.spectral_flux.mean": 0.07062339782714844, "lowlevel.spectral_flux.stdev": 0.0584818460047245, "lowlevel.spectral_kurtosis.mean": 15.378299713134766, "lowlevel.spectral_kurtosis.stdev": 15.337646484375, "lowlevel.spectral_rms.mean": 0.004601203370839357, "lowlevel.spectral_rms.stdev": 0.0023616100661456585, "lowlevel.spectral_rolloff.mean": 986.3593139648438, "lowlevel.spectral_rolloff.stdev": 1974.04833984375, "lowlevel.spectral_skewness.mean": 3.0457565784454346, "lowlevel.spectral_skewness.stdev": 1.3209681510925293, "lowlevel.spectral_spread.mean": 4521311.0, "lowlevel.spectral_spread.stdev": 2376638.25, "lowlevel.spectral_strongpeak.mean": 0.6021076440811157, "lowlevel.spectral_strongpeak.stdev": 0.68635493516922, "lowlevel.zerocrossingrate.mean": 0.04197288677096367, "lowlevel.zerocrossingrate.stdev": 0.05019062012434006, "metadata.audio_properties.analysis.equal_loudness": 0.0, "metadata.audio_properties.analysis.length": 33.449615478515625, "metadata.audio_properties.analysis.sample_rate": 44100.0, "metadata.audio_properties.analysis.start_time": 0.0, "metadata.audio_properties.bit_rate": 118916.0, "metadata.audio_properties.length": 33.45066833496094, "metadata.audio_properties.lossless": 0.0, "metadata.audio_properties.number_channels": 1.0, "metadata.audio_properties.replay_gain": -11.053817749023438, "metadata.audio_properties.sample_rate": 48000.0, "rhythm.beats_count": 39.0, "rhythm.beats_loudness.mean": 0.058565132319927216, "rhythm.beats_loudness.stdev": 0.037745632231235504, "rhythm.bpm": 71.90606689453125, "rhythm.bpm_histogram_first_peak_bpm": 72.0, "rhythm.bpm_histogram_first_peak_weight": 0.18421047925949097, "rhythm.bpm_histogram_second_peak_bpm": 0.0, "rhythm.bpm_histogram_second_peak_spread": 0.0, "rhythm.bpm_histogram_second_peak_weight": 0.0, "rhythm.danceability": 1.206882357597351, "rhythm.onset_rate": 3.824141502380371, "tonal.chords_changes_rate": 0.05540166050195694, "tonal.chords_number_rate": 0.015235456638038158, "tonal.chords_strength.mean": 0.4899035394191742, "tonal.chords_strength.stdev": 0.1026701033115387, "tonal.hpcp_crest.mean": 13.530632972717285, "tonal.hpcp_crest.stdev": 6.73357629776001, "tonal.hpcp_entropy.mean": 2.0514681339263916, "tonal.hpcp_entropy.stdev": 0.7115625143051147, "tonal.key_edma.strength": 0.5380240082740784, "tonal.key_krumhansl.strength": 0.5218279361724854, "tonal.key_temperley.strength": 0.5366680026054382, "tonal.tuning_diatonic_strength": 0.455190509557724, "tonal.tuning_equal_tempered_deviation": 0.194379523396492, "tonal.tuning_frequency": 434.193115234375, "tonal.tuning_nontempered_energy_ratio": 0.9389289021492004, "lowlevel.barkbands.mean": [0.0007372898398898542, 0.006526680663228035, 0.0017696759896352887, 0.004272953141480684, 0.0038580712862312794, 0.00513071333989501, 0.0013991164742037654, 0.0005630431114695966, 0.0004956883494742215, 0.00028207406285218894, 0.00040565014933235943, 0.00045959377894178033, 0.00029353308491408825, 0.00016423535998910666, 0.00010260059934807941, 0.0001339726004516706, 7.01098470017314e-05, 1.487575991632184e-05, 7.915276364656165e-05, 0.00013760497677139938, 7.135444320738316e-05, 3.870386353810318e-05, 8.313372381962836e-05, 0.00014594965614378452, 0.00014031284081283957, 4.068312046001665e-05, 2.224375919013255e-07], "lowlevel.barkbands.stdev": [0.0025032232515513897, 0.01750839501619339, 0.0027957153506577015, 0.004872218240052462, 0.005943082273006439, 0.009918312542140484, 0.0039002078119665384, 0.0012557428563013673, 0.0014080480905249715, 0.0009027629857882857, 0.0013180128298699856, 0.0011424518888816237, 0.0007477484177798033, 0.00034212993341498077, 0.0002766145044006407, 0.0003163747605867684, 0.00016178532678168267, 4.21663025917951e-05, 0.0003546684165485203, 0.000528665550518781, 0.0002647454384714365, 0.000121063414553646, 0.000342642335454002, 0.0005310896667651832, 0.00048077775863930583, 9.742727706907317e-05, 7.010098102000484e-07], "lowlevel.erbbands.mean": [0.2532295882701874, 1.1714403629302979, 2.0325400829315186, 8.510479927062988, 13.95750904083252, 13.179468154907227, 22.567697525024414, 47.70993423461914, 25.659381866455078, 16.35186767578125, 12.532601356506348, 12.457189559936523, 7.666919708251953, 11.948835372924805, 18.89437484741211, 18.62639045715332, 14.320584297180176, 9.322243690490723, 6.487118244171143, 5.852557182312012, 7.8157453536987305, 3.6876747608184814, 0.9355255365371704, 1.8801804780960083, 5.946045875549316, 6.289856910705566, 4.455667018890381, 1.7066150903701782, 1.3513120412826538, 1.7448468208312988, 2.4607276916503906, 2.558687686920166, 2.8138022422790527, 1.9213833808898926, 0.7863141298294067, 0.27615198493003845, 0.05388067662715912, 0.003618673188611865, 0.00010301981819793582, 3.7625890399795026e-05], "lowlevel.erbbands.stdev": [0.8270502090454102, 2.882510185241699, 3.13161563873291, 9.545660972595215, 15.652442932128906, 27.673683166503906, 42.36848449707031, 100.05448913574219, 67.18987274169922, 52.301883697509766, 28.59640121459961, 34.83149719238281, 20.492170333862305, 40.25779724121094, 56.69914245605469, 41.678558349609375, 32.74763488769531, 17.84109115600586, 14.493557929992676, 17.136260986328125, 17.36577033996582, 8.027504920959473, 2.1509718894958496, 7.203804969787598, 27.176494598388672, 24.215373992919922, 17.64130973815918, 5.714983940124512, 4.249649524688721, 5.764676570892334, 10.501049041748047, 10.71918773651123, 9.947425842285156, 7.237718105316162, 2.3045458793640137, 0.6900652647018433, 0.12262874841690063, 0.008379519917070866, 0.0002134644309990108, 3.7624002288794145e-05], "lowlevel.gfcc.mean": [-62.33268737792969, 126.36246490478516, -69.08196258544922, 8.101828575134277, -48.350494384765625, 29.700939178466797, -56.62605667114258, -0.03469555079936981, -29.289810180664062, 2.7099382877349854, -14.093701362609863, 2.264242172241211, -10.381561279296875], "lowlevel.melbands.mean": [0.0020028220023959875, 0.0012892757076770067, 0.0016944942763075233, 0.0009410513448528945, 0.0007607114384882152, 0.0010323297465220094, 0.0003666927805170417, 0.0001583029079483822, 0.00010050350829260424, 7.279996498255059e-05, 3.621020005084574e-05, 4.5720669731963426e-05, 6.113912968430668e-05, 5.323640289134346e-05, 4.0966508095152676e-05, 2.6559961042949e-05, 1.6382091416744515e-05, 1.1133579391753301e-05, 7.260619895532727e-06, 7.967098099470604e-06, 9.689661055745091e-06, 4.5629608393937815e-06, 9.894165486912243e-07, 6.739618356732535e-07, 1.4266028074416681e-06, 3.4672723359108204e-06, 5.282103302306496e-06, 3.900748197338544e-06, 3.126233195871464e-06, 1.650622152737924e-06, 7.873461527196923e-07, 7.444049288096721e-07, 7.753871500426612e-07, 1.053917230819934e-06, 1.344077986686898e-06, 1.588047439327056e-06, 1.5351876072600135e-06, 1.957097310878453e-06, 1.9274982605566038e-06, 1.521638523627189e-06], "lowlevel.melbands.stdev": [0.005893755238503218, 0.0021604676730930805, 0.0017572542419657111, 0.001275884103961289, 0.0013635499635711312, 0.002094009891152382, 0.0009625561069697142, 0.0004892232245765626, 0.00023747672094032168, 0.0002136279654223472, 9.887735359370708e-05, 0.0001574941852595657, 0.00020066076831426471, 0.0001375616411678493, 0.00010691004717955366, 6.385672895703465e-05, 3.3546166378073394e-05, 2.664357998583e-05, 2.056411722151097e-05, 2.2209540475159883e-05, 2.1537682187044993e-05, 1.076950502465479e-05, 2.2910917323315516e-06, 2.066309434667346e-06, 5.863820661033969e-06, 1.5652916772523895e-05, 2.2516176613862626e-05, 1.587804035807494e-05, 1.2959217201569118e-05, 6.222396677912911e-06, 2.64118625636911e-06, 2.410416982456809e-06, 2.4481319087499287e-06, 3.664800033220672e-06, 5.710150162485661e-06, 7.466100214514881e-06, 6.348881470330525e-06, 7.062510121613741e-06, 7.532558811362833e-06, 5.58675992579083e-06], "lowlevel.melbands128.mean": [0.000696162402164191, 0.0022890784312039614, 0.002347181551158428, 0.0018634556327015162, 0.0010081117507070303, 0.0009560658363625407, 0.0016216803342103958, 0.0023175510577857494, 0.0012856780085712671, 0.0008456619107164443, 0.0007072643493302166, 0.0005750298732891679, 0.0006184244411997497, 0.0011684205383062363, 0.001334581756964326, 0.0008284042705781758, 0.00047196485684253275, 0.00028972516884095967, 0.00020912455511279404, 0.00020353338913992047, 0.00010553521133260801, 9.295118070440367e-05, 0.0001111182282329537, 8.842484385240823e-05, 9.76803494268097e-05, 5.7121105783153325e-05, 4.027380418847315e-05, 3.455786645645276e-05, 2.7297224733047187e-05, 5.023078483645804e-05, 4.7180947149172425e-05, 4.671166971093044e-05, 7.198028470156714e-05, 6.196179310791194e-05, 5.480394247570075e-05, 5.052238338976167e-05, 5.1661449106177315e-05, 4.175648791715503e-05, 3.472041862551123e-05, 3.0810497264610603e-05, 2.5323564841528423e-05, 1.9672195776365697e-05, 1.4199771612766199e-05, 1.632612656976562e-05, 1.563133810122963e-05, 8.857783541316167e-06, 8.724752660782542e-06, 5.250299182080198e-06, 7.826216460671276e-06, 9.07357480173232e-06, 6.465561455115676e-06, 8.92994285095483e-06, 1.0124920663656667e-05, 1.061224247678183e-05, 7.3757678364927415e-06, 4.372544481157092e-06, 1.7156748981506098e-06, 1.067651965058758e-06, 7.93387073372287e-07, 6.173942210807581e-07, 6.000262828820269e-07, 7.060226607791265e-07, 1.1080704780397355e-06, 1.4818065210420173e-06, 2.1627563455695054e-06, 3.0394617169804405e-06, 4.584343059832463e-06, 5.361281637306092e-06, 5.72738599657896e-06, 4.929799615638331e-06, 3.6210990401741583e-06, 3.5851194297720212e-06, 3.529698460624786e-06, 3.01744125863479e-06, 2.7890173441846855e-06, 1.871119934548915e-06, 1.1009972240572097e-06, 7.553090881629032e-07, 7.913468493825349e-07, 7.320539339161769e-07, 7.927812930574873e-07, 7.290349799404794e-07, 6.929818141543365e-07, 7.790568474774773e-07, 8.103102118184324e-07, 9.65995582191681e-07, 1.1289672556813457e-06, 1.273999714612728e-06, 1.2780346878571436e-06, 1.4582894891645992e-06, 1.615944825061888e-06, 1.6670988998157554e-06, 1.4570081248166389e-06, 1.5737033436380443e-06, 1.45939668527717e-06, 1.7591434016139829e-06, 2.1629768980346853e-06, 2.160078793167486e-06, 1.8176608591602417e-06, 1.9426317976467544e-06, 1.753886635924573e-06, 1.4739463267687825e-06, 1.227503844347666e-06, 1.0407251238575554e-06, 8.539730060874717e-07, 7.048514021334995e-07, 6.583383651559416e-07, 6.113338031354942e-07, 4.4849653590972594e-07, 3.7303300359781133e-07, 2.9665602596651297e-07, 1.9251065452863259e-07, 1.575580768076179e-07, 9.513291132634549e-08, 4.8884359671319544e-08, 2.8428878806607827e-08, 8.58382875890129e-09, 1.2087552070383367e-09, 1.2619306988259638e-10, 5.370709085794623e-12, 3.955790989912389e-12, 3.3120934380542755e-12, 3.1001063261620887e-12, 3.038082589321145e-12, 2.9543659185726767e-12, 2.844213363092929e-12, 2.7786158790510385e-12, 2.755459055370224e-12], "lowlevel.melbands128.stdev": [0.0023767801467329264, 0.007983839139342308, 0.007256841287016869, 0.004175145179033279, 0.0018919092835858464, 0.0014919352252036333, 0.0020967363379895687, 0.0027276610489934683, 0.001697090920060873, 0.001517340075224638, 0.0019483206560835242, 0.001654693391174078, 0.0015355970244854689, 0.0027606384828686714, 0.003083536634221673, 0.002739803632721305, 0.0017156971152871847, 0.0010247667087242007, 0.0008661560132168233, 0.0008591670193709433, 0.0003040250448975712, 0.0002481259871274233, 0.0003296039649285376, 0.00027314672479406, 0.000317882135277614, 0.0002530731144361198, 0.00014093337813392282, 0.00010747152555268258, 9.235799370799214e-05, 0.00019785216136369854, 0.0001932527666212991, 0.00016853703709784895, 0.00030995378619991243, 0.00019706283637788147, 0.000220900124986656, 0.00014156868564896286, 0.00013373310503084213, 0.00014670459495391697, 0.00012107113434467465, 8.130889182211831e-05, 9.153759310720488e-05, 5.3008669055998325e-05, 3.4954115108121186e-05, 4.781849929713644e-05, 4.51867890660651e-05, 2.9907654607086442e-05, 2.675359974091407e-05, 1.66727440955583e-05, 3.0764451366849244e-05, 3.727439252543263e-05, 2.0807683540624566e-05, 2.8747343094437383e-05, 2.435894202790223e-05, 2.6912517569144256e-05, 2.0595623936969787e-05, 1.3854736607754603e-05, 4.20114793087123e-06, 2.9000154881941853e-06, 2.209653302998049e-06, 1.6839226191223133e-06, 1.8848705849450198e-06, 2.897332478823955e-06, 4.698325028584804e-06, 6.288199074333534e-06, 1.1960419215029106e-05, 1.2973661796422675e-05, 2.5246254153898917e-05, 3.186854883097112e-05, 2.4735956685617566e-05, 2.1394611394498497e-05, 1.548158616060391e-05, 1.718179919407703e-05, 1.6631071048323065e-05, 1.3058771401119884e-05, 1.1849831935251132e-05, 7.625445050507551e-06, 4.161927790846676e-06, 2.6774789603223326e-06, 2.848644498953945e-06, 2.5761978577065747e-06, 2.817340828187298e-06, 2.415981498415931e-06, 2.359856807743199e-06, 2.629458094816073e-06, 2.6907428036793135e-06, 3.294521775387693e-06, 4.4315061131783295e-06, 5.290673925628653e-06, 5.744821010011947e-06, 6.8768531491514295e-06, 7.611682576680323e-06, 8.810235158307478e-06, 6.864539500384126e-06, 6.988070708757732e-06, 5.8825808082474396e-06, 6.9936645559209865e-06, 8.308241376653314e-06, 7.451557848980883e-06, 7.286633717740187e-06, 9.803751709114294e-06, 7.313699825317599e-06, 5.268708719086135e-06, 4.185694706393406e-06, 3.4697598039201694e-06, 2.602560471132165e-06, 1.959184828592697e-06, 1.7552112012708676e-06, 1.7101242519856896e-06, 1.1731178801710485e-06, 9.190188166030566e-07, 7.448744554494624e-07, 4.7208646947183297e-07, 3.771693002363463e-07, 2.529644405058207e-07, 1.2155948070358136e-07, 7.320053896364698e-08, 2.4763613382106087e-08, 8.216227698198963e-09, 1.1345386852212869e-09, 4.414554485854261e-11, 1.9190491210019367e-11, 7.578169862465511e-12, 5.527931411231091e-12, 5.419308231335851e-12, 5.328446885111138e-12, 5.245053089769636e-12, 5.19037764157293e-12, 5.160206029836134e-12], "lowlevel.mfcc.mean": [-726.1841430664062, 170.30410766601562, 37.03015899658203, -3.3172032833099365, 27.300247192382812, 15.174882888793945, 0.08820319920778275, -3.6572024822235107, -7.569253444671631, -6.174015522003174, -7.175001621246338, 1.0107682943344116, 5.095552444458008], "lowlevel.spectral_contrast_coeffs.mean": [-0.6789370179176331, -0.7152859568595886, -0.7833225131034851, -0.7952432036399841, -0.8033970594406128, -0.8407785892486572], "lowlevel.spectral_contrast_coeffs.stdev": [0.0706404447555542, 0.07731816172599792, 0.05527596175670624, 0.04915199056267738, 0.05325412005186081, 0.02331007644534111], "lowlevel.spectral_contrast_valleys.mean": [-6.5025715827941895, -7.160006046295166, -7.838165760040283, -8.296074867248535, -9.257272720336914, -10.871800422668457], "lowlevel.spectral_contrast_valleys.stdev": [0.6131479740142822, 0.8392077684402466, 0.8639194369316101, 0.80572110414505, 1.1421992778778076, 1.3726118803024292], "rhythm.beats_loudness_band_ratio.mean": [0.6090452671051025, 0.2669004797935486, 0.08504017442464828, 0.05556893348693848, 0.013694231398403645, 0.01205175369977951], "rhythm.beats_loudness_band_ratio.stdev": [0.22077202796936035, 0.17458944022655487, 0.10145177692174911, 0.07159895449876785, 0.015406070277094841, 0.03875385969877243], "tonal.hpcp.mean": [0.0933970957994461, 0.10786347836256027, 0.05158763751387596, 0.044147856533527374, 0.049655310809612274, 0.03972931206226349, 0.05610039457678795, 0.0718621164560318, 0.07859722524881363, 0.13546834886074066, 0.11570421606302261, 0.03514637425541878, 0.028332766145467758, 0.032136451452970505, 0.03761284425854683, 0.15046262741088867, 0.20619076490402222, 0.11967454850673676, 0.1072717159986496, 0.09154723584651947, 0.07619635760784149, 0.24643398821353912, 0.28744742274284363, 0.17168521881103516, 0.39337077736854553, 0.3799006938934326, 0.08858739584684372, 0.047381967306137085, 0.04738863185048103, 0.043476346880197525, 0.07495670020580292, 0.07133030891418457, 0.03415064141154289, 0.05101015418767929, 0.05360572040081024, 0.04089714586734772], "tonal.hpcp.stdev": [0.18452121317386627, 0.2091113030910492, 0.12886501848697662, 0.1292351931333542, 0.15462160110473633, 0.1112564206123352, 0.14519530534744263, 0.174025297164917, 0.17367656528949738, 0.24463003873825073, 0.2150001972913742, 0.10676012188196182, 0.10009510815143585, 0.1136925145983696, 0.11951018869876862, 0.24752353131771088, 0.3422199785709381, 0.19306311011314392, 0.26277658343315125, 0.22420668601989746, 0.17880921065807343, 0.3505253791809082, 0.39042437076568604, 0.23117658495903015, 0.41452908515930176, 0.4093112349510193, 0.18383167684078217, 0.14574280381202698, 0.14467866718769073, 0.14272013306617737, 0.17659327387809753, 0.1667127162218094, 0.09854665398597717, 0.12761519849300385, 0.13721631467342377, 0.12399224191904068], "rhythm.beats_position": [0.7894784212112427, 1.590566873550415, 2.3800454139709473, 3.18113374710083, 3.9938321113586426, 4.818140506744385, 5.642448902130127, 6.478367328643799, 7.314285755157471, 8.150203704833984, 8.986122131347656, 9.822040557861328, 10.657958984375, 11.493877410888672, 12.329795837402344, 13.165714263916016, 14.001632690429688, 14.849161148071289, 15.685078620910645, 16.520998001098633, 17.356916427612305, 18.204444885253906, 19.051973342895508, 19.87628173828125, 20.71219825744629, 21.54811668395996, 22.384035110473633, 23.219953536987305, 24.044261932373047, 24.88018035888672, 25.72770881652832, 26.58684730529785, 27.422765731811523, 28.258684158325195, 29.094602584838867, 29.93052101135254, 30.77804946899414, 31.637187957763672, 32.5079345703125], "rhythm.bpm_histogram": [0.0, 0.0, 0.0, 0.0, 0.0, 0.0, 0.0, 0.0, 0.0, 0.0, 0.0, 0.0, 0.0, 0.0, 0.0, 0.0, 0.0, 0.0, 0.0, 0.0, 0.0, 0.0, 0.0, 0.0, 0.0, 0.0, 0.0, 0.0, 0.0, 0.0, 0.0, 0.0, 0.0, 0.0, 0.0, 0.0, 0.0, 0.0, 0.0, 0.0, 0.0, 0.0, 0.0, 0.0, 0.0, 0.0, 0.0, 0.0, 0.0, 0.0, 0.0, 0.0, 0.0, 0.0, 0.0, 0.0, 0.0, 0.0, 0.0, 0.0, 0.0, 0.0, 0.0, 0.0, 0.0, 0.0, 0.0, 0.0, 0.0, 0.02631578966975212, 0.05263157933950424, 0.1315789520740509, 0.5789473652839661, 0.10526315867900848, 0.02631578966975212, 0.05263157933950424, 0.02631578966975212, 0.0, 0.0, 0.0, 0.0, 0.0, 0.0, 0.0, 0.0, 0.0, 0.0, 0.0, 0.0, 0.0, 0.0, 0.0, 0.0, 0.0, 0.0, 0.0, 0.0, 0.0, 0.0, 0.0, 0.0, 0.0, 0.0, 0.0, 0.0, 0.0, 0.0, 0.0, 0.0, 0.0, 0.0, 0.0, 0.0, 0.0, 0.0, 0.0, 0.0, 0.0, 0.0, 0.0, 0.0, 0.0, 0.0, 0.0, 0.0, 0.0, 0.0, 0.0, 0.0, 0.0, 0.0, 0.0, 0.0, 0.0, 0.0, 0.0, 0.0, 0.0, 0.0, 0.0, 0.0, 0.0, 0.0, 0.0, 0.0, 0.0, 0.0, 0.0, 0.0, 0.0, 0.0, 0.0, 0.0, 0.0, 0.0, 0.0, 0.0, 0.0, 0.0, 0.0, 0.0, 0.0, 0.0, 0.0, 0.0, 0.0, 0.0, 0.0, 0.0, 0.0, 0.0, 0.0, 0.0, 0.0, 0.0, 0.0, 0.0, 0.0, 0.0, 0.0, 0.0, 0.0, 0.0, 0.0, 0.0, 0.0, 0.0, 0.0, 0.0, 0.0, 0.0, 0.0, 0.0, 0.0, 0.0, 0.0, 0.0, 0.0, 0.0, 0.0, 0.0, 0.0, 0.0, 0.0, 0.0, 0.0, 0.0, 0.0, 0.0, 0.0, 0.0, 0.0, 0.0, 0.0, 0.0, 0.0, 0.0, 0.0, 0.0, 0.0, 0.0, 0.0, 0.0, 0.0, 0.0, 0.0, 0.0, 0.0, 0.0, 0.0, 0.0, 0.0, 0.0, 0.0, 0.0, 0.0, 0.0, 0.0, 0.0, 0.0, 0.0, 0.0, 0.0, 0.0, 0.0, 0.0, 0.0, 0.0, 0.0, 0.0], "tonal.chords_histogram": [8.033241271972656, 5.1246538162231445, 17.451522827148438, 0.554016649723053, 0.0, 0.0, 0.0, 0.0, 5.678670406341553, 2.0775623321533203, 4.570637226104736, 0.0, 0.0, 3.1855955123901367, 0.0, 0.0, 0.554016649723053, 15.512465476989746, 0.13850416243076324, 5.817174434661865, 0.2770083248615265, 0.0, 15.512465476989746, 15.512465476989746], "tonal.thpcp": [1.0, 0.9657573103904724, 0.22520075738430023, 0.12045115977525711, 0.12046810239553452, 0.11052256077528, 0.19054974615573883, 0.18133097887039185, 0.08681540191173553, 0.12967449426651, 0.13627275824546814, 0.10396590083837509, 0.23742763698101044, 0.2742030918598175, 0.1311425268650055, 0.11222963035106659, 0.12623029947280884, 0.10099711269140244, 0.14261454343795776, 0.18268290162086487, 0.19980444014072418, 0.344378262758255, 0.29413527250289917, 0.08934668451547623, 0.0720255970954895, 0.0816950649023056, 0.09561677277088165, 0.3824957013130188, 0.5241639018058777, 0.30422836542129517, 0.2726987302303314, 0.23272505402565002, 0.1937011182308197, 0.6264674663543701, 0.7307289838790894, 0.43644630908966064], "lowlevel.gfcc.cov": [[5928.85302734375, -2571.713623046875, -252.64126586914062, 785.7897338867188, -785.8871459960938, -110.43803405761719, -315.385986328125, 500.9510192871094, -360.5382385253906, 287.58062744140625, 34.856327056884766, 154.3499298095703, -229.05226135253906], [-2571.713623046875, 2707.5029296875, -106.60566711425781, -1125.7105712890625, 556.8461303710938, -25.999298095703125, 26.160972595214844, -348.8011474609375, 467.3246765136719, -327.602294921875, 28.868364334106445, 9.93393325805664, 174.697265625], [-252.64126586914062, -106.60566711425781, 279.9092712402344, 111.61555480957031, 12.43115520477295, 94.13063049316406, 79.70343780517578, 6.110367298126221, -23.0301570892334, 49.419921875, -6.6590447425842285, 39.19722366333008, 11.717336654663086], [785.7897338867188, -1125.7105712890625, 111.61555480957031, 751.4498901367188, -108.17454528808594, 6.657577037811279, 53.56040573120117, 112.86261749267578, -183.8999786376953, 158.10267639160156, 23.843299865722656, -26.896665573120117, -30.68511962890625], [-785.8871459960938, 556.8461303710938, 12.43115520477295, -108.17454528808594, 314.45404052734375, 27.116352081298828, -6.059848785400391, -79.42084503173828, 127.32697296142578, -52.36427688598633, 4.9012370109558105, -16.9617919921875, 48.0308723449707], [-110.43803405761719, -25.999298095703125, 94.13063049316406, 6.657577037811279, 27.116352081298828, 159.05926513671875, 107.76516723632812, 27.508596420288086, -3.410543203353882, 28.725725173950195, -10.762121200561523, -1.3769222497940063, -4.877799034118652], [-315.385986328125, 26.160972595214844, 79.70343780517578, 53.56040573120117, -6.059848785400391, 107.76516723632812, 311.947509765625, 43.717506408691406, -52.971221923828125, 26.869626998901367, 22.08792495727539, -18.062015533447266, 6.826744556427002], [500.9510192871094, -348.8011474609375, 6.110367298126221, 112.86261749267578, -79.42084503173828, 27.508596420288086, 43.717506408691406, 172.75181579589844, -35.97122573852539, 28.90009307861328, 13.219884872436523, 37.43950271606445, -28.482410430908203], [-360.5382385253906, 467.3246765136719, -23.0301570892334, -183.8999786376953, 127.32697296142578, -3.410543203353882, -52.971221923828125, -35.97122573852539, 182.35403442382812, -30.147239685058594, -2.805685520172119, 15.299705505371094, 47.35755920410156], [287.58062744140625, -327.602294921875, 49.419921875, 158.10267639160156, -52.36427688598633, 28.725725173950195, 26.869626998901367, 28.90009307861328, -30.147239685058594, 148.9421844482422, 19.785869598388672, -5.8776469230651855, -15.94406795501709], [34.856327056884766, 28.868364334106445, -6.6590447425842285, 23.843299865722656, 4.9012370109558105, -10.762121200561523, 22.08792495727539, 13.219884872436523, -2.805685520172119, 19.785869598388672, 98.24034118652344, 31.876256942749023, 1.9577218294143677], [154.3499298095703, 9.93393325805664, 39.19722366333008, -26.896665573120117, -16.9617919921875, -1.3769222497940063, -18.062015533447266, 37.43950271606445, 15.299705505371094, -5.8776469230651855, 31.876256942749023, 116.53751373291016, 22.60724449157715], [-229.05226135253906, 174.697265625, 11.717336654663086, -30.68511962890625, 48.0308723449707, -4.877799034118652, 6.826744556427002, -28.482410430908203, 47.35755920410156, -15.94406795501709, 1.9577218294143677, 22.60724449157715, 80.59540557861328]], "lowlevel.gfcc.icov": [[0.00047619902761653066, 6.805592420278117e-05, 0.0006502220057882369, -0.00026445998810231686, 0.0006565374787896872, -0.00032998400274664164, 0.0005492002819664776, -0.0005937147652730346, 4.4551030441652983e-05, -0.0003789869078900665, 9.77998788584955e-05, -0.0006841361755505204, 0.000431422027759254], [6.805592420278117e-05, 0.005673160310834646, -0.0009707087301649153, 0.0054684109054505825, -0.0039040888659656048, 0.002537779277190566, -0.0036216818261891603, 0.004493040964007378, -0.005430959165096283, 0.004008817952126265, -0.003550335532054305, 0.0006731877801939845, -0.0016239916440099478], [0.0006502220057882369, -0.0009707087301649153, 0.006969504989683628, -0.0024767692666500807, 0.00131362269166857, -0.003829711116850376, 0.0006204652017913759, 0.0002006841532420367, 0.0011607708875089884, -0.0021759835071861744, 0.0024393994826823473, -0.004666522610932589, 0.0011366953840479255], [-0.00026445998810231686, 0.0054684109054505825, -0.0024767692666500807, 0.00836824718862772, -0.005106915254145861, 0.0037727276794612408, -0.0033432606142014265, 0.002674045041203499, -0.002290189964696765, 0.0018228284316137433, -0.003894791705533862, 0.0027131519746035337, -0.0035188302863389254], [0.0006565374787896872, -0.0039040888659656048, 0.00131362269166857, -0.005106915254145861, 0.009561676532030106, -0.003954885061830282, 0.0032781006302684546, -0.0020254929549992085, -0.00035113716148771346, -0.0010316886473447084, 0.0011095887748524547, -0.00021463703888002783, 0.0012973432894796133], [-0.00032998400274664164, 0.002537779277190566, -0.003829711116850376, 0.0037727276794612408, -0.003954885061830282, 0.01261880062520504, -0.005102494731545448, 0.0004932768060825765, -0.0024029668420553207, 2.998582749569323e-05, 0.0004053305019624531, 0.001137991202995181, 0.00037051705294288695], [0.0005492002819664776, -0.0036216818261891603, 0.0006204652017913759, -0.0033432606142014265, 0.0032781006302684546, -0.005102494731545448, 0.00837478507310152, -0.005330654326826334, 0.005776960402727127, -0.002952897222712636, 0.00019872710981871933, 0.001290361862629652, -0.0011530552292242646], [-0.0005937147652730346, 0.004493040964007378, 0.0002006841532420367, 0.002674045041203499, -0.0020254929549992085, 0.0004932768060825765, -0.005330654326826334, 0.014266218058764935, -0.006856866646558046, 0.004540569614619017, -0.0023617513943463564, -0.003403157228603959, 0.00223197671584785], [4.4551030441652983e-05, -0.005430959165096283, 0.0011607708875089884, -0.002290189964696765, -0.00035113716148771346, -0.0024029668420553207, 0.005776960402727127, -0.006856866646558046, 0.017817776650190353, -0.00665538152679801, 0.0036616369616240263, -0.00044712465023621917, -0.003740559332072735], [-0.0003789869078900665, 0.004008817952126265, -0.0021759835071861744, 0.0018228284316137433, -0.0010316886473447084, 2.998582749569323e-05, -0.002952897222712636, 0.004540569614619017, -0.00665538152679801, 0.013751962222158909, -0.005220015067607164, 0.0022737111430615187, -0.00016453582793474197], [9.77998788584955e-05, -0.003550335532054305, 0.0024393994826823473, -0.003894791705533862, 0.0011095887748524547, 0.0004053305019624531, 0.00019872710981871933, -0.0023617513943463564, 0.0036616369616240263, -0.005220015067607164, 0.015660250559449196, -0.006163492798805237, 0.002812121296301484], [-0.0006841361755505204, 0.0006731877801939845, -0.004666522610932589, 0.0027131519746035337, -0.00021463703888002783, 0.001137991202995181, 0.001290361862629652, -0.003403157228603959, -0.00044712465023621917, 0.0022737111430615187, -0.006163492798805237, 0.016008635982871056, -0.0064354934729635715], [0.000431422027759254, -0.0016239916440099478, 0.0011366953840479255, -0.0035188302863389254, 0.0012973432894796133, 0.00037051705294288695, -0.0011530552292242646, 0.00223197671584785, -0.003740559332072735, -0.00016453582793474197, 0.002812121296301484, -0.0064354934729635715, 0.01968688704073429]], "lowlevel.mfcc.cov": [[6555.26416015625, -2989.8212890625, 152.00885009765625, 391.6968688964844, -308.3312683105469, -592.6875610351562, 61.45951843261719, -117.03804779052734, -239.67845153808594, 92.91307830810547, 56.54189682006836, -114.21686553955078, 250.43321228027344], [-2989.8212890625, 3297.578857421875, -456.120849609375, -815.3886108398438, 255.7886505126953, 177.85565185546875, -410.1793518066406, 183.4744110107422, 102.34503936767578, -188.8651123046875, -5.873291015625, 40.3963623046875, -17.90118980407715], [152.00885009765625, -456.120849609375, 301.4339904785156, 105.65486145019531, -92.339599609375, 45.82890701293945, 108.3250961303711, 8.191941261291504, 14.437235832214355, 13.712076187133789, 8.164458274841309, 7.034298419952393, 10.996813774108887], [391.6968688964844, -815.3886108398438, 105.65486145019531, 443.8050537109375, -6.063643932342529, 22.647607803344727, 144.80059814453125, -65.3443832397461, -16.277297973632812, 56.02768325805664, -9.337300300598145, 9.958113670349121, -14.630023002624512], [-308.3312683105469, 255.7886505126953, -92.339599609375, -6.063643932342529, 302.0809020996094, 29.696115493774414, -149.2763214111328, -10.805679321289062, -5.577077388763428, -2.0249764919281006, -20.425678253173828, -29.0130558013916, 4.705902099609375], [-592.6875610351562, 177.85565185546875, 45.82890701293945, 22.647607803344727, 29.696115493774414, 220.30615234375, 58.192596435546875, -25.13241195678711, 58.19081115722656, 20.150550842285156, 16.23383903503418, 30.22111701965332, -40.776885986328125], [61.45951843261719, -410.1793518066406, 108.3250961303711, 144.80059814453125, -149.2763214111328, 58.192596435546875, 295.62591552734375, 38.094600677490234, 15.359403610229492, 41.884918212890625, 33.12648010253906, 57.37386703491211, -14.946725845336914], [-117.03804779052734, 183.4744110107422, 8.191941261291504, -65.3443832397461, -10.805679321289062, -25.13241195678711, 38.094600677490234, 169.01187133789062, 37.569053649902344, -27.837430953979492, 6.120749473571777, 9.061807632446289, 31.166610717773438], [-239.67845153808594, 102.34503936767578, 14.437235832214355, -16.277297973632812, -5.577077388763428, 58.19081115722656, 15.359403610229492, 37.569053649902344, 123.612060546875, 24.043697357177734, 5.3270487785339355, 14.725349426269531, -14.016660690307617], [92.91307830810547, -188.8651123046875, 13.712076187133789, 56.02768325805664, -2.0249764919281006, 20.150550842285156, 41.884918212890625, -27.837430953979492, 24.043697357177734, 107.87762451171875, 23.56324577331543, -2.3678743839263916, -23.703685760498047], [56.54189682006836, -5.873291015625, 8.164458274841309, -9.337300300598145, -20.425678253173828, 16.23383903503418, 33.12648010253906, 6.120749473571777, 5.3270487785339355, 23.56324577331543, 73.46501159667969, 34.5712890625, 0.2905372083187103], [-114.21686553955078, 40.3963623046875, 7.034298419952393, 9.958113670349121, -29.0130558013916, 30.22111701965332, 57.37386703491211, 9.061807632446289, 14.725349426269531, -2.3678743839263916, 34.5712890625, 95.97770690917969, 18.989625930786133], [250.43321228027344, -17.90118980407715, 10.996813774108887, -14.630023002624512, 4.705902099609375, -40.776885986328125, -14.946725845336914, 31.166610717773438, -14.016660690307617, -23.703685760498047, 0.2905372083187103, 18.989625930786133, 105.74577331542969]], "lowlevel.mfcc.icov": [[0.0004749398212879896, 0.000573584227822721, 0.00045611505629494786, 0.00030027618049643934, 0.00033670576522126794, 0.00030596082797273993, 0.00043830645154230297, -8.219632582040504e-05, 0.00013794164988212287, 8.379533392144367e-05, -0.0007326268823817372, 0.0004297864797990769, -0.000882492633536458], [0.000573584227822721, 0.0017849155701696873, 0.0016008116072043777, 0.0016720989951863885, 0.0003421878209337592, -0.0011372442822903395, 0.001481587067246437, -0.0012214216403663158, 0.0002454902569297701, 0.0008252626284956932, -0.0005981429712846875, -0.0003527855151332915, -0.0005932037020102143], [0.00045611505629494786, 0.0016008116072043777, 0.005934570450335741, 0.00055877206614241, 0.001621594768948853, -0.0024731981102377176, 0.0008678454905748367, -0.0015152678824961185, 7.680609269300476e-05, 0.0009239851497113705, -0.0008058174280449748, 0.0009169948170892894, -0.0017508072778582573], [0.00030027618049643934, 0.0016720989951863885, 0.00055877206614241, 0.0054619815200567245, -0.0013677742099389434, -0.000648487766738981, -0.001259147422388196, 0.0006114616990089417, 7.41791955078952e-05, 0.00019899691687896848, 0.0011591208167374134, -0.0008787672268226743, -6.883474270580336e-05], [0.00033670576522126794, 0.0003421878209337592, 0.001621594768948853, -0.0013677742099389434, 0.00620500510558486, -0.002356634009629488, 0.00430399039760232, -0.0020446721464395523, 0.0015536937862634659, -0.0014484983403235674, 1.5753643310745247e-05, 0.0004907912807539105, -0.001278175157494843], [0.00030596082797273993, -0.0011372442822903395, -0.0024731981102377176, -0.000648487766738981, -0.002356634009629488, 0.009905059821903706, -0.003767743706703186, 0.0042769573628902435, -0.0037832753732800484, 0.0004653269425034523, -0.0015438683331012726, 6.318955274764448e-05, 0.000977369723841548], [0.00043830645154230297, 0.001481587067246437, 0.0008678454905748367, -0.001259147422388196, 0.00430399039760232, -0.003767743706703186, 0.010208269581198692, -0.005309955682605505, 0.00263789901509881, -0.002190457424148917, -0.0003908578073605895, -0.003629382699728012, 0.0008232964319176972], [-8.219632582040504e-05, -0.0012214216403663158, -0.0015152678824961185, 0.0006114616990089417, -0.0020446721464395523, 0.0042769573628902435, -0.005309955682605505, 0.011102226562798023, -0.004767047706991434, 0.0028012748807668686, -0.001539707649499178, 0.002474092645570636, -0.0024964201729744673], [0.00013794164988212287, 0.0002454902569297701, 7.680609269300476e-05, 7.41791955078952e-05, 0.0015536937862634659, -0.0037832753732800484, 0.00263789901509881, -0.004767047706991434, 0.012261328287422657, -0.004232072737067938, 0.0019421487813815475, -0.0023119626566767693, 0.0010534243192523718], [8.379533392144367e-05, 0.0008252626284956932, 0.0009239851497113705, 0.00019899691687896848, -0.0014484983403235674, 0.0004653269425034523, -0.002190457424148917, 0.0028012748807668686, -0.004232072737067938, 0.014331642538309097, -0.0054746586829423904, 0.0028755217790603638, 0.0011315996525809169], [-0.0007326268823817372, -0.0005981429712846875, -0.0008058174280449748, 0.0011591208167374134, 1.5753643310745247e-05, -0.0015438683331012726, -0.0003908578073605895, -0.001539707649499178, 0.0019421487813815475, -0.0054746586829423904, 0.02038723975419998, -0.008001783862709999, 0.002091654809191823], [0.0004297864797990769, -0.0003527855151332915, 0.0009169948170892894, -0.0008787672268226743, 0.0004907912807539105, 6.318955274764448e-05, -0.003629382699728012, 0.002474092645570636, -0.0023119626566767693, 0.0028755217790603638, -0.008001783862709999, 0.017528299242258072, -0.00532176811248064], [-0.000882492633536458, -0.0005932037020102143, -0.0017508072778582573, -6.883474270580336e-05, -0.001278175157494843, 0.000977369723841548, 0.0008232964319176972, -0.0024964201729744673, 0.0010534243192523718, 0.0011315996525809169, 0.002091654809191823, -0.00532176811248064, 0.014247865416109562]], "metadata.audio_properties.analysis.downmix": "mix", "metadata.audio_properties.codec": "mp3", "metadata.audio_properties.md5_encoded": "9ac3e13311f4cbe48e78fed637ec6638", "metadata.tags.file_name": "1182283549789933641.mp3", "metadata.version.essentia": "2.1-beta6-dev", "metadata.version.essentia_git_sha": "v2.1_beta5-1110-g77a6a954", "metadata.version.extractor": "music 2.0", "tonal.chords_key": "C", "tonal.chords_scale": "major", "tonal.key_edma.key": "Bb", "tonal.key_edma.scale": "major", "tonal.key_krumhansl.key": "Bb", "tonal.key_krumhansl.scale": "major", "tonal.key_temperley.key": "F", "tonal.key_temperley.scale": "major", "metadata.tags.encoding": ["Lavf58.45.100"]}, "essentia_models": [{"model_name": "genre_dortmund", "activations": {"alternative": "0.25853616", "blues": "0.0117782345", "electronic": "0.0009722439", "folkcountry": "0.22058687", "funksoulrn