{"song_id": "1182278390384967710", "download": "https://cdn.discordapp.com/attachments/1128313332273782784/1182278390384967710/chirp.mp4?ex=65841d8d&amp", "lyrics": "-", "style": ["match rock</span><span>, post hardcore"], "essentia_features": {"lowlevel.average_loudness": 0.957779586315155, "lowlevel.barkbands_crest.mean": 15.360068321228027, "lowlevel.barkbands_crest.stdev": 3.8395349979400635, "lowlevel.barkbands_flatness_db.mean": 0.20803293585777283, "lowlevel.barkbands_flatness_db.stdev": 0.0709674060344696, "lowlevel.barkbands_kurtosis.mean": 41.94346618652344, "lowlevel.barkbands_kurtosis.stdev": 52.512245178222656, "lowlevel.barkbands_skewness.mean": 5.305072784423828, "lowlevel.barkbands_skewness.stdev": 2.614298105239868, "lowlevel.barkbands_spread.mean": 12.801140785217285, "lowlevel.barkbands_spread.stdev": 12.701754570007324, "lowlevel.dissonance.mean": 0.4872839152812958, "lowlevel.dissonance.stdev": 0.010012959130108356, "lowlevel.dynamic_complexity": 2.770042657852173, "lowlevel.erbbands_crest.mean": 7.983865737915039, "lowlevel.erbbands_crest.stdev": 4.579159736633301, "lowlevel.erbbands_flatness_db.mean": 0.1128527894616127, "lowlevel.erbbands_flatness_db.stdev": 0.028772825375199318, "lowlevel.erbbands_kurtosis.mean": -0.5097646713256836, "lowlevel.erbbands_kurtosis.stdev": 3.4602670669555664, "lowlevel.erbbands_skewness.mean": 0.10590321570634842, "lowlevel.erbbands_skewness.stdev": 0.9443767666816711, "lowlevel.erbbands_spread.mean": 88.63006591796875, "lowlevel.erbbands_spread.stdev": 23.954776763916016, "lowlevel.hfc.mean": 12.9417724609375, "lowlevel.hfc.stdev": 13.766883850097656, "lowlevel.loudness_ebu128.integrated": -16.83267593383789, "lowlevel.loudness_ebu128.loudness_range": 2.5679969787597656, "lowlevel.loudness_ebu128.momentary.mean": -17.133554458618164, "lowlevel.loudness_ebu128.momentary.stdev": 1.76491379737854, "lowlevel.loudness_ebu128.short_term.mean": -16.864513397216797, "lowlevel.loudness_ebu128.short_term.stdev": 0.9241365790367126, "lowlevel.melbands_crest.mean": 21.397714614868164, "lowlevel.melbands_crest.stdev": 5.1420674324035645, "lowlevel.melbands_flatness_db.mean": 0.2981559634208679, "lowlevel.melbands_flatness_db.stdev": 0.07864554226398468, "lowlevel.melbands_kurtosis.mean": 148.3938751220703, "lowlevel.melbands_kurtosis.stdev": 126.00079345703125, "lowlevel.melbands_skewness.mean": 9.53707504272461, "lowlevel.melbands_skewness.stdev": 3.6040897369384766, "lowlevel.melbands_spread.mean": 6.935230255126953, "lowlevel.melbands_spread.stdev": 9.457944869995117, "lowlevel.pitch_salience.mean": 0.4167601466178894, "lowlevel.pitch_salience.stdev": 0.14011183381080627, "lowlevel.silence_rate_20dB.mean": 1.0, "lowlevel.silence_rate_20dB.stdev": 0.0, "lowlevel.silence_rate_30dB.mean": 0.8499420881271362, "lowlevel.silence_rate_30dB.stdev": 0.35712915658950806, "lowlevel.silence_rate_60dB.mean": 0.042873695492744446, "lowlevel.silence_rate_60dB.stdev": 0.20257356762886047, "lowlevel.spectral_centroid.mean": 1103.46533203125, "lowlevel.spectral_centroid.stdev": 590.3240966796875, "lowlevel.spectral_complexity.mean": 9.711471557617188, "lowlevel.spectral_complexity.stdev": 8.407503128051758, "lowlevel.spectral_decrease.mean": -1.5304362221968404e-08, "lowlevel.spectral_decrease.stdev": 1.8730123230170648e-08, "lowlevel.spectral_energy.mean": 0.05893602967262268, "lowlevel.spectral_energy.stdev": 0.07149139046669006, "lowlevel.spectral_energyband_high.mean": 0.0006753361085429788, "lowlevel.spectral_energyband_high.stdev": 0.0009591826819814742, "lowlevel.spectral_energyband_low.mean": 0.047410860657691956, "lowlevel.spectral_energyband_low.stdev": 0.06768325716257095, "lowlevel.spectral_energyband_middle_high.mean": 0.0011517297243699431, "lowlevel.spectral_energyband_middle_high.stdev": 0.0016634679632261395, "lowlevel.spectral_energyband_middle_low.mean": 0.010667646303772926, "lowlevel.spectral_energyband_middle_low.stdev": 0.021994680166244507, "lowlevel.spectral_entropy.mean": 7.712771892547607, "lowlevel.spectral_entropy.stdev": 0.37493896484375, "lowlevel.spectral_flux.mean": 0.12327324599027634, "lowlevel.spectral_flux.stdev": 0.11556204408407211, "lowlevel.spectral_kurtosis.mean": 1.8328880071640015, "lowlevel.spectral_kurtosis.stdev": 1.0195142030715942, "lowlevel.spectral_rms.mean": 0.006673793308436871, "lowlevel.spectral_rms.stdev": 0.003599882358685136, "lowlevel.spectral_rolloff.mean": 374.3086242675781, "lowlevel.spectral_rolloff.stdev": 839.7017822265625, "lowlevel.spectral_skewness.mean": 1.0218487977981567, "lowlevel.spectral_skewness.stdev": 0.22805410623550415, "lowlevel.spectral_spread.mean": 5549698.5, "lowlevel.spectral_spread.stdev": 1101096.875, "lowlevel.spectral_strongpeak.mean": 0.4987753927707672, "lowlevel.spectral_strongpeak.stdev": 0.3779604434967041, "lowlevel.zerocrossingrate.mean": 0.03721800819039345, "lowlevel.zerocrossingrate.stdev": 0.024644391611218452, "metadata.audio_properties.analysis.equal_loudness": 0.0, "metadata.audio_properties.analysis.length": 40.04265213012695, "metadata.audio_properties.analysis.sample_rate": 44100.0, "metadata.audio_properties.analysis.start_time": 0.0, "metadata.audio_properties.bit_rate": 122745.0, "metadata.audio_properties.length": 40.042667388916016, "metadata.audio_properties.lossless": 0.0, "metadata.audio_properties.number_channels": 1.0, "metadata.audio_properties.replay_gain": -8.86939811706543, "metadata.audio_properties.sample_rate": 48000.0, "rhythm.beats_count": 81.0, "rhythm.beats_loudness.mean": 0.08101015537977219, "rhythm.beats_loudness.stdev": 0.04258130118250847, "rhythm.bpm": 122.40299987792969, "rhythm.bpm_histogram_first_peak_bpm": 123.0, "rhythm.bpm_histogram_first_peak_weight": 0.2250000238418579, "rhythm.bpm_histogram_second_peak_bpm": 0.0, "rhythm.bpm_histogram_second_peak_spread": 0.0, "rhythm.bpm_histogram_second_peak_weight": 0.0, "rhythm.danceability": 1.2869997024536133, "rhythm.onset_rate": 4.94327449798584, "tonal.chords_changes_rate": 0.07060185074806213, "tonal.chords_number_rate": 0.013888888992369175, "tonal.chords_strength.mean": 0.520901083946228, "tonal.chords_strength.stdev": 0.06138329580426216, "tonal.hpcp_crest.mean": 9.272391319274902, "tonal.hpcp_crest.stdev": 4.617290496826172, "tonal.hpcp_entropy.mean": 2.9331915378570557, "tonal.hpcp_entropy.stdev": 0.6934001445770264, "tonal.key_edma.strength": 0.5623289942741394, "tonal.key_krumhansl.strength": 0.5580713748931885, "tonal.key_temperley.strength": 0.5502459406852722, "tonal.tuning_diatonic_strength": 0.5403411388397217, "tonal.tuning_equal_tempered_deviation": 0.24876755475997925, "tonal.tuning_frequency": 434.193115234375, "tonal.tuning_nontempered_energy_ratio": 0.8851250410079956, "lowlevel.barkbands.mean": [0.0015343574341386557, 0.03041471354663372, 0.014504211023449898, 0.0030351050663739443, 0.006886150222271681, 0.0003252277383580804, 0.00021207579993642867, 0.00010994306649081409, 8.156266994774342e-05, 4.756540147354826e-05, 4.4513824832392856e-05, 8.898807573132217e-05, 7.098606874933466e-05, 9.673130989540368e-05, 0.00011336694296915084, 8.947831520345062e-05, 0.0001588385202921927, 0.00016952026635408401, 0.0001604430581210181, 0.00021197837486397475, 0.00015044925385154784, 0.00016369018703699112, 0.00011430869199102744, 9.270924783777446e-05, 3.9874736103229225e-05, 1.6973979654721916e-05, 2.323857188457623e-06], "lowlevel.barkbands.stdev": [0.00325847789645195, 0.05336390808224678, 0.017303388565778732, 0.004714522045105696, 0.017269192263484, 0.0008202114840969443, 0.0006191027350723743, 0.0003950296377297491, 0.00025166591512970626, 9.627227700548247e-05, 0.00012625385716091841, 0.00014192340313456953, 0.0001803393242880702, 0.0001464021479478106, 0.00015627429820597172, 0.00022254207578953356, 0.0002815793559420854, 0.00025390522205270827, 0.00023879269429016858, 0.00035431954893283546, 0.00028087059035897255, 0.0002661461185198277, 0.0001561945246066898, 0.00011214295227546245, 5.0909071433125064e-05, 2.7309217330184765e-05, 4.130159595661098e-06], "lowlevel.erbbands.mean": [1.0424847602844238, 6.254662036895752, 17.25307846069336, 11.187958717346191, 27.110260009765625, 15.54870891571045, 4.084790229797363, 2.665022134780884, 2.7662196159362793, 3.2667951583862305, 2.045710802078247, 1.9129818677902222, 1.6659739017486572, 1.6231735944747925, 2.2938640117645264, 3.6708829402923584, 3.3600289821624756, 3.9021923542022705, 6.96891975402832, 4.720492839813232, 5.812532424926758, 9.110628128051758, 8.567700386047363, 10.028390884399414, 8.051920890808105, 9.790911674499512, 6.633954048156738, 6.17584753036499, 6.256915092468262, 4.38293981552124, 2.999377727508545, 2.130828857421875, 1.4079684019088745, 0.6330229043960571, 0.16638872027397156, 0.0629771426320076, 0.032938890159130096, 0.009370425716042519, 0.00025197406648658216, 7.126636046450585e-05], "lowlevel.erbbands.stdev": [1.6286677122116089, 11.91917610168457, 22.50467300415039, 12.215551376342773, 63.34962463378906, 41.529090881347656, 9.830241203308105, 6.727829456329346, 7.6856465339660645, 10.356155395507812, 7.377310276031494, 6.133622169494629, 3.7326459884643555, 4.6948018074035645, 4.602700710296631, 5.9553961753845215, 7.968494415283203, 6.675012111663818, 9.052562713623047, 7.926699638366699, 13.967304229736328, 16.50933074951172, 13.3068208694458, 13.43217945098877, 12.741886138916016, 16.371267318725586, 13.502828598022461, 10.698517799377441, 10.60474681854248, 6.370234966278076, 4.080517768859863, 2.588693857192993, 1.7777812480926514, 0.8203173875808716, 0.23714090883731842, 0.11835625022649765, 0.051376473158597946, 0.014598250389099121, 0.00036677345633506775, 7.973403990035877e-05], "lowlevel.gfcc.mean": [-25.58951187133789, 75.40769958496094, -78.29320526123047, 83.7125015258789, -33.8048210144043, 28.135940551757812, -28.76749038696289, 6.64489221572876, -19.846105575561523, -1.7458844184875488, -11.863898277282715, -4.6586151123046875, -13.739823341369629], "lowlevel.melbands.mean": [0.008733688853681087, 0.008245531469583511, 0.0025623394176363945, 0.0017064602579921484, 0.00018382046255283058, 5.8797089877771214e-05, 4.285671820980497e-05, 3.379122063051909e-05, 1.5216583051369525e-05, 1.1964871191594284e-05, 8.022162546694744e-06, 6.302617748588091e-06, 6.588421456399374e-06, 1.0433873285364825e-05, 7.3958344728453085e-06, 7.479423857148504e-06, 7.222577551146969e-06, 1.1602716767811216e-05, 7.84618896432221e-06, 5.673869054589886e-06, 7.11747634341009e-06, 9.676977242634166e-06, 7.626089427503757e-06, 8.241237082984298e-06, 8.281264854304027e-06, 5.266157131700311e-06, 7.280914815055439e-06, 6.149638920760481e-06, 4.439041276782518e-06, 3.3920132409548387e-06, 3.597971272029099e-06, 3.895954250765499e-06, 2.6070269996125717e-06, 2.3561576654174132e-06, 1.7868368331619422e-06, 1.3828855571773602e-06, 1.2977402548131067e-06, 1.1044298844353762e-06, 7.573667630822456e-07, 4.4372308138918015e-07], "lowlevel.melbands.stdev": [0.014508397318422794, 0.012256653048098087, 0.003200913080945611, 0.004240213893353939, 0.0004754171532113105, 0.00014954846119508147, 0.00011975139932474121, 0.00010814501729328185, 5.503973443410359e-05, 3.730364187504165e-05, 1.79414200829342e-05, 1.8006789105129428e-05, 1.5868270565988496e-05, 1.7128886611317284e-05, 1.5123984667297918e-05, 1.8411166820442304e-05, 1.1926042134291492e-05, 1.5331932445405982e-05, 1.1357410585333128e-05, 1.2259765753697138e-05, 1.7050639144144952e-05, 1.8475207980372943e-05, 1.235060153703671e-05, 1.2599476576724555e-05, 1.111721940105781e-05, 9.075572961592115e-06, 1.1444648407632485e-05, 1.1096487469330896e-05, 9.556077202432789e-06, 6.278888122324133e-06, 6.6512338889879175e-06, 7.17773218639195e-06, 3.855804607155733e-06, 3.514285708661191e-06, 2.508108309484669e-06, 1.916258270284743e-06, 1.5909454305074178e-06, 1.4543685438184184e-06, 9.737474329085671e-07, 6.013100346535794e-07], "lowlevel.melbands128.mean": [0.0014371185097843409, 0.008611570112407207, 0.011550575494766235, 0.009574615396559238, 0.0099552683532238, 0.00590018555521965, 0.0018220304045826197, 0.001785079250112176, 0.003291926346719265, 0.0020129550248384476, 0.0005524699809029698, 0.0002218675654148683, 0.00010990068403771147, 8.27896292321384e-05, 6.230855797184631e-05, 4.421885751071386e-05, 4.031854041386396e-05, 4.5012660848442465e-05, 4.183554483461194e-05, 3.9912989450385794e-05, 2.8548995032906532e-05, 1.922114097396843e-05, 1.2920324479637202e-05, 1.143108238466084e-05, 1.2854228771175258e-05, 1.2094205885659903e-05, 1.0326526535209268e-05, 8.137751137837768e-06, 5.2135446821921505e-06, 6.2223921304394025e-06, 6.849063083791407e-06, 6.0952952480874956e-06, 5.8513273870630655e-06, 7.312244179047411e-06, 9.47932403505547e-06, 1.2752498150803149e-05, 9.968895028578117e-06, 6.4141108850890305e-06, 5.955257165624062e-06, 8.215731213567778e-06, 8.10911751614185e-06, 6.051322543498827e-06, 5.582297490036581e-06, 7.608358373545343e-06, 1.3122527889208868e-05, 1.1038894626835827e-05, 1.2643237823795062e-05, 8.362116204807535e-06, 5.395759671955602e-06, 5.8057148635271005e-06, 5.461045020638267e-06, 6.1471646404243074e-06, 5.6746248446870595e-06, 7.90422382124234e-06, 9.585602128936443e-06, 9.49068726185942e-06, 1.1162133887410164e-05, 6.994215709710261e-06, 6.817976100137457e-06, 7.393017313006567e-06, 7.796093086653855e-06, 9.350492291559931e-06, 1.0026583368016873e-05, 7.934643690532539e-06, 5.321090611687396e-06, 5.481543666974176e-06, 4.757363967655692e-06, 5.195023732085247e-06, 8.995079952001106e-06, 9.075146408576984e-06, 5.445765964395832e-06, 5.013183908886276e-06, 5.381837581808213e-06, 4.452150278666522e-06, 3.2184732390305726e-06, 3.2331324746337486e-06, 3.6033723063155776e-06, 3.5212349303037627e-06, 3.543181946952245e-06, 3.4489082736399723e-06, 4.667852863349253e-06, 3.9757010199537035e-06, 2.559136873969692e-06, 2.5375875338795595e-06, 2.4416751784883672e-06, 2.5886208732117666e-06, 2.2235894903133158e-06, 2.1359069251047913e-06, 1.7073090248231892e-06, 1.652734681556467e-06, 1.4523513982567238e-06, 1.3070738305032137e-06, 1.225310029440152e-06, 1.2933205653098412e-06, 1.2739843668896356e-06, 1.531038606117363e-06, 9.411791097591049e-07, 7.005462521192385e-07, 8.272363061223587e-07, 8.018864150471927e-07, 5.300186671775009e-07, 4.0390989397565136e-07, 2.9864182238270587e-07, 2.043361888581785e-07, 1.3976782042846025e-07, 1.353852354668561e-07, 1.7277089625622466e-07, 1.3802610965285567e-07, 9.610871387621955e-08, 7.64406706821319e-08, 6.735829316539821e-08, 8.443166166216542e-08, 1.2333936183495098e-07, 1.3133917775576265e-07, 9.682992185844341e-08, 1.1409391476036035e-07, 8.658800254579546e-08, 1.786671077752544e-08, 8.083462371688555e-11, 1.0610425038581894e-10, 2.340795092481418e-11, 1.017467620573198e-11, 7.507916163773665e-12, 7.369937993217945e-12, 7.212836664743927e-12, 7.013265402450175e-12, 6.8958749301073485e-12, 6.8503223926708046e-12], "lowlevel.melbands128.stdev": [0.0030284347012639046, 0.01332029514014721, 0.020509326830506325, 0.020370157435536385, 0.014344077557325363, 0.006963997147977352, 0.0023013076279312372, 0.0030390440952032804, 0.008174164220690727, 0.005480883177369833, 0.0017505181021988392, 0.0005883026751689613, 0.00028624795959331095, 0.00021988565276842564, 0.00016417335427831858, 0.00014753952564205974, 0.00013490837591234595, 0.0001237820542883128, 0.00013761733134742826, 0.00013861489424016327, 0.00010181153629673645, 7.508597627747804e-05, 5.681880793417804e-05, 4.374401396489702e-05, 5.0149097660323605e-05, 3.791826020460576e-05, 2.8930835469509475e-05, 1.8219536286778748e-05, 1.1760604138544295e-05, 1.3224053873273078e-05, 2.7482063160277903e-05, 2.423742444079835e-05, 1.5915115000098012e-05, 1.639338006498292e-05, 1.77256042661611e-05, 2.513148501748219e-05, 1.5462082956219092e-05, 1.682594302110374e-05, 1.8463784726918675e-05, 2.065992339339573e-05, 2.2236468794289976e-05, 1.4788586668146309e-05, 1.1387588529032655e-05, 1.4412975360755809e-05, 2.034003773587756e-05, 1.7676884453976527e-05, 1.8026568795903586e-05, 1.4281201401900034e-05, 1.0933794328593649e-05, 1.1537648788362276e-05, 1.1294130672467873e-05, 2.1374409698182717e-05, 1.4866384844935965e-05, 2.209558806498535e-05, 1.555303060740698e-05, 2.3873742975411005e-05, 2.1565534552792087e-05, 1.3252923054096755e-05, 1.1804977475549094e-05, 1.3968712664791383e-05, 1.4588978956453502e-05, 1.4328665201901458e-05, 1.5666535546188243e-05, 1.131670614995528e-05, 9.739385859575123e-06, 1.065659580490319e-05, 9.6027133622556e-06, 9.810049959924072e-06, 1.5868505215621553e-05, 1.485603024775628e-05, 1.2597722161444835e-05, 1.1044266102544498e-05, 1.3015528566029388e-05, 1.0062990440928843e-05, 8.47191950015258e-06, 7.029791504464811e-06, 6.2244148466561455e-06, 6.450934051827062e-06, 8.038959094847087e-06, 6.91854938850156e-06, 1.0723972081905231e-05, 7.465351245627971e-06, 4.526827069639694e-06, 4.004476522823097e-06, 4.019384959974559e-06, 4.455314865481341e-06, 3.5276887047075434e-06, 3.3673481993901078e-06, 2.6365701160102617e-06, 2.557241941758548e-06, 2.2191900370671647e-06, 2.240969706690521e-06, 1.598405674485548e-06, 1.835861894505797e-06, 1.6810553233881365e-06, 2.1199375623837113e-06, 1.4488656461253413e-06, 1.109872414417623e-06, 1.1309842875562026e-06, 1.0883488812396536e-06, 8.77661477716174e-07, 5.737663286708994e-07, 4.5134356696507894e-07, 3.594929296468763e-07, 2.6361229288340837e-07, 2.412014623587311e-07, 3.4807567317329813e-07, 2.8931444262525474e-07, 2.357387955953527e-07, 1.9396482286992978e-07, 1.60665919679559e-07, 1.6077626696642255e-07, 1.9948312512951816e-07, 2.1260196092498518e-07, 1.6420486304014048e-07, 1.8957020131438185e-07, 1.5114348173028702e-07, 3.7075267300679116e-08, 1.6446722872487385e-09, 2.585115455033815e-09, 3.739657195023227e-10, 8.007869367609999e-11, 1.2478960573214515e-11, 1.2263641491205846e-11, 1.2084836603643012e-11, 1.1941592679975965e-11, 1.1836913393903359e-11, 1.177286133163813e-11], "lowlevel.mfcc.mean": [-672.2197265625, 88.74938201904297, 30.730104446411133, 57.83985137939453, 29.980472564697266, 26.798404693603516, 13.997986793518066, 12.439251899719238, 2.3269031047821045, 5.888931751251221, 2.819061040878296, 2.889526605606079, -1.8147753477096558], "lowlevel.spectral_contrast_coeffs.mean": [-0.6898907423019409, -0.8283596038818359, -0.8446218967437744, -0.8445138931274414, -0.8191431164741516, -0.7499809265136719], "lowlevel.spectral_contrast_coeffs.stdev": [0.07802842557430267, 0.044682737439870834, 0.03160073235630989, 0.02892674133181572, 0.026500677689909935, 0.033301230520009995], "lowlevel.spectral_contrast_valleys.mean": [-6.340740203857422, -7.573975086212158, -8.09815788269043, -7.9560723304748535, -7.475603103637695, -10.12670612335205], "lowlevel.spectral_contrast_valleys.stdev": [0.7268664240837097, 0.7645347118377686, 0.7429500222206116, 0.7554863095283508, 0.7247008681297302, 0.7474355101585388], "rhythm.beats_loudness_band_ratio.mean": [0.914052426815033, 0.15170244872570038, 0.00942897517234087, 0.006421412341296673, 0.012089679017663002, 0.020929891616106033], "rhythm.beats_loudness_band_ratio.stdev": [0.08370399475097656, 0.17516455054283142, 0.013207548297941685, 0.007033074274659157, 0.011709327809512615, 0.01909000612795353], "tonal.hpcp.mean": [0.45106178522109985, 0.395211786031723, 0.11657501757144928, 0.05690160393714905, 0.043848346918821335, 0.031001795083284378, 0.031420521438121796, 0.03358134254813194, 0.035415977239608765, 0.04907774180173874, 0.046914584934711456, 0.027060195803642273, 0.02322869375348091, 0.023623788729310036, 0.019411282613873482, 0.027144912630319595, 0.03599211201071739, 0.03280077874660492, 0.025145160034298897, 0.02542528137564659, 0.031618185341358185, 0.05430291220545769, 0.06410247087478638, 0.05657220259308815, 0.06348608434200287, 0.06046328693628311, 0.05408155918121338, 0.05506386235356331, 0.06048368662595749, 0.08144816011190414, 0.13450053334236145, 0.14292949438095093, 0.09611827880144119, 0.08917287737131119, 0.1617489904165268, 0.25337159633636475], "tonal.hpcp.stdev": [0.4257281422615051, 0.4230608642101288, 0.22403620183467865, 0.17349368333816528, 0.15683643519878387, 0.1270999312400818, 0.12535634636878967, 0.13517531752586365, 0.13257814943790436, 0.17751061916351318, 0.16952179372310638, 0.10966058820486069, 0.10004131495952606, 0.0994604080915451, 0.08186661452054977, 0.10120996832847595, 0.1243332028388977, 0.1159675270318985, 0.09869134426116943, 0.10960324108600616, 0.12451726943254471, 0.13601452112197876, 0.15564323961734772, 0.16287192702293396, 0.20009270310401917, 0.1917593628168106, 0.1814839392900467, 0.1794244945049286, 0.1857757419347763, 0.20483723282814026, 0.27534496784210205, 0.2930746078491211, 0.2250385582447052, 0.21694041788578033, 0.3132018744945526, 0.34037911891937256], "rhythm.beats_position": [0.5108389854431152, 0.9984580278396606, 1.4976871013641357, 1.9969160556793213, 2.4845352172851562, 2.972154140472412, 3.459773063659668, 3.947392225265503, 4.435011386871338, 4.922630310058594, 5.41024923324585, 5.909478187561035, 6.408707141876221, 6.896326541900635, 7.383945465087891, 7.8715643882751465, 8.359183311462402, 8.846802711486816, 9.334421157836914, 9.833650588989258, 10.321269989013672, 10.8204984664917, 11.308117866516113, 11.795736312866211, 12.283355712890625, 12.770975112915039, 13.258593559265137, 13.74621295928955, 14.233832359313965, 14.721450805664062, 15.220680236816406, 15.719908714294434, 16.20752716064453, 16.695146560668945, 17.18276596069336, 17.670385360717773, 18.158004760742188, 18.6456241607666, 19.133241653442383, 19.620861053466797, 20.10848045349121, 20.596099853515625, 21.09532928466797, 21.59455680847168, 22.082176208496094, 22.569795608520508, 23.057415008544922, 23.556644439697266, 24.055871963500977, 24.54349136352539, 25.031110763549805, 25.51873016357422, 26.006349563598633, 26.493967056274414, 26.981586456298828, 27.469205856323242, 27.956825256347656, 28.4560546875, 28.95528221130371, 29.442901611328125, 29.93052101135254, 30.418140411376953, 30.905759811401367, 31.39337730407715, 31.880996704101562, 32.380226135253906, 32.87945556640625, 33.36707305908203, 33.85469436645508, 34.34231185913086, 34.829933166503906, 35.31755065917969, 35.80516815185547, 36.292789459228516, 36.79201889038086, 37.27963638305664, 37.778865814208984, 38.266483306884766, 38.75410461425781, 39.241722106933594, 39.72934341430664], "rhythm.bpm_histogram": [0.0, 0.0, 0.0, 0.0, 0.0, 0.0, 0.0, 0.0, 0.0, 0.0, 0.0, 0.0, 0.0, 0.0, 0.0, 0.0, 0.0, 0.0, 0.0, 0.0, 0.0, 0.0, 0.0, 0.0, 0.0, 0.0, 0.0, 0.0, 0.0, 0.0, 0.0, 0.0, 0.0, 0.0, 0.0, 0.0, 0.0, 0.0, 0.0, 0.0, 0.0, 0.0, 0.0, 0.0, 0.0, 0.0, 0.0, 0.0, 0.0, 0.0, 0.0, 0.0, 0.0, 0.0, 0.0, 0.0, 0.0, 0.0, 0.0, 0.0, 0.0, 0.0, 0.0, 0.0, 0.0, 0.0, 0.0, 0.0, 0.0, 0.0, 0.0, 0.0, 0.0, 0.0, 0.0, 0.0, 0.0, 0.0, 0.0, 0.0, 0.0, 0.0, 0.0, 0.0, 0.0, 0.0, 0.0, 0.0, 0.0, 0.0, 0.0, 0.0, 0.0, 0.0, 0.0, 0.0, 0.0, 0.0, 0.0, 0.0, 0.0, 0.0, 0.0, 0.0, 0.0, 0.0, 0.0, 0.0, 0.0, 0.0, 0.0, 0.0, 0.0, 0.0, 0.0, 0.0, 0.0, 0.0, 0.0, 0.0, 0.22499999403953552, 0.0, 0.0, 0.7749999761581421, 0.0, 0.0, 0.0, 0.0, 0.0, 0.0, 0.0, 0.0, 0.0, 0.0, 0.0, 0.0, 0.0, 0.0, 0.0, 0.0, 0.0, 0.0, 0.0, 0.0, 0.0, 0.0, 0.0, 0.0, 0.0, 0.0, 0.0, 0.0, 0.0, 0.0, 0.0, 0.0, 0.0, 0.0, 0.0, 0.0, 0.0, 0.0, 0.0, 0.0, 0.0, 0.0, 0.0, 0.0, 0.0, 0.0, 0.0, 0.0, 0.0, 0.0, 0.0, 0.0, 0.0, 0.0, 0.0, 0.0, 0.0, 0.0, 0.0, 0.0, 0.0, 0.0, 0.0, 0.0, 0.0, 0.0, 0.0, 0.0, 0.0, 0.0, 0.0, 0.0, 0.0, 0.0, 0.0, 0.0, 0.0, 0.0, 0.0, 0.0, 0.0, 0.0, 0.0, 0.0, 0.0, 0.0, 0.0, 0.0, 0.0, 0.0, 0.0, 0.0, 0.0, 0.0, 0.0, 0.0, 0.0, 0.0, 0.0, 0.0, 0.0, 0.0, 0.0, 0.0, 0.0, 0.0, 0.0, 0.0, 0.0, 0.0, 0.0, 0.0, 0.0, 0.0, 0.0, 0.0, 0.0, 0.0, 0.0, 0.0, 0.0, 0.0, 0.0, 0.0, 0.0, 0.0], "tonal.chords_histogram": [13.657407760620117, 3.3564815521240234, 0.0, 7.870370388031006, 0.0, 0.0, 0.0, 41.435184478759766, 2.1990740299224854, 1.6203703880310059, 2.6620371341705322, 0.0, 0.0, 0.0, 0.0, 0.0, 0.0, 4.0509257316589355, 18.981481552124023, 1.1574074029922485, 1.5046296119689941, 0.0, 1.5046296119689941, 0.0], "tonal.thpcp": [1.0, 0.8761810660362244, 0.2584457993507385, 0.12615035474300385, 0.09721139818429947, 0.06873070448637009, 0.06965901702642441, 0.07444953918457031, 0.07851690798997879, 0.10880491882562637, 0.1040092185139656, 0.059992216527462006, 0.05149780958890915, 0.0523737296462059, 0.043034642934799194, 0.06018003076314926, 0.07979419827461243, 0.0727190375328064, 0.055746596306562424, 0.056367624551057816, 0.07009723782539368, 0.12038907408714294, 0.14211460947990417, 0.12542007863521576, 0.14074808359146118, 0.13404656946659088, 0.11989834159612656, 0.12207609415054321, 0.1340917944908142, 0.1805698573589325, 0.2981865108013153, 0.3168734312057495, 0.2130933701992035, 0.19769547879695892, 0.3585960865020752, 0.5617225766181946], "lowlevel.gfcc.cov": [[5034.154296875, -373.408935546875, -267.9750671386719, -211.0062713623047, -99.21905517578125, -160.9698944091797, -251.63299560546875, -73.4487533569336, -207.5502471923828, 42.392005920410156, -191.13861083984375, 193.0538787841797, -117.05320739746094], [-373.408935546875, 752.9728393554688, -234.32614135742188, 87.7363052368164, 121.04662322998047, -22.485931396484375, 55.344539642333984, -60.097957611083984, 112.81755065917969, -136.94961547851562, 149.20498657226562, -115.00846099853516, 160.4130401611328], [-267.9750671386719, -234.32614135742188, 453.68890380859375, 23.950611114501953, -7.946422100067139, 22.706409454345703, 65.62251281738281, 20.432987213134766, -29.42767906188965, 53.32652282714844, -77.06271362304688, 29.236743927001953, -80.99394226074219], [-211.0062713623047, 87.7363052368164, 23.950611114501953, 173.1037139892578, 129.72947692871094, 67.51901245117188, 85.3943862915039, 29.79189109802246, 63.02976989746094, -18.131019592285156, 55.59235382080078, -37.987754821777344, 40.712223052978516], [-99.21905517578125, 121.04662322998047, -7.946422100067139, 129.72947692871094, 290.3562927246094, 92.95027160644531, 110.57054138183594, 64.9709701538086, 86.07135009765625, -0.5666805505752563, 68.41316986083984, -0.5656077265739441, 47.06747817993164], [-160.9698944091797, -22.485931396484375, 22.706409454345703, 67.51901245117188, 92.95027160644531, 93.06243896484375, 59.605533599853516, 43.847476959228516, 34.68864059448242, 7.924088001251221, 25.21404457092285, -9.256868362426758, 10.953084945678711], [-251.63299560546875, 55.344539642333984, 65.62251281738281, 85.3943862915039, 110.57054138183594, 59.605533599853516, 123.38123321533203, 45.32252883911133, 63.0270881652832, 0.8794236779212952, 31.201265335083008, -19.2270450592041, 12.431742668151855], [-73.4487533569336, -60.097957611083984, 20.432987213134766, 29.79189109802246, 64.9709701538086, 43.847476959228516, 45.32252883911133, 84.93392181396484, 37.89795684814453, 38.87806701660156, 15.448758125305176, 15.954792976379395, -1.3543154001235962], [-207.5502471923828, 112.81755065917969, -29.42767906188965, 63.02976989746094, 86.07135009765625, 34.68864059448242, 63.0270881652832, 37.89795684814453, 92.3777084350586, 6.462099075317383, 59.08173370361328, -19.754159927368164, 32.62056350708008], [42.392005920410156, -136.94961547851562, 53.32652282714844, -18.131019592285156, -0.5666805505752563, 7.924088001251221, 0.8794236779212952, 38.87806701660156, 6.462099075317383, 79.49320983886719, -4.658718109130859, 42.026702880859375, -28.27046012878418], [-191.13861083984375, 149.20498657226562, -77.06271362304688, 55.59235382080078, 68.41316986083984, 25.21404457092285, 31.201265335083008, 15.448758125305176, 59.08173370361328, -4.658718109130859, 91.14772033691406, -11.918967247009277, 54.261505126953125], [193.0538787841797, -115.00846099853516, 29.236743927001953, -37.987754821777344, -0.5656077265739441, -9.256868362426758, -19.2270450592041, 15.954792976379395, -19.754159927368164, 42.026702880859375, -11.918967247009277, 72.5199966430664, -12.58627700805664], [-117.05320739746094, 160.4130401611328, -80.99394226074219, 40.712223052978516, 47.06747817993164, 10.953084945678711, 12.431742668151855, -1.3543154001235962, 32.62056350708008, -28.27046012878418, 54.261505126953125, -12.58627700805664, 76.57785034179688]], "lowlevel.gfcc.icov": [[0.00029986939625814557, -0.00011490971519378945, 0.0003971660044044256, -0.0003802108112722635, -0.00018119615560863167, 0.00020792322175111622, 0.0002395276678726077, 0.00010921261855401099, 0.00017740900511853397, -4.3612828449113294e-05, 0.0007863675709813833, -0.0009757234947755933, 0.0005567120388150215], [-0.00011490971519378945, 0.006421906407922506, -0.00029707292560487986, 0.0032169560436159372, -0.002372217597439885, 0.005128338932991028, -0.001979830441996455, 0.002547838259488344, -0.0028922404162585735, 0.004362726118415594, -0.005313267465680838, 0.00646029831841588, -0.006892232224345207], [0.0003971660044044256, -0.00029707292560487986, 0.0045897094532847404, -0.0023883222602307796, 0.000522228074260056, 0.00013752919039689004, -0.0034680769313126802, 0.0015265922993421555, 0.001589328283444047, -0.0024936674162745476, 0.004026398062705994, -0.0028581784572452307, 0.002682469319552183], [-0.0003802108112722635, 0.0032169560436159372, -0.0023883222602307796, 0.015694649890065193, -0.0038946978747844696, -0.0011614265386015177, -0.0035065992269665003, 0.001348694204352796, -0.0016282213618978858, 0.0025535309687256813, -0.006845630705356598, 0.009635447524487972, -0.006966298446059227], [-0.00018119615560863167, -0.002372217597439885, 0.000522228074260056, -0.0038946978747844696, 0.009128843434154987, -0.005504518281668425, -0.00239437073469162, -0.0020625973120331764, -0.00160517159383744, 0.0008372465963475406, 0.001275789923965931, -0.006738845258951187, 0.001825129147619009], [0.00020792322175111622, 0.005128338932991028, 0.00013752919039689004, -0.0011614265386015177, -0.005504518281668425, 0.02591479942202568, -0.005292784422636032, -0.004709315020591021, 0.002574850106611848, 0.0018965236376971006, -0.005465466529130936, 0.007743280380964279, -0.0044606574811041355], [0.0002395276678726077, -0.001979830441996455, -0.0034680769313126802, -0.0035065992269665003, -0.00239437073469162, -0.005292784422636032, 0.023799646645784378, -0.004978136625140905, -0.009260562248528004, 0.0036971839144825935, 0.0022793493699282408, -0.0010121443774551153, 0.004514860920608044], [0.00010921261855401099, 0.002547838259488344, 0.0015265922993421555, 0.001348694204352796, -0.0020625973120331764, -0.004709315020591021, -0.004978136625140905, 0.02628052793443203, -0.007108237594366074, -0.00864156149327755, 0.0025747534818947315, -0.0009384210570715368, -0.003199254162609577], [0.00017740900511853397, -0.0028922404162585735, 0.001589328283444047, -0.0016282213618978858, -0.00160517159383744, 0.002574850106611848, -0.009260562248528004, -0.007108237594366074, 0.034303076565265656, -0.009543877094984055, -0.010174795985221863, 0.006243463139981031, 0.0009724352275952697], [-4.3612828449113294e-05, 0.004362726118415594, -0.0024936674162745476, 0.0025535309687256813, 0.0008372465963475406, 0.0018965236376971006, 0.0036971839144825935, -0.00864156149327755, -0.009543877094984055, 0.03470864146947861, -0.009534777142107487, -0.010529736056923866, 0.007164948154240847], [0.0007863675709813833, -0.005313267465680838, 0.004026398062705994, -0.006845630705356598, 0.001275789923965931, -0.005465466529130936, 0.0022793493699282408, 0.0025747534818947315, -0.010174795985221863, -0.009534777142107487, 0.037570636719465256, -0.008723275735974312, -0.007338055409491062], [-0.0009757234947755933, 0.00646029831841588, -0.0028581784572452307, 0.009635447524487972, -0.006738845258951187, 0.007743280380964279, -0.0010121443774551153, -0.0009384210570715368, 0.006243463139981031, -0.010529736056923866, -0.008723275735974312, 0.037615250796079636, -0.014171142131090164], [0.0005567120388150215, -0.006892232224345207, 0.002682469319552183, -0.006966298446059227, 0.001825129147619009, -0.0044606574811041355, 0.004514860920608044, -0.003199254162609577, 0.0009724352275952697, 0.007164948154240847, -0.007338055409491062, -0.014171142131090164, 0.03871598094701767]], "lowlevel.mfcc.cov": [[5133.92138671875, -181.3753662109375, -408.50347900390625, -133.86904907226562, -63.311119079589844, -131.36082458496094, -172.06817626953125, -121.3975830078125, -131.66859436035156, -141.5950164794922, -107.52899169921875, -123.25015258789062, -67.73643493652344], [-181.3753662109375, 469.6233825683594, -124.8166732788086, 48.79143142700195, 48.76604461669922, 3.3267104625701904, 3.312040090560913, 18.21247100830078, 5.727445602416992, -13.59358024597168, -18.439212799072266, 3.3532803058624268, -3.479954957962036], [-408.50347900390625, -124.8166732788086, 351.38812255859375, 16.12998390197754, -81.14696502685547, 13.891716957092285, 1.7385200262069702, -13.164499282836914, -1.6691780090332031, 11.95635986328125, 6.903486728668213, -17.1055850982666, -10.321292877197266], [-133.86904907226562, 48.79143142700195, 16.12998390197754, 128.43722534179688, 64.68482971191406, 54.18033218383789, 50.548973083496094, 47.5711784362793, 38.353397369384766, 29.645267486572266, 17.590993881225586, 21.72955322265625, 19.172260284423828], [-63.311119079589844, 48.76604461669922, -81.14696502685547, 64.68482971191406, 145.32296752929688, 56.57272720336914, 59.83308410644531, 53.269134521484375, 40.6683464050293, 24.22163963317871, 19.187679290771484, 30.10429573059082, 21.58059310913086], [-131.36082458496094, 3.3267104625701904, 13.891716957092285, 54.18033218383789, 56.57272720336914, 80.00241088867188, 52.1450309753418, 39.7053337097168, 31.06178855895996, 24.47808265686035, 14.738295555114746, 14.378707885742188, 11.02358627319336], [-172.06817626953125, 3.312040090560913, 1.7385200262069702, 50.548973083496094, 59.83308410644531, 52.1450309753418, 81.15261840820312, 52.73445129394531, 39.09091567993164, 27.79055404663086, 19.26722526550293, 21.215024948120117, 15.187384605407715], [-121.3975830078125, 18.21247100830078, -13.164499282836914, 47.5711784362793, 53.269134521484375, 39.7053337097168, 52.73445129394531, 72.7523422241211, 44.1983757019043, 28.68566131591797, 18.38730239868164, 20.597742080688477, 13.366026878356934], [-131.66859436035156, 5.727445602416992, -1.6691780090332031, 38.353397369384766, 40.6683464050293, 31.06178855895996, 39.09091567993164, 44.1983757019043, 60.05038070678711, 34.49199676513672, 21.028711318969727, 19.607980728149414, 13.795822143554688], [-141.5950164794922, -13.59358024597168, 11.95635986328125, 29.645267486572266, 24.22163963317871, 24.47808265686035, 27.79055404663086, 28.68566131591797, 34.49199676513672, 55.24220275878906, 30.1610107421875, 22.550588607788086, 13.09152603149414], [-107.52899169921875, -18.439212799072266, 6.903486728668213, 17.590993881225586, 19.187679290771484, 14.738295555114746, 19.26722526550293, 18.38730239868164, 21.028711318969727, 30.1610107421875, 46.58884048461914, 25.799715042114258, 15.584757804870605], [-123.25015258789062, 3.3532803058624268, -17.1055850982666, 21.72955322265625, 30.10429573059082, 14.378707885742188, 21.215024948120117, 20.597742080688477, 19.607980728149414, 22.550588607788086, 25.799715042114258, 49.365333557128906, 26.257932662963867], [-67.73643493652344, -3.479954957962036, -10.321292877197266, 19.172260284423828, 21.58059310913086, 11.02358627319336, 15.187384605407715, 13.366026878356934, 13.795822143554688, 13.09152603149414, 15.584757804870605, 26.257932662963867, 41.84892654418945]], "lowlevel.mfcc.icov": [[0.0002683221537154168, 0.00024063963792286813, 0.00042514264350757003, -0.00021933963580522686, 2.1643714717356488e-05, 3.096139698754996e-05, 0.00037169939605519176, -4.2378262151032686e-05, 0.0001342110481346026, 0.0002493177598807961, 5.7581299188314006e-05, 0.0005046771257184446, 5.8641588111640885e-05], [0.00024063963792286813, 0.002837164793163538, 0.0012784443097189069, -0.0017420677468180656, -0.00010839996684808284, 0.00039727723924443126, 0.0008844986441545188, -0.00046931105316616595, -2.9708815418416634e-05, 0.0008972075884230435, 0.0010366749484091997, -2.1590001779259183e-05, 0.0008755778544582427], [0.00042514264350757003, 0.0012784443097189069, 0.004981841892004013, -0.002242498565465212, 0.0037101723719388247, -0.0017220656154677272, -0.00046633806778118014, 0.0009403817821294069, -0.00010393168486189097, -2.167323327739723e-05, -0.0007300389697775245, 0.0018384279683232307, 0.0006191321881487966], [-0.00021933963580522686, -0.0017420677468180656, -0.002242498565465212, 0.014327175915241241, -0.003169457660987973, -0.0040958640165627, -0.0009800641564652324, -0.002535338280722499, -0.0010299418354406953, -0.0020962143316864967, 0.0007287327316589653, -0.00047874837764538825, -0.0027136222925037146], [2.1643714717356488e-05, -0.00010839996684808284, 0.0037101723719388247, -0.003169457660987973, 0.015520411543548107, -0.005343368276953697, -0.004026347305625677, -0.0013969913125038147, -0.0018495578551664948, 0.001872575143352151, -0.0007593645132146776, -0.0022799475118517876, -0.0005582914454862475], [3.096139698754996e-05, 0.00039727723924443126, -0.0017220656154677272, -0.0040958640165627, -0.005343368276953697, 0.0263814777135849, -0.00961561594158411, -0.0010529690189287066, 8.926245936891064e-05, -0.002521864604204893, 0.0006414289237000048, 0.0019305868772789836, 0.0004762664611916989], [0.00037169939605519176, 0.0008844986441545188, -0.00046633806778118014, -0.0009800641564652324, -0.004026347305625677, -0.00961561594158411, 0.03258388489484787, -0.012595176696777344, -0.0024384947028011084, 0.00031185898114927113, -0.0005384827381931245, -0.0008510978077538311, -0.0007430546684190631], [-4.2378262151032686e-05, -0.00046931105316616595, 0.0009403817821294069, -0.002535338280722499, -0.0013969913125038147, -0.0010529690189287066, -0.012595176696777344, 0.035463131964206696, -0.014068322256207466, -0.001001295750029385, 6.23461019131355e-05, -0.0016319385031238198, 0.001479719066992402], [0.0001342110481346026, -2.9708815418416634e-05, -0.00010393168486189097, -0.0010299418354406953, -0.0018495578551664948, 8.926245936891064e-05, -0.0024384947028011084, -0.014068322256207466, 0.03898893669247627, -0.013725093565881252, -0.0005545903695747256, 0.000875559460837394, -0.0019327981863170862], [0.0002493177598807961, 0.0008972075884230435, -2.167323327739723e-05, -0.0020962143316864967, 0.001872575143352151, -0.002521864604204893, 0.00031185898114927113, -0.001001295750029385, -0.013725093565881252, 0.03889383748173714, -0.015439778566360474, -0.0038998802192509174, 0.0018927280325442553], [5.7581299188314006e-05, 0.0010366749484091997, -0.0007300389697775245, 0.0007287327316589653, -0.0007593645132146776, 0.0006414289237000048, -0.0005384827381931245, 6.23461019131355e-05, -0.0005545903695747256, -0.015439778566360474, 0.04004085436463356, -0.012668674811720848, -0.0018860569689422846], [0.0005046771257184446, -2.1590001779259183e-05, 0.0018384279683232307, -0.00047874837764538825, -0.0022799475118517876, 0.0019305868772789836, -0.0008510978077538311, -0.0016319385031238198, 0.000875559460837394, -0.0038998802192509174, -0.012668674811720848, 0.0415804423391819, -0.017455149441957474], [5.8641588111640885e-05, 0.0008755778544582427, 0.0006191321881487966, -0.0027136222925037146, -0.0005582914454862475, 0.0004762664611916989, -0.0007430546684190631, 0.001479719066992402, -0.0019327981863170862, 0.0018927280325442553, -0.0018860569689422846, -0.017455149441957474, 0.03711819276213646]], "metadata.audio_properties.analysis.downmix": "mix", "metadata.audio_properties.codec": "mp3", "metadata.audio_properties.md5_encoded": "08a14de3b26f640f75dd2ccd6bc4a70c", "metadata.tags.file_name": "1182278390384967710.mp3", "metadata.version.essentia": "2.1-beta6-dev", "metadata.version.essentia_git_sha": "v2.1_beta5-1110-g77a6a954", "metadata.version.extractor": "music 2.0", "tonal.chords_key": "D", "tonal.chords_scale": "major", "tonal.key_edma.key": "D", "tonal.key_edma.scale": "minor", "tonal.key_krumhansl.key": "D", "tonal.key_krumhansl.scale": "minor", "tonal.k