{"song_id": "1182274533265260624", "download": "https://cdn.discordapp.com/attachments/1128313332273782784/1182274533265260624/chirp.mp4?ex=658419f6&amp", "lyrics": "[verse 1]\n\u042f \u043d\u0430\u0432\u0441\u0435\u0433\u0434\u0430 \u0437\u0430\u043f\u043e\u043c\u043d\u044e \u043d\u043e\u0447\u044c,\n\u041a\u043e\u0433\u0434\u0430 \u0432\u0441\u0451 \u044d\u0442\u043e \u043d\u0430\u0447\u0430\u043b\u043e\u0441\u044c\n\u041f\u043e\u0434 \u0443\u0442\u0440\u043e \u044f \u0441 \u0443\u043c\u0430 \u0441\u043e\u0448\u043b\u0430\n\u0417\u0430\u0447\u0435\u043c \u0436\u0435 \u044f \u0442\u0435\u0431\u044f \u043d\u0430\u0448\u043b\u0430!?", "style": ["Chill study with me minimal electro music"], "essentia_features": {"lowlevel.average_loudness": 0.8647029399871826, "lowlevel.barkbands_crest.mean": 10.331811904907227, "lowlevel.barkbands_crest.stdev": 2.5671579837799072, "lowlevel.barkbands_flatness_db.mean": 0.2970549464225769, "lowlevel.barkbands_flatness_db.stdev": 0.046305637806653976, "lowlevel.barkbands_kurtosis.mean": 0.8923965692520142, "lowlevel.barkbands_kurtosis.stdev": 1.682007074356079, "lowlevel.barkbands_skewness.mean": 1.1230802536010742, "lowlevel.barkbands_skewness.stdev": 0.5157129168510437, "lowlevel.barkbands_spread.mean": 9.477118492126465, "lowlevel.barkbands_spread.stdev": 3.4503512382507324, "lowlevel.dissonance.mean": 0.41474005579948425, "lowlevel.dissonance.stdev": 0.03061586059629917, "lowlevel.dynamic_complexity": 2.228029489517212, "lowlevel.erbbands_crest.mean": 10.619153022766113, "lowlevel.erbbands_crest.stdev": 2.852658987045288, "lowlevel.erbbands_flatness_db.mean": 0.35623714327812195, "lowlevel.erbbands_flatness_db.stdev": 0.045641541481018066, "lowlevel.erbbands_kurtosis.mean": -0.7425280213356018, "lowlevel.erbbands_kurtosis.stdev": 0.9238314628601074, "lowlevel.erbbands_skewness.mean": 0.2684423327445984, "lowlevel.erbbands_skewness.stdev": 0.46779564023017883, "lowlevel.erbbands_spread.mean": 18.503843307495117, "lowlevel.erbbands_spread.stdev": 4.7552924156188965, "lowlevel.hfc.mean": 14.65995979309082, "lowlevel.hfc.stdev": 13.687251091003418, "lowlevel.loudness_ebu128.integrated": -21.463563919067383, "lowlevel.loudness_ebu128.loudness_range": 4.056180953979492, "lowlevel.loudness_ebu128.momentary.mean": -22.081886291503906, "lowlevel.loudness_ebu128.momentary.stdev": 2.1380574703216553, "lowlevel.loudness_ebu128.short_term.mean": -21.666486740112305, "lowlevel.loudness_ebu128.short_term.stdev": 1.5464208126068115, "lowlevel.melbands_crest.mean": 13.702536582946777, "lowlevel.melbands_crest.stdev": 3.659388303756714, "lowlevel.melbands_flatness_db.mean": 0.36026549339294434, "lowlevel.melbands_flatness_db.stdev": 0.06223902106285095, "lowlevel.melbands_kurtosis.mean": 3.386317491531372, "lowlevel.melbands_kurtosis.stdev": 3.179638385772705, "lowlevel.melbands_skewness.mean": 1.6703004837036133, "lowlevel.melbands_skewness.stdev": 0.6213595271110535, "lowlevel.melbands_spread.mean": 13.269511222839355, "lowlevel.melbands_spread.stdev": 4.658524513244629, "lowlevel.pitch_salience.mean": 0.5740124583244324, "lowlevel.pitch_salience.stdev": 0.07328181713819504, "lowlevel.silence_rate_20dB.mean": 1.0, "lowlevel.silence_rate_20dB.stdev": 0.0, "lowlevel.silence_rate_30dB.mean": 0.9984555840492249, "lowlevel.silence_rate_30dB.stdev": 0.03926851227879524, "lowlevel.silence_rate_60dB.mean": 0.00231660227291286, "lowlevel.silence_rate_60dB.stdev": 0.04807528853416443, "lowlevel.spectral_centroid.mean": 771.4246826171875, "lowlevel.spectral_centroid.stdev": 210.89588928222656, "lowlevel.spectral_complexity.mean": 14.258687019348145, "lowlevel.spectral_complexity.stdev": 3.8150622844696045, "lowlevel.spectral_decrease.mean": -4.975725165223821e-09, "lowlevel.spectral_decrease.stdev": 3.84419074350717e-09, "lowlevel.spectral_energy.mean": 0.020109200850129128, "lowlevel.spectral_energy.stdev": 0.01570557802915573, "lowlevel.spectral_energyband_high.mean": 4.2927797039737925e-05, "lowlevel.spectral_energyband_high.stdev": 0.00014716669102199376, "lowlevel.spectral_energyband_low.mean": 0.0005859095836058259, "lowlevel.spectral_energyband_low.stdev": 0.0009995127329602838, "lowlevel.spectral_energyband_middle_high.mean": 0.00598079152405262, "lowlevel.spectral_energyband_middle_high.stdev": 0.007773073855787516, "lowlevel.spectral_energyband_middle_low.mean": 0.013694941066205502, "lowlevel.spectral_energyband_middle_low.stdev": 0.01007390022277832, "lowlevel.spectral_entropy.mean": 6.41680908203125, "lowlevel.spectral_entropy.stdev": 0.3597739636898041, "lowlevel.spectral_flux.mean": 0.03323296457529068, "lowlevel.spectral_flux.stdev": 0.031142305582761765, "lowlevel.spectral_kurtosis.mean": 27.476713180541992, "lowlevel.spectral_kurtosis.stdev": 18.047025680541992, "lowlevel.spectral_rms.mean": 0.0041898577474057674, "lowlevel.spectral_rms.stdev": 0.0014365949900820851, "lowlevel.spectral_rolloff.mean": 1192.7384033203125, "lowlevel.spectral_rolloff.stdev": 316.278076171875, "lowlevel.spectral_skewness.mean": 3.0361006259918213, "lowlevel.spectral_skewness.stdev": 1.209657073020935, "lowlevel.spectral_spread.mean": 1630281.875, "lowlevel.spectral_spread.stdev": 909830.0, "lowlevel.spectral_strongpeak.mean": 1.6528692245483398, "lowlevel.spectral_strongpeak.stdev": 1.218588948249817, "lowlevel.zerocrossingrate.mean": 0.03791701793670654, "lowlevel.zerocrossingrate.stdev": 0.010014872066676617, "metadata.audio_properties.analysis.equal_loudness": 0.0, "metadata.audio_properties.analysis.length": 30.03628158569336, "metadata.audio_properties.analysis.sample_rate": 44100.0, "metadata.audio_properties.analysis.start_time": 0.0, "metadata.audio_properties.bit_rate": 92144.0, "metadata.audio_properties.length": 30.03733253479004, "metadata.audio_properties.lossless": 0.0, "metadata.audio_properties.number_channels": 1.0, "metadata.audio_properties.replay_gain": -6.698646545410156, "metadata.audio_properties.sample_rate": 48000.0, "rhythm.beats_count": 51.0, "rhythm.beats_loudness.mean": 0.027230270206928253, "rhythm.beats_loudness.stdev": 0.01730668917298317, "rhythm.bpm": 104.74787902832031, "rhythm.bpm_histogram_first_peak_bpm": 103.0, "rhythm.bpm_histogram_first_peak_weight": 0.59375, "rhythm.bpm_histogram_second_peak_bpm": 108.0, "rhythm.bpm_histogram_second_peak_spread": 0.07692307233810425, "rhythm.bpm_histogram_second_peak_weight": 0.23999999463558197, "rhythm.danceability": 1.0110855102539062, "rhythm.onset_rate": 3.093994379043579, "tonal.chords_changes_rate": 0.03395061567425728, "tonal.chords_number_rate": 0.007716049440205097, "tonal.chords_strength.mean": 0.5097297430038452, "tonal.chords_strength.stdev": 0.07817766070365906, "tonal.hpcp_crest.mean": 17.406435012817383, "tonal.hpcp_crest.stdev": 3.427898406982422, "tonal.hpcp_entropy.mean": 1.298957109451294, "tonal.hpcp_entropy.stdev": 0.3263512849807739, "tonal.key_edma.strength": 0.6866109371185303, "tonal.key_krumhansl.strength": 0.7023261785507202, "tonal.key_temperley.strength": 0.7214900255203247, "tonal.tuning_diatonic_strength": 0.5253275036811829, "tonal.tuning_equal_tempered_deviation": 0.0008700558682903647, "tonal.tuning_frequency": 440.5086364746094, "tonal.tuning_nontempered_energy_ratio": 0.5908530354499817, "lowlevel.barkbands.mean": [1.6262015378742944e-06, 9.021545702125877e-05, 0.00040992701542563736, 0.00011173216626048088, 0.0010553898755460978, 0.003077753586694598, 0.004409573506563902, 0.004507426638156176, 0.00031209795270115137, 0.00046951178228482604, 0.0008490647305734456, 0.0014254156267270446, 0.0016389171360060573, 0.0007530681905336678, 0.0004984362749382854, 0.00021672260481864214, 7.307648775167763e-05, 2.9659287974936888e-05, 6.620185740757734e-05, 9.132057311944664e-05, 7.634816029167268e-06, 2.675767746040947e-06, 4.939706741424743e-06, 5.518512352864491e-06, 1.0524298659220221e-06, 2.683535456071695e-07, 1.4986871743616348e-09], "lowlevel.barkbands.stdev": [2.2670596990792546e-06, 0.0002809379657264799, 0.0006912022363394499, 0.00017906683206092566, 0.0019312031799927354, 0.002567723859101534, 0.003606892190873623, 0.006523055490106344, 0.0006115330616012216, 0.0013630050234496593, 0.0023867522832006216, 0.0032569558825343847, 0.0033476129174232483, 0.0011760919587686658, 0.0005279252654872835, 0.00020196854893583804, 9.048973151948303e-05, 6.516803841805086e-05, 0.00017358537297695875, 0.0002892975462600589, 4.0024831832852215e-05, 1.809955938369967e-05, 2.961763493658509e-05, 3.597711111069657e-05, 1.013423297990812e-05, 2.7660062187351286e-06, 1.1266607202742307e-08], "lowlevel.erbbands.mean": [0.0005468682502396405, 0.032646410167217255, 0.3560809791088104, 0.5448511242866516, 0.5681913495063782, 3.4197771549224854, 13.675395011901855, 25.974384307861328, 75.74935913085938, 94.29359436035156, 41.73631286621094, 10.171211242675781, 12.59028148651123, 13.77783203125, 47.46497344970703, 76.79466247558594, 84.85227966308594, 42.7373161315918, 32.851318359375, 17.221269607543945, 8.20548152923584, 3.5058541297912598, 2.078253984451294, 2.9730892181396484, 4.364706993103027, 3.6813416481018066, 0.7346013784408569, 0.21635358035564423, 0.10669974982738495, 0.12111552804708481, 0.12571512162685394, 0.14434115588665009, 0.06796540319919586, 0.01850586012005806, 0.004673367831856012, 0.0019098869524896145, 0.00035922028473578393, 2.0369154299260117e-05, 1.099231121770572e-05, 2.3439266442437656e-05], "lowlevel.erbbands.stdev": [0.0014640544541180134, 0.0902322456240654, 0.6630794405937195, 0.80418860912323, 0.9269517064094543, 6.3334550857543945, 22.520784378051758, 19.809459686279297, 51.96506881713867, 111.68107604980469, 67.22241973876953, 16.46902847290039, 42.73394775390625, 40.886924743652344, 122.52930450439453, 160.11399841308594, 167.50930786132812, 64.52490997314453, 36.35205078125, 14.744199752807617, 7.229030609130859, 4.226772308349609, 4.1921844482421875, 7.626135349273682, 12.807663917541504, 10.968986511230469, 2.6393914222717285, 1.154801368713379, 0.6798866391181946, 0.8290205597877502, 0.7368497252464294, 0.8963159918785095, 0.4747927784919739, 0.17344613373279572, 0.04340813681483269, 0.01915353164076805, 0.003512122668325901, 0.00017750318511389196, 9.544051863485947e-06, 1.851500928751193e-05], "lowlevel.gfcc.mean": [-136.18637084960938, 201.0554962158203, -196.92295837402344, -34.12163543701172, -34.81615447998047, -48.285099029541016, -29.972761154174805, -34.92859649658203, -12.275961875915527, 11.823803901672363, 6.453813552856445, -13.269624710083008, -7.80794620513916], "lowlevel.melbands.mean": [1.342988707619952e-05, 0.0001394970022374764, 8.823177631711587e-05, 0.00012515144771896303, 0.00041617872193455696, 0.0006205722456797957, 0.0011031617177650332, 0.0011023139813914895, 0.00025438310694880784, 5.280088953441009e-05, 6.0837908677058294e-05, 4.924122549709864e-05, 0.00012450810754671693, 0.00018258141062688082, 0.00020524839055724442, 0.00012384989531710744, 8.087757305474952e-05, 5.253730705589987e-05, 2.9552969863289036e-05, 2.2073525542509742e-05, 6.610488981095841e-06, 3.928589194401866e-06, 2.4003081762202783e-06, 1.5743920585009619e-06, 2.5422471026104176e-06, 2.107879481627606e-06, 4.658241778088268e-06, 1.843646032284596e-06, 5.299595500218857e-07, 1.8281841107636865e-07, 9.259935751515513e-08, 5.9592650814010995e-08, 4.922494412085143e-08, 7.822355030384642e-08, 6.117807771488515e-08, 9.938274558862759e-08, 8.643471005598258e-08, 5.893742383022982e-08, 2.202305182663622e-08, 1.2637179302998902e-08], "lowlevel.melbands.stdev": [4.146685023442842e-05, 0.00026010730653069913, 0.00011942137643927708, 0.00020684600167442113, 0.0006884019239805639, 0.0004978296346962452, 0.0007874002330936491, 0.0014268748927861452, 0.0004380040627438575, 0.00010481395293027163, 0.00021181823103688657, 0.0001673745282460004, 0.0003448769566603005, 0.0003730730095412582, 0.00033588949008844793, 0.00023354822769761086, 0.0001363692426821217, 6.046032649464905e-05, 2.800912261591293e-05, 2.1241447029751725e-05, 6.507985744974576e-06, 4.831847945752088e-06, 4.445627837412758e-06, 4.066188466822496e-06, 6.747716270183446e-06, 5.82044776820112e-06, 1.5803178030182607e-05, 5.507040896191029e-06, 2.128929054379114e-06, 9.26829784475558e-07, 5.558657107940235e-07, 4.145439334024559e-07, 3.437784528159682e-07, 5.593412879534299e-07, 3.75935087504331e-07, 5.603982344837277e-07, 5.757054282184981e-07, 4.1354562085871294e-07, 1.875396691275455e-07, 1.3652365282723622e-07], "lowlevel.melbands128.mean": [5.338899882190162e-07, 7.076998258526146e-07, 5.345376393961487e-06, 6.154949369374663e-05, 0.00015121806063689291, 0.00021498484420590103, 0.0001231737551279366, 3.888936043949798e-05, 3.783694046433084e-05, 0.00010270638449583203, 0.0001537090283818543, 0.0003933088737539947, 0.0005649153026752174, 0.00034071659320034087, 0.0003636465116869658, 0.0009737118962220848, 0.0011417294153943658, 0.0014723326312378049, 0.0005544213927350938, 0.001029910403303802, 0.0016886297380551696, 0.00032356620067730546, 0.00010446612577652559, 4.6778408432146534e-05, 7.373060361715034e-05, 3.912207102985121e-05, 4.284886745153926e-05, 9.338735253550112e-05, 3.16580080834683e-05, 6.804148870287463e-05, 4.2968476918758824e-05, 3.6594399716705084e-05, 9.715559281175956e-05, 0.00027005522861145437, 7.108491990948096e-05, 0.00021035689860582352, 0.0002866213908419013, 4.246554817655124e-05, 0.00036008108872920275, 0.00019827579671982676, 4.159910895396024e-05, 4.786944555235095e-05, 7.275577081600204e-05, 0.00012806961603928357, 3.504283449728973e-05, 3.5226199543103576e-05, 7.923628436401486e-05, 2.3177701223175973e-05, 9.416974535270128e-06, 2.762663280009292e-05, 2.6218509447062388e-05, 1.752892967488151e-05, 4.177205028099706e-06, 3.3201206406374695e-06, 6.6902216531161685e-06, 3.6228354929335183e-06, 1.614712687114661e-06, 4.314756097301142e-06, 1.4024938082002336e-06, 1.3930125533079263e-06, 1.90311777714669e-06, 1.048307694873074e-06, 3.2183495477511315e-06, 3.003563506354112e-06, 1.2088078165106708e-06, 1.8995071968674893e-06, 2.2272074602369685e-06, 4.556852218229324e-06, 6.3686666180728935e-06, 3.4405973110551713e-06, 1.4767091442990932e-06, 1.2414936918503372e-06, 8.601473950875516e-07, 3.36787451260534e-07, 2.3706222407327004e-07, 1.537252956040902e-07, 2.0400166533818265e-07, 1.1216005191272416e-07, 8.673675466752684e-08, 4.0693912239930796e-08, 8.587824851247206e-08, 5.279591519524729e-08, 4.4501270224373e-08, 5.047917284173309e-08, 4.6692392174918496e-08, 7.367413701331316e-08, 9.552407220780879e-08, 7.420663905577385e-08, 4.656244811940269e-08, 5.5344912652799394e-08, 1.0087585167184443e-07, 1.2141039462676417e-07, 8.571090148734584e-08, 7.767528842350657e-08, 9.037233184017168e-08, 9.31492252220778e-08, 4.301451639321385e-08, 2.5722538765649006e-08, 2.5602114206435544e-08, 1.6760742127530648e-08, 1.59175304048631e-08, 1.2632577650606436e-08, 8.528870054647086e-09, 5.953117554469145e-09, 3.417603311461903e-09, 3.5416085619743853e-09, 4.980076795391142e-09, 4.376088824642466e-09, 3.3745604088863956e-09, 2.3901345347354663e-09, 1.6215967457711145e-09, 1.4496958078424882e-09, 1.1096169538760137e-09, 4.916652640574171e-10, 2.1298934838043238e-10, 8.13543468702882e-11, 3.195352316076594e-11, 8.579220667215282e-12, 3.984970339820926e-12, 3.8748097612451016e-12, 3.781280843995205e-12, 3.708009160136028e-12, 3.655852964107309e-12, 3.5870902602430643e-12, 3.4318624331231007e-12, 3.2195541805474237e-12, 3.0993953063773727e-12, 3.0694839031619736e-12], "lowlevel.melbands128.stdev": [1.1053056141463458e-06, 2.4236205717897974e-06, 1.8183425709139556e-05, 0.00019221346883568913, 0.000343391700880602, 0.00034839697764255106, 0.000191684506717138, 7.792313408572227e-05, 7.43369382689707e-05, 0.00021304110123310238, 0.0003509224043227732, 0.0008879306260496378, 0.0011236461577937007, 0.00036198331508785486, 0.00045381419477052987, 0.0011111198691651225, 0.0008694800199009478, 0.0017658964497968554, 0.000608816568274051, 0.0012758153025060892, 0.0026442729867994785, 0.0007384212804026902, 0.0004502320662140846, 9.772863995749503e-05, 0.00013574751210398972, 0.00014383139205165207, 0.00020940141985192895, 0.0003802399733103812, 0.00012697094643954188, 0.00027331465389579535, 0.00019672272901516408, 0.0002427574509056285, 0.0003284122212789953, 0.0008392097079195082, 0.00029967515729367733, 0.0005923524149693549, 0.0007505195098929107, 0.00015920748410280794, 0.0008108150213956833, 0.000464859971543774, 0.00010393042612122372, 0.00010213903442490846, 0.00018448103219270706, 0.0002484415890648961, 7.679883856326342e-05, 5.4511288908543065e-05, 0.00011357929179212078, 4.1596238588681445e-05, 1.439903826394584e-05, 3.847746484098025e-05, 3.276543793617748e-05, 2.2712985810358077e-05, 7.902643119450659e-06, 5.5698455980746076e-06, 1.0579692570900079e-05, 7.168771844590083e-06, 3.284082822574419e-06, 9.268437679565977e-06, 2.908029728132533e-06, 5.197437076276401e-06, 5.3333837968239095e-06, 2.5690912934805965e-06, 1.2548857739602681e-05, 6.874159225844778e-06, 4.221547897031996e-06, 6.265119282033993e-06, 6.851368652860401e-06, 2.0333776774350554e-05, 2.6249957954860292e-05, 1.2164948202553205e-05, 5.151383447810076e-06, 6.249593297980027e-06, 3.5456885143503314e-06, 1.769911136761948e-06, 1.4348140666697873e-06, 6.824769229751837e-07, 1.257996018466656e-06, 7.499359071516665e-07, 5.265679305921367e-07, 2.5361867983519915e-07, 8.351299243258836e-07, 3.2838755714692525e-07, 3.007060627169267e-07, 4.001716433776892e-07, 3.486846935629728e-07, 6.475671057160071e-07, 7.00301029610273e-07, 4.916778379993048e-07, 3.370217882547877e-07, 3.47801091038491e-07, 6.324059427242901e-07, 6.891665407238179e-07, 5.628650114886113e-07, 6.954161904104694e-07, 5.377733032219112e-07, 7.51120012409956e-07, 3.226746798645763e-07, 1.9452238575468073e-07, 2.4871005166460236e-07, 1.499513047065193e-07, 1.755481235932166e-07, 1.4298781536581373e-07, 1.0844426867606671e-07, 6.067813984600434e-08, 2.985634495189515e-08, 3.2163928409545406e-08, 4.540145681630747e-08, 5.26647951915038e-08, 3.723267383293205e-08, 2.4623876271334666e-08, 1.2915166713867166e-08, 1.3288363298613604e-08, 1.567007501535045e-08, 7.660424294897439e-09, 2.0460171334946153e-09, 1.0354136437129569e-09, 4.763075489577773e-10, 9.975720249855158e-11, 6.338610192280214e-12, 6.176671587393434e-12, 6.02504851565655e-12, 5.8919731073248105e-12, 5.775416169612191e-12, 5.679884514109279e-12, 5.5929371377272386e-12, 5.5277982712043094e-12, 5.479221677068269e-12, 5.449614717822904e-12], "lowlevel.mfcc.mean": [-760.11865234375, 237.47389221191406, -88.34044647216797, 2.664027214050293, -12.466121673583984, -10.187081336975098, -15.311097145080566, -42.406070709228516, -23.409534454345703, -6.334482192993164, -3.1664254665374756, 11.015114784240723, 6.840530872344971], "lowlevel.spectral_contrast_coeffs.mean": [-0.6081888675689697, -0.6092258095741272, -0.6796039342880249, -0.6842505931854248, -0.7564178705215454, -0.724559485912323], "lowlevel.spectral_contrast_coeffs.stdev": [0.0703163668513298, 0.05566614866256714, 0.05709098279476166, 0.04132317006587982, 0.03708126023411751, 0.06724292784929276], "lowlevel.spectral_contrast_valleys.mean": [-8.400280952453613, -6.854074478149414, -8.049073219299316, -8.0982027053833, -9.186464309692383, -13.951177597045898], "lowlevel.spectral_contrast_valleys.stdev": [0.8169496059417725, 0.6058835387229919, 0.6757499575614929, 0.6132656931877136, 0.8128425478935242, 1.2568150758743286], "rhythm.beats_loudness_band_ratio.mean": [0.03840699791908264, 0.25650861859321594, 0.483020544052124, 0.22437791526317596, 0.07119319587945938, 0.006536324042826891], "rhythm.beats_loudness_band_ratio.stdev": [0.043478429317474365, 0.20195665955543518, 0.16777019202709198, 0.09531419724225998, 0.031646210700273514, 0.011588371358811855], "tonal.hpcp.mean": [0.4524690508842468, 0.23140881955623627, 0.014441238716244698, 0.011352187022566795, 0.0026899883523583412, 0.02718438394367695, 0.05920561030507088, 0.03939470648765564, 0.254280149936676, 0.5558587908744812, 0.31695377826690674, 0.016218779608607292, 0.008806833066046238, 0.005046118050813675, 0.1521162986755371, 0.29738152027130127, 0.15068720281124115, 0.006406497210264206, 0.005052157212048769, 0.0051383464597165585, 0.07729366421699524, 0.18334919214248657, 0.11237920075654984, 0.029291482642292976, 0.05057303234934807, 0.026086417958140373, 0.016433628275990486, 0.022159215062856674, 0.012250741012394428, 0.21642766892910004, 0.40499746799468994, 0.1961967647075653, 0.01295840460807085, 0.015646755695343018, 0.00859562586992979, 0.22763685882091522], "tonal.hpcp.stdev": [0.4420202076435089, 0.22054041922092438, 0.052035141736269, 0.0422227680683136, 0.03043205849826336, 0.05473851040005684, 0.08538231253623962, 0.05992685258388519, 0.16736242175102234, 0.3507002294063568, 0.2404082715511322, 0.08054452389478683, 0.04356089234352112, 0.028949815779924393, 0.22011075913906097, 0.40332621335983276, 0.2002878189086914, 0.01318373903632164, 0.009960110299289227, 0.028234316036105156, 0.09114089608192444, 0.19612999260425568, 0.1260327398777008, 0.054410420358181, 0.09861532598733902, 0.05076218768954277, 0.028407547622919083, 0.04418667405843735, 0.03116227313876152, 0.2135595977306366, 0.38265031576156616, 0.18397104740142822, 0.024195753037929535, 0.03174462541937828, 0.021084805950522423, 0.23085521161556244], "rhythm.beats_position": [0.6037188172340393, 1.2074376344680786, 1.8111563920974731, 2.4148752689361572, 3.0302040576934814, 3.6455328464508057, 4.260861396789551, 4.876190185546875, 5.491518974304199, 6.083628177642822, 6.664126873016357, 7.244625568389893, 7.813514709472656, 8.382403373718262, 8.951292037963867, 9.520181655883789, 10.100680351257324, 10.68117904663086, 11.238457679748535, 11.80734634399414, 12.376235961914062, 12.956734657287598, 13.537233352661133, 14.117732048034668, 14.698230743408203, 15.267120361328125, 15.83600902557373, 16.416507720947266, 16.997007369995117, 17.554285049438477, 18.11156463623047, 18.692062377929688, 19.27256202697754, 19.86467170715332, 20.45677947998047, 21.03727912902832, 21.59455680847168, 22.151836395263672, 22.709115982055664, 23.278003692626953, 23.846893310546875, 24.404170989990234, 24.961450576782227, 25.50712013244629, 26.06439781188965, 26.63328742980957, 27.202177047729492, 27.77106475830078, 28.328344345092773, 28.885623931884766, 29.442901611328125], "rhythm.bpm_histogram": [0.0, 0.0, 0.0, 0.0, 0.0, 0.0, 0.0, 0.0, 0.0, 0.0, 0.0, 0.0, 0.0, 0.0, 0.0, 0.0, 0.0, 0.0, 0.0, 0.0, 0.0, 0.0, 0.0, 0.0, 0.0, 0.0, 0.0, 0.0, 0.0, 0.0, 0.0, 0.0, 0.0, 0.0, 0.0, 0.0, 0.0, 0.0, 0.0, 0.0, 0.0, 0.0, 0.0, 0.0, 0.0, 0.0, 0.0, 0.0, 0.0, 0.0, 0.0, 0.0, 0.0, 0.0, 0.0, 0.0, 0.0, 0.0, 0.0, 0.0, 0.0, 0.0, 0.0, 0.0, 0.0, 0.0, 0.0, 0.0, 0.0, 0.0, 0.0, 0.0, 0.0, 0.0, 0.0, 0.0, 0.0, 0.0, 0.0, 0.0, 0.0, 0.0, 0.0, 0.0, 0.0, 0.0, 0.0, 0.0, 0.0, 0.0, 0.0, 0.0, 0.0, 0.0, 0.0, 0.0, 0.0, 0.0, 0.10000000149011612, 0.05999999865889549, 0.0, 0.05999999865889549, 0.0, 0.25999999046325684, 0.0, 0.25999999046325684, 0.0, 0.0, 0.23999999463558197, 0.0, 0.019999999552965164, 0.0, 0.0, 0.0, 0.0, 0.0, 0.0, 0.0, 0.0, 0.0, 0.0, 0.0, 0.0, 0.0, 0.0, 0.0, 0.0, 0.0, 0.0, 0.0, 0.0, 0.0, 0.0, 0.0, 0.0, 0.0, 0.0, 0.0, 0.0, 0.0, 0.0, 0.0, 0.0, 0.0, 0.0, 0.0, 0.0, 0.0, 0.0, 0.0, 0.0, 0.0, 0.0, 0.0, 0.0, 0.0, 0.0, 0.0, 0.0, 0.0, 0.0, 0.0, 0.0, 0.0, 0.0, 0.0, 0.0, 0.0, 0.0, 0.0, 0.0, 0.0, 0.0, 0.0, 0.0, 0.0, 0.0, 0.0, 0.0, 0.0, 0.0, 0.0, 0.0, 0.0, 0.0, 0.0, 0.0, 0.0, 0.0, 0.0, 0.0, 0.0, 0.0, 0.0, 0.0, 0.0, 0.0, 0.0, 0.0, 0.0, 0.0, 0.0, 0.0, 0.0, 0.0, 0.0, 0.0, 0.0, 0.0, 0.0, 0.0, 0.0, 0.0, 0.0, 0.0, 0.0, 0.0, 0.0, 0.0, 0.0, 0.0, 0.0, 0.0, 0.0, 0.0, 0.0, 0.0, 0.0, 0.0, 0.0, 0.0, 0.0, 0.0, 0.0, 0.0, 0.0, 0.0, 0.0, 0.0, 0.0, 0.0, 0.0, 0.0, 0.0, 0.0, 0.0, 0.0, 0.0, 0.0, 0.0], "tonal.chords_histogram": [20.06172752380371, 0.0, 26.38888931274414, 0.0, 0.3086419701576233, 0.0, 0.0, 0.0, 0.0, 0.0, 0.0, 0.0, 0.0, 0.0, 0.0, 0.0, 0.0, 0.0, 0.0, 2.4691357612609863, 0.0, 0.15432098507881165, 23.148147583007812, 27.469135284423828], "tonal.thpcp": [1.0, 0.570205569267273, 0.02917787805199623, 0.015843652188777924, 0.00907805748283863, 0.27365997433662415, 0.5349947214126587, 0.27108898758888245, 0.011525403708219528, 0.009088922291994095, 0.009243978187441826, 0.13905270397663116, 0.3298484981060028, 0.2021722048521042, 0.05269590765237808, 0.09098179638385773, 0.04692993685603142, 0.029564393684267998, 0.03986482694745064, 0.022039303556084633, 0.3893572688102722, 0.7285977602005005, 0.3529615104198456, 0.02331240475177765, 0.028148796409368515, 0.015463686548173428, 0.4095228314399719, 0.8140000104904175, 0.4163086414337158, 0.02598004974424839, 0.020422790199518204, 0.004839337430894375, 0.04890519753098488, 0.10651196539402008, 0.07087178528308868, 0.4574545919895172], "lowlevel.gfcc.cov": [[3841.58349609375, -1341.242431640625, 61.716346740722656, 769.09716796875, -1027.6468505859375, 738.8079833984375, -180.3109588623047, 305.119140625, -125.1158447265625, -392.2745666503906, 324.8045654296875, -230.27328491210938, -76.37016296386719], [-1341.242431640625, 1574.2611083984375, 74.20667266845703, -196.56460571289062, 973.3282470703125, -451.9663391113281, 369.9415283203125, -252.61483764648438, 67.14236450195312, 140.31515502929688, -261.956787109375, 69.70606994628906, 12.810352325439453], [61.716346740722656, 74.20667266845703, 450.01947021484375, 220.3482666015625, 95.81726837158203, 262.5759582519531, -41.489219665527344, 72.99435424804688, -54.85932540893555, -20.99764060974121, -44.46255111694336, 8.542888641357422, -19.188888549804688], [769.09716796875, -196.56460571289062, 220.3482666015625, 464.85784912109375, -113.39665985107422, 264.57366943359375, 17.383291244506836, 35.47224807739258, -22.421661376953125, -93.06775665283203, 20.6298770904541, -11.846231460571289, -38.68653869628906], [-1027.6468505859375, 973.3282470703125, 95.81726837158203, -113.39665985107422, 710.0294189453125, -265.294189453125, 206.6248779296875, -153.1916046142578, 33.775264739990234, 143.51177978515625, -179.72206115722656, 97.44910430908203, 19.428749084472656], [738.8079833984375, -451.9663391113281, 262.5759582519531, 264.57366943359375, -265.294189453125, 405.2885437011719, -108.24966430664062, 152.34031677246094, -63.60591125488281, -101.79653930664062, 94.93233489990234, -49.60678482055664, -12.672442436218262], [-180.3109588623047, 369.9415283203125, -41.489219665527344, 17.383291244506836, 206.6248779296875, -108.24966430664062, 191.59776306152344, -53.64614486694336, 48.222320556640625, 41.292381286621094, -55.27748107910156, 9.703986167907715, -8.317814826965332], [305.119140625, -252.61483764648438, 72.99435424804688, 35.47224807739258, -153.1916046142578, 152.34031677246094, -53.64614486694336, 165.40049743652344, -23.86943244934082, -32.645751953125, 85.15869140625, -64.52108001708984, 17.24949836730957], [-125.1158447265625, 67.14236450195312, -54.85932540893555, -22.421661376953125, 33.775264739990234, -63.60591125488281, 48.222320556640625, -23.86943244934082, 123.65382385253906, 75.71835327148438, -18.10188865661621, 29.728988647460938, -24.58644676208496], [-392.2745666503906, 140.31515502929688, -20.99764060974121, -93.06775665283203, 143.51177978515625, -101.79653930664062, 41.292381286621094, -32.645751953125, 75.71835327148438, 144.913330078125, -42.75617599487305, 61.475929260253906, 7.912139415740967], [324.8045654296875, -261.956787109375, -44.46255111694336, 20.6298770904541, -179.72206115722656, 94.93233489990234, -55.27748107910156, 85.15869140625, -18.10188865661621, -42.75617599487305, 162.44692993164062, -35.515560150146484, 31.795663833618164], [-230.27328491210938, 69.70606994628906, 8.542888641357422, -11.846231460571289, 97.44910430908203, -49.60678482055664, 9.703986167907715, -64.52108001708984, 29.728988647460938, 61.475929260253906, -35.515560150146484, 108.28483581542969, 1.4731460809707642], [-76.37016296386719, 12.810352325439453, -19.188888549804688, -38.68653869628906, 19.428749084472656, -12.672442436218262, -8.317814826965332, 17.24949836730957, -24.58644676208496, 7.912139415740967, 31.795663833618164, 1.4731460809707642, 62.19707107543945]], "lowlevel.gfcc.icov": [[0.0011634475085884333, -0.0033429977484047413, 0.0035581698175519705, -0.002670504152774811, 0.003621003357693553, -0.0027996478602290154, 0.002512909471988678, -0.0026289618108421564, 0.002358881989493966, -0.0022309445776045322, 0.0004266507748980075, -0.0015472995582967997, 0.0019522539805620909], [-0.0033429977484047413, 0.033785946667194366, -0.0259514432400465, 0.015837686136364937, -0.03336111083626747, 0.019546961411833763, -0.025610122829675674, 0.022336043417453766, -0.020620247349143028, 0.02556721866130829, -0.005468412768095732, 0.01903943158686161, -0.013493701815605164], [0.0035581698175519705, -0.0259514432400465, 0.030912403017282486, -0.015351762063801289, 0.021138785406947136, -0.023195955902338028, 0.023446042090654373, -0.020731491968035698, 0.017664333805441856, -0.02055143192410469, 0.008021502755582333, -0.014679116196930408, 0.013102157041430473], [-0.002670504152774811, 0.015837686136364937, -0.015351762063801289, 0.014293716289103031, -0.014952078461647034, 0.007279189303517342, -0.0153757119551301, 0.013499162159860134, -0.01127034891396761, 0.0140310600399971, -0.002812634687870741, 0.007413925137370825, -0.007010757923126221], [0.003621003357693553, -0.03336111083626747, 0.021138785406947136, -0.014952078461647034, 0.03915490210056305, -0.015703650191426277, 0.02032111957669258, -0.020249895751476288, 0.021908599883317947, -0.026656443253159523, 0.005640212446451187, -0.01962757669389248, 0.011074917390942574], [-0.0027996478602290154, 0.019546961411833763, -0.023195955902338028, 0.007279189303517342, -0.015703650191426277, 0.0266107227653265, -0.014772225171327591, 0.009060894139111042, -0.011293725110590458, 0.015795577317476273, -0.0064330631867051125, 0.00926282349973917, -0.007658009417355061], [0.002512909471988678, -0.025610122829675674, 0.023446042090654373, -0.0153757119551301, 0.02032111957669258, -0.014772225171327591, 0.031655166298151016, -0.0184447281062603, 0.01253584399819374, -0.0192722100764513, 0.0052551282569766045, -0.01151061337441206, 0.011014493182301521], [-0.0026289618108421564, 0.022336043417453766, -0.020731491968035698, 0.013499162159860134, -0.020249895751476288, 0.009060894139111042, -0.0184447281062603, 0.03214668855071068, -0.014626267366111279, 0.013124874792993069, -0.008151736110448837, 0.020390085875988007, -0.01280553825199604], [0.002358881989493966, -0.020620247349143028, 0.017664333805441856, -0.01127034891396761, 0.021908599883317947, -0.011293725110590458, 0.01253584399819374, -0.014626267366111279, 0.030408136546611786, -0.025898104533553123, 0.001608589431270957, -0.012413417920470238, 0.016957677900791168], [-0.0022309445776045322, 0.02556721866130829, -0.02055143192410469, 0.0140310600399971, -0.026656443253159523, 0.015795577317476273, -0.0192722100764513, 0.013124874792993069, -0.025898104533553123, 0.03863908722996712, -0.0021324895787984133, 0.007398505229502916, -0.014528567902743816], [0.0004266507748980075, -0.005468412768095732, 0.008021502755582333, -0.002812634687870741, 0.005640212446451187, -0.0064330631867051125, 0.0052551282569766045, -0.008151736110448837, 0.001608589431270957, -0.0021324895787984133, 0.014608724042773247, -0.0042465743608772755, -0.004193899221718311], [-0.0015472995582967997, 0.01903943158686161, -0.014679116196930408, 0.007413925137370825, -0.01962757669389248, 0.00926282349973917, -0.01151061337441206, 0.020390085875988007, -0.012413417920470238, 0.007398505229502916, -0.0042465743608772755, 0.028686270117759705, -0.00927121564745903], [0.0019522539805620909, -0.013493701815605164, 0.013102157041430473, -0.007010757923126221, 0.011074917390942574, -0.007658009417355061, 0.011014493182301521, -0.01280553825199604, 0.016957677900791168, -0.014528567902743816, -0.004193899221718311, -0.00927121564745903, 0.03185554966330528]], "lowlevel.mfcc.cov": [[3516.962158203125, -1349.795166015625, 432.4445495605469, 89.20270538330078, -404.47540283203125, -2.7281806468963623, 103.19583129882812, 448.5208740234375, -404.8870544433594, 456.1548156738281, -284.5688171386719, 14.896698951721191, -19.23496437072754], [-1349.795166015625, 1512.64306640625, -488.7051696777344, 232.18853759765625, 231.9733428955078, 94.81541442871094, 68.982421875, -216.5128173828125, 321.4400939941406, -270.76153564453125, 188.91929626464844, -42.89203643798828, -23.252941131591797], [432.4445495605469, -488.7051696777344, 615.5419311523438, -57.264225006103516, 156.70298767089844, 89.769287109375, 96.21267700195312, 185.21751403808594, -84.3602294921875, 132.3480682373047, -89.10545349121094, -17.13211441040039, 27.69013786315918], [89.20270538330078, 232.18853759765625, -57.264225006103516, 346.7653503417969, 28.481630325317383, 175.94569396972656, 26.730905532836914, 9.787150382995605, 99.79161071777344, -90.86529541015625, 82.3086929321289, -60.00381088256836, 33.111656188964844], [-404.47540283203125, 231.9733428955078, 156.70298767089844, 28.481630325317383, 291.0577697753906, 73.17798614501953, 90.4278335571289, -0.6757447719573975, 49.300193786621094, -49.18345642089844, 4.655209541320801, -15.63228702545166, 2.656737804412842], [-2.7281806468963623, 94.81541442871094, 89.769287109375, 175.94569396972656, 73.17798614501953, 224.54122924804688, 10.976751327514648, 20.05118751525879, 85.07915496826172, -82.6275863647461, 74.71934509277344, -38.605594635009766, 43.89221954345703], [103.19583129882812, 68.982421875, 96.21267700195312, 26.730905532836914, 90.4278335571289, 10.976751327514648, 168.65550231933594, 69.89321899414062, -18.43701171875, 67.128662109375, -63.654415130615234, -1.6239855289459229, -15.257234573364258], [448.5208740234375, -216.5128173828125, 185.21751403808594, 9.787150382995605, -0.6757447719573975, 20.05118751525879, 69.89321899414062, 169.24290466308594, -78.2448959350586, 103.5557861328125, -62.92770004272461, -12.56949520111084, -3.3568642139434814], [-404.8870544433594, 321.4400939941406, -84.3602294921875, 99.79161071777344, 49.300193786621094, 85.07915496826172, -18.43701171875, -78.2448959350586, 215.87652587890625, -90.12859344482422, 118.31100463867188, 7.5778632164001465, 22.100309371948242], [456.1548156738281, -270.76153564453125, 132.3480682373047, -90.86529541015625, -49.18345642089844, -82.6275863647461, 67.128662109375, 103.5557861328125, -90.12859344482422, 231.5828094482422, -82.95316314697266, 44.43368911743164, 7.6835551261901855], [-284.5688171386719, 188.91929626464844, -89.10545349121094, 82.3086929321289, 4.655209541320801, 74.71934509277344, -63.654415130615234, -62.92770004272461, 118.31100463867188, -82.95316314697266, 152.53395080566406, 4.4672040939331055, 34.701351165771484], [14.896698951721191, -42.89203643798828, -17.13211441040039, -60.00381088256836, -15.63228702545166, -38.605594635009766, -1.6239855289459229, -12.56949520111084, 7.5778632164001465, 44.43368911743164, 4.4672040939331055, 95.23518371582031, 17.392629623413086], [-19.23496437072754, -23.252941131591797, 27.69013786315918, 33.111656188964844, 2.656737804412842, 43.89221954345703, -15.257234573364258, -3.3568642139434814, 22.100309371948242, 7.6835551261901855, 34.701351165771484, 17.392629623413086, 94.30402374267578]], "lowlevel.mfcc.icov": [[0.0008596278494223952, 0.000331022689351812, -7.33113192836754e-05, -0.0008917779196053743, 0.0009197557810693979, -0.0005382428644225001, 1.718584098853171e-05, -0.0007445915834978223, 0.0005382560193538666, -0.0007699144771322608, 0.000609746144618839, -0.0005484949215315282, 0.0006058602011762559], [0.000331022689351812, 0.0025341606233268976, 0.002308510709553957, -0.000288855517283082, -0.0018594324355944991, -8.991926006274298e-05, -0.0017392534064128995, -0.0003709887678269297, -0.0016671591438353062, 7.356279093073681e-05, -0.0005649845697917044, 0.0009671558509580791, 0.0003298319934401661], [-7.33113192836754e-05, 0.002308510709553957, 0.006580925080925226, 0.0019348165951669216, -0.00469309464097023, -0.002763325348496437, -0.0003422289446461946, -0.003358575515449047, -0.0018921619048342109, -0.001429412979632616, 0.0005969785270281136, 0.002059831051155925, -0.000853649980854243], [-0.0008917779196053743, -0.000288855517283082, 0.0019348165951669216, 0.007693571969866753, -0.0005181042943149805, -0.0038376671727746725, -0.002047523856163025, -0.0010763974860310555, -0.001562283025123179, 0.0011784067610278726, -0.0015500462613999844, 0.003376547247171402, -0.0018736288184300065], [0.0009197557810693979, -0.0018594324355944991, -0.00469309464097023, -0.0005181042943149805, 0.009848364628851414, -0.0006551534752361476, -0.0032413206063210964, 0.001594890607520938, 0.0016892475541681051, 0.001699164160527289, 0.00044045879621990025, -0.001678031519986689, 0.00046197528718039393], [-0.0005382428644225001, -8.991926006274298e-05, -0.002763325348496437, -0.0038376671727746725, -0.0006551534752361476, 0.013275694102048874, -0.0008568249177187681, -0.0015577018493786454, -0.00191673100925982, 0.004599770996719599, -0.003221613122150302, 0.0009316446958109736, -0.003239609068259597], [1.718584098853171e-05, -0.0017392534064128995, -0.0003422289446461946, -0.002047523856163025, -0.0032413206063210964, -0.0008568249177187681, 0.014299019239842892, -0.0031496677547693253, -0.0006413872470147908, -0.00414199847728014, 0.00620642164722085, -0.001792311784811318, 0.0016200027894228697], [-0.0007445915834978223, -0.0003709887678269297, -0.003358575515449047, -0.0010763974860310555, 0.001594890607520938, -0.0015577018493786454, -0.0031496677547693253, 0.015868712216615677, 0.0029317315202206373, -0.003356991335749626, -0.0008444284903816879, 0.0014389118878170848, 0.0014879262307658792], [0.0005382560193538666, -0.0016671591438353062, -0.0018921619048342109, -0.001562283025123179, 0.0016892475541681051, -0.00191673100925982, -0.0006413872470147908, 0.0029317315202206373, 0.012086289003491402, -0.0006832533981651068, -0.0053373598493635654, -0.0029271533712744713, 0.0013750408543273807], [-0.0007699144771322608, 7.356279093073681e-05, -0.001429412979632616, 0.0011784067610278726, 0.001699164160527289, 0.004599770996719599, -0.00414199847728014, -0.003356991335749626, -0.0006832533981651068, 0.0120866559445858, -0.0004938840284012258, -0.0026982584968209267, -0.0032565949950367212], [0.000609746144618839, -0.0005649845697917044, 0.0005969785270281136, -0.0015500462613999844, 0.00044045879621990025, -0.003221613122150302, 0.00620642164722085, -0.0008444284903816879, -0.0053373598493635654, -0.0004938840284012258, 0.017781635746359825, -0.0022686407901346684, -0.0020185804460197687], [-0.0005484949215315282, 0.0009671558509580791, 0.002059831051155925, 0.003376547247171402, -0.001678031519986689, 0.0009316446958109736, -0.001792311784811318, 0.0014389118878170848, -0.0029271533712744713, -0.0026982584968209267, -0.0022686407901346684, 0.016019191592931747, -0.003502695122733712], [0.0006058602011762559, 0.0003298319934401661, -0.000853649980854243, -0.0018736288184300065, 0.00046197528718039393, -0.003239609068259597, 0.0016200027894228697, 0.0014879262307658792, 0.0013750408543273807, -0.0032565949950367212, -0.0020185804460197687, -0.003502695122733712, 0.014859171584248543]], "metadata.audio_properties.analysis.downmix": "mix", "metadata.audio_properties.codec": "mp3", "metadata.audio_properties.md5_encoded": "caeada6e704a6e229c8e9eb3745341d1", "metadata.tags.file_name": "1182274533265260624.mp3", "metadata.version.essentia": "2.1-beta6-dev", "metadata.version.essentia_git_sha": "v2.1_beta5-1110-g77a6a954", "metadata.version.extractor": "music 2.0", "tonal.chords_key": "A", "tonal.chords_scale": "minor", "tonal.key_edma.key": "C", "tonal.key_edma.scale": "major", "tonal.key_krumhansl.key": "C", "tonal.key_krumhansl.scale": "major", "tonal.key_temperley.key": "C", "tonal.key_temperley.scale": "major", "metadata.tags.encoding": ["Lavf58.45.100"]}, "essentia_models": [{"model_name": "genre_dortmun