{"song_id": "1182276647618084914", "download": "https://cdn.discordapp.com/attachments/1135911532732108921/1182276647618084914/chirp.mp4?ex=65841bee&amp", "lyrics": "\u041a\u0443\u043f\u043b\u0435\u0442\n\u0421 \u043b\u044e\u0431\u043e\u0432\u044c\u044e \u0432\u0441\u0442\u0440\u0435\u0442\u0438\u0442\u044c\u0441\u044f - \u043f\u0440\u043e\u0431\u043b\u0435\u043c\u0430 \u0442\u0440\u0443\u0434\u043d\u0430\u044f\n\u041f\u043b\u0430\u043d\u0435\u0442\u0430 \u0432\u0435\u0440\u0442\u0438\u0442\u0441\u044f, \u043a\u0440\u0443\u0433\u043b\u0430\u044f, \u043a\u0440\u0443\u0433\u043b\u0430\u044f\n\u041b\u0435\u0442\u0438\u0442 \u043f\u043b\u0430\u043d\u0435\u0442\u0430 \u0432\u0434\u0430\u043b\u044c \u0441\u043a\u0432\u043e\u0437\u044c \u0441\u0443\u043c\u0430\u0442\u043e\u0445\u0443 \u0434\u043d\u0435\u0439\n\u041d\u0435\u043b\u0435\u0433\u043a\u043e, \u043d\u0435\u043b\u0435\u0433\u043a\u043e \u043f\u043e\u043b\u044e\u0431\u0438\u0442\u044c \u043d\u0430 \u043d\u0435\u0439\n\n\u041f\u0440\u0438\u043f\u0435\u0432\n\u0417\u0432\u0435\u043d\u0438\u0442 \u044f\u043d\u0432\u0430\u0440\u0441\u043a\u0430\u044f \u0432\u044c\u044e\u0433\u0430\n\u0418 \u043b\u0438\u0432\u043d\u0438 \u0445\u043b\u0435\u0449\u0443\u0442 \u0443\u043f\u0440\u0443\u0433\u043e\n\u0418 \u0437\u0432\u0451\u0437\u0434\u044b \u043c\u0447\u0430\u0442\u0441\u044f \u043f\u043e \u043a\u0440\u0443\u0433\u0443\n\u0418 \u0448\u0443\u043c\u044f\u0442 \u0433\u043e\u0440\u043e\u0434\u0430\n\u041d\u0435 \u0432\u0438\u0434\u044f\u0442 \u043b\u044e\u0434\u0438 \u0434\u0440\u0443\u0433 \u0434\u0440\u0443\u0433\u0430\n\u041f\u0440\u043e\u0445\u043e\u0434\u044f\u0442 \u043c\u0438\u043c\u043e \u0434\u0440\u0443\u0433 \u0434\u0440\u0443\u0433\u0430\n\u0422\u0435\u0440\u044f\u044e\u0442 \u043b\u044e\u0434\u0438 \u0434\u0440\u0443\u0433 \u0434\u0440\u0443\u0433\u0430\n\u0410 \u043f\u043e\u0442\u043e\u043c \u043d\u0435 \u043d\u0430\u0439\u0434\u0443\u0442 \u043d\u0438\u043a\u043e\u0433\u0434\u0430\n\n\u041a\u0443\u043f\u043b\u0435\u0442 \n\u0412 \u043b\u044e\u0431\u0432\u0438 \u0435\u0449\u0451 \u043e\u0434\u043d\u0430 \u0437\u0430\u0434\u0430\u0447\u0430 \u0441\u043b\u043e\u0436\u043d\u0430\u044f\n\u041d\u0430\u0439\u0434\u0451\u0448\u044c, \u0430 \u0432\u0434\u0440\u0443\u0433 \u043e\u043d\u0430 \u043b\u043e\u0436\u043d\u0430\u044f, \u043b\u043e\u0436\u043d\u0430\u044f\n\u041d\u0430\u0439\u0434\u0451\u0448\u044c \u043e\u0431\u043c\u0430\u043d\u043d\u0443\u044e, \u043d\u043e \u0432 \u0441\u0443\u043c\u0430\u0442\u043e\u0445\u0435 \u0434\u043d\u0435\u0439\n\u041d\u0435\u043b\u0435\u0433\u043a\u043e, \u043d\u0435\u043b\u0435\u0433\u043a\u043e \u0440\u0430\u0437\u043e\u0431\u0440\u0430\u0442\u044c\u0441\u044f \u0432 \u043d\u0435\u0439\n\n\u041f\u0440\u0438\u043f\u0435\u0432\n\u0417\u0432\u0435\u043d\u0438\u0442 \u044f\u043d\u0432\u0430\u0440\u0441\u043a\u0430\u044f \u0432\u044c\u044e\u0433\u0430\n\u0418 \u043b\u0438\u0432\u043d\u0438 \u0445\u043b\u0435\u0449\u0443\u0442 \u0443\u043f\u0440\u0443\u0433\u043e\n\u0418 \u0437\u0432\u0451\u0437\u0434\u044b \u043c\u0447\u0430\u0442\u0441\u044f \u043f\u043e \u043a\u0440\u0443\u0433\u0443\n\u0418 \u0448\u0443\u043c\u044f\u0442 \u0433\u043e\u0440\u043e\u0434\u0430\n\u041d\u0435 \u0432\u0438\u0434\u044f\u0442 \u043b\u044e\u0434\u0438 \u0434\u0440\u0443\u0433 \u0434\u0440\u0443\u0433\u0430\n\u041f\u0440\u043e\u0445\u043e\u0434\u044f\u0442 \u043c\u0438\u043c\u043e \u0434\u0440\u0443\u0433 \u0434\u0440\u0443\u0433\u0430\n\u0422\u0435\u0440\u044f\u044e\u0442 \u043b\u044e\u0434\u0438 \u0434\u0440\u0443\u0433 \u0434\u0440\u0443\u0433\u0430\n\u0410 \u043f\u043e\u0442\u043e\u043c \u043d\u0435 \u043d\u0430\u0439\u0434\u0443\u0442 \u043d\u0438\u043a\u043e\u0433\u0434\u0430", "style": ["cool silent chillout beats"], "essentia_features": {"lowlevel.average_loudness": 0.9707943797111511, "lowlevel.barkbands_crest.mean": 23.792884826660156, "lowlevel.barkbands_crest.stdev": 5.013189315795898, "lowlevel.barkbands_flatness_db.mean": 0.37307044863700867, "lowlevel.barkbands_flatness_db.stdev": 0.10367763787508011, "lowlevel.barkbands_kurtosis.mean": 457.6942138671875, "lowlevel.barkbands_kurtosis.stdev": 899.5325927734375, "lowlevel.barkbands_skewness.mean": 14.404609680175781, "lowlevel.barkbands_skewness.stdev": 11.39059066772461, "lowlevel.barkbands_spread.mean": 5.0240936279296875, "lowlevel.barkbands_spread.stdev": 10.293962478637695, "lowlevel.dissonance.mean": 0.45608243346214294, "lowlevel.dissonance.stdev": 0.03728366270661354, "lowlevel.dynamic_complexity": 1.7277642488479614, "lowlevel.erbbands_crest.mean": 13.540778160095215, "lowlevel.erbbands_crest.stdev": 5.377496719360352, "lowlevel.erbbands_flatness_db.mean": 0.15774483978748322, "lowlevel.erbbands_flatness_db.stdev": 0.046015266329050064, "lowlevel.erbbands_kurtosis.mean": 5.703619003295898, "lowlevel.erbbands_kurtosis.stdev": 15.222862243652344, "lowlevel.erbbands_skewness.mean": 1.3872069120407104, "lowlevel.erbbands_skewness.stdev": 1.9654513597488403, "lowlevel.erbbands_spread.mean": 81.59380340576172, "lowlevel.erbbands_spread.stdev": 54.75783920288086, "lowlevel.hfc.mean": 58.40279006958008, "lowlevel.hfc.stdev": 32.922359466552734, "lowlevel.loudness_ebu128.integrated": -13.872833251953125, "lowlevel.loudness_ebu128.loudness_range": 3.04628849029541, "lowlevel.loudness_ebu128.momentary.mean": -15.002167701721191, "lowlevel.loudness_ebu128.momentary.stdev": 3.537776470184326, "lowlevel.loudness_ebu128.short_term.mean": -14.328709602355957, "lowlevel.loudness_ebu128.short_term.stdev": 1.3115578889846802, "lowlevel.melbands_crest.mean": 27.820470809936523, "lowlevel.melbands_crest.stdev": 5.951531887054443, "lowlevel.melbands_flatness_db.mean": 0.4762616753578186, "lowlevel.melbands_flatness_db.stdev": 0.12740619480609894, "lowlevel.melbands_kurtosis.mean": 437.2129821777344, "lowlevel.melbands_kurtosis.stdev": 386.9655456542969, "lowlevel.melbands_skewness.mean": 13.50103759765625, "lowlevel.melbands_skewness.stdev": 7.858854293823242, "lowlevel.melbands_spread.mean": 5.789295196533203, "lowlevel.melbands_spread.stdev": 22.686309814453125, "lowlevel.pitch_salience.mean": 0.153146430850029, "lowlevel.pitch_salience.stdev": 0.17259351909160614, "lowlevel.silence_rate_20dB.mean": 0.1265822798013687, "lowlevel.silence_rate_20dB.stdev": 0.33250388503074646, "lowlevel.silence_rate_30dB.mean": 0.11754068732261658, "lowlevel.silence_rate_30dB.stdev": 0.32206064462661743, "lowlevel.silence_rate_60dB.mean": 0.011452682316303253, "lowlevel.silence_rate_60dB.stdev": 0.10640369355678558, "lowlevel.spectral_centroid.mean": 723.1058349609375, "lowlevel.spectral_centroid.stdev": 887.736572265625, "lowlevel.spectral_complexity.mean": 8.706449508666992, "lowlevel.spectral_complexity.stdev": 6.397899627685547, "lowlevel.spectral_decrease.mean": -1.4831654482350132e-07, "lowlevel.spectral_decrease.stdev": 6.114506589938173e-08, "lowlevel.spectral_energy.mean": 0.5650774836540222, "lowlevel.spectral_energy.stdev": 0.23213551938533783, "lowlevel.spectral_energyband_high.mean": 0.00226273643784225, "lowlevel.spectral_energyband_high.stdev": 0.0035488095600157976, "lowlevel.spectral_energyband_low.mean": 0.5515896081924438, "lowlevel.spectral_energyband_low.stdev": 0.23345361649990082, "lowlevel.spectral_energyband_middle_high.mean": 0.0015752421459183097, "lowlevel.spectral_energyband_middle_high.stdev": 0.002924981527030468, "lowlevel.spectral_energyband_middle_low.mean": 0.010586452670395374, "lowlevel.spectral_energyband_middle_low.stdev": 0.01883525401353836, "lowlevel.spectral_entropy.mean": 7.19497013092041, "lowlevel.spectral_entropy.stdev": 0.7281410098075867, "lowlevel.spectral_flux.mean": 0.09643705189228058, "lowlevel.spectral_flux.stdev": 0.08249794691801071, "lowlevel.spectral_kurtosis.mean": 2.999326229095459, "lowlevel.spectral_kurtosis.stdev": 3.147937774658203, "lowlevel.spectral_rms.mean": 0.022329973056912422, "lowlevel.spectral_rms.stdev": 0.007257270626723766, "lowlevel.spectral_rolloff.mean": 482.7416687011719, "lowlevel.spectral_rolloff.stdev": 1748.8369140625, "lowlevel.spectral_skewness.mean": 1.4849889278411865, "lowlevel.spectral_skewness.stdev": 0.7429593801498413, "lowlevel.spectral_spread.mean": 8085878.5, "lowlevel.spectral_spread.stdev": 2750222.0, "lowlevel.spectral_strongpeak.mean": 2.033186435699463, "lowlevel.spectral_strongpeak.stdev": 0.7960715293884277, "lowlevel.zerocrossingrate.mean": 0.026315387338399887, "lowlevel.zerocrossingrate.stdev": 0.055887579917907715, "metadata.audio_properties.analysis.equal_loudness": 0.0, "metadata.audio_properties.analysis.length": 38.48428726196289, "metadata.audio_properties.analysis.sample_rate": 44100.0, "metadata.audio_properties.analysis.start_time": 0.0, "metadata.audio_properties.bit_rate": 124501.0, "metadata.audio_properties.length": 38.48533248901367, "metadata.audio_properties.lossless": 0.0, "metadata.audio_properties.number_channels": 1.0, "metadata.audio_properties.replay_gain": -3.1178417205810547, "metadata.audio_properties.sample_rate": 48000.0, "rhythm.beats_count": 69.0, "rhythm.beats_loudness.mean": 0.576357901096344, "rhythm.beats_loudness.stdev": 0.21746179461479187, "rhythm.bpm": 107.52568054199219, "rhythm.bpm_histogram_first_peak_bpm": 108.0, "rhythm.bpm_histogram_first_peak_weight": 0.5714285373687744, "rhythm.bpm_histogram_second_peak_bpm": 103.0, "rhythm.bpm_histogram_second_peak_spread": 0.4166666865348816, "rhythm.bpm_histogram_second_peak_weight": 0.10294117778539658, "rhythm.danceability": 0.8143866658210754, "rhythm.onset_rate": 5.37680721282959, "tonal.chords_changes_rate": 0.05060240998864174, "tonal.chords_number_rate": 0.015662651509046555, "tonal.chords_strength.mean": 0.5187061429023743, "tonal.chords_strength.stdev": 0.10867054015398026, "tonal.hpcp_crest.mean": 13.08588695526123, "tonal.hpcp_crest.stdev": 4.64401388168335, "tonal.hpcp_entropy.mean": 2.062105655670166, "tonal.hpcp_entropy.stdev": 0.7568972110748291, "tonal.key_edma.strength": 0.5769047737121582, "tonal.key_krumhansl.strength": 0.5589669346809387, "tonal.key_temperley.strength": 0.5376584529876709, "tonal.tuning_diatonic_strength": 0.3016565144062042, "tonal.tuning_equal_tempered_deviation": 0.10207336395978928, "tonal.tuning_frequency": 439.2381896972656, "tonal.tuning_nontempered_energy_ratio": 0.7159233093261719, "lowlevel.barkbands.mean": [0.013960789889097214, 0.5313944220542908, 0.005323348566889763, 0.004209320992231369, 0.002229145960882306, 0.002751386258751154, 0.0003732937329914421, 0.0007201859261840582, 0.0002734654990490526, 0.00035245163599029183, 0.00011191428347956389, 9.632467845221981e-05, 9.336425137007609e-05, 0.00014809088315814734, 0.0001795311109162867, 0.00012377250823192298, 0.00010068676056107506, 0.00014987635950092226, 0.00010386618669144809, 0.00023869899450801313, 0.00015558299492113292, 0.00023130116460379213, 0.000347452936694026, 0.0008152392692863941, 0.0003501033934298903, 0.00023961419356055558, 5.45717375644017e-06], "lowlevel.barkbands.stdev": [0.03443034365773201, 0.22891752421855927, 0.015951048582792282, 0.00838925689458847, 0.006883232854306698, 0.004764723125845194, 0.0011580608552321792, 0.002065263921394944, 0.0009095292189158499, 0.0014528705505654216, 0.00037559287738986313, 0.0004025423259008676, 0.0005118667613714933, 0.0005261617479845881, 0.0004630267503671348, 0.00036536689731292427, 0.0002469070313964039, 0.00026213040109723806, 0.0003194894816260785, 0.0007505743997171521, 0.00045846705324947834, 0.000498643727041781, 0.0007503588567487895, 0.001641122275032103, 0.0006044941255822778, 0.00041545977001078427, 1.562571560498327e-05], "lowlevel.erbbands.mean": [18.607759475708008, 105.16553497314453, 35.1295051574707, 9.545829772949219, 14.018527030944824, 4.574273586273193, 13.320818901062012, 26.71920394897461, 4.512872219085693, 18.42951774597168, 7.2596354484558105, 7.574700832366943, 6.6499857902526855, 9.962987899780273, 5.146955966949463, 4.024115562438965, 4.114298343658447, 6.666750431060791, 9.220166206359863, 8.986783981323242, 6.2414445877075195, 6.213433742523193, 7.69349479675293, 6.8339524269104, 6.361780643463135, 11.907559394836426, 6.113330841064453, 7.370645046234131, 9.089101791381836, 7.3552961349487305, 10.54141616821289, 20.335634231567383, 9.965300559997559, 4.049991130828857, 2.430037498474121, 1.3728893995285034, 0.3624607026576996, 0.04151391237974167, 0.0011818442726507783, 0.0006528304656967521], "lowlevel.erbbands.stdev": [10.006577491760254, 55.213157653808594, 32.12099838256836, 19.28488540649414, 28.11046028137207, 20.97895622253418, 37.11444854736328, 43.209041595458984, 12.65501594543457, 47.771766662597656, 18.74018669128418, 24.429330825805664, 24.355424880981445, 38.39560317993164, 17.304555892944336, 16.754398345947266, 20.15367889404297, 25.52097511291504, 25.400283813476562, 22.812061309814453, 19.11753273010254, 15.088358879089355, 13.803923606872559, 15.366432189941406, 21.491382598876953, 38.16722869873047, 19.19806671142578, 19.78350067138672, 20.048105239868164, 16.465164184570312, 22.513668060302734, 41.52850341796875, 20.23025131225586, 7.371993064880371, 4.326626777648926, 2.3856542110443115, 0.6442142724990845, 0.08939985930919647, 0.001994699239730835, 0.0002630059025250375], "lowlevel.gfcc.mean": [2.1265933513641357, 57.41896057128906, -21.581981658935547, 68.23532104492188, -32.22709274291992, 32.579627990722656, -30.947288513183594, 26.692523956298828, -8.09847640991211, 13.943166732788086, -6.758992671966553, 7.931895732879639, -3.0941050052642822], "lowlevel.melbands.mean": [0.1606442928314209, 0.05651186406612396, 0.001778696314431727, 0.0005971138016320765, 0.000411522836657241, 0.0005476658116094768, 6.295831553870812e-05, 0.00020740395120810717, 4.626466034096666e-05, 4.590021853800863e-05, 3.529064997565001e-05, 4.518643254414201e-05, 1.618663918634411e-05, 1.1713453204720281e-05, 8.401658305956516e-06, 1.0234320143354125e-05, 1.277793762710644e-05, 1.5147648809943348e-05, 1.3054191185801756e-05, 1.0064258276543114e-05, 6.60791829432128e-06, 6.288927124842303e-06, 6.26035716777551e-06, 7.361894404311897e-06, 5.404271178122144e-06, 3.364395524840802e-06, 7.116535925888456e-06, 8.006994903553277e-06, 3.8060086353652878e-06, 3.6185269891575444e-06, 4.422881374921417e-06, 5.6067988225549925e-06, 3.7449617593665607e-06, 4.394950337882619e-06, 5.109408448333852e-06, 8.730602530704346e-06, 1.4423623724724166e-05, 8.373146556550637e-06, 3.6756880490429467e-06, 3.1979675441107247e-06], "lowlevel.melbands.stdev": [0.07016410678625107, 0.03546717017889023, 0.003659540321677923, 0.0015309036243706942, 0.0011989682679995894, 0.0008938619866967201, 0.0001942353555932641, 0.0005485563306137919, 0.00012370025797281414, 0.0001527172717032954, 0.00013875256991013885, 0.0001816667354432866, 5.444537600851618e-05, 4.791338506038301e-05, 4.168026862316765e-05, 5.3771829698234797e-05, 5.020653043175116e-05, 4.5783592213410884e-05, 3.375521919224411e-05, 2.7822616175399162e-05, 2.1968411601847038e-05, 1.620866169105284e-05, 1.3467922144627664e-05, 1.2864738891948946e-05, 1.3348940228752326e-05, 1.1673391782096587e-05, 2.3513259293395095e-05, 2.7078520361101255e-05, 1.3182761904317886e-05, 1.1399401955713984e-05, 1.1608257409534417e-05, 1.2602386959770229e-05, 8.526179044565652e-06, 1.0448378816363402e-05, 1.1940187505388167e-05, 1.7913889678311534e-05, 3.128769822069444e-05, 1.8027149053523317e-05, 7.658028152945917e-06, 5.773725206381641e-06], "lowlevel.melbands128.mean": [0.013485164381563663, 0.13829290866851807, 0.2579905092716217, 0.1424870491027832, 0.02896173857152462, 0.002004808047786355, 0.0013025908265262842, 0.002519462490454316, 0.0014034700579941273, 0.0003204287204425782, 0.0001523522223578766, 0.00026273838011547923, 0.0004351910320110619, 0.0006038207793608308, 0.000914309173822403, 0.0002793757012113929, 3.4297780075576156e-05, 2.3058330043568276e-05, 7.048805855447426e-05, 0.00028046773513779044, 0.0002568101044744253, 5.3950687288306653e-05, 1.6620278984191827e-05, 2.866289833036717e-05, 6.572040729224682e-05, 4.758626891998574e-05, 1.566309219924733e-05, 1.831230110838078e-05, 6.536988803418353e-05, 7.78417888795957e-05, 2.3982018319657072e-05, 1.1956323760387022e-05, 1.79953858605586e-05, 1.875015368568711e-05, 1.0383500921307132e-05, 1.0583929906715639e-05, 1.1717234883690253e-05, 8.355106729140971e-06, 5.8527334658720065e-06, 8.588812306697946e-06, 1.3228534953668714e-05, 9.699761903902981e-06, 1.0299793757440057e-05, 1.6522364603588358e-05, 1.5341051039285958e-05, 1.5673729649279267e-05, 1.3705903256777674e-05, 1.2050652912876103e-05, 1.3813710211252328e-05, 1.2906376468890812e-05, 9.211911674356088e-06, 7.479599389625946e-06, 7.754852958896663e-06, 5.505125955096446e-06, 5.385517397371586e-06, 7.218514383566799e-06, 6.257575932977488e-06, 5.5028408496582415e-06, 6.540489721373888e-06, 7.038503099465743e-06, 7.946758159960154e-06, 7.162931979109999e-06, 6.420607860491145e-06, 5.22084428666858e-06, 3.082930788878002e-06, 2.9598656965390546e-06, 3.4708766634139465e-06, 4.694932613347191e-06, 8.030073331610765e-06, 1.0818670489243232e-05, 8.819515642244369e-06, 6.4032165028038435e-06, 4.515679847827414e-06, 3.5224250041210325e-06, 2.588423058114131e-06, 3.1922486414259765e-06, 4.61416675534565e-06, 3.8657112781947944e-06, 4.290214292268502e-06, 4.624212124326732e-06, 6.33341733191628e-06, 6.139575816632714e-06, 4.078634447068907e-06, 3.6628980524255894e-06, 3.120205064988113e-06, 3.5677749110618606e-06, 5.285370662022615e-06, 5.1340030040591955e-06, 3.948945050069597e-06, 5.867482741450658e-06, 7.98548626335105e-06, 7.934370842122007e-06, 1.272564895771211e-05, 1.5843470464460552e-05, 1.5498890206799842e-05, 1.1610778528847732e-05, 6.780415333196288e-06, 3.2895609365368728e-06, 3.8002031033101957e-06, 3.90513241654844e-06, 2.9474640541593544e-06, 3.496452109175152e-06, 2.8075794489268446e-06, 2.759501740001724e-06, 2.7112430416309508e-06, 2.7716080239770235e-06, 2.4339635729120346e-06, 2.5001104404509533e-06, 2.926201887021307e-06, 2.147788109141402e-06, 1.4013382951816311e-06, 1.6282649539789418e-06, 9.359633281746937e-07, 8.291078756883508e-07, 6.074634484320995e-07, 4.3316347841937386e-07, 2.1385390880368504e-07, 3.7054302737260514e-08, 1.303767926952304e-10, 1.1429523993911062e-10, 1.124736692670325e-10, 1.114523265344225e-10, 1.0902256181166692e-10, 1.0632052876990983e-10, 1.0414197976205131e-10, 1.0161108759954018e-10, 9.889224161785393e-11, 9.609811557620418e-11], "lowlevel.melbands128.stdev": [0.03255199268460274, 0.10349120199680328, 0.11398596316576004, 0.09093604981899261, 0.02850399538874626, 0.007101750001311302, 0.003899145405739546, 0.004809546284377575, 0.00299789453856647, 0.0012090124655514956, 0.001168224262073636, 0.00122293911408633, 0.0015418059192597866, 0.0011867479188367724, 0.001447205082513392, 0.0005642205942422152, 0.00017133800429292023, 0.00017908139852806926, 0.0002461171825416386, 0.0007449614349752665, 0.0007889819680713117, 0.0001788078952813521, 8.855565829435363e-05, 0.00013293152733240277, 0.0002424593549221754, 0.00020491337636485696, 8.539261762052774e-05, 9.661616786615923e-05, 0.0003467377391643822, 0.0003556187730282545, 0.00010778137220768258, 4.7557019570376724e-05, 6.868186028441414e-05, 8.071382762864232e-05, 5.142743975738995e-05, 5.9639831306412816e-05, 5.185759437154047e-05, 4.718374111689627e-05, 4.084883403265849e-05, 4.260571222403087e-05, 8.175663970177993e-05, 5.7263445341959596e-05, 4.550068115349859e-05, 8.273704588646069e-05, 6.376464443746954e-05, 5.589281136053614e-05, 4.4363456254359335e-05, 4.052959047839977e-05, 4.2910211050184444e-05, 4.6021050366107374e-05, 2.7180178221897222e-05, 2.900402614613995e-05, 3.424157330300659e-05, 1.9654511561384425e-05, 1.4964763067837339e-05, 2.264978138555307e-05, 1.651304410188459e-05, 1.4743370229552966e-05, 1.7078178643714637e-05, 1.5816205632290803e-05, 1.533216163807083e-05, 1.5677822375437245e-05, 1.700707434793003e-05, 1.7403301171725616e-05, 9.529989256407134e-06, 8.907459232432302e-06, 1.7233311154996045e-05, 2.1903757442487404e-05, 2.7875255909748375e-05, 3.714615013450384e-05, 3.190017741871998e-05, 2.8771009965566918e-05, 1.621511000848841e-05, 1.402189263899345e-05, 8.99483075045282e-06, 1.081988011719659e-05, 1.649346449994482e-05, 1.3301492799655534e-05, 1.244651048182277e-05, 1.1037595868401695e-05, 1.569395317346789e-05, 1.5019314560049679e-05, 9.997909728554077e-06, 9.137937013292685e-06, 8.096191777440254e-06, 8.587727279518731e-06, 1.3597117686003912e-05, 1.3870737348042894e-05, 1.0156664757232647e-05, 1.5182443348749075e-05, 1.9593635443015955e-05, 1.740848892950453e-05, 2.7502366720000282e-05, 3.7486479413928464e-05, 3.936109351343475e-05, 2.5327093680971302e-05, 1.646522468945477e-05, 7.630268555658404e-06, 8.030115168367047e-06, 9.913193935062736e-06, 6.281806690822123e-06, 6.671440132777207e-06, 5.404904641181929e-06, 4.972415808879305e-06, 6.014550763211446e-06, 5.207018602959579e-06, 5.615548616333399e-06, 5.231661816651467e-06, 4.869325039180694e-06, 4.0683762563276105e-06, 2.8315462259342894e-06, 3.0247501854319125e-06, 1.9747112673940137e-06, 1.9041377754547284e-06, 1.4335998912429204e-06, 1.2046988331348985e-06, 5.378394689614652e-07, 2.313194045200362e-07, 4.214436299943003e-10, 2.777869045900161e-10, 3.074182020057492e-10, 3.481192833998392e-10, 3.825845751315171e-10, 3.819329297272134e-10, 3.3605451754681326e-10, 2.8998234369304043e-10, 2.5850838136776133e-10, 2.256816539203399e-10], "lowlevel.mfcc.mean": [-672.8626708984375, 93.98397064208984, 72.29483032226562, 50.466094970703125, 39.4497184753418, 18.741500854492188, 10.8192720413208, 15.229923248291016, 12.184684753417969, 15.650897979736328, 2.3225584030151367, 11.363465309143066, 3.4524431228637695], "lowlevel.spectral_contrast_coeffs.mean": [-0.5974689722061157, -0.7152636051177979, -0.8099283576011658, -0.8058117628097534, -0.7965444922447205, -0.7632730603218079], "lowlevel.spectral_contrast_coeffs.stdev": [0.08155691623687744, 0.09314177185297012, 0.061111144721508026, 0.05775325000286102, 0.04772932454943657, 0.048967041075229645], "lowlevel.spectral_contrast_valleys.mean": [-6.52635383605957, -7.645432949066162, -8.505413055419922, -8.532112121582031, -8.096643447875977, -9.840893745422363], "lowlevel.spectral_contrast_valleys.stdev": [1.0916850566864014, 0.7877039313316345, 0.9466467499732971, 0.8868993520736694, 0.8318338394165039, 0.9582380652427673], "rhythm.beats_loudness_band_ratio.mean": [0.9214082360267639, 0.023270519450306892, 0.006598247680813074, 0.0018735998310148716, 0.004754001274704933, 0.047113895416259766], "rhythm.beats_loudness_band_ratio.stdev": [0.20829956233501434, 0.062459543347358704, 0.02194073051214218, 0.004636865109205246, 0.01707552932202816, 0.17386597394943237], "tonal.hpcp.mean": [0.44001612067222595, 0.24637392163276672, 0.03753742575645447, 0.029210416600108147, 0.017550179734826088, 0.016028622165322304, 0.030522702261805534, 0.03067905455827713, 0.019829053431749344, 0.01940942369401455, 0.01781473308801651, 0.21892604231834412, 0.33247196674346924, 0.12593033909797668, 0.007439377252012491, 0.008842209354043007, 0.008839264512062073, 0.01097081508487463, 0.026800820603966713, 0.03434639796614647, 0.02567344717681408, 0.021328222006559372, 0.03125918656587601, 0.06575676053762436, 0.07580321282148361, 0.04209453985095024, 0.01920386590063572, 0.01348121277987957, 0.00891207531094551, 0.008394296281039715, 0.009989802725613117, 0.010173291899263859, 0.008997302502393723, 0.008698249235749245, 0.011821284890174866, 0.21983817219734192], "tonal.hpcp.stdev": [0.4865089952945709, 0.29190701246261597, 0.16129706799983978, 0.14321301877498627, 0.09026476740837097, 0.09717493504285812, 0.14827796816825867, 0.14698587357997894, 0.09881055355072021, 0.1016472727060318, 0.08702484518289566, 0.32622775435447693, 0.46263042092323303, 0.21734918653964996, 0.054550424218177795, 0.057156965136528015, 0.058263059705495834, 0.07419726997613907, 0.13213811814785004, 0.16649460792541504, 0.1219724714756012, 0.11617927253246307, 0.12714612483978271, 0.21029242873191833, 0.23028524219989777, 0.1557694375514984, 0.10386744886636734, 0.08823848515748978, 0.06306243687868118, 0.04739392176270485, 0.059083037078380585, 0.07129669934511185, 0.06621154397726059, 0.052295807749032974, 0.0671309381723404, 0.26762884855270386], "rhythm.beats_position": [0.5108389854431152, 1.0448979139328003, 1.5789568424224854, 2.11301589012146, 2.658684730529785, 3.2043535709381104, 3.7500226497650146, 4.29569149017334, 4.852970600128174, 5.41024923324585, 5.967528343200684, 6.51319694519043, 7.058866024017334, 7.592925071716309, 8.150203704833984, 8.707483291625977, 9.276371955871582, 9.845260620117188, 10.402539253234863, 10.971427917480469, 11.54031753540039, 12.074376106262207, 12.58521556854248, 13.096054077148438, 13.537233352661133, 13.978412628173828, 14.419591903686523, 14.860771179199219, 15.301949501037598, 15.743128776550293, 16.161088943481445, 16.57904815673828, 17.008617401123047, 17.43818473815918, 17.972244262695312, 18.494693756103516, 19.00553321838379, 19.56281089782715, 20.13170051574707, 20.688980102539062, 21.246257781982422, 21.803537368774414, 22.360815048217773, 22.918094635009766, 23.486984252929688, 24.067481994628906, 24.647981643676758, 25.228479385375977, 25.808979034423828, 26.40108871459961, 27.016416549682617, 27.6085262298584, 28.189023971557617, 28.75791358947754, 29.338411331176758, 29.90730094909668, 30.48780059814453, 31.04507827758789, 31.602357864379883, 32.159637451171875, 32.751747131347656, 33.355464935302734, 33.95918273925781, 34.59773254394531, 35.23628234863281, 35.86322021484375, 36.501766204833984, 37.140316009521484, 37.778865814208984], "rhythm.bpm_histogram": [0.0, 0.0, 0.0, 0.0, 0.0, 0.0, 0.0, 0.0, 0.0, 0.0, 0.0, 0.0, 0.0, 0.0, 0.0, 0.0, 0.0, 0.0, 0.0, 0.0, 0.0, 0.0, 0.0, 0.0, 0.0, 0.0, 0.0, 0.0, 0.0, 0.0, 0.0, 0.0, 0.0, 0.0, 0.0, 0.0, 0.0, 0.0, 0.0, 0.0, 0.0, 0.0, 0.0, 0.0, 0.0, 0.0, 0.0, 0.0, 0.0, 0.0, 0.0, 0.0, 0.0, 0.0, 0.0, 0.0, 0.0, 0.0, 0.0, 0.0, 0.0, 0.0, 0.0, 0.0, 0.0, 0.0, 0.0, 0.0, 0.0, 0.0, 0.0, 0.0, 0.0, 0.0, 0.0, 0.0, 0.0, 0.0, 0.0, 0.0, 0.0, 0.0, 0.0, 0.0, 0.0, 0.0, 0.0, 0.0, 0.0, 0.0, 0.0, 0.0, 0.0, 0.0, 0.07352941483259201, 0.0, 0.014705882407724857, 0.0, 0.014705882407724857, 0.029411764815449715, 0.0, 0.04411764815449715, 0.0, 0.10294117778539658, 0.0, 0.11764705926179886, 0.0, 0.0, 0.22058823704719543, 0.0, 0.0882352963089943, 0.0, 0.0882352963089943, 0.0, 0.0, 0.014705882407724857, 0.0, 0.04411764815449715, 0.0, 0.0, 0.0, 0.0, 0.0, 0.0, 0.0, 0.0, 0.0, 0.0, 0.0, 0.0, 0.0, 0.0, 0.0, 0.0, 0.0, 0.0, 0.0882352963089943, 0.0, 0.0, 0.0, 0.029411764815449715, 0.0, 0.0, 0.0, 0.029411764815449715, 0.0, 0.0, 0.0, 0.0, 0.0, 0.0, 0.0, 0.0, 0.0, 0.0, 0.0, 0.0, 0.0, 0.0, 0.0, 0.0, 0.0, 0.0, 0.0, 0.0, 0.0, 0.0, 0.0, 0.0, 0.0, 0.0, 0.0, 0.0, 0.0, 0.0, 0.0, 0.0, 0.0, 0.0, 0.0, 0.0, 0.0, 0.0, 0.0, 0.0, 0.0, 0.0, 0.0, 0.0, 0.0, 0.0, 0.0, 0.0, 0.0, 0.0, 0.0, 0.0, 0.0, 0.0, 0.0, 0.0, 0.0, 0.0, 0.0, 0.0, 0.0, 0.0, 0.0, 0.0, 0.0, 0.0, 0.0, 0.0, 0.0, 0.0, 0.0, 0.0, 0.0, 0.0, 0.0, 0.0, 0.0, 0.0, 0.0, 0.0, 0.0, 0.0, 0.0, 0.0, 0.0, 0.0, 0.0, 0.0, 0.0, 0.0, 0.0, 0.0, 0.0, 0.0, 0.0, 0.0, 0.0, 0.0, 0.0, 0.0, 0.0, 0.0, 0.0, 0.0, 0.0], "tonal.chords_histogram": [0.0, 17.710844039916992, 1.4457831382751465, 1.6867469549179077, 2.4096386432647705, 1.0843373537063599, 0.0, 0.0, 2.1686747074127197, 0.7228915691375732, 11.566265106201172, 1.2048193216323853, 1.4457831382751465, 0.0, 0.0, 0.0, 0.0, 4.3373494148254395, 38.55421829223633, 13.975903511047363, 0.0, 1.6867469549179077, 0.0, 0.0], "tonal.thpcp": [1.0, 0.5599201917648315, 0.08530920743942261, 0.06638488173484802, 0.03988531231880188, 0.03642735257744789, 0.06936723738908768, 0.06972257047891617, 0.045064378529787064, 0.04411071166396141, 0.040486548095941544, 0.4975409507751465, 0.7555904388427734, 0.2861948311328888, 0.01690705679357052, 0.02009519375860691, 0.020088501274585724, 0.024932757019996643, 0.0609087236225605, 0.07805713266134262, 0.05834660679101944, 0.04847145453095436, 0.07104100286960602, 0.1494417041540146, 0.17227371037006378, 0.09566590189933777, 0.04364354908466339, 0.03063799813389778, 0.020253974944353104, 0.019077247008681297, 0.0227032657712698, 0.023120271041989326, 0.020447665825486183, 0.01976802386343479, 0.02686557173728943, 0.4996139109134674], "lowlevel.gfcc.cov": [[3196.68505859375, 87.07190704345703, -373.7142028808594, -103.60015869140625, 80.66798400878906, 225.09896850585938, 78.8518295288086, 340.90606689453125, 53.87736129760742, 167.2141876220703, -20.72664451599121, 75.59210205078125, -48.62501907348633], [87.07190704345703, 1941.6282958984375, 315.65966796875, -497.67950439453125, 437.02618408203125, -79.12516021728516, 246.84921264648438, -3.246704578399658, 132.61610412597656, 13.267684936523438, 153.117919921875, -40.8358039855957, 62.82876968383789], [-373.7142028808594, 315.65966796875, 1489.7359619140625, 579.9022827148438, 210.8877410888672, 235.02261352539062, 219.19134521484375, 100.62015533447266, 232.19183349609375, 115.97791290283203, 227.92300415039062, 112.13917541503906, 145.0057830810547], [-103.60015869140625, -497.67950439453125, 579.9022827148438, 1139.7034912109375, 287.30499267578125, 105.15223693847656, 192.53797912597656, 96.72856903076172, 222.18670654296875, 68.75856018066406, 170.9622039794922, 118.49584197998047, 137.02194213867188], [80.66798400878906, 437.02618408203125, 210.8877410888672, 287.30499267578125, 630.9814453125, 224.16371154785156, 316.3597717285156, 154.44297790527344, 214.77947998046875, 78.2627944946289, 153.0986785888672, 46.34284973144531, 90.42255401611328], [225.09896850585938, -79.12516021728516, 235.02261352539062, 105.15223693847656, 224.16371154785156, 513.3391723632812, 310.29315185546875, 50.90932846069336, 133.97621154785156, 92.63345336914062, 65.18074035644531, 42.12511444091797, 43.1328125], [78.8518295288086, 246.84921264648438, 219.19134521484375, 192.53797912597656, 316.3597717285156, 310.29315185546875, 440.88140869140625, 94.07762908935547, 164.65403747558594, 69.14966583251953, 110.35525512695312, 50.42757034301758, 59.439064025878906], [340.90606689453125, -3.246704578399658, 100.62015533447266, 96.72856903076172, 154.44297790527344, 50.90932846069336, 94.07762908935547, 311.94195556640625, 154.6525115966797, 59.40586853027344, 67.75704193115234, 18.8305721282959, 31.634201049804688], [53.87736129760742, 132.61610412597656, 232.19183349609375, 222.18670654296875, 214.77947998046875, 133.97621154785156, 164.65403747558594, 154.6525115966797, 277.8165588378906, 108.52902221679688, 108.31344604492188, 35.853729248046875, 82.34778594970703], [167.2141876220703, 13.267684936523438, 115.97791290283203, 68.75856018066406, 78.2627944946289, 92.63345336914062, 69.14966583251953, 59.40586853027344, 108.52902221679688, 147.26576232910156, 88.22200012207031, 17.429426193237305, 17.629976272583008], [-20.72664451599121, 153.117919921875, 227.92300415039062, 170.9622039794922, 153.0986785888672, 65.18074035644531, 110.35525512695312, 67.75704193115234, 108.31344604492188, 88.22200012207031, 206.005126953125, 62.373470306396484, 39.845855712890625], [75.59210205078125, -40.8358039855957, 112.13917541503906, 118.49584197998047, 46.34284973144531, 42.12511444091797, 50.42757034301758, 18.8305721282959, 35.853729248046875, 17.429426193237305, 62.373470306396484, 105.32533264160156, 40.095890045166016], [-48.62501907348633, 62.82876968383789, 145.0057830810547, 137.02194213867188, 90.42255401611328, 43.1328125, 59.439064025878906, 31.634201049804688, 82.34778594970703, 17.629976272583008, 39.845855712890625, 40.095890045166016, 105.21353149414062]], "lowlevel.gfcc.icov": [[0.0007443294744007289, -0.0009959981543943286, 0.0006976082804612815, -0.0010479091433808208, 0.0008232946274802089, -0.0014243120094761252, 0.0008899734239093959, -0.0017001022351905704, 0.0012060879962518811, -0.0016092290170490742, 0.0012201279168948531, -0.0015207416145130992, 0.000669899454806], [-0.0009959981543943286, 0.003610307816416025, -0.0019482655916363, 0.0037222823593765497, -0.0030745293479412794, 0.004328508395701647, -0.002949515590444207, 0.0037760294508188963, -0.002921908861026168, 0.0030847510788589716, -0.002885170979425311, 0.00321607175283134, -0.0017428927822038531], [0.0006976082804612815, -0.0019482655916363, 0.0021200974006205797, -0.0023508702870458364, 0.0018934292020276189, -0.0027624377980828285, 0.0016547006089240313, -0.002263476140797138, 0.0015494762919843197, -0.0018344203708693385, 0.0009245080291293561, -0.0018848152831196785, 0.0003392678627278656], [-0.0010479091433808208, 0.0037222823593765497, -0.0023508702870458364, 0.005173022393137217, -0.0034460772294551134, 0.004726268816739321, -0.003132340032607317, 0.004084439016878605, -0.0035845369566231966, 0.00343499262817204, -0.003111650701612234, 0.0026160678826272488, -0.0022270414046943188], [0.0008232946274802089, -0.0030745293479412794, 0.0018934292020276189, -0.0034460772294551134, 0.005730648525059223, -0.003933296073228121, 0.0010906393872573972, -0.003686201758682728, 0.0017717188457027078, -0.0019519597990438342, 0.0011195079423487186, -0.0018677302869036794, 0.0005026516737416387], [-0.0014243120094761252, 0.004328508395701647, -0.0027624377980828285, 0.004726268816739321, -0.003933296073228121, 0.009189585223793983, -0.006112304050475359, 0.005269558634608984, -0.0038270095828920603, 0.002265741117298603, -0.002277869964018464, 0.00336970342323184, -0.001915101078338921], [0.0008899734239093959, -0.002949515590444207, 0.0016547006089240313, -0.003132340032607317, 0.0010906393872573972, -0.006112304050475359, 0.007963660173118114, -0.0032508571166545153, 0.0014665406197309494, -0.0015494071412831545, 0.0014580048155039549, -0.003056613262742758, 0.0017428143182769418], [-0.0017001022351905704, 0.0037760294508188963, -0.002263476140797138, 0.004084439016878605, -0.003686201758682728, 0.005269558634608984, -0.0032508571166545153, 0.009503522887825966, -0.006343916989862919, 0.004346975591033697, -0.003668640973046422, 0.00390848470851779, -0.0011167626362293959], [0.0012060879962518811, -0.002921908861026168, 0.0015494762919843197, -0.0035845369566231966, 0.0017717188457027078, -0.0038270095828920603, 0.0014665406197309494, -0.006343916989862919, 0.012479218654334545, -0.007443015463650227, 0.0024755445774644613, -0.001851938315667212, -0.0027916221879422665], [-0.0016092290170490742, 0.0030847510788589716, -0.0018344203708693385, 0.00343499262817204, -0.0019519597990438342, 0.002265741117298603, -0.0015494071412831545, 0.004346975591033697, -0.007443015463650227, 0.01625848188996315, -0.007614877074956894, 0.004720132332295179, -2.784329444693867e-05], [0.0012201279168948531, -0.002885170979425311, 0.0009245080291293561, -0.003111650701612234, 0.0011195079423487186, -0.002277869964018464, 0.0014580048155039549, -0.003668640973046422, 0.0024755445774644613, -0.007614877074956894, 0.012615113519132137, -0.00714444275945425, 0.002599641215056181], [-0.0015207416145130992, 0.00321607175283134, -0.0018848152831196785, 0.0026160678826272488, -0.0018677302869036794, 0.00336970342323184, -0.003056613262742758, 0.00390848470851779, -0.001851938315667212, 0.004720132332295179, -0.00714444275945425, 0.01748240552842617, -0.005955373402684927], [0.000669899454806, -0.0017428927822038531, 0.0003392678627278656, -0.0022270414046943188, 0.0005026516737416387, -0.001915101078338921, 0.0017428143182769418, -0.0011167626362293959, -0.0027916221879422665, -2.784329444693867e-05, 0.002599641215056181, -0.005955373402684927, 0.016466518864035606]], "lowlevel.mfcc.cov": [[3396.511474609375, -168.50631713867188, -655.8126220703125, -216.45346069335938, -79.95220184326172, -102.68285369873047, 27.60897445678711, 84.26866149902344, 76.62690734863281, 135.15090942382812, 73.1180191040039, 21.029420852661133, -15.032432556152344], [-168.50631713867188, 2476.074462890625, -198.96456909179688, -338.39178466796875, 30.357820510864258, -69.31314086914062, 131.71023559570312, -10.005361557006836, 15.125506401062012, 4.678319931030273, 110.85340881347656, 87.12266540527344, -93.7881088256836], [-655.8126220703125, -198.96456909179688, 1349.7235107421875, 368.0110778808594, 213.24476623535156, 196.66275024414062, 89.15885162353516, 55.59138488769531, 92.30167388916016, 11.213842391967773, 73.39732360839844, 136.1610870361328, 138.78555297851562], [-216.45346069335938, -338.39178466796875, 368.0110778808594, 872.7638549804688, 304.46429443359375, 80.48397827148438, 66.90676879882812, 134.7516326904297, 77.01173400878906, 60.90256881713867, 59.69716262817383, 92.6998519897461, 150.27513122558594], [-79.95220184326172, 30.357820510864258, 213.24476623535156, 304.46429443359375, 398.5716552734375, 94.36617279052734, 110.31499481201172, 107.3337631225586, 130.00355529785156, 96.03729248046875, 90.00981140136719, 123.44674682617188, 103.9537353515625], [-102.68285369873047, -69.31314086914062, 196.66275024414062, 80.48397827148438, 94.36617279052734, 550.640625, 217.937255859375, 165.93077087402344, 105.91230010986328, 96.40660095214844, 140.4215850830078, 35.16200637817383, 82.7885513305664], [27.60897445678711, 131.71023559570312, 89.15885162353516, 66.90676879882812, 110.31499481201172, 217.937255859375, 293.9084167480469, 161.65762329101562, 80.26786041259766, 91.22378540039062, 119.73252868652344, 89.79508209228516, 53.77169418334961], [84.26866149902344, -10.005361557006836, 55.59138488769531, 134.7516326904297, 107.3337631225586, 165.93077087402344, 161.65762329101562, 278.7975769042969, 135.98733520507812, 102.49700927734375, 89.3376235961914, 77.2923812866211, 70.03565979003906], [76.62690734863281, 15.125506401062012, 92.30167388916016, 77.01173400878906, 130.00355529785156, 105.91230010986328, 80.26786041259766, 135.98733520507812, 259.3892517089844, 132.46124267578125, 82.77664947509766, 75.47872161865234, 48.369258880615234], [135.15090942382812, 4.678319931030273, 11.213842391967773, 60.90256881713867, 96.03729248046875, 96.40660095214844, 91.22378540039062, 102.49700927734375, 132.46124267578125, 195.5789031982422, 110.02064514160156, 85.38926696777344, 47.466331481933594], [73.1180191040039, 110.85340881347656, 73.39732360839844, 59.69716262817383, 90.00981140136719, 140.4215850830078, 119.73252868652344, 89.3376235961914, 82.77664947509766, 110.02064514160156, 186.01100158691406, 115.28157806396484, 60.89784240722656], [21.029420852661133, 87.12266540527344, 136.1610870361328, 92.6998519897461, 123.44674682617188, 35.16200637817383, 89.79508209228516, 77.2923812866211, 75.47872161865234, 85.38926696777344, 115.28157806396484, 207.9131622314453, 90.07164764404297], [-15.032432556152344, -93.7881088256836, 138.78555297851562, 150.27513122558594, 103.9537353515625, 82.7885513305664, 53.77169418334961, 70.03565979003906, 48.369258880615234, 47.466331481933594, 60.89784240722656, 90.07164764404297, 151.95388793945312]], "lowlevel.mfcc.icov": [[0.0003509509260766208, 5.806840999866836e-05, 0.0001609996979823336, 6.96128627168946e-05, 3.6867459130007774e-05, 0.0001376170985167846, -5.1114529924234375e-05, -8.408020221395418e-05, -6.402352300938219e-05, -0.00013700014096684754, -0.00019239750690758228, 2.559572931204457e-05, -6.358136306516826e-05], [5.806840999866836e-05, 0.0005068376194685698, 6.912953540449962e-05, 0.0002201306924689561, -0.00019453409186098725, 0.0001912910520331934, -0.00029467843705788255, 4.204768265481107e-05, -6.311704783001915e-05, 0.00027337914798408747, -0.00045685691293329, -0.00016091528232209384, 0.00036466578603722155], [0.0001609996979823336, 6.912953540449962e-05, 0.0010586220305413008, -0.0002652890980243683, -9.288101136917248e-05, -0.0003096300351899117, -8.003388938959688e-05, 0.00035300065064802766, -0.00039960435242392123, 0.0005284096696414053, 3.933371772291139e-05, -0.0005953929503448308, -0.0002487708115950227], [6.96128627168946e-05, 0.0002201306924689561, -0.0002652890980243683, 0.001961899921298027, -0.0012857759138569236, 0.0002949607733171433, 0.00020795241289306432, -0.00075