{"song_id": "1182276354750824539", "download": "https://cdn.discordapp.com/attachments/1135903449314238464/1182276354750824539/chirp.mp4?ex=65841ba8&amp", "lyrics": "Outro:\nGululu, gululu, what a wonderful feat,\nOur teeth are clean, oh so neat!\nTogether we've brushed, and had some fun,\nHealthy teeth for everyone!", "style": ["happy song for kids"], "essentia_features": {"lowlevel.average_loudness": 0.9817760586738586, "lowlevel.barkbands_crest.mean": 11.69718074798584, "lowlevel.barkbands_crest.stdev": 4.293453693389893, "lowlevel.barkbands_flatness_db.mean": 0.16677235066890717, "lowlevel.barkbands_flatness_db.stdev": 0.04932885617017746, "lowlevel.barkbands_kurtosis.mean": 8.183525085449219, "lowlevel.barkbands_kurtosis.stdev": 13.960505485534668, "lowlevel.barkbands_skewness.mean": 2.064561367034912, "lowlevel.barkbands_skewness.stdev": 1.574560523033142, "lowlevel.barkbands_spread.mean": 22.905725479125977, "lowlevel.barkbands_spread.stdev": 17.388967514038086, "lowlevel.dissonance.mean": 0.4528650641441345, "lowlevel.dissonance.stdev": 0.03303096815943718, "lowlevel.dynamic_complexity": 3.003767728805542, "lowlevel.erbbands_crest.mean": 11.896613121032715, "lowlevel.erbbands_crest.stdev": 5.872552394866943, "lowlevel.erbbands_flatness_db.mean": 0.16361945867538452, "lowlevel.erbbands_flatness_db.stdev": 0.05156632140278816, "lowlevel.erbbands_kurtosis.mean": 1.4591352939605713, "lowlevel.erbbands_kurtosis.stdev": 5.5156354904174805, "lowlevel.erbbands_skewness.mean": 0.5200681090354919, "lowlevel.erbbands_skewness.stdev": 1.237911581993103, "lowlevel.erbbands_spread.mean": 50.013160705566406, "lowlevel.erbbands_spread.stdev": 27.827754974365234, "lowlevel.hfc.mean": 22.321168899536133, "lowlevel.hfc.stdev": 14.622041702270508, "lowlevel.loudness_ebu128.integrated": -11.49059009552002, "lowlevel.loudness_ebu128.loudness_range": 1.3295621871948242, "lowlevel.loudness_ebu128.momentary.mean": -12.253665924072266, "lowlevel.loudness_ebu128.momentary.stdev": 3.6563568115234375, "lowlevel.loudness_ebu128.short_term.mean": -11.613531112670898, "lowlevel.loudness_ebu128.short_term.stdev": 0.4779767096042633, "lowlevel.melbands_crest.mean": 15.584099769592285, "lowlevel.melbands_crest.stdev": 4.9527692794799805, "lowlevel.melbands_flatness_db.mean": 0.22496305406093597, "lowlevel.melbands_flatness_db.stdev": 0.05960617959499359, "lowlevel.melbands_kurtosis.mean": 25.36394500732422, "lowlevel.melbands_kurtosis.stdev": 32.42446517944336, "lowlevel.melbands_skewness.mean": 3.5502264499664307, "lowlevel.melbands_skewness.stdev": 2.236182689666748, "lowlevel.melbands_spread.mean": 22.64896011352539, "lowlevel.melbands_spread.stdev": 28.42417335510254, "lowlevel.pitch_salience.mean": 0.47708266973495483, "lowlevel.pitch_salience.stdev": 0.11592808365821838, "lowlevel.silence_rate_20dB.mean": 1.0, "lowlevel.silence_rate_20dB.stdev": 0.0, "lowlevel.silence_rate_30dB.mean": 1.0, "lowlevel.silence_rate_30dB.stdev": 0.0, "lowlevel.silence_rate_60dB.mean": 0.07701019197702408, "lowlevel.silence_rate_60dB.stdev": 0.26660796999931335, "lowlevel.spectral_centroid.mean": 1302.837158203125, "lowlevel.spectral_centroid.stdev": 864.77880859375, "lowlevel.spectral_complexity.mean": 13.303510665893555, "lowlevel.spectral_complexity.stdev": 6.437318801879883, "lowlevel.spectral_decrease.mean": -6.976319966156552e-09, "lowlevel.spectral_decrease.stdev": 4.045422663523368e-09, "lowlevel.spectral_energy.mean": 0.028354834765195847, "lowlevel.spectral_energy.stdev": 0.01600532978773117, "lowlevel.spectral_energyband_high.mean": 0.0014367372496053576, "lowlevel.spectral_energyband_high.stdev": 0.0016236758092418313, "lowlevel.spectral_energyband_low.mean": 0.007131017744541168, "lowlevel.spectral_energyband_low.stdev": 0.008775042369961739, "lowlevel.spectral_energyband_middle_high.mean": 0.00449552433565259, "lowlevel.spectral_energyband_middle_high.stdev": 0.0062653422355651855, "lowlevel.spectral_energyband_middle_low.mean": 0.01661773771047592, "lowlevel.spectral_energyband_middle_low.stdev": 0.012291206046938896, "lowlevel.spectral_entropy.mean": 7.3441877365112305, "lowlevel.spectral_entropy.stdev": 0.5192312598228455, "lowlevel.spectral_flux.mean": 0.07606078684329987, "lowlevel.spectral_flux.stdev": 0.04842129722237587, "lowlevel.spectral_kurtosis.mean": 3.5204882621765137, "lowlevel.spectral_kurtosis.stdev": 2.59403657913208, "lowlevel.spectral_rms.mean": 0.004950776230543852, "lowlevel.spectral_rms.stdev": 0.0017756889574229717, "lowlevel.spectral_rolloff.mean": 1600.36083984375, "lowlevel.spectral_rolloff.stdev": 1981.303466796875, "lowlevel.spectral_skewness.mean": 1.4162458181381226, "lowlevel.spectral_skewness.stdev": 0.5436928272247314, "lowlevel.spectral_spread.mean": 5588066.5, "lowlevel.spectral_spread.stdev": 1974418.75, "lowlevel.spectral_strongpeak.mean": 1.4118685722351074, "lowlevel.spectral_strongpeak.stdev": 1.4187124967575073, "lowlevel.zerocrossingrate.mean": 0.06689563393592834, "lowlevel.zerocrossingrate.stdev": 0.04689387232065201, "metadata.audio_properties.analysis.equal_loudness": 0.0, "metadata.audio_properties.analysis.length": 20.47895622253418, "metadata.audio_properties.analysis.sample_rate": 44100.0, "metadata.audio_properties.analysis.start_time": 0.0, "metadata.audio_properties.bit_rate": 118681.0, "metadata.audio_properties.length": 20.479999542236328, "metadata.audio_properties.lossless": 0.0, "metadata.audio_properties.number_channels": 1.0, "metadata.audio_properties.replay_gain": -15.217979431152344, "metadata.audio_properties.sample_rate": 48000.0, "rhythm.beats_count": 39.0, "rhythm.beats_loudness.mean": 0.03312982991337776, "rhythm.beats_loudness.stdev": 0.010803118348121643, "rhythm.bpm": 117.38980865478516, "rhythm.bpm_histogram_first_peak_bpm": 117.0, "rhythm.bpm_histogram_first_peak_weight": 0.13513511419296265, "rhythm.bpm_histogram_second_peak_bpm": 112.0, "rhythm.bpm_histogram_second_peak_spread": 0.0, "rhythm.bpm_histogram_second_peak_weight": 0.02631578966975212, "rhythm.danceability": 1.3021737337112427, "rhythm.onset_rate": 3.855236530303955, "tonal.chords_changes_rate": 0.0656108632683754, "tonal.chords_number_rate": 0.013574660755693913, "tonal.chords_strength.mean": 0.49341318011283875, "tonal.chords_strength.stdev": 0.06017667427659035, "tonal.hpcp_crest.mean": 19.86528968811035, "tonal.hpcp_crest.stdev": 8.773416519165039, "tonal.hpcp_entropy.mean": 1.3830622434616089, "tonal.hpcp_entropy.stdev": 0.7584422826766968, "tonal.key_edma.strength": 0.720448911190033, "tonal.key_krumhansl.strength": 0.7120101451873779, "tonal.key_temperley.strength": 0.7004281282424927, "tonal.tuning_diatonic_strength": 0.6093088388442993, "tonal.tuning_equal_tempered_deviation": 0.0635155662894249, "tonal.tuning_frequency": 438.98455810546875, "tonal.tuning_nontempered_energy_ratio": 0.653773307800293, "lowlevel.barkbands.mean": [8.62290762597695e-05, 0.0020003896206617355, 0.003998361527919769, 0.00328215304762125, 0.002238345332443714, 0.007292938884347677, 0.0021728109568357468, 0.00043992986320517957, 0.0007488444680348039, 0.000919827725738287, 0.0007647931925021112, 0.0008784491219557822, 0.0003373308863956481, 0.00017672927060630172, 0.00029022686067037284, 0.0002539156121201813, 0.00031186698470264673, 0.00024318300711456686, 0.00022410725068766624, 0.0008537821122445166, 0.00021043313608970493, 0.00012781095574609935, 0.0001772652321960777, 0.00014612480299547315, 0.000129584179376252, 4.8801000957610086e-05, 6.394499791895214e-07], "lowlevel.barkbands.stdev": [0.00011460381938377395, 0.004811320453882217, 0.004555817693471909, 0.0028380751609802246, 0.002935255179181695, 0.009985992684960365, 0.005601951852440834, 0.002099210163578391, 0.0021725173573940992, 0.0032635941170156, 0.002257202984765172, 0.0035184065345674753, 0.0011065811850130558, 0.0009110163664445281, 0.0007331602973863482, 0.0006942981854081154, 0.000862439104821533, 0.0004925346584059298, 0.0003798437537625432, 0.0012531144311651587, 0.0003334298962727189, 0.00038013618905097246, 0.0004672059149015695, 0.0003478734288364649, 0.00018422206630930305, 8.682947373017669e-05, 2.470135314069921e-06], "lowlevel.erbbands.mean": [0.031432148069143295, 0.5850257277488708, 3.782658815383911, 7.620697975158691, 11.04890251159668, 5.965342998504639, 18.362279891967773, 79.4297103881836, 44.39142608642578, 17.8310489654541, 8.259635925292969, 21.094013214111328, 27.248693466186523, 25.237234115600586, 35.53984451293945, 41.859649658203125, 18.01571273803711, 12.524004936218262, 13.010085105895996, 12.367361068725586, 16.93895149230957, 15.829834938049316, 14.345529556274414, 11.340668678283691, 14.8701171875, 37.8843879699707, 22.371803283691406, 4.937926292419434, 4.547012805938721, 5.348204612731934, 4.698639392852783, 2.872997760772705, 2.6127843856811523, 1.8081053495407104, 0.7054507732391357, 0.2581687271595001, 0.08438490331172943, 0.00963453110307455, 0.00020447088172659278, 4.314279794925824e-05], "lowlevel.erbbands.stdev": [0.09255336225032806, 1.3065791130065918, 4.9693403244018555, 5.294410705566406, 10.385226249694824, 10.410306930541992, 29.245391845703125, 114.6783218383789, 91.95443725585938, 59.38959884643555, 39.345115661621094, 60.70030975341797, 95.45783233642578, 87.21260833740234, 106.66458129882812, 174.57933044433594, 50.279170989990234, 52.90257263183594, 35.86613464355469, 25.552947998046875, 46.81077575683594, 37.7280387878418, 31.541269302368164, 16.67592430114746, 27.298521041870117, 57.90674591064453, 32.27054214477539, 8.583027839660645, 12.959861755371094, 16.743898391723633, 11.732717514038086, 8.14617919921875, 5.276059150695801, 2.6659746170043945, 1.1401969194412231, 0.45456793904304504, 0.15038275718688965, 0.01983650214970112, 0.00037562375655397773, 2.5213174012606032e-05], "lowlevel.gfcc.mean": [-11.683979988098145, 79.50798797607422, -100.3591079711914, 39.03986358642578, -65.32356262207031, 10.754981994628906, -46.93614196777344, 5.48081636428833, -43.91840362548828, 1.307492733001709, -14.251221656799316, -5.979177951812744, -6.218560218811035], "lowlevel.melbands.mean": [0.0004144401755183935, 0.0015787013107910752, 0.0015593144344165921, 0.0005359410424716771, 0.0006031756056472659, 0.0016490048728883266, 0.0006294562481343746, 0.00016370123194064945, 5.6978864449774846e-05, 0.00014048141019884497, 0.00013268415932543576, 9.763942216522992e-05, 9.931259410222992e-05, 0.00011927523883059621, 5.670164682669565e-05, 3.795941665885039e-05, 2.115280403813813e-05, 1.814486131479498e-05, 1.956062624230981e-05, 1.7335505617666058e-05, 2.0850051441811956e-05, 1.8846885723178275e-05, 1.2990739378437866e-05, 1.037136826198548e-05, 8.834917935018893e-06, 8.806058758636937e-06, 1.4457160432357341e-05, 2.9564000215032138e-05, 1.960590816452168e-05, 4.571618319459958e-06, 2.1290713902999414e-06, 2.5394865588168614e-06, 2.5742365323822014e-06, 3.2669888696545968e-06, 2.907562929976848e-06, 2.0059328562638257e-06, 1.7162386711788713e-06, 1.8283931240148377e-06, 1.857392589954543e-06, 1.421074216523266e-06], "lowlevel.melbands.stdev": [0.0010455722222104669, 0.0021730451844632626, 0.0010627475567162037, 0.0005363346426747739, 0.0009231832227669656, 0.002304410096257925, 0.0013310345821082592, 0.0005930961342528462, 0.0003061874595005065, 0.0004134951450396329, 0.00048476134543307126, 0.0003747900191228837, 0.000302496540825814, 0.00040980541962198913, 0.0002039227110799402, 0.00013739422138314694, 0.00011429772712290287, 5.340010466170497e-05, 5.2461949962889776e-05, 3.927211946574971e-05, 7.185934373410419e-05, 5.018933370593004e-05, 3.0382654585991986e-05, 2.0787440007552505e-05, 1.3915362615080085e-05, 1.999252344830893e-05, 2.6682819225243293e-05, 4.6496581489918754e-05, 2.998141098942142e-05, 7.092979103617836e-06, 4.996440111426637e-06, 7.440407443937147e-06, 8.172477464540862e-06, 1.037578476825729e-05, 7.698439731029794e-06, 4.869008080277126e-06, 5.595595666818554e-06, 4.132558842684375e-06, 3.061153847738751e-06, 2.136511056960444e-06], "lowlevel.melbands128.mean": [3.655253749457188e-05, 0.0001677400287007913, 0.00047437037574127316, 0.0010599844390526414, 0.0017426142003387213, 0.002018444472923875, 0.0013459613546729088, 0.0019563441164791584, 0.0011267850641161203, 0.00024401076370850205, 0.00028950348496437073, 0.0003925971395801753, 0.0003741894324775785, 0.0011256984435021877, 0.0023940776009112597, 0.0015383397694677114, 0.0008381530060432851, 0.00048597060958854854, 0.0003482999454718083, 0.00014839344657957554, 0.00011080482363468036, 6.0735310398740694e-05, 6.112208939157426e-05, 2.4816619770717807e-05, 0.0001342615723842755, 0.0002201888564741239, 7.545404514530674e-05, 0.00019574188627302647, 7.326442573685199e-05, 0.00011956412345170975, 0.00010699350968934596, 5.605316982837394e-05, 6.954822310945019e-05, 0.00019570560834836215, 4.764022378367372e-05, 0.00014596695837099105, 0.0001529471919639036, 2.089038025587797e-05, 2.6198376872343943e-05, 4.1746770875761285e-05, 5.226063876762055e-05, 8.823896678222809e-06, 2.735924135777168e-05, 2.434207999613136e-05, 5.597308700089343e-06, 2.1829291654285043e-05, 2.6818443075171672e-05, 2.0662388124037534e-05, 1.773520853021182e-05, 9.671361112850718e-06, 2.0836621843045577e-05, 2.138234776793979e-05, 1.2778043128491845e-05, 2.8004431442241184e-05, 2.4004059014259838e-05, 2.1858559193788096e-05, 7.454915703419829e-06, 1.095467359846225e-05, 1.5643108781659976e-05, 1.7748341633705422e-05, 7.05653337718104e-06, 6.366822617565049e-06, 1.394627815898275e-05, 7.963441930769477e-06, 4.1340954339830205e-06, 9.87951807474019e-06, 1.0896103958657477e-05, 8.075658115558326e-06, 1.5701736629125662e-05, 2.3445027181878686e-05, 1.8229950001114048e-05, 4.7850993723841384e-05, 3.2047875720309094e-05, 1.1030361747543793e-05, 8.271547812910285e-06, 4.804576292372076e-06, 3.3227072435693117e-06, 1.8023537222688901e-06, 2.046556801360566e-06, 2.1043472315795952e-06, 2.8059598662366625e-06, 2.4791611394903157e-06, 2.4643074993946357e-06, 2.7041617158829467e-06, 2.5416161406610627e-06, 2.8854349238827126e-06, 3.6543121950671775e-06, 3.6796106996916933e-06, 2.8146139356977073e-06, 2.382636466791155e-06, 2.5090787403314607e-06, 1.8094513052346883e-06, 1.3815674719808158e-06, 1.5857601738389349e-06, 2.003590225285734e-06, 2.059342023130739e-06, 1.5814474636499654e-06, 1.7643426417635055e-06, 2.0419663542270428e-06, 1.8549013702795492e-06, 1.5843768323975382e-06, 1.4623412880609976e-06, 1.0444041436130647e-06, 8.386140279981191e-07, 7.19593344911118e-07, 7.766876706227777e-07, 5.518239731827634e-07, 5.289654723128479e-07, 4.469143561891542e-07, 3.384733702205267e-07, 2.641263563418761e-07, 3.2194259347306797e-07, 2.9669163836842927e-07, 2.1511466741230834e-07, 1.863757432829516e-07, 1.0387209670170705e-07, 2.6273923481312522e-08, 8.609393753467032e-11, 4.101262732203459e-12, 3.96291376450475e-12, 3.852760124822829e-12, 3.7558836249451666e-12, 3.671486725753681e-12, 3.600363496919501e-12, 3.529722304371208e-12, 3.4569532566391947e-12, 3.4105173112725096e-12, 3.38829615406655e-12], "lowlevel.melbands128.stdev": [8.474967762595043e-05, 0.0006560999318026006, 0.0013911658897995949, 0.002536715939640999, 0.002897230675444007, 0.0021227668039500713, 0.0011847889982163906, 0.001945944968611002, 0.0011161109432578087, 0.0002854205959010869, 0.000644455780275166, 0.001135159400291741, 0.0010218590032309294, 0.00215869746170938, 0.003998278174549341, 0.0027708213310688734, 0.0023470523301512003, 0.0017200936563313007, 0.0014031874015927315, 0.0007464989903382957, 0.0006652189767919481, 0.00031418981961905956, 0.0005208571092225611, 0.00010300186841050163, 0.00044439962948672473, 0.0007343037286773324, 0.00023884458641987294, 0.0009360614349134266, 0.0003650892758741975, 0.0006823160219937563, 0.00042025919537991285, 0.0002577270206529647, 0.00029384909430518746, 0.0007279979763552547, 0.00019460616749711335, 0.0007410398684442043, 0.0007696709944866598, 7.432561687892303e-05, 0.00011918992822756991, 0.00015875809185672551, 0.00022898449969943613, 3.416743493289687e-05, 0.00020235867123119533, 0.00012017267727060243, 1.080612219084287e-05, 8.792144944891334e-05, 0.00010624228889355436, 8.460204117000103e-05, 7.16780632501468e-05, 3.200936771463603e-05, 6.54482064419426e-05, 6.407078035408631e-05, 5.8435904065845534e-05, 0.00016516097821295261, 9.052891982719302e-05, 7.958270725794137e-05, 2.622371721372474e-05, 4.3407817429397255e-05, 4.713616726803593e-05, 5.2396953833522275e-05, 2.3415503164869733e-05, 1.8919216017820872e-05, 2.8583981475094333e-05, 1.631602026463952e-05, 9.661885087552946e-06, 3.0805265851086006e-05, 2.8879305318696424e-05, 3.1820170988794416e-05, 3.748325980268419e-05, 6.247869896469638e-05, 4.606722723110579e-05, 0.00010326902702217922, 6.62724269204773e-05, 2.5181212549796328e-05, 1.8270402506459504e-05, 9.531676369078923e-06, 7.433162863890175e-06, 3.933305379177909e-06, 5.215690634940984e-06, 6.3814832174102776e-06, 9.217515980708413e-06, 7.320752956729848e-06, 8.31158922665054e-06, 8.92896787263453e-06, 9.032228263095021e-06, 1.0563876458036248e-05, 1.1697781701514032e-05, 1.1803230336226989e-05, 7.705376447120216e-06, 5.9468707149790134e-06, 6.563694114447571e-06, 4.733206424134551e-06, 4.485928002395667e-06, 7.020717930572573e-06, 6.387310349964537e-06, 4.9974660214502364e-06, 4.00798671762459e-06, 3.744590912901913e-06, 3.74563092009339e-06, 2.965745352412341e-06, 2.8702027066174196e-06, 2.357298853894463e-06, 1.8507341792428633e-06, 1.8042328520095907e-06, 1.4379046433532494e-06, 1.4235880598789663e-06, 1.0023625236499356e-06, 1.042835378939344e-06, 9.099398994294461e-07, 6.929790856702311e-07, 5.919850423197204e-07, 6.527629352603981e-07, 5.325238703335344e-07, 4.301648459659191e-07, 3.979762936978659e-07, 2.9203835083535523e-07, 9.241294662842847e-08, 9.03101649019078e-10, 5.8010948475462065e-12, 5.636190732877244e-12, 5.49315280762297e-12, 5.363060256308172e-12, 5.2509012762880225e-12, 5.155972437193013e-12, 5.07664049687051e-12, 5.013736387865508e-12, 4.967839507818983e-12, 4.939644179802194e-12], "lowlevel.mfcc.mean": [-660.6912231445312, 106.77507781982422, 19.238262176513672, 27.145259857177734, 7.724851131439209, -1.9275803565979004, 11.86611557006836, -10.064196586608887, -7.317351818084717, -5.41786527633667, -17.47212791442871, -2.931349515914917, 1.2439097166061401], "lowlevel.spectral_contrast_coeffs.mean": [-0.655307948589325, -0.6526241302490234, -0.7397083640098572, -0.7856959104537964, -0.769775927066803, -0.7813693881034851], "lowlevel.spectral_contrast_coeffs.stdev": [0.08144721388816833, 0.10715314745903015, 0.08492791652679443, 0.061845533549785614, 0.0676712617278099, 0.04646584019064903], "lowlevel.spectral_contrast_valleys.mean": [-6.922017574310303, -7.477101802825928, -7.862931728363037, -8.172744750976562, -7.767177104949951, -10.234519958496094], "lowlevel.spectral_contrast_valleys.stdev": [0.9538934826850891, 0.7133303880691528, 0.6490510106086731, 0.6855639815330505, 0.8606953024864197, 0.9387129545211792], "rhythm.beats_loudness_band_ratio.mean": [0.35786935687065125, 0.280290812253952, 0.19142447412014008, 0.11285146325826645, 0.052173249423503876, 0.08322568237781525], "rhythm.beats_loudness_band_ratio.stdev": [0.2167494297027588, 0.19847679138183594, 0.18710757791996002, 0.13519573211669922, 0.0461982898414135, 0.0623028539121151], "tonal.hpcp.mean": [0.08529381453990936, 0.053631845861673355, 0.07953625917434692, 0.20310357213020325, 0.1630331575870514, 0.036323048174381256, 0.018129002302885056, 0.016888167709112167, 0.11283618211746216, 0.23040956258773804, 0.14654892683029175, 0.03387688845396042, 0.02211347222328186, 0.015864096581935883, 0.05309225246310234, 0.10305369645357132, 0.07144024223089218, 0.026950880885124207, 0.025970064103603363, 0.019566519185900688, 0.02893507294356823, 0.05809301137924194, 0.0635938048362732, 0.30510884523391724, 0.5792104601860046, 0.34835511445999146, 0.062343794852495193, 0.028020372614264488, 0.024196641519665718, 0.0774267241358757, 0.1497289091348648, 0.10370282083749771, 0.02799060568213463, 0.018944667652249336, 0.027704402804374695, 0.06237727403640747], "tonal.hpcp.stdev": [0.21626220643520355, 0.15272200107574463, 0.15067961812019348, 0.3270101249217987, 0.2748655080795288, 0.1383081078529358, 0.08684578537940979, 0.08033696562051773, 0.1907506287097931, 0.32748445868492126, 0.22511297464370728, 0.12995877861976624, 0.10897241532802582, 0.07635000348091125, 0.13944929838180542, 0.22593261301517487, 0.1684861183166504, 0.09609799087047577, 0.1010323017835617, 0.09555494040250778, 0.11163605749607086, 0.1794966161251068, 0.18304498493671417, 0.26027312874794006, 0.41320693492889404, 0.3011050522327423, 0.18562661111354828, 0.11791570484638214, 0.10355877876281738, 0.18666797876358032, 0.2997176945209503, 0.23175048828125, 0.10096193104982376, 0.08249087631702423, 0.12326275557279587, 0.16469214856624603], "rhythm.beats_position": [0.5224489569664001, 1.05650794506073, 1.5789568424224854, 2.1014058589935303, 2.6122448444366455, 3.1346938610076904, 3.6455328464508057, 4.156371593475342, 4.667210578918457, 5.178049564361572, 5.6888885498046875, 6.199728012084961, 6.710566997528076, 7.221405982971191, 7.732244968414307, 8.243083953857422, 8.753922462463379, 9.264761924743652, 9.77560043334961, 10.286439895629883, 10.79727840423584, 11.308117866516113, 11.81895637512207, 12.329795837402344, 12.8406343460083, 13.351473808288574, 13.862312316894531, 14.373151779174805, 14.883990287780762, 15.394829750061035, 15.905668258666992, 16.416507720947266, 16.92734718322754, 17.43818473815918, 17.949024200439453, 18.459863662719727, 18.95909309387207, 19.458322525024414, 19.969160079956055], "rhythm.bpm_histogram": [0.0, 0.0, 0.0, 0.0, 0.0, 0.0, 0.0, 0.0, 0.0, 0.0, 0.0, 0.0, 0.0, 0.0, 0.0, 0.0, 0.0, 0.0, 0.0, 0.0, 0.0, 0.0, 0.0, 0.0, 0.0, 0.0, 0.0, 0.0, 0.0, 0.0, 0.0, 0.0, 0.0, 0.0, 0.0, 0.0, 0.0, 0.0, 0.0, 0.0, 0.0, 0.0, 0.0, 0.0, 0.0, 0.0, 0.0, 0.0, 0.0, 0.0, 0.0, 0.0, 0.0, 0.0, 0.0, 0.0, 0.0, 0.0, 0.0, 0.0, 0.0, 0.0, 0.0, 0.0, 0.0, 0.0, 0.0, 0.0, 0.0, 0.0, 0.0, 0.0, 0.0, 0.0, 0.0, 0.0, 0.0, 0.0, 0.0, 0.0, 0.0, 0.0, 0.0, 0.0, 0.0, 0.0, 0.0, 0.0, 0.0, 0.0, 0.0, 0.0, 0.0, 0.0, 0.0, 0.0, 0.0, 0.0, 0.0, 0.0, 0.0, 0.0, 0.0, 0.0, 0.0, 0.0, 0.0, 0.0, 0.0, 0.0, 0.0, 0.0, 0.02631578966975212, 0.0, 0.0, 0.07894736528396606, 0.0, 0.8421052694320679, 0.0, 0.0, 0.05263157933950424, 0.0, 0.0, 0.0, 0.0, 0.0, 0.0, 0.0, 0.0, 0.0, 0.0, 0.0, 0.0, 0.0, 0.0, 0.0, 0.0, 0.0, 0.0, 0.0, 0.0, 0.0, 0.0, 0.0, 0.0, 0.0, 0.0, 0.0, 0.0, 0.0, 0.0, 0.0, 0.0, 0.0, 0.0, 0.0, 0.0, 0.0, 0.0, 0.0, 0.0, 0.0, 0.0, 0.0, 0.0, 0.0, 0.0, 0.0, 0.0, 0.0, 0.0, 0.0, 0.0, 0.0, 0.0, 0.0, 0.0, 0.0, 0.0, 0.0, 0.0, 0.0, 0.0, 0.0, 0.0, 0.0, 0.0, 0.0, 0.0, 0.0, 0.0, 0.0, 0.0, 0.0, 0.0, 0.0, 0.0, 0.0, 0.0, 0.0, 0.0, 0.0, 0.0, 0.0, 0.0, 0.0, 0.0, 0.0, 0.0, 0.0, 0.0, 0.0, 0.0, 0.0, 0.0, 0.0, 0.0, 0.0, 0.0, 0.0, 0.0, 0.0, 0.0, 0.0, 0.0, 0.0, 0.0, 0.0, 0.0, 0.0, 0.0, 0.0, 0.0, 0.0, 0.0, 0.0, 0.0, 0.0, 0.0, 0.0, 0.0, 0.0, 0.0, 0.0, 0.0, 0.0, 0.0, 0.0, 0.0, 0.0], "tonal.chords_histogram": [29.864253997802734, 9.728507041931152, 43.665157318115234, 0.0, 2.7149322032928467, 0.0, 0.0, 0.0, 0.0, 0.0, 0.0, 0.0, 0.0, 0.0, 0.0, 0.0, 0.0, 0.6787330508232117, 0.0, 12.217194557189941, 0.0, 0.0, 0.0, 1.1312217712402344], "tonal.thpcp": [1.0, 0.6014309525489807, 0.10763582587242126, 0.048376843333244324, 0.04177521541714668, 0.13367632031440735, 0.2585051953792572, 0.17904169857501984, 0.04832544922828674, 0.03270774334669113, 0.047831322997808456, 0.1076936274766922, 0.14725875854492188, 0.09259475022554398, 0.13731840252876282, 0.3506559133529663, 0.2814748287200928, 0.06271131336688995, 0.03129950910806656, 0.02915722131729126, 0.19481033086776733, 0.39779937267303467, 0.2530149817466736, 0.05848804488778114, 0.03817864879965782, 0.027389174327254295, 0.09166314452886581, 0.17792098224163055, 0.12334073334932327, 0.04653037711977959, 0.04483700916171074, 0.03378136456012726, 0.0499560609459877, 0.10029689967632294, 0.10979395359754562, 0.526766836643219], "lowlevel.gfcc.cov": [[6166.7138671875, -538.6275024414062, -320.3831787109375, 397.7616882324219, -29.01563835144043, -208.03294372558594, 69.8687515258789, 144.96742248535156, -143.02439880371094, 195.27462768554688, -30.427284240722656, -28.11121368408203, -25.597576141357422], [-538.6275024414062, 1452.0855712890625, -233.9222412109375, -184.97805786132812, 169.6564483642578, -184.07969665527344, 82.12171173095703, -36.789276123046875, 54.38483810424805, -42.60615158081055, 181.02731323242188, -212.33787536621094, 232.62750244140625], [-320.3831787109375, -233.9222412109375, 657.2903442382812, 38.73221206665039, 91.16790771484375, 252.9478302001953, -54.442440032958984, -15.058234214782715, 26.76844596862793, -31.486867904663086, -158.8317413330078, 105.10773468017578, -180.77377319335938], [397.7616882324219, -184.97805786132812, 38.73221206665039, 575.613037109375, 94.364990234375, 14.395541191101074, 18.181726455688477, 38.0948600769043, 105.22760772705078, -70.2588119506836, -18.9448184967041, 2.8753249645233154, 16.54754066467285], [-29.01563835144043, 169.6564483642578, 91.16790771484375, 94.364990234375, 426.424072265625, 101.5125503540039, -6.951767444610596, 114.68009185791016, 40.695255279541016, 16.293495178222656, -99.87215423583984, -8.69521427154541, -36.30982208251953], [-208.03294372558594, -184.07969665527344, 252.9478302001953, 14.395541191101074, 101.5125503540039, 383.93218994140625, 52.06924819946289, -30.9038143157959, -1.282328724861145, -32.58598327636719, -95.78117370605469, 5.695681571960449, -141.96592712402344], [69.8687515258789, 82.12171173095703, -54.442440032958984, 18.181726455688477, -6.951767444610596, 52.06924819946289, 195.9104461669922, 17.77202033996582, -24.517690658569336, 11.938277244567871, 21.522432327270508, -20.99982452392578, 2.0106050968170166], [144.96742248535156, -36.789276123046875, -15.058234214782715, 38.0948600769043, 114.68009185791016, -30.9038143157959, 17.77202033996582, 157.2058868408203, 24.357912063598633, -1.3818044662475586, -50.499000549316406, 16.740100860595703, 5.829493045806885], [-143.02439880371094, 54.38483810424805, 26.76844596862793, 105.22760772705078, 40.695255279541016, -1.282328724861145, -24.517690658569336, 24.357912063598633, 139.96986389160156, 4.496901512145996, -6.971991539001465, 2.588350296020508, 9.958303451538086], [195.27462768554688, -42.60615158081055, -31.486867904663086, -70.2588119506836, 16.293495178222656, -32.58598327636719, 11.938277244567871, -1.3818044662475586, 4.496901512145996, 147.9427032470703, 23.345510482788086, 27.333133697509766, -8.705370903015137], [-30.427284240722656, 181.02731323242188, -158.8317413330078, -18.9448184967041, -99.87215423583984, -95.78117370605469, 21.522432327270508, -50.499000549316406, -6.971991539001465, 23.345510482788086, 186.4812774658203, -6.575652122497559, 104.40827941894531], [-28.11121368408203, -212.33787536621094, 105.10773468017578, 2.8753249645233154, -8.69521427154541, 5.695681571960449, -20.99982452392578, 16.740100860595703, 2.588350296020508, 27.333133697509766, -6.575652122497559, 136.12733459472656, -32.43460464477539], [-25.597576141357422, 232.62750244140625, -180.77377319335938, 16.54754066467285, -36.30982208251953, -141.96592712402344, 2.0106050968170166, 5.829493045806885, 9.958303451538086, -8.705370903015137, 104.40827941894531, -32.43460464477539, 183.0294189453125]], "lowlevel.gfcc.icov": [[0.00022574031027033925, -5.20475186931435e-05, 0.00010067483526654541, -0.00036296408507041633, 0.00021659307822119445, -1.7310383555013686e-05, 0.00014746387023478746, -0.000366519030649215, 0.0005417563952505589, -0.0005576027906499803, 0.00013168032455723733, 0.00012398917169775814, 0.00016042575589381158], [-5.20475186931435e-05, 0.002744941506534815, -0.0009903499158099294, 0.0020502530969679356, -0.0029899480286985636, 0.0021925456821918488, -0.0023557781241834164, 0.0023557692766189575, -0.002555693732574582, 0.0024265695828944445, -0.0023527618031948805, 0.0031599702779203653, -0.0014446660643443465], [0.00010067483526654541, -0.0009903499158099294, 0.003453859593719244, -0.0008699053432792425, 0.0009307024301961064, -0.002000438515096903, 0.00148029625415802, -0.0001021448551909998, 0.0005496011581271887, -0.00044176005758345127, 0.002236048225313425, -0.003249374683946371, 0.001480458420701325], [-0.00036296408507041633, 0.0020502530969679356, -0.0008699053432792425, 0.0043362900614738464, -0.0030604214407503605, 0.0019277413375675678, -0.002637149766087532, 0.0025837887078523636, -0.004425825551152229, 0.004006137605756521, -0.0018866569735109806, 0.0015850584022700787, -0.0012845746241509914], [0.00021659307822119445, -0.0029899480286985636, 0.0009307024301961064, -0.0030604214407503605, 0.007258178666234016, -0.003839632496237755, 0.0035843022633343935, -0.00574733130633831, 0.0032905247062444687, -0.004596055950969458, 0.003511921502649784, -0.0021570308599621058, 0.0008485327125526965], [-1.7310383555013686e-05, 0.0021925456821918488, -0.002000438515096903, 0.0019277413375675678, -0.003839632496237755, 0.007182207889854908, -0.004097278695553541, 0.004034601151943207, -0.002540176035836339, 0.003430894808843732, -0.0017639612779021263, 0.0029038412030786276, 0.0016086767427623272], [0.00014746387023478746, -0.0023557781241834164, 0.00148029625415802, -0.002637149766087532, 0.0035843022633343935, -0.004097278695553541, 0.008843653835356236, -0.0046692644245922565, 0.004141929559409618, -0.003775662509724498, 0.0007183742127381265, -0.0013831013347953558, 0.0012400225969031453], [-0.000366519030649215, 0.0023557692766189575, -0.0001021448551909998, 0.0025837887078523636, -0.00574733130633831, 0.004034601151943207, -0.0046692644245922565, 0.01353517733514309, -0.004557324107736349, 0.0042380825616419315, 0.0016168566653504968, -0.000541006273124367, -0.0023391118738800287], [0.0005417563952505589, -0.002555693732574582, 0.0005496011581271887, -0.004425825551152229, 0.0032905247062444687, -0.002540176035836339, 0.004141929559409618, -0.004557324107736349, 0.012697620317339897, -0.005092665087431669, 0.002007451606914401, -0.0016498658806085587, 0.0006785451550967991], [-0.0005576027906499803, 0.0024265695828944445, -0.00044176005758345127, 0.004006137605756521, -0.004596055950969458, 0.003430894808843732, -0.003775662509724498, 0.0042380825616419315, -0.005092665087431669, 0.012376943603157997, -0.0036202608607709408, -2.96275920845801e-05, 0.0006209256825968623], [0.00013168032455723733, -0.0023527618031948805, 0.002236048225313425, -0.0018866569735109806, 0.003511921502649784, -0.0017639612779021263, 0.0007183742127381265, 0.0016168566653504968, 0.002007451606914401, -0.0036202608607709408, 0.013360566459596157, -0.004759541247040033, -0.004089412745088339], [0.00012398917169775814, 0.0031599702779203653, -0.003249374683946371, 0.0015850584022700787, -0.0021570308599621058, 0.0029038412030786276, -0.0013831013347953558, -0.000541006273124367, -0.0016498658806085587, -2.96275920845801e-05, -0.004759541247040033, 0.01413298025727272, -0.00018678890774026513], [0.00016042575589381158, -0.0014446660643443465, 0.001480458420701325, -0.0012845746241509914, 0.0008485327125526965, 0.0016086767427623272, 0.0012400225969031453, -0.0023391118738800287, 0.0006785451550967991, 0.0006209256825968623, -0.004089412745088339, -0.00018678890774026513, 0.012669812887907028]], "lowlevel.mfcc.cov": [[6308.71240234375, -714.3403930664062, -323.9669494628906, 551.413330078125, -135.54974365234375, -210.96798706054688, 97.69496154785156, -182.55776977539062, 46.319278717041016, 9.584870338439941, -104.71356201171875, 92.3571548461914, 251.2450714111328], [-714.3403930664062, 1416.9283447265625, -253.86297607421875, -109.15631866455078, 95.31119537353516, -134.64498901367188, 115.74266815185547, -158.76243591308594, 58.17510223388672, 26.40549659729004, -79.2392578125, 38.79608154296875, 28.661569595336914], [-323.9669494628906, -253.86297607421875, 517.35595703125, -92.7850570678711, 15.873435974121094, 205.36705017089844, -75.59029388427734, 127.44954681396484, -46.21379470825195, -35.720577239990234, 72.36329650878906, -43.695091247558594, -76.89044189453125], [551.413330078125, -109.15631866455078, -92.7850570678711, 448.733642578125, 93.26669311523438, -61.066184997558594, -7.031464576721191, 39.01128005981445, 77.35990905761719, 13.776077270507812, -27.36893653869629, 73.03065490722656, 26.38993263244629], [-135.54974365234375, 95.31119537353516, 15.873435974121094, 93.26669311523438, 397.2488098144531, 69.85690307617188, -14.604242324829102, 96.77730560302734, 101.6292724609375, 11.147143363952637, 39.20820617675781, 15.737809181213379, -45.6387825012207], [-210.96798706054688, -134.64498901367188, 205.36705017089844, -61.066184997558594, 69.85690307617188, 346.85357666015625, 15.725896835327148, 107.79846954345703, 5.017279148101807, 36.98076248168945, 106.76835632324219, -47.54170608520508, -30.58578109741211], [97.69496154785156, 115.74266815185547, -75.59029388427734, -7.031464576721191, -14.604242324829102, 15.725896835327148, 192.48867797851562, 3.706019163131714, 16.71404457092285, 20.350046157836914, -15.378669738769531, 9.493985176086426, 14.506386756896973], [-182.55776977539062, -158.76243591308594, 127.44954681396484, 39.01128005981445, 96.77730560302734, 107.79846954345703, 3.706019163131714, 223.68849182128906, 53.36983871459961, 4.122281074523926, 64.97069549560547, -22.046302795410156, -45.018455505371094], [46.319278717041016, 58.17510223388672, -46.21379470825195, 77.35990905761719, 101.6292724609375, 5.017279148101807, 16.71404457092285, 53.36983871459961, 140.1432342529297, 39.947261810302734, 12.150104522705078, -1.2492790222167969, -5.38707971572876], [9.584870338439941, 26.40549659729004, -35.720577239990234, 13.776077270507812, 11.147143363952637, 36.98076248168945, 20.350046157836914, 4.122281074523926, 39.947261810302734, 101.53427124023438, 11.376384735107422, -7.6967597007751465, 1.4519439935684204], [-104.71356201171875, -79.2392578125, 72.36329650878906, -27.36893653869629, 39.20820617675781, 106.76835632324219, -15.378669738769531, 64.97069549560547, 12.150104522705078, 11.376384735107422, 127.47880554199219, -4.208887577056885, -19.631574630737305], [92.3571548461914, 38.79608154296875, -43.695091247558594, 73.03065490722656, 15.737809181213379, -47.54170608520508, 9.493985176086426, -22.046302795410156, -1.2492790222167969, -7.6967597007751465, -4.208887577056885, 109.66279602050781, 36.28327178955078], [251.2450714111328, 28.661569595336914, -76.89044189453125, 26.38993263244629, -45.6387825012207, -30.58578109741211, 14.506386756896973, -45.018455505371094, -5.38707971572876, 1.4519439935684204, -19.631574630737305, 36.28327178955078, 108.24141693115234]], "lowlevel.mfcc.icov": [[0.0002247411321150139, 0.00015599411563016474, -5.793820946564665e-06, -0.00024112864048220217, -2.014341953326948e-05, 8.397902274737135e-05, -0.0002086063614115119, 0.0002812591555994004, -9.822286665439606e-05, 3.392210419406183e-05, -5.219486774876714e-05, 0.00016539377975277603, -0.0004183714627288282], [0.00015599411563016474, 0.0010818643495440483, 0.0001831031549954787, 0.0003033811808563769, -0.0004442185163497925, 0.00020726353977806866, -0.0006176693132147193, 0.0008458943339064717, -0.0005640728049911559, -2.678030068636872e-05, 0.00023725867504253983, -0.00019739847630262375, -0.00020510701870080084], [-5.793820946564665e-06, 0.0001831031549954787, 0.0036770375445485115, 0.000494439504109323, 0.00037503393832594156, -0.002011452568694949, 0.0013407879741862416, -0.0013665405567735434, 0.0006742970435880125, 0.00124961172696203, 0.0006116997101344168, -0.0006676579359918833, 0.0016496896278113127], [-0.00024112864048220217, 0.0003033811808563769, 0.000494439504109323, 0.0035496389027684927, -0.00042237224988639355, 1.9191344108548947e-05, 0.0005767323891632259, -0.0009374309447593987, -0.001308427774347365, -0.00020489728194661438, 0.0012401930289343, -0.0023089279420673847, 0.0002618560683913529], [-2.014341953326948e-05, -0.0004442185163497925, 0.00037503393832594156, -0.00042237224988639355, 0.003935200162231922, -0.0011255111312493682, 0.0008548041223548353, -0.0009359765681438148, -0.0022201729007065296, 0.0009010288049466908, 6.42399609205313e-05, -0.0012220985954627395, 0.0016698504332453012], [8.397902274737135e-05, 0.00020726353977806866, -0.002011452568694949, 1.9191344108548947e-05, -0.0011255111312493682, 0.006091584917157888, -0.00163683807477355, -0.00038410379784181714, 0.0010864428477361798, -0.0023723228368908167, -0.0034881331957876682, 0.0021664861124008894, -0.0016499551711604], [-0.0002086063614115119, -0.0006176693132147193, 0.0013407879741862416, 0.0005767323891632259, 0.0008548041223548353, -0.00163683807477355, 0.006670366507023573, -0.001571109751239419, -0.0003407072799745947, -0.00035303214099258184, 0.0016237200470641255, -0.0013251277850940824, 0.0005365622346289456], [0.0002812591555994004, 0.0008458943339064717, -0.0013665405567735434, -0.0009374309447593987, -0.0009359765681438148, -0.00038410379784181714, -0.001571109751239419, 0.008376558311283588, -0.002751224674284458, 0.0010187429143115878, -0.002209183992817998, 0.0010674375807866454, 0.0006631563301198184], [-9.822286665439606e-05, -0.0005640728049911559, 0.0006742970435880125, -0.001308427774347365, -0.0022201729007065296, 0.0010864428477361798, -0.0003407072799745947, -0.002751224674284458, 0.012200020253658295, -0.003971463534981012, -0.0008072789642028511, 0.0017211510566994548, -0.0006152592250145972], [3.392210419406183e-05, -2.678030068636872e-05, 0.00124961172696203, -0.00020489728194661438, 0.0009010288049466908, -0.0023723228368908167, -0.00035303214099258184, 0.0010187429143115878, -0.003971463534981012, 0.012726528570055962, -0.0002609265211503953, 0.0003622736840043217, 0.0005094308871775866], [-5.219486774876714e-05, 0.00023725867504253983, 0.0006116997101344168, 0.0012401930289343, 6.42399609205313e-05, -0.0034881331957876682, 0.0016237200470641255, -0.002209183992817998, -0.0008072789642028511, -0.0002609265211503953, 0.012285798788070679, -0.0026760336477309465, 0.001184110064059496], [0.00016539377975277603, -0.00019739847630262375, -0.0006676579359918833, -0.0023089279420673847, -0.0012220985954627395, 0.0021664861124008894, -0.0013251277850940824, 0.0010674375807866454, 0.0017211510566994548, 0.0003622736840043217, -0.0026760336477309465, 0.013141278177499771, -0.004334128927439451], [-0.0004183714627288282, -0.00020510701870080084, 0.0016496896278113127, 0.0002618560683913529, 0.0016698504332453012, -0.0016499551711604, 0.0005365622346289456, 0.0006631563301198184, -0.0006152592250145972, 0.0005094308871775866, 0.001184110064059496, -0.004334128927439451, 0.013443940319120884]], "metadata.audio_properties.analysis.downmix": "mix", "metadata.audio_properties.codec": "mp3", "metadata.audio_properties.md5_encoded": "ef779db7e084bbb2e80f3be9db05998e", "metadata.tags.file_name": "1182276354750824539.mp3", "metadata.version.essentia": "2.1-beta6-dev", "metadata.version.essentia_git_sha": "v2.1_beta5-1110-g77a6a954", "metadata.version.extractor": "music 2.0", "tonal.chords_key": "F", "tonal.chords_scale": "major", "tonal.key_edma.key": "Bb", "tonal.key_edma.scale": "minor", "tonal.key_krumhansl.key": "Bb", "tonal.key_krumhansl.scale": "major", "tonal.key_temperley.key": "Bb", "tonal.key_temperley.scale": "major", "metadata.tags.encoding": ["Lavf58.45.100"]}, "essentia_models": [{"model_name": "genre_dortmund", "activations": {"alternative": "0.011108638", "blues": "0.026818255", "electronic": "0.026299482", "folkcountry": "0.42692205", "funksoulrnb": "0.020141894", "jazz": "0.023760833", "pop": "0.4689351", "raphiphop": "0.0029014882", "rock": "0.057026815"}}, {"model_name": "genre_rosamerica", "activations": {"classic": "0.0003210293", "dance": "0.0035588776", "hip hop": "0.0015373803", "jazz": "0.0041410346", "pop": "0.92810994", "rhythm and blues": "0.14870214", "rock": "0.0059124962", "speech": "0.0020883004"}}, {"model_name": "genre_tza