{"song_id": "1182258443336294410", "download": "https://cdn.discordapp.com/attachments/1135903449314238464/1182258443336294410/chirp.mp4?ex=65840afa&amp", "lyrics": "Verse 1:\nBrush, brush, smile big\nBrush bugs away\nClean all over\nBe happy!\n\nChorus:\n\nBrush your teeth\nFight the bugs\nKeep them clean\nSmile bright!\n\nVerse 2:\nBrush bottom nice\nBugs don\u2019t stay\nSmooth like silk\n\nVerse 3:\nBrush up on top\nBright white, yay!\n\nChorus:\nBrush your teeth\nFight the bugs\nKeep them clean\nSmile bright!\n\nVerse 4:\nBrush day and night\nNo more bugs!\nSmiles fresh and bright", "style": ["happy song for kids</span><span>, over"], "essentia_features": {"lowlevel.average_loudness": 0.957599937915802, "lowlevel.barkbands_crest.mean": 13.95240592956543, "lowlevel.barkbands_crest.stdev": 4.648561000823975, "lowlevel.barkbands_flatness_db.mean": 0.22662697732448578, "lowlevel.barkbands_flatness_db.stdev": 0.06892785429954529, "lowlevel.barkbands_kurtosis.mean": 26.10281753540039, "lowlevel.barkbands_kurtosis.stdev": 58.765174865722656, "lowlevel.barkbands_skewness.mean": 3.0300838947296143, "lowlevel.barkbands_skewness.stdev": 2.9091391563415527, "lowlevel.barkbands_spread.mean": 14.214982032775879, "lowlevel.barkbands_spread.stdev": 18.12266731262207, "lowlevel.dissonance.mean": 0.42748332023620605, "lowlevel.dissonance.stdev": 0.05019021034240723, "lowlevel.dynamic_complexity": 4.320986747741699, "lowlevel.erbbands_crest.mean": 13.705601692199707, "lowlevel.erbbands_crest.stdev": 5.100497245788574, "lowlevel.erbbands_flatness_db.mean": 0.20818674564361572, "lowlevel.erbbands_flatness_db.stdev": 0.06536669284105301, "lowlevel.erbbands_kurtosis.mean": 7.8489789962768555, "lowlevel.erbbands_kurtosis.stdev": 12.672839164733887, "lowlevel.erbbands_skewness.mean": 1.6543824672698975, "lowlevel.erbbands_skewness.stdev": 1.8499363660812378, "lowlevel.erbbands_spread.mean": 32.202030181884766, "lowlevel.erbbands_spread.stdev": 29.14008331298828, "lowlevel.hfc.mean": 14.87513542175293, "lowlevel.hfc.stdev": 18.529815673828125, "lowlevel.loudness_ebu128.integrated": -16.338106155395508, "lowlevel.loudness_ebu128.loudness_range": 2.7324705123901367, "lowlevel.loudness_ebu128.momentary.mean": -16.944141387939453, "lowlevel.loudness_ebu128.momentary.stdev": 2.418905019760132, "lowlevel.loudness_ebu128.short_term.mean": -16.457778930664062, "lowlevel.loudness_ebu128.short_term.stdev": 1.0394999980926514, "lowlevel.melbands_crest.mean": 16.48613739013672, "lowlevel.melbands_crest.stdev": 4.840253829956055, "lowlevel.melbands_flatness_db.mean": 0.2897757291793823, "lowlevel.melbands_flatness_db.stdev": 0.08795101195573807, "lowlevel.melbands_kurtosis.mean": 42.52296829223633, "lowlevel.melbands_kurtosis.stdev": 60.7945671081543, "lowlevel.melbands_skewness.mean": 3.6625373363494873, "lowlevel.melbands_skewness.stdev": 3.0209858417510986, "lowlevel.melbands_spread.mean": 18.06670570373535, "lowlevel.melbands_spread.stdev": 38.20417404174805, "lowlevel.pitch_salience.mean": 0.49365437030792236, "lowlevel.pitch_salience.stdev": 0.12470559030771255, "lowlevel.silence_rate_20dB.mean": 1.0, "lowlevel.silence_rate_20dB.stdev": 0.0, "lowlevel.silence_rate_30dB.mean": 0.9938223958015442, "lowlevel.silence_rate_30dB.stdev": 0.07835450768470764, "lowlevel.silence_rate_60dB.mean": 0.2177606225013733, "lowlevel.silence_rate_60dB.stdev": 0.4127246141433716, "lowlevel.spectral_centroid.mean": 872.361083984375, "lowlevel.spectral_centroid.stdev": 923.3577880859375, "lowlevel.spectral_complexity.mean": 7.601544380187988, "lowlevel.spectral_complexity.stdev": 6.576601028442383, "lowlevel.spectral_decrease.mean": -5.111530754220439e-09, "lowlevel.spectral_decrease.stdev": 6.776662786478482e-09, "lowlevel.spectral_energy.mean": 0.020641321316361427, "lowlevel.spectral_energy.stdev": 0.026458799839019775, "lowlevel.spectral_energyband_high.mean": 0.0006024266476742923, "lowlevel.spectral_energyband_high.stdev": 0.0013883650535717607, "lowlevel.spectral_energyband_low.mean": 0.005056834779679775, "lowlevel.spectral_energyband_low.stdev": 0.01793222688138485, "lowlevel.spectral_energyband_middle_high.mean": 0.0034935716539621353, "lowlevel.spectral_energyband_middle_high.stdev": 0.008133148774504662, "lowlevel.spectral_energyband_middle_low.mean": 0.012005734257400036, "lowlevel.spectral_energyband_middle_low.stdev": 0.014293788000941277, "lowlevel.spectral_entropy.mean": 6.889705657958984, "lowlevel.spectral_entropy.stdev": 0.8192028999328613, "lowlevel.spectral_flux.mean": 0.07453971356153488, "lowlevel.spectral_flux.stdev": 0.06760935485363007, "lowlevel.spectral_kurtosis.mean": 7.951589107513428, "lowlevel.spectral_kurtosis.stdev": 7.394555568695068, "lowlevel.spectral_rms.mean": 0.0037334656808525324, "lowlevel.spectral_rms.stdev": 0.002489803358912468, "lowlevel.spectral_rolloff.mean": 1433.847412109375, "lowlevel.spectral_rolloff.stdev": 2632.506591796875, "lowlevel.spectral_skewness.mean": 2.2018678188323975, "lowlevel.spectral_skewness.stdev": 0.944187581539154, "lowlevel.spectral_spread.mean": 5668432.5, "lowlevel.spectral_spread.stdev": 2809988.0, "lowlevel.spectral_strongpeak.mean": 1.0910781621932983, "lowlevel.spectral_strongpeak.stdev": 1.4053974151611328, "lowlevel.zerocrossingrate.mean": 0.06380686163902283, "lowlevel.zerocrossingrate.stdev": 0.07298062741756439, "metadata.audio_properties.analysis.equal_loudness": 0.0, "metadata.audio_properties.analysis.length": 30.03628158569336, "metadata.audio_properties.analysis.sample_rate": 44100.0, "metadata.audio_properties.analysis.start_time": 0.0, "metadata.audio_properties.bit_rate": 123927.0, "metadata.audio_properties.length": 30.03733253479004, "metadata.audio_properties.lossless": 0.0, "metadata.audio_properties.number_channels": 1.0, "metadata.audio_properties.replay_gain": -12.081258773803711, "metadata.audio_properties.sample_rate": 48000.0, "rhythm.beats_count": 72.0, "rhythm.beats_loudness.mean": 0.04047010838985443, "rhythm.beats_loudness.stdev": 0.020829113200306892, "rhythm.bpm": 145.0566864013672, "rhythm.bpm_histogram_first_peak_bpm": 144.0, "rhythm.bpm_histogram_first_peak_weight": 0.3661971688270569, "rhythm.bpm_histogram_second_peak_bpm": 0.0, "rhythm.bpm_histogram_second_peak_spread": 0.0, "rhythm.bpm_histogram_second_peak_weight": 0.0, "rhythm.danceability": 1.378808856010437, "rhythm.onset_rate": 4.757432460784912, "tonal.chords_changes_rate": 0.03395061567425728, "tonal.chords_number_rate": 0.007716049440205097, "tonal.chords_strength.mean": 0.635469913482666, "tonal.chords_strength.stdev": 0.08131854236125946, "tonal.hpcp_crest.mean": 15.910581588745117, "tonal.hpcp_crest.stdev": 8.457462310791016, "tonal.hpcp_entropy.mean": 1.7654656171798706, "tonal.hpcp_entropy.stdev": 0.8714929819107056, "tonal.key_edma.strength": 0.7301758527755737, "tonal.key_krumhansl.strength": 0.7282067537307739, "tonal.key_temperley.strength": 0.7175191044807434, "tonal.tuning_diatonic_strength": 0.6951394081115723, "tonal.tuning_equal_tempered_deviation": 0.11435443162918091, "tonal.tuning_frequency": 443.57257080078125, "tonal.tuning_nontempered_energy_ratio": 0.7922196984291077, "lowlevel.barkbands.mean": [9.295910786022432e-06, 0.0015129526145756245, 0.0031016080174595118, 0.0005455937352962792, 0.004493286833167076, 0.00419748667627573, 0.0007922660443000495, 0.001427926472388208, 0.00037143222289159894, 0.0003394876839593053, 0.0015215210150927305, 0.0005929060862399638, 0.00019501334463711828, 0.000238027932937257, 0.00018806019215844572, 0.00015853569493629038, 0.00012034231622237712, 0.00010340045992052183, 0.00010033031139755622, 7.518169877585024e-05, 5.4674004786647856e-05, 4.2248469981132075e-05, 6.345869041979313e-05, 9.319757373305038e-05, 0.00019979671924374998, 0.0001030589482979849, 2.4898449169086234e-07], "lowlevel.barkbands.stdev": [2.669483728823252e-05, 0.0057120006531476974, 0.011380931362509727, 0.0021309945732355118, 0.007627181243151426, 0.007563558407127857, 0.0011096796952188015, 0.003998574335128069, 0.0027542158495634794, 0.001224406179971993, 0.005049693863838911, 0.003293368499726057, 0.0011060981778427958, 0.0009601950878277421, 0.0005441581015475094, 0.000561698223464191, 0.00034052017144858837, 0.00026531299226917326, 0.00024453079095110297, 0.0002482131530996412, 0.00011938663374166936, 0.00011698230082402006, 0.00020842395315412432, 0.00032295752316713333, 0.0005896348739042878, 0.000253728503594175, 1.2310892998357303e-06], "lowlevel.erbbands.mean": [0.016647277399897575, 0.47153007984161377, 3.0790343284606934, 3.0629303455352783, 1.5378990173339844, 19.190183639526367, 32.58676528930664, 34.113624572753906, 19.818145751953125, 23.979921340942383, 17.591630935668945, 10.753538131713867, 10.238466262817383, 13.587787628173828, 73.38074493408203, 29.03818130493164, 10.321195602416992, 9.48234748840332, 11.944500923156738, 9.857340812683105, 7.7778143882751465, 6.399686336517334, 5.586585521697998, 7.241309642791748, 2.9269564151763916, 3.760472536087036, 2.6382381916046143, 1.9618531465530396, 1.6155251264572144, 1.4164626598358154, 1.8565139770507812, 1.4450879096984863, 1.9686964750289917, 2.187642812728882, 1.4384046792984009, 0.6651459336280823, 0.1434791535139084, 0.010483697056770325, 0.00023126229643821716, 3.754447243409231e-05], "lowlevel.erbbands.stdev": [0.06088635325431824, 1.7680022716522217, 11.385024070739746, 10.971349716186523, 3.470303773880005, 34.72781753540039, 49.6734619140625, 62.47359085083008, 26.997241973876953, 60.73061752319336, 56.65058135986328, 80.7968521118164, 36.70246124267578, 50.439659118652344, 239.13198852539062, 154.19955444335938, 51.06011962890625, 30.581146240234375, 39.968467712402344, 27.196521759033203, 26.57940101623535, 18.610795974731445, 14.392965316772461, 16.14044761657715, 6.213840007781982, 13.20430850982666, 6.627895355224609, 4.2978339195251465, 4.51698112487793, 4.3990559577941895, 6.2205119132995605, 4.564986705780029, 7.261995792388916, 7.499346733093262, 3.8053035736083984, 1.7650041580200195, 0.34265822172164917, 0.022088389843702316, 0.0004729502834379673, 4.622318738256581e-05], "lowlevel.gfcc.mean": [-95.0353012084961, 80.24656677246094, -85.83087921142578, 16.348554611206055, -65.99553680419922, -6.400528430938721, -64.6246109008789, 0.6157812476158142, -40.263526916503906, 12.81247615814209, -5.258964538574219, 13.188664436340332, -3.597203493118286], "lowlevel.melbands.mean": [0.0002807746932376176, 0.001254857168532908, 0.00046567959361709654, 0.0006135239382274449, 0.0012520276941359043, 0.0007843095809221268, 0.0002610736701171845, 0.00029642495792359114, 0.00012403508299030364, 5.980501737212762e-05, 4.8116158723132685e-05, 3.8754667912144214e-05, 0.00022114903549663723, 0.0001197159945149906, 3.7692840123781934e-05, 1.3692564607481472e-05, 1.9635674107121304e-05, 2.059478902083356e-05, 1.3744962416240014e-05, 1.3091781511320733e-05, 8.390794391743839e-06, 6.864107490400784e-06, 5.540057827602141e-06, 4.796131634066114e-06, 6.310446224233601e-06, 2.452111857564887e-06, 1.8659396801012917e-06, 2.6583377348288195e-06, 1.797930963221006e-06, 1.2991329185751965e-06, 1.0588328223093413e-06, 9.571988357492955e-07, 7.177886800491251e-07, 8.382542091567302e-07, 1.0428916539240163e-06, 1.0175435818382539e-06, 8.627522447568481e-07, 1.3137096175341867e-06, 1.5708995988461538e-06, 1.9586411781347124e-06], "lowlevel.melbands.stdev": [0.0010471720015630126, 0.004580087028443813, 0.0016391322715207934, 0.001137884915806353, 0.001809051027521491, 0.0014106795424595475, 0.00036232348065823317, 0.0007949381833896041, 0.0004278455744497478, 0.0004712509398814291, 0.00018122528854291886, 0.00019041923223994672, 0.0007239118567667902, 0.0004545140254776925, 0.00019709335174411535, 6.780841067666188e-05, 6.87933134031482e-05, 8.124623127514496e-05, 3.882119199261069e-05, 4.4194883230375126e-05, 2.8669637686107308e-05, 2.069078436761629e-05, 1.607781814527698e-05, 1.1700757568178233e-05, 1.4688115697936155e-05, 6.555884283443447e-06, 5.173005774850026e-06, 1.0038953405455686e-05, 5.0570010898809414e-06, 2.7692508410837036e-06, 2.5016936433530645e-06, 2.660363179529668e-06, 2.285244363520178e-06, 2.734601139309234e-06, 3.624832515924936e-06, 3.3976550639636116e-06, 2.8385613859427394e-06, 4.817964509129524e-06, 6.097980985941831e-06, 6.528465746669099e-06], "lowlevel.melbands128.mean": [6.630375992244808e-06, 5.2988656534580514e-05, 0.0002996738476213068, 0.000884039793163538, 0.0015435731038451195, 0.0014723516069352627, 0.0006791316554881632, 0.00017865790869109333, 6.587331154150888e-05, 0.00023198669077828526, 0.0011950548505410552, 0.0018090640660375357, 0.0009890401270240545, 0.0010181734105572104, 0.0007991488673724234, 0.0007082860684022307, 0.000548694224562496, 6.970532558625564e-05, 5.0152124458691105e-05, 0.00028286714223213494, 0.0004859848413616419, 0.00016224896535277367, 7.092191663105041e-05, 6.63010505377315e-05, 9.930169471772388e-05, 2.8365824618958868e-05, 3.8382386264856905e-05, 7.464974623871967e-05, 2.492335443093907e-05, 4.250289930496365e-05, 3.4191129088867456e-05, 4.972685928805731e-05, 0.0002529218327254057, 0.00039354374166578054, 7.282797014340758e-05, 9.498414146946743e-05, 7.263696170412004e-05, 1.5133026863622945e-05, 4.003147842013277e-05, 1.7884844055515714e-05, 6.918258350196993e-06, 6.505232249764958e-06, 1.591277396073565e-05, 2.871148899430409e-05, 2.854838930943515e-05, 1.3823244444211014e-05, 1.9817323845927604e-05, 1.4266847756516654e-05, 1.012101347441785e-05, 1.4448894035012927e-05, 1.5211289792205207e-05, 1.0248268154100515e-05, 6.612461675103987e-06, 9.005691936181393e-06, 8.968234396888874e-06, 5.9065168898086995e-06, 5.780212177342037e-06, 6.350625426421175e-06, 5.1123743105563335e-06, 4.638186055672122e-06, 4.572236321109813e-06, 4.346808054833673e-06, 7.797569196554832e-06, 7.049273335724138e-06, 4.041854936076561e-06, 2.1246403321129037e-06, 1.592128455740749e-06, 1.3771031035503256e-06, 1.8378652839601273e-06, 2.680793613762944e-06, 2.666408818186028e-06, 3.0073342713876627e-06, 1.9529184100974817e-06, 1.7083895045288955e-06, 1.30019657262892e-06, 1.271711994377256e-06, 1.4006292303747614e-06, 1.1060997167078312e-06, 1.0201974873780273e-06, 9.453517577640014e-07, 1.0440520554766408e-06, 9.399262239639938e-07, 8.194814995476918e-07, 6.966418482079462e-07, 6.17653199697088e-07, 7.32389196400618e-07, 9.253762982552871e-07, 1.0172908559979987e-06, 9.025446843224927e-07, 1.2130753930250648e-06, 1.294893763770233e-06, 9.215797263095737e-07, 6.204617761795816e-07, 7.443069307555561e-07, 1.0243293218081817e-06, 1.35372965814895e-06, 1.229496319865575e-06, 1.5387417988677043e-06, 1.4223710422811564e-06, 1.6847623101057252e-06, 1.9588399027270498e-06, 2.137634055543458e-06, 1.7240267879969906e-06, 1.894316369543958e-06, 1.4125538427833817e-06, 1.7344286789011676e-06, 1.354850269308372e-06, 1.5017931218608283e-06, 1.36301866859867e-06, 7.605128189425159e-07, 5.681163770532294e-07, 6.005342925163859e-07, 4.126348187583062e-07, 2.991600354107504e-07, 2.420342752884608e-07, 5.8764140220546324e-08, 1.0884980916614495e-08, 1.0762716412537898e-10, 4.390986272501118e-12, 4.058392510941644e-12, 3.9566440401817005e-12, 2.8245090728101774e-12, 2.690476313960133e-12, 2.634511532539907e-12, 2.56482292002036e-12, 2.4786219084138583e-12, 2.42695707280971e-12, 2.4082927492508066e-12], "lowlevel.melbands128.stdev": [2.1016654500272125e-05, 0.00021076986740808934, 0.0011650166707113385, 0.0033990417141467333, 0.005816094111651182, 0.005347257945686579, 0.002469441154971719, 0.0007133546168915927, 0.00020283053163439035, 0.0007653439533896744, 0.0023629125207662582, 0.0031988283153623343, 0.0018616080051288009, 0.0028350013308227062, 0.0018899000715464354, 0.000960620935074985, 0.0008252742700278759, 0.00019860573229379952, 0.00017473206389695406, 0.000735955371055752, 0.0014793712180107832, 0.0006422353326343, 0.0005231189425103366, 0.0005048760212957859, 0.0009217681363224983, 0.00032387039391323924, 0.00014783404185436666, 0.00032943880069069564, 0.000126118931802921, 0.00027131414390169084, 0.0002763167140074074, 0.0003257916250731796, 0.0009360479889437556, 0.001481942250393331, 0.00041613716166466475, 0.0006812261999584734, 0.0006211168947629631, 7.771028322167695e-05, 0.0003001713193953037, 0.00011933357018278912, 4.0232855099020526e-05, 2.803811730700545e-05, 5.910740219405852e-05, 0.00013174799096304923, 0.00019262652494944632, 6.679353828076273e-05, 7.304085738724098e-05, 5.7547589676687494e-05, 3.626769466791302e-05, 4.930665818392299e-05, 5.7927551097236574e-05, 5.223513289820403e-05, 3.125617149635218e-05, 2.999493881361559e-05, 3.1139468774199486e-05, 2.2050589905120432e-05, 2.1565841962001286e-05, 1.885188430605922e-05, 1.9163913748343475e-05, 1.3573702744906768e-05, 1.3299391866894439e-05, 1.256655559700448e-05, 1.7536063751322217e-05, 2.368903369642794e-05, 1.9057028112001717e-05, 5.36861125510768e-06, 4.717596311820671e-06, 3.4993613553524483e-06, 5.5894556680868845e-06, 1.1322601494612172e-05, 1.2092364158888813e-05, 1.3062903235550039e-05, 6.095646767789731e-06, 5.146977855474688e-06, 3.395110752535402e-06, 3.015209358636639e-06, 3.1231400043907342e-06, 2.5693666430015583e-06, 2.875169229810126e-06, 2.717795496209874e-06, 2.916977337008575e-06, 2.948513383671525e-06, 3.2408343031420372e-06, 2.3833479190216167e-06, 1.8374643104834831e-06, 2.442429149596137e-06, 3.162555458402494e-06, 3.961380571126938e-06, 3.4648116979951737e-06, 4.355119017418474e-06, 4.702957539848285e-06, 3.1471945476369e-06, 2.350360773561988e-06, 2.831359324773075e-06, 3.6911603729095077e-06, 4.981863185093971e-06, 4.8349056669394486e-06, 7.424033810821129e-06, 5.83946939514135e-06, 7.189447387645487e-06, 8.91040781425545e-06, 6.853203558421228e-06, 5.390250862546964e-06, 5.655976565321907e-06, 3.925325472664554e-06, 4.8197380237979814e-06, 3.906710389856016e-06, 4.1730950215423945e-06, 4.276422714610817e-06, 2.2206741050467826e-06, 1.7534232483740197e-06, 1.698537062111427e-06, 1.0673204542399617e-06, 7.619925668223004e-07, 5.399338078859728e-07, 1.5594257263273903e-07, 4.1852054266655614e-08, 7.176718663792769e-10, 3.8480489628067716e-11, 3.397330680665611e-11, 3.5170599071987496e-11, 5.7584063385685e-12, 5.3501617199025464e-12, 5.2461151742178025e-12, 5.161129336406223e-12, 5.094617869932927e-12, 5.0458925232588214e-12, 5.0161962257544435e-12], "lowlevel.mfcc.mean": [-755.3995361328125, 125.60272979736328, 21.450895309448242, 21.62862777709961, 10.86534309387207, -10.380578994750977, -6.177633762359619, -22.223114013671875, -17.382434844970703, -22.700035095214844, -8.898707389831543, 1.2945488691329956, 4.027434825897217], "lowlevel.spectral_contrast_coeffs.mean": [-0.5987274050712585, -0.6148768067359924, -0.7622732520103455, -0.8110886812210083, -0.810573935508728, -0.7713037729263306], "lowlevel.spectral_contrast_coeffs.stdev": [0.10707180202007294, 0.09131111204624176, 0.09001923352479935, 0.05999918282032013, 0.04929066076874733, 0.05745928734540939], "lowlevel.spectral_contrast_valleys.mean": [-7.925555229187012, -8.146602630615234, -8.832117080688477, -8.906622886657715, -8.763474464416504, -11.336584091186523], "lowlevel.spectral_contrast_valleys.stdev": [1.0482807159423828, 1.0466641187667847, 1.1089740991592407, 1.1894118785858154, 1.206423044204712, 1.371732473373413], "rhythm.beats_loudness_band_ratio.mean": [0.13618341088294983, 0.5226513147354126, 0.18003767728805542, 0.12979954481124878, 0.0826367437839508, 0.03664109855890274], "rhythm.beats_loudness_band_ratio.stdev": [0.18206925690174103, 0.18955548107624054, 0.11227353662252426, 0.17539562284946442, 0.08874773979187012, 0.038848042488098145], "tonal.hpcp.mean": [0.0590902715921402, 0.06529734283685684, 0.09237349778413773, 0.11235272139310837, 0.08793941885232925, 0.06805264204740524, 0.06616823375225067, 0.11757975816726685, 0.2932693660259247, 0.28784090280532837, 0.11327164620161057, 0.04294480010867119, 0.027486559003591537, 0.03834472596645355, 0.16668368875980377, 0.1730331927537918, 0.042764727026224136, 0.017595695331692696, 0.01181130763143301, 0.023389026522636414, 0.16548937559127808, 0.23654459416866302, 0.10910259187221527, 0.10226979851722717, 0.10940594971179962, 0.035565584897994995, 0.013122941367328167, 0.011580510064959526, 0.03140432760119438, 0.3478633761405945, 0.3865075707435608, 0.07601840049028397, 0.020771726965904236, 0.015178150497376919, 0.021126391366124153, 0.04633844271302223], "tonal.hpcp.stdev": [0.16672956943511963, 0.18445533514022827, 0.23062501847743988, 0.26195746660232544, 0.22120748460292816, 0.17913107573986053, 0.1721963882446289, 0.2176133543252945, 0.35867059230804443, 0.34898841381073, 0.22820287942886353, 0.14312240481376648, 0.11680413782596588, 0.12348844110965729, 0.2985268235206604, 0.3086194097995758, 0.116146981716156, 0.08483593910932541, 0.05069613456726074, 0.08938820660114288, 0.2497631311416626, 0.33868348598480225, 0.17553122341632843, 0.23197507858276367, 0.24941009283065796, 0.09984306991100311, 0.06522763520479202, 0.05083302780985832, 0.08730959892272949, 0.36809468269348145, 0.4009160101413727, 0.1347719132900238, 0.08810928463935852, 0.06208597123622894, 0.09939559549093246, 0.14266622066497803], "rhythm.beats_position": [0.39473921060562134, 0.8010883927345276, 1.2074376344680786, 1.6253968477249146, 2.043355941772461, 2.461315155029297, 2.879274368286133, 3.285623550415039, 3.6919727325439453, 4.098321914672852, 4.5162811279296875, 4.922630310058594, 5.34058952331543, 5.758548736572266, 6.176507949829102, 6.5944671630859375, 7.012426376342773, 7.41877555847168, 7.825124740600586, 8.243083953857422, 8.661043167114258, 9.079002380371094, 9.49696159362793, 9.903310775756836, 10.309659957885742, 10.727619171142578, 11.145578384399414, 11.56353759765625, 11.981496810913086, 12.387845993041992, 12.794195175170898, 13.212154388427734, 13.63011360168457, 14.036462783813477, 14.454421043395996, 14.860771179199219, 15.278729438781738, 15.696688652038574, 16.114648818969727, 16.532608032226562, 16.9505672454834, 17.356916427612305, 17.76326560974121, 18.181224822998047, 18.599184036254883, 19.01714324951172, 19.423492431640625, 19.82984161376953, 20.247800827026367, 20.665760040283203, 21.08371925354004, 21.490068435668945, 21.89641761779785, 22.314376831054688, 22.732336044311523, 23.15029525756836, 23.556644439697266, 23.962993621826172, 24.380952835083008, 24.798912048339844, 25.216869354248047, 25.634828567504883, 26.05278778076172, 26.459136962890625, 26.86548614501953, 27.283445358276367, 27.701404571533203, 28.11936378479004, 28.525712966918945, 28.93206214904785, 29.350021362304688, 29.767980575561523], "rhythm.bpm_histogram": [0.0, 0.0, 0.0, 0.0, 0.0, 0.0, 0.0, 0.0, 0.0, 0.0, 0.0, 0.0, 0.0, 0.0, 0.0, 0.0, 0.0, 0.0, 0.0, 0.0, 0.0, 0.0, 0.0, 0.0, 0.0, 0.0, 0.0, 0.0, 0.0, 0.0, 0.0, 0.0, 0.0, 0.0, 0.0, 0.0, 0.0, 0.0, 0.0, 0.0, 0.0, 0.0, 0.0, 0.0, 0.0, 0.0, 0.0, 0.0, 0.0, 0.0, 0.0, 0.0, 0.0, 0.0, 0.0, 0.0, 0.0, 0.0, 0.0, 0.0, 0.0, 0.0, 0.0, 0.0, 0.0, 0.0, 0.0, 0.0, 0.0, 0.0, 0.0, 0.0, 0.0, 0.0, 0.0, 0.0, 0.0, 0.0, 0.0, 0.0, 0.0, 0.0, 0.0, 0.0, 0.0, 0.0, 0.0, 0.0, 0.0, 0.0, 0.0, 0.0, 0.0, 0.0, 0.0, 0.0, 0.0, 0.0, 0.0, 0.0, 0.0, 0.0, 0.0, 0.0, 0.0, 0.0, 0.0, 0.0, 0.0, 0.0, 0.0, 0.0, 0.0, 0.0, 0.0, 0.0, 0.0, 0.0, 0.0, 0.0, 0.0, 0.0, 0.0, 0.0, 0.0, 0.0, 0.0, 0.0, 0.0, 0.0, 0.0, 0.0, 0.0, 0.0, 0.0, 0.0, 0.0, 0.0, 0.0, 0.0, 0.0, 0.0, 0.0, 0.0, 0.6338028311729431, 0.0, 0.0, 0.0, 0.3661971688270569, 0.0, 0.0, 0.0, 0.0, 0.0, 0.0, 0.0, 0.0, 0.0, 0.0, 0.0, 0.0, 0.0, 0.0, 0.0, 0.0, 0.0, 0.0, 0.0, 0.0, 0.0, 0.0, 0.0, 0.0, 0.0, 0.0, 0.0, 0.0, 0.0, 0.0, 0.0, 0.0, 0.0, 0.0, 0.0, 0.0, 0.0, 0.0, 0.0, 0.0, 0.0, 0.0, 0.0, 0.0, 0.0, 0.0, 0.0, 0.0, 0.0, 0.0, 0.0, 0.0, 0.0, 0.0, 0.0, 0.0, 0.0, 0.0, 0.0, 0.0, 0.0, 0.0, 0.0, 0.0, 0.0, 0.0, 0.0, 0.0, 0.0, 0.0, 0.0, 0.0, 0.0, 0.0, 0.0, 0.0, 0.0, 0.0, 0.0, 0.0, 0.0, 0.0, 0.0, 0.0, 0.0, 0.0, 0.0, 0.0, 0.0, 0.0, 0.0, 0.0, 0.0, 0.0, 0.0, 0.0, 0.0, 0.0, 0.0, 0.0, 0.0], "tonal.chords_histogram": [57.561729431152344, 0.3086419701576233, 22.530864715576172, 0.0, 0.0, 0.0, 0.0, 0.0, 0.0, 0.0, 0.0, 0.0, 0.0, 0.0, 0.0, 0.0, 0.0, 0.0, 0.0, 0.0, 0.0, 7.407407283782959, 9.722222328186035, 2.4691357612609863], "tonal.thpcp": [1.0, 0.1966802328824997, 0.053742095828056335, 0.03926999494433403, 0.054659709334373474, 0.11989013105630875, 0.15288257598876953, 0.1689419448375702, 0.23899531364440918, 0.2906869947910309, 0.22752314805984497, 0.1760706603527069, 0.17119517922401428, 0.30421075224876404, 0.7587674260139465, 0.7447225451469421, 0.29306450486183167, 0.11110985279083252, 0.07111518830060959, 0.09920821338891983, 0.43125593662261963, 0.44768384099006653, 0.11064396053552628, 0.04552483931183815, 0.030559059232473373, 0.06051376089453697, 0.4281659424304962, 0.6120050549507141, 0.28227803111076355, 0.2645997405052185, 0.2830628752708435, 0.09201782196760178, 0.033952612429857254, 0.029961923137307167, 0.08125151693820953, 0.9000169634819031], "lowlevel.gfcc.cov": [[11154.1689453125, -2693.69921875, -333.78839111328125, -899.8992309570312, 118.09217071533203, -12.465776443481445, -163.8487548828125, 1007.80615234375, -1147.9581298828125, 384.8869934082031, -1004.7957763671875, 16.4548282623291, -216.173828125], [-2693.69921875, 2981.336669921875, -305.6736755371094, -207.5554656982422, 388.6357727050781, -125.44929504394531, 295.3559265136719, -354.6946716308594, 379.2045593261719, -141.05015563964844, 426.3993835449219, -161.39840698242188, 223.7967987060547], [-333.78839111328125, -305.6736755371094, 1187.213134765625, 639.1610107421875, 69.46355438232422, 223.63821411132812, 47.13528060913086, 85.59943389892578, 98.049560546875, -3.0155394077301025, -20.32061767578125, 12.597046852111816, -166.92068481445312], [-899.8992309570312, -207.5554656982422, 639.1610107421875, 1274.947509765625, 184.51718139648438, 281.37408447265625, 119.86410522460938, -107.9443588256836, 403.59832763671875, -101.96330261230469, 90.76422119140625, 49.39763641357422, -156.5520782470703], [118.09217071533203, 388.6357727050781, 69.46355438232422, 184.51718139648438, 406.9688415527344, 175.53756713867188, 145.6826629638672, 51.21445083618164, 59.46397018432617, 18.40369987487793, -44.846683502197266, -27.623897552490234, -17.12450408935547], [-12.465776443481445, -125.44929504394531, 223.63821411132812, 281.37408447265625, 175.53756713867188, 460.2392272949219, 194.7230987548828, -23.61996078491211, 121.42583465576172, 12.33572769165039, -54.564208984375, -1.0474458932876587, -65.29029083251953], [-163.8487548828125, 295.3559265136719, 47.13528060913086, 119.86410522460938, 145.6826629638672, 194.7230987548828, 320.5515441894531, 37.509429931640625, 29.102081298828125, -5.089992046356201, 18.50222396850586, -34.65314865112305, -8.960331916809082], [1007.80615234375, -354.6946716308594, 85.59943389892578, -107.9443588256836, 51.21445083618164, -23.61996078491211, 37.509429931640625, 339.4105224609375, -176.55101013183594, 64.26265716552734, -145.1419677734375, -27.479299545288086, -24.544757843017578], [-1147.9581298828125, 379.2045593261719, 98.049560546875, 403.59832763671875, 59.46397018432617, 121.42583465576172, 29.102081298828125, -176.55101013183594, 398.96929931640625, -35.855857849121094, 140.79408264160156, 29.6411075592041, 1.6955000162124634], [384.8869934082031, -141.05015563964844, -3.0155394077301025, -101.96330261230469, 18.40369987487793, 12.33572769165039, -5.089992046356201, 64.26265716552734, -35.855857849121094, 134.22198486328125, -32.20703887939453, 12.635401725769043, -0.8325802087783813], [-1004.7957763671875, 426.3993835449219, -20.32061767578125, 90.76422119140625, -44.846683502197266, -54.564208984375, 18.50222396850586, -145.1419677734375, 140.79408264160156, -32.20703887939453, 241.63648986816406, 38.045413970947266, 54.577491760253906], [16.4548282623291, -161.39840698242188, 12.597046852111816, 49.39763641357422, -27.623897552490234, -1.0474458932876587, -34.65314865112305, -27.479299545288086, 29.6411075592041, 12.635401725769043, 38.045413970947266, 131.77406311035156, 17.029502868652344], [-216.173828125, 223.7967987060547, -166.92068481445312, -156.5520782470703, -17.12450408935547, -65.29029083251953, -8.960331916809082, -24.544757843017578, 1.6955000162124634, -0.8325802087783813, 54.577491760253906, 17.029502868652344, 129.41842651367188]], "lowlevel.gfcc.icov": [[0.00020395315368659794, 5.162691195437219e-06, 0.0001264500751858577, -6.769529863959178e-05, -3.4086904634023085e-05, -6.927860522409901e-05, 0.00010622956324368715, -0.0002374223986407742, 0.0003660258953459561, -0.00026862919912673533, 0.0004532992315944284, -0.00024458795087412, 0.0001703133893897757], [5.162691195437219e-06, 0.0019688059110194445, -0.0005889625172130764, 0.0016263568541035056, -0.0026914349291473627, 0.001900120172649622, -0.001890365849249065, 0.0013394788838922977, -0.002144475933164358, 0.0015242038061842322, -0.0019090905552729964, 0.002093601506203413, -0.0008951025083661079], [0.0001264500751858577, -0.0005889625172130764, 0.0016839188756421208, -0.0012275469489395618, 0.0009780683321878314, -0.0012200394412502646, 0.0010816178983077407, -0.0012123126070946455, 0.0012414343655109406, -0.0008158362470567226, 0.00025403813924640417, -0.0006445423350669444, 0.0012316970387473702], [-6.769529863959178e-05, 0.0016263568541035056, -0.0012275469489395618, 0.003519778372719884, -0.0027410630136728287, 0.001612314605154097, -0.0019099062774330378, 0.000996235990896821, -0.0036820503883063793, 0.0027247306425124407, -0.0018319234950467944, 0.0009119436144828796, 0.0009747426374815404], [-3.4086904634023085e-05, -0.0026914349291473627, 0.0009780683321878314, -0.0027410630136728287, 0.007181467954069376, -0.0032378940377384424, 0.0016125004040077329, -0.0022279939148575068, 0.0025786953046917915, -0.0026657646521925926, 0.0032597281970083714, -0.002238625194877386, 0.0004177827213425189], [-6.927860522409901e-05, 0.001900120172649622, -0.0012200394412502646, 0.001612314605154097, -0.0032378940377384424, 0.006587369367480278, -0.004662489518523216, 0.0028477872256189585, -0.00349270086735487, 0.0007983630057424307, 0.000627538189291954, 0.00115336780436337, -0.00027812932967208326], [0.00010622956324368715, -0.001890365849249065, 0.0010816178983077407, -0.0019099062774330378, 0.0016125004040077329, -0.004662489518523216, 0.007595804054290056, -0.0029541528783738613, 0.0032478568609803915, -0.0010281539289280772, -0.0006076268618926406, -0.0005729229305870831, 0.00064034917159006], [-0.0002374223986407742, 0.0013394788838922977, -0.0012123126070946455, 0.000996235990896821, -0.0022279939148575068, 0.0028477872256189585, -0.0029541528783738613, 0.006861315108835697, -0.000481150986161083, -0.000586249865591526, 0.0010220652911812067, 0.0016831944230943918, -0.0014827267732471228], [0.0003660258953459561, -0.002144475933164358, 0.0012414343655109406, -0.0036820503883063793, 0.0025786953046917915, -0.00349270086735487, 0.0032478568609803915, -0.000481150986161083, 0.008886398747563362, -0.0030201072804629803, 0.0006830701604485512, -0.002053994219750166, 2.6031470042653382e-05], [-0.00026862919912673533, 0.0015242038061842322, -0.0008158362470567226, 0.0027247306425124407, -0.0026657646521925926, 0.0007983630057424307, -0.0010281539289280772, -0.000586249865591526, -0.0030201072804629803, 0.011016302742064, -0.002322761109098792, 0.00029542797710746527, 7.808223745087162e-05], [0.0004532992315944284, -0.0019090905552729964, 0.00025403813924640417, -0.0018319234950467944, 0.0032597281970083714, 0.000627538189291954, -0.0006076268618926406, 0.0010220652911812067, 0.0006830701604485512, -0.002322761109098792, 0.011762578040361404, -0.004140743054449558, -0.0013696771347895265], [-0.00024458795087412, 0.002093601506203413, -0.0006445423350669444, 0.0009119436144828796, -0.002238625194877386, 0.00115336780436337, -0.0005729229305870831, 0.0016831944230943918, -0.002053994219750166, 0.00029542797710746527, -0.004140743054449558, 0.011654016561806202, -0.0029503481928259134], [0.0001703133893897757, -0.0008951025083661079, 0.0012316970387473702, 0.0009747426374815404, 0.0004177827213425189, -0.00027812932967208326, 0.00064034917159006, -0.0014827267732471228, 2.6031470042653382e-05, 7.808223745087162e-05, -0.0013696771347895265, -0.0029503481928259134, 0.012971021234989166]], "lowlevel.mfcc.cov": [[10325.3203125, -1622.7484130859375, -1092.0428466796875, -472.59515380859375, -198.60775756835938, -741.9889526367188, 531.8401489257812, -198.7503204345703, 489.0119323730469, 93.98432922363281, -54.63758087158203, -353.5255432128906, -262.7290344238281], [-1622.7484130859375, 2753.59912109375, -668.8480834960938, -205.0492706298828, -65.4390640258789, -73.26351928710938, 138.6241455078125, -204.32070922851562, 26.349853515625, -132.37612915039062, 105.98599243164062, 68.5199203491211, -66.7707290649414], [-1092.0428466796875, -668.8480834960938, 1278.7398681640625, 419.7117919921875, 242.7896728515625, 329.4742431640625, -77.45062255859375, 263.8255310058594, -69.21076965332031, 128.4013214111328, 29.50536346435547, 85.80876159667969, 91.75370025634766], [-472.59515380859375, -205.0492706298828, 419.7117919921875, 662.9461669921875, 252.38856506347656, 209.26217651367188, -26.406021118164062, 214.9048309326172, -21.01116371154785, 108.89754486083984, 34.587196350097656, 72.8154525756836, 46.44942855834961], [-198.60775756835938, -65.4390640258789, 242.7896728515625, 252.38856506347656, 369.3688049316406, 205.75621032714844, -46.66291427612305, 114.4910888671875, 48.1594123840332, 69.02278900146484, 31.1168212890625, 47.38815689086914, 28.402406692504883], [-741.9889526367188, -73.26351928710938, 329.4742431640625, 209.26217651367188, 205.75621032714844, 704.7455444335938, -55.495628356933594, 265.2396240234375, 6.975818157196045, 151.0851593017578, 50.06325149536133, 43.26833724975586, 101.2769546508789], [531.8401489257812, 138.6241455078125, -77.45062255859375, -26.406021118164062, -46.66291427612305, -55.495628356933594, 388.45550537109375, 32.804237365722656, 132.391357421875, 54.723445892333984, 49.41836166381836, -35.66969680786133, -58.21154022216797], [-198.7503204345703, -204.32070922851562, 263.8255310058594, 214.9048309326172, 114.4910888671875, 265.2396240234375, 32.804237365722656, 301.9526062011719, 51.7496452331543, 100.92123413085938, 24.075271606445312, 27.41704750061035, 50.49729919433594], [489.0119323730469, 26.349853515625, -69.21076965332031, -21.01116371154785, 48.1594123840332, 6.975818157196045, 132.391357421875, 51.7496452331543, 243.10440063476562, 72.31439971923828, 36.50294876098633, -25.53989028930664, -15.967413902282715], [93.98432922363281, -132.37612915039062, 128.4013214111328, 108.89754486083984, 69.02278900146484, 151.0851593017578, 54.723445892333984, 100.92123413085938, 72.31439971923828, 174.65341186523438, 52.78303527832031, 9.022514343261719, -3.942887783050537], [-54.63758087158203, 105.98599243164062, 29.50536346435547, 34.587196350097656, 31.1168212890625, 50.06325149536133, 49.41836166381836, 24.075271606445312, 36.50294876098633, 52.78303527832031, 108.22417449951172, 24.132274627685547, -1.4427746534347534], [-353.5255432128906, 68.5199203491211, 85.80876159667969, 72.8154525756836, 47.38815689086914, 43.26833724975586, -35.66969680786133, 27.41704750061035, -25.53989028930664, 9.022514343261719, 24.132274627685547, 114.11040496826172, 31.281530380249023], [-262.7290344238281, -66.7707290649414, 91.75370025634766, 46.44942855834961, 28.402406692504883, 101.2769546508789, -58.21154022216797, 50.49729919433594, -15.967413902282715, -3.942887783050537, -1.4427746534347534, 31.281530380249023, 130.00250244140625]], "lowlevel.mfcc.icov": [[0.0001714420213829726, 0.0001510408619651571, 0.00017212114471476525, 3.0065873943385668e-05, -9.484249312663451e-05, 0.0001110072189476341, -0.00014960930275265127, 2.4572174879722297e-05, -0.00016470279661007226, -8.108494512271136e-05, -2.5114148229476996e-05, 0.0001890919666038826, 8.106897439574823e-05], [0.0001510408619651571, 0.0006447602063417435, 0.0004014580918010324, -8.376365258300211e-06, -0.00011334423470543697, -0.00015107120270840824, -0.0003352751082275063, 0.00029243718017823994, -0.0001921509683597833, 0.0005065076984465122, -0.0005761211505159736, -0.0003297990479040891, 0.00029951121541671455], [0.00017212114471476525, 0.0004014580918010324, 0.0014680076856166124, -0.0002824139955919236, -0.0004465455131139606, -7.761247616144828e-06, -0.00022959255147725344, -0.00040695551433600485, 0.0003920300514437258, -0.0002840746601577848, -0.00023504547425545752, -0.00022097333567216992, -0.00013217577361501753], [3.0065873943385668e-05, -8.376365258300211e-06, -0.0002824139955919236, 0.0027943358290940523, -0.0014672190882265568, 0.0005199672887101769, -0.00015331180475186557, -0.0013928046682849526, 0.0009883485035970807, -0.0009647622937336564, 6.968753041292075e-08, -0.0004327526257839054, -0.0001585200516274199], [-9.484249312663451e-05, -0.00011334423470543697, -0.0004465455131139606, -0.0014672190882265568, 0.004703547339886427, -0.001063654781319201, 0.0009071434033103287, 0.0004446629900485277, -0.0017302711494266987, 0.0005673966370522976, -0.0002055479708360508, -0.0008913346682675183, 0.0006408823537640274], [0.0001110072189476341, -0.00015107120270840824, -7.761247616144828e-06, 0.0005199672887101769, -0.001063654781319201, 0.00304319616407156, 0.00029521840042434633, -0.0019844549242407084, 0.0008374764584004879, -0.0019917571917176247, -0.00025250768521800637, 0.0007503535016439855, -0.0014098219107836485], [-0.00014960930275265127, -0.0003352751082275063, -0.00022959255147725344, -0.00015331180475186557, 0.0009071434033103287, 0.00029521840042434633, 0.003985729068517685, -0.0008211451349779963, -0.0015266828704625368, -0.00033675204031169415, -0.0011085018049925566, 0.0005900246906094253, 0.0010657483944669366], [2.4572174879722297e-05, 0.00029243718017823994, -0.00040695551433600485, -0.0013928046682849526, 0.0004446629900485277, -0.0019844549242407084, -0.0008211451349779963, 0.007074600085616112, -0.0014680027961730957, -0.0005153566016815603, 0.0007285786559805274, -0.0005318392650224268, -0.0007420304464176297], [-0.00016470279661007226, -0.0001921509683597833, 0.0003920300514437258, 0.0009883485035970807, -0.0017302711494266987, 0.0008374764584004879, -0.0015266828704625368, -0.0014680027961730957, 0.007005234714597464, -0.002473078202456236, -0.0005989358178339899, 0.0011027443688362837, -0.0009357476374134421], [-8.108494512271136e-05, 0.0005065076984465122, -0.0002840746601577848, -0.0009647622937336564, 0.0005673966370522976, -0.0019917571917176247, -0.00033675204031169415, -0.0005153566016815603, -0.002473078202456236, 0.01103287748992443, -0.003535563126206398, -0.0004759778385050595, 0.002224726602435112], [-2.5114148229476996e-05, -0.0005761211505159736, -0.00023504547425545752, 6.968753041292075e-08, -0.0002055479708360508, -0.00025250768521800637, -0.0011085018049925566, 0.0007285786559805274, -0.0005989358178339899, -0.003535563126206398, 0.012838717550039291, -0.0024172395933419466, -0.0001751983945723623], [0.0001890919666038826, -0.0003297990479040891, -0.00022097333567216992, -0.0004327526257839054, -0.0008913346682675183, 0.0007503535016439855, 0.0005900246906094253, -0.0005318392650224268, 0.0011027443688362837, -0.0004759778385050595, -0.0024172395933419466, 0.011767889373004436, -0.0021331387106329203], [8.106897439574823e-05, 0.00029951121541671455, -0.00013217577361501753, -0.0001585200516274199, 0.0006408823537640274, -0.0014098219107836485, 0.0010657483944669366, -0.0007420304464176297, -0.0009357476374134421, 0.002224726602435112, -0.0001751983945723623, -0.0021331387106329203, 0.010347364470362663]], "metadata.audio_properties.analysis.downmix": "mix", "metadata.audio_properties.codec": "mp3", "metadata.audio_properties.md5_encoded": "013f8be18372867dc33b46d8fc2d43ca", "metadata.tags.file_name": "1182258443336294410.mp3", "metadata.version.essentia": "2.1-beta6-dev", "metadata.version.essentia_git_sha": "v2.1_beta5-1110-g77a6a954", "metadata