{"song_id": "1182272048962224190", "download": "https://cdn.discordapp.com/attachments/1135911532732108921/1182272048962224190/chirp.mp4?ex=658417a6&amp", "lyrics": "En el Centro Comercial Santa Gloria, la vida se despierta,\nloa esquina Libertad, la obligaci\u00f3n se convierte en fiesta.\nNuevo horizonte en cada rinc\u00f3n de Arica,\nDonde la tradici\u00f3n y la modernidad bailan con destreza.\n\nEntre momias y secretos \nArica, joya del norte, en cada atardecer.\nLas olas acarician la pasi\u00f3n por surfear,\nEn este rinc\u00f3n de mar y desierto, placer sin entender.\n\nSanta Gloria, testigo de momentos especiales,\nGuardiana de historias, entre risas y colores reales.", "style": ["electr\u00f3nica andina trap"], "essentia_features": {"lowlevel.average_loudness": 0.987999439239502, "lowlevel.barkbands_crest.mean": 16.543167114257812, "lowlevel.barkbands_crest.stdev": 4.693535804748535, "lowlevel.barkbands_flatness_db.mean": 0.23242463171482086, "lowlevel.barkbands_flatness_db.stdev": 0.06791539490222931, "lowlevel.barkbands_kurtosis.mean": 23.071592330932617, "lowlevel.barkbands_kurtosis.stdev": 26.232332229614258, "lowlevel.barkbands_skewness.mean": 3.751694440841675, "lowlevel.barkbands_skewness.stdev": 1.936801552772522, "lowlevel.barkbands_spread.mean": 13.89497184753418, "lowlevel.barkbands_spread.stdev": 11.002608299255371, "lowlevel.dissonance.mean": 0.4362950325012207, "lowlevel.dissonance.stdev": 0.03816819190979004, "lowlevel.dynamic_complexity": 1.5665053129196167, "lowlevel.erbbands_crest.mean": 11.979482650756836, "lowlevel.erbbands_crest.stdev": 5.1328864097595215, "lowlevel.erbbands_flatness_db.mean": 0.1462697982788086, "lowlevel.erbbands_flatness_db.stdev": 0.03389902785420418, "lowlevel.erbbands_kurtosis.mean": 1.9206795692443848, "lowlevel.erbbands_kurtosis.stdev": 4.1709771156311035, "lowlevel.erbbands_skewness.mean": 0.8949083685874939, "lowlevel.erbbands_skewness.stdev": 1.149003028869629, "lowlevel.erbbands_spread.mean": 55.216922760009766, "lowlevel.erbbands_spread.stdev": 27.905029296875, "lowlevel.hfc.mean": 26.728742599487305, "lowlevel.hfc.stdev": 18.33485221862793, "lowlevel.loudness_ebu128.integrated": -12.275544166564941, "lowlevel.loudness_ebu128.loudness_range": 0.4042987823486328, "lowlevel.loudness_ebu128.momentary.mean": -12.298956871032715, "lowlevel.loudness_ebu128.momentary.stdev": 0.4521719217300415, "lowlevel.loudness_ebu128.short_term.mean": -12.263696670532227, "lowlevel.loudness_ebu128.short_term.stdev": 0.13986574113368988, "lowlevel.melbands_crest.mean": 28.036052703857422, "lowlevel.melbands_crest.stdev": 6.284751892089844, "lowlevel.melbands_flatness_db.mean": 0.3211385905742645, "lowlevel.melbands_flatness_db.stdev": 0.07516933232545853, "lowlevel.melbands_kurtosis.mean": 56.74273681640625, "lowlevel.melbands_kurtosis.stdev": 61.61997985839844, "lowlevel.melbands_skewness.mean": 5.37687349319458, "lowlevel.melbands_skewness.stdev": 3.011683702468872, "lowlevel.melbands_spread.mean": 9.687760353088379, "lowlevel.melbands_spread.stdev": 8.93823528289795, "lowlevel.pitch_salience.mean": 0.3367449641227722, "lowlevel.pitch_salience.stdev": 0.12647058069705963, "lowlevel.silence_rate_20dB.mean": 1.0, "lowlevel.silence_rate_20dB.stdev": 0.0, "lowlevel.silence_rate_30dB.mean": 0.715057909488678, "lowlevel.silence_rate_30dB.stdev": 0.4513865113258362, "lowlevel.silence_rate_60dB.mean": 0.00154440151527524, "lowlevel.silence_rate_60dB.stdev": 0.039268504828214645, "lowlevel.spectral_centroid.mean": 1153.440673828125, "lowlevel.spectral_centroid.stdev": 774.8860473632812, "lowlevel.spectral_complexity.mean": 11.861776351928711, "lowlevel.spectral_complexity.stdev": 8.651569366455078, "lowlevel.spectral_decrease.mean": -2.3679433525103377e-08, "lowlevel.spectral_decrease.stdev": 7.296936388456743e-09, "lowlevel.spectral_energy.mean": 0.0917961373925209, "lowlevel.spectral_energy.stdev": 0.02772599272429943, "lowlevel.spectral_energyband_high.mean": 0.0017346946988254786, "lowlevel.spectral_energyband_high.stdev": 0.0020373796578496695, "lowlevel.spectral_energyband_low.mean": 0.07058204710483551, "lowlevel.spectral_energyband_low.stdev": 0.029938505962491035, "lowlevel.spectral_energyband_middle_high.mean": 0.0029897158965468407, "lowlevel.spectral_energyband_middle_high.stdev": 0.005880699958652258, "lowlevel.spectral_energyband_middle_low.mean": 0.016781926155090332, "lowlevel.spectral_energyband_middle_low.stdev": 0.014354715123772621, "lowlevel.spectral_entropy.mean": 7.521573543548584, "lowlevel.spectral_entropy.stdev": 0.4267180860042572, "lowlevel.spectral_flux.mean": 0.11901891976594925, "lowlevel.spectral_flux.stdev": 0.07031719386577606, "lowlevel.spectral_kurtosis.mean": 2.238025188446045, "lowlevel.spectral_kurtosis.stdev": 1.604085922241211, "lowlevel.spectral_rms.mean": 0.009357672184705734, "lowlevel.spectral_rms.stdev": 0.0014111173804849386, "lowlevel.spectral_rolloff.mean": 403.75897216796875, "lowlevel.spectral_rolloff.stdev": 664.7189331054688, "lowlevel.spectral_skewness.mean": 1.2170689105987549, "lowlevel.spectral_skewness.stdev": 0.5054841041564941, "lowlevel.spectral_spread.mean": 6203791.5, "lowlevel.spectral_spread.stdev": 1233822.125, "lowlevel.spectral_strongpeak.mean": 0.49806058406829834, "lowlevel.spectral_strongpeak.stdev": 0.29745954275131226, "lowlevel.zerocrossingrate.mean": 0.03057168424129486, "lowlevel.zerocrossingrate.stdev": 0.01690552569925785, "metadata.audio_properties.analysis.equal_loudness": 0.0, "metadata.audio_properties.analysis.length": 30.03628158569336, "metadata.audio_properties.analysis.sample_rate": 44100.0, "metadata.audio_properties.analysis.start_time": 0.0, "metadata.audio_properties.bit_rate": 122586.0, "metadata.audio_properties.length": 30.03733253479004, "metadata.audio_properties.lossless": 0.0, "metadata.audio_properties.number_channels": 1.0, "metadata.audio_properties.replay_gain": -12.464458465576172, "metadata.audio_properties.sample_rate": 48000.0, "rhythm.beats_count": 58.0, "rhythm.beats_loudness.mean": 0.10445701330900192, "rhythm.beats_loudness.stdev": 0.025242291390895844, "rhythm.bpm": 117.87400817871094, "rhythm.bpm_histogram_first_peak_bpm": 117.0, "rhythm.bpm_histogram_first_peak_weight": 0.1538461446762085, "rhythm.bpm_histogram_second_peak_bpm": 108.0, "rhythm.bpm_histogram_second_peak_spread": 0.6000000238418579, "rhythm.bpm_histogram_second_peak_weight": 0.035087719559669495, "rhythm.danceability": 2.444826364517212, "rhythm.onset_rate": 6.154720306396484, "tonal.chords_changes_rate": 0.015432098880410194, "tonal.chords_number_rate": 0.003086419776082039, "tonal.chords_strength.mean": 0.5513309240341187, "tonal.chords_strength.stdev": 0.056892674416303635, "tonal.hpcp_crest.mean": 14.851521492004395, "tonal.hpcp_crest.stdev": 5.6592912673950195, "tonal.hpcp_entropy.mean": 1.6642167568206787, "tonal.hpcp_entropy.stdev": 0.6062524318695068, "tonal.key_edma.strength": 0.6176837086677551, "tonal.key_krumhansl.strength": 0.6061082482337952, "tonal.key_temperley.strength": 0.5806071162223816, "tonal.tuning_diatonic_strength": 0.48211824893951416, "tonal.tuning_equal_tempered_deviation": 0.23881199955940247, "tonal.tuning_frequency": 434.193115234375, "tonal.tuning_nontempered_energy_ratio": 0.9806104302406311, "lowlevel.barkbands.mean": [0.010954117402434349, 0.05636213719844818, 0.0030270509887486696, 0.0010867818491533399, 0.003530344692990184, 0.005349992774426937, 0.001675014616921544, 0.002698744647204876, 0.002274168422445655, 0.0005237547447904944, 0.00032648752676323056, 0.00043432749225758016, 0.0005543060833588243, 0.00041149414028041065, 0.0002115584211423993, 0.00015287417045328766, 8.158881973940879e-05, 0.00015485394396819174, 0.00016171991592273116, 0.00023525668075308204, 0.00015114969573915005, 0.000672064779791981, 0.0005506811430677772, 7.539081707363948e-05, 6.953985575819388e-05, 6.74665643600747e-05, 3.2495861432835227e-06], "lowlevel.barkbands.stdev": [0.005288141779601574, 0.030936511233448982, 0.010801560245454311, 0.004343107808381319, 0.004833586979657412, 0.005788245238363743, 0.004682467319071293, 0.005766220390796661, 0.004614102654159069, 0.001377297448925674, 0.0009116474539041519, 0.0011327305110171437, 0.001711307791993022, 0.0013106680708006024, 0.0005598214920610189, 0.0004146236169617623, 0.00023844446695875376, 0.0003527964581735432, 0.00032646453473716974, 0.00038897438207641244, 0.000302299129543826, 0.0010989017318934202, 0.0007333581452257931, 9.313906775787473e-05, 7.796149293426424e-05, 7.669980550417677e-05, 5.889537987968652e-06], "lowlevel.erbbands.mean": [3.0359389781951904, 6.9623703956604, 4.307465076446533, 4.198580265045166, 3.4122989177703857, 11.00606918334961, 36.751304626464844, 46.2916259765625, 35.337554931640625, 28.82596778869629, 53.905696868896484, 43.83129119873047, 39.4466667175293, 15.225019454956055, 15.060303688049316, 18.216121673583984, 24.782142639160156, 23.6873779296875, 14.04151439666748, 9.791910171508789, 8.011025428771973, 4.99088191986084, 6.7959980964660645, 10.53931999206543, 7.2091169357299805, 11.762413024902344, 7.853560924530029, 5.792916774749756, 18.2703800201416, 34.38832092285156, 10.147005081176758, 1.973856806755066, 1.224144697189331, 0.7724702954292297, 0.4938789904117584, 0.25137078762054443, 0.1360500007867813, 0.024908361956477165, 0.0005382650997489691, 0.0001188751557492651], "lowlevel.erbbands.stdev": [1.2682957649230957, 7.225273609161377, 10.379754066467285, 15.639139175415039, 6.948779582977295, 15.035307884216309, 66.56280517578125, 49.208892822265625, 81.78466796875, 60.734405517578125, 101.27203369140625, 93.79841613769531, 86.32402038574219, 38.287078857421875, 39.27536392211914, 48.310272216796875, 74.09811401367188, 76.55078887939453, 35.898948669433594, 24.042335510253906, 21.041587829589844, 13.88273811340332, 16.854782104492188, 20.15522575378418, 14.858607292175293, 19.58747673034668, 14.577934265136719, 10.90709400177002, 32.579742431640625, 47.92673873901367, 13.055730819702148, 2.45426869392395, 1.4918822050094604, 0.9471150636672974, 0.5625843405723572, 0.2958103120326996, 0.15917304158210754, 0.03446350619196892, 0.000677227508276701, 3.708972508320585e-05], "lowlevel.gfcc.mean": [16.749780654907227, 75.60204315185547, -66.87161254882812, 43.35649490356445, -69.0185775756836, 18.651470184326172, -19.876476287841797, 15.228582382202148, -0.6880253553390503, 26.23265838623047, -3.64772891998291, 21.32976531982422, -7.183502674102783], "lowlevel.melbands.mean": [0.020671743899583817, 0.00413051713258028, 0.0006641273503191769, 0.00047888676635921, 0.0011457770597189665, 0.0010236086091026664, 0.000489500118419528, 0.00041761482134461403, 0.0003983012866228819, 0.0002968394255731255, 0.0001956096530193463, 5.965375021332875e-05, 4.949231879436411e-05, 4.799188900506124e-05, 5.069154576631263e-05, 5.5718646763125435e-05, 4.192896085442044e-05, 2.3518194211646914e-05, 1.5086856365087442e-05, 1.1232480574108195e-05, 8.685319698997773e-06, 4.90736647407175e-06, 4.901673491986003e-06, 7.590862878714688e-06, 8.896156032278668e-06, 5.259564204607159e-06, 5.634509761875961e-06, 8.493076165905222e-06, 5.437504569272278e-06, 3.5290836422063876e-06, 2.9535892736021196e-06, 7.376309440587647e-06, 1.863495708676055e-05, 1.9774202883127145e-05, 6.920696250745095e-06, 1.4837753496976802e-06, 9.515613896837749e-07, 8.446402830486477e-07, 7.907069061729999e-07, 5.861485874447681e-07], "lowlevel.melbands.stdev": [0.009342505596578121, 0.005373706575483084, 0.0023051344323903322, 0.0006869726348668337, 0.0019383359467610717, 0.0010411711409687996, 0.0010716774268075824, 0.0009095992427319288, 0.0007087725098244846, 0.0006114247953519225, 0.0004342513275332749, 0.00016587703430559486, 0.000134498521219939, 0.00012496639101300389, 0.00015634561714250594, 0.00017109818872995675, 0.00014234863920137286, 6.130414112703875e-05, 3.947558070649393e-05, 2.9979955797898583e-05, 2.398035576334223e-05, 1.4560309864464216e-05, 1.506119588157162e-05, 1.7518046661280096e-05, 1.7137634131358936e-05, 1.192991385323694e-05, 1.1242771506658755e-05, 1.4171468137647025e-05, 1.0390991519670933e-05, 7.179789008660009e-06, 6.098341600591084e-06, 1.4626955817220733e-05, 3.107228985754773e-05, 2.7299120120005682e-05, 9.510504241916351e-06, 2.072117922580219e-06, 1.263505964743672e-06, 1.0948698445645277e-06, 1.0228917517451919e-06, 7.513750688303844e-07], "lowlevel.melbands128.mean": [0.0104230847209692, 0.030340947210788727, 0.021908633410930634, 0.008327482268214226, 0.0024876846000552177, 0.001445517991669476, 0.0009221272775903344, 0.0004125288687646389, 0.0002419971424387768, 0.00047562766121700406, 0.0004925550892949104, 0.001146394177339971, 0.001520827179774642, 0.0008779670461080968, 0.000981068704277277, 0.001231773174367845, 0.0007260323036462069, 0.0003782991843763739, 0.00013731970102526248, 0.0001751123636495322, 0.0006895906408317387, 0.0008378753555007279, 0.00016066484386101365, 0.00024269089044537395, 0.0002693802525755018, 0.00028863418265245855, 0.0004818290763068944, 9.621660137781873e-05, 7.514325261581689e-05, 7.257595279952511e-05, 4.4612959754886106e-05, 5.114364466862753e-05, 5.7159646530635655e-05, 3.772118725464679e-05, 5.410759331425652e-05, 4.736531991511583e-05, 4.607591836247593e-05, 4.8371919547207654e-05, 5.5625718232477084e-05, 5.699890243704431e-05, 5.34048886038363e-05, 5.861381578142755e-05, 4.498987982515246e-05, 3.179823397658765e-05, 3.01625368592795e-05, 2.092682734655682e-05, 1.822339436330367e-05, 1.4586660654458683e-05, 1.5374445865745656e-05, 1.1489594726299401e-05, 1.0258681868435815e-05, 1.0897378160734661e-05, 1.1375328540452756e-05, 6.699849109281786e-06, 4.86992303194711e-06, 4.976246145815821e-06, 4.687456112151267e-06, 4.525143594946712e-06, 5.080653863842599e-06, 5.376568424253492e-06, 6.575787665497046e-06, 1.0600666428217664e-05, 9.88382180366898e-06, 8.857839929987676e-06, 6.5150329646712635e-06, 5.082128609501524e-06, 4.4284142859396525e-06, 4.397187694848981e-06, 5.400119789555902e-06, 8.277233064291067e-06, 8.938024620874785e-06, 9.013060662255157e-06, 6.300756012933562e-06, 5.239456186245661e-06, 3.542621243468602e-06, 3.8226230572036e-06, 3.4663987662497675e-06, 2.6914697173197055e-06, 2.8677663976850454e-06, 2.9451680347847287e-06, 4.932613592245616e-06, 8.965991582954302e-06, 1.4045847819943447e-05, 2.0186302208458073e-05, 2.2559805074706674e-05, 1.9854189304169267e-05, 2.1593208657577634e-05, 1.4217343050404452e-05, 5.1036868171649985e-06, 2.4126507014443632e-06, 1.6416419157394557e-06, 1.2860286915383767e-06, 1.061303237293032e-06, 9.398587508258061e-07, 8.890659728422179e-07, 8.39733843349677e-07, 8.252835073108145e-07, 8.571033731641364e-07, 8.172721663868288e-07, 7.41175483653933e-07, 7.273505389093771e-07, 5.303908778842015e-07, 4.7006054160192434e-07, 4.87449767661019e-07, 6.327401820271916e-07, 5.965740115243534e-07, 5.443799295790086e-07, 3.647407993412344e-07, 3.9865733469923725e-07, 4.7008683168314747e-07, 3.820570952939306e-07, 4.427712951837748e-07, 4.692898585290095e-07, 4.5852780772293045e-07, 4.1793330751715985e-07, 3.1812791689844744e-07, 1.2445072172795335e-07, 1.1826663204317356e-08, 6.692323362145203e-10, 1.9239910012402994e-11, 1.4636167278148093e-11, 1.0992424852307447e-11, 9.642320795977266e-12, 9.022435576433452e-12, 8.233925694045574e-12, 7.410516644767995e-12, 7.0339428726029496e-12, 6.954988234636472e-12], "lowlevel.melbands128.stdev": [0.004954123869538307, 0.01266272272914648, 0.016420837491750717, 0.01087573729455471, 0.005648615304380655, 0.005387980490922928, 0.0036998875439167023, 0.001596424262970686, 0.000538619642611593, 0.001057271147146821, 0.0008119529229588807, 0.002039819024503231, 0.003311972366645932, 0.001443806802853942, 0.0011284808861091733, 0.0018977177096530795, 0.0020683736074715853, 0.0011498610256239772, 0.0003632991574704647, 0.0006468906649388373, 0.0017045242711901665, 0.0018084758194163442, 0.00045565771870315075, 0.0008632318349555135, 0.0009310347959399223, 0.0006989791290834546, 0.0012382044224068522, 0.00030765487463213503, 0.0002729584230110049, 0.0002804203249979764, 0.0001564972917549312, 0.00014722718333359808, 0.0001737670536385849, 0.0001282340963371098, 0.00015623524086549878, 0.00013587668945547193, 0.00015378861280623823, 0.00016139488434419036, 0.00021965111955069005, 0.00018339449889026582, 0.00020451081218197942, 0.00020914660126436502, 0.00018561801698524505, 0.0001233106158906594, 8.495306974509731e-05, 5.9843805502168834e-05, 6.334610225167125e-05, 4.3601081415545195e-05, 4.5421242248266935e-05, 3.170880881953053e-05, 3.462015956756659e-05, 3.403329537832178e-05, 3.1014267733553424e-05, 2.4271488655358553e-05, 1.518385670351563e-05, 1.6924648662097752e-05, 1.5330846508732066e-05, 1.671149948379025e-05, 1.749001967255026e-05, 1.7379001292283647e-05, 1.9223261915612966e-05, 2.4165199647541158e-05, 2.344413587707095e-05, 1.747385431372095e-05, 1.5088279724295717e-05, 1.349032208963763e-05, 1.1029521374439355e-05, 1.1255126082687639e-05, 1.1835100849566516e-05, 1.646096643526107e-05, 1.7069032764993608e-05, 1.583738048793748e-05, 1.1549149348866194e-05, 1.4075478247832507e-05, 7.471737717423821e-06, 9.303470505983569e-06, 7.062098575261189e-06, 5.926993253524415e-06, 6.696924174320884e-06, 6.968309662624961e-06, 1.1833129065053072e-05, 2.0260362362023443e-05, 2.7712390874512494e-05, 3.92481560993474e-05, 3.6621542676584795e-05, 3.0091485314187594e-05, 3.33991447405424e-05, 2.2174022888066247e-05, 8.19670549390139e-06, 3.703073161887005e-06, 2.6050317956105573e-06, 2.2720118977304082e-06, 1.622577315174567e-06, 1.3445707054415834e-06, 1.4444840417127125e-06, 1.3267080021250877e-06, 1.1658156608973513e-06, 1.135932052420685e-06, 1.2038531167490873e-06, 1.1536441206771997e-06, 1.0119861144630704e-06, 7.701140702920384e-07, 7.208369652289548e-07, 7.066483931339462e-07, 8.419006007898133e-07, 7.86517261985864e-07, 7.539507009823865e-07, 5.949228807367035e-07, 5.783712708762323e-07, 6.041926212674298e-07, 5.646095928568684e-07, 6.147088242869359e-07, 5.911463176744292e-07, 6.286011853262607e-07, 6.289241696322279e-07, 5.036452535023273e-07, 2.2291888512881997e-07, 4.325632829704773e-08, 7.957281944470651e-09, 2.07397404805576e-10, 1.451573583555188e-10, 6.481801206881244e-11, 4.876462081360167e-11, 3.7490774373871716e-11, 2.414748262458133e-11, 1.2914494994242798e-11, 1.0852072712674854e-11, 1.0778614979722878e-11], "lowlevel.mfcc.mean": [-642.622802734375, 110.59033203125, 47.627967834472656, 35.103458404541016, -7.481678485870361, 18.128772735595703, -6.622469902038574, 8.853960990905762, -0.2597936987876892, 16.73337173461914, 17.503110885620117, 0.06606895476579666, 18.362146377563477], "lowlevel.spectral_contrast_coeffs.mean": [-0.6765739321708679, -0.6614953875541687, -0.7677493691444397, -0.8185036182403564, -0.8001973628997803, -0.6970934867858887], "lowlevel.spectral_contrast_coeffs.stdev": [0.07802668958902359, 0.08224477618932724, 0.08040863275527954, 0.04362310841679573, 0.03899157792329788, 0.052277788519859314], "lowlevel.spectral_contrast_valleys.mean": [-6.75150728225708, -6.907639980316162, -7.741483211517334, -7.967911243438721, -7.7752766609191895, -10.235377311706543], "lowlevel.spectral_contrast_valleys.stdev": [0.59820556640625, 0.7109046578407288, 0.8905503153800964, 0.8452038168907166, 0.7185972332954407, 0.7681020498275757], "rhythm.beats_loudness_band_ratio.mean": [0.8041185140609741, 0.09650279581546783, 0.08094503730535507, 0.007573897019028664, 0.004964983090758324, 0.015072690322995186], "rhythm.beats_loudness_band_ratio.stdev": [0.10396625101566315, 0.07820228487253189, 0.06146983429789543, 0.010488254949450493, 0.0084393210709095, 0.01227948535233736], "tonal.hpcp.mean": [0.04993073642253876, 0.0810917541384697, 0.0759362280368805, 0.04762700945138931, 0.02057427540421486, 0.012872585095465183, 0.018049510195851326, 0.02044229954481125, 0.021555336192250252, 0.0248078852891922, 0.036034535616636276, 0.04574664309620857, 0.08897209912538528, 0.08707144111394882, 0.033073995262384415, 0.05029160901904106, 0.05614577233791351, 0.02264351397752762, 0.008774250745773315, 0.00982693675905466, 0.04544811323285103, 0.2804383337497711, 0.6178179383277893, 0.43673038482666016, 0.07406586408615112, 0.028878673911094666, 0.029354846104979515, 0.06840458512306213, 0.07915075868368149, 0.03736773878335953, 0.020861471071839333, 0.019052989780902863, 0.021732596680521965, 0.03576554358005524, 0.04285678267478943, 0.03127512335777283], "tonal.hpcp.stdev": [0.1647774577140808, 0.22998042404651642, 0.2256847620010376, 0.18677201867103577, 0.1052817776799202, 0.08031666278839111, 0.08209274709224701, 0.09342209994792938, 0.10286838561296463, 0.12309578061103821, 0.15907007455825806, 0.1754380315542221, 0.18890181183815002, 0.17994560301303864, 0.11154080182313919, 0.16322492063045502, 0.1856922209262848, 0.09910813719034195, 0.050432492047548294, 0.06754020601511002, 0.14985577762126923, 0.33407682180404663, 0.428830623626709, 0.4022616744041443, 0.1924404799938202, 0.14020447432994843, 0.1424873173236847, 0.13941219449043274, 0.141850546002388, 0.12948282063007355, 0.11329169571399689, 0.11405016481876373, 0.12085846811532974, 0.12718930840492249, 0.14265400171279907, 0.12797170877456665], "rhythm.beats_position": [0.5224489569664001, 1.0681178569793701, 1.6021767854690552, 2.1594557762145996, 2.7167346477508545, 3.250793695449829, 3.7616326808929443, 4.2724714279174805, 4.783310413360596, 5.294149398803711, 5.804988384246826, 6.315827369689941, 6.826666355133057, 7.337505340576172, 7.848344326019287, 8.359183311462402, 8.858412742614746, 9.357641220092773, 9.868480682373047, 10.379319190979004, 10.890158653259277, 11.400997161865234, 11.911836624145508, 12.422675132751465, 12.933514595031738, 13.444353103637695, 13.955192565917969, 14.466031074523926, 14.9768705368042, 15.476099014282227, 15.97532844543457, 16.486167907714844, 16.997007369995117, 17.507844924926758, 18.01868438720703, 18.529523849487305, 19.040363311767578, 19.55120086669922, 20.062040328979492, 20.572879791259766, 21.08371925354004, 21.58294677734375, 22.093786239624023, 22.593015670776367, 23.10385513305664, 23.61469268798828, 24.125532150268555, 24.636371612548828, 25.1472110748291, 25.658048629760742, 26.168888092041016, 26.67972755432129, 27.190567016601562, 27.701404571533203, 28.200634002685547, 28.69986343383789, 29.210702896118164, 29.721542358398438], "rhythm.bpm_histogram": [0.0, 0.0, 0.0, 0.0, 0.0, 0.0, 0.0, 0.0, 0.0, 0.0, 0.0, 0.0, 0.0, 0.0, 0.0, 0.0, 0.0, 0.0, 0.0, 0.0, 0.0, 0.0, 0.0, 0.0, 0.0, 0.0, 0.0, 0.0, 0.0, 0.0, 0.0, 0.0, 0.0, 0.0, 0.0, 0.0, 0.0, 0.0, 0.0, 0.0, 0.0, 0.0, 0.0, 0.0, 0.0, 0.0, 0.0, 0.0, 0.0, 0.0, 0.0, 0.0, 0.0, 0.0, 0.0, 0.0, 0.0, 0.0, 0.0, 0.0, 0.0, 0.0, 0.0, 0.0, 0.0, 0.0, 0.0, 0.0, 0.0, 0.0, 0.0, 0.0, 0.0, 0.0, 0.0, 0.0, 0.0, 0.0, 0.0, 0.0, 0.0, 0.0, 0.0, 0.0, 0.0, 0.0, 0.0, 0.0, 0.0, 0.0, 0.0, 0.0, 0.0, 0.0, 0.0, 0.0, 0.0, 0.0, 0.0, 0.0, 0.0, 0.0, 0.0, 0.0, 0.0, 0.0, 0.0, 0.0, 0.035087719559669495, 0.0, 0.017543859779834747, 0.0, 0.035087719559669495, 0.0, 0.0, 0.0, 0.0, 0.7719298005104065, 0.0, 0.0, 0.14035087823867798, 0.0, 0.0, 0.0, 0.0, 0.0, 0.0, 0.0, 0.0, 0.0, 0.0, 0.0, 0.0, 0.0, 0.0, 0.0, 0.0, 0.0, 0.0, 0.0, 0.0, 0.0, 0.0, 0.0, 0.0, 0.0, 0.0, 0.0, 0.0, 0.0, 0.0, 0.0, 0.0, 0.0, 0.0, 0.0, 0.0, 0.0, 0.0, 0.0, 0.0, 0.0, 0.0, 0.0, 0.0, 0.0, 0.0, 0.0, 0.0, 0.0, 0.0, 0.0, 0.0, 0.0, 0.0, 0.0, 0.0, 0.0, 0.0, 0.0, 0.0, 0.0, 0.0, 0.0, 0.0, 0.0, 0.0, 0.0, 0.0, 0.0, 0.0, 0.0, 0.0, 0.0, 0.0, 0.0, 0.0, 0.0, 0.0, 0.0, 0.0, 0.0, 0.0, 0.0, 0.0, 0.0, 0.0, 0.0, 0.0, 0.0, 0.0, 0.0, 0.0, 0.0, 0.0, 0.0, 0.0, 0.0, 0.0, 0.0, 0.0, 0.0, 0.0, 0.0, 0.0, 0.0, 0.0, 0.0, 0.0, 0.0, 0.0, 0.0, 0.0, 0.0, 0.0, 0.0, 0.0, 0.0, 0.0, 0.0, 0.0, 0.0, 0.0, 0.0, 0.0, 0.0, 0.0, 0.0, 0.0, 0.0], "tonal.chords_histogram": [0.0, 0.0, 0.0, 0.0, 0.0, 0.0, 0.15432098507881165, 82.56172943115234, 17.283950805664062, 0.0, 0.0, 0.0, 0.0, 0.0, 0.0, 0.0, 0.0, 0.0, 0.0, 0.0, 0.0, 0.0, 0.0, 0.0], "tonal.thpcp": [1.0, 0.7068917155265808, 0.1198829934000969, 0.04674301669001579, 0.047513749450445175, 0.11071965098381042, 0.12811340391635895, 0.0604834146797657, 0.03376637399196625, 0.030839165672659874, 0.03517637774348259, 0.05789010226726532, 0.06936798244714737, 0.05062190815806389, 0.08081787824630737, 0.131255105137825, 0.12291036546230316, 0.07708907127380371, 0.033301517367362976, 0.02083556354045868, 0.029214933514595032, 0.03308790177106857, 0.03488946333527565, 0.04015403985977173, 0.05832549184560776, 0.07404550909996033, 0.14401021599769592, 0.1409338116645813, 0.053533561527729034, 0.08140198886394501, 0.09087753295898438, 0.03665078803896904, 0.014202000573277473, 0.015905877575278282, 0.07356230914592743, 0.4539174437522888], "lowlevel.gfcc.cov": [[2822.21533203125, -226.2528533935547, -805.1166381835938, -298.92413330078125, 120.45581817626953, 180.53822326660156, -128.70401000976562, -34.09654998779297, -337.5499267578125, -128.1366729736328, -99.66020202636719, -29.478178024291992, -131.6768035888672], [-226.2528533935547, 591.927490234375, 87.64807891845703, -186.8584747314453, 24.984968185424805, -137.84861755371094, 63.140647888183594, 14.075772285461426, -7.104025840759277, -121.80355072021484, -9.409645080566406, -83.27629089355469, -8.381006240844727], [-805.1166381835938, 87.64807891845703, 696.4322509765625, 196.68896484375, -101.25261688232422, -75.90982055664062, 21.885251998901367, -3.124401807785034, 94.24808502197266, 2.3367743492126465, -57.74318313598633, -14.930031776428223, -0.8395535945892334], [-298.92413330078125, -186.8584747314453, 196.68896484375, 454.73614501953125, -6.719392776489258, -45.293704986572266, -38.48195266723633, -23.01727294921875, 112.9686508178711, 13.114713668823242, -37.0821418762207, 10.575403213500977, 33.63423538208008], [120.45581817626953, 24.984968185424805, -101.25261688232422, -6.719392776489258, 280.79595947265625, 43.07951354980469, -32.44240951538086, -25.435014724731445, -63.15439224243164, -9.630022048950195, -20.488689422607422, -43.743934631347656, -39.64384841918945], [180.53822326660156, -137.84861755371094, -75.90982055664062, -45.293704986572266, 43.07951354980469, 216.53726196289062, 52.063316345214844, -49.13496017456055, -42.420955657958984, 18.522733688354492, 6.954634189605713, 10.338839530944824, -17.14802360534668], [-128.70401000976562, 63.140647888183594, 21.885251998901367, -38.48195266723633, -32.44240951538086, 52.063316345214844, 166.4510498046875, 36.17778778076172, 7.0933380126953125, -15.350910186767578, 3.423508882522583, -6.758058547973633, 2.5971128940582275], [-34.09654998779297, 14.075772285461426, -3.124401807785034, -23.01727294921875, -25.435014724731445, -49.13496017456055, 36.17778778076172, 112.64292907714844, 39.125492095947266, -12.643373489379883, -13.251422882080078, -15.116961479187012, 5.882059574127197], [-337.5499267578125, -7.104025840759277, 94.24808502197266, 112.9686508178711, -63.15439224243164, -42.420955657958984, 7.0933380126953125, 39.125492095947266, 187.9977264404297, 67.3764877319336, 27.59855842590332, 15.423625946044922, 32.10927963256836], [-128.1366729736328, -121.80355072021484, 2.3367743492126465, 13.114713668823242, -9.630022048950195, 18.522733688354492, -15.350910186767578, -12.643373489379883, 67.3764877319336, 154.0050811767578, 76.46407318115234, 38.53257369995117, 19.287134170532227], [-99.66020202636719, -9.409645080566406, -57.74318313598633, -37.0821418762207, -20.488689422607422, 6.954634189605713, 3.423508882522583, -13.251422882080078, 27.59855842590332, 76.46407318115234, 125.20606994628906, 60.14013671875, 22.623916625976562], [-29.478178024291992, -83.27629089355469, -14.930031776428223, 10.575403213500977, -43.743934631347656, 10.338839530944824, -6.758058547973633, -15.116961479187012, 15.423625946044922, 38.53257369995117, 60.14013671875, 101.05331420898438, 39.741275787353516], [-131.6768035888672, -8.381006240844727, -0.8395535945892334, 33.63423538208008, -39.64384841918945, -17.14802360534668, 2.5971128940582275, 5.882059574127197, 32.10927963256836, 19.287134170532227, 22.623916625976562, 39.741275787353516, 90.23666381835938]], "lowlevel.gfcc.icov": [[0.0008539905538782477, -0.0004100808291696012, 0.0010234923101961613, -0.000324450054904446, 0.0005852660979144275, -0.0008296919986605644, 0.0009644755627959967, -0.000767105259001255, 0.0012021299917250872, -0.0005522448336705565, 0.0013212915509939194, -0.0008431393653154373, 0.0011905807768926024], [-0.0004100808291696012, 0.008436661213636398, -0.002199664944782853, 0.005554600153118372, -0.003072498133406043, 0.007181297056376934, -0.004813294392079115, 0.0073442617431283, -0.005755638238042593, 0.009224411100149155, -0.00617603724822402, 0.007152500096708536, -0.0037562071811407804], [0.0010234923101961613, -0.002199664944782853, 0.0035616527311503887, -0.0020928075537085533, 0.001875210669822991, -0.0015962363686412573, 0.001265722792595625, -0.001464520930312574, 0.001986911054700613, -0.003014411311596632, 0.0040083713829517365, -0.0025429304223507643, 0.002734207082539797], [-0.000324450054904446, 0.005554600153118372, -0.0020928075537085533, 0.007042121607810259, -0.002714376198127866, 0.005079540424048901, -0.002843966707587242, 0.006383807864040136, -0.006220103241503239, 0.006433133967220783, -0.0024651659186929464, 0.003799580968916416, -0.0033803670667111874], [0.0005852660979144275, -0.003072498133406043, 0.001875210669822991, -0.002714376198127866, 0.006069954950362444, -0.0036580495070666075, 0.0030425130389630795, -0.002924454165622592, 0.003986970521509647, -0.004022206645458937, 0.0025077704340219498, -0.000697628827765584, 0.0027920017018914223], [-0.0008296919986605644, 0.007181297056376934, -0.0015962363686412573, 0.005079540424048901, -0.0036580495070666075, 0.013616352342069149, -0.008129175752401352, 0.010284028016030788, -0.004992223810404539, 0.005915459245443344, -0.0036656083539128304, 0.004598548635840416, -0.0025020106695592403], [0.0009644755627959967, -0.004813294392079115, 0.001265722792595625, -0.002843966707587242, 0.0030425130389630795, -0.008129175752401352, 0.012037248350679874, -0.008352456614375114, 0.0038759130984544754, -0.003378657391294837, 0.0020920676179230213, -0.0028727182652801275, 0.002105661202222109], [-0.000767105259001255, 0.0073442617431283, -0.001464520930312574, 0.006383807864040136, -0.002924454165622592, 0.010284028016030788, -0.008352456614375114, 0.020405301824212074, -0.009257234632968903, 0.008512238971889019, -0.0031846612691879272, 0.006732850335538387, -0.003942705225199461], [0.0012021299917250872, -0.005755638238042593, 0.001986911054700613, -0.006220103241503239, 0.003986970521509647, -0.004992223810404539, 0.0038759130984544754, -0.009257234632968903, 0.015059339813888073, -0.010449996218085289, 0.003973777871578932, -0.003994619473814964, 0.0024892701767385006], [-0.0005522448336705565, 0.009224411100149155, -0.003014411311596632, 0.006433133967220783, -0.004022206645458937, 0.005915459245443344, -0.003378657391294837, 0.008512238971889019, -0.010449996218085289, 0.022016199305653572, -0.013374410569667816, 0.008005557581782341, -0.004635381978005171], [0.0013212915509939194, -0.00617603724822402, 0.0040083713829517365, -0.0024651659186929464, 0.0025077704340219498, -0.0036656083539128304, 0.0020920676179230213, -0.0031846612691879272, 0.003973777871578932, -0.013374410569667816, 0.022957852110266685, -0.013703462667763233, 0.004586999304592609], [-0.0008431393653154373, 0.007152500096708536, -0.0025429304223507643, 0.003799580968916416, -0.000697628827765584, 0.004598548635840416, -0.0028727182652801275, 0.006732850335538387, -0.003994619473814964, 0.008005557581782341, -0.013703462667763233, 0.024182893335819244, -0.00929914228618145], [0.0011905807768926024, -0.0037562071811407804, 0.002734207082539797, -0.0033803670667111874, 0.0027920017018914223, -0.0025020106695592403, 0.002105661202222109, -0.003942705225199461, 0.0024892701767385006, -0.004635381978005171, 0.004586999304592609, -0.00929914228618145, 0.017753813415765762]], "lowlevel.mfcc.cov": [[3297.149658203125, -235.81365966796875, -913.8706665039062, -481.69952392578125, 11.700643539428711, -5.472845077514648, 175.9967803955078, 15.339919090270996, -128.65731811523438, -143.5904541015625, -93.93216705322266, -82.66910552978516, -156.79107666015625], [-235.81365966796875, 788.78662109375, -59.15038299560547, -118.70348358154297, -62.09731674194336, -168.68089294433594, 70.95861053466797, 22.353002548217773, -42.81492614746094, 35.744747161865234, -18.321691513061523, -71.1817855834961, -72.87305450439453], [-913.8706665039062, -59.15038299560547, 720.29833984375, 227.466064453125, -66.60456085205078, 11.74825668334961, -139.2784423828125, 15.175844192504883, 61.139434814453125, 23.419082641601562, 14.822819709777832, 8.796540260314941, 27.388547897338867], [-481.69952392578125, -118.70348358154297, 227.466064453125, 413.5681457519531, 80.47764587402344, -21.169946670532227, -117.681640625, -9.241374015808105, 62.41196060180664, 10.414286613464355, -15.114568710327148, -1.4772241115570068, 59.81674575805664], [11.700643539428711, -62.09731674194336, -66.60456085205078, 80.47764587402344, 234.84805297851562, 47.62923049926758, -16.186931610107422, -40.02677917480469, 1.4269963502883911, -34.093353271484375, -40.47683334350586, 40.203269958496094, 4.4531168937683105], [-5.472845077514648, -168.68089294433594, 11.74825668334961, -21.169946670532227, 47.62923049926758, 237.2871856689453, 44.862857818603516, -15.036736488342285, -8.01861572265625, -33.04325866699219, 9.874133110046387, 33.62297821044922, 11.940673828125], [175.9967803955078, 70.95861053466797, -139.2784423828125, -117.681640625, -16.186931610107422, 44.862857818603516, 179.58993530273438, 27.813190460205078, -32.093231201171875, -17.340288162231445, -11.570220947265625, -25.156970977783203, -48.70331573486328], [15.339919090270996, 22.353002548217773, 15.175844192504883, -9.241374015808105, -40.02677917480469, -15.036736488342285, 27.813190460205078, 116.13469696044922, 16.9442195892334, 17.70256996154785, -8.238693237304688, -52.93954086303711, -14.316690444946289], [-128.65731811523438, -42.81492614746094, 61.139434814453125, 62.41196060180664, 1.4269963502883911, -8.01861572265625, -32.093231201171875, 16.9442195892334, 112.89617919921875, 34.204612731933594, 0.9693681001663208, -4.331289768218994, 2.825674057006836], [-143.5904541015625, 35.744747161865234, 23.419082641601562, 10.414286613464355, -34.093353271484375, -33.04325866699219, -17.340288162231445, 17.70256996154785, 34.204612731933594, 120.74055480957031, 31.041662216186523, -7.796908378601074, -0.9089689254760742], [-93.93216705322266, -18.321691513061523, 14.822819709777832, -15.114568710327148, -40.47683334350586, 9.874133110046387, -11.570220947265625, -8.238693237304688, 0.9693681001663208, 31.041662216186523, 100.87014770507812, 20.25562858581543, 17.868389129638672], [-82.66910552978516, -71.1817855834961, 8.796540260314941, -1.4772241115570068, 40.203269958496094, 33.62297821044922, -25.156970977783203, -52.93954086303711, -4.331289768218994, -7.796908378601074, 20.25562858581543, 140.23692321777344, 37.85321044921875], [-156.79107666015625, -72.87305450439453, 27.388547897338867, 59.81674575805664, 4.4531168937683105, 11.940673828125, -48.70331573486328, -14.316690444946289, 2.825674057006836, -0.9089689254760742, 17.868389129638672, 37.85321044921875, 116.73514556884766]], "lowlevel.mfcc.icov": [[0.0006804231670685112, 0.0004469527630135417, 0.0007821839535608888, 0.00042329993448220193, 0.00021389106404967606, 0.00019390895613469183, 0.0003962216433137655, -0.00010747104533948004, 0.00025798598653636873, 0.000518887653015554, 0.0004140866221860051, 0.00027765962295234203, 0.0007610036991536617], [0.0004469527630135417, 0.0020844971295446157, 0.00027837822563014925, 0.0006864524912089109, -1.8939756046165712e-05, 0.0015083063626661897, -0.0005493188509717584, 0.00023630830401089042, 0.0007393085979856551, -0.0001729646319290623, 0.00042178822332061827, 0.0006744986749254167, 0.0008282418129965663], [0.0007821839535608888, 0.00027837822563014925, 0.003087553195655346, -0.0007371218525804579, 0.0015589977847412229, -0.0006921417661942542, 0.001972135389223695, -0.0006355929654091597, 3.0341912861331366e-05, 0.0007713380618952215, 0.0006065735942684114, -0.0002491583290975541, 0.001627058256417513], [0.00042329993448220193, 0.0006864524912089109, -0.0007371218525804579, 0.004570455756038427, -0.00181479100137949, 0.0009399045375175774, 0.0010411696275696158, 0.0002028834423981607, -0.0009892306989058852, 0.0001478720223531127, 0.0005174843827262521, 0.0014989898772910237, -0.0012797745876014233], [0.00021389106404967606, -1.8939756046165712e-05, 0.0015589977847412229, -0.00181479100137949, 0.006681314203888178, -0.00155113753862679, 0.0010662737768143415, 0.0009246624540537596, -1.4844440556771588e-05, 0.0008418697398155928, 0.002551107434555888, -0.0017244848422706127, 0.0014772812137380242], [0.00019390895613469183, 0.0015083063626661897, -0.0006921417661942542, 0.0009399045375175774, -0.00155113753862679, 0.006478406023234129, -0.0026759912725538015, 0.00044068502029404044, 2.874997335311491e-05, 0.000958116608671844, -0.0009958090959116817, -0.00013440255133900791, -0.0005803400999866426], [0.0003962216433137655, -0.0005493188509717584, 0.001972135389223695, 0.0010411696275696158, 0.0010662737768143415, -0.0026759912725538015, 0.009951548650860786, -0.002251123543828726, 0.0011964072473347187, 0.0009629518026486039, 0.0008820911752991378, 0.0002491840859875083, 0.00306463404558599], [-0.00010747104533948004, 0.00023630830401089042, -0.0006355929654091597, 0.0002028834423981607, 0.0009246624540537596, 0.00044068502029404044, -0.002251123543828726, 0.011677112430334091, -0.0016287821345031261, -0.001284267520532012, 0.0009069020161405206, 0.0037092252168804407, -0.0008512693457305431], [0.00025798598653636873, 0.0007393085979856551, 3.0341912861331366e-05, -0.0009892306989058852, -1.4844440556771588e-05, 2.874997335311491e-05, 0.0011964072473347187, -0.0016287821345031261, 0.011367366649210453, -0.0028423299081623554, 0.0007929514395073056, -0.00014193440438248217, 0.001232190988957882], [0.000518887653015554, -0.0001729646319290623, 0.0007713380618952215, 0.0001478720223531127, 0.0008418697398155928, 0.000958116608671844, 0.0009629518026486039, -0.001284267520532012, -0.0028423299081623554, 0.01120679173618555, -0.0030108182691037655, 7.813500997144729e-05, 0.0010379338636994362], [0.0004140866221860051, 0.00042178822332061827, 0.0006065735942684114, 0.0005174843827262521, 0.002551107434555888, -0.0009958090959116817, 0.0008820911752991378, 0.0009069020161405206, 0.0007929514395073056, -0.0030108182691037655, 0.012981416657567024, -0.0014008840080350637, -0.0006796314264647663], [0.00027765962295234203, 0.0006744986749254167, -0.0002491583290975541, 0.0014989898772910237, -0.0017244848422706127, -0.00013440255133900791, 0.0002491840859875083, 0.0037092252168804407, -0.00014193440438248217, 7.813500997144729e-05, -0.0014008840080350637, 0.010507741011679173, -0.0024660720955580473], [0.0007610036991536617, 0.0008282418129965663, 0.001627058256417513, -0.0012797745876014233, 0.0014772812137380242, -0.0005803400999866426, 0.00306463404558599, -0.0008512693457305431, 0.001232190988957882, 0.0010379338636994362, -0.0006796314264647663, -0.0024660720955580473, 0.01243875827640295]], "metadata.audio_properties.analysis.downmix": "mix", "metadata.audio_properties.codec": "mp3", "metadata.audio_properties.md5_encoded": "e6be680d0eb16575d1e0dff13329c762", "metadata.tags.file_name": "1182272048962224190.mp3", "metadata.version.essentia": "2.1-beta6-dev", "metadata.version.essentia_git_sha": "v2.1_beta5-1110-g77a6a954", "metadata.version.extractor": "music 2.0", "tonal.chords_key": "A", "tonal.chords_scale": "major", "tonal.key_edma.key": "A", "tonal.key_edma.scale": "minor", "tonal.key_krumhansl.key": "A", "tonal.key_krumhansl.scale": "minor", "tonal.key_temperley.key": "A", "tonal.ke