{"song_id": "1182277185646641264", "download": "https://cdn.discordapp.com/attachments/1135911532732108921/1182277185646641264/chirp.mp4?ex=65841c6e&amp", "lyrics": "[Verse]\n\u0428\u0430\u043a\u0430\u043b \u0437\u0430\u0448\u0430\u043a\u0430\u043b\u0438\u043b \u0431\u044b\u043a\u043e\u0432 \u044b\u044b\u044b\u044b \u044b\u044b\u044b \u044b\u044b\u044b \u0443\u0443\u0443\u0443\u0443\u0443\n\u041f\u043e \u0431\u044b\u0447\u044c\u0438 \u043f\u043e\u0431\u044b\u043a\u0443\u0435\u043c \u0431\u044b\u0447\u0430\u0440\u044b. \u043c\u0443\u0443\u0443 \u044b\u044b\u044b \u0443\u0443\u0443 \u0430\u0430\u0430\n\u041e\u0442\u0437\u044b\u0432\u0430 \u043d\u0435\u0442, \u0438\u0434\u0435\u043c \u0434\u043e \u043a\u043e\u043d\u0446\u0430, \u0440\u044b\u0447\u0438\u043c \u0434\u043e \u0434\u043d\u0430\n\u0421\u043c\u0435\u0440\u0442\u044c \u0438 \u043a\u0440\u043e\u0432\u044c, \u043d\u0430\u0448\u0430 \u043f\u043e\u0434\u043b\u0438\u043d\u043d\u0430\u044f \u0441\u0443\u0442\u044c, \u043e\u0433\u043e\u043d\u044c \u0432 \u0433\u043b\u0430\u0437\u0430\u0445\n\n[Chorus]\n\u0418\u0438\u0438\u0438\u0438\u0438 \u0438\u0438\u0438\u0438\u0438\u0438, death metal \u0432 \u0441\u0435\u0440\u0434\u0446\u0435 \u0437\u0432\u0443\u0447\u0438\u0442\n\u0413\u0440\u043e\u0445\u043e\u0447\u0443\u0449\u0438\u0435 \u0440\u0438\u0444\u0444\u044b, \u044f\u0440\u043e\u0441\u0442\u044c \u0440\u0430\u0441\u043f\u0430\u043b\u0435\u043d\u043d\u0430\u044f \u0432\u043d\u0443\u0442\u0440\u0438\n\u0411\u0435\u0448\u0435\u043d\u044b\u0439 \u0442\u0435\u043c\u043f, \u0431\u0435\u0437\u0443\u043c\u0438\u0435 \u0441\u043c\u0435\u0440\u0442\u0438 \u043d\u0430\u0448\u0435\u0439 \u043f\u0435\u0441\u043d\u0435\u0439 \u0432\u0435\u0435\u0442\n\u0428\u0430\u043a\u0430\u043b\u044b \u0438 \u0431\u044b\u043a\u0438 \u0432 \u0443", "style": ["extremely hardcore death metal"], "essentia_features": {"lowlevel.average_loudness": 0.7285874485969543, "lowlevel.barkbands_crest.mean": 15.648426055908203, "lowlevel.barkbands_crest.stdev": 4.365062713623047, "lowlevel.barkbands_flatness_db.mean": 0.38400018215179443, "lowlevel.barkbands_flatness_db.stdev": 0.04578971490263939, "lowlevel.barkbands_kurtosis.mean": 3.296544075012207, "lowlevel.barkbands_kurtosis.stdev": 3.6725902557373047, "lowlevel.barkbands_skewness.mean": 1.727645754814148, "lowlevel.barkbands_skewness.stdev": 0.752294659614563, "lowlevel.barkbands_spread.mean": 6.191546440124512, "lowlevel.barkbands_spread.stdev": 2.803091287612915, "lowlevel.dissonance.mean": 0.3897670805454254, "lowlevel.dissonance.stdev": 0.04923423379659653, "lowlevel.dynamic_complexity": 3.242337226867676, "lowlevel.erbbands_crest.mean": 13.522344589233398, "lowlevel.erbbands_crest.stdev": 3.8929803371429443, "lowlevel.erbbands_flatness_db.mean": 0.4037216603755951, "lowlevel.erbbands_flatness_db.stdev": 0.034253038465976715, "lowlevel.erbbands_kurtosis.mean": -0.6075764894485474, "lowlevel.erbbands_kurtosis.stdev": 0.8843420743942261, "lowlevel.erbbands_skewness.mean": 0.48088762164115906, "lowlevel.erbbands_skewness.stdev": 0.5266318917274475, "lowlevel.erbbands_spread.mean": 16.5805606842041, "lowlevel.erbbands_spread.stdev": 4.123891353607178, "lowlevel.hfc.mean": 9.936153411865234, "lowlevel.hfc.stdev": 11.966327667236328, "lowlevel.loudness_ebu128.integrated": -22.76746368408203, "lowlevel.loudness_ebu128.loudness_range": 6.865095138549805, "lowlevel.loudness_ebu128.momentary.mean": -23.726417541503906, "lowlevel.loudness_ebu128.momentary.stdev": 2.8806798458099365, "lowlevel.loudness_ebu128.short_term.mean": -23.433717727661133, "lowlevel.loudness_ebu128.short_term.stdev": 2.217360734939575, "lowlevel.melbands_crest.mean": 19.821941375732422, "lowlevel.melbands_crest.stdev": 5.332435131072998, "lowlevel.melbands_flatness_db.mean": 0.47581055760383606, "lowlevel.melbands_flatness_db.stdev": 0.05130365490913391, "lowlevel.melbands_kurtosis.mean": 6.629931926727295, "lowlevel.melbands_kurtosis.stdev": 5.735219955444336, "lowlevel.melbands_skewness.mean": 2.295973062515259, "lowlevel.melbands_skewness.stdev": 0.8869703412055969, "lowlevel.melbands_spread.mean": 8.500289916992188, "lowlevel.melbands_spread.stdev": 4.763497352600098, "lowlevel.pitch_salience.mean": 0.4091183841228485, "lowlevel.pitch_salience.stdev": 0.10881990194320679, "lowlevel.silence_rate_20dB.mean": 1.0, "lowlevel.silence_rate_20dB.stdev": 0.0, "lowlevel.silence_rate_30dB.mean": 0.991309404373169, "lowlevel.silence_rate_30dB.stdev": 0.09281729906797409, "lowlevel.silence_rate_60dB.mean": 0.048667438328266144, "lowlevel.silence_rate_60dB.stdev": 0.21516728401184082, "lowlevel.spectral_centroid.mean": 516.9598999023438, "lowlevel.spectral_centroid.stdev": 126.12562561035156, "lowlevel.spectral_complexity.mean": 8.966975212097168, "lowlevel.spectral_complexity.stdev": 3.5762746334075928, "lowlevel.spectral_decrease.mean": -4.9147872438481954e-09, "lowlevel.spectral_decrease.stdev": 5.396763924636616e-09, "lowlevel.spectral_energy.mean": 0.019450770691037178, "lowlevel.spectral_energy.stdev": 0.021424001082777977, "lowlevel.spectral_energyband_high.mean": 3.006590077347937e-06, "lowlevel.spectral_energyband_high.stdev": 1.6953732483671047e-05, "lowlevel.spectral_energyband_low.mean": 0.0011769409757107496, "lowlevel.spectral_energyband_low.stdev": 0.003402417292818427, "lowlevel.spectral_energyband_middle_high.mean": 0.0034495526924729347, "lowlevel.spectral_energyband_middle_high.stdev": 0.0048895590007305145, "lowlevel.spectral_energyband_middle_low.mean": 0.015072664245963097, "lowlevel.spectral_energyband_middle_low.stdev": 0.016017602756619453, "lowlevel.spectral_entropy.mean": 5.562546253204346, "lowlevel.spectral_entropy.stdev": 0.40874654054641724, "lowlevel.spectral_flux.mean": 0.03376545384526253, "lowlevel.spectral_flux.stdev": 0.03407403081655502, "lowlevel.spectral_kurtosis.mean": 72.43255615234375, "lowlevel.spectral_kurtosis.stdev": 38.49111557006836, "lowlevel.spectral_rms.mean": 0.00390878040343523, "lowlevel.spectral_rms.stdev": 0.0019229757599532604, "lowlevel.spectral_rolloff.mean": 787.9076538085938, "lowlevel.spectral_rolloff.stdev": 457.405517578125, "lowlevel.spectral_skewness.mean": 5.5230231285095215, "lowlevel.spectral_skewness.stdev": 2.0905895233154297, "lowlevel.spectral_spread.mean": 1087645.75, "lowlevel.spectral_spread.stdev": 496569.875, "lowlevel.spectral_strongpeak.mean": 1.154730200767517, "lowlevel.spectral_strongpeak.stdev": 0.7159431576728821, "lowlevel.zerocrossingrate.mean": 0.024988627061247826, "lowlevel.zerocrossingrate.stdev": 0.015620114281773567, "metadata.audio_properties.analysis.equal_loudness": 0.0, "metadata.audio_properties.analysis.length": 40.04265213012695, "metadata.audio_properties.analysis.sample_rate": 44100.0, "metadata.audio_properties.analysis.start_time": 0.0, "metadata.audio_properties.bit_rate": 82055.0, "metadata.audio_properties.length": 40.042667388916016, "metadata.audio_properties.lossless": 0.0, "metadata.audio_properties.number_channels": 1.0, "metadata.audio_properties.replay_gain": -5.908580780029297, "metadata.audio_properties.sample_rate": 48000.0, "rhythm.beats_count": 82.0, "rhythm.beats_loudness.mean": 0.040252573788166046, "rhythm.beats_loudness.stdev": 0.03263528272509575, "rhythm.bpm": 128.2411651611328, "rhythm.bpm_histogram_first_peak_bpm": 129.0, "rhythm.bpm_histogram_first_peak_weight": 0.3877550959587097, "rhythm.bpm_histogram_second_peak_bpm": 123.0, "rhythm.bpm_histogram_second_peak_spread": 0.2916666865348816, "rhythm.bpm_histogram_second_peak_weight": 0.20987653732299805, "rhythm.danceability": 1.1337946653366089, "rhythm.onset_rate": 2.07218074798584, "tonal.chords_changes_rate": 0.0555555559694767, "tonal.chords_number_rate": 0.011574073694646358, "tonal.chords_strength.mean": 0.37208789587020874, "tonal.chords_strength.stdev": 0.09399782866239548, "tonal.hpcp_crest.mean": 24.747194290161133, "tonal.hpcp_crest.stdev": 8.223177909851074, "tonal.hpcp_entropy.mean": 0.9564652442932129, "tonal.hpcp_entropy.stdev": 0.5956081748008728, "tonal.key_edma.strength": 0.5871199369430542, "tonal.key_krumhansl.strength": 0.6017963290214539, "tonal.key_temperley.strength": 0.628846287727356, "tonal.tuning_diatonic_strength": 0.49368157982826233, "tonal.tuning_equal_tempered_deviation": 0.00533916475251317, "tonal.tuning_frequency": 439.74591064453125, "tonal.tuning_nontempered_energy_ratio": 0.5927789807319641, "lowlevel.barkbands.mean": [1.7812933492677985e-06, 0.0002917314413934946, 0.0006869047647342086, 0.0005776212783530354, 0.001563321566209197, 0.010698116384446621, 0.0009437500848434865, 0.0003325165598653257, 0.000844004622194916, 0.00034883798798546195, 0.001151500502601266, 0.0006911291275173426, 0.0003756590303964913, 0.0004499922797549516, 0.00030396750662475824, 0.000100477431260515, 6.435532122850418e-05, 1.1193541467946488e-05, 9.707012395665515e-06, 2.1452840428537456e-06, 2.005153191930731e-06, 5.8063186259005306e-08, 2.6402869224284586e-08, 1.555787942919551e-09, 9.7006636057273e-10, 1.1490256524027131e-09, 7.425421388873588e-10], "lowlevel.barkbands.stdev": [2.7203859644941986e-06, 0.0008675556164234877, 0.002555631101131439, 0.0018196655437350273, 0.0026817237958312035, 0.012710532173514366, 0.002438504947349429, 0.001925285323522985, 0.0010230184998363256, 0.0008008871227502823, 0.0019673272036015987, 0.001564173260703683, 0.0006633899174630642, 0.001039591385051608, 0.0007937519112601876, 0.00022771875956095755, 0.00014523601566907018, 2.586514710856136e-05, 4.4285599869908765e-05, 8.114684533211403e-06, 1.5179852198343724e-05, 3.067850968818675e-07, 2.500511584457854e-07, 1.5856986834705822e-08, 8.138174578675716e-09, 1.350799472277231e-08, 1.4090854039139344e-09], "lowlevel.erbbands.mean": [0.0025073376018553972, 0.0933486670255661, 0.6500667929649353, 1.3786334991455078, 3.14288330078125, 3.7341220378875732, 41.063720703125, 98.02012634277344, 32.65497970581055, 6.525722026824951, 6.647133827209473, 24.093883514404297, 9.271679878234863, 15.417658805847168, 52.748878479003906, 37.29269790649414, 19.759716033935547, 18.742446899414062, 23.572010040283203, 12.881221771240234, 4.049336910247803, 2.8864424228668213, 0.8338394165039062, 0.7260992527008057, 0.2022307962179184, 0.08197327703237534, 0.06723692268133163, 0.0815020203590393, 0.005213212221860886, 0.0012478834250941873, 0.0004462466749828309, 0.00014851846208330244, 3.618917617131956e-05, 2.4964343538158573e-05, 1.873471774160862e-05, 1.3549255527323112e-05, 8.684608474140987e-06, 1.9537026219040854e-06, 9.521359970676713e-06, 2.2010653992765583e-05], "lowlevel.erbbands.stdev": [0.006683614104986191, 0.26603516936302185, 2.2373228073120117, 3.9140067100524902, 9.709761619567871, 5.6311140060424805, 46.491676330566406, 135.1071014404297, 71.17990112304688, 36.247459411621094, 17.265539169311523, 29.02574348449707, 12.363999366760254, 31.94061851501465, 91.69627380371094, 80.02766418457031, 30.90562629699707, 41.33356857299805, 50.6474494934082, 30.75359344482422, 9.267146110534668, 6.263283729553223, 1.925010323524475, 3.056976556777954, 0.6951186060905457, 0.277914434671402, 0.288992315530777, 0.7015361189842224, 0.03222019970417023, 0.010477622970938683, 0.0038163361605256796, 0.0024435098748654127, 0.00021566373470705003, 0.000101071571407374, 5.444758426165208e-05, 3.516492870403454e-05, 3.717325671459548e-05, 5.166062692296691e-06, 1.0575222404440865e-05, 2.435521309962496e-05], "lowlevel.gfcc.mean": [-205.066162109375, 233.03173828125, -169.84228515625, -62.7435188293457, -14.295145034790039, -46.348716735839844, -31.264991760253906, -32.43766403198242, -26.459007263183594, -6.755771636962891, -1.9046211242675781, -1.3093171119689941, 17.028249740600586], "lowlevel.melbands.mean": [5.0609829486347735e-05, 0.0002700823242776096, 0.0003102939808741212, 0.00020370389393065125, 0.001211932161822915, 0.002133151749148965, 0.0004133393813390285, 6.4963118347805e-05, 6.30559807177633e-05, 0.00014748760440852493, 4.0499544411432e-05, 5.415417763288133e-05, 0.0001605353900231421, 0.00011147119948873296, 5.580007564276457e-05, 3.909563019988127e-05, 3.6514204111881554e-05, 4.3170384742552415e-05, 1.5693161913077347e-05, 1.3663515346706845e-05, 3.604706307669403e-06, 3.954738986067241e-06, 8.103635309453239e-07, 5.051284119872435e-07, 6.765395710317534e-07, 1.1211591299797874e-07, 1.122634785133414e-07, 4.2372619191155536e-08, 3.62548924215389e-08, 7.240902277771966e-08, 3.097229139825686e-08, 1.4723848806852402e-09, 5.667356028915549e-10, 7.271329094393764e-10, 2.3747809274610177e-10, 2.0737209172061455e-10, 2.6540153755250095e-11, 1.4645798462886717e-11, 1.1261555056540917e-11, 8.72819004571479e-12], "lowlevel.melbands.stdev": [0.00014697657024953514, 0.0008324793889187276, 0.0008190789958462119, 0.0004869568510912359, 0.001363098039291799, 0.002783459145575762, 0.0009725720738060772, 0.0004508484562393278, 0.000118877665954642, 0.00018186579109169543, 6.133268470875919e-05, 0.0001351729006273672, 0.0002703185600694269, 0.00019171240273863077, 0.0001029435297823511, 7.911585998954251e-05, 9.181423229165375e-05, 8.998574048746377e-05, 3.604296944104135e-05, 3.15836223307997e-05, 9.50547109823674e-06, 8.739812074054498e-06, 2.5511540115985554e-06, 1.1644408459687838e-06, 3.12205293084844e-06, 3.875209984016692e-07, 4.2900043695226486e-07, 1.4450733942794614e-07, 1.2799405624264182e-07, 5.280484174363664e-07, 2.8713796496049326e-07, 8.013697261333164e-09, 4.981558276995202e-09, 7.306121041494862e-09, 1.9422849995009983e-09, 4.505472439575442e-09, 3.710478868601541e-10, 1.5868427405418828e-10, 1.0859457777456782e-10, 6.81435186056234e-11], "lowlevel.melbands128.mean": [5.616448675027641e-07, 3.6981302855565445e-06, 4.88659024995286e-05, 0.00017994620429817587, 0.00029917145729996264, 0.0003486778005026281, 0.00023945712018758059, 0.00034145487006753683, 0.0003720673848874867, 0.0001209065958391875, 8.891021570889279e-05, 0.0004766168422065675, 0.0011342224897816777, 0.0025483388453722, 0.002888799412176013, 0.0015364864375442266, 0.0008279041503556073, 0.00010845777433132753, 2.5995261239586398e-05, 6.041930100764148e-05, 9.667936683399603e-05, 3.6668803659267724e-05, 3.375225787749514e-05, 0.00010360627493355423, 0.00021568257943727076, 0.00015854921366553754, 2.219283487647772e-05, 4.5881650294177234e-05, 1.4855085282761138e-05, 7.642027048859745e-05, 3.540892430464737e-05, 7.246391760418192e-05, 0.00016856858565006405, 0.0002913028874900192, 3.14448589051608e-05, 0.00010853313142433763, 0.00014329777332022786, 1.0785235645016655e-05, 4.9374564696336165e-05, 4.188311140751466e-05, 4.426789746503346e-05, 1.7296622900175862e-05, 2.368002060393337e-05, 4.820261528948322e-05, 6.89154549036175e-05, 3.429265780141577e-05, 3.5162804124411196e-05, 1.6393988744312082e-06, 1.0559854672465008e-05, 3.420449502300471e-05, 7.817650839569978e-06, 4.95843960379716e-06, 7.19337720056501e-07, 4.788463229488116e-06, 6.077998023101827e-06, 4.930134309688583e-06, 6.763843316548446e-07, 8.999432452583278e-07, 7.748727171019709e-07, 8.82544497926574e-07, 2.6843659384212515e-07, 5.480264348989294e-07, 6.48400657610182e-07, 9.30623627937166e-07, 1.2513189062701713e-07, 2.7490152376685728e-08, 1.804590112897131e-07, 1.3653075825459382e-07, 1.009892116599076e-07, 5.427547478120687e-08, 3.346833565842644e-08, 2.389439401895288e-08, 8.848636667835308e-08, 1.5912483775082364e-08, 1.7380372696607083e-08, 5.357249932558261e-08, 1.2829241313738748e-07, 5.9467598845230896e-08, 1.329740584310457e-08, 3.6517522339352126e-09, 1.4128441749861054e-09, 6.733935631331178e-10, 8.462850975554659e-10, 6.199827873309971e-10, 2.926133224612215e-10, 3.9868650048013876e-10, 1.3730856451843465e-09, 4.521292507053687e-10, 1.123363763122498e-10, 5.0651434435611264e-11, 2.0783048892969447e-10, 3.14271053625248e-10, 3.4294220241370965e-11, 1.3865952656899605e-11, 3.0788177562968144e-11, 1.5497247582429985e-11, 1.1368574484582616e-11, 1.0540728880015227e-11, 1.0408697341535156e-11, 1.3358973649513217e-11, 9.667307752925236e-12, 7.445502547831495e-12, 8.120955297119536e-12, 6.81626977083738e-12, 8.51462216705512e-12, 6.789567172371669e-12, 5.887533082588048e-12, 5.857818570487172e-12, 5.762327680985946e-12, 6.200047419913091e-12, 6.000072400730305e-12, 8.393790870697693e-12, 9.727111477397798e-12, 9.162938637008455e-12, 6.784775432450152e-12, 4.993718112633605e-12, 4.35854781086209e-12, 3.418116267459026e-12, 3.3356902309766845e-12, 3.2533821556907094e-12, 3.1703548206835075e-12, 3.1089675105178127e-12, 3.070055928228177e-12, 3.0074697073001477e-12, 2.848658808840554e-12, 2.6074392211333786e-12, 2.475066158968975e-12, 2.446199492966983e-12], "lowlevel.melbands128.stdev": [1.099047494790284e-06, 1.234623141499469e-05, 0.00014892757462803274, 0.0005485581932589412, 0.001069278339855373, 0.0013557660859078169, 0.0008112603682093322, 0.0011870419839397073, 0.0012384356232360005, 0.00045607821084558964, 0.0002459574898239225, 0.0007759755826555192, 0.0016472932184115052, 0.003989857621490955, 0.004712801426649094, 0.002916257828474045, 0.0022107362747192383, 0.0003919081937056035, 0.00012445355241652578, 0.00046779413241893053, 0.0007610601023770869, 0.00014001473027747124, 9.561415208736435e-05, 0.00015437358524650335, 0.00027353325276635587, 0.00025740102864801884, 3.96823525079526e-05, 0.00010911401477642357, 3.273624679422937e-05, 0.0002515432133805007, 0.00011678228474920616, 0.00017060342361219227, 0.0002841191308107227, 0.000646181171759963, 6.982961349422112e-05, 0.000285062356851995, 0.0003667755227070302, 5.812063318444416e-05, 0.00010872767597902566, 7.675187225686386e-05, 0.00013497535837814212, 6.754403875675052e-05, 8.514464570907876e-05, 0.0001712408266030252, 0.00021571031538769603, 0.00010311089863535017, 0.0001249747147085145, 7.247191661008401e-06, 3.595924863475375e-05, 9.410124039277434e-05, 1.9746106772799976e-05, 1.654971856623888e-05, 4.308549250708893e-06, 1.7051594113581814e-05, 1.988481017178856e-05, 1.5249190255417489e-05, 1.9896663161489414e-06, 6.142911388451466e-06, 2.507950739527587e-06, 2.725007107073907e-06, 7.69932910316129e-07, 2.1143384856259217e-06, 3.499650119920261e-06, 4.778564289154019e-06, 6.866725357212999e-07, 1.3607579774088663e-07, 7.230035521388345e-07, 5.544632131204708e-07, 5.323335017237696e-07, 2.697100285331544e-07, 1.52160254174305e-07, 8.935256090580879e-08, 3.1507616427006724e-07, 8.057153166873832e-08, 8.747188218194424e-08, 2.543310699820722e-07, 1.2616777667062706e-06, 5.879851414647419e-07, 9.099384357114104e-08, 2.9949632107673096e-08, 7.53457296553961e-09, 3.05776426401394e-09, 6.876722746795849e-09, 6.89224144423406e-09, 2.412227972925507e-09, 3.945050064402267e-09, 1.5107961104376955e-08, 3.876545751069216e-09, 1.2521363945694475e-09, 4.723842428333569e-10, 4.272286524553692e-09, 7.472185536983034e-09, 4.4021655765114076e-10, 1.0797850807930942e-10, 7.530838730396283e-10, 1.6677582925783696e-10, 8.410882407217102e-11, 9.584848192911721e-11, 9.044390236745414e-11, 2.095023737824775e-10, 8.913043220148964e-11, 4.278993132045272e-11, 6.562578952484799e-11, 4.571670125796956e-11, 8.821640640199746e-11, 5.39337324800826e-11, 4.026438904514151e-11, 4.623202862208409e-11, 4.7611570935801595e-11, 7.151731984400556e-11, 6.735154101100704e-11, 1.211220013175307e-10, 1.7226305104589557e-10, 1.5374596040729216e-10, 8.644505944399583e-11, 4.705301773211268e-11, 2.6639825762009295e-11, 6.126769664521747e-12, 5.938746022726704e-12, 5.784851764278898e-12, 5.645266372422686e-12, 5.5181432340178915e-12, 5.413614868887695e-12, 5.322361041476542e-12, 5.2423712072757755e-12, 5.1784266978660565e-12, 5.1348899091085975e-12, 5.107249692604121e-12], "lowlevel.mfcc.mean": [-839.6367797851562, 269.931396484375, -67.16265869140625, -17.592403411865234, 5.085597038269043, -9.586465835571289, -8.519641876220703, -24.700998306274414, -13.84941577911377, -20.947933197021484, -22.884931564331055, -6.9769792556762695, -7.721182823181152], "lowlevel.spectral_contrast_coeffs.mean": [-0.5437064170837402, -0.5823488235473633, -0.6285577416419983, -0.6780203580856323, -0.7345747351646423, -0.8052183985710144], "lowlevel.spectral_contrast_coeffs.stdev": [0.09583701193332672, 0.09438013285398483, 0.04957552254199982, 0.05277331918478012, 0.037707459181547165, 0.08627934008836746], "lowlevel.spectral_contrast_valleys.mean": [-8.490516662597656, -7.930026054382324, -8.613247871398926, -9.384100914001465, -10.871638298034668, -14.494952201843262], "lowlevel.spectral_contrast_valleys.stdev": [1.0908575057983398, 0.8144202828407288, 0.7856723666191101, 0.8897668719291687, 0.9923813343048096, 0.9569361209869385], "rhythm.beats_loudness_band_ratio.mean": [0.04103214666247368, 0.6785284876823425, 0.13018254935741425, 0.16459263861179352, 0.0482986755669117, 0.0005385230178944767], "rhythm.beats_loudness_band_ratio.stdev": [0.06248749792575836, 0.13300821185112, 0.12816192209720612, 0.09120042622089386, 0.031806763261556625, 0.0009190221317112446], "tonal.hpcp.mean": [0.06070961058139801, 0.02733454667031765, 0.0020612524822354317, 0.001579119241796434, 0.0004243416478857398, 0.016861626878380775, 0.049213916063308716, 0.03386630117893219, 0.07316689193248749, 0.14451280236244202, 0.07379017025232315, 0.001380853122100234, 0.0004620197578333318, 0.0016206980217248201, 0.1673664003610611, 0.3080095946788788, 0.14290538430213928, 0.0028368637431412935, 0.0025993050076067448, 0.00521588372066617, 0.1454591006040573, 0.3329133689403534, 0.2191292941570282, 0.22371385991573334, 0.36428043246269226, 0.17110583186149597, 0.00679386593401432, 0.005652683787047863, 0.002883763052523136, 0.11605796217918396, 0.22832626104354858, 0.11323928833007812, 0.008880252949893475, 0.014522965997457504, 0.007333194371312857, 0.03536159172654152], "tonal.hpcp.stdev": [0.13917183876037598, 0.048800356686115265, 0.01903669908642769, 0.01060213427990675, 0.0017299500759691, 0.02476906217634678, 0.07018222659826279, 0.04972066357731819, 0.1557241976261139, 0.2545369863510132, 0.11681850999593735, 0.018117494881153107, 0.0012169366236776114, 0.02234322391450405, 0.2219247668981552, 0.3909715712070465, 0.18039384484291077, 0.010709584690630436, 0.007293763570487499, 0.03488883003592491, 0.21542957425117493, 0.42159754037857056, 0.3021082878112793, 0.2879796624183655, 0.4364718794822693, 0.23165850341320038, 0.03601795434951782, 0.01787012442946434, 0.008451579138636589, 0.18281051516532898, 0.36256369948387146, 0.18582595884799957, 0.017095934599637985, 0.029462557286024094, 0.023786773905158043, 0.11536700278520584], "rhythm.beats_position": [0.5572788715362549, 1.1261677742004395, 1.6486167907714844, 2.1710658073425293, 2.670294761657715, 3.1695237159729004, 3.6571428775787354, 4.133152008056641, 4.6207709312438965, 5.108389854431152, 5.596008777618408, 6.060408115386963, 6.548027038574219, 7.035645961761475, 7.523265361785889, 7.987664222717285, 8.45206356048584, 8.916461944580078, 9.392471313476562, 9.880090713500977, 10.414149284362793, 10.948208808898926, 11.505487442016602, 12.039546012878418, 12.538775444030762, 13.049613952636719, 13.548843383789062, 14.04807186126709, 14.512471199035645, 14.988480567932129, 15.464489936828613, 15.928888320922852, 16.393287658691406, 16.86929702758789, 17.345306396484375, 17.832923889160156, 18.3321533203125, 18.831382751464844, 19.319002151489258, 19.806621551513672, 20.294239044189453, 20.781858444213867, 21.26947784423828, 21.733877182006836, 22.19827651977539, 22.662675857543945, 23.1270751953125, 23.591472625732422, 24.079092025756836, 24.55510139465332, 25.031110763549805, 25.49551010131836, 25.971519470214844, 26.459136962890625, 26.93514633178711, 27.422765731811523, 27.898775100708008, 28.374784469604492, 28.850793838500977, 29.326801300048828, 29.791200637817383, 30.255599975585938, 30.708389282226562, 31.161178588867188, 31.625577926635742, 32.0899772644043, 32.55437469482422, 33.0303840637207, 33.50639343261719, 33.970794677734375, 34.4351921081543, 34.89958953857422, 35.363990783691406, 35.82838821411133, 36.292789459228516, 36.75718688964844, 37.221588134765625, 37.68598556518555, 38.15038299560547, 38.614784240722656, 39.07918167114258, 39.55519104003906], "rhythm.bpm_histogram": [0.0, 0.0, 0.0, 0.0, 0.0, 0.0, 0.0, 0.0, 0.0, 0.0, 0.0, 0.0, 0.0, 0.0, 0.0, 0.0, 0.0, 0.0, 0.0, 0.0, 0.0, 0.0, 0.0, 0.0, 0.0, 0.0, 0.0, 0.0, 0.0, 0.0, 0.0, 0.0, 0.0, 0.0, 0.0, 0.0, 0.0, 0.0, 0.0, 0.0, 0.0, 0.0, 0.0, 0.0, 0.0, 0.0, 0.0, 0.0, 0.0, 0.0, 0.0, 0.0, 0.0, 0.0, 0.0, 0.0, 0.0, 0.0, 0.0, 0.0, 0.0, 0.0, 0.0, 0.0, 0.0, 0.0, 0.0, 0.0, 0.0, 0.0, 0.0, 0.0, 0.0, 0.0, 0.0, 0.0, 0.0, 0.0, 0.0, 0.0, 0.0, 0.0, 0.0, 0.0, 0.0, 0.0, 0.0, 0.0, 0.0, 0.0, 0.0, 0.0, 0.0, 0.0, 0.0, 0.0, 0.0, 0.0, 0.0, 0.0, 0.0, 0.0, 0.0, 0.0, 0.0, 0.012345679104328156, 0.0, 0.0, 0.012345679104328156, 0.0, 0.0, 0.0, 0.03703703731298447, 0.0, 0.0, 0.02469135820865631, 0.0, 0.012345679104328156, 0.0, 0.0, 0.08641975373029709, 0.0, 0.0, 0.20987653732299805, 0.0, 0.0, 0.20987653732299805, 0.0, 0.0, 0.37037035822868347, 0.0, 0.0, 0.0, 0.02469135820865631, 0.0, 0.0, 0.0, 0.0, 0.0, 0.0, 0.0, 0.0, 0.0, 0.0, 0.0, 0.0, 0.0, 0.0, 0.0, 0.0, 0.0, 0.0, 0.0, 0.0, 0.0, 0.0, 0.0, 0.0, 0.0, 0.0, 0.0, 0.0, 0.0, 0.0, 0.0, 0.0, 0.0, 0.0, 0.0, 0.0, 0.0, 0.0, 0.0, 0.0, 0.0, 0.0, 0.0, 0.0, 0.0, 0.0, 0.0, 0.0, 0.0, 0.0, 0.0, 0.0, 0.0, 0.0, 0.0, 0.0, 0.0, 0.0, 0.0, 0.0, 0.0, 0.0, 0.0, 0.0, 0.0, 0.0, 0.0, 0.0, 0.0, 0.0, 0.0, 0.0, 0.0, 0.0, 0.0, 0.0, 0.0, 0.0, 0.0, 0.0, 0.0, 0.0, 0.0, 0.0, 0.0, 0.0, 0.0, 0.0, 0.0, 0.0, 0.0, 0.0, 0.0, 0.0, 0.0, 0.0, 0.0, 0.0, 0.0, 0.0, 0.0, 0.0, 0.0, 0.0, 0.0, 0.0, 0.0, 0.0, 0.0, 0.0, 0.0, 0.0, 0.0, 0.0, 0.0, 0.0], "tonal.chords_histogram": [13.310185432434082, 11.921296119689941, 19.560184478759766, 5.208333492279053, 9.259259223937988, 2.777777671813965, 0.9259259104728699, 0.0, 0.5787037014961243, 0.0, 6.134259223937988, 0.0, 0.0, 0.0, 0.0, 0.0, 0.0, 3.472222328186035, 0.0, 0.0, 0.0, 1.8518518209457397, 0.0, 25.0], "tonal.thpcp": [1.0, 0.4697090983390808, 0.018650097772479057, 0.015517395921051502, 0.007916326634585857, 0.31859511137008667, 0.6267870664596558, 0.3108574450016022, 0.024377519264817238, 0.03986754268407822, 0.02013062871992588, 0.09707244485616684, 0.1666562557220459, 0.07503709942102432, 0.005658422131091356, 0.004334900062531233, 0.0011648762738332152, 0.04628748819231987, 0.13509897887706757, 0.09296766668558121, 0.20085319876670837, 0.39670756459236145, 0.20256419479846954, 0.0037906321231275797, 0.0012683079112321138, 0.004449039697647095, 0.4594438374042511, 0.845528781414032, 0.3922949731349945, 0.0077875819988548756, 0.007135450374335051, 0.014318319968879223, 0.3993052840232849, 0.9138931035995483, 0.6015400886535645, 0.6141253709793091], "lowlevel.gfcc.cov": [[5355.650390625, 153.06771850585938, -689.8385009765625, 1239.067626953125, 443.74774169921875, 41.18155288696289, 511.7184753417969, -155.5019073486328, 198.33505249023438, 345.7096862792969, -120.72055053710938, -67.4135971069336, -214.3559112548828], [153.06771850585938, 464.49169921875, 323.4938659667969, 75.26683044433594, 188.5662841796875, 114.20233917236328, 96.46207427978516, 79.30099487304688, -18.450109481811523, -53.13283920288086, -4.964800834655762, -73.87178802490234, -68.99324035644531], [-689.8385009765625, 323.4938659667969, 612.3494262695312, -3.9895308017730713, 66.84342193603516, 178.5347137451172, -9.295668601989746, 99.01915740966797, -40.53565979003906, -127.46382141113281, 18.356966018676758, -53.40006637573242, -75.56026458740234], [1239.067626953125, 75.26683044433594, -3.9895308017730713, 543.2438354492188, 165.71617126464844, 97.83983612060547, 235.9442596435547, 15.122437477111816, 83.3656005859375, 86.05978393554688, -58.710330963134766, -29.950321197509766, -124.09656524658203], [443.74774169921875, 188.5662841796875, 66.84342193603516, 165.71617126464844, 203.29605102539062, 77.92512512207031, 78.6993637084961, 33.76723098754883, 24.49517059326172, 35.02377700805664, 7.325333118438721, -19.440078735351562, -45.54020690917969], [41.18155288696289, 114.20233917236328, 178.5347137451172, 97.83983612060547, 77.92512512207031, 141.7554473876953, 48.49348831176758, 44.67586898803711, 38.31196975708008, -10.682879447937012, -1.4721596240997314, -14.704283714294434, -51.844112396240234], [511.7184753417969, 96.46207427978516, -9.295668601989746, 235.9442596435547, 78.6993637084961, 48.49348831176758, 202.0636444091797, 62.8082160949707, 33.86841583251953, 55.961647033691406, -32.582275390625, -27.96644401550293, -32.11111068725586], [-155.5019073486328, 79.30099487304688, 99.01915740966797, 15.122437477111816, 33.76723098754883, 44.67586898803711, 62.8082160949707, 118.52400207519531, 36.182376861572266, 3.4546477794647217, 26.44222068786621, -9.286229133605957, -23.543195724487305], [198.33505249023438, -18.450109481811523, -40.53565979003906, 83.3656005859375, 24.49517059326172, 38.31196975708008, 33.86841583251953, 36.182376861572266, 126.83634185791016, 68.4616470336914, 0.6337165236473083, 31.191041946411133, -23.741716384887695], [345.7096862792969, -53.13283920288086, -127.46382141113281, 86.05978393554688, 35.02377700805664, -10.682879447937012, 55.961647033691406, 3.4546477794647217, 68.4616470336914, 107.91581726074219, 1.2143443822860718, 18.3464298248291, 22.869218826293945], [-120.72055053710938, -4.964800834655762, 18.356966018676758, -58.710330963134766, 7.325333118438721, -1.4721596240997314, -32.582275390625, 26.44222068786621, 0.6337165236473083, 1.2143443822860718, 83.88286590576172, 30.598722457885742, -17.386152267456055], [-67.4135971069336, -73.87178802490234, -53.40006637573242, -29.950321197509766, -19.440078735351562, -14.704283714294434, -27.96644401550293, -9.286229133605957, 31.191041946411133, 18.3464298248291, 30.598722457885742, 73.05058288574219, 19.952505111694336], [-214.3559112548828, -68.99324035644531, -75.56026458740234, -124.09656524658203, -45.54020690917969, -51.844112396240234, -32.11111068725586, -23.543195724487305, -23.741716384887695, 22.869218826293945, -17.386152267456055, 19.952505111694336, 126.12348175048828]], "lowlevel.gfcc.icov": [[0.0010712614748626947, -0.0028077978640794754, 0.0027088583447039127, -0.0038660787977278233, 0.0020643884781748056, -0.001545466366223991, 0.0027462728321552277, -7.422724593197927e-05, 0.0011198180727660656, -0.0013662533601745963, -0.0014150417409837246, 0.0005340768839232624, -0.0009218898485414684], [-0.0028077978640794754, 0.022260453552007675, -0.015382228419184685, 0.019584733992815018, -0.02192031964659691, 0.013270985335111618, -0.025043340399861336, 0.011537737213075161, -0.015320396050810814, 0.014902384020388126, 0.0016405375208705664, 0.00632714806124568, 0.004416623152792454], [0.0027088583447039127, -0.015382228419184685, 0.016120145097374916, -0.01613958552479744, 0.014547412283718586, -0.014425740577280521, 0.019524402916431427, -0.010392398573458195, 0.011673119850456715, -0.006417879834771156, -0.002763077849522233, -0.0017756461165845394, -0.004418297670781612], [-0.0038660787977278233, 0.019584733992815018, -0.01613958552479744, 0.02905438095331192, -0.02053001895546913, 0.01169926393777132, -0.02984756976366043, 0.013128857128322124, -0.012641252018511295, 0.00792835932224989, 0.008355719968676567, -6.476107228081673e-05, 0.012653582729399204], [0.0020643884781748056, -0.02192031964659691, 0.014547412283718586, -0.02053001895546913, 0.031092626973986626, -0.017570536583662033, 0.02687164954841137, -0.01478113979101181, 0.01940552145242691, -0.01951613835990429, -0.0022155935876071453, -0.00626135990023613, -0.004003782756626606], [-0.001545466366223991, 0.013270985335111618, -0.014425740577280521, 0.01169926393777132, -0.017570536583662033, 0.027504771947860718, -0.019850797951221466, 0.011471705511212349, -0.01960846036672592, 0.014512448571622372, -0.001016560010612011, 0.005512759555131197, 0.002216113032773137], [0.0027462728321552277, -0.025043340399861336, 0.019524402916431427, -0.02984756976366043, 0.02687164954841137, -0.019850797951221466, 0.05081259086728096, -0.030643915757536888, 0.029345067217946053, -0.02631884254515171, 0.006426173262298107, -0.0092053497210145, -0.005304934456944466], [-7.422724593197927e-05, 0.011537737213075161, -0.010392398573458195, 0.013128857128322124, -0.01478113979101181, 0.011471705511212349, -0.030643915757536888, 0.03537212312221527, -0.02641545981168747, 0.018780319020152092, -0.01494098361581564, 0.0137719064950943, -0.0015596977900713682], [0.0011198180727660656, -0.015320396050810814, 0.011673119850456715, -0.012641252018511295, 0.01940552145242691, -0.01960846036672592, 0.029345067217946053, -0.02641545981168747, 0.04546092078089714, -0.037411462515592575, 0.01760161481797695, -0.022372659295797348, 0.010871700942516327], [-0.0013662533601745963, 0.014902384020388126, -0.006417879834771156, 0.00792835932224989, -0.01951613835990429, 0.014512448571622372, -0.02631884254515171, 0.018780319020152092, -0.037411462515592575, 0.05233031511306763, -0.0185505710542202, 0.01747271418571472, -0.01634296029806137], [-0.0014150417409837246, 0.0016405375208705664, -0.002763077849522233, 0.008355719968676567, -0.0022155935876071453, -0.001016560010612011, 0.006426173262298107, -0.01494098361581564, 0.01760161481797695, -0.0185505710542202, 0.03518964350223541, -0.020854627713561058, 0.017514873296022415], [0.0005340768839232624, 0.00632714806124568, -0.0017756461165845394, -6.476107228081673e-05, -0.00626135990023613, 0.005512759555131197, -0.0092053497210145, 0.0137719064950943, -0.022372659295797348, 0.01747271418571472, -0.020854627713561058, 0.034153297543525696, -0.012183845974504948], [-0.0009218898485414684, 0.004416623152792454, -0.004418297670781612, 0.012653582729399204, -0.004003782756626606, 0.002216113032773137, -0.005304934456944466, -0.0015596977900713682, 0.010871700942516327, -0.01634296029806137, 0.017514873296022415, -0.012183845974504948, 0.02575644664466381]], "lowlevel.mfcc.cov": [[3996.694091796875, 537.1082153320312, -1274.8885498046875, 1371.873046875, -12.19951057434082, 345.72723388671875, 370.8839416503906, -229.19818115234375, 374.29296875, 128.01429748535156, 221.95346069335938, 353.02032470703125, -50.59466552734375], [537.1082153320312, 430.7989196777344, 83.07425689697266, 162.11778259277344, 111.74205780029297, 102.33991241455078, 163.6322784423828, 57.16341781616211, 41.092742919921875, 67.44449615478516, 57.47439193725586, 33.7293701171875, 25.111867904663086], [-1274.8885498046875, 83.07425689697266, 831.4915161132812, -327.807861328125, 60.279937744140625, 1.7042709589004517, -11.28695011138916, 228.42774963378906, -97.13435363769531, 19.402311325073242, -0.007293081842362881, -123.13928985595703, 83.70708465576172], [1371.873046875, 162.11778259277344, -327.807861328125, 655.705810546875, 33.61766052246094, 146.36212158203125, 183.221923828125, -35.54157638549805, 175.69686889648438, 54.268672943115234, 116.13956451416016, 161.8858184814453, -1.7661372423171997], [-12.19951057434082, 111.74205780029297, 60.279937744140625, 33.61766052246094, 172.35670471191406, 50.5303955078125, 5.554931640625, 53.77740478515625, -1.2589730024337769, 0.45967498421669006, 51.33371353149414, 27.763235092163086, 10.796612739562988], [345.72723388671875, 102.33991241455078, 1.7042709589004517, 146.36212158203125, 50.5303955078125, 148.0416259765625, 52.90656661987305, 8.094972610473633, 63.037845611572266, 10.140732765197754, 51.52476119995117, 39.67445373535156, -6.214179039001465], [370.8839416503906, 163.6322784423828, -11.28695011138916, 183.221923828125, 5.554931640625, 52.90656661987305, 193.88035583496094, 20.125612258911133, 40.24327087402344, 67.70223999023438, 16.280452728271484, 33.93378448486328, 16.992286682128906], [-229.19818115234375, 57.16341781616211, 228.42774963378906, -35.54157638549805, 53.77740478515625, 8.094972610473633, 20.125612258911133, 167.85861206054688, -11.100988388061523, 11.583169937133789, 56.27626419067383, -15.775052070617676, 52.94961166381836], [374.29296875, 41.092742919921875, -97.13435363769531, 175.69686889648438, -1.2589730024337769, 63.037845611572266, 40.24327087402344, -11.100988388061523, 170.21661376953125, 42.424713134765625, 35.81792449951172, 99.49745178222656, -41.10952377319336], [128.01429748535156, 67.44449615478516, 19.402311325073242, 54.268672943115234, 0.45967498421669006, 10.140732765197754, 67.70223999023438, 11.583169937133789, 42.424713134765625, 118.24381256103516, 27.51811408996582, 15.563823699951172, 27.065067291259766], [221.95346069335938, 57.47439193725586, -0.007293081842362881, 116.13956451416016, 51.33371353149414, 51.52476119995117, 16.280452728271484, 56.27626419067383, 35.81792449951172, 27.51811408996582, 122.62353515625, 56.160091400146484, 4.652766704559326], [353.02032470703125, 33.7293701171875, -123.13928985595703, 161.8858184814453, 27.763235092163086, 39.67445373535156, 33.93378448486328, -15.775052070617676, 99.49745178222656, 15.563823699951172, 56.160091400146484, 137.8203125, -6.601260185241699], [-50.59466552734375, 25.111867904663086, 83.70708465576172, -1.7661372423171997, 10.796612739562988, -6.214179039001465, 16.992286682128906, 52.94961166381836, -41.10952377319336, 27.065067291259766, 4.652766704559326, -6.601260185241699, 126.0362319946289]], "lowlevel.mfcc.icov": [[0.02636038139462471, -0.03461567312479019, 0.034814655780792236, -0.03715930134057999, 0.03257092460989952, -0.03042455203831196, 0.028324108570814133, -0.024107662960886955, 0.0212264321744442, -0.019448524340987206, 0.012586614117026329, -0.009801921434700489, 0.005976809188723564], [-0.03461567312479019, 0.05021578073501587, -0.046065881848335266, 0.04913490265607834, -0.04556445777416229, 0.039214495569467545, -0.041265249252319336, 0.032677631825208664, -0.028976496309041977, 0.025708826258778572, -0.017807835713028908, 0.014158426783978939, -0.008519073016941547], [0.034814655780792236, -0.046065881848335266, 0.048930831253528595, -0.047764699906110764, 0.0432397797703743, -0.04184441640973091, 0.037540435791015625, -0.035710372030735016, 0.02851785719394684, -0.026621779426932335, 0.017785569652915, -0.012526019476354122, 0.007867076434195042], [-0.03715930134057999, 0.04913490265607834, -0.047764699906110764, 0.05758200213313103, -0.046609364449977875, 0.04222797229886055, -0.04481712728738785, 0.03622749075293541, -0.034439776092767715, 0.030496079474687576, -0.022591644898056984, 0.015335964038968086, -0.011424267664551735], [0.03257092460989952, -0.04556445777416229, 0.0432397797703743, -0.046609364449977875, 0.050332628190517426, -0.04097437486052513, 0.03928932920098305, -0.03426656499505043, 0.031518276780843735, -0.026148224249482155, 0.017391063272953033, -0.017249535769224167, 0.009899460710585117], [-0.03042455203831196, 0.039214495569467545, -0.04184441640973091, 0.04222797229886055, -0.04097437486052513, 0.04914000257849693, -0.036433521658182144, 0.03418964147567749, -0.032641660422086716, 0.028413765132427216, -0.02196921966969967, 0.01715741492807865, -0.010201274417340755], [0.028324108570814133, -0.041265249252319336, 0.037540435791015625, -0.04481712728738785, 0.03928932920098305, -0.036433521658182144, 0.046738073229789734, -0.03329990804195404, 0.031483244150877, -0.03039626218378544, 0.02360447682440281, -0.01737374998629093, 0.011572864837944508], [-0.024107662960886955, 0.032677631825208664, -0.035710372030735016, 0.03622749075293541, -0.03426656499505043, 0.03418964147567749, -0.03329990804195404, 0.04266494885087013, -0.03010178543627262, 0.026563456282019615, -0.026092225685715675, 0.01811160147190094, -0.014387931674718857], [0.0212264321744442, -0.028976496309041977, 0.02851785719394684, -0.034439776092767715, 0.031518276780843735, -0.032641660422086716, 0.031483244150877, -0.03010178543627262, 0.04190023988485336, -0.028607457876205444, 0.022974027320742607, -0.025079933926463127, 0.016611965373158455], [-0.019448524340987206, 0.025708826258778572, -0.026621779426932335, 0.030496079474687576, -0.026148224249482155, 0.028413765132427216, -0.03039626218378544, 0.026563456282019615, -0.028607457876205444, 0.03372268006205559, -0.021070344