{"song_id": "1182269871489298462", "download": "https://cdn.discordapp.com/attachments/1128313332273782784/1182269871489298462/chirp.mp4?ex=6584159e&amp", "lyrics": "[Verse 1]\nHappy birthday, Estelle Aka Buffy from Suresnes\nLet's celebrate you're birthday with a raw energy\nyou're from Amiens, where the music's alive\nWe'll shake it up and make the walls revive\n\n[Chorus]\nYou rock, raise your fists up high\nToday, let's go wild and ride the snow\nHappy birthday, Estelle rock Girl\nOh, let the rock spirit set us free\n\n[Verse 2]\nHappy birthday, Estelle Aka the zumba queen\nLet's celebrate you're birthday with snowboarding day\nyou're from Amiens, But now you'r a parisien girl\nWe'll shake it up and make the walls revive\n\n[Chorus]\nYou rock, raise your fists up high\nToday, let's go wild and ride the snow\nHappy birthday, Estelle rock Girl", "style": ["pop"], "essentia_features": {"lowlevel.average_loudness": 0.98288494348526, "lowlevel.barkbands_crest.mean": 12.808826446533203, "lowlevel.barkbands_crest.stdev": 4.109273910522461, "lowlevel.barkbands_flatness_db.mean": 0.15076203644275665, "lowlevel.barkbands_flatness_db.stdev": 0.03823274374008179, "lowlevel.barkbands_kurtosis.mean": 7.5039215087890625, "lowlevel.barkbands_kurtosis.stdev": 10.684195518493652, "lowlevel.barkbands_skewness.mean": 2.406348943710327, "lowlevel.barkbands_skewness.stdev": 1.4313160181045532, "lowlevel.barkbands_spread.mean": 25.381803512573242, "lowlevel.barkbands_spread.stdev": 14.209725379943848, "lowlevel.dissonance.mean": 0.4768710732460022, "lowlevel.dissonance.stdev": 0.0199107825756073, "lowlevel.dynamic_complexity": 1.4800186157226562, "lowlevel.erbbands_crest.mean": 9.192869186401367, "lowlevel.erbbands_crest.stdev": 5.070033550262451, "lowlevel.erbbands_flatness_db.mean": 0.12386185675859451, "lowlevel.erbbands_flatness_db.stdev": 0.03423153981566429, "lowlevel.erbbands_kurtosis.mean": 0.31957337260246277, "lowlevel.erbbands_kurtosis.stdev": 2.0888512134552, "lowlevel.erbbands_skewness.mean": -0.20437079668045044, "lowlevel.erbbands_skewness.stdev": 0.6974972486495972, "lowlevel.erbbands_spread.mean": 59.676395416259766, "lowlevel.erbbands_spread.stdev": 29.001522064208984, "lowlevel.hfc.mean": 25.089879989624023, "lowlevel.hfc.stdev": 13.53960132598877, "lowlevel.loudness_ebu128.integrated": -14.749763488769531, "lowlevel.loudness_ebu128.loudness_range": 1.103738784790039, "lowlevel.loudness_ebu128.momentary.mean": -14.804855346679688, "lowlevel.loudness_ebu128.momentary.stdev": 0.6971447467803955, "lowlevel.loudness_ebu128.short_term.mean": -14.759797096252441, "lowlevel.loudness_ebu128.short_term.stdev": 0.40119877457618713, "lowlevel.melbands_crest.mean": 19.133769989013672, "lowlevel.melbands_crest.stdev": 4.4576005935668945, "lowlevel.melbands_flatness_db.mean": 0.22474436461925507, "lowlevel.melbands_flatness_db.stdev": 0.04806804284453392, "lowlevel.melbands_kurtosis.mean": 37.949283599853516, "lowlevel.melbands_kurtosis.stdev": 41.61952209472656, "lowlevel.melbands_skewness.mean": 4.925861358642578, "lowlevel.melbands_skewness.stdev": 2.6342527866363525, "lowlevel.melbands_spread.mean": 17.735347747802734, "lowlevel.melbands_spread.stdev": 13.135355949401855, "lowlevel.pitch_salience.mean": 0.4306744933128357, "lowlevel.pitch_salience.stdev": 0.11698493361473083, "lowlevel.silence_rate_20dB.mean": 1.0, "lowlevel.silence_rate_20dB.stdev": 0.0, "lowlevel.silence_rate_30dB.mean": 0.9130945205688477, "lowlevel.silence_rate_30dB.stdev": 0.28169697523117065, "lowlevel.silence_rate_60dB.mean": 0.0005871990579180419, "lowlevel.silence_rate_60dB.stdev": 0.02422533929347992, "lowlevel.spectral_centroid.mean": 1516.649169921875, "lowlevel.spectral_centroid.stdev": 526.6019897460938, "lowlevel.spectral_complexity.mean": 19.10628318786621, "lowlevel.spectral_complexity.stdev": 8.924744606018066, "lowlevel.spectral_decrease.mean": -1.2553885930799424e-08, "lowlevel.spectral_decrease.stdev": 1.0048300858045423e-08, "lowlevel.spectral_energy.mean": 0.049656979739665985, "lowlevel.spectral_energy.stdev": 0.038476500660181046, "lowlevel.spectral_energyband_high.mean": 0.0012876917608082294, "lowlevel.spectral_energyband_high.stdev": 0.0011471871985122561, "lowlevel.spectral_energyband_low.mean": 0.03280796855688095, "lowlevel.spectral_energyband_low.stdev": 0.035684823989868164, "lowlevel.spectral_energyband_middle_high.mean": 0.005852140486240387, "lowlevel.spectral_energyband_middle_high.stdev": 0.0059288241900503635, "lowlevel.spectral_energyband_middle_low.mean": 0.01118546538054943, "lowlevel.spectral_energyband_middle_low.stdev": 0.0165818240493536, "lowlevel.spectral_entropy.mean": 7.847336292266846, "lowlevel.spectral_entropy.stdev": 0.24656720459461212, "lowlevel.spectral_flux.mean": 0.11862802505493164, "lowlevel.spectral_flux.stdev": 0.07391726970672607, "lowlevel.spectral_kurtosis.mean": 2.5152742862701416, "lowlevel.spectral_kurtosis.stdev": 1.309928059577942, "lowlevel.spectral_rms.mean": 0.006596730090677738, "lowlevel.spectral_rms.stdev": 0.0022201426327228546, "lowlevel.spectral_rolloff.mean": 975.1010131835938, "lowlevel.spectral_rolloff.stdev": 1215.524169921875, "lowlevel.spectral_skewness.mean": 1.1874732971191406, "lowlevel.spectral_skewness.stdev": 0.26678359508514404, "lowlevel.spectral_spread.mean": 5471686.0, "lowlevel.spectral_spread.stdev": 1354054.75, "lowlevel.spectral_strongpeak.mean": 0.6801888942718506, "lowlevel.spectral_strongpeak.stdev": 0.7429018616676331, "lowlevel.zerocrossingrate.mean": 0.05572284013032913, "lowlevel.zerocrossingrate.stdev": 0.025448665022850037, "metadata.audio_properties.analysis.equal_loudness": 0.0, "metadata.audio_properties.analysis.length": 39.508277893066406, "metadata.audio_properties.analysis.sample_rate": 44100.0, "metadata.audio_properties.analysis.start_time": 0.0, "metadata.audio_properties.bit_rate": 118388.0, "metadata.audio_properties.length": 39.509334564208984, "metadata.audio_properties.lossless": 0.0, "metadata.audio_properties.number_channels": 1.0, "metadata.audio_properties.replay_gain": -10.546701431274414, "metadata.audio_properties.sample_rate": 48000.0, "rhythm.beats_count": 59.0, "rhythm.beats_loudness.mean": 0.05814371630549431, "rhythm.beats_loudness.stdev": 0.01593800261616707, "rhythm.bpm": 90.77050018310547, "rhythm.bpm_histogram_first_peak_bpm": 91.0, "rhythm.bpm_histogram_first_peak_weight": 0.14545458555221558, "rhythm.bpm_histogram_second_peak_bpm": 83.0, "rhythm.bpm_histogram_second_peak_spread": 0.6666666269302368, "rhythm.bpm_histogram_second_peak_weight": 0.017241379246115685, "rhythm.danceability": 1.6465481519699097, "rhythm.onset_rate": 4.352186679840088, "tonal.chords_changes_rate": 0.0833333358168602, "tonal.chords_number_rate": 0.015258216299116611, "tonal.chords_strength.mean": 0.543988823890686, "tonal.chords_strength.stdev": 0.0985184907913208, "tonal.hpcp_crest.mean": 11.988349914550781, "tonal.hpcp_crest.stdev": 5.660531997680664, "tonal.hpcp_entropy.mean": 2.283374547958374, "tonal.hpcp_entropy.stdev": 0.8325530886650085, "tonal.key_edma.strength": 0.7595371007919312, "tonal.key_krumhansl.strength": 0.7677823901176453, "tonal.key_temperley.strength": 0.7769755125045776, "tonal.tuning_diatonic_strength": 0.5990224480628967, "tonal.tuning_equal_tempered_deviation": 0.16476711630821228, "tonal.tuning_frequency": 446.91595458984375, "tonal.tuning_nontempered_energy_ratio": 0.865168571472168, "lowlevel.barkbands.mean": [0.00021173161803744733, 0.01955028995871544, 0.011623934842646122, 0.0036558404099196196, 0.004741878714412451, 0.0006928630173206329, 0.0008802834781818092, 0.0006953634438104928, 0.0004415940202306956, 0.0009474425460211933, 0.0007654401124455035, 0.0003939669986721128, 0.0007449617842212319, 0.0005541774444282055, 0.0005145183531567454, 0.0004995560739189386, 0.0004675419186241925, 0.0003530324902385473, 0.000441634125309065, 0.00037935495493002236, 0.0002314444718649611, 0.00020742544438689947, 0.00022365539916791022, 0.00023453195171896368, 0.0001382051414111629, 6.538514571730047e-05, 9.460834462515777e-07], "lowlevel.barkbands.stdev": [0.0003640725917648524, 0.028829671442508698, 0.01189076341688633, 0.005131838843226433, 0.010904073715209961, 0.0014687381917610765, 0.0017299168976023793, 0.002025194466114044, 0.0014614720130339265, 0.002569328062236309, 0.0021769790910184383, 0.0011722096242010593, 0.0018891975050792098, 0.0015668314881622791, 0.0013863055501133204, 0.0011340044438838959, 0.0008998318226076663, 0.0004032916040159762, 0.0003667233686428517, 0.00030746677657589316, 0.00021902582375332713, 0.00021664252562914044, 0.0002221145259682089, 0.00037999259075149894, 0.00023390573915094137, 0.00011609811190282926, 2.144045311069931e-06], "lowlevel.erbbands.mean": [0.3372907042503357, 5.140087604522705, 13.986288070678711, 12.355295181274414, 21.008085250854492, 10.376895904541016, 5.718172550201416, 6.047215461730957, 11.174579620361328, 14.574943542480469, 13.998335838317871, 10.5989351272583, 16.3387451171875, 35.53286361694336, 28.303150177001953, 17.697219848632812, 32.836708068847656, 29.20351219177246, 35.30021286010742, 19.66280746459961, 29.17679786682129, 28.109113693237305, 18.199243545532227, 24.224206924438477, 19.912179946899414, 18.082763671875, 11.899577140808105, 7.982988357543945, 7.514829158782959, 7.105257511138916, 6.121488094329834, 5.058381080627441, 3.731812000274658, 1.8437458276748657, 0.8343275785446167, 0.3622584044933319, 0.10808932036161423, 0.011045832186937332, 0.00026009450084529817, 6.868666969239712e-05], "lowlevel.erbbands.stdev": [0.7032230496406555, 7.0051727294921875, 13.714037895202637, 11.852446556091309, 46.28959274291992, 25.11878204345703, 12.825847625732422, 13.019378662109375, 22.53673553466797, 31.314176559448242, 41.212825775146484, 38.5900764465332, 36.27975082397461, 85.37493133544922, 71.79510498046875, 43.74591827392578, 80.33125305175781, 83.26435852050781, 94.75167846679688, 43.32789993286133, 57.202884674072266, 56.572547912597656, 22.041351318359375, 21.45082664489746, 15.893803596496582, 14.791472434997559, 10.408092498779297, 8.129191398620605, 7.8695220947265625, 7.719702243804932, 6.105397701263428, 6.78668737411499, 6.872719764709473, 3.248725414276123, 1.428681492805481, 0.6405017971992493, 0.201300710439682, 0.02002772130072117, 0.0004047977563459426, 4.579771848511882e-05], "lowlevel.gfcc.mean": [34.33649826049805, 66.29029083251953, -97.81246948242188, 61.97035598754883, -43.51911926269531, 31.06467628479004, -32.37559127807617, 18.73211669921875, -28.501920700073242, 2.3455986976623535, -17.673206329345703, -2.9025049209594727, -19.08026885986328], "lowlevel.melbands.mean": [0.004324379842728376, 0.007151193451136351, 0.002528606215491891, 0.001152450917288661, 0.00022374345280695707, 0.000136039758217521, 0.00017509673489257693, 0.00016142734966706485, 0.00010407689114799723, 6.419207056751475e-05, 8.790723222773522e-05, 0.00015097632422111928, 0.00010894419392570853, 4.270510544301942e-05, 6.498453876702115e-05, 7.278535485966131e-05, 4.877113315160386e-05, 5.9406091168057173e-05, 2.8824200853705406e-05, 2.8504600777523592e-05, 3.4237098589073867e-05, 3.051144267374184e-05, 1.7893647964228876e-05, 1.6993773897411302e-05, 2.01227558136452e-05, 1.5766652722959407e-05, 1.3277992366056424e-05, 1.1555319360923022e-05, 8.018591870495584e-06, 5.536177923204377e-06, 4.290125161787728e-06, 4.2885726543318015e-06, 3.935623226425378e-06, 3.9982387534109876e-06, 3.5636192023957847e-06, 3.1806503102416173e-06, 3.1508832307736157e-06, 2.9294581054273294e-06, 1.8079999790643342e-06, 1.4611999858971103e-06], "lowlevel.melbands.stdev": [0.007381930481642485, 0.007096859160810709, 0.002802138216793537, 0.002692007925361395, 0.0004905882524326444, 0.00028382689924910665, 0.00034241878893226385, 0.0003625673707574606, 0.00030517391860485077, 0.0002467777521815151, 0.00021075285621918738, 0.0003796157834585756, 0.0002995799877680838, 0.000111599154479336, 0.00018356974760536104, 0.00018941938469652086, 0.0001443471119273454, 0.00016854632121976465, 7.332061795750633e-05, 7.720904977759346e-05, 7.129146251827478e-05, 6.596084131160751e-05, 2.8557205951074138e-05, 2.066137494693976e-05, 1.866531601990573e-05, 1.4108986761129927e-05, 1.1303041901555844e-05, 1.0186109648202546e-05, 7.562122846138664e-06, 5.5091491049097385e-06, 4.665313099394552e-06, 4.5553224481409416e-06, 4.42819236923242e-06, 4.443526904651662e-06, 3.5884602311853087e-06, 3.710000555656734e-06, 4.738295956485672e-06, 5.610084826912498e-06, 3.356965407874668e-06, 2.645277845658711e-06], "lowlevel.melbands128.mean": [0.00013646901061292738, 0.001697925734333694, 0.005961979739367962, 0.009542691521346569, 0.008247814141213894, 0.0052032386884093285, 0.0022441695909947157, 0.0020190442446619272, 0.002522519789636135, 0.00103478180244565, 0.00042334842146374285, 0.0002722721255850047, 0.0001847390813054517, 0.0001378462475258857, 0.00012177210737718269, 0.0001437111641280353, 0.00015650030400138348, 0.00019857370352838188, 0.0001703188754618168, 0.0001645890879444778, 0.0001581459800945595, 0.000150273583130911, 9.350503387395293e-05, 6.283876427914947e-05, 6.693619798170403e-05, 6.788794416934252e-05, 5.030117608839646e-05, 4.9037273129215464e-05, 0.00015027860354166478, 0.0002172245440306142, 9.964869968825951e-05, 0.00012895242252852768, 0.00014565968012902886, 6.403016595868394e-05, 4.9364294682163745e-05, 3.115287472610362e-05, 3.9205664506880566e-05, 6.108566594775766e-05, 9.229360875906423e-05, 6.922044121893123e-05, 5.8843648730544373e-05, 9.627969120629132e-05, 4.136862844461575e-05, 2.748209226410836e-05, 5.2102928748354316e-05, 7.688684127060696e-05, 5.7943710999097675e-05, 2.129264066752512e-05, 1.9556535335141234e-05, 2.585188667580951e-05, 2.65251292148605e-05, 3.403771188459359e-05, 4.366014400147833e-05, 2.856869832612574e-05, 2.521278292988427e-05, 3.752670454559848e-05, 2.9142391213099472e-05, 1.8510312656871974e-05, 1.5071979760250542e-05, 1.2820463780371938e-05, 1.6391966710216366e-05, 2.0374985979287885e-05, 2.1534344341489486e-05, 2.0151630451437086e-05, 1.7393465896020643e-05, 1.7066506188712083e-05, 1.403833903168561e-05, 1.1514892321429215e-05, 1.3592542927653994e-05, 1.5256565347954165e-05, 1.1395621186238714e-05, 9.72298948909156e-06, 9.83467270998517e-06, 7.542136245319853e-06, 6.287601536314469e-06, 6.015825420035981e-06, 4.990137767890701e-06, 4.35682022725814e-06, 4.2183755795122124e-06, 4.08132382290205e-06, 4.528232693701284e-06, 4.312384589866269e-06, 3.999346517957747e-06, 3.946764081774745e-06, 3.710827513714321e-06, 4.129051376366988e-06, 3.9984711293072905e-06, 3.968396868003765e-06, 3.4844056244764943e-06, 3.32279864778684e-06, 3.421318524488015e-06, 3.223289922971162e-06, 2.6741070087155094e-06, 3.0414198590733577e-06, 3.538273631420452e-06, 3.3515711947984528e-06, 2.769645107036922e-06, 2.386823098277091e-06, 1.670937081144075e-06, 1.5963578334776685e-06, 1.7231460560651612e-06, 1.3948150581200025e-06, 1.2450898339011474e-06, 1.070445705408929e-06, 8.543198077859415e-07, 8.044418109420803e-07, 8.318076538671448e-07, 7.420371161970252e-07, 5.952349511062494e-07, 5.362789465834794e-07, 4.705899812051939e-07, 3.758527213904017e-07, 3.644015009740542e-07, 2.689676819045417e-07, 1.7538749830237066e-07, 1.1255213649974394e-07, 3.7919598128155485e-08, 4.8814396969021345e-09, 4.529501079764131e-11, 2.8646975416823928e-11, 1.1336483835000521e-11, 6.701802741232443e-12, 6.511494468619539e-12, 6.388819594888018e-12, 6.210859517657985e-12, 5.971343645244653e-12, 5.827984796147323e-12, 5.780913074626692e-12], "lowlevel.melbands128.stdev": [0.00032019344507716596, 0.004357113502919674, 0.012225620448589325, 0.012156360782682896, 0.008446015417575836, 0.005408871453255415, 0.002488103462383151, 0.0034823762252926826, 0.005976459477096796, 0.003071701852604747, 0.0011274156859144568, 0.0006970995455048978, 0.0004957802011631429, 0.0003829841734841466, 0.00030285443062894046, 0.0004222003626637161, 0.00037622713716700673, 0.0004980480880476534, 0.00042005415889434516, 0.0004521884548012167, 0.0005274458089843392, 0.0005448173615150154, 0.0003808822366409004, 0.00023640620929654688, 0.0003659776702988893, 0.00034796641557477415, 0.0001687447220319882, 0.0001507907290942967, 0.0005321420612744987, 0.0007266583270393312, 0.0003623767988756299, 0.00047228691983036697, 0.0004810374230146408, 0.0002560415305197239, 0.0002113246446242556, 9.09496666281484e-05, 0.0001839881151681766, 0.00024645577650517225, 0.0003542084014043212, 0.00022953064762987196, 0.00022157457715366036, 0.0004446065577212721, 0.00016357960703317076, 8.816254558041692e-05, 0.0002169960644096136, 0.00028164946706965566, 0.00022128371347207576, 0.00010046545503428206, 5.2337312808958814e-05, 0.00010530302824918181, 0.00010424754145788029, 0.00011920155520783737, 0.00011804632231360301, 7.573244511149824e-05, 5.790308932773769e-05, 0.00010541910887695849, 9.210838470607996e-05, 4.3127452954649925e-05, 2.7406751542002894e-05, 2.215833228547126e-05, 2.947731627500616e-05, 2.655346179381013e-05, 2.6479066946194507e-05, 2.4506152840331197e-05, 1.921339389809873e-05, 2.1724647012888454e-05, 1.5744644770165905e-05, 1.2701388186542317e-05, 1.5302677638828754e-05, 1.5163284842856228e-05, 1.3855141332896892e-05, 1.0658850442268886e-05, 1.1789937161665875e-05, 8.166480256477371e-06, 6.693952855130192e-06, 6.805861175962491e-06, 6.109949481469812e-06, 5.268479071673937e-06, 5.620155206997879e-06, 4.512654413701966e-06, 5.3676776587963104e-06, 5.277661330183037e-06, 4.877829724136973e-06, 4.9418281378166284e-06, 4.761181116919033e-06, 5.542423423321452e-06, 4.8627871365169995e-06, 4.513416115514701e-06, 3.9532474147563335e-06, 3.723474264916149e-06, 4.046265530632809e-06, 4.565677500067977e-06, 3.841123543679714e-06, 4.74690796181676e-06, 6.38705023447983e-06, 6.599066637136275e-06, 5.743854217143962e-06, 5.168633379071252e-06, 3.4440256513335044e-06, 3.0122773750917986e-06, 3.135142378596356e-06, 2.7822222818940645e-06, 2.5192896373482654e-06, 2.0524425963230897e-06, 1.641779817873612e-06, 1.4636115110988612e-06, 1.491754005655821e-06, 1.3813753412250662e-06, 1.2489036862461944e-06, 1.0032732689069235e-06, 9.948919341695728e-07, 7.685316631977912e-07, 7.175768814704497e-07, 5.942192160546256e-07, 3.601447815526626e-07, 2.4284801725116267e-07, 7.95931072161693e-08, 1.75741980967814e-08, 7.495745690810907e-10, 6.389666018513651e-10, 1.2270887084220305e-10, 1.202879289230463e-11, 1.1901462454444456e-11, 1.1711940445247038e-11, 1.0511533483914537e-11, 9.027935517214036e-12, 8.664610695596764e-12, 8.615122504274098e-12], "lowlevel.mfcc.mean": [-611.0645141601562, 88.32785034179688, 14.898465156555176, 39.32784652709961, 20.240646362304688, 15.958844184875488, 15.476385116577148, 14.167707443237305, 1.8705147504806519, 8.419928550720215, 0.6271756887435913, 2.6367623805999756, 0.6134648323059082], "lowlevel.spectral_contrast_coeffs.mean": [-0.6575410962104797, -0.7739537358283997, -0.7811905145645142, -0.7959613800048828, -0.8013883829116821, -0.7657254934310913], "lowlevel.spectral_contrast_coeffs.stdev": [0.06228369474411011, 0.07684139162302017, 0.0804825872182846, 0.05660377815365791, 0.02952945977449417, 0.03270804136991501], "lowlevel.spectral_contrast_valleys.mean": [-6.469090461730957, -7.048411846160889, -7.433656215667725, -7.399999141693115, -6.904063701629639, -9.479331970214844], "lowlevel.spectral_contrast_valleys.stdev": [0.5511243343353271, 0.5871718525886536, 0.5036886930465698, 0.4627978205680847, 0.38114991784095764, 0.5172095894813538], "rhythm.beats_loudness_band_ratio.mean": [0.7731510996818542, 0.16056062281131744, 0.057308632880449295, 0.04546447843313217, 0.031038356944918633, 0.05536644905805588], "rhythm.beats_loudness_band_ratio.stdev": [0.09878677874803543, 0.07445818185806274, 0.06019289046525955, 0.057157114148139954, 0.029643850401043892, 0.02293993905186653], "tonal.hpcp.mean": [0.11238472163677216, 0.04919714853167534, 0.04706314206123352, 0.051611997187137604, 0.07844393700361252, 0.17328457534313202, 0.2348463535308838, 0.1552787721157074, 0.06969346851110458, 0.06017456576228142, 0.053758371621370316, 0.04647089168429375, 0.04706906899809837, 0.040467437356710434, 0.049466900527477264, 0.06116882339119911, 0.050745848566293716, 0.04081999510526657, 0.03669146075844765, 0.04898349940776825, 0.1492326408624649, 0.27024346590042114, 0.2003391534090042, 0.07233180105686188, 0.04829659312963486, 0.08355215936899185, 0.1675189733505249, 0.19367729127407074, 0.15036971867084503, 0.11126993596553802, 0.0615658164024353, 0.028790783137083054, 0.040157269686460495, 0.05043170228600502, 0.076657734811306, 0.1365465372800827], "tonal.hpcp.stdev": [0.25210657715797424, 0.141701340675354, 0.16116388142108917, 0.15722045302391052, 0.18813636898994446, 0.28175053000450134, 0.34794867038726807, 0.27007654309272766, 0.17492838203907013, 0.17873525619506836, 0.15961799025535583, 0.1262035220861435, 0.12288043648004532, 0.13168174028396606, 0.15317323803901672, 0.19542822241783142, 0.15339995920658112, 0.13954052329063416, 0.11898155510425568, 0.12399431318044662, 0.26069700717926025, 0.38561227917671204, 0.3294593393802643, 0.1799849420785904, 0.15482543408870697, 0.19227460026741028, 0.308187335729599, 0.3245448172092438, 0.28428012132644653, 0.25226670503616333, 0.1798924207687378, 0.08045541495084763, 0.11708955466747284, 0.1242779865860939, 0.16706731915473938, 0.28454214334487915], "rhythm.beats_position": [0.6849886775016785, 1.381587266921997, 2.0665760040283203, 2.7515645027160645, 3.459773063659668, 4.179591655731201, 4.852970600128174, 5.526349067687988, 6.188117980957031, 6.849886417388916, 7.500045299530029, 8.150203704833984, 8.811972618103027, 9.47374153137207, 10.135510444641113, 10.78566837310791, 11.447437286376953, 12.109206199645996, 12.770975112915039, 13.444353103637695, 14.094511985778809, 14.744670867919922, 15.406439781188965, 16.068208694458008, 16.729976654052734, 17.391746520996094, 18.04190444946289, 18.703672409057617, 19.365442276000977, 20.027210235595703, 20.688980102539062, 21.33913803100586, 22.012516021728516, 22.662675857543945, 23.3360538482666, 23.9862117767334, 24.647981643676758, 25.309749603271484, 25.959909439086914, 26.62167739868164, 27.283445358276367, 27.933605194091797, 28.595373153686523, 29.257143020629883, 29.91891098022461, 30.580678939819336, 31.230838775634766, 31.892606735229492, 32.55437469482422, 33.21614456176758, 33.87791442871094, 34.528072357177734, 35.20145034790039, 35.85160827636719, 36.51337814331055, 37.175148010253906, 37.8253059387207, 38.48707580566406, 39.13723373413086], "rhythm.bpm_histogram": [0.0, 0.0, 0.0, 0.0, 0.0, 0.0, 0.0, 0.0, 0.0, 0.0, 0.0, 0.0, 0.0, 0.0, 0.0, 0.0, 0.0, 0.0, 0.0, 0.0, 0.0, 0.0, 0.0, 0.0, 0.0, 0.0, 0.0, 0.0, 0.0, 0.0, 0.0, 0.0, 0.0, 0.0, 0.0, 0.0, 0.0, 0.0, 0.0, 0.0, 0.0, 0.0, 0.0, 0.0, 0.0, 0.0, 0.0, 0.0, 0.0, 0.0, 0.0, 0.0, 0.0, 0.0, 0.0, 0.0, 0.0, 0.0, 0.0, 0.0, 0.0, 0.0, 0.0, 0.0, 0.0, 0.0, 0.0, 0.0, 0.0, 0.0, 0.0, 0.0, 0.0, 0.0, 0.0, 0.0, 0.0, 0.0, 0.0, 0.0, 0.0, 0.0, 0.0, 0.017241379246115685, 0.0, 0.017241379246115685, 0.017241379246115685, 0.0, 0.03448275849223137, 0.1034482792019844, 0.0, 0.5344827771186829, 0.27586206793785095, 0.0, 0.0, 0.0, 0.0, 0.0, 0.0, 0.0, 0.0, 0.0, 0.0, 0.0, 0.0, 0.0, 0.0, 0.0, 0.0, 0.0, 0.0, 0.0, 0.0, 0.0, 0.0, 0.0, 0.0, 0.0, 0.0, 0.0, 0.0, 0.0, 0.0, 0.0, 0.0, 0.0, 0.0, 0.0, 0.0, 0.0, 0.0, 0.0, 0.0, 0.0, 0.0, 0.0, 0.0, 0.0, 0.0, 0.0, 0.0, 0.0, 0.0, 0.0, 0.0, 0.0, 0.0, 0.0, 0.0, 0.0, 0.0, 0.0, 0.0, 0.0, 0.0, 0.0, 0.0, 0.0, 0.0, 0.0, 0.0, 0.0, 0.0, 0.0, 0.0, 0.0, 0.0, 0.0, 0.0, 0.0, 0.0, 0.0, 0.0, 0.0, 0.0, 0.0, 0.0, 0.0, 0.0, 0.0, 0.0, 0.0, 0.0, 0.0, 0.0, 0.0, 0.0, 0.0, 0.0, 0.0, 0.0, 0.0, 0.0, 0.0, 0.0, 0.0, 0.0, 0.0, 0.0, 0.0, 0.0, 0.0, 0.0, 0.0, 0.0, 0.0, 0.0, 0.0, 0.0, 0.0, 0.0, 0.0, 0.0, 0.0, 0.0, 0.0, 0.0, 0.0, 0.0, 0.0, 0.0, 0.0, 0.0, 0.0, 0.0, 0.0, 0.0, 0.0, 0.0, 0.0, 0.0, 0.0, 0.0, 0.0, 0.0, 0.0, 0.0, 0.0, 0.0, 0.0, 0.0, 0.0, 0.0, 0.0, 0.0, 0.0, 0.0, 0.0, 0.0, 0.0], "tonal.chords_histogram": [23.00469398498535, 0.0, 8.098591804504395, 2.699530601501465, 4.694835662841797, 1.7605633735656738, 2.699530601501465, 15.023473739624023, 6.2206573486328125, 9.389671325683594, 0.35211268067359924, 0.9389671087265015, 0.7042253613471985, 7.981220722198486, 7.1596245765686035, 1.408450722694397, 0.0, 0.0, 0.0, 0.23474177718162537, 0.0, 0.0, 0.0, 7.62910795211792], "tonal.thpcp": [1.0, 0.7413284182548523, 0.2676542103290558, 0.17871512472629547, 0.3091736435890198, 0.6198816895484924, 0.7166770696640015, 0.5564231276512146, 0.4117395877838135, 0.2278161197900772, 0.10653646290302277, 0.1485966295003891, 0.18661580979824066, 0.28366175293922424, 0.5052722692489624, 0.4158647060394287, 0.182047501206398, 0.17415089905261993, 0.19098332524299622, 0.2902713418006897, 0.641216516494751, 0.8690177202224731, 0.574588418006897, 0.2578914165496826, 0.22266797721385956, 0.1989257037639618, 0.17195935547351837, 0.17417283356189728, 0.14974437654018402, 0.18304568529129028, 0.22634708881378174, 0.1877782642841339, 0.1510489583015442, 0.13577187061309814, 0.18125692009925842, 0.5522155165672302], "lowlevel.gfcc.cov": [[1104.3345947265625, 9.697202682495117, -111.67969512939453, -59.62851333618164, -103.49060821533203, -0.05166590213775635, -70.0810546875, -74.21588134765625, 27.12943458557129, -20.753318786621094, -51.69239044189453, -1.4776885509490967, 25.165678024291992], [9.697202682495117, 506.0660400390625, -174.58486938476562, -99.36392974853516, -29.618061065673828, -66.80796813964844, 73.06375885009766, -52.294490814208984, 38.666439056396484, -15.409025192260742, 51.651702880859375, -20.14045524597168, 55.26112747192383], [-111.67969512939453, -174.58486938476562, 524.8031005859375, 126.92768859863281, -70.00838470458984, -124.68748474121094, -93.48567962646484, 39.55412292480469, -26.36077880859375, 43.06816864013672, -43.0980110168457, 16.676660537719727, -59.98340606689453], [-59.62851333618164, -99.36392974853516, 126.92768859863281, 276.29254150390625, 10.623394966125488, -51.26728820800781, -53.83859634399414, -13.73929214477539, 11.43737506866455, -18.713672637939453, -1.3826847076416016, -0.349723219871521, 3.054807662963867], [-103.49060821533203, -29.618061065673828, -70.00838470458984, 10.623394966125488, 268.13037109375, 124.98541259765625, 80.65202331542969, 46.527793884277344, 20.442956924438477, 22.934711456298828, 37.7188835144043, 19.312997817993164, 31.719518661499023], [-0.05166590213775635, -66.80796813964844, -124.68748474121094, -51.26728820800781, 124.98541259765625, 237.86244201660156, 123.08106231689453, -7.618563175201416, -25.6245059967041, 1.1770827770233154, 46.70564651489258, -3.9997496604919434, 22.041419982910156], [-70.0810546875, 73.06375885009766, -93.48567962646484, -53.83859634399414, 80.65202331542969, 123.08106231689453, 190.22988891601562, 43.29866409301758, -5.719954013824463, -10.160541534423828, 43.07600021362305, 2.325032949447632, 19.309215545654297], [-74.21588134765625, -52.294490814208984, 39.55412292480469, -13.73929214477539, 46.527793884277344, -7.618563175201416, 43.29866409301758, 148.43043518066406, 63.46037673950195, 20.214969635009766, 3.0802836418151855, 13.899510383605957, 7.400155544281006], [27.12943458557129, 38.666439056396484, -26.36077880859375, 11.43737506866455, 20.442956924438477, -25.6245059967041, -5.719954013824463, 63.46037673950195, 120.26959991455078, 52.16157150268555, 20.93560218811035, 1.2845704555511475, 16.527170181274414], [-20.753318786621094, -15.409025192260742, 43.06816864013672, -18.713672637939453, 22.934711456298828, 1.1770827770233154, -10.160541534423828, 20.214969635009766, 52.16157150268555, 98.93016815185547, 45.76170349121094, 7.3054986000061035, -16.038623809814453], [-51.69239044189453, 51.651702880859375, -43.0980110168457, -1.3826847076416016, 37.7188835144043, 46.70564651489258, 43.07600021362305, 3.0802836418151855, 20.93560218811035, 45.76170349121094, 101.94908905029297, 31.451061248779297, 13.031746864318848], [-1.4776885509490967, -20.14045524597168, 16.676660537719727, -0.349723219871521, 19.312997817993164, -3.9997496604919434, 2.325032949447632, 13.899510383605957, 1.2845704555511475, 7.3054986000061035, 31.451061248779297, 70.55225372314453, 24.239784240722656], [25.165678024291992, 55.26112747192383, -59.98340606689453, 3.054807662963867, 31.719518661499023, 22.041419982910156, 19.309215545654297, 7.400155544281006, 16.527170181274414, -16.038623809814453, 13.031746864318848, 24.239784240722656, 76.63790893554688]], "lowlevel.gfcc.icov": [[0.001122737186960876, 7.647079473827034e-05, 0.0001445807865820825, 0.00023982662241905928, 0.0005032817716710269, -0.000499854504596442, 0.0002610016381368041, 0.00079024099977687, -0.0010400324827060103, 0.0001365114003419876, 0.0008781467331573367, -0.0006274503539316356, -0.00022483327484223992], [7.647079473827034e-05, 0.007616300135850906, -0.0005889722378924489, 0.004513499792665243, -0.0017573053482919931, 0.008673927746713161, -0.006084142252802849, 0.007418297231197357, -0.005395473446696997, 0.005472695454955101, -0.0077644637785851955, 0.006997934076935053, -0.005692809820175171], [0.0001445807865820825, -0.0005889722378924489, 0.004080668091773987, -0.0026755458675324917, 0.0011470488971099257, -4.474184970604256e-05, 0.0006623610970564187, -0.0030294181779026985, 0.004282698500901461, -0.005429772660136223, 0.003614691086113453, -0.0025138899218291044, 0.001462053507566452], [0.00023982662241905928, 0.004513499792665243, -0.0026755458675324917, 0.0084321154281497, -0.002634442877024412, 0.005639823619276285, -0.0022379460278898478, 0.006467281840741634, -0.006734924856573343, 0.008700530976057053, -0.00788765400648117, 0.005771586671471596, -0.0035668248310685158], [0.0005032817716710269, -0.0017573053482919931, 0.0011470488971099257, -0.002634442877024412, 0.006865781266242266, -0.0053047919645905495, 0.0010051358258351684, -0.0035711736418306828, 0.001822214457206428, -0.004318385850638151, 0.0038352515548467636, -0.003605418838560581, 7.175476639531553e-05], [-0.000499854504596442, 0.008673927746713161, -4.474184970604256e-05, 0.005639823619276285, -0.0053047919645905495, 0.01934196799993515, -0.01104250829666853, 0.009433559142053127, -0.0029671380762010813, 0.00489015644416213, -0.010996658354997635, 0.010646842420101166, -0.007680435664951801], [0.0002610016381368041, -0.006084142252802849, 0.0006623610970564187, -0.0022379460278898478, 0.0010051358258351684, -0.01104250829666853, 0.015736043453216553, -0.009889890439808369, 0.005089184269309044, -0.0004930635914206505, 0.00152893818449229, -0.003581634256988764, 0.004331239033490419], [0.00079024099977687, 0.007418297231197357, -0.0030294181779026985, 0.006467281840741634, -0.0035711736418306828, 0.009433559142053127, -0.009889890439808369, 0.02081294357776642, -0.01500022504478693, 0.008814464323222637, -0.005541990976780653, 0.003894343040883541, -0.004200280643999577], [-0.0010400324827060103, -0.005395473446696997, 0.004282698500901461, -0.006734924856573343, 0.001822214457206428, -0.0029671380762010813, 0.005089184269309044, -0.01500022504478693, 0.025972602888941765, -0.017752910032868385, 0.00616622855886817, -0.0012326210271567106, -0.0018571787513792515], [0.0001365114003419876, 0.005472695454955101, -0.005429772660136223, 0.008700530976057053, -0.004318385850638151, 0.00489015644416213, -0.0004930635914206505, 0.008814464323222637, -0.017752910032868385, 0.032058585435152054, -0.018862757831811905, 0.007169114425778389, 0.002543960465118289], [0.0008781467331573367, -0.0077644637785851955, 0.003614691086113453, -0.00788765400648117, 0.0038352515548467636, -0.010996658354997635, 0.00152893818449229, -0.005541990976780653, 0.00616622855886817, -0.018862757831811905, 0.030630219727754593, -0.017313050106167793, 0.005169316660612822], [-0.0006274503539316356, 0.006997934076935053, -0.0025138899218291044, 0.005771586671471596, -0.003605418838560581, 0.010646842420101166, -0.003581634256988764, 0.003894343040883541, -0.0012326210271567106, 0.007169114425778389, -0.017313050106167793, 0.029033809900283813, -0.012554040178656578], [-0.00022483327484223992, -0.005692809820175171, 0.001462053507566452, -0.0035668248310685158, 7.175476639531553e-05, -0.007680435664951801, 0.004331239033490419, -0.004200280643999577, -0.0018571787513792515, 0.002543960465118289, 0.005169316660612822, -0.012554040178656578, 0.024031750857830048]], "lowlevel.mfcc.cov": [[1259.4820556640625, -17.46010398864746, -114.421630859375, -100.39051818847656, -81.2042236328125, 38.1534423828125, -125.79133605957031, -31.953777313232422, -2.511899948120117, -23.784860610961914, -61.82701873779297, -46.75005340576172, -13.891515731811523], [-17.46010398864746, 468.0911865234375, -123.60334014892578, -66.47293853759766, -89.94552612304688, -26.497575759887695, 5.238745212554932, -15.765201568603516, 1.4760092496871948, 6.743875980377197, 12.5623197555542, 3.0413827896118164, 16.600645065307617], [-114.421630859375, -123.60334014892578, 444.658203125, 145.48524475097656, -24.279653549194336, -84.17552185058594, -83.24958038330078, -63.69750213623047, -37.7730598449707, -45.67210006713867, 36.191490173339844, 5.319526195526123, -29.890254974365234], [-100.39051818847656, -66.47293853759766, 145.48524475097656, 259.2032470703125, 48.119239807128906, -56.16389846801758, -71.56806945800781, -11.899635314941406, -5.535948276519775, -26.954708099365234, 11.10214900970459, 11.498961448669434, 0.9756444692611694], [-81.2042236328125, -89.94552612304688, -24.279653549194336, 48.119239807128906, 170.0550079345703, 25.41468048095703, 9.84731674194336, 5.001343727111816, 25.6483154296875, 22.002317428588867, 0.6492682099342346, 14.944759368896484, 19.854768753051758], [38.1534423828125, -26.497575759887695, -84.17552185058594, -56.16389846801758, 25.41468048095703, 177.28854370117188, 100.11695098876953, 14.315741539001465, -23.320892333984375, 13.330116271972656, -8.10749626159668, -15.674144744873047, -4.775676727294922], [-125.79133605957031, 5.238745212554932, -83.24958038330078, -71.56806945800781, 9.84731674194336, 100.11695098876953, 199.12001037597656, 76.21363067626953, 5.195523262023926, 22.684925079345703, 4.515998840332031, 3.7296204566955566, 1.5131574869155884], [-31.953777313232422, -15.765201568603516, -63.69750213623047, -11.899635314941406, 5.001343727111816, 14.315741539001465, 76.21363067626953, 106.59358215332031, 43.593841552734375, 10.281949996948242, -10.924166679382324, 2.7384605407714844, 9.974514961242676], [-2.511899948120117, 1.4760092496871948, -37.7730598449707, -5.535948276519775, 25.6483154296875, -23.320892333984375, 5.195523262023926, 43.593841552734375, 91.0941162109375, 44.502723693847656, -1.0993951559066772, -3.2387537956237793, 9.78567123413086], [-23.784860610961914, 6.743875980377197, -45.67210006713867, -26.954708099365234, 22.002317428588867, 13.330116271972656, 22.684925079345703, 10.281949996948242, 44.502723693847656, 88.21571350097656, 32.38862228393555, 8.219758987426758, 10.14003849029541], [-61.82701873779297, 12.5623197555542, 36.191490173339844, 11.10214900970459, 0.6492682099342346, -8.10749626159668, 4.515998840332031, -10.924166679382324, -1.0993951559066772, 32.38862228393555, 82.9366683959961, 44.97628402709961, 12.004775047302246], [-46.75005340576172, 3.0413827896118164, 5.319526195526123, 11.498961448669434, 14.944759368896484, -15.674144744873047, 3.7296204566955566, 2.7384605407714844, -3.2387537956237793, 8.219758987426758, 44.97628402709961, 90.07295989990234, 45.79403305053711], [-13.891515731811523, 16.600645065307617, -29.890254974365234, 0.9756444692611694, 19.854768753051758, -4.775676727294922, 1.5131574869155884, 9.974514961242676, 9.78567123413086, 10.14003849029541, 12.004775047302246, 45.79403305053711, 70.57200622558594]], "lowlevel.mfcc.icov": [[0.001068003592081368, 0.00020879328076262027, 0.00028244819259271026, 0.00038328341906890273, 0.0006205430254340172, -0.0008273455896414816, 0.0013584818225353956, -0.00018788148008752614, -0.000310944567900151, 0.00021728668070863932, 0.0003213222371414304, -1.0492640285519883e-05, 6.344529538182542e-06], [0.00020879328076262027, 0.003005165606737137, 0.0013074346352368593, -8.588774653617293e-05, 0.0018816873198375106, 0.0007518012425862253, -0.0006482836324721575, 0.0018337310757488012, -0.0009267452405765653, 0.0007652217755094171, -0.0010643957648426294, 0.0007186373113654554, -0.00110136647708714], [0.00028244819259271026, 0.0013074346352368593, 0.00416944082826376, -0.0016515163006260991, 0.0013847503578290343, 0.0011959410039708018, -0.0005053519271314144, 0.0024916704278439283, -0.0007045888341963291, 0.002024543471634388, -0.0023480290547013283, 0.0005927783786319196, 0.0007083982927724719], [0.00038328341906890273, -8.588774653617293e-05, -0.0016515163006260991, 0.006116415839642286, -0.0022084612865000963, 9.477201092522591e-05, 0.002660348080098629, -0.002562787616625428, 0.0008842077804729342, 0.0011010246817022562, -0.0007825167267583311, 0.00021195407316554338, -4.070562863489613e-05], [0.0006205430254340172, 0.0018816873198375106, 0.0013847503578290343, -0.0022084612865000963, 0.009086725302040577, -0.0017414954490959644, -0.0004282169393263757, 0.002972737420350313, -0.0036189714446663857, -0.0004404015780892223, 0.0010660422267392278, -0.0012299452209845185, -0.0016068797558546066], [-0.0008273455896414816, 0.0007518012425862253, 0.0011959410039708018, 9.477201092522591e-05, -0.0017414954490959644, 0.010983460582792759, -0.006203698460012674, 0.002097577089443803, 0.00411180080845952, -0.0016739842249080539, -0.00017373557784594595, 0.002638010075315833, -0.0007765908958390355], [0.0013584818225353956, -0.0006482836324721575, -0.0005053519271314144, 0.002660348080098629, -0.0004282169393263757, -0.006203698460012674, 0.0137579794973135, -0.009994175285100937, 0.003221616381779313, -0.0018698214553296566, -0.0005441285320557654, -0.0011303595965728164, 0.001635311869904399], [-0.00018788148008752614, 0.0018337310757488012, 0.0024916704278439283, -0.002562787616625428, 0.002972737420350313, 0.002097577089443803, -0.009994175285100937, 0.022159384563565254, -0.011819093488156796, 0.005078744608908892, 0.0011105400044471025, -0.0009799868566915393, -0.00163352582603693], [-0.000310944567900151, -0.0009267452405765653, -0.0007045888341963291, 0.0008842077804729342, -0.0036189714446663857, 0.00411180080845952, 0.003221616381779313, -0.011819093488156796, 0.024900253862142563, -0.013097621500492096, 0.0031098490580916405, 0.002314287703484297, -0.0008575845859013498], [0.00021728668070863932, 0.0007652217755094171, 0.002024543471634388, 0.0011010246817022562, -0.0004404015780892223, -0.0016739842249080539, -0.0018698214553296566, 0.005078744608908892, -0.013097621500492096, 0.023679418489336967, -0.011476075276732445, 0.003618561429902911, -0.0019441965268924832], [0.0003213222371414304, -0.0010643957648426294, -0.0023480290547013283, -0.0007825167267583311, 0.0010660422267392278, -0.00017373557784594595, -0.0005441285320557654, 0.0011105400044471025, 0.0031098490580916405, -0.011476075276732445, 0.024822089821100235, -0.013299365527927876, 0.004498213529586792], [-1.0492640285519883e-05, 0.0007186373113654554, 0.0005927783786319196, 0.00021195407316554338, -0.0012299452209845185, 0.002638010075315833, -0.0011303595965728164, -0.0009799868566915393, 0.002314287703484297, 0.003618561429902911, -0.013299365527927876, 0.025418192148208618, -0.014308012090623379], [6.344529538182542e-06, -0.00110136647708714, 0.0007083982927724719, -4.070562863489613e-05, -0.0016068797558546066, -0.0007765908958390355, 0.001635311869904399, -0.00163352582603693, -0.0008575845859013498, -0.0019441965268924832, 0.004498213529586792, -0.014308012090623379, 0.02424371801316738]], "metadata.audio_properties.analysis.downmix": "mix", "metadata.audio_properties.codec": "mp3", "metadata.audio_properties.md5_encoded": "c84f8c371c712bc381a4eae489b7973f", "metadata.tags.file_name": "1182269871489298462.mp3", "metadata.version.