{"song_id": "1182285568642662450", "download": "https://cdn.discordapp.com/attachments/1135911532732108921/1182285568642662450/chirp.mp4?ex=6584243d&amp", "lyrics": "[verse]\nOn this black day, lost in despair\nHumanity bleeds, suffocating air\nTears stream like rivers, hearts aflame\nDarkness prevails, echoing the blame\n\n[chorus]\nBlack day for humanity, we stand as one\nFighting the shadows, till the battle's won\nRise from the ashes, with strength untamed\nDefying the odds, we reclaim our name", "style": ["techno"], "essentia_features": {"lowlevel.average_loudness": 0.9542721509933472, "lowlevel.barkbands_crest.mean": 13.636160850524902, "lowlevel.barkbands_crest.stdev": 3.831972360610962, "lowlevel.barkbands_flatness_db.mean": 0.197961688041687, "lowlevel.barkbands_flatness_db.stdev": 0.04188615828752518, "lowlevel.barkbands_kurtosis.mean": 19.70360565185547, "lowlevel.barkbands_kurtosis.stdev": 16.850452423095703, "lowlevel.barkbands_skewness.mean": 3.638479709625244, "lowlevel.barkbands_skewness.stdev": 1.6957330703735352, "lowlevel.barkbands_spread.mean": 12.386545181274414, "lowlevel.barkbands_spread.stdev": 15.012552261352539, "lowlevel.dissonance.mean": 0.43981438875198364, "lowlevel.dissonance.stdev": 0.03230017051100731, "lowlevel.dynamic_complexity": 2.212510585784912, "lowlevel.erbbands_crest.mean": 11.182756423950195, "lowlevel.erbbands_crest.stdev": 3.953582286834717, "lowlevel.erbbands_flatness_db.mean": 0.17889828979969025, "lowlevel.erbbands_flatness_db.stdev": 0.038226500153541565, "lowlevel.erbbands_kurtosis.mean": 1.6977765560150146, "lowlevel.erbbands_kurtosis.stdev": 2.771876096725464, "lowlevel.erbbands_skewness.mean": 1.2112321853637695, "lowlevel.erbbands_skewness.stdev": 0.9204733967781067, "lowlevel.erbbands_spread.mean": 42.97273635864258, "lowlevel.erbbands_spread.stdev": 25.8924560546875, "lowlevel.hfc.mean": 14.713229179382324, "lowlevel.hfc.stdev": 13.660852432250977, "lowlevel.loudness_ebu128.integrated": -15.614516258239746, "lowlevel.loudness_ebu128.loudness_range": 2.7332763671875, "lowlevel.loudness_ebu128.momentary.mean": -16.06570816040039, "lowlevel.loudness_ebu128.momentary.stdev": 2.031698226928711, "lowlevel.loudness_ebu128.short_term.mean": -15.695147514343262, "lowlevel.loudness_ebu128.short_term.stdev": 1.0318889617919922, "lowlevel.melbands_crest.mean": 14.979593276977539, "lowlevel.melbands_crest.stdev": 3.651602029800415, "lowlevel.melbands_flatness_db.mean": 0.2658684253692627, "lowlevel.melbands_flatness_db.stdev": 0.046552956104278564, "lowlevel.melbands_kurtosis.mean": 40.105926513671875, "lowlevel.melbands_kurtosis.stdev": 27.994979858398438, "lowlevel.melbands_skewness.mean": 4.7154316902160645, "lowlevel.melbands_skewness.stdev": 1.8853082656860352, "lowlevel.melbands_spread.mean": 9.382376670837402, "lowlevel.melbands_spread.stdev": 9.833626747131348, "lowlevel.pitch_salience.mean": 0.5615389347076416, "lowlevel.pitch_salience.stdev": 0.10128943622112274, "lowlevel.silence_rate_20dB.mean": 1.0, "lowlevel.silence_rate_20dB.stdev": 0.0, "lowlevel.silence_rate_30dB.mean": 1.0, "lowlevel.silence_rate_30dB.stdev": 0.0, "lowlevel.silence_rate_60dB.mean": 0.0011587485205382109, "lowlevel.silence_rate_60dB.stdev": 0.03402106463909149, "lowlevel.spectral_centroid.mean": 642.617919921875, "lowlevel.spectral_centroid.stdev": 403.5882568359375, "lowlevel.spectral_complexity.mean": 9.79953670501709, "lowlevel.spectral_complexity.stdev": 4.5589094161987305, "lowlevel.spectral_decrease.mean": -6.557309362165142e-09, "lowlevel.spectral_decrease.stdev": 4.254975927153737e-09, "lowlevel.spectral_energy.mean": 0.026083344593644142, "lowlevel.spectral_energy.stdev": 0.0167741347104311, "lowlevel.spectral_energyband_high.mean": 0.0005510601913556457, "lowlevel.spectral_energyband_high.stdev": 0.0012665760004892945, "lowlevel.spectral_energyband_low.mean": 0.001793231931515038, "lowlevel.spectral_energyband_low.stdev": 0.0030393938068300486, "lowlevel.spectral_energyband_middle_high.mean": 0.002282686997205019, "lowlevel.spectral_energyband_middle_high.stdev": 0.0039883763529360294, "lowlevel.spectral_energyband_middle_low.mean": 0.022539719939231873, "lowlevel.spectral_energyband_middle_low.stdev": 0.014650722965598106, "lowlevel.spectral_entropy.mean": 7.086457252502441, "lowlevel.spectral_entropy.stdev": 0.46175312995910645, "lowlevel.spectral_flux.mean": 0.055669959634542465, "lowlevel.spectral_flux.stdev": 0.03844767063856125, "lowlevel.spectral_kurtosis.mean": 4.895674705505371, "lowlevel.spectral_kurtosis.stdev": 2.5081982612609863, "lowlevel.spectral_rms.mean": 0.00480841938406229, "lowlevel.spectral_rms.stdev": 0.001525204861536622, "lowlevel.spectral_rolloff.mean": 914.7406005859375, "lowlevel.spectral_rolloff.stdev": 1556.582275390625, "lowlevel.spectral_skewness.mean": 1.7813280820846558, "lowlevel.spectral_skewness.stdev": 0.4397118091583252, "lowlevel.spectral_spread.mean": 5143366.5, "lowlevel.spectral_spread.stdev": 1856629.75, "lowlevel.spectral_strongpeak.mean": 1.0074167251586914, "lowlevel.spectral_strongpeak.stdev": 0.7929758429527283, "lowlevel.zerocrossingrate.mean": 0.04503786191344261, "lowlevel.zerocrossingrate.stdev": 0.03756922855973244, "metadata.audio_properties.analysis.equal_loudness": 0.0, "metadata.audio_properties.analysis.length": 40.04265213012695, "metadata.audio_properties.analysis.sample_rate": 44100.0, "metadata.audio_properties.analysis.start_time": 0.0, "metadata.audio_properties.bit_rate": 118074.0, "metadata.audio_properties.length": 40.042667388916016, "metadata.audio_properties.lossless": 0.0, "metadata.audio_properties.number_channels": 1.0, "metadata.audio_properties.replay_gain": -11.784826278686523, "metadata.audio_properties.sample_rate": 48000.0, "rhythm.beats_count": 67.0, "rhythm.beats_loudness.mean": 0.039738867431879044, "rhythm.beats_loudness.stdev": 0.017246196046471596, "rhythm.bpm": 100.45453643798828, "rhythm.bpm_histogram_first_peak_bpm": 99.0, "rhythm.bpm_histogram_first_peak_weight": 0.515625, "rhythm.bpm_histogram_second_peak_bpm": 108.0, "rhythm.bpm_histogram_second_peak_spread": 0.0, "rhythm.bpm_histogram_second_peak_weight": 0.03030303120613098, "rhythm.danceability": 1.0594894886016846, "rhythm.onset_rate": 3.5951087474823, "tonal.chords_changes_rate": 0.023148147389292717, "tonal.chords_number_rate": 0.0069444444961845875, "tonal.chords_strength.mean": 0.565857470035553, "tonal.chords_strength.stdev": 0.07628924399614334, "tonal.hpcp_crest.mean": 16.21537971496582, "tonal.hpcp_crest.stdev": 6.487873077392578, "tonal.hpcp_entropy.mean": 1.6843736171722412, "tonal.hpcp_entropy.stdev": 0.631677508354187, "tonal.key_edma.strength": 0.800102949142456, "tonal.key_krumhansl.strength": 0.7964750528335571, "tonal.key_temperley.strength": 0.7923423647880554, "tonal.tuning_diatonic_strength": 0.6316497325897217, "tonal.tuning_equal_tempered_deviation": 0.08471977710723877, "tonal.tuning_frequency": 437.7185363769531, "tonal.tuning_nontempered_energy_ratio": 0.6738471984863281, "lowlevel.barkbands.mean": [4.195102519588545e-06, 2.4660197595949285e-05, 0.0007296261610463262, 0.003073391504585743, 0.01163798850029707, 0.004382105078548193, 0.0013888106914237142, 0.0014340035850182176, 0.0005216647405177355, 0.0001948259596247226, 0.0002286613016622141, 0.0005112526123411953, 0.0003046969068236649, 0.000309199356706813, 0.00018367580196354538, 0.00016008102102205157, 0.0002442507538944483, 6.825874152127653e-05, 9.818487160373479e-05, 6.30251961410977e-05, 8.590267680119723e-05, 0.00011689966049743816, 6.509984814329073e-05, 7.963382813613862e-05, 0.00010702022700570524, 6.365110311890021e-05, 2.565414433775004e-06], "lowlevel.barkbands.stdev": [7.428463959513465e-06, 0.0001232797949342057, 0.0013007160741835833, 0.004478492308408022, 0.009358025155961514, 0.00413053622469306, 0.003216063603758812, 0.004203479271382093, 0.002450214931741357, 0.0007227471214719117, 0.0007623264682479203, 0.0023720290046185255, 0.0008843177347443998, 0.0010431458940729499, 0.0006245332187972963, 0.0007558680954389274, 0.0005228603258728981, 0.00014563638251274824, 0.0002729979169089347, 0.00012794749636668712, 0.00021723764075431973, 0.0003284426929894835, 0.00015590203111059964, 0.00022235975484363735, 0.0003053472319152206, 0.00015806188457645476, 6.879760348965647e-06], "lowlevel.erbbands.mean": [0.0005091600469313562, 0.017441481351852417, 0.5712549090385437, 6.002544403076172, 32.64567947387695, 30.13819122314453, 37.59414291381836, 31.76215934753418, 33.43098068237305, 11.903380393981934, 36.9970588684082, 14.453314781188965, 7.528832912445068, 5.2461748123168945, 11.883735656738281, 23.236143112182617, 16.08888053894043, 17.99067497253418, 9.763385772705078, 9.12746810913086, 10.372337341308594, 13.561219215393066, 4.770764350891113, 4.967728137969971, 3.90494441986084, 2.875121831893921, 2.9801363945007324, 4.019189357757568, 4.537805080413818, 2.690990447998047, 1.6545270681381226, 1.4413701295852661, 1.4601877927780151, 1.3108257055282593, 0.6941671371459961, 0.34436506032943726, 0.09796033054590225, 0.015387441031634808, 0.00034658171352930367, 4.1817424062173814e-05], "lowlevel.erbbands.stdev": [0.000880082487128675, 0.04737837612628937, 0.9493428468704224, 8.209152221679688, 33.22970199584961, 29.34455108642578, 30.447046279907227, 35.933712005615234, 68.9295883178711, 29.353736877441406, 114.09481048583984, 62.826271057128906, 28.773496627807617, 15.772573471069336, 39.98421096801758, 109.10223388671875, 43.72124099731445, 55.27607345581055, 27.830501556396484, 32.0904426574707, 42.36678695678711, 28.856374740600586, 9.205130577087402, 14.194446563720703, 7.6445488929748535, 5.73848819732666, 6.252513885498047, 11.363713264465332, 13.124759674072266, 6.806253910064697, 3.994035005569458, 3.7663090229034424, 4.351932525634766, 3.886730909347534, 1.9452952146530151, 0.9246422052383423, 0.23197560012340546, 0.03655698895454407, 0.0007867415552027524, 3.404823655728251e-05], "lowlevel.gfcc.mean": [-29.85106086730957, 80.89009094238281, -99.78233337402344, 24.15577507019043, -71.67901611328125, -12.41163158416748, -72.97286224365234, -22.90435791015625, -49.701637268066406, -4.953402996063232, -21.28251075744629, -0.5056338310241699, -20.62514305114746], "lowlevel.melbands.mean": [4.455152975424426e-06, 0.0002431778993923217, 0.0018493521492928267, 0.002358205383643508, 0.0013362079625949264, 0.0007776546408422291, 0.00045189025695435703, 0.0001387197698932141, 0.00029188013286329806, 7.288986671483144e-05, 3.5095919884042814e-05, 1.9287277609691955e-05, 3.454984107520431e-05, 5.901870827074163e-05, 4.003561844001524e-05, 3.309197927592322e-05, 3.483251202851534e-05, 1.5251641343638767e-05, 1.2930668162880465e-05, 1.1402619747968856e-05, 1.222245646204101e-05, 1.56302958203014e-05, 7.097580237314105e-06, 2.8047491014149273e-06, 4.201664523861837e-06, 3.5682267025549663e-06, 2.2469882878795033e-06, 1.7732519381752354e-06, 1.8051624692816404e-06, 2.008721139645786e-06, 2.413415359114879e-06, 2.8679721708613215e-06, 1.8094905271937023e-06, 1.3879104017178179e-06, 9.30093563056289e-07, 8.917631362237444e-07, 8.736334393688594e-07, 9.822155107030994e-07, 1.1633663916654768e-06, 1.0900536153712892e-06], "lowlevel.melbands.stdev": [1.7939117242349312e-05, 0.0004041780484840274, 0.0018467395566403866, 0.0022396051790565252, 0.0009428011835552752, 0.0008832950261421502, 0.0009065844351425767, 0.00036586046917364, 0.0009016878320835531, 0.00038078194484114647, 0.00014040908718015999, 6.32967276033014e-05, 0.00011859314690809697, 0.0002747819817159325, 0.0001579529489390552, 9.565163782099262e-05, 0.00011922256817342713, 4.514003740041517e-05, 4.88091136503499e-05, 4.8229252570308745e-05, 5.271658665151335e-05, 3.481468229438178e-05, 1.5328580047935247e-05, 5.606620106846094e-06, 1.287404666072689e-05, 1.018161765387049e-05, 3.9350429688056465e-06, 3.914618446287932e-06, 3.8971165849943645e-06, 5.149793196324026e-06, 7.200317213573726e-06, 8.5800165834371e-06, 5.066219728178112e-06, 3.4652778140298324e-06, 2.2771137082600035e-06, 2.220970372945885e-06, 2.429554569971515e-06, 2.973025630126358e-06, 3.6738883864018135e-06, 3.2149637263501063e-06], "lowlevel.melbands128.mean": [1.5427748394358787e-06, 1.4138755659587332e-06, 2.7817545742436778e-06, 1.5364641512860544e-05, 0.00011133679799968377, 0.000453023734735325, 0.0009167043608613312, 0.0018253293819725513, 0.004130803048610687, 0.0023291432298719883, 0.0012971070827916265, 0.0017878469079732895, 0.0014798439806327224, 0.0006437889533117414, 0.0005103570292703807, 0.0010583424009382725, 0.0009772998746484518, 0.00015471763617824763, 7.085675315465778e-05, 0.0001205335502163507, 0.00012426446483004838, 0.00031630220473743975, 0.00042238205787725747, 0.00012593515566550195, 7.929910498205572e-05, 5.05086500197649e-05, 3.2958541851257905e-05, 4.5184911869000643e-05, 2.355201831960585e-05, 1.709678690531291e-05, 1.5115604583115783e-05, 2.7432153729023412e-05, 3.905376070179045e-05, 3.872997694998048e-05, 3.2730065868236125e-05, 8.022682595765218e-05, 8.2385289715603e-05, 2.4020211640163325e-05, 2.118563679687213e-05, 4.839666507905349e-05, 3.399819979676977e-05, 1.489792612119345e-05, 3.933078914997168e-05, 5.096720269648358e-05, 8.708986570127308e-06, 1.1375293979654089e-05, 1.693095146038104e-05, 1.1191558769496623e-05, 1.2919409527967218e-05, 1.2778315976902377e-05, 9.479181244387291e-06, 1.2097568287572358e-05, 1.186077861348167e-05, 1.0857496818061918e-05, 1.646335113036912e-05, 1.7492171537014656e-05, 1.4871834537188988e-05, 8.217844879254699e-06, 5.070044608146418e-06, 2.8230865609657485e-06, 2.5235535758838523e-06, 2.38094116866705e-06, 4.237620032654377e-06, 3.935458607884357e-06, 5.794280696136411e-06, 3.751557869691169e-06, 2.302386974406545e-06, 1.9613098629633896e-06, 2.604987002996495e-06, 2.1312177977961255e-06, 1.5106242017282057e-06, 1.7490070831627236e-06, 1.832701400417136e-06, 1.9084893665421987e-06, 1.6476030850753887e-06, 1.6690088386894786e-06, 2.525060153857339e-06, 2.2465560505224857e-06, 2.216272832811228e-06, 2.5535994154779473e-06, 3.410657427593833e-06, 3.0730475373275112e-06, 1.7289422657995601e-06, 1.9181341031071497e-06, 1.5081624269441818e-06, 1.3751151755059254e-06, 1.468688992645184e-06, 1.1533178394529386e-06, 8.03423858997121e-07, 8.41267763007636e-07, 9.217353635904146e-07, 9.042261126523954e-07, 8.453611144432216e-07, 8.591811138103367e-07, 8.104428275146347e-07, 1.1572827816053177e-06, 8.945895615397603e-07, 9.008316510517034e-07, 1.3306472510521417e-06, 1.184227244266367e-06, 1.1343057622070774e-06, 1.1686689731504885e-06, 9.033570904648514e-07, 8.708649374966626e-07, 7.32842067918682e-07, 7.263187171702157e-07, 6.669654908364464e-07, 6.832661370026472e-07, 6.794231808271434e-07, 5.143926387063402e-07, 3.7151781384636706e-07, 3.3566030310794304e-07, 2.9328512596293876e-07, 2.695207115266385e-07, 2.144569890560888e-07, 1.7408201813395863e-07, 1.06926705711885e-07, 8.865357337128899e-09, 3.158877456485576e-12, 2.9445222302082463e-12, 2.846927554811529e-12, 2.77370400952881e-12, 2.71159895752493e-12, 2.6544356990232387e-12, 2.587095034728426e-12, 2.492000746381895e-12, 2.4389830433069193e-12, 2.420050488130543e-12], "lowlevel.melbands128.stdev": [2.958467575808754e-06, 3.7863485431444133e-06, 1.0692737305362243e-05, 8.592925587436184e-05, 0.0003037383430637419, 0.0007977837231010199, 0.0017688075313344598, 0.0025502503849565983, 0.004514558240771294, 0.003346007317304611, 0.0017300198087468743, 0.0016436612932011485, 0.0015839695697650313, 0.0007987006683833897, 0.0008800672949291766, 0.001683531329035759, 0.0021430766209959984, 0.0005767226684838533, 0.0003007620689459145, 0.00045029932516627014, 0.00044499541400000453, 0.0011822035303339362, 0.0014938495587557554, 0.0006140837213024497, 0.0005604706238955259, 0.0005198684521019459, 0.00018994719721376896, 0.00021497109264601022, 0.00012433411029633135, 9.196852624882013e-05, 6.954527634661645e-05, 0.00011005473788827658, 0.00017812209262046963, 0.00017453705368097872, 0.00023466316633857787, 0.0004701855359598994, 0.0004792235849890858, 0.0001499826175859198, 0.00010178676893701777, 0.00017415914044249803, 0.00012759915261995047, 6.412655784515664e-05, 0.00016053288709372282, 0.0002163860626751557, 2.9886516131227836e-05, 4.290688593755476e-05, 7.280324643943459e-05, 6.467739149229601e-05, 5.779622370027937e-05, 5.280392724671401e-05, 7.331791857723147e-05, 5.8033863751916215e-05, 8.668335067341104e-05, 6.072643373045139e-05, 5.597186100203544e-05, 4.651812560041435e-05, 3.259803997934796e-05, 2.3646374756935984e-05, 1.6410183889092878e-05, 5.443397185445065e-06, 5.517361842066748e-06, 6.264084731810726e-06, 1.3554489669331815e-05, 1.0793370165629312e-05, 3.136878876830451e-05, 8.746024832362309e-06, 4.2066599235113245e-06, 3.3994381283264374e-06, 5.995671926939394e-06, 4.3363997974665835e-06, 4.361122137197526e-06, 4.365132099337643e-06, 4.7133166845014784e-06, 4.449043899512617e-06, 3.6155511224933434e-06, 4.450949290912831e-06, 7.598744559800252e-06, 7.196490514616016e-06, 7.592188012495171e-06, 8.456282557744998e-06, 1.0708875379350502e-05, 1.1283085768809542e-05, 4.8998681450029835e-06, 6.233861768123461e-06, 4.279992481315276e-06, 3.834716608253075e-06, 3.942764578823699e-06, 3.0087987852311926e-06, 2.052898707916029e-06, 2.3032043827697635e-06, 2.71456428890815e-06, 2.266297087771818e-06, 2.188988901252742e-06, 2.7604298793448834e-06, 2.497057039363426e-06, 3.6368178371049e-06, 3.1032457172841532e-06, 2.987047764690942e-06, 4.530805199465249e-06, 3.957943590648938e-06, 3.5860659863828914e-06, 3.460551852185745e-06, 3.0174899166013347e-06, 3.0694470751768677e-06, 2.127999096046551e-06, 2.1221028418949572e-06, 2.0246363874321105e-06, 1.927378889376996e-06, 2.038853153862874e-06, 1.4562654087058036e-06, 9.624704944144469e-07, 8.086402090157208e-07, 7.56406905111362e-07, 7.013596814431367e-07, 5.578274908657477e-07, 4.4196761450621125e-07, 2.8594786272151396e-07, 2.8288344111615515e-08, 4.843678409749419e-12, 4.6771518949495494e-12, 4.547710298619112e-12, 4.435918212614132e-12, 4.343075378498984e-12, 4.26358471097843e-12, 4.1987567936385695e-12, 4.145252717469017e-12, 4.107332095965033e-12, 4.084065984705232e-12], "lowlevel.mfcc.mean": [-681.3012084960938, 116.66114807128906, 13.994219779968262, 24.487388610839844, 4.194577217102051, -2.139374017715454, -17.178728103637695, -24.436100006103516, -31.207162857055664, -27.951902389526367, -15.339311599731445, -10.42279052734375, -12.530508995056152], "lowlevel.spectral_contrast_coeffs.mean": [-0.525547206401825, -0.6415970325469971, -0.7854275703430176, -0.7901698350906372, -0.8020250201225281, -0.7636740803718567], "lowlevel.spectral_contrast_coeffs.stdev": [0.07488882541656494, 0.07082962244749069, 0.05678679421544075, 0.05105765163898468, 0.03874758630990982, 0.03160671517252922], "lowlevel.spectral_contrast_valleys.mean": [-7.266732215881348, -7.466597080230713, -8.136327743530273, -8.179142951965332, -7.959936141967773, -10.562146186828613], "lowlevel.spectral_contrast_valleys.stdev": [0.6096418499946594, 0.7273779511451721, 0.6267164945602417, 0.5636001825332642, 0.46958860754966736, 0.8491466641426086], "rhythm.beats_loudness_band_ratio.mean": [0.3979686200618744, 0.5842494964599609, 0.1570361703634262, 0.04957958683371544, 0.02902938984334469, 0.015496933832764626], "rhythm.beats_loudness_band_ratio.stdev": [0.18069450557231903, 0.18031015992164612, 0.15772172808647156, 0.06484149396419525, 0.034582097083330154, 0.009066282771527767], "tonal.hpcp.mean": [0.0968715250492096, 0.05449273809790611, 0.00913997832685709, 0.00604309793561697, 0.0062511092983186245, 0.02069764956831932, 0.05121906101703644, 0.04971002787351608, 0.17053070664405823, 0.3202720880508423, 0.1737527847290039, 0.014475428499281406, 0.014530305750668049, 0.017821457237005234, 0.1383105218410492, 0.3054392337799072, 0.2079320251941681, 0.047020308673381805, 0.02413955144584179, 0.021014196798205376, 0.04104490205645561, 0.06951412558555603, 0.055397290736436844, 0.08626504242420197, 0.14805835485458374, 0.08285585045814514, 0.014190210029482841, 0.01510542444884777, 0.022577455267310143, 0.2584823966026306, 0.5853365659713745, 0.3748176097869873, 0.04513855651021004, 0.0234786719083786, 0.02036711759865284, 0.0572822242975235], "tonal.hpcp.stdev": [0.22975674271583557, 0.14770933985710144, 0.05838591605424881, 0.03202424570918083, 0.02564215660095215, 0.05077198147773743, 0.10703207552433014, 0.11290372908115387, 0.21665489673614502, 0.39924970269203186, 0.22715844213962555, 0.07436476647853851, 0.07479430735111237, 0.09296836704015732, 0.1937456727027893, 0.374307245016098, 0.25838738679885864, 0.1477712094783783, 0.09819325804710388, 0.08613290637731552, 0.12179646641016006, 0.163286492228508, 0.13695602118968964, 0.1925533264875412, 0.3045022487640381, 0.18897487223148346, 0.07328426837921143, 0.0774536281824112, 0.09934999793767929, 0.2412361353635788, 0.40560582280158997, 0.2875222861766815, 0.1475682556629181, 0.11178302019834518, 0.10840603709220886, 0.15362794697284698], "rhythm.beats_position": [0.54566890001297, 1.1029478311538696, 1.6602267026901245, 2.240725517272949, 2.832834482192993, 3.424943208694458, 4.017052173614502, 4.6207709312438965, 5.212879657745361, 5.804988384246826, 6.397097587585449, 6.989206314086914, 7.592925071716309, 8.196643829345703, 8.788752555847168, 9.380861282348633, 9.984580039978027, 10.588298797607422, 11.192017555236816, 11.795736312866211, 12.387845993041992, 12.979954719543457, 13.583673477172852, 14.187392234802246, 14.779500961303711, 15.371609687805176, 15.97532844543457, 16.56743812561035, 17.1595458984375, 17.76326560974121, 18.36698341369629, 18.970703125, 19.56281089782715, 20.15492057800293, 20.758638381958008, 21.33913803100586, 21.942855834960938, 22.53496551513672, 23.1270751953125, 23.730792999267578, 24.33451271057129, 24.938230514526367, 25.53034019470215, 26.122447967529297, 26.726167678833008, 27.329885482788086, 27.933605194091797, 28.537322998046875, 29.129432678222656, 29.721542358398438, 30.313650131225586, 30.905759811401367, 31.497867584228516, 32.113197326660156, 32.716915130615234, 33.32063293457031, 33.924354553222656, 34.528072357177734, 35.13179016113281, 35.723899841308594, 36.32761764526367, 36.91972732543945, 37.52344512939453, 38.11555480957031, 38.707664489746094, 39.31138229370117, 39.89188003540039], "rhythm.bpm_histogram": [0.0, 0.0, 0.0, 0.0, 0.0, 0.0, 0.0, 0.0, 0.0, 0.0, 0.0, 0.0, 0.0, 0.0, 0.0, 0.0, 0.0, 0.0, 0.0, 0.0, 0.0, 0.0, 0.0, 0.0, 0.0, 0.0, 0.0, 0.0, 0.0, 0.0, 0.0, 0.0, 0.0, 0.0, 0.0, 0.0, 0.0, 0.0, 0.0, 0.0, 0.0, 0.0, 0.0, 0.0, 0.0, 0.0, 0.0, 0.0, 0.0, 0.0, 0.0, 0.0, 0.0, 0.0, 0.0, 0.0, 0.0, 0.0, 0.0, 0.0, 0.0, 0.0, 0.0, 0.0, 0.0, 0.0, 0.0, 0.0, 0.0, 0.0, 0.0, 0.0, 0.0, 0.0, 0.0, 0.0, 0.0, 0.0, 0.0, 0.0, 0.0, 0.0, 0.0, 0.0, 0.0, 0.0, 0.0, 0.0, 0.0, 0.0, 0.0, 0.0, 0.0, 0.0, 0.0, 0.0, 0.0, 0.0, 0.01515151560306549, 0.4545454680919647, 0.0, 0.4545454680919647, 0.0, 0.04545454680919647, 0.0, 0.0, 0.0, 0.0, 0.03030303120613098, 0.0, 0.0, 0.0, 0.0, 0.0, 0.0, 0.0, 0.0, 0.0, 0.0, 0.0, 0.0, 0.0, 0.0, 0.0, 0.0, 0.0, 0.0, 0.0, 0.0, 0.0, 0.0, 0.0, 0.0, 0.0, 0.0, 0.0, 0.0, 0.0, 0.0, 0.0, 0.0, 0.0, 0.0, 0.0, 0.0, 0.0, 0.0, 0.0, 0.0, 0.0, 0.0, 0.0, 0.0, 0.0, 0.0, 0.0, 0.0, 0.0, 0.0, 0.0, 0.0, 0.0, 0.0, 0.0, 0.0, 0.0, 0.0, 0.0, 0.0, 0.0, 0.0, 0.0, 0.0, 0.0, 0.0, 0.0, 0.0, 0.0, 0.0, 0.0, 0.0, 0.0, 0.0, 0.0, 0.0, 0.0, 0.0, 0.0, 0.0, 0.0, 0.0, 0.0, 0.0, 0.0, 0.0, 0.0, 0.0, 0.0, 0.0, 0.0, 0.0, 0.0, 0.0, 0.0, 0.0, 0.0, 0.0, 0.0, 0.0, 0.0, 0.0, 0.0, 0.0, 0.0, 0.0, 0.0, 0.0, 0.0, 0.0, 0.0, 0.0, 0.0, 0.0, 0.0, 0.0, 0.0, 0.0, 0.0, 0.0, 0.0, 0.0, 0.0, 0.0, 0.0, 0.0, 0.0, 0.0, 0.0, 0.0, 0.0, 0.0, 0.0, 0.0, 0.0, 0.0, 0.0, 0.0, 0.0, 0.0, 0.0], "tonal.chords_histogram": [14.583333015441895, 0.0, 3.472222328186035, 0.0, 0.8101851940155029, 17.824073791503906, 0.0, 17.70833396911621, 0.0, 44.09722137451172, 0.0, 0.0, 0.0, 0.0, 0.0, 0.0, 0.0, 0.0, 0.0, 0.0, 0.0, 0.0, 1.5046296119689941, 0.0], "tonal.thpcp": [1.0, 0.6403454542160034, 0.07711555808782578, 0.04011140391230583, 0.03479556739330292, 0.09786202758550644, 0.16549713909626007, 0.09309642016887665, 0.01561491098254919, 0.010324141941964626, 0.010679512284696102, 0.03536025434732437, 0.08750360459089279, 0.08492554724216461, 0.29133787751197815, 0.5471588373184204, 0.2968425154685974, 0.024730093777179718, 0.02482384815812111, 0.03044651262462139, 0.23629230260849, 0.5218181610107422, 0.3552349805831909, 0.08033037930727005, 0.04124046489596367, 0.03590104728937149, 0.0701218843460083, 0.11875923722982407, 0.094641774892807, 0.14737682044506073, 0.2529456913471222, 0.14155249297618866, 0.0242428220808506, 0.02580639161169529, 0.03857174888253212, 0.4415961802005768], "lowlevel.gfcc.cov": [[2369.723876953125, -797.777099609375, 91.13616180419922, -236.4748077392578, -155.88351440429688, 110.0062255859375, -24.390987396240234, 201.2799530029297, 89.17671966552734, 47.0045280456543, -263.2807922363281, -17.27957534790039, -171.0208740234375], [-797.777099609375, 1277.450439453125, -425.3705749511719, -140.66024780273438, 105.08587646484375, -80.53585052490234, 171.80572509765625, -10.162046432495117, 154.8857421875, -156.17727661132812, 107.03610229492188, -137.93569946289062, 24.135025024414062], [91.13616180419922, -425.3705749511719, 418.68243408203125, 149.313720703125, -9.28745174407959, 45.114933013916016, -33.76869201660156, -14.372322082519531, -109.71414184570312, 74.19195556640625, -15.555992126464844, 80.69310760498047, 9.393892288208008], [-236.4748077392578, -140.66024780273438, 149.313720703125, 340.8476867675781, 93.85623168945312, -7.6435980796813965, -101.44986724853516, -72.59180450439453, -31.260190963745117, 22.608333587646484, 53.46593475341797, 38.07121658325195, 74.4923324584961], [-155.88351440429688, 105.08587646484375, -9.28745174407959, 93.85623168945312, 189.98667907714844, -10.894906997680664, -58.70038604736328, -12.76138687133789, 10.874177932739258, -9.093016624450684, 13.162213325500488, 2.8375985622406006, 22.424205780029297], [110.0062255859375, -80.53585052490234, 45.114933013916016, -7.6435980796813965, -10.894906997680664, 96.29702758789062, 58.45769500732422, 24.37404441833496, -26.86466407775879, 3.435832977294922, -19.508037567138672, -3.8266243934631348, -19.6043643951416], [-24.390987396240234, 171.80572509765625, -33.76869201660156, -101.44986724853516, -58.70038604736328, 58.45769500732422, 178.33323669433594, 46.49937057495117, -16.281869888305664, -35.13114929199219, -10.262092590332031, -25.366561889648438, -30.614971160888672], [201.2799530029297, -10.162046432495117, -14.372322082519531, -72.59180450439453, -12.76138687133789, 24.37404441833496, 46.49937057495117, 107.2401123046875, 42.135135650634766, -16.988113403320312, -42.27516174316406, -13.280478477478027, -32.3540153503418], [89.17671966552734, 154.8857421875, -109.71414184570312, -31.260190963745117, 10.874177932739258, -26.86466407775879, -16.281869888305664, 42.135135650634766, 146.13156127929688, -1.1587105989456177, -32.27359390258789, -54.66363525390625, -27.355453491210938], [47.0045280456543, -156.17727661132812, 74.19195556640625, 22.608333587646484, -9.093016624450684, 3.435832977294922, -35.13114929199219, -16.988113403320312, -1.1587105989456177, 99.93236541748047, 6.086785316467285, 4.6299285888671875, -17.59980583190918], [-263.2807922363281, 107.03610229492188, -15.555992126464844, 53.46593475341797, 13.162213325500488, -19.508037567138672, -10.262092590332031, -42.27516174316406, -32.27359390258789, 6.086785316467285, 100.56725311279297, 25.697717666625977, 29.81892204284668], [-17.27957534790039, -137.93569946289062, 80.69310760498047, 38.07121658325195, 2.8375985622406006, -3.8266243934631348, -25.366561889648438, -13.280478477478027, -54.66363525390625, 4.6299285888671875, 25.697717666625977, 85.43787384033203, 29.581581115722656], [-171.0208740234375, 24.135025024414062, 9.393892288208008, 74.4923324584961, 22.424205780029297, -19.6043643951416, -30.614971160888672, -32.3540153503418, -27.355453491210938, -17.59980583190918, 29.81892204284668, 29.581581115722656, 78.79168701171875]], "lowlevel.gfcc.icov": [[0.0008883423288352787, 0.0005609415238723159, 0.00012038514978485182, 0.0003542318590916693, 0.0002106158499373123, -0.0005063831340521574, 0.0003796146484091878, -0.0005318839102983475, -0.0005920034018345177, 0.00045234840945340693, 0.000829121854621917, -0.0001057569170370698, 0.0007716938271187246], [0.0005609415238723159, 0.005615900736302137, -0.00045979974674992263, 0.0031519688200205564, -0.004473960027098656, 0.0032364216167479753, -0.006848417688161135, 0.00376388942822814, -0.006929581053555012, 0.0054305680096149445, -0.0072382655926048756, 0.005542778875678778, -0.002999191405251622], [0.00012038514978485182, -0.00045979974674992263, 0.00605675159022212, -0.003533268580213189, 0.0013809408992528915, -0.0005788204725831747, 0.00046853700769133866, -0.002255590632557869, 0.004528410267084837, -0.0041859946213662624, 0.004536883905529976, -0.004156294744461775, 0.002219933783635497], [0.0003542318590916693, 0.0031519688200205564, -0.003533268580213189, 0.008756270632147789, -0.004482052754610777, -0.0005101071437820792, -0.0017056107753887773, 0.004572177771478891, -0.0064964876510202885, 0.004254755564033985, -0.007156855892390013, 0.004799703601747751, -0.006089005619287491], [0.0002106158499373123, -0.004473960027098656, 0.0013809408992528915, -0.004482052754610777, 0.010931432247161865, -0.003984238486737013, 0.008433986455202103, -0.004779106937348843, 0.005879709031432867, -0.0033177370205521584, 0.006758511066436768, -0.004599065985530615, 0.0035818179603666067], [-0.0005063831340521574, 0.0032364216167479753, -0.0005788204725831747, -0.0005101071437820792, -0.003984238486737013, 0.01952715590596199, -0.010656613856554031, 0.00022649158199783415, 0.00012953643454238772, 0.0010151746682822704, -0.0024238359183073044, 0.004574158228933811, -0.0001226546592079103], [0.0003796146484091878, -0.006848417688161135, 0.00046853700769133866, -0.0017056107753887773, 0.008433986455202103, -0.010656613856554031, 0.02115306816995144, -0.008593840524554253, 0.0105369184166193, -0.0028799022547900677, 0.007464999333024025, -0.0038089887239038944, 0.005736775230616331], [-0.0005318839102983475, 0.00376388942822814, -0.002255590632557869, 0.004572177771478891, -0.004779106937348843, 0.00022649158199783415, -0.008593840524554253, 0.020411163568496704, -0.011595216579735279, 0.006614162120968103, -0.00370789784938097, 0.0006355310324579477, -0.001286130165681243], [-0.0005920034018345177, -0.006929581053555012, 0.004528410267084837, -0.0064964876510202885, 0.005879709031432867, 0.00012953643454238772, 0.0105369184166193, -0.011595216579735279, 0.023853231221437454, -0.009464539587497711, 0.012216160073876381, -0.0016297238180413842, 0.006287542171776295], [0.00045234840945340693, 0.0054305680096149445, -0.0041859946213662624, 0.004254755564033985, -0.0033177370205521584, 0.0010151746682822704, -0.0028799022547900677, 0.006614162120968103, -0.009464539587497711, 0.020696230232715607, -0.010857893154025078, 0.0068240901455283165, 0.0014727754751220345], [0.000829121854621917, -0.0072382655926048756, 0.004536883905529976, -0.007156855892390013, 0.006758511066436768, -0.0024238359183073044, 0.007464999333024025, -0.00370789784938097, 0.012216160073876381, -0.010857893154025078, 0.028643064200878143, -0.013266433961689472, 0.00505036348477006], [-0.0001057569170370698, 0.005542778875678778, -0.004156294744461775, 0.004799703601747751, -0.004599065985530615, 0.004574158228933811, -0.0038089887239038944, 0.0006355310324579477, -0.0016297238180413842, 0.0068240901455283165, -0.013266433961689472, 0.027463015168905258, -0.009073205292224884], [0.0007716938271187246, -0.002999191405251622, 0.002219933783635497, -0.006089005619287491, 0.0035818179603666067, -0.0001226546592079103, 0.005736775230616331, -0.001286130165681243, 0.006287542171776295, 0.0014727754751220345, 0.00505036348477006, -0.009073205292224884, 0.0254355501383543]], "lowlevel.mfcc.cov": [[2229.234130859375, -483.84417724609375, 7.490004539489746, -285.8604736328125, -83.4595718383789, -105.45892333984375, -165.7822265625, 105.26243591308594, 197.32244873046875, 103.2769775390625, 117.21898651123047, -17.593721389770508, -1.615765929222107], [-483.84417724609375, 1054.45703125, -361.3482971191406, -91.75248718261719, -123.9437255859375, -65.8397216796875, -4.729968547821045, 126.8642578125, 5.084837913513184, 91.64586639404297, 32.4329833984375, 60.43827438354492, -32.49916076660156], [7.490004539489746, -361.3482971191406, 350.6815185546875, 67.67196655273438, -5.1160969734191895, 54.0426025390625, 72.46500396728516, -38.85057067871094, -5.114687919616699, -51.40546798706055, -11.797070503234863, -8.302813529968262, 16.694583892822266], [-285.8604736328125, -91.75248718261719, 67.67196655273438, 241.34335327148438, 156.96058654785156, 58.43170166015625, 3.6050894260406494, -60.05430603027344, -40.62403106689453, -41.711788177490234, -59.083370208740234, -5.590843677520752, 34.094974517822266], [-83.4595718383789, -123.9437255859375, -5.1160969734191895, 156.96058654785156, 273.2321472167969, 33.73870849609375, -45.79579162597656, -53.243587493896484, -10.146774291992188, -20.576637268066406, -41.267967224121094, -15.679940223693848, 34.37375259399414], [-105.45892333984375, -65.8397216796875, 54.0426025390625, 58.43170166015625, 33.73870849609375, 104.33353424072266, 44.930580139160156, -36.68551254272461, -15.884174346923828, -16.93854331970215, -10.216544151306152, 12.331602096557617, 3.5528323650360107], [-165.7822265625, -4.729968547821045, 72.46500396728516, 3.6050894260406494, -45.79579162597656, 44.930580139160156, 177.77764892578125, 27.999937057495117, -24.00201988220215, -39.43484115600586, -16.833280563354492, 11.897985458374023, 9.218757629394531], [105.26243591308594, 126.8642578125, -38.85057067871094, -60.05430603027344, -53.243587493896484, -36.68551254272461, 27.999937057495117, 141.28749084472656, 48.54682159423828, 20.917604446411133, 0.38182875514030457, 3.9113762378692627, 7.9280195236206055], [197.32244873046875, 5.084837913513184, -5.114687919616699, -40.62403106689453, -10.146774291992188, -15.884174346923828, -24.00201988220215, 48.54682159423828, 116.51908874511719, 48.75257110595703, 17.720699310302734, -5.2453932762146, 4.471828460693359], [103.2769775390625, 91.64586639404297, -51.40546798706055, -41.711788177490234, -20.576637268066406, -16.93854331970215, -39.43484115600586, 20.917604446411133, 48.75257110595703, 111.69043731689453, 48.94132995605469, 10.099547386169434, -22.47736358642578], [117.21898651123047, 32.4329833984375, -11.797070503234863, -59.083370208740234, -41.267967224121094, -10.216544151306152, -16.833280563354492, 0.38182875514030457, 17.720699310302734, 48.94132995605469, 100.78569030761719, 34.47013854980469, -18.26900291442871], [-17.593721389770508, 60.43827438354492, -8.302813529968262, -5.590843677520752, -15.679940223693848, 12.331602096557617, 11.897985458374023, 3.9113762378692627, -5.2453932762146, 10.099547386169434, 34.47013854980469, 65.06494903564453, 4.523804187774658], [-1.615765929222107, -32.49916076660156, 16.694583892822266, 34.094974517822266, 34.37375259399414, 3.5528323650360107, 9.218757629394531, 7.9280195236206055, 4.471828460693359, -22.47736358642578, -18.26900291442871, 4.523804187774658, 68.93439483642578]], "lowlevel.mfcc.icov": [[0.0008682965999469161, 0.0006825355812907219, 0.0002707604435272515, 0.0008084735018201172, 1.0714669770095497e-05, 4.947611887473613e-05, 0.0006702256505377591, -0.000693577341735363, -0.0006565300282090902, -0.00012853443331550807, -0.00040040360181592405, -0.0001874180743470788, -0.00023420402430929244], [0.0006825355812907219, 0.002494336571544409, 0.0021688686683773994, -0.00021232770814094692, 0.0009801436681300402, 0.0003380581911187619, 0.00010439454490551725, -0.0015970647800713778, -9.793993376661092e-05, -0.0009860718855634332, 5.130402496433817e-05, -0.0015230971621349454, 0.00023363724176306278], [0.0002707604435272515, 0.0021688686683773994, 0.005939275026321411, -0.0020545567385852337, 0.001983362017199397, -0.0004779522423632443, -0.0015185277443379164, -0.00011405430268496275, -0.0013234785292297602, 0.0007805378409102559, -0.0011303398059681058, -0.00012959024752490222, -9.21926912269555e-05], [0.0008084735018201172, -0.00021232770814094692, -0.0020545567385852337, 0.010439945384860039, -0.004616909194737673, -0.002219088841229677, 0.0011146619217470288, 0.0007522997912019491, 0.0012638801708817482, -0.0008529361803084612, 0.003358486806973815, -0.001299692434258759, -0.0019509450066834688], [1.0714669770095497e-05, 0.0009801436681300402, 0.001983362017199397, -0.004616909194737673, 0.0073871794156730175, -0.0007704467861913145, 0.001278321840800345, 0.0003890306979883462, -0.0008483322453685105, -1.0267614015901927e-05, -4.061277650180273e-06, 0.0006636239122599363, -0.0015869714552536607], [4.947611887473613e-05, 0.0003380581911187619, -0.0004779522423632443, -0.002219088841229677, -0.0007704467861913145, 0.014866333454847336, -0.004301856271922588, 0.003606415120884776, -0.0014377700863406062, -0.0006337076774798334, 0.0010283011943101883, -0.0036558941937983036, 0.0015514331171289086], [0.0006702256505377591, 0.00010439454490551725, -0.0015185277443379164, 0.0011146619217470288, 0.001278321840800345, -0.004301856271922588, 0.009575579315423965, -0.003772307187318802, 0.0014342059148475528, 0.0018250562716275454, 0.0003316796792205423, -0.0007062082295306027, -0.0007447567186318338], [-0.000693577341735363, -0.0015970647800713778, -0.00011405430268496275, 0.0007522997912019491, 0.0003890306979883462, 0.003606415120884776, -0.003772307187318802, 0.012780475430190563, -0.004260003101080656, -0.0004292053054086864, 0.0025508643593639135, -0.0008397653000429273, -0.001591361011378467], [-0.0006565300282090902, -9.793993376661092e-05, -0.0013234785292297602, 0.0012638801708817482, -0.0008483322453685105, -0.0014377700863406062, 0.0014342059148475528, -0.004260003101080656, 0.014345339499413967, -0.005524842534214258, 0.000190225982805714, 0.0019940531346946955, -0.0023834218736737967], [-0.00012853443331550807, -0.0009860718855634332, 0.0007805378409102559, -0.0008529361803084612, -1.0267614015901927e-05, -0.0006337076774798334, 0.0018250562716275454, -0.0004292053054086864, -0.005524842534214258, 0.01637394167482853, -0.0063188886269927025, 0.000829166965559125, 0.003576396033167839], [-0.00040040360181592405, 5.130402496433817e-05, -0.0011303398059681058, 0.003358486806973815, -4.061277650180273e-06, 0.0010283011943101883, 0.0003316796792205423, 0.0025508643593639135, 0.000190225982805714, -0.0063188886269927025, 0.019017061218619347, -0.009627919644117355, 0.001837741700001061], [-0.0001874180743470788, -0.0015230971621349454, -0.00012959024752490222, -0.001299692434258759, 0.0006636239122599363, -0.0036558941937983036, -0.0007062082295306027, -0.0008397653000429273, 0.0019940531346946955, 0.000829166965559125, -0.009627919644117355, 0.023043053224682808, -0.003922490868717432], [-0.00023420402430929244, 0.00023363724176306278, -9.21926912269555e-05, -0.0019509450066834688, -0.0015869714552536607, 0.0015514331171289086, -0.0007447567186318338, -0.001591361011378467, -0.0023834218736737967, 0.003576396033167839, 0.001837741700001061, -0.003922490868717432, 0.018657680600881577]], "metadata.audio_properties.analysis.downmix": "mix", "metadata.audio_properties.codec": "mp3", "metadata.audio_properties.md5_encoded": "256a32fc90060d08f855ce806e18f97d", "metadata.tags.file_name": "1182285568642662450.mp3", "metadata.version.essentia": "2.1-beta6-dev", "metadata.version.essentia_git_sha": "v2.1_beta5-1110-g77a6a954", "metadata.version.extractor": "music 2.0", "tonal.chords_key": "G", "tonal.chords_scale": "major", "tonal.key_edma.key": "C", "tonal.key_edma.scale": "minor", "tonal.key_krumhansl.key": "C", "tonal.key_krumhansl.scale": "minor", "tonal.key_temperley.key": "C", 