{"song_id": "1182271875724881940", "download": "https://cdn.discordapp.com/attachments/1128313332273782784/1182271875724881940/chirp.mp4?ex=6584177c&amp", "lyrics": "\u0414\u043e\u0440\u043e\u0433\u0430\u044f, \u0443 \u043d\u0430\u0441 \u0437\u0430\u0432\u0435\u043b\u0441\u044f \u0411\u0430\u0431\u0430\u0431\u0443\u043a!\n\u041e\u043d \u043f\u043e\u0434\u043b\u0438\u043b \u043d\u0430\u043c \u0413\u0435\u043a\u0442\u043e\u0440 \u0432 \u0441\u0443\u043f.\n\u041e\u043d \u0437\u0430\u0431\u0440\u0430\u043b \u043d\u0430\u0448\u0443 \u0440\u0430\u0431\u043e\u0442\u0443.\n\u041e\u043d \u043d\u043e\u0447\u0430\u043c\u0438 \u0437\u0430\u0432\u044b\u0432\u0430\u0435\u0442 \"\u0428\u043e\u043e\u043e\u043e\u043e\u043e\u043e\u043e\"", "style": ["\u0440\u043e\u0440"], "essentia_features": {"lowlevel.average_loudness": 0.33826324343681335, "lowlevel.barkbands_crest.mean": 13.438119888305664, "lowlevel.barkbands_crest.stdev": 5.885863304138184, "lowlevel.barkbands_flatness_db.mean": 0.2256084829568863, "lowlevel.barkbands_flatness_db.stdev": 0.1043735146522522, "lowlevel.barkbands_kurtosis.mean": 20.671287536621094, "lowlevel.barkbands_kurtosis.stdev": 40.76285934448242, "lowlevel.barkbands_skewness.mean": 2.6738290786743164, "lowlevel.barkbands_skewness.stdev": 2.7062876224517822, "lowlevel.barkbands_spread.mean": 12.076881408691406, "lowlevel.barkbands_spread.stdev": 12.044803619384766, "lowlevel.dissonance.mean": 0.45042315125465393, "lowlevel.dissonance.stdev": 0.05430879071354866, "lowlevel.dynamic_complexity": 16.520526885986328, "lowlevel.erbbands_crest.mean": 11.0772123336792, "lowlevel.erbbands_crest.stdev": 6.198441982269287, "lowlevel.erbbands_flatness_db.mean": 0.22837039828300476, "lowlevel.erbbands_flatness_db.stdev": 0.08218125998973846, "lowlevel.erbbands_kurtosis.mean": 2.932111978530884, "lowlevel.erbbands_kurtosis.stdev": 7.343469619750977, "lowlevel.erbbands_skewness.mean": 0.7861807942390442, "lowlevel.erbbands_skewness.stdev": 1.2985018491744995, "lowlevel.erbbands_spread.mean": 31.39322853088379, "lowlevel.erbbands_spread.stdev": 21.213329315185547, "lowlevel.hfc.mean": 8.763212203979492, "lowlevel.hfc.stdev": 14.660883903503418, "lowlevel.loudness_ebu128.integrated": -13.688642501831055, "lowlevel.loudness_ebu128.loudness_range": 7.6604156494140625, "lowlevel.loudness_ebu128.momentary.mean": -28.95730972290039, "lowlevel.loudness_ebu128.momentary.stdev": 16.517236709594727, "lowlevel.loudness_ebu128.short_term.mean": -26.072998046875, "lowlevel.loudness_ebu128.short_term.stdev": 13.227324485778809, "lowlevel.melbands_crest.mean": 17.339523315429688, "lowlevel.melbands_crest.stdev": 7.235401153564453, "lowlevel.melbands_flatness_db.mean": 0.2760825753211975, "lowlevel.melbands_flatness_db.stdev": 0.1262502521276474, "lowlevel.melbands_kurtosis.mean": 36.42830276489258, "lowlevel.melbands_kurtosis.stdev": 57.661624908447266, "lowlevel.melbands_skewness.mean": 3.451864242553711, "lowlevel.melbands_skewness.stdev": 3.0443809032440186, "lowlevel.melbands_spread.mean": 17.86332130432129, "lowlevel.melbands_spread.stdev": 27.199851989746094, "lowlevel.pitch_salience.mean": 0.5126121044158936, "lowlevel.pitch_salience.stdev": 0.20590583980083466, "lowlevel.silence_rate_20dB.mean": 0.9943865537643433, "lowlevel.silence_rate_20dB.stdev": 0.07471240311861038, "lowlevel.silence_rate_30dB.mean": 0.7939053773880005, "lowlevel.silence_rate_30dB.stdev": 0.4044990539550781, "lowlevel.silence_rate_60dB.mean": 0.5533279776573181, "lowlevel.silence_rate_60dB.stdev": 0.4971480965614319, "lowlevel.spectral_centroid.mean": 1135.4771728515625, "lowlevel.spectral_centroid.stdev": 907.54736328125, "lowlevel.spectral_complexity.mean": 7.9294304847717285, "lowlevel.spectral_complexity.stdev": 11.053475379943848, "lowlevel.spectral_decrease.mean": -1.1099059449293236e-08, "lowlevel.spectral_decrease.stdev": 1.9568389575397305e-08, "lowlevel.spectral_energy.mean": 0.042685214430093765, "lowlevel.spectral_energy.stdev": 0.07492250204086304, "lowlevel.spectral_energyband_high.mean": 0.00015915592666715384, "lowlevel.spectral_energyband_high.stdev": 0.00039364895201288164, "lowlevel.spectral_energyband_low.mean": 0.034145552664995193, "lowlevel.spectral_energyband_low.stdev": 0.06672567874193192, "lowlevel.spectral_energyband_middle_high.mean": 0.0017464851262047887, "lowlevel.spectral_energyband_middle_high.stdev": 0.003597890492528677, "lowlevel.spectral_energyband_middle_low.mean": 0.007428925018757582, "lowlevel.spectral_energyband_middle_low.stdev": 0.02047259919345379, "lowlevel.spectral_entropy.mean": 7.120038986206055, "lowlevel.spectral_entropy.stdev": 0.7679938077926636, "lowlevel.spectral_flux.mean": 0.06048822030425072, "lowlevel.spectral_flux.stdev": 0.09894531220197678, "lowlevel.spectral_kurtosis.mean": 9.385323524475098, "lowlevel.spectral_kurtosis.stdev": 9.794879913330078, "lowlevel.spectral_rms.mean": 0.003975915256887674, "lowlevel.spectral_rms.stdev": 0.005082935094833374, "lowlevel.spectral_rolloff.mean": 1339.4251708984375, "lowlevel.spectral_rolloff.stdev": 1943.9659423828125, "lowlevel.spectral_skewness.mean": 1.9606952667236328, "lowlevel.spectral_skewness.stdev": 1.066511869430542, "lowlevel.spectral_spread.mean": 3470298.25, "lowlevel.spectral_spread.stdev": 1932579.125, "lowlevel.spectral_strongpeak.mean": 0.5037058591842651, "lowlevel.spectral_strongpeak.stdev": 0.5886428952217102, "lowlevel.zerocrossingrate.mean": 0.05362910032272339, "lowlevel.zerocrossingrate.stdev": 0.06063881516456604, "metadata.audio_properties.analysis.equal_loudness": 0.0, "metadata.audio_properties.analysis.length": 28.926939010620117, "metadata.audio_properties.analysis.sample_rate": 44100.0, "metadata.audio_properties.analysis.start_time": 0.0, "metadata.audio_properties.bit_rate": 117203.0, "metadata.audio_properties.length": 28.92799949645996, "metadata.audio_properties.lossless": 0.0, "metadata.audio_properties.number_channels": 1.0, "metadata.audio_properties.replay_gain": -10.232355117797852, "metadata.audio_properties.sample_rate": 48000.0, "rhythm.beats_count": 56.0, "rhythm.beats_loudness.mean": 0.09048538655042648, "rhythm.beats_loudness.stdev": 0.11665548384189606, "rhythm.bpm": 111.7096939086914, "rhythm.bpm_histogram_first_peak_bpm": 112.0, "rhythm.bpm_histogram_first_peak_weight": 0.2666666507720947, "rhythm.bpm_histogram_second_peak_bpm": 136.0, "rhythm.bpm_histogram_second_peak_spread": 0.3333333134651184, "rhythm.bpm_histogram_second_peak_weight": 0.145454540848732, "rhythm.danceability": 1.0940804481506348, "rhythm.onset_rate": 3.00583815574646, "tonal.chords_changes_rate": 0.08814102411270142, "tonal.chords_number_rate": 0.024038461968302727, "tonal.chords_strength.mean": 0.4658058285713196, "tonal.chords_strength.stdev": 0.07006046921014786, "tonal.hpcp_crest.mean": 13.547404289245605, "tonal.hpcp_crest.stdev": 7.477899074554443, "tonal.hpcp_entropy.mean": 2.102566719055176, "tonal.hpcp_entropy.stdev": 0.9432327747344971, "tonal.key_edma.strength": 0.49161335825920105, "tonal.key_krumhansl.strength": 0.49443963170051575, "tonal.key_temperley.strength": 0.5154337882995605, "tonal.tuning_diatonic_strength": 0.5779039859771729, "tonal.tuning_equal_tempered_deviation": 0.1577162742614746, "tonal.tuning_frequency": 441.5275573730469, "tonal.tuning_nontempered_energy_ratio": 0.8192612528800964, "lowlevel.barkbands.mean": [0.0002613533288240433, 0.02247856743633747, 0.010658107697963715, 0.0014431788586080074, 0.0037590758875012398, 0.0008997383993119001, 0.000374434981495142, 0.0005607759230770171, 0.00030856498051434755, 0.00025976201868616045, 0.00020751509873662144, 0.00026679315487854183, 0.0001781683968147263, 0.00016899043112061918, 0.00014659286534879357, 0.0002022703702095896, 0.00011724058276740834, 7.554709736723453e-05, 0.00011693146370816976, 9.072505781659856e-05, 5.514590520760976e-05, 3.161078711855225e-05, 1.6570842490182258e-05, 5.5842328947619535e-06, 1.7593134771232144e-06, 2.5133093117801764e-07, 4.808863529603968e-09], "lowlevel.barkbands.stdev": [0.0013881337363272905, 0.04749789834022522, 0.025708824396133423, 0.00456592720001936, 0.01647387072443962, 0.0020088956225663424, 0.0013804871123284101, 0.002594220917671919, 0.0009553733980283141, 0.0009076782735064626, 0.0007890989072620869, 0.0005708977696485817, 0.0005294067086651921, 0.0004358617588877678, 0.00041178218089044094, 0.00045320059871301055, 0.0002612617681734264, 0.00016766712360549718, 0.0002489282633177936, 0.00021588422532659024, 0.0001486925466451794, 8.571648504585028e-05, 4.415843795868568e-05, 1.4842590644548181e-05, 4.70804889118881e-06, 8.712486874173919e-07, 2.4286665123440798e-08], "lowlevel.erbbands.mean": [0.38893142342567444, 5.833498001098633, 14.932150840759277, 6.629367351531982, 12.005345344543457, 10.146644592285156, 5.1391987800598145, 8.095643043518066, 5.9817705154418945, 7.511893272399902, 11.839221954345703, 6.987971782684326, 8.604037284851074, 8.3182373046875, 8.971439361572266, 9.916595458984375, 8.325126647949219, 7.910531520843506, 8.794958114624023, 7.080865859985352, 13.200033187866211, 6.273544788360596, 3.9756991863250732, 6.493478775024414, 4.633373737335205, 4.385591506958008, 3.0483195781707764, 1.6671814918518066, 1.2067562341690063, 0.8192554116249084, 0.3966381251811981, 0.15585635602474213, 0.08045180141925812, 0.029853887856006622, 0.007658063434064388, 0.00195938884280622, 0.0002991513174492866, 3.1006111385067925e-05, 2.0629269783967175e-05, 4.7004607040435076e-05], "lowlevel.erbbands.stdev": [1.2765480279922485, 11.534164428710938, 31.40300750732422, 18.963199615478516, 46.982994079589844, 47.303375244140625, 11.49909496307373, 18.5821590423584, 16.87544059753418, 24.06549072265625, 48.8095817565918, 21.304216384887695, 27.788972854614258, 30.54115867614746, 23.845104217529297, 21.674644470214844, 23.70079803466797, 21.816659927368164, 22.89302635192871, 16.70714569091797, 29.472745895385742, 13.193605422973633, 8.936774253845215, 13.852145195007324, 9.714576721191406, 9.906302452087402, 8.559164047241211, 4.562207221984863, 3.3255574703216553, 2.1677517890930176, 1.0553704500198364, 0.41137731075286865, 0.21578244864940643, 0.0786701887845993, 0.022958694025874138, 0.006382364314049482, 0.0010744633618742228, 0.00013124065299052745, 3.541354453773238e-05, 8.189609798137099e-05], "lowlevel.gfcc.mean": [-253.25794982910156, 108.51423645019531, -143.07366943359375, 13.298298835754395, -61.95946502685547, -2.016815662384033, -36.28074645996094, -2.4388844966888428, -23.721078872680664, -6.250712871551514, -6.206672191619873, -10.583807945251465, -5.004566192626953], "lowlevel.melbands.mean": [0.004892132245004177, 0.007693442981690168, 0.0013416997389867902, 0.0009445843170396984, 0.0001827395462896675, 0.00017562706489115953, 9.403816511621699e-05, 9.974336717277765e-05, 8.820199582260102e-05, 4.196154623059556e-05, 4.296971019357443e-05, 3.3474363590357825e-05, 2.897725789807737e-05, 3.4170039725722745e-05, 1.70594867086038e-05, 1.885515303001739e-05, 1.3981947631691583e-05, 1.453483673685696e-05, 1.1029175766452681e-05, 8.827099918562453e-06, 1.7335263692075387e-05, 6.674566975561902e-06, 3.666297970994492e-06, 3.7394547689473256e-06, 5.6594808484078385e-06, 3.504176220303634e-06, 3.0945338949095458e-06, 2.8843842301284894e-06, 2.0384923118399456e-06, 1.3446378943626769e-06, 8.488144658258534e-07, 7.244311177601048e-07, 5.270429710435565e-07, 4.244998876856698e-07, 2.4632677764202526e-07, 1.368155722047959e-07, 7.793290279778375e-08, 6.225738502507738e-08, 3.630873024462744e-08, 2.088140860223575e-08], "lowlevel.melbands.stdev": [0.011939519084990025, 0.014754146337509155, 0.003369936952367425, 0.004272480960935354, 0.0004396015719976276, 0.00039574800757691264, 0.00027425860753282905, 0.0003714743070304394, 0.00033627101220190525, 0.00012540328316390514, 0.00013974869216326624, 0.00012124385830247775, 9.16785720619373e-05, 7.22939585102722e-05, 5.118460830999538e-05, 5.416924977907911e-05, 3.9447200833819807e-05, 3.823058432317339e-05, 3.2693562388885766e-05, 1.961202906386461e-05, 4.020029882667586e-05, 1.5049877220008057e-05, 8.963491382019129e-06, 8.292901839013211e-06, 1.251541016245028e-05, 7.611533874296583e-06, 6.73713020660216e-06, 6.793453849240905e-06, 6.087858764658449e-06, 4.062131210957887e-06, 2.4491394015058177e-06, 2.0874408619420137e-06, 1.4213978829502594e-06, 1.1494457794469781e-06, 6.704040060867555e-07, 3.780885720061633e-07, 2.1073942946259194e-07, 1.7229251625394681e-07, 9.673463807757798e-08, 5.6429470873808896e-08], "lowlevel.melbands128.mean": [0.00023155433882493526, 0.0021762049291282892, 0.006225463468581438, 0.011184739880263805, 0.009752056561410427, 0.004026519134640694, 0.0011428017169237137, 0.0006893831887282431, 0.0012838869588449597, 0.0014205207116901875, 0.0003542341000866145, 0.00015485544281546026, 0.0001702779991319403, 0.00015719939256086946, 0.00017268251394852996, 0.00022345616889651865, 8.955934754339978e-05, 7.457732135662809e-05, 9.332000627182424e-05, 5.045368379796855e-05, 0.0001328629005001858, 0.00016976005281321704, 5.2855608373647556e-05, 5.1660234021255746e-05, 4.612708289641887e-05, 3.3404361602151766e-05, 4.5133121602702886e-05, 4.411490590428002e-05, 4.607399750966579e-05, 2.5756355171324685e-05, 3.506815482978709e-05, 3.4607717680046335e-05, 2.823915747285355e-05, 1.912978768814355e-05, 4.482410804484971e-05, 3.836342511931434e-05, 1.9373992472537793e-05, 1.4310023288999218e-05, 1.6600974049651995e-05, 1.9572536984924227e-05, 1.9850880562444218e-05, 1.6812966350698844e-05, 1.218333090946544e-05, 1.272839381272206e-05, 1.8125920178135857e-05, 1.2428747140802443e-05, 1.4271533473220188e-05, 1.2582598174049053e-05, 8.443163096671924e-06, 8.932791388360783e-06, 6.995500825723866e-06, 8.766540304350201e-06, 2.483757634763606e-05, 1.6595244233030826e-05, 1.0585890777292661e-05, 4.929911483486649e-06, 4.743942099594278e-06, 4.073023319506319e-06, 3.129323431494413e-06, 3.0726696422789246e-06, 3.1368056170322234e-06, 4.894724042969756e-06, 5.696015250578057e-06, 6.532546649395954e-06, 4.230458216625266e-06, 3.172661308781244e-06, 3.2607190405542497e-06, 3.092396809734055e-06, 2.9310233458090806e-06, 3.4134575344069162e-06, 3.0879136829753406e-06, 2.3350539777311496e-06, 2.504721123841591e-06, 1.848470674303826e-06, 1.8405596620141296e-06, 1.4929506733096787e-06, 1.0815277846631943e-06, 8.532747415301856e-07, 8.705466143510421e-07, 7.493244424949808e-07, 8.405010021306225e-07, 6.794521709707624e-07, 5.489217187459872e-07, 5.331734200808569e-07, 4.618712523551949e-07, 5.005564958082687e-07, 3.869857323479664e-07, 3.3528095855217543e-07, 2.3102337820546381e-07, 2.0159568236977066e-07, 1.5311371726056677e-07, 1.244936669309027e-07, 9.245913901168024e-08, 7.447125227599827e-08, 6.952810593929826e-08, 7.188754835851796e-08, 6.078930425701401e-08, 5.0641961735209406e-08, 3.3548648303849404e-08, 3.220529976033504e-08, 2.7885853626230528e-08, 1.7564355303534285e-08, 1.4593313224509075e-08, 1.063543120238819e-08, 7.517356515052143e-09, 5.4017208483969625e-09, 4.866605340936303e-09, 4.557722199649561e-09, 3.252143443432942e-09, 2.0133561484669826e-09, 1.3773859830479296e-09, 8.493439840329131e-10, 7.505364107984747e-10, 5.477486797467179e-10, 4.465364189520926e-10, 2.5975585571380577e-10, 1.3558598688234724e-10, 1.7451333780837963e-11, 7.719747584233883e-12, 7.436295502982748e-12, 7.052301017468343e-12, 6.600297999120874e-12, 6.448535715825043e-12, 6.334249964823346e-12, 6.204284482003164e-12, 6.050622676501138e-12, 5.957928594924056e-12, 5.919988024100098e-12], "lowlevel.melbands128.stdev": [0.0012745056301355362, 0.010095392353832722, 0.017357224598526955, 0.02164728194475174, 0.01954312063753605, 0.010614058002829552, 0.004008423071354628, 0.0020642918534576893, 0.005190602503716946, 0.007126425392925739, 0.0018011353677138686, 0.00038138002855703235, 0.00041819497710093856, 0.00048477709060534835, 0.0004268345655873418, 0.000583989720325917, 0.00028049529646523297, 0.0003407828335184604, 0.00047242577420547605, 0.00017705939535517246, 0.0006898150313645601, 0.0009002159931696951, 0.0001916369510581717, 0.00023839285131543875, 0.00017969546024687588, 9.872113150777295e-05, 0.00013431909610517323, 0.0001992888137465343, 0.00016151885211002082, 9.624429367249832e-05, 0.00018187251407653093, 0.00016655608487781137, 0.00010516678594285622, 8.021977555472404e-05, 0.000113346912257839, 9.312450129073113e-05, 5.8870817156275734e-05, 5.8587160310707986e-05, 6.245336408028379e-05, 6.290800956776366e-05, 7.53157219151035e-05, 5.4100419220048934e-05, 4.068098132847808e-05, 4.387053559185006e-05, 5.077616515336558e-05, 3.764874054468237e-05, 5.146839248482138e-05, 4.738605275633745e-05, 3.219601057935506e-05, 2.56786952377297e-05, 2.2030482796253636e-05, 2.6469129807082936e-05, 6.777000817237422e-05, 4.3605785322142765e-05, 2.772822517727036e-05, 1.4557667782355566e-05, 1.3182259863242507e-05, 1.1256279321969487e-05, 9.294290975958575e-06, 8.739509212318808e-06, 8.402771527471486e-06, 1.1712850209733006e-05, 1.4390164324140642e-05, 1.6628038792987354e-05, 1.022095875669038e-05, 8.332187462656293e-06, 7.973650099302176e-06, 7.646867743460461e-06, 7.282567366928561e-06, 8.671627256262582e-06, 7.819540769560263e-06, 6.534836757055018e-06, 1.1675497262331191e-05, 5.437002073449548e-06, 5.6948438214021735e-06, 5.409962341218488e-06, 3.5839063912135316e-06, 2.8035985906171845e-06, 2.6908016934612533e-06, 2.211260834883433e-06, 2.948819656012347e-06, 1.940143647516379e-06, 1.6457686342619127e-06, 1.5828918549232185e-06, 1.3032669130552677e-06, 1.4441192206504638e-06, 1.1867280136357294e-06, 1.0307993534297566e-06, 6.495301931863651e-07, 6.057521204638761e-07, 4.630485648249305e-07, 3.655047464690142e-07, 2.767606019915547e-07, 2.09721207511393e-07, 2.0723193472349521e-07, 2.1024924024004576e-07, 1.796412476551268e-07, 1.4845187479295419e-07, 9.896721309132772e-08, 9.246197407719592e-08, 8.202250967315194e-08, 5.3589847226476195e-08, 4.318791368973507e-08, 3.6541727865824214e-08, 3.167400564052514e-08, 1.966649953999422e-08, 1.5453064605708278e-08, 1.7166966514992055e-08, 1.4522491653679026e-08, 7.908290911018412e-09, 5.433999916704124e-09, 3.6560865446233493e-09, 3.4574709761869826e-09, 2.7039364081105077e-09, 2.304026303079354e-09, 1.3322778436020144e-09, 8.914137206161854e-10, 8.991986322204326e-11, 1.8655028910519178e-11, 2.380443064886606e-11, 1.8850501021239197e-11, 1.5688544213743327e-11, 1.5349964355149126e-11, 1.50922330188763e-11, 1.487378449571697e-11, 1.4694341229914976e-11, 1.45682962221505e-11, 1.449012784759951e-11], "lowlevel.mfcc.mean": [-880.3449096679688, 130.48016357421875, -17.469871520996094, 10.75703239440918, -8.2938871383667, -2.8224270343780518, -2.757758378982544, -4.3243818283081055, -9.672478675842285, 0.2861618995666504, -6.617262840270996, -3.5041916370391846, 0.5908368825912476], "lowlevel.spectral_contrast_coeffs.mean": [-0.6758678555488586, -0.7774901986122131, -0.8111335635185242, -0.8289180994033813, -0.8268956542015076, -0.7837437987327576], "lowlevel.spectral_contrast_coeffs.stdev": [0.10062877088785172, 0.10211016237735748, 0.07785357534885406, 0.059388596564531326, 0.04876905307173729, 0.08213238418102264], "lowlevel.spectral_contrast_valleys.mean": [-9.679593086242676, -8.730051040649414, -9.15642261505127, -9.491278648376465, -9.73760986328125, -13.107156753540039], "lowlevel.spectral_contrast_valleys.stdev": [2.9875197410583496, 1.807522177696228, 1.9365686178207397, 2.089625120162964, 2.259824514389038, 1.7539331912994385], "rhythm.beats_loudness_band_ratio.mean": [0.38279032707214355, 0.251152366399765, 0.25107342004776, 0.141937717795372, 0.03175680339336395, 0.034043215215206146], "rhythm.beats_loudness_band_ratio.stdev": [0.3934703469276428, 0.26801028847694397, 0.3061034679412842, 0.21546021103858948, 0.043148577213287354, 0.1223449558019638], "tonal.hpcp.mean": [0.13158689439296722, 0.12970273196697235, 0.11984878778457642, 0.10023990273475647, 0.10168731957674026, 0.11655806005001068, 0.12135478854179382, 0.11960119009017944, 0.10537370294332504, 0.09446737170219421, 0.10138402879238129, 0.11237577348947525, 0.12386619299650192, 0.12272048741579056, 0.13196773827075958, 0.1357697695493698, 0.13047581911087036, 0.14869140088558197, 0.14673380553722382, 0.11167655885219574, 0.10047801584005356, 0.12321636080741882, 0.13673269748687744, 0.14194996654987335, 0.15330222249031067, 0.14417441189289093, 0.1683843582868576, 0.2060694396495819, 0.16225795447826385, 0.12808488309383392, 0.1264898031949997, 0.12341507524251938, 0.15936915576457977, 0.19912080466747284, 0.18203268945217133, 0.14549268782138824], "tonal.hpcp.stdev": [0.2477310299873352, 0.2493501603603363, 0.22910402715206146, 0.19407856464385986, 0.20346468687057495, 0.22712278366088867, 0.23056010901927948, 0.23325379192829132, 0.21561065316200256, 0.20138108730316162, 0.2177814543247223, 0.20280906558036804, 0.218882754445076, 0.2142302542924881, 0.2448693811893463, 0.2434849739074707, 0.23445528745651245, 0.2586560845375061, 0.26108404994010925, 0.21772000193595886, 0.18628600239753723, 0.24287433922290802, 0.244892880320549, 0.25245970487594604, 0.26152172684669495, 0.2580330967903137, 0.25377753376960754, 0.32689014077186584, 0.253689706325531, 0.2343803495168686, 0.23413346707820892, 0.22564509510993958, 0.2659315764904022, 0.31477877497673035, 0.2910737991333008, 0.2519097328186035], "rhythm.beats_position": [0.4760090708732605, 0.9636281132698059, 1.4512470960617065, 1.9272562265396118, 2.4148752689361572, 2.902494192123413, 3.4017233848571777, 3.877732276916504, 4.353741645812988, 4.806530475616455, 5.25931978225708, 5.712108612060547, 6.153287887573242, 6.5944671630859375, 7.058866024017334, 7.500045299530029, 7.941224575042725, 8.382403373718262, 8.811972618103027, 9.253151893615723, 9.694331169128418, 10.135510444641113, 10.623128890991211, 11.110748291015625, 11.621586799621582, 12.190476417541504, 12.73614501953125, 13.281813621520996, 13.827483177185059, 14.373151779174805, 14.91882038116455, 15.464489936828613, 16.01015853881836, 16.555828094482422, 17.089885711669922, 17.623945236206055, 18.158004760742188, 18.692062377929688, 19.22612190246582, 19.760181427001953, 20.294239044189453, 20.828298568725586, 21.36235809326172, 21.89641761779785, 22.43047523498535, 22.964534759521484, 23.498594284057617, 24.032651901245117, 24.56671142578125, 25.100770950317383, 25.634828567504883, 26.168888092041016, 26.70294761657715, 27.23700714111328, 27.77106475830078, 28.305124282836914], "rhythm.bpm_histogram": [0.0, 0.0, 0.0, 0.0, 0.0, 0.0, 0.0, 0.0, 0.0, 0.0, 0.0, 0.0, 0.0, 0.0, 0.0, 0.0, 0.0, 0.0, 0.0, 0.0, 0.0, 0.0, 0.0, 0.0, 0.0, 0.0, 0.0, 0.0, 0.0, 0.0, 0.0, 0.0, 0.0, 0.0, 0.0, 0.0, 0.0, 0.0, 0.0, 0.0, 0.0, 0.0, 0.0, 0.0, 0.0, 0.0, 0.0, 0.0, 0.0, 0.0, 0.0, 0.0, 0.0, 0.0, 0.0, 0.0, 0.0, 0.0, 0.0, 0.0, 0.0, 0.0, 0.0, 0.0, 0.0, 0.0, 0.0, 0.0, 0.0, 0.0, 0.0, 0.0, 0.0, 0.0, 0.0, 0.0, 0.0, 0.0, 0.0, 0.0, 0.0, 0.0, 0.0, 0.0, 0.0, 0.0, 0.0, 0.0, 0.0, 0.0, 0.0, 0.0, 0.0, 0.0, 0.0, 0.0, 0.0, 0.0, 0.0, 0.0, 0.0, 0.0, 0.0, 0.0, 0.0, 0.0181818176060915, 0.0, 0.0, 0.0, 0.0, 0.145454540848732, 0.0, 0.4000000059604645, 0.0, 0.0, 0.0, 0.0, 0.0181818176060915, 0.0, 0.0, 0.0181818176060915, 0.0, 0.0, 0.1090909093618393, 0.0, 0.0, 0.05454545468091965, 0.0, 0.0, 0.0181818176060915, 0.0, 0.0, 0.0, 0.05454545468091965, 0.0, 0.0, 0.145454540848732, 0.0, 0.0, 0.0, 0.0181818176060915, 0.0, 0.0, 0.0, 0.0, 0.0, 0.0, 0.0, 0.0, 0.0, 0.0, 0.0, 0.0, 0.0, 0.0, 0.0, 0.0, 0.0, 0.0, 0.0, 0.0, 0.0, 0.0, 0.0, 0.0, 0.0, 0.0, 0.0, 0.0, 0.0, 0.0, 0.0, 0.0, 0.0, 0.0, 0.0, 0.0, 0.0, 0.0, 0.0, 0.0, 0.0, 0.0, 0.0, 0.0, 0.0, 0.0, 0.0, 0.0, 0.0, 0.0, 0.0, 0.0, 0.0, 0.0, 0.0, 0.0, 0.0, 0.0, 0.0, 0.0, 0.0, 0.0, 0.0, 0.0, 0.0, 0.0, 0.0, 0.0, 0.0, 0.0, 0.0, 0.0, 0.0, 0.0, 0.0, 0.0, 0.0, 0.0, 0.0, 0.0, 0.0, 0.0, 0.0, 0.0, 0.0, 0.0, 0.0, 0.0, 0.0, 0.0, 0.0, 0.0, 0.0, 0.0, 0.0, 0.0, 0.0, 0.0, 0.0, 0.0, 0.0, 0.0, 0.0, 0.0, 0.0, 0.0, 0.0, 0.0, 0.0], "tonal.chords_histogram": [11.538461685180664, 3.846153736114502, 15.54487133026123, 9.45512866973877, 0.3205128312110901, 0.3205128312110901, 0.0, 8.01282024383545, 0.0, 10.897436141967773, 0.16025641560554504, 0.0, 0.0, 0.0, 4.967948913574219, 4.647435665130615, 1.6025640964508057, 5.128205299377441, 1.2820513248443604, 5.288461685180664, 4.807692527770996, 4.647435665130615, 0.6410256624221802, 6.891025543212891], "tonal.thpcp": [1.0, 0.7873945832252502, 0.6215617656707764, 0.613821268081665, 0.5989004373550415, 0.7733759880065918, 0.9662801027297974, 0.8833560943603516, 0.706037163734436, 0.6385560631752014, 0.6294127702713013, 0.5815941691398621, 0.48643749952316284, 0.4934614300727844, 0.5656251907348633, 0.5889024138450623, 0.5803926587104797, 0.5113504528999329, 0.45842495560646057, 0.4919896423816681, 0.5453296303749084, 0.601089596748352, 0.5955297946929932, 0.640404224395752, 0.6588544845581055, 0.6331643462181091, 0.7215597033500671, 0.7120599746704102, 0.5419365167617798, 0.48759299516677856, 0.5979360938072205, 0.6635273098945618, 0.6888453364372253, 0.7439347505569458, 0.6996399760246277, 0.8171243667602539], "lowlevel.gfcc.cov": [[47297.44140625, 7122.51611328125, 548.222900390625, 8432.0087890625, 4161.62939453125, 2271.03369140625, 2938.449951171875, -335.8758239746094, 2029.8338623046875, -1133.4354248046875, 796.0990600585938, -493.06396484375, 1244.734619140625], [7122.51611328125, 3030.663330078125, 542.557373046875, 1045.9810791015625, 1199.48291015625, 13.3912992477417, 629.081787109375, -89.77239990234375, 508.92681884765625, -299.7204284667969, 280.1084899902344, -171.6546173095703, 276.7684631347656], [548.222900390625, 542.557373046875, 1637.217041015625, 708.883056640625, 511.3037109375, 204.52951049804688, 57.12416076660156, 73.15471649169922, 220.19833374023438, -19.412334442138672, -112.90587615966797, 99.05750274658203, -15.403848648071289], [8432.0087890625, 1045.9810791015625, 708.883056640625, 2421.822509765625, 1075.036376953125, 655.0936889648438, 564.0808715820312, -66.31924438476562, 471.604736328125, -187.20533752441406, 18.412336349487305, -47.171512603759766, 193.52980041503906], [4161.62939453125, 1199.48291015625, 511.3037109375, 1075.036376953125, 1292.7142333984375, 388.80194091796875, 542.84228515625, -20.142683029174805, 334.4923095703125, -82.7481460571289, 108.62542724609375, 17.746423721313477, 144.42144775390625], [2271.03369140625, 13.3912992477417, 204.52951049804688, 655.0936889648438, 388.80194091796875, 479.36480712890625, 256.54498291015625, 8.011543273925781, 99.05061340332031, -11.89938735961914, -7.009416103363037, 4.2192583084106445, 30.969470977783203], [2938.449951171875, 629.081787109375, 57.12416076660156, 564.0808715820312, 542.84228515625, 256.54498291015625, 484.4878234863281, 26.78638458251953, 174.5604248046875, -88.25232696533203, 113.58979034423828, -46.175445556640625, 88.47010040283203], [-335.8758239746094, -89.77239990234375, 73.15471649169922, -66.31924438476562, -20.142683029174805, 8.011543273925781, 26.78638458251953, 228.01290893554688, 58.8150634765625, 34.813594818115234, -3.6588096618652344, 32.66636276245117, -35.39888381958008], [2029.8338623046875, 508.92681884765625, 220.19833374023438, 471.604736328125, 334.4923095703125, 99.05061340332031, 174.5604248046875, 58.8150634765625, 285.6114196777344, 4.978289604187012, 85.26498413085938, 9.299792289733887, 80.421630859375], [-1133.4354248046875, -299.7204284667969, -19.412334442138672, -187.20533752441406, -82.7481460571289, -11.89938735961914, -88.25232696533203, 34.813594818115234, 4.978289604187012, 206.98353576660156, 22.703580856323242, 46.07301712036133, -17.297645568847656], [796.0990600585938, 280.1084899902344, -112.90587615966797, 18.412336349487305, 108.62542724609375, -7.009416103363037, 113.58979034423828, -3.6588096618652344, 85.26498413085938, 22.703580856323242, 208.3358917236328, 18.8696346282959, 76.02677917480469], [-493.06396484375, -171.6546173095703, 99.05750274658203, -47.171512603759766, 17.746423721313477, 4.2192583084106445, -46.175445556640625, 32.66636276245117, 9.299792289733887, 46.07301712036133, 18.8696346282959, 167.5045928955078, 39.36940002441406], [1244.734619140625, 276.7684631347656, -15.403848648071289, 193.52980041503906, 144.42144775390625, 30.969470977783203, 88.47010040283203, -35.39888381958008, 80.421630859375, -17.297645568847656, 76.02677917480469, 39.36940002441406, 154.98873901367188]], "lowlevel.gfcc.icov": [[0.00012994123972021043, -0.00024652350111864507, 0.00018594555149320513, -0.0003719080123119056, 0.00019313480879645795, -0.00028260593535378575, -6.21297731413506e-05, -5.490136027219705e-05, -3.680790905491449e-05, 9.194510494126007e-05, -4.132922549615614e-05, -8.816446643322706e-05, -0.00014902146358508617], [-0.00024652350111864507, 0.0017815788742154837, -0.0007148715085349977, 0.0008231172687374055, -0.0012295056367293, 0.0016509867273271084, -0.00021154411660972983, 0.0003797092940658331, -0.0009641310316510499, 0.0010013374267145991, -0.0006857210537418723, 0.0017478953814134002, -0.0007727480842731893], [0.00018594555149320513, -0.0007148715085349977, 0.0013111832085996866, -0.0007016723975539207, 0.0001453976728953421, -0.0007629005121998489, 0.00045858483645133674, -0.0002666207728907466, -0.00037969922414049506, -2.7266294637229294e-05, 0.0007009609835222363, -0.0011750763515010476, 0.000632603419944644], [-0.0003719080123119056, 0.0008231172687374055, -0.0007016723975539207, 0.0023442436940968037, -0.0008331206045113504, -0.0002519833215046674, 0.00017989489424508065, 0.0007724013412371278, -0.0015228436095640063, 0.0005972819635644555, 0.0006417810218408704, 0.0007170530152507126, -0.00021966655913274735], [0.00019313480879645795, -0.0012295056367293, 0.0001453976728953421, -0.0008331206045113504, 0.00302959606051445, -0.001236321753822267, -0.0018769187154248357, 0.000613300537224859, -0.0002936357632279396, -0.0008217482827603817, 0.0006599488551728427, -0.0019012546399608254, 0.0005545493331737816], [-0.00028260593535378575, 0.0016509867273271084, -0.0007629005121998489, -0.0002519833215046674, -0.001236321753822267, 0.006141799036413431, -0.002343289088457823, 0.0002551596553530544, 0.0006243957323022187, -0.0008212934480980039, 0.0003262586542405188, 0.0006418284610845149, 0.0001421738270437345], [-6.21297731413506e-05, -0.00021154411660972983, 0.00045858483645133674, 0.00017989489424508065, -0.0018769187154248357, -0.002343289088457823, 0.007066688966006041, -0.001889145583845675, 6.013851088937372e-05, 0.0017830526921898127, -0.002365706954151392, 0.0018920368747785687, -0.0007027537794783711], [-5.490136027219705e-05, 0.0003797092940658331, -0.0002666207728907466, 0.0007724013412371278, 0.000613300537224859, 0.0002551596553530544, -0.001889145583845675, 0.0065120733343064785, -0.0032356304582208395, -0.0001759498700266704, 0.000965968007221818, -0.0016876844456419349, 0.0023292554542422295], [-3.680790905491449e-05, -0.0009641310316510499, -0.00037969922414049506, -0.0015228436095640063, -0.0002936357632279396, 0.0006243957323022187, 6.013851088937372e-05, -0.0032356304582208395, 0.010028389282524586, -0.0026857745833694935, -0.0018773863557726145, 7.163899135775864e-05, -0.0013440323527902365], [9.194510494126007e-05, 0.0010013374267145991, -2.7266294637229294e-05, 0.0005972819635644555, -0.0008217482827603817, -0.0008212934480980039, 0.0017830526921898127, -0.0001759498700266704, -0.0026857745833694935, 0.007929322309792042, -0.0020625798497349024, 0.00036340291262604296, -0.00020519302051980048], [-4.132922549615614e-05, -0.0006857210537418723, 0.0007009609835222363, 0.0006417810218408704, 0.0006599488551728427, 0.0003262586542405188, -0.002365706954151392, 0.000965968007221818, -0.0018773863557726145, -0.0020625798497349024, 0.00885274913161993, -0.0019780697766691446, -0.0013805427588522434], [-8.816446643322706e-05, 0.0017478953814134002, -0.0011750763515010476, 0.0007170530152507126, -0.0019012546399608254, 0.0006418284610845149, 0.0018920368747785687, -0.0016876844456419349, 7.163899135775864e-05, 0.00036340291262604296, -0.0019780697766691446, 0.010728283785283566, -0.004998904187232256], [-0.00014902146358508617, -0.0007727480842731893, 0.000632603419944644, -0.00021966655913274735, 0.0005545493331737816, 0.0001421738270437345, -0.0007027537794783711, 0.0023292554542422295, -0.0013440323527902365, -0.00020519302051980048, -0.0013805427588522434, -0.004998904187232256, 0.012375460006296635]], "lowlevel.mfcc.cov": [[45084.4375, 4609.70849609375, -1181.7288818359375, 6700.21240234375, 2758.775390625, 3885.560302734375, 1783.9295654296875, 2474.162353515625, 1534.641845703125, 790.720458984375, 381.9439697265625, 352.6116638183594, 434.5204772949219], [4609.70849609375, 2613.6279296875, -108.16312408447266, 818.8844604492188, 496.3922424316406, 241.4078826904297, 215.81954956054688, 310.37933349609375, 179.41334533691406, 94.693115234375, 39.39680099487305, 104.96024322509766, 206.85037231445312], [-1181.7288818359375, -108.16312408447266, 1155.0762939453125, 253.357666015625, 232.3474578857422, 97.85820770263672, -122.97722625732422, 47.90857696533203, 134.2456512451172, -31.93988037109375, -6.910463333129883, 49.98769760131836, -12.506511688232422], [6700.21240234375, 818.8844604492188, 253.357666015625, 1703.75439453125, 836.100341796875, 861.292236328125, 300.9493103027344, 521.497314453125, 402.8164367675781, 150.5546875, 90.14337158203125, 99.22232055664062, 113.49138641357422], [2758.775390625, 496.3922424316406, 232.3474578857422, 836.100341796875, 697.5097045898438, 559.0997924804688, 199.08485412597656, 302.39208984375, 255.19302368164062, 84.698974609375, 108.76036834716797, 68.82137298583984, 64.75849914550781], [3885.560302734375, 241.4078826904297, 97.85820770263672, 861.292236328125, 559.0997924804688, 844.2308349609375, 342.1714782714844, 311.3953552246094, 266.4279479980469, 91.93373107910156, 107.46524047851562, 53.79982376098633, 36.75579833984375], [1783.9295654296875, 215.81954956054688, -122.97722625732422, 300.9493103027344, 199.08485412597656, 342.1714782714844, 342.35595703125, 222.8042449951172, 107.26940155029297, 78.9248046875, 73.21011352539062, 29.317691802978516, 40.64103698730469], [2474.162353515625, 310.37933349609375, 47.90857696533203, 521.497314453125, 302.39208984375, 311.3953552246094, 222.8042449951172, 394.33050537109375, 193.8696746826172, 68.4096450805664, 79.85967254638672, 24.191965103149414, 24.931547164916992], [1534.641845703125, 179.41334533691406, 134.2456512451172, 402.8164367675781, 255.19302368164062, 266.4279479980469, 107.26940155029297, 193.8696746826172, 237.8502655029297, 84.71714782714844, 54.436767578125, 40.23043441772461, 34.600677490234375], [790.720458984375, 94.693115234375, -31.93988037109375, 150.5546875, 84.698974609375, 91.93373107910156, 78.9248046875, 68.4096450805664, 84.71714782714844, 152.67213439941406, 63.357112884521484, 36.71591567993164, 39.732295989990234], [381.9439697265625, 39.39680099487305, -6.910463333129883, 90.14337158203125, 108.76036834716797, 107.46524047851562, 73.21011352539062, 79.85967254638672, 54.436767578125, 63.357112884521484, 141.62689208984375, 53.89726638793945, 19.486799240112305], [352.6116638183594, 104.96024322509766, 49.98769760131836, 99.22232055664062, 68.82137298583984, 53.79982376098633, 29.317691802978516, 24.191965103149414, 40.23043441772461, 36.71591567993164, 53.89726638793945, 121.7680435180664, 80.37044525146484], [434.5204772949219, 206.85037231445312, -12.506511688232422, 113.49138641357422, 64.75849914550781, 36.75579833984375, 40.64103698730469, 24.931547164916992, 34.600677490234375, 39.732295989990234, 19.486799240112305, 80.37044525146484, 147.14134216308594]], "lowlevel.mfcc.icov": [[9.232638694811612e-05, -7.514349999837577e-05, 0.00014508081949315965, -0.00029939948581159115, 0.00025409302907064557, -0.0002741932403296232, 0.0001442857028450817, -0.00023795450397301465, 7.967533019836992e-05, -0.00013514110469259322, 0.00010777064017020166, -0.00013403697812464088, 0.00011007639113813639], [-7.514349999837577e-05, 0.0006225488032214344, -1.0708070021792082e-06, 1.778095906956878e-06, -0.0006305770948529243, 0.0007040032069198787, -0.00042811635648831725, 0.00015364079445134848, -5.5582862842129543e-05, 0.0001980006054509431, 8.993407391244546e-05, 8.667348447488621e-05, -0.0005605016485787928], [0.00014508081949315965, -1.0708070021792082e-06, 0.0014138376573100686, -0.00043050514068454504, -0.0001485829707235098, -0.00036615857970900834, 0.000922291714232415, -0.000471320265205577, -0.0005738791078329086, 0.00017901546380016953, 0.0005900568212382495, -0.0010436606826260686, 0.000585797883104533], [-0.00029939948581159115, 1.778095906956878e-06, -0.00043050514068454504, 0.0034038792364299297, -0.0019292756915092468, -0.0007983463583514094, 0.001047993777319789, -0.0010672492207959294, -0.00016776529082562774, -0.0006186951068229973, 0.0012766825966536999, -0.0001902996882563457, -0.0006991047412157059], [0.00025409302907064557, -0.0006305770948529243, -0.0001485829707235098, -0.0019292756915092468, 0.005921635776758194, -0.0025980244390666485, 0.0010446860687807202, -0.0009894509566947818, -0.0005922282580286264, 0.000207289878744632, -0.0017925030551850796, 0.0003279860829934478, -0.0003250126028433442], [-0.0002741932403296232, 0.0007040032069198787, -0.00036615857970900834, -0.0007983463583514094, -0.0025980244390666485, 0.0062384288758039474, -0.004674859810620546, 0.0029323468916118145, -0.0022876609582453966, 0.001961296424269676, -0.0012233683373779058, 0.0004988747532479465, 0.0006819755653850734], [0.0001442857028450817, -0.00042811635648831725, 0.000922291714232415, 0.001047993777319789, 0.0010446860687807202, -0.004674859810620546, 0.009113676846027374, -0.004970736801624298, 0.0021967256907373667, -0.002631806069985032, 0.000607609748840332, -0.00044598878594115376, -0.0011639450676739216], [-0.00023795450397301465, 0.00015364079445134848, -0.000471320265205577, -0.0010672492207959294, -0.0009894509566947818, 0.0029323468916118145, -0.004970736801624298, 0.008686153218150139, -0.00419602682814002, 0.0024543777108192444, -0.002818057546392083, 0.0018938560970127583, 0.0005366806872189045], [7.967533019836992e-05, -5.5582862842129543e-05, -0.0005738791078329086, -0.00016776529082562774, -0.0005922282580286264, -0.0022876609582453966, 0.0021967256907373667, -0.00419602682814002, 0.011471566744148731, -0.004486754070967436, 0.0013205907307565212, -0.001021564588882029, -0.00024312084133271128], [-0.00013514110469259322, 0.0001980006054509431, 0.00017901546380016953, -0.0006186951068229973, 0.000207289878744632, 0.001961296424269676, -0.002631806069985032, 0.0024543777108192444, -0.004486754070967436, 0.011236024089157581, -0.004374195355921984, 0.0008469488238915801, -0.001519241719506681], [0.00010777064017020166, 8.993407391244546e-05, 0.0005900568212382495, 0.0012766825966536999, -0.0017925030551850796, -0.0012233683373779058, 0.000607609748840332, -0.002818057546392083, 0.0013205907307565212, -0.004374195355921984, 0.013035917654633522, -0.006323694717139006, 0.002623187378048897], [-0.00013403697812464088, 8.667348447488621e-05, -0.0010436606826260686, -0.0001902996882563457, 0.0003279860829934478, 0.0004988747532479465, -0.00044598878594115376, 0.0018938560970127583, -0.001021564588882029, 0.0008469488238915801, -0.006323694717139006, 0.016957798972725868, -0.008548183366656303], [0.00011007639113813639, -0.0005605016485787928, 0.000585797883104533, -0.0006991047412157059, -0.0003250126028433442, 0.0006819755653850734, -0.0011639450676739216, 0.0005366806872189045, -0.00024312084133271128, -0.001519241719506681, 0.002623187378048897, -0.008548183366656303, 0.012840453535318375]], "metadata.audio_properties.analysis.downmix": "mix", "metadata.audio_properties.codec": "mp3", "metadata.audio_properties.md5_encoded": "05b69c2a0c30a13d90336ce7ffd434a2", "metadata.tags.file_name": "1182271875724881940.mp3", "metadata.version.essentia": "2.1-beta6-dev", "metadata.version.essentia_git_sha": "v2.1_beta5-1110-g77a6a954", "meta