{"song_id": "1182269167609589770", "download": "https://cdn.discordapp.com/attachments/1128313332273782784/1182269167609589770/chirp.mp4?ex=658414f7&amp", "lyrics": "You, descending from the stars in the sky,\n\nBringing hope and love as the days go by,\n\nA humble gift wrapped in heavenly light,\n\nGuiding us through the darkest winter night.\nIn a manger, you found your humble bed,\n\nA savior born, salvation's thread,\n\nFrom Bethlehem's fields to the scorching desert sand,\n\nYour presence shines, like a guiding hand.", "style": ["random christmas"], "essentia_features": {"lowlevel.average_loudness": 0.962889552116394, "lowlevel.barkbands_crest.mean": 16.450435638427734, "lowlevel.barkbands_crest.stdev": 5.246493816375732, "lowlevel.barkbands_flatness_db.mean": 0.35774144530296326, "lowlevel.barkbands_flatness_db.stdev": 0.08118776977062225, "lowlevel.barkbands_kurtosis.mean": 25.84014320373535, "lowlevel.barkbands_kurtosis.stdev": 41.96946716308594, "lowlevel.barkbands_skewness.mean": 3.3434343338012695, "lowlevel.barkbands_skewness.stdev": 2.625750780105591, "lowlevel.barkbands_spread.mean": 7.980829238891602, "lowlevel.barkbands_spread.stdev": 8.26926040649414, "lowlevel.dissonance.mean": 0.4182129502296448, "lowlevel.dissonance.stdev": 0.056948043406009674, "lowlevel.dynamic_complexity": 4.968721389770508, "lowlevel.erbbands_crest.mean": 14.76054573059082, "lowlevel.erbbands_crest.stdev": 6.088024616241455, "lowlevel.erbbands_flatness_db.mean": 0.34467780590057373, "lowlevel.erbbands_flatness_db.stdev": 0.055748552083969116, "lowlevel.erbbands_kurtosis.mean": 3.8008344173431396, "lowlevel.erbbands_kurtosis.stdev": 8.814092636108398, "lowlevel.erbbands_skewness.mean": 1.114324927330017, "lowlevel.erbbands_skewness.stdev": 1.6326899528503418, "lowlevel.erbbands_spread.mean": 27.28605079650879, "lowlevel.erbbands_spread.stdev": 15.987032890319824, "lowlevel.hfc.mean": 6.280571937561035, "lowlevel.hfc.stdev": 13.99612808227539, "lowlevel.loudness_ebu128.integrated": -29.131113052368164, "lowlevel.loudness_ebu128.loudness_range": 2.183927536010742, "lowlevel.loudness_ebu128.momentary.mean": -29.765039443969727, "lowlevel.loudness_ebu128.momentary.stdev": 2.4612364768981934, "lowlevel.loudness_ebu128.short_term.mean": -29.191776275634766, "lowlevel.loudness_ebu128.short_term.stdev": 0.7371415495872498, "lowlevel.melbands_crest.mean": 20.775278091430664, "lowlevel.melbands_crest.stdev": 5.656417369842529, "lowlevel.melbands_flatness_db.mean": 0.46189528703689575, "lowlevel.melbands_flatness_db.stdev": 0.10050975531339645, "lowlevel.melbands_kurtosis.mean": 39.467620849609375, "lowlevel.melbands_kurtosis.stdev": 50.76736831665039, "lowlevel.melbands_skewness.mean": 4.104973316192627, "lowlevel.melbands_skewness.stdev": 2.6427359580993652, "lowlevel.melbands_spread.mean": 9.637834548950195, "lowlevel.melbands_spread.stdev": 11.971585273742676, "lowlevel.pitch_salience.mean": 0.3917806148529053, "lowlevel.pitch_salience.stdev": 0.14626441895961761, "lowlevel.silence_rate_20dB.mean": 1.0, "lowlevel.silence_rate_20dB.stdev": 0.0, "lowlevel.silence_rate_30dB.mean": 0.980861246585846, "lowlevel.silence_rate_30dB.stdev": 0.13701240718364716, "lowlevel.silence_rate_60dB.mean": 0.32894736528396606, "lowlevel.silence_rate_60dB.stdev": 0.4698329567909241, "lowlevel.spectral_centroid.mean": 599.5112915039062, "lowlevel.spectral_centroid.stdev": 443.3395690917969, "lowlevel.spectral_complexity.mean": 5.294856548309326, "lowlevel.spectral_complexity.stdev": 4.509261131286621, "lowlevel.spectral_decrease.mean": -4.5213019994605474e-09, "lowlevel.spectral_decrease.stdev": 7.703411242232505e-09, "lowlevel.spectral_energy.mean": 0.01763410121202469, "lowlevel.spectral_energy.stdev": 0.029929671436548233, "lowlevel.spectral_energyband_high.mean": 1.2755757552440627e-06, "lowlevel.spectral_energyband_high.stdev": 5.546642114495626e-06, "lowlevel.spectral_energyband_low.mean": 0.005502441897988319, "lowlevel.spectral_energyband_low.stdev": 0.017330439761281013, "lowlevel.spectral_energyband_middle_high.mean": 0.0014262758195400238, "lowlevel.spectral_energyband_middle_high.stdev": 0.0056317755952477455, "lowlevel.spectral_energyband_middle_low.mean": 0.0124181704595685, "lowlevel.spectral_energyband_middle_low.stdev": 0.022751934826374054, "lowlevel.spectral_entropy.mean": 6.01492166519165, "lowlevel.spectral_entropy.stdev": 0.7491387724876404, "lowlevel.spectral_flux.mean": 0.05739817023277283, "lowlevel.spectral_flux.stdev": 0.06138717755675316, "lowlevel.spectral_kurtosis.mean": 35.0097770690918, "lowlevel.spectral_kurtosis.stdev": 31.209985733032227, "lowlevel.spectral_rms.mean": 0.0032043529208749533, "lowlevel.spectral_rms.stdev": 0.0026336575392633677, "lowlevel.spectral_rolloff.mean": 660.9729614257812, "lowlevel.spectral_rolloff.stdev": 705.0086669921875, "lowlevel.spectral_skewness.mean": 3.357793092727661, "lowlevel.spectral_skewness.stdev": 2.0736019611358643, "lowlevel.spectral_spread.mean": 1669794.25, "lowlevel.spectral_spread.stdev": 818725.375, "lowlevel.spectral_strongpeak.mean": 0.7929331064224243, "lowlevel.spectral_strongpeak.stdev": 1.1518919467926025, "lowlevel.zerocrossingrate.mean": 0.02454226464033127, "lowlevel.zerocrossingrate.stdev": 0.017228728160262108, "metadata.audio_properties.analysis.equal_loudness": 0.0, "metadata.audio_properties.analysis.length": 38.783992767333984, "metadata.audio_properties.analysis.sample_rate": 44100.0, "metadata.audio_properties.analysis.start_time": 0.0, "metadata.audio_properties.bit_rate": 83419.0, "metadata.audio_properties.length": 38.784000396728516, "metadata.audio_properties.lossless": 0.0, "metadata.audio_properties.number_channels": 1.0, "metadata.audio_properties.replay_gain": -0.2815437316894531, "metadata.audio_properties.sample_rate": 48000.0, "rhythm.beats_count": 80.0, "rhythm.beats_loudness.mean": 0.05148529261350632, "rhythm.beats_loudness.stdev": 0.03679133206605911, "rhythm.bpm": 126.195556640625, "rhythm.bpm_histogram_first_peak_bpm": 126.0, "rhythm.bpm_histogram_first_peak_weight": 0.6000000238418579, "rhythm.bpm_histogram_second_peak_bpm": 120.0, "rhythm.bpm_histogram_second_peak_spread": 0.1111111044883728, "rhythm.bpm_histogram_second_peak_weight": 0.20253165066242218, "rhythm.danceability": 2.049018144607544, "rhythm.onset_rate": 4.123653411865234, "tonal.chords_changes_rate": 0.06212664395570755, "tonal.chords_number_rate": 0.01075268816202879, "tonal.chords_strength.mean": 0.6448822021484375, "tonal.chords_strength.stdev": 0.10530636459589005, "tonal.hpcp_crest.mean": 17.556581497192383, "tonal.hpcp_crest.stdev": 8.732270240783691, "tonal.hpcp_entropy.mean": 1.5924700498580933, "tonal.hpcp_entropy.stdev": 0.8353462815284729, "tonal.key_edma.strength": 0.7933347225189209, "tonal.key_krumhansl.strength": 0.7981667518615723, "tonal.key_temperley.strength": 0.7995142340660095, "tonal.tuning_diatonic_strength": 0.7617824673652649, "tonal.tuning_equal_tempered_deviation": 0.0490381084382534, "tonal.tuning_frequency": 441.0177917480469, "tonal.tuning_nontempered_energy_ratio": 0.7455332279205322, "lowlevel.barkbands.mean": [1.8298377426617662e-06, 0.00039848205051384866, 0.003398790257051587, 0.0037422480527311563, 0.004867013078182936, 0.0019859548192471266, 0.0012648898409679532, 0.0003384507435839623, 0.0001999281084863469, 0.00016090877761598676, 8.036746294237673e-05, 5.413548569777049e-05, 9.949538070941344e-05, 9.997636516345665e-05, 0.00048098107799887657, 5.178828723728657e-05, 0.00031529812258668244, 7.453573198290542e-05, 1.1938071111217141e-05, 6.232026407815283e-06, 3.009216413829563e-07, 3.575507889763685e-07, 1.3806537424443377e-07, 7.119457734461321e-08, 4.649820528612736e-09, 1.3654776198634977e-09, 8.550200547574605e-10], "lowlevel.barkbands.stdev": [5.584809059655527e-06, 0.0017601789440959692, 0.013517938554286957, 0.012001756578683853, 0.011802664026618004, 0.006873219273984432, 0.005317429546266794, 0.0012193245347589254, 0.0008285910007543862, 0.0006745497230440378, 0.0006145981606096029, 0.00023688064538873732, 0.0006519893067888916, 0.0005023848498240113, 0.0028096125461161137, 0.00023731136752758175, 0.002329429844394326, 0.0004883212968707085, 3.75409254047554e-05, 1.7026026398525573e-05, 2.202821178798331e-06, 1.9065038259213907e-06, 8.051164854805393e-07, 4.6194395508791786e-07, 7.151905379032542e-08, 1.7309044864077805e-08, 1.0495382340991455e-09], "lowlevel.erbbands.mean": [0.0025442533660680056, 0.18200480937957764, 3.033853530883789, 8.896903991699219, 18.12544059753418, 14.804984092712402, 9.396078109741211, 18.116165161132812, 19.38832664489746, 12.553929328918457, 5.081954002380371, 5.501870632171631, 2.7340586185455322, 5.36800479888916, 3.9497218132019043, 2.5151824951171875, 4.857935428619385, 5.677969932556152, 28.115739822387695, 6.502384185791016, 3.1890549659729004, 13.16934585571289, 10.456171035766602, 0.8832559585571289, 0.7052339911460876, 0.2466166615486145, 0.021060267463326454, 0.01268856879323721, 0.014119268395006657, 0.0069513521157205105, 0.0035981154069304466, 0.001993071287870407, 0.0009195926249958575, 0.00011870475282194093, 3.51463386323303e-05, 1.6926693206187338e-05, 7.212802756839665e-06, 1.5178942476268276e-06, 8.440267265541479e-06, 1.9673152564791963e-05], "lowlevel.erbbands.stdev": [0.009844317100942135, 0.7643062472343445, 11.996450424194336, 23.6223201751709, 44.72408676147461, 42.09931564331055, 27.415996551513672, 61.16569137573242, 89.63015747070312, 38.55801010131836, 16.133886337280273, 23.563203811645508, 7.023590564727783, 24.78957176208496, 34.17449188232422, 10.646190643310547, 32.44167709350586, 25.613834381103516, 161.46087646484375, 28.62310028076172, 13.626118659973145, 90.16046905517578, 68.77446746826172, 3.351221799850464, 2.1925079822540283, 0.6704843640327454, 0.10778167098760605, 0.0794580727815628, 0.07666604965925217, 0.03656672313809395, 0.02208888903260231, 0.012989896349608898, 0.006182327400892973, 0.0009001428843475878, 0.0005464921705424786, 0.0001530707231722772, 1.54609078890644e-05, 2.7685096029017586e-06, 1.412730762240244e-05, 3.3275031455559656e-05], "lowlevel.gfcc.mean": [-240.9425811767578, 216.34161376953125, -140.109130859375, -4.029102802276611, 1.8261727094650269, -52.831058502197266, -44.601131439208984, -17.636083602905273, -21.873937606811523, -23.470632553100586, -10.010716438293457, -22.24652862548828, -12.779950141906738], "lowlevel.melbands.mean": [5.613118992187083e-05, 0.0011483179405331612, 0.0018294563051313162, 0.0013186025898903608, 0.0003484983753878623, 0.00040365633321926, 0.00027604500064626336, 0.0001200836559291929, 3.8831232814118266e-05, 3.0348186555784196e-05, 1.3139687325747218e-05, 2.2960621208767407e-05, 1.1531892596394755e-05, 7.924674719106406e-06, 8.648164111946244e-06, 8.985443855635822e-06, 9.512602446193341e-06, 4.13517773267813e-05, 2.291781856911257e-05, 3.809867394011235e-06, 3.1866934477875475e-06, 8.64858793647727e-06, 2.5994360839831643e-05, 1.1760561164919636e-06, 4.60600944052203e-07, 4.308657537421823e-07, 4.948864216203219e-07, 8.049016742006643e-08, 8.512993865394947e-09, 7.249519207164212e-09, 6.9653576240114035e-09, 8.820872920978218e-09, 5.580794049109272e-09, 3.1498732511181515e-09, 2.2098420870975133e-09, 1.4359911038042128e-09, 1.1259977394928455e-09, 7.827640757795962e-10, 2.1021734353254828e-10, 4.301045977705975e-11], "lowlevel.melbands.stdev": [0.00024580719764344394, 0.004308797884732485, 0.004515926819294691, 0.0031340476125478745, 0.0009238288039341569, 0.0013492513680830598, 0.0012339501408860087, 0.0003862694138661027, 0.00012666765542235225, 0.00013047907850705087, 3.694249608088285e-05, 0.00010898704204009846, 8.78441715030931e-05, 5.320643322193064e-05, 5.989996498101391e-05, 4.932397496304475e-05, 5.110740676173009e-05, 0.00023469656298402697, 0.00013170417514629662, 1.651413185754791e-05, 1.5161162991716992e-05, 5.5706961575197056e-05, 0.0001889630948426202, 6.744160145899514e-06, 1.5816480072317063e-06, 1.6003006066966918e-06, 1.3141127510607475e-06, 2.5902212996697926e-07, 6.951742648197978e-08, 5.3060329463505695e-08, 4.284981969249202e-08, 4.9068077601077675e-08, 3.182863395068125e-08, 1.652788128581051e-08, 1.3764839046359612e-08, 1.1161599644538e-08, 7.253946776586417e-09, 5.505686573314961e-09, 1.4619436772278505e-09, 7.126935153145553e-10], "lowlevel.melbands128.mean": [7.020022962933581e-07, 1.1464458111731801e-06, 1.2459077879611868e-05, 0.0002794279425870627, 0.0012344311689957976, 0.001739929779432714, 0.0017290626419708133, 0.0019674664363265038, 0.001792397815734148, 0.0017485759453848004, 0.0006543744239024818, 0.00017673394177109003, 0.00015195866581052542, 0.0006934436969459057, 0.0005285270162858069, 0.0001341373281320557, 0.0002786592813208699, 0.0003884005709551275, 0.00014894174819346517, 0.00014579299022443593, 0.00010371360258432105, 3.3651067496975884e-05, 2.70455075224163e-05, 4.185670331935398e-05, 5.418579530669376e-05, 1.4039107554708607e-05, 7.161012945289258e-06, 1.0582291906757746e-05, 1.690838143986184e-05, 3.767973248613998e-05, 1.9282413632026874e-05, 6.489185125246877e-06, 9.0276007540524e-06, 2.0540328478091396e-05, 7.300769084395142e-06, 5.155963208380854e-06, 5.837106982653495e-06, 4.896646714769304e-06, 1.4747432942385785e-05, 1.2698053069470916e-05, 7.07442632119637e-06, 4.302617071516579e-06, 8.750029337534215e-06, 1.486282235418912e-05, 6.669947197224246e-06, 4.504100070334971e-05, 9.664196841185912e-05, 8.244256605394185e-06, 4.354822976893047e-06, 3.6571957480191486e-06, 3.3645969779172447e-06, 4.6720015234313905e-06, 3.278769327152986e-06, 2.721319333431893e-06, 2.3351540221483447e-06, 2.869815034500789e-06, 8.835243534122128e-06, 6.102890256443061e-05, 1.24634034364135e-05, 2.4589810436737025e-06, 8.101704338514537e-07, 4.773918931277876e-07, 6.462230430770433e-07, 3.9659366279920505e-07, 2.721258454130293e-07, 3.198519209490769e-07, 6.557319807143358e-07, 5.884181177862047e-07, 5.434183094621403e-07, 2.323129137948854e-07, 4.881245985188798e-08, 1.3179087154924218e-08, 8.581482191516443e-09, 8.477391233441267e-09, 7.3657409060956525e-09, 7.789306977201704e-09, 6.5668253057538095e-09, 6.917352468605031e-09, 6.2473120010508865e-09, 7.784421995893354e-09, 1.0084037604940477e-08, 8.973647602772417e-09, 6.691390108670703e-09, 5.622679211114701e-09, 4.373194251172663e-09, 3.2457529997031997e-09, 2.7205981911748722e-09, 2.7411530822973873e-09, 2.419792810570698e-09, 1.6338859154529928e-09, 1.5652409368627218e-09, 1.3855847580401814e-09, 1.1471520400263557e-09, 1.167327012829844e-09, 1.108173663944001e-09, 9.51748901911742e-10, 7.700962090240182e-10, 4.531408581698315e-10, 1.984429148782496e-10, 9.402722350726478e-11, 4.89505241896282e-11, 3.489583622062753e-11, 3.166420944888948e-11, 3.0775045706255e-11, 2.2995889914501078e-11, 2.3901968945749807e-11, 1.9868816661383626e-11, 2.1922113430106194e-11, 1.0442893078055349e-11, 1.0186954578494944e-11, 9.054450765544342e-12, 6.070471816194134e-12, 4.6136454032175145e-12, 4.3682340730710756e-12, 4.313222522200899e-12, 4.217847859172563e-12, 4.148235574485959e-12, 4.052335290244402e-12, 4.05306474146605e-12, 3.946822469541589e-12, 3.796447097664801e-12, 3.770013815018736e-12, 3.7963612288527404e-12, 3.6677011254482306e-12, 3.2245007445391716e-12, 2.4194689220852217e-12, 1.9969566365102276e-12, 1.928645394430606e-12], "lowlevel.melbands128.stdev": [2.5399940568604507e-06, 5.227372184890555e-06, 7.071904838085175e-05, 0.0012401520507410169, 0.005465338006615639, 0.006802164018154144, 0.004906495567411184, 0.007059506606310606, 0.004979958292096853, 0.0049159531481564045, 0.0024714076425880194, 0.0008130644564516842, 0.0004644266446121037, 0.0027197112794965506, 0.002008663024753332, 0.0005761057254858315, 0.0018568618688732386, 0.0017975711962208152, 0.0005277454038150609, 0.0006046623457223177, 0.00044235706445761025, 0.0001347610668744892, 0.000170801708009094, 0.0001821987534640357, 0.0002810297883115709, 6.541494803968817e-05, 3.2102863769978285e-05, 3.3037649700418115e-05, 5.8972291299141943e-05, 0.00020884873811155558, 9.971258259611204e-05, 2.111238609359134e-05, 4.031903517898172e-05, 0.00026332621928304434, 5.3808271331945434e-05, 2.4845694497344084e-05, 3.163750807289034e-05, 2.392249552940484e-05, 0.00015622748469468206, 9.001603757496923e-05, 3.72333379345946e-05, 1.7245192793780006e-05, 4.591276592691429e-05, 0.00010954739263979718, 2.607071292004548e-05, 0.000318707840051502, 0.0006000477005727589, 7.356339483521879e-05, 1.8585418729344383e-05, 1.59654846356716e-05, 2.0531673726509325e-05, 2.8571523216669448e-05, 1.539881486678496e-05, 1.8533935872255825e-05, 1.58481634571217e-05, 1.3405906429397874e-05, 6.210894207470119e-05, 0.00048360644723288715, 9.226160182151943e-05, 1.926438562804833e-05, 4.911647465632996e-06, 2.0768532067449996e-06, 2.6452646579855355e-06, 1.4635186289524427e-06, 1.0168881772187888e-06, 1.4762915725441417e-06, 3.1135698463913286e-06, 1.5579748833260965e-06, 1.62563242156466e-06, 7.884008823566546e-07, 2.586099014934007e-07, 6.33144239259309e-08, 6.416169640033331e-08, 8.62276721136368e-08, 6.703670152319319e-08, 5.623355647799144e-08, 5.6222827282681465e-08, 6.201492652735396e-08, 3.9007417740322126e-08, 4.131466724288657e-08, 5.5731845804984914e-08, 5.975552141990192e-08, 4.057411828739532e-08, 3.604947806934433e-08, 2.5737225683997167e-08, 1.8104062249335584e-08, 1.4875453757667856e-08, 1.559376983095717e-08, 1.7881360392379975e-08, 1.1195523619278447e-08, 1.2259956605475963e-08, 1.3071812965392837e-08, 7.469159513107115e-09, 7.937017265646773e-09, 7.684862524115488e-09, 6.898445370495665e-09, 5.9090945470074985e-09, 3.252205615922321e-09, 1.4342826926139196e-09, 7.393314849224453e-10, 7.893676268189154e-10, 6.885841341564003e-10, 7.549947333984619e-10, 8.073462454127878e-10, 5.368721023302214e-10, 6.249262773927455e-10, 4.736254166637366e-10, 5.596029750698506e-10, 1.5401767361478136e-10, 1.519983722220175e-10, 1.3230869178038063e-10, 3.687661634388384e-11, 6.225537446669094e-12, 5.754533568408382e-12, 5.45200950358149e-12, 5.239846317256491e-12, 5.122653603389926e-12, 4.968055047210873e-12, 4.8588915009528666e-12, 4.6707893629205355e-12, 4.531682754743693e-12, 4.4598682386043365e-12, 4.379263444931336e-12, 4.268672221252601e-12, 4.221501620493839e-12, 4.154904718889352e-12, 4.122997516314841e-12, 4.101360744079852e-12], "lowlevel.mfcc.mean": [-877.9134521484375, 239.75607299804688, -42.55132293701172, 28.395950317382812, 38.1390380859375, -19.92394256591797, -13.25072193145752, -8.42453670501709, -20.715373992919922, -5.999771595001221, -8.101065635681152, -16.503448486328125, -9.442215919494629], "lowlevel.spectral_contrast_coeffs.mean": [-0.5647996664047241, -0.711860179901123, -0.8223013877868652, -0.8052811622619629, -0.7087278962135315, -0.8399801254272461], "lowlevel.spectral_contrast_coeffs.stdev": [0.09886516630649567, 0.09359312057495117, 0.05655227228999138, 0.0524224191904068, 0.05899069830775261, 0.07174698263406754], "lowlevel.spectral_contrast_valleys.mean": [-8.314675331115723, -8.140938758850098, -8.93649673461914, -8.896527290344238, -10.50496768951416, -14.642370223999023], "lowlevel.spectral_contrast_valleys.stdev": [1.0108771324157715, 0.9872475862503052, 0.9939921498298645, 0.8993299007415771, 1.0437376499176025, 0.9510891437530518], "rhythm.beats_loudness_band_ratio.mean": [0.5787732005119324, 0.2805967628955841, 0.11332281678915024, 0.032368097454309464, 0.057530660182237625, 0.0008686532964929938], "rhythm.beats_loudness_band_ratio.stdev": [0.33276641368865967, 0.2841433882713318, 0.2059202492237091, 0.06494255363941193, 0.12410715222358704, 0.0019427227089181542], "tonal.hpcp.mean": [0.2920532822608948, 0.1190049797296524, 0.03208426386117935, 0.03968733921647072, 0.0643559992313385, 0.0808674544095993, 0.08461535722017288, 0.05274638533592224, 0.0533456988632679, 0.07602588087320328, 0.048386428505182266, 0.0291329026222229, 0.023431595414876938, 0.024396458640694618, 0.0517837256193161, 0.05464829131960869, 0.026052391156554222, 0.011589249595999718, 0.01180120836943388, 0.04536386951804161, 0.2139069139957428, 0.292268306016922, 0.1492512822151184, 0.0822812169790268, 0.08493033051490784, 0.04700378328561783, 0.018396705389022827, 0.014003856107592583, 0.01821441575884819, 0.057094160467386246, 0.08049726486206055, 0.07017195224761963, 0.09052443504333496, 0.08131889253854752, 0.07846461981534958, 0.24449090659618378], "tonal.hpcp.stdev": [0.39350301027297974, 0.22327443957328796, 0.11669810861349106, 0.15205004811286926, 0.20877034962177277, 0.2101273387670517, 0.22941717505455017, 0.15604200959205627, 0.15329976379871368, 0.20886343717575073, 0.14352181553840637, 0.1377926915884018, 0.11164403706789017, 0.1054094210267067, 0.17988456785678864, 0.19449962675571442, 0.10669843852519989, 0.06100434437394142, 0.053806256502866745, 0.13213762640953064, 0.32062241435050964, 0.39412227272987366, 0.24392379820346832, 0.21429665386676788, 0.24013499915599823, 0.1566532850265503, 0.0937238335609436, 0.07750227302312851, 0.08369903266429901, 0.1848801076412201, 0.23496079444885254, 0.18943707644939423, 0.24501878023147583, 0.2249383181333542, 0.16435281932353973, 0.3558870553970337], "rhythm.beats_position": [0.5224489569664001, 1.0216779708862305, 1.5092970132827759, 2.008526086807251, 2.5077550411224365, 3.006983995437622, 3.5062131881713867, 4.005442142486572, 4.504671096801758, 4.992290019989014, 5.503129005432129, 5.990748405456543, 6.4899773597717285, 6.989206314086914, 7.4884352684021, 7.987664222717285, 8.4752836227417, 8.962902069091797, 9.46213150024414, 9.961359977722168, 10.472199440002441, 10.971427917480469, 11.459047317504883, 11.958276748657227, 12.445895195007324, 12.933514595031738, 13.421133995056152, 13.92036247253418, 14.396371841430664, 14.883990287780762, 15.371609687805176, 15.85922908782959, 16.346847534179688, 16.8344669342041, 17.322086334228516, 17.80970573425293, 18.28571319580078, 18.750112533569336, 19.22612190246582, 19.702131271362305, 20.17814064025879, 20.642539978027344, 21.118547439575195, 21.59455680847168, 22.070566177368164, 22.54657554626465, 23.034194946289062, 23.510204315185547, 23.9862117767334, 24.462221145629883, 24.938230514526367, 25.402629852294922, 25.878639221191406, 26.35464859008789, 26.819047927856445, 27.283445358276367, 27.747844696044922, 28.223854064941406, 28.69986343383789, 29.175872802734375, 29.65188217163086, 30.116281509399414, 30.580678939819336, 31.04507827758789, 31.521087646484375, 31.99709701538086, 32.473106384277344, 32.937503814697266, 33.41351318359375, 33.87791442871094, 34.35392379760742, 34.818321228027344, 35.27111053466797, 35.73550796508789, 36.19990921020508, 36.664306640625, 37.12870788574219, 37.59310531616211, 38.0575065612793, 38.52190399169922], "rhythm.bpm_histogram": [0.0, 0.0, 0.0, 0.0, 0.0, 0.0, 0.0, 0.0, 0.0, 0.0, 0.0, 0.0, 0.0, 0.0, 0.0, 0.0, 0.0, 0.0, 0.0, 0.0, 0.0, 0.0, 0.0, 0.0, 0.0, 0.0, 0.0, 0.0, 0.0, 0.0, 0.0, 0.0, 0.0, 0.0, 0.0, 0.0, 0.0, 0.0, 0.0, 0.0, 0.0, 0.0, 0.0, 0.0, 0.0, 0.0, 0.0, 0.0, 0.0, 0.0, 0.0, 0.0, 0.0, 0.0, 0.0, 0.0, 0.0, 0.0, 0.0, 0.0, 0.0, 0.0, 0.0, 0.0, 0.0, 0.0, 0.0, 0.0, 0.0, 0.0, 0.0, 0.0, 0.0, 0.0, 0.0, 0.0, 0.0, 0.0, 0.0, 0.0, 0.0, 0.0, 0.0, 0.0, 0.0, 0.0, 0.0, 0.0, 0.0, 0.0, 0.0, 0.0, 0.0, 0.0, 0.0, 0.0, 0.0, 0.0, 0.0, 0.0, 0.0, 0.0, 0.0, 0.0, 0.0, 0.0, 0.0, 0.0, 0.0, 0.0, 0.0, 0.0, 0.0, 0.0, 0.0, 0.0, 0.0, 0.025316456332802773, 0.0, 0.0, 0.20253165066242218, 0.0, 0.0, 0.2151898741722107, 0.0, 0.0, 0.3037974536418915, 0.0, 0.0, 0.2405063360929489, 0.0, 0.0, 0.0, 0.012658228166401386, 0.0, 0.0, 0.0, 0.0, 0.0, 0.0, 0.0, 0.0, 0.0, 0.0, 0.0, 0.0, 0.0, 0.0, 0.0, 0.0, 0.0, 0.0, 0.0, 0.0, 0.0, 0.0, 0.0, 0.0, 0.0, 0.0, 0.0, 0.0, 0.0, 0.0, 0.0, 0.0, 0.0, 0.0, 0.0, 0.0, 0.0, 0.0, 0.0, 0.0, 0.0, 0.0, 0.0, 0.0, 0.0, 0.0, 0.0, 0.0, 0.0, 0.0, 0.0, 0.0, 0.0, 0.0, 0.0, 0.0, 0.0, 0.0, 0.0, 0.0, 0.0, 0.0, 0.0, 0.0, 0.0, 0.0, 0.0, 0.0, 0.0, 0.0, 0.0, 0.0, 0.0, 0.0, 0.0, 0.0, 0.0, 0.0, 0.0, 0.0, 0.0, 0.0, 0.0, 0.0, 0.0, 0.0, 0.0, 0.0, 0.0, 0.0, 0.0, 0.0, 0.0, 0.0, 0.0, 0.0, 0.0, 0.0, 0.0, 0.0, 0.0, 0.0, 0.0, 0.0, 0.0, 0.0, 0.0, 0.0, 0.0, 0.0, 0.0, 0.0, 0.0, 0.0, 0.0, 0.0], "tonal.chords_histogram": [56.75029754638672, 7.7658305168151855, 0.0, 0.0, 0.0, 0.0, 0.0, 1.9115890264511108, 2.2700119018554688, 14.097969055175781, 4.65949821472168, 0.3584229350090027, 0.0, 0.0, 0.0, 0.0, 0.0, 0.4778972566127777, 3.345280647277832, 0.0, 0.0, 0.0, 2.389486312866211, 5.973715782165527], "tonal.thpcp": [1.0, 0.5106652975082397, 0.2815262973308563, 0.2905902862548828, 0.16082409024238586, 0.06294457614421844, 0.04791438579559326, 0.06232087314128876, 0.19534845650196075, 0.27542248368263245, 0.24009428918361664, 0.309730589389801, 0.27823370695114136, 0.2684677541255951, 0.8365289568901062, 0.9992642998695374, 0.4071771502494812, 0.10977675020694733, 0.13579078018665314, 0.22019493579864502, 0.2766891121864319, 0.28951260447502136, 0.1804724782705307, 0.18252304196357727, 0.2601235806941986, 0.16555482149124146, 0.09967862069606781, 0.08017152547836304, 0.08347281813621521, 0.17717872560024261, 0.18697987496852875, 0.08913861215114594, 0.03965277597308159, 0.04037799686193466, 0.1552131026983261, 0.7318854331970215], "lowlevel.gfcc.cov": [[6434.14599609375, 566.8167724609375, -720.2389526367188, 24.328556060791016, -211.637451171875, -249.43040466308594, 601.71435546875, -37.614933013916016, 26.46917724609375, -73.980712890625, 45.727725982666016, -213.51246643066406, 16.47130012512207], [566.8167724609375, 986.8177490234375, 433.2356872558594, -488.5690002441406, 502.2958984375, -205.4389190673828, 179.098388671875, 190.98373413085938, -98.51932525634766, 38.46562957763672, -12.889678955078125, -83.29019927978516, 16.47543716430664], [-720.2389526367188, 433.2356872558594, 1415.0645751953125, 67.79118347167969, 231.04708862304688, 247.96902465820312, -81.84088134765625, 23.702308654785156, 53.96425247192383, -35.601768493652344, 30.45035171508789, -0.08102861046791077, 25.054933547973633], [24.328556060791016, -488.5690002441406, 67.79118347167969, 779.9134521484375, -201.75338745117188, 231.5433807373047, 60.910308837890625, -113.54608917236328, 84.96611022949219, -80.48678588867188, -2.971100330352783, -10.698920249938965, -34.50722885131836], [-211.637451171875, 502.2958984375, 231.04708862304688, -201.75338745117188, 671.2056274414062, -55.18035888671875, 34.392601013183594, 182.53445434570312, -95.75749206542969, 9.481812477111816, -43.88026428222656, -50.41022872924805, -31.73163604736328], [-249.43040466308594, -205.4389190673828, 247.96902465820312, 231.5433807373047, -55.18035888671875, 496.0458679199219, 83.67353057861328, -42.38595962524414, 94.16739654541016, -9.44492244720459, 2.2674949169158936, 13.173330307006836, -29.39327049255371], [601.71435546875, 179.098388671875, -81.84088134765625, 60.910308837890625, 34.392601013183594, 83.67353057861328, 348.72442626953125, 103.23822021484375, -30.45816421508789, 4.879281997680664, -18.479141235351562, -70.9090805053711, -19.810718536376953], [-37.614933013916016, 190.98373413085938, 23.702308654785156, -113.54608917236328, 182.53445434570312, -42.38595962524414, 103.23822021484375, 230.55023193359375, 4.980771541595459, 24.33478546142578, -14.877631187438965, -51.3594856262207, -15.761775970458984], [26.46917724609375, -98.51932525634766, 53.96425247192383, 84.96611022949219, -95.75749206542969, 94.16739654541016, -30.45816421508789, 4.980771541595459, 177.46902465820312, 61.64589309692383, 19.561119079589844, 20.097261428833008, -16.53227424621582], [-73.980712890625, 38.46562957763672, -35.601768493652344, -80.48678588867188, 9.481812477111816, -9.44492244720459, 4.879281997680664, 24.33478546142578, 61.64589309692383, 144.99163818359375, 48.0872917175293, 12.44527530670166, 4.760847568511963], [45.727725982666016, -12.889678955078125, 30.45035171508789, -2.971100330352783, -43.88026428222656, 2.2674949169158936, -18.479141235351562, -14.877631187438965, 19.561119079589844, 48.0872917175293, 92.24710083007812, 51.17626190185547, 9.284066200256348], [-213.51246643066406, -83.29019927978516, -0.08102861046791077, -10.698920249938965, -50.41022872924805, 13.173330307006836, -70.9090805053711, -51.3594856262207, 20.097261428833008, 12.44527530670166, 51.17626190185547, 135.9189453125, 33.26438903808594], [16.47130012512207, 16.47543716430664, 25.054933547973633, -34.50722885131836, -31.73163604736328, -29.39327049255371, -19.810718536376953, -15.761775970458984, -16.53227424621582, 4.760847568511963, 9.284066200256348, 33.26438903808594, 86.65322875976562]], "lowlevel.gfcc.icov": [[0.00032640460995025933, -0.000398245028918609, 0.0003130928089376539, -3.0481276553473435e-05, 3.839232078917121e-07, 0.00012571511615533382, -0.0004941265215165913, 0.000573516939766705, -0.0008456154027953744, 0.0008976279059424996, -0.000982738332822919, 0.0007344502955675125, -0.00044215357047505677], [-0.000398245028918609, 0.0091438302770257, -0.003507443703711033, 0.00492107355967164, -0.004922591149806976, 0.004535605665296316, -0.007369928993284702, 0.0033134957775473595, -0.003157220780849457, 0.001251565176062286, -0.001395794446580112, 0.0016763795865699649, -0.0012004151940345764], [0.0003130928089376539, -0.003507443703711033, 0.002435028785839677, -0.0017661252059042454, 0.0012057413114234805, -0.002156052738428116, 0.0027961013838648796, -0.0008692998671904206, 0.00012044421600876376, 0.0008437319775111973, -0.0011274231364950538, 0.000492128892801702, -0.0007002062629908323], [-3.0481276553473435e-05, 0.00492107355967164, -0.0017661252059042454, 0.004723058082163334, -0.002694476628676057, 0.0021879819687455893, -0.005044132936745882, 0.003242084989324212, -0.0036298686172813177, 0.0029277829453349113, -0.0021692588925361633, 0.001984447706490755, -0.0007291208603419363], [3.839232078917121e-07, -0.004922591149806976, 0.0012057413114234805, -0.002694476628676057, 0.005563901737332344, -0.0027584503404796124, 0.00502852164208889, -0.004454243928194046, 0.0047716679982841015, -0.0028781655710190535, 0.003323385026305914, -0.002271002624183893, 0.0025396456476300955], [0.00012571511615533382, 0.004535605665296316, -0.002156052738428116, 0.0021879819687455893, -0.0027584503404796124, 0.005789759568870068, -0.005877018440514803, 0.0034107633400708437, -0.004168377257883549, 0.001839391072280705, -0.001188712427392602, 0.0007336477865464985, -0.0002115599490934983], [-0.0004941265215165913, -0.007369928993284702, 0.0027961013838648796, -0.005044132936745882, 0.00502852164208889, -0.005877018440514803, 0.01272906269878149, -0.007225657347589731, 0.007376733236014843, -0.0046251071617007256, 0.0037640396039932966, -0.001948038348928094, 0.002127744723111391], [0.000573516939766705, 0.0033134957775473595, -0.0008692998671904206, 0.003242084989324212, -0.004454243928194046, 0.0034107633400708437, -0.007225657347589731, 0.011059481650590897, -0.006870226003229618, 0.0038547844160348177, -0.004024120047688484, 0.0042927460744977, -0.0020503040868788958], [-0.0008456154027953744, -0.003157220780849457, 0.00012044421600876376, -0.0036298686172813177, 0.0047716679982841015, -0.004168377257883549, 0.007376733236014843, -0.006870226003229618, 0.01570034772157669, -0.009912284091114998, 0.00685817189514637, -0.005317270755767822, 0.004897335544228554], [0.0008976279059424996, 0.001251565176062286, 0.0008437319775111973, 0.0029277829453349113, -0.0028781655710190535, 0.001839391072280705, -0.0046251071617007256, 0.0038547844160348177, -0.009912284091114998, 0.016237305477261543, -0.01109276618808508, 0.00531819136813283, -0.003909180872142315], [-0.000982738332822919, -0.001395794446580112, -0.0011274231364950538, -0.0021692588925361633, 0.003323385026305914, -0.001188712427392602, 0.0037640396039932966, -0.004024120047688484, 0.00685817189514637, -0.01109276618808508, 0.022831104695796967, -0.010435101576149464, 0.004334252793341875], [0.0007344502955675125, 0.0016763795865699649, 0.000492128892801702, 0.001984447706490755, -0.002271002624183893, 0.0007336477865464985, -0.001948038348928094, 0.0042927460744977, -0.005317270755767822, 0.00531819136813283, -0.010435101576149464, 0.015093889087438583, -0.006040542386472225], [-0.00044215357047505677, -0.0012004151940345764, -0.0007002062629908323, -0.0007291208603419363, 0.0025396456476300955, -0.0002115599490934983, 0.002127744723111391, -0.0020503040868788958, 0.004897335544228554, -0.003909180872142315, 0.004334252793341875, -0.006040542386472225, 0.015739966183900833]], "lowlevel.mfcc.cov": [[5132.81591796875, 1207.19287109375, -1544.7969970703125, 485.4122009277344, -640.762939453125, -361.9813232421875, 297.0518493652344, 17.719741821289062, -34.86601257324219, 208.51858520507812, -65.09113311767578, -88.31692504882812, 247.6896514892578], [1207.19287109375, 1889.81591796875, -314.9552917480469, -63.95270919799805, 206.8817138671875, -377.06793212890625, 304.8620910644531, 32.15743637084961, 49.983001708984375, 115.47251892089844, 11.621040344238281, -53.651187896728516, 135.43496704101562], [-1544.7969970703125, -314.9552917480469, 1322.6297607421875, 26.85111427307129, 172.5692901611328, 429.43975830078125, -122.1968994140625, 55.77943420410156, 59.55162811279297, -80.83943939208984, 37.86861801147461, 103.27761840820312, -110.53240966796875], [485.4122009277344, -63.95270919799805, 26.85111427307129, 421.39361572265625, 31.15276527404785, 17.219085693359375, 49.08953094482422, 44.1007080078125, 6.65887451171875, 32.14234161376953, -15.429544448852539, -20.609661102294922, 58.729530334472656], [-640.762939453125, 206.8817138671875, 172.5692901611328, 31.15276527404785, 435.0404357910156, 19.40692138671875, 12.457226753234863, 59.22582244873047, 29.090499877929688, 5.4023118019104, 27.086380004882812, 0.9346176385879517, -12.401649475097656], [-361.9813232421875, -377.06793212890625, 429.43975830078125, 17.219085693359375, 19.40692138671875, 499.03863525390625, 5.4852495193481445, 28.630908966064453, 73.79064178466797, -56.625492095947266, 61.277191162109375, 82.14761352539062, -87.17559051513672], [297.0518493652344, 304.8620910644531, -122.1968994140625, 49.08953094482422, 12.457226753234863, 5.4852495193481445, 317.2437438964844, 127.9535903930664, 45.783451080322266, 98.2657470703125, 4.643986701965332, -23.75895118713379, 58.497314453125], [17.719741821289062, 32.15743637084961, 55.77943420410156, 44.1007080078125, 59.22582244873047, 28.630908966064453, 127.9535903930664, 186.25653076171875, 70.49752807617188, 49.3163948059082, 11.078943252563477, 1.7327126264572144, 15.926132202148438], [-34.86601257324219, 49.983001708984375, 59.55162811279297, 6.65887451171875, 29.090499877929688, 73.79064178466797, 45.783451080322266, 70.49752807617188, 136.51669311523438, 63.955589294433594, 34.723026275634766, 33.882633209228516, 4.916202545166016], [208.51858520507812, 115.47251892089844, -80.83943939208984, 32.14234161376953, 5.4023118019104, -56.625492095947266, 98.2657470703125, 49.3163948059082, 63.955589294433594, 193.03367614746094, 50.01850509643555, -19.680233001708984, 66.74124908447266], [-65.09113311767578, 11.621040344238281, 37.86861801147461, -15.429544448852539, 27.086380004882812, 61.277191162109375, 4.643986701965332, 11.078943252563477, 34.723026275634766, 50.01850509643555, 113.57600402832031, 59.799800872802734, 3.706618070602417], [-88.31692504882812, -53.651187896728516, 103.27761840820312, -20.609661102294922, 0.9346176385879517, 82.14761352539062, -23.75895118713379, 1.7327126264572144, 33.882633209228516, -19.680233001708984, 59.799800872802734, 137.43983459472656, 21.242971420288086], [247.6896514892578, 135.43496704101562, -110.53240966796875, 58.729530334472656, -12.401649475097656, -87.17559051513672, 58.497314453125, 15.926132202148438, 4.916202545166016, 66.74124908447266, 3.706618070602417, 21.242971420288086, 151.6821746826172]], "lowlevel.mfcc.icov": [[0.0021894467063248158, -0.0028139748610556126, 0.0030258779879659414, -0.0032753797713667154, 0.0038056126795709133, -0.0037803833838552237, 0.004025509115308523, -0.0039960965514183044, 0.004072059877216816, -0.004120794590562582, 0.0034348368644714355, -0.0027818288654088974, 0.0014029113808646798], [-0.0028139748610556126, 0.00467373663559556, -0.004096411634236574, 0.004441666882485151, -0.005387486889958382, 0.006025729235261679, -0.006767715327441692, 0.006347632501274347, -0.006508179008960724, 0.006277856417000294, -0.005293841473758221, 0.004110013600438833, -0.0023143033031374216], [0.0030258779879659414, -0.004096411634236574, 0.005509437993168831, -0.0046213301829993725, 0.004911876283586025, -0.006544559728354216, 0.006665894761681557, -0.006468399427831173, 0.00633581867441535, -0.006432895082980394, 0.005705971270799637, -0.004714606329798698, 0.0024153238628059626], [-0.0032753797713667154, 0.004441666882485151, -0.0046213301829993725, 0.007657337002456188, -0.005965397227555513, 0.00542443385347724, -0.006253761239349842, 0.005690034944564104, -0.0060888598673045635, 0.00622069975361228, -0.004945959430187941, 0.004999661818146706, -0.003624753560870886], [0.0038056126795709133, -0.005387486889958382, 0.004911876283586025, -0.005965397227555513, 0.009499664418399334, -0.006626303773373365, 0.007681776769459248, -0.008151717483997345, 0.007217066362500191, -0.006953427568078041, 0.005124382209032774, -0.004331175237894058, 0.002653865609318018], [-0.0037803833838552237, 0.006025729235261679, -0.006544559728354216, 0.00542443385347724, -0.006626303773373365, 0.011838040314614773, -0.01007640827447176, 0.009126443415880203, -0.010529961436986923, 0.010093900375068188, -0.008913460187613964, 0.004911476280540228, -0.0014569660415872931], [0.004025509115308523, -0.006767715327441692, 0.006665894761681557, -0.006253761239349842, 0.007681776769459248, -0.01007640827447176, 0.01557241939008236, -0.012975397519767284, 0.010571673512458801, -0.011337983421981335, 0.008777898736298084, -0.005557482596486807, 0.00215186201967299], [-0.0039960965514183044, 0.006347632501274347, -0.006468399427831173, 0.005690034944564104, -0.008151717483997345, 0.009126443415880203, -0.012975397519767284, 0.01841604895889759, -0.013139753602445126, 0.00961183849722147, -0.007597918622195721, 0.0061165159568190575, -0.0028841982129961252], [0.004072059877216816, -0.006508179008960724, 0.00633581867441535, -0.0060888598673045635, 0.007217066362500191, -0.010529961436986923, 0.010571673512458801, -0.013139753602445126, 0.02245902828872204, -0.014798365533351898, 0.009600375778973103, -0.009953366592526436, 0.004919750615954399], [-0.004120794590562582, 0.006277856417000294, -0.006432895082980394, 0.00622069975361228, -0.006953427568078041, 0.010093900375068188, -0.011337983421981335, 0.00961183849722147, -0.014798365533351898, 0.021298523992300034, -0.015192465856671333, 0.011981450952589512, -0.007575198542326689], [0.0034348368644714355, -0.005293841473758221, 0.005705971270799637, -0.004945959430187941, 0.005124382209032774, -0.008913460187613964, 0.008777898736298084, -0.007597918622195721, 0.009600375778973103, -0.015192465856671333, 0.02343693934381008, -0.013588408939540386, 0.005603532772511244], [-0.0027818288654088974, 0.004110013600438833, -0.004714606329798698, 0.004999661818146706, -0.004331175237894058, 0.004911476280540228, -0.005557482596486807, 0.0061165159568190575, -0.009953366592526436, 0.011981450952589512, -0.013588408939540386, 0.01872364431619644, -0.007768378127366304], [0.0014029113808646798, -0.0023143033031374216, 0.0024153238628059626, -0.003624753560870886, 0.002653865609318018, -0.0014569660415872931, 0.00215186201967299, -0.0028841982129961252, 0.004919750615954399, -0.007575198542326689, 0.005603532772511244, -0.007768378127366304, 0.012509076856076717]], "metadata.audio_properties.analysis.downmix": "mix", "metadata.audio_properties.codec": "mp3", "metadata.audio_properties.md5_encoded": "10493320c8f96ca7d101a3812781a273", "metadata.tags.file_name": "1182269167609589770.mp3", "metadata.version.essentia": "2.1-beta6-dev", "metadata.version.essentia_git_sha": "v2.1_beta5-1110-g77a6a954", 