{"song_id": "1182282397698502716", "download": "https://cdn.discordapp.com/attachments/1135911532732108921/1182282397698502716/chirp.mp4?ex=65842149&amp", "lyrics": "[Verse]\nIn the depths of darkness, where shadows creep\nA requiem for a death, hauntingly deep\nMelancholy melodies, echoes of despair\nSpiraling in the air, a soul laid bare\n\n[Chorus]\nRequiem for a death, a somber refrain\nPiercing through our hearts, invoking pain\nThe chorus of loss, whispered in the night\nRequiem for a death, guiding our plight", "style": ["post punk"], "essentia_features": {"lowlevel.average_loudness": 0.5317491292953491, "lowlevel.barkbands_crest.mean": 12.758747100830078, "lowlevel.barkbands_crest.stdev": 4.1733174324035645, "lowlevel.barkbands_flatness_db.mean": 0.30832618474960327, "lowlevel.barkbands_flatness_db.stdev": 0.08357691764831543, "lowlevel.barkbands_kurtosis.mean": 14.116406440734863, "lowlevel.barkbands_kurtosis.stdev": 16.47523307800293, "lowlevel.barkbands_skewness.mean": 2.0847904682159424, "lowlevel.barkbands_skewness.stdev": 1.7484443187713623, "lowlevel.barkbands_spread.mean": 6.804800510406494, "lowlevel.barkbands_spread.stdev": 11.991759300231934, "lowlevel.dissonance.mean": 0.3797961473464966, "lowlevel.dissonance.stdev": 0.07546466588973999, "lowlevel.dynamic_complexity": 7.214691162109375, "lowlevel.erbbands_crest.mean": 12.539361953735352, "lowlevel.erbbands_crest.stdev": 4.493861675262451, "lowlevel.erbbands_flatness_db.mean": 0.28177300095558167, "lowlevel.erbbands_flatness_db.stdev": 0.08257364481687546, "lowlevel.erbbands_kurtosis.mean": 4.310330390930176, "lowlevel.erbbands_kurtosis.stdev": 4.826154708862305, "lowlevel.erbbands_skewness.mean": 1.2077614068984985, "lowlevel.erbbands_skewness.stdev": 1.0739059448242188, "lowlevel.erbbands_spread.mean": 17.833003997802734, "lowlevel.erbbands_spread.stdev": 20.35869026184082, "lowlevel.hfc.mean": 7.423870086669922, "lowlevel.hfc.stdev": 14.091887474060059, "lowlevel.loudness_ebu128.integrated": -27.210662841796875, "lowlevel.loudness_ebu128.loudness_range": 6.498565673828125, "lowlevel.loudness_ebu128.momentary.mean": -32.796852111816406, "lowlevel.loudness_ebu128.momentary.stdev": 7.1126389503479, "lowlevel.loudness_ebu128.short_term.mean": -29.22843360900879, "lowlevel.loudness_ebu128.short_term.stdev": 2.5678131580352783, "lowlevel.melbands_crest.mean": 16.04361343383789, "lowlevel.melbands_crest.stdev": 5.602234840393066, "lowlevel.melbands_flatness_db.mean": 0.4015747606754303, "lowlevel.melbands_flatness_db.stdev": 0.11593440175056458, "lowlevel.melbands_kurtosis.mean": 15.39132308959961, "lowlevel.melbands_kurtosis.stdev": 22.965620040893555, "lowlevel.melbands_skewness.mean": 2.254865884780884, "lowlevel.melbands_skewness.stdev": 1.7266626358032227, "lowlevel.melbands_spread.mean": 9.884191513061523, "lowlevel.melbands_spread.stdev": 23.573484420776367, "lowlevel.pitch_salience.mean": 0.5776894688606262, "lowlevel.pitch_salience.stdev": 0.11834779381752014, "lowlevel.silence_rate_20dB.mean": 1.0, "lowlevel.silence_rate_20dB.stdev": 0.0, "lowlevel.silence_rate_30dB.mean": 0.9971031546592712, "lowlevel.silence_rate_30dB.stdev": 0.05374482646584511, "lowlevel.silence_rate_60dB.mean": 0.444959431886673, "lowlevel.silence_rate_60dB.stdev": 0.496963769197464, "lowlevel.spectral_centroid.mean": 586.8035278320312, "lowlevel.spectral_centroid.stdev": 790.9153442382812, "lowlevel.spectral_complexity.mean": 6.8742756843566895, "lowlevel.spectral_complexity.stdev": 4.6447272300720215, "lowlevel.spectral_decrease.mean": -3.595236552911274e-09, "lowlevel.spectral_decrease.stdev": 5.116211454492259e-09, "lowlevel.spectral_energy.mean": 0.014242617413401604, "lowlevel.spectral_energy.stdev": 0.020064394921064377, "lowlevel.spectral_energyband_high.mean": 0.00037268607411533594, "lowlevel.spectral_energyband_high.stdev": 0.001619023154489696, "lowlevel.spectral_energyband_low.mean": 0.002055287128314376, "lowlevel.spectral_energyband_low.stdev": 0.0035456249024719, "lowlevel.spectral_energyband_middle_high.mean": 0.0007855682051740587, "lowlevel.spectral_energyband_middle_high.stdev": 0.0023856430780142546, "lowlevel.spectral_energyband_middle_low.mean": 0.0123544717207551, "lowlevel.spectral_energyband_middle_low.stdev": 0.018397537991404533, "lowlevel.spectral_entropy.mean": 5.962560653686523, "lowlevel.spectral_entropy.stdev": 0.9150451421737671, "lowlevel.spectral_flux.mean": 0.03075854294002056, "lowlevel.spectral_flux.stdev": 0.03515473008155823, "lowlevel.spectral_kurtosis.mean": 51.0556526184082, "lowlevel.spectral_kurtosis.stdev": 54.00221252441406, "lowlevel.spectral_rms.mean": 0.0029218236450105906, "lowlevel.spectral_rms.stdev": 0.0023147722240537405, "lowlevel.spectral_rolloff.mean": 846.5298461914062, "lowlevel.spectral_rolloff.stdev": 1679.8935546875, "lowlevel.spectral_skewness.mean": 5.19155216217041, "lowlevel.spectral_skewness.stdev": 3.105114459991455, "lowlevel.spectral_spread.mean": 2921893.75, "lowlevel.spectral_spread.stdev": 2052146.0, "lowlevel.spectral_strongpeak.mean": 0.6417046785354614, "lowlevel.spectral_strongpeak.stdev": 0.8179256916046143, "lowlevel.zerocrossingrate.mean": 0.03388236090540886, "lowlevel.zerocrossingrate.stdev": 0.05637453496456146, "metadata.audio_properties.analysis.equal_loudness": 0.0, "metadata.audio_properties.analysis.length": 40.04265213012695, "metadata.audio_properties.analysis.sample_rate": 44100.0, "metadata.audio_properties.analysis.start_time": 0.0, "metadata.audio_properties.bit_rate": 111895.0, "metadata.audio_properties.length": 40.042667388916016, "metadata.audio_properties.lossless": 0.0, "metadata.audio_properties.number_channels": 1.0, "metadata.audio_properties.replay_gain": -1.4590797424316406, "metadata.audio_properties.sample_rate": 48000.0, "rhythm.beats_count": 83.0, "rhythm.beats_loudness.mean": 0.017998727038502693, "rhythm.beats_loudness.stdev": 0.02242380753159523, "rhythm.bpm": 135.4713897705078, "rhythm.bpm_histogram_first_peak_bpm": 136.0, "rhythm.bpm_histogram_first_peak_weight": 0.48000001907348633, "rhythm.bpm_histogram_second_peak_bpm": 120.0, "rhythm.bpm_histogram_second_peak_spread": 0.529411792755127, "rhythm.bpm_histogram_second_peak_weight": 0.09756097197532654, "rhythm.danceability": 0.9131050109863281, "rhythm.onset_rate": 1.62279212474823, "tonal.chords_changes_rate": 0.06828703731298447, "tonal.chords_number_rate": 0.010416666977107525, "tonal.chords_strength.mean": 0.43420398235321045, "tonal.chords_strength.stdev": 0.06832395493984222, "tonal.hpcp_crest.mean": 23.21022605895996, "tonal.hpcp_crest.stdev": 9.75109577178955, "tonal.hpcp_entropy.mean": 1.035521388053894, "tonal.hpcp_entropy.stdev": 0.7617071270942688, "tonal.key_edma.strength": 0.7111331820487976, "tonal.key_krumhansl.strength": 0.7079169750213623, "tonal.key_temperley.strength": 0.7212991714477539, "tonal.tuning_diatonic_strength": 0.4656979739665985, "tonal.tuning_equal_tempered_deviation": 0.019070250913500786, "tonal.tuning_frequency": 438.98455810546875, "tonal.tuning_nontempered_energy_ratio": 0.6072497963905334, "lowlevel.barkbands.mean": [1.4986798078098218e-06, 8.933522622101009e-05, 0.0007192647899501026, 0.0026120049878954887, 0.004319720435887575, 0.003083857474848628, 0.0005116793909110129, 0.0008300372282974422, 0.0008276086300611496, 0.0003489490773063153, 0.00013455598673317581, 9.18131772777997e-05, 7.28206941857934e-05, 4.50717743660789e-05, 1.490920203650603e-05, 6.222117008292116e-06, 1.6969228454399854e-05, 2.1610076146316715e-05, 5.050892286817543e-05, 0.0001542292011436075, 9.284837869927287e-05, 4.518790956353769e-05, 7.319909491343424e-05, 3.539231329341419e-05, 3.004068639711477e-05, 1.3270666386233643e-05, 1.190913767601387e-08], "lowlevel.barkbands.stdev": [3.124342356386478e-06, 0.0002166822669096291, 0.0015449334168806672, 0.005060053896158934, 0.007769351359456778, 0.005657206289470196, 0.0010446433443576097, 0.0018656058236956596, 0.003940152004361153, 0.0015988306840881705, 0.00045837939251214266, 0.0005902107222937047, 0.0003008977510035038, 0.00023380652419291437, 6.204166857060045e-05, 2.114399649144616e-05, 5.590104410657659e-05, 9.108648373512551e-05, 0.00040046239155344665, 0.0008308453252539039, 0.0004903761437162757, 0.00021582658519037068, 0.00045178341679275036, 0.0001725020701996982, 0.00010868303797906265, 5.3214705985737965e-05, 1.023985660708604e-07], "lowlevel.erbbands.mean": [0.000981465564109385, 0.03475234657526016, 0.5921158194541931, 5.354167461395264, 11.634345054626465, 11.55009651184082, 32.42255783081055, 16.52628517150879, 9.824272155761719, 12.365301132202148, 17.18190574645996, 23.467435836791992, 12.280832290649414, 6.363934516906738, 5.334853649139404, 4.103372573852539, 3.389744520187378, 2.9134185314178467, 1.2208315134048462, 0.5528110265731812, 0.3875736594200134, 1.0633363723754883, 1.366008996963501, 1.185241937637329, 4.377230644226074, 7.311516761779785, 5.020258903503418, 2.8049120903015137, 1.8037782907485962, 1.5034037828445435, 2.155940294265747, 1.1972460746765137, 0.4110241234302521, 0.2832586169242859, 0.24645985662937164, 0.10757546871900558, 0.011756788939237595, 0.0005264862556941807, 2.367542765568942e-05, 1.7982969438889995e-05], "lowlevel.erbbands.stdev": [0.0023720203898847103, 0.06818480044603348, 1.0781840085983276, 9.519753456115723, 22.237565994262695, 21.729782104492188, 67.32344818115234, 35.36552810668945, 20.541872024536133, 31.15398406982422, 37.122314453125, 110.80132293701172, 57.579010009765625, 24.042695999145508, 20.50686264038086, 27.383434295654297, 14.846419334411621, 14.427791595458984, 4.867483139038086, 1.85373055934906, 1.153547763824463, 3.4234631061553955, 5.548488616943359, 7.656448841094971, 28.465917587280273, 39.27957534790039, 28.83772087097168, 13.293816566467285, 8.646398544311523, 7.785347938537598, 13.949981689453125, 6.804499626159668, 1.8082722425460815, 1.108285665512085, 0.8624670505523682, 0.42276862263679504, 0.046622082591056824, 0.002012805547565222, 6.287296855589375e-05, 2.4926896003307775e-05], "lowlevel.gfcc.mean": [-202.7007598876953, 151.8480987548828, -56.572566986083984, -11.447249412536621, -82.43071746826172, -5.366329193115234, -48.49853515625, -11.430755615234375, -41.80808639526367, -1.0673319101333618, -15.9855318069458, -11.910833358764648, -13.178812980651855], "lowlevel.melbands.mean": [1.5172245184658095e-05, 0.000271890516160056, 0.0011079332325607538, 0.0008574457606300712, 0.000965018873102963, 0.00041256818803958595, 0.00013742393639404327, 0.00014493167691398412, 0.0001502652303315699, 0.00012915597471874207, 5.720214903703891e-05, 2.643089828779921e-05, 1.9057597455685027e-05, 1.1855847333208658e-05, 7.615821687068092e-06, 7.432546681229724e-06, 5.0898042900371365e-06, 2.054704054899048e-06, 9.5726397830731e-07, 5.125360189595085e-07, 4.0928060229816765e-07, 9.923637662723195e-07, 1.4945678685762687e-06, 8.585437285546504e-07, 8.015153980522882e-07, 2.313360937478137e-06, 4.734822596219601e-06, 4.867259576712968e-06, 3.4781421618390596e-06, 2.1302155346347718e-06, 1.4411268693947932e-06, 1.0921277180386824e-06, 6.885452989990881e-07, 9.059661465471436e-07, 1.2569624914249289e-06, 1.161603790933441e-06, 5.889737622055691e-07, 2.939094088105776e-07, 1.9070391488185123e-07, 2.599186359475425e-07], "lowlevel.melbands.stdev": [3.8724294427083805e-05, 0.0004677774850279093, 0.001846939092501998, 0.0016596739878877997, 0.0019196504727005959, 0.0008079674444161355, 0.00028663696139119565, 0.000367463449947536, 0.00038073898758739233, 0.0006064528715796769, 0.00028574492898769677, 0.00011079885734943673, 6.529333768412471e-05, 7.015573646640405e-05, 4.373392221168615e-05, 3.284542981418781e-05, 2.6457842977833934e-05, 8.524040822521783e-06, 3.606000518630026e-06, 1.837417812566855e-06, 1.2732931509162881e-06, 3.483132786641363e-06, 6.016400220687501e-06, 3.5724040117202094e-06, 5.529898771783337e-06, 2.103960832755547e-05, 2.809933721437119e-05, 2.704492180782836e-05, 2.127471088897437e-05, 1.14920567284571e-05, 6.739906439179322e-06, 5.315210728440434e-06, 3.604651965360972e-06, 4.888081093668006e-06, 8.247225196100771e-06, 7.627087597938953e-06, 3.0929261356504867e-06, 1.3260403193271486e-06, 8.957831596489996e-07, 1.0029154964286136e-06], "lowlevel.melbands128.mean": [7.360060862993123e-07, 2.916319772339193e-06, 1.1363864359736908e-05, 5.598868301603943e-05, 0.00014021362585481256, 0.00043796110549010336, 0.001062648487277329, 0.0013407192891463637, 0.0011742565548047423, 0.0009868842316791415, 0.0004259731213096529, 0.0007661569979973137, 0.0014785141684114933, 0.0007275605457834899, 0.00033258149051107466, 0.00028347139596007764, 0.0002040174585999921, 9.746098658069968e-05, 6.402965664165094e-05, 0.0001548175496282056, 0.0001766472851159051, 0.0001296513801207766, 0.00012989867536816746, 0.00016909903206396848, 0.00024221159401349723, 4.830357283935882e-05, 4.6303652197821066e-05, 7.703917799517512e-05, 4.79115333291702e-05, 3.199520142516121e-05, 1.3991962987347506e-05, 2.1874069716432132e-05, 2.367550041526556e-05, 1.5416901078424416e-05, 8.481001714244485e-06, 1.4355282473843545e-05, 1.1740678928617854e-05, 4.346387868281454e-06, 7.611694400111446e-06, 8.382902706216555e-06, 6.158748874440789e-06, 8.38702453620499e-06, 5.380643415264785e-06, 3.47820650858921e-06, 2.8205395210534334e-06, 1.6511597777935094e-06, 1.5890436770860106e-06, 7.719366976743913e-07, 9.011037036543712e-07, 6.465854198722809e-07, 4.40249237954049e-07, 3.8382762568289763e-07, 3.9108087435124617e-07, 3.6685341342490574e-07, 5.608993660644046e-07, 1.2104699180781608e-06, 1.1135816748719662e-06, 1.4283660902947304e-06, 1.741125515763997e-06, 1.4523895970341982e-06, 7.91344348272105e-07, 4.0774921217234805e-07, 6.112042569839105e-07, 8.977901302387181e-07, 1.0650614967744332e-06, 2.526385060264147e-06, 2.7058140403823927e-06, 3.4103700272680726e-06, 6.1266409829840995e-06, 5.220192178967409e-06, 5.228331701800926e-06, 4.374825493869139e-06, 4.029977844766108e-06, 3.3825201626314083e-06, 2.7871660677192267e-06, 2.1467342321557226e-06, 1.942600192705868e-06, 1.5362624026238336e-06, 1.5026492974357097e-06, 1.1685804111039033e-06, 1.0762803412944777e-06, 1.311988171437406e-06, 6.176052238515695e-07, 6.125040385995817e-07, 6.77882098898408e-07, 7.776904453749012e-07, 9.172645150101744e-07, 1.304705506299797e-06, 1.2022044302284485e-06, 1.3375146181715536e-06, 1.3447221363094286e-06, 1.2259522463864414e-06, 6.361071882565739e-07, 6.169934749777894e-07, 5.322228275872476e-07, 3.124361569462053e-07, 2.4654877961438615e-07, 2.576981898982922e-07, 1.7105676874962228e-07, 1.6754574971855618e-07, 1.9178453669610462e-07, 2.888568246817158e-07, 3.220530970793334e-07, 3.2638513403071556e-07, 2.9476760232682864e-07, 2.4736581849538197e-07, 2.3663537263018952e-07, 2.434572365928034e-07, 2.2181745862326352e-07, 1.4058578301501257e-07, 6.339607949712445e-08, 3.83868723474734e-08, 2.219634964717443e-08, 1.2748466282630488e-08, 6.574408573101209e-09, 2.3105914959131724e-09, 5.213294240746791e-10, 3.3619232397974486e-11, 3.5191576215620746e-12, 3.305502573047736e-12, 3.17689472818794e-12, 3.144969744697801e-12, 3.154431577057082e-12, 3.0695101408545478e-12, 2.6970300992523732e-12, 2.0952478033825495e-12, 1.7730672615887122e-12, 1.71952849094964e-12], "lowlevel.melbands128.stdev": [1.4987898566687363e-06, 1.0461139936523978e-05, 4.176521179033443e-05, 0.00013275582750793546, 0.00031430291710421443, 0.0009738372755236924, 0.002053853590041399, 0.0027839653193950653, 0.002593494486063719, 0.0025099387858062983, 0.0008744662627577782, 0.0014546498423442245, 0.0033329082652926445, 0.0015247714472934604, 0.001063746865838766, 0.0007729834760539234, 0.000578195380512625, 0.0002330360875930637, 0.00018737594655249268, 0.00043608402484096587, 0.0005590959335677326, 0.00032188164186663926, 0.0003495610726531595, 0.0009133367566391826, 0.0013292734511196613, 0.00027778639923781157, 0.00032862360239960253, 0.0004605907597579062, 0.00034549107658676803, 0.00017559003026690334, 5.5654425523243845e-05, 9.717517968965694e-05, 7.70175174693577e-05, 0.00010592689068289474, 5.061834599473514e-05, 0.00011873442417709157, 0.00011373336019460112, 3.451924931141548e-05, 3.975892104790546e-05, 5.2616123866755515e-05, 3.388749610166997e-05, 4.377506047603674e-05, 4.226456439937465e-05, 1.772518407960888e-05, 1.4485129213426262e-05, 7.685791388212238e-06, 8.853150575305335e-06, 2.773389269350446e-06, 3.842160367639735e-06, 3.2294162792823045e-06, 2.2862013793201186e-06, 1.398628342030861e-06, 1.4298826727099367e-06, 1.191663045574387e-06, 2.4751036562520312e-06, 5.279162905935664e-06, 4.434136371855857e-06, 6.046427188266534e-06, 8.927036105887964e-06, 6.8852045842504594e-06, 3.757151034733397e-06, 1.813185235732817e-06, 3.9226424632943235e-06, 7.371358606178546e-06, 8.416034688707441e-06, 3.154674413963221e-05, 2.4856914023985155e-05, 2.600406514829956e-05, 4.160811295150779e-05, 3.064263000851497e-05, 3.3866796002257615e-05, 2.6129315301659517e-05, 2.6691281163948588e-05, 2.2245298168854788e-05, 1.806100226531271e-05, 1.1050117791455705e-05, 1.1841394552902784e-05, 7.852640919736587e-06, 7.648851351405028e-06, 5.55014275960275e-06, 5.433145815914031e-06, 7.463169367838418e-06, 3.125223656752496e-06, 3.866327460855246e-06, 3.62897435479681e-06, 4.278047981642885e-06, 5.1362658268772066e-06, 8.425174200965557e-06, 8.163618986145593e-06, 9.580635378370062e-06, 9.269655492971651e-06, 8.725989573576953e-06, 3.941023805964505e-06, 3.389744961168617e-06, 2.6886229989031563e-06, 1.4893415709593683e-06, 1.1732204256986734e-06, 1.3383106534092803e-06, 8.938432074501179e-07, 9.187280625155836e-07, 7.743296919215936e-07, 1.233692046298529e-06, 1.1698974731189082e-06, 1.1872886034325347e-06, 1.162305352409021e-06, 9.37644529130921e-07, 1.141140614890901e-06, 1.0694020602386445e-06, 8.620967832939641e-07, 6.320044008134573e-07, 2.954295155177533e-07, 1.8935904222416866e-07, 1.0604269107261644e-07, 5.614894149630345e-08, 3.3315998848593154e-08, 1.352860667935829e-08, 4.104134809779225e-09, 2.997920522940234e-10, 5.5227059904405795e-12, 4.99212043231223e-12, 4.8559754307897496e-12, 4.761312871748302e-12, 4.680371541720962e-12, 4.581885652138462e-12, 4.5274049266519345e-12, 4.461706611808003e-12, 4.419613112982557e-12, 4.3954627264308765e-12], "lowlevel.mfcc.mean": [-871.2891845703125, 198.61390686035156, 55.23765563964844, 3.95206356048584, -15.365618705749512, -7.786117076873779, -3.4743683338165283, -21.08535385131836, -19.100614547729492, -13.064292907714844, -8.37048625946045, -4.488473415374756, -9.562590599060059], "lowlevel.spectral_contrast_coeffs.mean": [-0.5954592227935791, -0.7398303151130676, -0.7723150849342346, -0.7946953177452087, -0.8476506471633911, -0.821351945400238], "lowlevel.spectral_contrast_coeffs.stdev": [0.10320701450109482, 0.06818243116140366, 0.05955549329519272, 0.05052855238318443, 0.06255214661359787, 0.06784800440073013], "lowlevel.spectral_contrast_valleys.mean": [-7.918575763702393, -7.606645584106445, -9.272780418395996, -10.389215469360352, -10.508405685424805, -12.711578369140625], "lowlevel.spectral_contrast_valleys.stdev": [1.16847562789917, 1.1980016231536865, 1.3032851219177246, 1.4984142780303955, 1.8912153244018555, 1.6105165481567383], "rhythm.beats_loudness_band_ratio.mean": [0.3329155147075653, 0.5161121487617493, 0.14877939224243164, 0.02866947278380394, 0.008233272470533848, 0.06306465715169907], "rhythm.beats_loudness_band_ratio.stdev": [0.2222883254289627, 0.22443298995494843, 0.11951839923858643, 0.04694128409028053, 0.023609373718500137, 0.18267802894115448], "tonal.hpcp.mean": [0.14632932841777802, 0.08773960918188095, 0.011829378083348274, 0.006557458080351353, 0.005890308879315853, 0.026555100455880165, 0.03264417126774788, 0.014278781600296497, 0.18934261798858643, 0.3388403356075287, 0.15985088050365448, 0.010097336024045944, 0.012517831288278103, 0.017584873363375664, 0.22657985985279083, 0.45718833804130554, 0.2547405958175659, 0.02418326959013939, 0.017329607158899307, 0.02590296044945717, 0.0827171728014946, 0.12864726781845093, 0.0877041146159172, 0.059677883982658386, 0.06559339165687561, 0.036784496158361435, 0.014183573424816132, 0.011094906367361546, 0.012555769644677639, 0.20496737957000732, 0.3412494957447052, 0.15419748425483704, 0.017136134207248688, 0.015830982476472855, 0.0186776053160429, 0.076742984354496], "tonal.hpcp.stdev": [0.28478142619132996, 0.17367805540561676, 0.07302013039588928, 0.04807776212692261, 0.04701397940516472, 0.05121354013681412, 0.05653968080878258, 0.044262804090976715, 0.23482587933540344, 0.40887659788131714, 0.19583198428153992, 0.06220651790499687, 0.08471442759037018, 0.10058474540710449, 0.2291969507932663, 0.42981839179992676, 0.24956382811069489, 0.11650335043668747, 0.09904409945011139, 0.11658208072185516, 0.21316874027252197, 0.28889894485473633, 0.22356610000133514, 0.17264391481876373, 0.19380219280719757, 0.13356132805347443, 0.07435117661952972, 0.06482706218957901, 0.060220181941986084, 0.22952668368816376, 0.3571993112564087, 0.1776360422372818, 0.07932456582784653, 0.08113723248243332, 0.09858151525259018, 0.16872790455818176], "rhythm.beats_position": [0.42956915497779846, 0.8591383099555969, 1.300317406654358, 1.7414965629577637, 2.18267560005188, 2.623854875564575, 3.111473798751831, 3.5874829292297363, 4.0634918212890625, 4.562720775604248, 5.050340175628662, 5.549569129943848, 6.072018146514893, 6.606077194213867, 7.140135765075684, 7.6625847816467285, 8.185033798217773, 8.707483291625977, 9.229931831359863, 9.74077033996582, 10.263219833374023, 10.739229202270508, 11.226847648620605, 11.71446704864502, 12.202085494995117, 12.666484832763672, 13.142494201660156, 13.606893539428711, 14.07129192352295, 14.535691261291504, 14.860771179199219, 15.185850143432617, 15.522539138793945, 15.85922908782959, 16.184309005737305, 16.509387969970703, 16.8344669342041, 17.1595458984375, 17.4846248626709, 17.80970573425293, 18.262493133544922, 18.715282440185547, 19.156461715698242, 19.597640991210938, 20.038820266723633, 20.479999542236328, 20.921178817749023, 21.36235809326172, 21.803537368774414, 22.25632667541504, 22.697505950927734, 23.15029525756836, 23.60308265686035, 24.055871963500977, 24.5086612701416, 24.949840545654297, 25.402629852294922, 25.832199096679688, 26.261768341064453, 26.69133758544922, 27.190567016601562, 27.689794540405273, 28.189023971557617, 28.67664337158203, 29.164262771606445, 29.65188217163086, 30.15110969543457, 30.650339126586914, 31.149568557739258, 31.70684814453125, 32.25251770019531, 32.78657531738281, 33.34385299682617, 33.9011344909668, 34.51646041870117, 35.143402099609375, 35.75872802734375, 36.362449645996094, 36.96616744995117, 37.56988525390625, 38.17360305786133, 38.77732467651367, 39.38104248046875], "rhythm.bpm_histogram": [0.0, 0.0, 0.0, 0.0, 0.0, 0.0, 0.0, 0.0, 0.0, 0.0, 0.0, 0.0, 0.0, 0.0, 0.0, 0.0, 0.0, 0.0, 0.0, 0.0, 0.0, 0.0, 0.0, 0.0, 0.0, 0.0, 0.0, 0.0, 0.0, 0.0, 0.0, 0.0, 0.0, 0.0, 0.0, 0.0, 0.0, 0.0, 0.0, 0.0, 0.0, 0.0, 0.0, 0.0, 0.0, 0.0, 0.0, 0.0, 0.0, 0.0, 0.0, 0.0, 0.0, 0.0, 0.0, 0.0, 0.0, 0.0, 0.0, 0.0, 0.0, 0.0, 0.0, 0.0, 0.0, 0.0, 0.0, 0.0, 0.0, 0.0, 0.0, 0.0, 0.0, 0.0, 0.0, 0.0, 0.0, 0.0, 0.0, 0.0, 0.0, 0.0, 0.0, 0.0, 0.0, 0.0, 0.0, 0.0, 0.0, 0.0, 0.0, 0.0, 0.0, 0.0, 0.0, 0.0, 0.012195121496915817, 0.0, 0.024390242993831635, 0.0731707289814949, 0.0, 0.0, 0.0, 0.0, 0.0, 0.0, 0.0, 0.0, 0.03658536449074745, 0.0, 0.012195121496915817, 0.0, 0.03658536449074745, 0.0, 0.0, 0.0731707289814949, 0.0, 0.012195121496915817, 0.0, 0.0, 0.09756097197532654, 0.0, 0.0, 0.09756097197532654, 0.0, 0.0, 0.04878048598766327, 0.0, 0.0, 0.04878048598766327, 0.0, 0.0, 0.0, 0.09756097197532654, 0.0, 0.0, 0.15853658318519592, 0.0, 0.0, 0.0, 0.04878048598766327, 0.0, 0.0, 0.0, 0.0, 0.0, 0.0, 0.0, 0.0, 0.0, 0.0, 0.0, 0.0, 0.0, 0.0, 0.0, 0.0, 0.0, 0.0, 0.0, 0.0, 0.0, 0.0, 0.0, 0.0, 0.0, 0.0, 0.0, 0.0, 0.0, 0.0, 0.0, 0.0, 0.0, 0.0, 0.0, 0.0, 0.0, 0.024390242993831635, 0.0, 0.0, 0.0, 0.0, 0.0, 0.0, 0.09756097197532654, 0.0, 0.0, 0.0, 0.0, 0.0, 0.0, 0.0, 0.0, 0.0, 0.0, 0.0, 0.0, 0.0, 0.0, 0.0, 0.0, 0.0, 0.0, 0.0, 0.0, 0.0, 0.0, 0.0, 0.0, 0.0, 0.0, 0.0, 0.0, 0.0, 0.0, 0.0, 0.0, 0.0, 0.0, 0.0, 0.0, 0.0, 0.0, 0.0, 0.0, 0.0, 0.0, 0.0, 0.0, 0.0, 0.0, 0.0, 0.0, 0.0, 0.0, 0.0, 0.0, 0.0, 0.0, 0.0, 0.0, 0.0, 0.0, 0.0, 0.0, 0.0, 0.0, 0.0, 0.0], "tonal.chords_histogram": [26.157407760620117, 0.0, 1.6203703880310059, 0.0, 0.0, 0.0, 0.11574073880910873, 0.0, 0.0, 0.0, 0.0, 0.0, 0.0, 0.6944444179534912, 0.0, 1.9675925970077515, 0.11574073880910873, 7.060184955596924, 0.0, 16.31944465637207, 2.1990740299224854, 8.217592239379883, 34.49074172973633, 1.0416666269302368], "tonal.thpcp": [1.0, 0.5571896433830261, 0.05289563909173012, 0.03790474310517311, 0.0566570907831192, 0.18092581629753113, 0.28138789534568787, 0.19183366000652313, 0.1305323839187622, 0.14347127079963684, 0.08045808225870132, 0.031023479998111725, 0.024267693981528282, 0.02746301330626011, 0.44832155108451843, 0.746408998966217, 0.3372734487056732, 0.03748156502842903, 0.034626830369234085, 0.04085319861769676, 0.1678585708141327, 0.3200635612010956, 0.19191129505634308, 0.025874190032482147, 0.014343012124300003, 0.012883768416941166, 0.05808350443840027, 0.07140202075242996, 0.031231727451086044, 0.4141457676887512, 0.7411394715309143, 0.34963902831077576, 0.022085724398493767, 0.02738003246486187, 0.038463082164525986, 0.4955941438674927], "lowlevel.gfcc.cov": [[19767.416015625, -5038.23291015625, -2898.806396484375, 2782.17041015625, -538.0762329101562, -571.1231079101562, -730.1935424804688, 1199.06982421875, -1180.982177734375, 80.92196655273438, -1250.4072265625, -231.0743408203125, 100.51904296875], [-5038.23291015625, 4512.43603515625, 1236.6453857421875, -2178.53759765625, 374.17901611328125, 234.9458465576172, 504.80133056640625, -693.2352905273438, 491.6396484375, -77.582763671875, 616.4544677734375, -144.3163299560547, 62.500389099121094], [-2898.806396484375, 1236.6453857421875, 855.3348388671875, -470.11395263671875, 97.25354766845703, 132.50650024414062, 151.84646606445312, -189.56288146972656, 179.08802795410156, -16.472824096679688, 233.23397827148438, 23.921791076660156, -28.75433349609375], [2782.17041015625, -2178.53759765625, -470.11395263671875, 1542.3187255859375, -107.79300689697266, -159.52340698242188, -257.2124328613281, 385.5364074707031, -233.7508087158203, 1.3577582836151123, -284.80181884765625, 30.243968963623047, -41.30974197387695], [-538.0762329101562, 374.17901611328125, 97.25354766845703, -107.79300689697266, 249.36651611328125, 33.119224548339844, 13.11966609954834, -11.180564880371094, 35.15287780761719, 0.9037807583808899, 28.31181526184082, -42.37396240234375, -21.6781005859375], [-571.1231079101562, 234.9458465576172, 132.50650024414062, -159.52340698242188, 33.119224548339844, 204.93235778808594, 106.951171875, -53.69954299926758, 32.1373176574707, 32.596275329589844, 67.22837829589844, 10.093229293823242, -33.12398910522461], [-730.1935424804688, 504.80133056640625, 151.84646606445312, -257.2124328613281, 13.11966609954834, 106.951171875, 230.38475036621094, -82.22525024414062, 49.56227493286133, 12.128189086914062, 87.22664642333984, 11.58816146850586, -1.3760221004486084], [1199.06982421875, -693.2352905273438, -189.56288146972656, 385.5364074707031, -11.180564880371094, -53.69954299926758, -82.22525024414062, 232.2209930419922, -90.3338394165039, 10.775468826293945, -130.59629821777344, 12.599825859069824, -12.940778732299805], [-1180.982177734375, 491.6396484375, 179.08802795410156, -233.7508087158203, 35.15287780761719, 32.1373176574707, 49.56227493286133, -90.3338394165039, 221.80648803710938, 4.782978534698486, 123.59321594238281, -2.4046578407287598, 21.464853286743164], [80.92196655273438, -77.582763671875, -16.472824096679688, 1.3577582836151123, 0.9037807583808899, 32.596275329589844, 12.128189086914062, 10.775468826293945, 4.782978534698486, 121.84107971191406, -3.3604674339294434, 6.040520668029785, -6.316561698913574], [-1250.4072265625, 616.4544677734375, 233.23397827148438, -284.80181884765625, 28.31181526184082, 67.22837829589844, 87.22664642333984, -130.59629821777344, 123.59321594238281, -3.3604674339294434, 214.39959716796875, 20.99885368347168, 2.0314419269561768], [-231.0743408203125, -144.3163299560547, 23.921791076660156, 30.243968963623047, -42.37396240234375, 10.093229293823242, 11.58816146850586, 12.599825859069824, -2.4046578407287598, 6.040520668029785, 20.99885368347168, 84.15926361083984, -9.467399597167969], [100.51904296875, 62.500389099121094, -28.75433349609375, -41.30974197387695, -21.6781005859375, -33.12398910522461, -1.3760221004486084, -12.940778732299805, 21.464853286743164, -6.316561698913574, 2.0314419269561768, -9.467399597167969, 82.64251708984375]], "lowlevel.gfcc.icov": [[0.00020642932213377208, -0.0003440706350374967, 0.0006057098507881165, -0.00034245196729898453, 0.0004830809193663299, -0.0002464768767822534, 0.0002748757542576641, -0.0006113777635619044, 0.0005221308092586696, -0.00021153941634111106, 0.0002866047725547105, 0.00019575677288230509, -0.00015093217371031642], [-0.0003440706350374967, 0.0027614582795649767, -0.0023422050289809704, 0.0024222612846642733, -0.002136210910975933, 0.0017095954390242696, -0.002077033743262291, 0.0018454783130437136, -0.0009801763808354735, 0.0010794110130518675, -0.002148800529539585, 0.002723993267863989, -0.00019284032168798149], [0.0006057098507881165, -0.0023422050289809704, 0.004515186883509159, -0.0020123703870922327, 0.0017734022112563252, -0.0018301444360986352, 0.001499691279605031, -0.0018700234359130263, 0.001006008475087583, -0.0006675597978755832, 0.0008539606351405382, -0.0018052419181913137, 0.0005233889096416533], [-0.00034245196729898453, 0.0024222612846642733, -0.0020123703870922327, 0.0034461417235434055, -0.0015712336171418428, 0.0016360287554562092, -0.0011957130627706647, 0.00013823337212670594, -0.0006708718719892204, 0.0010352396639063954, -0.0017348889959976077, 0.0020866235718131065, 0.0003874280955642462], [0.0004830809193663299, -0.002136210910975933, 0.0017734022112563252, -0.0015712336171418428, 0.007025219965726137, -0.001774854608811438, 0.0019246272277086973, -0.003182493383064866, 0.0009068502695299685, -0.0009256399353034794, 0.0011386519763618708, 0.0016486789099872112, 0.0013793359976261854], [-0.0002464768767822534, 0.0017095954390242696, -0.0018301444360986352, 0.0016360287554562092, -0.001774854608811438, 0.00874719675630331, -0.004055095836520195, 0.0014236109564080834, -0.00043992509017698467, -0.0010399366728961468, -0.002112611662596464, 0.0014758006436750293, 0.0026394601445645094], [0.0002748757542576641, -0.002077033743262291, 0.001499691279605031, -0.0011957130627706647, 0.0019246272277086973, -0.004055095836520195, 0.008390168659389019, -0.0012781870318576694, 0.0011071200715377927, -0.0008743829093873501, 0.0007789228693582118, -0.002488428493961692, -0.0006789448671042919], [-0.0006113777635619044, 0.0018454783130437136, -0.0018700234359130263, 0.00013823337212670594, -0.003182493383064866, 0.0014236109564080834, -0.0012781870318576694, 0.011542962864041328, -0.0015671213623136282, 0.0003074270789511502, 0.001957202795892954, -0.0018611246487125754, 0.0004575906496029347], [0.0005221308092586696, -0.0009801763808354735, 0.001006008475087583, -0.0006708718719892204, 0.0009068502695299685, -0.00043992509017698467, 0.0011071200715377927, -0.0015671213623136282, 0.008688072673976421, -0.0012678310740739107, -0.002618336584419012, 0.0010429397225379944, -0.0022141430526971817], [-0.00021153941634111106, 0.0010794110130518675, -0.0006675597978755832, 0.0010352396639063954, -0.0009256399353034794, -0.0010399366728961468, -0.0008743829093873501, 0.0003074270789511502, -0.0012678310740739107, 0.00931493379175663, -0.00039235915755853057, 0.0002340094797546044, 0.00017784144438337535], [0.0002866047725547105, -0.002148800529539585, 0.0008539606351405382, -0.0017348889959976077, 0.0011386519763618708, -0.002112611662596464, 0.0007789228693582118, 0.001957202795892954, -0.002618336584419012, -0.00039235915755853057, 0.01268613338470459, -0.005278956610709429, 0.00021125715284142643], [0.00019575677288230509, 0.002723993267863989, -0.0018052419181913137, 0.0020866235718131065, 0.0016486789099872112, 0.0014758006436750293, -0.002488428493961692, -0.0018611246487125754, 0.0010429397225379944, 0.0002340094797546044, -0.005278956610709429, 0.01956278830766678, 0.0009256947669200599], [-0.00015093217371031642, -0.00019284032168798149, 0.0005233889096416533, 0.0003874280955642462, 0.0013793359976261854, 0.0026394601445645094, -0.0006789448671042919, 0.0004575906496029347, -0.0022141430526971817, 0.00017784144438337535, 0.00021125715284142643, 0.0009256947669200599, 0.014975111931562424]], "lowlevel.mfcc.cov": [[20482.8203125, -6376.49951171875, -2556.478515625, 2048.6513671875, -57.130470275878906, -954.4987182617188, -31.523109436035156, -130.9763641357422, 724.5587768554688, 143.95050048828125, -948.698974609375, -455.6431884765625, -448.76739501953125], [-6376.49951171875, 5705.84326171875, 827.3046875, -1646.99755859375, -215.69061279296875, 434.6256408691406, 173.629150390625, -93.71903228759766, -322.4369201660156, -72.97628021240234, 560.65380859375, 124.07325744628906, 80.16897583007812], [-2556.478515625, 827.3046875, 724.3619384765625, -174.7783203125, -8.488120079040527, 148.15806579589844, 23.613628387451172, 52.75680160522461, -116.59649658203125, -13.765153884887695, 103.84767150878906, 132.9219512939453, 99.54512023925781], [2048.6513671875, -1646.99755859375, -174.7783203125, 807.3076782226562, 164.95431518554688, -171.48997497558594, -23.20456886291504, 29.252439498901367, 132.38864135742188, 5.675265312194824, -189.6425018310547, 12.47049331665039, -14.619256019592285], [-57.130470275878906, -215.69061279296875, -8.488120079040527, 164.95431518554688, 289.86865234375, -48.898101806640625, -28.648344039916992, -8.292540550231934, 26.43641471862793, 22.82683563232422, -46.23046112060547, 14.729315757751465, 17.42218017578125], [-954.4987182617188, 434.6256408691406, 148.15806579589844, -171.48997497558594, -48.898101806640625, 229.99542236328125, 63.450923919677734, 7.968140125274658, -50.590694427490234, 13.887859344482422, 112.37812805175781, 23.36090087890625, 27.663232803344727], [-31.523109436035156, 173.629150390625, 23.613628387451172, -23.20456886291504, -28.648344039916992, 63.450923919677734, 179.36795043945312, 37.91666030883789, -9.49438190460205, -17.163393020629883, 52.201175689697266, 18.68033218383789, -0.44348591566085815], [-130.9763641357422, -93.71903228759766, 52.75680160522461, 29.252439498901367, -8.292540550231934, 7.968140125274658, 37.91666030883789, 142.02247619628906, -8.60303783416748, -5.0714921951293945, 13.9412260055542, 37.365970611572266, 19.978185653686523], [724.5587768554688, -322.4369201660156, -116.59649658203125, 132.38864135742188, 26.43641471862793, -50.590694427490234, -9.49438190460205, -8.60303783416748, 163.4604034423828, 26.21274757385254, -50.411842346191406, -3.222844123840332, -9.869447708129883], [143.95050048828125, -72.97628021240234, -13.765153884887695, 5.675265312194824, 22.82683563232422, 13.887859344482422, -17.163393020629883, -5.0714921951293945, 26.21274757385254, 88.78551483154297, 15.592401504516602, 5.402694225311279, 6.401089191436768], [-948.698974609375, 560.65380859375, 103.84767150878906, -189.6425018310547, -46.23046112060547, 112.37812805175781, 52.201175689697266, 13.9412260055542, -50.411842346191406, 15.592401504516602, 191.47378540039062, 41.22947311401367, 20.08465576171875], [-455.6431884765625, 124.07325744628906, 132.9219512939453, 12.47049331665039, 14.729315757751465, 23.36090087890625, 18.68033218383789, 37.365970611572266, -3.222844123840332, 5.402694225311279, 41.22947311401367, 112.1904525756836, 27.91832733154297], [-448.76739501953125, 80.16897583007812, 99.54512023925781, -14.619256019592285, 17.42218017578125, 27.663232803344727, -0.44348591566085815, 19.978185653686523, -9.869447708129883, 6.401089191436768, 20.08465576171875, 27.91832733154297, 80.90902709960938]], "lowlevel.mfcc.icov": [[0.00014835661568213254, 3.0669179977849126e-05, 0.0003364206640981138, -0.00018071099475491792, 0.00023923763365019113, 0.00015751863247714937, -0.00022368942154571414, 6.528700760100037e-05, -5.578271156991832e-05, -0.0003255475021433085, 0.0002988101914525032, 4.226651981298346e-06, 0.00016651758051011711], [3.0669179977849126e-05, 0.0006199907511472702, -0.0003190702700521797, 0.0010817786678671837, -0.0002547637850511819, 0.00024152686819434166, -0.0004148909356445074, 0.000531079072970897, -0.00014687576913274825, 0.0004695916722994298, -0.0005814803298562765, -0.0002833360340446234, 0.0001697306870482862], [0.0003364206640981138, -0.0003190702700521797, 0.0034850866068154573, -0.000871631724294275, 0.0006770666805095971, -0.0007755307015031576, 3.557305899448693e-05, -0.0002321704669157043, 0.0011284960201010108, -0.0006163462530821562, 0.0014663701876997948, -0.0022780578583478928, -0.001477820798754692], [-0.00018071099475491792, 0.0010817786678671837, -0.000871631724294275, 0.004334894008934498, -0.0016121885273605585, 0.000686089915689081, -0.0007753076497465372, 0.00040698255179449916, -0.0009742904221639037, 0.001315820263698697, 3.2522730180062354e-05, -0.0014335602754727006, 5.292478817864321e-05], [0.00023923763365019113, -0.0002547637850511819, 0.0006770666805095971, -0.0016121885273605585, 0.004726332146674395, 0.0005875559290871024, -7.876177733123768e-06, 0.00043035607086494565, 0.000250283075729385, -0.0018606528174132109, 0.0011176960542798042, -0.00035789611865766346, -0.0008460827521048486], [0.00015751863247714937, 0.00024152686819434166, -0.0007755307015031576, 0.000686089915689081, 0.0005875559290871024, 0.007689744234085083, -0.0022990014404058456, 0.0007533503812737763, 0.00031629003933630884, -0.001626133336685598, -0.002518701134249568, 0.0008681172039359808, -0.0007488862029276788], [-0.00022368942154571414, -0.0004148909356445074, 3.557305899448693e-05, -0.0007753076497465372, -7.876177733123768e-06, -0.0022990014404058456, 0.007759068626910448, -0.0020945551805198193, -0.0003482924366835505, 0.0021696018520742655, -0.001582873403094709, -0.00019753968808799982, 0.0005809484282508492], [6.528700760100037e-05, 0.000531079072970897, -0.0002321704669157043, 0.00040698255179449916, 0.00043035607086494565, 0.0007533503812737763, -0.0020945551805198193, 0.008912679739296436, 0.00048589700600132346, 0.0003110904654022306, -0.0003410224453546107, -0.0024522363673895597, -0.0014018981019034982], [-5.578271156991832e-05, -0.00014687576913274825, 0.0011284960201010108, -0.0009742904221639037, 0.000250283075729385, 0.00031629003933630884, -0.0003482924366835505, 0.00048589700600132346, 0.008487477898597717, -0.0025537400506436825, 0.001332808518782258, -0.0014694267883896828, -0.0005987189360894263], [-0.0003255475021433085, 0.0004695916722994298, -0.0006163462530821562, 0.001315820263698697, -0.0018606528174132109, -0.001626133336685598, 0.0021696018520742655, 0.0003110904654022306, -0.0025537400506436825, 0.014564021490514278, -0.0031060255132615566, -0.0005524495500139892, -0.0008852657629176974], [0.0002988101914525032, -0.0005814803298562765, 0.0014663701876997948, 3.2522730180062354e-05, 0.0011176960542798042, -0.002518701134249568, -0.001582873403094709, -0.0003410224453546107, 0.001332808518782258, -0.0031060255132615566, 0.01111228670924902, -0.002977682976052165, -0.00019140429503750056], [4.226651981298346e-06, -0.0002833360340446234, -0.0022780578583478928, -0.0014335602754727006, -0.00035789611865766346, 0.0008681172039359808, -0.00019753968808799982, -0.0024522363673895597, -0.0014694267883896828, -0.0005524495500139892, -0.002977682976052165, 0.014157871715724468, -0.0010490422137081623], [0.00016651758051011711, 0.0001697306870482862, -0.001477820798754692, 5.292478817864321e-05, -0.0008460827521048486, -0.0007488862029276788, 0.0005809484282508492, -0.0014018981019034982