{"song_id": "1182271141142872074", "download": "https://cdn.discordapp.com/attachments/1135903449314238464/1182271141142872074/chirp.mp4?ex=658416cd&amp", "lyrics": "[Verse]\n\u041a\u0440\u0438\u043d\u0436 \u041f\u0430\u0443\u043a \u041a\u0440\u0438\u043d\u0436 \u041f\u0430\u0443\u043a\n\u041e\u043d \u0432 \u0447\u0435\u0442\u0432\u0435\u0440\u0433 \u0437\u0430\u043a\u0440\u0430\u043b\u0441\u044f \u0432\u0434\u0440\u0443\u0433(\u0432\u0434\u0440\u0443\u0433)\n\u0412 \u043f\u044f\u0442\u043d\u0438\u0446\u0443, \u0442\u0432\u043e\u044e \u0436 \u043c\u0430\u0442\u044c\n\u0418 \u0432 \u0441\u0443\u0431\u0431\u043e\u0442\u0443 \u0421\u0443\u043a\u0430 \u0431\u043b\u044f\u0434\u044c (\u0411\u041b\u042f\u0414\u042c)\n(\u0414\u0440\u044f\u0445\u043b\u0430\u044f \u0442\u0451\u0442\u044f)\n\n[Chorus]\n\u041a\u0440\u0438\u043d\u0436 \u043f\u0430\u0443\u043a \u043a\u0440\u0438\u043d\u0436 \u041f\u0430\u0443\u043a\n\u041e\u0442 \u043f\u0440\u043e\u0441\u043c\u043e\u0442\u0440\u0430 \u043c\u043d\u043e\u0433\u043e \u043c\u0443\u043a (\u043c\u0443\u043a)\n\u0421\u0443\u0438\u0446\u0438\u0434\u043d\u0438\u043a \u0441\u0443\u043a\u0430 \u0431\u043b\u044f\u0434\u044c\n\u041d\u0443 \u0436\u0435 \u0441\u0434\u043e\u0445\u043d\u0438 \u0442\u0432\u043e\u044e \u043c\u0430\u0442\u044c (\u043c\u0430\u0442\u044c)\n(\u041a\u0430\u043a \u0436\u0435 \u0438\u0441\u043f\u0430\u043d\u0441\u043a\u0438\u0439 \u0441\u0442\u044b\u0434 \u043e\u0442 \u043d\u0435\u0433\u043e)", "style": ["opening</span><span>, pop</span><span>, epic</span><span>, funny</span><span>, russian"], "essentia_features": {"lowlevel.average_loudness": 0.980536699295044, "lowlevel.barkbands_crest.mean": 9.062516212463379, "lowlevel.barkbands_crest.stdev": 3.6214277744293213, "lowlevel.barkbands_flatness_db.mean": 0.12843771278858185, "lowlevel.barkbands_flatness_db.stdev": 0.06495361775159836, "lowlevel.barkbands_kurtosis.mean": 4.868449687957764, "lowlevel.barkbands_kurtosis.stdev": 8.072127342224121, "lowlevel.barkbands_skewness.mean": 1.3641822338104248, "lowlevel.barkbands_skewness.stdev": 1.7072815895080566, "lowlevel.barkbands_spread.mean": 42.290348052978516, "lowlevel.barkbands_spread.stdev": 33.864784240722656, "lowlevel.dissonance.mean": 0.4603899419307709, "lowlevel.dissonance.stdev": 0.037087053060531616, "lowlevel.dynamic_complexity": 2.2929515838623047, "lowlevel.erbbands_crest.mean": 6.713322162628174, "lowlevel.erbbands_crest.stdev": 4.049526691436768, "lowlevel.erbbands_flatness_db.mean": 0.11565259844064713, "lowlevel.erbbands_flatness_db.stdev": 0.06282076984643936, "lowlevel.erbbands_kurtosis.mean": 0.688194751739502, "lowlevel.erbbands_kurtosis.stdev": 3.394300937652588, "lowlevel.erbbands_skewness.mean": -0.08545146137475967, "lowlevel.erbbands_skewness.stdev": 1.0548285245895386, "lowlevel.erbbands_spread.mean": 61.90789794921875, "lowlevel.erbbands_spread.stdev": 33.32841491699219, "lowlevel.hfc.mean": 81.86341094970703, "lowlevel.hfc.stdev": 118.47158813476562, "lowlevel.loudness_ebu128.integrated": -17.840757369995117, "lowlevel.loudness_ebu128.loudness_range": 1.6028118133544922, "lowlevel.loudness_ebu128.momentary.mean": -17.94403076171875, "lowlevel.loudness_ebu128.momentary.stdev": 0.9635090231895447, "lowlevel.loudness_ebu128.short_term.mean": -17.871976852416992, "lowlevel.loudness_ebu128.short_term.stdev": 0.6091051697731018, "lowlevel.melbands_crest.mean": 13.835378646850586, "lowlevel.melbands_crest.stdev": 4.210373401641846, "lowlevel.melbands_flatness_db.mean": 0.19692043960094452, "lowlevel.melbands_flatness_db.stdev": 0.08361552655696869, "lowlevel.melbands_kurtosis.mean": 21.636672973632812, "lowlevel.melbands_kurtosis.stdev": 21.533369064331055, "lowlevel.melbands_skewness.mean": 3.5915396213531494, "lowlevel.melbands_skewness.stdev": 1.9877443313598633, "lowlevel.melbands_spread.mean": 36.03711700439453, "lowlevel.melbands_spread.stdev": 48.406593322753906, "lowlevel.pitch_salience.mean": 0.5764988660812378, "lowlevel.pitch_salience.stdev": 0.10238298028707504, "lowlevel.silence_rate_20dB.mean": 1.0, "lowlevel.silence_rate_20dB.stdev": 0.0, "lowlevel.silence_rate_30dB.mean": 0.9206257462501526, "lowlevel.silence_rate_30dB.stdev": 0.27032360434532166, "lowlevel.silence_rate_60dB.mean": 0.06373117119073868, "lowlevel.silence_rate_60dB.stdev": 0.2442699521780014, "lowlevel.spectral_centroid.mean": 1676.62109375, "lowlevel.spectral_centroid.stdev": 1218.902099609375, "lowlevel.spectral_complexity.mean": 19.444379806518555, "lowlevel.spectral_complexity.stdev": 11.106258392333984, "lowlevel.spectral_decrease.mean": -1.090951862181555e-08, "lowlevel.spectral_decrease.stdev": 1.0742578382405554e-08, "lowlevel.spectral_energy.mean": 0.04860028252005577, "lowlevel.spectral_energy.stdev": 0.04284306615591049, "lowlevel.spectral_energyband_high.mean": 0.00704868184402585, "lowlevel.spectral_energyband_high.stdev": 0.011382725089788437, "lowlevel.spectral_energyband_low.mean": 0.026258613914251328, "lowlevel.spectral_energyband_low.stdev": 0.0365714356303215, "lowlevel.spectral_energyband_middle_high.mean": 0.003315903479233384, "lowlevel.spectral_energyband_middle_high.stdev": 0.0038568065501749516, "lowlevel.spectral_energyband_middle_low.mean": 0.01396047044545412, "lowlevel.spectral_energyband_middle_low.stdev": 0.01206984557211399, "lowlevel.spectral_entropy.mean": 7.92561149597168, "lowlevel.spectral_entropy.stdev": 0.6330307126045227, "lowlevel.spectral_flux.mean": 0.12042424827814102, "lowlevel.spectral_flux.stdev": 0.0818275734782219, "lowlevel.spectral_kurtosis.mean": 2.901980400085449, "lowlevel.spectral_kurtosis.stdev": 4.353845119476318, "lowlevel.spectral_rms.mean": 0.006264230702072382, "lowlevel.spectral_rms.stdev": 0.0028590804431587458, "lowlevel.spectral_rolloff.mean": 4415.0302734375, "lowlevel.spectral_rolloff.stdev": 4959.984375, "lowlevel.spectral_skewness.mean": 1.278951644897461, "lowlevel.spectral_skewness.stdev": 0.6357095837593079, "lowlevel.spectral_spread.mean": 7644817.0, "lowlevel.spectral_spread.stdev": 3522859.5, "lowlevel.spectral_strongpeak.mean": 0.6755065321922302, "lowlevel.spectral_strongpeak.stdev": 0.9391646981239319, "lowlevel.zerocrossingrate.mean": 0.14739614725112915, "lowlevel.zerocrossingrate.stdev": 0.11966856569051743, "metadata.audio_properties.analysis.equal_loudness": 0.0, "metadata.audio_properties.analysis.length": 40.04265213012695, "metadata.audio_properties.analysis.sample_rate": 44100.0, "metadata.audio_properties.analysis.start_time": 0.0, "metadata.audio_properties.bit_rate": 127396.0, "metadata.audio_properties.length": 40.042667388916016, "metadata.audio_properties.lossless": 0.0, "metadata.audio_properties.number_channels": 1.0, "metadata.audio_properties.replay_gain": -6.690345764160156, "metadata.audio_properties.sample_rate": 48000.0, "rhythm.beats_count": 86.0, "rhythm.beats_loudness.mean": 0.06053939461708069, "rhythm.beats_loudness.stdev": 0.011508915573358536, "rhythm.bpm": 129.99742126464844, "rhythm.bpm_histogram_first_peak_bpm": 129.0, "rhythm.bpm_histogram_first_peak_weight": 0.24096381664276123, "rhythm.bpm_histogram_second_peak_bpm": 140.0, "rhythm.bpm_histogram_second_peak_spread": 0.5, "rhythm.bpm_histogram_second_peak_weight": 0.0117647061124444, "rhythm.danceability": 1.9770504236221313, "rhythm.onset_rate": 4.568784236907959, "tonal.chords_changes_rate": 0.06365741044282913, "tonal.chords_number_rate": 0.0069444444961845875, "tonal.chords_strength.mean": 0.49240562319755554, "tonal.chords_strength.stdev": 0.11508776992559433, "tonal.hpcp_crest.mean": 17.457679748535156, "tonal.hpcp_crest.stdev": 8.7699556350708, "tonal.hpcp_entropy.mean": 1.6317213773727417, "tonal.hpcp_entropy.stdev": 0.9047820568084717, "tonal.key_edma.strength": 0.8044225573539734, "tonal.key_krumhansl.strength": 0.7913563251495361, "tonal.key_temperley.strength": 0.7671098113059998, "tonal.tuning_diatonic_strength": 0.4571487009525299, "tonal.tuning_equal_tempered_deviation": 0.042785342782735825, "tonal.tuning_frequency": 439.2381896972656, "tonal.tuning_nontempered_energy_ratio": 0.6495398283004761, "lowlevel.barkbands.mean": [0.0003927709476556629, 0.014323188923299313, 0.009663903154432774, 0.0033078535925596952, 0.004106414970010519, 0.0019717279355973005, 0.0019140744116157293, 0.0015010840725153685, 0.0009323711274191737, 0.0004689717898145318, 0.0005779792554676533, 0.00037718084058724344, 0.0004033542063552886, 0.0002998419222421944, 0.00023834299645386636, 0.00022821460152044892, 0.00023427914129570127, 0.00015373762289527804, 0.0002528102486394346, 0.00039253346039913595, 0.00036873394856229424, 0.0007482747896574438, 0.0008734747534617782, 0.0011365762911736965, 0.0016220693942159414, 0.002002282300963998, 0.00010825313802342862], "lowlevel.barkbands.stdev": [0.0006868391064926982, 0.025964442640542984, 0.012205086648464203, 0.0030278244521468878, 0.0036389767192304134, 0.004824877716600895, 0.005173088051378727, 0.004799159709364176, 0.0022477200254797935, 0.0011639120057225227, 0.0015563085908070207, 0.0012564865173771977, 0.0010907044634222984, 0.0006121420883573592, 0.0006173747242428362, 0.0006071057287044823, 0.00036737637128680944, 0.00023914419580250978, 0.00038336170837283134, 0.0005160795990377665, 0.0006064779590815306, 0.001492131152190268, 0.0015788055025041103, 0.0020243448670953512, 0.0031934017315506935, 0.003880369244143367, 0.00020316476002335548], "lowlevel.erbbands.mean": [0.3312113881111145, 3.5108580589294434, 10.055731773376465, 12.710732460021973, 9.750052452087402, 16.103389739990234, 12.966194152832031, 18.935665130615234, 28.07476043701172, 34.14315414428711, 26.798864364624023, 21.448930740356445, 17.78152084350586, 13.363899230957031, 26.63326644897461, 15.202657699584961, 17.75408172607422, 17.563983917236328, 13.0333833694458, 11.737852096557617, 13.964868545532227, 13.117361068725586, 8.851103782653809, 10.598379135131836, 15.318265914916992, 18.383216857910156, 14.924196243286133, 16.07713508605957, 26.382741928100586, 28.602176666259766, 22.85877227783203, 21.464086532592773, 20.812692642211914, 17.802021026611328, 11.045957565307617, 8.09062385559082, 3.7175979614257812, 0.6906841397285461, 0.014149877242743969, 0.00048721462371759117], "lowlevel.erbbands.stdev": [0.5037654638290405, 6.8573408126831055, 15.703401565551758, 12.092077255249023, 8.732329368591309, 16.677183151245117, 18.440778732299805, 50.34063720703125, 73.14360809326172, 88.9916000366211, 95.12769317626953, 52.07224655151367, 36.218894958496094, 28.27125358581543, 74.45214080810547, 41.498207092285156, 43.117897033691406, 35.49973678588867, 30.02350425720215, 32.445533752441406, 37.79112243652344, 20.1398868560791, 13.198914527893066, 15.555663108825684, 23.352697372436523, 23.98061752319336, 22.2569522857666, 28.13530158996582, 54.7711181640625, 55.215152740478516, 40.173526763916016, 38.58079147338867, 38.496253967285156, 35.56232833862305, 22.336660385131836, 16.96633529663086, 6.965923309326172, 1.2490158081054688, 0.024634093046188354, 0.0007822535699233413], "lowlevel.gfcc.mean": [31.53316307067871, 53.86408233642578, -72.07749938964844, 32.989498138427734, -57.92477798461914, 21.115772247314453, -32.92111587524414, 7.5590739250183105, -26.41942596435547, 6.667947292327881, -19.049592971801758, 3.5970675945281982, -16.639875411987305], "lowlevel.melbands.mean": [0.0035473809111863375, 0.005100262351334095, 0.002125712111592293, 0.0008608548087067902, 0.0005746413953602314, 0.0004255709354765713, 0.00042314440361224115, 0.0003719533560797572, 0.00020765638328157365, 0.00012824525765608996, 8.572153456043452e-05, 4.982548125553876e-05, 8.33839294500649e-05, 5.535292802960612e-05, 3.4885593777289614e-05, 3.870564614771865e-05, 3.234896939829923e-05, 2.1269610442686826e-05, 1.6402262190240435e-05, 1.504431293142261e-05, 1.6604655684204772e-05, 1.452438209526008e-05, 9.298348231823184e-06, 7.121355793060502e-06, 8.555027307011187e-06, 9.797573511605151e-06, 1.353240804746747e-05, 1.1743201866920572e-05, 9.477884304942563e-06, 8.525819794158451e-06, 9.345180842501577e-06, 1.4776830539631192e-05, 1.530942608951591e-05, 1.651102320465725e-05, 1.294554749620147e-05, 1.2428687114152126e-05, 1.3754184692515992e-05, 1.390476154483622e-05, 1.6558868082938716e-05, 1.4418955288419966e-05], "lowlevel.melbands.stdev": [0.005866152234375477, 0.008240992203354836, 0.0018736072815954685, 0.0007421525660902262, 0.0006666876724921167, 0.0010824782075360417, 0.0010823918273672462, 0.0009918758878484368, 0.0007224515429697931, 0.0003183250082656741, 0.0001827804953791201, 0.00012226204853504896, 0.00022776062542106956, 0.00018181079940404743, 0.00011018382792826742, 0.00010641692642820999, 6.572683923877776e-05, 5.239179154159501e-05, 4.2677678720792755e-05, 4.084180181962438e-05, 4.303141759010032e-05, 2.4142333131749183e-05, 1.3944075362815056e-05, 1.1145024473080412e-05, 1.3083147678116802e-05, 1.666328898863867e-05, 1.9622853869805112e-05, 1.6154477634700015e-05, 1.4660154192824848e-05, 1.5219511624309234e-05, 1.693352169240825e-05, 3.1591796869179234e-05, 3.146714880131185e-05, 3.310334068373777e-05, 2.3894881451269612e-05, 2.221079012088012e-05, 2.5882935005938634e-05, 2.609155490063131e-05, 3.261528036091477e-05, 2.9770621040370315e-05], "lowlevel.melbands128.mean": [0.0003422437875997275, 0.0021163527853786945, 0.00504017248749733, 0.006033068057149649, 0.005208756774663925, 0.004837825894355774, 0.0026974498759955168, 0.0014947401359677315, 0.0008633040124550462, 0.0006784468423575163, 0.000977044110186398, 0.0009551807888783514, 0.00034145027166232467, 0.00029606185853481293, 0.0003758481761906296, 0.0005570226348936558, 0.0005136029212735593, 0.0003832884831354022, 0.0003251031448598951, 0.0004217508540023118, 0.00039065812597982585, 0.00022447195078711957, 0.0001888089464046061, 0.0001815112482290715, 0.00014572324289474636, 9.753667836776003e-05, 0.00010871286212932318, 9.937393042491749e-05, 4.737854760605842e-05, 5.439245796878822e-05, 4.309737414587289e-05, 5.4967644246062264e-05, 8.598648855695501e-05, 0.00011861787788802758, 5.995899118715897e-05, 4.264996823621914e-05, 2.9483899197657593e-05, 3.0057963158469647e-05, 4.4329932279651985e-05, 3.819959601969458e-05, 4.120195080759004e-05, 3.35721779265441e-05, 3.15873148792889e-05, 3.4731794585241005e-05, 2.1021389329689555e-05, 2.088540350086987e-05, 1.81421019078698e-05, 1.593932756804861e-05, 1.6335608961526304e-05, 1.558052099426277e-05, 1.3282578038342763e-05, 1.637696914258413e-05, 1.7297081285505556e-05, 1.6648953533149324e-05, 1.5327292203437537e-05, 1.603681994311046e-05, 1.1589538189582527e-05, 1.0789925909193698e-05, 8.118507139442954e-06, 7.399846253974829e-06, 6.561809641425498e-06, 7.223039119708119e-06, 8.270441867352929e-06, 9.102523108595051e-06, 8.624573638371658e-06, 9.878257515083533e-06, 9.857819350145292e-06, 1.2133808922953904e-05, 1.5441088180523366e-05, 1.461330884922063e-05, 1.063006857293658e-05, 1.1777254258049652e-05, 9.59023782343138e-06, 9.574677278578747e-06, 8.375931429327466e-06, 7.948883649078198e-06, 9.418718036613427e-06, 8.175634320650715e-06, 8.891491233953275e-06, 9.845857675827574e-06, 1.543729376862757e-05, 1.6980633517960086e-05, 1.4283060409070458e-05, 1.5414110748679377e-05, 1.554001573822461e-05, 1.6193052942981012e-05, 1.7429561921744607e-05, 1.5984473066055216e-05, 1.1140779861307237e-05, 1.2025829164485913e-05, 1.3936172763351351e-05, 1.1874621122842655e-05, 1.081703794625355e-05, 1.4862347597954795e-05, 1.3829701856593601e-05, 1.6033493011491373e-05, 1.2084164154657628e-05, 1.3634546121465974e-05, 1.731622796796728e-05, 1.9058858015341684e-05, 1.4287172234617174e-05, 1.5545143469353206e-05, 1.0918231964751612e-05, 1.2138992133259308e-05, 9.687648343970068e-06, 1.3943755220680032e-05, 1.567504477861803e-05, 1.3128205864632037e-05, 1.5126379366847686e-05, 1.3073627087578643e-05, 1.5114494090084918e-05, 1.2791242625098675e-05, 1.1947339771722909e-05, 1.0738300261436962e-05, 9.661024705565069e-06, 9.044635589816608e-06, 4.519504273048369e-06, 3.219140296550904e-07, 2.4667246023568623e-09, 7.71772229457568e-11, 2.2072401198447444e-11, 1.019298447729744e-11, 6.67287622727053e-12, 6.3269810397781345e-12, 5.992513343183736e-12, 5.636292647881458e-12, 5.4240470621913506e-12, 5.341114269613589e-12], "lowlevel.melbands128.stdev": [0.0006188612314872444, 0.003376882988959551, 0.008640719577670097, 0.013148926198482513, 0.010252758860588074, 0.005408774130046368, 0.0027766870334744453, 0.0014205439947545528, 0.0009232800221070647, 0.000890584196895361, 0.0012049357173964381, 0.0011670722160488367, 0.0007126029813662171, 0.0008637141436338425, 0.0011815625475719571, 0.0018967323703691363, 0.0015201941132545471, 0.001411282573826611, 0.001330881379544735, 0.0013092095032334328, 0.0012903005117550492, 0.001234136987477541, 0.0009182447101920843, 0.0006254427717067301, 0.00040830267244018614, 0.0004382031911518425, 0.0002613980323076248, 0.0002447059960104525, 0.00021050481882411987, 0.00021741005184594542, 8.656107820570469e-05, 0.00011902513506356627, 0.0002926319430116564, 0.00042495608795434237, 0.00026191063807345927, 0.00022365603945218027, 7.438124157488346e-05, 0.00015983986668288708, 0.0001402793568558991, 0.00013481407950166613, 0.00015870004426687956, 0.00014144448505248874, 6.655232573393732e-05, 7.719810673734173e-05, 6.195606692926958e-05, 8.138845441862941e-05, 4.3209351133555174e-05, 4.886305396212265e-05, 7.584894046885893e-05, 5.0771319365594536e-05, 2.5997891498263925e-05, 6.403008592315018e-05, 7.590425957459956e-05, 3.2663490856066346e-05, 3.733400080818683e-05, 3.1915853469399735e-05, 1.855119626270607e-05, 1.968731521628797e-05, 1.5489504221477546e-05, 1.6046662494773045e-05, 1.1314684343233239e-05, 1.4401478438230697e-05, 1.559759766678326e-05, 1.4779247067053802e-05, 1.5327255823649466e-05, 1.9227976736146957e-05, 2.171447704313323e-05, 2.2276308300206438e-05, 2.674531060620211e-05, 2.17004580918001e-05, 1.6025387594709173e-05, 2.193247746617999e-05, 1.611028528714087e-05, 1.762111969583202e-05, 1.3657017916557379e-05, 1.603982127562631e-05, 2.047985435638111e-05, 1.613840868230909e-05, 1.765488923410885e-05, 2.0575815142365173e-05, 3.613592343754135e-05, 4.125554914935492e-05, 3.473078686511144e-05, 3.430063952691853e-05, 3.3296022593276575e-05, 3.462145468802191e-05, 3.9225644286489114e-05, 3.687321441248059e-05, 2.125152968801558e-05, 2.311042590008583e-05, 2.7083742679678835e-05, 2.3939675884321332e-05, 2.1001915229135193e-05, 3.3774678740883246e-05, 2.768192825897131e-05, 3.2037605706136674e-05, 2.6008248823927715e-05, 3.087399818468839e-05, 3.445249603828415e-05, 4.0403843740932643e-05, 3.671029844554141e-05, 3.367244789842516e-05, 2.5163122700178064e-05, 2.757231231953483e-05, 2.197517460444942e-05, 3.302180630271323e-05, 3.582089630072005e-05, 3.0792696634307504e-05, 3.5368266253499314e-05, 3.0261577194323763e-05, 3.581717101042159e-05, 2.625809247547295e-05, 2.2962462026043795e-05, 2.0006607883260585e-05, 1.9854789570672438e-05, 1.81026516656857e-05, 8.328429430548567e-06, 8.202546268876176e-07, 5.433515681829704e-08, 1.541459959675251e-09, 2.9217950281434923e-10, 7.714694855165405e-11, 1.0701231567544767e-11, 1.0213969427186331e-11, 9.859555012703414e-12, 9.60625502754997e-12, 9.433422792914925e-12, 9.331689934666265e-12], "lowlevel.mfcc.mean": [-627.0151977539062, 94.99000549316406, 35.50376892089844, 20.97658920288086, 4.500771522521973, 13.041999816894531, 4.610846996307373, 3.9763169288635254, -0.3387746512889862, 1.8354535102844238, -0.5754023790359497, 0.1050964742898941, 2.892263889312744], "lowlevel.spectral_contrast_coeffs.mean": [-0.7048945426940918, -0.7392412424087524, -0.7877025604248047, -0.816742479801178, -0.8056410551071167, -0.7518718838691711], "lowlevel.spectral_contrast_coeffs.stdev": [0.06887809932231903, 0.08035919815301895, 0.057311397045850754, 0.04507915675640106, 0.03522871807217598, 0.048116475343704224], "lowlevel.spectral_contrast_valleys.mean": [-6.413231372833252, -6.876106262207031, -7.404458522796631, -7.706246376037598, -7.500009059906006, -9.609833717346191], "lowlevel.spectral_contrast_valleys.stdev": [1.2870776653289795, 1.0064209699630737, 0.9317838549613953, 0.9657008051872253, 0.9889315366744995, 1.5510303974151611], "rhythm.beats_loudness_band_ratio.mean": [0.38822948932647705, 0.08835197240114212, 0.05018254742026329, 0.02363094873726368, 0.016130933538079262, 0.44877949357032776], "rhythm.beats_loudness_band_ratio.stdev": [0.08812277764081955, 0.052092574536800385, 0.04387819766998291, 0.02933642268180847, 0.013066166080534458, 0.09232744574546814], "tonal.hpcp.mean": [0.19279657304286957, 0.10838214308023453, 0.04552426189184189, 0.03685488924384117, 0.037470608949661255, 0.09900108724832535, 0.18315887451171875, 0.13979890942573547, 0.24612954258918762, 0.4136045277118683, 0.22770105302333832, 0.04925663396716118, 0.04313613846898079, 0.04738304391503334, 0.05009647086262703, 0.045063480734825134, 0.04263748601078987, 0.045355524867773056, 0.05089675635099411, 0.05470221862196922, 0.123679019510746, 0.20186665654182434, 0.15739214420318604, 0.17641569674015045, 0.22716619074344635, 0.13595271110534668, 0.06280685216188431, 0.053970079869031906, 0.04472456872463226, 0.06631074845790863, 0.09602700918912888, 0.07168029248714447, 0.05102935805916786, 0.05402250215411186, 0.05662427842617035, 0.13937589526176453], "tonal.hpcp.stdev": [0.3578525483608246, 0.21151766180992126, 0.15026210248470306, 0.12412241846323013, 0.1405404955148697, 0.19958436489105225, 0.33786213397979736, 0.24625103175640106, 0.28076836466789246, 0.4460115432739258, 0.26032766699790955, 0.14623883366584778, 0.12790246307849884, 0.15205544233322144, 0.15382875502109528, 0.1349552422761917, 0.1399500072002411, 0.12770509719848633, 0.14929267764091492, 0.1555536538362503, 0.20098009705543518, 0.2770214080810547, 0.2344421148300171, 0.2703911364078522, 0.359843909740448, 0.24105897545814514, 0.16281741857528687, 0.13763314485549927, 0.12177370488643646, 0.13472844660282135, 0.16188213229179382, 0.13554313778877258, 0.14164477586746216, 0.1452084332704544, 0.15776029229164124, 0.2508715093135834], "rhythm.beats_position": [0.3831292390823364, 0.8010883927345276, 1.2306575775146484, 1.695056676864624, 2.1594557762145996, 2.6122448444366455, 3.0650339126586914, 3.529433012008667, 3.9938321113586426, 4.458230972290039, 4.922630310058594, 5.38702917098999, 5.851428508758545, 6.304217338562012, 6.757006645202637, 7.221405982971191, 7.685804843902588, 8.150203704833984, 8.614603042602539, 9.079002380371094, 9.543400764465332, 10.007800102233887, 10.460589408874512, 10.913378715515137, 11.377777099609375, 11.84217643737793, 12.306575775146484, 12.770975112915039, 13.235373497009277, 13.688162803649902, 14.140952110290527, 14.605351448059082, 15.06974983215332, 15.534149169921875, 15.99854850769043, 16.462947845458984, 16.91573715209961, 17.368526458740234, 17.832923889160156, 18.29732322692871, 18.761722564697266, 19.22612190246582, 19.690521240234375, 20.15492057800293, 20.619319915771484, 21.07210922241211, 21.5248966217041, 21.989295959472656, 22.45369529724121, 22.918094635009766, 23.38249397277832, 23.846893310546875, 24.31129264831543, 24.764081954956055, 25.216869354248047, 25.6812686920166, 26.145668029785156, 26.61006736755371, 27.074466705322266, 27.53886604309082, 28.003265380859375, 28.4560546875, 28.908842086791992, 29.373241424560547, 29.8376407623291, 30.302040100097656, 30.76643943786621, 31.230838775634766, 31.68362808227539, 32.136417388916016, 32.60081481933594, 33.065216064453125, 33.52961349487305, 33.994014739990234, 34.458412170410156, 34.92280960083008, 35.387210845947266, 35.85160827636719, 36.30439758300781, 36.75718688964844, 37.221588134765625, 37.68598556518555, 38.15038299560547, 38.614784240722656, 39.07918167114258, 39.543582916259766], "rhythm.bpm_histogram": [0.0, 0.0, 0.0, 0.0, 0.0, 0.0, 0.0, 0.0, 0.0, 0.0, 0.0, 0.0, 0.0, 0.0, 0.0, 0.0, 0.0, 0.0, 0.0, 0.0, 0.0, 0.0, 0.0, 0.0, 0.0, 0.0, 0.0, 0.0, 0.0, 0.0, 0.0, 0.0, 0.0, 0.0, 0.0, 0.0, 0.0, 0.0, 0.0, 0.0, 0.0, 0.0, 0.0, 0.0, 0.0, 0.0, 0.0, 0.0, 0.0, 0.0, 0.0, 0.0, 0.0, 0.0, 0.0, 0.0, 0.0, 0.0, 0.0, 0.0, 0.0, 0.0, 0.0, 0.0, 0.0, 0.0, 0.0, 0.0, 0.0, 0.0, 0.0, 0.0, 0.0, 0.0, 0.0, 0.0, 0.0, 0.0, 0.0, 0.0, 0.0, 0.0, 0.0, 0.0, 0.0, 0.0, 0.0, 0.0, 0.0, 0.0, 0.0, 0.0, 0.0, 0.0, 0.0, 0.0, 0.0, 0.0, 0.0, 0.0, 0.0, 0.0, 0.0, 0.0, 0.0, 0.0, 0.0, 0.0, 0.0, 0.0, 0.0, 0.0, 0.0, 0.0, 0.0, 0.0, 0.0, 0.0, 0.0, 0.0, 0.0, 0.0, 0.0, 0.0, 0.0, 0.0, 0.0, 0.0, 0.0, 0.7411764860153198, 0.0, 0.0, 0.0, 0.23529411852359772, 0.0, 0.0, 0.0, 0.0, 0.0, 0.0, 0.0117647061124444, 0.0, 0.0, 0.0, 0.0117647061124444, 0.0, 0.0, 0.0, 0.0, 0.0, 0.0, 0.0, 0.0, 0.0, 0.0, 0.0, 0.0, 0.0, 0.0, 0.0, 0.0, 0.0, 0.0, 0.0, 0.0, 0.0, 0.0, 0.0, 0.0, 0.0, 0.0, 0.0, 0.0, 0.0, 0.0, 0.0, 0.0, 0.0, 0.0, 0.0, 0.0, 0.0, 0.0, 0.0, 0.0, 0.0, 0.0, 0.0, 0.0, 0.0, 0.0, 0.0, 0.0, 0.0, 0.0, 0.0, 0.0, 0.0, 0.0, 0.0, 0.0, 0.0, 0.0, 0.0, 0.0, 0.0, 0.0, 0.0, 0.0, 0.0, 0.0, 0.0, 0.0, 0.0, 0.0, 0.0, 0.0, 0.0, 0.0, 0.0, 0.0, 0.0, 0.0, 0.0, 0.0, 0.0, 0.0, 0.0, 0.0, 0.0, 0.0, 0.0, 0.0, 0.0, 0.0, 0.0, 0.0, 0.0, 0.0, 0.0, 0.0, 0.0, 0.0, 0.0, 0.0, 0.0, 0.0, 0.0, 0.0, 0.0], "tonal.chords_histogram": [31.481481552124023, 39.814815521240234, 19.44444465637207, 0.6944444179534912, 0.0, 0.0, 0.0, 0.0, 0.46296295523643494, 0.0, 1.1574074029922485, 0.0, 4.398148059844971, 0.0, 0.0, 0.0, 0.0, 2.5462963581085205, 0.0, 0.0, 0.0, 0.0, 0.0, 0.0], "tonal.thpcp": [1.0, 0.5505284070968628, 0.11909113824367523, 0.10429319739341736, 0.11456122994422913, 0.12112166732549667, 0.1089530661702156, 0.10308757424354553, 0.10965915769338608, 0.1230565756559372, 0.13225729763507843, 0.2990272343158722, 0.4880668520927429, 0.3805377781391144, 0.4265323281288147, 0.5492352843284607, 0.3287021815776825, 0.15185242891311646, 0.13048715889453888, 0.10813365131616592, 0.16032403707504272, 0.23217107355594635, 0.17330636084079742, 0.12337717413902283, 0.13061390817165375, 0.13690440356731415, 0.33697864413261414, 0.46613746881484985, 0.26204293966293335, 0.11006712913513184, 0.08910658955574036, 0.09059526026248932, 0.2393617033958435, 0.4428357481956482, 0.33800140023231506, 0.5950842499732971], "lowlevel.gfcc.cov": [[10207.859375, -773.7860107421875, 1237.7469482421875, 400.28045654296875, 125.98385620117188, 361.1722412109375, -416.570556640625, 370.2138671875, -393.8163757324219, 222.46881103515625, -267.5597229003906, 110.95532989501953, -337.79876708984375], [-773.7860107421875, 5724.81787109375, -1587.86474609375, -0.6163055300712585, 479.45477294921875, -444.6495056152344, 601.4480590820312, -571.5543212890625, 618.5068969726562, -542.5230712890625, 506.33489990234375, -421.44342041015625, 384.404052734375], [1237.7469482421875, -1587.86474609375, 1347.1075439453125, 9.941426277160645, -29.334484100341797, 340.43939208984375, -84.97441101074219, 277.9744567871094, -242.42189025878906, 168.3382110595703, -208.75230407714844, 170.778564453125, -187.676025390625], [400.28045654296875, -0.6163055300712585, 9.941426277160645, 383.2394714355469, 64.32113647460938, 66.63285064697266, 18.839603424072266, -23.456632614135742, 32.962181091308594, -39.030364990234375, 27.066354751586914, -15.59703254699707, 26.253559112548828], [125.98385620117188, 479.45477294921875, -29.334484100341797, 64.32113647460938, 333.8731994628906, 16.533397674560547, 55.483028411865234, -14.206368446350098, 32.1800651550293, -15.078274726867676, 18.788188934326172, -32.893653869628906, 15.743456840515137], [361.1722412109375, -444.6495056152344, 340.43939208984375, 66.63285064697266, 16.533397674560547, 271.1083068847656, 53.27230453491211, 82.62177276611328, -47.18745040893555, 36.42002487182617, -48.898624420166016, 21.55592918395996, -51.362213134765625], [-416.570556640625, 601.4480590820312, -84.97441101074219, 18.839603424072266, 55.483028411865234, 53.27230453491211, 262.7485656738281, -33.52459716796875, 100.5823745727539, -92.76600646972656, 69.27692413330078, -59.242523193359375, 32.42229080200195], [370.2138671875, -571.5543212890625, 277.9744567871094, -23.456632614135742, -14.206368446350098, 82.62177276611328, -33.52459716796875, 162.015380859375, -66.15218353271484, 74.0148696899414, -71.22667694091797, 51.17852020263672, -65.19799041748047], [-393.8163757324219, 618.5068969726562, -242.42189025878906, 32.962181091308594, 32.1800651550293, -47.18745040893555, 100.5823745727539, -66.15218353271484, 180.26353454589844, -64.1363296508789, 81.50662231445312, -69.20721435546875, 57.75053024291992], [222.46881103515625, -542.5230712890625, 168.3382110595703, -39.030364990234375, -15.078274726867676, 36.42002487182617, -92.76600646972656, 74.0148696899414, -64.1363296508789, 134.5914764404297, -54.769474029541016, 51.778568267822266, -54.56235885620117], [-267.5597229003906, 506.33489990234375, -208.75230407714844, 27.066354751586914, 18.788188934326172, -48.898624420166016, 69.27692413330078, -71.22667694091797, 81.50662231445312, -54.769474029541016, 106.70891571044922, -36.605079650878906, 53.54990005493164], [110.95532989501953, -421.44342041015625, 170.778564453125, -15.59703254699707, -32.893653869628906, 21.55592918395996, -59.242523193359375, 51.17852020263672, -69.20721435546875, 51.778568267822266, -36.605079650878906, 90.77047729492188, -24.157821655273438], [-337.79876708984375, 384.404052734375, -187.676025390625, 26.253559112548828, 15.743456840515137, -51.362213134765625, 32.42229080200195, -65.19799041748047, 57.75053024291992, -54.56235885620117, 53.54990005493164, -24.157821655273438, 90.28057098388672]], "lowlevel.gfcc.icov": [[0.0001721974986139685, -0.00017709094390738755, -8.351293217856437e-05, -0.00028121471405029297, 0.00010343419126002118, -0.0001596067304490134, 0.0004337189602665603, -0.00036560968146659434, 0.0002888025774154812, -6.688028952339664e-05, 6.355420191539451e-05, 6.646066321991384e-05, 0.0005327981198206544], [-0.00017709094390738755, 0.0008997261757031083, 0.00010227528400719166, 0.0006723979022353888, -0.0008742299396544695, 0.0006335548823699355, -0.0009237799094989896, 0.001018012990243733, -0.0007867275271564722, 0.0010186588624492288, -0.0011053553316742182, 0.0008048263262026012, -0.0009067420032806695], [-8.351293217856437e-05, 0.00010227528400719166, 0.0019818104337900877, 6.078208753024228e-05, -0.00017481535905972123, -0.0013682625722140074, -0.00033024081494659185, -0.0007775614503771067, 0.0002484765718691051, 0.00038595989462919533, 0.0010526134865358472, -0.00197427487000823, 0.0010849685641005635], [-0.00028121471405029297, 0.0006723979022353888, 6.078208753024228e-05, 0.003830027999356389, -0.0011332182912155986, -0.0008860017987899482, 0.00010008340905187652, 0.0011313791619613767, -0.0013311804505065084, 0.0018484872998669744, -0.0014672536635771394, 0.00016430865798611194, -0.001545002218335867], [0.00010343419126002118, -0.0008742299396544695, -0.00017481535905972123, -0.0011332182912155986, 0.004185724072158337, -0.0004414516151882708, 2.608075737953186e-05, -0.0008990663336589932, 0.0008615159313194454, -0.0018814275972545147, 0.0012408855836838484, 0.00035307396319694817, 0.00010608356387820095], [-0.0001596067304490134, 0.0006335548823699355, -0.0013682625722140074, -0.0008860017987899482, -0.0004414516151882708, 0.007550721522420645, -0.0035428882110863924, -1.0732833288784605e-05, 0.00038620378472842276, -0.0010880437912419438, 0.0001922222290886566, 0.002105875639244914, -0.0006993162678554654], [0.0004337189602665603, -0.0009237799094989896, -0.00033024081494659185, 0.00010008340905187652, 2.608075737953186e-05, -0.0035428882110863924, 0.009290870279073715, -0.0025578977074474096, -0.0015130580868571997, 0.0038830966223031282, -0.002561933360993862, 0.00046498782467097044, 0.002595260040834546], [-0.00036560968146659434, 0.001018012990243733, -0.0007775614503771067, 0.0011313791619613767, -0.0008990663336589932, -1.0732833288784605e-05, -0.0025578977074474096, 0.01399163156747818, -0.001953285653144121, -0.002087943721562624, 0.002646262291818857, -0.0018997599836438894, 0.001435282756574452], [0.0002888025774154812, -0.0007867275271564722, 0.0002484765718691051, -0.0013311804505065084, 0.0008615159313194454, 0.00038620378472842276, -0.0015130580868571997, -0.001953285653144121, 0.01257125474512577, -0.0021107858046889305, -0.003313462482765317, 0.004668073728680611, -0.0015664581442251801], [-6.688028952339664e-05, 0.0010186588624492288, 0.00038595989462919533, 0.0018484872998669744, -0.0018814275972545147, -0.0010880437912419438, 0.0038830966223031282, -0.002087943721562624, -0.0021107858046889305, 0.016774019226431847, -0.001722224522382021, -0.003071150043979287, 0.004171509761363268], [6.355420191539451e-05, -0.0011053553316742182, 0.0010526134865358472, -0.0014672536635771394, 0.0012408855836838484, 0.0001922222290886566, -0.002561933360993862, 0.002646262291818857, -0.003313462482765317, -0.001722224522382021, 0.02239072322845459, -0.0034750436898320913, -0.0028490133117884398], [6.646066321991384e-05, 0.0008048263262026012, -0.00197427487000823, 0.00016430865798611194, 0.00035307396319694817, 0.002105875639244914, 0.00046498782467097044, -0.0018997599836438894, 0.004668073728680611, -0.003071150043979287, -0.0034750436898320913, 0.022103147581219673, -0.004598989151418209], [0.0005327981198206544, -0.0009067420032806695, 0.0010849685641005635, -0.001545002218335867, 0.00010608356387820095, -0.0006993162678554654, 0.002595260040834546, 0.001435282756574452, -0.0015664581442251801, 0.004171509761363268, -0.0028490133117884398, -0.004598989151418209, 0.02330620028078556]], "lowlevel.mfcc.cov": [[9153.669921875, -182.3515167236328, 652.427734375, 254.1895294189453, 528.8307495117188, -21.8063907623291, 167.1843719482422, -38.20725631713867, -15.332518577575684, 1.7290335893630981, 6.165764331817627, 13.801190376281738, 68.40689086914062], [-182.3515167236328, 4086.59423828125, -1075.0074462890625, 322.5843505859375, -172.91001892089844, 169.9908905029297, -85.8001708984375, 111.58455657958984, -35.816532135009766, 32.97201156616211, -12.908473014831543, 63.75674057006836, 4.027888774871826], [652.427734375, -1075.0074462890625, 1004.2785034179688, -144.13038635253906, 87.87045288085938, 23.244752883911133, 145.3782501220703, 82.77733612060547, 68.3799057006836, -15.717879295349121, 33.451839447021484, -1.6256206035614014, 17.465805053710938], [254.1895294189453, 322.5843505859375, -144.13038635253906, 285.5004577636719, 67.12688446044922, 50.386775970458984, -12.983919143676758, 18.99835777282715, -8.64350700378418, -6.379785537719727, -16.76016616821289, 6.170130252838135, 6.043620586395264], [528.8307495117188, -172.91001892089844, 87.87045288085938, 67.12688446044922, 265.246826171875, 39.088687896728516, 47.87659454345703, -15.87464714050293, 20.92546272277832, 11.711353302001953, -6.087682723999023, -0.9856436848640442, 8.221999168395996], [-21.8063907623291, 169.9908905029297, 23.244752883911133, 50.386775970458984, 39.088687896728516, 184.3394012451172, 65.11711120605469, 60.58303451538086, 27.821409225463867, 21.2534122467041, 19.775171279907227, 18.558244705200195, -14.693106651306152], [167.1843719482422, -85.8001708984375, 145.3782501220703, -12.983919143676758, 47.87659454345703, 65.11711120605469, 162.06610107421875, 68.43668365478516, 35.497100830078125, 9.088814735412598, 26.679588317871094, 9.26268482208252, -9.299007415771484], [-38.20725631713867, 111.58455657958984, 82.77733612060547, 18.99835777282715, -15.87464714050293, 60.58303451538086, 68.43668365478516, 135.8631591796875, 41.076229095458984, 17.177961349487305, 22.905075073242188, 9.863478660583496, -3.6853127479553223], [-15.332518577575684, -35.816532135009766, 68.3799057006836, -8.64350700378418, 20.92546272277832, 27.821409225463867, 35.497100830078125, 41.076229095458984, 77.81180572509766, 27.21143341064453, 20.470212936401367, 7.31898307800293, 0.8828207850456238], [1.7290335893630981, 32.97201156616211, -15.717879295349121, -6.379785537719727, 11.711353302001953, 21.2534122467041, 9.088814735412598, 17.177961349487305, 27.21143341064453, 73.95714569091797, 22.21634292602539, 11.228480339050293, -7.118042945861816], [6.165764331817627, -12.908473014831543, 33.451839447021484, -16.76016616821289, -6.087682723999023, 19.775171279907227, 26.679588317871094, 22.905075073242188, 20.470212936401367, 22.21634292602539, 79.10580444335938, 16.527393341064453, -3.71166729927063], [13.801190376281738, 63.75674057006836, -1.6256206035614014, 6.170130252838135, -0.9856436848640442, 18.558244705200195, 9.26268482208252, 9.863478660583496, 7.31898307800293, 11.228480339050293, 16.527393341064453, 54.50040817260742, 11.60643196105957], [68.40689086914062, 4.027888774871826, 17.465805053710938, 6.043620586395264, 8.221999168395996, -14.693106651306152, -9.299007415771484, -3.6853127479553223, 0.8828207850456238, -7.118042945861816, -3.71166729927063, 11.60643196105957, 58.72416305541992]], "lowlevel.mfcc.icov": [[0.00013848755042999983, -3.743707566172816e-05, -0.00013491680147126317, -0.00013266726455185562, -0.0002245033101644367, 0.0001440437335986644, -0.00011503344285301864, 0.0001068736964953132, 0.0001667411415837705, -9.424274321645498e-05, -5.172863893676549e-05, -6.648091584793292e-06, -6.489444785984233e-05], [-3.743707566172816e-05, 0.0004223348223604262, 0.0004696582618635148, -0.00014952316996641457, 0.0002377656492171809, -0.0003353430947754532, 8.841688395477831e-05, -0.0005045169964432716, 2.5877872758428566e-05, 5.157242776476778e-05, 8.451370376860723e-05, -0.00025985875981859863, -0.00018194806762039661], [-0.00013491680147126317, 0.0004696582618635148, 0.0019741500727832317, 0.0007490212447009981, -0.00017245783237740397, -0.00030382967088371515, -0.0005378349451348186, -0.0012517748400568962, -0.0007092380546964705, 0.0009893467649817467, -9.04083062778227e-05, -7.294979877769947e-05, -0.0006156020681373775], [-0.00013266726455185562, -0.00014952316996641457, 0.0007490212447009981, 0.004981189034879208, -0.0015494985273107886, -0.001113920588977635, 0.0011409431463107467, -0.0017010392621159554, 0.000468389451270923, 0.001137946150265634, 0.000592022726777941, -0.00027313860482536256, -0.0003361692070029676], [-0.0002245033101644367, 0.0002377656492171809, -0.00017245783237740397, -0.0015494985273107886, 0.005656312219798565, -0.0010680519044399261, -0.0017329670954495668, 0.002442719880491495, -0.0014887664001435041, -0.0011196911800652742, 0.0009094707202166319, 0.0006142263882793486, -0.0009015765390358865], [0.0001440437335986644, -0.0003353430947754532, -0.00030382967088371515, -0.001113920588977635, -0.0010680519044399261, 0.008083525113761425, -0.0020036206115037203, -0.001627905061468482, -0.0002715594891924411, -0.0008738824399188161, -0.00034667522413656116, -0.0017767223762348294, 0.002040259772911668], [-0.00011503344285301864, 8.841688395477831e-05, -0.0005378349451348186, 0.0011409431463107467, -0.0017329670954495668, -0.0020036206115037203, 0.010427698493003845, -0.004080561455339193, -0.00089355802629143, 0.0014780350029468536, -0.001445388188585639, -0.0006769199389964342, 0.0015419678529724479], [0.0001068736964953132, -0.0005045169964432716, -0.0012517748400568962, -0.0017010392621159554, 0.002442719880491495, -0.001627905061468482, -0.004080561455339193, 0.013275837525725365, -0.0040166438557207584, -0.001170907518826425, -0.000575849087908864, 0.0006372822099365294, -0.00034875207347795367], [0.0001667411415837705, 2.5877872758428566e-05, -0.0007092380546964705, 0.000468389451270923, -0.0014887664001435041, -0.0002715594891924411, -0.00089355802629143, -0.0040166438557207584, 0.0189201757311821, -0.005383627023547888, -0.0016739919083192945, 0.00016357650747522712, -0.0013614649651572108], [-9.424274321645498e-05, 5.157242776476778e-05, 0.0009893467649817467, 0.001137946150265634, -0.0011196911800652742, -0.0008738824399188161, 0.0014780350029468536, -0.001170907518826425, -0.005383627023547888, 0.01785350777208805, -0.0032059568911790848, -0.0023716415744274855, 0.0023046541027724743], [-5.172863893676549e-05, 8.451370376860723e-05, -9.0