{"song_id": "1182281650500026388", "download": "https://cdn.discordapp.com/attachments/1135911532732108921/1182281650500026388/chirp.mp4?ex=65842097&amp", "lyrics": "[verse]\nIn the depths of despair, where darkness prevails\nDickfoot emerges, without a voice to wail\nHaunted melodies resonate, a silent cry\nNo singer remains, as time passes us by\n\n[chorus]\nDickfoot's lament echoes through the gloom\nGuitar riffs weep, in the depths of their tomb\nDrums pound like thunder, setting the pace\nAn instrumental dirge for the fallen grace", "style": ["doom metal"], "essentia_features": {"lowlevel.average_loudness": 0.945361852645874, "lowlevel.barkbands_crest.mean": 15.255980491638184, "lowlevel.barkbands_crest.stdev": 6.212045192718506, "lowlevel.barkbands_flatness_db.mean": 0.21337154507637024, "lowlevel.barkbands_flatness_db.stdev": 0.08379974216222763, "lowlevel.barkbands_kurtosis.mean": 34.10942840576172, "lowlevel.barkbands_kurtosis.stdev": 85.53968811035156, "lowlevel.barkbands_skewness.mean": 3.50753116607666, "lowlevel.barkbands_skewness.stdev": 3.756882667541504, "lowlevel.barkbands_spread.mean": 21.888158798217773, "lowlevel.barkbands_spread.stdev": 21.53593635559082, "lowlevel.dissonance.mean": 0.4527984857559204, "lowlevel.dissonance.stdev": 0.038739923387765884, "lowlevel.dynamic_complexity": 2.269209384918213, "lowlevel.erbbands_crest.mean": 11.681610107421875, "lowlevel.erbbands_crest.stdev": 5.18007755279541, "lowlevel.erbbands_flatness_db.mean": 0.17232172191143036, "lowlevel.erbbands_flatness_db.stdev": 0.04370266944169998, "lowlevel.erbbands_kurtosis.mean": 3.119544506072998, "lowlevel.erbbands_kurtosis.stdev": 5.090416431427002, "lowlevel.erbbands_skewness.mean": 0.7651572227478027, "lowlevel.erbbands_skewness.stdev": 1.576050043106079, "lowlevel.erbbands_spread.mean": 51.064720153808594, "lowlevel.erbbands_spread.stdev": 34.71208953857422, "lowlevel.hfc.mean": 31.208513259887695, "lowlevel.hfc.stdev": 37.62797164916992, "lowlevel.loudness_ebu128.integrated": -13.813007354736328, "lowlevel.loudness_ebu128.loudness_range": 2.030137062072754, "lowlevel.loudness_ebu128.momentary.mean": -14.343914031982422, "lowlevel.loudness_ebu128.momentary.stdev": 2.172179937362671, "lowlevel.loudness_ebu128.short_term.mean": -13.878252029418945, "lowlevel.loudness_ebu128.short_term.stdev": 0.756230354309082, "lowlevel.melbands_crest.mean": 21.275833129882812, "lowlevel.melbands_crest.stdev": 9.042792320251465, "lowlevel.melbands_flatness_db.mean": 0.26774120330810547, "lowlevel.melbands_flatness_db.stdev": 0.12095873057842255, "lowlevel.melbands_kurtosis.mean": 68.68940734863281, "lowlevel.melbands_kurtosis.stdev": 128.30905151367188, "lowlevel.melbands_skewness.mean": 5.179390907287598, "lowlevel.melbands_skewness.stdev": 4.024099349975586, "lowlevel.melbands_spread.mean": 26.453765869140625, "lowlevel.melbands_spread.stdev": 42.65474319458008, "lowlevel.pitch_salience.mean": 0.4436997175216675, "lowlevel.pitch_salience.stdev": 0.2122948318719864, "lowlevel.silence_rate_20dB.mean": 1.0, "lowlevel.silence_rate_20dB.stdev": 0.0, "lowlevel.silence_rate_30dB.mean": 0.8108348250389099, "lowlevel.silence_rate_30dB.stdev": 0.39163893461227417, "lowlevel.silence_rate_60dB.mean": 0.052397869527339935, "lowlevel.silence_rate_60dB.stdev": 0.22282889485359192, "lowlevel.spectral_centroid.mean": 1401.0872802734375, "lowlevel.spectral_centroid.stdev": 1193.3526611328125, "lowlevel.spectral_complexity.mean": 10.444937705993652, "lowlevel.spectral_complexity.stdev": 8.768391609191895, "lowlevel.spectral_decrease.mean": -1.4570442630201796e-08, "lowlevel.spectral_decrease.stdev": 1.8858560935086643e-08, "lowlevel.spectral_energy.mean": 0.057822875678539276, "lowlevel.spectral_energy.stdev": 0.07169608771800995, "lowlevel.spectral_energyband_high.mean": 0.003068623598664999, "lowlevel.spectral_energyband_high.stdev": 0.00492481142282486, "lowlevel.spectral_energyband_low.mean": 0.0446234829723835, "lowlevel.spectral_energyband_low.stdev": 0.07098037004470825, "lowlevel.spectral_energyband_middle_high.mean": 0.0014559442643076181, "lowlevel.spectral_energyband_middle_high.stdev": 0.0022775856778025627, "lowlevel.spectral_energyband_middle_low.mean": 0.009867336601018906, "lowlevel.spectral_energyband_middle_low.stdev": 0.0143942441791296, "lowlevel.spectral_entropy.mean": 7.599597930908203, "lowlevel.spectral_entropy.stdev": 0.6087223887443542, "lowlevel.spectral_flux.mean": 0.1117829829454422, "lowlevel.spectral_flux.stdev": 0.10225102305412292, "lowlevel.spectral_kurtosis.mean": 3.179111957550049, "lowlevel.spectral_kurtosis.stdev": 3.538780927658081, "lowlevel.spectral_rms.mean": 0.0062798005528748035, "lowlevel.spectral_rms.stdev": 0.004120273049920797, "lowlevel.spectral_rolloff.mean": 2133.567138671875, "lowlevel.spectral_rolloff.stdev": 3152.13427734375, "lowlevel.spectral_skewness.mean": 1.429093837738037, "lowlevel.spectral_skewness.stdev": 0.8520658016204834, "lowlevel.spectral_spread.mean": 6877171.5, "lowlevel.spectral_spread.stdev": 2161736.0, "lowlevel.spectral_strongpeak.mean": 0.8624969124794006, "lowlevel.spectral_strongpeak.stdev": 0.746834397315979, "lowlevel.zerocrossingrate.mean": 0.07750792801380157, "lowlevel.zerocrossingrate.stdev": 0.07646521925926208, "metadata.audio_properties.analysis.equal_loudness": 0.0, "metadata.audio_properties.analysis.length": 26.110952377319336, "metadata.audio_properties.analysis.sample_rate": 44100.0, "metadata.audio_properties.analysis.start_time": 0.0, "metadata.audio_properties.bit_rate": 126722.0, "metadata.audio_properties.length": 26.11199951171875, "metadata.audio_properties.lossless": 0.0, "metadata.audio_properties.number_channels": 1.0, "metadata.audio_properties.replay_gain": -11.935678482055664, "metadata.audio_properties.sample_rate": 48000.0, "rhythm.beats_count": 64.0, "rhythm.beats_loudness.mean": 0.09222564846277237, "rhythm.beats_loudness.stdev": 0.09566356986761093, "rhythm.bpm": 148.98512268066406, "rhythm.bpm_histogram_first_peak_bpm": 148.0, "rhythm.bpm_histogram_first_peak_weight": 0.4603174328804016, "rhythm.bpm_histogram_second_peak_bpm": 0.0, "rhythm.bpm_histogram_second_peak_spread": 0.0, "rhythm.bpm_histogram_second_peak_weight": 0.0, "rhythm.danceability": 1.612518310546875, "rhythm.onset_rate": 5.930957317352295, "tonal.chords_changes_rate": 0.03368794173002243, "tonal.chords_number_rate": 0.010638297535479069, "tonal.chords_strength.mean": 0.49963876605033875, "tonal.chords_strength.stdev": 0.054584719240665436, "tonal.hpcp_crest.mean": 12.690706253051758, "tonal.hpcp_crest.stdev": 5.862123489379883, "tonal.hpcp_entropy.mean": 2.1176505088806152, "tonal.hpcp_entropy.stdev": 0.7487488985061646, "tonal.key_edma.strength": 0.5708434581756592, "tonal.key_krumhansl.strength": 0.5712125897407532, "tonal.key_temperley.strength": 0.5707228779792786, "tonal.tuning_diatonic_strength": 0.6327266693115234, "tonal.tuning_equal_tempered_deviation": 0.16885562241077423, "tonal.tuning_frequency": 434.193115234375, "tonal.tuning_nontempered_energy_ratio": 0.8877483606338501, "lowlevel.barkbands.mean": [0.002692106179893017, 0.03621451184153557, 0.0045533133670687675, 0.001885575009509921, 0.0022379911970347166, 0.0012206347892060876, 0.0028474885039031506, 0.0010239520343020558, 0.0005832535680383444, 0.00015490992518607527, 0.00017412198940292, 0.00028498159372247756, 0.00017134852532763034, 0.0001320870651397854, 8.793788583716378e-05, 7.851490954635665e-05, 9.83358477242291e-05, 9.509849769528955e-05, 0.00012240800424478948, 0.0001998913212446496, 0.00033399826497770846, 0.0008861569222062826, 0.0008047546143643558, 0.0003814877418335527, 0.00042574465624056756, 0.0001307094207732007, 1.5837351838854374e-06], "lowlevel.barkbands.stdev": [0.004526378121227026, 0.06148054450750351, 0.021200770512223244, 0.009778209030628204, 0.00366427144035697, 0.0023237240966409445, 0.0030823294073343277, 0.0021789325401186943, 0.0014641452580690384, 0.00047393186832778156, 0.0005136788822710514, 0.0008245151257142425, 0.00046514393761754036, 0.0003008843050338328, 0.00020423266687430441, 0.00017018098151311278, 0.00030310117290355265, 0.0003131587873212993, 0.0003074973064940423, 0.000426771177444607, 0.0006873446400277317, 0.0018664379604160786, 0.0015024817548692226, 0.00080130435526371, 0.0008817635825835168, 0.00028681152616627514, 5.767755737906555e-06], "lowlevel.erbbands.mean": [1.5274672508239746, 6.133498191833496, 5.970523834228516, 6.656118392944336, 3.8349721431732178, 8.617220878601074, 9.752767562866211, 13.40126895904541, 40.04420852661133, 33.98731231689453, 16.53518295288086, 12.48363208770752, 7.998337268829346, 4.720709323883057, 9.284584045410156, 10.849393844604492, 8.31063175201416, 7.108355522155762, 5.725440502166748, 3.9354965686798096, 4.9233479499816895, 5.734069347381592, 5.34130859375, 5.10727596282959, 7.688525199890137, 9.437119483947754, 11.398423194885254, 16.68383026123047, 31.666105270385742, 29.86606788635254, 20.556753158569336, 9.534856796264648, 6.135977268218994, 5.226195812225342, 2.693819046020508, 0.913749098777771, 0.16122348606586456, 0.013501044362783432, 0.0003755411016754806, 8.92746465979144e-05], "lowlevel.erbbands.stdev": [2.330765962600708, 13.14421558380127, 22.30293083190918, 33.1584358215332, 16.77816390991211, 13.898594856262207, 16.42757797241211, 23.474777221679688, 47.781925201416016, 49.7712516784668, 31.933273315429688, 33.33808135986328, 24.58608055114746, 13.246500015258789, 29.411706924438477, 28.369617462158203, 20.733858108520508, 16.85457992553711, 12.912108421325684, 8.760746002197266, 10.908658981323242, 17.71965217590332, 18.214033126831055, 14.052438735961914, 17.360191345214844, 20.58307456970215, 24.147775650024414, 33.8263053894043, 68.59249877929688, 57.35598373413086, 38.203792572021484, 19.086759567260742, 13.498479843139648, 11.027095794677734, 5.726633548736572, 1.9423792362213135, 0.3881809115409851, 0.03463418781757355, 0.0008144014864228666, 8.969784539658576e-05], "lowlevel.gfcc.mean": [-29.11751365661621, 51.47660827636719, -88.00686645507812, 21.8576602935791, -87.54267883300781, 8.156532287597656, -55.040428161621094, 9.486152648925781, -23.12677574157715, 19.465797424316406, -5.33101224899292, 7.2092437744140625, -10.709195137023926], "lowlevel.melbands.mean": [0.011608689092099667, 0.004587608855217695, 0.0010393059346824884, 0.0003791092021856457, 0.00040926216752268374, 0.0003269827284384519, 0.0005874360795132816, 0.00034507198142819107, 0.0001223238796228543, 7.568635919597e-05, 3.777335587074049e-05, 1.748239083099179e-05, 2.687589767447207e-05, 3.244685285608284e-05, 2.3493674234487116e-05, 1.7272437617066316e-05, 1.231189708050806e-05, 9.674612556409556e-06, 6.005206614645431e-06, 4.808388439414557e-06, 5.934216460445896e-06, 5.950411832600366e-06, 5.423067705123685e-06, 4.226152213959722e-06, 4.002249625045806e-06, 4.843982878810493e-06, 6.573592145286966e-06, 6.089117050578352e-06, 6.279572517087217e-06, 8.119400263240095e-06, 1.0500315511308145e-05, 1.8312210158910602e-05, 1.7326245142612606e-05, 1.704378519207239e-05, 1.3132931599102449e-05, 7.927777915028855e-06, 4.903045919490978e-06, 4.180687938060146e-06, 4.3858294702658895e-06, 4.397113571030786e-06], "lowlevel.melbands.stdev": [0.018328087404370308, 0.011786586605012417, 0.005087393801659346, 0.0007894826703704894, 0.0006559992907568812, 0.0005300297634676099, 0.0006711783935315907, 0.0005491363117471337, 0.00025121821090579033, 0.00020115490769967437, 0.00012004163727397099, 5.2518393204081804e-05, 8.057711966102943e-05, 9.964626951841637e-05, 6.199473136803135e-05, 4.845988587476313e-05, 2.932329152827151e-05, 2.2809268557466567e-05, 1.3474321349349339e-05, 1.1020038073183969e-05, 1.3636150470119901e-05, 1.861187229224015e-05, 1.9602028260123916e-05, 1.3527366718335543e-05, 1.1390717190806754e-05, 1.1889289453392848e-05, 1.4103076864557806e-05, 1.3893894902139436e-05, 1.41600157803623e-05, 1.8006950995186344e-05, 2.2282669306150638e-05, 4.172730041318573e-05, 3.6608835216611624e-05, 3.2945368729997426e-05, 2.520608359191101e-05, 1.5886931578279473e-05, 1.0459609256940894e-05, 9.320788194600027e-06, 9.9526241683634e-06, 9.252846211893484e-06], "lowlevel.melbands128.mean": [0.0025709110777825117, 0.013497679494321346, 0.015385414473712444, 0.008328329771757126, 0.003470320487394929, 0.002157550770789385, 0.0014697364531457424, 0.0007451357669197023, 0.00030684939702041447, 0.00019743037410080433, 0.0005205782363191247, 0.00073342613177374, 0.00032005226239562035, 0.00010531666339375079, 0.00018554912821855396, 0.00043588411062955856, 0.0008448433363810182, 0.0005269194371066988, 0.0004375717253424227, 0.0003925850323867053, 0.00031695800134912133, 0.00015105884813237935, 7.866499800002202e-05, 0.0001173193595604971, 8.600990986451507e-05, 5.13588274770882e-05, 6.864144961582497e-05, 3.275414928793907e-05, 1.9535227693268098e-05, 1.5390556654892862e-05, 1.797390723368153e-05, 1.8642142094904557e-05, 2.4366885554627515e-05, 3.523196937749162e-05, 3.7306061130948365e-05, 2.9112932679709047e-05, 2.8135797037975863e-05, 2.7942816814174876e-05, 1.6558693459955975e-05, 1.656215317780152e-05, 1.7879761799122207e-05, 1.744480869092513e-05, 1.254846210940741e-05, 8.752820576773956e-06, 1.2097857506887522e-05, 9.776351362233981e-06, 7.519635801145341e-06, 6.185921392898308e-06, 5.355228040571092e-06, 4.69343922304688e-06, 4.444921614776831e-06, 5.0543812903924845e-06, 6.302525434875861e-06, 6.199574727361323e-06, 5.568413598666666e-06, 6.314364327408839e-06, 5.8911086853186134e-06, 5.1649521992658265e-06, 5.924253400735324e-06, 4.654986241803272e-06, 4.110851023142459e-06, 3.8432772271335125e-06, 3.7009763218520675e-06, 4.271015768608777e-06, 4.127639840589836e-06, 4.321556843933649e-06, 5.669226993632037e-06, 6.165944341773866e-06, 7.025577360764146e-06, 6.90655542712193e-06, 5.833203886140836e-06, 5.943536052654963e-06, 5.734931164624868e-06, 5.984293238725513e-06, 7.1043591560737696e-06, 9.57817246671766e-06, 7.953404747240711e-06, 5.877952844457468e-06, 1.0596766514936462e-05, 1.443915425625164e-05, 1.9413710106164217e-05, 1.9796589185716584e-05, 1.716165388643276e-05, 1.810723915696144e-05, 1.6427942682639696e-05, 1.502449595136568e-05, 1.7808932170737535e-05, 1.967357275134418e-05, 1.1960204574279487e-05, 9.267131645174231e-06, 1.0280719834554475e-05, 6.599340395041509e-06, 6.154757102194708e-06, 4.852360689255875e-06, 4.0436434574075975e-06, 4.482797976379516e-06, 4.142896159464726e-06, 3.879766154568642e-06, 4.171871296421159e-06, 4.787953457707772e-06, 4.9021509767044336e-06, 3.94315520679811e-06, 4.494659606280038e-06, 3.776423682211316e-06, 3.1156648674368626e-06, 2.3242657789523946e-06, 2.053220896414132e-06, 2.1220546386757633e-06, 1.5331035001509008e-06, 1.1777325426010066e-06, 8.98202642929391e-07, 5.518810439752997e-07, 4.2582098558341386e-07, 2.8857613187938114e-07, 1.905237354549172e-07, 1.1295678348233196e-07, 5.658636936800576e-08, 1.319851161696306e-08, 6.208708547283948e-10, 2.1388639123709474e-11, 1.390451989657926e-11, 1.0861661396688316e-11, 1.070044140100146e-11, 1.1021746883221883e-11, 9.106920079160474e-12, 7.293516485207263e-12, 6.602498495850151e-12, 6.466501813184866e-12], "lowlevel.melbands128.stdev": [0.004296857863664627, 0.0209626704454422, 0.027766486629843712, 0.02126150205731392, 0.012906520627439022, 0.010380103252828121, 0.007643697317689657, 0.003833428956568241, 0.0014141181018203497, 0.000585465575568378, 0.0008899762760847807, 0.0012484077597036958, 0.0006392595823854208, 0.0004242265422362834, 0.00048002804396674037, 0.0009294848423451185, 0.0011811318108811975, 0.0007264157175086439, 0.0006738710217177868, 0.0007711495272815228, 0.0007632552296854556, 0.000427452934673056, 0.00023080433311406523, 0.00035433738958090544, 0.0003251145826652646, 0.00016970802971627563, 0.0002896977530326694, 0.00012292343308217824, 4.938207712257281e-05, 6.715489871567115e-05, 5.884165148017928e-05, 4.61062700196635e-05, 8.137096301652491e-05, 0.000152558131958358, 0.00016404509369749576, 9.333356138085946e-05, 9.413652878720313e-05, 9.546971705276519e-05, 5.1132054068148136e-05, 4.916910984320566e-05, 5.997487096465193e-05, 6.050437514204532e-05, 3.674272375064902e-05, 2.1680370991816744e-05, 3.1892188417259604e-05, 2.9294544219737872e-05, 2.2937798348721117e-05, 1.4775990166526753e-05, 1.5922323655104265e-05, 1.348207842966076e-05, 1.1756521416828036e-05, 1.3026135093241464e-05, 1.5457268091267906e-05, 1.6329882782883942e-05, 1.6533664165763184e-05, 2.360832513659261e-05, 2.0745086658280343e-05, 2.0050119928782806e-05, 2.4758810468483716e-05, 1.737917227728758e-05, 1.4851607375021558e-05, 1.2060717381245922e-05, 1.1061345503549092e-05, 1.4505246326734778e-05, 1.2082935427315533e-05, 1.1133673069707584e-05, 1.578392220835667e-05, 1.5018466910987627e-05, 1.5615207303198986e-05, 1.6403484551119618e-05, 1.5664922102587298e-05, 1.5282641470548697e-05, 1.4677435501653235e-05, 1.4969756193750072e-05, 1.671520476520527e-05, 2.410971137578599e-05, 1.9372182578081265e-05, 1.2669539501075633e-05, 2.5362911401316524e-05, 3.511475006234832e-05, 5.034332934883423e-05, 4.896671816823073e-05, 3.78168624592945e-05, 4.2300231143599376e-05, 3.761357947951183e-05, 3.2518761145183817e-05, 3.724377165781334e-05, 4.182672637398355e-05, 2.510236663511023e-05, 1.8272430679644458e-05, 2.2804213585914113e-05, 1.4720782928634435e-05, 1.3132046660757624e-05, 1.1295316653558984e-05, 9.565328582539223e-06, 1.0692579053284135e-05, 9.707870958663989e-06, 9.994158062909264e-06, 1.001660439214902e-05, 1.1730594451364595e-05, 1.1037600415875204e-05, 8.663748303661123e-06, 1.0869398465729319e-05, 8.671040632179938e-06, 7.332926088565728e-06, 5.228421741776401e-06, 4.806710421689786e-06, 4.893230197922094e-06, 3.2889297472138423e-06, 2.8665799618465826e-06, 2.4140338155120844e-06, 1.528399252492818e-06, 1.3104254321660846e-06, 9.087344210456649e-07, 5.992364435769559e-07, 3.6292763638812175e-07, 1.8696653114602668e-07, 8.592026290443755e-08, 8.538747486852571e-09, 2.1239850156451467e-10, 8.986267285848726e-11, 5.8030687893895205e-11, 6.205969071970685e-11, 6.975207911263936e-11, 4.311861631633995e-11, 1.8090921122260184e-11, 1.297901196239959e-11, 1.278502737706022e-11], "lowlevel.mfcc.mean": [-680.6759033203125, 91.05209350585938, 36.047122955322266, 9.59005355834961, -5.712351322174072, -6.327720642089844, -13.112122535705566, -13.42948055267334, -12.795615196228027, -3.556020736694336, 5.056971073150635, 2.224130868911743, 13.239398002624512], "lowlevel.spectral_contrast_coeffs.mean": [-0.6367549300193787, -0.693365216255188, -0.8181883692741394, -0.8193968534469604, -0.8081150054931641, -0.7747939825057983], "lowlevel.spectral_contrast_coeffs.stdev": [0.11071569472551346, 0.07415095716714859, 0.04943032190203667, 0.04380781203508377, 0.04088522493839264, 0.060895826667547226], "lowlevel.spectral_contrast_valleys.mean": [-7.83603048324585, -6.866103649139404, -7.859285831451416, -8.232102394104004, -8.051288604736328, -9.831238746643066], "lowlevel.spectral_contrast_valleys.stdev": [1.3357722759246826, 0.6848309636116028, 0.7006605267524719, 0.6679289937019348, 0.8445044159889221, 1.1608964204788208], "rhythm.beats_loudness_band_ratio.mean": [0.4290047883987427, 0.14893683791160583, 0.19872140884399414, 0.06643985211849213, 0.032462023198604584, 0.1485576331615448], "rhythm.beats_loudness_band_ratio.stdev": [0.4346522390842438, 0.19354933500289917, 0.21860691905021667, 0.09886585175991058, 0.04656882584095001, 0.16210928559303284], "tonal.hpcp.mean": [0.044832777231931686, 0.0322318933904171, 0.059604521840810776, 0.1842544674873352, 0.16409829258918762, 0.05519977584481239, 0.08291694521903992, 0.1000949889421463, 0.10113868117332458, 0.12000197917222977, 0.11977225542068481, 0.11443572491407394, 0.13926029205322266, 0.12627165019512177, 0.07084301859140396, 0.04553120583295822, 0.040545642375946045, 0.034288305789232254, 0.043107833713293076, 0.05730139836668968, 0.04257075861096382, 0.03443618491292, 0.033761266618967056, 0.02898358553647995, 0.03209267184138298, 0.02735668048262596, 0.10214358568191528, 0.3072856366634369, 0.2686547636985779, 0.08336976170539856, 0.06131412833929062, 0.05905599147081375, 0.09730533510446548, 0.28026509284973145, 0.28963765501976013, 0.10323690623044968], "tonal.hpcp.stdev": [0.1694740504026413, 0.13195928931236267, 0.1341446042060852, 0.30097419023513794, 0.2689368426799774, 0.15633182227611542, 0.20467299222946167, 0.22609777748584747, 0.2286350578069687, 0.2582968473434448, 0.24968492984771729, 0.2524331212043762, 0.24586862325668335, 0.23682858049869537, 0.1805795431137085, 0.15829825401306152, 0.14297038316726685, 0.10810864716768265, 0.11965101212263107, 0.1613122820854187, 0.12678663432598114, 0.11872117221355438, 0.12290212512016296, 0.09891553223133087, 0.11036079376935959, 0.0858473926782608, 0.1918041855096817, 0.3996683955192566, 0.34090688824653625, 0.17905767261981964, 0.18024660646915436, 0.1723860651254654, 0.2123805433511734, 0.34151169657707214, 0.36261385679244995, 0.19239401817321777], "rhythm.beats_position": [0.4411791265010834, 0.847528338432312, 1.2538775205612183, 1.6486167907714844, 2.0549659729003906, 2.461315155029297, 2.879274368286133, 3.2740135192871094, 3.668752670288086, 4.075101852416992, 4.481451034545898, 4.887800216674805, 5.282539367675781, 5.6888885498046875, 6.095238208770752, 6.501587390899658, 6.896326541900635, 7.302675724029541, 7.709024906158447, 8.103763580322266, 8.498503684997559, 8.904852867126465, 9.311202049255371, 9.717551231384277, 10.123900413513184, 10.51863956451416, 10.936598777770996, 11.331337928771973, 11.72607707977295, 12.132426261901855, 12.538775444030762, 12.933514595031738, 13.351473808288574, 13.74621295928955, 14.140952110290527, 14.535691261291504, 14.94204044342041, 15.348389625549316, 15.766348838806152, 16.161088943481445, 16.555828094482422, 16.962177276611328, 17.368526458740234, 17.76326560974121, 18.169614791870117, 18.575963973999023, 18.98231315612793, 19.388662338256836, 19.783401489257812, 20.18975067138672, 20.596099853515625, 20.9908390045166, 21.385578155517578, 21.791927337646484, 22.19827651977539, 22.604625701904297, 23.010974884033203, 23.41732406616211, 23.823673248291016, 24.218412399291992, 24.61315155029297, 25.031110763549805, 25.42584991455078, 25.820589065551758], "rhythm.bpm_histogram": [0.0, 0.0, 0.0, 0.0, 0.0, 0.0, 0.0, 0.0, 0.0, 0.0, 0.0, 0.0, 0.0, 0.0, 0.0, 0.0, 0.0, 0.0, 0.0, 0.0, 0.0, 0.0, 0.0, 0.0, 0.0, 0.0, 0.0, 0.0, 0.0, 0.0, 0.0, 0.0, 0.0, 0.0, 0.0, 0.0, 0.0, 0.0, 0.0, 0.0, 0.0, 0.0, 0.0, 0.0, 0.0, 0.0, 0.0, 0.0, 0.0, 0.0, 0.0, 0.0, 0.0, 0.0, 0.0, 0.0, 0.0, 0.0, 0.0, 0.0, 0.0, 0.0, 0.0, 0.0, 0.0, 0.0, 0.0, 0.0, 0.0, 0.0, 0.0, 0.0, 0.0, 0.0, 0.0, 0.0, 0.0, 0.0, 0.0, 0.0, 0.0, 0.0, 0.0, 0.0, 0.0, 0.0, 0.0, 0.0, 0.0, 0.0, 0.0, 0.0, 0.0, 0.0, 0.0, 0.0, 0.0, 0.0, 0.0, 0.0, 0.0, 0.0, 0.0, 0.0, 0.0, 0.0, 0.0, 0.0, 0.0, 0.0, 0.0, 0.0, 0.0, 0.0, 0.0, 0.0, 0.0, 0.0, 0.0, 0.0, 0.0, 0.0, 0.0, 0.0, 0.0, 0.0, 0.0, 0.0, 0.0, 0.0, 0.0, 0.0, 0.0, 0.0, 0.0, 0.0, 0.0, 0.0, 0.0, 0.0, 0.0, 0.0, 0.0, 0.0, 0.0793650820851326, 0.0, 0.0, 0.0, 0.5396825671195984, 0.0, 0.0, 0.0, 0.380952388048172, 0.0, 0.0, 0.0, 0.0, 0.0, 0.0, 0.0, 0.0, 0.0, 0.0, 0.0, 0.0, 0.0, 0.0, 0.0, 0.0, 0.0, 0.0, 0.0, 0.0, 0.0, 0.0, 0.0, 0.0, 0.0, 0.0, 0.0, 0.0, 0.0, 0.0, 0.0, 0.0, 0.0, 0.0, 0.0, 0.0, 0.0, 0.0, 0.0, 0.0, 0.0, 0.0, 0.0, 0.0, 0.0, 0.0, 0.0, 0.0, 0.0, 0.0, 0.0, 0.0, 0.0, 0.0, 0.0, 0.0, 0.0, 0.0, 0.0, 0.0, 0.0, 0.0, 0.0, 0.0, 0.0, 0.0, 0.0, 0.0, 0.0, 0.0, 0.0, 0.0, 0.0, 0.0, 0.0, 0.0, 0.0, 0.0, 0.0, 0.0, 0.0, 0.0, 0.0, 0.0, 0.0, 0.0, 0.0, 0.0, 0.0, 0.0, 0.0, 0.0, 0.0, 0.0, 0.0, 0.0, 0.0], "tonal.chords_histogram": [45.74468231201172, 0.0, 9.219858169555664, 6.914893627166748, 19.680850982666016, 0.0, 0.0, 0.0, 0.0, 0.0, 0.0, 0.0, 0.0, 0.0, 0.0, 0.0, 0.0, 11.347517967224121, 0.0, 7.092198371887207, 0.0, 0.0, 0.0, 0.0], "tonal.thpcp": [1.0, 0.874283492565155, 0.27131029963493347, 0.19953463971614838, 0.19218598306179047, 0.3166608512401581, 0.9120669960975647, 0.9425681233406067, 0.33596399426460266, 0.14589935541152954, 0.1048922911286354, 0.19397106766700745, 0.5996195077896118, 0.534025251865387, 0.17963668704032898, 0.2698367238044739, 0.3257392346858978, 0.3291357159614563, 0.3905225694179535, 0.38977497816085815, 0.37240830063819885, 0.45319491624832153, 0.4109259843826294, 0.23054452240467072, 0.1481722593307495, 0.13194772601127625, 0.11158446967601776, 0.14028587937355042, 0.18647600710391998, 0.13853806257247925, 0.11206571757793427, 0.1098693311214447, 0.09432131797075272, 0.10443922132253647, 0.08902687579393387, 0.3324059844017029], "lowlevel.gfcc.cov": [[4087.764404296875, -1171.801513671875, 357.292724609375, 1041.8885498046875, -214.18356323242188, 671.4514770507812, 549.5604858398438, 116.88864135742188, 166.32958984375, 94.32145690917969, -161.44577026367188, 136.42620849609375, -86.85931396484375], [-1171.801513671875, 2598.335693359375, 661.9830322265625, -71.79974365234375, 1063.7984619140625, 286.7027893066406, 551.2518310546875, 347.7851257324219, 379.7118225097656, 48.93330764770508, 351.6397705078125, -54.38701629638672, 213.70762634277344], [357.292724609375, 661.9830322265625, 1360.3245849609375, 792.6437377929688, 727.9636840820312, 611.85693359375, 648.6693115234375, 382.3818664550781, 433.7126159667969, 216.0019989013672, 270.70867919921875, 117.36267852783203, 105.1730728149414], [1041.8885498046875, -71.79974365234375, 792.6437377929688, 1388.94384765625, 306.1087646484375, 563.954833984375, 558.0296630859375, 113.97601318359375, 506.2782897949219, 138.1727752685547, 171.72470092773438, 162.42535400390625, 127.52104187011719], [-214.18356323242188, 1063.7984619140625, 727.9636840820312, 306.1087646484375, 1077.34326171875, 363.5976257324219, 442.890625, 481.44171142578125, 373.2479248046875, 211.20016479492188, 307.9208679199219, 82.09064483642578, 162.05453491210938], [671.4514770507812, 286.7027893066406, 611.85693359375, 563.954833984375, 363.5976257324219, 678.6024169921875, 620.010009765625, 223.2754364013672, 345.9348449707031, 150.5697021484375, 161.5470733642578, 91.28163146972656, 56.04281234741211], [549.5604858398438, 551.2518310546875, 648.6693115234375, 558.0296630859375, 442.890625, 620.010009765625, 783.3345336914062, 276.43756103515625, 374.0289611816406, 139.54034423828125, 209.87200927734375, 119.38030242919922, 58.084205627441406], [116.88864135742188, 347.7851257324219, 382.3818664550781, 113.97601318359375, 481.44171142578125, 223.2754364013672, 276.43756103515625, 428.1600036621094, 196.1416778564453, 155.70623779296875, 194.7307586669922, 61.18948745727539, 78.7086181640625], [166.32958984375, 379.7118225097656, 433.7126159667969, 506.2782897949219, 373.2479248046875, 345.9348449707031, 374.0289611816406, 196.1416778564453, 452.65814208984375, 166.2978515625, 160.1524658203125, 85.23822021484375, 105.18829345703125], [94.32145690917969, 48.93330764770508, 216.0019989013672, 138.1727752685547, 211.20016479492188, 150.5697021484375, 139.54034423828125, 155.70623779296875, 166.2978515625, 195.1675262451172, 135.7345428466797, 64.94676971435547, 43.77266311645508], [-161.44577026367188, 351.6397705078125, 270.70867919921875, 171.72470092773438, 307.9208679199219, 161.5470733642578, 209.87200927734375, 194.7307586669922, 160.1524658203125, 135.7345428466797, 273.3260803222656, 92.04647827148438, 92.48015594482422], [136.42620849609375, -54.38701629638672, 117.36267852783203, 162.42535400390625, 82.09064483642578, 91.28163146972656, 119.38030242919922, 61.18948745727539, 85.23822021484375, 64.94676971435547, 92.04647827148438, 156.06886291503906, 51.08113098144531], [-86.85931396484375, 213.70762634277344, 105.1730728149414, 127.52104187011719, 162.05453491210938, 56.04281234741211, 58.084205627441406, 78.7086181640625, 105.18829345703125, 43.77266311645508, 92.48015594482422, 51.08113098144531, 133.5136260986328]], "lowlevel.gfcc.icov": [[0.0005278935423120856, 2.7991760362056084e-05, 0.00021584636124316603, -0.0005478071398101747, 0.00017945448053069413, -0.00044820454786531627, -0.0001425039954483509, -0.000610211631283164, 0.0006342504057101905, -0.0005063523421995342, 0.0009240733343176544, -0.00026466615963727236, 0.00017136207316070795], [2.7991760362056084e-05, 0.001675539300777018, -0.0004564185510389507, 0.0012007009936496615, -0.0013555861078202724, 0.0008386312983930111, -0.0015297024510800838, 0.001416384824551642, -0.0013627078151330352, 0.001956084743142128, -0.0015051739756017923, 0.001814480172470212, -0.0015464752214029431], [0.00021584636124316603, -0.0004564185510389507, 0.0021728554274886847, -0.0013360772281885147, -0.0003524648491293192, -0.0009445775067433715, 9.425571624888107e-05, -0.000976458250079304, 0.0010887164389714599, -0.0011344724334776402, 0.0007144972332753241, -0.00040334791992790997, 0.0009680059738457203], [-0.0005478071398101747, 0.0012007009936496615, -0.0013360772281885147, 0.0033316640183329582, -0.0007812604308128357, 0.0005300399498082697, -0.0008625226910226047, 0.0023681335151195526, -0.0032776384614408016, 0.0026857517659664154, -0.0021711010485887527, 0.000811498612165451, -0.0018078495049849153], [0.00017945448053069413, -0.0013555861078202724, -0.0003524648491293192, -0.0007812604308128357, 0.0038521364331245422, -0.0006136386073194444, 0.0010212291963398457, -0.003031583270058036, 0.00043626589467749, -0.0014769036788493395, 0.0008408582070842385, -0.0009864624589681625, 0.00017074304923880845], [-0.00044820454786531627, 0.0008386312983930111, -0.0009445775067433715, 0.0005300399498082697, -0.0006136386073194444, 0.007283435668796301, -0.005103098228573799, 0.0013634152710437775, -0.0012926575727760792, -0.0005808939458802342, -0.0005427571013569832, 0.002027766779065132, -0.001483225729316473], [-0.0001425039954483509, -0.0015297024510800838, 9.425571624888107e-05, -0.0008625226910226047, 0.0010212291963398457, -0.005103098228573799, 0.00763249397277832, -0.002090129302814603, -0.000600548752117902, 0.0011297286255285144, -0.0005386294797062874, -0.003156733699142933, 0.003603156190365553], [-0.000610211631283164, 0.001416384824551642, -0.000976458250079304, 0.0023681335151195526, -0.003031583270058036, 0.0013634152710437775, -0.002090129302814603, 0.007893060334026814, -0.00180382642429322, 0.0003244242398068309, -0.0032059100922197104, 0.002001257846131921, -0.0020234910771250725], [0.0006342504057101905, -0.0013627078151330352, 0.0010887164389714599, -0.0032776384614408016, 0.00043626589467749, -0.0012926575727760792, -0.000600548752117902, -0.00180382642429322, 0.009044294245541096, -0.006059528328478336, 0.0034738124813884497, -0.0008821662631817162, -0.0010031083365902305], [-0.0005063523421995342, 0.001956084743142128, -0.0011344724334776402, 0.0026857517659664154, -0.0014769036788493395, -0.0005808939458802342, 0.0011297286255285144, 0.0003244242398068309, -0.006059528328478336, 0.014695337973535061, -0.006463058292865753, 0.00011335332237649709, 0.0006112164701335132], [0.0009240733343176544, -0.0015051739756017923, 0.0007144972332753241, -0.0021711010485887527, 0.0008408582070842385, -0.0005427571013569832, -0.0005386294797062874, -0.0032059100922197104, 0.0034738124813884497, -0.006463058292865753, 0.011817818507552147, -0.0037469349335879087, -0.00151742622256279], [-0.00026466615963727236, 0.001814480172470212, -0.00040334791992790997, 0.000811498612165451, -0.0009864624589681625, 0.002027766779065132, -0.003156733699142933, 0.002001257846131921, -0.0008821662631817162, 0.00011335332237649709, -0.0037469349335879087, 0.011720065958797932, -0.004224924836307764], [0.00017136207316070795, -0.0015464752214029431, 0.0009680059738457203, -0.0018078495049849153, 0.00017074304923880845, -0.001483225729316473, 0.003603156190365553, -0.0020234910771250725, -0.0010031083365902305, 0.0006112164701335132, -0.00151742622256279, -0.004224924836307764, 0.014338980428874493]], "lowlevel.mfcc.cov": [[4523.7744140625, -2024.3824462890625, 514.38623046875, 351.8197326660156, -444.8895263671875, 633.5751953125, 4.654571056365967, 356.13604736328125, 204.40219116210938, 116.95336151123047, 28.475011825561523, 97.28467559814453, -123.56192016601562], [-2024.3824462890625, 2939.320556640625, -227.17025756835938, -84.76007843017578, 632.5618896484375, -126.18183135986328, 507.684326171875, 199.95608520507812, 221.49127197265625, 240.7794189453125, 251.67611694335938, 44.86272048950195, 259.49359130859375], [514.38623046875, -227.17025756835938, 1048.7611083984375, 509.0082092285156, 159.1973876953125, 599.3956298828125, 270.48455810546875, 385.0375061035156, 275.67071533203125, 218.59303283691406, 204.2712860107422, 238.6764373779297, 126.73648834228516], [351.8197326660156, -84.76007843017578, 509.0082092285156, 716.6100463867188, 356.7532653808594, 398.976318359375, 163.9267120361328, 294.3892517089844, 248.6641082763672, 156.1691436767578, 164.4140625, 212.10679626464844, 137.61874389648438], [-444.8895263671875, 632.5618896484375, 159.1973876953125, 356.7532653808594, 697.7978515625, 91.98206329345703, 263.03277587890625, 164.16778564453125, 233.1424102783203, 224.57493591308594, 170.00820922851562, 148.03134155273438, 204.12098693847656], [633.5751953125, -126.18183135986328, 599.3956298828125, 398.976318359375, 91.98206329345703, 741.3496704101562, 221.16696166992188, 385.8838195800781, 293.19671630859375, 200.13555908203125, 229.63565063476562, 221.75238037109375, 57.529380798339844], [4.654571056365967, 507.684326171875, 270.48455810546875, 163.9267120361328, 263.03277587890625, 221.16696166992188, 503.3599853515625, 314.71429443359375, 199.1705322265625, 198.3538360595703, 223.19630432128906, 167.0928955078125, 174.46604919433594], [356.13604736328125, 199.95608520507812, 385.0375061035156, 294.3892517089844, 164.16778564453125, 385.8838195800781, 314.71429443359375, 444.1097106933594, 277.15765380859375, 190.1058349609375, 211.4803466796875, 194.62161254882812, 129.2900390625], [204.40219116210938, 221.49127197265625, 275.67071533203125, 248.6641082763672, 233.1424102783203, 293.19671630859375, 199.1705322265625, 277.15765380859375, 321.3727722167969, 215.3629913330078, 182.6155242919922, 135.7607879638672, 109.04438018798828], [116.95336151123047, 240.7794189453125, 218.59303283691406, 156.1691436767578, 224.57493591308594, 200.13555908203125, 198.3538360595703, 190.1058349609375, 215.3629913330078, 271.0945739746094, 186.09396362304688, 123.96155548095703, 107.30575561523438], [28.475011825561523, 251.67611694335938, 204.2712860107422, 164.4140625, 170.00820922851562, 229.63565063476562, 223.19630432128906, 211.4803466796875, 182.6155242919922, 186.09396362304688, 256.6187438964844, 157.32301330566406, 121.30904388427734], [97.28467559814453, 44.86272048950195, 238.6764373779297, 212.10679626464844, 148.03134155273438, 221.75238037109375, 167.0928955078125, 194.62161254882812, 135.7607879638672, 123.96155548095703, 157.32301330566406, 216.384033203125, 126.8775405883789], [-123.56192016601562, 259.49359130859375, 126.73648834228516, 137.61874389648438, 204.12098693847656, 57.529380798339844, 174.46604919433594, 129.2900390625, 109.04438018798828, 107.30575561523438, 121.30904388427734, 126.8775405883789, 203.0840606689453]], "lowlevel.mfcc.icov": [[0.00045161269372329116, 0.0003355126827955246, 0.00018394853395875543, -0.00017320390907116234, 0.0002857752551790327, -0.00018797669326886535, -0.00023976049851626158, -0.00031596317421644926, -0.00012884825991932303, -0.0004684294108301401, 0.00028068534447811544, 0.0003246246778871864, -3.1994797609513626e-05], [0.0003355126827955246, 0.0008502034470438957, 0.00030439390684477985, 0.00022040247858967632, -0.00033861599513329566, -0.00011667078797472641, -0.0005131027428433299, -0.0004656509845517576, -0.0001576115028001368, -0.00019289877673145384, -0.000201167436898686, 0.0008335144375450909, -0.00032492182799614966], [0.00018394853395875543, 0.00030439390684477985, 0.002371649956330657, -0.0009746323921717703, 0.000504365423694253, -0.0012946095084771514, -0.0006810278864577413, -0.00024311416200362146, 0.00023003120440989733, -0.0010870067635551095, 0.0008848657598719001, 0.00014494993956759572, -0.000665270141325891], [-0.00017320390907116234, 0.00022040247858967632, -0.0009746323921717703, 0.004015374928712845, -0.0023320820182561874, -0.0006064824410714209, 0.0011891444446519017, -0.0011578588746488094, -0.00022360286675393581, 0.0015556853031739593, -0.00030294741736724973, -0.0008782231016084552, -0.00024071978987194598], [0.0002857752551790327, -0.00033861599513329566, 0.000504365423694253, -0.0023320820182561874, 0.004342319443821907, 0.0005499709513969719, -0.0013094852911308408, 0.0017334395088255405, -0.0017044940032064915, -0.0019442839547991753, 0.001123216818086803, -0.00039383862167596817, -0.0011091280030086637], [-0.00018797669326886535, -0.00011667078797472641, -0.0012946095084771514, -0.0006064824410714209, 0.0005499709513969719, 0.004598521627485752, 0.00020687685173470527, -0.0010445595253258944, -0.0015391063643619418, 0.0004072612791787833, -0.001528467400930822, -0.0018319598166272044, 0.0025541861541569233], [-0.00023976049851626158, -0.0005131027428433299, -0.0006810278864577413, 0.0011891444446519017, -0.0013094852911308408, 0.00020687685173470527, 0.005833199713379145, -0.0035340129397809505, 0.0019877860322594643, -0.0003109807148575783, -0.0018767727306112647, 0.00020754430443048477, -0.0012864458840340376], [-0.00031596317421644926, -0.0004656509845517576, -0.00024311416200362146, -0.0011578588746488094, 0.0017334395088255405, -0.0010445595253258944, -0.0035340129397809505, 0.01013113185763359, -0.005184429697692394, 0.001384042203426361, 0.00016666363808326423, -0.0025228699669241905, 7.948488018882927e-06], [-0.00012884825991932303, -0.0001576115028001368, 0.00023003120440989733, -0.00022360286675393581, -0.0017044940032064915, -0.0015391063643619418, 0.0019877860322594643, -0.005184429697692394, 0.012426266446709633, -0.004976804368197918, -0.0009775429498404264, 0.0022881601471453905, -0.0010150882881134748], [-0.0004684294108301401, -0.00019289877673145384, -0.0010870067635551095, 0.0015556853031739593, -0.0019442839547991753, 0.0004072612791787833, -0.0003109807148575783, 0.001384042203426361, -0.004976804368197918, 0.01197650283575058, -0.0047537414357066154, -0.000704221660271287, 0.0004341399180702865], [0.00028068534447811544, -0.000201167436898686, 0.0008848657598719001, -0.00030294741736724973, 0.001123216818086803, -0.001528467400930822, -0.0018767727306112647, 0.00016666363808326423, -0.0009775429498404264, -0.0047537414357066154, 0.012806110084056854, -0.003879111958667636, -0.0012982331681996584], [0.0003246246778871864, 0.0008335144375450909, 0.00014494993956759572, -0.0008782231016084552, -0.00039383862167596817, -0.0018319598166272044, 0.00020754430443048477, -0.0025228699669241905, 0.0022881601471453905, -0.000704221660271287, -0.003879111958667636, 0.014250561594963074, -0.005462688393890858], [-3.1994797609513626e-05, -0.00032492182799614966, -0.000665270141325891, -0.00024071978987194598, -0.0011091280030086637, 0.0025541861541569233, -0.0012864458840340376, 7.948488018882927e-06, -0.0010150882881134748, 0.0004341399180702865, -0.0012982331681996584, -0.005462688393890858, 0.011893381364643574]], "metadata.audio_properties.analysis.downmix": "mix", "metadata.audio_properties.codec": "mp3", "metadata.audio_properties.md5_encoded": "d5b1b5986e0144b6063111f16e5ec3a8", "metadata.tags.file_name": "1182281650500026388.mp3", "metadata.version.essentia": "2.1-beta6-dev", "metadata.version.essentia_git_sha": "v2.1_beta5-1110-g77a6a954", "metadata.version.extractor": "music 2.0", "tonal.chords_key": "F#", "tonal.chords_scale": "major", "tonal.key_edma.key": "F#", "tonal.key_edma.scale": "major", "tonal.key_krumhansl.key": "F#", "tonal.key_krumhansl.scale": "major", "tonal.key_temperley.key": "F#", "tonal.key_temperley.scale": "major", "metadata.tags.encoding": ["Lavf58.45.100"]}, "essentia_models": [{"model_name": "genre_dortmund", "activations": {"alternat