{"song_id": "1182284739504259173", "download": "https://cdn.discordapp.com/attachments/1135911532732108921/1182284739504259173/chirp.mp4?ex=65842377&amp", "lyrics": "\u0418\u0440\u0438\u043d\u0430 \u042e\u0440\u044c\u0435\u0432\u043d\u0430, \u0442\u0451\u0449\u0430 \u0434\u043e\u0440\u043e\u0433\u0430\u044f!\n\u0421 \u0414\u043d\u0451\u043c \u0420\u043e\u0436\u0434\u0435\u043d\u0438\u044f! \u0412\u0430\u0441 \u044f \u043f\u043e\u0437\u0434\u0440\u0430\u0432\u043b\u044f\u044e!\n\u041f\u0443\u0441\u0442\u044c \u0431\u043b\u0435\u0441\u0442\u044f\u0442 \u043e\u0442 \u0440\u0430\u0434\u043e\u0441\u0442\u0438 \u0433\u043b\u0430\u0437\u0430,\n\u041b\u0443\u0447\u0448\u0435\u0439 \u0442\u0451\u0449\u0438 \u0432 \u043c\u0438\u0440\u0435 \u043d\u0435 \u043d\u0430\u0439\u0442\u0438!\n\n\u0412\u0430\u043c \u0436\u0435\u043b\u0430\u044e \u043a\u0440\u0435\u043f\u043a\u043e\u0433\u043e \u0437\u0434\u043e\u0440\u043e\u0432\u044c\u044f,\n\u0414\u043e\u043b\u0433\u0438\u0445 \u043b\u0435\u0442, \u043d\u0435\u0443\u0442\u043e\u043c\u0438\u043c\u044b\u0445 \u0441\u0438\u043b.\n\u0427\u0442\u043e\u0431\u044b \u0436\u0438\u0437\u043d\u044c \u0431\u044b\u043b\u0430 \u0412\u0430\u0448\u0430 \u0441\u043f\u043e\u043a\u043e\u0439\u043d\u0430,\n\u0422\u043e\u043b\u044c\u043a\u043e \u043f\u0440\u0430\u0437\u0434\u043d\u0438\u043a \u0432 \u0434\u043e\u043c \u0412\u0430\u0448 \u0437\u0430\u0445\u043e\u0434\u0438\u043b.\n\n\u041d\u0430 \u0433\u043e\u0434\u0430 \u0412\u044b, \u0442\u0451\u0449\u0430, \u043d\u0435 \u0440\u043e\u043f\u0449\u0438\u0442\u0435,\n\u041d\u0435 \u0441\u0434\u0430\u0432\u0430\u0439\u0442\u0435\u0441\u044c \u0432 \u0438\u0445 \u0436\u0435\u0441\u0442\u043e\u043a\u0438\u0439 \u043f\u043b\u0435\u043d,\n\u0412 \u043a\u0430\u0436\u0434\u043e\u043c \u0434\u043d\u0435 \u043f\u0440\u0435\u043a\u0440\u0430\u0441\u043d\u043e\u0435 \u0438\u0449\u0438\u0442\u0435,\n\u041f\u0443\u0441\u0442\u044c \u043d\u0435 \u0431\u0443\u0434\u0435\u0442 \u0433\u043e\u0440\u044f \u0438 \u043f\u0440\u043e\u0431\u043b\u0435\u043c!\n\n\u041a\u0430\u0440\u0438\u043d\u0430 \u0438 \u0410\u0440\u0441\u0435\u043d\u0438\u0439 \u0412\u0430\u0441 \u0442\u043e\u0436\u0435 \u043f\u043e\u0437\u0434\u0440\u0430\u0432\u043b\u044f\u044e\u0442,\n\u0421\u0447\u0430\u0441\u0442\u044c\u044f, \u0440\u0430\u0434\u043e\u0441\u0442\u0438 \u0432 \u0436\u0438\u0437\u043d\u0438 \u0412\u0430\u043c \u0436\u0435\u043b\u0430\u044e\u0442.\n\n[Verse]\nIn the neon lights, we come alive\nMelodic piano takes us for a ride\nDisco fever, our spirits ignite\nGrooving to the rhythm, feeling oh so right\n\n[Chorus]\nDisco song, we dance all night long\nMelodic piano, playing its strong\nIn the groove, we're feeling so alive\nDisco song, let the music revive", "style": ["disco song lyric melodic piano"], "essentia_features": {"lowlevel.average_loudness": 0.9867936968803406, "lowlevel.barkbands_crest.mean": 8.763814926147461, "lowlevel.barkbands_crest.stdev": 4.489011764526367, "lowlevel.barkbands_flatness_db.mean": 0.10602068901062012, "lowlevel.barkbands_flatness_db.stdev": 0.03479768708348274, "lowlevel.barkbands_kurtosis.mean": 0.855904221534729, "lowlevel.barkbands_kurtosis.stdev": 3.4973738193511963, "lowlevel.barkbands_skewness.mean": 1.1092467308044434, "lowlevel.barkbands_skewness.stdev": 0.9482432007789612, "lowlevel.barkbands_spread.mean": 38.841678619384766, "lowlevel.barkbands_spread.stdev": 12.934627532958984, "lowlevel.dissonance.mean": 0.4895673990249634, "lowlevel.dissonance.stdev": 0.008334305137395859, "lowlevel.dynamic_complexity": 1.0019522905349731, "lowlevel.erbbands_crest.mean": 7.656447887420654, "lowlevel.erbbands_crest.stdev": 3.1319580078125, "lowlevel.erbbands_flatness_db.mean": 0.1371649205684662, "lowlevel.erbbands_flatness_db.stdev": 0.021636836230754852, "lowlevel.erbbands_kurtosis.mean": 0.5709619522094727, "lowlevel.erbbands_kurtosis.stdev": 1.378272533416748, "lowlevel.erbbands_skewness.mean": -0.6001269221305847, "lowlevel.erbbands_skewness.stdev": 0.5105827450752258, "lowlevel.erbbands_spread.mean": 41.97095489501953, "lowlevel.erbbands_spread.stdev": 13.735851287841797, "lowlevel.hfc.mean": 38.95427703857422, "lowlevel.hfc.stdev": 19.939029693603516, "lowlevel.loudness_ebu128.integrated": -15.459867477416992, "lowlevel.loudness_ebu128.loudness_range": 0.7307167053222656, "lowlevel.loudness_ebu128.momentary.mean": -15.506436347961426, "lowlevel.loudness_ebu128.momentary.stdev": 0.634817898273468, "lowlevel.loudness_ebu128.short_term.mean": -15.433839797973633, "lowlevel.loudness_ebu128.short_term.stdev": 0.22596751153469086, "lowlevel.melbands_crest.mean": 16.58262825012207, "lowlevel.melbands_crest.stdev": 7.224542140960693, "lowlevel.melbands_flatness_db.mean": 0.146794855594635, "lowlevel.melbands_flatness_db.stdev": 0.05049087852239609, "lowlevel.melbands_kurtosis.mean": 10.975309371948242, "lowlevel.melbands_kurtosis.stdev": 15.235822677612305, "lowlevel.melbands_skewness.mean": 2.815615653991699, "lowlevel.melbands_skewness.stdev": 1.6311968564987183, "lowlevel.melbands_spread.mean": 38.7488899230957, "lowlevel.melbands_spread.stdev": 19.15767478942871, "lowlevel.pitch_salience.mean": 0.5570034384727478, "lowlevel.pitch_salience.stdev": 0.13015998899936676, "lowlevel.silence_rate_20dB.mean": 1.0, "lowlevel.silence_rate_20dB.stdev": 0.0, "lowlevel.silence_rate_30dB.mean": 0.9689199924468994, "lowlevel.silence_rate_30dB.stdev": 0.17353248596191406, "lowlevel.silence_rate_60dB.mean": 0.0015540015883743763, "lowlevel.silence_rate_60dB.stdev": 0.03939054161310196, "lowlevel.spectral_centroid.mean": 2109.968994140625, "lowlevel.spectral_centroid.stdev": 414.919921875, "lowlevel.spectral_complexity.mean": 35.174049377441406, "lowlevel.spectral_complexity.stdev": 7.855391502380371, "lowlevel.spectral_decrease.mean": -1.0306123066072814e-08, "lowlevel.spectral_decrease.stdev": 7.916758804071833e-09, "lowlevel.spectral_energy.mean": 0.04243094474077225, "lowlevel.spectral_energy.stdev": 0.03072749823331833, "lowlevel.spectral_energyband_high.mean": 0.0026867445558309555, "lowlevel.spectral_energyband_high.stdev": 0.002278369851410389, "lowlevel.spectral_energyband_low.mean": 0.02185440994799137, "lowlevel.spectral_energyband_low.stdev": 0.028961485251784325, "lowlevel.spectral_energyband_middle_high.mean": 0.008517221547663212, "lowlevel.spectral_energyband_middle_high.stdev": 0.004534694831818342, "lowlevel.spectral_energyband_middle_low.mean": 0.01071873214095831, "lowlevel.spectral_energyband_middle_low.stdev": 0.011732320301234722, "lowlevel.spectral_entropy.mean": 8.069005966186523, "lowlevel.spectral_entropy.stdev": 0.16103807091712952, "lowlevel.spectral_flux.mean": 0.12818273901939392, "lowlevel.spectral_flux.stdev": 0.06542626023292542, "lowlevel.spectral_kurtosis.mean": 2.252291202545166, "lowlevel.spectral_kurtosis.stdev": 1.070327639579773, "lowlevel.spectral_rms.mean": 0.006103391293436289, "lowlevel.spectral_rms.stdev": 0.0020358555484563112, "lowlevel.spectral_rolloff.mean": 2398.50341796875, "lowlevel.spectral_rolloff.stdev": 1515.50244140625, "lowlevel.spectral_skewness.mean": 1.1070947647094727, "lowlevel.spectral_skewness.stdev": 0.2271050065755844, "lowlevel.spectral_spread.mean": 4876610.0, "lowlevel.spectral_spread.stdev": 840588.5625, "lowlevel.spectral_strongpeak.mean": 0.4973345994949341, "lowlevel.spectral_strongpeak.stdev": 0.553901731967926, "lowlevel.zerocrossingrate.mean": 0.08495259284973145, "lowlevel.zerocrossingrate.stdev": 0.03183230385184288, "metadata.audio_properties.analysis.equal_loudness": 0.0, "metadata.audio_properties.analysis.length": 29.84532928466797, "metadata.audio_properties.analysis.sample_rate": 44100.0, "metadata.audio_properties.analysis.start_time": 0.0, "metadata.audio_properties.bit_rate": 123425.0, "metadata.audio_properties.length": 29.845333099365234, "metadata.audio_properties.lossless": 0.0, "metadata.audio_properties.number_channels": 1.0, "metadata.audio_properties.replay_gain": -10.001314163208008, "metadata.audio_properties.sample_rate": 48000.0, "rhythm.beats_count": 59.0, "rhythm.beats_loudness.mean": 0.05421018227934837, "rhythm.beats_loudness.stdev": 0.03392813354730606, "rhythm.bpm": 119.58650970458984, "rhythm.bpm_histogram_first_peak_bpm": 120.0, "rhythm.bpm_histogram_first_peak_weight": 0.43103450536727905, "rhythm.bpm_histogram_second_peak_bpm": 0.0, "rhythm.bpm_histogram_second_peak_spread": 0.0, "rhythm.bpm_histogram_second_peak_weight": 0.0, "rhythm.danceability": 2.230882167816162, "rhythm.onset_rate": 4.688411235809326, "tonal.chords_changes_rate": 0.1304347813129425, "tonal.chords_number_rate": 0.013975155539810658, "tonal.chords_strength.mean": 0.3817712068557739, "tonal.chords_strength.stdev": 0.06015681102871895, "tonal.hpcp_crest.mean": 9.687271118164062, "tonal.hpcp_crest.stdev": 4.772804260253906, "tonal.hpcp_entropy.mean": 2.7462549209594727, "tonal.hpcp_entropy.stdev": 0.6837490797042847, "tonal.key_edma.strength": 0.5689281225204468, "tonal.key_krumhansl.strength": 0.5841571688652039, "tonal.key_temperley.strength": 0.5965452194213867, "tonal.tuning_diatonic_strength": 0.3230178654193878, "tonal.tuning_equal_tempered_deviation": 0.3018566370010376, "tonal.tuning_frequency": 434.193115234375, "tonal.tuning_nontempered_energy_ratio": 0.9311113953590393, "lowlevel.barkbands.mean": [0.002724591875448823, 0.012936864048242569, 0.004897709935903549, 0.0036017263773828745, 0.0031032271217554808, 0.0015495393890887499, 0.00130001874640584, 0.0006710651214234531, 0.0004207543679513037, 0.00027760828379541636, 0.0005982914590276778, 0.0009177273022942245, 0.00101405696477741, 0.0005500717670656741, 0.0005088447360321879, 0.0011106240563094616, 0.002109572757035494, 0.0006440054276026785, 0.0005517678218893707, 0.0005589093780145049, 0.0006090437527745962, 0.0007788907387293875, 0.00042023006244562566, 0.00032717891735956073, 0.00021501102310139686, 3.3475665986770764e-05, 1.6848846939865325e-07], "lowlevel.barkbands.stdev": [0.004522133618593216, 0.024105500429868698, 0.005898888688534498, 0.0032386367674916983, 0.006230686791241169, 0.0032074246555566788, 0.0018562264740467072, 0.0010625802678987384, 0.0007397226872853935, 0.0005034242058172822, 0.0012496189447119832, 0.0013856278965249658, 0.0013785789487883449, 0.0007119394140318036, 0.0006271397578530014, 0.0012218303745612502, 0.0017742543714120984, 0.0005340050556696951, 0.0003836000105366111, 0.0004306135233491659, 0.0005268942331895232, 0.0008762207580730319, 0.0004706457839347422, 0.0003371954371687025, 0.0001995627098949626, 3.806216045632027e-05, 7.013417757661955e-07], "lowlevel.erbbands.mean": [0.6289677023887634, 1.9103788137435913, 4.479973793029785, 10.039571762084961, 13.645984649658203, 8.03933048248291, 10.784850120544434, 12.328139305114746, 15.497520446777344, 20.29917335510254, 13.581392288208008, 9.565472602844238, 7.388845443725586, 15.58592414855957, 28.676485061645508, 38.42214584350586, 47.6939697265625, 28.990215301513672, 29.430227279663086, 30.350950241088867, 80.97419738769531, 122.67520141601562, 43.700870513916016, 30.275104522705078, 25.246965408325195, 25.928762435913086, 26.13919448852539, 24.957971572875977, 29.531944274902344, 18.833463668823242, 10.747065544128418, 6.732783794403076, 5.631734371185303, 3.27376389503479, 1.047359585762024, 0.27885767817497253, 0.029595425352454185, 0.0018355031497776508, 8.973338117357343e-05, 5.978046101517975e-05], "lowlevel.erbbands.stdev": [1.1510437726974487, 4.206850528717041, 6.907568454742432, 7.904099941253662, 21.21550750732422, 19.064226150512695, 22.855424880981445, 25.891040802001953, 24.98811912536621, 25.37981414794922, 24.06875991821289, 16.318655014038086, 12.414650917053223, 30.196491241455078, 51.22750473022461, 52.481170654296875, 63.65496063232422, 33.98588943481445, 38.30352020263672, 30.627830505371094, 77.37256622314453, 106.57685852050781, 33.998046875, 21.54761505126953, 16.9044132232666, 18.888015747070312, 21.118709564208984, 24.912691116333008, 33.298095703125, 21.964815139770508, 11.875964164733887, 7.124444484710693, 5.925958156585693, 3.1780779361724854, 0.9633804559707642, 0.29272225499153137, 0.04308979958295822, 0.0037488185334950686, 0.00010688485781429335, 3.771049887291156e-05], "lowlevel.gfcc.mean": [53.73344802856445, 63.171043395996094, -130.45555114746094, 64.69500732421875, -58.76713180541992, 28.450666427612305, -50.24803161621094, 9.595159530639648, -26.018346786499023, 2.3687872886657715, -15.976613998413086, -1.8966158628463745, -14.549654006958008], "lowlevel.melbands.mean": [0.004513259045779705, 0.0023839266505092382, 0.0019080507336184382, 0.0007463625515811145, 0.0003666812554001808, 0.00028411022503860295, 0.00024816987570375204, 0.00020743548520840704, 0.00010566848504822701, 5.619788862532005e-05, 3.519091478665359e-05, 5.8384353906149045e-05, 8.893803897080943e-05, 0.00010170120367547497, 0.00010901832138188183, 9.154453437076882e-05, 4.903696753899567e-05, 4.857244130107574e-05, 3.7950449041090906e-05, 4.616142177837901e-05, 0.00010767659841803834, 0.00013879919424653053, 6.493862019851804e-05, 2.507509088900406e-05, 2.4458551706629805e-05, 1.9591414456954226e-05, 1.74910655914573e-05, 1.6960872017079964e-05, 1.6950598364928737e-05, 1.4253920198825654e-05, 1.4578939953935333e-05, 1.8227798136649653e-05, 1.2918422726215795e-05, 9.491903256275691e-06, 6.516335361084202e-06, 4.567265023069922e-06, 3.945535809180001e-06, 4.015149897895753e-06, 3.523424538798281e-06, 2.522292561479844e-06], "lowlevel.melbands.stdev": [0.008121351711452007, 0.003840812249109149, 0.0015586446970701218, 0.0014971693744882941, 0.0007397677400149405, 0.0005773510201834142, 0.00038200346170924604, 0.00025566635304130614, 0.0002008903684327379, 9.669781138654798e-05, 6.191038119141012e-05, 0.00011531894415384158, 0.00017602689331397414, 0.00015633893781341612, 0.0001503728999523446, 0.00012221217912156135, 6.201679207151756e-05, 6.765987927792594e-05, 4.5753306039841846e-05, 5.003452315577306e-05, 0.00010524778917897493, 0.0001229795307153836, 6.051885065971874e-05, 1.9492395949782804e-05, 1.8524739061831497e-05, 1.48710196299362e-05, 1.2197341675346252e-05, 1.3686269994650502e-05, 1.4623303286498412e-05, 1.2897217857243959e-05, 1.559358679514844e-05, 2.1225871023489162e-05, 1.5409737898153253e-05, 1.1485870345495641e-05, 7.491538326576119e-06, 5.349262210074812e-06, 4.178356448392151e-06, 4.423887276061578e-06, 3.62618106919399e-06, 2.4931764528446365e-06], "lowlevel.melbands128.mean": [0.0023727421648800373, 0.006149055901914835, 0.004802362062036991, 0.002596629085019231, 0.0019136982737109065, 0.0026775216683745384, 0.00200452608987689, 0.0018897372065111995, 0.0014748768880963326, 0.0005783746601082385, 0.000379884586436674, 0.0003459832223597914, 0.00036688297404907644, 0.0003972838167101145, 0.000280744832707569, 0.00022176961647346616, 0.0002340583159821108, 0.0002332823642063886, 0.00030206507653929293, 0.00023715579300187528, 0.000165257413755171, 0.00010604452108964324, 0.00010986335837515071, 8.958434773376212e-05, 5.6871249398682266e-05, 4.894481025985442e-05, 3.435590406297706e-05, 3.520716927596368e-05, 3.125631337752566e-05, 4.38166425738018e-05, 6.621563079534099e-05, 9.185408271150663e-05, 8.013109618332237e-05, 9.763910202309489e-05, 0.00010607839067233726, 0.00010132740862900391, 9.719014633446932e-05, 0.00010670142364688218, 0.00011390359577490017, 0.00012477938435040414, 8.183610771084204e-05, 5.5061085731722414e-05, 4.449308471521363e-05, 4.882749271928333e-05, 5.2583101933123544e-05, 4.808043013326824e-05, 4.4209595216671005e-05, 3.7787256587762386e-05, 3.4247485018568113e-05, 3.923014082829468e-05, 3.878217830788344e-05, 6.0564998420886695e-05, 0.00010593715705908835, 0.00011336329043842852, 0.00013994985783938318, 0.00015102334145922214, 0.00014857217320241034, 6.335373473120853e-05, 4.854536382481456e-05, 2.995936301886104e-05, 2.219263478764333e-05, 2.1776368157588877e-05, 2.546367068134714e-05, 2.556426807132084e-05, 2.2479567633126862e-05, 2.0735660655191168e-05, 1.651964703341946e-05, 1.607990088814404e-05, 1.8142418412026018e-05, 1.9731376596610062e-05, 1.4876066416036338e-05, 1.659067129367031e-05, 1.901227551570628e-05, 1.6696065358701162e-05, 1.5245601389324293e-05, 1.4703984561492689e-05, 1.3309153473528568e-05, 1.3828460396325681e-05, 1.3358053365664091e-05, 1.6364489056286402e-05, 2.1128824300831184e-05, 1.8115943021257408e-05, 1.4235299204301555e-05, 1.3194548046158161e-05, 1.056080964190187e-05, 1.077883553080028e-05, 8.593574420956429e-06, 8.078965947788674e-06, 6.565346666320693e-06, 5.2976492952439e-06, 4.943873591400916e-06, 4.446555522008566e-06, 3.820884558081161e-06, 3.815424861386418e-06, 4.007103143521817e-06, 4.23928895543213e-06, 3.762275810004212e-06, 4.261805315763922e-06, 3.509626594677684e-06, 3.1514721285930136e-06, 3.180659405188635e-06, 2.252455487905536e-06, 2.0656077595049283e-06, 1.572030328134133e-06, 1.0132519037142629e-06, 7.464210511898273e-07, 7.136601425372646e-07, 7.870258968978305e-07, 4.335653045473009e-07, 2.468849800152384e-07, 1.8769875964608218e-07, 9.010072687942738e-08, 5.664922753112478e-08, 3.5320383062753535e-08, 2.3955895045446596e-08, 1.0988970622349825e-08, 5.925077317670002e-09, 1.1888326989506481e-09, 1.1482990253108838e-10, 8.006937127214009e-12, 9.664833169886755e-12, 7.1037394716588764e-12, 5.0713868868235146e-12, 4.97295043686008e-12, 4.850173214443476e-12, 4.704266490240805e-12, 4.615614748043617e-12, 4.582181422491116e-12], "lowlevel.melbands128.stdev": [0.004108557477593422, 0.01129836030304432, 0.010064701549708843, 0.006331682670861483, 0.00418079225346446, 0.0027679011691361666, 0.0017665516352280974, 0.0018995965365320444, 0.0025271079502999783, 0.0018152771517634392, 0.0010267867473885417, 0.0007809440139681101, 0.0008867056458257139, 0.0010216532973572612, 0.0007081973017193377, 0.0004894534358754754, 0.0004501042130868882, 0.0004281549190636724, 0.00047593595809303224, 0.00033896585227921605, 0.0002806752163451165, 0.00022583700774703175, 0.0002719038457144052, 0.00021453830413520336, 0.00011520461703184992, 0.00010645553993526846, 6.586112431250513e-05, 8.498965325998142e-05, 7.5714269769378e-05, 9.95098816929385e-05, 0.00015782311675138772, 0.0002472256019245833, 0.00021619598555844277, 0.00022068688122089952, 0.00021909151109866798, 0.00018483663734514266, 0.00017262983601540327, 0.00019367894856259227, 0.0001961446541827172, 0.00020947257871739566, 0.0001195945224026218, 8.92052412382327e-05, 8.12951402622275e-05, 7.184746209532022e-05, 8.973868534667417e-05, 8.331061690114439e-05, 7.87828175816685e-05, 5.103866715217009e-05, 5.4898653615964577e-05, 5.0737620767904446e-05, 4.761515447171405e-05, 0.00010032652062363923, 0.0001435965532436967, 0.00012650375720113516, 0.0001477012556279078, 0.00016007947851903737, 0.0001808717497624457, 7.042972720228136e-05, 5.816976408823393e-05, 2.793767453113105e-05, 2.237420812889468e-05, 1.9883238564943895e-05, 2.5007630028994754e-05, 2.238039087387733e-05, 2.1494577595149167e-05, 2.0314164430601522e-05, 1.3838322956871707e-05, 1.3853315977030434e-05, 1.531136513222009e-05, 1.746610359987244e-05, 1.2930358934681863e-05, 1.901996074593626e-05, 2.202480027335696e-05, 1.5029782844067086e-05, 1.530601548438426e-05, 1.4293201274995226e-05, 1.507039360149065e-05, 1.8075532352668233e-05, 1.616843837837223e-05, 2.1012550860177726e-05, 2.6207233531749807e-05, 2.435432907077484e-05, 1.844010330387391e-05, 1.7908663721755147e-05, 1.4000764167576563e-05, 1.5150611943681724e-05, 1.1318576980556827e-05, 1.0551999366725795e-05, 8.585487194068264e-06, 6.4614737311785575e-06, 6.651840521954e-06, 5.737201718147844e-06, 4.910255029244581e-06, 4.386128239275422e-06, 4.666960649046814e-06, 5.61620072403457e-06, 4.274032107787207e-06, 5.201635303819785e-06, 3.997129169874825e-06, 3.290261247457238e-06, 3.455831347309868e-06, 2.433254394418327e-06, 2.263994247186929e-06, 1.6452690942969639e-06, 1.1469372793726507e-06, 7.753163799861795e-07, 7.405869837384671e-07, 8.706504104338819e-07, 6.08316781836038e-07, 3.68038428177897e-07, 3.2188276577471697e-07, 1.7979074584673072e-07, 1.4703176987040933e-07, 9.796590916266723e-08, 6.619012538067182e-08, 3.7542470465723454e-08, 2.314982161522039e-08, 9.927609845306051e-09, 1.7840243726752192e-09, 6.367004840024393e-11, 1.3881466809362308e-10, 6.64272803430066e-11, 8.041065209518639e-12, 7.88968543274926e-12, 7.762303820546546e-12, 7.662412371267635e-12, 7.589988533507341e-12, 7.545346292214816e-12], "lowlevel.mfcc.mean": [-574.3556518554688, 75.0578842163086, -1.9686505794525146, 31.17272186279297, 17.28505516052246, 14.453293800354004, -0.6358410120010376, 3.1736207008361816, 0.10120603442192078, -9.121589660644531, 2.041489601135254, 9.962384223937988, 4.495822906494141], "lowlevel.spectral_contrast_coeffs.mean": [-0.6724593639373779, -0.7801219820976257, -0.8058452010154724, -0.8022053241729736, -0.7946377992630005, -0.7416284680366516], "lowlevel.spectral_contrast_coeffs.stdev": [0.07343744486570358, 0.05567202717065811, 0.041864149272441864, 0.03357807919383049, 0.025403045117855072, 0.02740272507071495], "lowlevel.spectral_contrast_valleys.mean": [-6.55303430557251, -6.531984329223633, -6.9871826171875, -6.719446659088135, -6.463230609893799, -9.025992393493652], "lowlevel.spectral_contrast_valleys.stdev": [0.6002055406570435, 0.544236958026886, 0.5310631394386292, 0.411758154630661, 0.38882407546043396, 0.5057610273361206], "rhythm.beats_loudness_band_ratio.mean": [0.5706793069839478, 0.0864204615354538, 0.06232824549078941, 0.0837179496884346, 0.13130642473697662, 0.11205551773309708], "rhythm.beats_loudness_band_ratio.stdev": [0.24209076166152954, 0.07745698094367981, 0.055908579379320145, 0.06315235793590546, 0.07598073035478592, 0.09089787304401398], "tonal.hpcp.mean": [0.06940820813179016, 0.06335000693798065, 0.07810834050178528, 0.0972733199596405, 0.11055418848991394, 0.12512800097465515, 0.11054786294698715, 0.08302781730890274, 0.12206976860761642, 0.3064960837364197, 0.3298735022544861, 0.1890268623828888, 0.17969073355197906, 0.1859009563922882, 0.1429358571767807, 0.11600034683942795, 0.14308911561965942, 0.17173001170158386, 0.16486720740795135, 0.17689013481140137, 0.17822830379009247, 0.11875676363706589, 0.09920085966587067, 0.14757363498210907, 0.2749145030975342, 0.31195899844169617, 0.21069636940956116, 0.1684195101261139, 0.13658499717712402, 0.09636320173740387, 0.08384548127651215, 0.08079659193754196, 0.07494187355041504, 0.06637461483478546, 0.06979279220104218, 0.07428264617919922], "tonal.hpcp.stdev": [0.1462687999010086, 0.14405837655067444, 0.16026780009269714, 0.19939781725406647, 0.2050812989473343, 0.21433421969413757, 0.1989433914422989, 0.17652863264083862, 0.2032061219215393, 0.3559316396713257, 0.36944687366485596, 0.24591009318828583, 0.2623014748096466, 0.26600757241249084, 0.19597062468528748, 0.17568908631801605, 0.21559031307697296, 0.23067298531532288, 0.23082692921161652, 0.22903694212436676, 0.2253829687833786, 0.18716488778591156, 0.16072171926498413, 0.21339648962020874, 0.30192869901657104, 0.3352520167827606, 0.2733408510684967, 0.26536306738853455, 0.2503138482570648, 0.19082213938236237, 0.18301327526569366, 0.15377166867256165, 0.13573190569877625, 0.13627634942531586, 0.14622674882411957, 0.15693587064743042], "rhythm.beats_position": [0.4992290139198303, 0.9984580278396606, 1.5092970132827759, 2.008526086807251, 2.5077550411224365, 3.0185940265655518, 3.5178229808807373, 4.017052173614502, 4.5162811279296875, 5.015510082244873, 5.526349067687988, 6.013967990875244, 6.524806976318359, 7.024035930633545, 7.523265361785889, 8.022494316101074, 8.533332824707031, 9.032562255859375, 9.531790733337402, 10.031020164489746, 10.54185962677002, 11.041088104248047, 11.54031753540039, 12.051156044006348, 12.550385475158691, 13.049613952636719, 13.548843383789062, 14.04807186126709, 14.558911323547363, 15.046530723571777, 15.557369232177734, 16.056598663330078, 16.555828094482422, 17.066665649414062, 17.554285049438477, 18.06512451171875, 18.564353942871094, 19.063581466674805, 19.574420928955078, 20.062040328979492, 20.561269760131836, 21.07210922241211, 21.57133674621582, 22.070566177368164, 22.569795608520508, 23.08063507080078, 23.591472625732422, 24.079092025756836, 24.57832145690918, 25.077550888061523, 25.565170288085938, 26.076007843017578, 26.58684730529785, 27.097686767578125, 27.59691619873047, 28.09614372253418, 28.595373153686523, 29.094602584838867, 29.60544204711914], "rhythm.bpm_histogram": [0.0, 0.0, 0.0, 0.0, 0.0, 0.0, 0.0, 0.0, 0.0, 0.0, 0.0, 0.0, 0.0, 0.0, 0.0, 0.0, 0.0, 0.0, 0.0, 0.0, 0.0, 0.0, 0.0, 0.0, 0.0, 0.0, 0.0, 0.0, 0.0, 0.0, 0.0, 0.0, 0.0, 0.0, 0.0, 0.0, 0.0, 0.0, 0.0, 0.0, 0.0, 0.0, 0.0, 0.0, 0.0, 0.0, 0.0, 0.0, 0.0, 0.0, 0.0, 0.0, 0.0, 0.0, 0.0, 0.0, 0.0, 0.0, 0.0, 0.0, 0.0, 0.0, 0.0, 0.0, 0.0, 0.0, 0.0, 0.0, 0.0, 0.0, 0.0, 0.0, 0.0, 0.0, 0.0, 0.0, 0.0, 0.0, 0.0, 0.0, 0.0, 0.0, 0.0, 0.0, 0.0, 0.0, 0.0, 0.0, 0.0, 0.0, 0.0, 0.0, 0.0, 0.0, 0.0, 0.0, 0.0, 0.0, 0.0, 0.0, 0.0, 0.0, 0.0, 0.0, 0.0, 0.0, 0.0, 0.0, 0.0, 0.0, 0.0, 0.0, 0.0, 0.0, 0.0, 0.0, 0.0, 0.32758620381355286, 0.0, 0.0, 0.568965494632721, 0.0, 0.0, 0.1034482792019844, 0.0, 0.0, 0.0, 0.0, 0.0, 0.0, 0.0, 0.0, 0.0, 0.0, 0.0, 0.0, 0.0, 0.0, 0.0, 0.0, 0.0, 0.0, 0.0, 0.0, 0.0, 0.0, 0.0, 0.0, 0.0, 0.0, 0.0, 0.0, 0.0, 0.0, 0.0, 0.0, 0.0, 0.0, 0.0, 0.0, 0.0, 0.0, 0.0, 0.0, 0.0, 0.0, 0.0, 0.0, 0.0, 0.0, 0.0, 0.0, 0.0, 0.0, 0.0, 0.0, 0.0, 0.0, 0.0, 0.0, 0.0, 0.0, 0.0, 0.0, 0.0, 0.0, 0.0, 0.0, 0.0, 0.0, 0.0, 0.0, 0.0, 0.0, 0.0, 0.0, 0.0, 0.0, 0.0, 0.0, 0.0, 0.0, 0.0, 0.0, 0.0, 0.0, 0.0, 0.0, 0.0, 0.0, 0.0, 0.0, 0.0, 0.0, 0.0, 0.0, 0.0, 0.0, 0.0, 0.0, 0.0, 0.0, 0.0, 0.0, 0.0, 0.0, 0.0, 0.0, 0.0, 0.0, 0.0, 0.0, 0.0, 0.0, 0.0, 0.0, 0.0, 0.0, 0.0, 0.0, 0.0, 0.0, 0.0, 0.0, 0.0, 0.0, 0.0, 0.0, 0.0, 0.0], "tonal.chords_histogram": [0.0, 28.416149139404297, 38.81987762451172, 0.0, 0.0, 15.527950286865234, 2.329192638397217, 4.192546367645264, 0.0, 0.0, 0.0, 0.0, 0.0, 0.0, 0.0, 0.0, 3.726708173751831, 0.0, 0.0, 3.8819875717163086, 0.4658385217189789, 0.0, 1.2422360181808472, 1.3975155353546143], "tonal.thpcp": [1.0, 0.5730283260345459, 0.5447261929512024, 0.5635522603988647, 0.4333050549030304, 0.35165101289749146, 0.4337696433067322, 0.520593523979187, 0.49978917837142944, 0.5362362861633301, 0.5402928590774536, 0.36000698804855347, 0.30072394013404846, 0.44736433029174805, 0.8333936929702759, 0.945692777633667, 0.6387186646461487, 0.5105578899383545, 0.4140526354312897, 0.29212167859077454, 0.2541746497154236, 0.24493204057216644, 0.22718366980552673, 0.2012123316526413, 0.21157440543174744, 0.22518524527549744, 0.210408553481102, 0.19204333424568176, 0.23678269982337952, 0.2948806583881378, 0.3351411521434784, 0.3793211579322815, 0.3351219892501831, 0.2516959309577942, 0.37005025148391724, 0.9291321635246277], "lowlevel.gfcc.cov": [[1630.164306640625, -18.736452102661133, 105.0167465209961, -5.150176525115967, -116.01504516601562, 8.039921760559082, -20.03969955444336, 6.044684410095215, -40.49886703491211, 28.439626693725586, -55.53662109375, 31.370553970336914, -43.949951171875], [-18.736452102661133, 394.2441711425781, -64.3589859008789, -25.763011932373047, 78.079833984375, -14.948495864868164, 74.19771575927734, 22.77360725402832, 66.49173736572266, 4.267038822174072, 87.36557006835938, 14.571085929870605, 99.39322662353516], [105.0167465209961, -64.3589859008789, 230.1962890625, 135.80734252929688, 62.443931579589844, 56.390480041503906, 42.66010284423828, 6.8865556716918945, 33.26356506347656, 50.89704513549805, 29.500185012817383, 46.823429107666016, 7.670162677764893], [-5.150176525115967, -25.763011932373047, 135.80734252929688, 233.5730438232422, 134.42440795898438, 73.76055908203125, 41.662044525146484, 8.70776081085205, 78.095947265625, 47.8055305480957, 51.28142166137695, 16.93596649169922, 24.985057830810547], [-116.01504516601562, 78.079833984375, 62.443931579589844, 134.42440795898438, 219.7868194580078, 92.78011322021484, 89.59612274169922, 50.070003509521484, 100.66907501220703, 68.62396240234375, 76.65309143066406, 35.49429702758789, 48.844642639160156], [8.039921760559082, -14.948495864868164, 56.390480041503906, 73.76055908203125, 92.78011322021484, 172.73179626464844, 139.67291259765625, 78.4927978515625, 50.99853515625, 26.802961349487305, 41.18883514404297, 5.699484348297119, 14.460517883300781], [-20.03969955444336, 74.19771575927734, 42.66010284423828, 41.662044525146484, 89.59612274169922, 139.67291259765625, 242.9751434326172, 135.11936950683594, 79.5664291381836, 26.879152297973633, 45.02824401855469, 24.992198944091797, 39.23526382446289], [6.044684410095215, 22.77360725402832, 6.8865556716918945, 8.70776081085205, 50.070003509521484, 78.4927978515625, 135.11936950683594, 137.56187438964844, 75.42806243896484, 25.71326446533203, 22.456676483154297, 11.278255462646484, 22.754514694213867], [-40.49886703491211, 66.49173736572266, 33.26356506347656, 78.095947265625, 100.66907501220703, 50.99853515625, 79.5664291381836, 75.42806243896484, 129.99188232421875, 64.15567779541016, 59.81948471069336, 14.622920989990234, 36.78703689575195], [28.439626693725586, 4.267038822174072, 50.89704513549805, 47.8055305480957, 68.62396240234375, 26.802961349487305, 26.879152297973633, 25.71326446533203, 64.15567779541016, 88.1214828491211, 50.74945068359375, 23.010902404785156, 7.481998920440674], [-55.53662109375, 87.36557006835938, 29.500185012817383, 51.28142166137695, 76.65309143066406, 41.18883514404297, 45.02824401855469, 22.456676483154297, 59.81948471069336, 50.74945068359375, 98.83345031738281, 44.900550842285156, 52.042537689208984], [31.370553970336914, 14.571085929870605, 46.823429107666016, 16.93596649169922, 35.49429702758789, 5.699484348297119, 24.992198944091797, 11.278255462646484, 14.622920989990234, 23.010902404785156, 44.900550842285156, 78.21879577636719, 50.035587310791016], [-43.949951171875, 99.39322662353516, 7.670162677764893, 24.985057830810547, 48.844642639160156, 14.460517883300781, 39.23526382446289, 22.754514694213867, 36.78703689575195, 7.481998920440674, 52.042537689208984, 50.035587310791016, 98.03353118896484]], "lowlevel.gfcc.icov": [[0.000949566368944943, -0.001412115409038961, 7.967985584400594e-05, -0.0010864112991839647, 0.001692452235147357, -0.00164254498668015, 0.0011059941025450826, -0.0008200069423764944, 0.0004593064950313419, -0.0018745397683233023, 0.002622780855745077, -0.0026128098834306, 0.0011867040302604437], [-0.001412115409038961, 0.009680797345936298, -0.0010617030784487724, 0.005687342025339603, -0.00616139080375433, 0.008101992309093475, -0.006392206996679306, 0.004469005856662989, -0.00263076345436275, 0.006826688535511494, -0.012019339017570019, 0.01211462076753378, -0.0077551621943712234], [7.967985584400594e-05, -0.0010617030784487724, 0.010033982805907726, -0.00690549798309803, 0.0032031082082539797, -0.002627115696668625, -0.000667591521050781, 0.0008963262662291527, 0.0012429144699126482, -0.005409107077866793, 0.004795452579855919, -0.008692611940205097, 0.0027750979643315077], [-0.0010864112991839647, 0.005687342025339603, -0.00690549798309803, 0.015511305071413517, -0.008695004507899284, 0.0029999162070453167, -0.0024324597325176, 0.00605655275285244, -0.007140256930142641, 0.008150872774422169, -0.008474159054458141, 0.01093064621090889, -0.005231757648289204], [0.001692452235147357, -0.00616139080375433, 0.0032031082082539797, -0.008695004507899284, 0.016366923227906227, -0.008919068612158298, 0.0032007622066885233, -0.0011600349098443985, -0.0016110073775053024, -0.009264621883630753, 0.008860140107572079, -0.011587800458073616, 0.003642548806965351], [-0.00164254498668015, 0.008101992309093475, -0.002627115696668625, 0.0029999162070453167, -0.008919068612158298, 0.02214266173541546, -0.011731965467333794, -0.00013553186727222055, 0.0032387333922088146, 0.006902893539518118, -0.015895918011665344, 0.016014322638511658, -0.005082378163933754], [0.0011059941025450826, -0.006392206996679306, -0.000667591521050781, -0.0024324597325176, 0.0032007622066885233, -0.011731965467333794, 0.017778361216187477, -0.01200996246188879, 0.0009938281727954745, -0.0020066474098712206, 0.0072332522831857204, -0.009257405996322632, 0.004122213926166296], [-0.0008200069423764944, 0.004469005856662989, 0.0008963262662291527, 0.00605655275285244, -0.0011600349098443985, -0.00013553186727222055, -0.01200996246188879, 0.02598554454743862, -0.014321891590952873, 0.003123372094705701, 0.0007002664497122169, 0.0017092274501919746, -0.003247404471039772], [0.0004593064950313419, -0.00263076345436275, 0.0012429144699126482, -0.007140256930142641, -0.0016110073775053024, 0.0032387333922088146, 0.0009938281727954745, -0.014321891590952873, 0.029147032648324966, -0.013482577167451382, -0.002884944900870323, 0.005735239014029503, -0.0034569778945297003], [-0.0018745397683233023, 0.006826688535511494, -0.005409107077866793, 0.008150872774422169, -0.009264621883630753, 0.006902893539518118, -0.0020066474098712206, 0.003123372094705701, -0.013482577167451382, 0.034253377467393875, -0.019388455897569656, 0.005853200796991587, 0.004010371398180723], [0.002622780855745077, -0.012019339017570019, 0.004795452579855919, -0.008474159054458141, 0.008860140107572079, -0.015895918011665344, 0.0072332522831857204, 0.0007002664497122169, -0.002884944900870323, -0.019388455897569656, 0.04340154677629471, -0.02539493702352047, 0.0025025561917573214], [-0.0026128098834306, 0.01211462076753378, -0.008692611940205097, 0.01093064621090889, -0.011587800458073616, 0.016014322638511658, -0.009257405996322632, 0.0017092274501919746, 0.005735239014029503, 0.005853200796991587, -0.02539493702352047, 0.04705596715211868, -0.021974671632051468], [0.0011867040302604437, -0.0077551621943712234, 0.0027750979643315077, -0.005231757648289204, 0.003642548806965351, -0.005082378163933754, 0.004122213926166296, -0.003247404471039772, -0.0034569778945297003, 0.004010371398180723, 0.0025025561917573214, -0.021974671632051468, 0.02862868271768093]], "lowlevel.mfcc.cov": [[1163.625, -57.65052795410156, 52.50413131713867, -12.340038299560547, -71.59307861328125, -25.062946319580078, -48.788291931152344, -5.444080829620361, -18.03376579284668, -0.36539649963378906, -10.809300422668457, -46.594627380371094, -32.174644470214844], [-57.65052795410156, 356.21636962890625, -105.2370376586914, -16.295429229736328, -19.89236831665039, -36.11112594604492, 25.63501739501953, 9.444494247436523, 30.020139694213867, -6.375352382659912, 3.8146278858184814, 24.455781936645508, 22.55916976928711], [52.50413131713867, -105.2370376586914, 184.5906219482422, 54.4334716796875, 12.378220558166504, 47.43853759765625, 13.056769371032715, 14.220295906066895, -10.261801719665527, 13.001273155212402, 2.82959246635437, 0.7872138619422913, 6.730872631072998], [-12.340038299560547, -16.295429229736328, 54.4334716796875, 169.11900329589844, 99.0885238647461, 66.6415786743164, -3.1867401599884033, -2.2321557998657227, 15.796709060668945, 19.148433685302734, 27.170289993286133, 32.518192291259766, 29.68177032470703], [-71.59307861328125, -19.89236831665039, 12.378220558166504, 99.0885238647461, 168.2910919189453, 82.12667846679688, -4.496791839599609, -17.73641586303711, 1.0229132175445557, 22.892990112304688, 31.022705078125, 42.97980499267578, 28.039548873901367], [-25.062946319580078, -36.11112594604492, 47.43853759765625, 66.6415786743164, 82.12667846679688, 132.3851318359375, 64.14350891113281, 32.554603576660156, 20.664945602416992, 40.5693359375, 42.50191116333008, 36.14353942871094, 22.466899871826172], [-48.788291931152344, 25.63501739501953, 13.056769371032715, -3.1867401599884033, -4.496791839599609, 64.14350891113281, 134.83338928222656, 98.07910919189453, 61.771324157714844, 42.08799362182617, 38.42755889892578, 33.73971939086914, 22.40721321105957], [-5.444080829620361, 9.444494247436523, 14.220295906066895, -2.2321557998657227, -17.73641586303711, 32.554603576660156, 98.07910919189453, 135.6056365966797, 85.39942932128906, 46.98551940917969, 34.969764709472656, 24.711475372314453, 18.285884857177734], [-18.03376579284668, 30.020139694213867, -10.261801719665527, 15.796709060668945, 1.0229132175445557, 20.664945602416992, 61.771324157714844, 85.39942932128906, 111.45359802246094, 63.65686798095703, 43.05494689941406, 29.866079330444336, 20.64052391052246], [-0.36539649963378906, -6.375352382659912, 13.001273155212402, 19.148433685302734, 22.892990112304688, 40.5693359375, 42.08799362182617, 46.98551940917969, 63.65686798095703, 95.70116424560547, 64.20701599121094, 35.065242767333984, 12.111379623413086], [-10.809300422668457, 3.8146278858184814, 2.82959246635437, 27.170289993286133, 31.022705078125, 42.50191116333008, 38.42755889892578, 34.969764709472656, 43.05494689941406, 64.20701599121094, 91.24977111816406, 55.262264251708984, 23.650226593017578], [-46.594627380371094, 24.455781936645508, 0.7872138619422913, 32.518192291259766, 42.97980499267578, 36.14353942871094, 33.73971939086914, 24.711475372314453, 29.866079330444336, 35.065242767333984, 55.262264251708984, 79.77943420410156, 40.47919464111328], [-32.174644470214844, 22.55916976928711, 6.730872631072998, 29.68177032470703, 28.039548873901367, 22.466899871826172, 22.40721321105957, 18.285884857177734, 20.64052391052246, 12.111379623413086, 23.650226593017578, 40.47919464111328, 58.296077728271484]], "lowlevel.mfcc.icov": [[0.0009445004398003221, -4.68709322376526e-06, -0.00019199855159968138, -0.00011077800445491448, 0.000583370216190815, -0.00034621881786733866, 0.0007813216070644557, -0.0004140185483265668, 0.0001745603367453441, -0.00015920086298137903, -0.00029377435566857457, 0.0003992563288193196, 9.727876022225246e-05], [-4.68709322376526e-06, 0.0038534461054950953, 0.0020675642881542444, -0.0008073007338680327, 0.00048022708506323397, 0.0013376002898439765, -0.0019215310458093882, 0.0011817526537925005, -0.0007955464534461498, 0.00035265274345874786, 0.0006214403547346592, -0.0010750977089628577, -0.0009972334373742342], [-0.00019199855159968138, 0.0020675642881542444, 0.00854949839413166, -0.0033520294819027185, 0.0025738170370459557, -0.0020936632063239813, -5.035540016251616e-05, -0.0018131016986444592, 0.0034678615629673004, -0.0026935385540127754, 0.0022175891790539026, -0.00024566988577134907, -0.0014268106315284967], [-0.00011077800445491448, -0.0008073007338680327, -0.0033520294819027185, 0.011673093773424625, -0.004977111704647541, -0.003021452110260725, 0.0033309413120150566, 0.0004630248004104942, -0.004026635549962521, 0.0026503403205424547, -0.0014772956492379308, 0.0002829597215168178, -0.0018944075563922524], [0.000583370216190815, 0.00048022708506323397, 0.0025738170370459557, -0.004977111704647541, 0.014416095800697803, -0.008368432521820068, 0.004504989366978407, 0.0007865202496759593, 0.0008049424504861236, -0.0017335338052362204, 0.001960229827091098, -0.004288507625460625, -0.0010562697425484657], [-0.00034621881786733866, 0.0013376002898439765, -0.0020936632063239813, -0.003021452110260725, -0.008368432521820068, 0.021649569272994995, -0.012859363108873367, 0.002217069733887911, 0.0034298780374228954, -0.0029161430429667234, -0.0024378423113375902, 0.0016638037050142884, 0.00022539251949638128], [0.0007813216070644557, -0.0019215310458093882, -5.035540016251616e-05, 0.0033309413120150566, 0.004504989366978407, -0.012859363108873367, 0.025231845676898956, -0.01363223884254694, -0.0004279970598872751, 0.0006538266898132861, 7.119242218323052e-05, -0.002985302358865738, -0.0010888174874708056], [-0.0004140185483265668, 0.0011817526537925005, -0.0018131016986444592, 0.0004630248004104942, 0.0007865202496759593, 0.002217069733887911, -0.01363223884254694, 0.02480417862534523, -0.013620905578136444, 0.0022715034428983927, -0.0007188536692410707, 0.0006148628308437765, -0.00027011509519070387], [0.0001745603367453441, -0.0007955464534461498, 0.0034678615629673004, -0.004026635549962521, 0.0008049424504861236, 0.0034298780374228954, -0.0004279970598872751, -0.013620905578136444, 0.0279463846236467