{"song_id": "1182266380876255272", "download": "https://cdn.discordapp.com/attachments/1135911532732108921/1182266380876255272/chirp.mp4?ex=6584125e&amp", "lyrics": "[verse]\nIn the heart of Europe, a nation proud and bold\nGermany, where legends and stories unfold\nFrom the Rhine's flowing waters to the Baltic Sea\nHer spirit unites us, forever wild and free\n\n[chorus]\nOh, German Nation, strong and true\nThrough every challenge, we'll stand with you\nUnited we rise, like the eagle we soar\nGermany, our homeland, forever we adore", "style": ["random"], "essentia_features": {"lowlevel.average_loudness": 0.6264668703079224, "lowlevel.barkbands_crest.mean": 10.936999320983887, "lowlevel.barkbands_crest.stdev": 4.393346786499023, "lowlevel.barkbands_flatness_db.mean": 0.19031944870948792, "lowlevel.barkbands_flatness_db.stdev": 0.08217897266149521, "lowlevel.barkbands_kurtosis.mean": 7.936166763305664, "lowlevel.barkbands_kurtosis.stdev": 16.486520767211914, "lowlevel.barkbands_skewness.mean": 1.4574639797210693, "lowlevel.barkbands_skewness.stdev": 1.8803151845932007, "lowlevel.barkbands_spread.mean": 21.195987701416016, "lowlevel.barkbands_spread.stdev": 16.8220272064209, "lowlevel.dissonance.mean": 0.46390143036842346, "lowlevel.dissonance.stdev": 0.0322706438601017, "lowlevel.dynamic_complexity": 3.545621156692505, "lowlevel.erbbands_crest.mean": 12.639942169189453, "lowlevel.erbbands_crest.stdev": 5.996492385864258, "lowlevel.erbbands_flatness_db.mean": 0.19290411472320557, "lowlevel.erbbands_flatness_db.stdev": 0.06108200550079346, "lowlevel.erbbands_kurtosis.mean": 2.7504091262817383, "lowlevel.erbbands_kurtosis.stdev": 7.507984638214111, "lowlevel.erbbands_skewness.mean": 0.25042325258255005, "lowlevel.erbbands_skewness.stdev": 1.2551637887954712, "lowlevel.erbbands_spread.mean": 36.238643646240234, "lowlevel.erbbands_spread.stdev": 20.809852600097656, "lowlevel.hfc.mean": 32.43975830078125, "lowlevel.hfc.stdev": 36.88302993774414, "lowlevel.loudness_ebu128.integrated": -13.905421257019043, "lowlevel.loudness_ebu128.loudness_range": 5.356647491455078, "lowlevel.loudness_ebu128.momentary.mean": -15.78153133392334, "lowlevel.loudness_ebu128.momentary.stdev": 5.257989883422852, "lowlevel.loudness_ebu128.short_term.mean": -14.819967269897461, "lowlevel.loudness_ebu128.short_term.stdev": 2.027312755584717, "lowlevel.melbands_crest.mean": 15.391863822937012, "lowlevel.melbands_crest.stdev": 6.003077507019043, "lowlevel.melbands_flatness_db.mean": 0.24991585314273834, "lowlevel.melbands_flatness_db.stdev": 0.11100830882787704, "lowlevel.melbands_kurtosis.mean": 17.920915603637695, "lowlevel.melbands_kurtosis.stdev": 28.57712745666504, "lowlevel.melbands_skewness.mean": 2.6231186389923096, "lowlevel.melbands_skewness.stdev": 2.201277494430542, "lowlevel.melbands_spread.mean": 26.352779388427734, "lowlevel.melbands_spread.stdev": 27.747726440429688, "lowlevel.pitch_salience.mean": 0.5422074198722839, "lowlevel.pitch_salience.stdev": 0.1418127566576004, "lowlevel.silence_rate_20dB.mean": 1.0, "lowlevel.silence_rate_20dB.stdev": 0.0, "lowlevel.silence_rate_30dB.mean": 0.8901098966598511, "lowlevel.silence_rate_30dB.stdev": 0.3127550780773163, "lowlevel.silence_rate_60dB.mean": 0.12087912112474442, "lowlevel.silence_rate_60dB.stdev": 0.3259892463684082, "lowlevel.spectral_centroid.mean": 1271.0322265625, "lowlevel.spectral_centroid.stdev": 1092.4451904296875, "lowlevel.spectral_complexity.mean": 14.532966613769531, "lowlevel.spectral_complexity.stdev": 9.55776596069336, "lowlevel.spectral_decrease.mean": -1.211747502338767e-08, "lowlevel.spectral_decrease.stdev": 1.2386308867462503e-08, "lowlevel.spectral_energy.mean": 0.04867655038833618, "lowlevel.spectral_energy.stdev": 0.04717973247170448, "lowlevel.spectral_energyband_high.mean": 0.0023902920074760914, "lowlevel.spectral_energyband_high.stdev": 0.0046595619060099125, "lowlevel.spectral_energyband_low.mean": 0.0271214097738266, "lowlevel.spectral_energyband_low.stdev": 0.04459504410624504, "lowlevel.spectral_energyband_middle_high.mean": 0.004927853122353554, "lowlevel.spectral_energyband_middle_high.stdev": 0.004624179098755121, "lowlevel.spectral_energyband_middle_low.mean": 0.01612190157175064, "lowlevel.spectral_energyband_middle_low.stdev": 0.014765397645533085, "lowlevel.spectral_entropy.mean": 7.317583084106445, "lowlevel.spectral_entropy.stdev": 0.6935214400291443, "lowlevel.spectral_flux.mean": 0.09554380923509598, "lowlevel.spectral_flux.stdev": 0.054063815623521805, "lowlevel.spectral_kurtosis.mean": 6.961269378662109, "lowlevel.spectral_kurtosis.stdev": 13.00124740600586, "lowlevel.spectral_rms.mean": 0.00602420698851347, "lowlevel.spectral_rms.stdev": 0.0033463817089796066, "lowlevel.spectral_rolloff.mean": 1901.6844482421875, "lowlevel.spectral_rolloff.stdev": 2482.9423828125, "lowlevel.spectral_skewness.mean": 1.8822623491287231, "lowlevel.spectral_skewness.stdev": 1.1456378698349, "lowlevel.spectral_spread.mean": 5426403.5, "lowlevel.spectral_spread.stdev": 2336499.0, "lowlevel.spectral_strongpeak.mean": 1.060767650604248, "lowlevel.spectral_strongpeak.stdev": 1.3480836153030396, "lowlevel.zerocrossingrate.mean": 0.07385502755641937, "lowlevel.zerocrossingrate.stdev": 0.07020124793052673, "metadata.audio_properties.analysis.equal_loudness": 0.0, "metadata.audio_properties.analysis.length": 29.54664421081543, "metadata.audio_properties.analysis.sample_rate": 44100.0, "metadata.audio_properties.analysis.start_time": 0.0, "metadata.audio_properties.bit_rate": 120461.0, "metadata.audio_properties.length": 29.546667098999023, "metadata.audio_properties.lossless": 0.0, "metadata.audio_properties.number_channels": 1.0, "metadata.audio_properties.replay_gain": -11.010313034057617, "metadata.audio_properties.sample_rate": 48000.0, "rhythm.beats_count": 70.0, "rhythm.beats_loudness.mean": 0.05472727119922638, "rhythm.beats_loudness.stdev": 0.043868184089660645, "rhythm.bpm": 150.1963653564453, "rhythm.bpm_histogram_first_peak_bpm": 152.0, "rhythm.bpm_histogram_first_peak_weight": 0.41509437561035156, "rhythm.bpm_histogram_second_peak_bpm": 126.0, "rhythm.bpm_histogram_second_peak_spread": 0.5, "rhythm.bpm_histogram_second_peak_weight": 0.07246376574039459, "rhythm.danceability": 0.8778436183929443, "rhythm.onset_rate": 4.364152908325195, "tonal.chords_changes_rate": 0.03134796395897865, "tonal.chords_number_rate": 0.007836990989744663, "tonal.chords_strength.mean": 0.4862877130508423, "tonal.chords_strength.stdev": 0.07744918763637543, "tonal.hpcp_crest.mean": 12.887487411499023, "tonal.hpcp_crest.stdev": 5.046767711639404, "tonal.hpcp_entropy.mean": 1.9978492259979248, "tonal.hpcp_entropy.stdev": 0.6759469509124756, "tonal.key_edma.strength": 0.596696674823761, "tonal.key_krumhansl.strength": 0.6025881767272949, "tonal.key_temperley.strength": 0.5990241169929504, "tonal.tuning_diatonic_strength": 0.5396521687507629, "tonal.tuning_equal_tempered_deviation": 0.284372478723526, "tonal.tuning_frequency": 434.193115234375, "tonal.tuning_nontempered_energy_ratio": 0.9449703693389893, "lowlevel.barkbands.mean": [0.0009553743293508887, 0.015006457455456257, 0.009383403696119785, 0.00426411721855402, 0.0037722261622548103, 0.003574941074475646, 0.0018179104663431644, 0.0012941386085003614, 0.0011783763766288757, 0.000511708261910826, 0.00038881314685568213, 0.0003782300918828696, 0.0002481663250364363, 0.0023924605920910835, 0.00022159774380270392, 0.0003292260807938874, 0.0003205363464076072, 0.00011516903032315895, 0.00011499984248075634, 3.9358201320283115e-05, 0.0003597223258111626, 0.000845160917378962, 0.00018090460798703134, 0.0006519057205878198, 0.00029604448354803026, 3.51655762642622e-05, 4.525238068708859e-07], "lowlevel.barkbands.stdev": [0.001948102843016386, 0.02478414587676525, 0.02024787664413452, 0.005346073769032955, 0.0050655086524784565, 0.0058008297346532345, 0.0033555980771780014, 0.0031375286635011435, 0.00346770859323442, 0.001329086604528129, 0.0010361814638599753, 0.0008792721782810986, 0.00045929293264634907, 0.0021295303013175726, 0.0003544601204339415, 0.0005637971917167306, 0.0006840366404503584, 0.00037601517396979034, 0.0004517679044511169, 0.0001255473034689203, 0.0011748694814741611, 0.0016749781789258122, 0.00046515767462551594, 0.001781844301149249, 0.0006777829839847982, 9.072381362784654e-05, 1.8541151121098665e-06], "lowlevel.erbbands.mean": [0.33589446544647217, 3.59189772605896, 12.143355369567871, 11.099648475646973, 15.15023136138916, 10.896601676940918, 17.537857055664062, 32.1666259765625, 31.79755210876465, 26.032209396362305, 25.860671997070312, 28.64933967590332, 19.652076721191406, 13.64909839630127, 16.820451736450195, 15.036291122436523, 14.330850601196289, 111.80953216552734, 41.88527297973633, 13.491707801818848, 19.63174819946289, 16.79680061340332, 6.786365985870361, 8.335724830627441, 2.968222141265869, 1.9810495376586914, 6.45646333694458, 24.497169494628906, 36.72523880004883, 8.028992652893066, 5.51076078414917, 9.720389366149902, 12.879600524902344, 5.2126851081848145, 1.0478050708770752, 0.2151729315519333, 0.05527940019965172, 0.006330904085189104, 0.0001733897370286286, 6.896488775964826e-05], "lowlevel.erbbands.stdev": [0.6465544700622559, 6.360616207122803, 25.897783279418945, 15.006566047668457, 20.229419708251953, 16.241512298583984, 30.266132354736328, 54.97865295410156, 53.74110412597656, 59.47805404663086, 61.62683868408203, 85.22074127197266, 55.395755767822266, 35.090213775634766, 42.08618927001953, 32.2779426574707, 21.28825569152832, 100.91477966308594, 39.513763427734375, 20.326587677001953, 35.21089553833008, 36.931365966796875, 20.40736198425293, 33.73477554321289, 9.671619415283203, 6.350778102874756, 23.55886459350586, 66.20914459228516, 73.00584411621094, 17.37495231628418, 14.418058395385742, 27.688114166259766, 34.74106979370117, 12.33633041381836, 2.401655435562134, 0.5158787965774536, 0.16762074828147888, 0.018736034631729126, 0.00038950552698224783, 5.840915400767699e-05], "lowlevel.gfcc.mean": [-27.012798309326172, 95.73097229003906, -99.4462661743164, 30.044946670532227, -58.4219970703125, 39.15922927856445, -55.02926254272461, -9.675871849060059, -8.195148468017578, 10.33123779296875, -20.625621795654297, -7.245148658752441, -6.9686808586120605], "lowlevel.melbands.mean": [0.003441325156018138, 0.005768609698861837, 0.0021675287280231714, 0.0008903629495762289, 0.0005884147831238806, 0.0007217837846837938, 0.00045449050958268344, 0.00028211623430252075, 0.00020916313224006444, 0.00017564703011885285, 9.397022222401574e-05, 5.381496521295048e-05, 5.423599941423163e-05, 4.579853703035042e-05, 2.9135842851246707e-05, 2.841925925167743e-05, 0.0002496307424735278, 8.765152597334236e-05, 1.525125844636932e-05, 2.0548908651107922e-05, 2.392877831880469e-05, 2.032189331657719e-05, 7.769042895233724e-06, 5.170184977032477e-06, 7.348322469624691e-06, 2.5390331757080276e-06, 1.4294213315224624e-06, 1.157949554908555e-06, 2.336283841941622e-06, 7.806907888152637e-06, 1.6959118511294946e-05, 2.550033968873322e-05, 8.691487892065197e-06, 2.7913574740523472e-06, 2.6387610887468327e-06, 4.274954790162155e-06, 6.597239917027764e-06, 9.531082469038665e-06, 7.3420669650658965e-06, 3.455202431723592e-06], "lowlevel.melbands.stdev": [0.0058101024478673935, 0.011127659119665623, 0.0025597100611776114, 0.0011845268309116364, 0.0009293098119087517, 0.0011821166845038533, 0.0007652175263501704, 0.0006813023937866092, 0.000521578302141279, 0.0005336767062544823, 0.00026914788759313524, 0.00014098438259679824, 0.00014341363566927612, 0.00011563573934836313, 5.5039181461324915e-05, 5.149685966898687e-05, 0.00022745375463273376, 8.371871808776632e-05, 2.526878051867243e-05, 3.353119609528221e-05, 4.689669003710151e-05, 4.423619247972965e-05, 2.2364325559465215e-05, 1.8045533579424955e-05, 3.08137787214946e-05, 8.940546649682801e-06, 4.508992333285278e-06, 3.958347406296525e-06, 9.829873306443915e-06, 2.7886362659046426e-05, 4.424937651492655e-05, 5.13987397425808e-05, 1.862608769442886e-05, 6.995393960096408e-06, 7.183861271187197e-06, 1.1938463103433605e-05, 1.943149618455209e-05, 2.612723437778186e-05, 1.9191891624359414e-05, 8.047502888075542e-06], "lowlevel.melbands128.mean": [0.0008621419547125697, 0.0027661898639053106, 0.0031544361263513565, 0.007204573601484299, 0.007492495700716972, 0.0037632985040545464, 0.002018802333623171, 0.0022838753648102283, 0.001542222686111927, 0.0007101562223397195, 0.0005259255995042622, 0.0005666774814017117, 0.0005929797189310193, 0.0006236384506337345, 0.0007676621899008751, 0.0007632221095263958, 0.000657070311717689, 0.0003696653002407402, 0.00023949619207996875, 0.000297058024443686, 0.00031745777232572436, 0.00019436146249063313, 0.00021380456746555865, 0.0001905287936097011, 0.00019607378635555506, 0.00018138447194360197, 9.442710143048316e-05, 0.00010335137631045654, 7.045759411994368e-05, 5.239279198576696e-05, 4.936333789373748e-05, 5.175540718482807e-05, 5.186374255572446e-05, 6.37787816231139e-05, 4.4764183257939294e-05, 4.1919694922398776e-05, 4.332426760811359e-05, 2.8383881726767868e-05, 2.0023860997753218e-05, 2.507704084564466e-05, 2.7288786441204138e-05, 3.656195985968225e-05, 0.0002119967102771625, 0.000502455048263073, 8.03100410848856e-05, 3.775772711378522e-05, 1.717353006824851e-05, 1.5018656995380297e-05, 1.3672229215444531e-05, 1.5543044355581515e-05, 2.3883227186161093e-05, 2.2818661818746477e-05, 2.094513547490351e-05, 2.5175660994136706e-05, 2.8868409572169185e-05, 2.1297799321473576e-05, 1.2298658475629054e-05, 8.711217560630757e-06, 6.561384452652419e-06, 4.63966762254131e-06, 4.587935109157115e-06, 5.1334864110685885e-06, 9.17001125344541e-06, 8.525914381607436e-06, 3.764982920984039e-06, 2.113047457896755e-06, 1.942322342074476e-06, 1.4996287518442841e-06, 1.3847770787833724e-06, 1.1913934940821491e-06, 1.0885046322073322e-06, 1.138514676313207e-06, 1.3476593494488043e-06, 2.151871058231336e-06, 3.6963615457352716e-06, 7.0217174652498215e-06, 1.0405202374386135e-05, 9.794478501135018e-06, 1.7353791918139905e-05, 2.379311445110943e-05, 2.8568198104039766e-05, 2.9237064154585823e-05, 1.2948149560543243e-05, 6.7921046138508245e-06, 4.049520612170454e-06, 2.9146995075279847e-06, 2.4632238364574732e-06, 2.167203319913824e-06, 2.4806126930343453e-06, 3.0142307423375314e-06, 3.70715406461386e-06, 4.652004463423509e-06, 5.20909679835313e-06, 6.178845524118515e-06, 7.510571776947472e-06, 9.052539098775014e-06, 1.0312689482816495e-05, 1.0267315701639745e-05, 7.368840670096688e-06, 6.190012754814234e-06, 4.314436409913469e-06, 2.923891997852479e-06, 2.554387265263358e-06, 1.690136286924826e-06, 8.057002105488209e-07, 5.277685772853147e-07, 5.408047059063392e-07, 5.30772069851082e-07, 2.9116543487361923e-07, 2.1507328540337767e-07, 2.0930697530729958e-07, 1.6016619497349893e-07, 1.8957544511977176e-07, 1.62023795269306e-07, 1.1408139499735626e-07, 6.2005568679524e-08, 1.8668641743602166e-08, 2.0926811394872402e-09, 3.058499287167393e-11, 6.698996392329182e-12, 6.5094128004483665e-12, 6.3673749432779925e-12, 6.211261106142674e-12, 6.0912976052041046e-12, 5.962108844820291e-12, 5.8153828974560895e-12, 5.7260775981893275e-12, 5.687417550803708e-12], "lowlevel.melbands128.stdev": [0.0017526919255033135, 0.0057798754423856735, 0.006654252763837576, 0.013008682988584042, 0.01628302037715912, 0.007638606242835522, 0.00324423355050385, 0.002961202524602413, 0.002388991415500641, 0.0014581228606402874, 0.0009512415272183716, 0.0010711662471294403, 0.0012597581371665, 0.0012654984602704644, 0.0015792646445333958, 0.0014204789185896516, 0.0012354624923318624, 0.0008562759612686932, 0.0006880203727632761, 0.0008080763509497046, 0.0009611952700652182, 0.0005643930053338408, 0.0006420238059945405, 0.0006720250239595771, 0.0006917427526786923, 0.0006294838385656476, 0.0003755076904781163, 0.00031631524325348437, 0.0002156108384951949, 0.00015227221592795104, 0.00016399558808188885, 0.00017689458036329597, 0.00017010890587698668, 0.00016919258632697165, 0.00014595207176171243, 0.0001285704056499526, 9.619300544727594e-05, 6.733589543728158e-05, 4.0431437810184434e-05, 5.858625809196383e-05, 5.757015242124908e-05, 8.188596984837204e-05, 0.00021543909679166973, 0.0004924529930576682, 0.00011601321602938697, 6.588744872715324e-05, 3.249523797421716e-05, 2.7163339836988598e-05, 2.8781842047465034e-05, 3.0235114536480978e-05, 4.210097176837735e-05, 4.193990025669336e-05, 4.698223347077146e-05, 6.674512405879796e-05, 6.180719356052577e-05, 5.6895642046583816e-05, 4.0002290916163474e-05, 2.701828270801343e-05, 2.154223511752207e-05, 1.721758053463418e-05, 1.728008282952942e-05, 2.0650246369768865e-05, 4.1618015529820696e-05, 3.9691291021881625e-05, 1.6975434846244752e-05, 6.806045803386951e-06, 7.270714377227705e-06, 4.9697287067829166e-06, 4.798840109287994e-06, 3.6725475638377247e-06, 4.476360118133016e-06, 4.395521955302684e-06, 5.558788416237803e-06, 1.0795649359351955e-05, 1.8291608284926042e-05, 2.6649804567568935e-05, 4.19351490563713e-05, 4.0139751945389435e-05, 5.0658203690545633e-05, 5.885749123990536e-05, 6.32767187198624e-05, 6.224537355592474e-05, 2.9496533898054622e-05, 1.6139774743351154e-05, 1.1110389095847495e-05, 7.774538971716538e-06, 7.116997494449606e-06, 6.171637323859613e-06, 7.353653018071782e-06, 9.37434560910333e-06, 1.0656012818799354e-05, 1.3804735317535233e-05, 1.6847568986122496e-05, 2.2120821085991338e-05, 2.114127346430905e-05, 2.6858397177420557e-05, 2.843286893039476e-05, 3.0221570341382176e-05, 2.0723564375657588e-05, 1.6249827240244485e-05, 9.993265848606825e-06, 7.587213531223824e-06, 6.4873247538344e-06, 4.251432073942851e-06, 2.365572981943842e-06, 1.4180242260408704e-06, 1.4517045201500878e-06, 1.3065948678558925e-06, 8.819226877676556e-07, 7.132080099836458e-07, 8.362959533769754e-07, 6.514898132081726e-07, 6.454160939028952e-07, 5.096600261822459e-07, 3.664731025310175e-07, 2.2390787535186973e-07, 7.321339268173688e-08, 2.0312866055860468e-08, 4.122236718639982e-10, 1.4348880590653312e-11, 1.3996609427024964e-11, 1.3697723511008064e-11, 1.3406373233770807e-11, 1.3172237606218218e-11, 1.2977564335658887e-11, 1.2823284101237675e-11, 1.2709477567596217e-11, 1.2639678366455076e-11], "lowlevel.mfcc.mean": [-674.6801147460938, 122.98322296142578, 26.331035614013672, -3.0419363975524902, 23.948753356933594, 28.203886032104492, -16.841552734375, -10.519975662231445, 10.345016479492188, -8.278429985046387, 13.120709419250488, -0.16301023960113525, -13.806537628173828], "lowlevel.spectral_contrast_coeffs.mean": [-0.7134357690811157, -0.7601870894432068, -0.8200621604919434, -0.769433856010437, -0.7703545093536377, -0.7404701709747314], "lowlevel.spectral_contrast_coeffs.stdev": [0.07928845286369324, 0.08395976573228836, 0.04883395880460739, 0.04892686754465103, 0.05974685028195381, 0.05265771597623825], "lowlevel.spectral_contrast_valleys.mean": [-6.655011177062988, -6.813723564147949, -7.587438583374023, -7.583901405334473, -8.984981536865234, -10.227007865905762], "lowlevel.spectral_contrast_valleys.stdev": [1.4446005821228027, 1.2119121551513672, 1.0990691184997559, 1.0630419254302979, 1.3934284448623657, 1.6920194625854492], "rhythm.beats_loudness_band_ratio.mean": [0.4192720949649811, 0.15689082443714142, 0.17392872273921967, 0.1523425579071045, 0.08091709017753601, 0.08319039642810822], "rhythm.beats_loudness_band_ratio.stdev": [0.2855660319328308, 0.16183027625083923, 0.18300965428352356, 0.15269413590431213, 0.09404993057250977, 0.1744096726179123], "tonal.hpcp.mean": [0.08624214679002762, 0.06770557910203934, 0.05006582662463188, 0.04335755854845047, 0.04891470447182655, 0.05464046075940132, 0.050759457051754, 0.05105750635266304, 0.06311094015836716, 0.13515815138816833, 0.156198650598526, 0.08374541252851486, 0.05306733772158623, 0.05523323640227318, 0.05650611221790314, 0.06678855419158936, 0.07520823180675507, 0.08012039959430695, 0.08691512793302536, 0.07337772101163864, 0.05822601914405823, 0.062399473041296005, 0.0796976387500763, 0.17488223314285278, 0.4339275360107422, 0.3916485607624054, 0.13375765085220337, 0.08638335764408112, 0.08218275010585785, 0.10483107715845108, 0.27719321846961975, 0.42132505774497986, 0.253927081823349, 0.08738259971141815, 0.07840202003717422, 0.08426526188850403], "tonal.hpcp.stdev": [0.17404158413410187, 0.14745306968688965, 0.13807813823223114, 0.1174754872918129, 0.13352756202220917, 0.15378914773464203, 0.13600634038448334, 0.15079008042812347, 0.14272108674049377, 0.20388947427272797, 0.21915367245674133, 0.14257356524467468, 0.12436402589082718, 0.14272038638591766, 0.1388178914785385, 0.14898371696472168, 0.15399500727653503, 0.14458101987838745, 0.17128673195838928, 0.16919828951358795, 0.15873759984970093, 0.1639343798160553, 0.17497511208057404, 0.23326106369495392, 0.43560051918029785, 0.4000023305416107, 0.20600388944149017, 0.19384393095970154, 0.1836242824792862, 0.20636582374572754, 0.2878732979297638, 0.3718337416648865, 0.2680966258049011, 0.17355293035507202, 0.1492157280445099, 0.16672274470329285], "rhythm.beats_position": [0.4643990993499756, 0.9404081702232361, 1.4164172410964966, 1.904036283493042, 2.3800454139709473, 2.8560543060302734, 3.320453405380249, 3.7964625358581543, 4.28408145904541, 4.771700382232666, 5.27092981338501, 5.770158767700195, 6.257777690887451, 6.757006645202637, 7.256235599517822, 7.6625847816467285, 8.080544471740723, 8.486893653869629, 8.881632804870605, 9.287981986999512, 9.682721138000488, 10.077460289001465, 10.472199440002441, 10.866938591003418, 11.261677742004395, 11.6680269241333, 12.074376106262207, 12.469115257263184, 12.86385440826416, 13.270203590393066, 13.676552772521973, 14.082901954650879, 14.477641105651855, 14.872380256652832, 15.278729438781738, 15.673469543457031, 16.068208694458008, 16.462947845458984, 16.85768699645996, 17.275646209716797, 17.670385360717773, 18.06512451171875, 18.459863662719727, 18.854602813720703, 19.26095199584961, 19.655691146850586, 20.062040328979492, 20.4683895111084, 20.863128662109375, 21.25786781311035, 21.664216995239258, 22.058956146240234, 22.45369529724121, 22.860044479370117, 23.266393661499023, 23.6611328125, 24.067481994628906, 24.473831176757812, 24.86857032775879, 25.263309478759766, 25.658048629760742, 26.06439781188965, 26.470746994018555, 26.86548614501953, 27.26022720336914, 27.666576385498047, 28.072925567626953, 28.46766471862793, 28.862403869628906, 29.268753051757812], "rhythm.bpm_histogram": [0.0, 0.0, 0.0, 0.0, 0.0, 0.0, 0.0, 0.0, 0.0, 0.0, 0.0, 0.0, 0.0, 0.0, 0.0, 0.0, 0.0, 0.0, 0.0, 0.0, 0.0, 0.0, 0.0, 0.0, 0.0, 0.0, 0.0, 0.0, 0.0, 0.0, 0.0, 0.0, 0.0, 0.0, 0.0, 0.0, 0.0, 0.0, 0.0, 0.0, 0.0, 0.0, 0.0, 0.0, 0.0, 0.0, 0.0, 0.0, 0.0, 0.0, 0.0, 0.0, 0.0, 0.0, 0.0, 0.0, 0.0, 0.0, 0.0, 0.0, 0.0, 0.0, 0.0, 0.0, 0.0, 0.0, 0.0, 0.0, 0.0, 0.0, 0.0, 0.0, 0.0, 0.0, 0.0, 0.0, 0.0, 0.0, 0.0, 0.0, 0.0, 0.0, 0.0, 0.0, 0.0, 0.0, 0.0, 0.0, 0.0, 0.0, 0.0, 0.0, 0.0, 0.0, 0.0, 0.0, 0.0, 0.0, 0.0, 0.0, 0.0, 0.0, 0.0, 0.0, 0.0, 0.0, 0.0, 0.0, 0.0, 0.0, 0.0, 0.0, 0.0, 0.0, 0.0, 0.0, 0.0, 0.0, 0.0, 0.0, 0.05797101557254791, 0.0, 0.0, 0.05797101557254791, 0.0, 0.0, 0.07246376574039459, 0.0, 0.0, 0.014492753893136978, 0.0, 0.0, 0.0, 0.0, 0.0, 0.0, 0.0, 0.0, 0.0, 0.0, 0.0, 0.0, 0.0, 0.0, 0.028985507786273956, 0.0, 0.0, 0.0, 0.3188405930995941, 0.0, 0.0, 0.0, 0.4492753744125366, 0.0, 0.0, 0.0, 0.0, 0.0, 0.0, 0.0, 0.0, 0.0, 0.0, 0.0, 0.0, 0.0, 0.0, 0.0, 0.0, 0.0, 0.0, 0.0, 0.0, 0.0, 0.0, 0.0, 0.0, 0.0, 0.0, 0.0, 0.0, 0.0, 0.0, 0.0, 0.0, 0.0, 0.0, 0.0, 0.0, 0.0, 0.0, 0.0, 0.0, 0.0, 0.0, 0.0, 0.0, 0.0, 0.0, 0.0, 0.0, 0.0, 0.0, 0.0, 0.0, 0.0, 0.0, 0.0, 0.0, 0.0, 0.0, 0.0, 0.0, 0.0, 0.0, 0.0, 0.0, 0.0, 0.0, 0.0, 0.0, 0.0, 0.0, 0.0, 0.0, 0.0, 0.0, 0.0, 0.0, 0.0, 0.0, 0.0, 0.0, 0.0, 0.0, 0.0, 0.0, 0.0, 0.0, 0.0, 0.0, 0.0, 0.0, 0.0, 0.0, 0.0, 0.0, 0.0, 0.0, 0.0], "tonal.chords_histogram": [35.109718322753906, 0.0, 7.836990833282471, 0.31347963213920593, 2.3510971069335938, 0.0, 0.0, 0.0, 0.0, 51.72413635253906, 0.0, 2.664576768875122, 0.0, 0.0, 0.0, 0.0, 0.0, 0.0, 0.0, 0.0, 0.0, 0.0, 0.0, 0.0], "tonal.thpcp": [1.0, 0.9025667309761047, 0.3082488179206848, 0.19907324016094208, 0.1893928050994873, 0.2415865957736969, 0.6388007402420044, 0.9709571599960327, 0.5851831436157227, 0.2013760209083557, 0.18067997694015503, 0.19419200718402863, 0.19874781370162964, 0.15602968633174896, 0.11537831276655197, 0.099918894469738, 0.11272551119327545, 0.12592069804668427, 0.11697680503129959, 0.1176636666059494, 0.1454411894083023, 0.31147632002830505, 0.3599648177623749, 0.19299399852752686, 0.12229539453983307, 0.12728677690029144, 0.13022015988826752, 0.1539163738489151, 0.17331980168819427, 0.1846400499343872, 0.2002987116575241, 0.16910132765769958, 0.13418373465538025, 0.14380159974098206, 0.18366578221321106, 0.40302175283432007], "lowlevel.gfcc.cov": [[12244.75, -2017.94677734375, 997.7277221679688, 1050.4237060546875, -1331.455810546875, 250.64297485351562, -915.1658325195312, 218.67173767089844, -203.42019653320312, 239.0308074951172, -231.1612548828125, 559.2482299804688, -16.02732276916504], [-2017.94677734375, 3835.023193359375, 671.70703125, -288.89501953125, 712.7095336914062, -358.8042907714844, 591.4867553710938, -61.170188903808594, 405.29132080078125, -330.82403564453125, 251.29556274414062, -170.7065887451172, 214.28785705566406], [997.7277221679688, 671.70703125, 1071.035400390625, 263.9093322753906, 73.14058685302734, -73.79597473144531, -53.74799346923828, -32.234100341796875, 34.48915100097656, -21.165557861328125, 29.130569458007812, 28.018896102905273, 40.41120910644531], [1050.4237060546875, -288.89501953125, 263.9093322753906, 727.9049682617188, 140.8094940185547, -34.861061096191406, -91.16653442382812, 55.28098678588867, -23.785873413085938, 15.5139799118042, 113.55864715576172, 68.85696411132812, 44.49576187133789], [-1331.455810546875, 712.7095336914062, 73.14058685302734, 140.8094940185547, 620.0012817382812, -126.47872924804688, 158.60687255859375, 33.96572494506836, 83.200927734375, -42.285701751708984, 182.26681518554688, -42.06257247924805, 35.053035736083984], [250.64297485351562, -358.8042907714844, -73.79597473144531, -34.861061096191406, -126.47872924804688, 289.9408264160156, -34.22405242919922, -1.5774178504943848, -12.48458480834961, 52.83829879760742, -50.1625862121582, 2.1291136741638184, 12.051806449890137], [-915.1658325195312, 591.4867553710938, -53.74799346923828, -91.16653442382812, 158.60687255859375, -34.22405242919922, 512.0734252929688, 148.4333953857422, 73.14107513427734, -102.365478515625, 62.422218322753906, -64.3176040649414, 38.37322235107422], [218.67173767089844, -61.170188903808594, -32.234100341796875, 55.28098678588867, 33.96572494506836, -1.5774178504943848, 148.4333953857422, 193.19895935058594, 20.920969009399414, -2.972234010696411, 38.71262741088867, 21.36941146850586, -12.822263717651367], [-203.42019653320312, 405.29132080078125, 34.48915100097656, -23.785873413085938, 83.200927734375, -12.48458480834961, 73.14107513427734, 20.920969009399414, 188.14820861816406, 27.143861770629883, 72.8211441040039, -38.30984115600586, 43.013038635253906], [239.0308074951172, -330.82403564453125, -21.165557861328125, 15.5139799118042, -42.285701751708984, 52.83829879760742, -102.365478515625, -2.972234010696411, 27.143861770629883, 166.7356719970703, 11.080918312072754, 21.103185653686523, -20.49702262878418], [-231.1612548828125, 251.29556274414062, 29.130569458007812, 113.55864715576172, 182.26681518554688, -50.1625862121582, 62.422218322753906, 38.71262741088867, 72.8211441040039, 11.080918312072754, 187.93856811523438, 5.6700286865234375, 35.68344497680664], [559.2482299804688, -170.7065887451172, 28.018896102905273, 68.85696411132812, -42.06257247924805, 2.1291136741638184, -64.3176040649414, 21.36941146850586, -38.30984115600586, 21.103185653686523, 5.6700286865234375, 111.77832794189453, 14.610034942626953], [-16.02732276916504, 214.28785705566406, 40.41120910644531, 44.49576187133789, 35.053035736083984, 12.051806449890137, 38.37322235107422, -12.822263717651367, 43.013038635253906, -20.49702262878418, 35.68344497680664, 14.610034942626953, 94.86729431152344]], "lowlevel.gfcc.icov": [[0.00022002794139552861, -7.286523032234982e-05, -0.00011208771320525557, -0.0003048783401027322, 0.0005132999503985047, -7.943787932163104e-05, 0.0002935133234132081, -0.00044872952275909483, -0.00010233681678073481, -1.335953584202798e-05, 7.748196367174387e-05, -0.0006017293781042099, 0.00014059962995816022], [-7.286523032234982e-05, 0.0010339299915358424, -0.0005709721590392292, 0.0007600890821777284, -0.0008072932832874358, 0.0005363082746043801, -0.0006182876531966031, 0.0008810156141407788, -0.0014591565122827888, 0.0014113880461081862, -0.00025943396030925214, 0.00013381028838921338, -0.0008182178717106581], [-0.00011208771320525557, -0.0005709721590392292, 0.001511772396042943, -0.0006814380176365376, 8.838843496050686e-05, -5.4379193898057565e-05, 0.0001609520986676216, 0.00012580273323692381, 0.0004974222974851727, -0.000648766290396452, 0.0004012828867416829, 5.9791527746710926e-05, 0.0003467187052592635], [-0.0003048783401027322, 0.0007600890821777284, -0.0006814380176365376, 0.002922237850725651, -0.0014563124859705567, 0.00046529999235644937, 0.00010143686085939407, -0.00015023784362711012, 0.0001689274940872565, 0.0008433233015239239, -0.0012836690293624997, 0.0008079526014626026, -0.0019670745823532343], [0.0005132999503985047, -0.0008072932832874358, 8.838843496050686e-05, -0.0014563124859705567, 0.004231500439345837, 0.00010254279186483473, 0.0004674295778386295, -0.0011003867257386446, 0.0006310325697995722, -0.000677378848195076, -0.0018002535216510296, -0.0005477198865264654, 0.0009703387040644884], [-7.943787932163104e-05, 0.0005363082746043801, -5.4379193898057565e-05, 0.00046529999235644937, 0.00010254279186483473, 0.004630434792488813, -0.0003273766196798533, -5.974694067845121e-05, -8.255931606981903e-05, -0.0010120702208951116, 0.0007105614640749991, 0.0011771528515964746, -0.0025514992885291576], [0.0002935133234132081, -0.0006182876531966031, 0.0001609520986676216, 0.00010143686085939407, 0.0004674295778386295, -0.0003273766196798533, 0.00486188055947423, -0.004672408103942871, 0.0006626293761655688, 0.0009746706928126514, -0.0001341790921287611, 0.0016280502313748002, -0.0016893070423975587], [-0.00044872952275909483, 0.0008810156141407788, 0.00012580273323692381, -0.00015023784362711012, -0.0011003867257386446, -5.974694067845121e-05, -0.004672408103942871, 0.010901413857936859, -0.002590877702459693, 0.0008438145741820335, -0.0010014791041612625, -0.0030442874412983656, 0.003931143321096897], [-0.00010233681678073481, -0.0014591565122827888, 0.0004974222974851727, 0.0001689274940872565, 0.0006310325697995722, -8.255931606981903e-05, 0.0006626293761655688, -0.002590877702459693, 0.011458564549684525, -0.0049573578871786594, -0.002201354131102562, 0.004669512622058392, -0.004010865930467844], [-1.335953584202798e-05, 0.0014113880461081862, -0.000648766290396452, 0.0008433233015239239, -0.000677378848195076, -0.0010120702208951116, 0.0009746706928126514, 0.0008438145741820335, -0.0049573578871786594, 0.010846992023289204, -0.0015102181350812316, -0.0019345988985151052, 0.0022464210633188486], [7.748196367174387e-05, -0.00025943396030925214, 0.0004012828867416829, -0.0012836690293624997, -0.0018002535216510296, 0.0007105614640749991, -0.0001341790921287611, -0.0010014791041612625, -0.002201354131102562, -0.0015102181350812316, 0.009896156378090382, -0.0014718641759827733, -0.001299791387282312], [-0.0006017293781042099, 0.00013381028838921338, 5.9791527746710926e-05, 0.0008079526014626026, -0.0005477198865264654, 0.0011771528515964746, 0.0016280502313748002, -0.0030442874412983656, 0.004669512622058392, -0.0019345988985151052, -0.0014718641759827733, 0.015794573351740837, -0.006239474285393953], [0.00014059962995816022, -0.0008182178717106581, 0.0003467187052592635, -0.0019670745823532343, 0.0009703387040644884, -0.0025514992885291576, -0.0016893070423975587, 0.003931143321096897, -0.004010865930467844, 0.0022464210633188486, -0.001299791387282312, -0.006239474285393953, 0.018121886998414993]], "lowlevel.mfcc.cov": [[11535.6298828125, -2580.133544921875, 1352.269287109375, 191.20913696289062, -18.27411651611328, -254.3622589111328, -516.097900390625, -155.1146697998047, -35.886226654052734, -557.09375, 86.73027801513672, -49.442684173583984, -47.77345657348633], [-2580.133544921875, 3749.430419921875, 172.82359313964844, 211.70077514648438, 91.6213150024414, -10.653793334960938, 135.7733154296875, 256.55059814453125, 164.628173828125, 92.68270111083984, 25.02798080444336, 49.154685974121094, 124.2863540649414], [1352.269287109375, 172.82359313964844, 957.2157592773438, 121.27529907226562, 117.7005386352539, 60.20603942871094, -124.4212646484375, -66.02822875976562, 7.199843883514404, -82.29428100585938, -19.63287353515625, -31.677560806274414, -16.828433990478516], [191.20913696289062, 211.70077514648438, 121.27529907226562, 843.5071411132812, 256.79571533203125, -36.912357330322266, 135.69436645507812, 94.6795654296875, -68.47378540039062, 67.8764877319336, -34.92523956298828, 41.96623992919922, 105.03240203857422], [-18.27411651611328, 91.6213150024414, 117.7005386352539, 256.79571533203125, 452.33880615234375, 61.225433349609375, -45.594303131103516, -69.93368530273438, -83.06299591064453, 7.960342884063721, -8.0851411819458, 10.775964736938477, 24.996070861816406], [-254.3622589111328, -10.653793334960938, 60.20603942871094, -36.912357330322266, 61.225433349609375, 155.50918579101562, 15.301413536071777, -26.013830184936523, 25.58740997314453, -10.283417701721191, -1.2799491882324219, -3.9486231803894043, -23.900463104248047], [-516.097900390625, 135.7733154296875, -124.4212646484375, 135.69436645507812, -45.594303131103516, 15.301413536071777, 270.890869140625, 144.87327575683594, 20.92704200744629, 92.8268051147461, -14.635092735290527, 29.71671485900879, 58.393489837646484], [-155.1146697998047, 256.55059814453125, -66.02822875976562, 94.6795654296875, -69.93368530273438, -26.013830184936523, 144.87327575683594, 228.68064880371094, 45.310028076171875, 58.72815704345703, -0.055976707488298416, 1.8778654336929321, 59.60437774658203], [-35.886226654052734, 164.628173828125, 7.199843883514404, -68.47378540039062, -83.06299591064453, 25.58740997314453, 20.92704200744629, 45.310028076171875, 166.21372985839844, 10.105488777160645, 47.17221450805664, 8.050138473510742, -29.282289505004883], [-557.09375, 92.68270111083984, -82.29428100585938, 67.8764877319336, 7.960342884063721, -10.283417701721191, 92.8268051147461, 58.72815704345703, 10.105488777160645, 178.22149658203125, 31.881093978881836, 37.91636657714844, 48.67237091064453], [86.73027801513672, 25.02798080444336, -19.63287353515625, -34.92523956298828, -8.0851411819458, -1.2799491882324219, -14.635092735290527, -0.055976707488298416, 47.17221450805664, 31.881093978881836, 119.71142578125, 27.870180130004883, -12.405407905578613], [-49.442684173583984, 49.154685974121094, -31.677560806274414, 41.96623992919922, 10.775964736938477, -3.9486231803894043, 29.71671485900879, 1.8778654336929321, 8.050138473510742, 37.91636657714844, 27.870180130004883, 76.03324127197266, 33.17026138305664], [-47.77345657348633, 124.2863540649414, -16.828433990478516, 105.03240203857422, 24.996070861816406, -23.900463104248047, 58.393489837646484, 59.60437774658203, -29.282289505004883, 48.67237091064453, -12.405407905578613, 33.17026138305664, 114.91621398925781]], "lowlevel.mfcc.icov": [[0.00020431613666005433, 0.00017362179642077535, -0.00029587303288280964, -5.45612201676704e-05, -2.623395084810909e-05, 0.0004275528190191835, 0.00013894823496229947, -0.00023411984147969633, -0.00015134405111894011, 0.0006320772226899862, -0.0003234580799471587, -0.0001697231491561979, -0.00024304866383317858], [0.00017362179642077535, 0.00046562394709326327, -0.00031834657420404255, -2.432657674944494e-05, -0.00019124058599118143, 0.000453394022770226, 0.0001442621578462422, -0.0005043667042627931, -0.000505072355736047, 0.0005237431032583117, -0.0002012397162616253, -0.0002456637448631227, -0.00043294610804878175], [-0.00029587303288280964, -0.00031834657420404255, 0.0017054085619747639, -0.00026932224864140153, 3.7325975426938385e-05, -0.0012132731499150395, 0.0004978295182809234, 0.0004626217996701598, -6.054856930859387e-05, -0.0006150471162982285, 0.0005730707198381424, 0.0006672474555671215, 7.81638955231756e-05], [-5.45612201676704e-05, -2.432657674944494e-05, -0.00026932224864140153, 0.0020124821458011866, -0.0013034369330853224, 0.0009415369713678956, -0.0010795064736157656, -0.00044615266961045563, 0.0001677599357208237, -0.0001084700706996955, 0.00043807559995912015, -0.0005617975257337093, -0.0003177712787874043], [-2.623395084810909e-05, -0.00019124058599118143, 3.7325975426938385e-05, -0.0013034369330853224, 0.003846615320071578, -0.002222384326159954, 0.0011236066929996014, 0.0008837111527100205, 0.0016313580563291907, -0.0005820667720399797, -0.0005141725996509194, 0.00019385408086236566, -0.0003847354091703892], [0.0004275528190191835, 0.000453394022770226, -0.0012132731499150395, 0.0009415369713678956, -0.002222384326159954, 0.00969759188592434, -0.0023452481254935265, 0.0008106427849270403, -0.0024203776847571135, 0.001834034570492804, -8.965099550550804e-05, -0.0002017015212913975, 0.0005757246981374919], [0.00013894823496229947, 0.0001442621578462422, 0.0004978295182809234, -0.0010795064736157656, 0.0011236066929996014, -0.0023452481254935265, 0.008120466955006123, -0.004025967326015234, 0.00015015326789580286, -0.001876257942058146, 0.0015968607040122151, -0.0021394325885921717, -0.00018615594308357686], [-0.00023411984147969633, -0.0005043667042627931, 0.0004626217996701598, -0.00044615266961045563, 0.0008837111527100205, 0.0008106427849270403, -0.004025967326015234, 0.009521526284515858, -0.002153635723516345, -0.0008717411546967924, -0.00044934789184480906, 0.004192232619971037, -0.0034309132024645805], [-0.00015134405111894011, -0.000505072355736047, -6.054856930859387e-05, 0.0001677599357208237, 0.0016313580563291907, -0.0024203776847571135, 0.00015015326789580286, -0.002153635723516345, 0.009764188900589943, -0.0005675042630173266, -0.0026378100737929344, -0.0015122303739190102, 0.0033838064409792423], [0.0006320772226899862, 0.0005237431032583117, -0.0006150471162982285, -0.0001084700706996955, -0.0005820667720399797, 0.001834034570492804, -0.001876257942058146, -0.0008717411546967924, -0.0005675042630173266, 0.010212712921202183, -0.0032913144677877426, -0.0018520961748436093, -0.0026718671433627605], [-0.0003234580799471587, -0.0002012397162616253, 0.0005730707198381424, 0.00043807559995912015, -0.0005141725996509194, -8.965099550550804e-05, 0.0015968607040122151, -0.00044934789184480906, -0.0026378100737929344, -0.0032913144677877426, 0.012191365472972393, -0.0042924159206449986, 0.0025584830436855555], [-0.0001697231491561979, -0.0002456637448631227, 0.0006672474555671215, -0.0005617975257337093, 0.00019385408086236566, -0.0002017015212913975, -0.0021394325885921717, 0.004192232619971037, -0.0015122303739190102, -0.0018520961748436093, -0.0042924159206449986, 0.019824126735329628, -0.006151516921818256], [-0.00024304866383317858, -0.00043294610804878175, 7.81638955231756e-05, -0.0003177712787874043, -0.0003847354091703892, 0.0005757246981374919, -0.00018615594308357686, -0.0034309132024645805, 0.0033838064409792423, -0.0026718671433627605, 0.0025584830436855555, -0.006151516921818256, 0.01549435406923294]], "metadata.audio_properties.analysis.downmix": "mix", "metadata.audio_properties.codec": "mp3", "metadata.audio_properties.md5_encoded": "5b9e5bfb8ae1b13886a773bb62fb1855", "metadata.tags.file_name": "1182266380876255272.mp3", "metadata.version.essentia": "2.1-beta6-dev", "metadata.version.essentia_git_sha": "v2.1_beta5-1110-g77a6a954", "metadata.version.extractor": "music 2.0", "tonal.chords_key": "C", "tonal.cho