{"song_id": "1182275983647195176", "download": "https://cdn.discordapp.com/attachments/1128313332273782784/1182275983647195176/chirp.mp4?ex=65841b50&amp", "lyrics": "You are the dancing queen\nYoung and sweet\nOnly seventeen\nDancing queen\nFeel the beat from the tambourine, oh yeah\nYou can dance\nYou can jive\nHaving the time of your life\nOoh, see that girl\nWatch that scene\nDigging the dancing queen", "style": ["fast femele rnb"], "essentia_features": {"lowlevel.average_loudness": 0.9674330353736877, "lowlevel.barkbands_crest.mean": 11.086030960083008, "lowlevel.barkbands_crest.stdev": 4.882365703582764, "lowlevel.barkbands_flatness_db.mean": 0.19443568587303162, "lowlevel.barkbands_flatness_db.stdev": 0.04567943140864372, "lowlevel.barkbands_kurtosis.mean": 3.7489359378814697, "lowlevel.barkbands_kurtosis.stdev": 8.221242904663086, "lowlevel.barkbands_skewness.mean": 0.9269999265670776, "lowlevel.barkbands_skewness.stdev": 1.3200820684432983, "lowlevel.barkbands_spread.mean": 16.57796287536621, "lowlevel.barkbands_spread.stdev": 10.071520805358887, "lowlevel.dissonance.mean": 0.4448586404323578, "lowlevel.dissonance.stdev": 0.04136095941066742, "lowlevel.dynamic_complexity": 3.5800228118896484, "lowlevel.erbbands_crest.mean": 13.816699981689453, "lowlevel.erbbands_crest.stdev": 6.982561111450195, "lowlevel.erbbands_flatness_db.mean": 0.21595843136310577, "lowlevel.erbbands_flatness_db.stdev": 0.0614328570663929, "lowlevel.erbbands_kurtosis.mean": 3.1539270877838135, "lowlevel.erbbands_kurtosis.stdev": 7.299510478973389, "lowlevel.erbbands_skewness.mean": 0.5981771349906921, "lowlevel.erbbands_skewness.stdev": 1.017219066619873, "lowlevel.erbbands_spread.mean": 24.325986862182617, "lowlevel.erbbands_spread.stdev": 18.06477928161621, "lowlevel.hfc.mean": 18.675106048583984, "lowlevel.hfc.stdev": 20.720611572265625, "lowlevel.loudness_ebu128.integrated": -17.690500259399414, "lowlevel.loudness_ebu128.loudness_range": 2.1889877319335938, "lowlevel.loudness_ebu128.momentary.mean": -18.353723526000977, "lowlevel.loudness_ebu128.momentary.stdev": 2.543696165084839, "lowlevel.loudness_ebu128.short_term.mean": -17.662023544311523, "lowlevel.loudness_ebu128.short_term.stdev": 0.8014814257621765, "lowlevel.melbands_crest.mean": 15.031923294067383, "lowlevel.melbands_crest.stdev": 5.488200664520264, "lowlevel.melbands_flatness_db.mean": 0.22543370723724365, "lowlevel.melbands_flatness_db.stdev": 0.05465403199195862, "lowlevel.melbands_kurtosis.mean": 7.884507656097412, "lowlevel.melbands_kurtosis.stdev": 16.528362274169922, "lowlevel.melbands_skewness.mean": 1.508857250213623, "lowlevel.melbands_skewness.stdev": 1.7356504201889038, "lowlevel.melbands_spread.mean": 21.946666717529297, "lowlevel.melbands_spread.stdev": 13.435775756835938, "lowlevel.pitch_salience.mean": 0.48857736587524414, "lowlevel.pitch_salience.stdev": 0.11006256937980652, "lowlevel.silence_rate_20dB.mean": 1.0, "lowlevel.silence_rate_20dB.stdev": 0.0, "lowlevel.silence_rate_30dB.mean": 0.9913669228553772, "lowlevel.silence_rate_30dB.stdev": 0.09251196682453156, "lowlevel.silence_rate_60dB.mean": 0.04964028671383858, "lowlevel.silence_rate_60dB.stdev": 0.21720090508460999, "lowlevel.spectral_centroid.mean": 1110.5308837890625, "lowlevel.spectral_centroid.stdev": 500.776611328125, "lowlevel.spectral_complexity.mean": 13.187769889831543, "lowlevel.spectral_complexity.stdev": 4.959693431854248, "lowlevel.spectral_decrease.mean": -5.746479292412232e-09, "lowlevel.spectral_decrease.stdev": 6.113332506885172e-09, "lowlevel.spectral_energy.mean": 0.023382429033517838, "lowlevel.spectral_energy.stdev": 0.02456723153591156, "lowlevel.spectral_energyband_high.mean": 0.0002744826197158545, "lowlevel.spectral_energyband_high.stdev": 0.0003794673248194158, "lowlevel.spectral_energyband_low.mean": 0.006195545196533203, "lowlevel.spectral_energyband_low.stdev": 0.012958242557942867, "lowlevel.spectral_energyband_middle_high.mean": 0.010584412142634392, "lowlevel.spectral_energyband_middle_high.stdev": 0.01767614297568798, "lowlevel.spectral_energyband_middle_low.mean": 0.0075596473179757595, "lowlevel.spectral_energyband_middle_low.stdev": 0.011675303801894188, "lowlevel.spectral_entropy.mean": 7.2380051612854, "lowlevel.spectral_entropy.stdev": 0.4469713866710663, "lowlevel.spectral_flux.mean": 0.08263233304023743, "lowlevel.spectral_flux.stdev": 0.0666213259100914, "lowlevel.spectral_kurtosis.mean": 6.5075883865356445, "lowlevel.spectral_kurtosis.stdev": 4.857823371887207, "lowlevel.spectral_rms.mean": 0.004285202827304602, "lowlevel.spectral_rms.stdev": 0.0021093101240694523, "lowlevel.spectral_rolloff.mean": 1232.6292724609375, "lowlevel.spectral_rolloff.stdev": 886.0819091796875, "lowlevel.spectral_skewness.mean": 1.890730619430542, "lowlevel.spectral_skewness.stdev": 0.5774121880531311, "lowlevel.spectral_spread.mean": 4087682.0, "lowlevel.spectral_spread.stdev": 1759682.375, "lowlevel.spectral_strongpeak.mean": 1.9292856454849243, "lowlevel.spectral_strongpeak.stdev": 2.4476802349090576, "lowlevel.zerocrossingrate.mean": 0.05013243481516838, "lowlevel.zerocrossingrate.stdev": 0.022994661703705788, "metadata.audio_properties.analysis.equal_loudness": 0.0, "metadata.audio_properties.analysis.length": 32.234649658203125, "metadata.audio_properties.analysis.sample_rate": 44100.0, "metadata.audio_properties.analysis.start_time": 0.0, "metadata.audio_properties.bit_rate": 100758.0, "metadata.audio_properties.length": 32.23466491699219, "metadata.audio_properties.lossless": 0.0, "metadata.audio_properties.number_channels": 1.0, "metadata.audio_properties.replay_gain": -9.900548934936523, "metadata.audio_properties.sample_rate": 48000.0, "rhythm.beats_count": 62.0, "rhythm.beats_loudness.mean": 0.035031069070100784, "rhythm.beats_loudness.stdev": 0.019401026889681816, "rhythm.bpm": 117.69761657714844, "rhythm.bpm_histogram_first_peak_bpm": 117.0, "rhythm.bpm_histogram_first_peak_weight": 0.22413790225982666, "rhythm.bpm_histogram_second_peak_bpm": 123.0, "rhythm.bpm_histogram_second_peak_spread": 0.0, "rhythm.bpm_histogram_second_peak_weight": 0.032786883413791656, "rhythm.danceability": 1.4451611042022705, "rhythm.onset_rate": 3.8136558532714844, "tonal.chords_changes_rate": 0.06178160756826401, "tonal.chords_number_rate": 0.008620689623057842, "tonal.chords_strength.mean": 0.4989767074584961, "tonal.chords_strength.stdev": 0.06399384886026382, "tonal.hpcp_crest.mean": 16.130931854248047, "tonal.hpcp_crest.stdev": 7.126077175140381, "tonal.hpcp_entropy.mean": 1.5968259572982788, "tonal.hpcp_entropy.stdev": 0.6431365013122559, "tonal.key_edma.strength": 0.814260721206665, "tonal.key_krumhansl.strength": 0.8273564577102661, "tonal.key_temperley.strength": 0.8443825840950012, "tonal.tuning_diatonic_strength": 0.6831420063972473, "tonal.tuning_equal_tempered_deviation": 0.015909705311059952, "tonal.tuning_frequency": 441.5275573730469, "tonal.tuning_nontempered_energy_ratio": 0.6445927619934082, "lowlevel.barkbands.mean": [4.726505358121358e-05, 0.0028670537285506725, 0.0022410626988857985, 0.0016793916001915932, 0.0009697178029455245, 0.000617565936408937, 0.0015758449444547296, 0.0012951045064255595, 0.0010622090194374323, 0.003309304127469659, 0.0027357095386832952, 0.001712480909191072, 0.0006262810784392059, 0.0002337251353310421, 0.0006230596336536109, 0.0006447202176786959, 0.00047137337969616055, 0.00025467429077252746, 0.00010189934255322441, 0.0001251070643775165, 7.139202352846041e-05, 2.5263903808081523e-05, 2.8425487471395172e-05, 2.710446460696403e-05, 3.6663146602222696e-05, 3.4365665868563156e-08, 8.275281015990288e-10], "lowlevel.barkbands.stdev": [0.00017001957166939974, 0.008020205423235893, 0.004962876904755831, 0.003443432506173849, 0.002236793050542474, 0.0013258014805614948, 0.0046797944232821465, 0.00675122020766139, 0.003718189662322402, 0.010053102858364582, 0.009217333979904652, 0.005509604699909687, 0.0021686123218387365, 0.0005759536288678646, 0.001855270704254508, 0.0017515261424705386, 0.0015899273566901684, 0.000753226806409657, 0.00017039067461155355, 0.00028893930721096694, 0.00012229857384227216, 4.260544665157795e-05, 5.3971161833032966e-05, 6.804620352340862e-05, 7.097540219547227e-05, 1.4505937429021287e-07, 1.3984442492898097e-09], "lowlevel.erbbands.mean": [0.06500545144081116, 0.7206548452377319, 2.3740084171295166, 4.738739490509033, 4.170845031738281, 2.8998351097106934, 4.017822742462158, 5.206482887268066, 18.002201080322266, 25.06589698791504, 27.911752700805664, 25.33078384399414, 44.59092712402344, 160.73239135742188, 100.33629608154297, 72.00506591796875, 33.95196533203125, 14.377671241760254, 34.68073654174805, 16.772459030151367, 43.38545227050781, 29.017671585083008, 14.011576652526855, 6.984466552734375, 5.399410724639893, 7.035878658294678, 4.430108547210693, 1.6018171310424805, 0.9644623398780823, 0.8748288154602051, 0.7840154767036438, 0.6422552466392517, 0.4375593960285187, 0.5002988576889038, 0.2059207558631897, 0.010021492838859558, 0.00030010304180905223, 2.4932121959864162e-05, 1.5569410606985912e-05, 2.8241942345630378e-05], "lowlevel.erbbands.stdev": [0.2002038061618805, 1.9649717807769775, 5.270697593688965, 8.349414825439453, 11.089695930480957, 6.279300689697266, 8.223320960998535, 13.041581153869629, 56.70170593261719, 99.06048583984375, 124.32197570800781, 81.75094604492188, 154.0376739501953, 527.860595703125, 296.3576965332031, 231.17466735839844, 104.07101440429688, 31.38926124572754, 101.92137145996094, 36.84559631347656, 111.78624725341797, 98.94975280761719, 39.211544036865234, 14.064815521240234, 9.376411437988281, 16.13892936706543, 7.9944257736206055, 2.4242122173309326, 1.5675625801086426, 1.5944033861160278, 1.513413429260254, 1.537735939025879, 1.0993026494979858, 1.1006323099136353, 0.3446095287799835, 0.016480684280395508, 0.0004887765389867127, 3.731431206688285e-05, 1.4284500139183365e-05, 2.8623415346373804e-05], "lowlevel.gfcc.mean": [-46.13202667236328, 121.30119323730469, -138.96080017089844, 29.784231185913086, -61.349639892578125, 33.90157699584961, -31.16609764099121, 14.701869010925293, -26.141407012939453, -9.8797607421875, -9.11118221282959, -15.788872718811035, 5.390963077545166], "lowlevel.melbands.mean": [0.0007061803480610251, 0.001160266576334834, 0.0007872902206145227, 0.0002472835185471922, 0.00012871397484559566, 0.0001206661545438692, 0.00029381533386185765, 0.00027752944151870906, 0.00020540214609354734, 0.00016101851360872388, 0.00021383351122494787, 0.0006449028151109815, 0.00035933704930357635, 0.0002343438536627218, 0.00010133770410902798, 5.362606680137105e-05, 2.145515099982731e-05, 5.156882252776995e-05, 3.4300570405321196e-05, 2.4020377168199047e-05, 5.5039996368577704e-05, 3.213101808796637e-05, 1.6603898984612897e-05, 1.003755460260436e-05, 4.929290753352689e-06, 4.056424586451612e-06, 3.093434770562453e-06, 5.12051883561071e-06, 3.1359145395981614e-06, 1.4741276572749484e-06, 7.397077297355281e-07, 5.25929522154911e-07, 5.121201525071228e-07, 4.809978122466418e-07, 4.614668966951285e-07, 4.0006736412578903e-07, 3.960816457038163e-07, 2.9650260557900765e-07, 3.247590996124927e-07, 4.5554085659205157e-07], "lowlevel.melbands.stdev": [0.002041182480752468, 0.002601171378046274, 0.0014475638745352626, 0.0005940574337728322, 0.00024695752654224634, 0.00030937406700104475, 0.0008912143530324101, 0.0012280234368517995, 0.0008678050362505019, 0.0005832021124660969, 0.0007852136041037738, 0.002142534125596285, 0.0011173702077940106, 0.0007181158289313316, 0.0003272460016887635, 0.00014989878400228918, 5.628122016787529e-05, 0.00014893212937749922, 0.00010332663805456832, 7.536315388279036e-05, 0.00015299140068236738, 0.0001283086894545704, 5.928284372203052e-05, 2.8888453016406856e-05, 1.0771627785288729e-05, 7.747880772512872e-06, 5.5137916206149384e-06, 1.3311583643371705e-05, 6.548495093738893e-06, 2.5502934022370027e-06, 1.1981492207269184e-06, 8.964531161836931e-07, 9.462374350732716e-07, 9.270976306652301e-07, 8.782284908193105e-07, 9.026737188833067e-07, 1.0321130048396299e-06, 8.30829094411456e-07, 7.011601610429352e-07, 1.0456218433319009e-06], "lowlevel.melbands128.mean": [4.02010373363737e-05, 0.00039402974653057754, 0.001040531788021326, 0.0012072236277163029, 0.001200697966851294, 0.001088296645320952, 0.0010459108743816614, 0.0007197266677394509, 0.00037402220186777413, 0.0002563516318332404, 0.00013460485206451267, 9.672705346019939e-05, 0.0001538866345072165, 0.0001303893222939223, 9.98158793663606e-05, 0.00011016061762347817, 0.0001994512276723981, 0.0003766135487239808, 0.0003505816275719553, 0.0002711979323066771, 0.00023173152294475585, 0.0003023328317794949, 0.00020815854077227414, 9.073983528651297e-05, 0.0001662152208155021, 0.00017205379845108837, 0.0001986977003980428, 0.00017613374802749604, 0.00018506123160477728, 0.0007411384722217917, 0.0008713581482879817, 0.0003444522444624454, 0.00040641266969032586, 0.0002732033026404679, 0.00020680695888586342, 0.0002849613665603101, 0.00019288800831418484, 3.029338586202357e-05, 0.00010788515646709129, 8.570226782467216e-05, 2.5275743610109203e-05, 3.327635204186663e-05, 2.3443937607225962e-05, 1.3705792298424058e-05, 1.751919262460433e-05, 6.0131849750177935e-05, 0.00010018672764999792, 2.671770198503509e-05, 1.2233416782692075e-05, 1.5997635273379274e-05, 1.5376901501440443e-05, 3.7969912227708846e-05, 8.12670768937096e-05, 5.0811137043638155e-05, 2.4956500055850483e-05, 4.673072908190079e-05, 1.8075914340442978e-05, 1.658254950598348e-05, 1.9857585357385688e-05, 7.433951395796612e-06, 1.0978774298564531e-05, 1.0119451872014906e-05, 6.932704764039954e-06, 3.1834083529247437e-06, 1.7720963114697952e-06, 4.444293608685257e-06, 5.875299848412396e-06, 2.214600499428343e-06, 2.0392201349750394e-06, 4.376660854177317e-06, 6.9361763053166214e-06, 4.418042408360634e-06, 2.921835402958095e-06, 3.7984357277309755e-06, 2.1515788830583915e-06, 1.5088023701537168e-06, 1.2828556918975664e-06, 6.187523240441806e-07, 8.818899459583918e-07, 5.119519528307137e-07, 5.483050244947663e-07, 5.434712875285186e-07, 4.2979016257049807e-07, 6.265908041314106e-07, 4.1591459876144654e-07, 4.93032757731271e-07, 4.805070830116165e-07, 4.913683255836077e-07, 4.848083108299761e-07, 4.1492447167001956e-07, 4.3583128217505873e-07, 3.760328297630622e-07, 3.6994498486819793e-07, 4.6518565000042145e-07, 3.451200996096304e-07, 3.263880614667869e-07, 2.880740908040025e-07, 2.605086706353177e-07, 2.465880868385284e-07, 3.842339708626241e-07, 5.375789555728261e-07, 5.106574008095777e-07, 2.626179593789857e-07, 4.280122709587886e-07, 2.547952533404896e-07, 1.4414870008749858e-07, 2.6304011413458284e-08, 2.5183140017759342e-09, 3.5747075438630205e-11, 2.7511220732079344e-11, 1.3957055129687479e-11, 2.065670724749058e-11, 1.1207464643836484e-11, 5.9639198961292106e-12, 4.536575542307686e-12, 4.187416906276109e-12, 4.206728281691552e-12, 3.862979814500678e-12, 3.755790817239202e-12, 3.655342088043634e-12, 3.5646260249100337e-12, 3.491570964644919e-12, 3.427561619945285e-12, 3.363178225496144e-12, 3.2678957196524694e-12, 3.144478167432796e-12, 3.0715445378109996e-12, 3.0481932082604413e-12], "lowlevel.melbands128.stdev": [0.0001450048730475828, 0.0013466454111039639, 0.00317799742333591, 0.0033621496986597776, 0.0028793462552130222, 0.0024228517431765795, 0.0018519817385822535, 0.00178612454328686, 0.0011874736519530416, 0.0005829414003528655, 0.0003386081662029028, 0.00021652763825841248, 0.0003681069938465953, 0.0003167640243191272, 0.0003176801837980747, 0.000415796268498525, 0.0009687331621535122, 0.001241436810232699, 0.001320354058407247, 0.001223097089678049, 0.0019730066414922476, 0.001633685315027833, 0.001070320955477655, 0.00027800246607512236, 0.0006408890476450324, 0.0009369797771796584, 0.001080610672943294, 0.001117756706662476, 0.0009333171183243394, 0.0024652539286762476, 0.003712727688252926, 0.0015060885343700647, 0.0018195557640865445, 0.0013503932859748602, 0.0009134992142207921, 0.0011128111509606242, 0.0009027321357280016, 0.00017751852283254266, 0.0005458132363855839, 0.000323819083860144, 9.614737064111978e-05, 0.00012853427324444056, 8.959729893831536e-05, 4.582803012453951e-05, 5.805124237667769e-05, 0.00021326808200683445, 0.0004014638834632933, 0.00012389929906930774, 5.5927095672814175e-05, 6.568524258909747e-05, 9.945316560333595e-05, 0.00014793816080782562, 0.0002915291115641594, 0.00020149869669694453, 9.477707499172539e-05, 0.0002623523469083011, 9.760634566191584e-05, 6.736417708452791e-05, 0.00010733593808254227, 3.196838224539533e-05, 4.5781402150169015e-05, 4.065726898261346e-05, 2.026243782893289e-05, 9.46237014431972e-06, 4.0988566070154775e-06, 1.1200568224012386e-05, 1.3407131518761162e-05, 6.271234269661363e-06, 5.5192103900481015e-06, 1.147632792708464e-05, 2.1696776457247324e-05, 2.0481696992646903e-05, 9.743414921103977e-06, 9.45018109632656e-06, 5.92568767388002e-06, 2.760184997896431e-06, 3.2935702165559633e-06, 1.430942688784853e-06, 1.6152176840478205e-06, 9.678034302851302e-07, 1.0666378784662811e-06, 1.0300252597517101e-06, 8.245972367149079e-07, 1.2962949540451518e-06, 8.712235626262554e-07, 1.0778958312585019e-06, 1.0173773716815049e-06, 9.838714731813525e-07, 9.464636150369188e-07, 9.551806670060614e-07, 1.0001069767895387e-06, 9.837933703238377e-07, 8.907397841539932e-07, 1.2476646134018665e-06, 1.0954405524898903e-06, 1.0222624950984027e-06, 8.227038961194921e-07, 7.702034281464876e-07, 5.344788291949953e-07, 8.485695275339822e-07, 1.2550578958325787e-06, 1.40008091875643e-06, 5.041686108597787e-07, 6.945375048417191e-07, 4.670746420742944e-07, 2.525564468669472e-07, 5.4706578822560914e-08, 6.734127033780624e-09, 7.442397254031619e-10, 8.085989100514723e-10, 3.0949698359705735e-10, 5.720249274254741e-10, 2.3056591358372458e-10, 5.2887735857432006e-11, 1.031058918798955e-11, 7.538287702391067e-12, 1.0649444867616431e-11, 6.484565922421082e-12, 6.301493181426476e-12, 6.137288593999202e-12, 5.991274750621889e-12, 5.858065768582499e-12, 5.7421576174498945e-12, 5.642271372341412e-12, 5.5586793848427796e-12, 5.493136327749948e-12, 5.444983873503784e-12, 5.415439797984423e-12], "lowlevel.mfcc.mean": [-679.6100463867188, 137.91429138183594, -7.501923561096191, 5.292354583740234, 2.9671976566314697, 5.782048225402832, 14.783388137817383, 8.372398376464844, 8.551692008972168, 0.035310134291648865, -5.525389194488525, -0.7557732462882996, 3.406449794769287], "lowlevel.spectral_contrast_coeffs.mean": [-0.7219142317771912, -0.7353624701499939, -0.6983737945556641, -0.763343870639801, -0.7938093543052673, -0.7894654870033264], "lowlevel.spectral_contrast_coeffs.stdev": [0.05769417807459831, 0.07960112392902374, 0.0912327915430069, 0.07320050150156021, 0.058450568467378616, 0.03853810951113701], "lowlevel.spectral_contrast_valleys.mean": [-7.016482830047607, -7.206419944763184, -7.4383769035339355, -7.978813648223877, -8.128645896911621, -10.761514663696289], "lowlevel.spectral_contrast_valleys.stdev": [0.6853199005126953, 0.6579031348228455, 0.5714214444160461, 0.62156742811203, 0.7256954908370972, 0.8590990900993347], "rhythm.beats_loudness_band_ratio.mean": [0.4159708619117737, 0.07475990802049637, 0.19176101684570312, 0.22190003097057343, 0.08182400465011597, 0.031026078388094902], "rhythm.beats_loudness_band_ratio.stdev": [0.2708747982978821, 0.08840402215719223, 0.19330236315727234, 0.23899710178375244, 0.10457278788089752, 0.022734226658940315], "tonal.hpcp.mean": [0.36974531412124634, 0.2421860694885254, 0.10966270416975021, 0.06362839788198471, 0.05400564894080162, 0.10316403955221176, 0.15098091959953308, 0.11950721591711044, 0.07345221936702728, 0.058946043252944946, 0.05573724955320358, 0.07468409836292267, 0.09266471117734909, 0.08797440677881241, 0.23127248883247375, 0.4028301537036896, 0.24234537780284882, 0.05607812851667404, 0.04146202281117439, 0.027692487463355064, 0.09614912420511246, 0.17886535823345184, 0.1315847784280777, 0.05920474976301193, 0.037954896688461304, 0.03302331268787384, 0.058533672243356705, 0.07170438766479492, 0.053370583802461624, 0.0922662615776062, 0.14000438153743744, 0.08773166686296463, 0.041593264788389206, 0.04718856140971184, 0.06073131784796715, 0.23457559943199158], "tonal.hpcp.stdev": [0.3615017831325531, 0.2920564115047455, 0.242845818400383, 0.17913059890270233, 0.16494473814964294, 0.231056347489357, 0.2821705937385559, 0.2399398684501648, 0.17355474829673767, 0.16431502997875214, 0.16537322103977203, 0.1716369241476059, 0.20008696615695953, 0.20119966566562653, 0.2594609260559082, 0.3975299298763275, 0.27230340242385864, 0.15210889279842377, 0.14761066436767578, 0.08650515228509903, 0.17566651105880737, 0.27879977226257324, 0.22027572989463806, 0.16604039072990417, 0.11740715056657791, 0.11976397782564163, 0.12326256930828094, 0.14980939030647278, 0.13415248692035675, 0.19383950531482697, 0.29376864433288574, 0.19667953252792358, 0.11651571094989777, 0.13361310958862305, 0.15489597618579865, 0.2860501706600189], "rhythm.beats_position": [0.54566890001297, 1.09133780002594, 1.6137868165969849, 2.1246259212493896, 2.635464906692505, 3.14630389213562, 3.6571428775787354, 4.1679816246032715, 4.690430641174316, 5.178049564361572, 5.6888885498046875, 6.199728012084961, 6.710566997528076, 7.221405982971191, 7.732244968414307, 8.243083953857422, 8.753922462463379, 9.253151893615723, 9.75238037109375, 10.263219833374023, 10.77405834197998, 11.284897804260254, 11.795736312866211, 12.306575775146484, 12.817414283752441, 13.328253746032715, 13.839092254638672, 14.349931716918945, 14.860771179199219, 15.371609687805176, 15.88244915008545, 16.393287658691406, 16.90412712097168, 17.414966583251953, 17.925804138183594, 18.436643600463867, 18.94748306274414, 19.458322525024414, 19.957550048828125, 20.45677947998047, 20.944398880004883, 21.443628311157227, 21.942855834960938, 22.46530532836914, 22.976144790649414, 23.475374221801758, 23.9862117767334, 24.497051239013672, 25.007890701293945, 25.51873016357422, 26.029569625854492, 26.540407180786133, 27.051246643066406, 27.56208610534668, 28.061315536499023, 28.560543060302734, 29.071382522583008, 29.58222198486328, 30.093061447143555, 30.603899002075195, 31.11473846435547, 31.637187957763672], "rhythm.bpm_histogram": [0.0, 0.0, 0.0, 0.0, 0.0, 0.0, 0.0, 0.0, 0.0, 0.0, 0.0, 0.0, 0.0, 0.0, 0.0, 0.0, 0.0, 0.0, 0.0, 0.0, 0.0, 0.0, 0.0, 0.0, 0.0, 0.0, 0.0, 0.0, 0.0, 0.0, 0.0, 0.0, 0.0, 0.0, 0.0, 0.0, 0.0, 0.0, 0.0, 0.0, 0.0, 0.0, 0.0, 0.0, 0.0, 0.0, 0.0, 0.0, 0.0, 0.0, 0.0, 0.0, 0.0, 0.0, 0.0, 0.0, 0.0, 0.0, 0.0, 0.0, 0.0, 0.0, 0.0, 0.0, 0.0, 0.0, 0.0, 0.0, 0.0, 0.0, 0.0, 0.0, 0.0, 0.0, 0.0, 0.0, 0.0, 0.0, 0.0, 0.0, 0.0, 0.0, 0.0, 0.0, 0.0, 0.0, 0.0, 0.0, 0.0, 0.0, 0.0, 0.0, 0.0, 0.0, 0.0, 0.0, 0.0, 0.0, 0.0, 0.0, 0.0, 0.0, 0.0, 0.0, 0.0, 0.0, 0.0, 0.0, 0.0, 0.0, 0.016393441706895828, 0.0, 0.0, 0.0, 0.0, 0.06557376682758331, 0.0, 0.7377049326896667, 0.0, 0.0, 0.14754098653793335, 0.0, 0.0, 0.032786883413791656, 0.0, 0.0, 0.0, 0.0, 0.0, 0.0, 0.0, 0.0, 0.0, 0.0, 0.0, 0.0, 0.0, 0.0, 0.0, 0.0, 0.0, 0.0, 0.0, 0.0, 0.0, 0.0, 0.0, 0.0, 0.0, 0.0, 0.0, 0.0, 0.0, 0.0, 0.0, 0.0, 0.0, 0.0, 0.0, 0.0, 0.0, 0.0, 0.0, 0.0, 0.0, 0.0, 0.0, 0.0, 0.0, 0.0, 0.0, 0.0, 0.0, 0.0, 0.0, 0.0, 0.0, 0.0, 0.0, 0.0, 0.0, 0.0, 0.0, 0.0, 0.0, 0.0, 0.0, 0.0, 0.0, 0.0, 0.0, 0.0, 0.0, 0.0, 0.0, 0.0, 0.0, 0.0, 0.0, 0.0, 0.0, 0.0, 0.0, 0.0, 0.0, 0.0, 0.0, 0.0, 0.0, 0.0, 0.0, 0.0, 0.0, 0.0, 0.0, 0.0, 0.0, 0.0, 0.0, 0.0, 0.0, 0.0, 0.0, 0.0, 0.0, 0.0, 0.0, 0.0, 0.0, 0.0, 0.0, 0.0, 0.0, 0.0, 0.0, 0.0, 0.0, 0.0, 0.0, 0.0, 0.0, 0.0, 0.0, 0.0, 0.0, 0.0, 0.0, 0.0, 0.0, 0.0], "tonal.chords_histogram": [34.62643814086914, 0.0, 15.517241477966309, 0.5747126340866089, 0.0, 0.0, 0.0, 0.0, 0.0, 0.0, 0.0, 0.0, 0.0, 0.0, 0.0, 5.890804767608643, 0.0, 20.258621215820312, 0.0, 4.741379261016846, 0.0, 0.8620689511299133, 17.528736114501953, 0.0], "tonal.thpcp": [1.0, 0.6016068458557129, 0.13921035826206207, 0.1029268130660057, 0.06874482333660126, 0.2386840283870697, 0.4440217614173889, 0.3266507685184479, 0.14697198569774628, 0.0942205935716629, 0.08197825402021408, 0.1453060805797577, 0.1780015379190445, 0.13248905539512634, 0.2290450781583786, 0.3475518822669983, 0.2177882343530655, 0.10325261205434799, 0.11714257299900055, 0.15076160430908203, 0.5823188424110413, 0.9178690314292908, 0.6012113690376282, 0.2722306251525879, 0.1579534113407135, 0.13406555354595184, 0.25609809160232544, 0.374800443649292, 0.29666900634765625, 0.18234041333198547, 0.14632977545261383, 0.13836415112018585, 0.18539847433567047, 0.23003420233726501, 0.2183908224105835, 0.5741190910339355], "lowlevel.gfcc.cov": [[3283.7451171875, -576.2461547851562, -413.7811279296875, 249.89263916015625, 66.79661560058594, -42.50089645385742, -56.61972427368164, 234.10182189941406, 10.67143440246582, 115.2395248413086, -11.883212089538574, 54.59938430786133, 52.77001190185547], [-576.2461547851562, 792.80615234375, 195.28453063964844, -118.4731674194336, 134.5380859375, -68.22364807128906, 91.01490783691406, -110.1972885131836, 68.26097869873047, -58.305694580078125, 59.529056549072266, -94.04268646240234, 24.72345542907715], [-413.7811279296875, 195.28453063964844, 931.3970336914062, 162.74302673339844, -227.5891571044922, 223.42913818359375, -123.44486999511719, -19.448348999023438, 48.34786605834961, -13.138574600219727, -31.87371253967285, 13.555582046508789, -109.56700897216797], [249.89263916015625, -118.4731674194336, 162.74302673339844, 340.316650390625, 1.828723430633545, 9.174860000610352, -30.429428100585938, 45.00387191772461, 20.39781951904297, -12.708690643310547, -33.382423400878906, 35.310791015625, -18.7609920501709], [66.79661560058594, 134.5380859375, -227.5891571044922, 1.828723430633545, 356.0357360839844, 9.396815299987793, 137.56051635742188, 33.93158721923828, -15.378378868103027, -13.094623565673828, 7.901816368103027, -31.35420799255371, 54.889556884765625], [-42.50089645385742, -68.22364807128906, 223.42913818359375, 9.174860000610352, 9.396815299987793, 360.47119140625, 56.393314361572266, -72.73966979980469, -35.068382263183594, -16.663637161254883, -37.625308990478516, -36.37315368652344, -37.100345611572266], [-56.61972427368164, 91.01490783691406, -123.44486999511719, -30.429428100585938, 137.56051635742188, 56.393314361572266, 202.9664306640625, 1.125496506690979, -17.82265281677246, -21.791954040527344, 9.973670959472656, -36.12678146362305, 38.81909942626953], [234.10182189941406, -110.1972885131836, -19.448348999023438, 45.00387191772461, 33.93158721923828, -72.73966979980469, 1.125496506690979, 203.99012756347656, 56.308563232421875, 10.038141250610352, -21.72527313232422, 46.43915557861328, 6.0680646896362305], [10.67143440246582, 68.26097869873047, 48.34786605834961, 20.39781951904297, -15.378378868103027, -35.068382263183594, -17.82265281677246, 56.308563232421875, 135.38482666015625, 18.4605712890625, 9.995929718017578, -2.2130215167999268, -14.070560455322266], [115.2395248413086, -58.305694580078125, -13.138574600219727, -12.708690643310547, -13.094623565673828, -16.663637161254883, -21.791954040527344, 10.038141250610352, 18.4605712890625, 123.44216918945312, 45.74726104736328, 5.513342380523682, -11.572912216186523], [-11.883212089538574, 59.529056549072266, -31.87371253967285, -33.382423400878906, 7.901816368103027, -37.625308990478516, 9.973670959472656, -21.72527313232422, 9.995929718017578, 45.74726104736328, 115.62635040283203, 26.48691177368164, -3.4849867820739746], [54.59938430786133, -94.04268646240234, 13.555582046508789, 35.310791015625, -31.35420799255371, -36.37315368652344, -36.12678146362305, 46.43915557861328, -2.2130215167999268, 5.513342380523682, 26.48691177368164, 116.80970764160156, 31.734153747558594], [52.77001190185547, 24.72345542907715, -109.56700897216797, -18.7609920501709, 54.889556884765625, -37.100345611572266, 38.81909942626953, 6.0680646896362305, -14.070560455322266, -11.572912216186523, -3.4849867820739746, 31.734153747558594, 113.43558502197266]], "lowlevel.gfcc.icov": [[0.00045015430077910423, -6.833334191469476e-05, 0.0004492769076023251, -0.0005295111914165318, 0.00022883128258399665, -0.00047822060878388584, 0.00046774838119745255, -0.0007612992194481194, 0.00023476089700125158, -0.0003334030043333769, -0.00028951617423444986, 0.00038491562008857727, -0.00035608888720162213], [-6.833334191469476e-05, 0.005527686793357134, -0.00393682299181819, 0.0027310361620038748, -0.003759142942726612, 0.0044298660941421986, -0.002277631778270006, 0.004356598947197199, -0.003566477680578828, 0.002967433538287878, -0.0019813403487205505, 0.0027449997141957283, -0.0016780932201072574], [0.0004492769076023251, -0.00393682299181819, 0.005120929796248674, -0.0031597416382282972, 0.003790726652368903, -0.004943517968058586, 0.0027746367268264294, -0.003980956505984068, 0.0020946047734469175, -0.0018719570944085717, 0.0006627024849876761, -0.0015006068861111999, 0.001394069753587246], [-0.0005295111914165318, 0.0027310361620038748, -0.0031597416382282972, 0.005589090287685394, -0.0029152955394238234, 0.0031423033215105534, -0.0017065561842173338, 0.003008482279255986, -0.0022988212294876575, 0.0016653048805892467, 0.0009786058217287064, -0.000898295606020838, 0.000551061995793134], [0.00022883128258399665, -0.003759142942726612, 0.003790726652368903, -0.0029152955394238234, 0.007360371761023998, -0.003946146462112665, -7.489344625355443e-06, -0.004699245560914278, 0.0029164785519242287, -0.0016997280763462186, -0.00016310610226355493, 0.00025460554752498865, -0.0005939846741966903], [-0.00047822060878388584, 0.0044298660941421986, -0.004943517968058586, 0.0031423033215105534, -0.003946146462112665, 0.008703922852873802, -0.004566236864775419, 0.0061492640525102615, -0.0025008516386151314, 0.001725957845337689, 0.001286529703065753, 0.0005883370176889002, 0.0007324275211431086], [0.00046774838119745255, -0.002277631778270006, 0.0027746367268264294, -0.0017065561842173338, -7.489344625355443e-06, -0.004566236864775419, 0.010257030837237835, -0.004378912504762411, 0.0022802071180194616, 0.0004903971566818655, -0.002866997616365552, 0.0030325138941407204, -0.002692645648494363], [-0.0007612992194481194, 0.004356598947197199, -0.003980956505984068, 0.003008482279255986, -0.004699245560914278, 0.0061492640525102615, -0.004378912504762411, 0.013039637356996536, -0.0064187427051365376, 0.0010818794835358858, 0.0036771143786609173, -0.003929090220481157, 0.0016694042133167386], [0.00023476089700125158, -0.003566477680578828, 0.0020946047734469175, -0.0022988212294876575, 0.0029164785519242287, -0.0025008516386151314, 0.0022802071180194616, -0.0064187427051365376, 0.011894753202795982, -0.0024514065589755774, -0.0009471381199546158, 0.0011463641421869397, 0.0005204901099205017], [-0.0003334030043333769, 0.002967433538287878, -0.0018719570944085717, 0.0016653048805892467, -0.0016997280763462186, 0.001725957845337689, 0.0004903971566818655, 0.0010818794835358858, -0.0024514065589755774, 0.012246253900229931, -0.006128961220383644, 0.003090479178354144, -0.0009706404525786638], [-0.00028951617423444986, -0.0019813403487205505, 0.0006627024849876761, 0.0009786058217287064, -0.00016310610226355493, 0.001286529703065753, -0.002866997616365552, 0.0036771143786609173, -0.0009471381199546158, -0.006128961220383644, 0.016068976372480392, -0.00849529542028904, 0.004780092742294073], [0.00038491562008857727, 0.0027449997141957283, -0.0015006068861111999, -0.000898295606020838, 0.00025460554752498865, 0.0005883370176889002, 0.0030325138941407204, -0.003929090220481157, 0.0011463641421869397, 0.003090479178354144, -0.00849529542028904, 0.017736319452524185, -0.007899022661149502], [-0.00035608888720162213, -0.0016780932201072574, 0.001394069753587246, 0.000551061995793134, -0.0005939846741966903, 0.0007324275211431086, -0.002692645648494363, 0.0016694042133167386, 0.0005204901099205017, -0.0009706404525786638, 0.004780092742294073, -0.007899022661149502, 0.01446593925356865]], "lowlevel.mfcc.cov": [[3237.682861328125, -731.4283447265625, -430.37158203125, 215.6938018798828, 44.61600112915039, -153.90159606933594, -14.177811622619629, -8.18017578125, 94.84661102294922, 28.338985443115234, -93.562744140625, 94.54832458496094, 163.2740478515625], [-731.4283447265625, 879.8864135742188, -20.280038833618164, -46.99855041503906, 28.709421157836914, 18.554670333862305, 53.67200469970703, -33.709686279296875, -13.489630699157715, 32.06218719482422, 48.77633285522461, -44.348506927490234, -59.24946975708008], [-430.37158203125, -20.280038833618164, 1056.592041015625, -97.85728454589844, 59.1578483581543, 155.007080078125, -129.70545959472656, 55.33237075805664, -86.86304473876953, -3.801011562347412, 138.20233154296875, -39.16063690185547, -140.3267822265625], [215.6938018798828, -46.99855041503906, -97.85728454589844, 340.8006286621094, 43.283599853515625, -101.38121795654297, -6.506414890289307, 20.977663040161133, 53.249053955078125, -34.53472137451172, -25.00563621520996, 89.21006774902344, 44.05971145629883], [44.61600112915039, 28.709421157836914, 59.1578483581543, 43.283599853515625, 170.31195068359375, 31.071592330932617, 6.306546211242676, 45.048221588134766, 29.931591033935547, 15.019424438476562, 2.160658359527588, 20.14859390258789, 10.626442909240723], [-153.90159606933594, 18.554670333862305, 155.007080078125, -101.38121795654297, 31.071592330932617, 291.4045715332031, 97.19043731689453, 6.992908000946045, -17.23930549621582, 40.341835021972656, 17.17774200439453, -92.08246612548828, -27.459312438964844], [-14.177811622619629, 53.67200469970703, -129.70545959472656, -6.506414890289307, 6.306546211242676, 97.19043731689453, 206.8968963623047, 27.384950637817383, 17.230663299560547, 28.690776824951172, -25.886240005493164, -27.19391441345215, 7.043749809265137], [-8.18017578125, -33.709686279296875, 55.33237075805664, 20.977663040161133, 45.048221588134766, 6.992908000946045, 27.384950637817383, 147.70875549316406, 61.07859802246094, -12.495035171508789, -0.6453841924667358, 12.026532173156738, -12.273821830749512], [94.84661102294922, -13.489630699157715, -86.86304473876953, 53.249053955078125, 29.931591033935547, -17.23930549621582, 17.230663299560547, 61.07859802246094, 139.70339965820312, 28.152036666870117, -28.991270065307617, 2.400700569152832, 7.610837459564209], [28.338985443115234, 32.06218719482422, -3.801011562347412, -34.53472137451172, 15.019424438476562, 40.341835021972656, 28.690776824951172, -12.495035171508789, 28.152036666870117, 113.26612854003906, 31.43788719177246, -23.5925350189209, -5.483849048614502], [-93.562744140625, 48.77633285522461, 138.20233154296875, -25.00563621520996, 2.160658359527588, 17.17774200439453, -25.886240005493164, -0.6453841924667358, -28.991270065307617, 31.43788719177246, 124.6832046508789, 35.94644546508789, -21.848962783813477], [94.54832458496094, -44.348506927490234, -39.16063690185547, 89.21006774902344, 20.14859390258789, -92.08246612548828, -27.19391441345215, 12.026532173156738, 2.400700569152832, -23.5925350189209, 35.94644546508789, 160.8492889404297, 58.92166519165039], [163.2740478515625, -59.24946975708008, -140.3267822265625, 44.05971145629883, 10.626442909240723, -27.459312438964844, 7.043749809265137, -12.273821830749512, 7.610837459564209, -5.483849048614502, -21.848962783813477, 58.92166519165039, 130.8667755126953]], "lowlevel.mfcc.icov": [[0.0004400014295242727, 0.0003730694006662816, 0.00012819567928090692, -0.00013901533384341747, -0.0002193848486058414, 0.00016499418416060507, -2.5903917048708536e-05, 0.0001309374492848292, -6.994375871727243e-05, -0.00022343566524796188, -3.22351188515313e-05, 0.00010441485210321844, -0.00018736973288469017], [0.0003730694006662816, 0.0016319822752848268, 0.00021724237012676895, 9.37371987674851e-06, -0.0007562352693639696, 0.000508634839206934, -0.000613813754171133, 0.0006998773314990103, -0.0002118776028510183, 6.852485239505768e-05, -0.0009578195167705417, 0.000606387504376471, 0.00035227922489866614], [0.00012819567928090692, 0.00021724237012676895, 0.0018296267371624708, -0.00011643917969195172, -0.0005087690078653395, -0.0011439311783760786, 0.0015068290522322059, -0.0009987863013520837, 0.00103187991771847, 2.0769310140167363e-05, -0.001089831697754562, -2.548944394220598e-05, 0.0013363909674808383], [-0.00013901533384341747, 9.37371987674851e-06, -0.00011643917969195172, 0.004180321469902992, -0.0009663720848038793, 0.0009335210197605193, -0.0006756540387868881, 0.0007482655346393585, -0.001655451487749815, 0.0013244476867839694, 0.0003560888289939612, -0.0016268648905679584, -2.998429954459425e-05], [-0.0002193848486058414, -0.0007562352693639696, -0.0005087690078653395, -0.0009663720848038793, 0.007741569075733423, -0.0016359861474484205, 0.0009265666594728827, -0.002336291829124093, -8.695934229763225e-05, -0.00175770022906363, 0.0015579748433083296, -0.0016248830361291766, -0.0006066386122256517], [0.00016499418416060507, 0.000508634839206934, -0.0011439311783760786, 0.0009335210197605193, -0.0016359861474484205, 0.0069389608688652515, -0.0038265201728791, 0.0009758780943229795, -0.00024942265008576214, 0.00013075023889541626, -0.0017693829722702503, 0.0036981035955250263, -0.0015706464182585478], [-2.5903917048708536e-05, -0.000613813754171133, 0.0015068290522322059, -0.0006756540387868881, 0.0009265666594728827, -0.0038265201728791, 0.008355764672160149, -0.00298587535507977, 0.0016527551924809813, -0.002380979247391224, 0.002083446364849806, -0.0011670542880892754, 0.0006671310984529555], [0.0001309374492848292, 0.0006998773314990103, -0.0009987863013520837, 0.0007482655346393585, -0.002336291829124093, 0.0009758780943229795, -0.00298587535507977, 0.011360112577676773, -0.006098708603531122, 0.003919929265975952, -0.0017584904562681913, -0.0002801156369969249, 0.0008027039584703743], [-6.994375871727243e-05, -0.0002118776028510183, 0.00103187991771847, -0.001655451487749815, -8.695934229763225e-05, -0.00024942265008576214, 0.0016527551924809813, -0.006098708603531122, 0.012700521387159824, -0.005515131168067455, 0.003436545841395855, -0.0002556156541686505, 0.0006680460064671934], [-0.00022343566524796188, 6.852485239505768e-05, 2.0769310140167363e-05, 0.0013244476867839694, -0.00175770022906363, 0.00013075023889541626, -0.002380979247391224, 0.003919929265975952, -0.005515131168067455, 0.01416142750531435, -0.006258520297706127, 0.0029025746043771505, -0.0008854794432409108], [-3.22351188515313e-05, -0.0009578195167705417, -0.001089831697754562, 0.0003560888289939612, 0.0015579748433083296, -0.0017693829722702503, 0.002083446364849806, -0.0017584904562681913, 0.003436545841395855, -0.006258520297706127, 0.015068874694406986, -0.006731807719916105, 0.002627889858558774], [0.00010441485210321844, 0.000606387504376471, -2.548944394220598e-05, -0.0016268648905679584, -0.0016248830361291766, 0.0036981035955250263, -0.0011670542880892754, -0.0002801156369969249, -0.0002556156541686505, 0.0029025746043771505, -0.006731807719916105, 0.01325564831495285, -0.005346555262804031], [-0.00018736973288469017, 0.00035227922489866614, 0.0013363909674808383, -2.998429954459425e-05, -0.0006066386122256517, -0.0015706464182585478, 0.0006671310984529555, 0.0008027039584703743, 0.0006680460064671934, -0.0008854794432409108, 0.002627889858558774, -0.005346555262804031, 0.012006810866296291]], "metadata.audio_properties.analysis.downmix": "mix", "metadata.audio_properties.codec": "mp3", "metadata.audio_properties.md5_encoded": "663e9662d87e0a943fa551d24ecde002", "metadata.tags.file_name": "1182275983647195176.mp3", "metadata.version.essentia": "2.1-beta6-dev", "metadata.version.essentia_git_sha": "v2.1_beta5-1110-g77a6a954", "metadata.version.extractor": "music 2.0", "tonal.chords_key": "D", "tonal.chords_scale": "major", "tonal.key_edma.key": "D", "tonal.key_edma.scale": "major", "tonal.key_krumhansl.key": "D", "tonal.key_krumhansl.scale": "major", "tonal.key_temperley.key": "D", "tonal.key_temperley.scale": "major", "metadata.tags.encoding": ["Lavf58.45.100"]}, "essentia_models"