{"song_id": "1182269069899092048", "download": "https://cdn.discordapp.com/attachments/1128313332273782784/1182269069899092048/chirp.mp4?ex=658414df&amp", "lyrics": "[intro]\n[verse 1]\n\u042f \u043d\u0430\u0432\u0441\u0435\u0433\u0434\u0430 \u0437\u0430\u043f\u043e\u043c\u043d\u044e \u043d\u043e\u0447\u044c, \n\u041a\u043e\u0433\u0434\u0430 \u0432\u0441\u0451 \u044d\u0442\u043e \u043d\u0430\u0447\u0430\u043b\u043e\u0441\u044c \n\u041f\u043e\u0434 \u0443\u0442\u0440\u043e \u044f \u0441 \u0443\u043c\u0430 \u0441\u043e\u0448\u043b\u0430 \n\u0417\u0430\u0447\u0435\u043c \u0436\u0435 \u044f \u0442\u0435\u0431\u044f \u043d\u0430\u0448\u043b\u0430!?", "style": ["Country"], "essentia_features": {"lowlevel.average_loudness": 0.9799658060073853, "lowlevel.barkbands_crest.mean": 11.051361083984375, "lowlevel.barkbands_crest.stdev": 4.471502780914307, "lowlevel.barkbands_flatness_db.mean": 0.12520724534988403, "lowlevel.barkbands_flatness_db.stdev": 0.05430255085229874, "lowlevel.barkbands_kurtosis.mean": 9.835134506225586, "lowlevel.barkbands_kurtosis.stdev": 24.14569664001465, "lowlevel.barkbands_skewness.mean": 2.4096617698669434, "lowlevel.barkbands_skewness.stdev": 2.1072447299957275, "lowlevel.barkbands_spread.mean": 30.143321990966797, "lowlevel.barkbands_spread.stdev": 15.743363380432129, "lowlevel.dissonance.mean": 0.4826715588569641, "lowlevel.dissonance.stdev": 0.01616189442574978, "lowlevel.dynamic_complexity": 1.911007046699524, "lowlevel.erbbands_crest.mean": 7.580771446228027, "lowlevel.erbbands_crest.stdev": 3.9192309379577637, "lowlevel.erbbands_flatness_db.mean": 0.11786486208438873, "lowlevel.erbbands_flatness_db.stdev": 0.02748790942132473, "lowlevel.erbbands_kurtosis.mean": -0.03403167799115181, "lowlevel.erbbands_kurtosis.stdev": 1.8938566446304321, "lowlevel.erbbands_skewness.mean": -0.5784056782722473, "lowlevel.erbbands_skewness.stdev": 0.7016947269439697, "lowlevel.erbbands_spread.mean": 62.133060455322266, "lowlevel.erbbands_spread.stdev": 25.303062438964844, "lowlevel.hfc.mean": 24.752840042114258, "lowlevel.hfc.stdev": 16.205453872680664, "lowlevel.loudness_ebu128.integrated": -14.417396545410156, "lowlevel.loudness_ebu128.loudness_range": 1.5481891632080078, "lowlevel.loudness_ebu128.momentary.mean": -14.555712699890137, "lowlevel.loudness_ebu128.momentary.stdev": 1.095363736152649, "lowlevel.loudness_ebu128.short_term.mean": -14.485074996948242, "lowlevel.loudness_ebu128.short_term.stdev": 0.47318780422210693, "lowlevel.melbands_crest.mean": 19.845346450805664, "lowlevel.melbands_crest.stdev": 6.297669887542725, "lowlevel.melbands_flatness_db.mean": 0.2150212973356247, "lowlevel.melbands_flatness_db.stdev": 0.06778087466955185, "lowlevel.melbands_kurtosis.mean": 45.639434814453125, "lowlevel.melbands_kurtosis.stdev": 77.08222961425781, "lowlevel.melbands_skewness.mean": 5.103175640106201, "lowlevel.melbands_skewness.stdev": 3.4194915294647217, "lowlevel.melbands_spread.mean": 22.241966247558594, "lowlevel.melbands_spread.stdev": 16.39253044128418, "lowlevel.pitch_salience.mean": 0.47143009305000305, "lowlevel.pitch_salience.stdev": 0.14675022661685944, "lowlevel.silence_rate_20dB.mean": 1.0, "lowlevel.silence_rate_20dB.stdev": 0.0, "lowlevel.silence_rate_30dB.mean": 0.8613569140434265, "lowlevel.silence_rate_30dB.stdev": 0.34557363390922546, "lowlevel.silence_rate_60dB.mean": 0.0014749262481927872, "lowlevel.silence_rate_60dB.stdev": 0.03837605193257332, "lowlevel.spectral_centroid.mean": 1946.379638671875, "lowlevel.spectral_centroid.stdev": 555.57958984375, "lowlevel.spectral_complexity.mean": 22.62610626220703, "lowlevel.spectral_complexity.stdev": 10.580617904663086, "lowlevel.spectral_decrease.mean": -1.3508877572121492e-08, "lowlevel.spectral_decrease.stdev": 1.9886218893816476e-08, "lowlevel.spectral_energy.mean": 0.053230758756399155, "lowlevel.spectral_energy.stdev": 0.07552613317966461, "lowlevel.spectral_energyband_high.mean": 0.0013757094275206327, "lowlevel.spectral_energyband_high.stdev": 0.0012801059056073427, "lowlevel.spectral_energyband_low.mean": 0.0405755490064621, "lowlevel.spectral_energyband_low.stdev": 0.07558363676071167, "lowlevel.spectral_energyband_middle_high.mean": 0.0049589043483138084, "lowlevel.spectral_energyband_middle_high.stdev": 0.007084966171532869, "lowlevel.spectral_energyband_middle_low.mean": 0.0084433164447546, "lowlevel.spectral_energyband_middle_low.stdev": 0.008029044605791569, "lowlevel.spectral_entropy.mean": 7.744073867797852, "lowlevel.spectral_entropy.stdev": 0.17799656093120575, "lowlevel.spectral_flux.mean": 0.1231251135468483, "lowlevel.spectral_flux.stdev": 0.12799008190631866, "lowlevel.spectral_kurtosis.mean": 3.1178219318389893, "lowlevel.spectral_kurtosis.stdev": 1.161463737487793, "lowlevel.spectral_rms.mean": 0.006317535415291786, "lowlevel.spectral_rms.stdev": 0.0034671607427299023, "lowlevel.spectral_rolloff.mean": 1428.1629638671875, "lowlevel.spectral_rolloff.stdev": 1487.9053955078125, "lowlevel.spectral_skewness.mean": 0.9341326951980591, "lowlevel.spectral_skewness.stdev": 0.1901230663061142, "lowlevel.spectral_spread.mean": 4315584.0, "lowlevel.spectral_spread.stdev": 856252.8125, "lowlevel.spectral_strongpeak.mean": 0.7533718347549438, "lowlevel.spectral_strongpeak.stdev": 1.1284335851669312, "lowlevel.zerocrossingrate.mean": 0.06640444695949554, "lowlevel.zerocrossingrate.stdev": 0.030739840120077133, "metadata.audio_properties.analysis.equal_loudness": 0.0, "metadata.audio_properties.analysis.length": 31.445329666137695, "metadata.audio_properties.analysis.sample_rate": 44100.0, "metadata.audio_properties.analysis.start_time": 0.0, "metadata.audio_properties.bit_rate": 126585.0, "metadata.audio_properties.length": 31.44533348083496, "metadata.audio_properties.lossless": 0.0, "metadata.audio_properties.number_channels": 1.0, "metadata.audio_properties.replay_gain": -11.069696426391602, "metadata.audio_properties.sample_rate": 48000.0, "rhythm.beats_count": 50.0, "rhythm.beats_loudness.mean": 0.05703919753432274, "rhythm.beats_loudness.stdev": 0.036699045449495316, "rhythm.bpm": 96.01009368896484, "rhythm.bpm_histogram_first_peak_bpm": 96.0, "rhythm.bpm_histogram_first_peak_weight": 0.3469387888908386, "rhythm.bpm_histogram_second_peak_bpm": 0.0, "rhythm.bpm_histogram_second_peak_spread": 0.0, "rhythm.bpm_histogram_second_peak_weight": 0.0, "rhythm.danceability": 1.5734750032424927, "rhythm.onset_rate": 3.7822155952453613, "tonal.chords_changes_rate": 0.050073638558387756, "tonal.chords_number_rate": 0.008836524561047554, "tonal.chords_strength.mean": 0.5226678252220154, "tonal.chords_strength.stdev": 0.11250856518745422, "tonal.hpcp_crest.mean": 12.088403701782227, "tonal.hpcp_crest.stdev": 5.4994707107543945, "tonal.hpcp_entropy.mean": 2.293203830718994, "tonal.hpcp_entropy.stdev": 0.7107380628585815, "tonal.key_edma.strength": 0.7774760127067566, "tonal.key_krumhansl.strength": 0.7828344106674194, "tonal.key_temperley.strength": 0.7792632579803467, "tonal.tuning_diatonic_strength": 0.66778564453125, "tonal.tuning_equal_tempered_deviation": 0.4244242012500763, "tonal.tuning_frequency": 434.193115234375, "tonal.tuning_nontempered_energy_ratio": 0.9841803908348083, "lowlevel.barkbands.mean": [0.0020147887989878654, 0.027058612555265427, 0.009444726631045341, 0.0030160879250615835, 0.0023320673499256372, 0.0007408823003061116, 0.0008656670688651502, 0.0006061590393073857, 0.0007085147080942988, 0.00034871979732997715, 0.0005574889946728945, 0.0009763370035216212, 0.00017631376977078617, 0.00025824311887845397, 0.00031686670263297856, 0.00027359704836271703, 0.0005890108877792954, 0.0006265102420002222, 0.0005507963942363858, 0.0005644916091114283, 0.00056374107953161, 0.0002996409311890602, 5.868339940207079e-05, 0.00010324226605007425, 4.745095066027716e-05, 9.463987953495234e-05, 3.7530033296206966e-05], "lowlevel.barkbands.stdev": [0.0051986780017614365, 0.06670240312814713, 0.011217989958822727, 0.0034516328014433384, 0.0031660296954214573, 0.0019239983521401882, 0.002868680050596595, 0.002128149615600705, 0.0022822930477559566, 0.0013306124601513147, 0.00244901399128139, 0.004868051502853632, 0.0005025938153266907, 0.00046937025035731494, 0.0006709878798574209, 0.0004876164603047073, 0.000636174576357007, 0.0006021877634339035, 0.0004854852450080216, 0.0005978746921755373, 0.0005938937538303435, 0.0003088103258050978, 8.46672264742665e-05, 0.00011713709682226181, 0.00015817985695321113, 9.659371426096186e-05, 3.7020781746832654e-05], "lowlevel.erbbands.mean": [0.79991614818573, 5.892397403717041, 12.810340881347656, 10.409348487854004, 5.422449111938477, 9.849770545959473, 8.611536026000977, 5.379480361938477, 10.312777519226074, 14.391576766967773, 11.869874000549316, 14.023573875427246, 17.544952392578125, 12.02617359161377, 29.700410842895508, 43.04901123046875, 10.742932319641113, 13.200164794921875, 15.543485641479492, 17.0693416595459, 13.834662437438965, 36.08608627319336, 36.23337173461914, 23.140087127685547, 35.71320343017578, 23.921241760253906, 24.66533660888672, 17.0712890625, 12.592620849609375, 4.835651874542236, 1.3764455318450928, 1.6808691024780273, 1.9692561626434326, 0.9066832065582275, 0.06321512907743454, 0.02607213705778122, 0.19397789239883423, 0.13327465951442719, 0.0032536061480641365, 0.00012473022798076272], "lowlevel.erbbands.stdev": [2.393594980239868, 13.329438209533691, 15.977158546447754, 10.178911209106445, 4.617171764373779, 16.156206130981445, 15.045670509338379, 17.454814910888672, 37.63552474975586, 40.48835372924805, 40.65424346923828, 53.19268035888672, 49.107398986816406, 68.45326232910156, 115.2032470703125, 216.2521209716797, 26.195106506347656, 26.22669219970703, 32.18328094482422, 31.662691116333008, 22.62447738647461, 36.151180267333984, 34.0461540222168, 20.802907943725586, 30.667057037353516, 25.84242820739746, 28.759252548217773, 17.882047653198242, 12.82117748260498, 5.640889644622803, 1.9185370206832886, 1.8091580867767334, 2.6524252891540527, 2.9430360794067383, 0.3217077851295471, 0.06303439289331436, 0.24813500046730042, 0.10887298732995987, 0.0027057179249823093, 9.323120320914313e-05], "lowlevel.gfcc.mean": [32.31394958496094, 61.23284149169922, -93.97278594970703, 57.35356903076172, -32.23420333862305, -0.2510882616043091, -12.400779724121094, 3.0528409481048584, -21.231266021728516, -2.4659039974212646, -18.413074493408203, 0.4523603022098541, -20.02079963684082], "lowlevel.melbands.mean": [0.007374681998044252, 0.006909140385687351, 0.0015891159418970346, 0.0005010731401853263, 0.0003529466048348695, 0.0001237796532223001, 0.00016420493193436414, 0.00015411493950523436, 8.856508793542162e-05, 9.859923738986254e-05, 8.386666740989313e-05, 4.047351103508845e-05, 8.770389104029164e-05, 0.0001280421274714172, 5.013590271119028e-05, 1.8323988115298562e-05, 2.4537454009987414e-05, 2.3230102669913322e-05, 2.224984382337425e-05, 2.2079497284721583e-05, 1.4310272490547504e-05, 2.927592686319258e-05, 5.6326785852434114e-05, 1.8877628463087603e-05, 1.8107431969838217e-05, 2.0695351850008592e-05, 3.0053395676077344e-05, 1.1564842679945286e-05, 1.599606912350282e-05, 1.3953365851193666e-05, 8.009234079509042e-06, 7.731347977824043e-06, 4.609156349033583e-06, 1.8988476995218662e-06, 7.394162935270288e-07, 6.100547693677072e-07, 1.2267975080249016e-06, 1.629286202842195e-06, 1.2240592468515388e-06, 5.290617082209792e-07], "lowlevel.melbands.stdev": [0.02008676528930664, 0.010274248197674751, 0.0014579064445570111, 0.0005899037350900471, 0.0005927918246015906, 0.0003782267158385366, 0.000591905671171844, 0.00045299893827177584, 0.00031360305729322135, 0.000358637043973431, 0.00024083191237878054, 0.0002715196751523763, 0.0003765335713978857, 0.0006447156192734838, 0.00018020326388068497, 4.8682355554774404e-05, 5.275857984088361e-05, 4.889720366918482e-05, 4.7779692977201194e-05, 3.729777745320462e-05, 2.776316432573367e-05, 3.332108099129982e-05, 5.749801857746206e-05, 1.8821296180249192e-05, 1.763550244504586e-05, 2.014133679040242e-05, 2.744931771303527e-05, 1.4630902114731725e-05, 2.202020914410241e-05, 1.4008111065777484e-05, 9.01794555829838e-06, 8.140320460370276e-06, 5.173480985831702e-06, 2.5476892915321514e-06, 1.1060317319788737e-06, 8.903537036530906e-07, 1.3203172102294047e-06, 2.119681994372513e-06, 2.6463451376912417e-06, 2.4510040930181276e-06], "lowlevel.melbands128.mean": [0.001730709453113377, 0.0062933145090937614, 0.009520115330815315, 0.009927340783178806, 0.00800409447401762, 0.0036892148200422525, 0.0023076136130839586, 0.0010262449504807591, 0.00039323457167483866, 0.00045181173481978476, 0.0006155619630590081, 0.0004957334604114294, 0.00029232140514068305, 0.00017335097072646022, 0.00011496256774989888, 9.149460674962029e-05, 0.00012241174408700317, 0.0002081983257085085, 0.00017192662926390767, 0.0001764713815646246, 0.00013393668632488698, 0.00010915708116954193, 9.117009904002771e-05, 5.2505845815176144e-05, 8.042524132179096e-05, 0.00010227291932096705, 0.00017134883091785014, 7.749853830318898e-05, 2.1081763406982645e-05, 3.5848737752530724e-05, 5.106829485157505e-05, 3.9019392715999857e-05, 0.00012310892634559423, 9.177249012282118e-05, 6.598049367312342e-05, 0.00021377744269557297, 0.00011179273133166134, 2.721320925047621e-05, 2.0036182831972837e-05, 2.0336317902547307e-05, 1.2895337022200692e-05, 2.284603579028044e-05, 3.3392941986676306e-05, 1.8756420104182325e-05, 1.6558467905269936e-05, 2.3848093405831605e-05, 3.512805778882466e-05, 1.3711554856854491e-05, 2.2985670511843637e-05, 2.6392970539745875e-05, 2.5176568669849075e-05, 1.286350470763864e-05, 1.4368229130923282e-05, 1.4021758033777587e-05, 1.558616349939257e-05, 2.3942520783748478e-05, 4.559733861242421e-05, 7.194146746769547e-05, 6.193845183588564e-05, 1.8872493456001393e-05, 1.4878563888487406e-05, 2.0088122255401686e-05, 1.8409749827696942e-05, 1.977318970602937e-05, 1.2861335562774912e-05, 1.641489507164806e-05, 2.8148357159807347e-05, 3.3304302633041516e-05, 3.5049222788074985e-05, 1.9226548829465173e-05, 8.68006009113742e-06, 8.20508739707293e-06, 1.2925062037538737e-05, 2.3417320335283875e-05, 1.072617760655703e-05, 1.4086369446886238e-05, 1.7061291146092117e-05, 8.37237348605413e-06, 7.370309504040051e-06, 5.483080258272821e-06, 8.835519111016765e-06, 8.833873835101258e-06, 5.496191079146229e-06, 4.815187367057661e-06, 2.94302185466222e-06, 2.3710206278337864e-06, 1.511147615929076e-06, 9.582074653735617e-07, 6.591521923837718e-07, 6.247875035114703e-07, 5.449863920148346e-07, 5.279891297504946e-07, 8.290614914585603e-07, 9.442150599170418e-07, 1.5259578276527463e-06, 2.5439999262744095e-06, 1.5381888260890264e-06, 5.227298629506549e-07, 1.3206863513914868e-06, 1.6099095319077605e-06, 9.860337968348176e-07, 2.6261267294103163e-07, 6.132921726020868e-08, 6.608685509945644e-08, 2.9607921447905028e-08, 9.754504759484917e-09, 5.0096041093183885e-08, 3.499228284908895e-08, 1.865636312103902e-09, 1.1260043564220723e-08, 7.137410307223035e-08, 1.0289412699648892e-07, 7.818340463927598e-07, 1.0867828450500383e-06, 8.695178053130803e-07, 1.899598373711342e-06, 1.553851234348258e-06, 2.540388379657088e-07, 1.1645625436207396e-11, 8.23015874201749e-12, 7.668875083577387e-12, 7.498727333521416e-12, 6.974088407468715e-12, 6.821211564339569e-12, 6.6679725976848125e-12, 6.507184114462605e-12, 6.408332198226674e-12, 6.363745901766249e-12], "lowlevel.melbands128.stdev": [0.004734824877232313, 0.01949990727007389, 0.029492828994989395, 0.020250637084245682, 0.010693535208702087, 0.004340942949056625, 0.002485965145751834, 0.0011678292648866773, 0.0004427955427672714, 0.0005882186233066022, 0.001174886361695826, 0.0010767761850729585, 0.0005760330823250115, 0.0005946432356722653, 0.0005103594739921391, 0.0003355434164404869, 0.0004710954090114683, 0.0008714169962331653, 0.000621675222646445, 0.0005712556885555387, 0.000628714682534337, 0.0005246631917543709, 0.0004084179236087948, 0.00025835796259343624, 0.00048527916078455746, 0.0004930281429551542, 0.0006077255820855498, 0.00026285494095645845, 6.125167419668287e-05, 0.000274239806458354, 0.0004812011029571295, 0.00023853273887652904, 0.0006225896649993956, 0.0005000841338187456, 0.0004787683137692511, 0.0013790731318295002, 0.0005476593505591154, 9.903692989610136e-05, 7.690727215958759e-05, 8.90802766662091e-05, 6.649605347774923e-05, 5.100447378936224e-05, 0.00010038272739620879, 3.8606311136391014e-05, 3.9549613575218245e-05, 6.801940617151558e-05, 0.00011101779091404751, 3.2985484722303227e-05, 9.606726234778762e-05, 5.499922190210782e-05, 5.678950765286572e-05, 2.3850452635088004e-05, 4.326468115323223e-05, 3.438129715505056e-05, 2.609243347251322e-05, 3.71839887520764e-05, 6.0950838815188035e-05, 8.704667561687529e-05, 7.647433812962845e-05, 2.758355731202755e-05, 1.8793456547427922e-05, 2.501343988114968e-05, 2.2989639546722174e-05, 2.2772042939323e-05, 1.5969868400134146e-05, 2.589965151855722e-05, 3.075995118706487e-05, 3.3801810786826536e-05, 3.949303936678916e-05, 2.552777004893869e-05, 1.3016313459957018e-05, 1.2314323612372391e-05, 2.2118967535789125e-05, 3.5382538044359535e-05, 1.4532492969010491e-05, 1.3983589269628283e-05, 2.3748687453917228e-05, 1.1029434972442687e-05, 9.775364560482558e-06, 7.2622292464075144e-06, 1.0917696272372268e-05, 9.96279140963452e-06, 7.24948949937243e-06, 5.920265721215401e-06, 4.245673153491225e-06, 3.397949740246986e-06, 2.563317366366391e-06, 1.5104368458196404e-06, 1.086836505237443e-06, 1.1084816833317745e-06, 1.0040674851552467e-06, 9.289071840612451e-07, 1.0214248504780699e-06, 1.1280301350780064e-06, 1.8807921833285945e-06, 3.7134282138140406e-06, 2.1921621282672277e-06, 9.510199561191257e-07, 2.672775053724763e-06, 3.784509317483753e-06, 3.825048679573229e-06, 2.6965144570567645e-06, 6.001349106554699e-07, 7.370264825112827e-07, 2.5499105049675563e-07, 8.311267407634659e-08, 1.1161312585272753e-07, 7.00798210573339e-08, 1.996057719111377e-08, 7.785602207377451e-08, 4.0958636304821994e-07, 3.7905886074440787e-07, 1.1546569567144616e-06, 1.4081755352890468e-06, 1.0052835932583548e-06, 1.4866981246086652e-06, 1.4678198567708023e-06, 3.3458866255386965e-07, 2.329511063214884e-11, 1.6892843027194182e-11, 1.3077998753385778e-11, 1.3739561571801673e-11, 1.0377864366473144e-11, 1.0181909135265066e-11, 1.0021001389803885e-11, 9.894194838433457e-12, 9.803530383323267e-12, 9.747650603353364e-12], "lowlevel.mfcc.mean": [-618.2879028320312, 92.80333709716797, 5.797590255737305, 57.3856086730957, 8.612545013427734, 11.635442733764648, 15.429173469543457, 6.449153423309326, 8.819686889648438, -2.0631585121154785, 3.823801040649414, 4.421850681304932, -6.060878276824951], "lowlevel.spectral_contrast_coeffs.mean": [-0.6887301206588745, -0.7903424501419067, -0.7911912798881531, -0.8188393115997314, -0.7783383131027222, -0.6448743939399719], "lowlevel.spectral_contrast_coeffs.stdev": [0.056064438074827194, 0.06517243385314941, 0.07723476737737656, 0.045972295105457306, 0.02897786907851696, 0.03950818255543709], "lowlevel.spectral_contrast_valleys.mean": [-6.340370178222656, -7.023491382598877, -7.475058078765869, -7.559797763824463, -6.844789981842041, -10.653114318847656], "lowlevel.spectral_contrast_valleys.stdev": [0.522833526134491, 0.5874090790748596, 0.5430083274841309, 0.5534122586250305, 0.46571364998817444, 0.641459047794342], "rhythm.beats_loudness_band_ratio.mean": [0.5471029877662659, 0.122217558324337, 0.12241213023662567, 0.06073935329914093, 0.0735943466424942, 0.09646258503198624], "rhythm.beats_loudness_band_ratio.stdev": [0.2810359001159668, 0.1058666780591011, 0.12513810396194458, 0.1197880208492279, 0.052223242819309235, 0.06342010200023651], "tonal.hpcp.mean": [0.03289223089814186, 0.07734210789203644, 0.07521478831768036, 0.021911099553108215, 0.014927839860320091, 0.027217794209718704, 0.06200056150555611, 0.1250797063112259, 0.13037829101085663, 0.08393506705760956, 0.0570698082447052, 0.04077985882759094, 0.0394817553460598, 0.046979643404483795, 0.051323745399713516, 0.09892533719539642, 0.33572471141815186, 0.3271462321281433, 0.07798364013433456, 0.028598960489034653, 0.03164494410157204, 0.03806172311306, 0.06260403245687485, 0.08458545804023743, 0.06997722387313843, 0.042526934295892715, 0.03483356907963753, 0.04136870801448822, 0.06334054470062256, 0.10310821980237961, 0.2589702010154724, 0.4401203393936157, 0.2805643081665039, 0.051776811480522156, 0.02953329309821129, 0.029001707211136818], "tonal.hpcp.stdev": [0.10113769769668579, 0.15847235918045044, 0.16278889775276184, 0.08379863202571869, 0.07290282845497131, 0.11548765003681183, 0.16552802920341492, 0.22684326767921448, 0.2374667525291443, 0.21686412394046783, 0.17911916971206665, 0.15631714463233948, 0.14400003850460052, 0.15748989582061768, 0.15271861851215363, 0.1934276670217514, 0.381092369556427, 0.37432894110679626, 0.14398404955863953, 0.09093815088272095, 0.0954277440905571, 0.11373225599527359, 0.15595600008964539, 0.18950515985488892, 0.17194266617298126, 0.12254389375448227, 0.12557363510131836, 0.12379574030637741, 0.1483149379491806, 0.2220352590084076, 0.31942763924598694, 0.45242470502853394, 0.33845391869544983, 0.13996699452400208, 0.10774058103561401, 0.11408989876508713], "rhythm.beats_position": [0.6269387602806091, 1.277097463607788, 1.904036283493042, 2.530975103378296, 3.1579136848449707, 3.7964625358581543, 4.435011386871338, 5.061950206756592, 5.6888885498046875, 6.315827369689941, 6.942766189575195, 7.569705009460449, 8.196643829345703, 8.823582649230957, 9.450521469116211, 10.089070320129395, 10.727619171142578, 11.354557991027832, 11.981496810913086, 12.608434677124023, 13.212154388427734, 13.839092254638672, 14.466031074523926, 15.09296989440918, 15.708298683166504, 16.335237503051758, 16.9505672454834, 17.577505111694336, 18.204444885253906, 18.819772720336914, 19.435102462768555, 20.062040328979492, 20.677370071411133, 21.29269790649414, 21.91963768005371, 22.54657554626465, 23.15029525756836, 23.777233123779297, 24.404170989990234, 25.031110763549805, 25.658048629760742, 26.273378372192383, 26.88870620727539, 27.50403594970703, 28.11936378479004, 28.74630355834961, 29.373241424560547, 30.000181198120117, 30.627119064331055, 31.254058837890625], "rhythm.bpm_histogram": [0.0, 0.0, 0.0, 0.0, 0.0, 0.0, 0.0, 0.0, 0.0, 0.0, 0.0, 0.0, 0.0, 0.0, 0.0, 0.0, 0.0, 0.0, 0.0, 0.0, 0.0, 0.0, 0.0, 0.0, 0.0, 0.0, 0.0, 0.0, 0.0, 0.0, 0.0, 0.0, 0.0, 0.0, 0.0, 0.0, 0.0, 0.0, 0.0, 0.0, 0.0, 0.0, 0.0, 0.0, 0.0, 0.0, 0.0, 0.0, 0.0, 0.0, 0.0, 0.0, 0.0, 0.0, 0.0, 0.0, 0.0, 0.0, 0.0, 0.0, 0.0, 0.0, 0.0, 0.0, 0.0, 0.0, 0.0, 0.0, 0.0, 0.0, 0.0, 0.0, 0.0, 0.0, 0.0, 0.0, 0.0, 0.0, 0.0, 0.0, 0.0, 0.0, 0.0, 0.0, 0.0, 0.0, 0.0, 0.0, 0.0, 0.0, 0.0, 0.0, 0.020408162847161293, 0.0, 0.08163265138864517, 0.0, 0.6530612111091614, 0.0, 0.20408163964748383, 0.040816325694322586, 0.0, 0.0, 0.0, 0.0, 0.0, 0.0, 0.0, 0.0, 0.0, 0.0, 0.0, 0.0, 0.0, 0.0, 0.0, 0.0, 0.0, 0.0, 0.0, 0.0, 0.0, 0.0, 0.0, 0.0, 0.0, 0.0, 0.0, 0.0, 0.0, 0.0, 0.0, 0.0, 0.0, 0.0, 0.0, 0.0, 0.0, 0.0, 0.0, 0.0, 0.0, 0.0, 0.0, 0.0, 0.0, 0.0, 0.0, 0.0, 0.0, 0.0, 0.0, 0.0, 0.0, 0.0, 0.0, 0.0, 0.0, 0.0, 0.0, 0.0, 0.0, 0.0, 0.0, 0.0, 0.0, 0.0, 0.0, 0.0, 0.0, 0.0, 0.0, 0.0, 0.0, 0.0, 0.0, 0.0, 0.0, 0.0, 0.0, 0.0, 0.0, 0.0, 0.0, 0.0, 0.0, 0.0, 0.0, 0.0, 0.0, 0.0, 0.0, 0.0, 0.0, 0.0, 0.0, 0.0, 0.0, 0.0, 0.0, 0.0, 0.0, 0.0, 0.0, 0.0, 0.0, 0.0, 0.0, 0.0, 0.0, 0.0, 0.0, 0.0, 0.0, 0.0, 0.0, 0.0, 0.0, 0.0, 0.0, 0.0, 0.0, 0.0, 0.0, 0.0, 0.0, 0.0, 0.0, 0.0, 0.0, 0.0, 0.0, 0.0, 0.0, 0.0, 0.0, 0.0, 0.0, 0.0, 0.0, 0.0, 0.0, 0.0, 0.0, 0.0, 0.0, 0.0, 0.0, 0.0, 0.0, 0.0], "tonal.chords_histogram": [40.35346221923828, 7.952871799468994, 9.572901725769043, 0.0, 0.0, 0.0, 0.0, 0.0, 0.0, 0.0, 0.0, 0.0, 0.0, 0.0, 0.0, 0.0, 0.0, 0.0, 0.0, 2.9455080032348633, 0.0, 0.0, 2.9455080032348633, 36.2297477722168], "tonal.thpcp": [1.0, 0.6374717950820923, 0.11764239519834518, 0.06710276752710342, 0.0658949464559555, 0.074734628200531, 0.17572945356369019, 0.17089596390724182, 0.0497843362390995, 0.0339176319539547, 0.06184171140193939, 0.1408718377351761, 0.28419432044029236, 0.29623326659202576, 0.19070935249328613, 0.12966863811016083, 0.09265615791082382, 0.08970672637224197, 0.106742724776268, 0.1166129857301712, 0.22476883232593536, 0.7628020644187927, 0.7433108687400818, 0.17718708515167236, 0.06497986614704132, 0.07190066576004028, 0.0864802673459053, 0.14224298298358917, 0.1921871155500412, 0.15899565815925598, 0.09662569314241409, 0.07914555817842484, 0.09399408102035522, 0.14391642808914185, 0.2342727929353714, 0.5884076952934265], "lowlevel.gfcc.cov": [[1637.156494140625, 167.56382751464844, -328.79266357421875, -189.94638061523438, -75.00308227539062, 78.9494857788086, 7.659348964691162, 53.25798416137695, 101.19061279296875, 43.356266021728516, 61.757789611816406, -2.4348995685577393, 57.56461715698242], [167.56382751464844, 272.9794921875, -96.42597961425781, -21.747068405151367, 75.53260803222656, 19.961414337158203, 53.52229690551758, 14.104732513427734, 48.99121856689453, 5.987771034240723, 38.2036018371582, 5.8462114334106445, 33.09043884277344], [-328.79266357421875, -96.42597961425781, 469.74249267578125, 214.31173706054688, 18.163440704345703, 7.763172626495361, 25.013296127319336, 10.51268482208252, -17.529611587524414, -5.554150104522705, -11.914880752563477, 19.135826110839844, -20.495668411254883], [-189.94638061523438, -21.747068405151367, 214.31173706054688, 245.623046875, 98.68125915527344, 7.239264965057373, 25.055200576782227, 20.668621063232422, 24.434467315673828, -1.1930452585220337, 17.771879196166992, 18.815536499023438, -1.6360362768173218], [-75.00308227539062, 75.53260803222656, 18.163440704345703, 98.68125915527344, 218.1324005126953, 96.07548522949219, 92.80158233642578, 22.471290588378906, 21.045042037963867, 1.499830961227417, 24.759130477905273, 10.617851257324219, 6.450026512145996], [78.9494857788086, 19.961414337158203, 7.763172626495361, 7.239264965057373, 96.07548522949219, 191.12710571289062, 113.4539794921875, 10.613455772399902, -0.719632089138031, 3.9198100566864014, 30.70513916015625, -3.540194034576416, 11.606051445007324], [7.659348964691162, 53.52229690551758, 25.013296127319336, 25.055200576782227, 92.80158233642578, 113.4539794921875, 150.0321044921875, 16.68608856201172, 11.554939270019531, 1.7138581275939941, 18.44459342956543, 0.07965565472841263, 1.0256762504577637], [53.25798416137695, 14.104732513427734, 10.51268482208252, 20.668621063232422, 22.471290588378906, 10.613455772399902, 16.68608856201172, 88.25787353515625, 49.30210876464844, 23.451736450195312, 8.85200023651123, -4.334287643432617, 11.672374725341797], [101.19061279296875, 48.99121856689453, -17.529611587524414, 24.434467315673828, 21.045042037963867, -0.719632089138031, 11.554939270019531, 49.30210876464844, 87.65225219726562, 32.589603424072266, 20.31110954284668, 0.9565253257751465, 8.631884574890137], [43.356266021728516, 5.987771034240723, -5.554150104522705, -1.1930452585220337, 1.499830961227417, 3.9198100566864014, 1.7138581275939941, 23.451736450195312, 32.589603424072266, 55.10121154785156, 28.194141387939453, 4.95342493057251, 6.927407264709473], [61.757789611816406, 38.2036018371582, -11.914880752563477, 17.771879196166992, 24.759130477905273, 30.70513916015625, 18.44459342956543, 8.85200023651123, 20.31110954284668, 28.194141387939453, 69.9504623413086, 25.01314353942871, 10.795734405517578], [-2.4348995685577393, 5.8462114334106445, 19.135826110839844, 18.815536499023438, 10.617851257324219, -3.540194034576416, 0.07965565472841263, -4.334287643432617, 0.9565253257751465, 4.95342493057251, 25.01314353942871, 44.96240234375, 16.786697387695312], [57.56461715698242, 33.09043884277344, -20.495668411254883, -1.6360362768173218, 6.450026512145996, 11.606051445007324, 1.0256762504577637, 11.672374725341797, 8.631884574890137, 6.927407264709473, 10.795734405517578, 16.786697387695312, 56.66841506958008]], "lowlevel.gfcc.icov": [[0.0008934597135521472, -0.0003763223940040916, 0.0004487703845370561, 9.244941611541435e-05, 0.0007543625542894006, -0.000870746560394764, 0.00030157886794768274, -0.00023581467394251376, -0.0008499000105075538, 0.00014731056580785662, -0.00016304152086377144, -0.0002455557114444673, -0.0001720261061564088], [-0.0003763223940040916, 0.006805948447436094, -0.0003618028131313622, 0.002423646626994014, -0.00329513824544847, 0.0035788954701274633, -0.0027462628204375505, 0.001971492078155279, -0.0038892552256584167, 0.0037177586928009987, -0.004957923665642738, 0.003538236254826188, -0.004332770127803087], [0.0004487703845370561, -0.0003618028131313622, 0.005184285808354616, -0.005407919175922871, 0.0031096593011170626, -0.0018006087047979236, -0.0008147527114488184, -0.001434345729649067, 0.0022835792042315006, -0.0021881242282688618, 0.003205476561561227, -0.0032488007564097643, 0.002070691902190447], [9.244941611541435e-05, 0.002423646626994014, -0.005407919175922871, 0.012258384376764297, -0.006657189689576626, 0.003586813807487488, 0.0003531291149556637, 0.0012801885604858398, -0.005356926936656237, 0.005080107599496841, -0.005957428831607103, 0.0027711596339941025, -0.0028491222765296698], [0.0007543625542894006, -0.00329513824544847, 0.0031096593011170626, -0.006657189689576626, 0.011614278890192509, -0.005321776494383812, -0.0017763738287612796, -0.0021077017299830914, 0.0016390247037634254, -0.0019008710514754057, 0.0037370026111602783, -0.004418804310262203, 0.002904370427131653], [-0.000870746560394764, 0.0035788954701274633, -0.0018006087047979236, 0.003586813807487488, -0.005321776494383812, 0.014381852000951767, -0.008342357352375984, 0.0012896213447675109, 0.0006973579293116927, 0.0026472110766917467, -0.007869449444115162, 0.007335306610912085, -0.005310961045324802], [0.00030157886794768274, -0.0027462628204375505, -0.0008147527114488184, 0.0003531291149556637, -0.0017763738287612796, -0.008342357352375984, 0.01506338082253933, -0.0015194170409813523, -0.0005771378637291491, -8.796843030722812e-05, 0.0019775847904384136, -0.002157679758965969, 0.003324958961457014], [-0.00023581467394251376, 0.001971492078155279, -0.001434345729649067, 0.0012801885604858398, -0.0021077017299830914, 0.0012896213447675109, -0.0015194170409813523, 0.018706316128373146, -0.010115624405443668, -0.0016399193555116653, -0.000572862452827394, 0.0047133807092905045, -0.0047890543937683105], [-0.0008499000105075538, -0.0038892552256584167, 0.0022835792042315006, -0.005356926936656237, 0.0016390247037634254, 0.0006973579293116927, -0.0005771378637291491, -0.010115624405443668, 0.025115827098488808, -0.010829301550984383, 0.002237851731479168, -0.0012922945898026228, 0.003024909645318985], [0.00014731056580785662, 0.0037177586928009987, -0.0021881242282688618, 0.005080107599496841, -0.0019008710514754057, 0.0026472110766917467, -8.796843030722812e-05, -0.0016399193555116653, -0.010829301550984383, 0.0323328971862793, -0.01532624289393425, 0.005504353903234005, -0.003965466748923063], [-0.00016304152086377144, -0.004957923665642738, 0.003205476561561227, -0.005957428831607103, 0.0037370026111602783, -0.007869449444115162, 0.0019775847904384136, -0.000572862452827394, 0.002237851731479168, -0.01532624289393425, 0.03199389949440956, -0.018254442140460014, 0.0061616916209459305], [-0.0002455557114444673, 0.003538236254826188, -0.0032488007564097643, 0.0027711596339941025, -0.004418804310262203, 0.007335306610912085, -0.002157679758965969, 0.0047133807092905045, -0.0012922945898026228, 0.005504353903234005, -0.018254442140460014, 0.038602713495492935, -0.013276404701173306], [-0.0001720261061564088, -0.004332770127803087, 0.002070691902190447, -0.0028491222765296698, 0.002904370427131653, -0.005310961045324802, 0.003324958961457014, -0.0047890543937683105, 0.003024909645318985, -0.003965466748923063, 0.0061616916209459305, -0.013276404701173306, 0.02548433467745781]], "lowlevel.mfcc.cov": [[1634.963623046875, 156.38681030273438, -307.0929260253906, -237.81224060058594, -78.65350341796875, -65.79610443115234, -61.03163528442383, -37.125545501708984, 14.591214179992676, 78.87066650390625, 10.444725036621094, -19.005399703979492, 74.3827896118164], [156.38681030273438, 252.67979431152344, -129.0351104736328, -27.10843849182129, -2.5108418464660645, 10.67624568939209, 18.851852416992188, 13.651780128479004, 14.41596508026123, 33.507469177246094, 1.6534241437911987, -4.452807903289795, 0.5065890550613403], [-307.0929260253906, -129.0351104736328, 399.72357177734375, 122.15947723388672, 11.976824760437012, 20.537975311279297, 5.604065895080566, 25.265832901000977, -13.235821723937988, -24.138118743896484, 10.75182056427002, 6.369983196258545, -1.756066918373108], [-237.81224060058594, -27.10843849182129, 122.15947723388672, 228.20045471191406, 76.6296615600586, 14.498943328857422, 1.34282386302948, 30.33087730407715, 11.560958862304688, -7.49790620803833, 1.1494818925857544, 31.717491149902344, -6.760590076446533], [-78.65350341796875, -2.5108418464660645, 11.976824760437012, 76.6296615600586, 126.41270446777344, 35.62479782104492, 31.993257522583008, 28.002490997314453, 24.859012603759766, 9.851883888244629, 8.462481498718262, 23.10466957092285, 16.349851608276367], [-65.79610443115234, 10.67624568939209, 20.537975311279297, 14.498943328857422, 35.62479782104492, 162.49241638183594, 101.33556365966797, 60.603702545166016, 1.6448060274124146, 27.8688907623291, -0.9877452254295349, 9.191596984863281, 8.496417999267578], [-61.03163528442383, 18.851852416992188, 5.604065895080566, 1.34282386302948, 31.993257522583008, 101.33556365966797, 140.394775390625, 55.783504486083984, 19.113265991210938, 17.97989845275879, 10.477965354919434, 13.795112609863281, 5.320545673370361], [-37.125545501708984, 13.651780128479004, 25.265832901000977, 30.33087730407715, 28.002490997314453, 60.603702545166016, 55.783504486083984, 88.11278533935547, 20.674571990966797, 28.94623565673828, 1.2958811521530151, 15.930481910705566, 4.108565807342529], [14.591214179992676, 14.41596508026123, -13.235821723937988, 11.560958862304688, 24.859012603759766, 1.6448060274124146, 19.113265991210938, 20.674571990966797, 74.16070556640625, 32.0865592956543, 15.437578201293945, -5.665948390960693, 5.007512092590332], [78.87066650390625, 33.507469177246094, -24.138118743896484, -7.49790620803833, 9.851883888244629, 27.8688907623291, 17.97989845275879, 28.94623565673828, 32.0865592956543, 82.09329223632812, 21.707910537719727, 3.1019022464752197, 7.372060775756836], [10.444725036621094, 1.6534241437911987, 10.75182056427002, 1.1494818925857544, 8.462481498718262, -0.9877452254295349, 10.477965354919434, 1.2958811521530151, 15.437578201293945, 21.707910537719727, 61.045738220214844, 20.58269691467285, 7.64857292175293], [-19.005399703979492, -4.452807903289795, 6.369983196258545, 31.717491149902344, 23.10466957092285, 9.191596984863281, 13.795112609863281, 15.930481910705566, -5.665948390960693, 3.1019022464752197, 20.58269691467285, 75.71160888671875, 16.01636505126953], [74.3827896118164, 0.5065890550613403, -1.756066918373108, -6.760590076446533, 16.349851608276367, 8.496417999267578, 5.320545673370361, 4.108565807342529, 5.007512092590332, 7.372060775756836, 7.64857292175293, 16.01636505126953, 58.70846939086914]], "lowlevel.mfcc.icov": [[0.000902643078006804, -0.00024149146338459104, 0.00037968705873936415, 0.0005564430030062795, 0.00021922154701314867, 0.00023431313456967473, 0.0003235824697185308, -6.756198854418471e-05, 8.496760710841045e-05, -0.0007043529185466468, 4.08121086366009e-05, 7.018283213255927e-05, -0.0011289413087069988], [-0.00024149146338459104, 0.005124690942466259, 0.0016470180125907063, -0.0007258548866957426, 0.00042853638296946883, 0.00025832204846665263, -0.0007950623985379934, -0.0006977868615649641, 0.00033033551881089807, -0.0012944991467520595, -0.00012929266085848212, 0.0006115141441114247, 0.00017597380792722106], [0.00037968705873936415, 0.0016470180125907063, 0.004104101099073887, -0.0020853527821600437, 0.0012855931418016553, -0.00020218838471919298, 5.87829235882964e-05, -0.0014237799914553761, 0.0009320042445324361, 0.0005189354415051639, -0.001701216446235776, 0.0013960344949737191, -0.0011509803589433432], [0.0005564430030062795, -0.0007258548866957426, -0.0020853527821600437, 0.008075378835201263, -0.004216925241053104, -0.00010129254224011675, 0.002074612071737647, -0.00122419698163867, -0.0011760912602767348, 0.0004761699528899044, 0.0012176347663626075, -0.002770862076431513, 0.001893312786705792], [0.00021922154701314867, 0.00042853638296946883, 0.0012855931418016553, -0.004216925241053104, 0.012459204532206059, -0.0016232755733653903, -0.000926648557651788, -0.00027101614978164434, -0.003103814087808132, 0.0006318174418993294, -0.00044582231203094125, -0.0010743564926087856, -0.0033239375334233046], [0.00023431313456967473, 0.00025832204846665263, -0.00020218838471919298, -0.00010129254224011675, -0.0016232755733653903, 0.013979669660329819, -0.00862488616257906, -0.003522619605064392, 0.004959716461598873, -0.004185243975371122, 0.0018777825171127915, 0.0015796066727489233, -0.0014328127726912498], [0.0003235824697185308, -0.0007950623985379934, 5.87829235882964e-05, 0.002074612071737647, -0.000926648557651788, -0.00862488616257906, 0.015856154263019562, -0.004292744677513838, -0.003699608612805605, 0.0034257073421031237, -0.0026489789597690105, -0.0013639620738103986, 0.0008098559337668121], [-6.756198854418471e-05, -0.0006977868615649641, -0.0014237799914553761, -0.00122419698163867, -0.00027101614978164434, -0.003522619605064392, -0.004292744677513838, 0.020546620711684227, -0.003486342029646039, -0.005001517478376627, 0.00445489352568984, -0.0039039060939103365, 0.0008545260061509907], [8.496760710841045e-05, 0.00033033551881089807, 0.0009320042445324361, -0.0011760912602767348, -0.003103814087808132, 0.004959716461598873, -0.003699608612805605, -0.003486342029646039, 0.020658591762185097, -0.006559829693287611, -0.0034318948164582253, 0.005255274940282106, -0.0014171209186315536], [-0.0007043529185466468, -0.0012944991467520595, 0.0005189354415051639, 0.0004761699528899044, 0.0006318174418993294, -0.004185243975371122, 0.0034257073421031237, -0.005001517478376627, -0.006559829693287611, 0.020138051360845566, -0.0063089849427342415, 0.0006197270122356713, 0.00012686972331721336], [4.08121086366009e-05, -0.00012929266085848212, -0.001701216446235776, 0.0012176347663626075, -0.00044582231203094125, 0.0018777825171127915, -0.0026489789597690105, 0.00445489352568984, -0.0034318948164582253, -0.0063089849427342415, 0.022603081539273262, -0.007028060033917427, -0.00012301659444347024], [7.018283213255927e-05, 0.0006115141441114247, 0.0013960344949737191, -0.002770862076431513, -0.0010743564926087856, 0.0015796066727489233, -0.0013639620738103986, -0.0039039060939103365, 0.005255274940282106, 0.0006197270122356713, -0.007028060033917427, 0.01877003349363804, -0.004635240416973829], [-0.0011289413087069988, 0.00017597380792722106, -0.0011509803589433432, 0.001893312786705792, -0.0033239375334233046, -0.0014328127726912498, 0.0008098559337668121, 0.0008545260061509907, -0.0014171209186315536, 0.00012686972331721336, -0.00012301659444347024, -0.004635240416973829, 0.02103111892938614]], "metadata.audio_properties.analysis.downmix": "mix", "metadata.audio_properties.codec": "mp3", "metadata.audio_properties.md5_encoded": "27b7100836a3e3284c7217e040e34613", "metadata.tags.file_name": "1182269069899092048.mp3", "metadata.version.essentia": "2.1-beta6-dev", "metadata.version.essentia_git_sha": "v2.1_beta5-1110-g77a6a954", "metadata.version.extractor": "music 2.0", "tonal.chords_key": "G", "tonal.chords_scale": "major", "tonal.key_edma.key": "G", "tonal.key_edma.scale": "major", "tonal.key_krumhansl.key": "G", "tonal.key_krumhansl.scale": "major", "tonal.key_temperley.key": "G", "tonal.key_temperley.scale": "major", "metadata.tags.encoding": ["Lavf58.45.100"]}, "essentia_models": [{"model_name": "genre_dortmund", "activations": {"alternative": "0.09123056", "blues": "0.0046182987", "el