{"song_id": "1182272916373655602", "download": "https://cdn.discordapp.com/attachments/1128313332273782784/1182272916373655602/chirp.mp4?ex=65841874&amp", "lyrics": "[verse 1]\n\u042f \u043d\u0430\u0432\u0441\u0435\u0433\u0434\u0430 \u0437\u0430\u043f\u043e\u043c\u043d\u044e \u043d\u043e\u0447\u044c,\n\u041a\u043e\u0433\u0434\u0430 \u0432\u0441\u0451 \u044d\u0442\u043e \u043d\u0430\u0447\u0430\u043b\u043e\u0441\u044c\n\u041f\u043e\u0434 \u0443\u0442\u0440\u043e \u044f \u0441 \u0443\u043c\u0430 \u0441\u043e\u0448\u043b\u0430\n\u0417\u0430\u0447\u0435\u043c \u0436\u0435 \u044f \u0442\u0435\u0431\u044f \u043d\u0430\u0448\u043b\u0430!?", "style": ["mpb"], "essentia_features": {"lowlevel.average_loudness": 0.9534863233566284, "lowlevel.barkbands_crest.mean": 9.985868453979492, "lowlevel.barkbands_crest.stdev": 3.125436782836914, "lowlevel.barkbands_flatness_db.mean": 0.22569751739501953, "lowlevel.barkbands_flatness_db.stdev": 0.04540792480111122, "lowlevel.barkbands_kurtosis.mean": 2.7885262966156006, "lowlevel.barkbands_kurtosis.stdev": 2.988576650619507, "lowlevel.barkbands_skewness.mean": 1.3833744525909424, "lowlevel.barkbands_skewness.stdev": 0.5921765565872192, "lowlevel.barkbands_spread.mean": 12.379130363464355, "lowlevel.barkbands_spread.stdev": 8.852678298950195, "lowlevel.dissonance.mean": 0.421454519033432, "lowlevel.dissonance.stdev": 0.03331419825553894, "lowlevel.dynamic_complexity": 3.4863147735595703, "lowlevel.erbbands_crest.mean": 11.264676094055176, "lowlevel.erbbands_crest.stdev": 4.530922889709473, "lowlevel.erbbands_flatness_db.mean": 0.27741265296936035, "lowlevel.erbbands_flatness_db.stdev": 0.04927244409918785, "lowlevel.erbbands_kurtosis.mean": 1.0491725206375122, "lowlevel.erbbands_kurtosis.stdev": 2.2883684635162354, "lowlevel.erbbands_skewness.mean": 0.8649097681045532, "lowlevel.erbbands_skewness.stdev": 0.6172506809234619, "lowlevel.erbbands_spread.mean": 24.05528450012207, "lowlevel.erbbands_spread.stdev": 14.480337142944336, "lowlevel.hfc.mean": 17.9506778717041, "lowlevel.hfc.stdev": 19.645097732543945, "lowlevel.loudness_ebu128.integrated": -16.77396583557129, "lowlevel.loudness_ebu128.loudness_range": 3.1653833389282227, "lowlevel.loudness_ebu128.momentary.mean": -17.722023010253906, "lowlevel.loudness_ebu128.momentary.stdev": 2.970623731613159, "lowlevel.loudness_ebu128.short_term.mean": -16.854434967041016, "lowlevel.loudness_ebu128.short_term.stdev": 1.180229902267456, "lowlevel.melbands_crest.mean": 12.88808822631836, "lowlevel.melbands_crest.stdev": 4.056821823120117, "lowlevel.melbands_flatness_db.mean": 0.2309422641992569, "lowlevel.melbands_flatness_db.stdev": 0.07261230796575546, "lowlevel.melbands_kurtosis.mean": 6.635150909423828, "lowlevel.melbands_kurtosis.stdev": 5.649949073791504, "lowlevel.melbands_skewness.mean": 1.8663737773895264, "lowlevel.melbands_skewness.stdev": 0.8069543838500977, "lowlevel.melbands_spread.mean": 16.047395706176758, "lowlevel.melbands_spread.stdev": 10.458463668823242, "lowlevel.pitch_salience.mean": 0.5849049687385559, "lowlevel.pitch_salience.stdev": 0.08293139934539795, "lowlevel.silence_rate_20dB.mean": 1.0, "lowlevel.silence_rate_20dB.stdev": 0.0, "lowlevel.silence_rate_30dB.mean": 1.0, "lowlevel.silence_rate_30dB.stdev": 0.0, "lowlevel.silence_rate_60dB.mean": 0.013657055795192719, "lowlevel.silence_rate_60dB.stdev": 0.11606238037347794, "lowlevel.spectral_centroid.mean": 1103.87451171875, "lowlevel.spectral_centroid.stdev": 479.5757751464844, "lowlevel.spectral_complexity.mean": 13.297420501708984, "lowlevel.spectral_complexity.stdev": 4.210634231567383, "lowlevel.spectral_decrease.mean": -4.379288487399435e-09, "lowlevel.spectral_decrease.stdev": 4.265825470639584e-09, "lowlevel.spectral_energy.mean": 0.018156632781028748, "lowlevel.spectral_energy.stdev": 0.01778896525502205, "lowlevel.spectral_energyband_high.mean": 0.0004829208482988179, "lowlevel.spectral_energyband_high.stdev": 0.0006865519681014121, "lowlevel.spectral_energyband_low.mean": 0.0001612706109881401, "lowlevel.spectral_energyband_low.stdev": 0.00016766402404755354, "lowlevel.spectral_energyband_middle_high.mean": 0.007914709858596325, "lowlevel.spectral_energyband_middle_high.stdev": 0.011723637580871582, "lowlevel.spectral_energyband_middle_low.mean": 0.010535742156207561, "lowlevel.spectral_energyband_middle_low.stdev": 0.011039103381335735, "lowlevel.spectral_entropy.mean": 7.083671569824219, "lowlevel.spectral_entropy.stdev": 0.4640271067619324, "lowlevel.spectral_flux.mean": 0.05552462488412857, "lowlevel.spectral_flux.stdev": 0.049518048763275146, "lowlevel.spectral_kurtosis.mean": 7.314284324645996, "lowlevel.spectral_kurtosis.stdev": 10.737998962402344, "lowlevel.spectral_rms.mean": 0.0038016934413462877, "lowlevel.spectral_rms.stdev": 0.001805801410228014, "lowlevel.spectral_rolloff.mean": 1466.5777587890625, "lowlevel.spectral_rolloff.stdev": 1061.570068359375, "lowlevel.spectral_skewness.mean": 1.6198691129684448, "lowlevel.spectral_skewness.stdev": 0.9259160161018372, "lowlevel.spectral_spread.mean": 3381472.25, "lowlevel.spectral_spread.stdev": 1355335.25, "lowlevel.spectral_strongpeak.mean": 1.882943034172058, "lowlevel.spectral_strongpeak.stdev": 1.7668976783752441, "lowlevel.zerocrossingrate.mean": 0.05375835672020912, "lowlevel.zerocrossingrate.stdev": 0.02601044811308384, "metadata.audio_properties.analysis.equal_loudness": 0.0, "metadata.audio_properties.analysis.length": 15.273605346679688, "metadata.audio_properties.analysis.sample_rate": 44100.0, "metadata.audio_properties.analysis.start_time": 0.0, "metadata.audio_properties.bit_rate": 95172.0, "metadata.audio_properties.length": 15.274666786193848, "metadata.audio_properties.lossless": 0.0, "metadata.audio_properties.number_channels": 1.0, "metadata.audio_properties.replay_gain": -11.512044906616211, "metadata.audio_properties.sample_rate": 48000.0, "rhythm.beats_count": 17.0, "rhythm.beats_loudness.mean": 0.021236654371023178, "rhythm.beats_loudness.stdev": 0.01448619831353426, "rhythm.bpm": 69.26010131835938, "rhythm.bpm_histogram_first_peak_bpm": 69.0, "rhythm.bpm_histogram_first_peak_weight": 0.0625, "rhythm.bpm_histogram_second_peak_bpm": 0.0, "rhythm.bpm_histogram_second_peak_spread": 0.0, "rhythm.bpm_histogram_second_peak_weight": 0.0, "rhythm.danceability": 1.2359782457351685, "rhythm.onset_rate": 3.1392369270324707, "tonal.chords_changes_rate": 0.03030303120613098, "tonal.chords_number_rate": 0.012121211737394333, "tonal.chords_strength.mean": 0.5291821956634521, "tonal.chords_strength.stdev": 0.07053489983081818, "tonal.hpcp_crest.mean": 14.955625534057617, "tonal.hpcp_crest.stdev": 4.288267135620117, "tonal.hpcp_entropy.mean": 1.593449592590332, "tonal.hpcp_entropy.stdev": 0.38492661714553833, "tonal.key_edma.strength": 0.8176438808441162, "tonal.key_krumhansl.strength": 0.8329031467437744, "tonal.key_temperley.strength": 0.8511924743652344, "tonal.tuning_diatonic_strength": 0.5770977139472961, "tonal.tuning_equal_tempered_deviation": 0.013902716338634491, "tonal.tuning_frequency": 440.5086364746094, "tonal.tuning_nontempered_energy_ratio": 0.5890051126480103, "lowlevel.barkbands.mean": [9.316949558524357e-07, 5.83861265113228e-06, 0.00010769959044409916, 0.0001079888388630934, 0.00038553582271561027, 0.0016032240819185972, 0.002404905389994383, 0.002748643048107624, 0.0017181209987029433, 0.00218019331805408, 0.0017025232082232833, 0.0010112040909007192, 0.002013786928728223, 0.0008768326370045543, 0.0003294335911050439, 0.00010118188947672024, 3.653005842352286e-05, 5.069863618700765e-05, 0.00011527846800163388, 0.0002597338461782783, 0.00015237198385875672, 0.00016486135427840054, 4.706983236246742e-05, 2.6815787350642495e-05, 5.23284825248993e-06, 6.643866568012413e-10, 5.794844604167793e-10], "lowlevel.barkbands.stdev": [2.2830802208773093e-06, 8.952739335654769e-06, 0.00013335370749700814, 0.00012420587881933898, 0.00038058109930716455, 0.001273221685551107, 0.002678984310477972, 0.006857885047793388, 0.004413740709424019, 0.006478070747107267, 0.004306138958781958, 0.002004320500418544, 0.005443243309855461, 0.002205946948379278, 0.0008686653454788029, 0.00025856218417175114, 5.040688120061532e-05, 8.469200838590041e-05, 0.00017821515211835504, 0.00046835921239107847, 0.00024783535627648234, 0.00025769014609977603, 9.441650763619691e-05, 6.559047324117273e-05, 1.7441518139094114e-05, 1.9113630678191385e-09, 1.091310597445272e-09], "lowlevel.erbbands.mean": [0.00011940578406210989, 0.0030283548403531313, 0.0777161568403244, 0.27985313534736633, 0.44253188371658325, 1.4264425039291382, 4.7986931800842285, 15.066821098327637, 37.48139190673828, 52.21239471435547, 39.81184005737305, 46.54570770263672, 84.77023315429688, 40.09532928466797, 61.29222869873047, 59.389747619628906, 97.96458435058594, 50.85178756713867, 25.7091121673584, 12.422818183898926, 3.8142483234405518, 2.010892391204834, 2.698852062225342, 3.32454776763916, 9.900097846984863, 12.535806655883789, 4.064215660095215, 8.338651657104492, 7.162201881408691, 2.214439868927002, 1.2758909463882446, 0.8585239052772522, 0.2967278063297272, 0.10225660353899002, 0.011858806945383549, 0.0004170366155449301, 3.436800034251064e-05, 7.581570116599323e-06, 1.1334357623127289e-05, 2.229663368780166e-05], "lowlevel.erbbands.stdev": [0.000217960579902865, 0.0032190524507313967, 0.08782997727394104, 0.2484971582889557, 0.547012984752655, 1.615307331085205, 4.607134819030762, 12.072446823120117, 38.94486618041992, 58.88935470581055, 137.1356201171875, 118.98307037353516, 240.85964965820312, 110.95941162109375, 141.0496368408203, 98.85688018798828, 261.5397644042969, 104.67231750488281, 69.66000366210938, 25.11393165588379, 6.350226879119873, 2.6950724124908447, 4.5939741134643555, 5.121278285980225, 14.703371047973633, 24.290830612182617, 6.858484745025635, 12.65947437286377, 11.106650352478027, 4.287669658660889, 2.525693893432617, 1.9026801586151123, 0.8059298992156982, 0.3355409801006317, 0.03809263929724693, 0.0012578675523400307, 6.596489401999861e-05, 1.042362146108644e-05, 1.0695025594031904e-05, 2.174137443944346e-05], "lowlevel.gfcc.mean": [-86.30819702148438, 131.62008666992188, -190.1293487548828, 4.715054035186768, -99.25121307373047, -10.248286247253418, -34.11741638183594, -32.37273406982422, -8.497559547424316, -2.94118595123291, 8.264812469482422, -23.366384506225586, -6.270083427429199], "lowlevel.melbands.mean": [1.2270202205399983e-06, 3.0653569410787895e-05, 5.362938827602193e-05, 5.905095167690888e-05, 0.0001527441927464679, 0.000345883279806003, 0.000556832819711417, 0.0006092074327170849, 0.00029332598205655813, 0.00028912819107063115, 0.00041362381307408214, 0.00014274507702793926, 0.00022907993115950376, 0.00011791141878347844, 0.0002192555257352069, 0.00015899987192824483, 9.25309577723965e-05, 4.468155748327263e-05, 2.037702506640926e-05, 1.183369749924168e-05, 3.1107877020986052e-06, 2.0703382688225247e-06, 2.3396457891067257e-06, 2.261785766677349e-06, 2.485553068254376e-06, 4.813414307136554e-06, 1.0947273040073924e-05, 7.377304882538738e-06, 2.1033793018432334e-06, 2.989226459249039e-06, 5.565795163420262e-06, 4.657452336687129e-06, 2.0884060631942702e-06, 8.851689585753775e-07, 7.108662885002559e-07, 7.020121870482399e-07, 4.639725261768035e-07, 2.286233495851775e-07, 1.267520559622426e-07, 6.913685268727932e-08], "lowlevel.melbands.stdev": [2.112692982336739e-06, 3.407626354601234e-05, 4.7371573600685224e-05, 6.63858518237248e-05, 0.00013719017442781478, 0.00027866262826137245, 0.0005915997899137437, 0.0009152585407719016, 0.0009856323013082147, 0.0007647250313311815, 0.0012148714158684015, 0.00043661141535267234, 0.0005709470133297145, 0.00021476249094121158, 0.000531555968336761, 0.0004668851033784449, 0.00021863104484509677, 0.0001391858677379787, 5.048351886216551e-05, 2.9165643354645e-05, 4.751178039441584e-06, 2.8873448627564358e-06, 4.767819518747274e-06, 3.445765969445347e-06, 4.294063273846405e-06, 7.689317499171011e-06, 1.829948087106459e-05, 1.6280217096209526e-05, 3.890512743964791e-06, 6.153084996185498e-06, 8.442639227723703e-06, 7.530235961894505e-06, 3.888039827870671e-06, 1.9564574813557556e-06, 1.4943748283258174e-06, 1.5505122519243741e-06, 1.0904624332397361e-06, 6.334241220429249e-07, 3.920960125469719e-07, 2.499918707599136e-07], "lowlevel.melbands128.mean": [4.1275237094851036e-07, 6.436110311369703e-07, 1.0937174010905437e-06, 3.1825588848732878e-06, 2.143263554899022e-05, 6.410199421225116e-05, 5.559722558245994e-05, 5.785296161775477e-05, 3.7889829400228336e-05, 4.1254403186030686e-05, 7.516251935157925e-05, 0.0001301748416153714, 0.0001412052515661344, 0.0002222390176029876, 0.0002756858302745968, 0.00048088032053783536, 0.0005398760549724102, 0.0007253126241266727, 0.0003395104722585529, 0.0005918294191360474, 0.0008487802697345614, 0.00033019116381183267, 0.00022964889649301767, 0.00018557411385700107, 0.00036003821878694, 0.0002523896109778434, 0.00030034876544959843, 0.0006939854356460273, 0.00022472352429758757, 7.313045352930203e-05, 0.00012369293835945427, 0.0002359541686018929, 0.0003052919637411833, 0.00018755623023025692, 4.6815144742140546e-05, 0.00013059875345788896, 0.0001777536963345483, 0.00014663914043921977, 0.0003369529149495065, 0.00025653289048932493, 9.052104724105448e-05, 5.540638812817633e-05, 9.786674490896985e-05, 0.00012895000691059977, 4.328094291849993e-05, 3.294370981166139e-05, 3.663123061414808e-05, 1.8642243958311155e-05, 1.1992699910479132e-05, 2.2246353182708845e-05, 1.0243028555123601e-05, 5.094704192742938e-06, 2.4618584575364366e-06, 2.5504605218884535e-06, 3.42956991516985e-06, 1.815493419599079e-06, 1.0547104238867178e-06, 1.976117118829279e-06, 3.2777631986391498e-06, 2.3980151127034333e-06, 2.034278850260307e-06, 2.0963384486094583e-06, 2.821134785335744e-06, 2.5483266199444188e-06, 1.886462769107311e-06, 3.840093995677307e-06, 7.406053555314429e-06, 8.173532478394918e-06, 1.3144066542736255e-05, 1.3177065739000682e-05, 8.306829840876162e-06, 3.7847373732802225e-06, 2.7556093300518114e-06, 1.6086537470982876e-06, 1.58224759161385e-06, 2.498270077921916e-06, 3.799954356509261e-06, 4.4672055992123205e-06, 7.359391474892618e-06, 3.912794454663526e-06, 6.274296083574882e-06, 4.2773453969857655e-06, 2.7070575470133917e-06, 2.261308736706269e-06, 1.0786482107505435e-06, 9.099065891859937e-07, 8.37648258311674e-07, 7.551658995907928e-07, 7.200409868346469e-07, 6.192879027366871e-07, 8.059345191213652e-07, 7.361066423072771e-07, 5.274836780699843e-07, 4.5721742480964167e-07, 4.5719215790995804e-07, 2.8699406584564713e-07, 1.8370347731888614e-07, 1.2159125617472455e-07, 1.3708867641071265e-07, 1.237947202525902e-07, 9.225521324651709e-08, 6.459055157392868e-08, 3.241119017616256e-08, 2.3909215940420836e-08, 2.419635602990411e-09, 2.7319355666577394e-09, 3.0021354846532233e-10, 8.41234113618805e-12, 5.030724534865749e-12, 4.940317686191742e-12, 5.02535599938847e-12, 3.4402240171177434e-12, 3.212605095143095e-12, 3.0879281336798625e-12, 2.978904666342541e-12, 2.8847276130339328e-12, 2.8004736116887807e-12, 2.7176572624243445e-12, 2.6463800768816714e-12, 2.5804215535163433e-12, 2.5151298144870937e-12, 2.459224881026789e-12, 2.417473339566545e-12, 2.3723982847667635e-12, 2.3056975165941518e-12, 2.221312326786129e-12, 2.1708787111690553e-12, 2.154565154760535e-12], "lowlevel.melbands128.stdev": [1.2381218539303518e-06, 1.790452301975165e-06, 2.4834732812450966e-06, 4.9619743549556006e-06, 2.4578041120548733e-05, 8.243162301369011e-05, 5.6213728385046124e-05, 8.117849210975692e-05, 5.361457078834064e-05, 8.191604138119146e-05, 0.00010376534919487312, 0.0001439340994693339, 0.00019082482322119176, 0.0003098001179751009, 0.00031543642398901284, 0.0005456007202155888, 0.0005427700816653669, 0.0010795057751238346, 0.0004895785241387784, 0.000488822057377547, 0.0017955921357497573, 0.001940178219228983, 0.001205897773616016, 0.0005309275584295392, 0.001211049733683467, 0.0009542973712086678, 0.0011195121333003044, 0.002302825450897217, 0.0008709871326573193, 0.000425386824645102, 0.0007079017232172191, 0.0008423748658969998, 0.0009470761870034039, 0.0005607647472061217, 0.00024164408387150615, 0.00032434629974886775, 0.000388599670259282, 0.0006718363729305565, 0.001136153587140143, 0.0009353403002023697, 0.00043618286144919693, 0.00023081766266841441, 0.0003425427421461791, 0.00036814709892496467, 0.0002685836225282401, 0.0001568634615978226, 0.0001298437564400956, 9.388435137225315e-05, 2.5885434297379106e-05, 6.81494566379115e-05, 3.743810157175176e-05, 1.6228255844907835e-05, 5.26962958247168e-06, 5.591272838501027e-06, 6.402064627764048e-06, 3.482057991277543e-06, 2.1062489850010024e-06, 4.526080374489538e-06, 9.957775546354242e-06, 5.312877874530386e-06, 4.214286946080392e-06, 4.275190349289915e-06, 5.756632617703872e-06, 5.968642653897405e-06, 5.0822582124965265e-06, 9.187826435663737e-06, 1.319519378739642e-05, 1.7813363228924572e-05, 3.354713771841489e-05, 2.7998645236948505e-05, 2.778714770101942e-05, 1.2003496522083879e-05, 7.090089638950303e-06, 3.0240837531891884e-06, 3.839162218355341e-06, 4.971107955498155e-06, 1.2309606063354295e-05, 7.811484465491958e-06, 1.3461763046507258e-05, 6.848591056041187e-06, 1.1943659046664834e-05, 8.566143151256256e-06, 5.488087481353432e-06, 4.898587121715536e-06, 2.439329136905144e-06, 2.43379963649204e-06, 1.923028776218416e-06, 1.8975765669893008e-06, 1.8422097127768211e-06, 1.1800249239968252e-06, 1.8781182689053821e-06, 1.8618706008055597e-06, 1.2538205282908166e-06, 1.1227700724703027e-06, 1.2755594980262686e-06, 7.966675070747442e-07, 5.827897098242829e-07, 4.1563461650184763e-07, 4.3594513954303693e-07, 4.144599188293796e-07, 3.3831429391284473e-07, 2.650183716923493e-07, 1.2619234723842965e-07, 8.314107446949492e-08, 1.2902162005445916e-08, 1.3933970421931008e-08, 1.7839816290887711e-09, 4.142491905057e-11, 2.2007231106901948e-11, 2.2609634650616606e-11, 2.490127722076796e-11, 6.448554797783279e-12, 6.042772619091474e-12, 5.821980918196967e-12, 5.618339994628574e-12, 5.433869066512331e-12, 5.262447595744124e-12, 5.105960359380601e-12, 4.9620975731135e-12, 4.833447878049846e-12, 4.71593640874457e-12, 4.610519431513804e-12, 4.5209005809787595e-12, 4.443812939153302e-12, 4.377268946614832e-12, 4.3250064987732095e-12, 4.286821765620008e-12, 4.263620272809687e-12], "lowlevel.mfcc.mean": [-697.6940307617188, 141.47178649902344, -35.47000503540039, -5.525402069091797, -40.07706832885742, 1.3077410459518433, -22.838516235351562, -27.372533798217773, -25.227853775024414, -2.1283817291259766, -0.9857438802719116, 2.3360798358917236, 0.5805503129959106], "lowlevel.spectral_contrast_coeffs.mean": [-0.6318009495735168, -0.6531200408935547, -0.6759233474731445, -0.725037693977356, -0.7759866118431091, -0.6768999695777893], "lowlevel.spectral_contrast_coeffs.stdev": [0.06206795945763588, 0.0537094846367836, 0.07501833140850067, 0.05588685721158981, 0.04853042587637901, 0.07351985573768616], "lowlevel.spectral_contrast_valleys.mean": [-8.551558494567871, -6.784294605255127, -7.9567413330078125, -8.127270698547363, -8.423748016357422, -11.92409896850586], "lowlevel.spectral_contrast_valleys.stdev": [0.6689391136169434, 0.5896055698394775, 0.6617421507835388, 0.5897051095962524, 0.8496350049972534, 1.5411217212677002], "rhythm.beats_loudness_band_ratio.mean": [0.029903467744588852, 0.1702968031167984, 0.45085132122039795, 0.3090842068195343, 0.05869250372052193, 0.03291957452893257], "rhythm.beats_loudness_band_ratio.stdev": [0.026811782270669937, 0.14524072408676147, 0.13450779020786285, 0.19601504504680634, 0.0642940104007721, 0.023948384448885918], "tonal.hpcp.mean": [0.36041754484176636, 0.18729686737060547, 0.017913486808538437, 0.023232584819197655, 0.02141505666077137, 0.10287100076675415, 0.19429421424865723, 0.12455146014690399, 0.24760043621063232, 0.47570231556892395, 0.25818300247192383, 0.022830471396446228, 0.020418427884578705, 0.013386843726038933, 0.10893029719591141, 0.22543415427207947, 0.13480541110038757, 0.026678746566176414, 0.031238919124007225, 0.040217529982328415, 0.11576805263757706, 0.1994192898273468, 0.1545608937740326, 0.12084539979696274, 0.12396286427974701, 0.06323133409023285, 0.03355185315012932, 0.03806423023343086, 0.03811071068048477, 0.20596396923065186, 0.3868020176887512, 0.22591432929039001, 0.04015913978219032, 0.019990814849734306, 0.010197666473686695, 0.18269842863082886], "tonal.hpcp.stdev": [0.3767955005168915, 0.19744078814983368, 0.06993843615055084, 0.11442223191261292, 0.09689081460237503, 0.16591934859752655, 0.2803804576396942, 0.18306954205036163, 0.20794396102428436, 0.36862969398498535, 0.22677871584892273, 0.10630810260772705, 0.0967431366443634, 0.06896066665649414, 0.16382576525211334, 0.32861557602882385, 0.19269955158233643, 0.07836968451738358, 0.12175755947828293, 0.15185390412807465, 0.2215062379837036, 0.2884705364704132, 0.24340708553791046, 0.2357410490512848, 0.22650954127311707, 0.15134330093860626, 0.11463821679353714, 0.1266622394323349, 0.13818198442459106, 0.23006804287433624, 0.37255918979644775, 0.2523602545261383, 0.14603659510612488, 0.08590863645076752, 0.031046757474541664, 0.19525685906410217], "rhythm.beats_position": [0.8823582530021667, 1.7531065940856934, 2.623854875564575, 3.5062131881713867, 4.3769612312316895, 5.224489688873291, 6.083628177642822, 6.942766189575195, 7.801904678344727, 8.661043167114258, 9.543400764465332, 10.414149284362793, 11.284897804260254, 12.144036293029785, 13.003174781799316, 13.873922348022461, 14.744670867919922], "rhythm.bpm_histogram": [0.0, 0.0, 0.0, 0.0, 0.0, 0.0, 0.0, 0.0, 0.0, 0.0, 0.0, 0.0, 0.0, 0.0, 0.0, 0.0, 0.0, 0.0, 0.0, 0.0, 0.0, 0.0, 0.0, 0.0, 0.0, 0.0, 0.0, 0.0, 0.0, 0.0, 0.0, 0.0, 0.0, 0.0, 0.0, 0.0, 0.0, 0.0, 0.0, 0.0, 0.0, 0.0, 0.0, 0.0, 0.0, 0.0, 0.0, 0.0, 0.0, 0.0, 0.0, 0.0, 0.0, 0.0, 0.0, 0.0, 0.0, 0.0, 0.0, 0.0, 0.0, 0.0, 0.0, 0.0, 0.0, 0.0, 0.0, 0.0, 0.125, 0.4375, 0.375, 0.0625, 0.0, 0.0, 0.0, 0.0, 0.0, 0.0, 0.0, 0.0, 0.0, 0.0, 0.0, 0.0, 0.0, 0.0, 0.0, 0.0, 0.0, 0.0, 0.0, 0.0, 0.0, 0.0, 0.0, 0.0, 0.0, 0.0, 0.0, 0.0, 0.0, 0.0, 0.0, 0.0, 0.0, 0.0, 0.0, 0.0, 0.0, 0.0, 0.0, 0.0, 0.0, 0.0, 0.0, 0.0, 0.0, 0.0, 0.0, 0.0, 0.0, 0.0, 0.0, 0.0, 0.0, 0.0, 0.0, 0.0, 0.0, 0.0, 0.0, 0.0, 0.0, 0.0, 0.0, 0.0, 0.0, 0.0, 0.0, 0.0, 0.0, 0.0, 0.0, 0.0, 0.0, 0.0, 0.0, 0.0, 0.0, 0.0, 0.0, 0.0, 0.0, 0.0, 0.0, 0.0, 0.0, 0.0, 0.0, 0.0, 0.0, 0.0, 0.0, 0.0, 0.0, 0.0, 0.0, 0.0, 0.0, 0.0, 0.0, 0.0, 0.0, 0.0, 0.0, 0.0, 0.0, 0.0, 0.0, 0.0, 0.0, 0.0, 0.0, 0.0, 0.0, 0.0, 0.0, 0.0, 0.0, 0.0, 0.0, 0.0, 0.0, 0.0, 0.0, 0.0, 0.0, 0.0, 0.0, 0.0, 0.0, 0.0, 0.0, 0.0, 0.0, 0.0, 0.0, 0.0, 0.0, 0.0, 0.0, 0.0, 0.0, 0.0, 0.0, 0.0, 0.0, 0.0, 0.0, 0.0, 0.0, 0.0, 0.0, 0.0, 0.0, 0.0, 0.0, 0.0, 0.0, 0.0, 0.0, 0.0, 0.0, 0.0, 0.0, 0.0, 0.0, 0.0, 0.0, 0.0, 0.0, 0.0, 0.0, 0.0, 0.0, 0.0, 0.0, 0.0, 0.0, 0.0], "tonal.chords_histogram": [15.454545021057129, 0.9090909361839294, 29.696969985961914, 0.0, 0.0, 0.0, 0.0, 0.0, 0.0, 0.0, 0.0, 0.0, 0.0, 0.0, 0.0, 0.0, 0.0, 0.0, 0.0, 0.0, 0.0, 0.0, 30.0, 23.939393997192383], "tonal.thpcp": [1.0, 0.5427407026290894, 0.047993190586566925, 0.04292270168662071, 0.028141221031546593, 0.22898836433887482, 0.4738975465297699, 0.2833818793296814, 0.05608285963535309, 0.06566905230283737, 0.08454348146915436, 0.2433623969554901, 0.4192102551460266, 0.324910968542099, 0.2540357708930969, 0.2605891525745392, 0.13292206823825836, 0.0705311968922615, 0.08001691102981567, 0.08011461794376373, 0.4329681992530823, 0.8131178021430969, 0.47490695118904114, 0.08442073315382004, 0.04202379286289215, 0.02143707498908043, 0.38406041264533997, 0.757653534412384, 0.39372703433036804, 0.03765692561864853, 0.04883849248290062, 0.04501776769757271, 0.21625079214572906, 0.4084365665912628, 0.2618264853954315, 0.5204945206642151], "lowlevel.gfcc.cov": [[4840.7431640625, -2352.43017578125, -363.647216796875, 1010.653564453125, -1738.88623046875, 1044.70166015625, 297.2334289550781, 63.022335052490234, 27.83013153076172, -296.0174255371094, 150.08201599121094, -316.69696044921875, 27.90501594543457], [-2352.43017578125, 2151.97509765625, -76.33731842041016, -783.4463500976562, 1353.078857421875, -905.1646118164062, 123.95895385742188, -181.33270263671875, 4.513088226318359, 75.53087615966797, -84.49030303955078, 158.22119140625, -2.751682758331299], [-363.647216796875, -76.33731842041016, 355.8188171386719, 120.70478820800781, -8.576786994934082, 109.34176635742188, -241.69117736816406, 76.3051986694336, -13.826088905334473, 54.277000427246094, -19.445886611938477, 19.779006958007812, -31.198957443237305], [1010.653564453125, -783.4463500976562, 120.70478820800781, 535.2957153320312, -492.6246337890625, 350.0146179199219, -88.01557159423828, 67.55062866210938, 38.77546691894531, -20.144941329956055, 29.030561447143555, -74.44391632080078, -14.121402740478516], [-1738.88623046875, 1353.078857421875, -8.576786994934082, -492.6246337890625, 1019.8231201171875, -620.7363891601562, 19.829547882080078, -78.33490753173828, -15.966615676879883, 138.62709045410156, -76.26669311523438, 145.78604125976562, -16.16885757446289], [1044.70166015625, -905.1646118164062, 109.34176635742188, 350.0146179199219, -620.7363891601562, 519.6331787109375, -64.15511322021484, 67.6603012084961, 14.717378616333008, -48.37388610839844, 68.6346206665039, -85.18716430664062, -4.24322509765625], [297.2334289550781, 123.95895385742188, -241.69117736816406, -88.01557159423828, 19.829547882080078, -64.15511322021484, 329.6785888671875, -68.0237045288086, -6.791858673095703, -31.823780059814453, 9.7642240524292, -1.846648097038269, 6.800697326660156], [63.022335052490234, -181.33270263671875, 76.3051986694336, 67.55062866210938, -78.33490753173828, 67.6603012084961, -68.0237045288086, 133.03836059570312, 15.993858337402344, 3.039825439453125, -9.82990550994873, -19.678836822509766, -2.181563377380371], [27.83013153076172, 4.513088226318359, -13.826088905334473, 38.77546691894531, -15.966615676879883, 14.717378616333008, -6.791858673095703, 15.993858337402344, 112.96961975097656, 9.771389961242676, -2.634439706802368, -23.02052116394043, 6.333934783935547], [-296.0174255371094, 75.53087615966797, 54.277000427246094, -20.144941329956055, 138.62709045410156, -48.37388610839844, -31.823780059814453, 3.039825439453125, 9.771389961242676, 111.91610717773438, -14.763696670532227, 36.22809600830078, -7.621059417724609], [150.08201599121094, -84.49030303955078, -19.445886611938477, 29.030561447143555, -76.26669311523438, 68.6346206665039, 9.7642240524292, -9.82990550994873, -2.634439706802368, -14.763696670532227, 79.69983673095703, -2.0114712715148926, -5.2143707275390625], [-316.69696044921875, 158.22119140625, 19.779006958007812, -74.44391632080078, 145.78604125976562, -85.18716430664062, -1.846648097038269, -19.678836822509766, -23.02052116394043, 36.22809600830078, -2.0114712715148926, 82.55382537841797, 3.24704647064209], [27.90501594543457, -2.751682758331299, -31.198957443237305, -14.121402740478516, -16.16885757446289, -4.24322509765625, 6.800697326660156, -2.181563377380371, 6.333934783935547, -7.621059417724609, -5.2143707275390625, 3.24704647064209, 48.082122802734375]], "lowlevel.gfcc.icov": [[0.0010222145356237888, -0.0001761639432515949, 0.0016155141638591886, -0.001268213614821434, 0.0007230936316773295, -0.0009452038793824613, -0.00025256030494347215, -0.00021800753893330693, 0.0007008673856034875, 0.00028265276341699064, 0.0003564428479876369, 0.0004900814965367317, 0.00021606341761071235], [-0.0001761639432515949, 0.013543600216507912, -0.011447918601334095, 0.004928614478558302, -0.013609896413981915, 0.008301335386931896, -0.006506381090730429, 0.008220119401812553, -0.007456962019205093, 0.012123250402510166, -0.006458699237555265, 0.007646223530173302, -0.005967161618173122], [0.0016155141638591886, -0.011447918601334095, 0.02079123444855213, -0.006989628076553345, 0.009903155267238617, -0.012336083687841892, 0.010139549151062965, -0.008717305958271027, 0.008679453283548355, -0.010003123432397842, 0.00903590302914381, -0.00854228250682354, 0.00908504705876112], [-0.001268213614821434, 0.004928614478558302, -0.006989628076553345, 0.007456041406840086, -0.0036094672977924347, 0.0037382780574262142, -0.0019692988134920597, 0.0031721582636237144, -0.00455409474670887, 0.0026343560311943293, -0.0025259654503315687, 0.0025911759585142136, -0.0012203420046716928], [0.0007230936316773295, -0.013609896413981915, 0.009903155267238617, -0.0036094672977924347, 0.0203139316290617, -0.0025120095815509558, 0.0057426453568041325, -0.007751258090138435, 0.0067693255841732025, -0.015366910956799984, 0.005535085219889879, -0.008481111377477646, 0.0074583119712769985], [-0.0009452038793824613, 0.008301335386931896, -0.012336083687841892, 0.0037382780574262142, -0.0025120095815509558, 0.016770796850323677, -0.005170934367924929, 0.005033453460782766, -0.005556680262088776, 0.00435413233935833, -0.008883720263838768, 0.006106524262577295, -0.004241584334522486], [-0.00025256030494347215, -0.006506381090730429, 0.010139549151062965, -0.0019692988134920597, 0.0057426453568041325, -0.005170934367924929, 0.009862101636826992, -0.0032215011306107044, 0.004035123158246279, -0.005760004743933678, 0.004380977712571621, -0.00516892084851861, 0.005088461562991142], [-0.00021800753893330693, 0.008220119401812553, -0.008717305958271027, 0.0031721582636237144, -0.007751258090138435, 0.005033453460782766, -0.0032215011306107044, 0.01459345780313015, -0.00564939109608531, 0.007034074980765581, -0.0027082653250545263, 0.00607708003371954, -0.0040173614397645], [0.0007008673856034875, -0.007456962019205093, 0.008679453283548355, -0.00455409474670887, 0.0067693255841732025, -0.005556680262088776, 0.004035123158246279, -0.00564939109608531, 0.014967887662351131, -0.008234153501689434, 0.0036867735907435417, -0.00033465566230006516, 0.0015652988804504275], [0.00028265276341699064, 0.012123250402510166, -0.010003123432397842, 0.0026343560311943293, -0.015366910956799984, 0.00435413233935833, -0.005760004743933678, 0.007034074980765581, -0.008234153501689434, 0.024981658905744553, -0.0038271716330200434, 0.002619529142975807, -0.004384322557598352], [0.0003564428479876369, -0.006458699237555265, 0.00903590302914381, -0.0025259654503315687, 0.005535085219889879, -0.008883720263838768, 0.004380977712571621, -0.0027082653250545263, 0.0036867735907435417, -0.0038271716330200434, 0.019880810752511024, -0.007247077766805887, 0.006432719063013792], [0.0004900814965367317, 0.007646223530173302, -0.00854228250682354, 0.0025911759585142136, -0.008481111377477646, 0.006106524262577295, -0.00516892084851861, 0.00607708003371954, -0.00033465566230006516, 0.002619529142975807, -0.007247077766805887, 0.025227410718798637, -0.007965205237269402], [0.00021606341761071235, -0.005967161618173122, 0.00908504705876112, -0.0012203420046716928, 0.0074583119712769985, -0.004241584334522486, 0.005088461562991142, -0.0040173614397645, 0.0015652988804504275, -0.004384322557598352, 0.006432719063013792, -0.007965205237269402, 0.027433596551418304]], "lowlevel.mfcc.cov": [[5372.3505859375, -2930.533203125, 704.95703125, -22.646215438842773, -1281.0618896484375, 466.3192443847656, 33.771663665771484, 437.3815612792969, -47.79436111450195, 407.0591735839844, 12.293221473693848, -52.80821228027344, -186.43431091308594], [-2930.533203125, 2773.194091796875, -993.2706298828125, 120.75642395019531, 710.1773681640625, -327.59490966796875, 68.65850830078125, -240.53115844726562, 8.759271621704102, -233.04397583007812, -55.93144607543945, -35.795921325683594, 25.467395782470703], [704.95703125, -993.2706298828125, 650.591796875, -84.51771545410156, -81.01724243164062, 122.0117416381836, -66.22002410888672, 66.7789077758789, -1.6888394355773926, 29.300329208374023, 40.09868240356445, 28.157583236694336, 42.86115264892578], [-22.646215438842773, 120.75642395019531, -84.51771545410156, 214.9978790283203, 44.82086181640625, -3.4918439388275146, -4.302711009979248, -25.578937530517578, 17.57537269592285, -2.1916887760162354, -0.9904126524925232, -16.456130981445312, 24.419925689697266], [-1281.0618896484375, 710.1773681640625, -81.01724243164062, 44.82086181640625, 562.013916015625, -157.81710815429688, -56.1772346496582, -148.76919555664062, 23.547788619995117, -120.741455078125, 13.615714073181152, 18.604822158813477, 95.09379577636719], [466.3192443847656, -327.59490966796875, 122.0117416381836, -3.4918439388275146, -157.81710815429688, 178.28126525878906, 9.648974418640137, 22.987937927246094, -17.75542640686035, 35.8797721862793, 2.897352457046509, 21.208072662353516, 3.605504274368286], [33.771663665771484, 68.65850830078125, -66.22002410888672, -4.302711009979248, -56.1772346496582, 9.648974418640137, 114.59832000732422, 17.2947998046875, -27.8781795501709, -6.68532657623291, -5.445772647857666, -7.902078151702881, -2.3833203315734863], [437.3815612792969, -240.53115844726562, 66.7789077758789, -25.578937530517578, -148.76919555664062, 22.987937927246094, 17.2947998046875, 128.5552520751953, -15.268128395080566, 49.539100646972656, 11.090039253234863, -17.119966506958008, -30.02727508544922], [-47.79436111450195, 8.759271621704102, -1.6888394355773926, 17.57537269592285, 23.547788619995117, -17.75542640686035, -27.8781795501709, -15.268128395080566, 111.29441833496094, 11.091253280639648, 12.53712272644043, 3.838371753692627, -13.133783340454102], [407.0591735839844, -233.04397583007812, 29.300329208374023, -2.1916887760162354, -120.741455078125, 35.8797721862793, -6.68532657623291, 49.539100646972656, 11.091253280639648, 128.00537109375, 3.227444887161255, 0.8020212650299072, -32.08469772338867], [12.293221473693848, -55.93144607543945, 40.09868240356445, -0.9904126524925232, 13.615714073181152, 2.897352457046509, -5.445772647857666, 11.090039253234863, 12.53712272644043, 3.227444887161255, 87.7476577758789, 9.805807113647461, 2.434890031814575], [-52.80821228027344, -35.795921325683594, 28.157583236694336, -16.456130981445312, 18.604822158813477, 21.208072662353516, -7.902078151702881, -17.119966506958008, 3.838371753692627, 0.8020212650299072, 9.805807113647461, 73.55669403076172, 15.193046569824219], [-186.43431091308594, 25.467395782470703, 42.86115264892578, 24.419925689697266, 95.09379577636719, 3.605504274368286, -2.3833203315734863, -30.02727508544922, -13.133783340454102, -32.08469772338867, 2.434890031814575, 15.193046569824219, 92.07963562011719]], "lowlevel.mfcc.icov": [[0.0007804931374266744, 0.0007073881570249796, 0.0003496178542263806, -0.0003974775318056345, 0.0005005329730920494, -0.0004398275341372937, -3.2301817554980516e-05, -0.0006305656279437244, 0.0001356862485408783, -0.0003488780348561704, 0.00012602120114024729, 0.00041953136678785086, 0.00044636797974817455], [0.0007073881570249796, 0.0024267463013529778, 0.0027822598349303007, -5.7571167417336255e-05, -0.001640405273064971, -0.0008624722249805927, -0.0004769997322000563, -0.0010105277178809047, 8.555322710890323e-05, 0.0008303620270453393, 0.00040631176671013236, 0.0007051819120533764, 0.0010416816221550107], [0.0003496178542263806, 0.0027822598349303007, 0.005987812764942646, 0.0012598680332303047, -0.0027477771509438753, -0.002464175457134843, 0.0010027795797213912, -0.0023809275589883327, -0.00029215242830105126, 0.0015498248394578695, -0.0002038631064351648, 0.0007056546164676547, -0.0006119086756370962], [-0.0003974775318056345, -5.7571167417336255e-05, 0.0012598680332303047, 0.005863103549927473, -0.0008136864053085446, -0.0008456679643131793, 0.00045153297833167017, 0.0005786210531368852, -0.00112062506377697, -0.00026334889116697013, -0.00034086688538081944, 0.001748785376548767, -0.002387541811913252], [0.0005005329730920494, -0.001640405273064971, -0.0027477771509438753, -0.0008136864053085446, 0.0074651301838457584, 0.0038099961820989847, 0.0018874550005421042, 0.0034438325092196465, 0.0001608382590347901, -0.0001020475901896134, -0.0013194228522479534, -0.00063994963420555, -0.0035969638265669346], [-0.0004398275341372937, -0.0008624722249805927, -0.002464175457134843, -0.0008456679643131793, 0.0038099961820989847, 0.010498800314962864, -0.0003347150341141969, 0.00318514765240252, 0.001168117974884808, -0.0008578968700021505, -0.0004941416555084288, -0.0027864896692335606, -0.0022559545468539], [-3.2301817554980516e-05, -0.0004769997322000563, 0.0010027795797213912, 0.00045153297833167017, 0.0018874550005421042, -0.0003347150341141969, 0.011229770258069038, -0.0010903315851464868, 0.0018758299993351102, 0.001277691451832652, -0.0005048734601587057, 0.0003724865382537246, -0.0018563683843240142], [-0.0006305656279437244, -0.0010105277178809047, -0.0023809275589883327, 0.0005786210531368852, 0.0034438325092196465, 0.00318514765240252, -0.0010903315851464868, 0.01467132568359375, 0.0016856607981026173, -0.0027374187484383583, -0.002371337730437517, 0.001846642349846661, 7.70387050579302e-05], [0.0001356862485408783, 8.555322710890323e-05, -0.00029215242830105126, -0.00112062506377697, 0.0001608382590347901, 0.001168117974884808, 0.0018758299993351102, 0.0016856607981026173, 0.010645494796335697, -0.001266661798581481, -0.0014744767686352134, -0.0006007225019857287, 0.0022858213633298874], [-0.0003488780348561704, 0.0008303620270453393, 0.0015498248394578695, -0.00026334889116697013, -0.0001020475901896134, -0.0008578968700021505, 0.001277691451832652, -0.0027374187484383583, -0.001266661798581481, 0.011923479847609997, 0.00016071076970547438, -0.001194496056996286, 0.0018586168298497796], [0.00012602120114024729, 0.00040631176671013236, -0.0002038631064351648, -0.00034086688538081944, -0.0013194228522479534, -0.0004941416555084288, -0.0005048734601587057, -0.002371337730437517, -0.0014744767686352134, 0.00016071076970547438, 0.012578987516462803, -0.0015859397826716304, 0.0006984052597545087], [0.00041953136678785086, 0.0007051819120533764, 0.0007056546164676547, 0.001748785376548767, -0.00063994963420555, -0.0027864896692335606, 0.0003724865382537246, 0.001846642349846661, -0.0006007225019857287, -0.001194496056996286, -0.0015859397826716304, 0.01644999533891678, -0.0019302195869386196], [0.00044636797974817455, 0.0010416816221550107, -0.0006119086756370962, -0.002387541811913252, -0.0035969638265669346, -0.0022559545468539, -0.0018563683843240142, 7.70387050579302e-05, 0.0022858213633298874, 0.0018586168298497796, 0.0006984052597545087, -0.0019302195869386196, 0.017447635531425476]], "metadata.audio_properties.analysis.downmix": "mix", "metadata.audio_properties.codec": "mp3", "metadata.audio_properties.md5_encoded": "230ffa5cca4203bec2ab903f0ea73a9a", "metadata.tags.file_name": "1182272916373655602.mp3", "metadata.version.essentia": "2.1-beta6-dev", "metadata.version.essentia_git_sha": "v2.1_beta5-1110-g77a6a954", "metadata.version.extractor": "music 2.0", "tonal.chords_key": "F", "tonal.chords_scale": "major", "tonal.key_edma.key": "C", "tonal.key_edma.scale": "major", "tonal.key_krumhansl.key": "C", "tonal.key_krumhansl.scale": "major", "tonal.key_temperley.key": "C", "tonal.key_temperley.scale": "major", "metadata.tags.encoding": ["Lavf58.45.100"]}, "essentia_models": [{"model_name": "genre_dortmund", "activations": {"alternative": "0.1773643", "blues": "0.029321054", "electronic": "0.014194414", "folkcountry": "0.2942402", "funksoulrnb": "0.057204057", "jazz": "0.020382794", "pop": "0.1882443", "raphiphop": "0.08928858", "rock": "0.6110063"}}, {"model_name": "genre_rosamerica", "activations": {"classic": "0.040877037", "dance": "0.0077702077", "hip hop": "0.011107805", "jazz": "0.011624905", "pop": "0.076827034", "rhythm and blues": "0.36147586", "rock": "0.5432501", "speech": "0.017375557"}}, {"model_name": "genre_tzanetakis", "activations": {"blues": "0.120654926", "classic": "0.023728603", "country": "0.2306838", "disco": "0.022402396", "hip hop": "0.020352252", "jazz": "0.0019798204", "metal": "0.1369222", "pop": "0.29583353", "reggae": "0.05766504", "rock": "0.3858551"}}, {"model_name": "genre_electronic", "activations": {"ambient": "0