{"song_id": "1182256252978470962", "download": "https://cdn.discordapp.com/attachments/1135903449314238464/1182256252978470962/chirp.mp4?ex=658408ef&amp", "lyrics": "Verse 1:\nBrush, brush, smile big\nBrush bugs away\nClean all over\nBe happy!\n\nChorus:\n\nBrush your teeth\nFight the bugs\nKeep them clean\nSmile bright!\n\nVerse 2:\nBrush bottom nice\nBugs don\u2019t stay\nSmooth like silk\n\nVerse 3:\nBrush up on top\nBright white, yay!\n\nChorus:\nBrush your teeth\nFight the bugs\nKeep them clean\nSmile bright!\n\nVerse 4:\nBrush day and night\nNo more bugs!\nSmiles fresh and bright", "style": ["happy song for kids"], "essentia_features": {"lowlevel.average_loudness": 0.9355078935623169, "lowlevel.barkbands_crest.mean": 14.290019035339355, "lowlevel.barkbands_crest.stdev": 4.858811378479004, "lowlevel.barkbands_flatness_db.mean": 0.26774612069129944, "lowlevel.barkbands_flatness_db.stdev": 0.07688546925783157, "lowlevel.barkbands_kurtosis.mean": 30.487260818481445, "lowlevel.barkbands_kurtosis.stdev": 79.75365447998047, "lowlevel.barkbands_skewness.mean": 3.3403961658477783, "lowlevel.barkbands_skewness.stdev": 3.2735750675201416, "lowlevel.barkbands_spread.mean": 13.781805038452148, "lowlevel.barkbands_spread.stdev": 17.170494079589844, "lowlevel.dissonance.mean": 0.40912213921546936, "lowlevel.dissonance.stdev": 0.060653116554021835, "lowlevel.dynamic_complexity": 5.655880451202393, "lowlevel.erbbands_crest.mean": 14.07361125946045, "lowlevel.erbbands_crest.stdev": 5.311622142791748, "lowlevel.erbbands_flatness_db.mean": 0.2544834017753601, "lowlevel.erbbands_flatness_db.stdev": 0.0655645802617073, "lowlevel.erbbands_kurtosis.mean": 9.514117240905762, "lowlevel.erbbands_kurtosis.stdev": 16.46984100341797, "lowlevel.erbbands_skewness.mean": 1.7203128337860107, "lowlevel.erbbands_skewness.stdev": 2.071465253829956, "lowlevel.erbbands_spread.mean": 28.059226989746094, "lowlevel.erbbands_spread.stdev": 26.543304443359375, "lowlevel.hfc.mean": 12.004523277282715, "lowlevel.hfc.stdev": 14.7327880859375, "lowlevel.loudness_ebu128.integrated": -16.881696701049805, "lowlevel.loudness_ebu128.loudness_range": 4.725090026855469, "lowlevel.loudness_ebu128.momentary.mean": -18.010936737060547, "lowlevel.loudness_ebu128.momentary.stdev": 3.4407010078430176, "lowlevel.loudness_ebu128.short_term.mean": -17.341114044189453, "lowlevel.loudness_ebu128.short_term.stdev": 1.689894437789917, "lowlevel.melbands_crest.mean": 16.85798454284668, "lowlevel.melbands_crest.stdev": 5.443528652191162, "lowlevel.melbands_flatness_db.mean": 0.2953425645828247, "lowlevel.melbands_flatness_db.stdev": 0.09530214220285416, "lowlevel.melbands_kurtosis.mean": 45.46400833129883, "lowlevel.melbands_kurtosis.stdev": 61.325347900390625, "lowlevel.melbands_skewness.mean": 4.092441558837891, "lowlevel.melbands_skewness.stdev": 3.058393955230713, "lowlevel.melbands_spread.mean": 20.07097816467285, "lowlevel.melbands_spread.stdev": 38.488094329833984, "lowlevel.pitch_salience.mean": 0.530422031879425, "lowlevel.pitch_salience.stdev": 0.1425291746854782, "lowlevel.silence_rate_20dB.mean": 1.0, "lowlevel.silence_rate_20dB.stdev": 0.0, "lowlevel.silence_rate_30dB.mean": 0.9992278218269348, "lowlevel.silence_rate_30dB.stdev": 0.027777766808867455, "lowlevel.silence_rate_60dB.mean": 0.3212355077266693, "lowlevel.silence_rate_60dB.stdev": 0.46695223450660706, "lowlevel.spectral_centroid.mean": 1000.1381225585938, "lowlevel.spectral_centroid.stdev": 1057.8482666015625, "lowlevel.spectral_complexity.mean": 5.881853103637695, "lowlevel.spectral_complexity.stdev": 4.800313949584961, "lowlevel.spectral_decrease.mean": -3.7803373764688786e-09, "lowlevel.spectral_decrease.stdev": 4.8431760824030334e-09, "lowlevel.spectral_energy.mean": 0.015356707386672497, "lowlevel.spectral_energy.stdev": 0.01921185851097107, "lowlevel.spectral_energyband_high.mean": 0.000475785112939775, "lowlevel.spectral_energyband_high.stdev": 0.0012272297171875834, "lowlevel.spectral_energyband_low.mean": 0.0002129862696165219, "lowlevel.spectral_energyband_low.stdev": 0.0013239494292065501, "lowlevel.spectral_energyband_middle_high.mean": 0.0027516724076122046, "lowlevel.spectral_energyband_middle_high.stdev": 0.006565231364220381, "lowlevel.spectral_energyband_middle_low.mean": 0.012050509452819824, "lowlevel.spectral_energyband_middle_low.stdev": 0.016549695283174515, "lowlevel.spectral_entropy.mean": 6.809200763702393, "lowlevel.spectral_entropy.stdev": 0.923254668712616, "lowlevel.spectral_flux.mean": 0.054480716586112976, "lowlevel.spectral_flux.stdev": 0.04761970415711403, "lowlevel.spectral_kurtosis.mean": 8.689146041870117, "lowlevel.spectral_kurtosis.stdev": 9.286449432373047, "lowlevel.spectral_rms.mean": 0.00312965945340693, "lowlevel.spectral_rms.stdev": 0.00227758614346385, "lowlevel.spectral_rolloff.mean": 1802.306396484375, "lowlevel.spectral_rolloff.stdev": 2899.94970703125, "lowlevel.spectral_skewness.mean": 2.235377311706543, "lowlevel.spectral_skewness.stdev": 1.102381944656372, "lowlevel.spectral_spread.mean": 5485133.5, "lowlevel.spectral_spread.stdev": 2589713.25, "lowlevel.spectral_strongpeak.mean": 1.1185473203659058, "lowlevel.spectral_strongpeak.stdev": 1.2508612871170044, "lowlevel.zerocrossingrate.mean": 0.07229427993297577, "lowlevel.zerocrossingrate.stdev": 0.07746431976556778, "metadata.audio_properties.analysis.equal_loudness": 0.0, "metadata.audio_properties.analysis.length": 30.03628158569336, "metadata.audio_properties.analysis.sample_rate": 44100.0, "metadata.audio_properties.analysis.start_time": 0.0, "metadata.audio_properties.bit_rate": 124450.0, "metadata.audio_properties.length": 30.03733253479004, "metadata.audio_properties.lossless": 0.0, "metadata.audio_properties.number_channels": 1.0, "metadata.audio_properties.replay_gain": -12.583051681518555, "metadata.audio_properties.sample_rate": 48000.0, "rhythm.beats_count": 72.0, "rhythm.beats_loudness.mean": 0.034112993627786636, "rhythm.beats_loudness.stdev": 0.02005907893180847, "rhythm.bpm": 145.0321502685547, "rhythm.bpm_histogram_first_peak_bpm": 144.0, "rhythm.bpm_histogram_first_peak_weight": 0.390625, "rhythm.bpm_histogram_second_peak_bpm": 152.0, "rhythm.bpm_histogram_second_peak_spread": 0.0, "rhythm.bpm_histogram_second_peak_weight": 0.056338027119636536, "rhythm.danceability": 1.250217318534851, "rhythm.onset_rate": 4.85723876953125, "tonal.chords_changes_rate": 0.03858024626970291, "tonal.chords_number_rate": 0.009259259328246117, "tonal.chords_strength.mean": 0.5812989473342896, "tonal.chords_strength.stdev": 0.09393485635519028, "tonal.hpcp_crest.mean": 19.366378784179688, "tonal.hpcp_crest.stdev": 8.73132610321045, "tonal.hpcp_entropy.mean": 1.3716814517974854, "tonal.hpcp_entropy.stdev": 0.7667867541313171, "tonal.key_edma.strength": 0.8366453647613525, "tonal.key_krumhansl.strength": 0.8463075160980225, "tonal.key_temperley.strength": 0.8542436957359314, "tonal.tuning_diatonic_strength": 0.6924543976783752, "tonal.tuning_equal_tempered_deviation": 0.03876478970050812, "tonal.tuning_frequency": 439.2381896972656, "tonal.tuning_nontempered_energy_ratio": 0.6624255180358887, "lowlevel.barkbands.mean": [1.89647835213691e-06, 0.00020125543233007193, 7.567158263555029e-06, 1.3219706488598604e-05, 0.004306002985686064, 0.0037415276747196913, 0.0009422967559657991, 0.0021012292709201574, 0.0006657579215243459, 0.0005194160621613264, 0.000928881112486124, 0.0004784422053489834, 0.00026993794017471373, 0.000244806898990646, 0.0001452634169254452, 0.00010262509022140875, 6.802431016694754e-05, 5.115387830301188e-05, 6.866984040243551e-05, 7.162077963585034e-05, 6.920701707713306e-05, 5.871981556992978e-05, 7.731980440439656e-05, 7.543100946350023e-05, 9.033837704919279e-05, 5.6002314522629604e-05, 1.0463375588187773e-07], "lowlevel.barkbands.stdev": [1.897680886031594e-05, 0.0012780684046447277, 6.582096102647483e-05, 7.015193114057183e-05, 0.009325061924755573, 0.006524118594825268, 0.0019198426743969321, 0.007057134062051773, 0.003293654415756464, 0.0021359301172196865, 0.0034468360245227814, 0.002272307639941573, 0.0011862817918881774, 0.0009277207427658141, 0.0004935807664878666, 0.00044043175876140594, 0.000229549128562212, 0.00017582703731022775, 0.000174364322447218, 0.0002800482325255871, 0.00024012010544538498, 0.0002389060682617128, 0.00028787844348698854, 0.0002824511320795864, 0.0002408818545518443, 0.00016231923655141145, 4.279271195173351e-07], "lowlevel.erbbands.mean": [0.005665106233209372, 0.04559480771422386, 0.021602263674139977, 0.038208603858947754, 0.8229212164878845, 17.234975814819336, 34.87858200073242, 28.297340393066406, 19.10377311706543, 30.13729476928711, 33.28138732910156, 18.238611221313477, 17.935707092285156, 13.760429382324219, 43.93449020385742, 22.031381607055664, 13.244369506835938, 12.35354995727539, 9.652984619140625, 6.8346638679504395, 5.682250499725342, 3.3717331886291504, 2.798250436782837, 4.404443264007568, 2.1273162364959717, 3.382925271987915, 3.2276363372802734, 2.5959877967834473, 2.274458646774292, 1.8743184804916382, 2.172370672225952, 1.576137900352478, 1.3052095174789429, 0.9206124544143677, 0.7050816416740417, 0.3630940318107605, 0.07788669317960739, 0.0053641959093511105, 0.00012316070205997676, 2.5244005882996134e-05], "lowlevel.erbbands.stdev": [0.03576195612549782, 0.29100531339645386, 0.1319982260465622, 0.1487865447998047, 2.3104639053344727, 39.135128021240234, 65.86124420166016, 53.054718017578125, 28.946096420288086, 90.25604248046875, 131.9075927734375, 86.20097351074219, 77.77193450927734, 43.942073822021484, 163.07127380371094, 104.13397979736328, 56.67094039916992, 42.65937805175781, 31.006099700927734, 24.810739517211914, 24.017086029052734, 10.911164283752441, 9.692737579345703, 11.429892539978027, 5.229587554931641, 13.089105606079102, 11.876996994018555, 9.549422264099121, 9.306991577148438, 7.538561820983887, 7.98332405090332, 5.99065637588501, 4.852275371551514, 2.892076015472412, 1.8042411804199219, 1.0694918632507324, 0.2204091101884842, 0.013346333056688309, 0.0002867566654458642, 2.9946149879833683e-05], "lowlevel.gfcc.mean": [-143.56903076171875, 41.49750900268555, -124.56278991699219, -22.39223289489746, -104.89917755126953, -31.984214782714844, -82.448974609375, -11.927080154418945, -46.16627502441406, 11.152997970581055, -7.0872626304626465, 14.549749374389648, 1.7702422142028809], "lowlevel.melbands.mean": [5.70689735468477e-05, 2.6993167921318673e-05, 1.383050675940467e-05, 0.0005280592013150454, 0.0012816537637263536, 0.0006543969502672553, 0.0002623948676045984, 0.0003795936645474285, 0.0002435118512948975, 0.0001037644615280442, 8.620823791716248e-05, 4.690346395364031e-05, 0.00013879690959583968, 7.821797044016421e-05, 3.602449214668013e-05, 2.3347143724095076e-05, 2.4240191123681143e-05, 1.6773665265645832e-05, 9.84041253104806e-06, 8.128347872116137e-06, 6.613810000999365e-06, 3.770781177081517e-06, 2.756955609584111e-06, 2.291470082127489e-06, 3.92400534110493e-06, 1.660258703850559e-06, 1.4662062994830194e-06, 2.4879379907361e-06, 2.259567054352374e-06, 1.6346032225555973e-06, 1.4309964626590954e-06, 1.3785293049295433e-06, 9.624714039091486e-07, 1.131462795456173e-06, 1.2289065125514753e-06, 1.210310983879026e-06, 8.941863711697806e-07, 9.80668346528546e-07, 7.409434488181432e-07, 7.911133366178547e-07], "lowlevel.melbands.stdev": [0.00036216992884874344, 0.00016665465955156833, 6.203616067068651e-05, 0.0012221562210470438, 0.002356742275878787, 0.001181185245513916, 0.00041602770215831697, 0.001194954733364284, 0.0010020827176049352, 0.0005315143498592079, 0.00038691062945872545, 0.0001792518887668848, 0.0005124727031216025, 0.0003066090866923332, 0.00015713357424829155, 0.00010018172179115936, 9.114180284086615e-05, 5.9378533478593454e-05, 3.342194759170525e-05, 3.1030442187329754e-05, 3.004572499776259e-05, 1.3445598597172648e-05, 1.1325233572279103e-05, 6.238090008992003e-06, 1.0645466318237595e-05, 4.325306690589059e-06, 4.993903985450743e-06, 1.042059921019245e-05, 9.128420970228035e-06, 5.5580103435204364e-06, 5.559340479521779e-06, 5.8124160204897635e-06, 3.981884674431058e-06, 4.856511623074766e-06, 4.748777882923605e-06, 4.57665692010778e-06, 3.5524760733096628e-06, 3.7492911815206753e-06, 2.752708724074182e-06, 2.3685213363933144e-06], "lowlevel.melbands128.mean": [1.5435565501320525e-06, 3.286036735516973e-05, 0.00010241962445434183, 6.43051098450087e-05, 1.5729281585663557e-05, 3.5573089007812086e-06, 2.781782313832082e-06, 8.916236765799113e-06, 3.770575858652592e-05, 0.00016485231753904372, 0.0010238538961857557, 0.0018151768017560244, 0.001218987861648202, 0.0008770701242610812, 0.0006412392249330878, 0.0005798143101856112, 0.0004481998330447823, 0.0001439485786249861, 0.00010389628005214036, 0.00033912440994754434, 0.0005845872801728547, 0.0003227884881198406, 0.000220122528844513, 0.0001103854228858836, 0.0001323322212556377, 8.170203363988549e-05, 7.796206773491576e-05, 0.00012207806867081672, 5.065674486104399e-05, 5.0155726057710126e-05, 3.388326513231732e-05, 5.840609082952142e-05, 0.0001681110297795385, 0.0002081773418467492, 5.267847518553026e-05, 6.87891078996472e-05, 6.125095387687907e-05, 1.6209150999202393e-05, 4.0502000047126785e-05, 2.955016134364996e-05, 1.7310721887042746e-05, 1.7482612747699022e-05, 2.1143439880688675e-05, 3.2724699849495664e-05, 2.1195015506236814e-05, 1.2108368537155911e-05, 1.4547256796504371e-05, 8.268096280517057e-06, 9.039473297889344e-06, 9.9663211585721e-06, 7.898312105680816e-06, 6.476647286035586e-06, 6.011375262460206e-06, 7.469187039532699e-06, 6.422940714401193e-06, 2.7654243694996694e-06, 2.0225725165801123e-06, 2.828345941452426e-06, 3.526059799696668e-06, 1.8642920167621924e-06, 2.173575694541796e-06, 1.7526646161059034e-06, 4.939419341098983e-06, 4.717760930361692e-06, 2.265927150801872e-06, 1.586319967827876e-06, 1.188050532618945e-06, 1.0702950703489478e-06, 1.556673169034184e-06, 2.012331606238149e-06, 2.0834436327277217e-06, 3.2807604384288425e-06, 2.724524392760941e-06, 2.0996069451939547e-06, 1.5290340797946556e-06, 1.6555547972529894e-06, 1.7764111817086814e-06, 1.451112666472909e-06, 1.3766268693871098e-06, 1.3218647154644714e-06, 1.5532160659859073e-06, 1.351052674181119e-06, 1.0980286333506228e-06, 9.756397503224434e-07, 7.717274002061458e-07, 8.802950901554141e-07, 1.402071802658611e-06, 1.380381831950217e-06, 9.79121750788181e-07, 1.3614015870189178e-06, 1.4274485238274792e-06, 1.1634671182036982e-06, 8.519917855664971e-07, 7.922274107841076e-07, 9.59885369411495e-07, 1.0997301842508023e-06, 9.77966465143254e-07, 8.49051900786435e-07, 7.219306326078367e-07, 7.03163379967009e-07, 7.187896358118451e-07, 9.001102512229409e-07, 7.028529012131912e-07, 8.81570883848326e-07, 7.695279578001646e-07, 8.56439100971329e-07, 7.098817604855867e-07, 7.044308176773484e-07, 7.829102059986326e-07, 5.054582743468927e-07, 3.2531403348912136e-07, 3.346351888922072e-07, 2.0715596349418774e-07, 1.5872510061853973e-07, 1.0998351029911646e-07, 3.365335388139101e-08, 5.5041082802631536e-09, 3.8419753489726816e-11, 4.553627874076538e-12, 3.366387463926701e-12, 3.7335260751059085e-12, 2.5386494122148218e-12, 2.2998586542144484e-12, 2.2515802156758413e-12, 2.1909949982773513e-12, 2.115625600054849e-12, 2.0711266902895265e-12, 2.0551386113731862e-12], "lowlevel.melbands128.stdev": [1.8259759599459358e-05, 0.00020960834808647633, 0.0006583500653505325, 0.00040949691901914775, 9.837649849941954e-05, 2.8694141292362474e-05, 1.832873749663122e-05, 4.875353988609277e-05, 0.00018803993589244783, 0.0005988183547742665, 0.002527790842577815, 0.004103637300431728, 0.0028417787980288267, 0.002070382237434387, 0.0016248393803834915, 0.0010822373442351818, 0.0008477784576825798, 0.000360229576472193, 0.0005266528460197151, 0.0010889137629419565, 0.002257878426462412, 0.0014831816079095006, 0.001520437654107809, 0.0006831061327829957, 0.0008226206409744918, 0.0007185218273662031, 0.000418384384829551, 0.000671858957502991, 0.00028484410722739995, 0.00029205079772509634, 0.00018294091569259763, 0.00031035306164994836, 0.0007266071625053883, 0.0009959727758541703, 0.00028936093440279365, 0.0004443079815246165, 0.0004079818318132311, 0.00012878281995654106, 0.00025726063176989555, 0.00019356470147613436, 9.589477849658579e-05, 0.0001040902643580921, 0.00010357134306104854, 0.00016639987006783485, 0.00013252574717625976, 5.154850805411115e-05, 6.993596616666764e-05, 3.555588045855984e-05, 4.831646219827235e-05, 5.2486429922282696e-05, 3.341497722431086e-05, 2.9111419280525297e-05, 4.446527600521222e-05, 3.764352004509419e-05, 2.862071050913073e-05, 1.558738404128235e-05, 8.680410246597603e-06, 9.956299436453264e-06, 2.6342779165133834e-05, 8.03126567916479e-06, 7.490010830224492e-06, 4.401299520395696e-06, 1.6911410057218745e-05, 1.7420476069673896e-05, 1.0763506907096598e-05, 4.383825398690533e-06, 3.7328652524593053e-06, 4.3734289647545666e-06, 6.045079317118507e-06, 9.510808013146743e-06, 9.2647560450132e-06, 1.6994581528706476e-05, 1.353037623630371e-05, 8.411702765442897e-06, 5.217545094637899e-06, 5.964583124296041e-06, 6.9851771513640415e-06, 5.828950179420644e-06, 5.8566824918671045e-06, 5.641806183120934e-06, 6.9635043473681435e-06, 5.871224402653752e-06, 4.886988790531177e-06, 4.364432243164629e-06, 3.1954737096384633e-06, 3.6371402529766783e-06, 7.040910077193985e-06, 6.287447376962518e-06, 3.919018126907758e-06, 5.486329882842256e-06, 5.215860710450215e-06, 4.931200237479061e-06, 4.079312475369079e-06, 3.3687233553791884e-06, 4.0382360566582065e-06, 4.2065034904226195e-06, 4.123398412048118e-06, 3.503533434923156e-06, 2.6813720523932716e-06, 2.921465011240798e-06, 3.099444256804418e-06, 2.7566450171434553e-06, 1.6764622614573454e-06, 2.3252403025253443e-06, 2.236459067717078e-06, 2.4561841200920753e-06, 2.5293463750131195e-06, 2.4787152597127715e-06, 2.5202391498169163e-06, 1.4287353451436502e-06, 1.058440489032364e-06, 1.1028284916392295e-06, 6.380294621521898e-07, 4.851406174566364e-07, 2.77903950518521e-07, 1.0141496886717505e-07, 1.9120587779752896e-08, 3.16135451150501e-10, 4.727241167956642e-11, 2.1343231002002305e-11, 4.005331136203161e-11, 8.284498954902464e-12, 4.405618665020983e-12, 4.32542023032223e-12, 4.258874503060284e-12, 4.204599775986528e-12, 4.165867303895787e-12, 4.142182690597407e-12], "lowlevel.mfcc.mean": [-796.9482421875, 94.96769714355469, -5.7032151222229, -12.13056468963623, -24.752086639404297, -37.80244064331055, -32.46388626098633, -44.095298767089844, -33.65924072265625, -32.96193313598633, -20.02509307861328, -6.302021503448486, -3.210747480392456], "lowlevel.spectral_contrast_coeffs.mean": [-0.44277137517929077, -0.6132000088691711, -0.7452062368392944, -0.8007097840309143, -0.8110039830207825, -0.777836799621582], "lowlevel.spectral_contrast_coeffs.stdev": [0.10334997624158859, 0.08808035403490067, 0.09023915976285934, 0.06437008827924728, 0.05641523748636246, 0.06314823776483536], "lowlevel.spectral_contrast_valleys.mean": [-10.516427040100098, -8.267502784729004, -9.172521591186523, -9.23249340057373, -9.036040306091309, -11.471076965332031], "lowlevel.spectral_contrast_valleys.stdev": [1.2949440479278564, 1.1827139854431152, 1.2453405857086182, 1.181378960609436, 1.1610954999923706, 1.36860990524292], "rhythm.beats_loudness_band_ratio.mean": [0.009916814975440502, 0.6104385256767273, 0.29680803418159485, 0.12128002196550369, 0.028376029804348946, 0.02725234068930149], "rhythm.beats_loudness_band_ratio.stdev": [0.029814910143613815, 0.2729138731956482, 0.17952357232570648, 0.19189618527889252, 0.02948085032403469, 0.10677536576986313], "tonal.hpcp.mean": [0.11811670660972595, 0.08778160065412521, 0.017046518623828888, 0.01479039341211319, 0.015631062909960747, 0.0349559485912323, 0.06791064888238907, 0.07462136447429657, 0.21930548548698425, 0.3540685772895813, 0.20957434177398682, 0.0683809369802475, 0.04129277169704437, 0.0321933887898922, 0.11356817930936813, 0.21463195979595184, 0.142182394862175, 0.034210074692964554, 0.020187387242913246, 0.023630503565073013, 0.05670144408941269, 0.1947365552186966, 0.17763195931911469, 0.07521037012338638, 0.1448850780725479, 0.11348584294319153, 0.028207698836922646, 0.02049408107995987, 0.023284265771508217, 0.17375963926315308, 0.3558383882045746, 0.21033620834350586, 0.02479037456214428, 0.017817627638578415, 0.01579718105494976, 0.04684702306985855], "tonal.hpcp.stdev": [0.26180577278137207, 0.19281503558158875, 0.0813661441206932, 0.08183465898036957, 0.08641745150089264, 0.12699554860591888, 0.17416544258594513, 0.18534113466739655, 0.29070815443992615, 0.4001549184322357, 0.27619075775146484, 0.20343831181526184, 0.14602486789226532, 0.1216975674033165, 0.20144683122634888, 0.3504319489002228, 0.255453884601593, 0.12904688715934753, 0.09784431755542755, 0.1122727021574974, 0.14540910720825195, 0.31476888060569763, 0.29208874702453613, 0.1617623269557953, 0.29779472947120667, 0.240690678358078, 0.10687179863452911, 0.087185338139534, 0.08766904473304749, 0.2261425256729126, 0.3984380066394806, 0.2510811686515808, 0.07898042351007462, 0.06207277625799179, 0.05606669560074806, 0.09837477654218674], "rhythm.beats_position": [0.42956915497779846, 0.8823582530021667, 1.3467572927474976, 1.799546480178833, 2.2291154861450195, 2.6470746994018555, 3.0650339126586914, 3.4829931259155273, 3.9009523391723633, 4.3073015213012695, 4.713650703430176, 5.131609916687012, 5.549569129943848, 5.955918312072754, 6.36226749420166, 6.780226707458496, 7.198185920715332, 7.616145133972168, 8.022494316101074, 8.42884349822998, 8.846802711486816, 9.253151893615723, 9.671111106872559, 10.077460289001465, 10.4954195022583, 10.890158653259277, 11.308117866516113, 11.72607707977295, 12.144036293029785, 12.550385475158691, 12.956734657287598, 13.374693870544434, 13.79265308380127, 14.199002265930176, 14.605351448059082, 15.023310661315918, 15.441269874572754, 15.85922908782959, 16.25396728515625, 16.671926498413086, 17.089885711669922, 17.507844924926758, 17.914194107055664, 18.32054328918457, 18.738502502441406, 19.144851684570312, 19.55120086669922, 19.945940017700195, 20.36389923095703, 20.781858444213867, 21.199817657470703, 21.61777687072754, 22.035736083984375, 22.45369529724121, 22.848434448242188, 23.266393661499023, 23.68435287475586, 24.090702056884766, 24.497051239013672, 24.915010452270508, 25.332969665527344, 25.73931884765625, 26.145668029785156, 26.563627243041992, 26.981586456298828, 27.387935638427734, 27.79428482055664, 28.212244033813477, 28.630203247070312, 29.03655242919922, 29.442901611328125, 29.86086082458496], "rhythm.bpm_histogram": [0.0, 0.0, 0.0, 0.0, 0.0, 0.0, 0.0, 0.0, 0.0, 0.0, 0.0, 0.0, 0.0, 0.0, 0.0, 0.0, 0.0, 0.0, 0.0, 0.0, 0.0, 0.0, 0.0, 0.0, 0.0, 0.0, 0.0, 0.0, 0.0, 0.0, 0.0, 0.0, 0.0, 0.0, 0.0, 0.0, 0.0, 0.0, 0.0, 0.0, 0.0, 0.0, 0.0, 0.0, 0.0, 0.0, 0.0, 0.0, 0.0, 0.0, 0.0, 0.0, 0.0, 0.0, 0.0, 0.0, 0.0, 0.0, 0.0, 0.0, 0.0, 0.0, 0.0, 0.0, 0.0, 0.0, 0.0, 0.0, 0.0, 0.0, 0.0, 0.0, 0.0, 0.0, 0.0, 0.0, 0.0, 0.0, 0.0, 0.0, 0.0, 0.0, 0.0, 0.0, 0.0, 0.0, 0.0, 0.0, 0.0, 0.0, 0.0, 0.0, 0.0, 0.0, 0.0, 0.0, 0.0, 0.0, 0.0, 0.0, 0.0, 0.0, 0.0, 0.0, 0.0, 0.0, 0.0, 0.0, 0.0, 0.0, 0.0, 0.0, 0.0, 0.0, 0.0, 0.0, 0.0, 0.0, 0.0, 0.0, 0.0, 0.0, 0.0, 0.0, 0.0, 0.0, 0.0, 0.0, 0.0, 0.014084506779909134, 0.0, 0.0, 0.0, 0.028169013559818268, 0.0, 0.0, 0.0, 0.0, 0.0, 0.0, 0.014084506779909134, 0.0, 0.0, 0.0, 0.5492957830429077, 0.0, 0.0, 0.0, 0.3380281627178192, 0.0, 0.0, 0.0, 0.056338027119636536, 0.0, 0.0, 0.0, 0.0, 0.0, 0.0, 0.0, 0.0, 0.0, 0.0, 0.0, 0.0, 0.0, 0.0, 0.0, 0.0, 0.0, 0.0, 0.0, 0.0, 0.0, 0.0, 0.0, 0.0, 0.0, 0.0, 0.0, 0.0, 0.0, 0.0, 0.0, 0.0, 0.0, 0.0, 0.0, 0.0, 0.0, 0.0, 0.0, 0.0, 0.0, 0.0, 0.0, 0.0, 0.0, 0.0, 0.0, 0.0, 0.0, 0.0, 0.0, 0.0, 0.0, 0.0, 0.0, 0.0, 0.0, 0.0, 0.0, 0.0, 0.0, 0.0, 0.0, 0.0, 0.0, 0.0, 0.0, 0.0, 0.0, 0.0, 0.0, 0.0, 0.0, 0.0, 0.0, 0.0, 0.0, 0.0, 0.0, 0.0, 0.0, 0.0, 0.0, 0.0, 0.0, 0.0, 0.0, 0.0, 0.0, 0.0, 0.0, 0.0, 0.0, 0.0, 0.0, 0.0, 0.0], "tonal.chords_histogram": [49.2283935546875, 0.0, 15.123456954956055, 0.0, 0.0, 0.0, 0.0, 0.0, 0.0, 0.0, 0.0, 0.0, 0.0, 0.0, 0.0, 0.0, 0.0, 1.3888888359069824, 0.0, 0.3086419701576233, 0.0, 5.246913433074951, 25.0, 3.7037036418914795], "tonal.thpcp": [1.0, 0.5911003947257996, 0.0696675106883049, 0.05007224529981613, 0.04439425840973854, 0.13165253400802612, 0.3319391906261444, 0.24668951332569122, 0.047905225306749344, 0.04156491905450821, 0.04392741993069649, 0.09823546558618546, 0.19084689021110535, 0.20970577001571655, 0.6163064241409302, 0.9950263500213623, 0.5889593362808228, 0.19216851890087128, 0.11604361236095428, 0.09047193825244904, 0.31915661692619324, 0.6031726002693176, 0.39957013726234436, 0.09613935649394989, 0.056731898337602615, 0.06640796363353729, 0.1593460589647293, 0.5472612380981445, 0.4991928040981293, 0.21136103570461273, 0.40716540813446045, 0.31892523169517517, 0.0792710930109024, 0.05759378895163536, 0.06543494760990143, 0.4883105456829071], "lowlevel.gfcc.cov": [[12763.646484375, -1040.357177734375, 308.09942626953125, -551.2313842773438, 481.07666015625, 367.0426330566406, 268.23095703125, 943.153564453125, -1048.43310546875, 255.10804748535156, -977.5931396484375, -369.664306640625, -215.37258911132812], [-1040.357177734375, 3552.676513671875, -198.6396942138672, -749.7044677734375, 424.0948181152344, -344.60784912109375, 241.1896514892578, -124.48551940917969, 121.59163665771484, -290.96673583984375, 210.9800262451172, -306.26092529296875, 269.8978576660156], [308.09942626953125, -198.6396942138672, 1026.9476318359375, 500.3843078613281, -70.10376739501953, 11.395359992980957, -112.39532470703125, 38.95549011230469, 26.68889808654785, -76.08050537109375, -7.154819011688232, 0.6396241188049316, -129.14022827148438], [-551.2313842773438, -749.7044677734375, 500.3843078613281, 1004.4293823242188, -93.5519790649414, -63.5046501159668, -129.17416381835938, -52.399959564208984, 171.57579040527344, -52.83176040649414, 67.22409057617188, 158.30003356933594, -91.58328247070312], [481.07666015625, 424.0948181152344, -70.10376739501953, -93.5519790649414, 391.4931335449219, 55.855552673339844, 47.73591613769531, 102.07718658447266, -73.53994750976562, 8.909685134887695, -66.35464477539062, -33.51405715942383, 26.54137420654297], [367.0426330566406, -344.60784912109375, 11.395359992980957, -63.5046501159668, 55.855552673339844, 358.9317626953125, 69.08007049560547, -34.077842712402344, -18.90993309020996, 87.4088134765625, -78.13726043701172, 24.457456588745117, -42.42143630981445], [268.23095703125, 241.1896514892578, -112.39532470703125, -129.17416381835938, 47.73591613769531, 69.08007049560547, 256.98529052734375, 36.90754318237305, -90.54653930664062, 34.32866668701172, -3.6760571002960205, -41.12632369995117, 15.722757339477539], [943.153564453125, -124.48551940917969, 38.95549011230469, -52.399959564208984, 102.07718658447266, -34.077842712402344, 36.90754318237305, 330.913818359375, -120.87779235839844, 38.188961029052734, -89.36136627197266, -53.77165222167969, -23.586143493652344], [-1048.43310546875, 121.59163665771484, 26.68889808654785, 171.57579040527344, -73.53994750976562, -18.90993309020996, -90.54653930664062, -120.87779235839844, 336.7802429199219, -37.909114837646484, 93.07073211669922, 64.12738800048828, 23.52511215209961], [255.10804748535156, -290.96673583984375, -76.08050537109375, -52.83176040649414, 8.909685134887695, 87.4088134765625, 34.32866668701172, 38.188961029052734, -37.909114837646484, 155.58799743652344, -30.159269332885742, 5.775005340576172, -23.816774368286133], [-977.5931396484375, 210.9800262451172, -7.154819011688232, 67.22409057617188, -66.35464477539062, -78.13726043701172, -3.6760571002960205, -89.36136627197266, 93.07073211669922, -30.159269332885742, 208.28366088867188, 55.118106842041016, 27.728012084960938], [-369.664306640625, -306.26092529296875, 0.6396241188049316, 158.30003356933594, -33.51405715942383, 24.457456588745117, -41.12632369995117, -53.77165222167969, 64.12738800048828, 5.775005340576172, 55.118106842041016, 158.04864501953125, 3.1510677337646484], [-215.37258911132812, 269.8978576660156, -129.14022827148438, -91.58328247070312, 26.54137420654297, -42.42143630981445, 15.722757339477539, -23.586143493652344, 23.52511215209961, -23.816774368286133, 27.728012084960938, 3.1510677337646484, 120.78063201904297]], "lowlevel.gfcc.icov": [[0.0001592064363649115, -1.909227285068482e-05, -5.0765953346854076e-05, 5.679583864548476e-06, 2.1085070329718292e-05, -4.65428784082178e-05, -2.3587042960571125e-05, -0.00021545279014389962, 0.00027168792439624667, -6.115146970842034e-05, 0.0005338055780157447, -3.2631494832457975e-05, 2.992649024236016e-05], [-1.909227285068482e-05, 0.0014771429123356938, -0.0006194935995154083, 0.0011559821432456374, -0.0019514537416398525, 0.001408046460710466, -0.0015324378618970513, 0.0010416072327643633, -0.0013024330837652087, 0.001506210071966052, -0.0012235327158123255, 0.0019066126551479101, -0.0010126132983714342], [-5.0765953346854076e-05, -0.0006194935995154083, 0.0019298800034448504, -0.0013202488189563155, 0.001032223110087216, -0.001206555520184338, 0.001208029338158667, -0.0007704252493567765, 0.000720081152394414, 0.00032754597486928105, -3.840653880615719e-05, 0.00013598035729955882, 0.0013274564407765865], [5.679583864548476e-06, 0.0011559821432456374, -0.0013202488189563155, 0.002818973734974861, -0.0016374519327655435, 0.0018149192910641432, -0.0013993204338476062, 0.0009145188960246742, -0.0016837920993566513, 0.0011480952380225062, -0.000573410710785538, -0.000408790772780776, 0.0002075298980344087], [2.1085070329718292e-05, -0.0019514537416398525, 0.001032223110087216, -0.0016374519327655435, 0.005712938029319048, -0.0026489663869142532, 0.0019867192022502422, -0.0023438783828169107, 0.0020169904455542564, -0.001445425790734589, 0.001927381381392479, -0.0021990016102790833, 0.00029526371508836746], [-4.65428784082178e-05, 0.001408046460710466, -0.001206555520184338, 0.0018149192910641432, -0.0026489663869142532, 0.006133802700787783, -0.0030541028827428818, 0.00250832736492157, -0.0019901085179299116, -0.0007136387284845114, 0.0009678810602054, -0.00015969052037689835, 0.0005094190710224211], [-2.3587042960571125e-05, -0.0015324378618970513, 0.001208029338158667, -0.0013993204338476062, 0.0019867192022502422, -0.0030541028827428818, 0.006951215676963329, -0.0015874527161940932, 0.002657967386767268, -0.001667073811404407, -0.0005057654343545437, -0.0003098911256529391, 0.00016654764476697892], [-0.00021545279014389962, 0.0010416072327643633, -0.0007704252493567765, 0.0009145188960246742, -0.0023438783828169107, 0.00250832736492157, -0.0015874527161940932, 0.005455507431179285, -0.0005732396966777742, -0.00024553260300308466, -1.407950185239315e-05, 0.0014087894232943654, -0.000144306177389808], [0.00027168792439624667, -0.0013024330837652087, 0.000720081152394414, -0.0016837920993566513, 0.0020169904455542564, -0.0019901085179299116, 0.002657967386767268, -0.0005732396966777742, 0.005986643489450216, -0.0009586531668901443, 0.0004677123506553471, -0.0015269656432792544, -0.00013471899728756398], [-6.115146970842034e-05, 0.001506210071966052, 0.00032754597486928105, 0.0011480952380225062, -0.001445425790734589, -0.0007136387284845114, -0.001667073811404407, -0.00024553260300308466, -0.0009586531668901443, 0.010293230414390564, -0.0015724148834124207, 0.0014618383720517159, 0.0005212743999436498], [0.0005338055780157447, -0.0012235327158123255, -3.840653880615719e-05, -0.000573410710785538, 0.001927381381392479, 0.0009678810602054, -0.0005057654343545437, -1.407950185239315e-05, 0.0004677123506553471, -0.0015724148834124207, 0.010283252224326134, -0.004154581110924482, 0.0005360888899303973], [-3.2631494832457975e-05, 0.0019066126551479101, 0.00013598035729955882, -0.000408790772780776, -0.0021990016102790833, -0.00015969052037689835, -0.0003098911256529391, 0.0014087894232943654, -0.0015269656432792544, 0.0014618383720517159, -0.004154581110924482, 0.012376721017062664, -0.0025241572875529528], [2.992649024236016e-05, -0.0010126132983714342, 0.0013274564407765865, 0.0002075298980344087, 0.00029526371508836746, 0.0005094190710224211, 0.00016654764476697892, -0.000144306177389808, -0.00013471899728756398, 0.0005212743999436498, 0.0005360888899303973, -0.0025241572875529528, 0.01230832003057003]], "lowlevel.mfcc.cov": [[11311.1064453125, -382.0311584472656, -533.9086303710938, -199.285400390625, -23.798355102539062, -287.6474609375, 940.341064453125, -45.69701385498047, 634.76806640625, 365.2087097167969, -57.538917541503906, -300.29339599609375, -424.5057067871094], [-382.0311584472656, 3709.216064453125, -729.071044921875, -367.5476989746094, 4.033474922180176, -268.75994873046875, 338.2097473144531, -106.73029327392578, 213.4063262939453, -78.01809692382812, 78.50731658935547, -51.364288330078125, -138.90188598632812], [-533.9086303710938, -729.071044921875, 1192.598876953125, 371.935791015625, 156.76890563964844, 109.42682647705078, -231.25111389160156, 128.0115509033203, -172.5282440185547, 23.777324676513672, -16.729167938232422, 69.42064666748047, 76.01199340820312], [-199.285400390625, -367.5476989746094, 371.935791015625, 717.0921020507812, 171.23385620117188, -47.42561340332031, -62.992427825927734, 111.82599639892578, -58.618751525878906, -17.0673885345459, -17.054481506347656, 46.374324798583984, 39.48463821411133], [-23.798355102539062, 4.033474922180176, 156.76890563964844, 171.23385620117188, 415.02032470703125, 22.462175369262695, -48.66577911376953, 82.00476837158203, 63.20682144165039, 4.475195407867432, 7.739103317260742, 43.85111999511719, 15.690153121948242], [-287.6474609375, -268.75994873046875, 109.42682647705078, -47.42561340332031, 22.462175369262695, 495.1364440917969, -65.42521667480469, 66.7130355834961, -25.74732780456543, 38.40810775756836, 19.082765579223633, 2.326354742050171, 89.95520782470703], [940.341064453125, 338.2097473144531, -231.25111389160156, -62.992427825927734, -48.66577911376953, -65.42521667480469, 488.6568908691406, -11.515336990356445, 114.75679779052734, 75.65168762207031, 42.8975830078125, -34.49816131591797, -72.48788452148438], [-45.69701385498047, -106.73029327392578, 128.0115509033203, 111.82599639892578, 82.00476837158203, 66.7130355834961, -11.515336990356445, 189.07798767089844, 22.087833404541016, 11.370983123779297, 3.5054714679718018, 27.852148056030273, 41.866188049316406], [634.76806640625, 213.4063262939453, -172.5282440185547, -58.618751525878906, 63.20682144165039, -25.74732780456543, 114.75679779052734, 22.087833404541016, 253.9278106689453, 68.55535125732422, 26.82080078125, -12.922600746154785, -28.30290985107422], [365.2087097167969, -78.01809692382812, 23.777324676513672, -17.0673885345459, 4.475195407867432, 38.40810775756836, 75.65168762207031, 11.370983123779297, 68.55535125732422, 135.86279296875, 39.10088348388672, -11.1561861038208, -4.349152565002441], [-57.538917541503906, 78.50731658935547, -16.729167938232422, -17.054481506347656, 7.739103317260742, 19.082765579223633, 42.8975830078125, 3.5054714679718018, 26.82080078125, 39.10088348388672, 146.6673583984375, 44.08920669555664, 4.294009685516357], [-300.29339599609375, -51.364288330078125, 69.42064666748047, 46.374324798583984, 43.85111999511719, 2.326354742050171, -34.49816131591797, 27.852148056030273, -12.922600746154785, -11.1561861038208, 44.08920669555664, 123.02488708496094, 35.559730529785156], [-424.5057067871094, -138.90188598632812, 76.01199340820312, 39.48463821411133, 15.690153121948242, 89.95520782470703, -72.48788452148438, 41.866188049316406, -28.30290985107422, -4.349152565002441, 4.294009685516357, 35.559730529785156, 150.72256469726562]], "lowlevel.mfcc.icov": [[0.0001381551119266078, 5.4764295782661065e-05, -1.254568928743538e-06, 1.2673564015130978e-05, -1.0625089089444373e-05, 3.8709586078766733e-05, -0.00018366373842582107, -5.860512828803621e-06, -0.0002388612338108942, -0.00013183540431782603, 9.678374044597149e-05, 0.00016867113299667835, 0.00023698284348938614], [5.4764295782661065e-05, 0.00037542966310866177, 9.950631647370756e-05, 0.00013139727525413036, -0.00011798903869930655, 0.00013482404756359756, -0.00023750898253638297, 1.9019251340068877e-05, -0.0002582922752480954, 0.0003752772172447294, -0.0002100640704156831, 0.00019188571604900062, 0.00015096929564606398], [-1.254568928743538e-06, 9.950631647370756e-05, 0.0013603989500552416, -0.00040678129880689085, -0.0003068805090151727, -6.512480467790738e-05, 0.0003802408464252949, -0.0004784287011716515, 0.0009124864009208977, -0.0008963518193922937, 0.0001439144543837756, -0.0003196687903255224, 0.00011204153997823596], [1.2673564015130978e-05, 0.00013139727525413036, -0.00040678129880689085, 0.0020011074375361204, -0.0006162978825159371, 0.0004964454565197229, -0.0002123804879374802, -0.0007520646322518587, 0.00031144500826485455, 0.00024176144506782293, 6.049993316992186e-05, -2.1793392079416662e-05, -0.00021879246924072504], [-1.0625089089444373e-05, -0.00011798903869930655, -0.0003068805090151727, -0.0006162978825159371, 0.0032181362621486187, -0.00021241036301944405, 0.0003854458627756685, -0.0006107272347435355, -0.0012641288340091705, 0.0002816847700159997, 9.709338337415829e-05, -0.0007889473345130682, 0.0002784541866276413], [3.8709586078766733e-05, 0.00013482404756359756, -6.512480467790738e-05, 0.0004964454565197229, -0.00021241036301944405, 0.0026208721101284027, 0.00010929606651188806, -0.0008079200051724911, 0.00033227517269551754, -0.0007148104486986995, -0.0003969395183958113, 0.0007119926740415394, -0.0012439503334462643], [-0.00018366373842582107, -0.00023750898253638297, 0.0003802408464252949, -0.0002123804879374802, 0.0003854458627756685, 0.00010929606651188806, 0.0031198698561638594, -0.00035577878588810563, -0.00013909755216445774, -0.0012416687095537782, -0.0005354115855880082, 3.483892942313105e-05, 0.0005667213117703795], [-5.860512828803621e-06, 1.9019251340068877e-05, -0.0004784287011716515, -0.0007520646322518587, -0.0006107272347435355, -0.0008079200051724911, -0.00035577878588810563, 0.007090430241078138, -0.0011635926784947515, 0.00025510170962661505, 0.00033807207364588976, -0.0008020697860047221, -0.0011870716698467731], [-0.0002388612338108942, -0.0002582922752480954, 0.0009124864009208977, 0.00031144500826485455, -0.0012641288340091705, 0.00033227517269551754, -0.00013909755216445774, -0.0011635926784947515, 0.0067358766682446, -0.002874817233532667, -0.00014415815530810505, -0.00014349049888551235, -4.3074225686723366e-05], [-0.00013183540431782603, 0.0003752772172447294, -0.0008963518193922937, 0.00024176144506782293, 0.0002816847700159997, -0.0007148104486986995, -0.0012416687095537782, 0.00025510170962661505, -0.002874817233532667, 0.01138139609247446, -0.002881215885281563, 0.0016420184401795268, -0.0004242191498633474], [9.678374044597149e-05, -0.0002100640704156831, 0.0001439144543837756, 6.049993316992186e-05, 9.709338337415829e-05, -0.0003969395183958113, -0.0005354115855880082, 0.00033807207364588976, -0.00014415815530810505, -0.002881215885281563, 0.00913532916456461, -0.003878203220665455, 0.00041047181002795696], [0.00016867113299667835, 0.00019188571604900062, -0.0003196687903255224, -2.1793392079416662e-05, -0.0007889473345130682, 0.0007119926740415394, 3.483892942313105e-05, -0.0008020697860047221, -0.00014349049888551235, 0.0016420184401795268, -0.003878203220665455, 0.011318856850266457, -0.0018239583587273955], [0.00023698284348938614, 0.00015096929564606398, 0.00011204153997823596, -0.00021879246924072504, 0.0002784541866276413, -0.0012439503334462643, 0.0005667213117703795, -0.0011870716698467731, -4.3074225686723366e-05, -0.0004242191498633474, 0.00041047181002795696, -0.0018239583587273955, 0.009156128391623497]], "metadata.audio_properties.analysis.downmix": "mix", "metadata.audio_properties.codec": "mp3", "metadata.audio_properties.md5_encoded": "21bc9635f21ac427bfdcc2c5f4b1b1bc", "metadata.tags.file_name": "1182256252978470962.mp3", "metadata.version.essentia