{"song_id": "1182272844072226866", "download": "https://cdn.discordapp.com/attachments/1128313332273782784/1182272844072226866/chirp.mp4?ex=65841863&amp", "lyrics": "[verse]\nIn shadows I wander, a soul detached\nLost in the void, where pain hatched\nThe world blurs, my senses fade\nDissociation, my twisted escapade\n\n[chorus]\nInto the abyss, I'm drawn so deep\nAching heart, inside it weeps\nTormented by existence, I silently scream\nIn this coldwave of life, I drown in my dream", "style": ["random"], "essentia_features": {"lowlevel.average_loudness": 0.9306702613830566, "lowlevel.barkbands_crest.mean": 12.678651809692383, "lowlevel.barkbands_crest.stdev": 3.78227162361145, "lowlevel.barkbands_flatness_db.mean": 0.208270862698555, "lowlevel.barkbands_flatness_db.stdev": 0.05369500815868378, "lowlevel.barkbands_kurtosis.mean": 10.260645866394043, "lowlevel.barkbands_kurtosis.stdev": 13.786066055297852, "lowlevel.barkbands_skewness.mean": 2.6661744117736816, "lowlevel.barkbands_skewness.stdev": 1.3338561058044434, "lowlevel.barkbands_spread.mean": 14.851131439208984, "lowlevel.barkbands_spread.stdev": 11.028252601623535, "lowlevel.dissonance.mean": 0.46341076493263245, "lowlevel.dissonance.stdev": 0.0332125686109066, "lowlevel.dynamic_complexity": 2.440289258956909, "lowlevel.erbbands_crest.mean": 7.737179756164551, "lowlevel.erbbands_crest.stdev": 2.8095703125, "lowlevel.erbbands_flatness_db.mean": 0.1731976866722107, "lowlevel.erbbands_flatness_db.stdev": 0.04913260042667389, "lowlevel.erbbands_kurtosis.mean": 0.049176301807165146, "lowlevel.erbbands_kurtosis.stdev": 1.6654516458511353, "lowlevel.erbbands_skewness.mean": 0.08593323081731796, "lowlevel.erbbands_skewness.stdev": 0.8991615176200867, "lowlevel.erbbands_spread.mean": 49.60585021972656, "lowlevel.erbbands_spread.stdev": 22.749353408813477, "lowlevel.hfc.mean": 16.24469757080078, "lowlevel.hfc.stdev": 15.777897834777832, "lowlevel.loudness_ebu128.integrated": -17.3936824798584, "lowlevel.loudness_ebu128.loudness_range": 4.6036834716796875, "lowlevel.loudness_ebu128.momentary.mean": -18.100265502929688, "lowlevel.loudness_ebu128.momentary.stdev": 2.737180709838867, "lowlevel.loudness_ebu128.short_term.mean": -17.880287170410156, "lowlevel.loudness_ebu128.short_term.stdev": 1.9754092693328857, "lowlevel.melbands_crest.mean": 19.62360382080078, "lowlevel.melbands_crest.stdev": 6.484780788421631, "lowlevel.melbands_flatness_db.mean": 0.2748471200466156, "lowlevel.melbands_flatness_db.stdev": 0.0675816610455513, "lowlevel.melbands_kurtosis.mean": 33.34150314331055, "lowlevel.melbands_kurtosis.stdev": 35.86601638793945, "lowlevel.melbands_skewness.mean": 4.568922996520996, "lowlevel.melbands_skewness.stdev": 2.0679922103881836, "lowlevel.melbands_spread.mean": 11.743441581726074, "lowlevel.melbands_spread.stdev": 11.55514144897461, "lowlevel.pitch_salience.mean": 0.4796856641769409, "lowlevel.pitch_salience.stdev": 0.14353595674037933, "lowlevel.silence_rate_20dB.mean": 0.99941486120224, "lowlevel.silence_rate_20dB.stdev": 0.024182548746466637, "lowlevel.silence_rate_30dB.mean": 0.9128144979476929, "lowlevel.silence_rate_30dB.stdev": 0.28210553526878357, "lowlevel.silence_rate_60dB.mean": 0.006436512805521488, "lowlevel.silence_rate_60dB.stdev": 0.07996796816587448, "lowlevel.spectral_centroid.mean": 943.0223999023438, "lowlevel.spectral_centroid.stdev": 513.25439453125, "lowlevel.spectral_complexity.mean": 17.627853393554688, "lowlevel.spectral_complexity.stdev": 9.092954635620117, "lowlevel.spectral_decrease.mean": -1.2508605706784692e-08, "lowlevel.spectral_decrease.stdev": 1.4412369964134086e-08, "lowlevel.spectral_energy.mean": 0.04868384450674057, "lowlevel.spectral_energy.stdev": 0.055340517312288284, "lowlevel.spectral_energyband_high.mean": 0.0005542445578612387, "lowlevel.spectral_energyband_high.stdev": 0.0011745240772143006, "lowlevel.spectral_energyband_low.mean": 0.03460176661610603, "lowlevel.spectral_energyband_low.stdev": 0.05110873654484749, "lowlevel.spectral_energyband_middle_high.mean": 0.003282599151134491, "lowlevel.spectral_energyband_middle_high.stdev": 0.002931687980890274, "lowlevel.spectral_energyband_middle_low.mean": 0.01116070244461298, "lowlevel.spectral_energyband_middle_low.stdev": 0.01777804270386696, "lowlevel.spectral_entropy.mean": 7.342654705047607, "lowlevel.spectral_entropy.stdev": 0.5067715048789978, "lowlevel.spectral_flux.mean": 0.08886285871267319, "lowlevel.spectral_flux.stdev": 0.08419044315814972, "lowlevel.spectral_kurtosis.mean": 6.0640387535095215, "lowlevel.spectral_kurtosis.stdev": 6.962771415710449, "lowlevel.spectral_rms.mean": 0.006173609755933285, "lowlevel.spectral_rms.stdev": 0.0030631599947810173, "lowlevel.spectral_rolloff.mean": 631.783447265625, "lowlevel.spectral_rolloff.stdev": 933.8477783203125, "lowlevel.spectral_skewness.mean": 1.6179747581481934, "lowlevel.spectral_skewness.stdev": 0.7782015800476074, "lowlevel.spectral_spread.mean": 3952446.5, "lowlevel.spectral_spread.stdev": 1695865.125, "lowlevel.spectral_strongpeak.mean": 0.6909154057502747, "lowlevel.spectral_strongpeak.stdev": 0.5189452767372131, "lowlevel.zerocrossingrate.mean": 0.03506825119256973, "lowlevel.zerocrossingrate.stdev": 0.02442070096731186, "metadata.audio_properties.analysis.equal_loudness": 0.0, "metadata.audio_properties.analysis.length": 39.637325286865234, "metadata.audio_properties.analysis.sample_rate": 44100.0, "metadata.audio_properties.analysis.start_time": 0.0, "metadata.audio_properties.bit_rate": 114720.0, "metadata.audio_properties.length": 39.637332916259766, "metadata.audio_properties.lossless": 0.0, "metadata.audio_properties.number_channels": 1.0, "metadata.audio_properties.replay_gain": -8.105953216552734, "metadata.audio_properties.sample_rate": 48000.0, "rhythm.beats_count": 63.0, "rhythm.beats_loudness.mean": 0.09395014494657516, "rhythm.beats_loudness.stdev": 0.0369151271879673, "rhythm.bpm": 95.01415252685547, "rhythm.bpm_histogram_first_peak_bpm": 96.0, "rhythm.bpm_histogram_first_peak_weight": 0.37931036949157715, "rhythm.bpm_histogram_second_peak_bpm": 103.0, "rhythm.bpm_histogram_second_peak_spread": 0.5, "rhythm.bpm_histogram_second_peak_weight": 0.032258063554763794, "rhythm.danceability": 1.1024245023727417, "rhythm.onset_rate": 3.252673387527466, "tonal.chords_changes_rate": 0.031578946858644485, "tonal.chords_number_rate": 0.004678362514823675, "tonal.chords_strength.mean": 0.6054992079734802, "tonal.chords_strength.stdev": 0.08543416857719421, "tonal.hpcp_crest.mean": 12.601227760314941, "tonal.hpcp_crest.stdev": 5.898448944091797, "tonal.hpcp_entropy.mean": 2.17621111869812, "tonal.hpcp_entropy.stdev": 0.7289217710494995, "tonal.key_edma.strength": 0.6518281698226929, "tonal.key_krumhansl.strength": 0.6355311274528503, "tonal.key_temperley.strength": 0.6130982041358948, "tonal.tuning_diatonic_strength": 0.4698907136917114, "tonal.tuning_equal_tempered_deviation": 0.0825362503528595, "tonal.tuning_frequency": 439.4919738769531, "tonal.tuning_nontempered_energy_ratio": 0.728813111782074, "lowlevel.barkbands.mean": [6.182334618642926e-05, 0.015241158194839954, 0.018405260518193245, 0.002332921838387847, 0.006028268486261368, 0.0013727580662816763, 0.0008975823875516653, 0.00030433558276854455, 0.00019345329201314598, 0.00020585276070050895, 0.00022763073502574116, 0.0002937532844953239, 0.00020342365314718336, 0.00032047153217718005, 0.0004688553453888744, 0.0007076741312630475, 0.0003634300664998591, 0.00017840141663327813, 0.0001943664683494717, 0.00017999553529080003, 9.228608541889116e-05, 0.0001811639085644856, 8.729488763492554e-05, 8.619240543339401e-05, 4.7545785491820425e-05, 7.80280606704764e-06, 1.6456957041555142e-07], "lowlevel.barkbands.stdev": [0.00016148504801094532, 0.02808087132871151, 0.026441732421517372, 0.00512666767463088, 0.013281090185046196, 0.001529517350718379, 0.0009994496358558536, 0.00040517991874367, 0.0003137233725283295, 0.0003591050917748362, 0.0004071207658853382, 0.0003169192932546139, 0.0002734412846621126, 0.00048431457253172994, 0.0006339462124742568, 0.0008698253659531474, 0.00044402346247807145, 0.000282689172308892, 0.00033708271803334355, 0.00032031256705522537, 0.00028573107556439936, 0.00041277732816524804, 0.0001935022883117199, 0.00019812250684481114, 0.00011199135769857094, 2.3880191292846575e-05, 1.197756091642077e-06], "lowlevel.erbbands.mean": [0.15941482782363892, 4.570486068725586, 22.105966567993164, 11.132198333740234, 20.822561264038086, 16.061800003051758, 11.026247024536133, 9.95262336730957, 14.462756156921387, 8.450427055358887, 5.0794453620910645, 3.9040305614471436, 5.753615379333496, 5.731865406036377, 10.742511749267578, 12.688468933105469, 10.389451026916504, 10.784785270690918, 19.258676528930664, 42.0650520324707, 28.913259506225586, 21.074893951416016, 11.137858390808105, 9.272194862365723, 10.909333229064941, 7.857946395874023, 4.039677143096924, 4.024438858032227, 6.932338714599609, 4.590044975280762, 2.1467511653900146, 1.5553693771362305, 1.5757277011871338, 0.7950415015220642, 0.1813018023967743, 0.0480995699763298, 0.011725308373570442, 0.0015490917721763253, 5.924589277128689e-05, 5.676060391124338e-05], "lowlevel.erbbands.stdev": [0.37631604075431824, 7.873637676239014, 30.011005401611328, 18.439353942871094, 52.75239562988281, 29.91244888305664, 14.15560245513916, 13.240391731262207, 17.19211196899414, 10.207612991333008, 7.0862250328063965, 6.009322643280029, 8.768004417419434, 7.47517728805542, 18.886146545410156, 13.539576530456543, 13.44987964630127, 11.962296485900879, 24.564611434936523, 51.59223175048828, 35.50199508666992, 25.17816925048828, 15.751091957092285, 15.202065467834473, 18.78689193725586, 14.255929946899414, 12.881401062011719, 11.234440803527832, 15.502226829528809, 11.011632919311523, 5.002857685089111, 3.4781694412231445, 3.8021373748779297, 1.9719994068145752, 0.3966720700263977, 0.12516316771507263, 0.04178701341152191, 0.00689795333892107, 0.0001559018128318712, 6.231780571397394e-05], "lowlevel.gfcc.mean": [-28.411426544189453, 132.01849365234375, -117.30609130859375, 58.224613189697266, -45.74607467651367, 17.075349807739258, -42.86198425292969, -5.494682312011719, -16.567720413208008, -11.126215934753418, -5.739268779754639, -11.472311973571777, -4.539078235626221], "lowlevel.melbands.mean": [0.0027952815871685743, 0.009276204742491245, 0.002369476482272148, 0.0014823933597654104, 0.0003852260415442288, 0.0002488518657628447, 0.00019493716536089778, 8.365820394828916e-05, 4.0501749026589096e-05, 2.3445360056939535e-05, 3.0062969017308205e-05, 2.3994121875148267e-05, 3.0298364436021075e-05, 3.679640940390527e-05, 2.7175330615136772e-05, 1.959760265890509e-05, 2.12990435102256e-05, 3.2301995815942064e-05, 3.768783062696457e-05, 6.661139195784926e-05, 2.6454452381585725e-05, 2.241744914499577e-05, 1.5006266039563343e-05, 7.059782547003124e-06, 7.487045422749361e-06, 7.267603450600291e-06, 8.935071491578128e-06, 4.12824692830327e-06, 2.483283196852426e-06, 2.135290060323314e-06, 2.3988241082406603e-06, 4.1152025005430914e-06, 3.242814727855148e-06, 2.2797262317908462e-06, 1.3141585668563494e-06, 8.220553127102903e-07, 1.0008299113906105e-06, 1.1579110150705674e-06, 9.665732250141446e-07, 5.677117655977781e-07], "lowlevel.melbands.stdev": [0.005720499902963638, 0.01297195628285408, 0.003614568617194891, 0.0032241083681583405, 0.0005554211675189435, 0.0002830464218277484, 0.00022777107369620353, 0.00011096922389697284, 6.461350130848587e-05, 3.612296131905168e-05, 4.8357218474848196e-05, 3.389773701201193e-05, 5.543246879824437e-05, 4.146439823671244e-05, 3.072261461056769e-05, 2.6177016479778104e-05, 2.638699152157642e-05, 4.786240970133804e-05, 5.005071943742223e-05, 8.140028512571007e-05, 3.629437924246304e-05, 2.7855197913595475e-05, 1.9616643839981407e-05, 1.3028529792791232e-05, 1.2407817848725244e-05, 1.3519790627469774e-05, 1.4337801076180767e-05, 8.766663995629642e-06, 8.506429367116652e-06, 7.60383227316197e-06, 6.761295480828267e-06, 9.691375453257933e-06, 7.204250778158894e-06, 5.598409643425839e-06, 3.283307250967482e-06, 1.8408254618407227e-06, 2.3324453195527894e-06, 2.7916967155761085e-06, 2.561324890848482e-06, 1.3819624200550606e-06], "lowlevel.melbands128.mean": [4.2009498429251835e-05, 0.0004936473560519516, 0.002927264431491494, 0.00898305606096983, 0.013112331740558147, 0.007230160292237997, 0.00183459697291255, 0.0013127662241458893, 0.002400367520749569, 0.0018789501627907157, 0.0006570572149939835, 0.0003015807014890015, 0.0003715017228387296, 0.00041267191409133375, 0.00020599112031050026, 0.00012433294614311308, 0.0003365373413544148, 0.00017863821994978935, 8.157890260918066e-05, 9.74025679170154e-05, 8.76268750289455e-05, 2.5452201953157783e-05, 4.372389958007261e-05, 4.525616895989515e-05, 1.711516233626753e-05, 2.303075962117873e-05, 1.4645564988313708e-05, 2.5193672627210617e-05, 5.7176745031028986e-05, 1.730585609038826e-05, 1.987502764677629e-05, 1.8529661247157492e-05, 2.574292739154771e-05, 5.1003677072003484e-05, 2.3621032596565783e-05, 4.702923251898028e-05, 2.8724387448164634e-05, 3.0752504244446754e-05, 1.7149028280982748e-05, 2.919005783041939e-05, 1.704672467894852e-05, 1.2955374586454127e-05, 1.309675644733943e-05, 2.1813122657476924e-05, 5.749674892285839e-05, 2.4252503862953745e-05, 2.1473615561262704e-05, 2.2808872017776594e-05, 5.014092675992288e-05, 7.206820737337694e-05, 8.319687185576186e-05, 4.764180994243361e-05, 2.1022795408498496e-05, 2.1740872398368083e-05, 2.2798249119659886e-05, 2.290088013978675e-05, 2.2943466319702566e-05, 1.7267795556108467e-05, 1.3060170203971211e-05, 8.034414349822327e-06, 6.1434952840500046e-06, 6.382189894793555e-06, 8.291773156088311e-06, 7.260617167048622e-06, 7.133432063710643e-06, 7.033333986328216e-06, 7.631075277458876e-06, 8.120622624119278e-06, 1.1141506547573954e-05, 7.427722266584169e-06, 3.5362666039873147e-06, 2.6915829494100763e-06, 2.590204758234904e-06, 2.480396005921648e-06, 2.3417244392476277e-06, 2.24694554162852e-06, 2.0271247649361612e-06, 1.8047442154056625e-06, 2.3077716377883917e-06, 2.945533424281166e-06, 4.117080152354902e-06, 4.797221208718838e-06, 4.025535872642649e-06, 2.8022125206916826e-06, 2.8525864763651043e-06, 2.759227299975464e-06, 1.896263938760967e-06, 1.7170127648569178e-06, 1.3497334521161974e-06, 1.0094936442328617e-06, 7.954386660458113e-07, 7.564288466710423e-07, 8.54162806263048e-07, 9.805684157981887e-07, 1.0750165984063642e-06, 1.2475040875870036e-06, 1.1529702987900237e-06, 1.1064057616749778e-06, 9.739206916492549e-07, 9.371159990223532e-07, 7.320805366362038e-07, 5.136841423336591e-07, 3.6145243598184607e-07, 2.349141112745201e-07, 1.4820852811681107e-07, 1.476902014019288e-07, 1.2289689266253845e-07, 1.2065189025634027e-07, 6.766465077134853e-08, 5.28258610188459e-08, 3.7651400219829156e-08, 4.061881853090199e-08, 3.8904580890175566e-08, 2.9789614330866243e-08, 2.4921986252479655e-08, 1.775437041828809e-08, 6.692056686574688e-09, 8.515884664106466e-10, 5.898519866986973e-11, 2.2219948103696652e-11, 2.34973169394026e-11, 9.690192225020322e-12, 5.0723587656509306e-12, 4.976207813867095e-12, 4.835083288606823e-12, 4.648768349435617e-12, 4.5410207712148765e-12, 4.506594316472379e-12], "lowlevel.melbands128.stdev": [0.00014029476733412594, 0.0014105242444202304, 0.008154606446623802, 0.015386750921607018, 0.01741931401193142, 0.011238844133913517, 0.003834793111309409, 0.003179458435624838, 0.006895315833389759, 0.003946769051253796, 0.0013476974563673139, 0.0008922861889004707, 0.0005156468832865357, 0.00047551855095662177, 0.00042459677206352353, 0.00022120802896097302, 0.00044192312634550035, 0.00022405522759072483, 0.00015647365944460034, 0.00014472592738457024, 0.00013572804164141417, 4.9449332436779514e-05, 8.669394446769729e-05, 0.0001021528514684178, 3.806927998084575e-05, 4.2480685806367546e-05, 2.326457433809992e-05, 3.9819169614929706e-05, 0.00012477826385293156, 2.9058852305752225e-05, 3.4714721550699323e-05, 3.15200122713577e-05, 5.632229658658616e-05, 0.00011728172830771655, 3.334009670652449e-05, 6.65773477521725e-05, 3.867829582304694e-05, 4.228707985021174e-05, 3.1880015740171075e-05, 5.23068847542163e-05, 2.4202932763728313e-05, 2.030003088293597e-05, 1.9355382391950116e-05, 3.054463377338834e-05, 0.0001233622751897201, 3.8040452636778355e-05, 3.822274811682291e-05, 3.481636304059066e-05, 8.374568278668448e-05, 0.00011194841499673203, 0.0001251499925274402, 7.433294376824051e-05, 3.9331007428700104e-05, 3.874488174915314e-05, 3.9590169762959704e-05, 3.335412475280464e-05, 3.404116432648152e-05, 2.5746947358129546e-05, 2.1214920707279816e-05, 1.4723779713676777e-05, 1.3954944733995944e-05, 1.6066698663053103e-05, 1.362484363198746e-05, 1.3520416359824594e-05, 1.4540760275849607e-05, 1.4457763427344617e-05, 1.757163590809796e-05, 1.761601015459746e-05, 1.82581916305935e-05, 1.4360311979544349e-05, 8.46020247990964e-06, 8.541924216842744e-06, 1.0133739124285057e-05, 9.402921932633035e-06, 8.890815479389858e-06, 9.292562936025206e-06, 8.139436431520153e-06, 5.9089961723657325e-06, 7.018174528639065e-06, 8.928273018682376e-06, 1.1862346582347527e-05, 1.1517415259731933e-05, 8.949213224695995e-06, 6.506050794996554e-06, 8.474836249661166e-06, 8.306054951390252e-06, 4.412065209180582e-06, 4.268489192327252e-06, 3.956304226448992e-06, 2.8002225462842034e-06, 1.8193010191680514e-06, 1.8458212025507237e-06, 2.22827270590642e-06, 2.586492655609618e-06, 2.584993808341096e-06, 3.198995273123728e-06, 2.9354898742894875e-06, 2.918492782555404e-06, 2.8442018447094597e-06, 2.7639414383884287e-06, 1.9320791579957586e-06, 1.2746484117087675e-06, 8.655561600789952e-07, 5.851703690495924e-07, 3.937790324926027e-07, 3.932581762455811e-07, 3.0493384883811814e-07, 3.3436552371313155e-07, 2.0618576002107147e-07, 1.991130744727343e-07, 1.4517262059143832e-07, 1.6271563652026089e-07, 1.6003339453618537e-07, 1.2218021083754138e-07, 1.1102941499530061e-07, 9.289576752280482e-08, 4.802937070280677e-08, 8.566064302328869e-09, 1.4944788739867931e-09, 3.5223557404151506e-10, 4.857151902903922e-10, 1.5240088357959536e-10, 9.143358813135105e-12, 8.986076639738716e-12, 8.850923466363625e-12, 8.742739171507807e-12, 8.665320197498438e-12, 8.617503412244876e-12], "lowlevel.mfcc.mean": [-662.6898193359375, 141.71270751953125, 4.441722869873047, 37.16494369506836, 23.78127098083496, 17.16640853881836, -0.9900647401809692, 3.989448070526123, -4.518995761871338, -4.046557903289795, -1.4937900304794312, -5.6371941566467285, 5.435091972351074], "lowlevel.spectral_contrast_coeffs.mean": [-0.6397693753242493, -0.7430989146232605, -0.8026541471481323, -0.7946485877037048, -0.781755805015564, -0.7555739283561707], "lowlevel.spectral_contrast_coeffs.stdev": [0.0639842227101326, 0.059032972902059555, 0.04216356575489044, 0.0486086942255497, 0.04975844919681549, 0.038108453154563904], "lowlevel.spectral_contrast_valleys.mean": [-6.463288307189941, -7.083521366119385, -7.517589569091797, -7.506817817687988, -7.884540557861328, -10.808018684387207], "lowlevel.spectral_contrast_valleys.stdev": [0.6304739117622375, 0.5627940893173218, 0.5805913805961609, 0.7891908288002014, 0.9670832753181458, 1.3841379880905151], "rhythm.beats_loudness_band_ratio.mean": [0.8248788118362427, 0.20624029636383057, 0.022881394252181053, 0.027722902595996857, 0.03858962655067444, 0.02080720104277134], "rhythm.beats_loudness_band_ratio.stdev": [0.16722391545772552, 0.19290611147880554, 0.0352327786386013, 0.06364229321479797, 0.06147157400846481, 0.01629728451371193], "tonal.hpcp.mean": [0.04873386397957802, 0.040608000010252, 0.07962364703416824, 0.1378592550754547, 0.10488242655992508, 0.03916016221046448, 0.032462749630212784, 0.048304539173841476, 0.10965355485677719, 0.11130298674106598, 0.044763945043087006, 0.06167902424931526, 0.0896562784910202, 0.0523412711918354, 0.022888673469424248, 0.02977379411458969, 0.02891865186393261, 0.07212073355913162, 0.1514359712600708, 0.09942715615034103, 0.0158066488802433, 0.017242731526494026, 0.025585243478417397, 0.09931498765945435, 0.1401718109846115, 0.07279768586158752, 0.03535608947277069, 0.03750759735703468, 0.04820862412452698, 0.06985175609588623, 0.06926535815000534, 0.08053535968065262, 0.3007805347442627, 0.5360499620437622, 0.3566333055496216, 0.09895016998052597], "tonal.hpcp.stdev": [0.1661795973777771, 0.14548474550247192, 0.19625546038150787, 0.2756778299808502, 0.22197693586349487, 0.12535855174064636, 0.11420400440692902, 0.15393036603927612, 0.20358826220035553, 0.1968708485364914, 0.11167357861995697, 0.1644042730331421, 0.2284872680902481, 0.14081625640392303, 0.08744508773088455, 0.11846662312746048, 0.1237339973449707, 0.12689709663391113, 0.22651441395282745, 0.1607310175895691, 0.08376957476139069, 0.09603986144065857, 0.10942953079938889, 0.22332516312599182, 0.2993145287036896, 0.17662815749645233, 0.1302281767129898, 0.1496182084083557, 0.16872024536132812, 0.20701485872268677, 0.2012786865234375, 0.2007850557565689, 0.3047585189342499, 0.4122350513935089, 0.3452598750591278, 0.22700324654579163], "rhythm.beats_position": [0.5572788715362549, 1.1377778053283691, 1.7066665887832642, 2.287165403366089, 2.879274368286133, 3.5062131881713867, 4.133152008056641, 4.7600908279418945, 5.38702917098999, 6.025578022003174, 6.652516841888428, 7.291065692901611, 7.918004512786865, 8.55655288696289, 9.195101737976074, 9.822040557861328, 10.448979377746582, 11.075918197631836, 11.70285701751709, 12.341405868530273, 12.979954719543457, 13.606893539428711, 14.233832359313965, 14.860771179199219, 15.499319076538086, 16.137868881225586, 16.764806747436523, 17.391746520996094, 18.03029441833496, 18.668842315673828, 19.2957820892334, 19.922719955444336, 20.549659729003906, 21.176597595214844, 21.815147399902344, 22.45369529724121, 23.08063507080078, 23.70757293701172, 24.33451271057129, 24.984670639038086, 25.611610412597656, 26.238548278808594, 26.86548614501953, 27.50403594970703, 28.1425838470459, 28.76952362060547, 29.396461486816406, 30.023401260375977, 30.661949157714844, 31.300498962402344, 31.92743682861328, 32.55437469482422, 33.18131637573242, 33.819862365722656, 34.458412170410156, 35.085350036621094, 35.71228790283203, 36.339229583740234, 36.97777557373047, 37.61632537841797, 38.243263244628906, 38.87020492553711, 39.508750915527344], "rhythm.bpm_histogram": [0.0, 0.0, 0.0, 0.0, 0.0, 0.0, 0.0, 0.0, 0.0, 0.0, 0.0, 0.0, 0.0, 0.0, 0.0, 0.0, 0.0, 0.0, 0.0, 0.0, 0.0, 0.0, 0.0, 0.0, 0.0, 0.0, 0.0, 0.0, 0.0, 0.0, 0.0, 0.0, 0.0, 0.0, 0.0, 0.0, 0.0, 0.0, 0.0, 0.0, 0.0, 0.0, 0.0, 0.0, 0.0, 0.0, 0.0, 0.0, 0.0, 0.0, 0.0, 0.0, 0.0, 0.0, 0.0, 0.0, 0.0, 0.0, 0.0, 0.0, 0.0, 0.0, 0.0, 0.0, 0.0, 0.0, 0.0, 0.0, 0.0, 0.0, 0.0, 0.0, 0.0, 0.0, 0.0, 0.0, 0.0, 0.0, 0.0, 0.0, 0.0, 0.0, 0.0, 0.0, 0.0, 0.0, 0.0, 0.0, 0.0, 0.0, 0.0, 0.0, 0.016129031777381897, 0.0, 0.33870968222618103, 0.0, 0.5806451439857483, 0.0, 0.0, 0.0, 0.0, 0.016129031777381897, 0.0, 0.032258063554763794, 0.0, 0.016129031777381897, 0.0, 0.0, 0.0, 0.0, 0.0, 0.0, 0.0, 0.0, 0.0, 0.0, 0.0, 0.0, 0.0, 0.0, 0.0, 0.0, 0.0, 0.0, 0.0, 0.0, 0.0, 0.0, 0.0, 0.0, 0.0, 0.0, 0.0, 0.0, 0.0, 0.0, 0.0, 0.0, 0.0, 0.0, 0.0, 0.0, 0.0, 0.0, 0.0, 0.0, 0.0, 0.0, 0.0, 0.0, 0.0, 0.0, 0.0, 0.0, 0.0, 0.0, 0.0, 0.0, 0.0, 0.0, 0.0, 0.0, 0.0, 0.0, 0.0, 0.0, 0.0, 0.0, 0.0, 0.0, 0.0, 0.0, 0.0, 0.0, 0.0, 0.0, 0.0, 0.0, 0.0, 0.0, 0.0, 0.0, 0.0, 0.0, 0.0, 0.0, 0.0, 0.0, 0.0, 0.0, 0.0, 0.0, 0.0, 0.0, 0.0, 0.0, 0.0, 0.0, 0.0, 0.0, 0.0, 0.0, 0.0, 0.0, 0.0, 0.0, 0.0, 0.0, 0.0, 0.0, 0.0, 0.0, 0.0, 0.0, 0.0, 0.0, 0.0, 0.0, 0.0, 0.0, 0.0, 0.0, 0.0, 0.0, 0.0, 0.0, 0.0, 0.0, 0.0, 0.0, 0.0, 0.0, 0.0, 0.0, 0.0, 0.0, 0.0, 0.0, 0.0, 0.0, 0.0, 0.0, 0.0, 0.0, 0.0, 0.0, 0.0, 0.0, 0.0, 0.0], "tonal.chords_histogram": [0.0, 31.11111068725586, 58.83041000366211, 0.0, 0.0, 0.0, 0.0, 0.0, 0.0, 0.0, 0.0, 0.0, 0.0, 0.0, 0.0, 0.0, 0.0, 0.0, 6.432748317718506, 3.6257309913635254, 0.0, 0.0, 0.0, 0.0], "tonal.thpcp": [1.0, 0.6652986407279968, 0.18459132313728333, 0.09091291576623917, 0.07575413584709167, 0.148537740111351, 0.25717613101005554, 0.19565792381763458, 0.07305319607257843, 0.06055918708443642, 0.09011200815439224, 0.20455846190452576, 0.20763547718524933, 0.08350703865289688, 0.11506208032369614, 0.16725358366966248, 0.09764252603054047, 0.04269877076148987, 0.055542945861816406, 0.053947679698467255, 0.13454106450080872, 0.2825034558773041, 0.18548113107681274, 0.02948726713657379, 0.03216627612709999, 0.047729212790727615, 0.18527188897132874, 0.26149019598960876, 0.1358039230108261, 0.06595670431852341, 0.06997033953666687, 0.08993308246135712, 0.13030830025672913, 0.12921437621116638, 0.1502385288476944, 0.5611054301261902], "lowlevel.gfcc.cov": [[5437.9736328125, -2276.35302734375, 146.96473693847656, 980.0048828125, 280.2293395996094, 772.9561157226562, -355.8197326660156, 422.87548828125, -263.5660705566406, 267.5879821777344, -415.0339660644531, 288.7755126953125, -128.68319702148438], [-2276.35302734375, 2016.37939453125, -402.2615661621094, -517.8534545898438, 262.7176208496094, -505.5791015625, 327.5207824707031, -230.16793823242188, 306.6102600097656, -299.876708984375, 365.8197937011719, -201.21351623535156, 174.21942138671875], [146.96473693847656, -402.2615661621094, 854.92529296875, -7.219108581542969, -257.9198303222656, 238.18084716796875, -69.65072631835938, 85.39523315429688, -133.2742919921875, 204.82391357421875, -81.64688110351562, 78.81217956542969, -124.4944839477539], [980.0048828125, -517.8534545898438, -7.219108581542969, 416.09295654296875, 133.7007598876953, 200.34083557128906, -76.59126281738281, 65.73429870605469, -6.1274566650390625, 44.292694091796875, -52.27915954589844, 33.765052795410156, 27.719928741455078], [280.2293395996094, 262.7176208496094, -257.9198303222656, 133.7007598876953, 614.3837890625, 18.529829025268555, 122.1634750366211, 63.51104736328125, 122.41057586669922, -43.51054000854492, 74.02151489257812, 16.983312606811523, 82.76139068603516], [772.9561157226562, -505.5791015625, 238.18084716796875, 200.34083557128906, 18.529829025268555, 322.8379821777344, -55.895103454589844, 127.18739318847656, -42.329463958740234, 106.83863067626953, -62.01146697998047, 52.150413513183594, -28.483922958374023], [-355.8197326660156, 327.5207824707031, -69.65072631835938, -76.59126281738281, 122.1634750366211, -55.895103454589844, 175.91546630859375, 4.659387111663818, 64.7767333984375, -32.08040237426758, 63.39515686035156, -30.400440216064453, 21.604576110839844], [422.87548828125, -230.16793823242188, 85.39523315429688, 65.73429870605469, 63.51104736328125, 127.18739318847656, 4.659387111663818, 146.8893280029297, 0.8637009263038635, 63.18827819824219, -23.536239624023438, 41.83654022216797, -16.7939395904541], [-263.5660705566406, 306.6102600097656, -133.2742919921875, -6.1274566650390625, 122.41057586669922, -42.329463958740234, 64.7767333984375, 0.8637009263038635, 137.45909118652344, -37.83039093017578, 79.5922622680664, -30.700176239013672, 54.64644241333008], [267.5879821777344, -299.876708984375, 204.82391357421875, 44.292694091796875, -43.51054000854492, 106.83863067626953, -32.08040237426758, 63.18827819824219, -37.83039093017578, 159.45281982421875, -27.99802017211914, 44.40902328491211, -37.33588409423828], [-415.0339660644531, 365.8197937011719, -81.64688110351562, -52.27915954589844, 74.02151489257812, -62.01146697998047, 63.39515686035156, -23.536239624023438, 79.5922622680664, -27.99802017211914, 131.95899963378906, -29.115966796875, 52.090091705322266], [288.7755126953125, -201.21351623535156, 78.81217956542969, 33.765052795410156, 16.983312606811523, 52.150413513183594, -30.400440216064453, 41.83654022216797, -30.700176239013672, 44.40902328491211, -29.115966796875, 83.96083068847656, -12.585806846618652], [-128.68319702148438, 174.21942138671875, -124.4944839477539, 27.719928741455078, 82.76139068603516, -28.483922958374023, 21.604576110839844, -16.7939395904541, 54.64644241333008, -37.33588409423828, 52.090091705322266, -12.585806846618652, 98.70777893066406]], "lowlevel.gfcc.icov": [[0.0006464861216954887, -0.0003812401555478573, 0.0005576026160269976, -0.0011940549593418837, -2.3758726456435397e-05, -0.0006561634945683181, 0.0004694545059464872, -0.000940420723054558, 0.0008782295044511557, -0.0003994601429440081, 0.001119970460422337, -0.0010956184705719352, 0.0007540889782831073], [-0.0003812401555478573, 0.007013479247689247, -0.002941249404102564, 0.005905390251427889, -0.002517928136512637, 0.003187562106177211, -0.002216494409367442, 0.0036091303918510675, -0.005586868152022362, 0.0060228402726352215, -0.00809685792773962, 0.005838979035615921, -0.0037251929752528667], [0.0005576026160269976, -0.002941249404102564, 0.003998163156211376, -0.0024144581984728575, 0.0016249753534793854, -0.0034094208385795355, 0.000694457208737731, -0.0014029891462996602, 0.0033729567658156157, -0.004306127782911062, 0.003262546379119158, -0.0038888021372258663, 0.0031882741022855043], [-0.0011940549593418837, 0.005905390251427889, -0.0024144581984728575, 0.010993759147822857, -0.0029766708612442017, 0.00019253656500950456, -0.0005445360438898206, 0.004923135507851839, -0.005874656606465578, 0.00460548372939229, -0.006276578642427921, 0.00635348167270422, -0.005487412679940462], [-2.3758726456435397e-05, -0.002517928136512637, 0.0016249753534793854, -0.0029766708612442017, 0.0039619337767362595, -0.001127249444834888, -0.0012415357632562518, -0.0018961494788527489, 0.0007802665932103992, -0.0018019513227045536, 0.0022285357117652893, -0.00375070096924901, 0.0008327319519594312], [-0.0006561634945683181, 0.003187562106177211, -0.0034094208385795355, 0.00019253656500950456, -0.001127249444834888, 0.010458164848387241, -0.0007120841764844954, -0.0027145459316670895, -0.0024261760991066694, 0.002038037870079279, -0.0036828943993896246, 0.00421621510758996, -0.0025834273546934128], [0.0004694545059464872, -0.002216494409367442, 0.000694457208737731, -0.0005445360438898206, -0.0012415357632562518, -0.0007120841764844954, 0.010399075224995613, -0.0032469583675265312, 0.0007008499233052135, -0.0014523587888106704, 0.0011797714978456497, 0.0004593842022586614, 0.002058526733890176], [-0.000940420723054558, 0.0036091303918510675, -0.0014029891462996602, 0.004923135507851839, -0.0018961494788527489, -0.0027145459316670895, -0.0032469583675265312, 0.016062427312135696, -0.006099313963204622, 0.0007588278385810554, -0.0033897485118359327, 0.00015027834160719067, -0.0010264809243381023], [0.0008782295044511557, -0.005586868152022362, 0.0033729567658156157, -0.005874656606465578, 0.0007802665932103992, -0.0024261760991066694, 0.0007008499233052135, -0.006099313963204622, 0.019945692270994186, -0.004525534342974424, 0.001237603952176869, -0.0023567413445562124, 0.0006565189687535167], [-0.0003994601429440081, 0.0060228402726352215, -0.004306127782911062, 0.00460548372939229, -0.0018019513227045536, 0.002038037870079279, -0.0014523587888106704, 0.0007588278385810554, -0.004525534342974424, 0.016332129016518593, -0.008482655510306358, 0.0026834658347070217, -0.0018279515206813812], [0.001119970460422337, -0.00809685792773962, 0.003262546379119158, -0.006276578642427921, 0.0022285357117652893, -0.0036828943993896246, 0.0011797714978456497, -0.0033897485118359327, 0.001237603952176869, -0.008482655510306358, 0.025016479194164276, -0.006231315433979034, -2.7596604923019186e-05], [-0.0010956184705719352, 0.005838979035615921, -0.0038888021372258663, 0.00635348167270422, -0.00375070096924901, 0.00421621510758996, 0.0004593842022586614, 0.00015027834160719067, -0.0023567413445562124, 0.0026834658347070217, -0.006231315433979034, 0.023731553927063942, -0.005502601154148579], [0.0007540889782831073, -0.0037251929752528667, 0.0031882741022855043, -0.005487412679940462, 0.0008327319519594312, -0.0025834273546934128, 0.002058526733890176, -0.0010264809243381023, 0.0006565189687535167, -0.0018279515206813812, -2.7596604923019186e-05, -0.005502601154148579, 0.019440358504652977]], "lowlevel.mfcc.cov": [[5156.4833984375, -2454.65625, -115.0457763671875, 355.0592041015625, 694.27197265625, 381.548583984375, 147.6235809326172, 222.92185974121094, 260.20147705078125, 112.6670913696289, -155.35342407226562, -87.77764892578125, 180.3904571533203], [-2454.65625, 2128.3525390625, -465.4521484375, -59.04182052612305, -196.7291259765625, -237.01223754882812, -35.10872268676758, 25.518808364868164, -114.65711212158203, -4.09791374206543, 83.03182983398438, -1.7947627305984497, 5.200075626373291], [-115.0457763671875, -465.4521484375, 1010.1385498046875, -210.1031036376953, -180.16697692871094, 33.132694244384766, 12.425296783447266, -146.43264770507812, 5.059518814086914, -101.1356201171875, 140.86256408691406, 124.94393157958984, -137.5608367919922], [355.0592041015625, -59.04182052612305, -210.1031036376953, 214.65733337402344, 136.23452758789062, 60.7947998046875, 19.18211555480957, 41.93717956542969, 26.1153621673584, 31.435651779174805, -50.42414474487305, -17.464496612548828, 55.5196647644043], [694.27197265625, -196.7291259765625, -180.16697692871094, 136.23452758789062, 391.1908264160156, 130.4647979736328, 83.47909545898438, 97.40908813476562, 90.83104705810547, 43.81709289550781, -13.606100082397461, -7.6183342933654785, 125.16231536865234], [381.548583984375, -237.01223754882812, 33.132694244384766, 60.7947998046875, 130.4647979736328, 151.579345703125, 59.992713928222656, 20.543750762939453, 49.49434280395508, 28.079856872558594, -8.877509117126465, 13.238242149353027, 31.940336227416992], [147.6235809326172, -35.10872268676758, 12.425296783447266, 19.18211555480957, 83.47909545898438, 59.992713928222656, 126.17972564697266, 41.361656188964844, 37.97837448120117, 43.84059524536133, 8.682856559753418, 17.822921752929688, 41.53240203857422], [222.92185974121094, 25.518808364868164, -146.43264770507812, 41.93717956542969, 97.40908813476562, 20.543750762939453, 41.361656188964844, 134.1362762451172, 41.55344772338867, 28.6993408203125, -7.374781131744385, -18.121816635131836, 45.10038757324219], [260.20147705078125, -114.65711212158203, 5.059518814086914, 26.1153621673584, 90.83104705810547, 49.49434280395508, 37.97837448120117, 41.55344772338867, 85.24568939208984, 37.23944854736328, 4.566744327545166, 7.651663780212402, 32.74732971191406], [112.6670913696289, -4.09791374206543, -101.1356201171875, 31.435651779174805, 43.81709289550781, 28.079856872558594, 43.84059524536133, 28.6993408203125, 37.23944854736328, 103.82271575927734, -10.368795394897461, 1.1193859577178955, 31.176050186157227], [-155.35342407226562, 83.03182983398438, 140.86256408691406, -50.42414474487305, -13.606100082397461, -8.877509117126465, 8.682856559753418, -7.374781131744385, 4.566744327545166, -10.368795394897461, 126.03264617919922, 43.24784469604492, -15.746368408203125], [-87.77764892578125, -1.7947627305984497, 124.94393157958984, -17.464496612548828, -7.6183342933654785, 13.238242149353027, 17.822921752929688, -18.121816635131836, 7.651663780212402, 1.1193859577178955, 43.24784469604492, 73.01533508300781, 7.634377956390381], [180.3904571533203, 5.200075626373291, -137.5608367919922, 55.5196647644043, 125.16231536865234, 31.940336227416992, 41.53240203857422, 45.10038757324219, 32.74732971191406, 31.176050186157227, -15.746368408203125, 7.634377956390381, 112.37152099609375]], "lowlevel.mfcc.icov": [[0.0007030852138996124, 0.0008220202871598303, 0.0002026632137130946, -0.0003792520728893578, -0.000437416136264801, 0.0001612250489415601, -0.00012817875540349633, -0.0005153642268851399, -0.0002700091863516718, -7.893100701039657e-06, -0.00025374669348821044, 0.00043724675197154284, -2.0026147467433475e-05], [0.0008220202871598303, 0.00173397664912045, 0.0008795022149570286, -0.0003218792553525418, -0.00018192741845268756, 0.0009581659105606377, -0.0006833078223280609, -0.0005829135770909488, 4.096419797861017e-05, 0.00026679522125050426, -0.0011387382401153445, -5.678333400283009e-05, 1.0972918062179815e-05], [0.0002026632137130946, 0.0008795022149570286, 0.0033002658747136593, 0.001398360589519143, 0.0005946794408373535, -0.0005999589920975268, -0.001685221679508686, 0.0016021756455302238, -0.002085708547383547, 0.0027167368680238724, -0.001528633525595069, -0.003229169175028801, 0.00233038910664618], [-0.0003792520728893578, -0.0003218792553525418, 0.001398360589519143, 0.007997196167707443, -0.0012908965582028031, -0.0021751876920461655, 0.0006913066608831286, 0.0004383763007353991, 0.00023472696193493903, 8.23336376924999e-05, 0.0017254475969821215, -0.0018216146854683757, 0.000283287517959252], [-0.000437416136264801, -0.00018192741845268756, 0.0005946794408373535, -0.0012908965582028031, 0.0072855111211538315, -0.0033643129281699657, -0.0008112818468362093, -0.0006280633970163763, -0.0028149886056780815, 0.0019865522626787424, -0.0018146033398807049, 0.001376825268380344, -0.0046088313683867455], [0.0001612250489415601, 0.0009581659105606377, -0.0005999589920975268, -0.0021751876920461655, -0.0033643129281699657, 0.013468693010509014, -0.003699301974847913, 0.0010693081421777606, -0.0019241684349253774, -0.0007864773506298661, 0.0010293644154444337, -0.001497532706707716, 0.0019190470920875669], [-0.00012817875540349633, -0.0006833078223280609, -0.001685221679508686, 0.0006913066608831286, -0.0008112818468362093, -0.003699301974847913, 0.013611005619168282, -0.0031662217807024717, 0.0010574465850368142, -0.004739352501928806, 0.00040938964230008423, -0.0006250212900340557, -0.0028653470799326897], [-0.0005153642268851399, -0.0005829135770909488, 0.0016021756455302238, 0.0004383763007353991, -0.0006280633970163763, 0.0010693081421777606, -0.0031662217807024717, 0.012705347500741482, -0.004792660474777222, 0.0014097641687840223, -0.0011814337922260165, 0.0015977849252521992, -0.00020297688024584204], [-0.0002700091863516718, 4.096419797861017e-05, -0.002085708547383547, 0.00023472696193493903, -0.0028149886056780815, -0.0019241684349253774, 0.0010574465850368142, -0.004792660474777222, 0.022241583094000816, -0.006724679376929998, -0.00031169678550213575, 4.225139127811417e-05, -0.0016851448453962803], [-7.893100701039657e-06, 0.00026679522125050426, 0.0027167368680238724, 8.23336376924999e-05, 0.0019865522626787424, -0.0007864773506298661, -0.004739352501928806, 0.0014097641687840223, -0.006724679376929998, 0.0155958766117692, -0.00033547147177159786, -0.0021334271878004074, 0.00021285629190970212], [-0.00025374669348821044, -0.0011387382401153445, -0.001528633525595069, 0.0017254475969821215, -0.0018146033398807049, 0.0010293644154444337, 0.00040938964230008423, -0.0011814337922260165, -0.00031169678550213575, -0.00033547147177159786, 0.012811754830181599, -0.005850698798894882, 0.0021643517538905144], [0.00043724675197154284, -5.678333400283009e-05, -0.003229169175028801, -0.0018216146854683757, 0.001376825268380344, -0.001497532706707716, -0.0006250212900340557, 0.0015977849252521992, 4.225139127811417e-05, -0.0021334271878004074, -0.005850698798894882, 0.02451842650771141, -0.007176468148827553], [-2.0026147467433475e-05, 1.0972918062179815e-05, 0.00233038910664618, 0.000283287517959252, -0.0046088313683867455, 0.0019190470920875669, -0.0028653470799326897, -0.00020297688024584204, -0.0016851448453962803, 0.00021285629190970212, 0.0021643517538905144, -0.007176468148827553, 0.018594838678836823]], "metadata.audio_properties.analysis.downmix": "mix", "metadata.audio_properties.codec": "mp3", "metadata.audio_properties.md5_encoded": "e0ffbee0ebe50365f2dfac3a55c994c4", "metadata.tags.file_name": "1182272844072226866.mp3", "metadata.version.essentia": "2.1-beta6-dev", "metadata.version.essentia_git_sha": "v2.1_beta5-1110-g77a6a954", "metadata.version.extractor": "music 2.0", "tonal.chords_key": "Ab", "tonal.chords_scale": "major", "tonal.key_edma.key": "C#", "tonal.key_edma.scale": "major", "tonal.key_krumhansl.key": "C#", "tonal.key_krumhansl.scale": "major", "tonal.key_temperley.key": "C#", "tonal.key_temperley.scale": "major", "metadata.tags.encoding": ["Lavf58.45.100"]}, "esse