{"song_id": "1182273049412775997", "download": "https://cdn.discordapp.com/attachments/1135903449314238464/1182273049412775997/chirp.mp4?ex=65841894&amp", "lyrics": "\u0427\u0442\u043e \u0437\u0430 \u0434\u0435\u043d\u044c! \n\u0427\u0442\u043e \u0437\u0430 \u0434\u0435\u043d\u044c! \n\u0427\u0442\u043e \u0437\u0430 \u043f\u0440\u0435\u043a\u0440\u0430\u0441\u043d\u044b\u0439 \u0434\u0435\u043d\u044c!", "style": ["Soul"], "essentia_features": {"lowlevel.average_loudness": 0.9780458211898804, "lowlevel.barkbands_crest.mean": 12.255574226379395, "lowlevel.barkbands_crest.stdev": 4.900959491729736, "lowlevel.barkbands_flatness_db.mean": 0.16884857416152954, "lowlevel.barkbands_flatness_db.stdev": 0.07994628697633743, "lowlevel.barkbands_kurtosis.mean": 17.562101364135742, "lowlevel.barkbands_kurtosis.stdev": 31.60883331298828, "lowlevel.barkbands_skewness.mean": 2.5821404457092285, "lowlevel.barkbands_skewness.stdev": 2.818877696990967, "lowlevel.barkbands_spread.mean": 21.960695266723633, "lowlevel.barkbands_spread.stdev": 19.444944381713867, "lowlevel.dissonance.mean": 0.46850284934043884, "lowlevel.dissonance.stdev": 0.029515327885746956, "lowlevel.dynamic_complexity": 4.303083896636963, "lowlevel.erbbands_crest.mean": 9.570871353149414, "lowlevel.erbbands_crest.stdev": 4.363265514373779, "lowlevel.erbbands_flatness_db.mean": 0.15329553186893463, "lowlevel.erbbands_flatness_db.stdev": 0.06727095693349838, "lowlevel.erbbands_kurtosis.mean": 0.27290624380111694, "lowlevel.erbbands_kurtosis.stdev": 1.8202159404754639, "lowlevel.erbbands_skewness.mean": 0.05464661866426468, "lowlevel.erbbands_skewness.stdev": 0.8456134796142578, "lowlevel.erbbands_spread.mean": 49.12955856323242, "lowlevel.erbbands_spread.stdev": 27.860742568969727, "lowlevel.hfc.mean": 18.345056533813477, "lowlevel.hfc.stdev": 18.101688385009766, "lowlevel.loudness_ebu128.integrated": -14.297085762023926, "lowlevel.loudness_ebu128.loudness_range": 1.047821044921875, "lowlevel.loudness_ebu128.momentary.mean": -15.733038902282715, "lowlevel.loudness_ebu128.momentary.stdev": 4.078111171722412, "lowlevel.loudness_ebu128.short_term.mean": -14.480724334716797, "lowlevel.loudness_ebu128.short_term.stdev": 0.363663911819458, "lowlevel.melbands_crest.mean": 19.095415115356445, "lowlevel.melbands_crest.stdev": 7.784934997558594, "lowlevel.melbands_flatness_db.mean": 0.2309878170490265, "lowlevel.melbands_flatness_db.stdev": 0.10609402507543564, "lowlevel.melbands_kurtosis.mean": 53.72881317138672, "lowlevel.melbands_kurtosis.stdev": 83.59969329833984, "lowlevel.melbands_skewness.mean": 4.581760406494141, "lowlevel.melbands_skewness.stdev": 4.076618194580078, "lowlevel.melbands_spread.mean": 24.004981994628906, "lowlevel.melbands_spread.stdev": 25.48859405517578, "lowlevel.pitch_salience.mean": 0.4423171281814575, "lowlevel.pitch_salience.stdev": 0.19999827444553375, "lowlevel.silence_rate_20dB.mean": 1.0, "lowlevel.silence_rate_20dB.stdev": 0.0, "lowlevel.silence_rate_30dB.mean": 0.881313145160675, "lowlevel.silence_rate_30dB.stdev": 0.3234197497367859, "lowlevel.silence_rate_60dB.mean": 0.24747474491596222, "lowlevel.silence_rate_60dB.stdev": 0.43154484033584595, "lowlevel.spectral_centroid.mean": 1482.9041748046875, "lowlevel.spectral_centroid.stdev": 921.2266235351562, "lowlevel.spectral_complexity.mean": 10.901515007019043, "lowlevel.spectral_complexity.stdev": 8.85904598236084, "lowlevel.spectral_decrease.mean": -1.0792623683641978e-08, "lowlevel.spectral_decrease.stdev": 1.2489039136198699e-08, "lowlevel.spectral_energy.mean": 0.04239779710769653, "lowlevel.spectral_energy.stdev": 0.04791766405105591, "lowlevel.spectral_energyband_high.mean": 0.00066054065246135, "lowlevel.spectral_energyband_high.stdev": 0.0007893924484960735, "lowlevel.spectral_energyband_low.mean": 0.03294573351740837, "lowlevel.spectral_energyband_low.stdev": 0.0451962910592556, "lowlevel.spectral_energyband_middle_high.mean": 0.004389802925288677, "lowlevel.spectral_energyband_middle_high.stdev": 0.006096934899687767, "lowlevel.spectral_energyband_middle_low.mean": 0.005909904837608337, "lowlevel.spectral_energyband_middle_low.stdev": 0.010679317638278008, "lowlevel.spectral_entropy.mean": 7.5384955406188965, "lowlevel.spectral_entropy.stdev": 0.5639889240264893, "lowlevel.spectral_flux.mean": 0.09745417535305023, "lowlevel.spectral_flux.stdev": 0.07910547405481339, "lowlevel.spectral_kurtosis.mean": 4.836081504821777, "lowlevel.spectral_kurtosis.stdev": 4.190492153167725, "lowlevel.spectral_rms.mean": 0.005206413567066193, "lowlevel.spectral_rms.stdev": 0.0037758382968604565, "lowlevel.spectral_rolloff.mean": 1942.6099853515625, "lowlevel.spectral_rolloff.stdev": 2536.637451171875, "lowlevel.spectral_skewness.mean": 1.5849671363830566, "lowlevel.spectral_skewness.stdev": 0.4970402121543884, "lowlevel.spectral_spread.mean": 5295274.5, "lowlevel.spectral_spread.stdev": 2204065.5, "lowlevel.spectral_strongpeak.mean": 1.0544064044952393, "lowlevel.spectral_strongpeak.stdev": 1.5108726024627686, "lowlevel.zerocrossingrate.mean": 0.07343084365129471, "lowlevel.zerocrossingrate.stdev": 0.05805136635899544, "metadata.audio_properties.analysis.equal_loudness": 0.0, "metadata.audio_properties.analysis.length": 9.151995658874512, "metadata.audio_properties.analysis.sample_rate": 44100.0, "metadata.audio_properties.analysis.start_time": 0.0, "metadata.audio_properties.bit_rate": 122527.0, "metadata.audio_properties.length": 9.152000427246094, "metadata.audio_properties.lossless": 0.0, "metadata.audio_properties.number_channels": 1.0, "metadata.audio_properties.replay_gain": -11.256555557250977, "metadata.audio_properties.sample_rate": 48000.0, "rhythm.beats_count": 20.0, "rhythm.beats_loudness.mean": 0.05533602833747864, "rhythm.beats_loudness.stdev": 0.051089562475681305, "rhythm.bpm": 136.2243194580078, "rhythm.bpm_histogram_first_peak_bpm": 136.0, "rhythm.bpm_histogram_first_peak_weight": 0.2777777910232544, "rhythm.bpm_histogram_second_peak_bpm": 148.0, "rhythm.bpm_histogram_second_peak_spread": 0.0, "rhythm.bpm_histogram_second_peak_weight": 0.05263157933950424, "rhythm.danceability": 1.6840760707855225, "rhythm.onset_rate": 6.214646339416504, "tonal.chords_changes_rate": 0.055276382714509964, "tonal.chords_number_rate": 0.01005025114864111, "tonal.chords_strength.mean": 0.5924429297447205, "tonal.chords_strength.stdev": 0.04843442514538765, "tonal.hpcp_crest.mean": 15.442845344543457, "tonal.hpcp_crest.stdev": 8.207231521606445, "tonal.hpcp_entropy.mean": 1.82048761844635, "tonal.hpcp_entropy.stdev": 0.8881354331970215, "tonal.key_edma.strength": 0.5628920793533325, "tonal.key_krumhansl.strength": 0.5772345066070557, "tonal.key_temperley.strength": 0.5938488841056824, "tonal.tuning_diatonic_strength": 0.6740702986717224, "tonal.tuning_equal_tempered_deviation": 0.11019641160964966, "tonal.tuning_frequency": 440.76312255859375, "tonal.tuning_nontempered_energy_ratio": 0.7202099561691284, "lowlevel.barkbands.mean": [0.0002810293808579445, 0.014199577271938324, 0.01701187528669834, 0.0019245028961449862, 0.0010384483030065894, 0.0010984661057591438, 0.0010578092187643051, 0.0002598178689368069, 0.00045327344560064375, 0.0005474502686411142, 0.00024533167015761137, 0.0002714511356316507, 0.0002714969450607896, 0.00035732652759179473, 0.00046955965808592737, 0.0009667419362813234, 0.0004073571471963078, 0.00041280401637777686, 0.0002272012352477759, 0.0003890410880558193, 0.00010921214561676607, 7.902102515799925e-05, 8.99794467841275e-05, 6.32830269751139e-05, 8.730484114494175e-05, 7.642666605534032e-05, 2.0370348465803545e-06], "lowlevel.barkbands.stdev": [0.0005690495017915964, 0.022582311183214188, 0.025672417134046555, 0.005776337813585997, 0.004121317993849516, 0.003236805321648717, 0.0020725971553474665, 0.0008348211413249373, 0.0015305422712117434, 0.0011979640694335103, 0.000552888959646225, 0.0007898780750110745, 0.001054719090461731, 0.001005620346404612, 0.0017418338684365153, 0.0023972527123987675, 0.0007585504790768027, 0.000966324470937252, 0.00040614698082208633, 0.0007975563639774919, 0.00016772639355622232, 0.00011969718616455793, 0.00012361121480353177, 9.759875683812425e-05, 0.00011856855417136103, 0.00010978549107676372, 5.204347871767823e-06], "lowlevel.erbbands.mean": [0.2347978800535202, 3.928126811981201, 19.90291404724121, 11.237679481506348, 4.072850227355957, 3.573336601257324, 4.75059175491333, 10.248124122619629, 15.341219902038574, 10.754648208618164, 7.659030914306641, 9.686087608337402, 14.17789077758789, 14.202909469604492, 7.660899639129639, 11.044349670410156, 13.2821626663208, 16.336164474487305, 18.177946090698242, 48.207252502441406, 32.407371520996094, 26.917009353637695, 25.586669921875, 13.99626636505127, 15.930048942565918, 14.285778999328613, 7.021182060241699, 3.3888697624206543, 2.799741268157959, 2.921497106552124, 2.3595175743103027, 1.2830606698989868, 1.2054799795150757, 1.007846474647522, 0.5909237861633301, 0.3199932277202606, 0.1429433524608612, 0.021793020889163017, 0.00043701427057385445, 6.274642510106787e-05], "lowlevel.erbbands.stdev": [0.48987436294555664, 5.983828067779541, 28.04448890686035, 23.400249481201172, 10.835018157958984, 16.059621810913086, 12.37464714050293, 33.899173736572266, 25.75894546508789, 32.84373092651367, 19.940746307373047, 37.71294021606445, 27.6837158203125, 29.691532135009766, 18.31879425048828, 29.369720458984375, 46.72771072387695, 56.781070709228516, 38.97623062133789, 109.7071304321289, 65.96011352539062, 48.155128479003906, 62.92217254638672, 21.70304298400879, 33.02315139770508, 25.057941436767578, 10.421944618225098, 5.3177080154418945, 4.130306243896484, 4.023805141448975, 3.3796579837799072, 1.827505111694336, 1.9686529636383057, 1.4195826053619385, 0.8197267651557922, 0.4685787856578827, 0.2161266952753067, 0.03622998669743538, 0.0006915078847669065, 6.185162055771798e-05], "lowlevel.gfcc.mean": [-50.49137878417969, 59.95989990234375, -112.76585388183594, 32.670440673828125, -45.77111053466797, 14.971512794494629, -37.33375930786133, 20.8409366607666, -19.705583572387695, 9.13124942779541, -18.018529891967773, 5.608892917633057, -11.23930835723877], "lowlevel.melbands.mean": [0.002894320525228977, 0.00828710850328207, 0.0017983245197683573, 0.00026176823303103447, 0.0001523417013231665, 0.00023674429394304752, 0.00022595682821702212, 9.839271660894156e-05, 6.951847899472341e-05, 5.821885497425683e-05, 7.427906530210748e-05, 6.384929292835295e-05, 2.9008009732933715e-05, 2.1617584934574552e-05, 3.606272366596386e-05, 2.788210622384213e-05, 3.1236751965479925e-05, 2.540505192882847e-05, 4.6649664000142366e-05, 9.258303180104122e-05, 2.2823256585979834e-05, 3.11960066028405e-05, 1.821228397602681e-05, 2.0788731490029022e-05, 1.0362122338847257e-05, 8.460096069029532e-06, 1.581879951118026e-05, 8.53337041917257e-06, 4.864547918259632e-06, 2.688596623556805e-06, 1.7172449133795453e-06, 1.6267896398858284e-06, 1.4232419971449417e-06, 1.733446310936415e-06, 1.4727510233569774e-06, 9.775300213732407e-07, 7.017011398602335e-07, 7.865661473260843e-07, 9.022255085255892e-07, 8.365733492610161e-07], "lowlevel.melbands.stdev": [0.004990826826542616, 0.011360340751707554, 0.003521033562719822, 0.0009994115680456161, 0.00044536966015584767, 0.0007071905420161784, 0.00039536491385661066, 0.0003130999975837767, 0.00019640395476017147, 0.00024078335263766348, 0.00015120761236175895, 0.00013533722085412592, 6.603053043363616e-05, 7.25563004380092e-05, 9.617931937100366e-05, 0.0001188056921819225, 0.0001064354510162957, 5.853141192346811e-05, 0.00017609405040275306, 0.00024344069242943078, 4.771108797285706e-05, 6.116830627433956e-05, 4.995011113351211e-05, 4.5078370021656156e-05, 1.6833071640576236e-05, 1.4125276720733382e-05, 3.877529888995923e-05, 1.5406154489028268e-05, 7.519982318626717e-06, 4.209762664686423e-06, 2.8466329240472987e-06, 2.614247932797298e-06, 2.0440945718291914e-06, 2.401593519607559e-06, 2.2126150724943727e-06, 1.393960133100336e-06, 1.1027101436411613e-06, 1.3530575415643398e-06, 1.3743576801061863e-06, 1.192177251141402e-06], "lowlevel.melbands128.mean": [0.0002546817122492939, 0.001553386333398521, 0.002804080955684185, 0.007596795447170734, 0.011551777832210064, 0.0068596708588302135, 0.002276909537613392, 0.0006631743162870407, 0.00031921613845042884, 0.0003115503641311079, 0.00017812445003073663, 9.946023783413693e-05, 0.00015906243061181158, 0.00019780133152380586, 0.0002140718570444733, 0.000253218604484573, 0.00031535400194115937, 0.00018912552332039922, 0.00017104658763855696, 0.0001269660860998556, 5.610537846223451e-05, 3.2578816899331287e-05, 7.95508676674217e-05, 0.00010177516378462315, 5.691641490557231e-05, 5.027520455769263e-05, 2.934836084023118e-05, 6.20669816271402e-05, 0.0001487644767621532, 5.277045784168877e-05, 4.9593472795095295e-05, 4.5662378397537395e-05, 2.657621917023789e-05, 1.7100508557632565e-05, 2.0161063730483875e-05, 1.6863898053998128e-05, 3.123820715700276e-05, 5.3208575991448015e-05, 2.1236666725599207e-05, 3.075028507737443e-05, 2.3915084966574796e-05, 3.425599788897671e-05, 3.0218907340895385e-05, 2.45883347815834e-05, 4.591696779243648e-05, 1.307898128288798e-05, 1.5362846170319244e-05, 6.827546167187393e-05, 4.654833901440725e-05, 3.787861714954488e-05, 0.00017570228374097496, 4.704620732809417e-05, 1.3240692169347312e-05, 1.87194709724281e-05, 1.9373763279872946e-05, 5.181997039471753e-05, 1.952489765244536e-05, 6.3629909163864795e-06, 2.163604222005233e-05, 3.277640280430205e-05, 2.5961075152736157e-05, 6.527628102048766e-06, 8.178127245628275e-06, 1.1915378308913205e-05, 1.4528336578223389e-05, 4.730640739580849e-06, 4.231235379847931e-06, 2.2537393306265585e-05, 1.93015112017747e-05, 5.164787580724806e-06, 7.316262781387195e-06, 1.3552149539464153e-05, 4.322250333643751e-06, 3.459203298916691e-06, 4.657831595977768e-06, 2.3985478492249968e-06, 2.206288399975165e-06, 1.964894408956752e-06, 1.3404556966634118e-06, 1.8719060790317599e-06, 1.7492345705250045e-06, 1.4808299511059886e-06, 1.4785367739023059e-06, 1.2978302947885823e-06, 1.4917575299477903e-06, 1.6970207070698962e-06, 1.940223000929109e-06, 1.6059603922258248e-06, 1.5907675106063834e-06, 1.1447217502791318e-06, 1.2409275313984836e-06, 8.377921290048107e-07, 7.302593303393223e-07, 7.042460197226319e-07, 6.975213864279795e-07, 6.355858204187825e-07, 8.078577593551017e-07, 1.023776690090017e-06, 8.639464113002759e-07, 8.31669979106664e-07, 9.590003173798323e-07, 8.453121722595824e-07, 6.956123570489581e-07, 7.390497103187954e-07, 6.216114911694604e-07, 6.331119379865413e-07, 6.565414309989137e-07, 6.219320880518353e-07, 5.366641744330991e-07, 5.265695222078648e-07, 4.1702580233504705e-07, 4.4005201971231145e-07, 5.688644364454376e-07, 4.175209369350341e-07, 3.6647540468948137e-07, 2.886402228341467e-07, 8.132520434855905e-08, 4.2814880529817856e-09, 5.619371634679737e-10, 4.7290539539890375e-12, 4.55417040884365e-12, 4.4489412154291585e-12, 4.3039226696461874e-12, 4.1954655895237725e-12, 4.067364934440265e-12, 3.906488414001652e-12, 3.829535646926452e-12, 3.799217017375067e-12], "lowlevel.melbands128.stdev": [0.0005540392594411969, 0.003850454930216074, 0.006324938498437405, 0.012067531235516071, 0.015956342220306396, 0.011206240393221378, 0.005345131270587444, 0.002097456017509103, 0.0009469555807299912, 0.0014503472484648228, 0.000914869480766356, 0.0004351930401753634, 0.0004046412941534072, 0.0005247761146165431, 0.0008547548786737025, 0.0010832732077687979, 0.0005782307707704604, 0.0003506774955894798, 0.0006281341193243861, 0.00048634971608407795, 0.0002609025686979294, 0.00016706515452824533, 0.00022778872516937554, 0.00036789412843063474, 0.00030922002042643726, 0.0003135335573460907, 0.00011420101509429514, 0.00014723216008860618, 0.000360993726644665, 0.00018541447934694588, 0.00016383043839596212, 0.00012909567158203572, 8.429739682469517e-05, 6.09176313446369e-05, 0.00013614560884889215, 6.413863593479618e-05, 0.00011438933142926544, 0.00015025868196971714, 0.00010431215923745185, 0.00019069697009399533, 9.934480476658791e-05, 0.0002761800424195826, 0.00015022292791400105, 8.181529119610786e-05, 0.00015996533329598606, 3.093695704592392e-05, 6.127732922323048e-05, 0.0002971618960145861, 0.00025125182582996786, 0.0001253271329915151, 0.0005259541212581098, 0.00014442911196965724, 4.230482954881154e-05, 7.274880772456527e-05, 6.788202153984457e-05, 0.00011699880997184664, 4.058661943417974e-05, 1.5307730791391805e-05, 0.0001046684046741575, 0.00010931853466900066, 6.673063762718812e-05, 1.2150611837569159e-05, 1.337557660008315e-05, 3.1681483960710466e-05, 3.107895827270113e-05, 8.545129276171792e-06, 1.1068070307374e-05, 6.643297092523426e-05, 5.0685772293945774e-05, 1.397734467900591e-05, 1.6196048818528652e-05, 3.286645369371399e-05, 8.390391485590953e-06, 6.2192802943172865e-06, 9.634315574658103e-06, 3.998356987722218e-06, 4.216251909383573e-06, 4.271342731954064e-06, 2.4789701456029434e-06, 4.381690814625472e-06, 3.2306732009601546e-06, 2.288194082211703e-06, 2.289678604938672e-06, 2.1711257431888953e-06, 2.488214022378088e-06, 2.780684098979691e-06, 2.866730483219726e-06, 2.4486560050718253e-06, 2.8385870791680645e-06, 1.8281493794347625e-06, 2.027517666647327e-06, 1.3111913403918152e-06, 1.2065875125699677e-06, 1.322575030826556e-06, 1.228191990776395e-06, 1.095189873012714e-06, 1.5720102055638563e-06, 2.183907781727612e-06, 1.3971286989544751e-06, 1.2660900665650843e-06, 1.5365317267423961e-06, 1.3110490044709877e-06, 1.055761117640941e-06, 1.2898601653432706e-06, 1.018343596115301e-06, 9.587188287696335e-07, 1.1122613159386674e-06, 1.0551251534707262e-06, 9.044098874255724e-07, 8.92422804099624e-07, 6.871398454677546e-07, 7.385388585134933e-07, 1.0198186828347389e-06, 7.049250143609243e-07, 6.163763828226365e-07, 5.489788463819423e-07, 1.878490962781143e-07, 2.3556470551966413e-08, 1.0397399385908557e-08, 9.26883483159946e-12, 8.988177389868124e-12, 8.777730278741736e-12, 8.425404471323894e-12, 8.16976347683962e-12, 7.924813583137791e-12, 7.71571695423745e-12, 7.638584209601618e-12, 7.594834483537483e-12], "lowlevel.mfcc.mean": [-699.2435302734375, 96.94217681884766, -5.002336502075195, 24.87835693359375, 12.479705810546875, 2.289151668548584, 1.37921142578125, 7.414201736450195, 6.69718074798584, 4.107668399810791, 0.5627171397209167, 0.4775666892528534, 4.912359237670898], "lowlevel.spectral_contrast_coeffs.mean": [-0.684070885181427, -0.7473986148834229, -0.7688674330711365, -0.7799051403999329, -0.7854054570198059, -0.7714009284973145], "lowlevel.spectral_contrast_coeffs.stdev": [0.10397692024707794, 0.09647616744041443, 0.07908153533935547, 0.0842500850558281, 0.06360403448343277, 0.04316313564777374], "lowlevel.spectral_contrast_valleys.mean": [-7.766873359680176, -7.67402458190918, -8.157217025756836, -8.187171936035156, -7.976440906524658, -10.667871475219727], "lowlevel.spectral_contrast_valleys.stdev": [1.5660080909729004, 1.1112315654754639, 1.0628432035446167, 0.9969191551208496, 1.1242018938064575, 1.3630303144454956], "rhythm.beats_loudness_band_ratio.mean": [0.51631760597229, 0.11024481058120728, 0.06873350590467453, 0.07503990828990936, 0.13133087754249573, 0.12032774835824966], "rhythm.beats_loudness_band_ratio.stdev": [0.40002360939979553, 0.17416810989379883, 0.07927512377500534, 0.10190761089324951, 0.17337799072265625, 0.20558643341064453], "tonal.hpcp.mean": [0.08737390488386154, 0.05535084009170532, 0.09075590968132019, 0.12199883162975311, 0.09259118139743805, 0.06787727773189545, 0.06362827867269516, 0.06599501520395279, 0.08883372694253922, 0.07404126971960068, 0.03678171709179878, 0.030241992324590683, 0.028893940150737762, 0.03357914462685585, 0.03416850417852402, 0.036209963262081146, 0.06543522328138351, 0.16959235072135925, 0.1830771565437317, 0.07753884792327881, 0.03287148475646973, 0.0390385165810585, 0.06085965037345886, 0.09714485704898834, 0.12098552286624908, 0.11889147013425827, 0.1016279086470604, 0.09424048662185669, 0.09810296446084976, 0.10138023644685745, 0.11006830632686615, 0.11430995166301727, 0.26862186193466187, 0.418987900018692, 0.30792346596717834, 0.15618161857128143], "tonal.hpcp.stdev": [0.22295062243938446, 0.16029241681098938, 0.20103968679904938, 0.25424885749816895, 0.2148422747850418, 0.17823922634124756, 0.16440819203853607, 0.17304843664169312, 0.20633883774280548, 0.16180601716041565, 0.08267497271299362, 0.07685772329568863, 0.08563267439603806, 0.08518990129232407, 0.0732317715883255, 0.0898328572511673, 0.15917140245437622, 0.28649982810020447, 0.29446619749069214, 0.1480138897895813, 0.09858282655477524, 0.14482079446315765, 0.17665071785449982, 0.21765439212322235, 0.24651679396629333, 0.2297629863023758, 0.20771129429340363, 0.22360216081142426, 0.2344009131193161, 0.21401947736740112, 0.22749146819114685, 0.2280915230512619, 0.30565550923347473, 0.40442517399787903, 0.35185858607292175, 0.284969687461853], "rhythm.beats_position": [0.41795918345451355, 0.847528338432312, 1.2538775205612183, 1.6834466457366943, 2.1246259212493896, 2.554194927215576, 2.9953742027282715, 3.4365532398223877, 3.877732276916504, 4.318911552429199, 4.7600908279418945, 5.201269626617432, 5.642448902130127, 6.083628177642822, 6.524806976318359, 6.965986251831055, 7.40716552734375, 7.848344326019287, 8.30113410949707, 8.753922462463379], "rhythm.bpm_histogram": [0.0, 0.0, 0.0, 0.0, 0.0, 0.0, 0.0, 0.0, 0.0, 0.0, 0.0, 0.0, 0.0, 0.0, 0.0, 0.0, 0.0, 0.0, 0.0, 0.0, 0.0, 0.0, 0.0, 0.0, 0.0, 0.0, 0.0, 0.0, 0.0, 0.0, 0.0, 0.0, 0.0, 0.0, 0.0, 0.0, 0.0, 0.0, 0.0, 0.0, 0.0, 0.0, 0.0, 0.0, 0.0, 0.0, 0.0, 0.0, 0.0, 0.0, 0.0, 0.0, 0.0, 0.0, 0.0, 0.0, 0.0, 0.0, 0.0, 0.0, 0.0, 0.0, 0.0, 0.0, 0.0, 0.0, 0.0, 0.0, 0.0, 0.0, 0.0, 0.0, 0.0, 0.0, 0.0, 0.0, 0.0, 0.0, 0.0, 0.0, 0.0, 0.0, 0.0, 0.0, 0.0, 0.0, 0.0, 0.0, 0.0, 0.0, 0.0, 0.0, 0.0, 0.0, 0.0, 0.0, 0.0, 0.0, 0.0, 0.0, 0.0, 0.0, 0.0, 0.0, 0.0, 0.0, 0.0, 0.0, 0.0, 0.0, 0.0, 0.0, 0.0, 0.0, 0.0, 0.0, 0.0, 0.0, 0.0, 0.0, 0.0, 0.0, 0.0, 0.0, 0.0, 0.0, 0.0, 0.0, 0.0, 0.0, 0.0, 0.0, 0.0, 0.10526315867900848, 0.0, 0.0, 0.6842105388641357, 0.0, 0.0, 0.0, 0.15789473056793213, 0.0, 0.0, 0.0, 0.0, 0.0, 0.0, 0.0, 0.05263157933950424, 0.0, 0.0, 0.0, 0.0, 0.0, 0.0, 0.0, 0.0, 0.0, 0.0, 0.0, 0.0, 0.0, 0.0, 0.0, 0.0, 0.0, 0.0, 0.0, 0.0, 0.0, 0.0, 0.0, 0.0, 0.0, 0.0, 0.0, 0.0, 0.0, 0.0, 0.0, 0.0, 0.0, 0.0, 0.0, 0.0, 0.0, 0.0, 0.0, 0.0, 0.0, 0.0, 0.0, 0.0, 0.0, 0.0, 0.0, 0.0, 0.0, 0.0, 0.0, 0.0, 0.0, 0.0, 0.0, 0.0, 0.0, 0.0, 0.0, 0.0, 0.0, 0.0, 0.0, 0.0, 0.0, 0.0, 0.0, 0.0, 0.0, 0.0, 0.0, 0.0, 0.0, 0.0, 0.0, 0.0, 0.0, 0.0, 0.0, 0.0, 0.0, 0.0, 0.0, 0.0, 0.0, 0.0, 0.0, 0.0, 0.0, 0.0, 0.0, 0.0, 0.0, 0.0, 0.0, 0.0, 0.0, 0.0, 0.0, 0.0, 0.0], "tonal.chords_histogram": [61.30653381347656, 0.0, 0.0, 0.0, 0.0, 0.0, 0.0, 0.0, 0.0, 0.0, 0.0, 0.0, 0.0, 0.0, 0.0, 0.0, 0.0, 38.69346618652344, 0.0, 0.0, 0.0, 0.0, 0.0, 0.0], "tonal.thpcp": [1.0, 0.7349221110343933, 0.37275925278663635, 0.20853562653064728, 0.13210606575012207, 0.216607466340065, 0.29117506742477417, 0.2209877222776413, 0.16200295090675354, 0.15186184644699097, 0.15751054883003235, 0.21201978623867035, 0.17671458423137665, 0.08778706192970276, 0.0721786767244339, 0.06896127760410309, 0.08014347404241562, 0.08155009895563126, 0.08642245829105377, 0.15617449581623077, 0.404766708612442, 0.4369509518146515, 0.1850622594356537, 0.07845449447631836, 0.09317337721586227, 0.1452539563179016, 0.23185600340366364, 0.2887566089630127, 0.2837587296962738, 0.24255570769309998, 0.22492411732673645, 0.2341427206993103, 0.24196459352970123, 0.2627004384994507, 0.2728239893913269, 0.6411207914352417], "lowlevel.gfcc.cov": [[14958.9365234375, -481.6666564941406, 1587.7581787109375, 1134.8214111328125, 578.4673461914062, 532.22998046875, 182.19602966308594, 106.13262176513672, -186.8705291748047, 184.62933349609375, -242.8103485107422, -193.80747985839844, -572.434814453125], [-481.6666564941406, 2612.519287109375, 198.4320068359375, 154.89332580566406, 522.2999267578125, -88.66889190673828, 350.976806640625, -147.84808349609375, 98.2705078125, -405.3040466308594, 64.9144515991211, -226.484130859375, 155.05645751953125], [1587.7581787109375, 198.4320068359375, 2115.955322265625, 845.6204223632812, 557.5674438476562, 818.4864501953125, 433.0171813964844, 67.90034484863281, -149.50653076171875, -21.324813842773438, -253.31307983398438, -114.91432189941406, -348.6519775390625], [1134.8214111328125, 154.89332580566406, 845.6204223632812, 822.82080078125, 388.5473937988281, 343.013916015625, 279.066162109375, 85.53134155273438, -13.710258483886719, -27.6918888092041, -111.25933837890625, -151.90081787109375, -134.65292358398438], [578.4673461914062, 522.2999267578125, 557.5674438476562, 388.5473937988281, 562.2020874023438, 269.0221252441406, 293.6712341308594, 60.15684509277344, 8.333832740783691, -51.28989791870117, -59.58646774291992, -91.46833801269531, -70.7467041015625], [532.22998046875, -88.66889190673828, 818.4864501953125, 343.013916015625, 269.0221252441406, 563.6903686523438, 256.9453125, 83.22259521484375, -61.34820556640625, 44.35737228393555, -92.84431457519531, -66.12553405761719, -188.90216064453125], [182.19602966308594, 350.976806640625, 433.0171813964844, 279.066162109375, 293.6712341308594, 256.9453125, 307.45672607421875, 57.36676788330078, -10.857779502868652, -30.507308959960938, -38.572025299072266, -83.24996185302734, -71.27336120605469], [106.13262176513672, -147.84808349609375, 67.90034484863281, 85.53134155273438, 60.15684509277344, 83.22259521484375, 57.36676788330078, 136.8253936767578, 31.477216720581055, 39.59650421142578, -17.586387634277344, -7.17362117767334, -38.425968170166016], [-186.8705291748047, 98.2705078125, -149.50653076171875, -13.710258483886719, 8.333832740783691, -61.34820556640625, -10.857779502868652, 31.477216720581055, 129.45468139648438, 3.450430393218994, 46.420589447021484, 2.8289568424224854, 47.444278717041016], [184.62933349609375, -405.3040466308594, -21.324813842773438, -27.6918888092041, -51.28989791870117, 44.35737228393555, -30.507308959960938, 39.59650421142578, 3.450430393218994, 154.3806610107422, 11.674077987670898, 31.632144927978516, -40.574073791503906], [-242.8103485107422, 64.9144515991211, -253.31307983398438, -111.25933837890625, -59.58646774291992, -92.84431457519531, -38.572025299072266, -17.586387634277344, 46.420589447021484, 11.674077987670898, 122.87079620361328, 28.90437126159668, 63.18502426147461], [-193.80747985839844, -226.484130859375, -114.91432189941406, -151.90081787109375, -91.46833801269531, -66.12553405761719, -83.24996185302734, -7.17362117767334, 2.8289568424224854, 31.632144927978516, 28.90437126159668, 111.96062469482422, 33.40810775756836], [-572.434814453125, 155.05645751953125, -348.6519775390625, -134.65292358398438, -70.7467041015625, -188.90216064453125, -71.27336120605469, -38.425968170166016, 47.444278717041016, -40.574073791503906, 63.18502426147461, 33.40810775756836, 158.1890869140625]], "lowlevel.gfcc.icov": [[8.781643555266783e-05, -7.313855803658953e-06, -1.270961274713045e-05, -0.00010744848987087607, -8.88033609953709e-05, 8.60470681800507e-05, 0.00014298612950369716, 1.619968497834634e-05, 6.880496221128851e-05, -9.209160634782165e-05, -5.7730045227799565e-05, 9.618348485673778e-06, 0.0003136417071800679], [-7.313855803658953e-06, 0.0015390272019430995, -0.0005863072583451867, 0.0009598691249266267, -0.0009709959849715233, 0.0009666782571002841, -0.0013052624417468905, 0.001041820039972663, -0.0009963398333638906, 0.0024056280963122845, -0.0012339350068941712, 0.002565308241173625, -0.0007581724203191698], [-1.270961274713045e-05, -0.0005863072583451867, 0.002185232937335968, -0.0014776072930544615, 8.625119517091662e-05, -0.002040828811004758, 0.0002821108209900558, 0.0008036179933696985, 0.00044907929259352386, -0.00014355570601765066, 0.0017691117245703936, -0.002784536685794592, 0.0017209945945069194], [-0.00010744848987087607, 0.0009598691249266267, -0.0014776072930544615, 0.003809346817433834, -0.0011669788509607315, 0.0009660225478000939, -0.001147127361036837, -0.0004647731257136911, -0.001020293915644288, 0.001137308543547988, -0.0006042012246325612, 0.004431555513292551, -0.0014387108385562897], [-8.88033609953709e-05, -0.0009709959849715233, 8.625119517091662e-05, -0.0011669788509607315, 0.004831504542380571, -0.0007255710079334676, -0.002286924747750163, -0.0006990327383391559, -0.0003577297320589423, -0.0008998981211334467, 0.0012437626719474792, -0.0018021011492237449, -0.00031841525924392045], [8.60470681800507e-05, 0.0009666782571002841, -0.002040828811004758, 0.0009660225478000939, -0.0007255710079334676, 0.006797504145652056, -0.00319074303843081, -0.0005754188168793917, 4.3551932321861386e-05, -0.0001580952957738191, -0.001510887872427702, 0.0021713373716920614, 0.001994797494262457], [0.00014298612950369716, -0.0013052624417468905, 0.0002821108209900558, -0.001147127361036837, -0.002286924747750163, -0.00319074303843081, 0.010797619819641113, -0.0027159815654158592, 0.001854532165452838, -0.0008475474896840751, -0.0009401149000041187, 0.0008039370295591652, 0.0002464749850332737], [1.619968497834634e-05, 0.001041820039972663, 0.0008036179933696985, -0.0004647731257136911, -0.0006990327383391559, -0.0005754188168793917, -0.0027159815654158592, 0.011946826241910458, -0.004509612452238798, -0.00036937129334546626, 0.0017719576135277748, -0.0006021350855007768, 0.0017687364015728235], [6.880496221128851e-05, -0.0009963398333638906, 0.00044907929259352386, -0.001020293915644288, -0.0003577297320589423, 4.3551932321861386e-05, 0.001854532165452838, -0.004509612452238798, 0.012054640799760818, -0.0018810805631801486, -0.0028329589404165745, -0.00047491973964497447, -0.001887024031020701], [-9.209160634782165e-05, 0.0024056280963122845, -0.00014355570601765066, 0.001137308543547988, -0.0008998981211334467, -0.0001580952957738191, -0.0008475474896840751, -0.00036937129334546626, -0.0018810805631801486, 0.013354023918509483, -0.0034714879002422094, 0.0011874146293848753, 0.0020228095818310976], [-5.7730045227799565e-05, -0.0012339350068941712, 0.0017691117245703936, -0.0006042012246325612, 0.0012437626719474792, -0.001510887872427702, -0.0009401149000041187, 0.0017719576135277748, -0.0028329589404165745, -0.0034714879002422094, 0.014516756869852543, -0.004218842834234238, -0.0018038343405351043], [9.618348485673778e-06, 0.002565308241173625, -0.002784536685794592, 0.004431555513292551, -0.0018021011492237449, 0.0021713373716920614, 0.0008039370295591652, -0.0006021350855007768, -0.00047491973964497447, 0.0011874146293848753, -0.004218842834234238, 0.019892515614628792, -0.0049107554368674755], [0.0003136417071800679, -0.0007581724203191698, 0.0017209945945069194, -0.0014387108385562897, -0.00031841525924392045, 0.001994797494262457, 0.0002464749850332737, 0.0017687364015728235, -0.001887024031020701, 0.0020228095818310976, -0.0018038343405351043, -0.0049107554368674755, 0.01639091782271862]], "lowlevel.mfcc.cov": [[13365.5400390625, -566.6820678710938, 852.8838500976562, 883.7783203125, 481.13165283203125, 393.8819580078125, 387.3819885253906, 106.6638412475586, 13.765158653259277, 241.8238067626953, 20.494335174560547, 60.507381439208984, 282.2260437011719], [-566.6820678710938, 2180.695068359375, -17.227008819580078, 247.31658935546875, 177.12265014648438, 136.26361083984375, 172.70530700683594, 207.5269012451172, 93.96862030029297, -102.45282745361328, -31.96925163269043, -30.988616943359375, -174.64427185058594], [852.8838500976562, -17.227008819580078, 1424.95947265625, 349.25408935546875, 379.09918212890625, 629.5380249023438, 448.0743408203125, 281.1305847167969, 163.33331298828125, 105.5140151977539, 167.03346252441406, 64.836669921875, -59.78519058227539], [883.7783203125, 247.31658935546875, 349.25408935546875, 605.7730102539062, 253.1260223388672, 235.53225708007812, 231.26889038085938, 154.2019500732422, 143.66702270507812, 98.48640441894531, 16.71587562561035, -10.619929313659668, 24.180015563964844], [481.13165283203125, 177.12265014648438, 379.09918212890625, 253.1260223388672, 310.5123291015625, 265.3780212402344, 208.73629760742188, 160.49871826171875, 105.54069519042969, 74.27196502685547, 46.35136795043945, 26.418712615966797, 24.815670013427734], [393.8819580078125, 136.26361083984375, 629.5380249023438, 235.53225708007812, 265.3780212402344, 488.3979187011719, 354.4778137207031, 191.6602020263672, 121.96527862548828, 99.10743713378906, 108.23517608642578, 50.69257354736328, -14.18449592590332], [387.3819885253906, 172.70530700683594, 448.0743408203125, 231.26889038085938, 208.73629760742188, 354.4778137207031, 391.2573547363281, 189.8614501953125, 110.96287536621094, 106.52738952636719, 87.43368530273438, 27.99215316772461, -11.059404373168945], [106.6638412475586, 207.5269012451172, 281.1305847167969, 154.2019500732422, 160.49871826171875, 191.6602020263672, 189.8614501953125, 208.1111602783203, 103.6992416381836, 45.88357925415039, 47.73305130004883, 29.494199752807617, -6.561985969543457], [13.765158653259277, 93.96862030029297, 163.33331298828125, 143.66702270507812, 105.54069519042969, 121.96527862548828, 110.96287536621094, 103.6992416381836, 136.6297149658203, 60.11415100097656, 29.697643280029297, 10.016509056091309, 9.305462837219238], [241.8238067626953, -102.45282745361328, 105.5140151977539, 98.48640441894531, 74.27196502685547, 99.10743713378906, 106.52738952636719, 45.88357925415039, 60.11415100097656, 130.0409393310547, 49.50490188598633, 22.04227066040039, 36.631710052490234], [20.494335174560547, -31.96925163269043, 167.03346252441406, 16.71587562561035, 46.35136795043945, 108.23517608642578, 87.43368530273438, 47.73305130004883, 29.697643280029297, 49.50490188598633, 103.84725952148438, 37.714054107666016, 0.9815376996994019], [60.507381439208984, -30.988616943359375, 64.836669921875, -10.619929313659668, 26.418712615966797, 50.69257354736328, 27.99215316772461, 29.494199752807617, 10.016509056091309, 22.04227066040039, 37.714054107666016, 84.33455657958984, 35.30987548828125], [282.2260437011719, -174.64427185058594, -59.78519058227539, 24.180015563964844, 24.815670013427734, -14.18449592590332, -11.059404373168945, -6.561985969543457, 9.305462837219238, 36.631710052490234, 0.9815376996994019, 35.30987548828125, 116.47206115722656]], "lowlevel.mfcc.icov": [[9.495081758359447e-05, 1.3174365449231118e-05, -6.063419277779758e-05, -0.00013148892321623862, -6.1015911342110485e-05, 5.526310997083783e-05, -6.110309186624363e-05, 4.664638981921598e-05, 0.00023312900157179683, -7.235597149701789e-05, 7.515927427448332e-05, -5.1371712288528215e-06, -0.00019253765640314668], [1.3174365449231118e-05, 0.0007576026837341487, 0.00042325223330408335, -0.00028698169626295567, -0.0005038199597038329, -5.052392589277588e-05, -0.00027184150530956686, -0.00045238094753585756, -0.00021174014545977116, 0.0009374113869853318, 7.483738590963185e-05, -0.00044868505210615695, 0.0012882765149697661], [-6.063419277779758e-05, 0.00042325223330408335, 0.002090656431391835, -0.0003179649938829243, -0.000688826316036284, -0.0020254808478057384, 0.00022327236365526915, -0.0006112841074354947, -0.00013910575944464654, 0.0010024947114288807, -0.0009799569379538298, -0.0003614108427427709, 0.0016212101327255368], [-0.00013148892321623862, -0.00028698169626295567, -0.0003179649938829243, 0.0033427677117288113, -0.001346378936432302, 0.00032385802478529513, -0.0006780639523640275, 0.0002705444348976016, -0.0017043821280822158, -0.0009366283775307238, 0.0011141325812786818, 0.0012301706010475755, -0.0006433033850044012], [-6.1015911342110485e-05, -0.0005038199597038329, -0.000688826316036284, -0.001346378936432302, 0.009363625198602676, -0.003208238398656249, 0.0012655890313908458, -0.0032036700285971165, 9.347411105409265e-05, -0.0012333296472206712, 0.0009456948027946055, 0.001095143728889525, -0.003087274730205536], [5.526310997083783e-05, -5.052392589277588e-05, -0.0020254808478057384, 0.00032385802478529513, -0.003208238398656249, 0.010595777072012424, -0.006001552101224661, 0.0018547739600762725, -0.0012254100292921066, 0.00048684573266655207, -0.0013158462243154645, -0.0022175144404172897, 0.0008201402379199862], [-6.110309186624363e-05, -0.00027184150530956686, 0.00022327236365526915, -0.0006780639523640275, 0.0012655890313908458, -0.006001552101224661, 0.010441332124173641, -0.00460122711956501, 0.0016731524374336004, -0.0037171870935708284, -0.0007810904644429684, 0.0021090966183692217, 0.0001300895237363875], [4.664638981921598e-05, -0.00045238094753585756, -0.0006112841074354947, 0.0002705444348976016, -0.0032036700285971165, 0.0018547739600762725, -0.00460122711956501, 0.01384978648275137, -0.005979487672448158, 0.0024257616605609655, -0.0005199239240027964, -0.0031326930038630962, 0.0007594514172524214], [0.00023312900157179683, -0.00021174014545977116, -0.00013910575944464654, -0.0017043821280822158, 9.347411105409265e-05, -0.0012254100292921066, 0.0016731524374336004, -0.005979487672448158, 0.015642505139112473, -0.00482893968001008, 0.00017839630891103297, 0.001717409584671259, -0.001200274913571775], [-7.235597149701789e-05, 0.0009374113869853318, 0.0010024947114288807, -0.0009366283775307238, -0.0012333296472206712, 0.00048684573266655207, -0.0037171870935708284, 0.0024257616605609655, -0.00482893968001008, 0.015779312700033188, -0.005053495988249779, -0.0004678578698076308, -0.0019968021661043167], [7.515927427448332e-05, 7.483738590963185e-05, -0.0009799569379538298, 0.0011141325812786818, 0.0009456948027946055, -0.0013158462243154645, -0.0007810904644429684, -0.0005199239240027964, 0.00017839630891103297, -0.005053495988249779, 0.01714944653213024, -0.00530767347663641, 0.0017702714540064335], [-5.1371712288528215e-06, -0.00044868505210615695, -0.0003614108427427709, 0.0012301706010475755, 0.001095143728889525, -0.0022175144404172897, 0.0021090966183692217, -0.0031326930038630962, 0.001717409584671259, -0.0004678578698076308, -0.00530767347663641, 0.018836284056305885, -0.007236631587147713], [-0.00019253765640314668, 0.0012882765149697661, 0.0016212101327255368, -0.0006433033850044012, -0.003087274730205536, 0.0008201402379199862, 0.0001300895237363875, 0.0007594514172524214, -0.001200274913571775, -0.0019968021661043167, 0.0017702714540064335, -0.007236631587147713, 0.015665382146835327]], "metadata.audio_properties.analysis.downmix": "mix", "metadata.audio_properties.codec": "mp3", "metadata.audio_properties.md5_encoded": "f9b3bae8268fceda3bee7be977f6abad", "metadata.tags.file_name": "1182273049412775997.mp3", "metadata.version.essentia": "2.1-beta6-dev", "metadata.version.essentia_git_sha": "v2.1_beta5-1110-g77a6a954", "metadata.version.extractor": "music 2.0", "tonal.chords_key": "Ab", "tonal.chords_scale": "major", "tonal.key_edma.key": "Ab", "tonal.key_edma.scale": "major", "tonal.key_krumhansl.key": "Ab", "tonal.key_krumhansl.scale": "major", "tonal.key_temperley.key": "Ab", "tonal.key_temperley.scale": "major", "metadata.tags.encoding": ["Lavf58.45.100"]}, "essentia_models": [{"model_name": "genre_dortmund", "activations": {"alternative": "0.006595649", "blues": "0.07122753", "electronic": "0.010907687", "folkcountry": "0.005113487", "funksoulrnb": "0.21957485", "jazz": "0.20166253", "pop": "0.047561556", "raphiphop": "0.10078752", "rock": "0.011741788"}}, {"model_name": "genre_rosamerica", "activations": {"classic": "0.003385702", "dance": "0.0035804298", "hip hop": "0.12471945", "jazz": "0.082737334", "pop": "0.19956367", "rhythm and blues": "0.4860154", "rock": "0.00941389", "speech": "0.01468958"}}, {"model_name": "genre_tzanetakis", "activations": {"blues": "0.05988929", "classic": "8.927318e-05", "country": "0.00036290113", "disco": "0.035178475", "hip hop": "0.6438797", "jazz": "0.009140707", "metal": "3.6864225e-05", "pop": "0.2226531", "reggae": "0.034932602", "rock": "0.0031154314"}}, {"model_name": "genre_electronic", "activations": {"ambient": "0.049767077", "dnb": "0.30013034", "house": "0.4188108", "techno": "0.65680796", "trance"