{"song_id": "1182270083502972958", "download": "https://cdn.discordapp.com/attachments/1128313332273782784/1182270083502972958/chirp.mp4?ex=658415d1&amp", "lyrics": "\u0423\u0443\u0443\u0443\u0443\u0443 \u041a\u0430\u0436\u0434\u044b\u0439 \u0434\u0435\u043d\u044c, \u043a\u043e\u0433\u0434\u0430 \u044f \u043f\u0440\u043e\u0441\u044b\u043f\u0430\u044e\u0441\u044c \u0440\u044f\u0434\u043e\u043c \u0441 \u0442\u043e\u0431\u043e\u0439,\n\u041f\u043e\u043d\u0438\u043c\u0430\u044e, \u043d\u0430\u0441\u043a\u043e\u043b\u044c\u043a\u043e \u0441\u0447\u0430\u0441\u0442\u043b\u0438\u0432\u0430 \u044f \u0432 \u044d\u0442\u043e\u043c \u043c\u0438\u0440\u0435.\n\u0422\u044b - \u043c\u043e\u0439 \u043a\u0430\u043c\u0435\u043d\u044c \u043e\u043f\u043e\u0440\u044b, \u043c\u043e\u0439 \u043b\u0443\u0447\u0448\u0438\u0439 \u0434\u0440\u0443\u0433,\n\u0421 \u0442\u043e\u0431\u043e\u0439 \u044f \u0432\u0441\u0435\u0433\u0434\u0430 \u0447\u0443\u0432\u0441\u0442\u0432\u0443\u044e \u0441\u0435\u0431\u044f \u043d\u0430 \u0432\u044b\u0441\u043e\u0442\u0435.\u044d\u044d\u044d\u044d\u044d\u044d\u044d\u044d\u044d\u044d\n\n(Chorus)\n\u0410\u0430\u0430\u0430\u0430\u0430\u0430 \u0410\u043b\u0438\u0447\u043a\u0430, \u043c\u043e\u044f \u043b\u044e\u0431\u043e\u0432\u044c,\n\u0422\u044b - \u043c\u043e\u0435 \u0441\u0447\u0430\u0441\u0442\u044c\u0435 \u0435\u0435\u0435, \u043c\u043e\u0439 \u0443\u044e\u0442.\n\u0417\u0430 \u0442\u0432\u043e\u044e \u043d\u0435\u0436\u043d\u043e\u0441\u0442\u044c \u0438 \u043b\u0430\u0441\u043a\u0443,\n\u042f \u0431\u043b\u0430\u0433\u043e\u0434\u0430\u0440\u044e \u043a\u0430\u0436\u0434\u044b\u0439 \u0434\u0435\u043d\u044c.\u044d\u044d\u044d\u044d\u044d\u044d\u044d", "style": ["rock</span><span>, female vocal</span><span>, bas guitar</span><span>, piano"], "essentia_features": {"lowlevel.average_loudness": 0.8080878853797913, "lowlevel.barkbands_crest.mean": 15.201476097106934, "lowlevel.barkbands_crest.stdev": 5.1102118492126465, "lowlevel.barkbands_flatness_db.mean": 0.4522126317024231, "lowlevel.barkbands_flatness_db.stdev": 0.1401069015264511, "lowlevel.barkbands_kurtosis.mean": 26.179018020629883, "lowlevel.barkbands_kurtosis.stdev": 268.1048583984375, "lowlevel.barkbands_skewness.mean": 1.2077927589416504, "lowlevel.barkbands_skewness.stdev": 3.179305076599121, "lowlevel.barkbands_spread.mean": 3.0986125469207764, "lowlevel.barkbands_spread.stdev": 5.101480007171631, "lowlevel.dissonance.mean": 0.29256173968315125, "lowlevel.dissonance.stdev": 0.10624482482671738, "lowlevel.dynamic_complexity": 4.816842079162598, "lowlevel.erbbands_crest.mean": 17.294601440429688, "lowlevel.erbbands_crest.stdev": 5.524088382720947, "lowlevel.erbbands_flatness_db.mean": 0.39043983817100525, "lowlevel.erbbands_flatness_db.stdev": 0.14344723522663116, "lowlevel.erbbands_kurtosis.mean": 14.08150863647461, "lowlevel.erbbands_kurtosis.stdev": 15.436809539794922, "lowlevel.erbbands_skewness.mean": 1.3768407106399536, "lowlevel.erbbands_skewness.stdev": 1.6058549880981445, "lowlevel.erbbands_spread.mean": 9.8762845993042, "lowlevel.erbbands_spread.stdev": 22.43405532836914, "lowlevel.hfc.mean": 6.628218173980713, "lowlevel.hfc.stdev": 6.402972221374512, "lowlevel.loudness_ebu128.integrated": -13.600204467773438, "lowlevel.loudness_ebu128.loudness_range": 8.049259185791016, "lowlevel.loudness_ebu128.momentary.mean": -16.492904663085938, "lowlevel.loudness_ebu128.momentary.stdev": 5.632665157318115, "lowlevel.loudness_ebu128.short_term.mean": -15.48238754272461, "lowlevel.loudness_ebu128.short_term.stdev": 3.9767796993255615, "lowlevel.melbands_crest.mean": 16.699628829956055, "lowlevel.melbands_crest.stdev": 5.084834098815918, "lowlevel.melbands_flatness_db.mean": 0.5543572306632996, "lowlevel.melbands_flatness_db.stdev": 0.1486191302537918, "lowlevel.melbands_kurtosis.mean": 20.58327293395996, "lowlevel.melbands_kurtosis.stdev": 233.04705810546875, "lowlevel.melbands_skewness.mean": 1.0643967390060425, "lowlevel.melbands_skewness.stdev": 2.871772289276123, "lowlevel.melbands_spread.mean": 3.3178563117980957, "lowlevel.melbands_spread.stdev": 4.747128486633301, "lowlevel.pitch_salience.mean": 0.4623149037361145, "lowlevel.pitch_salience.stdev": 0.13827037811279297, "lowlevel.silence_rate_20dB.mean": 1.0, "lowlevel.silence_rate_20dB.stdev": 0.0, "lowlevel.silence_rate_30dB.mean": 0.9826187491416931, "lowlevel.silence_rate_30dB.stdev": 0.1306866705417633, "lowlevel.silence_rate_60dB.mean": 0.1871378868818283, "lowlevel.silence_rate_60dB.stdev": 0.3900229334831238, "lowlevel.spectral_centroid.mean": 356.355224609375, "lowlevel.spectral_centroid.stdev": 306.21142578125, "lowlevel.spectral_complexity.mean": 4.567207336425781, "lowlevel.spectral_complexity.stdev": 1.937870979309082, "lowlevel.spectral_decrease.mean": -6.929334883665206e-09, "lowlevel.spectral_decrease.stdev": 6.97360125201385e-09, "lowlevel.spectral_energy.mean": 0.02675405703485012, "lowlevel.spectral_energy.stdev": 0.02681570313870907, "lowlevel.spectral_energyband_high.mean": 4.5350239815888926e-05, "lowlevel.spectral_energyband_high.stdev": 0.0002180022856919095, "lowlevel.spectral_energyband_low.mean": 0.008345196954905987, "lowlevel.spectral_energyband_low.stdev": 0.016628749668598175, "lowlevel.spectral_energyband_middle_high.mean": 6.777517410228029e-05, "lowlevel.spectral_energyband_middle_high.stdev": 0.00040379329584538937, "lowlevel.spectral_energyband_middle_low.mean": 0.019403519108891487, "lowlevel.spectral_energyband_middle_low.stdev": 0.020733490586280823, "lowlevel.spectral_entropy.mean": 4.9791340827941895, "lowlevel.spectral_entropy.stdev": 1.1512418985366821, "lowlevel.spectral_flux.mean": 0.046721938997507095, "lowlevel.spectral_flux.stdev": 0.048528075218200684, "lowlevel.spectral_kurtosis.mean": 112.4794921875, "lowlevel.spectral_kurtosis.stdev": 113.22891998291016, "lowlevel.spectral_rms.mean": 0.004449745174497366, "lowlevel.spectral_rms.stdev": 0.0025102337822318077, "lowlevel.spectral_rolloff.mean": 367.5111389160156, "lowlevel.spectral_rolloff.stdev": 396.75030517578125, "lowlevel.spectral_skewness.mean": 7.884499549865723, "lowlevel.spectral_skewness.stdev": 4.748106956481934, "lowlevel.spectral_spread.mean": 2683360.5, "lowlevel.spectral_spread.stdev": 2916346.0, "lowlevel.spectral_strongpeak.mean": 0.9739793539047241, "lowlevel.spectral_strongpeak.stdev": 0.7734730839729309, "lowlevel.zerocrossingrate.mean": 0.01836542971432209, "lowlevel.zerocrossingrate.stdev": 0.017445828765630722, "metadata.audio_properties.analysis.equal_loudness": 0.0, "metadata.audio_properties.analysis.length": 40.04265213012695, "metadata.audio_properties.analysis.sample_rate": 44100.0, "metadata.audio_properties.analysis.start_time": 0.0, "metadata.audio_properties.bit_rate": 106520.0, "metadata.audio_properties.length": 40.042667388916016, "metadata.audio_properties.lossless": 0.0, "metadata.audio_properties.number_channels": 1.0, "metadata.audio_properties.replay_gain": -13.900732040405273, "metadata.audio_properties.sample_rate": 48000.0, "rhythm.beats_count": 66.0, "rhythm.beats_loudness.mean": 0.030259035527706146, "rhythm.beats_loudness.stdev": 0.025372909381985664, "rhythm.bpm": 97.67815399169922, "rhythm.bpm_histogram_first_peak_bpm": 98.0, "rhythm.bpm_histogram_first_peak_weight": 0.1875, "rhythm.bpm_histogram_second_peak_bpm": 92.0, "rhythm.bpm_histogram_second_peak_spread": 0.0, "rhythm.bpm_histogram_second_peak_weight": 0.10769230872392654, "rhythm.danceability": 0.951436460018158, "rhythm.onset_rate": 2.67136549949646, "tonal.chords_changes_rate": 0.06018518656492233, "tonal.chords_number_rate": 0.009259259328246117, "tonal.chords_strength.mean": 0.5220270752906799, "tonal.chords_strength.stdev": 0.1343994140625, "tonal.hpcp_crest.mean": 18.272287368774414, "tonal.hpcp_crest.stdev": 8.904648780822754, "tonal.hpcp_entropy.mean": 1.4177480936050415, "tonal.hpcp_entropy.stdev": 0.7632794380187988, "tonal.key_edma.strength": 0.8372731804847717, "tonal.key_krumhansl.strength": 0.8212876319885254, "tonal.key_temperley.strength": 0.7961686849594116, "tonal.tuning_diatonic_strength": 0.6703299283981323, "tonal.tuning_equal_tempered_deviation": 0.10865340381860733, "tonal.tuning_frequency": 439.4919738769531, "tonal.tuning_nontempered_energy_ratio": 0.6728943586349487, "lowlevel.barkbands.mean": [0.00023156637325882912, 0.004573717713356018, 0.002440874697640538, 0.0029211787041276693, 0.00834423117339611, 0.0057347421534359455, 0.0018859326373785734, 0.0004520529182627797, 4.034853191114962e-05, 3.5616467357613146e-05, 7.104762516974006e-06, 5.5563959904247895e-06, 1.8439541236148216e-06, 2.776116389213712e-06, 2.5879025997710414e-06, 4.5096257963450626e-06, 1.1668557817756664e-05, 6.3460406636295374e-06, 4.2486117308726534e-06, 3.137423163934727e-06, 3.2093721529236063e-06, 5.4684351198375225e-06, 1.1055827599193435e-05, 9.825492270465475e-06, 1.0959271094179712e-05, 3.536656095093349e-06, 2.1862918586634805e-08], "lowlevel.barkbands.stdev": [0.0016673487843945622, 0.013084704987704754, 0.005524775944650173, 0.00613565044477582, 0.01455906592309475, 0.007903299294412136, 0.003208091016858816, 0.001385362702421844, 0.00011816104233730584, 0.0001231576461577788, 2.0852639863733202e-05, 2.068843605229631e-05, 1.0198586096521467e-05, 1.5057590644573793e-05, 2.077688077406492e-05, 6.068081711418927e-05, 0.00015432597137987614, 9.115322609432042e-05, 4.309075666242279e-05, 1.8779541278490797e-05, 2.1422672944027e-05, 3.0061171855777502e-05, 5.7415782066527754e-05, 5.411478196037933e-05, 6.0290512919891626e-05, 1.743744360283017e-05, 7.879285135459213e-08], "lowlevel.erbbands.mean": [0.13330303132534027, 1.0495452880859375, 2.188946485519409, 7.188267707824707, 20.22136688232422, 28.700929641723633, 30.399797439575195, 44.273563385009766, 46.90596389770508, 13.733500480651855, 9.030810356140137, 1.4842175245285034, 1.5703235864639282, 0.4290240705013275, 0.2510799169540405, 0.2466115653514862, 0.10611582547426224, 0.14132575690746307, 0.12291163951158524, 0.1554364264011383, 0.3272259533405304, 0.6654988527297974, 0.41718849539756775, 0.24563495814800262, 0.2031426578760147, 0.1523711085319519, 0.13021394610404968, 0.12791721522808075, 0.1872434765100479, 0.2325240820646286, 0.3385082185268402, 0.23737594485282898, 0.158847376704216, 0.12532363831996918, 0.07124533504247665, 0.02612629160284996, 0.0045978301204741, 0.0002779096830636263, 1.9532446458470076e-05, 2.9941420507384464e-05], "lowlevel.erbbands.stdev": [0.3985065817832947, 2.8951234817504883, 5.064982891082764, 13.40896224975586, 40.19272232055664, 66.33142852783203, 48.54264450073242, 65.18238830566406, 90.5177230834961, 34.389347076416016, 33.7518310546875, 4.7487263679504395, 4.683783531188965, 1.3990689516067505, 0.7063520550727844, 0.9422060251235962, 0.525816023349762, 0.7434601783752441, 0.8643726706504822, 1.3925400972366333, 4.320495128631592, 8.872344970703125, 5.726588249206543, 3.30572247505188, 1.7178800106048584, 0.9399115443229675, 0.9120801091194153, 0.7387681007385254, 0.9896010160446167, 1.3104166984558105, 1.8085229396820068, 1.3256481885910034, 0.8748700618743896, 0.6785826683044434, 0.3998933434486389, 0.13889412581920624, 0.022247768938541412, 0.0011533967917785048, 3.1065104849403724e-05, 2.9554186767200008e-05], "lowlevel.gfcc.mean": [-241.53558349609375, 173.84494018554688, -12.269181251525879, 10.055390357971191, -82.97844696044922, -31.063278198242188, -47.13512420654297, -13.111202239990234, -15.333450317382812, -8.736313819885254, -1.7385324239730835, -3.8435416221618652, -5.044418811798096], "lowlevel.melbands.mean": [0.001304090954363346, 0.001258381293155253, 0.0016397295985370874, 0.0017292475095018744, 0.0011583635350689292, 0.0010998769430443645, 0.0006451814551837742, 0.000123136822367087, 6.147664680611342e-05, 5.7383294915780425e-06, 7.542529601778369e-06, 1.6241519915638492e-06, 9.312894349022827e-07, 6.673254802080919e-07, 3.7181396805863187e-07, 2.067578890319055e-07, 2.6585232149045623e-07, 1.9113916494006844e-07, 1.900658759268481e-07, 2.3110625591016287e-07, 4.016325476641214e-07, 6.895393767081259e-07, 5.697860956388467e-07, 2.613801939332916e-07, 1.8761681985779433e-07, 1.6876862218850874e-07, 1.2441199714885443e-07, 9.055789718104279e-08, 7.868343487871243e-08, 7.453120076661435e-08, 7.46368371551398e-08, 1.0014355922294271e-07, 1.1741076377802528e-07, 1.3486554450992116e-07, 1.9359852387879073e-07, 1.861768197386482e-07, 1.336394888085124e-07, 1.0338102640616853e-07, 1.141229830636803e-07, 1.037899721723079e-07], "lowlevel.melbands.stdev": [0.0037490034010261297, 0.0026149009354412556, 0.002753538079559803, 0.0032222585286945105, 0.0019103232771158218, 0.0016247668536379933, 0.0012177572352811694, 0.000336210650857538, 0.00025119760539382696, 1.7027365174726583e-05, 2.3053824406815693e-05, 6.976264103286667e-06, 2.8086428756068926e-06, 2.407422243777546e-06, 1.7143454442702932e-06, 1.2007325267404667e-06, 1.4126376299827825e-06, 1.2726903833026881e-06, 1.6735998542571906e-06, 2.5768888463062467e-06, 5.247611170489108e-06, 9.469706128584221e-06, 7.799574632372241e-06, 4.255227850080701e-06, 2.605063400551444e-06, 1.6501825257364544e-06, 8.082965337052883e-07, 5.661608497575799e-07, 5.617479246211587e-07, 4.892627316621656e-07, 4.269674604984175e-07, 5.331619945536659e-07, 7.118564440133923e-07, 7.54904874611384e-07, 1.0438121762490482e-06, 1.0171895610255888e-06, 7.943006608002179e-07, 6.069802225283638e-07, 6.251829631764849e-07, 5.711557378162979e-07], "lowlevel.melbands128.mean": [9.787693852558732e-05, 0.0008323761285282671, 0.002231239341199398, 0.0014635678380727768, 0.0008657625876367092, 0.00139399035833776, 0.0013405026402324438, 0.0015923171304166317, 0.0023636852856725454, 0.0014659801963716745, 0.0016800895100459456, 0.0014558304101228714, 0.0009545027860440314, 0.000941506412345916, 0.0006124047795310616, 0.0016726432368159294, 0.0014324869262054563, 0.00013603147817775607, 0.00011763197835534811, 0.0001931962469825521, 7.07006620359607e-05, 7.812646799720824e-05, 8.73523677000776e-05, 9.054898328031413e-06, 3.908776761818444e-06, 1.9970236735389335e-06, 1.0059178748633713e-05, 1.0566356650087982e-05, 3.494779775792267e-06, 1.3417641184787499e-06, 1.2759848004861851e-06, 1.2383999319354189e-06, 1.0978942555084359e-06, 5.654275128108566e-07, 4.221515439439827e-07, 8.825188615446677e-07, 8.084398359642364e-07, 2.470843583068927e-07, 1.806734530873655e-07, 2.47563463062761e-07, 1.4969597827985126e-07, 2.4987107849483436e-07, 3.283975331669353e-07, 2.4653851937728177e-07, 1.7333267976482603e-07, 2.0556045399189316e-07, 1.7400921592525265e-07, 1.8011485281022033e-07, 1.890358163336714e-07, 2.2897282292433374e-07, 1.7125417173247115e-07, 3.010866578279092e-07, 4.4126724674242723e-07, 3.695493546729267e-07, 4.922862899547908e-07, 7.813198976691638e-07, 7.966194743858068e-07, 7.091002203196695e-07, 4.7440073558391305e-07, 3.293331474196748e-07, 2.3280064453956584e-07, 2.0413207835190406e-07, 2.696982619454502e-07, 1.2348937161732465e-07, 1.6282957915336738e-07, 2.1187690890656086e-07, 1.50846091173662e-07, 9.742122841771561e-08, 1.2811436533866072e-07, 1.5184012625013565e-07, 8.01049608867288e-08, 6.746896019649284e-08, 7.122787337721093e-08, 8.360533598761322e-08, 8.45711127794857e-08, 7.99524428884979e-08, 6.671328378615726e-08, 6.400046714816199e-08, 7.88516274496942e-08, 7.46265982343175e-08, 1.0370751368782294e-07, 1.0004863781887252e-07, 1.212883233847606e-07, 1.1996210957931908e-07, 1.1466136839999308e-07, 1.1523033549565298e-07, 1.4297548034392094e-07, 1.7324209977687133e-07, 1.821716608674251e-07, 2.2657991394225974e-07, 2.1626104285132897e-07, 1.7900508453294606e-07, 1.2705046970040712e-07, 1.5075414694365463e-07, 1.213775107089532e-07, 9.404765677345495e-08, 9.70225784158174e-08, 1.2367689805614646e-07, 1.0842152420309503e-07, 1.1893305895682715e-07, 1.0199757127793418e-07, 1.0306305142648853e-07, 1.0415588036494228e-07, 9.263336409048861e-08, 7.731539142241672e-08, 6.898793714071871e-08, 7.784598210491822e-08, 5.483060760980152e-08, 4.268727593625954e-08, 3.194683628748862e-08, 2.739542281915419e-08, 1.730281162792835e-08, 1.2429789641998923e-08, 6.895868764900115e-09, 3.5267837539265656e-09, 1.7863713841492768e-09, 8.083169134032175e-10, 1.4119078128871365e-10, 4.3235805560759566e-12, 3.6125291126565262e-12, 3.504232928136508e-12, 3.4037800789726846e-12, 3.3343642517197347e-12, 3.2758047576603166e-12, 3.2149010016635504e-12, 3.138992321280454e-12, 3.0936162919575905e-12, 3.074274992562187e-12], "lowlevel.melbands128.stdev": [0.0005262402119114995, 0.002653928240761161, 0.006501403171569109, 0.004204888828098774, 0.0024698495399206877, 0.002953234128654003, 0.00292481598444283, 0.003424197668209672, 0.005389735102653503, 0.003790175775066018, 0.004784099292010069, 0.0035275316331535578, 0.0020286384969949722, 0.0019228908931836486, 0.0011153460945934057, 0.0033463716972619295, 0.0029691217932850122, 0.0002797952329274267, 0.0003328271268401295, 0.0006353642675094306, 0.00024210830451920629, 0.0003467790374998003, 0.0004010597476735711, 3.80761302949395e-05, 2.6581383281154558e-05, 6.949895123398164e-06, 2.898785714933183e-05, 3.580027259886265e-05, 2.7730473448173143e-05, 8.558017725590616e-06, 3.1279407721740426e-06, 5.034717560192803e-06, 4.1002504076459445e-06, 1.8101230807587854e-06, 1.6592729252806748e-06, 4.1951607272494584e-06, 3.331686684759916e-06, 1.778457317413995e-06, 1.0403293799754465e-06, 1.3589599348051706e-06, 1.4379498907146626e-06, 1.4536285561916884e-06, 1.8615893395690364e-06, 1.5011687537480611e-06, 1.1059114513045643e-06, 1.5352076161434525e-06, 1.3813286159347626e-06, 2.0872632831014926e-06, 1.757994141371455e-06, 2.0173818029434187e-06, 1.842859887801751e-06, 4.048746632179245e-06, 7.3541473284421954e-06, 4.269368673703866e-06, 7.090458439051872e-06, 1.2193548172945157e-05, 1.067316497938009e-05, 1.2026347576465923e-05, 6.960435257497011e-06, 5.2603786571125966e-06, 4.518887635640567e-06, 3.3735307169990847e-06, 4.564845767163206e-06, 1.5852594970056089e-06, 2.014669234995381e-06, 2.176657744712429e-06, 1.4434750710279332e-06, 7.077426289470168e-07, 8.76087995038688e-07, 1.0909568572969874e-06, 6.220978434612334e-07, 3.9827659747970756e-07, 4.136439031299233e-07, 7.579118914691207e-07, 6.628238793382479e-07, 5.911051061957551e-07, 3.914869637355878e-07, 4.558327475479018e-07, 4.79072241432732e-07, 4.1389589000573324e-07, 6.192757382450509e-07, 5.86360954457632e-07, 7.406026725220727e-07, 7.627303943991137e-07, 8.481725330966583e-07, 6.604647637686867e-07, 8.002626827874337e-07, 1.0582698450889438e-06, 1.0086166639666772e-06, 1.355998165308847e-06, 1.2348976952125668e-06, 9.80198251454567e-07, 7.149371299419727e-07, 9.653247161622858e-07, 7.992350106178492e-07, 6.618586780859914e-07, 6.02253521719831e-07, 7.020263410595362e-07, 6.362232625178876e-07, 6.855002538941335e-07, 5.793085620098282e-07, 5.709124479835737e-07, 6.67048539071402e-07, 5.820907631459704e-07, 4.723172821741173e-07, 4.1778159243222035e-07, 4.781996949532186e-07, 2.9845784865756286e-07, 2.2847707725759392e-07, 1.8204357843387697e-07, 1.5642103790014517e-07, 8.729038825094904e-08, 6.704141242153128e-08, 3.6297969074894354e-08, 2.6385260198935612e-08, 7.607130925180172e-09, 2.9612312602012025e-09, 5.8893429022433e-10, 2.4615203972344624e-11, 7.0030643610496934e-12, 6.618218126308584e-12, 6.415807555365527e-12, 6.28690025386569e-12, 6.180370451525086e-12, 6.091113724515651e-12, 6.018463505341742e-12, 5.966197588053168e-12, 5.9340787492145886e-12], "lowlevel.mfcc.mean": [-917.0587768554688, 203.03453063964844, 100.6080551147461, 32.2274055480957, -1.670089602470398, -20.353435516357422, -21.43906021118164, -16.54913330078125, -19.318803787231445, -12.972123146057129, -13.129539489746094, -1.4281831979751587, 2.9572465419769287], "lowlevel.spectral_contrast_coeffs.mean": [-0.6024640202522278, -0.583520770072937, -0.7910400032997131, -0.8707441687583923, -0.8630182147026062, -0.8434404134750366], "lowlevel.spectral_contrast_coeffs.stdev": [0.12414237856864929, 0.10006281733512878, 0.06485270708799362, 0.04080759733915329, 0.04641011729836464, 0.04385894536972046], "lowlevel.spectral_contrast_valleys.mean": [-7.5007853507995605, -8.359722137451172, -10.173171043395996, -11.163542747497559, -11.042144775390625, -13.03278923034668], "lowlevel.spectral_contrast_valleys.stdev": [1.4739388227462769, 1.1440266370773315, 1.2442981004714966, 1.3499561548233032, 1.2795966863632202, 1.8379707336425781], "rhythm.beats_loudness_band_ratio.mean": [0.3377552032470703, 0.5956394672393799, 0.22505858540534973, 0.005612329579889774, 0.0052789561450481415, 0.0022251715417951345], "rhythm.beats_loudness_band_ratio.stdev": [0.29119786620140076, 0.2904279828071594, 0.20118682086467743, 0.012562960386276245, 0.01585160195827484, 0.004269830882549286], "tonal.hpcp.mean": [0.025177540257573128, 0.07036175578832626, 0.08989834785461426, 0.050023503601551056, 0.045024603605270386, 0.13081365823745728, 0.19842451810836792, 0.12480980157852173, 0.1455826610326767, 0.18856827914714813, 0.07988614588975906, 0.047304730862379074, 0.05402173846960068, 0.022887669503688812, 0.0563010647892952, 0.10882560163736343, 0.13201181590557098, 0.11222750693559647, 0.050195250660181046, 0.032876480370759964, 0.09527894109487534, 0.15896576642990112, 0.10043841600418091, 0.05688212811946869, 0.04452086240053177, 0.009970669634640217, 0.0247140321880579, 0.0466386042535305, 0.09012378752231598, 0.2603747546672821, 0.3990006744861603, 0.20605510473251343, 0.011116672307252884, 0.008702470920979977, 0.010706211440265179, 0.016135070472955704], "tonal.hpcp.stdev": [0.1226818636059761, 0.18835163116455078, 0.24599570035934448, 0.14225561916828156, 0.16152513027191162, 0.24900494515895844, 0.33525076508522034, 0.22084258496761322, 0.2575264573097229, 0.3201839029788971, 0.1441725492477417, 0.18022401630878448, 0.20772802829742432, 0.09583157300949097, 0.1388990581035614, 0.24675244092941284, 0.2481296807527542, 0.28227177262306213, 0.15372292697429657, 0.1253689080476761, 0.20131166279315948, 0.3240636885166168, 0.19858746230602264, 0.1994132548570633, 0.1623794436454773, 0.07426344603300095, 0.11576440185308456, 0.1634042114019394, 0.21494367718696594, 0.28920674324035645, 0.408480167388916, 0.2540949285030365, 0.0684128925204277, 0.06019039452075958, 0.0762888640165329, 0.10105567425489426], "rhythm.beats_position": [0.4643990993499756, 0.9287981986999512, 1.3931972980499268, 1.8575963973999023, 2.321995496749878, 2.798004388809204, 3.2740135192871094, 3.738412618637085, 4.2028117179870605, 4.748480796813965, 5.294149398803711, 5.944308280944824, 6.548027038574219, 7.163355827331543, 7.778684616088867, 8.394013404846191, 9.009342193603516, 9.61306095123291, 10.216779708862305, 10.832108497619629, 11.447437286376953, 12.051156044006348, 12.654874801635742, 13.270203590393066, 13.873922348022461, 14.489251136779785, 15.116189956665039, 15.731518745422363, 16.358457565307617, 16.973787307739258, 17.589115142822266, 18.216054916381836, 18.831382751464844, 19.458322525024414, 20.08526039123535, 20.73541831970215, 21.385578155517578, 22.035736083984375, 22.685895919799805, 23.3360538482666, 23.9862117767334, 24.61315155029297, 25.228479385375977, 25.843809127807617, 26.470746994018555, 27.086076736450195, 27.701404571533203, 28.305124282836914, 28.908842086791992, 29.512561798095703, 30.127891540527344, 30.74321937561035, 31.37015724182129, 31.973876953125, 32.57759475708008, 33.19292449951172, 33.80825424194336, 34.41197204589844, 35.02730178833008, 35.64263153076172, 36.257957458496094, 36.873287200927734, 37.488616943359375, 38.103946685791016, 38.73088455200195, 39.33460235595703], "rhythm.bpm_histogram": [0.0, 0.0, 0.0, 0.0, 0.0, 0.0, 0.0, 0.0, 0.0, 0.0, 0.0, 0.0, 0.0, 0.0, 0.0, 0.0, 0.0, 0.0, 0.0, 0.0, 0.0, 0.0, 0.0, 0.0, 0.0, 0.0, 0.0, 0.0, 0.0, 0.0, 0.0, 0.0, 0.0, 0.0, 0.0, 0.0, 0.0, 0.0, 0.0, 0.0, 0.0, 0.0, 0.0, 0.0, 0.0, 0.0, 0.0, 0.0, 0.0, 0.0, 0.0, 0.0, 0.0, 0.0, 0.0, 0.0, 0.0, 0.0, 0.0, 0.0, 0.0, 0.0, 0.0, 0.0, 0.0, 0.0, 0.0, 0.0, 0.0, 0.0, 0.0, 0.0, 0.0, 0.0, 0.0, 0.0, 0.0, 0.0, 0.0, 0.0, 0.0, 0.0, 0.0, 0.0, 0.0, 0.0, 0.0, 0.0, 0.0, 0.0, 0.0, 0.0, 0.10769230872392654, 0.0, 0.0, 0.0, 0.13846154510974884, 0.0, 0.4000000059604645, 0.20000000298023224, 0.0, 0.0, 0.0, 0.0, 0.0, 0.0, 0.0, 0.0, 0.0, 0.0, 0.03076923079788685, 0.0, 0.0, 0.0, 0.0, 0.0, 0.0, 0.0, 0.0, 0.0, 0.0, 0.0, 0.0, 0.0, 0.0, 0.0, 0.03076923079788685, 0.0, 0.0, 0.0923076942563057, 0.0, 0.0, 0.0, 0.0, 0.0, 0.0, 0.0, 0.0, 0.0, 0.0, 0.0, 0.0, 0.0, 0.0, 0.0, 0.0, 0.0, 0.0, 0.0, 0.0, 0.0, 0.0, 0.0, 0.0, 0.0, 0.0, 0.0, 0.0, 0.0, 0.0, 0.0, 0.0, 0.0, 0.0, 0.0, 0.0, 0.0, 0.0, 0.0, 0.0, 0.0, 0.0, 0.0, 0.0, 0.0, 0.0, 0.0, 0.0, 0.0, 0.0, 0.0, 0.0, 0.0, 0.0, 0.0, 0.0, 0.0, 0.0, 0.0, 0.0, 0.0, 0.0, 0.0, 0.0, 0.0, 0.0, 0.0, 0.0, 0.0, 0.0, 0.0, 0.0, 0.0, 0.0, 0.0, 0.0, 0.0, 0.0, 0.0, 0.0, 0.0, 0.0, 0.0, 0.0, 0.0, 0.0, 0.0, 0.0, 0.0, 0.0, 0.0, 0.0, 0.0, 0.0, 0.0, 0.0, 0.0, 0.0, 0.0, 0.0, 0.0, 0.0, 0.0, 0.0, 0.0, 0.0, 0.0, 0.0, 0.0, 0.0, 0.0, 0.0, 0.0, 0.0, 0.0, 0.0, 0.0, 0.0, 0.0, 0.0], "tonal.chords_histogram": [29.51388931274414, 2.777777671813965, 39.35185241699219, 5.092592716217041, 12.615740776062012, 0.11574073880910873, 0.0, 0.0, 0.0, 0.0, 1.9675925970077515, 0.0, 0.11574073880910873, 0.0, 0.0, 0.23148147761821747, 0.3472222089767456, 0.0, 0.0, 4.513888835906982, 0.0, 0.0, 0.46296295523643494, 2.8935184478759766], "tonal.thpcp": [1.0, 0.5164279341697693, 0.02786128781735897, 0.02181066758930683, 0.026832565665245056, 0.0404387041926384, 0.06310150027275085, 0.17634496092796326, 0.22530876100063324, 0.12537197768688202, 0.11284342408180237, 0.3278532326221466, 0.49730372428894043, 0.31280598044395447, 0.3648681938648224, 0.47260141372680664, 0.20021556317806244, 0.11855801939964294, 0.13539260625839233, 0.05736248195171356, 0.14110518991947174, 0.27274540066719055, 0.3308561146259308, 0.28127145767211914, 0.1258024275302887, 0.08239705115556717, 0.23879393935203552, 0.39840975403785706, 0.2517249286174774, 0.14256148040294647, 0.11158092319965363, 0.02498910389840603, 0.061939824372529984, 0.11688853800296783, 0.22587376832962036, 0.6525672078132629], "lowlevel.gfcc.cov": [[15857.828125, -3664.634033203125, -217.1470184326172, 1996.1632080078125, 762.4942016601562, 3628.72607421875, -464.8283996582031, 2429.418212890625, -146.77957153320312, 1271.7911376953125, -672.3263549804688, 380.6553955078125, 299.0249938964844], [-3664.634033203125, 2695.713134765625, 379.3619079589844, -818.8036499023438, -37.869163513183594, -1408.014404296875, 87.8009033203125, -1051.51953125, 27.480323791503906, -639.6316528320312, 347.0199890136719, -378.7857666015625, -135.3781280517578], [-217.1470184326172, 379.3619079589844, 1013.7779541015625, 380.3439636230469, 28.742937088012695, -64.10074615478516, -148.1830291748047, -128.8543701171875, 10.340768814086914, -110.2250747680664, 12.310667037963867, -151.44786071777344, -9.18479061126709], [1996.1632080078125, -818.8036499023438, 380.3439636230469, 1311.568359375, 358.50390625, 679.246826171875, -133.1783447265625, 401.4719543457031, 53.06731414794922, 164.63333129882812, -146.35015869140625, -27.518903732299805, 56.01884460449219], [762.4942016601562, -37.869163513183594, 28.742937088012695, 358.50390625, 383.11187744140625, 303.2374572753906, -25.91916275024414, 128.0900421142578, 0.9274819493293762, 50.67390441894531, -18.033761978149414, -16.82886505126953, 48.259239196777344], [3628.72607421875, -1408.014404296875, -64.10074615478516, 679.246826171875, 303.2374572753906, 1369.8123779296875, 2.477177381515503, 846.0987548828125, -2.7223594188690186, 431.80474853515625, -229.43121337890625, 161.34829711914062, 96.62383270263672], [-464.8283996582031, 87.8009033203125, -148.1830291748047, -133.1783447265625, -25.91916275024414, 2.477177381515503, 223.1125030517578, 29.682418823242188, 35.861244201660156, 21.331043243408203, 36.84476089477539, 41.86503982543945, -29.179622650146484], [2429.418212890625, -1051.51953125, -128.8543701171875, 401.4719543457031, 128.0900421142578, 846.0987548828125, 29.682418823242188, 724.8165283203125, 94.18827819824219, 349.0241394042969, -175.0085906982422, 146.0507354736328, 44.70536804199219], [-146.77957153320312, 27.480323791503906, 10.340768814086914, 53.06731414794922, 0.9274819493293762, -2.7223594188690186, 35.861244201660156, 94.18827819824219, 147.37527465820312, 51.15773391723633, -9.438323020935059, -13.088556289672852, -29.628923416137695], [1271.7911376953125, -639.6316528320312, -110.2250747680664, 164.63333129882812, 50.67390441894531, 431.80474853515625, 21.331043243408203, 349.0241394042969, 51.15773391723633, 282.39324951171875, -62.66524887084961, 109.45796203613281, 15.051324844360352], [-672.3263549804688, 347.0199890136719, 12.310667037963867, -146.35015869140625, -18.033761978149414, -229.43121337890625, 36.84476089477539, -175.0085906982422, -9.438323020935059, -62.66524887084961, 128.67071533203125, -1.3891834020614624, -8.400598526000977], [380.6553955078125, -378.7857666015625, -151.44786071777344, -27.518903732299805, -16.82886505126953, 161.34829711914062, 41.86503982543945, 146.0507354736328, -13.088556289672852, 109.45796203613281, -1.3891834020614624, 188.17333984375, 55.69221115112305], [299.0249938964844, -135.3781280517578, -9.18479061126709, 56.01884460449219, 48.259239196777344, 96.62383270263672, -29.179622650146484, 44.70536804199219, -29.628923416137695, 15.051324844360352, -8.400598526000977, 55.69221115112305, 120.02259826660156]], "lowlevel.gfcc.icov": [[0.00036686830571852624, -0.0008452633628621697, 0.0003725500137079507, -0.0005093735526315868, 0.0007164668058976531, -0.0006273603066802025, 0.0011210287921130657, -0.00099900271743536, 0.001435833633877337, -0.0012134837452322245, 0.00038948137080296874, -0.00025597200146876276, -8.688861998962238e-05], [-0.0008452633628621697, 0.005295010283589363, -0.0018931758822873235, 0.0029285228811204433, -0.004271167330443859, 0.0021582674235105515, -0.0038660173304378986, 0.0030353607144206762, -0.0056844959035515785, 0.006140735000371933, -0.004060992505401373, 0.003419664688408375, 0.00043162540532648563], [0.0003725500137079507, -0.0018931758822873235, 0.002183072967454791, -0.0015961313620209694, 0.0021313710603863, -0.001298219314776361, 0.0022521289065480232, -0.0008522719726897776, 0.0016503545921295881, -0.0017368075205013156, 0.0004615341895259917, -0.0003683583054225892, -0.0002699705073609948], [-0.0005093735526315868, 0.0029285228811204433, -0.0015961313620209694, 0.003213463816791773, -0.003384300973266363, 0.0008101010462269187, -0.0017516283551231027, 0.001671898877248168, -0.003797107608988881, 0.003491486655548215, -0.0015461569419130683, 0.0018147556111216545, 0.0002847847354132682], [0.0007164668058976531, -0.004271167330443859, 0.0021313710603863, -0.003384300973266363, 0.008066104725003242, -0.0034485047217458487, 0.003439708612859249, -0.0017256162827834487, 0.003821197198703885, -0.004287783056497574, 0.0009263124084100127, -0.0013053723378106952, -0.0016964346868917346], [-0.0006273603066802025, 0.0021582674235105515, -0.001298219314776361, 0.0008101010462269187, -0.0034485047217458487, 0.006428554654121399, -0.003374449210241437, -0.00288329366594553, 0.001498243771493435, 0.0004373185511212796, 0.0002780481881927699, 0.0018694058526307344, -0.0005481339758262038], [0.0011210287921130657, -0.0038660173304378986, 0.0022521289065480232, -0.0017516283551231027, 0.003439708612859249, -0.003374449210241437, 0.010401970706880093, -0.0033615559805184603, 0.0030559669248759747, -0.003460674313828349, -0.00039983121678233147, -0.003254879266023636, 0.0016215676441788673], [-0.00099900271743536, 0.0030353607144206762, -0.0008522719726897776, 0.001671898877248168, -0.0017256162827834487, -0.00288329366594553, -0.0033615559805184603, 0.01318125706166029, -0.010159950703382492, 0.0014589420752599835, 0.00205912534147501, -0.0011112833162769675, 0.0003238778735976666], [0.001435833633877337, -0.0056844959035515785, 0.0016503545921295881, -0.003797107608988881, 0.003821197198703885, 0.001498243771493435, 0.0030559669248759747, -0.010159950703382492, 0.019967636093497276, -0.00990582350641489, 0.0035212156362831593, -0.00019436056027188897, 0.00020232373208273202], [-0.0012134837452322245, 0.006140735000371933, -0.0017368075205013156, 0.003491486655548215, -0.004287783056497574, 0.0004373185511212796, -0.003460674313828349, 0.0014589420752599835, -0.00990582350641489, 0.018694978207349777, -0.00705109816044569, 0.00038993946509435773, 0.002710113301873207], [0.00038948137080296874, -0.004060992505401373, 0.0004615341895259917, -0.0015461569419130683, 0.0009263124084100127, 0.0002780481881927699, -0.00039983121678233147, 0.00205912534147501, 0.0035212156362831593, -0.00705109816044569, 0.019229883328080177, -0.005865270271897316, -0.00043342425487935543], [-0.00025597200146876276, 0.003419664688408375, -0.0003683583054225892, 0.0018147556111216545, -0.0013053723378106952, 0.0018694058526307344, -0.003254879266023636, -0.0011112833162769675, -0.00019436056027188897, 0.00038993946509435773, -0.005865270271897316, 0.013618952594697475, -0.004564572125673294], [-8.688861998962238e-05, 0.00043162540532648563, -0.0002699705073609948, 0.0002847847354132682, -0.0016964346868917346, -0.0005481339758262038, 0.0016215676441788673, 0.0003238778735976666, 0.00020232373208273202, 0.002710113301873207, -0.00043342425487935543, -0.004564572125673294, 0.01207626424729824]], "lowlevel.mfcc.cov": [[14102.2021484375, -2906.16259765625, -757.7703857421875, -30.941864013671875, 1397.7027587890625, 1543.1990966796875, 1004.5220336914062, 1415.1611328125, 1533.13330078125, 1483.5162353515625, 637.9208984375, 439.15142822265625, 557.5718994140625], [-2906.16259765625, 2424.30517578125, 125.07896423339844, -149.49899291992188, -357.14691162109375, -490.7275390625, -269.8441162109375, -444.428955078125, -631.8753051757812, -507.6650695800781, -209.21929931640625, -179.6769256591797, -146.96005249023438], [-757.7703857421875, 125.07896423339844, 979.5244140625, 351.487548828125, 121.44507598876953, -13.916227340698242, -98.30641174316406, -99.86471557617188, -99.60411071777344, -39.79491424560547, -53.53330993652344, -98.71676635742188, -6.18878698348999], [-30.941864013671875, -149.49899291992188, 351.487548828125, 628.8416748046875, 339.64654541015625, 102.53595733642578, -16.668373107910156, -40.932010650634766, -35.01890563964844, 8.128578186035156, -34.83052444458008, -85.09634399414062, -17.13450050354004], [1397.7027587890625, -357.14691162109375, 121.44507598876953, 339.64654541015625, 570.1029663085938, 320.24407958984375, 130.11573791503906, 170.0009307861328, 182.7871856689453, 204.52186584472656, 51.8887939453125, -14.80947208404541, 51.86713409423828], [1543.1990966796875, -490.7275390625, -13.916227340698242, 102.53595733642578, 320.24407958984375, 401.1112365722656, 243.123046875, 213.76173400878906, 223.3561553955078, 197.63099670410156, 71.54979705810547, 33.557430267333984, 62.52305603027344], [1004.5220336914062, -269.8441162109375, -98.30641174316406, -16.668373107910156, 130.11573791503906, 243.123046875, 264.7677307128906, 195.90499877929688, 152.50596618652344, 123.75540924072266, 59.50093460083008, 40.52244567871094, 55.45832824707031], [1415.1611328125, -444.428955078125, -99.86471557617188, -40.932010650634766, 170.0009307861328, 213.76173400878906, 195.90499877929688, 313.3811340332031, 274.595947265625, 212.25784301757812, 112.79947662353516, 79.28535461425781, 89.6211929321289], [1533.13330078125, -631.8753051757812, -99.60411071777344, -35.01890563964844, 182.7871856689453, 223.3561553955078, 152.50596618652344, 274.595947265625, 393.82061767578125, 302.6042785644531, 144.84243774414062, 111.01375579833984, 96.76716613769531], [1483.5162353515625, -507.6650695800781, -39.79491424560547, 8.128578186035156, 204.52186584472656, 197.63099670410156, 123.75540924072266, 212.25784301757812, 302.6042785644531, 325.15679931640625, 165.9476318359375, 88.92717742919922, 90.39210510253906], [637.9208984375, -209.21929931640625, -53.53330993652344, -34.83052444458008, 51.8887939453125, 71.54979705810547, 59.50093460083008, 112.79947662353516, 144.84243774414062, 165.9476318359375, 191.59967041015625, 103.13428497314453, 70.5707778930664], [439.15142822265625, -179.6769256591797, -98.71676635742188, -85.09634399414062, -14.80947208404541, 33.557430267333984, 40.52244567871094, 79.28535461425781, 111.01375579833984, 88.92717742919922, 103.13428497314453, 147.76109313964844, 76.97335052490234], [557.5718994140625, -146.96005249023438, -6.18878698348999, -17.13450050354004, 51.86713409423828, 62.52305603027344, 55.45832824707031, 89.6211929321289, 96.76716613769531, 90.39210510253906, 70.5707778930664, 76.97335052490234, 114.99835205078125]], "lowlevel.mfcc.icov": [[0.00021040592400822788, 2.2413869373849593e-05, 0.00012759355013258755, 5.8962130424333736e-05, -7.044437370495871e-05, -0.00044371941476128995, 0.00021516805281862617, -0.0004441125493030995, 0.00028781831497326493, -0.0007019637851044536, 0.00026524337590672076, -3.2811298297019675e-05, -0.00029173711664043367], [2.2413869373849593e-05, 0.0008536709356121719, -9.463451715419069e-05, 0.0005361823132261634, -0.0006513549014925957, 0.0009022530284710228, -0.0005738271865993738, 0.00029680810985155404, 0.0008348270785063505, 0.0004675756790675223, -0.00042786909034475684, 0.00043568306136876345, -0.00019334811076987535], [0.00012759355013258755, -9.463451715419069e-05, 0.0015170460101217031, -0.0008293077116832137, 0.00040901420288719237, -0.0008061258704401553, 0.0009532682597637177, -0.0003948336816392839, 0.00043222791282460093, -0.0008431258029304445, 0.0002446209255140275, 0.0007747090421617031, -0.0010493532754480839], [5.8962130424333736e-05, 0.0005361823132261634, -0.0008293077116832137, 0.0037977597676217556, -0.003078966401517391, 0.0010876235319301486, -0.0007670818013139069, 0.0013331335503607988, 0.00013696972746402025, 0.001120782340876758, -0.0007845120271667838, 0.0008309492259286344, -2.2084053853177465e-05], [-7.044437370495871e-05, -0.0006513549014925957, 0.00040901420288719237, -0.003078966401517391, 0.006868333090096712, -0.005201444029808044, 0.0033414990175515413, -0.002506079152226448, 0.0011512915370985866, -0.003100830363109708, 0.001299474504776299, 0.0006230062572285533, -0.0006016934057697654], [-0.00044371941476128995, 0.0009022530284710228, -0.0008061258704401553, 0.0010876235319301486, -0.005201444029808044, 0.013414193876087666, -0.009660109877586365, 0.003610932268202305, -0.0027454157825559378, 0.002314856043085456, -0.0007817003643140197, 0.00029216744587756693, 0.00109523453284055], [0.00021516805281862617, -0.0005738271865993738, 0.0009532682597637177, -0.0007670818013139069, 0.0033414990175515413, -0.009660109877586365, 0.014439343474805355, -0.007531029637902975, 0.0033145619090646505, -0.0017702530603855848, 0.0008659828454256058, 3.1888535886537284e-05, -0.0011392610613256693], [-0.0004441125493030995, 0.00029680810985155404, -0.0003948336816392839, 0.0013331335503607988, -0.002506079152226448, 0.003610932268202305, -0.007531029637902975, 0.014768943190574646, -0.008251005783677101, 0.004079979844391346, -0.0027008061297237873, 0.001841468969359994, -0.0018401161069050431], [0.00028781831497326493, 0.0008348270785063505, 0.00043222791282460093, 0.00013696972746402025, 0.0011512915370985866, -0.0027454157825559378, 0.0033145619090646505, -0.008251005783677101, 0.01683858409523964, -0.011669154278934002, 0.003846568986773491, -0.003947823774069548, 0.0008053205674514174], [-0.0007019637851044536, 0.0004675756790675223, -0.0008431258029304445, 0.001120782340876758, -0.003100830363109708, 0.002314856043085456, -0.0017702530603855848, 0.004079979844391346, -0.011669154278934002, 0.020439574494957924, -0.009703469462692738, 0.003959452733397484, -0.0010057337349280715], [0.00026524337590672076, -0.00042786909034475684, 0.0002446209255140275, -0.0007845120271667838, 0.001299474504776299, -0.0007817003643140197, 0.0