{"song_id": "1182256645393350707", "download": "https://cdn.discordapp.com/attachments/1135903449314238464/1182256645393350707/chirp.mp4?ex=6584094d&amp", "lyrics": "\u0418\u0432\u0430\u043d \u0418\u0432\u0430\u043d\u043e\u0432\u0438\u0447 \u0421\u0435\u043c\u0430\u043a \n\u0435\u0437\u0434\u0438\u0442\u0435 \u043d\u0430 \u043f\u043e\u0435\u0437\u0434\u0435 \u0438 \u043a\u0443\u0440\u0438\u0442 \u0442\u0430\u0431\u0430\u043a", "style": ["random"], "essentia_features": {"lowlevel.average_loudness": 0.10235656797885895, "lowlevel.barkbands_crest.mean": 9.520353317260742, "lowlevel.barkbands_crest.stdev": 4.413039207458496, "lowlevel.barkbands_flatness_db.mean": 0.18912725150585175, "lowlevel.barkbands_flatness_db.stdev": 0.06504957377910614, "lowlevel.barkbands_kurtosis.mean": 2.8643596172332764, "lowlevel.barkbands_kurtosis.stdev": 14.774849891662598, "lowlevel.barkbands_skewness.mean": 0.10277732461690903, "lowlevel.barkbands_skewness.stdev": 1.5084515810012817, "lowlevel.barkbands_spread.mean": 17.58685302734375, "lowlevel.barkbands_spread.stdev": 12.645533561706543, "lowlevel.dissonance.mean": 0.46100133657455444, "lowlevel.dissonance.stdev": 0.032612547278404236, "lowlevel.dynamic_complexity": 9.030802726745605, "lowlevel.erbbands_crest.mean": 10.817042350769043, "lowlevel.erbbands_crest.stdev": 5.127557754516602, "lowlevel.erbbands_flatness_db.mean": 0.26737329363822937, "lowlevel.erbbands_flatness_db.stdev": 0.08091507852077484, "lowlevel.erbbands_kurtosis.mean": 0.784834086894989, "lowlevel.erbbands_kurtosis.stdev": 2.3614132404327393, "lowlevel.erbbands_skewness.mean": -0.10106687992811203, "lowlevel.erbbands_skewness.stdev": 0.6150192618370056, "lowlevel.erbbands_spread.mean": 20.314002990722656, "lowlevel.erbbands_spread.stdev": 13.004051208496094, "lowlevel.hfc.mean": 12.761198997497559, "lowlevel.hfc.stdev": 27.822725296020508, "lowlevel.loudness_ebu128.integrated": -26.722524642944336, "lowlevel.loudness_ebu128.loudness_range": 13.823217391967773, "lowlevel.loudness_ebu128.momentary.mean": -34.20061111450195, "lowlevel.loudness_ebu128.momentary.stdev": 12.400596618652344, "lowlevel.loudness_ebu128.short_term.mean": -30.164756774902344, "lowlevel.loudness_ebu128.short_term.stdev": 4.86326789855957, "lowlevel.melbands_crest.mean": 12.887557983398438, "lowlevel.melbands_crest.stdev": 6.5439958572387695, "lowlevel.melbands_flatness_db.mean": 0.18077951669692993, "lowlevel.melbands_flatness_db.stdev": 0.07472503185272217, "lowlevel.melbands_kurtosis.mean": 4.262414455413818, "lowlevel.melbands_kurtosis.stdev": 22.904579162597656, "lowlevel.melbands_skewness.mean": 0.7074649930000305, "lowlevel.melbands_skewness.stdev": 1.711096167564392, "lowlevel.melbands_spread.mean": 34.52210998535156, "lowlevel.melbands_spread.stdev": 23.663402557373047, "lowlevel.pitch_salience.mean": 0.5753992199897766, "lowlevel.pitch_salience.stdev": 0.14023266732692719, "lowlevel.silence_rate_20dB.mean": 1.0, "lowlevel.silence_rate_20dB.stdev": 0.0, "lowlevel.silence_rate_30dB.mean": 1.0, "lowlevel.silence_rate_30dB.stdev": 0.0, "lowlevel.silence_rate_60dB.mean": 0.692686915397644, "lowlevel.silence_rate_60dB.stdev": 0.46138033270835876, "lowlevel.spectral_centroid.mean": 2289.698486328125, "lowlevel.spectral_centroid.stdev": 1024.960205078125, "lowlevel.spectral_complexity.mean": 7.137222766876221, "lowlevel.spectral_complexity.stdev": 7.532775402069092, "lowlevel.spectral_decrease.mean": -1.166053809065204e-09, "lowlevel.spectral_decrease.stdev": 2.217205530286037e-09, "lowlevel.spectral_energy.mean": 0.005558437667787075, "lowlevel.spectral_energy.stdev": 0.010800539515912533, "lowlevel.spectral_energyband_high.mean": 0.0008392879390157759, "lowlevel.spectral_energyband_high.stdev": 0.002150176092982292, "lowlevel.spectral_energyband_low.mean": 4.8416899517178535e-05, "lowlevel.spectral_energyband_low.stdev": 0.0004691324138548225, "lowlevel.spectral_energyband_middle_high.mean": 0.0037548893596976995, "lowlevel.spectral_energyband_middle_high.stdev": 0.007705610245466232, "lowlevel.spectral_energyband_middle_low.mean": 0.0009299043449573219, "lowlevel.spectral_energyband_middle_low.stdev": 0.0020869355648756027, "lowlevel.spectral_entropy.mean": 7.130788803100586, "lowlevel.spectral_entropy.stdev": 0.6749132871627808, "lowlevel.spectral_flux.mean": 0.027198826894164085, "lowlevel.spectral_flux.stdev": 0.025516163557767868, "lowlevel.spectral_kurtosis.mean": 6.218932628631592, "lowlevel.spectral_kurtosis.stdev": 4.551490306854248, "lowlevel.spectral_rms.mean": 0.0016925811069086194, "lowlevel.spectral_rms.stdev": 0.0015993857523426414, "lowlevel.spectral_rolloff.mean": 2938.669921875, "lowlevel.spectral_rolloff.stdev": 2174.07861328125, "lowlevel.spectral_skewness.mean": 1.4551029205322266, "lowlevel.spectral_skewness.stdev": 0.6212279200553894, "lowlevel.spectral_spread.mean": 3511374.25, "lowlevel.spectral_spread.stdev": 3673300.0, "lowlevel.spectral_strongpeak.mean": 1.5872645378112793, "lowlevel.spectral_strongpeak.stdev": 2.1807658672332764, "lowlevel.zerocrossingrate.mean": 0.09918207675218582, "lowlevel.zerocrossingrate.stdev": 0.06014031544327736, "metadata.audio_properties.analysis.equal_loudness": 0.0, "metadata.audio_properties.analysis.length": 28.22399139404297, "metadata.audio_properties.analysis.sample_rate": 44100.0, "metadata.audio_properties.analysis.start_time": 0.0, "metadata.audio_properties.bit_rate": 112897.0, "metadata.audio_properties.length": 28.224000930786133, "metadata.audio_properties.lossless": 0.0, "metadata.audio_properties.number_channels": 1.0, "metadata.audio_properties.replay_gain": -4.169454574584961, "metadata.audio_properties.sample_rate": 48000.0, "rhythm.beats_count": 52.0, "rhythm.beats_loudness.mean": 0.01021773274987936, "rhythm.beats_loudness.stdev": 0.016170311719179153, "rhythm.bpm": 112.99097442626953, "rhythm.bpm_histogram_first_peak_bpm": 115.0, "rhythm.bpm_histogram_first_peak_weight": 0.529411792755127, "rhythm.bpm_histogram_second_peak_bpm": 110.0, "rhythm.bpm_histogram_second_peak_spread": 0.2142857313156128, "rhythm.bpm_histogram_second_peak_weight": 0.21568627655506134, "rhythm.danceability": 0.8738350868225098, "rhythm.onset_rate": 2.3365252017974854, "tonal.chords_changes_rate": 0.05582922697067261, "tonal.chords_number_rate": 0.018062397837638855, "tonal.chords_strength.mean": 0.47851914167404175, "tonal.chords_strength.stdev": 0.11546570807695389, "tonal.hpcp_crest.mean": 17.751039505004883, "tonal.hpcp_crest.stdev": 8.540858268737793, "tonal.hpcp_entropy.mean": 1.452571988105774, "tonal.hpcp_entropy.stdev": 0.7571580410003662, "tonal.key_edma.strength": 0.7100086808204651, "tonal.key_krumhansl.strength": 0.7078918814659119, "tonal.key_temperley.strength": 0.7034174203872681, "tonal.tuning_diatonic_strength": 0.4075157344341278, "tonal.tuning_equal_tempered_deviation": 0.07339081913232803, "tonal.tuning_frequency": 445.3697204589844, "tonal.tuning_nontempered_energy_ratio": 0.6973893642425537, "lowlevel.barkbands.mean": [9.300082638219465e-06, 1.8647051547304727e-05, 1.4172745977703016e-05, 1.8560616808827035e-05, 0.0002549252239987254, 0.0001139686573878862, 9.742400288814679e-05, 9.455125109525397e-05, 0.00031522472272627056, 6.826728349551558e-05, 0.00014855770859867334, 0.0003156679740641266, 0.0002035055513260886, 0.0010498666670173407, 0.00026322377379983664, 0.0007482254295609891, 0.00022206567518878728, 0.00031452314578928053, 0.00025293315411545336, 0.00027255399618297815, 0.0004282252921257168, 0.0001812166447052732, 8.087418973445892e-05, 3.102628033957444e-05, 2.830729863489978e-05, 1.2161741324234754e-05, 4.638952191271528e-07], "lowlevel.barkbands.stdev": [2.3747707018628716e-05, 0.00022974285820964724, 0.00015377569070551544, 0.00019787716155406088, 0.0009669661521911621, 0.0003654269385151565, 0.0003620420175138861, 0.0002464917197357863, 0.0009465524344705045, 0.00017254974227398634, 0.00036737241316586733, 0.0009571947157382965, 0.0005231368122622371, 0.003503488376736641, 0.0013111032312735915, 0.0024294371251016855, 0.0007372110849246383, 0.0011667106300592422, 0.0008748305262997746, 0.0010751214576885104, 0.0011933399364352226, 0.0005609025247395039, 0.00021283337264321744, 9.475547267356887e-05, 8.500643889419734e-05, 3.75744748453144e-05, 2.6441509817232145e-06], "lowlevel.erbbands.mean": [0.0005818142089992762, 0.004166075028479099, 0.012973626144230366, 0.05222535505890846, 0.2461715042591095, 1.234614372253418, 0.8042557239532471, 1.1161916255950928, 1.5715287923812866, 1.5958023071289062, 2.8147168159484863, 4.122805595397949, 6.732658386230469, 2.9095458984375, 9.016012191772461, 11.469093322753906, 12.689681053161621, 51.32160949707031, 15.434792518615723, 15.971014022827148, 47.47450637817383, 18.29640769958496, 16.715627670288086, 21.016494750976562, 11.19282054901123, 10.024627685546875, 20.821481704711914, 9.5477876663208, 7.831181526184082, 4.2672200202941895, 1.814083456993103, 0.8565211296081543, 0.4644034206867218, 0.36304083466529846, 0.16903822124004364, 0.06446743756532669, 0.02008594572544098, 0.002774069318547845, 7.058447954477742e-05, 1.080480888049351e-05], "lowlevel.erbbands.stdev": [0.0075470213778316975, 0.048360906541347504, 0.1343551129102707, 0.5020321607589722, 0.916508138179779, 4.968077182769775, 3.375669240951538, 3.8036415576934814, 6.21874475479126, 3.8171544075012207, 6.228353023529053, 10.170350074768066, 27.36386489868164, 7.859199523925781, 21.81570053100586, 29.60893440246582, 30.618497848510742, 190.50328063964844, 35.28271484375, 59.58954620361328, 158.38258361816406, 51.171363830566406, 69.22932434082031, 65.96105194091797, 38.97404098510742, 32.92095184326172, 62.609458923339844, 24.38456916809082, 26.689577102661133, 11.376099586486816, 4.841419696807861, 2.575559616088867, 1.4056614637374878, 1.1262832880020142, 0.5438370108604431, 0.19567199051380157, 0.06566420942544937, 0.011020072735846043, 0.00027461614808999, 2.3379963749903254e-05], "lowlevel.gfcc.mean": [-203.1579132080078, 38.53788375854492, -206.6290740966797, 14.652512550354004, -61.464229583740234, 11.0372314453125, -28.04010009765625, 6.437124252319336, -9.085331916809082, 9.367958068847656, -4.055683135986328, -0.7339367866516113, -6.4827775955200195], "lowlevel.melbands.mean": [5.7659303820400964e-06, 6.8189006015018094e-06, 1.1611014997470193e-05, 5.414671977632679e-05, 3.47395907738246e-05, 2.4789085728116333e-05, 2.2669379177386872e-05, 1.8348178855376318e-05, 2.5875000574160367e-05, 3.2763513445388526e-05, 3.3043328585335985e-05, 9.916726412484422e-06, 2.2492480638902634e-05, 3.470100273261778e-05, 3.683384056785144e-05, 4.165403879596852e-05, 9.587299427948892e-05, 2.356569530093111e-05, 2.721854434639681e-05, 1.7796190149965696e-05, 6.560971814906225e-05, 1.5207896467472892e-05, 1.2980859537492506e-05, 1.664798764977604e-05, 1.8430226191412657e-05, 4.191998414171394e-06, 1.308025821344927e-05, 4.194477241981076e-06, 1.468168557039462e-05, 7.097936304489849e-06, 5.135856099514058e-06, 5.113058705319418e-06, 2.749448185568326e-06, 2.2406723019230412e-06, 1.184540110443777e-06, 6.281528044382867e-07, 4.983679104952898e-07, 3.3266775290030637e-07, 2.909625322899956e-07, 2.9899757691964624e-07], "lowlevel.melbands.stdev": [6.66099222144112e-05, 6.886455230414867e-05, 8.396645716857165e-05, 0.00020478005171753466, 0.00014129358169157058, 8.13668521004729e-05, 8.32242876640521e-05, 4.3407941120676696e-05, 5.590362707152963e-05, 9.906225750455633e-05, 0.00013461244816426188, 2.938619945780374e-05, 5.043558485340327e-05, 0.00012438997509889305, 0.00012293610780034214, 0.00016527142724953592, 0.0003413243975955993, 6.913365359650925e-05, 0.00014522383571602404, 4.07760999223683e-05, 0.00023886127746663988, 5.271772897685878e-05, 5.688541568815708e-05, 5.319725096342154e-05, 6.184847006807104e-05, 1.1037986951123457e-05, 6.485949415946379e-05, 1.1821587577287573e-05, 4.6487624786095694e-05, 1.9162722310284153e-05, 1.46645925269695e-05, 2.0094463252462447e-05, 7.49515538700507e-06, 6.124372248450527e-06, 3.2006228138925508e-06, 2.2825790892966324e-06, 1.6582373518758686e-06, 1.0944569339699228e-06, 8.852701967043686e-07, 9.64892933552619e-07], "lowlevel.melbands128.mean": [4.216362867737189e-06, 4.564789378491696e-06, 7.240613740577828e-06, 6.576445230166428e-06, 5.102157501823967e-06, 8.066264854278415e-06, 1.0876648957491852e-05, 8.066076588875148e-06, 1.5666115359636024e-05, 5.988436168991029e-05, 8.588888886151835e-05, 4.223463838570751e-05, 2.655952630448155e-05, 1.4597973859054036e-05, 2.1491745428647846e-05, 3.31150513375178e-05, 3.070808816119097e-05, 2.051791852863971e-05, 1.2335078281466849e-05, 1.6660249457345344e-05, 2.364695683354512e-05, 1.848985266406089e-05, 2.4475419195368886e-05, 4.1081293602474034e-05, 9.408468031324446e-06, 2.6247587811667472e-05, 8.909749885788187e-05, 1.9265839000581764e-05, 9.560539183439687e-06, 5.182942459214246e-06, 1.203838564833859e-05, 1.613484346307814e-05, 7.587938853248488e-06, 4.158756200922653e-05, 5.332703949534334e-05, 2.584040157671552e-05, 7.88805937190773e-06, 7.197687227744609e-05, 2.3152730136644095e-05, 3.5951259178546024e-06, 1.4674546036985703e-05, 0.00013678141112904996, 0.0001382054470013827, 5.826526103192009e-05, 3.675370317068882e-05, 1.5975203496054746e-05, 3.6685626128019067e-06, 3.737571387318894e-05, 3.5419663618085906e-05, 3.4406743907311466e-06, 1.460478779335972e-05, 2.517388384148944e-05, 0.00010686531459214166, 5.7581950386520475e-05, 1.051666731655132e-05, 1.671478275966365e-05, 1.869349944172427e-05, 7.917319635453168e-06, 1.3723334632231854e-05, 1.8112785255652852e-05, 8.248605809058063e-06, 2.4917846531025134e-05, 2.7237725589657202e-05, 1.463927674194565e-05, 5.155696726433234e-06, 3.343732714711223e-06, 3.370791091583669e-06, 1.169822189694969e-05, 2.1442852812469937e-05, 3.339869408591767e-06, 2.040330628005904e-06, 5.5576974773430265e-06, 8.434498340648133e-06, 2.2098536646808498e-05, 1.431226064596558e-05, 6.455796665250091e-06, 3.942295279557584e-06, 4.646730758395279e-06, 6.828213827247964e-06, 4.108695520699257e-06, 5.247344688541489e-06, 6.161285909911385e-06, 1.9462202089925995e-06, 3.247100949010928e-06, 2.4228017991845263e-06, 1.96439054889197e-06, 2.3796028472133912e-06, 2.567614728832268e-06, 7.272765287780203e-07, 5.406366199167678e-07, 8.053769988691784e-07, 6.581726665899623e-07, 3.276642814853403e-07, 6.063476121198619e-07, 5.116472152622009e-07, 3.044238781058084e-07, 4.0700913928048976e-07, 1.8305433968635043e-07, 2.2702955959630344e-07, 3.9261422557501646e-07, 3.863601705234032e-07, 2.6340370595789864e-07, 2.154458229597367e-07, 1.580874453566139e-07, 2.8048731337548816e-07, 1.2641613977848465e-07, 1.3846731405919854e-07, 1.1818725909051864e-07, 9.793547661729463e-08, 1.0686054707775838e-07, 1.0603759648120104e-07, 6.794349616257023e-08, 5.8253487367210255e-08, 5.016148563186107e-08, 3.942587767369332e-08, 2.918161889908788e-08, 1.6770163924206827e-08, 4.1378278581305494e-09, 2.5151311588977876e-10, 1.5229429045984788e-12, 1.4175724396409128e-12, 1.4074908773198391e-12, 1.4105667588831805e-12, 1.3654773926147223e-12, 1.1750801070034567e-12, 8.57135434677303e-13, 6.867130562110413e-13, 6.592010466134612e-13], "lowlevel.melbands128.stdev": [1.3365875020099338e-05, 5.780680294265039e-05, 9.897023846860975e-05, 7.271795038832352e-05, 5.333376975613646e-05, 8.73637109179981e-05, 0.00011406838893890381, 8.480315591441467e-05, 7.496359467040747e-05, 0.0002231998514616862, 0.00036582289612852037, 0.0002144918980775401, 0.00013214972568675876, 4.758715658681467e-05, 7.650793122593313e-05, 0.00014660751912742853, 0.0001348546356894076, 0.00010277017281623557, 4.4860000343760476e-05, 5.864876220584847e-05, 6.16518227616325e-05, 8.474691276205704e-05, 5.636335117742419e-05, 9.825016604736447e-05, 2.893481905630324e-05, 9.682428935775533e-05, 0.00042499855044297874, 7.374004053417593e-05, 3.102740447502583e-05, 1.804207931854762e-05, 4.5998684072401375e-05, 6.947411020519212e-05, 3.2265354093397036e-05, 0.00011801892833318561, 0.00025289354380220175, 0.00011163709132233635, 2.2179803636390716e-05, 0.00025604560505598783, 7.24454948795028e-05, 1.4469034795183688e-05, 7.677429675823078e-05, 0.0006716112839058042, 0.0006142620695754886, 0.00024292194575536996, 0.00014452026516664773, 5.891333785257302e-05, 1.014678582578199e-05, 0.00020789647533092648, 0.00019809875811915845, 1.5331655959016643e-05, 4.622237975127064e-05, 8.320189226651564e-05, 0.00040523833013139665, 0.00025056852609850466, 6.0372272855602205e-05, 7.387535879388452e-05, 8.361611980944872e-05, 2.9199980417615734e-05, 9.9191878689453e-05, 0.00012756949581671506, 3.2970201573334634e-05, 0.0001030839848681353, 0.0001354517153231427, 4.980796802556142e-05, 2.392446913290769e-05, 9.878344826574903e-06, 1.3369358384807128e-05, 4.602443004841916e-05, 0.000127690625959076, 1.2660450011026114e-05, 4.952379185851896e-06, 2.3333066565101035e-05, 3.905567791662179e-05, 7.6060023275204e-05, 5.647118086926639e-05, 2.6709394660429098e-05, 1.2836625501222443e-05, 2.1323810869944282e-05, 2.5516743335174397e-05, 1.190417697216617e-05, 2.3641521693207324e-05, 3.187471520504914e-05, 6.487563041446265e-06, 1.161962154583307e-05, 9.63787897489965e-06, 7.012055903032888e-06, 7.897659997979645e-06, 8.031652214413043e-06, 2.44936882154434e-06, 1.8731934687821195e-06, 3.6968961012462387e-06, 2.832217433024198e-06, 1.2354216778476257e-06, 2.4644521090522176e-06, 1.789539965102449e-06, 1.17303147817438e-06, 1.5703288909207913e-06, 5.945855718891835e-07, 8.66430980295263e-07, 1.486939140704635e-06, 1.4322837387226173e-06, 9.694151685835095e-07, 6.842841457910254e-07, 5.82495658818516e-07, 1.2059299479005858e-06, 4.0054862893157406e-07, 4.7008578007989854e-07, 4.367875590105541e-07, 3.581614862468996e-07, 3.6522433788377384e-07, 3.8591363704654214e-07, 2.9698438197556243e-07, 2.3900682322164357e-07, 1.847683535061151e-07, 1.615838840507422e-07, 1.3118346942064818e-07, 9.474626949668163e-08, 3.0396698491585994e-08, 6.276383857084511e-09, 2.8208171475724297e-12, 2.370152468386677e-12, 2.3142306213724817e-12, 2.2658604593300824e-12, 2.2125415648915903e-12, 2.1720307843975384e-12, 2.1315687930012484e-12, 2.109759415780399e-12, 2.0965163199243575e-12], "lowlevel.mfcc.mean": [-816.9016723632812, 64.0188980102539, -72.2672119140625, 2.287360429763794, -15.690325736999512, 4.5115766525268555, -7.080885410308838, -0.507516086101532, -1.3916302919387817, 3.9002983570098877, 10.282024383544922, 7.407989025115967, 4.16663932800293], "lowlevel.spectral_contrast_coeffs.mean": [-0.7838059067726135, -0.7177062034606934, -0.7044146060943604, -0.7097564935684204, -0.7513158321380615, -0.7079264521598816], "lowlevel.spectral_contrast_coeffs.stdev": [0.11799977719783783, 0.09427198767662048, 0.09410125017166138, 0.09027726948261261, 0.0686417892575264, 0.08093549311161041], "lowlevel.spectral_contrast_valleys.mean": [-10.516458511352539, -9.44216537475586, -9.652166366577148, -9.392391204833984, -9.262935638427734, -12.701884269714355], "lowlevel.spectral_contrast_valleys.stdev": [1.97445809841156, 2.178393840789795, 2.0863888263702393, 2.125864028930664, 2.322246789932251, 2.103376626968384], "rhythm.beats_loudness_band_ratio.mean": [0.06907595694065094, 0.03960125148296356, 0.1535111963748932, 0.3092446029186249, 0.35266658663749695, 0.11946959793567657], "rhythm.beats_loudness_band_ratio.stdev": [0.21052123606204987, 0.060670405626297, 0.15790854394435883, 0.2005360871553421, 0.21449114382266998, 0.1189766377210617], "tonal.hpcp.mean": [0.03362058848142624, 0.017985817044973373, 0.09455399960279465, 0.18461662530899048, 0.10383308678865433, 0.028610629960894585, 0.02817704901099205, 0.014456259086728096, 0.14829471707344055, 0.2497061789035797, 0.12297634035348892, 0.12611660361289978, 0.200966477394104, 0.09661824256181717, 0.01853986643254757, 0.03240329027175903, 0.02841362915933132, 0.1855638176202774, 0.36558133363723755, 0.1999712735414505, 0.035352520644664764, 0.03301721811294556, 0.07520443946123123, 0.13190534710884094, 0.10332426428794861, 0.04417646303772926, 0.07709328830242157, 0.1538071632385254, 0.09697423130273819, 0.10448557883501053, 0.2113698124885559, 0.14940935373306274, 0.10960382968187332, 0.1501074731349945, 0.08305239677429199, 0.03397471457719803], "tonal.hpcp.stdev": [0.1408110409975052, 0.06953217834234238, 0.1654672473669052, 0.30260157585144043, 0.17216292023658752, 0.11735207587480545, 0.13402734696865082, 0.05106063559651375, 0.24536240100860596, 0.38367214798927307, 0.18107368052005768, 0.23193596303462982, 0.33997559547424316, 0.18455807864665985, 0.04403192177414894, 0.09162680059671402, 0.07629746198654175, 0.21772557497024536, 0.40849214792251587, 0.24677591025829315, 0.07163853943347931, 0.08645947277545929, 0.1831362545490265, 0.2593766748905182, 0.21916629374027252, 0.11060313880443573, 0.1639845371246338, 0.32435834407806396, 0.21238012611865997, 0.15727317333221436, 0.3088972866535187, 0.23844288289546967, 0.1942976713180542, 0.28431791067123413, 0.17617376148700714, 0.10776015371084213], "rhythm.beats_position": [0.5340589284896851, 1.0797278881072998, 1.6253968477249146, 2.1710658073425293, 2.7167346477508545, 3.2740135192871094, 3.8312923908233643, 4.388571262359619, 4.934240341186523, 5.479909420013428, 6.0023579597473145, 6.524806976318359, 7.035645961761475, 7.5580949783325195, 8.080544471740723, 8.60299301147461, 9.102222442626953, 9.58984088897705, 10.089070320129395, 10.623128890991211, 11.157188415527344, 11.69124698638916, 12.213695526123047, 12.74775505065918, 13.281813621520996, 13.815873146057129, 14.349931716918945, 14.883990287780762, 15.418049812316895, 15.952108383178711, 16.486167907714844, 17.031835556030273, 17.577505111694336, 18.09995460510254, 18.622404098510742, 19.156461715698242, 19.678911209106445, 20.20136070251465, 20.71219825744629, 21.234647750854492, 21.757097244262695, 22.26793670654297, 22.79038429260254, 23.312833786010742, 23.846893310546875, 24.369342803955078, 24.89179039001465, 25.42584991455078, 25.959909439086914, 26.505577087402344, 27.051246643066406, 27.59691619873047], "rhythm.bpm_histogram": [0.0, 0.0, 0.0, 0.0, 0.0, 0.0, 0.0, 0.0, 0.0, 0.0, 0.0, 0.0, 0.0, 0.0, 0.0, 0.0, 0.0, 0.0, 0.0, 0.0, 0.0, 0.0, 0.0, 0.0, 0.0, 0.0, 0.0, 0.0, 0.0, 0.0, 0.0, 0.0, 0.0, 0.0, 0.0, 0.0, 0.0, 0.0, 0.0, 0.0, 0.0, 0.0, 0.0, 0.0, 0.0, 0.0, 0.0, 0.0, 0.0, 0.0, 0.0, 0.0, 0.0, 0.0, 0.0, 0.0, 0.0, 0.0, 0.0, 0.0, 0.0, 0.0, 0.0, 0.0, 0.0, 0.0, 0.0, 0.0, 0.0, 0.0, 0.0, 0.0, 0.0, 0.0, 0.0, 0.0, 0.0, 0.0, 0.0, 0.0, 0.0, 0.0, 0.0, 0.0, 0.0, 0.0, 0.0, 0.0, 0.0, 0.0, 0.0, 0.0, 0.0, 0.0, 0.0, 0.0, 0.0, 0.0, 0.0, 0.0, 0.0, 0.0, 0.0, 0.0, 0.0, 0.0, 0.0, 0.0, 0.05882352963089943, 0.0, 0.21568627655506134, 0.0, 0.29411765933036804, 0.0, 0.0, 0.3137255012989044, 0.0, 0.05882352963089943, 0.0, 0.0, 0.03921568766236305, 0.0, 0.0, 0.019607843831181526, 0.0, 0.0, 0.0, 0.0, 0.0, 0.0, 0.0, 0.0, 0.0, 0.0, 0.0, 0.0, 0.0, 0.0, 0.0, 0.0, 0.0, 0.0, 0.0, 0.0, 0.0, 0.0, 0.0, 0.0, 0.0, 0.0, 0.0, 0.0, 0.0, 0.0, 0.0, 0.0, 0.0, 0.0, 0.0, 0.0, 0.0, 0.0, 0.0, 0.0, 0.0, 0.0, 0.0, 0.0, 0.0, 0.0, 0.0, 0.0, 0.0, 0.0, 0.0, 0.0, 0.0, 0.0, 0.0, 0.0, 0.0, 0.0, 0.0, 0.0, 0.0, 0.0, 0.0, 0.0, 0.0, 0.0, 0.0, 0.0, 0.0, 0.0, 0.0, 0.0, 0.0, 0.0, 0.0, 0.0, 0.0, 0.0, 0.0, 0.0, 0.0, 0.0, 0.0, 0.0, 0.0, 0.0, 0.0, 0.0, 0.0, 0.0, 0.0, 0.0, 0.0, 0.0, 0.0, 0.0, 0.0, 0.0, 0.0, 0.0, 0.0, 0.0, 0.0, 0.0, 0.0, 0.0, 0.0, 0.0, 0.0, 0.0, 0.0, 0.0, 0.0, 0.0, 0.0, 0.0, 0.0, 0.0, 0.0, 0.0, 0.0, 0.0, 0.0, 0.0, 0.0, 0.0], "tonal.chords_histogram": [4.105090141296387, 15.435139656066895, 14.778325080871582, 0.0, 0.0, 0.0, 0.3284072279930115, 0.0, 5.58292293548584, 3.284072160720825, 0.0, 0.0, 0.0, 1.477832555770874, 0.0, 0.0, 0.0, 6.403940677642822, 0.3284072279930115, 7.224958896636963, 19.54022979736328, 0.0, 12.151067733764648, 9.35960578918457], "tonal.thpcp": [1.0, 0.5469952821731567, 0.0967022031545639, 0.09031429141759872, 0.20571193099021912, 0.360809862613678, 0.2826300263404846, 0.1208389475941658, 0.2108786255121231, 0.4207194149494171, 0.26526033878326416, 0.28580665588378906, 0.5781745314598083, 0.4086897671222687, 0.29980695247650146, 0.41059938073158264, 0.22717899084091187, 0.09293339401483536, 0.0919647291302681, 0.04919785261154175, 0.2586401104927063, 0.5049946904182434, 0.28402185440063477, 0.0782606452703476, 0.07707463949918747, 0.03954320773482323, 0.4056408405303955, 0.6830386519432068, 0.33638572692871094, 0.3449755012989044, 0.5497175455093384, 0.2642865777015686, 0.05071338266134262, 0.08863496780395508, 0.07772177457809448, 0.5075855851173401], "lowlevel.gfcc.cov": [[32997.4609375, -2262.89892578125, -3483.957275390625, 1110.5068359375, -2627.274169921875, -962.9708251953125, -1828.3109130859375, -803.05419921875, -1406.9388427734375, 17.827360153198242, -1020.9532470703125, 303.70184326171875, -204.4839324951172], [-2262.89892578125, 2341.339599609375, -43.86796188354492, 22.032001495361328, 253.8281707763672, -297.6065673828125, 127.33956146240234, -161.44705200195312, 269.8158874511719, -155.88287353515625, 303.291259765625, 0.6377071142196655, 349.4232482910156], [-3483.957275390625, -43.86796188354492, 2484.78857421875, 375.1587829589844, 266.3734436035156, -95.6119384765625, -259.55950927734375, -100.8012466430664, -460.7886657714844, -15.720362663269043, -333.6834411621094, 159.4987335205078, -78.88187408447266], [1110.5068359375, 22.032001495361328, 375.1587829589844, 638.5523681640625, -62.75578689575195, -194.1584014892578, -203.3011474609375, -198.1815948486328, -252.6092529296875, -54.65565872192383, -132.5308837890625, 113.11944580078125, 49.15672302246094], [-2627.274169921875, 253.8281707763672, 266.3734436035156, -62.75578689575195, 470.9964904785156, 182.8753662109375, 170.7642059326172, 81.24166107177734, 132.32647705078125, -1.435601830482483, 81.0979995727539, -30.63725471496582, 21.9604434967041], [-962.9708251953125, -297.6065673828125, -95.6119384765625, -194.1584014892578, 182.8753662109375, 396.5440979003906, 227.9878387451172, 218.3731689453125, 124.52169036865234, 67.4100341796875, 32.71017837524414, -139.53285217285156, -134.6661376953125], [-1828.3109130859375, 127.33956146240234, -259.55950927734375, -203.3011474609375, 170.7642059326172, 227.9878387451172, 354.451904296875, 183.13650512695312, 231.23902893066406, 20.979427337646484, 154.95750427246094, -119.68537902832031, -45.08375930786133], [-803.05419921875, -161.44705200195312, -100.8012466430664, -198.1815948486328, 81.24166107177734, 218.3731689453125, 183.13650512695312, 255.32766723632812, 156.35693359375, 66.88652038574219, 44.9475212097168, -74.65528106689453, -81.51824188232422], [-1406.9388427734375, 269.8158874511719, -460.7886657714844, -252.6092529296875, 132.32647705078125, 124.52169036865234, 231.23902893066406, 156.35693359375, 352.5513916015625, 49.73103713989258, 192.1280517578125, -74.81318664550781, 46.517112731933594], [17.827360153198242, -155.88287353515625, -15.720362663269043, -54.65565872192383, -1.435601830482483, 67.4100341796875, 20.979427337646484, 66.88652038574219, 49.73103713989258, 126.74673461914062, 47.1533317565918, -15.409735679626465, -62.039794921875], [-1020.9532470703125, 303.291259765625, -333.6834411621094, -132.5308837890625, 81.0979995727539, 32.71017837524414, 154.95750427246094, 44.9475212097168, 192.1280517578125, 47.1533317565918, 263.3735656738281, -9.623146057128906, 54.857994079589844], [303.70184326171875, 0.6377071142196655, 159.4987335205078, 113.11944580078125, -30.63725471496582, -139.53285217285156, -119.68537902832031, -74.65528106689453, -74.81318664550781, -15.409735679626465, -9.623146057128906, 203.7004852294922, 109.11361694335938], [-204.4839324951172, 349.4232482910156, -78.88187408447266, 49.15672302246094, 21.9604434967041, -134.6661376953125, -45.08375930786133, -81.51824188232422, 46.517112731933594, -62.039794921875, 54.857994079589844, 109.11361694335938, 210.9308624267578]], "lowlevel.gfcc.icov": [[0.0001815127907320857, -0.00014910026220604777, 0.0005092971259728074, -0.00011525805166456848, 0.0003611758875194937, -0.00023789350234437734, 0.0006245765252970159, -0.00021297943021636456, 0.0007478093612007797, -0.0004925538087263703, 0.0005442455876618624, -0.0002610042574815452, 0.00018566919607110322], [-0.00014910026220604777, 0.00111397635191679, -0.000651510083116591, -1.3369139196584001e-05, -0.0006218724884092808, 0.0011725202202796936, -0.0006629820563830435, 0.00029169925255700946, -0.0011236541904509068, 0.0011493570636957884, -0.0013807606883347034, 0.0014398094499483705, -0.0012459559366106987], [0.0005092971259728074, -0.000651510083116591, 0.0023478842340409756, -0.0002769117709249258, -3.999246109742671e-05, -0.0001109361692215316, 0.0015463829040527344, -0.0012253463501110673, 0.00359661178663373, -0.0023174684029072523, 0.002455562585964799, -0.0012531183892861009, 0.0008406867855228484], [-0.00011525805166456848, -1.3369139196584001e-05, -0.0002769117709249258, 0.002649687696248293, -0.0005704272189177573, 0.0006042700260877609, -0.0009759015520103276, 0.0010824669152498245, 0.0010958522325381637, -0.0005068035679869354, 0.000430901360232383, -0.00026842535589821637, -0.0005196611164137721], [0.0003611758875194937, -0.0006218724884092808, -3.999246109742671e-05, -0.0005704272189177573, 0.005485159810632467, -0.0038576857186853886, 0.0008927741437219083, 0.0012102072359994054, -0.0008971973438747227, 0.0003030371735803783, 0.00039041507989168167, -0.0013217387022450566, -7.95469168224372e-06], [-0.00023789350234437734, 0.0011725202202796936, -0.0001109361692215316, 0.0006042700260877609, -0.0038576857186853886, 0.010013998486101627, -0.0037667187862098217, -0.0038990348111838102, 0.0014464909909293056, -0.0013288165209814906, 9.396720997756347e-05, 0.0033589790109544992, -0.00034416306880302727], [0.0006245765252970159, -0.0006629820563830435, 0.0015463829040527344, -0.0009759015520103276, 0.0008927741437219083, -0.0037667187862098217, 0.012734047137200832, -0.0037493437994271517, -0.0007184060523286462, 0.0035907847341150045, -0.002751133404672146, 0.00030415793298743665, 0.0030572013929486275], [-0.00021297943021636456, 0.00029169925255700946, -0.0012253463501110673, 0.0010824669152498245, 0.0012102072359994054, -0.0038990348111838102, -0.0037493437994271517, 0.01290055364370346, -0.005939996335655451, -0.0011907839216291904, 0.0020095310173928738, -0.00247620465233922, 0.0018868270562961698], [0.0007478093612007797, -0.0011236541904509068, 0.00359661178663373, 0.0010958522325381637, -0.0008971973438747227, 0.0014464909909293056, -0.0007184060523286462, -0.005939996335655451, 0.016491958871483803, -0.007055946160107851, 0.0011104890145361423, 0.0018108183285221457, -0.0046941316686570644], [-0.0004925538087263703, 0.0011493570636957884, -0.0023174684029072523, -0.0005068035679869354, 0.0003030371735803783, -0.0013288165209814906, 0.0035907847341150045, -0.0011907839216291904, -0.007055946160107851, 0.017723489552736282, -0.007460102438926697, -0.0008982382714748383, 0.005471126176416874], [0.0005442455876618624, -0.0013807606883347034, 0.002455562585964799, 0.000430901360232383, 0.00039041507989168167, 9.396720997756347e-05, -0.002751133404672146, 0.0020095310173928738, 0.0011104890145361423, -0.007460102438926697, 0.012411709874868393, -0.0032063210383057594, -0.0001676786196185276], [-0.0002610042574815452, 0.0014398094499483705, -0.0012531183892861009, -0.00026842535589821637, -0.0013217387022450566, 0.0033589790109544992, 0.00030415793298743665, -0.00247620465233922, 0.0018108183285221457, -0.0008982382714748383, -0.0032063210383057594, 0.012501961551606655, -0.007950977422297001], [0.00018566919607110322, -0.0012459559366106987, 0.0008406867855228484, -0.0005196611164137721, -7.95469168224372e-06, -0.00034416306880302727, 0.0030572013929486275, 0.0018868270562961698, -0.0046941316686570644, 0.005471126176416874, -0.0001676786196185276, -0.007950977422297001, 0.015385155566036701]], "lowlevel.mfcc.cov": [[22753.421875, -2338.534423828125, -644.42529296875, 750.1021118164062, -1299.087890625, -432.945556640625, -1146.4794921875, -1004.5093383789062, -737.9800415039062, -1107.458251953125, -865.8502197265625, -690.2507934570312, -440.25299072265625], [-2338.534423828125, 1863.9041748046875, -26.376907348632812, 137.4913330078125, 140.539794921875, -50.91154479980469, -9.744690895080566, 42.100669860839844, 55.89781951904297, -2.7617027759552, -16.043502807617188, 38.555870056152344, 59.2580680847168], [-644.42529296875, -26.376907348632812, 1395.5594482421875, 446.9717712402344, 218.02490234375, -12.3680419921875, 28.396432876586914, -150.01695251464844, -77.12748718261719, -227.37477111816406, -240.25909423828125, -153.50399780273438, -145.72279357910156], [750.1021118164062, 137.4913330078125, 446.9717712402344, 735.4993896484375, 81.48310089111328, 13.893977165222168, -168.5734405517578, -167.27944946289062, -99.52667236328125, -317.38177490234375, -251.1750946044922, -132.0078125, 32.16828536987305], [-1299.087890625, 140.539794921875, 218.02490234375, 81.48310089111328, 323.188720703125, 101.7931137084961, 96.59620666503906, 39.209815979003906, 32.67222213745117, 36.777828216552734, 29.631084442138672, 14.221745491027832, -2.959357500076294], [-432.945556640625, -50.91154479980469, -12.3680419921875, 13.893977165222168, 101.7931137084961, 158.9199676513672, 100.71515655517578, 37.2106819152832, 21.432126998901367, 52.188411712646484, 60.487953186035156, 24.53021812438965, -14.269798278808594], [-1146.4794921875, -9.744690895080566, 28.396432876586914, -168.5734405517578, 96.59620666503906, 100.71515655517578, 272.63934326171875, 125.28753662109375, 29.65740394592285, 175.6067657470703, 138.7581329345703, 67.2126693725586, -55.5709228515625], [-1004.5093383789062, 42.100669860839844, -150.01695251464844, -167.27944946289062, 39.209815979003906, 37.2106819152832, 125.28753662109375, 197.17745971679688, 116.88983154296875, 124.65792083740234, 88.50704956054688, 53.36865234375, 30.561996459960938], [-737.9800415039062, 55.89781951904297, -77.12748718261719, -99.52667236328125, 32.67222213745117, 21.432126998901367, 29.65740394592285, 116.88983154296875, 169.2338409423828, 89.00113677978516, 46.64869689941406, 22.491579055786133, 33.522396087646484], [-1107.458251953125, -2.7617027759552, -227.37477111816406, -317.38177490234375, 36.777828216552734, 52.188411712646484, 175.6067657470703, 124.65792083740234, 89.00113677978516, 319.7690734863281, 240.3086395263672, 118.7256851196289, -14.76282024383545], [-865.8502197265625, -16.043502807617188, -240.25909423828125, -251.1750946044922, 29.631084442138672, 60.487953186035156, 138.7581329345703, 88.50704956054688, 46.64869689941406, 240.3086395263672, 275.2526550292969, 156.10391235351562, 12.468107223510742], [-690.2507934570312, 38.555870056152344, -153.50399780273438, -132.0078125, 14.221745491027832, 24.53021812438965, 67.2126693725586, 53.36865234375, 22.491579055786133, 118.7256851196289, 156.10391235351562, 191.28919982910156, 90.25038146972656], [-440.25299072265625, 59.2580680847168, -145.72279357910156, 32.16828536987305, -2.959357500076294, -14.269798278808594, -55.5709228515625, 30.561996459960938, 33.522396087646484, -14.76282024383545, 12.468107223510742, 90.25038146972656, 235.2255401611328]], "lowlevel.mfcc.icov": [[0.00010843892232514918, 0.00011106904275948182, 0.00012890725338365883, -5.726800736738369e-05, 0.0002164921461371705, -1.0531167617955361e-06, 0.00013414680142886937, 0.00022485868248622864, 9.115505235968158e-05, 0.00014231012028176337, 7.959809590829536e-05, 2.509862133592833e-05, 0.00024989424855448306], [0.00011106904275948182, 0.0007371605024673045, 0.00030526844784617424, -0.00034555941238068044, -0.0002180559968110174, 0.0006959409220144153, -8.746371895540506e-05, 0.00027499557472765446, -0.0002059171092696488, 0.0001020107592921704, 0.00026423201779834926, -0.0002922065614257008, 0.0003754832723643631], [0.00012890725338365883, 0.00030526844784617424, 0.0016985773108899593, -0.0007311570225283504, -0.0007860585465095937, 0.0015361456898972392, -0.0018512654351070523, 0.001982609974220395, -0.0011191818630322814, 0.0008147733169607818, 0.000942849728744477, -0.0004042064829263836, 0.0010207189479842782], [-5.726800736738369e-05, -0.00034555941238068044, -0.0007311570225283504, 0.0033872618805617094, -0.00047449927660636604, -0.001917153364047408, 0.000905998342204839, 0.0004697644617408514, 0.0005521663115359843, 0.0017454318003728986, 0.00013436358131002635, 0.0007371293031610548, -0.001164665911346674], [0.0002164921461371705, -0.0002180559968110174, -0.0007860585465095937, -0.00047449927660636604, 0.00568859139457345, -0.0030529401265084743, 0.00020084342395421118, -0.0002960866258945316, 0.00010910214041359723, -0.00041271219379268587, -0.0002699056058190763, 0.00038954513729549944, -0.00016627312288619578], [-1.0531167617955361e-06, 0.0006959409220144153, 0.0015361456898972392, -0.001917153364047408, -0.0030529401265084743, 0.01250001136213541, -0.006080982740968466, 0.0028711517807096243, -0.003282153746113181, 0.002225260017439723, -0.0022095749154686928, 0.0002643143816385418, 0.0005698985187336802], [0.00013414680142886937, -8.746371895540506e-05, -0.0018512654351070523, 0.000905998342204839, 0.00020084342395421118, -0.006080982740968466, 0.014489728957414627, -0.009308665990829468, 0.007151997648179531, -0.005056559573858976, 0.0004658691759686917, -0.0013070926070213318, 0.0024087538477033377], [0.00022485868248622864, 0.00027499557472765446, 0.001982609974220395, 0.0004697644617408514, -0.0002960866258945316, 0.0028711517807096243, -0.009308665990829468, 0.01771182380616665, -0.010151135735213757, 0.002654359443113208, 0.00047891310532577336, 0.0004739336436614394, -0.001408324926160276], [9.115505235968158e-05, -0.0002059171092696488, -0.0011191818630322814, 0.0005521663115359843, 0.00010910214041359723, -0.003282153746113181, 0.007151997648179531, -0.010151135735213757, 0.014504879713058472, -0.004911114927381277, 0.0014467646833509207, 0.00102054956369102, -0.0005791605799458921], [0.00014231012028176337, 0.0001020107592921704, 0.0008147733169607818, 0.0017454318003728986, -0.00041271219379268587, 0.002225260017439723, -0.005056559573858976, 0.002654359443113208, -0.004911114927381277, 0.015202895738184452, -0.009397388435900211, 0.0016531149158254266, 0.0006149280816316605], [7.959809590829536e-05, 0.00026423201779834926, 0.000942849728744477, 0.00013436358131002635, -0.0002699056058190763, -0.0022095749154686928, 0.0004658691759686917, 0.00047891310532577336, 0.0014467646833509207, -0.009397388435900211, 0.01785839907824993, -0.00886840745806694, 0.0022185808047652245], [2.509862133592833e-05, -0.0002922065614257008, -0.0004042064829263836, 0.0007371293031610548, 0.00038954513729549944, 0.0002643143816385418, -0.0013070926070213318, 0.0004739336436614394, 0.00102054956369102, 0.0016531149158254266, -0.00886840745806694, 0.014638160355389118, -0.005767992231994867], [0.00024989424855448306, 0.0003754832723643631, 0.0010207189479842782, -0.001164665911346674, -0.00016627312288619578, 0.0005698985187336802, 0.0024087538477033377, -0.001408324926160276, -0.0005791605799458921, 0.0006149280816316605, 0.0022185808047652245, -0.005767992231994867, 0.008417056873440742]], "metadata.audio_properties.analysis.downmix": "mix", "metadata.audio_properties.codec": "mp3", "metadata.audio_properties.md5_encoded": "da1412d46d78e1e13f33b0c0f7ebe19e", "metadata.tags.file_name": "1182256645393350707.mp3", "metadata.version.essentia": "2.1-beta6-dev", "metadata.version.essentia_git_sha": "v2.1_beta5-1110-g77a6a954", "metadata.version.extractor": "music 2.0", "tonal.chords_key": "F#", "tonal.chords_scale": "major", "tonal.key_edma.key": "Ab", "tonal.key_edma.scale": "major", "tonal.key_krumhansl.key": "Ab", "tonal.key_krumhansl.scale": "major", "tonal.key_temperley.key": "Ab", "tonal.key_temperley.scale": "major", "metadata.tags.encoding": ["Lavf58.45.100"]}, "essentia_models": [{"model_name": "genre_dortmund", "activations": {"alternative": "0.09983924", "blues": "0.04000