{"song_id": "1182286084298776586", "download": "https://cdn.discordapp.com/attachments/1135911532732108921/1182286084298776586/chirp.mp4?ex=658424b8&amp", "lyrics": "FATTO E DIRETTO DA ZAC\nFATTO E DIRETTO DA ZAC\nFATTO E DIRETTO DA ZAC\nFATTO E DIRETTO DA ZAC\nFATTO E DIRETTO DA ZAC\nFATTO E DIRETTO DA ZAC\nFATTO E DIRETTO DA ZAC", "style": ["random"], "essentia_features": {"lowlevel.average_loudness": 0.9828546643257141, "lowlevel.barkbands_crest.mean": 13.410848617553711, "lowlevel.barkbands_crest.stdev": 5.706045150756836, "lowlevel.barkbands_flatness_db.mean": 0.12411030381917953, "lowlevel.barkbands_flatness_db.stdev": 0.04468955099582672, "lowlevel.barkbands_kurtosis.mean": 2.249985456466675, "lowlevel.barkbands_kurtosis.stdev": 5.895252227783203, "lowlevel.barkbands_skewness.mean": 1.2153701782226562, "lowlevel.barkbands_skewness.stdev": 1.2413362264633179, "lowlevel.barkbands_spread.mean": 35.23572540283203, "lowlevel.barkbands_spread.stdev": 16.549907684326172, "lowlevel.dissonance.mean": 0.4764534533023834, "lowlevel.dissonance.stdev": 0.01954878494143486, "lowlevel.dynamic_complexity": 2.123467445373535, "lowlevel.erbbands_crest.mean": 9.839380264282227, "lowlevel.erbbands_crest.stdev": 4.908426761627197, "lowlevel.erbbands_flatness_db.mean": 0.14174704253673553, "lowlevel.erbbands_flatness_db.stdev": 0.041822150349617004, "lowlevel.erbbands_kurtosis.mean": 1.0127524137496948, "lowlevel.erbbands_kurtosis.stdev": 1.9896401166915894, "lowlevel.erbbands_skewness.mean": -0.2595711648464203, "lowlevel.erbbands_skewness.stdev": 0.7731570601463318, "lowlevel.erbbands_spread.mean": 35.511756896972656, "lowlevel.erbbands_spread.stdev": 17.142471313476562, "lowlevel.hfc.mean": 36.3349723815918, "lowlevel.hfc.stdev": 21.14971160888672, "lowlevel.loudness_ebu128.integrated": -12.026597023010254, "lowlevel.loudness_ebu128.loudness_range": 0.7853279113769531, "lowlevel.loudness_ebu128.momentary.mean": -12.133172988891602, "lowlevel.loudness_ebu128.momentary.stdev": 1.0038995742797852, "lowlevel.loudness_ebu128.short_term.mean": -12.027575492858887, "lowlevel.loudness_ebu128.short_term.stdev": 0.2696056365966797, "lowlevel.melbands_crest.mean": 19.978364944458008, "lowlevel.melbands_crest.stdev": 7.7575249671936035, "lowlevel.melbands_flatness_db.mean": 0.18592272698879242, "lowlevel.melbands_flatness_db.stdev": 0.06318141520023346, "lowlevel.melbands_kurtosis.mean": 13.975306510925293, "lowlevel.melbands_kurtosis.stdev": 22.618202209472656, "lowlevel.melbands_skewness.mean": 2.7990636825561523, "lowlevel.melbands_skewness.stdev": 2.170320510864258, "lowlevel.melbands_spread.mean": 34.170204162597656, "lowlevel.melbands_spread.stdev": 22.431921005249023, "lowlevel.pitch_salience.mean": 0.42493346333503723, "lowlevel.pitch_salience.stdev": 0.1549271196126938, "lowlevel.silence_rate_20dB.mean": 1.0, "lowlevel.silence_rate_20dB.stdev": 0.0, "lowlevel.silence_rate_30dB.mean": 1.0, "lowlevel.silence_rate_30dB.stdev": 0.0, "lowlevel.silence_rate_60dB.mean": 0.02142857201397419, "lowlevel.silence_rate_60dB.stdev": 0.1448078751564026, "lowlevel.spectral_centroid.mean": 2174.333251953125, "lowlevel.spectral_centroid.stdev": 598.8719482421875, "lowlevel.spectral_complexity.mean": 21.02142906188965, "lowlevel.spectral_complexity.stdev": 8.901575088500977, "lowlevel.spectral_decrease.mean": -9.062600447862224e-09, "lowlevel.spectral_decrease.stdev": 5.5202060700310085e-09, "lowlevel.spectral_energy.mean": 0.037500035017728806, "lowlevel.spectral_energy.stdev": 0.0215403214097023, "lowlevel.spectral_energyband_high.mean": 0.0018653791630640626, "lowlevel.spectral_energyband_high.stdev": 0.0014166246401146054, "lowlevel.spectral_energyband_low.mean": 0.020402666181325912, "lowlevel.spectral_energyband_low.stdev": 0.019810033962130547, "lowlevel.spectral_energyband_middle_high.mean": 0.010253699496388435, "lowlevel.spectral_energyband_middle_high.stdev": 0.009454099461436272, "lowlevel.spectral_energyband_middle_low.mean": 0.005492550786584616, "lowlevel.spectral_energyband_middle_low.stdev": 0.007203617598861456, "lowlevel.spectral_entropy.mean": 7.813669681549072, "lowlevel.spectral_entropy.stdev": 0.35355842113494873, "lowlevel.spectral_flux.mean": 0.10390233993530273, "lowlevel.spectral_flux.stdev": 0.05668316408991814, "lowlevel.spectral_kurtosis.mean": 4.0774359703063965, "lowlevel.spectral_kurtosis.stdev": 1.886938214302063, "lowlevel.spectral_rms.mean": 0.005756767932325602, "lowlevel.spectral_rms.stdev": 0.0018560845637694001, "lowlevel.spectral_rolloff.mean": 2167.872802734375, "lowlevel.spectral_rolloff.stdev": 2044.742919921875, "lowlevel.spectral_skewness.mean": 1.4644397497177124, "lowlevel.spectral_skewness.stdev": 0.297784686088562, "lowlevel.spectral_spread.mean": 5327747.5, "lowlevel.spectral_spread.stdev": 1728127.25, "lowlevel.spectral_strongpeak.mean": 1.2631864547729492, "lowlevel.spectral_strongpeak.stdev": 2.2815582752227783, "lowlevel.zerocrossingrate.mean": 0.08542270958423615, "lowlevel.zerocrossingrate.stdev": 0.046706344932317734, "metadata.audio_properties.analysis.equal_loudness": 0.0, "metadata.audio_properties.analysis.length": 16.212289810180664, "metadata.audio_properties.analysis.sample_rate": 44100.0, "metadata.audio_properties.analysis.start_time": 0.0, "metadata.audio_properties.bit_rate": 121725.0, "metadata.audio_properties.length": 16.213333129882812, "metadata.audio_properties.lossless": 0.0, "metadata.audio_properties.number_channels": 1.0, "metadata.audio_properties.replay_gain": -13.849720001220703, "metadata.audio_properties.sample_rate": 48000.0, "rhythm.beats_count": 28.0, "rhythm.beats_loudness.mean": 0.060867879539728165, "rhythm.beats_loudness.stdev": 0.019859742373228073, "rhythm.bpm": 107.00025939941406, "rhythm.bpm_histogram_first_peak_bpm": 108.0, "rhythm.bpm_histogram_first_peak_weight": 0.25, "rhythm.bpm_histogram_second_peak_bpm": 103.0, "rhythm.bpm_histogram_second_peak_spread": 0.3333333134651184, "rhythm.bpm_histogram_second_peak_weight": 0.07407407462596893, "rhythm.danceability": 2.126199722290039, "rhythm.onset_rate": 5.421807765960693, "tonal.chords_changes_rate": 0.10256410390138626, "tonal.chords_number_rate": 0.01994301937520504, "tonal.chords_strength.mean": 0.4956221580505371, "tonal.chords_strength.stdev": 0.06202669069170952, "tonal.hpcp_crest.mean": 13.790521621704102, "tonal.hpcp_crest.stdev": 6.243381977081299, "tonal.hpcp_entropy.mean": 1.8918437957763672, "tonal.hpcp_entropy.stdev": 0.6686739325523376, "tonal.key_edma.strength": 0.6479799151420593, "tonal.key_krumhansl.strength": 0.638500452041626, "tonal.key_temperley.strength": 0.6435790657997131, "tonal.tuning_diatonic_strength": 0.5287603735923767, "tonal.tuning_equal_tempered_deviation": 0.20501454174518585, "tonal.tuning_frequency": 434.193115234375, "tonal.tuning_nontempered_energy_ratio": 0.9580294489860535, "lowlevel.barkbands.mean": [0.0007026031380519271, 0.017182182520627975, 0.0020791352726519108, 0.0009069959633052349, 0.0005599636351689696, 0.0010895519517362118, 0.0015671951696276665, 0.000314601551508531, 0.0009272462339140475, 0.0014625316252931952, 0.0005514153162948787, 0.0007933442248031497, 0.0005971266655251384, 0.001552871777676046, 0.0015385784208774567, 0.0012999274767935276, 0.0010291720973327756, 0.0005727568059228361, 0.0006933357217349112, 0.00044522000825963914, 0.0005352551816031337, 0.0002637792204041034, 0.00016005992074497044, 0.00019872515986207873, 0.00021906080655753613, 0.00024204830697271973, 1.5379508113255724e-05], "lowlevel.barkbands.stdev": [0.0008287301752716303, 0.017179014161229134, 0.007669947575777769, 0.004124813713133335, 0.0018008198821917176, 0.0015215604798868299, 0.0025961461942642927, 0.000990163185633719, 0.0020013891626149416, 0.0030091635417193174, 0.0013372510438784957, 0.0016711140051484108, 0.0010384912602603436, 0.0032757834997028112, 0.0043794079683721066, 0.002638820093125105, 0.0018680822104215622, 0.001006118836812675, 0.0008268040837720037, 0.00044778650044463575, 0.0005485297297127545, 0.0002961335994768888, 0.00028621198725886643, 0.00032864243257790804, 0.00024855349329300225, 0.00030095039983280003, 2.314978883077856e-05], "lowlevel.erbbands.mean": [0.5927895903587341, 3.420044183731079, 3.135241985321045, 2.9658362865448, 2.2035539150238037, 1.6187999248504639, 4.4573564529418945, 11.032685279846191, 22.656070709228516, 15.166708946228027, 6.364192008972168, 18.26845932006836, 37.91496276855469, 36.930660247802734, 29.318540573120117, 25.6251163482666, 29.05147933959961, 47.489498138427734, 102.10938262939453, 73.44766235351562, 69.30180358886719, 64.22447967529297, 33.86581802368164, 40.4783821105957, 25.733535766601562, 22.43589973449707, 24.0273494720459, 16.30714225769043, 10.782480239868164, 5.775756359100342, 4.176062107086182, 3.961310625076294, 3.357508420944214, 2.4295220375061035, 1.5260465145111084, 0.9180571436882019, 0.4584331810474396, 0.09476428478956223, 0.0018928846111521125, 0.00010141626989934593], "lowlevel.erbbands.stdev": [0.6506354808807373, 3.6894006729125977, 8.130924224853516, 11.888957023620605, 9.673747062683105, 4.635185241699219, 8.421937942504883, 14.750121116638184, 35.986061096191406, 52.2447509765625, 10.562477111816406, 36.18988800048828, 75.65973663330078, 60.52606964111328, 53.41843795776367, 44.922454833984375, 44.246402740478516, 113.53512573242188, 247.29202270507812, 189.08953857421875, 150.42152404785156, 121.0588607788086, 49.2544059753418, 53.51376724243164, 24.415935516357422, 22.921518325805664, 22.940017700195312, 17.568965911865234, 12.059371948242188, 8.098730087280273, 8.046370506286621, 7.305912017822266, 5.046512603759766, 3.0000171661376953, 1.7456876039505005, 1.1329400539398193, 0.5933957695960999, 0.12214784324169159, 0.002398013835772872, 7.005060615483671e-05], "lowlevel.gfcc.mean": [35.82216262817383, 35.43024444580078, -118.38739776611328, 26.949522018432617, -39.711082458496094, 20.160537719726562, -25.94633674621582, 27.59163475036621, -16.541641235351562, 28.860530853271484, -10.966880798339844, 19.11459732055664, -0.54518723487854], "lowlevel.melbands.mean": [0.005079036578536034, 0.0025450927205383778, 0.00048331342986784875, 0.00012675502512138337, 0.00014120723062660545, 0.00025580133660696447, 0.0003253123431932181, 0.0001401770714437589, 5.3466323151951656e-05, 0.0001247856707777828, 0.00020275912538636476, 0.0001687230251263827, 9.793757635634392e-05, 8.32260338938795e-05, 7.434096914948896e-05, 5.773404336650856e-05, 9.486715862294659e-05, 0.00018268574785906821, 9.424112795386463e-05, 9.8862947197631e-05, 6.951485556783155e-05, 6.826155731687322e-05, 3.622411531978287e-05, 3.294226189609617e-05, 3.257536081946455e-05, 2.612096614029724e-05, 1.3768334611086175e-05, 1.4496817129838746e-05, 1.606058685865719e-05, 1.275780323339859e-05, 8.076080121099949e-06, 6.769389983674046e-06, 3.7168554172239965e-06, 3.1523036341241095e-06, 2.3884965685283532e-06, 2.188904772992828e-06, 2.570968490545056e-06, 2.5081521926040296e-06, 2.063473175439867e-06, 2.0531847439997364e-06], "lowlevel.melbands.stdev": [0.005157050210982561, 0.003721479093655944, 0.0019220062531530857, 0.0004699834680650383, 0.0002685451181605458, 0.0003300822281744331, 0.0004936268087476492, 0.0005080812843516469, 8.861348760547116e-05, 0.0002662395127117634, 0.0004124254919588566, 0.0002959834528155625, 0.0002049637696472928, 0.00020587907056324184, 0.00015421572607010603, 0.00011532963981153443, 0.000236557301832363, 0.00043022495810873806, 0.00025161856319755316, 0.00022661789262201637, 0.0001766213244991377, 0.0001439546758774668, 6.517537258332595e-05, 6.279091030592099e-05, 4.589151285472326e-05, 3.017668677784968e-05, 1.5223970876832027e-05, 1.58976672537392e-05, 1.675119528954383e-05, 1.7245858543901704e-05, 8.705849722900894e-06, 7.615392860316206e-06, 5.130176305101486e-06, 4.880291271547321e-06, 4.677920060203178e-06, 4.300809905544156e-06, 4.953027200826909e-06, 4.223788891977165e-06, 2.5923188786691753e-06, 2.6985665044776397e-06], "lowlevel.melbands128.mean": [0.000566454662475735, 0.004583835136145353, 0.007623737677931786, 0.004952102899551392, 0.001996239647269249, 0.0009374434011988342, 0.0006319340900518, 0.0003833248047158122, 0.0002010633033933118, 0.0001134370468207635, 7.134673796826974e-05, 9.159647743217647e-05, 0.0001110165030695498, 0.0002717602765187621, 0.0002476012159604579, 0.0001980943197850138, 0.0004191831103526056, 0.00037453119875863194, 0.00016987202980089933, 0.00020535509975161403, 8.774789603194222e-05, 5.5264696129597723e-05, 1.80138031282695e-05, 8.639325096737593e-05, 0.00012512158718891442, 0.00011978868133155629, 0.0001958661014214158, 0.0001203643623739481, 0.00034396021510474384, 0.00022998529311735183, 7.042415381874889e-05, 9.774896898306906e-05, 0.00013284962915349752, 3.7793084629811347e-05, 0.0001595465437276289, 5.721176421502605e-05, 3.039869261556305e-05, 9.994608990382403e-05, 8.877871005097404e-05, 4.659264595829882e-05, 3.345397999510169e-05, 0.00010148332512471825, 5.255544965621084e-05, 5.9073237935081124e-05, 0.00030547170899808407, 0.0001601384865352884, 0.0001411136909155175, 7.817324512870982e-05, 7.35158973839134e-05, 0.0001225698651978746, 0.00010100167855853215, 6.0443522670539096e-05, 0.0001305374753428623, 4.2596322600729764e-05, 1.6163963664439507e-05, 0.00010265366290695965, 6.967040826566517e-05, 5.647742727887817e-05, 1.4876096429361496e-05, 1.4898350855219178e-05, 4.942576924804598e-05, 2.9749819077551365e-05, 2.0657900677178986e-05, 3.056772402487695e-05, 6.305178976617754e-05, 1.7403721358277835e-05, 1.2924974726047367e-05, 1.4622848539147526e-05, 1.1805756003013812e-05, 1.676877036516089e-05, 1.3954317182651721e-05, 1.5242125300574116e-05, 1.259734017367009e-05, 2.1556335923378356e-05, 1.18947027658578e-05, 1.1311653906886932e-05, 1.6280298950732686e-05, 7.428731805703137e-06, 7.381994237221079e-06, 7.426601769111585e-06, 7.561569418612635e-06, 6.502149517473299e-06, 4.914980763714993e-06, 3.477847940303036e-06, 2.6013440219685435e-06, 2.7481823963171337e-06, 4.075539891346125e-06, 2.6504581001063343e-06, 2.0743693767144578e-06, 2.1756297883257503e-06, 2.506978262317716e-06, 1.930980033648666e-06, 2.1981393274472794e-06, 2.597335196696804e-06, 2.8173001282993937e-06, 2.828064452842227e-06, 2.4881003355403664e-06, 1.8451236201144638e-06, 2.2193003132997546e-06, 2.104759005305823e-06, 1.8522392792874598e-06, 2.356907089051674e-06, 1.7832747971624485e-06, 1.9825995423161658e-06, 1.51987308072421e-06, 1.5284209666788229e-06, 1.9067057337451843e-06, 1.8166008430853253e-06, 1.5037696812214563e-06, 1.4580066363123478e-06, 1.3942625400886755e-06, 1.5322827948693885e-06, 1.5898725678198389e-06, 1.4442707652051467e-06, 1.275910904041666e-06, 1.3389397963692318e-06, 6.139248966974264e-07, 1.7097693927325963e-08, 6.841336525065245e-12, 6.130733941345223e-12, 5.8475416349346165e-12, 5.65505238123154e-12, 5.4825393357160745e-12, 5.351786288437799e-12, 5.209188982946422e-12, 5.0504539786389024e-12, 4.954626552783337e-12, 4.9158173191787835e-12], "lowlevel.melbands128.stdev": [0.0007726013427600265, 0.005641902796924114, 0.008211321197450161, 0.005953008774667978, 0.004654602613300085, 0.0035847488325089216, 0.0026825517416000366, 0.0018091327510774136, 0.0009410353959538043, 0.0004350760718807578, 0.00020887958817183971, 0.0002953939256258309, 0.00031668893643654883, 0.0004540056106634438, 0.00039818952791392803, 0.0003948706726077944, 0.0008289583493024111, 0.0006307854782789946, 0.0004515217733569443, 0.000964642851613462, 0.00032750467653386295, 0.00010516170732444152, 6.34596508461982e-05, 0.00019195780623704195, 0.000330667506204918, 0.00037127823452465236, 0.0006200102507136762, 0.00033741729566827416, 0.0009797265520319343, 0.0004862573987338692, 0.0001721486623864621, 0.00025371232186444104, 0.0003601290809456259, 0.00011351284047123045, 0.00048240897012874484, 0.00016450422117486596, 6.569499237230048e-05, 0.00029901546076871455, 0.0001957274362212047, 8.433774928562343e-05, 9.734270861372352e-05, 0.00037367414915934205, 0.0003529902023728937, 0.00020757928723469377, 0.000727871956769377, 0.0006584186921827495, 0.0005458474042825401, 0.0004226678574923426, 0.0002740022318903357, 0.0005339903873391449, 0.00035783860948868096, 0.0001416551531292498, 0.0004505635588429868, 0.00013471631973516196, 3.130772529402748e-05, 0.000284037203527987, 0.00019540770153980702, 0.000135681068059057, 4.694974632002413e-05, 2.6746118237497285e-05, 0.00011992014333372936, 6.8228408053983e-05, 6.399866106221452e-05, 4.952415110892616e-05, 0.00010873676365008578, 3.472219395916909e-05, 2.010583739320282e-05, 2.2976813852437772e-05, 1.6306092220474966e-05, 3.280101373093203e-05, 2.0501887775026262e-05, 2.420703458483331e-05, 1.720600812404882e-05, 3.129514880129136e-05, 1.8286642443854362e-05, 1.829095526773017e-05, 2.979913006129209e-05, 9.363278877572156e-06, 1.0449401088408194e-05, 1.006467664410593e-05, 9.309027518611401e-06, 9.090802450373303e-06, 8.200128831958864e-06, 5.112947746965801e-06, 3.9906767597130965e-06, 4.618437742465176e-06, 6.963957275729626e-06, 5.472825705510331e-06, 3.993060545326443e-06, 5.980911282676971e-06, 5.72601129533723e-06, 3.860448487102985e-06, 4.512347459240118e-06, 5.6869694162742235e-06, 5.7411734815104865e-06, 5.5818659348005895e-06, 4.492498646868626e-06, 2.8917550025653327e-06, 3.110158104391303e-06, 2.8053084406565176e-06, 2.7532710191735532e-06, 3.553600663508405e-06, 2.5847396045719506e-06, 2.627051799208857e-06, 2.05163223654381e-06, 2.1581035980489105e-06, 2.4479711555613903e-06, 2.562403096817434e-06, 2.156352593374322e-06, 2.2182234715728555e-06, 2.170820835090126e-06, 2.411666173429694e-06, 2.2757546958018793e-06, 2.0223226329108e-06, 1.6903410369195626e-06, 1.8491590481062303e-06, 9.201195894092962e-07, 5.7678299469898775e-08, 9.256361302445448e-12, 8.78008256377516e-12, 8.475447774158873e-12, 8.26069074255642e-12, 8.072291966809697e-12, 7.85588521318159e-12, 7.519662843791242e-12, 7.170485125801429e-12, 7.0463704315848474e-12, 6.99925404093471e-12], "lowlevel.mfcc.mean": [-613.5590209960938, 82.28472900390625, -16.354141235351562, 20.51250648498535, 6.742668151855469, 6.849512577056885, 9.996882438659668, 1.842917799949646, 14.380326271057129, 6.823838710784912, 7.28598165512085, 6.832769393920898, 8.641959190368652], "lowlevel.spectral_contrast_coeffs.mean": [-0.7272346019744873, -0.7291524410247803, -0.735080897808075, -0.747870922088623, -0.7686373591423035, -0.7218027114868164], "lowlevel.spectral_contrast_coeffs.stdev": [0.07003377377986908, 0.07352184504270554, 0.07025917619466782, 0.06350178271532059, 0.048758961260318756, 0.05256880447268486], "lowlevel.spectral_contrast_valleys.mean": [-7.364649772644043, -7.103641986846924, -7.413654327392578, -7.342835426330566, -7.108865737915039, -9.929269790649414], "lowlevel.spectral_contrast_valleys.stdev": [0.8919335007667542, 0.707071840763092, 0.6679143309593201, 0.6466171145439148, 0.6545668244361877, 0.9071939587593079], "rhythm.beats_loudness_band_ratio.mean": [0.6686326861381531, 0.023518964648246765, 0.044113900512456894, 0.062165986746549606, 0.1467885822057724, 0.06460805982351303], "rhythm.beats_loudness_band_ratio.stdev": [0.14368893206119537, 0.024248503148555756, 0.04144599661231041, 0.06953055411577225, 0.08656224608421326, 0.036521703004837036], "tonal.hpcp.mean": [0.18507252633571625, 0.17637450993061066, 0.09173253923654556, 0.06956147402524948, 0.051514334976673126, 0.04230616241693497, 0.11292191594839096, 0.14790940284729004, 0.09616959095001221, 0.07935772836208344, 0.06661469489336014, 0.0762644112110138, 0.20970368385314941, 0.2263532429933548, 0.10114589333534241, 0.054095081984996796, 0.03336435183882713, 0.023577626794576645, 0.054123103618621826, 0.06511219590902328, 0.04368114098906517, 0.09178230911493301, 0.1151413843035698, 0.0626942440867424, 0.04004719853401184, 0.0492861233651638, 0.09539715945720673, 0.1979818344116211, 0.18377922475337982, 0.08215939253568649, 0.05723452940583229, 0.061418548226356506, 0.07424457371234894, 0.2030557096004486, 0.2759517431259155, 0.17854954302310944], "tonal.hpcp.stdev": [0.3004653751850128, 0.2846758961677551, 0.20382489264011383, 0.19880564510822296, 0.1668328195810318, 0.1450323462486267, 0.23687095940113068, 0.28847745060920715, 0.22224783897399902, 0.19909732043743134, 0.1868925243616104, 0.19021198153495789, 0.3126242160797119, 0.3164292275905609, 0.21499529480934143, 0.15669776499271393, 0.11989562958478928, 0.07672028243541718, 0.12596732378005981, 0.13601820170879364, 0.11290302127599716, 0.1511160284280777, 0.1945435255765915, 0.15118300914764404, 0.12949799001216888, 0.14846548438072205, 0.2233729511499405, 0.311043381690979, 0.3035491704940796, 0.1721576303243637, 0.1698838174343109, 0.1780834197998047, 0.19532689452171326, 0.2801220715045929, 0.345540851354599, 0.2788582146167755], "rhythm.beats_position": [0.5921088457107544, 1.1842176914215088, 1.7647165060043335, 2.321995496749878, 2.879274368286133, 3.4365532398223877, 3.9938321113586426, 4.574330806732178, 5.131609916687012, 5.6888885498046875, 6.2461676597595215, 6.8034467697143555, 7.360725402832031, 7.929614543914795, 8.498503684997559, 9.055782318115234, 9.61306095123291, 10.170339584350586, 10.727619171142578, 11.284897804260254, 11.85378646850586, 12.422675132751465, 12.979954719543457, 13.537233352661133, 14.094511985778809, 14.663400650024414, 15.209070205688477, 15.766348838806152], "rhythm.bpm_histogram": [0.0, 0.0, 0.0, 0.0, 0.0, 0.0, 0.0, 0.0, 0.0, 0.0, 0.0, 0.0, 0.0, 0.0, 0.0, 0.0, 0.0, 0.0, 0.0, 0.0, 0.0, 0.0, 0.0, 0.0, 0.0, 0.0, 0.0, 0.0, 0.0, 0.0, 0.0, 0.0, 0.0, 0.0, 0.0, 0.0, 0.0, 0.0, 0.0, 0.0, 0.0, 0.0, 0.0, 0.0, 0.0, 0.0, 0.0, 0.0, 0.0, 0.0, 0.0, 0.0, 0.0, 0.0, 0.0, 0.0, 0.0, 0.0, 0.0, 0.0, 0.0, 0.0, 0.0, 0.0, 0.0, 0.0, 0.0, 0.0, 0.0, 0.0, 0.0, 0.0, 0.0, 0.0, 0.0, 0.0, 0.0, 0.0, 0.0, 0.0, 0.0, 0.0, 0.0, 0.0, 0.0, 0.0, 0.0, 0.0, 0.0, 0.0, 0.0, 0.0, 0.0, 0.0, 0.0, 0.0, 0.0, 0.0, 0.0, 0.0, 0.0, 0.03703703731298447, 0.0, 0.07407407462596893, 0.0, 0.18518517911434174, 0.0, 0.0, 0.6666666865348816, 0.0, 0.03703703731298447, 0.0, 0.0, 0.0, 0.0, 0.0, 0.0, 0.0, 0.0, 0.0, 0.0, 0.0, 0.0, 0.0, 0.0, 0.0, 0.0, 0.0, 0.0, 0.0, 0.0, 0.0, 0.0, 0.0, 0.0, 0.0, 0.0, 0.0, 0.0, 0.0, 0.0, 0.0, 0.0, 0.0, 0.0, 0.0, 0.0, 0.0, 0.0, 0.0, 0.0, 0.0, 0.0, 0.0, 0.0, 0.0, 0.0, 0.0, 0.0, 0.0, 0.0, 0.0, 0.0, 0.0, 0.0, 0.0, 0.0, 0.0, 0.0, 0.0, 0.0, 0.0, 0.0, 0.0, 0.0, 0.0, 0.0, 0.0, 0.0, 0.0, 0.0, 0.0, 0.0, 0.0, 0.0, 0.0, 0.0, 0.0, 0.0, 0.0, 0.0, 0.0, 0.0, 0.0, 0.0, 0.0, 0.0, 0.0, 0.0, 0.0, 0.0, 0.0, 0.0, 0.0, 0.0, 0.0, 0.0, 0.0, 0.0, 0.0, 0.0, 0.0, 0.0, 0.0, 0.0, 0.0, 0.0, 0.0, 0.0, 0.0, 0.0, 0.0, 0.0, 0.0, 0.0, 0.0, 0.0, 0.0, 0.0, 0.0, 0.0, 0.0, 0.0, 0.0, 0.0, 0.0, 0.0, 0.0, 0.0, 0.0, 0.0, 0.0, 0.0, 0.0, 0.0, 0.0, 0.0, 0.0, 0.0, 0.0], "tonal.chords_histogram": [43.30484390258789, 5.413105487823486, 0.0, 0.5698005557060242, 0.0, 0.0, 0.0, 6.267806053161621, 0.0, 9.116808891296387, 0.0, 0.0, 0.0, 0.0, 0.0, 0.0, 0.0, 0.0, 5.698005676269531, 0.0, 0.0, 0.0, 20.512821197509766, 9.116808891296387], "tonal.thpcp": [1.0, 0.6470317840576172, 0.6706699132919312, 0.6391498446464539, 0.3324224054813385, 0.25207841396331787, 0.18667878210544586, 0.15331000089645386, 0.40920892357826233, 0.5359973311424255, 0.3485014736652374, 0.287578284740448, 0.24139979481697083, 0.276368647813797, 0.759928822517395, 0.8202638626098633, 0.3665347099304199, 0.19603094458580017, 0.12090647220611572, 0.08544111996889114, 0.19613249599933624, 0.23595501482486725, 0.15829268097877502, 0.33260273933410645, 0.4172518849372864, 0.22719277441501617, 0.1451239138841629, 0.1786041408777237, 0.34570232033729553, 0.7174509167671204, 0.6659832000732422, 0.2977310121059418, 0.20740774273872375, 0.22256988286972046, 0.26904910802841187, 0.7358377575874329], "lowlevel.gfcc.cov": [[4117.52734375, 35.275054931640625, 31.53105354309082, 179.1051788330078, 13.733268737792969, 178.9070281982422, 14.48685073852539, 47.574459075927734, -93.07060241699219, -56.818077087402344, -158.14854431152344, -73.21414184570312, -112.93767547607422], [35.275054931640625, 1078.1207275390625, 84.01898956298828, 287.54156494140625, 222.52481079101562, -36.713741302490234, 127.78793334960938, -13.014606475830078, -18.745859146118164, 19.591123580932617, 43.15919494628906, -109.0637435913086, 9.75296401977539], [31.53105354309082, 84.01898956298828, 672.1644287109375, 278.37103271484375, 60.989173889160156, 126.82884216308594, -27.45760154724121, 36.628807067871094, 49.71065139770508, -18.0881290435791, 77.66104125976562, 79.2041244506836, -85.73421478271484], [179.1051788330078, 287.54156494140625, 278.37103271484375, 569.0321655273438, 197.10101318359375, 49.36806869506836, 85.54863739013672, 128.6405487060547, 70.26412200927734, -55.81695556640625, 56.53785705566406, 15.760660171508789, -45.779457092285156], [13.733268737792969, 222.52481079101562, 60.989173889160156, 197.10101318359375, 317.1825866699219, 82.42613220214844, 136.09552001953125, 110.60631561279297, 47.649410247802734, 62.377933502197266, 31.185392379760742, 4.477190971374512, 39.23223114013672], [178.9070281982422, -36.713741302490234, 126.82884216308594, 49.36806869506836, 82.42613220214844, 349.0313720703125, 87.6221694946289, -12.915526390075684, 22.8867130279541, 27.432254791259766, 21.60422706604004, -56.947715759277344, -5.904521942138672], [14.48685073852539, 127.78793334960938, -27.45760154724121, 85.54863739013672, 136.09552001953125, 87.6221694946289, 206.60206604003906, 105.39286804199219, 42.99614334106445, 57.586273193359375, 29.467546463012695, 0.4177679717540741, 30.929685592651367], [47.574459075927734, -13.014606475830078, 36.628807067871094, 128.6405487060547, 110.60631561279297, -12.915526390075684, 105.39286804199219, 207.80282592773438, 88.31241607666016, 30.40650749206543, 49.575748443603516, 77.2903060913086, 45.141300201416016], [-93.07060241699219, -18.745859146118164, 49.71065139770508, 70.26412200927734, 47.649410247802734, 22.8867130279541, 42.99614334106445, 88.31241607666016, 129.60980224609375, 68.54660034179688, 59.30670928955078, 59.8775634765625, 36.735652923583984], [-56.818077087402344, 19.591123580932617, -18.0881290435791, -55.81695556640625, 62.377933502197266, 27.432254791259766, 57.586273193359375, 30.40650749206543, 68.54660034179688, 163.41445922851562, 83.54218292236328, 41.25759506225586, 52.888614654541016], [-158.14854431152344, 43.15919494628906, 77.66104125976562, 56.53785705566406, 31.185392379760742, 21.60422706604004, 29.467546463012695, 49.575748443603516, 59.30670928955078, 83.54218292236328, 148.4019012451172, 77.45648193359375, 36.57064437866211], [-73.21414184570312, -109.0637435913086, 79.2041244506836, 15.760660171508789, 4.477190971374512, -56.947715759277344, 0.4177679717540741, 77.2903060913086, 59.8775634765625, 41.25759506225586, 77.45648193359375, 146.5128631591797, 44.528072357177734], [-112.93767547607422, 9.75296401977539, -85.73421478271484, -45.779457092285156, 39.23223114013672, -5.904521942138672, 30.929685592651367, 45.141300201416016, 36.735652923583984, 52.888614654541016, 36.57064437866211, 44.528072357177734, 127.78490447998047]], "lowlevel.gfcc.icov": [[0.00032897500204853714, -0.00017738781752996147, 0.00021568051306530833, -0.0003358705434948206, 0.0003740133251994848, -0.0005926305893808603, 0.00047788102529011667, -0.0006680176011286676, 0.0007527804700657725, -0.0008004356059245765, 0.0009409078629687428, -0.0006317498628050089, 0.00037251581670716405], [-0.00017738781752996147, 0.002130142180249095, -0.0009078100556507707, -0.00031787031912244856, -0.0012708378490060568, 0.002235859865322709, -0.0020652180537581444, 0.0020990842022001743, -0.0006028026691637933, 0.0009842095896601677, -0.0023124651052057743, 0.0035011779982596636, -0.0015827544266358018], [0.00021568051306530833, -0.0009078100556507707, 0.0034427675418555737, -0.0013197495136409998, 0.0004808053490705788, -0.0027559620793908834, 0.0024777106009423733, -0.0010919015621766448, 0.0008703553467057645, -0.0011214811820536852, 0.001203848049044609, -0.004394904710352421, 0.003008875297382474], [-0.0003358705434948206, -0.00031787031912244856, -0.0013197495136409998, 0.0050951167941093445, -0.00281340628862381, 0.0012219896307215095, -0.0010658625978976488, -5.04591480421368e-05, -0.0036997145507484674, 0.0053757173009216785, -0.003727099159732461, 0.0019937430042773485, 0.0010739128338173032], [0.0003740133251994848, -0.0012708378490060568, 0.0004808053490705788, -0.00281340628862381, 0.007852737791836262, -0.002524393377825618, 9.278566722059622e-05, -0.003740325104445219, 0.0035222102887928486, -0.005545425694435835, 0.004473342560231686, -0.0019644778221845627, -0.0007995622581802309], [-0.0005926305893808603, 0.002235859865322709, -0.0027559620793908834, 0.0012219896307215095, -0.002524393377825618, 0.007784704677760601, -0.005266283638775349, 0.004620738793164492, -0.0037289862520992756, 0.0034895031712949276, -0.005095771513879299, 0.0075115240179002285, -0.002859964035451412], [0.00047788102529011667, -0.0020652180537581444, 0.0024777106009423733, -0.0010658625978976488, 9.278566722059622e-05, -0.005266283638775349, 0.012941975146532059, -0.007952996529638767, 0.0035331801045686007, -0.005243503022938967, 0.00355981825850904, -0.003008381463587284, 0.0024496284313499928], [-0.0006680176011286676, 0.0020990842022001743, -0.0010919015621766448, -5.04591480421368e-05, -0.003740325104445219, 0.004620738793164492, -0.007952996529638767, 0.015636561438441277, -0.007794026751071215, 0.006105531007051468, -0.003801383078098297, -0.00013777233834844083, -0.0028886597137898207], [0.0007527804700657725, -0.0006028026691637933, 0.0008703553467057645, -0.0036997145507484674, 0.0035222102887928486, -0.0037289862520992756, 0.0035331801045686007, -0.007794026751071215, 0.019037438556551933, -0.010293065570294857, 0.004330589435994625, -0.004712353926151991, -0.00019573637109715492], [-0.0008004356059245765, 0.0009842095896601677, -0.0011214811820536852, 0.0053757173009216785, -0.005545425694435835, 0.0034895031712949276, -0.005243503022938967, 0.006105531007051468, -0.010293065570294857, 0.01940094120800495, -0.011385075747966766, 0.004002017434686422, -0.0018400269327685237], [0.0009409078629687428, -0.0023124651052057743, 0.001203848049044609, -0.003727099159732461, 0.004473342560231686, -0.005095771513879299, 0.00355981825850904, -0.003801383078098297, 0.004330589435994625, -0.011385075747966766, 0.019692175090312958, -0.010895876213908195, 0.0009811987401917577], [-0.0006317498628050089, 0.0035011779982596636, -0.004394904710352421, 0.0019937430042773485, -0.0019644778221845627, 0.0075115240179002285, -0.003008381463587284, -0.00013777233834844083, -0.004712353926151991, 0.004002017434686422, -0.010895876213908195, 0.022868357598781586, -0.006485042627900839], [0.00037251581670716405, -0.0015827544266358018, 0.003008875297382474, 0.0010739128338173032, -0.0007995622581802309, -0.002859964035451412, 0.0024496284313499928, -0.0028886597137898207, -0.00019573637109715492, -0.0018400269327685237, 0.0009811987401917577, -0.006485042627900839, 0.014016821049153805]], "lowlevel.mfcc.cov": [[3003.10009765625, -60.818511962890625, -15.757854461669922, 32.7707405090332, -0.951227068901062, 87.47769165039062, 89.5614242553711, 76.12428283691406, 55.75579071044922, 42.59782409667969, -76.22575378417969, -54.25362014770508, -52.6694221496582], [-60.818511962890625, 799.3046264648438, -74.54320526123047, 196.0101318359375, 26.086023330688477, 40.473655700683594, 121.24850463867188, -91.0642318725586, 54.77650451660156, -18.32926368713379, 12.74649715423584, 47.13420867919922, 41.073387145996094], [-15.757854461669922, -74.54320526123047, 616.06640625, 68.75867462158203, 146.44448852539062, 96.12802124023438, -30.147903442382812, 112.88038635253906, -107.3203353881836, -28.23362922668457, 67.40928649902344, 28.405534744262695, -1.9286718368530273], [32.7707405090332, 196.0101318359375, 68.75867462158203, 539.4555053710938, 155.29164123535156, -51.162837982177734, 61.15803146362305, 131.21237182617188, 71.2257080078125, -60.6868896484375, 77.90065002441406, 125.26593780517578, 27.08187484741211], [-0.951227068901062, 26.086023330688477, 146.44448852539062, 155.29164123535156, 229.5762481689453, 75.66143035888672, 53.54186248779297, 81.44548797607422, 20.491514205932617, 22.240367889404297, 32.92729187011719, 31.71504020690918, 17.115524291992188], [87.47769165039062, 40.473655700683594, 96.12802124023438, -51.162837982177734, 75.66143035888672, 252.08407592773438, 100.00813293457031, 6.882807731628418, 6.075373649597168, 84.36055755615234, 18.783472061157227, -16.01012420654297, 3.5560245513916016], [89.5614242553711, 121.24850463867188, -30.147903442382812, 61.15803146362305, 53.54186248779297, 100.00813293457031, 207.4634552001953, 47.30559158325195, 63.962257385253906, 54.9195556640625, 35.64175796508789, 30.033863067626953, 23.6710262298584], [76.12428283691406, -91.0642318725586, 112.88038635253906, 131.21237182617188, 81.44548797607422, 6.882807731628418, 47.30559158325195, 192.34547424316406, 46.31989288330078, 8.42241382598877, 44.69186782836914, 39.59465408325195, -3.3195056915283203], [55.75579071044922, 54.77650451660156, -107.3203353881836, 71.2257080078125, 20.491514205932617, 6.075373649597168, 63.962257385253906, 46.31989288330078, 159.19020080566406, 53.88637924194336, 1.6630668640136719, 23.88192367553711, 32.945796966552734], [42.59782409667969, -18.32926368713379, -28.23362922668457, -60.6868896484375, 22.240367889404297, 84.36055755615234, 54.9195556640625, 8.42241382598877, 53.88637924194336, 134.13925170898438, 6.51785135269165, -6.246757984161377, 20.187402725219727], [-76.22575378417969, 12.74649715423584, 67.40928649902344, 77.90065002441406, 32.92729187011719, 18.783472061157227, 35.64175796508789, 44.69186782836914, 1.6630668640136719, 6.51785135269165, 123.98538208007812, 69.50625610351562, 19.769092559814453], [-54.25362014770508, 47.13420867919922, 28.405534744262695, 125.26593780517578, 31.71504020690918, -16.01012420654297, 30.033863067626953, 39.59465408325195, 23.88192367553711, -6.246757984161377, 69.50625610351562, 142.65338134765625, 45.43387222290039], [-52.6694221496582, 41.073387145996094, -1.9286718368530273, 27.08187484741211, 17.115524291992188, 3.5560245513916016, 23.6710262298584, -3.3195056915283203, 32.945796966552734, 20.187402725219727, 19.769092559814453, 45.43387222290039, 89.50239562988281]], "lowlevel.mfcc.icov": [[0.0003601053322199732, 5.085796146886423e-05, -2.2063093638280407e-05, -0.00010852456034626812, 0.0001501184015069157, -0.0001343505282420665, -0.00015329752932302654, -0.00011367403931217268, -5.773871816927567e-05, -4.9875474360305816e-05, 0.00032010639552026987, 2.910783587140031e-05, 0.0001809147506719455], [5.085796146886423e-05, 0.001973157050088048, -0.00020526301523204893, -0.0010146923596039414, 0.00024351787578780204, -0.00026445486582815647, -0.0012655254686251283, 0.002030508127063513, -0.000641935330349952, 0.0005350835272110999, 0.00018622117931954563, -2.212608023910434e-06, -0.00012342042464297265], [-2.2063093638280407e-05, -0.00020526301523204893, 0.0030850821640342474, 0.0002092842769343406, -0.0012470881920307875, -0.0013866570079699159, 0.0013583229156211019, -0.0022350468207150698, 0.00237121875397861, 0.0006084914784878492, -0.0007703882292844355, 1.2341179171926342e-05, -0.0009103877237066627], [-0.00010852456034626812, -0.0010146923596039414, 0.0002092842769343406, 0.004349228460341692, -0.0024439336266368628, 0.0009975057328119874, 0.00010934044257737696, -0.0017635815311223269, -0.0011973786167800426, 0.0020980918779969215, -0.0008028061711229384, -0.001937346300110221, 0.0005519897094927728], [0.0001501184015069157, 0.00024351787578780204, -0.0012470881920307875, -0.0024439336266368628, 0.007819420658051968, -0.001891113119199872, -0.00039488618494942784, -0.0010048443218693137, 0.000130804066429846, -0.001190582406707108, 0.0008424773113802075, 0.0005944492295384407, -0.0009312495240010321], [-0.0001343505282420665, -0.00026445486582815647, -0.0013866570079699159, 0.0009975057328119874, -0.001891113119199872, 0.007832366041839123, -0.0032341957557946444, 0.001427160226739943, 0.00044031828292645514, -0.003479986684396863, -0.0006134175346232951, 0.000762026000302285, 0.0010408306261524558], [-0.00015329752932302654, -0.0012655254686251283, 0.0013583229156211019, 0.00010934044257737696, -0.00039488618494942784, -0.0032341957557946444, 0.008868467062711716, -0.0027143675833940506, -0.0007776671554893255, -0.0006626713438890874, -0.0013654475333169103, -0.0003636496840044856, -0.0008334795711562037], [-0.00011367403931217268, 0.002030508127063513, -0.0022350468207150698, -0.0017635815311223269, -0.0010048443218693137, 0.001427160226739943, -0.0027143675833940506, 0.011140774004161358, -0.003908979706466198, -7.297650881810114e-05, -0.001260695280507207, -0.0004583812551572919, 0.0027197827585041523], [-5.773871816927567e-05, -0.000641935330349952, 0.00237121875397861, -0.0011973786167800426, 0.000130804066429846, 0.00044031828292645514, -0.0007776671554893255, -0.003908979706466198, 0.01217298861593008, -0.004329396411776543, 0.001560292555950582, 6.696503987768665e-05, -0.003190796123817563], [-4.9875474360305816e-05, 0.0005350835272110999, 0.0006084914784878492, 0.0020980918779969215, -0.001190582406707108, -0.003479986684396863, -0.0006626713438890874, -7.297650881810114e-05, -0.004329396411776543, 0.013346463441848755, -0.0012276036432012916, 0.000311193463858217, -0.0016616336070001125], [0.00032010639552026987, 0.00018622117931954563, -0.0007703882292844355, -0.0008028061711229384, 0.0008424773113802075, -0.0006134175346232951, -0.0013654475333169103, -0.001260695280507207, 0.001560292555950582, -0.0012276036432012916, 0.012898300774395466, -0.0053189764730632305, 6.051604577805847e-05], [2.910783587140031e-05, -2.212608023910434e-06, 1.2341179171926342e-05, -0.001937346300110221, 0.0005944492295384407, 0.000762026000302285, -0.0003636496840044856, -0.0004583812551572919, 6.696503987768665e-05, 0.000311193463858217, -0.0053189764730632305, 0.013068711385130882, -0.005014192312955856], [0.0001809147506719455, -0.00012342042464297265, -0.0009103877237066627, 0.0005519897094927728, -0.0009312495240010321, 0.0010408306261524558, -0.0008334795711562037, 0.0027197827585041523, -0.003190796123817563, -0.0016616336070001125, 6.051604577805847e-05, -0.005014192312955856, 0.015688670799136162]], "metadata.audio_properties.analysis.downmix": "mix", "metadata.audio_properties.codec": "mp3", "metadata.audio_properties.md5_encoded": "df95fc0cbabe1dc8db2f6147cab2f5e0", "metadata.tags.file_name": "1182286084298776586.mp3", "metadata.version.essentia": "2.1-beta6-dev", "metadata.version.essentia_git_sha": "v2.1_beta5-1110-g77a6a954", "metadata.version.extractor": "music 2.0", "tonal.chords_key": "C#", "tonal.chords_scale": "minor", "tonal.key_edma.key": "F#", "tonal.key_edma.scale": "minor", "tonal.key_krumhansl.key": "F#", "tonal.key_krumhansl.scale": "minor", "tonal.key_temperley.key": "C#", "tonal.key_temperley.scale": "minor", "metadata.tags.encoding": ["Lavf58.45.100"]}, "essentia_models": [{"model_name": "genre_dortmund", "activations": {"alternative": "0.013554315", "blues": "0.001686893", "electronic": "0.08514825", "folkcountry": "0.015992716", "funksoulrnb": "0.02912272", "jazz": "0.0029740487", "pop": "0.54885066", "raphiphop": "0.16089316", "rock": "0.018901404"}}, {"model_name": "genre_rosamerica", "activations": {"classic": "0.005802594", "dance": "0.5469739", "hip hop": "0.124043405", "jazz": "0.0030271648", "pop": "0.608355", "rhythm and blues": "0.028636536", "rock": "0.002784365", "speech": "0.007103601"}}, {"model_name": "genre_tzanetakis", "activations": {"blues": "0.001225001", "classic": "0.0011355752", "country": "0.005581719", "disco": "0.10803199", "hip hop": "0.10170108", "jazz": "0.00068709865", "metal": "0.0016286264", "pop": "0.65890133", "reggae": "0.033141334", "rock": "0.0056944382"}}, {"model_name": "genre_electroni