{"song_id": "1182266005314088960", "download": "https://cdn.discordapp.com/attachments/1135903449314238464/1182266005314088960/chirp.mp4?ex=65841205&amp", "lyrics": "Brush your teeth up and down\n\nClean along gaps with care\nCavities go buzz buzz away\n\nTooth by tooth ding ding hooray\n\nChorus:\nHappily sing tra la la\nBrush diligently everyday\nFight tooth decay\nSmile bright, hip hip hooray\n\nVerse 2:\nCircle round those whites\n\nShoo away tiny bugs\n\nTooth by tooth make bright\nRinse and gargle after right\n\nChorus:\n\nHappily sing tra la la\nBrush diligently everyday\nFight tooth decay\nSmile bright, hip hip hooray", "style": ["happy song for kids"], "essentia_features": {"lowlevel.average_loudness": 0.970839262008667, "lowlevel.barkbands_crest.mean": 12.426360130310059, "lowlevel.barkbands_crest.stdev": 5.1243462562561035, "lowlevel.barkbands_flatness_db.mean": 0.13117505609989166, "lowlevel.barkbands_flatness_db.stdev": 0.05377059057354927, "lowlevel.barkbands_kurtosis.mean": 3.418348789215088, "lowlevel.barkbands_kurtosis.stdev": 6.606818199157715, "lowlevel.barkbands_skewness.mean": 0.9922415018081665, "lowlevel.barkbands_skewness.stdev": 1.3870093822479248, "lowlevel.barkbands_spread.mean": 28.210853576660156, "lowlevel.barkbands_spread.stdev": 16.34188461303711, "lowlevel.dissonance.mean": 0.45701202750205994, "lowlevel.dissonance.stdev": 0.038825541734695435, "lowlevel.dynamic_complexity": 3.785647392272949, "lowlevel.erbbands_crest.mean": 13.826512336730957, "lowlevel.erbbands_crest.stdev": 7.63667106628418, "lowlevel.erbbands_flatness_db.mean": 0.17139749228954315, "lowlevel.erbbands_flatness_db.stdev": 0.05410822853446007, "lowlevel.erbbands_kurtosis.mean": 2.815168619155884, "lowlevel.erbbands_kurtosis.stdev": 6.700050354003906, "lowlevel.erbbands_skewness.mean": 0.6826288104057312, "lowlevel.erbbands_skewness.stdev": 1.2866551876068115, "lowlevel.erbbands_spread.mean": 35.78044891357422, "lowlevel.erbbands_spread.stdev": 20.45686912536621, "lowlevel.hfc.mean": 24.704565048217773, "lowlevel.hfc.stdev": 23.383914947509766, "lowlevel.loudness_ebu128.integrated": -17.27250099182129, "lowlevel.loudness_ebu128.loudness_range": 1.853658676147461, "lowlevel.loudness_ebu128.momentary.mean": -17.701393127441406, "lowlevel.loudness_ebu128.momentary.stdev": 1.984675407409668, "lowlevel.loudness_ebu128.short_term.mean": -17.328039169311523, "lowlevel.loudness_ebu128.short_term.stdev": 0.6642259955406189, "lowlevel.melbands_crest.mean": 17.87862777709961, "lowlevel.melbands_crest.stdev": 7.979161262512207, "lowlevel.melbands_flatness_db.mean": 0.17384526133537292, "lowlevel.melbands_flatness_db.stdev": 0.06678489595651627, "lowlevel.melbands_kurtosis.mean": 11.807677268981934, "lowlevel.melbands_kurtosis.stdev": 22.150577545166016, "lowlevel.melbands_skewness.mean": 2.040745258331299, "lowlevel.melbands_skewness.stdev": 2.213029623031616, "lowlevel.melbands_spread.mean": 35.88732147216797, "lowlevel.melbands_spread.stdev": 27.50115203857422, "lowlevel.pitch_salience.mean": 0.4895213544368744, "lowlevel.pitch_salience.stdev": 0.1419197916984558, "lowlevel.silence_rate_20dB.mean": 1.0, "lowlevel.silence_rate_20dB.stdev": 0.0, "lowlevel.silence_rate_30dB.mean": 0.9986953735351562, "lowlevel.silence_rate_30dB.stdev": 0.03609621152281761, "lowlevel.silence_rate_60dB.mean": 0.09980430454015732, "lowlevel.silence_rate_60dB.stdev": 0.2997409999370575, "lowlevel.spectral_centroid.mean": 1977.3753662109375, "lowlevel.spectral_centroid.stdev": 780.826416015625, "lowlevel.spectral_complexity.mean": 12.701239585876465, "lowlevel.spectral_complexity.stdev": 9.067663192749023, "lowlevel.spectral_decrease.mean": -5.6079234589390126e-09, "lowlevel.spectral_decrease.stdev": 4.924832541775004e-09, "lowlevel.spectral_energy.mean": 0.0234063770622015, "lowlevel.spectral_energy.stdev": 0.020427720621228218, "lowlevel.spectral_energyband_high.mean": 0.001262080855667591, "lowlevel.spectral_energyband_high.stdev": 0.0011713162530213594, "lowlevel.spectral_energyband_low.mean": 0.004644713830202818, "lowlevel.spectral_energyband_low.stdev": 0.007840837351977825, "lowlevel.spectral_energyband_middle_high.mean": 0.009633510373532772, "lowlevel.spectral_energyband_middle_high.stdev": 0.016251353546977043, "lowlevel.spectral_energyband_middle_low.mean": 0.008159175515174866, "lowlevel.spectral_energyband_middle_low.stdev": 0.010598248802125454, "lowlevel.spectral_entropy.mean": 7.769270896911621, "lowlevel.spectral_entropy.stdev": 0.3868604004383087, "lowlevel.spectral_flux.mean": 0.0772995874285698, "lowlevel.spectral_flux.stdev": 0.04683542624115944, "lowlevel.spectral_kurtosis.mean": 2.3387954235076904, "lowlevel.spectral_kurtosis.stdev": 1.3351690769195557, "lowlevel.spectral_rms.mean": 0.0042962199077010155, "lowlevel.spectral_rms.stdev": 0.0020923649426549673, "lowlevel.spectral_rolloff.mean": 2204.54248046875, "lowlevel.spectral_rolloff.stdev": 1893.642822265625, "lowlevel.spectral_skewness.mean": 1.0106509923934937, "lowlevel.spectral_skewness.stdev": 0.3367636203765869, "lowlevel.spectral_spread.mean": 4883261.5, "lowlevel.spectral_spread.stdev": 743437.8125, "lowlevel.spectral_strongpeak.mean": 2.1936774253845215, "lowlevel.spectral_strongpeak.stdev": 2.857546091079712, "lowlevel.zerocrossingrate.mean": 0.08475740998983383, "lowlevel.zerocrossingrate.stdev": 0.043800629675388336, "metadata.audio_properties.analysis.equal_loudness": 0.0, "metadata.audio_properties.analysis.length": 35.562652587890625, "metadata.audio_properties.analysis.sample_rate": 44100.0, "metadata.audio_properties.analysis.start_time": 0.0, "metadata.audio_properties.bit_rate": 120998.0, "metadata.audio_properties.length": 35.56266784667969, "metadata.audio_properties.lossless": 0.0, "metadata.audio_properties.number_channels": 1.0, "metadata.audio_properties.replay_gain": -10.241485595703125, "metadata.audio_properties.sample_rate": 48000.0, "rhythm.beats_count": 60.0, "rhythm.beats_loudness.mean": 0.035867754369974136, "rhythm.beats_loudness.stdev": 0.015421614982187748, "rhythm.bpm": 102.02236938476562, "rhythm.bpm_histogram_first_peak_bpm": 101.0, "rhythm.bpm_histogram_first_peak_weight": 0.4067796468734741, "rhythm.bpm_histogram_second_peak_bpm": 0.0, "rhythm.bpm_histogram_second_peak_spread": 0.0, "rhythm.bpm_histogram_second_peak_weight": 0.0, "rhythm.danceability": 1.7533172369003296, "rhythm.onset_rate": 3.8218801021575928, "tonal.chords_changes_rate": 0.07170795649290085, "tonal.chords_number_rate": 0.009126466698944569, "tonal.chords_strength.mean": 0.490589439868927, "tonal.chords_strength.stdev": 0.08970504254102707, "tonal.hpcp_crest.mean": 17.57494354248047, "tonal.hpcp_crest.stdev": 7.722976207733154, "tonal.hpcp_entropy.mean": 1.4617557525634766, "tonal.hpcp_entropy.stdev": 0.7173247337341309, "tonal.key_edma.strength": 0.6039620637893677, "tonal.key_krumhansl.strength": 0.5872464179992676, "tonal.key_temperley.strength": 0.5694330334663391, "tonal.tuning_diatonic_strength": 0.46631139516830444, "tonal.tuning_equal_tempered_deviation": 0.23697131872177124, "tonal.tuning_frequency": 434.193115234375, "tonal.tuning_nontempered_energy_ratio": 0.9705155491828918, "lowlevel.barkbands.mean": [0.0009005585452541709, 0.0033547435887157917, 0.0003326902515254915, 0.0005200875457376242, 0.001734952093102038, 0.0011269054375588894, 0.0002875901118386537, 0.0009269726579077542, 0.0030490432400256395, 0.0010229049948975444, 0.0028818000573664904, 0.00118539622053504, 0.0029970677569508553, 0.0004759992007166147, 0.0002584556641522795, 0.00037858146242797375, 0.00027403314015828073, 0.00010414911230327561, 0.0002147969207726419, 0.00025247089797630906, 0.0004562486719805747, 0.00028949780971743166, 0.00024029619817156345, 6.886626215418801e-05, 3.095185093116015e-05, 3.695449777296744e-05, 4.3619456846499816e-06], "lowlevel.barkbands.stdev": [0.0013462540227919817, 0.006506338715553284, 0.0010072775185108185, 0.0011999052949249744, 0.003467245027422905, 0.0020269553642719984, 0.0007318308926187456, 0.0032676176633685827, 0.007207534741610289, 0.004039747174829245, 0.007803244981914759, 0.005841799080371857, 0.010664933361113071, 0.002376585965976119, 0.0005480623221956193, 0.0009458800777792931, 0.0005255662254057825, 0.00014139272389002144, 0.0003014393150806427, 0.0003289631276857108, 0.00048239660100080073, 0.00030995073029771447, 0.00024799274979159236, 7.421789632644504e-05, 3.890229345415719e-05, 4.223692667437717e-05, 6.907808256073622e-06], "lowlevel.erbbands.mean": [0.1776002198457718, 0.42782777547836304, 0.45705896615982056, 1.0098893642425537, 5.754810333251953, 4.2611083984375, 6.37568998336792, 9.720757484436035, 4.309530735015869, 8.55141830444336, 31.145978927612305, 85.68611145019531, 34.77981185913086, 46.26169967651367, 107.8786392211914, 79.47773742675781, 148.54327392578125, 30.14516830444336, 15.484773635864258, 19.263324737548828, 21.052400588989258, 12.06163215637207, 5.881316184997559, 10.23564624786377, 10.71452808380127, 11.677650451660156, 15.974400520324707, 17.77510643005371, 10.636367797851562, 10.192798614501953, 5.511430263519287, 1.8085649013519287, 1.044883370399475, 0.42349952459335327, 0.17466796934604645, 0.08471797406673431, 0.08022093772888184, 0.02314668521285057, 0.00048704762593843043, 4.148195148445666e-05], "lowlevel.erbbands.stdev": [0.29619699716567993, 1.2147331237792969, 1.4766242504119873, 1.9624563455581665, 12.838658332824707, 9.112310409545898, 11.704720497131348, 20.541982650756836, 12.306687355041504, 22.180814743041992, 88.9063949584961, 200.35894775390625, 133.6231689453125, 112.7136459350586, 291.08074951171875, 300.5865173339844, 514.201171875, 125.81781005859375, 36.97599411010742, 41.045379638671875, 43.417301177978516, 19.239721298217773, 7.826190948486328, 15.14870834350586, 14.778006553649902, 13.84670352935791, 18.59013557434082, 19.247140884399414, 11.401529312133789, 11.079629898071289, 5.483570575714111, 1.908755898475647, 1.2059508562088013, 0.554696798324585, 0.22861574590206146, 0.11710101366043091, 0.0909048318862915, 0.029532259330153465, 0.000610039453022182, 3.281091994722374e-05], "lowlevel.gfcc.mean": [-8.891706466674805, 40.69609451293945, -124.51347351074219, 30.664987564086914, -66.45354461669922, 19.1148738861084, -19.924177169799805, 3.1936893463134766, -19.511606216430664, 8.04234790802002, -21.57189178466797, 11.04628849029541, -11.446415901184082], "lowlevel.melbands.mean": [0.001240585814230144, 0.00032588449539616704, 0.0003302728873677552, 0.00037315694498829544, 0.00021699942590203136, 0.00021281515364535153, 6.188068073242903e-05, 0.00010620929242577404, 0.00031751871574670076, 0.0005020906100980937, 0.00015223004447761923, 0.00016136100748553872, 0.0004246645839884877, 0.00015555800928268582, 0.0003297724761068821, 0.00020230936934240162, 4.816455839318223e-05, 2.701979065022897e-05, 1.6879297618288547e-05, 3.078277222812176e-05, 2.5307197574875318e-05, 1.485258781031007e-05, 6.2750700635660905e-06, 5.066836365585914e-06, 8.708203495189082e-06, 7.420514066325268e-06, 8.204121513699647e-06, 7.49968512536725e-06, 9.007582775666378e-06, 1.240387064171955e-05, 9.255008080799598e-06, 6.284577466431074e-06, 4.858852207689779e-06, 6.126972039055545e-06, 3.5938435303251026e-06, 1.5060182931847521e-06, 9.743748705659527e-07, 8.339358714692935e-07, 5.29482406363968e-07, 2.844789435130224e-07], "lowlevel.melbands.stdev": [0.0021384302526712418, 0.0009978204034268856, 0.0006687917630188167, 0.0007818142184987664, 0.0003601283533498645, 0.0004228906473144889, 0.00017876614583656192, 0.0002935487136710435, 0.0007819987367838621, 0.0012146986555308104, 0.0006581899942830205, 0.0004481360665522516, 0.0011538795661181211, 0.0006589353433810174, 0.0010928973788395524, 0.0006724453996866941, 0.00027613333077169955, 7.269214256666601e-05, 3.541217665770091e-05, 8.236307621700689e-05, 5.6738794228294864e-05, 2.602359018055722e-05, 1.2977307051187381e-05, 6.64697745378362e-06, 1.3675036825588904e-05, 1.0971441952278838e-05, 1.1102207281510346e-05, 9.573094757797662e-06, 1.2255607543920632e-05, 1.4302732779469807e-05, 1.0464941624377389e-05, 7.1702938839735e-06, 5.5210448408615775e-06, 7.008249667705968e-06, 3.719148708114517e-06, 1.669998596298683e-06, 1.0917370900642709e-06, 9.835823675530264e-07, 7.079886472638464e-07, 4.1007834283846023e-07], "lowlevel.melbands128.mean": [0.0008266654913313687, 0.0018031512154266238, 0.001205163775011897, 0.0005729941767640412, 0.0002671632682904601, 0.00015061134763527662, 0.00012995976430829614, 0.0003348647733218968, 0.0007508611888624728, 0.0003418358974158764, 0.00018877886759582907, 0.00018936679407488555, 0.00018476162222214043, 0.0003047471691388637, 0.0002834752667695284, 0.0001238835830008611, 7.170811295509338e-05, 4.659876867663115e-05, 4.844616705668159e-05, 0.00010061240755021572, 0.00010525327525101602, 0.0001987103169085458, 0.0002428456355119124, 0.0005180527223274112, 0.000823725014925003, 0.00037697472725994885, 0.00011194260878255591, 0.00020907126599922776, 5.9469461120897904e-05, 0.00015073637769091874, 7.565142004750669e-05, 0.00039687639218755066, 0.000684801081661135, 0.00026899913791567087, 4.4063152017770335e-05, 0.00019028937094844878, 0.00023119758407119662, 9.258954378310591e-05, 0.0007483154186047614, 0.0003086998767685145, 6.221283547347412e-05, 1.943020470207557e-05, 4.377419099910185e-05, 7.094690226949751e-05, 3.898035720339976e-05, 1.6018590031308122e-05, 1.9164812329108827e-05, 7.1204444793693256e-06, 1.823772799980361e-05, 3.601545904530212e-05, 3.75002964574378e-05, 2.1801852199132554e-05, 1.427956249244744e-05, 3.885725527652539e-05, 2.5516574169159867e-05, 9.55215364228934e-06, 6.281576133915223e-06, 9.710171980259474e-06, 4.629107479559025e-06, 3.6882470340060536e-06, 4.468394308787538e-06, 5.6512458286306355e-06, 9.917425813910086e-06, 9.636111826694105e-06, 7.185363756434526e-06, 6.969679361645831e-06, 7.8245875556604e-06, 7.614439709868748e-06, 9.077602044271771e-06, 8.12385587778408e-06, 6.310692697297782e-06, 7.967197234393097e-06, 8.451213034277316e-06, 9.099389899347443e-06, 9.548737580189481e-06, 1.1238651495659724e-05, 1.6698641047696583e-05, 1.0136143828276545e-05, 8.483449164486956e-06, 7.180018201324856e-06, 7.1715926424076315e-06, 5.5951395552256145e-06, 4.684739906224422e-06, 4.631953288480872e-06, 5.003274509363109e-06, 6.4774030761327595e-06, 6.890422355354531e-06, 4.696741598309018e-06, 3.6420851756702177e-06, 2.6374632398074027e-06, 1.7666868643573252e-06, 1.2636139672395075e-06, 8.563354754187458e-07, 8.01327644239791e-07, 1.1614986306085484e-06, 1.2266738167454605e-06, 6.177343152558024e-07, 4.989981903236185e-07, 6.171486575112795e-07, 5.463842285280407e-07, 2.830147707300057e-07, 2.7438014171821123e-07, 2.0368077002785867e-07, 2.727711319039372e-07, 1.9069987899911212e-07, 1.4795966762903845e-07, 1.581929893745837e-07, 9.965550162860382e-08, 1.316640805271163e-07, 1.5795291119502508e-07, 1.7023479870204028e-07, 2.0422265833985875e-07, 2.985602236549312e-07, 3.198787510427792e-07, 3.004683719609602e-07, 3.224755573683069e-07, 1.8259007106280478e-07, 1.0099773462002304e-08, 4.058182175720182e-12, 3.622522204080325e-12, 3.3527987244180713e-12, 3.163170680248184e-12, 3.0968454797081213e-12, 3.03221857345104e-12, 2.9412106430926066e-12, 2.8257181750729332e-12, 2.7576543479290727e-12, 2.7355938694850757e-12], "lowlevel.melbands128.stdev": [0.0012382414424791932, 0.0029431746806949377, 0.002643250161781907, 0.0019002411281690001, 0.0009949726518243551, 0.0004228086909279227, 0.000283857953036204, 0.0008052285993471742, 0.0017201285809278488, 0.0007768946816213429, 0.000524260220117867, 0.0004256244865246117, 0.0005219451850280166, 0.0006386509048752487, 0.0007103249081410468, 0.00037768040783703327, 0.0002875772479455918, 0.00024380840477533638, 0.00013074804155621678, 0.0002944946172647178, 0.00044117256766185164, 0.0008472059271298349, 0.0010336550185456872, 0.0014928407035768032, 0.002030513947829604, 0.001610270468518138, 0.0005193244433030486, 0.0012673152377828956, 0.000218653425690718, 0.0008079654071480036, 0.00033416866790503263, 0.0011945845326408744, 0.0020244328770786524, 0.001458731829188764, 0.00022006480139680207, 0.0011031768517568707, 0.0013291172217577696, 0.0006415746756829321, 0.002994495676830411, 0.0011074586072936654, 0.0004238905676174909, 9.897081326926127e-05, 0.00030554577824659646, 0.0005023417179472744, 0.00016434678400401026, 4.403456478030421e-05, 6.0340000345604494e-05, 1.9616087229223922e-05, 4.983002145309001e-05, 0.00010632025077939034, 0.0001535584160592407, 7.958752394188195e-05, 6.564836075995117e-05, 0.00012163002247689292, 6.488827057182789e-05, 1.9758028429350816e-05, 1.8886212274082936e-05, 2.9632887162733823e-05, 1.2440179489203729e-05, 5.624312507279683e-06, 7.45784564060159e-06, 8.657756552565843e-06, 2.2797094061388634e-05, 1.6156966012204066e-05, 1.2708700523944572e-05, 1.1604075552895665e-05, 1.5094731679710094e-05, 1.3503600712283514e-05, 1.4261775504564866e-05, 1.0993621799570974e-05, 8.344614798261318e-06, 1.2875254469690844e-05, 1.7990296328207478e-05, 1.438875278836349e-05, 1.3194036000641063e-05, 1.5619370969943702e-05, 2.410561683063861e-05, 1.4242623365134932e-05, 1.1485796676424798e-05, 1.042079475155333e-05, 9.282714017899707e-06, 7.333038411161397e-06, 6.8574272518162616e-06, 5.830310328747146e-06, 6.437232059397502e-06, 8.623383109807037e-06, 8.838896064844448e-06, 5.767566108261235e-06, 4.293584879633272e-06, 3.012551587744383e-06, 2.2529084162670188e-06, 1.780955017238739e-06, 1.1930833352380432e-06, 1.023039089886879e-06, 1.5220410887195612e-06, 1.4867731579215615e-06, 8.993158644443611e-07, 8.868162240105448e-07, 8.749901212468103e-07, 7.863681616981921e-07, 4.790614980265673e-07, 4.4873698357150715e-07, 3.4985049524038914e-07, 4.611990505054564e-07, 2.9905163501098286e-07, 2.371604210793521e-07, 2.921084103491012e-07, 2.3479114474866947e-07, 2.4100569362417446e-07, 2.638416276568023e-07, 2.6449995971233875e-07, 2.835764121300599e-07, 3.7401221675281704e-07, 4.1438778453084524e-07, 4.2062364968842303e-07, 4.403007096698275e-07, 2.8229464987816755e-07, 2.2117212949979148e-08, 1.3481779928548043e-11, 9.67670995416503e-12, 6.2509186195269795e-12, 5.189132543798047e-12, 5.079202683444528e-12, 4.984470301783173e-12, 4.906610708010906e-12, 4.846145620213127e-12, 4.801447000407633e-12, 4.774246102623447e-12], "lowlevel.mfcc.mean": [-652.0428466796875, 73.65862274169922, -3.277817726135254, 19.99716567993164, -16.411672592163086, 19.09934425354004, -2.058044910430908, 7.175411701202393, 3.7480316162109375, 2.4614675045013428, -2.5941622257232666, 3.1582276821136475, 1.0246894359588623], "lowlevel.spectral_contrast_coeffs.mean": [-0.7042102813720703, -0.7164970636367798, -0.7324501276016235, -0.7764074802398682, -0.8037485480308533, -0.6737842559814453], "lowlevel.spectral_contrast_coeffs.stdev": [0.10834376513957977, 0.10899626463651657, 0.10858386009931564, 0.07180353254079819, 0.03128654137253761, 0.04384006932377815], "lowlevel.spectral_contrast_valleys.mean": [-7.718852519989014, -7.484920978546143, -7.855813980102539, -7.85723352432251, -7.4100260734558105, -10.373013496398926], "lowlevel.spectral_contrast_valleys.stdev": [0.8024368286132812, 0.8118939995765686, 0.735103964805603, 0.6463005542755127, 0.5943543314933777, 0.6470438838005066], "rhythm.beats_loudness_band_ratio.mean": [0.28551483154296875, 0.2731529176235199, 0.1923554688692093, 0.21907177567481995, 0.05657791346311569, 0.10808715224266052], "rhythm.beats_loudness_band_ratio.stdev": [0.17763786017894745, 0.1618516445159912, 0.20487084984779358, 0.218711256980896, 0.03884624317288399, 0.0651426911354065], "tonal.hpcp.mean": [0.052024222910404205, 0.06433267891407013, 0.03633752837777138, 0.023246444761753082, 0.020200461149215698, 0.028169674798846245, 0.15242792665958405, 0.2203257977962494, 0.10583525896072388, 0.09900275617837906, 0.12035131454467773, 0.058525990694761276, 0.045984797179698944, 0.05773460119962692, 0.07108920812606812, 0.16186070442199707, 0.20824891328811646, 0.14908108115196228, 0.10644391179084778, 0.08095705509185791, 0.06590361893177032, 0.2470693439245224, 0.3198287785053253, 0.12980151176452637, 0.10747214406728745, 0.12001795321702957, 0.053721025586128235, 0.03130253031849861, 0.039049092680215836, 0.07126793265342712, 0.1995672881603241, 0.20911405980587006, 0.078670434653759, 0.0378490649163723, 0.029219593852758408, 0.022716285660862923], "tonal.hpcp.stdev": [0.1437830626964569, 0.18787887692451477, 0.11359535157680511, 0.09701896458864212, 0.0832766517996788, 0.08765550702810287, 0.24294418096542358, 0.33190906047821045, 0.1844509094953537, 0.21971340477466583, 0.2710689902305603, 0.13408493995666504, 0.14018942415714264, 0.16377225518226624, 0.18256975710391998, 0.2714810371398926, 0.3334823548793793, 0.25550034642219543, 0.2378576695919037, 0.2005791813135147, 0.16938424110412598, 0.32347869873046875, 0.4019818902015686, 0.20844687521457672, 0.22327539324760437, 0.2767334580421448, 0.13789695501327515, 0.10139711946249008, 0.12273922562599182, 0.17318466305732727, 0.31094464659690857, 0.32784488797187805, 0.15948370099067688, 0.10518850386142731, 0.07715985924005508, 0.07074805349111557], "rhythm.beats_position": [0.5572788715362549, 1.1377778053283691, 1.729886531829834, 2.321995496749878, 2.9141042232513428, 3.5062131881713867, 4.086711883544922, 4.667210578918457, 5.25931978225708, 5.851428508758545, 6.43192720413208, 7.035645961761475, 7.616145133972168, 8.196643829345703, 8.788752555847168, 9.380861282348633, 9.961359977722168, 10.55346965789795, 11.145578384399414, 11.72607707977295, 12.318185806274414, 12.910294532775879, 13.490793228149414, 14.082901954650879, 14.675010681152344, 15.255510330200195, 15.84761905670166, 16.439727783203125, 17.031835556030273, 17.612335205078125, 18.204444885253906, 18.784942626953125, 19.377052307128906, 19.969160079956055, 20.549659729003906, 21.141767501831055, 21.733877182006836, 22.314376831054688, 22.894874572753906, 23.486984252929688, 24.079092025756836, 24.671201705932617, 25.263309478759766, 25.843809127807617, 26.4359188079834, 27.028026580810547, 27.6085262298584, 28.212244033813477, 28.792743682861328, 29.373241424560547, 29.965351104736328, 30.557458877563477, 31.137958526611328, 31.73006820678711, 32.32217788696289, 32.90267562866211, 33.49478530883789, 34.086891174316406, 34.66739273071289, 35.259498596191406], "rhythm.bpm_histogram": [0.0, 0.0, 0.0, 0.0, 0.0, 0.0, 0.0, 0.0, 0.0, 0.0, 0.0, 0.0, 0.0, 0.0, 0.0, 0.0, 0.0, 0.0, 0.0, 0.0, 0.0, 0.0, 0.0, 0.0, 0.0, 0.0, 0.0, 0.0, 0.0, 0.0, 0.0, 0.0, 0.0, 0.0, 0.0, 0.0, 0.0, 0.0, 0.0, 0.0, 0.0, 0.0, 0.0, 0.0, 0.0, 0.0, 0.0, 0.0, 0.0, 0.0, 0.0, 0.0, 0.0, 0.0, 0.0, 0.0, 0.0, 0.0, 0.0, 0.0, 0.0, 0.0, 0.0, 0.0, 0.0, 0.0, 0.0, 0.0, 0.0, 0.0, 0.0, 0.0, 0.0, 0.0, 0.0, 0.0, 0.0, 0.0, 0.0, 0.0, 0.0, 0.0, 0.0, 0.0, 0.0, 0.0, 0.0, 0.0, 0.0, 0.0, 0.0, 0.0, 0.0, 0.0, 0.0, 0.0, 0.0, 0.0, 0.0, 0.033898305147886276, 0.0, 0.5932203531265259, 0.0, 0.37288135290145874, 0.0, 0.0, 0.0, 0.0, 0.0, 0.0, 0.0, 0.0, 0.0, 0.0, 0.0, 0.0, 0.0, 0.0, 0.0, 0.0, 0.0, 0.0, 0.0, 0.0, 0.0, 0.0, 0.0, 0.0, 0.0, 0.0, 0.0, 0.0, 0.0, 0.0, 0.0, 0.0, 0.0, 0.0, 0.0, 0.0, 0.0, 0.0, 0.0, 0.0, 0.0, 0.0, 0.0, 0.0, 0.0, 0.0, 0.0, 0.0, 0.0, 0.0, 0.0, 0.0, 0.0, 0.0, 0.0, 0.0, 0.0, 0.0, 0.0, 0.0, 0.0, 0.0, 0.0, 0.0, 0.0, 0.0, 0.0, 0.0, 0.0, 0.0, 0.0, 0.0, 0.0, 0.0, 0.0, 0.0, 0.0, 0.0, 0.0, 0.0, 0.0, 0.0, 0.0, 0.0, 0.0, 0.0, 0.0, 0.0, 0.0, 0.0, 0.0, 0.0, 0.0, 0.0, 0.0, 0.0, 0.0, 0.0, 0.0, 0.0, 0.0, 0.0, 0.0, 0.0, 0.0, 0.0, 0.0, 0.0, 0.0, 0.0, 0.0, 0.0, 0.0, 0.0, 0.0, 0.0, 0.0, 0.0, 0.0, 0.0, 0.0, 0.0, 0.0, 0.0, 0.0, 0.0, 0.0, 0.0, 0.0, 0.0, 0.0, 0.0, 0.0, 0.0, 0.0, 0.0, 0.0, 0.0, 0.0, 0.0, 0.0, 0.0, 0.0, 0.0, 0.0, 0.0], "tonal.chords_histogram": [0.0, 0.0, 0.0, 0.0, 0.0, 3.3898305892944336, 0.0, 1.4341590404510498, 0.0, 0.0, 0.7822685837745667, 5.215123653411865, 1.0430247783660889, 0.3911342918872833, 22.8161678314209, 46.153846740722656, 18.774446487426758, 0.0, 0.0, 0.0, 0.0, 0.0, 0.0, 0.0], "tonal.thpcp": [1.0, 0.40584689378738403, 0.3360302448272705, 0.37525689601898193, 0.16796807944774628, 0.0978727787733078, 0.12209374457597733, 0.22283151745796204, 0.6239816546440125, 0.6538313031196594, 0.24597671627998352, 0.11834164708852768, 0.09136011451482773, 0.07102639973163605, 0.16266272962093353, 0.20114724338054657, 0.11361556500196457, 0.07268402725458145, 0.0631602331995964, 0.0880773589015007, 0.4765922725200653, 0.6888867020606995, 0.3309122323989868, 0.3095492422580719, 0.3762992024421692, 0.1829916387796402, 0.1437794268131256, 0.18051721155643463, 0.22227270901203156, 0.5060855150222778, 0.6511262655258179, 0.46612778306007385, 0.3328152894973755, 0.25312623381614685, 0.206059068441391, 0.7725050449371338], "lowlevel.gfcc.cov": [[3724.794677734375, 660.9644165039062, -206.1237335205078, -428.40985107421875, -261.77081298828125, -183.70901489257812, -78.4276351928711, -360.6212463378906, -312.3394775390625, -259.6168518066406, -86.38381958007812, -20.034900665283203, -25.316423416137695], [660.9644165039062, 776.7052001953125, 104.54969024658203, -112.14627838134766, -71.9005126953125, -79.1414794921875, 153.40708923339844, 21.752294540405273, 27.892139434814453, -49.99225997924805, 17.598344802856445, 11.640669822692871, 75.10807800292969], [-206.1237335205078, 104.54969024658203, 511.8501281738281, 306.9256591796875, 15.304909706115723, -69.59637451171875, 29.286495208740234, 181.22030639648438, 138.6748809814453, 80.53294372558594, -13.056403160095215, -58.32880401611328, -46.07808303833008], [-428.40985107421875, -112.14627838134766, 306.9256591796875, 514.4409790039062, 131.0939483642578, -15.294434547424316, -32.65404510498047, 70.63489532470703, 63.927391052246094, 28.218212127685547, -14.524691581726074, -92.42697143554688, -96.06526184082031], [-261.77081298828125, -71.9005126953125, 15.304909706115723, 131.0939483642578, 455.3609619140625, 356.7816467285156, 129.18016052246094, 35.44612503051758, 97.32070922851562, 140.18861389160156, 105.09184265136719, 87.17169189453125, 44.94343566894531], [-183.70901489257812, -79.1414794921875, -69.59637451171875, -15.294434547424316, 356.7816467285156, 431.9250183105469, 187.37074279785156, 59.86524963378906, 82.20101928710938, 133.32093811035156, 131.68959045410156, 120.52519989013672, 92.54783630371094], [-78.4276351928711, 153.40708923339844, 29.286495208740234, -32.65404510498047, 129.18016052246094, 187.37074279785156, 323.0140380859375, 189.06336975097656, 127.62208557128906, 64.16812896728516, 103.5431900024414, 108.2652359008789, 92.72693634033203], [-360.6212463378906, 21.752294540405273, 181.22030639648438, 70.63489532470703, 35.44612503051758, 59.86524963378906, 189.06336975097656, 331.6255187988281, 199.19772338867188, 95.28739929199219, 54.58981704711914, 65.76627349853516, 67.75701904296875], [-312.3394775390625, 27.892139434814453, 138.6748809814453, 63.927391052246094, 97.32070922851562, 82.20101928710938, 127.62208557128906, 199.19772338867188, 239.55442810058594, 142.5948486328125, 65.99234008789062, 49.11605453491211, 57.634483337402344], [-259.6168518066406, -49.99225997924805, 80.53294372558594, 28.218212127685547, 140.18861389160156, 133.32093811035156, 64.16812896728516, 95.28739929199219, 142.5948486328125, 209.20953369140625, 116.41145324707031, 60.51551818847656, 39.78824234008789], [-86.38381958007812, 17.598344802856445, -13.056403160095215, -14.524691581726074, 105.09184265136719, 131.68959045410156, 103.5431900024414, 54.58981704711914, 65.99234008789062, 116.41145324707031, 173.56324768066406, 114.48015594482422, 59.47373580932617], [-20.034900665283203, 11.640669822692871, -58.32880401611328, -92.42697143554688, 87.17169189453125, 120.52519989013672, 108.2652359008789, 65.76627349853516, 49.11605453491211, 60.51551818847656, 114.48015594482422, 172.80593872070312, 108.0540771484375], [-25.316423416137695, 75.10807800292969, -46.07808303833008, -96.06526184082031, 44.94343566894531, 92.54783630371094, 92.72693634033203, 67.75701904296875, 57.634483337402344, 39.78824234008789, 59.47373580932617, 108.0540771484375, 141.85748291015625]], "lowlevel.gfcc.icov": [[0.0004115072952117771, -0.00035162887070327997, -0.00011581366561586037, 0.000246421288466081, 0.00012384694127831608, -0.00016574785695411265, 5.021682954975404e-05, 0.0002963576407637447, 0.0001585332356626168, 0.00017486924480181187, 9.136358130490407e-05, -0.00033634062856435776, 0.00038782143383286893], [-0.00035162887070327997, 0.002852537203580141, -0.0015597717138007283, 0.0012410359922796488, -0.0013415523571893573, 0.002116320189088583, -0.0021223106887191534, 0.001255452516488731, -0.0005780126084573567, 0.0016088570700958371, -0.0020646625198423862, 0.0026725572533905506, -0.0027938340790569782], [-0.00011581366561586037, -0.0015597717138007283, 0.005555856041610241, -0.003368334611877799, 0.0011444911360740662, -0.00022955263557378203, 0.0007473555160686374, -0.0024682118091732264, 0.0001844639191403985, -0.003431698540225625, 0.0026535305660218, -0.0014376066392287612, 0.0016764873871579766], [0.000246421288466081, 0.0012410359922796488, -0.003368334611877799, 0.006022462621331215, -0.004068654030561447, 0.002363469684496522, 0.0002644727937877178, -0.0003126078227069229, -0.0004708721535280347, 0.0038598973769694567, -0.004134135786443949, 0.0039546978659927845, -7.568245200673118e-05], [0.00012384694127831608, -0.0013415523571893573, 0.0011444911360740662, -0.004068654030561447, 0.010875988751649857, -0.008799858391284943, 0.0003516611468512565, 0.00238791829906404, -0.0017997358227148652, -0.003183418419212103, 0.004389301408082247, -0.0054519870318472385, 0.003210433991625905], [-0.00016574785695411265, 0.002116320189088583, -0.00022955263557378203, 0.002363469684496522, -0.008799858391284943, 0.01234788540750742, -0.004118090961128473, -0.00010910635319305584, 0.0021717404015362263, -0.0005883330595679581, -0.0031996562611311674, 0.004076008219271898, -0.004628551192581654], [5.021682954975404e-05, -0.0021223106887191534, 0.0007473555160686374, 0.0002644727937877178, 0.0003516611468512565, -0.004118090961128473, 0.009880097582936287, -0.004930718801915646, -0.0015132655389606953, 0.0033174436539411545, -0.0025840522721409798, -0.0011315402807667851, 0.0016562000382691622], [0.0002963576407637447, 0.001255452516488731, -0.0024682118091732264, -0.0003126078227069229, 0.00238791829906404, -0.00010910635319305584, -0.004930718801915646, 0.010864030569791794, -0.005566068459302187, 0.00044129265006631613, 0.0015821513952687383, -0.0020867001730948687, -0.0012129180831834674], [0.0001585332356626168, -0.0005780126084573567, 0.0001844639191403985, -0.0004708721535280347, -0.0017997358227148652, 0.0021717404015362263, -0.0015132655389606953, -0.005566068459302187, 0.014453901909291744, -0.008073282428085804, 0.0022346365731209517, 0.001163187436759472, -0.0025544047821313143], [0.00017486924480181187, 0.0016088570700958371, -0.003431698540225625, 0.0038598973769694567, -0.003183418419212103, -0.0005883330595679581, 0.0033174436539411545, 0.00044129265006631613, -0.008073282428085804, 0.018371544778347015, -0.011955841444432735, 0.00496263150125742, -0.0009486665949225426], [9.136358130490407e-05, -0.0020646625198423862, 0.0026535305660218, -0.004134135786443949, 0.004389301408082247, -0.0031996562611311674, -0.0025840522721409798, 0.0015821513952687383, 0.0022346365731209517, -0.011955841444432735, 0.021177727729082108, -0.013535058125853539, 0.004678486846387386], [-0.00033634062856435776, 0.0026725572533905506, -0.0014376066392287612, 0.0039546978659927845, -0.0054519870318472385, 0.004076008219271898, -0.0011315402807667851, -0.0020867001730948687, 0.001163187436759472, 0.00496263150125742, -0.013535058125853539, 0.02322036400437355, -0.012336529791355133], [0.00038782143383286893, -0.0027938340790569782, 0.0016764873871579766, -7.568245200673118e-05, 0.003210433991625905, -0.004628551192581654, 0.0016562000382691622, -0.0012129180831834674, -0.0025544047821313143, -0.0009486665949225426, 0.004678486846387386, -0.012336529791355133, 0.019329633563756943]], "lowlevel.mfcc.cov": [[3504.191162109375, 571.3478393554688, -180.911376953125, -239.63687133789062, -298.7523193359375, -63.82814407348633, -83.67057800292969, -158.2161865234375, -278.55950927734375, -301.2742004394531, -272.3589172363281, -190.5674591064453, -182.66029357910156], [571.3478393554688, 711.256591796875, 33.82475280761719, -63.451656341552734, -134.18087768554688, -22.85130500793457, 23.276777267456055, 35.920711517333984, 56.31123352050781, -16.658573150634766, -24.853923797607422, 20.947132110595703, 17.439292907714844], [-180.911376953125, 33.82475280761719, 449.5992431640625, 281.4081115722656, -0.8835293054580688, -151.37901306152344, -63.58148956298828, 7.843517303466797, 42.393890380859375, 106.90076446533203, 91.91520690917969, -28.158777236938477, -33.58631134033203], [-239.63687133789062, -63.451656341552734, 281.4081115722656, 417.16064453125, 55.09257888793945, -80.20722198486328, -37.464054107666016, 32.42219543457031, 7.439044952392578, 85.32132720947266, 71.35323333740234, -32.52126693725586, -50.3434944152832], [-298.7523193359375, -134.18087768554688, -0.8835293054580688, 55.09257888793945, 297.9329833984375, 195.2802734375, 80.07791137695312, 13.184672355651855, 62.56553268432617, 53.873924255371094, 67.78353118896484, 68.0188980102539, 82.0836410522461], [-63.82814407348633, -22.85130500793457, -151.37901306152344, -80.20722198486328, 195.2802734375, 331.0318908691406, 152.2598114013672, 27.831836700439453, 33.67047882080078, 17.321577072143555, 20.48095703125, 85.22344970703125, 80.90458679199219], [-83.67057800292969, 23.276777267456055, -63.58148956298828, -37.464054107666016, 80.07791137695312, 152.2598114013672, 206.6178741455078, 111.84269714355469, 63.72957992553711, 20.161046981811523, 33.38335037231445, 90.28839111328125, 78.60649871826172], [-158.2161865234375, 35.920711517333984, 7.843517303466797, 32.42219543457031, 13.184672355651855, 27.831836700439453, 111.84269714355469, 210.32505798339844, 124.24808502197266, 49.932491302490234, 25.418975830078125, 84.15565490722656, 62.07830810546875], [-278.55950927734375, 56.31123352050781, 42.393890380859375, 7.439044952392578, 62.56553268432617, 33.67047882080078, 63.72957992553711, 124.24808502197266, 204.4051513671875, 105.92474365234375, 61.8949089050293, 69.61701202392578, 82.52070617675781], [-301.2742004394531, -16.658573150634766, 106.90076446533203, 85.32132720947266, 53.873924255371094, 17.321577072143555, 20.161046981811523, 49.932491302490234, 105.92474365234375, 187.71987915039062, 119.57437133789062, 44.52646255493164, 23.954940795898438], [-272.3589172363281, -24.853923797607422, 91.91520690917969, 71.35323333740234, 67.78353118896484, 20.48095703125, 33.38335037231445, 25.418975830078125, 61.8949089050293, 119.57437133789062, 172.8011932373047, 90.34326934814453, 38.20816421508789], [-190.5674591064453, 20.947132110595703, -28.158777236938477, -32.52126693725586, 68.0188980102539, 85.22344970703125, 90.28839111328125, 84.15565490722656, 69.61701202392578, 44.52646255493164, 90.34326934814453, 199.89976501464844, 113.89119720458984], [-182.66029357910156, 17.439292907714844, -33.58631134033203, -50.3434944152832, 82.0836410522461, 80.90458679199219, 78.60649871826172, 62.07830810546875, 82.52070617675781, 23.954940795898438, 38.20816421508789, 113.89119720458984, 165.1480255126953]], "lowlevel.mfcc.icov": [[0.00043807653128169477, -0.000360089325113222, -2.2947082470636815e-05, 0.0001496009499533102, 5.115053500048816e-05, -9.256604971596971e-05, -2.0713666799565544e-06, -6.699852383462712e-05, 0.0004374388081487268, 0.0002124918537447229, 0.0001751852541929111, 0.00010986175038851798, 0.0002438915689708665], [-0.000360089325113222, 0.002116657327860594, -0.0005818656645715237, -3.439391002757475e-05, 0.0015223396476358175, -0.0007476359605789185, -0.0001965663250302896, 0.0005672432016581297, -0.0015829936601221561, 0.0004679018456954509, 2.6944759156322107e-05, -0.0004236825043335557, -0.0002515923697501421], [-2.2947082470636815e-05, -0.0005818656645715237, 0.005265629850327969, -0.002830605721101165, -0.000647395325358957, 0.0023215552791953087, -0.00041757183498702943, 0.0009581207996234298, -0.0006404773448593915, -0.001104638329707086, -0.000998858129605651, 0.00044293765677139163, -0.00032698086579330266], [0.0001496009499533102, -3.439391002757475e-05, -0.002830605721101165, 0.00545512605458498, -0.002022276632487774, 0.0004560667439363897, 0.0007458569598384202, -0.002840270521119237, 0.002458724658936262, -0.0008176223491318524, -0.0005463866400532424, 0.000911651412025094, 0.001138446037657559], [5.115053500048816e-05, 0.0015223396476358175, -0.000647395325358957, -0.002022276632487774, 0.009281076490879059, -0.005799955688416958, 0.000558733765501529, 0.002152292523533106, -0.0031506007071584463, 0.0018230101559311152, -0.0017341799102723598, 0.00038337201112881303, -0.002252239501103759], [-9.256604971596971e-05, -0.0007476359605789185, 0.0023215552791953087, 0.0004560667439363897, -0.005799955688416958, 0.009913216345012188, -0.0053001209162175655, 0.001800790661945939, 0.0012566111981868744, -0.0028194119222462177, 0.0023029970470815897, -0.0014987142058089375, 0.0007417150191031396], [-2.0713666799565544e-06, -0.0001965663250302896, -0.00041757183498702943, 0.0007458569598384202, 0.000558733765501529, -0.0053001209162175655, 0.012331766076385975, -0.006658980157226324, 0.001438513514585793, 0.0016583981923758984, -0.002787892473861575, 0.0007545772823505104, -0.0017215891275554895], [-6.699852383462712e-05, 0.0005672432016581297, 0.0009581207996234298, -0.002840270521119237, 0.002152292523533106, 0.001800790661945939, -0.006658980157226324, 0.013617347925901413, -0.007490391843020916, -0.0003041991440113634, 0.003797422628849745, -0.004432986490428448, 0.0012593696592375636], [0.0004374388081487268, -0.0015829936601221561, -0.0006404773448593915, 0.002458724658936262, -0.0031506007071584463, 0.0012566111981868744, 0.001438513514585793, -0.007490391843020916, 0.014609824866056442, -0.006092288997024298, 0.00039366137934848666, 0.0020625325851142406, -0.003578474745154381], [0.0002124918537447229, 0.0004679018456954509, -0.001104638329707086, -0.0008176223491318524, 0.0018230101559311152, -0.0028194119222462177, 0.0016583981923758984, -0.0003041991440113634, -0.006092288997024298, 0.014607050456106663, -0.008496442809700966, 0.001918255933560431, 0.0010800526943057775], [0.0001751852541929111, 2.6944759156322107e-05, -0.000998858129605651, -0.0005463866400532424, -0.0017341799102723598, 0.0023029970470815897, -0.002787892473861575, 0.003797422628849745, 0.00039366137934848666, -0.008496442809700966, 0.01649053394794464, -0.007576472591608763, 0.0018999638268724084], [0.00010986175038851798, -0.0004236825043335557, 0.00044293765677139163, 0.000911651412025094, 0.00038337201112881303, -0.0014987142058089375, 0.0007545772823505104, -0.004432986490428448, 0.0020625325851142406, 0.001918255933560431, -0.007576472591608763, 0.01328136958181858, -0.006330144591629505], [0.0002438915689708665, -0.0002515923697501421, -0.00032698086579330266, 0.001138446037657559, -0.002252239501103759, 0.0007417150191031396, -0.0017215891275554895, 0.0012593696592375636, -0.003578474745154381, 0.0010800526943057775, 0.0018999638268724084, -0.006330144591629505, 0.013291468843817711]], "metadata.audio_properties.analysis.downmix": "mix", "metadata.audio_properties.codec": "mp3", "metadata.audio_properties.md5_encoded": "ddfb269544975e5f4d8a46c9192647fc", "metadata.tags.file_name": "1182266005314088960.mp3", "metadata.version.essentia": "2.1-beta6-dev", "metadata.version.essentia_git_sha": "v2.1_beta5-1110-g77a6a954", "metadata.version.extractor": "music 2.0", "tonal.chords_key": "E", "tonal.chords_scale": "minor", "tonal.key_edma.key": "C", "tonal.key_edma.scale": "major", "tonal.key_krumhansl.key": "C", "tonal.key_krumhansl.scale": "major", "tonal.key_temperley.key": "B", "tonal.key_temperley.sc