{"song_id": "1182255767567482932", "download": "https://cdn.discordapp.com/attachments/1135911532732108921/1182255767567482932/chirp.mp4?ex=6584087c&amp", "lyrics": "\u0442\u044c\u043c\u0430 \u0437\u0430\u0432\u043e\u043b\u043e\u043a\u043b\u0430 \u0431\u0435\u043b\u044b\u0439 \u0441\u0432\u0435\u0442\n\u0441\u043a\u043e\u0442\u0438\u043b\u0438\u0441\u044c \u0441\u043b\u0435\u0437\u044b \u0432 \u043b\u0443\u0436\u0443\n\u0438 \u0432 \u0441\u0435\u0440\u0446\u0435 \u0432\u0441\u0435 \u0442\u0430\u0435\u0442 \u043a\u0430\u043a \u0441\u043d\u0435\u0433\n\u0438 \u043f\u0440\u043e\u0441\u0438\u0442\u0441\u044f \u0438\u0441\u0442\u0438\u043d\u0430 \u043d\u0430\u0440\u0443\u0436\u0443\n\u043f\u043e\u0433\u043e\u0434\u0438 \u043d\u0435\u043c\u043d\u043e\u0433\u043e \u0431\u0443\u0434\u0435\u043c \u0441\u0447\u0430\u0441\u043b\u0438\u0432\u0430 \u0436\u0438\u0442\u044c\n\u043a\u0430\u0436\u0434\u044b\u0439 \u0434\u0435\u043d\u044c \u0432\u0441\u0435 \u0443\u0442\u0432\u0435\u0440\u0436\u0434\u0430\u044e\u0442\n\u043c\u043d\u043e\u0433\u0438\u043c \u043d\u0435 \u043d\u0443\u0436\u043d\u0430 \u0436\u0438\u0437\u043d\u044c\n\u0430 \u0441\u043a\u043e\u043b\u044c\u043a5\u043e \u0442\u0435\u0445 \u043a\u0442\u043e \u0446\u0435\u043d\u044b \u0435\u0435 \u043d\u0435\u043f\u043e\u043d\u0438\u043c\u0430\u044e\u0442\n\u0438 \u0441\u043e\u0431\u0440\u0430\u043b\u043e\u0441\u044c \u043d\u0435 \u043c\u0430\u043b\u043e \u043b\u044e\u0434\u0435\u0439\n\u043e\u0431\u0441\u0443\u0434\u0438\u0442\u044c \u043a\u0430\u043a\u0443\u044e\u0442\u043e \u0447\u0443\u0448\n\u044f \u043d\u0435 \u0447\u0435\u043b\u043e\u0432\u0435\u043a \u043b\u0438\u0448 \u0442\u0443\u043f\u043e\u0439 \u0437\u0432\u0435\u0440\u044c\n\u0438 \u043f\u0440\u0438\u0437\u043d\u0430\u0442\u044c \u044d\u0442\u043e \u043d\u0435 \u0431\u043e\u044e\u0441\u044c\n\u0443\u043b\u044b\u0431\u0430\u0439\u0441\u044f \u0441\u043a\u0432\u043e\u0437\u044c \u0441\u043b\u0435\u0437\u044b\n\u0442\u0430\u043a \u0443\u0447\u0438\u043b \u043d\u0430\u0448 \u043c\u0438\u0440\n\u0436\u0438\u0442\u044c \u0445\u043e\u0440\u043e\u0448\u043e \u043f\u043e\u0437\u0434\u043d\u043e\n\u043b\u044e\u0431\u043e\u0432\u044c \u043a\u0430\u043a \u043a\u0438\u0441\u043b\u044b\u0439 \u043a\u0435\u0444\u0438\u0440\n\u043a\u0442\u043e \u0442\u043e \u0437\u0430\u0434\u044b\u0445\u0430\u0435\u0442\u0441\u044f \u043a\u0442\u043e \u0442\u043e \u0443\u043c\u0438\u0440\u0430\u0435\u0442\n\u0441\u043d\u043e\u0432\u0430 \u043d\u0430\u0447\u0438\u043d\u0430\u0435\u0442\u0441\u044f \u043d\u0438\u043a\u0442\u043e \u043d\u0435 \u0437\u0430\u043c\u0435\u0447\u0430\u0435\u0442", "style": ["Female Vocal</span><span>, punk</span><span>, punk"], "essentia_features": {"lowlevel.average_loudness": 0.925216555595398, "lowlevel.barkbands_crest.mean": 10.518586158752441, "lowlevel.barkbands_crest.stdev": 4.105811595916748, "lowlevel.barkbands_flatness_db.mean": 0.14970387518405914, "lowlevel.barkbands_flatness_db.stdev": 0.06035894155502319, "lowlevel.barkbands_kurtosis.mean": 2.102588176727295, "lowlevel.barkbands_kurtosis.stdev": 6.435805797576904, "lowlevel.barkbands_skewness.mean": 1.056565761566162, "lowlevel.barkbands_skewness.stdev": 1.2896617650985718, "lowlevel.barkbands_spread.mean": 28.538339614868164, "lowlevel.barkbands_spread.stdev": 19.118453979492188, "lowlevel.dissonance.mean": 0.4710143208503723, "lowlevel.dissonance.stdev": 0.02387133240699768, "lowlevel.dynamic_complexity": 4.064859867095947, "lowlevel.erbbands_crest.mean": 10.449127197265625, "lowlevel.erbbands_crest.stdev": 4.835262775421143, "lowlevel.erbbands_flatness_db.mean": 0.19051922857761383, "lowlevel.erbbands_flatness_db.stdev": 0.0772654190659523, "lowlevel.erbbands_kurtosis.mean": 0.06342620402574539, "lowlevel.erbbands_kurtosis.stdev": 2.2394683361053467, "lowlevel.erbbands_skewness.mean": -0.11737097054719925, "lowlevel.erbbands_skewness.stdev": 0.7699133157730103, "lowlevel.erbbands_spread.mean": 40.03818893432617, "lowlevel.erbbands_spread.stdev": 21.685379028320312, "lowlevel.hfc.mean": 22.6357364654541, "lowlevel.hfc.stdev": 21.922534942626953, "lowlevel.loudness_ebu128.integrated": -14.718795776367188, "lowlevel.loudness_ebu128.loudness_range": 7.099451065063477, "lowlevel.loudness_ebu128.momentary.mean": -16.640657424926758, "lowlevel.loudness_ebu128.momentary.stdev": 4.961554527282715, "lowlevel.loudness_ebu128.short_term.mean": -16.106769561767578, "lowlevel.loudness_ebu128.short_term.stdev": 3.7951111793518066, "lowlevel.melbands_crest.mean": 15.03770923614502, "lowlevel.melbands_crest.stdev": 5.575075149536133, "lowlevel.melbands_flatness_db.mean": 0.19788014888763428, "lowlevel.melbands_flatness_db.stdev": 0.06818915903568268, "lowlevel.melbands_kurtosis.mean": 11.975674629211426, "lowlevel.melbands_kurtosis.stdev": 23.952064514160156, "lowlevel.melbands_skewness.mean": 2.401899814605713, "lowlevel.melbands_skewness.stdev": 2.120863914489746, "lowlevel.melbands_spread.mean": 34.30678939819336, "lowlevel.melbands_spread.stdev": 28.137767791748047, "lowlevel.pitch_salience.mean": 0.5134493112564087, "lowlevel.pitch_salience.stdev": 0.12083189934492111, "lowlevel.silence_rate_20dB.mean": 1.0, "lowlevel.silence_rate_20dB.stdev": 0.0, "lowlevel.silence_rate_30dB.mean": 0.9994206428527832, "lowlevel.silence_rate_30dB.stdev": 0.02406357228755951, "lowlevel.silence_rate_60dB.mean": 0.16106605529785156, "lowlevel.silence_rate_60dB.stdev": 0.3675917685031891, "lowlevel.spectral_centroid.mean": 1877.352294921875, "lowlevel.spectral_centroid.stdev": 786.2410278320312, "lowlevel.spectral_complexity.mean": 16.93279266357422, "lowlevel.spectral_complexity.stdev": 9.898390769958496, "lowlevel.spectral_decrease.mean": -5.3520778919846634e-09, "lowlevel.spectral_decrease.stdev": 6.609743863350559e-09, "lowlevel.spectral_energy.mean": 0.022253118455410004, "lowlevel.spectral_energy.stdev": 0.02582859992980957, "lowlevel.spectral_energyband_high.mean": 0.00168775231577456, "lowlevel.spectral_energyband_high.stdev": 0.0026106564328074455, "lowlevel.spectral_energyband_low.mean": 0.008432773873209953, "lowlevel.spectral_energyband_low.stdev": 0.0186045803129673, "lowlevel.spectral_energyband_middle_high.mean": 0.005302244797348976, "lowlevel.spectral_energyband_middle_high.stdev": 0.007348791230469942, "lowlevel.spectral_energyband_middle_low.mean": 0.008686909452080727, "lowlevel.spectral_energyband_middle_low.stdev": 0.014527817256748676, "lowlevel.spectral_entropy.mean": 7.5901198387146, "lowlevel.spectral_entropy.stdev": 0.4145408272743225, "lowlevel.spectral_flux.mean": 0.08524110913276672, "lowlevel.spectral_flux.stdev": 0.06868652254343033, "lowlevel.spectral_kurtosis.mean": 5.401151180267334, "lowlevel.spectral_kurtosis.stdev": 5.305671691894531, "lowlevel.spectral_rms.mean": 0.004031219985336065, "lowlevel.spectral_rms.stdev": 0.0023365807719528675, "lowlevel.spectral_rolloff.mean": 2667.5859375, "lowlevel.spectral_rolloff.stdev": 2636.187255859375, "lowlevel.spectral_skewness.mean": 1.2713655233383179, "lowlevel.spectral_skewness.stdev": 0.4808362126350403, "lowlevel.spectral_spread.mean": 4136743.75, "lowlevel.spectral_spread.stdev": 2175745.0, "lowlevel.spectral_strongpeak.mean": 1.0249089002609253, "lowlevel.spectral_strongpeak.stdev": 1.250841736793518, "lowlevel.zerocrossingrate.mean": 0.08811382949352264, "lowlevel.zerocrossingrate.stdev": 0.060650862753391266, "metadata.audio_properties.analysis.equal_loudness": 0.0, "metadata.audio_properties.analysis.length": 40.04265213012695, "metadata.audio_properties.analysis.sample_rate": 44100.0, "metadata.audio_properties.analysis.start_time": 0.0, "metadata.audio_properties.bit_rate": 120949.0, "metadata.audio_properties.length": 40.042667388916016, "metadata.audio_properties.lossless": 0.0, "metadata.audio_properties.number_channels": 1.0, "metadata.audio_properties.replay_gain": -12.485347747802734, "metadata.audio_properties.sample_rate": 48000.0, "rhythm.beats_count": 70.0, "rhythm.beats_loudness.mean": 0.025375239551067352, "rhythm.beats_loudness.stdev": 0.014898468740284443, "rhythm.bpm": 101.5501480102539, "rhythm.bpm_histogram_first_peak_bpm": 101.0, "rhythm.bpm_histogram_first_peak_weight": 0.21052634716033936, "rhythm.bpm_histogram_second_peak_bpm": 136.0, "rhythm.bpm_histogram_second_peak_spread": 0.25, "rhythm.bpm_histogram_second_peak_weight": 0.08695652335882187, "rhythm.danceability": 1.0156652927398682, "rhythm.onset_rate": 4.41898775100708, "tonal.chords_changes_rate": 0.06481481343507767, "tonal.chords_number_rate": 0.010416666977107525, "tonal.chords_strength.mean": 0.5232266783714294, "tonal.chords_strength.stdev": 0.08840449154376984, "tonal.hpcp_crest.mean": 13.974665641784668, "tonal.hpcp_crest.stdev": 6.181564807891846, "tonal.hpcp_entropy.mean": 1.9208860397338867, "tonal.hpcp_entropy.stdev": 0.7121407389640808, "tonal.key_edma.strength": 0.6530568599700928, "tonal.key_krumhansl.strength": 0.6637862324714661, "tonal.key_temperley.strength": 0.6465038061141968, "tonal.tuning_diatonic_strength": 0.4902379810810089, "tonal.tuning_equal_tempered_deviation": 0.37820965051651, "tonal.tuning_frequency": 454.4653015136719, "tonal.tuning_nontempered_energy_ratio": 0.9756558537483215, "lowlevel.barkbands.mean": [4.490765786613338e-05, 0.0033167502842843533, 0.0032390805426985025, 0.003493192605674267, 0.0020348511170595884, 0.0009892210364341736, 0.0007489806157536805, 0.0006235992768779397, 0.0007579456432722509, 0.0007850942201912403, 0.001500419806689024, 0.000583641929551959, 0.0002251646074000746, 0.000208634213777259, 0.0003482915344648063, 0.00048175023403018713, 0.00048578556743450463, 0.0003059249138459563, 0.00027190733817406, 0.0004989696317352355, 0.0006086622015573084, 0.0001784892228897661, 0.00012038250133628026, 0.00012138031888753176, 0.00013136633788235486, 0.0001405206712661311, 8.206156053347513e-06], "lowlevel.barkbands.stdev": [7.983380055520684e-05, 0.005829422269016504, 0.011326165869832039, 0.00868978537619114, 0.005877975840121508, 0.0026470725424587727, 0.0022626235149800777, 0.0022908805403858423, 0.00225092563778162, 0.0026911585591733456, 0.005073404870927334, 0.0009776342194527388, 0.000911967596039176, 0.0007787618669681251, 0.0009340767282992601, 0.0006639690254814923, 0.0005331743159331381, 0.0003955050779040903, 0.0003739834937732667, 0.0009399949922226369, 0.0011369865387678146, 0.000957147334702313, 0.0003238694625906646, 0.0003470001684036106, 0.0004185228608548641, 0.00044657595572061837, 2.933550058514811e-05], "lowlevel.erbbands.mean": [0.02964012511074543, 0.9700874090194702, 3.6740920543670654, 8.413840293884277, 9.479303359985352, 5.414654731750488, 9.154059410095215, 6.842364311218262, 9.344160079956055, 10.555234909057617, 16.964982986450195, 18.312793731689453, 11.342448234558105, 43.97311019897461, 60.40773010253906, 20.538259506225586, 10.831042289733887, 11.019339561462402, 15.662446975708008, 19.503759384155273, 31.304384231567383, 26.23486328125, 16.00991439819336, 18.018165588378906, 12.0927734375, 21.71028709411621, 39.52584457397461, 10.879816055297852, 6.802363872528076, 4.872080326080322, 3.0768630504608154, 2.3451972007751465, 2.213226079940796, 1.6238694190979004, 0.8123385310173035, 0.4166639447212219, 0.291660338640213, 0.06135907024145126, 0.0011880997335538268, 6.216490874066949e-05], "lowlevel.erbbands.stdev": [0.049971237778663635, 1.744206190109253, 10.61260986328125, 20.896617889404297, 31.946046829223633, 13.455626487731934, 21.10586929321289, 22.06307601928711, 27.56596565246582, 41.36637878417969, 52.303775787353516, 54.27989959716797, 35.744327545166016, 128.8214874267578, 164.31068420410156, 33.59943389892578, 38.19500732421875, 44.245330810546875, 52.52212142944336, 32.0733757019043, 38.83602523803711, 27.40509605407715, 19.770233154296875, 24.327383041381836, 16.121057510375977, 39.95490646362305, 75.36544799804688, 28.212360382080078, 35.1243782043457, 21.88393783569336, 7.432013988494873, 6.274796485900879, 6.6573100090026855, 5.401757717132568, 2.6671154499053955, 1.3519022464752197, 0.9401409029960632, 0.19924116134643555, 0.003742645028978586, 0.00011428213474573568], "lowlevel.gfcc.mean": [-41.189735412597656, 70.03075408935547, -142.37832641601562, 26.71466064453125, -45.28558349609375, 0.7305992841720581, -31.881668090820312, 4.81645393371582, -34.84096908569336, -4.579400062561035, -19.33660125732422, 5.967646598815918, -4.717043399810791], "lowlevel.melbands.mean": [0.0005997404805384576, 0.0017896555364131927, 0.0015035750111564994, 0.0004960151854902506, 0.0003030457010027021, 0.0001594159402884543, 0.00014635278785135597, 0.00011596656986512244, 0.00014536079834215343, 0.00010653465869836509, 5.480040636030026e-05, 0.00017167115584015846, 0.0002147146442439407, 9.28805093280971e-05, 2.6111461920663714e-05, 2.2847863874631003e-05, 1.9381133824936114e-05, 2.355712786084041e-05, 2.4405147996731102e-05, 2.7260417482466437e-05, 3.9391889004036784e-05, 3.007277518918272e-05, 1.6240086551988497e-05, 1.3644772479892708e-05, 1.509928006271366e-05, 8.590836841904093e-06, 8.482397788611706e-06, 1.563592923048418e-05, 3.043222750420682e-05, 1.2202677680761553e-05, 4.229727437632391e-06, 3.935596396331675e-06, 3.191854830220109e-06, 2.545355528127402e-06, 1.7342205183012993e-06, 1.5845122334212647e-06, 1.3889927004129277e-06, 1.6157873687916435e-06, 1.5796667867107317e-06, 1.255764686902694e-06], "lowlevel.melbands.stdev": [0.0010222485288977623, 0.004336523357778788, 0.0037628316786140203, 0.001538644777610898, 0.0006677781348116696, 0.0004751224769279361, 0.0004245256131980568, 0.00043660064693540335, 0.0004125184495933354, 0.0003350286278873682, 0.00018878609989769757, 0.000528154952917248, 0.0007171370671130717, 0.0001388218515785411, 7.328513311222196e-05, 0.00010552559251664206, 7.913770969025791e-05, 8.045623690122738e-05, 5.095932283438742e-05, 4.313406316214241e-05, 4.947516572428867e-05, 3.347389792907052e-05, 2.101302561641205e-05, 1.77079582499573e-05, 2.1893101802561432e-05, 1.1720705515472218e-05, 1.3596370990853757e-05, 3.2674386602593586e-05, 6.22728475718759e-05, 2.1656578610418364e-05, 1.6759759091655724e-05, 2.1104811821714975e-05, 1.780187631084118e-05, 1.0436247976031154e-05, 4.418581738718785e-06, 3.875242782669375e-06, 4.044714387418935e-06, 5.1289521252328996e-06, 4.8572837840765715e-06, 4.448876552487491e-06], "lowlevel.melbands128.mean": [1.577854527567979e-05, 4.1342042095493525e-05, 0.0006584648508578539, 0.001988487783819437, 0.0019785473123192787, 0.0015523670008406043, 0.0017545701703056693, 0.0016803627368062735, 0.0009138553868979216, 0.00038094905903562903, 0.00024224787193816155, 0.00028539448976516724, 0.0003300215466879308, 0.00032339448807761073, 0.00016464191139675677, 5.848611181136221e-05, 9.472951205680147e-05, 0.0002068946632789448, 0.00014716180157847703, 0.00010821767500601709, 9.435270476387814e-05, 0.0001474244927521795, 0.00014721023035235703, 0.00015125588106457144, 0.0001463039661757648, 7.292145892279223e-05, 5.1796570915030316e-05, 2.187083191529382e-05, 6.603917427128181e-05, 0.00021089283109176904, 0.00016188457084354013, 0.00019514751329552382, 0.0002656726283021271, 0.00019714045629370958, 0.0001271834917133674, 6.132171984063461e-05, 3.117460437351838e-05, 2.5061659471248277e-05, 2.343675987503957e-05, 2.174722249037586e-05, 2.3234690161189064e-05, 2.3283553673536517e-05, 2.2152569727040827e-05, 1.2847041034547146e-05, 1.989691736525856e-05, 2.629483788041398e-05, 3.0434915970545262e-05, 1.656009590078611e-05, 2.7267018595011905e-05, 2.9044811526546255e-05, 2.273503014293965e-05, 2.8157883207313716e-05, 4.4731619709637016e-05, 4.0499311580788344e-05, 3.9031790947774425e-05, 3.1252264307113364e-05, 2.0179408238618635e-05, 1.7593323718756437e-05, 1.5210609490168281e-05, 1.263364902115427e-05, 1.1979851478827186e-05, 1.4697466212965082e-05, 1.9613153199316002e-05, 1.4274276509240735e-05, 1.0152321920031682e-05, 7.733440725132823e-06, 8.20674449641956e-06, 8.23071150080068e-06, 8.616974810138345e-06, 8.439927114523016e-06, 1.179114497062983e-05, 1.933163366629742e-05, 3.198697231709957e-05, 3.821616337518208e-05, 2.196320019720588e-05, 1.241734662471572e-05, 8.587174306740053e-06, 4.68966845801333e-06, 3.5631799164548283e-06, 3.5084176488453522e-06, 4.230207650834927e-06, 4.096366410522023e-06, 3.343489652252174e-06, 3.407528311072383e-06, 2.6693921881815186e-06, 2.6733755476016086e-06, 2.6103912205144297e-06, 2.0628681340895128e-06, 1.4997299331298564e-06, 1.64332027452474e-06, 1.8000763475356507e-06, 1.526026949250081e-06, 1.3021643781030434e-06, 1.2385515901769395e-06, 1.4431072941079037e-06, 2.0402774225658504e-06, 1.49801326188026e-06, 1.2139001910327352e-06, 1.6279109331662767e-06, 1.8654325231182156e-06, 1.4383939515028032e-06, 1.1664800467769965e-06, 8.888350180313864e-07, 1.3044602837908315e-06, 7.794874932187668e-07, 8.240596116593224e-07, 7.52207938603533e-07, 6.736260615980427e-07, 6.537881063195528e-07, 5.693036086995562e-07, 1.0702821100494475e-06, 9.204928232975362e-07, 1.007375658446108e-06, 9.6987321285269e-07, 9.016033004627388e-07, 8.890718277143606e-07, 3.4814280525097274e-07, 7.831181925155306e-09, 5.003994787977639e-11, 3.524485911454711e-11, 1.92601646437085e-11, 9.877884968312323e-12, 3.1410655326746806e-12, 3.0412387018452502e-12, 2.9177665058360835e-12, 2.774233100188983e-12, 2.696363965437598e-12, 2.6716322296810313e-12], "lowlevel.melbands128.stdev": [3.416684558033012e-05, 0.00011194955004611984, 0.0010941388318315148, 0.003594542620703578, 0.005075712222605944, 0.005708182230591774, 0.004538227804005146, 0.0046331752091646194, 0.003619455499574542, 0.0013807348441332579, 0.0006612128927372396, 0.0008842271636240184, 0.000880566833075136, 0.0009580965852364898, 0.0006978372693993151, 0.00035994418431073427, 0.0003535775758791715, 0.000709543121047318, 0.000511908670887351, 0.0007027448154985905, 0.0005047090235166252, 0.0006519475718960166, 0.0005705024232156575, 0.0004958449280820787, 0.0005665540811605752, 0.0003332791675347835, 0.00044705462642014027, 9.819648403208703e-05, 0.0002758169430308044, 0.0008392739109694958, 0.0006660154322162271, 0.0010588123695924878, 0.0012290760641917586, 0.0005006110295653343, 0.00023387146939057857, 0.0001433224097127095, 0.00012099211744498461, 9.486509225098416e-05, 0.00011042940604966134, 0.00012923133908770978, 0.0001772562536643818, 0.0001253817172255367, 0.0001549297448946163, 2.989856329804752e-05, 7.506125257350504e-05, 0.00012137340672779828, 0.00015582538617309183, 3.932448089472018e-05, 7.597594958497211e-05, 6.212930748006329e-05, 5.312748544383794e-05, 6.574169674422592e-05, 8.282454655272886e-05, 6.488741200882941e-05, 6.296814535744488e-05, 4.460596392164007e-05, 3.0217039238777943e-05, 2.938774741778616e-05, 2.8688926249742508e-05, 2.0881441741948947e-05, 2.2011148757883348e-05, 2.3604627131135203e-05, 3.308128361823037e-05, 2.8334614398772828e-05, 1.8692695448407903e-05, 1.278141644434072e-05, 1.406043884344399e-05, 1.526464802736882e-05, 1.5636480384273455e-05, 1.8165188521379605e-05, 3.6689918488264084e-05, 4.867851748713292e-05, 7.404646748909727e-05, 9.618647891329601e-05, 5.1279086619615555e-05, 2.312588731001597e-05, 2.084595507767517e-05, 1.7436672351323068e-05, 1.695811079116538e-05, 1.9685896404553205e-05, 2.4184026187867858e-05, 2.2867590814712457e-05, 1.927289122249931e-05, 2.052440686384216e-05, 1.4738783647771925e-05, 1.242129201273201e-05, 1.0814188499352895e-05, 7.055433798086597e-06, 4.059326329297619e-06, 3.811390570263029e-06, 4.8217925723292865e-06, 4.102278126083547e-06, 4.061505478603067e-06, 4.131570676690899e-06, 4.694301878771512e-06, 6.5681433625286445e-06, 5.4733936849515885e-06, 4.271921625331743e-06, 4.814882686332567e-06, 6.517613201140193e-06, 5.992219030304113e-06, 4.266213181836065e-06, 3.5431994547252543e-06, 5.434634658740833e-06, 2.818658686010167e-06, 3.1998322356230346e-06, 2.786377763186465e-06, 2.5011211164382985e-06, 2.669338982741465e-06, 1.8836018398360466e-06, 4.170284682913916e-06, 3.3294318200205453e-06, 3.4116380902560195e-06, 3.2343928069167305e-06, 2.972522906929953e-06, 3.1043948638398433e-06, 1.188760734294192e-06, 3.263858161517419e-08, 1.865168908210535e-09, 1.2679817196215026e-09, 6.313699008053675e-10, 2.713740621107519e-10, 8.08633455334773e-12, 7.411306811311302e-12, 6.2281794305230065e-12, 5.318647432195345e-12, 5.144682856811356e-12, 5.109793230900772e-12], "lowlevel.mfcc.mean": [-679.769287109375, 105.45318603515625, -32.31221389770508, 25.2241268157959, 4.181239128112793, -2.2711944580078125, 8.231120109558105, 2.4337382316589355, 2.4389073848724365, -10.836913108825684, -19.663349151611328, 4.616689205169678, 0.9569511413574219], "lowlevel.spectral_contrast_coeffs.mean": [-0.6548998951911926, -0.7423638105392456, -0.7333645820617676, -0.7886862754821777, -0.7760491967201233, -0.7183902263641357], "lowlevel.spectral_contrast_coeffs.stdev": [0.0832594782114029, 0.09042194485664368, 0.07025209814310074, 0.050594475120306015, 0.044996656477451324, 0.0674990639090538], "lowlevel.spectral_contrast_valleys.mean": [-7.8743672370910645, -7.652563095092773, -7.637536525726318, -7.71645975112915, -7.461928844451904, -11.20083236694336], "lowlevel.spectral_contrast_valleys.stdev": [1.471218228340149, 0.8607432246208191, 0.7472339868545532, 0.7114942669868469, 1.0625523328781128, 1.790390968322754], "rhythm.beats_loudness_band_ratio.mean": [0.31178224086761475, 0.10595063865184784, 0.13758514821529388, 0.20318955183029175, 0.1516791135072708, 0.11284162849187851], "rhythm.beats_loudness_band_ratio.stdev": [0.28174594044685364, 0.1331353485584259, 0.17889165878295898, 0.18147513270378113, 0.1291133612394333, 0.08358559757471085], "tonal.hpcp.mean": [0.06767059117555618, 0.062250830233097076, 0.06425309926271439, 0.07206134498119354, 0.08766910433769226, 0.07984863221645355, 0.12844498455524445, 0.25977206230163574, 0.19395990669727325, 0.08126018941402435, 0.1543370485305786, 0.14154575765132904, 0.08653577417135239, 0.09492020308971405, 0.09024923294782639, 0.09463060647249222, 0.12933513522148132, 0.18936340510845184, 0.21718072891235352, 0.3280361294746399, 0.3232431411743164, 0.1608772873878479, 0.10356998443603516, 0.08404040336608887, 0.08487012982368469, 0.07286304235458374, 0.04844632372260094, 0.048868101090192795, 0.05224351957440376, 0.04119906574487686, 0.038946762681007385, 0.052223920822143555, 0.06374595314264297, 0.10344261676073074, 0.2192056030035019, 0.1867034137248993], "tonal.hpcp.stdev": [0.16864840686321259, 0.16794002056121826, 0.15779545903205872, 0.16781026124954224, 0.17828692495822906, 0.16499681770801544, 0.19045040011405945, 0.35496166348457336, 0.26430776715278625, 0.1493879109621048, 0.24786841869354248, 0.22527386248111725, 0.16941200196743011, 0.17475271224975586, 0.17067870497703552, 0.17973583936691284, 0.21044288575649261, 0.2913346588611603, 0.3092416524887085, 0.34589883685112, 0.3541617691516876, 0.25463077425956726, 0.22837583720684052, 0.20088092982769012, 0.2016269415616989, 0.18139074742794037, 0.1332487165927887, 0.11366316676139832, 0.1148371621966362, 0.10122646391391754, 0.11186078190803528, 0.1335567682981491, 0.17245174944400787, 0.20842412114143372, 0.3161641061306, 0.2844722867012024], "rhythm.beats_position": [0.4411791265010834, 0.8823582530021667, 1.3235373497009277, 1.7647165060043335, 2.2058956623077393, 2.6470746994018555, 3.088253974914551, 3.5178229808807373, 3.9706122875213623, 4.458230972290039, 4.934240341186523, 5.41024923324585, 5.886258602142334, 6.478367328643799, 7.070476055145264, 7.6625847816467285, 8.243083953857422, 8.835192680358887, 9.427301406860352, 10.007800102233887, 10.599908828735352, 11.192017555236816, 11.784127235412598, 12.376235961914062, 12.968344688415527, 13.560453414916992, 14.152562141418457, 14.744670867919922, 15.336779594421387, 15.928888320922852, 16.509387969970703, 17.10149574279785, 17.681995391845703, 18.27410316467285, 18.877822875976562, 19.458322525024414, 20.050430297851562, 20.642539978027344, 21.234647750854492, 21.826757431030273, 22.418865203857422, 23.010974884033203, 23.61469268798828, 24.206802368164062, 24.798912048339844, 25.379409790039062, 25.971519470214844, 26.563627243041992, 27.144126892089844, 27.736234664916992, 28.328344345092773, 28.920452117919922, 29.512561798095703, 30.104671478271484, 30.696779251098633, 31.300498962402344, 31.892606735229492, 32.473106384277344, 33.065216064453125, 33.65732192993164, 34.24943161010742, 34.829933166503906, 35.42203903198242, 36.0141487121582, 36.606258392333984, 37.198368072509766, 37.79047393798828, 38.38258361816406, 38.974693298339844, 39.566802978515625], "rhythm.bpm_histogram": [0.0, 0.0, 0.0, 0.0, 0.0, 0.0, 0.0, 0.0, 0.0, 0.0, 0.0, 0.0, 0.0, 0.0, 0.0, 0.0, 0.0, 0.0, 0.0, 0.0, 0.0, 0.0, 0.0, 0.0, 0.0, 0.0, 0.0, 0.0, 0.0, 0.0, 0.0, 0.0, 0.0, 0.0, 0.0, 0.0, 0.0, 0.0, 0.0, 0.0, 0.0, 0.0, 0.0, 0.0, 0.0, 0.0, 0.0, 0.0, 0.0, 0.0, 0.0, 0.0, 0.0, 0.0, 0.0, 0.0, 0.0, 0.0, 0.0, 0.0, 0.0, 0.0, 0.0, 0.0, 0.0, 0.0, 0.0, 0.0, 0.0, 0.0, 0.0, 0.0, 0.0, 0.0, 0.0, 0.0, 0.0, 0.0, 0.0, 0.0, 0.0, 0.0, 0.0, 0.0, 0.0, 0.0, 0.0, 0.0, 0.0, 0.0, 0.0, 0.0, 0.0, 0.0, 0.0, 0.0, 0.0, 0.0, 0.0, 0.043478261679410934, 0.0, 0.6521739363670349, 0.0, 0.1304347813129425, 0.0, 0.0, 0.0, 0.0, 0.0, 0.0, 0.0, 0.0, 0.0, 0.0, 0.0, 0.0, 0.0, 0.0, 0.0, 0.0, 0.0, 0.0, 0.0, 0.014492753893136978, 0.0, 0.0, 0.043478261679410934, 0.0, 0.0, 0.0, 0.0, 0.0, 0.0, 0.014492753893136978, 0.0, 0.0, 0.08695652335882187, 0.0, 0.0, 0.0, 0.014492753893136978, 0.0, 0.0, 0.0, 0.0, 0.0, 0.0, 0.0, 0.0, 0.0, 0.0, 0.0, 0.0, 0.0, 0.0, 0.0, 0.0, 0.0, 0.0, 0.0, 0.0, 0.0, 0.0, 0.0, 0.0, 0.0, 0.0, 0.0, 0.0, 0.0, 0.0, 0.0, 0.0, 0.0, 0.0, 0.0, 0.0, 0.0, 0.0, 0.0, 0.0, 0.0, 0.0, 0.0, 0.0, 0.0, 0.0, 0.0, 0.0, 0.0, 0.0, 0.0, 0.0, 0.0, 0.0, 0.0, 0.0, 0.0, 0.0, 0.0, 0.0, 0.0, 0.0, 0.0, 0.0, 0.0, 0.0, 0.0, 0.0, 0.0, 0.0, 0.0, 0.0, 0.0, 0.0, 0.0, 0.0, 0.0, 0.0, 0.0, 0.0, 0.0, 0.0, 0.0, 0.0, 0.0, 0.0, 0.0, 0.0, 0.0, 0.0, 0.0, 0.0, 0.0, 0.0, 0.0, 0.0, 0.0, 0.0, 0.0, 0.0, 0.0, 0.0, 0.0, 0.0, 0.0, 0.0, 0.0, 0.0, 0.0], "tonal.chords_histogram": [40.16203689575195, 3.819444417953491, 3.3564815521240234, 0.0, 0.0, 0.0, 0.3472222089767456, 32.29166793823242, 5.671296119689941, 0.0, 0.0, 0.0, 0.0, 0.0, 0.0, 0.46296295523643494, 0.0, 6.481481552124023, 2.0833332538604736, 0.0, 0.0, 0.0, 1.7361111640930176, 3.5879628658294678], "tonal.thpcp": [1.0, 0.9853888154029846, 0.4904255270957947, 0.3157273828983307, 0.25619253516197205, 0.25872188806533813, 0.22211895883083344, 0.1476859450340271, 0.14897170662879944, 0.15926147997379303, 0.12559306621551514, 0.11872705072164536, 0.1592017412185669, 0.1943260133266449, 0.3153390884399414, 0.6682361364364624, 0.5691550374031067, 0.20629005134105682, 0.1897682100534439, 0.19587202370166779, 0.21967501938343048, 0.26725441217422485, 0.24341413378715515, 0.3915574252605438, 0.7919007539749146, 0.5912760496139526, 0.24771718680858612, 0.47048795223236084, 0.43149441480636597, 0.2637995183467865, 0.2893590033054352, 0.2751197814941406, 0.2884761691093445, 0.39427101612091064, 0.5772638916969299, 0.6620634198188782], "lowlevel.gfcc.cov": [[12230.5546875, -3351.64990234375, 3371.404296875, 1587.7108154296875, -408.2026672363281, 1662.494873046875, 266.7822570800781, 1068.9661865234375, -366.0803527832031, 552.3386840820312, -945.5239868164062, -274.4064025878906, -635.7137451171875], [-3351.64990234375, 2781.215576171875, -1291.7646484375, -110.12452697753906, 406.7070007324219, -751.2620239257812, 216.40989685058594, -434.454833984375, 163.24465942382812, -287.3254089355469, 379.7403869628906, -192.32965087890625, 334.43731689453125], [3371.404296875, -1291.7646484375, 2434.31396484375, 1167.3170166015625, 148.52236938476562, 1159.0670166015625, 55.00843811035156, 413.1275329589844, -38.65278244018555, 115.97402954101562, -248.4717254638672, 69.37195587158203, -408.84979248046875], [1587.7108154296875, -110.12452697753906, 1167.3170166015625, 1152.819091796875, 208.41421508789062, 651.4337768554688, 216.51499938964844, 141.3390655517578, 75.72338104248047, -39.96136474609375, -53.328880310058594, -22.684650421142578, -170.67098999023438], [-408.2026672363281, 406.7070007324219, 148.52236938476562, 208.41421508789062, 475.3953552246094, 114.83649444580078, 139.68247985839844, 37.14495849609375, 46.23088455200195, -61.57135772705078, 49.35483169555664, 32.62506866455078, -0.8163907527923584], [1662.494873046875, -751.2620239257812, 1159.0670166015625, 651.4337768554688, 114.83649444580078, 891.4636840820312, 124.29918670654297, 245.29403686523438, 26.455215454101562, 15.055909156799316, -91.36226654052734, 40.735321044921875, -215.18821716308594], [266.7822570800781, 216.40989685058594, 55.00843811035156, 216.51499938964844, 139.68247985839844, 124.29918670654297, 335.48358154296875, 97.3304672241211, 80.94266510009766, 48.152099609375, 26.183303833007812, -40.3259391784668, 15.640327453613281], [1068.9661865234375, -434.454833984375, 413.1275329589844, 141.3390655517578, 37.14495849609375, 245.29403686523438, 97.3304672241211, 288.2303466796875, 15.854592323303223, 118.32954406738281, -81.98481750488281, -8.426474571228027, -59.480037689208984], [-366.0803527832031, 163.24465942382812, -38.65278244018555, 75.72338104248047, 46.23088455200195, 26.455215454101562, 80.94266510009766, 15.854592323303223, 145.60958862304688, 1.0463335514068604, 81.93468475341797, 25.233373641967773, 9.219549179077148], [552.3386840820312, -287.3254089355469, 115.97402954101562, -39.96136474609375, -61.57135772705078, 15.055909156799316, 48.152099609375, 118.32954406738281, 1.0463335514068604, 185.9120330810547, -21.302324295043945, 17.312946319580078, -8.338617324829102], [-945.5239868164062, 379.7403869628906, -248.4717254638672, -53.328880310058594, 49.35483169555664, -91.36226654052734, 26.183303833007812, -81.98481750488281, 81.93468475341797, -21.302324295043945, 215.44529724121094, 74.03545379638672, 91.56926727294922], [-274.4064025878906, -192.32965087890625, 69.37195587158203, -22.684650421142578, 32.62506866455078, 40.735321044921875, -40.3259391784668, -8.426474571228027, 25.233373641967773, 17.312946319580078, 74.03545379638672, 186.00177001953125, 13.4067964553833], [-635.7137451171875, 334.43731689453125, -408.84979248046875, -170.67098999023438, -0.8163907527923584, -215.18821716308594, 15.640327453613281, -59.480037689208984, 9.219549179077148, -8.338617324829102, 91.56926727294922, 13.4067964553833, 179.1121063232422]], "lowlevel.gfcc.icov": [[0.0002783657982945442, 0.00011997906403848901, -0.00011924349382752553, -0.0002495730295777321, 0.00022280913253780454, 9.043715181178413e-06, -0.00018404104048386216, -0.0003481207531876862, 0.00046928037772886455, -0.0002639347221702337, 0.0003992507990915328, 0.0002607786445878446, -9.376557864015922e-05], [0.00011997906403848901, 0.0019173064501956105, -0.0002147910709027201, -0.0003997644525952637, -0.0012605150695890188, 0.0013251416385173798, -0.000812619982752949, 0.0011150962673127651, -0.00048546763719059527, 0.0010833238484337926, -0.0020541981793940067, 0.0028570652939379215, -0.0010860461043193936], [-0.00011924349382752553, -0.0002147910709027201, 0.0024513723328709602, -0.0014610080979764462, -0.0002548522606957704, -0.0014806421240791678, 0.001429141964763403, -0.0009218348423019052, 0.0008698353194631636, -0.0013422520132735372, 0.00041661763680167496, -0.0011373923625797033, 0.0017352279974147677], [-0.0002495730295777321, -0.0003997644525952637, -0.0014610080979764462, 0.0030985998455435038, -0.00010857573943212628, -0.0004943489329889417, -0.0011821729131042957, 0.0012115935096517205, -0.0014998071128502488, 0.0011975200613960624, -8.602427988080308e-05, 0.0002258673048345372, -0.00045056623639538884], [0.00022280913253780454, -0.0012605150695890188, -0.0002548522606957704, -0.00010857573943212628, 0.0041657076217234135, -0.00046861133887432516, -0.0011137259425595403, -0.002097082557156682, 0.0012872781371697783, 0.0009866456966847181, 0.0012182079954072833, -0.0026716734282672405, 0.0008729285909794271], [9.043715181178413e-06, 0.0013251416385173798, -0.0014806421240791678, -0.0004943489329889417, -0.00046861133887432516, 0.004891841672360897, -0.001754800439812243, -0.0008877864456735551, -0.00017459822993259877, 0.002960787620395422, -0.0024056194815784693, 0.0011184548493474722, 0.0007333388784900308], [-0.00018404104048386216, -0.000812619982752949, 0.001429141964763403, -0.0011821729131042957, -0.0011137259425595403, -0.001754800439812243, 0.0065047889947891235, -0.0011099675903096795, -0.0018161075422540307, -0.003026562510058284, 0.0007410702528432012, 0.0004203809949103743, -0.000507802702486515], [-0.0003481207531876862, 0.0011150962673127651, -0.0009218348423019052, 0.0012115935096517205, -0.002097082557156682, -0.0008877864456735551, -0.0011099675903096795, 0.00991695374250412, -0.0034439475275576115, -0.003265014849603176, 0.0010170628083869815, 0.002457922790199518, -0.0026320605538785458], [0.00046928037772886455, -0.00048546763719059527, 0.0008698353194631636, -0.0014998071128502488, 0.0012872781371697783, -0.00017459822993259877, -0.0018161075422540307, -0.0034439475275576115, 0.012693951837718487, -9.676783520262688e-05, -0.003580232849344611, -0.001575125497765839, 0.003229820868000388], [-0.0002639347221702337, 0.0010833238484337926, -0.0013422520132735372, 0.0011975200613960624, 0.0009866456966847181, 0.002960787620395422, -0.003026562510058284, -0.003265014849603176, -9.676783520262688e-05, 0.011560553684830666, -0.00288391369394958, -0.00015509601507801563, -0.00011152037041028962], [0.0003992507990915328, -0.0020541981793940067, 0.00041661763680167496, -8.602427988080308e-05, 0.0012182079954072833, -0.0024056194815784693, 0.0007410702528432012, 0.0010170628083869815, -0.003580232849344611, -0.00288391369394958, 0.013815309852361679, -0.005704193376004696, -0.0030758539214730263], [0.0002607786445878446, 0.0028570652939379215, -0.0011373923625797033, 0.0002258673048345372, -0.0026716734282672405, 0.0011184548493474722, 0.0004203809949103743, 0.002457922790199518, -0.001575125497765839, -0.00015509601507801563, -0.005704193376004696, 0.012279787100851536, -0.002608186798170209], [-9.376557864015922e-05, -0.0010860461043193936, 0.0017352279974147677, -0.00045056623639538884, 0.0008729285909794271, 0.0007333388784900308, -0.000507802702486515, -0.0026320605538785458, 0.003229820868000388, -0.00011152037041028962, -0.0030758539214730263, -0.002608186798170209, 0.012461327947676182]], "lowlevel.mfcc.cov": [[9039.5322265625, -1917.907958984375, 2014.0484619140625, 859.4447631835938, -12.591789245605469, 662.6908569335938, 721.6856689453125, 368.0431823730469, 688.2824096679688, 798.2431640625, 110.72449493408203, 90.78546142578125, -223.3141326904297], [-1917.907958984375, 1774.0218505859375, -1149.4281005859375, 35.31307601928711, -108.40450286865234, -376.852783203125, -47.27365493774414, -293.79345703125, -125.10498046875, -112.00422668457031, -176.67103576660156, 43.105403900146484, -84.00439453125], [2014.0484619140625, -1149.4281005859375, 2017.9615478515625, 450.7879333496094, 470.6821594238281, 784.3839721679688, 217.4029998779297, 563.3434448242188, 76.35972595214844, 302.1408386230469, 231.23724365234375, -60.99009323120117, 178.5854949951172], [859.4447631835938, 35.31307601928711, 450.7879333496094, 629.7208862304688, 164.72222900390625, 310.27685546875, 170.9717254638672, 201.32614135742188, 79.17206573486328, 160.59681701660156, 29.875106811523438, 29.440841674804688, 48.539955139160156], [-12.591789245605469, -108.40450286865234, 470.6821594238281, 164.72222900390625, 445.658447265625, 262.01531982421875, 93.07910919189453, 254.30050659179688, -2.6307172775268555, 40.006874084472656, 59.56867599487305, -40.266292572021484, 103.03018951416016], [662.6908569335938, -376.852783203125, 784.3839721679688, 310.27685546875, 262.01531982421875, 613.9683837890625, 152.5166015625, 392.44061279296875, 10.515655517578125, 163.7657470703125, 127.12000274658203, -62.52836990356445, 129.7140655517578], [721.6856689453125, -47.27365493774414, 217.4029998779297, 170.9717254638672, 93.07910919189453, 152.5166015625, 278.44281005859375, 118.87600708007812, 122.65784454345703, 179.69593811035156, 21.214906692504883, 38.62282180786133, 4.503621578216553], [368.0431823730469, -293.79345703125, 563.3434448242188, 201.32614135742188, 254.30050659179688, 392.44061279296875, 118.87600708007812, 413.7418518066406, 34.78662109375, 136.40211486816406, 105.90571594238281, -37.25040817260742, 142.85873413085938], [688.2824096679688, -125.10498046875, 76.35972595214844, 79.17206573486328, -2.6307172775268555, 10.515655517578125, 122.65784454345703, 34.78662109375, 198.92446899414062, 122.63230895996094, 19.641233444213867, 39.37959671020508, -39.94306182861328], [798.2431640625, -112.00422668457031, 302.1408386230469, 160.59681701660156, 40.006874084472656, 163.7657470703125, 179.69593811035156, 136.40211486816406, 122.63230895996094, 279.956787109375, 55.525657653808594, 42.323089599609375, 17.957843780517578], [110.72449493408203, -176.67103576660156, 231.23724365234375, 29.875106811523438, 59.56867599487305, 127.12000274658203, 21.214906692504883, 105.90571594238281, 19.641233444213867, 55.525657653808594, 134.55557250976562, 10.910511016845703, 59.971435546875], [90.78546142578125, 43.105403900146484, -60.99009323120117, 29.440841674804688, -40.266292572021484, -62.52836990356445, 38.62282180786133, -37.25040817260742, 39.37959671020508, 42.323089599609375, 10.910511016845703, 130.99722290039062, 17.028715133666992], [-223.3141326904297, -84.00439453125, 178.5854949951172, 48.539955139160156, 103.03018951416016, 129.7140655517578, 4.503621578216553, 142.85873413085938, -39.94306182861328, 17.957843780517578, 59.971435546875, 17.028715133666992, 190.9976806640625]], "lowlevel.mfcc.icov": [[0.0002957442484330386, 0.0002473416971042752, -0.00017196325643453747, -0.00026152466307394207, 0.0002315138408448547, 3.70092639059294e-05, -0.000283917470369488, 0.00012004212476313114, -0.00034758070250973105, -0.0002640780876390636, 0.00026486063143238425, 2.5785784600884654e-05, 0.0003153855795972049], [0.0002473416971042752, 0.0015029128408059478, 0.0007906046812422574, -0.0009229783318005502, -0.0004394143761601299, 0.0002259454340673983, -0.00043517848826013505, 0.0003909298393409699, 0.000939214020036161, -0.0009383626747876406, 0.00042892040801234543, 5.5973305279621854e-05, 0.0003919612499885261], [-0.00017196325643453747, 0.0007906046812422574, 0.0019323992310091853, -0.0004534199833869934, -0.0011480773100629449, -0.0009011902147904038, 0.0004160915850661695, 0.00012565222277771682, 0.0009336017537862062, -0.0009554197895340621, -0.0006175565649755299, 6.279152148636058e-05, 5.600525764748454e-05], [-0.00026152466307394207, -0.0009229783318005502, -0.0004534199833869934, 0.0031692960765212774, -0.00020481499086599797, -0.001489925431087613, 0.00013440144539345056, -0.00011152515799039975, -0.0008480648975819349, 0.0003128165262751281, 0.0008488884195685387, -0.0011669510276988149, -0.0002598742430564016], [0.0002315138408448547, -0.0004394143761601299, -0.0011480773100629449, -0.00020481499086599797, 0.00463647348806262, 0.0004307114868424833, -0.0015575127908959985, -0.0020251311361789703, -0.00046927298535592854, 0.0017024667467921972, 0.00011973873188253492, 0.0006418002303689718, -0.0003922113683074713], [3.70092639059294e-05, 0.0002259454340673983, -0.0009011902147904038, -0.001489925431087613, 0.0004307114868424833, 0.00680813891813159, -0.0017183038871735334, -0.0035968523006886244, 0.0022606111597269773, -0.0003598753537517041, -0.0017860087100416422, 0.0022529587149620056, 0.00010524225217523053], [-0.000283917470369488, -0.00043517848826013505, 0.0004160915850661695, 0.00013440144539345056, -0.0015575127908959985, -0.0017183038871735334, 0.008525814861059189, 6.814526568632573e-05, -0.0025546622928231955, -0.00311323837377131, 0.0015190108679234982, -0.0016736265970394015, 0.00023929006420075893], [0.00012004212476313114, 0.0003909298393409699, 0.00012565222277771682, -0.0001