{"song_id": "1182278039086837862", "download": "https://cdn.discordapp.com/attachments/1135911532732108921/1182278039086837862/chirp.mp4?ex=65841d3a&amp", "lyrics": "El eco de la risa, la emoci\u00f3n del d\u00eda, el Citro\u00ebn Ce uno azul, en la ruta conf\u00eda. Con cada amanecer, una promesa de emoci\u00f3n, este es el comienzo de nuestra canci\u00f3n.", "style": ["Opening Anime"], "essentia_features": {"lowlevel.average_loudness": 0.9236913323402405, "lowlevel.barkbands_crest.mean": 12.5042724609375, "lowlevel.barkbands_crest.stdev": 3.823432207107544, "lowlevel.barkbands_flatness_db.mean": 0.2359009087085724, "lowlevel.barkbands_flatness_db.stdev": 0.06843697279691696, "lowlevel.barkbands_kurtosis.mean": 12.418628692626953, "lowlevel.barkbands_kurtosis.stdev": 12.399746894836426, "lowlevel.barkbands_skewness.mean": 2.4010837078094482, "lowlevel.barkbands_skewness.stdev": 1.435411810874939, "lowlevel.barkbands_spread.mean": 10.053627014160156, "lowlevel.barkbands_spread.stdev": 12.515976905822754, "lowlevel.dissonance.mean": 0.4242761433124542, "lowlevel.dissonance.stdev": 0.04593900218605995, "lowlevel.dynamic_complexity": 3.639439344406128, "lowlevel.erbbands_crest.mean": 11.407197952270508, "lowlevel.erbbands_crest.stdev": 4.565558910369873, "lowlevel.erbbands_flatness_db.mean": 0.18670648336410522, "lowlevel.erbbands_flatness_db.stdev": 0.06539223343133926, "lowlevel.erbbands_kurtosis.mean": 2.6102919578552246, "lowlevel.erbbands_kurtosis.stdev": 3.3078019618988037, "lowlevel.erbbands_skewness.mean": 1.1693605184555054, "lowlevel.erbbands_skewness.stdev": 0.8608129620552063, "lowlevel.erbbands_spread.mean": 33.93925857543945, "lowlevel.erbbands_spread.stdev": 30.553117752075195, "lowlevel.hfc.mean": 12.222190856933594, "lowlevel.hfc.stdev": 14.107009887695312, "lowlevel.loudness_ebu128.integrated": -17.11431884765625, "lowlevel.loudness_ebu128.loudness_range": 3.2947864532470703, "lowlevel.loudness_ebu128.momentary.mean": -18.236183166503906, "lowlevel.loudness_ebu128.momentary.stdev": 3.3505313396453857, "lowlevel.loudness_ebu128.short_term.mean": -17.34079360961914, "lowlevel.loudness_ebu128.short_term.stdev": 1.2470662593841553, "lowlevel.melbands_crest.mean": 15.041255950927734, "lowlevel.melbands_crest.stdev": 4.390620708465576, "lowlevel.melbands_flatness_db.mean": 0.33866479992866516, "lowlevel.melbands_flatness_db.stdev": 0.07780616730451584, "lowlevel.melbands_kurtosis.mean": 26.912492752075195, "lowlevel.melbands_kurtosis.stdev": 32.782894134521484, "lowlevel.melbands_skewness.mean": 3.2563724517822266, "lowlevel.melbands_skewness.stdev": 2.1390349864959717, "lowlevel.melbands_spread.mean": 7.6059346199035645, "lowlevel.melbands_spread.stdev": 6.8928351402282715, "lowlevel.pitch_salience.mean": 0.5191323161125183, "lowlevel.pitch_salience.stdev": 0.09860169887542725, "lowlevel.silence_rate_20dB.mean": 1.0, "lowlevel.silence_rate_20dB.stdev": 0.0, "lowlevel.silence_rate_30dB.mean": 0.9849362969398499, "lowlevel.silence_rate_30dB.stdev": 0.12180670350790024, "lowlevel.silence_rate_60dB.mean": 0.017960602417588234, "lowlevel.silence_rate_60dB.stdev": 0.13280752301216125, "lowlevel.spectral_centroid.mean": 513.35009765625, "lowlevel.spectral_centroid.stdev": 346.38299560546875, "lowlevel.spectral_complexity.mean": 8.66280460357666, "lowlevel.spectral_complexity.stdev": 3.626042127609253, "lowlevel.spectral_decrease.mean": -7.92799070836736e-09, "lowlevel.spectral_decrease.stdev": 6.7886101184910785e-09, "lowlevel.spectral_energy.mean": 0.03103063814342022, "lowlevel.spectral_energy.stdev": 0.0265086367726326, "lowlevel.spectral_energyband_high.mean": 0.0003720890963450074, "lowlevel.spectral_energyband_high.stdev": 0.000998376403003931, "lowlevel.spectral_energyband_low.mean": 0.013313742354512215, "lowlevel.spectral_energyband_low.stdev": 0.014333151280879974, "lowlevel.spectral_energyband_middle_high.mean": 0.0025061152409762144, "lowlevel.spectral_energyband_middle_high.stdev": 0.005999633111059666, "lowlevel.spectral_energyband_middle_low.mean": 0.01600465551018715, "lowlevel.spectral_energyband_middle_low.stdev": 0.014582095667719841, "lowlevel.spectral_entropy.mean": 6.665094375610352, "lowlevel.spectral_entropy.stdev": 0.6770119071006775, "lowlevel.spectral_flux.mean": 0.05347801372408867, "lowlevel.spectral_flux.stdev": 0.04554298520088196, "lowlevel.spectral_kurtosis.mean": 14.719870567321777, "lowlevel.spectral_kurtosis.stdev": 18.757333755493164, "lowlevel.spectral_rms.mean": 0.005045086145401001, "lowlevel.spectral_rms.stdev": 0.0021956427954137325, "lowlevel.spectral_rolloff.mean": 552.9879150390625, "lowlevel.spectral_rolloff.stdev": 1057.41162109375, "lowlevel.spectral_skewness.mean": 2.6977901458740234, "lowlevel.spectral_skewness.stdev": 1.3832895755767822, "lowlevel.spectral_spread.mean": 4530105.0, "lowlevel.spectral_spread.stdev": 2988213.5, "lowlevel.spectral_strongpeak.mean": 0.7787641882896423, "lowlevel.spectral_strongpeak.stdev": 1.1863656044006348, "lowlevel.zerocrossingrate.mean": 0.030855923891067505, "lowlevel.zerocrossingrate.stdev": 0.029849225655198097, "metadata.audio_properties.analysis.equal_loudness": 0.0, "metadata.audio_properties.analysis.length": 40.04265213012695, "metadata.audio_properties.analysis.sample_rate": 44100.0, "metadata.audio_properties.analysis.start_time": 0.0, "metadata.audio_properties.bit_rate": 118989.0, "metadata.audio_properties.length": 40.042667388916016, "metadata.audio_properties.lossless": 0.0, "metadata.audio_properties.number_channels": 1.0, "metadata.audio_properties.replay_gain": -10.318708419799805, "metadata.audio_properties.sample_rate": 48000.0, "rhythm.beats_count": 89.0, "rhythm.beats_loudness.mean": 0.0429031178355217, "rhythm.beats_loudness.stdev": 0.028778206557035446, "rhythm.bpm": 134.6284637451172, "rhythm.bpm_histogram_first_peak_bpm": 136.0, "rhythm.bpm_histogram_first_peak_weight": 0.4691358208656311, "rhythm.bpm_histogram_second_peak_bpm": 129.0, "rhythm.bpm_histogram_second_peak_spread": 0.0, "rhythm.bpm_histogram_second_peak_weight": 0.05681818351149559, "rhythm.danceability": 1.0524258613586426, "rhythm.onset_rate": 3.24558424949646, "tonal.chords_changes_rate": 0.021990740671753883, "tonal.chords_number_rate": 0.0069444444961845875, "tonal.chords_strength.mean": 0.5255237221717834, "tonal.chords_strength.stdev": 0.05522876977920532, "tonal.hpcp_crest.mean": 18.33741569519043, "tonal.hpcp_crest.stdev": 7.404555320739746, "tonal.hpcp_entropy.mean": 1.364957571029663, "tonal.hpcp_entropy.stdev": 0.583583652973175, "tonal.key_edma.strength": 0.7700883150100708, "tonal.key_krumhansl.strength": 0.7587514519691467, "tonal.key_temperley.strength": 0.7471537590026855, "tonal.tuning_diatonic_strength": 0.5559760928153992, "tonal.tuning_equal_tempered_deviation": 0.017938807606697083, "tonal.tuning_frequency": 439.74591064453125, "tonal.tuning_nontempered_energy_ratio": 0.600290834903717, "lowlevel.barkbands.mean": [0.00012865364260505885, 0.00937557965517044, 0.0027133191470056772, 0.0028099226765334606, 0.006516329012811184, 0.003393300110474229, 0.0008297681342810392, 0.0007754539838060737, 0.0015506757190451026, 0.00038431756547652185, 0.0013204452116042376, 0.0003118488530162722, 0.00010838290472747758, 0.000129070263938047, 9.925731137627736e-05, 6.998884782660753e-05, 5.3954350732965395e-05, 3.280209784861654e-05, 3.9664784708293155e-05, 3.8890550058567896e-05, 4.172627450316213e-05, 4.4743228500010446e-05, 6.723945989506319e-05, 6.19188358541578e-05, 8.081390842562541e-05, 4.8084722948260605e-05, 4.503132913669106e-06], "lowlevel.barkbands.stdev": [0.0005913627101108432, 0.011208347976207733, 0.003921038005501032, 0.00425306148827076, 0.007351960986852646, 0.005417862441390753, 0.003080574795603752, 0.0025746433530002832, 0.004726279992610216, 0.0016500724013894796, 0.004351078998297453, 0.0022008277010172606, 0.00036421173717826605, 0.0005554135423153639, 0.0002862440887838602, 0.0002711897832341492, 0.00023465079721063375, 9.293998300563544e-05, 0.00011002452811226249, 0.00013739954738412052, 8.65114270709455e-05, 0.00014142740110401064, 0.00025660256505943835, 0.0002015808131545782, 0.00031609038705937564, 0.00015073054237291217, 1.3466967175190803e-05], "lowlevel.erbbands.mean": [0.19847579300403595, 2.3120665550231934, 4.024006366729736, 5.845571994781494, 13.341021537780762, 21.669437408447266, 34.308494567871094, 25.26180076599121, 17.509836196899414, 9.229899406433105, 21.133769989013672, 44.31904602050781, 12.237371444702148, 19.77104377746582, 50.15872573852539, 14.423011779785156, 6.431049823760986, 4.9273152351379395, 6.871018409729004, 5.858598709106445, 3.4403884410858154, 2.4606447219848633, 1.7413184642791748, 2.334761142730713, 1.6068003177642822, 1.7050589323043823, 2.0290982723236084, 1.4334238767623901, 1.4982067346572876, 2.030045509338379, 1.784655213356018, 1.186729073524475, 1.1740068197250366, 1.1214344501495361, 0.41571885347366333, 0.1747749000787735, 0.09719404578208923, 0.021537670865654945, 0.0004935954930260777, 4.8125453758984804e-05], "lowlevel.erbbands.stdev": [0.3365706503391266, 2.54534649848938, 5.384329795837402, 7.601553916931152, 15.616606712341309, 28.26858139038086, 52.71981430053711, 45.99567413330078, 58.546016693115234, 20.278045654296875, 67.4180679321289, 135.7176971435547, 47.49956130981445, 55.66957092285156, 171.00942993164062, 94.01263427734375, 24.524940490722656, 20.495094299316406, 24.408845901489258, 20.636049270629883, 11.452179908752441, 9.784172058105469, 5.280827522277832, 5.851698875427246, 5.0951828956604, 5.935945987701416, 4.57436466217041, 3.264878034591675, 4.692883491516113, 7.467703819274902, 6.889750957489014, 3.9474706649780273, 4.053817272186279, 4.568835258483887, 1.5935970544815063, 0.5961052775382996, 0.31605806946754456, 0.06364508718252182, 0.001359813380986452, 5.1336228352738544e-05], "lowlevel.gfcc.mean": [-65.60184478759766, 134.9059600830078, -64.00956726074219, 23.288591384887695, -46.986446380615234, 10.065842628479004, -34.836402893066406, 0.8676139712333679, -28.311174392700195, 0.31080466508865356, -11.941499710083008, 3.8367056846618652, -0.9614385962486267], "lowlevel.melbands.mean": [0.0022694289218634367, 0.002450936008244753, 0.0012801573611795902, 0.001191565184853971, 0.001268880208954215, 0.0005829774891026318, 0.00023350575065705925, 0.00010707152250688523, 0.00020888305152766407, 0.000246566254645586, 5.067064194008708e-05, 6.926980131538585e-05, 0.00019433167472016066, 4.7437508328584954e-05, 2.3901786335045472e-05, 9.6121530077653e-06, 9.553014024277218e-06, 1.248380522156367e-05, 6.817384473833954e-06, 6.649036549788434e-06, 4.010474185633939e-06, 3.025673777301563e-06, 1.4920199191692518e-06, 1.6714869843781344e-06, 1.9803621853498043e-06, 1.2135676570323994e-06, 1.115630993808736e-06, 1.1406245903344825e-06, 1.3609736697617336e-06, 1.0609496712277178e-06, 7.309411671485577e-07, 8.270027933576785e-07, 9.180896540783579e-07, 1.2400045079630218e-06, 1.0495335800442263e-06, 8.336810992659593e-07, 7.103387815732276e-07, 7.705432381044375e-07, 1.0563028354226844e-06, 8.848343213685439e-07], "lowlevel.melbands.stdev": [0.003118308959528804, 0.002671073190867901, 0.001570471446029842, 0.0011836029589176178, 0.0017880744999274611, 0.0010164823615923524, 0.0007660098490305245, 0.00026568802422843874, 0.0005914646899327636, 0.0007657235837541521, 0.0002437221264699474, 0.00021412000933196396, 0.0006529750535264611, 0.0002546104369685054, 0.0001945293042808771, 3.394257146283053e-05, 4.5413275074679404e-05, 5.039227835368365e-05, 2.0516754375421442e-05, 2.5510413252050057e-05, 1.6667687305016443e-05, 1.3447580386127811e-05, 4.932008323521586e-06, 4.746283593703993e-06, 5.391205377236474e-06, 3.6695505514217075e-06, 4.411106147017563e-06, 3.995499810116598e-06, 3.305754034954589e-06, 2.4536391265428392e-06, 1.8177324818680063e-06, 2.6348807296017185e-06, 3.244078243369586e-06, 4.748666924569989e-06, 4.171253294771304e-06, 3.120360588582116e-06, 2.3762711407471215e-06, 2.64025516116817e-06, 4.302829893276794e-06, 3.6393776099430397e-06], "lowlevel.melbands128.mean": [0.00010846092482097447, 0.0011237980797886848, 0.0034014887642115355, 0.00405903859063983, 0.002605218207463622, 0.0011025654384866357, 0.0010171171743422747, 0.0015717897331342101, 0.0013798187719658017, 0.0009324091370217502, 0.0011229724623262882, 0.0017614623066037893, 0.0011646198108792305, 0.0009320717654190958, 0.0006225453689694405, 0.00035624593147076666, 0.0003711876051966101, 0.0002171556989196688, 5.699566099792719e-05, 8.450062887277454e-05, 0.000137451192131266, 0.00014141967403702438, 0.0001642623101361096, 0.0003078104346059263, 0.00047737848944962025, 0.00010537984053371474, 2.6921436074189842e-05, 6.0581860452657565e-05, 5.3181542170932516e-05, 5.6656335800653324e-05, 3.147907045786269e-05, 0.0001706273469608277, 0.0002934331714641303, 0.0001535610354039818, 2.8787166229449213e-05, 3.260197627241723e-05, 4.219599213683978e-05, 2.213393963756971e-05, 1.4996098798292223e-05, 1.373622944811359e-05, 7.88697161624441e-06, 4.676667231251486e-06, 7.252785053424304e-06, 1.2210384738864377e-05, 1.6948884876910597e-05, 1.2520891687017865e-05, 8.138400517054833e-06, 3.847982497973135e-06, 6.907157967361854e-06, 1.2436436918505933e-05, 5.625931407848839e-06, 2.9908342185080983e-06, 1.6985518414003309e-06, 6.538819889101433e-06, 4.9282216423307545e-06, 2.506211330910446e-06, 1.1748849146897555e-06, 1.8212651866633678e-06, 1.4362470892592683e-06, 1.2458118590075173e-06, 1.7549438098285464e-06, 1.8688450609261054e-06, 2.0677430256910156e-06, 2.1017967810621485e-06, 1.6464293821627507e-06, 1.0856438166229054e-06, 1.0710627975640818e-06, 1.0178378033742774e-06, 1.2604091352841351e-06, 1.0602573183859931e-06, 8.600474643571943e-07, 1.3285438171806163e-06, 1.6179678823391441e-06, 1.272503823201987e-06, 1.2483264981710818e-06, 1.0238261438644258e-06, 1.1392280612199102e-06, 7.547774316662981e-07, 6.180764557939256e-07, 6.953662818887096e-07, 9.234767617272155e-07, 8.388497576561349e-07, 7.357339768532256e-07, 9.465902621741407e-07, 1.031031160891871e-06, 1.1319710893076262e-06, 1.4923864455340663e-06, 1.1317434882585076e-06, 9.113960004469845e-07, 1.0932390068774112e-06, 1.0190891543970793e-06, 7.03081695974106e-07, 6.024882281963073e-07, 6.589588679162262e-07, 7.701992785769107e-07, 9.84173425422341e-07, 6.068963216421253e-07, 6.970718686716282e-07, 1.059029386851762e-06, 1.3067937061350676e-06, 1.1369317007847712e-06, 7.878764449742448e-07, 6.038454785084468e-07, 5.743669362345827e-07, 4.3769537683147064e-07, 3.7527607332776824e-07, 3.38863458182459e-07, 2.5497749334135733e-07, 3.113662785381166e-07, 2.7825021220451163e-07, 2.9223457431726274e-07, 3.1876191997071146e-07, 3.3658790243862313e-07, 3.310877048079419e-07, 2.611351703762921e-07, 2.603763391562097e-07, 1.7864218193608394e-07, 2.4649553509448197e-08, 3.188764183259529e-11, 3.4211266632111492e-12, 3.285044762255107e-12, 3.2062009297506577e-12, 3.129952026725835e-12, 3.062568428024992e-12, 2.974941256880803e-12, 2.8571739158628207e-12, 2.7897066167542617e-12, 2.7673969886510275e-12], "lowlevel.melbands128.stdev": [0.0005197731661610305, 0.0024562720209360123, 0.005155262537300587, 0.004380808211863041, 0.003595787798985839, 0.0014896508073434234, 0.0014960826374590397, 0.002472114050760865, 0.00177217076998204, 0.001195361721329391, 0.0017308180686086416, 0.0029339941684156656, 0.002378418343141675, 0.001753736869432032, 0.0014996029203757644, 0.0009687175625003874, 0.001523863640613854, 0.0008101799176074564, 0.00010172816837439314, 0.00025614327751100063, 0.0004106040869373828, 0.0006912712124176323, 0.00082910165656358, 0.0010476040188223124, 0.0016292094951495528, 0.00045000496902503073, 0.00016530124412383884, 0.0004047971742693335, 0.0003661042428575456, 0.0002879889216274023, 0.00012040684669045731, 0.0007606030558235943, 0.001129298354499042, 0.0008769251289777458, 0.0002296215097885579, 0.00034198048524558544, 0.0004260959685780108, 0.00031256332295015454, 6.544266943819821e-05, 6.237184425117448e-05, 4.931996591039933e-05, 2.5295064915553667e-05, 5.488446549861692e-05, 7.905322854639962e-05, 8.933177741710097e-05, 6.656655750703067e-05, 4.002112109446898e-05, 9.898461030388717e-06, 3.7152323784539476e-05, 6.174240115797147e-05, 2.89985109702684e-05, 1.6147499991348013e-05, 8.998728844744619e-06, 3.603376535465941e-05, 2.7759489967138506e-05, 1.909330785565544e-05, 4.698850716522429e-06, 6.629170002270257e-06, 7.948142410896253e-06, 7.033093879726948e-06, 6.6784577938960865e-06, 6.33362742519239e-06, 7.95658979768632e-06, 7.090656708896859e-06, 6.4371856751677115e-06, 3.858243871945888e-06, 4.8982342377712484e-06, 4.131551577302162e-06, 6.262288479774725e-06, 4.728752628579969e-06, 3.7670165511372034e-06, 5.175224487175001e-06, 5.504164164449321e-06, 3.0587070796173066e-06, 3.7067145512992283e-06, 2.5649160306784324e-06, 3.5801508602162357e-06, 1.9373117083887337e-06, 1.7331994968117215e-06, 2.2696162886859383e-06, 3.203519781891373e-06, 3.2346656553272624e-06, 2.630519475133042e-06, 3.6643898511101725e-06, 3.977194410254015e-06, 4.417838681547437e-06, 6.268051492952509e-06, 4.820013145945268e-06, 3.872114120895276e-06, 4.617979357135482e-06, 4.371355316834524e-06, 2.6818102014658507e-06, 2.055280219792621e-06, 2.451753744026064e-06, 2.9529171570175095e-06, 3.5094165014015744e-06, 2.331934638277744e-06, 2.7007008611690253e-06, 4.582261681207456e-06, 5.626222446153406e-06, 5.301827968651196e-06, 3.228783498343546e-06, 2.5989904770540306e-06, 2.942699666164117e-06, 1.7687036688585067e-06, 1.8215853287983919e-06, 1.400908331561368e-06, 1.0299204404873308e-06, 1.183166659757262e-06, 1.0102885426022112e-06, 1.2389247103783418e-06, 1.357830228698731e-06, 1.160228293883847e-06, 1.0519931947783334e-06, 8.548544201403274e-07, 9.050585276781931e-07, 5.308784807311895e-07, 8.18079257669524e-08, 5.947659031946273e-10, 6.0978153949842184e-12, 5.924323965428302e-12, 5.7823251395361375e-12, 5.6627974878709075e-12, 5.565762260795193e-12, 5.4836669059754595e-12, 5.417862339318624e-12, 5.3709424061021416e-12, 5.341659406465915e-12], "lowlevel.mfcc.mean": [-730.7634887695312, 173.167236328125, 38.08076477050781, 27.55040168762207, 13.963607788085938, 8.640077590942383, 6.5109124183654785, -1.426430583000183, -0.91202712059021, -4.075048923492432, -10.992934226989746, -3.537524461746216, 3.2256782054901123], "lowlevel.spectral_contrast_coeffs.mean": [-0.6956992745399475, -0.6902454495429993, -0.7134312987327576, -0.791820228099823, -0.8067319989204407, -0.7806875109672546], "lowlevel.spectral_contrast_coeffs.stdev": [0.0756293460726738, 0.07116762548685074, 0.06807368993759155, 0.049604594707489014, 0.0436093807220459, 0.04470917582511902], "lowlevel.spectral_contrast_valleys.mean": [-6.204725742340088, -7.364208221435547, -8.52450942993164, -8.88015365600586, -9.018799781799316, -11.55993366241455], "lowlevel.spectral_contrast_valleys.stdev": [0.6492335796356201, 0.7179915904998779, 0.7331023812294006, 0.7330441474914551, 0.989406168460846, 1.4546235799789429], "rhythm.beats_loudness_band_ratio.mean": [0.5842373967170715, 0.2889542877674103, 0.09789501130580902, 0.06160441413521767, 0.011352627538144588, 0.019716545939445496], "rhythm.beats_loudness_band_ratio.stdev": [0.21449393033981323, 0.15021152794361115, 0.1060313880443573, 0.0964711606502533, 0.017310822382569313, 0.03168899565935135], "tonal.hpcp.mean": [0.1081470400094986, 0.05156369507312775, 0.003956728149205446, 0.003375093452632427, 0.007898226380348206, 0.02594761550426483, 0.04009053856134415, 0.03705468028783798, 0.3414025604724884, 0.6089964509010315, 0.2920350730419159, 0.011790157295763493, 0.009034411981701851, 0.013561720959842205, 0.07447071373462677, 0.1271665394306183, 0.07477725297212601, 0.020795712247490883, 0.016238626092672348, 0.02657994255423546, 0.1272134631872177, 0.19112081825733185, 0.11583269387483597, 0.21146628260612488, 0.2582799196243286, 0.08524053543806076, 0.006438777316361666, 0.00695903180167079, 0.017210792750120163, 0.19443166255950928, 0.33960387110710144, 0.17027342319488525, 0.01997724361717701, 0.01562681794166565, 0.014034433290362358, 0.06469147652387619], "tonal.hpcp.stdev": [0.20414792001247406, 0.1002887710928917, 0.034625422209501266, 0.024395447224378586, 0.05990895256400108, 0.1085500419139862, 0.11923882365226746, 0.11329950392246246, 0.24176980555057526, 0.3710704445838928, 0.22027909755706787, 0.06710067391395569, 0.07081786543130875, 0.07854006439447403, 0.17564088106155396, 0.26344722509384155, 0.18095164000988007, 0.10157507658004761, 0.09787535667419434, 0.11496402323246002, 0.22862045466899872, 0.29581567645072937, 0.23051388561725616, 0.31886452436447144, 0.4085056185722351, 0.1484113484621048, 0.04750373214483261, 0.0466894768178463, 0.07788027077913284, 0.23767077922821045, 0.38124388456344604, 0.20666064321994781, 0.0742904543876648, 0.09149066358804703, 0.07848992198705673, 0.13005216419696808], "rhythm.beats_position": [0.39473921060562134, 0.8243083953857422, 1.2538775205612183, 1.695056676864624, 2.1362357139587402, 2.5774149894714355, 3.0185940265655518, 3.459773063659668, 3.912562370300293, 4.36535120010376, 4.806530475616455, 5.25931978225708, 5.700498580932617, 6.153287887573242, 6.5944671630859375, 7.035645961761475, 7.4884352684021, 7.941224575042725, 8.382403373718262, 8.835192680358887, 9.287981986999512, 9.729161262512207, 10.170339584350586, 10.611518859863281, 11.064308166503906, 11.517097473144531, 11.958276748657227, 12.399456024169922, 12.85224437713623, 13.305033683776855, 13.74621295928955, 14.187392234802246, 14.640181541442871, 15.09296989440918, 15.545759201049805, 15.9869384765625, 16.439727783203125, 16.88090705871582, 17.322086334228516, 17.76326560974121, 18.227664947509766, 18.668842315673828, 19.110021591186523, 19.56281089782715, 20.015600204467773, 20.4683895111084, 20.921178817749023, 21.36235809326172, 21.815147399902344, 22.25632667541504, 22.709115982055664, 23.15029525756836, 23.591472625732422, 24.032651901245117, 24.473831176757812, 24.915010452270508, 25.367799758911133, 25.832199096679688, 26.284988403320312, 26.737777709960938, 27.167346954345703, 27.6085262298584, 28.049705505371094, 28.49088478088379, 28.94367218017578, 29.396461486816406, 29.8376407623291, 30.302040100097656, 30.74321937561035, 31.184398651123047, 31.625577926635742, 32.06675720214844, 32.53115463256836, 32.983943939208984, 33.42512512207031, 33.87791442871094, 34.319091796875, 34.76027297973633, 35.21306228637695, 35.654239654541016, 36.10702896118164, 36.559818267822266, 37.00099563598633, 37.45378494262695, 37.90657424926758, 38.3593635559082, 38.82376480102539, 39.31138229370117, 39.79899978637695], "rhythm.bpm_histogram": [0.0, 0.0, 0.0, 0.0, 0.0, 0.0, 0.0, 0.0, 0.0, 0.0, 0.0, 0.0, 0.0, 0.0, 0.0, 0.0, 0.0, 0.0, 0.0, 0.0, 0.0, 0.0, 0.0, 0.0, 0.0, 0.0, 0.0, 0.0, 0.0, 0.0, 0.0, 0.0, 0.0, 0.0, 0.0, 0.0, 0.0, 0.0, 0.0, 0.0, 0.0, 0.0, 0.0, 0.0, 0.0, 0.0, 0.0, 0.0, 0.0, 0.0, 0.0, 0.0, 0.0, 0.0, 0.0, 0.0, 0.0, 0.0, 0.0, 0.0, 0.0, 0.0, 0.0, 0.0, 0.0, 0.0, 0.0, 0.0, 0.0, 0.0, 0.0, 0.0, 0.0, 0.0, 0.0, 0.0, 0.0, 0.0, 0.0, 0.0, 0.0, 0.0, 0.0, 0.0, 0.0, 0.0, 0.0, 0.0, 0.0, 0.0, 0.0, 0.0, 0.0, 0.0, 0.0, 0.0, 0.0, 0.0, 0.0, 0.0, 0.0, 0.0, 0.0, 0.0, 0.0, 0.0, 0.0, 0.0, 0.0, 0.0, 0.0, 0.0, 0.0, 0.0, 0.0, 0.0, 0.0, 0.0, 0.0, 0.0, 0.0, 0.0, 0.0, 0.022727273404598236, 0.0, 0.0, 0.0, 0.0, 0.0, 0.05681818351149559, 0.0, 0.0, 0.0, 0.39772728085517883, 0.0, 0.0, 0.4886363744735718, 0.0, 0.0, 0.0, 0.034090910106897354, 0.0, 0.0, 0.0, 0.0, 0.0, 0.0, 0.0, 0.0, 0.0, 0.0, 0.0, 0.0, 0.0, 0.0, 0.0, 0.0, 0.0, 0.0, 0.0, 0.0, 0.0, 0.0, 0.0, 0.0, 0.0, 0.0, 0.0, 0.0, 0.0, 0.0, 0.0, 0.0, 0.0, 0.0, 0.0, 0.0, 0.0, 0.0, 0.0, 0.0, 0.0, 0.0, 0.0, 0.0, 0.0, 0.0, 0.0, 0.0, 0.0, 0.0, 0.0, 0.0, 0.0, 0.0, 0.0, 0.0, 0.0, 0.0, 0.0, 0.0, 0.0, 0.0, 0.0, 0.0, 0.0, 0.0, 0.0, 0.0, 0.0, 0.0, 0.0, 0.0, 0.0, 0.0, 0.0, 0.0, 0.0, 0.0, 0.0, 0.0, 0.0, 0.0, 0.0, 0.0, 0.0, 0.0, 0.0, 0.0, 0.0, 0.0, 0.0, 0.0, 0.0, 0.0, 0.0, 0.0, 0.0, 0.0, 0.0, 0.0, 0.0, 0.0, 0.0, 0.0, 0.0, 0.0, 0.0, 0.0, 0.0], "tonal.chords_histogram": [28.587963104248047, 1.2731481790542603, 61.342594146728516, 0.0, 1.0416666269302368, 0.0, 0.0, 0.0, 0.0, 0.0, 0.0, 0.0, 0.0, 0.0, 0.0, 0.0, 0.0, 2.5462963581085205, 0.0, 5.208333492279053, 0.0, 0.0, 0.0, 0.0], "tonal.thpcp": [1.0, 0.47953492403030396, 0.019359977915883064, 0.014834917150437832, 0.02226896584033966, 0.12228431552648544, 0.20881326496601105, 0.12278766930103302, 0.034147508442401886, 0.02666456624865532, 0.043645478785037994, 0.20889031887054443, 0.31382912397384644, 0.19020257890224457, 0.3472372889518738, 0.4241074323654175, 0.1399688571691513, 0.0105727668851614, 0.011427048593759537, 0.028260909020900726, 0.3192656636238098, 0.5576450824737549, 0.279596745967865, 0.03280354663729668, 0.025659948587417603, 0.02304518036544323, 0.1062263622879982, 0.17758238315582275, 0.08466994017362595, 0.006497128400951624, 0.005542057566344738, 0.012969248928129673, 0.04260716959834099, 0.06583049893379211, 0.06084547936916351, 0.560598611831665], "lowlevel.gfcc.cov": [[7817.546875, -3377.796630859375, 292.6234436035156, 183.65296936035156, -947.768310546875, 507.0100402832031, -39.4725227355957, 555.4837036132812, -351.0345764160156, 532.0017700195312, -528.4830322265625, 136.51406860351562, -233.98260498046875], [-3377.796630859375, 3315.198486328125, -861.7125854492188, -498.6739501953125, 725.479248046875, -547.6993408203125, 272.6329650878906, -249.49923706054688, 281.1840515136719, -433.0870361328125, 486.65997314453125, -350.2967834472656, 303.14373779296875], [292.6234436035156, -861.7125854492188, 744.9431762695312, 211.82383728027344, -146.6163787841797, 243.3781280517578, -103.45559692382812, 30.729494094848633, 20.9991512298584, 144.13720703125, -127.45072174072266, 186.98382568359375, -126.08855438232422], [183.65296936035156, -498.6739501953125, 211.82383728027344, 332.7178039550781, -45.458316802978516, 68.73411560058594, -81.69073486328125, -4.3403096199035645, 1.9273390769958496, 40.54399871826172, -71.53717041015625, 94.37650299072266, -39.0986328125], [-947.768310546875, 725.479248046875, -146.6163787841797, -45.458316802978516, 317.9347839355469, -139.98167419433594, 44.27348709106445, -55.62441635131836, 74.41400909423828, -83.99626159667969, 105.22233581542969, -46.82543182373047, 61.44649124145508], [507.0100402832031, -547.6993408203125, 243.3781280517578, 68.73411560058594, -139.98167419433594, 260.3786315917969, 10.922728538513184, 43.0012321472168, -28.565195083618164, 94.03067779541016, -68.37261962890625, 63.599552154541016, -59.80602264404297], [-39.4725227355957, 272.6329650878906, -103.45559692382812, -81.69073486328125, 44.27348709106445, 10.922728538513184, 188.5092315673828, 28.182058334350586, -2.407154083251953, -4.514122486114502, 47.30885696411133, -48.59833908081055, 16.685808181762695], [555.4837036132812, -249.49923706054688, 30.729494094848633, -4.3403096199035645, -55.62441635131836, 43.0012321472168, 28.182058334350586, 163.9242401123047, 10.517045021057129, 49.963356018066406, -57.485755920410156, -1.9590446949005127, 11.041858673095703], [-351.0345764160156, 281.1840515136719, 20.9991512298584, 1.9273390769958496, 74.41400909423828, -28.565195083618164, -2.407154083251953, 10.517045021057129, 162.30946350097656, -33.46786117553711, 19.64681625366211, -6.632845401763916, 37.57414245605469], [532.0017700195312, -433.0870361328125, 144.13720703125, 40.54399871826172, -83.99626159667969, 94.03067779541016, -4.514122486114502, 49.963356018066406, -33.46786117553711, 147.91860961914062, -47.93347930908203, 41.559940338134766, -35.913028717041016], [-528.4830322265625, 486.65997314453125, -127.45072174072266, -71.53717041015625, 105.22233581542969, -68.37261962890625, 47.30885696411133, -57.485755920410156, 19.64681625366211, -47.93347930908203, 147.3116455078125, -33.30475616455078, 42.06698226928711], [136.51406860351562, -350.2967834472656, 186.98382568359375, 94.37650299072266, -46.82543182373047, 63.599552154541016, -48.59833908081055, -1.9590446949005127, -6.632845401763916, 41.559940338134766, -33.30475616455078, 135.591796875, -32.88832092285156], [-233.98260498046875, 303.14373779296875, -126.08855438232422, -39.0986328125, 61.44649124145508, -59.80602264404297, 16.685808181762695, 11.041858673095703, 37.57414245605469, -35.913028717041016, 42.06698226928711, -32.88832092285156, 115.18035888671875]], "lowlevel.gfcc.icov": [[0.0003500925959087908, 0.00034318241523578763, 0.00029422444640658796, 0.00011318072938593104, 0.0003243679238948971, 9.532600233796984e-05, -0.00020654112449847162, -0.00048252951819449663, -6.150450644781813e-05, -0.0003192251897417009, 4.205145887681283e-05, 0.00015842512948438525, 7.151946192607284e-05], [0.00034318241523578763, 0.003836561692878604, -3.77412470697891e-05, 0.002011992735788226, -0.0023902449756860733, 0.0017251080134883523, -0.002507404424250126, 0.0021313175093382597, -0.002995290094986558, 0.0029182571452111006, -0.0036187951918691397, 0.003227869514375925, -0.002298440784215927], [0.00029422444640658796, -3.77412470697891e-05, 0.003720720298588276, -0.0005148948985151947, 0.00024215558369178325, -0.0019136458868160844, 0.0009040116565302014, -0.0005437301588244736, -0.0012647858820855618, -0.0018054532120004296, 0.0009620909695513546, -0.00262116314843297, 0.0021435206290334463], [0.00011318072938593104, 0.002011992735788226, -0.0005148948985151947, 0.005372814368456602, -0.0018305078847333789, 0.0006092938128858805, -0.0004427659441716969, 0.0017378425691276789, -0.0016981336520984769, 0.001604790915735066, -0.0005331460270099342, -3.690603261929937e-05, -0.0013763097813352942], [0.0003243679238948971, -0.0023902449756860733, 0.00024215558369178325, -0.0018305078847333789, 0.00804057251662016, 0.000993548659607768, 0.0002931127091869712, -0.0016070703277364373, 0.0005185406189411879, -0.0021826126612722874, 0.0008005931740626693, -0.0019811526872217655, 0.0012237600749358535], [9.532600233796984e-05, 0.0017251080134883523, -0.0019136458868160844, 0.0006092938128858805, 0.000993548659607768, 0.008515717461705208, -0.003471031319350004, 0.0011059303069487214, -0.0012690250296145678, -0.0001536971831228584, -0.0013264024164527655, 0.0011709034442901611, -0.0007614251808263361], [-0.00020654112449847162, -0.002507404424250126, 0.0009040116565302014, -0.0004427659441716969, 0.0002931127091869712, -0.003471031319350004, 0.009423324838280678, -0.0035765953361988068, 0.0023895762860774994, -0.002151765627786517, -7.904876838438213e-06, -0.0008062113192863762, 0.002360323676839471], [-0.00048252951819449663, 0.0021313175093382597, -0.0005437301588244736, 0.0017378425691276789, -0.0016070703277364373, 0.0011059303069487214, -0.0035765953361988068, 0.011887664906680584, -0.0035959407687187195, 0.0001887189719127491, 0.0013812509132549167, 0.002392880618572235, -0.004374172072857618], [-6.150450644781813e-05, -0.002995290094986558, -0.0012647858820855618, -0.0016981336520984769, 0.0005185406189411879, -0.0012690250296145678, 0.0023895762860774994, -0.0035959407687187195, 0.010745624080300331, -0.0007439682958647609, 0.002635791664943099, -0.0018602159107103944, -0.00037086362135596573], [-0.0003192251897417009, 0.0029182571452111006, -0.0018054532120004296, 0.001604790915735066, -0.0021826126612722874, -0.0001536971831228584, -0.002151765627786517, 0.0001887189719127491, -0.0007439682958647609, 0.01413071621209383, -0.0036302697844803333, 0.0020842435769736767, -0.0018129112431779504], [4.205145887681283e-05, -0.0036187951918691397, 0.0009620909695513546, -0.0005331460270099342, 0.0008005931740626693, -0.0013264024164527655, -7.904876838438213e-06, 0.0013812509132549167, 0.002635791664943099, -0.0036302697844803333, 0.016322020441293716, -0.004157551564276218, 9.474703983869404e-05], [0.00015842512948438525, 0.003227869514375925, -0.00262116314843297, -3.690603261929937e-05, -0.0019811526872217655, 0.0011709034442901611, -0.0008062113192863762, 0.002392880618572235, -0.0018602159107103944, 0.0020842435769736767, -0.004157551564276218, 0.015390148386359215, -0.0023336417507380247], [7.151946192607284e-05, -0.002298440784215927, 0.0021435206290334463, -0.0013763097813352942, 0.0012237600749358535, -0.0007614251808263361, 0.002360323676839471, -0.004374172072857618, -0.00037086362135596573, -0.0018129112431779504, 9.474703983869404e-05, -0.0023336417507380247, 0.01463988982141018]], "lowlevel.mfcc.cov": [[7549.94677734375, -2981.4453125, 526.1185913085938, -293.90911865234375, -476.93994140625, -185.62738037109375, 210.87864685058594, -231.24957275390625, 315.15087890625, 233.36070251464844, 46.94353103637695, 88.96003723144531, -466.3558349609375], [-2981.4453125, 3012.087890625, -1040.3116455078125, 58.76670455932617, 134.28253173828125, -204.2765350341797, 63.82229232788086, 49.006900787353516, -118.05921936035156, 22.918811798095703, -25.682748794555664, 26.152118682861328, 49.47317123413086], [526.1185913085938, -1040.3116455078125, 802.7604370117188, -75.24299621582031, 4.009293556213379, 194.6526336669922, -94.93942260742188, 51.46112823486328, 49.066349029541016, -34.006656646728516, 74.601318359375, 2.517573118209839, 66.5505599975586], [-293.90911865234375, 58.76670455932617, -75.24299621582031, 244.8203125, 69.61016845703125, 8.960405349731445, -33.58871078491211, 21.096384048461914, -5.563859939575195, -47.450679779052734, -27.031803131103516, 7.837713241577148, 49.51633071899414], [-476.93994140625, 134.28253173828125, 4.009293556213379, 69.61016845703125, 198.8542022705078, 9.259602546691895, -81.81132507324219, 25.880836486816406, 3.8463637828826904, -39.57976150512695, -5.063289642333984, 8.91903018951416, 46.44449996948242], [-185.62738037109375, -204.2765350341797, 194.6526336669922, 8.960405349731445, 9.259602546691895, 212.4761199951172, -17.926795959472656, 36.40339279174805, -38.12844467163086, -29.725616455078125, 41.11024475097656, -26.56230354309082, 80.16050720214844], [210.87864685058594, 63.82229232788086, -94.93942260742188, -33.58871078491211, -81.81132507324219, -17.926795959472656, 204.43516540527344, -42.05476379394531, 1.2253843545913696, 48.47233581542969, -0.11263226717710495, 18.771652221679688, -39.1205940246582], [-231.24957275390625, 49.006900787353516, 51.46112823486328, 21.096384048461914, 25.880836486816406, 36.40339279174805, -42.05476379394531, 130.7411346435547, 11.1632719039917, -19.493507385253906, 9.57925033569336, 2.143625497817993, 49.71248245239258], [315.15087890625, -118.05921936035156, 49.066349029541016, -5.563859939575195, 3.8463637828826904, -38.12844467163086, 1.2253843545913696, 11.1632719039917, 169.01766967773438, 46.54827117919922, 0.9833095073699951, 36.28696823120117, -48.528106689453125], [233.36070251464844, 22.918811798095703, -34.006656646728516, -47.450679779052734, -39.57976150512695, -29.725616455078125, 48.47233581542969, -19.493507385253906, 46.54827117919922, 107.47450256347656, 24.66346549987793, -0.40429776906967163, -45.52206802368164], [46.94353103637695, -25.682748794555664, 74.601318359375, -27.031803131103516, -5.063289642333984, 41.11024475097656, -0.11263226717710495, 9.57925033569336, 0.9833095073699951, 24.66346549987793, 103.30123138427734, 2.6961560249328613, -1.4334369897842407], [88.96003723144531, 26.152118682861328, 2.517573118209839, 7.837713241577148, 8.91903018951416, -26.56230354309082, 18.771652221679688, 2.143625497817993, 36.28696823120117, -0.40429776906967163, 2.6961560249328613, 89.1938247680664, -10.950054168701172], [-466.3558349609375, 49.47317123413086, 66.5505599975586, 49.51633071899414, 46.44449996948242, 80.16050720214844, -39.1205940246582, 49.71248245239258, -48.528106689453125, -45.52206802368164, -1.4334369897842407, -10.950054168701172, 139.64215087890625]], "lowlevel.mfcc.icov": [[0.00037916837027296424, 0.0004550947924144566, 0.00026712199905887246, 0.00014714179269503802, 0.00037285752478055656, 0.0002514722873456776, -2.3288899683393538e-05, 3.405042298254557e-05, -0.00013041625788901, -0.00023519298702012748, -0.00022471357078757137, -0.0003720550739672035, 0.00048508821055293083], [0.0004550947924144566, 0.001318233204074204, 0.0014487281441688538, 0.0005915279034525156, -5.176318154553883e-05, 0.0004391316615510732, -3.692686004796997e-05, -0.0004238872788846493, 4.920655919704586e-05, -0.00040316078229807317, -0.0007938159396871924, -0.0007927321130409837, -0.0001263027952518314], [0.00026712199905887246, 0.0014487281441688538, 0.0038967307191342115, 0.0015566848451271653, -8.964537119027227e-05, -0.001371445949189365, 0.0008673362899571657, -0.0004424417857080698, -0.0010529113933444023, 0.0005103378207422793, -0.0016815569251775742, -0.0011654437985271215, -0.0011208758223801851], [0.00014714179269503802, 0.0005915279034525156, 0.0015566848451271653, 0.005640280898660421, -0.0012064966140314937, -0.00031227999716065824, 0.00014854755136184394, -0.00017571583157405257, -0.0009172947029583156, 0.0015790180768817663, 0.00014047868899069726, -0.0006833564257249236, -0.0016315290704369545], [0.00037285752478055656, -5.176318154553883e-05, -8.964537119027227e-05, -0.0012064966140314937, 0.007667745929211378, 0.00032041899976320565, 0.0023713463451713324, 0.0006254278705455363, -0.0011320557678118348, 0.0008574857492931187, -0.00041746304486878216, -0.0010496840113773942, -0.0007589023443870246], [0.0002514722873456776, 0.0004391316615510732, -0.001371445949189365, -0.00031227999716065824, 0.00032041899976320565, 0.008870168589055538, -0.001311183674260974, -0.0006025162292644382, 0.0006932265823706985, 0.0008207657374441624, -0.0028561882209032774, 0.0019934731535613537, -0.0032671969383955], [-2.3288899683393538e-05, -3.692686004796997e-05, 0.0008673362899571657, 0.00014854755136184394, 0.0023713463451713324, -0.001311183674260974, 0.007298858370631933, 0.0013691348722204566, 0.0005139982677064836, -0.0024123939219862223, 0.0005697573651559651, -0.0024128796067088842, 0.000199454152607359], [3.405042298254557e-05, -0.0004238872788846493, -0.0004424417857080698, -0.00017571583157405257, 0.0006254278705455363, -0.0006025162292644382, 0.0013691348722204566, 0.010065113194286823, -0.002137108240276575, 0.000898652826435864, -0.0007412072154693305, -0.00012513920955825597, -0.002991846762597561], [-0.00013041625788901, 4.920655919704586e-05, -0.0010529113933444023, -0.0009172947029583156, -0.0011320557678118348, 0.0006932265823706985, 0.0005139982677064836, -0.002137108240276575, 0.009533212520182133, -0.004613190423697233, 0.0015904504107311368, -0.0031100676860660315, 0.0028390176594257355], [-0.00023519298702012748, -0.00040316078229807317, 0.0005103378207422793, 0.0015790180768817663, 0.0008574857492931187, 0.0008207657374441624, -0.0024123939219862223, 0.000898652826435864, -0.004613190423697233, 0.015722136944532394, -0.004099685698747635, 0.0029797370079904795, 0.0005158254643902183], [-0.00022471357078757137, -0.0007938159396871924, -0.0016815569251775742, 0.00014047868899069726, -0.00041746304486878216, -0.0028561882209032774, 0.0005697573651559651, -0.0007412072154693305, 0.0015904504107311368, -0.004099685698747635, 0.013042662292718887, -0.0012658098712563515, 0.0017351354472339153], [-0.0003720550739672035, -0.0007927321130409837, -0.0011654437985271215, -0.0006833564257249236, -0.0010496840113773942, 0.0019934731535613537, -0.0024128796067088842, -0.00012513920955825597, -0.0031100676860660315, 0.0029797370079904795, -0.0012658098712563515, 0.014362456277012825, -0.0005867683794349432], [0.00048508821055293083, -0.0001263027952518314, -0.0011208758223801851, -0.0016315290704369545, -0.0007589023443870246, -0.0032671969383955, 0.000199454152607359, -0.002991846762597561, 0.0028390176594257355, 0.0005158254643902183, 0.0017351354472339153, -0.0005867683794349432, 0.014314102940261364]], "metadata.audio_properties.analysis.downmix": "mix", "metadata.audio_properties.codec": "mp3", "metadata.audio_properties.md5_encoded": "35e05f539308682e599af50fae3f341c", "metadata.tags.file_name": "1182278039086837862.mp3", "metadata.version.essenti