{"song_id": "1182256853913186345", "download": "https://cdn.discordapp.com/attachments/1135903449314238464/1182256853913186345/chirp.mp4?ex=6584097f&amp", "lyrics": "\u0418\u0432\u0430\u043d \u0418\u0432\u0430\u043d\u043e\u0432\u0438\u0447 \u0421\u0435\u043c\u0430\u043a \n\u0435\u0437\u0434\u0438\u0442\u0435 \u043d\u0430 \u043f\u043e\u0435\u0437\u0434\u0435 \u0438 \u043a\u0443\u0440\u0438\u0442 \u0442\u0430\u0431\u0430\u043a", "style": ["random"], "essentia_features": {"lowlevel.average_loudness": 0.8611239790916443, "lowlevel.barkbands_crest.mean": 14.211636543273926, "lowlevel.barkbands_crest.stdev": 5.057706356048584, "lowlevel.barkbands_flatness_db.mean": 0.25390326976776123, "lowlevel.barkbands_flatness_db.stdev": 0.08087825775146484, "lowlevel.barkbands_kurtosis.mean": 26.072542190551758, "lowlevel.barkbands_kurtosis.stdev": 61.764347076416016, "lowlevel.barkbands_skewness.mean": 3.042609691619873, "lowlevel.barkbands_skewness.stdev": 3.1230669021606445, "lowlevel.barkbands_spread.mean": 13.105319023132324, "lowlevel.barkbands_spread.stdev": 16.556135177612305, "lowlevel.dissonance.mean": 0.4109295904636383, "lowlevel.dissonance.stdev": 0.06009358912706375, "lowlevel.dynamic_complexity": 5.589181423187256, "lowlevel.erbbands_crest.mean": 14.352675437927246, "lowlevel.erbbands_crest.stdev": 5.812556743621826, "lowlevel.erbbands_flatness_db.mean": 0.2507649064064026, "lowlevel.erbbands_flatness_db.stdev": 0.0737965852022171, "lowlevel.erbbands_kurtosis.mean": 7.622828483581543, "lowlevel.erbbands_kurtosis.stdev": 14.856809616088867, "lowlevel.erbbands_skewness.mean": 1.4427001476287842, "lowlevel.erbbands_skewness.stdev": 1.9379637241363525, "lowlevel.erbbands_spread.mean": 26.912425994873047, "lowlevel.erbbands_spread.stdev": 24.806692123413086, "lowlevel.hfc.mean": 12.22987174987793, "lowlevel.hfc.stdev": 14.68404483795166, "lowlevel.loudness_ebu128.integrated": -16.252805709838867, "lowlevel.loudness_ebu128.loudness_range": 5.57896614074707, "lowlevel.loudness_ebu128.momentary.mean": -17.649396896362305, "lowlevel.loudness_ebu128.momentary.stdev": 3.845155715942383, "lowlevel.loudness_ebu128.short_term.mean": -16.700942993164062, "lowlevel.loudness_ebu128.short_term.stdev": 2.1392791271209717, "lowlevel.melbands_crest.mean": 16.62324333190918, "lowlevel.melbands_crest.stdev": 5.389107704162598, "lowlevel.melbands_flatness_db.mean": 0.2902642786502838, "lowlevel.melbands_flatness_db.stdev": 0.09655435383319855, "lowlevel.melbands_kurtosis.mean": 36.683658599853516, "lowlevel.melbands_kurtosis.stdev": 51.44807434082031, "lowlevel.melbands_skewness.mean": 3.6875972747802734, "lowlevel.melbands_skewness.stdev": 2.792689800262451, "lowlevel.melbands_spread.mean": 20.220117568969727, "lowlevel.melbands_spread.stdev": 38.59434509277344, "lowlevel.pitch_salience.mean": 0.5147417783737183, "lowlevel.pitch_salience.stdev": 0.14511242508888245, "lowlevel.silence_rate_20dB.mean": 1.0, "lowlevel.silence_rate_20dB.stdev": 0.0, "lowlevel.silence_rate_30dB.mean": 0.9995352029800415, "lowlevel.silence_rate_30dB.stdev": 0.021554134786128998, "lowlevel.silence_rate_60dB.mean": 0.3121078312397003, "lowlevel.silence_rate_60dB.stdev": 0.4633564352989197, "lowlevel.spectral_centroid.mean": 992.741943359375, "lowlevel.spectral_centroid.stdev": 1061.1605224609375, "lowlevel.spectral_complexity.mean": 6.395537853240967, "lowlevel.spectral_complexity.stdev": 5.20796012878418, "lowlevel.spectral_decrease.mean": -3.997298048119546e-09, "lowlevel.spectral_decrease.stdev": 5.121620016979023e-09, "lowlevel.spectral_energy.mean": 0.0161959920078516, "lowlevel.spectral_energy.stdev": 0.02018948644399643, "lowlevel.spectral_energyband_high.mean": 0.0004697144031524658, "lowlevel.spectral_energyband_high.stdev": 0.0012171765556558967, "lowlevel.spectral_energyband_low.mean": 0.000667305663228035, "lowlevel.spectral_energyband_low.stdev": 0.0052705551497638226, "lowlevel.spectral_energyband_middle_high.mean": 0.0027327225543558598, "lowlevel.spectral_energyband_middle_high.stdev": 0.006286298390477896, "lowlevel.spectral_energyband_middle_low.mean": 0.012553535401821136, "lowlevel.spectral_energyband_middle_low.stdev": 0.017075106501579285, "lowlevel.spectral_entropy.mean": 6.801818370819092, "lowlevel.spectral_entropy.stdev": 0.9304540157318115, "lowlevel.spectral_flux.mean": 0.055564913898706436, "lowlevel.spectral_flux.stdev": 0.04990570619702339, "lowlevel.spectral_kurtosis.mean": 9.753595352172852, "lowlevel.spectral_kurtosis.stdev": 10.786625862121582, "lowlevel.spectral_rms.mean": 0.0032298353035002947, "lowlevel.spectral_rms.stdev": 0.002317143138498068, "lowlevel.spectral_rolloff.mean": 1701.62646484375, "lowlevel.spectral_rolloff.stdev": 2772.003173828125, "lowlevel.spectral_skewness.mean": 2.3070268630981445, "lowlevel.spectral_skewness.stdev": 1.1230548620224, "lowlevel.spectral_spread.mean": 5213733.0, "lowlevel.spectral_spread.stdev": 2625313.5, "lowlevel.spectral_strongpeak.mean": 1.1638497114181519, "lowlevel.spectral_strongpeak.stdev": 1.2894841432571411, "lowlevel.zerocrossingrate.mean": 0.06820425391197205, "lowlevel.zerocrossingrate.stdev": 0.07759981602430344, "metadata.audio_properties.analysis.equal_loudness": 0.0, "metadata.audio_properties.analysis.length": 99.88265228271484, "metadata.audio_properties.analysis.sample_rate": 44100.0, "metadata.audio_properties.analysis.start_time": 0.0, "metadata.audio_properties.bit_rate": 127504.0, "metadata.audio_properties.length": 99.8826675415039, "metadata.audio_properties.lossless": 0.0, "metadata.audio_properties.number_channels": 1.0, "metadata.audio_properties.replay_gain": -12.970699310302734, "metadata.audio_properties.sample_rate": 48000.0, "rhythm.beats_count": 240.0, "rhythm.beats_loudness.mean": 0.032283585518598557, "rhythm.beats_loudness.stdev": 0.02123410254716873, "rhythm.bpm": 144.96807861328125, "rhythm.bpm_histogram_first_peak_bpm": 144.0, "rhythm.bpm_histogram_first_peak_weight": 0.4372294545173645, "rhythm.bpm_histogram_second_peak_bpm": 152.0, "rhythm.bpm_histogram_second_peak_spread": 0.0, "rhythm.bpm_histogram_second_peak_weight": 0.02092050202190876, "rhythm.danceability": 1.1619291305541992, "rhythm.onset_rate": 4.584407806396484, "tonal.chords_changes_rate": 0.03252788260579109, "tonal.chords_number_rate": 0.0027881041169166565, "tonal.chords_strength.mean": 0.5986469984054565, "tonal.chords_strength.stdev": 0.0831093117594719, "tonal.hpcp_crest.mean": 18.013673782348633, "tonal.hpcp_crest.stdev": 8.007729530334473, "tonal.hpcp_entropy.mean": 1.47383713722229, "tonal.hpcp_entropy.stdev": 0.7373882532119751, "tonal.key_edma.strength": 0.8407123684883118, "tonal.key_krumhansl.strength": 0.8432797789573669, "tonal.key_temperley.strength": 0.8450185060501099, "tonal.tuning_diatonic_strength": 0.6688987016677856, "tonal.tuning_equal_tempered_deviation": 0.030807508155703545, "tonal.tuning_frequency": 439.74591064453125, "tonal.tuning_nontempered_energy_ratio": 0.6415673494338989, "lowlevel.barkbands.mean": [2.3898428480606526e-06, 0.00017815611499827355, 0.000415660731960088, 0.00010057357576442882, 0.0042683277279138565, 0.00425163097679615, 0.0013520236825570464, 0.0014452646719291806, 0.0007965591503307223, 0.000550713506527245, 0.0009854246163740754, 0.00046644071699120104, 0.00021271524019539356, 0.00022319432173389941, 0.00012715617776848376, 9.95546652120538e-05, 9.33221890591085e-05, 6.288055010372773e-05, 7.067813567118719e-05, 6.82048630551435e-05, 5.4260908655123785e-05, 5.808177593280561e-05, 7.161775283748284e-05, 7.816188008291647e-05, 0.0001059185597114265, 5.6805714848451316e-05, 2.6594264568302606e-07], "lowlevel.barkbands.stdev": [1.3859605132893194e-05, 0.0015425379388034344, 0.0034504570066928864, 0.0008050731848925352, 0.009686826728284359, 0.007892291992902756, 0.0037663474213331938, 0.0049363840371370316, 0.0036738633643835783, 0.002000268781557679, 0.0036490033380687237, 0.002285674447193742, 0.0007779361330904067, 0.0008279821486212313, 0.00044731871457770467, 0.00040377466939389706, 0.00031100527849048376, 0.0001789790840120986, 0.00019855864229612052, 0.00026807282119989395, 0.0001895342575153336, 0.00022962759248912334, 0.00026351571432314813, 0.00027809967286884785, 0.0003147406969219446, 0.00017133548681158572, 9.971496410798864e-07], "lowlevel.erbbands.mean": [0.002438176656141877, 0.05504200607538223, 0.4010036885738373, 0.4872790277004242, 1.2734014987945557, 18.222076416015625, 31.88232421875, 34.91594696044922, 25.369121551513672, 27.92466926574707, 22.39706039428711, 22.093334197998047, 19.792675018310547, 14.05815601348877, 46.17359161376953, 21.921186447143555, 11.183941841125488, 9.841139793395996, 8.956986427307129, 6.299823760986328, 5.642301559448242, 4.420376777648926, 3.4176008701324463, 4.820761203765869, 2.260803699493408, 3.31355881690979, 2.503791093826294, 2.22603440284729, 2.253122091293335, 1.817294955253601, 2.004175901412964, 1.536137342453003, 1.4134881496429443, 1.1527868509292603, 0.7769176959991455, 0.3660798668861389, 0.07843142747879028, 0.0065249367617070675, 0.00014575461682397872, 2.682771628315095e-05], "lowlevel.erbbands.stdev": [0.019276831299066544, 0.4784456789493561, 3.3434414863586426, 3.6689138412475586, 3.291883945465088, 43.76801300048828, 58.65300369262695, 70.23870849609375, 58.96345138549805, 87.22950744628906, 84.03055572509766, 103.28150939941406, 68.55925750732422, 53.59864807128906, 169.2322540283203, 98.83151245117188, 38.287872314453125, 34.90841293334961, 29.22930335998535, 21.56546401977539, 21.71830177307129, 14.548951148986816, 9.73439884185791, 12.816011428833008, 6.001981258392334, 13.205300331115723, 9.172226905822754, 8.170231819152832, 9.08859634399414, 7.109784126281738, 7.331153392791748, 5.355711936950684, 5.24636173248291, 3.7604451179504395, 2.2289180755615234, 1.1248410940170288, 0.2352462261915207, 0.018251290544867516, 0.0003776862577069551, 3.253234172007069e-05], "lowlevel.gfcc.mean": [-133.88072204589844, 56.67208480834961, -124.30824279785156, -18.56185531616211, -96.12818145751953, -25.337892532348633, -75.68241119384766, -10.683247566223145, -43.998477935791016, 6.173101425170898, -5.82030725479126, 15.047449111938477, 0.27180224657058716], "lowlevel.melbands.mean": [3.4853670513257384e-05, 0.00016057302127592266, 8.591299410909414e-05, 0.000595308723859489, 0.0011986067984253168, 0.0007971014711074531, 0.00035882063093595207, 0.00031975196907296777, 0.00016970132128335536, 0.00012972559488844126, 9.354711801279336e-05, 4.6433360694209114e-05, 0.00014456789358519018, 8.144888852257282e-05, 3.386433672858402e-05, 1.6516381947440095e-05, 2.0056639186805114e-05, 1.5834624718991108e-05, 8.91629224497592e-06, 8.041642104217317e-06, 6.62141519569559e-06, 4.972346232534619e-06, 3.4307156511204084e-06, 3.010226691912976e-06, 4.202171567158075e-06, 1.8486312001186889e-06, 1.497760422353167e-06, 2.4267151275125798e-06, 1.8066612028633244e-06, 1.1435658962000161e-06, 1.3445775266518467e-06, 1.3614164799946593e-06, 9.615198450774187e-07, 1.0783211337184184e-06, 1.1218348845432047e-06, 1.0986452707584249e-06, 9.097171869143494e-07, 1.0187382031290326e-06, 9.047585649568646e-07, 1.0063895388157107e-06], "lowlevel.melbands.stdev": [0.0002916258235927671, 0.0013263417640700936, 0.0005568103515543044, 0.0014099711552262306, 0.0022273242939263582, 0.0015606230590492487, 0.0008611024240963161, 0.001033770153298974, 0.0006548695964738727, 0.0006119379540905356, 0.0003399629786144942, 0.00021620116604026407, 0.0005358660127967596, 0.00032222384470514953, 0.00012491046800278127, 5.8664005337050185e-05, 7.605216524098068e-05, 5.788142152596265e-05, 3.328740058350377e-05, 3.086245123995468e-05, 2.6762614652398042e-05, 1.757252357492689e-05, 1.1235064448555931e-05, 8.281201189674903e-06, 1.1756073945434764e-05, 5.569391305471072e-06, 5.231206159805879e-06, 1.0428290806885343e-05, 7.1904537435329985e-06, 3.8141101867950056e-06, 5.292142304824665e-06, 5.600755230261711e-06, 3.970208126702346e-06, 4.400712441565702e-06, 4.277198058844078e-06, 3.9856140574556775e-06, 3.27805059896491e-06, 3.858079253404867e-06, 3.383788680366706e-06, 3.214200205547968e-06], "lowlevel.melbands128.mean": [1.8274143940288923e-06, 1.1429416190367192e-05, 3.749056122615002e-05, 9.938708535628393e-05, 0.00019318409613333642, 0.00020101614063605666, 0.00010316187399439514, 3.793054565903731e-05, 5.9761758166132495e-05, 0.00028564498643390834, 0.0011371186701580882, 0.0016367544885724783, 0.0010052298894152045, 0.0009933409746736288, 0.0008372587617486715, 0.0007106830016709864, 0.0005758844781666994, 0.00021589660900644958, 0.00019794116087723523, 0.0003322585835121572, 0.0004108742286916822, 0.00018660964269656688, 0.00014200436999090016, 0.00012018619599984959, 0.00019092576985713094, 9.523968037683517e-05, 8.515712397638708e-05, 0.00014184220344759524, 4.062849984620698e-05, 5.040372707298957e-05, 3.753613418666646e-05, 5.658964437316172e-05, 0.00017302347987424582, 0.00022400087618734688, 5.280061304802075e-05, 7.461823406629264e-05, 5.5678381613688543e-05, 1.42998051160248e-05, 4.1290630178991705e-05, 2.2932368665351532e-05, 9.269938345823903e-06, 7.459631888195872e-06, 1.8837734387489036e-05, 2.754350680334028e-05, 2.339750608371105e-05, 1.0221639968222007e-05, 1.2775205505022313e-05, 9.307414075010456e-06, 6.483000561274821e-06, 9.303429578721989e-06, 8.978372534329537e-06, 6.237997695279773e-06, 4.7490120778093114e-06, 8.443650585832074e-06, 7.485248261218658e-06, 3.7661218357243342e-06, 3.3357828215230256e-06, 4.563696620607516e-06, 2.8634117370529566e-06, 2.6721550057118293e-06, 2.7661035346682183e-06, 2.9141629056539387e-06, 5.424279606813798e-06, 4.220371920382604e-06, 3.176370228175074e-06, 1.587172278050275e-06, 1.22205278785259e-06, 1.2168877674412215e-06, 1.4113429642748088e-06, 2.161551719837007e-06, 2.190895202147658e-06, 3.0380442694877274e-06, 2.2712204099661903e-06, 1.625819095352199e-06, 1.067234961737995e-06, 1.1107774753327249e-06, 1.2325217539910227e-06, 1.1598397122725146e-06, 1.4535007721860893e-06, 1.3469050372805214e-06, 1.462641307625745e-06, 1.3887544128010632e-06, 1.097441327146953e-06, 9.594510856913985e-07, 7.690708798691048e-07, 9.298744316765806e-07, 1.2725118949674652e-06, 1.200378733301477e-06, 9.024276437230583e-07, 1.2710758028333657e-06, 1.3572489478974603e-06, 9.983788231693325e-07, 7.530617835982412e-07, 9.179244671031483e-07, 9.312163911090465e-07, 1.1208866226297687e-06, 9.971156487154076e-07, 9.62436956797319e-07, 8.88439046775602e-07, 8.941780720306269e-07, 9.379092489325558e-07, 1.1181273293914273e-06, 9.214475653607224e-07, 1.012633561003895e-06, 8.298174520859902e-07, 8.965426445683988e-07, 7.188131121438346e-07, 7.181020009738859e-07, 7.915704145489144e-07, 4.7351605303447286e-07, 3.4744022059385316e-07, 3.169091939980717e-07, 2.0385714094572904e-07, 1.7010462727284903e-07, 1.2753717726354807e-07, 5.5708650137376026e-08, 1.2191086362633996e-08, 1.5280075815748972e-10, 4.821745086536211e-11, 2.721180572540227e-11, 1.735681563752589e-11, 3.979273941606687e-12, 2.3086478475459193e-12, 2.26042860644593e-12, 2.2023064795428926e-12, 2.1314571201774823e-12, 2.0875224292227212e-12, 2.0707760593069446e-12], "lowlevel.melbands128.stdev": [1.2290835911699105e-05, 9.798505925573409e-05, 0.0003380403795745224, 0.0009029891225509346, 0.001654229243285954, 0.0016582126263529062, 0.0008319467888213694, 0.0002908839378505945, 0.00024361186660826206, 0.0008879724773578346, 0.002977917902171612, 0.004069180227816105, 0.002315059071406722, 0.0025360716972500086, 0.002160936128348112, 0.001450715702958405, 0.001459181192331016, 0.0010671578347682953, 0.0010051060235127807, 0.0012227236293256283, 0.0016086444957181811, 0.0008760878117755055, 0.0009508772054687142, 0.0007193792262114584, 0.0011315448209643364, 0.0006436168914660811, 0.0003792984061874449, 0.0005983924493193626, 0.00022991036530584097, 0.00034938869066536427, 0.0002660505997482687, 0.0003101079200860113, 0.0007729819044470787, 0.001013401197269559, 0.00036448577884584665, 0.0004827463417313993, 0.00035221947473473847, 9.144838259089738e-05, 0.00018825697770807892, 0.00010572801693342626, 5.281268386170268e-05, 4.599905150826089e-05, 0.00010025873780250549, 0.00011737935710698366, 0.0001486401743022725, 4.9213787860935554e-05, 6.212117295945063e-05, 5.2260431402828544e-05, 3.1236639188136905e-05, 4.5149521611165255e-05, 4.069430724484846e-05, 3.6415545764612034e-05, 3.002948324137833e-05, 3.801063940045424e-05, 3.0524275643983856e-05, 1.8940861991723068e-05, 1.3362830941332504e-05, 1.895535569929052e-05, 1.2262673408258706e-05, 1.0816463145602029e-05, 9.25662516237935e-06, 9.765299182618037e-06, 1.7359419871354476e-05, 1.6633142877253704e-05, 1.554700793349184e-05, 5.3144240155234e-06, 4.548028300632723e-06, 4.3863860810233746e-06, 5.916255304327933e-06, 9.277097888116259e-06, 1.0306429430784192e-05, 1.5653102309443057e-05, 1.005222111416515e-05, 6.716874850098975e-06, 3.698008868013858e-06, 3.976874268118991e-06, 4.430510671227239e-06, 4.513308795139892e-06, 6.331614258670015e-06, 5.979809429845773e-06, 6.372182724589948e-06, 6.007569936627988e-06, 5.037989922129782e-06, 4.419244305609027e-06, 3.141308980048052e-06, 3.90253671866958e-06, 5.591968601947883e-06, 5.285437509883195e-06, 3.595109319576295e-06, 5.09518213220872e-06, 5.3964354265190195e-06, 3.7470388178917347e-06, 3.027438424396678e-06, 3.8142188714118674e-06, 3.3930864447029307e-06, 4.218638878228376e-06, 4.185138550383272e-06, 4.278075266483938e-06, 3.5023538202949567e-06, 3.5428747651167214e-06, 3.4772842809616122e-06, 3.660888978629373e-06, 2.760393272183137e-06, 2.899972287195851e-06, 2.6023465125035727e-06, 2.8761655812559184e-06, 2.257173946418334e-06, 2.3954589778441004e-06, 2.785038304864429e-06, 1.353674520032655e-06, 1.177195372292772e-06, 1.0722559409259702e-06, 6.435606678678596e-07, 5.851642868037743e-07, 3.6774258660443593e-07, 1.930365840507875e-07, 4.1902165293095095e-08, 2.1181250087209946e-09, 1.1057962323590687e-09, 6.188073942148264e-10, 6.881700764793663e-10, 6.416235598383224e-11, 4.686656878555295e-12, 4.6076610409062635e-12, 4.5443874358008784e-12, 4.4904492450814626e-12, 4.445999558094771e-12, 4.415457582895854e-12], "lowlevel.mfcc.mean": [-785.0983276367188, 106.21675109863281, -4.36251163482666, -10.160993576049805, -18.969186782836914, -31.70355987548828, -26.84540557861328, -34.0171012878418, -31.092512130737305, -32.22776794433594, -18.000469207763672, -5.686185836791992, -3.04427170753479], "lowlevel.spectral_contrast_coeffs.mean": [-0.47816577553749084, -0.6165618300437927, -0.7291402220726013, -0.7925320267677307, -0.8051068186759949, -0.8040784001350403], "lowlevel.spectral_contrast_coeffs.stdev": [0.12566979229450226, 0.08858320116996765, 0.09388535469770432, 0.06386527419090271, 0.054254792630672455, 0.04113125056028366], "lowlevel.spectral_contrast_valleys.mean": [-9.989045143127441, -8.200150489807129, -9.025875091552734, -9.194905281066895, -9.040534973144531, -11.236652374267578], "lowlevel.spectral_contrast_valleys.stdev": [1.455185890197754, 1.144731879234314, 1.178245186805725, 1.2260301113128662, 1.2728224992752075, 1.5961123704910278], "rhythm.beats_loudness_band_ratio.mean": [0.03971097245812416, 0.5629990696907043, 0.2610551118850708, 0.1503257006406784, 0.05347822979092598, 0.022262750193476677], "rhythm.beats_loudness_band_ratio.stdev": [0.12783069908618927, 0.2584936022758484, 0.19951984286308289, 0.19608207046985626, 0.07781892269849777, 0.03801647573709488], "tonal.hpcp.mean": [0.099916011095047, 0.07406139373779297, 0.04161614552140236, 0.05393476039171219, 0.043132200837135315, 0.05020546913146973, 0.08389785885810852, 0.07954925298690796, 0.18362927436828613, 0.2649398148059845, 0.1443445235490799, 0.04990323260426521, 0.031792476773262024, 0.030742857605218887, 0.1570691019296646, 0.2847612798213959, 0.15969228744506836, 0.024650543928146362, 0.015238868072628975, 0.016017060726881027, 0.06617408245801926, 0.19707953929901123, 0.16866430640220642, 0.09706400334835052, 0.17350342869758606, 0.11389387398958206, 0.01793523319065571, 0.01755978912115097, 0.024076003581285477, 0.19700533151626587, 0.37185004353523254, 0.20431680977344513, 0.026749394834041595, 0.021094083786010742, 0.022828642278909683, 0.05533093959093094], "tonal.hpcp.stdev": [0.2406822293996811, 0.18179409205913544, 0.14599284529685974, 0.1844591498374939, 0.14898160099983215, 0.14816153049468994, 0.1987258791923523, 0.18333740532398224, 0.2912900745868683, 0.3691486120223999, 0.24844814836978912, 0.16341298818588257, 0.12738287448883057, 0.12319371104240417, 0.2308596521615982, 0.38424617052078247, 0.2366568148136139, 0.0967940017580986, 0.06926574558019638, 0.07542283087968826, 0.1483803391456604, 0.3211616575717926, 0.2861745059490204, 0.18766838312149048, 0.328745573759079, 0.22643329203128815, 0.07292788475751877, 0.07495451718568802, 0.09293416887521744, 0.23154045641422272, 0.39097538590431213, 0.23463989794254303, 0.0894213393330574, 0.0782458558678627, 0.09037011116743088, 0.14734770357608795], "rhythm.beats_position": [0.4527890980243683, 0.9171881675720215, 1.3583673238754272, 1.7879364490509033, 2.2058956623077393, 2.623854875564575, 3.0302040576934814, 3.4365532398223877, 3.8545124530792236, 4.2724714279174805, 4.690430641174316, 5.108389854431152, 5.514739036560059, 5.921088218688965, 6.339047431945801, 6.757006645202637, 7.174965858459473, 7.592925071716309, 7.987664222717285, 8.405623435974121, 8.823582649230957, 9.241541862487793, 9.6478910446167, 10.054240226745605, 10.472199440002441, 10.901768684387207, 11.331337928771973, 11.737687110900879, 12.144036293029785, 12.538775444030762, 12.945124626159668, 13.363083839416504, 13.76943302154541, 14.187392234802246, 14.605351448059082, 15.023310661315918, 15.441269874572754, 15.84761905670166, 16.25396728515625, 16.671926498413086, 17.089885711669922, 17.507844924926758, 17.914194107055664, 18.32054328918457, 18.738502502441406, 19.156461715698242, 19.574420928955078, 19.992380142211914, 20.41033935546875, 20.816688537597656, 21.223037719726562, 21.6409969329834, 22.058956146240234, 22.47691535949707, 22.883264541625977, 23.289613723754883, 23.70757293701172, 24.125532150268555, 24.54349136352539, 24.961450576782227, 25.367799758911133, 25.77414894104004, 26.192108154296875, 26.61006736755371, 27.028026580810547, 27.445985794067383, 27.86394500732422, 28.281904220581055, 28.68825340270996, 29.094602584838867, 29.500951766967773, 29.90730094909668, 30.325260162353516, 30.74321937561035, 31.149568557739258, 31.555917739868164, 31.973876953125, 32.3918342590332, 32.83301544189453, 33.250972747802734, 33.65732192993164, 34.06367111206055, 34.47002029418945, 34.87636947631836, 35.29433059692383, 35.71228790283203, 36.11863708496094, 36.524986267089844, 36.94294738769531, 37.34929656982422, 37.755645751953125, 38.18521499633789, 38.603172302246094, 39.009521484375, 39.42748260498047, 39.84543991088867, 40.26340103149414, 40.681358337402344, 41.08770751953125, 41.494056701660156, 41.912017822265625, 42.32997512817383, 42.7479362487793, 43.1542854309082, 43.56063461303711, 43.97859191894531, 44.39655303955078, 44.814510345458984, 45.23247146606445, 45.650428771972656, 46.045169830322266, 46.45151901245117, 46.88108825683594, 47.29904556274414, 47.70539474487305, 48.11174392700195, 48.51809310913086, 48.93605422973633, 49.365623474121094, 49.7835807800293, 50.201541900634766, 50.60789108276367, 51.01424026489258, 51.43219757080078, 51.83854675292969, 52.244895935058594, 52.66285705566406, 53.080814361572266, 53.498775482177734, 53.90512466430664, 54.31147384643555, 54.72943115234375, 55.14739227294922, 55.56534957885742, 55.98331069946289, 56.3896598815918, 56.7960090637207, 57.213966369628906, 57.631927490234375, 58.04988479614258, 58.46784591674805, 58.87419509887695, 59.292152404785156, 59.69850158691406, 60.11646270751953, 60.52281188964844, 60.91754913330078, 61.32389831542969, 61.741859436035156, 62.17142868041992, 62.60099792480469, 63.01895523071289, 63.43691635131836, 63.843265533447266, 64.2496109008789, 64.66757202148438, 65.08553314208984, 65.49188232421875, 65.89823150634766, 66.31619262695312, 66.73414611816406, 67.14049530029297, 67.54684448242188, 67.96480560302734, 68.38276672363281, 68.80072784423828, 69.20707702636719, 69.6134262084961, 70.03137969970703, 70.4493408203125, 70.86730194091797, 71.28526306152344, 71.69161224365234, 72.09796142578125, 72.51591491699219, 72.93387603759766, 73.35183715820312, 73.74657440185547, 74.1761474609375, 74.5824966430664, 75.00045013427734, 75.40679931640625, 75.83637237548828, 76.25432586669922, 76.66068267822266, 77.06703186035156, 77.4849853515625, 77.90294647216797, 78.30929565429688, 78.72725677490234, 79.13360595703125, 79.55155944824219, 79.96952056884766, 80.38748168945312, 80.79383087158203, 81.20018005371094, 81.6181411743164, 82.03609466552734, 82.45405578613281, 82.87201690673828, 83.28997802734375, 83.69632720947266, 84.10267639160156, 84.5206298828125, 84.93859100341797, 85.35655212402344, 85.76290130615234, 86.16925048828125, 86.58721160888672, 86.99356079101562, 87.39990997314453, 87.81786346435547, 88.2474365234375, 88.6537857055664, 89.07174682617188, 89.48970031738281, 89.90766143798828, 90.31401062011719, 90.7203598022461, 91.13832092285156, 91.55628204345703, 91.97423553466797, 92.39219665527344, 92.79854583740234, 93.21650695800781, 93.62285614013672, 94.02920532226562, 94.43555450439453, 94.853515625, 95.27146911621094, 95.6894302368164, 96.10739135742188, 96.52535247802734, 96.94330596923828, 97.34965515136719, 97.7560043334961, 98.17396545410156, 98.59192657470703, 98.99827575683594, 99.40462493896484], "rhythm.bpm_histogram": [0.0, 0.0, 0.0, 0.0, 0.0, 0.0, 0.0, 0.0, 0.0, 0.0, 0.0, 0.0, 0.0, 0.0, 0.0, 0.0, 0.0, 0.0, 0.0, 0.0, 0.0, 0.0, 0.0, 0.0, 0.0, 0.0, 0.0, 0.0, 0.0, 0.0, 0.0, 0.0, 0.0, 0.0, 0.0, 0.0, 0.0, 0.0, 0.0, 0.0, 0.0, 0.0, 0.0, 0.0, 0.0, 0.0, 0.0, 0.0, 0.0, 0.0, 0.0, 0.0, 0.0, 0.0, 0.0, 0.0, 0.0, 0.0, 0.0, 0.0, 0.0, 0.0, 0.0, 0.0, 0.0, 0.0, 0.0, 0.0, 0.0, 0.0, 0.0, 0.0, 0.0, 0.0, 0.0, 0.0, 0.0, 0.0, 0.0, 0.0, 0.0, 0.0, 0.0, 0.0, 0.0, 0.0, 0.0, 0.0, 0.0, 0.0, 0.0, 0.0, 0.0, 0.0, 0.0, 0.0, 0.0, 0.0, 0.0, 0.0, 0.0, 0.0, 0.0, 0.0, 0.0, 0.0, 0.0, 0.0, 0.0, 0.0, 0.0, 0.0, 0.0, 0.0, 0.0, 0.0, 0.0, 0.0, 0.0, 0.0, 0.0, 0.0, 0.0, 0.0, 0.0, 0.0, 0.0, 0.0, 0.0, 0.0041841003112494946, 0.0, 0.0, 0.0, 0.0, 0.0, 0.0, 0.008368200622498989, 0.0, 0.0, 0.0, 0.0460251048207283, 0.0, 0.0, 0.0, 0.5439330339431763, 0.0, 0.0, 0.0, 0.3765690326690674, 0.0, 0.0, 0.0, 0.02092050202190876, 0.0, 0.0, 0.0, 0.0, 0.0, 0.0, 0.0, 0.0, 0.0, 0.0, 0.0, 0.0, 0.0, 0.0, 0.0, 0.0, 0.0, 0.0, 0.0, 0.0, 0.0, 0.0, 0.0, 0.0, 0.0, 0.0, 0.0, 0.0, 0.0, 0.0, 0.0, 0.0, 0.0, 0.0, 0.0, 0.0, 0.0, 0.0, 0.0, 0.0, 0.0, 0.0, 0.0, 0.0, 0.0, 0.0, 0.0, 0.0, 0.0, 0.0, 0.0, 0.0, 0.0, 0.0, 0.0, 0.0, 0.0, 0.0, 0.0, 0.0, 0.0, 0.0, 0.0, 0.0, 0.0, 0.0, 0.0, 0.0, 0.0, 0.0, 0.0, 0.0, 0.0, 0.0, 0.0, 0.0, 0.0, 0.0, 0.0, 0.0, 0.0, 0.0, 0.0, 0.0, 0.0, 0.0, 0.0, 0.0, 0.0, 0.0, 0.0, 0.0, 0.0, 0.0, 0.0, 0.0, 0.0], "tonal.chords_histogram": [47.397769927978516, 0.7899628281593323, 18.86617088317871, 0.0, 0.0, 0.0, 0.0, 0.0, 0.0, 0.0, 0.0, 0.0, 0.0, 0.0, 0.0, 0.0, 0.0, 0.0, 0.0, 0.8828996419906616, 6.6914496421813965, 13.336431503295898, 9.061338424682617, 2.97397780418396], "tonal.thpcp": [1.0, 0.549460232257843, 0.0719359740614891, 0.056727394461631775, 0.06139206513762474, 0.14879906177520752, 0.2686997354030609, 0.1991700530052185, 0.11191647499799728, 0.14504438638687134, 0.11599353700876236, 0.1350153684616089, 0.22562283277511597, 0.21392831206321716, 0.49382615089416504, 0.7124910354614258, 0.38817939162254333, 0.13420256972312927, 0.08549810945987701, 0.08267541974782944, 0.42239904403686523, 0.7657960057258606, 0.42945346236228943, 0.06629162281751633, 0.040981218218803406, 0.043073978275060654, 0.17795905470848083, 0.5299973487854004, 0.4535815119743347, 0.2610299587249756, 0.4665951430797577, 0.30628979206085205, 0.048232436180114746, 0.047222770750522614, 0.06474653631448746, 0.5297977924346924], "lowlevel.gfcc.cov": [[12997.0205078125, -1990.6968994140625, 1043.775634765625, 25.814306259155273, 86.1089096069336, 611.0882568359375, -288.01263427734375, 960.00048828125, -1097.114501953125, 352.3727722167969, -1096.422607421875, -424.2494812011719, -368.6517333984375], [-1990.6968994140625, 3769.031494140625, -380.9154357910156, -626.4896240234375, 710.5511474609375, -281.80731201171875, 412.3879089355469, -153.33702087402344, 308.74884033203125, -286.8475036621094, 371.458984375, -198.22003173828125, 252.47341918945312], [1043.775634765625, -380.9154357910156, 1328.2481689453125, 634.7932739257812, 23.202434539794922, 268.0774841308594, -78.50755310058594, 89.15013885498047, -47.25959396362305, 52.544002532958984, -120.65510559082031, -8.282649040222168, -184.3062744140625], [25.814306259155273, -626.4896240234375, 634.7932739257812, 1058.376220703125, 107.11324310302734, 135.295654296875, -8.825946807861328, 24.142240524291992, 95.46446990966797, 17.461278915405273, -24.67020606994629, 84.58658599853516, -140.1390380859375], [86.1089096069336, 710.5511474609375, 23.202434539794922, 107.11324310302734, 586.8907470703125, 118.00377655029297, 125.41695404052734, 154.58558654785156, 70.6438217163086, -4.44915246963501, 2.529926300048828, -44.10479736328125, 0.5007374882698059], [611.0882568359375, -281.80731201171875, 268.0774841308594, 135.295654296875, 118.00377655029297, 514.6829833984375, 98.26856231689453, -14.22413444519043, -26.894681930541992, 93.70072174072266, -49.187950134277344, 31.962656021118164, -66.53394317626953], [-288.01263427734375, 412.3879089355469, -78.50755310058594, -8.825946807861328, 125.41695404052734, 98.26856231689453, 289.07318115234375, 17.248611450195312, 34.865936279296875, -20.93327522277832, 71.54838562011719, -6.291192054748535, 26.623306274414062], [960.00048828125, -153.33702087402344, 89.15013885498047, 24.142240524291992, 154.58558654785156, -14.22413444519043, 17.248611450195312, 423.79815673828125, -51.7113151550293, 49.426612854003906, -141.82386779785156, -66.7861328125, -38.483394622802734], [-1097.114501953125, 308.74884033203125, -47.25959396362305, 95.46446990966797, 70.6438217163086, -26.894681930541992, 34.865936279296875, -51.7113151550293, 285.506591796875, -17.719526290893555, 105.74481201171875, 48.12925338745117, 41.91557693481445], [352.3727722167969, -286.8475036621094, 52.544002532958984, 17.461278915405273, -4.44915246963501, 93.70072174072266, -20.93327522277832, 49.426612854003906, -17.719526290893555, 149.86801147460938, -24.573211669921875, -6.31421422958374, -38.05290985107422], [-1096.422607421875, 371.458984375, -120.65510559082031, -24.67020606994629, 2.529926300048828, -49.187950134277344, 71.54838562011719, -141.82386779785156, 105.74481201171875, -24.573211669921875, 255.4971466064453, 74.91127014160156, 39.004756927490234], [-424.2494812011719, -198.22003173828125, -8.282649040222168, 84.58658599853516, -44.10479736328125, 31.962656021118164, -6.291192054748535, -66.7861328125, 48.12925338745117, -6.31421422958374, 74.91127014160156, 148.4733123779297, 23.747774124145508], [-368.6517333984375, 252.47341918945312, -184.3062744140625, -140.1390380859375, 0.5007374882698059, -66.53394317626953, 26.623306274414062, -38.483394622802734, 41.91557693481445, -38.05290985107422, 39.004756927490234, 23.747774124145508, 151.80360412597656]], "lowlevel.gfcc.icov": [[0.00018124733469448984, -4.622581400326453e-05, -2.3871194571256638e-05, -2.909604154410772e-05, 4.1099141526501626e-05, -0.000160332812811248, 0.00011441436072345823, -0.00021883270528633147, 0.0005015010829083622, -0.0001805369829526171, 0.00040430520311929286, 4.709038694272749e-05, 2.0265510102035478e-05], [-4.622581400326453e-05, 0.0012617266038432717, -0.0005609272047877312, 0.000905833556316793, -0.0015674489550292492, 0.0007699943380430341, -0.000988788902759552, 0.0008071347838267684, -0.0008594582905061543, 0.0012632108991965652, -0.00125282967928797, 0.0017771292477846146, -0.000736969755962491], [-2.3871194571256638e-05, -0.0005609272047877312, 0.0015987517544999719, -0.0011302913771942258, 0.0009251412702724338, -0.001028073369525373, 0.0009467941126786172, -0.0006287727155722678, 0.0004033528093714267, -0.0001442305074306205, 0.000307533162413165, -0.0002515423984732479, 0.0008062727865763009], [-2.909604154410772e-05, 0.000905833556316793, -0.0011302913771942258, 0.002361041959375143, -0.0015039006248116493, 0.0009109285310842097, -0.0010444031795486808, 0.0008130613714456558, -0.0012572811683639884, 0.000868391536641866, -0.0002757522161118686, -0.00012837274698540568, 0.0006793871871195734], [4.1099141526501626e-05, -0.0015674489550292492, 0.0009251412702724338, -0.0015039006248116493, 0.0044469330459833145, -0.0018814305076375604, 0.0009434865787625313, -0.00217788596637547, 0.0004617840168066323, -0.00081582588609308, 0.0008002155809663236, -0.0009478328283876181, 0.0004954027244821191], [-0.000160332812811248, 0.0007699943380430341, -0.001028073369525373, 0.0009109285310842097, -0.0018814305076375604, 0.0042745815590023994, -0.0025658837985247374, 0.0019905567169189453, -0.0006803114665672183, -0.001495140022598207, 0.0008233087719418108, -0.001040749833919108, 0.0005214140401221812], [0.00011441436072345823, -0.000988788902759552, 0.0009467941126786172, -0.0010444031795486808, 0.0009434865787625313, -0.0025658837985247374, 0.006072804797440767, -0.0017977425595745444, 0.0009958974551409483, 0.0005136682302691042, -0.0013382446486502886, 0.0003744363784790039, -0.0004017225874122232], [-0.00021883270528633147, 0.0008071347838267684, -0.0006287727155722678, 0.0008130613714456558, -0.00217788596637547, 0.0019905567169189453, -0.0017977425595745444, 0.004673467017710209, -0.0009371786145493388, -0.0007526492699980736, 0.0013219922548159957, 0.0004857562016695738, 0.00014747273235116154], [0.0005015010829083622, -0.0008594582905061543, 0.0004033528093714267, -0.0012572811683639884, 0.0004617840168066323, -0.0006803114665672183, 0.0009958974551409483, -0.0009371786145493388, 0.006543672643601894, -0.0013696583919227123, 0.00016530002176295966, -0.0012161929626017809, -0.0007379663293249905], [-0.0001805369829526171, 0.0012632108991965652, -0.0001442305074306205, 0.000868391536641866, -0.00081582588609308, -0.001495140022598207, 0.0005136682302691042, -0.0007526492699980736, -0.0013696583919227123, 0.010300801135599613, -0.0027070348151028156, 0.0026143461000174284, 0.0004005783412139863], [0.00040430520311929286, -0.00125282967928797, 0.000307533162413165, -0.0002757522161118686, 0.0008002155809663236, 0.0008233087719418108, -0.0013382446486502886, 0.0013219922548159957, 0.00016530002176295966, -0.0027070348151028156, 0.00976022519171238, -0.005106395576149225, 0.0016791584203019738], [4.709038694272749e-05, 0.0017771292477846146, -0.0002515423984732479, -0.00012837274698540568, -0.0009478328283876181, -0.001040749833919108, 0.0003744363784790039, 0.0004857562016695738, -0.0012161929626017809, 0.0026143461000174284, -0.005106395576149225, 0.01310516893863678, -0.003407682990655303], [2.0265510102035478e-05, -0.000736969755962491, 0.0008062727865763009, 0.0006793871871195734, 0.0004954027244821191, 0.0005214140401221812, -0.0004017225874122232, 0.00014747273235116154, -0.0007379663293249905, 0.0004005783412139863, 0.0016791584203019738, -0.003407682990655303, 0.010209014639258385]], "lowlevel.mfcc.cov": [[11547.107421875, -1139.863525390625, 36.56239700317383, -90.33229064941406, 212.0977325439453, -377.8735656738281, 741.4439697265625, -241.90711975097656, 510.71331787109375, 344.2991027832031, -9.850379943847656, -401.3492736816406, -429.9646911621094], [-1139.863525390625, 3633.5146484375, -702.0142211914062, -252.6199188232422, 149.31103515625, -110.33758544921875, 259.8170471191406, 60.452880859375, 149.61819458007812, -16.223848342895508, 122.26897430419922, 71.4295883178711, -72.8810806274414], [36.56239700317383, -702.0142211914062, 1246.728271484375, 364.5312805175781, 174.52516174316406, 292.6809997558594, -7.493526458740234, 99.47689056396484, -46.476829528808594, 27.659894943237305, 39.14402770996094, 44.44996643066406, 32.8299674987793], [-90.33229064941406, -252.6199188232422, 364.5312805175781, 744.5343017578125, 281.447509765625, 69.36402130126953, 30.840347290039062, 153.92373657226562, 35.750221252441406, 53.56770706176758, 47.63432312011719, 48.5190544128418, 32.49156951904297], [212.0977325439453, 149.31103515625, 174.52516174316406, 281.447509765625, 537.3665771484375, 151.55799865722656, 97.94375610351562, 146.9423828125, 158.48681640625, 100.50204467773438, 80.79681396484375, 52.131202697753906, 45.49800109863281], [-377.8735656738281, -110.33758544921875, 292.6809997558594, 69.36402130126953, 151.55799865722656, 581.166015625, 84.19713592529297, 117.89308166503906, -10.252647399902344, 37.63249206542969, 36.05295944213867, 59.543495178222656, 105.65052032470703], [741.4439697265625, 259.8170471191406, -7.493526458740234, 30.840347290039062, 97.94375610351562, 84.19713592529297, 382.4627685546875, 84.32274627685547, 109.0211410522461, 86.84634399414062, 69.03901672363281, 8.134258270263672, -11.18896198272705], [-241.90711975097656, 60.452880859375, 99.47689056396484, 153.92373657226562, 146.9423828125, 117.89308166503906, 84.32274627685547, 257.6413269042969, 92.9773178100586, 35.98698043823242, 45.90375518798828, 51.78163146972656, 66.2429428100586], [510.71331787109375, 149.61819458007812, -46.476829528808594, 35.750221252441406, 158.48681640625, -10.252647399902344, 109.0211410522461, 92.9773178100586, 294.76031494140625, 120.22113037109375, 35.72097396850586, -13.750396728515625, -8.405820846557617], [344.2991027832031, -16.223848342895508, 27.659894943237305, 53.56770706176758, 100.50204467773438, 37.63249206542969, 86.84634399414062, 35.98698043823242, 120.22113037109375, 175.96348571777344, 67.41081237792969, -7.8966288566589355, -6.535036087036133], [-9.850379943847656, 122.26897430419922, 39.14402770996094, 47.63432312011719, 80.79681396484375, 36.05295944213867, 69.03901672363281, 45.90375518798828, 35.72097396850586, 67.41081237792969, 143.58457946777344, 61.71539306640625, 9.071904182434082], [-401.3492736816406, 71.4295883178711, 44.44996643066406, 48.5190544128418, 52.131202697753906, 59.543495178222656, 8.134258270263672, 51.78163146972656, -13.750396728515625, -7.8966288566589355, 61.71539306640625, 146.17445373535156, 78.39281463623047], [-429.9646911621094, -72.8810806274414, 32.8299674987793, 32.49156951904297, 45.49800109863281, 105.65052032470703, -11.18896198272705, 66.2429428100586, -8.405820846557617, -6.535036087036133, 9.071904182434082, 78.39281463623047, 158.6054229736328]], "lowlevel.mfcc.icov": [[0.00014589432976208627, 8.008969598449767e-05, -1.4184118299453985e-05, 4.224218355375342e-05, -0.00010150030720978975, 8.931187039706856e-05, -0.0003302482655271888, 0.00019740017887670547, -0.0001707661576801911, -3.6487103898252826e-06, 2.0894722183584236e-05, 0.00016969932767096907, 0.00019619919476099312], [8.008969598449767e-05, 0.0004117162025067955, 0.00019169731240253896, 0.00013742387818638235, -0.00023118530225474387, 5.2685860282508656e-05, -0.00036684091901406646, 3.341885530971922e-05, -0.00018311699386686087, 0.0003290988097433001, -0.000236188352573663, -0.00013820946332998574, 0.0004155350325163454], [-1.4184118299453985e-05, 0.00019169731240253896, 0.0011913523776456714, -0.00041530595626682043, -0.0001176588557427749, -0.0005364495445974171, 0.00010507300612516701, -0.00012024588795611635, 0.0002024064597208053, 8.35048922454007e-05, -0.00019433608395047486, -0.0002019516541622579, 0.00046194190508686006], [4.224218355375342e-05, 0.00013742387818638235, -0.00041530595626682043, 0.002125364728271961, -0.0010216885711997747, 0.0004648223693948239, -8.624500333098695e-05, -0.0009175912709906697, 0.0005545588210225105, -0.0004055709869135171, 0.00023309735115617514, -0.00026471351156942546, 0.000319027021760121], [-0.00010150030720978975, -0.00023118530225474387, -0.00011765