{"song_id": "1182282261362643025", "download": "https://cdn.discordapp.com/attachments/1135911532732108921/1182282261362643025/chirp.mp4?ex=65842128&amp", "lyrics": "[Verse]\nDickfoot burns out in the flames, lost in the night\nRising from the ashes, a phoenix takes flight\nTen years of silence, darkness filled their void\nNow they return, ready to destroy\n\n[Chorus]\nDickfoot's back, stronger than before\nRaging inferno, forever we roar\nThrough the ashes, we rise up higher\nWith burning fury, reclaiming our fire", "style": ["djent metal"], "essentia_features": {"lowlevel.average_loudness": 0.971160352230072, "lowlevel.barkbands_crest.mean": 11.064217567443848, "lowlevel.barkbands_crest.stdev": 3.7213897705078125, "lowlevel.barkbands_flatness_db.mean": 0.11573097109794617, "lowlevel.barkbands_flatness_db.stdev": 0.032779913395643234, "lowlevel.barkbands_kurtosis.mean": 2.3161556720733643, "lowlevel.barkbands_kurtosis.stdev": 3.969623327255249, "lowlevel.barkbands_skewness.mean": 1.1935988664627075, "lowlevel.barkbands_skewness.stdev": 1.0067760944366455, "lowlevel.barkbands_spread.mean": 28.65030860900879, "lowlevel.barkbands_spread.stdev": 14.513069152832031, "lowlevel.dissonance.mean": 0.48131227493286133, "lowlevel.dissonance.stdev": 0.019707275554537773, "lowlevel.dynamic_complexity": 2.052385091781616, "lowlevel.erbbands_crest.mean": 10.320631980895996, "lowlevel.erbbands_crest.stdev": 5.525990962982178, "lowlevel.erbbands_flatness_db.mean": 0.14172029495239258, "lowlevel.erbbands_flatness_db.stdev": 0.042255982756614685, "lowlevel.erbbands_kurtosis.mean": 2.437964677810669, "lowlevel.erbbands_kurtosis.stdev": 3.48378849029541, "lowlevel.erbbands_skewness.mean": 0.6958502531051636, "lowlevel.erbbands_skewness.stdev": 1.0956051349639893, "lowlevel.erbbands_spread.mean": 35.85818862915039, "lowlevel.erbbands_spread.stdev": 21.297948837280273, "lowlevel.hfc.mean": 40.441505432128906, "lowlevel.hfc.stdev": 18.414499282836914, "lowlevel.loudness_ebu128.integrated": -10.858332633972168, "lowlevel.loudness_ebu128.loudness_range": 1.7403955459594727, "lowlevel.loudness_ebu128.momentary.mean": -10.98488998413086, "lowlevel.loudness_ebu128.momentary.stdev": 1.0685163736343384, "lowlevel.loudness_ebu128.short_term.mean": -10.84316349029541, "lowlevel.loudness_ebu128.short_term.stdev": 0.6113675236701965, "lowlevel.melbands_crest.mean": 16.5156307220459, "lowlevel.melbands_crest.stdev": 5.146818161010742, "lowlevel.melbands_flatness_db.mean": 0.17969931662082672, "lowlevel.melbands_flatness_db.stdev": 0.03893708810210228, "lowlevel.melbands_kurtosis.mean": 12.08167552947998, "lowlevel.melbands_kurtosis.stdev": 19.02400779724121, "lowlevel.melbands_skewness.mean": 2.3766543865203857, "lowlevel.melbands_skewness.stdev": 2.149986743927002, "lowlevel.melbands_spread.mean": 26.54128646850586, "lowlevel.melbands_spread.stdev": 11.07874584197998, "lowlevel.pitch_salience.mean": 0.5247462391853333, "lowlevel.pitch_salience.stdev": 0.10631672292947769, "lowlevel.silence_rate_20dB.mean": 1.0, "lowlevel.silence_rate_20dB.stdev": 0.0, "lowlevel.silence_rate_30dB.mean": 1.0, "lowlevel.silence_rate_30dB.stdev": 0.0, "lowlevel.silence_rate_60dB.mean": 0.0, "lowlevel.silence_rate_60dB.stdev": 0.0, "lowlevel.spectral_centroid.mean": 1577.48193359375, "lowlevel.spectral_centroid.stdev": 474.418701171875, "lowlevel.spectral_complexity.mean": 29.454057693481445, "lowlevel.spectral_complexity.stdev": 8.38524055480957, "lowlevel.spectral_decrease.mean": -1.2052618458824327e-08, "lowlevel.spectral_decrease.stdev": 5.5224362860428755e-09, "lowlevel.spectral_energy.mean": 0.04915748909115791, "lowlevel.spectral_energy.stdev": 0.021694786846637726, "lowlevel.spectral_energyband_high.mean": 0.0018478601705282927, "lowlevel.spectral_energyband_high.stdev": 0.0014626715565100312, "lowlevel.spectral_energyband_low.mean": 0.022097686305642128, "lowlevel.spectral_energyband_low.stdev": 0.018122466281056404, "lowlevel.spectral_energyband_middle_high.mean": 0.016553057357668877, "lowlevel.spectral_energyband_middle_high.stdev": 0.014509052038192749, "lowlevel.spectral_energyband_middle_low.mean": 0.010550548322498798, "lowlevel.spectral_energyband_middle_low.stdev": 0.00969894602894783, "lowlevel.spectral_entropy.mean": 8.001150131225586, "lowlevel.spectral_entropy.stdev": 0.22774334251880646, "lowlevel.spectral_flux.mean": 0.13163352012634277, "lowlevel.spectral_flux.stdev": 0.04944509640336037, "lowlevel.spectral_kurtosis.mean": 3.021124839782715, "lowlevel.spectral_kurtosis.stdev": 1.2181276082992554, "lowlevel.spectral_rms.mean": 0.0067559718154370785, "lowlevel.spectral_rms.stdev": 0.0015216402243822813, "lowlevel.spectral_rolloff.mean": 1409.6917724609375, "lowlevel.spectral_rolloff.stdev": 1404.771728515625, "lowlevel.spectral_skewness.mean": 1.4435288906097412, "lowlevel.spectral_skewness.stdev": 0.29451942443847656, "lowlevel.spectral_spread.mean": 5619455.5, "lowlevel.spectral_spread.stdev": 1110703.375, "lowlevel.spectral_strongpeak.mean": 1.3468022346496582, "lowlevel.spectral_strongpeak.stdev": 1.5859624147415161, "lowlevel.zerocrossingrate.mean": 0.06903120130300522, "lowlevel.zerocrossingrate.stdev": 0.02839767560362816, "metadata.audio_properties.analysis.equal_loudness": 0.0, "metadata.audio_properties.analysis.length": 38.89065933227539, "metadata.audio_properties.analysis.sample_rate": 44100.0, "metadata.audio_properties.analysis.start_time": 0.0, "metadata.audio_properties.bit_rate": 116597.0, "metadata.audio_properties.length": 38.89066696166992, "metadata.audio_properties.lossless": 0.0, "metadata.audio_properties.number_channels": 1.0, "metadata.audio_properties.replay_gain": -13.967107772827148, "metadata.audio_properties.sample_rate": 48000.0, "rhythm.beats_count": 74.0, "rhythm.beats_loudness.mean": 0.048985064029693604, "rhythm.beats_loudness.stdev": 0.014499627985060215, "rhythm.bpm": 115.18421173095703, "rhythm.bpm_histogram_first_peak_bpm": 115.0, "rhythm.bpm_histogram_first_peak_weight": 0.45205479860305786, "rhythm.bpm_histogram_second_peak_bpm": 0.0, "rhythm.bpm_histogram_second_peak_spread": 0.0, "rhythm.bpm_histogram_second_peak_weight": 0.0, "rhythm.danceability": 1.0636144876480103, "rhythm.onset_rate": 3.1615445613861084, "tonal.chords_changes_rate": 0.09058403223752975, "tonal.chords_number_rate": 0.01430274173617363, "tonal.chords_strength.mean": 0.4996824860572815, "tonal.chords_strength.stdev": 0.11435563862323761, "tonal.hpcp_crest.mean": 11.45776081085205, "tonal.hpcp_crest.stdev": 5.152437686920166, "tonal.hpcp_entropy.mean": 2.328007459640503, "tonal.hpcp_entropy.stdev": 0.8114190101623535, "tonal.key_edma.strength": 0.39278385043144226, "tonal.key_krumhansl.strength": 0.40025594830513, "tonal.key_temperley.strength": 0.40318745374679565, "tonal.tuning_diatonic_strength": 0.3817567527294159, "tonal.tuning_equal_tempered_deviation": 0.2807299494743347, "tonal.tuning_frequency": 434.193115234375, "tonal.tuning_nontempered_energy_ratio": 0.9131636619567871, "lowlevel.barkbands.mean": [0.001243508537299931, 0.011859140358865261, 0.008836117573082447, 0.0010272859362885356, 0.0009278606157749891, 0.0002515825326554477, 0.0011692128609865904, 0.0014056197833269835, 0.0029940519016236067, 0.0095965676009655, 0.0017235541017726064, 0.0017305075889453292, 0.001221523038111627, 0.0007735429680906236, 0.0005032254266552627, 0.000561992172151804, 0.0005939486436545849, 0.0003669540164992213, 0.00038276714622043073, 0.0003284658305346966, 0.0003852614026982337, 0.00027574473642744124, 0.00031511616543866694, 0.0002631472307257354, 0.0002471870102453977, 0.00017280527390539646, 8.174696972673701e-07], "lowlevel.barkbands.stdev": [0.0010410449467599392, 0.01564631424844265, 0.006052340846508741, 0.0017224813345819712, 0.002812080318108201, 0.00047681896830908954, 0.0037450448144227266, 0.003938089590519667, 0.005122398491948843, 0.012538253329694271, 0.0026802325155586004, 0.002519219648092985, 0.0015069900546222925, 0.0009939748561009765, 0.0007475198362953961, 0.0004914789460599422, 0.00044991966569796205, 0.0002985757600981742, 0.00030730635626241565, 0.0002764794626273215, 0.00029969349270686507, 0.00024746853159740567, 0.00031711944029666483, 0.0002763597876764834, 0.00034274798235855997, 0.0003317464725114405, 2.4586558993178187e-06], "lowlevel.erbbands.mean": [0.2896619141101837, 2.88386869430542, 10.424220085144043, 6.053994655609131, 3.505704402923584, 2.634725332260132, 1.7474619150161743, 2.3643369674682617, 9.064407348632812, 29.50480842590332, 32.00874328613281, 64.48249816894531, 265.9026794433594, 172.586669921875, 71.2853775024414, 71.25425720214844, 57.495025634765625, 43.08781051635742, 34.566776275634766, 22.344446182250977, 36.11111068725586, 33.331703186035156, 20.012258529663086, 22.44732666015625, 16.039159774780273, 15.64468765258789, 17.146377563476562, 12.917074203491211, 10.441974639892578, 9.441971778869629, 8.7101469039917, 5.928708076477051, 4.159555435180664, 2.7281386852264404, 1.7897392511367798, 0.9818528890609741, 0.27608510851860046, 0.021854404360055923, 0.00047753340913914144, 8.278164023067802e-05], "lowlevel.erbbands.stdev": [0.40343859791755676, 3.8098957538604736, 7.626221179962158, 5.690419673919678, 9.655817031860352, 7.306288242340088, 3.737506628036499, 4.233138561248779, 25.335935592651367, 92.4129867553711, 80.24259948730469, 107.29730987548828, 345.34942626953125, 232.25010681152344, 98.97308349609375, 99.6758041381836, 66.90950775146484, 49.61433792114258, 48.441123962402344, 24.152816772460938, 29.838430404663086, 24.300888061523438, 14.74612045288086, 19.090524673461914, 12.480606079101562, 13.228987693786621, 14.393887519836426, 10.140953063964844, 9.062126159667969, 9.147234916687012, 8.748737335205078, 5.551412582397461, 4.8103156089782715, 3.4305365085601807, 2.788951873779297, 1.835438847541809, 0.5326588153839111, 0.048159193247556686, 0.000945528969168663, 4.934783646604046e-05], "lowlevel.gfcc.mean": [61.239051818847656, 54.17876052856445, -114.86226654052734, 35.369407653808594, -47.85647201538086, 46.34964370727539, -19.43869400024414, 30.77239990234375, -25.160017013549805, 4.459258079528809, -27.182039260864258, 0.934528112411499, -17.437482833862305], "lowlevel.melbands.mean": [0.00294807949103415, 0.0047165462747216225, 0.001009529223665595, 0.00022836713469587266, 6.530612881761044e-05, 5.315212547429837e-05, 0.00016704280278645456, 0.00032676212140358984, 0.0002559542190283537, 0.00043843212188221514, 0.0014059817185625434, 0.0008018282824195921, 0.00023220392176881433, 0.0001896555768325925, 0.00016897637397050858, 0.00011108058970421553, 7.614422793267295e-05, 5.9066780522698537e-05, 3.418175037950277e-05, 3.0027289540157653e-05, 4.520912261796184e-05, 3.7664343835785985e-05, 2.084574953187257e-05, 1.6609839804004878e-05, 1.877260183391627e-05, 1.28843112179311e-05, 1.0146294698643032e-05, 1.0411455150460824e-05, 1.0661759006325155e-05, 9.89694945019437e-06, 6.553997081937268e-06, 6.081425908632809e-06, 4.951125902152853e-06, 5.500442966877017e-06, 5.297022653394379e-06, 4.0434429138258565e-06, 3.5331086110090837e-06, 2.917150141001912e-06, 2.5716597065184033e-06, 2.2124204406281933e-06], "lowlevel.melbands.stdev": [0.003953891806304455, 0.003866528859362006, 0.0008880567038431764, 0.0006976171862334013, 0.0001380902249366045, 9.91401175269857e-05, 0.0004953424213454127, 0.0009758687810972333, 0.0006401030695997179, 0.0007562726968899369, 0.0018243558006361127, 0.001111533958464861, 0.0003419400309212506, 0.0002852641337085515, 0.00024127478536684066, 0.0001391432888340205, 9.456079715164378e-05, 8.715572766959667e-05, 4.9880916776601225e-05, 2.8354348614811897e-05, 3.8686615880578756e-05, 2.9552034902735613e-05, 1.54668068717001e-05, 1.4735322110936977e-05, 1.6669182514306158e-05, 1.0600435416563414e-05, 8.355571480933577e-06, 9.486835551797412e-06, 9.705007869342808e-06, 8.029403034015559e-06, 5.433687420008937e-06, 5.5694895308988634e-06, 4.7076850933081005e-06, 5.89661112826434e-06, 5.636584774038056e-06, 3.770526291191345e-06, 3.4784975468937773e-06, 3.4958748074132018e-06, 2.9174798328313045e-06, 2.987763309647562e-06], "lowlevel.melbands128.mean": [0.0006811250350438058, 0.0021514850668609142, 0.0035489194560796022, 0.0051147304475307465, 0.006066765636205673, 0.0036548147909343243, 0.0012066032504662871, 0.0003936005523428321, 0.0003434018581174314, 0.0002802644739858806, 0.0001131405879277736, 6.961757753742859e-05, 5.6872027926146984e-05, 5.0937014748342335e-05, 4.791718674823642e-05, 4.907623224426061e-05, 8.663684275234118e-05, 0.000152212378452532, 0.00030569417867809534, 0.0003864960453938693, 0.000300241430522874, 0.00027019757544621825, 0.00024598039453849196, 0.00024801099789328873, 0.000291167467366904, 0.0005234432173892856, 0.0007657494279555976, 0.0015698286006227136, 0.002039277693256736, 0.0010190955363214016, 0.00036851823097094893, 0.00026894998154602945, 0.00022097436885815114, 0.00021917343838140368, 0.0001828954991651699, 0.00017352716531604528, 0.0002088630135403946, 0.00019203593546990305, 0.00012721086386591196, 0.0001162742410087958, 0.00011885948333656415, 8.649779920233414e-05, 7.17208458809182e-05, 7.421381451422349e-05, 6.988360109971836e-05, 5.398789653554559e-05, 5.1429658924462274e-05, 3.517824370646849e-05, 2.6712534236139618e-05, 2.585284164524637e-05, 2.5406701752217487e-05, 4.010947304777801e-05, 4.693997834692709e-05, 4.573114711092785e-05, 4.4925724068889394e-05, 4.00544231524691e-05, 3.0034339943085797e-05, 2.1213170839473605e-05, 1.8720624211709946e-05, 1.6537502233404666e-05, 1.4205057595972903e-05, 1.916015571623575e-05, 1.9684490325744264e-05, 1.9415503629716113e-05, 1.5855841411394067e-05, 1.3209504686528817e-05, 1.0556424967944622e-05, 1.0077094884763937e-05, 1.0247200407320634e-05, 1.0043231668532826e-05, 1.0337565072404686e-05, 1.0557751920714509e-05, 1.0566104720055591e-05, 1.0611608558974694e-05, 1.095168772735633e-05, 1.0668925824575126e-05, 9.458372915105429e-06, 7.350226496782852e-06, 6.1741484387312084e-06, 5.436244919110322e-06, 6.522509920614539e-06, 6.328860763460398e-06, 5.260007583274273e-06, 4.756935595651157e-06, 4.5859355850552674e-06, 5.326183327269973e-06, 5.584240170719568e-06, 6.350403054966591e-06, 5.113349743623985e-06, 4.9615100579103455e-06, 4.308633378968807e-06, 3.927540547010722e-06, 3.288499783593579e-06, 3.7348850128182676e-06, 3.567703743101447e-06, 2.8509336971183075e-06, 2.764705413937918e-06, 3.0139628961478593e-06, 2.6247589630656876e-06, 2.3433613023371436e-06, 2.2649635411653435e-06, 2.3089171463652747e-06, 1.9383749076951062e-06, 2.137365754606435e-06, 1.8582978782433202e-06, 2.114837798217195e-06, 2.085113465000177e-06, 1.8435085848977906e-06, 1.7127390492532868e-06, 1.6109410125864088e-06, 1.416732288817002e-06, 1.000056272459915e-06, 8.409137990383897e-07, 6.480394176833215e-07, 3.79269522454706e-07, 1.8973391036070097e-07, 3.507939183577946e-08, 2.2343913386180247e-09, 3.2726357734880196e-10, 1.8809750632065025e-11, 1.309008804128986e-11, 9.876391371399507e-12, 9.32113674440016e-12, 8.867421553981902e-12, 8.037514230563314e-12, 6.834298751923207e-12, 6.031434900133359e-12, 5.775424843229571e-12], "lowlevel.melbands128.stdev": [0.0008493949426338077, 0.0031123049557209015, 0.0060669356025755405, 0.006926527712494135, 0.005016084294766188, 0.002501831855624914, 0.0013893619179725647, 0.0006776647642254829, 0.0011780981440097094, 0.000983366509899497, 0.00032064589322544634, 0.00017823204689193517, 0.00014198353164829314, 0.0001241274585481733, 9.241711086360738e-05, 0.00011838886712212116, 0.00025170741719193757, 0.0005451051401905715, 0.001178173115476966, 0.0014675491256639361, 0.0010767505737021565, 0.0009801032720133662, 0.000765932840295136, 0.0007865654188208282, 0.0007231969502754509, 0.00118960440158844, 0.0013929535634815693, 0.0026250286027789116, 0.003133021295070648, 0.0018430326599627733, 0.0007130006561055779, 0.0005479995743371546, 0.00039533167728222907, 0.0004561563255265355, 0.0003569548425730318, 0.0003355024673510343, 0.00036997051211073995, 0.00034208811121061444, 0.00020894812769256532, 0.00017900280363392085, 0.00018039837596006691, 0.00015061890007928014, 0.00010908918193308637, 0.00011983136209892109, 0.00013548918650485575, 9.358047100249678e-05, 0.00011193771206308156, 6.469307845691219e-05, 4.07376755902078e-05, 3.2346550142392516e-05, 2.8308317268965766e-05, 4.7311303205788136e-05, 4.98844965477474e-05, 4.737524432130158e-05, 4.6055225539021194e-05, 3.816656317212619e-05, 2.887888695113361e-05, 2.032847623922862e-05, 1.7078593373298645e-05, 1.5131324289541226e-05, 1.5936780982883647e-05, 2.1889039999223314e-05, 2.0493056581472047e-05, 2.1407604435808025e-05, 1.5721074305474758e-05, 1.2987120499019511e-05, 1.0320037290512118e-05, 1.0743140592239797e-05, 9.393307664140593e-06, 1.009851348499069e-05, 1.1385700418031774e-05, 1.1393325621611439e-05, 1.1603033271967433e-05, 1.1106260899396148e-05, 1.1031123904103879e-05, 9.367154234496411e-06, 9.356132977700327e-06, 7.082142474246211e-06, 5.413940016296692e-06, 6.0113161453045905e-06, 7.054595243971562e-06, 6.3056268118089065e-06, 5.287613021209836e-06, 5.242492989054881e-06, 5.149442586116493e-06, 6.130011115601519e-06, 7.266963621077593e-06, 7.642051969014574e-06, 6.036895229044603e-06, 5.60016451345291e-06, 4.6609552555310074e-06, 3.7828131098649465e-06, 3.46684123542218e-06, 3.989041488239309e-06, 3.959804416808765e-06, 3.2932662179518957e-06, 3.905841822415823e-06, 4.017898845631862e-06, 3.0534267807524884e-06, 2.68176631834649e-06, 3.077506789850304e-06, 3.4373792914266232e-06, 3.011679837072734e-06, 3.4746235542115755e-06, 3.0422513646044536e-06, 3.518974381222506e-06, 3.7206773413345218e-06, 3.4368997603451135e-06, 3.6204014577378985e-06, 3.225454292987706e-06, 3.013622745129396e-06, 1.9455937945167534e-06, 1.6662939970046864e-06, 1.5115205087568029e-06, 8.765401844357257e-07, 5.570059897763713e-07, 9.673059508941151e-08, 2.2153891165999084e-08, 5.655916623936719e-09, 3.3891850437228754e-10, 1.4752633836767615e-10, 8.090583758502135e-11, 7.268084745160053e-11, 6.492612003583531e-11, 5.190385621300919e-11, 3.1833639890788135e-11, 1.589627734999155e-11, 1.0316342398397627e-11], "lowlevel.mfcc.mean": [-581.9982299804688, 87.49638366699219, -1.9640249013900757, 9.21690559387207, 6.341588497161865, 17.17262840270996, 19.044525146484375, 24.310117721557617, 17.051651000976562, 10.65251350402832, 3.2930610179901123, 4.687435150146484, -1.9123724699020386], "lowlevel.spectral_contrast_coeffs.mean": [-0.7016768455505371, -0.7901676893234253, -0.7593130469322205, -0.8080398440361023, -0.8189424872398376, -0.780193030834198], "lowlevel.spectral_contrast_coeffs.stdev": [0.059363242238759995, 0.07443781942129135, 0.07795858383178711, 0.03250611945986748, 0.01702246628701687, 0.023279426619410515], "lowlevel.spectral_contrast_valleys.mean": [-6.6735663414001465, -6.660913944244385, -6.372501850128174, -6.784392833709717, -6.700138092041016, -8.991503715515137], "lowlevel.spectral_contrast_valleys.stdev": [0.43661433458328247, 0.503311276435852, 0.7163408398628235, 0.3491188585758209, 0.2959382236003876, 0.3764876127243042], "rhythm.beats_loudness_band_ratio.mean": [0.42840346693992615, 0.050163526087999344, 0.20178109407424927, 0.2510635256767273, 0.06777581572532654, 0.060764674097299576], "rhythm.beats_loudness_band_ratio.stdev": [0.1879558563232422, 0.09139695018529892, 0.16643333435058594, 0.1946316510438919, 0.04414142295718193, 0.026164285838603973], "tonal.hpcp.mean": [0.23241612315177917, 0.22476212680339813, 0.2661554515361786, 0.19884417951107025, 0.09787428379058838, 0.06819680333137512, 0.06405513733625412, 0.057255879044532776, 0.06747536361217499, 0.07778479903936386, 0.08376926183700562, 0.08471918106079102, 0.08079375326633453, 0.11433324962854385, 0.13953544199466705, 0.103736512362957, 0.07797344028949738, 0.08763337135314941, 0.07940924167633057, 0.06709948182106018, 0.07461603730916977, 0.09058700501918793, 0.12940439581871033, 0.17647814750671387, 0.19377969205379486, 0.16608458757400513, 0.12590642273426056, 0.10149408131837845, 0.08579695224761963, 0.10596279054880142, 0.17169153690338135, 0.24683645367622375, 0.262570321559906, 0.2356165647506714, 0.2487567514181137, 0.27455347776412964], "tonal.hpcp.stdev": [0.2991948127746582, 0.307903528213501, 0.3522737920284271, 0.29203376173973083, 0.18573737144470215, 0.14746132493019104, 0.14492762088775635, 0.1308213174343109, 0.1434960663318634, 0.14594118297100067, 0.15938705205917358, 0.16572882235050201, 0.14642393589019775, 0.2057298868894577, 0.2513503134250641, 0.18034708499908447, 0.14996057748794556, 0.15809690952301025, 0.14204037189483643, 0.12979617714881897, 0.14317229390144348, 0.1780315637588501, 0.21887025237083435, 0.2623264491558075, 0.2765013873577118, 0.24775515496730804, 0.21076655387878418, 0.19196762144565582, 0.1755182296037674, 0.18635112047195435, 0.24868763983249664, 0.34392887353897095, 0.33195844292640686, 0.3018467426300049, 0.30191197991371155, 0.32861030101776123], "rhythm.beats_position": [0.5108389854431152, 1.0332880020141602, 1.5557368993759155, 2.0665760040283203, 2.600634813308716, 3.1346938610076904, 3.6455328464508057, 4.179591655731201, 4.690430641174316, 5.212879657745361, 5.735328674316406, 6.2461676597595215, 6.768616676330566, 7.302675724029541, 7.825124740600586, 8.335963249206543, 8.858412742614746, 9.380861282348633, 9.891700744628906, 10.414149284362793, 10.936598777770996, 11.459047317504883, 11.981496810913086, 12.503945350646973, 13.02639389038086, 13.537233352661133, 14.05968189239502, 14.582131385803223, 15.116189956665039, 15.650249481201172, 16.161088943481445, 16.671926498413086, 17.18276596069336, 17.705215454101562, 18.227664947509766, 18.750112533569336, 19.27256202697754, 19.806621551513672, 20.317459106445312, 20.828298568725586, 21.36235809326172, 21.884807586669922, 22.407255172729492, 22.918094635009766, 23.44054412841797, 23.962993621826172, 24.485441207885742, 25.007890701293945, 25.53034019470215, 26.05278778076172, 26.563627243041992, 27.097686767578125, 27.6085262298584, 28.13097381591797, 28.641813278198242, 29.164262771606445, 29.698322296142578, 30.22076988220215, 30.74321937561035, 31.254058837890625, 31.776506423950195, 32.29895782470703, 32.80979537963867, 33.34385299682617, 33.866302490234375, 34.38875198364258, 34.91120147705078, 35.433650970458984, 35.944488525390625, 36.45532989501953, 36.97777557373047, 37.50022506713867, 38.03428649902344, 38.54512405395508], "rhythm.bpm_histogram": [0.0, 0.0, 0.0, 0.0, 0.0, 0.0, 0.0, 0.0, 0.0, 0.0, 0.0, 0.0, 0.0, 0.0, 0.0, 0.0, 0.0, 0.0, 0.0, 0.0, 0.0, 0.0, 0.0, 0.0, 0.0, 0.0, 0.0, 0.0, 0.0, 0.0, 0.0, 0.0, 0.0, 0.0, 0.0, 0.0, 0.0, 0.0, 0.0, 0.0, 0.0, 0.0, 0.0, 0.0, 0.0, 0.0, 0.0, 0.0, 0.0, 0.0, 0.0, 0.0, 0.0, 0.0, 0.0, 0.0, 0.0, 0.0, 0.0, 0.0, 0.0, 0.0, 0.0, 0.0, 0.0, 0.0, 0.0, 0.0, 0.0, 0.0, 0.0, 0.0, 0.0, 0.0, 0.0, 0.0, 0.0, 0.0, 0.0, 0.0, 0.0, 0.0, 0.0, 0.0, 0.0, 0.0, 0.0, 0.0, 0.0, 0.0, 0.0, 0.0, 0.0, 0.0, 0.0, 0.0, 0.0, 0.0, 0.0, 0.0, 0.0, 0.0, 0.0, 0.0, 0.0, 0.0, 0.0, 0.0, 0.0, 0.0, 0.0, 0.0, 0.16438356041908264, 0.0, 0.0, 0.5479452013969421, 0.0, 0.2876712381839752, 0.0, 0.0, 0.0, 0.0, 0.0, 0.0, 0.0, 0.0, 0.0, 0.0, 0.0, 0.0, 0.0, 0.0, 0.0, 0.0, 0.0, 0.0, 0.0, 0.0, 0.0, 0.0, 0.0, 0.0, 0.0, 0.0, 0.0, 0.0, 0.0, 0.0, 0.0, 0.0, 0.0, 0.0, 0.0, 0.0, 0.0, 0.0, 0.0, 0.0, 0.0, 0.0, 0.0, 0.0, 0.0, 0.0, 0.0, 0.0, 0.0, 0.0, 0.0, 0.0, 0.0, 0.0, 0.0, 0.0, 0.0, 0.0, 0.0, 0.0, 0.0, 0.0, 0.0, 0.0, 0.0, 0.0, 0.0, 0.0, 0.0, 0.0, 0.0, 0.0, 0.0, 0.0, 0.0, 0.0, 0.0, 0.0, 0.0, 0.0, 0.0, 0.0, 0.0, 0.0, 0.0, 0.0, 0.0, 0.0, 0.0, 0.0, 0.0, 0.0, 0.0, 0.0, 0.0, 0.0, 0.0, 0.0, 0.0, 0.0, 0.0, 0.0, 0.0, 0.0, 0.0, 0.0, 0.0, 0.0, 0.0, 0.0, 0.0, 0.0, 0.0, 0.0, 0.0, 0.0, 0.0, 0.0, 0.0, 0.0, 0.0, 0.0, 0.0, 0.0, 0.0, 0.0, 0.0, 0.0, 0.0, 0.0, 0.0, 0.0], "tonal.chords_histogram": [11.561382293701172, 4.052443504333496, 11.442193031311035, 10.131108283996582, 0.0, 0.23837901651859283, 0.0, 5.244338512420654, 0.0, 12.753277778625488, 12.753277778625488, 0.47675803303718567, 0.0, 0.0, 0.0, 0.0, 0.0, 14.064362525939941, 2.9797377586364746, 0.0, 10.488677024841309, 0.0, 2.026221752166748, 1.7878426313400269], "tonal.thpcp": [1.0, 0.8465240597724915, 0.8186460733413696, 0.9694120287895203, 0.7242457270622253, 0.3564853072166443, 0.24839168787002563, 0.23330660164356232, 0.20854181051254272, 0.24576401710510254, 0.2833138406276703, 0.305110901594162, 0.3085707724094391, 0.2942732870578766, 0.4164334535598755, 0.5082268118858337, 0.3778371810913086, 0.2840009331703186, 0.3191850781440735, 0.28923049569129944, 0.2443949431180954, 0.2717723250389099, 0.3299430310726166, 0.4713267385959625, 0.6427823901176453, 0.7057994604110718, 0.6049261689186096, 0.4585861563682556, 0.3696696162223816, 0.3124963343143463, 0.3859459161758423, 0.6253482699394226, 0.8990468978881836, 0.956354022026062, 0.8581809401512146, 0.906041145324707], "lowlevel.gfcc.cov": [[623.0513305664062, -120.40852355957031, -95.88316345214844, -217.08462524414062, -121.18827056884766, 32.27170181274414, 70.08277130126953, 52.00865173339844, -14.749490737915039, 7.839746952056885, -32.91197204589844, 17.213882446289062, -18.771495819091797], [-120.40852355957031, 313.3091125488281, -78.66999816894531, -30.392141342163086, -36.38459396362305, -36.92870330810547, 37.89801025390625, -15.360502243041992, 19.712787628173828, -26.00929069519043, 18.595542907714844, -12.844367027282715, 27.12774658203125], [-95.88316345214844, -78.66999816894531, 288.5062561035156, 191.7448272705078, 37.593780517578125, -105.56047821044922, -159.48268127441406, -50.05065155029297, 12.770604133605957, 53.58650207519531, 29.711191177368164, 4.461824417114258, -47.80012130737305], [-217.08462524414062, -30.392141342163086, 191.7448272705078, 469.38372802734375, 107.09849548339844, -122.08173370361328, -207.4121856689453, -96.40567016601562, 67.57733917236328, 64.908203125, 71.25827026367188, -14.243976593017578, -16.259321212768555], [-121.18827056884766, -36.38459396362305, 37.593780517578125, 107.09849548339844, 151.7138671875, 57.752742767333984, 11.476970672607422, -10.289176940917969, -7.467987537384033, -2.6529533863067627, 0.5969258546829224, 0.6678791046142578, 23.013612747192383], [32.27170181274414, -36.92870330810547, -105.56047821044922, -122.08173370361328, 57.752742767333984, 203.4763641357422, 203.5680389404297, 57.85482406616211, -69.95690155029297, -81.3017807006836, -27.989959716796875, 23.473302841186523, 56.65270233154297], [70.08277130126953, 37.89801025390625, -159.48268127441406, -207.4121856689453, 11.476970672607422, 203.5680389404297, 301.8790283203125, 106.29689025878906, -64.45059204101562, -97.33540344238281, -30.31837272644043, 32.850650787353516, 65.78248596191406], [52.00865173339844, -15.360502243041992, -50.05065155029297, -96.40567016601562, -10.289176940917969, 57.85482406616211, 106.29689025878906, 104.43079376220703, 41.59025573730469, 9.340258598327637, -9.118011474609375, 3.715508460998535, 8.726799964904785], [-14.749490737915039, 19.712787628173828, 12.770604133605957, 67.57733917236328, -7.467987537384033, -69.95690155029297, -64.45059204101562, 41.59025573730469, 137.60365295410156, 98.78568267822266, 29.27651596069336, -23.545867919921875, -28.613780975341797], [7.839746952056885, -26.00929069519043, 53.58650207519531, 64.908203125, -2.6529533863067627, -81.3017807006836, -97.33540344238281, 9.340258598327637, 98.78568267822266, 118.94918823242188, 45.963172912597656, -9.43316650390625, -42.44820022583008], [-32.91197204589844, 18.595542907714844, 29.711191177368164, 71.25827026367188, 0.5969258546829224, -27.989959716796875, -30.31837272644043, -9.118011474609375, 29.27651596069336, 45.963172912597656, 69.81114959716797, 26.30488395690918, -7.56977653503418], [17.213882446289062, -12.844367027282715, 4.461824417114258, -14.243976593017578, 0.6678791046142578, 23.473302841186523, 32.850650787353516, 3.715508460998535, -23.545867919921875, -9.43316650390625, 26.30488395690918, 54.25704574584961, 28.367183685302734], [-18.771495819091797, 27.12774658203125, -47.80012130737305, -16.259321212768555, 23.013612747192383, 56.65270233154297, 65.78248596191406, 8.726799964904785, -28.613780975341797, -42.44820022583008, -7.56977653503418, 28.367183685302734, 70.77499389648438]], "lowlevel.gfcc.icov": [[0.0026760385371744633, 0.0012060669250786304, 0.0006712563917972147, 0.00016676353698130697, 0.0021825607400387526, -3.6811015888815746e-05, -0.0011102543212473392, 0.000986431259661913, 0.00020467072317842394, -0.0021569766104221344, 0.0021126305218786, -0.0016236382070928812, 0.0006350197363644838], [0.0012060669250786304, 0.00916365347802639, -0.0005866634310223162, 0.004185608588159084, -0.0010881894268095493, 0.008846995420753956, -0.007887426763772964, 0.00943631213158369, -0.009131285361945629, 0.008967009373009205, -0.010893816128373146, 0.00951473694294691, -0.006479852832853794], [0.0006712563917972147, -0.0005866634310223162, 0.008352168835699558, -0.0035770274698734283, -0.0008987747132778168, 0.001154612167738378, 0.0036081711295992136, -0.006452643778175116, 0.0071979546919465065, -0.004022672306746244, 0.004737146198749542, -0.007171522825956345, 0.005910550244152546], [0.00016676353698130697, 0.004185608588159084, -0.0035770274698734283, 0.009801212698221207, -0.005503361113369465, 0.00502734025940299, -0.0015038056299090385, 0.008430044166743755, -0.011372262611985207, 0.012155492790043354, -0.014512784779071808, 0.00952842179685831, -0.006279309745877981], [0.0021825607400387526, -0.0010881894268095493, -0.0008987747132778168, -0.005503361113369465, 0.016605732962489128, -0.0111527806147933, 0.0004912074655294418, 0.0011755283921957016, 0.003691630205139518, -0.011466224677860737, 0.009946336038410664, -0.0026632421649992466, -0.001202338607981801], [-3.6811015888815746e-05, 0.008846995420753956, 0.001154612167738378, 0.00502734025940299, -0.0111527806147933, 0.03291331231594086, -0.018659507855772972, 0.005323359277099371, -0.0023030955344438553, 0.010147316381335258, -0.013164535164833069, 0.011728358455002308, -0.008452502079308033], [-0.0011102543212473392, -0.007887426763772964, 0.0036081711295992136, -0.0015038056299090385, 0.0004912074655294418, -0.018659507855772972, 0.030247364193201065, -0.025270430371165276, 0.0109475776553154, 0.0029308029916137457, 0.0008746758103370667, -0.008026759140193462, 0.004093450028449297], [0.000986431259661913, 0.00943631213158369, -0.006452643778175116, 0.008430044166743755, 0.0011755283921957016, 0.005323359277099371, -0.025270430371165276, 0.05103291943669319, -0.034353528171777725, 0.007615142036229372, -0.0028323750011622906, 0.004340842831879854, -0.004589060787111521], [0.00020467072317842394, -0.009131285361945629, 0.0071979546919465065, -0.011372262611985207, 0.003691630205139518, -0.0023030955344438553, 0.0109475776553154, -0.034353528171777725, 0.05179774388670921, -0.036439619958400726, 0.012510569766163826, 0.0005845305859111249, 0.0006968716625124216], [-0.0021569766104221344, 0.008967009373009205, -0.004022672306746244, 0.012155492790043354, -0.011466224677860737, 0.010147316381335258, 0.0029308029916137457, 0.007615142036229372, -0.036439619958400726, 0.05925389379262924, -0.03559136763215065, 0.011271017603576183, 0.0004912258591502905], [0.0021126305218786, -0.010893816128373146, 0.004737146198749542, -0.014512784779071808, 0.009946336038410664, -0.013164535164833069, 0.0008746758103370667, -0.0028323750011622906, 0.012510569766163826, -0.03559136763215065, 0.06214683875441551, -0.043065547943115234, 0.019060486927628517], [-0.0016236382070928812, 0.00951473694294691, -0.007171522825956345, 0.00952842179685831, -0.0026632421649992466, 0.011728358455002308, -0.008026759140193462, 0.004340842831879854, 0.0005845305859111249, 0.011271017603576183, -0.043065547943115234, 0.06326580792665482, -0.03129620477557182], [0.0006350197363644838, -0.006479852832853794, 0.005910550244152546, -0.006279309745877981, -0.001202338607981801, -0.008452502079308033, 0.004093450028449297, -0.004589060787111521, 0.0006968716625124216, 0.0004912258591502905, 0.019060486927628517, -0.03129620477557182, 0.03840749338269234]], "lowlevel.mfcc.cov": [[666.0109252929688, -31.657150268554688, -101.36013793945312, -205.65127563476562, -184.45765686035156, -45.654937744140625, 15.799177169799805, 42.060611724853516, 31.964263916015625, 19.902193069458008, 12.932082176208496, -23.139427185058594, -20.4591121673584], [-31.657150268554688, 299.8275451660156, -79.81458282470703, -139.56427001953125, -129.14463806152344, -35.37223815917969, 38.69898223876953, 41.337196350097656, 35.04823303222656, -8.919708251953125, -20.03079605102539, -9.844290733337402, -12.567163467407227], [-101.36013793945312, -79.81458282470703, 223.76890563964844, 179.7947998046875, 98.7666015625, -36.361629486083984, -102.13152313232422, -92.91053771972656, -74.8743667602539, -30.0773983001709, 22.033348083496094, 36.139732360839844, 51.025455474853516], [-205.65127563476562, -139.56427001953125, 179.7947998046875, 407.34564208984375, 239.3837127685547, 8.664749145507812, -170.6640625, -156.7460479736328, -93.11688995361328, -11.230755805969238, 41.87989807128906, 56.156612396240234, 67.36814880371094], [-184.45765686035156, -129.14463806152344, 98.7666015625, 239.3837127685547, 236.21189880371094, 39.98580551147461, -101.90718841552734, -112.43374633789062, -55.73355484008789, 10.559595108032227, 24.974679946899414, 19.963102340698242, 23.21453285217285], [-45.654937744140625, -35.37223815917969, -36.361629486083984, 8.664749145507812, 39.98580551147461, 100.1146240234375, 90.3200912475586, 48.107276916503906, 7.614763259887695, -13.828424453735352, -27.724313735961914, -26.17296600341797, -28.030214309692383], [15.799177169799805, 38.69898223876953, -102.13152313232422, -170.6640625, -101.90718841552734, 90.3200912475586, 250.69554138183594, 181.5457305908203, 61.931888580322266, -31.85516357421875, -63.6452751159668, -52.17155838012695, -54.41316604614258], [42.060611724853516, 41.337196350097656, -92.91053771972656, -156.7460479736328, -112.43374633789062, 48.107276916503906, 181.5457305908203, 181.0623321533203, 81.495361328125, -7.933862686157227, -43.38703536987305, -39.26985549926758, -40.480587005615234], [31.964263916015625, 35.04823303222656, -74.8743667602539, -93.11688995361328, -55.73355484008789, 7.614763259887695, 61.931888580322266, 81.495361328125, 98.96971130371094, 45.802085876464844, -1.5438432693481445, -16.780723571777344, -28.389617919921875], [19.902193069458008, -8.919708251953125, -30.0773983001709, -11.230755805969238, 10.559595108032227, -13.828424453735352, -31.85516357421875, -7.933862686157227, 45.802085876464844, 79.90038299560547, 46.83333206176758, 17.496206283569336, -0.7169646620750427], [12.932082176208496, -20.03079605102539, 22.033348083496094, 41.87989807128906, 24.974679946899414, -27.724313735961914, -63.6452751159668, -43.38703536987305, -1.5438432693481445, 46.83333206176758, 81.02422332763672, 54.713531494140625, 31.921239852905273], [-23.139427185058594, -9.844290733337402, 36.139732360839844, 56.156612396240234, 19.963102340698242, -26.17296600341797, -52.17155838012695, -39.26985549926758, -16.780723571777344, 17.496206283569336, 54.713531494140625, 82.96179962158203, 58.47115707397461], [-20.4591121673584, -12.567163467407227, 51.025455474853516, 67.36814880371094, 23.21453285217285, -28.030214309692383, -54.41316604614258, -40.480587005615234, -28.389617919921875, -0.7169646620750427, 31.921239852905273, 58.47115707397461, 80.71515655517578]], "lowlevel.mfcc.icov": [[0.002696074778214097, 0.0017258032457903028, 0.0007893992005847394, 0.0005489096511155367, 0.0031984825618565083, -0.0006734765483997762, 0.0011106013553217053, 0.0007306425250135362, 0.00011952768545597792, 0.0003375709929969162, -0.0015746081480756402, 0.0017471474129706621, -0.0006416445248760283], [0.0017258032457903028, 0.0059009431861341, 0.0016828487860038877, 0.00046581210335716605, 0.004013387486338615, 0.0008423816761933267, 0.00011486672156024724, 0.00251970486715436, -0.0018806240987032652, 0.002023471286520362, -0.0003449813521001488, 0.0004208428435958922, -0.00042896857485175133], [0.0007893992005847394, 0.0016828487860038877, 0.009837224148213863, -0.0026487659197300673, -0.0008159401477314532, 0.005781128536909819, -0.0010631707264110446, 2.3697744836681522e-05, 0.001784825581125915, 0.00395988067612052, -0.0021186950616538525, 0.0011671881657093763, -0.001353109604679048], [0.0005489096511155367, 0.00046581210335716605, -0.0026487659197300673, 0.009622693993151188, -0.005835591349750757, -0.0033996759448200464, 0.004912417382001877, -0.0014270116807892919, -0.0005290192202664912, 0.0032720803283154964, -0.0007083722157403827, -0.001372616272419691, -0.0019341566367074847], [0.0031984825618565083, 0.004013387486338615, -0.0008159401477314532, -0.005835591349750757, 0.021434864029288292, -0.010942087508738041, 0.002065282082185149, 0.00756002077832818, -0.000397591560613364, -0.005094659514725208, -9.403315198142081e-05, 0.003397818887606263, -0.0005682699847966433], [-0.0006734765483997762, 0.0008423816761933267, 0.005781128536909819, -0.0033996759448200464, -0.010942087508738041, 0.03211138769984245, -0.016126643866300583, 0.0005077545647509396, 0.0029949035961180925, 0.0003494555130600929, 0.0009420450660400093, -9.688663340057246e-06, 0.0035158174578100443], [0.0011106013553217053, 0.00011486672156024724, -0.0010631707264110446, 0.004912417382001877, 0.002065282082185149, -0.016126643866300583, 0.027996132150292397, -0.020065808668732643, 0.0029897703789174557, 0.004276719409972429, 0.0011527144815772772, -0.002366116736084223, 0.001834557275287807], [0.0007306425250135362, 0.00251970486715436, 2.3697744836681522e-05, -0.0014270116807892919, 0.00756002077832818, 0.0005077545647509396, -0.020065808668732643, 0.03644074872136116, -0.01874057576060295, 0.005330109037458897, -0.0010371424723416567, 0.002753784181550145, -0.003624569857493043], [0.00011952768545597792, -0.0018806240987032652, 0.001784825581125915, -0.0005290192202664912, -0.000397591560613364, 0.0029949035961180925, 0.0029897703789174557, -0.01874057576060295, 0.03728439286351204, -0.025128228589892387, 0.007307418622076511, -0.0010767985368147492, 0.003602585755288601], [0.0003375709929969162, 0.002023471286520362, 0.00395988067612052, 0.0032720803283154964, -0.005094659514725208, 0.0003494555130600929, 0.004276719409972429, 0.005330109037458897, -0.025128228589892387, 0.04499596357345581, -0.02342178113758564, 0.0032878401689231396, 0.0007517352933064103], [-0.0015746081480756402, -0.0003449813521001488, -0.0021186950616538525, -0.0007083722157403827, -9.403315198142081e-05, 0.0009420450660400093, 0.0011527144815772772, -0.0010371424723416567, 0.007307418622076511, -0.02342178113758564, 0.04120432585477829, -0.02233741618692875, 0.004337098449468613], [0.0017471474129706621, 0.0004208428435958922, 0.0011671881657093763, -0.001372616272419691, 0.003397818887606263, -9.688663340057246e-06, -0.002366116736084223, 0.002753784181550145, -0.0010767985368147492, 0.0032878401689231396, -0.02233741618692875, 0.040951915085315704, -0.02146010473370552], [-0.0006416445248760283, -0.00042896857485175133, -0.001353109604679048, -0.0019341566367074847, -0.0005682699847966433, 0.0035158174578100443, 0.001834557275287807, -0.003624569857493043, 0.003602585755288601, 0.0007517352933064103, 0.004337098449468613, -0.02146010473370552, 0.03053741715848446]], "metadata.audio_properties.analysis.downmix": "mix", "metadata.audio_properties.codec": "mp3", "metadata.audio_properties.md5_encoded": "ee754da62ab37d18fc4a2816095f6280", "metadata.tags.file_name": "1182282261362643025.mp3", "metadata.version.essentia": "2.1-beta6-dev", "metadata.version.essentia_git_sha": "v2.1_beta5-1110-g77a6a954", "metadata.version.extractor": "music 2.0", "tonal.chords_key": "C#", "tonal.chords_scale": "major", "tonal.key_edma.key": "D", "tonal.key_edma.scale": "minor", "tonal.key_krumhansl.key": "D", "tonal.key_krumhansl.scale": "m