{"song_id": "1182283996399423488", "download": "https://cdn.discordapp.com/attachments/1135911532732108921/1182283996399423488/chirp.mp4?ex=658422c6&amp", "lyrics": "[Verse]\nIn the depths of the night, shadows arise\nMoonlight fades, as darkness mesmerizes\nLost in an abyss, where dreams go to die\nEmbracing the unknown, beneath the starlit sky\n\n[Chorus]\nDancing with the darkness, feeling its caress\nSynthwave rhythms, echoing distress\nGlowing neon lights, contrasting the black\nSwaying to the music, never looking back", "style": ["synthwave"], "essentia_features": {"lowlevel.average_loudness": 0.662283718585968, "lowlevel.barkbands_crest.mean": 12.678114891052246, "lowlevel.barkbands_crest.stdev": 3.8933815956115723, "lowlevel.barkbands_flatness_db.mean": 0.23042772710323334, "lowlevel.barkbands_flatness_db.stdev": 0.06334801018238068, "lowlevel.barkbands_kurtosis.mean": 16.32493782043457, "lowlevel.barkbands_kurtosis.stdev": 14.11677074432373, "lowlevel.barkbands_skewness.mean": 2.874734401702881, "lowlevel.barkbands_skewness.stdev": 1.443759799003601, "lowlevel.barkbands_spread.mean": 14.090200424194336, "lowlevel.barkbands_spread.stdev": 21.877975463867188, "lowlevel.dissonance.mean": 0.4202585816383362, "lowlevel.dissonance.stdev": 0.04751291498541832, "lowlevel.dynamic_complexity": 3.8737540245056152, "lowlevel.erbbands_crest.mean": 11.485713958740234, "lowlevel.erbbands_crest.stdev": 4.536950588226318, "lowlevel.erbbands_flatness_db.mean": 0.18121059238910675, "lowlevel.erbbands_flatness_db.stdev": 0.048453494906425476, "lowlevel.erbbands_kurtosis.mean": 2.7600018978118896, "lowlevel.erbbands_kurtosis.stdev": 4.038829803466797, "lowlevel.erbbands_skewness.mean": 1.1061042547225952, "lowlevel.erbbands_skewness.stdev": 1.0809065103530884, "lowlevel.erbbands_spread.mean": 34.98729705810547, "lowlevel.erbbands_spread.stdev": 26.661928176879883, "lowlevel.hfc.mean": 13.731245040893555, "lowlevel.hfc.stdev": 16.095157623291016, "lowlevel.loudness_ebu128.integrated": -17.136201858520508, "lowlevel.loudness_ebu128.loudness_range": 6.070472717285156, "lowlevel.loudness_ebu128.momentary.mean": -18.580188751220703, "lowlevel.loudness_ebu128.momentary.stdev": 3.8482120037078857, "lowlevel.loudness_ebu128.short_term.mean": -17.916885375976562, "lowlevel.loudness_ebu128.short_term.stdev": 1.9823787212371826, "lowlevel.melbands_crest.mean": 17.71164894104004, "lowlevel.melbands_crest.stdev": 4.824834823608398, "lowlevel.melbands_flatness_db.mean": 0.3152691125869751, "lowlevel.melbands_flatness_db.stdev": 0.08960123360157013, "lowlevel.melbands_kurtosis.mean": 26.99395751953125, "lowlevel.melbands_kurtosis.stdev": 24.526643753051758, "lowlevel.melbands_skewness.mean": 3.6027495861053467, "lowlevel.melbands_skewness.stdev": 1.7932209968566895, "lowlevel.melbands_spread.mean": 11.71119213104248, "lowlevel.melbands_spread.stdev": 22.0340518951416, "lowlevel.pitch_salience.mean": 0.4887051284313202, "lowlevel.pitch_salience.stdev": 0.1143544390797615, "lowlevel.silence_rate_20dB.mean": 1.0, "lowlevel.silence_rate_20dB.stdev": 0.0, "lowlevel.silence_rate_30dB.mean": 0.9808806777000427, "lowlevel.silence_rate_30dB.stdev": 0.1369446963071823, "lowlevel.silence_rate_60dB.mean": 0.06431054323911667, "lowlevel.silence_rate_60dB.stdev": 0.24530404806137085, "lowlevel.spectral_centroid.mean": 657.0119018554688, "lowlevel.spectral_centroid.stdev": 783.79296875, "lowlevel.spectral_complexity.mean": 8.677867889404297, "lowlevel.spectral_complexity.stdev": 4.013943672180176, "lowlevel.spectral_decrease.mean": -7.179043137739427e-09, "lowlevel.spectral_decrease.stdev": 6.771433191943288e-09, "lowlevel.spectral_energy.mean": 0.028340822085738182, "lowlevel.spectral_energy.stdev": 0.026209507137537003, "lowlevel.spectral_energyband_high.mean": 0.0006606212118640542, "lowlevel.spectral_energyband_high.stdev": 0.0016976665938273072, "lowlevel.spectral_energyband_low.mean": 0.010502795688807964, "lowlevel.spectral_energyband_low.stdev": 0.016561154276132584, "lowlevel.spectral_energyband_middle_high.mean": 0.0013999147340655327, "lowlevel.spectral_energyband_middle_high.stdev": 0.0025867498479783535, "lowlevel.spectral_energyband_middle_low.mean": 0.01737048849463463, "lowlevel.spectral_energyband_middle_low.stdev": 0.016698267310857773, "lowlevel.spectral_entropy.mean": 6.755889415740967, "lowlevel.spectral_entropy.stdev": 0.7538520693778992, "lowlevel.spectral_flux.mean": 0.05328620970249176, "lowlevel.spectral_flux.stdev": 0.041019290685653687, "lowlevel.spectral_kurtosis.mean": 11.137709617614746, "lowlevel.spectral_kurtosis.stdev": 10.017560958862305, "lowlevel.spectral_rms.mean": 0.00470596132799983, "lowlevel.spectral_rms.stdev": 0.002345963381230831, "lowlevel.spectral_rolloff.mean": 1186.9842529296875, "lowlevel.spectral_rolloff.stdev": 2534.837158203125, "lowlevel.spectral_skewness.mean": 2.52105975151062, "lowlevel.spectral_skewness.stdev": 1.0318506956100464, "lowlevel.spectral_spread.mean": 4783927.0, "lowlevel.spectral_spread.stdev": 2661193.0, "lowlevel.spectral_strongpeak.mean": 0.881905734539032, "lowlevel.spectral_strongpeak.stdev": 0.9136664271354675, "lowlevel.zerocrossingrate.mean": 0.048151999711990356, "lowlevel.zerocrossingrate.stdev": 0.06560909748077393, "metadata.audio_properties.analysis.equal_loudness": 0.0, "metadata.audio_properties.analysis.length": 40.04265213012695, "metadata.audio_properties.analysis.sample_rate": 44100.0, "metadata.audio_properties.analysis.start_time": 0.0, "metadata.audio_properties.bit_rate": 117040.0, "metadata.audio_properties.length": 40.042667388916016, "metadata.audio_properties.lossless": 0.0, "metadata.audio_properties.number_channels": 1.0, "metadata.audio_properties.replay_gain": -10.258527755737305, "metadata.audio_properties.sample_rate": 48000.0, "rhythm.beats_count": 79.0, "rhythm.beats_loudness.mean": 0.03518140688538551, "rhythm.beats_loudness.stdev": 0.03177359700202942, "rhythm.bpm": 119.95404815673828, "rhythm.bpm_histogram_first_peak_bpm": 120.0, "rhythm.bpm_histogram_first_peak_weight": 0.4259259104728699, "rhythm.bpm_histogram_second_peak_bpm": 96.0, "rhythm.bpm_histogram_second_peak_spread": 0.125, "rhythm.bpm_histogram_second_peak_weight": 0.08974359184503555, "rhythm.danceability": 1.0527029037475586, "rhythm.onset_rate": 3.2955164909362793, "tonal.chords_changes_rate": 0.047453705221414566, "tonal.chords_number_rate": 0.010416666977107525, "tonal.chords_strength.mean": 0.486797571182251, "tonal.chords_strength.stdev": 0.0717209056019783, "tonal.hpcp_crest.mean": 19.163881301879883, "tonal.hpcp_crest.stdev": 8.097049713134766, "tonal.hpcp_entropy.mean": 1.3694058656692505, "tonal.hpcp_entropy.stdev": 0.6749469637870789, "tonal.key_edma.strength": 0.7167622447013855, "tonal.key_krumhansl.strength": 0.72917240858078, "tonal.key_temperley.strength": 0.7439906001091003, "tonal.tuning_diatonic_strength": 0.6437105536460876, "tonal.tuning_equal_tempered_deviation": 0.054516252130270004, "tonal.tuning_frequency": 438.98455810546875, "tonal.tuning_nontempered_energy_ratio": 0.6491235494613647, "lowlevel.barkbands.mean": [2.3130809495341964e-05, 0.004631138406693935, 0.004294167272746563, 0.004225847311317921, 0.005216648336499929, 0.0023747829254716635, 0.0038766865618526936, 0.0010617831721901894, 0.0005444060079753399, 0.0002567768970038742, 0.000348471017787233, 0.0002841237001121044, 0.00011800461652455851, 8.478891686536372e-05, 8.921981498133391e-05, 7.970183651195839e-05, 7.13519038981758e-05, 3.93411100958474e-05, 4.031794014736079e-05, 4.9295456847175956e-05, 0.00010803817713167518, 8.596874249633402e-05, 0.00010576270869933069, 0.00010556678171269596, 0.00012430339120328426, 0.0001009708721539937, 2.453631395837874e-07], "lowlevel.barkbands.stdev": [7.4129129643552e-05, 0.009762977249920368, 0.009226690046489239, 0.005161833018064499, 0.006320041138678789, 0.005255089141428471, 0.009274963289499283, 0.0035652548540383577, 0.003334624459967017, 0.0013863448984920979, 0.0011496534571051598, 0.0009837121469900012, 0.0003472608223091811, 0.00037217698991298676, 0.0003405848110560328, 0.0003086753422394395, 0.00018923440075013787, 7.875010487623513e-05, 0.00014996576646808535, 0.0001408299576723948, 0.0002889559546019882, 0.0002599561703391373, 0.0003750332398340106, 0.0003485462802927941, 0.00032964529236778617, 0.00023765259538777173, 1.2922664609504864e-06], "lowlevel.erbbands.mean": [0.0530010424554348, 1.3280056715011597, 4.8441362380981445, 9.282264709472656, 19.078887939453125, 17.60842514038086, 10.9419527053833, 22.216880798339844, 51.992740631103516, 44.94895935058594, 16.494434356689453, 15.635923385620117, 7.003732204437256, 16.213726043701172, 9.333045959472656, 11.785133361816406, 6.467172145843506, 5.034710884094238, 3.7947354316711426, 4.917452335357666, 4.175257682800293, 3.7069005966186523, 2.5036933422088623, 2.1354637145996094, 1.9688578844070435, 2.315847635269165, 4.241052150726318, 3.6965484619140625, 3.1096408367156982, 2.9246137142181396, 2.9534573554992676, 2.0989415645599365, 1.9366323947906494, 1.3643180131912231, 0.8939926028251648, 0.5797383189201355, 0.16652436554431915, 0.010643988847732544, 0.00023653694370295852, 4.506502955337055e-05], "lowlevel.erbbands.stdev": [0.11363394558429718, 2.704437017440796, 9.108232498168945, 11.29572868347168, 18.64776039123535, 29.068065643310547, 25.122854232788086, 52.444244384765625, 123.19144439697266, 102.46118927001953, 53.61211395263672, 95.76319885253906, 41.66309356689453, 64.82596588134766, 27.28450584411621, 39.63835525512695, 16.399368286132812, 20.99238395690918, 13.32726764678955, 17.239253997802734, 14.217000007629395, 8.724445343017578, 4.827721118927002, 7.102322578430176, 6.673274517059326, 6.673826217651367, 10.803640365600586, 10.76799488067627, 9.478442192077637, 8.939903259277344, 10.869784355163574, 7.139923572540283, 6.428988933563232, 4.074597358703613, 2.230648994445801, 1.3980717658996582, 0.3918980062007904, 0.02621074765920639, 0.0005242382176220417, 4.2872768972301856e-05], "lowlevel.gfcc.mean": [-65.19396209716797, 109.73235321044922, -71.51078796386719, 15.52518367767334, -52.97573471069336, 4.313266277313232, -45.70501708984375, 0.416362464427948, -36.76644515991211, 0.7116199731826782, -25.981534957885742, 1.6877259016036987, -23.58418083190918], "lowlevel.melbands.mean": [0.0009019175777211785, 0.0023187720216810703, 0.0020026962738484144, 0.0013260418782010674, 0.00043942066258750856, 0.0005011183675378561, 0.0008347422117367387, 0.0004434087313711643, 0.00010982723324559629, 9.555495489621535e-05, 3.0169239835231565e-05, 6.266058335313573e-05, 3.5114459024043754e-05, 3.372013452462852e-05, 1.9514953237376176e-05, 1.1877771612489596e-05, 9.17938359634718e-06, 5.416820386017207e-06, 6.7021251197729725e-06, 6.850746103737038e-06, 4.314616035117069e-06, 3.9023034332785755e-06, 3.083480123677873e-06, 1.8063899460685207e-06, 1.7096963347285055e-06, 1.5149253158597276e-06, 1.3499239912562189e-06, 1.534385773993563e-06, 2.3812619929231005e-06, 3.004058498845552e-06, 1.834061322369962e-06, 1.6508784028701484e-06, 1.8236360119772144e-06, 1.6106549765027012e-06, 1.6531770370420418e-06, 1.6345932181138778e-06, 1.1963135193582275e-06, 1.454659468436148e-06, 1.138493871621904e-06, 1.1617140671660309e-06], "lowlevel.melbands.stdev": [0.0019072451395913959, 0.003978892229497433, 0.0020499255042523146, 0.001513335737399757, 0.000859105319250375, 0.0011696824803948402, 0.0019414620473980904, 0.0010302902664989233, 0.00037216668715700507, 0.0006384877488017082, 0.0001973123726202175, 0.0002576585393399, 0.00010141557140741497, 0.0001307673373958096, 4.7880337660899386e-05, 3.323476266814396e-05, 4.3583218939602375e-05, 1.9954892195528373e-05, 2.781775219773408e-05, 2.6738875021692365e-05, 1.3748329365625978e-05, 9.355042493552901e-06, 7.911044122010935e-06, 3.838313659798587e-06, 6.254468644328881e-06, 5.903697910980554e-06, 4.340382474765647e-06, 4.573279966280097e-06, 6.258193479879992e-06, 8.116841854644008e-06, 5.752756351284916e-06, 5.115783551445929e-06, 5.8174146033707075e-06, 5.173061708774185e-06, 6.236199169507017e-06, 6.068494258215651e-06, 4.072687261214014e-06, 4.976548552804161e-06, 3.6446747344598407e-06, 3.520762220432516e-06], "lowlevel.melbands128.mean": [1.6070454876171425e-05, 0.0001390208344673738, 0.0011329016415402293, 0.002598523162305355, 0.0026390778366476297, 0.002018299186602235, 0.0016332711093127728, 0.002431737259030342, 0.001972291385754943, 0.001253294525668025, 0.0010341113666072488, 0.0004266781616024673, 0.00033490185160189867, 0.00032830520649440587, 0.0004502716183196753, 0.0006400741985999048, 0.0006837021792307496, 0.0009766141884028912, 0.0009585177176631987, 0.00039388687582686543, 0.0003035504196304828, 0.00014320907939691097, 9.194664016831666e-05, 5.2806986786890775e-05, 0.00011719601025106385, 0.00012232849257998168, 2.0848203348577954e-05, 3.0575600248994306e-05, 1.5987810911610723e-05, 4.684878877014853e-05, 9.81833363766782e-05, 6.380044214893132e-05, 1.8976134015247226e-05, 2.4333607143489644e-05, 2.7529809813131578e-05, 4.3867574277101085e-05, 3.3843803976196796e-05, 1.4541889868269209e-05, 1.4095788174017798e-05, 1.5128502127481624e-05, 1.150683601736091e-05, 5.6156268328777514e-06, 1.2511209206422791e-05, 8.741893907426856e-06, 4.7690023166069295e-06, 4.542236183624482e-06, 6.779281193303177e-06, 6.735753231623676e-06, 6.88469708620687e-06, 6.046216640243074e-06, 7.391915005428018e-06, 7.585852927149972e-06, 3.6789695059269434e-06, 3.139176897093421e-06, 4.797920155397151e-06, 3.1757338092575083e-06, 4.037397957290523e-06, 4.336324309406336e-06, 2.0782711089850636e-06, 2.2079134396335576e-06, 1.6331387087120675e-06, 1.6735707504267339e-06, 1.8230539353680797e-06, 1.6713971717763343e-06, 1.6482064211231773e-06, 1.5993897477528662e-06, 1.3952025028629578e-06, 1.190599277833826e-06, 1.4673767054773634e-06, 1.3675393120138324e-06, 1.3205450386521989e-06, 1.7646200376475463e-06, 1.9342473933647852e-06, 2.336645366085577e-06, 3.0215758215490496e-06, 3.398638682483579e-06, 3.0983453598310007e-06, 1.911927029141225e-06, 1.7343338640785078e-06, 1.5215011899272213e-06, 1.6324332818840048e-06, 1.5621086504324921e-06, 2.0197687717882218e-06, 2.0759698600159027e-06, 1.4689188674310572e-06, 1.3739214637098485e-06, 1.7852541986940196e-06, 1.7427078091714066e-06, 1.4598349480365869e-06, 1.7053666852007154e-06, 2.103314955093083e-06, 1.5739457239760668e-06, 9.730039209898678e-07, 1.0198250492976513e-06, 1.4266931884776568e-06, 1.5816475524843554e-06, 1.4677598301204853e-06, 1.2931096762258676e-06, 1.0567786148385494e-06, 1.1256238394707907e-06, 1.179392825179093e-06, 1.4250491631173645e-06, 7.33194099211687e-07, 7.54362133648101e-07, 8.372115871679853e-07, 1.4210960443961085e-06, 1.0798712537507527e-06, 9.432066008230322e-07, 1.1675712130454485e-06, 9.787785302250995e-07, 7.396687351501896e-07, 7.65482752740354e-07, 4.813087457478105e-07, 3.383219109309721e-07, 2.140051122978548e-07, 5.448953999120931e-08, 1.0506224334960734e-08, 5.201050146119712e-10, 4.266989539480903e-12, 4.1107152404240566e-12, 3.98778406129896e-12, 3.893980190378121e-12, 3.805338856521789e-12, 3.729423454085223e-12, 3.6290699178403996e-12, 3.50226813695953e-12, 3.4284031776715684e-12, 3.4022144910356156e-12], "lowlevel.melbands128.stdev": [5.6656033848412335e-05, 0.00041938043432310224, 0.0026209584902971983, 0.005564405582845211, 0.004899056628346443, 0.00440248753875494, 0.00240209698677063, 0.0029164168518036604, 0.002211051294580102, 0.00207366980612278, 0.002083804691210389, 0.0013407898368313909, 0.0010969205759465694, 0.0009529975359328091, 0.0014981133863329887, 0.0020519255194813013, 0.002106050495058298, 0.00305493688210845, 0.00276419660076499, 0.0011287895031273365, 0.0012064813636243343, 0.0007725583272986114, 0.0003744986606761813, 0.00029485003324225545, 0.0007553421310149133, 0.0010508750565350056, 0.0001807281223591417, 0.000349133595591411, 8.017500658752397e-05, 0.0003002255398314446, 0.00045473879436030984, 0.0002326576941413805, 7.543226820416749e-05, 0.00012503500329330564, 0.00016320182476192713, 0.00023477189824916422, 0.00010943970846710727, 4.3737167288782075e-05, 7.1487229433842e-05, 4.5250631956150755e-05, 4.29420470027253e-05, 2.8562642910401337e-05, 8.707943197805434e-05, 3.6007873859489337e-05, 2.6636154871084727e-05, 2.201045754191e-05, 4.005191658507101e-05, 4.500547220231965e-05, 3.4422959288349375e-05, 3.069786180276424e-05, 4.2561081500025466e-05, 4.311683005653322e-05, 1.4372871191881131e-05, 8.77056663739495e-06, 1.5950326996971853e-05, 8.611097655375488e-06, 1.2591495760716498e-05, 1.7697839211905375e-05, 4.664071639126632e-06, 5.787791906186612e-06, 4.04296770284418e-06, 4.319414074416272e-06, 7.3223209255957045e-06, 7.185738013504306e-06, 9.021676305565052e-06, 7.031188033579383e-06, 5.619382591248723e-06, 4.2382534957141615e-06, 5.369076916394988e-06, 4.911838004773017e-06, 4.575165348796872e-06, 5.6099311223078985e-06, 5.630437044601422e-06, 6.971576112846378e-06, 8.369686838705093e-06, 9.668138773122337e-06, 9.759522981767077e-06, 6.288857093750266e-06, 6.094725449656835e-06, 5.237362984189531e-06, 5.3830094657314476e-06, 5.1383685786277056e-06, 7.28440363673144e-06, 7.289436780411052e-06, 4.75699334856472e-06, 4.2423948798386846e-06, 6.10995357419597e-06, 7.391876351903193e-06, 5.807599336549174e-06, 7.247708708746359e-06, 8.591083314968273e-06, 5.8820642152568325e-06, 3.6771023133042036e-06, 4.00787394028157e-06, 5.024957772548078e-06, 5.651290393871022e-06, 5.542392955248943e-06, 4.692049515142571e-06, 3.5375730931264115e-06, 3.723681629708153e-06, 3.814103820332093e-06, 4.535809239314403e-06, 2.3411075744661503e-06, 2.2521548999066e-06, 2.3041714030114235e-06, 3.6433859804674285e-06, 2.918537802543142e-06, 2.503845280443784e-06, 3.2141938390850555e-06, 2.3397237782774027e-06, 1.8588054899737472e-06, 1.9953472474298906e-06, 1.1825923138530925e-06, 9.172152886094409e-07, 5.990968361402338e-07, 2.1821567486313143e-07, 5.4090513401661156e-08, 4.016012855601048e-09, 8.228357231687689e-12, 7.993671696793214e-12, 7.792334486000918e-12, 7.620186599777146e-12, 7.46486032709992e-12, 7.333353542471333e-12, 7.225547851014147e-12, 7.13956888401257e-12, 7.076650463538892e-12, 7.03825452780249e-12], "lowlevel.mfcc.mean": [-730.3027954101562, 157.0893096923828, 27.606487274169922, 23.430471420288086, 7.728499412536621, 5.386757850646973, -2.9635519981384277, -1.5426688194274902, -7.346372604370117, -12.808725357055664, -6.355413436889648, 3.065458059310913, -1.318015456199646], "lowlevel.spectral_contrast_coeffs.mean": [-0.5996127128601074, -0.6853845715522766, -0.7527256011962891, -0.8001921772956848, -0.8049284815788269, -0.7696496844291687], "lowlevel.spectral_contrast_coeffs.stdev": [0.07399345934391022, 0.08852773904800415, 0.060138072818517685, 0.049628905951976776, 0.03903190791606903, 0.05231980234384537], "lowlevel.spectral_contrast_valleys.mean": [-7.17090368270874, -7.452236175537109, -8.34764575958252, -8.793157577514648, -8.862196922302246, -11.511153221130371], "lowlevel.spectral_contrast_valleys.stdev": [1.0418928861618042, 1.0191785097122192, 0.9385873675346375, 0.9515063762664795, 1.1709375381469727, 1.6391342878341675], "rhythm.beats_loudness_band_ratio.mean": [0.5277822017669678, 0.259621262550354, 0.18750132620334625, 0.03482891991734505, 0.014243709854781628, 0.05682845786213875], "rhythm.beats_loudness_band_ratio.stdev": [0.2795632779598236, 0.21722181141376495, 0.22135096788406372, 0.04160715639591217, 0.02534051425755024, 0.14314047992229462], "tonal.hpcp.mean": [0.06016959622502327, 0.05588247627019882, 0.12204456329345703, 0.25960949063301086, 0.17352908849716187, 0.019347641617059708, 0.010164905339479446, 0.013889877125620842, 0.07706302404403687, 0.13369445502758026, 0.07620228826999664, 0.017159199342131615, 0.01314363069832325, 0.014444041065871716, 0.030950654298067093, 0.051273323595523834, 0.056659914553165436, 0.10802575945854187, 0.116380974650383, 0.044775161892175674, 0.01849815435707569, 0.023264162242412567, 0.04071490839123726, 0.27896344661712646, 0.42376524209976196, 0.19020186364650726, 0.02648894302546978, 0.015156213194131851, 0.014297175221145153, 0.13129757344722748, 0.22748030722141266, 0.11704520881175995, 0.022613849490880966, 0.015296554192900658, 0.01343945786356926, 0.034280262887477875], "tonal.hpcp.stdev": [0.19259817898273468, 0.16727128624916077, 0.2051616609096527, 0.36013734340667725, 0.26391708850860596, 0.08519893139600754, 0.05650857090950012, 0.07539737969636917, 0.17776358127593994, 0.28145888447761536, 0.178169384598732, 0.099087193608284, 0.08786327391862869, 0.0899631455540657, 0.1128736063838005, 0.13669535517692566, 0.15821734070777893, 0.25499534606933594, 0.28582489490509033, 0.14796997606754303, 0.09429504722356796, 0.11110526323318481, 0.13278760015964508, 0.3143879473209381, 0.4413883686065674, 0.24312372505664825, 0.11879183351993561, 0.09541448950767517, 0.075052410364151, 0.2301742136478424, 0.37054258584976196, 0.20833227038383484, 0.11026811599731445, 0.09161189943552017, 0.08094793558120728, 0.13095849752426147], "rhythm.beats_position": [0.638548731803894, 1.265487551689148, 1.8924262523651123, 2.519365072250366, 3.1579136848449707, 3.7848525047302246, 4.4117913246154785, 5.038730144500732, 5.665668964385986, 6.164897918701172, 6.664126873016357, 7.174965858459473, 7.685804843902588, 8.196643829345703, 8.684263229370117, 9.171881675720215, 9.659501075744629, 10.158729553222656, 10.66956901550293, 11.192017555236816, 11.70285701751709, 12.202085494995117, 12.701314926147461, 13.212154388427734, 13.653332710266113, 14.082901954650879, 14.512471199035645, 14.95365047454834, 15.394829750061035, 15.83600902557373, 16.27718734741211, 16.695146560668945, 17.11310577392578, 17.531064987182617, 17.949024200439453, 18.36698341369629, 18.784942626953125, 19.21451187133789, 19.713741302490234, 20.212970733642578, 20.71219825744629, 21.223037719726562, 21.710657119750977, 22.20988655090332, 22.709115982055664, 23.208343505859375, 23.70757293701172, 24.206802368164062, 24.706031799316406, 25.216869354248047, 25.72770881652832, 26.215328216552734, 26.714557647705078, 27.22539710998535, 27.736234664916992, 28.235464096069336, 28.73469352722168, 29.233922958374023, 29.733150482177734, 30.22076988220215, 30.708389282226562, 31.207618713378906, 31.70684814453125, 32.19446563720703, 32.716915130615234, 33.227752685546875, 33.72698211669922, 34.22621154785156, 34.73705291748047, 35.23628234863281, 35.73550796508789, 36.234737396240234, 36.73396682739258, 37.23319625854492, 37.732425689697266, 38.23165512084961, 38.73088455200195, 39.218502044677734, 39.72934341430664], "rhythm.bpm_histogram": [0.0, 0.0, 0.0, 0.0, 0.0, 0.0, 0.0, 0.0, 0.0, 0.0, 0.0, 0.0, 0.0, 0.0, 0.0, 0.0, 0.0, 0.0, 0.0, 0.0, 0.0, 0.0, 0.0, 0.0, 0.0, 0.0, 0.0, 0.0, 0.0, 0.0, 0.0, 0.0, 0.0, 0.0, 0.0, 0.0, 0.0, 0.0, 0.0, 0.0, 0.0, 0.0, 0.0, 0.0, 0.0, 0.0, 0.0, 0.0, 0.0, 0.0, 0.0, 0.0, 0.0, 0.0, 0.0, 0.0, 0.0, 0.0, 0.0, 0.0, 0.0, 0.0, 0.0, 0.0, 0.0, 0.0, 0.0, 0.0, 0.0, 0.0, 0.0, 0.0, 0.0, 0.0, 0.0, 0.0, 0.0, 0.0, 0.0, 0.0, 0.0, 0.0, 0.0, 0.0, 0.0, 0.0, 0.0, 0.0, 0.0, 0.0, 0.0, 0.0, 0.0, 0.0, 0.012820512987673283, 0.0, 0.08974359184503555, 0.0, 0.0, 0.0, 0.0, 0.0, 0.0, 0.0, 0.0, 0.0, 0.0, 0.0, 0.0, 0.0, 0.0, 0.0, 0.0, 0.0, 0.0, 0.025641025975346565, 0.0, 0.1794871836900711, 0.0, 0.0, 0.39743590354919434, 0.0, 0.0, 0.11538461595773697, 0.0, 0.0, 0.0, 0.0, 0.0, 0.0, 0.0, 0.0, 0.0, 0.0, 0.0, 0.0, 0.06410256773233414, 0.0, 0.0, 0.0, 0.03846153989434242, 0.0, 0.0, 0.0, 0.07692307978868484, 0.0, 0.0, 0.0, 0.0, 0.0, 0.0, 0.0, 0.0, 0.0, 0.0, 0.0, 0.0, 0.0, 0.0, 0.0, 0.0, 0.0, 0.0, 0.0, 0.0, 0.0, 0.0, 0.0, 0.0, 0.0, 0.0, 0.0, 0.0, 0.0, 0.0, 0.0, 0.0, 0.0, 0.0, 0.0, 0.0, 0.0, 0.0, 0.0, 0.0, 0.0, 0.0, 0.0, 0.0, 0.0, 0.0, 0.0, 0.0, 0.0, 0.0, 0.0, 0.0, 0.0, 0.0, 0.0, 0.0, 0.0, 0.0, 0.0, 0.0, 0.0, 0.0, 0.0, 0.0, 0.0, 0.0, 0.0, 0.0, 0.0, 0.0, 0.0, 0.0, 0.0, 0.0, 0.0, 0.0, 0.0, 0.0, 0.0, 0.0, 0.0, 0.0, 0.0, 0.0, 0.0, 0.0, 0.0, 0.0, 0.0, 0.0, 0.0, 0.0, 0.0, 0.0, 0.0, 0.0, 0.0, 0.0, 0.0, 0.0, 0.0, 0.0, 0.0, 0.0, 0.0], "tonal.chords_histogram": [38.425926208496094, 8.796296119689941, 15.509259223937988, 0.0, 0.0, 0.0, 4.513888835906982, 0.0, 0.0, 0.0, 0.0, 0.0, 0.0, 0.0, 0.0, 0.0, 0.0, 2.0833332538604736, 0.0, 5.439815044403076, 0.0, 1.1574074029922485, 11.342592239379883, 12.731481552124023], "tonal.thpcp": [1.0, 0.4488378167152405, 0.06250853091478348, 0.03576558828353882, 0.03373843431472778, 0.30983564257621765, 0.5368073582649231, 0.2762029469013214, 0.053364098072052, 0.036096762865781784, 0.03171439468860626, 0.08089446276426315, 0.14198803901672363, 0.1318713128566742, 0.2880004048347473, 0.6126257181167603, 0.40949344635009766, 0.045656509697437286, 0.023987114429473877, 0.03277729079127312, 0.18185310065746307, 0.31549179553985596, 0.1798219382762909, 0.0404922291636467, 0.03101630136370659, 0.03408500552177429, 0.07303726673126221, 0.12099464237689972, 0.13370589911937714, 0.2549188733100891, 0.2746354937553406, 0.10566029697656631, 0.04365189000964165, 0.054898701608181, 0.09607892483472824, 0.6582971215248108], "lowlevel.gfcc.cov": [[9439.9306640625, -2522.124755859375, 282.920166015625, 588.27685546875, -1331.78662109375, 237.92344665527344, -551.0641479492188, 401.1185607910156, -231.85855102539062, 638.2991333007812, -258.5057067871094, 382.4241027832031, -55.452640533447266], [-2522.124755859375, 3006.63134765625, -253.80938720703125, -644.35693359375, 962.260009765625, -233.28579711914062, 393.6524658203125, -172.61880493164062, 324.9316711425781, -332.0838623046875, 248.79847717285156, -93.73123931884766, 92.21604919433594], [282.920166015625, -253.80938720703125, 380.72259521484375, 173.01556396484375, -2.046708345413208, 131.03688049316406, 50.67660903930664, 48.80556106567383, -3.9011974334716797, 54.372100830078125, -16.22449493408203, 23.680763244628906, 19.753917694091797], [588.27685546875, -644.35693359375, 173.01556396484375, 520.6376342773438, -70.47696685791016, 144.51686096191406, -22.795303344726562, 14.177976608276367, -0.5190657377243042, 44.64398193359375, -13.530820846557617, -33.409706115722656, 74.4981460571289], [-1331.78662109375, 962.260009765625, -2.046708345413208, -70.47696685791016, 628.8386840820312, 9.082062721252441, 147.98831176757812, -51.42975997924805, 149.90077209472656, -132.83346557617188, 83.34794616699219, -62.28550338745117, 75.56840515136719], [237.92344665527344, -233.28579711914062, 131.03688049316406, 144.51686096191406, 9.082062721252441, 200.03843688964844, 70.1343002319336, 54.882755279541016, 20.62679100036621, 7.8403849601745605, 6.833343505859375, -16.709819793701172, 20.524789810180664], [-551.0641479492188, 393.6524658203125, 50.67660903930664, -22.795303344726562, 147.98831176757812, 70.1343002319336, 305.2778625488281, 48.45763397216797, 57.023746490478516, -79.36901092529297, 62.07970428466797, -21.73062515258789, -11.019330978393555], [401.1185607910156, -172.61880493164062, 48.80556106567383, 14.177976608276367, -51.42975997924805, 54.882755279541016, 48.45763397216797, 138.75950622558594, 23.033342361450195, 43.67313003540039, -0.9983041286468506, 28.651206970214844, -8.942139625549316], [-231.85855102539062, 324.9316711425781, -3.9011974334716797, -0.5190657377243042, 149.90077209472656, 20.62679100036621, 57.023746490478516, 23.033342361450195, 152.26438903808594, 5.031924247741699, 37.17216110229492, -15.802190780639648, 49.735809326171875], [638.2991333007812, -332.0838623046875, 54.372100830078125, 44.64398193359375, -132.83346557617188, 7.8403849601745605, -79.36901092529297, 43.67313003540039, 5.031924247741699, 188.0565185546875, -23.438766479492188, 42.93023681640625, -16.496557235717773], [-258.5057067871094, 248.79847717285156, -16.22449493408203, -13.530820846557617, 83.34794616699219, 6.833343505859375, 62.07970428466797, -0.9983041286468506, 37.17216110229492, -23.438766479492188, 118.36911010742188, -11.684215545654297, 2.646151304244995], [382.4241027832031, -93.73123931884766, 23.680763244628906, -33.409706115722656, -62.28550338745117, -16.709819793701172, -21.73062515258789, 28.651206970214844, -15.802190780639648, 42.93023681640625, -11.684215545654297, 102.05915069580078, 8.712235450744629], [-55.452640533447266, 92.21604919433594, 19.753917694091797, 74.4981460571289, 75.56840515136719, 20.524789810180664, -11.019330978393555, -8.942139625549316, 49.735809326171875, -16.496557235717773, 2.646151304244995, 8.712235450744629, 118.27263641357422]], "lowlevel.gfcc.icov": [[0.00029686972266063094, -0.00045528175542131066, 0.00016879537724889815, -0.0006886394112370908, 0.0006231346051208675, -0.0006873334641568363, 0.0006988957175053656, -0.000881774874869734, 0.00045742839574813843, -0.00045314550516195595, 0.0004496741748880595, -0.0008536577806808054, 0.00041658352711237967], [-0.00045528175542131066, 0.0030821491964161396, -0.0006180314812809229, 0.003331542480736971, -0.002531158970668912, 0.003044392913579941, -0.0028578273486346006, 0.0033662659116089344, -0.0032282934989780188, 0.0016466216184198856, -0.0024730972945690155, 0.0018684850074350834, -0.002029751893132925], [0.00016879537724889815, -0.0006180314812809229, 0.004253649618476629, -0.0016431334661319852, -2.5397506760782562e-05, -0.002609612885862589, -8.51181976031512e-05, -0.0008445567218586802, 0.001617060392163694, -0.001667178701609373, 0.0012329318560659885, -0.0018971245735883713, 0.00048248516395688057], [-0.0006886394112370908, 0.003331542480736971, -0.0016431334661319852, 0.00703378114849329, -0.0023586181923747063, 0.0019209919264540076, -0.003092685714364052, 0.004289541393518448, -0.002908617490902543, 0.0012577153975144029, -0.003015661146491766, 0.004415037576109171, -0.004725869279354811], [0.0006231346051208675, -0.002531158970668912, -2.5397506760782562e-05, -0.0023586181923747063, 0.005408174358308315, -0.002648913534358144, 0.0020866768900305033, -0.0020054138731211424, 0.00017121357086580247, -0.0001952611783053726, 0.0013987062266096473, -0.0013487194664776325, 0.0007714151288382709], [-0.0006873334641568363, 0.003044392913579941, -0.002609612885862589, 0.0019209919264540076, -0.002648913534358144, 0.012029113247990608, -0.004351681098341942, 0.0010684826411306858, -0.0032118612434715033, 0.0020766020752489567, -0.002669523935765028, 0.004295308142900467, -0.0028061605989933014], [0.0006988957175053656, -0.0028578273486346006, -8.51181976031512e-05, -0.003092685714364052, 0.0020866768900305033, -0.004351681098341942, 0.00862900260835886, -0.0054573784582316875, 0.0014675104757770896, 0.0009348012390546501, 0.0007429202669300139, -0.002730659442022443, 0.004029225092381239], [-0.000881774874869734, 0.0033662659116089344, -0.0008445567218586802, 0.004289541393518448, -0.0020054138731211424, 0.0010684826411306858, -0.0054573784582316875, 0.015223878435790539, -0.006026942282915115, 0.0006015955004841089, -0.0022299119736999273, 0.00017241727618966252, -0.0012049233773723245], [0.00045742839574813843, -0.0032282934989780188, 0.001617060392163694, -0.002908617490902543, 0.00017121357086580247, -0.0032118612434715033, 0.0014675104757770896, -0.006026942282915115, 0.01582883484661579, -0.005487881135195494, 0.000999614130705595, 0.0007129063014872372, -0.0030740511137992144], [-0.00045314550516195595, 0.0016466216184198856, -0.001667178701609373, 0.0012577153975144029, -0.0001952611783053726, 0.0020766020752489567, 0.0009348012390546501, 0.0006015955004841089, -0.005487881135195494, 0.010397057048976421, -0.0013860310427844524, -0.0012731037568300962, 0.0017696068389341235], [0.0004496741748880595, -0.0024730972945690155, 0.0012329318560659885, -0.003015661146491766, 0.0013987062266096473, -0.002669523935765028, 0.0007429202669300139, -0.0022299119736999273, 0.000999614130705595, -0.0013860310427844524, 0.012360875494778156, -0.0020950045436620712, 0.002566972281783819], [-0.0008536577806808054, 0.0018684850074350834, -0.0018971245735883713, 0.004415037576109171, -0.0013487194664776325, 0.004295308142900467, -0.002730659442022443, 0.00017241727618966252, 0.0007129063014872372, -0.0012731037568300962, -0.0020950045436620712, 0.016776641830801964, -0.006112516857683659], [0.00041658352711237967, -0.002029751893132925, 0.00048248516395688057, -0.004725869279354811, 0.0007714151288382709, -0.0028061605989933014, 0.004029225092381239, -0.0012049233773723245, -0.0030740511137992144, 0.0017696068389341235, 0.002566972281783819, -0.006112516857683659, 0.015339843928813934]], "lowlevel.mfcc.cov": [[7990.56298828125, -2926.526611328125, 937.9934692382812, -28.348417282104492, -510.0231018066406, -190.79486083984375, -345.19866943359375, -295.03619384765625, 29.113378524780273, -60.47013854980469, 79.7128677368164, 23.605457305908203, 54.67013931274414], [-2926.526611328125, 3395.8037109375, -848.8115234375, -67.09930419921875, 275.43389892578125, 54.67163848876953, 63.255062103271484, 277.732666015625, -5.269174098968506, 12.996609687805176, 35.957305908203125, 116.16928100585938, 51.44194030761719], [937.9934692382812, -848.8115234375, 526.7034912109375, 45.71809768676758, -78.23026275634766, 50.62226867675781, 46.774574279785156, -29.88319969177246, 31.214651107788086, 27.6386775970459, 15.226622581481934, -29.90561866760254, 15.715571403503418], [-28.348417282104492, -67.09930419921875, 45.71809768676758, 248.26217651367188, 85.05529022216797, 87.65899658203125, 30.752031326293945, 9.383418083190918, 31.43861198425293, 49.005149841308594, -15.499089241027832, -6.103218078613281, 15.260444641113281], [-510.0231018066406, 275.43389892578125, -78.23026275634766, 85.05529022216797, 392.25439453125, 98.75174713134766, 39.26109313964844, 11.898521423339844, 63.604679107666016, 60.128055572509766, -31.222183227539062, -9.360072135925293, 13.493433952331543], [-190.79486083984375, 54.67163848876953, 50.62226867675781, 87.65899658203125, 98.75174713134766, 172.17483520507812, 58.22093200683594, 32.82612609863281, 48.51209259033203, 61.457984924316406, -8.079689025878906, 5.664638042449951, 8.476340293884277], [-345.19866943359375, 63.255062103271484, 46.774574279785156, 30.752031326293945, 39.26109313964844, 58.22093200683594, 206.5218048095703, 109.37728118896484, 11.095928192138672, 43.558372497558594, 27.46814727783203, 18.30945587158203, 4.391066551208496], [-295.03619384765625, 277.732666015625, -29.88319969177246, 9.383418083190918, 11.898521423339844, 32.82612609863281, 109.37728118896484, 201.4512176513672, 43.03763198852539, 36.9850959777832, 7.3221211433410645, 25.384580612182617, 13.339966773986816], [29.113378524780273, -5.269174098968506, 31.214651107788086, 31.43861198425293, 63.604679107666016, 48.51209259033203, 11.095928192138672, 43.03763198852539, 141.00694274902344, 56.83328628540039, -12.445077896118164, -11.823748588562012, 20.739126205444336], [-60.47013854980469, 12.996609687805176, 27.6386775970459, 49.005149841308594, 60.128055572509766, 61.457984924316406, 43.558372497558594, 36.9850959777832, 56.83328628540039, 147.6296844482422, 33.076114654541016, 25.056259155273438, 4.062747001647949], [79.7128677368164, 35.957305908203125, 15.226622581481934, -15.499089241027832, -31.222183227539062, -8.079689025878906, 27.46814727783203, 7.3221211433410645, -12.445077896118164, 33.076114654541016, 119.43037414550781, 46.870750427246094, 5.423041820526123], [23.605457305908203, 116.16928100585938, -29.90561866760254, -6.103218078613281, -9.360072135925293, 5.664638042449951, 18.30945587158203, 25.384580612182617, -11.823748588562012, 25.056259155273438, 46.870750427246094, 107.0460433959961, 13.718914985656738], [54.67013931274414, 51.44194030761719, 15.715571403503418, 15.260444641113281, 13.493433952331543, 8.476340293884277, 4.391066551208496, 13.339966773986816, 20.739126205444336, 4.062747001647949, 5.423041820526123, 13.718914985656738, 87.66046142578125]], "lowlevel.mfcc.icov": [[0.00023367820540443063, 0.00014959338295739144, -0.00022108062694314867, -2.255750041513238e-05, 8.028773299884051e-05, 0.0001285631296923384, 0.0004380892205517739, -9.784887515706941e-05, -0.00011800981155829504, 7.158308289945126e-05, -0.000160673022037372, -0.00026927393628284335, -0.00014512072084471583], [0.00014959338295739144, 0.0007329052896238863, 0.0008144910098053515, 0.00018274846661370248, -0.0002003867703024298, -0.00037668648292310536, 0.00044251952203921974, -0.0008353401208296418, 0.00015156315930653363, 0.00019736160174943507, -0.00045418887748382986, -0.00023083302949089557, -0.00050977966748178], [-0.00022108062694314867, 0.0008144910098053515, 0.004055824596434832, 5.54521320736967e-05, 0.0004975820193067193, -0.0015427786856889725, -0.0011803205125033855, 4.087539855390787e-05, -0.0002473236818332225, -6.214412860572338e-05, -0.0006811210769228637, 0.0010332727106288075, -0.001009549479931593], [-2.255750041513238e-05, 0.00018274846661370248, 5.54521320736967e-05, 0.005258909892290831, -0.0005805764230899513, -0.002135126618668437, -7.598300726385787e-05, -1.9422415789449587e-05, 0.00042421623948030174, -0.0009534232667647302, 0.0005756936152465641, 0.0003299014933872968, -0.0008594520622864366], [8.028773299884051e-05, -0.0002003867703024298, 0.0004975820193067193, -0.0005805764230899513, 0.0037445847410708666, -0.0011770458659157157, -0.0007723587332293391, 0.0012280268128961325, -0.0011580158025026321, -0.0007473508012481034, 0.0008759923512116075, 0.00024005371960811317, -0.0003145420050714165], [0.0001285631296923384, -0.00037668648292310536, -0.0015427786856889725, -0.002135126618668437, -0.0011770458659157157, 0.009798320010304451, -0.0014615844702348113, 0.0005318319890648127, -0.0014297185698524117, -0.0018041838193312287, 0.0013503098161891103, -0.00106333801522851, 0.0005199089064262807], [0.0004380892205517739, 0.00044251952203921974, -0.0011803205125033855, -7.598300726385787e-05, -0.0007723587332293391, -0.0014615844702348113, 0.009250279515981674, -0.0051216199062764645, 0.001855009701102972, -0.00037397039704956114, -0.002076080534607172, -6.544419011333957e-05, -1.467760739615187e-05], [-9.784887515706941e-05, -0.0008353401208296418, 4.087539855390787e-05, -1.9422415789449587e-05, 0.0012280268128961325, 0.0005318319890648127, -0.0051216199062764645, 0.009435651823878288, -0.0029641573783010244, -0.0005473112687468529, 0.0015952893299981952, -0.0012350999750196934, -5.127414260641672e-05], [-0.00011800981155829504, 0.00015156315930653363, -0.0002473236818332225, 0.00042421623948030174, -0.0011580158025026321, -0.0014297185698524117, 0.001855009701102972, -0.0029641573783010244, 0.010864491574466228, -0.003569290740415454, 0.0008660838357172906, 0.002109619788825512, -0.0021588837262243032], [7.158308289945126e-05, 0.00019736160174943507, -6.214412860572338e-05, -0.0009534232667647302, -0.0007473508012481034, -0.0018041838193312287, -0.00037397039704956114, -0.0005473112687468529, -0.003569290740415454, 0.010760132223367691, -0.0031311758793890476, -0.0017767578829079866, 0.0012256903573870659], [-0.000160673022037372, -0.00045418887748382986, -0.0006811210769228637, 0.0005756936152465641, 0.0008759923512116075, 0.0013503098161891103, -0.002076080534607172, 0.0015952893299981952, 0.0008660838357172906, -0.0031311758793890476, 0.012040562927722931, -0.0040671066381037235, -0.00018371245823800564], [-0.00026927393628284335, -0.00023083302949089557, 0.0010332727106288075, 0.0003299014933872968, 0.00024005371960811317, -0.00106333801522851, -6.544419011333957e-05, -0.0012350999750196934, 0.002109619788825512, -0.0017767578829079866, -0.0040671066381037235, 0.01301159430295229, -0.00188364926725626], [-0.00014512072084471583, -0.00050977966748178, -0.001009549479931593, -0.0008594520622864366, -0.0003145420050714165, 0.0005199089064262807, -1.467760739615187e-05, -5.127414260641672e-05, -0.0021588837262243032, 0.0012256903573870659, -0.00018371245823800564, -0.00188364926725626, 0.012894712388515472]], "metadata.audio_properties.analysis.downmix": "mix", "metadata.audio_properties.codec": "mp3", "metadata.audio_properties.md5_encoded": "c4423770f4c40640ec38ade