{"song_id": "1182275070228443247", "download": "https://cdn.discordapp.com/attachments/1128313332273782784/1182275070228443247/chirp.mp4?ex=65841a76&amp", "lyrics": "[Verse 1]\nIn Vaslui, a grand affair unfolds\nThe town adorned in colors bold\nWith joyous hearts and spirits high\nNunta celebrations fill the sky\n\n[Chorus]\nOh, Nunta in Vaslui, so divine\nWhere love and royalty intertwine\nThe sound of laughter, the dance of grace\nTogether we celebrate in this royal place", "style": ["rap"], "essentia_features": {"lowlevel.average_loudness": 0.8933194279670715, "lowlevel.barkbands_crest.mean": 11.66906452178955, "lowlevel.barkbands_crest.stdev": 4.486025333404541, "lowlevel.barkbands_flatness_db.mean": 0.16989263892173767, "lowlevel.barkbands_flatness_db.stdev": 0.053926900029182434, "lowlevel.barkbands_kurtosis.mean": 4.85927677154541, "lowlevel.barkbands_kurtosis.stdev": 7.4239959716796875, "lowlevel.barkbands_skewness.mean": 1.3410460948944092, "lowlevel.barkbands_skewness.stdev": 1.2169302701950073, "lowlevel.barkbands_spread.mean": 17.115888595581055, "lowlevel.barkbands_spread.stdev": 16.413015365600586, "lowlevel.dissonance.mean": 0.4341164827346802, "lowlevel.dissonance.stdev": 0.05021633952856064, "lowlevel.dynamic_complexity": 3.978762149810791, "lowlevel.erbbands_crest.mean": 11.728425025939941, "lowlevel.erbbands_crest.stdev": 5.573143482208252, "lowlevel.erbbands_flatness_db.mean": 0.19979244470596313, "lowlevel.erbbands_flatness_db.stdev": 0.058942630887031555, "lowlevel.erbbands_kurtosis.mean": 1.78191077709198, "lowlevel.erbbands_kurtosis.stdev": 3.6240651607513428, "lowlevel.erbbands_skewness.mean": 0.6490616202354431, "lowlevel.erbbands_skewness.stdev": 0.9085425734519958, "lowlevel.erbbands_spread.mean": 29.311750411987305, "lowlevel.erbbands_spread.stdev": 18.092744827270508, "lowlevel.hfc.mean": 16.425220489501953, "lowlevel.hfc.stdev": 16.860742568969727, "lowlevel.loudness_ebu128.integrated": -15.542282104492188, "lowlevel.loudness_ebu128.loudness_range": 4.833245277404785, "lowlevel.loudness_ebu128.momentary.mean": -16.61318016052246, "lowlevel.loudness_ebu128.momentary.stdev": 3.2646484375, "lowlevel.loudness_ebu128.short_term.mean": -15.933335304260254, "lowlevel.loudness_ebu128.short_term.stdev": 1.7107963562011719, "lowlevel.melbands_crest.mean": 14.915230751037598, "lowlevel.melbands_crest.stdev": 5.554432392120361, "lowlevel.melbands_flatness_db.mean": 0.216023787856102, "lowlevel.melbands_flatness_db.stdev": 0.06050441786646843, "lowlevel.melbands_kurtosis.mean": 9.504332542419434, "lowlevel.melbands_kurtosis.stdev": 12.664843559265137, "lowlevel.melbands_skewness.mean": 1.9581713676452637, "lowlevel.melbands_skewness.stdev": 1.4894593954086304, "lowlevel.melbands_spread.mean": 21.182537078857422, "lowlevel.melbands_spread.stdev": 25.175535202026367, "lowlevel.pitch_salience.mean": 0.5518780946731567, "lowlevel.pitch_salience.stdev": 0.12453465908765793, "lowlevel.silence_rate_20dB.mean": 1.0, "lowlevel.silence_rate_20dB.stdev": 0.0, "lowlevel.silence_rate_30dB.mean": 0.9959595799446106, "lowlevel.silence_rate_30dB.stdev": 0.06343535333871841, "lowlevel.silence_rate_60dB.mean": 0.08148147910833359, "lowlevel.silence_rate_60dB.stdev": 0.27357083559036255, "lowlevel.spectral_centroid.mean": 1100.4720458984375, "lowlevel.spectral_centroid.stdev": 656.232421875, "lowlevel.spectral_complexity.mean": 11.443771362304688, "lowlevel.spectral_complexity.stdev": 4.22981071472168, "lowlevel.spectral_decrease.mean": -5.3031006252979296e-09, "lowlevel.spectral_decrease.stdev": 4.88752416316629e-09, "lowlevel.spectral_energy.mean": 0.021504927426576614, "lowlevel.spectral_energy.stdev": 0.019622765481472015, "lowlevel.spectral_energyband_high.mean": 0.00032430089777335525, "lowlevel.spectral_energyband_high.stdev": 0.0009251616429537535, "lowlevel.spectral_energyband_low.mean": 0.002115552080795169, "lowlevel.spectral_energyband_low.stdev": 0.0056229340843856335, "lowlevel.spectral_energyband_middle_high.mean": 0.005979396868497133, "lowlevel.spectral_energyband_middle_high.stdev": 0.009919141419231892, "lowlevel.spectral_energyband_middle_low.mean": 0.013310582377016544, "lowlevel.spectral_energyband_middle_low.stdev": 0.013801319524645805, "lowlevel.spectral_entropy.mean": 7.25105619430542, "lowlevel.spectral_entropy.stdev": 0.5112735629081726, "lowlevel.spectral_flux.mean": 0.07486804574728012, "lowlevel.spectral_flux.stdev": 0.0481204017996788, "lowlevel.spectral_kurtosis.mean": 5.773146152496338, "lowlevel.spectral_kurtosis.stdev": 3.2233939170837402, "lowlevel.spectral_rms.mean": 0.004142561927437782, "lowlevel.spectral_rms.stdev": 0.0019543725065886974, "lowlevel.spectral_rolloff.mean": 1483.718017578125, "lowlevel.spectral_rolloff.stdev": 1988.6416015625, "lowlevel.spectral_skewness.mean": 1.7632207870483398, "lowlevel.spectral_skewness.stdev": 0.5056527853012085, "lowlevel.spectral_spread.mean": 3960967.5, "lowlevel.spectral_spread.stdev": 1549146.75, "lowlevel.spectral_strongpeak.mean": 1.4636452198028564, "lowlevel.spectral_strongpeak.stdev": 1.6325712203979492, "lowlevel.zerocrossingrate.mean": 0.05411701649427414, "lowlevel.zerocrossingrate.stdev": 0.05123094096779823, "metadata.audio_properties.analysis.equal_loudness": 0.0, "metadata.audio_properties.analysis.length": 34.453311920166016, "metadata.audio_properties.analysis.sample_rate": 44100.0, "metadata.audio_properties.analysis.start_time": 0.0, "metadata.audio_properties.bit_rate": 116676.0, "metadata.audio_properties.length": 34.45333480834961, "metadata.audio_properties.lossless": 0.0, "metadata.audio_properties.number_channels": 1.0, "metadata.audio_properties.replay_gain": -12.416662216186523, "metadata.audio_properties.sample_rate": 48000.0, "rhythm.beats_count": 65.0, "rhythm.beats_loudness.mean": 0.02669987641274929, "rhythm.beats_loudness.stdev": 0.022535232827067375, "rhythm.bpm": 99.64141082763672, "rhythm.bpm_histogram_first_peak_bpm": 99.0, "rhythm.bpm_histogram_first_peak_weight": 0.3125, "rhythm.bpm_histogram_second_peak_bpm": 126.0, "rhythm.bpm_histogram_second_peak_spread": 0.46666663885116577, "rhythm.bpm_histogram_second_peak_weight": 0.125, "rhythm.danceability": 1.1814099550247192, "rhythm.onset_rate": 3.423264265060425, "tonal.chords_changes_rate": 0.07671601325273514, "tonal.chords_number_rate": 0.013458950445055962, "tonal.chords_strength.mean": 0.5173242092132568, "tonal.chords_strength.stdev": 0.10960589349269867, "tonal.hpcp_crest.mean": 16.592500686645508, "tonal.hpcp_crest.stdev": 7.311115741729736, "tonal.hpcp_entropy.mean": 1.6466569900512695, "tonal.hpcp_entropy.stdev": 0.6614845395088196, "tonal.key_edma.strength": 0.6780605912208557, "tonal.key_krumhansl.strength": 0.7007149457931519, "tonal.key_temperley.strength": 0.7335989475250244, "tonal.tuning_diatonic_strength": 0.6258429884910583, "tonal.tuning_equal_tempered_deviation": 0.039312466979026794, "tonal.tuning_frequency": 440.0, "tonal.tuning_nontempered_energy_ratio": 0.6895477771759033, "lowlevel.barkbands.mean": [0.000427320075687021, 0.0010581545066088438, 0.0005687808152288198, 0.0005803178646601737, 0.002816324820742011, 0.0015282898675650358, 0.0038170169573277235, 0.0020265367347747087, 0.002197300549596548, 0.0011026632273569703, 0.0013274530647322536, 0.0013373915571719408, 0.001162047148682177, 0.0003260812954977155, 0.00014466597349382937, 0.0003163543879054487, 0.00015735837223473936, 6.67375061311759e-05, 0.0001741775922710076, 6.635208410443738e-05, 5.0480484787840396e-05, 3.7111320125404745e-05, 6.005687828292139e-05, 8.799583883956075e-05, 4.55862027592957e-05, 2.2201857063919306e-05, 1.91630732615522e-07], "lowlevel.barkbands.stdev": [0.002698329510167241, 0.002984610851854086, 0.0021064209286123514, 0.0012622332433238626, 0.004587785340845585, 0.0033175835851579905, 0.009123566560447216, 0.006583183538168669, 0.005334228277206421, 0.003552681766450405, 0.004868187475949526, 0.004262884613126516, 0.003831798443570733, 0.0011171858059242368, 0.00031444779597222805, 0.0014845753321424127, 0.00023840778158046305, 9.045056503964588e-05, 0.00030734308529645205, 0.00011623727186815813, 0.0001309472427237779, 9.143168426817283e-05, 0.00016155862249433994, 0.00032080363598652184, 0.00018795211508404464, 0.00010017834574682638, 1.0837326271939673e-06], "lowlevel.erbbands.mean": [0.025178641080856323, 0.25625133514404297, 0.7469660639762878, 1.3179311752319336, 6.428476810455322, 9.136594772338867, 7.167484283447266, 17.07073211669922, 58.76274871826172, 34.751747131347656, 51.37777328491211, 50.86921310424805, 39.73080062866211, 38.55720138549805, 57.408424377441406, 53.751731872558594, 55.82659912109375, 24.374536514282227, 10.565369606018066, 11.656153678894043, 15.641816139221191, 8.914417266845703, 3.9290671348571777, 6.077317237854004, 9.014764785766602, 2.9845118522644043, 1.8927842378616333, 2.0087718963623047, 1.4274499416351318, 1.157202959060669, 1.7660421133041382, 2.39231276512146, 1.0818170309066772, 0.5683450102806091, 0.29161739349365234, 0.14352229237556458, 0.028669578954577446, 0.002692313864827156, 7.02061370247975e-05, 2.8615500923478976e-05], "lowlevel.erbbands.stdev": [0.18581987917423248, 0.4540364742279053, 2.4545788764953613, 2.4746317863464355, 11.340655326843262, 17.231285095214844, 17.122573852539062, 36.46918487548828, 139.80526733398438, 93.18939971923828, 159.5596923828125, 120.03150939941406, 101.56904602050781, 116.54468536376953, 206.9006805419922, 168.1523895263672, 182.82815551757812, 68.07965850830078, 28.15593147277832, 41.23469543457031, 66.75242614746094, 13.711713790893555, 5.44797420501709, 8.121805191040039, 17.9404239654541, 4.504788398742676, 4.094950199127197, 5.598823547363281, 3.582977533340454, 3.2438106536865234, 4.617410659790039, 7.957117080688477, 4.45759916305542, 2.2863101959228516, 1.304794430732727, 0.652015745639801, 0.13289617002010345, 0.012654227204620838, 0.00025909728719852865, 2.5526824174448848e-05], "lowlevel.gfcc.mean": [-42.18792724609375, 108.67842102050781, -133.6280517578125, 20.122426986694336, -71.19042205810547, 10.009467124938965, -40.85597610473633, 6.151576519012451, -24.102720260620117, -3.9528353214263916, -5.810174465179443, -4.0767292976379395, -8.396492004394531], "lowlevel.melbands.mean": [0.00028754104278050363, 0.00037471111863851547, 0.00036648366949521005, 0.0006122455815784633, 0.0002841270179487765, 0.00041509870789013803, 0.0008481270633637905, 0.00037298063398338854, 0.0004183537675999105, 0.0003145963710267097, 0.00019424111815169454, 0.0001502550148870796, 0.00018714852922130376, 0.00014866568380966783, 0.0001389941608067602, 0.00010818229930009693, 3.7052504922030494e-05, 1.7874923287308775e-05, 1.1789196832978632e-05, 2.2892460037837736e-05, 1.5953237380017526e-05, 1.0264201591780875e-05, 4.4835874177806545e-06, 2.81982465821784e-06, 4.873087164014578e-06, 7.403194558719406e-06, 4.4339817577565555e-06, 1.4205936622602167e-06, 1.0535364936004044e-06, 1.3384460544330068e-06, 1.0966252830257872e-06, 8.633904826638172e-07, 5.981279400657513e-07, 6.540141157529433e-07, 8.217852496272826e-07, 1.5712007552792784e-06, 1.415424662809528e-06, 8.336079417858855e-07, 5.063991466158768e-07, 4.680954646119062e-07], "lowlevel.melbands.stdev": [0.0013236040249466896, 0.0009294052142649889, 0.0005641647730953991, 0.0009596484014764428, 0.0007073790766298771, 0.0008596196421422064, 0.0019703668076545, 0.001009692787192762, 0.0012610333506017923, 0.0007657227106392384, 0.000530495832208544, 0.00047797386650927365, 0.0007288519409485161, 0.00045997180859558284, 0.00046763999853283167, 0.00034921610495075583, 0.00011924814316444099, 6.057565406081267e-05, 2.8703232601401396e-05, 0.00010736549302237108, 6.31433940725401e-05, 1.6127723938552663e-05, 7.3073888415819965e-06, 3.650412736533326e-06, 6.89578291712678e-06, 1.5549221643595956e-05, 9.095860150409862e-06, 2.2605322556046303e-06, 2.2167912447912386e-06, 3.706673396663973e-06, 3.210470822523348e-06, 2.1901316813455196e-06, 1.5607770365022589e-06, 2.0249883618816966e-06, 2.1491309780685697e-06, 4.531793365458725e-06, 5.176157173991669e-06, 3.619964672907372e-06, 2.057038045677473e-06, 1.9430590327829123e-06], "lowlevel.melbands128.mean": [0.0002518276742193848, 0.0002010996686294675, 0.000281055603409186, 0.0004880620108451694, 0.00045089353807270527, 0.0002348432899452746, 0.0002176303678425029, 0.0003210124559700489, 0.0007106427219696343, 0.0007532581221312284, 0.0004552498285192996, 0.0003990062978118658, 0.00022398191504180431, 0.00014788495900575072, 0.0002712556452024728, 0.0005041887634433806, 0.0011258337181061506, 0.0009490799275226891, 0.0005078379181213677, 0.00028141072834841907, 0.000351782888174057, 0.0004848045646212995, 0.00043444414041005075, 0.0003572124696802348, 0.0003162606153637171, 0.0003365723241586238, 0.00021042540902271867, 0.00017636301345191896, 0.0001907654950628057, 0.00012118216545786709, 0.0001543156977277249, 0.00016603359836153686, 0.00018647380056791008, 0.00021901476429775357, 0.0001492110750405118, 0.00012348283780738711, 0.000147449885844253, 0.00014727226516697556, 0.0001281004660995677, 0.00013113806198816746, 0.00011332730355206877, 6.294629565672949e-05, 3.016165101143997e-05, 2.707969179027714e-05, 2.682816921151243e-05, 1.5474986867047846e-05, 8.522955795342568e-06, 1.277206411032239e-05, 1.1687715414154809e-05, 1.3115803994878661e-05, 2.4235145247075707e-05, 3.750054747797549e-05, 1.3033410141360946e-05, 1.029710711009102e-05, 1.180081017082557e-05, 1.2264453289390076e-05, 7.145779818529263e-06, 4.4456774048740044e-06, 4.1368830352439545e-06, 3.159497055094107e-06, 2.045413339146762e-06, 2.3757540930091636e-06, 5.97967982685077e-06, 4.543929208011832e-06, 5.1141087169526145e-06, 8.409660949837416e-06, 8.498047463945113e-06, 5.977666205581045e-06, 3.5417892831901554e-06, 2.1384041701821843e-06, 1.1843974334624363e-06, 1.2836466112275957e-06, 1.0172186648560455e-06, 9.388720059178013e-07, 1.1222099374208483e-06, 1.4422624872167944e-06, 1.4347232308864477e-06, 1.171527856058674e-06, 1.0735386695159832e-06, 9.682228210294852e-07, 9.677639809524408e-07, 8.017734103304974e-07, 6.452381740018609e-07, 5.727303005187423e-07, 5.420584443527332e-07, 6.528346148115816e-07, 6.81286792314495e-07, 6.843056326033548e-07, 7.502185894736613e-07, 8.970827707344142e-07, 1.5169006246651406e-06, 1.7464896018282161e-06, 1.678130274740397e-06, 1.4909546734998003e-06, 1.2514093441495788e-06, 1.0172861948376521e-06, 7.675504321014159e-07, 5.019697937314049e-07, 5.207330104894936e-07, 4.803317210644309e-07, 4.894803851129836e-07, 4.99914790452749e-07, 4.0446207094646525e-07, 3.2259441695714486e-07, 2.9579999250017863e-07, 3.1963540436663607e-07, 3.182584862315707e-07, 3.072329377573624e-07, 2.7297812721371884e-07, 2.004045143166877e-07, 1.5128762242966332e-07, 9.21909588669223e-08, 8.032615284037092e-08, 5.967297767028867e-08, 4.037040923776658e-08, 3.009133919817941e-08, 8.122031047719247e-09, 4.801595232528655e-10, 4.6870892583816826e-12, 3.2426004156066446e-12, 3.157475149395683e-12, 3.0866810843410697e-12, 3.0279186276349623e-12, 2.9700575766150594e-12, 2.900443557204979e-12, 2.8168814936863074e-12, 2.76649688400743e-12, 2.7474363929747003e-12], "lowlevel.melbands128.stdev": [0.001974107464775443, 0.002066016895696521, 0.0009514751145616174, 0.0008373282616958022, 0.0014444831758737564, 0.0008118693949654698, 0.0005307033425197005, 0.000751399842556566, 0.0014114220393821597, 0.0014347550459206104, 0.0011184602044522762, 0.0014101950218901038, 0.0006719988887198269, 0.00039912262582220137, 0.0008734901202842593, 0.0014144007582217455, 0.0029394205193966627, 0.0027851969934999943, 0.002044764580205083, 0.0011977982940152287, 0.0013378332369029522, 0.0020259488373994827, 0.0017669451190158725, 0.0014912395272403955, 0.0010311509249731898, 0.0011823560344055295, 0.0008125816821120679, 0.0006610270938836038, 0.0009290753514505923, 0.0005598356365226209, 0.0007281140424311161, 0.0007324811303988099, 0.0012250267900526524, 0.0010208323365077376, 0.0006861119763925672, 0.0005880727549083531, 0.000774056592490524, 0.0007049127598293126, 0.0007117637433111668, 0.0006333240307867527, 0.00046699721133336425, 0.0002917567908298224, 0.00016813578258734196, 0.00011068407911807299, 0.0001408173848176375, 6.279654189711437e-05, 2.1390989786596037e-05, 3.3848431485239416e-05, 4.336453275755048e-05, 9.089020022656769e-05, 0.0001333246036665514, 0.00024120327725540847, 7.486769754905254e-05, 3.306941289338283e-05, 2.756063076958526e-05, 2.5663643100415356e-05, 1.5456791516044177e-05, 1.200433871417772e-05, 9.402829164173454e-06, 7.612094577780226e-06, 4.2216033762088045e-06, 3.983524493378354e-06, 1.2182315913378261e-05, 8.442219950666185e-06, 1.0949134775728453e-05, 2.297666469530668e-05, 2.1592270059045404e-05, 1.9094261006102897e-05, 8.084756700554863e-06, 4.767407972394722e-06, 2.205979171776562e-06, 2.535685553084477e-06, 1.9630895167210838e-06, 2.643248990352731e-06, 2.828802053045365e-06, 4.125081431993749e-06, 5.158227850188268e-06, 3.934644155378919e-06, 3.5620089420262957e-06, 2.8682743504759856e-06, 2.6244138098263647e-06, 2.095189756801119e-06, 1.8712086102823378e-06, 1.7338960560664418e-06, 1.3363717243919382e-06, 2.2698102384310914e-06, 2.485639242877369e-06, 2.1257071693980834e-06, 2.2541280486620963e-06, 2.3495288132835412e-06, 4.548149718175409e-06, 5.184233032196062e-06, 5.829333531437442e-06, 5.833475370309316e-06, 5.099181635159766e-06, 4.794492724613519e-06, 3.585163312891382e-06, 2.8667918741120957e-06, 2.163773842767114e-06, 1.98038037524384e-06, 2.1169607862248085e-06, 2.255094841530081e-06, 1.759467636475165e-06, 1.6820688415464247e-06, 1.4843130884401035e-06, 1.5632886061212048e-06, 1.5559892290184507e-06, 1.4623514061895548e-06, 1.3366749271881417e-06, 9.172866271001112e-07, 7.93845686075656e-07, 5.336430604074849e-07, 3.87910063182062e-07, 2.8603329838006175e-07, 2.2222695861273678e-07, 1.7357675119455962e-07, 4.3841517083365034e-08, 3.3878095884176673e-09, 4.886858626096391e-11, 5.808214152691615e-12, 5.665609474625466e-12, 5.538474626837209e-12, 5.430978149839616e-12, 5.336953535356459e-12, 5.258215737824479e-12, 5.1959235525256275e-12, 5.150047489160814e-12, 5.122081578323723e-12], "lowlevel.mfcc.mean": [-678.4534301757812, 135.2236785888672, -6.159895896911621, 10.176347732543945, -5.111389636993408, -2.7720937728881836, -2.3672008514404297, 3.089860200881958, -10.760364532470703, 1.4585702419281006, -5.687582015991211, 0.7354630827903748, -1.0404151678085327], "lowlevel.spectral_contrast_coeffs.mean": [-0.6590641140937805, -0.6758339405059814, -0.7257921099662781, -0.7778160572052002, -0.7848894000053406, -0.7635456323623657], "lowlevel.spectral_contrast_coeffs.stdev": [0.08591370284557343, 0.09281258285045624, 0.08426827937364578, 0.06684858351945877, 0.04343044385313988, 0.03384281322360039], "lowlevel.spectral_contrast_valleys.mean": [-7.558237552642822, -7.087562561035156, -7.627264976501465, -8.01595687866211, -8.06756591796875, -10.949862480163574], "lowlevel.spectral_contrast_valleys.stdev": [0.7009720206260681, 0.5449374318122864, 0.564185619354248, 0.4763287603855133, 0.47517332434654236, 0.8284792304039001], "rhythm.beats_loudness_band_ratio.mean": [0.22851267457008362, 0.21619243919849396, 0.3184756338596344, 0.21062970161437988, 0.0449678897857666, 0.06533476710319519], "rhythm.beats_loudness_band_ratio.stdev": [0.25009477138519287, 0.20581616461277008, 0.23349237442016602, 0.21534553170204163, 0.06843172758817673, 0.14416931569576263], "tonal.hpcp.mean": [0.06092175096273422, 0.050389621406793594, 0.09615401178598404, 0.16253937780857086, 0.11846988648176193, 0.05206073075532913, 0.044646479189395905, 0.03789501264691353, 0.06188177317380905, 0.09326836466789246, 0.08145297318696976, 0.0787341520190239, 0.10127890110015869, 0.0855671837925911, 0.07368151098489761, 0.09550627321004868, 0.09741834551095963, 0.13843554258346558, 0.17115895450115204, 0.10312441736459732, 0.04398027062416077, 0.04816797748208046, 0.06902850419282913, 0.20308588445186615, 0.2544969320297241, 0.12310785055160522, 0.056014444679021835, 0.05027632415294647, 0.05235525220632553, 0.1188148707151413, 0.17433395981788635, 0.139820396900177, 0.21153628826141357, 0.2964809238910675, 0.1902511566877365, 0.08178649842739105], "tonal.hpcp.stdev": [0.17566154897212982, 0.1678476184606552, 0.20633022487163544, 0.28922948241233826, 0.225613534450531, 0.1560482531785965, 0.14921259880065918, 0.13626736402511597, 0.1566588133573532, 0.20862984657287598, 0.18883053958415985, 0.20201453566551208, 0.23154088854789734, 0.21111905574798584, 0.17377020418643951, 0.2039637565612793, 0.2051042914390564, 0.24944180250167847, 0.27680516242980957, 0.2015206664800644, 0.13482730090618134, 0.1629287302494049, 0.16736577451229095, 0.28959086537361145, 0.3259175419807434, 0.19514666497707367, 0.1684967279434204, 0.15797026455402374, 0.16531404852867126, 0.2270142287015915, 0.28572726249694824, 0.2280341237783432, 0.3052547574043274, 0.37711939215660095, 0.288789302110672, 0.19545623660087585], "rhythm.beats_position": [0.5921088457107544, 1.195827603340149, 1.799546480178833, 2.391655206680298, 2.9953742027282715, 3.5874829292297363, 4.179591655731201, 4.736870765686035, 5.294149398803711, 5.851428508758545, 6.339047431945801, 6.826666355133057, 7.302675724029541, 7.801904678344727, 8.30113410949707, 8.800362586975098, 9.287981986999512, 9.76399040222168, 10.239999771118164, 10.727619171142578, 11.215237617492676, 11.70285701751709, 12.167256355285645, 12.643264770507812, 13.119274139404297, 13.595283508300781, 14.04807186126709, 14.524081230163574, 14.9768705368042, 15.429659843444824, 15.88244915008545, 16.3120174407959, 16.741586685180664, 17.17115592956543, 17.600725173950195, 18.03029441833496, 18.471473693847656, 18.889432907104492, 19.307392120361328, 19.748571395874023, 20.20136070251465, 20.677370071411133, 21.246257781982422, 21.815147399902344, 22.407255172729492, 23.010974884033203, 23.60308265686035, 24.171972274780273, 24.729251861572266, 25.286529541015625, 25.843809127807617, 26.38947868347168, 26.91192626953125, 27.445985794067383, 27.980045318603516, 28.502492904663086, 29.02494239807129, 29.559001922607422, 30.1627197265625, 30.76643943786621, 31.37015724182129, 31.98548698425293, 32.58920669555664, 33.20453643798828, 33.819862365722656], "rhythm.bpm_histogram": [0.0, 0.0, 0.0, 0.0, 0.0, 0.0, 0.0, 0.0, 0.0, 0.0, 0.0, 0.0, 0.0, 0.0, 0.0, 0.0, 0.0, 0.0, 0.0, 0.0, 0.0, 0.0, 0.0, 0.0, 0.0, 0.0, 0.0, 0.0, 0.0, 0.0, 0.0, 0.0, 0.0, 0.0, 0.0, 0.0, 0.0, 0.0, 0.0, 0.0, 0.0, 0.0, 0.0, 0.0, 0.0, 0.0, 0.0, 0.0, 0.0, 0.0, 0.0, 0.0, 0.0, 0.0, 0.0, 0.0, 0.0, 0.0, 0.0, 0.0, 0.0, 0.0, 0.0, 0.0, 0.0, 0.0, 0.0, 0.0, 0.0, 0.0, 0.0, 0.0, 0.0, 0.0, 0.0, 0.0, 0.0, 0.0, 0.0, 0.0, 0.0, 0.0, 0.0, 0.0, 0.0, 0.0, 0.0, 0.0, 0.0, 0.0, 0.0, 0.0, 0.0, 0.0, 0.0, 0.0, 0.0, 0.0, 0.046875, 0.125, 0.0, 0.078125, 0.0, 0.0, 0.0, 0.046875, 0.0, 0.0, 0.09375, 0.0, 0.015625, 0.0, 0.046875, 0.0, 0.0, 0.046875, 0.0, 0.0, 0.0, 0.0, 0.046875, 0.0, 0.0, 0.09375, 0.0, 0.0, 0.125, 0.0, 0.0, 0.015625, 0.0, 0.0, 0.0, 0.078125, 0.0, 0.0, 0.03125, 0.0, 0.0, 0.0, 0.078125, 0.0, 0.0, 0.0, 0.03125, 0.0, 0.0, 0.0, 0.0, 0.0, 0.0, 0.0, 0.0, 0.0, 0.0, 0.0, 0.0, 0.0, 0.0, 0.0, 0.0, 0.0, 0.0, 0.0, 0.0, 0.0, 0.0, 0.0, 0.0, 0.0, 0.0, 0.0, 0.0, 0.0, 0.0, 0.0, 0.0, 0.0, 0.0, 0.0, 0.0, 0.0, 0.0, 0.0, 0.0, 0.0, 0.0, 0.0, 0.0, 0.0, 0.0, 0.0, 0.0, 0.0, 0.0, 0.0, 0.0, 0.0, 0.0, 0.0, 0.0, 0.0, 0.0, 0.0, 0.0, 0.0, 0.0, 0.0, 0.0, 0.0, 0.0, 0.0, 0.0, 0.0, 0.0, 0.0, 0.0, 0.0, 0.0, 0.0, 0.0, 0.0, 0.0, 0.0, 0.0, 0.0, 0.0, 0.0, 0.0, 0.0, 0.0, 0.0, 0.0, 0.0, 0.0, 0.0, 0.0, 0.0, 0.0, 0.0, 0.0, 0.0, 0.0, 0.0, 0.0, 0.0, 0.0, 0.0, 0.0, 0.0], "tonal.chords_histogram": [14.266487121582031, 2.8263795375823975, 12.786003112792969, 8.74831771850586, 15.881561279296875, 0.0, 0.0, 0.0, 1.4804844856262207, 0.26917901635169983, 1.3458950519561768, 0.0, 0.0, 0.0, 0.0, 0.0, 0.0, 0.6729475259780884, 0.0, 0.40376850962638855, 0.0, 3.0955586433410645, 20.726783752441406, 17.49663543701172], "tonal.thpcp": [1.0, 0.6416978240013123, 0.275857537984848, 0.2054828703403473, 0.16995906829833984, 0.32431769371032715, 0.5482288002967834, 0.39958688616752625, 0.17559555172920227, 0.1505880355834961, 0.12781602144241333, 0.20872092247009277, 0.3145847022533417, 0.2747325897216797, 0.2655622959136963, 0.34160342812538147, 0.28860941529273987, 0.24852024018764496, 0.32213294506073, 0.32858216762542725, 0.46692901849746704, 0.5773017406463623, 0.3478281795978546, 0.14834098517894745, 0.16246569156646729, 0.2328261286020279, 0.6849880218505859, 0.8583922386169434, 0.41523024439811707, 0.18893101811408997, 0.16957692801952362, 0.17658893764019012, 0.4007504880428314, 0.5880107283592224, 0.4715999662876129, 0.71349036693573], "lowlevel.gfcc.cov": [[2807.1318359375, -565.6422729492188, 30.913806915283203, -166.00340270996094, -127.41775512695312, 221.99749755859375, -3.1258296966552734, 95.02159118652344, -31.3013973236084, 53.69321823120117, 58.68797302246094, 2.5730838775634766, -217.34185791015625], [-565.6422729492188, 1430.09521484375, -391.95135498046875, -109.30084228515625, 109.17977142333984, -205.3275604248047, 163.64923095703125, -116.79338073730469, 162.43814086914062, -235.0093536376953, 183.57949829101562, -165.24266052246094, 80.4510269165039], [30.913806915283203, -391.95135498046875, 525.6776733398438, 239.200927734375, 74.05055236816406, 55.72920608520508, -63.364967346191406, 21.286436080932617, -56.641265869140625, 113.74369049072266, -114.34285736083984, 90.82315826416016, -26.075529098510742], [-166.00340270996094, -109.30084228515625, 239.200927734375, 471.4312744140625, 212.58802795410156, -19.30472183227539, -125.98280334472656, -37.96584701538086, 5.1681413650512695, 46.74833297729492, -79.70228576660156, 37.624603271484375, 54.85721206665039], [-127.41775512695312, 109.17977142333984, 74.05055236816406, 212.58802795410156, 312.72393798828125, 63.18373489379883, 15.195716857910156, -7.634660243988037, 6.972967624664307, 43.101829528808594, -22.80603790283203, 14.146018028259277, -4.048983573913574], [221.99749755859375, -205.3275604248047, 55.72920608520508, -19.30472183227539, 63.18373489379883, 242.94520568847656, 135.70114135742188, 75.4701156616211, -46.409847259521484, 44.80780029296875, -0.7464208006858826, 27.352157592773438, -39.43827819824219], [-3.1258296966552734, 163.64923095703125, -63.364967346191406, -125.98280334472656, 15.195716857910156, 135.70114135742188, 296.7008361816406, 84.05500030517578, 0.10567200183868408, -33.38969421386719, 48.64020538330078, 6.048172473907471, -14.478914260864258], [95.02159118652344, -116.79338073730469, 21.286436080932617, -37.96584701538086, -7.634660243988037, 75.4701156616211, 84.05500030517578, 135.16705322265625, 20.91107940673828, 36.136863708496094, 3.937376022338867, 22.50005340576172, -7.461024284362793], [-31.3013973236084, 162.43814086914062, -56.641265869140625, 5.1681413650512695, 6.972967624664307, -46.409847259521484, 0.10567200183868408, 20.91107940673828, 137.68312072753906, 18.85651206970215, 38.212501525878906, -23.943090438842773, 15.311811447143555], [53.69321823120117, -235.0093536376953, 113.74369049072266, 46.74833297729492, 43.101829528808594, 44.80780029296875, -33.38969421386719, 36.136863708496094, 18.85651206970215, 153.61874389648438, -7.692326068878174, 42.00873565673828, -31.560697555541992], [58.68797302246094, 183.57949829101562, -114.34285736083984, -79.70228576660156, -22.80603790283203, -0.7464208006858826, 48.64020538330078, 3.937376022338867, 38.212501525878906, -7.692326068878174, 126.89107513427734, -6.4470977783203125, -2.6829333305358887], [2.5730838775634766, -165.24266052246094, 90.82315826416016, 37.624603271484375, 14.146018028259277, 27.352157592773438, 6.048172473907471, 22.50005340576172, -23.943090438842773, 42.00873565673828, -6.4470977783203125, 103.06829071044922, 20.330381393432617], [-217.34185791015625, 80.4510269165039, -26.075529098510742, 54.85721206665039, -4.048983573913574, -39.43827819824219, -14.478914260864258, -7.461024284362793, 15.311811447143555, -31.560697555541992, -2.6829333305358887, 20.330381393432617, 113.77423095703125]], "lowlevel.gfcc.icov": [[0.0005139449494890869, 0.00021630468836519867, -5.902779321331764e-06, -2.1991741050442215e-06, 0.00011887903383467346, -0.00047939788782969117, 0.00032989762257784605, -0.00013268634211272, -0.0003415366227272898, 0.0005881587276235223, -0.0005069402977824211, -6.969782407395542e-05, 0.0009094939450733364], [0.00021630468836519867, 0.003597884438931942, -0.0005590445944108069, 0.0012043945025652647, -0.003121753688901663, 0.0029628847260028124, -0.002544381422922015, 0.002068994799628854, -0.0023088655434548855, 0.0033098964486271143, -0.0036520001012831926, 0.0033510627690702677, -0.0015679416246712208], [-5.902779321331764e-06, -0.0005590445944108069, 0.004244001116603613, -0.002395845949649811, 0.0015768014127388597, -0.0005930679035373032, -5.180569860385731e-05, -0.0004350407107267529, 0.0010536254849284887, -0.0022198441438376904, 0.0028946634847670794, -0.0028140288777649403, 0.0021408137399703264], [-2.1991741050442215e-06, 0.0012043945025652647, -0.002395845949649811, 0.006102568935602903, -0.004594091325998306, 0.0009659136994741857, 0.001025114906951785, 0.0010599022498354316, -0.001643977826461196, 0.0017877573845908046, -0.0007112245075404644, 0.001438939943909645, -0.003532783593982458], [0.00011887903383467346, -0.003121753688901663, 0.0015768014127388597, -0.004594091325998306, 0.008822117000818253, -0.004225709475576878, 0.000996544142253697, -0.000630181806627661, 0.0013885904336348176, -0.0038799461908638477, 0.0034461545292288065, -0.0032715434208512306, 0.003348346333950758], [-0.00047939788782969117, 0.0029628847260028124, -0.0005930679035373032, 0.0009659136994741857, -0.004225709475576878, 0.01167032029479742, -0.006022902205586433, -0.0005906957667320967, 0.001962263835594058, -0.0002211977116530761, -0.0028119180351495743, 0.003573937574401498, -0.0015531433746218681], [0.00032989762257784605, -0.002544381422922015, -5.180569860385731e-05, 0.001025114906951785, 0.000996544142253697, -0.006022902205586433, 0.009363575838506222, -0.004369786940515041, 0.000420068739913404, 0.0015267126727849245, 0.0006472023669630289, -0.0033818453084677458, 0.0017625166801735759], [-0.00013268634211272, 0.002068994799628854, -0.0004350407107267529, 0.0010599022498354316, -0.000630181806627661, -0.0005906957667320967, -0.004369786940515041, 0.013311311602592468, -0.00447354931384325, -0.0004756453272420913, -0.00021251970611047, 0.0004162724071647972, -0.001846871105954051], [-0.0003415366227272898, -0.0023088655434548855, 0.0010536254849284887, -0.001643977826461196, 0.0013885904336348176, 0.001962263835594058, 0.000420068739913404, -0.00447354931384325, 0.013118353672325611, -0.005926798563450575, -0.0005861460813321173, 0.0018936754204332829, -0.0012577323941513896], [0.0005881587276235223, 0.0033098964486271143, -0.0022198441438376904, 0.0017877573845908046, -0.0038799461908638477, -0.0002211977116530761, 0.0015267126727849245, -0.0004756453272420913, -0.005926798563450575, 0.015434383414685726, -0.004496211186051369, -0.0012524912599474192, 0.0025575680192559958], [-0.0005069402977824211, -0.0036520001012831926, 0.0028946634847670794, -0.0007112245075404644, 0.0034461545292288065, -0.0028119180351495743, 0.0006472023669630289, -0.00021251970611047, -0.0005861460813321173, -0.004496211186051369, 0.01558513194322586, -0.0055815973319113255, 0.00203320337459445], [-6.969782407395542e-05, 0.0033510627690702677, -0.0028140288777649403, 0.001438939943909645, -0.0032715434208512306, 0.003573937574401498, -0.0033818453084677458, 0.0004162724071647972, 0.0018936754204332829, -0.0012524912599474192, -0.0055815973319113255, 0.018658684566617012, -0.007190139964222908], [0.0009094939450733364, -0.0015679416246712208, 0.0021408137399703264, -0.003532783593982458, 0.003348346333950758, -0.0015531433746218681, 0.0017625166801735759, -0.001846871105954051, -0.0012577323941513896, 0.0025575680192559958, 0.00203320337459445, -0.007190139964222908, 0.01572490483522415]], "lowlevel.mfcc.cov": [[2379.26171875, -362.0636291503906, 4.447251319885254, -326.59539794921875, -78.16931915283203, -28.856374740600586, 24.039997100830078, 90.58251190185547, -148.01025390625, 145.86021423339844, 13.938721656799316, 123.172119140625, -22.22368621826172], [-362.0636291503906, 1119.84521484375, -311.7100830078125, -12.887872695922852, -106.57252502441406, -81.40089416503906, -7.575098514556885, 83.52369689941406, -49.6580696105957, -5.143604278564453, 57.99543380737305, 9.988475799560547, 2.9391655921936035], [4.447251319885254, -311.7100830078125, 376.8273620605469, 81.42101287841797, 40.06926345825195, 37.88780212402344, 2.6471495628356934, -31.39223289489746, 53.675045013427734, -25.733413696289062, -27.55951499938965, -8.260260581970215, 16.7468318939209], [-326.59539794921875, -12.887872695922852, 81.42101287841797, 430.7981872558594, 233.3094940185547, 86.35944366455078, -83.70918273925781, -58.56743621826172, 43.134788513183594, -2.8438069820404053, -86.47724151611328, -56.3170051574707, 46.68533706665039], [-78.16931915283203, -106.57252502441406, 40.06926345825195, 233.3094940185547, 301.5539855957031, 107.65840911865234, -37.797149658203125, -69.60057830810547, 14.419278144836426, 28.2301025390625, -39.48573303222656, -12.314384460449219, 24.019254684448242], [-28.856374740600586, -81.40089416503906, 37.88780212402344, 86.35944366455078, 107.65840911865234, 176.03549194335938, 75.07872009277344, 4.406431198120117, 30.920454025268555, -7.554424285888672, 12.55592155456543, 17.12945556640625, 8.691046714782715], [24.039997100830078, -7.575098514556885, 2.6471495628356934, -83.70918273925781, -37.797149658203125, 75.07872009277344, 238.02537536621094, 98.21636962890625, 44.57356643676758, -20.814149856567383, 69.62594604492188, 32.47920227050781, -12.950859069824219], [90.58251190185547, 83.52369689941406, -31.39223289489746, -58.56743621826172, -69.60057830810547, 4.406431198120117, 98.21636962890625, 156.0989990234375, 31.284873962402344, 7.778974533081055, 20.658702850341797, 16.939138412475586, 10.35924243927002], [-148.01025390625, -49.6580696105957, 53.675045013427734, 43.134788513183594, 14.419278144836426, 30.920454025268555, 44.57356643676758, 31.284873962402344, 146.1868133544922, 11.065505027770996, 18.925586700439453, -5.857771873474121, 0.3523254692554474], [145.86021423339844, -5.143604278564453, -25.733413696289062, -2.8438069820404053, 28.2301025390625, -7.554424285888672, -20.814149856567383, 7.778974533081055, 11.065505027770996, 106.33183288574219, 29.272058486938477, 19.196640014648438, 4.207101821899414], [13.938721656799316, 57.99543380737305, -27.55951499938965, -86.47724151611328, -39.48573303222656, 12.55592155456543, 69.62594604492188, 20.658702850341797, 18.925586700439453, 29.272058486938477, 155.37307739257812, 61.999168395996094, -12.939699172973633], [123.172119140625, 9.988475799560547, -8.260260581970215, -56.3170051574707, -12.314384460449219, 17.12945556640625, 32.47920227050781, 16.939138412475586, -5.857771873474121, 19.196640014648438, 61.999168395996094, 102.91140747070312, 18.95465660095215], [-22.22368621826172, 2.9391655921936035, 16.7468318939209, 46.68533706665039, 24.019254684448242, 8.691046714782715, -12.950859069824219, 10.35924243927002, 0.3523254692554474, 4.207101821899414, -12.939699172973633, 18.95465660095215, 80.18218231201172]], "lowlevel.mfcc.icov": [[0.0006755436770617962, 0.0002315958117833361, -0.00011483793787192553, 0.00043590503628365695, -9.487946226727217e-05, -0.00010978234058711678, 0.00010253956133965403, -0.0006053360993973911, 0.0007917964248917997, -0.0009577993187122047, 0.0004690230416599661, -0.0006527826772071421, 0.0003608021652325988], [0.0002315958117833361, 0.0014483616687357426, 0.0010342162568122149, -0.0005765295354649425, 0.000418372277636081, 0.00039729432319290936, 0.00025580692454241216, -0.0009229453862644732, 0.0005686280783265829, 0.00017295978614129126, -0.0006193749140948057, -0.00023419012723024935, 6.67738713673316e-05], [-0.00011483793787192553, 0.0010342162568122149, 0.0039551579393446445, -0.0009682566160336137, 0.0006305197020992637, 6.784877768950537e-05, -0.00016165347187779844, 0.0005860643577761948, -0.0011679147137328982, 0.0011182015296071768, -7.791414827806875e-05, -0.00026819537742994726, -0.0006328262388706207], [0.00043590503628365695, -0.0005765295354649425, -0.0009682566160336137, 0.0061226035468280315, -0.0036960795987397432, -0.0014226367929950356, 0.0017216760898008943, -0.0005490666953846812, -0.0010336432605981827, 0.00011329837434459478, 0.0011608762433752418, 0.0017058308003470302, -0.001827548141591251], [-9.487946226727217e-05, 0.000418372277636081, 0.0006305197020992637, -0.0036960795987397432, 0.008233685046434402, -0.0031873774714767933, -0.0005744195659644902, 0.0027059975545853376, 0.00043570957495830953, -0.002678439486771822, 0.0008269254467450082, -0.0005892463377676904, -0.00017332129937130958], [-0.00010978234058711678, 0.00039729432319290936, 6.784877768950537e-05, -0.0014226367929950356, -0.0031873774714767933, 0.010425640270113945, -0.003790465649217367, 0.00025590576115064323, -0.0004978232318535447, 0.0014427790883928537, -0.0004063439555466175, -0.0017359793419018388, 0.00021991004177834839], [0.00010253956133965403, 0.00025580692454241216, -0.00016165347187779844, 0.0017216760898008943, -0.0005744195659644902, -0.003790465649217367, 0.009426911361515522, -0.005324184894561768, -0.0009624004596844316, 0.0028188819997012615, -0.002932826755568385, 0.0002146811893908307, 0.0011760607594624162], [-0.0006053360993973911, -0.0009229453862644732, 0.0005860643577761948, -0.0005490666953846812, 0.0027059975545853376, 0.00025590576115064323, -0.005324184894561768, 0.012201067991554737, -0.0024000220000743866, -0.0019287903560325503, 0.002046693582087755, 1.4749739420949481e-05, -0.002772735198959708], [0.0007917964248917997, 0.0005686280783265829, -0.0011679147137328982, -0.0010336432605981827, 0.00043570957495830953, -0.0004978232318535447, -0.0009624004596844316, -0.0024000220000743866, 0.009788851253688335, -0.0024050967767834663, -0.001104046474210918, 0.0006829669582657516, 0.0008660038001835346], [-0.0009577993187122047, 0.00017295978614129126, 0.0011182015296071768, 0.00011329837434459478, -0.002678439486771822, 0.0014427790883928537, 0.0028188819997012615, -0.0019287903560325503, -0.0024050967767834663, 0.013859009370207787, -0.0038072336465120316, -0.0001863800425780937, -0.000507816846948117], [0.0004690230416599661, -0.0006193749140948057, -7.791414827806875e-05, 0.0011608762433752418, 0.0008269254467450082, -0.0004063439555466175, -0.002932826755568385, 0.002046693582087755, -0.001104046474210918, -0.0038072336465120316, 0.012003984302282333, -0.0060943979769945145, 0.0021337526850402355], [-0.0006527826772071421, -0.00023419012723024935, -0.00026819537742994726, 0.0017058308003470302, -0.0005892463377676904, -0.0017359793419018388, 0.0002146811893908307, 1.4749739420949481e-05, 0.0006829669582657516, -0.0001863800425780937, -0.0060943979769945145, 0.016349488869309425, -0.005553748458623886], [0.0003608021652325988, 6.67738713673316e-05, -0.0006328262388706207, -0.001827548141591251, -0.00017332129937130958, 0.00021991004177834839, 0.0011760607594624162, -0.002772735198959708, 0.0008660038001835346, -0.000507816846948117, 0.0021337526850402355, -0.005553748458623886, 0.016021722927689552]], "metadata.audio_properties.analysis.downmix": "mix", "metadata.audio_properties.codec": "mp3", "metadata.audio_properties.md5_encoded": "dd8b5b60acccb1c8f3adc54f615ff450", "metadata.tags.file_name": "1182275070228443247.mp3", "metadata.version.essentia": "2.1-beta6-dev", "metadata.version.essentia_git_sha": "v2.1_beta5-1110-g77a6a954", "metadata.version.extractor": "music 2.0", "tonal.chords_key": "C#", "tonal.chords_scale": "major", "tonal.key_edma.key": "Ab", "tonal.key_edma.scale": "major", "tonal.key_krumhansl.