{"song_id": "1182271808561483837", "download": "https://cdn.discordapp.com/attachments/1128313332273782784/1182271808561483837/chirp.mp4?ex=6584176c&amp", "lyrics": "[Verse]\nValerie, oh Valerie, the greatest mother alive\nHer love and care, they make us thrive\nShe's always there, with arms open wide\nA shining star, on this motherhood ride\n\n[Chorus]\nTell me why Valerie, she's the one\nSupportive and strong, second to none\nShe sacrifices all, for her family's bright sun\nValerie, the greatest mother on earth, bar none", "style": ["comedy"], "essentia_features": {"lowlevel.average_loudness": 0.9714344143867493, "lowlevel.barkbands_crest.mean": 15.754158020019531, "lowlevel.barkbands_crest.stdev": 5.72011661529541, "lowlevel.barkbands_flatness_db.mean": 0.18627241253852844, "lowlevel.barkbands_flatness_db.stdev": 0.059368737041950226, "lowlevel.barkbands_kurtosis.mean": 14.205730438232422, "lowlevel.barkbands_kurtosis.stdev": 32.91797637939453, "lowlevel.barkbands_skewness.mean": 2.464423418045044, "lowlevel.barkbands_skewness.stdev": 2.405534029006958, "lowlevel.barkbands_spread.mean": 23.63451385498047, "lowlevel.barkbands_spread.stdev": 22.0809268951416, "lowlevel.dissonance.mean": 0.4526916742324829, "lowlevel.dissonance.stdev": 0.03896047919988632, "lowlevel.dynamic_complexity": 3.4648630619049072, "lowlevel.erbbands_crest.mean": 10.690692901611328, "lowlevel.erbbands_crest.stdev": 4.501856803894043, "lowlevel.erbbands_flatness_db.mean": 0.1432216316461563, "lowlevel.erbbands_flatness_db.stdev": 0.047700829803943634, "lowlevel.erbbands_kurtosis.mean": 1.7109142541885376, "lowlevel.erbbands_kurtosis.stdev": 3.732987880706787, "lowlevel.erbbands_skewness.mean": 0.2839321494102478, "lowlevel.erbbands_skewness.stdev": 1.0976693630218506, "lowlevel.erbbands_spread.mean": 44.9024543762207, "lowlevel.erbbands_spread.stdev": 29.978979110717773, "lowlevel.hfc.mean": 24.42349624633789, "lowlevel.hfc.stdev": 26.382837295532227, "lowlevel.loudness_ebu128.integrated": -20.149505615234375, "lowlevel.loudness_ebu128.loudness_range": 1.5394821166992188, "lowlevel.loudness_ebu128.momentary.mean": -20.91123390197754, "lowlevel.loudness_ebu128.momentary.stdev": 2.8431127071380615, "lowlevel.loudness_ebu128.short_term.mean": -20.214862823486328, "lowlevel.loudness_ebu128.short_term.stdev": 0.47399845719337463, "lowlevel.melbands_crest.mean": 21.667388916015625, "lowlevel.melbands_crest.stdev": 6.899868011474609, "lowlevel.melbands_flatness_db.mean": 0.2604929804801941, "lowlevel.melbands_flatness_db.stdev": 0.07861220836639404, "lowlevel.melbands_kurtosis.mean": 37.0412483215332, "lowlevel.melbands_kurtosis.stdev": 61.78828430175781, "lowlevel.melbands_skewness.mean": 3.9305331707000732, "lowlevel.melbands_skewness.stdev": 2.9506330490112305, "lowlevel.melbands_spread.mean": 20.764745712280273, "lowlevel.melbands_spread.stdev": 25.20230484008789, "lowlevel.pitch_salience.mean": 0.41343241930007935, "lowlevel.pitch_salience.stdev": 0.1394241601228714, "lowlevel.silence_rate_20dB.mean": 0.9940159320831299, "lowlevel.silence_rate_20dB.stdev": 0.07712499052286148, "lowlevel.silence_rate_30dB.mean": 0.9301861524581909, "lowlevel.silence_rate_30dB.stdev": 0.2548343539237976, "lowlevel.silence_rate_60dB.mean": 0.014627659693360329, "lowlevel.silence_rate_60dB.stdev": 0.12005563825368881, "lowlevel.spectral_centroid.mean": 1235.58837890625, "lowlevel.spectral_centroid.stdev": 832.187744140625, "lowlevel.spectral_complexity.mean": 12.426197052001953, "lowlevel.spectral_complexity.stdev": 9.631776809692383, "lowlevel.spectral_decrease.mean": -1.2017769002170553e-08, "lowlevel.spectral_decrease.stdev": 1.5149357324162338e-08, "lowlevel.spectral_energy.mean": 0.047573190182447433, "lowlevel.spectral_energy.stdev": 0.0579390712082386, "lowlevel.spectral_energyband_high.mean": 0.0011895094066858292, "lowlevel.spectral_energyband_high.stdev": 0.0022968414705246687, "lowlevel.spectral_energyband_low.mean": 0.03178301453590393, "lowlevel.spectral_energyband_low.stdev": 0.0533539317548275, "lowlevel.spectral_energyband_middle_high.mean": 0.006031516939401627, "lowlevel.spectral_energyband_middle_high.stdev": 0.009239469654858112, "lowlevel.spectral_energyband_middle_low.mean": 0.009016802534461021, "lowlevel.spectral_energyband_middle_low.stdev": 0.009700237773358822, "lowlevel.spectral_entropy.mean": 7.587369918823242, "lowlevel.spectral_entropy.stdev": 0.5081290006637573, "lowlevel.spectral_flux.mean": 0.08253269642591476, "lowlevel.spectral_flux.stdev": 0.07800072431564331, "lowlevel.spectral_kurtosis.mean": 4.377570629119873, "lowlevel.spectral_kurtosis.stdev": 3.3273003101348877, "lowlevel.spectral_rms.mean": 0.006028722506016493, "lowlevel.spectral_rms.stdev": 0.0031729070469737053, "lowlevel.spectral_rolloff.mean": 1439.072021484375, "lowlevel.spectral_rolloff.stdev": 2333.951171875, "lowlevel.spectral_skewness.mean": 1.7005736827850342, "lowlevel.spectral_skewness.stdev": 0.634537935256958, "lowlevel.spectral_spread.mean": 6394618.5, "lowlevel.spectral_spread.stdev": 2764923.75, "lowlevel.spectral_strongpeak.mean": 0.8548696041107178, "lowlevel.spectral_strongpeak.stdev": 1.2904744148254395, "lowlevel.zerocrossingrate.mean": 0.059452787041664124, "lowlevel.zerocrossingrate.stdev": 0.058598775416612625, "metadata.audio_properties.analysis.equal_loudness": 0.0, "metadata.audio_properties.analysis.length": 34.87997817993164, "metadata.audio_properties.analysis.sample_rate": 44100.0, "metadata.audio_properties.analysis.start_time": 0.0, "metadata.audio_properties.bit_rate": 119489.0, "metadata.audio_properties.length": 34.880001068115234, "metadata.audio_properties.lossless": 0.0, "metadata.audio_properties.number_channels": 1.0, "metadata.audio_properties.replay_gain": -5.938032150268555, "metadata.audio_properties.sample_rate": 48000.0, "rhythm.beats_count": 47.0, "rhythm.beats_loudness.mean": 0.0966406762599945, "rhythm.beats_loudness.stdev": 0.09457791596651077, "rhythm.bpm": 81.98180389404297, "rhythm.bpm_histogram_first_peak_bpm": 82.0, "rhythm.bpm_histogram_first_peak_weight": 0.0, "rhythm.bpm_histogram_second_peak_bpm": 0.0, "rhythm.bpm_histogram_second_peak_spread": 0.0, "rhythm.bpm_histogram_second_peak_weight": 0.0, "rhythm.danceability": 1.4404208660125732, "rhythm.onset_rate": 5.043038845062256, "tonal.chords_changes_rate": 0.07835325598716736, "tonal.chords_number_rate": 0.010624170303344727, "tonal.chords_strength.mean": 0.5154246091842651, "tonal.chords_strength.stdev": 0.06673111766576767, "tonal.hpcp_crest.mean": 12.79985237121582, "tonal.hpcp_crest.stdev": 4.656264305114746, "tonal.hpcp_entropy.mean": 1.9734376668930054, "tonal.hpcp_entropy.stdev": 0.666789710521698, "tonal.key_edma.strength": 0.5009298324584961, "tonal.key_krumhansl.strength": 0.4993279278278351, "tonal.key_temperley.strength": 0.5117304921150208, "tonal.tuning_diatonic_strength": 0.5661287903785706, "tonal.tuning_equal_tempered_deviation": 0.1264624148607254, "tonal.tuning_frequency": 441.0177917480469, "tonal.tuning_nontempered_energy_ratio": 0.7781630158424377, "lowlevel.barkbands.mean": [0.0005806921399198472, 0.029023366048932076, 0.0019386144122108817, 0.0004789438971783966, 0.0029744436033070087, 0.0009145743679255247, 0.0012964846100658178, 0.0014941863482818007, 0.0014478758675977588, 0.001740148989483714, 0.0005871544126421213, 0.0008834453183226287, 0.0005844701081514359, 0.0007604231941513717, 0.0005528379115276039, 0.0003517366130836308, 0.0004320411244407296, 0.00018746023124549538, 9.370836050948128e-05, 0.000143485696753487, 0.00011367099068593234, 0.00016676145605742931, 0.0002351758594159037, 0.00021032136282883584, 0.00021666470274794847, 0.000161316929734312, 3.1742929422762245e-06], "lowlevel.barkbands.stdev": [0.0007559124496765435, 0.04861697927117348, 0.012495572678744793, 0.0027282931841909885, 0.002852592384442687, 0.0013602679828181863, 0.0033507600892335176, 0.0047116694040596485, 0.003591256681829691, 0.004665002226829529, 0.0020890815649181604, 0.0024209879338741302, 0.0016567844431847334, 0.002249527722597122, 0.0016215312061831355, 0.0008130688220262527, 0.0009415987296961248, 0.000425373378675431, 0.00023704618797637522, 0.0003401994763407856, 0.0003158540930598974, 0.0004120922239962965, 0.0005477934028021991, 0.0005116694956086576, 0.00042262632632628083, 0.0003187157562933862, 1.001465989247663e-05], "lowlevel.erbbands.mean": [1.0459486246109009, 5.657632350921631, 3.474364995956421, 1.8636010885238647, 3.0730717182159424, 13.150138854980469, 11.776259422302246, 7.33432149887085, 11.527094841003418, 31.18768882751465, 30.896209716796875, 29.016952514648438, 56.526126861572266, 36.571006774902344, 33.90815734863281, 29.83022689819336, 27.261632919311523, 31.469989776611328, 41.1683464050293, 21.260051727294922, 22.249814987182617, 26.725950241088867, 12.358722686767578, 5.136355876922607, 5.197432994842529, 6.897799968719482, 5.54773473739624, 3.993668556213379, 5.428968906402588, 7.526116371154785, 6.374986171722412, 4.34696626663208, 3.6407086849212646, 2.4307634830474854, 1.5122699737548828, 0.8088715672492981, 0.2838287353515625, 0.03282809630036354, 0.0007160974782891572, 8.192434324882925e-05], "lowlevel.erbbands.stdev": [1.4464221000671387, 11.106818199157715, 15.408926963806152, 10.778600692749023, 7.198287487030029, 12.545926094055176, 12.589882850646973, 12.934798240661621, 33.93498611450195, 78.33187103271484, 112.8907699584961, 67.80504608154297, 137.7123260498047, 105.8821029663086, 94.81198120117188, 82.42578125, 74.93824768066406, 68.50027465820312, 122.41737365722656, 48.04344940185547, 51.0323486328125, 58.40224838256836, 25.746471405029297, 13.674248695373535, 12.334857940673828, 16.657516479492188, 14.336360931396484, 11.39655876159668, 14.12336540222168, 17.337078094482422, 15.25590991973877, 11.122161865234375, 8.495501518249512, 5.002055644989014, 2.955550193786621, 1.6653695106506348, 0.5564091205596924, 0.06831094622612, 0.0014876333298161626, 8.583958697272465e-05], "lowlevel.gfcc.mean": [-5.918934345245361, 73.12162017822266, -81.1758041381836, 28.843978881835938, -48.188438415527344, 29.187063217163086, -39.92110824584961, 20.776206970214844, -16.298078536987305, 13.610533714294434, -12.803793907165527, 16.63949966430664, -2.2578370571136475], "lowlevel.melbands.mean": [0.008799102157354355, 0.0035233525559306145, 0.00033879870898090303, 0.0005652412655763328, 0.0004948324058204889, 0.00015941554738674313, 0.0002007983421208337, 0.00035012929583899677, 0.0002333057636860758, 0.00019205470744054765, 0.00029233554960228503, 0.00016295233217533678, 0.00010190524335484952, 0.00010555039625614882, 5.5645730753894895e-05, 6.466017657658085e-05, 5.744653753936291e-05, 7.50971375964582e-05, 3.261474194005132e-05, 2.271656740049366e-05, 2.5506995370960794e-05, 2.9657014238182455e-05, 1.7505657524452545e-05, 6.32240335107781e-06, 3.831270078080706e-06, 3.445565880610957e-06, 4.213672127661994e-06, 4.7378607632708736e-06, 3.6373382954479894e-06, 2.823570639520767e-06, 2.131930159521289e-06, 2.8413742256816477e-06, 3.682326223497512e-06, 4.470136445888784e-06, 3.890203970513539e-06, 2.8754611776093952e-06, 2.6234365577693097e-06, 2.601581172712031e-06, 2.220187525381334e-06, 1.994631929846946e-06], "lowlevel.melbands.stdev": [0.013483543880283833, 0.009027472697198391, 0.0017338021425530314, 0.0006081389146856964, 0.0004670845519285649, 0.00027879339177161455, 0.0005501291016116738, 0.0008253330015577376, 0.0008677145233377814, 0.0004631101619452238, 0.0007142503163777292, 0.0004859861801378429, 0.0003271675668656826, 0.00029628744232468307, 0.0001800923200789839, 0.0001967107818927616, 0.00014410501171369106, 0.00023706088541075587, 8.296463784063235e-05, 4.9121921620098874e-05, 6.32070514257066e-05, 6.908278737682849e-05, 3.48106914316304e-05, 1.6160785889951512e-05, 1.0911306162597612e-05, 8.540553608327173e-06, 1.1015583368134685e-05, 1.1761489986383822e-05, 9.41880171012599e-06, 8.333891855727416e-06, 6.277215106820222e-06, 8.148738743329886e-06, 8.680858627485577e-06, 1.0590370038698893e-05, 9.465656148677226e-06, 7.353961336775683e-06, 6.84752558299806e-06, 6.278351065702736e-06, 4.87039505969733e-06, 4.126337898924248e-06], "lowlevel.melbands128.mean": [0.0005633251275867224, 0.007978982292115688, 0.013911240734159946, 0.007577279582619667, 0.0023142131976783276, 0.000817484746221453, 0.0003479869046714157, 0.00022893055574968457, 0.00022682688722852618, 0.0005313721485435963, 0.0008575078682042658, 0.0007196234655566514, 0.0003860560245811939, 0.00023102140403352678, 0.00016973073070403188, 0.0001193383868667297, 0.00010049997217720374, 0.0002209586964454502, 0.0002829599834512919, 0.0004182252159807831, 0.00032944820122793317, 0.000333944772137329, 0.00019878600141964853, 0.00016329211939591914, 0.00016837200382724404, 0.0001745500776451081, 0.0003229543217457831, 0.0002547299664001912, 0.0003692543541546911, 0.00020052383479196578, 8.454055932816118e-05, 7.531562732765451e-05, 0.00010989201837219298, 9.881836012937129e-05, 0.00015615923621226102, 9.129308455158025e-05, 5.9679125115508214e-05, 5.7289515098091215e-05, 4.4381369662005454e-05, 6.730281165800989e-05, 6.178838521009311e-05, 7.468483090633526e-05, 4.006056406069547e-05, 4.7600147809134796e-05, 0.00011154340609209612, 7.546933193225414e-05, 5.142648660694249e-05, 2.0294075511628762e-05, 3.59028963430319e-05, 2.7260108254267834e-05, 1.5385996448458172e-05, 2.1109735826030374e-05, 3.6098241253057495e-05, 2.0452807802939788e-05, 1.9179098671884276e-05, 4.3233390897512436e-05, 2.4069793653325178e-05, 1.838804382714443e-05, 1.8213044313597493e-05, 8.881009307515342e-06, 5.132215392222861e-06, 4.6593768274760805e-06, 4.008447831438389e-06, 3.7747952319477918e-06, 3.0878438792569796e-06, 3.4548970688774716e-06, 3.4500619676691713e-06, 4.033418463222915e-06, 4.318306764616864e-06, 4.732443358079763e-06, 4.477800302993273e-06, 5.43971646038699e-06, 3.848161213682033e-06, 3.369209025549935e-06, 3.0298688216134906e-06, 3.474430968708475e-06, 2.3406378204526845e-06, 1.8912664927484002e-06, 2.189586666645482e-06, 2.17702495319827e-06, 2.70696432380646e-06, 3.1935896913637407e-06, 3.1002468858787324e-06, 3.648141273515648e-06, 4.324421297496883e-06, 4.1464395508228336e-06, 4.58721933682682e-06, 4.89326930619427e-06, 3.672107595775742e-06, 3.474616505627637e-06, 3.191746145603247e-06, 2.7660598789225332e-06, 2.1984778868500143e-06, 2.805428721330827e-06, 2.6794955374498386e-06, 2.5255942546209553e-06, 2.6141667603951646e-06, 2.7426128781371517e-06, 2.0798090645257616e-06, 2.03102536033839e-06, 2.1870957880310016e-06, 1.971096935449168e-06, 1.7962985339181614e-06, 1.7900098328027525e-06, 1.8002405113293207e-06, 1.4829583960818127e-06, 1.7734781749823014e-06, 1.3794150390822324e-06, 1.3269644796309876e-06, 1.4673701116407756e-06, 1.260811814063345e-06, 9.769555617822334e-07, 9.352891083835857e-07, 7.318054713323363e-07, 5.439895858216914e-07, 3.591109987155505e-07, 1.1840116798111922e-07, 2.273711530165201e-08, 2.5895279254228853e-09, 7.974885508910123e-12, 7.413535930977933e-12, 7.248358597361504e-12, 7.081500316696854e-12, 6.9279668807320505e-12, 6.709438126611955e-12, 6.409797605883005e-12, 6.236802307241218e-12, 6.1837527286223715e-12], "lowlevel.melbands128.stdev": [0.0007407359662465751, 0.010389909148216248, 0.022642992436885834, 0.017925051972270012, 0.009859341196715832, 0.00532591762021184, 0.0023169438354671, 0.0011561355786398053, 0.0006911532836966217, 0.0007187256123870611, 0.0008997577242553234, 0.0007587029249407351, 0.0005180680891498923, 0.0003660423681139946, 0.0003194142773281783, 0.0004545399860944599, 0.00036814031773246825, 0.0009231228032149374, 0.0007905556703917682, 0.0013790850061923265, 0.0009515212732367218, 0.0012555877910926938, 0.0013087349943816662, 0.0006768328021280468, 0.0005989738856442273, 0.0005753013538196683, 0.0011887437431141734, 0.0008633827674202621, 0.0012230699649080634, 0.000853619712870568, 0.0004134120244998485, 0.000282597029581666, 0.0005491499905474484, 0.0004047464462928474, 0.0005522562423720956, 0.00038609388866461813, 0.00024982899776659906, 0.000281859451206401, 0.00017814176680985838, 0.0002688319073058665, 0.00026719411835074425, 0.00023600207350682467, 0.00012760949903167784, 0.00019390096713323146, 0.0005075503140687943, 0.00033795752096921206, 0.00024454540107399225, 7.032250141492113e-05, 0.0001281691947951913, 7.664432632736862e-05, 4.399360477691516e-05, 5.716046507586725e-05, 0.00011473822087282315, 6.654219760093838e-05, 5.159965803613886e-05, 0.0001179966056952253, 6.266793934628367e-05, 4.168298255535774e-05, 4.211798295727931e-05, 2.575508551672101e-05, 1.641387825657148e-05, 1.630053884582594e-05, 1.2614049410331063e-05, 1.1851335329993162e-05, 8.439933480985928e-06, 1.016117494145874e-05, 8.53541678225156e-06, 1.1419738257245626e-05, 1.2909615179523826e-05, 1.3744638636126183e-05, 1.3019819562032353e-05, 1.702295230643358e-05, 1.0580677553662099e-05, 1.0160925739910454e-05, 8.88925205799751e-06, 1.1122235264338087e-05, 7.99162171460921e-06, 6.302464953478193e-06, 6.752566605428001e-06, 6.856091658846708e-06, 9.191609024128411e-06, 9.378615686728153e-06, 8.265634278359357e-06, 8.628522664366756e-06, 1.1967583304794971e-05, 1.056793007592205e-05, 1.1204496331629343e-05, 1.3094747373543214e-05, 9.515691090200562e-06, 9.066735401574988e-06, 8.59226202010177e-06, 7.418444056384033e-06, 6.587587449757848e-06, 8.443175829597749e-06, 6.744853635609616e-06, 6.185458460095106e-06, 6.8700364863616414e-06, 7.210132480395259e-06, 4.727684881800087e-06, 4.693704795499798e-06, 5.153746769792633e-06, 4.323609573475551e-06, 3.872633442369988e-06, 3.908455255441368e-06, 4.2120950638491195e-06, 3.0124158456601435e-06, 3.915682100341655e-06, 2.9572795483545633e-06, 3.1359104468720034e-06, 3.442611614445923e-06, 2.8504539386631222e-06, 2.241524271084927e-06, 1.9627759684226476e-06, 1.487483928030997e-06, 1.1647737210296327e-06, 8.598882459409651e-07, 3.4636826740097604e-07, 1.3633007256430574e-07, 2.8006164498606267e-08, 1.210891456548957e-11, 1.1503399795220748e-11, 1.1239492843373444e-11, 1.0989321432008925e-11, 1.0796683859448652e-11, 1.0629036713283302e-11, 1.049245672984922e-11, 1.039826991872106e-11, 1.0339600703401786e-11], "lowlevel.mfcc.mean": [-663.3074951171875, 114.5431137084961, 26.263111114501953, 14.592345237731934, 19.464406967163086, 11.098424911499023, 0.9442777633666992, 10.156391143798828, 6.122161388397217, 4.085458755493164, 2.0864622592926025, 4.8007917404174805, 5.857639312744141], "lowlevel.spectral_contrast_coeffs.mean": [-0.7010799050331116, -0.7271655201911926, -0.761208713054657, -0.7793919444084167, -0.8010807633399963, -0.7940647602081299], "lowlevel.spectral_contrast_coeffs.stdev": [0.06646687537431717, 0.08097902685403824, 0.09210637211799622, 0.06804108619689941, 0.044096704572439194, 0.033243678510189056], "lowlevel.spectral_contrast_valleys.mean": [-6.816723346710205, -7.318296432495117, -7.786312103271484, -7.97487735748291, -8.0262451171875, -10.023660659790039], "lowlevel.spectral_contrast_valleys.stdev": [0.8474004864692688, 0.8202986121177673, 0.9022337198257446, 0.8213505148887634, 0.8346051573753357, 0.9161208271980286], "rhythm.beats_loudness_band_ratio.mean": [0.45403560996055603, 0.0941232219338417, 0.12839172780513763, 0.15219001471996307, 0.10499141365289688, 0.07797804474830627], "rhythm.beats_loudness_band_ratio.stdev": [0.3084845542907715, 0.08620092272758484, 0.14321868121623993, 0.1645108461380005, 0.08985017985105515, 0.0776803120970726], "tonal.hpcp.mean": [0.20122405886650085, 0.07154057174921036, 0.03267233073711395, 0.027826152741909027, 0.06659557670354843, 0.349418967962265, 0.43559762835502625, 0.15949766337871552, 0.0347263440489769, 0.02867099642753601, 0.028955770656466484, 0.05874592810869217, 0.08463313430547714, 0.059908896684646606, 0.05221009999513626, 0.05296541005373001, 0.030803658068180084, 0.02781502716243267, 0.030342912301421165, 0.027671104297041893, 0.04323739930987358, 0.056755825877189636, 0.04299313202500343, 0.029776139184832573, 0.02328748069703579, 0.023033006116747856, 0.04483169689774513, 0.06177264824509621, 0.0515965111553669, 0.03400306776165962, 0.022709237411618233, 0.024588244035840034, 0.05027299374341965, 0.16155821084976196, 0.34432846307754517, 0.36547037959098816], "tonal.hpcp.stdev": [0.3180578351020813, 0.16924357414245605, 0.12974298000335693, 0.11652150005102158, 0.15562881529331207, 0.3725222647190094, 0.4398139417171478, 0.2155374139547348, 0.125321626663208, 0.11654170602560043, 0.10029690712690353, 0.11263815313577652, 0.15414927899837494, 0.1327143907546997, 0.15128305554389954, 0.1511823982000351, 0.09331515431404114, 0.09570890665054321, 0.0986274853348732, 0.09011761099100113, 0.10971932113170624, 0.12496951222419739, 0.11412867158651352, 0.09762383997440338, 0.07683629542589188, 0.08002826571464539, 0.12182257324457169, 0.15842919051647186, 0.14732444286346436, 0.1293036788702011, 0.10155468434095383, 0.09471681714057922, 0.15070508420467377, 0.2689880132675171, 0.4178738296031952, 0.40045517683029175], "rhythm.beats_position": [0.7662584781646729, 1.5092970132827759, 2.240725517272949, 2.972154140472412, 3.703582763671875, 4.435011386871338, 5.166440010070801, 5.8978681564331055, 6.629296779632568, 7.360725402832031, 8.103763580322266, 8.835192680358887, 9.566620826721191, 10.298049926757812, 11.029478073120117, 11.772517204284668, 12.492335319519043, 13.223763465881348, 13.955192565917969, 14.698230743408203, 15.418049812316895, 16.149478912353516, 16.88090705871582, 17.612335205078125, 18.34376335144043, 19.075191497802734, 19.806621551513672, 20.538049697875977, 21.26947784423828, 22.012516021728516, 22.732336044311523, 23.475374221801758, 24.206802368164062, 24.938230514526367, 25.669658660888672, 26.40108871459961, 27.120906829833984, 27.86394500732422, 28.595373153686523, 29.326801300048828, 30.046621322631836, 30.78965950012207, 31.521087646484375, 32.25251770019531, 32.97233581542969, 33.71537399291992, 34.4351921081543], "rhythm.bpm_histogram": [0.0, 0.0, 0.0, 0.0, 0.0, 0.0, 0.0, 0.0, 0.0, 0.0, 0.0, 0.0, 0.0, 0.0, 0.0, 0.0, 0.0, 0.0, 0.0, 0.0, 0.0, 0.0, 0.0, 0.0, 0.0, 0.0, 0.0, 0.0, 0.0, 0.0, 0.0, 0.0, 0.0, 0.0, 0.0, 0.0, 0.0, 0.0, 0.0, 0.0, 0.0, 0.0, 0.0, 0.0, 0.0, 0.0, 0.0, 0.0, 0.0, 0.0, 0.0, 0.0, 0.0, 0.0, 0.0, 0.0, 0.0, 0.0, 0.0, 0.0, 0.0, 0.0, 0.0, 0.0, 0.0, 0.0, 0.0, 0.0, 0.0, 0.0, 0.0, 0.0, 0.0, 0.0, 0.0, 0.0, 0.0, 0.0, 0.0, 0.0, 0.0, 0.19565217196941376, 0.6521739363670349, 0.15217390656471252, 0.0, 0.0, 0.0, 0.0, 0.0, 0.0, 0.0, 0.0, 0.0, 0.0, 0.0, 0.0, 0.0, 0.0, 0.0, 0.0, 0.0, 0.0, 0.0, 0.0, 0.0, 0.0, 0.0, 0.0, 0.0, 0.0, 0.0, 0.0, 0.0, 0.0, 0.0, 0.0, 0.0, 0.0, 0.0, 0.0, 0.0, 0.0, 0.0, 0.0, 0.0, 0.0, 0.0, 0.0, 0.0, 0.0, 0.0, 0.0, 0.0, 0.0, 0.0, 0.0, 0.0, 0.0, 0.0, 0.0, 0.0, 0.0, 0.0, 0.0, 0.0, 0.0, 0.0, 0.0, 0.0, 0.0, 0.0, 0.0, 0.0, 0.0, 0.0, 0.0, 0.0, 0.0, 0.0, 0.0, 0.0, 0.0, 0.0, 0.0, 0.0, 0.0, 0.0, 0.0, 0.0, 0.0, 0.0, 0.0, 0.0, 0.0, 0.0, 0.0, 0.0, 0.0, 0.0, 0.0, 0.0, 0.0, 0.0, 0.0, 0.0, 0.0, 0.0, 0.0, 0.0, 0.0, 0.0, 0.0, 0.0, 0.0, 0.0, 0.0, 0.0, 0.0, 0.0, 0.0, 0.0, 0.0, 0.0, 0.0, 0.0, 0.0, 0.0, 0.0, 0.0, 0.0, 0.0, 0.0, 0.0, 0.0, 0.0, 0.0, 0.0, 0.0, 0.0, 0.0, 0.0, 0.0, 0.0, 0.0, 0.0, 0.0, 0.0, 0.0, 0.0, 0.0, 0.0, 0.0, 0.0, 0.0, 0.0, 0.0, 0.0, 0.0, 0.0, 0.0, 0.0, 0.0, 0.0, 0.0, 0.0, 0.0, 0.0, 0.0, 0.0, 0.0], "tonal.chords_histogram": [12.616201400756836, 0.0, 0.0, 0.0, 0.0, 1.3280212879180908, 4.38247013092041, 8.233731269836426, 0.0, 0.26560425758361816, 0.26560425758361816, 0.0, 0.0, 0.0, 0.0, 0.0, 0.0, 1.9920319318771362, 29.6148738861084, 0.7968127727508545, 0.0, 0.7968127727508545, 13.41301441192627, 26.29482078552246], "tonal.thpcp": [1.0, 0.36615824699401855, 0.07972115278244019, 0.06581991165876389, 0.06647366285324097, 0.13486282527446747, 0.19429199397563934, 0.13753265142440796, 0.11985854804515839, 0.12159251421689987, 0.07071585208177567, 0.06385486572980881, 0.06965812295675278, 0.06352446228265762, 0.09925995022058487, 0.13029415905475616, 0.098699189722538, 0.06835698336362839, 0.0534609891474247, 0.0528767928481102, 0.10291997343301773, 0.14181126654148102, 0.11844993382692337, 0.07806072384119034, 0.05213351920247078, 0.05644714832305908, 0.11541154235601425, 0.3708886504173279, 0.7904736995697021, 0.8390091061592102, 0.4619493782520294, 0.1642354428768158, 0.07500576227903366, 0.06388040632009506, 0.15288324654102325, 0.8021599650382996], "lowlevel.gfcc.cov": [[5400.5087890625, -200.65185546875, -414.91986083984375, -361.59063720703125, -0.8042989373207092, 144.82586669921875, 175.68032836914062, 164.5862274169922, 23.70121955871582, 104.97473907470703, -159.79617309570312, -8.952980041503906, -93.58892822265625], [-200.65185546875, 1771.1788330078125, -436.2720031738281, -345.7120361328125, 187.08038330078125, -137.36260986328125, 232.2611846923828, 13.554080963134766, 109.27000427246094, -48.97864532470703, 98.5605697631836, -162.81484985351562, 82.97628784179688], [-414.91986083984375, -436.2720031738281, 1123.269775390625, 340.0689697265625, -36.390342712402344, 82.66082763671875, -167.39828491210938, -60.649688720703125, -21.532867431640625, 23.886611938476562, 38.415771484375, 114.0903091430664, -39.8626823425293], [-361.59063720703125, -345.7120361328125, 340.0689697265625, 672.7607421875, 46.7175407409668, -180.3556671142578, -205.23886108398438, -30.40471076965332, 29.932172775268555, -2.0800554752349854, 40.989105224609375, 80.79876708984375, 76.91124725341797], [-0.8042989373207092, 187.08038330078125, -36.390342712402344, 46.7175407409668, 262.8645935058594, 31.816299438476562, 18.419763565063477, 4.421280384063721, 18.17967414855957, 19.250368118286133, -4.932000637054443, -22.26586151123047, 36.158016204833984], [144.82586669921875, -137.36260986328125, 82.66082763671875, -180.3556671142578, 31.816299438476562, 309.3389892578125, 139.43484497070312, -12.508217811584473, -39.843528747558594, 8.643067359924316, -17.167102813720703, -11.546223640441895, -37.77068328857422], [175.68032836914062, 232.2611846923828, -167.39828491210938, -205.23886108398438, 18.419763565063477, 139.43484497070312, 299.7747802734375, 76.1817398071289, -40.491790771484375, -18.222240447998047, 17.09906768798828, -21.177570343017578, -2.4116992950439453], [164.5862274169922, 13.554080963134766, -60.649688720703125, -30.40471076965332, 4.421280384063721, -12.508217811584473, 76.1817398071289, 127.01577758789062, 41.22174835205078, 1.2448022365570068, -8.058135986328125, 8.236551284790039, 9.136335372924805], [23.70121955871582, 109.27000427246094, -21.532867431640625, 29.932172775268555, 18.17967414855957, -39.843528747558594, -40.491790771484375, 41.22174835205078, 137.53797912597656, 46.61700439453125, 1.1615806818008423, -23.784082412719727, 11.195333480834961], [104.97473907470703, -48.97864532470703, 23.886611938476562, -2.0800554752349854, 19.250368118286133, 8.643067359924316, -18.222240447998047, 1.2448022365570068, 46.61700439453125, 116.66316986083984, 29.93597984313965, -10.04871940612793, -22.631696701049805], [-159.79617309570312, 98.5605697631836, 38.415771484375, 40.989105224609375, -4.932000637054443, -17.167102813720703, 17.09906768798828, -8.058135986328125, 1.1615806818008423, 29.93597984313965, 105.06214904785156, 40.59882736206055, 7.240110397338867], [-8.952980041503906, -162.81484985351562, 114.0903091430664, 80.79876708984375, -22.26586151123047, -11.546223640441895, -21.177570343017578, 8.236551284790039, -23.784082412719727, -10.04871940612793, 40.59882736206055, 129.30319213867188, 34.01998519897461], [-93.58892822265625, 82.97628784179688, -39.8626823425293, 76.91124725341797, 36.158016204833984, -37.77068328857422, -2.4116992950439453, 9.136335372924805, 11.195333480834961, -22.631696701049805, 7.240110397338867, 34.01998519897461, 97.69031524658203]], "lowlevel.gfcc.icov": [[0.0002310626587131992, -9.450403013033792e-05, 0.00011947793973376974, -7.027218089206144e-05, 7.393353735096753e-05, -0.0001598816888872534, 2.3323444111156277e-05, -0.0002800103393383324, 0.00015630001144018024, -0.0004744342004414648, 0.0006587370298802853, -0.0004438619362190366, 0.0003212200535926968], [-9.450403013033792e-05, 0.0025219260714948177, -0.0006705502746626735, 0.0021675992757081985, -0.002020703861489892, 0.003273138776421547, -0.0027259322814643383, 0.0028199495282024145, -0.0032841223292052746, 0.0031163094099611044, -0.003940135706216097, 0.0031920333858579397, -0.002251643920317292], [0.00011947793973376974, -0.0006705502746626735, 0.0017161306459456682, -0.0014311105478554964, 0.000743769109249115, -0.0020849008578807116, 0.0015028760535642505, -0.000989277963526547, 0.0009635267197154462, -0.0009336076327599585, 0.0009735470521263778, -0.001883852994069457, 0.0018164042849093676], [-7.027218089206144e-05, 0.0021675992757081985, -0.0014311105478554964, 0.004717396106570959, -0.002400357974693179, 0.004081189166754484, -0.0013659937540069222, 0.002317100530490279, -0.002761283190920949, 0.002862881636247039, -0.004023544955998659, 0.0025438768789172173, -0.0035984511487185955], [7.393353735096753e-05, -0.002020703861489892, 0.000743769109249115, -0.002400357974693179, 0.006219096947461367, -0.0037052130792289972, 0.0021636649034917355, -0.002531479112803936, 0.0027846782468259335, -0.003641490824520588, 0.003283715108409524, -0.001115033053793013, -0.0004816098662558943], [-0.0001598816888872534, 0.003273138776421547, -0.0020849008578807116, 0.004081189166754484, -0.0037052130792289972, 0.010757971554994583, -0.007476402912288904, 0.006846732459962368, -0.004847116768360138, 0.0030702068470418453, -0.002550769131630659, 0.002674465999007225, -0.0017668006476014853], [2.3323444111156277e-05, -0.0027259322814643383, 0.0015028760535642505, -0.0013659937540069222, 0.0021636649034917355, -0.007476402912288904, 0.012067385949194431, -0.009814278222620487, 0.007344312034547329, -0.002020035870373249, -0.0006803047726862133, -0.0002926885208580643, 0.0003933875705115497], [-0.0002800103393383324, 0.0028199495282024145, -0.000989277963526547, 0.002317100530490279, -0.002531479112803936, 0.006846732459962368, -0.009814278222620487, 0.018046706914901733, -0.0101824551820755, 0.003726111724972725, -0.00016265176236629486, -0.0009280308149755001, -0.0008719246252439916], [0.00015630001144018024, -0.0032841223292052746, 0.0009635267197154462, -0.002761283190920949, 0.0027846782468259335, -0.004847116768360138, 0.007344312034547329, -0.0101824551820755, 0.0169033445417881, -0.008364745415747166, 0.003596273483708501, 9.458357089897618e-05, -0.0004392670816741884], [-0.0004744342004414648, 0.0031163094099611044, -0.0009336076327599585, 0.002862881636247039, -0.003641490824520588, 0.0030702068470418453, -0.002020035870373249, 0.003726111724972725, -0.008364745415747166, 0.016998274251818657, -0.01013517752289772, 0.0048775821924209595, 0.0003492991381790489], [0.0006587370298802853, -0.003940135706216097, 0.0009735470521263778, -0.004023544955998659, 0.003283715108409524, -0.002550769131630659, -0.0006803047726862133, -0.00016265176236629486, 0.003596273483708501, -0.01013517752289772, 0.022183433175086975, -0.011406376957893372, 0.004907521884888411], [-0.0004438619362190366, 0.0031920333858579397, -0.001883852994069457, 0.0025438768789172173, -0.001115033053793013, 0.002674465999007225, -0.0002926885208580643, -0.0009280308149755001, 9.458357089897618e-05, 0.0048775821924209595, -0.011406376957893372, 0.01812766306102276, -0.008729989640414715], [0.0003212200535926968, -0.002251643920317292, 0.0018164042849093676, -0.0035984511487185955, -0.0004816098662558943, -0.0017668006476014853, 0.0003933875705115497, -0.0008719246252439916, -0.0004392670816741884, 0.0003492991381790489, 0.004907521884888411, -0.008729989640414715, 0.01842501573264599]], "lowlevel.mfcc.cov": [[5189.45947265625, -30.829814910888672, -612.6651000976562, -314.3139953613281, -250.48944091796875, -41.91130065917969, 35.87245559692383, 65.01160430908203, 191.96961975097656, 126.26484680175781, 45.62615203857422, 6.0949883460998535, 11.961784362792969], [-30.829814910888672, 1696.3839111328125, -453.36865234375, -237.93939208984375, -158.29808044433594, -44.33021926879883, 135.85557556152344, 17.17229652404785, 80.41142272949219, 95.52205657958984, 72.79843139648438, 16.46893882751465, 15.146872520446777], [-612.6651000976562, -453.36865234375, 998.46337890625, 188.56674194335938, 169.08262634277344, 67.24095916748047, -64.02227783203125, 8.1494779586792, -109.53453826904297, -74.79010772705078, -12.054621696472168, 40.719520568847656, 18.099069595336914], [-314.3139953613281, -237.93939208984375, 188.56674194335938, 628.8516845703125, 212.29576110839844, -95.7354736328125, -127.05335998535156, -61.21778869628906, -21.866392135620117, -81.17936706542969, -85.40394592285156, 84.39495849609375, 38.175621032714844], [-250.48944091796875, -158.29808044433594, 169.08262634277344, 212.29576110839844, 321.03338623046875, 55.760337829589844, -104.77674102783203, -60.72658920288086, -13.342071533203125, 2.6111812591552734, -39.568145751953125, -3.636228084564209, 10.79241943359375], [-41.91130065917969, -44.33021926879883, 67.24095916748047, -95.7354736328125, 55.760337829589844, 210.84059143066406, 86.92840576171875, 3.965257406234741, -15.332870483398438, 35.52456283569336, 32.428829193115234, -53.87385559082031, -22.702959060668945], [35.87245559692383, 135.85557556152344, -64.02227783203125, -127.05335998535156, -104.77674102783203, 86.92840576171875, 250.8025665283203, 94.45510864257812, 7.650584697723389, 3.6807327270507812, 36.12123107910156, -15.77819538116455, -18.39007568359375], [65.01160430908203, 17.17229652404785, 8.1494779586792, -61.21778869628906, -60.72658920288086, 3.965257406234741, 94.45510864257812, 154.259765625, 43.777950286865234, -22.6026668548584, -9.303526878356934, 4.43801212310791, 2.0959255695343018], [191.96961975097656, 80.41142272949219, -109.53453826904297, -21.866392135620117, -13.342071533203125, -15.332870483398438, 7.650584697723389, 43.777950286865234, 137.51039123535156, 52.16843032836914, -6.707927227020264, -8.288031578063965, 3.3079609870910645], [126.26484680175781, 95.52205657958984, -74.79010772705078, -81.17936706542969, 2.6111812591552734, 35.52456283569336, 3.6807327270507812, -22.6026668548584, 52.16843032836914, 139.13619995117188, 58.142417907714844, -27.438121795654297, -19.895145416259766], [45.62615203857422, 72.79843139648438, -12.054621696472168, -85.40394592285156, -39.568145751953125, 32.428829193115234, 36.12123107910156, -9.303526878356934, -6.707927227020264, 58.142417907714844, 120.6881332397461, 23.095298767089844, -18.503793716430664], [6.0949883460998535, 16.46893882751465, 40.719520568847656, 84.39495849609375, -3.636228084564209, -53.87385559082031, -15.77819538116455, 4.43801212310791, -8.288031578063965, -27.438121795654297, 23.095298767089844, 123.0980453491211, 42.755287170410156], [11.961784362792969, 15.146872520446777, 18.099069595336914, 38.175621032714844, 10.79241943359375, -22.702959060668945, -18.39007568359375, 2.0959255695343018, 3.3079609870910645, -19.895145416259766, -18.503793716430664, 42.755287170410156, 96.50204467773438]], "lowlevel.mfcc.icov": [[0.00022718626132700592, 6.786749872844666e-05, 0.00012033426173729822, 6.977240991545841e-05, 0.00012226378021296114, -4.7757435822859406e-05, 6.479820876847953e-05, -2.5793809982133098e-05, -0.0002004590496653691, -0.0001168473027064465, 3.161471977364272e-05, -0.00014483457198366523, -4.797074871021323e-05], [6.786749872844666e-05, 0.0007731267251074314, 0.0002645220374688506, 0.00023138734104577452, -5.1199542212998495e-05, 0.0003768408496398479, -0.0005004802369512618, 0.00025663289125077426, -0.00020869150466751307, -0.0003190518182236701, -9.951625543180853e-05, -0.0002435295464238152, -0.0002472849446348846], [0.00012033426173729822, 0.0002645220374688506, 0.0014938069507479668, -0.00018771531176753342, -0.0003348344180267304, -0.0006073230179026723, 0.0005239303573034704, -0.0009334462229162455, 0.0009458704735152423, 6.508780643343925e-05, -0.00028878659941256046, -0.00039881045813672245, -0.0001453402073821053], [6.977240991545841e-05, 0.00023138734104577452, -0.00018771531176753342, 0.0031208961736410856, -0.0019443383207544684, 0.0014867144636809826, -0.0006511070532724261, 0.0011865332489833236, -0.0005797697813250124, 0.0007044631638564169, 0.0013415361754596233, -0.001936069573275745, 0.0004531099693849683], [0.00012226378021296114, -5.1199542212998495e-05, -0.0003348344180267304, -0.0019443383207544684, 0.006308097392320633, -0.0035486898850649595, 0.002536667510867119, 0.00018417189130559564, -0.0001739783474477008, -0.0012086611241102219, 0.0014168110210448503, -9.276729542762041e-05, -0.0001665318413870409], [-4.7757435822859406e-05, 0.0003768408496398479, -0.0006073230179026723, 0.0014867144636809826, -0.0035486898850649595, 0.009587457403540611, -0.004469013307243586, 0.00126194441691041, 0.0005166406044736505, -0.0006264481344260275, -0.0018743410473689437, 0.003068476216867566, -0.0006198531482368708], [6.479820876847953e-05, -0.0005004802369512618, 0.0005239303573034704, -0.0006511070532724261, 0.002536667510867119, -0.004469013307243586, 0.008583704009652138, -0.004717153497040272, 0.0010740016587078571, 0.00038006785325706005, -0.0010570643935352564, -9.731901081977412e-05, 0.000514957879204303], [-2.5793809982133098e-05, 0.00025663289125077426, -0.0009334462229162455, 0.0011865332489833236, 0.00018417189130559564, 0.00126194441691041, -0.004717153497040272, 0.011957859620451927, -0.005263600032776594, 0.0031565348617732525, 0.001061869552358985, -0.0009498046129010618, 0.00024185115762520581], [-0.0002004590496653691, -0.00020869150466751307, 0.0009458704735152423, -0.0005797697813250124, -0.0001739783474477008, 0.0005166406044736505, 0.0010740016587078571, -0.005263600032776594, 0.012604174204170704, -0.00653470354154706, 0.002775847679004073, -0.00026307377265766263, -0.0005609094514511526], [-0.0001168473027064465, -0.0003190518182236701, 6.508780643343925e-05, 0.0007044631638564169, -0.0012086611241102219, -0.0006264481344260275, 0.00038006785325706005, 0.0031565348617732525, -0.00653470354154706, 0.014949661679565907, -0.0075679561123251915, 0.00344914011657238, 9.214437159243971e-05], [3.161471977364272e-05, -9.951625543180853e-05, -0.00028878659941256046, 0.0013415361754596233, 0.0014168110210448503, -0.0018743410473689437, -0.0010570643935352564, 0.001061869552358985, 0.002775847679004073, -0.0075679561123251915, 0.016418376937508583, -0.007582760415971279, 0.0035635551903396845], [-0.00014483457198366523, -0.0002435295464238152, -0.00039881045813672245, -0.001936069573275745, -9.276729542762041e-05, 0.003068476216867566, -9.731901081977412e-05, -0.0009498046129010618, -0.00026307377265766263, 0.00344914011657238, -0.007582760415971279, 0.015183070674538612, -0.005829507019370794], [-4.797074871021323e-05, -0.0002472849446348846, -0.0001453402073821053, 0.0004531099693849683, -0.0001665318413870409, -0.0006198531482368708, 0.000514957879204303, 0.00024185115762520581, -0.0005609094514511526, 9.214437159243971e-05, 0.0035635551903396845, -0.005829507019370794, 0.01352520938962698]], "metadata.audio_properties.analysis.downmix": "mix", "metadata.audio_properties.codec": "mp3", "metadata.audio_properties.md5_encoded": "57362dbe095bb1311dfe72b52e7e585f", "metadata.tags.file_name": "1182271808561483837.mp3", "metadata.version.essentia": "2.1-beta6-dev", "metadata.version.essentia_git_sha": "v2.1_beta5-1110-g77a6a954", "metadata.version.extractor": "music 2.0", "tonal.chords_key": "B", "tonal.chords_scale": "minor", "tonal.key_edma.key": "E", "tonal.key_edma.scale": "major", "tonal.key_krumhansl.key": "Ab", "tonal.key_krumhansl.scale": "minor", "tonal.key_temperley.key": "Ab", "tonal.key_temperley.scale": "minor", "metadata.tags.encoding": ["Lavf58.45.100"]}, "essentia_models": [{"model_name": "genre_dortmund", "activations": {"alternative": "0.03305073", "blues": "0.0020220338", "electronic": "0.017589862", "folkcountry": "0.012110423", "funksoulrnb"