{"song_id": "1182282016985714728", "download": "https://cdn.discordapp.com/attachments/1135911532732108921/1182282016985714728/chirp.mp4?ex=658420ee&amp", "lyrics": "[Verse]\nDickfoot burns out in the flames, lost in the night\nRising from the ashes, a phoenix takes flight\nTen years of silence, darkness filled their void\nNow they return, ready to destroy\n\n[Chorus]\nDickfoot's back, stronger than before\nRaging inferno, forever we roar\nThrough the ashes, we rise up higher\nWith burning fury, reclaiming our fire", "style": ["djent metal"], "essentia_features": {"lowlevel.average_loudness": 0.9804966449737549, "lowlevel.barkbands_crest.mean": 11.434149742126465, "lowlevel.barkbands_crest.stdev": 4.539866924285889, "lowlevel.barkbands_flatness_db.mean": 0.12757696211338043, "lowlevel.barkbands_flatness_db.stdev": 0.042212460190057755, "lowlevel.barkbands_kurtosis.mean": 6.754893779754639, "lowlevel.barkbands_kurtosis.stdev": 12.234837532043457, "lowlevel.barkbands_skewness.mean": 2.1389756202697754, "lowlevel.barkbands_skewness.stdev": 1.565393090248108, "lowlevel.barkbands_spread.mean": 26.55999183654785, "lowlevel.barkbands_spread.stdev": 15.681156158447266, "lowlevel.dissonance.mean": 0.48122134804725647, "lowlevel.dissonance.stdev": 0.01939556747674942, "lowlevel.dynamic_complexity": 1.1088273525238037, "lowlevel.erbbands_crest.mean": 8.171146392822266, "lowlevel.erbbands_crest.stdev": 3.9493513107299805, "lowlevel.erbbands_flatness_db.mean": 0.12872551381587982, "lowlevel.erbbands_flatness_db.stdev": 0.03168235346674919, "lowlevel.erbbands_kurtosis.mean": 0.11001615226268768, "lowlevel.erbbands_kurtosis.stdev": 1.8030424118041992, "lowlevel.erbbands_skewness.mean": -0.35621702671051025, "lowlevel.erbbands_skewness.stdev": 0.7848545908927917, "lowlevel.erbbands_spread.mean": 57.26593780517578, "lowlevel.erbbands_spread.stdev": 26.259244918823242, "lowlevel.hfc.mean": 27.589153289794922, "lowlevel.hfc.stdev": 14.181652069091797, "lowlevel.loudness_ebu128.integrated": -10.260977745056152, "lowlevel.loudness_ebu128.loudness_range": 0.7578010559082031, "lowlevel.loudness_ebu128.momentary.mean": -10.29582405090332, "lowlevel.loudness_ebu128.momentary.stdev": 0.5526887774467468, "lowlevel.loudness_ebu128.short_term.mean": -10.257346153259277, "lowlevel.loudness_ebu128.short_term.stdev": 0.25885143876075745, "lowlevel.melbands_crest.mean": 17.03502655029297, "lowlevel.melbands_crest.stdev": 5.038494110107422, "lowlevel.melbands_flatness_db.mean": 0.20311206579208374, "lowlevel.melbands_flatness_db.stdev": 0.054406002163887024, "lowlevel.melbands_kurtosis.mean": 31.550151824951172, "lowlevel.melbands_kurtosis.stdev": 44.394805908203125, "lowlevel.melbands_skewness.mean": 4.347651481628418, "lowlevel.melbands_skewness.stdev": 2.6234207153320312, "lowlevel.melbands_spread.mean": 22.000598907470703, "lowlevel.melbands_spread.stdev": 16.18520736694336, "lowlevel.pitch_salience.mean": 0.5223434567451477, "lowlevel.pitch_salience.stdev": 0.13636255264282227, "lowlevel.silence_rate_20dB.mean": 1.0, "lowlevel.silence_rate_20dB.stdev": 0.0, "lowlevel.silence_rate_30dB.mean": 0.9504446983337402, "lowlevel.silence_rate_30dB.stdev": 0.2170255482196808, "lowlevel.silence_rate_60dB.mean": 0.004447268322110176, "lowlevel.silence_rate_60dB.stdev": 0.06653767824172974, "lowlevel.spectral_centroid.mean": 1391.8271484375, "lowlevel.spectral_centroid.stdev": 616.9925537109375, "lowlevel.spectral_complexity.mean": 23.937103271484375, "lowlevel.spectral_complexity.stdev": 9.923050880432129, "lowlevel.spectral_decrease.mean": -1.1493133555973145e-08, "lowlevel.spectral_decrease.stdev": 8.017997821241352e-09, "lowlevel.spectral_energy.mean": 0.04588017240166664, "lowlevel.spectral_energy.stdev": 0.03059764951467514, "lowlevel.spectral_energyband_high.mean": 0.0013728392077609897, "lowlevel.spectral_energyband_high.stdev": 0.0013874613214284182, "lowlevel.spectral_energyband_low.mean": 0.02508617378771305, "lowlevel.spectral_energyband_low.stdev": 0.0314602367579937, "lowlevel.spectral_energyband_middle_high.mean": 0.005936648230999708, "lowlevel.spectral_energyband_middle_high.stdev": 0.0046641710214316845, "lowlevel.spectral_energyband_middle_low.mean": 0.0161786749958992, "lowlevel.spectral_energyband_middle_low.stdev": 0.013975686393678188, "lowlevel.spectral_entropy.mean": 7.805338382720947, "lowlevel.spectral_entropy.stdev": 0.2633246183395386, "lowlevel.spectral_flux.mean": 0.13512811064720154, "lowlevel.spectral_flux.stdev": 0.06970474869012833, "lowlevel.spectral_kurtosis.mean": 3.1099870204925537, "lowlevel.spectral_kurtosis.stdev": 1.7513532638549805, "lowlevel.spectral_rms.mean": 0.006380160339176655, "lowlevel.spectral_rms.stdev": 0.002013653051108122, "lowlevel.spectral_rolloff.mean": 1408.0723876953125, "lowlevel.spectral_rolloff.stdev": 1580.8125, "lowlevel.spectral_skewness.mean": 1.296958327293396, "lowlevel.spectral_skewness.stdev": 0.34110772609710693, "lowlevel.spectral_spread.mean": 5124980.0, "lowlevel.spectral_spread.stdev": 1658565.0, "lowlevel.spectral_strongpeak.mean": 0.6988250017166138, "lowlevel.spectral_strongpeak.stdev": 0.6583596467971802, "lowlevel.zerocrossingrate.mean": 0.060504063963890076, "lowlevel.zerocrossingrate.stdev": 0.03941548988223076, "metadata.audio_properties.analysis.equal_loudness": 0.0, "metadata.audio_properties.analysis.length": 36.521610260009766, "metadata.audio_properties.analysis.sample_rate": 44100.0, "metadata.audio_properties.analysis.start_time": 0.0, "metadata.audio_properties.bit_rate": 120278.0, "metadata.audio_properties.length": 36.522666931152344, "metadata.audio_properties.lossless": 0.0, "metadata.audio_properties.number_channels": 1.0, "metadata.audio_properties.replay_gain": -14.918561935424805, "metadata.audio_properties.sample_rate": 48000.0, "rhythm.beats_count": 75.0, "rhythm.beats_loudness.mean": 0.055123187601566315, "rhythm.beats_loudness.stdev": 0.028730468824505806, "rhythm.bpm": 124.08380126953125, "rhythm.bpm_histogram_first_peak_bpm": 123.0, "rhythm.bpm_histogram_first_peak_weight": 0.4571428894996643, "rhythm.bpm_histogram_second_peak_bpm": 115.0, "rhythm.bpm_histogram_second_peak_spread": 0.3333333730697632, "rhythm.bpm_histogram_second_peak_weight": 0.027027027681469917, "rhythm.danceability": 1.6803052425384521, "rhythm.onset_rate": 5.1455254554748535, "tonal.chords_changes_rate": 0.07994923740625381, "tonal.chords_number_rate": 0.017766498029232025, "tonal.chords_strength.mean": 0.5389423370361328, "tonal.chords_strength.stdev": 0.08126571774482727, "tonal.hpcp_crest.mean": 11.389780044555664, "tonal.hpcp_crest.stdev": 6.072511672973633, "tonal.hpcp_entropy.mean": 2.4879555702209473, "tonal.hpcp_entropy.stdev": 0.8192482590675354, "tonal.key_edma.strength": 0.7388677597045898, "tonal.key_krumhansl.strength": 0.7478898763656616, "tonal.key_temperley.strength": 0.758904218673706, "tonal.tuning_diatonic_strength": 0.6139805912971497, "tonal.tuning_equal_tempered_deviation": 0.12227623164653778, "tonal.tuning_frequency": 435.44891357421875, "tonal.tuning_nontempered_energy_ratio": 0.8300250768661499, "lowlevel.barkbands.mean": [0.0006800822447985411, 0.009601036086678505, 0.012160428799688816, 0.004908458329737186, 0.0075801159255206585, 0.0014343081275001168, 0.0011199635919183493, 0.0006361583364196122, 0.0004199015093035996, 0.0002613545802887529, 0.00030660140328109264, 0.0005170829826965928, 0.0006499296287074685, 0.0006219130591489375, 0.0006757405353710055, 0.000826904783025384, 0.0009318115771748126, 0.0006469895597547293, 0.0003642005904112011, 0.0003199806669726968, 0.0003430551150813699, 0.00025825935881584883, 0.0001965706906048581, 0.00022520890343002975, 0.0001401006302330643, 5.1851813623216e-05, 2.183515789511148e-06], "lowlevel.barkbands.stdev": [0.00041795987635850906, 0.020472852513194084, 0.0166632067412138, 0.004681951366364956, 0.011711315251886845, 0.0026221410371363163, 0.002295835642144084, 0.0012219920754432678, 0.0010112213203683496, 0.0005318400217220187, 0.0006530986865982413, 0.0013114333851262927, 0.001371312071569264, 0.0012320993700996041, 0.001311657135374844, 0.0015266089467331767, 0.0014566454337909818, 0.0010058979969471693, 0.0005040260148234665, 0.00034880582825280726, 0.0003643760865088552, 0.0002825988922268152, 0.0002307623508386314, 0.00042353267781436443, 0.0002244114875793457, 7.65305885579437e-05, 4.103049377590651e-06], "lowlevel.erbbands.mean": [0.1434473693370819, 2.729072093963623, 12.638269424438477, 17.388357162475586, 24.5585994720459, 21.71822166442871, 13.124217987060547, 11.815775871276855, 16.135683059692383, 15.258145332336426, 13.098703384399414, 10.097883224487305, 7.836852073669434, 9.202522277832031, 16.002897262573242, 21.5460262298584, 28.09735679626465, 33.537715911865234, 35.178321838378906, 35.255149841308594, 50.111568450927734, 53.615901947021484, 39.563758850097656, 21.362998962402344, 17.705533981323242, 14.602789878845215, 15.256396293640137, 11.996527671813965, 9.807591438293457, 6.932656288146973, 5.397194862365723, 4.732151031494141, 3.672178030014038, 1.9625675678253174, 0.7735992074012756, 0.29871490597724915, 0.07895419746637344, 0.011231731623411179, 0.000288936571450904, 6.441220466513187e-05], "lowlevel.erbbands.stdev": [0.3275449573993683, 5.548040390014648, 18.787588119506836, 15.648581504821777, 36.44078826904297, 34.4106559753418, 22.697620391845703, 24.516618728637695, 34.612648010253906, 24.8242130279541, 25.795259475708008, 25.637624740600586, 15.78767204284668, 15.624473571777344, 31.846715927124023, 55.643348693847656, 55.03703308105469, 65.98481750488281, 63.081146240234375, 61.87548828125, 85.87891387939453, 77.96513366699219, 60.31874084472656, 26.13392448425293, 24.13650131225586, 15.182500839233398, 16.238149642944336, 12.9509859085083, 10.879579544067383, 7.526414394378662, 6.665205478668213, 8.171638488769531, 7.13639497756958, 3.3902995586395264, 1.1457170248031616, 0.4453285336494446, 0.12517866492271423, 0.016321644186973572, 0.00038290745578706264, 3.770623152377084e-05], "lowlevel.gfcc.mean": [38.08856201171875, 70.66209411621094, -103.89887237548828, 54.89457702636719, -48.778297424316406, 17.055723190307617, -49.43257141113281, 4.904040813446045, -31.5253963470459, -0.8926712870597839, -24.57118034362793, -3.4946718215942383, -19.085054397583008], "lowlevel.melbands.mean": [0.002020584885030985, 0.005599046126008034, 0.0031523308716714382, 0.00180395960342139, 0.0005117345717735589, 0.00026711245300248265, 0.00024447773466818035, 0.00016036845045164227, 0.00010169055167352781, 5.925008736085147e-05, 3.8246249459916726e-05, 3.5946242860518396e-05, 4.722580706584267e-05, 5.864045670023188e-05, 5.378927744459361e-05, 6.860071880510077e-05, 6.0811027651652694e-05, 5.560209319810383e-05, 4.9292353651253507e-05, 4.889060073764995e-05, 6.0579408454941586e-05, 5.523543222807348e-05, 5.015639544581063e-05, 2.4700488211237825e-05, 1.6366902855224907e-05, 1.3027544810029212e-05, 1.2044741197314579e-05, 8.904270544007886e-06, 9.8931686807191e-06, 8.30299632070819e-06, 6.457350991695421e-06, 5.854667506355327e-06, 4.370826445665443e-06, 3.6552200981532224e-06, 3.079701855313033e-06, 2.897242211474804e-06, 2.9581162834801944e-06, 2.7829255486722104e-06, 2.052684294540086e-06, 1.5042575114421197e-06], "lowlevel.melbands.stdev": [0.004379941616207361, 0.00812366884201765, 0.0024972909595817327, 0.0029056083876639605, 0.0008002941613085568, 0.0005224791239015758, 0.0005080297705717385, 0.00026016152696684003, 0.0002026887086685747, 0.0001514581817900762, 8.012540638446808e-05, 6.53716124361381e-05, 9.587568638380617e-05, 0.0001429363910574466, 0.00013309295172803104, 0.00014662010653410107, 0.00012680886720772833, 0.00010473198926774785, 9.714657790027559e-05, 9.698502253741026e-05, 0.00010827150981640443, 8.477809751639143e-05, 8.885552961146459e-05, 3.282007310190238e-05, 2.134577152901329e-05, 1.951745798578486e-05, 1.6295001842081547e-05, 9.139619578490965e-06, 1.124786285799928e-05, 9.331871297035832e-06, 7.176981853262987e-06, 6.9638326749554835e-06, 4.758335762744537e-06, 4.137407358939527e-06, 3.803716253969469e-06, 4.154416728852084e-06, 5.60219586986932e-06, 5.6196076911874115e-06, 3.897891474480275e-06, 2.5672861738712527e-06], "lowlevel.melbands128.mean": [0.00019808992510661483, 0.0006446880288422108, 0.0025577968917787075, 0.005039040930569172, 0.006505634170025587, 0.00577879324555397, 0.0037116240710020065, 0.0020655314438045025, 0.0026686436031013727, 0.002231094054877758, 0.0009790833573788404, 0.0006030001095496118, 0.0004534865147434175, 0.00028398874565027654, 0.0002482547424733639, 0.00027161400066688657, 0.0002590868389233947, 0.00025971137802116573, 0.00019895483274012804, 0.0001704036258161068, 0.00014222392928786576, 0.00011944348807446659, 9.923674224410206e-05, 8.01429123384878e-05, 6.961342296563089e-05, 4.898165207123384e-05, 3.845942410407588e-05, 3.870117143378593e-05, 3.46254491887521e-05, 3.908699727617204e-05, 3.270016532042064e-05, 3.7015339330537245e-05, 4.567878568195738e-05, 5.7210996601497754e-05, 5.8939189329976216e-05, 5.883066842216067e-05, 5.891777982469648e-05, 5.0163271225756034e-05, 5.1560866268118843e-05, 6.262880197027698e-05, 7.670518971281126e-05, 7.39743554731831e-05, 5.6091826991178095e-05, 5.929284088779241e-05, 5.350874562282115e-05, 5.374083048081957e-05, 6.090566603234038e-05, 4.8020578105933964e-05, 4.757789793075062e-05, 4.2644529457902536e-05, 4.630856346921064e-05, 5.753749064751901e-05, 6.377728277584538e-05, 6.0984337324043736e-05, 5.398689609137364e-05, 5.729051918024197e-05, 5.2894836699124426e-05, 5.491753472597338e-05, 5.448086085380055e-05, 3.0951257940614596e-05, 2.2994332539383322e-05, 1.8280512449564412e-05, 1.9260105545981787e-05, 1.5272467862814665e-05, 1.2859728485636879e-05, 1.3043754734098911e-05, 1.3037573808105662e-05, 1.2608315955731086e-05, 1.2026926015096251e-05, 1.1394883586035576e-05, 7.743944479443599e-06, 7.827910849300679e-06, 1.0697641300794203e-05, 1.0355123777117115e-05, 8.929223440645728e-06, 8.955702469393145e-06, 7.686539902351797e-06, 6.994027899054345e-06, 6.2578792494605295e-06, 5.798221536679193e-06, 6.559268967976095e-06, 5.569098902924452e-06, 5.023442099627573e-06, 4.2110591493838e-06, 3.84990380553063e-06, 3.885887963406276e-06, 3.489112259558169e-06, 3.411682882870082e-06, 2.902977939811535e-06, 3.013512923644157e-06, 3.0607507142121904e-06, 2.8734846182487672e-06, 2.5989006644522306e-06, 2.9479854219971457e-06, 3.1830275020183763e-06, 3.131790435872972e-06, 2.6959010028804187e-06, 2.2655908651358914e-06, 2.0625639081117697e-06, 1.951912508957321e-06, 1.8153452856495278e-06, 1.349335093436821e-06, 1.2844927823607577e-06, 1.0492932460692828e-06, 8.3327489619478e-07, 6.533599048452743e-07, 6.191962143020646e-07, 6.46873274945392e-07, 5.072116664450732e-07, 4.206133610296092e-07, 3.654940883279778e-07, 2.787167545648117e-07, 2.265967111725331e-07, 1.9429423048222816e-07, 1.5176274814621138e-07, 1.1697552082523544e-07, 7.740223395558132e-08, 1.294293738851593e-08, 6.54989729120814e-10, 1.1872315630601094e-11, 1.1423558279877177e-11, 1.1323434377652486e-11, 1.085625686569891e-11, 1.0144534517975146e-11, 8.634477681457309e-12, 6.2941474948674525e-12, 5.044669976889127e-12, 4.844629471895123e-12], "lowlevel.melbands128.stdev": [0.00021449121413752437, 0.0016264169244095683, 0.006581668742001057, 0.010915729217231274, 0.011244680732488632, 0.007300564553588629, 0.0037181403022259474, 0.0021356232464313507, 0.00452054850757122, 0.004378763493150473, 0.0017663412727415562, 0.001200260128825903, 0.0009965174831449986, 0.0006428087363019586, 0.0006419774144887924, 0.0007636348600499332, 0.0006371769122779369, 0.0007725766627117991, 0.0005085638258606195, 0.0003473746182862669, 0.00032279451261274517, 0.0003296802460681647, 0.00025692523922771215, 0.00026010911096818745, 0.00025520398048684, 0.00016021193005144596, 9.884534665616229e-05, 0.00011552869545994326, 9.98367540887557e-05, 0.00010170359746553004, 6.762049451936036e-05, 0.00010433135321363807, 0.00011309031106065959, 0.00016501545906066895, 0.00016509831766597927, 0.00021287442359607667, 0.00021963294420856982, 0.0001815002760849893, 0.00014629393990617245, 0.000172266096342355, 0.00021603284403681755, 0.0002071401831926778, 0.00015771941980347037, 0.0001544931292301044, 0.00013906689127907157, 0.0001333608088316396, 0.00015278304636012763, 0.0001327500503975898, 0.0001382346817990765, 9.606228559277952e-05, 0.00011855132470373064, 0.00017243699403479695, 0.00014067278243601322, 0.00012693977623712271, 0.00010842943447642028, 0.00010672109056031331, 9.90894332062453e-05, 0.00012196895113447681, 0.00014134548837319016, 5.7540608395356685e-05, 3.865457256324589e-05, 2.380801015533507e-05, 2.6725856514531188e-05, 2.4248236513813026e-05, 2.2099720808910206e-05, 2.3579485059599392e-05, 2.0697114450740628e-05, 2.1171143089304678e-05, 1.8461589206708595e-05, 1.5048063687572721e-05, 8.639403858978767e-06, 9.51493075262988e-06, 1.4224125152395573e-05, 1.3601040336652659e-05, 1.1050118700950406e-05, 1.139317737397505e-05, 1.000705742626451e-05, 9.155167390417773e-06, 7.617860319442116e-06, 7.140311936382204e-06, 9.553238669468556e-06, 7.0000687628635205e-06, 6.061652129574213e-06, 4.900636213278631e-06, 4.937383437209064e-06, 4.8964757297653705e-06, 4.224763415550115e-06, 4.835848358197836e-06, 3.928485512005864e-06, 4.272760179446777e-06, 4.482083113543922e-06, 4.435079972608946e-06, 4.888840521743987e-06, 6.3658349063189235e-06, 5.981478807370877e-06, 7.04237982063205e-06, 5.7027946240850724e-06, 4.775235993292881e-06, 4.092073140782304e-06, 3.898683189618168e-06, 3.3748683563317172e-06, 2.387214408372529e-06, 2.2735330276191235e-06, 1.7812599253375083e-06, 1.356068423774559e-06, 1.067353423422901e-06, 9.596012660040287e-07, 1.0488350881132646e-06, 8.397374813284841e-07, 7.12378891876142e-07, 6.909506851116021e-07, 4.983530743629672e-07, 4.1422484287068073e-07, 3.808043516073667e-07, 2.6925388851850585e-07, 2.0204893758091202e-07, 1.320758400424893e-07, 5.189921026271804e-08, 8.484304814260213e-09, 1.332646354379463e-10, 1.2865529475103443e-10, 1.2515784242328465e-10, 1.2032577711984516e-10, 1.1049258036299747e-10, 7.889362774182729e-11, 3.005996146443479e-11, 7.808270523212979e-12, 6.841999623113937e-12], "lowlevel.mfcc.mean": [-604.322509765625, 94.9914321899414, 9.126476287841797, 37.03281784057617, 20.83038902282715, 12.3421049118042, 0.07889731973409653, 1.696372151374817, -1.4928243160247803, -5.038250923156738, -3.973708391189575, 1.4455037117004395, -5.039186954498291], "lowlevel.spectral_contrast_coeffs.mean": [-0.6410977840423584, -0.7732266783714294, -0.8182226419448853, -0.798956573009491, -0.7991796135902405, -0.7546456456184387], "lowlevel.spectral_contrast_coeffs.stdev": [0.07659795880317688, 0.07104291766881943, 0.05052025243639946, 0.05766934156417847, 0.03988788276910782, 0.03466339409351349], "lowlevel.spectral_contrast_valleys.mean": [-6.339009761810303, -6.767899513244629, -7.273711681365967, -7.118689060211182, -6.901882171630859, -9.536773681640625], "lowlevel.spectral_contrast_valleys.stdev": [0.8186779022216797, 0.7873082160949707, 0.7813504338264465, 0.7883156538009644, 0.7710996270179749, 0.8032383322715759], "rhythm.beats_loudness_band_ratio.mean": [0.6655335426330566, 0.188370019197464, 0.05447596684098244, 0.05135604366660118, 0.09079209715127945, 0.050909098237752914], "rhythm.beats_loudness_band_ratio.stdev": [0.21981516480445862, 0.17358464002609253, 0.06541410088539124, 0.07760829478502274, 0.09476391226053238, 0.048264872282743454], "tonal.hpcp.mean": [0.21678777039051056, 0.1330863982439041, 0.057006921619176865, 0.04576878249645233, 0.0520404577255249, 0.08387482166290283, 0.13183923065662384, 0.10931150615215302, 0.10932270437479019, 0.1836625039577484, 0.1402255743741989, 0.06509534269571304, 0.08533525466918945, 0.09958473592996597, 0.13255974650382996, 0.22053222358226776, 0.1797536015510559, 0.07021733373403549, 0.04510236531496048, 0.0449647419154644, 0.07642174512147903, 0.11331067234277725, 0.08479204773902893, 0.04822668060660362, 0.04923487454652786, 0.0514705516397953, 0.06676071137189865, 0.08782090246677399, 0.08486274629831314, 0.12319958209991455, 0.2246401607990265, 0.21100583672523499, 0.1261039674282074, 0.0951327234506607, 0.09530183672904968, 0.17182622849941254], "tonal.hpcp.stdev": [0.34848031401634216, 0.23194487392902374, 0.14446108043193817, 0.12597382068634033, 0.1526649445295334, 0.190817728638649, 0.2720823884010315, 0.22503118216991425, 0.20843064785003662, 0.33208101987838745, 0.2622162699699402, 0.15409789979457855, 0.197493314743042, 0.21233847737312317, 0.23575662076473236, 0.34005624055862427, 0.2897806167602539, 0.15467940270900726, 0.12031684070825577, 0.11872521042823792, 0.16033799946308136, 0.21111996471881866, 0.15744775533676147, 0.09788760542869568, 0.12550415098667145, 0.1256784200668335, 0.15725018084049225, 0.2016330361366272, 0.19510674476623535, 0.20854485034942627, 0.3176969885826111, 0.3016212582588196, 0.2426457554101944, 0.22258292138576508, 0.21016336977481842, 0.2856249213218689], "rhythm.beats_position": [0.4876190423965454, 0.9868480563163757, 1.486077070236206, 1.9969160556793213, 2.519365072250366, 3.041814088821411, 3.529433012008667, 4.017052173614502, 4.493061065673828, 4.9690704345703125, 5.456689357757568, 5.944308280944824, 6.43192720413208, 6.9079365730285645, 7.383945465087891, 7.8715643882751465, 8.359183311462402, 8.846802711486816, 9.3228120803833, 9.798820495605469, 10.286439895629883, 10.78566837310791, 11.284897804260254, 11.772517204284668, 12.260135650634766, 12.74775505065918, 13.235373497009277, 13.711382865905762, 14.187392234802246, 14.675010681152344, 15.139410018920898, 15.615419387817383, 16.091428756713867, 16.57904815673828, 17.066665649414062, 17.554285049438477, 18.04190444946289, 18.517913818359375, 18.99392318725586, 19.469932556152344, 19.945940017700195, 20.43355941772461, 20.921178817749023, 21.408798217773438, 21.884807586669922, 22.360815048217773, 22.848434448242188, 23.3360538482666, 23.823673248291016, 24.31129264831543, 24.798912048339844, 25.286529541015625, 25.77414894104004, 26.261768341064453, 26.737777709960938, 27.22539710998535, 27.713014602661133, 28.189023971557617, 28.67664337158203, 29.152652740478516, 29.628662109375, 30.104671478271484, 30.580678939819336, 31.06829833984375, 31.544307708740234, 32.02031707763672, 32.4963264465332, 32.97233581542969, 33.45995330810547, 33.93596267700195, 34.41197204589844, 34.89958953857422, 35.387210845947266, 35.87482833862305, 36.362449645996094], "rhythm.bpm_histogram": [0.0, 0.0, 0.0, 0.0, 0.0, 0.0, 0.0, 0.0, 0.0, 0.0, 0.0, 0.0, 0.0, 0.0, 0.0, 0.0, 0.0, 0.0, 0.0, 0.0, 0.0, 0.0, 0.0, 0.0, 0.0, 0.0, 0.0, 0.0, 0.0, 0.0, 0.0, 0.0, 0.0, 0.0, 0.0, 0.0, 0.0, 0.0, 0.0, 0.0, 0.0, 0.0, 0.0, 0.0, 0.0, 0.0, 0.0, 0.0, 0.0, 0.0, 0.0, 0.0, 0.0, 0.0, 0.0, 0.0, 0.0, 0.0, 0.0, 0.0, 0.0, 0.0, 0.0, 0.0, 0.0, 0.0, 0.0, 0.0, 0.0, 0.0, 0.0, 0.0, 0.0, 0.0, 0.0, 0.0, 0.0, 0.0, 0.0, 0.0, 0.0, 0.0, 0.0, 0.0, 0.0, 0.0, 0.0, 0.0, 0.0, 0.0, 0.0, 0.0, 0.0, 0.0, 0.0, 0.0, 0.0, 0.0, 0.0, 0.0, 0.0, 0.0, 0.0, 0.0, 0.0, 0.0, 0.0, 0.0, 0.0, 0.0, 0.0, 0.0, 0.0, 0.0, 0.0, 0.027027027681469917, 0.0, 0.013513513840734959, 0.0, 0.0, 0.054054055362939835, 0.0, 0.0, 0.5135135054588318, 0.0, 0.0, 0.37837839126586914, 0.0, 0.0, 0.013513513840734959, 0.0, 0.0, 0.0, 0.0, 0.0, 0.0, 0.0, 0.0, 0.0, 0.0, 0.0, 0.0, 0.0, 0.0, 0.0, 0.0, 0.0, 0.0, 0.0, 0.0, 0.0, 0.0, 0.0, 0.0, 0.0, 0.0, 0.0, 0.0, 0.0, 0.0, 0.0, 0.0, 0.0, 0.0, 0.0, 0.0, 0.0, 0.0, 0.0, 0.0, 0.0, 0.0, 0.0, 0.0, 0.0, 0.0, 0.0, 0.0, 0.0, 0.0, 0.0, 0.0, 0.0, 0.0, 0.0, 0.0, 0.0, 0.0, 0.0, 0.0, 0.0, 0.0, 0.0, 0.0, 0.0, 0.0, 0.0, 0.0, 0.0, 0.0, 0.0, 0.0, 0.0, 0.0, 0.0, 0.0, 0.0, 0.0, 0.0, 0.0, 0.0, 0.0, 0.0, 0.0, 0.0, 0.0, 0.0, 0.0, 0.0, 0.0, 0.0, 0.0, 0.0, 0.0, 0.0, 0.0, 0.0, 0.0, 0.0, 0.0, 0.0, 0.0, 0.0, 0.0, 0.0, 0.0, 0.0, 0.0, 0.0, 0.0, 0.0, 0.0, 0.0, 0.0, 0.0, 0.0, 0.0, 0.0, 0.0, 0.0], "tonal.chords_histogram": [28.29949188232422, 10.27918815612793, 3.17258882522583, 3.045685291290283, 9.010151863098145, 0.0, 0.3807106614112854, 0.0, 0.12690354883670807, 0.0, 0.0, 0.6345177888870239, 2.5380711555480957, 6.598984718322754, 0.0, 3.299492359161377, 0.0, 2.284263849258423, 0.0, 2.284263849258423, 2.284263849258423, 20.685279846191406, 3.6802029609680176, 1.3959391117095947], "tonal.thpcp": [1.0, 0.9393059611320496, 0.5613598227500916, 0.42348939180374146, 0.42424219846725464, 0.7648954391479492, 0.9650445580482483, 0.5924425721168518, 0.2537699341773987, 0.20374265313148499, 0.23166140913963318, 0.3733741044998169, 0.5868907570838928, 0.4866071343421936, 0.4866569936275482, 0.8175853490829468, 0.6242231130599976, 0.2897760570049286, 0.3798753321170807, 0.4433077871799469, 0.5900981426239014, 0.9817132353782654, 0.8001846075057983, 0.31257694959640503, 0.20077605545520782, 0.20016340911388397, 0.34019628167152405, 0.504409670829773, 0.3774572014808655, 0.2146841436624527, 0.2191721796989441, 0.22912444174289703, 0.2971895635128021, 0.3909403383731842, 0.37777191400527954, 0.5484308004379272], "lowlevel.gfcc.cov": [[3407.82763671875, -33.01351547241211, -176.71304321289062, 92.21312713623047, -82.27410125732422, 10.958670616149902, -143.27935791015625, -33.91624069213867, -62.50529479980469, -15.63217830657959, -59.71085739135742, 2.578331232070923, -65.02210235595703], [-33.01351547241211, 576.1213989257812, -165.33018493652344, -155.23464965820312, 82.32877349853516, -17.92854118347168, 80.583740234375, 8.455378532409668, 100.68568420410156, 1.802761435508728, 48.4505615234375, -8.442305564880371, 41.16012954711914], [-176.71304321289062, -165.33018493652344, 433.0614929199219, 180.1680145263672, 8.751399040222168, 70.96586608886719, 79.74874877929688, 26.601530075073242, -27.568370819091797, 28.342153549194336, 41.63568878173828, 51.305572509765625, 13.290140151977539], [92.21312713623047, -155.23464965820312, 180.1680145263672, 383.53924560546875, 77.54776000976562, 9.904641151428223, 31.185239791870117, 62.78693771362305, 25.277416229248047, 1.2001293897628784, 31.712379455566406, 25.908475875854492, 41.218040466308594], [-82.27410125732422, 82.32877349853516, 8.751399040222168, 77.54776000976562, 235.1928253173828, 60.32514572143555, 51.44496536254883, 64.49370574951172, 89.08818817138672, 35.58650207519531, 23.55066680908203, 17.054931640625, 33.255191802978516], [10.958670616149902, -17.92854118347168, 70.96586608886719, 9.904641151428223, 60.32514572143555, 184.777587890625, 110.7576904296875, 23.666669845581055, 4.680998802185059, 28.282920837402344, 32.10308837890625, -7.120720863342285, -3.8912973403930664], [-143.27935791015625, 80.583740234375, 79.74874877929688, 31.185239791870117, 51.44496536254883, 110.7576904296875, 228.7052459716797, 47.619606018066406, 3.8652243614196777, 28.224742889404297, 51.9554328918457, 10.24506664276123, -4.93757963180542], [-33.91624069213867, 8.455378532409668, 26.601530075073242, 62.78693771362305, 64.49370574951172, 23.666669845581055, 47.619606018066406, 131.74594116210938, 79.94530487060547, 14.193578720092773, 25.807571411132812, 22.649015426635742, 19.05571746826172], [-62.50529479980469, 100.68568420410156, -27.568370819091797, 25.277416229248047, 89.08818817138672, 4.680998802185059, 3.8652243614196777, 79.94530487060547, 152.29600524902344, 44.27326965332031, 24.138856887817383, 4.075535297393799, 29.999990463256836], [-15.63217830657959, 1.802761435508728, 28.342153549194336, 1.2001293897628784, 35.58650207519531, 28.282920837402344, 28.224742889404297, 14.193578720092773, 44.27326965332031, 84.89964294433594, 35.881343841552734, 5.799736976623535, -3.1458213329315186], [-59.71085739135742, 48.4505615234375, 41.63568878173828, 31.712379455566406, 23.55066680908203, 32.10308837890625, 51.9554328918457, 25.807571411132812, 24.138856887817383, 35.881343841552734, 81.46379089355469, 33.40556716918945, 11.634638786315918], [2.578331232070923, -8.442305564880371, 51.305572509765625, 25.908475875854492, 17.054931640625, -7.120720863342285, 10.24506664276123, 22.649015426635742, 4.075535297393799, 5.799736976623535, 33.40556716918945, 72.11588287353516, 31.956069946289062], [-65.02210235595703, 41.16012954711914, 13.290140151977539, 41.218040466308594, 33.255191802978516, -3.8912973403930664, -4.93757963180542, 19.05571746826172, 29.999990463256836, -3.1458213329315186, 11.634638786315918, 31.956069946289062, 68.22632598876953]], "lowlevel.gfcc.icov": [[0.00040398561395704746, -0.0004566269344650209, 0.00035797126474790275, -0.000667525571770966, 0.0004187280428595841, -0.0007609790773130953, 0.0006176246679387987, -0.0002094893279718235, 0.0003616103495005518, -0.0006049990770407021, 0.0009857791010290384, -0.0011691750260069966, 0.0010423603234812617], [-0.0004566269344650209, 0.004903504624962807, 2.7837442758027464e-05, 0.003161259228363633, -0.0020620892755687237, 0.0033505428582429886, -0.003587492508813739, 0.002488327445462346, -0.0036045261658728123, 0.004077068064361811, -0.005630319472402334, 0.004416224546730518, -0.004402476828545332], [0.00035797126474790275, 2.7837442758027464e-05, 0.004144365433603525, -0.002247565658763051, 0.0011359115596860647, -0.0018478777492418885, -0.00023049332958180457, 0.00010799385199788958, 0.000732708431314677, -0.0017710193060338497, 0.0014237082796171308, -0.0037221277598291636, 0.0012657491024583578], [-0.000667525571770966, 0.003161259228363633, -0.002247565658763051, 0.006570878904312849, -0.0029922255780547857, 0.0038156837690621614, -0.0022982419468462467, -0.00011994115629931912, -0.001337038935162127, 0.003791144583374262, -0.005869129206985235, 0.006053283344954252, -0.005603610537946224], [0.0004187280428595841, -0.0020620892755687237, 0.0011359115596860647, -0.0029922255780547857, 0.007954499684274197, -0.0039644790813326836, 0.000924784573726356, -0.00098611565772444, -0.001824191422201693, -0.0030077912379056215, 0.0046148537658154964, -0.004525578580796719, 0.0014647271018475294], [-0.0007609790773130953, 0.0033505428582429886, -0.0018478777492418885, 0.0038156837690621614, -0.0039644790813326836, 0.01204350683838129, -0.0058718472719192505, 0.0008023629197850823, -0.0006252651801332831, 0.002202099421992898, -0.0066472794860601425, 0.008261023089289665, -0.005080874543637037], [0.0006176246679387987, -0.003587492508813739, -0.00023049332958180457, -0.0022982419468462467, 0.000924784573726356, -0.0058718472719192505, 0.010283875279128551, -0.0044555990025401115, 0.0047382148914039135, -0.0033969515934586525, 0.001086873235180974, -0.0026801959611475468, 0.0042192344553768635], [-0.0002094893279718235, 0.002488327445462346, 0.00010799385199788958, -0.00011994115629931912, -0.00098611565772444, 0.0008023629197850823, -0.0044555990025401115, 0.016205094754695892, -0.010941342450678349, 0.0056026107631623745, -0.002015355508774519, -0.0031928636599332094, 0.000936992815695703], [0.0003616103495005518, -0.0036045261658728123, 0.000732708431314677, -0.001337038935162127, -0.001824191422201693, -0.0006252651801332831, 0.0047382148914039135, -0.010941342450678349, 0.019356412813067436, -0.00997321866452694, 0.0016471910057589412, 0.003036944195628166, -0.003237907076254487], [-0.0006049990770407021, 0.004077068064361811, -0.0017710193060338497, 0.003791144583374262, -0.0030077912379056215, 0.002202099421992898, -0.0033969515934586525, 0.0056026107631623745, -0.00997321866452694, 0.02278384566307068, -0.011867033317685127, 0.0041339886374771595, 0.00032267297501675785], [0.0009857791010290384, -0.005630319472402334, 0.0014237082796171308, -0.005869129206985235, 0.0046148537658154964, -0.0066472794860601425, 0.001086873235180974, -0.002015355508774519, 0.0016471910057589412, -0.011867033317685127, 0.02982204407453537, -0.017027124762535095, 0.007235843688249588], [-0.0011691750260069966, 0.004416224546730518, -0.0037221277598291636, 0.006053283344954252, -0.004525578580796719, 0.008261023089289665, -0.0026801959611475468, -0.0031928636599332094, 0.003036944195628166, 0.0041339886374771595, -0.017027124762535095, 0.03312525898218155, -0.017092082649469376], [0.0010423603234812617, -0.004402476828545332, 0.0012657491024583578, -0.005603610537946224, 0.0014647271018475294, -0.005080874543637037, 0.0042192344553768635, 0.000936992815695703, -0.003237907076254487, 0.00032267297501675785, 0.007235843688249588, -0.017092082649469376, 0.02869551070034504]], "lowlevel.mfcc.cov": [[2341.494384765625, -61.64344787597656, -136.0476837158203, -6.350916862487793, -3.158316135406494, -9.56137752532959, -98.50674438476562, -46.91409683227539, -38.36338424682617, -38.10175323486328, -1.4318821430206299, -19.368877410888672, -40.4491081237793], [-61.64344787597656, 634.1000366210938, -213.82794189453125, -151.20896911621094, -42.73711013793945, -2.7815983295440674, -22.511255264282227, 3.8621246814727783, 35.81889724731445, 13.408019065856934, 22.225223541259766, 55.08427047729492, 14.324962615966797], [-136.0476837158203, -213.82794189453125, 398.5812072753906, 102.34367370605469, -21.747451782226562, 44.104896545410156, 83.38851165771484, 28.529529571533203, -32.213565826416016, 2.156033992767334, -12.25181770324707, -11.710134506225586, 27.093427658081055], [-6.350916862487793, -151.20896911621094, 102.34367370605469, 317.2012939453125, 87.45377349853516, -5.703470706939697, 13.956384658813477, 44.46919631958008, 29.85628318786621, 8.142430305480957, -3.611567974090576, 4.946836471557617, 40.36658477783203], [-3.158316135406494, -42.73711013793945, -21.747451782226562, 87.45377349853516, 213.20480346679688, 7.1891069412231445, -45.53596496582031, 19.717304229736328, 59.53628158569336, 22.975170135498047, 5.17310094833374, 25.15616798400879, 22.212425231933594], [-9.56137752532959, -2.7815983295440674, 44.104896545410156, -5.703470706939697, 7.1891069412231445, 149.94729614257812, 97.95516967773438, 9.23725414276123, 5.567409992218018, 35.534751892089844, 28.369335174560547, 0.6540446877479553, -5.589645862579346], [-98.50674438476562, -22.511255264282227, 83.38851165771484, 13.956384658813477, -45.53596496582031, 97.95516967773438, 186.86546325683594, 66.24828338623047, -4.282820224761963, 19.23663902282715, 39.382225036621094, 9.973562240600586, 1.4180171489715576], [-46.91409683227539, 3.8621246814727783, 28.529529571533203, 44.46919631958008, 19.717304229736328, 9.23725414276123, 66.24828338623047, 114.46760559082031, 50.69189453125, 9.802821159362793, 17.92766571044922, 31.343448638916016, 22.86410903930664], [-38.36338424682617, 35.81889724731445, -32.213565826416016, 29.85628318786621, 59.53628158569336, 5.567409992218018, -4.282820224761963, 50.69189453125, 99.91638946533203, 43.60860824584961, 15.85069751739502, 22.72969627380371, 19.242860794067383], [-38.10175323486328, 13.408019065856934, 2.156033992767334, 8.142430305480957, 22.975170135498047, 35.534751892089844, 19.23663902282715, 9.802821159362793, 43.60860824584961, 94.67062377929688, 43.544681549072266, 11.674918174743652, 8.124228477478027], [-1.4318821430206299, 22.225223541259766, -12.25181770324707, -3.611567974090576, 5.17310094833374, 28.369335174560547, 39.382225036621094, 17.92766571044922, 15.85069751739502, 43.544681549072266, 79.18180084228516, 39.673545837402344, 5.325911045074463], [-19.368877410888672, 55.08427047729492, -11.710134506225586, 4.946836471557617, 25.15616798400879, 0.6540446877479553, 9.973562240600586, 31.343448638916016, 22.72969627380371, 11.674918174743652, 39.673545837402344, 87.70418548583984, 39.85403060913086], [-40.4491081237793, 14.324962615966797, 27.093427658081055, 40.36658477783203, 22.212425231933594, -5.589645862579346, 1.4180171489715576, 22.86410903930664, 19.242860794067383, 8.124228477478027, 5.325911045074463, 39.85403060913086, 74.11236572265625]], "lowlevel.mfcc.icov": [[0.0004659953119698912, 0.00010397169535281137, 0.00019449203682597727, -8.161426376318559e-05, 0.00012773959315381944, -0.0003614645393099636, 0.0005209252121858299, -0.0002415222261333838, 0.00024432173813693225, 0.00018950313096866012, -0.00025513008586131036, 3.2077456125989556e-05, 0.00012345780851319432], [0.00010397169535281137, 0.0023437838535755873, 0.0011380630312487483, 0.0007009058026596904, 0.0007702902657911181, -0.00050829240353778, 0.0002674640854820609, -0.00017352489521726966, -0.0005729158292524517, -0.00015746355347801, 0.000486485892906785, -0.0013094538589939475, -0.0005796519690193236], [0.00019449203682597727, 0.0011380630312487483, 0.004012860357761383, -0.0007106504053808749, 0.0006328687886707485, -0.0008136816322803497, -0.0007427522796206176, -0.0009046924533322453, 0.0018532624235376716, -0.00113043247256428, 0.0015555591089650989, -0.0002126974140992388, -0.00150615768507123], [-8.161426376318559e-05, 0.0007009058026596904, -0.0007106504053808749, 0.004629580304026604, -0.0017255021957680583, 0.0008596820989623666, -0.0005889726453460753, -0.0007998946239240468, -0.0004131850437261164, 0.00013479926565196365, -0.00027354341000318527, 0.001213386538438499, -0.002142110140994191], [0.00012773959315381944, 0.0007702902657911181, 0.0006328687886707485, -0.0017255021957680583, 0.007598093245178461, -0.002884414279833436, 0.0036660952027887106, -0.000889504561200738, -0.0029524383135139942, 0.00017231011588592082, 0.0001667934120632708, -0.0019100152421742678, 0.00010159955854760483], [-0.0003614645393099636, -0.00050829240353778, -0.0008136816322803497, 0.0008596820989623666, -0.002884414279833436, 0.013621115125715733, -0.009639299474656582, 0.005449681542813778, -0.0017996171955019236, -0.002693611430004239, 0.0006340335821732879, 0.00014832995657343417, 0.0007623817073181272], [0.0005209252121858299, 0.0002674640854820609, -0.0007427522796206176, -0.0005889726453460753, 0.0036660952027887106, -0.009639299474656582, 0.016858184710144997, -0.010862401686608791, 0.004738191608339548, 0.000604150933213532, -0.005118589848279953, 0.0018182451603934169, 0.00012131598487030715], [-0.0002415222261333838, -0.00017352489521726966, -0.0009046924533322453, -0.0007998946239240468, -0.000889504561200738, 0.005449681542813778, -0.010862401686608791, 0.02108927071094513, -0.011902257800102234, 0.003827387234196067, 0.0007699952693656087, -0.003729630494490266, -0.00033151073148474097], [0.00024432173813693225, -0.0005729158292524517, 0.0018532624235376716, -0.0004131850437261164, -0.0029524383135139942, -0.0017996171955019236, 0.004738191608339548, -0.011902257800102234, 0.02330208569765091, -0.009996750392019749, 0.0026134871877729893, -0.0002214981068391353, -0.0009010641369968653], [0.00018950313096866012, -0.00015746355347801, -0.00113043247256428, 0.00013479926565196365, 0.00017231011588592082, -0.002693611430004239, 0.000604150933213532, 0.003827387234196067, -0.009996750392019749, 0.020917078480124474, -0.012139996513724327, 0.0049265651032328606, -0.002447627019137144], [-0.00025513008586131036, 0.000486485892906785, 0.0015555591089650989, -0.00027354341000318527, 0.0001667934120632708, 0.0006340335821732879, -0.005118589848279953, 0.0007699952693656087, 0.0026134871877729893, -0.012139996513724327, 0.027577728033065796, -0.013836451806128025, 0.005316238850355148], [3.2077456125989556e-05, -0.0013094538589939475, -0.0002126974140992388, 0.001213386538438499, -0.0019100152421742678, 0.00014832995657343417, 0.0018182451603934169, -0.003729630494490266, -0.0002214981068391353, 0.0049265651032328606, -0.013836451806128025, 0.024621961638331413, -0.01134177204221487], [0.00012345780851319432, -0.0005796519690193236, -0.00150615768507123, -0.002142110140994191, 0.00010159955854760483, 0.0007623817073181272, 0.00012131598487030715, -0.00033151073148474097, -0.0009010641369968653, -0.002447627019137144, 0.005316238850355148, -0.01134177204221487, 0.02173607423901558]], "metadata.audio_properties.analysis.downmix": "mix", "metadata.audio_properties.codec": "mp3", "metadata.audio_properties.md5_encoded": "1c2fa6b0afdd5c0160db675a440f9a51", "metadata.tags.file_name": "1182282016985714728.mp3", "metadata.version.essentia": "2.1-beta6-dev", "metadata.version.essentia_git_sha": "v2.1_bet