{"song_id": "1182280494847627384", "download": "https://cdn.discordapp.com/attachments/1128313332273782784/1182280494847627384/chirp.mp4?ex=65841f83&amp", "lyrics": "\u0418\u0440\u0438\u043d\u0430 \u042e\u0440\u044c\u0435\u0432\u043d\u0430, \u0442\u0435\u0449\u0430 \u0434\u043e\u0440\u043e\u0433\u0430\u044f!\n\u0421 \u0414\u043d\u0451\u043c \u0420\u043e\u0436\u0434\u0435\u043d\u0438\u044f! \u0412\u0430\u0441 \u044f \u043f\u043e\u0437\u0434\u0440\u0430\u0432\u043b\u044f\u044e!\n\u041f\u0443\u0441\u0442\u044c \u0431\u043b\u0435\u0441\u0442\u044f\u0442 \u043e\u0442 \u0440\u0430\u0434\u043e\u0441\u0442\u0438 \u0433\u043b\u0430\u0437\u0430,\n\u041b\u0443\u0447\u0448\u0435\u0439 \u0442\u0435\u0449\u0438 \u0432 \u043c\u0438\u0440\u0435 \u043d\u0435 \u043d\u0430\u0439\u0442\u0438!\n\n\u0412\u0430\u043c \u0436\u0435\u043b\u0430\u044e \u043a\u0440\u0435\u043f\u043a\u043e\u0433\u043e \u0437\u0434\u043e\u0440\u043e\u0432\u044c\u044f,\n\u0414\u043e\u043b\u0433\u0438\u0445 \u043b\u0435\u0442, \u043d\u0435\u0443\u0442\u043e\u043c\u0438\u043c\u044b\u0445 \u0441\u0438\u043b.\n\u0427\u0442\u043e\u0431\u044b \u0436\u0438\u0437\u043d\u044c \u0431\u044b\u043b\u0430 \u0412\u0430\u0448\u0430 \u0441\u043f\u043e\u043a\u043e\u0439\u043d\u0430,\n\u0422\u043e\u043b\u044c\u043a\u043e \u043f\u0440\u0430\u0437\u0434\u043d\u0438\u043a \u0432 \u0434\u043e\u043c \u0412\u0430\u0448 \u0437\u0430\u0445\u043e\u0434\u0438\u043b.\n\n\u041d\u0430 \u0433\u043e\u0434\u0430 \u0412\u044b, \u0442\u0435\u0449\u0430, \u043d\u0435 \u0440\u043e\u043f\u0449\u0438\u0442\u0435,\n\u041d\u0435 \u0441\u0434\u0430\u0432\u0430\u0439\u0442\u0435\u0441\u044c \u0432 \u0438\u0445 \u0436\u0435\u0441\u0442\u043e\u043a\u0438\u0439 \u043f\u043b\u0435\u043d,\n\u0412 \u043a\u0430\u0436\u0434\u043e\u043c \u0434\u043d\u0435 \u043f\u0440\u0435\u043a\u0440\u0430\u0441\u043d\u043e\u0435 \u0438\u0449\u0438\u0442\u0435,\n\u041f\u0443\u0441\u0442\u044c \u043d\u0435 \u0431\u0443\u0434\u0435\u0442 \u0433\u043e\u0440\u044f \u0438 \u043f\u0440\u043e\u0431\u043b\u0435\u043c!\n\n\u041a\u0430\u0440\u0438\u043d\u0430 \u0438 \u0410\u0440\u0441\u0435\u043d\u0438\u0439 \u0412\u0430\u0441 \u0442\u043e\u0436\u0435 \u043f\u043e\u0437\u0434\u0440\u0430\u0432\u043b\u044f\u044e\u0442,\n\u0421\u0447\u0430\u0441\u0442\u044c\u044f, \u0440\u0430\u0434\u043e\u0441\u0442\u0438 \u0432 \u0436\u0438\u0437\u043d\u0438 \u0412\u0430\u043c \u0436\u0435\u043b\u0430\u044e\u0442.", "style": ["lyric</span><span>, dance</span><span>, russian</span><span>, \u0418\u0440\u0438\u043d\u0430 \u0410\u043b\u0435\u0433\u0440\u043e\u0432\u0430"], "essentia_features": {"lowlevel.average_loudness": 0.7334964275360107, "lowlevel.barkbands_crest.mean": 13.409786224365234, "lowlevel.barkbands_crest.stdev": 4.521104335784912, "lowlevel.barkbands_flatness_db.mean": 0.38264986872673035, "lowlevel.barkbands_flatness_db.stdev": 0.11167577654123306, "lowlevel.barkbands_kurtosis.mean": 7.390370845794678, "lowlevel.barkbands_kurtosis.stdev": 12.604969024658203, "lowlevel.barkbands_skewness.mean": 1.3194652795791626, "lowlevel.barkbands_skewness.stdev": 1.509743332862854, "lowlevel.barkbands_spread.mean": 5.319479465484619, "lowlevel.barkbands_spread.stdev": 8.575088500976562, "lowlevel.dissonance.mean": 0.3367517292499542, "lowlevel.dissonance.stdev": 0.0994880422949791, "lowlevel.dynamic_complexity": 5.071530342102051, "lowlevel.erbbands_crest.mean": 16.22607421875, "lowlevel.erbbands_crest.stdev": 5.188888072967529, "lowlevel.erbbands_flatness_db.mean": 0.3887689709663391, "lowlevel.erbbands_flatness_db.stdev": 0.10844844579696655, "lowlevel.erbbands_kurtosis.mean": 4.019674777984619, "lowlevel.erbbands_kurtosis.stdev": 5.896623611450195, "lowlevel.erbbands_skewness.mean": 0.9806492924690247, "lowlevel.erbbands_skewness.stdev": 1.1301000118255615, "lowlevel.erbbands_spread.mean": 12.353593826293945, "lowlevel.erbbands_spread.stdev": 16.377918243408203, "lowlevel.hfc.mean": 8.2283353805542, "lowlevel.hfc.stdev": 11.885099411010742, "lowlevel.loudness_ebu128.integrated": -18.57474136352539, "lowlevel.loudness_ebu128.loudness_range": 11.231828689575195, "lowlevel.loudness_ebu128.momentary.mean": -21.493799209594727, "lowlevel.loudness_ebu128.momentary.stdev": 5.201374053955078, "lowlevel.loudness_ebu128.short_term.mean": -20.50163459777832, "lowlevel.loudness_ebu128.short_term.stdev": 4.164041519165039, "lowlevel.melbands_crest.mean": 16.947689056396484, "lowlevel.melbands_crest.stdev": 5.079128265380859, "lowlevel.melbands_flatness_db.mean": 0.47925859689712524, "lowlevel.melbands_flatness_db.stdev": 0.14675267040729523, "lowlevel.melbands_kurtosis.mean": 9.517354965209961, "lowlevel.melbands_kurtosis.stdev": 18.240501403808594, "lowlevel.melbands_skewness.mean": 1.4792555570602417, "lowlevel.melbands_skewness.stdev": 1.650720238685608, "lowlevel.melbands_spread.mean": 6.801220417022705, "lowlevel.melbands_spread.stdev": 10.315163612365723, "lowlevel.pitch_salience.mean": 0.5257441997528076, "lowlevel.pitch_salience.stdev": 0.11491049081087112, "lowlevel.silence_rate_20dB.mean": 1.0, "lowlevel.silence_rate_20dB.stdev": 0.0, "lowlevel.silence_rate_30dB.mean": 0.9994206428527832, "lowlevel.silence_rate_30dB.stdev": 0.024063359946012497, "lowlevel.silence_rate_60dB.mean": 0.2838934063911438, "lowlevel.silence_rate_60dB.stdev": 0.45088669657707214, "lowlevel.spectral_centroid.mean": 520.9983520507812, "lowlevel.spectral_centroid.stdev": 336.2236022949219, "lowlevel.spectral_complexity.mean": 7.6054463386535645, "lowlevel.spectral_complexity.stdev": 4.2929229736328125, "lowlevel.spectral_decrease.mean": -3.884071286819335e-09, "lowlevel.spectral_decrease.stdev": 4.736876224598063e-09, "lowlevel.spectral_energy.mean": 0.01540572103112936, "lowlevel.spectral_energy.stdev": 0.01885204017162323, "lowlevel.spectral_energyband_high.mean": 7.427840318996459e-05, "lowlevel.spectral_energyband_high.stdev": 0.00032080415985547006, "lowlevel.spectral_energyband_low.mean": 0.0010653948411345482, "lowlevel.spectral_energyband_low.stdev": 0.0022626076824963093, "lowlevel.spectral_energyband_middle_high.mean": 0.001788279158063233, "lowlevel.spectral_energyband_middle_high.stdev": 0.006115128751844168, "lowlevel.spectral_energyband_middle_low.mean": 0.01284111849963665, "lowlevel.spectral_energyband_middle_low.stdev": 0.015865828841924667, "lowlevel.spectral_entropy.mean": 5.575940132141113, "lowlevel.spectral_entropy.stdev": 0.9012592434883118, "lowlevel.spectral_flux.mean": 0.03991701081395149, "lowlevel.spectral_flux.stdev": 0.04682347923517227, "lowlevel.spectral_kurtosis.mean": 161.94720458984375, "lowlevel.spectral_kurtosis.stdev": 146.10186767578125, "lowlevel.spectral_rms.mean": 0.003290575696155429, "lowlevel.spectral_rms.stdev": 0.002049896400421858, "lowlevel.spectral_rolloff.mean": 679.5181884765625, "lowlevel.spectral_rolloff.stdev": 846.126708984375, "lowlevel.spectral_skewness.mean": 8.666975021362305, "lowlevel.spectral_skewness.stdev": 5.296346187591553, "lowlevel.spectral_spread.mean": 1840541.25, "lowlevel.spectral_spread.stdev": 2286261.0, "lowlevel.spectral_strongpeak.mean": 1.0788134336471558, "lowlevel.spectral_strongpeak.stdev": 1.0060523748397827, "lowlevel.zerocrossingrate.mean": 0.02663792110979557, "lowlevel.zerocrossingrate.stdev": 0.023036763072013855, "metadata.audio_properties.analysis.equal_loudness": 0.0, "metadata.audio_properties.analysis.length": 40.04265213012695, "metadata.audio_properties.analysis.sample_rate": 44100.0, "metadata.audio_properties.analysis.start_time": 0.0, "metadata.audio_properties.bit_rate": 99406.0, "metadata.audio_properties.length": 40.042667388916016, "metadata.audio_properties.lossless": 0.0, "metadata.audio_properties.number_channels": 1.0, "metadata.audio_properties.replay_gain": -10.637689590454102, "metadata.audio_properties.sample_rate": 48000.0, "rhythm.beats_count": 67.0, "rhythm.beats_loudness.mean": 0.02263348177075386, "rhythm.beats_loudness.stdev": 0.019565684720873833, "rhythm.bpm": 71.6138916015625, "rhythm.bpm_histogram_first_peak_bpm": 71.0, "rhythm.bpm_histogram_first_peak_weight": 0.1818181872367859, "rhythm.bpm_histogram_second_peak_bpm": 112.0, "rhythm.bpm_histogram_second_peak_spread": 0.5, "rhythm.bpm_histogram_second_peak_weight": 0.09090909361839294, "rhythm.danceability": 0.9861555695533752, "rhythm.onset_rate": 2.9959239959716797, "tonal.chords_changes_rate": 0.04282407462596893, "tonal.chords_number_rate": 0.009259259328246117, "tonal.chords_strength.mean": 0.48634275794029236, "tonal.chords_strength.stdev": 0.08884136378765106, "tonal.hpcp_crest.mean": 21.491376876831055, "tonal.hpcp_crest.stdev": 9.422857284545898, "tonal.hpcp_entropy.mean": 1.1443274021148682, "tonal.hpcp_entropy.stdev": 0.7544177174568176, "tonal.key_edma.strength": 0.615139365196228, "tonal.key_krumhansl.strength": 0.6364076733589172, "tonal.key_temperley.strength": 0.6337373852729797, "tonal.tuning_diatonic_strength": 0.4416453242301941, "tonal.tuning_equal_tempered_deviation": 0.011706114746630192, "tonal.tuning_frequency": 438.47772216796875, "tonal.tuning_nontempered_energy_ratio": 0.5921907424926758, "lowlevel.barkbands.mean": [1.0923703257503803e-06, 0.00019074064039159566, 0.0006723444093950093, 0.0003310486499685794, 0.0016773449024185538, 0.005517094861716032, 0.0022727411706000566, 0.0017844829708337784, 0.000960329023655504, 0.0007506724796257913, 0.00019388175860513002, 0.0001991772442124784, 0.0002910164766944945, 0.00010780480806715786, 7.449767872458324e-05, 9.462493471801281e-05, 0.00011722754425136372, 5.917693124501966e-05, 2.9960852771182545e-05, 1.0555228072917089e-05, 9.083621989702806e-06, 1.2875963875558227e-05, 1.3909731023886707e-05, 1.8241818906972185e-05, 1.4066966286918614e-05, 1.7346308140986366e-06, 3.0202613743313123e-09], "lowlevel.barkbands.stdev": [2.6050702217617072e-06, 0.0007623834535479546, 0.0016384873306378722, 0.0007183553534559906, 0.0037920724134892225, 0.008696372620761395, 0.005697477143257856, 0.0047988370060920715, 0.003913350868970156, 0.0042052967473864555, 0.0010271670762449503, 0.0012786159059032798, 0.0017948989989235997, 0.0006871740915812552, 0.0003353679785504937, 0.00041322450852021575, 0.0004760181182064116, 0.00032054746407084167, 0.00014448058209381998, 5.9391004469944164e-05, 5.070672705187462e-05, 7.628407911397517e-05, 7.474694575648755e-05, 0.00010358831059420481, 7.031270070001483e-05, 7.359216851909878e-06, 2.931981946119322e-08], "lowlevel.erbbands.mean": [0.0011227962095290422, 0.0690290778875351, 0.6797409057617188, 1.037494421005249, 1.8862632513046265, 6.1991119384765625, 21.335651397705078, 52.68842697143555, 42.160091400146484, 31.174448013305664, 34.47412109375, 26.328359603881836, 21.034893035888672, 19.69837760925293, 6.873413562774658, 9.773510932922363, 14.163082122802734, 6.613110542297363, 4.961611270904541, 3.465815305709839, 6.255817890167236, 6.369479656219482, 3.8634414672851562, 2.0854125022888184, 1.0278666019439697, 0.5173773169517517, 0.36766472458839417, 0.36330339312553406, 0.43411028385162354, 0.4754960536956787, 0.3887270390987396, 0.3172275125980377, 0.35209110379219055, 0.21774519979953766, 0.06445474922657013, 0.014446459710597992, 0.0020285346545279026, 0.00011089514737250283, 1.1125826858915389e-05, 1.794025956769474e-05], "lowlevel.erbbands.stdev": [0.003750905394554138, 0.245397686958313, 1.7937055826187134, 1.6773781776428223, 4.893784523010254, 19.446197509765625, 39.154762268066406, 90.02616882324219, 93.66563415527344, 81.8879623413086, 94.27507019042969, 100.85298156738281, 107.81454467773438, 139.99192810058594, 25.904800415039062, 59.21882629394531, 85.2254409790039, 38.99517822265625, 23.863309860229492, 13.094030380249023, 25.722625732421875, 26.533422470092773, 19.992496490478516, 10.975637435913086, 4.200945854187012, 2.993638753890991, 1.9922690391540527, 2.0634353160858154, 2.4199869632720947, 2.994408369064331, 2.095571517944336, 1.8863422870635986, 1.9864600896835327, 1.1266485452651978, 0.305023193359375, 0.06181475892663002, 0.009106984362006187, 0.000558671832550317, 1.8525133782532066e-05, 2.1635434677591547e-05], "lowlevel.gfcc.mean": [-231.1127471923828, 208.31997680664062, -90.0362548828125, -55.702293395996094, -62.898048400878906, -22.896074295043945, -53.89814376831055, -10.217541694641113, -11.532553672790527, -15.26380443572998, -9.14318561553955, -8.79443359375, -3.952577829360962], "lowlevel.melbands.mean": [2.837966167135164e-05, 0.00025978373014368117, 0.00019169683218933642, 0.0002822859969455749, 0.0006613183650188148, 0.0011429722653701901, 0.0006089460803195834, 0.00034962716745212674, 0.0002605229674372822, 0.00015202532813418657, 0.00010113912867382169, 8.157097909133881e-05, 2.3060529201757163e-05, 2.089835652441252e-05, 3.296408976893872e-05, 2.4439503249595873e-05, 1.0897279025812168e-05, 8.329199772560969e-06, 4.446904313226696e-06, 5.459713975142222e-06, 7.63969546824228e-06, 7.25876952856197e-06, 4.514756255957764e-06, 2.427745357636013e-06, 1.6503029200976016e-06, 8.824617907521315e-07, 5.120518267176521e-07, 2.935505278855999e-07, 2.184082177336677e-07, 2.2135860433536436e-07, 2.0631630093248532e-07, 2.3828690132177144e-07, 2.6386746299067454e-07, 2.6002990693996253e-07, 2.249249035912726e-07, 1.9112694360501337e-07, 1.9895178127171675e-07, 2.4968417733362003e-07, 2.252252642165331e-07, 1.739904718078833e-07], "lowlevel.melbands.stdev": [0.00011193739192094654, 0.0006653296295553446, 0.0003083871561102569, 0.0008071529446169734, 0.0011507482267916203, 0.0018801293335855007, 0.0013555791229009628, 0.0009569170651957393, 0.0007208621827885509, 0.0006380785489454865, 0.0005474191857501864, 0.0005926636513322592, 9.963178308680654e-05, 0.0001063254167092964, 0.00021056216792203486, 0.0001385699724778533, 7.294151873793453e-05, 4.3101397750433534e-05, 1.8801460100803524e-05, 2.354210300836712e-05, 3.1390663934871554e-05, 3.10744289890863e-05, 2.2025444195605814e-05, 1.3043067156104371e-05, 9.29598172660917e-06, 3.77625883629662e-06, 2.6709763005783316e-06, 1.8446002059135935e-06, 1.212720007970347e-06, 1.2811078704544343e-06, 1.201027657771192e-06, 1.3642284102388658e-06, 1.6476379869345692e-06, 1.6753662066548713e-06, 1.2076870916644111e-06, 1.1841702871606685e-06, 1.2201355730212526e-06, 1.4639673509009299e-06, 1.2329429637247813e-06, 9.050441462932213e-07], "lowlevel.melbands128.mean": [5.223050152380893e-07, 9.237801918970945e-07, 1.2226099897816312e-05, 0.0001299414288951084, 0.00033695000456646085, 0.00030706883990205824, 0.0002185614430345595, 0.0001445607776986435, 0.00014766701497137547, 0.0003141118213534355, 0.0003233888710383326, 0.0004259886045474559, 0.0007041466888040304, 0.0009345783619210124, 0.0014409509021788836, 0.0011101330164819956, 0.0007875323644839227, 0.0005335333407856524, 0.00038294948171824217, 0.0002951083588413894, 0.00037572564906440675, 0.00032501714304089546, 0.00026779191102832556, 0.00015442502626683563, 0.0001978410582523793, 0.00013906127423979342, 7.857755554141477e-05, 0.00013235275400802493, 6.556392327183858e-05, 0.00010736041440395638, 8.834651816869155e-05, 2.904003849835135e-05, 1.672585858614184e-05, 2.111944922944531e-05, 1.497119137638947e-05, 2.0952678823960014e-05, 3.0326218620757572e-05, 2.5261761038564146e-05, 4.578064181259833e-05, 3.4708376915659755e-05, 1.73450171132572e-05, 1.2505736776802223e-05, 1.2218433766975068e-05, 9.248036803910509e-06, 7.439794899255503e-06, 1.0257854228257202e-05, 6.687455424980726e-06, 3.6825872484769206e-06, 3.7575318856397644e-06, 4.450546384759946e-06, 4.937825451634126e-06, 7.1533681875735056e-06, 8.384062311961316e-06, 6.734881480952026e-06, 8.786647413216997e-06, 8.280257134174462e-06, 4.854569851886481e-06, 4.952281415171456e-06, 4.437557890923927e-06, 3.8035414036130533e-06, 2.1330938579922076e-06, 1.4165179891278967e-06, 2.05970422939572e-06, 1.6907706594793126e-06, 1.1737362228814163e-06, 8.140901286424196e-07, 7.867751605772355e-07, 5.353140295483172e-07, 4.875288368566544e-07, 4.009997951470723e-07, 3.041766092337639e-07, 2.2775213892600732e-07, 2.182656544391648e-07, 2.0888468554858264e-07, 2.2993184245478915e-07, 2.3568561857700843e-07, 2.079523824249918e-07, 1.9993380817595607e-07, 2.0778394116405252e-07, 2.0660256438986835e-07, 2.3292379580652778e-07, 2.6044580181405763e-07, 2.411401567314897e-07, 2.4829412836879783e-07, 3.0886630497661827e-07, 2.711254012410791e-07, 2.465842783294647e-07, 2.1929295712652674e-07, 2.2508528729758837e-07, 2.3616466648945789e-07, 2.048986544878062e-07, 1.8236147525385604e-07, 1.4946435555884818e-07, 2.0467069816731964e-07, 2.178720279744084e-07, 2.313331606274005e-07, 2.6748878667604004e-07, 2.697690320019319e-07, 2.1902448565924715e-07, 2.0920639087762538e-07, 1.9787860594533413e-07, 1.833799103678757e-07, 1.2633067569822742e-07, 8.580352073295217e-08, 6.370088101448346e-08, 4.900628169934862e-08, 4.4412054478470964e-08, 3.409853022162679e-08, 2.1118069071235368e-08, 1.3629777306789492e-08, 8.373402415884357e-09, 6.672448815692178e-09, 6.1516622906765406e-09, 3.782725688239452e-09, 1.4224462718814834e-09, 4.309206602659543e-10, 9.919243204592476e-11, 1.3085399951096033e-11, 2.205179615299979e-12, 2.1439920151744563e-12, 2.0875243807866317e-12, 2.040442684606014e-12, 2.007615211227498e-12, 1.9717239993499724e-12, 1.9041721324719596e-12, 1.810262768679738e-12, 1.7568442360615943e-12, 1.7418744398256525e-12], "lowlevel.melbands128.stdev": [1.474133114243159e-06, 2.8560928058141144e-06, 5.337550101103261e-05, 0.000523506838362664, 0.0010208792518824339, 0.0006814646767452359, 0.0003846733889076859, 0.00037650149897672236, 0.0005090193590149283, 0.0009516097488813102, 0.0014631545636802912, 0.0009694652981124818, 0.001658430090174079, 0.002039423445239663, 0.002987114479765296, 0.0023124415893107653, 0.002145191188901663, 0.001775675336830318, 0.0012661856599152088, 0.0009842881700024009, 0.0013775215484201908, 0.0012673401506617665, 0.0009495323756709695, 0.0007455868762917817, 0.0009612287976779044, 0.000901145045645535, 0.0005355681641958654, 0.000961607787758112, 0.0005229368107393384, 0.0008726314990781248, 0.0008495133370161057, 0.00021973309048917145, 7.653851935174316e-05, 0.0001267483166884631, 9.276105265598744e-05, 0.00012906655319966376, 0.00028391132946126163, 0.00023411707661580294, 0.0003993444552179426, 0.00025057201855815947, 0.000134310161229223, 0.00010784718324430287, 0.0001287600171053782, 5.353848246159032e-05, 4.755358531838283e-05, 7.043587538646534e-05, 4.084440297447145e-05, 2.2685400836053304e-05, 2.018473605858162e-05, 2.374398536630906e-05, 2.673226481419988e-05, 4.102246748516336e-05, 4.722637459053658e-05, 3.089363599428907e-05, 4.012167119071819e-05, 4.656779128708877e-05, 2.2115093088359572e-05, 2.4851327907526866e-05, 3.0125767807476223e-05, 2.331574069103226e-05, 1.3051163477939554e-05, 7.563417966593988e-06, 1.3517345905711409e-05, 1.1138419722556137e-05, 7.394107342406642e-06, 3.401056346774567e-06, 3.6918759178661276e-06, 2.8641636617976474e-06, 3.584189698813134e-06, 3.1853385280555813e-06, 2.4221196781581966e-06, 1.3788574051432079e-06, 1.2285420325497398e-06, 1.2794256463166676e-06, 1.3852102256350918e-06, 1.5712810181867098e-06, 1.2627739351955825e-06, 1.249644242307113e-06, 1.2582919453052455e-06, 1.4068315294935019e-06, 1.6806632174848346e-06, 1.419924615220225e-06, 1.4591678336728364e-06, 1.5681505374232074e-06, 2.245535370093421e-06, 2.011413243963034e-06, 1.6558748257011757e-06, 1.1949388181164977e-06, 1.3039497162026237e-06, 1.3605176718556322e-06, 1.273442308047379e-06, 1.1877125416503986e-06, 1.0412369420009782e-06, 1.3346368632483063e-06, 1.354090613858716e-06, 1.5782770788064227e-06, 1.6783358205429977e-06, 1.600880409569072e-06, 1.3094690984871704e-06, 1.2231298569531646e-06, 1.064616412804753e-06, 1.0033173793999595e-06, 6.733668556080374e-07, 4.396492556679732e-07, 3.49735586269162e-07, 2.43500267060881e-07, 1.9607995227488573e-07, 1.5980330658749153e-07, 9.6942137872702e-08, 6.740715008390907e-08, 4.051710789099161e-08, 3.573089912833893e-08, 3.489366307007913e-08, 2.4663808773084384e-08, 1.0541902462080088e-08, 4.267619591047378e-09, 9.994989280670552e-10, 2.019226036376054e-10, 4.258778659588236e-12, 4.137176278645738e-12, 4.034961600951625e-12, 3.946060925935635e-12, 3.868795041273021e-12, 3.802469190211655e-12, 3.747863130953988e-12, 3.704266060555739e-12, 3.6724200069837565e-12, 3.652507549883888e-12], "lowlevel.mfcc.mean": [-867.022216796875, 232.07688903808594, 29.13347816467285, -23.056739807128906, -8.222515106201172, -21.37601089477539, -28.593915939331055, -14.763410568237305, -11.016425132751465, -14.138534545898438, -8.117396354675293, -4.779263973236084, -1.2499241828918457], "lowlevel.spectral_contrast_coeffs.mean": [-0.5875607132911682, -0.6399034857749939, -0.7276507616043091, -0.7766156196594238, -0.7761804461479187, -0.8721765279769897], "lowlevel.spectral_contrast_coeffs.stdev": [0.07822246104478836, 0.08486547321081161, 0.06857909262180328, 0.05860958993434906, 0.07074103504419327, 0.0712485983967781], "lowlevel.spectral_contrast_valleys.mean": [-8.291360855102539, -7.3603515625, -8.968588829040527, -10.096611022949219, -11.673645973205566, -13.573551177978516], "lowlevel.spectral_contrast_valleys.stdev": [1.073036789894104, 1.0962127447128296, 1.1499062776565552, 1.575900912284851, 2.2475101947784424, 2.0846102237701416], "rhythm.beats_loudness_band_ratio.mean": [0.12143045663833618, 0.4301629066467285, 0.37488338351249695, 0.07868999987840652, 0.033726856112480164, 0.012776185758411884], "rhythm.beats_loudness_band_ratio.stdev": [0.16578412055969238, 0.2552069127559662, 0.22668598592281342, 0.13987299799919128, 0.08166230469942093, 0.058078765869140625], "tonal.hpcp.mean": [0.22875794768333435, 0.13586480915546417, 0.053252238780260086, 0.08778148144483566, 0.05707497522234917, 0.01801448129117489, 0.017944497987627983, 0.013004932552576065, 0.08316360414028168, 0.17349597811698914, 0.098869189620018, 0.009475956670939922, 0.014053361490368843, 0.022228678688406944, 0.20823553204536438, 0.40462878346443176, 0.2196282297372818, 0.01651391200721264, 0.01756330393254757, 0.020312761887907982, 0.0658133253455162, 0.13461773097515106, 0.0971948653459549, 0.15691067278385162, 0.29058533906936646, 0.1622876226902008, 0.01853867620229721, 0.012914187274873257, 0.012518666684627533, 0.10708648711442947, 0.20137979090213776, 0.11213566362857819, 0.021149372681975365, 0.01947323977947235, 0.02281169407069683, 0.12178739905357361], "tonal.hpcp.stdev": [0.32066062092781067, 0.2065301388502121, 0.13804969191551208, 0.22421914339065552, 0.15478917956352234, 0.09317972511053085, 0.09494897723197937, 0.06943713128566742, 0.16196469962596893, 0.3285997211933136, 0.1880476027727127, 0.04756089672446251, 0.06658852100372314, 0.10136088728904724, 0.2316015362739563, 0.4094533920288086, 0.2264062911272049, 0.07743409276008606, 0.09505128115415573, 0.10621360689401627, 0.1499118059873581, 0.2737143039703369, 0.20511706173419952, 0.22721631824970245, 0.395697683095932, 0.23178918659687042, 0.07563284039497375, 0.05300970375537872, 0.07320351898670197, 0.19526825845241547, 0.349570095539093, 0.20267826318740845, 0.10906301438808441, 0.09532459080219269, 0.10165228694677353, 0.1927904337644577], "rhythm.beats_position": [0.8591383099555969, 1.7066665887832642, 2.554194927215576, 3.4017233848571777, 4.249251842498779, 5.085169792175293, 5.921088218688965, 6.768616676330566, 7.604535102844238, 8.45206356048584, 9.264761924743652, 10.077460289001465, 10.76244831085205, 11.447437286376953, 12.144036293029785, 12.829024314880371, 13.514013290405273, 14.199002265930176, 14.872380256652832, 15.545759201049805, 16.184309005737305, 16.741586685180664, 17.310476303100586, 17.879364013671875, 18.436643600463867, 19.01714324951172, 19.597640991210938, 20.18975067138672, 20.793468475341797, 21.29269790649414, 21.780317306518555, 22.25632667541504, 22.662675857543945, 23.08063507080078, 23.498594284057617, 23.904943466186523, 24.32290267944336, 24.729251861572266, 25.1472110748291, 25.576780319213867, 26.017959594726562, 26.470746994018555, 26.993196487426758, 27.51564598083496, 28.049705505371094, 28.595373153686523, 29.164262771606445, 29.698322296142578, 30.232379913330078, 30.76643943786621, 31.300498962402344, 31.846166610717773, 32.380226135253906, 32.86784362792969, 33.34385299682617, 33.843082427978516, 34.34231185913086, 34.829933166503906, 35.31755065917969, 35.80516815185547, 36.269569396972656, 36.7804069519043, 37.23319625854492, 37.69759750366211, 38.15038299560547, 38.62639236450195, 39.10240173339844], "rhythm.bpm_histogram": [0.0, 0.0, 0.0, 0.0, 0.0, 0.0, 0.0, 0.0, 0.0, 0.0, 0.0, 0.0, 0.0, 0.0, 0.0, 0.0, 0.0, 0.0, 0.0, 0.0, 0.0, 0.0, 0.0, 0.0, 0.0, 0.0, 0.0, 0.0, 0.0, 0.0, 0.0, 0.0, 0.0, 0.0, 0.0, 0.0, 0.0, 0.0, 0.0, 0.0, 0.0, 0.0, 0.0, 0.0, 0.0, 0.0, 0.0, 0.0, 0.0, 0.0, 0.0, 0.0, 0.0, 0.0, 0.0, 0.0, 0.0, 0.0, 0.0, 0.0, 0.0, 0.0, 0.0, 0.0, 0.0, 0.0, 0.0, 0.0, 0.0, 0.0, 0.0, 0.09090909361839294, 0.04545454680919647, 0.0, 0.03030303120613098, 0.0, 0.0, 0.0, 0.0, 0.0, 0.0, 0.0, 0.0, 0.0, 0.0, 0.0, 0.01515151560306549, 0.0, 0.07575757801532745, 0.03030303120613098, 0.0, 0.0, 0.0, 0.0, 0.01515151560306549, 0.0, 0.0, 0.0, 0.0, 0.01515151560306549, 0.0, 0.01515151560306549, 0.0, 0.03030303120613098, 0.0, 0.04545454680919647, 0.0, 0.0, 0.03030303120613098, 0.0, 0.03030303120613098, 0.0, 0.09090909361839294, 0.0, 0.0, 0.03030303120613098, 0.0, 0.01515151560306549, 0.0, 0.0, 0.04545454680919647, 0.0, 0.0, 0.07575757801532745, 0.0, 0.0, 0.06060606241226196, 0.0, 0.0, 0.03030303120613098, 0.0, 0.0, 0.0, 0.04545454680919647, 0.0, 0.0, 0.01515151560306549, 0.0, 0.0, 0.0, 0.01515151560306549, 0.0, 0.0, 0.0, 0.06060606241226196, 0.0, 0.0, 0.0, 0.04545454680919647, 0.0, 0.0, 0.0, 0.0, 0.0, 0.0, 0.0, 0.0, 0.0, 0.0, 0.0, 0.0, 0.0, 0.0, 0.0, 0.0, 0.0, 0.0, 0.0, 0.0, 0.0, 0.0, 0.0, 0.0, 0.0, 0.0, 0.0, 0.0, 0.0, 0.0, 0.0, 0.0, 0.0, 0.0, 0.0, 0.0, 0.0, 0.0, 0.0, 0.0, 0.0, 0.0, 0.0, 0.0, 0.0, 0.0, 0.0, 0.0, 0.0, 0.0, 0.0, 0.0, 0.0, 0.0, 0.0, 0.0, 0.0, 0.0, 0.0, 0.0, 0.0, 0.0, 0.0, 0.0, 0.0, 0.0, 0.0, 0.0, 0.0, 0.0, 0.0, 0.0, 0.0, 0.0, 0.0, 0.0, 0.0, 0.0, 0.0, 0.0, 0.0, 0.0, 0.0, 0.0, 0.0, 0.0, 0.0, 0.0, 0.0, 0.0, 0.0, 0.0, 0.0, 0.0, 0.0, 0.0, 0.0, 0.0, 0.0, 0.0, 0.0], "tonal.chords_histogram": [46.41203689575195, 4.745370388031006, 10.06944465637207, 7.407407283782959, 0.0, 2.6620371341705322, 0.0, 0.0, 0.0, 0.0, 0.0, 0.0, 0.0, 0.0, 0.0, 0.0, 0.0, 0.0, 2.0833332538604736, 0.0, 0.0, 0.0, 16.087963104248047, 10.532407760620117], "tonal.thpcp": [1.0, 0.5427894592285156, 0.040812499821186066, 0.04340596869587898, 0.05020098015666008, 0.16265112161636353, 0.332694411277771, 0.2402074933052063, 0.38778918981552124, 0.7181529402732849, 0.4010778069496155, 0.04581650346517563, 0.03191613778471947, 0.03093864582479, 0.26465365290641785, 0.49769023060798645, 0.27713218331336975, 0.052268583327531815, 0.048126183450222015, 0.05637684464454651, 0.30098551511764526, 0.5653526186943054, 0.3357764184474945, 0.13160763680934906, 0.21694324910640717, 0.1410551518201828, 0.04452100768685341, 0.04434804990887642, 0.03214040398597717, 0.20553061366081238, 0.42877814173698425, 0.24434541165828705, 0.023418888449668884, 0.03473149240016937, 0.05493598058819771, 0.5146335363388062], "lowlevel.gfcc.cov": [[20202.732421875, -8421.6044921875, -3027.9833984375, 5649.5087890625, -2023.215087890625, 1123.3463134765625, -1361.8973388671875, 1719.1942138671875, -808.8709716796875, 694.3455200195312, 306.29656982421875, 657.458740234375, -40.76598358154297], [-8421.6044921875, 5327.00732421875, 1150.3150634765625, -2940.26416015625, 1622.9498291015625, -682.236572265625, 847.0567626953125, -736.939697265625, 521.3903198242188, -564.29638671875, -39.47030258178711, -340.1249694824219, 15.062382698059082], [-3027.9833984375, 1150.3150634765625, 1219.6156005859375, -588.2406616210938, 127.05339050292969, 135.28814697265625, 282.5953063964844, -207.080078125, 47.98229217529297, -85.66383361816406, -94.54930114746094, -47.79839324951172, -57.16683578491211], [5649.5087890625, -2940.26416015625, -588.2406616210938, 2383.455322265625, -714.2276611328125, 397.7959899902344, -409.93853759765625, 608.7077026367188, -254.2577362060547, 172.9312744140625, 37.68520736694336, 226.92324829101562, -25.014741897583008], [-2023.215087890625, 1622.9498291015625, 127.05339050292969, -714.2276611328125, 800.8858642578125, -288.26287841796875, 167.60780334472656, -95.15400695800781, 238.9844970703125, -187.15769958496094, -9.291123390197754, -61.320743560791016, 18.39640998840332], [1123.3463134765625, -682.236572265625, 135.28814697265625, 397.7959899902344, -288.26287841796875, 452.4246520996094, 34.61270523071289, 75.05199432373047, -130.56813049316406, 129.37747192382812, 2.3096494674682617, 18.716575622558594, -73.03638458251953], [-1361.8973388671875, 847.0567626953125, 282.5953063964844, -409.93853759765625, 167.60780334472656, 34.61270523071289, 388.6036376953125, -122.31573486328125, 0.5986003875732422, -65.64523315429688, 12.73009967803955, -68.84953308105469, -49.57218933105469], [1719.1942138671875, -736.939697265625, -207.080078125, 608.7077026367188, -95.15400695800781, 75.05199432373047, -122.31573486328125, 290.79693603515625, -33.89158630371094, 34.00962448120117, 12.051892280578613, 73.467529296875, -5.90233039855957], [-808.8709716796875, 521.3903198242188, 47.98229217529297, -254.2577362060547, 238.9844970703125, -130.56813049316406, 0.5986003875732422, -33.89158630371094, 199.9132843017578, -23.165813446044922, -7.162716388702393, -33.521697998046875, 29.351402282714844], [694.3455200195312, -564.29638671875, -85.66383361816406, 172.9312744140625, -187.15769958496094, 129.37747192382812, -65.64523315429688, 34.00962448120117, -23.165813446044922, 217.71591186523438, 23.656455993652344, -4.991503715515137, -12.168683052062988], [306.29656982421875, -39.47030258178711, -94.54930114746094, 37.68520736694336, -9.291123390197754, 2.3096494674682617, 12.73009967803955, 12.051892280578613, -7.162716388702393, 23.656455993652344, 105.6933364868164, 27.7496337890625, 12.916229248046875], [657.458740234375, -340.1249694824219, -47.79839324951172, 226.92324829101562, -61.320743560791016, 18.716575622558594, -68.84953308105469, 73.467529296875, -33.521697998046875, -4.991503715515137, 27.7496337890625, 152.02505493164062, 30.223371505737305], [-40.76598358154297, 15.062382698059082, -57.16683578491211, -25.014741897583008, 18.39640998840332, -73.03638458251953, -49.57218933105469, -5.90233039855957, 29.351402282714844, -12.168683052062988, 12.916229248046875, 30.223371505737305, 103.85114288330078]], "lowlevel.gfcc.icov": [[0.000405396509449929, -0.00043269663001410663, 0.0008034196216613054, -0.0005598441930487752, 0.0005022684345021844, -0.0006513886619359255, 0.0005930556799285114, -0.0009031366789713502, 0.000502845156006515, -0.0004567230062093586, -6.429664063034579e-05, -0.0005761384381912649, 0.00019401099416427314], [-0.00043269663001410663, 0.007197563536465168, -0.003332671942189336, 0.0036959024146199226, -0.006662646774202585, 0.0018453003140166402, -0.0050032190047204494, 0.0036186440847814083, -0.0036073161754757166, 0.00696909986436367, -0.0037374659441411495, 0.0047858841717243195, -0.0009544842178002], [0.0008034196216613054, -0.003332671942189336, 0.0038846612442284822, -0.002018878934904933, 0.0034383719321340322, -0.0025549884885549545, 0.0021251309663057327, -0.0022844213526695967, 0.0013466996606439352, -0.0027472395449876785, 0.0024605090729892254, -0.003348317462950945, 0.0008953635115176439], [-0.0005598441930487752, 0.0036959024146199226, -0.002018878934904933, 0.0036706398241221905, -0.002792980754747987, 0.0008408440044149756, -0.0024117210414260626, 0.000204843730898574, -0.001974991988390684, 0.003992435522377491, -0.001670311321504414, 0.0022460550535470247, -0.00045636954018846154], [0.0005022684345021844, -0.006662646774202585, 0.0034383719321340322, -0.002792980754747987, 0.009510733187198639, -0.0013822178589180112, 0.0038061020895838737, -0.004786741454154253, 0.0004818684246856719, -0.004727361723780632, 0.00322451489046216, -0.004732189700007439, 0.00155741348862648], [-0.0006513886619359255, 0.0018453003140166402, -0.0025549884885549545, 0.0008408440044149756, -0.0013822178589180112, 0.005953051615506411, -0.0026448501739650965, 0.001561859273351729, 7.763518806314096e-05, -0.00041579094249755144, -0.0005564132588915527, 0.001533860806375742, 0.0010826897341758013], [0.0005930556799285114, -0.0050032190047204494, 0.0021251309663057327, -0.0024117210414260626, 0.0038061020895838737, -0.0026448501739650965, 0.008402072824537754, -0.002655098680406809, 0.004034624435007572, -0.0038699773140251637, 0.0003487010835669935, -0.002216236898675561, 0.0018806545995175838], [-0.0009031366789713502, 0.0036186440847814083, -0.0022844213526695967, 0.000204843730898574, -0.004786741454154253, 0.001561859273351729, -0.002655098680406809, 0.011707205325365067, -0.002944240113720298, 0.0033669760450720787, -0.0010117070050910115, 0.001612794934771955, 0.0001399410975864157], [0.000502845156006515, -0.0036073161754757166, 0.0013466996606439352, -0.001974991988390684, 0.0004818684246856719, 7.763518806314096e-05, 0.004034624435007572, -0.002944240113720298, 0.011966802179813385, -0.005795169621706009, 0.0015228482661768794, -0.0010221936972811818, -0.0012391590280458331], [-0.0004567230062093586, 0.00696909986436367, -0.0027472395449876785, 0.003992435522377491, -0.004727361723780632, -0.00041579094249755144, -0.0038699773140251637, 0.0033669760450720787, -0.005795169621706009, 0.014418532140552998, -0.0053527154959738255, 0.005789187736809254, -0.0005433147307485342], [-6.429664063034579e-05, -0.0037374659441411495, 0.0024605090729892254, -0.001670311321504414, 0.00322451489046216, -0.0005564132588915527, 0.0003487010835669935, -0.0010117070050910115, 0.0015228482661768794, -0.0053527154959738255, 0.014140449464321136, -0.005078263580799103, -0.0007230020128190517], [-0.0005761384381912649, 0.0047858841717243195, -0.003348317462950945, 0.0022460550535470247, -0.004732189700007439, 0.001533860806375742, -0.002216236898675561, 0.001612794934771955, -0.0010221936972811818, 0.005789187736809254, -0.005078263580799103, 0.013073844835162163, -0.0034776453394442797], [0.00019401099416427314, -0.0009544842178002, 0.0008953635115176439, -0.00045636954018846154, 0.00155741348862648, 0.0010826897341758013, 0.0018806545995175838, 0.0001399410975864157, -0.0012391590280458331, -0.0005433147307485342, -0.0007230020128190517, -0.0034776453394442797, 0.013006485067307949]], "lowlevel.mfcc.cov": [[15894.96484375, -5608.59033203125, -2277.83251953125, 1968.677978515625, 1122.4140625, -658.8385009765625, -11.93337631225586, 645.62939453125, -193.49923706054688, -147.3424072265625, 553.98828125, -28.194141387939453, 214.209716796875], [-5608.59033203125, 4243.43701171875, 102.0426025390625, -1025.141845703125, -19.761255264282227, 205.5965576171875, -70.63712310791016, -26.75960350036621, 218.3229217529297, -12.047045707702637, -187.1438446044922, 98.65562438964844, -19.79981803894043], [-2277.83251953125, 102.0426025390625, 1262.547119140625, -199.60923767089844, -380.1685791015625, 249.05746459960938, 198.83583068847656, -52.63655471801758, 10.554669380187988, 47.36729431152344, -106.4924545288086, 26.045455932617188, -18.505632400512695], [1968.677978515625, -1025.141845703125, -199.60923767089844, 773.9506225585938, 272.6971130371094, -164.75987243652344, 2.5833845138549805, 222.41783142089844, 8.525557518005371, -21.671775817871094, 49.043914794921875, -8.579028129577637, 55.5134391784668], [1122.4140625, -19.761255264282227, -380.1685791015625, 272.6971130371094, 541.8294067382812, -122.86279296875, -170.3583984375, 146.21597290039062, 98.89372253417969, -35.00612258911133, 29.5626220703125, 49.091426849365234, 63.29417037963867], [-658.8385009765625, 205.5965576171875, 249.05746459960938, -164.75987243652344, -122.86279296875, 247.8854217529297, 112.76310729980469, -40.31489181518555, 8.688602447509766, 52.94023895263672, 32.172508239746094, 21.17328643798828, -8.632521629333496], [-11.93337631225586, -70.63712310791016, 198.83583068847656, 2.5833845138549805, -170.3583984375, 112.76310729980469, 290.5305480957031, 58.66704559326172, -33.61373519897461, 14.911245346069336, 37.80942153930664, 7.277486324310303, -12.815211296081543], [645.62939453125, -26.75960350036621, -52.63655471801758, 222.41783142089844, 146.21597290039062, -40.31489181518555, 58.66704559326172, 280.198486328125, 48.932960510253906, -73.76599884033203, 11.077030181884766, 40.896995544433594, 29.066381454467773], [-193.49923706054688, 218.3229217529297, 10.554669380187988, 8.525557518005371, 98.89372253417969, 8.688602447509766, -33.61373519897461, 48.932960510253906, 143.14344787597656, 13.20215129852295, -11.490167617797852, 38.59618377685547, 9.230046272277832], [-147.3424072265625, -12.047045707702637, 47.36729431152344, -21.671775817871094, -35.00612258911133, 52.94023895263672, 14.911245346069336, -73.76599884033203, 13.20215129852295, 143.37942504882812, 56.048728942871094, -9.869539260864258, -6.540165901184082], [553.98828125, -187.1438446044922, -106.4924545288086, 49.043914794921875, 29.5626220703125, 32.172508239746094, 37.80942153930664, 11.077030181884766, -11.490167617797852, 56.048728942871094, 164.7500762939453, 27.44010353088379, -17.284893035888672], [-28.194141387939453, 98.65562438964844, 26.045455932617188, -8.579028129577637, 49.091426849365234, 21.17328643798828, 7.277486324310303, 40.896995544433594, 38.59618377685547, -9.869539260864258, 27.44010353088379, 104.85076904296875, 20.79177474975586], [214.209716796875, -19.79981803894043, -18.505632400512695, 55.5134391784668, 63.29417037963867, -8.632521629333496, -12.815211296081543, 29.066381454467773, 9.230046272277832, -6.540165901184082, -17.284893035888672, 20.79177474975586, 97.9758071899414]], "lowlevel.mfcc.icov": [[0.0003008302301168442, 0.00040033290861174464, 0.0004344938788563013, 0.00016380778106395155, -0.0002957276301458478, 5.8125780924456194e-05, -0.0002768399426713586, -0.00044960653758607805, 3.413416925468482e-05, 3.0497978968924144e-06, -0.0002326031681150198, 4.871745841228403e-05, -0.00034861124004237354], [0.00040033290861174464, 0.0010060927597805858, 0.0006844318122602999, 0.0010112165473401546, -0.0005757837789133191, -3.572035348042846e-05, -0.0003825178137049079, -0.0011204044567421079, -0.0003019611176569015, -0.00035064350231550634, 0.0002868848678190261, -0.0001062537485267967, -0.00038625585148110986], [0.0004344938788563013, 0.0006844318122602999, 0.0020512081682682037, 0.00017150309577118605, 0.00035301593015901744, -0.0010329079814255238, -0.0005705301300622523, -0.0009270787704735994, -0.00021989110973663628, -0.000627460889518261, 0.001230160123668611, -0.0008248395170085132, -0.00026913921465165913], [0.00016380778106395155, 0.0010112165473401546, 0.00017150309577118605, 0.0038034424651414156, -0.0013917610049247742, 0.0013400122988969088, -0.0007125645643100142, -0.002601215150207281, 2.0158107872703113e-05, -0.0013719266280531883, 0.00015383338904939592, 0.0007910601561889052, -0.0008149834466166794], [-0.0002957276301458478, -0.0005757837789133191, 0.00035301593015901744, -0.0013917610049247742, 0.004863306414335966, -0.0003608425031416118, 0.002589839743450284, -0.0007158276857808232, -0.00172628543805331, 0.000270317803369835, -0.000538277963642031, -0.000849702802952379, -0.0009709759033285081], [5.8125780924456194e-05, -3.572035348042846e-05, -0.0010329079814255238, 0.0013400122988969088, -0.0003608425031416118, 0.007596029434353113, -0.0023801017086952925, 0.00044400180922821164, -0.0007878620526753366, -0.0010042282519862056, -0.0020124611910432577, -4.339272345532663e-05, -0.0009679467766545713], [-0.0002768399426713586, -0.0003825178137049079, -0.0005705301300622523, -0.0007125645643100142, 0.002589839743450284, -0.0023801017086952925, 0.006928796414285898, -0.0023680764716118574, 0.001105747651308775, -0.00045943143777549267, -0.0007853327551856637, -0.0002295501326