{"song_id": "1182268482495193118", "download": "https://cdn.discordapp.com/attachments/1135903449314238464/1182268482495193118/chirp.mp4?ex=65841453&amp", "lyrics": "gululu gululu, let's go brush our teeth\n\nBrush your teeth up and down\n\nClean along gaps with care\nCavities go buzz buzz away\n\nTooth by tooth ding ding hooray\n\nChorus:\nHappily sing tra la la\nBrush diligently everyday\nFight tooth decay\nSmile bright, hip hip hooray\n\nVerse 2:\nCircle round those whites\n\nShoo away tiny bugs\n\nTooth by tooth make bright\nRinse and gargle after right\n\nChorus:\n\nHappily sing tra la la\nBrush diligently everyday\nFight tooth decay\nSmile bright, hip hip hooray", "style": ["happy song for kids"], "essentia_features": {"lowlevel.average_loudness": 0.9573418498039246, "lowlevel.barkbands_crest.mean": 13.031281471252441, "lowlevel.barkbands_crest.stdev": 4.838686466217041, "lowlevel.barkbands_flatness_db.mean": 0.285719633102417, "lowlevel.barkbands_flatness_db.stdev": 0.10667671263217926, "lowlevel.barkbands_kurtosis.mean": 10.002217292785645, "lowlevel.barkbands_kurtosis.stdev": 19.857765197753906, "lowlevel.barkbands_skewness.mean": 1.6112011671066284, "lowlevel.barkbands_skewness.stdev": 1.8713356256484985, "lowlevel.barkbands_spread.mean": 12.447646141052246, "lowlevel.barkbands_spread.stdev": 14.773677825927734, "lowlevel.dissonance.mean": 0.3520277142524719, "lowlevel.dissonance.stdev": 0.09286518394947052, "lowlevel.dynamic_complexity": 3.9820213317871094, "lowlevel.erbbands_crest.mean": 16.15721321105957, "lowlevel.erbbands_crest.stdev": 6.553586959838867, "lowlevel.erbbands_flatness_db.mean": 0.2888602614402771, "lowlevel.erbbands_flatness_db.stdev": 0.100125752389431, "lowlevel.erbbands_kurtosis.mean": 5.784038066864014, "lowlevel.erbbands_kurtosis.stdev": 11.445232391357422, "lowlevel.erbbands_skewness.mean": 0.9529488682746887, "lowlevel.erbbands_skewness.stdev": 1.5090126991271973, "lowlevel.erbbands_spread.mean": 23.451129913330078, "lowlevel.erbbands_spread.stdev": 24.065637588500977, "lowlevel.hfc.mean": 15.132673263549805, "lowlevel.hfc.stdev": 15.233410835266113, "lowlevel.loudness_ebu128.integrated": -15.935937881469727, "lowlevel.loudness_ebu128.loudness_range": 2.0587005615234375, "lowlevel.loudness_ebu128.momentary.mean": -16.446256637573242, "lowlevel.loudness_ebu128.momentary.stdev": 2.1788530349731445, "lowlevel.loudness_ebu128.short_term.mean": -16.104854583740234, "lowlevel.loudness_ebu128.short_term.stdev": 0.6966670155525208, "lowlevel.melbands_crest.mean": 16.910844802856445, "lowlevel.melbands_crest.stdev": 5.894124984741211, "lowlevel.melbands_flatness_db.mean": 0.3492768108844757, "lowlevel.melbands_flatness_db.stdev": 0.13583046197891235, "lowlevel.melbands_kurtosis.mean": 16.654325485229492, "lowlevel.melbands_kurtosis.stdev": 30.874893188476562, "lowlevel.melbands_skewness.mean": 2.2044317722320557, "lowlevel.melbands_skewness.stdev": 2.2726404666900635, "lowlevel.melbands_spread.mean": 15.150238990783691, "lowlevel.melbands_spread.stdev": 22.413068771362305, "lowlevel.pitch_salience.mean": 0.465731143951416, "lowlevel.pitch_salience.stdev": 0.1465165913105011, "lowlevel.silence_rate_20dB.mean": 1.0, "lowlevel.silence_rate_20dB.stdev": 0.0, "lowlevel.silence_rate_30dB.mean": 0.9970980882644653, "lowlevel.silence_rate_30dB.stdev": 0.0537925623357296, "lowlevel.silence_rate_60dB.mean": 0.13580963015556335, "lowlevel.silence_rate_60dB.stdev": 0.3425898253917694, "lowlevel.spectral_centroid.mean": 891.290283203125, "lowlevel.spectral_centroid.stdev": 811.4180908203125, "lowlevel.spectral_complexity.mean": 7.2420196533203125, "lowlevel.spectral_complexity.stdev": 3.954777240753174, "lowlevel.spectral_decrease.mean": -5.4939968130440775e-09, "lowlevel.spectral_decrease.stdev": 5.112191114875486e-09, "lowlevel.spectral_energy.mean": 0.022108187898993492, "lowlevel.spectral_energy.stdev": 0.02040885202586651, "lowlevel.spectral_energyband_high.mean": 0.0003921743482351303, "lowlevel.spectral_energyband_high.stdev": 0.0008933680364862084, "lowlevel.spectral_energyband_low.mean": 0.0031527637038379908, "lowlevel.spectral_energyband_low.stdev": 0.00422753905877471, "lowlevel.spectral_energyband_middle_high.mean": 0.004766165278851986, "lowlevel.spectral_energyband_middle_high.stdev": 0.009659670293331146, "lowlevel.spectral_energyband_middle_low.mean": 0.014738086611032486, "lowlevel.spectral_energyband_middle_low.stdev": 0.01731119118630886, "lowlevel.spectral_entropy.mean": 6.357546329498291, "lowlevel.spectral_entropy.stdev": 1.1077629327774048, "lowlevel.spectral_flux.mean": 0.05847693607211113, "lowlevel.spectral_flux.stdev": 0.044458840042352676, "lowlevel.spectral_kurtosis.mean": 28.439889907836914, "lowlevel.spectral_kurtosis.stdev": 54.154693603515625, "lowlevel.spectral_rms.mean": 0.0041041201911866665, "lowlevel.spectral_rms.stdev": 0.0021737487986683846, "lowlevel.spectral_rolloff.mean": 1483.8421630859375, "lowlevel.spectral_rolloff.stdev": 2328.628662109375, "lowlevel.spectral_skewness.mean": 3.364793539047241, "lowlevel.spectral_skewness.stdev": 2.845585584640503, "lowlevel.spectral_spread.mean": 4455758.5, "lowlevel.spectral_spread.stdev": 3122320.0, "lowlevel.spectral_strongpeak.mean": 1.7701983451843262, "lowlevel.spectral_strongpeak.stdev": 1.8806105852127075, "lowlevel.zerocrossingrate.mean": 0.05334848165512085, "lowlevel.zerocrossingrate.stdev": 0.055987562984228134, "metadata.audio_properties.analysis.equal_loudness": 0.0, "metadata.audio_properties.analysis.length": 39.978660583496094, "metadata.audio_properties.analysis.sample_rate": 44100.0, "metadata.audio_properties.analysis.start_time": 0.0, "metadata.audio_properties.bit_rate": 125869.0, "metadata.audio_properties.length": 39.978668212890625, "metadata.audio_properties.lossless": 0.0, "metadata.audio_properties.number_channels": 1.0, "metadata.audio_properties.replay_gain": -12.127317428588867, "metadata.audio_properties.sample_rate": 48000.0, "rhythm.beats_count": 72.0, "rhythm.beats_loudness.mean": 0.04064790904521942, "rhythm.beats_loudness.stdev": 0.022155117243528366, "rhythm.bpm": 109.90312957763672, "rhythm.bpm_histogram_first_peak_bpm": 110.0, "rhythm.bpm_histogram_first_peak_weight": 0.27272725105285645, "rhythm.bpm_histogram_second_peak_bpm": 101.0, "rhythm.bpm_histogram_second_peak_spread": 0.5999999642372131, "rhythm.bpm_histogram_second_peak_weight": 0.028169013559818268, "rhythm.danceability": 1.5581200122833252, "rhythm.onset_rate": 5.9005351066589355, "tonal.chords_changes_rate": 0.03944315388798714, "tonal.chords_number_rate": 0.0069605568423867226, "tonal.chords_strength.mean": 0.5288124084472656, "tonal.chords_strength.stdev": 0.09024879336357117, "tonal.hpcp_crest.mean": 20.1497802734375, "tonal.hpcp_crest.stdev": 8.563017845153809, "tonal.hpcp_entropy.mean": 1.1892677545547485, "tonal.hpcp_entropy.stdev": 0.6596106290817261, "tonal.key_edma.strength": 0.8088045716285706, "tonal.key_krumhansl.strength": 0.8174269199371338, "tonal.key_temperley.strength": 0.8194076418876648, "tonal.tuning_diatonic_strength": 0.6442591547966003, "tonal.tuning_equal_tempered_deviation": 0.005722007714211941, "tonal.tuning_frequency": 440.2542419433594, "tonal.tuning_nontempered_energy_ratio": 0.6055411100387573, "lowlevel.barkbands.mean": [6.900283551658504e-06, 0.0008683149935677648, 0.0018035410903394222, 0.0006894218968227506, 0.0008761178469285369, 0.0056087058037519455, 0.0024768218863755465, 0.0013279395643621683, 0.0027434765361249447, 0.0016201025573536754, 0.0024361200630664825, 0.0006198837654665112, 0.00011841034574899822, 0.00013398146256804466, 0.00014419016952160746, 7.450788689311594e-05, 5.3187810408417135e-05, 3.5187298635719344e-05, 5.834901821799576e-05, 3.7863501347601414e-05, 5.6351887906203046e-05, 8.480694668833166e-05, 9.371259511681274e-05, 3.994460348621942e-05, 5.8579506003297865e-05, 4.177503797109239e-05, 1.793397785831985e-08], "lowlevel.barkbands.stdev": [2.0494375348789617e-05, 0.0016216153744608164, 0.0025148894637823105, 0.0015873482916504145, 0.0033349795266985893, 0.008906066417694092, 0.0079842209815979, 0.0033215153962373734, 0.007063073571771383, 0.0049357945099473, 0.007559927646070719, 0.003047889331355691, 0.0004230933263897896, 0.0005790358991362154, 0.0005734944716095924, 0.00032573851058259606, 0.0001578568626428023, 0.0001246783067472279, 0.0001532747846795246, 9.865047468338162e-05, 0.0001670359051786363, 0.0002703437930904329, 0.000321125058690086, 0.0001235494128195569, 0.00015841418644413352, 0.00012184726801933721, 2.466027808623039e-07], "lowlevel.erbbands.mean": [0.005583030637353659, 0.2777508497238159, 1.871816873550415, 2.470463991165161, 1.45651376247406, 2.9430859088897705, 16.3946590423584, 52.777076721191406, 49.6031494140625, 30.298397064208984, 28.79363250732422, 74.60516357421875, 59.08148956298828, 38.1575813293457, 107.08638000488281, 31.92807960510254, 7.368401050567627, 6.845493316650391, 5.997831344604492, 8.159136772155762, 3.7373242378234863, 2.4537951946258545, 2.214865207672119, 2.0851385593414307, 3.207686424255371, 1.8094570636749268, 1.8479794263839722, 2.4241228103637695, 2.738980770111084, 3.669525623321533, 2.316438674926758, 0.9424747228622437, 0.693793535232544, 0.5954660773277283, 0.4317227602005005, 0.3005332052707672, 0.0492287278175354, 0.0015286298003047705, 5.962133582215756e-05, 2.994442911585793e-05], "lowlevel.erbbands.stdev": [0.010409519076347351, 0.5025301575660706, 2.8212172985076904, 4.005850315093994, 3.676992177963257, 12.485865592956543, 37.45191955566406, 86.89378356933594, 128.14688110351562, 116.88313293457031, 76.38712310791016, 192.03286743164062, 164.8762969970703, 133.38327026367188, 329.69818115234375, 145.8719940185547, 22.02077865600586, 29.306901931762695, 18.141794204711914, 38.28388595581055, 10.77434253692627, 6.3066511154174805, 7.598647594451904, 6.37980318069458, 8.174674034118652, 4.400922775268555, 4.712273120880127, 7.764738082885742, 8.672670364379883, 12.357325553894043, 7.80722713470459, 2.8328168392181396, 2.3743419647216797, 1.7466890811920166, 1.1834419965744019, 0.8911831974983215, 0.14419330656528473, 0.005485198926180601, 0.00014239281881600618, 2.591171687527094e-05], "lowlevel.gfcc.mean": [-121.7104721069336, 105.291748046875, -100.32927703857422, -19.689245223999023, -90.65592193603516, 0.800018846988678, -27.22080421447754, 6.213809967041016, -32.74775695800781, 8.922988891601562, -18.003520965576172, 7.1369709968566895, -7.716259479522705], "lowlevel.melbands.mean": [0.00013399068848229945, 0.0007724108290858567, 0.0003910558589268476, 0.00012486486230045557, 0.0005060979747213423, 0.0011875831987708807, 0.0007016334566287696, 0.0003137345192953944, 0.0002621627354528755, 0.000459604081697762, 0.00027734923060052097, 0.0001329357037320733, 0.0003402225556783378, 0.00014453637413680553, 3.3620894100749865e-05, 9.381036761624273e-06, 1.390944544255035e-05, 9.531867362966295e-06, 9.234165190719068e-06, 9.214950296154711e-06, 3.797769522861927e-06, 2.6905165668722475e-06, 2.4213356937252684e-06, 1.5387266785182874e-06, 1.583235530233651e-06, 2.4638338800286874e-06, 1.7862176946437103e-06, 1.0555668268352747e-06, 9.751940979185747e-07, 1.4938100321160164e-06, 1.3437473853628035e-06, 1.3759008652414195e-06, 1.93632240552688e-06, 2.1625921817758353e-06, 1.5147182921282365e-06, 7.909076771284163e-07, 4.893112190984539e-07, 4.842684120376362e-07, 4.289032347060129e-07, 5.51042489860265e-07], "lowlevel.melbands.stdev": [0.00024499950814060867, 0.0011410677107051015, 0.000631318602245301, 0.00039566541090607643, 0.0011764942901208997, 0.0019420662429183722, 0.0018849741900339723, 0.0011236011050641537, 0.0007004427025094628, 0.0012222949881106615, 0.0008170845685526729, 0.0005675713182426989, 0.0010484536178410053, 0.00048677591257728636, 0.00018430841737426817, 2.582082561275456e-05, 6.648713315371424e-05, 3.131338962703012e-05, 3.910467785317451e-05, 4.261228968971409e-05, 1.1323300896037836e-05, 7.942548108985648e-06, 8.023655936995056e-06, 5.30016814082046e-06, 5.469913503475254e-06, 6.8677209128509276e-06, 4.68967391498154e-06, 2.6806940240931e-06, 2.5166334580717376e-06, 4.517034085438354e-06, 4.646060006052721e-06, 4.500003342400305e-06, 6.995167950663017e-06, 7.731550795142539e-06, 5.455071914184373e-06, 2.6863306175073376e-06, 1.5016116776678246e-06, 1.7536435734655242e-06, 1.5050788988446584e-06, 1.611147126823198e-06], "lowlevel.melbands128.mean": [3.879742962453747e-06, 1.2402211723383516e-05, 6.804755685152486e-05, 0.0005789963179267943, 0.0009669153369031847, 0.0008402407402172685, 0.0005495217046700418, 0.0002682219201233238, 0.0001272374065592885, 6.093838965171017e-05, 0.00013746759213972837, 0.0003089542733505368, 0.0004173838533461094, 0.0009732756880111992, 0.0012471646768972278, 0.001373921288177371, 0.0010918682673946023, 0.000530459510628134, 0.00027255219174548984, 0.00036428068415261805, 0.0003232080489397049, 0.0001607012382009998, 0.00020957295782864094, 0.0003740442334674299, 0.0006355709629133344, 0.000431319436756894, 0.00023339262406807393, 0.00041829145629890263, 0.00010149973240913823, 0.00016409093223046511, 8.177926065400243e-05, 0.00018436081882100552, 0.00036486153840087354, 0.0005737955216318369, 7.679147529415786e-05, 8.711032569408417e-05, 8.43468151288107e-05, 1.4751714843441732e-05, 2.0758716345881112e-05, 1.1950506632274482e-05, 7.383178854070138e-06, 3.1734875847178046e-06, 1.526036976429168e-05, 2.0018253053422086e-05, 8.653116310597397e-06, 9.502002285444178e-06, 8.837997484079096e-06, 3.3457388326496584e-06, 1.3591318747785408e-05, 1.4890901184116956e-05, 8.541002898709849e-06, 3.705974222611985e-06, 2.6559616799204377e-06, 4.661211733036907e-06, 4.536071628535865e-06, 1.8875306295740302e-06, 1.2627301657630596e-06, 3.275668859714642e-06, 2.3161085209721932e-06, 2.293358875249396e-06, 1.120516117225634e-06, 1.0646284636095515e-06, 2.3316051738220267e-06, 1.3563793572757277e-06, 1.1381376907593221e-06, 2.712268724280875e-06, 3.3965218335652025e-06, 1.7339752957923338e-06, 1.666987600401626e-06, 1.45417186558916e-06, 8.470069587929174e-07, 1.0083141432915e-06, 9.91991896626132e-07, 7.537305464211386e-07, 1.236945195159933e-06, 1.4853992524876958e-06, 1.7625882264837855e-06, 1.33691901282873e-06, 1.3995697827340337e-06, 1.133964133259724e-06, 1.2711172985291341e-06, 1.4200305713529815e-06, 1.7299818182436866e-06, 2.0811746708204737e-06, 2.0447275801416254e-06, 1.912951574922772e-06, 2.3753909772494808e-06, 2.366471107961843e-06, 1.3559205171986832e-06, 1.0003850547946058e-06, 1.0315562803953071e-06, 6.721807608300878e-07, 4.980613539373735e-07, 4.997621090296889e-07, 4.563766822229809e-07, 4.87329714360385e-07, 4.6430608335867873e-07, 5.524919401977968e-07, 3.684825458094565e-07, 4.238219730723358e-07, 4.4467060433817096e-07, 6.709701665386092e-07, 5.540712209040066e-07, 3.482337262994406e-07, 3.0989841093287396e-07, 7.195265538939566e-07, 5.69769667890796e-07, 4.811149096894951e-07, 5.657108772538777e-07, 5.987246254335332e-07, 4.237421364905458e-07, 2.1632655489156605e-07, 6.981844080655719e-08, 2.175479707489103e-08, 1.5487970017602493e-08, 3.6042748785547474e-09, 6.371933536364338e-10, 5.559930987830697e-11, 3.5182017021906375e-11, 2.473118411450148e-11, 2.1061423438606397e-11, 6.794791725800442e-12, 3.169689771070905e-12, 3.1073997541763987e-12, 3.03231116431657e-12, 2.9452835569737656e-12, 2.8916838541725998e-12, 2.8715263673817493e-12], "lowlevel.melbands128.stdev": [1.6569172657909803e-05, 5.338411938282661e-05, 0.00014111405471339822, 0.0011014571646228433, 0.001687161740846932, 0.0011517315870150924, 0.0009523165645077825, 0.0007798692677170038, 0.00036866593291051686, 0.00016774918185546994, 0.0007448858814314008, 0.0015167120145633817, 0.0014864030526950955, 0.0023446460254490376, 0.002549458295106888, 0.0033615254797041416, 0.0029883889947086573, 0.00278916722163558, 0.0014372699661180377, 0.002125294180586934, 0.0009415611275471747, 0.000574162695556879, 0.001039625145494938, 0.001207558554597199, 0.0017792191356420517, 0.0018600397743284702, 0.0010380373569205403, 0.0014428632566705346, 0.00042889831820502877, 0.0010592758189886808, 0.0004691094218287617, 0.00104503333568573, 0.0013244840083643794, 0.0021996540017426014, 0.00037483853520825505, 0.0005645015626214445, 0.0006423341110348701, 0.00018082387396134436, 9.03910695342347e-05, 3.766322697629221e-05, 3.0670493288198486e-05, 1.214016265294049e-05, 8.97300778888166e-05, 9.968487574951723e-05, 5.7922607084037736e-05, 3.7940317270113155e-05, 4.0485927456757054e-05, 2.1923347958363593e-05, 7.883193029556423e-05, 9.383701399201527e-05, 6.446220504585654e-05, 1.665201307332609e-05, 1.205712032970041e-05, 1.924425123434048e-05, 2.005739042942878e-05, 7.953285603434779e-06, 4.261729372956324e-06, 1.5126050129765645e-05, 1.0966650734189898e-05, 1.263550620933529e-05, 5.410204721556511e-06, 4.3908107727475e-06, 1.0668543836800382e-05, 5.3987346291251015e-06, 4.056521447637351e-06, 9.473786121816374e-06, 1.1087999155279249e-05, 5.75245576328598e-06, 6.64656681692577e-06, 4.537052973319078e-06, 2.5122258193732705e-06, 3.16897853736009e-06, 2.74792660093226e-06, 2.3489483282901347e-06, 3.73225725525117e-06, 4.904325123789022e-06, 6.2402082221524324e-06, 5.179468644200824e-06, 5.997947027935879e-06, 3.758321099667228e-06, 5.041132226324407e-06, 5.1920919759140816e-06, 6.259801466512727e-06, 9.679245522420388e-06, 7.322249530261615e-06, 7.263019597303355e-06, 9.752065125212539e-06, 1.0752800335467327e-05, 4.783729309565388e-06, 3.413638523852569e-06, 4.332061052991776e-06, 2.2862366222398123e-06, 1.7839383872342296e-06, 1.6743165360821877e-06, 1.5622824776073685e-06, 1.9917997633456253e-06, 1.923988065755111e-06, 2.1083765204821248e-06, 1.4597713970943005e-06, 1.6229244010901311e-06, 1.6258103414656944e-06, 1.9357275959919207e-06, 1.6331586039086687e-06, 1.218283387061092e-06, 9.715139412946883e-07, 2.331568339286605e-06, 1.7309694158029743e-06, 1.427614392923715e-06, 1.9173271539330017e-06, 2.143174242519308e-06, 1.3650354730998515e-06, 7.036797455839405e-07, 2.833682231084822e-07, 1.481268583347628e-07, 1.159970821618117e-07, 3.510620061319969e-08, 9.4833092489921e-09, 6.414322961667551e-10, 5.01972574618037e-10, 4.3344608458006917e-10, 3.926852454316787e-10, 7.816811781191646e-11, 5.5376619088887136e-12, 5.440423285485441e-12, 5.36046554366898e-12, 5.2957087499916344e-12, 5.24864310000317e-12, 5.219813730555911e-12], "lowlevel.mfcc.mean": [-785.2506713867188, 156.13819885253906, 19.39519500732422, -2.8638195991516113, -40.08843994140625, -8.431286811828613, -5.23866605758667, -3.565258741378784, -2.8176376819610596, -6.889505386352539, -3.6176815032958984, -6.708120822906494, 10.210121154785156], "lowlevel.spectral_contrast_coeffs.mean": [-0.6501633524894714, -0.6425329446792603, -0.6568320393562317, -0.7744609713554382, -0.8009193539619446, -0.7479090094566345], "lowlevel.spectral_contrast_coeffs.stdev": [0.09915278851985931, 0.10792769491672516, 0.09918747842311859, 0.07828137278556824, 0.06677336245775223, 0.09194929897785187], "lowlevel.spectral_contrast_valleys.mean": [-8.46108341217041, -7.529768943786621, -8.635367393493652, -9.683971405029297, -9.585954666137695, -12.171483039855957], "lowlevel.spectral_contrast_valleys.stdev": [1.523158073425293, 1.0531071424484253, 1.115385890007019, 1.4189468622207642, 1.4697761535644531, 1.8710646629333496], "rhythm.beats_loudness_band_ratio.mean": [0.22507211565971375, 0.2826005518436432, 0.35074931383132935, 0.17850038409233093, 0.019439879804849625, 0.02818746119737625], "rhythm.beats_loudness_band_ratio.stdev": [0.21393737196922302, 0.2533941864967346, 0.27527502179145813, 0.20164871215820312, 0.03633654862642288, 0.0455632209777832], "tonal.hpcp.mean": [0.1164676696062088, 0.05649661272764206, 0.01302728708833456, 0.013608451001346111, 0.013320818543434143, 0.04409364238381386, 0.07888422161340714, 0.05179424211382866, 0.19643646478652954, 0.35065481066703796, 0.17024953663349152, 0.012578797526657581, 0.014634726569056511, 0.015409746207296848, 0.06291719526052475, 0.11827627569437027, 0.07408517599105835, 0.018576443195343018, 0.014204148203134537, 0.022086545825004578, 0.11688131839036942, 0.1958617866039276, 0.11759702861309052, 0.12174733728170395, 0.17752087116241455, 0.09176160395145416, 0.021133150905370712, 0.017894389107823372, 0.023058941587805748, 0.24250206351280212, 0.4106903672218323, 0.19648629426956177, 0.022208034992218018, 0.01316012628376484, 0.01430246140807867, 0.07463086396455765], "tonal.hpcp.stdev": [0.2835419178009033, 0.16048192977905273, 0.07198049128055573, 0.0847838744521141, 0.06945387274026871, 0.12374751269817352, 0.2119961827993393, 0.13757383823394775, 0.243048295378685, 0.40435099601745605, 0.21619805693626404, 0.0632183626294136, 0.08567303419113159, 0.08471205830574036, 0.1577712744474411, 0.2659030854701996, 0.17332322895526886, 0.09350711107254028, 0.08353541046380997, 0.09786641597747803, 0.22143539786338806, 0.326883465051651, 0.21917715668678284, 0.236373633146286, 0.32275575399398804, 0.19709858298301697, 0.09554269164800644, 0.08849696815013885, 0.0973760336637497, 0.27968212962150574, 0.41395118832588196, 0.23863881826400757, 0.09519609808921814, 0.0614931583404541, 0.06752396374940872, 0.19302724301815033], "rhythm.beats_position": [0.5572788715362549, 1.1493877172470093, 1.7414965629577637, 2.3103854656219482, 2.8908843994140625, 3.5062131881713867, 4.0634918212890625, 4.609160900115967, 5.154829978942871, 5.712108612060547, 6.257777690887451, 6.8034467697143555, 7.349115371704102, 7.894784450531006, 8.44045352935791, 8.986122131347656, 9.531790733337402, 10.077460289001465, 10.623128890991211, 11.168798446655273, 11.71446704864502, 12.260135650634766, 12.794195175170898, 13.339863777160645, 13.88553237915039, 14.442811965942383, 14.988480567932129, 15.534149169921875, 16.068208694458008, 16.625486373901367, 17.1595458984375, 17.705215454101562, 18.250883102416992, 18.808162689208984, 19.342222213745117, 19.899499893188477, 20.43355941772461, 20.9908390045166, 21.5248966217041, 22.070566177368164, 22.616235733032227, 23.16190528869629, 23.70757293701172, 24.25324249267578, 24.798912048339844, 25.344579696655273, 25.890249252319336, 26.4359188079834, 26.981586456298828, 27.52725601196289, 28.072925567626953, 28.618593215942383, 29.164262771606445, 29.709932327270508, 30.255599975585938, 30.80126953125, 31.346939086914062, 31.892606735229492, 32.43827438354492, 32.983943939208984, 33.52961349487305, 34.07528305053711, 34.62095260620117, 35.166622161865234, 35.71228790283203, 36.257957458496094, 36.803627014160156, 37.337684631347656, 37.89496612548828, 38.42902374267578, 38.98630142211914, 39.520362854003906], "rhythm.bpm_histogram": [0.0, 0.0, 0.0, 0.0, 0.0, 0.0, 0.0, 0.0, 0.0, 0.0, 0.0, 0.0, 0.0, 0.0, 0.0, 0.0, 0.0, 0.0, 0.0, 0.0, 0.0, 0.0, 0.0, 0.0, 0.0, 0.0, 0.0, 0.0, 0.0, 0.0, 0.0, 0.0, 0.0, 0.0, 0.0, 0.0, 0.0, 0.0, 0.0, 0.0, 0.0, 0.0, 0.0, 0.0, 0.0, 0.0, 0.0, 0.0, 0.0, 0.0, 0.0, 0.0, 0.0, 0.0, 0.0, 0.0, 0.0, 0.0, 0.0, 0.0, 0.0, 0.0, 0.0, 0.0, 0.0, 0.0, 0.0, 0.0, 0.0, 0.0, 0.0, 0.0, 0.0, 0.0, 0.0, 0.0, 0.0, 0.0, 0.0, 0.0, 0.0, 0.0, 0.0, 0.0, 0.0, 0.0, 0.0, 0.0, 0.0, 0.0, 0.0, 0.0, 0.0, 0.0, 0.0, 0.0, 0.0, 0.0, 0.014084506779909134, 0.0, 0.0, 0.028169013559818268, 0.0, 0.014084506779909134, 0.0, 0.014084506779909134, 0.0, 0.0, 0.1267605572938919, 0.0, 0.6760563254356384, 0.0, 0.1267605572938919, 0.0, 0.0, 0.0, 0.0, 0.0, 0.0, 0.0, 0.0, 0.0, 0.0, 0.0, 0.0, 0.0, 0.0, 0.0, 0.0, 0.0, 0.0, 0.0, 0.0, 0.0, 0.0, 0.0, 0.0, 0.0, 0.0, 0.0, 0.0, 0.0, 0.0, 0.0, 0.0, 0.0, 0.0, 0.0, 0.0, 0.0, 0.0, 0.0, 0.0, 0.0, 0.0, 0.0, 0.0, 0.0, 0.0, 0.0, 0.0, 0.0, 0.0, 0.0, 0.0, 0.0, 0.0, 0.0, 0.0, 0.0, 0.0, 0.0, 0.0, 0.0, 0.0, 0.0, 0.0, 0.0, 0.0, 0.0, 0.0, 0.0, 0.0, 0.0, 0.0, 0.0, 0.0, 0.0, 0.0, 0.0, 0.0, 0.0, 0.0, 0.0, 0.0, 0.0, 0.0, 0.0, 0.0, 0.0, 0.0, 0.0, 0.0, 0.0, 0.0, 0.0, 0.0, 0.0, 0.0, 0.0, 0.0, 0.0, 0.0, 0.0, 0.0, 0.0, 0.0, 0.0, 0.0, 0.0, 0.0, 0.0, 0.0, 0.0, 0.0, 0.0, 0.0, 0.0, 0.0, 0.0, 0.0, 0.0, 0.0, 0.0, 0.0, 0.0, 0.0, 0.0, 0.0, 0.0, 0.0, 0.0, 0.0, 0.0, 0.0, 0.0, 0.0, 0.0, 0.0, 0.0], "tonal.chords_histogram": [65.54524230957031, 0.23201856017112732, 7.192575454711914, 0.0, 0.0, 0.0, 0.0, 0.0, 0.0, 0.0, 0.0, 0.0, 0.0, 0.0, 0.0, 0.0, 0.0, 0.46403712034225464, 0.0, 2.436194896697998, 0.0, 2.0881669521331787, 19.373550415039062, 2.668213367462158], "tonal.thpcp": [1.0, 0.47842928767204285, 0.054074887186288834, 0.03204391151666641, 0.034825410693883896, 0.18172051012516022, 0.2835899591445923, 0.1375649869441986, 0.03172045946121216, 0.0331355482339859, 0.032435186207294464, 0.10736468434333801, 0.19207711517810822, 0.12611506879329681, 0.47830793261528015, 0.8538179397583008, 0.4145447611808777, 0.030628420412540436, 0.03563445433974266, 0.037521567195653915, 0.15319861471652985, 0.28799378871917725, 0.1803918033838272, 0.04523223638534546, 0.03458602726459503, 0.05377906933426857, 0.2845971882343292, 0.4769086539745331, 0.2863398790359497, 0.2964455485343933, 0.43224990367889404, 0.22343257069587708, 0.05145762488245964, 0.043571483343839645, 0.0561467781662941, 0.5904741883277893], "lowlevel.gfcc.cov": [[12529.8408203125, -2069.80810546875, -991.06494140625, 2108.333251953125, 293.6294250488281, 354.7190856933594, -417.4842834472656, 347.6274719238281, -462.7455749511719, 524.2420654296875, -701.989013671875, 580.015625, -248.65875244140625], [-2069.80810546875, 5063.80419921875, 673.5961303710938, -484.1178894042969, 1828.7750244140625, -371.2869567871094, 861.750732421875, -453.274169921875, 168.44497680664062, -369.6514587402344, 19.739927291870117, -491.4691162109375, 121.87250518798828], [-991.06494140625, 673.5961303710938, 1628.4356689453125, 530.4606323242188, 241.4806365966797, 315.92657470703125, 166.1477508544922, -83.20194244384766, -39.362396240234375, -188.4849853515625, 19.415143966674805, -193.44029235839844, -174.11572265625], [2108.333251953125, -484.1178894042969, 530.4606323242188, 1961.111328125, 769.4451904296875, 284.6488037109375, 84.973388671875, 112.6541519165039, -233.70465087890625, -63.6627197265625, -354.4237365722656, 42.56897735595703, -216.76210021972656], [293.6294250488281, 1828.7750244140625, 241.4806365966797, 769.4451904296875, 1798.4959716796875, 166.95436096191406, 377.1308288574219, -166.50958251953125, -124.24004364013672, -43.33118438720703, -287.50347900390625, -176.2514190673828, -31.242090225219727], [354.7190856933594, -371.2869567871094, 315.92657470703125, 284.6488037109375, 166.95436096191406, 950.5343627929688, 42.9638671875, -146.09454345703125, 28.794034957885742, 17.86858367919922, -21.91657829284668, -151.41172790527344, -123.49040985107422], [-417.4842834472656, 861.750732421875, 166.1477508544922, 84.973388671875, 377.1308288574219, 42.9638671875, 603.7178344726562, -1.9458061456680298, -73.30712890625, -106.99608612060547, -36.30329513549805, -39.85139846801758, -54.44641876220703], [347.6274719238281, -453.274169921875, -83.20194244384766, 112.6541519165039, -166.50958251953125, -146.09454345703125, -1.9458061456680298, 389.8502197265625, 39.004478454589844, -26.259111404418945, -35.811317443847656, 101.39996337890625, -28.807086944580078], [-462.7455749511719, 168.44497680664062, -39.362396240234375, -233.70465087890625, -124.24004364013672, 28.794034957885742, -73.30712890625, 39.004478454589844, 371.9727783203125, 1.140454649925232, 62.05171585083008, -100.96829986572266, 29.084842681884766], [524.2420654296875, -369.6514587402344, -188.4849853515625, -63.6627197265625, -43.33118438720703, 17.86858367919922, -106.99608612060547, -26.259111404418945, 1.140454649925232, 302.71026611328125, 24.62954330444336, 58.7026481628418, 18.33637237548828], [-701.989013671875, 19.739927291870117, 19.415143966674805, -354.4237365722656, -287.50347900390625, -21.91657829284668, -36.30329513549805, -35.811317443847656, 62.05171585083008, 24.62954330444336, 298.4251708984375, 0.9169967174530029, 8.882421493530273], [580.015625, -491.4691162109375, -193.44029235839844, 42.56897735595703, -176.2514190673828, -151.41172790527344, -39.85139846801758, 101.39996337890625, -100.96829986572266, 58.7026481628418, 0.9169967174530029, 273.5789489746094, 7.863577842712402], [-248.65875244140625, 121.87250518798828, -174.11572265625, -216.76210021972656, -31.242090225219727, -123.49040985107422, -54.44641876220703, -28.807086944580078, 29.084842681884766, 18.33637237548828, 8.882421493530273, 7.863577842712402, 176.43077087402344]], "lowlevel.gfcc.icov": [[0.00017985199519898742, -0.0002332153235329315, 0.00021036418911535293, -0.000280430365819484, 0.00028380105504766107, -0.0002493634237907827, 0.000255500985076651, -0.00019866300863213837, 0.00020815481548197567, -0.0003778025566134602, 0.0003369355108588934, -0.00030123014585115016, 0.00020118615066166967], [-0.0002332153235329315, 0.0015685617690905929, -0.0007120284135453403, 0.0009989907266572118, -0.0017280835891142488, 0.001250357599928975, -0.0012757955119013786, 0.001139461062848568, -0.0010470421984791756, 0.0013310698559507728, -0.0008915893267840147, 0.0009689381113275886, -0.0004900568164885044], [0.00021036418911535293, -0.0007120284135453403, 0.0012833006912842393, -0.0008065911824814975, 0.0008480225224047899, -0.0006910983356647193, 0.0005285635706968606, -0.00040970920235849917, 0.0006055072299204767, -0.0003475584089756012, 0.000162233438459225, -2.3740074539091438e-05, 0.0007556697819381952], [-0.000280430365819484, 0.0009989907266572118, -0.0008065911824814975, 0.0017904279520735145, -0.00149539636913687, 0.0006642204243689775, -0.0005668448866344988, 0.0003857350966427475, -0.00041044666431844234, 0.0010749510256573558, 2.3879163563833572e-05, 0.00032675021793693304, 0.0003467425995040685], [0.00028380105504766107, -0.0017280835891142488, 0.0008480225224047899, -0.00149539636913687, 0.0029040896333754063, -0.0013088651467114687, 0.0008396971970796585, -0.0008465073769912124, 0.0012092626420781016, -0.0017213361570611596, 0.001538060256280005, -0.0004874719597864896, 0.0002362306258874014], [-0.0002493634237907827, 0.001250357599928975, -0.0006910983356647193, 0.0006642204243689775, -0.0013088651467114687, 0.0024339703377336264, -0.0011103741126134992, 0.001432207878679037, -0.0010456920135766268, 0.0008372497977688909, -0.0007470890996046364, 0.001421237364411354, 0.00034154977765865624], [0.000255500985076651, -0.0012757955119013786, 0.0005285635706968606, -0.0005668448866344988, 0.0008396971970796585, -0.0011103741126134992, 0.003284050151705742, -0.0012400915147736669, 0.0012758931843563914, -0.0004929043934680521, 0.0007015960291028023, -0.0009644555975683033, 0.0010976174380630255], [-0.00019866300863213837, 0.001139461062848568, -0.00040970920235849917, 0.0003857350966427475, -0.0008465073769912124, 0.001432207878679037, -0.0012400915147736669, 0.004435895476490259, -0.0017939518438652158, 0.0013804386835545301, -0.000137563023599796, -0.0004276299150660634, 0.00037488239468075335], [0.00020815481548197567, -0.0010470421984791756, 0.0006055072299204767, -0.00041044666431844234, 0.0012092626420781016, -0.0010456920135766268, 0.0012758931843563914, -0.0017939518438652158, 0.004407592583447695, -0.0010626978473737836, 0.00022760209685657173, 0.00107428221963346, 1.7474243577453308e-05], [-0.0003778025566134602, 0.0013310698559507728, -0.0003475584089756012, 0.0010749510256573558, -0.0017213361570611596, 0.0008372497977688909, -0.0004929043934680521, 0.0013804386835545301, -0.0010626978473737836, 0.005381174851208925, -0.0013788961805403233, 2.0401554138516076e-05, -0.00043531565461307764], [0.0003369355108588934, -0.0008915893267840147, 0.000162233438459225, 2.3879163563833572e-05, 0.001538060256280005, -0.0007470890996046364, 0.0007015960291028023, -0.000137563023599796, 0.00022760209685657173, -0.0013788961805403233, 0.005753554869443178, -0.0011452027829363942, 0.0010908541735261679], [-0.00030123014585115016, 0.0009689381113275886, -2.3740074539091438e-05, 0.00032675021793693304, -0.0004874719597864896, 0.001421237364411354, -0.0009644555975683033, -0.0004276299150660634, 0.00107428221963346, 2.0401554138516076e-05, -0.0011452027829363942, 0.006870706100016832, -0.000602632062509656], [0.00020118615066166967, -0.0004900568164885044, 0.0007556697819381952, 0.0003467425995040685, 0.0002362306258874014, 0.00034154977765865624, 0.0010976174380630255, 0.00037488239468075335, 1.7474243577453308e-05, -0.00043531565461307764, 0.0010908541735261679, -0.000602632062509656, 0.00815690029412508]], "lowlevel.mfcc.cov": [[12845.4296875, -2742.234619140625, -1424.4400634765625, 1329.27294921875, 288.35064697265625, 706.3806762695312, -203.9954071044922, 90.421875, 127.67862701416016, -123.37844848632812, 20.410633087158203, -278.39678955078125, 185.2163543701172], [-2742.234619140625, 5231.7021484375, -642.6383056640625, 535.4310302734375, 411.1140441894531, 347.2649841308594, 433.05291748046875, 21.347274780273438, 256.8915710449219, 35.940513610839844, 56.172752380371094, -111.42020416259766, 22.387699127197266], [-1424.4400634765625, -642.6383056640625, 2081.337646484375, -397.385009765625, 34.67441177368164, 33.869197845458984, 117.11937713623047, 170.64414978027344, -188.17117309570312, 121.87619018554688, 21.67987060546875, 177.1797332763672, -194.25355529785156], [1329.27294921875, 535.4310302734375, -397.385009765625, 2109.4736328125, 580.6179809570312, 459.0615539550781, 406.0132751464844, 349.0768737792969, 238.30426025390625, -184.09141540527344, 68.98690032958984, -247.1247100830078, -65.1922607421875], [288.35064697265625, 411.1140441894531, 34.67441177368164, 580.6179809570312, 1051.2344970703125, 573.0604858398438, 235.37892150878906, 112.46846771240234, 138.5882110595703, 127.97714233398438, 29.879384994506836, -137.023681640625, -173.59938049316406], [706.3806762695312, 347.2649841308594, 33.869197845458984, 459.0615539550781, 573.0604858398438, 1083.0074462890625, 410.86962890625, 66.79227447509766, 109.78450775146484, 146.60528564453125, 24.550521850585938, -164.37118530273438, -29.616214752197266], [-203.9954071044922, 433.05291748046875, 117.11937713623047, 406.0132751464844, 235.37892150878906, 410.86962890625, 555.3115844726562, 190.2678985595703, 44.30634689331055, -2.23791766166687, 40.76507568359375, -44.09709548950195, -26.24359130859375], [90.421875, 21.347274780273438, 170.64414978027344, 349.0768737792969, 112.46846771240234, 66.79227447509766, 190.2678985595703, 450.0706787109375, 109.54653930664062, -31.331350326538086, 26.729610443115234, 54.233482360839844, 2.717257261276245], [127.67862701416016, 256.8915710449219, -188.17117309570312, 238.30426025390625, 138.5882110595703, 109.78450775146484, 44.30634689331055, 109.54653930664062, 320.680419921875, 56.97802734375, -28.101825714111328, -37.411964416503906, 26.86233901977539], [-123.37844848632812, 35.940513610839844, 121.87619018554688, -184.09141540527344, 127.97714233398438, 146.60528564453125, -2.23791766166687, -31.331350326538086, 56.97802734375, 292.21600341796875, 51.97505187988281, -3.5724802017211914, -34.96730422973633], [20.410633087158203, 56.172752380371094, 21.67987060546875, 68.98690032958984, 29.879384994506836, 24.550521850585938, 40.76507568359375, 26.729610443115234, -28.101825714111328, 51.97505187988281, 206.0939178466797, 41.116939544677734, -14.280393600463867], [-278.39678955078125, -111.42020416259766, 177.1797332763672, -247.1247100830078, -137.023681640625, -164.37118530273438, -44.09709548950195, 54.233482360839844, -37.411964416503906, -3.5724802017211914, 41.116939544677734, 253.46336364746094, 48.616371154785156], [185.2163543701172, 22.387699127197266, -194.25355529785156, -65.1922607421875, -173.59938049316406, -29.616214752197266, -26.24359130859375, 2.717257261276245, 26.86233901977539, -34.96730422973633, -14.280393600463867, 48.616371154785156, 263.02996826171875]], "lowlevel.mfcc.icov": [[0.00012239157513249665, 7.948595884954557e-05, 9.224913083016872e-05, -7.41031690267846e-05, 1.0466282219567802e-05, -0.00013104698155075312, 0.00012385375157464296, -4.900363273918629e-05, 3.7844634789507836e-05, 5.083405540062813e-06, -2.2423821064876392e-05, 2.9097789138177177e-06, -4.3116146116517484e-05], [7.948595884954557e-05, 0.0002774363092612475, 0.00012095299462089315, -4.6888573706382886e-05, -5.761363354395144e-05, -3.3542150049470365e-05, -0.00014432314492296427, 7.6957447163295e-05, -0.00012108763621654361, -1.8334186506763217e-06, -6.628753180848435e-05, -1.3440771908790339e-05, -4.786838690051809e-05], [9.224913083016872e-05, 0.00012095299462089315, 0.0007686805911362171, 4.476559843169525e-05, 2.3286416762857698e-05, -0.00016231113113462925, -7.118596113286912e-05, -0.00039915545494295657, 0.00045775665785185993, -0.00031146444962359965, 0.00020409279386512935, -0.0004244922602083534, 0.000499029119964689], [-7.41031690267846e-05, -4.6888573706382886e-05, 4.476559843169525e-05, 0.0009947638027369976, -0.0003200523788109422, 1.688175643721479e-06, -0.0002938839024864137, -0.0004532214079517871, -0.00044210435589775443, 0.0008800614741630852, -0.0005762722576037049, 0.0007328196079470217, 9.551226685289294e-05], [1.0466282219567802e-05, -5.761363354395144e-05, 2.3286416762857698e-05, -0.0003200523788109422, 0.0017713914858177304, -0.0007507362752221525, 0.00018786512373480946, -0.0001676112733548507, -0.000178658461663872, -0.0004805033968295902, 0.00011290809197816998, -4.799177622771822e-05, 0.0010098350467160344], [-0.00013104698155075312, -3.3542150049470365e-05, -0.00016231113113462925, 1.688175643721479e-06, -0.0007507362752221525, 0.0020973479840904474, -0.0013478819746524096, 0.00042490390478633344, -9.984458301914856e-05, -0.0007369111990556121, 0.0001055620305123739, 0.0006633324082940817, -0.0006271652528084815], [0.00012385375157464296, -0.00014432314492296427, -7.118596113286912e-05, -0.0002938839024864137, 0.00018786512373480946, -0.0013478819746524096, 0.0034971919376403093, -0.0011476264335215092, 0.00042462997953407466, 0.0004001698980573565, -0.00031369415228255093, 1.286669521505246e-05, 0.00012309137673582882], [-4.900363273918629e-05, 7.6957447163295e-05, -0.00039915545494295657, -0.0004532214079517871, -0.0001676112733548507, 0.00042490390478633344, -0.0011476264335215092, 0.0036765129771083593, -0.0012932760873809457, 0.0003361171402502805, -0.00015510852972511202, -0.0011025987332686782, -0.00022228907619137317], [3.7844634789507836e-05, -0.00012108763621654361, 0.00045775665785185993, -0.00044210435589775443, -0.000178658461663872, -9.984458301914856e-05, 0.00042462997953407466, -0.0012932760873809457, 0.004738909658044577, -0.0016570264706388116, 0.0012825815938413143, -1.0629319149302319e-05, -0.00049393973313272], [5.083405540062813e-06, -1.8334186506763217e-06, -0.00031146444962359965, 0.0008800614741630852, -0.0004805033968295902, -0.0007369111990556121, 0.0004001698980573565, 0.0003361171402502805, -0.0016570264706388116, 0.005430920515209436, -0.0018821674166247249, 0.0004139198281336576, 0.00033354939660057425], [-2.2423821064876392e-05, -6.628753180848435e-05, 0.00020409279386512935, -0.0005762722576037049, 0.00011290809197816998, 0.0001055620305123739, -0.00031369415228255093, -0.00015510852972511202, 0.0012825815938413143, -0.0018821674166247249, 0.006074707955121994, -0.0015338710509240627, 0.00031815265538170934], [2.9097789138177177e-06, -1.3440771908790339e-05, -0.0004244922602083534, 0.0007328196079470217, -4.799177622771822e-05, 0.0006633324082940817, 1.286669521505246e-05, -0.0011025987332686782, -1.0629319149302319e-05, 0.0004139198281336576, -0.0015338710509240627, 0.006085062865167856, -0.0012289625592529774], [-4.3116146116517484e-05, -4.786838690051809e-05, 0.000499029119964689, 9.551226685289294e-05, 0.0010098350467160344, -0.0006271652528084815, 0.00012309137673582882, -0.00022228907619137317, -0.00049393973313272, 0.00033354939660057425, 0.00031815265538170934, -0.0012289625592529774, 0.005178162362426519]], "metadata.audio_properties.analysis.downmix": "mix", "metadata.audio_properties.codec": "mp3", "metadata.audio_properties.md5_encoded": 