{"song_id": "1182282001735233536", "download": "https://cdn.discordapp.com/attachments/1135911532732108921/1182282001735233536/chirp.mp4?ex=658420ea&amp", "lyrics": "[verse]\n\u0411\u044b\u0447\u044c\u0435 \u0440\u0443\u0431\u0438\u043b\u043e\u0432\u043e \u0431\u0435\u0437\u0443\u043c\u043d\u044b\u0435 \u0443\u0434\u0430\u0440\u044b\n\u0411\u0435\u0448\u0435\u043d\u0441\u0442\u0432\u043e \u0414\u0435\u0434 \u043c\u0430\u0442\u0447! \u0432\u044b\u0448\u0438\u0431\u0430\u043b\u043e\u0432\u043e\n\u0420\u0443\u0431\u0438\u043b\u043e\u0447\u043a\u0430 \u0447\u0435\u0440\u0435\u043f\u043e\u043c \u043f\u043e \u0431\u044b\u0447\u044c\u0438\n\u041e\u0442\u0434\u0443\u0431\u0430\u0448\u0435\u043d\u043e \u0436\u0435\u043b\u0435\u0437\u043e\u043c \u043a\u0438\u0431\u043e\u0440\u0433\u0430 \u043f\u0440\u0435\u0434\u043c\u0435\u0442\n\n[chorus]\n\u0411\u044b\u0447\u044c\u0435 \u0440\u0443\u0431\u0438\u043b\u043e\u0432\u043e \u0431\u0435\u0437\u0443\u043c\u043d\u044b\u0435 \u0443\u0434\u0430\u0440\u044b\n\u0411\u0435\u0448\u0435\u043d\u0441\u0442\u0432\u043e \u0414\u0435\u0434 \u043c\u0430\u0442\u0447! \u0432\u044b\u0448\u0438\u0431\u0430\u043b\u043e\u0432\u043e\n\u0420\u0443\u0431\u0438\u043b\u043e\u0447\u043a\u0430 \u0447\u0435\u0440\u0435\u043f\u043e\u043c \u043f\u043e \u0431\u044b\u0447\u044c\u0438\n\u041e\u0442\u0434\u0443\u0431\u0430\u0448\u0435\u043d\u043e \u0436\u0435\u043b\u0435\u0437\u043e\u043c \u043a\u0438\u0431\u043e\u0440\u0433\u0430 \u043f\u0440\u0435\u0434\u043c\u0435\u0442", "style": ["extremely hardcore death metal"], "essentia_features": {"lowlevel.average_loudness": 0.9784966111183167, "lowlevel.barkbands_crest.mean": 14.550416946411133, "lowlevel.barkbands_crest.stdev": 5.481814861297607, "lowlevel.barkbands_flatness_db.mean": 0.19270172715187073, "lowlevel.barkbands_flatness_db.stdev": 0.07080785930156708, "lowlevel.barkbands_kurtosis.mean": 23.093503952026367, "lowlevel.barkbands_kurtosis.stdev": 56.30504608154297, "lowlevel.barkbands_skewness.mean": 3.1821932792663574, "lowlevel.barkbands_skewness.stdev": 2.80934476852417, "lowlevel.barkbands_spread.mean": 24.585290908813477, "lowlevel.barkbands_spread.stdev": 24.347593307495117, "lowlevel.dissonance.mean": 0.44282785058021545, "lowlevel.dissonance.stdev": 0.04642655700445175, "lowlevel.dynamic_complexity": 2.743663787841797, "lowlevel.erbbands_crest.mean": 13.14583969116211, "lowlevel.erbbands_crest.stdev": 6.827085971832275, "lowlevel.erbbands_flatness_db.mean": 0.14325463771820068, "lowlevel.erbbands_flatness_db.stdev": 0.05077217146754265, "lowlevel.erbbands_kurtosis.mean": 3.3232171535491943, "lowlevel.erbbands_kurtosis.stdev": 6.748146057128906, "lowlevel.erbbands_skewness.mean": 0.8930933475494385, "lowlevel.erbbands_skewness.stdev": 1.4721648693084717, "lowlevel.erbbands_spread.mean": 55.275535583496094, "lowlevel.erbbands_spread.stdev": 32.35455322265625, "lowlevel.hfc.mean": 17.066753387451172, "lowlevel.hfc.stdev": 18.53436279296875, "lowlevel.loudness_ebu128.integrated": -16.970191955566406, "lowlevel.loudness_ebu128.loudness_range": 0.5917282104492188, "lowlevel.loudness_ebu128.momentary.mean": -17.303455352783203, "lowlevel.loudness_ebu128.momentary.stdev": 1.9106688499450684, "lowlevel.loudness_ebu128.short_term.mean": -16.99929428100586, "lowlevel.loudness_ebu128.short_term.stdev": 0.18835292756557465, "lowlevel.melbands_crest.mean": 19.45786476135254, "lowlevel.melbands_crest.stdev": 6.400990009307861, "lowlevel.melbands_flatness_db.mean": 0.2600180506706238, "lowlevel.melbands_flatness_db.stdev": 0.09443648159503937, "lowlevel.melbands_kurtosis.mean": 59.356689453125, "lowlevel.melbands_kurtosis.stdev": 79.81462860107422, "lowlevel.melbands_skewness.mean": 5.022703170776367, "lowlevel.melbands_skewness.stdev": 3.528205633163452, "lowlevel.melbands_spread.mean": 20.23614501953125, "lowlevel.melbands_spread.stdev": 29.02389144897461, "lowlevel.pitch_salience.mean": 0.4109390377998352, "lowlevel.pitch_salience.stdev": 0.14355586469173431, "lowlevel.silence_rate_20dB.mean": 0.9985975027084351, "lowlevel.silence_rate_20dB.stdev": 0.03742402419447899, "lowlevel.silence_rate_30dB.mean": 0.8583450317382812, "lowlevel.silence_rate_30dB.stdev": 0.34869498014450073, "lowlevel.silence_rate_60dB.mean": 0.07012622803449631, "lowlevel.silence_rate_60dB.stdev": 0.25535890460014343, "lowlevel.spectral_centroid.mean": 1252.019287109375, "lowlevel.spectral_centroid.stdev": 1063.8720703125, "lowlevel.spectral_complexity.mean": 7.17952299118042, "lowlevel.spectral_complexity.stdev": 5.273053169250488, "lowlevel.spectral_decrease.mean": -1.0670017758229733e-08, "lowlevel.spectral_decrease.stdev": 1.79880910167185e-08, "lowlevel.spectral_energy.mean": 0.04181913286447525, "lowlevel.spectral_energy.stdev": 0.06882862001657486, "lowlevel.spectral_energyband_high.mean": 0.001288613653741777, "lowlevel.spectral_energyband_high.stdev": 0.001781834987923503, "lowlevel.spectral_energyband_low.mean": 0.031661733984947205, "lowlevel.spectral_energyband_low.stdev": 0.06414385885000229, "lowlevel.spectral_energyband_middle_high.mean": 0.0013383758487179875, "lowlevel.spectral_energyband_middle_high.stdev": 0.0016077362233772874, "lowlevel.spectral_energyband_middle_low.mean": 0.009941092692315578, "lowlevel.spectral_energyband_middle_low.stdev": 0.017545312643051147, "lowlevel.spectral_entropy.mean": 7.658077239990234, "lowlevel.spectral_entropy.stdev": 0.5857604146003723, "lowlevel.spectral_flux.mean": 0.10948245227336884, "lowlevel.spectral_flux.stdev": 0.1203135997056961, "lowlevel.spectral_kurtosis.mean": 2.026968002319336, "lowlevel.spectral_kurtosis.stdev": 1.7284139394760132, "lowlevel.spectral_rms.mean": 0.005022241268306971, "lowlevel.spectral_rms.stdev": 0.003946672659367323, "lowlevel.spectral_rolloff.mean": 1785.9874267578125, "lowlevel.spectral_rolloff.stdev": 2776.204345703125, "lowlevel.spectral_skewness.mean": 1.3078089952468872, "lowlevel.spectral_skewness.stdev": 0.4952228367328644, "lowlevel.spectral_spread.mean": 7939611.5, "lowlevel.spectral_spread.stdev": 1738825.625, "lowlevel.spectral_strongpeak.mean": 0.7594500184059143, "lowlevel.spectral_strongpeak.stdev": 0.6542260050773621, "lowlevel.zerocrossingrate.mean": 0.07666837424039841, "lowlevel.zerocrossingrate.stdev": 0.062041398137807846, "metadata.audio_properties.analysis.equal_loudness": 0.0, "metadata.audio_properties.analysis.length": 16.511995315551758, "metadata.audio_properties.analysis.sample_rate": 44100.0, "metadata.audio_properties.analysis.start_time": 0.0, "metadata.audio_properties.bit_rate": 120476.0, "metadata.audio_properties.length": 16.511999130249023, "metadata.audio_properties.lossless": 0.0, "metadata.audio_properties.number_channels": 1.0, "metadata.audio_properties.replay_gain": -9.89471435546875, "metadata.audio_properties.sample_rate": 48000.0, "rhythm.beats_count": 32.0, "rhythm.beats_loudness.mean": 0.2034701257944107, "rhythm.beats_loudness.stdev": 0.04061950370669365, "rhythm.bpm": 119.64768981933594, "rhythm.bpm_histogram_first_peak_bpm": 120.0, "rhythm.bpm_histogram_first_peak_weight": 0.3333333134651184, "rhythm.bpm_histogram_second_peak_bpm": 112.0, "rhythm.bpm_histogram_second_peak_spread": 0.0, "rhythm.bpm_histogram_second_peak_weight": 0.032258063554763794, "rhythm.danceability": 3.1119329929351807, "rhythm.onset_rate": 6.048652648925781, "tonal.chords_changes_rate": 0.06162464991211891, "tonal.chords_number_rate": 0.014005602337419987, "tonal.chords_strength.mean": 0.5679509043693542, "tonal.chords_strength.stdev": 0.07918351143598557, "tonal.hpcp_crest.mean": 15.1248197555542, "tonal.hpcp_crest.stdev": 5.746394634246826, "tonal.hpcp_entropy.mean": 1.6820130348205566, "tonal.hpcp_entropy.stdev": 0.585189938545227, "tonal.key_edma.strength": 0.7666252851486206, "tonal.key_krumhansl.strength": 0.7678682804107666, "tonal.key_temperley.strength": 0.7643008828163147, "tonal.tuning_diatonic_strength": 0.4992212951183319, "tonal.tuning_equal_tempered_deviation": 0.2110326886177063, "tonal.tuning_frequency": 434.193115234375, "tonal.tuning_nontempered_energy_ratio": 0.9531677961349487, "lowlevel.barkbands.mean": [0.0005831977468915284, 0.022239238023757935, 0.006571214646100998, 0.0033735099714249372, 0.0028256471268832684, 0.002515109721571207, 0.0001912962761707604, 0.0001863150973804295, 0.00053081737132743, 0.0006614988087676466, 0.00038945578853599727, 6.520764145534486e-05, 3.868585918098688e-05, 6.002862937748432e-05, 5.5691387387923896e-05, 3.5668468626681715e-05, 2.9379418265307322e-05, 3.743916022358462e-05, 7.810501847416162e-05, 0.0001317959395237267, 0.00021632346033584327, 0.00015008432092145085, 0.000244533468503505, 0.00025423153419978917, 0.0002272860292578116, 0.00012617738684639335, 1.1888985227415105e-06], "lowlevel.barkbands.stdev": [0.0012480878503993154, 0.052597083151340485, 0.020891500636935234, 0.012775342911481857, 0.0047028628177940845, 0.004610814619809389, 0.0005051259067840874, 0.0005454159690998495, 0.0013208725722506642, 0.001609375816769898, 0.0006640006322413683, 0.00017309475515503436, 7.432759593939409e-05, 0.00011690006795106456, 0.00010867413220694289, 6.726217543473467e-05, 5.85357665841002e-05, 7.081733201630414e-05, 0.00016531885194126517, 0.00023790745763108134, 0.00042783861863426864, 0.0002557331172283739, 0.0004214218643028289, 0.0003819664416369051, 0.0003525266074575484, 0.00019168033031746745, 4.234570951666683e-06], "lowlevel.erbbands.mean": [0.6911232471466064, 4.761502265930176, 7.602088928222656, 11.21513843536377, 7.085433006286621, 9.457053184509277, 26.581558227539062, 13.46756649017334, 3.0642614364624023, 3.486232280731201, 5.003542900085449, 9.15520191192627, 23.044845581054688, 18.57087516784668, 12.303050994873047, 3.2404661178588867, 1.8385281562805176, 3.087585210800171, 3.103644609451294, 2.5166778564453125, 1.7996448278427124, 1.730665922164917, 1.857003092765808, 3.0736749172210693, 4.809143543243408, 6.304492950439453, 8.912445068359375, 7.194622039794922, 5.780576705932617, 5.686115741729736, 7.0103654861450195, 5.472934246063232, 4.270967483520508, 2.655189275741577, 1.537545919418335, 0.7006350159645081, 0.1958158016204834, 0.023207636550068855, 0.0004686131433118135, 6.829467019997537e-05], "lowlevel.erbbands.stdev": [1.6422703266143799, 11.594883918762207, 20.22287940979004, 40.271060943603516, 23.417043685913086, 16.498329162597656, 43.92745590209961, 33.54519271850586, 8.791129112243652, 7.818080902099609, 14.686464309692383, 20.987863540649414, 55.51340866088867, 41.70489501953125, 19.395383834838867, 8.14268970489502, 3.2664926052093506, 6.083330154418945, 5.90529203414917, 4.338040828704834, 3.4668190479278564, 3.59446382522583, 3.535513401031494, 5.982950687408447, 10.283595085144043, 11.515935897827148, 19.843154907226562, 13.00206184387207, 10.0211820602417, 9.8155517578125, 11.77896785736084, 8.66178035736084, 6.616393089294434, 4.145239353179932, 2.5260188579559326, 1.1378200054168701, 0.29342833161354065, 0.040070515125989914, 0.0007537883939221501, 8.725103543838486e-05], "lowlevel.gfcc.mean": [-36.5441780090332, 44.31195068359375, -66.98760986328125, 34.311649322509766, -66.98703002929688, 32.584228515625, -31.43476104736328, 18.15049934387207, -35.24283218383789, 7.057751178741455, -18.927520751953125, 10.683379173278809, 0.4754902720451355], "lowlevel.melbands.mean": [0.00627881521359086, 0.004738320130854845, 0.0017629927024245262, 0.0005297250463627279, 0.0008219254086725414, 0.000331579998601228, 4.227712634019554e-05, 3.5467812267597765e-05, 4.098300269106403e-05, 7.051869761198759e-05, 0.00011518169048940763, 7.320488657569513e-05, 5.497646998264827e-05, 7.984124749782495e-06, 5.229525413597003e-06, 4.437071311258478e-06, 5.689590125257382e-06, 4.993290986021748e-06, 3.6861626995232655e-06, 2.8674862733168993e-06, 1.9643421182991005e-06, 1.8464668301021447e-06, 1.4724229231433128e-06, 1.863653892542061e-06, 2.4755493086559e-06, 3.163579322063015e-06, 4.1179059735441115e-06, 4.0199397517426405e-06, 5.072626663604751e-06, 5.97999269302818e-06, 3.5083121474599466e-06, 3.3578223792574136e-06, 2.683073944353964e-06, 3.461904725554632e-06, 4.008892574347556e-06, 3.815527634287719e-06, 3.277281621194561e-06, 3.106824806309305e-06, 2.495760099918698e-06, 2.1784894670418e-06], "lowlevel.melbands.stdev": [0.01487770676612854, 0.010612334124743938, 0.006149807944893837, 0.001206614775583148, 0.0012395482044667006, 0.0007496537873521447, 0.00012914635590277612, 8.286732918350026e-05, 0.0001264771999558434, 0.00016197076183743775, 0.0002761629584711045, 0.00018146632646676153, 9.101133036892861e-05, 2.075437987514306e-05, 1.0959015526168514e-05, 8.533113032171968e-06, 1.1426729543018155e-05, 9.65341769187944e-06, 7.386285233224044e-06, 5.105332093080506e-06, 4.102101684111403e-06, 3.821246536972467e-06, 3.313880824862281e-06, 3.5456389468890848e-06, 5.030125976190902e-06, 7.28691202311893e-06, 8.36004164739279e-06, 7.58036276238272e-06, 1.1726530829037074e-05, 1.2080448868800886e-05, 6.655539891653461e-06, 6.186187420098577e-06, 4.440645625436446e-06, 6.5305453063047025e-06, 6.983702405705117e-06, 6.558821951330174e-06, 5.230658643995412e-06, 4.89138164994074e-06, 3.9781079976819456e-06, 3.5602224670583382e-06], "lowlevel.melbands128.mean": [0.0005601714947260916, 0.005039297975599766, 0.009542933665215969, 0.007190457079559565, 0.004146922845393419, 0.0032323352061212063, 0.0025189146399497986, 0.0013373984256759286, 0.000568241230212152, 0.00045810951269231737, 0.0004798878508154303, 0.0006760038668289781, 0.0011208581272512674, 0.0007582003599964082, 0.00031284542637877166, 0.00010425472282804549, 4.24138197558932e-05, 3.138031024718657e-05, 3.456418926361948e-05, 5.0588725571287796e-05, 2.0388386474223807e-05, 3.5876968468073756e-05, 5.2174920710967854e-05, 3.347882739035413e-05, 3.392455982975662e-05, 7.695209933444858e-05, 0.00017850124277174473, 0.0001339948212262243, 3.486524656182155e-05, 0.00010163653496420011, 5.701040572603233e-05, 7.518290658481419e-05, 8.749499829718843e-05, 1.1749719305953477e-05, 5.095509550301358e-06, 9.622245670470875e-06, 9.232912816514727e-06, 4.3670006562024355e-06, 3.4690494885580847e-06, 3.1299009606300388e-06, 3.701210061990423e-06, 8.03526199888438e-06, 5.933447027928196e-06, 4.6303143790282775e-06, 4.36254003943759e-06, 5.620524461846799e-06, 5.240020982455462e-06, 3.1306160508393077e-06, 3.146256176478346e-06, 4.061969320900971e-06, 2.7020994366466766e-06, 1.8912785435531987e-06, 2.0650657006626716e-06, 1.947660393852857e-06, 1.8412042663840111e-06, 2.1082282728457358e-06, 1.5627692846464925e-06, 1.3865102346244385e-06, 1.4863124988551135e-06, 1.4768654637009604e-06, 1.9078865989285987e-06, 2.0746920199599117e-06, 2.3297222924156813e-06, 2.6527204681769945e-06, 2.5177989755320596e-06, 3.376425183887477e-06, 3.289415417384589e-06, 3.5601999570644693e-06, 4.412343969306676e-06, 4.8670967771613505e-06, 3.865571670758072e-06, 3.605627171054948e-06, 4.151953817199683e-06, 5.34046830580337e-06, 6.172000666992972e-06, 6.709994977427414e-06, 5.883460744371405e-06, 3.8127809602883644e-06, 3.269293301855214e-06, 2.8638175990636228e-06, 3.5088414733763784e-06, 3.761757625397877e-06, 2.790211738101789e-06, 2.5420013116672635e-06, 2.4739911168580875e-06, 3.0218450319807744e-06, 3.9516130527772475e-06, 4.091084065294126e-06, 3.5864979963662336e-06, 4.395572432258632e-06, 4.457035629457096e-06, 3.603263849072391e-06, 2.810990054058493e-06, 3.3623418858041987e-06, 3.4983359000761993e-06, 3.1545798719889717e-06, 3.036669340872322e-06, 3.0509399948641658e-06, 2.4455632683384465e-06, 2.34685285249725e-06, 2.072917141049402e-06, 2.2594308575207833e-06, 2.02322530640231e-06, 2.3310203687287867e-06, 1.5190721569524612e-06, 1.4324035646495759e-06, 1.6149328985193279e-06, 1.5265519550666795e-06, 1.2558731441458804e-06, 9.449346975998196e-07, 7.517161293435493e-07, 6.730494988005375e-07, 6.295786647569912e-07, 4.998320832783065e-07, 4.560392312669137e-07, 2.739917874805542e-07, 5.270862502015916e-08, 9.345374474278856e-10, 6.861716923822758e-12, 6.552383201990919e-12, 6.347070004991684e-12, 6.198731198475693e-12, 6.034636765989143e-12, 5.915052302130075e-12, 5.773453763679992e-12, 5.606946330838358e-12, 5.50869246052077e-12, 5.468944741515713e-12], "lowlevel.melbands128.stdev": [0.0012200743658468127, 0.012113818898797035, 0.02416856773197651, 0.018067333847284317, 0.010670979507267475, 0.01083145011216402, 0.009401645511388779, 0.005103747826069593, 0.0020793869625777006, 0.0013354235561564565, 0.0010605724528431892, 0.001089327153749764, 0.0021370488684624434, 0.0016523870872333646, 0.001025221892632544, 0.0005566997569985688, 0.0001587164879310876, 0.0001541799574624747, 8.345664537046105e-05, 0.0001245531893800944, 9.375990339322016e-05, 0.00011408179125282913, 0.00018989449017681181, 0.00016284565208479762, 0.00013492094876710325, 0.00021808419842272997, 0.00044387372327037156, 0.0004862493078690022, 9.30995011003688e-05, 0.0003452221571933478, 0.00017928265151567757, 0.00014726287918165326, 0.0001536884083179757, 3.000230572069995e-05, 1.6296802641591057e-05, 3.512355397106148e-05, 3.0312723538372666e-05, 9.7485572041478e-06, 8.86322777660098e-06, 7.402835308312206e-06, 7.942967386043165e-06, 2.167599268432241e-05, 1.471040741307661e-05, 1.1614305549301207e-05, 1.0001713235396892e-05, 1.3139345355739351e-05, 1.318170234299032e-05, 1.0060954082291573e-05, 6.2827166402712464e-06, 7.90112062531989e-06, 6.266065611271188e-06, 4.000909484602744e-06, 5.432918442238588e-06, 4.534917934506666e-06, 4.044362412969349e-06, 4.863317826675484e-06, 4.037527560285525e-06, 3.3072496989916544e-06, 3.919262780982535e-06, 3.731518518179655e-06, 3.877037215715973e-06, 5.0315870794293005e-06, 5.248949491942767e-06, 5.704402155970456e-06, 5.989211786072701e-06, 9.03180171007989e-06, 8.397119017899968e-06, 9.657494956627488e-06, 9.5101186161628e-06, 1.035841978591634e-05, 8.35012997413287e-06, 8.156347576004919e-06, 8.601061381341424e-06, 1.398276162944967e-05, 1.890375824586954e-05, 1.4507940250041429e-05, 1.2281591807550285e-05, 7.910042768344283e-06, 6.850109002698446e-06, 6.106890396040399e-06, 7.270863989106147e-06, 7.4337849582661875e-06, 4.9634163588052616e-06, 4.540919235296315e-06, 4.651968083635438e-06, 5.961155238765059e-06, 8.44491569296224e-06, 9.563912499288563e-06, 6.359776307363063e-06, 7.7200911619002e-06, 8.630958291178104e-06, 6.817193025199231e-06, 4.919897946820129e-06, 6.345042493194342e-06, 5.8156724662694614e-06, 5.033495654060971e-06, 5.660921033268096e-06, 5.64439460504218e-06, 4.283579073671717e-06, 4.083549356437288e-06, 3.73803345610213e-06, 4.026701844850322e-06, 3.674247182061663e-06, 4.597670340444893e-06, 2.783436229947256e-06, 2.4259184101538267e-06, 2.8316708267084323e-06, 2.823725935741095e-06, 2.3649458853469696e-06, 1.5991868167475332e-06, 1.3321914593689144e-06, 1.1214027608730248e-06, 1.0252422271150863e-06, 8.531084176865988e-07, 1.0035685136244865e-06, 5.385071517594042e-07, 1.5888215898485214e-07, 7.492999110070286e-09, 1.4057139133272223e-11, 1.3597957829181162e-11, 1.3226582155911881e-11, 1.2919399924871122e-11, 1.260976566219707e-11, 1.2378461970719012e-11, 1.2183299508139456e-11, 1.2025753656774718e-11, 1.191411986428692e-11, 1.184533374165575e-11], "lowlevel.mfcc.mean": [-697.184814453125, 81.69075012207031, 47.01102828979492, 15.986660957336426, 3.2882423400878906, 10.20034408569336, 15.037615776062012, 6.932315826416016, 6.908506393432617, 2.2678213119506836, -12.136195182800293, -5.481595516204834, -1.508768916130066], "lowlevel.spectral_contrast_coeffs.mean": [-0.6603934168815613, -0.7693110108375549, -0.7257900238037109, -0.8388828635215759, -0.8250202536582947, -0.8005020022392273], "lowlevel.spectral_contrast_coeffs.stdev": [0.11241915822029114, 0.08067304641008377, 0.08056209981441498, 0.036553751677274704, 0.04200393334031105, 0.03307042643427849], "lowlevel.spectral_contrast_valleys.mean": [-7.351950645446777, -7.948402404785156, -8.229762077331543, -8.537091255187988, -8.116117477416992, -9.705771446228027], "lowlevel.spectral_contrast_valleys.stdev": [1.296156883239746, 0.8232136368751526, 0.7723932266235352, 0.7805516123771667, 0.7922998070716858, 0.9192245602607727], "rhythm.beats_loudness_band_ratio.mean": [0.9424203634262085, 0.03380465507507324, 0.007724734954535961, 0.006150353234261274, 0.0013181647518649697, 0.010700037702918053], "rhythm.beats_loudness_band_ratio.stdev": [0.0354575514793396, 0.035033080726861954, 0.008630186319351196, 0.0075578708201646805, 0.001264043035916984, 0.009834861382842064], "tonal.hpcp.mean": [0.07818564772605896, 0.08523424714803696, 0.05113547667860985, 0.033283863216638565, 0.0352664552628994, 0.05729417875409126, 0.16556590795516968, 0.21225225925445557, 0.1306786984205246, 0.1020594909787178, 0.09971453994512558, 0.06490989029407501, 0.050721075385808945, 0.05378235504031181, 0.06978528946638107, 0.2054109126329422, 0.22925794124603271, 0.10002948343753815, 0.04797406494617462, 0.03676177188754082, 0.05256512761116028, 0.12307284772396088, 0.15292322635650635, 0.07667943835258484, 0.026367776095867157, 0.034415826201438904, 0.056691743433475494, 0.11641839146614075, 0.139818474650383, 0.09811285138130188, 0.1088113859295845, 0.11559878289699554, 0.08112776279449463, 0.05562543496489525, 0.04031937196850777, 0.04596832022070885], "tonal.hpcp.stdev": [0.20263011753559113, 0.22463783621788025, 0.16930082440376282, 0.13018442690372467, 0.1444745808839798, 0.1681475043296814, 0.26600587368011475, 0.3240312337875366, 0.24544717371463776, 0.24618273973464966, 0.2525608539581299, 0.19030547142028809, 0.17287099361419678, 0.1830124408006668, 0.18886667490005493, 0.3368653655052185, 0.34741586446762085, 0.22020933032035828, 0.14584583044052124, 0.1443524807691574, 0.16990770399570465, 0.26564475893974304, 0.3138781785964966, 0.18933293223381042, 0.10168123245239258, 0.14611579477787018, 0.17958398163318634, 0.2494369000196457, 0.2750869393348694, 0.21769776940345764, 0.23413361608982086, 0.2558179497718811, 0.20373530685901642, 0.1840171366930008, 0.14249639213085175, 0.16180483996868134], "rhythm.beats_position": [0.5572788715362549, 1.09133780002594, 1.6021767854690552, 2.1014058589935303, 2.600634813308716, 3.0998640060424805, 3.599092960357666, 4.109931945800781, 4.609160900115967, 5.108389854431152, 5.619228839874268, 6.118457794189453, 6.617686748504639, 7.116916179656982, 7.616145133972168, 8.115373611450195, 8.614603042602539, 9.125441551208496, 9.62467098236084, 10.123900413513184, 10.63473892211914, 11.122358322143555, 11.633196830749512, 12.132426261901855, 12.631654739379883, 13.130884170532227, 13.63011360168457, 14.140952110290527, 14.640181541442871, 15.139410018920898, 15.650249481201172, 16.137868881225586], "rhythm.bpm_histogram": [0.0, 0.0, 0.0, 0.0, 0.0, 0.0, 0.0, 0.0, 0.0, 0.0, 0.0, 0.0, 0.0, 0.0, 0.0, 0.0, 0.0, 0.0, 0.0, 0.0, 0.0, 0.0, 0.0, 0.0, 0.0, 0.0, 0.0, 0.0, 0.0, 0.0, 0.0, 0.0, 0.0, 0.0, 0.0, 0.0, 0.0, 0.0, 0.0, 0.0, 0.0, 0.0, 0.0, 0.0, 0.0, 0.0, 0.0, 0.0, 0.0, 0.0, 0.0, 0.0, 0.0, 0.0, 0.0, 0.0, 0.0, 0.0, 0.0, 0.0, 0.0, 0.0, 0.0, 0.0, 0.0, 0.0, 0.0, 0.0, 0.0, 0.0, 0.0, 0.0, 0.0, 0.0, 0.0, 0.0, 0.0, 0.0, 0.0, 0.0, 0.0, 0.0, 0.0, 0.0, 0.0, 0.0, 0.0, 0.0, 0.0, 0.0, 0.0, 0.0, 0.0, 0.0, 0.0, 0.0, 0.0, 0.0, 0.0, 0.0, 0.0, 0.0, 0.0, 0.0, 0.0, 0.0, 0.0, 0.0, 0.0, 0.0, 0.0, 0.0, 0.032258063554763794, 0.0, 0.0, 0.0, 0.0, 0.25806450843811035, 0.0, 0.0, 0.6451612710952759, 0.0, 0.0, 0.06451612710952759, 0.0, 0.0, 0.0, 0.0, 0.0, 0.0, 0.0, 0.0, 0.0, 0.0, 0.0, 0.0, 0.0, 0.0, 0.0, 0.0, 0.0, 0.0, 0.0, 0.0, 0.0, 0.0, 0.0, 0.0, 0.0, 0.0, 0.0, 0.0, 0.0, 0.0, 0.0, 0.0, 0.0, 0.0, 0.0, 0.0, 0.0, 0.0, 0.0, 0.0, 0.0, 0.0, 0.0, 0.0, 0.0, 0.0, 0.0, 0.0, 0.0, 0.0, 0.0, 0.0, 0.0, 0.0, 0.0, 0.0, 0.0, 0.0, 0.0, 0.0, 0.0, 0.0, 0.0, 0.0, 0.0, 0.0, 0.0, 0.0, 0.0, 0.0, 0.0, 0.0, 0.0, 0.0, 0.0, 0.0, 0.0, 0.0, 0.0, 0.0, 0.0, 0.0, 0.0, 0.0, 0.0, 0.0, 0.0, 0.0, 0.0, 0.0, 0.0, 0.0, 0.0, 0.0, 0.0, 0.0, 0.0, 0.0, 0.0, 0.0, 0.0, 0.0, 0.0, 0.0, 0.0, 0.0, 0.0, 0.0, 0.0, 0.0, 0.0, 0.0, 0.0, 0.0, 0.0, 0.0, 0.0, 0.0, 0.0, 0.0, 0.0, 0.0, 0.0, 0.0, 0.0, 0.0], "tonal.chords_histogram": [36.41456604003906, 44.53781509399414, 6.722689151763916, 0.0, 0.0, 0.0, 3.9215686321258545, 0.0, 0.0, 0.0, 0.0, 0.0, 0.0, 0.0, 0.0, 0.0, 0.0, 0.0, 0.0, 0.0, 0.0, 0.8403361439704895, 0.0, 7.563024997711182], "tonal.thpcp": [1.0, 0.4363185167312622, 0.209258034825325, 0.16035114228725433, 0.22928377985954285, 0.5368313193321228, 0.667035698890686, 0.33446797728538513, 0.11501357704401016, 0.1501183658838272, 0.2472836673259735, 0.5078052878379822, 0.6098740696907043, 0.4279583692550659, 0.47462427616119385, 0.5042302012443542, 0.35387110710144043, 0.24263253808021545, 0.17586903274059296, 0.200509175658226, 0.34103789925575256, 0.37178319692611694, 0.22304779291152954, 0.1451808512210846, 0.1538287252187729, 0.24991142749786377, 0.7221817970275879, 0.925822913646698, 0.5700072646141052, 0.4451732039451599, 0.434944748878479, 0.28313037753105164, 0.22124020755290985, 0.2345931977033615, 0.304396390914917, 0.8959816694259644], "lowlevel.gfcc.cov": [[5646.146484375, -57.497825622558594, 593.615234375, 746.6456909179688, 180.56785583496094, 294.87481689453125, 127.50060272216797, 37.795291900634766, 15.032621383666992, -2.8973824977874756, -149.30978393554688, -78.57462310791016, -150.35968017578125], [-57.497825622558594, 1595.2183837890625, 592.054931640625, -32.34217834472656, 396.60467529296875, 56.05009460449219, -25.480846405029297, -110.1229476928711, 7.806512832641602, -62.357547760009766, 41.25080108642578, -28.315515518188477, 131.3072509765625], [593.615234375, 592.054931640625, 912.5382080078125, 481.599365234375, 371.95745849609375, 209.2548065185547, 159.2395477294922, 60.95292663574219, 69.48815155029297, 9.314800262451172, 45.56172180175781, -15.812440872192383, -33.48879623413086], [746.6456909179688, -32.34217834472656, 481.599365234375, 890.501953125, 371.73614501953125, 245.64939880371094, 281.17620849609375, 174.88125610351562, 151.92967224121094, 52.56591796875, 68.30909729003906, -41.41572570800781, -127.79096984863281], [180.56785583496094, 396.60467529296875, 371.95745849609375, 371.73614501953125, 620.7981567382812, 330.625732421875, 185.54876708984375, 110.90684509277344, 102.45965576171875, 58.782474517822266, 55.649314880371094, -54.49198532104492, -95.38531494140625], [294.87481689453125, 56.05009460449219, 209.2548065185547, 245.64939880371094, 330.625732421875, 354.2861328125, 251.1503448486328, 149.2254638671875, 98.83799743652344, 32.811283111572266, -25.23194122314453, -66.51155853271484, -76.54444122314453], [127.50060272216797, -25.480846405029297, 159.2395477294922, 281.17620849609375, 185.54876708984375, 251.1503448486328, 406.52166748046875, 264.1883850097656, 144.57102966308594, 2.285382032394409, -74.03916931152344, -92.26914978027344, -41.46725845336914], [37.795291900634766, -110.1229476928711, 60.95292663574219, 174.88125610351562, 110.90684509277344, 149.2254638671875, 264.1883850097656, 290.9306335449219, 136.56349182128906, 15.382317543029785, -48.74855041503906, -63.88594436645508, -31.485370635986328], [15.032621383666992, 7.806512832641602, 69.48815155029297, 151.92967224121094, 102.45965576171875, 98.83799743652344, 144.57102966308594, 136.56349182128906, 163.23806762695312, 57.96429443359375, 14.050091743469238, -21.8624324798584, -27.519060134887695], [-2.8973824977874756, -62.357547760009766, 9.314800262451172, 52.56591796875, 58.782474517822266, 32.811283111572266, 2.285382032394409, 15.382317543029785, 57.96429443359375, 123.22718048095703, 94.90971374511719, 40.026302337646484, -13.321327209472656], [-149.30978393554688, 41.25080108642578, 45.56172180175781, 68.30909729003906, 55.649314880371094, -25.23194122314453, -74.03916931152344, -48.74855041503906, 14.050091743469238, 94.90971374511719, 192.1352081298828, 121.20658874511719, 31.97076416015625], [-78.57462310791016, -28.315515518188477, -15.812440872192383, -41.41572570800781, -54.49198532104492, -66.51155853271484, -92.26914978027344, -63.88594436645508, -21.8624324798584, 40.026302337646484, 121.20658874511719, 172.33795166015625, 96.87930297851562], [-150.35968017578125, 131.3072509765625, -33.48879623413086, -127.79096984863281, -95.38531494140625, -76.54444122314453, -41.46725845336914, -31.485370635986328, -27.519060134887695, -13.321327209472656, 31.97076416015625, 96.87930297851562, 192.1129150390625]], "lowlevel.gfcc.icov": [[0.00024889488122425973, -8.723984501557425e-05, -4.331215313868597e-05, -0.00035321697941981256, 0.0002632121613714844, -0.00038241458241827786, 0.00032458879286423326, -7.123195973690599e-05, 0.00023900375526864082, -0.0004669154295697808, 0.0007454308215528727, -0.00035009256680496037, 0.00010298332927050069], [-8.723984501557425e-05, 0.0020306650549173355, -0.0012811175547540188, 0.001283714547753334, -0.001957027008756995, 0.001338217407464981, -0.0005577271804213524, 0.0015539346495643258, -0.0017943443963304162, 0.0022510834969580173, -0.0019125996623188257, 0.0024668858386576176, -0.002156483009457588], [-4.331215313868597e-05, -0.0012811175547540188, 0.0026492937467992306, -0.001488392474129796, 0.00046771776396781206, -0.0008527115569449961, 0.0001489041023887694, -0.0005104381125420332, 0.0009733954793773592, -0.0007288014166988432, 0.0008624611655250192, -0.0014032938051968813, 0.0008074806537479162], [-0.00035321697941981256, 0.001283714547753334, -0.001488392474129796, 0.003601223696023226, -0.0018980060704052448, 0.0017151557840406895, -0.0021724929101765156, 0.0010614070342853665, -0.0019795550033450127, 0.0026643360033631325, -0.003443207126110792, 0.0015565481735393405, 0.00011746022937586531], [0.0002632121613714844, -0.001957027008756995, 0.00046771776396781206, -0.0018980060704052448, 0.006570398807525635, -0.005708512384444475, 0.0021201246418058872, -0.001815637806430459, 0.001490156864747405, -0.0016565233236178756, -0.00039714539889246225, -0.0005120544228702784, 0.001933358609676361], [-0.00038241458241827786, 0.001338217407464981, -0.0008527115569449961, 0.0017151557840406895, -0.005708512384444475, 0.01124652847647667, -0.005828397814184427, 0.0019223532872274518, -0.0007847572560422122, -0.0005290926201269031, 0.0007524460088461637, -0.00016130563744809479, 0.0002890173636842519], [0.00032458879286423326, -0.0005577271804213524, 0.0001489041023887694, -0.0021724929101765156, 0.0021201246418058872, -0.005828397814184427, 0.011121724732220173, -0.006027577444911003, -0.0009996197186410427, -2.2621827156399377e-05, 0.002303291577845812, 0.0008437618380412459, -0.0015943042235448956], [-7.123195973690599e-05, 0.0015539346495643258, -0.0005104381125420332, 0.0010614070342853665, -0.001815637806430459, 0.0019223532872274518, -0.006027577444911003, 0.011337021365761757, -0.00562902120873332, 0.001848172047175467, -0.0006759578245691955, 0.0017711754189804196, -0.0015382107812911272], [0.00023900375526864082, -0.0017943443963304162, 0.0009733954793773592, -0.0019795550033450127, 0.001490156864747405, -0.0007847572560422122, -0.0009996197186410427, -0.00562902120873332, 0.015565534122288227, -0.008485632948577404, 0.002686429303139448, -0.0019414533162489533, 0.0017285194480791688], [-0.0004669154295697808, 0.0022510834969580173, -0.0007288014166988432, 0.0026643360033631325, -0.0016565233236178756, -0.0005290926201269031, -2.2621827156399377e-05, 0.001848172047175467, -0.008485632948577404, 0.021815044805407524, -0.013642668724060059, 0.004525742959231138, -0.0007087904377840459], [0.0007454308215528727, -0.0019125996623188257, 0.0008624611655250192, -0.003443207126110792, -0.00039714539889246225, 0.0007524460088461637, 0.002303291577845812, -0.0006759578245691955, 0.002686429303139448, -0.013642668724060059, 0.022884201258420944, -0.013731615617871284, 0.002794755157083273], [-0.00035009256680496037, 0.0024668858386576176, -0.0014032938051968813, 0.0015565481735393405, -0.0005120544228702784, -0.00016130563744809479, 0.0008437618380412459, 0.0017711754189804196, -0.0019414533162489533, 0.004525742959231138, -0.013731615617871284, 0.0206610057502985, -0.009113537147641182], [0.00010298332927050069, -0.002156483009457588, 0.0008074806537479162, 0.00011746022937586531, 0.001933358609676361, 0.0002890173636842519, -0.0015943042235448956, -0.0015382107812911272, 0.0017285194480791688, -0.0007087904377840459, 0.002794755157083273, -0.009113537147641182, 0.011786716058850288]], "lowlevel.mfcc.cov": [[5147.3271484375, -467.7425537109375, 384.50592041015625, 412.1386413574219, 109.97506713867188, 314.0697021484375, 84.6962661743164, 195.2825927734375, 75.66854095458984, 145.8040771484375, 118.50342559814453, -12.05191421508789, -60.20798110961914], [-467.7425537109375, 1646.64501953125, 226.4202117919922, -74.04579162597656, 327.06402587890625, 98.01116943359375, 62.57225036621094, -72.80008697509766, 16.213314056396484, -99.40276336669922, -80.99383544921875, -62.42963790893555, -62.77519989013672], [384.50592041015625, 226.4202117919922, 635.2564697265625, 350.8834533691406, 163.37521362304688, 154.88441467285156, 113.10362243652344, 128.33982849121094, 83.99657440185547, 41.970455169677734, 46.45294952392578, 33.477352142333984, 30.012544631958008], [412.1386413574219, -74.04579162597656, 350.8834533691406, 579.0877075195312, 244.90774536132812, 188.33041381835938, 167.22988891601562, 184.5077667236328, 96.33460235595703, 109.44646453857422, 110.5264663696289, 112.50044250488281, 97.8641586303711], [109.97506713867188, 327.06402587890625, 163.37521362304688, 244.90774536132812, 454.3414611816406, 256.4224853515625, 170.21395874023438, 88.57416534423828, 22.211599349975586, 36.0389289855957, 95.16541290283203, 105.77671813964844, 99.62715148925781], [314.0697021484375, 98.01116943359375, 154.88441467285156, 188.33041381835938, 256.4224853515625, 330.0642395019531, 191.2703857421875, 127.83839416503906, 83.28858184814453, 81.55142974853516, 98.9625473022461, 91.72505950927734, 66.77737426757812], [84.6962661743164, 62.57225036621094, 113.10362243652344, 167.22988891601562, 170.21395874023438, 191.2703857421875, 262.4579162597656, 180.54437255859375, 147.61009216308594, 129.3627166748047, 88.06686401367188, 53.72079086303711, 32.806461334228516], [195.2825927734375, -72.80008697509766, 128.33982849121094, 184.5077667236328, 88.57416534423828, 127.83839416503906, 180.54437255859375, 275.75982666015625, 215.06185913085938, 159.00228881835938, 103.4007339477539, 31.975236892700195, 13.897655487060547], [75.66854095458984, 16.213314056396484, 83.99657440185547, 96.33460235595703, 22.211599349975586, 83.28858184814453, 147.61009216308594, 215.06185913085938, 285.3451232910156, 189.7362823486328, 79.14826965332031, 3.7544281482696533, -30.604928970336914], [145.8040771484375, -99.40276336669922, 41.970455169677734, 109.44646453857422, 36.0389289855957, 81.55142974853516, 129.3627166748047, 159.00228881835938, 189.7362823486328, 222.07330322265625, 120.66739654541016, 43.993167877197266, -1.4016724824905396], [118.50342559814453, -80.99383544921875, 46.45294952392578, 110.5264663696289, 95.16541290283203, 98.9625473022461, 88.06686401367188, 103.4007339477539, 79.14826965332031, 120.66739654541016, 164.79888916015625, 97.98777770996094, 39.28847122192383], [-12.05191421508789, -62.42963790893555, 33.477352142333984, 112.50044250488281, 105.77671813964844, 91.72505950927734, 53.72079086303711, 31.975236892700195, 3.7544281482696533, 43.993167877197266, 97.98777770996094, 158.0209503173828, 101.52501678466797], [-60.20798110961914, -62.77519989013672, 30.012544631958008, 97.8641586303711, 99.62715148925781, 66.77737426757812, 32.806461334228516, 13.897655487060547, -30.604928970336914, -1.4016724824905396, 39.28847122192383, 101.52501678466797, 160.57162475585938]], "lowlevel.mfcc.icov": [[0.0002461712574586272, 7.942350930534303e-05, -8.967942994786426e-05, -0.00010468996333656833, 2.6020186851383187e-05, -0.0003849607310257852, 0.00027630795375443995, -0.00013679567200597376, 0.00022372740204446018, -0.00020118281827308238, -2.4961933377198875e-05, 0.000209859645110555, 0.00021756577189080417], [7.942350930534303e-05, 0.00115565478336066, -0.000603062566369772, 0.0006273375474847853, -0.001445914851501584, 0.00028433496481738985, -0.0002515409141778946, 0.0009572106646373868, -0.0011311706621199846, 0.0006261472008191049, 0.00034862765460275114, 8.121184509946033e-05, 0.0006125899963080883], [-8.967942994786426e-05, -0.000603062566369772, 0.0029123055282980204, -0.0019309358904138207, 0.000788130855653435, -0.0007251976057887077, 0.00022360832372214645, -0.00038460755604319274, -0.00028495234437286854, 0.0008371516014449298, -0.00040168920531868935, 0.0004930019495077431, -9.711540042189881e-05], [-0.00010468996333656833, 0.0006273375474847853, -0.0019309358904138207, 0.004374191630631685, -0.0019193002954125404, 0.000750854320358485, -0.0002150511572835967, -0.0015079843578860164, 0.0006654753815382719, -0.0010987621499225497, 0.0011443628463894129, -0.0014836653135716915, -0.0002706813393160701], [2.6020186851383187e-05, -0.001445914851501584, 0.000788130855653435, -0.0019193002954125404, 0.006792507134377956, -0.0031093021389096975, -0.0011371817672625184, -0.0003775907098315656, 0.0016641906695440412, 0.0007076924666762352, -0.0020723138004541397, 0.0004594447964336723, -0.0016494779847562313], [-0.0003849607310257852, 0.00028433496481738985, -0.0007251976057887077, 0.000750854320358485, -0.0031093021389096975, 0.008390701375901699, -0.003912866115570068, 0.0004490302817430347, -0.0009725902928039432, 0.0009839646518230438, -0.00054266577353701, -0.0016702470602467656, -0.00014293291314970702], [0.00027630795375443995, -0.0002515409141778946, 0.00022360832372214645, -0.0002150511572835967, -0.0011371817672625184, -0.003912866115570068, 0.011337971314787865, -0.004695238079875708, 0.000552923942450434, -0.003303206292912364, 0.0019393539987504482, -0.000365847343346104, 0.000350621878169477], [-0.00013679567200597376, 0.0009572106646373868, -0.00038460755604319274, -0.0015079843578860164, -0.0003775907098315656, 0.0004490302817430347, -0.004695238079875708, 0.015337991528213024, -0.009577411226928234, 0.0030423407442867756, -0.0047726319171488285, 0.0035617812536656857, -0.0018899560673162341], [0.00022372740204446018, -0.0011311706621199846, -0.00028495234437286854, 0.0006654753815382719, 0.0016641906695440412, -0.0009725902928039432, 0.000552923942450434, -0.009577411226928234, 0.016443638131022453, -0.010321829468011856, 0.003990208730101585, -0.0009471587836742401, 0.002043816028162837], [-0.00020118281827308238, 0.0006261472008191049, 0.0008371516014449298, -0.0010987621499225497, 0.0007076924666762352, 0.0009839646518230438, -0.003303206292912364, 0.0030423407442867756, -0.010321829468011856, 0.018179094418883324, -0.009309818036854267, 0.0013424033531919122, -0.00013368164945859462], [-2.4961933377198875e-05, 0.00034862765460275114, -0.00040168920531868935, 0.0011443628463894129, -0.0020723138004541397, -0.00054266577353701, 0.0019393539987504482, -0.0047726319171488285, 0.003990208730101585, -0.009309818036854267, 0.01926296204328537, -0.01028128806501627, 0.0034994592424482107], [0.000209859645110555, 8.121184509946033e-05, 0.0004930019495077431, -0.0014836653135716915, 0.0004594447964336723, -0.0016702470602467656, -0.000365847343346104, 0.0035617812536656857, -0.0009471587836742401, 0.0013424033531919122, -0.01028128806501627, 0.01886962167918682, -0.008485376834869385], [0.00021756577189080417, 0.0006125899963080883, -9.711540042189881e-05, -0.0002706813393160701, -0.0016494779847562313, -0.00014293291314970702, 0.000350621878169477, -0.0018899560673162341, 0.002043816028162837, -0.00013368164945859462, 0.0034994592424482107, -0.008485376834869385, 0.012803963385522366]], "metadata.audio_properties.analysis.downmix": "mix", "metadata.audio_properties.codec": "mp3", "metadata.audio_properties.md5_encoded": "f59ad29aa68940ba4242bb0dd76ff673", "metadata.tags.file_name": "1182282001735233536.mp3", "metadata.version.essentia": "2.1-beta6-dev", "metadata.version.essentia_git_sha": "v2.1_beta5