{"song_id": "1182274533709848616", "download": "https://cdn.discordapp.com/attachments/1128313332273782784/1182274533709848616/chirp.mp4?ex=658419f6&amp", "lyrics": "[verse 1]\n\u042f \u043d\u0430\u0432\u0441\u0435\u0433\u0434\u0430 \u0437\u0430\u043f\u043e\u043c\u043d\u044e \u043d\u043e\u0447\u044c,\n\u041a\u043e\u0433\u0434\u0430 \u0432\u0441\u0451 \u044d\u0442\u043e \u043d\u0430\u0447\u0430\u043b\u043e\u0441\u044c\n\u041f\u043e\u0434 \u0443\u0442\u0440\u043e \u044f \u0441 \u0443\u043c\u0430 \u0441\u043e\u0448\u043b\u0430\n\u0417\u0430\u0447\u0435\u043c \u0436\u0435 \u044f \u0442\u0435\u0431\u044f \u043d\u0430\u0448\u043b\u0430!?", "style": ["Chill study with me minimal electro music"], "essentia_features": {"lowlevel.average_loudness": 0.9583656191825867, "lowlevel.barkbands_crest.mean": 9.818633079528809, "lowlevel.barkbands_crest.stdev": 3.9551312923431396, "lowlevel.barkbands_flatness_db.mean": 0.16108334064483643, "lowlevel.barkbands_flatness_db.stdev": 0.06191312149167061, "lowlevel.barkbands_kurtosis.mean": 4.05996561050415, "lowlevel.barkbands_kurtosis.stdev": 6.3029608726501465, "lowlevel.barkbands_skewness.mean": 1.548619270324707, "lowlevel.barkbands_skewness.stdev": 0.9563408493995667, "lowlevel.barkbands_spread.mean": 20.52839469909668, "lowlevel.barkbands_spread.stdev": 14.680665016174316, "lowlevel.dissonance.mean": 0.4366503953933716, "lowlevel.dissonance.stdev": 0.030720338225364685, "lowlevel.dynamic_complexity": 2.7213523387908936, "lowlevel.erbbands_crest.mean": 9.695440292358398, "lowlevel.erbbands_crest.stdev": 4.678401470184326, "lowlevel.erbbands_flatness_db.mean": 0.16842196881771088, "lowlevel.erbbands_flatness_db.stdev": 0.07645035535097122, "lowlevel.erbbands_kurtosis.mean": 0.7965591549873352, "lowlevel.erbbands_kurtosis.stdev": 2.4156229496002197, "lowlevel.erbbands_skewness.mean": 0.6922012567520142, "lowlevel.erbbands_skewness.stdev": 0.5356488227844238, "lowlevel.erbbands_spread.mean": 36.828975677490234, "lowlevel.erbbands_spread.stdev": 21.773483276367188, "lowlevel.hfc.mean": 20.917722702026367, "lowlevel.hfc.stdev": 19.460872650146484, "lowlevel.loudness_ebu128.integrated": -16.0688419342041, "lowlevel.loudness_ebu128.loudness_range": 1.311509132385254, "lowlevel.loudness_ebu128.momentary.mean": -16.679561614990234, "lowlevel.loudness_ebu128.momentary.stdev": 2.602891683578491, "lowlevel.loudness_ebu128.short_term.mean": -15.920896530151367, "lowlevel.loudness_ebu128.short_term.stdev": 0.5034204125404358, "lowlevel.melbands_crest.mean": 13.063348770141602, "lowlevel.melbands_crest.stdev": 4.913754463195801, "lowlevel.melbands_flatness_db.mean": 0.22386512160301208, "lowlevel.melbands_flatness_db.stdev": 0.07360024750232697, "lowlevel.melbands_kurtosis.mean": 10.823036193847656, "lowlevel.melbands_kurtosis.stdev": 16.918264389038086, "lowlevel.melbands_skewness.mean": 2.243138313293457, "lowlevel.melbands_skewness.stdev": 1.4660731554031372, "lowlevel.melbands_spread.mean": 18.787355422973633, "lowlevel.melbands_spread.stdev": 9.900961875915527, "lowlevel.pitch_salience.mean": 0.5419986248016357, "lowlevel.pitch_salience.stdev": 0.10002125799655914, "lowlevel.silence_rate_20dB.mean": 1.0, "lowlevel.silence_rate_20dB.stdev": 0.0, "lowlevel.silence_rate_30dB.mean": 0.9619565010070801, "lowlevel.silence_rate_30dB.stdev": 0.1913016438484192, "lowlevel.silence_rate_60dB.mean": 0.023097826167941093, "lowlevel.silence_rate_60dB.stdev": 0.15021586418151855, "lowlevel.spectral_centroid.mean": 1021.6961059570312, "lowlevel.spectral_centroid.stdev": 435.2803649902344, "lowlevel.spectral_complexity.mean": 15.92391300201416, "lowlevel.spectral_complexity.stdev": 6.4538164138793945, "lowlevel.spectral_decrease.mean": -7.497389375998864e-09, "lowlevel.spectral_decrease.stdev": 8.149050323424945e-09, "lowlevel.spectral_energy.mean": 0.030194168910384178, "lowlevel.spectral_energy.stdev": 0.03178713470697403, "lowlevel.spectral_energyband_high.mean": 0.0008204014739021659, "lowlevel.spectral_energyband_high.stdev": 0.001123711932450533, "lowlevel.spectral_energyband_low.mean": 0.011586224660277367, "lowlevel.spectral_energyband_low.stdev": 0.026169978082180023, "lowlevel.spectral_energyband_middle_high.mean": 0.006651108618825674, "lowlevel.spectral_energyband_middle_high.stdev": 0.012052840553224087, "lowlevel.spectral_energyband_middle_low.mean": 0.011618729680776596, "lowlevel.spectral_energyband_middle_low.stdev": 0.010951810516417027, "lowlevel.spectral_entropy.mean": 7.431647300720215, "lowlevel.spectral_entropy.stdev": 0.5348970890045166, "lowlevel.spectral_flux.mean": 0.07916713505983353, "lowlevel.spectral_flux.stdev": 0.07782474160194397, "lowlevel.spectral_kurtosis.mean": 6.7057600021362305, "lowlevel.spectral_kurtosis.stdev": 9.403895378112793, "lowlevel.spectral_rms.mean": 0.004930878058075905, "lowlevel.spectral_rms.stdev": 0.002268073847517371, "lowlevel.spectral_rolloff.mean": 1341.7001953125, "lowlevel.spectral_rolloff.stdev": 1744.935546875, "lowlevel.spectral_skewness.mean": 1.872414469718933, "lowlevel.spectral_skewness.stdev": 0.7103399038314819, "lowlevel.spectral_spread.mean": 5552121.0, "lowlevel.spectral_spread.stdev": 2580116.0, "lowlevel.spectral_strongpeak.mean": 1.2059776782989502, "lowlevel.spectral_strongpeak.stdev": 1.796707034111023, "lowlevel.zerocrossingrate.mean": 0.06130649894475937, "lowlevel.zerocrossingrate.stdev": 0.03774409368634224, "metadata.audio_properties.analysis.equal_loudness": 0.0, "metadata.audio_properties.analysis.length": 17.065624237060547, "metadata.audio_properties.analysis.sample_rate": 44100.0, "metadata.audio_properties.analysis.start_time": 0.0, "metadata.audio_properties.bit_rate": 110429.0, "metadata.audio_properties.length": 17.066667556762695, "metadata.audio_properties.lossless": 0.0, "metadata.audio_properties.number_channels": 1.0, "metadata.audio_properties.replay_gain": -11.032125473022461, "metadata.audio_properties.sample_rate": 48000.0, "rhythm.beats_count": 27.0, "rhythm.beats_loudness.mean": 0.04696011543273926, "rhythm.beats_loudness.stdev": 0.022879770025610924, "rhythm.bpm": 100.45049285888672, "rhythm.bpm_histogram_first_peak_bpm": 99.0, "rhythm.bpm_histogram_first_peak_weight": 0.5, "rhythm.bpm_histogram_second_peak_bpm": 92.0, "rhythm.bpm_histogram_second_peak_spread": 0.0, "rhythm.bpm_histogram_second_peak_weight": 0.1538461595773697, "rhythm.danceability": 1.4510526657104492, "rhythm.onset_rate": 3.630342721939087, "tonal.chords_changes_rate": 0.035230353474617004, "tonal.chords_number_rate": 0.013550135307013988, "tonal.chords_strength.mean": 0.5628273487091064, "tonal.chords_strength.stdev": 0.0986112654209137, "tonal.hpcp_crest.mean": 17.56792449951172, "tonal.hpcp_crest.stdev": 7.4849371910095215, "tonal.hpcp_entropy.mean": 1.4445232152938843, "tonal.hpcp_entropy.stdev": 0.6072676181793213, "tonal.key_edma.strength": 0.7695854306221008, "tonal.key_krumhansl.strength": 0.789425790309906, "tonal.key_temperley.strength": 0.8186032176017761, "tonal.tuning_diatonic_strength": 0.5764368176460266, "tonal.tuning_equal_tempered_deviation": 0.009924149140715599, "tonal.tuning_frequency": 440.2542419433594, "tonal.tuning_nontempered_energy_ratio": 0.6045949459075928, "lowlevel.barkbands.mean": [0.00032855317112989724, 0.008270369842648506, 0.0025564341340214014, 0.0008230034145526588, 0.0026980233378708363, 0.00302137597464025, 0.0025422743055969477, 0.0017104706494137645, 0.0007267484907060862, 0.0005858071963302791, 0.0024101214949041605, 0.0011297535384073853, 0.0008303259965032339, 0.000502634618896991, 0.0004998769727535546, 0.00020573609799612314, 0.00012440681166481227, 9.02594329090789e-05, 0.00020653713727369905, 0.00021361395192798227, 0.00011294789874227718, 9.520305320620537e-05, 0.00012545549543574452, 8.761288336245343e-05, 0.00022014898422639817, 7.646479207323864e-05, 1.7973452060005002e-08], "lowlevel.barkbands.stdev": [0.0006085188942961395, 0.02027439884841442, 0.006569708697497845, 0.0021777618676424026, 0.005866956431418657, 0.003828053129836917, 0.0021617377642542124, 0.0019532337319105864, 0.002325788140296936, 0.0020573807414621115, 0.008917534723877907, 0.003404198447242379, 0.0033274656161665916, 0.0009522773325443268, 0.0009164727525785565, 0.0003869000938721001, 0.0002492680214345455, 0.00016082551155705005, 0.00034971977584064007, 0.0004267471085768193, 0.00020046581630595028, 0.00017512051272206008, 0.0002108639746438712, 0.00017512803606223315, 0.0004820997710339725, 0.00013926048995926976, 1.3597289694189385e-07], "lowlevel.erbbands.mean": [0.2699498236179352, 1.7155184745788574, 3.1071863174438477, 2.9438588619232178, 3.6746013164520264, 10.375778198242188, 19.33586311340332, 25.92540168762207, 38.55875015258789, 43.10344314575195, 23.074281692504883, 18.691696166992188, 13.539163589477539, 34.47101593017578, 107.79527282714844, 50.47543716430664, 42.590946197509766, 28.41050910949707, 25.39230728149414, 19.837278366088867, 10.369427680969238, 6.848959445953369, 4.997352123260498, 7.825961112976074, 11.1048002243042, 10.595702171325684, 6.335392951965332, 3.645853042602539, 3.3062644004821777, 3.7107350826263428, 3.38366436958313, 1.4811707735061646, 1.95665442943573, 2.5593433380126953, 1.4757846593856812, 0.543171226978302, 0.10340233147144318, 0.005421198904514313, 0.0001472927542636171, 4.564244227367453e-05], "lowlevel.erbbands.stdev": [0.5791534185409546, 4.645380973815918, 8.11437702178955, 7.581864833831787, 7.107076168060303, 27.010028839111328, 33.13162612915039, 40.421810150146484, 31.6286563873291, 38.61180877685547, 38.06215286254883, 55.7263069152832, 35.70370101928711, 99.96509552001953, 349.5896301269531, 110.41117858886719, 159.32362365722656, 52.989219665527344, 39.365840911865234, 47.10677719116211, 19.705230712890625, 12.77505111694336, 8.732675552368164, 11.468522071838379, 21.963363647460938, 22.698816299438477, 10.672846794128418, 7.164335250854492, 5.963609218597412, 6.307322025299072, 5.869184494018555, 2.917356252670288, 4.107235431671143, 5.668690204620361, 3.3128278255462646, 0.9826446771621704, 0.19429557025432587, 0.01364179328083992, 0.00028715518419630826, 4.2913638026220724e-05], "lowlevel.gfcc.mean": [-4.118423938751221, 103.01644134521484, -108.666259765625, 15.305442810058594, -57.557350158691406, 16.475784301757812, -45.56211853027344, 7.498321056365967, -26.19375228881836, 26.90746307373047, -6.168444633483887, 3.929206132888794, -12.634675025939941], "lowlevel.melbands.mean": [0.0023525087162852287, 0.0017951710615307093, 0.0005246863001957536, 0.0004812557599507272, 0.0006597319734282792, 0.0005779638886451721, 0.0005757868057116866, 0.0004629459581337869, 0.00015914278628770262, 0.00011485602590255439, 6.64316612528637e-05, 0.00011740894115064293, 0.00037957137101329863, 0.00017055135685950518, 0.00010424291394883767, 6.896073318785056e-05, 5.084931763121858e-05, 3.922577525372617e-05, 2.967161162814591e-05, 2.119007331202738e-05, 1.0416763871035073e-05, 7.511124294978799e-06, 5.066279754828429e-06, 4.1003663682204206e-06, 6.282873528107302e-06, 8.644599802209996e-06, 7.356984042417025e-06, 6.798465619795024e-06, 4.456630449567456e-06, 2.407916099400609e-06, 1.9946069187426474e-06, 1.8744888166111195e-06, 1.81247105501825e-06, 2.2156975774123566e-06, 2.093916464218637e-06, 1.4052822052690317e-06, 7.080532782310911e-07, 1.197791675622284e-06, 1.7198051409650361e-06, 2.3820632577553624e-06], "lowlevel.melbands.stdev": [0.005491558462381363, 0.004631095565855503, 0.001210237038321793, 0.001139546395279467, 0.0011571060167625546, 0.0008113980293273926, 0.0004669246554840356, 0.0004213030042592436, 0.00029453553725034, 0.0003780459228437394, 0.00018488998466636986, 0.00036911506322212517, 0.0014074948849156499, 0.0004952983581461012, 0.00034838015562854707, 0.00020838892669416964, 9.541639883536845e-05, 6.1165657825768e-05, 5.965856689726934e-05, 4.552552127279341e-05, 2.447083534207195e-05, 1.4555288544215728e-05, 1.1352381079632323e-05, 6.479396233771695e-06, 1.007775790640153e-05, 1.7942022168426774e-05, 1.6405712813138962e-05, 1.3933147783973254e-05, 7.913989975349978e-06, 4.3821205508720595e-06, 4.2897781895590015e-06, 3.5190839753340697e-06, 3.2796376672195038e-06, 3.7763745694974205e-06, 3.53855216417287e-06, 2.8538674996525515e-06, 1.5425091532961233e-06, 2.6287536911695497e-06, 3.6975875445932616e-06, 5.400395366450539e-06], "lowlevel.melbands128.mean": [0.0002950443304143846, 0.0021101697348058224, 0.0033349753357470036, 0.0026423821691423655, 0.0017969649052247405, 0.0011479692766442895, 0.0005953804939053953, 0.0003809372428804636, 0.00031285567092709243, 0.00045038782991468906, 0.0006033421377651393, 0.0006836343673057854, 0.0007163623231463134, 0.000550373166333884, 0.000628322537522763, 0.0005648196674883366, 0.0005516443052329123, 0.0007227431633509696, 0.0003727006260305643, 0.0005358083872124553, 0.0005188759532757103, 0.00017768425459507853, 0.0001378933375235647, 7.739003194728866e-05, 0.00013505971583072096, 0.0001292195956921205, 7.732430094620213e-05, 4.409225584822707e-05, 4.967984204995446e-05, 0.0001521298981970176, 5.6796521676005796e-05, 0.00020892774045933038, 0.0005858957883901894, 0.0003494922711979598, 0.00015902912127785385, 0.00015695342153776437, 0.00012045578478137031, 4.417800664668903e-05, 0.00017191086953971535, 8.911058102967218e-05, 2.8693111744360067e-05, 5.856718053109944e-05, 5.532418072107248e-05, 5.418824002845213e-05, 2.0680183297372423e-05, 4.321153392083943e-05, 5.4309082770487294e-05, 1.7159480194095522e-05, 2.702973688428756e-05, 3.408390693948604e-05, 1.6951731595327146e-05, 1.3880321603210177e-05, 1.075635191227775e-05, 9.320373465016019e-06, 8.550585334887728e-06, 8.312900718010496e-06, 5.315169346431503e-06, 5.2713412515004165e-06, 5.605732894764515e-06, 3.482367901597172e-06, 3.85617749998346e-06, 3.926481895177858e-06, 6.921917702129576e-06, 6.904996553203091e-06, 5.126183168613352e-06, 1.0533357453823555e-05, 9.868031156656798e-06, 5.363975560612744e-06, 7.074978384480346e-06, 9.75232705968665e-06, 6.659618065896211e-06, 5.799805421702331e-06, 4.949492449668469e-06, 4.481534688238753e-06, 3.570684839360183e-06, 2.173153916373849e-06, 2.057315668935189e-06, 2.1886260128667345e-06, 1.8568125597084872e-06, 1.9534129478415707e-06, 1.9946890006394824e-06, 1.8673723616302595e-06, 1.5894834177743178e-06, 1.890008320515335e-06, 1.8526592384660034e-06, 2.09051427191298e-06, 2.2842914404463954e-06, 2.5287667995144147e-06, 2.0282991499698255e-06, 1.913002279252396e-06, 1.7708584891806822e-06, 1.3520860875360086e-06, 6.241243113436212e-07, 5.610422704194207e-07, 8.381492193620943e-07, 8.885809847924975e-07, 1.3007717143409536e-06, 1.6210047988352017e-06, 1.6061406995504512e-06, 1.801718781280215e-06, 2.1401951926236507e-06, 2.8787105748051545e-06, 2.0432773908396484e-06, 2.1715634375141235e-06, 1.4201873455021996e-06, 1.6025807099140366e-06, 1.2179001487311325e-06, 1.073210796675994e-06, 1.0724194225986139e-06, 7.153487331379438e-07, 4.116781155971694e-07, 3.8681255887240695e-07, 3.488060826839501e-07, 1.7796867268771166e-07, 9.588972460505829e-08, 1.7707408872524866e-08, 1.0996012989039627e-09, 7.244527894245678e-12, 4.225879628866336e-12, 4.077694779058838e-12, 3.955390702470307e-12, 3.861993190523716e-12, 3.768393583292173e-12, 3.691626865309772e-12, 3.5898135592599134e-12, 3.469613485407308e-12, 3.39635719721898e-12, 3.3699445144141915e-12], "lowlevel.melbands128.stdev": [0.0005666814395226538, 0.0041756401769816875, 0.00859038531780243, 0.007612008601427078, 0.004910612944513559, 0.002932012779638171, 0.001650902209803462, 0.0009667020640335977, 0.0006284172995947301, 0.0012194787850603461, 0.0018466702895238996, 0.001593376393429935, 0.0015065063489601016, 0.0008370403083972633, 0.0014559263363480568, 0.0006995488074608147, 0.0005269942339509726, 0.0009458332206122577, 0.0003956420114263892, 0.0006527310470119119, 0.0005923737189732492, 0.0003796815581154078, 0.0004391944094095379, 0.0002669513050932437, 0.00047018169425427914, 0.000620921840891242, 0.0003536515578161925, 0.00016381757450290024, 0.00017096989904530346, 0.0006892516394145787, 0.00021496259432751685, 0.001004074583761394, 0.0027331612072885036, 0.0012473922688513994, 0.0008829227299429476, 0.0005889947642572224, 0.0002915209624916315, 0.0002559655695222318, 0.0008971485658548772, 0.0003697141073644161, 9.300123929278925e-05, 0.00020831845176871866, 0.00015103571058716625, 8.777277980698273e-05, 3.924920019926503e-05, 0.00010492304863873869, 0.00012120942847104743, 3.676776759675704e-05, 0.00011048200394725427, 0.00011401253141229972, 4.96269749419298e-05, 3.4660242818063125e-05, 2.5962101062759757e-05, 4.358665682957508e-05, 1.8109682059730403e-05, 2.016485268541146e-05, 1.4302733688964508e-05, 1.3033822142460849e-05, 1.8453980374033563e-05, 6.434340320993215e-06, 7.607334737258498e-06, 7.63195475883549e-06, 1.3689789739146363e-05, 1.3423137716017663e-05, 1.0969857612508349e-05, 2.456182483001612e-05, 3.0605348001699895e-05, 1.2103908375138417e-05, 1.852973218774423e-05, 3.987219315604307e-05, 1.6967329429462552e-05, 1.0182908226852305e-05, 9.937314644048456e-06, 9.209813470079098e-06, 6.7547912294685375e-06, 4.28817156716832e-06, 4.3095160435768776e-06, 5.315725957188988e-06, 4.5869328459957615e-06, 4.701930720329983e-06, 3.828988155873958e-06, 4.189901119389106e-06, 3.0057783533266047e-06, 3.5530360946722794e-06, 3.9949945858097635e-06, 4.043192348035518e-06, 4.2292217585782055e-06, 4.3288541746733245e-06, 3.461189635345363e-06, 4.017227183794603e-06, 3.898839622706873e-06, 2.9946797894808697e-06, 1.4682350411021616e-06, 1.5229437622110709e-06, 2.1352227577153826e-06, 2.1093351278977934e-06, 3.3459784845035756e-06, 3.5132584343955386e-06, 3.850071607303107e-06, 3.9331685002252925e-06, 5.086862529424252e-06, 6.50404308544239e-06, 5.19790319231106e-06, 5.841993697686121e-06, 3.5651808047987288e-06, 3.7676225019822596e-06, 2.6753855308925267e-06, 2.130284883605782e-06, 2.225376420028624e-06, 1.1075657084802515e-06, 7.793927352395258e-07, 8.347330435753975e-07, 6.964881436033465e-07, 5.105669060867513e-07, 3.102429388945893e-07, 1.0255551785576245e-07, 7.322733974746143e-09, 5.1273450762945316e-11, 7.490310455215976e-12, 7.157791286765969e-12, 6.913193108248894e-12, 6.720791458081354e-12, 6.553505134399007e-12, 6.427291858457362e-12, 6.314974151239161e-12, 6.2287076538214414e-12, 6.169349753282205e-12, 6.133225004256726e-12], "lowlevel.mfcc.mean": [-652.7006225585938, 138.90890502929688, 5.110537528991699, 7.981298923492432, 6.358627796173096, 6.971720218658447, 0.08166675269603729, -17.71808433532715, -8.484708786010742, 0.7071458697319031, 6.796902179718018, 4.401294708251953, 17.987014770507812], "lowlevel.spectral_contrast_coeffs.mean": [-0.7206493616104126, -0.6626921892166138, -0.7171267867088318, -0.7588626146316528, -0.7998678684234619, -0.7663779854774475], "lowlevel.spectral_contrast_coeffs.stdev": [0.08429014682769775, 0.05378791689872742, 0.07640650123357773, 0.04742128774523735, 0.040706291794776917, 0.048825815320014954], "lowlevel.spectral_contrast_valleys.mean": [-6.686922073364258, -6.790415287017822, -7.739691734313965, -7.760866165161133, -7.95762300491333, -10.628215789794922], "lowlevel.spectral_contrast_valleys.stdev": [0.9258905053138733, 0.6080945134162903, 0.7376142740249634, 0.7009671926498413, 1.0015026330947876, 1.7975190877914429], "rhythm.beats_loudness_band_ratio.mean": [0.42424947023391724, 0.19179204106330872, 0.17388908565044403, 0.1756802499294281, 0.03425984084606171, 0.03963181748986244], "rhythm.beats_loudness_band_ratio.stdev": [0.2903248965740204, 0.18229909241199493, 0.1351863145828247, 0.1874523162841797, 0.025492742657661438, 0.030016299337148666], "tonal.hpcp.mean": [0.32268431782722473, 0.14307452738285065, 0.02447974681854248, 0.024726159870624542, 0.025734756141901016, 0.08708153665065765, 0.17566819489002228, 0.13352170586585999, 0.20987962186336517, 0.35514572262763977, 0.19692625105381012, 0.039348818361759186, 0.02997693046927452, 0.03848972171545029, 0.13624343276023865, 0.2182372808456421, 0.11685174703598022, 0.020931214094161987, 0.02082616463303566, 0.018223173916339874, 0.055416643619537354, 0.11000995337963104, 0.08864039182662964, 0.12948119640350342, 0.16945232450962067, 0.07991611212491989, 0.029076341539621353, 0.02967807836830616, 0.030797451734542847, 0.18291832506656647, 0.32643359899520874, 0.17368870973587036, 0.0249115489423275, 0.030109798535704613, 0.04274912551045418, 0.2121666818857193], "tonal.hpcp.stdev": [0.39378923177719116, 0.17928259074687958, 0.09229527413845062, 0.09737912565469742, 0.10054851323366165, 0.16436657309532166, 0.2731941342353821, 0.22816303372383118, 0.24213117361068726, 0.38192662596702576, 0.233415424823761, 0.14150062203407288, 0.11242156475782394, 0.14182966947555542, 0.2265906035900116, 0.31870025396347046, 0.19468648731708527, 0.07144482433795929, 0.1011321172118187, 0.09658437222242355, 0.10946578532457352, 0.18223462998867035, 0.14677202701568604, 0.26346299052238464, 0.33168894052505493, 0.17358709871768951, 0.08728118240833282, 0.08513041585683823, 0.0873456746339798, 0.22770674526691437, 0.38396427035331726, 0.22091318666934967, 0.08153504133224487, 0.11795637011528015, 0.14156198501586914, 0.27598676085472107], "rhythm.beats_position": [0.638548731803894, 1.2887074947357178, 1.9504761695861816, 2.600634813308716, 3.250793695449829, 3.8545124530792236, 4.458230972290039, 5.061950206756592, 5.654058933258057, 6.2461676597595215, 6.849886417388916, 7.441995143890381, 8.034104347229004, 8.626213073730469, 9.218321800231934, 9.822040557861328, 10.425759315490723, 11.017868041992188, 11.609976768493652, 12.202085494995117, 12.794195175170898, 13.397913932800293, 14.001632690429688, 14.582131385803223, 15.185850143432617, 15.789568901062012, 16.393287658691406], "rhythm.bpm_histogram": [0.0, 0.0, 0.0, 0.0, 0.0, 0.0, 0.0, 0.0, 0.0, 0.0, 0.0, 0.0, 0.0, 0.0, 0.0, 0.0, 0.0, 0.0, 0.0, 0.0, 0.0, 0.0, 0.0, 0.0, 0.0, 0.0, 0.0, 0.0, 0.0, 0.0, 0.0, 0.0, 0.0, 0.0, 0.0, 0.0, 0.0, 0.0, 0.0, 0.0, 0.0, 0.0, 0.0, 0.0, 0.0, 0.0, 0.0, 0.0, 0.0, 0.0, 0.0, 0.0, 0.0, 0.0, 0.0, 0.0, 0.0, 0.0, 0.0, 0.0, 0.0, 0.0, 0.0, 0.0, 0.0, 0.0, 0.0, 0.0, 0.0, 0.0, 0.0, 0.0, 0.0, 0.0, 0.0, 0.0, 0.0, 0.0, 0.0, 0.0, 0.0, 0.0, 0.0, 0.0, 0.0, 0.0, 0.0, 0.0, 0.0, 0.0, 0.0, 0.03846153989434242, 0.11538461595773697, 0.0, 0.0, 0.0, 0.0, 0.0, 0.0, 0.42307692766189575, 0.0, 0.38461539149284363, 0.0, 0.03846153989434242, 0.0, 0.0, 0.0, 0.0, 0.0, 0.0, 0.0, 0.0, 0.0, 0.0, 0.0, 0.0, 0.0, 0.0, 0.0, 0.0, 0.0, 0.0, 0.0, 0.0, 0.0, 0.0, 0.0, 0.0, 0.0, 0.0, 0.0, 0.0, 0.0, 0.0, 0.0, 0.0, 0.0, 0.0, 0.0, 0.0, 0.0, 0.0, 0.0, 0.0, 0.0, 0.0, 0.0, 0.0, 0.0, 0.0, 0.0, 0.0, 0.0, 0.0, 0.0, 0.0, 0.0, 0.0, 0.0, 0.0, 0.0, 0.0, 0.0, 0.0, 0.0, 0.0, 0.0, 0.0, 0.0, 0.0, 0.0, 0.0, 0.0, 0.0, 0.0, 0.0, 0.0, 0.0, 0.0, 0.0, 0.0, 0.0, 0.0, 0.0, 0.0, 0.0, 0.0, 0.0, 0.0, 0.0, 0.0, 0.0, 0.0, 0.0, 0.0, 0.0, 0.0, 0.0, 0.0, 0.0, 0.0, 0.0, 0.0, 0.0, 0.0, 0.0, 0.0, 0.0, 0.0, 0.0, 0.0, 0.0, 0.0, 0.0, 0.0, 0.0, 0.0, 0.0, 0.0, 0.0, 0.0, 0.0, 0.0, 0.0, 0.0, 0.0, 0.0, 0.0, 0.0, 0.0, 0.0, 0.0, 0.0, 0.0, 0.0, 0.0, 0.0, 0.0, 0.0, 0.0, 0.0, 0.0, 0.0, 0.0, 0.0, 0.0, 0.0, 0.0, 0.0, 0.0], "tonal.chords_histogram": [9.214092254638672, 0.0, 37.669376373291016, 0.0, 0.27100270986557007, 0.0, 0.0, 0.0, 0.0, 0.0, 0.0, 0.0, 0.0, 0.0, 0.0, 0.0, 0.0, 3.252032518386841, 0.0, 0.0, 0.0, 0.0, 33.33333206176758, 16.260162353515625], "tonal.thpcp": [1.0, 0.5544942021369934, 0.110796257853508, 0.08440741151571274, 0.10837726294994354, 0.3836268484592438, 0.6145006418228149, 0.3290247917175293, 0.05893697217106819, 0.05864118039608002, 0.05131182074546814, 0.15603916347026825, 0.30976003408432007, 0.24958878755569458, 0.36458611488342285, 0.477134644985199, 0.22502343356609344, 0.08187157660722733, 0.08356592059135437, 0.08671779185533524, 0.5150514841079712, 0.9191539883613586, 0.48906320333480835, 0.07014458626508713, 0.08478153496980667, 0.12037066370248795, 0.5974074006080627, 0.908596932888031, 0.40286147594451904, 0.06892874091863632, 0.06962257623672485, 0.0724625289440155, 0.24519945681095123, 0.4946369528770447, 0.37596315145492554, 0.59096759557724], "lowlevel.gfcc.cov": [[7589.92333984375, -3643.959228515625, 1974.9476318359375, 1421.09033203125, -1028.127685546875, 1922.8096923828125, -343.3085021972656, 1243.2237548828125, -493.1654052734375, 358.724609375, -161.4179229736328, 486.6954650878906, -17.261030197143555], [-3643.959228515625, 2576.370361328125, -1319.565185546875, -816.3226928710938, 717.1553344726562, -1182.5699462890625, 343.8489685058594, -709.3314208984375, 244.87619018554688, -284.171875, 89.30024719238281, -284.0741882324219, 129.86444091796875], [1974.9476318359375, -1319.565185546875, 1296.9835205078125, 569.3892211914062, -323.11016845703125, 907.7459106445312, -262.0422668457031, 490.155517578125, -19.348554611206055, 300.08221435546875, -24.528400421142578, 185.33380126953125, -88.19100952148438], [1421.09033203125, -816.3226928710938, 569.3892211914062, 582.3285522460938, -201.78887939453125, 446.81640625, -71.33026885986328, 262.3315734863281, 0.06847044080495834, 131.61538696289062, -6.0780487060546875, 117.12118530273438, -52.691802978515625], [-1028.127685546875, 717.1553344726562, -323.11016845703125, -201.78887939453125, 317.6410827636719, -302.5469055175781, 115.06646728515625, -171.48558044433594, 84.30109405517578, -65.21778106689453, 26.276945114135742, -74.45116424560547, 27.77347183227539], [1922.8096923828125, -1182.5699462890625, 907.7459106445312, 446.81640625, -302.5469055175781, 847.0521240234375, -149.89361572265625, 440.0722351074219, -92.47350311279297, 207.2917022705078, -29.9903507232666, 135.91310119628906, -60.16330337524414], [-343.3085021972656, 343.8489685058594, -262.0422668457031, -71.33026885986328, 115.06646728515625, -149.89361572265625, 181.59559631347656, -96.82978057861328, 1.1590855121612549, -54.81697463989258, 0.5931695103645325, -42.04039764404297, 15.338778495788574], [1243.2237548828125, -709.3314208984375, 490.155517578125, 262.3315734863281, -171.48558044433594, 440.0722351074219, -96.82978057861328, 370.5587158203125, -49.17768478393555, 107.92157745361328, -26.623842239379883, 81.72486877441406, 3.986030101776123], [-493.1654052734375, 244.87619018554688, -19.348554611206055, 0.06847044080495834, 84.30109405517578, -92.47350311279297, 1.1590855121612549, -49.17768478393555, 190.66397094726562, 24.397356033325195, 11.474584579467773, -3.491685152053833, -23.745054244995117], [358.724609375, -284.171875, 300.08221435546875, 131.61538696289062, -65.21778106689453, 207.2917022705078, -54.81697463989258, 107.92157745361328, 24.397356033325195, 156.97720336914062, 20.488061904907227, 34.16128158569336, -34.8969612121582], [-161.4179229736328, 89.30024719238281, -24.528400421142578, -6.0780487060546875, 26.276945114135742, -29.9903507232666, 0.5931695103645325, -26.623842239379883, 11.474584579467773, 20.488061904907227, 65.2868423461914, -5.163717746734619, 4.268123149871826], [486.6954650878906, -284.0741882324219, 185.33380126953125, 117.12118530273438, -74.45116424560547, 135.91310119628906, -42.04039764404297, 81.72486877441406, -3.491685152053833, 34.16128158569336, -5.163717746734619, 85.33785247802734, -2.4585916996002197], [-17.261030197143555, 129.86444091796875, -88.19100952148438, -52.691802978515625, 27.77347183227539, -60.16330337524414, 15.338778495788574, 3.986030101776123, -23.745054244995117, -34.8969612121582, 4.268123149871826, -2.4585916996002197, 79.0339126586914]], "lowlevel.gfcc.icov": [[0.0007892142748460174, 0.0002790295984596014, 0.00030433127540163696, -0.0007687449106015265, 0.00032997835660353303, -0.0005852690082974732, -0.00022619903029408306, -0.0006876843981444836, 0.0009526393259875476, -5.489501927513629e-05, 0.0007268405170179904, -0.0013278877595439553, -0.0007605397840961814], [0.0002790295984596014, 0.004109428729861975, -0.0007923515513539314, 0.0012875779066234827, -0.0028556983452290297, 0.0011617436539381742, -0.0023823478259146214, 0.002204927848652005, -0.0027636259328573942, 0.0009896436240524054, -0.001734980964101851, 0.003666440024971962, -0.004663730971515179], [0.00030433127540163696, -0.0007923515513539314, 0.006137418560683727, -0.001898338319733739, -0.0007690876955166459, -0.004800820257514715, 0.0042679705657064915, -0.000758133886847645, 0.0006093696574680507, -0.003599075134843588, 0.0023814153391867876, -0.0036510126665234566, 0.0011286973021924496], [-0.0007687449106015265, 0.0012875779066234827, -0.001898338319733739, 0.005305147264152765, -0.00016812776448205113, 0.001151959178969264, -0.002650600392371416, 0.0005307946121320128, -0.0029597245156764984, 0.0010640749242156744, -0.002798709087073803, 0.001009556115604937, 0.00032187902252189815], [0.00032997835660353303, -0.0028556983452290297, -0.0007690876955166459, -0.00016812776448205113, 0.009636038914322853, 0.0004481118521653116, -0.0022153938189148903, -0.0019461032934486866, 5.018585579819046e-05, 0.00023755997244734317, -0.00028858616133220494, -0.0010923814261332154, 0.0013786985073238611], [-0.0005852690082974732, 0.0011617436539381742, -0.004800820257514715, 0.001151959178969264, 0.0004481118521653116, 0.009210318326950073, -0.0033084123861044645, -0.0025613277684897184, 0.00043054757406935096, 0.00021515198750421405, -0.0017360273050144315, 0.0024621847551316023, 0.0013939174823462963], [-0.00022619903029408306, -0.0023823478259146214, 0.0042679705657064915, -0.002650600392371416, -0.0022153938189148903, -0.0033084123861044645, 0.012150686234235764, 4.545284355117474e-06, 0.002536750864237547, -0.0019094757735729218, 0.0031682115513831377, -0.0018231768626719713, 0.002453308319672942], [-0.0006876843981444836, 0.002204927848652005, -0.000758133886847645, 0.0005307946121320128, -0.0019461032934486866, -0.0025613277684897184, 4.545284355117474e-06, 0.01097043789923191, -0.0030302416998893023, -0.00043883942998945713, 0.0005746868555434048, 0.003939464222639799, -0.007098026107996702], [0.0009526393259875476, -0.0027636259328573942, 0.0006093696574680507, -0.0029597245156764984, 5.018585579819046e-05, 0.00043054757406935096, 0.002536750864237547, -0.0030302416998893023, 0.011442393995821476, -0.0031126108951866627, 0.003137574065476656, -0.006332675460726023, 0.005123419221490622], [-5.489501927513629e-05, 0.0009896436240524054, -0.003599075134843588, 0.0010640749242156744, 0.00023755997244734317, 0.00021515198750421405, -0.0019094757735729218, -0.00043883942998945713, -0.0031126108951866627, 0.014840632677078247, -0.006889211479574442, 0.002868852112442255, 0.0016071675345301628], [0.0007268405170179904, -0.001734980964101851, 0.0023814153391867876, -0.002798709087073803, -0.00028858616133220494, -0.0017360273050144315, 0.0031682115513831377, 0.0005746868555434048, 0.003137574065476656, -0.006889211479574442, 0.02106306329369545, -0.0036080111749470234, -0.0014119205297902226], [-0.0013278877595439553, 0.003666440024971962, -0.0036510126665234566, 0.001009556115604937, -0.0010923814261332154, 0.0024621847551316023, -0.0018231768626719713, 0.003939464222639799, -0.006332675460726023, 0.002868852112442255, -0.0036080111749470234, 0.02666950598359108, -0.006913536228239536], [-0.0007605397840961814, -0.004663730971515179, 0.0011286973021924496, 0.00032187902252189815, 0.0013786985073238611, 0.0013939174823462963, 0.002453308319672942, -0.007098026107996702, 0.005123419221490622, 0.0016071675345301628, -0.0014119205297902226, -0.006913536228239536, 0.024192525073885918]], "lowlevel.mfcc.cov": [[6181.77392578125, -2848.997802734375, 1625.4005126953125, 279.053955078125, -17.381973266601562, 357.032958984375, 513.4588623046875, 649.1151123046875, 313.31610107421875, 249.45718383789062, 146.71075439453125, -118.9607162475586, 208.07098388671875], [-2848.997802734375, 2138.0478515625, -1247.059326171875, -105.76362609863281, -61.95492172241211, -269.8489685058594, -187.86146545410156, -351.8061828613281, -110.25286865234375, -173.5912322998047, -157.63706970214844, -44.32298278808594, -108.68722534179688], [1625.4005126953125, -1247.059326171875, 1247.296142578125, 0.31276682019233704, 208.83856201171875, 309.3703308105469, 117.56547546386719, 236.88601684570312, 131.28114318847656, 156.50502014160156, 202.63844299316406, 124.36994171142578, 108.58601379394531], [279.053955078125, -105.76362609863281, 0.31276682019233704, 256.2539367675781, -16.39287567138672, 42.89824295043945, 6.539785861968994, 32.384010314941406, 12.249909400939941, 8.71595573425293, 16.842575073242188, 18.68508529663086, 8.945719718933105], [-17.381973266601562, -61.95492172241211, 208.83856201171875, -16.39287567138672, 193.64218139648438, 35.663673400878906, -16.692012786865234, 34.769248962402344, 33.867279052734375, 29.29836654663086, 51.319557189941406, 64.67871856689453, 14.476821899414062], [357.032958984375, -269.8489685058594, 309.3703308105469, 42.89824295043945, 35.663673400878906, 217.8741912841797, 47.21366882324219, 64.4283676147461, 35.8724250793457, 50.805702209472656, 90.52728271484375, 39.835811614990234, 43.97764205932617], [513.4588623046875, -187.86146545410156, 117.56547546386719, 6.539785861968994, -16.692012786865234, 47.21366882324219, 197.1483917236328, 55.11296081542969, 36.78221893310547, 39.714508056640625, 4.895248889923096, -40.41879653930664, 44.636165618896484], [649.1151123046875, -351.8061828613281, 236.88601684570312, 32.384010314941406, 34.769248962402344, 64.4283676147461, 55.11296081542969, 175.22430419921875, 68.91520690917969, 46.37171173095703, 27.652446746826172, -1.4253119230270386, 18.72895050048828], [313.31610107421875, -110.25286865234375, 131.28114318847656, 12.249909400939941, 33.867279052734375, 35.8724250793457, 36.78221893310547, 68.91520690917969, 118.37861633300781, 40.77231979370117, 35.62364196777344, 6.594697952270508, 28.746763229370117], [249.45718383789062, -173.5912322998047, 156.50502014160156, 8.71595573425293, 29.29836654663086, 50.805702209472656, 39.714508056640625, 46.37171173095703, 40.77231979370117, 85.91699981689453, 48.752662658691406, 11.795026779174805, 26.097978591918945], [146.71075439453125, -157.63706970214844, 202.63844299316406, 16.842575073242188, 51.319557189941406, 90.52728271484375, 4.895248889923096, 27.652446746826172, 35.62364196777344, 48.752662658691406, 120.40991973876953, 48.95443344116211, 39.69695281982422], [-118.9607162475586, -44.32298278808594, 124.36994171142578, 18.68508529663086, 64.67871856689453, 39.835811614990234, -40.41879653930664, -1.4253119230270386, 6.594697952270508, 11.795026779174805, 48.95443344116211, 101.80657196044922, 9.040079116821289], [208.07098388671875, -108.68722534179688, 108.58601379394531, 8.945719718933105, 14.476821899414062, 43.97764205932617, 44.636165618896484, 18.72895050048828, 28.746763229370117, 26.097978591918945, 39.69695281982422, 9.040079116821289, 87.1050033569336]], "lowlevel.mfcc.icov": [[0.0006855499814264476, 0.0006456701667048037, -0.00024557928554713726, -0.00046215549809858203, 0.00023721996694803238, 0.00023021044034976512, -0.0005781757645308971, -0.0005998138803988695, -0.0006564318318851292, 0.00037632763269357383, 0.00011240637104492635, 0.000955803319811821, -0.0002552881487645209], [0.0006456701667048037, 0.0023655821569263935, 0.0017618538113310933, 0.0002206489589298144, -0.0011446313001215458, -0.0007286559557542205, -0.0004588324809446931, 0.0010131851304322481, -0.001736714388243854, 0.000848141498863697, 0.0001638695248402655, 0.000373840652173385, -2.8677024602075107e-05], [-0.00024557928554713726, 0.0017618538113310933, 0.004404884763062, 0.001498760306276381, -0.0025476415175944567, -0.0026746666990220547, -0.00016329495701938868, 0.00029929960146546364, -0.0008344391826540232, -0.0004435726150404662, -0.000633944699075073, -0.002148339292034507, -0.0001467913098167628], [-0.00046215549809858203, 0.0002206489589298144, 0.001498760306276381, 0.004976752679795027, 6.774461508030072e-05, -0.0015422723954543471, 0.0003533216076903045, -0.0003048927173949778, -8.486092156090308e-06, -0.0001444852678105235, -0.00014556066889781505, -0.0024058064445853233, 1.381919537379872e-05], [0.00023721996694803238, -0.0011446313001215458, -0.0025476415175944567, 6.774461508030072e-05, 0.008950958959758282, 0.0019133109599351883, 0.0002349741553189233, -0.0018929250072687864, -0.0003772323252633214, -0.0006177403847686946, -0.0007281196885742247, -0.003040477866306901, -3.6015080695506185e-05], [0.00023021044034976512, -0.0007286559557542205, -0.0026746666990220547, -0.0015422723954543471, 0.0019133109599351883, 0.009537696838378906, -0.001320459647104144, -0.0016351729864254594, 0.0011340908240526915, 0.00015320326201617718, -0.004312190227210522, 3.703743277583271e-05, -0.0005303948419168591], [-0.0005781757645308971, -0.0004588324809446931, -0.00016329495701938868, 0.0003533216076903045, 0.0002349741553189233, -0.001320459647104144, 0.0082486467435956, -3.177789767505601e-05, -7.245404412969947e-05, -0.0025755560491234064, 0.0018902452429756522, 0.002556991297751665, -0.002947859698906541], [-0.0005998138803988695, 0.0010131851304322481, 0.00029929960146546364, -0.0003048927173949778, -0.0018929250072687864, -0.0016351729864254594, -3.177789767505601e-05, 0.012205640785396099, -0.004406123422086239, -0.0012197373434901237, 0.0016480889171361923, 0.0009000980062410235, 0.001862343749962747], [-0.0006564318318851292, -0.001736714388243854, -0.0008344391826540232, -8.486092156090308e-06, -0.0003772323252633214, 0.0011340908240526915, -7.245404412969947e-05, -0.004406123422086239, 0.013969759456813335, -0.0031797257252037525, -0.0018673606682568789, -0.0002700187324080616, -0.0018618759931996465], [0.00037632763269357383, 0.000848141498863697, -0.0004435726150404662, -0.0001444852678105235, -0.0006177403847686946, 0.00015320326201617718, -0.0025755560491234064, -0.0012197373434901237, -0.0031797257252037525, 0.01953752152621746, -0.0055025918409228325, 0.0012669647112488747, -9.356482041766867e-05], [0.00011240637104492635, 0.0001638695248402655, -0.000633944699075073, -0.00014556066889781505, -0.0007281196885742247, -0.004312190227210522, 0.0018902452429756522, 0.0016480889171361923, -0.0018673606682568789, -0.0055025918409228325, 0.018131611868739128, -0.00368671678006649, -0.0038993419148027897], [0.000955803319811821, 0.000373840652173385, -0.002148339292034507, -0.0024058064445853233, -0.003040477866306901, 3.703743277583271e-05, 0.002556991297751665, 0.0009000980062410235, -0.0002700187324080616, 0.0012669647112488747, -0.00368671678006649, 0.018798325210809708, -0.00046996711171232164], [-0.0002552881487645209, -2.8677024602075107e-05, -0.0001467913098167628, 1.381919537379872e-05, -3.6015080695506185e-05, -0.0005303948419168591, -0.002947859698906541, 0.001862343749962747, -0.0018618759931996465, -9.356482041766867e-05, -0.0038993419148027897, -0.00046996711171232164, 0.016088292002677917]], "metadata.audio_properties.analysis.downmix": "mix", "metadata.audio_properties.codec": "mp3", "metadata.audio_properties.md5_encoded": "d9cca45ce411bf43069ce3fadfe261ce", "metadata.tags.file_name": "1182274533709848616.mp3", "metadata.version.essentia": "2.1-beta6-dev", "metadata.version.essentia_git_sha": "v2.1_beta5-1110-g77a6a954", "metadata.version.extractor": "music 2.0", "tonal.chords_key": "G", "tonal.chords_scale": "major", "tonal.key_edma.key": "C", "tonal.key_edma.scale": "major", "tonal.key_krumhansl.key": "C", "tonal.key_krumhansl.scale": "major", "tonal.key_temperley.key": "C", "tonal.key_temperley.scale": "major", "metadata.tags.encoding": ["Lavf58.45.100"]}, "essentia_models": [{"model_name": "genre_dortmund", "activations": {"alternative": "0.06898172", "blues": "0.12246039", "electronic": "0.0032289557", "folkcountry": "0.43542185", "funksoulrnb": "0.02718373", "jazz": "0.06784172", "pop": "0.07435411", "raphiphop": "0.020083714", "rock": "0.29741699"}}, {"model_name": "genre_rosamerica", "activations": {"classic": "0.07445019", "dance": "0.003758125", "hip hop": "0.0043883384", "jazz": "0.024785137", "pop": "0.6828277", "rhythm and blues": "0.05