{"song_id": "1182271285242363934", "download": "https://cdn.discordapp.com/attachments/1128313332273782784/1182271285242363934/chirp.mp4?ex=658416ef&amp", "lyrics": "it's not TV it's live you can also watch it on TV when it's live but it's not TV it's just live if you're ready for this live show, do like us, turn on the TV but not and a TV is a live show twich, facebook and instagram, from smartphone, tablet and TV. I don't know how to tell you anymore, it's not TV, you can watch it on TV but it's live, it's not TV. Now live, remember, it's not TV.", "style": ["\u0440\u043e\u0440 female voice"], "essentia_features": {"lowlevel.average_loudness": 0.9682496190071106, "lowlevel.barkbands_crest.mean": 14.644034385681152, "lowlevel.barkbands_crest.stdev": 5.884575366973877, "lowlevel.barkbands_flatness_db.mean": 0.21507230401039124, "lowlevel.barkbands_flatness_db.stdev": 0.05958499014377594, "lowlevel.barkbands_kurtosis.mean": 12.092768669128418, "lowlevel.barkbands_kurtosis.stdev": 33.121177673339844, "lowlevel.barkbands_skewness.mean": 2.046616315841675, "lowlevel.barkbands_skewness.stdev": 2.6701056957244873, "lowlevel.barkbands_spread.mean": 27.807159423828125, "lowlevel.barkbands_spread.stdev": 22.78275489807129, "lowlevel.dissonance.mean": 0.4582754969596863, "lowlevel.dissonance.stdev": 0.04286256060004234, "lowlevel.dynamic_complexity": 2.90666127204895, "lowlevel.erbbands_crest.mean": 11.079931259155273, "lowlevel.erbbands_crest.stdev": 5.742226600646973, "lowlevel.erbbands_flatness_db.mean": 0.18359927833080292, "lowlevel.erbbands_flatness_db.stdev": 0.05290498584508896, "lowlevel.erbbands_kurtosis.mean": 2.193678140640259, "lowlevel.erbbands_kurtosis.stdev": 4.153432846069336, "lowlevel.erbbands_skewness.mean": 0.07365751266479492, "lowlevel.erbbands_skewness.stdev": 1.3630261421203613, "lowlevel.erbbands_spread.mean": 42.73503875732422, "lowlevel.erbbands_spread.stdev": 28.142515182495117, "lowlevel.hfc.mean": 28.07892417907715, "lowlevel.hfc.stdev": 22.470216751098633, "lowlevel.loudness_ebu128.integrated": -13.042539596557617, "lowlevel.loudness_ebu128.loudness_range": 1.7178535461425781, "lowlevel.loudness_ebu128.momentary.mean": -13.268342018127441, "lowlevel.loudness_ebu128.momentary.stdev": 1.4462300539016724, "lowlevel.loudness_ebu128.short_term.mean": -13.09422779083252, "lowlevel.loudness_ebu128.short_term.stdev": 0.5987148284912109, "lowlevel.melbands_crest.mean": 22.214275360107422, "lowlevel.melbands_crest.stdev": 8.548493385314941, "lowlevel.melbands_flatness_db.mean": 0.21997222304344177, "lowlevel.melbands_flatness_db.stdev": 0.08599811047315598, "lowlevel.melbands_kurtosis.mean": 51.23139953613281, "lowlevel.melbands_kurtosis.stdev": 139.63330078125, "lowlevel.melbands_skewness.mean": 4.227810382843018, "lowlevel.melbands_skewness.stdev": 4.783517360687256, "lowlevel.melbands_spread.mean": 33.15787887573242, "lowlevel.melbands_spread.stdev": 43.0781364440918, "lowlevel.pitch_salience.mean": 0.4316628575325012, "lowlevel.pitch_salience.stdev": 0.19743765890598297, "lowlevel.silence_rate_20dB.mean": 1.0, "lowlevel.silence_rate_20dB.stdev": 0.0, "lowlevel.silence_rate_30dB.mean": 0.9507575631141663, "lowlevel.silence_rate_30dB.stdev": 0.2163749635219574, "lowlevel.silence_rate_60dB.mean": 0.0674242451786995, "lowlevel.silence_rate_60dB.stdev": 0.25075647234916687, "lowlevel.spectral_centroid.mean": 2000.0340576171875, "lowlevel.spectral_centroid.stdev": 1203.2542724609375, "lowlevel.spectral_complexity.mean": 12.73712158203125, "lowlevel.spectral_complexity.stdev": 9.900714874267578, "lowlevel.spectral_decrease.mean": -1.0132434447029937e-08, "lowlevel.spectral_decrease.stdev": 9.079569096570594e-09, "lowlevel.spectral_energy.mean": 0.040788985788822174, "lowlevel.spectral_energy.stdev": 0.03507574275135994, "lowlevel.spectral_energyband_high.mean": 0.0016439039027318358, "lowlevel.spectral_energyband_high.stdev": 0.0019488373072817922, "lowlevel.spectral_energyband_low.mean": 0.024233834818005562, "lowlevel.spectral_energyband_low.stdev": 0.03225197643041611, "lowlevel.spectral_energyband_middle_high.mean": 0.006735980976372957, "lowlevel.spectral_energyband_middle_high.stdev": 0.009457412175834179, "lowlevel.spectral_energyband_middle_low.mean": 0.008886049501597881, "lowlevel.spectral_energyband_middle_low.stdev": 0.011643249541521072, "lowlevel.spectral_entropy.mean": 7.77512264251709, "lowlevel.spectral_entropy.stdev": 0.5247794389724731, "lowlevel.spectral_flux.mean": 0.09732456505298615, "lowlevel.spectral_flux.stdev": 0.06974148005247116, "lowlevel.spectral_kurtosis.mean": 2.0348193645477295, "lowlevel.spectral_kurtosis.stdev": 2.237579107284546, "lowlevel.spectral_rms.mean": 0.005644428543746471, "lowlevel.spectral_rms.stdev": 0.0028168431017547846, "lowlevel.spectral_rolloff.mean": 2182.75048828125, "lowlevel.spectral_rolloff.stdev": 2704.276123046875, "lowlevel.spectral_skewness.mean": 1.1447590589523315, "lowlevel.spectral_skewness.stdev": 0.5016329288482666, "lowlevel.spectral_spread.mean": 5811455.0, "lowlevel.spectral_spread.stdev": 1464746.125, "lowlevel.spectral_strongpeak.mean": 1.190258264541626, "lowlevel.spectral_strongpeak.stdev": 1.5790601968765259, "lowlevel.zerocrossingrate.mean": 0.08065703511238098, "lowlevel.zerocrossingrate.stdev": 0.07039130479097366, "metadata.audio_properties.analysis.equal_loudness": 0.0, "metadata.audio_properties.analysis.length": 30.613309860229492, "metadata.audio_properties.analysis.sample_rate": 44100.0, "metadata.audio_properties.analysis.start_time": 0.0, "metadata.audio_properties.bit_rate": 107740.0, "metadata.audio_properties.length": 30.613332748413086, "metadata.audio_properties.lossless": 0.0, "metadata.audio_properties.number_channels": 1.0, "metadata.audio_properties.replay_gain": -13.358114242553711, "metadata.audio_properties.sample_rate": 48000.0, "rhythm.beats_count": 64.0, "rhythm.beats_loudness.mean": 0.08104166388511658, "rhythm.beats_loudness.stdev": 0.0297958143055439, "rhythm.bpm": 127.00789642333984, "rhythm.bpm_histogram_first_peak_bpm": 126.0, "rhythm.bpm_histogram_first_peak_weight": 0.4285714030265808, "rhythm.bpm_histogram_second_peak_bpm": 0.0, "rhythm.bpm_histogram_second_peak_spread": 0.0, "rhythm.bpm_histogram_second_peak_weight": 0.0, "rhythm.danceability": 1.8707650899887085, "rhythm.onset_rate": 5.028223037719727, "tonal.chords_changes_rate": 0.0801815465092659, "tonal.chords_number_rate": 0.010590014979243279, "tonal.chords_strength.mean": 0.4906722903251648, "tonal.chords_strength.stdev": 0.07196573913097382, "tonal.hpcp_crest.mean": 15.184234619140625, "tonal.hpcp_crest.stdev": 7.391568183898926, "tonal.hpcp_entropy.mean": 1.8234076499938965, "tonal.hpcp_entropy.stdev": 0.8672332167625427, "tonal.key_edma.strength": 0.6855526566505432, "tonal.key_krumhansl.strength": 0.6839860081672668, "tonal.key_temperley.strength": 0.6816706657409668, "tonal.tuning_diatonic_strength": 0.660899817943573, "tonal.tuning_equal_tempered_deviation": 0.21229784190654755, "tonal.tuning_frequency": 434.193115234375, "tonal.tuning_nontempered_energy_ratio": 0.9365184307098389, "lowlevel.barkbands.mean": [0.0012880365829914808, 0.019942643120884895, 0.002675470896065235, 0.0005727695534005761, 0.0014550464693456888, 0.0006538707530125976, 0.0006393333896994591, 0.004366498906165361, 0.00043975896551273763, 0.0026851147413253784, 0.00038494146429002285, 0.00064869225025177, 0.0003541456535458565, 0.0003438415296841413, 0.0006992265116423368, 0.0003463893081061542, 0.0005480635445564985, 0.0006025737966410816, 0.0004214904038235545, 0.0001979314984055236, 0.0003756354271899909, 0.00020405220857355744, 0.0002835539635270834, 0.0003654072934295982, 0.00029439953505061567, 9.340284634618001e-08, 1.7731995871628214e-09], "lowlevel.barkbands.stdev": [0.0018633719300851226, 0.02790432795882225, 0.009459045715630054, 0.002289803931489587, 0.0022980677895247936, 0.0012915882980450988, 0.0018915978725999594, 0.00926725659519434, 0.001728165545500815, 0.0067033241502940655, 0.0013443076750263572, 0.002171998145058751, 0.0010992871830239892, 0.0011985047021880746, 0.0017611588118597865, 0.0008702856721356511, 0.001371785532683134, 0.0015373555943369865, 0.0007238193647935987, 0.000340744765708223, 0.0005286557134240866, 0.00033277468173764646, 0.0004685729509219527, 0.0005119986017234623, 0.0003560402838047594, 6.047550300536386e-07, 6.612427938534893e-09], "lowlevel.erbbands.mean": [0.8954617381095886, 3.1649725437164307, 3.504973888397217, 2.4582419395446777, 1.650507926940918, 5.119781494140625, 11.387089729309082, 2.845388889312744, 6.505266189575195, 45.29670333862305, 80.56539916992188, 17.611343383789062, 47.263004302978516, 71.04672241210938, 24.73406410217285, 29.6219539642334, 14.533312797546387, 22.276832580566406, 39.43252944946289, 21.80438995361328, 17.972402572631836, 26.581195831298828, 35.92450714111328, 31.14702606201172, 13.030318260192871, 9.76335620880127, 14.407245635986328, 12.809443473815918, 8.137243270874023, 6.534898281097412, 8.44295883178711, 8.656888008117676, 5.453725814819336, 5.086195468902588, 1.0320854187011719, 0.03910907730460167, 0.0014521131524816155, 0.00014153779193293303, 4.4590346078621224e-05, 5.376111585064791e-05], "lowlevel.erbbands.stdev": [1.272718906402588, 5.069843292236328, 10.573183059692383, 8.994245529174805, 6.071428298950195, 9.242825508117676, 20.0325870513916, 5.456365585327148, 23.815715789794922, 121.9760971069336, 198.07762145996094, 50.34305953979492, 148.8601531982422, 208.9934844970703, 68.98563385009766, 95.7992935180664, 43.68423080444336, 66.70672607421875, 103.5369873046875, 47.524295806884766, 39.848751068115234, 65.9263687133789, 88.25352478027344, 69.86590576171875, 19.26250648498535, 17.596284866333008, 22.09893226623535, 17.646581649780273, 13.141438484191895, 11.005293846130371, 13.90708065032959, 12.118345260620117, 7.780938625335693, 6.264763355255127, 1.3185702562332153, 0.05807911604642868, 0.0018951980164274573, 0.00017233536345884204, 3.554131035343744e-05, 4.055381577927619e-05], "lowlevel.gfcc.mean": [-25.15363121032715, 58.96632766723633, -130.2965850830078, 52.1425895690918, -78.60462188720703, 37.76945877075195, -36.290836334228516, 27.34952735900879, -9.270600318908691, 3.195553779602051, 3.273991346359253, -8.565704345703125, 14.998956680297852], "lowlevel.melbands.mean": [0.006489179562777281, 0.0024365480057895184, 0.0004022436623927206, 0.00021158199524506927, 0.00038724427577108145, 7.115944026736543e-05, 9.833106014411896e-05, 0.0006055692210793495, 0.0005696499720215797, 8.286390220746398e-05, 0.00024368634331040084, 0.00030896798125468194, 6.0323112847981974e-05, 9.024173050420359e-05, 4.03493431804236e-05, 3.444519461481832e-05, 4.02094483433757e-05, 5.9688278270186856e-05, 3.747814480448142e-05, 3.0018532925168984e-05, 1.9264685761299916e-05, 2.663501800270751e-05, 3.104967254330404e-05, 3.452569944784045e-05, 2.4873297661542892e-05, 1.0855264918063767e-05, 6.125564596004551e-06, 6.435826890083263e-06, 8.21965113573242e-06, 1.0038679647550453e-05, 6.696700438624248e-06, 4.8123838496394455e-06, 3.4652614431252005e-06, 3.7418553802126553e-06, 4.808195626537781e-06, 5.2257046263548546e-06, 5.373794465413084e-06, 3.98400970880175e-06, 3.431051936786389e-06, 4.693076789408224e-06], "lowlevel.melbands.stdev": [0.009039869531989098, 0.005062401294708252, 0.0014397151535376906, 0.00044107591384090483, 0.0006100666942074895, 0.00013232043420430273, 0.0003720197710208595, 0.0015333188930526376, 0.001458320184610784, 0.0003241066006012261, 0.0007492449367418885, 0.000934166950173676, 0.0001975356717593968, 0.00029101039399392903, 0.00011589540372369811, 9.878372657112777e-05, 0.00014012600877322257, 0.00016220688121393323, 8.939255349105224e-05, 8.212581451516598e-05, 5.081189738120884e-05, 7.666842429898679e-05, 7.937254122225568e-05, 9.162604692392051e-05, 5.926907033426687e-05, 1.6355194020434283e-05, 1.0436667253088672e-05, 1.2546060133900028e-05, 1.3727577425015625e-05, 1.5163082025537733e-05, 9.966503057512455e-06, 8.327181603817735e-06, 5.880824573978316e-06, 6.637252226937562e-06, 8.481305485474877e-06, 7.875371011323296e-06, 7.495284990000073e-06, 5.901348231418524e-06, 4.547286607703427e-06, 5.942794814473018e-06], "lowlevel.melbands128.mean": [0.0012425329769030213, 0.008179726079106331, 0.008298894390463829, 0.004158155992627144, 0.00206278869882226, 0.0011454818304628134, 0.0005041919066570699, 0.000236226012930274, 0.00013524033420253545, 0.00014007774007041007, 0.00027564261108636856, 0.0004956426564604044, 0.0004965885309502482, 0.00016353822138626128, 4.711000292445533e-05, 2.1479265342350118e-05, 4.273353988537565e-05, 0.00013799099542666227, 0.00010803866462083533, 0.0005235676071606576, 0.0008600240689702332, 0.000806037918664515, 0.0007203589775599539, 5.715724182664417e-05, 5.696954394807108e-05, 8.080757106654346e-05, 0.00012489249638747424, 0.0003194087476003915, 0.00017421554366592318, 0.0006109995301812887, 0.0002172213135054335, 2.1128736989339814e-05, 4.860604531131685e-05, 0.0001091576850740239, 5.0011047278530896e-05, 0.00012864403834100813, 8.350018470082432e-05, 1.3963028322905302e-05, 3.7093268474563956e-05, 2.1221343558863737e-05, 3.430850847507827e-05, 5.4332347644958645e-05, 3.6801448004553095e-05, 4.280808934709057e-05, 1.6620335372863337e-05, 8.005024574231356e-05, 9.328659507445991e-05, 3.023305362148676e-05, 1.719026840873994e-05, 2.417970790702384e-05, 4.444454680196941e-05, 2.045608198386617e-05, 1.0168122571485583e-05, 2.3778646209393628e-05, 2.848650728992652e-05, 2.377130658715032e-05, 2.06320528377546e-05, 4.998422446078621e-05, 1.8695374819799326e-05, 2.8892833142890595e-05, 5.008931111660786e-05, 2.001177017518785e-05, 3.4999800845980644e-05, 2.583777859399561e-05, 9.868783308775164e-06, 1.2289714504731819e-05, 1.0142570317839272e-05, 5.676457931258483e-06, 5.621147465717513e-06, 5.863448677700944e-06, 6.095109711168334e-06, 6.864099304948468e-06, 7.524343345721718e-06, 8.321203495142981e-06, 8.211677595681977e-06, 1.3624313396576326e-05, 8.990348760562483e-06, 5.879370291950181e-06, 8.09335324447602e-06, 5.03746559843421e-06, 5.217011675995309e-06, 4.795637323695701e-06, 3.3820595035649603e-06, 3.6904532407788793e-06, 3.040184310520999e-06, 3.1698243674327387e-06, 3.977544110966846e-06, 4.859519322053529e-06, 5.029537533118855e-06, 4.425184670253657e-06, 5.332324235496344e-06, 5.1368510867177974e-06, 5.743224846810335e-06, 5.490177500178106e-06, 5.154461632628227e-06, 4.7730877668072935e-06, 3.662507879198529e-06, 2.9712182367802598e-06, 2.8133151772635756e-06, 3.728451247297926e-06, 5.493330718309153e-06, 5.777018941444112e-06, 2.471772177159437e-06, 2.0187553673167713e-06, 6.758153858754667e-07, 3.79063493483045e-07, 8.48823518140307e-08, 7.3872081784998045e-09, 2.1485235812690462e-10, 8.500859738358457e-11, 4.7169122774359806e-11, 3.169045234563406e-11, 3.675149073956163e-11, 3.331861869737551e-11, 2.3394682024946434e-11, 1.9537899076382814e-11, 1.7904672536261934e-11, 8.578974336481693e-12, 6.809946703767444e-12, 6.614157572332191e-12, 6.448796358027309e-12, 6.318771027247205e-12, 6.171738033827756e-12, 6.055727534010069e-12, 5.896004171002112e-12, 5.703256009820246e-12, 5.588473260542681e-12, 5.547560674723506e-12], "lowlevel.melbands128.stdev": [0.0018284141551703215, 0.011918955482542515, 0.012292129918932915, 0.008005527779459953, 0.0062322914600372314, 0.004232450854033232, 0.001962133916094899, 0.0009706619312055409, 0.0005996780819259584, 0.0004263509763404727, 0.0006148415268398821, 0.0008153844974003732, 0.0009985488140955567, 0.00033652904676273465, 0.0001727847702568397, 6.10953284194693e-05, 0.00016526693070773035, 0.0006995093426667154, 0.00033996315323747694, 0.0016737423138692975, 0.002604721812531352, 0.0021216056775301695, 0.0022669206373393536, 0.0001903302618302405, 0.0003367173485457897, 0.000532396836206317, 0.00055890396470204, 0.0013960977084934711, 0.0005575115792453289, 0.001954803941771388, 0.0007257075631059706, 0.00012066370254615322, 0.00021088527864776552, 0.000420831551309675, 0.0002549019700381905, 0.0005425265990197659, 0.0002994588576257229, 4.2898624087683856e-05, 0.00022648776939604431, 8.130654896376655e-05, 0.0001268110063392669, 0.00020463696273509413, 0.00016780095756985247, 0.0002277268358739093, 6.788107566535473e-05, 0.00027851134655065835, 0.00027982285246253014, 0.0001202991115860641, 7.974261097842827e-05, 7.674398511881009e-05, 0.00015953344700392336, 6.692899478366598e-05, 2.8827102141804062e-05, 0.00010852175182662904, 8.28941774670966e-05, 0.00013268478505779058, 5.399619840318337e-05, 0.00016396419960074127, 6.239920912776142e-05, 9.974285057978705e-05, 0.00015963982150424272, 7.22473268979229e-05, 0.00013184999988880008, 5.866272113053128e-05, 1.8789083696901798e-05, 2.1334324628696777e-05, 2.0134526494075544e-05, 1.1138751688122284e-05, 1.097067342925584e-05, 1.2622913345694542e-05, 1.6830705135362223e-05, 1.280831747862976e-05, 1.4577719412045553e-05, 1.7628530258662067e-05, 1.4183518942445517e-05, 2.4266719265142456e-05, 1.5605968656018376e-05, 9.922016033669934e-06, 1.3018951904086862e-05, 8.965333108790219e-06, 1.0199414646194782e-05, 9.273698196921032e-06, 5.963875082670711e-06, 6.905897407705197e-06, 5.769255494669778e-06, 5.826905180583708e-06, 7.992616701812949e-06, 9.475434126215987e-06, 1.0023277354775928e-05, 7.83620635047555e-06, 8.961424100561999e-06, 8.26417908683652e-06, 8.627959687146358e-06, 8.611181328888051e-06, 7.432116035488434e-06, 7.152133548515849e-06, 6.253093943087151e-06, 5.258490546111716e-06, 4.343139607954072e-06, 5.001968474971363e-06, 6.9260586315067485e-06, 8.559641173633281e-06, 3.4386500828986755e-06, 2.6719253582996316e-06, 1.5212615380733041e-06, 7.999356625987275e-07, 2.2612292127632827e-07, 3.385124713872756e-08, 2.3992596798194654e-09, 9.062515737845445e-10, 5.624008481142084e-10, 3.3127389720277733e-10, 4.2016526369259566e-10, 3.59668406169078e-10, 2.4227070349880364e-10, 2.1892372636944657e-10, 2.2220633666414358e-10, 3.276883972502809e-11, 1.2158022852370998e-11, 1.1894338812490357e-11, 1.1743508075701126e-11, 1.159587009746943e-11, 1.137738601247884e-11, 1.1100488583881685e-11, 1.004059248937983e-11, 8.966872383497915e-12, 8.72238652832591e-12, 8.673208852505443e-12], "lowlevel.mfcc.mean": [-652.298828125, 67.24122619628906, 12.984930992126465, 9.6950101852417, 6.387909889221191, 0.21523213386535645, 7.758828163146973, 6.193673133850098, 12.55666732788086, 8.387967109680176, 5.287237644195557, 7.072101593017578, 0.07079329341650009], "lowlevel.spectral_contrast_coeffs.mean": [-0.6736475825309753, -0.7078907489776611, -0.749729573726654, -0.7895298600196838, -0.7918418049812317, -0.7854731678962708], "lowlevel.spectral_contrast_coeffs.stdev": [0.10950185358524323, 0.1262001246213913, 0.10376445204019547, 0.06901882588863373, 0.053036365658044815, 0.03356609493494034], "lowlevel.spectral_contrast_valleys.mean": [-7.802916526794434, -7.649702548980713, -7.878800392150879, -7.957650661468506, -7.561694145202637, -9.385157585144043], "lowlevel.spectral_contrast_valleys.stdev": [1.2764610052108765, 0.8402869701385498, 0.7977705001831055, 0.7912158966064453, 0.8134365081787109, 0.8328408002853394], "rhythm.beats_loudness_band_ratio.mean": [0.6809255480766296, 0.03313659876585007, 0.0881342887878418, 0.11009954661130905, 0.060417696833610535, 0.031208178028464317], "rhythm.beats_loudness_band_ratio.stdev": [0.2992289960384369, 0.06411783397197723, 0.11859725415706635, 0.16601234674453735, 0.0756998136639595, 0.025460366159677505], "tonal.hpcp.mean": [0.1422802358865738, 0.15518559515476227, 0.08497460931539536, 0.054204024374485016, 0.03981317579746246, 0.03608754649758339, 0.04800565913319588, 0.05896604433655739, 0.07577209919691086, 0.154061958193779, 0.18080028891563416, 0.10132207721471786, 0.04782668501138687, 0.04376569390296936, 0.07206547260284424, 0.1632165163755417, 0.16308963298797607, 0.06761082261800766, 0.03923574090003967, 0.03312811627984047, 0.029574256390333176, 0.045681506395339966, 0.04858901724219322, 0.03934323415160179, 0.0489688366651535, 0.05143146961927414, 0.053667157888412476, 0.061532728374004364, 0.05013568326830864, 0.07156586647033691, 0.2540060877799988, 0.4158788323402405, 0.2768322229385376, 0.10244864970445633, 0.08636973053216934, 0.08657588064670563], "tonal.hpcp.stdev": [0.25515973567962646, 0.2866426408290863, 0.1952570527791977, 0.16885986924171448, 0.13727761805057526, 0.14137502014636993, 0.1478336751461029, 0.17371664941310883, 0.19005028903484344, 0.2831539511680603, 0.31154531240463257, 0.21876268088817596, 0.1465180218219757, 0.14689357578754425, 0.18584196269512177, 0.2856887876987457, 0.2773812711238861, 0.16710402071475983, 0.13049347698688507, 0.10638907551765442, 0.09637406468391418, 0.13257494568824768, 0.1385701298713684, 0.12484550476074219, 0.15888088941574097, 0.15378327667713165, 0.14055465161800385, 0.1543397456407547, 0.14057990908622742, 0.171343594789505, 0.3291604518890381, 0.41912519931793213, 0.3405172526836395, 0.22106356918811798, 0.2236955612897873, 0.21414461731910706], "rhythm.beats_position": [0.4643990993499756, 0.9404081702232361, 1.4164172410964966, 1.8924262523651123, 2.3684353828430176, 2.832834482192993, 3.2972335815429688, 3.7848525047302246, 4.249251842498779, 4.7252607345581055, 5.201269626617432, 5.665668964385986, 6.1416778564453125, 6.617686748504639, 7.082086086273193, 7.5580949783325195, 8.034104347229004, 8.498503684997559, 8.962902069091797, 9.438911437988281, 9.914920806884766, 10.390929222106934, 10.866938591003418, 11.342947959899902, 11.81895637512207, 12.283355712890625, 12.74775505065918, 13.223763465881348, 13.699772834777832, 14.164172172546387, 14.640181541442871, 15.116189956665039, 15.592199325561523, 16.068208694458008, 16.532608032226562, 16.997007369995117, 17.47301483154297, 17.949024200439453, 18.413423538208008, 18.901042938232422, 19.365442276000977, 19.84145164489746, 20.317459106445312, 20.781858444213867, 21.25786781311035, 21.733877182006836, 22.19827651977539, 22.685895919799805, 23.15029525756836, 23.62630271911621, 24.102312088012695, 24.56671142578125, 25.042720794677734, 25.50712013244629, 25.983129501342773, 26.470746994018555, 26.93514633178711, 27.399545669555664, 27.86394500732422, 28.339954376220703, 28.815963745117188, 29.280363082885742, 29.756370544433594, 30.232379913330078], "rhythm.bpm_histogram": [0.0, 0.0, 0.0, 0.0, 0.0, 0.0, 0.0, 0.0, 0.0, 0.0, 0.0, 0.0, 0.0, 0.0, 0.0, 0.0, 0.0, 0.0, 0.0, 0.0, 0.0, 0.0, 0.0, 0.0, 0.0, 0.0, 0.0, 0.0, 0.0, 0.0, 0.0, 0.0, 0.0, 0.0, 0.0, 0.0, 0.0, 0.0, 0.0, 0.0, 0.0, 0.0, 0.0, 0.0, 0.0, 0.0, 0.0, 0.0, 0.0, 0.0, 0.0, 0.0, 0.0, 0.0, 0.0, 0.0, 0.0, 0.0, 0.0, 0.0, 0.0, 0.0, 0.0, 0.0, 0.0, 0.0, 0.0, 0.0, 0.0, 0.0, 0.0, 0.0, 0.0, 0.0, 0.0, 0.0, 0.0, 0.0, 0.0, 0.0, 0.0, 0.0, 0.0, 0.0, 0.0, 0.0, 0.0, 0.0, 0.0, 0.0, 0.0, 0.0, 0.0, 0.0, 0.0, 0.0, 0.0, 0.0, 0.0, 0.0, 0.0, 0.0, 0.0, 0.0, 0.0, 0.0, 0.0, 0.0, 0.0, 0.0, 0.0, 0.0, 0.0, 0.0, 0.0, 0.0, 0.0, 0.0, 0.0, 0.0, 0.0, 0.0, 0.0, 0.0634920671582222, 0.0, 0.0, 0.5714285969734192, 0.0, 0.0, 0.3650793731212616, 0.0, 0.0, 0.0, 0.0, 0.0, 0.0, 0.0, 0.0, 0.0, 0.0, 0.0, 0.0, 0.0, 0.0, 0.0, 0.0, 0.0, 0.0, 0.0, 0.0, 0.0, 0.0, 0.0, 0.0, 0.0, 0.0, 0.0, 0.0, 0.0, 0.0, 0.0, 0.0, 0.0, 0.0, 0.0, 0.0, 0.0, 0.0, 0.0, 0.0, 0.0, 0.0, 0.0, 0.0, 0.0, 0.0, 0.0, 0.0, 0.0, 0.0, 0.0, 0.0, 0.0, 0.0, 0.0, 0.0, 0.0, 0.0, 0.0, 0.0, 0.0, 0.0, 0.0, 0.0, 0.0, 0.0, 0.0, 0.0, 0.0, 0.0, 0.0, 0.0, 0.0, 0.0, 0.0, 0.0, 0.0, 0.0, 0.0, 0.0, 0.0, 0.0, 0.0, 0.0, 0.0, 0.0, 0.0, 0.0, 0.0, 0.0, 0.0, 0.0, 0.0, 0.0, 0.0, 0.0, 0.0, 0.0, 0.0, 0.0, 0.0, 0.0, 0.0, 0.0, 0.0, 0.0, 0.0, 0.0, 0.0, 0.0, 0.0, 0.0, 0.0, 0.0, 0.0, 0.0, 0.0, 0.0, 0.0, 0.0], "tonal.chords_histogram": [19.062026977539062, 0.0, 45.99092102050781, 0.3025718629360199, 4.689863681793213, 0.0, 0.0, 0.0, 0.0, 0.0, 0.0, 0.0, 0.0, 0.0, 0.0, 0.0, 0.0, 6.807867050170898, 0.0, 8.169440269470215, 0.0, 12.556732177734375, 2.420574903488159, 0.0], "tonal.thpcp": [1.0, 0.6656559705734253, 0.24634253978729248, 0.20768003165721893, 0.20817573368549347, 0.3421194553375244, 0.3731509745121002, 0.20432540774345398, 0.13033609092235565, 0.09573263674974442, 0.08677418529987335, 0.11543183773756027, 0.141786590218544, 0.18219754099845886, 0.37044915556907654, 0.4347427189350128, 0.24363364279270172, 0.11500149220228195, 0.10523664951324463, 0.17328478395938873, 0.39246171712875366, 0.39215660095214844, 0.16257336735725403, 0.09434416145086288, 0.07965809851884842, 0.07111267745494843, 0.10984330624341965, 0.11683455109596252, 0.09460263699293137, 0.11774784326553345, 0.12366936355829239, 0.12904517352581024, 0.14795830845832825, 0.12055358290672302, 0.17208345234394073, 0.6107694506645203], "lowlevel.gfcc.cov": [[5566.45166015625, 839.2683715820312, -156.82579040527344, 62.49833679199219, 40.18721008300781, -123.85601043701172, 53.13436508178711, 200.02597045898438, -13.960814476013184, 39.072940826416016, -86.06157684326172, -110.43394470214844, -6.122999668121338], [839.2683715820312, 1963.095703125, 276.7951354980469, -249.67987060546875, 207.75381469726562, -108.40570831298828, 231.23837280273438, -51.759300231933594, 106.31123352050781, 26.54084587097168, 114.68998718261719, -138.6260986328125, 136.19764709472656], [-156.82579040527344, 276.7951354980469, 1238.5843505859375, 797.72802734375, 361.75421142578125, 408.4999084472656, 251.00613403320312, 200.42373657226562, 283.7125549316406, 138.41148376464844, 93.1101303100586, 66.7689437866211, -74.0016098022461], [62.49833679199219, -249.67987060546875, 797.72802734375, 1165.59375, 547.5054321289062, 288.4343566894531, 191.8643341064453, 273.6508483886719, 218.8863525390625, 46.96054458618164, 70.7051010131836, 132.21438598632812, -106.31153869628906], [40.18721008300781, 207.75381469726562, 361.75421142578125, 547.5054321289062, 600.4700317382812, 418.237060546875, 299.3009033203125, 145.45849609375, 199.6068115234375, 67.81788635253906, 87.53209686279297, 26.593610763549805, -1.8776600360870361], [-123.85601043701172, -108.40570831298828, 408.4999084472656, 288.4343566894531, 418.237060546875, 812.8723754882812, 407.17010498046875, 42.21284103393555, 225.01397705078125, 155.7509765625, 61.12936019897461, -1.4009184837341309, -24.543725967407227], [53.13436508178711, 231.23837280273438, 251.00613403320312, 191.8643341064453, 299.3009033203125, 407.17010498046875, 425.2552490234375, 150.87899780273438, 199.04367065429688, 108.48645782470703, 102.47093200683594, 16.195018768310547, 39.20286560058594], [200.02597045898438, -51.759300231933594, 200.42373657226562, 273.6508483886719, 145.45849609375, 42.21284103393555, 150.87899780273438, 311.085693359375, 189.77767944335938, 73.23101043701172, 58.4743766784668, 87.22515869140625, 21.028152465820312], [-13.960814476013184, 106.31123352050781, 283.7125549316406, 218.8863525390625, 199.6068115234375, 225.01397705078125, 199.04367065429688, 189.77767944335938, 303.21771240234375, 141.08584594726562, 83.1323013305664, 54.01106262207031, 41.566951751708984], [39.072940826416016, 26.54084587097168, 138.41148376464844, 46.96054458618164, 67.81788635253906, 155.7509765625, 108.48645782470703, 73.23101043701172, 141.08584594726562, 180.69606018066406, 77.73170471191406, 21.11180877685547, 29.39162254333496], [-86.06157684326172, 114.68998718261719, 93.1101303100586, 70.7051010131836, 87.53209686279297, 61.12936019897461, 102.47093200683594, 58.4743766784668, 83.1323013305664, 77.73170471191406, 152.6383819580078, 66.8514633178711, 25.547216415405273], [-110.43394470214844, -138.6260986328125, 66.7689437866211, 132.21438598632812, 26.593610763549805, -1.4009184837341309, 16.195018768310547, 87.22515869140625, 54.01106262207031, 21.11180877685547, 66.8514633178711, 125.19388580322266, 28.026268005371094], [-6.122999668121338, 136.19764709472656, -74.0016098022461, -106.31153869628906, -1.8776600360870361, -24.543725967407227, 39.20286560058594, 21.028152465820312, 41.566951751708984, 29.39162254333496, 25.547216415405273, 28.026268005371094, 131.0298614501953]], "lowlevel.gfcc.icov": [[0.0002839823719114065, -0.0004611833719536662, 0.0004818915913347155, -0.0005792577867396176, 0.0006471595261245966, -0.0006540815811604261, 0.0004549459845293313, -0.0007869285764172673, 0.0004467136168386787, -0.00030232974677346647, 0.00019174990302417427, 0.0001906676043290645, 1.9682203856064007e-05], [-0.0004611833719536662, 0.0025940011255443096, -0.0023691861424595118, 0.0028648991137742996, -0.0035579195246100426, 0.0037945120129734278, -0.0026833645533770323, 0.0028645717538893223, -0.001554369810037315, 0.0008082439308054745, -0.0007425994845107198, 0.0008872299222275615, -0.00046174353337846696], [0.0004818915913347155, -0.0023691861424595118, 0.004138403572142124, -0.004357121419161558, 0.004470537416636944, -0.004139897413551807, 0.002431086730211973, -0.0025325827300548553, 0.0005166053888387978, -0.0007410106481984258, -0.0002338851772947237, 0.0006399305420927703, 0.00016596305067650974], [-0.0005792577867396176, 0.0028648991137742996, -0.004357121419161558, 0.007400042377412319, -0.0076824817806482315, 0.005374373402446508, -0.002895015524700284, 0.0026500169187784195, -0.0013241417473182082, 0.00037434283876791596, 0.0015646680258214474, -0.0035331363324075937, 0.00266254018060863], [0.0006471595261245966, -0.0035579195246100426, 0.004470537416636944, -0.0076824817806482315, 0.011759779416024685, -0.007960334420204163, 0.003588532330468297, -0.004768467508256435, 0.001204610918648541, 0.0014911413891240954, -0.0030252172145992517, 0.004058863501995802, -0.0026058084331452847], [-0.0006540815811604261, 0.0037945120129734278, -0.004139897413551807, 0.005374373402446508, -0.007960334420204163, 0.010898198001086712, -0.00844517070800066, 0.007971512153744698, -0.003468256676569581, -0.0020874328911304474, 0.0034890498500317335, -0.003128880402073264, 0.0027798840310424566], [0.0004549459845293313, -0.0026833645533770323, 0.002431086730211973, -0.002895015524700284, 0.003588532330468297, -0.00844517070800066, 0.011884665116667747, -0.0076970625668764114, 0.0018714150646701455, 0.0017109172185882926, -0.004862289410084486, 0.0043249609880149364, -0.002970938803628087], [-0.0007869285764172673, 0.0028645717538893223, -0.0025325827300548553, 0.0026500169187784195, -0.004768467508256435, 0.007971512153744698, -0.0076970625668764114, 0.013261407613754272, -0.006376417353749275, -0.0010078615741804242, 0.0033819081727415323, -0.005458476487547159, 0.0020619744900614023], [0.0004467136168386787, -0.001554369810037315, 0.0005166053888387978, -0.0013241417473182082, 0.001204610918648541, -0.003468256676569581, 0.0018714150646701455, -0.006376417353749275, 0.011137121357023716, -0.004334532655775547, 5.017488365410827e-05, 2.4242624931503087e-05, -0.0018907623598352075], [-0.00030232974677346647, 0.0008082439308054745, -0.0007410106481984258, 0.00037434283876791596, 0.0014911413891240954, -0.0020874328911304474, 0.0017109172185882926, -0.0010078615741804242, -0.004334532655775547, 0.012940517626702785, -0.007193360012024641, 0.004940489772707224, -0.0028706942684948444], [0.00019174990302417427, -0.0007425994845107198, -0.0002338851772947237, 0.0015646680258214474, -0.0030252172145992517, 0.0034890498500317335, -0.004862289410084486, 0.0033819081727415323, 5.017488365410827e-05, -0.007193360012024641, 0.017192047089338303, -0.012175753712654114, 0.004290427081286907], [0.0001906676043290645, 0.0008872299222275615, 0.0006399305420927703, -0.0035331363324075937, 0.004058863501995802, -0.003128880402073264, 0.0043249609880149364, -0.005458476487547159, 2.4242624931503087e-05, 0.004940489772707224, -0.012175753712654114, 0.022295599803328514, -0.007875253446400166], [1.9682203856064007e-05, -0.00046174353337846696, 0.00016596305067650974, 0.00266254018060863, -0.0026058084331452847, 0.0027798840310424566, -0.002970938803628087, 0.0020619744900614023, -0.0018907623598352075, -0.0028706942684948444, 0.004290427081286907, -0.007875253446400166, 0.013499731197953224]], "lowlevel.mfcc.cov": [[5210.2646484375, 494.3660888671875, -384.4473571777344, 128.55030822753906, -67.05493927001953, -177.7657928466797, 27.704404830932617, -23.216840744018555, 48.94036865234375, 80.6273422241211, -11.135174751281738, -29.279239654541016, -157.95849609375], [494.3660888671875, 1929.0963134765625, -4.682764530181885, -160.10946655273438, -146.23764038085938, -33.87496566772461, 86.15506744384766, -176.0679473876953, 40.12287902832031, 92.35195922851562, -21.91447639465332, -39.85200500488281, -45.66142654418945], [-384.4473571777344, -4.682764530181885, 985.6213989257812, 401.6499328613281, 285.2952575683594, 316.03179931640625, 90.77255249023438, 224.70687866210938, 119.50775909423828, 172.3703155517578, 182.74407958984375, 139.55081176757812, 140.4578399658203], [128.55030822753906, -160.10946655273438, 401.6499328613281, 876.706787109375, 406.53607177734375, -8.644979476928711, 75.55074310302734, 253.42897033691406, 113.50958251953125, -23.34503173828125, 141.9031982421875, 210.85369873046875, 46.08320236206055], [-67.05493927001953, -146.23764038085938, 285.2952575683594, 406.53607177734375, 450.6313171386719, 277.66473388671875, 122.72400665283203, 229.72799682617188, 123.06179809570312, 109.31775665283203, 114.6825942993164, 120.30671691894531, 106.00173950195312], [-177.7657928466797, -33.87496566772461, 316.03179931640625, -8.644979476928711, 277.66473388671875, 716.8941040039062, 287.1122131347656, 216.94752502441406, 147.2862091064453, 285.8945617675781, 121.14273071289062, 32.91920471191406, 188.7686767578125], [27.704404830932617, 86.15506744384766, 90.77255249023438, 75.55074310302734, 122.72400665283203, 287.1122131347656, 286.9358215332031, 156.77540588378906, 88.06806182861328, 126.9030532836914, 87.8248291015625, 60.09685516357422, 68.10464477539062], [-23.216840744018555, -176.0679473876953, 224.70687866210938, 253.42897033691406, 229.72799682617188, 216.94752502441406, 156.77540588378906, 342.24169921875, 158.0482177734375, 118.08485412597656, 130.0880584716797, 131.1804962158203, 120.9154052734375], [48.94036865234375, 40.12287902832031, 119.50775909423828, 113.50958251953125, 123.06179809570312, 147.2862091064453, 88.06806182861328, 158.0482177734375, 223.75115966796875, 168.73167419433594, 77.8097915649414, 56.81794738769531, 89.68131256103516], [80.6273422241211, 92.35195922851562, 172.3703155517578, -23.34503173828125, 109.31775665283203, 285.8945617675781, 126.9030532836914, 118.08485412597656, 168.73167419433594, 297.61553955078125, 123.07077026367188, 27.247440338134766, 107.32293701171875], [-11.135174751281738, -21.91447639465332, 182.74407958984375, 141.9031982421875, 114.6825942993164, 121.14273071289062, 87.8248291015625, 130.0880584716797, 77.8097915649414, 123.07077026367188, 187.86764526367188, 120.84752655029297, 69.22277069091797], [-29.279239654541016, -39.85200500488281, 139.55081176757812, 210.85369873046875, 120.30671691894531, 32.91920471191406, 60.09685516357422, 131.1804962158203, 56.81794738769531, 27.247440338134766, 120.84752655029297, 190.63287353515625, 71.09712982177734], [-157.95849609375, -45.66142654418945, 140.4578399658203, 46.08320236206055, 106.00173950195312, 188.7686767578125, 68.10464477539062, 120.9154052734375, 89.68131256103516, 107.32293701171875, 69.22277069091797, 71.09712982177734, 158.25050354003906]], "lowlevel.mfcc.icov": [[0.00022622787219006568, -5.771187716163695e-05, 0.00015296101628337055, -0.00017992014181800187, 0.00011700139293679968, -3.050791929126717e-05, 7.486208050977439e-05, -0.00013119207869749516, 0.00010749859211500734, -0.00034944748040288687, 0.00010461595229571685, -5.503924694494344e-05, 0.0003068669466301799], [-5.771187716163695e-05, 0.0006611066055484116, -0.00019549067656043917, 0.00012049890210619196, 9.897886229737196e-06, 0.00026550627080723643, -0.0006581675261259079, 0.0007452354766428471, -0.00039197487058117986, -0.00018871411157306284, 0.00020057542133145034, -0.00020834055612795055, 1.8045913748210296e-05], [0.00015296101628337055, -0.00019549067656043917, 0.0019193228799849749, -0.001191617688164115, 0.0006119126919656992, -0.0011133735533803701, 0.0012233431916683912, -0.0005346653633750975, 0.0006933243712410331, -0.0007817226578481495, -0.0005755597958341241, -2.3544756913906895e-05, -6.0415317420847714e-05], [-0.00017992014181800187, 0.00012049890210619196, -0.001191617688164115, 0.0040497612208127975, -0.0034970962442457676, 0.0019311128417029977, -0.0012881378643214703, -4.407133019412868e-05, -0.0014919608365744352, 0.0020510752219706774, -0.0007254090742208064, -0.000885956862475723, 0.0005303456564433873], [0.00011700139293679968, 9.897886229737196e-06, 0.0006119126919656992, -0.0034970962442457676, 0.007339250762015581, -0.0033121074084192514, 0.001826618448831141, -0.0013922106008976698, 0.00034397750278003514, -0.0009389679762534797, 0.0006275030318647623, -0.0007585192215628922, 0.000415452552260831], [-3.050791929126717e-05, 0.00026550627080723643, -0.0011133735533803701, 0.0019311128417029977, -0.0033121074084192514, 0.006080562714487314, -0.004209725186228752, 0.00015776636428199708, 0.001092436141334474, -0.0020099757239222527, 0.0004582944675348699, 0.0018356017535552382, -0.003152569057419896], [7.486208050977439e-05, -0.0006581675261259079, 0.0012233431916683912, -0.0012881378643214703, 0.001826618448831141, -0.004209725186228752, 0.008594941347837448, -0.002799906535074115, 0.0005012245965190232, -0.0005982344737276435, -0.0005675692809745669, -0.001410774770192802, 0.002416334580630064], [-0.00013119207869749516, 0.0007452354766428471, -0.0005346653633750975, -4.407133019412868e-05, -0.0013922106008976698, 0.00015776636428199708, -0.002799906535074115, 0.00866870116442442, -0.0040466319769620895, 0.0019821038004010916, -0.0015479907160624862, -0.0009942078031599522, -0.0020299418829381466], [0.00010749859211500734, -0.00039197487058117986, 0.0006933243712410331, -0.0014919608365744352, 0.00034397750278003514, 0.001092436141334474, 0.0005012245965190232, -0.0040466319769620895, 0.012256382964551449, -0.007806809619069099, 0.003067305078729987, -0.0005986897158436477, -0.0015680382493883371], [-0.00034944748040288687, -0.00018871411157306284, -0.0007817226578481495, 0.0020510752219706774, -0.0009389679762534797, -0.0020099757239222527, -0.0005982344737276435, 0.0019821038004010916, -0.007806809619069099, 0.01377575471997261, -0.007659596391022205, 0.003877048846334219, -0.0018468555063009262], [0.00010461595229571685, 0.00020057542133145034, -0.0005755597958341241, -0.0007254090742208064, 0.0006275030318647623, 0.0004582944675348699, -0.0005675692809745669, -0.0015479907160624862, 0.003067305078729987, -0.007659596391022205, 0.015553323552012444, -0.008266663178801537, 0.0017113301437348127], [-5.503924694494344e-05, -0.00020834055612795055, -2.3544756913906895e-05, -0.000885956862475723, -0.0007585192215628922, 0.0018356017535552382, -0.001410774770192802, -0.0009942078031599522, -0.0005986897158436477, 0.003877048846334219, -0.008266663178801537, 0.014304818585515022, -0.0052516222931444645], [0.0003068669466301799, 1.8045913748210296e-05, -6.0415317420847714e-05, 0.0005303456564433873, 0.000415452552260831, -0.003152569057419896, 0.002416334580630064, -0.0020299418829381466, -0.0015680382493883371, -0.0018468555063009262, 0.0017113301437348127, -0.0052516222931444645, 0.014275109395384789]], "metadata.audio_properties.analysis.downmix": "mix", "metadata.audio_properties.codec": "mp3", "metadata.audio_properties.md5_encoded": "afe9b75f7fbefadb065b9f0293576b07", "metadata.tags.file_name": "1182271285242363934.mp3", "metadata.version.essentia": "2.1-beta6-dev", "metadata.version.essentia_git_sha": "v2.1_beta5-1110-g77a6a954", "metadata.version.extractor": "music 2.0", "tonal.chords_key": "G", "tonal.chords_scale": "major", "tonal.key_edma.key": "C", "tonal.key_edma.scale": "major", "tonal.key_krumhansl.key": "C", "tonal.key_krumhansl.scale": "major", "tonal.key_temperley.key": "C", "tonal.key_temperley.scale": "major", "metadata.tags.encoding": ["Lavf58.45