{"song_id": "1182279174430396416", "download": "https://cdn.discordapp.com/attachments/1128313332273782784/1182279174430396416/chirp.mp4?ex=65841e48&amp", "lyrics": "\u9858\u3044\u9752\u3044\u7a7a\u3092\u898b\u4e0a\u3052\u305f\u541b\u3068\u3044\u3063\u3057\u3087\u306b\u3044\u305f\u3044\u3042\u306e\u3072\u304b\u3089\u305a\u3063\u3068\u7d9a\u3051\u305f\u308b\u5922\u306e\u306a\u304b\u3067\n\u3044\u3064\u304b\u3053\u306e\u8857\u304c \u4e8c\u4eba\u306e\u661f\u5ea7\u306b\u306a\u308b \u305d\u306e\u6642\u541b\u306b\u4f1d\u3048\u305f\u3044 \u611b\u306f\u5b87\u5b99\u3092\u8d8a\u3048\u3066\n\n\u79c1\u306f\u541b\u3092\u63a2\u3057\u3066\u305f \u8ff7\u3044\u306a\u304c\u3089\u9032\u3081\u305f \u3069\u3053\u306b\u3082\u541b\u306f\u3044\u306a\u3044\u3068\u77e5\u3063\u3066 \u50b7\u3064\u3044\u3066\u3082\u7acb\u3061\u4e0a\u304c\u308b", "style": ["stories rock old man"], "essentia_features": {"lowlevel.average_loudness": 0.85425865650177, "lowlevel.barkbands_crest.mean": 12.477831840515137, "lowlevel.barkbands_crest.stdev": 6.271552562713623, "lowlevel.barkbands_flatness_db.mean": 0.19019851088523865, "lowlevel.barkbands_flatness_db.stdev": 0.09981859475374222, "lowlevel.barkbands_kurtosis.mean": 32.36937713623047, "lowlevel.barkbands_kurtosis.stdev": 113.38434600830078, "lowlevel.barkbands_skewness.mean": 2.7801458835601807, "lowlevel.barkbands_skewness.stdev": 3.8868322372436523, "lowlevel.barkbands_spread.mean": 25.206979751586914, "lowlevel.barkbands_spread.stdev": 26.72532844543457, "lowlevel.dissonance.mean": 0.44211483001708984, "lowlevel.dissonance.stdev": 0.054388560354709625, "lowlevel.dynamic_complexity": 5.168261528015137, "lowlevel.erbbands_crest.mean": 9.923439025878906, "lowlevel.erbbands_crest.stdev": 5.284128665924072, "lowlevel.erbbands_flatness_db.mean": 0.15419867634773254, "lowlevel.erbbands_flatness_db.stdev": 0.05841510742902756, "lowlevel.erbbands_kurtosis.mean": 2.921875476837158, "lowlevel.erbbands_kurtosis.stdev": 5.04083251953125, "lowlevel.erbbands_skewness.mean": 0.533410906791687, "lowlevel.erbbands_skewness.stdev": 1.4519153833389282, "lowlevel.erbbands_spread.mean": 45.59053039550781, "lowlevel.erbbands_spread.stdev": 30.410709381103516, "lowlevel.hfc.mean": 24.404006958007812, "lowlevel.hfc.stdev": 37.3863525390625, "lowlevel.loudness_ebu128.integrated": -17.407697677612305, "lowlevel.loudness_ebu128.loudness_range": 10.077448844909668, "lowlevel.loudness_ebu128.momentary.mean": -19.3420352935791, "lowlevel.loudness_ebu128.momentary.stdev": 4.586731910705566, "lowlevel.loudness_ebu128.short_term.mean": -18.71419906616211, "lowlevel.loudness_ebu128.short_term.stdev": 4.045762062072754, "lowlevel.melbands_crest.mean": 18.363155364990234, "lowlevel.melbands_crest.stdev": 8.478463172912598, "lowlevel.melbands_flatness_db.mean": 0.256329745054245, "lowlevel.melbands_flatness_db.stdev": 0.13431666791439056, "lowlevel.melbands_kurtosis.mean": 54.971534729003906, "lowlevel.melbands_kurtosis.stdev": 144.28396606445312, "lowlevel.melbands_skewness.mean": 4.131943225860596, "lowlevel.melbands_skewness.stdev": 4.222925186157227, "lowlevel.melbands_spread.mean": 32.24738311767578, "lowlevel.melbands_spread.stdev": 48.00501251220703, "lowlevel.pitch_salience.mean": 0.5097990036010742, "lowlevel.pitch_salience.stdev": 0.2036142200231552, "lowlevel.silence_rate_20dB.mean": 1.0, "lowlevel.silence_rate_20dB.stdev": 0.0, "lowlevel.silence_rate_30dB.mean": 0.8146002292633057, "lowlevel.silence_rate_30dB.stdev": 0.38862282037734985, "lowlevel.silence_rate_60dB.mean": 0.28215527534484863, "lowlevel.silence_rate_60dB.stdev": 0.45005002617836, "lowlevel.spectral_centroid.mean": 1627.5584716796875, "lowlevel.spectral_centroid.stdev": 1473.6763916015625, "lowlevel.spectral_complexity.mean": 8.334877967834473, "lowlevel.spectral_complexity.stdev": 8.134325981140137, "lowlevel.spectral_decrease.mean": -1.054059239891103e-08, "lowlevel.spectral_decrease.stdev": 1.4444250240330803e-08, "lowlevel.spectral_energy.mean": 0.04199610650539398, "lowlevel.spectral_energy.stdev": 0.055270176380872726, "lowlevel.spectral_energyband_high.mean": 0.0017683547921478748, "lowlevel.spectral_energyband_high.stdev": 0.0038060720544308424, "lowlevel.spectral_energyband_low.mean": 0.02700095809996128, "lowlevel.spectral_energyband_low.stdev": 0.050681665539741516, "lowlevel.spectral_energyband_middle_high.mean": 0.001879403367638588, "lowlevel.spectral_energyband_middle_high.stdev": 0.003976472653448582, "lowlevel.spectral_energyband_middle_low.mean": 0.013020848855376244, "lowlevel.spectral_energyband_middle_low.stdev": 0.01991877518594265, "lowlevel.spectral_entropy.mean": 7.523480415344238, "lowlevel.spectral_entropy.stdev": 0.8259350061416626, "lowlevel.spectral_flux.mean": 0.08799109607934952, "lowlevel.spectral_flux.stdev": 0.08217333257198334, "lowlevel.spectral_kurtosis.mean": 4.60175895690918, "lowlevel.spectral_kurtosis.stdev": 5.101841926574707, "lowlevel.spectral_rms.mean": 0.004931579809635878, "lowlevel.spectral_rms.stdev": 0.0040806052275002, "lowlevel.spectral_rolloff.mean": 3080.33447265625, "lowlevel.spectral_rolloff.stdev": 4344.8994140625, "lowlevel.spectral_skewness.mean": 1.6156162023544312, "lowlevel.spectral_skewness.stdev": 0.7894781827926636, "lowlevel.spectral_spread.mean": 6279644.5, "lowlevel.spectral_spread.stdev": 2336136.0, "lowlevel.spectral_strongpeak.mean": 0.7540558576583862, "lowlevel.spectral_strongpeak.stdev": 0.9912530183792114, "lowlevel.zerocrossingrate.mean": 0.1047835722565651, "lowlevel.zerocrossingrate.stdev": 0.1130102127790451, "metadata.audio_properties.analysis.equal_loudness": 0.0, "metadata.audio_properties.analysis.length": 40.04265213012695, "metadata.audio_properties.analysis.sample_rate": 44100.0, "metadata.audio_properties.analysis.start_time": 0.0, "metadata.audio_properties.bit_rate": 129590.0, "metadata.audio_properties.length": 40.042667388916016, "metadata.audio_properties.lossless": 0.0, "metadata.audio_properties.number_channels": 1.0, "metadata.audio_properties.replay_gain": -9.243337631225586, "metadata.audio_properties.sample_rate": 48000.0, "rhythm.beats_count": 73.0, "rhythm.beats_loudness.mean": 0.04863904044032097, "rhythm.beats_loudness.stdev": 0.055749669671058655, "rhythm.bpm": 110.6207504272461, "rhythm.bpm_histogram_first_peak_bpm": 110.0, "rhythm.bpm_histogram_first_peak_weight": 0.2777777910232544, "rhythm.bpm_histogram_second_peak_bpm": 0.0, "rhythm.bpm_histogram_second_peak_spread": 0.0, "rhythm.bpm_histogram_second_peak_weight": 0.0, "rhythm.danceability": 1.1429733037948608, "rhythm.onset_rate": 5.51749324798584, "tonal.chords_changes_rate": 0.06481481343507767, "tonal.chords_number_rate": 0.010416666977107525, "tonal.chords_strength.mean": 0.535507321357727, "tonal.chords_strength.stdev": 0.11119921505451202, "tonal.hpcp_crest.mean": 13.531965255737305, "tonal.hpcp_crest.stdev": 6.841446399688721, "tonal.hpcp_entropy.mean": 2.0164685249328613, "tonal.hpcp_entropy.stdev": 0.8531875610351562, "tonal.key_edma.strength": 0.6938278675079346, "tonal.key_krumhansl.strength": 0.687756359577179, "tonal.key_temperley.strength": 0.6693382263183594, "tonal.tuning_diatonic_strength": 0.6498690247535706, "tonal.tuning_equal_tempered_deviation": 0.25136929750442505, "tonal.tuning_frequency": 434.193115234375, "tonal.tuning_nontempered_energy_ratio": 0.9064112901687622, "lowlevel.barkbands.mean": [0.0013150357408449054, 0.0212805587798357, 0.0028114053420722485, 0.0033255184534937143, 0.003433688310906291, 0.001962043112143874, 0.0017540438566356897, 0.0011728942627087235, 0.001223901053890586, 0.0005477678496390581, 0.0003501138126011938, 0.0001886442769318819, 0.00019643410632852465, 0.0001350228558294475, 8.504372090101242e-05, 5.598033021669835e-05, 7.569245644845068e-05, 0.0001095046682166867, 0.00012583316129166633, 0.00017773311992641538, 0.00021938553254585713, 0.00019391010573599488, 0.0002593566314317286, 0.00032461617956869304, 0.0002841611276380718, 0.000360855512553826, 2.6988620447809808e-05], "lowlevel.barkbands.stdev": [0.0028801606968045235, 0.04553864523768425, 0.012074466794729233, 0.011136936955153942, 0.006962563376873732, 0.0039804899133741856, 0.004576464183628559, 0.0035156519152224064, 0.003363283583894372, 0.0015008399495854974, 0.0012418068945407867, 0.0006974850548431277, 0.0006170451524667442, 0.0004321155429352075, 0.00036950266803614795, 0.00022939227346796542, 0.00021250537247397006, 0.0002796472399495542, 0.00034063583007082343, 0.0004394499119371176, 0.000532078614924103, 0.00044183534919284284, 0.0006795446970500052, 0.0011636936105787754, 0.0007981560775078833, 0.0008046868024393916, 7.972232560859993e-05], "lowlevel.erbbands.mean": [0.8608936667442322, 3.76029896736145, 3.5211780071258545, 8.113718032836914, 14.358114242553711, 8.168347358703613, 7.636798858642578, 21.234989166259766, 29.403806686401367, 18.536039352416992, 27.76470375061035, 29.0698184967041, 18.742748260498047, 17.6707706451416, 11.59266471862793, 7.511694431304932, 8.34394359588623, 7.950079441070557, 5.923069477081299, 3.7208917140960693, 3.090761423110962, 4.461343288421631, 5.326016902923584, 6.370100975036621, 7.136962413787842, 8.395416259765625, 8.847760200500488, 8.176769256591797, 7.22681188583374, 7.3578619956970215, 7.059803485870361, 7.1706318855285645, 4.917962074279785, 3.0952908992767334, 2.097393035888672, 1.5100126266479492, 0.6257115006446838, 0.13907909393310547, 0.002918116981163621, 0.0001307105558225885], "lowlevel.erbbands.stdev": [1.9656199216842651, 8.385734558105469, 12.079951286315918, 28.39134979248047, 32.52363967895508, 18.09493064880371, 13.742485046386719, 46.477577209472656, 78.52137756347656, 48.722869873046875, 80.99812316894531, 83.22703552246094, 49.24459457397461, 55.003753662109375, 35.50042724609375, 28.865863800048828, 25.09943199157715, 24.68708038330078, 20.63231658935547, 17.023929595947266, 10.276430130004883, 12.017621994018555, 12.958728790283203, 14.743851661682129, 20.304445266723633, 20.657814025878906, 22.165096282958984, 18.71563720703125, 16.601953506469727, 18.61007308959961, 19.61716651916504, 25.239912033081055, 18.16366195678711, 10.282693862915039, 5.307718753814697, 3.5398857593536377, 1.3758519887924194, 0.33253568410873413, 0.006916786544024944, 0.00020292840781621635], "lowlevel.gfcc.mean": [-80.99180603027344, 42.29924392700195, -69.5442886352539, 32.33087158203125, -64.89994812011719, 6.365896224975586, -37.072486877441406, 10.542109489440918, -25.771657943725586, 6.891561985015869, -18.865530014038086, 4.315398216247559, -23.151662826538086], "lowlevel.melbands.mean": [0.006721519865095615, 0.0028239693492650986, 0.0015909551875665784, 0.000855160818900913, 0.00026309286477044225, 0.00047086100676096976, 0.00040895966230891645, 0.00019936500757467002, 0.000228300312301144, 0.00018262465891893953, 9.084478369913995e-05, 7.279655255842954e-05, 4.1493502067169175e-05, 2.3834336388972588e-05, 1.5156305380514823e-05, 2.171360574720893e-05, 1.3799938642478082e-05, 1.0202246812696103e-05, 5.956533186690649e-06, 4.139566954108886e-06, 3.4641846013983013e-06, 4.529389570961939e-06, 4.604634341376368e-06, 5.2089944801991805e-06, 5.061846422904637e-06, 4.996438747184584e-06, 5.541774498851737e-06, 5.500655333889881e-06, 5.3404291975311935e-06, 5.857446467416594e-06, 4.251187874615425e-06, 4.250648089509923e-06, 3.452385726632201e-06, 4.501489911490353e-06, 4.08014420827385e-06, 3.996225132141262e-06, 4.608816652762471e-06, 3.7285219605109887e-06, 2.8061351713404292e-06, 2.5033941710717045e-06], "lowlevel.melbands.stdev": [0.014545277692377567, 0.0066092428751289845, 0.004674447234719992, 0.0018155568977817893, 0.0004708291671704501, 0.0009511280804872513, 0.001051480881869793, 0.0005881211836822331, 0.0006772369961254299, 0.0005606851191259921, 0.00024659858900122344, 0.00022064078075345606, 0.00012852501822635531, 8.380936924368143e-05, 5.4359617934096605e-05, 6.911568198120221e-05, 4.561114474199712e-05, 3.511055911076255e-05, 2.684926221263595e-05, 1.949719626281876e-05, 1.1362595614627935e-05, 1.2791719200322405e-05, 1.1836993508040905e-05, 1.3872588169761002e-05, 1.1889368579431903e-05, 1.4838174138276372e-05, 1.6047652025008574e-05, 1.3468701581587084e-05, 1.3981016309116967e-05, 1.540665834909305e-05, 9.70477321970975e-06, 1.001708187686745e-05, 8.433181392319966e-06, 1.1687256119330414e-05, 1.129127758758841e-05, 1.3561670130002312e-05, 1.698193773336243e-05, 1.4191012269293424e-05, 1.0310330253560096e-05, 8.359383173228707e-06], "lowlevel.melbands128.mean": [0.001227010041475296, 0.007346277590841055, 0.00936683639883995, 0.005082397721707821, 0.0018989121308550239, 0.0014510577311739326, 0.0016382328467443585, 0.001651646918617189, 0.001555931637994945, 0.0009521704050712287, 0.00028768248739652336, 0.00024203355133067816, 0.00022299529518932104, 0.00029414991149678826, 0.0005414499319158494, 0.00045209561358205974, 0.0006354076322168112, 0.0003717969811987132, 0.00019482863717712462, 0.00017784810916054994, 0.00022610530140809715, 0.00018963430193252861, 0.0002927676250692457, 0.0001798479788703844, 0.00015758350491523743, 0.00024311881861649454, 7.969793659867719e-05, 7.731098594376817e-05, 8.965219603851438e-05, 7.456488674506545e-05, 7.558726065326482e-05, 5.290465924190357e-05, 3.442214074311778e-05, 4.067952249897644e-05, 2.503008181520272e-05, 1.973964026547037e-05, 1.9166856873198412e-05, 1.60224262799602e-05, 1.0374305020377506e-05, 1.836364572227467e-05, 3.0520750442519784e-05, 1.6236772353295237e-05, 1.152003005699953e-05, 1.4030062629899476e-05, 1.2911845260532573e-05, 9.449711797060445e-06, 7.422671842505224e-06, 6.389891495928168e-06, 4.914961209578905e-06, 4.639468443201622e-06, 4.372197054181015e-06, 3.334989514769404e-06, 3.137888370474684e-06, 3.688425294967601e-06, 3.778116479224991e-06, 4.977116986992769e-06, 4.686664397013374e-06, 4.639613962353906e-06, 4.7203043322952e-06, 4.221317340125097e-06, 5.225414497544989e-06, 5.734899787057657e-06, 6.032477358530741e-06, 4.2527490222710185e-06, 4.57192209069035e-06, 5.4645620366500225e-06, 4.694366452895338e-06, 5.342818440112751e-06, 5.804708052892238e-06, 5.710721779905725e-06, 5.770923962700181e-06, 5.037560640630545e-06, 5.619662260869518e-06, 5.466470156534342e-06, 4.808479843632085e-06, 6.070851668482646e-06, 6.856966138002463e-06, 4.2338360799476504e-06, 3.929420017811935e-06, 3.824878149316646e-06, 4.739929408970056e-06, 4.3409227146185e-06, 3.5014570585190086e-06, 3.250504050811287e-06, 3.3757667097233934e-06, 4.107966105948435e-06, 5.126702944835415e-06, 4.98002100357553e-06, 3.774140850509866e-06, 3.5311438750795787e-06, 4.136570169066545e-06, 3.823567567451391e-06, 4.325677309680032e-06, 4.828503278986318e-06, 4.624638222594513e-06, 4.5977631089044735e-06, 3.4387880987196695e-06, 2.528368895582389e-06, 3.021624252141919e-06, 2.8752258458553115e-06, 2.467979129505693e-06, 2.5466104034421733e-06, 2.2909316612640396e-06, 2.588290271887672e-06, 2.2306553546513896e-06, 2.1315327103366144e-06, 2.5532783638482215e-06, 2.702802021303796e-06, 3.1580957511323504e-06, 2.3297864117921563e-06, 2.2291035293164896e-06, 2.2502470073959557e-06, 1.9062496221522451e-06, 1.8379721495875856e-06, 1.5953709180394071e-06, 1.9313886241434375e-06, 1.1167958291480318e-06, 5.071155229074975e-08, 6.49882647696387e-10, 3.1812541489983914e-10, 2.6293733856874724e-10, 4.023953392717772e-11, 6.590245276577589e-12, 6.430539260804391e-12, 6.257260768555151e-12, 6.062549334079348e-12, 5.945833669168676e-12, 5.8994567044001744e-12], "lowlevel.melbands128.stdev": [0.0026906379498541355, 0.017577489838004112, 0.021129697561264038, 0.012514246627688408, 0.006914079654961824, 0.006277262233197689, 0.006492837332189083, 0.005135738290846348, 0.0036121502052992582, 0.0023932785261422396, 0.0009375265217386186, 0.0005873460904695094, 0.00048718787729740143, 0.0007253190851770341, 0.0015538918087258935, 0.001088481629267335, 0.0019034198485314846, 0.0012540080351755023, 0.0007044938392937183, 0.0005891988985240459, 0.0009720379603095353, 0.0007277177646756172, 0.0010953155579045415, 0.0006803307915106416, 0.000562779139727354, 0.0009995666332542896, 0.00035895180189982057, 0.0002668641973286867, 0.00035229261266067624, 0.0002584838366601616, 0.00036384290433488786, 0.00023631058866158128, 0.00013287417823448777, 0.0001705024333205074, 9.591767593519762e-05, 0.00010075439786305651, 9.925090853357688e-05, 6.45213876850903e-05, 5.1973875088151544e-05, 6.557784945471212e-05, 0.00010828876111190766, 7.66254379414022e-05, 5.070101178716868e-05, 5.367711855797097e-05, 4.79712471133098e-05, 4.485871977522038e-05, 3.3803011319832876e-05, 3.594561349018477e-05, 2.439848867652472e-05, 3.069530430366285e-05, 2.3926071662572213e-05, 1.3759414287051186e-05, 1.0913744517893065e-05, 1.4524454854836222e-05, 1.3175840649637394e-05, 1.5601191989844665e-05, 1.369182518828893e-05, 1.4100432963459753e-05, 1.4814968380960636e-05, 1.181683546747081e-05, 1.636379602132365e-05, 1.9081609934801236e-05, 1.6047122699092142e-05, 1.1397003618185408e-05, 1.4180205653246958e-05, 1.8506943888496608e-05, 1.4936845218471717e-05, 1.7212600141647272e-05, 1.8182856365456246e-05, 1.6930991478147916e-05, 1.5076388081070036e-05, 1.3791674064123072e-05, 1.6344058167305775e-05, 1.5993429769878276e-05, 1.4312984603748191e-05, 1.8453987649991177e-05, 1.8881404685089365e-05, 1.0591927093628328e-05, 1.028025599225657e-05, 9.22100298339501e-06, 1.248157877853373e-05, 1.1984595403191634e-05, 9.115854481933638e-06, 7.760371772747021e-06, 1.1633301255642436e-05, 1.2749474080919754e-05, 1.3498221051122528e-05, 1.4323819414130412e-05, 1.095719744625967e-05, 1.1330350389471278e-05, 1.4964361980673857e-05, 1.4476977412414271e-05, 1.6327401681337506e-05, 1.967592652363237e-05, 1.756817800924182e-05, 1.783790867193602e-05, 1.5017993064248003e-05, 1.1106033525720704e-05, 1.1421883755247109e-05, 1.1359904419805389e-05, 9.86287705018185e-06, 9.28442932490725e-06, 6.881766239530407e-06, 8.289565812447108e-06, 6.35806645732373e-06, 5.238784979155753e-06, 6.807898898841813e-06, 7.15695114195114e-06, 8.959117621998303e-06, 5.601280463451985e-06, 5.628488452202873e-06, 5.497267466125777e-06, 4.548258857539622e-06, 4.376769084046828e-06, 4.170390184299322e-06, 4.873470970778726e-06, 3.105533096459112e-06, 1.6857934781455697e-07, 1.2821356421000019e-08, 8.805242757148335e-09, 8.624535752232987e-09, 8.796346429029711e-10, 1.346342135000178e-11, 1.3217293579059763e-11, 1.300902614798094e-11, 1.2838927837544034e-11, 1.2720615359673726e-11, 1.2647738759086202e-11], "lowlevel.mfcc.mean": [-740.8538818359375, 87.74823760986328, 36.485557556152344, 29.54383087158203, -2.054928779602051, 1.8762054443359375, -4.032045841217041, 5.019326210021973, -9.046187400817871, 5.458334922790527, 1.2845946550369263, -0.6918653845787048, -6.206085205078125], "lowlevel.spectral_contrast_coeffs.mean": [-0.6585806608200073, -0.737759530544281, -0.7959860563278198, -0.8247589468955994, -0.8090581893920898, -0.7616775631904602], "lowlevel.spectral_contrast_coeffs.stdev": [0.13341540098190308, 0.12211327999830246, 0.08569738268852234, 0.05410076677799225, 0.050282157957553864, 0.051469940692186356], "lowlevel.spectral_contrast_valleys.mean": [-8.083516120910645, -7.865113258361816, -8.770545959472656, -9.015826225280762, -8.46268367767334, -10.718058586120605], "lowlevel.spectral_contrast_valleys.stdev": [1.8270007371902466, 1.892934799194336, 1.8892464637756348, 1.438981056213379, 1.402889370918274, 1.548224925994873], "rhythm.beats_loudness_band_ratio.mean": [0.4487684667110443, 0.1332106590270996, 0.09639985859394073, 0.033960070461034775, 0.045774251222610474, 0.2870068848133087], "rhythm.beats_loudness_band_ratio.stdev": [0.34909942746162415, 0.1614186018705368, 0.16247081756591797, 0.06822033226490021, 0.09138214588165283, 0.32391661405563354], "tonal.hpcp.mean": [0.09806276857852936, 0.07062961161136627, 0.06318911164999008, 0.08868829160928726, 0.09458020329475403, 0.07443925738334656, 0.06336493790149689, 0.05570375174283981, 0.07039527595043182, 0.11121683567762375, 0.11351476609706879, 0.08824997395277023, 0.1452910602092743, 0.1637410819530487, 0.09066147357225418, 0.06435727328062057, 0.07481121271848679, 0.0830807164311409, 0.09597665816545486, 0.09830962121486664, 0.08093570172786713, 0.07123742997646332, 0.06827651709318161, 0.09526170045137405, 0.18552778661251068, 0.20193955302238464, 0.12988385558128357, 0.1126009151339531, 0.12550599873065948, 0.12338613718748093, 0.13545191287994385, 0.13844285905361176, 0.13727813959121704, 0.1853572577238083, 0.20528286695480347, 0.15134775638580322], "tonal.hpcp.stdev": [0.21344053745269775, 0.17682351171970367, 0.16808347404003143, 0.20649710297584534, 0.22570760548114777, 0.17989736795425415, 0.17601194977760315, 0.15027761459350586, 0.1784389317035675, 0.24603168666362762, 0.23258818686008453, 0.18889135122299194, 0.2531139850616455, 0.28650903701782227, 0.18387079238891602, 0.16126596927642822, 0.18317212164402008, 0.19977983832359314, 0.2103760838508606, 0.22221378982067108, 0.1902838498353958, 0.18376241624355316, 0.1828187257051468, 0.1918247491121292, 0.303271621465683, 0.3134686350822449, 0.23184512555599213, 0.23552252352237701, 0.2643970549106598, 0.24752454459667206, 0.2558783292770386, 0.2574945390224457, 0.2605805993080139, 0.29171332716941833, 0.33012479543685913, 0.26662442088127136], "rhythm.beats_position": [0.5572788715362549, 1.1029478311538696, 1.6486167907714844, 2.1942856311798096, 2.739954710006714, 3.2740135192871094, 3.8196823596954346, 4.36535120010376, 4.899410247802734, 5.445079326629639, 5.990748405456543, 6.524806976318359, 7.070476055145264, 7.616145133972168, 8.150203704833984, 8.695873260498047, 9.241541862487793, 9.77560043334961, 10.321269989013672, 10.866938591003418, 11.412607192993164, 11.958276748657227, 12.492335319519043, 13.038003921508789, 13.583673477172852, 14.129342079162598, 14.675010681152344, 15.209070205688477, 15.754738807678223, 16.30040740966797, 16.8344669342041, 17.368526458740234, 17.914194107055664, 18.459863662719727, 18.99392318725586, 19.53959083557129, 20.08526039123535, 20.630929946899414, 21.176597595214844, 21.710657119750977, 22.25632667541504, 22.80199432373047, 23.3360538482666, 23.881723403930664, 24.427391052246094, 24.961450576782227, 25.50712013244629, 26.05278778076172, 26.58684730529785, 27.132516860961914, 27.678184509277344, 28.212244033813477, 28.75791358947754, 29.3035831451416, 29.84925079345703, 30.394920349121094, 30.928979873657227, 31.474647521972656, 32.02031707763672, 32.55437469482422, 33.10004425048828, 33.645713806152344, 34.179771423339844, 34.71383285522461, 35.259498596191406, 35.80516815185547, 36.35083770751953, 36.896507263183594, 37.430564880371094, 37.976234436035156, 38.52190399169922, 39.06757354736328, 39.613243103027344], "rhythm.bpm_histogram": [0.0, 0.0, 0.0, 0.0, 0.0, 0.0, 0.0, 0.0, 0.0, 0.0, 0.0, 0.0, 0.0, 0.0, 0.0, 0.0, 0.0, 0.0, 0.0, 0.0, 0.0, 0.0, 0.0, 0.0, 0.0, 0.0, 0.0, 0.0, 0.0, 0.0, 0.0, 0.0, 0.0, 0.0, 0.0, 0.0, 0.0, 0.0, 0.0, 0.0, 0.0, 0.0, 0.0, 0.0, 0.0, 0.0, 0.0, 0.0, 0.0, 0.0, 0.0, 0.0, 0.0, 0.0, 0.0, 0.0, 0.0, 0.0, 0.0, 0.0, 0.0, 0.0, 0.0, 0.0, 0.0, 0.0, 0.0, 0.0, 0.0, 0.0, 0.0, 0.0, 0.0, 0.0, 0.0, 0.0, 0.0, 0.0, 0.0, 0.0, 0.0, 0.0, 0.0, 0.0, 0.0, 0.0, 0.0, 0.0, 0.0, 0.0, 0.0, 0.0, 0.0, 0.0, 0.0, 0.0, 0.0, 0.0, 0.0, 0.0, 0.0, 0.0, 0.0, 0.0, 0.0, 0.0, 0.0, 0.0, 0.0, 0.0, 0.7222222089767456, 0.0, 0.2777777910232544, 0.0, 0.0, 0.0, 0.0, 0.0, 0.0, 0.0, 0.0, 0.0, 0.0, 0.0, 0.0, 0.0, 0.0, 0.0, 0.0, 0.0, 0.0, 0.0, 0.0, 0.0, 0.0, 0.0, 0.0, 0.0, 0.0, 0.0, 0.0, 0.0, 0.0, 0.0, 0.0, 0.0, 0.0, 0.0, 0.0, 0.0, 0.0, 0.0, 0.0, 0.0, 0.0, 0.0, 0.0, 0.0, 0.0, 0.0, 0.0, 0.0, 0.0, 0.0, 0.0, 0.0, 0.0, 0.0, 0.0, 0.0, 0.0, 0.0, 0.0, 0.0, 0.0, 0.0, 0.0, 0.0, 0.0, 0.0, 0.0, 0.0, 0.0, 0.0, 0.0, 0.0, 0.0, 0.0, 0.0, 0.0, 0.0, 0.0, 0.0, 0.0, 0.0, 0.0, 0.0, 0.0, 0.0, 0.0, 0.0, 0.0, 0.0, 0.0, 0.0, 0.0, 0.0, 0.0, 0.0, 0.0, 0.0, 0.0, 0.0, 0.0, 0.0, 0.0, 0.0, 0.0, 0.0, 0.0, 0.0, 0.0, 0.0, 0.0, 0.0, 0.0, 0.0, 0.0, 0.0, 0.0, 0.0, 0.0, 0.0, 0.0, 0.0, 0.0, 0.0, 0.0, 0.0, 0.0, 0.0, 0.0, 0.0, 0.0, 0.0, 0.0, 0.0, 0.0, 0.0, 0.0], "tonal.chords_histogram": [23.61111068725586, 30.20833396911621, 18.75, 4.166666507720947, 5.671296119689941, 6.25, 0.0, 0.0, 0.0, 0.0, 0.9259259104728699, 0.0, 3.125, 0.23148147761821747, 0.0, 3.0092592239379883, 0.0, 0.0, 0.0, 0.46296295523643494, 0.0, 0.0, 0.3472222089767456, 3.2407407760620117], "tonal.thpcp": [1.0, 0.7372644543647766, 0.4776958227157593, 0.34405994415283203, 0.3078148365020752, 0.43202969431877136, 0.4607311189174652, 0.36261796951293945, 0.30867135524749756, 0.2713511884212494, 0.34291842579841614, 0.5417736172676086, 0.5529675483703613, 0.42989450693130493, 0.7077602744102478, 0.7976363897323608, 0.4416416883468628, 0.3135053217411041, 0.36442989110946655, 0.40471336245536804, 0.4675337076187134, 0.4788983166217804, 0.394264280796051, 0.34702083468437195, 0.3325972557067871, 0.46405091881752014, 0.9037665128707886, 0.9837136268615723, 0.6327067613601685, 0.5485159158706665, 0.6113807559013367, 0.6010542511940002, 0.6598305702209473, 0.6744004487991333, 0.6687267422676086, 0.9029358625411987], "lowlevel.gfcc.cov": [[23020.236328125, 2724.373046875, -217.9575958251953, -2354.531005859375, -1706.4024658203125, -1212.98291015625, -188.42591857910156, -231.29217529296875, -1038.2286376953125, -641.8866577148438, -443.3313903808594, 79.38713836669922, -330.0633239746094], [2724.373046875, 5507.69775390625, 731.410888671875, -669.1984252929688, 114.31983947753906, -523.6109619140625, 1.7401165962219238, -104.91095733642578, 193.85479736328125, -515.5401611328125, 383.87286376953125, -191.68438720703125, -36.6297721862793], [-217.9575958251953, 731.410888671875, 1163.621337890625, 575.1966552734375, 247.60447692871094, 118.8243637084961, 198.4873504638672, 168.90277099609375, 178.55157470703125, 132.14901733398438, 180.67213439941406, 55.887393951416016, 160.9317169189453], [-2354.531005859375, -669.1984252929688, 575.1966552734375, 1282.36376953125, 633.5277709960938, 343.6590270996094, 44.24036407470703, 178.8721923828125, 338.91717529296875, 302.70123291015625, 136.10968017578125, 18.539052963256836, 145.3047332763672], [-1706.4024658203125, 114.31983947753906, 247.60447692871094, 633.5277709960938, 710.8815307617188, 276.79461669921875, 138.59373474121094, 146.1177215576172, 301.1968994140625, 177.8046417236328, 147.58935546875, 12.363558769226074, 111.89096069335938], [-1212.98291015625, -523.6109619140625, 118.8243637084961, 343.6590270996094, 276.79461669921875, 462.660400390625, 220.4337158203125, 154.294677734375, 145.3003692626953, 183.47764587402344, 85.4850082397461, 20.508188247680664, 106.75745391845703], [-188.42591857910156, 1.7401165962219238, 198.4873504638672, 44.24036407470703, 138.59373474121094, 220.4337158203125, 448.87969970703125, 220.44735717773438, 89.6469497680664, 119.59630584716797, 94.72135925292969, 101.46870422363281, 102.8704605102539], [-231.29217529296875, -104.91095733642578, 168.90277099609375, 178.8721923828125, 146.1177215576172, 154.294677734375, 220.44735717773438, 261.5156555175781, 164.2384033203125, 138.9156951904297, 78.19999694824219, 73.08708190917969, 98.09334564208984], [-1038.2286376953125, 193.85479736328125, 178.55157470703125, 338.91717529296875, 301.1968994140625, 145.3003692626953, 89.6469497680664, 164.2384033203125, 340.1385803222656, 146.31504821777344, 129.28094482421875, 15.182785034179688, 102.57017517089844], [-641.8866577148438, -515.5401611328125, 132.14901733398438, 302.70123291015625, 177.8046417236328, 183.47764587402344, 119.59630584716797, 138.9156951904297, 146.31504821777344, 297.20849609375, 58.217342376708984, 52.073673248291016, 90.34623718261719], [-443.3313903808594, 383.87286376953125, 180.67213439941406, 136.10968017578125, 147.58935546875, 85.4850082397461, 94.72135925292969, 78.19999694824219, 129.28094482421875, 58.217342376708984, 196.7281494140625, 43.05843734741211, 79.95478820800781], [79.38713836669922, -191.68438720703125, 55.887393951416016, 18.539052963256836, 12.363558769226074, 20.508188247680664, 101.46870422363281, 73.08708190917969, 15.182785034179688, 52.073673248291016, 43.05843734741211, 145.33578491210938, 74.83547973632812], [-330.0633239746094, -36.6297721862793, 160.9317169189453, 145.3047332763672, 111.89096069335938, 106.75745391845703, 102.8704605102539, 98.09334564208984, 102.57017517089844, 90.34623718261719, 79.95478820800781, 74.83547973632812, 163.32521057128906]], "lowlevel.gfcc.icov": [[6.969801324885339e-05, -6.717142969137058e-05, -1.3390097137744306e-06, 2.5861323592835106e-05, 7.866312807891518e-05, 2.260451583424583e-05, 5.813321331515908e-05, -0.00017669716908130795, 0.00019972761219833046, -0.00010671246855054051, 0.0001671080244705081, -0.00013208118616603315, 1.7253789337701164e-05], [-6.717142969137058e-05, 0.0007466832175850868, -0.0006191151915118098, 0.0007567455759271979, -0.0006842297734692693, 0.0007477400358766317, -0.00022557338525075465, 0.0002978677221108228, -0.0007960706134326756, 0.0010117896599695086, -0.001426713657565415, 0.0012870172504335642, -3.9341011870419607e-05], [-1.3390097137744306e-06, -0.0006191151915118098, 0.0020604932215064764, -0.0016452779527753592, 0.0009189457632601261, 1.8535406809405686e-07, -0.0006908693467266858, -0.00022334419190883636, 0.0008372938609682024, -0.0006050998345017433, 0.0002663480117917061, -0.00035357443266548216, -0.0009279870428144932], [2.5861323592835106e-05, 0.0007567455759271979, -0.0016452779527753592, 0.003284458303824067, -0.002108813961967826, -5.370724102249369e-05, 0.0013402162585407495, -0.00031922588823363185, -0.0009173721191473305, 2.8496824597823434e-05, -0.0008092975476756692, 0.0007484102388843894, 0.00036210904363542795], [7.866312807891518e-05, -0.0006842297734692693, 0.0009189457632601261, -0.002108813961967826, 0.004182907287031412, -0.0011090023908764124, -0.0008117395918816328, 0.0006379809346981347, -0.0010610658209770918, -0.0005184959154576063, 0.0006514225387945771, -0.0008801674703136086, 1.1150737009302247e-06], [2.260451583424583e-05, 0.0007477400358766317, 1.8535406809405686e-07, -5.370724102249369e-05, -0.0011090023908764124, 0.005490095354616642, -0.002254764549434185, -0.0001126389906858094, 0.00012012632942060009, -0.00012896867701783776, -0.0018799040699377656, 0.003410835051909089, -0.001726693706586957], [5.813321331515908e-05, -0.00022557338525075465, -0.0006908693467266858, 0.0013402162585407495, -0.0008117395918816328, -0.002254764549434185, 0.005977435037493706, -0.004053198732435703, 0.001529838191345334, -0.000496396329253912, -1.0471683708601631e-05, -0.0022794066462665796, 0.0006180739146657288], [-0.00017669716908130795, 0.0002978677221108228, -0.00022334419190883636, -0.00031922588823363185, 0.0006379809346981347, -0.0001126389906858094, -0.004053198732435703, 0.010990232229232788, -0.004668196197599173, -0.0006574203725904226, 0.0003360096598044038, -0.0012387637980282307, -0.0004990329616703093], [0.00019972761219833046, -0.0007960706134326756, 0.0008372938609682024, -0.0009173721191473305, -0.0010610658209770918, 0.00012012632942060009, 0.001529838191345334, -0.004668196197599173, 0.00902623776346445, -0.002149840584024787, -0.0010928385891020298, 0.0010185000719502568, -0.0017062745755538344], [-0.00010671246855054051, 0.0010117896599695086, -0.0006050998345017433, 2.8496824597823434e-05, -0.0005184959154576063, -0.00012896867701783776, -0.000496396329253912, -0.0006574203725904226, -0.002149840584024787, 0.007441473659127951, -0.00140230858232826, 0.0006747895386070013, -0.0006597959436476231], [0.0001671080244705081, -0.001426713657565415, 0.0002663480117917061, -0.0008092975476756692, 0.0006514225387945771, -0.0018799040699377656, -1.0471683708601631e-05, 0.0003360096598044038, -0.0010928385891020298, -0.00140230858232826, 0.011233346536755562, -0.004062208812683821, -0.0011132832150906324], [-0.00013208118616603315, 0.0012870172504335642, -0.00035357443266548216, 0.0007484102388843894, -0.0008801674703136086, 0.003410835051909089, -0.0022794066462665796, -0.0012387637980282307, 0.0010185000719502568, 0.0006747895386070013, -0.004062208812683821, 0.014028875157237053, -0.005194827914237976], [1.7253789337701164e-05, -3.9341011870419607e-05, -0.0009279870428144932, 0.00036210904363542795, 1.1150737009302247e-06, -0.001726693706586957, 0.0006180739146657288, -0.0004990329616703093, -0.0017062745755538344, -0.0006597959436476231, -0.0011132832150906324, -0.005194827914237976, 0.012141149491071701]], "lowlevel.mfcc.cov": [[18595.548828125, 2837.66455078125, -113.82247924804688, -1177.9400634765625, -1643.8743896484375, -1213.671875, -249.39340209960938, -239.3769989013672, -626.6281127929688, -694.4286499023438, -643.3137817382812, -466.613037109375, -380.5706481933594], [2837.66455078125, 5046.73388671875, 405.1958312988281, -63.99702835083008, -138.37808227539062, -427.2621154785156, -153.4304656982422, 250.324462890625, -478.5367736816406, -48.51576614379883, -60.790409088134766, -83.41815948486328, -205.5987548828125], [-113.82247924804688, 405.1958312988281, 1012.231689453125, 400.4286193847656, 191.13864135742188, 88.28269958496094, 167.27862548828125, 44.84185791015625, 126.40315246582031, 55.445377349853516, 75.97686767578125, 97.84032440185547, 100.59843444824219], [-1177.9400634765625, -63.99702835083008, 400.4286193847656, 827.5955810546875, 530.6724243164062, 232.35401916503906, 63.483604431152344, 72.06375122070312, 167.4670867919922, 173.96737670898438, 137.72056579589844, 129.62506103515625, 139.59202575683594], [-1643.8743896484375, -138.37808227539062, 191.13864135742188, 530.6724243164062, 773.1599731445312, 304.69183349609375, 32.340248107910156, 27.33416748046875, 157.7212371826172, 208.54220581054688, 159.08792114257812, 108.2857437133789, 91.54087829589844], [-1213.671875, -427.2621154785156, 88.28269958496094, 232.35401916503906, 304.69183349609375, 365.7228698730469, 169.3562469482422, 53.376766204833984, 176.9424285888672, 150.55621337890625, 126.1043472290039, 109.00100708007812, 84.39836120605469], [-249.39340209960938, -153.4304656982422, 167.27862548828125, 63.483604431152344, 32.340248107910156, 169.3562469482422, 343.73394775390625, 108.9274673461914, 163.6765594482422, 68.82327270507812, 96.85009002685547, 98.04237365722656, 99.4121322631836], [-239.3769989013672, 250.324462890625, 44.84185791015625, 72.06375122070312, 27.33416748046875, 53.376766204833984, 108.9274673461914, 257.966796875, 66.5497817993164, 83.05233001708984, 45.93302536010742, 51.757938385009766, 52.6528205871582], [-626.6281127929688, -478.5367736816406, 126.40315246582031, 167.4670867919922, 157.7212371826172, 176.9424285888672, 163.6765594482422, 66.5497817993164, 342.1586608886719, 144.69644165039062, 131.9341278076172, 122.29165649414062, 142.5145263671875], [-694.4286499023438, -48.51576614379883, 55.445377349853516, 173.96737670898438, 208.54220581054688, 150.55621337890625, 68.82327270507812, 83.05233001708984, 144.69644165039062, 239.13038635253906, 146.9320526123047, 93.87240600585938, 54.974693298339844], [-643.3137817382812, -60.790409088134766, 75.97686767578125, 137.72056579589844, 159.08792114257812, 126.1043472290039, 96.85009002685547, 45.93302536010742, 131.9341278076172, 146.9320526123047, 200.20948791503906, 97.23480987548828, 58.16205596923828], [-466.613037109375, -83.41815948486328, 97.84032440185547, 129.62506103515625, 108.2857437133789, 109.00100708007812, 98.04237365722656, 51.757938385009766, 122.29165649414062, 93.87240600585938, 97.23480987548828, 155.43699645996094, 96.61183166503906], [-380.5706481933594, -205.5987548828125, 100.59843444824219, 139.59202575683594, 91.54087829589844, 84.39836120605469, 99.4121322631836, 52.6528205871582, 142.5145263671875, 54.974693298339844, 58.16205596923828, 96.61183166503906, 178.1202850341797]], "lowlevel.mfcc.icov": [[8.129909110721201e-05, -4.2619038140401244e-05, 3.5080161069345195e-06, -9.57734118856024e-06, 9.173630678560585e-05, 0.00015450660430360585, -9.790404874365777e-05, 0.00010296711116097867, -8.027682633837685e-05, -1.293910918320762e-05, 0.00013710065104532987, 4.78847068734467e-05, 3.1365958420792595e-05], [-4.2619038140401244e-05, 0.00033913145307451487, -0.00019199660164304078, 6.324407877400517e-05, -0.000170237006386742, 0.0003335539950057864, 3.056634159293026e-05, -0.0004786102508660406, 0.0005469083553180099, -0.00013025905354879797, -0.00021215392916928977, -0.00018826393352355808, 0.00018713076133280993], [3.5080161069345195e-06, -0.00019199660164304078, 0.001502729719504714, -0.0008093838696368039, 6.98305739206262e-05, 0.0002711869601625949, -0.000799677858594805, 0.00045278415200300515, -0.0004161258111707866, 0.0002851857279893011, 0.00015331650502048433, -0.00020543776918202639, 2.5857751097646542e-05], [-9.57734118856024e-06, 6.324407877400517e-05, -0.0008093838696368039, 0.002819622168317437, -0.0014869703445583582, -0.00021566740178968757, 0.000623850617557764, -0.0005038732197135687, 0.00019547667761798948, -0.00018417138198856264, -0.00010276530520059168, -0.0002572986704763025, -0.0009593615541234612], [9.173630678560585e-05, -0.000170237006386742, 6.98305739206262e-05, -0.0014869703445583582, 0.0034289974719285965, -0.001912879291921854, 0.0008966049645096064, 0.0006071813986636698, -0.00010752332309493795, -0.000816459592897445, -0.0003667587589006871, 0.0005168912466615438, -0.00023295999562833458], [0.00015450660430360585, 0.0003335539950057864, 0.0002711869601625949, -0.00021566740178968757, -0.001912879291921854, 0.007372252177447081, -0.003004697384312749, 0.0002764537639450282, -0.00039030940388329327, -0.001440820749849081, 0.00048215623246505857, -0.0011537977261468768, 0.001041499199345708], [-9.790404874365777e-05, 3.056634159293026e-05, -0.000799677858594805, 0.000623850617557764, 0.0008966049645096064, -0.003004697384312749, 0.006209583953022957, -0.0018704733811318874, -0.0009818226099014282, 0.0015426076715812087, -0.0017548808827996254, -0.0005620121955871582, -0.0009737008367665112], [0.00010296711116097867, -0.0004786102508660406, 0.00045278415200300515, -0.0005038732197135687, 0.0006071813986636698, 0.0002764537639450282, -0.0018704733811318874, 0.0058794463984668255, -0.0003145131340716034, -0.0021686567924916744, 0.0012620165944099426, 0.00010696893878048286, -0.0008794954628683627], [-8.027682633837685e-05, 0.0005469083553180099, -0.0004161258111707866, 0.00019547667761798948, -0.00010752332309493795, -0.00039030940388329327, -0.0009818226099014282, -0.0003145131340716034, 0.007190972100943327, -0.002135623712092638, -0.0012476580450311303, -0.0005044228164479136, -0.002990656066685915], [-1.293910918320762e-05, -0.00013025905354879797, 0.0002851857279893011, -0.00018417138198856264, -0.000816459592897445, -0.001440820749849081, 0.0015426076715812087, -0.0021686567924916744, -0.002135623712092638, 0.010622289963066578, -0.004893442615866661, -0.0013954589376226068, 0.001472709234803915], [0.00013710065104532987, -0.00021215392916928977, 0.00015331650502048433, -0.00010276530520059168, -0.0003667587589006871, 0.00048215623246505857, -0.0017548808827996254, 0.0012620165944099426, -0.0012476580450311303, -0.004893442615866661, 0.01150591392070055, -0.002974794479086995, 0.0009734168997965753], [4.78847068734467e-05, -0.00018826393352355808, -0.00020543776918202639, -0.0002572986704763025, 0.0005168912466615438, -0.0011537977261468768, -0.0005620121955871582, 0.00010696893878048286, -0.0005044228164479136, -0.0013954589376226068, -0.002974794479086995, 0.013713331893086433, -0.004866636358201504], [3.1365958420792595e-05, 0.00018713076133280993, 2.5857751097646542e-05, -0.0009593615541234612, -0.00023295999562833458, 0.001041499199345708, -0.0009737008367665112, -0.0008794954628683627, -0.002990656066685915, 0.001472709234803915, 0.0009734168997965753, -0.004866636358201504, 0.011324189603328705]], "metadata.audio_properties.analysis.downmix": "mix", "metadata.audio_properties.codec": "mp3", "metadata.audio_properties.md5_encoded": "66709da3da77fafb518621d000b1a8ce", 