{"song_id": "1182268986998652938", "download": "https://cdn.discordapp.com/attachments/1135903449314238464/1182268986998652938/chirp.mp4?ex=658414cb&amp", "lyrics": "Bak yine kald\u0131m bir ba\u015f\u0131ma,\nAr\u0131yorum seni ama yoksun\nNeden asla bulam\u0131yorum,\nBu \u00e7ocuk senden yoksun.", "style": ["Rock </span><span>, Upbeat </span><span>, Pop Rock"], "essentia_features": {"lowlevel.average_loudness": 0.9685776829719543, "lowlevel.barkbands_crest.mean": 8.706459045410156, "lowlevel.barkbands_crest.stdev": 5.69973611831665, "lowlevel.barkbands_flatness_db.mean": 0.10618013143539429, "lowlevel.barkbands_flatness_db.stdev": 0.05056668817996979, "lowlevel.barkbands_kurtosis.mean": 0.9340327382087708, "lowlevel.barkbands_kurtosis.stdev": 4.589208602905273, "lowlevel.barkbands_skewness.mean": 0.4931776523590088, "lowlevel.barkbands_skewness.stdev": 0.9119934439659119, "lowlevel.barkbands_spread.mean": 30.37226676940918, "lowlevel.barkbands_spread.stdev": 14.495382308959961, "lowlevel.dissonance.mean": 0.4849472939968109, "lowlevel.dissonance.stdev": 0.018418414518237114, "lowlevel.dynamic_complexity": 3.200211763381958, "lowlevel.erbbands_crest.mean": 9.24860954284668, "lowlevel.erbbands_crest.stdev": 5.7704973220825195, "lowlevel.erbbands_flatness_db.mean": 0.1713244467973709, "lowlevel.erbbands_flatness_db.stdev": 0.056901901960372925, "lowlevel.erbbands_kurtosis.mean": 1.0299099683761597, "lowlevel.erbbands_kurtosis.stdev": 4.961814880371094, "lowlevel.erbbands_skewness.mean": 0.30160391330718994, "lowlevel.erbbands_skewness.stdev": 0.7401894330978394, "lowlevel.erbbands_spread.mean": 32.348018646240234, "lowlevel.erbbands_spread.stdev": 14.984379768371582, "lowlevel.hfc.mean": 44.14118194580078, "lowlevel.hfc.stdev": 43.071693420410156, "lowlevel.loudness_ebu128.integrated": -16.791418075561523, "lowlevel.loudness_ebu128.loudness_range": 2.625643730163574, "lowlevel.loudness_ebu128.momentary.mean": -17.099231719970703, "lowlevel.loudness_ebu128.momentary.stdev": 1.7296656370162964, "lowlevel.loudness_ebu128.short_term.mean": -16.862903594970703, "lowlevel.loudness_ebu128.short_term.stdev": 0.9036276936531067, "lowlevel.melbands_crest.mean": 12.558616638183594, "lowlevel.melbands_crest.stdev": 7.543651580810547, "lowlevel.melbands_flatness_db.mean": 0.11515412479639053, "lowlevel.melbands_flatness_db.stdev": 0.06503511220216751, "lowlevel.melbands_kurtosis.mean": 5.071155548095703, "lowlevel.melbands_kurtosis.stdev": 9.779218673706055, "lowlevel.melbands_skewness.mean": 1.4001858234405518, "lowlevel.melbands_skewness.stdev": 1.4666450023651123, "lowlevel.melbands_spread.mean": 48.268741607666016, "lowlevel.melbands_spread.stdev": 27.647125244140625, "lowlevel.pitch_salience.mean": 0.5882765650749207, "lowlevel.pitch_salience.stdev": 0.15179477632045746, "lowlevel.silence_rate_20dB.mean": 1.0, "lowlevel.silence_rate_20dB.stdev": 0.0, "lowlevel.silence_rate_30dB.mean": 0.9975903630256653, "lowlevel.silence_rate_30dB.stdev": 0.049028631299734116, "lowlevel.silence_rate_60dB.mean": 0.10763052105903625, "lowlevel.silence_rate_60dB.stdev": 0.3099105656147003, "lowlevel.spectral_centroid.mean": 2444.155029296875, "lowlevel.spectral_centroid.stdev": 631.3433227539062, "lowlevel.spectral_complexity.mean": 27.95261001586914, "lowlevel.spectral_complexity.stdev": 13.788954734802246, "lowlevel.spectral_decrease.mean": -5.303386174659863e-09, "lowlevel.spectral_decrease.stdev": 5.6626432431983176e-09, "lowlevel.spectral_energy.mean": 0.024019960314035416, "lowlevel.spectral_energy.stdev": 0.022960351780056953, "lowlevel.spectral_energyband_high.mean": 0.003583228914067149, "lowlevel.spectral_energyband_high.stdev": 0.00468031968921423, "lowlevel.spectral_energyband_low.mean": 0.007169262506067753, "lowlevel.spectral_energyband_low.stdev": 0.01783422753214836, "lowlevel.spectral_energyband_middle_high.mean": 0.00906373094767332, "lowlevel.spectral_energyband_middle_high.stdev": 0.0069687338545918465, "lowlevel.spectral_energyband_middle_low.mean": 0.004938716534525156, "lowlevel.spectral_energyband_middle_low.stdev": 0.01005508191883564, "lowlevel.spectral_entropy.mean": 8.073149681091309, "lowlevel.spectral_entropy.stdev": 0.35188591480255127, "lowlevel.spectral_flux.mean": 0.08744140714406967, "lowlevel.spectral_flux.stdev": 0.05496199056506157, "lowlevel.spectral_kurtosis.mean": 2.7715067863464355, "lowlevel.spectral_kurtosis.stdev": 2.1616299152374268, "lowlevel.spectral_rms.mean": 0.004301100037992001, "lowlevel.spectral_rms.stdev": 0.0022214027121663094, "lowlevel.spectral_rolloff.mean": 4092.085205078125, "lowlevel.spectral_rolloff.stdev": 2769.24560546875, "lowlevel.spectral_skewness.mean": 1.20197331905365, "lowlevel.spectral_skewness.stdev": 0.33985286951065063, "lowlevel.spectral_spread.mean": 5204706.0, "lowlevel.spectral_spread.stdev": 1839179.375, "lowlevel.spectral_strongpeak.mean": 1.588132619857788, "lowlevel.spectral_strongpeak.stdev": 1.879835844039917, "lowlevel.zerocrossingrate.mean": 0.13002517819404602, "lowlevel.zerocrossingrate.stdev": 0.06345649063587189, "metadata.audio_properties.analysis.equal_loudness": 0.0, "metadata.audio_properties.analysis.length": 28.88532829284668, "metadata.audio_properties.analysis.sample_rate": 44100.0, "metadata.audio_properties.analysis.start_time": 0.0, "metadata.audio_properties.bit_rate": 120943.0, "metadata.audio_properties.length": 28.885334014892578, "metadata.audio_properties.lossless": 0.0, "metadata.audio_properties.number_channels": 1.0, "metadata.audio_properties.replay_gain": -9.912277221679688, "metadata.audio_properties.sample_rate": 48000.0, "rhythm.beats_count": 46.0, "rhythm.beats_loudness.mean": 0.03501380980014801, "rhythm.beats_loudness.stdev": 0.02554774470627308, "rhythm.bpm": 97.24049377441406, "rhythm.bpm_histogram_first_peak_bpm": 98.0, "rhythm.bpm_histogram_first_peak_weight": 0.3333333134651184, "rhythm.bpm_histogram_second_peak_bpm": 0.0, "rhythm.bpm_histogram_second_peak_spread": 0.0, "rhythm.bpm_histogram_second_peak_weight": 0.0, "rhythm.danceability": 1.7597078084945679, "rhythm.onset_rate": 3.2875118255615234, "tonal.chords_changes_rate": 0.03691813722252846, "tonal.chords_number_rate": 0.004815409425646067, "tonal.chords_strength.mean": 0.5877891182899475, "tonal.chords_strength.stdev": 0.09541670233011246, "tonal.hpcp_crest.mean": 13.564523696899414, "tonal.hpcp_crest.stdev": 6.016795635223389, "tonal.hpcp_entropy.mean": 2.0045435428619385, "tonal.hpcp_entropy.stdev": 0.7970041036605835, "tonal.key_edma.strength": 0.6840376257896423, "tonal.key_krumhansl.strength": 0.6685572266578674, "tonal.key_temperley.strength": 0.6501230597496033, "tonal.tuning_diatonic_strength": 0.594193160533905, "tonal.tuning_equal_tempered_deviation": 0.30770260095596313, "tonal.tuning_frequency": 434.193115234375, "tonal.tuning_nontempered_energy_ratio": 0.9758655428886414, "lowlevel.barkbands.mean": [0.0002359339559916407, 0.005174538120627403, 0.0011703935451805592, 0.0016127137932926416, 0.0018143021734431386, 0.0001597299997229129, 0.00011441876267781481, 0.0006369673064909875, 0.0003586776729207486, 0.0004156685317866504, 0.0013798807049170136, 0.0012823021970689297, 0.00264346064068377, 0.000555465288925916, 0.0007944210083223879, 0.0005082304705865681, 0.000468826008727774, 0.0002389417786616832, 0.0004370850801933557, 0.0007528691785410047, 0.0006887471536174417, 0.0005496047670021653, 0.0005578689742833376, 0.0006330121541395783, 0.00046068031224422157, 0.000359774858225137, 1.542439167678822e-05], "lowlevel.barkbands.stdev": [0.0006825296441093087, 0.015699638053774834, 0.004524005111306906, 0.0053383479826152325, 0.005118597764521837, 0.0004897018661722541, 0.00021935399854555726, 0.0010798503644764423, 0.00098742067348212, 0.0005861771060153842, 0.0013181184185668826, 0.0013955716276541352, 0.005601449869573116, 0.0008073584758676589, 0.0009764546412043273, 0.0005691585829481483, 0.0011440871749073267, 0.00023760109615977854, 0.00039689044933766127, 0.0007324123871512711, 0.0007913345471024513, 0.0008643456967547536, 0.0008865161216817796, 0.0009722640970721841, 0.0007092399173416197, 0.0006115283467806876, 3.240964360884391e-05], "lowlevel.erbbands.mean": [0.17394353449344635, 1.0450652837753296, 1.5252727270126343, 3.3250110149383545, 8.660179138183594, 3.6389122009277344, 1.6374602317810059, 1.3337287902832031, 1.50076162815094, 8.454670906066895, 10.372682571411133, 9.683631896972656, 13.709268569946289, 12.565998077392578, 81.14896392822266, 61.21311569213867, 130.0250701904297, 34.34858703613281, 37.69209289550781, 34.487648010253906, 29.937654495239258, 23.36167335510254, 13.599590301513672, 17.970619201660156, 29.25293731689453, 34.01511001586914, 28.367353439331055, 25.679306030273438, 21.293399810791016, 17.03416633605957, 15.103226661682129, 13.09035873413086, 10.38731861114502, 5.9128313064575195, 2.770004987716675, 1.4801219701766968, 0.6511819958686829, 0.116785928606987, 0.0022850807290524244, 0.0001092561287805438], "lowlevel.erbbands.stdev": [0.5028337240219116, 3.582413673400879, 5.829928398132324, 8.800034523010254, 25.853923797607422, 11.5792875289917, 5.63674259185791, 3.69789981842041, 3.1320319175720215, 13.254554748535156, 22.52173614501953, 25.34775733947754, 22.579509735107422, 11.507097244262695, 74.6128921508789, 62.077415466308594, 275.6822204589844, 39.83848571777344, 44.53687286376953, 34.67852783203125, 41.57407760620117, 36.41637420654297, 12.794086456298828, 15.80700397491455, 27.05621337890625, 33.65757369995117, 31.3478946685791, 31.469924926757812, 33.764888763427734, 28.165664672851562, 23.82062339782715, 20.921743392944336, 15.73065185546875, 9.148077011108398, 4.425734519958496, 2.569023847579956, 1.1219947338104248, 0.20237204432487488, 0.003891729051247239, 0.00013975915499031544], "lowlevel.gfcc.mean": [1.747346043586731, 15.366878509521484, -154.6157684326172, 18.804224014282227, -64.9376220703125, 28.960296630859375, -36.99824142456055, 0.018643617630004883, -40.581974029541016, -0.4027266204357147, -24.41832733154297, -8.054093360900879, -17.71210289001465], "lowlevel.melbands.mean": [0.0014960896223783493, 0.0009889912325888872, 0.0007736373227089643, 0.00045722306822426617, 6.616907921852544e-05, 3.0004714062670246e-05, 2.1368961824919097e-05, 0.0001098882348742336, 8.152871305355802e-05, 5.69986950722523e-05, 6.661374209215865e-05, 3.8447946280939505e-05, 0.00021175213623791933, 0.00018815645307768136, 0.00026751996483653784, 0.00019237076048739254, 5.407846765592694e-05, 5.676824730471708e-05, 5.913689892622642e-05, 3.88350963476114e-05, 3.533410927047953e-05, 2.7727381166187115e-05, 1.3536536243918817e-05, 1.1328585060255136e-05, 1.46652591865859e-05, 1.6449799659312703e-05, 2.8498441679403186e-05, 2.0645646145567298e-05, 1.7214450053870678e-05, 1.7729802493704483e-05, 1.3575203411164694e-05, 1.2701368177658878e-05, 9.335952199762687e-06, 9.807713468035217e-06, 8.699694262759294e-06, 8.013565093278885e-06, 8.178901225619484e-06, 7.613612069690134e-06, 6.750707143510226e-06, 4.354747034085449e-06], "lowlevel.melbands.stdev": [0.004350375849753618, 0.0032597724348306656, 0.0021124337799847126, 0.0013186457799747586, 0.0002296360908076167, 8.345756214112043e-05, 4.6264576667454094e-05, 0.00017588894115760922, 0.00018877684487961233, 0.00014394213212653995, 0.00011227509821765125, 4.534800973488018e-05, 0.00019282821449451149, 0.00016904716903809458, 0.0005241204053163528, 0.00037372790393419564, 7.916555478004739e-05, 6.901037704665214e-05, 7.544316031271592e-05, 4.4927037379238755e-05, 6.59558572806418e-05, 5.745884118368849e-05, 1.337694084213581e-05, 1.1532359167176764e-05, 1.3438363566820044e-05, 1.5809308024472557e-05, 2.7257836336502805e-05, 2.284562106069643e-05, 1.953238643181976e-05, 2.1757130525656976e-05, 1.7216178093804047e-05, 2.0504736312432215e-05, 1.592579428688623e-05, 1.6887490346562117e-05, 1.429786607332062e-05, 1.2601231901498977e-05, 1.334762418991886e-05, 1.186951976706041e-05, 1.0226238373434171e-05, 7.008238299022196e-06], "lowlevel.melbands128.mean": [0.0002225120842922479, 0.001380809349939227, 0.002108712447807193, 0.0016027168603613973, 0.0008832357707433403, 0.0005441924440674484, 0.0005712119163945317, 0.0009245979599654675, 0.0010238378308713436, 0.00041911282460205257, 0.00012162722850916907, 9.22690232982859e-05, 5.032138869864866e-05, 3.4002045140368864e-05, 2.9681898013222963e-05, 2.8686907171504572e-05, 2.5849738449323922e-05, 1.537274511065334e-05, 2.0236677300999872e-05, 9.376973321195692e-05, 0.00018331274623051286, 8.322994835907593e-05, 7.390219252556562e-05, 5.906548540224321e-05, 7.547893619630486e-05, 4.1944364056689665e-05, 4.866597373620607e-05, 0.00010494002344785258, 3.9102542359614745e-05, 3.5748475056607276e-05, 3.6828918382525444e-05, 4.472504951991141e-05, 0.00011644723417703062, 0.000524024129845202, 0.00019132999295834452, 9.61867772275582e-05, 0.00013315003889147192, 0.00012188350228825584, 0.0005698674940504134, 0.00031084322836250067, 7.783852197462693e-05, 4.23001401941292e-05, 4.4943262764718384e-05, 7.664313307031989e-05, 4.084466854692437e-05, 4.783373879035935e-05, 7.767242641421035e-05, 7.27814476704225e-05, 4.223166615702212e-05, 4.297038321965374e-05, 3.5466335248202085e-05, 4.239811823936179e-05, 2.6523353881202638e-05, 3.4884869819507e-05, 4.7927642299328e-05, 2.2692040147376247e-05, 1.7696280337986536e-05, 1.4880261005600914e-05, 1.1718657333403826e-05, 1.1209469448658638e-05, 1.0979239959851839e-05, 1.1199896107427776e-05, 1.4914002349541988e-05, 1.6415773643529974e-05, 1.2552722182590514e-05, 1.5152411833696533e-05, 1.6800471712485887e-05, 2.875839163607452e-05, 3.21769475704059e-05, 2.9257242204039358e-05, 1.8342878320254385e-05, 1.832794805523008e-05, 1.727081325952895e-05, 1.727146445773542e-05, 1.6501924619660713e-05, 1.819823228288442e-05, 1.8794426068780012e-05, 1.5186391465249471e-05, 1.262571822735481e-05, 1.1615803487075027e-05, 1.4019264199305326e-05, 1.3166161807021126e-05, 1.0040455890703015e-05, 9.429554665985052e-06, 7.69665257394081e-06, 9.720427442516666e-06, 1.0608259799482767e-05, 9.83379050012445e-06, 8.045039066928439e-06, 8.687735316925682e-06, 8.067429916991387e-06, 7.951756742841098e-06, 7.557808203273453e-06, 7.630998879903927e-06, 8.938688552007079e-06, 9.521720130578615e-06, 6.36736695014406e-06, 6.0936890804441646e-06, 7.818792255420703e-06, 7.179219210229348e-06, 3.897297574440017e-06, 4.667256689572241e-06, 3.2985021789500024e-06, 4.008888481621398e-06, 2.414894424873637e-06, 2.8831848339905264e-06, 3.0203013920981903e-06, 3.0785504350205883e-06, 2.4067549020401202e-06, 2.172896984120598e-06, 2.3913669338071486e-06, 2.1309228941390757e-06, 2.1647874746122397e-06, 1.983601578103844e-06, 1.823389879973547e-06, 1.5733027112219133e-06, 6.272798032114224e-07, 1.0635504033018606e-08, 8.938835088789787e-11, 7.900551740602779e-11, 6.422978815479041e-11, 2.2744309907674065e-11, 3.5389315176242997e-12, 3.4113753488718146e-12, 3.2890998952206374e-12, 3.1462720883473905e-12, 3.0606101420610488e-12, 3.0297600366047117e-12], "lowlevel.melbands128.stdev": [0.0006620033527724445, 0.004159823525696993, 0.006783456541597843, 0.006159755866974592, 0.0038466700352728367, 0.0018743742257356644, 0.0015317208599299192, 0.003271201392635703, 0.003078739857301116, 0.001308906590566039, 0.0005252567352727056, 0.0002958333643618971, 0.00019720455748029053, 0.0001241524878423661, 9.167367534246296e-05, 7.146833377191797e-05, 6.396367098204792e-05, 4.909504787065089e-05, 4.7442612412851304e-05, 0.00015367349260486662, 0.00033920019632205367, 0.0001993416080949828, 0.00028294045478105545, 0.00028039157041348517, 0.00027322626556269825, 9.037269774125889e-05, 0.00012095910642528906, 0.0002067627210635692, 6.240551738301292e-05, 6.759364623576403e-05, 5.196296842768788e-05, 6.532398401759565e-05, 0.00013241867418400943, 0.0005464449641294777, 0.00023604532179888338, 0.00014327466487884521, 0.00021546430070884526, 0.00022347751655615866, 0.0015006773173809052, 0.0007826395449228585, 0.00015640568744856864, 7.598798401886597e-05, 6.603575457120314e-05, 0.0001737032289383933, 6.467962521128356e-05, 7.535520853707567e-05, 0.00013466998643707484, 0.00012445959146134555, 5.857715950696729e-05, 5.367192716221325e-05, 5.3985499107511714e-05, 8.097126556094736e-05, 3.0394647183129564e-05, 9.330976172350347e-05, 0.0002028751914622262, 2.264869362988975e-05, 1.7975698938244022e-05, 1.7804022718337364e-05, 1.468133632442914e-05, 1.297086873819353e-05, 1.374388284602901e-05, 1.3120206858729944e-05, 1.6362631868105382e-05, 1.7469081285526045e-05, 1.4090350305195898e-05, 1.643491668801289e-05, 2.0001529264845885e-05, 3.4545948437880725e-05, 3.510863098199479e-05, 3.369587648194283e-05, 2.4551032765884884e-05, 2.671871698112227e-05, 2.3752938432153314e-05, 2.076451164612081e-05, 2.4152532205334865e-05, 2.3893309844424948e-05, 2.6564772269921377e-05, 2.1699755961890332e-05, 1.7013586329994723e-05, 1.7507974916952662e-05, 2.4083401513053104e-05, 2.433219378872309e-05, 1.8891181753133424e-05, 1.7815867977333255e-05, 1.370671725453576e-05, 1.7736405425239354e-05, 2.0522198610706255e-05, 1.771133793226909e-05, 1.4610012840421405e-05, 1.4516817827825435e-05, 1.2944848094775807e-05, 1.387747579428833e-05, 1.3892586139263585e-05, 1.3947554180049337e-05, 1.5233840713335667e-05, 1.5126322978176177e-05, 1.1576418728509452e-05, 1.0237695278192405e-05, 1.2316327229200397e-05, 1.1571168215596117e-05, 7.275556527019944e-06, 7.965458280523308e-06, 5.820314981974661e-06, 7.060682946757879e-06, 4.45520663561183e-06, 5.229879207035992e-06, 5.620915544568561e-06, 5.599228188657435e-06, 4.701067609858001e-06, 4.359736522019375e-06, 5.075931312603643e-06, 4.178684775979491e-06, 3.824225586868124e-06, 3.4307629448449006e-06, 3.2428074518975336e-06, 2.9336015359149314e-06, 1.2533815834103734e-06, 3.4648699909212155e-08, 1.778016622822065e-09, 1.6089786170070397e-09, 1.3328378400956353e-09, 4.4636561113975404e-10, 5.861098498899375e-12, 5.699110888074399e-12, 5.581618500727359e-12, 5.491197774265544e-12, 5.427433676097326e-12, 5.388851257587257e-12], "lowlevel.mfcc.mean": [-627.998291015625, 51.63077163696289, -31.373010635375977, -6.322096824645996, -7.482257843017578, 14.136157035827637, 10.239930152893066, -2.937027931213379, -3.2545394897460938, -2.615201950073242, -9.506750106811523, -1.0800509452819824, -2.916790246963501], "lowlevel.spectral_contrast_coeffs.mean": [-0.6672223210334778, -0.7842381000518799, -0.7603785991668701, -0.7955033779144287, -0.8096384406089783, -0.7422084808349609], "lowlevel.spectral_contrast_coeffs.stdev": [0.09268398582935333, 0.07232027500867844, 0.06057675927877426, 0.05687787011265755, 0.028458137065172195, 0.040123604238033295], "lowlevel.spectral_contrast_valleys.mean": [-8.323382377624512, -7.458858013153076, -7.083824157714844, -6.992538928985596, -6.936428546905518, -9.533492088317871], "lowlevel.spectral_contrast_valleys.stdev": [1.476214051246643, 1.1332625150680542, 1.0629823207855225, 1.0430519580841064, 1.1096060276031494, 1.3206450939178467], "rhythm.beats_loudness_band_ratio.mean": [0.2814192771911621, 0.050976596772670746, 0.06184740737080574, 0.2384374588727951, 0.12595710158348083, 0.2876325249671936], "rhythm.beats_loudness_band_ratio.stdev": [0.3020290434360504, 0.04399216175079346, 0.05070648714900017, 0.16032004356384277, 0.07232145965099335, 0.18353597819805145], "tonal.hpcp.mean": [0.12624330818653107, 0.12836022675037384, 0.12657620012760162, 0.13078942894935608, 0.10117033869028091, 0.07741982489824295, 0.10082121193408966, 0.10746993124485016, 0.10514819622039795, 0.3052172064781189, 0.5405339002609253, 0.374534010887146, 0.12777596712112427, 0.0956958532333374, 0.10121463984251022, 0.13708379864692688, 0.19539913535118103, 0.19200323522090912, 0.16801275312900543, 0.15040679275989532, 0.13264721632003784, 0.24688945710659027, 0.2810245454311371, 0.16262038052082062, 0.14841727912425995, 0.17520678043365479, 0.15214203298091888, 0.13045883178710938, 0.12485650926828384, 0.121335469186306, 0.2075938880443573, 0.28331851959228516, 0.20031175017356873, 0.11793363839387894, 0.11249798536300659, 0.11564373224973679], "tonal.hpcp.stdev": [0.1945018321275711, 0.19569703936576843, 0.19061604142189026, 0.18335507810115814, 0.15327037870883942, 0.12988674640655518, 0.14023610949516296, 0.16017000377178192, 0.15977925062179565, 0.26252907514572144, 0.37774837017059326, 0.30511313676834106, 0.176405131816864, 0.14166991412639618, 0.1489427238702774, 0.1778380423784256, 0.24007868766784668, 0.24193131923675537, 0.24649879336357117, 0.2338547706604004, 0.19266873598098755, 0.3037507236003876, 0.31643441319465637, 0.23316653072834015, 0.2069823294878006, 0.2509108781814575, 0.2289307862520218, 0.22427837550640106, 0.22837306559085846, 0.21627016365528107, 0.2414095252752304, 0.2983906865119934, 0.22288848459720612, 0.18570978939533234, 0.18743722140789032, 0.19591157138347626], "rhythm.beats_position": [0.5804988741874695, 1.172607660293579, 1.7647165060043335, 2.3684353828430176, 2.983764171600342, 3.599092960357666, 4.22603178024292, 4.841360569000244, 5.456689357757568, 6.072018146514893, 6.687346935272217, 7.302675724029541, 7.918004512786865, 8.544942855834961, 9.171881675720215, 9.787210464477539, 10.402539253234863, 11.029478073120117, 11.633196830749512, 12.260135650634766, 12.88707447052002, 13.502403259277344, 14.117732048034668, 14.744670867919922, 15.359999656677246, 15.97532844543457, 16.60226821899414, 17.21759605407715, 17.832923889160156, 18.448253631591797, 19.063581466674805, 19.690521240234375, 20.305849075317383, 20.921178817749023, 21.54811668395996, 22.1634464263916, 22.77877426147461, 23.39410400390625, 24.009431838989258, 24.636371612548828, 25.251699447631836, 25.867029190063477, 26.493967056274414, 27.109296798706055, 27.724624633789062, 28.351564407348633], "rhythm.bpm_histogram": [0.0, 0.0, 0.0, 0.0, 0.0, 0.0, 0.0, 0.0, 0.0, 0.0, 0.0, 0.0, 0.0, 0.0, 0.0, 0.0, 0.0, 0.0, 0.0, 0.0, 0.0, 0.0, 0.0, 0.0, 0.0, 0.0, 0.0, 0.0, 0.0, 0.0, 0.0, 0.0, 0.0, 0.0, 0.0, 0.0, 0.0, 0.0, 0.0, 0.0, 0.0, 0.0, 0.0, 0.0, 0.0, 0.0, 0.0, 0.0, 0.0, 0.0, 0.0, 0.0, 0.0, 0.0, 0.0, 0.0, 0.0, 0.0, 0.0, 0.0, 0.0, 0.0, 0.0, 0.0, 0.0, 0.0, 0.0, 0.0, 0.0, 0.0, 0.0, 0.0, 0.0, 0.0, 0.0, 0.0, 0.0, 0.0, 0.0, 0.0, 0.0, 0.0, 0.0, 0.0, 0.0, 0.0, 0.0, 0.0, 0.0, 0.0, 0.0, 0.0, 0.0, 0.0, 0.0, 0.0, 0.2888889014720917, 0.0, 0.6222222447395325, 0.04444444552063942, 0.0, 0.04444444552063942, 0.0, 0.0, 0.0, 0.0, 0.0, 0.0, 0.0, 0.0, 0.0, 0.0, 0.0, 0.0, 0.0, 0.0, 0.0, 0.0, 0.0, 0.0, 0.0, 0.0, 0.0, 0.0, 0.0, 0.0, 0.0, 0.0, 0.0, 0.0, 0.0, 0.0, 0.0, 0.0, 0.0, 0.0, 0.0, 0.0, 0.0, 0.0, 0.0, 0.0, 0.0, 0.0, 0.0, 0.0, 0.0, 0.0, 0.0, 0.0, 0.0, 0.0, 0.0, 0.0, 0.0, 0.0, 0.0, 0.0, 0.0, 0.0, 0.0, 0.0, 0.0, 0.0, 0.0, 0.0, 0.0, 0.0, 0.0, 0.0, 0.0, 0.0, 0.0, 0.0, 0.0, 0.0, 0.0, 0.0, 0.0, 0.0, 0.0, 0.0, 0.0, 0.0, 0.0, 0.0, 0.0, 0.0, 0.0, 0.0, 0.0, 0.0, 0.0, 0.0, 0.0, 0.0, 0.0, 0.0, 0.0, 0.0, 0.0, 0.0, 0.0, 0.0, 0.0, 0.0, 0.0, 0.0, 0.0, 0.0, 0.0, 0.0, 0.0, 0.0, 0.0, 0.0, 0.0, 0.0, 0.0, 0.0, 0.0, 0.0, 0.0, 0.0, 0.0, 0.0, 0.0, 0.0, 0.0, 0.0, 0.0, 0.0, 0.0, 0.0, 0.0, 0.0, 0.0, 0.0, 0.0, 0.0, 0.0, 0.0, 0.0, 0.0, 0.0, 0.0, 0.0, 0.0, 0.0, 0.0], "tonal.chords_histogram": [2.8892455101013184, 0.642054557800293, 45.74638748168945, 0.0, 0.0, 0.0, 0.0, 0.0, 0.0, 0.0, 0.0, 0.0, 0.0, 0.0, 0.0, 0.0, 0.0, 0.642054557800293, 0.0, 50.080257415771484, 0.0, 0.0, 0.0, 0.0], "tonal.thpcp": [1.0, 0.6928964257240295, 0.2363884449005127, 0.1770395040512085, 0.18724937736988068, 0.2536081373691559, 0.3614928424358368, 0.3552103340625763, 0.3108274042606354, 0.27825599908828735, 0.24540036916732788, 0.45675110816955566, 0.5199018120765686, 0.30085140466690063, 0.2745753526687622, 0.32413652539253235, 0.28146621584892273, 0.24135179817676544, 0.23098738491535187, 0.22447337210178375, 0.38405340909957886, 0.5241457223892212, 0.3705812990665436, 0.21817991137504578, 0.2081238329410553, 0.21394352614879608, 0.2335529923439026, 0.23746933043003082, 0.23416884243488312, 0.24196341633796692, 0.18716742098331451, 0.1432284414768219, 0.1865215301513672, 0.1988218128681183, 0.1945265531539917, 0.5646587610244751], "lowlevel.gfcc.cov": [[12309.9736328125, -741.16650390625, 1707.49072265625, 309.0381164550781, 454.1463623046875, 15.471888542175293, 49.34307861328125, 67.77433776855469, -426.1373596191406, 99.50174713134766, -468.6048889160156, 106.12468719482422, -530.3180541992188], [-741.16650390625, 2144.609619140625, -402.1227722167969, 784.5904541015625, 338.2774353027344, -23.220924377441406, 378.9132995605469, 92.77743530273438, 300.38568115234375, -77.28020477294922, 354.1295166015625, -130.85784912109375, 423.5975036621094], [1707.49072265625, -402.1227722167969, 1153.2550048828125, 318.5163269042969, 312.3956298828125, 131.3550262451172, 51.042694091796875, 88.72036743164062, -130.26573181152344, 60.56189727783203, -187.7123565673828, 111.6622543334961, -212.8617401123047], [309.0381164550781, 784.5904541015625, 318.5163269042969, 765.6721801757812, 324.5732116699219, 120.88220977783203, 221.2946319580078, 94.14017486572266, 57.005706787109375, -67.75900268554688, 42.07918167114258, -39.48365020751953, 156.5598907470703], [454.1463623046875, 338.2774353027344, 312.3956298828125, 324.5732116699219, 372.84454345703125, 117.13153076171875, 215.24740600585938, 126.17920684814453, 90.32907104492188, 65.43828582763672, 60.44498062133789, 45.28929138183594, 65.21653747558594], [15.471888542175293, -23.220924377441406, 131.3550262451172, 120.88220977783203, 117.13153076171875, 215.34317016601562, 120.98365020751953, 80.17951965332031, 23.020462036132812, 26.454500198364258, 21.025197982788086, 18.309062957763672, -2.1193084716796875], [49.34307861328125, 378.9132995605469, 51.042694091796875, 221.2946319580078, 215.24740600585938, 120.98365020751953, 257.95745849609375, 136.0606231689453, 131.6685333251953, 57.742820739746094, 114.1332778930664, 15.173653602600098, 96.56330871582031], [67.77433776855469, 92.77743530273438, 88.72036743164062, 94.14017486572266, 126.17920684814453, 80.17951965332031, 136.0606231689453, 158.8077850341797, 119.43653106689453, 72.72132110595703, 47.37651062011719, 29.770648956298828, 42.10873031616211], [-426.1373596191406, 300.38568115234375, -130.26573181152344, 57.005706787109375, 90.32907104492188, 23.020462036132812, 131.6685333251953, 119.43653106689453, 220.70176696777344, 83.63829803466797, 128.88021850585938, -0.9947227239608765, 111.8321304321289], [99.50174713134766, -77.28020477294922, 60.56189727783203, -67.75900268554688, 65.43828582763672, 26.454500198364258, 57.742820739746094, 72.72132110595703, 83.63829803466797, 128.1422576904297, 70.4210433959961, 54.148223876953125, -4.676491737365723], [-468.6048889160156, 354.1295166015625, -187.7123565673828, 42.07918167114258, 60.44498062133789, 21.025197982788086, 114.1332778930664, 47.37651062011719, 128.88021850585938, 70.4210433959961, 202.25987243652344, 26.485719680786133, 115.07571411132812], [106.12468719482422, -130.85784912109375, 111.6622543334961, -39.48365020751953, 45.28929138183594, 18.309062957763672, 15.173653602600098, 29.770648956298828, -0.9947227239608765, 54.148223876953125, 26.485719680786133, 92.58362579345703, 3.896160125732422], [-530.3180541992188, 423.5975036621094, -212.8617401123047, 156.5598907470703, 65.21653747558594, -2.1193084716796875, 96.56330871582031, 42.10873031616211, 111.8321304321289, -4.676491737365723, 115.07571411132812, 3.896160125732422, 204.30445861816406]], "lowlevel.gfcc.icov": [[0.00011966529564233497, -3.7396224797703326e-05, -6.501051393570378e-05, -1.6727630281820893e-05, -5.315833550412208e-05, 0.00018252925656270236, -0.00018849244224838912, -8.42415465740487e-05, 0.00032896295306272805, -0.00032673560781404376, 0.00022426775831263512, 5.356315887183882e-05, 0.00014366582036018372], [-3.7396224797703326e-05, 0.00242428807541728, 0.00039297554758377373, -0.0015520728193223476, -0.0010989938164129853, 0.0019267636816948652, -0.0010784607147797942, 0.00026826441171579063, -0.0006944564520381391, 0.002388543915003538, -0.0034308847971260548, 0.002173342974856496, -0.00037364158197306097], [-6.501051393570378e-05, 0.00039297554758377373, 0.0043450151570141315, -0.0031635486520826817, -0.001825411687605083, 0.0004341331368777901, 0.00031707517337054014, 7.71245249779895e-05, -0.00046802606084384024, -0.0015506190247833729, 0.002756785601377487, -0.005333133973181248, 0.00515878526493907], [-1.6727630281820893e-05, -0.0015520728193223476, -0.0031635486520826817, 0.0065922243520617485, -0.0012827023165300488, -0.0018236673204228282, 0.0005181833985261619, -0.0017240496817976236, 0.001990243559703231, 0.0027168996166437864, -0.0007201344124041498, 0.004774839151650667, -0.005384835414588451], [-5.315833550412208e-05, -0.0010989938164129853, -0.001825411687605083, -0.0012827023165300488, 0.010015962645411491, -0.0010188892483711243, -0.005108287557959557, 0.0018465836765244603, -0.0009763222769834101, -0.003899570554494858, 0.002903424436226487, -0.0028070099651813507, -0.0010889600962400436], [0.00018252925656270236, 0.0019267636816948652, 0.0004341331368777901, -0.0018236673204228282, -0.0010188892483711243, 0.009467575699090958, -0.004545246250927448, -0.002695186296477914, 0.002046282170340419, 0.0018155111465603113, -0.0028549404814839363, 0.001144705223850906, 0.001963649410754442], [-0.00018849244224838912, -0.0010784607147797942, 0.00031707517337054014, 0.0005181833985261619, -0.005108287557959557, -0.004545246250927448, 0.017465325072407722, -0.008103275671601295, 0.0005870421300642192, 0.0011319257318973541, -0.004893810022622347, 0.0024536948185414076, -0.0009069704101420939], [-8.42415465740487e-05, 0.00026826441171579063, 7.71245249779895e-05, -0.0017240496817976236, 0.0018465836765244603, -0.002695186296477914, -0.008103275671601295, 0.023783007636666298, -0.012092134915292263, -0.004593494348227978, 0.008125325664877892, -0.006852429360151291, 0.0010052075376734138], [0.00032896295306272805, -0.0006944564520381391, -0.00046802606084384024, 0.001990243559703231, -0.0009763222769834101, 0.002046282170340419, 0.0005870421300642192, -0.012092134915292263, 0.02098749950528145, -0.009013175964355469, -0.004101530648767948, 0.010874459519982338, -0.006762917619198561], [-0.00032673560781404376, 0.002388543915003538, -0.0015506190247833729, 0.0027168996166437864, -0.003899570554494858, 0.0018155111465603113, 0.0011319257318973541, -0.004593494348227978, -0.009013175964355469, 0.030416226014494896, -0.012571334838867188, -0.004879906307905912, 0.004981193225830793], [0.00022426775831263512, -0.0034308847971260548, 0.002756785601377487, -0.0007201344124041498, 0.002903424436226487, -0.0028549404814839363, -0.004893810022622347, 0.008125325664877892, -0.004101530648767948, -0.012571334838867188, 0.022769447416067123, -0.010615742765367031, 0.00013637846859637648], [5.356315887183882e-05, 0.002173342974856496, -0.005333133973181248, 0.004774839151650667, -0.0028070099651813507, 0.001144705223850906, 0.0024536948185414076, -0.006852429360151291, 0.010874459519982338, -0.004879906307905912, -0.010615742765367031, 0.031787507236003876, -0.013113056309521198], [0.00014366582036018372, -0.00037364158197306097, 0.00515878526493907, -0.005384835414588451, -0.0010889600962400436, 0.001963649410754442, -0.0009069704101420939, 0.0010052075376734138, -0.006762917619198561, 0.004981193225830793, 0.00013637846859637648, -0.013113056309521198, 0.020122194662690163]], "lowlevel.mfcc.cov": [[9092.529296875, 6.513510227203369, 942.0228271484375, 584.6476440429688, 323.773681640625, 154.44277954101562, 290.11553955078125, 59.516944885253906, 98.14478302001953, -13.390953063964844, -120.80805206298828, -8.663633346557617, 16.31439208984375], [6.513510227203369, 1046.1593017578125, -204.3200225830078, 470.74920654296875, 97.1902084350586, 67.2585678100586, 147.58665466308594, 83.15199279785156, 132.19781494140625, 99.50605773925781, 44.447139739990234, 135.82305908203125, 116.7503662109375], [942.0228271484375, -204.3200225830078, 597.9779663085938, 228.50198364257812, 187.8181610107422, 118.96733093261719, 96.66934204101562, 76.68592834472656, 15.626938819885254, -24.68669891357422, -9.669574737548828, -42.45799255371094, -18.475492477416992], [584.6476440429688, 470.74920654296875, 228.50198364257812, 643.34912109375, 239.92758178710938, 148.4491424560547, 194.12091064453125, 127.98054504394531, 160.54539489746094, 59.5725212097168, -32.79281997680664, 33.48189163208008, 65.20895385742188], [323.773681640625, 97.1902084350586, 187.8181610107422, 239.92758178710938, 202.74876403808594, 114.38063049316406, 111.33641815185547, 83.53601837158203, 82.12203216552734, 49.88998794555664, 12.804622650146484, 25.75945281982422, 36.83638381958008], [154.44277954101562, 67.2585678100586, 118.96733093261719, 148.4491424560547, 114.38063049316406, 157.42050170898438, 135.2250518798828, 86.67273712158203, 57.42879104614258, 39.444549560546875, 22.31796646118164, 21.96941566467285, 16.503217697143555], [290.11553955078125, 147.58665466308594, 96.66934204101562, 194.12091064453125, 111.33641815185547, 135.2250518798828, 203.9497528076172, 114.43688201904297, 81.47525024414062, 54.515907287597656, 34.47483444213867, 58.29606628417969, 47.32663345336914], [59.516944885253906, 83.15199279785156, 76.68592834472656, 127.98054504394531, 83.53601837158203, 86.67273712158203, 114.43688201904297, 131.00694274902344, 97.6368408203125, 62.801692962646484, 34.997596740722656, 31.729501724243164, 28.41632080078125], [98.14478302001953, 132.19781494140625, 15.626938819885254, 160.54539489746094, 82.12203216552734, 57.42879104614258, 81.47525024414062, 97.6368408203125, 159.2291259765625, 102.7808837890625, 25.308218002319336, 41.984527587890625, 48.33125305175781], [-13.390953063964844, 99.50605773925781, -24.68669891357422, 59.5725212097168, 49.88998794555664, 39.444549560546875, 54.515907287597656, 62.801692962646484, 102.7808837890625, 126.49137115478516, 67.29373168945312, 64.21942138671875, 47.89891052246094], [-120.80805206298828, 44.447139739990234, -9.669574737548828, -32.79281997680664, 12.804622650146484, 22.31796646118164, 34.47483444213867, 34.997596740722656, 25.308218002319336, 67.29373168945312, 115.54759979248047, 85.72522735595703, 41.88056564331055], [-8.663633346557617, 135.82305908203125, -42.45799255371094, 33.48189163208008, 25.75945281982422, 21.96941566467285, 58.29606628417969, 31.729501724243164, 41.984527587890625, 64.21942138671875, 85.72522735595703, 146.4580841064453, 87.14886474609375], [16.31439208984375, 116.7503662109375, -18.475492477416992, 65.20895385742188, 36.83638381958008, 16.503217697143555, 47.32663345336914, 28.41632080078125, 48.33125305175781, 47.89891052246094, 41.88056564331055, 87.14886474609375, 103.43073272705078]], "lowlevel.mfcc.icov": [[0.0001503199164289981, -6.261018279474229e-05, -0.00032464697142131627, 8.051880286075175e-05, 2.5881095666591136e-07, 0.00023656802659388632, -0.0004044022352900356, 0.0004008397809229791, -0.00018320012895856053, -0.00011804309906437993, 0.00031256111105903983, -0.00015862564032431692, 0.0001226520980708301], [-6.261018279474229e-05, 0.002729549305513501, 0.0019929020199924707, -0.0030734280589967966, 0.00047213849029503763, 2.0200683138682507e-05, 0.00019668639288283885, -0.0006867867195978761, 0.0013577642384916544, -0.00021483309683389962, -0.0013579700607806444, -0.0005482776905409992, -0.0003733435005415231], [-0.00032464697142131627, 0.0019929020199924707, 0.004914339631795883, -0.0026357981842011213, -0.0023790677078068256, -0.0006537366425618529, 0.0011168798664584756, -0.0023134187795221806, 0.002134858863428235, 0.0017166363541036844, -0.0030071111395955086, 0.0012576341396197677, -0.00021719567303080112], [8.051880286075175e-05, -0.0030734280589967966, -0.0026357981842011213, 0.007359189912676811, -0.003479489590972662, 0.0006161407800391316, -0.0024038711562752724, 0.0018648892873898149, -0.004521222319453955, 0.0014307923847809434, 0.0037519200704991817, -9.965908247977495e-05, 8.933904609875754e-05], [2.5881095666591136e-07, 0.00047213849029503763, -0.0023790677078068256, -0.003479489590972662, 0.015022529289126396, -0.0061829774640500546, 0.001621569856069982, -0.00048141813022084534, -0.00027982311439700425, -0.0026580267585814, 0.00041937301284633577, -0.00014614725660067052, -0.002422619378194213], [0.00023656802659388632, 2.0200683138682507e-05, -0.0006537366425618529, 0.0006161407800391316, -0.0061829774640500546, 0.020096689462661743, -0.011015637777745724, -0.001181041356176138, 0.0013565090484917164, -0.0014274881687015295, -0.0006199171766638756, 0.0011120026465505362, 0.0031362492591142654], [-0.0004044022352900356, 0.00019668639288283885, 0.0011168798664584756, -0.0024038711562752724, 0.001621569856069982, -0.011015637777745724, 0.019343040883541107, -0.010338044725358486, 0.003244187217205763, 0.0003706261923070997, 0.0008396340999752283, -0.0037201354280114174, -0.0021666185930371284], [0.0004008397809229791, -0.0006867867195978761, -0.0023134187795221806, 0.0018648892873898149, -0.00048141813022084534, -0.001181041356176138, -0.010338044725358486, 0.027228854596614838, -0.014758883975446224, 0.0035019691567867994, -0.005430074408650398, 0.0028324087616056204, 0.00181945925578475], [-0.00018320012895856053, 0.0013577642384916544, 0.002134858863428235, -0.004521222319453955, -0.00027982311439700425, 0.0013565090484917164, 0.003244187217205763, -0.014758883975446224, 0.028752362355589867, -0.01892290823161602, 0.007578534074127674, -0.0002579064457677305, -0.003341892035678029], [-0.00011804309906437993, -0.00021483309683389962, 0.0017166363541036844, 0.0014307923847809434, -0.0026580267585814, -0.0014274881687015295, 0.0003706261923070997, 0.0035019691567867994, -0.01892290823161602, 0.02971419133245945, -0.013668954372406006, 0.0006840472342446446, -0.0002515725209377706], [0.00031256111105903983, -0.0013579700607806444, -0.0030071111395955086, 0.0037519200704991817, 0.00041937301284633577, -0.0006199171766638756, 0.0008396340999752283, -0.005430074408650398, 0.007578534074127674, -0.013668954372406006, 0.026761112734675407, -0.012893974781036377, 0.0024552508257329464], [-0.00015862564032431692, -0.0005482776905409992, 0.0012576341396197677, -9.965908247977495e-05, -0.00014614725660067052, 0.0011120026465505362, -0.0037201354280114174, 0.0028324087616056204, -0.0002579064457677305, 0.0006840472342446446, -0.012893974781036377, 0.023548921570181847, -0.013087160885334015], [0.0001226520980708301, -0.0003733435005415231, -0.00021719567303080112, 8.933904609875754e-05, -0.002422619378194213, 0.0031362492591142654, -0.0021666185930371284, 0.00181945925578475, -0.003341892035678029, -0.0002515725209377706, 0.0024552508257329464, -0.013087160885334015, 0.022540099918842316]], "metadata.audio_properties.analysis.downmix": "mix", "metadata.audio_properties.codec": "mp3", "metadata.audio_properties.md5_encoded": "6cd1c3f0bdaf1912bc7dcba4094229ee", "metadata.tags.file_name": "1182268986998652938.mp3", "metadata.version.essentia": "2.1-beta6-dev", "metadata.version.essentia_git_sha": "v2.1_beta5-1110-g77a6a954", "metadata.version.extractor": "music 2.0", "tonal.chords_key": "C", "tonal.chords_scale": "minor", "tonal.key_edma.key": "F", "tonal.key_edma.scale": "major", "tonal.key_krumhansl.key": "F", "tonal.key_krumhansl.scale": "major", "tonal.key_temperley.key": "F", "tonal.key_temperley.scale": "major", "metadata.tags.encoding": ["Lavf58.45.100"]}, "essentia_models": [{"model_name": "genre_dortmund", "activations": {"alternative": "0.049226902", "blues": "0.0014944309", "electronic": "0.114026465", "folkcountry": "0.008858726", "funksoulrnb": "0.036214486", "jazz": "0.0017186268", "pop": "0.065483734", "raphiphop": "0.04122238", "rock": "0.36283657"}}, {"model_name": "genre_rosamerica", "activations": {"classic": "0.0184599", "dance": "0.11425296", "hip hop": "0.42424643", "jazz": "0.01353078", "pop": "0.09143534", "rhythm and blues": "0.009114345", "rock": "0.38708985", "speech": "0.012677159"}}, {"model_name