{"song_id": "1182270644998647829", "download": "https://cdn.discordapp.com/attachments/1128313332273782784/1182270644998647829/chirp.mp4?ex=65841657&amp", "lyrics": "[Verse]\nIn a world of darkness, we sought the light\nThrough the age of enlightenment, we'd fight\nQuestioning beliefs that were long held tight\nA revolution of the mind, shining bright\n\n[Chorus]\nOh, the age of enlightenment, set us free\nWith reason as our guide, we'd find our decree\nOh, the age of enlightenment, let knowledge be\nIlluminate our souls, for all the world to see", "style": ["rock</span><span>, female vocal</span><span>, piano"], "essentia_features": {"lowlevel.average_loudness": 0.9735082387924194, "lowlevel.barkbands_crest.mean": 12.050494194030762, "lowlevel.barkbands_crest.stdev": 3.6353135108947754, "lowlevel.barkbands_flatness_db.mean": 0.14852455258369446, "lowlevel.barkbands_flatness_db.stdev": 0.04934429004788399, "lowlevel.barkbands_kurtosis.mean": 6.941913604736328, "lowlevel.barkbands_kurtosis.stdev": 10.10051155090332, "lowlevel.barkbands_skewness.mean": 2.268390655517578, "lowlevel.barkbands_skewness.stdev": 1.357109546661377, "lowlevel.barkbands_spread.mean": 23.105083465576172, "lowlevel.barkbands_spread.stdev": 13.172443389892578, "lowlevel.dissonance.mean": 0.47204360365867615, "lowlevel.dissonance.stdev": 0.02336529642343521, "lowlevel.dynamic_complexity": 1.4946370124816895, "lowlevel.erbbands_crest.mean": 8.611648559570312, "lowlevel.erbbands_crest.stdev": 3.8018381595611572, "lowlevel.erbbands_flatness_db.mean": 0.14131371676921844, "lowlevel.erbbands_flatness_db.stdev": 0.048658691346645355, "lowlevel.erbbands_kurtosis.mean": -0.14491155743598938, "lowlevel.erbbands_kurtosis.stdev": 1.7263433933258057, "lowlevel.erbbands_skewness.mean": -0.11284526437520981, "lowlevel.erbbands_skewness.stdev": 0.7657259702682495, "lowlevel.erbbands_spread.mean": 53.779273986816406, "lowlevel.erbbands_spread.stdev": 20.652748107910156, "lowlevel.hfc.mean": 23.480287551879883, "lowlevel.hfc.stdev": 14.210930824279785, "lowlevel.loudness_ebu128.integrated": -15.651615142822266, "lowlevel.loudness_ebu128.loudness_range": 1.3270320892333984, "lowlevel.loudness_ebu128.momentary.mean": -15.772798538208008, "lowlevel.loudness_ebu128.momentary.stdev": 1.0181835889816284, "lowlevel.loudness_ebu128.short_term.mean": -15.702795028686523, "lowlevel.loudness_ebu128.short_term.stdev": 0.4580320715904236, "lowlevel.melbands_crest.mean": 20.121061325073242, "lowlevel.melbands_crest.stdev": 5.55812406539917, "lowlevel.melbands_flatness_db.mean": 0.22832074761390686, "lowlevel.melbands_flatness_db.stdev": 0.05532294511795044, "lowlevel.melbands_kurtosis.mean": 27.705114364624023, "lowlevel.melbands_kurtosis.stdev": 31.230436325073242, "lowlevel.melbands_skewness.mean": 4.187838077545166, "lowlevel.melbands_skewness.stdev": 2.1430511474609375, "lowlevel.melbands_spread.mean": 18.358131408691406, "lowlevel.melbands_spread.stdev": 14.494441032409668, "lowlevel.pitch_salience.mean": 0.4378218352794647, "lowlevel.pitch_salience.stdev": 0.12154801189899445, "lowlevel.silence_rate_20dB.mean": 1.0, "lowlevel.silence_rate_20dB.stdev": 0.0, "lowlevel.silence_rate_30dB.mean": 0.9710843563079834, "lowlevel.silence_rate_30dB.stdev": 0.16756892204284668, "lowlevel.silence_rate_60dB.mean": 0.0024096386041492224, "lowlevel.silence_rate_60dB.stdev": 0.04902883991599083, "lowlevel.spectral_centroid.mean": 1398.5941162109375, "lowlevel.spectral_centroid.stdev": 620.7313842773438, "lowlevel.spectral_complexity.mean": 21.438554763793945, "lowlevel.spectral_complexity.stdev": 9.94008731842041, "lowlevel.spectral_decrease.mean": -1.0923864479650547e-08, "lowlevel.spectral_decrease.stdev": 7.443107907789681e-09, "lowlevel.spectral_energy.mean": 0.043358881026506424, "lowlevel.spectral_energy.stdev": 0.02875739522278309, "lowlevel.spectral_energyband_high.mean": 0.0010765611659735441, "lowlevel.spectral_energyband_high.stdev": 0.001390351913869381, "lowlevel.spectral_energyband_low.mean": 0.02736428752541542, "lowlevel.spectral_energyband_low.stdev": 0.025708435103297234, "lowlevel.spectral_energyband_middle_high.mean": 0.004786606412380934, "lowlevel.spectral_energyband_middle_high.stdev": 0.003610939485952258, "lowlevel.spectral_energyband_middle_low.mean": 0.012777546420693398, "lowlevel.spectral_energyband_middle_low.stdev": 0.012460862286388874, "lowlevel.spectral_entropy.mean": 7.601794719696045, "lowlevel.spectral_entropy.stdev": 0.33814918994903564, "lowlevel.spectral_flux.mean": 0.09497011452913284, "lowlevel.spectral_flux.stdev": 0.05196267366409302, "lowlevel.spectral_kurtosis.mean": 3.621403932571411, "lowlevel.spectral_kurtosis.stdev": 2.2371959686279297, "lowlevel.spectral_rms.mean": 0.006199371535331011, "lowlevel.spectral_rms.stdev": 0.001967021496966481, "lowlevel.spectral_rolloff.mean": 1040.8050537109375, "lowlevel.spectral_rolloff.stdev": 1077.8302001953125, "lowlevel.spectral_skewness.mean": 1.2099416255950928, "lowlevel.spectral_skewness.stdev": 0.3808721899986267, "lowlevel.spectral_spread.mean": 4459899.0, "lowlevel.spectral_spread.stdev": 1390910.375, "lowlevel.spectral_strongpeak.mean": 0.6695252060890198, "lowlevel.spectral_strongpeak.stdev": 0.514965295791626, "lowlevel.zerocrossingrate.mean": 0.05216451734304428, "lowlevel.zerocrossingrate.stdev": 0.025662226602435112, "metadata.audio_properties.analysis.equal_loudness": 0.0, "metadata.audio_properties.analysis.length": 28.88532829284668, "metadata.audio_properties.analysis.sample_rate": 44100.0, "metadata.audio_properties.analysis.start_time": 0.0, "metadata.audio_properties.bit_rate": 123977.0, "metadata.audio_properties.length": 28.885334014892578, "metadata.audio_properties.lossless": 0.0, "metadata.audio_properties.number_channels": 1.0, "metadata.audio_properties.replay_gain": -9.845083236694336, "metadata.audio_properties.sample_rate": 48000.0, "rhythm.beats_count": 65.0, "rhythm.beats_loudness.mean": 0.0631285011768341, "rhythm.beats_loudness.stdev": 0.021146384999155998, "rhythm.bpm": 136.63809204101562, "rhythm.bpm_histogram_first_peak_bpm": 136.0, "rhythm.bpm_histogram_first_peak_weight": 0.33898305892944336, "rhythm.bpm_histogram_second_peak_bpm": 144.0, "rhythm.bpm_histogram_second_peak_spread": 0.0, "rhythm.bpm_histogram_second_peak_weight": 0.046875, "rhythm.danceability": 1.4450007677078247, "rhythm.onset_rate": 3.3913280963897705, "tonal.chords_changes_rate": 0.08346709609031677, "tonal.chords_number_rate": 0.01123595517128706, "tonal.chords_strength.mean": 0.6294625401496887, "tonal.chords_strength.stdev": 0.06696802377700806, "tonal.hpcp_crest.mean": 12.049656867980957, "tonal.hpcp_crest.stdev": 4.995103359222412, "tonal.hpcp_entropy.mean": 2.1618130207061768, "tonal.hpcp_entropy.stdev": 0.7251005172729492, "tonal.key_edma.strength": 0.7370278835296631, "tonal.key_krumhansl.strength": 0.7333634495735168, "tonal.key_temperley.strength": 0.7222772836685181, "tonal.tuning_diatonic_strength": 0.6528103351593018, "tonal.tuning_equal_tempered_deviation": 0.15568064153194427, "tonal.tuning_frequency": 445.6270751953125, "tonal.tuning_nontempered_energy_ratio": 0.85676509141922, "lowlevel.barkbands.mean": [8.177864947356284e-05, 0.006674193777143955, 0.0180511511862278, 0.004836303647607565, 0.003606331767514348, 0.000498868350405246, 0.00139336078427732, 0.0013607850996777415, 0.0009321141988039017, 0.0008029071614146233, 0.0003045208577532321, 0.0004443628713488579, 0.0005766121321357787, 0.0002966031606774777, 0.00020688152289949358, 0.0003011881490238011, 0.0005613142857328057, 0.0004979367949999869, 0.0005860798992216587, 0.0004347202193457633, 0.0002283506910316646, 0.0001956151390913874, 0.00018939039728138596, 0.00012988010712433606, 7.789927622070536e-05, 7.140172965591773e-05, 1.8377701053395867e-05], "lowlevel.barkbands.stdev": [0.0001536398340249434, 0.007814404554665089, 0.018704073503613472, 0.005938244517892599, 0.007804203312844038, 0.0007225010194815695, 0.002181953750550747, 0.0024190163239836693, 0.0016883182106539607, 0.0019657311495393515, 0.0007526157423853874, 0.0008891185862012208, 0.0012101179454475641, 0.0005267787491902709, 0.00034023786429315805, 0.0004104585968889296, 0.0008451112080365419, 0.0005956637323834002, 0.0006431990186683834, 0.0004914778983220458, 0.00034280517138540745, 0.00029180129058659077, 0.0003683398535940796, 0.0002325149835087359, 0.0001213334035128355, 0.00010610314348014072, 3.2788058888399974e-05], "lowlevel.erbbands.mean": [0.0567556768655777, 2.2533745765686035, 18.58759880065918, 18.22567367553711, 15.426053047180176, 11.470356941223145, 4.372686386108398, 4.199944972991943, 12.146712303161621, 31.431175231933594, 28.139482498168945, 18.022417068481445, 26.395906448364258, 19.01742172241211, 12.35507869720459, 17.2283935546875, 25.410850524902344, 18.139019012451172, 13.137582778930664, 12.007111549377441, 20.58796501159668, 34.154518127441406, 26.106590270996094, 32.84790802001953, 26.406404495239258, 19.16796112060547, 10.871546745300293, 8.279858589172363, 7.447542667388916, 6.7094645500183105, 4.797145366668701, 3.388929843902588, 1.7803610563278198, 1.0142515897750854, 0.43382346630096436, 0.24896936118602753, 0.13035821914672852, 0.054421842098236084, 0.0016211213078349829, 8.270017860922962e-05], "lowlevel.erbbands.stdev": [0.08571786433458328, 2.5023741722106934, 19.942115783691406, 16.7310733795166, 24.09796905517578, 25.36176300048828, 5.892347812652588, 5.864029884338379, 18.63152313232422, 52.27680969238281, 48.499603271484375, 30.821861267089844, 50.16618728637695, 40.1158447265625, 21.695621490478516, 33.5734977722168, 51.81144714355469, 30.92135238647461, 21.62725830078125, 13.568894386291504, 28.90302085876465, 51.248138427734375, 32.6552734375, 36.480533599853516, 28.494110107421875, 19.450040817260742, 13.152503967285156, 13.6049222946167, 11.21550178527832, 11.070335388183594, 9.697453498840332, 7.139164924621582, 2.7820565700531006, 1.64872407913208, 0.685851514339447, 0.4111068844795227, 0.19815769791603088, 0.08843746781349182, 0.002735268557444215, 6.735346687491983e-05], "lowlevel.gfcc.mean": [22.083337783813477, 86.3243408203125, -106.59877014160156, 50.50999450683594, -44.23137283325195, 7.457065105438232, -25.493755340576172, 12.134729385375977, -22.42107391357422, -5.264709949493408, -21.25090980529785, -10.407169342041016, -27.08220672607422], "lowlevel.melbands.mean": [0.0011178466957062483, 0.007145766168832779, 0.003186210058629513, 0.0010136228520423174, 0.0001891308493213728, 0.000103316931927111, 0.00020260995370335877, 0.00034762616269290447, 0.0002108117623720318, 0.00011464092676760629, 0.0001382398622808978, 8.57760533108376e-05, 4.071804869454354e-05, 4.644781074603088e-05, 4.506496406975202e-05, 6.272949394769967e-05, 2.941947604995221e-05, 2.263647002109792e-05, 1.5335073840105906e-05, 1.735427213134244e-05, 2.47774241870502e-05, 3.7523117498494685e-05, 2.5893717975122854e-05, 2.1848520191269927e-05, 2.779424721666146e-05, 1.9618899386841804e-05, 1.9200786482542753e-05, 1.0928769370366354e-05, 7.303013262571767e-06, 5.298080395732541e-06, 4.5326046347327065e-06, 4.4094531403970905e-06, 3.4217794109281385e-06, 3.941759132430889e-06, 2.8429819849407068e-06, 2.3222389700094936e-06, 1.95938628166914e-06, 1.3301752233019215e-06, 1.010530013445532e-06, 7.94116033375758e-07], "lowlevel.melbands.stdev": [0.001388128031976521, 0.007326141931116581, 0.002727137180045247, 0.0020474952179938555, 0.00028225791174918413, 0.00014024943811818957, 0.0002993214293383062, 0.0005458848900161684, 0.00037254454218782485, 0.0002070019399980083, 0.00027163795311935246, 0.00019346880435477942, 8.721732592675835e-05, 0.00010220978583674878, 0.00010490338172530755, 0.00014288476086221635, 5.616760245175101e-05, 3.9478723920183256e-05, 2.3499153030570596e-05, 1.978012005565688e-05, 3.884899342665449e-05, 6.0723239585058764e-05, 3.7671736208721995e-05, 2.3896151105873287e-05, 3.356206798343919e-05, 2.2171794626046903e-05, 2.781261173367966e-05, 1.0714986274251714e-05, 8.725236511963885e-06, 8.8702154243947e-06, 7.889154403528664e-06, 6.9145271481829695e-06, 5.078963113192003e-06, 7.0188179961405694e-06, 5.785067060060101e-06, 5.194067398406332e-06, 4.172507487965049e-06, 2.1727967123297276e-06, 1.6980595773929963e-06, 1.3496714927896392e-06], "lowlevel.melbands128.mean": [4.60648734588176e-05, 0.0001465326640754938, 0.0008548967307433486, 0.004227520432323217, 0.009606266394257545, 0.008052156306803226, 0.0036642258055508137, 0.00231714965775609, 0.0013478297041729093, 0.0012530371313914657, 0.0005251976544968784, 0.00020056741777807474, 0.00011498090316308662, 0.00014449215086642653, 7.522098894696683e-05, 6.750374450348318e-05, 0.00019676507508847862, 0.00016575799963902682, 0.0002669185632839799, 0.0004393688286654651, 0.0003227923880331218, 0.00031359971035271883, 0.00017131534696090966, 0.000162473923410289, 7.883820944698527e-05, 0.0001159075036412105, 0.00014554979861713946, 0.00010191123146796599, 0.00019888502720277756, 9.31037066038698e-05, 4.614983481587842e-05, 6.253264291444793e-05, 3.443053356022574e-05, 2.8330066925263964e-05, 5.1463881391100585e-05, 5.2931187383364886e-05, 3.425284739932977e-05, 5.806310582556762e-05, 2.8901349651277997e-05, 6.628692790400237e-05, 8.129556226776913e-05, 4.437134703039192e-05, 2.1221860151854344e-05, 2.5517188987578265e-05, 3.187226320733316e-05, 2.0190422219457105e-05, 1.552902722323779e-05, 1.4047227523406036e-05, 1.7015494449879043e-05, 1.4219092008715961e-05, 1.6536161638214253e-05, 2.0154122466919944e-05, 2.5879384338622913e-05, 2.3682165192440152e-05, 3.0032446375116706e-05, 4.8262299969792366e-05, 3.587254832382314e-05, 2.06565218832111e-05, 2.909755494329147e-05, 2.183837932534516e-05, 1.7215648767887615e-05, 2.4055989342741668e-05, 3.120085966656916e-05, 2.8677650334429927e-05, 2.294570549565833e-05, 2.042268170043826e-05, 1.558399344503414e-05, 1.9035116565646604e-05, 2.3522743504145183e-05, 1.5000428902567364e-05, 1.0287008990417235e-05, 8.664341294206679e-06, 8.793634151516017e-06, 7.583488240925362e-06, 4.754111614602152e-06, 5.6087615121214185e-06, 5.400773716246476e-06, 4.5933570618217345e-06, 4.673647254094249e-06, 3.880036274495069e-06, 4.901044121652376e-06, 4.624159373634029e-06, 3.5035341170441825e-06, 3.1884715099295136e-06, 3.20266917697154e-06, 4.2539668356766924e-06, 4.10191523769754e-06, 3.6704007015941897e-06, 2.5520589588268194e-06, 2.5357494450872764e-06, 2.329214339624741e-06, 2.2379576876119245e-06, 2.327040647287504e-06, 2.012390496020089e-06, 1.6767387478466844e-06, 1.7101407365771593e-06, 1.2176756172266323e-06, 8.276072094304254e-07, 1.097304902941687e-06, 1.0833122132680728e-06, 8.380101235161419e-07, 8.486862839163223e-07, 5.917582939218846e-07, 4.166608960076701e-07, 4.2125552113247977e-07, 4.3892325152228295e-07, 6.299775350271375e-07, 4.464295670913998e-07, 3.487423612114071e-07, 4.6424813149315014e-07, 3.759360254207422e-07, 3.603224740800215e-07, 3.98352369757049e-07, 4.782749556397903e-07, 4.1505506942485226e-07, 6.293124101830472e-07, 5.803293561257306e-07, 2.523012199162622e-07, 7.37626359992305e-09, 6.7376061327339976e-12, 5.269474526864437e-12, 5.119964348321293e-12, 4.979662081988634e-12, 4.867172637146311e-12, 4.74046626605662e-12, 4.586920253346616e-12, 4.496159954764378e-12, 4.461672784700221e-12], "lowlevel.melbands128.stdev": [0.00011383276432752609, 0.00040454993722960353, 0.0015973793342709541, 0.004876549821346998, 0.01111740991473198, 0.008122769184410572, 0.003772963536903262, 0.0030259438790380955, 0.0025448896922171116, 0.0032246659975498915, 0.0012365293223410845, 0.00036335873301140964, 0.0001770705566741526, 0.0002462300762999803, 0.0001387020165566355, 0.00013217146624810994, 0.0003560538752935827, 0.0003552803536877036, 0.0005666924989782274, 0.0009326213039457798, 0.0006562499911524355, 0.0007751299417577684, 0.0004077113699167967, 0.00046911643585190177, 0.00019541177607607096, 0.0003116476582363248, 0.0003798525722231716, 0.00026737136067822576, 0.0006039576255716383, 0.00030615832656621933, 0.00014074421778786927, 0.00020757075981236994, 9.527700603939593e-05, 7.158950029406697e-05, 0.00014884599659126252, 0.00016799640434328467, 9.185204544337466e-05, 0.0002010829048231244, 8.740896009840071e-05, 0.00020593890803866088, 0.00023676671844441444, 0.00011163574527017772, 6.0057445807615295e-05, 7.735859981039539e-05, 6.702166137984022e-05, 4.672920113080181e-05, 5.84346053074114e-05, 2.443006815155968e-05, 3.324002318549901e-05, 1.9099850760539994e-05, 2.6033563699456863e-05, 3.097211447311565e-05, 5.645873170578852e-05, 4.39982904936187e-05, 6.57268610666506e-05, 9.332384070148692e-05, 6.987109372857958e-05, 3.189689596183598e-05, 6.293511250987649e-05, 4.163806443102658e-05, 2.2845022613182664e-05, 3.7142966903047636e-05, 5.17246917297598e-05, 4.498712223721668e-05, 3.8007852708688006e-05, 2.9829754566890188e-05, 2.100711026287172e-05, 3.228757486795075e-05, 4.417746458784677e-05, 2.1297610146575607e-05, 1.2283370779186953e-05, 1.116417843149975e-05, 1.1148108569614124e-05, 1.1494016689539421e-05, 7.098654350556899e-06, 1.0452130482008215e-05, 1.0163122169615235e-05, 9.43695158639457e-06, 8.42187728267163e-06, 8.440660167252645e-06, 8.285326657642145e-06, 7.814313903509174e-06, 5.9849248827958945e-06, 4.956260909239063e-06, 5.358145699574379e-06, 8.03684724814957e-06, 8.027913281694055e-06, 7.617097253387328e-06, 5.883072844881099e-06, 5.681030870618997e-06, 5.726759354729438e-06, 5.330170552042546e-06, 5.5000209613353945e-06, 4.633391654351726e-06, 3.868062776746228e-06, 3.127492163912393e-06, 2.198150014010025e-06, 1.4596050732507138e-06, 2.094659748763661e-06, 1.9601566236815415e-06, 1.499322934250813e-06, 1.5857675634833868e-06, 1.1370846095815068e-06, 8.032893674680963e-07, 7.949624887260143e-07, 8.09091375231219e-07, 1.1291999726381619e-06, 8.576378149882657e-07, 7.989453933987534e-07, 8.697619477970875e-07, 6.853433092146588e-07, 6.337986064863799e-07, 6.831347718616598e-07, 8.126210673253809e-07, 7.046560313028749e-07, 1.081162849914108e-06, 1.0256901532557094e-06, 5.486807594934362e-07, 4.999123603965927e-08, 1.1415137064763048e-11, 7.233478573065444e-12, 7.004354127954082e-12, 6.82256941914039e-12, 6.67751574520703e-12, 6.563577806262266e-12, 6.473441574450511e-12, 6.408850013184253e-12, 6.369559393815116e-12], "lowlevel.mfcc.mean": [-622.9053344726562, 113.31391906738281, 2.0754129886627197, 45.44087219238281, 7.828080177307129, 6.226702690124512, 6.742560863494873, 13.043732643127441, 0.655571699142456, 8.167228698730469, 3.314967393875122, 2.026313304901123, -3.424121856689453], "lowlevel.spectral_contrast_coeffs.mean": [-0.638970136642456, -0.7492458820343018, -0.7743294835090637, -0.7978712320327759, -0.7792240977287292, -0.7234229445457458], "lowlevel.spectral_contrast_coeffs.stdev": [0.05870542302727699, 0.07296174764633179, 0.06750486046075821, 0.04686519503593445, 0.044123683124780655, 0.04184747114777565], "lowlevel.spectral_contrast_valleys.mean": [-6.513047695159912, -6.778345584869385, -7.429646015167236, -7.49160099029541, -7.058342933654785, -10.384514808654785], "lowlevel.spectral_contrast_valleys.stdev": [0.5990169644355774, 0.5736848711967468, 0.6066449284553528, 0.5129715204238892, 0.5550068616867065, 1.0641648769378662], "rhythm.beats_loudness_band_ratio.mean": [0.6558054089546204, 0.11030155420303345, 0.10903234034776688, 0.04553856700658798, 0.051589082926511765, 0.06290043890476227], "rhythm.beats_loudness_band_ratio.stdev": [0.17530523240566254, 0.11699934303760529, 0.09166650474071503, 0.0416320376098156, 0.035604823380708694, 0.03220796585083008], "tonal.hpcp.mean": [0.03343129903078079, 0.02364386059343815, 0.03290258347988129, 0.05889362469315529, 0.12164264917373657, 0.2722967267036438, 0.2974071502685547, 0.13959908485412598, 0.04404646158218384, 0.023382512852549553, 0.03268228843808174, 0.05881476402282715, 0.052829962223768234, 0.030449755489826202, 0.023157451301813126, 0.02190348692238331, 0.03391389176249504, 0.055084701627492905, 0.05835571512579918, 0.13396501541137695, 0.3066892921924591, 0.28549379110336304, 0.1212112307548523, 0.05601140111684799, 0.03896717727184296, 0.032857924699783325, 0.03554260730743408, 0.03765014186501503, 0.03911944478750229, 0.03886706009507179, 0.040248751640319824, 0.07939761877059937, 0.26165300607681274, 0.4005347490310669, 0.2674289047718048, 0.09238412976264954], "tonal.hpcp.stdev": [0.13451318442821503, 0.11163335293531418, 0.13235406577587128, 0.18170924484729767, 0.2259415239095688, 0.35168296098709106, 0.37151482701301575, 0.25568336248397827, 0.13788163661956787, 0.08535812795162201, 0.08787068724632263, 0.14776942133903503, 0.132917121052742, 0.09253497421741486, 0.06884961575269699, 0.06521676480770111, 0.08282718062400818, 0.09554439783096313, 0.0977247804403305, 0.19071336090564728, 0.3704129457473755, 0.3432598114013672, 0.21152904629707336, 0.1336820423603058, 0.10889945179224014, 0.09196382761001587, 0.08640869706869125, 0.10142606496810913, 0.1145489513874054, 0.11827025562524796, 0.10514861345291138, 0.1730291247367859, 0.3180710971355438, 0.42611050605773926, 0.3398851454257965, 0.20870618522167206], "rhythm.beats_position": [0.4760090708732605, 0.952018141746521, 1.4164172410964966, 1.8692063093185425, 2.321995496749878, 2.774784564971924, 3.2275736331939697, 3.668752670288086, 4.109931945800781, 4.539501190185547, 4.9690704345703125, 5.41024923324585, 5.839818477630615, 6.29260778427124, 6.733786582946777, 7.174965858459473, 7.616145133972168, 8.057324409484863, 8.498503684997559, 8.939682006835938, 9.380861282348633, 9.822040557861328, 10.263219833374023, 10.704399108886719, 11.145578384399414, 11.586756706237793, 12.027935981750488, 12.469115257263184, 12.88707447052002, 13.328253746032715, 13.76943302154541, 14.210612297058105, 14.640181541442871, 15.06974983215332, 15.499319076538086, 15.928888320922852, 16.370067596435547, 16.811246871948242, 17.252426147460938, 17.693605422973633, 18.1231746673584, 18.552743911743164, 18.99392318725586, 19.435102462768555, 19.86467170715332, 20.294239044189453, 20.73541831970215, 21.176597595214844, 21.59455680847168, 22.035736083984375, 22.47691535949707, 22.918094635009766, 23.34766387939453, 23.777233123779297, 24.206802368164062, 24.647981643676758, 25.077550888061523, 25.51873016357422, 25.959909439086914, 26.40108871459961, 26.819047927856445, 27.26022720336914, 27.701404571533203, 28.1425838470459, 28.583763122558594], "rhythm.bpm_histogram": [0.0, 0.0, 0.0, 0.0, 0.0, 0.0, 0.0, 0.0, 0.0, 0.0, 0.0, 0.0, 0.0, 0.0, 0.0, 0.0, 0.0, 0.0, 0.0, 0.0, 0.0, 0.0, 0.0, 0.0, 0.0, 0.0, 0.0, 0.0, 0.0, 0.0, 0.0, 0.0, 0.0, 0.0, 0.0, 0.0, 0.0, 0.0, 0.0, 0.0, 0.0, 0.0, 0.0, 0.0, 0.0, 0.0, 0.0, 0.0, 0.0, 0.0, 0.0, 0.0, 0.0, 0.0, 0.0, 0.0, 0.0, 0.0, 0.0, 0.0, 0.0, 0.0, 0.0, 0.0, 0.0, 0.0, 0.0, 0.0, 0.0, 0.0, 0.0, 0.0, 0.0, 0.0, 0.0, 0.0, 0.0, 0.0, 0.0, 0.0, 0.0, 0.0, 0.0, 0.0, 0.0, 0.0, 0.0, 0.0, 0.0, 0.0, 0.0, 0.0, 0.0, 0.0, 0.0, 0.0, 0.0, 0.0, 0.0, 0.0, 0.0, 0.0, 0.0, 0.0, 0.0, 0.0, 0.0, 0.0, 0.0, 0.0, 0.0, 0.0, 0.0, 0.0, 0.0, 0.0, 0.0, 0.0, 0.0, 0.0, 0.0, 0.0, 0.0, 0.0, 0.0, 0.0, 0.015625, 0.0, 0.0, 0.015625, 0.0, 0.0, 0.0, 0.078125, 0.0, 0.0, 0.609375, 0.0, 0.0, 0.0, 0.234375, 0.0, 0.0, 0.0, 0.046875, 0.0, 0.0, 0.0, 0.0, 0.0, 0.0, 0.0, 0.0, 0.0, 0.0, 0.0, 0.0, 0.0, 0.0, 0.0, 0.0, 0.0, 0.0, 0.0, 0.0, 0.0, 0.0, 0.0, 0.0, 0.0, 0.0, 0.0, 0.0, 0.0, 0.0, 0.0, 0.0, 0.0, 0.0, 0.0, 0.0, 0.0, 0.0, 0.0, 0.0, 0.0, 0.0, 0.0, 0.0, 0.0, 0.0, 0.0, 0.0, 0.0, 0.0, 0.0, 0.0, 0.0, 0.0, 0.0, 0.0, 0.0, 0.0, 0.0, 0.0, 0.0, 0.0, 0.0, 0.0, 0.0, 0.0, 0.0, 0.0, 0.0, 0.0, 0.0, 0.0, 0.0, 0.0, 0.0, 0.0, 0.0, 0.0, 0.0, 0.0, 0.0, 0.0, 0.0, 0.0, 0.0, 0.0, 0.0, 0.0, 0.0, 0.0, 0.0, 0.0, 0.0, 0.0, 0.0, 0.0, 0.0, 0.0, 0.0, 0.0, 0.0, 0.0, 0.0, 0.0, 0.0], "tonal.chords_histogram": [22.95345115661621, 0.0, 0.0, 0.0, 0.0, 3.0497591495513916, 0.0, 12.199036598205566, 5.617977619171143, 27.28731918334961, 0.0, 0.0, 0.0, 0.0, 0.0, 0.0, 0.0, 0.0, 0.0, 0.0, 0.0, 0.0, 2.086677312850952, 26.80577850341797], "tonal.thpcp": [1.0, 0.6676796674728394, 0.23065197467803955, 0.08346666395664215, 0.05903073400259018, 0.08214663714170456, 0.14703749120235443, 0.30370062589645386, 0.6798329949378967, 0.7425252199172974, 0.3485317826271057, 0.1099691390991211, 0.05837823823094368, 0.08159663528203964, 0.14684060215950012, 0.13189856708049774, 0.07602275907993317, 0.05781633406877518, 0.05468561127781868, 0.08467153459787369, 0.13752789795398712, 0.14569450914859772, 0.3344654142856598, 0.765699565410614, 0.7127816081047058, 0.3026235103607178, 0.13984155654907227, 0.09728787839412689, 0.0820351392030716, 0.08873789012432098, 0.09399969130754471, 0.09766804426908493, 0.09703792631626129, 0.10048753768205643, 0.19822904467582703, 0.6532592177391052], "lowlevel.gfcc.cov": [[3023.54931640625, -1345.0787353515625, 761.0336303710938, -186.7302703857422, -127.08551025390625, 290.54681396484375, -101.48758697509766, 191.67047119140625, -144.7593994140625, 211.8064727783203, -260.52655029296875, 269.8343505859375, -144.632568359375], [-1345.0787353515625, 1445.76123046875, -712.5284423828125, 77.4291763305664, 148.5548858642578, -212.08360290527344, 191.7812957763672, -116.9070053100586, 154.53958129882812, -157.44207763671875, 242.04908752441406, -256.0364074707031, 145.04595947265625], [761.0336303710938, -712.5284423828125, 857.1900024414062, -90.07792663574219, -40.27396011352539, 114.81049346923828, -175.0525360107422, 70.86935424804688, -68.9498291015625, 151.97544860839844, -184.49900817871094, 182.35015869140625, -90.98358154296875], [-186.7302703857422, 77.4291763305664, -90.07792663574219, 361.9389343261719, 68.89102172851562, -78.30516815185547, -16.834129333496094, -3.3231868743896484, 88.85778045654297, -29.569128036499023, 46.715206146240234, -44.049278259277344, 59.12339782714844], [-127.08551025390625, 148.5548858642578, -40.27396011352539, 68.89102172851562, 227.33392333984375, -23.93273162841797, 41.2725944519043, 40.14553451538086, 52.32555389404297, 3.6324079036712646, 12.964719772338867, -21.6014404296875, 18.809894561767578], [290.54681396484375, -212.08360290527344, 114.81049346923828, -78.30516815185547, -23.93273162841797, 245.67843627929688, 90.98722076416016, -18.12498664855957, -64.55303192138672, 7.4267168045043945, -21.540918350219727, 22.900087356567383, -24.66571807861328], [-101.48758697509766, 191.7812957763672, -175.0525360107422, -16.834129333496094, 41.2725944519043, 90.98722076416016, 213.64244079589844, 8.210029602050781, 10.374316215515137, -51.89972686767578, 52.548118591308594, -53.235931396484375, 11.781270980834961], [191.67047119140625, -116.9070053100586, 70.86935424804688, -3.3231868743896484, 40.14553451538086, -18.12498664855957, 8.210029602050781, 137.95254516601562, 41.99800109863281, 30.329782485961914, -23.93994140625, 19.73252296447754, -13.667988777160645], [-144.7593994140625, 154.53958129882812, -68.9498291015625, 88.85778045654297, 52.32555389404297, -64.55303192138672, 10.374316215515137, 41.99800109863281, 128.81166076660156, 15.736547470092773, 34.15709686279297, -46.483028411865234, 10.949989318847656], [211.8064727783203, -157.44207763671875, 151.97544860839844, -29.569128036499023, 3.6324079036712646, 7.4267168045043945, -51.89972686767578, 30.329782485961914, 15.736547470092773, 108.18331909179688, -8.357540130615234, 37.1650390625, -48.21758270263672], [-260.52655029296875, 242.04908752441406, -184.49900817871094, 46.715206146240234, 12.964719772338867, -21.540918350219727, 52.548118591308594, -23.93994140625, 34.15709686279297, -8.357540130615234, 126.4856185913086, -34.89030456542969, 13.962664604187012], [269.8343505859375, -256.0364074707031, 182.35015869140625, -44.049278259277344, -21.6014404296875, 22.900087356567383, -53.235931396484375, 19.73252296447754, -46.483028411865234, 37.1650390625, -34.89030456542969, 119.64802551269531, -6.7935309410095215], [-144.632568359375, 145.04595947265625, -90.98358154296875, 59.12339782714844, 18.809894561767578, -24.66571807861328, 11.781270980834961, -13.667988777160645, 10.949989318847656, -48.21758270263672, 13.962664604187012, -6.7935309410095215, 93.3879623413086]], "lowlevel.gfcc.icov": [[0.0006582154892385006, 0.00026348038227297366, 9.409483027411625e-05, -8.832480671117082e-05, 0.000216078115045093, -0.0003952367987949401, -0.0001904478413052857, -0.0005489952163770795, 0.00020331631822045892, -0.0008130597416311502, 0.0006775241927243769, -0.00044831898412667215, -2.4019884222070687e-05], [0.00026348038227297366, 0.004050355404615402, -0.0006372263305820525, 0.002539285458624363, -0.0016783607425168157, 0.003231809241697192, -0.001978483982384205, 0.0028520082123577595, -0.0019355694530531764, 0.0013737002154812217, -0.004536949563771486, 0.004962476901710033, -0.004277013707906008], [9.409483027411625e-05, -0.0006372263305820525, 0.003642273833975196, -0.000964030681643635, 0.0002923038846347481, -0.0023312484845519066, 0.001711946097202599, -0.0009785032598301768, 2.80585081782192e-05, -0.0027465231250971556, 0.004300781991332769, -0.0038326771464198828, 0.001917283982038498], [-8.832480671117082e-05, 0.002539285458624363, -0.000964030681643635, 0.005805132910609245, -0.0019792423117905855, 0.002313358709216118, -8.937439997680485e-05, 0.002504171570762992, -0.003784691449254751, 0.0028054940048605204, -0.004676142707467079, 0.004030095878988504, -0.004423070233315229], [0.000216078115045093, -0.0016783607425168157, 0.0002923038846347481, -0.0019792423117905855, 0.006301240995526314, -0.0010239683324471116, -0.000907515874132514, -0.00246753660030663, 0.0002303773508174345, -0.0023934917990118265, 0.00299594784155488, -0.002162788063287735, 0.0008248729282058775], [-0.0003952367987949401, 0.003231809241697192, -0.0023312484845519066, 0.002313358709216118, -0.0010239683324471116, 0.011140897870063782, -0.007174408063292503, 0.004641642794013023, 0.0010336646810173988, 6.885431503178552e-05, -0.003878214629366994, 0.004971655085682869, -0.0037783533334732056], [-0.0001904478413052857, -0.001978483982384205, 0.001711946097202599, -8.937439997680485e-05, -0.000907515874132514, -0.007174408063292503, 0.012134302407503128, -0.00430879695340991, -0.0003611258289311081, 0.004138344898819923, -0.0012193217407912016, -0.0007419515168294311, 0.0029362172354012728], [-0.0005489952163770795, 0.0028520082123577595, -0.0009785032598301768, 0.002504171570762992, -0.00246753660030663, 0.004641642794013023, -0.00430879695340991, 0.01375212799757719, -0.006223403848707676, 0.0005216218414716423, -0.0012149810791015625, 0.0011721522314473987, -0.0022733351215720177], [0.00020331631822045892, -0.0019355694530531764, 2.80585081782192e-05, -0.003784691449254751, 0.0002303773508174345, 0.0010336646810173988, -0.0003611258289311081, -0.006223403848707676, 0.017409155145287514, -0.006613094825297594, 0.0005728130345232785, 0.0036478047259151936, -0.00017013800970744342], [-0.0008130597416311502, 0.0013737002154812217, -0.0027465231250971556, 0.0028054940048605204, -0.0023934917990118265, 6.885431503178552e-05, 0.004138344898819923, 0.0005216218414716423, -0.006613094825297594, 0.02234693057835102, -0.008150508627295494, -0.00026045009144581854, 0.0057229273952543736], [0.0006775241927243769, -0.004536949563771486, 0.004300781991332769, -0.004676142707467079, 0.00299594784155488, -0.003878214629366994, -0.0012193217407912016, -0.0012149810791015625, 0.0005728130345232785, -0.008150508627295494, 0.021446593105793, -0.009254729375243187, 0.005439466796815395], [-0.00044831898412667215, 0.004962476901710033, -0.0038326771464198828, 0.004030095878988504, -0.002162788063287735, 0.004971655085682869, -0.0007419515168294311, 0.0011721522314473987, 0.0036478047259151936, -0.00026045009144581854, -0.009254729375243187, 0.023671790957450867, -0.010129839181900024], [-2.4019884222070687e-05, -0.004277013707906008, 0.001917283982038498, -0.004423070233315229, 0.0008248729282058775, -0.0037783533334732056, 0.0029362172354012728, -0.0022733351215720177, -0.00017013800970744342, 0.0057229273952543736, 0.005439466796815395, -0.010129839181900024, 0.021539220586419106]], "lowlevel.mfcc.cov": [[2545.873291015625, -844.7929077148438, 392.3635559082031, -243.14236450195312, -14.596320152282715, 40.97380065917969, 42.915740966796875, 54.5638427734375, 90.68634033203125, 26.956769943237305, 18.499919891357422, -39.21592712402344, 11.0376615524292], [-844.7929077148438, 988.0289306640625, -431.8477783203125, 83.42998504638672, -54.706050872802734, -45.04853820800781, 32.48798751831055, -17.355833053588867, -32.31375503540039, 40.455284118652344, 40.403255462646484, 11.644960403442383, -20.654199600219727], [392.3635559082031, -431.8477783203125, 617.9390869140625, -132.42730712890625, 46.4514274597168, 46.43927001953125, -54.73093795776367, -38.33686828613281, 35.32948303222656, -65.97612762451172, -21.564037322998047, 10.208672523498535, 30.722747802734375], [-243.14236450195312, 83.42998504638672, -132.42730712890625, 363.9532775878906, 114.49403381347656, -59.06962203979492, -81.17620849609375, -11.88583755493164, 16.836469650268555, 34.481754302978516, -1.7093878984451294, 31.454757690429688, 31.487546920776367], [-14.596320152282715, -54.706050872802734, 46.4514274597168, 114.49403381347656, 191.76815795898438, -18.601329803466797, -53.24414825439453, -22.294261932373047, 45.50849533081055, 4.324075698852539, 9.49489974975586, 10.447976112365723, 28.968549728393555], [40.97380065917969, -45.04853820800781, 46.43927001953125, -59.06962203979492, -18.601329803466797, 175.2034454345703, 78.61947631835938, 17.898096084594727, -14.503978729248047, 15.761051177978516, -5.94584846496582, -14.501075744628906, -38.87580108642578], [42.915740966796875, 32.48798751831055, -54.73093795776367, -81.17620849609375, -53.24414825439453, 78.61947631835938, 170.67079162597656, 70.80853271484375, -1.2278544902801514, 19.37576675415039, 12.467247009277344, -12.244264602661133, -24.633745193481445], [54.5638427734375, -17.355833053588867, -38.33686828613281, -11.88583755493164, -22.294261932373047, 17.898096084594727, 70.80853271484375, 99.2895736694336, 35.68024826049805, 17.610225677490234, -5.271950721740723, -4.685181140899658, -8.505590438842773], [90.68634033203125, -32.31375503540039, 35.32948303222656, 16.836469650268555, 45.50849533081055, -14.503978729248047, -1.2278544902801514, 35.68024826049805, 106.82139587402344, 26.692975997924805, 1.0136018991470337, -12.47639274597168, 1.41654634475708], [26.956769943237305, 40.455284118652344, -65.97612762451172, 34.481754302978516, 4.324075698852539, 15.761051177978516, 19.37576675415039, 17.610225677490234, 26.692975997924805, 116.81964874267578, 45.99150466918945, 3.365328550338745, -27.279428482055664], [18.499919891357422, 40.403255462646484, -21.564037322998047, -1.7093878984451294, 9.49489974975586, -5.94584846496582, 12.467247009277344, -5.271950721740723, 1.0136018991470337, 45.99150466918945, 89.20356750488281, 35.8765754699707, 3.028930425643921], [-39.21592712402344, 11.644960403442383, 10.208672523498535, 31.454757690429688, 10.447976112365723, -14.501075744628906, -12.244264602661133, -4.685181140899658, -12.47639274597168, 3.365328550338745, 35.8765754699707, 97.86184692382812, 46.00824737548828], [11.0376615524292, -20.654199600219727, 30.722747802734375, 31.487546920776367, 28.968549728393555, -38.87580108642578, -24.633745193481445, -8.505590438842773, 1.41654634475708, -27.279428482055664, 3.028930425643921, 46.00824737548828, 95.2657470703125]], "lowlevel.mfcc.icov": [[0.0006177054601721466, 0.0005215356941334903, -3.4988067909580423e-06, 0.00028058222960680723, 0.000148662700667046, 8.455707575194538e-05, -8.943813008954749e-05, 1.594174864294473e-05, -0.00035501003731042147, -0.00028362800367176533, -0.0003172457800246775, 0.0003007053164765239, -0.00029358637402765453], [0.0005215356941334903, 0.00200277310796082, 0.0011098290560767055, 0.00012450615759007633, 0.0005311091663315892, 0.00017927642329595983, -0.00048716296441853046, 0.0011915771756321192, -0.0008494521025568247, 7.50664621591568e-05, -0.000649607740342617, -7.118088979041204e-05, -4.404728679219261e-05], [-3.4988067909580423e-06, 0.0011098290560767055, 0.0031939593609422445, 0.0011449396843090653, -0.00032761090551503, -0.0012107123620808125, 0.0009949269006028771, 0.001333325868472457, -0.0017658044816926122, 0.0012666771654039621, -9.48343295021914e-05, -0.0008429852314293385, -0.0003864737518597394], [0.00028058222960680723, 0.00012450615759007633, 0.0011449396843090653, 0.004986430052667856, -0.002742626704275608, 0.00029522107797674835, 0.002005842747166753, -0.0010627751471474767, 0.0005593616515398026, -0.001992048230022192, 0.0017908393638208508, -0.0012972361873835325, -0.0006538325105793774], [0.000148662700667046, 0.0005311091663315892, -0.00032761090551503, -0.002742626704275608, 0.008688333444297314, -0.0010985486442223191, 0.00048297602916136384, 0.0024514435790479183, -0.004233615938574076, 0.0012289931764826179, -0.002263458212837577, 0.0010191481560468674, -0.0016417703591287136], [8.455707575194538e-05, 0.00017927642329595983, -0.0012107123620808125, 0.00029522107797674835, -0.0010985486442223191, 0.00913685467094183, -0.004913546610623598, 0.0011802902445197105, 0.0019285461166873574, -0.0020842310041189194, 0.0024700453504920006, -0.0010526765836402774, 0.003023728495463729], [-8.943813008954749e-05, -0.00048716296441853046, 0.0009949269006028771, 0.002005842747166753, 0.00048297602916136384, -0.004913546610623598, 0.013506226241588593, -0.008914943784475327, 0.0016637761145830154, 0.00046053071855567396, -0.0031504931394010782, 0.0016329222125932574, -0.0011158984852954745], [1.594174864294473e-05, 0.0011915771756321192, 0.001333325868472457, -0.0010627751471474767, 0.0024514435790479183, 0.0011802902445197105, -0.008914943784475327, 0.020413169637322426, -0.007956554181873798, -0.0005241278558969498, 0.003455505007877946, -0.0027001204434782267, 0.0005936833331361413], [-0.00035501003731042147, -0.0008494521025568247, -0.0017658044816926122, 0.0005593616515398026, -0.004233615938574076, 0.0019285461166873574, 0.0016637761145830154, -0.007956554181873798, 0.016023622825741768, -0.0042101116850972176, 0.0008142759907059371, 0.0027831580955535173, -0.0007780945161357522], [-0.00028362800367176533, 7.50664621591568e-05, 0.0012666771654039621, -0.001992048230022192, 0.0012289931764826179, -0.0020842310041189194, 0.00046053071855567396, -0.0005241278558969498, -0.0042101116850972176, 0.015119108371436596, -0.00798010267317295, 8.251345570897684e-05, 0.0037529494147747755], [-0.0003172457800246775, -0.000649607740342617, -9.48343295021914e-05, 0.0017908393638208508, -0.002263458212837577, 0.0024700453504920006, -0.0031504931394010782, 0.003455505007877946, 0.0008142759907059371, -0.00798010267317295, 0.019808674231171608, -0.007750730495899916, 0.0013408600352704525], [0.0003007053164765239, -7.118088979041204e-05, -0.0008429852314293385, -0.0012972361873835325, 0.0010191481560468674, -0.0010526765836402774, 0.0016329222125932574, -0.0027001204434782267, 0.0027831580955535173, 8.251345570897684e-05, -0.007750730495899916, 0.01773110218346119, -0.008242456242442131], [-0.00029358637402765453, -4.404728679219261e-05, -0.0003864737518597394, -0.0006538325105793774, -0.0016417703591287136, 0.003023728495463729, -0.0011158984852954745, 0.0005936833331361413, -0.0007780945161357522, 0.0037529494147747755, 0.0013408600352704525, -0.008242456242442131, 0.017384028062224388]], "metadata.audio_properties.analysis.downmix": "mix", "metadata.audio_properties.codec": "mp3", "metadata.audio_properties.md5_encoded": "d099e09c5eea9609316e0d4479c25073", "metadata.tags.file_name": "1182270644998647829.mp3", "metadata.version.essentia": "2.1-beta6-dev", "metadata.version.essentia_git_sha": "v2.1_beta5-1110-g77a6a954", "metadata.version.extractor": "music 2.0", "tonal.chords_key": "Eb", "tonal.chords_scale": "major", "tonal.key_edma.key": "E", "tonal.key_edma.scale": "major", "tonal.key_krumhansl.key": "E", "tonal.key_krumhansl.scale": "major", "tonal.ke