{"song_id": "1182275079640465438", "download": "https://cdn.discordapp.com/attachments/1128313332273782784/1182275079640465438/chirp.mp4?ex=65841a78&amp", "lyrics": "[Instrumental introduction]\n[verse 1]\n\u042f \u043d\u0430\u0432\u0441\u0435\u0433\u0434\u0430 \u0437\u0430\u043f\u043e\u043c\u043d\u044e \u043d\u043e\u0447\u044c,\n\u041a\u043e\u0433\u0434\u0430 \u0432\u0441\u0451 \u044d\u0442\u043e \u043d\u0430\u0447\u0430\u043b\u043e\u0441\u044c\n\u041f\u043e\u0434 \u0443\u0442\u0440\u043e \u044f \u0441 \u0443\u043c\u0430 \u0441\u043e\u0448\u043b\u0430\n\u0417\u0430\u0447\u0435\u043c \u0436\u0435 \u044f \u0442\u0435\u0431\u044f \u043d\u0430\u0448\u043b\u0430!?", "style": ["Rap"], "essentia_features": {"lowlevel.average_loudness": 0.954329788684845, "lowlevel.barkbands_crest.mean": 10.836738586425781, "lowlevel.barkbands_crest.stdev": 3.557974338531494, "lowlevel.barkbands_flatness_db.mean": 0.23558545112609863, "lowlevel.barkbands_flatness_db.stdev": 0.05506015941500664, "lowlevel.barkbands_kurtosis.mean": 5.744131088256836, "lowlevel.barkbands_kurtosis.stdev": 5.991007328033447, "lowlevel.barkbands_skewness.mean": 1.8774932622909546, "lowlevel.barkbands_skewness.stdev": 0.8652397394180298, "lowlevel.barkbands_spread.mean": 10.504189491271973, "lowlevel.barkbands_spread.stdev": 10.307170867919922, "lowlevel.dissonance.mean": 0.40883615612983704, "lowlevel.dissonance.stdev": 0.03375936299562454, "lowlevel.dynamic_complexity": 2.596313714981079, "lowlevel.erbbands_crest.mean": 11.21945858001709, "lowlevel.erbbands_crest.stdev": 4.13258695602417, "lowlevel.erbbands_flatness_db.mean": 0.26773542165756226, "lowlevel.erbbands_flatness_db.stdev": 0.0631861686706543, "lowlevel.erbbands_kurtosis.mean": 1.4347589015960693, "lowlevel.erbbands_kurtosis.stdev": 2.4745471477508545, "lowlevel.erbbands_skewness.mean": 0.9915921092033386, "lowlevel.erbbands_skewness.stdev": 0.606889545917511, "lowlevel.erbbands_spread.mean": 22.25174331665039, "lowlevel.erbbands_spread.stdev": 15.511435508728027, "lowlevel.hfc.mean": 16.071487426757812, "lowlevel.hfc.stdev": 12.65142822265625, "lowlevel.loudness_ebu128.integrated": -21.91693878173828, "lowlevel.loudness_ebu128.loudness_range": 2.770479202270508, "lowlevel.loudness_ebu128.momentary.mean": -22.43964385986328, "lowlevel.loudness_ebu128.momentary.stdev": 2.2731380462646484, "lowlevel.loudness_ebu128.short_term.mean": -22.093223571777344, "lowlevel.loudness_ebu128.short_term.stdev": 0.9810811877250671, "lowlevel.melbands_crest.mean": 13.664076805114746, "lowlevel.melbands_crest.stdev": 3.88053035736084, "lowlevel.melbands_flatness_db.mean": 0.28800150752067566, "lowlevel.melbands_flatness_db.stdev": 0.07297108322381973, "lowlevel.melbands_kurtosis.mean": 9.90515422821045, "lowlevel.melbands_kurtosis.stdev": 8.841553688049316, "lowlevel.melbands_skewness.mean": 2.2800142765045166, "lowlevel.melbands_skewness.stdev": 1.0485950708389282, "lowlevel.melbands_spread.mean": 11.40389347076416, "lowlevel.melbands_spread.stdev": 6.525026321411133, "lowlevel.pitch_salience.mean": 0.5608529448509216, "lowlevel.pitch_salience.stdev": 0.09446465969085693, "lowlevel.silence_rate_20dB.mean": 1.0, "lowlevel.silence_rate_20dB.stdev": 0.0, "lowlevel.silence_rate_30dB.mean": 1.0, "lowlevel.silence_rate_30dB.stdev": 0.0, "lowlevel.silence_rate_60dB.mean": 0.008498583920300007, "lowlevel.silence_rate_60dB.stdev": 0.0917942002415657, "lowlevel.spectral_centroid.mean": 742.685791015625, "lowlevel.spectral_centroid.stdev": 226.9513702392578, "lowlevel.spectral_complexity.mean": 12.762039184570312, "lowlevel.spectral_complexity.stdev": 3.561683416366577, "lowlevel.spectral_decrease.mean": -5.587187157374274e-09, "lowlevel.spectral_decrease.stdev": 4.0396193057290475e-09, "lowlevel.spectral_energy.mean": 0.022545045241713524, "lowlevel.spectral_energy.stdev": 0.016255531460046768, "lowlevel.spectral_energyband_high.mean": 0.00025677401572465897, "lowlevel.spectral_energyband_high.stdev": 0.0004846364026889205, "lowlevel.spectral_energyband_low.mean": 0.0002282441855641082, "lowlevel.spectral_energyband_low.stdev": 0.0003566937521100044, "lowlevel.spectral_energyband_middle_high.mean": 0.004447008483111858, "lowlevel.spectral_energyband_middle_high.stdev": 0.005239596124738455, "lowlevel.spectral_energyband_middle_low.mean": 0.017953982576727867, "lowlevel.spectral_energyband_middle_low.stdev": 0.0136771434918046, "lowlevel.spectral_entropy.mean": 6.747189044952393, "lowlevel.spectral_entropy.stdev": 0.503599226474762, "lowlevel.spectral_flux.mean": 0.046548087149858475, "lowlevel.spectral_flux.stdev": 0.034245144575834274, "lowlevel.spectral_kurtosis.mean": 15.226740837097168, "lowlevel.spectral_kurtosis.stdev": 15.886414527893066, "lowlevel.spectral_rms.mean": 0.0044045341201126575, "lowlevel.spectral_rms.stdev": 0.0016109799034893513, "lowlevel.spectral_rolloff.mean": 1224.4940185546875, "lowlevel.spectral_rolloff.stdev": 1562.183349609375, "lowlevel.spectral_skewness.mean": 2.729646921157837, "lowlevel.spectral_skewness.stdev": 0.9809764623641968, "lowlevel.spectral_spread.mean": 3949079.25, "lowlevel.spectral_spread.stdev": 2650196.75, "lowlevel.spectral_strongpeak.mean": 1.6214884519577026, "lowlevel.spectral_strongpeak.stdev": 1.191970944404602, "lowlevel.zerocrossingrate.mean": 0.047163404524326324, "lowlevel.zerocrossingrate.stdev": 0.03477779030799866, "metadata.audio_properties.analysis.equal_loudness": 0.0, "metadata.audio_properties.analysis.length": 16.362653732299805, "metadata.audio_properties.analysis.sample_rate": 44100.0, "metadata.audio_properties.analysis.start_time": 0.0, "metadata.audio_properties.bit_rate": 104668.0, "metadata.audio_properties.length": 16.362667083740234, "metadata.audio_properties.lossless": 0.0, "metadata.audio_properties.number_channels": 1.0, "metadata.audio_properties.replay_gain": -5.867685317993164, "metadata.audio_properties.sample_rate": 48000.0, "rhythm.beats_count": 26.0, "rhythm.beats_loudness.mean": 0.03258219733834267, "rhythm.beats_loudness.stdev": 0.02068382129073143, "rhythm.bpm": 99.02381896972656, "rhythm.bpm_histogram_first_peak_bpm": 99.0, "rhythm.bpm_histogram_first_peak_weight": 0.47826087474823, "rhythm.bpm_histogram_second_peak_bpm": 94.0, "rhythm.bpm_histogram_second_peak_spread": 0.0, "rhythm.bpm_histogram_second_peak_weight": 0.03999999910593033, "rhythm.danceability": 1.2907826900482178, "rhythm.onset_rate": 3.2353217601776123, "tonal.chords_changes_rate": 0.03672316297888756, "tonal.chords_number_rate": 0.016949152573943138, "tonal.chords_strength.mean": 0.5523642301559448, "tonal.chords_strength.stdev": 0.08031991124153137, "tonal.hpcp_crest.mean": 18.902198791503906, "tonal.hpcp_crest.stdev": 7.346780776977539, "tonal.hpcp_entropy.mean": 1.3017735481262207, "tonal.hpcp_entropy.stdev": 0.5257747173309326, "tonal.key_edma.strength": 0.7034132480621338, "tonal.key_krumhansl.strength": 0.7145805358886719, "tonal.key_temperley.strength": 0.7277754545211792, "tonal.tuning_diatonic_strength": 0.5459076166152954, "tonal.tuning_equal_tempered_deviation": 0.010972214862704277, "tonal.tuning_frequency": 441.2725830078125, "tonal.tuning_nontempered_energy_ratio": 0.5920448303222656, "lowlevel.barkbands.mean": [1.2707300811598543e-06, 1.3079154086881317e-05, 0.00016546802362427115, 8.364748646272346e-05, 0.0014334766892716289, 0.006639537401497364, 0.0031390851363539696, 0.0029569901525974274, 0.0028076376765966415, 0.0016232497291639447, 0.0010403015185147524, 0.0007011180859990418, 0.0003945165663026273, 0.0003720778622664511, 0.00044275555410422385, 0.00023410098219756037, 9.651461732573807e-05, 3.9108657801989466e-05, 7.81464041210711e-05, 6.465087062679231e-05, 3.6681136407423764e-05, 6.11006635153899e-06, 1.0117430065292865e-05, 6.908967043273151e-05, 7.330987136811018e-05, 2.3035474441712722e-05, 8.749210245184713e-10], "lowlevel.barkbands.stdev": [1.5953530692058848e-06, 4.850090044783428e-05, 0.0002755823661573231, 0.00014400445797946304, 0.0023788067046552896, 0.006874293088912964, 0.003794071264564991, 0.0034293117932975292, 0.005891904234886169, 0.005465057212859392, 0.0025799600407481194, 0.0012017942499369383, 0.0004926695837639272, 0.0005078172544017434, 0.0007070624269545078, 0.0004655367520172149, 0.00038669377681799233, 0.0001155305071733892, 0.00014487351290881634, 9.814838267629966e-05, 5.4173207900021225e-05, 2.2957281544222496e-05, 3.504672713461332e-05, 0.00017773552099242806, 0.00020322467025835067, 6.92224784870632e-05, 1.2606430344064279e-09], "lowlevel.erbbands.mean": [0.0001790439710021019, 0.006219466216862202, 0.12743201851844788, 0.3006508946418762, 0.4955984950065613, 4.277030944824219, 34.80719757080078, 54.17462921142578, 53.947818756103516, 56.190223693847656, 52.83557891845703, 76.63912963867188, 53.893733978271484, 38.49209213256836, 42.84925842285156, 36.53458786010742, 21.395490646362305, 17.73395538330078, 20.33173942565918, 23.946502685546875, 10.10806655883789, 4.413062572479248, 2.1173861026763916, 3.8691365718841553, 3.3269617557525635, 2.830641746520996, 2.8452553749084473, 0.5395399332046509, 0.20242838561534882, 0.2681713104248047, 0.2868061065673828, 0.50223708152771, 1.787291407585144, 1.0537121295928955, 0.38274914026260376, 0.18314477801322937, 0.025021426379680634, 0.0006484269979409873, 3.731547258212231e-05, 2.9112439733580686e-05], "lowlevel.erbbands.stdev": [0.0003329204046167433, 0.016833677887916565, 0.21053773164749146, 0.44667288661003113, 1.1497066020965576, 10.19781494140625, 36.01830291748047, 71.48949432373047, 65.55591583251953, 43.858497619628906, 77.86815643310547, 158.7976837158203, 219.2480010986328, 87.40737915039062, 78.25900268554688, 54.91136169433594, 24.473154067993164, 21.387338638305664, 29.276206970214844, 41.85206985473633, 21.76944351196289, 18.227745056152344, 5.06866979598999, 9.551507949829102, 5.079029083251953, 4.302218914031982, 4.12180757522583, 0.8837946653366089, 0.6885767579078674, 1.0328543186187744, 0.9699141383171082, 1.3321937322616577, 4.67549991607666, 3.1654131412506104, 1.0372086763381958, 0.5230340957641602, 0.08602508157491684, 0.0024753001052886248, 8.014924242161214e-05, 2.0027049686177634e-05], "lowlevel.gfcc.mean": [-71.42398834228516, 118.67781829833984, -151.48529052734375, -38.139976501464844, -75.80680084228516, -19.04346466064453, -65.11295318603516, 2.1091630458831787, -38.29801940917969, 18.440940856933594, -0.9915291666984558, -14.760478973388672, 4.837314128875732], "lowlevel.melbands.mean": [2.3361039893643465e-06, 4.866622111876495e-05, 5.270305337035097e-05, 0.00013046598178334534, 0.0010123054962605238, 0.001235896721482277, 0.0007726575713604689, 0.0006302060792222619, 0.000438360235420987, 0.0004527458513621241, 0.00024939817376434803, 0.00014874427870381624, 0.0001469567941967398, 9.893175592878833e-05, 6.374929944286123e-05, 3.212210503988899e-05, 3.503367042867467e-05, 3.2700732845114544e-05, 2.8763968657585792e-05, 2.7648022296489216e-05, 9.56022813625168e-06, 5.362933279684512e-06, 2.41368024944677e-06, 1.6158417111000745e-06, 3.377157781869755e-06, 2.523815965105314e-06, 2.062755811493844e-06, 1.8919419062513043e-06, 2.150851742044324e-06, 8.509763915753865e-07, 1.4609209131322132e-07, 9.548951140914141e-08, 1.393515987047067e-07, 1.532096547407491e-07, 1.5117240081963246e-07, 1.8805273782618315e-07, 3.175429981183697e-07, 1.294658090955636e-06, 1.0786411621666048e-06, 8.620098697065259e-07], "lowlevel.melbands.stdev": [7.540661954408279e-06, 8.01423957454972e-05, 7.245319284265861e-05, 0.000373268238035962, 0.00103976100217551, 0.0014726034132763743, 0.0008984783780761063, 0.0005389497964642942, 0.0006762798293493688, 0.0009360613767057657, 0.0010759535944089293, 0.00037158187478780746, 0.00035836559254676104, 0.00015139988681767136, 6.300711538642645e-05, 3.5746899811783805e-05, 4.652476491173729e-05, 4.8943391448119655e-05, 4.7679404815426096e-05, 4.797177098225802e-05, 2.639354352140799e-05, 2.6695885026128963e-05, 6.0492666307254694e-06, 3.7188649457675638e-06, 9.009976565721445e-06, 4.073514446645277e-06, 3.2633286082273116e-06, 3.082420334976632e-06, 3.359878064657096e-06, 1.2330517620284809e-06, 4.012456429336453e-07, 3.3583671665837755e-07, 5.892886179026391e-07, 5.942158622929128e-07, 5.342972144717351e-07, 6.893004069752351e-07, 8.134090876410482e-07, 3.4446197787474375e-06, 2.9490722681657644e-06, 2.7337350729794707e-06], "lowlevel.melbands128.mean": [5.264761853140953e-07, 7.694981718486815e-07, 1.5444329619640484e-06, 8.06929347163532e-06, 4.304801768739708e-05, 9.331674664281309e-05, 6.477846909547225e-05, 3.757673766813241e-05, 3.0414337743422948e-05, 8.519011316820979e-05, 0.0001541292731417343, 0.0005703423521481454, 0.001280461554415524, 0.0015055983094498515, 0.0013442732160910964, 0.0010438027093186975, 0.0009480477310717106, 0.0008226762874983251, 0.0003858047421090305, 0.0006779470131732523, 0.0007689994527027011, 0.00038768586819060147, 0.00035542092518880963, 0.00047264908789657056, 0.000685977516695857, 0.0003158858744427562, 0.000268085248535499, 0.0003537592710927129, 7.158718653954566e-05, 0.0002128277119481936, 0.00011454353807494044, 0.00014012733299750835, 0.0001791314862202853, 0.00016153938486240804, 3.296998329460621e-05, 0.0001278362178709358, 0.0001282987359445542, 9.21031733014388e-06, 8.338780753547326e-05, 4.678875848185271e-05, 9.886181032925379e-06, 2.544439303164836e-05, 3.0561230232706293e-05, 4.62492935184855e-05, 3.5056153137702495e-05, 2.6644685931387357e-05, 3.9704587834421545e-05, 1.2943682122568134e-05, 3.2675387046765536e-05, 4.730467117042281e-05, 2.498738467693329e-05, 1.2744215382554103e-05, 6.085932000132743e-06, 1.126185179600725e-05, 1.0178522643400356e-05, 4.036306563648395e-06, 1.413124664395582e-06, 3.5469156500766985e-06, 2.3753307232254883e-06, 1.1537031241459772e-06, 1.2914736089442158e-06, 1.8038630287264823e-06, 3.6836634080827935e-06, 4.233889740135055e-06, 2.385433390372782e-06, 2.221115892098169e-06, 2.974970357172424e-06, 1.8872816553994198e-06, 2.2106521555542713e-06, 1.8093002154273563e-06, 1.2188121445433353e-06, 2.2753906705474947e-06, 2.891266831284156e-06, 1.7935875575858518e-06, 1.9808603610727005e-06, 9.337072128801083e-07, 3.881484360590548e-07, 1.8429625470162136e-07, 1.1327174576081234e-07, 1.0411783080144232e-07, 8.73071854812224e-08, 1.0111678960811332e-07, 9.87868276070003e-08, 1.60397718218519e-07, 1.5153226229358552e-07, 1.4111533630511985e-07, 1.5607464831646212e-07, 1.7158529885819007e-07, 1.352643721475033e-07, 1.4123571645541233e-07, 2.0402578115863435e-07, 2.07348406888741e-07, 1.595871452764186e-07, 1.8121802725090674e-07, 4.2351462070655543e-07, 9.451057394471718e-07, 1.637477907934226e-06, 1.7139311694336357e-06, 8.385028991142462e-07, 9.616109082344337e-07, 9.434361345483921e-07, 9.372052431899647e-07, 6.370808591782406e-07, 4.0350334984395886e-07, 2.199687685333629e-07, 5.432059424492763e-07, 4.181795816293743e-07, 3.010553939475358e-07, 3.4156386163886054e-07, 3.246981350457645e-07, 2.011969257864621e-07, 1.0310883169495355e-07, 3.8737482555006864e-08, 6.2841096770682725e-09, 2.8173694488486944e-09, 1.1196565202764575e-10, 4.294847463781615e-12, 4.1247127241517134e-12, 4.023000248903896e-12, 3.9297206981536714e-12, 3.828046820503195e-12, 3.743595277522216e-12, 3.679991207594657e-12, 3.596800591740279e-12, 3.42899970570687e-12, 3.1868587629935163e-12, 3.0464771330618312e-12, 3.0134447454727153e-12], "lowlevel.melbands128.stdev": [7.435905331476533e-07, 1.1418171652621822e-06, 5.043576493335422e-06, 3.2297728466801345e-05, 8.62380038597621e-05, 0.00016102824884001166, 0.0001058682901202701, 8.004566916497424e-05, 6.307523290161043e-05, 0.0003488824295345694, 0.0007234846125356853, 0.0008913007914088666, 0.0016496863681823015, 0.00228939950466156, 0.002568463096395135, 0.0014024388510733843, 0.0017254495760425925, 0.0012979848543182015, 0.00042284285882487893, 0.0006038263672962785, 0.000921072845812887, 0.0008278550812974572, 0.0008259686292149127, 0.0013945440296083689, 0.0017272261902689934, 0.0010503355879336596, 0.0013063446385785937, 0.0019150031730532646, 0.000363945058779791, 0.0006600357592105865, 0.000369879649952054, 0.0006206860998645425, 0.000574019446503371, 0.00030096169211901724, 0.0001245877065230161, 0.0003044421609956771, 0.00020633461826946586, 2.5890967663144693e-05, 0.00012505297490861267, 6.607958493987098e-05, 2.5141762307612225e-05, 4.898509359918535e-05, 6.000265057082288e-05, 7.287244807230309e-05, 9.81271659838967e-05, 6.404799205483869e-05, 8.930140757001936e-05, 4.111474845558405e-05, 9.14562406251207e-05, 0.00010406390356365591, 7.126143464120105e-05, 3.679350629681721e-05, 4.3788280891021714e-05, 4.453468136489391e-05, 5.392719685914926e-05, 3.7853016692679375e-05, 2.8952047159691574e-06, 1.0267003744957037e-05, 9.736646461533383e-06, 5.1761230679403525e-06, 3.114279934379738e-06, 4.509692189458292e-06, 1.470506231271429e-05, 1.6193454939639196e-05, 5.632080956274876e-06, 4.404142600833438e-06, 6.729893357260153e-06, 4.490780611376977e-06, 4.380875907372683e-06, 4.291327513783472e-06, 2.6173590867983876e-06, 4.439953045221046e-06, 5.691843398381025e-06, 4.047408765472937e-06, 3.3952542253246065e-06, 1.6343160496035125e-06, 7.45707723126543e-07, 4.5379024982139526e-07, 4.039098371322325e-07, 4.4748585992238077e-07, 3.075334120694606e-07, 3.967746806665673e-07, 3.476411336578167e-07, 8.28450708922901e-07, 6.169232733554963e-07, 5.723630920329015e-07, 6.556600737894769e-07, 6.869618118798826e-07, 5.351645882001321e-07, 5.136183744980372e-07, 8.129512707455433e-07, 7.630866889485333e-07, 6.620174417548697e-07, 5.790683417217224e-07, 1.0940486845356645e-06, 2.7421501727076247e-06, 4.671731403504964e-06, 4.579015239869477e-06, 2.42281907958386e-06, 2.9054081096546724e-06, 3.7565080219792435e-06, 3.035694135178346e-06, 2.101310656144051e-06, 1.1779028454839136e-06, 5.898895096834167e-07, 1.9346523458807496e-06, 1.2241098374943249e-06, 8.374574917979771e-07, 1.0379336572441389e-06, 1.0647102044458734e-06, 6.560809424627223e-07, 4.2633323005247803e-07, 2.42228168190195e-07, 6.250854767131386e-08, 3.163972905895207e-08, 1.475735089684349e-09, 6.261730717271874e-12, 5.911671326075396e-12, 5.744091834125609e-12, 5.5794032588485365e-12, 5.4477676710018574e-12, 5.320245979878457e-12, 5.217805788132468e-12, 5.127240645941278e-12, 5.047144993608477e-12, 4.9864929893561616e-12, 4.942944057534371e-12, 4.91562042806426e-12], "lowlevel.mfcc.mean": [-714.6532592773438, 172.10826110839844, -33.49094772338867, -24.985187530517578, -5.323925495147705, -38.938838958740234, -2.883925199508667, -50.81068420410156, -15.099321365356445, -4.692955017089844, -15.226446151733398, 6.223270416259766, 1.9119893312454224], "lowlevel.spectral_contrast_coeffs.mean": [-0.5374937653541565, -0.6443436741828918, -0.673734188079834, -0.7352427840232849, -0.7910947203636169, -0.7669764757156372], "lowlevel.spectral_contrast_coeffs.stdev": [0.08119330555200577, 0.05838498845696449, 0.06915342807769775, 0.04338216781616211, 0.04202478006482124, 0.05625515431165695], "lowlevel.spectral_contrast_valleys.mean": [-8.598873138427734, -6.552979946136475, -8.026985168457031, -8.064464569091797, -8.598797798156738, -12.039422035217285], "lowlevel.spectral_contrast_valleys.stdev": [0.7130137085914612, 0.6953421831130981, 0.6198935508728027, 0.6015680432319641, 0.9344115853309631, 1.5733622312545776], "rhythm.beats_loudness_band_ratio.mean": [0.013893206603825092, 0.38063424825668335, 0.450198233127594, 0.14591780304908752, 0.04434489458799362, 0.018638096749782562], "rhythm.beats_loudness_band_ratio.stdev": [0.018101662397384644, 0.171078622341156, 0.16352598369121552, 0.09271103143692017, 0.02584959752857685, 0.0299336239695549], "tonal.hpcp.mean": [0.3235083222389221, 0.14572064578533173, 0.010634005069732666, 0.00951622985303402, 0.009227975271642208, 0.07501345127820969, 0.12038417160511017, 0.05742156133055687, 0.19883094727993011, 0.36256611347198486, 0.17547763884067535, 0.010729455389082432, 0.01004202850162983, 0.017942816019058228, 0.19922472536563873, 0.3283142149448395, 0.14933237433433533, 0.014577818103134632, 0.01755497045814991, 0.032353006303310394, 0.18450798094272614, 0.2981387972831726, 0.1605038046836853, 0.09321328997612, 0.12660464644432068, 0.06507876515388489, 0.014073899015784264, 0.0119430897757411, 0.018054381012916565, 0.18878807127475739, 0.2752486765384674, 0.10951298475265503, 0.02159290574491024, 0.014819975011050701, 0.009732096455991268, 0.18888521194458008], "tonal.hpcp.stdev": [0.3936643898487091, 0.1933024376630783, 0.027661830186843872, 0.05503130704164505, 0.048879820853471756, 0.14946794509887695, 0.22443023324012756, 0.10713900625705719, 0.19545142352581024, 0.34931042790412903, 0.1747751086950302, 0.07227756083011627, 0.06586579233407974, 0.08781438320875168, 0.2663392424583435, 0.3912273645401001, 0.21422314643859863, 0.07020391523838043, 0.11322752386331558, 0.12472179532051086, 0.25456503033638, 0.3462828993797302, 0.23019857704639435, 0.21096551418304443, 0.2859252095222473, 0.17568156123161316, 0.06635495275259018, 0.042848266661167145, 0.08585699647665024, 0.2508552372455597, 0.33585622906684875, 0.14420951902866364, 0.10012824833393097, 0.036861345171928406, 0.042605966329574585, 0.23617251217365265], "rhythm.beats_position": [0.6153287887573242, 1.2538775205612183, 1.8808163404464722, 2.5077550411224365, 3.1346938610076904, 3.738412618637085, 4.342131614685059, 4.957460403442383, 5.572789192199707, 6.199728012084961, 6.826666355133057, 7.430385589599609, 8.022494316101074, 8.614603042602539, 9.218321800231934, 9.822040557861328, 10.425759315490723, 11.029478073120117, 11.644806861877441, 12.248525619506836, 12.85224437713623, 13.444353103637695, 14.036462783813477, 14.616961479187012, 15.185850143432617, 15.766348838806152], "rhythm.bpm_histogram": [0.0, 0.0, 0.0, 0.0, 0.0, 0.0, 0.0, 0.0, 0.0, 0.0, 0.0, 0.0, 0.0, 0.0, 0.0, 0.0, 0.0, 0.0, 0.0, 0.0, 0.0, 0.0, 0.0, 0.0, 0.0, 0.0, 0.0, 0.0, 0.0, 0.0, 0.0, 0.0, 0.0, 0.0, 0.0, 0.0, 0.0, 0.0, 0.0, 0.0, 0.0, 0.0, 0.0, 0.0, 0.0, 0.0, 0.0, 0.0, 0.0, 0.0, 0.0, 0.0, 0.0, 0.0, 0.0, 0.0, 0.0, 0.0, 0.0, 0.0, 0.0, 0.0, 0.0, 0.0, 0.0, 0.0, 0.0, 0.0, 0.0, 0.0, 0.0, 0.0, 0.0, 0.0, 0.0, 0.0, 0.0, 0.0, 0.0, 0.0, 0.0, 0.0, 0.0, 0.0, 0.0, 0.0, 0.0, 0.0, 0.0, 0.0, 0.0, 0.0, 0.0, 0.0, 0.03999999910593033, 0.0, 0.20000000298023224, 0.0, 0.11999999731779099, 0.36000001430511475, 0.0, 0.1599999964237213, 0.0, 0.07999999821186066, 0.0, 0.03999999910593033, 0.0, 0.0, 0.0, 0.0, 0.0, 0.0, 0.0, 0.0, 0.0, 0.0, 0.0, 0.0, 0.0, 0.0, 0.0, 0.0, 0.0, 0.0, 0.0, 0.0, 0.0, 0.0, 0.0, 0.0, 0.0, 0.0, 0.0, 0.0, 0.0, 0.0, 0.0, 0.0, 0.0, 0.0, 0.0, 0.0, 0.0, 0.0, 0.0, 0.0, 0.0, 0.0, 0.0, 0.0, 0.0, 0.0, 0.0, 0.0, 0.0, 0.0, 0.0, 0.0, 0.0, 0.0, 0.0, 0.0, 0.0, 0.0, 0.0, 0.0, 0.0, 0.0, 0.0, 0.0, 0.0, 0.0, 0.0, 0.0, 0.0, 0.0, 0.0, 0.0, 0.0, 0.0, 0.0, 0.0, 0.0, 0.0, 0.0, 0.0, 0.0, 0.0, 0.0, 0.0, 0.0, 0.0, 0.0, 0.0, 0.0, 0.0, 0.0, 0.0, 0.0, 0.0, 0.0, 0.0, 0.0, 0.0, 0.0, 0.0, 0.0, 0.0, 0.0, 0.0, 0.0, 0.0, 0.0, 0.0, 0.0, 0.0, 0.0, 0.0, 0.0, 0.0, 0.0, 0.0, 0.0, 0.0, 0.0, 0.0, 0.0, 0.0, 0.0, 0.0, 0.0, 0.0, 0.0, 0.0, 0.0, 0.0, 0.0, 0.0, 0.0, 0.0, 0.0, 0.0, 0.0, 0.0, 0.0, 0.0, 0.0, 0.0, 0.0, 0.0], "tonal.chords_histogram": [28.81355857849121, 0.0, 20.903955459594727, 0.0, 0.0, 0.0, 0.0, 0.0, 0.0, 0.0, 0.0, 0.0, 0.0, 0.0, 0.0, 0.0, 0.0, 0.0, 0.0, 3.672316312789917, 0.0, 2.8248586654663086, 18.92655372619629, 24.85875701904297], "tonal.thpcp": [1.0, 0.4839879870414734, 0.029593100771307945, 0.027697095647454262, 0.04948839917778969, 0.5494852066040039, 0.905529260635376, 0.41187626123428345, 0.04020733758807182, 0.04841867461800575, 0.0892333984375, 0.5088947415351868, 0.8223018646240234, 0.44268837571144104, 0.257093220949173, 0.34919050335884094, 0.17949488759040833, 0.03881746903061867, 0.032940447330474854, 0.04979610815644264, 0.5206997394561768, 0.7591682076454163, 0.3020496964454651, 0.0595557764172554, 0.040875233709812164, 0.02684226632118225, 0.5209676623344421, 0.892274022102356, 0.40191468596458435, 0.02932983636856079, 0.02624688111245632, 0.025451840832829475, 0.20689591765403748, 0.3320337235927582, 0.15837542712688446, 0.5483991503715515], "lowlevel.gfcc.cov": [[5573.07568359375, -3342.271728515625, 678.0001220703125, 180.00442504882812, -1652.3232421875, 868.14111328125, -980.9163208007812, 1105.9720458984375, -746.6048583984375, 187.7229766845703, -218.87876892089844, -157.73324584960938, 307.4491882324219], [-3342.271728515625, 4140.58447265625, -958.527099609375, -233.08914184570312, 1890.0015869140625, -1138.36962890625, 1111.0908203125, -998.6318359375, 562.134765625, -263.75927734375, 179.70559692382812, -102.26976013183594, -107.83326721191406], [678.0001220703125, -958.527099609375, 689.8717041015625, 145.50196838378906, -418.9066467285156, 494.84600830078125, -349.4729919433594, 198.7106170654297, -113.28980255126953, 86.6412353515625, -43.05243682861328, 24.438663482666016, -127.57121276855469], [180.00442504882812, -233.08914184570312, 145.50196838378906, 300.42864990234375, -60.04977798461914, 119.77745819091797, -30.336776733398438, 3.1254031658172607, 34.30494689941406, 21.374902725219727, -16.2922420501709, 22.953113555908203, -133.00238037109375], [-1652.3232421875, 1890.0015869140625, -418.9066467285156, -60.04977798461914, 1018.1287841796875, -517.425537109375, 517.0965576171875, -457.0217590332031, 283.29998779296875, -108.20433044433594, 50.327308654785156, -19.7037296295166, -114.32170104980469], [868.14111328125, -1138.36962890625, 494.84600830078125, 119.77745819091797, -517.425537109375, 544.22216796875, -344.4544372558594, 256.8493347167969, -132.7537078857422, 83.35089874267578, -52.62188720703125, 3.4227311611175537, -59.35531234741211], [-980.9163208007812, 1111.0908203125, -349.4729919433594, -30.336776733398438, 517.0965576171875, -344.4544372558594, 427.2272644042969, -286.7644348144531, 173.29515075683594, -63.968177795410156, 19.3525447845459, -22.631929397583008, -43.528079986572266], [1105.9720458984375, -998.6318359375, 198.7106170654297, 3.1254031658172607, -457.0217590332031, 256.8493347167969, -286.7644348144531, 472.9393310546875, -221.38424682617188, 57.006710052490234, -32.58328628540039, -76.8573989868164, 151.6173858642578], [-746.6048583984375, 562.134765625, -113.28980255126953, 34.30494689941406, 283.29998779296875, -132.7537078857422, 173.29515075683594, -221.38424682617188, 235.69940185546875, -25.88485336303711, 27.786630630493164, 68.26595306396484, -110.57926940917969], [187.7229766845703, -263.75927734375, 86.6412353515625, 21.374902725219727, -108.20433044433594, 83.35089874267578, -63.968177795410156, 57.006710052490234, -25.88485336303711, 83.9017105102539, -2.0791707038879395, 9.81380844116211, -15.250213623046875], [-218.87876892089844, 179.70559692382812, -43.05243682861328, -16.2922420501709, 50.327308654785156, -52.62188720703125, 19.3525447845459, -32.58328628540039, 27.786630630493164, -2.0791707038879395, 89.4001693725586, 8.842041015625, 4.059418201446533], [-157.73324584960938, -102.26976013183594, 24.438663482666016, 22.953113555908203, -19.7037296295166, 3.4227311611175537, -22.631929397583008, -76.8573989868164, 68.26595306396484, 9.81380844116211, 8.842041015625, 123.34281921386719, -56.158756256103516], [307.4491882324219, -107.83326721191406, -127.57121276855469, -133.00238037109375, -114.32170104980469, -59.35531234741211, -43.528079986572266, 151.6173858642578, -110.57926940917969, -15.250213623046875, 4.059418201446533, -56.158756256103516, 237.97555541992188]], "lowlevel.gfcc.icov": [[0.000559322361368686, -0.0003714581544045359, 0.0003639192436821759, -0.00042993342503905296, 0.0007476985338144004, -1.8881582946050912e-05, 0.0007318370626308024, -0.0006837432738393545, 0.0008127497276291251, -0.00033322119270451367, 0.0011119000846520066, -0.00012502992467489094, 0.0002956663665827364], [-0.0003714581544045359, 0.006895035970956087, -0.0025671233888715506, 0.0015980404568836093, -0.006914858240634203, 0.0026936186477541924, -0.004110509529709816, 0.005644795950502157, -0.0035947428550571203, 0.003395151812583208, -0.006698730401694775, 0.007688042242079973, -0.003401282476261258], [0.0003639192436821759, -0.0025671233888715506, 0.006460429169237614, -0.000901169900316745, 0.0018178081372752786, -0.004771755542606115, 0.00394982285797596, -0.00217237020842731, 0.00263284333050251, -0.0018999447347596288, 0.0027854202780872583, -0.0029003170784562826, 0.0034854847472161055], [-0.00042993342503905296, 0.0015980404568836093, -0.000901169900316745, 0.005627309437841177, -0.001234528492204845, 0.00038844082155264914, -0.002000957727432251, 0.0004727276391349733, -0.0018015612149611115, 0.0012982614571228623, -0.0018424887675791979, 0.0017789804842323065, 0.0024754898622632027], [0.0007476985338144004, -0.006914858240634203, 0.0018178081372752786, -0.001234528492204845, 0.011197550222277641, -0.00013931056309957057, 0.002483594696968794, -0.005239525344222784, 0.0023408469278365374, -0.0025368775241076946, 0.007064651232212782, -0.005304816644638777, 0.004874904174357653], [-1.8881582946050912e-05, 0.0026936186477541924, -0.004771755542606115, 0.00038844082155264914, -0.00013931056309957057, 0.01005692221224308, -0.00017119167023338377, 0.001273317146115005, -0.0027925409376621246, 0.000762112089432776, -0.0008539810660295188, 0.005328907631337643, 0.0005262948106974363], [0.0007318370626308024, -0.004110509529709816, 0.00394982285797596, -0.002000957727432251, 0.002483594696968794, -0.00017119167023338377, 0.01289029698818922, -0.001562759280204773, 0.0005005522398278117, -0.0030427477322518826, 0.00643572211265564, -0.00043902586912736297, 0.0025190229061990976], [-0.0006837432738393545, 0.005644795950502157, -0.00217237020842731, 0.0004727276391349733, -0.005239525344222784, 0.001273317146115005, -0.001562759280204773, 0.011651338078081608, -0.0023515152279287577, 0.0012282049283385277, -0.005553322844207287, 0.00905079860240221, -0.006151056382805109], [0.0008127497276291251, -0.0035947428550571203, 0.00263284333050251, -0.0018015612149611115, 0.0023408469278365374, -0.0027925409376621246, 0.0005005522398278117, -0.0023515152279287577, 0.013972904533147812, -0.0014533766079694033, 0.002566418144851923, -0.009046482853591442, 0.003964352421462536], [-0.00033322119270451367, 0.003395151812583208, -0.0018999447347596288, 0.0012982614571228623, -0.0025368775241076946, 0.000762112089432776, -0.0030427477322518826, 0.0012282049283385277, -0.0014533766079694033, 0.01701815240085125, -0.004725619684904814, 0.0022456597071141005, 0.0003341497213114053], [0.0011119000846520066, -0.006698730401694775, 0.0027854202780872583, -0.0018424887675791979, 0.007064651232212782, -0.0008539810660295188, 0.00643572211265564, -0.005553322844207287, 0.002566418144851923, -0.004725619684904814, 0.02010200172662735, -0.006649533752351999, 0.0028652052860707045], [-0.00012502992467489094, 0.007688042242079973, -0.0029003170784562826, 0.0017789804842323065, -0.005304816644638777, 0.005328907631337643, -0.00043902586912736297, 0.00905079860240221, -0.009046482853591442, 0.0022456597071141005, -0.006649533752351999, 0.02333199605345726, -0.002421525539830327], [0.0002956663665827364, -0.003401282476261258, 0.0034854847472161055, 0.0024754898622632027, 0.004874904174357653, 0.0005262948106974363, 0.0025190229061990976, -0.006151056382805109, 0.003964352421462536, 0.0003341497213114053, 0.0028652052860707045, -0.002421525539830327, 0.01362690795212984]], "lowlevel.mfcc.cov": [[4328.78564453125, -2276.7646484375, 725.0126953125, -445.8477783203125, -191.01248168945312, -844.9566650390625, 332.95074462890625, -355.1629333496094, 307.06683349609375, 131.68020629882812, -311.40814208984375, -56.03156661987305, -208.0615234375], [-2276.7646484375, 3181.492919921875, -1396.7708740234375, 644.16796875, 241.6329803466797, 357.5718078613281, 85.47337341308594, 47.41618347167969, -61.655452728271484, -98.28868865966797, 94.7366943359375, 72.90091705322266, -56.13027572631836], [725.0126953125, -1396.7708740234375, 1060.7625732421875, -395.6006164550781, -4.588925361633301, 44.97611999511719, -80.55357360839844, 47.822723388671875, -60.103851318359375, 66.06599426269531, 9.487814903259277, -31.44391632080078, 88.18293762207031], [-445.8477783203125, 644.16796875, -395.6006164550781, 432.9326171875, 34.48405838012695, 166.79718017578125, -27.79749870300293, 64.49532318115234, -22.17223358154297, -52.811767578125, 112.39420318603516, 36.12371063232422, -0.7975442409515381], [-191.01248168945312, 241.6329803466797, -4.588925361633301, 34.48405838012695, 224.17431640625, 16.77950096130371, 45.178348541259766, 18.138992309570312, 20.969308853149414, -22.05302619934082, 18.885671615600586, 58.55598831176758, -8.616369247436523], [-844.9566650390625, 357.5718078613281, 44.97611999511719, 166.79718017578125, 16.77950096130371, 603.106689453125, -261.71044921875, 195.58883666992188, -171.04608154296875, -70.91901397705078, 231.729248046875, -23.89955711364746, 134.76303100585938], [332.95074462890625, 85.47337341308594, -80.55357360839844, -27.79749870300293, 45.178348541259766, -261.71044921875, 311.60601806640625, -140.00730895996094, 133.4068603515625, 76.374267578125, -141.1434783935547, 31.01097869873047, -111.02848052978516], [-355.1629333496094, 47.41618347167969, 47.822723388671875, 64.49532318115234, 18.138992309570312, 195.58883666992188, -140.00730895996094, 174.7569580078125, -66.24108123779297, -35.24232482910156, 102.6346206665039, -12.422337532043457, 68.61863708496094], [307.06683349609375, -61.655452728271484, -60.103851318359375, -22.17223358154297, 20.969308853149414, -171.04608154296875, 133.4068603515625, -66.24108123779297, 186.1190643310547, 27.410205841064453, -65.11305236816406, -2.757624387741089, -75.46394348144531], [131.68020629882812, -98.28868865966797, 66.06599426269531, -52.811767578125, -22.05302619934082, -70.91901397705078, 76.374267578125, -35.24232482910156, 27.410205841064453, 116.47418212890625, -44.295005798339844, -3.2393741607666016, -0.1572760045528412], [-311.40814208984375, 94.7366943359375, 9.487814903259277, 112.39420318603516, 18.885671615600586, 231.729248046875, -141.1434783935547, 102.6346206665039, -65.11305236816406, -44.295005798339844, 192.08889770507812, 18.203771591186523, 64.83479309082031], [-56.03156661987305, 72.90091705322266, -31.44391632080078, 36.12371063232422, 58.55598831176758, -23.89955711364746, 31.01097869873047, -12.422337532043457, -2.757624387741089, -3.2393741607666016, 18.203771591186523, 93.3800277709961, 12.613629341125488], [-208.0615234375, -56.13027572631836, 88.18293762207031, -0.7975442409515381, -8.616369247436523, 134.76303100585938, -111.02848052978516, 68.61863708496094, -75.46394348144531, -0.1572760045528412, 64.83479309082031, 12.613629341125488, 132.28199768066406]], "lowlevel.mfcc.icov": [[0.0005595666589215398, 0.00039009717875160277, -4.740693839266896e-05, -0.0002774627646431327, 8.810230610833969e-06, 0.0003401591966394335, -0.00012276686902623624, 0.0006027885829098523, -0.0001748801878420636, 8.50410942803137e-05, -9.035081893671304e-05, 0.00030954982503317297, 0.00022898949100635946], [0.00039009717875160277, 0.001725132460705936, 0.001998838037252426, -4.511707811616361e-05, -0.00150331761687994, -0.001067513134330511, -0.0010007781675085425, 0.00036171055398881435, 0.000882934604305774, -0.00039646076038479805, 0.00027381652034819126, 0.0005472882767207921, 0.00029166045715101063], [-4.740693839266896e-05, 0.001998838037252426, 0.004603227134793997, 0.002098980126902461, -0.002363265259191394, -0.0020209765061736107, -0.0014007220743224025, -0.0006580611225217581, 0.0017064245184883475, -0.0013618242228403687, -0.00025828435900621116, 0.0005675848806276917, -0.0001674382947385311], [-0.0002774627646431327, -4.511707811616361e-05, 0.002098980126902461, 0.005361407995223999, 3.973829370806925e-05, -0.0012801020639017224, -0.001314140623435378, -0.001619614427909255, 0.00040327859460376203, 0.0001719657884677872, -0.002140819327905774, -0.0012790238251909614, 0.0006228683050721884], [8.810230610833969e-06, -0.00150331761687994, -0.002363265259191394, 3.973829370806925e-05, 0.00788872130215168, 0.0005309932166710496, -0.0008516550296917558, -0.0017455326160416007, -0.001914715045131743, 0.002193933818489313, -0.0001625962322577834, -0.004412289708852768, 0.0005258823512122035], [0.0003401591966394335, -0.001067513134330511, -0.0020209765061736107, -0.0012801020639017224, 0.0005309932166710496, 0.00608990341424942, 0.001060702372342348, -0.0006343203713186085, 0.0008957859827205539, 0.0006764852441847324, -0.00364097417332232, 0.0026008745189756155, -0.0014802771620452404], [-0.00012276686902623624, -0.0010007781675085425, -0.0014007220743224025, -0.001314140623435378, -0.0008516550296917558, 0.001060702372342348, 0.011214695870876312, 0.0028091343119740486, -0.003309807972982526, -0.004485190846025944, 0.0035435198806226254, -0.003259301418438554, 0.0038082003593444824], [0.0006027885829098523, 0.00036171055398881435, -0.0006580611225217581, -0.001619614427909255, -0.0017455326160416007, -0.0006343203713186085, 0.0028091343119740486, 0.012464341707527637, -0.0005189965013414621, 1.8373822967987508e-05, -0.001713866600766778, 0.0026986333541572094, -0.0017581784632056952], [-0.0001748801878420636, 0.000882934604305774, 0.0017064245184883475, 0.00040327859460376203, -0.001914715045131743, 0.0008957859827205539, -0.003309807972982526, -0.0005189965013414621, 0.010016035288572311, -0.000549353426322341, -0.0016211832407861948, 0.002448536455631256, 0.0016927329124882817], [8.50410942803137e-05, -0.00039646076038479805, -0.0013618242228403687, 0.0001719657884677872, 0.002193933818489313, 0.0006764852441847324, -0.004485190846025944, 1.8373822967987508e-05, -0.000549353426322341, 0.012910470366477966, -6.04497327003628e-05, 0.0010839063907042146, -0.0038177352398633957], [-9.035081893671304e-05, 0.00027381652034819126, -0.00025828435900621116, -0.002140819327905774, -0.0001625962322577834, -0.00364097417332232, 0.0035435198806226254, -0.001713866600766778, -0.0016211832407861948, -6.04497327003628e-05, 0.013845162466168404, -0.0045671844854950905, 0.00041995453648269176], [0.00030954982503317297, 0.0005472882767207921, 0.0005675848806276917, -0.0012790238251909614, -0.004412289708852768, 0.0026008745189756155, -0.003259301418438554, 0.0026986333541572094, 0.002448536455631256, 0.0010839063907042146, -0.0045671844854950905, 0.01767423190176487, -0.004788218066096306], [0.00022898949100635946, 0.00029166045715101063, -0.0001674382947385311, 0.0006228683050721884, 0.0005258823512122035, -0.0014802771620452404, 0.0038082003593444824, -0.0017581784632056952, 0.0016927329124882817, -0.0038177352398633957, 0.00041995453648269176, -0.004788218066096306, 0.01502144057303667]], "metadata.audio_properties.analysis.downmix": "mix", "metadata.audio_properties.codec": "mp3", "metadata.audio_properties.md5_encoded": "358f3fb831af9c6874eeb9b9b952d176", "metadata.tags.file_name": "1182275079640465438.mp3", "metadata.version.essentia": "2.1-beta6-dev", "metadata.version.essentia_git_sha": "v2.1_beta5-1110-g77a6a954", "metadata.version.extractor": "music 2.0", "tonal.chords_key": "C", "tonal.chords_scale": "major", "tonal.key_edma.key": "C", "tonal.key_edma.scale": "major", "tonal.key_krumhansl.key": "C", "tonal.key_krumhansl.scale": "major", "tonal.key_temperley.key": "C", "tonal.key_temperley.scale": "major", "metadata.tags.encoding": ["Lavf58.45.100"]}, "essentia_models": [{"model_name": "genre_dortmund", "activations": {"alternative": "0.2130216", "blues": "0.020902546", "electronic": "0.038045693", "folkcountry": "0.21828353", "funksoulrnb": "0.012713174", "jazz": "0.08825127", "pop": "0.29697853", "raphiphop": "0.025584185", "rock": "0.1038268"}}, {"model_name": "genre_rosamerica", "activations": {"classic": "0.14846039", "dance": "0.018953733", "hip hop": "0.0051220013", "jazz": "0.122879885", "pop": "0.08192455", "rhythm and blues": "0.03798284", "rock": "0.07472814", "speech": "0.012629089"}}, {"model_name": "genre_t