{"song_id": "1182269415824314389", "download": "https://cdn.discordapp.com/attachments/1128313332273782784/1182269415824314389/chirp.mp4?ex=65841532&amp", "lyrics": "I can buy myself flowers\nWrite my name in the sand\nTalk to myself for hours\nSay things you don't understand\nI can take myself dancing\nAnd I can hold my own hand\nYeah, I can love me better than you can\n\nCan love me better, I can love me better, baby\nCan love me better, I can love me better, baby\n\nPaint my nails cherry-red\nMatch the roses that you left\nNo remorse, no regret\nI forgive every word you said", "style": ["Rock"], "essentia_features": {"lowlevel.average_loudness": 0.9822125434875488, "lowlevel.barkbands_crest.mean": 19.070444107055664, "lowlevel.barkbands_crest.stdev": 4.209683895111084, "lowlevel.barkbands_flatness_db.mean": 0.3540770411491394, "lowlevel.barkbands_flatness_db.stdev": 0.11324459314346313, "lowlevel.barkbands_kurtosis.mean": 145.8207550048828, "lowlevel.barkbands_kurtosis.stdev": 183.76170349121094, "lowlevel.barkbands_skewness.mean": 7.669458389282227, "lowlevel.barkbands_skewness.stdev": 4.705735683441162, "lowlevel.barkbands_spread.mean": 7.429553508758545, "lowlevel.barkbands_spread.stdev": 14.730010986328125, "lowlevel.dissonance.mean": 0.4619012475013733, "lowlevel.dissonance.stdev": 0.0344737246632576, "lowlevel.dynamic_complexity": 2.165313482284546, "lowlevel.erbbands_crest.mean": 10.594006538391113, "lowlevel.erbbands_crest.stdev": 5.038281440734863, "lowlevel.erbbands_flatness_db.mean": 0.1579567790031433, "lowlevel.erbbands_flatness_db.stdev": 0.04950615391135216, "lowlevel.erbbands_kurtosis.mean": 4.424610614776611, "lowlevel.erbbands_kurtosis.stdev": 12.082863807678223, "lowlevel.erbbands_skewness.mean": 0.8702687621116638, "lowlevel.erbbands_skewness.stdev": 1.9210773706436157, "lowlevel.erbbands_spread.mean": 56.01328659057617, "lowlevel.erbbands_spread.stdev": 31.188228607177734, "lowlevel.hfc.mean": 16.980953216552734, "lowlevel.hfc.stdev": 19.68895149230957, "lowlevel.loudness_ebu128.integrated": -13.088113784790039, "lowlevel.loudness_ebu128.loudness_range": 1.2171497344970703, "lowlevel.loudness_ebu128.momentary.mean": -13.246381759643555, "lowlevel.loudness_ebu128.momentary.stdev": 1.2319625616073608, "lowlevel.loudness_ebu128.short_term.mean": -13.166810035705566, "lowlevel.loudness_ebu128.short_term.stdev": 0.3920651078224182, "lowlevel.melbands_crest.mean": 32.73991775512695, "lowlevel.melbands_crest.stdev": 5.0900163650512695, "lowlevel.melbands_flatness_db.mean": 0.44858455657958984, "lowlevel.melbands_flatness_db.stdev": 0.13042667508125305, "lowlevel.melbands_kurtosis.mean": 309.3200988769531, "lowlevel.melbands_kurtosis.stdev": 325.40216064453125, "lowlevel.melbands_skewness.mean": 11.425565719604492, "lowlevel.melbands_skewness.stdev": 6.048978328704834, "lowlevel.melbands_spread.mean": 4.305646896362305, "lowlevel.melbands_spread.stdev": 10.605810165405273, "lowlevel.pitch_salience.mean": 0.22534623742103577, "lowlevel.pitch_salience.stdev": 0.13700798153877258, "lowlevel.silence_rate_20dB.mean": 0.9993706941604614, "lowlevel.silence_rate_20dB.stdev": 0.025078611448407173, "lowlevel.silence_rate_30dB.mean": 0.2907488942146301, "lowlevel.silence_rate_30dB.stdev": 0.4541076719760895, "lowlevel.silence_rate_60dB.mean": 0.0006293266196735203, "lowlevel.silence_rate_60dB.stdev": 0.0250789113342762, "lowlevel.spectral_centroid.mean": 1038.671630859375, "lowlevel.spectral_centroid.stdev": 1108.975341796875, "lowlevel.spectral_complexity.mean": 7.60667085647583, "lowlevel.spectral_complexity.stdev": 8.245108604431152, "lowlevel.spectral_decrease.mean": -3.366235645785309e-08, "lowlevel.spectral_decrease.stdev": 1.7252332895623113e-08, "lowlevel.spectral_energy.mean": 0.12858955562114716, "lowlevel.spectral_energy.stdev": 0.06521184742450714, "lowlevel.spectral_energyband_high.mean": 0.0011150500504299998, "lowlevel.spectral_energyband_high.stdev": 0.002569172764196992, "lowlevel.spectral_energyband_low.mean": 0.12089944630861282, "lowlevel.spectral_energyband_low.stdev": 0.06232040748000145, "lowlevel.spectral_energyband_middle_high.mean": 0.000964389939326793, "lowlevel.spectral_energyband_middle_high.stdev": 0.0021953112445771694, "lowlevel.spectral_energyband_middle_low.mean": 0.006493217311799526, "lowlevel.spectral_energyband_middle_low.stdev": 0.021748054772615433, "lowlevel.spectral_entropy.mean": 7.306488037109375, "lowlevel.spectral_entropy.stdev": 0.7621190547943115, "lowlevel.spectral_flux.mean": 0.10685622692108154, "lowlevel.spectral_flux.stdev": 0.11238821595907211, "lowlevel.spectral_kurtosis.mean": 4.015163898468018, "lowlevel.spectral_kurtosis.stdev": 5.205657958984375, "lowlevel.spectral_rms.mean": 0.010840695351362228, "lowlevel.spectral_rms.stdev": 0.002816514577716589, "lowlevel.spectral_rolloff.mean": 241.69961547851562, "lowlevel.spectral_rolloff.stdev": 864.4385375976562, "lowlevel.spectral_skewness.mean": 1.4871376752853394, "lowlevel.spectral_skewness.stdev": 0.8253116607666016, "lowlevel.spectral_spread.mean": 5597288.0, "lowlevel.spectral_spread.stdev": 1601708.875, "lowlevel.spectral_strongpeak.mean": 0.605501115322113, "lowlevel.spectral_strongpeak.stdev": 0.2811294496059418, "lowlevel.zerocrossingrate.mean": 0.01633053459227085, "lowlevel.zerocrossingrate.stdev": 0.024622133001685143, "metadata.audio_properties.analysis.equal_loudness": 0.0, "metadata.audio_properties.analysis.length": 36.86294937133789, "metadata.audio_properties.analysis.sample_rate": 44100.0, "metadata.audio_properties.analysis.start_time": 0.0, "metadata.audio_properties.bit_rate": 117049.0, "metadata.audio_properties.length": 36.86399841308594, "metadata.audio_properties.lossless": 0.0, "metadata.audio_properties.number_channels": 1.0, "metadata.audio_properties.replay_gain": -11.64592170715332, "metadata.audio_properties.sample_rate": 48000.0, "rhythm.beats_count": 82.0, "rhythm.beats_loudness.mean": 0.11123893409967422, "rhythm.beats_loudness.stdev": 0.046537164598703384, "rhythm.bpm": 134.06396484375, "rhythm.bpm_histogram_first_peak_bpm": 133.0, "rhythm.bpm_histogram_first_peak_weight": 0.4691358208656311, "rhythm.bpm_histogram_second_peak_bpm": 0.0, "rhythm.bpm_histogram_second_peak_spread": 0.0, "rhythm.bpm_histogram_second_peak_weight": 0.0, "rhythm.danceability": 1.4409574270248413, "rhythm.onset_rate": 4.419152736663818, "tonal.chords_changes_rate": 0.07421384006738663, "tonal.chords_number_rate": 0.012578615918755531, "tonal.chords_strength.mean": 0.5424861311912537, "tonal.chords_strength.stdev": 0.11415857821702957, "tonal.hpcp_crest.mean": 12.355758666992188, "tonal.hpcp_crest.stdev": 4.7239789962768555, "tonal.hpcp_entropy.mean": 2.1421566009521484, "tonal.hpcp_entropy.stdev": 0.7386689186096191, "tonal.key_edma.strength": 0.6784641146659851, "tonal.key_krumhansl.strength": 0.6919608116149902, "tonal.key_temperley.strength": 0.7056798934936523, "tonal.tuning_diatonic_strength": 0.5456371903419495, "tonal.tuning_equal_tempered_deviation": 0.33599814772605896, "tonal.tuning_frequency": 434.193115234375, "tonal.tuning_nontempered_energy_ratio": 0.9413391947746277, "lowlevel.barkbands.mean": [0.021233877167105675, 0.09117433428764343, 0.007623592857271433, 0.002858912805095315, 0.0016633325722068548, 0.0008221205789595842, 0.00047262635780498385, 0.00031778315315023065, 0.0003164924564771354, 0.00010824975470313802, 0.00012327928561717272, 0.00017217660206370056, 8.725924271857366e-05, 0.00010288106568623334, 8.452749898424372e-05, 6.812438368797302e-05, 7.94774095993489e-05, 6.197109905770048e-05, 7.476908649550751e-05, 7.794949488015845e-05, 0.00023849890567362309, 0.0002958712575491518, 0.0002489405742380768, 0.000163990946020931, 9.515251440461725e-05, 2.354264142923057e-05, 1.2346629318926716e-07], "lowlevel.barkbands.stdev": [0.01361799705773592, 0.05605990067124367, 0.020561007782816887, 0.0132145332172513, 0.006601959001272917, 0.002106735948473215, 0.0012685478432103992, 0.0008522962452843785, 0.0007633748464286327, 0.0003395682433620095, 0.0003113256534561515, 0.0005340850329957902, 0.00026849721325561404, 0.00031518100877292454, 0.0002183609176427126, 0.0002079281402984634, 0.00023637655249331146, 0.0002355035685468465, 0.0003037920978385955, 0.00027118538855575025, 0.0005734636797569692, 0.000755541434045881, 0.0007185686845332384, 0.0005085350712761283, 0.0002378380304435268, 7.165839633671567e-05, 9.272035299545678e-07], "lowlevel.erbbands.mean": [5.329433917999268, 9.762024879455566, 8.013093948364258, 11.219046592712402, 6.260618209838867, 6.166438579559326, 3.9343526363372803, 8.25501823425293, 6.396420001983643, 8.764659881591797, 6.807723045349121, 5.915541172027588, 5.729271411895752, 3.4459924697875977, 7.3807806968688965, 5.2550740242004395, 4.042359828948975, 5.079288959503174, 4.836002349853516, 4.229028701782227, 3.7956366539001465, 4.64924430847168, 3.5769615173339844, 3.491600275039673, 3.642249345779419, 3.751732110977173, 8.380438804626465, 9.407020568847656, 11.658204078674316, 8.834094047546387, 6.316293716430664, 4.1210222244262695, 2.4100775718688965, 1.325381875038147, 0.5246809124946594, 0.15624560415744781, 0.03548385202884674, 0.0027102800086140633, 0.00012189140397822484, 0.00014533614739775658], "lowlevel.erbbands.stdev": [3.0545828342437744, 8.883774757385254, 17.732181549072266, 41.19163131713867, 29.372709274291992, 21.25289535522461, 14.304311752319336, 20.3261661529541, 16.88189125061035, 23.119749069213867, 16.373334884643555, 13.704238891601562, 17.107162475585938, 9.37274169921875, 18.29458999633789, 16.60643196105957, 12.966060638427734, 14.184762001037598, 14.306391716003418, 10.920827865600586, 11.1286039352417, 13.8533353805542, 13.094779968261719, 13.372954368591309, 15.014723777770996, 13.184350967407227, 21.60137367248535, 22.28714942932129, 30.043155670166016, 24.51681900024414, 18.39433479309082, 13.156166076660156, 7.255847930908203, 3.320518970489502, 1.3494263887405396, 0.43725067377090454, 0.11614682525396347, 0.010704726912081242, 0.00021783851843792945, 6.979575118748471e-05], "lowlevel.gfcc.mean": [-66.03192901611328, 95.06038665771484, -58.32122802734375, 69.08641815185547, -35.268550872802734, 39.79008483886719, -11.01699161529541, 13.89012336730957, -2.0422351360321045, 14.44262409210205, -2.2840735912323, 2.782233953475952, 2.561500310897827], "lowlevel.melbands.mean": [0.03503471240401268, 0.006231328472495079, 0.0017545133596286178, 0.0004172953777015209, 0.0001659949339227751, 0.0001749028015183285, 0.00010114617180079222, 9.036728442879394e-05, 5.4284100770018995e-05, 3.898848808603361e-05, 2.806252450682223e-05, 1.2875347238150425e-05, 2.1820280380779877e-05, 2.166409103665501e-05, 8.760998753132299e-06, 8.986353350337595e-06, 9.54974257183494e-06, 7.956314220791683e-06, 6.3263423726311885e-06, 4.9300520004180726e-06, 4.303678451833548e-06, 4.831140358874109e-06, 4.090954462299123e-06, 2.5975396056310274e-06, 2.8360625492496183e-06, 2.871815695471014e-06, 2.2112810711405473e-06, 2.4840246624080464e-06, 4.309987161832396e-06, 6.697105618513888e-06, 4.904555680695921e-06, 6.906828275532462e-06, 5.291230536386138e-06, 5.050776053394657e-06, 3.8187004065548535e-06, 2.9598932087537833e-06, 2.3715178940619808e-06, 1.7599026023162878e-06, 1.2891700862383004e-06, 1.0703985253712744e-06], "lowlevel.melbands.stdev": [0.019879812374711037, 0.007737162988632917, 0.006446970626711845, 0.0017061700345948339, 0.0005717489402741194, 0.00043128602555952966, 0.00025990529684349895, 0.00024160114116966724, 0.00013215278158895671, 9.22634790185839e-05, 8.533117943443358e-05, 3.8564405258512124e-05, 5.360287832445465e-05, 6.589415716007352e-05, 3.071761238970794e-05, 2.6643177989171818e-05, 2.7940932341152802e-05, 2.523208240745589e-05, 1.6334848623955622e-05, 1.4175486285239458e-05, 1.3077713447273709e-05, 1.4399671272258274e-05, 1.3484636838256847e-05, 1.0271291102981195e-05, 1.09602906377404e-05, 1.2065367627656087e-05, 8.660137609695084e-06, 9.14685006137006e-06, 1.1737517525034491e-05, 1.62486030603759e-05, 1.2102035725547466e-05, 1.7546033632243052e-05, 1.486467954237014e-05, 1.463599346607225e-05, 1.109369895857526e-05, 9.576175216352567e-06, 7.825235115888063e-06, 5.5731543397996575e-06, 3.5590703646448674e-06, 2.7094217784906505e-06], "lowlevel.melbands128.mean": [0.020124753937125206, 0.054796211421489716, 0.03467145562171936, 0.010299243032932281, 0.0036529083736240864, 0.0038930063601583242, 0.002512107603251934, 0.0011129446793347597, 0.0005242528859525919, 0.0003956737054977566, 0.00036476494278758764, 0.00020336895249783993, 0.00010551936429692432, 0.00011739893670892343, 0.00019963925296906382, 0.00021663094230461866, 0.00010433835996082053, 7.259861013153568e-05, 9.754543862072751e-05, 0.00011864139378303662, 7.296749390661716e-05, 5.1719754992518574e-05, 5.838328434037976e-05, 4.9963036872213706e-05, 2.9891118174418807e-05, 3.450201984378509e-05, 5.672882980434224e-05, 2.0622068404918537e-05, 1.3859801583748776e-05, 1.4023044968780596e-05, 1.048838112183148e-05, 1.4558723705704324e-05, 2.117394978995435e-05, 2.585827314760536e-05, 3.5079268855042756e-05, 1.5831621567485854e-05, 8.737131793168373e-06, 8.970604540081695e-06, 7.715937499597203e-06, 9.421189133718144e-06, 8.328226613230072e-06, 1.0402620318927802e-05, 8.990463356894907e-06, 9.710998710943386e-06, 9.609364497009665e-06, 6.421059424610576e-06, 8.005440577107947e-06, 6.377405497914879e-06, 5.365478955354774e-06, 6.3933953242667485e-06, 4.294008249416947e-06, 4.312013061280595e-06, 4.484727469389327e-06, 4.0768072722130455e-06, 4.460214768187143e-06, 4.934425760438899e-06, 5.45273132956936e-06, 4.008031282864977e-06, 4.1546304601070005e-06, 3.0379283089132514e-06, 2.2431954675994348e-06, 2.4586845484009245e-06, 2.701472340049804e-06, 3.0021544716873905e-06, 2.931670906036743e-06, 2.966585952890455e-06, 2.9134275791875552e-06, 2.2677127162751276e-06, 2.1303385437931865e-06, 1.9649633031804115e-06, 2.2371775685314788e-06, 2.8810816274926765e-06, 3.0328262710099807e-06, 4.226482815283816e-06, 6.275641680986155e-06, 7.20781417840044e-06, 7.218157406896353e-06, 4.709925633505918e-06, 4.547378921415657e-06, 4.560612978821155e-06, 7.084822300384985e-06, 8.366672773263417e-06, 6.003178896207828e-06, 5.071643499832135e-06, 4.45253363068332e-06, 4.352387350081699e-06, 5.633491582557326e-06, 5.771299129264662e-06, 3.0564708595193224e-06, 3.0110113584669307e-06, 3.536962367434171e-06, 2.7083649456471903e-06, 2.4918770122894784e-06, 2.5733845632203156e-06, 2.145681264664745e-06, 1.825452613957168e-06, 1.739328695293807e-06, 1.6209155546675902e-06, 1.1914121387235355e-06, 1.1978197562712012e-06, 1.18288085104723e-06, 1.0644848771335091e-06, 9.398532938575954e-07, 7.206189138742047e-07, 5.381542109716975e-07, 4.5523179892370536e-07, 4.209776136576693e-07, 3.2081041467790783e-07, 2.3998808273972827e-07, 1.9815719554117095e-07, 1.7347143455026526e-07, 1.2177460462226009e-07, 1.1031484348222875e-07, 8.112208860211467e-08, 4.5912898372080235e-08, 2.0560447566708717e-08, 5.185144313912815e-09, 1.3183397429283872e-10, 4.29043502114812e-11, 4.177215517930932e-11, 3.3799879561868806e-11, 2.7998837623388617e-11, 2.2960633394575325e-11, 2.2518159212281397e-11, 2.211631051907137e-11, 2.1756072637879598e-11, 2.1521074852759448e-11, 2.139119784083654e-11], "lowlevel.melbands128.stdev": [0.012831220403313637, 0.03144407644867897, 0.02549172379076481, 0.011685332283377647, 0.007825260981917381, 0.010948925279080868, 0.009546111337840557, 0.005391739774495363, 0.002701852470636368, 0.0016344059258699417, 0.0011664667399600148, 0.0007298117852769792, 0.00046906163333915174, 0.0004356010176707059, 0.0005244602798484266, 0.0005605490878224373, 0.0003125891089439392, 0.00024643971119076014, 0.0002917152887675911, 0.0003349808685015887, 0.00024573199334554374, 0.00017443194519728422, 0.00016984748071990907, 0.00014840239600744098, 0.00010145510896109045, 9.663662785897031e-05, 0.00020863019744865596, 7.163483678596094e-05, 4.995522613171488e-05, 5.490595503943041e-05, 3.424378883210011e-05, 3.97387302655261e-05, 7.098247442627326e-05, 7.489122072001919e-05, 0.00011616890697041526, 6.132893759058788e-05, 3.6442899727262557e-05, 3.629667480709031e-05, 2.690262954274658e-05, 3.933576226700097e-05, 2.4924704121076502e-05, 3.11137227981817e-05, 2.745922756730579e-05, 3.2904979889281094e-05, 4.3010029912693426e-05, 1.8090302546625026e-05, 2.9405160603346303e-05, 1.8168455426348373e-05, 1.473908378102351e-05, 2.0319725081208162e-05, 1.4837671187706292e-05, 1.4942766028980259e-05, 1.5066691958054435e-05, 1.3717506590182893e-05, 1.6294980014208704e-05, 1.531560701550916e-05, 1.944853829627391e-05, 1.3765522453468293e-05, 1.61230236699339e-05, 1.4289287719293498e-05, 9.276554010284599e-06, 1.0999841833836399e-05, 1.0445477528264746e-05, 1.2771753063134383e-05, 1.2183324543002527e-05, 1.2787648302037269e-05, 1.4463904335570987e-05, 1.0060002750833519e-05, 8.383386557397898e-06, 7.5450006988830864e-06, 9.646111720940098e-06, 1.1005865417246241e-05, 9.055887858266942e-06, 1.1741516573238187e-05, 2.0054001652169973e-05, 1.863640318333637e-05, 1.8667251424631104e-05, 1.2892972335976083e-05, 1.2960153071617242e-05, 1.1774773156503215e-05, 1.8135207938030362e-05, 2.3816226530470885e-05, 1.873441033239942e-05, 1.5123495359148365e-05, 1.3552884411183186e-05, 1.4131581338006072e-05, 1.7632277376833372e-05, 1.7614196622162126e-05, 9.382280950376298e-06, 9.824727385421284e-06, 1.2353173588053323e-05, 8.924397661758121e-06, 8.68068036652403e-06, 9.145161129708868e-06, 7.169167929532705e-06, 6.385971119016176e-06, 5.923782282479806e-06, 5.176704235054785e-06, 3.5948278309660964e-06, 3.5079633562418167e-06, 3.076878329011379e-06, 2.8005822514387546e-06, 2.703720156205236e-06, 1.9810154299193528e-06, 1.5689576002841932e-06, 1.3985345503897406e-06, 1.217239173456619e-06, 9.862286560746725e-07, 7.329618370022217e-07, 6.438165200961521e-07, 5.972906933493505e-07, 4.444187879926176e-07, 4.0974134662974393e-07, 3.1500195518674445e-07, 2.1012759532368364e-07, 1.3888862326894014e-07, 4.138365383710152e-08, 1.1391064758115022e-09, 5.769593691695718e-10, 6.837131416581599e-10, 4.617872473300366e-10, 3.165270268112863e-10, 2.562358658586561e-10, 2.5012114601707935e-10, 2.45159670342332e-10, 2.4163301914903457e-10, 2.3907426038860535e-10, 2.3753488065381134e-10], "lowlevel.mfcc.mean": [-723.5905151367188, 117.10393524169922, 48.69638442993164, 45.94074630737305, 21.125205993652344, 35.86835861206055, 15.475346565246582, 13.977540969848633, 20.4569149017334, 4.474919319152832, 15.825284004211426, 16.910167694091797, 7.242481231689453], "lowlevel.spectral_contrast_coeffs.mean": [-0.697063148021698, -0.7783586382865906, -0.8194428086280823, -0.8301576972007751, -0.8206676244735718, -0.75185227394104], "lowlevel.spectral_contrast_coeffs.stdev": [0.0691060870885849, 0.07755220681428909, 0.05526116490364075, 0.04138750210404396, 0.03800413757562637, 0.04145317152142525], "lowlevel.spectral_contrast_valleys.mean": [-6.791303634643555, -7.692756652832031, -8.366780281066895, -8.636211395263672, -8.535322189331055, -10.628064155578613], "lowlevel.spectral_contrast_valleys.stdev": [0.7551515102386475, 1.0806539058685303, 1.0170376300811768, 0.9771077036857605, 1.0132486820220947, 1.2481516599655151], "rhythm.beats_loudness_band_ratio.mean": [0.9061188101768494, 0.013438924215734005, 0.015441536903381348, 0.012866468168795109, 0.014311477541923523, 0.04080505669116974], "rhythm.beats_loudness_band_ratio.stdev": [0.1219034418463707, 0.026603909209370613, 0.01912672258913517, 0.020116455852985382, 0.026513300836086273, 0.08022067695856094], "tonal.hpcp.mean": [0.03223596140742302, 0.021913353353738785, 0.01720418967306614, 0.027167854830622673, 0.055277951061725616, 0.057055454701185226, 0.04321760684251785, 0.045857757329940796, 0.037670526653528214, 0.022735998034477234, 0.018385984003543854, 0.01727861352264881, 0.01433681882917881, 0.013967789709568024, 0.019017893821001053, 0.02442297153174877, 0.033569447696208954, 0.06637934595346451, 0.15303738415241241, 0.29776304960250854, 0.24846726655960083, 0.11655108630657196, 0.14889466762542725, 0.12232325971126556, 0.06430738419294357, 0.05640770122408867, 0.03761490806937218, 0.030574925243854523, 0.02786017209291458, 0.02219611033797264, 0.017559261992573738, 0.026415778324007988, 0.03919480741024017, 0.08600474148988724, 0.15493474900722504, 0.10777071863412857], "tonal.hpcp.stdev": [0.14891642332077026, 0.12465328723192215, 0.10860747843980789, 0.10475846379995346, 0.13638941943645477, 0.15515488386154175, 0.14842656254768372, 0.16247133910655975, 0.1519906371831894, 0.11391616612672806, 0.09757422655820847, 0.09505177289247513, 0.0896964818239212, 0.0813741609454155, 0.11234202980995178, 0.12680493295192719, 0.1489829421043396, 0.20668207108974457, 0.29944413900375366, 0.41820672154426575, 0.38611283898353577, 0.24077871441841125, 0.3360079228878021, 0.27922797203063965, 0.21096615493297577, 0.20839780569076538, 0.16113099455833435, 0.14366202056407928, 0.13709942996501923, 0.11446885019540787, 0.10885963588953018, 0.14044563472270966, 0.1732119917869568, 0.2198626697063446, 0.34752321243286133, 0.2570797801017761], "rhythm.beats_position": [0.42956915497779846, 0.8823582530021667, 1.3235373497009277, 1.7647165060043335, 2.217505693435669, 2.670294761657715, 3.111473798751831, 3.5526530742645264, 4.005442142486572, 4.458230972290039, 4.899410247802734, 5.352199554443359, 5.804988384246826, 6.2461676597595215, 6.6989569664001465, 7.151745796203613, 7.592925071716309, 8.034104347229004, 8.4752836227417, 8.916461944580078, 9.369251251220703, 9.822040557861328, 10.286439895629883, 10.727619171142578, 11.168798446655273, 11.621586799621582, 12.074376106262207, 12.515555381774902, 12.956734657287598, 13.409523963928223, 13.862312316894531, 14.303491592407227, 14.744670867919922, 15.197460174560547, 15.650249481201172, 16.103038787841797, 16.555828094482422, 17.008617401123047, 17.44979476928711, 17.890974044799805, 18.34376335144043, 18.784942626953125, 19.23773193359375, 19.690521240234375, 20.13170051574707, 20.572879791259766, 21.02566909790039, 21.478458404541016, 21.91963768005371, 22.360815048217773, 22.8136043548584, 23.266393661499023, 23.70757293701172, 24.160362243652344, 24.61315155029297, 25.054330825805664, 25.49551010131836, 25.948299407958984, 26.40108871459961, 26.842267990112305, 27.295055389404297, 27.747844696044922, 28.189023971557617, 28.630203247070312, 29.071382522583008, 29.524171829223633, 29.976961135864258, 30.429750442504883, 30.882539749145508, 31.323719024658203, 31.7648983001709, 32.21768569946289, 32.670475006103516, 33.111656188964844, 33.552833557128906, 34.00562286376953, 34.458412170410156, 34.89958953857422, 35.352378845214844, 35.80516815185547, 36.2463493347168, 36.68752670288086], "rhythm.bpm_histogram": [0.0, 0.0, 0.0, 0.0, 0.0, 0.0, 0.0, 0.0, 0.0, 0.0, 0.0, 0.0, 0.0, 0.0, 0.0, 0.0, 0.0, 0.0, 0.0, 0.0, 0.0, 0.0, 0.0, 0.0, 0.0, 0.0, 0.0, 0.0, 0.0, 0.0, 0.0, 0.0, 0.0, 0.0, 0.0, 0.0, 0.0, 0.0, 0.0, 0.0, 0.0, 0.0, 0.0, 0.0, 0.0, 0.0, 0.0, 0.0, 0.0, 0.0, 0.0, 0.0, 0.0, 0.0, 0.0, 0.0, 0.0, 0.0, 0.0, 0.0, 0.0, 0.0, 0.0, 0.0, 0.0, 0.0, 0.0, 0.0, 0.0, 0.0, 0.0, 0.0, 0.0, 0.0, 0.0, 0.0, 0.0, 0.0, 0.0, 0.0, 0.0, 0.0, 0.0, 0.0, 0.0, 0.0, 0.0, 0.0, 0.0, 0.0, 0.0, 0.0, 0.0, 0.0, 0.0, 0.0, 0.0, 0.0, 0.0, 0.0, 0.0, 0.0, 0.0, 0.0, 0.0, 0.0, 0.0, 0.0, 0.0, 0.0, 0.0, 0.0, 0.0, 0.0, 0.0, 0.0, 0.0, 0.0, 0.0, 0.0, 0.0, 0.0, 0.0, 0.0, 0.0, 0.0, 0.0, 0.0, 0.0, 0.012345679104328156, 0.0, 0.0, 0.0, 0.5308641791343689, 0.0, 0.0, 0.45679011940956116, 0.0, 0.0, 0.0, 0.0, 0.0, 0.0, 0.0, 0.0, 0.0, 0.0, 0.0, 0.0, 0.0, 0.0, 0.0, 0.0, 0.0, 0.0, 0.0, 0.0, 0.0, 0.0, 0.0, 0.0, 0.0, 0.0, 0.0, 0.0, 0.0, 0.0, 0.0, 0.0, 0.0, 0.0, 0.0, 0.0, 0.0, 0.0, 0.0, 0.0, 0.0, 0.0, 0.0, 0.0, 0.0, 0.0, 0.0, 0.0, 0.0, 0.0, 0.0, 0.0, 0.0, 0.0, 0.0, 0.0, 0.0, 0.0, 0.0, 0.0, 0.0, 0.0, 0.0, 0.0, 0.0, 0.0, 0.0, 0.0, 0.0, 0.0, 0.0, 0.0, 0.0, 0.0, 0.0, 0.0, 0.0, 0.0, 0.0, 0.0, 0.0, 0.0, 0.0, 0.0, 0.0, 0.0, 0.0, 0.0, 0.0, 0.0, 0.0, 0.0, 0.0, 0.0, 0.0, 0.0, 0.0, 0.0, 0.0, 0.0, 0.0, 0.0, 0.0, 0.0, 0.0, 0.0, 0.0, 0.0, 0.0, 0.0, 0.0, 0.0, 0.0], "tonal.chords_histogram": [13.836478233337402, 11.194968223571777, 0.0, 0.0, 0.0, 1.761006236076355, 0.8805031180381775, 32.704402923583984, 11.57232666015625, 0.0, 0.0, 0.1257861703634262, 0.0, 0.0, 1.3836477994918823, 2.264150857925415, 3.7735848426818848, 0.0, 0.0, 0.0, 0.0, 0.0, 14.96855354309082, 5.534591197967529], "tonal.thpcp": [1.0, 0.8344462513923645, 0.3914222717285156, 0.5000441670417786, 0.41080737113952637, 0.2159683108329773, 0.18943822383880615, 0.12632496654987335, 0.10268206894397736, 0.09356490522623062, 0.07454286515712738, 0.05897058919072151, 0.08871409296989441, 0.13163086771965027, 0.28883618116378784, 0.5203289985656738, 0.36193448305130005, 0.10826044529676437, 0.07359325885772705, 0.057778120040893555, 0.09123984724283218, 0.18564409017562866, 0.19161361455917358, 0.14514093101024628, 0.15400755405426025, 0.12651175260543823, 0.07635600864887238, 0.061747029423713684, 0.05802806466817856, 0.048148415982723236, 0.04690907523036003, 0.06386922299861908, 0.08202149718999863, 0.11273879557847977, 0.22292673587799072, 0.5139569640159607], "lowlevel.gfcc.cov": [[6530.646484375, -1503.9521484375, -1368.559814453125, -310.3135681152344, -1571.00048828125, 70.04922485351562, -722.3296508789062, 402.19610595703125, -250.7498016357422, 380.6720275878906, -521.3411254882812, 181.61126708984375, -331.3783874511719], [-1503.9521484375, 1874.950927734375, 102.04735565185547, -569.7077026367188, 417.949462890625, -420.75811767578125, 128.64393615722656, -248.0066680908203, 93.61385345458984, -212.51719665527344, 209.99844360351562, -132.27069091796875, 186.1880340576172], [-1368.559814453125, 102.04735565185547, 871.5026245117188, 225.36326599121094, 185.8250732421875, -47.491966247558594, 27.794775009155273, -163.51364135742188, -43.168739318847656, -72.05033874511719, 112.13375854492188, 33.82089614868164, 40.06494903564453], [-310.3135681152344, -569.7077026367188, 225.36326599121094, 511.14849853515625, 105.95244598388672, 68.9220962524414, -70.36382293701172, -15.593629837036133, 16.02824592590332, 10.627196311950684, 4.058474063873291, 5.129479885101318, -0.5328497290611267], [-1571.00048828125, 417.949462890625, 185.8250732421875, 105.95244598388672, 708.006591796875, -77.52808380126953, 150.6725616455078, -67.36054992675781, 99.70085144042969, -93.09113311767578, 95.56410217285156, -98.2668228149414, 93.73627471923828], [70.04922485351562, -420.75811767578125, -47.491966247558594, 68.9220962524414, -77.52808380126953, 341.95025634765625, 169.5023651123047, 31.855106353759766, -65.99848937988281, -39.00564193725586, -29.742691040039062, 9.327699661254883, -52.52329635620117], [-722.3296508789062, 128.64393615722656, 27.794775009155273, -70.36382293701172, 150.6725616455078, 169.5023651123047, 355.6730651855469, 7.050467014312744, -15.419052124023438, -93.69656372070312, 48.67951202392578, -30.729040145874023, 5.085957050323486], [402.19610595703125, -248.0066680908203, -163.51364135742188, -15.593629837036133, -67.36054992675781, 31.855106353759766, 7.050467014312744, 162.71669006347656, 44.19573211669922, 56.30815124511719, -63.34617233276367, -4.888915538787842, -38.3823127746582], [-250.7498016357422, 93.61385345458984, -43.168739318847656, 16.02824592590332, 99.70085144042969, -65.99848937988281, -15.419052124023438, 44.19573211669922, 187.39930725097656, 60.18891525268555, 6.4309186935424805, -60.728057861328125, 25.005756378173828], [380.6720275878906, -212.51719665527344, -72.05033874511719, 10.627196311950684, -93.09113311767578, -39.00564193725586, -93.69656372070312, 56.30815124511719, 60.18891525268555, 170.44020080566406, -13.333820343017578, 11.390192985534668, -31.80774688720703], [-521.3411254882812, 209.99844360351562, 112.13375854492188, 4.058474063873291, 95.56410217285156, -29.742691040039062, 48.67951202392578, -63.34617233276367, 6.4309186935424805, -13.333820343017578, 169.50210571289062, 31.309707641601562, 54.068660736083984], [181.61126708984375, -132.27069091796875, 33.82089614868164, 5.129479885101318, -98.2668228149414, 9.327699661254883, -30.729040145874023, -4.888915538787842, -60.728057861328125, 11.390192985534668, 31.309707641601562, 141.41136169433594, 24.347013473510742], [-331.3783874511719, 186.1880340576172, 40.06494903564453, -0.5328497290611267, 93.73627471923828, -52.52329635620117, 5.085957050323486, -38.3823127746582, 25.005756378173828, -31.80774688720703, 54.068660736083984, 24.347013473510742, 111.26025390625]], "lowlevel.gfcc.icov": [[0.001112608122639358, 0.0006187192047946155, 0.001137922634370625, 0.0006755326176062226, 0.001203439082019031, 0.0005231547984294593, 0.001295029534958303, -0.00019907666137441993, 0.0010547662386670709, 2.0554318325594068e-05, 0.0006603111978620291, 0.00016771785158198327, 0.00038830339326523244], [0.0006187192047946155, 0.009777349419891834, 0.0005478428793139756, 0.009902926161885262, -0.0003772487980313599, 0.008968806825578213, -0.0012656664475798607, 0.008683371357619762, -0.003845163621008396, 0.008765384554862976, -0.004870344884693623, 0.006215585395693779, -0.0026869357097893953], [0.001137922634370625, 0.0005478428793139756, 0.0029555715154856443, -0.000285223126411438, 0.0011403748067095876, 0.0011309783440083265, 0.0007646179874427617, 0.0011954205110669136, 0.001148589071817696, 0.00017492403276264668, 0.0003759296960197389, -0.0005098612746223807, 0.0010780756128951907], [0.0006755326176062226, 0.009902926161885262, -0.000285223126411438, 0.013082727789878845, -0.0011831147130578756, 0.007155442610383034, 0.0007026413222774863, 0.0082091074436903, -0.00424147117882967, 0.008761752396821976, -0.004953201860189438, 0.006166348233819008, -0.0027042727451771498], [0.001203439082019031, -0.0003772487980313599, 0.0011403748067095876, -0.0011831147130578756, 0.0040740263648331165, 0.0007357635768130422, 0.00015716317284386605, -0.0009184892987832427, 0.0009104355121962726, -0.0002329255803488195, 0.0008096264209598303, 0.0009709810256026685, -0.0004868750984314829], [0.0005231547984294593, 0.008968806825578213, 0.0011309783440083265, 0.007155442610383034, 0.0007357635768130422, 0.014355993829667568, -0.005150056444108486, 0.00826022308319807, -0.0025813975371420383, 0.008274229243397713, -0.0036322670057415962, 0.005117672495543957, -0.0009904725011438131], [0.001295029534958303, -0.0012656664475798607, 0.0007646179874427617, 0.0007026413222774863, 0.00015716317284386605, -0.005150056444108486, 0.008642610162496567, -0.004110969603061676, 0.001940986723639071, 0.00034996619797311723, -0.00038136463263072073, -0.00019028950191568583, 0.0012170665431767702], [-0.00019907666137441993, 0.008683371357619762, 0.0011954205110669136, 0.0082091074436903, -0.0009184892987832427, 0.00826022308319807, -0.004110969603061676, 0.01920880377292633, -0.007339303847402334, 0.006204915698617697, -0.0017020697705447674, 0.0031887164805084467, -0.0004746642953250557], [0.0010547662386670709, -0.003845163621008396, 0.001148589071817696, -0.00424147117882967, 0.0009104355121962726, -0.0025813975371420383, 0.001940986723639071, -0.007339303847402334, 0.013352767564356327, -0.008129024878144264, 0.0022924253717064857, 0.0021905305329710245, -0.002382403938099742], [2.0554318325594068e-05, 0.008765384554862976, 0.00017492403276264668, 0.008761752396821976, -0.0002329255803488195, 0.008274229243397713, 0.00034996619797311723, 0.006204915698617697, -0.008129024878144264, 0.01850370690226555, -0.006591432262212038, 0.0036820771638303995, 0.001113068894483149], [0.0006603111978620291, -0.004870344884693623, 0.0003759296960197389, -0.004953201860189438, 0.0008096264209598303, -0.0036322670057415962, -0.00038136463263072073, -0.0017020697705447674, 0.0022924253717064857, -0.006591432262212038, 0.01280928123742342, -0.005915703717619181, -0.00033867673482745886], [0.00016771785158198327, 0.006215585395693779, -0.0005098612746223807, 0.006166348233819008, 0.0009709810256026685, 0.005117672495543957, -0.00019028950191568583, 0.0031887164805084467, 0.0021905305329710245, 0.0036820771638303995, -0.005915703717619181, 0.016147291287779808, -0.007080503273755312], [0.00038830339326523244, -0.0026869357097893953, 0.0010780756128951907, -0.0027042727451771498, -0.0004868750984314829, -0.0009904725011438131, 0.0012170665431767702, -0.0004746642953250557, -0.002382403938099742, 0.001113068894483149, -0.00033867673482745886, -0.007080503273755312, 0.016530627384781837]], "lowlevel.mfcc.cov": [[7980.5302734375, -1932.79638671875, -554.54296875, -904.5098876953125, -960.8955688476562, -635.1886596679688, -708.9182739257812, -291.2134094238281, -127.4639663696289, 255.67921447753906, -154.01072692871094, -196.96392822265625, -119.31018829345703], [-1932.79638671875, 2302.847900390625, -264.5980224609375, -43.312347412109375, 87.0667724609375, -160.1263885498047, 51.316471099853516, -104.18509674072266, -12.270258903503418, -212.8844451904297, -8.516144752502441, 52.958377838134766, -27.92009735107422], [-554.54296875, -264.5980224609375, 728.6964111328125, 116.29931640625, -16.20965576171875, 89.0237045288086, 8.591492652893066, 0.13050010800361633, -127.38390350341797, -104.67078399658203, -49.95559310913086, 1.7057602405548096, 37.167266845703125], [-904.5098876953125, -43.312347412109375, 116.29931640625, 426.7480773925781, 308.0154724121094, 31.785842895507812, -12.536344528198242, -54.464874267578125, 2.069706678390503, -23.360719680786133, -4.52243709564209, 13.733474731445312, -10.070735931396484], [-960.8955688476562, 87.0667724609375, -16.20965576171875, 308.0154724121094, 426.93048095703125, 52.95822525024414, 1.2676985263824463, -48.08610153198242, 28.11119842529297, 11.985760688781738, -3.689021348953247, 7.8646039962768555, -26.446033477783203], [-635.1886596679688, -160.1263885498047, 89.0237045288086, 31.785842895507812, 52.95822525024414, 259.18896484375, 158.12525939941406, 104.56212615966797, 5.055024147033691, -7.5475664138793945, 9.24834156036377, 2.2040445804595947, 22.113468170166016], [-708.9182739257812, 51.316471099853516, 8.591492652893066, -12.536344528198242, 1.2676985263824463, 158.12525939941406, 307.7871398925781, 156.76123046875, -3.791249990463257, -26.944141387939453, 1.8983649015426636, 18.746078491210938, 14.215302467346191], [-291.2134094238281, -104.18509674072266, 0.13050010800361633, -54.464874267578125, -48.08610153198242, 104.56212615966797, 156.76123046875, 215.2139434814453, 41.600830078125, -13.255269050598145, -1.2601364850997925, -17.175851821899414, 33.28478240966797], [-127.4639663696289, -12.270258903503418, -127.38390350341797, 2.069706678390503, 28.11119842529297, 5.055024147033691, -3.791249990463257, 41.600830078125, 162.84747314453125, 70.92145538330078, 42.153160095214844, 5.077216625213623, -13.924215316772461], [255.67921447753906, -212.8844451904297, -104.67078399658203, -23.360719680786133, 11.985760688781738, -7.5475664138793945, -26.944141387939453, -13.255269050598145, 70.92145538330078, 202.7433319091797, 59.45623016357422, -16.696422576904297, -58.772159576416016], [-154.01072692871094, -8.516144752502441, -49.95559310913086, -4.52243709564209, -3.689021348953247, 9.24834156036377, 1.8983649015426636, -1.2601364850997925, 42.153160095214844, 59.45623016357422, 139.02603149414062, 43.19631576538086, -4.043667793273926], [-196.96392822265625, 52.958377838134766, 1.7057602405548096, 13.733474731445312, 7.8646039962768555, 2.2040445804595947, 18.746078491210938, -17.175851821899414, 5.077216625213623, -16.696422576904297, 43.19631576538086, 97.3516616821289, 29.51421356201172], [-119.31018829345703, -27.92009735107422, 37.167266845703125, -10.070735931396484, -26.446033477783203, 22.113468170166016, 14.215302467346191, 33.28478240966797, -13.924215316772461, -58.772159576416016, -4.043667793273926, 29.51421356201172, 123.87982177734375]], "lowlevel.mfcc.icov": [[0.0010239898692816496, 0.0011276487493887544, 0.0010769398650154471, 0.0012659856583923101, 0.001110004959627986, 0.0013599629746749997, 0.0010493290610611439, 0.0008215551497414708, 0.0008989598136395216, 0.0004699377459473908, 0.000995836453512311, 0.0003912115644197911, 0.0009365205187350512], [0.0011276487493887544, 0.0018997048027813435, 0.0013666051672771573, 0.0017867468995973468, 0.000819423992652446, 0.0020186654292047024, 0.0005732761928811669, 0.0014849483268335462, 0.0006810474442318082, 0.0016553326277062297, 0.0007776420097798109, 0.0005005721468478441, 0.0013672703644260764], [0.0010769398650154471, 0.0013666051672771573, 0.00315936584956944, 0.00035924429539591074, 0.001911997445859015, 0.000562864588573575, 0.0015859677223488688, 0.0006894859252497554, 0.002206637291237712, 0.0011163908056914806, 0.001263403450138867, 0.0001452319702366367, 0.0011512991040945053], [0.0012659856583923101, 0.0017867468995973468, 0.00035924429539591074, 0.007478983141481876, -0.002983963582664728, 0.0024420563131570816, 0.0007323018508031964, 0.001991209341213107, 0.00035438776831142604, 0.0019528738921508193, 0.0005557413678616285, 0.0006090644164942205, 0.0012695775367319584], [0.001110004959627986, 0.000819423992652446, 0.001911997445859015, -0.002983963582664728, 0.007145889103412628, -0.00022103967785369605, 0.0014953220961615443, 0.0014082079287618399, 0.0007015839219093323, -0.00048659727326594293, 0.002057825680822134, 0.0001378878514515236, 0.0013348504435271025], [0.0013599629746749997, 0.0020186654292047024, 0.000562864588573575, 0.0024420563131570816, -0.00022103967785369605, 0.008965639397501945, -0.0019501836504787207, 0.0004149724845774472, 0.0007192309712991118, 0.0010283986339345574, 0.00024840288097038865, 0.0014419931685552, 0.0004923822707496583], [0.0010493290610611439, 0.0005732761928811669, 0.0015859677223488688, 0.0007323018508031964, 0.0014953220961615443, -0.0019501836504787207, 0.008944501169025898, -0.004589173477143049, 0.003207885893061757, -0.0002393080067122355, 0.001850055530667305, -0.002732760738581419, 0.0025560318026691675], [0.0008215551497414708, 0.0014849483268335462, 0.0006894859252497554, 0.001991209341213107, 0.0014082079287618399, 0.0004149724845774472, -0.004589173477143049, 0.011855346150696278, -0.0034142404329031706, 0.0022175461053848267, 0.00015371649351436645, 0.004429232329130173, -0.0017332043498754501], [0.0008989598136395216, 0.0006810474442318082, 0.002206637291237712, 0.00035438776831142604, 0.0007015839219093323, 0.0007192309712991118, 0.003207885893061757, -0.0034142404329031706, 0.010663927532732487, -0.0025316777173429728, 3.6085795727558434e-05, -0.0013251336058601737, 0.0012711166637018323], [0.0004699377459473908, 0.0016553326277062297, 0.0011163908056914806, 0.0019528738921508193, -0.00048659727326594293, 0.0010283986339345574, -0.0002393080067122355, 0.0022175461053848267, -0.0025316777173429728, 0.010125704109668732, -0.0031669640447944403, 0.0023780004121363163, 0.0036431055050343275], [0.000995836453512311, 0.0007776420097798109, 0.001263403450138867, 0.0005557413678616285, 0.002057825680822134, 0.00024840288097038865, 0.001850055530667305, 0.00015371649351436645, 3.6085795727558434e-05, -0.0031669640447944403, 0.011789076961576939, -0.005102240480482578, 0.0010438374010846019], [0.0003912115644197911, 0.0005005721468478441, 0.0001452319702366367, 0.0006090644164942205, 0.0001378878514515236, 0.0014419931685552, -0.002732760738581419, 0.004429232329130173, -0.0013251336058601737, 0.0023780004121363163, -0.005102240480482578, 0.01578599587082863, -0.003557211486622691], [0.0009365205187350512, 0.0013672703644260764, 0.0011512991040945053, 0.0012695775367319584, 0.0013348504435271025, 0.0004923822707496583, 0.0025560318026691675, -0.0017332043498754501, 0.0012711166637018323, 0.0036431055050343275, 0.0010438374010846019, -0.003557211486622691, 0.012162555009126663]], "metadata.audio_properties.analysis.downmix": "mix", "metadata.audio_properties.codec": "mp3", "metadata.audio_properties.md5_encoded": "f479cd5cf0160c729b24565f07571035", "metada