{"song_id": "1182280200550101074", "download": "https://cdn.discordapp.com/attachments/1128313332273782784/1182280200550101074/chirp.mp4?ex=65841f3d&amp", "lyrics": "[Verse]\nProsrali Geptral, Geptral, Geptral (uh)\nNas poslal Geptral, Geptral (yeah)\nKreativ ne zashiol, a (uh)\nNa khren poshiol (ooh-yeah)\n\n[Chorus]\nProsrali Geptral, Geptral, Geptral (ooh-yeah)\nNas poslal Geptral, Geptral (uh)\nKreativ ne zashiol, a (ooh-yeah)\nNa khren poshiol (ooh-yeah)", "style": ["mathrock</span><span>, post hardcore"], "essentia_features": {"lowlevel.average_loudness": 0.7046053409576416, "lowlevel.barkbands_crest.mean": 11.704352378845215, "lowlevel.barkbands_crest.stdev": 4.520825386047363, "lowlevel.barkbands_flatness_db.mean": 0.25354912877082825, "lowlevel.barkbands_flatness_db.stdev": 0.04092332720756531, "lowlevel.barkbands_kurtosis.mean": 3.4210615158081055, "lowlevel.barkbands_kurtosis.stdev": 5.1048359870910645, "lowlevel.barkbands_skewness.mean": 1.4300225973129272, "lowlevel.barkbands_skewness.stdev": 0.8204189538955688, "lowlevel.barkbands_spread.mean": 8.802000999450684, "lowlevel.barkbands_spread.stdev": 3.91542649269104, "lowlevel.dissonance.mean": 0.44753289222717285, "lowlevel.dissonance.stdev": 0.0373261384665966, "lowlevel.dynamic_complexity": 3.1918578147888184, "lowlevel.erbbands_crest.mean": 12.664155006408691, "lowlevel.erbbands_crest.stdev": 4.815763473510742, "lowlevel.erbbands_flatness_db.mean": 0.3286307156085968, "lowlevel.erbbands_flatness_db.stdev": 0.036536701023578644, "lowlevel.erbbands_kurtosis.mean": 1.0946376323699951, "lowlevel.erbbands_kurtosis.stdev": 3.0746171474456787, "lowlevel.erbbands_skewness.mean": 1.057868480682373, "lowlevel.erbbands_skewness.stdev": 0.7373829483985901, "lowlevel.erbbands_spread.mean": 16.776592254638672, "lowlevel.erbbands_spread.stdev": 6.246272563934326, "lowlevel.hfc.mean": 16.157785415649414, "lowlevel.hfc.stdev": 15.747130393981934, "lowlevel.loudness_ebu128.integrated": -21.684478759765625, "lowlevel.loudness_ebu128.loudness_range": 8.587665557861328, "lowlevel.loudness_ebu128.momentary.mean": -22.952085494995117, "lowlevel.loudness_ebu128.momentary.stdev": 3.3515217304229736, "lowlevel.loudness_ebu128.short_term.mean": -22.827159881591797, "lowlevel.loudness_ebu128.short_term.stdev": 2.9456686973571777, "lowlevel.melbands_crest.mean": 14.94633960723877, "lowlevel.melbands_crest.stdev": 5.446386814117432, "lowlevel.melbands_flatness_db.mean": 0.28361475467681885, "lowlevel.melbands_flatness_db.stdev": 0.043054644018411636, "lowlevel.melbands_kurtosis.mean": 6.800024509429932, "lowlevel.melbands_kurtosis.stdev": 7.19634485244751, "lowlevel.melbands_skewness.mean": 1.7946958541870117, "lowlevel.melbands_skewness.stdev": 0.9306584000587463, "lowlevel.melbands_spread.mean": 13.042661666870117, "lowlevel.melbands_spread.stdev": 6.243636131286621, "lowlevel.pitch_salience.mean": 0.5494977831840515, "lowlevel.pitch_salience.stdev": 0.12089764326810837, "lowlevel.silence_rate_20dB.mean": 1.0, "lowlevel.silence_rate_20dB.stdev": 0.0, "lowlevel.silence_rate_30dB.mean": 0.9986631274223328, "lowlevel.silence_rate_30dB.stdev": 0.03653918206691742, "lowlevel.silence_rate_60dB.mean": 0.026737967506051064, "lowlevel.silence_rate_60dB.stdev": 0.16131484508514404, "lowlevel.spectral_centroid.mean": 1273.4945068359375, "lowlevel.spectral_centroid.stdev": 332.6991271972656, "lowlevel.spectral_complexity.mean": 15.413101196289062, "lowlevel.spectral_complexity.stdev": 6.731019973754883, "lowlevel.spectral_decrease.mean": -4.238171147363801e-09, "lowlevel.spectral_decrease.stdev": 4.217043159115974e-09, "lowlevel.spectral_energy.mean": 0.017461391165852547, "lowlevel.spectral_energy.stdev": 0.017297102138400078, "lowlevel.spectral_energyband_high.mean": 5.937505193287507e-06, "lowlevel.spectral_energyband_high.stdev": 7.0200353547988925e-06, "lowlevel.spectral_energyband_low.mean": 0.00014980381820350885, "lowlevel.spectral_energyband_low.stdev": 0.00037543036160059273, "lowlevel.spectral_energyband_middle_high.mean": 0.006254734005779028, "lowlevel.spectral_energyband_middle_high.stdev": 0.008388525806367397, "lowlevel.spectral_energyband_middle_low.mean": 0.011763214133679867, "lowlevel.spectral_energyband_middle_low.stdev": 0.013526026159524918, "lowlevel.spectral_entropy.mean": 6.822953701019287, "lowlevel.spectral_entropy.stdev": 0.24108877778053284, "lowlevel.spectral_flux.mean": 0.07194221019744873, "lowlevel.spectral_flux.stdev": 0.03716770559549332, "lowlevel.spectral_kurtosis.mean": 15.01357364654541, "lowlevel.spectral_kurtosis.stdev": 6.660629749298096, "lowlevel.spectral_rms.mean": 0.0037423414178192616, "lowlevel.spectral_rms.stdev": 0.0017407998675480485, "lowlevel.spectral_rolloff.mean": 1338.90185546875, "lowlevel.spectral_rolloff.stdev": 572.3714599609375, "lowlevel.spectral_skewness.mean": 2.203537940979004, "lowlevel.spectral_skewness.stdev": 0.5574423670768738, "lowlevel.spectral_spread.mean": 1796744.75, "lowlevel.spectral_spread.stdev": 346376.34375, "lowlevel.spectral_strongpeak.mean": 1.72073495388031, "lowlevel.spectral_strongpeak.stdev": 1.2918051481246948, "lowlevel.zerocrossingrate.mean": 0.04984646663069725, "lowlevel.zerocrossingrate.stdev": 0.010040508583188057, "metadata.audio_properties.analysis.equal_loudness": 0.0, "metadata.audio_properties.analysis.length": 34.709320068359375, "metadata.audio_properties.analysis.sample_rate": 44100.0, "metadata.audio_properties.analysis.start_time": 0.0, "metadata.audio_properties.bit_rate": 108939.0, "metadata.audio_properties.length": 34.70933151245117, "metadata.audio_properties.lossless": 0.0, "metadata.audio_properties.number_channels": 1.0, "metadata.audio_properties.replay_gain": -6.880735397338867, "metadata.audio_properties.sample_rate": 48000.0, "rhythm.beats_count": 76.0, "rhythm.beats_loudness.mean": 0.014902655966579914, "rhythm.beats_loudness.stdev": 0.014064921997487545, "rhythm.bpm": 164.42941284179688, "rhythm.bpm_histogram_first_peak_bpm": 167.0, "rhythm.bpm_histogram_first_peak_weight": 0.0, "rhythm.bpm_histogram_second_peak_bpm": 161.0, "rhythm.bpm_histogram_second_peak_spread": 0.4166666269302368, "rhythm.bpm_histogram_second_peak_weight": 0.18666666746139526, "rhythm.danceability": 0.8738232254981995, "rhythm.onset_rate": 1.1518932580947876, "tonal.chords_changes_rate": 0.07343123853206635, "tonal.chords_number_rate": 0.012016021646559238, "tonal.chords_strength.mean": 0.6315950751304626, "tonal.chords_strength.stdev": 0.10288418084383011, "tonal.hpcp_crest.mean": 13.832365036010742, "tonal.hpcp_crest.stdev": 5.7090935707092285, "tonal.hpcp_entropy.mean": 1.8636633157730103, "tonal.hpcp_entropy.stdev": 0.5926274657249451, "tonal.key_edma.strength": 0.6107043027877808, "tonal.key_krumhansl.strength": 0.6167766451835632, "tonal.key_temperley.strength": 0.626654326915741, "tonal.tuning_diatonic_strength": 0.8388831615447998, "tonal.tuning_equal_tempered_deviation": 0.16922351717948914, "tonal.tuning_frequency": 453.1546630859375, "tonal.tuning_nontempered_energy_ratio": 0.8882978558540344, "lowlevel.barkbands.mean": [2.0250897705409443e-06, 2.5837622160906903e-05, 5.0948798161698505e-05, 0.0001194127689814195, 9.765559661900625e-05, 0.00026839892962016165, 0.0009472156525589526, 0.0028375291731208563, 0.00646212138235569, 0.0015817258972674608, 0.0008299791952595115, 0.002073627896606922, 0.0004158005758654326, 0.0002983641461469233, 0.00015213862934615463, 8.830479782773182e-05, 0.00038614339428022504, 0.0006055199773982167, 0.0002062713901977986, 6.729262622684473e-06, 2.8333749924058793e-07, 6.114879624874447e-07, 2.4754804144322407e-06, 1.744683004289982e-06, 4.736665175641974e-07, 6.632057392153001e-08, 1.1511488429150063e-09], "lowlevel.barkbands.stdev": [6.744462552887853e-06, 5.875684291822836e-05, 0.00013610532914754003, 0.0004300962609704584, 0.0001577312359586358, 0.00036552303936332464, 0.001677349559031427, 0.004098067060112953, 0.010753779672086239, 0.007625827100127935, 0.0014780237106606364, 0.0038094152696430683, 0.0008520740084350109, 0.0007967842393554747, 0.00027094935649074614, 0.0001145036076195538, 0.00047446665121242404, 0.0007215073565021157, 0.0002681659534573555, 1.1441115930210799e-05, 5.721826710214373e-07, 9.041564794642909e-07, 2.8274248506932054e-06, 2.0368815967231058e-06, 9.546965884510428e-07, 4.0047908100859786e-07, 1.0869640298949435e-08], "lowlevel.erbbands.mean": [0.0007856346201151609, 0.006377726793289185, 0.0459551140666008, 0.2727910876274109, 0.24984468519687653, 0.36994263529777527, 1.2216823101043701, 2.6057820320129395, 8.703558921813965, 24.524272918701172, 95.9529037475586, 136.39385986328125, 94.4698257446289, 27.756155014038086, 42.46162796020508, 82.27005004882812, 24.870223999023438, 19.542022705078125, 11.567631721496582, 4.597160339355469, 8.716804504394531, 23.015214920043945, 30.1667537689209, 22.715742111206055, 5.536725044250488, 0.47997286915779114, 0.029377475380897522, 0.013872753828763962, 0.01946323737502098, 0.044611528515815735, 0.07468373328447342, 0.051217854022979736, 0.021231787279248238, 0.007646242156624794, 0.0022498704493045807, 0.0005551041103899479, 7.169369200710207e-05, 8.245461685874034e-06, 9.710220183478668e-06, 2.0813173250644468e-05], "lowlevel.erbbands.stdev": [0.0018595663132146, 0.014088240452110767, 0.1107591912150383, 0.9422798156738281, 0.5825915336608887, 0.6292200088500977, 2.4128386974334717, 3.3929221630096436, 18.275421142578125, 35.20550537109375, 130.16685485839844, 227.1962127685547, 293.17120361328125, 51.99203872680664, 78.54174041748047, 158.21824645996094, 36.09621047973633, 43.84160614013672, 19.04571533203125, 6.427990436553955, 9.891706466674805, 28.619474411010742, 35.37773895263672, 27.07198715209961, 8.347905158996582, 0.7644895315170288, 0.03816208243370056, 0.023678267374634743, 0.03130878880620003, 0.05712950974702835, 0.08461503684520721, 0.06108624488115311, 0.02515539340674877, 0.012281475588679314, 0.006237815134227276, 0.0024427108000963926, 0.0005669320817105472, 8.00548295956105e-05, 9.442398550163489e-06, 2.044107168330811e-05], "lowlevel.gfcc.mean": [-118.06146240234375, 131.9204864501953, -198.47865295410156, -32.69108200073242, -65.97992706298828, -11.521119117736816, -41.98310470581055, 32.39724349975586, -7.621183395385742, -34.03884506225586, 19.378612518310547, -11.918252944946289, -21.183706283569336], "lowlevel.melbands.mean": [7.163726877479348e-06, 2.1177795133553445e-05, 4.497011104831472e-05, 1.973882353922818e-05, 3.70113666576799e-05, 5.78818071517162e-05, 0.00015448991325683892, 0.0002819080254994333, 0.0009135383297689259, 0.0008767971303313971, 0.00046472129179164767, 0.00010190037573920563, 0.00012381841952446848, 0.00018936142441816628, 0.00015768245793879032, 4.1032268200069666e-05, 3.4999262425117195e-05, 1.9763599993893877e-05, 9.837831385084428e-06, 4.1427547330386005e-06, 1.1647282917692792e-05, 2.5081810235860758e-05, 2.270026016049087e-05, 2.9157217795727775e-05, 1.811095717130229e-05, 4.9246168600802775e-06, 1.5197078937490005e-06, 4.714791401738694e-08, 7.370970056541637e-09, 7.0462538026561106e-09, 6.761970094970593e-09, 9.341086126823939e-09, 1.4699559791608863e-08, 2.9525835998356342e-08, 4.2413226708504226e-08, 4.268122566486454e-08, 2.74954441437103e-08, 1.6224687371391155e-08, 8.768949122384129e-09, 5.6267994708036895e-09], "lowlevel.melbands.stdev": [1.6489999325131066e-05, 4.799946691491641e-05, 0.00014412768359761685, 3.3046766475308686e-05, 6.8088156695012e-05, 7.765238842694089e-05, 0.00029177896794863045, 0.0004396335280034691, 0.0012824268778786063, 0.0016108108684420586, 0.0014954719226807356, 0.0002171044034184888, 0.00021867761097382754, 0.00033722087391652167, 0.00031758935074321926, 9.671351290307939e-05, 8.781370706856251e-05, 3.696310523082502e-05, 1.6712358046788722e-05, 5.841320671606809e-06, 1.3767181371804327e-05, 3.347903475514613e-05, 2.7525808036443777e-05, 3.6981113225920126e-05, 2.194513763242867e-05, 7.1117528932518326e-06, 2.9800839911331423e-06, 7.96790118329227e-08, 1.699317664360933e-08, 1.4377895318773426e-08, 1.308365327190586e-08, 1.6622525578213754e-08, 2.1975578690103248e-08, 3.747033261447541e-08, 4.8271139974076505e-08, 5.033151850852846e-08, 3.528994696466725e-08, 1.9140159679409408e-08, 1.2785057457165294e-08, 9.60726431742387e-09], "lowlevel.melbands128.mean": [1.414549046785396e-06, 5.8245677792001516e-06, 9.985538781620562e-06, 9.073301953321788e-06, 1.5597286619595252e-05, 2.8254777134861797e-05, 6.123386992840096e-05, 5.282918209559284e-05, 1.850156877480913e-05, 1.6437448721262626e-05, 1.999065170821268e-05, 2.3444204998668283e-05, 4.269748387741856e-05, 5.171713564777747e-05, 5.7903020206140354e-05, 5.288537795422599e-05, 8.522716234438121e-05, 0.00014904618728905916, 0.00028769957134500146, 0.00021800820832140744, 0.00032593606738373637, 0.00035608571488410234, 0.0012624646769836545, 0.0011457516811788082, 0.0006067299982532859, 0.0011711240513250232, 0.0005628858343698084, 0.000492527091410011, 0.00021933596872258931, 4.2051753553096205e-05, 9.303583647124469e-05, 0.00013667451275978237, 7.18664305168204e-05, 0.00017347159155178815, 0.00016577073256485164, 0.00011406333942431957, 0.00038118992233648896, 0.00018019942217506468, 2.277699240949005e-05, 1.529097426100634e-05, 6.645733083132654e-05, 4.6833796659484506e-05, 2.6513334887567908e-05, 3.915486377081834e-05, 2.1645319066010416e-05, 1.3527193004847504e-05, 2.135447175533045e-05, 9.770931683306117e-06, 5.887795396120055e-06, 3.708506255861721e-06, 3.1900808608043008e-06, 5.087026238470571e-06, 8.06082425697241e-06, 1.2126249202992767e-05, 2.5254963475163095e-05, 3.126612864434719e-05, 2.0585675883921795e-05, 1.7418991774320602e-05, 2.290405063831713e-05, 3.3390540920663625e-05, 2.6438641725690104e-05, 3.210355498595163e-05, 2.4378285161219537e-05, 1.3624921848531812e-05, 7.9621713666711e-06, 3.6108758649788797e-06, 4.326264388510026e-06, 2.846780716936337e-06, 5.294932066135516e-07, 1.2270490401533607e-07, 2.9485430985687344e-08, 1.3355626826694333e-08, 8.114789729063432e-09, 6.590124002059383e-09, 5.643875589100844e-09, 7.73550201671469e-09, 6.979244737692625e-09, 7.016827563433026e-09, 6.361818627453886e-09, 6.731903923196114e-09, 9.086981833661412e-09, 1.0043181397634271e-08, 1.1145210976337694e-08, 1.501142321558291e-08, 1.6744630570997288e-08, 2.3899893619727663e-08, 3.475249954476567e-08, 4.015007704083473e-08, 3.758844613344081e-08, 5.06909643149811e-08, 4.7332150643342175e-08, 4.1881968115831114e-08, 3.262939074488713e-08, 2.7362153431909064e-08, 2.5711278439644047e-08, 1.6556127135913812e-08, 1.6183646422973652e-08, 1.196941212810998e-08, 8.717199406760301e-09, 6.874027125292059e-09, 6.7669088110733355e-09, 5.094834332197706e-09, 4.980898360429364e-09, 3.2794171822558837e-09, 2.0798975874924963e-09, 1.4874411702336943e-09, 1.4659620184431787e-09, 1.4002556891767881e-09, 7.669079260530509e-10, 5.77236425325367e-10, 4.3992920417679215e-10, 1.9795230732366775e-10, 1.200727989258965e-10, 6.403065577753608e-11, 7.151140790639943e-11, 6.162362981010361e-11, 2.466709822512847e-11, 4.1355491080252715e-12, 3.0911080986517625e-12, 2.7273873264010984e-12, 2.6922418287778083e-12, 2.6452637823248804e-12, 2.6202633812699716e-12, 2.6100395716238678e-12, 2.431121493354227e-12, 2.2243493939116954e-12, 2.1054388701230442e-12, 2.07370362201309e-12], "lowlevel.melbands128.stdev": [4.4007883843733e-06, 1.4218361684470437e-05, 2.5580784495105036e-05, 2.149734973500017e-05, 4.2384945118101314e-05, 7.969178113853559e-05, 0.00022215173521544784, 0.00018221826758235693, 3.827440377790481e-05, 3.64377920050174e-05, 3.8381909689633176e-05, 4.519499998423271e-05, 0.00010577924695098773, 0.00010130574810318649, 9.489095100434497e-05, 8.226897625718266e-05, 0.00026883737882599235, 0.00040096588782034814, 0.0005609035724774003, 0.00036244819057174027, 0.0008418687502853572, 0.0005623727338388562, 0.0020350157283246517, 0.002166392747312784, 0.0013254324439913034, 0.0032497516367584467, 0.0015596180455759168, 0.002619266975671053, 0.0011267152149230242, 8.066633745329455e-05, 0.0001944061805261299, 0.00035746226785704494, 0.00016031878476496786, 0.0004149965534452349, 0.0005051036714576185, 0.00023138051619753242, 0.0008904599817469716, 0.00038036471232771873, 4.498121779761277e-05, 2.9779301257804036e-05, 0.0001766196801327169, 0.000151108528370969, 8.223969052778557e-05, 0.00015071674715727568, 6.3346276874654e-05, 3.095985084655695e-05, 4.5516684622270986e-05, 1.997995059355162e-05, 1.0682469110179227e-05, 6.584546099475119e-06, 5.908606453886023e-06, 8.416309356107377e-06, 1.1930794244108256e-05, 1.770455128280446e-05, 3.709053635247983e-05, 5.266688094707206e-05, 3.080097303609364e-05, 2.959019002446439e-05, 3.2594056392554194e-05, 4.583595728036016e-05, 3.835921233985573e-05, 5.13121449330356e-05, 3.365055090398528e-05, 1.982935100386385e-05, 1.2624019291251898e-05, 5.9505796343728434e-06, 8.776431968726683e-06, 6.3444945226365235e-06, 9.952583468475495e-07, 2.463960697696166e-07, 5.9677951469439e-08, 3.466579912014822e-08, 2.1747851519648975e-08, 1.5977281719870007e-08, 1.336709853916318e-08, 1.7298884102956436e-08, 1.3598690173921568e-08, 1.5738979897150784e-08, 1.3535464304936795e-08, 1.3687966315956146e-08, 1.7810364738579665e-08, 2.0325494176631764e-08, 2.0579731696557246e-08, 2.386166286783009e-08, 2.5053106256223145e-08, 4.304962786250144e-08, 4.4684007605155784e-08, 5.172604389258595e-08, 4.629828609381548e-08, 6.780594219435443e-08, 6.03008629695978e-08, 5.505756206503065e-08, 3.9073054125537965e-08, 3.823510041911504e-08, 4.0630503406191565e-08, 2.0512212373091643e-08, 2.0059221839119346e-08, 1.548803929551923e-08, 1.3201419513109158e-08, 1.3873093784866342e-08, 1.3840139700960208e-08, 8.609447377239121e-09, 8.373783444426408e-09, 9.640333864524564e-09, 7.83665132786382e-09, 5.301261207790731e-09, 7.095426912684388e-09, 7.228284637506022e-09, 2.849945168748036e-09, 3.3172529168012943e-09, 3.504610379678752e-09, 1.8128450962606735e-09, 1.971871554928839e-09, 1.1237571984068495e-09, 1.3166555623556064e-09, 1.1797942622848723e-09, 4.02544247934955e-10, 3.526825012589718e-11, 1.4317940930097528e-11, 5.669868220758989e-12, 6.606875636860909e-12, 6.5664097423367984e-12, 6.548282749374579e-12, 7.857361462859647e-12, 6.27615971346418e-12, 5.784455813645506e-12, 5.4613783113943715e-12, 5.2286868411355325e-12], "lowlevel.mfcc.mean": [-747.4317626953125, 176.1578826904297, -69.33444213867188, -34.48786926269531, 1.310204267501831, -57.47530746459961, -15.12416934967041, 38.23600769042969, -33.826873779296875, 4.887286186218262, 16.32756805419922, -0.10017091780900955, -2.0550053119659424], "lowlevel.spectral_contrast_coeffs.mean": [-0.7124070525169373, -0.7038983106613159, -0.7227861285209656, -0.7980564832687378, -0.5670439600944519, -0.8216826319694519], "lowlevel.spectral_contrast_coeffs.stdev": [0.07101203501224518, 0.07756926119327545, 0.07946716994047165, 0.04069947451353073, 0.06220242753624916, 0.01985834911465645], "lowlevel.spectral_contrast_valleys.mean": [-8.868138313293457, -6.568367004394531, -7.064708232879639, -8.001672744750977, -9.721434593200684, -12.32502269744873], "lowlevel.spectral_contrast_valleys.stdev": [0.8148162364959717, 0.4769667088985443, 0.541567325592041, 0.662738561630249, 0.7124155759811401, 0.5528309941291809], "rhythm.beats_loudness_band_ratio.mean": [0.018638644367456436, 0.05230014771223068, 0.6115484833717346, 0.26197385787963867, 0.09234712272882462, 0.011756670661270618], "rhythm.beats_loudness_band_ratio.stdev": [0.0408826544880867, 0.06218450516462326, 0.18115957081317902, 0.1713152974843979, 0.06506647914648056, 0.011378375813364983], "tonal.hpcp.mean": [0.0462702140212059, 0.08740226179361343, 0.17440062761306763, 0.14857201278209686, 0.05633723735809326, 0.037304289638996124, 0.04180678725242615, 0.07201830297708511, 0.17868581414222717, 0.1999756544828415, 0.09413083642721176, 0.04610135033726692, 0.05397658795118332, 0.106992207467556, 0.28643372654914856, 0.44877153635025024, 0.40710973739624023, 0.31854861974716187, 0.22235633432865143, 0.12120334059000015, 0.09362149983644485, 0.07548883557319641, 0.0977904349565506, 0.22843684256076813, 0.2721414268016815, 0.14678338170051575, 0.06380250304937363, 0.06616060435771942, 0.10026475042104721, 0.15338777005672455, 0.12792368233203888, 0.06905558705329895, 0.0706920176744461, 0.061098162084817886, 0.03933964669704437, 0.039782460778951645], "tonal.hpcp.stdev": [0.09710054844617844, 0.14200295507907867, 0.23818032443523407, 0.22732555866241455, 0.12887725234031677, 0.09437660127878189, 0.09054043143987656, 0.12206015735864639, 0.2572648823261261, 0.29513004422187805, 0.1705094575881958, 0.09352102875709534, 0.09546241909265518, 0.1661699116230011, 0.30029451847076416, 0.3782553970813751, 0.34622424840927124, 0.3371659815311432, 0.30629071593284607, 0.21898959577083588, 0.203707754611969, 0.14306135475635529, 0.1421528309583664, 0.2736586034297943, 0.3358396887779236, 0.24014073610305786, 0.11028052121400833, 0.1119559109210968, 0.17349524796009064, 0.2593635618686676, 0.22470678389072418, 0.12073964625597, 0.14219985902309418, 0.15399891138076782, 0.10324494540691376, 0.08342286199331284], "rhythm.beats_position": [0.3482993245124817, 0.7198185920715332, 1.09133780002594, 1.4628571271896362, 1.8459863662719727, 2.2291154861450195, 2.6122448444366455, 2.972154140472412, 3.3320634365081787, 3.6919727325439453, 4.051881790161133, 4.400181293487549, 4.7600908279418945, 5.119999885559082, 5.479909420013428, 5.839818477630615, 6.199728012084961, 6.559637069702148, 6.919546127319336, 7.279455661773682, 7.639364719390869, 7.999274253845215, 8.359183311462402, 8.73070240020752, 9.090612411499023, 9.46213150024414, 9.833650588989258, 10.193559646606445, 10.565078735351562, 10.924988746643066, 11.296507835388184, 11.6680269241333, 12.039546012878418, 12.411065101623535, 12.782585144042969, 13.154104232788086, 13.537233352661133, 13.90875244140625, 14.291881561279297, 14.675010681152344, 15.058140754699707, 15.441269874572754, 15.8243989944458, 16.21913719177246, 16.613876342773438, 17.008617401123047, 17.403356552124023, 17.80970573425293, 18.204444885253906, 18.599184036254883, 18.98231315612793, 19.435102462768555, 19.899499893188477, 20.36389923095703, 20.863128662109375, 21.36235809326172, 21.861587524414062, 22.47691535949707, 23.08063507080078, 23.68435287475586, 24.28807258605957, 24.915010452270508, 25.541950225830078, 26.192108154296875, 26.819047927856445, 27.457595825195312, 28.09614372253418, 28.74630355834961, 29.396461486816406, 30.035011291503906, 30.673559188842773, 31.358549118041992, 32.04353713989258, 32.716915130615234, 33.39029312133789, 34.06367111206055], "rhythm.bpm_histogram": [0.0, 0.0, 0.0, 0.0, 0.0, 0.0, 0.0, 0.0, 0.0, 0.0, 0.0, 0.0, 0.0, 0.0, 0.0, 0.0, 0.0, 0.0, 0.0, 0.0, 0.0, 0.0, 0.0, 0.0, 0.0, 0.0, 0.0, 0.0, 0.0, 0.0, 0.0, 0.0, 0.0, 0.0, 0.0, 0.0, 0.0, 0.0, 0.0, 0.0, 0.0, 0.0, 0.0, 0.0, 0.0, 0.0, 0.0, 0.0, 0.0, 0.0, 0.0, 0.0, 0.0, 0.0, 0.0, 0.0, 0.0, 0.0, 0.0, 0.0, 0.0, 0.0, 0.0, 0.0, 0.0, 0.0, 0.0, 0.0, 0.0, 0.0, 0.0, 0.0, 0.0, 0.0, 0.0, 0.0, 0.0, 0.0, 0.0, 0.0, 0.0, 0.0, 0.0, 0.0, 0.0, 0.0, 0.0, 0.0, 0.02666666731238365, 0.03999999910593033, 0.0, 0.0, 0.03999999910593033, 0.0, 0.0533333346247673, 0.0, 0.03999999910593033, 0.0, 0.013333333656191826, 0.03999999910593033, 0.0, 0.0, 0.0, 0.0, 0.0, 0.0, 0.0, 0.0, 0.0, 0.0, 0.0, 0.0, 0.0, 0.0, 0.0, 0.0, 0.0, 0.0, 0.0, 0.0, 0.03999999910593033, 0.0, 0.0, 0.0, 0.0, 0.0, 0.0, 0.0, 0.0, 0.02666666731238365, 0.0, 0.0, 0.0, 0.013333333656191826, 0.0, 0.0, 0.0, 0.0, 0.0, 0.0, 0.0, 0.0, 0.0, 0.0, 0.0, 0.0, 0.0, 0.0, 0.013333333656191826, 0.0, 0.0, 0.0, 0.07999999821186066, 0.0, 0.0, 0.0, 0.0, 0.13333334028720856, 0.0, 0.0, 0.0, 0.18666666746139526, 0.0, 0.0, 0.0, 0.0, 0.0, 0.23999999463558197, 0.0, 0.0, 0.0, 0.0, 0.013333333656191826, 0.0, 0.0, 0.0, 0.0, 0.0, 0.0, 0.0, 0.0, 0.0, 0.0, 0.0, 0.0, 0.0, 0.0, 0.0, 0.0, 0.0, 0.0, 0.0, 0.0, 0.0, 0.0, 0.0, 0.0, 0.0, 0.0, 0.0, 0.0, 0.0, 0.0, 0.0, 0.0, 0.0, 0.0, 0.0, 0.0, 0.0, 0.0, 0.0, 0.0, 0.0, 0.0, 0.0, 0.0, 0.0, 0.0, 0.0, 0.0, 0.0, 0.0, 0.0, 0.0, 0.0, 0.0, 0.0, 0.0, 0.0, 0.0, 0.0, 0.0, 0.0, 0.0, 0.0, 0.0, 0.0, 0.0, 0.0, 0.0, 0.0, 0.0, 0.0, 0.0, 0.0, 0.0, 0.0, 0.0, 0.0], "tonal.chords_histogram": [16.955942153930664, 3.471295118331909, 0.9345794320106506, 0.0, 0.0, 1.4686248302459717, 0.2670226991176605, 0.13351134955883026, 0.0, 0.0, 0.0, 0.0, 0.0, 0.13351134955883026, 0.0, 9.479305267333984, 36.8491325378418, 13.35113525390625, 0.0, 4.138851642608643, 0.0, 0.0, 11.615487098693848, 1.2016021013259888], "tonal.thpcp": [1.0, 0.9071648120880127, 0.7098236083984375, 0.4954777956008911, 0.27007806301116943, 0.20861728489398956, 0.1682121753692627, 0.21790695190429688, 0.5090270042419434, 0.6064141988754272, 0.3270781934261322, 0.1421714574098587, 0.14742602407932281, 0.22342047095298767, 0.34179478883743286, 0.285053014755249, 0.15387693047523499, 0.15752339363098145, 0.13614535331726074, 0.08766074478626251, 0.08864746987819672, 0.10310416668653488, 0.19475892186164856, 0.3886178433895111, 0.33106380701065063, 0.12553656101226807, 0.08312534540891647, 0.0931582897901535, 0.16047877073287964, 0.3981665372848511, 0.4456068277359009, 0.20975224673748016, 0.10272788256406784, 0.1202763170003891, 0.2384113073348999, 0.6382617950439453], "lowlevel.gfcc.cov": [[2063.381103515625, -85.31476593017578, -165.3015899658203, 166.9751434326172, 310.06048583984375, 300.6706848144531, 180.18392944335938, 52.92457580566406, 103.80560302734375, 155.08424377441406, -128.33766174316406, -188.78860473632812, -43.12283706665039], [-85.31476593017578, 495.5802307128906, 351.3789367675781, 115.73999786376953, 82.86290740966797, 9.746578216552734, 50.779876708984375, -119.67855072021484, 4.105771064758301, -38.28314971923828, -108.96491241455078, -76.09185028076172, -9.01438045501709], [-165.3015899658203, 351.3789367675781, 396.0927734375, 138.43128967285156, 6.626521110534668, 15.929571151733398, -2.839366912841797, -110.17118835449219, -49.476348876953125, -33.725704193115234, -117.69631958007812, -33.720401763916016, -26.876008987426758], [166.9751434326172, 115.73999786376953, 138.43128967285156, 202.90609741210938, 89.24020385742188, 88.74310302734375, -10.335368156433105, -46.02976608276367, -0.046525873243808746, 31.893203735351562, -63.209228515625, -24.953168869018555, -13.863607406616211], [310.06048583984375, 82.86290740966797, 6.626521110534668, 89.24020385742188, 183.21173095703125, 111.67789459228516, 60.693084716796875, -4.854702949523926, 62.83171081542969, 42.68156433105469, -64.00961303710938, -75.12467956542969, -8.421980857849121], [300.6706848144531, 9.746578216552734, 15.929571151733398, 88.74310302734375, 111.67789459228516, 160.7687225341797, 81.58883666992188, 0.34482094645500183, -8.747424125671387, 22.268592834472656, -46.928306579589844, -39.59308624267578, -13.450429916381836], [180.18392944335938, 50.779876708984375, -2.839366912841797, -10.335368156433105, 60.693084716796875, 81.58883666992188, 231.16783142089844, 65.79209899902344, -31.500289916992188, -27.76217269897461, -2.6350209712982178, -11.041897773742676, -1.693623423576355], [52.92457580566406, -119.67855072021484, -110.17118835449219, -46.02976608276367, -4.854702949523926, 0.34482094645500183, 65.79209899902344, 118.45355224609375, 20.040374755859375, 2.0385613441467285, 71.24386596679688, 37.37240219116211, 6.364624977111816], [103.80560302734375, 4.105771064758301, -49.476348876953125, -0.046525873243808746, 62.83171081542969, -8.747424125671387, -31.500289916992188, 20.040374755859375, 170.72463989257812, 93.4449234008789, -5.125126838684082, -45.04560470581055, 22.559999465942383], [155.08424377441406, -38.28314971923828, -33.725704193115234, 31.893203735351562, 42.68156433105469, 22.268592834472656, -27.76217269897461, 2.0385613441467285, 93.4449234008789, 124.24275970458984, 11.824414253234863, -4.16898775100708, 22.592405319213867], [-128.33766174316406, -108.96491241455078, -117.69631958007812, -63.209228515625, -64.00961303710938, -46.928306579589844, -2.6350209712982178, 71.24386596679688, -5.125126838684082, 11.824414253234863, 164.11207580566406, 102.62699890136719, 15.418756484985352], [-188.78860473632812, -76.09185028076172, -33.720401763916016, -24.953168869018555, -75.12467956542969, -39.59308624267578, -11.041897773742676, 37.37240219116211, -45.04560470581055, -4.16898775100708, 102.62699890136719, 138.60467529296875, 33.94432830810547], [-43.12283706665039, -9.01438045501709, -26.876008987426758, -13.863607406616211, -8.421980857849121, -13.450429916381836, -1.693623423576355, 6.364624977111816, 22.559999465942383, 22.592405319213867, 15.418756484985352, 33.94432830810547, 85.22100067138672]], "lowlevel.gfcc.icov": [[0.0009326469153165817, -0.0005670893006026745, 0.0011539063416421413, -0.0004922189982607961, 9.648733248468488e-05, -0.0008815416367724538, -0.00011249787348788232, -0.0008633078541606665, 0.0007210434996522963, -0.0014611391816288233, 0.0008336674072779715, 0.0006465102778747678, 0.00041655139648355544], [-0.0005670893006026745, 0.01802063174545765, -0.016025952994823456, 0.00014967753668315709, -0.011390741914510727, 0.009018166922032833, -0.007491881027817726, 0.01378988940268755, -0.006431351415812969, 0.009325605817139149, -0.011662071570754051, 0.005411888938397169, -0.005106997676193714], [0.0011539063416421413, -0.016025952994823456, 0.0206215288490057, -0.004922213964164257, 0.01222213450819254, -0.006563068367540836, 0.003719065571203828, -0.00824441947042942, 0.004644208587706089, -0.00771728903055191, 0.013683673925697803, -0.00621667830273509, 0.006269871722906828], [-0.0004922189982607961, 0.00014967753668315709, -0.004922213964164257, 0.012725419364869595, -0.005124731920659542, -0.004180309362709522, 0.003944717347621918, -0.001330913626588881, 0.0018798381788656116, -0.002116902032867074, 0.00031193887116387486, -0.002555835759267211, 0.0003213008167222142], [9.648733248468488e-05, -0.011390741914510727, 0.01222213450819254, -0.005124731920659542, 0.024155067279934883, -0.012545749545097351, 0.001380857895128429, -0.006152002606540918, -0.003264116123318672, -0.003623748430982232, 0.008230232633650303, -0.0009034895920194685, 0.0034542297944426537], [-0.0008815416367724538, 0.009018166922032833, -0.006563068367540836, -0.004180309362709522, -0.012545749545097351, 0.022168932482600212, -0.007448273245245218, 0.0065698400139808655, 0.002608431736007333, 0.0006266767741180956, -0.004224864300340414, 0.0030344093684107065, -0.001922476221807301], [-0.00011249787348788232, -0.007491881027817726, 0.003719065571203828, 0.003944717347621918, 0.001380857895128429, -0.007448273245245218, 0.012539176270365715, -0.01255472470074892, 0.005779783241450787, -0.0030868190806359053, 0.004192763473838568, -0.0009725462878122926, 3.0011207854840904e-05], [-0.0008633078541606665, 0.01378988940268755, -0.00824441947042942, -0.001330913626588881, -0.006152002606540918, 0.0065698400139808655, -0.01255472470074892, 0.031240589916706085, -0.012373067438602448, 0.011823602020740509, -0.013112579472362995, -0.0003737729275599122, -0.0012862075818702579], [0.0007210434996522963, -0.006431351415812969, 0.004644208587706089, 0.0018798381788656116, -0.003264116123318672, 0.002608431736007333, 0.005779783241450787, -0.012373067438602448, 0.021393626928329468, -0.015822812914848328, 0.0034836819395422935, 0.006062533240765333, -0.001930704922415316], [-0.0014611391816288233, 0.009325605817139149, -0.00771728903055191, -0.002116902032867074, -0.003623748430982232, 0.0006266767741180956, -0.0030868190806359053, 0.011823602020740509, -0.015822812914848328, 0.024893641471862793, -0.008901101537048817, -0.001152955461293459, -0.00407571904361248], [0.0008336674072779715, -0.011662071570754051, 0.013683673925697803, 0.00031193887116387486, 0.008230232633650303, -0.004224864300340414, 0.004192763473838568, -0.013112579472362995, 0.0034836819395422935, -0.008901101537048817, 0.026206307113170624, -0.015130927786231041, 0.0074864537455141544], [0.0006465102778747678, 0.005411888938397169, -0.00621667830273509, -0.002555835759267211, -0.0009034895920194685, 0.0030344093684107065, -0.0009725462878122926, -0.0003737729275599122, 0.006062533240765333, -0.001152955461293459, -0.015130927786231041, 0.02498200722038746, -0.00959073193371296], [0.00041655139648355544, -0.005106997676193714, 0.006269871722906828, 0.0003213008167222142, 0.0034542297944426537, -0.001922476221807301, 3.0011207854840904e-05, -0.0012862075818702579, -0.001930704922415316, -0.00407571904361248, 0.0074864537455141544, -0.00959073193371296, 0.01762613095343113]], "lowlevel.mfcc.cov": [[2250.882568359375, -226.85040283203125, -315.3625793457031, 46.90442657470703, 126.4404067993164, 317.8692626953125, 172.51272583007812, -53.54332733154297, 263.40435791015625, 270.1542053222656, 93.60877990722656, 38.033973693847656, 70.534423828125], [-226.85040283203125, 373.7087097167969, 211.8677520751953, 129.60252380371094, -29.841169357299805, 71.95979309082031, 29.43549919128418, -25.159900665283203, 62.649654388427734, -39.87770080566406, -20.740575790405273, 3.8514156341552734, -105.63339233398438], [-315.3625793457031, 211.8677520751953, 360.5182189941406, 152.89170837402344, -39.58380126953125, 77.30069732666016, 7.487766742706299, -51.78542709350586, 17.093801498413086, -100.98609161376953, -70.36641693115234, 0.8191798329353333, -74.60529327392578], [46.90442657470703, 129.60252380371094, 152.89170837402344, 192.94281005859375, 26.784225463867188, 143.24441528320312, 3.7940495014190674, -80.89018249511719, 101.83228302001953, -4.577247619628906, -22.25031089782715, 25.044906616210938, -38.02045822143555], [126.4404067993164, -29.841169357299805, -39.58380126953125, 26.784225463867188, 182.02146911621094, 57.99287796020508, -68.57703399658203, -55.896175384521484, 11.37651252746582, 65.00868225097656, 13.304591178894043, 15.844294548034668, 23.9398250579834], [317.8692626953125, 71.95979309082031, 77.30069732666016, 143.24441528320312, 57.99287796020508, 278.08502197265625, 58.91759490966797, -95.79085540771484, 160.59967041015625, 49.61300277709961, 1.315004825592041, 17.114486694335938, -70.19406127929688], [172.51272583007812, 29.43549919128418, 7.487766742706299, 3.7940495014190674, -68.57703399658203, 58.91759490966797, 207.8575897216797, 125.62256622314453, 19.956806182861328, -9.759415626525879, -1.2189931869506836, -18.13543128967285, -27.14016342163086], [-53.54332733154297, -25.159900665283203, -51.78542709350586, -80.89018249511719, -55.896175384521484, -95.79085540771484, 125.62256622314453, 228.82821655273438, -83.17961120605469, -37.49334716796875, 8.175211906433105, -22.417503356933594, 43.60797882080078], [263.40435791015625, 62.649654388427734, 17.093801498413086, 101.83228302001953, 11.37651252746582, 160.59967041015625, 19.956806182861328, -83.17961120605469, 210.63584899902344, 79.81896209716797, 18.059803009033203, 10.215167045593262, -64.61520385742188], [270.1542053222656, -39.87770080566406, -100.98609161376953, -4.577247619628906, 65.00868225097656, 49.61300277709961, -9.759415626525879, -37.49334716796875, 79.81896209716797, 139.93954467773438, 52.94012451171875, 9.750045776367188, 1.3780735731124878], [93.60877990722656, -20.740575790405273, -70.36641693115234, -22.25031089782715, 13.304591178894043, 1.315004825592041, -1.2189931869506836, 8.175211906433105, 18.059803009033203, 52.94012451171875, 86.00545501708984, 27.10242462158203, 15.698190689086914], [38.033973693847656, 3.8514156341552734, 0.8191798329353333, 25.044906616210938, 15.844294548034668, 17.114486694335938, -18.13543128967285, -22.417503356933594, 10.215167045593262, 9.750045776367188, 27.10242462158203, 85.5477294921875, 48.92791748046875], [70.534423828125, -105.63339233398438, -74.60529327392578, -38.02045822143555, 23.9398250579834, -70.19406127929688, -27.14016342163086, 43.60797882080078, -64.61520385742188, 1.3780735731124878, 15.698190689086914, 48.92791748046875, 182.7815399169922]], "lowlevel.mfcc.icov": [[0.0008735597948543727, 0.00029017121414653957, 0.000563579669687897, -0.0001409712276654318, -0.00012498797150328755, -0.0005840464727953076, -0.0010131319286301732, 0.0004721876757685095, -0.00034372686059214175, -0.0007263115840032697, 0.00010466299136169255, 0.00011457969230832532, -0.0005954013904556632], [0.00029017121414653957, 0.005184120032936335, -0.0019646058790385723, -0.0020948138553649187, -0.00024283473612740636, 0.0010246435413137078, -0.0005369884893298149, -0.0007126459386199713, -0.000862977874930948, -0.00015134402201510966, -0.0009347175946459174, -0.0010427385568618774, 0.0022174734622240067], [0.000563579669687897, -0.0019646058790385723, 0.007911667227745056, -0.004498547874391079, 0.0011557023972272873, -0.001262353383935988, -6.231318548088893e-05, 0.0006792889325879514, 0.0017839375650510192, 0.002136689145117998, 0.0022724850568920374, -0.0002480862312950194, 0.0006189598352648318], [-0.0001409712276654318, -0.0020948138553649187, -0.004498547874391079, 0.016118520870804787, -0.002167909638956189, -0.003474558237940073, -0.0001518428762210533, 0.0013263642322272062, -0.004822131246328354, 0.001992106204852462, 0.0011763201327994466, -0.00177215994335711, -0.0023753070272505283], [-0.00012498797150328755, -0.00024283473612740636, 0.0011557023972272873, -0.002167909638956189, 0.011316807009279728, -0.005696251522749662, 0.006265911273658276, -0.0027122115716338158, 0.005395577754825354, -0.0064394306391477585, 0.002041778527200222, 1.5536857972620055e-05, -0.0003872078668791801], [-0.0005840464727953076, 0.0010246435413137078, -0.001262353383935988, -0.003474558237940073, -0.005696251522749662, 0.014135956764221191, -0.007805661763995886, 0.005281026009470224, -0.00586036778986454, 0.002876698737964034, -0.0015609433175995946, -0.0008520194096490741, 0.0016040648333728313], [-0.0010131319286301732, -0.0005369884893298149, -6.231318548088893e-05, -0.0001518428762210533, 0.006265911273658276, -0.007805661763995886, 0.016784997656941414, -0.011356966570019722, 0.0025205789133906364, -0.0024772200267761946, 0.002080762293189764, -0.00046970369294285774, 0.0022639031521975994], [0.0004721876757685095, -0.0007126459386199713, 0.0006792889325879514, 0.0013263642322272062, -0.0027122115716338158, 0.005281026009470224, -0.011356966570019722, 0.01419250201433897, -0.0002907367888838053, 0.002946288790553808, -0.002961997175589204, 0.002726820530369878, -0.003330493811517954], [-0.00034372686059214175, -0.000862977874930948, 0.0017839375650510192, -0.004822131246328354, 0.005395577754825354, -0.00586036778986454, 0.0025205789133906364, -0.0002907367888838053, 0.014947572723031044, -0.007678653113543987, 0.0009631670545786619, -0.00023737810261081904, 0.0021682092919945717], [-0.0007263115840032697, -0.00015134402201510966, 0.002136689145117998, 0.001992106204852462, -0.0064394306391477585, 0.002876698737964034, -0.0024772200267761946, 0.002946288790553808, -0.007678653113543987, 0.019756285473704338, -0.0073969135992228985, 0.0018009678460657597, -0.000353528797859326], [0.00010466299136169255, -0.0009347175946459174, 0.0022724850568920374, 0.0011763201327994466, 0.002041778527200222, -0.0015609433175995946, 0.002080762293189764, -0.002961997175589204, 0.0009631670545786619, -0.0073969135992228985, 0.019809717312455177, -0.007080497685819864, 0.0013306599576026201], [0.00011457969230832532, -0.0010427385568618774, -0.0002480862312950194, -0.00177215994335711, 1.5536857972620055e-05, -0.0008520194096490741, -0.00046970369294285774, 0.002726820530369878, -0.00023737810261081904, 0.0018009678460657597, -0.007080497685819864, 0.018895156681537628, -0.006713611073791981], [-0.0005954013904556632, 0.0022174734622240067, 0.0006189598352648318, -0.0023753070272505283, -0.0003872078668791801, 0.0016040648333728313, 0.0022639031521975994, -0.003330493811517954, 0.0021682092919945717, -0.000353528797859326, 0.0013306599576026201, -0.006713611073791981, 0.010990320704877377]], "metadata.audio_properties.analysis.downmix"