{"song_id": "1182271933786632203", "download": "https://cdn.discordapp.com/attachments/1135903449314238464/1182271933786632203/chirp.mp4?ex=6584178a&amp", "lyrics": "[verse]\nIn the city of dreams, a tale unfolds\nOf David Bowie, a story never told\nHe once was a star, shining bright\nBut darkness consumed him, oh what a sight\n\n[chorus]\nHe became a demon, with power untamed\nA force that no one could ever restrain\nThe city trembled under his wicked spell\nAs he unleashed chaos, a terrifying hell", "style": ["pop"], "essentia_features": {"lowlevel.average_loudness": 0.9622333645820618, "lowlevel.barkbands_crest.mean": 14.461919784545898, "lowlevel.barkbands_crest.stdev": 4.821799278259277, "lowlevel.barkbands_flatness_db.mean": 0.2559053301811218, "lowlevel.barkbands_flatness_db.stdev": 0.08922000974416733, "lowlevel.barkbands_kurtosis.mean": 31.55690574645996, "lowlevel.barkbands_kurtosis.stdev": 56.45381546020508, "lowlevel.barkbands_skewness.mean": 3.7123005390167236, "lowlevel.barkbands_skewness.stdev": 2.815751552581787, "lowlevel.barkbands_spread.mean": 15.767338752746582, "lowlevel.barkbands_spread.stdev": 18.414730072021484, "lowlevel.dissonance.mean": 0.4488653838634491, "lowlevel.dissonance.stdev": 0.039694562554359436, "lowlevel.dynamic_complexity": 3.039616346359253, "lowlevel.erbbands_crest.mean": 12.011877059936523, "lowlevel.erbbands_crest.stdev": 5.346892356872559, "lowlevel.erbbands_flatness_db.mean": 0.17970168590545654, "lowlevel.erbbands_flatness_db.stdev": 0.0540052205324173, "lowlevel.erbbands_kurtosis.mean": 2.990060329437256, "lowlevel.erbbands_kurtosis.stdev": 9.747577667236328, "lowlevel.erbbands_skewness.mean": 0.639994204044342, "lowlevel.erbbands_skewness.stdev": 1.5780649185180664, "lowlevel.erbbands_spread.mean": 50.99226379394531, "lowlevel.erbbands_spread.stdev": 34.08768844604492, "lowlevel.hfc.mean": 16.909412384033203, "lowlevel.hfc.stdev": 18.254291534423828, "lowlevel.loudness_ebu128.integrated": -17.68781852722168, "lowlevel.loudness_ebu128.loudness_range": 4.180110931396484, "lowlevel.loudness_ebu128.momentary.mean": -18.270641326904297, "lowlevel.loudness_ebu128.momentary.stdev": 2.3998892307281494, "lowlevel.loudness_ebu128.short_term.mean": -17.961313247680664, "lowlevel.loudness_ebu128.short_term.stdev": 1.5416264533996582, "lowlevel.melbands_crest.mean": 23.085851669311523, "lowlevel.melbands_crest.stdev": 5.578922748565674, "lowlevel.melbands_flatness_db.mean": 0.32953929901123047, "lowlevel.melbands_flatness_db.stdev": 0.10730276256799698, "lowlevel.melbands_kurtosis.mean": 75.09097290039062, "lowlevel.melbands_kurtosis.stdev": 99.80030822753906, "lowlevel.melbands_skewness.mean": 5.691872596740723, "lowlevel.melbands_skewness.stdev": 3.8128583431243896, "lowlevel.melbands_spread.mean": 12.518624305725098, "lowlevel.melbands_spread.stdev": 19.151582717895508, "lowlevel.pitch_salience.mean": 0.3341171145439148, "lowlevel.pitch_salience.stdev": 0.1424466073513031, "lowlevel.silence_rate_20dB.mean": 0.9993122220039368, "lowlevel.silence_rate_20dB.stdev": 0.02621614933013916, "lowlevel.silence_rate_30dB.mean": 0.8851444125175476, "lowlevel.silence_rate_30dB.stdev": 0.31884777545928955, "lowlevel.silence_rate_60dB.mean": 0.03576341271400452, "lowlevel.silence_rate_60dB.stdev": 0.18569748103618622, "lowlevel.spectral_centroid.mean": 1062.9102783203125, "lowlevel.spectral_centroid.stdev": 880.105224609375, "lowlevel.spectral_complexity.mean": 9.865199089050293, "lowlevel.spectral_complexity.stdev": 8.261444091796875, "lowlevel.spectral_decrease.mean": -1.2285086725682959e-08, "lowlevel.spectral_decrease.stdev": 1.5884371151742016e-08, "lowlevel.spectral_energy.mean": 0.0479004830121994, "lowlevel.spectral_energy.stdev": 0.06074726954102516, "lowlevel.spectral_energyband_high.mean": 0.0008224206976592541, "lowlevel.spectral_energyband_high.stdev": 0.0016848265659064054, "lowlevel.spectral_energyband_low.mean": 0.037319365888834, "lowlevel.spectral_energyband_low.stdev": 0.05706154555082321, "lowlevel.spectral_energyband_middle_high.mean": 0.003173035103827715, "lowlevel.spectral_energyband_middle_high.stdev": 0.005569015629589558, "lowlevel.spectral_energyband_middle_low.mean": 0.007693406660109758, "lowlevel.spectral_energyband_middle_low.stdev": 0.013245757669210434, "lowlevel.spectral_entropy.mean": 7.101108551025391, "lowlevel.spectral_entropy.stdev": 0.75538569688797, "lowlevel.spectral_flux.mean": 0.09330935031175613, "lowlevel.spectral_flux.stdev": 0.1003454178571701, "lowlevel.spectral_kurtosis.mean": 4.900623798370361, "lowlevel.spectral_kurtosis.stdev": 6.1245598793029785, "lowlevel.spectral_rms.mean": 0.00598955200985074, "lowlevel.spectral_rms.stdev": 0.003295057686045766, "lowlevel.spectral_rolloff.mean": 827.0848388671875, "lowlevel.spectral_rolloff.stdev": 1548.5087890625, "lowlevel.spectral_skewness.mean": 1.4703989028930664, "lowlevel.spectral_skewness.stdev": 0.8679891228675842, "lowlevel.spectral_spread.mean": 4773102.0, "lowlevel.spectral_spread.stdev": 2054964.5, "lowlevel.spectral_strongpeak.mean": 0.6972633004188538, "lowlevel.spectral_strongpeak.stdev": 0.6734548211097717, "lowlevel.zerocrossingrate.mean": 0.034985318779945374, "lowlevel.zerocrossingrate.stdev": 0.03660278767347336, "metadata.audio_properties.analysis.equal_loudness": 0.0, "metadata.audio_properties.analysis.length": 33.72798156738281, "metadata.audio_properties.analysis.sample_rate": 44100.0, "metadata.audio_properties.analysis.start_time": 0.0, "metadata.audio_properties.bit_rate": 117913.0, "metadata.audio_properties.length": 33.72800064086914, "metadata.audio_properties.lossless": 0.0, "metadata.audio_properties.number_channels": 1.0, "metadata.audio_properties.replay_gain": -8.16282844543457, "metadata.audio_properties.sample_rate": 48000.0, "rhythm.beats_count": 61.0, "rhythm.beats_loudness.mean": 0.11552226543426514, "rhythm.beats_loudness.stdev": 0.0568375363945961, "rhythm.bpm": 109.9733657836914, "rhythm.bpm_histogram_first_peak_bpm": 110.0, "rhythm.bpm_histogram_first_peak_weight": 0.3333333134651184, "rhythm.bpm_histogram_second_peak_bpm": 0.0, "rhythm.bpm_histogram_second_peak_spread": 0.0, "rhythm.bpm_histogram_second_peak_weight": 0.0, "rhythm.danceability": 1.5009632110595703, "rhythm.onset_rate": 3.970346689224243, "tonal.chords_changes_rate": 0.08791209012269974, "tonal.chords_number_rate": 0.01785714365541935, "tonal.chords_strength.mean": 0.4840865433216095, "tonal.chords_strength.stdev": 0.07853031158447266, "tonal.hpcp_crest.mean": 13.88521671295166, "tonal.hpcp_crest.stdev": 5.352741718292236, "tonal.hpcp_entropy.mean": 1.897520661354065, "tonal.hpcp_entropy.stdev": 0.7206671237945557, "tonal.key_edma.strength": 0.35666051506996155, "tonal.key_krumhansl.strength": 0.3502890467643738, "tonal.key_temperley.strength": 0.33579134941101074, "tonal.tuning_diatonic_strength": 0.5825756192207336, "tonal.tuning_equal_tempered_deviation": 0.15489043295383453, "tonal.tuning_frequency": 436.20416259765625, "tonal.tuning_nontempered_energy_ratio": 0.7934269905090332, "lowlevel.barkbands.mean": [0.0002491301856935024, 0.021158287301659584, 0.014956770464777946, 0.0016826033825054765, 0.002556431572884321, 0.0012723616091534495, 0.0006960228784009814, 0.0006927328649908304, 0.0005460567772388458, 0.0004983998369425535, 0.00044935542973689735, 0.000460762094007805, 0.0002423333062324673, 0.0002677088195923716, 0.00021107756765559316, 0.00017285943613387644, 0.00020272973051760346, 0.00028371799271553755, 0.00032042255043052137, 0.0003226878179702908, 0.00014138323604129255, 0.00013728589692618698, 0.00016848706582095474, 0.0001270893117180094, 6.183071673149243e-05, 2.1701998775824904e-05, 3.0519035476572753e-07], "lowlevel.barkbands.stdev": [0.0006766559672541916, 0.04592828080058098, 0.021177174523472786, 0.009418577887117863, 0.004902264103293419, 0.0027329532895237207, 0.0019492392893880606, 0.0023255315609276295, 0.0018053395906463265, 0.0020984841976314783, 0.0016266503371298313, 0.0019254308426752687, 0.0009761227411217988, 0.0009003567975014448, 0.0008667871588841081, 0.000691679771989584, 0.0006843652226962149, 0.0007792943506501615, 0.0007031099521555007, 0.0006505933706648648, 0.0003576155286282301, 0.0004072824667673558, 0.0004946489934809506, 0.0003788931935559958, 0.0001831046538427472, 6.4762745751068e-05, 1.396064476466563e-06], "lowlevel.erbbands.mean": [0.3900444209575653, 5.567155361175537, 18.937488555908203, 8.759082794189453, 5.484279155731201, 9.64216136932373, 12.59329605102539, 9.580126762390137, 10.501593589782715, 13.343829154968262, 11.91082763671875, 13.99578857421875, 15.935661315917969, 14.320758819580078, 16.94148063659668, 21.175174713134766, 13.393150329589844, 11.716103553771973, 12.122806549072266, 11.780882835388184, 9.282530784606934, 11.392738342285156, 14.018867492675781, 20.07589340209961, 13.0602445602417, 15.946349143981934, 8.524595260620117, 4.4720778465271, 4.905518054962158, 5.540189266204834, 4.377089500427246, 2.7346699237823486, 2.1271135807037354, 0.945164144039154, 0.3141748309135437, 0.11059513688087463, 0.039131417870521545, 0.004545243456959724, 0.0001155404097517021, 5.865720595465973e-05], "lowlevel.erbbands.stdev": [1.1881637573242188, 10.856996536254883, 23.394330978393555, 27.936235427856445, 19.228219985961914, 21.058565139770508, 24.048828125, 25.42449951171875, 28.637725830078125, 38.058616638183594, 32.24494552612305, 47.19777297973633, 65.63843536376953, 57.895172119140625, 56.73949432373047, 91.55440521240234, 46.94801712036133, 34.77595138549805, 46.31063461303711, 49.08134460449219, 32.40357971191406, 38.41537094116211, 38.189353942871094, 43.723548889160156, 29.576148986816406, 32.3551139831543, 17.70269203186035, 12.129358291625977, 14.405519485473633, 17.229745864868164, 12.541729927062988, 8.15633773803711, 6.315721035003662, 2.785285711288452, 0.9903453588485718, 0.34864288568496704, 0.1262424886226654, 0.013473708182573318, 0.00027042103465646505, 6.843790470156819e-05], "lowlevel.gfcc.mean": [-61.37546157836914, 106.56549072265625, -83.23241424560547, 63.64309310913086, -49.62925720214844, 18.830171585083008, -24.67089080810547, 9.372161865234375, -22.8117618560791, 1.7547532320022583, -1.2307541370391846, -10.917641639709473, -10.148946762084961], "lowlevel.melbands.mean": [0.004687577020376921, 0.008722477592527866, 0.0015186930540949106, 0.0005099336267448962, 0.00046564111835323274, 0.00021928688511252403, 0.00015411005006171763, 0.00015407297178171575, 9.738525841385126e-05, 8.28141492092982e-05, 7.695365638937801e-05, 5.4742879001423717e-05, 6.210431456565857e-05, 4.742141391034238e-05, 4.8947844334179536e-05, 1.9339171558385715e-05, 2.3148508262238465e-05, 2.0822979422518983e-05, 1.5344772691605613e-05, 1.3501252396963537e-05, 1.0877389286179096e-05, 1.10384708023048e-05, 1.4005065168021247e-05, 1.2602866263478063e-05, 1.7408072380931117e-05, 8.950086339609697e-06, 1.0339815162296873e-05, 1.0562426723481622e-05, 6.0810843933722936e-06, 3.2885297969187377e-06, 2.2668718884233385e-06, 2.7613696147454903e-06, 2.750894282144145e-06, 3.2854434266482713e-06, 2.6189468371740077e-06, 1.9974957012891537e-06, 1.5518625104959938e-06, 1.577804027874663e-06, 1.1614573622864555e-06, 6.722121952407178e-07], "lowlevel.melbands.stdev": [0.012058583088219166, 0.01118097547441721, 0.0044769528321921825, 0.0010809331433847547, 0.0008695092401467264, 0.0005408862489275634, 0.0004292335652280599, 0.00047824985813349485, 0.0002558532578404993, 0.0002867993025574833, 0.00033400574466213584, 0.00023785585653968155, 0.00022981889196671546, 0.00019599046208895743, 0.00019731790234800428, 6.227359699551016e-05, 7.484559318982065e-05, 8.511407941114157e-05, 6.022496381774545e-05, 5.8069628721568733e-05, 4.309074211050756e-05, 3.8394471630454063e-05, 5.3906755056232214e-05, 3.184967499691993e-05, 3.996340819867328e-05, 2.1215757442405447e-05, 2.5293275029980578e-05, 2.194922672060784e-05, 1.2719652659143321e-05, 9.179988410323858e-06, 6.396208846126683e-06, 8.726206033315975e-06, 8.79469280334888e-06, 1.0467944775882643e-05, 7.511817784688901e-06, 6.071200004953425e-06, 4.726721272163559e-06, 4.813479336007731e-06, 3.4247079838678474e-06, 2.056279981843545e-06], "lowlevel.melbands128.mean": [0.0002286827948410064, 0.0022933189757168293, 0.005983506329357624, 0.010290580801665783, 0.011603008024394512, 0.005775911267846823, 0.0015991168329492211, 0.0007636288064531982, 0.000467887322884053, 0.00045483693247660995, 0.0005596530390903354, 0.0005831779562868178, 0.0004498543858062476, 0.000316598336212337, 0.00022545192041434348, 0.00015527743380516768, 0.00016421248437836766, 0.0001763211184879765, 0.00010958294296870008, 0.0001413397112628445, 0.0002129683125531301, 9.289158333558589e-05, 7.396200817311183e-05, 9.984567441279069e-05, 0.00011204178736079484, 6.036567356204614e-05, 5.495133882504888e-05, 0.00011408035061322153, 5.702274575014599e-05, 3.9831680624047294e-05, 5.9430418332340196e-05, 6.713413313264027e-05, 8.037943189265206e-05, 4.339962833910249e-05, 2.7577525543165393e-05, 5.249332025414333e-05, 7.642016134923324e-05, 4.460036871023476e-05, 4.120207086089067e-05, 2.6100356990355067e-05, 1.1757794709410518e-05, 1.2001242794212885e-05, 2.206361386924982e-05, 3.0970084480941296e-05, 2.5877978259813972e-05, 1.731997326714918e-05, 1.7415915863239206e-05, 1.2385668924252968e-05, 1.518780118203722e-05, 2.13510593312094e-05, 1.1229150004510302e-05, 8.980289749160875e-06, 8.808542588667478e-06, 1.3362086065171752e-05, 1.2168660759925842e-05, 9.772134944796562e-06, 9.880875040835235e-06, 1.6794827388366684e-05, 1.4665992239315528e-05, 1.0142105566046666e-05, 1.0602850124996621e-05, 1.526274354546331e-05, 2.06625754799461e-05, 1.9054488802794367e-05, 1.054396307154093e-05, 7.1463628046331e-06, 9.460875844524708e-06, 8.202271601476241e-06, 1.0150815796805546e-05, 1.4289450518845115e-05, 1.0881180969590787e-05, 8.658918886794709e-06, 8.06029584055068e-06, 5.647479156323243e-06, 3.7819231692992616e-06, 3.608457745940541e-06, 2.993067028000951e-06, 2.2339302176987985e-06, 2.1565153929259395e-06, 2.203407575507299e-06, 2.8173051305202534e-06, 3.1119691357162083e-06, 2.4250548449344933e-06, 2.8482629659265513e-06, 2.7024932478525443e-06, 3.2835932870511897e-06, 3.7022111882833997e-06, 2.998293439304689e-06, 2.4241494429588784e-06, 2.4707126158318715e-06, 2.2768742837797618e-06, 1.8411922155792126e-06, 1.5451813624167698e-06, 1.583224047863041e-06, 1.4566591062248335e-06, 1.6408229157605092e-06, 1.5891309885773808e-06, 1.5772974393257755e-06, 1.1438570481914212e-06, 1.0225072628600174e-06, 8.226219847529137e-07, 6.172412554406037e-07, 4.830579314329952e-07, 3.798575960445305e-07, 3.4935843018502055e-07, 2.8852520017608185e-07, 2.5550744453539664e-07, 1.892036181061485e-07, 1.7628656223678263e-07, 1.725724700918363e-07, 1.542423291311934e-07, 1.3015741728850116e-07, 1.304864980511411e-07, 1.1412424782974995e-07, 8.359605629948419e-08, 4.8946706243668814e-08, 1.2272094451759585e-08, 1.3032391832368262e-09, 2.987850938884762e-11, 6.669872987252745e-12, 6.493821973208025e-12, 6.310742293319516e-12, 6.161749929733951e-12, 6.046732125425391e-12, 5.89244755419549e-12, 5.695827056534375e-12, 5.578243596204846e-12, 5.537942500410953e-12], "lowlevel.melbands128.stdev": [0.0006453724345192313, 0.007659132592380047, 0.01989871822297573, 0.018387293443083763, 0.013715175911784172, 0.009476590901613235, 0.006257547531276941, 0.004109111614525318, 0.001779499463737011, 0.0010534573812037706, 0.0014839114155620337, 0.0014953062636777759, 0.001038267626427114, 0.0007792330579832196, 0.000792922917753458, 0.0006244448595680296, 0.0004924633540213108, 0.0006871143123134971, 0.00043586050742305815, 0.00047254221863113344, 0.0009116214350797236, 0.00037195661570876837, 0.0003090334066655487, 0.0004068207344971597, 0.00047521115629933774, 0.00035024917451664805, 0.00025852001272141933, 0.0005926130688749254, 0.00034262306871823967, 0.00027914182282984257, 0.0003753645869437605, 0.0002824826806318015, 0.0003863211313728243, 0.00020902848336845636, 0.0001148339724750258, 0.0003362847783137113, 0.0004069173301104456, 0.00027708974084816873, 0.00023874548787716776, 0.00010204697900917381, 4.479250856093131e-05, 5.248203160590492e-05, 8.779341442277655e-05, 0.00014052697224542499, 0.00014187832130119205, 0.00012079566658940166, 0.00011273852578597143, 7.353389082709327e-05, 8.634570258436725e-05, 0.0001287840714212507, 6.329100142465904e-05, 4.9562611820874736e-05, 5.18006163474638e-05, 7.931893924251199e-05, 4.6033146645640954e-05, 4.3069761886727065e-05, 6.220523937372491e-05, 7.990995800355449e-05, 7.37029331503436e-05, 4.227546014590189e-05, 3.7325786252040416e-05, 5.2301449613878503e-05, 6.093369665904902e-05, 5.935461012995802e-05, 3.437618215684779e-05, 2.0420802684384398e-05, 3.082269540755078e-05, 2.6447645723237656e-05, 3.607794496929273e-05, 3.7298443203326315e-05, 2.820796362357214e-05, 2.098764707625378e-05, 1.9452831111266278e-05, 1.381968741043238e-05, 9.437098924536258e-06, 1.1759922927012667e-05, 9.28239205677528e-06, 6.0173397287144326e-06, 6.287028554652352e-06, 7.233922133309534e-06, 1.0705757631512824e-05, 9.804410183278378e-06, 7.59866134103504e-06, 1.0094626304635312e-05, 9.860012141871266e-06, 1.1523313332872931e-05, 1.3251485142973252e-05, 8.981112841865979e-06, 7.177033239713637e-06, 7.851169357309118e-06, 7.190523774625035e-06, 6.189446139615029e-06, 5.121781214256771e-06, 5.2656896514235996e-06, 4.415056082507363e-06, 5.407283424574416e-06, 5.205152319831541e-06, 5.061553565610666e-06, 3.7039526432636194e-06, 3.217288394807838e-06, 2.674457618923043e-06, 1.998030484173796e-06, 1.5678879208280705e-06, 1.3323235634743469e-06, 1.22984636163892e-06, 1.0634676073095761e-06, 8.488750040669402e-07, 6.065923230380577e-07, 6.628818027820671e-07, 6.224674962140853e-07, 5.836307082063286e-07, 4.83523194816371e-07, 4.541056739526539e-07, 4.0817045032781607e-07, 2.763527504612284e-07, 1.5493392879761814e-07, 4.7634941324758984e-08, 1.4511954304907704e-08, 8.038079646333074e-10, 1.231054320982583e-11, 1.199893309711264e-11, 1.167290483022887e-11, 1.1427503041061549e-11, 1.122678772863539e-11, 1.1062193695787759e-11, 1.0929499492939865e-11, 1.0832659422255198e-11, 1.077307774238756e-11], "lowlevel.mfcc.mean": [-709.937744140625, 122.6678237915039, 33.1878776550293, 48.492218017578125, 13.968036651611328, 13.907118797302246, 19.179353713989258, 5.051161289215088, -3.3617513179779053, 8.21379280090332, 2.815455913543701, 5.585912704467773, 2.941398859024048], "lowlevel.spectral_contrast_coeffs.mean": [-0.6248978972434998, -0.7162473797798157, -0.7862653136253357, -0.8086603879928589, -0.7910696864128113, -0.7732394337654114], "lowlevel.spectral_contrast_coeffs.stdev": [0.06653759628534317, 0.09074395149946213, 0.08607856929302216, 0.06560186296701431, 0.06250303983688354, 0.042383719235658646], "lowlevel.spectral_contrast_valleys.mean": [-7.076683521270752, -7.812707424163818, -8.404228210449219, -8.654385566711426, -8.168760299682617, -10.81777286529541], "lowlevel.spectral_contrast_valleys.stdev": [0.8710430860519409, 0.9367652535438538, 1.0170683860778809, 1.0921263694763184, 1.146996259689331, 1.3287802934646606], "rhythm.beats_loudness_band_ratio.mean": [0.8989137411117554, 0.03327484056353569, 0.031817227602005005, 0.017756175249814987, 0.010941194370388985, 0.015173688530921936], "rhythm.beats_loudness_band_ratio.stdev": [0.10708282887935638, 0.044227954000234604, 0.05380784720182419, 0.040120359510183334, 0.019975893199443817, 0.02597268484532833], "tonal.hpcp.mean": [0.2583911120891571, 0.1512490212917328, 0.03516241908073425, 0.02959533780813217, 0.026103386655449867, 0.03414598107337952, 0.05057409778237343, 0.055872295051813126, 0.04633137956261635, 0.05278650298714638, 0.058777667582035065, 0.04378792643547058, 0.029333172366023064, 0.027028508484363556, 0.033196453005075455, 0.04841345548629761, 0.049347054213285446, 0.03234027698636055, 0.021578025072813034, 0.021343672648072243, 0.023698311299085617, 0.030523080378770828, 0.03431568667292595, 0.08857498317956924, 0.20754355192184448, 0.15428775548934937, 0.026498323306441307, 0.01242057140916586, 0.020836250856518745, 0.12889394164085388, 0.28663957118988037, 0.19805702567100525, 0.05838827043771744, 0.10695018619298935, 0.10016760230064392, 0.1506114900112152], "tonal.hpcp.stdev": [0.41438546776771545, 0.2609162926673889, 0.13868680596351624, 0.13421373069286346, 0.1221984401345253, 0.13890020549297333, 0.1672358363866806, 0.18199340999126434, 0.15881198644638062, 0.16396552324295044, 0.1847674548625946, 0.1596749871969223, 0.12956102192401886, 0.12017180770635605, 0.12735262513160706, 0.1571199595928192, 0.1475425809621811, 0.11773952841758728, 0.08131406456232071, 0.10241130739450455, 0.10632161051034927, 0.11595939844846725, 0.12420680373907089, 0.1738353669643402, 0.38134676218032837, 0.28913065791130066, 0.11372372508049011, 0.0628940761089325, 0.10187508910894394, 0.22666895389556885, 0.4267056882381439, 0.30259135365486145, 0.1753380447626114, 0.2717564105987549, 0.2619176506996155, 0.2524968683719635], "rhythm.beats_position": [0.5804988741874695, 1.1377778053283691, 1.695056676864624, 2.2291154861450195, 2.774784564971924, 3.320453405380249, 3.877732276916504, 4.423401355743408, 4.9690704345703125, 5.514739036560059, 6.060408115386963, 6.5944671630859375, 7.140135765075684, 7.685804843902588, 8.243083953857422, 8.788752555847168, 9.334421157836914, 9.868480682373047, 10.414149284362793, 10.959818840026855, 11.505487442016602, 12.051156044006348, 12.59682559967041, 13.142494201660156, 13.688162803649902, 14.233832359313965, 14.79111099243164, 15.325169563293457, 15.88244915008545, 16.428117752075195, 16.973787307739258, 17.519454956054688, 18.06512451171875, 18.599184036254883, 19.144851684570312, 19.690521240234375, 20.236190795898438, 20.781858444213867, 21.33913803100586, 21.873197555541992, 22.418865203857422, 22.964534759521484, 23.510204315185547, 24.055871963500977, 24.58993148803711, 25.1472110748291, 25.69287872314453, 26.238548278808594, 26.784217834472656, 27.329885482788086, 27.86394500732422, 28.40961456298828, 28.95528221130371, 29.512561798095703, 30.058231353759766, 30.603899002075195, 31.149568557739258, 31.69523811340332, 32.22929763793945, 32.78657531738281, 33.32063293457031], "rhythm.bpm_histogram": [0.0, 0.0, 0.0, 0.0, 0.0, 0.0, 0.0, 0.0, 0.0, 0.0, 0.0, 0.0, 0.0, 0.0, 0.0, 0.0, 0.0, 0.0, 0.0, 0.0, 0.0, 0.0, 0.0, 0.0, 0.0, 0.0, 0.0, 0.0, 0.0, 0.0, 0.0, 0.0, 0.0, 0.0, 0.0, 0.0, 0.0, 0.0, 0.0, 0.0, 0.0, 0.0, 0.0, 0.0, 0.0, 0.0, 0.0, 0.0, 0.0, 0.0, 0.0, 0.0, 0.0, 0.0, 0.0, 0.0, 0.0, 0.0, 0.0, 0.0, 0.0, 0.0, 0.0, 0.0, 0.0, 0.0, 0.0, 0.0, 0.0, 0.0, 0.0, 0.0, 0.0, 0.0, 0.0, 0.0, 0.0, 0.0, 0.0, 0.0, 0.0, 0.0, 0.0, 0.0, 0.0, 0.0, 0.0, 0.0, 0.0, 0.0, 0.0, 0.0, 0.0, 0.0, 0.0, 0.0, 0.0, 0.0, 0.0, 0.0, 0.0, 0.0, 0.0, 0.0, 0.0, 0.0, 0.0, 0.0, 0.1666666716337204, 0.0, 0.6666666865348816, 0.0, 0.1666666716337204, 0.0, 0.0, 0.0, 0.0, 0.0, 0.0, 0.0, 0.0, 0.0, 0.0, 0.0, 0.0, 0.0, 0.0, 0.0, 0.0, 0.0, 0.0, 0.0, 0.0, 0.0, 0.0, 0.0, 0.0, 0.0, 0.0, 0.0, 0.0, 0.0, 0.0, 0.0, 0.0, 0.0, 0.0, 0.0, 0.0, 0.0, 0.0, 0.0, 0.0, 0.0, 0.0, 0.0, 0.0, 0.0, 0.0, 0.0, 0.0, 0.0, 0.0, 0.0, 0.0, 0.0, 0.0, 0.0, 0.0, 0.0, 0.0, 0.0, 0.0, 0.0, 0.0, 0.0, 0.0, 0.0, 0.0, 0.0, 0.0, 0.0, 0.0, 0.0, 0.0, 0.0, 0.0, 0.0, 0.0, 0.0, 0.0, 0.0, 0.0, 0.0, 0.0, 0.0, 0.0, 0.0, 0.0, 0.0, 0.0, 0.0, 0.0, 0.0, 0.0, 0.0, 0.0, 0.0, 0.0, 0.0, 0.0, 0.0, 0.0, 0.0, 0.0, 0.0, 0.0, 0.0, 0.0, 0.0, 0.0, 0.0, 0.0, 0.0, 0.0, 0.0, 0.0, 0.0, 0.0, 0.0, 0.0, 0.0, 0.0, 0.0, 0.0, 0.0, 0.0, 0.0, 0.0, 0.0, 0.0, 0.0, 0.0, 0.0, 0.0, 0.0, 0.0, 0.0, 0.0, 0.0], "tonal.chords_histogram": [3.296703338623047, 8.65384578704834, 13.59890079498291, 1.923076868057251, 11.950549125671387, 0.0, 0.13736264407634735, 0.0, 8.241758346557617, 2.1978023052215576, 0.0, 0.8241758346557617, 0.0, 0.0, 0.0, 0.0, 2.335164785385132, 21.703296661376953, 3.5714285373687744, 5.219780445098877, 0.0, 9.203296661376953, 0.0, 7.142857074737549], "tonal.thpcp": [1.0, 0.6909618973731995, 0.2036992609500885, 0.3731172978878021, 0.3494549095630646, 0.5254386067390442, 0.9014495611190796, 0.5276627540588379, 0.12267119437456131, 0.10324931144714355, 0.09106693416833878, 0.11912515014410019, 0.17643794417381287, 0.19492177665233612, 0.1616363674402237, 0.1841563731431961, 0.205057755112648, 0.1527630239725113, 0.10233469307422638, 0.09429440647363663, 0.1158125251531601, 0.16890011727809906, 0.1721571534872055, 0.11282558739185333, 0.07527929544448853, 0.07446171343326569, 0.08267634361982346, 0.10648592561483383, 0.11971719563007355, 0.30901169776916504, 0.7240575551986694, 0.5382639765739441, 0.09244474768638611, 0.04333167150616646, 0.07269147038459778, 0.44967252016067505], "lowlevel.gfcc.cov": [[9709.166015625, -2115.81884765625, -1279.089111328125, 1.733634352684021, -511.34686279296875, 103.72172546386719, -473.7917175292969, 488.434326171875, -481.9830017089844, 179.44195556640625, -375.26678466796875, 478.0367736816406, -222.8551025390625], [-2115.81884765625, 2373.48828125, -333.9160461425781, -472.2048034667969, 359.4932556152344, -415.53265380859375, 278.7725524902344, -165.80479431152344, 136.38755798339844, -285.1337585449219, 406.3736267089844, -400.8636474609375, 288.5368957519531], [-1279.089111328125, -333.9160461425781, 1398.4644775390625, 230.86846923828125, -85.64642333984375, 169.80482482910156, -28.007333755493164, -131.08737182617188, 58.46188735961914, 65.43910217285156, -78.62987518310547, 134.31924438476562, -110.79535675048828], [1.733634352684021, -472.2048034667969, 230.86846923828125, 545.3552856445312, 47.73032760620117, 8.346811294555664, -111.23121643066406, -19.835777282714844, 85.92061614990234, 17.67438507080078, -98.41029357910156, 66.30677032470703, -2.2662177085876465], [-511.34686279296875, 359.4932556152344, -85.64642333984375, 47.73032760620117, 415.6033630371094, -0.3545483350753784, 73.89170837402344, -30.56422233581543, 76.94332122802734, -54.55283737182617, 26.066272735595703, -56.72144317626953, 70.0211181640625], [103.72172546386719, -415.53265380859375, 169.80482482910156, 8.346811294555664, -0.3545483350753784, 396.695068359375, 131.85740661621094, -27.859540939331055, -31.18177604675293, 69.65723419189453, -60.642642974853516, 32.55038070678711, -57.573448181152344], [-473.7917175292969, 278.7725524902344, -28.007333755493164, -111.23121643066406, 73.89170837402344, 131.85740661621094, 364.4295959472656, 29.703340530395508, -5.163579940795898, -18.38077163696289, 74.56834411621094, -80.43968963623047, 1.332143783569336], [488.434326171875, -165.80479431152344, -131.08737182617188, -19.835777282714844, -30.56422233581543, -27.859540939331055, 29.703340530395508, 214.7007293701172, 27.260637283325195, 6.890436172485352, -9.991772651672363, 23.881855010986328, -4.271742820739746], [-481.9830017089844, 136.38755798339844, 58.46188735961914, 85.92061614990234, 76.94332122802734, -31.18177604675293, -5.163579940795898, 27.260637283325195, 242.82579040527344, 28.068105697631836, 4.640403747558594, -26.298791885375977, 39.75977325439453], [179.44195556640625, -285.1337585449219, 65.43910217285156, 17.67438507080078, -54.55283737182617, 69.65723419189453, -18.38077163696289, 6.890436172485352, 28.068105697631836, 157.08433532714844, -25.158363342285156, 50.25088882446289, -54.51781463623047], [-375.26678466796875, 406.3736267089844, -78.62987518310547, -98.41029357910156, 26.066272735595703, -60.642642974853516, 74.56834411621094, -9.991772651672363, 4.640403747558594, -25.158363342285156, 189.31309509277344, -58.358577728271484, 57.43069839477539], [478.0367736816406, -400.8636474609375, 134.31924438476562, 66.30677032470703, -56.72144317626953, 32.55038070678711, -80.43968963623047, 23.881855010986328, -26.298791885375977, 50.25088882446289, -58.358577728271484, 189.58843994140625, -36.799320220947266], [-222.8551025390625, 288.5368957519531, -110.79535675048828, -2.2662177085876465, 70.0211181640625, -57.573448181152344, 1.332143783569336, -4.271742820739746, 39.75977325439453, -54.51781463623047, 57.43069839477539, -36.799320220947266, 152.3223114013672]], "lowlevel.gfcc.icov": [[0.00022010471730027348, -9.65932194958441e-05, 0.0002576159604359418, -0.00011951822671107948, 0.0001405241637257859, -0.00024471365031786263, 0.00029476534109562635, -0.00046390408533625305, 0.00039059334085322917, -0.00014201478916220367, 0.00023579035769216716, -0.0004347391368355602, 0.00017120930715464056], [-9.65932194958441e-05, 0.00394784240052104, -0.0005420419620350003, 0.002742675133049488, -0.0015185382217168808, 0.0035861858632415533, -0.0021975866984575987, 0.0034074238501489162, -0.0022751030046492815, 0.0027776164934039116, -0.002950392896309495, 0.003170090727508068, -0.002338431077077985], [0.0002576159604359418, -0.0005420419620350003, 0.0013551237061619759, -0.0007404704811051488, 0.0005968090263195336, -0.0009560263133607805, 0.0004191070329397917, -0.00013830025272909552, 0.0001231302012456581, -0.0001428260438842699, 0.00045650044921785593, -0.001548773841932416, 0.0011055521899834275], [-0.00011951822671107948, 0.002742675133049488, -0.0007404704811051488, 0.004349791444838047, -0.0014280846808105707, 0.0025225880090147257, -0.0010983486426994205, 0.0025532261934131384, -0.0023709402885288, 0.0020588331390172243, -0.0011063494021072984, 0.0018661582143977284, -0.0019291880307719111], [0.0001405241637257859, -0.0015185382217168808, 0.0005968090263195336, -0.0014280846808105707, 0.0037425223272293806, -0.0015881290892139077, 0.00023401001817546785, -0.0007369723170995712, 3.9063112922121945e-07, -0.0001991559547604993, 0.0013648332096636295, -0.00138625199906528, 0.0002306888491148129], [-0.00024471365031786263, 0.0035861858632415533, -0.0009560263133607805, 0.0025225880090147257, -0.0015881290892139077, 0.007351739797741175, -0.004173265770077705, 0.0040633585304021835, -0.001664983225055039, 0.0008674830896779895, -0.001141114393249154, 0.0027125414926558733, -0.0023191431537270546], [0.00029476534109562635, -0.0021975866984575987, 0.0004191070329397917, -0.0010983486426994205, 0.00023401001817546785, -0.004173265770077705, 0.00612100912258029, -0.003655897220596671, 0.0017417781054973602, -0.0009705238626338542, -5.893119305255823e-05, -0.0005652674590237439, 0.0021251922007650137], [-0.00046390408533625305, 0.0034074238501489162, -0.00013830025272909552, 0.0025532261934131384, -0.0007369723170995712, 0.0040633585304021835, -0.003655897220596671, 0.00951471645385027, -0.003903073025867343, 0.0027902342844754457, -0.0020971379708498716, 0.001631745370104909, -0.0018200742779299617], [0.00039059334085322917, -0.0022751030046492815, 0.0001231302012456581, -0.0023709402885288, 3.9063112922121945e-07, -0.001664983225055039, 0.0017417781054973602, -0.003903073025867343, 0.007640206720679998, -0.004118225071579218, 0.002165875630453229, -0.0007751018856652081, -0.00029092124896124005], [-0.00014201478916220367, 0.0027776164934039116, -0.0001428260438842699, 0.0020588331390172243, -0.0001991559547604993, 0.0008674830896779895, -0.0009705238626338542, 0.0027902342844754457, -0.004118225071579218, 0.011289813555777073, -0.0030825065914541483, 0.0003870287910103798, 0.0013350469525903463], [0.00023579035769216716, -0.002950392896309495, 0.00045650044921785593, -0.0011063494021072984, 0.0013648332096636295, -0.001141114393249154, -5.893119305255823e-05, -0.0020971379708498716, 0.002165875630453229, -0.0030825065914541483, 0.010296553373336792, -0.0018048030324280262, -0.0008544367738068104], [-0.0004347391368355602, 0.003170090727508068, -0.001548773841932416, 0.0018661582143977284, -0.00138625199906528, 0.0027125414926558733, -0.0005652674590237439, 0.001631745370104909, -0.0007751018856652081, 0.0003870287910103798, -0.0018048030324280262, 0.010969537310302258, -0.002355128526687622], [0.00017120930715464056, -0.002338431077077985, 0.0011055521899834275, -0.0019291880307719111, 0.0002306888491148129, -0.0023191431537270546, 0.0021251922007650137, -0.0018200742779299617, -0.00029092124896124005, 0.0013350469525903463, -0.0008544367738068104, -0.002355128526687622, 0.011275243014097214]], "lowlevel.mfcc.cov": [[9995.642578125, -2177.953125, -1211.0167236328125, -308.6492919921875, -218.0007781982422, -472.62017822265625, -160.42990112304688, 31.49213981628418, -137.8793487548828, 16.342504501342773, -248.0029754638672, -209.5612335205078, -52.226158142089844], [-2177.953125, 2348.470947265625, -440.0127258300781, -89.45503234863281, -27.6998233795166, -222.5402374267578, 253.8273162841797, -85.9381103515625, -71.01670837402344, 19.010509490966797, 12.854108810424805, 35.572593688964844, -31.87030029296875], [-1211.0167236328125, -440.0127258300781, 1260.7108154296875, 62.27412033081055, 0.15412065386772156, 238.88975524902344, -88.60491180419922, 31.590499877929688, 1.2353252172470093, -93.82899475097656, 55.229713439941406, 55.15937805175781, 44.18567657470703], [-308.6492919921875, -89.45503234863281, 62.27412033081055, 454.0165710449219, 160.76895141601562, -17.956050872802734, -122.49128723144531, 8.871464729309082, 44.83698654174805, -54.732784271240234, -11.453028678894043, 29.84995460510254, 8.19666576385498], [-218.0007781982422, -27.6998233795166, 0.15412065386772156, 160.76895141601562, 349.1216735839844, 29.574289321899414, -114.80577087402344, -1.5144834518432617, 50.38301086425781, -34.71199035644531, -23.435033798217773, 14.436458587646484, -25.20289421081543], [-472.62017822265625, -222.5402374267578, 238.88975524902344, -17.956050872802734, 29.574289321899414, 434.80230712890625, 34.61555480957031, 29.028505325317383, 47.77153396606445, 17.52180290222168, 55.942813873291016, -41.638755798339844, 15.993890762329102], [-160.42990112304688, 253.8273162841797, -88.60491180419922, -122.49128723144531, -114.80577087402344, 34.61555480957031, 339.83782958984375, 57.442569732666016, -39.616573333740234, 57.180885314941406, 5.725436210632324, -34.277591705322266, 3.7811427116394043], [31.49213981628418, -85.9381103515625, 31.590499877929688, 8.871464729309082, -1.5144834518432617, 29.028505325317383, 57.442569732666016, 156.4618377685547, 58.054046630859375, 5.108374118804932, 11.57502269744873, 13.060270309448242, 9.210756301879883], [-137.8793487548828, -71.01670837402344, 1.2353252172470093, 44.83698654174805, 50.38301086425781, 47.77153396606445, -39.616573333740234, 58.054046630859375, 175.9228057861328, 40.67153549194336, 19.74431610107422, 7.625196933746338, 6.352624893188477], [16.342504501342773, 19.010509490966797, -93.82899475097656, -54.732784271240234, -34.71199035644531, 17.52180290222168, 57.180885314941406, 5.108374118804932, 40.67153549194336, 157.65553283691406, 43.77983474731445, -13.730728149414062, 12.001959800720215], [-248.0029754638672, 12.854108810424805, 55.229713439941406, -11.453028678894043, -23.435033798217773, 55.942813873291016, 5.725436210632324, 11.57502269744873, 19.74431610107422, 43.77983474731445, 106.18184661865234, 37.6865119934082, 13.577600479125977], [-209.5612335205078, 35.572593688964844, 55.15937805175781, 29.84995460510254, 14.436458587646484, -41.638755798339844, -34.277591705322266, 13.060270309448242, 7.625196933746338, -13.730728149414062, 37.6865119934082, 120.87891387939453, 31.959386825561523], [-52.226158142089844, -31.87030029296875, 44.18567657470703, 8.19666576385498, -25.20289421081543, 15.993890762329102, 3.7811427116394043, 9.210756301879883, 6.352624893188477, 12.001959800720215, 13.577600479125977, 31.959386825561523, 107.39844512939453]], "lowlevel.mfcc.icov": [[0.00021453657245729119, 0.00025950517738237977, 0.00024623333592899144, 0.0001490829890826717, 7.141965033952147e-05, 0.00021370516333263367, 7.966062548803166e-05, -0.00012047532800352201, 0.00017765338998287916, 4.4317785068415105e-05, 0.0001506919361418113, 0.00020285019127186388, -3.3762546081561595e-05], [0.00025950517738237977, 0.000876754114869982, 0.0004268038319423795, 0.00021049633505754173, -6.717445648973808e-05, 0.00052391376812011, -0.0005340269999578595, 0.0004025052476208657, 6.483706965809688e-05, 0.0003258494834881276, -0.00016165724082384259, 5.147890988155268e-06, 6.386043241946027e-05], [0.00024623333592899144, 0.0004268038319423795, 0.0013346208725124598, 0.00010332085366826504, 0.0002473382919561118, -0.0003182574291713536, 0.00023932315525598824, -0.00022435579739976674, 0.0003430287179071456, 0.0007257270044647157, -0.0001891454594442621, -0.00020479221711866558, -0.0002108647022396326], [0.0001490829890826717, 0.00021049633505754173, 0.00010332085366826504, 0.0029919594526290894, -0.0010676556266844273, 0.00043980832560919225, 0.0005135276587679982, -0.00026206873008050025, -0.0003245025291107595, 0.0007679096888750792, -0.00011501378321554512, 0.00015100221207831055, -0.0005445536226034164], [7.141965033952147e-05, -6.717445648973808e-05, 0.0002473382919561118, -0.0010676556266844273, 0.004099735990166664, -0.0007435883744619787, 0.0010737604461610317, -0.00016160064842551947, -0.0005341810756362975, -5.4819975048303604e-05, 0.0014688953524455428, -0.0008647164213471115, 0.0011527275200933218], [0.00021370516333263367, 0.00052391376812011, -0.0003182574291713536, 0.00043980832560919225, -0.0007435883744619787, 0.0037201850209385157, -0.0007691930513828993, 0.00012998330930713564, -0.0007165275164879858, 0.0006986403604969382, -0.002375573618337512, 0.0024750852026045322, -0.0008277095621451735], [7.966062548803166e-05, -0.0005340269999578595, 0.00023932315525598824, 0.0005135276587679982, 0.0010737604461610317, -0.0007691930513828993, 0.005179107189178467, -0.0029663993045687675, 0.0020352290011942387, -0.0017837868072092533, 0.0009331605397164822, 0.000863592722453177, -0.00011479762906674296], [-0.00012047532800352201, 0.0004025052476208657, -0.00022435579739976674, -0.00026206873008050025, -0.00016160064842551947, 0.00012998330930713564, -0.0029663993045687675, 0.009281798265874386, -0.0038025453686714172, 0.0015125216450542212, -0.0006410927744582295, -0.0013161631068214774, -4.7106455895118415e-05], [0.00017765338998287916, 6.483706965809688e-05, 0.0003430287179071456, -0.0003245025291107595, -0.0005341810756362975, -0.0007165275164879858, 0.0020352290011942387, -0.0038025453686714172, 0.008622177876532078, -0.002900738501921296, 0.00033754948526620865, 4.312656164984219e-05, -1.6265894373646006e-05], [4.4317785068415105e-05, 0.0003258494834881276, 0.0007257270044647157, 0.0007679096888750792, -5.4819975048303604e-05, 0.0006986403604969382, -0.0017837868072092533, 0.0015125216450542212, -0.002900738501921296, 0.009896007366478443, -0.004829284735023975, 0.002223101444542408, -0.0014080923283472657], [0.0001506919361418113, -0.00016165724082384259, -0.0001891454594442621, -0.00011501378321554512, 0.0014688953524455428, -0.002375573618337512, 0.0009331605397164822, -0.0006410927744582295, 0.00033754948526620865, -0.004829284735023975, 0.015343265607953072, -0.0058985003270208836, 0.0011677462607622147], [0.00020285019127186388, 5.147890988155268e-06, -0.00020479221711866558, 0.00015100221207831055, -0.0008647164213471115, 0.0024750852026045322, 0.000863592722453177, -0.0013161631068214774, 4.312656164984219e-05, 0.002223101444542408, -0.0058985003270208836, 0.013093754649162292, -0.0037178306374698877], [-3.3762546081561595e-05, 6.386043241946027e-05, -0.0002108647022396326, -0.0005445536226034164, 0.0011527275200933218, -0.0008277095621451735, -0.00011479762906674296, -4.7106455895118415e-05, -1.6265894373646006e-05, -0.0014080923283472657, 0.0011677462607622147, -0.0037178306374698877, 0.010960853658616543]], "metadata.audio_properties.analysis.downmix": "mix", "metadata.audio_properties.codec": "mp3", "metadata.audio_properties.md5_encoded": "cfd1a5bde4b05ffef9b9886fc196472b", "metadata.tags.file_name": "1182271933786632203.mp3", "metadata.version.essentia": "2.1-beta6-dev", "metadata.version.essentia_git_sha": "v2.1_beta5-1110-g77a6a954", "metadata.version.extractor": "music 2.0", "tonal.chords_key": "F", "tonal.chords_scale": "minor", "tonal.key_edma.key": "F", "tonal.key_edma.scale": 