{"song_id": "1182268738695868497", "download": "https://cdn.discordapp.com/attachments/1128313332273782784/1182268738695868497/chirp.mp4?ex=65841490&amp", "lyrics": "[Verse]\nWaking up, the sun's barely shining\nLiving alone, feeling the emptiness inside\nMissing home, where I belong\nBut I gotta keep going, gotta stay strong\n\n[Chorus]\nEvery day, I'll chase my dreams\nWorking hard, it's not as easy as it seems\nFar away, from the ones I love\nBut I'll keep pushing, to rise above", "style": ["pop"], "essentia_features": {"lowlevel.average_loudness": 0.979254424571991, "lowlevel.barkbands_crest.mean": 17.650529861450195, "lowlevel.barkbands_crest.stdev": 4.4668755531311035, "lowlevel.barkbands_flatness_db.mean": 0.25609755516052246, "lowlevel.barkbands_flatness_db.stdev": 0.07663179934024811, "lowlevel.barkbands_kurtosis.mean": 40.354373931884766, "lowlevel.barkbands_kurtosis.stdev": 62.17952346801758, "lowlevel.barkbands_skewness.mean": 4.485836505889893, "lowlevel.barkbands_skewness.stdev": 2.945517063140869, "lowlevel.barkbands_spread.mean": 10.884699821472168, "lowlevel.barkbands_spread.stdev": 12.149550437927246, "lowlevel.dissonance.mean": 0.4499666392803192, "lowlevel.dissonance.stdev": 0.039279188960790634, "lowlevel.dynamic_complexity": 1.6133397817611694, "lowlevel.erbbands_crest.mean": 11.149687767028809, "lowlevel.erbbands_crest.stdev": 5.0867719650268555, "lowlevel.erbbands_flatness_db.mean": 0.1534864604473114, "lowlevel.erbbands_flatness_db.stdev": 0.05211719870567322, "lowlevel.erbbands_kurtosis.mean": 1.8197828531265259, "lowlevel.erbbands_kurtosis.stdev": 4.223661422729492, "lowlevel.erbbands_skewness.mean": 0.41571012139320374, "lowlevel.erbbands_skewness.stdev": 1.1679850816726685, "lowlevel.erbbands_spread.mean": 51.16526794433594, "lowlevel.erbbands_spread.stdev": 35.656089782714844, "lowlevel.hfc.mean": 25.211074829101562, "lowlevel.hfc.stdev": 18.578838348388672, "lowlevel.loudness_ebu128.integrated": -9.62087631225586, "lowlevel.loudness_ebu128.loudness_range": 0.6386890411376953, "lowlevel.loudness_ebu128.momentary.mean": -9.656003952026367, "lowlevel.loudness_ebu128.momentary.stdev": 0.5587947368621826, "lowlevel.loudness_ebu128.short_term.mean": -9.64753246307373, "lowlevel.loudness_ebu128.short_term.stdev": 0.1937749832868576, "lowlevel.melbands_crest.mean": 22.650373458862305, "lowlevel.melbands_crest.stdev": 5.040339469909668, "lowlevel.melbands_flatness_db.mean": 0.3496178388595581, "lowlevel.melbands_flatness_db.stdev": 0.08916709572076797, "lowlevel.melbands_kurtosis.mean": 83.5426254272461, "lowlevel.melbands_kurtosis.stdev": 92.0827865600586, "lowlevel.melbands_skewness.mean": 6.320938587188721, "lowlevel.melbands_skewness.stdev": 3.581883430480957, "lowlevel.melbands_spread.mean": 6.922004222869873, "lowlevel.melbands_spread.stdev": 7.134573459625244, "lowlevel.pitch_salience.mean": 0.32970091700553894, "lowlevel.pitch_salience.stdev": 0.1410524696111679, "lowlevel.silence_rate_20dB.mean": 1.0, "lowlevel.silence_rate_20dB.stdev": 0.0, "lowlevel.silence_rate_30dB.mean": 0.6677091717720032, "lowlevel.silence_rate_30dB.stdev": 0.4710327386856079, "lowlevel.silence_rate_60dB.mean": 0.0007818608428351581, "lowlevel.silence_rate_60dB.stdev": 0.02795056812465191, "lowlevel.spectral_centroid.mean": 722.3045043945312, "lowlevel.spectral_centroid.stdev": 561.906494140625, "lowlevel.spectral_complexity.mean": 13.227521896362305, "lowlevel.spectral_complexity.stdev": 6.500545024871826, "lowlevel.spectral_decrease.mean": -2.483261063446207e-08, "lowlevel.spectral_decrease.stdev": 1.0569610076061053e-08, "lowlevel.spectral_energy.mean": 0.09601079672574997, "lowlevel.spectral_energy.stdev": 0.039896104484796524, "lowlevel.spectral_energyband_high.mean": 0.0009767109295353293, "lowlevel.spectral_energyband_high.stdev": 0.001926638768054545, "lowlevel.spectral_energyband_low.mean": 0.07728055864572525, "lowlevel.spectral_energyband_low.stdev": 0.042239341884851456, "lowlevel.spectral_energyband_middle_high.mean": 0.005092885810881853, "lowlevel.spectral_energyband_middle_high.stdev": 0.008674660697579384, "lowlevel.spectral_energyband_middle_low.mean": 0.015079530887305737, "lowlevel.spectral_energyband_middle_low.stdev": 0.016908667981624603, "lowlevel.spectral_entropy.mean": 7.201284885406494, "lowlevel.spectral_entropy.stdev": 0.6389139294624329, "lowlevel.spectral_flux.mean": 0.1187991127371788, "lowlevel.spectral_flux.stdev": 0.08716107159852982, "lowlevel.spectral_kurtosis.mean": 6.510890960693359, "lowlevel.spectral_kurtosis.stdev": 5.527084827423096, "lowlevel.spectral_rms.mean": 0.009486290626227856, "lowlevel.spectral_rms.stdev": 0.0019181376555934548, "lowlevel.spectral_rolloff.mean": 411.823486328125, "lowlevel.spectral_rolloff.stdev": 814.3373413085938, "lowlevel.spectral_skewness.mean": 2.0247802734375, "lowlevel.spectral_skewness.stdev": 0.8079109787940979, "lowlevel.spectral_spread.mean": 5517762.5, "lowlevel.spectral_spread.stdev": 2536333.5, "lowlevel.spectral_strongpeak.mean": 0.9390459656715393, "lowlevel.spectral_strongpeak.stdev": 0.8013405203819275, "lowlevel.zerocrossingrate.mean": 0.026594338938593864, "lowlevel.zerocrossingrate.stdev": 0.024147408083081245, "metadata.audio_properties.analysis.equal_loudness": 0.0, "metadata.audio_properties.analysis.length": 29.67464828491211, "metadata.audio_properties.analysis.sample_rate": 44100.0, "metadata.audio_properties.analysis.start_time": 0.0, "metadata.audio_properties.bit_rate": 117079.0, "metadata.audio_properties.length": 29.674667358398438, "metadata.audio_properties.lossless": 0.0, "metadata.audio_properties.number_channels": 1.0, "metadata.audio_properties.replay_gain": -13.784061431884766, "metadata.audio_properties.sample_rate": 48000.0, "rhythm.beats_count": 59.0, "rhythm.beats_loudness.mean": 0.1075548455119133, "rhythm.beats_loudness.stdev": 0.03224240988492966, "rhythm.bpm": 120.05522918701172, "rhythm.bpm_histogram_first_peak_bpm": 120.0, "rhythm.bpm_histogram_first_peak_weight": 0.3454545736312866, "rhythm.bpm_histogram_second_peak_bpm": 129.0, "rhythm.bpm_histogram_second_peak_spread": 0.3333333134651184, "rhythm.bpm_histogram_second_peak_weight": 0.03448275849223137, "rhythm.danceability": 1.6933497190475464, "rhythm.onset_rate": 4.075897693634033, "tonal.chords_changes_rate": 0.06718750298023224, "tonal.chords_number_rate": 0.012500000186264515, "tonal.chords_strength.mean": 0.5476062893867493, "tonal.chords_strength.stdev": 0.09914900362491608, "tonal.hpcp_crest.mean": 13.168176651000977, "tonal.hpcp_crest.stdev": 5.53322172164917, "tonal.hpcp_entropy.mean": 2.0071563720703125, "tonal.hpcp_entropy.stdev": 0.6730745434761047, "tonal.key_edma.strength": 0.6722944974899292, "tonal.key_krumhansl.strength": 0.6506695747375488, "tonal.key_temperley.strength": 0.6865782737731934, "tonal.tuning_diatonic_strength": 0.5942838788032532, "tonal.tuning_equal_tempered_deviation": 0.25820472836494446, "tonal.tuning_frequency": 434.193115234375, "tonal.tuning_nontempered_energy_ratio": 0.9553024172782898, "lowlevel.barkbands.mean": [0.0022812869865447283, 0.051811832934617996, 0.020894553512334824, 0.004238997120410204, 0.006221816409379244, 0.0018196611199527979, 0.0010048807598650455, 0.0007112241582944989, 0.0008144648745656013, 0.0007384195341728628, 0.0017695488641038537, 0.0007717534317635, 0.0006433807429857552, 0.0004223568248562515, 0.00019091734429821372, 0.00016590769519098103, 0.0002594382385723293, 0.00012376658560242504, 0.00010616408690111712, 0.00010531890438869596, 0.0001485568645875901, 0.000101423793239519, 0.00010527067934162915, 0.00020317736198194325, 0.0002691880217753351, 8.721372432773933e-05, 2.799913545459276e-07], "lowlevel.barkbands.stdev": [0.0034149219281971455, 0.044217221438884735, 0.021312834694981575, 0.01118677668273449, 0.009263583458960056, 0.0033394470810890198, 0.0028330630157142878, 0.001744193839840591, 0.0023022314999252558, 0.0019195160130038857, 0.0064470586366951466, 0.0025278166867792606, 0.002402043668553233, 0.0013769670622423291, 0.000505301053635776, 0.0003939903690479696, 0.0006184083176776767, 0.00023975678777787834, 0.0004361581231933087, 0.00018697658379096538, 0.0003144111833535135, 0.0002472352935001254, 0.00023117738601285964, 0.0005062086856923997, 0.0006533809355460107, 0.0001908166887005791, 1.2949171832588036e-06], "lowlevel.erbbands.mean": [1.3712961673736572, 11.763813972473145, 27.434228897094727, 17.283578872680664, 14.932585716247559, 23.195615768432617, 18.98594093322754, 15.505051612854004, 15.184700965881348, 14.569941520690918, 14.229714393615723, 21.173677444458008, 18.772905349731445, 40.15871810913086, 67.81981658935547, 31.560880661010742, 32.84878921508789, 23.022350311279297, 11.829093933105469, 10.565382957458496, 10.51803970336914, 13.747962951660156, 8.093302726745605, 5.524594306945801, 5.004077911376953, 4.998737335205078, 6.217023849487305, 5.22751522064209, 3.7385802268981934, 3.1034481525421143, 3.022676467895508, 3.068242311477661, 4.210469722747803, 3.5403170585632324, 1.5670950412750244, 0.5503364205360413, 0.1312549114227295, 0.009645584970712662, 0.00025450627435930073, 0.00011992074723821133], "lowlevel.erbbands.stdev": [1.7189286947250366, 10.038707733154297, 20.379379272460938, 29.471881866455078, 27.6383056640625, 39.31218719482422, 32.039794921875, 31.76357078552246, 40.2419548034668, 32.21345520019531, 32.17361068725586, 62.15341567993164, 49.56282043457031, 119.27407836914062, 232.3506622314453, 93.15656280517578, 125.13917541503906, 68.50721740722656, 26.361236572265625, 30.83039093017578, 23.146907806396484, 32.156429290771484, 14.897889137268066, 16.88699722290039, 19.23135757446289, 9.220563888549805, 11.637046813964844, 11.856510162353516, 9.067768096923828, 7.17896842956543, 6.558871269226074, 7.414564609527588, 10.805612564086914, 8.730360984802246, 3.794928550720215, 1.2261451482772827, 0.29143959283828735, 0.02270660363137722, 0.0004728828789666295, 5.0055441533913836e-05], "lowlevel.gfcc.mean": [1.5217925310134888, 107.44470977783203, -70.17935180664062, 38.0112419128418, -37.54127883911133, 32.80622482299805, -29.959577560424805, 20.09714698791504, -27.544370651245117, 5.999634742736816, -11.66385269165039, -1.7320319414138794, -3.0167925357818604], "lowlevel.melbands.mean": [0.013243190012872219, 0.01453245896846056, 0.002993792062625289, 0.0013479578774422407, 0.0008075459045358002, 0.00033930374775081873, 0.00022682159033138305, 0.00016239100659731776, 0.00012421606515999883, 0.00012289440201129764, 8.757894102018327e-05, 0.0001463178195990622, 0.0002461313270032406, 0.00011304936924716458, 6.995907460805029e-05, 5.6497683544876054e-05, 4.382936094771139e-05, 2.043061795120593e-05, 1.3500629393092822e-05, 1.2605456504388712e-05, 1.2920045264763758e-05, 1.526142114016693e-05, 1.0657827260729391e-05, 5.194485311221797e-06, 4.367363089841092e-06, 3.829325123660965e-06, 3.2560010367888026e-06, 3.3350497687933967e-06, 3.736454573299852e-06, 3.899466719303746e-06, 2.7628173029370373e-06, 2.1832222500961507e-06, 1.7842156694314326e-06, 1.7052295788744232e-06, 1.725310539768543e-06, 1.6977910490822978e-06, 1.9215603970224038e-06, 2.899950686696684e-06, 3.0474575396510772e-06, 3.026140575457248e-06], "lowlevel.melbands.stdev": [0.012752382084727287, 0.008817189373075962, 0.004730125889182091, 0.0020611078944057226, 0.0013737021945416927, 0.0006684781983494759, 0.0006204326637089252, 0.00036662782076746225, 0.00027552267420105636, 0.00035000196658074856, 0.0002463004202581942, 0.00044948316644877195, 0.00093002466019243, 0.00034178909845650196, 0.00023500752286054194, 0.0002246655203634873, 0.00014668333460576832, 5.506891830009408e-05, 3.5360048059374094e-05, 3.355796434334479e-05, 3.365324664628133e-05, 3.985447619925253e-05, 2.3344096916844137e-05, 1.0849004866031464e-05, 1.4105982700129971e-05, 1.751933632476721e-05, 8.909760254027788e-06, 6.0503521126520354e-06, 6.3443462750001345e-06, 9.0736157289939e-06, 6.563579063367797e-06, 5.465749836730538e-06, 4.377778168418445e-06, 3.988226126239169e-06, 3.759525270652375e-06, 4.0045592868409585e-06, 4.853828613704536e-06, 7.578039912914392e-06, 7.872480637161061e-06, 7.487771199521376e-06], "lowlevel.melbands128.mean": [0.0020809799898415804, 0.010408260859549046, 0.016783971339464188, 0.02084343507885933, 0.017090000212192535, 0.008553246036171913, 0.003376368433237076, 0.001903433701954782, 0.0013446137309074402, 0.0013486528769135475, 0.0013260692358016968, 0.0011900517856702209, 0.0005222535110078752, 0.0005474173813126981, 0.0004166978469584137, 0.0001772113610059023, 0.00018300693773198873, 0.0003094930143561214, 0.00018560129683464766, 0.0001358194276690483, 0.0001860249467426911, 0.00011595701653277501, 8.69839423103258e-05, 0.0001554350892547518, 0.00019792525563389063, 6.038290302967653e-05, 8.225885540014133e-05, 0.00011553116928553209, 5.3875217417953536e-05, 0.00011397357593523338, 0.00016108153795357794, 0.00024647332611493766, 0.00030092214001342654, 0.0002215729036834091, 0.00011884978448506445, 0.00010217478120466694, 5.714526560041122e-05, 5.134458842803724e-05, 9.180045162793249e-05, 9.341081022284925e-05, 3.6019682738697156e-05, 2.4871955247363076e-05, 4.5666907681152225e-05, 6.053946344763972e-05, 2.4833318093442358e-05, 1.1740730769815855e-05, 1.5922589227557182e-05, 9.27637029235484e-06, 1.627357596589718e-05, 1.5820565749891102e-05, 1.1829935829155147e-05, 9.828779184317682e-06, 9.064208825293463e-06, 1.629081816645339e-05, 1.726752998365555e-05, 1.566449282108806e-05, 1.1773394362535328e-05, 1.4979181287344545e-05, 8.751771929382812e-06, 6.068392394809052e-06, 5.058109309175052e-06, 4.223240011924645e-06, 4.673294824897312e-06, 4.241303940943908e-06, 4.246551725373138e-06, 3.743969273273251e-06, 3.7947324926790316e-06, 3.299727495686966e-06, 3.093805617027101e-06, 3.3171729683090234e-06, 2.9593254566862015e-06, 3.6794599509448744e-06, 3.607760163504281e-06, 3.592334451241186e-06, 4.15005433751503e-06, 4.12849340136745e-06, 4.006958079116885e-06, 2.663944542291574e-06, 2.757882157311542e-06, 2.5788046968955314e-06, 2.334072860321612e-06, 1.9838014395645587e-06, 1.838818548094423e-06, 1.865814169832447e-06, 1.6020413795558852e-06, 1.7032464256772073e-06, 1.7070194644475123e-06, 1.7590866718819598e-06, 1.721576381896739e-06, 1.7568344219398568e-06, 1.6219805729633663e-06, 1.7694338794171927e-06, 1.6423980468971422e-06, 1.799508140720718e-06, 2.031612211794709e-06, 2.7212488475925056e-06, 3.0562118809029926e-06, 3.332883579787449e-06, 2.7956061785516795e-06, 3.1036040581966517e-06, 3.228526111342944e-06, 3.094502289968659e-06, 2.7978198886557948e-06, 1.9942185645049904e-06, 1.6151916497619823e-06, 1.446533133275807e-06, 1.329714791609149e-06, 1.2498820751716266e-06, 8.919619176595006e-07, 6.978565352255828e-07, 5.71693931306072e-07, 4.6428345967797213e-07, 4.2534159661045123e-07, 3.295525630164775e-07, 1.4532960790347715e-07, 7.972049331783637e-08, 1.1963909862799937e-08, 2.490056216775116e-10, 1.372126804538576e-11, 1.1447657925767185e-11, 1.114771816523863e-11, 1.0917418011291424e-11, 1.0642806948235606e-11, 1.0444907959372696e-11, 1.0194093832960327e-11, 9.883605218974356e-12, 9.701128789174618e-12, 9.633127628916327e-12], "lowlevel.melbands128.stdev": [0.003283386118710041, 0.016681918874382973, 0.018363971263170242, 0.01946689747273922, 0.011462445370852947, 0.009813409298658371, 0.006668500602245331, 0.005026441998779774, 0.002989085391163826, 0.002823811024427414, 0.0026528111193329096, 0.0027217098977416754, 0.0011457379441708326, 0.0010459000477567315, 0.0011109256884083152, 0.0005435312632471323, 0.0005978891276754439, 0.0010306525509804487, 0.0006658105412498116, 0.00038203762960620224, 0.0005499282269738615, 0.0003949232050217688, 0.00029103836277499795, 0.0005348731065168977, 0.0007281745201908052, 0.00020368426339700818, 0.00030908858752809465, 0.0004310423682909459, 0.00015756479115225375, 0.00041978375520557165, 0.0006537914159707725, 0.0011771032586693764, 0.001661217538639903, 0.0008769640699028969, 0.00046271758037619293, 0.0004999793600291014, 0.0002609270450193435, 0.00032502668909728527, 0.0003906291676685214, 0.0005453592166304588, 0.00014928024029359221, 0.00011375921167200431, 0.00019883245113305748, 0.00027031596982851624, 0.00011512674973346293, 2.8536509489640594e-05, 5.367470294004306e-05, 2.103591941704508e-05, 7.427488162647933e-05, 6.12377334618941e-05, 4.668691326514818e-05, 2.4306948034791276e-05, 2.4673097868799232e-05, 6.997637683525681e-05, 5.628353756037541e-05, 6.344166467897594e-05, 3.2109630410559475e-05, 4.567436553770676e-05, 2.01406601263443e-05, 1.3530542673834134e-05, 1.1685296158248093e-05, 1.1324343176966067e-05, 1.4738506251887884e-05, 1.5193758372333832e-05, 2.279257751069963e-05, 1.7614895114093088e-05, 1.9181858078809455e-05, 1.1619391443673521e-05, 8.223189979617018e-06, 6.734622274962021e-06, 6.707487500534626e-06, 7.5041061791125685e-06, 5.850838078913512e-06, 6.641010713792639e-06, 9.756847248354461e-06, 1.0373178156442009e-05, 1.0477430805622134e-05, 6.70750523568131e-06, 6.941091669432353e-06, 7.4461813710513525e-06, 6.450081855291501e-06, 4.845082003157586e-06, 5.462796707433881e-06, 4.8652541408955585e-06, 4.091853497811826e-06, 4.2340320760558825e-06, 4.42632517660968e-06, 4.026973783766152e-06, 4.053112206747755e-06, 4.147600520809647e-06, 3.924742941308068e-06, 4.67610516352579e-06, 4.52529138783575e-06, 5.155156486580381e-06, 5.186268026591279e-06, 7.5565440056379884e-06, 8.534008884453215e-06, 9.285693522542715e-06, 7.678565452806652e-06, 8.397517376579344e-06, 8.30823955766391e-06, 7.63912066759076e-06, 7.871646630519535e-06, 5.1077481657557655e-06, 4.551463462121319e-06, 3.4861334370361874e-06, 3.1618915272701997e-06, 2.9548475595220225e-06, 2.0379593479447067e-06, 1.7538523024995811e-06, 1.4392264802154386e-06, 1.1383474429749185e-06, 1.0041119367087958e-06, 8.358933314411843e-07, 3.604115761390858e-07, 2.889541121930961e-07, 4.621191251885648e-08, 2.1221027157736216e-09, 4.9866163281953035e-11, 1.7836189122877322e-11, 1.746049832496155e-11, 1.718003170281257e-11, 1.6901455929252407e-11, 1.642376165622572e-11, 1.5258544427965148e-11, 1.4006735875315979e-11, 1.3651721246510373e-11, 1.3565092625567043e-11], "lowlevel.mfcc.mean": [-658.0535278320312, 142.07179260253906, 32.62467575073242, 24.647998809814453, 24.640233993530273, 13.14218521118164, 22.64527702331543, 7.176004409790039, 11.876863479614258, 0.5163721442222595, 1.3414536714553833, 6.575000762939453, 1.0971676111221313], "lowlevel.spectral_contrast_coeffs.mean": [-0.635850727558136, -0.7569512128829956, -0.7766869068145752, -0.8057694435119629, -0.811566948890686, -0.7916430830955505], "lowlevel.spectral_contrast_coeffs.stdev": [0.07906922698020935, 0.07315192371606827, 0.07583291828632355, 0.05722121521830559, 0.042211178690195084, 0.03046039491891861], "lowlevel.spectral_contrast_valleys.mean": [-6.2721147537231445, -6.925444602966309, -7.439438819885254, -7.873762130737305, -7.932394981384277, -10.286558151245117], "lowlevel.spectral_contrast_valleys.stdev": [0.5523294806480408, 0.6093172430992126, 0.6311324834823608, 0.6485708951950073, 0.7969258427619934, 1.163329839706421], "rhythm.beats_loudness_band_ratio.mean": [0.8273818492889404, 0.06872592866420746, 0.03556104376912117, 0.054150257259607315, 0.011893076822161674, 0.01640557125210762], "rhythm.beats_loudness_band_ratio.stdev": [0.13203002512454987, 0.09539967030286789, 0.04374309629201889, 0.0816512405872345, 0.011423200368881226, 0.01710755005478859], "tonal.hpcp.mean": [0.32967743277549744, 0.33370891213417053, 0.0692954808473587, 0.0333123616874218, 0.028453484177589417, 0.032383568584918976, 0.03373878821730614, 0.030150339007377625, 0.024348068982362747, 0.035125456750392914, 0.04196691885590553, 0.027589906007051468, 0.013200436718761921, 0.010229541920125484, 0.01599343679845333, 0.06619852036237717, 0.11068501323461533, 0.06746954470872879, 0.038049083203077316, 0.06470204144716263, 0.07559601962566376, 0.16496142745018005, 0.23963060975074768, 0.14433260262012482, 0.11387641727924347, 0.1273392140865326, 0.10542555153369904, 0.10914796590805054, 0.07071366161108017, 0.03560134768486023, 0.034541770815849304, 0.03803098201751709, 0.0408274307847023, 0.05017505958676338, 0.05299168825149536, 0.06855228543281555], "tonal.hpcp.stdev": [0.41636422276496887, 0.41348087787628174, 0.1692330688238144, 0.13967949151992798, 0.12403155118227005, 0.13945002853870392, 0.1324411928653717, 0.12926121056079865, 0.09788213670253754, 0.09875240176916122, 0.11129774153232574, 0.09486574679613113, 0.0453975684940815, 0.044867176562547684, 0.07631833106279373, 0.1844516545534134, 0.2935812473297119, 0.1848268359899521, 0.1390509009361267, 0.19880567491054535, 0.21335352957248688, 0.2685919404029846, 0.37440064549446106, 0.23831185698509216, 0.271503746509552, 0.2798134386539459, 0.25187191367149353, 0.2663646638393402, 0.2193966954946518, 0.13582807779312134, 0.11369192600250244, 0.12289225310087204, 0.16180270910263062, 0.18541240692138672, 0.19221626222133636, 0.17919613420963287], "rhythm.beats_position": [0.42956915497779846, 0.8939682245254517, 1.3583673238754272, 1.834376335144043, 2.321995496749878, 2.832834482192993, 3.3320634365081787, 3.8312923908233643, 4.330521583557129, 4.8297505378723145, 5.3289794921875, 5.8282084465026855, 6.339047431945801, 6.838276386260986, 7.337505340576172, 7.825124740600586, 8.312743186950684, 8.823582649230957, 9.3228120803833, 9.822040557861328, 10.332880020141602, 10.832108497619629, 11.331337928771973, 11.83056640625, 12.329795837402344, 12.829024314880371, 13.328253746032715, 13.839092254638672, 14.326711654663086, 14.82594108581543, 15.325169563293457, 15.8243989944458, 16.323627471923828, 16.822856903076172, 17.333696365356445, 17.832923889160156, 18.3321533203125, 18.831382751464844, 19.319002151489258, 19.82984161376953, 20.317459106445312, 20.828298568725586, 21.33913803100586, 21.838367462158203, 22.337596893310547, 22.836824417114258, 23.324443817138672, 23.823673248291016, 24.31129264831543, 24.82213020324707, 25.321359634399414, 25.820589065551758, 26.33142852783203, 26.830657958984375, 27.329885482788086, 27.82911491394043, 28.328344345092773, 28.827573776245117, 29.326801300048828], "rhythm.bpm_histogram": [0.0, 0.0, 0.0, 0.0, 0.0, 0.0, 0.0, 0.0, 0.0, 0.0, 0.0, 0.0, 0.0, 0.0, 0.0, 0.0, 0.0, 0.0, 0.0, 0.0, 0.0, 0.0, 0.0, 0.0, 0.0, 0.0, 0.0, 0.0, 0.0, 0.0, 0.0, 0.0, 0.0, 0.0, 0.0, 0.0, 0.0, 0.0, 0.0, 0.0, 0.0, 0.0, 0.0, 0.0, 0.0, 0.0, 0.0, 0.0, 0.0, 0.0, 0.0, 0.0, 0.0, 0.0, 0.0, 0.0, 0.0, 0.0, 0.0, 0.0, 0.0, 0.0, 0.0, 0.0, 0.0, 0.0, 0.0, 0.0, 0.0, 0.0, 0.0, 0.0, 0.0, 0.0, 0.0, 0.0, 0.0, 0.0, 0.0, 0.0, 0.0, 0.0, 0.0, 0.0, 0.0, 0.0, 0.0, 0.0, 0.0, 0.0, 0.0, 0.0, 0.0, 0.0, 0.0, 0.0, 0.0, 0.0, 0.0, 0.0, 0.0, 0.0, 0.0, 0.0, 0.0, 0.0, 0.0, 0.0, 0.0, 0.0, 0.0, 0.0, 0.0, 0.0, 0.0, 0.0, 0.0, 0.18965516984462738, 0.0, 0.0, 0.6206896305084229, 0.0, 0.0, 0.13793103396892548, 0.0, 0.0, 0.017241379246115685, 0.0, 0.0, 0.03448275849223137, 0.0, 0.0, 0.0, 0.0, 0.0, 0.0, 0.0, 0.0, 0.0, 0.0, 0.0, 0.0, 0.0, 0.0, 0.0, 0.0, 0.0, 0.0, 0.0, 0.0, 0.0, 0.0, 0.0, 0.0, 0.0, 0.0, 0.0, 0.0, 0.0, 0.0, 0.0, 0.0, 0.0, 0.0, 0.0, 0.0, 0.0, 0.0, 0.0, 0.0, 0.0, 0.0, 0.0, 0.0, 0.0, 0.0, 0.0, 0.0, 0.0, 0.0, 0.0, 0.0, 0.0, 0.0, 0.0, 0.0, 0.0, 0.0, 0.0, 0.0, 0.0, 0.0, 0.0, 0.0, 0.0, 0.0, 0.0, 0.0, 0.0, 0.0, 0.0, 0.0, 0.0, 0.0, 0.0, 0.0, 0.0, 0.0, 0.0, 0.0, 0.0, 0.0, 0.0, 0.0, 0.0, 0.0, 0.0, 0.0, 0.0, 0.0, 0.0, 0.0, 0.0, 0.0, 0.0, 0.0, 0.0, 0.0, 0.0, 0.0, 0.0, 0.0, 0.0, 0.0, 0.0, 0.0, 0.0, 0.0, 0.0, 0.0, 0.0, 0.0, 0.0, 0.0, 0.0, 0.0, 0.0, 0.0, 0.0, 0.0], "tonal.chords_histogram": [52.34375, 13.28125, 7.34375, 0.0, 0.0, 4.6875, 0.0, 4.6875, 0.0, 0.9375, 0.0, 0.0, 0.0, 0.0, 0.0, 0.0, 5.0, 0.0, 0.0, 0.0, 0.0, 0.0, 2.8125, 8.90625], "tonal.thpcp": [1.0, 0.2076524794101715, 0.09982460737228394, 0.08526438474655151, 0.09704136848449707, 0.10110244899988174, 0.0903492197394371, 0.07296200096607208, 0.10525777190923691, 0.1257590651512146, 0.08267655968666077, 0.03955674171447754, 0.03065408580005169, 0.04792631044983864, 0.19837205111980438, 0.3316813111305237, 0.20218083262443542, 0.11401878297328949, 0.19388766586780548, 0.22653281688690186, 0.4943273067474365, 0.7180827260017395, 0.43251049518585205, 0.34124475717544556, 0.3815876841545105, 0.3159206807613373, 0.32707536220550537, 0.21190223097801208, 0.10668383538722992, 0.10350868850946426, 0.11396453529596329, 0.12234444171190262, 0.1503557711839676, 0.15879614651203156, 0.20542539656162262, 0.9879191517829895], "lowlevel.gfcc.cov": [[3727.029052734375, -1759.949951171875, -332.0419921875, 125.99295806884766, -578.4427490234375, 96.50865936279297, -591.8062133789062, 162.95852661132812, -503.3694152832031, 203.41403198242188, -457.9452209472656, 124.19417572021484, -365.7320251464844], [-1759.949951171875, 1946.7918701171875, -240.8117218017578, -553.8068237304688, 363.0129089355469, -269.1225891113281, 262.86798095703125, -155.60223388671875, 194.59490966796875, -217.4678955078125, 327.0673828125, -118.09585571289062, 256.0179138183594], [-332.0419921875, -240.8117218017578, 511.79742431640625, 197.66871643066406, -20.154024124145508, 13.69588851928711, -18.030492782592773, 14.077922821044922, 43.6195182800293, 28.202728271484375, -7.6390862464904785, 32.72449493408203, 3.972093105316162], [125.99295806884766, -553.8068237304688, 197.66871643066406, 547.8418579101562, -29.847753524780273, 0.7546238899230957, -57.68204116821289, 2.533128499984741, 98.94329833984375, 7.610391139984131, -83.75694274902344, 28.82110023498535, -34.224491119384766], [-578.4427490234375, 363.0129089355469, -20.154024124145508, -29.847753524780273, 299.4725036621094, 10.747313499450684, 119.65918731689453, 22.49009132385254, 100.95247650146484, -11.491966247558594, 94.81084442138672, -0.9195796251296997, 103.83297729492188], [96.50865936279297, -269.1225891113281, 13.69588851928711, 0.7546238899230957, 10.747313499450684, 319.2971496582031, 160.95547485351562, -11.99826431274414, -34.522457122802734, 40.70592498779297, 8.974464416503906, -2.968965530395508, -28.700979232788086], [-591.8062133789062, 262.86798095703125, -18.030492782592773, -57.68204116821289, 119.65918731689453, 160.95547485351562, 329.9021301269531, -11.14538288116455, 77.39414978027344, -34.00815963745117, 119.01956176757812, -4.203938007354736, 63.05826950073242], [162.95852661132812, -155.60223388671875, 14.077922821044922, 2.533128499984741, 22.49009132385254, -11.99826431274414, -11.14538288116455, 186.1931915283203, 27.30813217163086, 48.59834671020508, 5.765414237976074, 49.36375427246094, 42.23756408691406], [-503.3694152832031, 194.59490966796875, 43.6195182800293, 98.94329833984375, 100.95247650146484, -34.522457122802734, 77.39414978027344, 27.30813217163086, 231.02117919921875, 15.334213256835938, 61.581382751464844, -13.616758346557617, 75.95098876953125], [203.41403198242188, -217.4678955078125, 28.202728271484375, 7.610391139984131, -11.491966247558594, 40.70592498779297, -34.00815963745117, 48.59834671020508, 15.334213256835938, 150.41549682617188, 4.141838073730469, 14.102280616760254, -18.689380645751953], [-457.9452209472656, 327.0673828125, -7.6390862464904785, -83.75694274902344, 94.81084442138672, 8.974464416503906, 119.01956176757812, 5.765414237976074, 61.581382751464844, 4.141838073730469, 167.46197509765625, 20.67340660095215, 83.43472290039062], [124.19417572021484, -118.09585571289062, 32.72449493408203, 28.82110023498535, -0.9195796251296997, -2.968965530395508, -4.203938007354736, 49.36375427246094, -13.616758346557617, 14.102280616760254, 20.67340660095215, 109.89617919921875, 36.484405517578125], [-365.7320251464844, 256.0179138183594, 3.972093105316162, -34.224491119384766, 103.83297729492188, -28.700979232788086, 63.05826950073242, 42.23756408691406, 75.95098876953125, -18.689380645751953, 83.43472290039062, 36.484405517578125, 159.71939086914062]], "lowlevel.gfcc.icov": [[0.0014858453068882227, -0.00020292142289690673, 0.001359316403977573, -0.0006566964439116418, 0.0012229533167555928, -0.0012330689933151007, 0.0015957591822370887, -0.0014073429629206657, 0.0015794282080605626, -0.0012172837741672993, 0.0016991242300719023, -0.0017232393147423863, 0.0008911758777685463], [-0.00020292142289690673, 0.00653674453496933, -2.444379970256705e-05, 0.005518528167158365, -0.003354230197146535, 0.005752689205110073, -0.001996162347495556, 0.004970031324774027, -0.0035403643269091845, 0.005325139965862036, -0.005709902383387089, 0.004518704488873482, -0.002814141334965825], [0.001359316403977573, -2.444379970256705e-05, 0.0035858910996466875, -0.0013144641416147351, 0.001263898448087275, -0.00113555823918432, 0.0015323078259825706, -0.001126323128119111, 0.0012822847347706556, -0.0012912406818941236, 0.0010833689011633396, -0.0017968339379876852, 0.00053179677342996], [-0.0006566964439116418, 0.005518528167158365, -0.0013144641416147351, 0.007826835848391056, -0.0032603852450847626, 0.004638494923710823, -0.001592000713571906, 0.00499431136995554, -0.005809877533465624, 0.005479550454765558, -0.0036561659071594477, 0.0026221072766929865, -0.0016639160457998514], [0.0012229533167555928, -0.003354230197146535, 0.001263898448087275, -0.0032603852450847626, 0.007644366472959518, -0.003771889954805374, 0.0013375690905377269, -0.0037565564271062613, 0.0020321288611739874, -0.0035155159421265125, 0.003107066499069333, -0.00264508998952806, -0.0001317190908594057], [-0.0012330689933151007, 0.005752689205110073, -0.00113555823918432, 0.004638494923710823, -0.003771889954805374, 0.011891172267496586, -0.007414025254547596, 0.005663498304784298, -0.0018133557168766856, 0.002409648383036256, -0.004445124417543411, 0.005380052607506514, -0.0027668208349496126], [0.0015957591822370887, -0.001996162347495556, 0.0015323078259825706, -0.001592000713571906, 0.0013375690905377269, -0.007414025254547596, 0.010174664668738842, -0.003034869907423854, 4.081925726495683e-05, 0.0007180218235589564, -0.0006934393895789981, -0.003109375247731805, 0.002195328939706087], [-0.0014073429629206657, 0.004970031324774027, -0.001126323128119111, 0.00499431136995554, -0.0037565564271062613, 0.005663498304784298, -0.003034869907423854, 0.012099547311663628, -0.004631774500012398, 0.0024699466302990913, -0.0038681437727063894, 0.0018743430264294147, -0.004548616707324982], [0.0015794282080605626, -0.0035403643269091845, 0.0012822847347706556, -0.005809877533465624, 0.0020321288611739874, -0.0018133557168766856, 4.081925726495683e-05, -0.004631774500012398, 0.012018290348351002, -0.006400549318641424, 0.003586841281503439, -0.0005508506437763572, -0.0006352919153869152], [-0.0012172837741672993, 0.005325139965862036, -0.0012912406818941236, 0.005479550454765558, -0.0035155159421265125, 0.002409648383036256, 0.0007180218235589564, 0.0024699466302990913, -0.006400549318641424, 0.014896717853844166, -0.00820024311542511, 0.003887935308739543, -0.00015282214735634625], [0.0016991242300719023, -0.005709902383387089, 0.0010833689011633396, -0.0036561659071594477, 0.003107066499069333, -0.004445124417543411, -0.0006934393895789981, -0.0038681437727063894, 0.003586841281503439, -0.00820024311542511, 0.01898885704576969, -0.007851782254874706, -8.016284846235067e-05], [-0.0017232393147423863, 0.004518704488873482, -0.0017968339379876852, 0.0026221072766929865, -0.00264508998952806, 0.005380052607506514, -0.003109375247731805, 0.0018743430264294147, -0.0005508506437763572, 0.003887935308739543, -0.007851782254874706, 0.01796344853937626, -0.006449091248214245], [0.0008911758777685463, -0.002814141334965825, 0.00053179677342996, -0.0016639160457998514, -0.0001317190908594057, -0.0027668208349496126, 0.002195328939706087, -0.004548616707324982, -0.0006352919153869152, -0.00015282214735634625, -8.016284846235067e-05, -0.006449091248214245, 0.01416655071079731]], "lowlevel.mfcc.cov": [[4086.39208984375, -1814.090576171875, -103.03889465332031, -195.22572326660156, -142.24603271484375, -187.69454956054688, -187.13265991210938, -211.4214630126953, -125.72272491455078, -136.4158172607422, -117.27735900878906, -63.70109558105469, -108.67343139648438], [-1814.090576171875, 2153.530029296875, -484.2322998046875, -222.58843994140625, -7.829949855804443, -164.5152130126953, 132.20782470703125, -6.009391784667969, -42.0391960144043, -41.8648567199707, -21.386699676513672, 20.378543853759766, 49.030364990234375], [-103.03889465332031, -484.2322998046875, 519.6558837890625, 118.58528900146484, 3.2157599925994873, 67.74085235595703, -57.55436325073242, 6.7715911865234375, -2.7862226963043213, 13.794554710388184, 8.587932586669922, -19.698562622070312, -21.97884750366211], [-195.22572326660156, -222.58843994140625, 118.58528900146484, 393.72760009765625, 114.01802062988281, -23.750093460083008, -148.9660186767578, 28.992435455322266, 41.43938064575195, 0.762769341468811, -1.3045319318771362, 7.170193195343018, 17.03030014038086], [-142.24603271484375, -7.829949855804443, 3.2157599925994873, 114.01802062988281, 199.43150329589844, -40.980411529541016, -44.219093322753906, -17.70584487915039, 57.32587432861328, -2.9916977882385254, -4.063300609588623, 29.767898559570312, 13.450719833374023], [-187.69454956054688, -164.5152130126953, 67.74085235595703, -23.750093460083008, -40.980411529541016, 315.62506103515625, 79.28564453125, 64.59944915771484, -7.034119129180908, 66.32460021972656, 45.60601043701172, -20.27548599243164, -4.189533710479736], [-187.13265991210938, 132.20782470703125, -57.55436325073242, -148.9660186767578, -44.219093322753906, 79.28564453125, 250.65065002441406, 61.88867950439453, -0.7241344451904297, 2.3789498805999756, 26.081615447998047, 9.050576210021973, 13.229461669921875], [-211.4214630126953, -6.009391784667969, 6.7715911865234375, 28.992435455322266, -17.70584487915039, 64.59944915771484, 61.88867950439453, 166.7207794189453, 34.96978759765625, 17.75548553466797, 4.094152927398682, -11.234588623046875, 18.122604370117188], [-125.72272491455078, -42.0391960144043, -2.7862226963043213, 41.43938064575195, 57.32587432861328, -7.034119129180908, -0.7241344451904297, 34.96978759765625, 131.46250915527344, 41.78371810913086, 7.5362091064453125, 30.110774993896484, 24.77337074279785], [-136.4158172607422, -41.8648567199707, 13.794554710388184, 0.762769341468811, -2.9916977882385254, 66.32460021972656, 2.3789498805999756, 17.75548553466797, 41.78371810913086, 116.4530029296875, 46.94447708129883, -3.9415395259857178, 7.397615432739258], [-117.27735900878906, -21.386699676513672, 8.587932586669922, -1.3045319318771362, -4.063300609588623, 45.60601043701172, 26.081615447998047, 4.094152927398682, 7.5362091064453125, 46.94447708129883, 105.45807647705078, 31.478506088256836, 13.032586097717285], [-63.70109558105469, 20.378543853759766, -19.698562622070312, 7.170193195343018, 29.767898559570312, -20.27548599243164, 9.050576210021973, -11.234588623046875, 30.110774993896484, -3.9415395259857178, 31.478506088256836, 105.95624542236328, 30.721168518066406], [-108.67343139648438, 49.030364990234375, -21.97884750366211, 17.03030014038086, 13.450719833374023, -4.189533710479736, 13.229461669921875, 18.122604370117188, 24.77337074279785, 7.397615432739258, 13.032586097717285, 30.721168518066406, 80.75628662109375]], "lowlevel.mfcc.icov": [[0.0010497786570340395, 0.0012878671986982226, 0.0011397029738873243, 0.000951409456320107, 0.0003702487447299063, 0.0007516979239881039, 0.000566648377571255, 0.0005113730439916253, 0.0005670987884514034, 0.0006636256002821028, 0.0004453565925359726, 0.0002796589396893978, 9.703914111014456e-05], [0.0012878671986982226, 0.0022215712815523148, 0.0018820959376171231, 0.0013616917422041297, 0.0002803080133162439, 0.0012462312588468194, 0.0004933204618282616, 0.000498751294799149, 0.0010663052089512348, 0.0006837116088718176, 0.0006089523667469621, 0.000373395363567397, -0.00019548508862499148], [0.0011397029738873243, 0.0018820959376171231, 0.0038203818257898092, 0.0004594896163325757, 0.0005610474618151784, 0.0004886699025519192, 0.0007174585480242968, 0.0006132401758804917, 0.0007922592922113836, 0.0007443606737069786, 0.00035764090716838837, 0.0005083058495074511, 0.0004483053053263575], [0.000951409456320107, 0.0013616917422041297, 0.0004594896163325757, 0.005551220383495092, -0.0018801443511620164, 0.0006524669588543475, 0.0032919461373239756, -0.0015190960839390755, 0.0005410636076703668, 0.0012959808809682727, -0.00040137500036507845, 0.0004908363334834576, -0.0008500679396092892], [0.0003702487447299063, 0.0002803080133162439, 0.0005610474618151784, -0.0018801443511620164, 0.007530841510742903, 0.0003341362753417343, -0.00016803521430119872, 0.0019364642212167382, -0.002960027428343892, 0.0010241077980026603, 0.0004636149969883263, -0.0007670363411307335, 0.00026441438239999115], [0.0007516979239881039, 0.0012462312588468194, 0.0004886699025519192, 0.0006524669588543475, 0.0003341362753417343, 0.00523956585675478, -0.0009432173101231456, -0.000918703677598387, 0.0017726842779666185, -0.002040428575128317, -0.00035908989957533777, 0.0005897487280890346, 0.0003038857248611748], [0.000566648377571255, 0.0004933204618282616, 0.0007174585480242968, 0.0032919461373239756, -0.00016803521430119872, -0.0009432173101231456, 0.007283780723810196, -0.0023390452843159437, -7.560392987215891e-05, 0.002102959668263793, -0.0014064761344343424, -0.00015275523765012622, -0.0006095551652833819], [0.0005113730439916253, 0.000498751294799149, 0.0006132401758804917, -0.0015190960839390755, 0.0019364642212167382, -0.000918703677598387, -0.0023390452843159437, 0.009034796617925167, -0.0026152334176003933, 0.000710695399902761, 0.0007981061353348196, 0.0017460613744333386, -0.001197796082124114], [0.0005670987884514034, 0.0010663052089512348, 0.0007922592922113836, 0.0005410636076703668, -0.002960027428343892, 0.0017726842779666185, -7.560392987215891e-05, -0.0026152334176003933, 0.012974917888641357, -0.005479628220200539, 0.0026425623800605536, -0.003151427488774061, -0.0013043961953371763], [0.0006636256002821028, 0.0006837116088718176, 0.0007443606737069786, 0.0012959808809682727, 0.0010241077980026603, -0.002040428575128317, 0.002102959668263793, 0.000710695399902761, -0.005479628220200539, 0.015158218331634998, -0.006174784619361162, 0.0036256785970181227, -0.0004635737859643996], [0.0004453565925359726, 0.0006089523667469621, 0.00035764090716838837, -0.00040137500036507845, 0.0004636149969883263, -0.00035908989957533777, -0.0014064761344343424, 0.0007981061353348196, 0.0026425623800605536, -0.006174784619361162, 0.014646761119365692, -0.004981480073183775, -0.00034665613202378154], [0.0002796589396893978, 0.000373395363567397, 0.0005083058495074511, 0.0004908363334834576, -0.0007670363411307335, 0.0005897487280890346, -0.00015275523765012622, 0.0017460613744333386, -0.003151427488774061, 0.0036256785970181227, -0.004981480073183775, 0.013737483881413937, -0.003811437636613846], [9.703914111014456e-05, -0.00019548508862499148, 0.0004483053053263575, -0.0008500679396092892, 0.00026441438239999115, 0.0003038857248611748, -0.0006095551652833819, -0.001197796082124114, -0.0013043961953371763, -0.0004635737859643996, -0.00034665613202378154, -0.003811437636613846, 0.01522236317396164]], "metadata.audio_properties.analysis.downmix": "mix", "metadata.audio_properties.codec": "mp3", "metadata.audio_properties.md5_encoded": "271d3c41ef502791b3c6b5699dfc6c06", "metadata.tags.file_name": "1182268738695868497.mp3", "metadata.version.essentia": "2.1-beta6-dev", "metadata.version.essentia_git_sha": "v2.1_beta5-1110-g77a6a954", "metadata.version.extractor": "music 2.0", "tonal.chords_key": "A", "tonal.chords_scale": "minor", "tonal.key_edma.key": "D", "tonal.key_edma.scale": "minor", "tonal.key_krumhansl.key": "A", "tonal.key_krumhansl.scale": "minor", "tonal.key_temperley.key": "A", "tonal.key_temperley.scale": "minor", "metadata.tags.encoding": ["Lavf58.45.100"]}, "essentia_models": [{"model_name": "genre_dortmund", "activations": {"alternative": "0.17439441", "blues": "0.0088322265", "electronic": "0.017342