{"song_id": "1182280199925137459", "download": "https://cdn.discordapp.com/attachments/1128313332273782784/1182280199925137459/chirp.mp4?ex=65841f3d&amp", "lyrics": "[Verse]\nProsrali Geptral, Geptral, Geptral (uh)\nNas poslal Geptral, Geptral (yeah)\nKreativ ne zashiol, a (uh)\nNa khren poshiol (ooh-yeah)\n\n[Chorus]\nProsrali Geptral, Geptral, Geptral (ooh-yeah)\nNas poslal Geptral, Geptral (uh)\nKreativ ne zashiol, a (ooh-yeah)\nNa khren poshiol (ooh-yeah)", "style": ["mathrock</span><span>, post hardcore"], "essentia_features": {"lowlevel.average_loudness": 0.40048691630363464, "lowlevel.barkbands_crest.mean": 12.389492988586426, "lowlevel.barkbands_crest.stdev": 4.928282737731934, "lowlevel.barkbands_flatness_db.mean": 0.22604840993881226, "lowlevel.barkbands_flatness_db.stdev": 0.0908418819308281, "lowlevel.barkbands_kurtosis.mean": 9.802915573120117, "lowlevel.barkbands_kurtosis.stdev": 13.317181587219238, "lowlevel.barkbands_skewness.mean": 2.0868754386901855, "lowlevel.barkbands_skewness.stdev": 1.6055189371109009, "lowlevel.barkbands_spread.mean": 12.075218200683594, "lowlevel.barkbands_spread.stdev": 14.457615852355957, "lowlevel.dissonance.mean": 0.4340411126613617, "lowlevel.dissonance.stdev": 0.05253225937485695, "lowlevel.dynamic_complexity": 5.201967716217041, "lowlevel.erbbands_crest.mean": 10.825322151184082, "lowlevel.erbbands_crest.stdev": 4.869114875793457, "lowlevel.erbbands_flatness_db.mean": 0.21492904424667358, "lowlevel.erbbands_flatness_db.stdev": 0.055498313158750534, "lowlevel.erbbands_kurtosis.mean": 1.9839270114898682, "lowlevel.erbbands_kurtosis.stdev": 4.201990127563477, "lowlevel.erbbands_skewness.mean": 0.7304630875587463, "lowlevel.erbbands_skewness.stdev": 0.9642775058746338, "lowlevel.erbbands_spread.mean": 27.138816833496094, "lowlevel.erbbands_spread.stdev": 17.111225128173828, "lowlevel.hfc.mean": 11.640050888061523, "lowlevel.hfc.stdev": 15.432641983032227, "lowlevel.loudness_ebu128.integrated": -18.5797061920166, "lowlevel.loudness_ebu128.loudness_range": 7.868463516235352, "lowlevel.loudness_ebu128.momentary.mean": -21.246416091918945, "lowlevel.loudness_ebu128.momentary.stdev": 5.232537269592285, "lowlevel.loudness_ebu128.short_term.mean": -19.977964401245117, "lowlevel.loudness_ebu128.short_term.stdev": 2.775247573852539, "lowlevel.melbands_crest.mean": 16.631757736206055, "lowlevel.melbands_crest.stdev": 5.839019775390625, "lowlevel.melbands_flatness_db.mean": 0.2836553454399109, "lowlevel.melbands_flatness_db.stdev": 0.12118490040302277, "lowlevel.melbands_kurtosis.mean": 18.647382736206055, "lowlevel.melbands_kurtosis.stdev": 24.28258514404297, "lowlevel.melbands_skewness.mean": 2.8469648361206055, "lowlevel.melbands_skewness.stdev": 1.8924503326416016, "lowlevel.melbands_spread.mean": 16.654159545898438, "lowlevel.melbands_spread.stdev": 30.167509078979492, "lowlevel.pitch_salience.mean": 0.48373380303382874, "lowlevel.pitch_salience.stdev": 0.14360570907592773, "lowlevel.silence_rate_20dB.mean": 0.9874752759933472, "lowlevel.silence_rate_20dB.stdev": 0.11121073365211487, "lowlevel.silence_rate_30dB.mean": 0.9274884462356567, "lowlevel.silence_rate_30dB.stdev": 0.259332537651062, "lowlevel.silence_rate_60dB.mean": 0.1582069844007492, "lowlevel.silence_rate_60dB.stdev": 0.36493247747421265, "lowlevel.spectral_centroid.mean": 838.7972412109375, "lowlevel.spectral_centroid.stdev": 821.4760131835938, "lowlevel.spectral_complexity.mean": 10.01779842376709, "lowlevel.spectral_complexity.stdev": 6.546149730682373, "lowlevel.spectral_decrease.mean": -8.45371950219942e-09, "lowlevel.spectral_decrease.stdev": 1.687064710154118e-08, "lowlevel.spectral_energy.mean": 0.03296205401420593, "lowlevel.spectral_energy.stdev": 0.06457033008337021, "lowlevel.spectral_energyband_high.mean": 0.0002696470182854682, "lowlevel.spectral_energyband_high.stdev": 0.0007797544240020216, "lowlevel.spectral_energyband_low.mean": 0.02036348730325699, "lowlevel.spectral_energyband_low.stdev": 0.05896139144897461, "lowlevel.spectral_energyband_middle_high.mean": 0.0028301309794187546, "lowlevel.spectral_energyband_middle_high.stdev": 0.005880321841686964, "lowlevel.spectral_energyband_middle_low.mean": 0.011248561553657055, "lowlevel.spectral_energyband_middle_low.stdev": 0.016667243093252182, "lowlevel.spectral_entropy.mean": 7.001547336578369, "lowlevel.spectral_entropy.stdev": 0.7276181578636169, "lowlevel.spectral_flux.mean": 0.072658471763134, "lowlevel.spectral_flux.stdev": 0.06732789427042007, "lowlevel.spectral_kurtosis.mean": 13.155670166015625, "lowlevel.spectral_kurtosis.stdev": 19.05950164794922, "lowlevel.spectral_rms.mean": 0.004423960577696562, "lowlevel.spectral_rms.stdev": 0.0035477669443935156, "lowlevel.spectral_rolloff.mean": 1207.4769287109375, "lowlevel.spectral_rolloff.stdev": 1983.4136962890625, "lowlevel.spectral_skewness.mean": 2.4507837295532227, "lowlevel.spectral_skewness.stdev": 1.3950865268707275, "lowlevel.spectral_spread.mean": 4109042.75, "lowlevel.spectral_spread.stdev": 2360397.25, "lowlevel.spectral_strongpeak.mean": 0.8483367562294006, "lowlevel.spectral_strongpeak.stdev": 0.9568439722061157, "lowlevel.zerocrossingrate.mean": 0.0472438670694828, "lowlevel.zerocrossingrate.stdev": 0.055573541671037674, "metadata.audio_properties.analysis.equal_loudness": 0.0, "metadata.audio_properties.analysis.length": 35.17866134643555, "metadata.audio_properties.analysis.sample_rate": 44100.0, "metadata.audio_properties.analysis.start_time": 0.0, "metadata.audio_properties.bit_rate": 114465.0, "metadata.audio_properties.length": 35.17866516113281, "metadata.audio_properties.lossless": 0.0, "metadata.audio_properties.number_channels": 1.0, "metadata.audio_properties.replay_gain": -8.42062759399414, "metadata.audio_properties.sample_rate": 48000.0, "rhythm.beats_count": 75.0, "rhythm.beats_loudness.mean": 0.056656062602996826, "rhythm.beats_loudness.stdev": 0.09097515046596527, "rhythm.bpm": 138.2814178466797, "rhythm.bpm_histogram_first_peak_bpm": 140.0, "rhythm.bpm_histogram_first_peak_weight": 0.5, "rhythm.bpm_histogram_second_peak_bpm": 126.0, "rhythm.bpm_histogram_second_peak_spread": 0.0, "rhythm.bpm_histogram_second_peak_weight": 0.18918919563293457, "rhythm.danceability": 1.1241987943649292, "rhythm.onset_rate": 2.5567128658294678, "tonal.chords_changes_rate": 0.05138339847326279, "tonal.chords_number_rate": 0.013175230473279953, "tonal.chords_strength.mean": 0.5323777198791504, "tonal.chords_strength.stdev": 0.09781964123249054, "tonal.hpcp_crest.mean": 14.625155448913574, "tonal.hpcp_crest.stdev": 7.165256023406982, "tonal.hpcp_entropy.mean": 1.8572053909301758, "tonal.hpcp_entropy.stdev": 0.7375761866569519, "tonal.key_edma.strength": 0.5123300552368164, "tonal.key_krumhansl.strength": 0.5216356515884399, "tonal.key_temperley.strength": 0.5391024351119995, "tonal.tuning_diatonic_strength": 0.4610036015510559, "tonal.tuning_equal_tempered_deviation": 0.25439736247062683, "tonal.tuning_frequency": 447.1741943359375, "tonal.tuning_nontempered_energy_ratio": 0.9530826807022095, "lowlevel.barkbands.mean": [1.736424383125268e-05, 0.011632111854851246, 0.0071097929030656815, 0.0022071462590247393, 0.0018948419019579887, 0.002809039782732725, 0.0010816449066624045, 0.001328188693150878, 0.0016606872668489814, 0.0008145783212967217, 0.0007076937472447753, 0.0003134910948574543, 0.0003612643922679126, 0.00028816290432587266, 0.00014503809507004917, 0.00012744015839416534, 9.320305252913386e-05, 5.1204580813646317e-05, 3.558647949830629e-05, 3.232655581086874e-05, 4.306393748265691e-05, 5.0028724217554554e-05, 4.3029671360272914e-05, 4.835512663703412e-05, 5.1993727538501844e-05, 1.3958283489046153e-05, 8.663273547426797e-07], "lowlevel.barkbands.stdev": [8.740924386074767e-05, 0.03638571873307228, 0.02461165003478527, 0.006305865477770567, 0.00320056383498013, 0.006138411350548267, 0.006590979639440775, 0.005706154275685549, 0.006266201846301556, 0.0022339317947626114, 0.002953051822260022, 0.000899527920410037, 0.0018016168614849448, 0.0007685256423428655, 0.0003554464492481202, 0.0003566639788914472, 0.0002868854789994657, 0.00010508651030249894, 7.49237515265122e-05, 8.823766256682575e-05, 0.00013558112550526857, 0.0002621964958962053, 0.0001421848137397319, 0.0001667701726546511, 0.00020475013297982514, 5.9874564612982795e-05, 9.463120477448683e-06], "lowlevel.erbbands.mean": [0.10746736824512482, 3.328432083129883, 9.658458709716797, 7.765387535095215, 4.498279571533203, 7.147691249847412, 16.551288604736328, 24.6190185546875, 14.767016410827637, 22.395156860351562, 29.345714569091797, 45.47685241699219, 25.909400939941406, 21.09825325012207, 28.477025985717773, 14.641085624694824, 18.00669288635254, 14.529321670532227, 11.919034957885742, 7.174099922180176, 6.286909580230713, 4.250460624694824, 2.9590351581573486, 2.3105227947235107, 1.5372090339660645, 1.4911309480667114, 1.994870662689209, 1.4173052310943604, 1.697777509689331, 1.7913545370101929, 1.107993483543396, 0.769005537033081, 1.009035587310791, 0.7583975195884705, 0.25214770436286926, 0.07616949081420898, 0.024656901136040688, 0.003371624741703272, 0.0001265533792320639, 4.038937913719565e-05], "lowlevel.erbbands.stdev": [0.35501015186309814, 10.378022193908691, 32.49190139770508, 22.942852020263672, 10.919748306274414, 12.363286972045898, 31.907470703125, 58.61975860595703, 78.6592788696289, 94.91998291015625, 139.30621337890625, 182.7405548095703, 60.846160888671875, 42.344852447509766, 129.441162109375, 39.0404052734375, 93.18299102783203, 36.47648620605469, 30.359525680541992, 17.10035514831543, 15.905949592590332, 11.354606628417969, 6.085838794708252, 4.41778564453125, 3.803988456726074, 4.081846714019775, 6.278057098388672, 4.537768840789795, 9.123311996459961, 8.522693634033203, 3.285829544067383, 2.177947998046875, 3.892439365386963, 3.1778934001922607, 0.9397745728492737, 0.2865251898765564, 0.11594556272029877, 0.02222433127462864, 0.0009318608790636063, 7.216930680442601e-05], "lowlevel.gfcc.mean": [-97.03475189208984, 116.98894500732422, -117.39313507080078, 4.803207874298096, -73.4864273071289, 13.497843742370605, -39.19774627685547, -0.5806261897087097, -23.042282104492188, -5.991384029388428, -11.659524917602539, -4.413591384887695, -2.2771425247192383], "lowlevel.melbands.mean": [0.0021235195454210043, 0.004911931697279215, 0.001216989941895008, 0.00037579788477160037, 0.0005495820660144091, 0.0005375262117013335, 0.000213609091588296, 0.00026062404504045844, 0.0002500038535799831, 0.00026432820595800877, 0.0001229131012223661, 8.570532372687012e-05, 9.773582860361785e-05, 4.646424713428132e-05, 3.273311085649766e-05, 3.7503927160287276e-05, 2.6517633159528486e-05, 2.152018714696169e-05, 8.449201231996994e-06, 1.1336300303810276e-05, 6.786904123146087e-06, 5.192775461182464e-06, 2.6618897663865937e-06, 2.606283260320197e-06, 1.7956118654183229e-06, 1.1596730473684147e-06, 9.99910412247118e-07, 9.765647064341465e-07, 1.2226172430018778e-06, 1.141431312134955e-06, 7.241642947519722e-07, 9.154558142654423e-07, 1.0596608035484678e-06, 9.645378895584145e-07, 6.761783879483119e-07, 4.6564667854909203e-07, 4.68133947606475e-07, 6.689975862173014e-07, 7.862427082727663e-07, 5.894463583899778e-07], "lowlevel.melbands.stdev": [0.006684522610157728, 0.015333876013755798, 0.003418044652789831, 0.0006803452270105481, 0.0009591534035280347, 0.0012310110032558441, 0.0012088692747056484, 0.0010148086585104465, 0.0010457744356244802, 0.0010674369987100363, 0.00031885714270174503, 0.00019865990907419473, 0.00045712862629443407, 0.0001299925206694752, 9.62561389314942e-05, 0.0001974880142370239, 7.161720714066178e-05, 5.9014881117036566e-05, 1.8781463950290345e-05, 3.367329918546602e-05, 1.8363873095950112e-05, 1.6052039427449927e-05, 5.386290922615444e-06, 6.25495022177347e-06, 3.418123014853336e-06, 2.921147370216204e-06, 2.886332822527038e-06, 2.719672011153307e-06, 3.7492311548703583e-06, 3.841313173325034e-06, 2.578491148597095e-06, 4.569845259538852e-06, 6.581023171747802e-06, 4.180466021352913e-06, 2.0998434138164157e-06, 1.2236724842296098e-06, 1.437358832845348e-06, 2.5834581265371526e-06, 3.451162228884641e-06, 2.4365062927245162e-06], "lowlevel.melbands128.mean": [1.0179137461818755e-05, 0.00017361789650749415, 0.0024038509000092745, 0.006896088365465403, 0.006169721018522978, 0.00287059904076159, 0.001685500843450427, 0.0008100019185803831, 0.00035721794120036066, 0.0003274239716120064, 0.00040494478889741004, 0.000430397194577381, 0.0004999639349989593, 0.0008050641044974327, 0.0007579930243082345, 0.0002181965537602082, 0.00022505674860440195, 0.00021857803221791983, 0.00018744217231869698, 0.000256146042374894, 0.00030163899646140635, 0.00026391068240627646, 0.00019237646483816206, 0.00027471050270833075, 0.0004381825856398791, 0.00017236152780242264, 8.350040297955275e-05, 0.00013456468877848238, 0.00014856689085718244, 9.662919910624623e-05, 5.830573718412779e-05, 7.001841731835157e-05, 0.00012256902118679136, 0.00011115407687611878, 3.334142456878908e-05, 4.169256499153562e-05, 3.7739009712822735e-05, 2.256922743981704e-05, 3.316471338621341e-05, 5.611397136817686e-05, 3.244454273954034e-05, 2.3147993488237262e-05, 2.137725823558867e-05, 3.4113247238565236e-05, 2.7139622034155764e-05, 1.967730713658966e-05, 1.5423482182086445e-05, 6.107402441557497e-06, 5.732008503400721e-06, 1.0448096873005852e-05, 1.572296787344385e-05, 8.549493031750899e-06, 4.082502073288197e-06, 7.156471838243306e-06, 9.77956187853124e-06, 4.23850906372536e-06, 2.0054787910339655e-06, 3.312007493150304e-06, 2.503410314602661e-06, 2.5059375730052125e-06, 2.9746940981567604e-06, 2.1373152776504867e-06, 2.335720637347549e-06, 1.5813270692888182e-06, 1.1985421224380843e-06, 1.2146024346293416e-06, 1.0197095434705261e-06, 1.108044557440735e-06, 9.496475286141504e-07, 9.878477840175037e-07, 8.411073508796107e-07, 1.0481637673365185e-06, 1.1907169437108678e-06, 1.1635287364697433e-06, 1.3899200439482229e-06, 1.3920239325670991e-06, 9.407253287463391e-07, 6.397578999894904e-07, 7.052203159219061e-07, 7.5700478419094e-07, 8.914777822610631e-07, 9.420380138180917e-07, 1.0834760360012297e-06, 1.0471555924596032e-06, 1.054316271620337e-06, 1.1106608326372225e-06, 8.895235055206285e-07, 7.897144200796902e-07, 7.179966132753179e-07, 5.402833380685479e-07, 4.987078341400775e-07, 4.624414202680782e-07, 3.7064674529574404e-07, 4.4368738372213556e-07, 5.388109798332152e-07, 5.832096121594077e-07, 6.73080762680911e-07, 8.423346002928156e-07, 7.426986030623084e-07, 8.226963359447836e-07, 7.362141900557617e-07, 5.476148885463772e-07, 4.200880709959165e-07, 3.675452262541512e-07, 2.674125596513477e-07, 1.8930062140043447e-07, 1.869125156872542e-07, 1.5587853852139233e-07, 1.1407610145397484e-07, 1.0513917914067861e-07, 8.782233607007583e-08, 8.348107627398349e-08, 9.539336787156572e-08, 6.190076362599939e-08, 3.8765293197684514e-08, 2.805754739654276e-08, 2.0928286659227524e-08, 1.520559855805459e-08, 3.2279716677408032e-09, 6.079653707552479e-12, 5.635905370865446e-12, 5.526639475922357e-12, 5.414585012991635e-12, 5.31397972500236e-12, 5.174933832147177e-12, 4.99396617809067e-12, 4.8883709580227475e-12, 4.8527648913165855e-12], "lowlevel.melbands128.stdev": [5.401347152655944e-05, 0.0007332836394198239, 0.008558657951653004, 0.021862199530005455, 0.021101880818605423, 0.009763195179402828, 0.0053076413460075855, 0.0023201187141239643, 0.0010538090718910098, 0.0008033566409721971, 0.0008073503850027919, 0.0009595307055860758, 0.0012491620145738125, 0.0020699796732515097, 0.002070971531793475, 0.00054306595120579, 0.0012020881986245513, 0.0016728659393265843, 0.0016690262127667665, 0.001236142823472619, 0.000980266137048602, 0.0018873050576075912, 0.0012127136578783393, 0.0012044038157910109, 0.0021021913271397352, 0.0007958532660268247, 0.0002669904788490385, 0.00038302174652926624, 0.0006623640656471252, 0.00029537739465013146, 0.00012864898599218577, 0.0001905869721667841, 0.0007894795271568, 0.0005389639991335571, 0.00011200265726074576, 0.00017688365187495947, 0.0001251564099220559, 5.794937169412151e-05, 0.00017347575339954346, 0.0004313162062317133, 0.00017235185077879578, 9.399945702170953e-05, 6.186174141475931e-05, 0.00011916740913875401, 0.00011642406752798706, 6.52322851237841e-05, 5.468815652420744e-05, 1.7635258700465783e-05, 1.3294238669914193e-05, 3.49789006577339e-05, 5.8631179854273796e-05, 2.8172307793283835e-05, 1.1055048162234016e-05, 2.631226379889995e-05, 4.017519313492812e-05, 1.9553719539544545e-05, 3.934516826120671e-06, 9.59122826316161e-06, 5.1033421186730266e-06, 5.772421900474001e-06, 1.0018010470957961e-05, 5.774602414021501e-06, 5.14441398991039e-06, 3.629601678767358e-06, 2.943831304946798e-06, 3.9485171328124125e-06, 2.8310662401054287e-06, 3.1389511150337057e-06, 4.009087206213735e-06, 3.1111612770473585e-06, 2.7385892735765083e-06, 3.1402391869050916e-06, 3.69321355719876e-06, 4.265905317879515e-06, 5.446051545732189e-06, 4.9782520363805816e-06, 3.354049113113433e-06, 1.9496526419970905e-06, 3.1336696793005103e-06, 3.033145048902952e-06, 4.033550794702023e-06, 5.093729214422638e-06, 8.608876669313759e-06, 7.401824859698536e-06, 5.539188350667246e-06, 6.000544090056792e-06, 3.503483185340883e-06, 3.1035747269925196e-06, 2.27899454330327e-06, 1.5595824152114801e-06, 1.368748712593515e-06, 1.2731362630802323e-06, 1.0780960337797296e-06, 1.5207940577965928e-06, 1.8714846419243258e-06, 2.4108583147608442e-06, 2.789164909700048e-06, 4.021032509626821e-06, 3.396947931832983e-06, 4.172040007688338e-06, 3.2252585242531495e-06, 2.2484052806248656e-06, 1.6721465954105952e-06, 1.7693156451059622e-06, 1.0887107464441215e-06, 7.075742587403511e-07, 7.116120173122908e-07, 6.304895237008168e-07, 4.752449171974149e-07, 4.953903953719418e-07, 5.33387378709449e-07, 3.970360751281987e-07, 4.831380238101701e-07, 3.3334808335894195e-07, 2.481024807821086e-07, 2.039476925119743e-07, 2.045924247795483e-07, 2.0817600443479023e-07, 4.4467736159958804e-08, 1.6454716061931052e-11, 1.5554498661307647e-11, 1.52393254265748e-11, 1.4921822458213718e-11, 1.467210380967643e-11, 1.4460700865914777e-11, 1.4287173007165865e-11, 1.4163485488605243e-11, 1.4087256534900394e-11], "lowlevel.mfcc.mean": [-740.2101440429688, 149.73031616210938, 6.300988674163818, -3.299936294555664, -8.388956069946289, 1.239603042602539, -5.059557914733887, -0.5192330479621887, -4.468420505523682, -4.053723335266113, -4.559627056121826, -5.471126079559326, -6.288244247436523], "lowlevel.spectral_contrast_coeffs.mean": [-0.6229928135871887, -0.7322390675544739, -0.7481712102890015, -0.8017933964729309, -0.8189412951469421, -0.7906864881515503], "lowlevel.spectral_contrast_coeffs.stdev": [0.11481624096632004, 0.10125070065259933, 0.07066956162452698, 0.0557217076420784, 0.04075437784194946, 0.03926748409867287], "lowlevel.spectral_contrast_valleys.mean": [-7.897510528564453, -7.279046535491943, -7.874878883361816, -8.452462196350098, -8.890656471252441, -11.36659049987793], "lowlevel.spectral_contrast_valleys.stdev": [1.6748096942901611, 1.1579331159591675, 1.0938332080841064, 1.0573092699050903, 1.1619592905044556, 1.456518292427063], "rhythm.beats_loudness_band_ratio.mean": [0.3577670156955719, 0.26774781942367554, 0.23906287550926208, 0.11918497830629349, 0.031142523512244225, 0.01621534302830696], "rhythm.beats_loudness_band_ratio.stdev": [0.3764307498931885, 0.24129150807857513, 0.23582060635089874, 0.12745286524295807, 0.04284023120999336, 0.03910321369767189], "tonal.hpcp.mean": [0.0761120542883873, 0.02918342873454094, 0.06510335952043533, 0.06587114930152893, 0.05410657078027725, 0.09997265785932541, 0.0946514829993248, 0.07936113327741623, 0.16373766958713531, 0.13210844993591309, 0.046390704810619354, 0.06108637899160385, 0.07851463556289673, 0.13338172435760498, 0.2025676667690277, 0.1620437502861023, 0.10105890780687332, 0.11955738812685013, 0.10661065578460693, 0.100111223757267, 0.1755949705839157, 0.19036290049552917, 0.16984006762504578, 0.20988337695598602, 0.14703726768493652, 0.06914759427309036, 0.08095809072256088, 0.0720919668674469, 0.09380143880844116, 0.17033080756664276, 0.12652122974395752, 0.05976048484444618, 0.09856188297271729, 0.08137931674718857, 0.05891133099794388, 0.10444635152816772], "tonal.hpcp.stdev": [0.179909348487854, 0.0738937109708786, 0.17432482540607452, 0.16826558113098145, 0.1357318013906479, 0.2038310319185257, 0.20943798124790192, 0.17525097727775574, 0.29074031114578247, 0.24503502249717712, 0.14156726002693176, 0.17658008635044098, 0.18291541934013367, 0.24437518417835236, 0.30847838521003723, 0.26994380354881287, 0.22015546262264252, 0.25394219160079956, 0.23551583290100098, 0.2241717129945755, 0.3079945147037506, 0.3140909969806671, 0.2844149172306061, 0.32729077339172363, 0.2714409828186035, 0.17134052515029907, 0.20425747334957123, 0.18289633095264435, 0.20369721949100494, 0.31443434953689575, 0.23893338441848755, 0.14969216287136078, 0.23324193060398102, 0.19020941853523254, 0.127888485789299, 0.2217818647623062], "rhythm.beats_position": [0.5224489569664001, 1.05650794506073, 1.590566873550415, 2.1246259212493896, 2.6470746994018555, 3.1695237159729004, 3.6919727325439453, 4.2028117179870605, 4.7252607345581055, 5.24770975112915, 5.770158767700195, 6.304217338562012, 6.838276386260986, 7.383945465087891, 7.883174419403076, 8.382403373718262, 8.881632804870605, 9.357641220092773, 9.833650588989258, 10.309659957885742, 10.78566837310791, 11.261677742004395, 11.737687110900879, 12.213695526123047, 12.689704895019531, 13.165714263916016, 13.606893539428711, 14.04807186126709, 14.489251136779785, 14.91882038116455, 15.348389625549316, 15.777958869934082, 16.20752716064453, 16.625486373901367, 17.055055618286133, 17.496234893798828, 17.972244262695312, 18.448253631591797, 18.92426300048828, 19.400272369384766, 19.87628173828125, 20.329069137573242, 20.781858444213867, 21.211427688598633, 21.6409969329834, 22.082176208496094, 22.51174545288086, 22.941314697265625, 23.37088394165039, 23.823673248291016, 24.27646255493164, 24.706031799316406, 25.1472110748291, 25.576780319213867, 26.006349563598633, 26.4359188079834, 26.87709617614746, 27.318275451660156, 27.75945472717285, 28.189023971557617, 28.630203247070312, 29.082992553710938, 29.535781860351562, 29.976961135864258, 30.429750442504883, 30.882539749145508, 31.323719024658203, 31.776506423950195, 32.22929763793945, 32.670475006103516, 33.111656188964844, 33.552833557128906, 33.98240280151367, 34.41197204589844, 34.829933166503906], "rhythm.bpm_histogram": [0.0, 0.0, 0.0, 0.0, 0.0, 0.0, 0.0, 0.0, 0.0, 0.0, 0.0, 0.0, 0.0, 0.0, 0.0, 0.0, 0.0, 0.0, 0.0, 0.0, 0.0, 0.0, 0.0, 0.0, 0.0, 0.0, 0.0, 0.0, 0.0, 0.0, 0.0, 0.0, 0.0, 0.0, 0.0, 0.0, 0.0, 0.0, 0.0, 0.0, 0.0, 0.0, 0.0, 0.0, 0.0, 0.0, 0.0, 0.0, 0.0, 0.0, 0.0, 0.0, 0.0, 0.0, 0.0, 0.0, 0.0, 0.0, 0.0, 0.0, 0.0, 0.0, 0.0, 0.0, 0.0, 0.0, 0.0, 0.0, 0.0, 0.0, 0.0, 0.0, 0.0, 0.0, 0.0, 0.0, 0.0, 0.0, 0.0, 0.0, 0.0, 0.0, 0.0, 0.0, 0.0, 0.0, 0.0, 0.0, 0.0, 0.0, 0.0, 0.0, 0.0, 0.0, 0.0, 0.0, 0.0, 0.0, 0.0, 0.0, 0.0, 0.0, 0.0, 0.0, 0.0, 0.0, 0.0, 0.0, 0.0, 0.0, 0.013513513840734959, 0.0, 0.06756756454706192, 0.0, 0.0, 0.0810810774564743, 0.0, 0.013513513840734959, 0.0, 0.0, 0.04054053872823715, 0.0, 0.0, 0.0, 0.0, 0.0, 0.18918919563293457, 0.0, 0.0, 0.0, 0.0, 0.0, 0.0, 0.13513512909412384, 0.0, 0.0, 0.20270270109176636, 0.0, 0.0, 0.0, 0.22972972691059113, 0.0, 0.0, 0.0, 0.027027027681469917, 0.0, 0.0, 0.0, 0.0, 0.0, 0.0, 0.0, 0.0, 0.0, 0.0, 0.0, 0.0, 0.0, 0.0, 0.0, 0.0, 0.0, 0.0, 0.0, 0.0, 0.0, 0.0, 0.0, 0.0, 0.0, 0.0, 0.0, 0.0, 0.0, 0.0, 0.0, 0.0, 0.0, 0.0, 0.0, 0.0, 0.0, 0.0, 0.0, 0.0, 0.0, 0.0, 0.0, 0.0, 0.0, 0.0, 0.0, 0.0, 0.0, 0.0, 0.0, 0.0, 0.0, 0.0, 0.0, 0.0, 0.0, 0.0, 0.0, 0.0, 0.0, 0.0, 0.0, 0.0, 0.0, 0.0, 0.0, 0.0, 0.0, 0.0, 0.0, 0.0, 0.0, 0.0, 0.0, 0.0, 0.0, 0.0, 0.0, 0.0, 0.0, 0.0, 0.0, 0.0, 0.0, 0.0, 0.0, 0.0, 0.0, 0.0, 0.0, 0.0, 0.0, 0.0, 0.0, 0.0, 0.0, 0.0, 0.0, 0.0, 0.0, 0.0, 0.0, 0.0, 0.0], "tonal.chords_histogram": [0.0, 0.0, 0.13175231218338013, 7.6416335105896, 10.013175010681152, 9.354413986206055, 0.0, 1.054018497467041, 0.26350462436676025, 41.23847198486328, 10.013175010681152, 0.0, 9.354413986206055, 0.0, 2.2397892475128174, 0.0, 2.6350460052490234, 0.0, 0.13175231218338013, 0.0, 5.928853988647461, 0.0, 0.0, 0.0], "tonal.thpcp": [1.0, 0.7005665302276611, 0.32945722341537476, 0.3857289254665375, 0.34348583221435547, 0.446921706199646, 0.8115497827529907, 0.6028168201446533, 0.2847318649291992, 0.4696030914783478, 0.38773587346076965, 0.28068602085113525, 0.4976399540901184, 0.36263975501060486, 0.13904592394828796, 0.31018826365470886, 0.3138464391231537, 0.25779351592063904, 0.47632479667663574, 0.450971782207489, 0.37812015414237976, 0.7801364064216614, 0.6294373869895935, 0.22103086113929749, 0.29104915261268616, 0.37408697605133057, 0.6355040073394775, 0.9651439189910889, 0.7720656991004944, 0.4815002977848053, 0.5696372389793396, 0.5079518556594849, 0.47698500752449036, 0.8366311192512512, 0.9069936871528625, 0.8092116117477417], "lowlevel.gfcc.cov": [[10646.09375, -1164.6646728515625, -498.9241943359375, 160.7003631591797, -320.731689453125, 333.9468688964844, -265.5028076171875, 297.8568420410156, 80.68637084960938, 371.3210754394531, -82.94058990478516, 200.45095825195312, -144.371826171875], [-1164.6646728515625, 4617.1015625, 997.2661743164062, 185.69400024414062, 1655.44970703125, 215.86477661132812, 963.911865234375, -236.3973388671875, 643.3987426757812, -639.8773193359375, 280.8831481933594, -468.18389892578125, 61.86943435668945], [-498.9241943359375, 997.2661743164062, 1979.9163818359375, 524.3231201171875, 698.2551879882812, 614.0350952148438, 576.2369995117188, 192.06788635253906, 141.12059020996094, -78.8677978515625, -81.99149322509766, -151.0172576904297, -85.96434020996094], [160.7003631591797, 185.69400024414062, 524.3231201171875, 544.3058471679688, 272.2169189453125, 237.05856323242188, 207.37953186035156, 124.07239532470703, 74.10055541992188, -10.71505069732666, -53.95022201538086, -67.43775939941406, -35.69394302368164], [-320.731689453125, 1655.44970703125, 698.2551879882812, 272.2169189453125, 1021.0014038085938, 269.56671142578125, 499.8587646484375, 5.018642425537109, 281.2251281738281, -208.8115692138672, 40.0273551940918, -180.5796661376953, -41.45779800415039], [333.9468688964844, 215.86477661132812, 614.0350952148438, 237.05856323242188, 269.56671142578125, 453.0751953125, 295.8723449707031, 158.95249938964844, 81.71897888183594, 61.6055908203125, -24.64348793029785, -76.9409408569336, -73.62271118164062], [-265.5028076171875, 963.911865234375, 576.2369995117188, 207.37953186035156, 499.8587646484375, 295.8723449707031, 489.5234069824219, 75.60237884521484, 188.28919982910156, -76.00220489501953, 58.516448974609375, -136.97219848632812, -42.944732666015625], [297.8568420410156, -236.3973388671875, 192.06788635253906, 124.07239532470703, 5.018642425537109, 158.95249938964844, 75.60237884521484, 191.59732055664062, 44.46719741821289, 100.83819580078125, -28.46670913696289, 14.798619270324707, -32.10490798950195], [80.68637084960938, 643.3987426757812, 141.12059020996094, 74.10055541992188, 281.2251281738281, 81.71897888183594, 188.28919982910156, 44.46719741821289, 258.4815368652344, -21.697355270385742, 71.10185241699219, -54.360618591308594, 25.32897186279297], [371.3210754394531, -639.8773193359375, -78.8677978515625, -10.71505069732666, -208.8115692138672, 61.6055908203125, -76.00220489501953, 100.83819580078125, -21.697355270385742, 208.618408203125, 6.841885089874268, 77.9590072631836, -15.190597534179688], [-82.94058990478516, 280.8831481933594, -81.99149322509766, -53.95022201538086, 40.0273551940918, -24.64348793029785, 58.516448974609375, -28.46670913696289, 71.10185241699219, 6.841885089874268, 141.5804901123047, 17.263444900512695, 40.2075080871582], [200.45095825195312, -468.18389892578125, -151.0172576904297, -67.43775939941406, -180.5796661376953, -76.9409408569336, -136.97219848632812, 14.798619270324707, -54.360618591308594, 77.9590072631836, 17.263444900512695, 151.94192504882812, 31.301057815551758], [-144.371826171875, 61.86943435668945, -85.96434020996094, -35.69394302368164, -41.45779800415039, -73.62271118164062, -42.944732666015625, -32.10490798950195, 25.32897186279297, -15.190597534179688, 40.2075080871582, 31.301057815551758, 94.00698852539062]], "lowlevel.gfcc.icov": [[0.00012016218533972278, -5.5272401368711144e-05, 8.829702710499987e-05, -6.929475057404488e-05, 4.9040085286833346e-05, -0.00025964865926653147, 0.00020116704399697483, -3.000906690431293e-05, -0.00014801749784965068, -4.55817389592994e-05, 9.218532795784995e-05, -0.000252832833211869, 0.00025255029322579503], [-5.5272401368711144e-05, 0.0017151273787021637, -0.0003464684705249965, 0.0005425903364084661, -0.0011316982563585043, 0.0002949729096144438, -0.0006290016463026404, 0.0005919695249758661, -0.0014534670626744628, 0.0026919166557490826, -0.0021500498987734318, 0.0018927693599835038, -0.0005617620190605521], [8.829702710499987e-05, -0.0003464684705249965, 0.0012911164667457342, -0.00048509571934118867, -5.072077783552231e-06, -0.0012741200625896454, -0.00041953715845011175, -0.00018478430865798146, 0.0005024787387810647, -7.626403385074809e-05, 0.0011479997774586082, -0.0009976080618798733, -0.00020129591575823724], [-6.929475057404488e-05, 0.0005425903364084661, -0.00048509571934118867, 0.0031180139631032944, -0.000769397767726332, -0.00012895383406430483, -0.00036262342473492026, -0.0011476754443719983, -0.0002595476689748466, 0.0009654342429712415, 0.00011365296086296439, 0.0010534047614783049, -0.0008945475565269589], [4.9040085286833346e-05, -0.0011316982563585043, -5.072077783552231e-06, -0.000769397767726332, 0.003825906664133072, -0.0007028876570984721, -0.0010469582630321383, 0.000743368873372674, -0.0013039136538282037, 0.00035064099938608706, 0.0017335586016997695, -0.0019260661210864782, 0.0017435657791793346], [-0.00025964865926653147, 0.0002949729096144438, -0.0012741200625896454, -0.00012895383406430483, -0.0007028876570984721, 0.007897838018834591, -0.003236918244510889, -0.001805854495614767, 0.0011394296307116747, -0.003197903512045741, 0.0002464190765749663, 0.002313845092430711, 0.0002733287401497364], [0.00020116704399697483, -0.0006290016463026404, -0.00041953715845011175, -0.00036262342473492026, -0.0010469582630321383, -0.003236918244510889, 0.009103745222091675, -0.002154652727767825, -0.0009268206194974482, 0.0013509293785318732, -0.003911973908543587, 0.0017189998179674149, 0.0021966334898024797], [-3.000906690431293e-05, 0.0005919695249758661, -0.00018478430865798146, -0.0011476754443719983, 0.000743368873372674, -0.001805854495614767, -0.002154652727767825, 0.012754092924296856, -0.0035884780809283257, -0.003569421824067831, 0.003142463741824031, -0.002055278280749917, 0.0009749262826517224], [-0.00014801749784965068, -0.0014534670626744628, 0.0005024787387810647, -0.0002595476689748466, -0.0013039136538282037, 0.0011394296307116747, -0.0009268206194974482, -0.0035884780809283257, 0.010167569853365421, -0.003851259360089898, -0.0008073202916420996, 0.0010937998304143548, -0.003622140036895871], [-4.55817389592994e-05, 0.0026919166557490826, -7.626403385074809e-05, 0.0009654342429712415, 0.00035064099938608706, -0.003197903512045741, 0.0013509293785318732, -0.003569421824067831, -0.003851259360089898, 0.016907058656215668, -0.006410837639123201, -0.0007182511035352945, 0.0022542632650583982], [9.218532795784995e-05, -0.0021500498987734318, 0.0011479997774586082, 0.00011365296086296439, 0.0017335586016997695, 0.0002464190765749663, -0.003911973908543587, 0.003142463741824031, -0.0008073202916420996, -0.006410837639123201, 0.016125058755278587, -0.005412233993411064, -0.003019978990778327], [-0.000252832833211869, 0.0018927693599835038, -0.0009976080618798733, 0.0010534047614783049, -0.0019260661210864782, 0.002313845092430711, 0.0017189998179674149, -0.002055278280749917, 0.0010937998304143548, -0.0007182511035352945, -0.005412233993411064, 0.01510068029165268, -0.004224120173603296], [0.00025255029322579503, -0.0005617620190605521, -0.00020129591575823724, -0.0008945475565269589, 0.0017435657791793346, 0.0002733287401497364, 0.0021966334898024797, 0.0009749262826517224, -0.003622140036895871, 0.0022542632650583982, -0.003019978990778327, -0.004224120173603296, 0.017229124903678894]], "lowlevel.mfcc.cov": [[10348.041015625, -1681.962890625, -594.3595581054688, -329.6499938964844, -145.56570434570312, -180.53111267089844, -348.53643798828125, -166.873046875, -4.961582183837891, -26.42729949951172, 29.61870574951172, 208.79556274414062, 179.0330810546875], [-1681.962890625, 4273.65380859375, 212.1480255126953, 595.9766845703125, 790.1713256835938, 712.2782592773438, 468.0685729980469, 699.8171997070312, 319.2890319824219, 193.58265686035156, 200.3595428466797, 151.11306762695312, 51.1766471862793], [-594.3595581054688, 212.1480255126953, 1336.783203125, 240.28866577148438, 277.3076477050781, 370.03692626953125, 418.8343811035156, 267.50701904296875, 297.5826110839844, 140.4735870361328, 213.0030517578125, 41.926143646240234, -28.664493560791016], [-329.6499938964844, 595.9766845703125, 240.28866577148438, 451.7005310058594, 270.5159912109375, 215.2848358154297, 161.66058349609375, 212.8040313720703, 155.7320098876953, 71.10646057128906, 63.89536666870117, 41.75916290283203, 0.040490541607141495], [-145.56570434570312, 790.1713256835938, 277.3076477050781, 270.5159912109375, 428.1279602050781, 284.0030822753906, 185.5198516845703, 233.3268280029297, 194.1869659423828, 104.2854995727539, 84.66392517089844, 53.685325622558594, -3.423729658126831], [-180.53111267089844, 712.2782592773438, 370.03692626953125, 215.2848358154297, 284.0030822753906, 397.70538330078125, 287.8660583496094, 250.07464599609375, 195.5320281982422, 132.44627380371094, 148.3597412109375, 66.28311920166016, 2.3645966053009033], [-348.53643798828125, 468.0685729980469, 418.8343811035156, 161.66058349609375, 185.5198516845703, 287.8660583496094, 366.9410400390625, 218.28671264648438, 160.4351348876953, 122.51691436767578, 140.98614501953125, 36.989715576171875, 8.106061935424805], [-166.873046875, 699.8171997070312, 267.50701904296875, 212.8040313720703, 233.3268280029297, 250.07464599609375, 218.28671264648438, 290.3500671386719, 182.61538696289062, 101.99031829833984, 113.15472412109375, 67.97962188720703, 25.63935661315918], [-4.961582183837891, 319.2890319824219, 297.5826110839844, 155.7320098876953, 194.1869659423828, 195.5320281982422, 160.4351348876953, 182.61538696289062, 229.54652404785156, 131.7561492919922, 115.30621337890625, 52.61539840698242, 6.006362438201904], [-26.42729949951172, 193.58265686035156, 140.4735870361328, 71.10646057128906, 104.2854995727539, 132.44627380371094, 122.51691436767578, 101.99031829833984, 131.7561492919922, 163.74740600585938, 111.79150390625, 41.88711929321289, 8.341853141784668], [29.61870574951172, 200.3595428466797, 213.0030517578125, 63.89536666870117, 84.66392517089844, 148.3597412109375, 140.98614501953125, 113.15472412109375, 115.30621337890625, 111.79150390625, 168.7115478515625, 73.2148666381836, 27.958772659301758], [208.79556274414062, 151.11306762695312, 41.926143646240234, 41.75916290283203, 53.685325622558594, 66.28311920166016, 36.989715576171875, 67.97962188720703, 52.61539840698242, 41.88711929321289, 73.2148666381836, 115.31005859375, 53.878318786621094], [179.0330810546875, 51.1766471862793, -28.664493560791016, 0.040490541607141495, -3.423729658126831, 2.3645966053009033, 8.106061935424805, 25.63935661315918, 6.006362438201904, 8.341853141784668, 27.958772659301758, 53.878318786621094, 85.98754119873047]], "lowlevel.mfcc.icov": [[0.00012293380859773606, 8.142398291965947e-05, 7.811743853380904e-05, 8.852305472828448e-05, -9.658165799919516e-05, -0.00012046570191159844, 0.0001221837301272899, -6.86719358782284e-05, -0.00011113045911770314, 9.796463564271107e-05, -4.76069217256736e-05, -0.00015437683032359928, -0.00015952631656546146], [8.142398291965947e-05, 0.0005702136550098658, 0.00024305720580741763, 5.7341178035130724e-05, -0.0006026506889611483, -0.0004873598809354007, 0.00019864483329001814, -0.0011969661572948098, 0.000603922235313803, 5.777384285465814e-05, -9.07908397493884e-05, 2.166722151741851e-05, -0.0001321635500062257], [7.811743853380904e-05, 0.00024305720580741763, 0.0016113704768940806, -1.7342275896226056e-05, -0.0003243712999392301, -0.00018672898295335472, -0.0012711187591776252, 0.00019862264161929488, -0.0016120894579216838, 0.0015572854317724705, -0.0011681478936225176, 0.00018303953402210027, 0.0005093507352285087], [8.852305472828448e-05, 5.7341178035130724e-05, -1.7342275896226056e-05, 0.0040623899549245834, -0.001584070734679699, -0.0001429824624210596, 4.5512395445257425e-05, -0.0016924664378166199, -0.000504041847307235, 0.00041695527033880353, 0.0005719327018596232, -0.00027320501976646483, 0.00019506756507325917], [-9.658165799919516e-05, -0.0006026506889611483, -0.0003243712999392301, -0.001584070734679699, 0.006984514184296131, -0.0026110142935067415, 0.0008306336821988225, -0.00014404856483452022, -0.0024338066577911377, -0.0005863108090125024, 0.0021518112625926733, -0.0006453338428400457, 0.0006985096260905266], [-0.00012046570191159844, -0.0004873598809354007, -0.00018672898295335472, -0.0001429824624210596, -0.0026110142935067415, 0.01059070136398077, -0.004465627949684858, -0.0009860432473942637, -0.0005451002507470548, -6.419869896490127e-05, -0.002094264142215252, -0.0014027470024302602, 0.0024026785977184772], [0.0001221837301272899, 0.00019864483329001814, -0.0012711187591776252, 4.5512395445257425e-05, 0.0008306336821988225, -0.004465627949684858, 0.009427983313798904, -0.0037483421619981527, 0.0022743071895092726, -0.002149240579456091, -0.0016294362721964717, 0.002868851413950324, -0.0016297443071380258], [-6.86719358782284e-05, -0.0011969661572948098, 0.00019862264161929488, -0.0016924664378166199, -0.00014404856483452022, -0.0009860432473942637, -0.0037483421619981527, 0.015186510980129242, -0.0067292433232069016, 0.0022317722905427217, -0.00014050111349206418, -0.0016460373299196362, -0.0019005235517397523], [-0.00011113045911770314, 0.000603922235313803, -0.0016120894579216838, -0.000504041847307235, -0.0024338066577911377, -0.0005451002507470548, 0.0022743071895092726, -0.0067292433232069016, 0.017179293558001518, -0.00801926665008068, -0.0007262830622494221, -4.9843442866404075e-06, 0.0008622069144621491], [9.796463564271107e-05, 5.777384285465814e-05, 0.0015572854317724705, 0.00041695527033880353, -0.0005863108090125024, -6.419869896490127e-05, -0.002149240579456091, 0.0022317722905427217, -0.00801926665008068, 0.016492143273353577, -0.007470041513442993, 0.0008070594631135464, 0.0006795543595217168], [-4.76069217256736e-05, -9.07908397493884e-05, -0.0011681478936225176, 0.0005719327018596232, 0.0021518112625926733, -0.002094264142215252, -0.0016294362721964717, -0.00014050111349206418, -0.0007262830622494221, -0.007470041513442993, 0.018061261624097824, -0.006869976408779621, -0.0006903275498189032], [-0.00015437683032359928, 2.166722151741851e-05, 0.00018303953402210027, -0.00027320501976646483, -0.0006453338428400457, -0.0014027470024302602, 0.002868851413950324, -0.0016460373299196362, -4.9843442866404075e-06, 0.0008070594631135464, -0.006869976408779621, 0.018232816830277443, -0.00866563431918621], [-0.00015952631656546146, -0.0001321635500062257, 0.0005093507352285087, 0.00019506756507325917, 0.0006985096260905266, 0.0024026785977184772, -0.0016297443071380258, -0.0019005235517397523, 0.0008622069144621491, 0.0006795543595217168, -0.0006903275498189032, -0.00866563431918621, 0.018420211970806122]], "metadata.audio_properties.analysis.downmix": "mix", "metadata.audio_properties.codec": "mp3", "metadata.audio_properties.md5_encoded": "6756a6849a69c6b3b48a443450448e44", "metadata.tags.file_name": "1182280199925137459.mp3", "metadata.version.essentia": "2.1-beta6-dev", "metadata.