{"song_id": "1182281570573369384", "download": "https://cdn.discordapp.com/attachments/1128313332273782784/1182281570573369384/chirp.mp4?ex=65842084&amp", "lyrics": "[Verse]\nI'm stepping into a brand new world\nWhere beauty and style are unfurled\nLearning the art of aesthetics so fine\nThrough training courses, I'll surely shine\n\n[Chorus]\nAesthetics training, take me higher\nUnlock the secrets, set my heart on fire\nOh, the colors and the contours I will explore\nAesthetics training, I want more, more, more", "style": ["Euphoric DnB"], "essentia_features": {"lowlevel.average_loudness": 0.9617252945899963, "lowlevel.barkbands_crest.mean": 11.306797981262207, "lowlevel.barkbands_crest.stdev": 4.78472375869751, "lowlevel.barkbands_flatness_db.mean": 0.11255569010972977, "lowlevel.barkbands_flatness_db.stdev": 0.04883262515068054, "lowlevel.barkbands_kurtosis.mean": 5.654269695281982, "lowlevel.barkbands_kurtosis.stdev": 11.137246131896973, "lowlevel.barkbands_skewness.mean": 1.867439866065979, "lowlevel.barkbands_skewness.stdev": 1.5225472450256348, "lowlevel.barkbands_spread.mean": 41.719478607177734, "lowlevel.barkbands_spread.stdev": 27.525226593017578, "lowlevel.dissonance.mean": 0.47425413131713867, "lowlevel.dissonance.stdev": 0.0201606135815382, "lowlevel.dynamic_complexity": 2.212695598602295, "lowlevel.erbbands_crest.mean": 6.671456336975098, "lowlevel.erbbands_crest.stdev": 3.5821309089660645, "lowlevel.erbbands_flatness_db.mean": 0.0945090800523758, "lowlevel.erbbands_flatness_db.stdev": 0.03486844152212143, "lowlevel.erbbands_kurtosis.mean": 0.20782732963562012, "lowlevel.erbbands_kurtosis.stdev": 2.0573740005493164, "lowlevel.erbbands_skewness.mean": -0.06704192608594894, "lowlevel.erbbands_skewness.stdev": 0.8831035494804382, "lowlevel.erbbands_spread.mean": 62.29412078857422, "lowlevel.erbbands_spread.stdev": 22.361536026000977, "lowlevel.hfc.mean": 43.62959671020508, "lowlevel.hfc.stdev": 58.480201721191406, "lowlevel.loudness_ebu128.integrated": -18.365211486816406, "lowlevel.loudness_ebu128.loudness_range": 2.780170440673828, "lowlevel.loudness_ebu128.momentary.mean": -18.725919723510742, "lowlevel.loudness_ebu128.momentary.stdev": 1.8522381782531738, "lowlevel.loudness_ebu128.short_term.mean": -18.45161247253418, "lowlevel.loudness_ebu128.short_term.stdev": 1.0468839406967163, "lowlevel.melbands_crest.mean": 16.176128387451172, "lowlevel.melbands_crest.stdev": 4.537149429321289, "lowlevel.melbands_flatness_db.mean": 0.18539221584796906, "lowlevel.melbands_flatness_db.stdev": 0.0644681453704834, "lowlevel.melbands_kurtosis.mean": 28.492877960205078, "lowlevel.melbands_kurtosis.stdev": 33.110511779785156, "lowlevel.melbands_skewness.mean": 4.173274517059326, "lowlevel.melbands_skewness.stdev": 2.169461488723755, "lowlevel.melbands_spread.mean": 28.406497955322266, "lowlevel.melbands_spread.stdev": 28.816875457763672, "lowlevel.pitch_salience.mean": 0.5156612396240234, "lowlevel.pitch_salience.stdev": 0.11929535120725632, "lowlevel.silence_rate_20dB.mean": 1.0, "lowlevel.silence_rate_20dB.stdev": 0.0, "lowlevel.silence_rate_30dB.mean": 0.9512349367141724, "lowlevel.silence_rate_30dB.stdev": 0.2153761386871338, "lowlevel.silence_rate_60dB.mean": 0.011399620212614536, "lowlevel.silence_rate_60dB.stdev": 0.10615775734186172, "lowlevel.spectral_centroid.mean": 1723.6912841796875, "lowlevel.spectral_centroid.stdev": 836.4719848632812, "lowlevel.spectral_complexity.mean": 17.80810546875, "lowlevel.spectral_complexity.stdev": 10.613558769226074, "lowlevel.spectral_decrease.mean": -7.650637456890763e-09, "lowlevel.spectral_decrease.stdev": 9.09696939999094e-09, "lowlevel.spectral_energy.mean": 0.032832611352205276, "lowlevel.spectral_energy.stdev": 0.036384712904691696, "lowlevel.spectral_energyband_high.mean": 0.0038122672121971846, "lowlevel.spectral_energyband_high.stdev": 0.0058520459569990635, "lowlevel.spectral_energyband_low.mean": 0.019686579704284668, "lowlevel.spectral_energyband_low.stdev": 0.03105120360851288, "lowlevel.spectral_energyband_middle_high.mean": 0.002935647265985608, "lowlevel.spectral_energyband_middle_high.stdev": 0.002817607717588544, "lowlevel.spectral_energyband_middle_low.mean": 0.008729498833417892, "lowlevel.spectral_energyband_middle_low.stdev": 0.011175082996487617, "lowlevel.spectral_entropy.mean": 8.09469223022461, "lowlevel.spectral_entropy.stdev": 0.36226892471313477, "lowlevel.spectral_flux.mean": 0.09243247658014297, "lowlevel.spectral_flux.stdev": 0.0719132348895073, "lowlevel.spectral_kurtosis.mean": 1.944137454032898, "lowlevel.spectral_kurtosis.stdev": 1.3961738348007202, "lowlevel.spectral_rms.mean": 0.005126834847033024, "lowlevel.spectral_rms.stdev": 0.002397374017164111, "lowlevel.spectral_rolloff.mean": 2983.871337890625, "lowlevel.spectral_rolloff.stdev": 3412.325927734375, "lowlevel.spectral_skewness.mean": 1.1999586820602417, "lowlevel.spectral_skewness.stdev": 0.36202478408813477, "lowlevel.spectral_spread.mean": 7336181.0, "lowlevel.spectral_spread.stdev": 2131609.5, "lowlevel.spectral_strongpeak.mean": 0.5154221057891846, "lowlevel.spectral_strongpeak.stdev": 0.6247374415397644, "lowlevel.zerocrossingrate.mean": 0.11088591814041138, "lowlevel.zerocrossingrate.stdev": 0.07488150149583817, "metadata.audio_properties.analysis.equal_loudness": 0.0, "metadata.audio_properties.analysis.length": 36.62931823730469, "metadata.audio_properties.analysis.sample_rate": 44100.0, "metadata.audio_properties.analysis.start_time": 0.0, "metadata.audio_properties.bit_rate": 120115.0, "metadata.audio_properties.length": 36.62933349609375, "metadata.audio_properties.lossless": 0.0, "metadata.audio_properties.number_channels": 1.0, "metadata.audio_properties.replay_gain": -8.122560501098633, "metadata.audio_properties.sample_rate": 48000.0, "rhythm.beats_count": 73.0, "rhythm.beats_loudness.mean": 0.06817742437124252, "rhythm.beats_loudness.stdev": 0.022803541272878647, "rhythm.bpm": 120.13108825683594, "rhythm.bpm_histogram_first_peak_bpm": 120.0, "rhythm.bpm_histogram_first_peak_weight": 0.3611111044883728, "rhythm.bpm_histogram_second_peak_bpm": 0.0, "rhythm.bpm_histogram_second_peak_spread": 0.0, "rhythm.bpm_histogram_second_peak_weight": 0.0, "rhythm.danceability": 1.354682207107544, "rhythm.onset_rate": 4.994393348693848, "tonal.chords_changes_rate": 0.040506329387426376, "tonal.chords_number_rate": 0.007594936527311802, "tonal.chords_strength.mean": 0.6162146925926208, "tonal.chords_strength.stdev": 0.08045971393585205, "tonal.hpcp_crest.mean": 13.857501029968262, "tonal.hpcp_crest.stdev": 6.5049519538879395, "tonal.hpcp_entropy.mean": 2.0190348625183105, "tonal.hpcp_entropy.stdev": 0.7432305216789246, "tonal.key_edma.strength": 0.7223104238510132, "tonal.key_krumhansl.strength": 0.7063011527061462, "tonal.key_temperley.strength": 0.6808499097824097, "tonal.tuning_diatonic_strength": 0.6311149001121521, "tonal.tuning_equal_tempered_deviation": 0.1306798905134201, "tonal.tuning_frequency": 436.20416259765625, "tonal.tuning_nontempered_energy_ratio": 0.8014620542526245, "lowlevel.barkbands.mean": [0.00015416888345498592, 0.012844404205679893, 0.004437024239450693, 0.0038258677814155817, 0.002025195164605975, 0.0006604678346775472, 0.0007121628732420504, 0.0005724346847273409, 0.0007948687416501343, 0.0005941883428022265, 0.00031476837466470897, 0.0002285081282025203, 0.00031016627326607704, 0.0001969366567209363, 0.0002140681172022596, 0.000178948714165017, 0.00020531493646558374, 0.0002901552652474493, 0.00026557414093986154, 0.00037604066892527044, 0.000319008860969916, 0.0004083348030690104, 0.0006035210099071264, 0.0007004888029769063, 0.0008862922550179064, 0.0006348157185129821, 7.888707477832213e-05], "lowlevel.barkbands.stdev": [0.00039729292620904744, 0.021931635215878487, 0.01023481972515583, 0.007491526193916798, 0.003727911738678813, 0.001323280856013298, 0.0016958131454885006, 0.0015583592467010021, 0.0019793484825640917, 0.0013101283693686128, 0.0007300187135115266, 0.00038320879684761167, 0.0005467692390084267, 0.0003792076895479113, 0.00044352092663757503, 0.00022581664961762726, 0.00027667474932968616, 0.00037251730100251734, 0.00031385087640956044, 0.0004894349258393049, 0.0004795015847776085, 0.0006635967874899507, 0.0009281233651563525, 0.0012612215941771865, 0.001894428045488894, 0.001182921347208321, 0.00014412403106689453], "lowlevel.erbbands.mean": [0.25539475679397583, 3.2073144912719727, 5.774776935577393, 10.225818634033203, 9.829948425292969, 6.001643657684326, 3.1661884784698486, 6.97777795791626, 10.909773826599121, 9.612241744995117, 13.947691917419434, 20.818653106689453, 13.601303100585938, 17.465591430664062, 15.043807029724121, 9.724647521972656, 14.478681564331055, 12.02307415008545, 11.408740043640137, 9.379575729370117, 10.533169746398926, 11.863486289978027, 15.511185646057129, 14.2976713180542, 14.893863677978516, 17.774625778198242, 13.919596672058105, 12.250653266906738, 13.982417106628418, 17.744503021240234, 16.613162994384766, 14.040987014770508, 12.252412796020508, 10.115001678466797, 6.13309907913208, 3.0888330936431885, 1.1000171899795532, 0.22672030329704285, 0.008165120147168636, 0.00022333803644869477], "lowlevel.erbbands.stdev": [0.49601614475250244, 5.484806060791016, 12.459456443786621, 19.690441131591797, 19.199636459350586, 10.806814193725586, 4.739455223083496, 13.78596019744873, 23.729894638061523, 22.277881622314453, 36.771995544433594, 51.59273910522461, 30.537521362304688, 41.90167236328125, 30.0020751953125, 13.862927436828613, 25.084951400756836, 21.699766159057617, 19.88658332824707, 20.127357482910156, 13.167264938354492, 15.526213645935059, 20.24714469909668, 16.557401657104492, 18.48036003112793, 23.63500213623047, 19.691661834716797, 19.065128326416016, 22.3242244720459, 30.070674896240234, 26.180105209350586, 24.264089584350586, 23.020620346069336, 21.431386947631836, 13.561053276062012, 6.376366138458252, 2.0128462314605713, 0.3974086344242096, 0.014183933846652508, 0.00031777305412106216], "lowlevel.gfcc.mean": [34.663658142089844, 42.551143646240234, -78.62603759765625, 39.954124450683594, -51.54821014404297, 28.328298568725586, -33.759132385253906, 18.049392700195312, -29.344615936279297, 4.6251630783081055, -20.37250328063965, 1.9884675741195679, -19.883010864257812], "lowlevel.melbands.mean": [0.0030338566284626722, 0.0035818913020193577, 0.00172960024792701, 0.0005563604063354433, 0.0001311071537202224, 0.0001469419221393764, 0.00016455141303595155, 0.00010693419608287513, 0.0001243540464201942, 0.00012094668636564165, 6.675726763205603e-05, 7.38367234589532e-05, 4.435586743056774e-05, 3.296694558230229e-05, 2.407762258371804e-05, 3.2045547413872555e-05, 2.0967898308299482e-05, 1.782631989044603e-05, 1.3051461792201735e-05, 1.2622198482858948e-05, 1.216777764057042e-05, 1.1947860912187025e-05, 1.3319895515451208e-05, 1.3910226698499173e-05, 1.1266267392784357e-05, 9.768558811629191e-06, 1.2516075003077276e-05, 1.1507136150612496e-05, 8.820109542284627e-06, 7.641948286618572e-06, 7.0247174335236195e-06, 7.79635229264386e-06, 8.074819561443292e-06, 1.0714789823396131e-05, 9.59041244641412e-06, 8.76445665198844e-06, 8.648207767691929e-06, 8.820175935397856e-06, 7.981824637681711e-06, 8.776954018685501e-06], "lowlevel.melbands.stdev": [0.005274925846606493, 0.006478228606283665, 0.0031494353897869587, 0.001015214715152979, 0.00019199786765966564, 0.00029329280368983746, 0.00036639891914092004, 0.00025461005861870944, 0.0003140683693345636, 0.00029166656895540655, 0.0001584687124704942, 0.0001811933034332469, 8.926872396841645e-05, 5.6950622820295393e-05, 4.003847425337881e-05, 5.882850746274926e-05, 4.260838977643289e-05, 3.110922989435494e-05, 2.789515747281257e-05, 2.020274769165553e-05, 1.605582656338811e-05, 1.6714277080609463e-05, 1.7298529201070778e-05, 1.895918649097439e-05, 1.3544306966650765e-05, 1.2461230653570965e-05, 1.6719850464141928e-05, 1.6176365534192882e-05, 1.254365542990854e-05, 1.2076504390279297e-05, 1.1528185495990328e-05, 1.2823130418837536e-05, 1.3544938155973796e-05, 1.8424747395329177e-05, 1.5200842426565941e-05, 1.4738819118065294e-05, 1.5675010217819363e-05, 1.6835903807077557e-05, 1.5543086192337796e-05, 1.9727473045350052e-05], "lowlevel.melbands128.mean": [0.00012377937673591077, 0.0013789719669148326, 0.004497899673879147, 0.005760930944234133, 0.0034622298553586006, 0.0021413147915154696, 0.002215432934463024, 0.001699949731118977, 0.0009019372519105673, 0.0005539141711778939, 0.0002899298269767314, 0.00014416920021176338, 8.179291762644425e-05, 0.00010394849959993735, 0.0001866665406851098, 0.0001444832159904763, 0.00013806881906930357, 0.00022115303727332503, 0.00012709363363683224, 8.586229523643851e-05, 0.00011307349632261321, 0.00010350748925702646, 0.00011243991320952773, 0.00015623764193151146, 0.00017890734307002276, 8.618283027317375e-05, 4.30166837759316e-05, 6.675558688584715e-05, 7.165345596149564e-05, 0.00011855113552883267, 5.766672984464094e-05, 2.494696127541829e-05, 3.82833241019398e-05, 7.25105419405736e-05, 3.2138690585270524e-05, 2.60319411609089e-05, 2.2649055608781055e-05, 1.5809311662451364e-05, 3.252815440646373e-05, 3.706013740156777e-05, 3.539849058142863e-05, 1.6602498362772167e-05, 2.5522267605992965e-05, 2.0864959878963418e-05, 1.1335718227201141e-05, 2.157609378627967e-05, 2.0517762095551006e-05, 9.888796739687677e-06, 1.1962718417635188e-05, 1.3014309843129013e-05, 1.2110057468817104e-05, 1.3121726624376606e-05, 1.1759999324567616e-05, 1.256651921721641e-05, 1.1622062629612628e-05, 1.2003746633126866e-05, 1.1516513040987775e-05, 1.2606405107362662e-05, 1.4033586012374144e-05, 1.5260709915310144e-05, 1.4042182556295302e-05, 1.2459281606425066e-05, 1.3248013601696584e-05, 1.0611245670588687e-05, 8.688138223078568e-06, 9.446145668334793e-06, 1.0665555237210356e-05, 1.0659156032488681e-05, 1.3164708434487693e-05, 1.5534527847194113e-05, 1.0217062481387984e-05, 1.0968747119477484e-05, 9.532802323519718e-06, 8.283307579404209e-06, 7.973084393597674e-06, 8.608745702076703e-06, 7.078806447680108e-06, 5.8823729887080844e-06, 7.560266567452345e-06, 7.280220415850636e-06, 7.794577868480701e-06, 8.201724995160475e-06, 7.563999133708421e-06, 7.2832090154406615e-06, 9.147844139079098e-06, 1.0725650099630002e-05, 1.1600360267038923e-05, 1.0113024472957477e-05, 9.153978680842556e-06, 9.363327990286052e-06, 9.784390385902952e-06, 8.147661901602987e-06, 7.909904525149614e-06, 8.33503781905165e-06, 9.528848750051111e-06, 9.302771104557905e-06, 8.50515607453417e-06, 8.340564818354324e-06, 7.344402547460049e-06, 8.15931889519561e-06, 9.047123967320658e-06, 8.759217053011525e-06, 8.756761417316739e-06, 7.843042112654075e-06, 7.084454409778118e-06, 6.010461675032275e-06, 5.5198433983605355e-06, 5.607790626527276e-06, 5.401784619607497e-06, 5.3241033128870185e-06, 4.796122084371746e-06, 3.546134621501551e-06, 3.447706603765255e-06, 3.1307283734349767e-06, 2.391860562056536e-06, 1.8078674202115508e-06, 1.8517747548685293e-06, 1.4933500551705947e-06, 2.1624821044952114e-07, 3.705765902473068e-11, 1.457996050280297e-11, 1.402872956690615e-11, 1.3723786863872878e-11, 1.3047863137161109e-11, 1.0652456347570727e-11, 6.840649140887889e-12, 4.7766955321715265e-12, 4.435874410846363e-12], "lowlevel.melbands128.stdev": [0.00037325944867916405, 0.003407358657568693, 0.007947146892547607, 0.010186434723436832, 0.0077257901430130005, 0.004640908446162939, 0.004584133625030518, 0.003297178540378809, 0.0020190419163554907, 0.0011679804883897305, 0.0005893834750168025, 0.00025453377747908235, 0.0001353714324068278, 0.00026876566698774695, 0.0004208777390886098, 0.000426009064540267, 0.0003806112508755177, 0.0005787271657027304, 0.00044433202128857374, 0.0002705226361285895, 0.00037893999251537025, 0.0003622458898462355, 0.0004129918524995446, 0.0005338244955055416, 0.0005493074422702193, 0.00022997541236691177, 0.00014753676077816635, 0.00022176634229253978, 0.00022495316807180643, 0.00032083288533613086, 0.00022325616737361997, 9.680009679868817e-05, 8.188694482669234e-05, 0.0001884805242298171, 8.670470560900867e-05, 5.95530254940968e-05, 3.860931974486448e-05, 3.6457498936215416e-05, 7.757033017696813e-05, 8.080679981503636e-05, 8.44088863232173e-05, 3.783157444559038e-05, 7.137455395422876e-05, 4.8025780415628105e-05, 2.545448296586983e-05, 4.7041961806826293e-05, 4.997530777473003e-05, 2.916084304160904e-05, 4.203886055620387e-05, 4.201172851026058e-05, 1.724971843941603e-05, 2.144608151866123e-05, 1.958374741661828e-05, 2.1641537387040444e-05, 1.897791116789449e-05, 2.095587296935264e-05, 1.7808210031944327e-05, 1.8934139006887563e-05, 2.2502228603116237e-05, 2.377810778853018e-05, 2.4745293558225967e-05, 1.8029419152298942e-05, 1.842647179728374e-05, 1.4998855476733297e-05, 1.2428998161340132e-05, 1.474194141337648e-05, 1.5437857655342668e-05, 1.65343390108319e-05, 2.006014074140694e-05, 2.5232588086510077e-05, 1.6985904949251562e-05, 1.8654771338333376e-05, 1.4491767615254503e-05, 1.3012893759878352e-05, 1.3406292055151425e-05, 1.4749612091691233e-05, 1.2830722880607937e-05, 9.556858458381612e-06, 1.4282511074270587e-05, 1.2698790669674054e-05, 1.41080499815871e-05, 1.4775515410292428e-05, 1.2899507055408321e-05, 1.2914592844026629e-05, 1.8453894881531596e-05, 2.1760462914244272e-05, 2.077867611660622e-05, 1.7165564713650383e-05, 1.5386596714961343e-05, 1.7218810171470977e-05, 1.752095704432577e-05, 1.4657866813649889e-05, 1.4393957826541737e-05, 1.6019141185097396e-05, 1.9329741917317733e-05, 1.8813007045537233e-05, 1.7422757082385942e-05, 1.7919146557687782e-05, 1.5003447515482549e-05, 1.6779380530351773e-05, 2.1069159629405476e-05, 2.091556780214887e-05, 2.2693409846397117e-05, 1.8142345652449876e-05, 1.692982368695084e-05, 1.4415598343475722e-05, 1.3901241800340358e-05, 1.3615769603347871e-05, 1.2347235497145448e-05, 1.0717934856074862e-05, 9.328180567536037e-06, 7.0299765866366215e-06, 7.256254320964217e-06, 6.963036867091432e-06, 5.583460279012797e-06, 3.678332632262027e-06, 3.4221650366816903e-06, 3.007134409926948e-06, 5.873323516425444e-07, 3.458116570875802e-10, 3.351584287880627e-10, 3.360961509102367e-10, 3.3521804776448505e-10, 3.1666774757965754e-10, 2.3001017757096065e-10, 8.826717134979845e-11, 1.4746821819233702e-11, 9.062319471231373e-12], "lowlevel.mfcc.mean": [-621.3157348632812, 81.41090393066406, 28.460248947143555, 22.725820541381836, 13.072298049926758, 10.736170768737793, 11.365946769714355, 11.698545455932617, 1.7266303300857544, 5.27332067489624, 1.5577354431152344, 1.3272625207901, 0.0148204006254673], "lowlevel.spectral_contrast_coeffs.mean": [-0.6978986859321594, -0.7644962668418884, -0.7901967167854309, -0.8157979846000671, -0.8164145946502686, -0.7872403860092163], "lowlevel.spectral_contrast_coeffs.stdev": [0.06627243012189865, 0.06722982972860336, 0.05099639669060707, 0.035733912140131, 0.02951980009675026, 0.031432680785655975], "lowlevel.spectral_contrast_valleys.mean": [-6.651861190795898, -7.000234603881836, -7.457266330718994, -7.58563756942749, -7.18594217300415, -9.173888206481934], "lowlevel.spectral_contrast_valleys.stdev": [0.7295363545417786, 0.5821247696876526, 0.5621777772903442, 0.5001018047332764, 0.6560662984848022, 0.9083631038665771], "rhythm.beats_loudness_band_ratio.mean": [0.7134700417518616, 0.056991178542375565, 0.04335267096757889, 0.02663486823439598, 0.026530852541327477, 0.15754620730876923], "rhythm.beats_loudness_band_ratio.stdev": [0.1582355797290802, 0.05639554560184479, 0.04672055318951607, 0.028252985328435898, 0.01744844578206539, 0.13082794845104218], "tonal.hpcp.mean": [0.18394966423511505, 0.1557348519563675, 0.0798768699169159, 0.07530461251735687, 0.05428094044327736, 0.025514429435133934, 0.01913836970925331, 0.024498257786035538, 0.07030250132083893, 0.16842642426490784, 0.1490846872329712, 0.055328331887722015, 0.04130903258919716, 0.044322554022073746, 0.08530960977077484, 0.2763974666595459, 0.3159622848033905, 0.12815754115581512, 0.04215174913406372, 0.03297959268093109, 0.04875212162733078, 0.08380486071109772, 0.08294172585010529, 0.16413924098014832, 0.33320412039756775, 0.24522016942501068, 0.06307844817638397, 0.030873455107212067, 0.03650813549757004, 0.06121112406253815, 0.07986098527908325, 0.061611637473106384, 0.0344565324485302, 0.034287843853235245, 0.04379323497414589, 0.09614842385053635], "tonal.hpcp.stdev": [0.28624826669692993, 0.2604162395000458, 0.19260716438293457, 0.22216704487800598, 0.1796855479478836, 0.09616369009017944, 0.07461748272180557, 0.09353071451187134, 0.14760486781597137, 0.2822304666042328, 0.2571311891078949, 0.13981957733631134, 0.13781729340553284, 0.14145305752754211, 0.18467967212200165, 0.36407437920570374, 0.4154548943042755, 0.21903063356876373, 0.13463042676448822, 0.1287848949432373, 0.14038679003715515, 0.18537628650665283, 0.1708499789237976, 0.24473272264003754, 0.41433480381965637, 0.3196893632411957, 0.1516360491514206, 0.10112736374139786, 0.12212642282247543, 0.16901712119579315, 0.18777622282505035, 0.15816904604434967, 0.106333427131176, 0.11569570749998093, 0.13747061789035797, 0.17980866134166718], "rhythm.beats_position": [0.4527890980243683, 0.9404081702232361, 1.4396371841430664, 1.9272562265396118, 2.426485300064087, 2.9257142543792725, 3.424943208694458, 3.9241721630096436, 4.423401355743408, 4.922630310058594, 5.433469295501709, 5.921088218688965, 6.43192720413208, 6.919546127319336, 7.430385589599609, 7.918004512786865, 8.41723346710205, 8.916461944580078, 9.427301406860352, 9.926530838012695, 10.425759315490723, 10.924988746643066, 11.424217224121094, 11.923446655273438, 12.422675132751465, 12.921904563903809, 13.421133995056152, 13.92036247253418, 14.419591903686523, 14.91882038116455, 15.418049812316895, 15.917278289794922, 16.416507720947266, 16.92734718322754, 17.414966583251953, 17.925804138183594, 18.425033569335938, 18.92426300048828, 19.423492431640625, 19.922719955444336, 20.42194938659668, 20.921178817749023, 21.432018280029297, 21.91963768005371, 22.418865203857422, 22.918094635009766, 23.42893409729004, 23.916553497314453, 24.415781021118164, 24.915010452270508, 25.42584991455078, 25.913469314575195, 26.42430877685547, 26.91192626953125, 27.422765731811523, 27.910385131835938, 28.42122459411621, 28.920452117919922, 29.419681549072266, 29.91891098022461, 30.418140411376953, 30.917369842529297, 31.416597366333008, 31.91582679748535, 32.41505432128906, 32.92589569091797, 33.42512512207031, 33.924354553222656, 34.423583984375, 34.92280960083008, 35.410430908203125, 35.921268463134766, 36.42049789428711], "rhythm.bpm_histogram": [0.0, 0.0, 0.0, 0.0, 0.0, 0.0, 0.0, 0.0, 0.0, 0.0, 0.0, 0.0, 0.0, 0.0, 0.0, 0.0, 0.0, 0.0, 0.0, 0.0, 0.0, 0.0, 0.0, 0.0, 0.0, 0.0, 0.0, 0.0, 0.0, 0.0, 0.0, 0.0, 0.0, 0.0, 0.0, 0.0, 0.0, 0.0, 0.0, 0.0, 0.0, 0.0, 0.0, 0.0, 0.0, 0.0, 0.0, 0.0, 0.0, 0.0, 0.0, 0.0, 0.0, 0.0, 0.0, 0.0, 0.0, 0.0, 0.0, 0.0, 0.0, 0.0, 0.0, 0.0, 0.0, 0.0, 0.0, 0.0, 0.0, 0.0, 0.0, 0.0, 0.0, 0.0, 0.0, 0.0, 0.0, 0.0, 0.0, 0.0, 0.0, 0.0, 0.0, 0.0, 0.0, 0.0, 0.0, 0.0, 0.0, 0.0, 0.0, 0.0, 0.0, 0.0, 0.0, 0.0, 0.0, 0.0, 0.0, 0.0, 0.0, 0.0, 0.0, 0.0, 0.0, 0.0, 0.0, 0.0, 0.0, 0.0, 0.0, 0.0, 0.0, 0.0, 0.0, 0.0, 0.0, 0.1944444477558136, 0.0, 0.0, 0.6388888955116272, 0.0, 0.0, 0.1666666716337204, 0.0, 0.0, 0.0, 0.0, 0.0, 0.0, 0.0, 0.0, 0.0, 0.0, 0.0, 0.0, 0.0, 0.0, 0.0, 0.0, 0.0, 0.0, 0.0, 0.0, 0.0, 0.0, 0.0, 0.0, 0.0, 0.0, 0.0, 0.0, 0.0, 0.0, 0.0, 0.0, 0.0, 0.0, 0.0, 0.0, 0.0, 0.0, 0.0, 0.0, 0.0, 0.0, 0.0, 0.0, 0.0, 0.0, 0.0, 0.0, 0.0, 0.0, 0.0, 0.0, 0.0, 0.0, 0.0, 0.0, 0.0, 0.0, 0.0, 0.0, 0.0, 0.0, 0.0, 0.0, 0.0, 0.0, 0.0, 0.0, 0.0, 0.0, 0.0, 0.0, 0.0, 0.0, 0.0, 0.0, 0.0, 0.0, 0.0, 0.0, 0.0, 0.0, 0.0, 0.0, 0.0, 0.0, 0.0, 0.0, 0.0, 0.0, 0.0, 0.0, 0.0, 0.0, 0.0, 0.0, 0.0, 0.0, 0.0, 0.0, 0.0, 0.0, 0.0, 0.0, 0.0, 0.0, 0.0, 0.0, 0.0, 0.0, 0.0, 0.0, 0.0, 0.0, 0.0, 0.0, 0.0, 0.0, 0.0, 0.0, 0.0, 0.0, 0.0, 0.0, 0.0, 0.0], "tonal.chords_histogram": [6.455696105957031, 47.97468185424805, 26.962024688720703, 8.734177589416504, 7.0886077880859375, 0.0, 0.0, 0.0, 0.0, 0.0, 0.2531645596027374, 0.0, 0.0, 0.0, 0.0, 0.0, 0.0, 0.0, 0.0, 2.5316455364227295, 0.0, 0.0, 0.0, 0.0], "tonal.thpcp": [1.0, 0.7359457612037659, 0.18930873274803162, 0.09265628457069397, 0.10956688225269318, 0.18370458483695984, 0.2396758645772934, 0.18490658700466156, 0.10340968519449234, 0.10290341824293137, 0.13143065571784973, 0.28855714201927185, 0.55206298828125, 0.46738573908805847, 0.23972353339195251, 0.22600144147872925, 0.1629059761762619, 0.0765729695558548, 0.05743737518787384, 0.07352327555418015, 0.21098929643630981, 0.5054752230644226, 0.44742751121520996, 0.16604936122894287, 0.12397515773773193, 0.13301922380924225, 0.25602808594703674, 0.8295139670372009, 0.948254406452179, 0.3846217095851898, 0.12650428712368011, 0.09897714853286743, 0.14631308615207672, 0.2515120804309845, 0.24892166256904602, 0.4926086664199829], "lowlevel.gfcc.cov": [[3560.31591796875, -1319.033935546875, 615.6788330078125, 67.1484603881836, 120.77726745605469, 23.382505416870117, 55.35160827636719, 219.79640197753906, 18.854215621948242, 152.69540405273438, -126.28968811035156, 109.2864990234375, -160.1116180419922], [-1319.033935546875, 1399.9862060546875, -370.9530944824219, 6.259349822998047, 22.304241180419922, -26.779796600341797, 130.4432373046875, -53.1995964050293, 90.41075897216797, -57.65049743652344, 134.55267333984375, -90.80824279785156, 84.67874908447266], [615.6788330078125, -370.9530944824219, 716.8345336914062, 84.65322875976562, 246.9964599609375, 93.83587646484375, 55.36215591430664, 67.51787567138672, 30.164363861083984, 74.82374572753906, -15.676804542541504, 85.66150665283203, -39.90796661376953], [67.1484603881836, 6.259349822998047, 84.65322875976562, 435.8022766113281, 75.10441589355469, 52.90032958984375, -38.081520080566406, 6.4351372718811035, 4.238503932952881, -6.810681343078613, -20.215009689331055, 4.513988494873047, 37.1721076965332], [120.77726745605469, 22.304241180419922, 246.9964599609375, 75.10441589355469, 279.27923583984375, 56.897850036621094, 104.26805114746094, 44.719947814941406, 43.870689392089844, 22.912981033325195, 3.391998052597046, 30.058977127075195, -2.8555588722229004], [23.382505416870117, -26.779796600341797, 93.83587646484375, 52.90032958984375, 56.897850036621094, 194.40650939941406, 72.928955078125, 45.633209228515625, -5.6564717292785645, 2.671588182449341, 1.1207079887390137, -7.300029277801514, 13.627035140991211], [55.35160827636719, 130.4432373046875, 55.36215591430664, -38.081520080566406, 104.26805114746094, 72.928955078125, 213.82061767578125, 67.02263641357422, 42.5519905090332, 5.536088943481445, 19.270418167114258, 6.6182146072387695, -8.929137229919434], [219.79640197753906, -53.1995964050293, 67.51787567138672, 6.4351372718811035, 44.719947814941406, 45.633209228515625, 67.02263641357422, 127.11595153808594, 60.46065902709961, 33.44612121582031, 11.843293190002441, 10.424193382263184, -5.443025588989258], [18.854215621948242, 90.41075897216797, 30.164363861083984, 4.238503932952881, 43.870689392089844, -5.6564717292785645, 42.5519905090332, 60.46065902709961, 109.81143951416016, 48.21567916870117, 29.754289627075195, -1.209651231765747, -0.09759486466646194], [152.69540405273438, -57.65049743652344, 74.82374572753906, -6.810681343078613, 22.912981033325195, 2.671588182449341, 5.536088943481445, 33.44612121582031, 48.21567916870117, 81.7945556640625, 33.46156311035156, 19.774982452392578, -12.255724906921387], [-126.28968811035156, 134.55267333984375, -15.676804542541504, -20.215009689331055, 3.391998052597046, 1.1207079887390137, 19.270418167114258, 11.843293190002441, 29.754289627075195, 33.46156311035156, 81.41789245605469, 22.646310806274414, 10.855295181274414], [109.2864990234375, -90.80824279785156, 85.66150665283203, 4.513988494873047, 30.058977127075195, -7.300029277801514, 6.6182146072387695, 10.424193382263184, -1.209651231765747, 19.774982452392578, 22.646310806274414, 76.2385482788086, 15.418399810791016], [-160.1116180419922, 84.67874908447266, -39.90796661376953, 37.1721076965332, -2.8555588722229004, 13.627035140991211, -8.929137229919434, -5.443025588989258, -0.09759486466646194, -12.255724906921387, 10.855295181274414, 15.418399810791016, 63.429569244384766]], "lowlevel.gfcc.icov": [[0.000562928500585258, 0.00036373111652210355, -0.00013391996617428958, -0.00018704157264437526, 0.00010892013960983604, 0.00032666203333064914, -0.0003780451661441475, -0.0006603021756745875, 0.0002834477345459163, -0.0006735653150826693, 0.0005235811113379896, -0.0002014665660681203, 0.0006152427522465587], [0.00036373111652210355, 0.0021026667673140764, 0.0002449638268444687, -0.0003213949967175722, -0.0004378181474748999, 0.0008681970648467541, -0.0015226614195853472, 0.0010024175280705094, -0.0013079727068543434, 0.001572407316416502, -0.003478357568383217, 0.0029251696541905403, -0.001694969949312508], [-0.00013391996617428958, 0.0002449638268444687, 0.003118589287623763, -7.412756531266496e-05, -0.0022799090947955847, -0.001364220050163567, 0.000742885924410075, 0.0003103227645624429, -0.00046494524576701224, -0.0011020158417522907, 0.000994401634670794, -0.0027659540064632893, 0.0019506617682054639], [-0.00018704157264437526, -0.0003213949967175722, -7.412756531266496e-05, 0.0029456489719450474, -0.0009634385933168232, -0.0009929900988936424, 0.0015555855352431536, -7.506945985369384e-05, -0.00042206773650832474, 0.0003481201420072466, 0.0008946223533712327, -0.0001063800445990637, -0.0014941073022782803], [0.00010892013960983604, -0.0004378181474748999, -0.0022799090947955847, -0.0009634385933168232, 0.0071159908547997475, 5.2671963203465566e-05, -0.002777405083179474, 0.0004480397910811007, -0.0013973594177514315, 6.167232641018927e-05, 0.0013017096789553761, -0.0011048178421333432, 1.6483202216477366e-06], [0.00032666203333064914, 0.0008681970648467541, -0.001364220050163567, -0.0009929900988936424, 5.2671963203465566e-05, 0.008838962763547897, -0.003558126976713538, -0.0028867521323263645, 0.004335449542850256, -0.001385854440741241, -0.0023008808493614197, 0.005710785277187824, -0.004511543549597263], [-0.0003780451661441475, -0.0015226614195853472, 0.000742885924410075, 0.0015555855352431536, -0.002777405083179474, -0.003558126976713538, 0.009677685797214508, -0.0028578871861100197, -0.0015220369677990675, 0.002445599529892206, 0.0008004186674952507, -0.003513393923640251, 0.0035779844038188457], [-0.0006603021756745875, 0.0010024175280705094, 0.0003103227645624429, -7.506945985369384e-05, 0.0004480397910811007, -0.0028867521323263645, -0.0028578871861100197, 0.01567307859659195, -0.008804619312286377, 0.0011205963091924787, -0.0012445444008335471, -0.00048093090299516916, -0.000649907800834626], [0.0002834477345459163, -0.0013079727068543434, -0.00046494524576701224, -0.00042206773650832474, -0.0013973594177514315, 0.004335449542850256, -0.0015220369677990675, -0.008804619312286377, 0.02156631276011467, -0.01135610044002533, -0.00011851643648697063, 0.004784873221069574, -0.0028515083249658346], [-0.0006735653150826693, 0.001572407316416502, -0.0011020158417522907, 0.0003481201420072466, 6.167232641018927e-05, -0.001385854440741241, 0.002445599529892206, 0.0011205963091924787, -0.01135610044002533, 0.027305321767926216, -0.011775619350373745, -0.0009489489602856338, 0.003548508044332266], [0.0005235811113379896, -0.003478357568383217, 0.000994401634670794, 0.0008946223533712327, 0.0013017096789553761, -0.0023008808493614197, 0.0008004186674952507, -0.0012445444008335471, -0.00011851643648697063, -0.011775619350373745, 0.027159418910741806, -0.012253970839083195, 0.0026806266978383064], [-0.0002014665660681203, 0.0029251696541905403, -0.0027659540064632893, -0.0001063800445990637, -0.0011048178421333432, 0.005710785277187824, -0.003513393923640251, -0.00048093090299516916, 0.004784873221069574, -0.0009489489602856338, -0.012253970839083195, 0.027900630608201027, -0.012764977291226387], [0.0006152427522465587, -0.001694969949312508, 0.0019506617682054639, -0.0014941073022782803, 1.6483202216477366e-06, -0.004511543549597263, 0.0035779844038188457, -0.000649907800834626, -0.0028515083249658346, 0.003548508044332266, 0.0026806266978383064, -0.012764977291226387, 0.026426851749420166]], "lowlevel.mfcc.cov": [[3123.106689453125, -968.3286743164062, 218.1583251953125, 89.56468963623047, 40.20602035522461, -72.4416732788086, 6.968407154083252, 41.838165283203125, 85.94318389892578, 76.32247161865234, 86.07198333740234, 12.32077407836914, 9.409660339355469], [-968.3286743164062, 1055.6551513671875, -190.37680053710938, -41.27165222167969, -84.30126953125, 5.943904399871826, 49.81242752075195, 30.988149642944336, -10.806291580200195, 48.497406005859375, 47.155906677246094, 38.0897331237793, 2.1924803256988525], [218.1583251953125, -190.37680053710938, 372.1674499511719, 70.88195037841797, 139.86569213867188, 71.02020263671875, 45.87002944946289, 22.591012954711914, 43.67951583862305, -10.583298683166504, 25.008726119995117, 37.12195587158203, 33.215057373046875], [89.56468963623047, -41.27165222167969, 70.88195037841797, 315.1182556152344, 122.26426696777344, 56.92514419555664, -6.666945934295654, 19.331064224243164, 32.90283203125, -13.375635147094727, -2.725266933441162, 21.380212783813477, 28.508596420288086], [40.20602035522461, -84.30126953125, 139.86569213867188, 122.26426696777344, 219.12107849121094, 66.8521728515625, 25.560611724853516, 16.7479305267334, 42.6916618347168, 7.404386520385742, 4.1662702560424805, 22.37549591064453, 21.182889938354492], [-72.4416732788086, 5.943904399871826, 71.02020263671875, 56.92514419555664, 66.8521728515625, 144.26950073242188, 77.24576568603516, 36.64552307128906, 29.849220275878906, 0.5202426910400391, 7.402580261230469, -1.7452113628387451, -7.7064924240112305], [6.968407154083252, 49.81242752075195, 45.87002944946289, -6.666945934295654, 25.560611724853516, 77.24576568603516, 149.4125213623047, 81.92609405517578, 43.59833908081055, 19.61626434326172, 23.993722915649414, 14.897613525390625, 0.1854778379201889], [41.838165283203125, 30.988149642944336, 22.591012954711914, 19.331064224243164, 16.7479305267334, 36.64552307128906, 81.92609405517578, 112.66961669921875, 59.45869445800781, 30.289134979248047, 18.178312301635742, 13.775606155395508, 9.646280288696289], [85.94318389892578, -10.806291580200195, 43.67951583862305, 32.90283203125, 42.6916618347168, 29.849220275878906, 43.59833908081055, 59.45869445800781, 97.56817626953125, 45.99937438964844, 22.31519889831543, 15.73022747039795, 6.611026287078857], [76.32247161865234, 48.497406005859375, -10.583298683166504, -13.375635147094727, 7.404386520385742, 0.5202426910400391, 19.61626434326172, 30.289134979248047, 45.99937438964844, 98.87184143066406, 51.79507827758789, 16.30971336364746, 3.7014005184173584], [86.07198333740234, 47.155906677246094, 25.008726119995117, -2.725266933441162, 4.1662702560424805, 7.402580261230469, 23.993722915649414, 18.178312301635742, 22.31519889831543, 51.79507827758789, 81.1451187133789, 41.268890380859375, 17.083520889282227], [12.32077407836914, 38.0897331237793, 37.12195587158203, 21.380212783813477, 22.37549591064453, -1.7452113628387451, 14.897613525390625, 13.775606155395508, 15.73022747039795, 16.30971336364746, 41.268890380859375, 72.40446472167969, 39.80451965332031], [9.409660339355469, 2.1924803256988525, 33.215057373046875, 28.508596420288086, 21.182889938354492, -7.7064924240112305, 0.1854778379201889, 9.646280288696289, 6.611026287078857, 3.7014005184173584, 17.083520889282227, 39.80451965332031, 73.85409545898438]], "lowlevel.mfcc.icov": [[0.0005433999467641115, 0.0005322673823684454, -0.00011910347529919818, -0.00028451537946239114, 0.0002091396163450554, 0.0005863732658326626, -0.0003214909229427576, -4.998523945687339e-05, -0.00011825472029158846, -0.00025580223882570863, -0.0007729510543867946, 0.00023121843696571887, 0.00016447655798401684], [0.0005322673823684454, 0.001687935902737081, 0.0005540465353988111, -0.0003089288657065481, 0.00040236368658952415, 0.0002556094841565937, -0.0006797654205001891, -0.00015888076450210065, 0.0003185752429999411, -0.0006236741319298744, -0.0009471721132285893, -0.0006502614705823362, 0.00025817492860369384], [-0.00011910347529919818, 0.0005540465353988111, 0.004474255256354809, 0.00043101864866912365, -0.002162522403523326, -0.0010696076788008213, -0.0003943732299376279, 0.0003842944570351392, -0.0011783228255808353, 0.0021238671615719795, -0.001779202139005065, -0.0007533131865784526, -0.0009038600837811828], [-0.00028451537946239114, -0.0003089288657065481, 0.00043101864866912365, 0.00482723256573081, -0.002303581451997161, -0.002064582658931613, 0.002487166551873088, -0.001343052601441741, -0.0008897689403966069, 0.0016636792570352554, 0.00015353455091826618, -0.0007229874609038234, -0.001046926947310567], [0.0002091396163450554, 0.00040236368658952415, -0.002162522403523326, -0.002303581451997161, 0.008345670066773891, -0.001828578650020063, -0.00037774324300698936, 0.0014632921665906906, -0.0014395316829904914, -0.002160237869247794, 0.002321696374565363, -0.001588950282894075, -0.00039503813604824245], [0.0005863732658326626, 0.0002556094841565937, -0.0010696076788008213, -0.002064582658931613, -0.001828578650020063, 0.013235167600214481, -0.006961435545235872, 0.0013041117927059531, -0.0008870571036823094, 0.001131319673731923, -0.002403921214863658, 0.0033552907407283783, 0.0017187766497954726], [-0.0003214909229427576, -0.0006797654205001891, -0.0003943732299376279, 0.002487166551873088, -0.00037774324300698936, -0.006961435545235872, 0.016330596059560776, -0.009841902181506157, 0.00036202563205733895, 0.001540916389785707, -0.0013680791016668081, -0.0019410793902352452, 0.0011578187113627791], [-4.998523945687339e-05, -0.00015888076450210065, 0.0003842944570351392, -0.001343052601441741, 0.0014632921665906906, 0.0013041117927059531, -0.009841902181506157, 0.020245399326086044, -0.008336242288351059, -0.001293502631597221, 0.0014629785437136889, 0.0006433795788325369, -0.002420643577352166], [-0.00011825472029158846, 0.0003185752429999411, -0.0011783228255808353, -0.0008897689403966069, -0.0014395316829904914, -0.0008870571036823094, 0.00036202563205733895, -0.008336242288351059, 0.020662222057580948, -0.00845557264983654, 0.0027737494092434645, -0.002318688202649355, 0.0014695210848003626], [-0.00025580223882570863, -0.0006236741319298744, 0.0021238671615719795, 0.0016636792570352554, -0.002160237869247794, 0.001131319673731923, 0.001540916389785707, -0.001293502631597221, -0.00845557264983654, 0.021825093775987625, -0.013900894671678543, 0.004306604620069265, -8.609353244537488e-05], [-0.0007729510543867946, -0.0009471721132285893, -0.001779202139005065, 0.00015353455091826618, 0.002321696374565363, -0.002403921214863658, -0.0013680791016668081, 0.0014629785437136889, 0.0027737494092434645, -0.013900894671678543, 0.02949978969991207, -0.014105414971709251, 0.0009900459554046392], [0.00023121843696571887, -0.0006502614705823362, -0.0007533131865784526, -0.0007229874609038234, -0.001588950282894075, 0.0033552907407283783, -0.0019410793902352452, 0.0006433795788325369, -0.002318688202649355, 0.004306604620069265, -0.014105414971709251, 0.029292527586221695, -0.011198618449270725], [0.00016447655798401684, 0.00025817492860369384, -0.0009038600837811828, -0.001046926947310567, -0.00039503813604824245, 0.0017187766497954726, 0.0011578187113627791, -0.002420643577352166, 0.0014695210848003626, -8.609353244537488e-05, 0.0009900459554046392, -0.011198618449270725, 0.020607516169548035]], "metadata.audio_properties.analysis.downmix": "mix", "metadata.audio_properties.codec": "mp3", "metadata.audio_properties.md5_encoded": "47f1046f5b55df957ecd966c8dc38b4a", "metadata.tags.file_name": "1182281570573369384.mp3", "metadata.version.essentia": "2.1-beta6-dev", "metadata.version.essentia_git_sha": "v2.1_beta5-1110-g77a6a954", "metadata.version.extractor": "music 2.0", "tonal.chords_key": "D", "tonal.chords_scale": "minor", "tonal.key_edma.key"