{"song_id": "1182269023593955348", "download": "https://cdn.discordapp.com/attachments/1128313332273782784/1182269023593955348/chirp.mp4?ex=658414d4&amp", "lyrics": "Ivan, bljad, jacky dose, 10 tausend Euro couch, Mercedes e klasse, v8", "style": ["rock</span><span>, female vocal</span><span>, bas guitar</span><span>, drum"], "essentia_features": {"lowlevel.average_loudness": 0.677332878112793, "lowlevel.barkbands_crest.mean": 14.555364608764648, "lowlevel.barkbands_crest.stdev": 4.899831295013428, "lowlevel.barkbands_flatness_db.mean": 0.4104265868663788, "lowlevel.barkbands_flatness_db.stdev": 0.09525773674249649, "lowlevel.barkbands_kurtosis.mean": 28.093952178955078, "lowlevel.barkbands_kurtosis.stdev": 86.91468048095703, "lowlevel.barkbands_skewness.mean": 2.710318088531494, "lowlevel.barkbands_skewness.stdev": 3.226546287536621, "lowlevel.barkbands_spread.mean": 4.505486011505127, "lowlevel.barkbands_spread.stdev": 8.596223831176758, "lowlevel.dissonance.mean": 0.37446150183677673, "lowlevel.dissonance.stdev": 0.06865638494491577, "lowlevel.dynamic_complexity": 4.381461143493652, "lowlevel.erbbands_crest.mean": 16.44322395324707, "lowlevel.erbbands_crest.stdev": 6.0559234619140625, "lowlevel.erbbands_flatness_db.mean": 0.42359408736228943, "lowlevel.erbbands_flatness_db.stdev": 0.09014137089252472, "lowlevel.erbbands_kurtosis.mean": 7.680903434753418, "lowlevel.erbbands_kurtosis.stdev": 19.305492401123047, "lowlevel.erbbands_skewness.mean": 1.4803190231323242, "lowlevel.erbbands_skewness.stdev": 1.8117833137512207, "lowlevel.erbbands_spread.mean": 11.700719833374023, "lowlevel.erbbands_spread.stdev": 16.48773193359375, "lowlevel.hfc.mean": 6.563893795013428, "lowlevel.hfc.stdev": 11.095274925231934, "lowlevel.loudness_ebu128.integrated": -24.60210609436035, "lowlevel.loudness_ebu128.loudness_range": 6.778264999389648, "lowlevel.loudness_ebu128.momentary.mean": -26.77744483947754, "lowlevel.loudness_ebu128.momentary.stdev": 4.362277984619141, "lowlevel.loudness_ebu128.short_term.mean": -25.22385025024414, "lowlevel.loudness_ebu128.short_term.stdev": 2.6659629344940186, "lowlevel.melbands_crest.mean": 18.6163387298584, "lowlevel.melbands_crest.stdev": 6.090719699859619, "lowlevel.melbands_flatness_db.mean": 0.48299217224121094, "lowlevel.melbands_flatness_db.stdev": 0.128361776471138, "lowlevel.melbands_kurtosis.mean": 22.79714012145996, "lowlevel.melbands_kurtosis.stdev": 49.882598876953125, "lowlevel.melbands_skewness.mean": 2.6011428833007812, "lowlevel.melbands_skewness.stdev": 2.265900135040283, "lowlevel.melbands_spread.mean": 6.483179569244385, "lowlevel.melbands_spread.stdev": 14.939460754394531, "lowlevel.pitch_salience.mean": 0.46502527594566345, "lowlevel.pitch_salience.stdev": 0.16238291561603546, "lowlevel.silence_rate_20dB.mean": 1.0, "lowlevel.silence_rate_20dB.stdev": 0.0, "lowlevel.silence_rate_30dB.mean": 0.9942362904548645, "lowlevel.silence_rate_30dB.stdev": 0.07569954544305801, "lowlevel.silence_rate_60dB.mean": 0.34870317578315735, "lowlevel.silence_rate_60dB.stdev": 0.476561576128006, "lowlevel.spectral_centroid.mean": 531.0677490234375, "lowlevel.spectral_centroid.stdev": 380.25311279296875, "lowlevel.spectral_complexity.mean": 5.6023054122924805, "lowlevel.spectral_complexity.stdev": 2.655602216720581, "lowlevel.spectral_decrease.mean": -3.537868220604423e-09, "lowlevel.spectral_decrease.stdev": 5.470540465069007e-09, "lowlevel.spectral_energy.mean": 0.013948101550340652, "lowlevel.spectral_energy.stdev": 0.021433424204587936, "lowlevel.spectral_energyband_high.mean": 0.00011146546603413299, "lowlevel.spectral_energyband_high.stdev": 0.0008591191144660115, "lowlevel.spectral_energyband_low.mean": 1.8726545022218488e-05, "lowlevel.spectral_energyband_low.stdev": 8.74284451128915e-05, "lowlevel.spectral_energyband_middle_high.mean": 0.0007158748339861631, "lowlevel.spectral_energyband_middle_high.stdev": 0.0019288150360807776, "lowlevel.spectral_energyband_middle_low.mean": 0.013255861587822437, "lowlevel.spectral_energyband_middle_low.stdev": 0.02081170305609703, "lowlevel.spectral_entropy.mean": 5.797413349151611, "lowlevel.spectral_entropy.stdev": 0.7833589315414429, "lowlevel.spectral_flux.mean": 0.053704265505075455, "lowlevel.spectral_flux.stdev": 0.046037569642066956, "lowlevel.spectral_kurtosis.mean": 109.71470642089844, "lowlevel.spectral_kurtosis.stdev": 80.28097534179688, "lowlevel.spectral_rms.mean": 0.0029836082831025124, "lowlevel.spectral_rms.stdev": 0.0021693273447453976, "lowlevel.spectral_rolloff.mean": 768.0274047851562, "lowlevel.spectral_rolloff.stdev": 1207.75732421875, "lowlevel.spectral_skewness.mean": 6.963338851928711, "lowlevel.spectral_skewness.stdev": 3.6178245544433594, "lowlevel.spectral_spread.mean": 1714284.625, "lowlevel.spectral_spread.stdev": 1879404.75, "lowlevel.spectral_strongpeak.mean": 1.0234178304672241, "lowlevel.spectral_strongpeak.stdev": 0.9377983808517456, "lowlevel.zerocrossingrate.mean": 0.029244810342788696, "lowlevel.zerocrossingrate.stdev": 0.039404723793268204, "metadata.audio_properties.analysis.equal_loudness": 0.0, "metadata.audio_properties.analysis.length": 16.085329055786133, "metadata.audio_properties.analysis.sample_rate": 44100.0, "metadata.audio_properties.analysis.start_time": 0.0, "metadata.audio_properties.bit_rate": 85595.0, "metadata.audio_properties.length": 16.0853328704834, "metadata.audio_properties.lossless": 0.0, "metadata.audio_properties.number_channels": 1.0, "metadata.audio_properties.replay_gain": -5.621564865112305, "metadata.audio_properties.sample_rate": 48000.0, "rhythm.beats_count": 33.0, "rhythm.beats_loudness.mean": 0.019296297803521156, "rhythm.beats_loudness.stdev": 0.027632053941488266, "rhythm.bpm": 131.8773651123047, "rhythm.bpm_histogram_first_peak_bpm": 133.0, "rhythm.bpm_histogram_first_peak_weight": 0.5199999809265137, "rhythm.bpm_histogram_second_peak_bpm": 110.0, "rhythm.bpm_histogram_second_peak_spread": 0.0, "rhythm.bpm_histogram_second_peak_weight": 0.09375, "rhythm.danceability": 0.9560976624488831, "rhythm.onset_rate": 3.7260048389434814, "tonal.chords_changes_rate": 0.06896551698446274, "tonal.chords_number_rate": 0.02298850566148758, "tonal.chords_strength.mean": 0.5797424912452698, "tonal.chords_strength.stdev": 0.07306820154190063, "tonal.hpcp_crest.mean": 14.789163589477539, "tonal.hpcp_crest.stdev": 6.14568567276001, "tonal.hpcp_entropy.mean": 1.7332286834716797, "tonal.hpcp_entropy.stdev": 0.6184297800064087, "tonal.key_edma.strength": 0.562873363494873, "tonal.key_krumhansl.strength": 0.5664085149765015, "tonal.key_temperley.strength": 0.5632410049438477, "tonal.tuning_diatonic_strength": 0.5647485852241516, "tonal.tuning_equal_tempered_deviation": 0.1465555727481842, "tonal.tuning_frequency": 441.5275573730469, "tonal.tuning_nontempered_energy_ratio": 0.7969417572021484, "lowlevel.barkbands.mean": [3.013554987774114e-07, 3.595748125917453e-07, 3.0117485039227176e-06, 7.337924762396142e-05, 0.0020577057730406523, 0.007206920068711042, 0.001199880032800138, 0.0017189932987093925, 0.0006445666658692062, 0.0004700141726061702, 0.00019693477952387184, 0.00013811849930789322, 5.251567927189171e-05, 2.548272823332809e-05, 1.1315007213852368e-05, 8.417606295552105e-06, 1.0080713764182292e-05, 4.2626702452253085e-06, 8.954511940828525e-06, 1.4037245819054078e-05, 1.3537482118408661e-05, 1.474686087021837e-05, 3.3802851248765364e-05, 2.7407097149989568e-05, 1.3350562767300289e-05, 4.841549383627353e-09, 7.162583859354754e-10], "lowlevel.barkbands.stdev": [6.918143071743543e-07, 1.2137743397033773e-06, 1.3445697732095141e-05, 0.0003720960521604866, 0.004597409628331661, 0.01679336279630661, 0.0035948180593550205, 0.006630673073232174, 0.0025236678775399923, 0.0013187832664698362, 0.0008597187115810812, 0.0005773419397883117, 0.0003031649684999138, 0.00013426539953798056, 5.143520684214309e-05, 2.954610863525886e-05, 4.17222581745591e-05, 1.4557361282641068e-05, 3.246803316869773e-05, 0.00011551682837307453, 0.00015181508206296712, 0.00012224267993588, 0.00040177148184739053, 0.00024105508055072278, 0.00013544564717449248, 7.151675873728891e-08, 1.6951071657445027e-09], "lowlevel.erbbands.mean": [1.834045906434767e-05, 0.00019185926066711545, 0.00414569117128849, 0.12084341794252396, 1.1730908155441284, 7.420549392700195, 61.033878326416016, 33.2199592590332, 19.704702377319336, 17.035673141479492, 43.512939453125, 15.258113861083984, 20.78584098815918, 6.804811954498291, 7.038847923278809, 5.303743362426758, 2.805190086364746, 1.524591326713562, 0.8071087598800659, 0.507433295249939, 0.5455610752105713, 0.5253960490226746, 0.22087639570236206, 0.32144051790237427, 0.5633041858673096, 0.637729823589325, 0.7964605689048767, 0.3234744668006897, 0.5176842212677002, 1.0145306587219238, 0.7937036156654358, 0.621495246887207, 0.4409656822681427, 0.26038089394569397, 0.017921509221196175, 0.0005785701796412468, 4.335095945862122e-05, 6.543769814015832e-06, 7.88282704888843e-06, 1.6050280464696698e-05], "lowlevel.erbbands.stdev": [4.213129432173446e-05, 0.00046489835949614644, 0.014178115874528885, 0.5177344679832458, 5.014567852020264, 15.928122520446777, 135.2686004638672, 78.05282592773438, 67.0687484741211, 44.66443634033203, 169.7900848388672, 54.071693420410156, 55.65397644042969, 19.215253829956055, 26.52853775024414, 21.25491714477539, 15.332266807556152, 6.544162750244141, 3.947488784790039, 1.4239145517349243, 1.9995447397232056, 1.9821479320526123, 0.6407464742660522, 1.043113350868225, 2.69144606590271, 4.610185146331787, 9.673856735229492, 2.477813720703125, 3.7374682426452637, 13.402322769165039, 8.449180603027344, 5.7985405921936035, 3.683330535888672, 2.5621297359466553, 0.19513142108917236, 0.006221516523510218, 0.0003582786303013563, 4.70159575343132e-05, 1.4703924534842372e-05, 2.4375887733185664e-05], "lowlevel.gfcc.mean": [-267.9784240722656, 190.89260864257812, -149.88555908203125, -82.81253051757812, -76.78190612792969, -49.836971282958984, -55.582088470458984, -27.442720413208008, -19.1964054107666, -22.54304313659668, -0.6308125257492065, -4.5695271492004395, 14.526110649108887], "lowlevel.melbands.mean": [1.0091620339380825e-07, 1.6960156017375994e-06, 4.559562512440607e-05, 0.0002391791349509731, 0.0016880620969459414, 0.0009174724109470844, 0.00028385446057654917, 0.00020546898304019123, 0.00033993436954915524, 8.303189679281786e-05, 0.00010098306665895507, 2.456670335959643e-05, 2.6303316190023907e-05, 1.563882688060403e-05, 1.0801138159877155e-05, 4.284653641661862e-06, 2.646850134624401e-06, 1.3808189578412566e-06, 7.918120559224917e-07, 5.494862875821127e-07, 6.905595455464208e-07, 6.484575578724616e-07, 2.2023114354396967e-07, 1.9573707277231733e-07, 2.498337892120617e-07, 3.93264969034135e-07, 3.992854828993586e-07, 4.299045883726649e-07, 5.927170718678099e-07, 2.888314725169039e-07, 1.4276686499670177e-07, 2.635503619785595e-07, 3.4952773830809747e-07, 7.057257107589976e-07, 5.055547376286995e-07, 3.174451990162197e-07, 4.312199735068134e-07, 3.154593741783174e-07, 2.978958946187049e-07, 1.871493111593736e-07], "lowlevel.melbands.stdev": [3.191718462858262e-07, 7.219982762762811e-06, 0.00021333878976292908, 0.0006315887439996004, 0.0036053014919161797, 0.0021352118346840143, 0.0009134055580943823, 0.000630647991783917, 0.0013371038949117064, 0.0002996302500832826, 0.00027521609445102513, 7.009621185716242e-05, 0.0001146717622759752, 6.075436976971105e-05, 6.442307494580746e-05, 2.440772186673712e-05, 1.2661888831644319e-05, 7.609614840475842e-06, 3.754186082005617e-06, 1.3433437970888917e-06, 2.74160902336007e-06, 2.655529897310771e-06, 7.155148296078551e-07, 6.565671810676577e-07, 8.398037607548758e-07, 1.5967229956004303e-06, 2.399522145424271e-06, 3.2586576708126813e-06, 7.1908220888872165e-06, 3.5973275771539193e-06, 8.590786251261306e-07, 1.6939324041231885e-06, 3.338792112117517e-06, 9.788618626771495e-06, 5.459479780256515e-06, 3.032711447303882e-06, 4.310068106860854e-06, 2.5875583560264204e-06, 2.69331621893798e-06, 1.9901772247976623e-06], "lowlevel.melbands128.mean": [9.138488366033926e-08, 7.008289770737974e-08, 1.0399995886700708e-07, 1.6034523753205576e-07, 3.5905503636968206e-07, 1.9459780560282525e-06, 1.1922288649657276e-05, 4.907549737254158e-05, 0.00010797046707011759, 0.00016724149463698268, 0.0003243818646296859, 0.0007125192205421627, 0.0025142852682620287, 0.0025480196345597506, 0.0004450094420462847, 0.0003787039895541966, 0.00036543598980642855, 0.000254349026363343, 0.00020779957412742078, 0.00014907003787811846, 0.00018877525872085243, 0.00039833856862969697, 0.0004696237447205931, 0.0001466855319449678, 5.255452197161503e-05, 5.519075057236478e-05, 0.0001202506828121841, 0.00014888988516759127, 4.137672294746153e-05, 1.515919757366646e-05, 2.0215353288222104e-05, 3.680190275190398e-05, 2.84711586573394e-05, 1.8449196431902237e-05, 1.6921003407333046e-05, 1.4459695194091182e-05, 1.3865926121070515e-05, 1.3592464711109642e-05, 6.224126082088333e-06, 5.494748620549217e-06, 3.7535789942921838e-06, 2.749819032032974e-06, 2.850820692401612e-06, 2.7383191536500817e-06, 1.581905394232308e-06, 1.1559361610125052e-06, 1.042527060235443e-06, 7.925038403300277e-07, 6.80313178236247e-07, 6.994814611971378e-07, 4.793458856511279e-07, 4.2810077616195485e-07, 6.631935320910998e-07, 6.972825872253452e-07, 1.0260398539685411e-06, 6.407880732695048e-07, 3.9848683286436426e-07, 2.199408157821381e-07, 1.7501115223694796e-07, 1.6969332250482694e-07, 1.5403458064611186e-07, 2.5029601147252833e-07, 2.8330143209132075e-07, 1.9973049347754568e-07, 2.841872799308476e-07, 3.9731347101223946e-07, 4.80289202187123e-07, 4.1731240685294324e-07, 3.8004628777343896e-07, 3.741652108146809e-07, 3.133762049856159e-07, 5.463592742671608e-07, 6.33971296792879e-07, 6.872535323054763e-07, 4.001518334462162e-07, 3.672875834581646e-07, 1.9097134895673662e-07, 1.478799873666503e-07, 1.3867669679257233e-07, 1.1365085583747714e-07, 2.4690905320312595e-07, 3.2418293471891957e-07, 3.154761998303002e-07, 3.672255957098969e-07, 2.9493691044990555e-07, 5.947189265498309e-07, 9.903308182401815e-07, 7.521363158957683e-07, 4.280821315205685e-07, 3.4719519703685364e-07, 3.6038991879649984e-07, 2.9951144142614794e-07, 2.3353467781817017e-07, 4.977530352334725e-07, 5.138883238942071e-07, 3.9100493154364813e-07, 2.456447703025333e-07, 2.4991726377265877e-07, 2.6983741463482147e-07, 3.6910816447743855e-07, 2.741643641002156e-07, 1.7857892942174658e-07, 4.4164767842858055e-08, 1.49198644550097e-08, 1.1547739431350124e-09, 1.0718399501286058e-09, 4.912298900983103e-10, 1.5740543590769818e-10, 2.2517931963506044e-11, 1.6120743628889045e-11, 1.187716331535471e-11, 9.968916317437682e-12, 7.587186087731901e-12, 6.935257923501581e-12, 5.427617990466649e-12, 5.342292146853778e-12, 5.102564638176377e-12, 3.458906772113579e-12, 3.2072621468370865e-12, 3.097190039158537e-12, 2.9372283685130673e-12, 2.8235072700028008e-12, 2.8001333890470548e-12, 2.734309740431984e-12, 2.5679918261301005e-12, 2.3187322287926415e-12, 2.1817207328939103e-12, 2.153233971333157e-12], "lowlevel.melbands128.stdev": [2.43783290443389e-07, 2.9063309625598777e-07, 4.1620663182584394e-07, 5.64049457807414e-07, 1.6871859997991123e-06, 8.97157678991789e-06, 5.9246012824587524e-05, 0.00026373728178441525, 0.0005929813487455249, 0.0007123416289687157, 0.000984572689048946, 0.001737709972076118, 0.005484993569552898, 0.006854280363768339, 0.0012133182026445866, 0.0017744028009474277, 0.0017357427859678864, 0.0009539502789266407, 0.000539369706530124, 0.0005519193946383893, 0.0010329736396670341, 0.0017954471986740828, 0.0021759942173957825, 0.0009027826599776745, 0.0003701621317304671, 0.00031579373171553016, 0.00035193096846342087, 0.0004668920882977545, 0.00017158595437649637, 3.573661524569616e-05, 7.740622095298022e-05, 0.00021326255227904767, 0.0001735814439598471, 7.874719449318945e-05, 0.00010534976172493771, 6.37603152426891e-05, 8.164821338141337e-05, 0.00011712313425960019, 4.582198380376212e-05, 4.944490865455009e-05, 2.2638647351413965e-05, 1.7371747162542306e-05, 1.647996759857051e-05, 2.1992926122038625e-05, 1.4262971490097698e-05, 5.0020721573673654e-06, 8.90564206201816e-06, 5.78784192839521e-06, 1.0880210083996644e-06, 1.552162984808092e-06, 1.407806280440127e-06, 1.4082888810662553e-06, 3.7759714359708596e-06, 3.2452642244606977e-06, 6.467335879278835e-06, 2.831333176800399e-06, 1.766613422660157e-06, 8.799709121376509e-07, 6.555214326908754e-07, 5.930868951509183e-07, 4.6560845134990814e-07, 1.1100763686044957e-06, 1.188090550385823e-06, 7.429280799442495e-07, 1.086158931684622e-06, 1.7055627949957852e-06, 2.0933252926624846e-06, 3.0199087177607e-06, 2.765417548289406e-06, 1.8016284002442262e-06, 1.8459850252838805e-06, 5.400887403084198e-06, 7.59955901230569e-06, 8.413014256802853e-06, 5.3073772505740635e-06, 5.538222467293963e-06, 1.8242151327285683e-06, 1.2068112482666038e-06, 8.528735975232848e-07, 5.415444093159749e-07, 1.7242170997633366e-06, 1.966671334230341e-06, 2.7738317385228584e-06, 3.092553924943786e-06, 3.2455591281177476e-06, 9.488309842708986e-06, 1.5284378605429083e-05, 8.7490980149596e-06, 4.531595550361089e-06, 3.818146979028825e-06, 3.3723142678354634e-06, 3.0192431950126775e-06, 2.0374097857711604e-06, 5.319683623383753e-06, 5.620267984340899e-06, 3.449376890785061e-06, 1.867562900770281e-06, 2.0558868527587038e-06, 2.3043833152769366e-06, 3.8409302760555875e-06, 3.146013114019297e-06, 1.960127065103734e-06, 5.528691531253571e-07, 2.1047480913694017e-07, 1.494924894984706e-08, 1.9857822053381824e-08, 1.0055970278699533e-08, 3.0404956330443156e-09, 2.845808033669073e-10, 2.1856214060811396e-10, 1.4179028784422343e-10, 1.0908579595181322e-10, 7.146466751706271e-11, 6.310917760599111e-11, 3.761210787267544e-11, 3.832195671904515e-11, 3.722318633880839e-11, 9.323434385644092e-12, 6.797613687214987e-12, 6.319680456029486e-12, 5.625809280235261e-12, 5.323708921617376e-12, 5.222606201671365e-12, 5.134872995554707e-12, 5.0581604876809294e-12, 4.9986486304332e-12, 4.955729836914058e-12, 4.929250584095879e-12], "lowlevel.mfcc.mean": [-889.7525024414062, 218.0767059326172, -20.156354904174805, -52.03148651123047, -31.20586395263672, -39.30307388305664, -42.683319091796875, -26.948684692382812, -24.691757202148438, -25.989421844482422, -22.293197631835938, -16.44493293762207, -10.824137687683105], "lowlevel.spectral_contrast_coeffs.mean": [-0.40913620591163635, -0.7396671772003174, -0.7687588930130005, -0.8493421673774719, -0.7908602952957153, -0.8615429997444153], "lowlevel.spectral_contrast_coeffs.stdev": [0.09215155243873596, 0.08952648937702179, 0.06089983135461807, 0.034275274723768234, 0.03944892808794975, 0.07992345094680786], "lowlevel.spectral_contrast_valleys.mean": [-10.459794998168945, -7.197837829589844, -7.9710822105407715, -9.132755279541016, -11.194412231445312, -13.966560363769531], "lowlevel.spectral_contrast_valleys.stdev": [1.0895909070968628, 0.7262590527534485, 0.6466813683509827, 0.6199358105659485, 1.7219911813735962, 1.834965705871582], "rhythm.beats_loudness_band_ratio.mean": [0.02173897624015808, 0.601955235004425, 0.333642840385437, 0.048192668706178665, 0.003674970008432865, 0.019528750330209732], "rhythm.beats_loudness_band_ratio.stdev": [0.09003028273582458, 0.3149634301662445, 0.28621160984039307, 0.05190334469079971, 0.0034535734448581934, 0.07511616498231888], "tonal.hpcp.mean": [0.06156111881136894, 0.04381609335541725, 0.10989952087402344, 0.12671034038066864, 0.057504817843437195, 0.07176819443702698, 0.09795069694519043, 0.06944383680820465, 0.04584643244743347, 0.030905451625585556, 0.018612800166010857, 0.029233992099761963, 0.059830598533153534, 0.10825745761394501, 0.21947427093982697, 0.25096896290779114, 0.180630162358284, 0.32718348503112793, 0.44603484869003296, 0.23216572403907776, 0.035099878907203674, 0.011275667697191238, 0.013432139530777931, 0.01817135699093342, 0.0218656025826931, 0.026314452290534973, 0.03775523602962494, 0.039796311408281326, 0.08909210562705994, 0.24209065735340118, 0.20223835110664368, 0.05449459329247475, 0.033553361892700195, 0.01793767511844635, 0.026735777035355568, 0.056583255529403687], "tonal.hpcp.stdev": [0.16467460989952087, 0.10048886388540268, 0.21194389462471008, 0.24188654124736786, 0.13430900871753693, 0.17808260023593903, 0.24009159207344055, 0.17429061233997345, 0.15126295387744904, 0.10418053716421127, 0.06370721757411957, 0.10537054389715195, 0.1741977035999298, 0.24316130578517914, 0.33585405349731445, 0.36091455817222595, 0.3129085898399353, 0.3008478879928589, 0.4189569652080536, 0.27196380496025085, 0.11318105459213257, 0.058087922632694244, 0.06970132142305374, 0.07012725621461868, 0.07283688336610794, 0.09881185740232468, 0.12155470252037048, 0.12894728779792786, 0.1583440601825714, 0.3455623388290405, 0.287616103887558, 0.13333357870578766, 0.12575064599514008, 0.06104452535510063, 0.07700072973966599, 0.14614632725715637], "rhythm.beats_position": [0.4527890980243683, 0.9171881675720215, 1.381587266921997, 1.834376335144043, 2.2987754344940186, 2.7515645027160645, 3.2043535709381104, 3.668752670288086, 4.133152008056641, 4.585940837860107, 5.038730144500732, 5.503129005432129, 5.955918312072754, 6.408707141876221, 6.849886417388916, 7.291065692901611, 7.732244968414307, 8.173423767089844, 8.626213073730469, 9.171881675720215, 9.717551231384277, 10.263219833374023, 10.76244831085205, 11.261677742004395, 11.760907173156738, 12.225305557250977, 12.701314926147461, 13.165714263916016, 13.61850357055664, 14.07129192352295, 14.535691261291504, 14.988480567932129, 15.441269874572754], "rhythm.bpm_histogram": [0.0, 0.0, 0.0, 0.0, 0.0, 0.0, 0.0, 0.0, 0.0, 0.0, 0.0, 0.0, 0.0, 0.0, 0.0, 0.0, 0.0, 0.0, 0.0, 0.0, 0.0, 0.0, 0.0, 0.0, 0.0, 0.0, 0.0, 0.0, 0.0, 0.0, 0.0, 0.0, 0.0, 0.0, 0.0, 0.0, 0.0, 0.0, 0.0, 0.0, 0.0, 0.0, 0.0, 0.0, 0.0, 0.0, 0.0, 0.0, 0.0, 0.0, 0.0, 0.0, 0.0, 0.0, 0.0, 0.0, 0.0, 0.0, 0.0, 0.0, 0.0, 0.0, 0.0, 0.0, 0.0, 0.0, 0.0, 0.0, 0.0, 0.0, 0.0, 0.0, 0.0, 0.0, 0.0, 0.0, 0.0, 0.0, 0.0, 0.0, 0.0, 0.0, 0.0, 0.0, 0.0, 0.0, 0.0, 0.0, 0.0, 0.0, 0.0, 0.0, 0.0, 0.0, 0.0, 0.0, 0.0, 0.0, 0.0, 0.0, 0.0, 0.0, 0.0, 0.0, 0.0, 0.0, 0.0, 0.0, 0.0, 0.0, 0.09375, 0.0, 0.0, 0.0, 0.0, 0.0, 0.0, 0.0, 0.0, 0.0, 0.09375, 0.0, 0.0, 0.0, 0.0, 0.0, 0.03125, 0.0, 0.0, 0.28125, 0.0, 0.0, 0.0, 0.375, 0.0, 0.0, 0.125, 0.0, 0.0, 0.0, 0.0, 0.0, 0.0, 0.0, 0.0, 0.0, 0.0, 0.0, 0.0, 0.0, 0.0, 0.0, 0.0, 0.0, 0.0, 0.0, 0.0, 0.0, 0.0, 0.0, 0.0, 0.0, 0.0, 0.0, 0.0, 0.0, 0.0, 0.0, 0.0, 0.0, 0.0, 0.0, 0.0, 0.0, 0.0, 0.0, 0.0, 0.0, 0.0, 0.0, 0.0, 0.0, 0.0, 0.0, 0.0, 0.0, 0.0, 0.0, 0.0, 0.0, 0.0, 0.0, 0.0, 0.0, 0.0, 0.0, 0.0, 0.0, 0.0, 0.0, 0.0, 0.0, 0.0, 0.0, 0.0, 0.0, 0.0, 0.0, 0.0, 0.0, 0.0, 0.0, 0.0, 0.0, 0.0, 0.0, 0.0, 0.0, 0.0, 0.0, 0.0, 0.0, 0.0, 0.0, 0.0, 0.0, 0.0, 0.0, 0.0, 0.0, 0.0, 0.0, 0.0, 0.0, 0.0, 0.0, 0.0, 0.0, 0.0, 0.0, 0.0, 0.0, 0.0, 0.0, 0.0, 0.0, 0.0, 0.0, 0.0, 0.0], "tonal.chords_histogram": [27.298851013183594, 0.0, 0.0, 0.0, 0.0, 0.0, 0.0, 0.0, 2.2988505363464355, 15.517241477966309, 23.56321907043457, 6.896551609039307, 0.0, 0.0, 0.0, 0.0, 6.034482955932617, 0.0, 0.0, 0.0, 4.022988319396973, 0.0, 0.0, 14.367815971374512], "tonal.thpcp": [1.0, 0.5205102562904358, 0.07869312912225723, 0.02527979016304016, 0.03011455200612545, 0.040739770978689194, 0.04902218282222748, 0.05899640545248985, 0.08464638143777847, 0.08922242373228073, 0.19974248111248016, 0.5427617430686951, 0.45341378450393677, 0.12217564135789871, 0.07522587478160858, 0.040215861052274704, 0.05994100496172905, 0.12685836851596832, 0.1380186229944229, 0.09823468327522278, 0.24639223515987396, 0.28408169746398926, 0.12892448902130127, 0.16090266406536102, 0.21960324048995972, 0.1556915044784546, 0.10278666019439697, 0.06928931921720505, 0.04172947630286217, 0.06554194539785385, 0.13413883745670319, 0.24271075427532196, 0.49205633997917175, 0.5626667141914368, 0.4049687087535858, 0.7335379123687744], "lowlevel.gfcc.cov": [[11215.01171875, -3748.786865234375, 308.42236328125, 4617.59375, -2881.627197265625, 1119.3731689453125, 164.18435668945312, -40.58536148071289, -216.170166015625, -286.7156982421875, 538.0299682617188, -676.6416625976562, -200.16026306152344], [-3748.786865234375, 3000.544677734375, -23.485931396484375, -2640.48876953125, 1632.0733642578125, -775.9352416992188, -61.4010009765625, -272.27325439453125, 108.89997863769531, -6.778082847595215, -304.1092224121094, 260.8506774902344, 52.78606414794922], [308.42236328125, -23.485931396484375, 768.11474609375, 226.0994110107422, -21.791122436523438, 59.5721321105957, -160.87596130371094, -80.01793670654297, -132.47386169433594, -48.487239837646484, 36.415687561035156, 31.45195770263672, 59.43910217285156], [4617.59375, -2640.48876953125, 226.0994110107422, 3135.2529296875, -1560.356201171875, 676.7279663085938, 99.28311920166016, 35.79523468017578, -184.35581970214844, -84.05193328857422, 335.61700439453125, -343.842041015625, -85.14899444580078], [-2881.627197265625, 1632.0733642578125, -21.791122436523438, -1560.356201171875, 1135.244873046875, -422.380126953125, -90.62516784667969, -126.95404052734375, 31.497079849243164, 42.129310607910156, -187.42103576660156, 190.52772521972656, 35.36391067504883], [1119.3731689453125, -775.9352416992188, 59.5721321105957, 676.7279663085938, -422.380126953125, 406.3973083496094, -18.17142105102539, 71.56104278564453, -22.105396270751953, -34.3353157043457, 23.330890655517578, -108.54647064208984, -49.335350036621094], [164.18435668945312, -61.4010009765625, -160.87596130371094, 99.28311920166016, -90.62516784667969, -18.17142105102539, 186.37696838378906, 10.905645370483398, 17.33785629272461, -10.782269477844238, -4.864410400390625, -26.216659545898438, -37.51424789428711], [-40.58536148071289, -272.27325439453125, -80.01793670654297, 35.79523468017578, -126.95404052734375, 71.56104278564453, 10.905645370483398, 156.34268188476562, 30.26811981201172, 0.6742230653762817, 3.718181848526001, -6.811262130737305, 0.49070364236831665], [-216.170166015625, 108.89997863769531, -132.47386169433594, -184.35581970214844, 31.497079849243164, -22.105396270751953, 17.33785629272461, 30.26811981201172, 102.86426544189453, 19.38667869567871, -35.35478210449219, -5.188420295715332, -30.026105880737305], [-286.7156982421875, -6.778082847595215, -48.487239837646484, -84.05193328857422, 42.129310607910156, -34.3353157043457, -10.782269477844238, 0.6742230653762817, 19.38667869567871, 85.70865631103516, 11.390165328979492, 12.937013626098633, -8.808245658874512], [538.0299682617188, -304.1092224121094, 36.415687561035156, 335.61700439453125, -187.42103576660156, 23.330890655517578, -4.864410400390625, 3.718181848526001, -35.35478210449219, 11.390165328979492, 136.51161193847656, -6.6814117431640625, 13.173333168029785], [-676.6416625976562, 260.8506774902344, 31.45195770263672, -343.842041015625, 190.52772521972656, -108.54647064208984, -26.216659545898438, -6.811262130737305, -5.188420295715332, 12.937013626098633, -6.6814117431640625, 105.84984588623047, 45.11281204223633], [-200.16026306152344, 52.78606414794922, 59.43910217285156, -85.14899444580078, 35.36391067504883, -49.335350036621094, -37.51424789428711, 0.49070364236831665, -30.026105880737305, -8.808245658874512, 13.173333168029785, 45.11281204223633, 79.0212631225586]], "lowlevel.gfcc.icov": [[0.0005069010658189654, -0.0003942211624234915, 0.00014860104420222342, -0.00020145613234490156, 0.0014381236396729946, -4.1435148887103423e-05, 0.0005545526510104537, 0.0006363116553984582, 0.0005632431129924953, 0.0008134125964716077, -0.00040927069494500756, 0.0006071419338695705, 0.0008346126414835453], [-0.0003942211624234915, 0.007204863242805004, -0.0012932363897562027, 0.0040528057143092155, -0.00508288387209177, 0.0036397792864590883, -0.0016728151822462678, 0.006038272753357887, -0.0032938180956989527, 0.00626862607896328, -0.0009504458284936845, 0.0051908111199736595, -0.00011384380195522681], [0.00014860104420222342, -0.0012932363897562027, 0.0024794009514153004, -0.0007918023620732129, 0.0014824973186478019, -0.000599193328525871, 0.002281293971464038, -9.56973381107673e-05, 0.0028257546946406364, -5.507954938366311e-06, 0.0006076754070818424, -0.0020118607208132744, 0.0006885171169415116], [-0.00020145613234490156, 0.0040528057143092155, -0.0007918023620732129, 0.004078275058418512, -0.0010994431795552373, 0.0014880209928378463, -0.0010101543739438057, 0.004369386006146669, 0.00017975408991333097, 0.00374268414452672, -0.002010785276070237, 0.0048543233424425125, 0.0007363036856986582], [0.0014381236396729946, -0.00508288387209177, 0.0014824973186478019, -0.0010994431795552373, 0.011148913763463497, -0.0004252640064805746, 0.004267169628292322, 1.7320104234386235e-05, 0.006504207383841276, -0.001607227954082191, 0.001976296305656433, -0.003407515352591872, 0.005417208187282085], [-4.1435148887103423e-05, 0.0036397792864590883, -0.000599193328525871, 0.0014880209928378463, -0.0004252640064805746, 0.008220120333135128, 0.002031367039307952, 0.0014131504576653242, 0.0004117372154723853, 0.004520042799413204, 0.0023187329061329365, 0.003427488263696432, 0.004112772177904844], [0.0005545526510104537, -0.0016728151822462678, 0.002281293971464038, -0.0010101543739438057, 0.004267169628292322, 0.002031367039307952, 0.009911970235407352, -0.0003997525491286069, 0.003671882441267371, 0.0018490792717784643, 0.001934235217049718, -0.0020380488131195307, 0.006226690951734781], [0.0006363116553984582, 0.006038272753357887, -9.56973381107673e-05, 0.004369386006146669, 1.7320104234386235e-05, 0.0014131504576653242, -0.0003997525491286069, 0.016316518187522888, -0.003557247808203101, 0.007601257413625717, -0.0018025207100436091, 0.0044852932915091515, 0.00017731775005813688], [0.0005632431129924953, -0.0032938180956989527, 0.0028257546946406364, 0.00017975408991333097, 0.006504207383841276, 0.0004117372154723853, 0.003671882441267371, -0.003557247808203101, 0.021024568006396294, -0.003263615071773529, 0.0031673198100179434, -0.0011655379785224795, 0.008569089695811272], [0.0008134125964716077, 0.00626862607896328, -5.507954938366311e-06, 0.00374268414452672, -0.001607227954082191, 0.004520042799413204, 0.0018490792717784643, 0.007601257413625717, -0.003263615071773529, 0.022519370540976524, -0.004587764851748943, 0.004810203332453966, 0.005570645444095135], [-0.00040927069494500756, -0.0009504458284936845, 0.0006076754070818424, -0.002010785276070237, 0.001976296305656433, 0.0023187329061329365, 0.001934235217049718, -0.0018025207100436091, 0.0031673198100179434, -0.004587764851748943, 0.014911716803908348, -0.00624800194054842, 0.00024026962637435645], [0.0006071419338695705, 0.0051908111199736595, -0.0020118607208132744, 0.0048543233424425125, -0.003407515352591872, 0.003427488263696432, -0.0020380488131195307, 0.0044852932915091515, -0.0011655379785224795, 0.004810203332453966, -0.00624800194054842, 0.02857518196105957, -0.007694602012634277], [0.0008346126414835453, -0.00011384380195522681, 0.0006885171169415116, 0.0007363036856986582, 0.005417208187282085, 0.004112772177904844, 0.006226690951734781, 0.00017731775005813688, 0.008569089695811272, 0.005570645444095135, 0.00024026962637435645, -0.007694602012634277, 0.026448504999279976]], "lowlevel.mfcc.cov": [[9232.00390625, -4045.609375, 1228.0948486328125, 2450.079833984375, -775.8048095703125, 275.9258117675781, 844.770751953125, 232.27621459960938, -239.24307250976562, 350.1478576660156, 137.0217742919922, 220.37112426757812, 200.1709747314453], [-4045.609375, 3839.793701171875, -921.5560913085938, -1483.3515625, 401.3417663574219, -132.20199584960938, -578.9700317382812, -159.07135009765625, 25.256277084350586, -293.5288391113281, -142.54307556152344, -177.32073974609375, -115.21209716796875], [1228.0948486328125, -921.5560913085938, 716.7410278320312, 461.5887756347656, -13.697375297546387, 76.03117370605469, 161.4838104248047, 9.437909126281738, -50.433109283447266, -21.17097282409668, -15.6605863571167, -6.75070858001709, -21.892499923706055], [2450.079833984375, -1483.3515625, 461.5887756347656, 1257.2532958984375, -200.74612426757812, 85.0320816040039, 395.68695068359375, 14.799365043640137, -146.29754638671875, 67.45679473876953, 5.36982536315918, 81.95132446289062, 21.34660530090332], [-775.8048095703125, 401.3417663574219, -13.697375297546387, -200.74612426757812, 290.34283447265625, 50.730140686035156, -89.22411346435547, -47.38846206665039, -30.960830688476562, -51.67652130126953, -50.12470626831055, -55.29131317138672, -30.059368133544922], [275.9258117675781, -132.20199584960938, 76.03117370605469, 85.0320816040039, 50.730140686035156, 177.0037384033203, 32.98169708251953, 10.775219917297363, -6.255945205688477, 17.550180435180664, -12.08096694946289, 0.14852380752563477, 10.864437103271484], [844.770751953125, -578.9700317382812, 161.4838104248047, 395.68695068359375, -89.22411346435547, 32.98169708251953, 236.89134216308594, 37.65627670288086, -46.25167465209961, 36.57685089111328, 15.173946380615234, 28.390464782714844, 8.055338859558105], [232.27621459960938, -159.07135009765625, 9.437909126281738, 14.799365043640137, -47.38846206665039, 10.775219917297363, 37.65627670288086, 120.22589874267578, 50.309722900390625, 37.6505241394043, 11.274728775024414, 12.340786933898926, 22.98126220703125], [-239.24307250976562, 25.256277084350586, -50.433109283447266, -146.29754638671875, -30.960830688476562, -6.255945205688477, -46.25167465209961, 50.309722900390625, 115.53483581542969, 40.95415496826172, 20.598648071289062, -2.2422361373901367, 5.67821741104126], [350.1478576660156, -293.5288391113281, -21.17097282409668, 67.45679473876953, -51.67652130126953, 17.550180435180664, 36.57685089111328, 37.6505241394043, 40.95415496826172, 125.73583221435547, 42.08958435058594, 35.738372802734375, 40.161338806152344], [137.0217742919922, -142.54307556152344, -15.6605863571167, 5.36982536315918, -50.12470626831055, -12.08096694946289, 15.173946380615234, 11.274728775024414, 20.598648071289062, 42.08958435058594, 86.53495788574219, 39.02882766723633, 24.70461082458496], [220.37112426757812, -177.32073974609375, -6.75070858001709, 81.95132446289062, -55.29131317138672, 0.14852380752563477, 28.390464782714844, 12.340786933898926, -2.2422361373901367, 35.738372802734375, 39.02882766723633, 71.84362030029297, 39.84709930419922], [200.1709747314453, -115.21209716796875, -21.892499923706055, 21.34660530090332, -30.059368133544922, 10.864437103271484, 8.055338859558105, 22.98126220703125, 5.67821741104126, 40.161338806152344, 24.70461082458496, 39.84709930419922, 83.86912536621094]], "lowlevel.mfcc.icov": [[0.0003928866353817284, 8.392055315198377e-05, -0.00027784399571828544, -0.0003971962141804397, 0.0007709948695264757, -0.00038629976916126907, 0.00033269988489337265, -0.0005534985102713108, 0.0010223360732197762, -0.0006154414732009172, -0.00023935928766150028, 0.0006565428921021521, -0.0003637007321231067], [8.392055315198377e-05, 0.0008768137195147574, 0.0006899956497363746, 0.00043429984361864626, -6.35056640021503e-05, -0.00012695472105406225, 0.0004950892762281001, 5.721299385186285e-05, 0.0005411305464804173, 0.001053782063536346, 0.00038625780143775046, 0.0004225682350806892, 0.00014843336248304695], [-0.00027784399571828544, 0.0006899956497363746, 0.0028920562472194433, -8.197648276109248e-05, -0.0011056553339585662, -0.00021796410146635026, -0.0002818778739310801, 0.0004217661335133016, -0.0010765878250822425, 0.002438833238556981, 0.00011863988038385287, 0.0004804777854587883, 0.0005720432382076979], [-0.0003971962141804397, 0.00043429984361864626, -8.197648276109248e-05, 0.003153957426548004, 8.682293264428154e-05, -6.477213901234791e-05, -0.002622301457449794, 0.001186853856779635, 0.0010254840599372983, 0.00020330899860709906, 0.0017523409333080053, -0.0019537238404154778, 0.0009318771190010011], [0.0007709948695264757, -6.35056640021503e-05, -0.0011056553339585662, 8.682293264428154e-05, 0.007396213710308075, -0.0028067496605217457, 0.0017696600407361984, -0.0005601031007245183, 0.004725390113890171, -0.002017719205468893, 0.000538014923222363, 0.00344498036429286, -0.0003890804364345968], [-0.00038629976916126907, -0.00012695472105406225, -0.00021796410146635026, -6.477213901234791e-05, -0.0028067496605217457, 0.007378259673714638, -0.0010145946871489286, 0.00019515397434588522, -0.0018268031999468803, -0.00047125035780481994, 0.0012365232687443495, -0.0009471665252931416, -0.0007754764519631863], [0.00033269988489337265, 0.0004950892762281001, -0.0002818778739310801, -0.002622301457449794, 0.0017696600407361984, -0.0010145946871489286, 0.011271384544670582, -0.0041694496758282185, 0.0046958159655332565, -0.0014642421156167984, -0.0017921661492437124, 0.0019163958495482802, 0.0013061529025435448], [-0.0005534985102713108, 5.721299385186285e-05, 0.0004217661335133016, 0.001186853856779635, -0.0005601031007245183, 0.00019515397434588522, -0.0041694496758282185, 0.013745780102908611, -0.00788684468716383, 0.0008459925884380937, 0.002312188735231757, -0.0012416602112352848, -0.0023467466235160828], [0.0010223360732197762, 0.0005411305464804173, -0.0010765878250822425, 0.0010254840599372983, 0.004725390113890171, -0.0018268031999468803, 0.0046958159655332565, -0.00788684468716383, 0.020863676443696022, -0.006988178938627243, -0.0024212237913161516, 0.004433949012309313, 0.0019420398166403174], [-0.0006154414732009172, 0.001053782063536346, 0.002438833238556981, 0.00020330899860709906, -0.002017719205468893, -0.00047125035780481994, -0.0014642421156167984, 0.0008459925884380937, -0.006988178938627243, 0.016488132998347282, -0.002545222407206893, -0.002027615439146757, -0.0029612339567393064], [-0.00023935928766150028, 0.00038625780143775046, 0.00011863988038385287, 0.0017523409333080053, 0.000538014923222363, 0.0012365232687443495, -0.0017921661492437124, 0.002312188735231757, -0.0024212237913161516, -0.002545222407206893, 0.018621232360601425, -0.008650294505059719, 0.0002655268763191998], [0.0006565428921021521, 0.0004225682350806892, 0.0004804777854587883, -0.0019537238404154778, 0.00344498036429286, -0.0009471665252931416, 0.0019163958495482802, -0.0012416602112352848, 0.004433949012309313, -0.002027615439146757, -0.008650294505059719, 0.02818039432168007, -0.009020239114761353], [-0.0003637007321231067, 0.00014843336248304695, 0.0005720432382076979, 0.0009318771190010011, -0.0003890804364345968, -0.0007754764519631863, 0.0013061529025435448, -0.0023467466235160828, 0.0019420398166403174, -0.0029612339567393064, 0.0002655268763191998, -0.009020239114761353, 0.01887994445860386]], "metadata.audio_properties.analysis.downmix": "mix", "metadata.audio_properties.codec": "mp3", "metadata.audio_properties.md5_encoded": "b3cd016e6ac182691695e3d4e785d871", "metadata.tags.file_name": "1182269023593955348.mp3", "metadata.version.essentia": "2.1-beta6-dev", "metadata.version.essentia_git_sha": "v2.1_beta5-1110-g77a6a954", "metadata.version.extractor": "music 2.0", "tonal.chords_key": "Eb", "tonal.chords_scale": "major", "tonal.key_edma.key": "Eb", "tonal.key_edma.scale": "major", "tonal.key_krumhansl.key": "Eb", "tonal.key_krumhansl.scale": "major", "tonal.key_temperley.key": "Eb", "tonal.key_temperley.scale": "major", "metadata.tags.encoding": ["Lavf58.45.100"]}, "essentia_models": [{"model_name": "genre_dortmund", "activations": {"alternative": "0.045841593", "blues": "0.023225756", "electronic": "0.6738862", "folkcountry": "0.009831805", "funksoulrnb": "0.02642012", "jazz": "0.17295793", "pop": "0.04523416", "raphiphop": "0.21596602", "rock": "0.017148107"}}, {"model_name": "genre_rosamerica", "activations": {"classic": "0.4825973", "dance": "0.061918117", "hip hop": "0.056786276", "jazz": "0.06421352", "pop": "0.015114138", "rhythm and blues": "0.008686144", "rock": "0.012637575", "speech": "0.27241403"}}, {"model_name": "genre_tzanetakis", "activations": {"blues": "0.029462153", "classic": "0.5287506", "country": "0.016024161", "disco": "0.016768603", "hip hop": "0.15805694", "jazz": "0.0