{"song_id": "1182269411424481310", "download": "https://cdn.discordapp.com/attachments/1128313332273782784/1182269411424481310/chirp.mp4?ex=65841531&amp", "lyrics": "deeznuts deeznuts deeznuts ligma ligma ligma balls\ndeeeeznuts ye, ye. \ndragon? draggin deeznuts ye\ndeeznuts deeznuts deeznuts ligma ligma ligma balls", "style": ["rap"], "essentia_features": {"lowlevel.average_loudness": 0.9472551345825195, "lowlevel.barkbands_crest.mean": 16.859302520751953, "lowlevel.barkbands_crest.stdev": 5.731969356536865, "lowlevel.barkbands_flatness_db.mean": 0.19210322201251984, "lowlevel.barkbands_flatness_db.stdev": 0.06955630332231522, "lowlevel.barkbands_kurtosis.mean": 34.15605545043945, "lowlevel.barkbands_kurtosis.stdev": 60.260093688964844, "lowlevel.barkbands_skewness.mean": 4.073034763336182, "lowlevel.barkbands_skewness.stdev": 3.2886924743652344, "lowlevel.barkbands_spread.mean": 21.472375869750977, "lowlevel.barkbands_spread.stdev": 19.68964195251465, "lowlevel.dissonance.mean": 0.4498101770877838, "lowlevel.dissonance.stdev": 0.032966792583465576, "lowlevel.dynamic_complexity": 2.82114839553833, "lowlevel.erbbands_crest.mean": 10.760628700256348, "lowlevel.erbbands_crest.stdev": 5.317876815795898, "lowlevel.erbbands_flatness_db.mean": 0.11377432197332382, "lowlevel.erbbands_flatness_db.stdev": 0.03367224708199501, "lowlevel.erbbands_kurtosis.mean": 1.4041448831558228, "lowlevel.erbbands_kurtosis.stdev": 3.0432217121124268, "lowlevel.erbbands_skewness.mean": 0.7516742944717407, "lowlevel.erbbands_skewness.stdev": 0.9642245769500732, "lowlevel.erbbands_spread.mean": 59.620384216308594, "lowlevel.erbbands_spread.stdev": 31.91831398010254, "lowlevel.hfc.mean": 35.666133880615234, "lowlevel.hfc.stdev": 27.420730590820312, "lowlevel.loudness_ebu128.integrated": -13.332415580749512, "lowlevel.loudness_ebu128.loudness_range": 2.4887428283691406, "lowlevel.loudness_ebu128.momentary.mean": -13.7703857421875, "lowlevel.loudness_ebu128.momentary.stdev": 2.1751251220703125, "lowlevel.loudness_ebu128.short_term.mean": -13.574085235595703, "lowlevel.loudness_ebu128.short_term.stdev": 0.8786269426345825, "lowlevel.melbands_crest.mean": 25.352785110473633, "lowlevel.melbands_crest.stdev": 7.684971332550049, "lowlevel.melbands_flatness_db.mean": 0.28479936718940735, "lowlevel.melbands_flatness_db.stdev": 0.0875191017985344, "lowlevel.melbands_kurtosis.mean": 89.11832427978516, "lowlevel.melbands_kurtosis.stdev": 136.5298614501953, "lowlevel.melbands_skewness.mean": 6.107436180114746, "lowlevel.melbands_skewness.stdev": 4.498626232147217, "lowlevel.melbands_spread.mean": 14.16126537322998, "lowlevel.melbands_spread.stdev": 18.434385299682617, "lowlevel.pitch_salience.mean": 0.3511570692062378, "lowlevel.pitch_salience.stdev": 0.16232158243656158, "lowlevel.silence_rate_20dB.mean": 0.9970458149909973, "lowlevel.silence_rate_20dB.stdev": 0.05427222326397896, "lowlevel.silence_rate_30dB.mean": 0.6425406336784363, "lowlevel.silence_rate_30dB.stdev": 0.4792512357234955, "lowlevel.silence_rate_60dB.mean": 0.002954209689050913, "lowlevel.silence_rate_60dB.stdev": 0.05427206680178642, "lowlevel.spectral_centroid.mean": 1210.2747802734375, "lowlevel.spectral_centroid.stdev": 779.3192138671875, "lowlevel.spectral_complexity.mean": 11.540620803833008, "lowlevel.spectral_complexity.stdev": 6.272507190704346, "lowlevel.spectral_decrease.mean": -2.1066048461193532e-08, "lowlevel.spectral_decrease.stdev": 1.5819651366655307e-08, "lowlevel.spectral_energy.mean": 0.08274321258068085, "lowlevel.spectral_energy.stdev": 0.060132719576358795, "lowlevel.spectral_energyband_high.mean": 0.0022891166154295206, "lowlevel.spectral_energyband_high.stdev": 0.002526047872379422, "lowlevel.spectral_energyband_low.mean": 0.0625191405415535, "lowlevel.spectral_energyband_low.stdev": 0.05982512980699539, "lowlevel.spectral_energyband_middle_high.mean": 0.004479565192013979, "lowlevel.spectral_energyband_middle_high.stdev": 0.007216885220259428, "lowlevel.spectral_energyband_middle_low.mean": 0.013856965117156506, "lowlevel.spectral_energyband_middle_low.stdev": 0.017077632248401642, "lowlevel.spectral_entropy.mean": 7.844099998474121, "lowlevel.spectral_entropy.stdev": 0.41186991333961487, "lowlevel.spectral_flux.mean": 0.103163942694664, "lowlevel.spectral_flux.stdev": 0.06862831115722656, "lowlevel.spectral_kurtosis.mean": 2.0364038944244385, "lowlevel.spectral_kurtosis.stdev": 1.4872814416885376, "lowlevel.spectral_rms.mean": 0.008340313099324703, "lowlevel.spectral_rms.stdev": 0.003341283416375518, "lowlevel.spectral_rolloff.mean": 913.712890625, "lowlevel.spectral_rolloff.stdev": 1864.4381103515625, "lowlevel.spectral_skewness.mean": 1.3481074571609497, "lowlevel.spectral_skewness.stdev": 0.3999791741371155, "lowlevel.spectral_spread.mean": 8280127.5, "lowlevel.spectral_spread.stdev": 1559683.125, "lowlevel.spectral_strongpeak.mean": 0.9481834173202515, "lowlevel.spectral_strongpeak.stdev": 1.14601731300354, "lowlevel.zerocrossingrate.mean": 0.058334823697805405, "lowlevel.zerocrossingrate.stdev": 0.0471411868929863, "metadata.audio_properties.analysis.equal_loudness": 0.0, "metadata.audio_properties.analysis.length": 15.679977416992188, "metadata.audio_properties.analysis.sample_rate": 44100.0, "metadata.audio_properties.analysis.start_time": 0.0, "metadata.audio_properties.bit_rate": 121490.0, "metadata.audio_properties.length": 15.680000305175781, "metadata.audio_properties.lossless": 0.0, "metadata.audio_properties.number_channels": 1.0, "metadata.audio_properties.replay_gain": -11.37493896484375, "metadata.audio_properties.sample_rate": 48000.0, "rhythm.beats_count": 25.0, "rhythm.beats_loudness.mean": 0.11217767000198364, "rhythm.beats_loudness.stdev": 0.06461913883686066, "rhythm.bpm": 96.91544342041016, "rhythm.bpm_histogram_first_peak_bpm": 98.0, "rhythm.bpm_histogram_first_peak_weight": 0.375, "rhythm.bpm_histogram_second_peak_bpm": 0.0, "rhythm.bpm_histogram_second_peak_spread": 0.0, "rhythm.bpm_histogram_second_peak_weight": 0.0, "rhythm.danceability": 1.110041618347168, "rhythm.onset_rate": 4.969200611114502, "tonal.chords_changes_rate": 0.0914454311132431, "tonal.chords_number_rate": 0.02064896747469902, "tonal.chords_strength.mean": 0.4750802516937256, "tonal.chords_strength.stdev": 0.09510541707277298, "tonal.hpcp_crest.mean": 14.783502578735352, "tonal.hpcp_crest.stdev": 5.702729225158691, "tonal.hpcp_entropy.mean": 1.6903486251831055, "tonal.hpcp_entropy.stdev": 0.6126817464828491, "tonal.key_edma.strength": 0.5384694337844849, "tonal.key_krumhansl.strength": 0.5490577220916748, "tonal.key_temperley.strength": 0.5654878616333008, "tonal.tuning_diatonic_strength": 0.5989148020744324, "tonal.tuning_equal_tempered_deviation": 0.2726997435092926, "tonal.tuning_frequency": 434.193115234375, "tonal.tuning_nontempered_energy_ratio": 0.9696700572967529, "lowlevel.barkbands.mean": [0.005715988576412201, 0.05254371464252472, 0.004090490285307169, 0.0007393312407657504, 0.0016647023148834705, 0.0070563629269599915, 0.0008929802570492029, 0.0007869403343647718, 0.002140324329957366, 0.0008382759988307953, 0.0011400042567402124, 0.000569176219869405, 0.0008303670911118388, 0.00022184604313224554, 0.0006854382227174938, 0.00013945654791314155, 0.0001325417688349262, 0.0001020024428726174, 8.392090967390686e-05, 0.0001563094847369939, 0.00017627810302656144, 0.0004131841997150332, 0.00038445572135969996, 0.0002928506291937083, 0.00047113202163018286, 0.00046292386832647026, 1.2233303095854353e-05], "lowlevel.barkbands.stdev": [0.007358826696872711, 0.053346212953329086, 0.008197015151381493, 0.0015956240240484476, 0.0034966457169502974, 0.014803812839090824, 0.0017562794964760542, 0.002417913870885968, 0.004033582750707865, 0.0025875531136989594, 0.0032318569719791412, 0.0021369068417698145, 0.0028744006995111704, 0.0006750936154276133, 0.0014729476533830166, 0.0003671690938062966, 0.00029140914557501674, 0.0002000563108595088, 0.00010225946607533842, 0.00018688086129259318, 0.00023303971101995558, 0.000709004292730242, 0.0005029922467656434, 0.0003944020136259496, 0.0005929649341851473, 0.0004447429964784533, 2.296495222253725e-05], "lowlevel.erbbands.mean": [2.6477982997894287, 7.198675155639648, 5.776576519012451, 3.2899372577667236, 3.2474007606506348, 5.564242362976074, 42.777706146240234, 50.64094924926758, 12.186588287353516, 13.702354431152344, 27.784772872924805, 53.4336051940918, 37.77857971191406, 20.031015396118164, 48.15766906738281, 26.908889770507812, 38.233375549316406, 19.354040145874023, 28.66240692138672, 20.9642276763916, 8.289087295532227, 7.6588826179504395, 5.734872341156006, 4.673527240753174, 5.234644412994385, 7.216716766357422, 6.416362762451172, 7.969911098480225, 13.895174980163574, 15.717005729675293, 9.746728897094727, 5.8402204513549805, 5.286044597625732, 4.544780731201172, 3.708592414855957, 2.211465835571289, 0.8223551511764526, 0.10716953128576279, 0.0023396422620862722, 0.0001745138579281047], "lowlevel.erbbands.stdev": [2.696143388748169, 8.476027488708496, 10.664008140563965, 6.428503513336182, 8.12916374206543, 13.910929679870605, 98.1742935180664, 125.70943450927734, 22.046419143676758, 23.42607879638672, 71.74874877929688, 112.01985931396484, 97.34735107421875, 53.943450927734375, 142.5060272216797, 94.73223114013672, 125.03211212158203, 47.37742614746094, 56.737266540527344, 52.516334533691406, 17.832162857055664, 16.040796279907227, 11.850561141967773, 6.600008964538574, 6.4476399421691895, 8.614538192749023, 7.691640853881836, 11.575648307800293, 25.938472747802734, 23.98129653930664, 12.269841194152832, 7.702138423919678, 7.255445957183838, 6.334705829620361, 4.533432483673096, 2.358163833618164, 0.7862897515296936, 0.10915668308734894, 0.0025627261493355036, 0.00010290939098922536], "lowlevel.gfcc.mean": [27.05237579345703, 48.687828063964844, -61.55241394042969, 27.77356719970703, -54.62264633178711, 36.963417053222656, -23.015460968017578, 26.370773315429688, -9.566398620605469, 29.08199691772461, -13.854970932006836, 15.805740356445312, -11.186281204223633], "lowlevel.melbands.mean": [0.018202614039182663, 0.0046656159684062, 0.0005746452370658517, 0.0002772329899016768, 0.0012042149901390076, 0.0011526845628395677, 0.0001879436313174665, 0.00013751001097261906, 0.00024946313351392746, 0.00034434112603776157, 0.0001754556578816846, 6.831440259702504e-05, 0.00014980601554270834, 8.941663691075519e-05, 5.59517320652958e-05, 9.762747504282743e-05, 2.5425593776162714e-05, 3.937461951863952e-05, 4.984271072316915e-05, 1.2638092812267132e-05, 8.651622920297086e-06, 8.689109563420061e-06, 5.6022890930762514e-06, 4.211003670206992e-06, 3.728216370291193e-06, 3.038500153706991e-06, 5.090635113447206e-06, 4.691646608989686e-06, 3.6968378935853252e-06, 4.2872466110566165e-06, 4.638465725292917e-06, 7.2918801379273646e-06, 9.164079529000446e-06, 8.77419370226562e-06, 5.951322691544192e-06, 4.137577434448758e-06, 3.3128117138403468e-06, 3.6110698147240328e-06, 3.828323315246962e-06, 3.820301571977325e-06], "lowlevel.melbands.stdev": [0.018318748101592064, 0.006245261523872614, 0.0010817173169925809, 0.0007031054701656103, 0.002613924676552415, 0.0026309043169021606, 0.00034619486541487277, 0.00023080676328390837, 0.0006090296665206552, 0.0007475879974663258, 0.0004804729833267629, 0.0002162685850635171, 0.0004397084121592343, 0.00028428478981368244, 0.00018149851530324668, 0.0003673586470540613, 7.566021668026224e-05, 8.43229063320905e-05, 0.00013331540685612708, 3.188826303812675e-05, 2.202140422014054e-05, 1.939944559126161e-05, 1.2782397789123934e-05, 7.287196694960585e-06, 5.598293228104012e-06, 3.7815666473761667e-06, 7.255454420374008e-06, 5.96127392782364e-06, 4.417406671564095e-06, 5.986282303638291e-06, 6.969443347770721e-06, 1.3832703189109452e-05, 1.6873855201993138e-05, 1.3105580364936031e-05, 7.813267984602135e-06, 5.087795670988271e-06, 4.776357855007518e-06, 5.2210707508493215e-06, 5.382317340263398e-06, 5.4825300139782485e-06], "lowlevel.melbands128.mean": [0.005427272990345955, 0.0254716444760561, 0.02144896425306797, 0.008708825334906578, 0.0034401346929371357, 0.001672982587479055, 0.000637634249869734, 0.00031878691515885293, 0.0003369581827428192, 0.0002568100462667644, 0.0002267324598506093, 0.00040245664422400296, 0.0015381986740976572, 0.002186313970014453, 0.001433854573406279, 0.00043914493289776146, 0.00010561296221567318, 0.0001445134839741513, 0.0003075968998018652, 0.00011929548054467887, 6.37420525890775e-05, 0.0001313659449806437, 0.00034088498796336353, 0.00028324974118731916, 0.0003317490336485207, 0.000444377597887069, 0.0001537826465209946, 0.0002382269303780049, 7.53048007027246e-05, 4.5989054342499e-05, 7.512190495617688e-05, 9.410690836375579e-05, 0.0001358696463285014, 0.000257145962677896, 5.534191586775705e-05, 7.034504960756749e-05, 7.135262421797961e-05, 5.1656195864779875e-05, 3.976303923991509e-05, 0.00010359843872720376, 0.00014789323904551566, 1.6390016753575765e-05, 2.6242978492518887e-05, 3.0393686756724492e-05, 1.1412344974814914e-05, 5.228040390647948e-05, 5.3039140766486526e-05, 6.957096047699451e-05, 3.918740549124777e-05, 1.1539750630618073e-05, 1.1260202882112935e-05, 1.1116092537122313e-05, 7.526135959778912e-06, 9.038013558892999e-06, 8.214441550080664e-06, 1.1067158084188122e-05, 6.4340174503740855e-06, 3.753513965421007e-06, 6.764917543478077e-06, 6.331902568490477e-06, 2.9062996418360854e-06, 3.0947962841310073e-06, 5.903959845454665e-06, 2.8721469789161347e-06, 2.3617462829861324e-06, 3.1889874207990943e-06, 3.135063252557302e-06, 3.9741148611938115e-06, 6.4720798036432825e-06, 5.410860012489138e-06, 4.418373464432079e-06, 4.755910140374908e-06, 3.5517691685527097e-06, 3.264001861680299e-06, 4.051833002449712e-06, 4.457990598893957e-06, 4.472103228181368e-06, 3.9429733078577556e-06, 4.809182883036556e-06, 4.820992216991726e-06, 6.613565801671939e-06, 8.299225555674639e-06, 9.085466444958001e-06, 9.444969691685401e-06, 9.323491212853696e-06, 8.347060429514386e-06, 9.463345122640021e-06, 7.743497917545028e-06, 5.601181328529492e-06, 4.733152763947146e-06, 4.615687885234365e-06, 3.9645929064136e-06, 3.3224243907170603e-06, 3.2354957966163056e-06, 3.2414300221716985e-06, 3.7397137475636555e-06, 3.501949322526343e-06, 3.670356136353803e-06, 3.998785359726753e-06, 3.836000360024627e-06, 3.742623675861978e-06, 4.0505406104784925e-06, 3.571706656657625e-06, 3.445101810939377e-06, 4.317120328778401e-06, 4.96240500069689e-06, 4.433206868270645e-06, 3.6121468838246074e-06, 3.7251475077937357e-06, 4.048223217978375e-06, 3.591683935155743e-06, 3.011384023920982e-06, 2.600206471470301e-06, 2.099659923260333e-06, 1.7353679595544236e-06, 1.2461425740184495e-06, 4.407671951867087e-07, 1.1463237825637407e-07, 6.568699362219377e-09, 1.3205961497952945e-11, 1.1359860968562785e-11, 1.1043762258855505e-11, 1.0714107552545205e-11, 1.0485994884901206e-11, 1.0267825652221507e-11, 1.0057122669382412e-11, 9.92298777868772e-12, 9.855749896758859e-12], "lowlevel.melbands128.stdev": [0.006780547555536032, 0.026185201480984688, 0.0236221831291914, 0.01218861248344183, 0.007083590608090162, 0.0034429593943059444, 0.0013763596070930362, 0.0006931562093086541, 0.0010295268148183823, 0.0009010933572426438, 0.0009228591807186604, 0.001067709643393755, 0.004064054694026709, 0.005180784035474062, 0.004361859057098627, 0.001492482260800898, 0.00031279659015126526, 0.0003222798986826092, 0.000623936066403985, 0.0002972586371470243, 0.00016112295270431787, 0.000564824789762497, 0.0009978029411286116, 0.0006508830119855702, 0.0008546808385290205, 0.001251287991181016, 0.0004928106791339815, 0.0008634013938717544, 0.0003527628432493657, 0.00027259314083494246, 0.0002690944238565862, 0.0004659928090404719, 0.000519577122759074, 0.0009301178506575525, 0.00028458843007683754, 0.00041475548641756177, 0.0003680835652630776, 0.00023423289530910552, 0.000246636540396139, 0.0004098022764082998, 0.0006297535146586597, 5.372938176151365e-05, 0.00011523418652359396, 0.00013325524923857301, 3.111508340225555e-05, 0.00015668018022552133, 0.00014362862566486, 0.00024360012321267277, 0.0001461195934098214, 4.277893458493054e-05, 4.5547283662017435e-05, 2.8774798920494504e-05, 2.1067431589472108e-05, 4.051100404467434e-05, 2.54110691457754e-05, 3.3261323551414534e-05, 1.5720373994554393e-05, 1.0459323675604537e-05, 2.1086174456286244e-05, 1.7513597413199022e-05, 4.876874754700111e-06, 5.9401772887213156e-06, 1.1902886399184354e-05, 4.49060280516278e-06, 3.1776621653989423e-06, 5.13222539666458e-06, 4.576952960633207e-06, 7.24259462003829e-06, 1.1285426808171906e-05, 8.446806532447226e-06, 7.5962325354339555e-06, 6.8786116571573075e-06, 5.267661435937043e-06, 4.362400432000868e-06, 6.251727882045088e-06, 6.7386058617557865e-06, 7.348930921580177e-06, 7.278941666299943e-06, 7.951098268677015e-06, 7.85053907748079e-06, 1.1622732927207835e-05, 2.0563269572448917e-05, 1.8995351638295688e-05, 2.0872534150839783e-05, 1.444891586288577e-05, 1.3786165254714433e-05, 1.5842102584429085e-05, 1.1850813280034345e-05, 8.150606845447328e-06, 6.707736247335561e-06, 6.119269073678879e-06, 5.230746410234133e-06, 5.043332294007996e-06, 5.4880051720829215e-06, 5.249110472504981e-06, 5.765364676335594e-06, 5.7508982536091935e-06, 5.597918061539531e-06, 5.945445991528686e-06, 6.214893346623285e-06, 6.188111456140177e-06, 6.32907722319942e-06, 5.177625553187681e-06, 4.879366770182969e-06, 6.220288014446851e-06, 6.6854909164248966e-06, 6.024491085554473e-06, 4.7320490921265446e-06, 4.5368983592197765e-06, 4.857461590290768e-06, 4.3750874283432495e-06, 3.502470008243108e-06, 2.7566272819967708e-06, 2.22668245442037e-06, 1.8783787254506024e-06, 1.5781970432726666e-06, 6.551458113790432e-07, 4.414144427755673e-07, 5.130377900286476e-08, 2.3438346749560246e-11, 1.6043820785793805e-11, 1.568801685780663e-11, 1.5344716816634296e-11, 1.507603764050458e-11, 1.4852476887261545e-11, 1.467104215890913e-11, 1.454118422894446e-11, 1.4461120668995964e-11], "lowlevel.mfcc.mean": [-638.8059692382812, 95.28158569335938, 43.706356048583984, 13.970663070678711, 5.187078952789307, 19.026731491088867, 4.94620418548584, 9.786881446838379, 12.452357292175293, 14.157154083251953, 15.943513870239258, 7.9825286865234375, 11.611085891723633], "lowlevel.spectral_contrast_coeffs.mean": [-0.7011429071426392, -0.7127736210823059, -0.756980836391449, -0.7880430221557617, -0.8131516575813293, -0.7655382752418518], "lowlevel.spectral_contrast_coeffs.stdev": [0.08468160778284073, 0.07371735572814941, 0.08974728733301163, 0.06568020582199097, 0.04128605127334595, 0.03845775127410889], "lowlevel.spectral_contrast_valleys.mean": [-6.777458190917969, -6.9523162841796875, -7.720641136169434, -7.997843265533447, -7.832008361816406, -9.505155563354492], "lowlevel.spectral_contrast_valleys.stdev": [0.8126177787780762, 0.6149095892906189, 0.6680658459663391, 0.7773362398147583, 0.7374822497367859, 0.8135321736335754], "rhythm.beats_loudness_band_ratio.mean": [0.6343395709991455, 0.12028657644987106, 0.07260683923959732, 0.042849794030189514, 0.03451252356171608, 0.10072506219148636], "rhythm.beats_loudness_band_ratio.stdev": [0.25022420287132263, 0.1321142613887787, 0.09999149292707443, 0.09737445414066315, 0.029201989993453026, 0.14619220793247223], "tonal.hpcp.mean": [0.0548735149204731, 0.03735358268022537, 0.0403895229101181, 0.06834810227155685, 0.07387703657150269, 0.031086469069123268, 0.016176175326108932, 0.025812970474362373, 0.02797861583530903, 0.04149497672915459, 0.036881763488054276, 0.024440526962280273, 0.02434045821428299, 0.012458098120987415, 0.013690309599041939, 0.03542689234018326, 0.05327684432268143, 0.051331546157598495, 0.08560538291931152, 0.12038421630859375, 0.08987423032522202, 0.05206744000315666, 0.037205006927251816, 0.04342227429151535, 0.11161358654499054, 0.13035695254802704, 0.06211133301258087, 0.053575463593006134, 0.08517518639564514, 0.12134341895580292, 0.21364109218120575, 0.29822471737861633, 0.2704518735408783, 0.20939399302005768, 0.18431158363819122, 0.12495162338018417], "tonal.hpcp.stdev": [0.1593567430973053, 0.14659491181373596, 0.16445952653884888, 0.1621653139591217, 0.17064633965492249, 0.10384809225797653, 0.08682482689619064, 0.14081604778766632, 0.12551908195018768, 0.1456800252199173, 0.12152561545372009, 0.10943876206874847, 0.13629472255706787, 0.07650527358055115, 0.07200580090284348, 0.12821811437606812, 0.16178485751152039, 0.146352618932724, 0.2037115842103958, 0.2538468837738037, 0.22940079867839813, 0.18175187706947327, 0.16095469892024994, 0.15587295591831207, 0.2416122406721115, 0.2766505479812622, 0.17134729027748108, 0.1804547756910324, 0.23856915533542633, 0.2659681439399719, 0.3288978934288025, 0.3801359236240387, 0.3780597448348999, 0.3207133710384369, 0.33316007256507874, 0.2741015553474426], "rhythm.beats_position": [0.6037188172340393, 1.2422676086425781, 1.8575963973999023, 2.4845352172851562, 3.0998640060424805, 3.7151927947998047, 4.330521583557129, 4.945850372314453, 5.572789192199707, 6.199728012084961, 6.815056800842285, 7.430385589599609, 8.057324409484863, 8.672653198242188, 9.287981986999512, 9.891700744628906, 10.51863956451416, 11.133968353271484, 11.749297142028809, 12.376235961914062, 13.003174781799316, 13.606893539428711, 14.222222328186035, 14.83755111694336, 15.464489936828613], "rhythm.bpm_histogram": [0.0, 0.0, 0.0, 0.0, 0.0, 0.0, 0.0, 0.0, 0.0, 0.0, 0.0, 0.0, 0.0, 0.0, 0.0, 0.0, 0.0, 0.0, 0.0, 0.0, 0.0, 0.0, 0.0, 0.0, 0.0, 0.0, 0.0, 0.0, 0.0, 0.0, 0.0, 0.0, 0.0, 0.0, 0.0, 0.0, 0.0, 0.0, 0.0, 0.0, 0.0, 0.0, 0.0, 0.0, 0.0, 0.0, 0.0, 0.0, 0.0, 0.0, 0.0, 0.0, 0.0, 0.0, 0.0, 0.0, 0.0, 0.0, 0.0, 0.0, 0.0, 0.0, 0.0, 0.0, 0.0, 0.0, 0.0, 0.0, 0.0, 0.0, 0.0, 0.0, 0.0, 0.0, 0.0, 0.0, 0.0, 0.0, 0.0, 0.0, 0.0, 0.0, 0.0, 0.0, 0.0, 0.0, 0.0, 0.0, 0.0, 0.0, 0.0, 0.0, 0.0, 0.0, 0.0416666679084301, 0.0, 0.3333333432674408, 0.0, 0.5416666865348816, 0.0833333358168602, 0.0, 0.0, 0.0, 0.0, 0.0, 0.0, 0.0, 0.0, 0.0, 0.0, 0.0, 0.0, 0.0, 0.0, 0.0, 0.0, 0.0, 0.0, 0.0, 0.0, 0.0, 0.0, 0.0, 0.0, 0.0, 0.0, 0.0, 0.0, 0.0, 0.0, 0.0, 0.0, 0.0, 0.0, 0.0, 0.0, 0.0, 0.0, 0.0, 0.0, 0.0, 0.0, 0.0, 0.0, 0.0, 0.0, 0.0, 0.0, 0.0, 0.0, 0.0, 0.0, 0.0, 0.0, 0.0, 0.0, 0.0, 0.0, 0.0, 0.0, 0.0, 0.0, 0.0, 0.0, 0.0, 0.0, 0.0, 0.0, 0.0, 0.0, 0.0, 0.0, 0.0, 0.0, 0.0, 0.0, 0.0, 0.0, 0.0, 0.0, 0.0, 0.0, 0.0, 0.0, 0.0, 0.0, 0.0, 0.0, 0.0, 0.0, 0.0, 0.0, 0.0, 0.0, 0.0, 0.0, 0.0, 0.0, 0.0, 0.0, 0.0, 0.0, 0.0, 0.0, 0.0, 0.0, 0.0, 0.0, 0.0, 0.0, 0.0, 0.0, 0.0, 0.0, 0.0, 0.0, 0.0, 0.0, 0.0, 0.0, 0.0, 0.0, 0.0, 0.0, 0.0, 0.0, 0.0, 0.0, 0.0, 0.0, 0.0, 0.0, 0.0, 0.0, 0.0, 0.0, 0.0, 0.0, 0.0, 0.0, 0.0, 0.0, 0.0, 0.0, 0.0, 0.0, 0.0, 0.0, 0.0, 0.0], "tonal.chords_histogram": [0.8849557638168335, 0.0, 0.0, 0.0, 0.0, 0.0, 0.0, 0.0, 0.0, 0.5899705290794373, 0.0, 1.769911527633667, 0.0, 6.489675521850586, 9.439528465270996, 48.08259582519531, 21.828908920288086, 8.849557876586914, 0.0, 0.0, 2.064896821975708, 0.0, 0.0, 0.0], "tonal.thpcp": [1.0, 0.9068727493286133, 0.702134907245636, 0.6180291771888733, 0.4189848005771637, 0.18400056660175323, 0.12525314092636108, 0.13543318212032318, 0.22918322682380676, 0.24772271513938904, 0.10423840582370758, 0.05424156412482262, 0.08655543625354767, 0.09381722658872604, 0.13913996517658234, 0.1236710473895073, 0.08195339143276215, 0.08161783963441849, 0.0417741984128952, 0.04590601846575737, 0.11879260838031769, 0.17864663898944855, 0.1721237152814865, 0.28704991936683655, 0.40366947650909424, 0.30136412382125854, 0.1745913028717041, 0.12475494295358658, 0.1456025391817093, 0.3742600083351135, 0.4371098279953003, 0.20827023684978485, 0.17964796721935272, 0.28560739755630493, 0.40688586235046387, 0.7163761854171753], "lowlevel.gfcc.cov": [[4994.056640625, -546.71484375, -351.76068115234375, -133.424560546875, -125.22563934326172, -41.432701110839844, -412.0609130859375, -308.1209411621094, -429.54425048828125, -83.45094299316406, -22.482372283935547, 244.4344024658203, 204.3638153076172], [-546.71484375, 980.9086303710938, 167.2825164794922, -27.9755859375, 105.69463348388672, -66.98188018798828, 7.381204128265381, -92.43563079833984, -8.80737018585205, -26.3380126953125, 133.09539794921875, -76.86427307128906, -6.091773986816406], [-351.76068115234375, 167.2825164794922, 579.8074951171875, 272.603515625, -21.049270629882812, -12.678276062011719, 27.72206687927246, -49.55137252807617, -25.533864974975586, -26.800270080566406, 10.619484901428223, -39.26426315307617, -58.27891159057617], [-133.424560546875, -27.9755859375, 272.603515625, 408.1856384277344, 113.6810073852539, -2.4492008686065674, -82.39781188964844, -4.284208297729492, 92.07035064697266, -1.0859229564666748, -27.823530197143555, -38.443931579589844, 22.119901657104492], [-125.22563934326172, 105.69463348388672, -21.049270629882812, 113.6810073852539, 280.8119201660156, 76.8709716796875, 23.741796493530273, 63.209144592285156, 143.4308319091797, 3.2346584796905518, -39.2276496887207, -75.77037048339844, -3.1213932037353516], [-41.432701110839844, -66.98188018798828, -12.678276062011719, -2.4492008686065674, 76.8709716796875, 152.77871704101562, 124.96051788330078, 72.5165786743164, 63.947628021240234, 11.171466827392578, -25.453025817871094, -58.28569412231445, -43.018028259277344], [-412.0609130859375, 7.381204128265381, 27.72206687927246, -82.39781188964844, 23.741796493530273, 124.96051788330078, 305.886474609375, 111.56133270263672, 29.26673126220703, -4.536309242248535, -17.738786697387695, -69.34014129638672, -109.03086853027344], [-308.1209411621094, -92.43563079833984, -49.55137252807617, -4.284208297729492, 63.209144592285156, 72.5165786743164, 111.56133270263672, 175.6220245361328, 157.74668884277344, 15.595660209655762, -60.558349609375, -69.33969116210938, -38.38147735595703], [-429.54425048828125, -8.80737018585205, -25.533864974975586, 92.07035064697266, 143.4308319091797, 63.947628021240234, 29.26673126220703, 157.74668884277344, 290.375732421875, 52.668331146240234, -54.60002517700195, -84.86385345458984, -6.415443420410156], [-83.45094299316406, -26.3380126953125, -26.800270080566406, -1.0859229564666748, 3.2346584796905518, 11.171466827392578, -4.536309242248535, 15.595660209655762, 52.668331146240234, 107.47371673583984, 65.08894348144531, 19.419050216674805, 7.964322090148926], [-22.482372283935547, 133.09539794921875, 10.619484901428223, -27.823530197143555, -39.2276496887207, -25.453025817871094, -17.738786697387695, -60.558349609375, -54.60002517700195, 65.08894348144531, 147.5660858154297, 72.9563980102539, 28.281068801879883], [244.4344024658203, -76.86427307128906, -39.26426315307617, -38.443931579589844, -75.77037048339844, -58.28569412231445, -69.34014129638672, -69.33969116210938, -84.86385345458984, 19.419050216674805, 72.9563980102539, 136.3592529296875, 67.50894165039062], [204.3638153076172, -6.091773986816406, -58.27891159057617, 22.119901657104492, -3.1213932037353516, -43.018028259277344, -109.03086853027344, -38.38147735595703, -6.415443420410156, 7.964322090148926, 28.281068801879883, 67.50894165039062, 112.5225830078125]], "lowlevel.gfcc.icov": [[0.0003232948074582964, 8.81201631273143e-05, 9.1677597083617e-05, 6.829790072515607e-05, -0.00011414614709792659, -0.0005767930415458977, 0.0005167631898075342, 8.941593841882423e-05, 0.0005374712054617703, -2.2300628188531846e-05, 0.0002985410683322698, -0.0002383838000241667, -0.00014058384113013744], [8.81201631273143e-05, 0.0035448388662189245, -0.0014244444901123643, 0.0023648671340197325, -0.0021210205741226673, 0.003062599105760455, -0.0008352604927495122, 0.0025746545288711786, -0.0017960306722670794, 0.003960650414228439, -0.006746290717273951, 0.006237066350877285, -0.002419027965515852], [9.1677597083617e-05, -0.0014244444901123643, 0.004416684620082378, -0.004141255281865597, 0.002242679474875331, -0.0009902379242703319, -0.0007174694910645485, 0.0005791198345832527, 0.0004732008383143693, -0.0003079142770729959, 0.0015377500094473362, -0.0020479268860071898, 0.00293493433855474], [6.829790072515607e-05, 0.0023648671340197325, -0.004141255281865597, 0.007447839714586735, -0.0034570731222629547, 0.0016191572649404407, 0.0012589457910507917, 0.0015993122942745686, -0.0019982894882559776, 0.0018733101896941662, -0.0032663659658282995, 0.0041922894306480885, -0.0032572573982179165], [-0.00011414614709792659, -0.0021210205741226673, 0.002242679474875331, -0.0034570731222629547, 0.007896511815488338, -0.003940171096473932, -0.00011966274178121239, 0.0005183785688132048, -0.0020952161867171526, -0.00037681267713196576, 0.0026789323892444372, -0.0015191739657893777, 0.0008525453740730882], [-0.0005767930415458977, 0.003062599105760455, -0.0009902379242703319, 0.0016191572649404407, -0.003940171096473932, 0.016536211594939232, -0.006790690589696169, 0.0019135217880830169, -0.0023317087907344103, 0.0011473625199869275, -0.005532484035938978, 0.008198101073503494, -0.0030746320262551308], [0.0005167631898075342, -0.0008352604927495122, -0.0007174694910645485, 0.0012589457910507917, -0.00011966274178121239, -0.006790690589696169, 0.01082526333630085, -0.007084864191710949, 0.003710861084982753, 0.0006957853911444545, -0.00035663857124745846, -0.0027818982489407063, 0.005791389849036932], [8.941593841882423e-05, 0.0025746545288711786, 0.0005791198345832527, 0.0015993122942745686, 0.0005183785688132048, 0.0019135217880830169, -0.007084864191710949, 0.022313904017210007, -0.011625767685472965, 0.0024225106462836266, -0.0004299626452848315, 0.004335493315011263, -0.0018726246198639274], [0.0005374712054617703, -0.0017960306722670794, 0.0004732008383143693, -0.0019982894882559776, -0.0020952161867171526, -0.0023317087907344103, 0.003710861084982753, -0.011625767685472965, 0.014668797142803669, -0.008136671967804432, 0.005587792955338955, -0.0006052044918760657, -0.0013839396415278316], [-2.2300628188531846e-05, 0.003960650414228439, -0.0003079142770729959, 0.0018733101896941662, -0.00037681267713196576, 0.0011473625199869275, 0.0006957853911444545, 0.0024225106462836266, -0.008136671967804432, 0.02388954535126686, -0.01850440911948681, 0.005629842169582844, 0.0007742494926787913], [0.0002985410683322698, -0.006746290717273951, 0.0015377500094473362, -0.0032663659658282995, 0.0026789323892444372, -0.005532484035938978, -0.00035663857124745846, -0.0004299626452848315, 0.005587792955338955, -0.01850440911948681, 0.030003409832715988, -0.0172323789447546, 0.00242417911067605], [-0.0002383838000241667, 0.006237066350877285, -0.0020479268860071898, 0.0041922894306480885, -0.0015191739657893777, 0.008198101073503494, -0.0027818982489407063, 0.004335493315011263, -0.0006052044918760657, 0.005629842169582844, -0.0172323789447546, 0.02994959056377411, -0.01330927200615406], [-0.00014058384113013744, -0.002419027965515852, 0.00293493433855474, -0.0032572573982179165, 0.0008525453740730882, -0.0030746320262551308, 0.005791389849036932, -0.0018726246198639274, -0.0013839396415278316, 0.0007742494926787913, 0.00242417911067605, -0.01330927200615406, 0.02223503217101097]], "lowlevel.mfcc.cov": [[4638.02197265625, -534.0721435546875, -355.4883117675781, -191.9529571533203, 72.61446380615234, -8.655065536499023, -69.3891830444336, -189.31504821777344, -333.5111083984375, -211.43991088867188, -388.6532897949219, -366.36279296875, -148.4717559814453], [-534.0721435546875, 901.0777587890625, 32.171905517578125, -13.525424003601074, -9.969949722290039, -15.45897102355957, 84.3930435180664, -48.2169189453125, -92.15901184082031, -49.75423049926758, 20.09177589416504, 69.92340850830078, 42.370628356933594], [-355.4883117675781, 32.171905517578125, 575.3816528320312, 190.39344787597656, -26.01947021484375, 38.8811149597168, 41.84320831298828, -29.74593162536621, -35.012210845947266, -105.29220581054688, 8.644054412841797, 69.20913696289062, 23.92072296142578], [-191.9529571533203, -13.525424003601074, 190.39344787597656, 275.5196228027344, 152.4728240966797, 39.96119689941406, -33.03513717651367, -22.806791305541992, 28.503244400024414, -30.32984161376953, -20.021677017211914, 33.17255401611328, 16.50967788696289], [72.61446380615234, -9.969949722290039, -26.01947021484375, 152.4728240966797, 346.4316101074219, 47.64379119873047, -114.91255950927734, -26.067153930664062, 95.34498596191406, 66.94768524169922, -1.1661211252212524, -17.70366668701172, -25.770692825317383], [-8.655065536499023, -15.45897102355957, 38.8811149597168, 39.96119689941406, 47.64379119873047, 115.60914611816406, 56.08543395996094, 16.845552444458008, 20.887968063354492, 18.748050689697266, 29.906171798706055, 20.458993911743164, -1.1754744052886963], [-69.3891830444336, 84.3930435180664, 41.84320831298828, -33.03513717651367, -114.91255950927734, 56.08543395996094, 189.82496643066406, 42.27629089355469, -41.52128982543945, -20.287057876586914, 27.524566650390625, 28.690879821777344, 18.975191116333008], [-189.31504821777344, -48.2169189453125, -29.74593162536621, -22.806791305541992, -26.067153930664062, 16.845552444458008, 42.27629089355469, 158.96351623535156, 108.59217834472656, 95.82398986816406, 46.576622009277344, -1.3311647176742554, -13.925104141235352], [-333.5111083984375, -92.15901184082031, -35.012210845947266, 28.503244400024414, 95.34498596191406, 20.887968063354492, -41.52128982543945, 108.59217834472656, 227.04229736328125, 167.7718963623047, 78.20758819580078, 10.220099449157715, -15.55206298828125], [-211.43991088867188, -49.75423049926758, -105.29220581054688, -30.32984161376953, 66.94768524169922, 18.748050689697266, -20.287057876586914, 95.82398986816406, 167.7718963623047, 225.12554931640625, 112.47310638427734, 0.12159768491983414, -27.0909366607666], [-388.6532897949219, 20.09177589416504, 8.644054412841797, -20.021677017211914, -1.1661211252212524, 29.906171798706055, 27.524566650390625, 46.576622009277344, 78.20758819580078, 112.47310638427734, 163.3402862548828, 65.33445739746094, 13.931483268737793], [-366.36279296875, 69.92340850830078, 69.20913696289062, 33.17255401611328, -17.70366668701172, 20.458993911743164, 28.690879821777344, -1.3311647176742554, 10.220099449157715, 0.12159768491983414, 65.33445739746094, 116.55903625488281, 50.28250503540039], [-148.4717559814453, 42.370628356933594, 23.92072296142578, 16.50967788696289, -25.770692825317383, -1.1754744052886963, 18.975191116333008, -13.925104141235352, -15.55206298828125, -27.0909366607666, 13.931483268737793, 50.28250503540039, 83.06890869140625]], "lowlevel.mfcc.icov": [[0.0004106264968868345, 0.00025289811310358346, 5.621713717118837e-05, 0.00033890045597217977, -0.0003314594505354762, -0.0002376418560743332, -0.00013816289720125496, 0.000144326186273247, 0.0006955408025532961, -0.00025394491967745125, 0.0005968533805571496, 0.0006231637089513242, 4.1043516830541193e-05], [0.00025289811310358346, 0.0015199527842923999, -5.549275010707788e-05, 0.0005404128460213542, -0.0009835652308538556, 0.000836910039652139, -0.0011515546357259154, 0.00024753264733590186, 0.001084421994164586, -0.00039517166442237794, 0.00042702144128270447, -0.0005533513613045216, -6.59568831906654e-05], [5.621713717118837e-05, -5.549275010707788e-05, 0.0030446937307715416, -0.002523505361750722, 0.0012919721193611622, -0.0005119078559800982, -2.936034979938995e-05, 0.00031560263596475124, -0.000726182188373059, 0.0019763170275837183, -0.0013168618315830827, -0.00025289918994531035, 0.0010892522986978292], [0.00033890045597217977, 0.0005404128460213542, -0.002523505361750722, 0.008523018099367619, -0.00438757473602891, -0.00036611888208426535, -0.0005147256306372583, -0.00035397481406107545, 1.686149335000664e-05, 0.0003657497582025826, 0.002622144529595971, -0.001571722561493516, -0.001311218598857522], [-0.0003314594505354762, -0.0009835652308538556, 0.0012919721193611622, -0.00438757473602891, 0.008003856986761093, -0.004075232893228531, 0.003991113509982824, 0.0021083347965031862, -0.002655560849234462, -0.0007760763983242214, -0.0004513474414125085, 0.0010801126481965184, 0.0009479933069087565], [-0.0002376418560743332, 0.000836910039652139, -0.0005119078559800982, -0.00036611888208426535, -0.004075232893228531, 0.014953707344830036, -0.007063802797347307, 0.00025083826039917767, -0.0006237067864276469, 0.0003180833882652223, -0.0015626685926690698, -0.0020406993571668863, 0.0014557949034497142], [-0.00013816289720125496, -0.0011515546357259154, -2.936034979938995e-05, -0.0005147256306372583, 0.003991113509982824, -0.007063802797347307, 0.011898723430931568, -0.004033036530017853, 0.0026267063803970814, 0.00020963564747944474, -0.0011755779851227999, 0.00023259114823304117, -0.001188161433674395], [0.000144326186273247, 0.00024753264733590186, 0.00031560263596475124, -0.00035397481406107545, 0.0021083347965031862, 0.00025083826039917767, -0.004033036530017853, 0.013378961943089962, -0.006572761572897434, -0.001827728352509439, 0.0009198511834256351, 0.0011649953667074442, 0.001246740110218525], [0.0006955408025532961, 0.001084421994164586, -0.000726182188373059, 1.686149335000664e-05, -0.002655560849234462, -0.0006237067864276469, 0.0026267063803970814, -0.006572761572897434, 0.016443723812699318, -0.008875750936567783, 0.001832693233154714, -0.0010192987974733114, -0.0011451011523604393], [-0.00025394491967745125, -0.00039517166442237794, 0.0019763170275837183, 0.0003657497582025826, -0.0007760763983242214, 0.0003180833882652223, 0.00020963564747944474, -0.001827728352509439, -0.008875750936567783, 0.01780117116868496, -0.00961219146847725, 0.003004789585247636, 0.0024522929452359676], [0.0005968533805571496, 0.00042702144128270447, -0.0013168618315830827, 0.002622144529595971, -0.0004513474414125085, -0.0015626685926690698, -0.0011755779851227999, 0.0009198511834256351, 0.001832693233154714, -0.00961219146847725, 0.01677972637116909, -0.007300557568669319, -0.0002190665836678818], [0.0006231637089513242, -0.0005533513613045216, -0.00025289918994531035, -0.001571722561493516, 0.0010801126481965184, -0.0020406993571668863, 0.00023259114823304117, 0.0011649953667074442, -0.0010192987974733114, 0.003004789585247636, -0.007300557568669319, 0.019345276057720184, -0.007466801907867193], [4.1043516830541193e-05, -6.59568831906654e-05, 0.0010892522986978292, -0.001311218598857522, 0.0009479933069087565, 0.0014557949034497142, -0.001188161433674395, 0.001246740110218525, -0.0011451011523604393, 0.0024522929452359676, -0.0002190665836678818, -0.007466801907867193, 0.01802908629179001]], "metadata.audio_properties.analysis.downmix": "mix", "metadata.audio_properties.codec": "mp3", "metadata.audio_properties.md5_encoded": "4f3bfc6402fd1740783536e05fa40741", "metadata.tags.file_name": "1182269411424481310.mp3", "metadata.version.essentia": "2.1-beta6-dev", "metadata.version.essentia_git_sha": "v2.1_beta5-1110-g77a6a954", "metadata.version.extractor": "music 2.0", "tonal.chords_key": "C", "tonal.chords_scale": "minor", "tonal.key_edma.key": "G", "tonal.key_edma.scale": "major", "tonal.key_krumhansl.key": "G", "tonal.key_krumhansl.scale": "major", "tonal.key_temperley.key": "G", "tonal.key_temperley.scale": "major", "metadata.tags.encoding": ["Lavf58.45.100"]}, "essentia_models": [{"model_name": "genre_dortmund", "activations": {"alternative": "0.017652782", "blues": "0.0077016638", "electronic": "0.058895074", "folkcountry": "0.01243974", "funksoulrnb": "0.034978665", "jazz": "0.014452098", "pop": "0.101721145", "raphiphop": "0.70644754", "rock": "0.017272225"}}, {"model_name": "genre_rosamerica", "activations": {"classic": "0.0037027814", "dance": "0.0055006635", "hip hop": "0.29509783", "jazz": "0.0048640613", "pop": "0.14533018", "rhythm and blues": "0.38422623", "rock": "0.008379196", "speech": "0.090101786"}}, {"model_name": "genre_tzanetakis", "activations": {"blues": "0.07757835", "classic": "0.0013674091", "country": "0.0022184723", "disco": "0.006277611", "hip hop": "0.3030296", "jazz": "0.002751174", "metal": "0.0017341927", "pop": "0.3728061", "reggae": "0.08120122", "rock": "0.017999291"}}, {"model_name": "genre_electronic", "activations": {"ambient": "0.21131313", "dnb": "0