{"song_id": "1182275070861774918", "download": "https://cdn.discordapp.com/attachments/1128313332273782784/1182275070861774918/chirp.mp4?ex=65841a76&amp", "lyrics": "[Verse 1]\nIn Vaslui, a grand affair unfolds\nThe town adorned in colors bold\nWith joyous hearts and spirits high\nNunta celebrations fill the sky\n\n[Chorus]\nOh, Nunta in Vaslui, so divine\nWhere love and royalty intertwine\nThe sound of laughter, the dance of grace\nTogether we celebrate in this royal place", "style": ["rap"], "essentia_features": {"lowlevel.average_loudness": 0.9739954471588135, "lowlevel.barkbands_crest.mean": 8.514957427978516, "lowlevel.barkbands_crest.stdev": 3.205859899520874, "lowlevel.barkbands_flatness_db.mean": 0.12160127609968185, "lowlevel.barkbands_flatness_db.stdev": 0.026352612301707268, "lowlevel.barkbands_kurtosis.mean": 0.6055513620376587, "lowlevel.barkbands_kurtosis.stdev": 2.4779019355773926, "lowlevel.barkbands_skewness.mean": 0.8794499635696411, "lowlevel.barkbands_skewness.stdev": 0.8471317291259766, "lowlevel.barkbands_spread.mean": 30.718494415283203, "lowlevel.barkbands_spread.stdev": 12.325216293334961, "lowlevel.dissonance.mean": 0.4707186222076416, "lowlevel.dissonance.stdev": 0.021640777587890625, "lowlevel.dynamic_complexity": 1.6550183296203613, "lowlevel.erbbands_crest.mean": 9.114140510559082, "lowlevel.erbbands_crest.stdev": 3.8525984287261963, "lowlevel.erbbands_flatness_db.mean": 0.16365423798561096, "lowlevel.erbbands_flatness_db.stdev": 0.03048546612262726, "lowlevel.erbbands_kurtosis.mean": 0.3792364299297333, "lowlevel.erbbands_kurtosis.stdev": 1.5705451965332031, "lowlevel.erbbands_skewness.mean": -0.25077298283576965, "lowlevel.erbbands_skewness.stdev": 0.7064140439033508, "lowlevel.erbbands_spread.mean": 35.07148742675781, "lowlevel.erbbands_spread.stdev": 14.038897514343262, "lowlevel.hfc.mean": 26.239591598510742, "lowlevel.hfc.stdev": 15.05798053741455, "lowlevel.loudness_ebu128.integrated": -17.941858291625977, "lowlevel.loudness_ebu128.loudness_range": 1.4464168548583984, "lowlevel.loudness_ebu128.momentary.mean": -18.15304946899414, "lowlevel.loudness_ebu128.momentary.stdev": 1.4228037595748901, "lowlevel.loudness_ebu128.short_term.mean": -17.99517822265625, "lowlevel.loudness_ebu128.short_term.stdev": 0.5417189002037048, "lowlevel.melbands_crest.mean": 13.108392715454102, "lowlevel.melbands_crest.stdev": 4.457398414611816, "lowlevel.melbands_flatness_db.mean": 0.164164200425148, "lowlevel.melbands_flatness_db.stdev": 0.037810515612363815, "lowlevel.melbands_kurtosis.mean": 6.3101677894592285, "lowlevel.melbands_kurtosis.stdev": 8.15118408203125, "lowlevel.melbands_skewness.mean": 2.0668299198150635, "lowlevel.melbands_skewness.stdev": 1.23952317237854, "lowlevel.melbands_spread.mean": 35.78466796875, "lowlevel.melbands_spread.stdev": 20.812950134277344, "lowlevel.pitch_salience.mean": 0.5146740078926086, "lowlevel.pitch_salience.stdev": 0.08299260586500168, "lowlevel.silence_rate_20dB.mean": 1.0, "lowlevel.silence_rate_20dB.stdev": 0.0, "lowlevel.silence_rate_30dB.mean": 0.9968434572219849, "lowlevel.silence_rate_30dB.stdev": 0.05609482154250145, "lowlevel.silence_rate_60dB.mean": 0.010101010091602802, "lowlevel.silence_rate_60dB.stdev": 0.0999949648976326, "lowlevel.spectral_centroid.mean": 1831.397216796875, "lowlevel.spectral_centroid.stdev": 574.1188354492188, "lowlevel.spectral_complexity.mean": 22.170454025268555, "lowlevel.spectral_complexity.stdev": 6.96157169342041, "lowlevel.spectral_decrease.mean": -7.037538107823593e-09, "lowlevel.spectral_decrease.stdev": 4.576860224148049e-09, "lowlevel.spectral_energy.mean": 0.028941337019205093, "lowlevel.spectral_energy.stdev": 0.018044743686914444, "lowlevel.spectral_energyband_high.mean": 0.0009325933642685413, "lowlevel.spectral_energyband_high.stdev": 0.0015305773122236133, "lowlevel.spectral_energyband_low.mean": 0.01179831475019455, "lowlevel.spectral_energyband_low.stdev": 0.012676140293478966, "lowlevel.spectral_energyband_middle_high.mean": 0.008882416412234306, "lowlevel.spectral_energyband_middle_high.stdev": 0.006321054417639971, "lowlevel.spectral_energyband_middle_low.mean": 0.009628087282180786, "lowlevel.spectral_energyband_middle_low.stdev": 0.008641105145215988, "lowlevel.spectral_entropy.mean": 7.683692455291748, "lowlevel.spectral_entropy.stdev": 0.23070530593395233, "lowlevel.spectral_flux.mean": 0.07902504503726959, "lowlevel.spectral_flux.stdev": 0.033664729446172714, "lowlevel.spectral_kurtosis.mean": 3.179610013961792, "lowlevel.spectral_kurtosis.stdev": 1.620895266532898, "lowlevel.spectral_rms.mean": 0.0050946734845638275, "lowlevel.spectral_rms.stdev": 0.001509905094280839, "lowlevel.spectral_rolloff.mean": 2012.581298828125, "lowlevel.spectral_rolloff.stdev": 1287.5623779296875, "lowlevel.spectral_skewness.mean": 1.1844916343688965, "lowlevel.spectral_skewness.stdev": 0.2779170572757721, "lowlevel.spectral_spread.mean": 4033386.0, "lowlevel.spectral_spread.stdev": 921417.625, "lowlevel.spectral_strongpeak.mean": 1.1368591785430908, "lowlevel.spectral_strongpeak.stdev": 1.5536839962005615, "lowlevel.zerocrossingrate.mean": 0.0707567036151886, "lowlevel.zerocrossingrate.stdev": 0.030873384326696396, "metadata.audio_properties.analysis.equal_loudness": 0.0, "metadata.audio_properties.analysis.length": 36.735984802246094, "metadata.audio_properties.analysis.sample_rate": 44100.0, "metadata.audio_properties.analysis.start_time": 0.0, "metadata.audio_properties.bit_rate": 120601.0, "metadata.audio_properties.length": 36.736000061035156, "metadata.audio_properties.lossless": 0.0, "metadata.audio_properties.number_channels": 1.0, "metadata.audio_properties.replay_gain": -8.596969604492188, "metadata.audio_properties.sample_rate": 48000.0, "rhythm.beats_count": 67.0, "rhythm.beats_loudness.mean": 0.03529747202992439, "rhythm.beats_loudness.stdev": 0.01664613001048565, "rhythm.bpm": 110.57869720458984, "rhythm.bpm_histogram_first_peak_bpm": 110.0, "rhythm.bpm_histogram_first_peak_weight": 0.2656250596046448, "rhythm.bpm_histogram_second_peak_bpm": 115.0, "rhythm.bpm_histogram_second_peak_spread": 0.0, "rhythm.bpm_histogram_second_peak_weight": 0.03030303120613098, "rhythm.danceability": 1.5063800811767578, "rhythm.onset_rate": 3.5095176696777344, "tonal.chords_changes_rate": 0.03783101961016655, "tonal.chords_number_rate": 0.010088272392749786, "tonal.chords_strength.mean": 0.5513977408409119, "tonal.chords_strength.stdev": 0.09185030311346054, "tonal.hpcp_crest.mean": 15.054183006286621, "tonal.hpcp_crest.stdev": 6.945383548736572, "tonal.hpcp_entropy.mean": 1.7765568494796753, "tonal.hpcp_entropy.stdev": 0.6432918906211853, "tonal.key_edma.strength": 0.7693182826042175, "tonal.key_krumhansl.strength": 0.7829251885414124, "tonal.key_temperley.strength": 0.8015544414520264, "tonal.tuning_diatonic_strength": 0.6316508054733276, "tonal.tuning_equal_tempered_deviation": 0.33513620495796204, "tonal.tuning_frequency": 434.193115234375, "tonal.tuning_nontempered_energy_ratio": 0.9849057197570801, "lowlevel.barkbands.mean": [0.00018226918473374099, 0.005496158730238676, 0.004025348927825689, 0.003758384380489588, 0.0018596445443108678, 0.000853067496791482, 0.0008295711013488472, 0.0011927058221772313, 0.0007780406740494072, 0.0007091740844771266, 0.001282170065678656, 0.0013537848135456443, 0.0009208628907799721, 0.0007818862795829773, 0.0006053582183085382, 0.00036701338831335306, 0.0009412670042365789, 0.0011338443728163838, 0.0007712167571298778, 0.0002221981412731111, 0.0001969237782759592, 0.0003210983413737267, 0.0002465414290782064, 7.239423575811088e-05, 3.461122832959518e-05, 5.713030077458825e-06, 1.0243905279594401e-07], "lowlevel.barkbands.stdev": [0.00035708246286958456, 0.006721044424921274, 0.006439853925257921, 0.006789933890104294, 0.002520234091207385, 0.0015303861582651734, 0.001664146431721747, 0.002023720648139715, 0.0013852498959749937, 0.001222162856720388, 0.0026335003785789013, 0.001981311244890094, 0.0015451539075002074, 0.0015447791665792465, 0.0009383796714246273, 0.0007687253528274596, 0.0014634079998359084, 0.0015531510580331087, 0.0008799907518550754, 0.0002569436328485608, 0.00020968944591004401, 0.0006734590861015022, 0.0006232524174265563, 0.00013404438504949212, 5.255871656117961e-05, 8.070016519923229e-06, 2.5798263436627167e-07], "lowlevel.erbbands.mean": [0.1259448379278183, 1.353814959526062, 4.3951873779296875, 9.574173927307129, 8.928194999694824, 6.032993316650391, 5.14435338973999, 6.833624839782715, 12.248229026794434, 16.994413375854492, 25.561857223510742, 20.457027435302734, 20.526010513305664, 38.54239273071289, 44.623775482177734, 61.64237976074219, 44.077362060546875, 46.67304992675781, 34.3723030090332, 22.00763702392578, 23.909927368164062, 49.81059265136719, 78.07386016845703, 35.664852142333984, 36.947635650634766, 9.691167831420898, 6.718398571014404, 8.59217357635498, 11.722376823425293, 11.767767906188965, 5.348984718322754, 1.9675536155700684, 1.0778177976608276, 0.5597524642944336, 0.14775604009628296, 0.03858654946088791, 0.007615384645760059, 0.0009088438819162548, 3.956250657211058e-05, 3.7102916394360363e-05], "lowlevel.erbbands.stdev": [0.17073450982570648, 1.6755788326263428, 6.1271538734436035, 15.986553192138672, 13.549654960632324, 9.70462417602539, 9.337204933166504, 13.551200866699219, 26.51892852783203, 25.99848747253418, 47.9536018371582, 34.07180404663086, 35.41358947753906, 73.25614929199219, 104.08026885986328, 89.83747863769531, 66.00326538085938, 81.2065658569336, 51.4910888671875, 27.583053588867188, 39.528160095214844, 67.9468002319336, 96.75455474853516, 39.56257247924805, 46.75606918334961, 8.166238784790039, 5.359595775604248, 11.905049324035645, 25.910390853881836, 29.57410430908203, 12.117280960083008, 3.855278491973877, 1.902358055114746, 0.9241541028022766, 0.20083238184452057, 0.05386720970273018, 0.011456009931862354, 0.0020978637039661407, 4.656351302401163e-05, 2.177794522140175e-05], "lowlevel.gfcc.mean": [22.43513298034668, 93.00928497314453, -140.1575164794922, 53.6849365234375, -54.7241325378418, 28.21962547302246, -30.198955535888672, 11.545390129089355, -21.940643310546875, -6.200074672698975, -12.047714233398438, -2.9558534622192383, -18.471378326416016], "lowlevel.melbands.mean": [0.0013402951881289482, 0.0021788207814097404, 0.0016389737138524652, 0.000497414031997323, 0.00019087614782620221, 0.0001659359404584393, 0.0001883523364085704, 0.0001990197051782161, 0.00020557177776936442, 0.00012052850070176646, 9.618250624043867e-05, 0.00014374098100233823, 0.00014063801791053265, 0.00014931826444808394, 0.00013331820082385093, 9.472876990912482e-05, 8.675896242493764e-05, 5.269492612569593e-05, 4.174870264250785e-05, 2.8310045308899134e-05, 2.6880115910898894e-05, 4.346431160229258e-05, 8.631395030533895e-05, 4.676292883232236e-05, 2.6565170628600754e-05, 2.9167786124162376e-05, 1.712157973088324e-05, 3.999431555712363e-06, 3.448287998253363e-06, 5.421617970569059e-06, 4.5965934987179935e-06, 6.9525735852948856e-06, 5.923451681155711e-06, 6.90542174197617e-06, 3.263609869463835e-06, 1.673290171311237e-06, 1.0098284519699519e-06, 7.854150112507341e-07, 6.381679327205347e-07, 4.1348516788275447e-07], "lowlevel.melbands.stdev": [0.001672230544500053, 0.0025989681016653776, 0.002542105270549655, 0.0006596884923055768, 0.00031871083774603903, 0.0003404263989068568, 0.00039094622479751706, 0.000305303925415501, 0.00038027140544727445, 0.00021008164912927896, 0.00017717431182973087, 0.0002795411564875394, 0.00029423387604765594, 0.00024083079188130796, 0.0002438186784274876, 0.00016783484898041934, 0.0001733937388053164, 8.058720413828269e-05, 6.504738848889247e-05, 5.8394209190737456e-05, 4.101647937204689e-05, 6.392336945282295e-05, 0.0001266016624867916, 6.377754471031949e-05, 3.46821361745242e-05, 3.903230026480742e-05, 2.093049988616258e-05, 3.494418479021988e-06, 2.829883896993124e-06, 6.1847181314078625e-06, 7.279917099367594e-06, 1.559037082188297e-05, 1.3218492313171737e-05, 1.9148292267345823e-05, 7.547705536126159e-06, 3.545296294760192e-06, 1.912871539389016e-06, 1.4110248685028637e-06, 1.1847084806504427e-06, 6.523735009977827e-07], "lowlevel.melbands128.mean": [0.00016029206744860858, 0.0008411802700720727, 0.001791415037587285, 0.002379161771386862, 0.002276020823046565, 0.0019459170289337635, 0.0020464600529521704, 0.0017420067451894283, 0.0007853094139136374, 0.00040575762977823615, 0.00033148491638712585, 0.00020781571220140904, 0.00019033608259633183, 0.00011196426930837333, 0.00010406767978565767, 0.00024360186944250017, 0.00024539028527215123, 0.00013760435103904456, 0.00019312984659336507, 0.00016183662228286266, 0.00024473323719576, 0.00017875208868645132, 0.00026129483012482524, 0.00014099391410127282, 0.00011720069596776739, 0.00013835681602358818, 5.3725059842690825e-05, 0.0001516972406534478, 4.480016286834143e-05, 8.490091568091884e-05, 0.00022259900288190693, 0.00019083436927758157, 4.169061139691621e-05, 0.00024155544815585017, 8.216188143705949e-05, 0.0001346739154541865, 0.0002300955238752067, 0.00013710088387597352, 7.96651147538796e-05, 7.033886504359543e-05, 0.00013758434215560555, 6.0133988881716505e-05, 7.705303141847253e-05, 0.0001315342669840902, 2.907501402660273e-05, 3.828020635410212e-05, 7.724632450845093e-05, 4.428069951245561e-05, 2.8289581678109244e-05, 1.5773572158650495e-05, 3.060895323869772e-05, 4.2862913687713444e-05, 1.6238922398770228e-05, 1.952874481503386e-05, 4.9022124585462734e-05, 3.3806114515755326e-05, 4.187970262137242e-05, 0.00010288493649568409, 7.91391939856112e-05, 0.00010819164890563115, 3.243965329602361e-05, 1.6981821318040602e-05, 3.3803738915594295e-05, 2.7798327209893614e-05, 1.7645550542511046e-05, 2.8085516532883048e-05, 4.3560441554291174e-05, 1.9149216313962825e-05, 1.4060946341487579e-05, 6.16449460721924e-06, 3.3441256164223887e-06, 3.3341461858071852e-06, 2.8249280603631632e-06, 3.713962996698683e-06, 3.2509501579625066e-06, 6.814846528868657e-06, 5.336935828381684e-06, 4.6962136366346385e-06, 4.298646217648638e-06, 4.607725713867694e-06, 7.04289823261206e-06, 8.838791472953744e-06, 4.787676061823731e-06, 6.1026735238556284e-06, 5.69540634387522e-06, 8.21623507363256e-06, 7.298578111658571e-06, 4.170431111560902e-06, 3.196174702679855e-06, 2.5304914288426517e-06, 1.8990075432157028e-06, 1.4894553714839276e-06, 1.103733666241169e-06, 9.355096040053468e-07, 1.0341346978748334e-06, 9.210643838741817e-07, 7.049269470371655e-07, 6.116716804172029e-07, 7.224803084682208e-07, 5.929991289121972e-07, 5.058577698946465e-07, 3.9756659475642664e-07, 2.981571469717892e-07, 1.7855919054454716e-07, 1.480809572740327e-07, 1.1067485417015632e-07, 1.0236096414928397e-07, 9.528766753419404e-08, 5.354240784072317e-08, 4.4373255292384783e-08, 3.2909866831687395e-08, 2.366837392742127e-08, 2.1553583806621646e-08, 1.93557418981527e-08, 1.401076588081196e-08, 9.34949451192324e-09, 4.077685744618975e-09, 4.686210863802387e-10, 6.58064228109545e-12, 7.340051309812079e-12, 7.90410879109027e-12, 4.677276361358951e-12, 4.174978071591617e-12, 4.092488067181099e-12, 3.97261520554415e-12, 3.809256295811414e-12, 3.714500495383133e-12, 3.684975501822008e-12], "lowlevel.melbands128.stdev": [0.0003198282793164253, 0.001320838462561369, 0.0025671746116131544, 0.0031283553689718246, 0.003140225075185299, 0.003256560303270817, 0.0037105935625731945, 0.003106492105871439, 0.001342977862805128, 0.0007398635498248041, 0.0006588466931134462, 0.000501016154885292, 0.0004332910175435245, 0.00019995988986920565, 0.00026776918093673885, 0.0006851211073808372, 0.0007542473613284528, 0.0003773280477616936, 0.0005181562155485153, 0.00027755950577557087, 0.0005194881232455373, 0.00042285246308892965, 0.0006284623523242772, 0.0003815529926214367, 0.00030841317493468523, 0.00031516115996055305, 0.00010515606118133292, 0.00034941555350087583, 8.765162056079134e-05, 0.00025982310762628913, 0.00048307841643691063, 0.0005360267241485417, 9.41073740250431e-05, 0.000799235887825489, 0.00022351296502165496, 0.0002536123211029917, 0.00042006908915936947, 0.00045443157432600856, 0.00024038096307776868, 0.00014980841660872102, 0.00032542410190217197, 0.0001920937211252749, 0.00022138498025014997, 0.00029655362595804036, 7.204287248896435e-05, 9.035298717208207e-05, 0.0001792225375538692, 0.00011819173960248008, 4.6407516492763534e-05, 2.5112201910815202e-05, 7.097241905285046e-05, 0.0001335556007688865, 3.143380308756605e-05, 2.6917774448520504e-05, 9.067473729373887e-05, 7.410279067698866e-05, 8.561567665310577e-05, 0.0002362798695685342, 0.00017090860637836158, 0.00018951659149024636, 7.02297838870436e-05, 2.8638374715228565e-05, 6.213605229277164e-05, 4.166019425611012e-05, 2.956241587526165e-05, 4.571917452267371e-05, 7.74505824665539e-05, 3.429173375479877e-05, 2.2224614440347068e-05, 6.980084435781464e-06, 3.518889116094215e-06, 3.6305991670815274e-06, 2.8022800506732892e-06, 4.124739461985882e-06, 3.4985621368832653e-06, 8.360299943888094e-06, 8.064600478974171e-06, 7.99849567556521e-06, 7.643388016731478e-06, 9.019325261760969e-06, 1.4220049706636928e-05, 2.538578337407671e-05, 1.116362454922637e-05, 1.4819775969954208e-05, 1.2687363778240979e-05, 2.395585943304468e-05, 2.3120201149140485e-05, 1.0953759556286968e-05, 7.546102551714284e-06, 6.285705239861272e-06, 4.072990577697055e-06, 3.4069796583935386e-06, 2.5936922156688524e-06, 1.9041731320612598e-06, 1.8696450752031524e-06, 1.9102924397884635e-06, 1.340207745670341e-06, 1.1098318282165565e-06, 1.5755965705466224e-06, 1.1295561535007437e-06, 8.74115073656867e-07, 6.468781066359952e-07, 4.4998364501225296e-07, 2.9579720717265445e-07, 2.4521276031919115e-07, 1.8134697654659249e-07, 1.591220950558636e-07, 1.6517979872787691e-07, 9.157765390455097e-08, 8.856417821334617e-08, 6.451193002021682e-08, 4.580183698976725e-08, 4.047622681468965e-08, 4.057154612269187e-08, 3.600499809408575e-08, 4.278648901845372e-08, 9.853084570465853e-09, 1.7806228713723726e-09, 7.833506066035056e-11, 1.1377658537536917e-10, 1.415762507228635e-10, 1.783010544764707e-11, 6.330087062161871e-12, 6.217738563601971e-12, 6.124930423956343e-12, 6.048943030495524e-12, 5.99433567019525e-12, 5.960605706928357e-12], "lowlevel.mfcc.mean": [-606.2351684570312, 105.30337524414062, -12.91276741027832, 26.852188110351562, 6.348638534545898, 14.797712326049805, 5.699433326721191, 18.03181266784668, -3.1636908054351807, -0.6644162535667419, 9.390484809875488, -0.19197969138622284, -1.8521182537078857], "lowlevel.spectral_contrast_coeffs.mean": [-0.7032220959663391, -0.7322726249694824, -0.7206043004989624, -0.770532488822937, -0.7481270432472229, -0.7162039875984192], "lowlevel.spectral_contrast_coeffs.stdev": [0.06580420583486557, 0.07013647258281708, 0.06316383928060532, 0.042248789221048355, 0.05114445462822914, 0.030812934041023254], "lowlevel.spectral_contrast_valleys.mean": [-6.6105265617370605, -6.984518527984619, -7.301076412200928, -7.3472900390625, -7.186022758483887, -10.096697807312012], "lowlevel.spectral_contrast_valleys.stdev": [0.6445844173431396, 0.5877475738525391, 0.5478262305259705, 0.5111148357391357, 0.47421327233314514, 0.6010029315948486], "rhythm.beats_loudness_band_ratio.mean": [0.42815589904785156, 0.0887083113193512, 0.12748894095420837, 0.18370719254016876, 0.14749757945537567, 0.06588296592235565], "rhythm.beats_loudness_band_ratio.stdev": [0.19786371290683746, 0.10602220892906189, 0.10230367630720139, 0.14760564267635345, 0.11047730594873428, 0.04971501603722572], "tonal.hpcp.mean": [0.10442443937063217, 0.16518253087997437, 0.15429094433784485, 0.18870024383068085, 0.2249363660812378, 0.11497040838003159, 0.026867782697081566, 0.022345418110489845, 0.031801141798496246, 0.12572342157363892, 0.22973515093326569, 0.1495526283979416, 0.04189416766166687, 0.03735490143299103, 0.03651130199432373, 0.12164337188005447, 0.23617863655090332, 0.19445735216140747, 0.18456494808197021, 0.22203730046749115, 0.13173528015613556, 0.0779295489192009, 0.09679456055164337, 0.09990955144166946, 0.20422063767910004, 0.27584654092788696, 0.14998145401477814, 0.05194379761815071, 0.0420328825712204, 0.04970625042915344, 0.158195361495018, 0.23467405140399933, 0.12534765899181366, 0.03192641958594322, 0.027732428163290024, 0.04334104061126709], "tonal.hpcp.stdev": [0.19912758469581604, 0.26780223846435547, 0.26331406831741333, 0.27946770191192627, 0.30046623945236206, 0.18406641483306885, 0.0892903134226799, 0.08562498539686203, 0.09946923702955246, 0.2227727621793747, 0.33490893244743347, 0.23701512813568115, 0.11345990002155304, 0.11513188481330872, 0.12109565734863281, 0.19014503061771393, 0.3110453486442566, 0.25450611114501953, 0.2908119559288025, 0.34607574343681335, 0.23304413259029388, 0.15992571413516998, 0.18430395424365997, 0.16054435074329376, 0.28018712997436523, 0.35441362857818604, 0.21224574744701385, 0.12795040011405945, 0.12803204357624054, 0.12690630555152893, 0.25215500593185425, 0.32587239146232605, 0.18400509655475616, 0.0736113116145134, 0.08085332065820694, 0.11520300805568695], "rhythm.beats_position": [0.4992290139198303, 1.0216779708862305, 1.5441269874572754, 2.078185796737671, 2.6122448444366455, 3.1579136848449707, 3.703582763671875, 4.249251842498779, 4.783310413360596, 5.3289794921875, 5.874648571014404, 6.408707141876221, 6.954376220703125, 7.500045299530029, 8.045714378356934, 8.59138298034668, 9.125441551208496, 9.671111106872559, 10.216779708862305, 10.76244831085205, 11.308117866516113, 11.85378646850586, 12.399456024169922, 12.933514595031738, 13.479183197021484, 14.024852752685547, 14.558911323547363, 15.10457992553711, 15.650249481201172, 16.184309005737305, 16.729976654052734, 17.275646209716797, 17.82131576538086, 18.36698341369629, 18.91265296936035, 19.458322525024414, 19.992380142211914, 20.538049697875977, 21.08371925354004, 21.62938690185547, 22.17505645751953, 22.709115982055664, 23.243173599243164, 23.800453186035156, 24.34612274169922, 24.89179039001465, 25.42584991455078, 25.971519470214844, 26.517187118530273, 27.074466705322266, 27.620136260986328, 28.165803909301758, 28.69986343383789, 29.233922958374023, 29.779590606689453, 30.325260162353516, 30.870929718017578, 31.416597366333008, 31.96226692199707, 32.5079345703125, 33.05360412597656, 33.599273681640625, 34.14494323730469, 34.67900085449219, 35.22467041015625, 35.77033996582031, 36.316009521484375], "rhythm.bpm_histogram": [0.0, 0.0, 0.0, 0.0, 0.0, 0.0, 0.0, 0.0, 0.0, 0.0, 0.0, 0.0, 0.0, 0.0, 0.0, 0.0, 0.0, 0.0, 0.0, 0.0, 0.0, 0.0, 0.0, 0.0, 0.0, 0.0, 0.0, 0.0, 0.0, 0.0, 0.0, 0.0, 0.0, 0.0, 0.0, 0.0, 0.0, 0.0, 0.0, 0.0, 0.0, 0.0, 0.0, 0.0, 0.0, 0.0, 0.0, 0.0, 0.0, 0.0, 0.0, 0.0, 0.0, 0.0, 0.0, 0.0, 0.0, 0.0, 0.0, 0.0, 0.0, 0.0, 0.0, 0.0, 0.0, 0.0, 0.0, 0.0, 0.0, 0.0, 0.0, 0.0, 0.0, 0.0, 0.0, 0.0, 0.0, 0.0, 0.0, 0.0, 0.0, 0.0, 0.0, 0.0, 0.0, 0.0, 0.0, 0.0, 0.0, 0.0, 0.0, 0.0, 0.0, 0.0, 0.0, 0.0, 0.0, 0.0, 0.0, 0.0, 0.0, 0.0, 0.0, 0.0, 0.0, 0.0, 0.0, 0.0, 0.03030303120613098, 0.0, 0.7121211886405945, 0.0, 0.22727273404598236, 0.0, 0.0, 0.03030303120613098, 0.0, 0.0, 0.0, 0.0, 0.0, 0.0, 0.0, 0.0, 0.0, 0.0, 0.0, 0.0, 0.0, 0.0, 0.0, 0.0, 0.0, 0.0, 0.0, 0.0, 0.0, 0.0, 0.0, 0.0, 0.0, 0.0, 0.0, 0.0, 0.0, 0.0, 0.0, 0.0, 0.0, 0.0, 0.0, 0.0, 0.0, 0.0, 0.0, 0.0, 0.0, 0.0, 0.0, 0.0, 0.0, 0.0, 0.0, 0.0, 0.0, 0.0, 0.0, 0.0, 0.0, 0.0, 0.0, 0.0, 0.0, 0.0, 0.0, 0.0, 0.0, 0.0, 0.0, 0.0, 0.0, 0.0, 0.0, 0.0, 0.0, 0.0, 0.0, 0.0, 0.0, 0.0, 0.0, 0.0, 0.0, 0.0, 0.0, 0.0, 0.0, 0.0, 0.0, 0.0, 0.0, 0.0, 0.0, 0.0, 0.0, 0.0, 0.0, 0.0, 0.0, 0.0, 0.0, 0.0, 0.0, 0.0, 0.0, 0.0, 0.0, 0.0, 0.0, 0.0, 0.0, 0.0, 0.0, 0.0, 0.0, 0.0, 0.0, 0.0, 0.0, 0.0, 0.0, 0.0, 0.0, 0.0, 0.0, 0.0, 0.0, 0.0, 0.0, 0.0, 0.0, 0.0, 0.0, 0.0, 0.0, 0.0, 0.0, 0.0, 0.0, 0.0], "tonal.chords_histogram": [14.123580932617188, 0.3783102035522461, 24.464059829711914, 4.918032646179199, 0.0, 0.0, 1.1349306106567383, 0.0, 0.0, 0.0, 0.0, 0.0, 0.0, 0.0, 0.0, 1.8915510177612305, 0.0, 0.0, 0.0, 0.0, 0.0, 17.654476165771484, 15.636821746826172, 19.798234939575195], "tonal.thpcp": [1.0, 0.543713390827179, 0.18830686807632446, 0.15237776935100555, 0.18019530177116394, 0.5734904408454895, 0.8507413268089294, 0.4544108510017395, 0.11573978513479233, 0.10053571313619614, 0.15712012350559235, 0.3785598874092102, 0.5988203883171082, 0.5593361854553223, 0.6840769052505493, 0.8154402375221252, 0.4167912006378174, 0.0974011942744255, 0.08100669831037521, 0.11528562754392624, 0.4557730555534363, 0.8328368067741394, 0.5421587824821472, 0.15187489986419678, 0.13541914522647858, 0.13236092031002045, 0.44098204374313354, 0.8561957478523254, 0.7049475908279419, 0.6690856218338013, 0.8049305081367493, 0.47756728529930115, 0.28251051902770996, 0.3509000241756439, 0.3621925115585327, 0.7403414845466614], "lowlevel.gfcc.cov": [[2330.0810546875, 23.83887481689453, 27.857322692871094, 84.4301986694336, 59.65721893310547, 63.51349639892578, -39.09477615356445, 49.24934387207031, -48.47930145263672, 26.400033950805664, -27.29032325744629, 13.322664260864258, -136.8743133544922], [23.83887481689453, 511.4471740722656, -27.1212100982666, -51.5848274230957, 36.915748596191406, -102.58484649658203, 24.48996353149414, 25.16299819946289, 54.07905197143555, 33.24225997924805, 94.60934448242188, -50.44504928588867, 60.82899475097656], [27.857322692871094, -27.1212100982666, 354.56280517578125, 112.56668853759766, -8.6329984664917, 70.70540618896484, -37.014404296875, -43.50453186035156, 25.980424880981445, 41.07444381713867, -47.64608383178711, 11.355478286743164, 3.119147300720215], [84.4301986694336, -51.5848274230957, 112.56668853759766, 197.0831298828125, 81.30610656738281, 39.538143157958984, -23.519973754882812, -10.760077476501465, 24.046175003051758, -18.01296043395996, -28.385099411010742, -9.843612670898438, 15.564521789550781], [59.65721893310547, 36.915748596191406, -8.6329984664917, 81.30610656738281, 214.22384643554688, 8.493956565856934, 9.204198837280273, 27.6895809173584, -24.302629470825195, -30.76876449584961, -13.244565963745117, -18.595020294189453, -14.79086971282959], [63.51349639892578, -102.58484649658203, 70.70540618896484, 39.538143157958984, 8.493956565856934, 188.6291046142578, 72.70774841308594, -25.185373306274414, -31.477821350097656, -15.555327415466309, -22.732454299926758, -2.1409692764282227, -23.486818313598633], [-39.09477615356445, 24.48996353149414, -37.014404296875, -23.519973754882812, 9.204198837280273, 72.70774841308594, 134.66746520996094, 38.121578216552734, -23.77104377746582, -27.099796295166016, 19.801105499267578, -4.951122760772705, -25.177371978759766], [49.24934387207031, 25.16299819946289, -43.50453186035156, -10.760077476501465, 27.6895809173584, -25.185373306274414, 38.121578216552734, 104.5577621459961, 34.060218811035156, 8.205398559570312, 7.458879470825195, -15.060882568359375, -14.85749626159668], [-48.47930145263672, 54.07905197143555, 25.980424880981445, 24.046175003051758, -24.302629470825195, -31.477821350097656, -23.77104377746582, 34.060218811035156, 128.70870971679688, 64.20030212402344, 8.953203201293945, -21.563400268554688, 27.631322860717773], [26.400033950805664, 33.24225997924805, 41.07444381713867, -18.01296043395996, -30.76876449584961, -15.555327415466309, -27.099796295166016, 8.205398559570312, 64.20030212402344, 106.9604263305664, 27.6632080078125, -1.6730595827102661, 1.3302881717681885], [-27.29032325744629, 94.60934448242188, -47.64608383178711, -28.385099411010742, -13.244565963745117, -22.732454299926758, 19.801105499267578, 7.458879470825195, 8.953203201293945, 27.6632080078125, 98.85823059082031, 24.72825813293457, 5.098567485809326], [13.322664260864258, -50.44504928588867, 11.355478286743164, -9.843612670898438, -18.595020294189453, -2.1409692764282227, -4.951122760772705, -15.060882568359375, -21.563400268554688, -1.6730595827102661, 24.72825813293457, 74.5304183959961, 13.704573631286621], [-136.8743133544922, 60.82899475097656, 3.119147300720215, 15.564521789550781, -14.79086971282959, -23.486818313598633, -25.177371978759766, -14.85749626159668, 27.631322860717773, 1.3302881717681885, 5.098567485809326, 13.704573631286621, 85.47850036621094]], "lowlevel.gfcc.icov": [[0.000699573487509042, -0.001083045150153339, 0.0007115683401934803, -0.001116833882406354, 0.0006127211963757873, -0.0010757707059383392, 0.0013338879216462374, -0.0010001842165365815, 0.0006212138687260449, -0.0006398721016012132, 0.0013534101890400052, -0.0017774355364963412, 0.0021112009417265654], [-0.001083045150153339, 0.0071551017463207245, -0.003527490422129631, 0.004570971708744764, -0.0033330456353724003, 0.0050116791389882565, -0.00493372930213809, 0.002866186201572418, -0.0015817023813724518, 0.001846920233219862, -0.008414325304329395, 0.00963299348950386, -0.008244326338171959], [0.0007115683401934803, -0.003527490422129631, 0.006633733864873648, -0.005294501781463623, 0.002495096530765295, -0.003580320393666625, 0.002707714680582285, -0.0005398713401518762, 0.001101955189369619, -0.004151538480073214, 0.006702262442559004, -0.006529495120048523, 0.004878846928477287], [-0.001116833882406354, 0.004570971708744764, -0.005294501781463623, 0.013293935917317867, -0.006090685725212097, 0.0010714903473854065, -0.0009619707125239074, 0.0026264020707458258, -0.005625335965305567, 0.0063634575344622135, -0.006612223107367754, 0.0067992182448506355, -0.006831296253949404], [0.0006127211963757873, -0.0033330456353724003, 0.002495096530765295, -0.006090685725212097, 0.008486366830766201, -0.0021281715016812086, 0.002669246168807149, -0.0040673078037798405, 0.003893118118867278, -0.0014092555502429605, 0.0038287125062197447, -0.0031173760071396828, 0.004368853755295277], [-0.0010757707059383392, 0.0050116791389882565, -0.003580320393666625, 0.0010714903473854065, -0.0021281715016812086, 0.014105096459388733, -0.011880800127983093, 0.0067552984692156315, -0.00014062481932342052, -0.0008529886254109442, -0.0028021770995110273, 0.00650874013081193, -0.004989052191376686], [0.0013338879216462374, -0.00493372930213809, 0.002707714680582285, -0.0009619707125239074, 0.002669246168807149, -0.011880800127983093, 0.02066219039261341, -0.010179579257965088, 0.002057039411738515, 0.0036281568463891745, 8.936572703532875e-05, -0.005180067848414183, 0.007341030519455671], [-0.0010001842165365815, 0.002866186201572418, -0.0005398713401518762, 0.0026264020707458258, -0.0040673078037798405, 0.0067552984692156315, -0.010179579257965088, 0.01860404945909977, -0.00740471389144659, 0.0006117253215052187, -0.0011434003245085478, 0.0032033079769462347, -0.0007733817328698933], [0.0006212138687260449, -0.0015817023813724518, 0.001101955189369619, -0.005625335965305567, 0.003893118118867278, -0.00014062481932342052, 0.002057039411738515, -0.00740471389144659, 0.01887897029519081, -0.010606009513139725, 0.001994592137634754, 0.002708596643060446, -0.0034326338209211826], [-0.0006398721016012132, 0.001846920233219862, -0.004151538480073214, 0.0063634575344622135, -0.0014092555502429605, -0.0008529886254109442, 0.0036281568463891745, 0.0006117253215052187, -0.010606009513139725, 0.020648958161473274, -0.008889095857739449, 0.003079337766394019, 0.0004942112718708813], [0.0013534101890400052, -0.008414325304329395, 0.006702262442559004, -0.006612223107367754, 0.0038287125062197447, -0.0028021770995110273, 8.936572703532875e-05, -0.0011434003245085478, 0.001994592137634754, -0.008889095857739449, 0.02591697685420513, -0.017156196758151054, 0.009532937780022621], [-0.0017774355364963412, 0.00963299348950386, -0.006529495120048523, 0.0067992182448506355, -0.0031173760071396828, 0.00650874013081193, -0.005180067848414183, 0.0032033079769462347, 0.002708596643060446, 0.003079337766394019, -0.017156196758151054, 0.031223641708493233, -0.01532724965363741], [0.0021112009417265654, -0.008244326338171959, 0.004878846928477287, -0.006831296253949404, 0.004368853755295277, -0.004989052191376686, 0.007341030519455671, -0.0007733817328698933, -0.0034326338209211826, 0.0004942112718708813, 0.009532937780022621, -0.01532724965363741, 0.026415890082716942]], "lowlevel.mfcc.cov": [[1538.0714111328125, -13.359606742858887, -6.166633129119873, 55.11273193359375, 84.73189544677734, 21.60318374633789, 35.7015266418457, 37.278465270996094, -26.426170349121094, 12.21494197845459, 84.80458068847656, 9.738492012023926, -5.055027961730957], [-13.359606742858887, 486.5302734375, -83.54542541503906, 30.55621337890625, -19.77579116821289, -100.05184173583984, 15.570623397827148, -57.69032287597656, -12.434789657592773, 39.50400161743164, 18.219701766967773, 34.44633102416992, 7.8390302658081055], [-6.166633129119873, -83.54542541503906, 367.24517822265625, 4.439747333526611, 2.795532703399658, 107.42472076416016, -54.007381439208984, -30.839139938354492, 28.964548110961914, 5.3208184242248535, -24.619171142578125, 10.672530174255371, 23.349008560180664], [55.11273193359375, 30.55621337890625, 4.439747333526611, 162.76629638671875, 109.57675170898438, -15.911070823669434, -22.27939224243164, -5.358146667480469, 23.414947509765625, 9.911824226379395, -10.053507804870605, -8.8274564743042, 15.801645278930664], [84.73189544677734, -19.77579116821289, 2.795532703399658, 109.57675170898438, 185.34347534179688, 33.674644470214844, -8.297494888305664, -5.831884384155273, 29.192859649658203, 7.777135848999023, -11.166272163391113, -15.234800338745117, -4.260861396789551], [21.60318374633789, -100.05184173583984, 107.42472076416016, -15.911070823669434, 33.674644470214844, 167.99598693847656, 50.25565719604492, 20.899885177612305, 6.269145488739014, -10.77413558959961, -3.4394993782043457, -16.10359764099121, -23.982629776000977], [35.7015266418457, 15.570623397827148, -54.007381439208984, -22.27939224243164, -8.297494888305664, 50.25565719604492, 160.1696319580078, 89.01697540283203, -27.451704025268555, -22.597278594970703, 24.80000114440918, -14.879687309265137, -32.157684326171875], [37.278465270996094, -57.69032287597656, -30.839139938354492, -5.358146667480469, -5.831884384155273, 20.899885177612305, 89.01697540283203, 127.20999145507812, 6.249024868011475, -17.972511291503906, 14.481263160705566, -23.423141479492188, -22.09819221496582], [-26.426170349121094, -12.434789657592773, 28.964548110961914, 23.414947509765625, 29.192859649658203, 6.269145488739014, -27.451704025268555, 6.249024868011475, 97.2406005859375, 48.358768463134766, -13.546172142028809, -6.969367980957031, 4.378326892852783], [12.21494197845459, 39.50400161743164, 5.3208184242248535, 9.911824226379395, 7.777135848999023, -10.77413558959961, -22.597278594970703, -17.972511291503906, 48.358768463134766, 101.22618865966797, 39.46672439575195, 9.438488006591797, 2.5324089527130127], [84.80458068847656, 18.219701766967773, -24.619171142578125, -10.053507804870605, -11.166272163391113, -3.4394993782043457, 24.80000114440918, 14.481263160705566, -13.546172142028809, 39.46672439575195, 97.0724105834961, 27.822494506835938, -16.361289978027344], [9.738492012023926, 34.44633102416992, 10.672530174255371, -8.8274564743042, -15.234800338745117, -16.10359764099121, -14.879687309265137, -23.423141479492188, -6.969367980957031, 9.438488006591797, 27.822494506835938, 77.12959289550781, 30.171051025390625], [-5.055027961730957, 7.8390302658081055, 23.349008560180664, 15.801645278930664, -4.260861396789551, -23.982629776000977, -32.157684326171875, -22.09819221496582, 4.378326892852783, 2.5324089527130127, -16.361289978027344, 30.171051025390625, 86.3270034790039]], "lowlevel.mfcc.icov": [[0.000719788484275341, -1.5645417079213075e-05, -5.214439079281874e-05, -3.815955278696492e-05, -0.00038591897464357316, -1.9994757167296484e-05, 6.725038110744208e-05, -0.0002089952031383291, 0.00022456637816503644, 0.00011339543561916798, -0.0007653374341316521, 0.00014885440759826452, -0.00020018493523821235], [-1.5645417079213075e-05, 0.003127946052700281, -4.277216430637054e-05, -0.0010589301818981767, 0.000562874018214643, 0.002126474166288972, -0.0028480039909482002, 0.0026985150761902332, 1.754615004756488e-05, -0.001296997768804431, 0.0007278974517248571, -0.0010678290855139494, 0.0007171661709435284], [-5.214439079281874e-05, -4.277216430637054e-05, 0.004386632237583399, -0.0009483949397690594, 0.0013728321064263582, -0.0040611689910292625, 0.0024809015449136496, -0.00032795820152387023, -0.00043437504791654646, -7.04964913893491e-05, 0.0005538460100069642, -0.0007951381267048419, -0.0008253357955254614], [-3.815955278696492e-05, -0.0010589301818981767, -0.0009483949397690594, 0.012131994590163231, -0.007608058862388134, 0.0024103657342493534, 0.0009912749519571662, -0.0015589642571285367, -0.00031800303258933127, 0.0003702241228893399, -0.000673221074976027, 0.0018077739514410496, -0.0023600831627845764], [-0.00038591897464357316, 0.000562874018214643, 0.0013728321064263582, -0.007608058862388134, 0.011127359233796597, -0.0033789011649787426, -4.8451325710630044e-05, 0.0017463498516008258, -0.002002258086577058, 0.00030953381792642176, 0.0005502895219251513, -0.00015096526476554573, 0.001236618380062282], [-1.9994757167296484e-05, 0.002126474166288972, -0.0040611689910292625, 0.0024103657342493534, -0.0033789011649787426, 0.012808851897716522, -0.00698229530826211, 0.0032527376897633076, -0.001257770461961627, 0.00025793639360927045, 7.599583477713168e-05, 0.0006046555354259908, 0.0019456030568107963], [6.725038110744208e-05, -0.0028480039909482002, 0.0024809015449136496, 0.0009912749519571662, -4.8451325710630044e-05, -0.00698229530826211, 0.017090439796447754, -0.011472227051854134, 0.00442175567150116, 0.00021420407574623823, -0.0010759657016023993, -4.6775392547715455e-05, 0.00047949262079782784], [-0.0002089952031383291, 0.0026985150761902332, -0.00032795820152387023, -0.0015589642571285367, 0.0017463498516008258, 0.0032527376897633076, -0.011472227051854134, 0.0186639241874218, -0.007077630143612623, 0.0047432538121938705, -0.004037816077470779, 0.003459884785115719, -0.0001439361076336354], [0.00022456637816503644, 1.754615004756488e-05, -0.00043437504791654646, -0.00031800303258933127, -0.002002258086577058, -0.001257770461961627, 0.00442175567150116, -0.007077630143612623, 0.020343687385320663, -0.012984178960323334, 0.008176468312740326, -0.0019394675036892295, 0.0011510038748383522], [0.00011339543561916798, -0.001296997768804431, -7.04964913893491e-05, 0.0003702241228893399, 0.00030953381792642176, 0.00025793639360927045, 0.00021420407574623823, 0.0047432538121938705, -0.012984178960323334, 0.022152692079544067, -0.012879451736807823, 0.003888993291184306, -0.0023348818067461252], [-0.0007653374341316521, 0.0007278974517248571, 0.0005538460100069642, -0.000673221074976027, 0.0005502895219251513, 7.599583477713168e-05, -0.0010759657016023993, -0.004037816077470779, 0.008176468312740326, -0.012879451736807823, 0.021999917924404144, -0.009652619250118732, 0.005982637871056795], [0.00014885440759826452, -0.0010678290855139494, -0.0007951381267048419, 0.0018077739514410496, -0.00015096526476554573, 0.0006046555354259908, -4.6775392547715455e-05, 0.003459884785115719, -0.0019394675036892295, 0.003888993291184306, -0.009652619250118732, 0.020888134837150574, -0.008126878179609776], [-0.00020018493523821235, 0.0007171661709435284, -0.0008253357955254614, -0.0023600831627845764, 0.001236618380062282, 0.0019456030568107963, 0.00047949262079782784, -0.0001439361076336354, 0.0011510038748383522, -0.0023348818067461252, 0.005982637871056795, -0.008126878179609776, 0.016889872029423714]], "metadata.audio_properties.analysis.downmix": "mix", "metadata.audio_properties.codec": "mp3", "metadata.audio_properties.md5_encoded": "395e01bc0b9ad2b9dd18f811d27b2f98", "metadata.tags.file_name": "1182275070861774918.mp3", "metadata.version.essentia": "2.1-beta6-dev", "metadata.version.essentia_git_sha": "v2.1_beta5-1110-g77a6a954", "metadata.version.extractor": "music 2.0", "tonal.chords_key": "F", "tonal.chords_scale": "major", "tonal.key_edma.key": "Bb", "tonal.key_edma.scale": "major", "tonal.key_krumhansl.key": "Bb", "tonal.key_krumhansl.scale": "major", "tonal.key_