{"song_id": "1182269090195324969", "download": "https://cdn.discordapp.com/attachments/1128313332273782784/1182269090195324969/chirp.mp4?ex=658414e4&amp", "lyrics": "Strophe 1:\nIn der Stadt, wo die Werbung nie schl\u00e4ft,\nFindet man einen Cowboy, der seine Versprechen h\u00e4lt.\nCarlos, der Chef, mit Charme und mit Stil,\nLeitet seine Agentur, mit einem klaren Ziel.\n\nRefrain:\nCarlos, der Agentur Cowboy, furchtlos und frei,\nMit Ideen so wild, wie der Himmel so weit.\nAsana ist sein Pferd, auf dem er reitet,\nErledigt die Aufgaben, die niemand begleitet.", "style": ["random"], "essentia_features": {"lowlevel.average_loudness": 0.9803053736686707, "lowlevel.barkbands_crest.mean": 12.415786743164062, "lowlevel.barkbands_crest.stdev": 4.409321308135986, "lowlevel.barkbands_flatness_db.mean": 0.24403904378414154, "lowlevel.barkbands_flatness_db.stdev": 0.06007857248187065, "lowlevel.barkbands_kurtosis.mean": 17.1618595123291, "lowlevel.barkbands_kurtosis.stdev": 28.19492530822754, "lowlevel.barkbands_skewness.mean": 2.6897919178009033, "lowlevel.barkbands_skewness.stdev": 2.2447314262390137, "lowlevel.barkbands_spread.mean": 14.647526741027832, "lowlevel.barkbands_spread.stdev": 12.179826736450195, "lowlevel.dissonance.mean": 0.44569697976112366, "lowlevel.dissonance.stdev": 0.039720531553030014, "lowlevel.dynamic_complexity": 2.117602825164795, "lowlevel.erbbands_crest.mean": 12.0814208984375, "lowlevel.erbbands_crest.stdev": 5.0796051025390625, "lowlevel.erbbands_flatness_db.mean": 0.20002436637878418, "lowlevel.erbbands_flatness_db.stdev": 0.054681919515132904, "lowlevel.erbbands_kurtosis.mean": 1.531112551689148, "lowlevel.erbbands_kurtosis.stdev": 3.4108471870422363, "lowlevel.erbbands_skewness.mean": 0.2767527401447296, "lowlevel.erbbands_skewness.stdev": 1.2616199254989624, "lowlevel.erbbands_spread.mean": 39.972652435302734, "lowlevel.erbbands_spread.stdev": 27.148744583129883, "lowlevel.hfc.mean": 21.402952194213867, "lowlevel.hfc.stdev": 15.284183502197266, "lowlevel.loudness_ebu128.integrated": -12.211089134216309, "lowlevel.loudness_ebu128.loudness_range": 1.1396903991699219, "lowlevel.loudness_ebu128.momentary.mean": -12.348085403442383, "lowlevel.loudness_ebu128.momentary.stdev": 1.1322124004364014, "lowlevel.loudness_ebu128.short_term.mean": -12.2379789352417, "lowlevel.loudness_ebu128.short_term.stdev": 0.45321905612945557, "lowlevel.melbands_crest.mean": 16.555620193481445, "lowlevel.melbands_crest.stdev": 4.836719989776611, "lowlevel.melbands_flatness_db.mean": 0.32204458117485046, "lowlevel.melbands_flatness_db.stdev": 0.0760171040892601, "lowlevel.melbands_kurtosis.mean": 43.488304138183594, "lowlevel.melbands_kurtosis.stdev": 59.443294525146484, "lowlevel.melbands_skewness.mean": 4.209400653839111, "lowlevel.melbands_skewness.stdev": 2.963451385498047, "lowlevel.melbands_spread.mean": 13.622859001159668, "lowlevel.melbands_spread.stdev": 12.852823257446289, "lowlevel.pitch_salience.mean": 0.4401964843273163, "lowlevel.pitch_salience.stdev": 0.09660561382770538, "lowlevel.silence_rate_20dB.mean": 1.0, "lowlevel.silence_rate_20dB.stdev": 0.0, "lowlevel.silence_rate_30dB.mean": 0.9500768184661865, "lowlevel.silence_rate_30dB.stdev": 0.21778517961502075, "lowlevel.silence_rate_60dB.mean": 0.003840245772153139, "lowlevel.silence_rate_60dB.stdev": 0.061850886791944504, "lowlevel.spectral_centroid.mean": 894.2051391601562, "lowlevel.spectral_centroid.stdev": 580.3975219726562, "lowlevel.spectral_complexity.mean": 12.178187370300293, "lowlevel.spectral_complexity.stdev": 6.5288405418396, "lowlevel.spectral_decrease.mean": -1.3864485559622608e-08, "lowlevel.spectral_decrease.stdev": 6.844560473950878e-09, "lowlevel.spectral_energy.mean": 0.054269082844257355, "lowlevel.spectral_energy.stdev": 0.026358723640441895, "lowlevel.spectral_energyband_high.mean": 0.00027947593480348587, "lowlevel.spectral_energyband_high.stdev": 0.0007545542903244495, "lowlevel.spectral_energyband_low.mean": 0.03208073228597641, "lowlevel.spectral_energyband_low.stdev": 0.02301277406513691, "lowlevel.spectral_energyband_middle_high.mean": 0.007556536700576544, "lowlevel.spectral_energyband_middle_high.stdev": 0.010298285633325577, "lowlevel.spectral_energyband_middle_low.mean": 0.016052665188908577, "lowlevel.spectral_energyband_middle_low.stdev": 0.015192507766187191, "lowlevel.spectral_entropy.mean": 6.941593170166016, "lowlevel.spectral_entropy.stdev": 0.5863383412361145, "lowlevel.spectral_flux.mean": 0.09787299484014511, "lowlevel.spectral_flux.stdev": 0.06638848781585693, "lowlevel.spectral_kurtosis.mean": 8.409132957458496, "lowlevel.spectral_kurtosis.stdev": 7.0983195304870605, "lowlevel.spectral_rms.mean": 0.007076522801071405, "lowlevel.spectral_rms.stdev": 0.0016935908934101462, "lowlevel.spectral_rolloff.mean": 724.3551025390625, "lowlevel.spectral_rolloff.stdev": 837.689208984375, "lowlevel.spectral_skewness.mean": 1.9835090637207031, "lowlevel.spectral_skewness.stdev": 0.7701277732849121, "lowlevel.spectral_spread.mean": 3781938.25, "lowlevel.spectral_spread.stdev": 1880759.375, "lowlevel.spectral_strongpeak.mean": 0.9976893663406372, "lowlevel.spectral_strongpeak.stdev": 1.4187594652175903, "lowlevel.zerocrossingrate.mean": 0.03172102943062782, "lowlevel.zerocrossingrate.stdev": 0.020940139889717102, "metadata.audio_properties.analysis.equal_loudness": 0.0, "metadata.audio_properties.analysis.length": 30.206939697265625, "metadata.audio_properties.analysis.sample_rate": 44100.0, "metadata.audio_properties.analysis.start_time": 0.0, "metadata.audio_properties.bit_rate": 105702.0, "metadata.audio_properties.length": 30.20800018310547, "metadata.audio_properties.lossless": 0.0, "metadata.audio_properties.number_channels": 1.0, "metadata.audio_properties.replay_gain": -12.831428527832031, "metadata.audio_properties.sample_rate": 48000.0, "rhythm.beats_count": 73.0, "rhythm.beats_loudness.mean": 0.07322593778371811, "rhythm.beats_loudness.stdev": 0.027834855020046234, "rhythm.bpm": 146.92893981933594, "rhythm.bpm_histogram_first_peak_bpm": 148.0, "rhythm.bpm_histogram_first_peak_weight": 0.5652173757553101, "rhythm.bpm_histogram_second_peak_bpm": 136.0, "rhythm.bpm_histogram_second_peak_spread": 0.3333333730697632, "rhythm.bpm_histogram_second_peak_weight": 0.02777777798473835, "rhythm.danceability": 1.5382739305496216, "rhythm.onset_rate": 4.467126369476318, "tonal.chords_changes_rate": 0.06748466193675995, "tonal.chords_number_rate": 0.016871165484189987, "tonal.chords_strength.mean": 0.5364729762077332, "tonal.chords_strength.stdev": 0.11026378720998764, "tonal.hpcp_crest.mean": 13.002561569213867, "tonal.hpcp_crest.stdev": 5.20189905166626, "tonal.hpcp_entropy.mean": 2.037792205810547, "tonal.hpcp_entropy.stdev": 0.6521378755569458, "tonal.key_edma.strength": 0.7578648924827576, "tonal.key_krumhansl.strength": 0.7729537487030029, "tonal.key_temperley.strength": 0.8012645244598389, "tonal.tuning_diatonic_strength": 0.7127402424812317, "tonal.tuning_equal_tempered_deviation": 0.10346634685993195, "tonal.tuning_frequency": 438.2245178222656, "tonal.tuning_nontempered_energy_ratio": 0.788245677947998, "lowlevel.barkbands.mean": [0.0007904754020273685, 0.0193371269851923, 0.010374966077506542, 0.002661380684003234, 0.007718272972851992, 0.0014894787454977632, 0.0019098311895504594, 0.0007723748567514122, 0.0012644799426198006, 0.0014769769040867686, 0.001088251476176083, 0.0006963898194953799, 0.0007692252984270453, 0.0011428045108914375, 0.0006174035370349884, 0.0006380594568327069, 0.0006915771518833935, 0.00026130283367820084, 0.00023592861543875188, 7.579055818496272e-05, 5.347304613678716e-05, 5.090514605399221e-05, 5.3649604524252936e-05, 4.62599637103267e-05, 4.503320451476611e-05, 7.66885386838112e-06, 1.6335766073183322e-09], "lowlevel.barkbands.stdev": [0.0017237428110092878, 0.019323116168379784, 0.009897199459373951, 0.0034616319462656975, 0.012452905997633934, 0.004985862411558628, 0.004573659505695105, 0.0024459422565996647, 0.003137824358418584, 0.004187293350696564, 0.00384206953458488, 0.002182950731366873, 0.0024215111043304205, 0.0033588306978344917, 0.001491747098043561, 0.0016339694848284125, 0.001423017936758697, 0.0004271903308108449, 0.0004296854021959007, 0.0001475326862419024, 0.00018733544857241213, 0.000159662333317101, 0.00021814215870108455, 0.0001600051182322204, 0.00014276319416239858, 2.5076644305954687e-05, 2.240059471247946e-09], "lowlevel.erbbands.mean": [0.4654388725757599, 4.627379894256592, 12.500609397888184, 10.618204116821289, 15.62283706665039, 30.43710708618164, 18.264400482177734, 10.519558906555176, 26.287460327148438, 19.43426513671875, 20.272165298461914, 29.865819931030273, 29.990968704223633, 54.091636657714844, 44.695613861083984, 27.980684280395508, 32.77312088012695, 57.444393157958984, 37.1098518371582, 39.11140060424805, 36.51262283325195, 38.69418716430664, 18.327621459960938, 9.638765335083008, 11.913246154785156, 3.5552732944488525, 2.177057981491089, 1.965932846069336, 1.7339708805084229, 1.692535400390625, 1.5665470361709595, 1.1693029403686523, 0.6992844939231873, 0.4993850886821747, 0.3164030909538269, 0.08569696545600891, 0.0033255531452596188, 0.00010435241711093113, 3.44846848747693e-05, 6.240289803827181e-05], "lowlevel.erbbands.stdev": [0.6570722460746765, 4.352875232696533, 10.780387878417969, 8.748332023620605, 27.936664581298828, 52.40592956542969, 47.065181732177734, 31.824909210205078, 67.62992095947266, 47.26774978637695, 62.13615417480469, 79.3038558959961, 76.84254455566406, 146.2018280029297, 152.450439453125, 77.57427215576172, 91.49271392822266, 165.9894256591797, 89.61685180664062, 96.15436553955078, 89.53749084472656, 74.38756561279297, 26.81622314453125, 18.580223083496094, 22.257165908813477, 6.053892135620117, 7.132956027984619, 7.020251750946045, 5.331839561462402, 5.689396381378174, 6.695938587188721, 4.230188369750977, 2.4687137603759766, 1.6475462913513184, 1.010370135307312, 0.26711976528167725, 0.010588707402348518, 0.0003011986264027655, 2.590381700429134e-05, 2.8757434847648256e-05], "lowlevel.gfcc.mean": [-29.631425857543945, 135.0322265625, -102.65294647216797, 55.850303649902344, -31.10753631591797, 22.99547576904297, -38.78239440917969, 14.875388145446777, -18.53827476501465, -8.993889808654785, -8.06143856048584, -10.61813735961914, 0.17782509326934814], "lowlevel.melbands.mean": [0.004811591934412718, 0.006319585256278515, 0.0019239468965679407, 0.0018310991581529379, 0.0007608102168887854, 0.0002565504109952599, 0.00039340410148724914, 0.00019410133245401084, 0.00017800544446799904, 0.00018052033556159586, 0.00015114282723516226, 0.0002243751659989357, 0.00015674185124225914, 8.927642193157226e-05, 6.571714038727805e-05, 8.133672235999256e-05, 0.00011068504682043567, 6.523922638734803e-05, 4.5813405449735e-05, 4.779171649715863e-05, 4.1391052945982665e-05, 4.262448783265427e-05, 2.7691132345353253e-05, 9.180942470266018e-06, 7.207325779745588e-06, 9.81849825620884e-06, 5.592245997831924e-06, 1.6195540410990361e-06, 1.2342317177171935e-06, 1.457573262086953e-06, 1.0044552709587151e-06, 9.44084717957594e-07, 1.0673059023247333e-06, 8.694557891431032e-07, 9.310257951256062e-07, 7.857394166421727e-07, 6.858836059109308e-07, 4.978093102181447e-07, 3.7336656077968655e-07, 4.5039269025437534e-07], "lowlevel.melbands.stdev": [0.005462064873427153, 0.004629357252269983, 0.0016575573245063424, 0.0031853998079895973, 0.0015442084986716509, 0.0007701945723965764, 0.000989985535852611, 0.0004793521948158741, 0.0005349033162929118, 0.00047677219845354557, 0.0004075042379554361, 0.0006356919766403735, 0.0005492406198754907, 0.00029637987609021366, 0.00022012005501892418, 0.00026305962819606066, 0.00033833549241535366, 0.0001919883507071063, 0.00011593061935855076, 0.0001182616178994067, 0.00011127432662760839, 9.641394717618823e-05, 4.416155206854455e-05, 1.4742780876986217e-05, 1.596228321432136e-05, 1.8829854525392875e-05, 1.159223847935209e-05, 3.222445457140566e-06, 4.221750259603141e-06, 5.102770501252962e-06, 3.7497263747354737e-06, 3.01059026242001e-06, 3.50221444023191e-06, 3.093220811933861e-06, 4.192402229818981e-06, 3.102509936070419e-06, 2.486571020199335e-06, 1.774681436472747e-06, 1.2919568916913704e-06, 1.511107143414847e-06], "lowlevel.melbands128.mean": [0.0007137215579859912, 0.003252840368077159, 0.006339297164231539, 0.008162829093635082, 0.007327592466026545, 0.0045253741554915905, 0.002161685610190034, 0.0011432514293119311, 0.0013027545064687729, 0.0025333722587674856, 0.0017055803909897804, 0.000892048527020961, 0.000586158421356231, 0.0004701126308646053, 0.0001970344892470166, 0.00011836511112051085, 0.00037755913217552006, 0.0005333235021680593, 0.0003020021540578455, 0.0001969140867004171, 0.00014061569527257234, 0.000158704788191244, 0.0001630213373573497, 0.00021753150213044137, 0.00024025510356295854, 0.0001298336428590119, 0.00013856860459782183, 0.00012221667566336691, 0.00017060952086467296, 0.0003156516177114099, 0.00019223093113396317, 0.00015273006283678114, 0.00019124866230413318, 0.00012772275658790022, 0.00010513396409805864, 7.938044291222468e-05, 5.82792199566029e-05, 6.324006244540215e-05, 7.814819400664419e-05, 5.526460881810635e-05, 7.71920895203948e-05, 0.00012665930262301117, 0.00011133110820082948, 0.00010839497554115951, 9.094829147215933e-05, 5.8502151659922674e-05, 3.3480668207630515e-05, 3.191606447217055e-05, 5.646466161124408e-05, 7.218414975795895e-05, 3.0666127713629976e-05, 4.5477358071366325e-05, 4.603551496984437e-05, 3.399232809897512e-05, 4.4583241106010973e-05, 4.93308252771385e-05, 3.354462387505919e-05, 3.747297887457535e-05, 2.379987563472241e-05, 1.2177224562037736e-05, 8.57234772411175e-06, 6.305508122750325e-06, 7.068151717248838e-06, 7.582250418636249e-06, 6.976467375352513e-06, 1.0676939382392447e-05, 1.1682499462040141e-05, 7.5289349297236186e-06, 4.3493291741469875e-06, 2.469441142238793e-06, 1.3972531860417803e-06, 1.3389991408985225e-06, 1.1419155043768114e-06, 1.2149426993346424e-06, 1.3053337397650466e-06, 1.523815171822207e-06, 1.6400567801611032e-06, 1.0529590781516163e-06, 8.963293112174142e-07, 9.118618891079677e-07, 1.0282469702360686e-06, 8.984313808468869e-07, 8.957811132859206e-07, 1.2431768254828057e-06, 1.0470632787473733e-06, 8.751410973673046e-07, 7.582668217764876e-07, 9.165596566163003e-07, 9.90866851680039e-07, 9.304060881731857e-07, 8.11933716704516e-07, 7.26111522908468e-07, 7.44161582133529e-07, 8.274234915006673e-07, 5.238989615463652e-07, 4.6463944158858794e-07, 5.480122240442142e-07, 4.957528858540172e-07, 2.9084489483466314e-07, 3.8428774473686644e-07, 3.7667388141926494e-07, 5.426899178928579e-07, 4.0952383528747305e-07, 3.552486589342152e-07, 3.8432514770647686e-07, 3.735324298759224e-07, 2.6704560696089175e-07, 2.2355163764586905e-07, 1.4090116451370704e-07, 6.883417569270023e-08, 9.221643892942666e-09, 5.371134093046237e-10, 4.3394475512936737e-11, 1.2796746301502182e-11, 1.6907548278100037e-11, 8.420426682309579e-12, 8.006300483698325e-12, 7.631592406631693e-12, 7.424418718704473e-12, 7.222482594632096e-12, 7.051354292131329e-12, 6.917389404337282e-12, 6.759558190960746e-12, 6.643509960907457e-12, 6.5277388529294544e-12, 6.400489947072652e-12, 6.321560028915707e-12, 6.283863186740124e-12], "lowlevel.melbands128.stdev": [0.0015442193252965808, 0.005762265529483557, 0.008143420331180096, 0.007822009734809399, 0.006304046604782343, 0.004103627055883408, 0.0020078918896615505, 0.0017081343103200197, 0.0029092186596244574, 0.005525906570255756, 0.0033007722813636065, 0.002246336080133915, 0.0020852317102253437, 0.0019745302852243185, 0.0008079725666902959, 0.0007059723720885813, 0.0012079027947038412, 0.001570952939800918, 0.0009699537185952067, 0.0006930488743819296, 0.0005310291890054941, 0.0006390545750036836, 0.0007978036301210523, 0.0007332876557484269, 0.0008582979207858443, 0.0004950663424097002, 0.0005198513972572982, 0.0005569219938479364, 0.0006716946372762322, 0.0011804649839177728, 0.0007088785641826689, 0.0006192542496137321, 0.00089922861661762, 0.0007580029196105897, 0.0005155156250111759, 0.0003871313529089093, 0.00024650260456837714, 0.00033237552270293236, 0.00035150573239661753, 0.00023038759536575526, 0.00041024378151632845, 0.0005749070551246405, 0.00045477613457478583, 0.0005718516767956316, 0.0004090971197001636, 0.0002501613344065845, 9.311783651355654e-05, 0.00013826835493091494, 0.0002010242169490084, 0.0002462355187162757, 0.00011638308205874637, 0.00017756236775312573, 0.00015341404650826007, 0.00014393861056305468, 0.00019030475232284516, 0.00014198024291545153, 7.414001447614282e-05, 7.7769611380063e-05, 5.0859696784755215e-05, 2.4091554223559797e-05, 1.7086102161556482e-05, 1.2740219062834512e-05, 1.638906542211771e-05, 2.629324262670707e-05, 1.434722071280703e-05, 2.606316593301017e-05, 2.5505107259959914e-05, 2.2513437215820886e-05, 1.0780714546854142e-05, 5.223031621426344e-06, 3.0262265227065654e-06, 3.858906438836129e-06, 3.6694791560876183e-06, 5.3905796448816545e-06, 4.604653440765105e-06, 5.80549931328278e-06, 6.145919087430229e-06, 4.433468347997405e-06, 3.500609864204307e-06, 3.47014497492637e-06, 3.7017196063970914e-06, 2.760132701951079e-06, 2.8583335733856075e-06, 4.593199264490977e-06, 3.917548838217044e-06, 2.990313987538684e-06, 2.930831215053331e-06, 4.1131274883809965e-06, 4.7956777962099295e-06, 4.764555797009962e-06, 3.3360176985297585e-06, 3.193116754118819e-06, 2.6699422051024158e-06, 3.249768496971228e-06, 1.9285641883470817e-06, 1.6570597836107481e-06, 2.202808445872506e-06, 1.9250639979873085e-06, 1.17515264719259e-06, 1.3229041542217601e-06, 1.2196214811410755e-06, 2.001860366362962e-06, 1.387714291922748e-06, 1.091433659894392e-06, 1.4247975741454866e-06, 1.2959322930328199e-06, 8.677877190166328e-07, 7.456471280420374e-07, 5.049245146437897e-07, 2.90884770492994e-07, 4.2420662538233955e-08, 5.422744919769684e-09, 8.01068766875801e-10, 1.0136780304037529e-10, 2.710260349481075e-10, 1.3096899433018283e-11, 1.1310704976785768e-11, 1.0477633517746998e-11, 1.018593022428238e-11, 9.920630289483867e-12, 9.683307974905908e-12, 9.473365668311029e-12, 9.28585333626053e-12, 9.125455599501286e-12, 8.993087524666876e-12, 8.886927652107524e-12, 8.809879041560276e-12, 8.762207105716957e-12], "lowlevel.mfcc.mean": [-676.0103759765625, 151.81997680664062, 7.03147554397583, 40.54538345336914, 34.296390533447266, 11.083549499511719, 8.70853328704834, 13.829022407531738, 4.319697380065918, 2.500197172164917, 1.0372501611709595, -2.887197494506836, -0.8660053014755249], "lowlevel.spectral_contrast_coeffs.mean": [-0.6698313355445862, -0.7194095253944397, -0.7508006691932678, -0.7531325221061707, -0.7509766221046448, -0.7775653600692749], "lowlevel.spectral_contrast_coeffs.stdev": [0.07047151029109955, 0.10010582208633423, 0.1001768410205841, 0.08444207906723022, 0.07198698818683624, 0.04286107420921326], "lowlevel.spectral_contrast_valleys.mean": [-6.1855669021606445, -7.420835971832275, -7.996400356292725, -8.007983207702637, -8.185635566711426, -11.011777877807617], "lowlevel.spectral_contrast_valleys.stdev": [0.571824312210083, 0.6458193063735962, 0.7727344036102295, 0.7362499833106995, 0.7906365394592285, 1.053930401802063], "rhythm.beats_loudness_band_ratio.mean": [0.6790419816970825, 0.12906181812286377, 0.05756302550435066, 0.10399964451789856, 0.04822226241230965, 0.011933530680835247], "rhythm.beats_loudness_band_ratio.stdev": [0.19193370640277863, 0.15989111363887787, 0.08029390871524811, 0.15259462594985962, 0.06014635041356087, 0.01566793955862522], "tonal.hpcp.mean": [0.3487815856933594, 0.22096265852451324, 0.05443637818098068, 0.025227203965187073, 0.03554272651672363, 0.08279513567686081, 0.1528082638978958, 0.1236906573176384, 0.05320950970053673, 0.03550651669502258, 0.027928609400987625, 0.03389160335063934, 0.03810521960258484, 0.03512581065297127, 0.06150714308023453, 0.19802266359329224, 0.18524177372455597, 0.04611308127641678, 0.030299482867121696, 0.040868766605854034, 0.10393807291984558, 0.3116051256656647, 0.3028836250305176, 0.09464576095342636, 0.04150734469294548, 0.032480642199516296, 0.034847479313611984, 0.06032028794288635, 0.059617459774017334, 0.05167735740542412, 0.06606785953044891, 0.052358049899339676, 0.05292651429772377, 0.08068504929542542, 0.09212148934602737, 0.21579398214817047], "tonal.hpcp.stdev": [0.421356201171875, 0.29347193241119385, 0.15213103592395782, 0.09233315289020538, 0.13543568551540375, 0.1673024594783783, 0.24372273683547974, 0.2221202850341797, 0.16459283232688904, 0.14468848705291748, 0.11022206395864487, 0.11571112275123596, 0.11350427567958832, 0.10787160694599152, 0.15064038336277008, 0.3534598648548126, 0.3347090482711792, 0.13405953347682953, 0.10560116916894913, 0.14114943146705627, 0.1833331286907196, 0.3876059055328369, 0.38422396779060364, 0.186750590801239, 0.14410710334777832, 0.12322305142879486, 0.11284158378839493, 0.18098244071006775, 0.1807543933391571, 0.14973504841327667, 0.21095170080661774, 0.16045215725898743, 0.1493387222290039, 0.20648986101150513, 0.20399539172649384, 0.2866518199443817], "rhythm.beats_position": [0.4527890980243683, 0.9055781960487366, 1.3467572927474976, 1.7879364490509033, 2.18267560005188, 2.600634813308716, 3.0185940265655518, 3.424943208694458, 3.8312923908233643, 4.23764181137085, 4.643990993499756, 5.050340175628662, 5.468299388885498, 5.874648571014404, 6.29260778427124, 6.710566997528076, 7.116916179656982, 7.523265361785889, 7.929614543914795, 8.335963249206543, 8.753922462463379, 9.171881675720215, 9.58984088897705, 10.007800102233887, 10.414149284362793, 10.80888843536377, 11.215237617492676, 11.621586799621582, 12.027935981750488, 12.445895195007324, 12.8406343460083, 13.246983528137207, 13.641722679138184, 14.04807186126709, 14.442811965942383, 14.860771179199219, 15.278729438781738, 15.696688652038574, 16.103038787841797, 16.509387969970703, 16.91573715209961, 17.333696365356445, 17.75165557861328, 18.158004760742188, 18.575963973999023, 18.99392318725586, 19.388662338256836, 19.783401489257812, 20.18975067138672, 20.596099853515625, 21.01405906677246, 21.432018280029297, 21.849977493286133, 22.25632667541504, 22.662675857543945, 23.057415008544922, 23.4521541595459, 23.870113372802734, 24.28807258605957, 24.706031799316406, 25.112380981445312, 25.51873016357422, 25.913469314575195, 26.3198184967041, 26.726167678833008, 27.144126892089844, 27.56208610534668, 27.968435287475586, 28.374784469604492, 28.76952362060547, 29.164262771606445, 29.559001922607422, 29.976961135864258], "rhythm.bpm_histogram": [0.0, 0.0, 0.0, 0.0, 0.0, 0.0, 0.0, 0.0, 0.0, 0.0, 0.0, 0.0, 0.0, 0.0, 0.0, 0.0, 0.0, 0.0, 0.0, 0.0, 0.0, 0.0, 0.0, 0.0, 0.0, 0.0, 0.0, 0.0, 0.0, 0.0, 0.0, 0.0, 0.0, 0.0, 0.0, 0.0, 0.0, 0.0, 0.0, 0.0, 0.0, 0.0, 0.0, 0.0, 0.0, 0.0, 0.0, 0.0, 0.0, 0.0, 0.0, 0.0, 0.0, 0.0, 0.0, 0.0, 0.0, 0.0, 0.0, 0.0, 0.0, 0.0, 0.0, 0.0, 0.0, 0.0, 0.0, 0.0, 0.0, 0.0, 0.0, 0.0, 0.0, 0.0, 0.0, 0.0, 0.0, 0.0, 0.0, 0.0, 0.0, 0.0, 0.0, 0.0, 0.0, 0.0, 0.0, 0.0, 0.0, 0.0, 0.0, 0.0, 0.0, 0.0, 0.0, 0.0, 0.0, 0.0, 0.0, 0.0, 0.0, 0.0, 0.0, 0.0, 0.0, 0.0, 0.0, 0.0, 0.0, 0.0, 0.0, 0.0, 0.0, 0.0, 0.0, 0.0, 0.0, 0.0, 0.0, 0.0, 0.0, 0.0, 0.0, 0.0, 0.0, 0.0, 0.0, 0.0, 0.0, 0.0, 0.0, 0.0, 0.0, 0.013888888992369175, 0.0, 0.0, 0.02777777798473835, 0.0, 0.0, 0.0, 0.0, 0.0, 0.0, 0.0, 0.3611111044883728, 0.0, 0.0, 0.0, 0.4166666567325592, 0.0, 0.0, 0.0, 0.1805555522441864, 0.0, 0.0, 0.0, 0.0, 0.0, 0.0, 0.0, 0.0, 0.0, 0.0, 0.0, 0.0, 0.0, 0.0, 0.0, 0.0, 0.0, 0.0, 0.0, 0.0, 0.0, 0.0, 0.0, 0.0, 0.0, 0.0, 0.0, 0.0, 0.0, 0.0, 0.0, 0.0, 0.0, 0.0, 0.0, 0.0, 0.0, 0.0, 0.0, 0.0, 0.0, 0.0, 0.0, 0.0, 0.0, 0.0, 0.0, 0.0, 0.0, 0.0, 0.0, 0.0, 0.0, 0.0, 0.0, 0.0, 0.0, 0.0, 0.0, 0.0, 0.0, 0.0, 0.0, 0.0, 0.0, 0.0, 0.0, 0.0, 0.0, 0.0, 0.0, 0.0, 0.0, 0.0, 0.0, 0.0, 0.0, 0.0, 0.0, 0.0, 0.0, 0.0, 0.0, 0.0, 0.0, 0.0, 0.0, 0.0, 0.0, 0.0, 0.0, 0.0, 0.0, 0.0, 0.0, 0.0, 0.0], "tonal.chords_histogram": [13.343558311462402, 0.0, 3.6809816360473633, 2.4539878368377686, 5.674846649169922, 7.5153374671936035, 3.5276074409484863, 30.981595993041992, 3.0674846172332764, 15.950920104980469, 0.0, 1.0736196041107178, 0.0, 0.0, 0.0, 0.0, 0.0, 0.0, 0.0, 0.0, 0.6134969592094421, 0.0, 12.116564750671387, 0.0], "tonal.thpcp": [1.0, 0.6335272789001465, 0.1560758352279663, 0.07232952117919922, 0.10190539807081223, 0.2373839020729065, 0.4381202161312103, 0.35463643074035645, 0.15255825221538544, 0.10180158168077469, 0.08007477968931198, 0.09717142581939697, 0.10925238579511642, 0.10071004927158356, 0.17634859681129456, 0.5677555203437805, 0.5311111211776733, 0.13221190869808197, 0.08687236905097961, 0.11717581748962402, 0.29800331592559814, 0.8934105038642883, 0.8684048652648926, 0.2713611125946045, 0.1190067008137703, 0.09312602132558823, 0.09991203993558884, 0.17294573783874512, 0.1709306389093399, 0.14816538989543915, 0.18942473828792572, 0.15011700987815857, 0.15174686908721924, 0.23133403062820435, 0.26412370800971985, 0.618708074092865], "lowlevel.gfcc.cov": [[3934.604248046875, -518.6365356445312, -854.2340698242188, -285.5418395996094, -276.71405029296875, 279.8753967285156, -98.45028686523438, 412.5347900390625, -120.54119110107422, 99.7600326538086, -123.07368469238281, 2.5039851665496826, -86.875732421875], [-518.6365356445312, 1514.869384765625, -264.4623718261719, -614.8349609375, 227.96163940429688, -408.313232421875, 185.7527313232422, -158.12754821777344, 156.4293975830078, -171.1459197998047, 214.24594116210938, -93.11090087890625, 82.38850402832031], [-854.2340698242188, -264.4623718261719, 932.931884765625, 370.9816589355469, -75.05474853515625, 47.585426330566406, -75.9831314086914, -158.9311981201172, -60.25361633300781, 56.592716217041016, -58.512569427490234, 95.71587371826172, -11.176400184631348], [-285.5418395996094, -614.8349609375, 370.9816589355469, 778.7774658203125, -9.684059143066406, -85.47451782226562, -180.54188537597656, -58.2326774597168, 71.72862243652344, 27.18450927734375, -66.55294036865234, 18.308300018310547, 26.03531837463379], [-276.71405029296875, 227.96163940429688, -75.05474853515625, -9.684059143066406, 313.6516418457031, -75.77750396728516, -58.3845100402832, -18.29888916015625, 57.31510543823242, -47.02074432373047, 3.279775857925415, -57.303680419921875, 59.35287094116211], [279.8753967285156, -408.313232421875, 47.585426330566406, -85.47451782226562, -75.77750396728516, 483.0689392089844, 143.9988555908203, -18.540367126464844, -178.1543426513672, 63.104331970214844, -40.11091232299805, 22.772382736206055, -48.995155334472656], [-98.45028686523438, 185.7527313232422, -75.9831314086914, -180.54188537597656, -58.3845100402832, 143.9988555908203, 366.2145690917969, -13.502433776855469, -92.80186462402344, -43.052364349365234, 76.29008483886719, 23.744619369506836, -46.402339935302734], [412.5347900390625, -158.12754821777344, -158.9311981201172, -58.2326774597168, -18.29888916015625, -18.540367126464844, -13.502433776855469, 274.4519958496094, 41.88701629638672, -2.2756218910217285, -59.79237747192383, -6.868059158325195, -21.373565673828125], [-120.54119110107422, 156.4293975830078, -60.25361633300781, 71.72862243652344, 57.31510543823242, -178.1543426513672, -92.80186462402344, 41.88701629638672, 231.18603515625, 22.568971633911133, 2.0656216144561768, -66.50521850585938, 29.601577758789062], [99.7600326538086, -171.1459197998047, 56.592716217041016, 27.18450927734375, -47.02074432373047, 63.104331970214844, -43.052364349365234, -2.2756218910217285, 22.568971633911133, 159.6869354248047, -6.818887710571289, -12.464205741882324, -30.297597885131836], [-123.07368469238281, 214.24594116210938, -58.512569427490234, -66.55294036865234, 3.279775857925415, -40.11091232299805, 76.29008483886719, -59.79237747192383, 2.0656216144561768, -6.818887710571289, 143.2235870361328, 22.612882614135742, 0.08188778907060623], [2.5039851665496826, -93.11090087890625, 95.71587371826172, 18.308300018310547, -57.303680419921875, 22.772382736206055, 23.744619369506836, -6.868059158325195, -66.50521850585938, -12.464205741882324, 22.612882614135742, 135.6948699951172, 7.553184986114502], [-86.875732421875, 82.38850402832031, -11.176400184631348, 26.03531837463379, 59.35287094116211, -48.995155334472656, -46.402339935302734, -21.373565673828125, 29.601577758789062, -30.297597885131836, 0.08188778907060623, 7.553184986114502, 102.53832244873047]], "lowlevel.gfcc.icov": [[0.0006319344975054264, -0.0013478613691404462, 0.0009766219882294536, -0.0012602804927155375, 0.0009366523590870202, -0.001416454673744738, 0.0012137866578996181, -0.0013721596915274858, 0.0010672335047274828, -0.0008996077813208103, 0.0008076354279182851, -0.0008301764028146863, 0.0005757236503995955], [-0.0013478613691404462, 0.012731555849313736, -0.0042187524959445, 0.011539353989064693, -0.004883423447608948, 0.01106012798845768, -0.007524596061557531, 0.009001069702208042, -0.007050984539091587, 0.006665313150733709, -0.006190994754433632, 0.00648059556260705, -0.004646325949579477], [0.0009766219882294536, -0.0042187524959445, 0.0037288889288902283, -0.004502618219703436, 0.0021125287748873234, -0.003847236977890134, 0.002885495312511921, -0.0023149435874074697, 0.0027672334108501673, -0.0029253889806568623, 0.0033410508185625076, -0.003607660997658968, 0.002128839259967208], [-0.0012602804927155375, 0.011539353989064693, -0.004502618219703436, 0.012302359566092491, -0.004315630998462439, 0.010079597122967243, -0.0062866476364433765, 0.008442232385277748, -0.007053277920931578, 0.0062392642721533775, -0.00516902282834053, 0.005685544107109308, -0.004259799141436815], [0.0009366523590870202, -0.004883423447608948, 0.0021125287748873234, -0.004315630998462439, 0.006471574306488037, -0.004515131935477257, 0.0038460895884782076, -0.003608891274780035, 0.0027066292241215706, -0.001524666091427207, 0.0020122863352298737, -0.0007872517453506589, -4.726593033410609e-05], [-0.001416454673744738, 0.01106012798845768, -0.003847236977890134, 0.010079597122967243, -0.004515131935477257, 0.013708912767469883, -0.008294399827718735, 0.008222254924476147, -0.003493736730888486, 0.003511647693812847, -0.0035963759291917086, 0.006080476567149162, -0.004339927341789007], [0.0012137866578996181, -0.007524596061557531, 0.002885495312511921, -0.0062866476364433765, 0.0038460895884782076, -0.008294399827718735, 0.00951383076608181, -0.005906347651034594, 0.0045517077669501305, -0.0019650952890515327, 0.0010311863152310252, -0.003678136272355914, 0.004245216492563486], [-0.0013721596915274858, 0.009001069702208042, -0.0023149435874074697, 0.008442232385277748, -0.003608891274780035, 0.008222254924476147, -0.005906347651034594, 0.012127185240387917, -0.006802171003073454, 0.004967670887708664, -0.0011872084578499198, 0.0028536878526210785, -0.001695689163170755], [0.0010672335047274828, -0.007050984539091587, 0.0027672334108501673, -0.007053277920931578, 0.0027066292241215706, -0.003493736730888486, 0.0045517077669501305, -0.006802171003073454, 0.012772842310369015, -0.0062970430590212345, 0.0025347641203552485, -3.9395126805175096e-05, 0.0005208599613979459], [-0.0008996077813208103, 0.006665313150733709, -0.0029253889806568623, 0.0062392642721533775, -0.001524666091427207, 0.003511647693812847, -0.0019650952890515327, 0.004967670887708664, -0.0062970430590212345, 0.012635614722967148, -0.004848997108638287, 0.004059669561684132, -5.785267785540782e-05], [0.0008076354279182851, -0.006190994754433632, 0.0033410508185625076, -0.00516902282834053, 0.0020122863352298737, -0.0035963759291917086, 0.0010311863152310252, -0.0011872084578499198, 0.0025347641203552485, -0.004848997108638287, 0.01455979235470295, -0.006504477933049202, 0.0029742508195340633], [-0.0008301764028146863, 0.00648059556260705, -0.003607660997658968, 0.005685544107109308, -0.0007872517453506589, 0.006080476567149162, -0.003678136272355914, 0.0028536878526210785, -3.9395126805175096e-05, 0.004059669561684132, -0.006504477933049202, 0.014778586104512215, -0.005328386556357145], [0.0005757236503995955, -0.004646325949579477, 0.002128839259967208, -0.004259799141436815, -4.726593033410609e-05, -0.004339927341789007, 0.004245216492563486, -0.001695689163170755, 0.0005208599613979459, -5.785267785540782e-05, 0.0029742508195340633, -0.005328386556357145, 0.015031110495328903]], "lowlevel.mfcc.cov": [[4134.43701171875, -627.408935546875, -745.5455932617188, -483.16943359375, -160.41444396972656, -228.9448699951172, 37.22796630859375, 120.50481414794922, 49.438987731933594, 145.53175354003906, 143.19874572753906, -86.66683959960938, -25.40016746520996], [-627.408935546875, 1900.76904296875, -506.5713806152344, -288.66168212890625, -125.12667083740234, -218.89114379882812, 9.871414184570312, -1.2493228912353516, -76.54120635986328, -87.749267578125, 59.277076721191406, 3.864072799682617, -2.5583994388580322], [-745.5455932617188, -506.5713806152344, 899.0877075195312, 249.50059509277344, -40.146034240722656, 231.68353271484375, -14.077826499938965, -53.044586181640625, -41.76078796386719, -51.767337799072266, -94.98780059814453, 44.81687927246094, 21.42603874206543], [-483.16943359375, -288.66168212890625, 249.50059509277344, 646.0242919921875, 189.39285278320312, -69.18260955810547, -227.0013885498047, -58.39243698120117, 17.41045570373535, -3.647378444671631, -102.96565246582031, 12.385287284851074, 91.41461181640625], [-160.41444396972656, -125.12667083740234, -40.146034240722656, 189.39285278320312, 427.3290710449219, -50.44739532470703, -173.34420776367188, -85.08451080322266, 64.86144256591797, 53.372989654541016, -87.14472198486328, -41.136592864990234, 27.699993133544922], [-228.9448699951172, -218.89114379882812, 231.68353271484375, -69.18260955810547, -50.44739532470703, 392.9309997558594, 160.51333618164062, -54.25764465332031, -53.709712982177734, -21.613567352294922, -16.236650466918945, 6.764611721038818, -66.98973083496094], [37.22796630859375, 9.871414184570312, -14.077826499938965, -227.0013885498047, -173.34420776367188, 160.51333618164062, 339.24053955078125, 99.20685577392578, -45.873043060302734, -60.8913688659668, 48.81939697265625, 10.24125862121582, -65.93913269042969], [120.50481414794922, -1.2493228912353516, -53.044586181640625, -58.39243698120117, -85.08451080322266, -54.25764465332031, 99.20685577392578, 195.6717987060547, 24.154476165771484, -55.74714279174805, 17.27394676208496, 3.3276960849761963, 2.2679641246795654], [49.438987731933594, -76.54120635986328, -41.76078796386719, 17.41045570373535, 64.86144256591797, -53.709712982177734, -45.873043060302734, 24.154476165771484, 154.31631469726562, 50.336299896240234, -9.620254516601562, -13.873725891113281, -0.09333240985870361], [145.53175354003906, -87.749267578125, -51.767337799072266, -3.647378444671631, 53.372989654541016, -21.613567352294922, -60.8913688659668, -55.74714279174805, 50.336299896240234, 185.91954040527344, 41.63713455200195, -23.863679885864258, -13.91650676727295], [143.19874572753906, 59.277076721191406, -94.98780059814453, -102.96565246582031, -87.14472198486328, -16.236650466918945, 48.81939697265625, 17.27394676208496, -9.620254516601562, 41.63713455200195, 144.1400909423828, 17.035776138305664, -29.324254989624023], [-86.66683959960938, 3.864072799682617, 44.81687927246094, 12.385287284851074, -41.136592864990234, 6.764611721038818, 10.24125862121582, 3.3276960849761963, -13.873725891113281, -23.863679885864258, 17.035776138305664, 85.05342102050781, 29.801790237426758], [-25.40016746520996, -2.5583994388580322, 21.42603874206543, 91.41461181640625, 27.699993133544922, -66.98973083496094, -65.93913269042969, 2.2679641246795654, -0.09333240985870361, -13.91650676727295, -29.324254989624023, 29.801790237426758, 114.46195220947266]], "lowlevel.mfcc.icov": [[0.0004396094591356814, 0.00035445133107714355, 0.000428368104621768, 0.0003513545379973948, 0.0002919191319961101, 0.00019301545398775488, 0.00022588954016100615, -3.437139457673766e-05, 0.00018489010108169168, -8.012090984266251e-05, 4.24430072598625e-05, 0.0003108290256932378, -0.00016183349362108856], [0.00035445133107714355, 0.0010300545254722238, 0.0006800281116738915, 0.0005369573482312262, 0.00044021537178196013, 0.0005490142502821982, 0.0002692101988941431, 0.0003975020663347095, 0.0004279141721781343, 0.00043149091652594507, 0.00011484694550745189, 0.00018771385657601058, -5.9102170780533925e-05], [0.000428368104621768, 0.0006800281116738915, 0.0023414448369294405, -0.0002517279936000705, 0.0009646271937526762, -0.000861304288264364, 0.0006651747389696538, 7.472141442121938e-05, 0.000316679070238024, 0.00014832353917881846, 0.0009061176097020507, -0.0003810390771832317, -0.0001331658277194947], [0.0003513545379973948, 0.0005369573482312262, -0.0002517279936000705, 0.003002129029482603, -0.00040428375359624624, 0.00047229911433532834, 0.001425115275196731, -0.00018776448268909007, 0.0004930617869831622, 0.00022281237761490047, 0.0005482707056216896, -2.4206001398852095e-05, -0.0008873371407389641], [0.0002919191319961101, 0.00044021537178196013, 0.0009646271937526762, -0.00040428375359624624, 0.004126505460590124, -0.00011119874397991225, 0.0011133326916024089, 0.0010088260751217604, -0.0008577601402066648, -0.00031162030063569546, 0.0017376163741573691, 0.001122722984291613, -0.00011113187065348029], [0.00019301545398775488, 0.0005490142502821982, -0.000861304288264364, 0.00047229911433532834, -0.00011119874397991225, 0.005494044627994299, -0.002851424738764763, 0.0025512713473290205, 0.0006431903457269073, 6.622413638979197e-05, 0.0009879727149382234, -0.00037736352533102036, 0.001748213660903275], [0.00022588954016100615, 0.0002692101988941431, 0.0006651747389696538, 0.001425115275196731, 0.0011133326916024089, -0.002851424738764763, 0.007442573085427284, -0.0034855289850383997, 0.0010664075380191207, 0.0007853374117985368, -0.0004974636831320822, -0.00027991653769277036, 0.0012535806745290756], [-3.437139457673766e-05, 0.0003975020663347095, 7.472141442121938e-05, -0.00018776448268909007, 0.0010088260751217604, 0.0025512713473290205, -0.0034855289850383997, 0.009136388078331947, -0.0025747399777173996, 0.0027080043219029903, -0.00048213033005595207, 0.0010216273367404938, -0.000865096808411181], [0.00018489010108169168, 0.0004279141721781343, 0.000316679070238024, 0.0004930617869831622, -0.0008577601402066648, 0.0006431903457269073, 0.0010664075380191207, -0.0025747399777173996, 0.008864487521350384, -0.0026250435039401054, 0.0013087488478049636, -0.0004632834461517632, 0.0009908791398629546], [-8.012090984266251e-05, 0.00043149091652594507, 0.00014832353917881846, 0.00022281237761490047, -0.00031162030063569546, 6.622413638979197e-05, 0.0007853374117985368, 0.0027080043219029903, -0.0026250435039401054, 0.008638047613203526, -0.003569708438590169, 0.002190288156270981, -0.00013763112656306475], [4.24430072598625e-05, 0.00011484694550745189, 0.0009061176097020507, 0.0005482707056216896, 0.0017376163741573691, 0.0009879727149382234, -0.0004974636831320822, -0.00048213033005595207, 0.0013087488478049636, -0.003569708438590169, 0.011332054622471333, -0.0036880436819046736, 0.0027156558353453875], [0.0003108290256932378, 0.00018771385657601058, -0.0003810390771832317, -2.4206001398852095e-05, 0.001122722984291613, -0.00037736352533102036, -0.00027991653769277036, 0.0010216273367404938, -0.0004632834461517632, 0.002190288156270981, -0.0036880436819046736, 0.01598961651325226, -0.005352271720767021], [-0.00016183349362108856, -5.9102170780533925e-05, -0.0001331658277194947, -0.0008873371407389641, -0.00011113187065348029, 0.001748213660903275, 0.0012535806745290756, -0.000865096808411181, 0.0009908791398629546, -0.00013763112656306475, 0.0027156558353453875, -0.005352271720767021, 0.013295586220920086]], "metadata.audio_properties.analysis.downmix": "mix", "metadata.audio_properties.codec": "mp3", "metadata.audio_properties.md5_encoded": "15f15f53919f6c74583291d8410cbc5a", "metadata.tags.file_name": "1182269090195324969.mp3", "metadata.version.essentia": "2.1-beta6-dev", "metadata.version