{"song_id": "1182275959093743656", "download": "https://cdn.discordapp.com/attachments/1128313332273782784/1182275959093743656/chirp.mp4?ex=65841b4a&amp", "lyrics": "Semper sursum, we be risin' up high,\nWeb design flow, gotta catch your eye,\nPromote the game, we the kings of the net,\nStackin' them codes, no time to forget.\n\nCodin' genius, breakin' all the rules,\nHTML, CSS, it's our tools,\nFresh designs, yeah, we keep it real slick,\nWe be takin' over, ain't no lick.", "style": ["pop rock"], "essentia_features": {"lowlevel.average_loudness": 0.9762636423110962, "lowlevel.barkbands_crest.mean": 16.1605281829834, "lowlevel.barkbands_crest.stdev": 5.114279747009277, "lowlevel.barkbands_flatness_db.mean": 0.257501482963562, "lowlevel.barkbands_flatness_db.stdev": 0.08007851988077164, "lowlevel.barkbands_kurtosis.mean": 41.156856536865234, "lowlevel.barkbands_kurtosis.stdev": 97.35125732421875, "lowlevel.barkbands_skewness.mean": 3.9393653869628906, "lowlevel.barkbands_skewness.stdev": 3.5789794921875, "lowlevel.barkbands_spread.mean": 17.245208740234375, "lowlevel.barkbands_spread.stdev": 21.892181396484375, "lowlevel.dissonance.mean": 0.4388315975666046, "lowlevel.dissonance.stdev": 0.04878120496869087, "lowlevel.dynamic_complexity": 2.5119454860687256, "lowlevel.erbbands_crest.mean": 11.170671463012695, "lowlevel.erbbands_crest.stdev": 5.068062782287598, "lowlevel.erbbands_flatness_db.mean": 0.16660138964653015, "lowlevel.erbbands_flatness_db.stdev": 0.047332603484392166, "lowlevel.erbbands_kurtosis.mean": 2.400632858276367, "lowlevel.erbbands_kurtosis.stdev": 4.870752334594727, "lowlevel.erbbands_skewness.mean": 0.40478724241256714, "lowlevel.erbbands_skewness.stdev": 1.3792160749435425, "lowlevel.erbbands_spread.mean": 45.95469665527344, "lowlevel.erbbands_spread.stdev": 30.782773971557617, "lowlevel.hfc.mean": 19.518169403076172, "lowlevel.hfc.stdev": 18.650537490844727, "lowlevel.loudness_ebu128.integrated": -13.539963722229004, "lowlevel.loudness_ebu128.loudness_range": 0.9371128082275391, "lowlevel.loudness_ebu128.momentary.mean": -13.851759910583496, "lowlevel.loudness_ebu128.momentary.stdev": 1.7171822786331177, "lowlevel.loudness_ebu128.short_term.mean": -13.553613662719727, "lowlevel.loudness_ebu128.short_term.stdev": 0.30384722352027893, "lowlevel.melbands_crest.mean": 24.94270896911621, "lowlevel.melbands_crest.stdev": 7.781110763549805, "lowlevel.melbands_flatness_db.mean": 0.33281946182250977, "lowlevel.melbands_flatness_db.stdev": 0.10349171608686447, "lowlevel.melbands_kurtosis.mean": 90.95182800292969, "lowlevel.melbands_kurtosis.stdev": 151.265380859375, "lowlevel.melbands_skewness.mean": 5.962087154388428, "lowlevel.melbands_skewness.stdev": 4.791696548461914, "lowlevel.melbands_spread.mean": 13.563937187194824, "lowlevel.melbands_spread.stdev": 20.34684944152832, "lowlevel.pitch_salience.mean": 0.3513948917388916, "lowlevel.pitch_salience.stdev": 0.1469322293996811, "lowlevel.silence_rate_20dB.mean": 0.9970802664756775, "lowlevel.silence_rate_20dB.stdev": 0.053955480456352234, "lowlevel.silence_rate_30dB.mean": 0.8321167826652527, "lowlevel.silence_rate_30dB.stdev": 0.373761385679245, "lowlevel.silence_rate_60dB.mean": 0.002919707912951708, "lowlevel.silence_rate_60dB.stdev": 0.05395537242293358, "lowlevel.spectral_centroid.mean": 1134.0889892578125, "lowlevel.spectral_centroid.stdev": 1024.385009765625, "lowlevel.spectral_complexity.mean": 9.626276969909668, "lowlevel.spectral_complexity.stdev": 8.28685474395752, "lowlevel.spectral_decrease.mean": -1.7537484353624677e-08, "lowlevel.spectral_decrease.stdev": 1.865269183554119e-08, "lowlevel.spectral_energy.mean": 0.06796091794967651, "lowlevel.spectral_energy.stdev": 0.07086539268493652, "lowlevel.spectral_energyband_high.mean": 0.0010023877257481217, "lowlevel.spectral_energyband_high.stdev": 0.0019296236569061875, "lowlevel.spectral_energyband_low.mean": 0.05321575701236725, "lowlevel.spectral_energyband_low.stdev": 0.0666324645280838, "lowlevel.spectral_energyband_middle_high.mean": 0.0033834297209978104, "lowlevel.spectral_energyband_middle_high.stdev": 0.005628905724734068, "lowlevel.spectral_energyband_middle_low.mean": 0.011639724485576153, "lowlevel.spectral_energyband_middle_low.stdev": 0.020767174661159515, "lowlevel.spectral_entropy.mean": 7.369917392730713, "lowlevel.spectral_entropy.stdev": 0.6786171793937683, "lowlevel.spectral_flux.mean": 0.12575367093086243, "lowlevel.spectral_flux.stdev": 0.11703092604875565, "lowlevel.spectral_kurtosis.mean": 4.266602516174316, "lowlevel.spectral_kurtosis.stdev": 4.200974941253662, "lowlevel.spectral_rms.mean": 0.00741058774292469, "lowlevel.spectral_rms.stdev": 0.003374388674274087, "lowlevel.spectral_rolloff.mean": 879.528076171875, "lowlevel.spectral_rolloff.stdev": 1797.18359375, "lowlevel.spectral_skewness.mean": 1.6170657873153687, "lowlevel.spectral_skewness.stdev": 0.826639711856842, "lowlevel.spectral_spread.mean": 5733269.5, "lowlevel.spectral_spread.stdev": 2227012.0, "lowlevel.spectral_strongpeak.mean": 0.6016979813575745, "lowlevel.spectral_strongpeak.stdev": 0.696108877658844, "lowlevel.zerocrossingrate.mean": 0.03581703454256058, "lowlevel.zerocrossingrate.stdev": 0.04098408669233322, "metadata.audio_properties.analysis.equal_loudness": 0.0, "metadata.audio_properties.analysis.length": 15.870952606201172, "metadata.audio_properties.analysis.sample_rate": 44100.0, "metadata.audio_properties.analysis.start_time": 0.0, "metadata.audio_properties.bit_rate": 119747.0, "metadata.audio_properties.length": 15.871999740600586, "metadata.audio_properties.lossless": 0.0, "metadata.audio_properties.number_channels": 1.0, "metadata.audio_properties.replay_gain": -11.923608779907227, "metadata.audio_properties.sample_rate": 48000.0, "rhythm.beats_count": 24.0, "rhythm.beats_loudness.mean": 0.0689365491271019, "rhythm.beats_loudness.stdev": 0.0562785267829895, "rhythm.bpm": 92.69837951660156, "rhythm.bpm_histogram_first_peak_bpm": 92.0, "rhythm.bpm_histogram_first_peak_weight": 0.40909093618392944, "rhythm.bpm_histogram_second_peak_bpm": 86.0, "rhythm.bpm_histogram_second_peak_spread": 0.0, "rhythm.bpm_histogram_second_peak_weight": 0.043478261679410934, "rhythm.danceability": 1.9006901979446411, "rhythm.onset_rate": 5.347909927368164, "tonal.chords_changes_rate": 0.11078717559576035, "tonal.chords_number_rate": 0.02332361601293087, "tonal.chords_strength.mean": 0.49480658769607544, "tonal.chords_strength.stdev": 0.0996568500995636, "tonal.hpcp_crest.mean": 13.142621994018555, "tonal.hpcp_crest.stdev": 5.823423385620117, "tonal.hpcp_entropy.mean": 2.019894599914551, "tonal.hpcp_entropy.stdev": 0.7130469083786011, "tonal.key_edma.strength": 0.6261721253395081, "tonal.key_krumhansl.strength": 0.6183876991271973, "tonal.key_temperley.strength": 0.6037226915359497, "tonal.tuning_diatonic_strength": 0.5658629536628723, "tonal.tuning_equal_tempered_deviation": 0.25800812244415283, "tonal.tuning_frequency": 434.193115234375, "tonal.tuning_nontempered_energy_ratio": 0.9058554172515869, "lowlevel.barkbands.mean": [0.004969857633113861, 0.04177243262529373, 0.00531462486833334, 0.002838623709976673, 0.0032766314689069986, 0.0005855182535015047, 0.002539609558880329, 0.0009500433225184679, 0.0012138454476371408, 0.0006972399423830211, 0.0005471271579153836, 0.0005460839602164924, 0.00046194929745979607, 0.0002647156943567097, 0.00023316338774748147, 0.00033373324549756944, 0.00023164137382991612, 7.174042548285797e-05, 7.197514059953392e-05, 8.343788067577407e-05, 0.00014889052545186132, 0.0002073795476462692, 0.0002666311920620501, 0.00017271641991101205, 0.00013285795284900814, 2.8435744752641767e-05, 8.580978594352473e-09], "lowlevel.barkbands.stdev": [0.0035531979519873857, 0.057832058519124985, 0.017046796157956123, 0.012290838174521923, 0.006989584770053625, 0.0015630159759894013, 0.00474467733874917, 0.003273326437920332, 0.0034837466664612293, 0.0024061533622443676, 0.0019833336118608713, 0.0019315362442284822, 0.0015021382132545114, 0.0007614243077114224, 0.0008576953550800681, 0.000810979341622442, 0.0004996128845959902, 0.0002355231554247439, 0.00023243114992510527, 0.00025769765488803387, 0.0004036452155560255, 0.0003960766189265996, 0.0006127334199845791, 0.0004529629077296704, 0.00037845014594495296, 7.089006976457313e-05, 8.288250086252447e-08], "lowlevel.erbbands.mean": [1.6290712356567383, 7.431640625, 8.149208068847656, 8.37973690032959, 10.82617473602295, 11.365583419799805, 4.046809196472168, 6.172021865844727, 26.019195556640625, 41.204689025878906, 16.65084457397461, 29.264684677124023, 23.699220657348633, 23.053871154785156, 22.459930419921875, 21.27961540222168, 22.4865779876709, 15.243475914001465, 11.425646781921387, 15.648422241210938, 18.272607803344727, 12.577531814575195, 4.604487419128418, 3.4517862796783447, 3.7546608448028564, 3.985527276992798, 5.059417247772217, 6.5637526512146, 7.384469032287598, 7.651908874511719, 7.445565700531006, 4.199309349060059, 2.7322301864624023, 1.7686723470687866, 0.782593309879303, 0.2238755077123642, 0.034486182034015656, 0.0012435137759894133, 7.552335591753945e-05, 8.088183676591143e-05], "lowlevel.erbbands.stdev": [1.7145915031433105, 14.13925552368164, 21.11811065673828, 32.374542236328125, 34.94231414794922, 21.100509643554688, 10.46469497680664, 15.213775634765625, 50.92597961425781, 89.16825866699219, 53.231544494628906, 89.29016876220703, 77.03741455078125, 72.7230453491211, 69.30873107910156, 69.12457275390625, 73.57605743408203, 41.73591232299805, 34.9288330078125, 60.59357452392578, 38.83110809326172, 25.64859390258789, 12.794323921203613, 12.050117492675781, 11.433680534362793, 12.434918403625488, 15.624479293823242, 15.658702850341797, 14.315485954284668, 14.797694206237793, 18.00395965576172, 10.383895874023438, 7.900166034698486, 5.258364677429199, 2.1842756271362305, 0.5633528828620911, 0.09240338206291199, 0.0033883261494338512, 0.00010791226668516174, 7.620559335919097e-05], "lowlevel.gfcc.mean": [-35.77931213378906, 97.37813568115234, -76.98998260498047, 48.2467041015625, -57.499794006347656, 40.05790328979492, -28.29503059387207, 16.94577980041504, -3.0127687454223633, 9.228289604187012, -13.31718635559082, 5.597897529602051, -0.4643842577934265], "lowlevel.melbands.mean": [0.012953642755746841, 0.0060912007465958595, 0.001500150770880282, 0.0008429264416918159, 0.00019756160327233374, 0.00013782471069134772, 0.0004416687588673085, 0.0004094176983926445, 0.00013106432743370533, 0.00018158811144530773, 0.00011465766874607652, 9.249839058611542e-05, 7.413931598421186e-05, 6.307158764684573e-05, 5.86740679864306e-05, 3.965913492720574e-05, 2.6779784093378112e-05, 1.7733445929479785e-05, 1.8221555365016684e-05, 2.1912370357313193e-05, 2.154340472770855e-05, 1.5009817616373766e-05, 5.683543349732645e-06, 2.973632490466116e-06, 2.722895715123741e-06, 2.7643911835184554e-06, 2.670894900802523e-06, 2.609460807434516e-06, 2.7787350518337917e-06, 3.7466345474967966e-06, 3.9011461012705695e-06, 4.244807314535137e-06, 3.9174638004624285e-06, 4.508781330514466e-06, 4.556671228783671e-06, 3.336596137160086e-06, 2.2854017061035847e-06, 1.8571791997601395e-06, 1.775320583874418e-06, 1.4172514966048766e-06], "lowlevel.melbands.stdev": [0.015250260941684246, 0.012750595808029175, 0.0056376988068223, 0.001885290490463376, 0.00044862559298053384, 0.0003467783099040389, 0.0008433489711023867, 0.000920846767257899, 0.00040505893412046134, 0.0005395515472628176, 0.0003952540864702314, 0.0003097199369221926, 0.00023881545348558575, 0.00024157801817636937, 0.00022691623598802835, 0.0001248710905201733, 8.236467692768201e-05, 5.869269443792291e-05, 6.727381696691737e-05, 7.195669604698196e-05, 4.581454049912281e-05, 3.187340189469978e-05, 1.472762869525468e-05, 1.0671679774532095e-05, 9.878652235784102e-06, 8.939241524785757e-06, 8.051878467085771e-06, 8.524604709236883e-06, 9.215340469381772e-06, 1.1166073818458244e-05, 9.066816346603446e-06, 8.402712410315871e-06, 7.908432053227443e-06, 9.11354163690703e-06, 1.110177890950581e-05, 8.63177228893619e-06, 5.721131401514867e-06, 5.149525350134354e-06, 6.0840848163934425e-06, 4.150242602918297e-06], "lowlevel.melbands128.mean": [0.004530023317784071, 0.014586330391466618, 0.015636518597602844, 0.011627326719462872, 0.00534483278170228, 0.0023979919496923685, 0.0017115523805841804, 0.0013156519271433353, 0.0010223252465948462, 0.0010117925703525543, 0.0006134109571576118, 0.00025227206060662866, 9.84788712230511e-05, 9.048093488672748e-05, 0.00011253743286943063, 0.0001579041127115488, 0.0002795509062707424, 0.0005210232338868082, 0.000612773816101253, 0.0005281253252178431, 0.0002771871513687074, 0.00012281320232432336, 7.88539182394743e-05, 0.00016454192518722266, 0.0002557181578595191, 0.0001379237073706463, 0.0001450477575417608, 0.00011274315329501405, 8.921078551793471e-05, 0.00010403177293483168, 8.707788219908252e-05, 8.685216016601771e-05, 6.609818956349045e-05, 7.389325764961541e-05, 7.420049223583192e-05, 5.9165864513488486e-05, 4.0866812923923135e-05, 6.751534237992018e-05, 6.337124796118587e-05, 5.0399023166392e-05, 2.950462294393219e-05, 3.0803203117102385e-05, 3.030916013813112e-05, 2.4833741917973384e-05, 1.569531741552055e-05, 1.748719841998536e-05, 1.7995313100982457e-05, 1.5610394257237203e-05, 1.6627254808554426e-05, 2.9010216167080216e-05, 1.8827704479917884e-05, 2.0118466636631638e-05, 2.4732184101594612e-05, 1.9376226191525348e-05, 2.083845902234316e-05, 1.6878782844287343e-05, 7.943701348267496e-06, 6.6155662352684885e-06, 4.99173756907112e-06, 3.436704673731583e-06, 2.646388793436927e-06, 2.901566176660708e-06, 2.5571910100552486e-06, 2.732816938078031e-06, 2.854323838619166e-06, 2.7666205824061763e-06, 2.718226596698514e-06, 2.6861278001888422e-06, 2.5917545372067252e-06, 2.8481158551585395e-06, 2.3567934022139525e-06, 2.820486997734406e-06, 2.4614105313958135e-06, 2.551591933297459e-06, 3.3611361232033232e-06, 4.000960871053394e-06, 3.875073616654845e-06, 3.3168098525493406e-06, 4.013328180008102e-06, 4.207187885185704e-06, 4.552055088424822e-06, 4.0852864913176745e-06, 4.029215688206023e-06, 3.7881559364905115e-06, 3.993053269368829e-06, 3.97670464735711e-06, 4.798487225343706e-06, 5.366961431718664e-06, 4.194979283056455e-06, 4.5779529500578064e-06, 3.7902893836871954e-06, 2.9302548227860825e-06, 2.553867489041295e-06, 2.3952979972818866e-06, 2.0914415017614374e-06, 1.6791341295174789e-06, 1.889733084681211e-06, 1.967097659871797e-06, 1.8995382333741873e-06, 1.5799948869243963e-06, 1.4985515690568718e-06, 1.422495756742137e-06, 1.2994534017707338e-06, 1.1322184718665085e-06, 9.372737963531108e-07, 6.152453124741442e-07, 5.419288982011494e-07, 4.3400888216638123e-07, 3.626899740538647e-07, 3.292668964149925e-07, 2.26719265583597e-07, 1.3104387619478075e-07, 8.025674702594188e-08, 3.845264728852271e-08, 8.023287811909086e-09, 2.5759141486503268e-09, 4.2960354718069027e-10, 2.3231798429446116e-11, 7.300689566780427e-12, 7.080896632927214e-12, 6.908716654319136e-12, 6.783445766905816e-12, 6.607902159477819e-12, 6.493275535313092e-12, 6.367795613720917e-12, 6.229459656448277e-12, 6.1456022562578205e-12, 6.107019404066882e-12], "lowlevel.melbands128.stdev": [0.0033595364075154066, 0.014740897342562675, 0.02484610304236412, 0.024693984538316727, 0.013659261167049408, 0.007947633042931557, 0.006940972991287708, 0.005765525158494711, 0.0035445529501885176, 0.0019851827528327703, 0.001171986456029117, 0.0006935187848284841, 0.000330654758727178, 0.00031296207453124225, 0.00037687591975554824, 0.0005334517918527126, 0.0007488153642043471, 0.0012815105728805065, 0.001465204986743629, 0.001434369245544076, 0.0010450109839439392, 0.0007839733734726906, 0.000355003954609856, 0.0006018186104483902, 0.0010283679002895951, 0.0004892777651548386, 0.0007494263700209558, 0.0005409274017438293, 0.0004961892263963819, 0.0005092218052595854, 0.00034048649831674993, 0.0005061322008259594, 0.0002461230615153909, 0.00033207653905265033, 0.00035737507278099656, 0.00031907676020637155, 0.0001734154939185828, 0.00041580587276257575, 0.0002999936114065349, 0.00022603460820391774, 0.00012036100815748796, 0.00011362857912899926, 0.00014109686890151352, 0.00010619766544550657, 5.180744483368471e-05, 8.888597221812233e-05, 9.307281288783997e-05, 6.395763921318576e-05, 8.872908802004531e-05, 0.0001635019580135122, 6.378313264576718e-05, 6.226225377758965e-05, 6.593317812075838e-05, 4.9372061766916886e-05, 6.02338659518864e-05, 4.126679050386883e-05, 1.988899748539552e-05, 1.9522129150573164e-05, 1.574165617057588e-05, 1.2043292372254655e-05, 1.0268837286275811e-05, 1.3880761798645835e-05, 1.1097795322712045e-05, 1.0633666533976793e-05, 1.1224799891351722e-05, 9.458591193833854e-06, 9.489515832683537e-06, 8.639966836199164e-06, 8.213549335778225e-06, 9.516586032987107e-06, 8.100510967778973e-06, 1.0652653145371005e-05, 9.533313459542114e-06, 9.275663614971563e-06, 1.1551443094504066e-05, 1.271900600841036e-05, 1.331903968093684e-05, 9.11632741917856e-06, 1.016595615510596e-05, 1.0241850759484805e-05, 9.797406164580025e-06, 8.686642104294151e-06, 8.897273801267147e-06, 8.933495337259956e-06, 8.588984201196581e-06, 7.980996088008396e-06, 1.0602992006170098e-05, 1.3602497347164899e-05, 1.0405667126178741e-05, 1.3171219507057685e-05, 1.00300858321134e-05, 8.000924935913645e-06, 7.1712120188749395e-06, 6.456262326537399e-06, 5.5515333770017605e-06, 4.729720785690006e-06, 5.676177352142986e-06, 6.5013587118301075e-06, 7.3322939897479955e-06, 5.815623808302917e-06, 4.968045686837286e-06, 4.114209332328755e-06, 3.8210914681258146e-06, 3.262534164605313e-06, 3.241705144318985e-06, 1.6513217815372627e-06, 1.39589747050195e-06, 1.1022183343811776e-06, 9.895247785607353e-07, 9.486681733505975e-07, 6.535422585329798e-07, 4.12015793926912e-07, 2.5981574935940444e-07, 1.3405028198576474e-07, 3.2064502164530495e-08, 1.7552780562368753e-08, 4.329892888677023e-09, 1.7930323892301203e-10, 1.413294221236372e-11, 1.3757110034484654e-11, 1.3427337366977987e-11, 1.3148587253708488e-11, 1.286482639167863e-11, 1.2649604454184615e-11, 1.2464408845336283e-11, 1.2310286470751386e-11, 1.2202944384143155e-11, 1.2136585139654876e-11], "lowlevel.mfcc.mean": [-688.0809326171875, 120.61559295654297, 43.19770812988281, 21.992740631103516, 12.369474411010742, 25.646934509277344, -2.1817984580993652, 15.346441268920898, 17.55733299255371, 5.337457656860352, 6.162918567657471, 10.429976463317871, 11.269060134887695], "lowlevel.spectral_contrast_coeffs.mean": [-0.7111322283744812, -0.7220618724822998, -0.7758346199989319, -0.7897049188613892, -0.8038974404335022, -0.7661088109016418], "lowlevel.spectral_contrast_coeffs.stdev": [0.0750218853354454, 0.10345885157585144, 0.08288358151912689, 0.07069450616836548, 0.04653877764940262, 0.046749599277973175], "lowlevel.spectral_contrast_valleys.mean": [-6.748977184295654, -7.295815944671631, -7.994847774505615, -8.323847770690918, -8.500410079956055, -10.246724128723145], "lowlevel.spectral_contrast_valleys.stdev": [0.7068537473678589, 0.7294531464576721, 0.8471246957778931, 0.9027472138404846, 0.9319233298301697, 1.0554277896881104], "rhythm.beats_loudness_band_ratio.mean": [0.6012831330299377, 0.04258660599589348, 0.1991642564535141, 0.0724814161658287, 0.06374331563711166, 0.030365699902176857], "rhythm.beats_loudness_band_ratio.stdev": [0.2882539629936218, 0.04355211928486824, 0.18262431025505066, 0.08831211924552917, 0.08997205644845963, 0.035444166511297226], "tonal.hpcp.mean": [0.07610828429460526, 0.08726031333208084, 0.06551259011030197, 0.050154127180576324, 0.04096983000636101, 0.03469088673591614, 0.050666920840740204, 0.06568906456232071, 0.052190423011779785, 0.04137754440307617, 0.04223531857132912, 0.03577549383044243, 0.04212743788957596, 0.04911831393837929, 0.044582296162843704, 0.058805547654628754, 0.05920254439115524, 0.05372374877333641, 0.09462428838014603, 0.10109710693359375, 0.06709223985671997, 0.1591004878282547, 0.34005895256996155, 0.37152183055877686, 0.27999404072761536, 0.15500794351100922, 0.06343945860862732, 0.054677851498126984, 0.040702566504478455, 0.039174634963274, 0.04419182986021042, 0.03616185858845711, 0.03695172443985939, 0.03648126497864723, 0.036084868013858795, 0.04691774398088455], "tonal.hpcp.stdev": [0.18916811048984528, 0.2179105281829834, 0.17519190907478333, 0.14886817336082458, 0.13571688532829285, 0.12086427956819534, 0.12404996156692505, 0.16719374060630798, 0.14560377597808838, 0.13195571303367615, 0.1545024961233139, 0.13322973251342773, 0.16715002059936523, 0.18165023624897003, 0.1656452715396881, 0.19283267855644226, 0.18938438594341278, 0.15437276661396027, 0.24496319890022278, 0.2519318461418152, 0.19473150372505188, 0.27306562662124634, 0.43009063601493835, 0.36550721526145935, 0.3848934769630432, 0.2584323287010193, 0.1975194364786148, 0.1889793574810028, 0.1450181007385254, 0.14960135519504547, 0.15797442197799683, 0.1208755150437355, 0.13168293237686157, 0.13448067009449005, 0.11800915747880936, 0.12974385917186737], "rhythm.beats_position": [0.6849886775016785, 1.381587266921997, 2.0665760040283203, 2.7167346477508545, 3.3668932914733887, 4.017052173614502, 4.667210578918457, 5.294149398803711, 5.944308280944824, 6.5944671630859375, 7.233015537261963, 7.8715643882751465, 8.544942855834961, 9.183491706848145, 9.822040557861328, 10.448979377746582, 11.099138259887695, 11.749297142028809, 12.399456024169922, 13.02639389038086, 13.676552772521973, 14.326711654663086, 14.9768705368042, 15.627029418945312], "rhythm.bpm_histogram": [0.0, 0.0, 0.0, 0.0, 0.0, 0.0, 0.0, 0.0, 0.0, 0.0, 0.0, 0.0, 0.0, 0.0, 0.0, 0.0, 0.0, 0.0, 0.0, 0.0, 0.0, 0.0, 0.0, 0.0, 0.0, 0.0, 0.0, 0.0, 0.0, 0.0, 0.0, 0.0, 0.0, 0.0, 0.0, 0.0, 0.0, 0.0, 0.0, 0.0, 0.0, 0.0, 0.0, 0.0, 0.0, 0.0, 0.0, 0.0, 0.0, 0.0, 0.0, 0.0, 0.0, 0.0, 0.0, 0.0, 0.0, 0.0, 0.0, 0.0, 0.0, 0.0, 0.0, 0.0, 0.0, 0.0, 0.0, 0.0, 0.0, 0.0, 0.0, 0.0, 0.0, 0.0, 0.0, 0.0, 0.0, 0.0, 0.0, 0.0, 0.0, 0.0, 0.0, 0.0, 0.0, 0.0, 0.043478261679410934, 0.0, 0.043478261679410934, 0.043478261679410934, 0.0, 0.0, 0.5652173757553101, 0.0, 0.17391304671764374, 0.0, 0.1304347813129425, 0.0, 0.0, 0.0, 0.0, 0.0, 0.0, 0.0, 0.0, 0.0, 0.0, 0.0, 0.0, 0.0, 0.0, 0.0, 0.0, 0.0, 0.0, 0.0, 0.0, 0.0, 0.0, 0.0, 0.0, 0.0, 0.0, 0.0, 0.0, 0.0, 0.0, 0.0, 0.0, 0.0, 0.0, 0.0, 0.0, 0.0, 0.0, 0.0, 0.0, 0.0, 0.0, 0.0, 0.0, 0.0, 0.0, 0.0, 0.0, 0.0, 0.0, 0.0, 0.0, 0.0, 0.0, 0.0, 0.0, 0.0, 0.0, 0.0, 0.0, 0.0, 0.0, 0.0, 0.0, 0.0, 0.0, 0.0, 0.0, 0.0, 0.0, 0.0, 0.0, 0.0, 0.0, 0.0, 0.0, 0.0, 0.0, 0.0, 0.0, 0.0, 0.0, 0.0, 0.0, 0.0, 0.0, 0.0, 0.0, 0.0, 0.0, 0.0, 0.0, 0.0, 0.0, 0.0, 0.0, 0.0, 0.0, 0.0, 0.0, 0.0, 0.0, 0.0, 0.0, 0.0, 0.0, 0.0, 0.0, 0.0, 0.0, 0.0, 0.0, 0.0, 0.0, 0.0, 0.0, 0.0, 0.0, 0.0, 0.0, 0.0, 0.0, 0.0, 0.0, 0.0, 0.0, 0.0, 0.0, 0.0, 0.0, 0.0, 0.0, 0.0, 0.0, 0.0, 0.0, 0.0, 0.0, 0.0, 0.0, 0.0, 0.0, 0.0, 0.0, 0.0, 0.0, 0.0, 0.0, 0.0, 0.0, 0.0, 0.0, 0.0], "tonal.chords_histogram": [0.0, 0.0, 0.8746355772018433, 0.0, 0.0, 0.0, 0.0, 3.2069971561431885, 0.0, 8.746356010437012, 19.24198341369629, 4.373178005218506, 5.2478132247924805, 0.0, 0.0, 0.0, 0.0, 34.11078643798828, 11.078717231750488, 13.11953353881836, 0.0, 0.0, 0.0, 0.0], "tonal.thpcp": [1.0, 0.75364089012146, 0.41722431778907776, 0.17075566947460175, 0.14717264473438263, 0.10955632477998734, 0.10544369369745255, 0.11894813925027847, 0.09733441472053528, 0.09946043789386749, 0.09819413721561432, 0.09712718427181244, 0.12628529965877533, 0.20485548675060272, 0.23487263917922974, 0.17633578181266785, 0.1349964439868927, 0.11027570068836212, 0.09337509423494339, 0.13637669384479523, 0.17681078612804413, 0.14047740399837494, 0.11137311905622482, 0.11368192732334137, 0.09629446268081665, 0.11339155584573746, 0.1322084218263626, 0.11999912559986115, 0.15828289091587067, 0.15935145318508148, 0.14460454881191254, 0.25469374656677246, 0.27211618423461914, 0.18058760464191437, 0.42823994159698486, 0.9153135418891907], "lowlevel.gfcc.cov": [[4149.91357421875, -747.2064819335938, -1027.0386962890625, -62.836238861083984, -513.0643920898438, 6.646144390106201, -217.63162231445312, 62.541996002197266, -137.15599060058594, 210.40652465820312, -126.06201934814453, 54.7917594909668, -147.3828582763672], [-747.2064819335938, 2091.915771484375, -192.7010040283203, -576.1979370117188, 449.9788513183594, -264.00872802734375, 138.07952880859375, -307.43902587890625, 130.9518585205078, -250.84278869628906, 31.091827392578125, -120.32522583007812, 212.7661895751953], [-1027.0386962890625, -192.7010040283203, 1206.4613037109375, 350.82135009765625, 62.39303970336914, 105.2940444946289, 34.88800811767578, -3.231975793838501, -47.51112365722656, -90.23031616210938, 0.6221485137939453, 3.5121028423309326, -49.46877670288086], [-62.836238861083984, -576.1979370117188, 350.82135009765625, 631.001953125, 87.90621948242188, 6.909348011016846, -116.93494415283203, 33.012821197509766, 16.369279861450195, -55.57988357543945, -33.576927185058594, 15.82233715057373, 12.382002830505371], [-513.0643920898438, 449.9788513183594, 62.39303970336914, 87.90621948242188, 511.2423095703125, 0.17517738044261932, -12.407166481018066, -75.79670715332031, 93.45008850097656, -90.7091064453125, -44.45197677612305, -65.59034729003906, 80.0956039428711], [6.646144390106201, -264.00872802734375, 105.2940444946289, 6.909348011016846, 0.17517738044261932, 305.59588623046875, 165.82322692871094, -12.128193855285645, -43.82902145385742, 50.94920349121094, 15.826237678527832, -36.80997848510742, -62.29286575317383], [-217.63162231445312, 138.07952880859375, 34.88800811767578, -116.93494415283203, -12.407166481018066, 165.82322692871094, 428.462890625, 39.172786712646484, -87.80551147460938, -20.60649871826172, 57.983787536621094, -33.101295471191406, -22.349578857421875], [62.541996002197266, -307.43902587890625, -3.231975793838501, 33.012821197509766, -75.79670715332031, -12.128193855285645, 39.172786712646484, 196.19692993164062, 32.372982025146484, 44.67093276977539, -15.739039421081543, 23.50849151611328, -32.00383758544922], [-137.15599060058594, 130.9518585205078, -47.51112365722656, 16.369279861450195, 93.45008850097656, -43.82902145385742, -87.80551147460938, 32.372982025146484, 241.25445556640625, 36.271263122558594, -49.147483825683594, -35.488765716552734, 44.35602951049805], [210.40652465820312, -250.84278869628906, -90.23031616210938, -55.57988357543945, -90.7091064453125, 50.94920349121094, -20.60649871826172, 44.67093276977539, 36.271263122558594, 172.36253356933594, 23.956960678100586, -7.140865802764893, -71.12942504882812], [-126.06201934814453, 31.091827392578125, 0.6221485137939453, -33.576927185058594, -44.45197677612305, 15.826237678527832, 57.983787536621094, -15.739039421081543, -49.147483825683594, 23.956960678100586, 148.08348083496094, 23.70010757446289, -25.332630157470703], [54.7917594909668, -120.32522583007812, 3.5121028423309326, 15.82233715057373, -65.59034729003906, -36.80997848510742, -33.101295471191406, 23.50849151611328, -35.488765716552734, -7.140865802764893, 23.70010757446289, 114.11695098876953, 23.447486877441406], [-147.3828582763672, 212.7661895751953, -49.46877670288086, 12.382002830505371, 80.0956039428711, -62.29286575317383, -22.349578857421875, -32.00383758544922, 44.35602951049805, -71.12942504882812, -25.332630157470703, 23.447486877441406, 135.30258178710938]], "lowlevel.gfcc.icov": [[0.0005034334026277065, -0.0005283145583234727, 0.0005801556981168687, -0.0007425459334626794, 0.0006544734351336956, -0.0007230527116917074, 0.0005110902711749077, -0.000501679431181401, 0.0007064339588396251, -0.0006163865909911692, 0.0008962215506471694, -0.0004462328797671944, 0.0005941727431491017], [-0.0005283145583234727, 0.005910871084779501, -0.0013058993499726057, 0.005782502703368664, -0.0034505536314100027, 0.00645261537283659, -0.0038467280101031065, 0.006935346871614456, -0.004618914797902107, 0.005276759620755911, -0.003034865017980337, 0.003148283576592803, -0.0016842108452692628], [0.0005801556981168687, -0.0013058993499726057, 0.0018821931444108486, -0.002081874758005142, 0.0010950189316645265, -0.0019137661438435316, 0.0009227785631082952, -0.001291602966375649, 0.0011270440882071853, -0.0004633334756363183, 0.001250309171155095, -0.0011674875859171152, 0.001705152215436101], [-0.0007425459334626794, 0.005782502703368664, -0.002081874758005142, 0.008025516755878925, -0.003863293444737792, 0.0057801753282547, -0.0027845376171171665, 0.005708547309041023, -0.0044602397829294205, 0.00591074675321579, -0.0034221094101667404, 0.0032079683151096106, -0.002186240628361702], [0.0006544734351336956, -0.0034505536314100027, 0.0010950189316645265, -0.003863293444737792, 0.0051153660751879215, -0.004172679036855698, 0.0023065912537276745, -0.0032075769267976284, 0.001837812247686088, -0.002004240406677127, 0.002250438090413809, -0.0006385934539139271, 0.0004418122989591211], [-0.0007230527116917074, 0.00645261537283659, -0.0019137661438435316, 0.0057801753282547, -0.004172679036855698, 0.012676502577960491, -0.006858235690742731, 0.009236169047653675, -0.004852045327425003, 0.0032438558991998434, -0.002385786036029458, 0.003512477967888117, -0.0005644282209686935], [0.0005110902711749077, -0.0038467280101031065, 0.0009227785631082952, -0.0027845376171171665, 0.0023065912537276745, -0.006858235690742731, 0.007148917764425278, -0.007002935744822025, 0.004486583638936281, -0.00176666968036443, 0.0002475141372997314, -5.081461858935654e-05, -0.0001449611154384911], [-0.000501679431181401, 0.006935346871614456, -0.001291602966375649, 0.005708547309041023, -0.0032075769267976284, 0.009236169047653675, -0.007002935744822025, 0.01601864956319332, -0.007478354498744011, 0.004591706674546003, -0.0012736222706735134, 0.0006579079199582338, 0.0008492619963362813], [0.0007064339588396251, -0.004618914797902107, 0.0011270440882071853, -0.0044602397829294205, 0.001837812247686088, -0.004852045327425003, 0.004486583638936281, -0.007478354498744011, 0.010892936028540134, -0.0072618406265974045, 0.0034012615215033293, 0.0004108708817511797, -0.0023195038083940744], [-0.0006163865909911692, 0.005276759620755911, -0.0004633334756363183, 0.00591074675321579, -0.002004240406677127, 0.0032438558991998434, -0.00176666968036443, 0.004591706674546003, -0.0072618406265974045, 0.01616557687520981, -0.004934289958328009, 0.0025903070345520973, 0.0033008933532983065], [0.0008962215506471694, -0.003034865017980337, 0.001250309171155095, -0.0034221094101667404, 0.002250438090413809, -0.002385786036029458, 0.0002475141372997314, -0.0012736222706735134, 0.0034012615215033293, -0.004934289958328009, 0.011238722130656242, -0.004539755638688803, 0.0030098771676421165], [-0.0004462328797671944, 0.003148283576592803, -0.0011674875859171152, 0.0032079683151096106, -0.0006385934539139271, 0.003512477967888117, -5.081461858935654e-05, 0.0006579079199582338, 0.0004108708817511797, 0.0025903070345520973, -0.004539755638688803, 0.015018491074442863, -0.006240437272936106], [0.0005941727431491017, -0.0016842108452692628, 0.001705152215436101, -0.002186240628361702, 0.0004418122989591211, -0.0005644282209686935, -0.0001449611154384911, 0.0008492619963362813, -0.0023195038083940744, 0.0033008933532983065, 0.0030098771676421165, -0.006240437272936106, 0.015306240878999233]], "lowlevel.mfcc.cov": [[5072.69677734375, -1031.73486328125, -906.2012939453125, -311.2091369628906, -431.25250244140625, -166.2216339111328, -214.85122680664062, -207.93028259277344, -126.983642578125, -0.8380897045135498, 9.938813209533691, 10.229363441467285, -26.984455108642578], [-1031.73486328125, 2341.9189453125, -466.00250244140625, -201.23435974121094, 28.121479034423828, 51.4645881652832, -15.643046379089355, -49.49551010131836, 110.59305572509766, -191.41612243652344, -74.8966064453125, -12.589927673339844, -11.628697395324707], [-906.2012939453125, -466.00250244140625, 1071.12353515625, 185.3708953857422, 47.029541015625, 64.27017974853516, 89.1241683959961, 91.91291046142578, -64.67156982421875, 19.11009407043457, -1.689503788948059, -23.933076858520508, 6.576644420623779], [-311.2091369628906, -201.23435974121094, 185.3708953857422, 470.8391418457031, 237.44932556152344, -48.619667053222656, -59.95365524291992, 58.691932678222656, 33.012542724609375, -31.89824867248535, -80.69670867919922, -47.49357986450195, -4.133359909057617], [-431.25250244140625, 28.121479034423828, 47.029541015625, 237.44932556152344, 519.9452514648438, 66.2728042602539, -184.6551055908203, -30.954957962036133, 63.60115051269531, 2.640953302383423, -85.85049438476562, -14.248679161071777, -6.200580596923828], [-166.2216339111328, 51.4645881652832, 64.27017974853516, -48.619667053222656, 66.2728042602539, 293.7421569824219, 107.87008666992188, 11.808823585510254, 20.345186233520508, 22.57329750061035, 16.800691604614258, 6.276597023010254, -42.28983688354492], [-214.85122680664062, -15.643046379089355, 89.1241683959961, -59.95365524291992, -184.6551055908203, 107.87008666992188, 400.8063659667969, 111.55085754394531, -77.59326171875, 9.299036979675293, 70.27910614013672, -12.926573753356934, -50.83539581298828], [-207.93028259277344, -49.49551010131836, 91.91291046142578, 58.691932678222656, -30.954957962036133, 11.808823585510254, 111.55085754394531, 168.9763641357422, 39.724761962890625, -10.58139419555664, 6.640458106994629, -22.029094696044922, -20.314655303955078], [-126.983642578125, 110.59305572509766, -64.67156982421875, 33.012542724609375, 63.60115051269531, 20.345186233520508, -77.59326171875, 39.724761962890625, 224.85348510742188, 31.938045501708984, -15.259618759155273, 1.4838279485702515, -7.914491653442383], [-0.8380897045135498, -191.41612243652344, 19.11009407043457, -31.89824867248535, 2.640953302383423, 22.57329750061035, 9.299036979675293, -10.58139419555664, 31.938045501708984, 163.1768341064453, 85.1768569946289, 2.6952922344207764, -12.468132019042969], [9.938813209533691, -74.8966064453125, -1.689503788948059, -80.69670867919922, -85.85049438476562, 16.800691604614258, 70.27910614013672, 6.640458106994629, -15.259618759155273, 85.1768569946289, 162.63323974609375, 25.775487899780273, -3.6859641075134277], [10.229363441467285, -12.589927673339844, -23.933076858520508, -47.49357986450195, -14.248679161071777, 6.276597023010254, -12.926573753356934, -22.029094696044922, 1.4838279485702515, 2.6952922344207764, 25.775487899780273, 91.24174499511719, 43.92034912109375], [-26.984455108642578, -11.628697395324707, 6.576644420623779, -4.133359909057617, -6.200580596923828, -42.28983688354492, -50.83539581298828, -20.314655303955078, -7.914491653442383, -12.468132019042969, -3.6859641075134277, 43.92034912109375, 124.22354888916016]], "lowlevel.mfcc.icov": [[0.0003786543384194374, 0.00026969038299284875, 0.00037890608655288815, 6.358258542604744e-05, 0.0003829177003353834, -0.00012846272147726268, 0.00033719936618581414, 0.00019987468840554357, 0.00014100762200541794, 0.00024540332378819585, 6.195564492372796e-05, 0.0001619472895981744, 0.00021380656107794493], [0.00026969038299284875, 0.0007908280822448432, 0.00043205718975514174, 0.0003936793946195394, 3.098728848272003e-05, -8.798010821919888e-05, -9.00452596397372e-06, 0.0004670431080739945, -0.0004357868165243417, 0.0011720143957063556, -0.00017554622900206596, 0.0005065854056738317, 7.26783400750719e-05], [0.00037890608655288815, 0.00043205718975514174, 0.0015621606726199389, -0.00035287890932522714, 0.00044455277384258807, -0.0005617519491352141, 0.0003704787523020059, -0.0003737521474249661, 0.0006122859194874763, 8.266386430477723e-05, 0.00012577323650475591, 0.00031962041975930333, -0.0001122193643823266], [6.358258542604744e-05, 0.0003936793946195394, -0.00035287890932522714, 0.003915739711374044, -0.001922426512464881, 0.0012140379985794425, -0.0004680907295551151, -0.000789086683653295, -0.0005393530591391027, 0.0009372305357828736, 0.00046020461013540626, 0.0012937254505231977, -0.00018766506400424987], [0.0003829177003353834, 3.098728848272003e-05, 0.00044455277384258807, -0.001922426512464881, 0.00425702054053545, -0.0019420903408899903, 0.002279103035107255, 9.722378308651969e-05, 0.000590581854339689, -0.0009698772337287664, 0.001136323786340654, -0.0003703950496856123, 0.0006034349789842963], [-0.00012846272147726268, -8.798010821919888e-05, -0.0005617519491352141, 0.0012140379985794425, -0.0019420903408899903, 0.005234615411609411, -0.002474605105817318, 0.0009330699685961008, -0.0012695749755948782, 2.595243313407991e-05, 4.912502845400013e-05, -0.0008102473220787942, 0.0010686563327908516], [0.00033719936618581414, -9.00452596397372e-06, 0.0003704787523020059, -0.0004680907295551151, 0.002279103035107255, -0.002474605105817318, 0.006054000463336706, -0.0035299973096698523, 0.002729270374402404, -0.00046815210953354836, -0.0007120809750631452, -0.00013990403385832906, 0.0013639507815241814], [0.00019987468840554357, 0.0004670431080739945, -0.0003737521474249661, -0.000789086683653295, 9.722378308651969e-05, 0.0009330699685961008, -0.0035299973096698523, 0.0103487279266119, -0.0036890367045998573, 0.0024053535889834166, -0.0010189004242420197, 0.0017565613379701972, 6.072263204259798e-06], [0.00014100762200541794, -0.0004357868165243417, 0.0006122859194874763, -0.0005393530591391027, 0.000590581854339689, -0.0012695749755948782, 0.002729270374402404, -0.0036890367045998573, 0.007081192918121815, -0.002940719248726964, 0.0013650701148435473, -0.0012692860327661037, 0.0006956246797926724], [0.00024540332378819585, 0.0011720143957063556, 8.266386430477723e-05, 0.0009372305357828736, -0.0009698772337287664, 2.595243313407991e-05, -0.00046815210953354836, 0.0024053535889834166, -0.002940719248726964, 0.011646836996078491, -0.00614918302744627, 0.0022796441335231066, 0.00034519904875196517], [6.195564492372796e-05, -0.00017554622900206596, 0.00012577323650475591, 0.00046020461013540626, 0.001136323786340654, 4.912502845400013e-05, -0.0007120809750631452, -0.0010189004242420197, 0.0013650701148435473, -0.00614918302744627, 0.01110089011490345, -0.0031680690590292215, 0.00054036860819906], [0.0001619472895981744, 0.0005065854056738317, 0.00031962041975930333, 0.0012937254505231977, -0.0003703950496856123, -0.0008102473220787942, -0.00013990403385832906, 0.0017565613379701972, -0.0012692860327661037, 0.0022796441335231066, -0.0031680690590292215, 0.015632493421435356, -0.005428668111562729], [0.00021380656107794493, 7.26783400750719e-05, -0.0001122193643823266, -0.00018766506400424987, 0.0006034349789842963, 0.0010686563327908516, 0.0013639507815241814, 6.072263204259798e-06, 0.0006956246797926724, 0.00034519904875196517, 0.00054036860819906, -0.005428668111562729, 0.01107038464397192]], "metadata.audio_properties.analysis.downmix": "mix", "metadata.audio_properties.codec": "mp3", "metadata.audio_properties.md5_encoded": "3b0c14690c136c16fa667dae4abebd88", "metadata.tags.file_name": "1182275959093743656.mp3", "metadata.version.essentia": "2.1-beta6-dev", "metadata.version.essentia_git_sha": "v2.1_beta5-1110-g77a6a954", "metadata.version.extractor": "music 2.0", "tonal.chords_key": "A", "tonal.chords_scale": "major", "tonal.key_edma.key": "Bb", "tonal.key_edma.scale": "minor", "tonal.key_krumhansl.key": "Bb", "tonal.key_krumhansl.scale": "minor", "tonal.key_temperley.key": "Bb", "tonal.key_temperley.scale": "minor", "metadata.tags.encoding": ["Lavf58.45.100"]}, "essentia_models": [{"model_name": "genre_dortmund", "activations": {"alternative": "0.00010588786", "blues": "1.3253608e-05", "electronic": "0.00010748464", "folkcountry": "1.6858758e-05", "funksoulrnb": "0.00021190925", "jazz": "2.2750091e-05", "pop": "0.0001702043", "raphiphop": "0.99980867", "rock": "0.00026103912"}}, {"model_name": "genre_rosamerica", "activations": {"classic": "5.8938534e-05", "dance": "9.989097e-07", "hip hop": "0.9976657", "jazz": "2.5930149e-06", "pop": "0.00026127056", "rhythm and blues": "0.0017057651", "rock": "0.00012831588", "speech": "0.0009180693"}}, {"model_name": "genre_tzanetakis", "activations": {"blues": "4.432955e-05", "classic": "2.