{"song_id": "1182287039769628733", "download": "https://cdn.discordapp.com/attachments/1135911532732108921/1182287039769628733/chirp.mp4?ex=6584259c&amp", "lyrics": "[Verse]\nCristina and her loyal friend Ron\nTogether they'll conquer the world, from dusk till dawn\nThrough ups and downs, they stand strong\nA bond so tight, a love that's never gone\n\n[Chorus]\nOh, Cristina and Ron, their love shines so bright\nThey're inseparable, like day and night\nIn each other's hearts, they find pure delight\nUna canci\u00f3n de amor, unidos para siempre en su sentir", "style": ["lofi pure music"], "essentia_features": {"lowlevel.average_loudness": 0.9695078730583191, "lowlevel.barkbands_crest.mean": 15.704000473022461, "lowlevel.barkbands_crest.stdev": 6.270376682281494, "lowlevel.barkbands_flatness_db.mean": 0.24485601484775543, "lowlevel.barkbands_flatness_db.stdev": 0.07736734300851822, "lowlevel.barkbands_kurtosis.mean": 32.62261962890625, "lowlevel.barkbands_kurtosis.stdev": 46.97674560546875, "lowlevel.barkbands_skewness.mean": 3.735245704650879, "lowlevel.barkbands_skewness.stdev": 3.573359966278076, "lowlevel.barkbands_spread.mean": 13.07234001159668, "lowlevel.barkbands_spread.stdev": 15.937984466552734, "lowlevel.dissonance.mean": 0.4038897156715393, "lowlevel.dissonance.stdev": 0.057991258800029755, "lowlevel.dynamic_complexity": 4.021299362182617, "lowlevel.erbbands_crest.mean": 15.849550247192383, "lowlevel.erbbands_crest.stdev": 6.973104476928711, "lowlevel.erbbands_flatness_db.mean": 0.23751333355903625, "lowlevel.erbbands_flatness_db.stdev": 0.05883202701807022, "lowlevel.erbbands_kurtosis.mean": 9.829501152038574, "lowlevel.erbbands_kurtosis.stdev": 14.358126640319824, "lowlevel.erbbands_skewness.mean": 1.9142155647277832, "lowlevel.erbbands_skewness.stdev": 2.1908986568450928, "lowlevel.erbbands_spread.mean": 28.782695770263672, "lowlevel.erbbands_spread.stdev": 21.78605079650879, "lowlevel.hfc.mean": 19.173280715942383, "lowlevel.hfc.stdev": 25.482898712158203, "lowlevel.loudness_ebu128.integrated": -14.549497604370117, "lowlevel.loudness_ebu128.loudness_range": 1.5493545532226562, "lowlevel.loudness_ebu128.momentary.mean": -16.723628997802734, "lowlevel.loudness_ebu128.momentary.stdev": 7.886208534240723, "lowlevel.loudness_ebu128.short_term.mean": -14.778371810913086, "lowlevel.loudness_ebu128.short_term.stdev": 0.5036278963088989, "lowlevel.melbands_crest.mean": 20.014724731445312, "lowlevel.melbands_crest.stdev": 7.402612686157227, "lowlevel.melbands_flatness_db.mean": 0.28242915868759155, "lowlevel.melbands_flatness_db.stdev": 0.105693519115448, "lowlevel.melbands_kurtosis.mean": 80.31665802001953, "lowlevel.melbands_kurtosis.stdev": 112.51510620117188, "lowlevel.melbands_skewness.mean": 5.497519493103027, "lowlevel.melbands_skewness.stdev": 4.433636665344238, "lowlevel.melbands_spread.mean": 26.302770614624023, "lowlevel.melbands_spread.stdev": 51.40199279785156, "lowlevel.pitch_salience.mean": 0.43126678466796875, "lowlevel.pitch_salience.stdev": 0.18739929795265198, "lowlevel.silence_rate_20dB.mean": 1.0, "lowlevel.silence_rate_20dB.stdev": 0.0, "lowlevel.silence_rate_30dB.mean": 1.0, "lowlevel.silence_rate_30dB.stdev": 0.0, "lowlevel.silence_rate_60dB.mean": 0.19209039211273193, "lowlevel.silence_rate_60dB.stdev": 0.3939425051212311, "lowlevel.spectral_centroid.mean": 1244.9949951171875, "lowlevel.spectral_centroid.stdev": 1865.758544921875, "lowlevel.spectral_complexity.mean": 7.2217512130737305, "lowlevel.spectral_complexity.stdev": 4.738381862640381, "lowlevel.spectral_decrease.mean": -5.893884491570134e-09, "lowlevel.spectral_decrease.stdev": 4.976569378811746e-09, "lowlevel.spectral_energy.mean": 0.02398395538330078, "lowlevel.spectral_energy.stdev": 0.019146431237459183, "lowlevel.spectral_energyband_high.mean": 0.0012329770252108574, "lowlevel.spectral_energyband_high.stdev": 0.0030885981395840645, "lowlevel.spectral_energyband_low.mean": 0.000228625038289465, "lowlevel.spectral_energyband_low.stdev": 0.0009934460977092385, "lowlevel.spectral_energyband_middle_high.mean": 0.000895418634172529, "lowlevel.spectral_energyband_middle_high.stdev": 0.0014169870410114527, "lowlevel.spectral_energyband_middle_low.mean": 0.021724509075284004, "lowlevel.spectral_energyband_middle_low.stdev": 0.019048579037189484, "lowlevel.spectral_entropy.mean": 6.881569862365723, "lowlevel.spectral_entropy.stdev": 0.9366646409034729, "lowlevel.spectral_flux.mean": 0.05449320375919342, "lowlevel.spectral_flux.stdev": 0.04555410146713257, "lowlevel.spectral_kurtosis.mean": 6.337895393371582, "lowlevel.spectral_kurtosis.stdev": 10.683445930480957, "lowlevel.spectral_rms.mean": 0.004275275394320488, "lowlevel.spectral_rms.stdev": 0.0022629648447036743, "lowlevel.spectral_rolloff.mean": 2236.352783203125, "lowlevel.spectral_rolloff.stdev": 3956.921142578125, "lowlevel.spectral_skewness.mean": 1.8949894905090332, "lowlevel.spectral_skewness.stdev": 1.140164852142334, "lowlevel.spectral_spread.mean": 7107054.0, "lowlevel.spectral_spread.stdev": 5239341.5, "lowlevel.spectral_strongpeak.mean": 1.5626989603042603, "lowlevel.spectral_strongpeak.stdev": 1.2756998538970947, "lowlevel.zerocrossingrate.mean": 0.08512714505195618, "lowlevel.zerocrossingrate.stdev": 0.11493247002363205, "metadata.audio_properties.analysis.equal_loudness": 0.0, "metadata.audio_properties.analysis.length": 16.40532875061035, "metadata.audio_properties.analysis.sample_rate": 44100.0, "metadata.audio_properties.analysis.start_time": 0.0, "metadata.audio_properties.bit_rate": 118295.0, "metadata.audio_properties.length": 16.405332565307617, "metadata.audio_properties.lossless": 0.0, "metadata.audio_properties.number_channels": 1.0, "metadata.audio_properties.replay_gain": -12.699396133422852, "metadata.audio_properties.sample_rate": 48000.0, "rhythm.beats_count": 32.0, "rhythm.beats_loudness.mean": 0.03228813409805298, "rhythm.beats_loudness.stdev": 0.019987404346466064, "rhythm.bpm": 117.83018493652344, "rhythm.bpm_histogram_first_peak_bpm": 117.0, "rhythm.bpm_histogram_first_peak_weight": 0.3333333730697632, "rhythm.bpm_histogram_second_peak_bpm": 123.0, "rhythm.bpm_histogram_second_peak_spread": 0.0, "rhythm.bpm_histogram_second_peak_weight": 0.032258063554763794, "rhythm.danceability": 1.1489653587341309, "rhythm.onset_rate": 3.469660997390747, "tonal.chords_changes_rate": 0.07042253762483597, "tonal.chords_number_rate": 0.028169013559818268, "tonal.chords_strength.mean": 0.42986470460891724, "tonal.chords_strength.stdev": 0.07275833189487457, "tonal.hpcp_crest.mean": 23.77289581298828, "tonal.hpcp_crest.stdev": 10.388980865478516, "tonal.hpcp_entropy.mean": 0.9446377754211426, "tonal.hpcp_entropy.stdev": 0.8131718039512634, "tonal.key_edma.strength": 0.7301642894744873, "tonal.key_krumhansl.strength": 0.7238702178001404, "tonal.key_temperley.strength": 0.7179615497589111, "tonal.tuning_diatonic_strength": 0.5105728507041931, "tonal.tuning_equal_tempered_deviation": 0.054993242025375366, "tonal.tuning_frequency": 440.0, "tonal.tuning_nontempered_energy_ratio": 0.619634211063385, "lowlevel.barkbands.mean": [1.5870091374381445e-06, 4.7748570068506524e-05, 0.0001599166716914624, 5.622846947517246e-05, 0.0030645441729575396, 0.015168758109211922, 0.0008427483262494206, 0.001138309482485056, 0.0012535565765574574, 0.0002746323007158935, 0.00016776884149294347, 0.00012416622485034168, 7.772412209305912e-05, 7.803971675457433e-05, 0.00012119922757847235, 4.0151811845134944e-05, 3.8330599636537954e-05, 2.890716859837994e-05, 4.000134504167363e-05, 7.487423863494769e-05, 0.00015885407628957182, 0.0001290770887862891, 9.435455285711214e-05, 0.00046705876593478024, 0.00029397394973784685, 4.12211702496279e-05, 2.3616399857928627e-07], "lowlevel.barkbands.stdev": [3.0356270599440904e-06, 0.00017442832177039236, 0.0007956665940582752, 0.00017855821351986378, 0.005417164880782366, 0.01563870720565319, 0.001949987723492086, 0.002773956162855029, 0.0027336720377206802, 0.001177445170469582, 0.00039776190533302724, 0.0002861439425032586, 0.0001947507553268224, 0.00024386531731579453, 0.0003265567938797176, 0.00014272391854319721, 0.00014156058023218066, 0.00014748294779565185, 0.00010532645683269948, 0.00018393051868770272, 0.0003963438794016838, 0.0004657104145735502, 0.0003795180527959019, 0.0014101575361564755, 0.0009382197167724371, 0.00013869060785509646, 9.119457899942063e-07], "lowlevel.erbbands.mean": [0.0004322142049204558, 0.016958890482783318, 0.16505318880081177, 0.18979479372501373, 1.1320157051086426, 9.833724021911621, 104.12763977050781, 99.74124908447266, 21.920183181762695, 10.21287727355957, 38.01668167114258, 28.735668182373047, 13.782546997070312, 7.543869495391846, 3.9891934394836426, 5.539131164550781, 3.925011157989502, 5.074716091156006, 5.635635852813721, 4.027528285980225, 2.3607492446899414, 1.8978668451309204, 1.4979751110076904, 1.9928897619247437, 2.1637556552886963, 3.4448165893554688, 5.910800457000732, 6.350853443145752, 5.381724834442139, 2.232201337814331, 3.112602710723877, 7.614525318145752, 8.432989120483398, 4.613547325134277, 1.3691011667251587, 0.29216644167900085, 0.054396528750658035, 0.00499007711187005, 0.00013577846402768046, 3.872614252031781e-05], "lowlevel.erbbands.stdev": [0.0010894028237089515, 0.061754196882247925, 0.7359970211982727, 0.8010567426681519, 2.018960475921631, 15.492756843566895, 126.99226379394531, 136.56509399414062, 50.749935150146484, 20.697031021118164, 84.93304443359375, 57.83296585083008, 49.82020950317383, 16.089906692504883, 9.804587364196777, 12.406431198120117, 8.546713829040527, 13.687036514282227, 15.964972496032715, 10.884689331054688, 8.537378311157227, 7.801893711090088, 7.148626804351807, 7.536028861999512, 5.005424976348877, 8.353582382202148, 15.068470001220703, 16.30484390258789, 19.108253479003906, 9.504586219787598, 12.172934532165527, 24.766738891601562, 25.099143981933594, 14.767860412597656, 4.535564422607422, 1.0106654167175293, 0.17906145751476288, 0.01683567278087139, 0.000375147006707266, 3.768591705011204e-05], "lowlevel.gfcc.mean": [-114.67565155029297, 59.033843994140625, -102.8283920288086, -5.568002700805664, -103.54782104492188, -8.87347412109375, -70.35479736328125, -4.502948760986328, -40.1858024597168, 10.454339027404785, -10.35439682006836, -8.541998863220215, 12.356003761291504], "lowlevel.melbands.mean": [7.860018740757369e-06, 6.1020487919449806e-05, 5.1808729040203616e-05, 0.0002775171888060868, 0.0028852191753685474, 0.002335368422791362, 0.0002961952704936266, 0.00010947336704703048, 0.00032631526119075716, 0.00017058428784366697, 6.232107261894271e-05, 2.742221113294363e-05, 1.5150390026974492e-05, 1.3151050552551169e-05, 1.016892110783374e-05, 9.927470273396466e-06, 9.149638572125696e-06, 7.882948011683766e-06, 8.174554750439711e-06, 3.6198778161633527e-06, 2.664248086148291e-06, 2.245409632450901e-06, 1.3291239611135097e-06, 1.2421776318660704e-06, 1.6420628980995389e-06, 1.5718128452135716e-06, 1.6822204997879453e-06, 2.385770358159789e-06, 3.4548963867564453e-06, 3.838968495983863e-06, 3.7004119803896174e-06, 3.4726940612017643e-06, 1.734712782308634e-06, 1.003384568321053e-06, 1.4147611864245846e-06, 2.8902986741741188e-06, 5.44441581951105e-06, 6.356263384077465e-06, 4.945463842886966e-06, 3.5941041005571606e-06], "lowlevel.melbands.stdev": [2.6173001970164478e-05, 0.000264413800323382, 0.00014505890430882573, 0.00047399639151990414, 0.003401458263397217, 0.002808227203786373, 0.0007273217779584229, 0.00024211702111642808, 0.0007380760507658124, 0.00037264908314682543, 0.00024361784744542092, 6.110829417593777e-05, 3.51090966432821e-05, 2.9607705073431134e-05, 2.482784111634828e-05, 2.648319241416175e-05, 2.9667811759281904e-05, 2.47179686994059e-05, 2.3351836716756225e-05, 1.0003605893871281e-05, 1.0736176591308322e-05, 8.722216080059297e-06, 6.356443918775767e-06, 6.683663741569035e-06, 6.285394192673266e-06, 4.031023308925796e-06, 3.678719394883956e-06, 6.282506546995137e-06, 9.039415090228431e-06, 1.025991605274612e-05, 9.841850442171562e-06, 1.2313854313106276e-05, 7.4595791375031695e-06, 4.668867859436432e-06, 6.245333679544274e-06, 1.0367148206569254e-05, 1.7857719285530038e-05, 1.932283521455247e-05, 1.4561073840013705e-05, 1.2645236893149558e-05], "lowlevel.melbands128.mean": [7.7812461540816e-07, 1.5643990991520695e-06, 4.678452114603715e-06, 3.0752889870200306e-05, 8.46078764880076e-05, 7.02430188539438e-05, 2.9709071895922534e-05, 3.269985973020084e-05, 9.777698869584128e-05, 0.00016953753947746009, 0.0003316845395602286, 0.0011941661359742284, 0.004195308778434992, 0.004355653189122677, 0.0025354414246976376, 0.001216775388456881, 0.0003743871347978711, 0.00011522803106345236, 0.00021323854161892086, 6.67465865262784e-05, 4.6439265133813024e-05, 0.00023820112983230501, 0.00048658924060873687, 0.0002709454856812954, 0.00013523900997824967, 0.0001900749048218131, 6.41429505776614e-05, 8.013807382667437e-05, 1.5499630535487086e-05, 1.6751706425566226e-05, 4.3782612920040265e-05, 2.7712683731806464e-05, 5.795128345198464e-06, 1.4888378245814238e-05, 5.5202358453243505e-06, 1.689821328909602e-05, 1.819821227400098e-05, 1.2386628441163339e-05, 1.8102966805599863e-06, 7.932861990411766e-06, 1.5482615708606318e-05, 5.2711770877067465e-06, 1.2742606486426666e-05, 8.56529914017301e-06, 2.7502064767759293e-06, 1.0413575182610657e-05, 1.0553133506618906e-05, 1.012772827380104e-05, 6.338908406178234e-06, 3.0764806524530286e-06, 4.421504399942933e-06, 2.7391963612899417e-06, 1.6646941958242678e-06, 3.3806700230343267e-06, 3.2521054436074337e-06, 2.1532916889555054e-06, 1.4017218745721038e-06, 9.028511271935713e-07, 1.632972725928994e-06, 1.5861533029237762e-06, 7.454860906364047e-07, 1.2359722632027115e-06, 2.1799692149215844e-06, 1.556080178488628e-06, 1.1860847735079005e-06, 1.989097654586658e-06, 1.4427471342060016e-06, 1.2171926755399909e-06, 1.858656901276845e-06, 2.126484105247073e-06, 2.085968162646168e-06, 2.6707912184065208e-06, 3.1345634852186777e-06, 3.289339474576991e-06, 4.394828465592582e-06, 3.828007720585447e-06, 3.775166305786115e-06, 3.387334345461568e-06, 4.00938733946532e-06, 3.3781495858420385e-06, 4.197041562292725e-06, 3.17908188662841e-06, 2.4935832243500045e-06, 1.587393626323319e-06, 1.15882801310363e-06, 9.922346180246677e-07, 9.763484740688e-07, 9.221370191880851e-07, 1.4885351902194088e-06, 1.5172213352343533e-06, 2.400930725343642e-06, 2.9558063943113666e-06, 4.30240743298782e-06, 5.127229542267742e-06, 6.394692263711477e-06, 7.230961273307912e-06, 6.069570190447848e-06, 5.566374966292642e-06, 5.41728377356776e-06, 4.2206224861729424e-06, 4.113181148568401e-06, 3.459879508227459e-06, 3.209621354471892e-06, 2.186824076488847e-06, 1.3562147387347068e-06, 7.072179073475127e-07, 7.320515464925847e-07, 7.271898425642576e-07, 4.7280727244469745e-07, 2.8043834277013957e-07, 1.6555685533603537e-07, 1.5399332653487363e-07, 2.0240138098870375e-07, 1.328355665464187e-07, 8.42472900330904e-08, 4.4655568132156986e-08, 1.0607305256371546e-08, 1.5595409408319938e-09, 1.8847146066036657e-10, 3.990437754536336e-12, 3.861973241203742e-12, 3.7620176071562206e-12, 3.6811001295766754e-12, 3.60944238907146e-12, 3.526637532350052e-12, 3.4368337169243812e-12, 3.380768755223418e-12, 3.356936907270014e-12], "lowlevel.melbands128.stdev": [1.6065235968198976e-06, 3.73865168512566e-06, 1.4991858733992558e-05, 0.00011883784463861957, 0.0003505751956254244, 0.00038408098043873906, 0.00017569340707268566, 8.721520862309262e-05, 0.00024931374355219305, 0.00025733752408996224, 0.0007784253102727234, 0.002357662655413151, 0.005830733105540276, 0.005717666819691658, 0.004774554632604122, 0.003006345359608531, 0.001443625194951892, 0.000225894182221964, 0.0004484061792027205, 0.00020736704755108804, 0.00029440782964229584, 0.0006910977535881102, 0.0011543255532160401, 0.0008842482347972691, 0.0003533483250066638, 0.0006125937215983868, 0.00026873796014115214, 0.00043955797445960343, 7.498916966142133e-05, 5.864813647349365e-05, 0.00011239392915740609, 7.769632793497294e-05, 2.0521460101008415e-05, 6.026470509823412e-05, 3.2707972422940657e-05, 4.992618050891906e-05, 4.5698528992943466e-05, 4.4290190999163315e-05, 5.291687102726428e-06, 2.3342956410488114e-05, 4.6905999624868855e-05, 1.3316578588273842e-05, 5.078189496998675e-05, 2.9572596758953296e-05, 1.2128293747082353e-05, 4.422149868332781e-05, 3.578699761419557e-05, 3.809391273534857e-05, 2.344435779377818e-05, 1.1825244655483402e-05, 1.2872655133833177e-05, 1.1124953744001687e-05, 1.0129078873433173e-05, 1.417275325366063e-05, 1.17554764074157e-05, 1.0096719051944092e-05, 8.828850695863366e-06, 4.63393735117279e-06, 8.304798939207103e-06, 7.681887836952228e-06, 4.729155989480205e-06, 7.717098924331367e-06, 1.2157971468695905e-05, 4.6955528887338005e-06, 3.195626959495712e-06, 5.808729383716127e-06, 4.581367647915613e-06, 3.6204112348059425e-06, 3.7687186704715714e-06, 5.369679001887562e-06, 6.527791356347734e-06, 8.55459256854374e-06, 1.0243978067592252e-05, 9.030755791172851e-06, 1.1779626220231876e-05, 1.292147226195084e-05, 9.87787643680349e-06, 9.150907317234669e-06, 1.1701729818014428e-05, 1.0248992111883126e-05, 1.7063352061086334e-05, 1.1802546396211255e-05, 1.2540276657091454e-05, 6.788604423491051e-06, 5.490791863849154e-06, 4.723723122879164e-06, 5.172024430066813e-06, 4.668132987717399e-06, 7.174645361374132e-06, 6.452761681430275e-06, 9.737146683619358e-06, 1.0921209650405217e-05, 1.582215918460861e-05, 1.9443348719505593e-05, 1.9430663087405264e-05, 2.4433702492387965e-05, 1.9137929484713823e-05, 1.94668464246206e-05, 1.6234360373346135e-05, 1.309357594436733e-05, 1.4445821761910338e-05, 1.3105205653118901e-05, 1.1995182831014972e-05, 7.480305612261873e-06, 5.030821739637759e-06, 2.2373337742465083e-06, 2.8702918370981934e-06, 2.7237183530814946e-06, 1.7731880461724359e-06, 1.1288914265605854e-06, 7.197184004326118e-07, 5.572807708631444e-07, 7.525906084993039e-07, 4.6860623115208e-07, 3.215449737581366e-07, 2.0034077863329003e-07, 4.047987545163778e-08, 9.481140317291192e-09, 3.163795669891556e-09, 6.080839824729178e-12, 5.929247544333993e-12, 5.7907684723745856e-12, 5.6710231129131206e-12, 5.569126323295981e-12, 5.485479258326986e-12, 5.4170968925848495e-12, 5.3675826804100435e-12, 5.337094915319751e-12], "lowlevel.mfcc.mean": [-753.9815673828125, 103.43859100341797, 24.641006469726562, -10.300320625305176, -13.199756622314453, -29.264461517333984, -7.518542289733887, -47.49349594116211, -5.270536422729492, -17.945302963256836, -18.503829956054688, -1.2517318725585938, -17.381893157958984], "lowlevel.spectral_contrast_coeffs.mean": [-0.5128650069236755, -0.6638235449790955, -0.7461261749267578, -0.7867091298103333, -0.7959770560264587, -0.7542939186096191], "lowlevel.spectral_contrast_coeffs.stdev": [0.1534402072429657, 0.12230627238750458, 0.08185692131519318, 0.059094659984111786, 0.05901186913251877, 0.0603710412979126], "lowlevel.spectral_contrast_valleys.mean": [-9.226268768310547, -7.983697891235352, -9.097064971923828, -9.433743476867676, -9.287534713745117, -11.258135795593262], "lowlevel.spectral_contrast_valleys.stdev": [2.763953685760498, 2.9051930904388428, 2.752288341522217, 2.684962749481201, 2.6944141387939453, 2.661785840988159], "rhythm.beats_loudness_band_ratio.mean": [0.03553585335612297, 0.6733050346374512, 0.15688446164131165, 0.032169315963983536, 0.04270125925540924, 0.08649580925703049], "rhythm.beats_loudness_band_ratio.stdev": [0.05686669424176216, 0.2647385001182556, 0.14201200008392334, 0.03904455900192261, 0.09679494053125381, 0.1820036917924881], "tonal.hpcp.mean": [0.023593217134475708, 0.016872748732566833, 0.09566883742809296, 0.16502606868743896, 0.07994160801172256, 0.010087445378303528, 0.012570170685648918, 0.01223671156913042, 0.028141094371676445, 0.044430945068597794, 0.03155700862407684, 0.020585009828209877, 0.045607805252075195, 0.05160735175013542, 0.1700286716222763, 0.262101411819458, 0.1565086841583252, 0.2002457082271576, 0.27648913860321045, 0.1409345269203186, 0.0269316453486681, 0.028654765337705612, 0.050154633820056915, 0.1622336357831955, 0.24017150700092316, 0.12545211613178253, 0.030251910910010338, 0.02662023715674877, 0.022573940455913544, 0.0848739817738533, 0.11628885567188263, 0.05312805622816086, 0.033771298825740814, 0.04789846017956734, 0.03965754806995392, 0.026918182149529457], "tonal.hpcp.stdev": [0.07582087814807892, 0.06015113741159439, 0.16120104491710663, 0.26745977997779846, 0.13782933354377747, 0.038248952478170395, 0.05204677954316139, 0.07026258111000061, 0.11783751100301743, 0.15762972831726074, 0.12805791199207306, 0.08058802038431168, 0.17227177321910858, 0.1795654296875, 0.28186115622520447, 0.4041745960712433, 0.2583164870738983, 0.3127547800540924, 0.413638174533844, 0.250559002161026, 0.12128730863332748, 0.12272121012210846, 0.18230387568473816, 0.28639456629753113, 0.38490819931030273, 0.23508362472057343, 0.1173032820224762, 0.11618151515722275, 0.08865058422088623, 0.19548563659191132, 0.24752508103847504, 0.14030501246452332, 0.12546807527542114, 0.1660686880350113, 0.1372753530740738, 0.10350104421377182], "rhythm.beats_position": [0.5108389854431152, 1.0216779708862305, 1.5325169563293457, 2.043355941772461, 2.554194927215576, 3.0534238815307617, 3.5526530742645264, 4.0634918212890625, 4.574330806732178, 5.073559761047363, 5.584399223327637, 6.106847763061523, 6.617686748504639, 7.128525733947754, 7.639364719390869, 8.150203704833984, 8.661043167114258, 9.148661613464355, 9.659501075744629, 10.170339584350586, 10.68117904663086, 11.192017555236816, 11.69124698638916, 12.190476417541504, 12.701314926147461, 13.200544357299805, 13.711382865905762, 14.233832359313965, 14.733060836791992, 15.255510330200195, 15.766348838806152, 16.27718734741211], "rhythm.bpm_histogram": [0.0, 0.0, 0.0, 0.0, 0.0, 0.0, 0.0, 0.0, 0.0, 0.0, 0.0, 0.0, 0.0, 0.0, 0.0, 0.0, 0.0, 0.0, 0.0, 0.0, 0.0, 0.0, 0.0, 0.0, 0.0, 0.0, 0.0, 0.0, 0.0, 0.0, 0.0, 0.0, 0.0, 0.0, 0.0, 0.0, 0.0, 0.0, 0.0, 0.0, 0.0, 0.0, 0.0, 0.0, 0.0, 0.0, 0.0, 0.0, 0.0, 0.0, 0.0, 0.0, 0.0, 0.0, 0.0, 0.0, 0.0, 0.0, 0.0, 0.0, 0.0, 0.0, 0.0, 0.0, 0.0, 0.0, 0.0, 0.0, 0.0, 0.0, 0.0, 0.0, 0.0, 0.0, 0.0, 0.0, 0.0, 0.0, 0.0, 0.0, 0.0, 0.0, 0.0, 0.0, 0.0, 0.0, 0.0, 0.0, 0.0, 0.0, 0.0, 0.0, 0.0, 0.0, 0.0, 0.0, 0.0, 0.0, 0.0, 0.0, 0.0, 0.0, 0.0, 0.0, 0.0, 0.0, 0.0, 0.0, 0.0, 0.0, 0.0, 0.0, 0.0, 0.0, 0.0, 0.09677419066429138, 0.0, 0.6451612710952759, 0.0, 0.0, 0.22580644488334656, 0.0, 0.0, 0.032258063554763794, 0.0, 0.0, 0.0, 0.0, 0.0, 0.0, 0.0, 0.0, 0.0, 0.0, 0.0, 0.0, 0.0, 0.0, 0.0, 0.0, 0.0, 0.0, 0.0, 0.0, 0.0, 0.0, 0.0, 0.0, 0.0, 0.0, 0.0, 0.0, 0.0, 0.0, 0.0, 0.0, 0.0, 0.0, 0.0, 0.0, 0.0, 0.0, 0.0, 0.0, 0.0, 0.0, 0.0, 0.0, 0.0, 0.0, 0.0, 0.0, 0.0, 0.0, 0.0, 0.0, 0.0, 0.0, 0.0, 0.0, 0.0, 0.0, 0.0, 0.0, 0.0, 0.0, 0.0, 0.0, 0.0, 0.0, 0.0, 0.0, 0.0, 0.0, 0.0, 0.0, 0.0, 0.0, 0.0, 0.0, 0.0, 0.0, 0.0, 0.0, 0.0, 0.0, 0.0, 0.0, 0.0, 0.0, 0.0, 0.0, 0.0, 0.0, 0.0, 0.0, 0.0, 0.0, 0.0, 0.0, 0.0, 0.0, 0.0, 0.0, 0.0, 0.0, 0.0, 0.0, 0.0, 0.0, 0.0, 0.0, 0.0, 0.0, 0.0, 0.0, 0.0, 0.0, 0.0, 0.0, 0.0, 0.0, 0.0, 0.0, 0.0, 0.0, 0.0, 0.0, 0.0, 0.0], "tonal.chords_histogram": [17.46478843688965, 3.94366192817688, 50.7042236328125, 1.408450722694397, 0.0, 0.0, 0.0, 0.0, 0.5633803009986877, 0.0, 3.380281686782837, 0.0, 0.0, 0.0, 0.0, 2.253521203994751, 0.0, 0.0, 0.0, 7.605633735656738, 0.0, 5.070422649383545, 4.2253522872924805, 3.380281686782837], "tonal.thpcp": [1.0, 0.5097289681434631, 0.0974057987332344, 0.1036379411816597, 0.1813982129096985, 0.5867631435394287, 0.8686471581459045, 0.45373252034187317, 0.1094144657254219, 0.09627950191497803, 0.0816449448466301, 0.30697038769721985, 0.4205910563468933, 0.19215241074562073, 0.12214331328868866, 0.1732381284236908, 0.14343257248401642, 0.09735710173845291, 0.08533143997192383, 0.061024997383356094, 0.34601300954818726, 0.5968627333641052, 0.2891311049461365, 0.03648405522108078, 0.045463524758815765, 0.044257476925849915, 0.10178010910749435, 0.16069689393043518, 0.11413471400737762, 0.07445142418146133, 0.1649533361196518, 0.18665236234664917, 0.6149560809135437, 0.947962760925293, 0.5660572648048401, 0.7242444157600403], "lowlevel.gfcc.cov": [[38120.58984375, 839.9903564453125, -1810.312255859375, -339.8534240722656, -3355.299072265625, -267.5369567871094, -1994.046875, 132.78726196289062, -1128.8001708984375, 519.3594360351562, -407.8627014160156, -216.2931671142578, 623.596435546875], [839.9903564453125, 4082.37548828125, -707.8627319335938, -974.3125, 575.998779296875, -291.3654479980469, 14.094551086425781, -337.0224609375, 153.79156494140625, -245.49191284179688, 228.6317901611328, -284.3703308105469, 279.1787109375], [-1810.312255859375, -707.8627319335938, 914.2651977539062, 154.09689331054688, 11.330634117126465, 129.27041625976562, 36.336551666259766, 60.67002868652344, 40.470741271972656, -44.98027038574219, 5.941201686859131, 71.30431365966797, -20.452613830566406], [-339.8534240722656, -974.3125, 154.09689331054688, 663.6019897460938, -36.807701110839844, 110.61590576171875, 79.9757080078125, 71.84540557861328, -11.462356567382812, 10.845705032348633, -60.768436431884766, 74.61200714111328, -138.33322143554688], [-3355.299072265625, 575.998779296875, 11.330634117126465, -36.807701110839844, 730.60302734375, 83.08865356445312, 239.7224884033203, 27.81028175354004, 145.59657287597656, -80.11283111572266, 21.82872772216797, -22.966293334960938, -92.39582061767578], [-267.5369567871094, -291.3654479980469, 129.27041625976562, 110.61590576171875, 83.08865356445312, 366.8024597167969, 127.30265045166016, 10.290634155273438, 46.98050308227539, 48.96970748901367, -50.5555419921875, -16.172409057617188, -58.88279724121094], [-1994.046875, 14.094551086425781, 36.336551666259766, 79.9757080078125, 239.7224884033203, 127.30265045166016, 356.6393127441406, 44.32947540283203, 125.68634033203125, 20.356021881103516, -9.790936470031738, 2.962337017059326, -59.374725341796875], [132.78726196289062, -337.0224609375, 60.67002868652344, 71.84540557861328, 27.81028175354004, 10.290634155273438, 44.32947540283203, 210.37391662597656, 10.911210060119629, 45.53621292114258, -30.520034790039062, 31.54435920715332, -26.641986846923828], [-1128.8001708984375, 153.79156494140625, 40.470741271972656, -11.462356567382812, 145.59657287597656, 46.98050308227539, 125.68634033203125, 10.911210060119629, 196.61941528320312, 4.420165538787842, 9.490697860717773, 10.403841018676758, 16.6146240234375], [519.3594360351562, -245.49191284179688, -44.98027038574219, 10.845705032348633, -80.11283111572266, 48.96970748901367, 20.356021881103516, 45.53621292114258, 4.420165538787842, 173.55743408203125, -25.99832534790039, 3.022529363632202, 35.383758544921875], [-407.8627014160156, 228.6317901611328, 5.941201686859131, -60.768436431884766, 21.82872772216797, -50.5555419921875, -9.790936470031738, -30.520034790039062, 9.490697860717773, -25.99832534790039, 149.63436889648438, 25.579383850097656, 30.171955108642578], [-216.2931671142578, -284.3703308105469, 71.30431365966797, 74.61200714111328, -22.966293334960938, -16.172409057617188, 2.962337017059326, 31.54435920715332, 10.403841018676758, 3.022529363632202, 25.579383850097656, 124.83999633789062, -1.8341726064682007], [623.596435546875, 279.1787109375, -20.452613830566406, -138.33322143554688, -92.39582061767578, -58.88279724121094, -59.374725341796875, -26.641986846923828, 16.6146240234375, 35.383758544921875, 30.171955108642578, -1.8341726064682007, 179.6475830078125]], "lowlevel.gfcc.icov": [[0.00012146550579927862, -0.0002576631086412817, 0.00012237955525051802, -0.0001731652591843158, 0.0005749702104367316, -0.0003346588637214154, 0.0004614393401425332, -0.00048754431190900505, 0.0002439954550936818, -0.00021701911464333534, 0.00035707003553397954, -0.0002552394871599972, 8.320936467498541e-05], [-0.0002576631086412817, 0.0014460945967584848, 0.00021536611893679947, 0.001009264960885048, -0.0018140014726668596, 0.0009222403750754893, -0.001121469191275537, 0.00158312835264951, -0.0007972795865498483, 0.001459682360291481, -0.001439044252038002, 0.001841032993979752, -0.0012710420414805412], [0.00012237955525051802, 0.00021536611893679947, 0.0016937463078647852, -2.2301668650470674e-05, 0.00035823971848003566, -0.000838903128169477, 0.0004906817921437323, -0.0006384134176187217, -0.00010194385686190799, 0.0010342532768845558, -0.0001375320862280205, -0.00014439535152632743, -0.0007797125726938248], [-0.0001731652591843158, 0.001009264960885048, -2.2301668650470674e-05, 0.0028950588312000036, -0.0008613031823188066, 0.0003356630331836641, -0.0011169890640303493, 0.0008898421656340361, -0.0004451023123692721, 0.0009863820159807801, -0.0004263870359864086, 7.764955080347136e-05, 0.0006085108616389334], [0.0005749702104367316, -0.0018140014726668596, 0.00035823971848003566, -0.0008613031823188066, 0.005340775940567255, -0.0019035666482523084, 0.0012427461333572865, -0.0030686003156006336, 0.0003159933548886329, -0.0006137952441349626, 0.0017541368724778295, -0.001684584771282971, 0.0020591767970472574], [-0.0003346588637214154, 0.0009222403750754893, -0.000838903128169477, 0.0003356630331836641, -0.0019035666482523084, 0.004846573807299137, -0.0021833907812833786, 0.0022217463701963425, -0.0010217241942882538, -0.0006461426382884383, -0.0003546031366568059, 0.00174699816852808, 0.000407973158871755], [0.0004614393401425332, -0.001121469191275537, 0.0004906817921437323, -0.0011169890640303493, 0.0012427461333572865, -0.0021833907812833786, 0.006681509781628847, -0.0023496446665376425, -0.0012568797683343291, -0.0017964369617402554, 0.0012095245765522122, -0.0010662139393389225, 0.0013761908048763871], [-0.00048754431190900505, 0.00158312835264951, -0.0006384134176187217, 0.0008898421656340361, -0.0030686003156006336, 0.0022217463701963425, -0.0023496446665376425, 0.008213885128498077, -0.001028914120979607, -0.0004826839140150696, -0.0007008328102529049, 0.0005352245061658323, -0.0002504037111066282], [0.0002439954550936818, -0.0007972795865498483, -0.00010194385686190799, -0.0004451023123692721, 0.0003159933548886329, -0.0010217241942882538, -0.0012568797683343291, -0.001028914120979607, 0.008163721300661564, -0.0007313652895390987, 0.0009769850876182318, -0.0017383293015882373, -0.0014954726211726665], [-0.00021701911464333534, 0.001459682360291481, 0.0010342532768845558, 0.0009863820159807801, -0.0006137952441349626, -0.0006461426382884383, -0.0017964369617402554, -0.0004826839140150696, -0.0007313652895390987, 0.009521123953163624, -0.0006823340663686395, 0.001655415864661336, -0.0035067368298768997], [0.00035707003553397954, -0.001439044252038002, -0.0001375320862280205, -0.0004263870359864086, 0.0017541368724778295, -0.0003546031366568059, 0.0012095245765522122, -0.0007008328102529049, 0.0009769850876182318, -0.0006823340663686395, 0.009722319431602955, -0.003956212196499109, 0.00010542064410401508], [-0.0002552394871599972, 0.001841032993979752, -0.00014439535152632743, 7.764955080347136e-05, -0.001684584771282971, 0.00174699816852808, -0.0010662139393389225, 0.0005352245061658323, -0.0017383293015882373, 0.001655415864661336, -0.003956212196499109, 0.012492123991250992, -0.0018717952771112323], [8.320936467498541e-05, -0.0012710420414805412, -0.0007797125726938248, 0.0006085108616389334, 0.0020591767970472574, 0.000407973158871755, 0.0013761908048763871, -0.0002504037111066282, -0.0014954726211726665, -0.0035067368298768997, 0.00010542064410401508, -0.0018717952771112323, 0.01003534160554409]], "lowlevel.mfcc.cov": [[13780.1962890625, 373.58221435546875, 951.110595703125, -255.6707305908203, -344.0428771972656, -635.0571899414062, -3.8990066051483154, -929.849365234375, 210.87986755371094, -167.06826782226562, -442.663330078125, 3.6024351119995117, -298.18206787109375], [373.58221435546875, 4428.04150390625, -914.0079345703125, -472.6616516113281, 290.7441101074219, -220.61534118652344, 74.54976654052734, -384.7320861816406, 80.99710083007812, -230.01553344726562, -40.01729965209961, 98.25081634521484, -150.3064422607422], [951.110595703125, -914.0079345703125, 959.1450805664062, -26.027095794677734, -78.08888244628906, 22.876123428344727, -33.13420104980469, -4.687641143798828, -29.189674377441406, -23.966697692871094, -102.46005249023438, -0.09702329337596893, -4.155614376068115], [-255.6707305908203, -472.6616516113281, -26.027095794677734, 416.5635681152344, 2.697371006011963, 14.351363182067871, -7.036561012268066, 133.30856323242188, -21.926790237426758, 8.862993240356445, 51.89885711669922, -2.5393221378326416, 48.067012786865234], [-344.0428771972656, 290.7441101074219, -78.08888244628906, 2.697371006011963, 315.14471435546875, 15.216239929199219, 27.582605361938477, 52.66120147705078, 18.594038009643555, -23.640567779541016, 23.620990753173828, 13.578401565551758, -5.922971725463867], [-635.0571899414062, -220.61534118652344, 22.876123428344727, 14.351363182067871, 15.216239929199219, 442.1693420410156, 4.377447128295898, 191.3841094970703, 40.410980224609375, 115.46808624267578, 39.70382308959961, 0.0013619818491861224, 133.0016632080078], [-3.8990066051483154, 74.54976654052734, -33.13420104980469, -7.036561012268066, 27.582605361938477, 4.377447128295898, 225.2010498046875, -32.695411682128906, 72.69256591796875, 22.021894454956055, 15.516780853271484, 54.95410919189453, -27.009525299072266], [-929.849365234375, -384.7320861816406, -4.687641143798828, 133.30856323242188, 52.66120147705078, 191.3841094970703, -32.695411682128906, 411.32080078125, -46.870357513427734, 72.431884765625, 93.63416290283203, -4.723474502563477, 132.33615112304688], [210.87986755371094, 80.99710083007812, -29.189674377441406, -21.926790237426758, 18.594038009643555, 40.410980224609375, 72.69256591796875, -46.870357513427734, 253.5396270751953, 83.04668426513672, -4.133254528045654, 39.96391677856445, 21.337322235107422], [-167.06826782226562, -230.01553344726562, -23.966697692871094, 8.862993240356445, -23.640567779541016, 115.46808624267578, 22.021894454956055, 72.431884765625, 83.04668426513672, 192.80514526367188, 43.2146110534668, -14.552507400512695, 49.876220703125], [-442.663330078125, -40.01729965209961, -102.46005249023438, 51.89885711669922, 23.620990753173828, 39.70382308959961, 15.516780853271484, 93.63416290283203, -4.133254528045654, 43.2146110534668, 138.15061950683594, 17.778358459472656, 30.14506721496582], [3.6024351119995117, 98.25081634521484, -0.09702329337596893, -2.5393221378326416, 13.578401565551758, 0.0013619818491861224, 54.95410919189453, -4.723474502563477, 39.96391677856445, -14.552507400512695, 17.778358459472656, 134.77137756347656, 17.548599243164062], [-298.18206787109375, -150.3064422607422, -4.155614376068115, 48.067012786865234, -5.922971725463867, 133.0016632080078, -27.009525299072266, 132.33615112304688, 21.337322235107422, 49.876220703125, 30.14506721496582, 17.548599243164062, 152.39320373535156]], "lowlevel.mfcc.icov": [[9.933560068020597e-05, -2.2648029698757455e-05, -0.00010632241173880175, -3.738912346307188e-05, 6.443016900448129e-05, 8.412025636062026e-05, 1.983124457183294e-05, 0.00014346977695822716, -7.09244777681306e-05, -4.546978743746877e-05, 0.0001263520825887099, 4.509795871854294e-06, -1.1763364454964176e-05], [-2.2648029698757455e-05, 0.00042320997454226017, 0.000427938619395718, 0.000422348064603284, -0.0002941999409813434, -3.6011002521263435e-05, 3.432214361964725e-05, 0.00016218633390963078, -0.00010086675320053473, 0.0004553365579340607, 3.248780922149308e-05, -0.00020603318989742547, 1.9188453734386712e-05], [-0.00010632241173880175, 0.000427938619395718, 0.0016850321553647518, 0.00045033812057226896, -7.754807302262634e-05, -0.00022880507458467036, 0.00010790880332933739, -0.00020324291836004704, 7.716024992987514e-05, 0.000463981123175472, 0.0009387158788740635, -0.00046744366409257054, 0.0002157237468054518], [-3.738912346307188e-05, 0.000422348064603284, 0.00045033812057226896, 0.0032172040082514286, -0.00012678794155362993, 0.00037392397643998265, -0.00013224307622294873, -0.0007651759078726172, -0.000157506437972188, 0.0007654724176973104, -0.0005734715959988534, 6.0293579736026004e-05, -0.00047128600999712944], [6.443016900448129e-05, -0.0002941999409813434, -7.754807302262634e-05, -0.00012678794155362993, 0.0038168984465301037, -0.0001161525578936562, -0.0002999041462317109, -0.0009454480023123324, -0.0006833037477917969, 0.000799802306573838, -0.00028952647699043155, 0.00014232170360628515, 0.0007661455892957747], [8.412025636062026e-05, -3.6011002521263435e-05, -0.00022880507458467036, 0.00037392397643998265, -0.0001161525578936562, 0.0037477342411875725, -0.0003996195155195892, -0.0008646273636259139, -9.736802167026326e-05, -0.0013457236345857382, 0.0003927432408090681, 0.0002997377887368202, -0.002248596167191863], [1.983124457183294e-05, 3.432214361964725e-05, 0.00010790880332933739, -0.00013224307622294873, -0.0002999041462317109, -0.0003996195155195892, 0.005771576892584562, 0.0001852058048825711, -0.0012133531272411346, -0.0005168201168999076, -0.0004262832517269999, -0.002244643634185195, 0.0019983595702797174], [0.00014346977695822716, 0.00016218633390963078, -0.00020324291836004704, -0.0007651759078726172, -0.0009454480023123324, -0.0008646273636259139, 0.0001852058048825711, 0.005226722452789545, 0.001260170596651733, -0.0006947960355319083, -0.0016798218712210655, 0.00019741062715183944, -0.0027511261869221926], [-7.09244777681306e-05, -0.00010086675320053473, 7.716024992987514e-05, -0.000157506437972188, -0.0006833037477917969, -9.736802167026326e-05, -0.0012133531272411346, 0.001260170596651733, 0.006034531630575657, -0.003098272019997239, 0.0008965001907199621, -0.001394625985994935, -0.0012850644998252392], [-4.546978743746877e-05, 0.0004553365579340607, 0.000463981123175472, 0.0007654724176973104, 0.000799802306573838, -0.0013457236345857382, -0.0005168201168999076, -0.0006947960355319083, -0.003098272019997239, 0.009054646827280521, -0.0022643788252025843, 0.002046022331342101, -0.000468679383629933], [0.0001263520825887099, 3.248780922149308e-05, 0.0009387158788740635, -0.0005734715959988534, -0.00028952647699043155, 0.0003927432408090681, -0.0004262832517269999, -0.0016798218712210655, 0.0008965001907199621, -0.0022643788252025843, 0.010605393908917904, -0.0018341847462579608, 0.00024383603886235505], [4.509795871854294e-06, -0.00020603318989742547, -0.00046744366409257054, 6.0293579736026004e-05, 0.00014232170360628515, 0.0002997377887368202, -0.002244643634185195, 0.00019741062715183944, -0.001394625985994935, 0.002046022331342101, -0.0018341847462579608, 0.009651286527514458, -0.0022744007874280214], [-1.1763364454964176e-05, 1.9188453734386712e-05, 0.0002157237468054518, -0.00047128600999712944, 0.0007661455892957747, -0.002248596167191863, 0.0019983595702797174, -0.0027511261869221926, -0.0012850644998252392, -0.000468679383629933, 0.00024383603886235505, -0.0022744007874280214, 0.011994874104857445]], "metadata.audio_properties.analysis.downmix": "mix", "metadata.audio_properties.codec": "mp3", "metadata.audio_properties.md5_encoded": "c0809d7f6734c137ac7636b48c4298e9", "metadata.tags.file_name": "1182287039769628733.mp3", "metadata.version.essentia": "2.1-beta6-dev", "metadata.version.essentia_git_sha": "v2.1_beta5-1110-g77a6a954", "metadata.version.extractor": "music 2.0", "tonal.chords_key": "Bb", "tonal.chords_scale": "major", "tonal.key_edma.key": "Eb", "tonal.key_edma.scale": "major", "tonal.key_krumhansl.key": "Eb", "tonal.key_krumhansl.scale": "major", "tonal.key_temperley.key": "Eb", "tonal.key_temperley.scale": "major", "metadata.tags.encoding": ["Lavf58.45.100"]}, "essentia_models": [{"model_name": "genre_dortmund", "activations": {"alternative": "0.0802681", "blues": "0.016873468", "electronic": "0.011245223", "folkcountry": "0.22448154", "funksoulrnb": "0.020147488", "jazz": "0.13572386", "pop": "0.4152244", "raphiphop": "0.018290568", "rock": "0.014179304"}}, {"model_name": "genre_rosamerica", "activations": {"classic":