{"song_id": "1182271439232057374", "download": "https://cdn.discordapp.com/attachments/1128313332273782784/1182271439232057374/chirp.mp4?ex=65841714&amp", "lyrics": "\u041a\u0430\u0436\u0434\u044b\u0439 \u0434\u0435\u043d\u044c, \u043a\u043e\u0433\u0434\u0430 \u044f \u043f\u0440\u043e\u0441\u044b\u043f\u0430\u044e\u0441\u044c \u0440\u044f\u0434\u043e\u043c \u0441 \u0442\u043e\u0431\u043e\u0439,\n\u041f\u043e\u043d\u0438\u043c\u0430\u044e, \u043d\u0430\u0441\u043a\u043e\u043b\u044c\u043a\u043e \u0441\u0447\u0430\u0441\u0442\u043b\u0438\u0432\u0430 \u044f \u0432 \u044d\u0442\u043e\u043c \u043c\u0438\u0440\u0435.\n\u0422\u044b - \u043c\u043e\u0439 \u043a\u0430\u043c\u0435\u043d\u044c \u043e\u043f\u043e\u0440\u044b, \u043c\u043e\u0439 \u043b\u0443\u0447\u0448\u0438\u0439 \u0434\u0440\u0443\u0433,\n\u0421 \u0442\u043e\u0431\u043e\u0439 \u044f \u0432\u0441\u0435\u0433\u0434\u0430 \u0447\u0443\u0432\u0441\u0442\u0432\u0443\u044e \u0441\u0435\u0431\u044f \u043d\u0430 \u0432\u044b\u0441\u043e\u0442\u0435.\u044d\u044d\u044d\u044d\u044d\u044d\u044d\u044d\u044d\u044d\n\n(Chorus)\n\u0410\u0430\u0430\u0430\u0430\u0430\u0430 \u0410\u043b\u0438\u0447\u043a\u0430, \u043c\u043e\u044f \u043b\u044e\u0431\u043e\u0432\u044c,\n\u0422\u044b - \u043c\u043e\u0435 \u0441\u0447\u0430\u0441\u0442\u044c\u0435 \u0435\u0435\u0435, \u043c\u043e\u0439 \u0443\u044e\u0442.\n\u0417\u0430 \u0442\u0432\u043e\u044e \u043d\u0435\u0436\u043d\u043e\u0441\u0442\u044c \u0438 \u043b\u0430\u0441\u043a\u0443,\n\u042f \u0431\u043b\u0430\u0433\u043e\u0434\u0430\u0440\u044e \u043a\u0430\u0436\u0434\u044b\u0439 \u0434\u0435\u043d\u044c.\u044d\u044d\u044d\u044d\u044d\u044d\u044d", "style": ["rap"], "essentia_features": {"lowlevel.average_loudness": 0.6176483631134033, "lowlevel.barkbands_crest.mean": 20.83135414123535, "lowlevel.barkbands_crest.stdev": 4.899659633636475, "lowlevel.barkbands_flatness_db.mean": 0.2967150807380676, "lowlevel.barkbands_flatness_db.stdev": 0.08433753252029419, "lowlevel.barkbands_kurtosis.mean": 48.13272476196289, "lowlevel.barkbands_kurtosis.stdev": 73.62528228759766, "lowlevel.barkbands_skewness.mean": 5.362978935241699, "lowlevel.barkbands_skewness.stdev": 3.7336504459381104, "lowlevel.barkbands_spread.mean": 10.991558074951172, "lowlevel.barkbands_spread.stdev": 14.298108100891113, "lowlevel.dissonance.mean": 0.4301345944404602, "lowlevel.dissonance.stdev": 0.040624454617500305, "lowlevel.dynamic_complexity": 5.337768077850342, "lowlevel.erbbands_crest.mean": 17.613473892211914, "lowlevel.erbbands_crest.stdev": 6.733374118804932, "lowlevel.erbbands_flatness_db.mean": 0.2638985514640808, "lowlevel.erbbands_flatness_db.stdev": 0.06310836225748062, "lowlevel.erbbands_kurtosis.mean": 6.478538990020752, "lowlevel.erbbands_kurtosis.stdev": 11.21202564239502, "lowlevel.erbbands_skewness.mean": 2.0111074447631836, "lowlevel.erbbands_skewness.stdev": 1.6682367324829102, "lowlevel.erbbands_spread.mean": 37.9027099609375, "lowlevel.erbbands_spread.stdev": 25.417041778564453, "lowlevel.hfc.mean": 6.125154972076416, "lowlevel.hfc.stdev": 9.485440254211426, "lowlevel.loudness_ebu128.integrated": -29.541521072387695, "lowlevel.loudness_ebu128.loudness_range": 8.327474594116211, "lowlevel.loudness_ebu128.momentary.mean": -32.0307731628418, "lowlevel.loudness_ebu128.momentary.stdev": 5.113227844238281, "lowlevel.loudness_ebu128.short_term.mean": -30.39113426208496, "lowlevel.loudness_ebu128.short_term.stdev": 2.6324753761291504, "lowlevel.melbands_crest.mean": 24.512510299682617, "lowlevel.melbands_crest.stdev": 5.098106861114502, "lowlevel.melbands_flatness_db.mean": 0.33169353008270264, "lowlevel.melbands_flatness_db.stdev": 0.0922360047698021, "lowlevel.melbands_kurtosis.mean": 104.80928039550781, "lowlevel.melbands_kurtosis.stdev": 108.31132507324219, "lowlevel.melbands_skewness.mean": 7.556375503540039, "lowlevel.melbands_skewness.stdev": 4.130681991577148, "lowlevel.melbands_spread.mean": 9.72242546081543, "lowlevel.melbands_spread.stdev": 15.960372924804688, "lowlevel.pitch_salience.mean": 0.27508366107940674, "lowlevel.pitch_salience.stdev": 0.16578474640846252, "lowlevel.silence_rate_20dB.mean": 0.9994206428527832, "lowlevel.silence_rate_20dB.stdev": 0.024063464254140854, "lowlevel.silence_rate_30dB.mean": 0.9878331422805786, "lowlevel.silence_rate_30dB.stdev": 0.10963204503059387, "lowlevel.silence_rate_60dB.mean": 0.2902665138244629, "lowlevel.silence_rate_60dB.stdev": 0.4538883864879608, "lowlevel.spectral_centroid.mean": 759.5393676757812, "lowlevel.spectral_centroid.stdev": 535.4420166015625, "lowlevel.spectral_complexity.mean": 3.5405561923980713, "lowlevel.spectral_complexity.stdev": 2.5091400146484375, "lowlevel.spectral_decrease.mean": -3.861933883797519e-09, "lowlevel.spectral_decrease.stdev": 6.214940118098866e-09, "lowlevel.spectral_energy.mean": 0.015131405554711819, "lowlevel.spectral_energy.stdev": 0.024267088621854782, "lowlevel.spectral_energyband_high.mean": 7.212664786493406e-05, "lowlevel.spectral_energyband_high.stdev": 0.00017608271446079016, "lowlevel.spectral_energyband_low.mean": 1.6711259149815305e-06, "lowlevel.spectral_energyband_low.stdev": 2.2428484953707084e-06, "lowlevel.spectral_energyband_middle_high.mean": 0.0005194101249799132, "lowlevel.spectral_energyband_middle_high.stdev": 0.0010547895217314363, "lowlevel.spectral_energyband_middle_low.mean": 0.014577275142073631, "lowlevel.spectral_energyband_middle_low.stdev": 0.023776262998580933, "lowlevel.spectral_entropy.mean": 6.575171947479248, "lowlevel.spectral_entropy.stdev": 0.7602345943450928, "lowlevel.spectral_flux.mean": 0.04708384349942207, "lowlevel.spectral_flux.stdev": 0.03719488903880119, "lowlevel.spectral_kurtosis.mean": 5.204253196716309, "lowlevel.spectral_kurtosis.stdev": 3.2771494388580322, "lowlevel.spectral_rms.mean": 0.0031178651843219995, "lowlevel.spectral_rms.stdev": 0.0022452769335359335, "lowlevel.spectral_rolloff.mean": 924.343994140625, "lowlevel.spectral_rolloff.stdev": 1667.0240478515625, "lowlevel.spectral_skewness.mean": 1.647160530090332, "lowlevel.spectral_skewness.stdev": 0.5228374004364014, "lowlevel.spectral_spread.mean": 4529981.5, "lowlevel.spectral_spread.stdev": 1434961.25, "lowlevel.spectral_strongpeak.mean": 0.9435789585113525, "lowlevel.spectral_strongpeak.stdev": 0.8292422890663147, "lowlevel.zerocrossingrate.mean": 0.039582181721925735, "lowlevel.zerocrossingrate.stdev": 0.04013688489794731, "metadata.audio_properties.analysis.equal_loudness": 0.0, "metadata.audio_properties.analysis.length": 40.04265213012695, "metadata.audio_properties.analysis.sample_rate": 44100.0, "metadata.audio_properties.analysis.start_time": 0.0, "metadata.audio_properties.bit_rate": 112996.0, "metadata.audio_properties.length": 40.042667388916016, "metadata.audio_properties.lossless": 0.0, "metadata.audio_properties.number_channels": 1.0, "metadata.audio_properties.replay_gain": -0.06923866271972656, "metadata.audio_properties.sample_rate": 48000.0, "rhythm.beats_count": 89.0, "rhythm.beats_loudness.mean": 0.01972993090748787, "rhythm.beats_loudness.stdev": 0.03671538829803467, "rhythm.bpm": 114.8895263671875, "rhythm.bpm_histogram_first_peak_bpm": 115.0, "rhythm.bpm_histogram_first_peak_weight": 0.5, "rhythm.bpm_histogram_second_peak_bpm": 126.0, "rhythm.bpm_histogram_second_peak_spread": 0.5263158082962036, "rhythm.bpm_histogram_second_peak_weight": 0.10227272659540176, "rhythm.danceability": 1.0961170196533203, "rhythm.onset_rate": 2.5964674949645996, "tonal.chords_changes_rate": 0.09606481343507767, "tonal.chords_number_rate": 0.013888888992369175, "tonal.chords_strength.mean": 0.5404477119445801, "tonal.chords_strength.stdev": 0.112903892993927, "tonal.hpcp_crest.mean": 18.33537483215332, "tonal.hpcp_crest.stdev": 8.78044605255127, "tonal.hpcp_entropy.mean": 1.4878158569335938, "tonal.hpcp_entropy.stdev": 0.8237366080284119, "tonal.key_edma.strength": 0.6277985572814941, "tonal.key_krumhansl.strength": 0.6460956335067749, "tonal.key_temperley.strength": 0.6443649530410767, "tonal.tuning_diatonic_strength": 0.5664903521537781, "tonal.tuning_equal_tempered_deviation": 0.21761447191238403, "tonal.tuning_frequency": 450.02447509765625, "tonal.tuning_nontempered_energy_ratio": 0.8873807191848755, "lowlevel.barkbands.mean": [3.222451994133735e-07, 5.140032612871437e-07, 4.929119654661918e-07, 2.609713646961609e-06, 0.006842711940407753, 0.006872925441712141, 0.0003130936820525676, 0.00017950333131011575, 0.0003036739944946021, 8.777113544056192e-05, 3.8338417652994394e-05, 7.824633939890191e-05, 9.724165465740953e-06, 1.664625779085327e-05, 2.6667303245631047e-05, 2.7786538339569233e-05, 5.768349001300521e-05, 7.061851647449657e-05, 7.270424976013601e-05, 6.853919330751523e-05, 2.741353227975196e-06, 9.126442819251679e-06, 1.8593706045066938e-05, 2.117374060617294e-05, 6.777286216674838e-06, 2.244097004222567e-06, 1.730636114416484e-07], "lowlevel.barkbands.stdev": [6.591620262952347e-07, 9.41308940127783e-07, 8.242155900006765e-07, 6.424573257390875e-06, 0.014936821535229683, 0.01724245399236679, 0.0030973758548498154, 0.001008700579404831, 0.0011903945123776793, 0.0003948255907744169, 0.00011893929331563413, 0.00042020311229862273, 4.5558605052065104e-05, 6.80774319334887e-05, 0.00014119029219727963, 9.58665696089156e-05, 0.0002233240520581603, 0.0003025413316208869, 0.00024686174583621323, 0.00011719004396582022, 1.0607160220388323e-05, 3.83033839170821e-05, 4.6518369344994426e-05, 5.526328459382057e-05, 3.3474887459306046e-05, 1.310794959863415e-05, 8.714602586223918e-07], "lowlevel.erbbands.mean": [3.461162486928515e-05, 0.00020994468650314957, 0.001839197939261794, 0.04693533852696419, 2.4364147186279297, 28.78013801574707, 66.16427612304688, 43.294029235839844, 10.65102767944336, 3.782944440841675, 3.5456347465515137, 7.64888858795166, 4.296257495880127, 1.318515658378601, 2.486506462097168, 2.484618663787842, 0.5347437262535095, 0.7185918092727661, 0.9638993740081787, 1.516786813735962, 2.075613498687744, 3.2672126293182373, 3.2087275981903076, 4.921140670776367, 3.4674644470214844, 3.0625739097595215, 0.29827365279197693, 0.12052567303180695, 0.27628371119499207, 0.49947184324264526, 0.5191059112548828, 0.5011397004127502, 0.3025050461292267, 0.1159440204501152, 0.028462979942560196, 0.01067766547203064, 0.004100598394870758, 0.0007463644724339247, 2.5011529942275956e-05, 1.7637932614888996e-05], "lowlevel.erbbands.stdev": [4.8478370445081964e-05, 0.0002663602354004979, 0.002574140904471278, 0.08462147414684296, 4.699121952056885, 61.52021789550781, 138.27969360351562, 134.3387908935547, 95.60272216796875, 13.136982917785645, 13.392464637756348, 29.152332305908203, 16.593568801879883, 4.517068862915039, 8.302245140075684, 13.660664558410645, 1.8283329010009766, 2.647420644760132, 3.7282626628875732, 6.578106880187988, 5.635359287261963, 13.482728958129883, 13.498392105102539, 16.97052764892578, 8.236541748046875, 5.450521945953369, 0.6171634793281555, 0.501121997833252, 1.2716790437698364, 1.8423998355865479, 1.1624116897583008, 1.1389892101287842, 1.006443977355957, 0.5293779969215393, 0.15357960760593414, 0.06504771113395691, 0.025511162355542183, 0.003983113449066877, 8.831528248265386e-05, 2.708267311390955e-05], "lowlevel.gfcc.mean": [-161.6202392578125, 64.66927337646484, -127.93560028076172, 19.72676658630371, -98.61720275878906, -38.5413818359375, -76.041015625, -4.4025678634643555, -34.75791931152344, -29.832887649536133, 2.170973300933838, -3.2455337047576904, 0.8266420960426331], "lowlevel.melbands.mean": [1.7024882481564418e-07, 2.2467966687145235e-07, 3.477005157037638e-05, 0.0009946806821972132, 0.0022323846351355314, 0.0010250487830489874, 0.0001363037881674245, 4.179203824605793e-05, 3.3364634873578325e-05, 4.6001510781934485e-05, 1.9804978364845738e-05, 4.711467227025423e-06, 6.288859367487021e-06, 1.1591316251724493e-05, 1.4793178024774534e-06, 9.382996495332918e-07, 1.4956700624679797e-06, 1.330489453721384e-06, 2.619073711684905e-06, 1.7686899127511424e-06, 2.6345230708102463e-06, 3.7725262700405437e-06, 2.6622881250659702e-06, 3.215701781300595e-06, 4.255695785104763e-06, 1.865813828771934e-06, 3.5606908568297513e-06, 1.5211485333566088e-06, 1.563950746685805e-07, 5.9046548983587854e-08, 6.636381044700101e-08, 1.3523131769943575e-07, 2.209455516322123e-07, 3.0080511237429164e-07, 2.846985580617911e-07, 3.223933617846342e-07, 2.991473877500539e-07, 2.3055142150951724e-07, 1.5795866659118474e-07, 7.605853369341276e-08], "lowlevel.melbands.stdev": [3.0871214562466776e-07, 3.2687086104488117e-07, 8.398752834182233e-05, 0.001960513647645712, 0.004349918104708195, 0.003050282597541809, 0.0012876151595264673, 0.0001844773069024086, 0.00011826354602817446, 0.0001844158978201449, 8.353104203706607e-05, 1.7805194147513248e-05, 1.8334352716919966e-05, 6.218101771082729e-05, 6.353245680656983e-06, 5.094578227726743e-06, 5.983368737361161e-06, 4.7963148972485214e-06, 1.511024765932234e-05, 7.40296582080191e-06, 7.743080459476914e-06, 1.5166767298069317e-05, 1.572709334141109e-05, 1.1549159353307914e-05, 1.5070904737513047e-05, 5.637706181005342e-06, 6.564993782376405e-06, 2.8872477741970215e-06, 4.044736954256223e-07, 2.8001599616800377e-07, 2.8850865874119336e-07, 6.802120537940937e-07, 9.003235277305066e-07, 1.119925173043157e-06, 6.743889002791548e-07, 6.796512366236129e-07, 7.297741717593453e-07, 7.427127570736047e-07, 7.010324907241738e-07, 3.701645141518384e-07], "lowlevel.melbands128.mean": [1.4704194484238542e-07, 1.7747019853686652e-07, 1.77816616542259e-07, 1.6119527401770029e-07, 1.878734821048056e-07, 2.6480358883418376e-07, 4.576142771384184e-07, 1.7602037587494124e-06, 9.366207086713985e-05, 0.0007140064844861627, 0.0017068983288481832, 0.002436128444969654, 0.0024949004873633385, 0.0019904214423149824, 0.0010037251049652696, 0.0005674396525137126, 0.0002302165376022458, 4.05930113629438e-05, 3.5869965358870104e-05, 2.9263623218866996e-05, 6.536231376230717e-05, 2.472286723786965e-05, 1.5004272427177057e-05, 5.530439375434071e-05, 6.716414645779878e-05, 3.471073432592675e-05, 1.9284738300484605e-05, 2.8327702239039354e-05, 9.166084964817856e-06, 2.311821390321711e-06, 4.965410425938899e-06, 4.756946054840228e-06, 4.166313374298625e-06, 8.209876796172466e-06, 1.5931756934151053e-05, 1.3591590686701238e-05, 2.523094281059457e-06, 5.166700134395796e-07, 1.0630579936332651e-06, 1.1797227443821612e-06, 9.78185767053219e-07, 4.973506975147757e-07, 9.264219897886505e-07, 2.7554390271689044e-06, 1.6759092886786675e-06, 5.388916406445787e-07, 1.1212423487449996e-06, 4.29575902671786e-06, 2.041614152403781e-06, 1.4669431038782932e-06, 1.5847276699787471e-06, 2.5568215278326534e-06, 1.649627733968373e-06, 2.5028468826349126e-06, 5.168823008716572e-06, 4.4549851736519486e-06, 2.2708507003699197e-06, 1.873216547210177e-06, 3.94468906961265e-06, 1.834412159951171e-06, 2.962522557936609e-06, 3.571467004803708e-06, 6.368753929564264e-06, 4.10429038311122e-06, 1.5211259096759022e-06, 1.7887964531837497e-06, 1.6958510968834162e-06, 2.9861741950298892e-06, 4.512828127190005e-06, 3.987988748122007e-06, 1.2978860013390658e-06, 4.4584518832380127e-07, 2.3223022083129763e-07, 1.0907476877264344e-07, 6.489402437637182e-08, 5.8034522965044744e-08, 6.094154514357797e-08, 4.7196202501709195e-08, 5.994115070961925e-08, 8.97255176823819e-08, 1.1716405623474202e-07, 1.6995346641124343e-07, 1.5122483887353155e-07, 2.3204228227768908e-07, 2.6374090111858095e-07, 3.0607751000388816e-07, 3.2194182608691335e-07, 2.675652126526984e-07, 2.779140402253688e-07, 2.9401360279734945e-07, 3.2913771974563133e-07, 3.0573892217944376e-07, 3.5093881933789817e-07, 3.014796448042034e-07, 2.562510132975149e-07, 3.124856959857425e-07, 1.8657698319657356e-07, 1.8018738501268672e-07, 1.883681051140229e-07, 1.3096952500291081e-07, 9.939686407278714e-08, 6.232521343463304e-08, 5.49946257422107e-08, 3.906901824279885e-08, 2.5756957455769225e-08, 2.2109190922492417e-08, 1.8783508082265143e-08, 1.681938144315609e-08, 2.140686916618506e-08, 1.6008215197871323e-08, 1.4330133524254052e-08, 1.5028160049723738e-08, 1.1713104264288177e-08, 1.427176332668978e-08, 7.907571486498455e-09, 7.908867338812797e-09, 6.514462302931179e-09, 9.56418388931013e-10, 9.109598492207382e-12, 4.766017441815151e-12, 4.838205357182712e-12, 3.70123853440929e-12, 3.646195324835677e-12, 3.5212815736179737e-12, 3.0486518257794026e-12, 2.2227159349186287e-12, 1.7831478481278307e-12, 1.713103075194622e-12], "lowlevel.melbands128.stdev": [3.0411337093028123e-07, 3.8691686654601654e-07, 3.657826539438247e-07, 2.9588741767838656e-07, 3.1457042837246263e-07, 4.5477082721845363e-07, 8.464056122647889e-07, 4.677249762607971e-06, 0.00024225370725616813, 0.0014888637233525515, 0.0039019761607050896, 0.006781658157706261, 0.006058244034647942, 0.0051789311692118645, 0.0033666493836790323, 0.004456513095647097, 0.0029576956294476986, 0.00026021915255114436, 0.00010850979742826894, 9.924655023496598e-05, 0.00041272721136920154, 0.00017144292360171676, 5.614543260890059e-05, 0.00028507434763014317, 0.0002563902526162565, 0.00028435882995836437, 9.740074892761186e-05, 0.00014384799578692764, 4.9107035010820255e-05, 1.2503986908996012e-05, 3.138507599942386e-05, 1.8676830222830176e-05, 1.5047296983539127e-05, 4.050903226016089e-05, 8.521664858562872e-05, 9.339344978798181e-05, 1.878138027677778e-05, 2.539484739827458e-06, 4.456327587831765e-06, 5.6970120567712e-06, 9.482322639087215e-06, 3.991917765233666e-06, 4.142209490964888e-06, 1.4294452739704866e-05, 9.123107702180278e-06, 1.5367983223768533e-06, 4.717803676612675e-06, 2.9911145247751847e-05, 1.2312387298152316e-05, 1.011326185107464e-05, 9.262449566449504e-06, 1.4335563719214406e-05, 5.207542926655151e-06, 1.268967298528878e-05, 1.9654244169942103e-05, 2.160541589546483e-05, 2.337387195439078e-05, 8.153782800945919e-06, 3.423143789405003e-05, 6.65331299387617e-06, 1.72962318174541e-05, 1.0839346941793337e-05, 3.4303258871659636e-05, 1.5090549823071342e-05, 2.6132629500352778e-06, 8.187819730665069e-06, 7.248953806993086e-06, 1.028995666274568e-05, 8.743694706936367e-06, 9.079717528948095e-06, 3.1917622891342035e-06, 1.1739100500562927e-06, 7.245516258080897e-07, 3.240378134705679e-07, 2.1136631289664365e-07, 2.9025281378380896e-07, 4.7467855779359525e-07, 2.0867710759375768e-07, 3.0504602932523994e-07, 4.0446246885039727e-07, 5.484224061547138e-07, 1.2004591098957462e-06, 6.111146717557858e-07, 9.78448383648356e-07, 1.1791033784902538e-06, 1.2534699180832831e-06, 1.2736965118165244e-06, 8.068200827437977e-07, 7.483141644115676e-07, 7.067517344694352e-07, 7.129286814233637e-07, 7.217238362500211e-07, 7.923779890006699e-07, 7.984619401213422e-07, 7.426034471791354e-07, 9.248114452020673e-07, 7.44181591016968e-07, 7.169593914113648e-07, 7.861589210733655e-07, 7.6567755513679e-07, 4.617384377070266e-07, 3.155866465931467e-07, 3.3220203476957977e-07, 2.1280543194279744e-07, 1.4274121440394083e-07, 1.6083421883195115e-07, 1.4296372796707146e-07, 1.2347204858542682e-07, 1.3657624720053718e-07, 1.0074251122205169e-07, 1.0215618573283791e-07, 9.200964257161104e-08, 8.39917717598837e-08, 1.331893031419895e-07, 3.7613375525324955e-08, 4.734878444878632e-08, 3.1932227528841395e-08, 4.7204555819746474e-09, 1.793639126113078e-10, 3.986987823223487e-11, 4.8329857477158455e-11, 4.694388974768593e-12, 3.980516437296355e-12, 3.8987511136179265e-12, 3.828334784600207e-12, 3.7677773227773326e-12, 3.726978361345834e-12, 3.70625752310616e-12], "lowlevel.mfcc.mean": [-806.2769165039062, 87.55424499511719, 0.5192144513130188, 15.018936157226562, -3.97995662689209, -52.14011001586914, -27.51723861694336, -6.329224109649658, -45.20444107055664, -6.855953216552734, -33.15681838989258, -23.23447608947754, -5.552143573760986], "lowlevel.spectral_contrast_coeffs.mean": [-0.41866034269332886, -0.6702159643173218, -0.7699604630470276, -0.8144928216934204, -0.7573265433311462, -0.799125075340271], "lowlevel.spectral_contrast_coeffs.stdev": [0.11089450120925903, 0.10443297028541565, 0.07310857623815536, 0.047873739153146744, 0.06267950683832169, 0.03244867920875549], "lowlevel.spectral_contrast_valleys.mean": [-10.1732177734375, -8.69411849975586, -9.451702117919922, -9.538073539733887, -8.969962120056152, -11.6272611618042], "lowlevel.spectral_contrast_valleys.stdev": [0.6698198318481445, 0.6858535408973694, 0.8570820689201355, 0.734491229057312, 0.7127975225448608, 0.8509133458137512], "rhythm.beats_loudness_band_ratio.mean": [0.026353634893894196, 0.8061263561248779, 0.09172885119915009, 0.023325420916080475, 0.023834405466914177, 0.06605035066604614], "rhythm.beats_loudness_band_ratio.stdev": [0.046683408319950104, 0.199233740568161, 0.11723702400922775, 0.04414787143468857, 0.02916168048977852, 0.12966494262218475], "tonal.hpcp.mean": [0.16565673053264618, 0.14186809957027435, 0.11127122491598129, 0.09821544587612152, 0.05302412807941437, 0.03480619564652443, 0.039468035101890564, 0.08590102195739746, 0.1569720208644867, 0.14240135252475739, 0.06808678060770035, 0.03606637194752693, 0.02570086531341076, 0.01569170318543911, 0.04749158397316933, 0.12761694192886353, 0.13407209515571594, 0.0733194425702095, 0.06779109686613083, 0.07108977437019348, 0.0955902636051178, 0.1381072849035263, 0.11293161660432816, 0.06183049827814102, 0.035158831626176834, 0.02712784893810749, 0.03105589933693409, 0.030620833858847618, 0.037941593676805496, 0.041675642132759094, 0.022917762398719788, 0.012928676791489124, 0.01727672480046749, 0.034637074917554855, 0.06942223012447357, 0.11792535334825516], "tonal.hpcp.stdev": [0.33621618151664734, 0.29395410418510437, 0.274004727602005, 0.2609037458896637, 0.18612083792686462, 0.14484363794326782, 0.15510232746601105, 0.23494690656661987, 0.3130897581577301, 0.30373793840408325, 0.18882904946804047, 0.13269899785518646, 0.11015667021274567, 0.08105706423521042, 0.1630004644393921, 0.30451443791389465, 0.3063364624977112, 0.2126040905714035, 0.20801575481891632, 0.2158339023590088, 0.23601755499839783, 0.30077242851257324, 0.2708044946193695, 0.18610765039920807, 0.14205841720104218, 0.121978260576725, 0.1273300051689148, 0.1336488276720047, 0.1347738653421402, 0.14451853930950165, 0.08508274704217911, 0.06940348446369171, 0.09071002155542374, 0.13874498009681702, 0.218202143907547, 0.272940456867218], "rhythm.beats_position": [0.3715192675590515, 0.7546485066413879, 1.1377778053283691, 1.5325169563293457, 1.9272562265396118, 2.321995496749878, 2.7167346477508545, 3.0998640060424805, 3.494603157043457, 3.877732276916504, 4.2724714279174805, 4.632380962371826, 4.980679988861084, 5.34058952331543, 5.700498580932617, 6.0371880531311035, 6.3854875564575195, 6.745396614074707, 7.105306148529053, 7.4536051750183105, 7.813514709472656, 8.161813735961914, 8.498503684997559, 8.823582649230957, 9.171881675720215, 9.50857162475586, 9.845260620117188, 10.193559646606445, 10.611518859863281, 11.029478073120117, 11.447437286376953, 11.865396499633789, 12.376235961914062, 12.88707447052002, 13.409523963928223, 13.93197250366211, 14.442811965942383, 14.9768705368042, 15.522539138793945, 16.068208694458008, 16.60226821899414, 17.12471580505371, 17.647165298461914, 18.169614791870117, 18.692062377929688, 19.21451187133789, 19.736961364746094, 20.259410858154297, 20.793468475341797, 21.26947784423828, 21.722267150878906, 22.18666648864746, 22.651065826416016, 23.11546516418457, 23.568254470825195, 24.079092025756836, 24.57832145690918, 25.100770950317383, 25.611610412597656, 26.122447967529297, 26.63328742980957, 27.109296798706055, 27.58530616760254, 28.061315536499023, 28.537322998046875, 29.01333236694336, 29.489341735839844, 29.976961135864258, 30.441360473632812, 30.905759811401367, 31.37015724182129, 31.834556579589844, 32.29895782470703, 32.774967193603516, 33.2625846862793, 33.73859405517578, 34.179771423339844, 34.62095260620117, 35.0737419128418, 35.52653121948242, 35.95610046386719, 36.38566970825195, 36.81523895263672, 37.25641632080078, 37.69759750366211, 38.13877487182617, 38.579952239990234, 39.009521484375, 39.45070266723633], "rhythm.bpm_histogram": [0.0, 0.0, 0.0, 0.0, 0.0, 0.0, 0.0, 0.0, 0.0, 0.0, 0.0, 0.0, 0.0, 0.0, 0.0, 0.0, 0.0, 0.0, 0.0, 0.0, 0.0, 0.0, 0.0, 0.0, 0.0, 0.0, 0.0, 0.0, 0.0, 0.0, 0.0, 0.0, 0.0, 0.0, 0.0, 0.0, 0.0, 0.0, 0.0, 0.0, 0.0, 0.0, 0.0, 0.0, 0.0, 0.0, 0.0, 0.0, 0.0, 0.0, 0.0, 0.0, 0.0, 0.0, 0.0, 0.0, 0.0, 0.0, 0.0, 0.0, 0.0, 0.0, 0.0, 0.0, 0.0, 0.0, 0.0, 0.0, 0.0, 0.0, 0.0, 0.0, 0.0, 0.0, 0.0, 0.0, 0.0, 0.0, 0.0, 0.0, 0.0, 0.0, 0.0, 0.0, 0.0, 0.0, 0.0, 0.0, 0.0, 0.0, 0.0, 0.0, 0.0, 0.0, 0.0, 0.0, 0.0, 0.0, 0.0, 0.0, 0.0, 0.0, 0.0, 0.0, 0.0, 0.0, 0.0, 0.0, 0.0, 0.0, 0.022727273404598236, 0.0, 0.034090910106897354, 0.0, 0.0, 0.11363636702299118, 0.0, 0.07954545319080353, 0.0, 0.0, 0.011363636702299118, 0.0, 0.0, 0.022727273404598236, 0.0, 0.0, 0.10227272659540176, 0.0, 0.0, 0.09090909361839294, 0.0, 0.0, 0.0, 0.04545454680919647, 0.0, 0.0, 0.07954545319080353, 0.0, 0.0, 0.0, 0.04545454680919647, 0.0, 0.0, 0.0, 0.04545454680919647, 0.0, 0.0, 0.0, 0.0, 0.0, 0.0, 0.0, 0.06818182021379471, 0.0, 0.0, 0.0, 0.0, 0.04545454680919647, 0.0, 0.0, 0.0, 0.0, 0.0, 0.0, 0.0, 0.0, 0.0, 0.06818182021379471, 0.0, 0.0, 0.0, 0.0, 0.06818182021379471, 0.0, 0.0, 0.0, 0.0, 0.0, 0.04545454680919647, 0.0, 0.0, 0.0, 0.0, 0.0, 0.0, 0.011363636702299118, 0.0, 0.0, 0.0, 0.0, 0.0, 0.0, 0.0, 0.0, 0.0, 0.0, 0.0, 0.0, 0.0, 0.0, 0.0, 0.0, 0.0, 0.0, 0.0, 0.0, 0.0, 0.0, 0.0, 0.0, 0.0, 0.0, 0.0, 0.0, 0.0, 0.0, 0.0, 0.0, 0.0, 0.0, 0.0, 0.0, 0.0, 0.0, 0.0, 0.0, 0.0, 0.0, 0.0, 0.0, 0.0, 0.0, 0.0, 0.0, 0.0, 0.0, 0.0, 0.0, 0.0, 0.0, 0.0, 0.0, 0.0, 0.0, 0.0, 0.0, 0.0, 0.0, 0.0, 0.0], "tonal.chords_histogram": [13.773148536682129, 8.449073791503906, 0.6944444179534912, 6.018518447875977, 11.574073791503906, 0.11574073880910873, 0.0, 15.509259223937988, 7.1759257316589355, 1.5046296119689941, 8.333333015441895, 14.699073791503906, 0.23148147761821747, 0.0, 0.0, 0.0, 0.0, 3.0092592239379883, 3.819444417953491, 0.0, 0.6944444179534912, 0.6944444179534912, 3.7037036418914795, 0.0], "tonal.thpcp": [1.0, 0.8563980460166931, 0.6716975569725037, 0.5928853154182434, 0.3200843632221222, 0.2101103663444519, 0.2382519245147705, 0.518548309803009, 0.9475740790367126, 0.8596170544624329, 0.4110112488269806, 0.2177175134420395, 0.1551453173160553, 0.09472420811653137, 0.2866867184638977, 0.7703697681427002, 0.8093368411064148, 0.4425986409187317, 0.40922632813453674, 0.42913907766342163, 0.5770382285118103, 0.8336955904960632, 0.6817206740379333, 0.3732447028160095, 0.212239071726799, 0.16375941038131714, 0.187471404671669, 0.18484508991241455, 0.22903743386268616, 0.25157833099365234, 0.1383448988199234, 0.07804498076438904, 0.10429231822490692, 0.209089457988739, 0.41907280683517456, 0.7118657827377319], "lowlevel.gfcc.cov": [[4998.2861328125, -38.69245910644531, -487.8032531738281, -187.7813262939453, -334.5674743652344, -275.1921081542969, -222.82740783691406, -15.946710586547852, -118.66383361816406, -98.59061431884766, 134.40951538085938, 32.023536682128906, 68.46155548095703], [-38.69245910644531, 1323.889892578125, -143.55052185058594, -179.45928955078125, 79.19377136230469, -113.55036163330078, 113.22010803222656, -175.64218139648438, 11.908284187316895, -269.71002197265625, 151.79696655273438, -245.11473083496094, 15.97520923614502], [-487.8032531738281, -143.55052185058594, 961.1002197265625, 523.1875610351562, 232.32391357421875, -126.07782745361328, -173.38668823242188, -148.24427795410156, -76.25137329101562, -106.40538024902344, -302.8811950683594, -36.38082504272461, -88.8194808959961], [-187.7813262939453, -179.45928955078125, 523.1875610351562, 684.3938598632812, 256.5696716308594, -206.34703063964844, -214.39877319335938, -48.374813079833984, -10.900554656982422, -97.57195281982422, -298.7560729980469, -57.68588638305664, -42.64405822753906], [-334.5674743652344, 79.19377136230469, 232.32391357421875, 256.5696716308594, 290.3644714355469, -42.9420166015625, -62.04384231567383, -37.596595764160156, -4.986423969268799, -77.23519134521484, -209.26182556152344, -122.614501953125, -78.1021728515625], [-275.1921081542969, -113.55036163330078, -126.07782745361328, -206.34703063964844, -42.9420166015625, 410.0643005371094, 192.9694061279297, -30.108274459838867, -58.48981857299805, 57.168434143066406, -73.76166534423828, -69.7821273803711, -118.4257583618164], [-222.82740783691406, 113.22010803222656, -173.38668823242188, -214.39877319335938, -62.04384231567383, 192.9694061279297, 231.27786254882812, -11.93476676940918, -29.73433494567871, 28.639780044555664, 43.91156768798828, -14.458446502685547, -44.33540725708008], [-15.946710586547852, -175.64218139648438, -148.24427795410156, -48.374813079833984, -37.596595764160156, -30.108274459838867, -11.93476676940918, 162.47161865234375, 59.20634841918945, 67.85082244873047, 40.82426071166992, 52.42676544189453, 32.838191986083984], [-118.66383361816406, 11.908284187316895, -76.25137329101562, -10.900554656982422, -4.986423969268799, -58.48981857299805, -29.73433494567871, 59.20634841918945, 119.85160064697266, 44.21649932861328, 25.812255859375, 7.565372467041016, 25.952608108520508], [-98.59061431884766, -269.71002197265625, -106.40538024902344, -97.57195281982422, -77.23519134521484, 57.168434143066406, 28.639780044555664, 67.85082244873047, 44.21649932861328, 181.66476440429688, 54.87369918823242, 93.97358703613281, 31.772932052612305], [134.40951538085938, 151.79696655273438, -302.8811950683594, -298.7560729980469, -209.26182556152344, -73.76166534423828, 43.91156768798828, 40.82426071166992, 25.812255859375, 54.87369918823242, 447.63934326171875, 184.36819458007812, 165.41098022460938], [32.023536682128906, -245.11473083496094, -36.38082504272461, -57.68588638305664, -122.614501953125, -69.7821273803711, -14.458446502685547, 52.42676544189453, 7.565372467041016, 93.97358703613281, 184.36819458007812, 253.15008544921875, 121.3191146850586], [68.46155548095703, 15.97520923614502, -88.8194808959961, -42.64405822753906, -78.1021728515625, -118.4257583618164, -44.33540725708008, 32.838191986083984, 25.952608108520508, 31.772932052612305, 165.41098022460938, 121.3191146850586, 185.04025268554688]], "lowlevel.gfcc.icov": [[0.0003281173121649772, 6.393106014002115e-05, 0.000351708906237036, 0.00012901749869342893, 0.0005100911948829889, 0.0004446223611012101, 0.0005114446976222098, 0.000281782413367182, 0.0006113329436630011, 0.00013763466267846525, 0.00027127028442919254, 4.940134385833517e-05, 0.0002597726706881076], [6.393106014002115e-05, 0.003342860843986273, 6.982534978305921e-05, 0.0010719895362854004, -0.0010540002258494496, 0.0020806563552469015, -0.0027565525379031897, 0.0028704158030450344, -0.0020191448274999857, 0.003288083244115114, -0.0018007538747042418, 0.0035865444224327803, -0.0013379486044868827], [0.000351708906237036, 6.982534978305921e-05, 0.002821943024173379, -0.0008443590486422181, 0.00014984556764829904, 0.0007489505223929882, 0.0012133675627410412, 0.0020794039592146873, 0.0012238953495398164, 0.00020201224833726883, 0.0011315051233395934, -0.0013286771718412638, 0.0011413784231990576], [0.00012901749869342893, 0.0010719895362854004, -0.0008443590486422181, 0.004907052498310804, -0.0017271297983825207, 0.0019902954809367657, 0.0007693059742450714, 0.0010204639984294772, -0.0002934519143309444, 0.001579820062033832, 0.0016897786408662796, 6.689369183732197e-05, -0.0006511718966066837], [0.0005100911948829889, -0.0010540002258494496, 0.00014984556764829904, -0.0017271297983825207, 0.008146955631673336, 0.000484195799799636, 0.0013024002546444535, -0.0007231608615256846, 0.001126753631979227, -0.00028320675482973456, 0.002199743641540408, 0.0007383283227682114, 0.0012052544625476003], [0.0004446223611012101, 0.0020806563552469015, 0.0007489505223929882, 0.0019902954809367657, 0.000484195799799636, 0.008185594342648983, -0.004127362743020058, 0.002930201357230544, 0.0019071660935878754, -0.00048137042904272676, 0.0009016587282530963, 0.0029092549812048674, 0.0015100199962034822], [0.0005114446976222098, -0.0027565525379031897, 0.0012133675627410412, 0.0007693059742450714, 0.0013024002546444535, -0.004127362743020058, 0.012264065444469452, -0.0012577858287841082, 0.003426979063078761, -0.0021856441162526608, 0.0014832336455583572, -0.0036681699566543102, 0.002852084580808878], [0.000281782413367182, 0.0028704158030450344, 0.0020794039592146873, 0.0010204639984294772, -0.0007231608615256846, 0.002930201357230544, -0.0012577858287841082, 0.012596597895026207, -0.0040865871123969555, 0.001000871299766004, -2.581383341748733e-05, 0.0009608029504306614, -0.00029106318834237754], [0.0006113329436630011, -0.0020191448274999857, 0.0012238953495398164, -0.0002934519143309444, 0.001126753631979227, 0.0019071660935878754, 0.003426979063078761, -0.0040865871123969555, 0.015327275730669498, -0.005762182641774416, 0.001226875465363264, 0.0004097996570635587, 0.0011847737478092313], [0.00013763466267846525, 0.003288083244115114, 0.00020201224833726883, 0.001579820062033832, -0.00028320675482973456, -0.00048137042904272676, -0.0021856441162526608, 0.001000871299766004, -0.005762182641774416, 0.01369711197912693, -0.00046518672024831176, -0.0008737336611375213, -0.0015577046433463693], [0.00027127028442919254, -0.0018007538747042418, 0.0011315051233395934, 0.0016897786408662796, 0.002199743641540408, 0.0009016587282530963, 0.0014832336455583572, -2.581383341748733e-05, 0.001226875465363264, -0.00046518672024831176, 0.008239769376814365, -0.00508080655708909, -0.0012735783820971847], [4.940134385833517e-05, 0.0035865444224327803, -0.0013286771718412638, 6.689369183732197e-05, 0.0007383283227682114, 0.0029092549812048674, -0.0036681699566543102, 0.0009608029504306614, 0.0004097996570635587, -0.0008737336611375213, -0.00508080655708909, 0.014144442044198513, -0.004465336911380291], [0.0002597726706881076, -0.0013379486044868827, 0.0011413784231990576, -0.0006511718966066837, 0.0012052544625476003, 0.0015100199962034822, 0.002852084580808878, -0.00029106318834237754, 0.0011847737478092313, -0.0015577046433463693, -0.0012735783820971847, -0.004465336911380291, 0.01219897624105215]], "lowlevel.mfcc.cov": [[4150.89013671875, -159.45559692382812, -502.32696533203125, -340.80804443359375, -251.1480255126953, -286.4481201171875, -82.35647583007812, -17.064435958862305, -296.242919921875, 17.552953720092773, 13.904319763183594, -191.44415283203125, 1.0215173959732056], [-159.45559692382812, 1167.6773681640625, -196.08543395996094, -201.57044982910156, -87.49076080322266, -51.241188049316406, 75.64805603027344, 57.688602447509766, -193.9835662841797, 136.56390380859375, -105.0663833618164, -29.972644805908203, 16.928396224975586], [-502.32696533203125, -196.08543395996094, 610.3943481445312, 343.6368713378906, 173.5321044921875, 137.98800659179688, -29.59256935119629, -40.028656005859375, 89.61000061035156, -142.45343017578125, -69.29418182373047, -5.669785976409912, -86.22352600097656], [-340.80804443359375, -201.57044982910156, 343.6368713378906, 786.87109375, 382.9689636230469, -10.902440071105957, -195.5971221923828, -30.65411376953125, 129.2374267578125, -154.69395446777344, -109.99626159667969, -64.74163055419922, -118.3074722290039], [-251.1480255126953, -87.49076080322266, 173.5321044921875, 382.9689636230469, 426.6039123535156, -58.860755920410156, -115.24018096923828, -19.367345809936523, 63.36171340942383, -9.043871879577637, -80.96749114990234, -61.992279052734375, -61.788753509521484], [-286.4481201171875, -51.241188049316406, 137.98800659179688, -10.902440071105957, -58.860755920410156, 392.0994567871094, 105.82388305664062, -28.09508514404297, 156.82958984375, 7.71892786026001, 47.30049514770508, 8.032755851745605, -136.95692443847656], [-82.35647583007812, 75.64805603027344, -29.59256935119629, -195.5971221923828, -115.24018096923828, 105.82388305664062, 210.2309112548828, 32.68517303466797, -14.963950157165527, 28.21556854248047, 24.961902618408203, 43.04914093017578, 2.2103800773620605], [-17.064435958862305, 57.688602447509766, -40.028656005859375, -30.65411376953125, -19.367345809936523, -28.09508514404297, 32.68517303466797, 101.6580581665039, -20.75242042541504, 2.6553423404693604, 2.6150267124176025, 7.828919887542725, 34.86959457397461], [-296.242919921875, -193.9835662841797, 89.61000061035156, 129.2374267578125, 63.36171340942383, 156.82958984375, -14.963950157165527, -20.75242042541504, 262.1788330078125, 39.37312316894531, 41.00529861450195, -0.05239095166325569, -94.1418685913086], [17.552953720092773, 136.56390380859375, -142.45343017578125, -154.69395446777344, -9.043871879577637, 7.71892786026001, 28.21556854248047, 2.6553423404693604, 39.37312316894531, 203.3534393310547, 36.807838439941406, -5.863397121429443, -12.533053398132324], [13.904319763183594, -105.0663833618164, -69.29418182373047, -109.99626159667969, -80.96749114990234, 47.30049514770508, 24.961902618408203, 2.6150267124176025, 41.00529861450195, 36.807838439941406, 136.85174560546875, 36.34735107421875, 10.88658618927002], [-191.44415283203125, -29.972644805908203, -5.669785976409912, -64.74163055419922, -61.992279052734375, 8.032755851745605, 43.04914093017578, 7.828919887542725, -0.05239095166325569, -5.863397121429443, 36.34735107421875, 147.78416442871094, 87.29651641845703], [1.0215173959732056, 16.928396224975586, -86.22352600097656, -118.3074722290039, -61.788753509521484, -136.95692443847656, 2.2103800773620605, 34.86959457397461, -94.1418685913086, -12.533053398132324, 10.88658618927002, 87.29651641845703, 219.59304809570312]], "lowlevel.mfcc.icov": [[0.00034948362736031413, 0.00019380789308343083, 0.00022801459999755025, 2.0692117686849087e-05, 0.00022594067559111863, 8.395953045692295e-05, 0.00013351388042792678, 5.429158773040399e-05, 0.00042520181159488857, -7.164412818383425e-05, 9.01647872524336e-05, 0.0004162744735367596, 0.00019833077385555953], [0.00019380789308343083, 0.0014897168148308992, 0.00032005764660425484, -0.00017886111163534224, 0.00047324877232313156, -0.0003999733307864517, 7.269469642778859e-05, -0.0006036173435859382, 0.0014896888751536608, -0.0014199407305568457, 0.0014382860390469432, 0.00011100441042799503, 0.0003345576405990869], [0.00022801459999755025, 0.00032005764660425484, 0.0030729484278708696, -0.0005863060941919684, -0.0005177098792046309, -0.0010354736587032676, -0.00021440595446620136, 0.0005075278459116817, 0.00022609335428569466, 0.0012897650012746453, 0.001016711932606995, -0.00022327352780848742, 0.0002039671817328781], [2.0692117686849087e-05, -0.00017886111163534224, -0.0005863060941919684, 0.004284318536520004, -0.0024983964394778013, 0.00028950313571840525, 0.0021238375920802355, -0.000752180814743042, -0.0015798938693478703, 0.0027741696685552597, 0.000864689820446074, -0.0007237879326567054, 0.0013931950088590384], [0.00022594067559111863, 0.00047324877232313156, -0.0005177098792046309, -0.0024983964394778013, 0.0054604350589215755, 0.0008609663345851004, 7.979174552019686e-05, 0.00010012314305640757, 0.0003886392805725336, -0.002684785984456539, 0.001310253283008933, 0.0010635083308443427, -4.4847970457340125e-06], [8.395953045692295e-05, -0.0003999733307864517, -0.0010354736587032676, 0.00028950313571840525, 0.0008609663345851004, 0.006050672847777605, -0.0025536231696605682, 0.001112573896534741, -0.002835697727277875, 0.000828404095955193, -0.0012170240515843034, -0.00043825883767567575, 0.002710990607738495], [0.00013351388042792678, 7.269469642778859e-05, -0.00021440595446620136, 0.0021238375920802355, 7.979174552019686e-05, -0.0025536231696605682, 0.008939029648900032, -0.0030436867382377386, 0.0012944360496476293, -0.0001359681918984279, 0.0011251694522798061, -0.0021691371221095324, 0.0012306615244597197], [5.429158773040399e-05, -0.0006036173435859382, 0.0005075278459116817, -0.000752180814743042, 0.00010012314305640757, 0.001112573896534741, -0.0030436867382377386, 0.011926778592169285, -0.0008173900423571467, 0.0006512522231787443, -0.0009435202809982002, 0.001382189686410129, -0.00211680214