{"song_id": "1182282117934219304", "download": "https://cdn.discordapp.com/attachments/1128313332273782784/1182282117934219304/chirp.mp4?ex=65842106&amp", "lyrics": "[verse]\nPiese\u0148 o hegem\u00f3nii, zachm\u00faren\u00e9 nebohstvo\nNad Slovenskom klope bieda, ne\u010duj\u00faci hlas\nStraten\u00fdch snov, bezmocn\u00fdch ide\u00e1lov\nOdvrhnut\u00e9 n\u00e1deje, kde je ten skuto\u010dn\u00fd zajazd\n\n[chorus]\nPiese\u0148 o hegem\u00f3nii, ticho prorokuje utrpenie\nVojny v srdciach, steny z plienok zroben\u00e9\nZ\u00fafalstvo v o\u010diach, t\u00fa\u017eba po slobode e\u0161te hor\u010d\u00ed\nPiese\u0148 vzdoru, preb\u00fadzaj sa, smelo nahlas kri\u010d", "style": ["r and b"], "essentia_features": {"lowlevel.average_loudness": 0.9537915587425232, "lowlevel.barkbands_crest.mean": 14.045817375183105, "lowlevel.barkbands_crest.stdev": 4.654943466186523, "lowlevel.barkbands_flatness_db.mean": 0.26098600029945374, "lowlevel.barkbands_flatness_db.stdev": 0.10568951070308685, "lowlevel.barkbands_kurtosis.mean": 54.98638916015625, "lowlevel.barkbands_kurtosis.stdev": 77.95735931396484, "lowlevel.barkbands_skewness.mean": 4.920833110809326, "lowlevel.barkbands_skewness.stdev": 3.534437656402588, "lowlevel.barkbands_spread.mean": 15.75107192993164, "lowlevel.barkbands_spread.stdev": 20.02950668334961, "lowlevel.dissonance.mean": 0.46141231060028076, "lowlevel.dissonance.stdev": 0.030825074762105942, "lowlevel.dynamic_complexity": 2.9947726726531982, "lowlevel.erbbands_crest.mean": 10.140195846557617, "lowlevel.erbbands_crest.stdev": 4.004288673400879, "lowlevel.erbbands_flatness_db.mean": 0.1475851684808731, "lowlevel.erbbands_flatness_db.stdev": 0.03934742137789726, "lowlevel.erbbands_kurtosis.mean": 0.6474767923355103, "lowlevel.erbbands_kurtosis.stdev": 2.4839844703674316, "lowlevel.erbbands_skewness.mean": 0.17779318988323212, "lowlevel.erbbands_skewness.stdev": 1.0135327577590942, "lowlevel.erbbands_spread.mean": 51.254878997802734, "lowlevel.erbbands_spread.stdev": 25.077590942382812, "lowlevel.hfc.mean": 33.24794387817383, "lowlevel.hfc.stdev": 39.42254638671875, "lowlevel.loudness_ebu128.integrated": -14.21277141571045, "lowlevel.loudness_ebu128.loudness_range": 2.3334999084472656, "lowlevel.loudness_ebu128.momentary.mean": -14.820337295532227, "lowlevel.loudness_ebu128.momentary.stdev": 2.5637898445129395, "lowlevel.loudness_ebu128.short_term.mean": -14.110810279846191, "lowlevel.loudness_ebu128.short_term.stdev": 0.91869056224823, "lowlevel.melbands_crest.mean": 31.431772232055664, "lowlevel.melbands_crest.stdev": 8.340723991394043, "lowlevel.melbands_flatness_db.mean": 0.33942368626594543, "lowlevel.melbands_flatness_db.stdev": 0.12379482388496399, "lowlevel.melbands_kurtosis.mean": 196.3300018310547, "lowlevel.melbands_kurtosis.stdev": 310.2216491699219, "lowlevel.melbands_skewness.mean": 9.207138061523438, "lowlevel.melbands_skewness.stdev": 7.360563278198242, "lowlevel.melbands_spread.mean": 14.42379093170166, "lowlevel.melbands_spread.stdev": 26.269977569580078, "lowlevel.pitch_salience.mean": 0.26034125685691833, "lowlevel.pitch_salience.stdev": 0.17398904263973236, "lowlevel.silence_rate_20dB.mean": 0.8084337115287781, "lowlevel.silence_rate_20dB.stdev": 0.3935331702232361, "lowlevel.silence_rate_30dB.mean": 0.40963855385780334, "lowlevel.silence_rate_30dB.stdev": 0.4917657971382141, "lowlevel.silence_rate_60dB.mean": 0.024096384644508362, "lowlevel.silence_rate_60dB.stdev": 0.15334773063659668, "lowlevel.spectral_centroid.mean": 1563.7027587890625, "lowlevel.spectral_centroid.stdev": 946.9383544921875, "lowlevel.spectral_complexity.mean": 12.062650680541992, "lowlevel.spectral_complexity.stdev": 8.77474308013916, "lowlevel.spectral_decrease.mean": -4.575649015237104e-08, "lowlevel.spectral_decrease.stdev": 3.9304190124767047e-08, "lowlevel.spectral_energy.mean": 0.17571109533309937, "lowlevel.spectral_energy.stdev": 0.14877824485301971, "lowlevel.spectral_energyband_high.mean": 0.0020919356029480696, "lowlevel.spectral_energyband_high.stdev": 0.003743112785741687, "lowlevel.spectral_energyband_low.mean": 0.15317049622535706, "lowlevel.spectral_energyband_low.stdev": 0.14142850041389465, "lowlevel.spectral_energyband_middle_high.mean": 0.004194953478872776, "lowlevel.spectral_energyband_middle_high.stdev": 0.007376715540885925, "lowlevel.spectral_energyband_middle_low.mean": 0.00926177203655243, "lowlevel.spectral_energyband_middle_low.stdev": 0.014807653613388538, "lowlevel.spectral_entropy.mean": 7.686628818511963, "lowlevel.spectral_entropy.stdev": 0.4661940932273865, "lowlevel.spectral_flux.mean": 0.13571232557296753, "lowlevel.spectral_flux.stdev": 0.09821514785289764, "lowlevel.spectral_kurtosis.mean": 2.960609197616577, "lowlevel.spectral_kurtosis.stdev": 2.253268003463745, "lowlevel.spectral_rms.mean": 0.011577135883271694, "lowlevel.spectral_rms.stdev": 0.006115180440247059, "lowlevel.spectral_rolloff.mean": 741.9349975585938, "lowlevel.spectral_rolloff.stdev": 1687.3289794921875, "lowlevel.spectral_skewness.mean": 1.3172391653060913, "lowlevel.spectral_skewness.stdev": 0.4639429450035095, "lowlevel.spectral_spread.mean": 5698512.0, "lowlevel.spectral_spread.stdev": 2099571.0, "lowlevel.spectral_strongpeak.mean": 0.6499592661857605, "lowlevel.spectral_strongpeak.stdev": 0.7142045497894287, "lowlevel.zerocrossingrate.mean": 0.03615163639187813, "lowlevel.zerocrossingrate.stdev": 0.04304514080286026, "metadata.audio_properties.analysis.equal_loudness": 0.0, "metadata.audio_properties.analysis.length": 19.242652893066406, "metadata.audio_properties.analysis.sample_rate": 44100.0, "metadata.audio_properties.analysis.start_time": 0.0, "metadata.audio_properties.bit_rate": 128399.0, "metadata.audio_properties.length": 19.242666244506836, "metadata.audio_properties.lossless": 0.0, "metadata.audio_properties.number_channels": 1.0, "metadata.audio_properties.replay_gain": -10.055994033813477, "metadata.audio_properties.sample_rate": 48000.0, "rhythm.beats_count": 50.0, "rhythm.beats_loudness.mean": 0.2045685350894928, "rhythm.beats_loudness.stdev": 0.12704123556613922, "rhythm.bpm": 161.4989776611328, "rhythm.bpm_histogram_first_peak_bpm": 161.0, "rhythm.bpm_histogram_first_peak_weight": 0.3181818723678589, "rhythm.bpm_histogram_second_peak_bpm": 140.0, "rhythm.bpm_histogram_second_peak_spread": 0.0, "rhythm.bpm_histogram_second_peak_weight": 0.040816325694322586, "rhythm.danceability": 1.085615873336792, "rhythm.onset_rate": 4.932258605957031, "tonal.chords_changes_rate": 0.0625, "tonal.chords_number_rate": 0.0072115384973585606, "tonal.chords_strength.mean": 0.540264368057251, "tonal.chords_strength.stdev": 0.08659260720014572, "tonal.hpcp_crest.mean": 18.14398956298828, "tonal.hpcp_crest.stdev": 8.653009414672852, "tonal.hpcp_entropy.mean": 1.463479995727539, "tonal.hpcp_entropy.stdev": 0.7914704084396362, "tonal.key_edma.strength": 0.6373163461685181, "tonal.key_krumhansl.strength": 0.627328634262085, "tonal.key_temperley.strength": 0.6007875204086304, "tonal.tuning_diatonic_strength": 0.6151121258735657, "tonal.tuning_equal_tempered_deviation": 0.2298470437526703, "tonal.tuning_frequency": 434.193115234375, "tonal.tuning_nontempered_energy_ratio": 0.9557615518569946, "lowlevel.barkbands.mean": [0.061790041625499725, 0.09531343728303909, 0.0033430347684770823, 0.0009064789046533406, 0.000973662652540952, 0.00022238354722503573, 0.001930678030475974, 0.0037941993214190006, 0.0008460368262603879, 0.0007626324077136815, 0.00031857978319749236, 0.00023446427076123655, 0.0006664256798103452, 0.0007766271010041237, 0.000519888533744961, 0.0004087896377313882, 0.00023901586246211082, 0.0002499624097254127, 0.00012031824007863179, 0.00043294657371006906, 0.00012086901551811025, 0.00034922381746582687, 0.0006879071006551385, 0.00037523856735788286, 0.00019814576080534607, 0.00012544734636321664, 4.873704256169731e-06], "lowlevel.barkbands.stdev": [0.07154741138219833, 0.0929260179400444, 0.01143663004040718, 0.004986661020666361, 0.0032709126826375723, 0.0008874880732037127, 0.005217846017330885, 0.007955803535878658, 0.0025292481295764446, 0.0020286201033741236, 0.0009292447939515114, 0.0008257181034423411, 0.00225478271022439, 0.002419323194772005, 0.0016407863004133105, 0.0011517117964103818, 0.0005193118122406304, 0.00045882773702032864, 0.00026245502522215247, 0.0007184243877418339, 0.00030999997397884727, 0.0007203369168564677, 0.0015916211996227503, 0.0007598772644996643, 0.00040998795884661376, 0.00029348497628234327, 1.7650232621235773e-05], "lowlevel.erbbands.mean": [6.442294597625732, 7.312036991119385, 4.666452884674072, 3.4372966289520264, 2.585721254348755, 3.5316479206085205, 2.769209861755371, 2.0831243991851807, 13.959870338439941, 81.49935913085938, 43.81884002685547, 21.03620719909668, 33.832298278808594, 8.976582527160645, 14.526517868041992, 13.602315902709961, 30.433189392089844, 39.57386016845703, 31.821063995361328, 22.415771484375, 19.00078773498535, 13.127409934997559, 15.621644020080566, 6.938474178314209, 8.995855331420898, 22.658000946044922, 7.028789043426514, 5.422933101654053, 11.420365333557129, 20.444595336914062, 17.14090919494629, 9.379037857055664, 5.425152778625488, 2.6700375080108643, 1.2199416160583496, 0.586338222026825, 0.23017893731594086, 0.03220263868570328, 0.0008485731668770313, 0.00022071336570661515], "lowlevel.erbbands.stdev": [6.184826374053955, 10.652213096618652, 12.992973327636719, 15.792242050170898, 13.323220252990723, 10.938468933105469, 7.683949947357178, 7.644732475280762, 39.01028823852539, 147.78567504882812, 104.50659942626953, 59.557918548583984, 84.0626449584961, 20.598285675048828, 45.13017654418945, 42.673526763916016, 104.71943664550781, 122.56266784667969, 90.30320739746094, 57.86134719848633, 52.57916259765625, 27.672758102416992, 27.81066131591797, 13.607423782348633, 18.07481575012207, 37.781803131103516, 13.284804344177246, 13.05953598022461, 23.60269546508789, 41.84733963012695, 41.14767837524414, 21.744915008544922, 10.182134628295898, 5.466151237487793, 2.5936033725738525, 1.3192024230957031, 0.5614308714866638, 0.08568734675645828, 0.0021387706510722637, 0.00017311163537669927], "lowlevel.gfcc.mean": [-12.929361343383789, 72.77641296386719, -91.71705627441406, 44.17171096801758, -47.526485443115234, 32.52126693725586, -15.311897277832031, 31.26102066040039, 8.555110931396484, 19.27318000793457, -0.6241760849952698, -2.681321144104004, -10.548691749572754], "lowlevel.melbands.mean": [0.043645113706588745, 0.0039519998244941235, 0.0005696159787476063, 0.00020452549506444484, 0.00012191821588203311, 4.5151875383453444e-05, 0.0002666807558853179, 0.0009596198215149343, 0.0002823057002387941, 0.0001354771084152162, 0.0001657988759689033, 3.149452095385641e-05, 4.264952804078348e-05, 3.3173884730786085e-05, 6.128542008809745e-05, 5.243225677986629e-05, 8.132443326758221e-05, 5.0516260671429336e-05, 3.7858921132283285e-05, 3.27532397932373e-05, 1.9114528186037205e-05, 1.241812151420163e-05, 1.5943160178721882e-05, 1.1098523827968165e-05, 4.919886123389006e-06, 4.443712896318175e-06, 1.098417578759836e-05, 1.6314603271894157e-05, 4.774110493599437e-06, 2.6721634185378207e-06, 3.2120453852257924e-06, 5.662361218128353e-06, 8.299225555674639e-06, 1.374396015307866e-05, 1.0706265129556414e-05, 7.592955626023468e-06, 5.0298049245611764e-06, 4.069433998665772e-06, 2.830406629072968e-06, 2.060439783235779e-06], "lowlevel.melbands.stdev": [0.04122931510210037, 0.007566753309220076, 0.0025984663516283035, 0.0008036642102524638, 0.0003278917574789375, 0.00019125039398204535, 0.0007973190513439476, 0.0017725029028952122, 0.0007565665291622281, 0.00041064689867198467, 0.000416613562265411, 7.930475112516433e-05, 0.00012848840560764074, 0.00010409778769826517, 0.0002240060130134225, 0.00016008754028007388, 0.0002701951889321208, 0.00014879736409056932, 0.00011709838145179674, 9.130524267675355e-05, 5.9369311202317476e-05, 2.732070061028935e-05, 3.332986671011895e-05, 1.9353314200998284e-05, 1.078355035133427e-05, 1.0074091733258683e-05, 2.4084980395855382e-05, 2.674518145795446e-05, 8.860286470735446e-06, 7.553309387731133e-06, 7.958319656609092e-06, 1.2043051356158685e-05, 1.793513001757674e-05, 2.9636172257596627e-05, 2.6710460588219576e-05, 2.0690562450909056e-05, 1.0856101653189398e-05, 7.584837931062793e-06, 5.683163180947304e-06, 4.375001026346581e-06], "lowlevel.melbands128.mean": [0.053945548832416534, 0.0713474452495575, 0.03045528382062912, 0.007480682339519262, 0.002640332328155637, 0.001425493392162025, 0.0007016165181994438, 0.0003865980252157897, 0.00023861974477767944, 0.00016683484136592597, 0.00020572413632180542, 0.00020803988445550203, 8.615513797849417e-05, 3.7954152503516525e-05, 2.9838776754331775e-05, 5.55048645765055e-05, 7.981346425367519e-05, 0.00022729381453245878, 0.0006151320994831622, 0.0009905650513246655, 0.0013059367192909122, 0.0003893317189067602, 0.0001837830786826089, 7.339482544921339e-05, 9.896270785247907e-05, 0.00017876714991871268, 0.00016837661678437144, 0.0002475788933224976, 6.77868738421239e-05, 2.361003316764254e-05, 2.6695302949519828e-05, 2.6191728466073982e-05, 3.2919389923335984e-05, 7.838394230930135e-05, 2.5477684175712056e-05, 2.628750189614948e-05, 2.8998678317293525e-05, 3.624402597779408e-05, 0.00012550289102364331, 5.674880594597198e-05, 4.067323243361898e-05, 2.817870699800551e-05, 8.832565799821168e-05, 0.00011644397454801947, 4.4532029278343543e-05, 3.6654266295954585e-05, 5.61980195925571e-05, 5.335698733688332e-05, 2.1471209038281813e-05, 1.4885411474097054e-05, 5.058792885392904e-05, 3.1194071198115125e-05, 1.612663072592113e-05, 1.7632433809922077e-05, 1.363968476653099e-05, 8.881636858859565e-06, 1.4305985132523347e-05, 1.6341031368938275e-05, 1.5414570952998474e-05, 1.822159356379416e-05, 1.0919582564383745e-05, 6.174589998408919e-06, 6.097144705563551e-06, 3.9807518987799995e-06, 3.985388502769638e-06, 4.236705990479095e-06, 4.400903435453074e-06, 6.8895460572093725e-06, 1.0718870726122987e-05, 2.0629511709557846e-05, 1.645199881750159e-05, 1.8078448192682117e-05, 4.542446276900591e-06, 3.2614696010568878e-06, 2.4948058126028627e-06, 2.857334038708359e-06, 2.762775693554431e-06, 2.283696176164085e-06, 3.3476774206064874e-06, 3.7594238619931275e-06, 4.9010295697371475e-06, 6.7513947215047665e-06, 7.2350208029092755e-06, 8.603263268014416e-06, 8.97567588253878e-06, 1.0544408723944798e-05, 1.5743384210509248e-05, 1.92728857655311e-05, 7.430890036630444e-06, 7.389146958303172e-06, 1.0387233487563208e-05, 6.3377297010447364e-06, 6.084013875806704e-06, 4.6204490899981465e-06, 4.90840784550528e-06, 4.380844529805472e-06, 3.924952579836827e-06, 3.4710240015556337e-06, 2.9457303298840998e-06, 2.455422190905665e-06, 2.310738409505575e-06, 2.0016273083456326e-06, 1.753645733515441e-06, 1.415791757608531e-06, 1.3009182566747768e-06, 1.3482424492394784e-06, 1.0869073321373435e-06, 9.119121955336595e-07, 1.110756215894071e-06, 9.258978934667539e-07, 9.8669033832266e-07, 7.55534188101592e-07, 8.75715954862244e-07, 5.544211489905138e-07, 4.056108195982233e-07, 4.103043522718508e-07, 1.7069571356387314e-07, 2.964813994310589e-08, 8.916372529199634e-09, 2.272150911863946e-09, 1.5946983733527986e-09, 7.749926811406738e-10, 1.0739732714259986e-10, 7.054258566174809e-11, 4.724314689452669e-11, 4.04728611735905e-11, 3.293380498869958e-11, 3.141547785801002e-11], "lowlevel.melbands128.stdev": [0.06115640699863434, 0.0692315325140953, 0.033764250576496124, 0.014084490947425365, 0.007667609956115484, 0.005287230480462313, 0.003494146279990673, 0.002160023432224989, 0.001304661389440298, 0.0008113229996524751, 0.0006232076557353139, 0.0005748812109231949, 0.0002564610040280968, 0.00016784602485131472, 0.0001220654885401018, 0.00034607472480274737, 0.0004234716179780662, 0.0008131340728141367, 0.0020686574280261993, 0.0019114457536488771, 0.002987078158184886, 0.001095243263989687, 0.0010685790330171585, 0.00030936836265027523, 0.00038985940045677125, 0.0006931046373210847, 0.0005333301378414035, 0.0007327315979637206, 0.00018124966300092638, 9.677610796643421e-05, 9.19200319913216e-05, 0.00010309235949534923, 0.00010994141484843567, 0.0002950669440906495, 0.00010151709284400567, 0.00011697636364260688, 0.00014753510185983032, 0.00013196082727517933, 0.000566483533475548, 0.00024880352430045605, 0.0001553927140776068, 0.00010981477680616081, 0.00034223878174088895, 0.00045356445480138063, 0.00020438278443180025, 0.0001880879863165319, 0.00023192004300653934, 0.00020046360441483557, 0.00011792398436227813, 5.213706390350126e-05, 0.00016800579032860696, 0.00010080258653033525, 8.13719307188876e-05, 5.954433436272666e-05, 3.9973470848053694e-05, 2.9475564588210545e-05, 3.560349432518706e-05, 4.062091466039419e-05, 5.050536128692329e-05, 3.3901873393915594e-05, 2.3087415684130974e-05, 1.6247540770564228e-05, 1.4999091945355758e-05, 1.0234362889605109e-05, 1.0134750482393429e-05, 1.1319618351990357e-05, 1.2520788004621863e-05, 1.6387302821385674e-05, 3.195110184606165e-05, 5.229141970630735e-05, 2.9999708203831688e-05, 3.438010026002303e-05, 8.816225999908056e-06, 8.601777153671719e-06, 7.438186003128067e-06, 8.805568540992681e-06, 8.831611921777949e-06, 6.332591055979719e-06, 9.455623512621969e-06, 9.469396900385618e-06, 1.138728293881286e-05, 1.5931753296172246e-05, 1.7337422832497396e-05, 2.0188104826956987e-05, 2.064609361696057e-05, 2.207665420428384e-05, 3.656578701338731e-05, 5.801648512715474e-05, 1.8843273210222833e-05, 1.821787554945331e-05, 3.217234552721493e-05, 1.7921000107889995e-05, 1.7225713236257434e-05, 1.1205439477635082e-05, 1.0194476999458857e-05, 8.63277728058165e-06, 7.494792498619063e-06, 7.227780315588461e-06, 6.438465788960457e-06, 5.377874003897887e-06, 5.092744686407968e-06, 4.456361693883082e-06, 4.367056135379244e-06, 3.4367951684544096e-06, 2.9168381843192037e-06, 3.124974227830535e-06, 2.439663603581721e-06, 2.1752127850049874e-06, 2.7372295789973577e-06, 2.260092969663674e-06, 2.457486516505014e-06, 1.7523087763038347e-06, 2.5292929421993904e-06, 1.4447011835727608e-06, 1.0246166084471042e-06, 1.1642886192930746e-06, 6.182990546221845e-07, 1.202570558689331e-07, 4.9361837284322974e-08, 2.2646791109082187e-08, 1.6475754094358308e-08, 9.859981275894825e-09, 1.7764196780234442e-09, 8.081546543081686e-10, 2.745634830603194e-10, 1.9587524657804778e-10, 6.131717356083755e-11, 5.171764405620394e-11], "lowlevel.mfcc.mean": [-663.7042846679688, 102.7781982421875, 21.552520751953125, 23.499217987060547, 12.645794868469238, 13.107337951660156, 5.249043941497803, 17.71712875366211, 12.86990737915039, 31.602203369140625, 20.163928985595703, 14.356400489807129, 13.95239543914795], "lowlevel.spectral_contrast_coeffs.mean": [-0.7517590522766113, -0.7064428329467773, -0.7708835005760193, -0.7789357304573059, -0.7775784134864807, -0.7816798090934753], "lowlevel.spectral_contrast_coeffs.stdev": [0.06893101334571838, 0.09891453385353088, 0.07094249129295349, 0.06570686399936676, 0.045023951679468155, 0.03808741644024849], "lowlevel.spectral_contrast_valleys.mean": [-7.0073723793029785, -7.202149391174316, -7.947904586791992, -7.974156379699707, -7.916040897369385, -10.026784896850586], "lowlevel.spectral_contrast_valleys.stdev": [0.8097206354141235, 0.6390209794044495, 0.7479382753372192, 0.6923873424530029, 0.7932502627372742, 1.2877371311187744], "rhythm.beats_loudness_band_ratio.mean": [0.7406308650970459, 0.009303688071668148, 0.11639274656772614, 0.050988927483558655, 0.0510052926838398, 0.03933597728610039], "rhythm.beats_loudness_band_ratio.stdev": [0.2966688871383667, 0.022662218660116196, 0.1645268350839615, 0.10394381731748581, 0.08966983109712601, 0.09193670749664307], "tonal.hpcp.mean": [0.021945593878626823, 0.01705910637974739, 0.01665326952934265, 0.04092317447066307, 0.07902209460735321, 0.06963993608951569, 0.0328395813703537, 0.031118150800466537, 0.08031274378299713, 0.47445419430732727, 0.5913729071617126, 0.20236755907535553, 0.03995081037282944, 0.027546782046556473, 0.018640171736478806, 0.014968710020184517, 0.021920979022979736, 0.021005183458328247, 0.01843787543475628, 0.01892174780368805, 0.020732490345835686, 0.025546612218022346, 0.019250720739364624, 0.019970383495092392, 0.0814267247915268, 0.11934331804513931, 0.0767819732427597, 0.03988846763968468, 0.021632375195622444, 0.01706692762672901, 0.040134247392416, 0.05976573005318642, 0.05092966929078102, 0.04011619836091995, 0.031462330371141434, 0.023744072765111923], "tonal.hpcp.stdev": [0.11836466193199158, 0.10636047273874283, 0.09503864496946335, 0.14059744775295258, 0.23135024309158325, 0.21648365259170532, 0.1379231959581375, 0.14457553625106812, 0.18911097943782806, 0.3993644714355469, 0.44044989347457886, 0.2658211886882782, 0.14868135750293732, 0.12558120489120483, 0.10311216861009598, 0.0667773112654686, 0.10781468451023102, 0.11441589146852493, 0.09280142933130264, 0.10247636586427689, 0.10436519235372543, 0.11714746803045273, 0.09136056154966354, 0.08267221599817276, 0.21683520078659058, 0.2917338013648987, 0.2109455019235611, 0.15983903408050537, 0.1125481128692627, 0.07940223067998886, 0.11743016541004181, 0.15208035707473755, 0.16987161338329315, 0.14946633577346802, 0.13331325352191925, 0.12305756658315659], "rhythm.beats_position": [0.40634921193122864, 0.8359183669090271, 1.265487551689148, 1.6718367338180542, 2.0665760040283203, 2.4380950927734375, 2.809614419937134, 3.1927437782287598, 3.5758728981018066, 3.947392225265503, 4.318911552429199, 4.690430641174316, 5.061950206756592, 5.445079326629639, 5.8282084465026855, 6.199728012084961, 6.571247100830078, 6.942766189575195, 7.314285755157471, 7.685804843902588, 8.057324409484863, 8.45206356048584, 8.823582649230957, 9.195101737976074, 9.566620826721191, 9.938140869140625, 10.321269989013672, 10.704399108886719, 11.075918197631836, 11.447437286376953, 11.83056640625, 12.213695526123047, 12.58521556854248, 12.968344688415527, 13.339863777160645, 13.711382865905762, 14.094511985778809, 14.466031074523926, 14.83755111694336, 15.209070205688477, 15.580589294433594, 15.952108383178711, 16.323627471923828, 16.695146560668945, 17.078275680541992, 17.46140480041504, 17.832923889160156, 18.204444885253906, 18.587574005126953, 18.970703125], "rhythm.bpm_histogram": [0.0, 0.0, 0.0, 0.0, 0.0, 0.0, 0.0, 0.0, 0.0, 0.0, 0.0, 0.0, 0.0, 0.0, 0.0, 0.0, 0.0, 0.0, 0.0, 0.0, 0.0, 0.0, 0.0, 0.0, 0.0, 0.0, 0.0, 0.0, 0.0, 0.0, 0.0, 0.0, 0.0, 0.0, 0.0, 0.0, 0.0, 0.0, 0.0, 0.0, 0.0, 0.0, 0.0, 0.0, 0.0, 0.0, 0.0, 0.0, 0.0, 0.0, 0.0, 0.0, 0.0, 0.0, 0.0, 0.0, 0.0, 0.0, 0.0, 0.0, 0.0, 0.0, 0.0, 0.0, 0.0, 0.0, 0.0, 0.0, 0.0, 0.0, 0.0, 0.0, 0.0, 0.0, 0.0, 0.0, 0.0, 0.0, 0.0, 0.0, 0.0, 0.0, 0.0, 0.0, 0.0, 0.0, 0.0, 0.0, 0.0, 0.0, 0.0, 0.0, 0.0, 0.0, 0.0, 0.0, 0.0, 0.0, 0.0, 0.0, 0.0, 0.0, 0.0, 0.0, 0.0, 0.0, 0.0, 0.0, 0.0, 0.0, 0.0, 0.0, 0.0, 0.0, 0.0, 0.0, 0.0, 0.0, 0.0, 0.0, 0.0, 0.0, 0.0, 0.0, 0.0, 0.0, 0.0, 0.0, 0.0, 0.0, 0.0, 0.0, 0.0, 0.0, 0.0, 0.0, 0.0, 0.0, 0.0, 0.0, 0.040816325694322586, 0.0, 0.0, 0.0, 0.0, 0.0, 0.0, 0.0, 0.020408162847161293, 0.0, 0.0, 0.0, 0.040816325694322586, 0.0, 0.0, 0.0, 0.0, 0.2857142984867096, 0.0, 0.0, 0.0, 0.6122449040412903, 0.0, 0.0, 0.0, 0.0, 0.0, 0.0, 0.0, 0.0, 0.0, 0.0, 0.0, 0.0, 0.0, 0.0, 0.0, 0.0, 0.0, 0.0, 0.0, 0.0, 0.0, 0.0, 0.0, 0.0, 0.0, 0.0, 0.0, 0.0, 0.0, 0.0, 0.0, 0.0, 0.0, 0.0, 0.0, 0.0, 0.0, 0.0, 0.0, 0.0, 0.0, 0.0, 0.0, 0.0, 0.0, 0.0, 0.0, 0.0, 0.0, 0.0, 0.0, 0.0, 0.0, 0.0, 0.0, 0.0, 0.0, 0.0, 0.0, 0.0, 0.0, 0.0, 0.0, 0.0, 0.0, 0.0, 0.0, 0.0, 0.0, 0.0, 0.0, 0.0, 0.0, 0.0, 0.0, 0.0, 0.0, 0.0, 0.0, 0.0, 0.0, 0.0, 0.0, 0.0, 0.0, 0.0, 0.0, 0.0], "tonal.chords_histogram": [53.605770111083984, 0.0, 19.230770111083984, 0.0, 0.0, 0.0, 0.0, 26.68269157409668, 0.0, 0.48076921701431274, 0.0, 0.0, 0.0, 0.0, 0.0, 0.0, 0.0, 0.0, 0.0, 0.0, 0.0, 0.0, 0.0, 0.0], "tonal.thpcp": [1.0, 0.34219956398010254, 0.06755603849887848, 0.04658106714487076, 0.031520165503025055, 0.025311795994639397, 0.037067946046590805, 0.03551935404539108, 0.03117808699607849, 0.03199630603194237, 0.03505823388695717, 0.04319882020354271, 0.03255259245634079, 0.033769525587558746, 0.13769099116325378, 0.20180721580982208, 0.1298368126153946, 0.0674506202340126, 0.0365799218416214, 0.02885984070599079, 0.06786622852087021, 0.10106267780065536, 0.0861210748553276, 0.06783570349216461, 0.05320218577980995, 0.04015076160430908, 0.03710956871509552, 0.028846614062786102, 0.028160352259874344, 0.06920028477907181, 0.13362480700016022, 0.11775976419448853, 0.0555310882627964, 0.05262018367648125, 0.13580727577209473, 0.8022927641868591], "lowlevel.gfcc.cov": [[6142.0, -1811.8978271484375, 195.94061279296875, -132.9524688720703, -607.4706420898438, 403.02313232421875, -594.9849243164062, 95.10758209228516, -398.18896484375, 122.75946807861328, -443.9592590332031, 322.9098815917969, -350.7008361816406], [-1811.8978271484375, 1983.3763427734375, -231.9698028564453, -125.7458724975586, 516.8173828125, -212.8081512451172, 412.9297790527344, -173.44561767578125, 224.3612823486328, -177.1950225830078, 309.2873229980469, -382.7201843261719, 192.22581481933594], [195.94061279296875, -231.9698028564453, 1131.435791015625, 292.44512939453125, 146.68800354003906, 149.916015625, 4.397085189819336, -79.70560455322266, -52.024715423583984, -30.039936065673828, -107.87459564208984, 63.60235595703125, -69.92933654785156], [-132.9524688720703, -125.7458724975586, 292.44512939453125, 449.7990417480469, 137.0854034423828, -26.59278106689453, 16.806636810302734, 9.127573013305664, 49.18410873413086, -18.443492889404297, -41.704811096191406, -6.672496795654297, 38.50780487060547], [-607.4706420898438, 516.8173828125, 146.68800354003906, 137.0854034423828, 450.08355712890625, 17.731063842773438, 192.2396697998047, -17.314624786376953, 119.36070251464844, -61.8756217956543, 61.12853240966797, -134.5947265625, 89.30036926269531], [403.02313232421875, -212.8081512451172, 149.916015625, -26.59278106689453, 17.731063842773438, 265.7533874511719, 85.09174346923828, 0.3334091305732727, -39.67649459838867, 24.676651000976562, -51.92076110839844, -5.530844211578369, -52.946510314941406], [-594.9849243164062, 412.9297790527344, 4.397085189819336, 16.806636810302734, 192.2396697998047, 85.09174346923828, 387.16436767578125, -22.026262283325195, 34.42325210571289, -24.810665130615234, 96.11375427246094, -128.78187561035156, 18.24587059020996], [95.10758209228516, -173.44561767578125, -79.70560455322266, 9.127573013305664, -17.314624786376953, 0.3334091305732727, -22.026262283325195, 154.52978515625, 53.33100509643555, 19.194866180419922, -14.927178382873535, 19.007848739624023, 4.229244709014893], [-398.18896484375, 224.3612823486328, -52.024715423583984, 49.18410873413086, 119.36070251464844, -39.67649459838867, 34.42325210571289, 53.33100509643555, 198.9956817626953, 13.4158353805542, 41.06512451171875, -86.43991088867188, 62.898292541503906], [122.75946807861328, -177.1950225830078, -30.039936065673828, -18.443492889404297, -61.8756217956543, 24.676651000976562, -24.810665130615234, 19.194866180419922, 13.4158353805542, 114.28350067138672, 12.547916412353516, 6.520353317260742, -34.316078186035156], [-443.9592590332031, 309.2873229980469, -107.87459564208984, -41.704811096191406, 61.12853240966797, -51.92076110839844, 96.11375427246094, -14.927178382873535, 41.06512451171875, 12.547916412353516, 156.231689453125, -48.32708740234375, 26.352977752685547], [322.9098815917969, -382.7201843261719, 63.60235595703125, -6.672496795654297, -134.5947265625, -5.530844211578369, -128.78187561035156, 19.007848739624023, -86.43991088867188, 6.520353317260742, -48.32708740234375, 182.537841796875, -25.357858657836914], [-350.7008361816406, 192.22581481933594, -69.92933654785156, 38.50780487060547, 89.30036926269531, -52.946510314941406, 18.24587059020996, 4.229244709014893, 62.898292541503906, -34.316078186035156, 26.352977752685547, -25.357858657836914, 120.86595153808594]], "lowlevel.gfcc.icov": [[0.0003013421082869172, 2.2028141756891273e-05, 6.356600351864472e-05, -3.162517896271311e-05, 1.7495198335382156e-05, -0.00042224855860695243, 0.00042463152203708887, -0.00017165066674351692, 0.00033461092971265316, -1.1358235497027636e-05, 0.0002989161293953657, 0.00010219668183708563, 0.00040910360985435545], [2.2028141756891273e-05, 0.003129023825749755, -0.0001604144781595096, 0.0016356618143618107, -0.001329521182924509, 0.002021040068939328, -0.0009045689948834479, 0.002399727003648877, -0.0012030695797875524, 0.00329942861571908, -0.0026126052252948284, 0.0033435318619012833, -0.0007722499431110919], [6.356600351864472e-05, -0.0001604144781595096, 0.0015590365510433912, -0.000987371662631631, -0.0006177383475005627, -0.0009252125746570528, 0.0002845520502887666, 0.0008258801535703242, -0.0002063612046185881, 0.00017296636360697448, 0.0005953375366516411, -0.0011456446954980493, 0.0014217434218153358], [-3.162517896271311e-05, 0.0016356618143618107, -0.000987371662631631, 0.004160689190030098, -0.0013717274414375424, 0.0022562025114893913, -0.0009774274658411741, 0.0008262727060355246, -0.0009080588934011757, 0.001013069530017674, -5.20347457495518e-05, 0.0015933794202283025, -0.001363688032142818], [1.7495198335382156e-05, -0.001329521182924509, -0.0006177383475005627, -0.0013717274414375424, 0.005350313615053892, -0.0014754778239876032, -0.0006442897720262408, -0.0009638657211326063, -0.000815856212284416, 0.0003279411466792226, 0.00017625225882511586, 0.00030804250854998827, -0.0016796303680166602], [-0.00042224855860695243, 0.002021040068939328, -0.0009252125746570528, 0.0022562025114893913, -0.0014754778239876032, 0.008096963167190552, -0.003385729854926467, 0.0012512127868831158, -0.00043512842967174947, -8.247815458162222e-06, 0.001013940665870905, 0.0020692525431513786, -0.00015200406778603792], [0.00042463152203708887, -0.0009045689948834479, 0.0002845520502887666, -0.0009774274658411741, -0.0006442897720262408, -0.003385729854926467, 0.006041446700692177, -0.001407270086929202, 0.001983341760933399, 0.00021032804215792567, -0.0020178670529276133, 0.0015959317097440362, 0.0010792558314278722], [-0.00017165066674351692, 0.002399727003648877, 0.0008258801535703242, 0.0008262727060355246, -0.0009638657211326063, 0.0012512127868831158, -0.001407270086929202, 0.01079785730689764, -0.0051225959323346615, 0.0021586501970887184, -0.0007584168342873454, -0.00036590066156350076, 0.000362102291546762], [0.00033461092971265316, -0.0012030695797875524, -0.0002063612046185881, -0.0009080588934011757, -0.000815856212284416, -0.00043512842967174947, 0.001983341760933399, -0.0051225959323346615, 0.011272274889051914, -0.003933425527065992, 0.00031929128454066813, 0.003389157122001052, -0.0029952058102935553], [-1.1358235497027636e-05, 0.00329942861571908, 0.00017296636360697448, 0.001013069530017674, 0.0003279411466792226, -8.247815458162222e-06, 0.00021032804215792567, 0.0021586501970887184, -0.003933425527065992, 0.015641028061509132, -0.005816796328872442, 0.0034838891588151455, 0.0026306414511054754], [0.0002989161293953657, -0.0026126052252948284, 0.0005953375366516411, -5.20347457495518e-05, 0.00017625225882511586, 0.001013940665870905, -0.0020178670529276133, -0.0007584168342873454, 0.00031929128454066813, -0.005816796328872442, 0.01349704060703516, -0.003390150610357523, 0.0005568103515543044], [0.00010219668183708563, 0.0033435318619012833, -0.0011456446954980493, 0.0015933794202283025, 0.00030804250854998827, 0.0020692525431513786, 0.0015959317097440362, -0.00036590066156350076, 0.003389157122001052, 0.0034838891588151455, -0.003390150610357523, 0.01441987045109272, -0.0027508644852787256], [0.00040910360985435545, -0.0007722499431110919, 0.0014217434218153358, -0.001363688032142818, -0.0016796303680166602, -0.00015200406778603792, 0.0010792558314278722, 0.000362102291546762, -0.0029952058102935553, 0.0026306414511054754, 0.0005568103515543044, -0.0027508644852787256, 0.014551746658980846]], "lowlevel.mfcc.cov": [[6073.07861328125, -1684.1807861328125, 180.7811737060547, -614.3673706054688, -70.61279296875, -85.50099182128906, -251.6309051513672, -21.27345085144043, -166.13877868652344, -126.77899932861328, -171.1839141845703, -156.9387664794922, -9.854069709777832], [-1684.1807861328125, 1828.938720703125, -363.2525329589844, 86.8061752319336, 64.47467041015625, 65.72172546386719, 235.15841674804688, -1.28910493850708, 13.201934814453125, 148.74700927734375, 38.61149597167969, 28.865074157714844, 33.82157897949219], [180.7811737060547, -363.2525329589844, 848.4461059570312, 143.8572540283203, 113.43754577636719, 173.9294891357422, -9.343690872192383, 33.589996337890625, -15.256256103515625, -89.5976333618164, 3.3774402141571045, -33.64884567260742, -67.22819519042969], [-614.3673706054688, 86.8061752319336, 143.8572540283203, 506.01239013671875, 155.84361267089844, 46.316612243652344, 14.846959114074707, 23.45933723449707, 80.87010955810547, -12.33537483215332, 2.0627782344818115, 14.88493537902832, 3.8570516109466553], [-70.61279296875, 64.47467041015625, 113.43754577636719, 155.84361267089844, 315.04937744140625, 28.922077178955078, -48.5777702331543, 14.900920867919922, 89.28978729248047, 18.56647491455078, -32.535743713378906, 0.6811661720275879, 6.495390892028809], [-85.50099182128906, 65.72172546386719, 173.9294891357422, 46.316612243652344, 28.922077178955078, 272.3585205078125, 134.9530792236328, 28.977642059326172, 32.12805938720703, 26.3079833984375, 48.2592887878418, -27.377391815185547, -53.990718841552734], [-251.6309051513672, 235.15841674804688, -9.343690872192383, 14.846959114074707, -48.5777702331543, 134.9530792236328, 264.1830749511719, 63.31480026245117, 3.1508948802948, 45.0247802734375, 75.70087432861328, -4.271205425262451, -26.929275512695312], [-21.27345085144043, -1.28910493850708, 33.589996337890625, 23.45933723449707, 14.900920867919922, 28.977642059326172, 63.31480026245117, 125.6922836303711, 44.319984436035156, -5.423432350158691, 9.176131248474121, -9.895767211914062, 1.3511167764663696], [-166.13877868652344, 13.201934814453125, -15.256256103515625, 80.87010955810547, 89.28978729248047, 32.12805938720703, 3.1508948802948, 44.319984436035156, 170.71812438964844, 66.5901107788086, 4.94912052154541, 2.6520540714263916, 10.979567527770996], [-126.77899932861328, 148.74700927734375, -89.5976333618164, -12.33537483215332, 18.56647491455078, 26.3079833984375, 45.0247802734375, -5.423432350158691, 66.5901107788086, 162.95094299316406, 56.364322662353516, 2.8257713317871094, 0.09166094660758972], [-171.1839141845703, 38.61149597167969, 3.3774402141571045, 2.0627782344818115, -32.535743713378906, 48.2592887878418, 75.70087432861328, 9.176131248474121, 4.94912052154541, 56.364322662353516, 125.50777435302734, 42.432098388671875, -5.9974684715271], [-156.9387664794922, 28.865074157714844, -33.64884567260742, 14.88493537902832, 0.6811661720275879, -27.377391815185547, -4.271205425262451, -9.895767211914062, 2.6520540714263916, 2.8257713317871094, 42.432098388671875, 93.74610900878906, 42.72938537597656], [-9.854069709777832, 33.82157897949219, -67.22819519042969, 3.8570516109466553, 6.495390892028809, -53.990718841552734, -26.929275512695312, 1.3511167764663696, 10.979567527770996, 0.09166094660758972, -5.9974684715271, 42.72938537597656, 98.38838958740234]], "lowlevel.mfcc.icov": [[0.0002855141647160053, 0.00027515829424373806, 3.294488487881608e-05, 0.0002980659483000636, -0.00019754630920942873, -9.047905768966302e-05, -2.948333349195309e-05, -6.56599659123458e-05, 0.000326861918438226, -0.0001687637559371069, 0.00024380131799262017, 0.0003302219556644559, -0.00026381268980912864], [0.00027515829424373806, 0.0010514486348256469, 0.0003669144643936306, 0.00010696196841308847, -0.0005427555879577994, -0.00020164507441222668, -0.0008247527875937521, 0.00010067393304780126, 0.0007978910580277443, -0.0008012576145119965, 0.0007653846405446529, 2.6533349227975123e-05, -0.00044246879406273365], [3.294488487881608e-05, 0.0003669144643936306, 0.0019095768220722675, -0.00034444325137883425, -0.0006721989484503865, -0.0013453357387334108, 0.0005295383161865175, -0.0005178120918571949, 0.0007860909681767225, 0.000670385139528662, -0.0004359048616606742, 0.00021576107246801257, 0.00044502364471554756], [0.0002980659483000636, 0.00010696196841308847, -0.00034444325137883425, 0.002937781158834696, -0.0011801052605733275, 0.00011837198690045625, -0.00046034547267481685, 0.00033927016193047166, -0.0009399819537065923, 0.0008679451420903206, -0.00018924489268101752, 0.00016857123409863561, -0.00032588967587798834], [-0.00019754630920942873, -0.0005427555879577994, -0.0006721989484503865, -0.0011801052605733275, 0.005057904869318008, -0.0004693657683674246, 0.0013423465425148606, -0.00034680514363572, -0.001921051531098783, -0.0006793196662329137, 0.0013945609098300338, -0.0010569199221208692, 0.0002934666408691555], [-9.047905768966302e-05, -0.00020164507441222668, -0.0013453357387334108, 0.00011837198690045625, -0.0004693657683674246, 0.0070241293869912624, -0.0034408734645694494, 0.0013985128607600927, -0.0019271336495876312, 0.0005703647620975971, -0.0014720684848725796, 0.0014486873988062143, 0.0015564910136163235], [-2.948333349195309e-05, -0.0008247527875937521, 0.0005295383161865175, -0.00046034547267481685, 0.0013423465425148606, -0.0034408734645694494, 0.008467516861855984, -0.004015882033854723, 0.0014540367992594838, -0.0007255522068589926, -0.0027765617705881596, 0.00040122048812918365, 0.0005512915668077767], [-6.56599659123458e-05, 0.00010067393304780126, -0.0005178120918571949, 0.00033927016193047166, -0.00034680514363572, 0.0013985128607600927, -0.004015882033854723, 0.01177582424134016, -0.0044753230176866055, 0.0031503757927566767, -0.0012978629674762487, 0.0023936170618981123, -0.0015010045608505607], [0.000326861918438226, 0.0007978910580277443, 0.0007860909681767225, -0.0009399819537065923, -0.001921051531098783, -0.0019271336495876312, 0.0014540367992594838, -0.0044753230176866055, 0.011276795528829098, -0.0054870350286364555, 0.002205475000664592, -0.0009983211057260633, -0.0008241314208135009], [-0.0001687637559371069, -0.0008012576145119965, 0.000670385139528662, 0.0008679451420903206, -0.0006793196662329137, 0.0005703647620975971, -0.0007255522068589926, 0.0031503757927566767, -0.0054870350286364555, 0.011913871392607689, -0.006565590854734182, 0.003553739981725812, -0.0005437961081042886], [0.00024380131799262017, 0.0007653846405446529, -0.0004359048616606742, -0.00018924489268101752, 0.0013945609098300338, -0.0014720684848725796, -0.0027765617705881596, -0.0012978629674762487, 0.002205475000664592, -0.006565590854734182, 0.016959473490715027, -0.009438956156373024, 0.0027219534385949373], [0.0003302219556644559, 2.6533349227975123e-05, 0.00021576107246801257, 0.00016857123409863561, -0.0010569199221208692, 0.0014486873988062143, 0.00040122048812918365, 0.0023936170618981123, -0.0009983211057260633, 0.003553739981725812, -0.009438956156373024, 0.019782131537795067, -0.007952054031193256], [-0.00026381268980912864, -0.00044246879406273365, 0.00044502364471554756, -0.00032588967587798834, 0.0002934666408691555, 0.0015564910136163235, 0.0005512915668077767, -0.0015010045608505607, -0.0008241314208135009, -0.0005437961081042886, 0.0027219534385949373, -0.007952054031193256, 0.015324510633945465]], "metadata.audio_properties.analysis.downmix": "mix", "metadata.audio_properties.codec": "mp3", "metadata.audio_properties.md5_encoded": "8e148662a12414077fc6e43acf8fc424", "metadata.tags.file_name": "1182282117934219304.mp3", "metadata.version.essentia": "2.1-beta6-dev", "metadata.version.essentia_git_sha": "v2.1_beta5-1110-g77a6a954", "metadata.version.extractor": "music 2.0", "tonal.chords_key": "F", "tonal.chords_scale": "minor", "tonal.key_edma.key": "F", "tonal.key_edma.scale": "minor", "tonal.key_krumhansl.key": "F", "tonal.key_krumhansl.scale": "minor", "tonal.key_temperley.key": "F", "tonal.key_temperley.scale": "minor", "metadata.tags.encoding": ["Lavf58.45.100"]}, "essentia_models": [{"model_name": 