{"song_id": "1182279416278159441", "download": "https://cdn.discordapp.com/attachments/1128313332273782784/1182279416278159441/chirp.mp4?ex=65841e82&amp", "lyrics": "For the second year we are on twich our live show is called it's not TV\nwith Mario Daniel and Pendola\nbut Kike isn't there?\nYou can find him hiding behind a tree\n\n[chorus]\n you can watch us on TV but it's not TV \nwe are live connect twitch to your tv \nbut remember it's not a TV\n\nI'll tell you what I think\n you tell me what you think\n Strange things happen out there\n Even stranger things happen in here\n\n[chorus]\n you can watch us on TV but it's not TV we are live connect twitch to your tv\nbut remember it's not a TV \n\nOne couch, four assholes. It's not the start of a gangbang, it's not TV. \nlike Baldo dog or wolf no one knows what he is. \nbut sure it's not TV.", "style": ["rock</span><span>, female voice"], "essentia_features": {"lowlevel.average_loudness": 0.9743328094482422, "lowlevel.barkbands_crest.mean": 13.187231063842773, "lowlevel.barkbands_crest.stdev": 5.574888229370117, "lowlevel.barkbands_flatness_db.mean": 0.21750488877296448, "lowlevel.barkbands_flatness_db.stdev": 0.08632101863622665, "lowlevel.barkbands_kurtosis.mean": 26.795501708984375, "lowlevel.barkbands_kurtosis.stdev": 62.48953628540039, "lowlevel.barkbands_skewness.mean": 2.362818956375122, "lowlevel.barkbands_skewness.stdev": 3.805020332336426, "lowlevel.barkbands_spread.mean": 19.49478530883789, "lowlevel.barkbands_spread.stdev": 19.636585235595703, "lowlevel.dissonance.mean": 0.450649231672287, "lowlevel.dissonance.stdev": 0.05413900315761566, "lowlevel.dynamic_complexity": 3.7924723625183105, "lowlevel.erbbands_crest.mean": 12.44890308380127, "lowlevel.erbbands_crest.stdev": 5.354401111602783, "lowlevel.erbbands_flatness_db.mean": 0.20326055586338043, "lowlevel.erbbands_flatness_db.stdev": 0.057668186724185944, "lowlevel.erbbands_kurtosis.mean": 4.0228447914123535, "lowlevel.erbbands_kurtosis.stdev": 8.303800582885742, "lowlevel.erbbands_skewness.mean": 0.500521183013916, "lowlevel.erbbands_skewness.stdev": 1.6151822805404663, "lowlevel.erbbands_spread.mean": 42.85858917236328, "lowlevel.erbbands_spread.stdev": 33.70728302001953, "lowlevel.hfc.mean": 30.025165557861328, "lowlevel.hfc.stdev": 61.393524169921875, "lowlevel.loudness_ebu128.integrated": -15.014036178588867, "lowlevel.loudness_ebu128.loudness_range": 1.6438112258911133, "lowlevel.loudness_ebu128.momentary.mean": -15.755088806152344, "lowlevel.loudness_ebu128.momentary.stdev": 3.030935287475586, "lowlevel.loudness_ebu128.short_term.mean": -15.17822265625, "lowlevel.loudness_ebu128.short_term.stdev": 0.6610956192016602, "lowlevel.melbands_crest.mean": 18.792728424072266, "lowlevel.melbands_crest.stdev": 7.990772247314453, "lowlevel.melbands_flatness_db.mean": 0.2562825679779053, "lowlevel.melbands_flatness_db.stdev": 0.11796829104423523, "lowlevel.melbands_kurtosis.mean": 59.38782501220703, "lowlevel.melbands_kurtosis.stdev": 107.33887481689453, "lowlevel.melbands_skewness.mean": 4.234511375427246, "lowlevel.melbands_skewness.stdev": 4.622945308685303, "lowlevel.melbands_spread.mean": 30.859893798828125, "lowlevel.melbands_spread.stdev": 44.88014602661133, "lowlevel.pitch_salience.mean": 0.4552996754646301, "lowlevel.pitch_salience.stdev": 0.23258979618549347, "lowlevel.silence_rate_20dB.mean": 1.0, "lowlevel.silence_rate_20dB.stdev": 0.0, "lowlevel.silence_rate_30dB.mean": 0.9976834058761597, "lowlevel.silence_rate_30dB.stdev": 0.048076361417770386, "lowlevel.silence_rate_60dB.mean": 0.19536679983139038, "lowlevel.silence_rate_60dB.stdev": 0.39648109674453735, "lowlevel.spectral_centroid.mean": 1475.6053466796875, "lowlevel.spectral_centroid.stdev": 1513.581298828125, "lowlevel.spectral_complexity.mean": 7.7258687019348145, "lowlevel.spectral_complexity.stdev": 6.708934783935547, "lowlevel.spectral_decrease.mean": -5.362270627529142e-09, "lowlevel.spectral_decrease.stdev": 5.530946811660442e-09, "lowlevel.spectral_energy.mean": 0.022961817681789398, "lowlevel.spectral_energy.stdev": 0.021887244656682014, "lowlevel.spectral_energyband_high.mean": 0.0023507631849497557, "lowlevel.spectral_energyband_high.stdev": 0.0074118804186582565, "lowlevel.spectral_energyband_low.mean": 0.002549695083871484, "lowlevel.spectral_energyband_low.stdev": 0.004671887028962374, "lowlevel.spectral_energyband_middle_high.mean": 0.004361498169600964, "lowlevel.spectral_energyband_middle_high.stdev": 0.009562806226313114, "lowlevel.spectral_energyband_middle_low.mean": 0.015980135649442673, "lowlevel.spectral_energyband_middle_low.stdev": 0.018802020698785782, "lowlevel.spectral_entropy.mean": 7.28411340713501, "lowlevel.spectral_entropy.stdev": 0.8751640319824219, "lowlevel.spectral_flux.mean": 0.0888366848230362, "lowlevel.spectral_flux.stdev": 0.0546051487326622, "lowlevel.spectral_kurtosis.mean": 5.068429470062256, "lowlevel.spectral_kurtosis.stdev": 4.901717662811279, "lowlevel.spectral_rms.mean": 0.004034252837300301, "lowlevel.spectral_rms.stdev": 0.00247519975528121, "lowlevel.spectral_rolloff.mean": 2814.838623046875, "lowlevel.spectral_rolloff.stdev": 3678.87744140625, "lowlevel.spectral_skewness.mean": 1.8404390811920166, "lowlevel.spectral_skewness.stdev": 0.8992286324501038, "lowlevel.spectral_spread.mean": 6522881.0, "lowlevel.spectral_spread.stdev": 2808724.0, "lowlevel.spectral_strongpeak.mean": 1.3040608167648315, "lowlevel.spectral_strongpeak.stdev": 1.8962427377700806, "lowlevel.zerocrossingrate.mean": 0.09972625970840454, "lowlevel.zerocrossingrate.stdev": 0.09848921000957489, "metadata.audio_properties.analysis.equal_loudness": 0.0, "metadata.audio_properties.analysis.length": 30.03628158569336, "metadata.audio_properties.analysis.sample_rate": 44100.0, "metadata.audio_properties.analysis.start_time": 0.0, "metadata.audio_properties.bit_rate": 130873.0, "metadata.audio_properties.length": 30.03733253479004, "metadata.audio_properties.lossless": 0.0, "metadata.audio_properties.number_channels": 1.0, "metadata.audio_properties.replay_gain": -12.192136764526367, "metadata.audio_properties.sample_rate": 48000.0, "rhythm.beats_count": 50.0, "rhythm.beats_loudness.mean": 0.032948482781648636, "rhythm.beats_loudness.stdev": 0.02346475049853325, "rhythm.bpm": 99.9728012084961, "rhythm.bpm_histogram_first_peak_bpm": 99.0, "rhythm.bpm_histogram_first_peak_weight": 0.4285714626312256, "rhythm.bpm_histogram_second_peak_bpm": 94.0, "rhythm.bpm_histogram_second_peak_spread": 0.5, "rhythm.bpm_histogram_second_peak_weight": 0.08163265138864517, "rhythm.danceability": 1.5602765083312988, "rhythm.onset_rate": 5.555882453918457, "tonal.chords_changes_rate": 0.1419753134250641, "tonal.chords_number_rate": 0.021604938432574272, "tonal.chords_strength.mean": 0.43458202481269836, "tonal.chords_strength.stdev": 0.09928213059902191, "tonal.hpcp_crest.mean": 12.884685516357422, "tonal.hpcp_crest.stdev": 6.118497371673584, "tonal.hpcp_entropy.mean": 2.168879747390747, "tonal.hpcp_entropy.stdev": 0.8198645114898682, "tonal.key_edma.strength": 0.20753633975982666, "tonal.key_krumhansl.strength": 0.21081194281578064, "tonal.key_temperley.strength": 0.21549293398857117, "tonal.tuning_diatonic_strength": 0.30376896262168884, "tonal.tuning_equal_tempered_deviation": 0.22055505216121674, "tonal.tuning_frequency": 431.6923522949219, "tonal.tuning_nontempered_energy_ratio": 0.883104145526886, "lowlevel.barkbands.mean": [2.9515119877032703e-06, 1.373517261527013e-05, 0.000305371853755787, 0.007618112489581108, 0.004916999489068985, 0.0010201798286288977, 0.0005360665963962674, 0.0009690684382803738, 0.0007923563243821263, 0.000857379927765578, 0.0008003690745681524, 0.0006262081442400813, 0.0005135151441209018, 0.00047026886022649705, 0.0002150122309103608, 0.0002815435582306236, 0.00034185941331088543, 0.00014001298404764384, 0.0001344390184385702, 0.0001158802115241997, 0.00019454762514214963, 0.00021765369456261396, 0.0003932536346837878, 0.0008815617184154689, 0.0004942537634633482, 0.00010841878975043073, 8.128872082124872e-07], "lowlevel.barkbands.stdev": [2.1315527192200534e-05, 0.0002144769678125158, 0.0009019375429488719, 0.011244678869843483, 0.009542216546833515, 0.00309807900339365, 0.0026236739940941334, 0.003453825833275914, 0.00302334176376462, 0.003390599973499775, 0.003582151373848319, 0.0029844255186617374, 0.0019582370296120644, 0.001680321409367025, 0.0006696920027025044, 0.0007897457107901573, 0.0007092399173416197, 0.00029140777769498527, 0.0005515416851267219, 0.0004183254495728761, 0.0007891506538726389, 0.0008386748377233744, 0.0015456319088116288, 0.0031780682038515806, 0.0015317866345867515, 0.0003191263822373003, 4.477889888221398e-06], "lowlevel.erbbands.mean": [0.000754169886931777, 0.008947501890361309, 0.38453251123428345, 11.623297691345215, 33.651145935058594, 6.487666606903076, 2.3642985820770264, 10.80833625793457, 8.125109672546387, 15.242953300476074, 17.662534713745117, 17.897764205932617, 18.789913177490234, 38.037696838378906, 34.70137023925781, 23.764785766601562, 22.58240509033203, 26.391508102416992, 15.546487808227539, 12.051203727722168, 16.50628089904785, 19.278564453125, 9.702978134155273, 5.309070110321045, 7.138882160186768, 5.447256565093994, 8.029886245727539, 6.787950038909912, 7.6235175132751465, 9.695676803588867, 11.356772422790527, 14.885872840881348, 16.338788986206055, 7.715656757354736, 2.296684980392456, 0.6696114540100098, 0.165732741355896, 0.016789967194199562, 0.000379617209546268, 5.312902430887334e-05], "lowlevel.erbbands.stdev": [0.009822041727602482, 0.035725828260183334, 0.7090665102005005, 17.115446090698242, 51.551517486572266, 15.202486038208008, 5.217820644378662, 34.698646545410156, 37.05305480957031, 54.40546417236328, 69.04500579833984, 69.64927673339844, 72.2627182006836, 169.03128051757812, 162.36459350585938, 97.14505767822266, 80.00032806396484, 91.01342010498047, 46.82988357543945, 32.244041442871094, 44.22188186645508, 39.39423370361328, 18.512393951416016, 17.095237731933594, 29.664182662963867, 19.602083206176758, 33.82977294921875, 26.89662742614746, 29.669099807739258, 35.76408004760742, 45.7430305480957, 59.618717193603516, 56.32762145996094, 24.278444290161133, 6.950672149658203, 2.0522620677948, 0.46830621361732483, 0.05497657507658005, 0.0011438658693805337, 8.469397289445624e-05], "lowlevel.gfcc.mean": [-90.9610366821289, 34.074954986572266, -95.67168426513672, 21.909893035888672, -55.072452545166016, 12.732755661010742, -71.27501678466797, 6.733331203460693, -51.50569534301758, -13.5835542678833, -28.94363784790039, -11.806007385253906, -16.79292106628418], "lowlevel.melbands.mean": [4.18034142057877e-06, 0.00020612418302334845, 0.002965881722047925, 0.0014136539539322257, 7.001510675763711e-05, 0.00022968780831433833, 0.00012180297926533967, 0.00018576702859718353, 0.00013033190043643117, 0.00011903895938303322, 9.171322744805366e-05, 0.00015235757746268064, 0.00010812604887178168, 8.232001709984615e-05, 5.102141949464567e-05, 5.148031414137222e-05, 4.9194859457202256e-05, 2.688131462491583e-05, 1.5769433957757428e-05, 1.795867137843743e-05, 1.9135577531415038e-05, 2.1004532754886895e-05, 1.4792064575885888e-05, 4.452042958291713e-06, 4.057248133904068e-06, 5.64954007131746e-06, 4.36104210166377e-06, 3.335931751280441e-06, 4.67231939182966e-06, 5.088192210678244e-06, 3.593697556425468e-06, 4.27078157372307e-06, 4.2647811824281234e-06, 5.896550646866672e-06, 6.083063908590702e-06, 7.53133144826279e-06, 9.712167411635164e-06, 1.2060883818776347e-05, 9.710445738164708e-06, 5.467552000482101e-06], "lowlevel.melbands.stdev": [7.248073961818591e-05, 0.00040162517689168453, 0.004038843791931868, 0.002405530074611306, 0.00015628307301085442, 0.0007282969309017062, 0.0005550669739022851, 0.0006435054820030928, 0.0005308857071213424, 0.00047756312415003777, 0.0003547021478880197, 0.0006815236993134022, 0.00046567103709094226, 0.0004041851789224893, 0.00020191559451632202, 0.00019569863798096776, 0.00017702775949146599, 8.866869757184759e-05, 5.323198638507165e-05, 5.2472645620582625e-05, 5.244740896159783e-05, 4.659174010157585e-05, 2.9881550290156156e-05, 9.450905963603873e-06, 1.3816536011290736e-05, 2.6795360099640675e-05, 1.6535532267880626e-05, 1.2297735338506754e-05, 1.9608780348789878e-05, 2.138899617420975e-05, 1.5441442883457057e-05, 1.7595908502698876e-05, 1.58448801812483e-05, 2.234616840723902e-05, 2.4419461624347605e-05, 3.255682531744242e-05, 3.946637298213318e-05, 4.2113559175049886e-05, 3.397995897103101e-05, 1.6616477296338417e-05], "lowlevel.melbands128.mean": [1.7928751958606881e-06, 4.425282895681448e-06, 4.933843229082413e-06, 4.223380528856069e-06, 1.4650488992629107e-05, 0.00020761917403433472, 0.0017172049265354872, 0.0047225733287632465, 0.003864806145429611, 0.0009426084579899907, 8.241132309194654e-05, 2.6276613425579853e-05, 4.4412918214220554e-05, 0.0001376495638396591, 0.00027379763196222484, 0.000279944681096822, 0.00015495628758799285, 7.45534198358655e-05, 9.673074237070978e-05, 0.00017672314424999058, 0.00024523798492737114, 0.00018245486717205495, 0.00011899226228706539, 6.577511521754786e-05, 0.0001035091481753625, 0.00015452323714271188, 0.0001224387378897518, 6.248822319321334e-05, 7.238215039251372e-05, 0.00017923586710821837, 0.00019298761617392302, 8.230682578869164e-05, 8.867552242008969e-05, 0.00014718971215188503, 9.730133751872927e-05, 6.200459756655619e-05, 5.239720121608116e-05, 5.603614408755675e-05, 4.528937643044628e-05, 4.4840424379799515e-05, 5.9035897720605135e-05, 5.114703162689693e-05, 5.019225864089094e-05, 5.169600626686588e-05, 3.342394484207034e-05, 2.2197658836375922e-05, 1.8307753634871915e-05, 1.6485731975990348e-05, 1.350333695882e-05, 1.541410711070057e-05, 1.8069591533276252e-05, 2.178784052375704e-05, 1.8597347661852837e-05, 1.8114686099579558e-05, 2.0087460143258795e-05, 2.4342467440874316e-05, 1.8071692466037348e-05, 1.7837310224422254e-05, 1.4760520571144298e-05, 6.509863396786386e-06, 3.5489306355884764e-06, 2.7653120469040005e-06, 3.3402823191863718e-06, 4.3791046664409805e-06, 5.354366749088513e-06, 6.0292236412351485e-06, 5.8002237892651465e-06, 4.714080205303617e-06, 4.2000629036920145e-06, 3.5577770631789463e-06, 2.9796947274007834e-06, 3.4513527680246625e-06, 3.7267495827109087e-06, 4.967804215993965e-06, 5.636562946165213e-06, 5.939167749602348e-06, 4.606604306900408e-06, 3.0986432193458313e-06, 3.661537903099088e-06, 3.6428746170713566e-06, 4.1484745452180505e-06, 4.8942329158307984e-06, 4.016942966700299e-06, 3.6031533454661258e-06, 4.938405254506506e-06, 5.750863238063175e-06, 6.2332146626431495e-06, 6.3597467487852555e-06, 5.426748884929111e-06, 6.108703928475734e-06, 8.156586773111485e-06, 6.909992862347281e-06, 8.286480806418695e-06, 1.018030434352113e-05, 9.778212188393809e-06, 1.2375986443657894e-05, 1.2660505490202922e-05, 1.1596971489780117e-05, 1.0518774615775328e-05, 8.646691640024073e-06, 6.235829459910747e-06, 5.075587978353724e-06, 4.380429345474113e-06, 3.0337455427797977e-06, 2.32168827096757e-06, 1.8705026150200865e-06, 1.5513079461015877e-06, 1.4494413562715636e-06, 1.1183784636159544e-06, 7.663880410291313e-07, 7.559871733064938e-07, 5.229760517977411e-07, 5.192910066398326e-07, 4.362808851965383e-07, 3.1517049592366675e-07, 1.6702696825632302e-07, 3.4906204149365294e-08, 3.669740955558609e-09, 5.051820628487746e-10, 5.59023313750906e-11, 6.810815106339518e-11, 3.2768607272082306e-11, 1.3119301651987048e-11, 1.252103715848607e-11, 9.866037674333139e-12, 5.516733337512791e-12, 3.1798745494387992e-12, 2.8194254656638273e-12], "lowlevel.melbands128.stdev": [2.0418596250237897e-05, 8.855732448864728e-05, 9.698836220195517e-05, 4.221817653160542e-05, 5.4931391787249595e-05, 0.0006163448560982943, 0.003131087403744459, 0.007080731447786093, 0.006590025965124369, 0.0026450674049556255, 0.0004067952395416796, 6.889187352498993e-05, 0.0001486928522353992, 0.0004025129310321063, 0.0009326663566753268, 0.0012035327963531017, 0.0009210965363308787, 0.0005833868635818362, 0.0007818592712283134, 0.0007518604397773743, 0.0009899587603285909, 0.0008335599559359252, 0.0007503925589844584, 0.00036552827805280685, 0.0005518269608728588, 0.0007653786451555789, 0.0007444568327628076, 0.00038204615702852607, 0.00031402744934894145, 0.0008723800419829786, 0.001149919698946178, 0.0004218672402203083, 0.0004286841722205281, 0.0010082763619720936, 0.0007177578518167138, 0.00038678976125083864, 0.0002686860098037869, 0.00028938817558810115, 0.00025459856260567904, 0.00022220092068891972, 0.00028702721465379, 0.0002464723656885326, 0.0002492965431883931, 0.0002396462659817189, 0.0001524475374026224, 9.161925845546648e-05, 7.549125439254567e-05, 8.669449744047597e-05, 5.069518374511972e-05, 6.298530206549913e-05, 6.405921158147976e-05, 9.745189163368195e-05, 6.8865338107571e-05, 5.2983999921707436e-05, 5.393290484789759e-05, 6.878848216729239e-05, 4.489273487706669e-05, 4.190326581010595e-05, 3.57392527803313e-05, 1.3964071513328236e-05, 9.33003411773825e-06, 8.069922841968946e-06, 1.0158294571738224e-05, 1.7142998331109993e-05, 2.3665998014621437e-05, 3.9442398701794446e-05, 2.6475054255570285e-05, 1.995344973693136e-05, 1.7523540009278804e-05, 1.2823546057916246e-05, 1.165462799690431e-05, 1.535777118988335e-05, 1.3231702723714989e-05, 2.41576290136436e-05, 2.9871745937271044e-05, 2.5635919882915914e-05, 1.957058339030482e-05, 1.3302370462042745e-05, 1.7287735317950137e-05, 1.7986718376050703e-05, 2.03793024411425e-05, 2.0616795154637657e-05, 1.544694350741338e-05, 1.4193635252013337e-05, 1.9577353668864816e-05, 2.3136002710089087e-05, 2.622189094836358e-05, 2.596368722151965e-05, 2.2992784579400904e-05, 2.6414720196044073e-05, 3.748082963284105e-05, 3.3053609513444826e-05, 3.5836266761180013e-05, 4.49884646513965e-05, 4.290123615646735e-05, 4.7641478886362165e-05, 4.3950272811343893e-05, 4.398081364342943e-05, 3.906094570993446e-05, 3.3907475881278515e-05, 1.929994141391944e-05, 1.6176840290427208e-05, 1.3428701095108408e-05, 9.570737347530667e-06, 8.253086889453698e-06, 7.008275133557618e-06, 4.791767878487008e-06, 4.850754066865193e-06, 3.89340038964292e-06, 2.6000898287747987e-06, 2.410686420262209e-06, 1.4647000625700457e-06, 1.5766933074701228e-06, 1.4178995115798898e-06, 1.1536967576830648e-06, 6.739008995282347e-07, 1.7618523884266324e-07, 2.373951701883925e-08, 7.166293336524632e-09, 7.855447403670723e-10, 1.3592862391220706e-09, 5.980731465626832e-10, 3.536114456803574e-10, 3.3528838039309505e-10, 2.4401361486958706e-10, 9.322995847549365e-11, 1.3238808486970566e-11, 5.087605250281291e-12], "lowlevel.mfcc.mean": [-747.8176879882812, 79.4068603515625, 10.983017921447754, 5.420225620269775, 27.510578155517578, -13.137320518493652, 4.461248874664307, -11.005573272705078, -6.060762405395508, -20.60342025756836, -15.71988296508789, -12.886497497558594, -11.562200546264648], "lowlevel.spectral_contrast_coeffs.mean": [-0.5443759560585022, -0.7476795315742493, -0.7960900664329529, -0.785118818283081, -0.7825249433517456, -0.7895175814628601], "lowlevel.spectral_contrast_coeffs.stdev": [0.1412494033575058, 0.11157393455505371, 0.08562269061803818, 0.0736270621418953, 0.06159502640366554, 0.05300736427307129], "lowlevel.spectral_contrast_valleys.mean": [-8.920169830322266, -8.399102210998535, -8.602544784545898, -8.627474784851074, -8.527572631835938, -10.578360557556152], "lowlevel.spectral_contrast_valleys.stdev": [1.0566890239715576, 1.3307048082351685, 1.338348388671875, 1.1481393575668335, 1.1051255464553833, 1.3956657648086548], "rhythm.beats_loudness_band_ratio.mean": [0.3515973389148712, 0.13114292919635773, 0.08534925431013107, 0.13655108213424683, 0.12420409172773361, 0.25721514225006104], "rhythm.beats_loudness_band_ratio.stdev": [0.3430006206035614, 0.18270228803157806, 0.15100988745689392, 0.23969846963882446, 0.1304728239774704, 0.34485509991645813], "tonal.hpcp.mean": [0.10748712718486786, 0.0903509184718132, 0.07881543785333633, 0.07313518971204758, 0.06513135880231857, 0.05555107071995735, 0.05552351474761963, 0.06259648501873016, 0.061628617346286774, 0.07096631079912186, 0.0811539888381958, 0.07510475069284439, 0.07147203385829926, 0.08367437869310379, 0.08722236007452011, 0.08167459815740585, 0.09364549070596695, 0.11772039532661438, 0.1233813688158989, 0.11842575669288635, 0.14667506515979767, 0.18371956050395966, 0.1787825971841812, 0.17697681486606598, 0.2128184735774994, 0.20857608318328857, 0.17605078220367432, 0.1789546012878418, 0.16568268835544586, 0.12561959028244019, 0.12486285716295242, 0.12620455026626587, 0.10637859255075455, 0.10624811053276062, 0.10955352336168289, 0.1107664555311203], "tonal.hpcp.stdev": [0.22664408385753632, 0.19943669438362122, 0.19232818484306335, 0.18466676771640778, 0.15886114537715912, 0.1340155005455017, 0.12661544978618622, 0.14298537373542786, 0.138623908162117, 0.15714913606643677, 0.17985157668590546, 0.1669096052646637, 0.15114343166351318, 0.1887654811143875, 0.19454748928546906, 0.18303783237934113, 0.2135651707649231, 0.24604934453964233, 0.25169479846954346, 0.22561581432819366, 0.2723652124404907, 0.31803324818611145, 0.2997584342956543, 0.29170456528663635, 0.3322833180427551, 0.3188003599643707, 0.28586849570274353, 0.29441574215888977, 0.29360654950141907, 0.23457057774066925, 0.2474217712879181, 0.24743077158927917, 0.21239839494228363, 0.21480751037597656, 0.2295982986688614, 0.22423414885997772], "rhythm.beats_position": [0.5921088457107544, 1.2074376344680786, 1.8111563920974731, 2.4148752689361572, 3.006983995437622, 3.5874829292297363, 4.179591655731201, 4.8297505378723145, 5.503129005432129, 6.153287887573242, 6.8034467697143555, 7.441995143890381, 8.080544471740723, 8.71909236907959, 9.357641220092773, 10.019410133361816, 10.64634895324707, 11.261677742004395, 11.85378646850586, 12.457505226135254, 13.049613952636719, 13.63011360168457, 14.210612297058105, 14.79111099243164, 15.383219718933105, 15.97532844543457, 16.520998001098633, 17.078275680541992, 17.623945236206055, 18.227664947509766, 18.842992782592773, 19.458322525024414, 20.073650360107422, 20.677370071411133, 21.28108787536621, 21.884807586669922, 22.47691535949707, 23.08063507080078, 23.68435287475586, 24.28807258605957, 24.89179039001465, 25.391019821166992, 25.890249252319336, 26.37786865234375, 26.88870620727539, 27.399545669555664, 27.921995162963867, 28.42122459411621, 28.93206214904785, 29.442901611328125], "rhythm.bpm_histogram": [0.0, 0.0, 0.0, 0.0, 0.0, 0.0, 0.0, 0.0, 0.0, 0.0, 0.0, 0.0, 0.0, 0.0, 0.0, 0.0, 0.0, 0.0, 0.0, 0.0, 0.0, 0.0, 0.0, 0.0, 0.0, 0.0, 0.0, 0.0, 0.0, 0.0, 0.0, 0.0, 0.0, 0.0, 0.0, 0.0, 0.0, 0.0, 0.0, 0.0, 0.0, 0.0, 0.0, 0.0, 0.0, 0.0, 0.0, 0.0, 0.0, 0.0, 0.0, 0.0, 0.0, 0.0, 0.0, 0.0, 0.0, 0.0, 0.0, 0.0, 0.0, 0.0, 0.0, 0.0, 0.0, 0.0, 0.0, 0.0, 0.0, 0.0, 0.0, 0.0, 0.0, 0.0, 0.0, 0.0, 0.0, 0.0, 0.0, 0.0, 0.0, 0.0, 0.0, 0.0, 0.0, 0.0, 0.0, 0.0, 0.0, 0.020408162847161293, 0.0, 0.020408162847161293, 0.06122449040412903, 0.0, 0.08163265138864517, 0.0, 0.020408162847161293, 0.0, 0.10204081982374191, 0.22448979318141937, 0.0, 0.1428571492433548, 0.0, 0.08163265138864517, 0.0, 0.0, 0.0, 0.0, 0.020408162847161293, 0.0, 0.040816325694322586, 0.0, 0.0, 0.0, 0.0, 0.020408162847161293, 0.0, 0.08163265138864517, 0.0, 0.0, 0.06122449040412903, 0.0, 0.0, 0.020408162847161293, 0.0, 0.0, 0.0, 0.0, 0.0, 0.0, 0.0, 0.0, 0.0, 0.0, 0.0, 0.0, 0.0, 0.0, 0.0, 0.0, 0.0, 0.0, 0.0, 0.0, 0.0, 0.0, 0.0, 0.0, 0.0, 0.0, 0.0, 0.0, 0.0, 0.0, 0.0, 0.0, 0.0, 0.0, 0.0, 0.0, 0.0, 0.0, 0.0, 0.0, 0.0, 0.0, 0.0, 0.0, 0.0, 0.0, 0.0, 0.0, 0.0, 0.0, 0.0, 0.0, 0.0, 0.0, 0.0, 0.0, 0.0, 0.0, 0.0, 0.0, 0.0, 0.0, 0.0, 0.0, 0.0, 0.0, 0.0, 0.0, 0.0, 0.0, 0.0, 0.0, 0.0, 0.0, 0.0, 0.0, 0.0, 0.0, 0.0, 0.0, 0.0, 0.0, 0.0, 0.0, 0.0, 0.0, 0.0, 0.0, 0.0, 0.0, 0.0, 0.0, 0.0, 0.0, 0.0, 0.0, 0.0, 0.0, 0.0, 0.0, 0.0, 0.0, 0.0, 0.0, 0.0, 0.0, 0.0, 0.0, 0.0, 0.0, 0.0, 0.0, 0.0, 0.0, 0.0, 0.0, 0.0, 0.0, 0.0, 0.0, 0.0, 0.0, 0.0, 0.0, 0.0, 0.0], "tonal.chords_histogram": [16.35802459716797, 0.46296295523643494, 0.9259259104728699, 0.46296295523643494, 4.938271522521973, 0.0, 2.932098865509033, 2.0061728954315186, 0.6172839403152466, 13.734567642211914, 11.265432357788086, 1.3888888359069824, 4.012345790863037, 1.3888888359069824, 0.0, 0.0, 7.0987653732299805, 9.413579940795898, 3.7037036418914795, 1.6975308656692505, 0.0, 0.0, 0.6172839403152466, 16.975309371948242], "tonal.thpcp": [1.0, 0.9800657033920288, 0.8272345066070557, 0.8408790826797485, 0.7785164713859558, 0.5902664065361023, 0.5867106318473816, 0.5930150151252747, 0.49985599517822266, 0.499242901802063, 0.5147745013237, 0.5204738974571228, 0.505064845085144, 0.4245445430278778, 0.37034115195274353, 0.34365057945251465, 0.3060418367385864, 0.261025607585907, 0.26089611649513245, 0.2941308915615082, 0.2895830273628235, 0.33345934748649597, 0.38132962584495544, 0.3529052138328552, 0.33583566546440125, 0.3931725323200226, 0.40984392166137695, 0.38377588987350464, 0.4400252103805542, 0.5531493425369263, 0.579749345779419, 0.5564637184143066, 0.6892026662826538, 0.8632688522338867, 0.8400708436965942, 0.8315857648849487], "lowlevel.gfcc.cov": [[11429.7646484375, 464.41961669921875, -277.9958801269531, -576.188232421875, -531.06982421875, -574.1821899414062, -642.6024169921875, 199.47808837890625, -161.34507751464844, -355.5148010253906, -35.45408630371094, -214.53208923339844, 59.50181198120117], [464.41961669921875, 4617.27392578125, 420.918701171875, -1403.168701171875, 420.6975402832031, -466.5741882324219, -145.27857971191406, 52.3057746887207, -220.3976593017578, -381.7544860839844, 44.49167251586914, -294.9286804199219, -40.92144012451172], [-277.9958801269531, 420.918701171875, 1620.4991455078125, 712.2552490234375, 204.3423309326172, -168.57650756835938, -188.8375701904297, -149.39712524414062, -68.39918518066406, -170.4923858642578, -64.88872528076172, 49.563316345214844, -38.16934585571289], [-576.188232421875, -1403.168701171875, 712.2552490234375, 1896.3597412109375, 187.58551025390625, -142.6259002685547, -242.66139221191406, -237.5823974609375, 99.69605255126953, -147.15493774414062, -91.99849700927734, 205.26528930664062, 100.75006866455078], [-531.06982421875, 420.6975402832031, 204.3423309326172, 187.58551025390625, 575.6687622070312, 41.230552673339844, -106.1027603149414, -50.57315444946289, -69.258544921875, -99.12394714355469, -90.14295959472656, -26.529541015625, 15.721741676330566], [-574.1821899414062, -466.5741882324219, -168.57650756835938, -142.6259002685547, 41.230552673339844, 431.19891357421875, 250.32815551757812, -25.666996002197266, -35.81273651123047, 115.30562591552734, -0.4468522369861603, -50.8874626159668, -52.77057647705078], [-642.6024169921875, -145.27857971191406, -188.8375701904297, -242.66139221191406, -106.1027603149414, 250.32815551757812, 456.1653747558594, 35.977294921875, -93.70170593261719, 64.14613342285156, 30.25165367126465, 12.558093070983887, -59.83802795410156], [199.47808837890625, 52.3057746887207, -149.39712524414062, -237.5823974609375, -50.57315444946289, -25.666996002197266, 35.977294921875, 244.2295684814453, 31.73369026184082, -33.283206939697266, -14.584197044372559, -40.64475631713867, -6.982265472412109], [-161.34507751464844, -220.3976593017578, -68.39918518066406, 99.69605255126953, -69.258544921875, -35.81273651123047, -93.70170593261719, 31.73369026184082, 206.39120483398438, 63.940452575683594, -14.729937553405762, -15.820967674255371, 9.318893432617188], [-355.5148010253906, -381.7544860839844, -170.4923858642578, -147.15493774414062, -99.12394714355469, 115.30562591552734, 64.14613342285156, -33.283206939697266, 63.940452575683594, 290.53106689453125, 54.08063507080078, -21.47442054748535, -34.99436569213867], [-35.45408630371094, 44.49167251586914, -64.88872528076172, -91.99849700927734, -90.14295959472656, -0.4468522369861603, 30.25165367126465, -14.584197044372559, -14.729937553405762, 54.08063507080078, 132.73117065429688, 17.95442771911621, -12.371898651123047], [-214.53208923339844, -294.9286804199219, 49.563316345214844, 205.26528930664062, -26.529541015625, -50.8874626159668, 12.558093070983887, -40.64475631713867, -15.820967674255371, -21.47442054748535, 17.95442771911621, 178.92132568359375, 28.41741943359375], [59.50181198120117, -40.92144012451172, -38.16934585571289, 100.75006866455078, 15.721741676330566, -52.77057647705078, -59.83802795410156, -6.982265472412109, 9.318893432617188, -34.99436569213867, -12.371898651123047, 28.41741943359375, 102.9600830078125]], "lowlevel.gfcc.icov": [[0.00013214474893175066, 4.625030487659387e-05, 3.0249018891481683e-05, 6.0659342125291005e-05, 0.00018927542259916663, 9.12501200218685e-05, 0.00027156906435266137, -2.6409124984638765e-06, 0.00030066908220760524, 0.00018117633590009063, 7.739956345176324e-05, 0.00022347491176333278, 5.1374056056374684e-05], [4.625030487659387e-05, 0.0009639969794079661, -0.00037190315197221935, 0.001065717777237296, -0.0009193880250677466, 0.0016014366410672665, -0.0006590584525838494, 0.0010389630915597081, -0.0004135211056564003, 0.0012944338377565145, -0.0008829568396322429, 0.0013623444829136133, -0.00018042250303551555], [3.0249018891481683e-05, -0.00037190315197221935, 0.0010690765921026468, -0.0007221202249638736, 0.0003561820194590837, -0.00033615261781960726, 0.0005476674996316433, -0.0001534513576189056, 0.0007030339911580086, -0.00023533159401267767, 0.0005720795597881079, -0.0003492881660349667, 0.0010403922060504556], [6.0659342125291005e-05, 0.001065717777237296, -0.0007221202249638736, 0.0021383671555668116, -0.0011308478424325585, 0.0016353556420654058, -0.0006286820280365646, 0.0018481812439858913, -0.0012809024192392826, 0.001813759794458747, -0.0006605116068385541, 0.0006226709811016917, -0.0007196738151833415], [0.00018927542259916663, -0.0009193880250677466, 0.0003561820194590837, -0.0011308478424325585, 0.0037926416844129562, -0.0023982611019164324, 0.002221694216132164, -0.0009742988040670753, 0.0021345634013414383, -0.0006217560730874538, 0.0023188588675111532, -0.0007468715193681419, 0.0002608862123452127], [9.12501200218685e-05, 0.0016014366410672665, -0.00033615261781960726, 0.0016353556420654058, -0.0023982611019164324, 0.00722722290083766, -0.003650684840977192, 0.0025453621055930853, -0.0008058299426920712, 0.0009102382464334369, -0.0009586390806362033, 0.0035941500682383776, 0.0002553299127612263], [0.00027156906435266137, -0.0006590584525838494, 0.0005476674996316433, -0.0006286820280365646, 0.002221694216132164, -0.003650684840977192, 0.00584387918934226, -0.0018394700018689036, 0.003107398981228471, -0.000661528785713017, 0.001109658507630229, -0.0019001801265403628, 0.0016122733941301703], [-2.6409124984638765e-06, 0.0010389630915597081, -0.0001534513576189056, 0.0018481812439858913, -0.0009742988040670753, 0.0025453621055930853, -0.0018394700018689036, 0.006925438996404409, -0.0023434318136423826, 0.002783482428640127, -0.00029555062064900994, 0.0020775357261300087, -4.7746278141858056e-05], [0.00030066908220760524, -0.0004135211056564003, 0.0007030339911580086, -0.0012809024192392826, 0.0021345634013414383, -0.0008058299426920712, 0.003107398981228471, -0.0023434318136423826, 0.008794069290161133, -0.0025557982735335827, 0.0021631508134305477, 0.00045639683958142996, 0.0005533333169296384], [0.00018117633590009063, 0.0012944338377565145, -0.00023533159401267767, 0.001813759794458747, -0.0006217560730874538, 0.0009102382464334369, -0.000661528785713017, 0.002783482428640127, -0.0025557982735335827, 0.007336280774325132, -0.002674994058907032, 0.001981413224712014, 0.0007699539419263601], [7.739956345176324e-05, -0.0008829568396322429, 0.0005720795597881079, -0.0006605116068385541, 0.0023188588675111532, -0.0009586390806362033, 0.001109658507630229, -0.00029555062064900994, 0.0021631508134305477, -0.002674994058907032, 0.010682509280741215, -0.0022023278288543224, 0.0010287136537954211], [0.00022347491176333278, 0.0013623444829136133, -0.0003492881660349667, 0.0006226709811016917, -0.0007468715193681419, 0.0035941500682383776, -0.0019001801265403628, 0.0020775357261300087, 0.00045639683958142996, 0.001981413224712014, -0.0022023278288543224, 0.009764892980456352, -0.0016614088090136647], [5.1374056056374684e-05, -0.00018042250303551555, 0.0010403922060504556, -0.0007196738151833415, 0.0002608862123452127, 0.0002553299127612263, 0.0016122733941301703, -4.7746278141858056e-05, 0.0005533333169296384, 0.0007699539419263601, 0.0010287136537954211, -0.0016614088090136647, 0.012519611045718193]], "lowlevel.mfcc.cov": [[11287.236328125, 0.901797354221344, -459.86273193359375, -472.6167297363281, -220.5915069580078, -1004.8194580078125, -355.4851379394531, -311.1702575683594, -73.49642944335938, -304.4427795410156, -223.9752197265625, -145.63255310058594, -63.13608932495117], [0.901797354221344, 5584.0341796875, -367.1669616699219, -1069.75244140625, 34.70686721801758, -796.3369140625, 317.2799377441406, -279.7694396972656, 68.89564514160156, -386.76275634765625, 160.79312133789062, -178.0902557373047, -75.00444793701172], [-459.86273193359375, -367.1669616699219, 1369.6326904296875, 724.1973266601562, 209.2819061279297, 113.42822265625, -139.8237762451172, 58.284454345703125, -115.17682647705078, -95.73892974853516, -182.77691650390625, 105.37638854980469, -17.758895874023438], [-472.6167297363281, -1069.75244140625, 724.1973266601562, 1340.3450927734375, 516.2307739257812, 173.5740509033203, -267.7270202636719, 130.52049255371094, -85.63443756103516, -183.91539001464844, -328.5823059082031, 110.73802185058594, -67.2833251953125], [-220.5915069580078, 34.70686721801758, 209.2819061279297, 516.2307739257812, 741.10546875, 41.282470703125, -166.15965270996094, -20.951583862304688, 18.917125701904297, -86.6435775756836, -199.82176208496094, 6.528344631195068, -79.85520935058594], [-1004.8194580078125, -796.3369140625, 113.42822265625, 173.5740509033203, 41.282470703125, 633.2171020507812, 129.19061279296875, 38.26739501953125, -32.07411193847656, 102.10151672363281, 27.066633224487305, 18.52012062072754, 11.486601829528809], [-355.4851379394531, 317.2799377441406, -139.8237762451172, -267.7270202636719, -166.15965270996094, 129.19061279296875, 438.53125, 68.61788940429688, 22.223901748657227, -1.908488392829895, 129.81727600097656, -53.1977653503418, -1.166418194770813], [-311.1702575683594, -279.7694396972656, 58.284454345703125, 130.52049255371094, -20.951583862304688, 38.26739501953125, 68.61788940429688, 308.8087463378906, 32.50967025756836, -45.93227005004883, -33.620182037353516, -1.0110102891921997, -16.239595413208008], [-73.49642944335938, 68.89564514160156, -115.17682647705078, -85.63443756103516, 18.917125701904297, -32.07411193847656, 22.223901748657227, 32.50967025756836, 200.15240478515625, 59.91092300415039, 34.12571716308594, -38.75791931152344, -7.663983345031738], [-304.4427795410156, -386.76275634765625, -95.73892974853516, -183.91539001464844, -86.6435775756836, 102.10151672363281, -1.908488392829895, -45.93227005004883, 59.91092300415039, 304.8220520019531, 113.04432678222656, -11.034825325012207, 26.12592124938965], [-223.9752197265625, 160.79312133789062, -182.77691650390625, -328.5823059082031, -199.82176208496094, 27.066633224487305, 129.81727600097656, -33.620182037353516, 34.12571716308594, 113.04432678222656, 249.7206268310547, -10.549078941345215, 29.57124900817871], [-145.63255310058594, -178.0902557373047, 105.37638854980469, 110.73802185058594, 6.528344631195068, 18.52012062072754, -53.1977653503418, -1.0110102891921997, -38.75791931152344, -11.034825325012207, -10.549078941345215, 134.1379852294922, 25.123796463012695], [-63.13608932495117, -75.00444793701172, -17.758895874023438, -67.2833251953125, -79.85520935058594, 11.486601829528809, -1.166418194770813, -16.239595413208008, -7.663983345031738, 26.12592124938965, 29.57124900817871, 25.123796463012695, 131.37962341308594]], "lowlevel.mfcc.icov": [[0.00012685285764746368, 7.148159056669101e-05, 3.86582178180106e-06, 0.00010111014125868678, 2.047157977358438e-05, 0.0002078923862427473, 1.6986481568892486e-05, 0.00016429770039394498, 2.348003545193933e-05, 0.00019070606504101306, 0.00011787442053901032, 0.0001414006983395666, 7.867429667385295e-05], [7.148159056669101e-05, 0.00041697066626511514, -0.00011951095802942291, 0.0004299241118133068, -0.00027062941808253527, 0.0004653465293813497, -0.0002443687408231199, 0.0003759519022423774, -7.476439350284636e-05, 0.000703031721059233, -0.00013302563456818461, 0.00022098490444477648, 0.00015906062617432326], [3.86582178180106e-06, -0.00011951095802942291, 0.0011069870088249445, -0.0006819595000706613, 0.00018873171939048916, -0.00010056543396785855, 1.1736809938156512e-05, -6.188501720316708e-05, 0.0003423654125072062, -0.00028907755040563643, 0.00021655409364029765, -0.00034985749516636133, -5.440777385956608e-05], [0.00010111014125868678, 0.0004299241118133068, -0.0006819595000706613, 0.0024317956995218992, -0.0009667268022894859, -8.261472976300865e-05, 0.00043334398651495576, -0.0002606884518172592, 2.0272511392249726e-05, 0.0012377180391922593, 0.0008475100621581078, -0.00048127054469659925, 0.0004948209971189499], [2.047157977358438e-05, -0.00027062941808253527, 0.00018873171939048916, -0.0009667268022894859, 0.0024614627473056316, -0.0004017573082819581, 0.0004016240709461272, 0.000461316027212888, -0.0006678650388494134, -0.00025685332366265357, 0.0010529751889407635, 0.00014405544789042324, 0.000725163146853447], [0.0002078923862427473, 0.0004653465293813497, -0.00010056543396785855, -8.261472976300865e-05, -0.0004017573082819581, 0.0028841050807386637, -0.0013021660270169377, 0.00046463951002806425, 0.0005595245747826993, -0.00036707677645608783, -8.313194121001288e-05, 0.0002356218610657379, -6.152582500362769e-05], [1.6986481568892486e-05, -0.0002443687408231199, 1.1736809938156512e-05, 0.00043334398651495576, 0.0004016240709461272, -0.0013021660270169377, 0.003983499016612768, -0.0010741673177108169, -7.578604709124193e-05, 0.0009312276379205287, -0.001408157404512167, 0.0009469614597037435, 0.00029898318462073803], [0.00016429770039394498, 0.0003759519022423774, -6.188501720316708e-05, -0.0002606884518172592, 0.000461316027212888, 0.00046463951002806425, -0.0010741673177108169, 0.004453208297491074, -0.0011628897627815604, 0.0010681153507903218, 0.000619614205788821, 0.00017306114023085684, 0.00047960501979105175], [2.348003545193933e-05, -7.476439350284636e-05, 0.0003423654125072062, 2.0272511392249726e-05, -0.0006678650388494134, 0.0005595245747826993, -7.578604709124193e-05, -0.0011628897627815604, 0.006365408655256033, -0.0015274090692400932, -0.0004889385891146958, 0.001236853189766407, -2.5426712454645894e-05], [0.00019070606504101306, 0.000703031721059233, -0.00028907755040563643, 0.0012377180391922593, -0.00025685332366265357, -0.00036707677645608783, 0.0009312276379205287, 0.0010681153507903218, -0.0015274090692400932, 0.006292442325502634, -0.001990644261240959, 0.0006911421078257263, 7.955729233799502e-05], [0.00011787442053901032, -0.00013302563456818461, 0.00021655409364029765, 0.0008475100621581078, 0.0010529751889407635, -8.313194121001288e-05, -0.001408157404512167, 0.000619614205788821, -0.0004889385891146958, -0.001990644261240959, 0.00806315615773201, -0.0011700920294970274, -6.83996404404752e-05], [0.0001414006983395666, 0.00022098490444477648, -0.00034985749516636133, -0.00048127054469659925, 0.00014405544789042324, 0.0002356218610657379, 0.0009469614597037435, 0.00017306114023085684, 0.001236853189766407, 0.0006911421078257263, -0.0011700920294970274, 0.009538698941469193, -0.0016289048362523317], [7.867429667385295e-05, 0.00015906062617432326, -5.440777385956608e-05, 0.0004948209971189499, 0.000725163146853447, -6.152582500362769e-05, 0.00029898318462073803, 0.00047960501979105175, -2.5426712454645894e-05, 7.955729233799502e-05, -6.83996404404752e-05, -0.0016289048362523317, 0.008803877048194408]], "metadata.audio_properties.analysis.downmix": "mix", "metadata.audio_properties.codec": "mp3", "me