{"song_id": "1182282336960794724", "download": "https://cdn.discordapp.com/attachments/1135911532732108921/1182282336960794724/chirp.mp4?ex=6584213a&amp", "lyrics": "\u5728\u7530\u91ce\u95f4\uff0c\u6f2b\u6b65\u7740\u5c0f\u8def\uff0c\n\u4e61\u8ff9\u5370\u8c61\uff0c\u5524\u9192\u5fc3\u4e2d\u7684\u601d\u6545\u4e61\u3002\n\u7eff\u6811\u6210\u836b\uff0c\u9e1f\u8bed\u82b1\u9999\uff0c\n\u513f\u65f6\u7684\u8bb0\u5fc6\uff0c\u5982\u4eca\u4ecd\u5728\u68a6\u4e2d\u8361\u6f3e\u3002", "style": ["popular"], "essentia_features": {"lowlevel.average_loudness": 0.8695130944252014, "lowlevel.barkbands_crest.mean": 15.979081153869629, "lowlevel.barkbands_crest.stdev": 4.159299850463867, "lowlevel.barkbands_flatness_db.mean": 0.2694109380245209, "lowlevel.barkbands_flatness_db.stdev": 0.06862373650074005, "lowlevel.barkbands_kurtosis.mean": 49.54920196533203, "lowlevel.barkbands_kurtosis.stdev": 53.38127899169922, "lowlevel.barkbands_skewness.mean": 4.931935787200928, "lowlevel.barkbands_skewness.stdev": 2.425800085067749, "lowlevel.barkbands_spread.mean": 6.341250419616699, "lowlevel.barkbands_spread.stdev": 12.016634941101074, "lowlevel.dissonance.mean": 0.4164041578769684, "lowlevel.dissonance.stdev": 0.046887535601854324, "lowlevel.dynamic_complexity": 3.9874954223632812, "lowlevel.erbbands_crest.mean": 14.035088539123535, "lowlevel.erbbands_crest.stdev": 5.566167831420898, "lowlevel.erbbands_flatness_db.mean": 0.20957650244235992, "lowlevel.erbbands_flatness_db.stdev": 0.04998744651675224, "lowlevel.erbbands_kurtosis.mean": 6.754124164581299, "lowlevel.erbbands_kurtosis.stdev": 12.70248031616211, "lowlevel.erbbands_skewness.mean": 1.953133463859558, "lowlevel.erbbands_skewness.stdev": 1.5266567468643188, "lowlevel.erbbands_spread.mean": 32.64833450317383, "lowlevel.erbbands_spread.stdev": 28.373266220092773, "lowlevel.hfc.mean": 7.162862777709961, "lowlevel.hfc.stdev": 6.0358052253723145, "lowlevel.loudness_ebu128.integrated": -12.583986282348633, "lowlevel.loudness_ebu128.loudness_range": 4.900628089904785, "lowlevel.loudness_ebu128.momentary.mean": -14.066099166870117, "lowlevel.loudness_ebu128.momentary.stdev": 3.938422918319702, "lowlevel.loudness_ebu128.short_term.mean": -13.138930320739746, "lowlevel.loudness_ebu128.short_term.stdev": 1.9478336572647095, "lowlevel.melbands_crest.mean": 21.77617073059082, "lowlevel.melbands_crest.stdev": 4.701130390167236, "lowlevel.melbands_flatness_db.mean": 0.3617238402366638, "lowlevel.melbands_flatness_db.stdev": 0.07775269448757172, "lowlevel.melbands_kurtosis.mean": 75.8667221069336, "lowlevel.melbands_kurtosis.stdev": 68.54308319091797, "lowlevel.melbands_skewness.mean": 5.804943084716797, "lowlevel.melbands_skewness.stdev": 2.5614795684814453, "lowlevel.melbands_spread.mean": 4.832254409790039, "lowlevel.melbands_spread.stdev": 9.529683113098145, "lowlevel.pitch_salience.mean": 0.387531578540802, "lowlevel.pitch_salience.stdev": 0.15220791101455688, "lowlevel.silence_rate_20dB.mean": 1.0, "lowlevel.silence_rate_20dB.stdev": 0.0, "lowlevel.silence_rate_30dB.mean": 0.9971031546592712, "lowlevel.silence_rate_30dB.stdev": 0.05374462902545929, "lowlevel.silence_rate_60dB.mean": 0.10602549463510513, "lowlevel.silence_rate_60dB.stdev": 0.3078683614730835, "lowlevel.spectral_centroid.mean": 402.5689697265625, "lowlevel.spectral_centroid.stdev": 431.93341064453125, "lowlevel.spectral_complexity.mean": 5.665121555328369, "lowlevel.spectral_complexity.stdev": 2.4348292350769043, "lowlevel.spectral_decrease.mean": -7.047478600696877e-09, "lowlevel.spectral_decrease.stdev": 6.2465890238172506e-09, "lowlevel.spectral_energy.mean": 0.027248501777648926, "lowlevel.spectral_energy.stdev": 0.024047914892435074, "lowlevel.spectral_energyband_high.mean": 0.00012944682384841144, "lowlevel.spectral_energyband_high.stdev": 0.0003368588222656399, "lowlevel.spectral_energyband_low.mean": 0.006470638792961836, "lowlevel.spectral_energyband_low.stdev": 0.008879047818481922, "lowlevel.spectral_energyband_middle_high.mean": 0.0005488741444423795, "lowlevel.spectral_energyband_middle_high.stdev": 0.0010229077888652682, "lowlevel.spectral_energyband_middle_low.mean": 0.024379005655646324, "lowlevel.spectral_energyband_middle_low.stdev": 0.022858133539557457, "lowlevel.spectral_entropy.mean": 6.254330635070801, "lowlevel.spectral_entropy.stdev": 0.7302516102790833, "lowlevel.spectral_flux.mean": 0.0464266762137413, "lowlevel.spectral_flux.stdev": 0.038317903876304626, "lowlevel.spectral_kurtosis.mean": 10.741228103637695, "lowlevel.spectral_kurtosis.stdev": 7.431207656860352, "lowlevel.spectral_rms.mean": 0.00460599223151803, "lowlevel.spectral_rms.stdev": 0.002317047445103526, "lowlevel.spectral_rolloff.mean": 465.25933837890625, "lowlevel.spectral_rolloff.stdev": 994.9722900390625, "lowlevel.spectral_skewness.mean": 2.5186407566070557, "lowlevel.spectral_skewness.stdev": 0.9025958776473999, "lowlevel.spectral_spread.mean": 3984962.5, "lowlevel.spectral_spread.stdev": 1745157.75, "lowlevel.spectral_strongpeak.mean": 0.8246269226074219, "lowlevel.spectral_strongpeak.stdev": 0.5847154855728149, "lowlevel.zerocrossingrate.mean": 0.022996746003627777, "lowlevel.zerocrossingrate.stdev": 0.02674097567796707, "metadata.audio_properties.analysis.equal_loudness": 0.0, "metadata.audio_properties.analysis.length": 40.04265213012695, "metadata.audio_properties.analysis.sample_rate": 44100.0, "metadata.audio_properties.analysis.start_time": 0.0, "metadata.audio_properties.bit_rate": 118314.0, "metadata.audio_properties.length": 40.042667388916016, "metadata.audio_properties.lossless": 0.0, "metadata.audio_properties.number_channels": 1.0, "metadata.audio_properties.replay_gain": -14.93758773803711, "metadata.audio_properties.sample_rate": 48000.0, "rhythm.beats_count": 92.0, "rhythm.beats_loudness.mean": 0.03263278305530548, "rhythm.beats_loudness.stdev": 0.02349694073200226, "rhythm.bpm": 135.962890625, "rhythm.bpm_histogram_first_peak_bpm": 136.0, "rhythm.bpm_histogram_first_peak_weight": 0.5897436141967773, "rhythm.bpm_histogram_second_peak_bpm": 161.0, "rhythm.bpm_histogram_second_peak_spread": 0.23529410362243652, "rhythm.bpm_histogram_second_peak_weight": 0.1428571492433548, "rhythm.danceability": 0.9991000890731812, "rhythm.onset_rate": 2.32184100151062, "tonal.chords_changes_rate": 0.032407406717538834, "tonal.chords_number_rate": 0.011574073694646358, "tonal.chords_strength.mean": 0.5198853015899658, "tonal.chords_strength.stdev": 0.08553803712129593, "tonal.hpcp_crest.mean": 16.05005645751953, "tonal.hpcp_crest.stdev": 6.022012233734131, "tonal.hpcp_entropy.mean": 1.570249080657959, "tonal.hpcp_entropy.stdev": 0.5603430271148682, "tonal.key_edma.strength": 0.5757408142089844, "tonal.key_krumhansl.strength": 0.5732924938201904, "tonal.key_temperley.strength": 0.5658822059631348, "tonal.tuning_diatonic_strength": 0.5172690153121948, "tonal.tuning_equal_tempered_deviation": 0.0602741613984108, "tonal.tuning_frequency": 438.47772216796875, "tonal.tuning_nontempered_energy_ratio": 0.6507612466812134, "lowlevel.barkbands.mean": [5.819261787110008e-06, 0.0002180882729589939, 0.0019801792223006487, 0.009282706305384636, 0.012497770600020885, 0.0010549001162871718, 0.0010270801139995456, 0.000291231379378587, 0.00019924443040508777, 0.00015452515799552202, 7.515410834457725e-05, 0.00011467921285657212, 7.206637383205816e-05, 3.370552076376043e-05, 4.6784523874521255e-05, 1.6033478459576145e-05, 1.749541661411058e-05, 7.154590548452688e-06, 1.4853459106234368e-05, 1.8887556507252157e-05, 2.642411163833458e-05, 2.240162757516373e-05, 3.340640978422016e-05, 2.1947191271465272e-05, 8.014471859496552e-06, 7.496829766751034e-06, 4.602458432145795e-07], "lowlevel.barkbands.stdev": [1.312487347604474e-05, 0.0003974809078499675, 0.0032431744039058685, 0.01098372507840395, 0.018177684396505356, 0.001992429606616497, 0.003003078978508711, 0.000687947089318186, 0.0008431022870354354, 0.0005447131115943193, 0.0002581612206995487, 0.0004866652307100594, 0.00026110230828635395, 0.00013044152001384646, 0.00014940017717890441, 4.126350177102722e-05, 2.92600343527738e-05, 1.8389835531706922e-05, 4.720162905869074e-05, 8.624642941867933e-05, 8.047877781791613e-05, 6.771174230379984e-05, 8.912546036299318e-05, 6.141018820926547e-05, 2.409179614915047e-05, 2.2577587515115738e-05, 1.846354848566989e-06], "lowlevel.erbbands.mean": [0.0029265866614878178, 0.08634037524461746, 1.6138793230056763, 18.63103675842285, 51.643577575683594, 30.40622329711914, 7.815934181213379, 8.6691255569458, 17.594472885131836, 7.583672523498535, 6.227083683013916, 5.6790995597839355, 2.584426164627075, 5.12009859085083, 4.931732654571533, 3.890439987182617, 3.7437551021575928, 2.1329212188720703, 2.8116695880889893, 0.9316227436065674, 1.2317858934402466, 0.8182388544082642, 0.3480631709098816, 0.7111064195632935, 0.776581883430481, 0.9123710989952087, 1.0301076173782349, 1.0143311023712158, 0.8059922456741333, 0.8116075396537781, 0.9583717584609985, 0.6999068856239319, 0.23185645043849945, 0.09209395945072174, 0.054479990154504776, 0.03790617734193802, 0.012741995975375175, 0.0020705515053123236, 6.390546332113445e-05, 3.167482645949349e-05], "lowlevel.erbbands.stdev": [0.004804674070328474, 0.1333688497543335, 2.3061270713806152, 22.236936569213867, 64.34651947021484, 52.23458480834961, 11.457079887390137, 17.84349250793457, 46.91804122924805, 17.090513229370117, 16.036117553710938, 23.52125358581543, 6.640883922576904, 20.420263290405273, 16.869678497314453, 11.983545303344727, 12.917573928833008, 7.581233978271484, 9.112052917480469, 2.124582290649414, 2.636242389678955, 1.3418595790863037, 0.6958317756652832, 2.311706304550171, 2.8072497844696045, 4.087674140930176, 3.1269338130950928, 3.222763776779175, 2.5045669078826904, 2.157231569290161, 2.6175878047943115, 1.9793537855148315, 0.6834636330604553, 0.29003819823265076, 0.15869785845279694, 0.1184706836938858, 0.03926095739006996, 0.006866838783025742, 0.00017893800395540893, 2.626764398883097e-05], "lowlevel.gfcc.mean": [-103.89155578613281, 120.46443939208984, -75.31330871582031, 30.568510055541992, -57.907630920410156, -0.7704198956489563, -49.43899917602539, -20.000652313232422, -34.8660774230957, -13.658880233764648, -25.085453033447266, -13.50841236114502, -21.464746475219727], "lowlevel.melbands.mean": [4.139507655054331e-05, 0.0007735101389698684, 0.004190478473901749, 0.003326300997287035, 0.00031431837123818696, 0.00019928187248297036, 0.0002580718428362161, 7.291152724064887e-05, 5.11923135491088e-05, 3.0081742806942202e-05, 1.2327964213909581e-05, 2.170614607166499e-05, 1.3540105101128574e-05, 1.5038446690596174e-05, 8.36351409816416e-06, 5.887732640985632e-06, 3.726943077708711e-06, 4.268307748134248e-06, 2.1109240151417907e-06, 9.081726943804824e-07, 1.6153848036992713e-06, 1.049295974553388e-06, 2.738968873927661e-07, 3.6712199857902306e-07, 5.928862947257585e-07, 5.691902060789289e-07, 6.000211669743294e-07, 5.8618292086976e-07, 5.895110462006414e-07, 6.881124363644631e-07, 5.572015311372525e-07, 4.838004201701551e-07, 3.7580451817120775e-07, 4.820990398002323e-07, 5.564776301980601e-07, 5.444654789243941e-07, 3.818739457983611e-07, 1.7312203226538259e-07, 9.956487900808497e-08, 6.651091410958543e-08], "lowlevel.melbands.stdev": [7.642590207979083e-05, 0.0010630800388753414, 0.00411943718791008, 0.004641627427190542, 0.00043213157914578915, 0.00039633511914871633, 0.000703424506355077, 0.0001546875573694706, 0.00013210992619860917, 0.00012873930973000824, 3.391990685486235e-05, 8.895144856069237e-05, 4.2702846258180216e-05, 6.316063809208572e-05, 2.6607696781866252e-05, 1.806244472390972e-05, 1.498219990025973e-05, 1.4370846656674985e-05, 5.817296823806828e-06, 2.0190375380479963e-06, 3.3824062484200113e-06, 1.7849321238827542e-06, 6.988468044255569e-07, 9.182411417896219e-07, 2.052170884780935e-06, 1.7432690810892382e-06, 3.1137647056311835e-06, 2.5487631774012698e-06, 1.82328494702233e-06, 2.218115923824371e-06, 1.8415970544083393e-06, 1.5907745591903222e-06, 1.0805138117575552e-06, 1.272955501008255e-06, 1.5003113276179647e-06, 1.6508555518157664e-06, 1.0651090178726008e-06, 5.175097612664104e-07, 3.3910188790287066e-07, 2.1139058503649721e-07], "lowlevel.melbands128.mean": [2.7451383175502997e-06, 6.263092018343741e-06, 4.738789357361384e-05, 0.0001261476572835818, 0.000291410309728235, 0.0012530814856290817, 0.003574206493794918, 0.004856253508478403, 0.005679240915924311, 0.004288617521524429, 0.0010498996125534177, 0.00021394020586740226, 0.00024321441014762968, 0.0002035983925452456, 0.00017728556122165173, 0.00020651220984291285, 0.0002560306165833026, 0.00035723383189179003, 0.00014127885515335947, 5.1926988817285746e-05, 5.798035635962151e-05, 4.794011692865752e-05, 5.202200554776937e-05, 4.7483801608905196e-05, 5.4789576097391546e-05, 1.028792485158192e-05, 6.494953140645521e-06, 1.1669301784422714e-05, 1.3180451787775382e-05, 3.761309926630929e-05, 1.6593936379649676e-05, 8.00838643044699e-06, 1.0686680070648436e-05, 1.8781498511089012e-05, 2.4387310986639932e-05, 9.921228411258198e-06, 8.29239797894843e-06, 3.834086783172097e-06, 1.4304060641734395e-05, 9.120058166445233e-06, 2.64413324657653e-06, 2.4035196020122385e-06, 5.477252670971211e-06, 3.543616912793368e-06, 9.99197027340415e-07, 5.7772249419940636e-06, 7.072266271279659e-06, 6.989282042013656e-07, 1.049209458869882e-06, 1.0722833394538611e-06, 4.7252487433979695e-07, 1.1884745845236466e-06, 1.6596501382082351e-06, 1.6384594800911145e-06, 2.0296631646488095e-06, 8.958815556070476e-07, 3.7512060657718393e-07, 3.4201062248939706e-07, 1.9769596804053435e-07, 2.2357909301717882e-07, 3.4505686130614777e-07, 4.4467032012107666e-07, 6.858820711386215e-07, 6.163344892229361e-07, 5.079004381514096e-07, 6.163611487863818e-07, 5.886244593966694e-07, 4.2140842992921534e-07, 6.554920446433243e-07, 7.900266041360737e-07, 5.435629759631411e-07, 5.265451363811735e-07, 4.980682319910557e-07, 5.941918175267347e-07, 6.872326139273355e-07, 7.625475859640574e-07, 6.531842018375755e-07, 5.997727612339077e-07, 5.015717761125416e-07, 5.714003918910748e-07, 5.25525194916554e-07, 4.835108029510593e-07, 3.2292223295371514e-07, 3.6260607316762616e-07, 3.9489268033321423e-07, 4.5771483314638317e-07, 5.037148866904317e-07, 5.588274234469282e-07, 5.741582072005258e-07, 5.331821171239426e-07, 5.638274842567625e-07, 5.699218377230864e-07, 4.790135221810488e-07, 4.119527829971048e-07, 3.0055852562327345e-07, 2.2152910617023736e-07, 1.3879599691790645e-07, 1.1424470613974336e-07, 9.760814378978466e-08, 9.734377925951776e-08, 7.991204142854258e-08, 6.169465649463746e-08, 4.990273438920667e-08, 4.611891313288652e-08, 5.476724851405379e-08, 7.198002549557714e-08, 8.369151771603356e-08, 6.035320154751389e-08, 6.44439950292508e-08, 7.455491157770666e-08, 5.762191790381621e-08, 4.3347270661797666e-08, 3.8269742930197026e-08, 3.4425287509520786e-08, 2.4061955983256667e-08, 2.1242506420549034e-08, 1.6251084034024643e-08, 4.750516424678608e-09, 7.715176587874684e-12, 2.8884967334663614e-12, 2.789169719838447e-12, 2.725920184021291e-12, 2.6719783070144887e-12, 2.6255280501791267e-12, 2.580301857596501e-12, 2.514165525074885e-12, 2.4783371969233636e-12, 2.4628055671216398e-12], "lowlevel.melbands128.stdev": [7.2961338446475565e-06, 1.679008528299164e-05, 0.00010990000009769574, 0.00023438595235347748, 0.000728997343685478, 0.0021099294535815716, 0.005247815977782011, 0.005921245086938143, 0.008474479429423809, 0.007638346869498491, 0.002490350976586342, 0.00026410206919535995, 0.000484347838209942, 0.0005876647192053497, 0.0005500068073160946, 0.0005656520370393991, 0.0006376671371981502, 0.0012764915591105819, 0.0005196028505451977, 0.00014362021465785801, 0.00015904178144410253, 0.0001588710001669824, 0.0001835237053455785, 0.0002145061589544639, 0.00027874467195943, 4.607848677551374e-05, 2.0818531993427314e-05, 4.824849747819826e-05, 5.4493226343765855e-05, 0.0001662392314756289, 9.833995864028111e-05, 3.544975697877817e-05, 3.989765900769271e-05, 8.798190538072959e-05, 0.00015294332115445286, 4.105348853045143e-05, 3.362023926456459e-05, 1.7764859876479022e-05, 6.998510798439384e-05, 3.390181518625468e-05, 8.04524461273104e-06, 1.2779977623722516e-05, 2.9708749934798107e-05, 1.3885547559766565e-05, 4.32916476711398e-06, 2.698787830013316e-05, 2.3381102437269874e-05, 3.4333320400037337e-06, 3.1524800760962535e-06, 2.789371592371026e-06, 1.4130853287497303e-06, 3.4019240047200583e-06, 5.904124918743037e-06, 3.569874706954579e-06, 4.435685241332976e-06, 2.1257969819998834e-06, 8.25507072477194e-07, 1.5508462638536002e-06, 4.772720103574102e-07, 4.7316828499788244e-07, 7.886035291448934e-07, 1.6351809790648986e-06, 2.3031871023704298e-06, 2.83348822449625e-06, 1.3161994729671278e-06, 2.1186433514230885e-06, 2.173537723137997e-06, 1.7289415836785338e-06, 4.06830440624617e-06, 5.046338173997356e-06, 2.3201093881652923e-06, 2.0729796688101487e-06, 1.791648060134321e-06, 2.004639327424229e-06, 2.4232285795733333e-06, 2.665241709109978e-06, 2.4740102162468247e-06, 2.1909563656663522e-06, 1.5771272501297062e-06, 2.392709575360641e-06, 1.8000430372921983e-06, 1.869567654466664e-06, 9.842456165642943e-07, 1.115656345973548e-06, 1.1661207963697962e-06, 1.3772518059340655e-06, 1.3998494523548288e-06, 1.4939720358597697e-06, 1.6201427115447586e-06, 1.6914417528823833e-06, 1.8415662452753168e-06, 1.9136939499730943e-06, 1.4565492847395944e-06, 1.1814879599114647e-06, 8.771111197347636e-07, 6.659652171947528e-07, 4.845259695684945e-07, 4.301837464026903e-07, 3.5877860682376195e-07, 3.5232699246989796e-07, 2.718069822549296e-07, 2.0838722036842228e-07, 1.6216867493312748e-07, 1.6730623997318617e-07, 1.7668146767846338e-07, 2.286265328166337e-07, 2.688754250357306e-07, 2.017771691953385e-07, 2.6923660811917216e-07, 2.350646042259541e-07, 1.9800710049366899e-07, 1.4760334465790947e-07, 1.2948619598773803e-07, 1.2175766528343956e-07, 8.208817092736354e-08, 7.755828335120896e-08, 6.108982830710374e-08, 2.8154024889204265e-08, 6.503625415987813e-11, 5.087739691350679e-12, 4.906234273016619e-12, 4.800396625342929e-12, 4.70621328366172e-12, 4.626178780331447e-12, 4.564528876399576e-12, 4.506642021367968e-12, 4.467758194653948e-12, 4.443845465218477e-12], "lowlevel.mfcc.mean": [-763.689208984375, 154.84732055664062, 32.58895492553711, 32.57255172729492, 7.187286853790283, 12.529510498046875, -9.498824119567871, -6.487908363342285, -18.047775268554688, -3.6908721923828125, -18.5903263092041, -8.731077194213867, -12.453075408935547], "lowlevel.spectral_contrast_coeffs.mean": [-0.5428230166435242, -0.706950843334198, -0.7715924382209778, -0.7956896424293518, -0.8038818836212158, -0.7576062083244324], "lowlevel.spectral_contrast_coeffs.stdev": [0.0953385978937149, 0.07584907114505768, 0.05772601068019867, 0.04324369877576828, 0.037023741751909256, 0.04342462122440338], "lowlevel.spectral_contrast_valleys.mean": [-7.346885681152344, -7.923123836517334, -8.873220443725586, -9.167080879211426, -9.266183853149414, -11.940911293029785], "lowlevel.spectral_contrast_valleys.stdev": [0.6075946688652039, 0.7413691282272339, 0.6590301990509033, 0.5577103495597839, 0.729756236076355, 1.0922783613204956], "rhythm.beats_loudness_band_ratio.mean": [0.7148663997650146, 0.36588528752326965, 0.07179836183786392, 0.015962129458785057, 0.006704189348965883, 0.004977798089385033], "rhythm.beats_loudness_band_ratio.stdev": [0.22227540612220764, 0.24738332629203796, 0.10443013161420822, 0.02047302946448326, 0.01083429902791977, 0.009631277061998844], "tonal.hpcp.mean": [0.13267552852630615, 0.08499187231063843, 0.021099528297781944, 0.0035730081144720316, 0.001140506356023252, 0.010345600545406342, 0.032819896936416626, 0.02645152062177658, 0.04024341329932213, 0.08038464933633804, 0.04778280854225159, 0.007229680195450783, 0.007033433299511671, 0.012191313318908215, 0.06783602386713028, 0.20350125432014465, 0.16698169708251953, 0.03353329002857208, 0.013080705888569355, 0.014761491678655148, 0.15732347965240479, 0.2955465614795685, 0.1673055738210678, 0.08419576287269592, 0.13801436126232147, 0.08432283252477646, 0.02160729467868805, 0.017512816935777664, 0.022969583049416542, 0.14869201183319092, 0.2764848470687866, 0.16482728719711304, 0.04073590412735939, 0.03463566303253174, 0.03672720491886139, 0.08516576886177063], "tonal.hpcp.stdev": [0.28665977716445923, 0.21105161309242249, 0.11209045350551605, 0.030061352998018265, 0.0076642027124762535, 0.03125964105129242, 0.1016797125339508, 0.08184322714805603, 0.11402493715286255, 0.21663880348205566, 0.12977108359336853, 0.04739413037896156, 0.05787808075547218, 0.0863218754529953, 0.150535449385643, 0.3504544496536255, 0.29369238018989563, 0.14876240491867065, 0.08727556467056274, 0.09544327110052109, 0.24322842061519623, 0.4172872006893158, 0.24769841134548187, 0.2036873698234558, 0.31451615691185, 0.21633918583393097, 0.1159595474600792, 0.10723524540662766, 0.1138387992978096, 0.25089216232299805, 0.3874890208244324, 0.2735736072063446, 0.15743102133274078, 0.16227471828460693, 0.15822823345661163, 0.22238163650035858], "rhythm.beats_position": [0.42956915497779846, 0.8823582530021667, 1.3235373497009277, 1.7647165060043335, 2.217505693435669, 2.670294761657715, 3.1346938610076904, 3.5874829292297363, 4.028662204742432, 4.481451034545898, 4.899410247802734, 5.3289794921875, 5.758548736572266, 6.199728012084961, 6.640906810760498, 7.082086086273193, 7.592925071716309, 8.103763580322266, 8.60299301147461, 9.102222442626953, 9.61306095123291, 10.123900413513184, 10.54185962677002, 10.959818840026855, 11.377777099609375, 11.80734634399414, 12.260135650634766, 12.701314926147461, 13.154104232788086, 13.61850357055664, 14.082901954650879, 14.558911323547363, 15.023310661315918, 15.487709045410156, 15.940498352050781, 16.393287658691406, 16.8344669342041, 17.275646209716797, 17.716825485229492, 18.169614791870117, 18.622404098510742, 19.086801528930664, 19.55120086669922, 20.027210235595703, 20.503219604492188, 21.00244903564453, 21.501678466796875, 21.989295959472656, 22.47691535949707, 22.952924728393555, 23.42893409729004, 23.835283279418945, 24.24163246154785, 24.659591674804688, 25.089160919189453, 25.51873016357422, 25.959909439086914, 26.40108871459961, 26.830657958984375, 27.26022720336914, 27.701404571533203, 28.13097381591797, 28.572153091430664, 29.00172233581543, 29.454511642456055, 29.89569091796875, 30.325260162353516, 30.76643943786621, 31.196008682250977, 31.567527770996094, 31.93904685974121, 32.31056594848633, 32.670475006103516, 33.041996002197266, 33.41351318359375, 33.80825424194336, 34.191383361816406, 34.56290054321289, 34.92280960083008, 35.27111053466797, 35.64263153076172, 36.0141487121582, 36.38566970825195, 36.75718688964844, 37.12870788574219, 37.50022506713867, 37.87174606323242, 38.25487518310547, 38.638004302978516, 39.02113342285156, 39.38104248046875, 39.74095153808594], "rhythm.bpm_histogram": [0.0, 0.0, 0.0, 0.0, 0.0, 0.0, 0.0, 0.0, 0.0, 0.0, 0.0, 0.0, 0.0, 0.0, 0.0, 0.0, 0.0, 0.0, 0.0, 0.0, 0.0, 0.0, 0.0, 0.0, 0.0, 0.0, 0.0, 0.0, 0.0, 0.0, 0.0, 0.0, 0.0, 0.0, 0.0, 0.0, 0.0, 0.0, 0.0, 0.0, 0.0, 0.0, 0.0, 0.0, 0.0, 0.0, 0.0, 0.0, 0.0, 0.0, 0.0, 0.0, 0.0, 0.0, 0.0, 0.0, 0.0, 0.0, 0.0, 0.0, 0.0, 0.0, 0.0, 0.0, 0.0, 0.0, 0.0, 0.0, 0.0, 0.0, 0.0, 0.0, 0.0, 0.0, 0.0, 0.0, 0.0, 0.0, 0.0, 0.0, 0.0, 0.0, 0.0, 0.0, 0.0, 0.0, 0.0, 0.0, 0.0, 0.0, 0.0, 0.0, 0.0, 0.0, 0.0, 0.0, 0.0, 0.0, 0.0, 0.0, 0.0, 0.0, 0.0, 0.0, 0.0, 0.0, 0.0, 0.0, 0.0, 0.0, 0.0, 0.0, 0.0, 0.0, 0.0, 0.0, 0.0, 0.04395604506134987, 0.0, 0.0, 0.04395604506134987, 0.0, 0.0, 0.021978022530674934, 0.0, 0.0, 0.05494505539536476, 0.0, 0.0, 0.07692307978868484, 0.0, 0.0, 0.0, 0.1318681389093399, 0.0, 0.0, 0.17582418024539948, 0.0, 0.0, 0.0, 0.12087912112474442, 0.0, 0.0, 0.0, 0.05494505539536476, 0.0, 0.0, 0.0, 0.021978022530674934, 0.0, 0.0, 0.0, 0.010989011265337467, 0.0, 0.0, 0.0, 0.0, 0.04395604506134987, 0.0, 0.0, 0.0, 0.1428571492433548, 0.0, 0.0, 0.0, 0.0, 0.0, 0.04395604506134987, 0.0, 0.0, 0.0, 0.0, 0.010989011265337467, 0.0, 0.0, 0.0, 0.0, 0.0, 0.0, 0.0, 0.0, 0.0, 0.0, 0.0, 0.0, 0.0, 0.0, 0.0, 0.0, 0.0, 0.0, 0.0, 0.0, 0.0, 0.0, 0.0, 0.0, 0.0, 0.0, 0.0, 0.0, 0.0, 0.0, 0.0, 0.0, 0.0, 0.0, 0.0, 0.0, 0.0, 0.0, 0.0, 0.0, 0.0, 0.0, 0.0, 0.0, 0.0, 0.0, 0.0, 0.0, 0.0, 0.0, 0.0, 0.0, 0.0, 0.0, 0.0, 0.0, 0.0, 0.0, 0.0, 0.0, 0.0, 0.0, 0.0, 0.0, 0.0, 0.0, 0.0, 0.0, 0.0, 0.0, 0.0, 0.0, 0.0, 0.0, 0.0, 0.0, 0.0], "tonal.chords_histogram": [18.518518447875977, 0.0, 16.087963104248047, 0.0, 12.847222328186035, 0.0, 3.935185194015503, 1.5046296119689941, 0.0, 0.0, 0.0, 0.0, 0.0, 0.0, 0.0, 4.282407283782959, 0.23148147761821747, 0.0, 0.0, 2.6620371341705322, 0.0, 8.796296119689941, 9.606481552124023, 21.52777862548828], "tonal.thpcp": [1.0, 0.5660887360572815, 0.2848815619945526, 0.46698009967803955, 0.2853114902973175, 0.07310961186885834, 0.0592556968331337, 0.07771900296211243, 0.503108561038971, 0.9355035424232483, 0.5577032566070557, 0.13783244788646698, 0.11719190329313278, 0.12426876276731491, 0.2881636321544647, 0.44891583919525146, 0.28757524490356445, 0.07139155268669128, 0.012089492753148079, 0.003858973504975438, 0.03500497713685036, 0.1110481470823288, 0.08950035274028778, 0.1361660659313202, 0.2719864249229431, 0.1616760790348053, 0.02446206845343113, 0.023798054084181786, 0.04125006124377251, 0.22952736914157867, 0.6885590553283691, 0.5649928450584412, 0.11346195638179779, 0.04425937309861183, 0.049946416169404984, 0.5323137044906616], "lowlevel.gfcc.cov": [[3655.68408203125, -807.3064575195312, 149.86318969726562, -76.66767883300781, -852.2232666015625, 153.56886291503906, -90.7115707397461, -10.353885650634766, 30.231082916259766, -74.645263671875, -21.827484130859375, 274.7062683105469, -274.0943603515625], [-807.3064575195312, 1391.5001220703125, -227.24754333496094, -319.8688659667969, 358.6973571777344, -189.1015167236328, 75.8917007446289, -36.17536163330078, 135.6330108642578, -237.74497985839844, 148.05812072753906, -76.25619506835938, 98.44960021972656], [149.86318969726562, -227.24754333496094, 337.6509704589844, 122.54734802246094, -7.954956531524658, 68.31802368164062, 19.616832733154297, -12.117185592651367, -53.95464324951172, 8.284253120422363, -51.119754791259766, 33.17498016357422, 27.28540802001953], [-76.66767883300781, -319.8688659667969, 122.54734802246094, 333.58941650390625, 45.46516799926758, 32.47703170776367, -2.009737491607666, -24.246423721313477, -10.170159339904785, 93.18052673339844, -48.666900634765625, -47.802677154541016, 42.38448715209961], [-852.2232666015625, 358.6973571777344, -7.954956531524658, 45.46516799926758, 399.3392028808594, -47.301570892333984, -12.180009841918945, -28.70863914489746, 16.018070220947266, 0.029365800321102142, 3.3485288619995117, -88.58899688720703, 83.52057647705078], [153.56886291503906, -189.1015167236328, 68.31802368164062, 32.47703170776367, -47.301570892333984, 143.9209747314453, 36.84215545654297, 33.37355422973633, -22.73341178894043, 29.255067825317383, -13.13589859008789, 13.83570384979248, -10.435391426086426], [-90.7115707397461, 75.8917007446289, 19.616832733154297, -2.009737491607666, -12.180009841918945, 36.84215545654297, 138.72926330566406, 49.88786697387695, -12.78161334991455, -33.33687210083008, 8.799969673156738, 7.432979106903076, 14.606940269470215], [-10.353885650634766, -36.17536163330078, -12.117185592651367, -24.246423721313477, -28.70863914489746, 33.37355422973633, 49.88786697387695, 126.52684783935547, 11.802678108215332, 30.710866928100586, 16.34228515625, 9.59811782836914, -8.783319473266602], [30.231082916259766, 135.6330108642578, -53.95464324951172, -10.170159339904785, 16.018070220947266, -22.73341178894043, -12.78161334991455, 11.802678108215332, 107.9869384765625, 12.149089813232422, 6.65988826751709, -15.695903778076172, -10.879639625549316], [-74.645263671875, -237.74497985839844, 8.284253120422363, 93.18052673339844, 0.029365800321102142, 29.255067825317383, -33.33687210083008, 30.710866928100586, 12.149089813232422, 180.9310302734375, -10.38059139251709, -24.778064727783203, -15.40632152557373], [-21.827484130859375, 148.05812072753906, -51.119754791259766, -48.666900634765625, 3.3485288619995117, -13.13589859008789, 8.799969673156738, 16.34228515625, 6.65988826751709, -10.38059139251709, 89.73513793945312, 16.961612701416016, -10.325233459472656], [274.7062683105469, -76.25619506835938, 33.17498016357422, -47.802677154541016, -88.58899688720703, 13.83570384979248, 7.432979106903076, 9.59811782836914, -15.695903778076172, -24.778064727783203, 16.961612701416016, 109.3792724609375, -9.361536026000977], [-274.0943603515625, 98.44960021972656, 27.28540802001953, 42.38448715209961, 83.52057647705078, -10.435391426086426, 14.606940269470215, -8.783319473266602, -10.879639625549316, -15.40632152557373, -10.325233459472656, -9.361536026000977, 94.33938598632812]], "lowlevel.gfcc.icov": [[0.0008210382657125592, -0.0003969979879911989, -0.00024628566461615264, -0.0006744381971657276, 0.0015467252815142274, -0.000769179139751941, 0.0011108523467555642, -6.642742664553225e-05, -0.0002773211454041302, 0.000540481589268893, 0.0005598168936558068, -0.0011504599824547768, 0.0015447644982486963], [-0.0003969979879911989, 0.006517947651445866, -0.0004003404756076634, 0.0057783895172178745, -0.00420417170971632, 0.0035971314646303654, -0.005008194129914045, 0.0029991427436470985, -0.007057977840304375, 0.0036246972158551216, -0.007983993738889694, 0.004949415102601051, -0.005865770857781172], [-0.00024628566461615264, -0.0004003404756076634, 0.0046720486134290695, -0.0018397639505565166, -0.0006167954416014254, -0.001494811731390655, -6.961444159969687e-05, -9.687027340987697e-05, 0.002017769031226635, 2.6555486329016276e-05, 0.0023545895237475634, -0.0022629902232438326, -0.0001698434934951365], [-0.0006744381971657276, 0.0057783895172178745, -0.0018397639505565166, 0.0103345001116395, -0.003916692454367876, 0.0032061871606856585, -0.005586275365203619, 0.004210818093270063, -0.006309737917035818, 0.0001237796532223001, -0.006419232580810785, 0.006682428997009993, -0.0077683464623987675], [0.0015467252815142274, -0.00420417170971632, -0.0006167954416014254, -0.003916692454367876, 0.008820347487926483, -0.0026430627331137657, 0.00483980355784297, -0.0013247046153992414, 0.002946725580841303, -0.0012567095691338181, 0.004045626148581505, -0.001368252676911652, 0.0022869918029755354], [-0.000769179139751941, 0.0035971314646303654, -0.001494811731390655, 0.0032061871606856585, -0.0026430627331137657, 0.01181392464786768, -0.005453582387417555, 0.00011317185271764174, -0.002147824503481388, 2.0636450699385023e-06, -0.0036328942514955997, 0.0030324466060847044, -0.002839116845279932], [0.0011108523467555642, -0.005008194129914045, -6.961444159969687e-05, -0.005586275365203619, 0.00483980355784297, -0.005453582387417555, 0.015189155004918575, -0.00679474463686347, 0.00547392712906003, 0.0013412762200459838, 0.005194029770791531, -0.0038894065655767918, 0.004144188482314348], [-6.642742664553225e-05, 0.0029991427436470985, -9.687027340987697e-05, 0.004210818093270063, -0.0013247046153992414, 0.00011317185271764174, -0.00679474463686347, 0.013068613596260548, -0.004960344173014164, -0.0016947289695963264, -0.004883653484284878, 0.001765055232681334, -0.0029406826943159103], [-0.0002773211454041302, -0.007057977840304375, 0.002017769031226635, -0.006309737917035818, 0.002946725580841303, -0.002147824503481388, 0.00547392712906003, -0.004960344173014164, 0.018995441496372223, -0.004791953135281801, 0.008807728067040443, -0.00403041485697031, 0.006627340335398912], [0.000540481589268893, 0.0036246972158551216, 2.6555486329016276e-05, 0.0001237796532223001, -0.0012567095691338181, 2.0636450699385023e-06, 0.0013412762200459838, -0.0016947289695963264, -0.004791953135281801, 0.01139640063047409, -0.004447498824447393, 0.002802156377583742, -0.0004284496826585382], [0.0005598168936558068, -0.007983993738889694, 0.0023545895237475634, -0.006419232580810785, 0.004045626148581505, -0.0036328942514955997, 0.005194029770791531, -0.004883653484284878, 0.008807728067040443, -0.004447498824447393, 0.023625938221812248, -0.009328296408057213, 0.008868488483130932], [-0.0011504599824547768, 0.004949415102601051, -0.0022629902232438326, 0.006682428997009993, -0.001368252676911652, 0.0030324466060847044, -0.0038894065655767918, 0.001765055232681334, -0.00403041485697031, 0.002802156377583742, -0.009328296408057213, 0.018548380583524704, -0.007729580160230398], [0.0015447644982486963, -0.005865770857781172, -0.0001698434934951365, -0.0077683464623987675, 0.0022869918029755354, -0.002839116845279932, 0.004144188482314348, -0.0029406826943159103, 0.006627340335398912, -0.0004284496826585382, 0.008868488483130932, -0.007729580160230398, 0.022392505779862404]], "lowlevel.mfcc.cov": [[3724.94775390625, -915.525634765625, 560.9842529296875, -347.82427978515625, -570.39599609375, -9.517256736755371, -347.220458984375, 269.80126953125, -267.2601318359375, -81.4464340209961, 39.427852630615234, 143.57252502441406, 152.6267547607422], [-915.525634765625, 1519.9189453125, -443.9151916503906, -76.7038345336914, 148.0077667236328, -151.0556640625, -5.247684001922607, 134.93824768066406, -38.31745529174805, -23.123933792114258, -27.87184715270996, -30.559734344482422, -15.500138282775879], [560.9842529296875, -443.9151916503906, 403.5417175292969, -13.858513832092285, -109.64659118652344, 58.0690803527832, 21.378738403320312, 36.637939453125, 24.30045509338379, -52.54257583618164, -7.662077903747559, 19.859376907348633, 27.92708396911621], [-347.82427978515625, -76.7038345336914, -13.858513832092285, 260.56939697265625, 108.36079406738281, 61.04534149169922, 23.470382690429688, -85.72657012939453, 64.80083465576172, 33.685142517089844, -13.00786304473877, -28.2248592376709, -32.83367156982422], [-570.39599609375, 148.0077667236328, -109.64659118652344, 108.36079406738281, 268.8091125488281, 42.2014274597168, 30.875581741333008, -92.74793243408203, 44.73262405395508, 39.93580627441406, 2.055170774459839, -56.014747619628906, -30.248424530029297], [-9.517256736755371, -151.0556640625, 58.0690803527832, 61.04534149169922, 42.2014274597168, 142.35667419433594, 9.217914581298828, -42.712215423583984, 29.11020851135254, 11.423331260681152, -12.152059555053711, 1.6381443738937378, -18.71455192565918], [-347.220458984375, -5.247684001922607, 21.378738403320312, 23.470382690429688, 30.875581741333008, 9.217914581298828, 192.2849884033203, 2.6973040103912354, 47.29533386230469, 5.245175838470459, 2.6682212352752686, 4.733304023742676, -14.508848190307617], [269.80126953125, 134.93824768066406, 36.637939453125, -85.72657012939453, -92.74793243408203, -42.712215423583984, 2.6973040103912354, 193.95162963867188, -21.235366821289062, -35.225120544433594, -20.15418243408203, 9.142145156860352, 20.55453872680664], [-267.2601318359375, -38.31745529174805, 24.30045509338379, 64.80083465576172, 44.73262405395508, 29.11020851135254, 47.29533386230469, -21.235366821289062, 133.22836303710938, 43.659786224365234, -3.334472179412842, -12.00503921508789, -25.72151756286621], [-81.4464340209961, -23.123933792114258, -52.54257583618164, 33.685142517089844, 39.93580627441406, 11.423331260681152, 5.245175838470459, -35.225120544433594, 43.659786224365234, 152.89944458007812, 41.174007415771484, 20.716943740844727, -21.120649337768555], [39.427852630615234, -27.87184715270996, -7.662077903747559, -13.00786304473877, 2.055170774459839, -12.152059555053711, 2.6682212352752686, -20.15418243408203, -3.334472179412842, 41.174007415771484, 107.36543273925781, 32.41887664794922, 23.537330627441406], [143.57252502441406, -30.559734344482422, 19.859376907348633, -28.2248592376709, -56.014747619628906, 1.6381443738937378, 4.733304023742676, 9.142145156860352, -12.00503921508789, 20.716943740844727, 32.41887664794922, 106.75006103515625, 23.269197463989258], [152.6267547607422, -15.500138282775879, 27.92708396911621, -32.83367156982422, -30.248424530029297, -18.71455192565918, -14.508848190307617, 20.55453872680664, -25.72151756286621, -21.120649337768555, 23.537330627441406, 23.269197463989258, 98.21743774414062]], "lowlevel.mfcc.icov": [[0.0008353277808055282, 0.0003308699233457446, -0.0006946181529201567, 0.00031415000557899475, 0.0006090752431191504, -0.00017839584324974567, 0.0012103432090952992, -0.0008394171018153429, 0.0011188264470547438, -0.00047284242464229465, -0.00014552698121406138, -0.00017772428691387177, -0.00016697646060492843], [0.0003308699233457446, 0.0014711645198985934, 0.0010588050354272127, 0.00036135755362920463, -0.0007421948248520494, 0.0006495834677480161, 0.0005414159968495369, -0.0016137907514348626, 0.0002091384812956676, 0.0004264102317392826, 0.00013431611296255141, -0.0005302598583512008, 9.055613918462768e-05], [-0.0006946181529201567, 0.0010588050354272127, 0.005442607682198286, -7.770100637571886e-05, 0.0002529905759729445, -0.0010975905461236835, -0.0013155131600797176, -0.0007390332175418735, -0.002385850064456463, 0.00219684443436563, -9.052000677911565e-05, -5.7635625125840306e-05, -0.0006149625405669212], [0.00031415000557899475, 0.00036135755362920463, -7.770100637571886e-05, 0.0058020176365971565, -0.0011308483080938458, -0.00108642119448632, 0.0004196128575131297, 0.0009479823056608438, -0.0012671351432800293, -0.00033368810545653105, 0.0007206031586974859, 0.00020997191313654184, 0.0002128144697053358], [0.0006090752431191504, -0.0007421948248520494, 0.0002529905759729445, -0.0011308483080938458, 0.00777632649987936, -0.0022378377616405487, -0.000141786367748864, 0.001984959002584219, 0.00029488271684385836, -0.0012387896422296762, -0.0009078948060050607, 0.003281924407929182, -0.0007305588223971426], [-0.00017839584324974567, 0.0006495834677480161, -0.0010975905461236835, -0.00108642119448632, -0.0022378377616405487, 0.009942833334207535, 0.00011832822929136455, 0.000690604152623564, -0.0007009928813204169, 8.523768337909132e-05, 0.0015494143590331078, -0.0019022687338292599, 0.0013210397446528077], [0.0012103432090952992, 0.0005414159968495369, -0.0013155131600797176, 0.0004196128575131297, -0.000141786367748864, 0.00011832822929136455, 0.007738377433270216, -0.0018761330284178257, -0.00045553167001344264, 8.728219836484641e-05, -0.0006398500991053879, -0.0013835565187036991, 0.0006141666672192514], [-0.0008394171018153429, -0.0016137907514348626, -0.0007390332175418735, 0.0009479823056608438, 0.001984959002584219, 0.000690604152623564, -0.0018761330284178257, 0.00922897644340992, -0.0012384537840262055, 0.00017228339856956154, 0.001562270917929709, 0.0008981211576610804, -0.0007633039494976401], [0.0011188264470547438, 0.0002091384812956676, -0.002385850064456463, -0.0012671351432800293, 0.00029488271684385836, -0.0007009928813204169, -0.00045553167001344264, -0.0012384537840262055, 0.01238535437732935, -0.0038623076397925615, 0.0004653751675505191, 0.0007790717645548284, 0.0008151825750246644], [-0.00047284242464229465, 0.0004264102317392826, 0.00219684443436563, -0.00033368810545653105, -0.0012387896422296762, 8.523768337909132e-05, 8.728219836484641e-05, 0.00017228339856956154, -0.0038623076397925615, 0.010147933848202229, -0.003340010531246662, -0.0022751486394554377, 0.0021876096725463867], [-0.00014552698121406138, 0.00013431611296255141, -9.052000677911565e-05, 0.0007206031586974859, -0.0009078948060050607, 0.0015494143590331078, -0.0006398500991053879, 0.001562270917929709, 0.0004653751675505191, -0.003340010531246662, 0.012730655260384083, -0.0026975565124303102, -0.002899979008361697], [-0.00017772428691387177, -0.0005302598583512008, -5.7635625125840306e-05, 0.00020997191313654184, 0.003281924407929182, -0.0019022687338292599, -0.0013835565187036991, 0.0008981211576610804, 0.0007790717645548284, -0.0022751486394554377, -0.0026975565124303102, 0.013085665181279182, -0.0022039322648197412], [-0.00016697646060492843, 9.055613918462768e-05, -0.0006149625405669212, 0.0002128144697053358, -0.0007305588223971426, 0.00132103974