{"song_id": "1182270402916003880", "download": "https://cdn.discordapp.com/attachments/1128313332273782784/1182270402916003880/chirp.mp4?ex=6584161d&amp", "lyrics": "bananas\n\n[verse]\nIn the jungle, where the trees sway tall\nFriends gather 'neath the sunlight's gall\nEating bananas, a joyous call\nVoices harmonize, together we enthrall\n\n[chorus]\nOh, we dance and sing in the wild\nBeneath the stars in the nighttime mild\nTogether we feast, forever beguiled\nEating bananas with friends, our ecstasy compiled", "style": ["rap"], "essentia_features": {"lowlevel.average_loudness": 0.9655277132987976, "lowlevel.barkbands_crest.mean": 10.002803802490234, "lowlevel.barkbands_crest.stdev": 3.1013972759246826, "lowlevel.barkbands_flatness_db.mean": 0.14361804723739624, "lowlevel.barkbands_flatness_db.stdev": 0.05133336782455444, "lowlevel.barkbands_kurtosis.mean": 4.874312877655029, "lowlevel.barkbands_kurtosis.stdev": 7.639039039611816, "lowlevel.barkbands_skewness.mean": 1.7265076637268066, "lowlevel.barkbands_skewness.stdev": 1.1610027551651, "lowlevel.barkbands_spread.mean": 33.99811553955078, "lowlevel.barkbands_spread.stdev": 24.732521057128906, "lowlevel.dissonance.mean": 0.4374054968357086, "lowlevel.dissonance.stdev": 0.04021148011088371, "lowlevel.dynamic_complexity": 3.3956298828125, "lowlevel.erbbands_crest.mean": 11.341073989868164, "lowlevel.erbbands_crest.stdev": 4.48185920715332, "lowlevel.erbbands_flatness_db.mean": 0.13944005966186523, "lowlevel.erbbands_flatness_db.stdev": 0.05259457975625992, "lowlevel.erbbands_kurtosis.mean": 1.9163998365402222, "lowlevel.erbbands_kurtosis.stdev": 2.957270622253418, "lowlevel.erbbands_skewness.mean": 0.7336359024047852, "lowlevel.erbbands_skewness.stdev": 0.6838372945785522, "lowlevel.erbbands_spread.mean": 42.16545867919922, "lowlevel.erbbands_spread.stdev": 25.576257705688477, "lowlevel.hfc.mean": 32.14912033081055, "lowlevel.hfc.stdev": 29.45115852355957, "lowlevel.loudness_ebu128.integrated": -19.86005210876465, "lowlevel.loudness_ebu128.loudness_range": 2.232837677001953, "lowlevel.loudness_ebu128.momentary.mean": -20.25129508972168, "lowlevel.loudness_ebu128.momentary.stdev": 2.036101818084717, "lowlevel.loudness_ebu128.short_term.mean": -19.960397720336914, "lowlevel.loudness_ebu128.short_term.stdev": 1.0804951190948486, "lowlevel.melbands_crest.mean": 15.826059341430664, "lowlevel.melbands_crest.stdev": 5.008419513702393, "lowlevel.melbands_flatness_db.mean": 0.23863227665424347, "lowlevel.melbands_flatness_db.stdev": 0.07284797728061676, "lowlevel.melbands_kurtosis.mean": 11.490704536437988, "lowlevel.melbands_kurtosis.stdev": 17.547977447509766, "lowlevel.melbands_skewness.mean": 2.4373221397399902, "lowlevel.melbands_skewness.stdev": 1.582547903060913, "lowlevel.melbands_spread.mean": 18.771865844726562, "lowlevel.melbands_spread.stdev": 15.501486778259277, "lowlevel.pitch_salience.mean": 0.4870065152645111, "lowlevel.pitch_salience.stdev": 0.10174359381198883, "lowlevel.silence_rate_20dB.mean": 1.0, "lowlevel.silence_rate_20dB.stdev": 0.0, "lowlevel.silence_rate_30dB.mean": 0.9280742406845093, "lowlevel.silence_rate_30dB.stdev": 0.2583640217781067, "lowlevel.silence_rate_60dB.mean": 0.10498839616775513, "lowlevel.silence_rate_60dB.stdev": 0.30653685331344604, "lowlevel.spectral_centroid.mean": 1034.09423828125, "lowlevel.spectral_centroid.stdev": 595.1383666992188, "lowlevel.spectral_complexity.mean": 13.2418794631958, "lowlevel.spectral_complexity.stdev": 7.420037269592285, "lowlevel.spectral_decrease.mean": -8.833414888442803e-09, "lowlevel.spectral_decrease.stdev": 1.196805055059258e-08, "lowlevel.spectral_energy.mean": 0.03625538572669029, "lowlevel.spectral_energy.stdev": 0.04650804400444031, "lowlevel.spectral_energyband_high.mean": 0.0017254931153729558, "lowlevel.spectral_energyband_high.stdev": 0.0020994599908590317, "lowlevel.spectral_energyband_low.mean": 0.019950618967413902, "lowlevel.spectral_energyband_low.stdev": 0.03964363411068916, "lowlevel.spectral_energyband_middle_high.mean": 0.0029052733443677425, "lowlevel.spectral_energyband_middle_high.stdev": 0.0035867111291736364, "lowlevel.spectral_energyband_middle_low.mean": 0.014934424310922623, "lowlevel.spectral_energyband_middle_low.stdev": 0.01483288686722517, "lowlevel.spectral_entropy.mean": 7.312989234924316, "lowlevel.spectral_entropy.stdev": 0.5911345481872559, "lowlevel.spectral_flux.mean": 0.08799726516008377, "lowlevel.spectral_flux.stdev": 0.0790531113743782, "lowlevel.spectral_kurtosis.mean": 9.30915641784668, "lowlevel.spectral_kurtosis.stdev": 6.211406230926514, "lowlevel.spectral_rms.mean": 0.0050566834397614, "lowlevel.spectral_rms.stdev": 0.0031306634191423655, "lowlevel.spectral_rolloff.mean": 3467.5673828125, "lowlevel.spectral_rolloff.stdev": 4935.6142578125, "lowlevel.spectral_skewness.mean": 2.3183677196502686, "lowlevel.spectral_skewness.stdev": 0.7837049961090088, "lowlevel.spectral_spread.mean": 5621070.0, "lowlevel.spectral_spread.stdev": 2037001.625, "lowlevel.spectral_strongpeak.mean": 0.8002506494522095, "lowlevel.spectral_strongpeak.stdev": 0.8270609378814697, "lowlevel.zerocrossingrate.mean": 0.12587998807430267, "lowlevel.zerocrossingrate.stdev": 0.08802765607833862, "metadata.audio_properties.analysis.equal_loudness": 0.0, "metadata.audio_properties.analysis.length": 39.999977111816406, "metadata.audio_properties.analysis.sample_rate": 44100.0, "metadata.audio_properties.analysis.start_time": 0.0, "metadata.audio_properties.bit_rate": 127626.0, "metadata.audio_properties.length": 40.0, "metadata.audio_properties.lossless": 0.0, "metadata.audio_properties.number_channels": 1.0, "metadata.audio_properties.replay_gain": -6.415628433227539, "metadata.audio_properties.sample_rate": 48000.0, "rhythm.beats_count": 95.0, "rhythm.beats_loudness.mean": 0.07207968086004257, "rhythm.beats_loudness.stdev": 0.05088052898645401, "rhythm.bpm": 143.8909454345703, "rhythm.bpm_histogram_first_peak_bpm": 144.0, "rhythm.bpm_histogram_first_peak_weight": 0.6333333253860474, "rhythm.bpm_histogram_second_peak_bpm": 152.0, "rhythm.bpm_histogram_second_peak_spread": 0.0, "rhythm.bpm_histogram_second_peak_weight": 0.1808510571718216, "rhythm.danceability": 1.849226474761963, "rhythm.onset_rate": 5.872123718261719, "tonal.chords_changes_rate": 0.08458864688873291, "tonal.chords_number_rate": 0.006952491123229265, "tonal.chords_strength.mean": 0.385996550321579, "tonal.chords_strength.stdev": 0.02956283837556839, "tonal.hpcp_crest.mean": 25.730567932128906, "tonal.hpcp_crest.stdev": 9.607466697692871, "tonal.hpcp_entropy.mean": 0.8365926146507263, "tonal.hpcp_entropy.stdev": 0.7323794364929199, "tonal.key_edma.strength": 0.583709180355072, "tonal.key_krumhansl.strength": 0.5744501948356628, "tonal.key_temperley.strength": 0.5622584819793701, "tonal.tuning_diatonic_strength": 0.4611983895301819, "tonal.tuning_equal_tempered_deviation": 0.02883305586874485, "tonal.tuning_frequency": 440.0, "tonal.tuning_nontempered_energy_ratio": 0.6259860992431641, "lowlevel.barkbands.mean": [8.33575104479678e-05, 0.007706372067332268, 0.008931349962949753, 0.006510789506137371, 0.0016742750303819776, 0.0009746503783389926, 0.0013154088519513607, 0.00030061922734603286, 0.004083054605871439, 0.00030225238879211247, 0.000498084700666368, 0.0007545929402112961, 0.0003881695738527924, 0.0001733126409817487, 6.39206773485057e-05, 6.627988477703184e-05, 0.00032075727358460426, 0.00018161711341235787, 0.0001238173572346568, 0.00014011800521984696, 0.00013473787112161517, 0.00010803990153362975, 0.00012936012353748083, 6.981172191444784e-05, 2.9064291084068827e-05, 0.0009938457515090704, 0.00019773982057813555], "lowlevel.barkbands.stdev": [0.0002352895971853286, 0.016590101644396782, 0.02263408713042736, 0.009747698903083801, 0.003900848561897874, 0.0017471273895353079, 0.0015913828974589705, 0.0009920697193592787, 0.003872874192893505, 0.0007584060658700764, 0.0008777028997428715, 0.0019285480957478285, 0.0007021871278993785, 0.00036077326512895525, 0.00015502716996707022, 0.00013919503544457257, 0.0006027341005392373, 0.0004306690243538469, 0.00022933329455554485, 0.00028364252648316324, 0.00026322418125346303, 0.00022226516739465296, 0.0002511183265596628, 0.00011090420593973249, 7.067536353133619e-05, 0.0012110600946471095, 0.0003134375438094139], "lowlevel.erbbands.mean": [0.09854625910520554, 2.22949481010437, 10.557452201843262, 15.498156547546387, 12.913520812988281, 5.368242263793945, 5.5375189781188965, 9.888784408569336, 20.587276458740234, 10.697458267211914, 22.975379943847656, 97.8680191040039, 27.42378044128418, 11.4080171585083, 23.895673751831055, 28.380943298339844, 19.79981231689453, 11.473633766174316, 3.5016672611236572, 3.4505386352539062, 5.13759183883667, 19.250566482543945, 11.238428115844727, 8.258853912353516, 6.546916961669922, 6.050151824951172, 6.71670389175415, 3.788710117340088, 3.434502601623535, 4.66141939163208, 3.383591890335083, 1.7841665744781494, 1.047635793685913, 0.24698112905025482, 0.29693084955215454, 1.8087321519851685, 1.9056886434555054, 0.8187365531921387, 0.017816079780459404, 0.0004315390542615205], "lowlevel.erbbands.stdev": [0.25459209084510803, 4.770297050476074, 24.40250015258789, 28.2054386138916, 15.941619873046875, 18.58675765991211, 16.955394744873047, 15.259994506835938, 23.518667221069336, 24.5002498626709, 26.632801055908203, 101.30328369140625, 36.70035934448242, 22.12786293029785, 44.388362884521484, 67.154541015625, 32.202545166015625, 23.05126953125, 6.829628944396973, 8.786064147949219, 10.219043731689453, 35.94646072387695, 24.806682586669922, 15.62701416015625, 12.52773380279541, 11.711745262145996, 13.758936882019043, 7.620906352996826, 6.982248306274414, 9.558813095092773, 6.716934680938721, 3.0266406536102295, 1.7057430744171143, 0.5748738646507263, 0.6669344902038574, 2.7988924980163574, 2.3637924194335938, 1.009770154953003, 0.022304557263851166, 0.00048826358397491276], "lowlevel.gfcc.mean": [-0.9096009731292725, 63.99529266357422, -74.62362670898438, -8.637256622314453, -42.85542678833008, -7.974238395690918, -16.887554168701172, 8.242146492004395, -27.149250030517578, -1.1298776865005493, -33.26271438598633, 5.641947269439697, -42.17918014526367], "lowlevel.melbands.mean": [0.0014874690677970648, 0.0045958012342453, 0.0027225108351558447, 0.0005439954693429172, 0.00020635027613025159, 0.00023814891756046563, 0.0002818877110257745, 9.230418072547764e-05, 0.00032298563746735454, 0.0005671143298968673, 0.00011927689774893224, 4.223901123623364e-05, 8.095752127701417e-05, 8.858853834681213e-05, 5.932207204750739e-05, 3.4113774745492265e-05, 1.8499171346775256e-05, 5.1484585128491744e-06, 4.809562142327195e-06, 4.1348803279106505e-06, 5.368699021346401e-06, 2.1023928638896905e-05, 1.3770258192380425e-05, 8.678795893501956e-06, 6.459820269810734e-06, 4.252665348758455e-06, 5.382728886615951e-06, 3.5493037557898788e-06, 4.583542249747552e-06, 3.0808189421804855e-06, 1.839184847085562e-06, 1.783250468179176e-06, 2.3851735022617504e-06, 2.6351963242632337e-06, 1.9263627564214403e-06, 1.5374617987617967e-06, 1.007608830150275e-06, 9.423263236385537e-07, 3.427349213325215e-07, 1.3317102798282576e-07], "lowlevel.melbands.stdev": [0.003390104277059436, 0.00995624903589487, 0.004330785945057869, 0.0008899953681975603, 0.0006367795867845416, 0.0003309830208308995, 0.0003190322604496032, 0.00026071930187754333, 0.0003456144768279046, 0.0005575991235673428, 0.00018676347099244595, 9.564102219883353e-05, 0.0001421522902091965, 0.00025025097420439124, 0.00011485851428005844, 5.8065874327439815e-05, 3.963614290114492e-05, 1.1118413567601237e-05, 1.1768813237722497e-05, 1.0958922757708933e-05, 1.2190455890959129e-05, 4.234522202750668e-05, 2.967558611999266e-05, 2.0465307898120955e-05, 1.2562571100716013e-05, 8.308840733661782e-06, 1.1473252016003244e-05, 7.14063298801193e-06, 1.0167932487092912e-05, 6.260199825192103e-06, 4.033895947941346e-06, 4.0451091081195045e-06, 4.898685347143328e-06, 5.5555146900587715e-06, 3.966772510466399e-06, 3.2276047932100482e-06, 1.6691490145603893e-06, 1.527852873550728e-06, 8.276463177026017e-07, 3.746000913906755e-07], "lowlevel.melbands128.mean": [5.6695600505918264e-05, 0.00044697243720293045, 0.0015936755808070302, 0.004345493391156197, 0.0059773982502520084, 0.0037214343901723623, 0.0030986370984464884, 0.0032549358438700438, 0.0010070990538224578, 0.00024535448756068945, 0.00029824263765476644, 0.00023902840621303767, 0.00016926716489251703, 0.00018460281717125326, 0.00018826032464858145, 0.00022619508672505617, 0.00048755979514680803, 0.00024950847728177905, 9.629412670619786e-05, 0.00014571029169019312, 5.6921449868241325e-05, 4.012880162918009e-05, 0.00011543835717020556, 0.0008742948994040489, 0.0010086523834615946, 0.0001936059125000611, 0.00028452419792301953, 5.6457527534803376e-05, 6.860820576548576e-05, 2.9320215617190115e-05, 1.8761053070193157e-05, 8.658135629957542e-05, 0.00011653429828584194, 3.277855648775585e-05, 0.00010312781523680314, 0.00011739997717086226, 4.557829743134789e-05, 6.165322702145204e-05, 7.102246308932081e-05, 3.170272248098627e-05, 1.70156272361055e-05, 5.02964758197777e-05, 1.7728732927935198e-05, 4.8908882490650285e-06, 6.78112428431632e-06, 4.546704985841643e-06, 4.519348294707015e-06, 4.876536877418403e-06, 4.805104254046455e-06, 4.973009708919562e-06, 3.3520368560857605e-06, 3.9033252505760174e-06, 5.726789822801948e-06, 5.051540483691497e-06, 7.0128135121194646e-06, 3.224095416953787e-05, 2.025502544711344e-05, 1.9187853467883542e-05, 9.448825039726216e-06, 7.650221050425898e-06, 9.715906344354153e-06, 7.883802936703432e-06, 8.16586452856427e-06, 5.7419465520069934e-06, 4.447364972293144e-06, 4.199760951451026e-06, 3.6419589832803467e-06, 5.611558663076721e-06, 6.729636425006902e-06, 3.695418854476884e-06, 3.233740017094533e-06, 3.4996876365767093e-06, 3.904990080627613e-06, 5.982823040540097e-06, 3.7386964777397225e-06, 3.0407404665311333e-06, 3.0223145586205646e-06, 1.993487785512116e-06, 1.7007401993396343e-06, 1.4998129245213931e-06, 1.918343969009584e-06, 1.7460960179960239e-06, 1.8610763845572365e-06, 2.428224433970172e-06, 2.8722997740260325e-06, 2.863417648768518e-06, 2.7384703571442515e-06, 1.803857799131947e-06, 1.6591999383308575e-06, 2.166895455957274e-06, 2.1767143607576145e-06, 1.1993723774139653e-06, 7.832173878341564e-07, 8.405132234656776e-07, 1.1939382602577098e-06, 1.5229949212880456e-06, 7.697848900534154e-07, 3.3615464190006605e-07, 4.083363194240519e-07, 3.195887643414608e-07, 1.4331443765058793e-07, 1.0736219024920501e-07, 9.556885061101639e-08, 1.6151238924067002e-07, 2.198165844902178e-07, 3.831825949873746e-07, 4.835922595702868e-07, 4.978416541234765e-07, 1.422523496330541e-06, 4.407978394738166e-06, 1.2955991223861929e-05, 5.598353254754329e-06, 4.125176474190084e-06, 5.693753337254748e-06, 6.286478310357779e-06, 1.2902308299089782e-05, 8.621186680102255e-06, 5.368224265112076e-07, 3.055193598111572e-11, 1.3905927624680015e-11, 1.1508912746427402e-11, 7.872398045949414e-12, 6.974830435435564e-12, 6.654529791788599e-12, 6.337171239156891e-12, 5.993642214485728e-12, 5.791052967024646e-12, 5.71641388738553e-12], "lowlevel.melbands128.stdev": [0.00015969621017575264, 0.0013248866889625788, 0.0045830137096345425, 0.009211411699652672, 0.013562686741352081, 0.010040667839348316, 0.006494707427918911, 0.004251264035701752, 0.0013483465882018209, 0.000708741950802505, 0.0013744158204644918, 0.0009427099139429629, 0.0006914067198522389, 0.00048430098104290664, 0.0004134367627557367, 0.0004010686243418604, 0.0005800710059702396, 0.0003343213757034391, 0.00022970304416958243, 0.0003832740185316652, 0.0003131905978079885, 0.00017918794765137136, 0.0002611544623505324, 0.000995135516859591, 0.0011961535783484578, 0.0002967047621496022, 0.0005453318590298295, 0.00010851509432541206, 0.00018854407244361937, 0.0001546649873489514, 5.932987915002741e-05, 0.00016541688819415867, 0.0002170399238821119, 8.776839968049899e-05, 0.000361683196388185, 0.0003749180177692324, 0.0001349605736322701, 0.0001741249579936266, 0.00015301542589440942, 5.999383211019449e-05, 6.197985203471035e-05, 0.00011779076885432005, 4.63169053546153e-05, 1.6255929949693382e-05, 1.810368303267751e-05, 1.1762895155698061e-05, 1.1660883501463104e-05, 1.3225489055912476e-05, 1.6272604625555687e-05, 1.4648644537373912e-05, 1.1967557838943321e-05, 1.1544662811502349e-05, 1.2394918485369999e-05, 1.5132523913052864e-05, 2.2456504666479304e-05, 7.308344356715679e-05, 4.1371662518940866e-05, 4.547395292320289e-05, 2.9921024179202504e-05, 2.403341386525426e-05, 2.534862323955167e-05, 1.9203753254259937e-05, 2.1003887013648637e-05, 1.1414862456149422e-05, 9.14879456104245e-06, 9.866029358818196e-06, 8.216975402319804e-06, 1.2419764971127734e-05, 1.6787567801657133e-05, 8.801946933090221e-06, 7.212064247141825e-06, 7.371620540652657e-06, 1.084373434423469e-05, 1.5506679119425826e-05, 8.675415301695466e-06, 7.668677426408976e-06, 6.225988272490213e-06, 5.3442499847733416e-06, 4.31167700298829e-06, 3.742906301340554e-06, 5.955633696430596e-06, 4.149023880017921e-06, 4.105119842279237e-06, 5.604266334557906e-06, 7.690977327001747e-06, 6.83594771544449e-06, 6.320288775896188e-06, 4.2044007386721205e-06, 4.096366410522023e-06, 4.747957063955255e-06, 5.25198265677318e-06, 2.8277859200898092e-06, 1.5408546687467606e-06, 1.5913836932668346e-06, 2.137714545824565e-06, 2.617276095406851e-06, 1.3528431281883968e-06, 8.703673302079551e-07, 1.1105942121503176e-06, 8.904456194613886e-07, 4.661254706661566e-07, 3.5330282344148145e-07, 3.125440457552031e-07, 4.55514339137153e-07, 6.088511668167484e-07, 1.2459029221645324e-06, 1.5115026599232806e-06, 1.605449028829753e-06, 3.4442755350028165e-06, 8.203110155591276e-06, 2.3101591068552807e-05, 8.176732990250457e-06, 6.704383849864826e-06, 8.086353773251176e-06, 8.742953468754422e-06, 1.606954901944846e-05, 1.261826946574729e-05, 1.0507480965316063e-06, 2.4020213595932205e-10, 1.603634308677826e-10, 1.2086635858832295e-10, 1.9797470954263652e-11, 1.2160349116552283e-11, 1.1726758453178832e-11, 1.1408676087176772e-11, 1.1181918238567512e-11, 1.1023390533715371e-11, 1.0929269642079298e-11], "lowlevel.mfcc.mean": [-678.735107421875, 138.99142456054688, 6.207736492156982, 22.844711303710938, -14.300186157226562, 2.625670909881592, -3.0163352489471436, 17.73738670349121, -8.418437004089355, 6.158715724945068, -2.087109088897705, 12.193587303161621, -14.394725799560547], "lowlevel.spectral_contrast_coeffs.mean": [-0.6266263723373413, -0.6856655478477478, -0.7395058274269104, -0.7891173958778381, -0.790471076965332, -0.703069269657135], "lowlevel.spectral_contrast_coeffs.stdev": [0.06813208013772964, 0.06054386496543884, 0.0702962726354599, 0.04792134836316109, 0.04210924729704857, 0.054611936211586], "lowlevel.spectral_contrast_valleys.mean": [-7.3399834632873535, -6.936729431152344, -7.789331436157227, -8.292792320251465, -7.995144367218018, -11.568215370178223], "lowlevel.spectral_contrast_valleys.stdev": [1.0823049545288086, 0.8103247284889221, 0.9925096035003662, 0.8529185652732849, 0.9753798842430115, 1.3421287536621094], "rhythm.beats_loudness_band_ratio.mean": [0.6350609064102173, 0.05771790072321892, 0.1705908179283142, 0.07561081647872925, 0.020691178739070892, 0.06170344725251198], "rhythm.beats_loudness_band_ratio.stdev": [0.20383381843566895, 0.06737490743398666, 0.10232768952846527, 0.08836544305086136, 0.016976196318864822, 0.09728675335645676], "tonal.hpcp.mean": [0.0488104410469532, 0.03748219087719917, 0.028239674866199493, 0.026433154940605164, 0.02420458197593689, 0.050633858889341354, 0.08848770707845688, 0.06418553739786148, 0.028792018070816994, 0.02191600576043129, 0.015103569254279137, 0.022623736411333084, 0.034527212381362915, 0.03466328606009483, 0.0325961671769619, 0.030556457117199898, 0.026793308556079865, 0.0456518828868866, 0.07026839256286621, 0.07409592717885971, 0.41053909063339233, 0.6550122499465942, 0.29864031076431274, 0.031567834317684174, 0.0310108233243227, 0.04227672517299652, 0.12909695506095886, 0.21654731035232544, 0.1534198820590973, 0.07277524471282959, 0.054743681102991104, 0.04009892791509628, 0.11996328830718994, 0.17740818858146667, 0.10054932534694672, 0.05185834690928459], "tonal.hpcp.stdev": [0.17797696590423584, 0.14409492909908295, 0.11338026076555252, 0.11995428055524826, 0.10022319853305817, 0.11176583170890808, 0.14116933941841125, 0.12733641266822815, 0.10995697230100632, 0.09619192779064178, 0.06463459134101868, 0.07785718142986298, 0.09487154334783554, 0.10667075961828232, 0.11009850353002548, 0.11571072041988373, 0.11343809217214584, 0.12289930880069733, 0.14845679700374603, 0.17146821320056915, 0.2885652780532837, 0.4217517375946045, 0.2317291796207428, 0.116848424077034, 0.11979862302541733, 0.14060527086257935, 0.22609971463680267, 0.3508359491825104, 0.24609394371509552, 0.20326390862464905, 0.17569485306739807, 0.15342290699481964, 0.1565363109111786, 0.20838944613933563, 0.18508625030517578, 0.17251372337341309], "rhythm.beats_position": [0.40634921193122864, 0.8359183669090271, 1.277097463607788, 1.7066665887832642, 2.14784574508667, 2.589024782180786, 3.006983995437622, 3.4133331775665283, 3.8312923908233643, 4.260861396789551, 4.713650703430176, 5.131609916687012, 5.549569129943848, 5.979138374328613, 6.408707141876221, 6.849886417388916, 7.267845630645752, 7.674194812774658, 8.080544471740723, 8.4752836227417, 8.870022773742676, 9.276371955871582, 9.682721138000488, 10.077460289001465, 10.472199440002441, 10.866938591003418, 11.261677742004395, 11.6680269241333, 12.062766075134277, 12.469115257263184, 12.87546443939209, 13.281813621520996, 13.699772834777832, 14.140952110290527, 14.582131385803223, 15.000090599060059, 15.418049812316895, 15.812788963317871, 16.23074722290039, 16.660316467285156, 17.10149574279785, 17.531064987182617, 17.949024200439453, 18.34376335144043, 18.738502502441406, 19.144851684570312, 19.53959083557129, 19.945940017700195, 20.340679168701172, 20.73541831970215, 21.130157470703125, 21.5248966217041, 21.93124771118164, 22.337596893310547, 22.743946075439453, 23.15029525756836, 23.556644439697266, 23.962993621826172, 24.35773277282715, 24.775691986083984, 25.20526123046875, 25.646438598632812, 26.076007843017578, 26.482357025146484, 26.88870620727539, 27.318275451660156, 27.75945472717285, 28.200634002685547, 28.606983184814453, 29.02494239807129, 29.454511642456055, 29.89569091796875, 30.336870193481445, 30.74321937561035, 31.161178588867188, 31.579137802124023, 32.008705139160156, 32.46149444580078, 32.87945556640625, 33.29741287231445, 33.71537399291992, 34.14494323730469, 34.59773254394531, 35.015689849853516, 35.433650970458984, 35.86322021484375, 36.30439758300781, 36.73396682739258, 37.15192794799805, 37.56988525390625, 37.999454498291016, 38.440635681152344, 38.87020492553711, 39.28816223144531, 39.68290328979492], "rhythm.bpm_histogram": [0.0, 0.0, 0.0, 0.0, 0.0, 0.0, 0.0, 0.0, 0.0, 0.0, 0.0, 0.0, 0.0, 0.0, 0.0, 0.0, 0.0, 0.0, 0.0, 0.0, 0.0, 0.0, 0.0, 0.0, 0.0, 0.0, 0.0, 0.0, 0.0, 0.0, 0.0, 0.0, 0.0, 0.0, 0.0, 0.0, 0.0, 0.0, 0.0, 0.0, 0.0, 0.0, 0.0, 0.0, 0.0, 0.0, 0.0, 0.0, 0.0, 0.0, 0.0, 0.0, 0.0, 0.0, 0.0, 0.0, 0.0, 0.0, 0.0, 0.0, 0.0, 0.0, 0.0, 0.0, 0.0, 0.0, 0.0, 0.0, 0.0, 0.0, 0.0, 0.0, 0.0, 0.0, 0.0, 0.0, 0.0, 0.0, 0.0, 0.0, 0.0, 0.0, 0.0, 0.0, 0.0, 0.0, 0.0, 0.0, 0.0, 0.0, 0.0, 0.0, 0.0, 0.0, 0.0, 0.0, 0.0, 0.0, 0.0, 0.0, 0.0, 0.0, 0.0, 0.0, 0.0, 0.0, 0.0, 0.0, 0.0, 0.0, 0.0, 0.0, 0.0, 0.0, 0.0, 0.0, 0.0, 0.0, 0.0, 0.0, 0.0, 0.0, 0.0, 0.0, 0.0, 0.0, 0.0, 0.0, 0.0, 0.0, 0.0, 0.0, 0.0, 0.03191489353775978, 0.0, 0.0, 0.1489361673593521, 0.0, 0.0, 0.0, 0.1808510571718216, 0.0, 0.0, 0.0, 0.23404255509376526, 0.0, 0.0, 0.0, 0.22340425848960876, 0.0, 0.0, 0.0, 0.1808510571718216, 0.0, 0.0, 0.0, 0.0, 0.0, 0.0, 0.0, 0.0, 0.0, 0.0, 0.0, 0.0, 0.0, 0.0, 0.0, 0.0, 0.0, 0.0, 0.0, 0.0, 0.0, 0.0, 0.0, 0.0, 0.0, 0.0, 0.0, 0.0, 0.0, 0.0, 0.0, 0.0, 0.0, 0.0, 0.0, 0.0, 0.0, 0.0, 0.0, 0.0, 0.0, 0.0, 0.0, 0.0, 0.0, 0.0, 0.0, 0.0, 0.0, 0.0, 0.0, 0.0, 0.0, 0.0, 0.0, 0.0, 0.0, 0.0, 0.0, 0.0, 0.0, 0.0, 0.0, 0.0, 0.0, 0.0, 0.0, 0.0, 0.0, 0.0, 0.0, 0.0, 0.0, 0.0, 0.0, 0.0, 0.0, 0.0, 0.0, 0.0, 0.0, 0.0, 0.0, 0.0, 0.0, 0.0, 0.0, 0.0, 0.0, 0.0, 0.0, 0.0, 0.0, 0.0, 0.0, 0.0, 0.0], "tonal.chords_histogram": [7.879490375518799, 21.900346755981445, 44.72769546508789, 0.0, 0.0, 0.0, 0.0, 0.0, 0.0, 0.0, 0.0, 0.0, 0.0, 0.0, 0.0, 0.0, 0.0, 3.9397451877593994, 3.3603708744049072, 18.192352294921875, 0.0, 0.0, 0.0, 0.0], "tonal.thpcp": [1.0, 0.4559308886528015, 0.048194266855716705, 0.04734388366341591, 0.06454341113567352, 0.19709090888500214, 0.33060041069984436, 0.23422445356845856, 0.11110516637563705, 0.08357657492160797, 0.06121859326958656, 0.1831466406583786, 0.2708471417427063, 0.1535075455904007, 0.0791715681552887, 0.0745183601975441, 0.05722364783287048, 0.04311320185661316, 0.04035520553588867, 0.03695286810398102, 0.07730215787887573, 0.13509321212768555, 0.09799135476350784, 0.043956458568573, 0.033458925783634186, 0.02305845357477665, 0.03453940898180008, 0.05271231383085251, 0.052920058369636536, 0.04976420849561691, 0.04665020853281021, 0.04090505093336105, 0.06969622522592545, 0.10727798193693161, 0.11312143504619598, 0.6267654895782471], "lowlevel.gfcc.cov": [[6208.560546875, -855.5537719726562, 647.3889770507812, 843.4356689453125, 308.16973876953125, 264.92791748046875, 286.2178649902344, 200.7509002685547, 113.63859558105469, 115.21849822998047, 91.09563446044922, 267.1501159667969, -95.35424041748047], [-855.5537719726562, 2061.083984375, -267.08489990234375, -228.72369384765625, 380.49639892578125, 60.669559478759766, 194.00547790527344, 205.82443237304688, 69.74533081054688, -70.17002868652344, 69.98692321777344, -11.239112854003906, 85.98495483398438], [647.3889770507812, -267.08489990234375, 370.6319274902344, 92.0607681274414, 104.44607543945312, 33.02682113647461, 87.23726654052734, 12.607362747192383, 33.49245834350586, 49.14082717895508, 2.6898152828216553, 87.70052337646484, -41.64340591430664], [843.4356689453125, -228.72369384765625, 92.0607681274414, 492.7598876953125, -53.75485610961914, 78.03866577148438, -4.39299201965332, 49.51554489135742, 55.97141647338867, 49.94223403930664, 23.83824348449707, -32.189884185791016, 68.69649505615234], [308.16973876953125, 380.49639892578125, 104.44607543945312, -53.75485610961914, 395.0097351074219, 50.83023452758789, 187.77525329589844, 116.24050903320312, 52.967010498046875, -0.19789673388004303, 32.135658264160156, 114.06216430664062, -37.19697952270508], [264.92791748046875, 60.669559478759766, 33.02682113647461, 78.03866577148438, 50.83023452758789, 182.39988708496094, 98.3851089477539, 44.82229232788086, 19.587427139282227, 17.464624404907227, 23.331302642822266, 19.95146942138672, 19.62990379333496], [286.2178649902344, 194.00547790527344, 87.23726654052734, -4.39299201965332, 187.77525329589844, 98.3851089477539, 248.74847412109375, 90.8973617553711, 42.472171783447266, 16.869916915893555, 32.31626510620117, 82.70558166503906, -17.49563980102539], [200.7509002685547, 205.82443237304688, 12.607362747192383, 49.51554489135742, 116.24050903320312, 44.82229232788086, 90.8973617553711, 133.28944396972656, 45.178096771240234, 12.348207473754883, 24.78709602355957, 30.139326095581055, 9.47931957244873], [113.63859558105469, 69.74533081054688, 33.49245834350586, 55.97141647338867, 52.967010498046875, 19.587427139282227, 42.472171783447266, 45.178096771240234, 97.20513153076172, 28.583663940429688, 17.98175621032715, 19.51962661743164, 2.370048999786377], [115.21849822998047, -70.17002868652344, 49.14082717895508, 49.94223403930664, -0.19789673388004303, 17.464624404907227, 16.869916915893555, 12.348207473754883, 28.583663940429688, 78.79421997070312, 16.325410842895508, 7.9407453536987305, 6.490959644317627], [91.09563446044922, 69.98692321777344, 2.6898152828216553, 23.83824348449707, 32.135658264160156, 23.331302642822266, 32.31626510620117, 24.78709602355957, 17.98175621032715, 16.325410842895508, 56.553096771240234, 22.980241775512695, 7.907242774963379], [267.1501159667969, -11.239112854003906, 87.70052337646484, -32.189884185791016, 114.06216430664062, 19.95146942138672, 82.70558166503906, 30.139326095581055, 19.51962661743164, 7.9407453536987305, 22.980241775512695, 109.1019515991211, -16.85259246826172], [-95.35424041748047, 85.98495483398438, -41.64340591430664, 68.69649505615234, -37.19697952270508, 19.62990379333496, -17.49563980102539, 9.47931957244873, 2.370048999786377, 6.490959644317627, 7.907242774963379, -16.85259246826172, 94.03092956542969]], "lowlevel.gfcc.icov": [[0.00030832752236165106, 3.989605465903878e-05, -0.00014687173825223, -0.000594823039136827, -5.1803377573378384e-05, -0.00015686382539570332, 4.639017060981132e-05, -0.00019683422578964382, 0.0002467595913913101, 4.716883267974481e-05, -3.717625804711133e-05, -0.000659204728435725, 0.0005619355360977352], [3.989605465903878e-05, 0.0010884354123845696, 0.0004129011940676719, 0.0006249031284824014, -0.0011512386845424771, 1.0202992598351557e-05, -0.00034099488402716815, -0.0007383156917057931, -0.0005409488221630454, 0.0008042789995670319, -0.0010400121100246906, 0.0015804193681105971, -0.0013462549541145563], [-0.00014687173825223, 0.0004129011940676719, 0.004911189898848534, -0.0009086749632842839, -0.0009836778044700623, 9.974945714930072e-05, -0.0007513572927564383, 0.001231521018780768, -0.0002604493056423962, -0.002086790045723319, 0.001854803180322051, -0.002585740527138114, 0.0011696757283061743], [-0.000594823039136827, 0.0006249031284824014, -0.0009086749632842839, 0.004860487766563892, -1.6136784324771725e-05, -0.0007057833718135953, 0.000339164660545066, -0.0014365907991304994, -0.002054360928013921, 0.00020809387206099927, -0.001599246053956449, 0.0040610721334815025, -0.0038793671410530806], [-5.1803377573378384e-05, -0.0011512386845424771, -0.0009836778044700623, -1.6136784324771725e-05, 0.006730602588504553, 0.00026868373970501125, -0.0015844996087253094, -0.002235421212390065, -0.0002506758028175682, 0.0004770262457896024, 0.0008891299949027598, -0.004303907509893179, 0.002240559086203575], [-0.00015686382539570332, 1.0202992598351557e-05, 9.974945714930072e-05, -0.0007057833718135953, 0.00026868373970501125, 0.008053473196923733, -0.0036110940854996443, -6.495769775938243e-05, 0.0005175243713892996, -0.00030674779554829, -0.0011237924918532372, 0.0010234927758574486, -0.0015628301771357656], [4.639017060981132e-05, -0.00034099488402716815, -0.0007513572927564383, 0.000339164660545066, -0.0015844996087253094, -0.0036110940854996443, 0.009314276278018951, -0.0025720775593072176, -0.0002176733105443418, -0.0005816614138893783, -0.0002538018743507564, -0.0031263413839042187, 0.0014043718110769987], [-0.00019683422578964382, -0.0007383156917057931, 0.001231521018780768, -0.0014365907991304994, -0.002235421212390065, -6.495769775938243e-05, -0.0025720775593072176, 0.014235081151127815, -0.002759985625743866, -0.0007408562232740223, -0.0004926368710584939, -7.749291398795322e-05, -0.0005656295688822865], [0.0002467595913913101, -0.0005409488221630454, -0.0002604493056423962, -0.002054360928013921, -0.0002506758028175682, 0.0005175243713892996, -0.0002176733105443418, -0.002759985625743866, 0.01474541425704956, -0.0042072017677128315, -0.0005357058253139257, -0.0019054575823247433, 0.0017832538578659296], [4.716883267974481e-05, 0.0008042789995670319, -0.002086790045723319, 0.00020809387206099927, 0.0004770262457896024, -0.00030674779554829, -0.0005816614138893783, -0.0007408562232740223, -0.0042072017677128315, 0.01727689802646637, -0.0048049939796328545, 0.002131496788933873, -0.0018451347714290023], [-3.717625804711133e-05, -0.0010400121100246906, 0.001854803180322051, -0.001599246053956449, 0.0008891299949027598, -0.0011237924918532372, -0.0002538018743507564, -0.0004926368710584939, -0.0005357058253139257, -0.0048049939796328545, 0.02423832193017006, -0.006948762573301792, 0.0005534503725357354], [-0.000659204728435725, 0.0015804193681105971, -0.002585740527138114, 0.0040610721334815025, -0.004303907509893179, 0.0010234927758574486, -0.0031263413839042187, -7.749291398795322e-05, -0.0019054575823247433, 0.002131496788933873, -0.006948762573301792, 0.02190771885216236, -0.004304210655391216], [0.0005619355360977352, -0.0013462549541145563, 0.0011696757283061743, -0.0038793671410530806, 0.002240559086203575, -0.0015628301771357656, 0.0014043718110769987, -0.0005656295688822865, 0.0017832538578659296, -0.0018451347714290023, 0.0005534503725357354, -0.004304210655391216, 0.016583247110247612]], "lowlevel.mfcc.cov": [[5954.9365234375, -1060.9727783203125, 388.0401916503906, 583.9243774414062, 195.073974609375, 294.0056457519531, 172.65853881835938, 306.9269104003906, 60.862457275390625, 158.0880584716797, 74.10865783691406, 101.46160125732422, 156.5581512451172], [-1060.9727783203125, 2124.88916015625, -479.5614929199219, -64.7414779663086, 52.851104736328125, -10.298633575439453, 166.7662811279297, 307.1738586425781, 75.31661224365234, 19.46019172668457, 22.46929359436035, 241.34657287597656, -30.52524757385254], [388.0401916503906, -479.5614929199219, 346.04632568359375, 58.675575256347656, 9.076663970947266, 31.359210968017578, -13.922295570373535, -95.67842864990234, 26.855224609375, -0.7399125099182129, 23.60613441467285, -50.630775451660156, 38.29606246948242], [583.9243774414062, -64.7414779663086, 58.675575256347656, 284.07440185546875, 67.61481475830078, 37.4228401184082, 7.744915962219238, 60.81324005126953, 26.328662872314453, 66.8037338256836, 34.04682922363281, 36.6160774230957, 21.967344284057617], [195.073974609375, 52.851104736328125, 9.076663970947266, 67.61481475830078, 151.83541870117188, -4.650078773498535, 20.840316772460938, 16.537702560424805, 37.11907958984375, 6.6591596603393555, 34.56653594970703, 2.518555164337158, 12.932191848754883], [294.0056457519531, -10.298633575439453, 31.359210968017578, 37.4228401184082, -4.650078773498535, 162.72845458984375, 45.8255729675293, 94.0556869506836, 8.199586868286133, 46.55313491821289, -12.19399642944336, 55.5701904296875, 7.5147857666015625], [172.65853881835938, 166.7662811279297, -13.922295570373535, 7.744915962219238, 20.840316772460938, 45.8255729675293, 181.1897735595703, 90.12678527832031, 67.56063079833984, -6.482652187347412, 24.877197265625, 45.279258728027344, 41.09624099731445], [306.9269104003906, 307.1738586425781, -95.67842864990234, 60.81324005126953, 16.537702560424805, 94.0556869506836, 90.12678527832031, 262.60406494140625, 16.98509407043457, 51.87240982055664, -20.367786407470703, 136.17063903808594, 5.213820934295654], [60.862457275390625, 75.31661224365234, 26.855224609375, 26.328662872314453, 37.11907958984375, 8.199586868286133, 67.56063079833984, 16.98509407043457, 132.8042449951172, 4.316959857940674, 46.28855895996094, -1.6782821416854858, 44.271759033203125], [158.0880584716797, 19.46019172668457, -0.7399125099182129, 66.8037338256836, 6.6591596603393555, 46.55313491821289, -6.482652187347412, 51.87240982055664, 4.316959857940674, 99.52635192871094, 11.846382141113281, 40.35810089111328, -9.288511276245117], [74.10865783691406, 22.46929359436035, 23.60613441467285, 34.04682922363281, 34.56653594970703, -12.19399642944336, 24.877197265625, -20.367786407470703, 46.28855895996094, 11.846382141113281, 99.83390045166016, -5.802849292755127, 17.156780242919922], [101.46160125732422, 241.34657287597656, -50.630775451660156, 36.6160774230957, 2.518555164337158, 55.5701904296875, 45.279258728027344, 136.17063903808594, -1.6782821416854858, 40.35810089111328, -5.802849292755127, 169.37832641601562, 11.620999336242676], [156.5581512451172, -30.52524757385254, 38.29606246948242, 21.967344284057617, 12.932191848754883, 7.5147857666015625, 41.09624099731445, 5.213820934295654, 44.271759033203125, -9.288511276245117, 17.156780242919922, 11.620999336242676, 93.68990325927734]], "lowlevel.mfcc.icov": [[0.00028464701608754694, 0.00016891976702027023, -9.335835056845099e-05, -0.0003607159305829555, -0.00019046587112825364, -0.00015849978080950677, -0.00016979580686893314, -0.0004201852425467223, 0.00019953222363255918, 1.1367023944330867e-06, -0.00014733550779055804, 8.997988334158435e-05, -0.00023936654906719923], [0.00016891976702027023, 0.0010035516461357474, 0.000921830884180963, 3.716424316735356e-06, -0.0003237460623495281, 0.0002312059950781986, -0.0003773912030737847, -0.0005591033841483295, -0.0004926339024677873, 0.00015637541946489364, -0.00034252714249305427, -0.0008519650436937809, 0.00030651202541776], [-9.335835056845099e-05, 0.000921830884180963, 0.00517253577709198, -0.0006988597451709211, -5.046933802077547e-05, -0.0015698705101385713, -0.00010852324339793995, 0.0020397368352860212, -0.0011796994367614388, 0.00046594900777563453, -0.0002887809241656214, -0.0007413990097120404, -0.0006786201265640557], [-0.0003607159305829555, 3.716424316735356e-06, -0.0006988597451709211, 0.0057354578748345375, -0.0016530804568901658, 0.0005729007534682751, 0.0007903232472017407, -0.0009329263120889664, -0.0001191815608763136, -0.002786765107885003, -0.0007868396351113915, -0.0001841854100348428, -0.000620703911408782], [-0.00019046587112825364, -0.0003237460623495281, -5.046933802077547e-05, -0.0016530804568901658, 0.008340739645063877, 0.0005898451199755073, 0.00015001115389168262, -0.00030010699992999434, -0.0013672159984707832, 0.0008911209879443049, -0.0016266382299363613, 0.0004960900987498462, 0.00034406461054459214], [-0.00015849978080950677, 0.0002312059950781986, -0.0015698705101385713, 0.0005729007534682751, 0.0005898451199755073, 0.009979227557778358, -0.0017253116238862276, -0.0027025090530514717, 0.00010176710202358663, -0.0034972168505191803, 0.0014161034487187862, -0.0006139401812106371, 0.00029491708846762776], [-0.00016979580686893314, -0.0003773912030737847, -0.00010852324339793995, 0.0007903232472017407, 0.00015001115389168262, -0.0017253116238862276, 0.009775876067578793, -0.0027755065821111202, -0.0032426321413367987, 0.002895188285037875, -0.0018244278617203236, -4.040670319227502e-05, -0.001837741700001061], [-0.0004201852425467223, -0.0005591033841483295, 0.0020397368352860212, -0.0009329263120889664, -0.00030010699992999434, -0.0027025090530514717, -0.0027755065821111202, 0.010997654870152473, -0.0009332757326774299, -0.0014096449594944715, 0.003099794965237379, -0.004992770496755838, 0.0011214902624487877], [0.00019953222363255918, -0.0004926339024677873, -0.0011796994367614388, -0.0001191815608763136, -0.0013672159984707832, 0.00010176710202358663, -0.0032426321413367987, -0.0009332757326774299, 0.012828550301492214, -0.001360650290735066, -0.003537589218467474, 0.002476902212947607, -0.00418518204241991], [1.1367023944330867e-06, 0.00015637541946489364, 0.00046594900777563453, -0.002786765107885003, 0.0008911209879443049, -0.0034972168505191803, 0.002895188285037875, -0.0014096449594944715, -0.001360650290735066, 0.015824289992451668, -0.0027250859420746565, -0.0020331370178610086, 0.002441004617139697], [-0.00014733550779055804, -0.00034252714249305427, -0.0002887809241656214, -0.0007868396351113915, -0.0016266382299363613, 0.0014161034487187862, -0.0018244278617203236, 0.003099794965237379, -0.003537589218467474, -0.0027250859420746565, 0.01427857019007206, -0.0006844755262136459, 4.747298589791171e-05], [8.997988334158435e-05, -0.0008519650436937809, -0.0007413990097120404, -0.0001841854100348428, 0.0004960900987498462, -0.0006139401812106371, -4.040670319227502e-05, -0.004992770496755838, 0.002476902212947607, -0.0020331370178610086, -0.0006844755262136459, 0.011758735403418541, -0.002510529011487961], [-0.00023936654906719923, 0.00030651202541776, -0.0006786201265640557, -0.000620703911408782, 0.00034406461054459214, 0.00029491708846762776, -0.001837741700001061, 0.0011214902624487877, -0.00418518204241991, 0.002441004617139697, 4.747298589791171e-05, -0.002510529011487961, 0.014791189692914486]], "metadata.audio_properties.analysis.downmix":