{"song_id": "1182276365018464287", "download": "https://cdn.discordapp.com/attachments/1135903449314238464/1182276365018464287/chirp.mp4?ex=65841bab&amp", "lyrics": "Outro:\nGululu, gululu, what a wonderful feat,\nOur teeth are clean, oh so neat!\nTogether we've brushed, and had some fun,\nHealthy teeth for everyone!", "style": ["happy song for kids"], "essentia_features": {"lowlevel.average_loudness": 0.9781703948974609, "lowlevel.barkbands_crest.mean": 10.646647453308105, "lowlevel.barkbands_crest.stdev": 3.5826668739318848, "lowlevel.barkbands_flatness_db.mean": 0.15835577249526978, "lowlevel.barkbands_flatness_db.stdev": 0.04362773895263672, "lowlevel.barkbands_kurtosis.mean": 6.967346668243408, "lowlevel.barkbands_kurtosis.stdev": 9.958074569702148, "lowlevel.barkbands_skewness.mean": 1.9319819211959839, "lowlevel.barkbands_skewness.stdev": 1.469696283340454, "lowlevel.barkbands_spread.mean": 23.096281051635742, "lowlevel.barkbands_spread.stdev": 16.38119125366211, "lowlevel.dissonance.mean": 0.4521343410015106, "lowlevel.dissonance.stdev": 0.035893578082323074, "lowlevel.dynamic_complexity": 2.1233510971069336, "lowlevel.erbbands_crest.mean": 11.586793899536133, "lowlevel.erbbands_crest.stdev": 6.161849498748779, "lowlevel.erbbands_flatness_db.mean": 0.15536704659461975, "lowlevel.erbbands_flatness_db.stdev": 0.05186495929956436, "lowlevel.erbbands_kurtosis.mean": 1.2041984796524048, "lowlevel.erbbands_kurtosis.stdev": 3.5595643520355225, "lowlevel.erbbands_skewness.mean": 0.42653635144233704, "lowlevel.erbbands_skewness.stdev": 0.9392027854919434, "lowlevel.erbbands_spread.mean": 48.453895568847656, "lowlevel.erbbands_spread.stdev": 29.884084701538086, "lowlevel.hfc.mean": 25.645671844482422, "lowlevel.hfc.stdev": 16.3636531829834, "lowlevel.loudness_ebu128.integrated": -11.415449142456055, "lowlevel.loudness_ebu128.loudness_range": 1.3775243759155273, "lowlevel.loudness_ebu128.momentary.mean": -11.543834686279297, "lowlevel.loudness_ebu128.momentary.stdev": 1.0915265083312988, "lowlevel.loudness_ebu128.short_term.mean": -11.413524627685547, "lowlevel.loudness_ebu128.short_term.stdev": 0.43864214420318604, "lowlevel.melbands_crest.mean": 14.529946327209473, "lowlevel.melbands_crest.stdev": 4.237124919891357, "lowlevel.melbands_flatness_db.mean": 0.22426672279834747, "lowlevel.melbands_flatness_db.stdev": 0.050151996314525604, "lowlevel.melbands_kurtosis.mean": 23.111778259277344, "lowlevel.melbands_kurtosis.stdev": 27.02166748046875, "lowlevel.melbands_skewness.mean": 3.365912437438965, "lowlevel.melbands_skewness.stdev": 2.262441635131836, "lowlevel.melbands_spread.mean": 20.570322036743164, "lowlevel.melbands_spread.stdev": 14.864612579345703, "lowlevel.pitch_salience.mean": 0.4876739978790283, "lowlevel.pitch_salience.stdev": 0.10084430873394012, "lowlevel.silence_rate_20dB.mean": 1.0, "lowlevel.silence_rate_20dB.stdev": 0.0, "lowlevel.silence_rate_30dB.mean": 1.0, "lowlevel.silence_rate_30dB.stdev": 0.0, "lowlevel.silence_rate_60dB.mean": 0.006145741790533066, "lowlevel.silence_rate_60dB.stdev": 0.07815331220626831, "lowlevel.spectral_centroid.mean": 1209.7581787109375, "lowlevel.spectral_centroid.stdev": 623.9669189453125, "lowlevel.spectral_complexity.mean": 14.963125228881836, "lowlevel.spectral_complexity.stdev": 5.78851842880249, "lowlevel.spectral_decrease.mean": -8.246732186023564e-09, "lowlevel.spectral_decrease.stdev": 3.906169165901474e-09, "lowlevel.spectral_energy.mean": 0.03345122188329697, "lowlevel.spectral_energy.stdev": 0.015559731982648373, "lowlevel.spectral_energyband_high.mean": 0.0011743094073608518, "lowlevel.spectral_energyband_high.stdev": 0.0013501567300409079, "lowlevel.spectral_energyband_low.mean": 0.011697684414684772, "lowlevel.spectral_energyband_low.stdev": 0.01106733176857233, "lowlevel.spectral_energyband_middle_high.mean": 0.007760848384350538, "lowlevel.spectral_energyband_middle_high.stdev": 0.009945814497768879, "lowlevel.spectral_energyband_middle_low.mean": 0.014450428076088428, "lowlevel.spectral_energyband_middle_low.stdev": 0.009419388137757778, "lowlevel.spectral_entropy.mean": 7.378582954406738, "lowlevel.spectral_entropy.stdev": 0.4835337996482849, "lowlevel.spectral_flux.mean": 0.08055267482995987, "lowlevel.spectral_flux.stdev": 0.049665555357933044, "lowlevel.spectral_kurtosis.mean": 3.7943224906921387, "lowlevel.spectral_kurtosis.stdev": 2.576479911804199, "lowlevel.spectral_rms.mean": 0.00554518960416317, "lowlevel.spectral_rms.stdev": 0.0013733945088461041, "lowlevel.spectral_rolloff.mean": 1396.97607421875, "lowlevel.spectral_rolloff.stdev": 1629.8690185546875, "lowlevel.spectral_skewness.mean": 1.5365368127822876, "lowlevel.spectral_skewness.stdev": 0.5015893578529358, "lowlevel.spectral_spread.mean": 5679108.0, "lowlevel.spectral_spread.stdev": 2012449.375, "lowlevel.spectral_strongpeak.mean": 1.5213243961334229, "lowlevel.spectral_strongpeak.stdev": 1.8901396989822388, "lowlevel.zerocrossingrate.mean": 0.06148656830191612, "lowlevel.zerocrossingrate.stdev": 0.03371681272983551, "metadata.audio_properties.analysis.equal_loudness": 0.0, "metadata.audio_properties.analysis.length": 26.41065788269043, "metadata.audio_properties.analysis.sample_rate": 44100.0, "metadata.audio_properties.analysis.start_time": 0.0, "metadata.audio_properties.bit_rate": 117336.0, "metadata.audio_properties.length": 26.410667419433594, "metadata.audio_properties.lossless": 0.0, "metadata.audio_properties.number_channels": 1.0, "metadata.audio_properties.replay_gain": -14.771347045898438, "metadata.audio_properties.sample_rate": 48000.0, "rhythm.beats_count": 51.0, "rhythm.beats_loudness.mean": 0.039476800709962845, "rhythm.beats_loudness.stdev": 0.010131730698049068, "rhythm.bpm": 117.41043853759766, "rhythm.bpm_histogram_first_peak_bpm": 117.0, "rhythm.bpm_histogram_first_peak_weight": 0.18367350101470947, "rhythm.bpm_histogram_second_peak_bpm": 112.0, "rhythm.bpm_histogram_second_peak_spread": 0.0, "rhythm.bpm_histogram_second_peak_weight": 0.019999999552965164, "rhythm.danceability": 1.3117793798446655, "rhythm.onset_rate": 3.3302669525146484, "tonal.chords_changes_rate": 0.04736842215061188, "tonal.chords_number_rate": 0.010526316240429878, "tonal.chords_strength.mean": 0.5288281440734863, "tonal.chords_strength.stdev": 0.06922756880521774, "tonal.hpcp_crest.mean": 18.610666275024414, "tonal.hpcp_crest.stdev": 8.147500991821289, "tonal.hpcp_entropy.mean": 1.455094575881958, "tonal.hpcp_entropy.stdev": 0.6847351789474487, "tonal.key_edma.strength": 0.7371079325675964, "tonal.key_krumhansl.strength": 0.7251100540161133, "tonal.key_temperley.strength": 0.7083021402359009, "tonal.tuning_diatonic_strength": 0.6158434152603149, "tonal.tuning_equal_tempered_deviation": 0.06989352405071259, "tonal.tuning_frequency": 438.7310485839844, "tonal.tuning_nontempered_energy_ratio": 0.6506957411766052, "lowlevel.barkbands.mean": [0.00011530808842508122, 0.003180430270731449, 0.006904117297381163, 0.0036462079733610153, 0.002886365633457899, 0.004351260606199503, 0.0014605231117457151, 0.0004689033085014671, 0.00139012117870152, 0.0013517140178009868, 0.001774408621713519, 0.001265387749299407, 0.0010039836633950472, 0.0003331826301291585, 0.0004959562793374062, 0.0002801472437568009, 0.00037787487963214517, 0.0004720779543276876, 0.00026264830376021564, 0.000628206180408597, 0.0001563655969221145, 7.347787322942168e-05, 0.00013663469871971756, 0.00021986743377055973, 0.00015765102580189705, 5.73468096263241e-05, 1.0647080443959567e-06], "lowlevel.barkbands.stdev": [0.00015449743659701198, 0.0063344817608594894, 0.006367295049130917, 0.0024686474353075027, 0.003059948794543743, 0.006837187800556421, 0.004052889067679644, 0.0014182340819388628, 0.003267154097557068, 0.004310145508497953, 0.004377794452011585, 0.004316530656069517, 0.003301311982795596, 0.0015566402580589056, 0.0015233684098348022, 0.0007421309128403664, 0.0009339337702840567, 0.001236159703694284, 0.00040011006058193743, 0.0008309684926643968, 0.00023322533525060862, 0.0001640682457946241, 0.0003970689431298524, 0.0005683350027538836, 0.00022990575234871358, 9.451500227442011e-05, 3.245024799980456e-06], "lowlevel.erbbands.mean": [0.042930301278829575, 0.9533349275588989, 6.375949382781982, 10.832841873168945, 11.860440254211426, 8.198829650878906, 17.514055252075195, 45.60506820678711, 26.25461196899414, 15.233929634094238, 9.082819938659668, 37.5265998840332, 28.588396072387695, 61.8736572265625, 77.01084899902344, 54.724937438964844, 50.49917984008789, 23.1452579498291, 28.195171356201172, 16.097476959228516, 18.542232513427734, 19.6661319732666, 29.89466094970703, 15.002522468566895, 15.676589012145996, 27.965618133544922, 14.47768783569336, 3.6442906856536865, 2.788977861404419, 2.8710172176361084, 4.021116733551025, 4.204518795013428, 3.82098126411438, 2.3088626861572266, 0.8032888174057007, 0.29923227429389954, 0.09768924117088318, 0.012602056376636028, 0.00026405428070575, 5.1093353249598294e-05], "lowlevel.erbbands.stdev": [0.10208436101675034, 1.7524006366729736, 6.3547468185424805, 8.115636825561523, 8.826995849609375, 10.654630661010742, 30.092815399169922, 78.56253814697266, 63.34836196899414, 37.18375015258789, 29.365978240966797, 89.24725341796875, 73.37627410888672, 179.3899383544922, 197.9290008544922, 176.30992126464844, 160.09671020507812, 77.11247253417969, 92.22286224365234, 43.36174392700195, 41.86183547973633, 42.715721130371094, 79.43795776367188, 26.58379554748535, 22.494417190551758, 35.59324264526367, 20.057231903076172, 5.4405198097229, 6.172557830810547, 7.993445873260498, 11.740092277526855, 11.544366836547852, 9.32009506225586, 3.6940765380859375, 1.1883060932159424, 0.49202805757522583, 0.16538678109645844, 0.02307896688580513, 0.00043939941679127514, 2.7594107450568117e-05], "lowlevel.gfcc.mean": [14.846363067626953, 84.30706787109375, -97.85723114013672, 35.62698745727539, -58.637142181396484, 17.343168258666992, -45.69196701049805, 10.541341781616211, -44.8710823059082, -0.9396017789840698, -16.26053810119629, -8.929606437683105, -7.635255813598633], "lowlevel.melbands.mean": [0.0006226904806680977, 0.0026634533423930407, 0.0020142667926847935, 0.0006387977628037333, 0.0005953646032139659, 0.0009411244536750019, 0.00038104315171949565, 0.00014990799536462873, 6.978310557315126e-05, 0.0002508325269445777, 0.0001377299049636349, 0.00024516385747119784, 0.00022347859339788556, 0.00018072029342874885, 0.00012034069368382916, 9.166018571704626e-05, 3.709742668434046e-05, 4.4911175791639835e-05, 2.4589149688836187e-05, 2.2330177671392448e-05, 2.223172486992553e-05, 2.0658382709370926e-05, 2.9190248824306764e-05, 1.733512726787012e-05, 1.1788878509833012e-05, 9.236548066837713e-06, 1.506275020801695e-05, 2.0345567463664338e-05, 1.2027313459839206e-05, 3.4784816307364963e-06, 1.5559721759927925e-06, 1.5549474028375698e-06, 1.4251756965677487e-06, 1.712039420453948e-06, 2.154575440727058e-06, 2.572752691776259e-06, 2.685525942069944e-06, 2.8830309020122513e-06, 2.3411769234371604e-06, 1.8233236005471554e-06], "lowlevel.melbands.stdev": [0.0012731092283502221, 0.00277235871180892, 0.0012217274634167552, 0.0005170927033759654, 0.000926846987567842, 0.0015663928352296352, 0.000919769168831408, 0.0003726813883986324, 0.00026034386246465147, 0.00059989228611812, 0.0003850192006211728, 0.000753592059481889, 0.0005440957611426711, 0.0005268648383207619, 0.0004062939842697233, 0.0002750836138147861, 0.0001696338877081871, 0.00014983296568971127, 6.276150816120207e-05, 6.378204852808267e-05, 5.665250864694826e-05, 5.287586827762425e-05, 7.734028622508049e-05, 4.322791937738657e-05, 2.2828924556961283e-05, 1.64209177455632e-05, 2.3546730517409742e-05, 2.780420982162468e-05, 1.8133685443899594e-05, 5.334648903954076e-06, 2.8803576697100652e-06, 3.535412133714999e-06, 3.478246981103439e-06, 5.393729225033894e-06, 6.408948593161767e-06, 7.506267138523981e-06, 7.634497706021648e-06, 7.734538485237863e-06, 4.46329113401589e-06, 2.826296167768305e-06], "lowlevel.melbands128.mean": [4.929519855068065e-05, 0.00020616636902559549, 0.0006574791041202843, 0.0017810636200010777, 0.002902569714933634, 0.003548325737938285, 0.0021226664539426565, 0.001972978701815009, 0.0012113753473386168, 0.0003449276846367866, 0.000420788477640599, 0.0005510025075636804, 0.0005128079792484641, 0.0007375157438218594, 0.0014147120527923107, 0.000765076547395438, 0.000400424818508327, 0.00037798049743287265, 0.0002760963689070195, 0.00012947052891831845, 0.00013147493882570416, 4.894983794656582e-05, 6.605566159123555e-05, 6.196724280016497e-05, 0.00025729520712047815, 0.0003896885900758207, 9.148730168817565e-05, 0.000113111142127309, 0.00011515164806041867, 0.0003123007481917739, 0.0002904107386711985, 0.0001455612655263394, 0.00012604780204128474, 0.0004458562470972538, 0.00013803961337544024, 0.0001372452243231237, 0.00016056808817666024, 8.163646998582408e-05, 0.00014480491518042982, 0.00011735218140529469, 9.422624862054363e-05, 2.1120586097822525e-05, 3.160601045237854e-05, 5.903394048800692e-05, 1.4354058293974958e-05, 6.26204491709359e-05, 5.407308344729245e-05, 1.4305356671684422e-05, 1.8283690224052407e-05, 1.977701140276622e-05, 2.495980152161792e-05, 2.3583452275488526e-05, 1.4479760466201697e-05, 2.6210673240711913e-05, 3.0772629543207586e-05, 2.0095503714401275e-05, 9.133140338235535e-06, 2.0579624106176198e-05, 4.054312739754096e-05, 4.3633932364173234e-05, 5.382992185332114e-06, 7.063341854518512e-06, 1.813766903069336e-05, 1.164610239356989e-05, 5.321584467310458e-06, 9.910089829645585e-06, 1.075215004675556e-05, 9.592848073225468e-06, 1.9004131900146604e-05, 1.8843315046979114e-05, 1.248052194569027e-05, 3.309717067168094e-05, 1.605047145858407e-05, 7.515417564718518e-06, 6.242157724045683e-06, 3.6779174479306675e-06, 2.4306223167513963e-06, 1.6502118569405866e-06, 1.50143875998765e-06, 1.2504033293225802e-06, 1.5743324865979957e-06, 1.7387661728207604e-06, 1.4350308674693224e-06, 1.536004560875881e-06, 1.205891067002085e-06, 1.4283849623097922e-06, 2.065974513243418e-06, 1.9057537201661034e-06, 1.9395656636334024e-06, 2.449445901220315e-06, 2.9240959520393517e-06, 2.554989350755932e-06, 2.129745780621306e-06, 2.2594247184315464e-06, 3.478130111034261e-06, 3.3181293019879377e-06, 2.6871339287026785e-06, 2.2324256860883906e-06, 2.540172772569349e-06, 2.2962872208154295e-06, 2.0294557998568052e-06, 1.9458889255474787e-06, 1.305192654399434e-06, 9.062814001481456e-07, 7.831428661120299e-07, 8.27979420137126e-07, 6.688818530165008e-07, 6.34077082395379e-07, 5.250576577964239e-07, 3.91729656712414e-07, 2.54842035474212e-07, 3.6005226888846664e-07, 3.5183126101401285e-07, 2.5537104875184014e-07, 2.5149554971903854e-07, 1.3855714087185333e-07, 4.1627778557540296e-08, 3.253033953320994e-10, 5.2034106190479434e-12, 4.453239860202629e-12, 4.109706065041907e-12, 4.0054778070730546e-12, 3.909712397581755e-12, 3.8302434141046504e-12, 3.753213451834769e-12, 3.672769987445035e-12, 3.6212254982820324e-12, 3.597031743643453e-12], "lowlevel.melbands128.stdev": [0.00012002613220829517, 0.0007443290669471025, 0.0015728054568171501, 0.0035941125825047493, 0.003749432507902384, 0.003346797777339816, 0.002088867826387286, 0.0016042143106460571, 0.0009714210755191743, 0.00037827526102773845, 0.0006481397431343794, 0.0010878316825255752, 0.0013533561723306775, 0.0013591819442808628, 0.002711745211854577, 0.0017040662933140993, 0.0014398674247786403, 0.0012630688725039363, 0.0009806734742596745, 0.00040028928196989, 0.00046660806401632726, 0.00018791583715938032, 0.00041409285040572286, 0.0003284757840447128, 0.0007200335967354476, 0.001014632056467235, 0.0003781219129450619, 0.0005541563150472939, 0.0005536031094379723, 0.0013065207749605179, 0.0010495278984308243, 0.000687494408339262, 0.00038445668178610504, 0.0014073594938963652, 0.0006432772497646511, 0.0007163403206504881, 0.0007856244337745011, 0.0004562819085549563, 0.0007649646140635014, 0.0004681246355175972, 0.00035771672264672816, 9.360970580019057e-05, 0.0001593906490597874, 0.00037642859388142824, 6.84268816257827e-05, 0.0002655430871527642, 0.0002200562012149021, 4.1840452468022704e-05, 9.143386705545709e-05, 9.730927558848634e-05, 9.464159666094929e-05, 9.549155220156536e-05, 6.110342656029388e-05, 0.0001035929744830355, 0.00012399876140989363, 7.558792276540771e-05, 3.148702307953499e-05, 8.932542550610378e-05, 0.0001353635743726045, 0.00014796268078498542, 2.1225134332780726e-05, 2.2636431822320446e-05, 5.1340492063900456e-05, 2.4974455300252885e-05, 1.243194674316328e-05, 2.570010838098824e-05, 2.426957325951662e-05, 2.3916967620607466e-05, 4.2034153011627495e-05, 3.434275640756823e-05, 2.5038318199221976e-05, 6.684568506898358e-05, 3.602611104724929e-05, 1.582777258590795e-05, 1.2262971722520888e-05, 7.482280580006773e-06, 5.025876362196868e-06, 3.436734914430417e-06, 3.0015137326699914e-06, 2.7907999538001604e-06, 3.769557224586606e-06, 4.411630015965784e-06, 4.159145191806601e-06, 3.96726545659476e-06, 3.1567260521114804e-06, 4.644511591322953e-06, 7.3115102168230806e-06, 6.564974228240317e-06, 5.448730917123612e-06, 8.60653290146729e-06, 9.17287434276659e-06, 7.286346772161778e-06, 6.611954631807748e-06, 6.987781944189919e-06, 1.044390955939889e-05, 9.614607733965386e-06, 8.344852176378481e-06, 5.736928414989961e-06, 5.290144599712221e-06, 4.014410023955861e-06, 3.4657523428904824e-06, 3.0636028895969503e-06, 2.2849085326015484e-06, 1.9109879758616444e-06, 1.3239235840956098e-06, 1.4751036587767885e-06, 1.1996411330983392e-06, 1.1205163445993094e-06, 9.863871355264564e-07, 8.648190714666271e-07, 5.128765678819036e-07, 7.012734499767248e-07, 6.377414365488221e-07, 4.736437801966531e-07, 4.861133220401825e-07, 3.08000636550787e-07, 1.194610774746252e-07, 2.204266325023241e-09, 2.2558082138357527e-11, 8.494428251071273e-12, 6.052771998887874e-12, 5.902907069393892e-12, 5.773600347813712e-12, 5.664902574809005e-12, 5.5740884997990126e-12, 5.503650486737843e-12, 5.4520225140075596e-12, 5.420296590036289e-12], "lowlevel.mfcc.mean": [-635.7904052734375, 113.54650115966797, 18.7799129486084, 22.499311447143555, 13.623229026794434, -2.2759077548980713, 16.857221603393555, -6.753850936889648, -3.763514518737793, -2.5815865993499756, -15.274724960327148, -3.5921034812927246, -2.651642084121704], "lowlevel.spectral_contrast_coeffs.mean": [-0.6627703905105591, -0.6738743782043457, -0.7150281667709351, -0.7740892171859741, -0.772197961807251, -0.7870044708251953], "lowlevel.spectral_contrast_coeffs.stdev": [0.05760743096470833, 0.0877617746591568, 0.08998018503189087, 0.06580493599176407, 0.061542972922325134, 0.036073312163352966], "lowlevel.spectral_contrast_valleys.mean": [-6.499039173126221, -7.241106986999512, -7.664748191833496, -7.893428802490234, -7.5999274253845215, -10.031764030456543], "lowlevel.spectral_contrast_valleys.stdev": [0.6087366938591003, 0.5655786991119385, 0.5984911918640137, 0.5056788325309753, 0.6080951690673828, 0.7874155044555664], "rhythm.beats_loudness_band_ratio.mean": [0.42094433307647705, 0.12855106592178345, 0.11943021416664124, 0.20793993771076202, 0.07403776794672012, 0.0664060190320015], "rhythm.beats_loudness_band_ratio.stdev": [0.191771000623703, 0.08865557610988617, 0.13152652978897095, 0.20225201547145844, 0.08675624430179596, 0.033891711384058], "tonal.hpcp.mean": [0.103995680809021, 0.07476736605167389, 0.08534200489521027, 0.2592998147010803, 0.2088927924633026, 0.02500462345778942, 0.021149609237909317, 0.024564916267991066, 0.16301482915878296, 0.3319486677646637, 0.20019081234931946, 0.028762901201844215, 0.018743565306067467, 0.01986042410135269, 0.05403755605220795, 0.10622134059667587, 0.0782758966088295, 0.028435202315449715, 0.02218903973698616, 0.014787371270358562, 0.026020066812634468, 0.05334258824586868, 0.05678517371416092, 0.28396865725517273, 0.570303201675415, 0.3417902886867523, 0.04563640430569649, 0.021498478949069977, 0.022809911519289017, 0.0689133033156395, 0.1215750053524971, 0.08875858038663864, 0.0324275866150856, 0.024200236424803734, 0.03369491174817085, 0.06895912438631058], "tonal.hpcp.stdev": [0.2460833191871643, 0.1869991421699524, 0.1603241264820099, 0.359921932220459, 0.3014942705631256, 0.09545619040727615, 0.09219726920127869, 0.10077225416898727, 0.23361660540103912, 0.4096352458000183, 0.2624109983444214, 0.10875026136636734, 0.08921492099761963, 0.10286802798509598, 0.12725858390331268, 0.2033672034740448, 0.17361140251159668, 0.09896174818277359, 0.08861956000328064, 0.06641758978366852, 0.08945827186107635, 0.15386958420276642, 0.15955954790115356, 0.25276514887809753, 0.4119053781032562, 0.2853871285915375, 0.14711548388004303, 0.09366630017757416, 0.09882640093564987, 0.1627236008644104, 0.23274216055870056, 0.18620863556861877, 0.11165431141853333, 0.10286656767129898, 0.13903677463531494, 0.1713123321533203], "rhythm.beats_position": [0.5340589284896851, 1.0681178569793701, 1.590566873550415, 2.11301589012146, 2.623854875564575, 3.1346938610076904, 3.6455328464508057, 4.156371593475342, 4.6556010246276855, 5.154829978942871, 5.665668964385986, 6.176507949829102, 6.687346935272217, 7.198185920715332, 7.709024906158447, 8.219863891601562, 8.73070240020752, 9.241541862487793, 9.75238037109375, 10.263219833374023, 10.77405834197998, 11.296507835388184, 11.81895637512207, 12.329795837402344, 12.8406343460083, 13.351473808288574, 13.862312316894531, 14.373151779174805, 14.883990287780762, 15.383219718933105, 15.894058227539062, 16.404897689819336, 16.91573715209961, 17.42657470703125, 17.937414169311523, 18.459863662719727, 18.970703125, 19.48154067993164, 19.992380142211914, 20.503219604492188, 21.01405906677246, 21.5248966217041, 22.035736083984375, 22.54657554626465, 23.057415008544922, 23.568254470825195, 24.079092025756836, 24.58993148803711, 25.100770950317383, 25.611610412597656, 26.110837936401367], "rhythm.bpm_histogram": [0.0, 0.0, 0.0, 0.0, 0.0, 0.0, 0.0, 0.0, 0.0, 0.0, 0.0, 0.0, 0.0, 0.0, 0.0, 0.0, 0.0, 0.0, 0.0, 0.0, 0.0, 0.0, 0.0, 0.0, 0.0, 0.0, 0.0, 0.0, 0.0, 0.0, 0.0, 0.0, 0.0, 0.0, 0.0, 0.0, 0.0, 0.0, 0.0, 0.0, 0.0, 0.0, 0.0, 0.0, 0.0, 0.0, 0.0, 0.0, 0.0, 0.0, 0.0, 0.0, 0.0, 0.0, 0.0, 0.0, 0.0, 0.0, 0.0, 0.0, 0.0, 0.0, 0.0, 0.0, 0.0, 0.0, 0.0, 0.0, 0.0, 0.0, 0.0, 0.0, 0.0, 0.0, 0.0, 0.0, 0.0, 0.0, 0.0, 0.0, 0.0, 0.0, 0.0, 0.0, 0.0, 0.0, 0.0, 0.0, 0.0, 0.0, 0.0, 0.0, 0.0, 0.0, 0.0, 0.0, 0.0, 0.0, 0.0, 0.0, 0.0, 0.0, 0.0, 0.0, 0.0, 0.0, 0.0, 0.0, 0.0, 0.0, 0.0, 0.0, 0.019999999552965164, 0.0, 0.0, 0.10000000149011612, 0.0, 0.800000011920929, 0.0, 0.0, 0.07999999821186066, 0.0, 0.0, 0.0, 0.0, 0.0, 0.0, 0.0, 0.0, 0.0, 0.0, 0.0, 0.0, 0.0, 0.0, 0.0, 0.0, 0.0, 0.0, 0.0, 0.0, 0.0, 0.0, 0.0, 0.0, 0.0, 0.0, 0.0, 0.0, 0.0, 0.0, 0.0, 0.0, 0.0, 0.0, 0.0, 0.0, 0.0, 0.0, 0.0, 0.0, 0.0, 0.0, 0.0, 0.0, 0.0, 0.0, 0.0, 0.0, 0.0, 0.0, 0.0, 0.0, 0.0, 0.0, 0.0, 0.0, 0.0, 0.0, 0.0, 0.0, 0.0, 0.0, 0.0, 0.0, 0.0, 0.0, 0.0, 0.0, 0.0, 0.0, 0.0, 0.0, 0.0, 0.0, 0.0, 0.0, 0.0, 0.0, 0.0, 0.0, 0.0, 0.0, 0.0, 0.0, 0.0, 0.0, 0.0, 0.0, 0.0, 0.0, 0.0, 0.0, 0.0, 0.0, 0.0, 0.0, 0.0, 0.0, 0.0, 0.0, 0.0, 0.0, 0.0, 0.0, 0.0, 0.0, 0.0, 0.0, 0.0, 0.0, 0.0, 0.0, 0.0, 0.0, 0.0, 0.0, 0.0, 0.0, 0.0, 0.0, 0.0, 0.0, 0.0, 0.0, 0.0, 0.0, 0.0, 0.0, 0.0], "tonal.chords_histogram": [2.9824562072753906, 0.0, 12.631579399108887, 0.0, 0.0, 0.0, 7.719298362731934, 37.543861389160156, 0.0, 32.28070068359375, 0.0, 6.842105388641357, 0.0, 0.0, 0.0, 0.0, 0.0, 0.0, 0.0, 0.0, 0.0, 0.0, 0.0, 0.0], "tonal.thpcp": [1.0, 0.5993133187294006, 0.08002129942178726, 0.03769657760858536, 0.03999611362814903, 0.12083625793457031, 0.21317608654499054, 0.15563401579856873, 0.05686025694012642, 0.04243398457765579, 0.059082452207803726, 0.12091659754514694, 0.18235155940055847, 0.1311010867357254, 0.149643212556839, 0.45467010140419006, 0.36628374457359314, 0.04384443908929825, 0.037084851413965225, 0.04307343065738678, 0.28583887219429016, 0.58205646276474, 0.35102522373199463, 0.050434403121471405, 0.032865963876247406, 0.03482432663440704, 0.09475232660770416, 0.18625415861606598, 0.13725312054157257, 0.049859799444675446, 0.03890744224190712, 0.025928964838385582, 0.04562497138977051, 0.09353373199701309, 0.0995701476931572, 0.4979257583618164], "lowlevel.gfcc.cov": [[2620.25439453125, -396.41217041015625, -214.78358459472656, 11.246940612792969, 68.09429931640625, -61.90718460083008, 152.82919311523438, 225.88967895507812, -109.19214630126953, 149.42138671875, 45.1347541809082, 178.12281799316406, -60.01335144042969], [-396.41217041015625, 906.6605834960938, -283.5797119140625, -191.01634216308594, 50.539798736572266, -91.69529724121094, 66.74832153320312, -85.20170593261719, -39.285343170166016, -49.0030403137207, 142.78921508789062, -199.030029296875, 161.3226318359375], [-214.78358459472656, -283.5797119140625, 649.720947265625, 127.26206970214844, -50.00273513793945, 144.47923278808594, -149.4556884765625, -35.25417709350586, 102.9758529663086, -35.15278244018555, -90.97737884521484, 138.5253143310547, -119.1305160522461], [11.246940612792969, -191.01634216308594, 127.26206970214844, 426.51531982421875, 31.971927642822266, -34.2305793762207, -90.04167938232422, 44.796119689941406, 127.72782897949219, -62.01909255981445, -62.07844924926758, 44.55557632446289, -39.20061492919922], [68.09429931640625, 50.539798736572266, -50.00273513793945, 31.971927642822266, 233.15419006347656, 19.99101448059082, 26.00113868713379, 44.97560501098633, 9.762370109558105, 30.896608352661133, -12.958868980407715, 26.74725341796875, 5.8102006912231445], [-61.90718460083008, -91.69529724121094, 144.47923278808594, -34.2305793762207, 19.99101448059082, 336.9985046386719, 92.04486846923828, -73.3692855834961, -10.020108222961426, 17.93490982055664, -4.846395492553711, -5.009021759033203, -42.8923225402832], [152.82919311523438, 66.74832153320312, -149.4556884765625, -90.04167938232422, 26.00113868713379, 92.04486846923828, 267.9897766113281, 40.79140853881836, -81.22264099121094, 59.53407287597656, 46.80403518676758, -8.117009162902832, 19.052528381347656], [225.88967895507812, -85.20170593261719, -35.25417709350586, 44.796119689941406, 44.97560501098633, -73.3692855834961, 40.79140853881836, 173.4341278076172, 35.02452087402344, 16.116849899291992, -3.978715181350708, 44.96427917480469, 12.072876930236816], [-109.19214630126953, -39.285343170166016, 102.9758529663086, 127.72782897949219, 9.762370109558105, -10.020108222961426, -81.22264099121094, 35.02452087402344, 157.68548583984375, -0.33569473028182983, -36.039493560791016, 15.947381019592285, -13.243561744689941], [149.42138671875, -49.0030403137207, -35.15278244018555, -62.01909255981445, 30.896608352661133, 17.93490982055664, 59.53407287597656, 16.116849899291992, -0.33569473028182983, 133.9519500732422, 41.19741439819336, 18.917739868164062, -11.865296363830566], [45.1347541809082, 142.78921508789062, -90.97737884521484, -62.07844924926758, -12.958868980407715, -4.846395492553711, 46.80403518676758, -3.978715181350708, -36.039493560791016, 41.19741439819336, 142.349609375, -13.485136985778809, 33.01052474975586], [178.12281799316406, -199.030029296875, 138.5253143310547, 44.55557632446289, 26.74725341796875, -5.009021759033203, -8.117009162902832, 44.96427917480469, 15.947381019592285, 18.917739868164062, -13.485136985778809, 165.05535888671875, -39.83725357055664], [-60.01335144042969, 161.3226318359375, -119.1305160522461, -39.20061492919922, 5.8102006912231445, -42.8923225402832, 19.052528381347656, 12.072876930236816, -13.243561744689941, -11.865296363830566, 33.01052474975586, -39.83725357055664, 107.8458480834961]], "lowlevel.gfcc.icov": [[0.0005659022717736661, -7.384150376310572e-05, 0.00040661313687451184, -0.0002479669055901468, 0.00025176111375913024, -0.0003138075990136713, 0.0003613061271607876, -0.0008616397390142083, 0.0007839670870453119, -0.0006515059503726661, 0.00014389997522812337, -0.0006610415875911713, 0.00041501314262859523], [-7.384150376310572e-05, 0.004291279707103968, -0.0011628606589511037, 0.002066843444481492, -0.003072059014812112, 0.0030699458438903093, -0.00324764265678823, 0.003693965030834079, -0.003588624531403184, 0.004090408328920603, -0.004222011659294367, 0.003985058516263962, -0.0026731202378869057], [0.00040661313687451184, -0.0011628606589511037, 0.004254914820194244, -0.000749044818803668, 0.0020423128735274076, -0.0030965590849518776, 0.0030500886496156454, -0.001639250898733735, 0.0005056633963249624, -0.0011030525201931596, 0.001933008199557662, -0.004200751427561045, 0.002494037849828601], [-0.0002479669055901468, 0.002066843444481492, -0.000749044818803668, 0.004813455045223236, -0.002199823036789894, 0.002023988636210561, -0.0019748511258512735, 0.0019526972901076078, -0.004903973545879126, 0.004337619990110397, -0.0021138961892575026, 0.001652710372582078, -0.00012115525169065222], [0.00025176111375913024, -0.003072059014812112, 0.0020423128735274076, -0.002199823036789894, 0.007556883618235588, -0.003645465010777116, 0.003254530718550086, -0.004237757530063391, 0.003261066507548094, -0.004648790694773197, 0.004197161644697189, -0.004250199068337679, 0.0012686303816735744], [-0.0003138075990136713, 0.0030699458438903093, -0.0030965590849518776, 0.002023988636210561, -0.003645465010777116, 0.008047657087445259, -0.006231845822185278, 0.005911374464631081, -0.0041604358702898026, 0.003730971831828356, -0.003391658654436469, 0.004459692630916834, -0.0010303255403414369], [0.0003613061271607876, -0.00324764265678823, 0.0030500886496156454, -0.0019748511258512735, 0.003254530718550086, -0.006231845822185278, 0.010785096324980259, -0.006779978983104229, 0.006781457923352718, -0.005869235377758741, 0.003238736419007182, -0.00399648305028677, 0.0016297013498842716], [-0.0008616397390142083, 0.003693965030834079, -0.001639250898733735, 0.0019526972901076078, -0.004237757530063391, 0.005911374464631081, -0.006779978983104229, 0.013720774091780186, -0.0073678274638950825, 0.004783925600349903, -0.0034607441630214453, 0.002084523206576705, -0.0034141093492507935], [0.0007839670870453119, -0.003588624531403184, 0.0005056633963249624, -0.004903973545879126, 0.003261066507548094, -0.0041604358702898026, 0.006781457923352718, -0.0073678274638950825, 0.01576642133295536, -0.007694689556956291, 0.00500161899253726, -0.002584036672487855, 0.000980858807452023], [-0.0006515059503726661, 0.004090408328920603, -0.0011030525201931596, 0.004337619990110397, -0.004648790694773197, 0.003730971831828356, -0.005869235377758741, 0.004783925600349903, -0.007694689556956291, 0.015807893127202988, -0.00723394937813282, 0.003066927194595337, 0.0002540556888561696], [0.00014389997522812337, -0.004222011659294367, 0.001933008199557662, -0.0021138961892575026, 0.004197161644697189, -0.003391658654436469, 0.003238736419007182, -0.0034607441630214453, 0.00500161899253726, -0.00723394937813282, 0.0135647002607584, -0.004525600001215935, -2.6917866762232734e-06], [-0.0006610415875911713, 0.003985058516263962, -0.004200751427561045, 0.001652710372582078, -0.004250199068337679, 0.004459692630916834, -0.00399648305028677, 0.002084523206576705, -0.002584036672487855, 0.003066927194595337, -0.004525600001215935, 0.013919939287006855, -0.0013459129258990288], [0.00041501314262859523, -0.0026731202378869057, 0.002494037849828601, -0.00012115525169065222, 0.0012686303816735744, -0.0010303255403414369, 0.0016297013498842716, -0.0034141093492507935, 0.000980858807452023, 0.0002540556888561696, -2.6917866762232734e-06, -0.0013459129258990288, 0.015481242910027504]], "lowlevel.mfcc.cov": [[2278.761962890625, -347.3014831542969, -333.2226867675781, 172.0693817138672, -114.28302764892578, -151.0743865966797, 152.951416015625, 72.50300598144531, 22.51338005065918, 33.36537551879883, -2.6208887100219727, 108.84599304199219, 172.86444091796875], [-347.3014831542969, 855.5639038085938, -262.398681640625, -149.91363525390625, -57.974632263183594, -85.05543518066406, 167.9045867919922, -163.72409057617188, -16.23002052307129, 14.065933227539062, -56.19599533081055, -31.74912452697754, 25.998802185058594], [-333.2226867675781, -262.398681640625, 616.8681640625, -62.50491714477539, 88.8976058959961, 156.0011749267578, -182.0612030029297, 103.31459045410156, -49.3762321472168, -31.51451301574707, 60.71049118041992, -8.138669967651367, -64.70172882080078], [172.0693817138672, -149.91363525390625, -62.50491714477539, 355.388427734375, 74.47352600097656, -114.63960266113281, -96.22899627685547, 60.09394836425781, 49.88532638549805, -39.52635192871094, 4.566653728485107, 61.53908920288086, 4.039625644683838], [-114.28302764892578, -57.974632263183594, 88.8976058959961, 74.47352600097656, 268.2786560058594, 14.701105117797852, -123.37628936767578, 41.39213180541992, 23.913410186767578, -14.651310920715332, 6.083930492401123, 11.367514610290527, -44.43449401855469], [-151.0743865966797, -85.05543518066406, 156.0011749267578, -114.63960266113281, 14.701105117797852, 325.7254638671875, 31.64849853515625, 48.36546325683594, -5.93964958190918, 26.23779296875, 68.07645416259766, -39.537261962890625, -19.976606369018555], [152.951416015625, 167.9045867919922, -182.0612030029297, -96.22899627685547, -123.37628936767578, 31.64849853515625, 301.52264404296875, -22.657201766967773, -7.936309814453125, 49.08948516845703, -3.8232550621032715, 2.6151797771453857, 63.155452728271484], [72.50300598144531, -163.72409057617188, 103.31459045410156, 60.09394836425781, 41.39213180541992, 48.36546325683594, -22.657201766967773, 180.9464111328125, 43.87209701538086, -24.323707580566406, 31.33258056640625, 16.993757247924805, 2.1716318130493164], [22.51338005065918, -16.23002052307129, -49.3762321472168, 49.88532638549805, 23.913410186767578, -5.93964958190918, -7.936309814453125, 43.87209701538086, 123.94551849365234, 29.616212844848633, 9.163302421569824, -7.782806873321533, -9.341333389282227], [33.36537551879883, 14.065933227539062, -31.51451301574707, -39.52635192871094, -14.651310920715332, 26.23779296875, 49.08948516845703, -24.323707580566406, 29.616212844848633, 121.4019546508789, 23.77513885498047, -20.250568389892578, -7.085671424865723], [-2.6208887100219727, -56.19599533081055, 60.71049118041992, 4.566653728485107, 6.083930492401123, 68.07645416259766, -3.8232550621032715, 31.33258056640625, 9.163302421569824, 23.77513885498047, 111.01686096191406, 22.465726852416992, -7.0954084396362305], [108.84599304199219, -31.74912452697754, -8.138669967651367, 61.53908920288086, 11.367514610290527, -39.537261962890625, 2.6151797771453857, 16.993757247924805, -7.782806873321533, -20.250568389892578, 22.465726852416992, 122.54463958740234, 37.9342155456543], [172.86444091796875, 25.998802185058594, -64.70172882080078, 4.039625644683838, -44.43449401855469, -19.976606369018555, 63.155452728271484, 2.1716318130493164, -9.341333389282227, -7.085671424865723, -7.0954084396362305, 37.9342155456543, 109.73969268798828]], "lowlevel.mfcc.icov": [[0.0006604290683753788, 0.00041346781654283404, 0.0003775303775910288, -4.3387728510424495e-05, 6.133729766588658e-05, 0.00024489552015438676, -0.0001747619971865788, -0.0002450469182804227, 0.00018407584866508842, -0.00026761897606775165, -4.661895945901051e-05, -0.00012911927478853613, -0.0006992430426180363], [0.00041346781654283404, 0.002068783389404416, 0.0005808520363643765, 0.000700709002558142, -0.00042596852290444076, 0.0006236398476175964, -0.0009608974796719849, 0.0011300054611638188, -0.0003503936459310353, 0.0005792452720925212, -0.00016204080020543188, 0.00019409465312492102, -0.00042306611430831254], [0.0003775303775910288, 0.0005808520363643765, 0.0034245161805301905, 0.0010476078605279326, -7.632198685314506e-05, -0.0006962037878111005, 0.0018115633865818381, -0.0018370180623605847, 0.001805551117286086, -0.0002748573897406459, -0.0005878631491214037, -0.00040800980059430003, 0.0003233320021536201], [-4.3387728510424495e-05, 0.000700709002558142, 0.0010476078605279326, 0.0048635187558829784, -0.0007519127102568746, 0.0013422692427411675, 0.001104720402508974, -0.0009728524601086974, -0.0010685425950214267, 0.0009484543115831912, -0.0007312733796425164, -0.001330212107859552, 4.715906470664777e-05], [6.133729766588658e-05, -0.00042596852290444076, -7.632198685314506e-05, -0.0007519127102568746, 0.005179523956030607, -0.0007783648325130343, 0.0019035019213333726, -0.0009248058777302504, -0.00027574104024097323, -0.0005978334811516106, 0.0008277622982859612, -0.0010857461020350456, 0.0012321117101237178], [0.00024489552015438676, 0.0006236398476175964, -0.0006962037878111005, 0.0013422692427411675, -0.0007783648325130343, 0.005161793902516365, -0.0013755520340055227, -0.0006174440495669842, -9.304010291089071e-07, 0.00014259210729505867, -0.0027443096041679382, 0.0017025849083438516, -0.00032193155493587255], [-0.0001747619971865788, -0.0009608974796719849, 0.0018115633865818381, 0.001104720402508974, 0.0019035019213333726, -0.0013755520340055227, 0.006917450111359358, -0.001996057340875268, 0.0012412586947903037, -0.002327613765373826, 0.0004963682731613517, -0.0009260857477784157, -0.001583221135661006], [-0.0002450469182804227, 0.0011300054611638188, -0.0018370180623605847, -0.0009728524601086974, -0.0009248058777302504, -0.0006174440495669842, -0.001996057340875268, 0.009834382683038712, -0.004334303084760904, 0.0032194952946156263, -0.0012157211313024163, 0.0001557774085085839, -0.0007552496390417218], [0.00018407584866508842, -0.0003503936459310353, 0.001805551117286086, -0.0010685425950214267, -0.00027574104024097323, -9.304010291089071e-07, 0.0012412586947903037, -0.004334303084760904, 0.011865624226629734, -0.003973550628870726, -0.00011689084931276739, 0.0009418910485692322, 0.0005768549744971097], [-0.00026761897606775165, 0.0005792452720925212, -0.0002748573897406459, 0.0009484543115831912, -0.0005978334811516106, 0.00014259210729505867, -0.002327613765373826, 0.0032194952946156263, -0.003973550628870726, 0.011867345310747623, -0.003137321909889579, 0.0016315859975293279, 0.0008082520216703415], [-4.661895945901051e-05, -0.00016204080020543188, -0.0005878631491214037, -0.0007312733796425164, 0.0008277622982859612, -0.0027443096041679382, 0.0004963682731613517, -0.0012157211313024163, -0.00011689084931276739, -0.003137321909889579, 0.012794087640941143, -0.003742493921890855, 0.0012745322892442346], [-0.00012911927478853613, 0.00019409465312492102, -0.00040800980059430003, -0.001330212107859552, -0.0010857461020350456, 0.0017025849083438516, -0.0009260857477784157, 0.0001557774085085839, 0.0009418910485692322, 0.0016315859975293279, -0.003742493921890855, 0.011796345934271812, -0.003768147435039282], [-0.0006992430426180363, -0.00042306611430831254, 0.0003233320021536201, 4.715906470664777e-05, 0.0012321117101237178, -0.00032193155493587255, -0.001583221135661006, -0.0007552496390417218, 0.0005768549744971097, 0.0008082520216703415, 0.0012745322892442346, -0.003768147435039282, 0.013355696573853493]], "metadata.audio_properties.analysis.downmix": "mix", "metadata.audio_properties.codec": "mp3", "metadata.audio_properties.md5_encoded": "a218e8a34f8c05666e24e0bb3a2cdbe0", "metadata.tags.file_name": "1182276365018464287.mp3", "metadata.version.essentia": "2.1-beta6-dev", "metadata.version.essentia_git_sha": "v2.1_beta5-1110-g77a6a954", "metadata.version.extractor": "music 2.0", "tonal.chords_key": "Bb", "tonal.chords_scale": "major", "tonal.key_edma.key": "Bb", "tonal.key_edma.scale": "minor", "tonal.key_krumhansl.key": "Bb", "tonal.key_krumhansl.scale": "minor", "tonal.key_temperley.key": "Bb", "tonal.key_temperley.scale": "minor", "metadata.tags.encoding": ["Lavf58.45.100"]}, "essentia_models": [{"model_name": "genre_dortmund", "activations": {"alternative": "0.030752514", "blues": "0.010882154", "electronic": "0.007178253", "folkcountry": "0.44787124", "funksoulrnb": "0.005549746", "jazz": "0.012246395", "pop": "0.37953633", "raphiphop": "0.005597583", "rock": "0.16894482"}}, {"model_name": "genre_rosamerica", "activations": {"classic": "0.0008479717", "dance": "0.00093690865", "hip hop": "0.0011251703", "ja