{"song_id": "1182268471627759636", "download": "https://cdn.discordapp.com/attachments/1135911532732108921/1182268471627759636/chirp.mp4?ex=65841451&amp", "lyrics": "(Verse 1)\nDhol beats pumpin', fire in my rhymes\nSpittin' truth, breaking down the lines\nEast meets West, cultures combine\nHip hop with tabla, a brand new line\n\n\n(Chorus)\nFrom streets to stages, flow like the Ganges\nRoots in India, rhymes rearrange\nDesi soul, hip hop slang\nBreaking the mold, redefining the game", "style": ["Hip Hop Rap with Indian Beats </span><span>(Bhangra</span><span>)"], "essentia_features": {"lowlevel.average_loudness": 0.9698789715766907, "lowlevel.barkbands_crest.mean": 15.973877906799316, "lowlevel.barkbands_crest.stdev": 6.681494235992432, "lowlevel.barkbands_flatness_db.mean": 0.21467772126197815, "lowlevel.barkbands_flatness_db.stdev": 0.09519211202859879, "lowlevel.barkbands_kurtosis.mean": 42.42378234863281, "lowlevel.barkbands_kurtosis.stdev": 97.65209197998047, "lowlevel.barkbands_skewness.mean": 3.8217647075653076, "lowlevel.barkbands_skewness.stdev": 4.359570026397705, "lowlevel.barkbands_spread.mean": 21.716175079345703, "lowlevel.barkbands_spread.stdev": 22.107566833496094, "lowlevel.dissonance.mean": 0.4759557843208313, "lowlevel.dissonance.stdev": 0.025408081710338593, "lowlevel.dynamic_complexity": 2.6864659786224365, "lowlevel.erbbands_crest.mean": 10.220196723937988, "lowlevel.erbbands_crest.stdev": 4.620528697967529, "lowlevel.erbbands_flatness_db.mean": 0.1541360467672348, "lowlevel.erbbands_flatness_db.stdev": 0.04897750914096832, "lowlevel.erbbands_kurtosis.mean": 2.1473779678344727, "lowlevel.erbbands_kurtosis.stdev": 5.602668285369873, "lowlevel.erbbands_skewness.mean": 0.24209001660346985, "lowlevel.erbbands_skewness.stdev": 1.3743789196014404, "lowlevel.erbbands_spread.mean": 50.770225524902344, "lowlevel.erbbands_spread.stdev": 33.52749252319336, "lowlevel.hfc.mean": 21.012542724609375, "lowlevel.hfc.stdev": 17.773651123046875, "lowlevel.loudness_ebu128.integrated": -12.78027629852295, "lowlevel.loudness_ebu128.loudness_range": 1.2923364639282227, "lowlevel.loudness_ebu128.momentary.mean": -13.304038047790527, "lowlevel.loudness_ebu128.momentary.stdev": 2.382103204727173, "lowlevel.loudness_ebu128.short_term.mean": -12.76711654663086, "lowlevel.loudness_ebu128.short_term.stdev": 0.4716479182243347, "lowlevel.melbands_crest.mean": 20.39116859436035, "lowlevel.melbands_crest.stdev": 7.224918842315674, "lowlevel.melbands_flatness_db.mean": 0.2784593403339386, "lowlevel.melbands_flatness_db.stdev": 0.12049098312854767, "lowlevel.melbands_kurtosis.mean": 93.51879119873047, "lowlevel.melbands_kurtosis.stdev": 163.8927764892578, "lowlevel.melbands_skewness.mean": 5.814205169677734, "lowlevel.melbands_skewness.stdev": 5.066578388214111, "lowlevel.melbands_spread.mean": 21.436710357666016, "lowlevel.melbands_spread.stdev": 32.04777526855469, "lowlevel.pitch_salience.mean": 0.4002266228199005, "lowlevel.pitch_salience.stdev": 0.21493783593177795, "lowlevel.silence_rate_20dB.mean": 1.0, "lowlevel.silence_rate_20dB.stdev": 0.0, "lowlevel.silence_rate_30dB.mean": 0.7234252095222473, "lowlevel.silence_rate_30dB.stdev": 0.44730401039123535, "lowlevel.silence_rate_60dB.mean": 0.05511811003088951, "lowlevel.silence_rate_60dB.stdev": 0.22821016609668732, "lowlevel.spectral_centroid.mean": 1484.508544921875, "lowlevel.spectral_centroid.stdev": 1021.4962158203125, "lowlevel.spectral_complexity.mean": 14.188976287841797, "lowlevel.spectral_complexity.stdev": 9.898384094238281, "lowlevel.spectral_decrease.mean": -1.7309050193148323e-08, "lowlevel.spectral_decrease.stdev": 1.8854050765071406e-08, "lowlevel.spectral_energy.mean": 0.06723425537347794, "lowlevel.spectral_energy.stdev": 0.07150062173604965, "lowlevel.spectral_energyband_high.mean": 0.0012711727758869529, "lowlevel.spectral_energyband_high.stdev": 0.0022427577059715986, "lowlevel.spectral_energyband_low.mean": 0.05644465610384941, "lowlevel.spectral_energyband_low.stdev": 0.07176834344863892, "lowlevel.spectral_energyband_middle_high.mean": 0.0031082849018275738, "lowlevel.spectral_energyband_middle_high.stdev": 0.0035528643056750298, "lowlevel.spectral_energyband_middle_low.mean": 0.008157157339155674, "lowlevel.spectral_energyband_middle_low.stdev": 0.016093594953417778, "lowlevel.spectral_entropy.mean": 7.60040283203125, "lowlevel.spectral_entropy.stdev": 0.5511457324028015, "lowlevel.spectral_flux.mean": 0.11748212575912476, "lowlevel.spectral_flux.stdev": 0.09860208630561829, "lowlevel.spectral_kurtosis.mean": 4.366357803344727, "lowlevel.spectral_kurtosis.stdev": 3.9470226764678955, "lowlevel.spectral_rms.mean": 0.006933552213013172, "lowlevel.spectral_rms.stdev": 0.00418571662157774, "lowlevel.spectral_rolloff.mean": 1377.59326171875, "lowlevel.spectral_rolloff.stdev": 2058.014404296875, "lowlevel.spectral_skewness.mean": 1.5239548683166504, "lowlevel.spectral_skewness.stdev": 0.6187974214553833, "lowlevel.spectral_spread.mean": 5175735.5, "lowlevel.spectral_spread.stdev": 1891417.0, "lowlevel.spectral_strongpeak.mean": 0.7187098264694214, "lowlevel.spectral_strongpeak.stdev": 0.6524575352668762, "lowlevel.zerocrossingrate.mean": 0.05603555962443352, "lowlevel.zerocrossingrate.stdev": 0.05246059596538544, "metadata.audio_properties.analysis.equal_loudness": 0.0, "metadata.audio_properties.analysis.length": 23.550952911376953, "metadata.audio_properties.analysis.sample_rate": 44100.0, "metadata.audio_properties.analysis.start_time": 0.0, "metadata.audio_properties.bit_rate": 117290.0, "metadata.audio_properties.length": 23.552000045776367, "metadata.audio_properties.lossless": 0.0, "metadata.audio_properties.number_channels": 1.0, "metadata.audio_properties.replay_gain": -12.099554061889648, "metadata.audio_properties.sample_rate": 48000.0, "rhythm.beats_count": 32.0, "rhythm.beats_loudness.mean": 0.18096914887428284, "rhythm.beats_loudness.stdev": 0.06299122422933578, "rhythm.bpm": 83.3602523803711, "rhythm.bpm_histogram_first_peak_bpm": 83.0, "rhythm.bpm_histogram_first_peak_weight": 0.13793104887008667, "rhythm.bpm_histogram_second_peak_bpm": 77.0, "rhythm.bpm_histogram_second_peak_spread": 0.0, "rhythm.bpm_histogram_second_peak_weight": 0.06451612710952759, "rhythm.danceability": 1.549500823020935, "rhythm.onset_rate": 4.794585227966309, "tonal.chords_changes_rate": 0.12377209961414337, "tonal.chords_number_rate": 0.01964636519551277, "tonal.chords_strength.mean": 0.4707346260547638, "tonal.chords_strength.stdev": 0.08545609563589096, "tonal.hpcp_crest.mean": 11.212872505187988, "tonal.hpcp_crest.stdev": 5.777554512023926, "tonal.hpcp_entropy.mean": 2.4807333946228027, "tonal.hpcp_entropy.stdev": 0.7989787459373474, "tonal.key_edma.strength": 0.5974345803260803, "tonal.key_krumhansl.strength": 0.5905443429946899, "tonal.key_temperley.strength": 0.5764747858047485, "tonal.tuning_diatonic_strength": 0.45519232749938965, "tonal.tuning_equal_tempered_deviation": 0.22863593697547913, "tonal.tuning_frequency": 447.43255615234375, "tonal.tuning_nontempered_energy_ratio": 0.8601422905921936, "lowlevel.barkbands.mean": [0.00029784379876218736, 0.04291621223092079, 0.011536904610693455, 0.0028017840813845396, 0.0026553673669695854, 0.0008083473658189178, 0.0010081828804686666, 0.00042029665200971067, 0.00036935260868631303, 0.00030564001644961536, 0.0004432837013155222, 0.0005791925359517336, 0.00023106376465875655, 0.00018271052977070212, 0.00018864270532503724, 0.0003276145725976676, 0.00024467211915180087, 0.00022179418010637164, 0.0002621703897602856, 0.0003621706855483353, 0.00021493934036698192, 0.00013956551265437156, 0.00034886255161836743, 0.00021586495859082788, 9.832996875047684e-05, 5.342543590813875e-05, 4.8635858007628485e-08], "lowlevel.barkbands.stdev": [0.0004344447806943208, 0.05747606232762337, 0.030996641144156456, 0.009321843273937702, 0.006574613507837057, 0.001842984464019537, 0.002812548540532589, 0.001332774176262319, 0.001099707093089819, 0.0008072531200014055, 0.0011243985500186682, 0.0014293999411165714, 0.0005349407438188791, 0.0003805333108175546, 0.0003921515599358827, 0.0007265523308888078, 0.0004198411770630628, 0.00038598771789111197, 0.0004519405192695558, 0.0006738078081980348, 0.0005257110460661352, 0.0003937612345907837, 0.0008323717047460377, 0.0003951950930058956, 0.00019807281205430627, 8.621555025456473e-05, 3.182435364124103e-07], "lowlevel.erbbands.mean": [1.11125910282135, 10.027602195739746, 15.424262046813965, 11.16129207611084, 8.469319343566895, 8.962096214294434, 7.927082538604736, 6.658529758453369, 11.846149444580078, 15.379186630249023, 9.028249740600586, 7.9877448081970215, 9.460270881652832, 11.156257629394531, 23.855785369873047, 20.596521377563477, 10.863383293151855, 10.38175106048584, 9.253047943115234, 12.257488250732422, 18.7839412689209, 14.547904014587402, 11.747122764587402, 13.464423179626465, 13.53445053100586, 16.93941307067871, 12.399426460266113, 6.381237983703613, 5.523736000061035, 4.792948246002197, 10.71145248413086, 7.703686237335205, 2.234806537628174, 1.1488771438598633, 0.6393425464630127, 0.35755687952041626, 0.07693063467741013, 0.004012559074908495, 0.0001282367593375966, 8.295929001178592e-05], "lowlevel.erbbands.stdev": [1.5961018800735474, 13.718019485473633, 36.46883010864258, 28.486557006835938, 26.79054832458496, 21.01715087890625, 16.94165802001953, 15.74807357788086, 38.63664245605469, 39.84164047241211, 32.07623291015625, 22.858585357666016, 22.842729568481445, 30.224578857421875, 58.91437530517578, 49.09043884277344, 22.394569396972656, 21.12400245666504, 17.96026039123535, 26.501405715942383, 39.92121887207031, 24.59368133544922, 21.108449935913086, 22.427255630493164, 22.185441970825195, 31.827877044677734, 27.572742462158203, 16.0961971282959, 15.865267753601074, 11.81814193725586, 26.033002853393555, 15.105573654174805, 4.716639995574951, 2.9370105266571045, 1.0628999471664429, 0.5727779269218445, 0.1309467852115631, 0.007258480414748192, 0.00015836101374588907, 7.640320836799219e-05], "lowlevel.gfcc.mean": [-20.800859451293945, 74.77886199951172, -92.43893432617188, 56.25857925415039, -41.956424713134766, 32.125694274902344, -33.793479919433594, 20.98805809020996, -23.401796340942383, 4.695216178894043, -5.765758991241455, 0.5331134796142578, -9.072957992553711], "lowlevel.melbands.mean": [0.011349319480359554, 0.009628966450691223, 0.0018760986858978868, 0.0005906499573029578, 0.0003147548413835466, 0.00015275647456292063, 0.00018783152336254716, 0.00014998609549365938, 6.93537513143383e-05, 5.0060432840837166e-05, 4.716331386589445e-05, 4.257830005371943e-05, 6.969851528992876e-05, 7.325872138608247e-05, 3.29689537466038e-05, 2.266945011797361e-05, 1.8469483620719984e-05, 1.4590822502213996e-05, 1.444732606614707e-05, 1.933933344844263e-05, 2.208361547673121e-05, 1.5875271856202744e-05, 1.0656948688847478e-05, 1.0367403774580453e-05, 1.1000059203070123e-05, 9.585146472090855e-06, 1.0748523891379591e-05, 1.1449622434156481e-05, 8.910568794817664e-06, 5.010083441447932e-06, 3.1747886168886907e-06, 3.225341970392037e-06, 2.461364147166023e-06, 2.7610051347437548e-06, 5.3366361498774495e-06, 7.734400242043193e-06, 3.743640945685911e-06, 1.6938330418270198e-06, 9.098392865780625e-07, 9.872364898910746e-07], "lowlevel.melbands.stdev": [0.015453887172043324, 0.016176046803593636, 0.004615891259163618, 0.001614668290130794, 0.000643235573079437, 0.00036036636447533965, 0.0005720563931390643, 0.00038140895776450634, 0.00026334889116697013, 0.00013913946168031543, 0.000115651469968725, 0.0001202595594804734, 0.00016936201427597553, 0.00018427263421472162, 7.414873834932223e-05, 5.1908489695051685e-05, 3.8937596400501207e-05, 3.003795791300945e-05, 3.2203810405917466e-05, 4.516181434155442e-05, 4.878348045167513e-05, 2.8484759241109714e-05, 1.9803539544227533e-05, 1.8080278096022084e-05, 1.95917091332376e-05, 1.680715286056511e-05, 1.967413118109107e-05, 2.2350592189468443e-05, 1.9944303858210333e-05, 1.3112056876707356e-05, 8.449169399682432e-06, 9.743771443027072e-06, 6.862654117867351e-06, 6.9396605795191135e-06, 1.338018319074763e-05, 1.8383167116553523e-05, 6.813707841502037e-06, 3.6171870760881575e-06, 2.497778723409283e-06, 2.5640122203185456e-06], "lowlevel.melbands128.mean": [0.0002567056508269161, 0.006851960439234972, 0.01837422326207161, 0.015789423137903214, 0.009523998945951462, 0.004944197367876768, 0.0022697998210787773, 0.001207861234433949, 0.0008237938163802028, 0.0005042977863922715, 0.0005103869480080903, 0.0004318067221902311, 0.000274924241239205, 0.00015505235933233052, 0.00012558589514810592, 0.00016526674153283238, 0.00018537681899033487, 0.00018698809435591102, 0.00018530324450694025, 0.00021981415920890868, 9.066906932275742e-05, 6.906748603796586e-05, 7.399604510283098e-05, 6.316715735010803e-05, 4.3862270104000345e-05, 5.001137105864473e-05, 4.934904063702561e-05, 4.6734738134546205e-05, 4.642119165509939e-05, 3.977485903305933e-05, 4.2037343519041315e-05, 4.599952444550581e-05, 6.229966675164178e-05, 9.959030285244808e-05, 8.355435420526192e-05, 7.072751031955704e-05, 4.621524931280874e-05, 3.4539567423053086e-05, 2.1510320948436856e-05, 1.9234101273468696e-05, 2.5067425667657517e-05, 2.4928302082116716e-05, 1.7118456526077352e-05, 1.7142963770311326e-05, 1.450463696528459e-05, 1.4399565770872869e-05, 1.4116410056885798e-05, 1.289501778956037e-05, 1.538397918920964e-05, 1.6872556443559006e-05, 1.7465767086832784e-05, 2.5017105144797824e-05, 2.5400158847332932e-05, 1.9815674022538587e-05, 1.6470909031340852e-05, 1.8534219634602778e-05, 1.2188479558972176e-05, 9.752043297339696e-06, 1.12085781438509e-05, 9.990188118536025e-06, 1.0284536074323114e-05, 1.0629947610141244e-05, 1.058178077073535e-05, 1.20418280857848e-05, 9.946224054147024e-06, 9.75430702965241e-06, 8.941826308728196e-06, 9.080275049200282e-06, 1.1947855455218814e-05, 1.2155776857980527e-05, 1.0664175533747766e-05, 1.2099538253096398e-05, 1.0751480658655055e-05, 8.728176908334717e-06, 6.09367134529748e-06, 5.473734745464753e-06, 4.429297860042425e-06, 3.382409204277792e-06, 3.0006156066519907e-06, 2.7984526695945533e-06, 3.3573005566722713e-06, 3.363894393260125e-06, 3.11865437652159e-06, 2.381515741944895e-06, 1.8358348370384192e-06, 2.2565843664779095e-06, 3.014785534105613e-06, 3.9070500861271285e-06, 4.0281388464791235e-06, 7.378579994110623e-06, 9.951697393262293e-06, 7.778399776725564e-06, 4.520942638919223e-06, 3.6615581393562024e-06, 3.386021717233234e-06, 2.06039931072155e-06, 1.3709553741136915e-06, 9.793041044758866e-07, 8.293371820400353e-07, 9.485368082096102e-07, 9.432835668121697e-07, 1.153385483121383e-06, 7.806738722138107e-07, 6.802836196584394e-07, 4.5407244897432975e-07, 8.56611848121247e-07, 9.513873351352231e-07, 7.284198773049866e-07, 6.732400947839778e-07, 4.6487528493344143e-07, 3.7470277902684757e-07, 3.324454667108512e-07, 2.269566152790503e-07, 1.3163560197426705e-07, 7.113461464314241e-08, 1.3277905885900054e-08, 1.966244500550829e-09, 1.0815729388491402e-11, 6.4944490757445905e-12, 6.289470680376219e-12, 6.132652545509654e-12, 6.026047282697844e-12, 5.85341280653906e-12, 5.748837170194143e-12, 5.6366153064479896e-12, 5.506684084416458e-12, 5.429112454741203e-12, 5.3941317558481305e-12], "lowlevel.melbands128.stdev": [0.0004095380718354136, 0.010352366603910923, 0.02691393718123436, 0.02396392449736595, 0.0223817341029644, 0.012951095588505268, 0.006366056390106678, 0.0042730714194476604, 0.0028499148320406675, 0.0016829221276566386, 0.001206811866723001, 0.0009954824345186353, 0.0006678517092950642, 0.00045576231786981225, 0.0003523979103192687, 0.0005338505143299699, 0.000643242965452373, 0.0008559231064282358, 0.0005348232807591558, 0.0006713734474033117, 0.0002867644070647657, 0.000357594050001353, 0.00034120853524655104, 0.00032760846079327166, 0.00015279994113370776, 0.00015898197307251394, 0.00013660005060955882, 0.000130866959807463, 0.0001452566939406097, 0.00013261647836770862, 0.00015667316620238125, 0.0001494072494097054, 0.00018375016225036234, 0.00030774695915170014, 0.00024816454970277846, 0.0002302607026649639, 0.00012693388271145523, 9.652107837609947e-05, 6.378300895448774e-05, 4.99791422043927e-05, 6.736107025062665e-05, 6.980139733059332e-05, 4.1962488467106596e-05, 4.943298699799925e-05, 3.68222281394992e-05, 3.433616802794859e-05, 3.486148489173502e-05, 3.225216278224252e-05, 4.529991201707162e-05, 4.29588217230048e-05, 5.06028336531017e-05, 6.654883327428252e-05, 6.613736331928521e-05, 5.254987991065718e-05, 3.655646651168354e-05, 3.906468555214815e-05, 2.1556365027208813e-05, 1.7790422134567052e-05, 2.8753542210324667e-05, 2.3186172256828286e-05, 2.1886784452362917e-05, 1.8919747162726708e-05, 1.8697017367230728e-05, 2.626375680847559e-05, 2.1414571165223606e-05, 1.9471734049147926e-05, 1.655945561651606e-05, 1.7554757505422458e-05, 2.635380587889813e-05, 2.5431545509491116e-05, 2.408693399047479e-05, 2.7104530090582557e-05, 2.4054254026850685e-05, 2.485433651600033e-05, 1.4657603060186375e-05, 1.6331203369190916e-05, 1.3394722373050172e-05, 9.715273336041719e-06, 8.644948138680775e-06, 8.348323717655148e-06, 1.1613797141762916e-05, 1.0302481314283796e-05, 1.0396698598924559e-05, 6.938513251952827e-06, 5.093995696370257e-06, 6.524314358102856e-06, 8.398511454288382e-06, 9.902651981974486e-06, 1.1032107067876495e-05, 1.9457917005638592e-05, 2.6666331905289553e-05, 1.9434588466538116e-05, 1.005572994472459e-05, 7.398543402814539e-06, 6.5958925006270874e-06, 3.76450384464988e-06, 3.84572285838658e-06, 3.4861720905610127e-06, 2.342346760997316e-06, 2.4324272089870647e-06, 3.429847538427566e-06, 2.8656513677560724e-06, 1.7711760165184387e-06, 1.3167284578230465e-06, 9.269234624298406e-07, 1.4406394939214806e-06, 1.679502020124346e-06, 1.2999556702197879e-06, 1.1393798331482685e-06, 8.339081887243083e-07, 6.846568112450768e-07, 6.948529289729777e-07, 4.3910841895922204e-07, 2.8482432412602066e-07, 1.713910648959427e-07, 5.128306668211735e-08, 1.23133974128109e-08, 3.612780907769064e-11, 1.1952273372417554e-11, 1.1619372131121963e-11, 1.133301352068683e-11, 1.1094668586619783e-11, 1.0849136693191763e-11, 1.0658623289527824e-11, 1.050142091341133e-11, 1.0373285563858303e-11, 1.0281047714555402e-11, 1.0224230316546734e-11], "lowlevel.mfcc.mean": [-669.0551147460938, 101.74946594238281, 17.140121459960938, 33.660152435302734, 23.8007755279541, 13.05749225616455, 15.953880310058594, 13.965919494628906, -2.32265567779541, 13.926427841186523, -7.131441116333008, 11.792479515075684, 3.815631628036499], "lowlevel.spectral_contrast_coeffs.mean": [-0.7001511454582214, -0.7858296632766724, -0.8189453482627869, -0.8197378516197205, -0.805181622505188, -0.7692031264305115], "lowlevel.spectral_contrast_coeffs.stdev": [0.08925502747297287, 0.07724379003047943, 0.05157516524195671, 0.05152507126331329, 0.042166516184806824, 0.05093834176659584], "lowlevel.spectral_contrast_valleys.mean": [-6.8140482902526855, -7.370493412017822, -7.622921943664551, -7.801242828369141, -7.553451061248779, -10.327415466308594], "lowlevel.spectral_contrast_valleys.stdev": [0.946141242980957, 0.959263801574707, 0.9588738083839417, 0.7875220775604248, 0.8345610499382019, 1.0845481157302856], "rhythm.beats_loudness_band_ratio.mean": [0.9336296916007996, 0.011528306640684605, 0.010117619298398495, 0.027844835072755814, 0.013102395460009575, 0.008547291159629822], "rhythm.beats_loudness_band_ratio.stdev": [0.16845330595970154, 0.02404290810227394, 0.02010519988834858, 0.13116982579231262, 0.03067331202328205, 0.015023625455796719], "tonal.hpcp.mean": [0.05607953667640686, 0.06596888601779938, 0.07177557796239853, 0.07740022242069244, 0.13012580573558807, 0.3948862850666046, 0.49857965111732483, 0.27078720927238464, 0.1436055600643158, 0.12906168401241302, 0.10573408007621765, 0.07727554440498352, 0.08124259859323502, 0.08133189380168915, 0.05942672863602638, 0.0517999567091465, 0.061579629778862, 0.0598745197057724, 0.04932379722595215, 0.04441990330815315, 0.048544991761446, 0.053977228701114655, 0.062437791377305984, 0.06691090017557144, 0.05798754841089249, 0.059499312192201614, 0.06543958932161331, 0.06432504951953888, 0.06638787686824799, 0.060983605682849884, 0.05276361107826233, 0.06409763544797897, 0.07160025089979172, 0.07246890664100647, 0.07033741474151611, 0.05790385231375694], "tonal.hpcp.stdev": [0.16335496306419373, 0.18018940091133118, 0.18280836939811707, 0.19030794501304626, 0.23116129636764526, 0.382085919380188, 0.43090519309043884, 0.3232213854789734, 0.27161070704460144, 0.2668057382106781, 0.23632121086120605, 0.17877063155174255, 0.19931712746620178, 0.2047155648469925, 0.1592843383550644, 0.13116726279258728, 0.16604933142662048, 0.1597074419260025, 0.13568592071533203, 0.1373693346977234, 0.14983782172203064, 0.1579839438199997, 0.17381173372268677, 0.18398354947566986, 0.15925255417823792, 0.14648787677288055, 0.16742098331451416, 0.16834385693073273, 0.16423949599266052, 0.15695668756961823, 0.12845779955387115, 0.15866416692733765, 0.18132570385932922, 0.19024939835071564, 0.18036536872386932, 0.16230519115924835], "rhythm.beats_position": [0.7662584781646729, 1.5441269874572754, 2.321995496749878, 3.0650339126586914, 3.7848525047302246, 4.504671096801758, 5.224489688873291, 5.944308280944824, 6.664126873016357, 7.383945465087891, 8.103763580322266, 8.823582649230957, 9.543400764465332, 10.263219833374023, 10.983037948608398, 11.70285701751709, 12.422675132751465, 13.142494201660156, 13.862312316894531, 14.582131385803223, 15.301949501037598, 16.01015853881836, 16.729976654052734, 17.44979476928711, 18.158004760742188, 18.877822875976562, 19.609251022338867, 20.317459106445312, 21.03727912902832, 21.757097244262695, 22.47691535949707, 23.196733474731445], "rhythm.bpm_histogram": [0.0, 0.0, 0.0, 0.0, 0.0, 0.0, 0.0, 0.0, 0.0, 0.0, 0.0, 0.0, 0.0, 0.0, 0.0, 0.0, 0.0, 0.0, 0.0, 0.0, 0.0, 0.0, 0.0, 0.0, 0.0, 0.0, 0.0, 0.0, 0.0, 0.0, 0.0, 0.0, 0.0, 0.0, 0.0, 0.0, 0.0, 0.0, 0.0, 0.0, 0.0, 0.0, 0.0, 0.0, 0.0, 0.0, 0.0, 0.0, 0.0, 0.0, 0.0, 0.0, 0.0, 0.0, 0.0, 0.0, 0.0, 0.0, 0.0, 0.0, 0.0, 0.0, 0.0, 0.0, 0.0, 0.0, 0.0, 0.0, 0.0, 0.0, 0.0, 0.0, 0.0, 0.0, 0.0, 0.0, 0.0, 0.06451612710952759, 0.0, 0.0, 0.0, 0.032258063554763794, 0.032258063554763794, 0.774193525314331, 0.0, 0.09677419066429138, 0.0, 0.0, 0.0, 0.0, 0.0, 0.0, 0.0, 0.0, 0.0, 0.0, 0.0, 0.0, 0.0, 0.0, 0.0, 0.0, 0.0, 0.0, 0.0, 0.0, 0.0, 0.0, 0.0, 0.0, 0.0, 0.0, 0.0, 0.0, 0.0, 0.0, 0.0, 0.0, 0.0, 0.0, 0.0, 0.0, 0.0, 0.0, 0.0, 0.0, 0.0, 0.0, 0.0, 0.0, 0.0, 0.0, 0.0, 0.0, 0.0, 0.0, 0.0, 0.0, 0.0, 0.0, 0.0, 0.0, 0.0, 0.0, 0.0, 0.0, 0.0, 0.0, 0.0, 0.0, 0.0, 0.0, 0.0, 0.0, 0.0, 0.0, 0.0, 0.0, 0.0, 0.0, 0.0, 0.0, 0.0, 0.0, 0.0, 0.0, 0.0, 0.0, 0.0, 0.0, 0.0, 0.0, 0.0, 0.0, 0.0, 0.0, 0.0, 0.0, 0.0, 0.0, 0.0, 0.0, 0.0, 0.0, 0.0, 0.0, 0.0, 0.0, 0.0, 0.0, 0.0, 0.0, 0.0, 0.0, 0.0, 0.0, 0.0, 0.0, 0.0, 0.0, 0.0, 0.0, 0.0, 0.0, 0.0, 0.0, 0.0, 0.0, 0.0, 0.0, 0.0, 0.0, 0.0, 0.0, 0.0, 0.0, 0.0, 0.0, 0.0, 0.0, 0.0, 0.0, 0.0, 0.0, 0.0, 0.0, 0.0, 0.0, 0.0, 0.0, 0.0, 0.0, 0.0, 0.0, 0.0, 0.0, 0.0, 0.0, 0.0, 0.0, 0.0, 0.0, 0.0, 0.0, 0.0, 0.0, 0.0, 0.0, 0.0, 0.0], "tonal.chords_histogram": [10.609037399291992, 27.504911422729492, 14.931238174438477, 0.0, 0.0, 0.0, 0.0, 6.679764270782471, 6.483300685882568, 7.072691440582275, 0.0, 1.3752455711364746, 0.7858546376228333, 0.0, 4.322200298309326, 0.0, 0.0, 0.0, 6.286837100982666, 13.948919296264648, 0.0, 0.0, 0.0, 0.0], "tonal.thpcp": [1.0, 0.5431172251701355, 0.2880293130874634, 0.25885871052742004, 0.21207058429718018, 0.15499137341976166, 0.16294808685779572, 0.16312718391418457, 0.11919204890727997, 0.10389504581689835, 0.12351011484861374, 0.12009017914533615, 0.09892862290143967, 0.08909289538860321, 0.0973665714263916, 0.10826199501752853, 0.1252313256263733, 0.13420303165912628, 0.11630548536777496, 0.11933762580156326, 0.13125202059745789, 0.12901659309864044, 0.1331540048122406, 0.12231466919183731, 0.10582784563302994, 0.12856046855449677, 0.1436084508895874, 0.14535070955753326, 0.14107558131217957, 0.11613761633634567, 0.1124785915017128, 0.13231363892555237, 0.143960103392601, 0.1552414447069168, 0.26099300384521484, 0.7920224666595459], "lowlevel.gfcc.cov": [[4908.80712890625, -533.14013671875, 232.31546020507812, 292.7292785644531, -473.8302917480469, -245.75816345214844, -216.48240661621094, 246.6982421875, -151.019775390625, 110.38145446777344, -56.21672821044922, 102.29551696777344, -158.79171752929688], [-533.14013671875, 2195.19775390625, -50.940765380859375, -555.6383666992188, 225.1353759765625, -280.2861633300781, 5.3855204582214355, -180.59051513671875, 162.58004760742188, -259.67138671875, 154.53009033203125, -196.1094512939453, 231.13687133789062], [232.31546020507812, -50.940765380859375, 1529.4085693359375, 661.924072265625, 130.92784118652344, -37.13018798828125, -37.283931732177734, 52.01608657836914, 89.29217529296875, 49.507720947265625, 9.749788284301758, 67.56903076171875, 22.966793060302734], [292.7292785644531, -555.6383666992188, 661.924072265625, 1079.011474609375, 300.65228271484375, 11.997103691101074, 8.164923667907715, 26.113351821899414, 178.7969970703125, 111.82777404785156, 46.448307037353516, 49.64229202270508, 65.27579498291016], [-473.8302917480469, 225.1353759765625, 130.92784118652344, 300.65228271484375, 542.874755859375, 109.0972900390625, 83.16616821289062, 18.312122344970703, 151.06573486328125, -4.189183712005615, 59.7226448059082, -29.415565490722656, 112.96029663085938], [-245.75816345214844, -280.2861633300781, -37.13018798828125, 11.997103691101074, 109.0972900390625, 315.775634765625, 173.64866638183594, -7.886475086212158, -6.955388069152832, 26.928640365600586, -15.266961097717285, 10.00217342376709, -18.34916114807129], [-216.48240661621094, 5.3855204582214355, -37.283931732177734, 8.164923667907715, 83.16616821289062, 173.64866638183594, 390.2042236328125, 71.44152069091797, 59.00875473022461, 4.939315319061279, 40.191017150878906, -3.220118999481201, 5.444068431854248], [246.6982421875, -180.59051513671875, 52.01608657836914, 26.113351821899414, 18.312122344970703, -7.886475086212158, 71.44152069091797, 289.1942138671875, 74.55608367919922, 67.43965911865234, 47.83866882324219, 49.5330924987793, 5.704890727996826], [-151.019775390625, 162.58004760742188, 89.29217529296875, 178.7969970703125, 151.06573486328125, -6.955388069152832, 59.00875473022461, 74.55608367919922, 284.2884826660156, 69.1510238647461, 93.635009765625, 8.485255241394043, 77.57853698730469], [110.38145446777344, -259.67138671875, 49.507720947265625, 111.82777404785156, -4.189183712005615, 26.928640365600586, 4.939315319061279, 67.43965911865234, 69.1510238647461, 180.8389129638672, 48.84693908691406, 51.99108123779297, -10.336054801940918], [-56.21672821044922, 154.53009033203125, 9.749788284301758, 46.448307037353516, 59.7226448059082, -15.266961097717285, 40.191017150878906, 47.83866882324219, 93.635009765625, 48.84693908691406, 144.5387725830078, 20.75246238708496, 52.86861038208008], [102.29551696777344, -196.1094512939453, 67.56903076171875, 49.64229202270508, -29.415565490722656, 10.00217342376709, -3.220118999481201, 49.5330924987793, 8.485255241394043, 51.99108123779297, 20.75246238708496, 101.76236724853516, -0.39058902859687805], [-158.79171752929688, 231.13687133789062, 22.966793060302734, 65.27579498291016, 112.96029663085938, -18.34916114807129, 5.444068431854248, 5.704890727996826, 77.57853698730469, -10.336054801940918, 52.86861038208008, -0.39058902859687805, 115.77172088623047]], "lowlevel.gfcc.icov": [[0.0002954989904537797, -0.00027802001568488777, 0.00011643367179203779, -0.00044704979518428445, 0.00039385847048833966, -0.00018087551870848984, 0.00020741856133099645, -0.0005185446352697909, 0.00028620075318031013, -0.00017029457376338542, 0.00021460810967255384, -0.00028022125479765236, 0.00048623234033584595], [-0.00027802001568488777, 0.0029025766998529434, -0.0010074833407998085, 0.002821307862177491, -0.0017136241076514125, 0.002858993597328663, -0.00117794843390584, 0.0023958971723914146, -0.001521419733762741, 0.0017367900582030416, -0.002330428920686245, 0.0028882098849862814, -0.0032561698462814093], [0.00011643367179203779, -0.0010074833407998085, 0.0012736142380163074, -0.0015801736153662205, 0.0006431404617615044, -0.0009041515295393765, 0.0004844364011660218, -0.0009822545107454062, 0.000506206473801285, -0.000343716936185956, 0.0008956639794632792, -0.001409532385878265, 0.001280550961382687], [-0.00044704979518428445, 0.002821307862177491, -0.0015801736153662205, 0.0045203580521047115, -0.0026181871071457863, 0.0030245527159422636, -0.0013024164363741875, 0.002880098996683955, -0.0019787070341408253, 0.0008066669688560069, -0.0018570499960333109, 0.0023522882256656885, -0.003273892216384411], [0.00039385847048833966, -0.0017136241076514125, 0.0006431404617615044, -0.0026181871071457863, 0.004603818524628878, -0.0031796102412045, 0.0010296226246282458, -0.0020352844148874283, 0.00024434542865492404, -0.00024513574317097664, 0.0009985857177525759, -0.0002813873579725623, -0.0002766049874480814], [-0.00018087551870848984, 0.002858993597328663, -0.0009041515295393765, 0.0030245527159422636, -0.0031796102412045, 0.008277898654341698, -0.0036398323718458414, 0.003243299899622798, -0.0007539525395259261, 0.00014549525803886354, -0.0009234598837792873, 0.0015585279325023293, -0.0021110924426466227], [0.00020741856133099645, -0.00117794843390584, 0.0004844364011660218, -0.0013024164363741875, 0.0010296226246282458, -0.0036398323718458414, 0.00457364646717906, -0.002169686835259199, -3.728620504261926e-05, 0.00045226019574329257, -0.0003649638674687594, -0.00045522511936724186, 0.0018153199926018715], [-0.0005185446352697909, 0.0023958971723914146, -0.0009822545107454062, 0.002880098996683955, -0.0020352844148874283, 0.003243299899622798, -0.002169686835259199, 0.006840353831648827, -0.002124124439433217, 0.00032213679514825344, -0.002080707810819149, 0.000508568889927119, -0.0022547550033777952], [0.00028620075318031013, -0.001521419733762741, 0.000506206473801285, -0.0019787070341408253, 0.00024434542865492404, -0.0007539525395259261, -3.728620504261926e-05, -0.002124124439433217, 0.007055339403450489, -0.0028371773660182953, -0.0004619397222995758, -0.0004598244559019804, -0.0005778804770670831], [-0.00017029457376338542, 0.0017367900582030416, -0.000343716936185956, 0.0008066669688560069, -0.00024513574317097664, 0.00014549525803886354, 0.00045226019574329257, 0.00032213679514825344, -0.0028371773660182953, 0.010034836828708649, -0.0039620306342840195, -0.000954200339037925, 0.0007405964424833655], [0.00021460810967255384, -0.002330428920686245, 0.0008956639794632792, -0.0018570499960333109, 0.0009985857177525759, -0.0009234598837792873, -0.0003649638674687594, -0.002080707810819149, -0.0004619397222995758, -0.0039620306342840195, 0.012871560640633106, -0.0035813625436276197, -0.001118820277042687], [-0.00028022125479765236, 0.0028882098849862814, -0.001409532385878265, 0.0023522882256656885, -0.0002813873579725623, 0.0015585279325023293, -0.00045522511936724186, 0.000508568889927119, -0.0004598244559019804, -0.000954200339037925, -0.0035813625436276197, 0.01620429754257202, -0.0047662993893027306], [0.00048623234033584595, -0.0032561698462814093, 0.001280550961382687, -0.003273892216384411, -0.0002766049874480814, -0.0021110924426466227, 0.0018153199926018715, -0.0022547550033777952, -0.0005778804770670831, 0.0007405964424833655, -0.001118820277042687, -0.0047662993893027306, 0.018306631594896317]], "lowlevel.mfcc.cov": [[4590.564453125, -697.7411499023438, 59.37479019165039, 127.80014038085938, -254.2183380126953, -367.57861328125, -142.59561157226562, -105.18270874023438, -139.4281005859375, -26.40785026550293, -15.165983200073242, 15.807754516601562, 7.092473983764648], [-697.7411499023438, 2378.748046875, -266.27191162109375, -394.1781005859375, 18.682424545288086, -269.171142578125, -41.92306900024414, -59.80216979980469, 3.148181200027466, -113.83209991455078, -149.7134552001953, 39.33444595336914, -0.42669716477394104], [59.37479019165039, -266.27191162109375, 1250.00927734375, 534.6827392578125, 181.83798217773438, 69.75466918945312, -53.07345962524414, 13.633125305175781, 3.8868191242218018, 18.53672981262207, 32.99612808227539, -23.916500091552734, 15.146256446838379], [127.80014038085938, -394.1781005859375, 534.6827392578125, 895.860595703125, 388.1722717285156, 124.62400817871094, -38.62936019897461, 38.838741302490234, 69.65449523925781, 109.20048522949219, 24.992416381835938, 46.76879119873047, 63.24238204956055], [-254.2183380126953, 18.682424545288086, 181.83798217773438, 388.1722717285156, 563.5138549804688, 84.44032287597656, -30.960987091064453, -6.334559440612793, 60.24427032470703, 77.13213348388672, -25.809505462646484, 26.92436408996582, 49.83866500854492], [-367.57861328125, -269.171142578125, 69.75466918945312, 124.62400817871094, 84.44032287597656, 465.3369445800781, 93.58293914794922, 45.272308349609375, 63.16075134277344, 8.014582633972168, 99.87471008300781, -55.627384185791016, -20.127216339111328], [-142.59561157226562, -41.92306900024414, -53.07345962524414, -38.62936019897461, -30.960987091064453, 93.58293914794922, 263.5048522949219, 104.76980590820312, 40.97889709472656, 45.45716857910156, 18.724184036254883, 26.080636978149414, -29.02967071533203], [-105.18270874023438, -59.80216979980469, 13.633125305175781, 38.838741302490234, -6.334559440612793, 45.272308349609375, 104.76980590820312, 206.3294219970703, 81.71600341796875, 59.0247917175293, 37.335304260253906, 20.131412506103516, 14.104817390441895], [-139.4281005859375, 3.148181200027466, 3.8868191242218018, 69.65449523925781, 60.24427032470703, 63.16075134277344, 40.97889709472656, 81.71600341796875, 156.20401000976562, 65.5082778930664, 47.729026794433594, 27.05428123474121, 19.557851791381836], [-26.40785026550293, -113.83209991455078, 18.53672981262207, 109.20048522949219, 77.13213348388672, 8.014582633972168, 45.45716857910156, 59.0247917175293, 65.5082778930664, 176.0205841064453, 45.1859130859375, 65.41682434082031, 47.884674072265625], [-15.165983200073242, -149.7134552001953, 32.99612808227539, 24.992416381835938, -25.809505462646484, 99.87471008300781, 18.724184036254883, 37.335304260253906, 47.729026794433594, 45.1859130859375, 163.64242553710938, 12.79094409942627, 37.353397369384766], [15.807754516601562, 39.33444595336914, -23.916500091552734, 46.76879119873047, 26.92436408996582, -55.627384185791016, 26.080636978149414, 20.131412506103516, 27.05428123474121, 65.41682434082031, 12.79094409942627, 131.5801239013672, 55.56730270385742], [7.092473983764648, -0.42669716477394104, 15.146256446838379, 63.24238204956055, 49.83866500854492, -20.127216339111328, -29.02967071533203, 14.104817390441895, 19.557851791381836, 47.884674072265625, 37.353397369384766, 55.56730270385742, 112.4716796875]], "lowlevel.mfcc.icov": [[0.00026832229923456907, 8.85766203282401e-05, 2.6796467864187434e-05, -0.00012661995424423367, 0.00013754708925262094, 0.00026486048591323197, 1.832437192206271e-05, 8.717167656868696e-05, 8.419957885053009e-05, 4.5803953980794176e-05, -8.436424832325429e-05, 1.9620125385699794e-05, 1.5432704458362423e-05], [8.85766203282401e-05, 0.0005718119791708887, -1.9725725906027947e-06, 0.000262382352957502, -0.00019231054466217756, 0.00030782920657657087, -2.725010745052714e-05, 9.688392310636118e-05, -0.00036180103779770434, 0.00045145751209929585, 0.00028509553521871567, -0.00023482202959712595, -0.0001375288120470941], [2.6796467864187434e-05, -1.9725725906027947e-06, 0.001128864474594593, -0.0007797206635586917, 7.479511987185106e-05, 0.00012638600310310721, 6.439059507101774e-05, -0.00010585496056592092, 0.0002540480636525899, 0.00017064882558770478, -0.00033289322163909674, 0.0003674411855172366, 0.00011627565982053056], [-0.00012661995424423367, 0.000262382352957502, -0.0007797206635586917, 0.0024795932695269585, -0.0012760043609887362, -0.00047007520333863795, 0.00047580996761098504, -0.00034729158505797386, -0.0002646982320584357, -0.0004017027677036822, 0.00040383939631283283, -0.0007810477982275188, -0.00016380223678424954], [0.00013754708925262094, -0.00019231054466217756, 7.479511987185106e-05, -0.0012760043609887362, 0.0031024704221636057, -0.0004945094115100801, 0.00017204282630700618, 0.0006844468880444765, -0.0006629004492424428, -0.00089535943698138, 0.00125085876788944, 0.00036856834776699543, -0.0009077300783246756], [0.00026486048591323197, 0.00030782920657657087, 0.00012638600310310721, -0.00047007520333863795, -0.0004945094115100801, 0.003769508795812726, -0.0014505222206935287, 0.0004648461181204766, -0.000816395680885762, 0.0009019721765071154, -0.002183817094191909, 0.0017848990391939878, 0.00029416431789286435], [1.832437192206271e-05, -2.725010745052714e-05, 6.439059507101774e-05, 0.00047580996761098504, 0.00017204282630700618, -0.0014505222206935287, 0.006153931375592947, -0.002839259570464492, 0.0006135474541224539, -0.001189356786198914, 0.0004560294619295746, -0.002314307726919651, 0.0027227667160332203], [8.717167656868696e-05, 9.688392310636118e-05, -0.00010585496056592092, -0.00034729158505797386, 0.0006844468880444765, 0.0004648461181204766, -0.002839259570464492, 0.007856513373553753, -0.003275087336078286, -0.0007119625806808472, -9.289805893786252e-05, 0.0010981338564306498, -0.0013728601625189185], [8.419957885053009e-05, -0.00036180103779770434, 0.0002540480636525899, -0.0002646982320584357, -0.0006629004492424428, -0.000816395680885762, 0.0006135474541224539, -0.003275087336078286, 0.010192646645009518, -0.0020790596026927233, -0.0018163122003898025, -0.0008915907237678766, 0.0009811370400711894], [4.5803953980794176e-05, 0.00045145751209929585, 0.00017064882558770478, -0.0004017027677036822, -0.00089535943698138, 0.0009019721765071154, -0.001189356786198914, -0.0007119625806808472, -0.0020790596026927233, 0.009638509713113308, -0.0014790805289521813, -0.0026969301979988813, -0.001376206404529512], [-8.436424832325429e-05, 0.00028509553521871567, -0.00033289322163909674, 0.00040383939631283283, 0.00125085876788944, -0.002183817094191909, 0.0004560294619295746, -9.289805893786252e-05, -0.0018163122003898025, -0.0014790805289521813, 0.009540604427456856, 5.54235566596617e-06, -0.003217323450371623], [1.9620125385699794e-05, -0.00023482202959712595, 0.0003674411855172366, -0.0007810477982275188, 0.00036856834776699543, 0.0017848990391939878, -0.002314307726919651, 0.0010981338564306498, -0.0008915907237678766, -0.0026969301979988813, 5.54235566596617e-06, 0.012683140113949776, -0.0051561566069722176], [1.5432704458362423e-05, -0.0001375288120470941, 0.00011627565982053056, -0.00016380223678424954, -0.0009077300783246756, 0.00029416431789286435, 0.0027227667160332203, -0.0013728601625189185, 0.0009811370400711894, -0.001376206404529512, -0.003217323450371623, -0.0051561566069722176, 0.01432714145630598]], "metadata.audio_properties.analysis.downmix": "mix", "metadata.audio_properties.codec": "mp3", "metadata.audio_properties.md5_encoded": "bc91d6dc0886a5630359d8619c4bd585", "metadata.tags.file_name": "1182268471627759636.mp3", "metadata.version.essentia": "2.1-beta6-dev", "metadata.version.essentia_git_sha": "v2.1_beta5-1110-g77a6a954", "metadata.version.extractor": "music 2.0", "tonal.chords_key": "G", "tonal.chords_scale": "major", "tonal.key_edma.key": "E", "tonal.key_edma.scale": "minor", "tonal.key_krumhansl.key": "E", "tonal.key_krumhansl.scale": "minor", "tonal.key_temperley.key": "E", "tonal.key_temperley.scale": "minor", "metadata.tags.encoding": ["Lavf58.45.100"]}, "essentia_models": [{"model_name": "genre_dortmund", "activations": {"alternative": "0.0054174764", "blues": "0.00025957386", "electronic": "0.070835225", "folkcountry": "0.0004436222", "funksoulrnb": "0.0054918714", "jazz": "0.00083549257", "pop": "0.007791764", "raphiphop": "0.96717316", "rock": "0.017299961"}}, {"model_name": "genre_rosamerica", "activations": {"classic": "0.00070959807", "dance": "0.0062508555"