{"song_id": "1182268835487817728", "download": "https://cdn.discordapp.com/attachments/1128313332273782784/1182268835487817728/chirp.mp4?ex=658414a7&amp", "lyrics": "[Chorus]\nNari vindzan\u00e9 (ri vindzan\u00e9), rissi soukouman\u00e9 (ch\u00e9riy\u00e9)\nMch\u00e9wangou (waw\u00e9 wangou) nari vindzan\u00e9 (za kw\u00e9li)\nRi vindzan\u00e9, ri paran\u00e9 (mch\u00e9wangou ri vindzan\u00e9 eh-eh-eh)\nZa kw\u00e9li ri paran\u00e9 (ri paran\u00e9), wami na waw\u00e9 (ri vindzan\u00e9)", "style": ["sertanejo"], "essentia_features": {"lowlevel.average_loudness": 0.9210652112960815, "lowlevel.barkbands_crest.mean": 11.9334135055542, "lowlevel.barkbands_crest.stdev": 4.3201584815979, "lowlevel.barkbands_flatness_db.mean": 0.17737255990505219, "lowlevel.barkbands_flatness_db.stdev": 0.04993631690740585, "lowlevel.barkbands_kurtosis.mean": 3.306002616882324, "lowlevel.barkbands_kurtosis.stdev": 4.529900550842285, "lowlevel.barkbands_skewness.mean": 1.5419938564300537, "lowlevel.barkbands_skewness.stdev": 0.920118510723114, "lowlevel.barkbands_spread.mean": 19.29876708984375, "lowlevel.barkbands_spread.stdev": 14.109517097473145, "lowlevel.dissonance.mean": 0.4392806589603424, "lowlevel.dissonance.stdev": 0.0357711985707283, "lowlevel.dynamic_complexity": 3.122227668762207, "lowlevel.erbbands_crest.mean": 13.656116485595703, "lowlevel.erbbands_crest.stdev": 5.5919413566589355, "lowlevel.erbbands_flatness_db.mean": 0.22546149790287018, "lowlevel.erbbands_flatness_db.stdev": 0.05543241649866104, "lowlevel.erbbands_kurtosis.mean": 1.4447851181030273, "lowlevel.erbbands_kurtosis.stdev": 3.124938726425171, "lowlevel.erbbands_skewness.mean": 1.0183855295181274, "lowlevel.erbbands_skewness.stdev": 0.8243032693862915, "lowlevel.erbbands_spread.mean": 33.673545837402344, "lowlevel.erbbands_spread.stdev": 22.27462387084961, "lowlevel.hfc.mean": 27.480621337890625, "lowlevel.hfc.stdev": 28.73528480529785, "lowlevel.loudness_ebu128.integrated": -14.886327743530273, "lowlevel.loudness_ebu128.loudness_range": 4.0568742752075195, "lowlevel.loudness_ebu128.momentary.mean": -16.000988006591797, "lowlevel.loudness_ebu128.momentary.stdev": 3.9624602794647217, "lowlevel.loudness_ebu128.short_term.mean": -15.1513671875, "lowlevel.loudness_ebu128.short_term.stdev": 1.494205355644226, "lowlevel.melbands_crest.mean": 16.29064178466797, "lowlevel.melbands_crest.stdev": 5.79850435256958, "lowlevel.melbands_flatness_db.mean": 0.19064046442508698, "lowlevel.melbands_flatness_db.stdev": 0.05378362908959389, "lowlevel.melbands_kurtosis.mean": 11.557414054870605, "lowlevel.melbands_kurtosis.stdev": 12.925580978393555, "lowlevel.melbands_skewness.mean": 2.520334243774414, "lowlevel.melbands_skewness.stdev": 1.381773829460144, "lowlevel.melbands_spread.mean": 22.020240783691406, "lowlevel.melbands_spread.stdev": 22.32714080810547, "lowlevel.pitch_salience.mean": 0.5182007551193237, "lowlevel.pitch_salience.stdev": 0.11748994141817093, "lowlevel.silence_rate_20dB.mean": 1.0, "lowlevel.silence_rate_20dB.stdev": 0.0, "lowlevel.silence_rate_30dB.mean": 1.0, "lowlevel.silence_rate_30dB.stdev": 0.0, "lowlevel.silence_rate_60dB.mean": 0.050209205597639084, "lowlevel.silence_rate_60dB.stdev": 0.21837639808654785, "lowlevel.spectral_centroid.mean": 1341.923583984375, "lowlevel.spectral_centroid.stdev": 619.8679809570312, "lowlevel.spectral_complexity.mean": 13.789400100708008, "lowlevel.spectral_complexity.stdev": 7.184868812561035, "lowlevel.spectral_decrease.mean": -4.528872832310071e-09, "lowlevel.spectral_decrease.stdev": 3.4014779881630375e-09, "lowlevel.spectral_energy.mean": 0.019585583359003067, "lowlevel.spectral_energy.stdev": 0.014781728386878967, "lowlevel.spectral_energyband_high.mean": 0.0015480649890378118, "lowlevel.spectral_energyband_high.stdev": 0.0025449907407164574, "lowlevel.spectral_energyband_low.mean": 0.0003069031808990985, "lowlevel.spectral_energyband_low.stdev": 0.0012892448576167226, "lowlevel.spectral_energyband_middle_high.mean": 0.004917217418551445, "lowlevel.spectral_energyband_middle_high.stdev": 0.005530478432774544, "lowlevel.spectral_energyband_middle_low.mean": 0.013103627599775791, "lowlevel.spectral_energyband_middle_low.stdev": 0.011457405053079128, "lowlevel.spectral_entropy.mean": 7.469460487365723, "lowlevel.spectral_entropy.stdev": 0.46780702471733093, "lowlevel.spectral_flux.mean": 0.05937187746167183, "lowlevel.spectral_flux.stdev": 0.03845591843128204, "lowlevel.spectral_kurtosis.mean": 3.7968456745147705, "lowlevel.spectral_kurtosis.stdev": 3.087218761444092, "lowlevel.spectral_rms.mean": 0.004044816363602877, "lowlevel.spectral_rms.stdev": 0.0016575054032728076, "lowlevel.spectral_rolloff.mean": 2211.716796875, "lowlevel.spectral_rolloff.stdev": 2236.807373046875, "lowlevel.spectral_skewness.mean": 1.5079755783081055, "lowlevel.spectral_skewness.stdev": 0.45194974541664124, "lowlevel.spectral_spread.mean": 5370968.0, "lowlevel.spectral_spread.stdev": 2663046.75, "lowlevel.spectral_strongpeak.mean": 1.808812141418457, "lowlevel.spectral_strongpeak.stdev": 1.3258203268051147, "lowlevel.zerocrossingrate.mean": 0.0811285749077797, "lowlevel.zerocrossingrate.stdev": 0.058007534593343735, "metadata.audio_properties.analysis.equal_loudness": 0.0, "metadata.audio_properties.analysis.length": 33.258663177490234, "metadata.audio_properties.analysis.sample_rate": 44100.0, "metadata.audio_properties.analysis.start_time": 0.0, "metadata.audio_properties.bit_rate": 121667.0, "metadata.audio_properties.length": 33.2586669921875, "metadata.audio_properties.lossless": 0.0, "metadata.audio_properties.number_channels": 1.0, "metadata.audio_properties.replay_gain": -12.735441207885742, "metadata.audio_properties.sample_rate": 48000.0, "rhythm.beats_count": 86.0, "rhythm.beats_loudness.mean": 0.028688425198197365, "rhythm.beats_loudness.stdev": 0.014257419854402542, "rhythm.bpm": 161.75946044921875, "rhythm.bpm_histogram_first_peak_bpm": 161.0, "rhythm.bpm_histogram_first_peak_weight": 0.42424243688583374, "rhythm.bpm_histogram_second_peak_bpm": 152.0, "rhythm.bpm_histogram_second_peak_spread": 0.46153849363327026, "rhythm.bpm_histogram_second_peak_weight": 0.08235294371843338, "rhythm.danceability": 1.18282151222229, "rhythm.onset_rate": 3.8468246459960938, "tonal.chords_changes_rate": 0.02646239474415779, "tonal.chords_number_rate": 0.009749303571879864, "tonal.chords_strength.mean": 0.5782625675201416, "tonal.chords_strength.stdev": 0.07491374015808105, "tonal.hpcp_crest.mean": 20.48512840270996, "tonal.hpcp_crest.stdev": 8.899540901184082, "tonal.hpcp_entropy.mean": 1.1967805624008179, "tonal.hpcp_entropy.stdev": 0.6791923642158508, "tonal.key_edma.strength": 0.6029648780822754, "tonal.key_krumhansl.strength": 0.6036720871925354, "tonal.key_temperley.strength": 0.5592761635780334, "tonal.tuning_diatonic_strength": 0.48044607043266296, "tonal.tuning_equal_tempered_deviation": 0.03415084630250931, "tonal.tuning_frequency": 440.76312255859375, "tonal.tuning_nontempered_energy_ratio": 0.6151860952377319, "lowlevel.barkbands.mean": [1.608934098840109e-06, 9.88572537607979e-06, 0.00013634233619086444, 0.0002582005981821567, 0.0012162389466539025, 0.0014741711784154177, 0.0019767158664762974, 0.005891493521630764, 0.0019719793926924467, 0.0009247430134564638, 0.0006606069509871304, 0.0011289275716990232, 0.00037695688661187887, 0.0003204078529961407, 0.0003168706316500902, 0.0003466095949988812, 0.00033234714646823704, 0.00012573455751407892, 0.0002883613051380962, 0.0003438821586314589, 7.231614290503785e-05, 0.0002319568011444062, 0.00026008745771832764, 0.0005970393540337682, 0.00024001188285183161, 7.963913958519697e-05, 2.4623457193229115e-06], "lowlevel.barkbands.stdev": [3.2457560337206814e-06, 3.189211565768346e-05, 0.0005945779266767204, 0.0009454566170461476, 0.0027961747255176306, 0.002500530332326889, 0.0042711542919278145, 0.009158173575997353, 0.005251139402389526, 0.002534294966608286, 0.0023606494069099426, 0.0022019934840500355, 0.0009180414490401745, 0.000603373278863728, 0.0005635342677123845, 0.0007368419319391251, 0.0004895234014838934, 0.00020535045769065619, 0.0005545817548409104, 0.0006114502903074026, 0.0001555978087708354, 0.0004831754486076534, 0.0005218301666900516, 0.0011282622581347823, 0.0005379882641136646, 0.0001600554824108258, 7.129658115445636e-06], "lowlevel.erbbands.mean": [0.0001296916016144678, 0.0046562617644667625, 0.10538455843925476, 0.6539722681045532, 1.257148265838623, 3.4753832817077637, 13.475693702697754, 10.401823043823242, 11.690985679626465, 58.9347038269043, 149.3208770751953, 46.307472229003906, 47.58436965942383, 29.91170883178711, 33.3009147644043, 44.485965728759766, 17.206462860107422, 20.14364242553711, 17.63589096069336, 16.030717849731445, 18.80485725402832, 16.853174209594727, 8.723801612854004, 7.799267292022705, 23.705209732055664, 13.299652099609375, 3.7159435749053955, 3.0574605464935303, 8.317168235778809, 7.865386009216309, 7.303836822509766, 11.955050468444824, 9.663809776306152, 3.6654930114746094, 1.1949151754379272, 0.46625858545303345, 0.12429921329021454, 0.015054007060825825, 0.0003808884648606181, 4.2355986806796864e-05], "lowlevel.erbbands.stdev": [0.00024893571389839053, 0.014942005276679993, 0.4155538082122803, 2.6565024852752686, 6.038933277130127, 8.248092651367188, 33.141632080078125, 19.547956466674805, 18.90327262878418, 110.3547134399414, 245.93746948242188, 89.9466781616211, 118.58051300048828, 82.42937469482422, 86.26595306396484, 80.00543212890625, 37.81199645996094, 36.82328796386719, 27.916000366210938, 31.14946174621582, 33.09895706176758, 24.108078002929688, 11.766413688659668, 13.748377799987793, 42.503204345703125, 19.593324661254883, 7.147824764251709, 6.886355400085449, 18.426694869995117, 15.606413841247559, 14.843518257141113, 25.02129364013672, 18.601362228393555, 8.243704795837402, 2.641674757003784, 0.9730004072189331, 0.2567044794559479, 0.03309638798236847, 0.0008151571382768452, 4.532905950327404e-05], "lowlevel.gfcc.mean": [-43.664344787597656, 47.61016082763672, -164.20895385742188, -8.505499839782715, -101.40776824951172, -1.8677440881729126, -56.24076461791992, 8.215959548950195, -24.74344825744629, -3.8924453258514404, -12.664291381835938, -11.840075492858887, -12.836701393127441], "lowlevel.melbands.mean": [1.734832380861917e-06, 4.558511864161119e-05, 0.00012252884334884584, 0.00015132944099605083, 0.00040753616485744715, 0.00023331225384026766, 0.0002373436582274735, 0.000708384090103209, 0.0010829544626176357, 0.0002757345500867814, 0.0002375950280111283, 0.00011763144721044227, 0.00010761577868834138, 0.00013602686522062868, 5.5138541938504204e-05, 4.4132175389677286e-05, 3.3798572985688224e-05, 2.6526093279244378e-05, 2.2769727365812287e-05, 2.3002976377028972e-05, 2.1839927285327576e-05, 1.8028185877483338e-05, 1.2254090506758075e-05, 5.971212431177264e-06, 5.352828793547815e-06, 1.364241325063631e-05, 2.057908204733394e-05, 5.881610377400648e-06, 2.2640952010988258e-06, 1.6643405160721159e-06, 1.6673593563609757e-06, 4.249619905749569e-06, 5.536142907658359e-06, 4.02732121074223e-06, 3.6657704640674638e-06, 5.598437383014243e-06, 8.103964319161605e-06, 8.031000106711872e-06, 4.084506599610904e-06, 2.6600782803143375e-06], "lowlevel.melbands.stdev": [4.579661890602438e-06, 0.00018130686657968909, 0.0004348996444605291, 0.00046751266927458346, 0.0009705271804705262, 0.0004084728716406971, 0.0004052147560287267, 0.00108393095433712, 0.0018215696327388287, 0.0006908698123879731, 0.0006014599930495024, 0.00035366846714168787, 0.0003527377266436815, 0.00028530563577078283, 0.0001046461911755614, 0.0001033061053021811, 6.288343138294294e-05, 4.6114015276543796e-05, 4.587318835547194e-05, 6.104448402766138e-05, 3.9566311897942796e-05, 2.7059848434873857e-05, 1.979165244847536e-05, 1.0823668162629474e-05, 1.142283872468397e-05, 2.8585351174115203e-05, 3.883257522829808e-05, 8.755015187489334e-06, 4.840680048801005e-06, 3.69584518011834e-06, 4.086092758370796e-06, 1.0569158803264145e-05, 1.1339430784573779e-05, 8.703610546945129e-06, 8.061595508479513e-06, 1.1619386896200012e-05, 1.7737431335262954e-05, 1.5882778825471178e-05, 9.554257303534541e-06, 6.1878545238869265e-06], "lowlevel.melbands128.mean": [5.90368415487319e-07, 5.299677354742016e-07, 9.423450251233589e-07, 6.280527486524079e-06, 2.6800416890182532e-05, 8.193033863790333e-05, 0.00014468109293375164, 0.0001111886085709557, 0.00012932877871207893, 0.00011766447278205305, 0.00014915017527528107, 0.0004017891769763082, 0.000627712463028729, 0.00021583153284154832, 0.0001923265226650983, 0.00030766657437197864, 0.00011616757547017187, 0.00011035938950954005, 0.0004343179753050208, 0.0008676733123138547, 0.00039133738027885556, 0.0015579358441755176, 0.0015574546996504068, 0.00011843780521303415, 0.0001283122255699709, 0.00036066790926270187, 0.0005065036239102483, 0.00015208312834147364, 9.075663547264412e-05, 0.00015893155068624765, 9.271408634958789e-05, 0.00010534716420806944, 0.0001394724240526557, 5.837675416842103e-05, 0.00014454848133027554, 0.00016460896586067975, 0.00013587792636826634, 2.9218535928521305e-05, 2.574367135821376e-05, 2.9268750949995592e-05, 4.0965882362797856e-05, 8.314942533615977e-05, 2.7406058507040143e-05, 1.45393205457367e-05, 2.3253282051882707e-05, 2.65168710029684e-05, 3.5750126698985696e-05, 2.5853016268229112e-05, 1.2637083273148164e-05, 2.1885502064833418e-05, 3.098180968663655e-05, 1.1655681191768963e-05, 2.8674610803136602e-05, 2.0909070371999405e-05, 2.0818664779653773e-05, 1.607960439287126e-05, 1.6381671230192296e-05, 2.0077148292330094e-05, 7.262588042067364e-06, 5.049932951806113e-06, 7.058463779685553e-06, 5.284697635943303e-06, 4.886611350229941e-06, 5.005398179491749e-06, 6.9175430326140486e-06, 1.1767134310503025e-05, 1.9031305782846175e-05, 2.1381165424827486e-05, 2.7569836674956605e-05, 9.926341590471566e-06, 5.212694759393344e-06, 3.3302501378784655e-06, 2.426285391265992e-06, 2.275042561450391e-06, 1.8132437844542437e-06, 1.7796380689105717e-06, 1.5393662806673092e-06, 1.3439331496556406e-06, 1.6355371599274804e-06, 1.8625454458742752e-06, 3.608576207625447e-06, 4.281489509594394e-06, 7.731437108304817e-06, 5.475126727105817e-06, 4.317849288781872e-06, 4.098878889635671e-06, 3.950385689677205e-06, 3.873824880429311e-06, 3.319136567370151e-06, 3.7093848277436337e-06, 4.747807906824164e-06, 6.020041382726049e-06, 7.3232458817074075e-06, 8.050915312196594e-06, 8.482792509312276e-06, 9.382044481753837e-06, 8.701603292138316e-06, 4.7911757974361535e-06, 4.01611760025844e-06, 3.7442634948092746e-06, 3.391593281776295e-06, 2.361497763558873e-06, 2.0259567463654093e-06, 1.512779931545083e-06, 1.3099167972541181e-06, 8.612007604824612e-07, 1.0969097274937667e-06, 9.619450338504976e-07, 7.609171461808728e-07, 6.771212497369561e-07, 6.174873306008521e-07, 4.5287396233106847e-07, 3.998132740434812e-07, 2.4412688048869313e-07, 1.7897728810112312e-07, 1.666603282046708e-07, 9.370699416422212e-08, 1.7958804221507307e-08, 1.7972895394180455e-09, 1.971005476886223e-11, 1.511160988010296e-11, 6.136418630175999e-12, 6.061696283810036e-12, 5.8210654178825205e-12, 4.8814884426318095e-12, 3.3761717380120793e-12, 2.5616542307510537e-12, 2.429092734249072e-12], "lowlevel.melbands128.stdev": [1.1316618611090234e-06, 8.952310963650234e-07, 2.1579839994956274e-06, 2.2271402485785075e-05, 0.00011092350905528292, 0.0003772815689444542, 0.000667037267703563, 0.00036291126161813736, 0.0007795536075718701, 0.0006512089166790247, 0.00045300667989067733, 0.0010413241107016802, 0.0016494415467604995, 0.0005643513868562877, 0.00047616654774174094, 0.0006819044938310981, 0.00023135637457016855, 0.00038061634404584765, 0.0009826933965086937, 0.0021258643828332424, 0.0008488157764077187, 0.0026703262701630592, 0.0028664101846516132, 0.00035305775236338377, 0.0006269576260820031, 0.0010808599181473255, 0.0016977336490526795, 0.0005478824023157358, 0.0004087360284756869, 0.0006036095437593758, 0.00041281053563579917, 0.0003915335109923035, 0.0006426317268051207, 0.00021696253679692745, 0.0004709221248049289, 0.00037415229598991573, 0.00027299218345433474, 0.00011051950423279777, 9.767923620529473e-05, 0.00011690941755659878, 0.00013947875413578004, 0.0001895138993859291, 6.253382161958143e-05, 4.8909980250755325e-05, 8.873973274603486e-05, 4.6993751311674714e-05, 8.717854507267475e-05, 9.002651495393366e-05, 2.9200566132203676e-05, 6.938965816516429e-05, 0.00011212737445021048, 3.452640521572903e-05, 8.104075095616281e-05, 4.3118834582855925e-05, 4.257250839145854e-05, 3.8181802665349096e-05, 3.9374488551402465e-05, 4.4945849367650226e-05, 1.2043902643199544e-05, 9.710974154586438e-06, 1.5560624888166785e-05, 1.1937327144551091e-05, 1.0568958714429755e-05, 1.0199800271948334e-05, 3.551215922925621e-05, 3.3243872167076916e-05, 4.788115984410979e-05, 6.817167741246521e-05, 6.434341776184738e-05, 1.665809213591274e-05, 9.264311302104034e-06, 6.930724339326844e-06, 5.672368388331961e-06, 5.308921117830323e-06, 4.320792413636809e-06, 4.1505331864755135e-06, 3.868433395837201e-06, 3.921411462215474e-06, 4.090749371243874e-06, 5.401446742325788e-06, 1.1991266546829138e-05, 1.1619132237683516e-05, 1.812417758628726e-05, 1.2374641300993972e-05, 9.331352885055821e-06, 9.357861927128397e-06, 1.0469830158399418e-05, 9.843445695878472e-06, 7.617698884132551e-06, 9.442678674531635e-06, 1.0981572813761886e-05, 1.3192980986787006e-05, 1.860502925410401e-05, 2.0872636014246382e-05, 1.784590676834341e-05, 1.9924349544453435e-05, 1.8645141608431004e-05, 1.1191841622348875e-05, 1.0389298040536232e-05, 9.426422366232146e-06, 8.777185939834453e-06, 5.7149786698573735e-06, 5.015454007661901e-06, 4.418578555487329e-06, 3.1291206141759176e-06, 2.011994411077467e-06, 2.5175058908644132e-06, 2.2268720840656897e-06, 1.742520566949679e-06, 1.6867471686055069e-06, 1.4156953511701431e-06, 1.0057750614578254e-06, 9.359547448184458e-07, 6.557656320183014e-07, 5.036900461163896e-07, 4.298126157209481e-07, 2.48558080784278e-07, 9.415165891368815e-08, 3.17281418915627e-08, 4.2895534346776287e-10, 3.5355002259152e-10, 1.0995587079731806e-10, 1.0968428248991913e-10, 1.0385767246212652e-10, 7.555620712418332e-11, 2.914779181906191e-11, 5.6936131156981595e-12, 4.158042833657394e-12], "lowlevel.mfcc.mean": [-671.5661010742188, 84.37750244140625, -23.41786766052246, -21.24645233154297, -23.43465805053711, -27.621429443359375, -20.32023048400879, -11.786272048950195, -13.802921295166016, -0.047702156007289886, -7.032904148101807, -2.0406265258789062, 2.063263177871704], "lowlevel.spectral_contrast_coeffs.mean": [-0.6111506223678589, -0.6379023194313049, -0.7127645015716553, -0.7695848941802979, -0.7731580138206482, -0.7750821113586426], "lowlevel.spectral_contrast_coeffs.stdev": [0.11439760774374008, 0.09314917027950287, 0.08165393024682999, 0.05759887024760246, 0.06232300028204918, 0.047916658222675323], "lowlevel.spectral_contrast_valleys.mean": [-9.10611343383789, -7.243192195892334, -7.653538703918457, -7.953993797302246, -7.901875019073486, -10.243189811706543], "lowlevel.spectral_contrast_valleys.stdev": [1.3303838968276978, 1.1133023500442505, 1.0301644802093506, 0.9997275471687317, 1.052476406097412, 1.5083808898925781], "rhythm.beats_loudness_band_ratio.mean": [0.03747696056962013, 0.11049772799015045, 0.4927259087562561, 0.1887999176979065, 0.07197687029838562, 0.12025149166584015], "rhythm.beats_loudness_band_ratio.stdev": [0.10184682160615921, 0.1371789276599884, 0.24446672201156616, 0.19087117910385132, 0.06586595624685287, 0.13848432898521423], "tonal.hpcp.mean": [0.11451783776283264, 0.057756152004003525, 0.022307483479380608, 0.02101006731390953, 0.01805371418595314, 0.1717212051153183, 0.2994978427886963, 0.15778757631778717, 0.036180317401885986, 0.029431581497192383, 0.034779567271471024, 0.10377658903598785, 0.16819383203983307, 0.13422469794750214, 0.36839357018470764, 0.5778205990791321, 0.275264173746109, 0.033537812530994415, 0.026804152876138687, 0.0196224432438612, 0.031216546893119812, 0.042348429560661316, 0.037903010845184326, 0.04256408289074898, 0.04668962582945824, 0.0533943809568882, 0.17921048402786255, 0.24444501101970673, 0.10951083898544312, 0.0546766072511673, 0.07423426955938339, 0.040747739374637604, 0.02006768435239792, 0.024135060608386993, 0.026514731347560883, 0.08034003525972366], "tonal.hpcp.stdev": [0.2333243042230606, 0.12166822701692581, 0.06590820848941803, 0.057243458926677704, 0.06482165306806564, 0.2191298007965088, 0.3824503421783447, 0.20900847017765045, 0.10685230791568756, 0.08571604639291763, 0.10975731164216995, 0.19528719782829285, 0.2871282994747162, 0.2337835729122162, 0.2900296747684479, 0.4059520363807678, 0.2372654527425766, 0.08269541710615158, 0.06621237844228745, 0.04448190703988075, 0.08102276176214218, 0.10805007815361023, 0.0930938571691513, 0.11822765320539474, 0.13015326857566833, 0.15988443791866302, 0.2510235905647278, 0.32458847761154175, 0.17904147505760193, 0.13546648621559143, 0.20299240946769714, 0.1079402044415474, 0.06015973910689354, 0.06472911685705185, 0.08689649403095245, 0.17390701174736023], "rhythm.beats_position": [0.41795918345451355, 0.847528338432312, 1.277097463607788, 1.6718367338180542, 2.0549659729003906, 2.4380950927734375, 2.809614419937134, 3.1927437782287598, 3.5758728981018066, 3.947392225265503, 4.318911552429199, 4.690430641174316, 5.061950206756592, 5.445079326629639, 5.816598415374756, 6.199728012084961, 6.571247100830078, 6.942766189575195, 7.314285755157471, 7.697414875030518, 8.080544471740723, 8.45206356048584, 8.835192680358887, 9.218321800231934, 9.61306095123291, 9.996190071105957, 10.379319190979004, 10.78566837310791, 11.180407524108887, 11.586756706237793, 11.9931058883667, 12.399456024169922, 12.794195175170898, 13.200544357299805, 13.606893539428711, 14.024852752685547, 14.442811965942383, 14.83755111694336, 15.220680236816406, 15.615419387817383, 15.99854850769043, 16.370067596435547, 16.741586685180664, 17.11310577392578, 17.47301483154297, 17.844533920288086, 18.227664947509766, 18.622404098510742, 18.99392318725586, 19.365442276000977, 19.736961364746094, 20.10848045349121, 20.479999542236328, 20.863128662109375, 21.246257781982422, 21.61777687072754, 21.989295959472656, 22.360815048217773, 22.732336044311523, 23.11546516418457, 23.486984252929688, 23.870113372802734, 24.24163246154785, 24.61315155029297, 24.996280670166016, 25.379409790039062, 25.75092887878418, 26.122447967529297, 26.493967056274414, 26.86548614501953, 27.24861717224121, 27.631746292114258, 28.003265380859375, 28.374784469604492, 28.75791358947754, 29.141042709350586, 29.512561798095703, 29.88408088684082, 30.255599975585938, 30.627119064331055, 30.998638153076172, 31.358549118041992, 31.74167823791504, 32.12480545043945, 32.4963264465332, 32.87945556640625], "rhythm.bpm_histogram": [0.0, 0.0, 0.0, 0.0, 0.0, 0.0, 0.0, 0.0, 0.0, 0.0, 0.0, 0.0, 0.0, 0.0, 0.0, 0.0, 0.0, 0.0, 0.0, 0.0, 0.0, 0.0, 0.0, 0.0, 0.0, 0.0, 0.0, 0.0, 0.0, 0.0, 0.0, 0.0, 0.0, 0.0, 0.0, 0.0, 0.0, 0.0, 0.0, 0.0, 0.0, 0.0, 0.0, 0.0, 0.0, 0.0, 0.0, 0.0, 0.0, 0.0, 0.0, 0.0, 0.0, 0.0, 0.0, 0.0, 0.0, 0.0, 0.0, 0.0, 0.0, 0.0, 0.0, 0.0, 0.0, 0.0, 0.0, 0.0, 0.0, 0.0, 0.0, 0.0, 0.0, 0.0, 0.0, 0.0, 0.0, 0.0, 0.0, 0.0, 0.0, 0.0, 0.0, 0.0, 0.0, 0.0, 0.0, 0.0, 0.0, 0.0, 0.0, 0.0, 0.0, 0.0, 0.0, 0.0, 0.0, 0.0, 0.0, 0.0, 0.0, 0.0, 0.0, 0.0, 0.0, 0.0, 0.0, 0.0, 0.0, 0.0, 0.0, 0.0, 0.0, 0.0, 0.0, 0.0, 0.0, 0.0, 0.0, 0.0, 0.0, 0.0, 0.0, 0.0, 0.0, 0.0, 0.0, 0.0, 0.0, 0.0, 0.0, 0.0, 0.0, 0.0, 0.0, 0.0, 0.0, 0.0, 0.0, 0.0, 0.0235294122248888, 0.0, 0.0, 0.0, 0.0235294122248888, 0.0, 0.0, 0.0, 0.07058823853731155, 0.0, 0.0, 0.0, 0.08235294371843338, 0.0, 0.0, 0.0, 0.0, 0.3294117748737335, 0.0, 0.0, 0.0, 0.4470588266849518, 0.0, 0.0, 0.0, 0.0, 0.0, 0.0235294122248888, 0.0, 0.0, 0.0, 0.0, 0.0, 0.0, 0.0, 0.0, 0.0, 0.0, 0.0, 0.0, 0.0, 0.0, 0.0, 0.0, 0.0, 0.0, 0.0, 0.0, 0.0, 0.0, 0.0, 0.0, 0.0, 0.0, 0.0, 0.0, 0.0, 0.0, 0.0, 0.0, 0.0, 0.0, 0.0, 0.0, 0.0, 0.0, 0.0, 0.0, 0.0, 0.0, 0.0, 0.0, 0.0, 0.0, 0.0, 0.0, 0.0, 0.0, 0.0, 0.0, 0.0, 0.0, 0.0, 0.0, 0.0, 0.0, 0.0, 0.0, 0.0, 0.0, 0.0, 0.0, 0.0, 0.0, 0.0, 0.0, 0.0, 0.0, 0.0, 0.0, 0.0, 0.0, 0.0, 0.0, 0.0, 0.0, 0.0, 0.0, 0.0, 0.0], "tonal.chords_histogram": [62.534820556640625, 12.952646255493164, 2.785515308380127, 2.0891366004943848, 0.0, 0.0, 0.0, 0.0, 0.0, 3.4818942546844482, 0.0, 0.0, 0.0, 0.0, 0.0, 0.0, 2.785515308380127, 0.0, 0.0, 0.0, 0.0, 0.0, 0.0, 13.370473861694336], "tonal.thpcp": [1.0, 0.4763834476470947, 0.05804191157221794, 0.04638836532831192, 0.03395940363407135, 0.05402463674545288, 0.07328992336988449, 0.06559650599956512, 0.0736631453037262, 0.08080297708511353, 0.0924065038561821, 0.31014901399612427, 0.4230465590953827, 0.18952395021915436, 0.0946255773305893, 0.12847286462783813, 0.07051970809698105, 0.034729957580566406, 0.0417691245675087, 0.045887481421232224, 0.1390397548675537, 0.19818925857543945, 0.09995516389608383, 0.03860624507069588, 0.036360882222652435, 0.031244497746229172, 0.2971877455711365, 0.5183232426643372, 0.27307364344596863, 0.06261514127254486, 0.050935499370098114, 0.060190942138433456, 0.17960001528263092, 0.29108312726020813, 0.23229476809501648, 0.6375570297241211], "lowlevel.gfcc.cov": [[11261.2734375, -1551.036865234375, 1574.77978515625, 135.5902862548828, -843.2335815429688, -243.11209106445312, -1117.6964111328125, 585.9988403320312, -213.77867126464844, 292.6062927246094, -583.1140747070312, 99.47411346435547, -299.92938232421875], [-1551.036865234375, 3300.67578125, -507.7594299316406, 489.32958984375, 593.9464111328125, 4.725993633270264, 562.2653198242188, -622.5879516601562, 84.97076416015625, -269.5978088378906, 289.8276672363281, -479.57073974609375, 62.102783203125], [1574.77978515625, -507.7594299316406, 1328.0390625, 271.2200622558594, -90.94380950927734, -42.453731536865234, -435.3965148925781, 78.684326171875, -91.99280548095703, 119.42571258544922, -227.33204650878906, 83.1274185180664, -159.42295837402344], [135.5902862548828, 489.32958984375, 271.2200622558594, 467.65936279296875, 145.4167022705078, -20.937824249267578, -48.86980056762695, -95.46144104003906, 42.18970489501953, -34.151145935058594, -56.0125617980957, -113.35472106933594, -15.762474060058594], [-843.2335815429688, 593.9464111328125, -90.94380950927734, 145.4167022705078, 330.2430725097656, 109.06742858886719, 174.39280700683594, -114.07083892822266, -27.83343505859375, -68.87498474121094, 19.799715042114258, -88.25092315673828, 8.060789108276367], [-243.11209106445312, 4.725993633270264, -42.453731536865234, -20.937824249267578, 109.06742858886719, 252.66864013671875, 153.64251708984375, 7.993505477905273, -68.42916107177734, 6.062929153442383, 10.861495018005371, -13.517107009887695, -46.836647033691406], [-1117.6964111328125, 562.2653198242188, -435.3965148925781, -48.86980056762695, 174.39280700683594, 153.64251708984375, 415.5504150390625, -85.18643188476562, 34.3517951965332, -57.22002029418945, 123.38178253173828, -81.85530090332031, -11.054349899291992], [585.9988403320312, -622.5879516601562, 78.684326171875, -95.46144104003906, -114.07083892822266, 7.993505477905273, -85.18643188476562, 329.2979431152344, 17.691402435302734, 105.15306854248047, -76.45834350585938, 61.564239501953125, -38.85797882080078], [-213.77867126464844, 84.97076416015625, -91.99280548095703, 42.18970489501953, -27.83343505859375, -68.42916107177734, 34.3517951965332, 17.691402435302734, 174.1532440185547, 26.785999298095703, 27.51941680908203, -28.104877471923828, 4.571926116943359], [292.6062927246094, -269.5978088378906, 119.42571258544922, -34.151145935058594, -68.87498474121094, 6.062929153442383, -57.22002029418945, 105.15306854248047, 26.785999298095703, 155.3568572998047, 2.597587823867798, 51.33356475830078, -48.696807861328125], [-583.1140747070312, 289.8276672363281, -227.33204650878906, -56.0125617980957, 19.799715042114258, 10.861495018005371, 123.38178253173828, -76.45834350585938, 27.51941680908203, 2.597587823867798, 182.5670623779297, 5.0811920166015625, 26.73170280456543], [99.47411346435547, -479.57073974609375, 83.1274185180664, -113.35472106933594, -88.25092315673828, -13.517107009887695, -81.85530090332031, 61.564239501953125, -28.104877471923828, 51.33356475830078, 5.0811920166015625, 190.4484100341797, 35.856632232666016], [-299.92938232421875, 62.102783203125, -159.42295837402344, -15.762474060058594, 8.060789108276367, -46.836647033691406, -11.054349899291992, -38.85797882080078, 4.571926116943359, -48.696807861328125, 26.73170280456543, 35.856632232666016, 135.28448486328125]], "lowlevel.gfcc.icov": [[0.000185170560143888, -0.0001841985940700397, 4.703464583144523e-05, -7.440380431944504e-05, 0.0005473965429700911, -0.0001997041399590671, 0.0004137096111662686, -0.00024180331092793494, 0.0002166293270420283, -3.578074392862618e-05, 0.00041298175347037613, -0.00016449799295514822, 0.0003462344757281244], [-0.0001841985940700397, 0.0015259147621691227, -0.0003747471491806209, -0.00039879398536868393, -0.001509641413576901, 0.0013608031440526247, -0.0016601822571828961, 0.0012173026334494352, 0.0001683898299233988, -0.00015831191558390856, -0.0018035945249721408, 0.002494380809366703, -0.0011892823968082666], [4.703464583144523e-05, -0.0003747471491806209, 0.002281857654452324, -0.001083157490938902, 0.00023676770797464997, -0.0005840472294948995, 0.0022101670037955046, 0.00018116166756954044, 0.0004942942759953439, -0.00041236478136852384, 0.0014008241705596447, -0.002059737453237176, 0.002959418809041381], [-7.440380431944504e-05, -0.00039879398536868393, -0.001083157490938902, 0.004520867485553026, -0.001783772837370634, -0.0004407550732139498, 0.0010351527016609907, 0.0004039244959130883, -0.002124976832419634, 0.00019862267072312534, 0.0005353935994207859, 0.0014471615431830287, -0.0009233196615241468], [0.0005473965429700911, -0.001509641413576901, 0.00023676770797464997, -0.001783772837370634, 0.008481812663376331, -0.0026423772796988487, -0.00042320770444348454, -0.0007003326318226755, 0.0017605976900085807, 5.586799670709297e-05, 0.002884089946746826, -0.0013084843521937728, 5.938059257459827e-05], [-0.0001997041399590671, 0.0013608031440526247, -0.0005840472294948995, -0.0004407550732139498, -0.0026423772796988487, 0.009068119339644909, -0.005164566449820995, 0.00030996405985206366, 0.0036587866488844156, -0.0016227056039497256, -0.0008961466373875737, 0.001585218240506947, 0.00020605119061656296], [0.0004137096111662686, -0.0016601822571828961, 0.0022101670037955046, 0.0010351527016609907, -0.00042320770444348454, -0.005164566449820995, 0.01033063605427742, -0.001065481686964631, -0.002569404663518071, 0.0021097231656312943, -0.0003151694545522332, -0.002349680056795478, 0.004711038898676634], [-0.00024180331092793494, 0.0012173026334494352, 0.00018116166756954044, 0.0004039244959130883, -0.0007003326318226755, 0.00030996405985206366, -0.001065481686964631, 0.00628206180408597, -0.0008304537041112781, -0.0029502790421247482, 0.0012718414654955268, 0.0013136971974745393, -0.0006013722741045058], [0.0002166293270420283, 0.0001683898299233988, 0.0004942942759953439, -0.002124976832419634, 0.0017605976900085807, 0.0036587866488844156, -0.002569404663518071, -0.0008304537041112781, 0.009688183665275574, -0.002902393229305744, -4.9258520448347554e-05, 0.001333115971647203, -0.0002645654894877225], [-3.578074392862618e-05, -0.00015831191558390856, -0.00041236478136852384, 0.00019862267072312534, 5.586799670709297e-05, -0.0016227056039497256, 0.0021097231656312943, -0.0029502790421247482, -0.002902393229305744, 0.01219494454562664, -0.0031501364428550005, -0.002717728028073907, 0.004120938945561647], [0.00041298175347037613, -0.0018035945249721408, 0.0014008241705596447, 0.0005353935994207859, 0.002884089946746826, -0.0008961466373875737, -0.0003151694545522332, 0.0012718414654955268, -4.9258520448347554e-05, -0.0031501364428550005, 0.012093616649508476, -0.003963391296565533, 0.0008427235297858715], [-0.00016449799295514822, 0.002494380809366703, -0.002059737453237176, 0.0014471615431830287, -0.0013084843521937728, 0.001585218240506947, -0.002349680056795478, 0.0013136971974745393, 0.001333115971647203, -0.002717728028073907, -0.003963391296565533, 0.01377398706972599, -0.006847181357443333], [0.0003462344757281244, -0.0011892823968082666, 0.002959418809041381, -0.0009233196615241468, 5.938059257459827e-05, 0.00020605119061656296, 0.004711038898676634, -0.0006013722741045058, -0.0002645654894877225, 0.004120938945561647, 0.0008427235297858715, -0.006847181357443333, 0.015505888499319553]], "lowlevel.mfcc.cov": [[7743.19189453125, -903.7727661132812, 1137.3487548828125, 11.84489917755127, 216.51901245117188, -674.0234985351562, -541.47900390625, -221.34800720214844, -26.274187088012695, 248.2495880126953, -37.16810607910156, -379.35394287109375, -159.4365692138672], [-903.7727661132812, 2107.043701171875, -416.2588195800781, 423.1875305175781, -43.72336196899414, 490.7902526855469, 332.7313232421875, -57.45509719848633, -32.87935256958008, -161.6511688232422, 56.16633605957031, 224.97998046875, -50.7450065612793], [1137.3487548828125, -416.2588195800781, 1046.1651611328125, 183.1629638671875, 282.8088684082031, -104.35236358642578, -238.06825256347656, -123.1838150024414, -61.948638916015625, 21.195701599121094, -51.281856536865234, -109.89594268798828, -2.2746260166168213], [11.84489917755127, 423.1875305175781, 183.1629638671875, 467.7278747558594, 167.67031860351562, 128.64999389648438, -64.35466766357422, -63.17159652709961, 21.220731735229492, -11.826652526855469, -29.65458106994629, 33.10559844970703, -17.98747444152832], [216.51901245117188, -43.72336196899414, 282.8088684082031, 167.67031860351562, 275.4031677246094, 10.51099681854248, -44.37163162231445, -37.76228713989258, 9.001029014587402, 13.544527053833008, -54.33109664916992, -71.3839111328125, -33.172157287597656], [-674.0234985351562, 490.7902526855469, -104.35236358642578, 128.64999389648438, 10.51099681854248, 411.8486022949219, 194.3877716064453, 33.537715911865234, -14.125779151916504, -60.74209976196289, 28.728389739990234, 79.13392639160156, -21.796632766723633], [-541.47900390625, 332.7313232421875, -238.06825256347656, -64.35466766357422, -44.37163162231445, 194.3877716064453, 355.394775390625, 87.90660858154297, 22.95880126953125, -42.457889556884766, 62.44801712036133, 68.73824310302734, -9.256975173950195], [-221.34800720214844, -57.45509719848633, -123.1838150024414, -63.17159652709961, -37.76228713989258, 33.537715911865234, 87.90660858154297, 135.80209350585938, 46.52791976928711, 14.662035942077637, 18.016128540039062, 9.710759162902832, 9.651668548583984], [-26.274187088012695, -32.87935256958008, -61.948638916015625, 21.220731735229492, 9.001029014587402, -14.125779151916504, 22.95880126953125, 46.52791976928711, 133.3022918701172, 53.40510559082031, 31.30811882019043, 14.526101112365723, -15.54232120513916], [248.2495880126953, -161.6511688232422, 21.195701599121094, -11.826652526855469, 13.544527053833008, -60.74209976196289, -42.457889556884766, 14.662035942077637, 53.40510559082031, 144.07077026367188, 46.00080108642578, -23.379854202270508, -9.093017578125], [-37.16810607910156, 56.16633605957031, -51.281856536865234, -29.65458106994629, -54.33109664916992, 28.728389739990234, 62.44801712036133, 18.016128540039062, 31.30811882019043, 46.00080108642578, 155.84678649902344, 100.13937377929688, 30.1179256439209], [-379.35394287109375, 224.97998046875, -109.89594268798828, 33.10559844970703, -71.3839111328125, 79.13392639160156, 68.73824310302734, 9.710759162902832, 14.526101112365723, -23.379854202270508, 100.13937377929688, 198.80865478515625, 79.27098846435547], [-159.4365692138672, -50.7450065612793, -2.2746260166168213, -17.98747444152832, -33.172157287597656, -21.796632766723633, -9.256975173950195, 9.651668548583984, -15.54232120513916, -9.093017578125, 30.1179256439209, 79.27098846435547, 136.8458251953125]], "lowlevel.mfcc.icov": [[0.0001954716572072357, -3.890956213581376e-05, -0.0001912631851155311, -1.67831913131522e-05, 0.00010483965888852254, 0.00025347931659780443, 2.813033825077582e-05, 7.059680501697585e-05, 3.219442078261636e-05, -0.00015948290820233524, -0.00018243819067720324, 0.00024354697961825877, 0.00016276964743155986], [-3.890956213581376e-05, 0.0011591194197535515, 0.00042824758565984666, -0.0011711198603734374, 0.0003588413237594068, -0.00042392354225739837, -0.0008387665147893131, 0.0008353154407814145, 0.00039921325515024364, 0.0004509133577812463, 4.373146566649666e-06, -0.0006135358707979321, 0.0005712273996323347], [-0.0001912631851155311, 0.00042824758565984666, 0.0020176114048808813, -0.00047887107939459383, -0.0015759140951558948, -0.0003143848152831197, 0.0005012956098653376, 0.0005901678232476115, 0.0007430114201270044, 0.000584055669605732, -0.0008168097119778395, 0.0002863682166207582, -0.000396161456592381], [-1.67831913131522e-05, -0.0011711198603734374, -0.00047887107939459383, 0.005208635237067938, -0.002496096072718501, -0.0012879197020083666, 0.0021392423659563065, 0.00030397064983844757, -0.001726256450638175, -0.0004696442629210651, 0.001163932029157877, -0.0014491626061499119, -0.00010805365309352055], [0.00010483965888852254, 0.0003588413237594068, -0.0015759140951558948, -0.002496096072718501, 0.00740311061963439, 3.929199374397285e-05, -0.001610754057765007, 0.000935389834921807, -0.0009626476094126701, -0.0007368555525317788, 0.0012344572460278869, 0.0018423174042254686, 2.9615663152071647e-05], [0.00025347931659780443, -0.00042392354225739837, -0.0003143848152831197, -0.0012879197020083666, 3.929199374397285e-05, 0.004999564960598946, -0.0019540765788406134, -0.001155761070549488, 0.001513338997028768, 0.00016250510816462338, -0.0002628522051963955, -0.0007559374789707363, 0.0013972113374620676], [2.813033825077582e-05, -0.0008387665147893131, 0.0005012956098653376, 0.0021392423659563065, -0.001610754057765007, -0.0019540765788406134, 0.006487437058240175, -0.0027084548491984606, -0.0007150480523705482, 0.00162849435582757, -0.0021377585362643003, 0.00020644681353587657, 0.00031733763171359897], [7.059680501697585e-05, 0.0008353154407814145, 0.0005901678232476115, 0.00030397064983844757, 0.000935389834921807, -0.001155761070549488, -0.0027084548491984606, 0.01211934071034193, -0.0037779626436531544, -0.0006100142491050065, 0.000727555132471025, 0.0011899203527718782, -0.0018725940026342869], [3.219442078261636e-05, 0.00039921325515024364, 0.0007430114201270044, -0.001726256450638175, -0.0009626476094126701, 0.001513338997028768, -0.0007150480523705482, -0.0037779626436531544, 0.01197187788784504, -0.0034150313585996628, -0.0005596614209935069, -0.0023173552472144365, 0.002795115578919649], [-0.00015948290820233524, 0.0004509133577812463, 0.000584055669605732, -0.0004696442629210651, -0.0007368555525317788, 0.00016250510816462338, 0.00162849435582757, -0.0006100142491050065, -0.0034150313585996628, 0.01204555295407772, -0.006080806255340576, 0.00361858238466084, -0.0004154885245952755], [-0.00018243819067720324, 4.373146566649666e-06, -0.0008168097119778395, 0.001163932029157877, 0.0012344572460278869, -0.0002628522051963955, -0.0021377585362643003, 0.000727555132471025, -0.0005596614209935069, -0.006080806255340576, 0.014518284238874912, -0.008152431808412075, 0.0010495118331164122], [0.00024354697961825877, -0.0006135358707979321, 0.0002863682166207582, -0.0014491626061499119, 0.0018423174042254686, -0.0007559374789707363, 0.00020644681353587657, 0.0011899203527718782, -0.0023173552472144365, 0.00361858238466084, -0.008152431808412075, 0.014779496006667614, -0.006663119420409203], [0.00016276964743155986, 0.0005712273996323347, -0.000396161456592381, -0.00010805365309352055, 2.9615663152071647e-05, 0.0013972113374620676, 0.00031733763171359897, -0.0018725940026342869, 0.002795115578919649, -0.0004154885245952755, 0.0010495118331164122, -0.006663119420409203, 0.011990057304501534]], "metadata.audio_properties.analysis.downmix": "mix", "metadata.audio_propert