{"song_id": "1182276890451521596", "download": "https://cdn.discordapp.com/attachments/1135903449314238464/1182276890451521596/chirp.mp4?ex=65841c28&amp", "lyrics": "[Brefrain]\nMaelys et son fr\u00e8re, ils sont toujours en d\u00e9saccord\nSe chamaillant et se battant comme deux pois dans une cosse\nMais au fond d'eux, ils savent qu'ils devraient passer plus de temps\n\u00c0 jouer ensemble, \u00e0 cr\u00e9er des souvenirs sublimes\n\n[Refrain]\nR\u00e9glons les disputes, faisons la paix et amusons-nous\nMaelys et son fr\u00e8re, meilleurs en tant qu'\u00e9quipe, pas juste un\nJouez ensemble, riez et chantez, renforcez votre lien\nEt n'oubliez pas de r\u00e9ussir \u00e0 l'\u00e9cole, faites un effort un peu plus longtemps", "style": ["happy song for kids"], "essentia_features": {"lowlevel.average_loudness": 0.9354321956634521, "lowlevel.barkbands_crest.mean": 11.04699420928955, "lowlevel.barkbands_crest.stdev": 4.371543884277344, "lowlevel.barkbands_flatness_db.mean": 0.1662638634443283, "lowlevel.barkbands_flatness_db.stdev": 0.06117679923772812, "lowlevel.barkbands_kurtosis.mean": 7.346728801727295, "lowlevel.barkbands_kurtosis.stdev": 13.648417472839355, "lowlevel.barkbands_skewness.mean": 1.8576194047927856, "lowlevel.barkbands_skewness.stdev": 1.614122748374939, "lowlevel.barkbands_spread.mean": 20.301713943481445, "lowlevel.barkbands_spread.stdev": 16.342021942138672, "lowlevel.dissonance.mean": 0.446227103471756, "lowlevel.dissonance.stdev": 0.03655751794576645, "lowlevel.dynamic_complexity": 2.8715322017669678, "lowlevel.erbbands_crest.mean": 12.07784652709961, "lowlevel.erbbands_crest.stdev": 6.124356746673584, "lowlevel.erbbands_flatness_db.mean": 0.17876197397708893, "lowlevel.erbbands_flatness_db.stdev": 0.07139138132333755, "lowlevel.erbbands_kurtosis.mean": 1.663345217704773, "lowlevel.erbbands_kurtosis.stdev": 5.411304473876953, "lowlevel.erbbands_skewness.mean": 0.5304048657417297, "lowlevel.erbbands_skewness.stdev": 1.2075132131576538, "lowlevel.erbbands_spread.mean": 43.15507125854492, "lowlevel.erbbands_spread.stdev": 28.244583129882812, "lowlevel.hfc.mean": 21.97673225402832, "lowlevel.hfc.stdev": 15.790726661682129, "lowlevel.loudness_ebu128.integrated": -11.637978553771973, "lowlevel.loudness_ebu128.loudness_range": 2.9484195709228516, "lowlevel.loudness_ebu128.momentary.mean": -12.267542839050293, "lowlevel.loudness_ebu128.momentary.stdev": 2.707659959793091, "lowlevel.loudness_ebu128.short_term.mean": -11.8513822555542, "lowlevel.loudness_ebu128.short_term.stdev": 1.5919463634490967, "lowlevel.melbands_crest.mean": 14.432168960571289, "lowlevel.melbands_crest.stdev": 4.938399791717529, "lowlevel.melbands_flatness_db.mean": 0.22856250405311584, "lowlevel.melbands_flatness_db.stdev": 0.06360036134719849, "lowlevel.melbands_kurtosis.mean": 19.93351173400879, "lowlevel.melbands_kurtosis.stdev": 25.52705955505371, "lowlevel.melbands_skewness.mean": 3.026371717453003, "lowlevel.melbands_skewness.stdev": 2.1184308528900146, "lowlevel.melbands_spread.mean": 20.15877914428711, "lowlevel.melbands_spread.stdev": 17.771202087402344, "lowlevel.pitch_salience.mean": 0.5062368512153625, "lowlevel.pitch_salience.stdev": 0.12099885195493698, "lowlevel.silence_rate_20dB.mean": 1.0, "lowlevel.silence_rate_20dB.stdev": 0.0, "lowlevel.silence_rate_30dB.mean": 1.0, "lowlevel.silence_rate_30dB.stdev": 0.0, "lowlevel.silence_rate_60dB.mean": 0.05862339586019516, "lowlevel.silence_rate_60dB.stdev": 0.23491144180297852, "lowlevel.spectral_centroid.mean": 1136.8824462890625, "lowlevel.spectral_centroid.stdev": 619.0946044921875, "lowlevel.spectral_complexity.mean": 13.452760696411133, "lowlevel.spectral_complexity.stdev": 6.15720796585083, "lowlevel.spectral_decrease.mean": -6.993218448769767e-09, "lowlevel.spectral_decrease.stdev": 4.3063081989203056e-09, "lowlevel.spectral_energy.mean": 0.02838737890124321, "lowlevel.spectral_energy.stdev": 0.01714453287422657, "lowlevel.spectral_energyband_high.mean": 0.00098306848667562, "lowlevel.spectral_energyband_high.stdev": 0.0013121763477101922, "lowlevel.spectral_energyband_low.mean": 0.006656380370259285, "lowlevel.spectral_energyband_low.stdev": 0.008621389977633953, "lowlevel.spectral_energyband_middle_high.mean": 0.00581080187112093, "lowlevel.spectral_energyband_middle_high.stdev": 0.00839353259652853, "lowlevel.spectral_energyband_middle_low.mean": 0.016339324414730072, "lowlevel.spectral_energyband_middle_low.stdev": 0.012790804728865623, "lowlevel.spectral_entropy.mean": 7.270035743713379, "lowlevel.spectral_entropy.stdev": 0.587333083152771, "lowlevel.spectral_flux.mean": 0.07019401341676712, "lowlevel.spectral_flux.stdev": 0.0473395474255085, "lowlevel.spectral_kurtosis.mean": 5.338514804840088, "lowlevel.spectral_kurtosis.stdev": 5.953888416290283, "lowlevel.spectral_rms.mean": 0.004942148458212614, "lowlevel.spectral_rms.stdev": 0.0018083656905218959, "lowlevel.spectral_rolloff.mean": 1457.6239013671875, "lowlevel.spectral_rolloff.stdev": 1761.0712890625, "lowlevel.spectral_skewness.mean": 1.6849368810653687, "lowlevel.spectral_skewness.stdev": 0.6600772738456726, "lowlevel.spectral_spread.mean": 5417530.5, "lowlevel.spectral_spread.stdev": 2313848.5, "lowlevel.spectral_strongpeak.mean": 1.606994390487671, "lowlevel.spectral_strongpeak.stdev": 1.7303143739700317, "lowlevel.zerocrossingrate.mean": 0.06410004198551178, "lowlevel.zerocrossingrate.stdev": 0.041482143104076385, "metadata.audio_properties.analysis.equal_loudness": 0.0, "metadata.audio_properties.analysis.length": 88.68265533447266, "metadata.audio_properties.analysis.sample_rate": 44100.0, "metadata.audio_properties.analysis.start_time": 0.0, "metadata.audio_properties.bit_rate": 120734.0, "metadata.audio_properties.length": 88.68266296386719, "metadata.audio_properties.lossless": 0.0, "metadata.audio_properties.number_channels": 1.0, "metadata.audio_properties.replay_gain": -15.140558242797852, "metadata.audio_properties.sample_rate": 48000.0, "rhythm.beats_count": 173.0, "rhythm.beats_loudness.mean": 0.03422493860125542, "rhythm.beats_loudness.stdev": 0.01201271079480648, "rhythm.bpm": 117.37287902832031, "rhythm.bpm_histogram_first_peak_bpm": 117.0, "rhythm.bpm_histogram_first_peak_weight": 0.21052628755569458, "rhythm.bpm_histogram_second_peak_bpm": 123.0, "rhythm.bpm_histogram_second_peak_spread": 0.0, "rhythm.bpm_histogram_second_peak_weight": 0.0058139534667134285, "rhythm.danceability": 1.1686145067214966, "rhythm.onset_rate": 4.103710174560547, "tonal.chords_changes_rate": 0.048665620386600494, "tonal.chords_number_rate": 0.0047095762565732, "tonal.chords_strength.mean": 0.5126161575317383, "tonal.chords_strength.stdev": 0.07620969414710999, "tonal.hpcp_crest.mean": 18.739439010620117, "tonal.hpcp_crest.stdev": 7.953654766082764, "tonal.hpcp_entropy.mean": 1.3990370035171509, "tonal.hpcp_entropy.stdev": 0.6479422450065613, "tonal.key_edma.strength": 0.8132519125938416, "tonal.key_krumhansl.strength": 0.8248602747917175, "tonal.key_temperley.strength": 0.839634358882904, "tonal.tuning_diatonic_strength": 0.6698772311210632, "tonal.tuning_equal_tempered_deviation": 0.005178135819733143, "tonal.tuning_frequency": 439.4919738769531, "tonal.tuning_nontempered_energy_ratio": 0.6175270080566406, "lowlevel.barkbands.mean": [6.864525494165719e-05, 0.0016735851531848311, 0.003733843332156539, 0.0026380859781056643, 0.0032236820552498102, 0.004959253128618002, 0.00245388294570148, 0.0014879413647577167, 0.0011345138773322105, 0.0014620483852922916, 0.0010086060501635075, 0.0007868015090934932, 0.0009169916738756001, 0.0002806075499393046, 0.0003243730461690575, 0.0003088832600042224, 0.0003397231048438698, 0.00022567341511603445, 0.0002176765410695225, 0.0004224482399877161, 0.00015376420924440026, 7.474880112567917e-05, 0.00012423217413015664, 0.00016637318185530603, 0.00014408504648599774, 5.617860733764246e-05, 7.601418587910302e-07], "lowlevel.barkbands.stdev": [0.00010213154018856585, 0.004666226450353861, 0.004514144733548164, 0.0025919622275978327, 0.004078674595803022, 0.008642720058560371, 0.006011734716594219, 0.004293383099138737, 0.0030964696779847145, 0.005026679951697588, 0.0026001741643995047, 0.00331628299318254, 0.003326042555272579, 0.0013330662623047829, 0.0007704770541749895, 0.0007418334716930985, 0.0009315876523032784, 0.0005501919076777995, 0.0004146227438468486, 0.0007472598808817565, 0.0003153590369038284, 0.00022250869369599968, 0.00034598371712490916, 0.0004519163921941072, 0.0002338159829378128, 9.886990301311016e-05, 2.509323621779913e-06], "lowlevel.erbbands.mean": [0.02167331799864769, 0.5038579106330872, 3.358173370361328, 7.347905158996582, 10.340310096740723, 9.590278625488281, 19.773311614990234, 49.19952392578125, 42.024658203125, 35.25507736206055, 22.930709838867188, 32.23320007324219, 32.38121032714844, 49.34151840209961, 41.15519332885742, 40.656890869140625, 43.83870315551758, 19.680498123168945, 16.759695053100586, 16.353992462158203, 17.07064437866211, 16.31598472595215, 14.809417724609375, 11.66469669342041, 11.62549114227295, 19.45807647705078, 12.38068962097168, 3.654909133911133, 2.78810715675354, 2.9010698795318604, 3.54598069190979, 3.231226682662964, 2.9442756175994873, 1.9990547895431519, 0.790794849395752, 0.3015576899051666, 0.09439922124147415, 0.010400512255728245, 0.00022135202016215771, 4.3795986130135134e-05], "lowlevel.erbbands.stdev": [0.07101719081401825, 1.2784488201141357, 4.608880043029785, 6.874607086181641, 10.58925724029541, 16.162418365478516, 38.373775482177734, 93.33354187011719, 92.3175048828125, 87.91231536865234, 70.70816802978516, 85.61656951904297, 92.98151397705078, 171.1665802001953, 104.70614624023438, 164.5251922607422, 151.49545288085938, 71.17758178710938, 41.10918426513672, 37.932315826416016, 35.346466064453125, 40.33318328857422, 35.763771057128906, 23.810710906982422, 24.165515899658203, 35.1129150390625, 21.71192741394043, 8.147605895996094, 7.726204872131348, 8.878870964050293, 9.950556755065918, 9.659082412719727, 7.510426998138428, 3.636838436126709, 1.2166646718978882, 0.5139631628990173, 0.17159417271614075, 0.021143291145563126, 0.0004010054690297693, 2.8466341973398812e-05], "lowlevel.gfcc.mean": [-14.152045249938965, 86.60928344726562, -109.98126220703125, 22.195884704589844, -65.77751159667969, 5.2052106857299805, -51.497310638427734, 7.055972576141357, -38.482662200927734, -0.23529842495918274, -17.35077476501465, -5.996389389038086, -7.987831115722656], "lowlevel.melbands.mean": [0.0003270876477472484, 0.0014327673707157373, 0.0014026815770193934, 0.0006697700591757894, 0.0006690031732432544, 0.001054162159562111, 0.0006161586497910321, 0.0003791319322772324, 0.0001633627398405224, 0.00020464882254600525, 0.00015830015763640404, 0.00020077620865777135, 0.0001294483372475952, 0.00010939046478597447, 8.601370791438967e-05, 8.975694072432816e-05, 3.053113687201403e-05, 2.658416997292079e-05, 2.0217219571350142e-05, 2.5529156118864194e-05, 1.8709633877733722e-05, 1.6279416740871966e-05, 1.9897483070963062e-05, 8.580668691138271e-06, 9.540966857457533e-06, 7.395759439532412e-06, 9.694155778561253e-06, 1.4214409929991234e-05, 9.968990525521804e-06, 3.56566874870623e-06, 1.5768015373396338e-06, 1.5965968032105593e-06, 1.384198185405694e-06, 1.74674937625241e-06, 1.950455271071405e-06, 2.1278233361954335e-06, 1.9864930891344557e-06, 2.172369022446219e-06, 1.9024596440431196e-06, 1.621315050215344e-06], "lowlevel.melbands.stdev": [0.0009629781125113368, 0.002047561574727297, 0.0011756314197555184, 0.0007962833624333143, 0.0011727738892659545, 0.001915354747325182, 0.0013616759097203612, 0.0009838738478720188, 0.0005270455731078982, 0.0005602065939456224, 0.0004819860914722085, 0.0007538741338066757, 0.00033728426205925643, 0.00038915753248147666, 0.000285499932942912, 0.0003602343495003879, 0.00014402062515728176, 7.278931298060343e-05, 5.232419789535925e-05, 6.394640513462946e-05, 4.2162933823419735e-05, 4.077894482179545e-05, 6.103494160925038e-05, 1.8232816728414036e-05, 2.1489910068339668e-05, 1.467570928070927e-05, 2.1570713215623982e-05, 2.7794305424322374e-05, 1.7947932064998895e-05, 8.945189620135352e-06, 4.407905635162024e-06, 4.659646492655156e-06, 4.239343525114236e-06, 5.524174412130378e-06, 5.469217740028398e-06, 6.716813913953956e-06, 6.099923211877467e-06, 6.17331306784763e-06, 3.866995029966347e-06, 2.8907288651680574e-06], "lowlevel.melbands128.mean": [2.6340538170188665e-05, 9.258333739126101e-05, 0.0003586114617064595, 0.0009409338235855103, 0.0014509513275697827, 0.0019827403593808413, 0.0014663625042885542, 0.001374793704599142, 0.0011104214936494827, 0.0004910331917926669, 0.0004864829534199089, 0.0006165001541376114, 0.0005819412181153893, 0.0008497602539137006, 0.00137323176022619, 0.0009953859262168407, 0.0007183638517744839, 0.0005974720697849989, 0.00043379105045460165, 0.0003640885406639427, 0.0004174525965936482, 0.00018374787759967148, 0.0001520306832389906, 8.258488378487527e-05, 0.0002305717789568007, 0.0002730709093157202, 0.00010013231076300144, 0.00018567584629636258, 0.00010906528768828139, 0.0002940715930890292, 0.0001980445085791871, 0.00010378553270129487, 0.00011903175618499517, 0.00018785269639920443, 4.485665340325795e-05, 0.00013353876420296729, 0.00013395443966146559, 2.775530629151035e-05, 0.00011597948468988761, 0.00010948292765533552, 0.00010225436562905088, 2.1046289475634694e-05, 2.466290425218176e-05, 4.378648736746982e-05, 1.9158705981681123e-05, 2.7364943889551796e-05, 3.038613976968918e-05, 1.558261465106625e-05, 1.6923977455007844e-05, 2.3978598619578406e-05, 2.7783211407950148e-05, 2.9366377930273302e-05, 1.3786950148642063e-05, 1.7452910469728522e-05, 2.131185283360537e-05, 1.3055228919256479e-05, 1.0506209036975633e-05, 3.062764881178737e-05, 1.8391550838714465e-05, 1.3229850992502179e-05, 4.399630142870592e-06, 6.4132377701753285e-06, 1.6020925613702275e-05, 8.169071406882722e-06, 3.930559159925906e-06, 7.650866791664157e-06, 9.445608156966045e-06, 7.220680799946422e-06, 9.273458090319764e-06, 1.4729437680216506e-05, 9.065594895218965e-06, 2.0917248548357747e-05, 1.3971577573101968e-05, 7.045752226986224e-06, 5.577021511271596e-06, 4.275600076653063e-06, 2.5326817194581963e-06, 1.5628910432496923e-06, 1.4859471093586762e-06, 1.3810918062517885e-06, 1.747567807797168e-06, 1.6438685861430713e-06, 1.3942036503067357e-06, 1.4245341617424856e-06, 1.2457238653951208e-06, 1.584455731062917e-06, 2.0332627173047513e-06, 1.8332216313865501e-06, 1.8189067532148329e-06, 2.056392759186565e-06, 2.483380058038165e-06, 2.1092273527756333e-06, 1.6756724789956934e-06, 1.6941622789090616e-06, 2.4488037979608634e-06, 2.4205539830290945e-06, 2.0869579202553723e-06, 1.788428335203207e-06, 1.954726940311957e-06, 1.986245479201898e-06, 1.7417609115000232e-06, 1.729318455545581e-06, 1.2181160400359659e-06, 9.861253147391835e-07, 7.877677603573829e-07, 8.128499757731333e-07, 6.386866857610585e-07, 6.251023592085403e-07, 5.273825536278309e-07, 4.0093954112307983e-07, 3.3155203027490643e-07, 3.5493781069817487e-07, 3.270407660238561e-07, 2.286658968841948e-07, 2.0634652742046455e-07, 1.0506949621458261e-07, 3.02044611544261e-08, 2.034301754827439e-10, 7.360537526701627e-12, 4.4779618381396435e-12, 4.228184209004171e-12, 3.903433999641326e-12, 3.620800924711287e-12, 3.53769812923288e-12, 3.4214744752680826e-12, 3.2741099328242873e-12, 3.1809123477583023e-12, 3.145832986467534e-12], "lowlevel.melbands128.stdev": [7.467321120202541e-05, 0.00039583389298059046, 0.001277194358408451, 0.0025294905062764883, 0.002643197774887085, 0.002304431051015854, 0.0016372541431337595, 0.001515628187917173, 0.001284352270886302, 0.0009237084886990488, 0.001073620282113552, 0.001352281542494893, 0.001612120191566646, 0.002010183408856392, 0.0032147401943802834, 0.0022764806635677814, 0.0021066588815301657, 0.0019337872508913279, 0.0015166037483140826, 0.0011880215024575591, 0.0014444715343415737, 0.0007267251494340599, 0.0007883976795710623, 0.00040213539614342153, 0.0007376761641353369, 0.0009089336381293833, 0.0003883525205310434, 0.0008177647832781076, 0.000564291316550225, 0.0014605587348341942, 0.0008195500704459846, 0.00039664492942392826, 0.0004391952825244516, 0.000670156441628933, 0.00019347562920302153, 0.0007041804492473602, 0.0007098663481883705, 0.0001401081681251526, 0.0005993886152282357, 0.0004506740951910615, 0.0005927319871261716, 0.00014628453936893493, 0.000130336222355254, 0.00031590464641340077, 0.00010320200090063736, 9.735791536513716e-05, 0.00011216128768865019, 7.62724012020044e-05, 6.208339618751779e-05, 9.50592293520458e-05, 8.738203905522823e-05, 9.871862857835367e-05, 6.066632704460062e-05, 6.637746264459565e-05, 7.161317626014352e-05, 5.4566542530665174e-05, 4.8065008741104975e-05, 0.00014483631821349263, 6.694420881103724e-05, 4.765146877616644e-05, 1.16990477181389e-05, 1.9279783373349346e-05, 4.991856258129701e-05, 2.0430265067261644e-05, 9.616016541258432e-06, 1.8525539417169057e-05, 2.3630596842849627e-05, 4.742415330838412e-05, 2.142368430213537e-05, 4.217111927573569e-05, 2.3265676645678468e-05, 6.413146911654621e-05, 3.063777694478631e-05, 1.852815148595255e-05, 1.6197831428144127e-05, 1.568604238855187e-05, 6.622993623750517e-06, 4.766335678141331e-06, 4.631198862625752e-06, 4.882682333118282e-06, 5.648998467222555e-06, 5.1401875680312514e-06, 4.142255875194678e-06, 4.479902145249071e-06, 4.802626335731475e-06, 6.113983090472175e-06, 6.6043912738678046e-06, 5.595250968326582e-06, 5.358591351978248e-06, 6.45276941213524e-06, 8.558833542338107e-06, 7.0127139224496204e-06, 5.8152918427367695e-06, 5.710053301299922e-06, 7.764587280689739e-06, 7.4977615440730006e-06, 6.693188879580703e-06, 4.4570683712663595e-06, 4.18083391195978e-06, 3.991996436525369e-06, 3.6315052511781687e-06, 3.1382210181618575e-06, 2.2473700482805725e-06, 1.7851810980573646e-06, 1.2917988669869374e-06, 1.3564716709879576e-06, 1.1085995765824919e-06, 1.1001568509527715e-06, 1.0196467883361038e-06, 7.904853305262804e-07, 6.762997486475797e-07, 6.960645464459958e-07, 6.294268928286328e-07, 4.6668694153595425e-07, 4.5940885229356354e-07, 2.5835166184151603e-07, 8.876566681692566e-08, 1.4433334527552688e-09, 7.788601708025311e-11, 3.583393998196627e-11, 2.839334149740136e-11, 1.605555098593836e-11, 1.0053834501033698e-11, 9.385476770762402e-12, 8.134515630531247e-12, 7.016136369802917e-12, 6.4256456058786604e-12, 6.1136738033207294e-12], "lowlevel.mfcc.mean": [-663.0797729492188, 120.07847595214844, 8.167091369628906, 16.140933990478516, 5.8760600090026855, -9.194340705871582, 2.0917704105377197, -10.383928298950195, -5.598644256591797, -5.411998748779297, -14.093832015991211, -3.7684953212738037, -1.0645623207092285], "lowlevel.spectral_contrast_coeffs.mean": [-0.644199550151825, -0.6633484959602356, -0.7230727672576904, -0.7670266628265381, -0.7772127389907837, -0.801137387752533], "lowlevel.spectral_contrast_coeffs.stdev": [0.07808682322502136, 0.09664516150951385, 0.08919757604598999, 0.06757400184869766, 0.05716833099722862, 0.04075702279806137], "lowlevel.spectral_contrast_valleys.mean": [-7.085343837738037, -7.2158708572387695, -7.85268497467041, -8.08253002166748, -7.890851020812988, -10.254560470581055], "lowlevel.spectral_contrast_valleys.stdev": [1.2716597318649292, 0.7230479717254639, 0.6643272638320923, 0.6354069709777832, 0.8995952010154724, 1.4088548421859741], "rhythm.beats_loudness_band_ratio.mean": [0.2782037854194641, 0.29339081048965454, 0.20964184403419495, 0.16535434126853943, 0.07336840033531189, 0.049819521605968475], "rhythm.beats_loudness_band_ratio.stdev": [0.20940008759498596, 0.223556786775589, 0.18429459631443024, 0.19299472868442535, 0.09467972815036774, 0.037425730377435684], "tonal.hpcp.mean": [0.12238198518753052, 0.07962844520807266, 0.0765346810221672, 0.1592079997062683, 0.10982941836118698, 0.03399790823459625, 0.056687165051698685, 0.046930357813835144, 0.1893787831068039, 0.35492610931396484, 0.19422395527362823, 0.023387502878904343, 0.013847043737769127, 0.015278464183211327, 0.08305113762617111, 0.17399442195892334, 0.11219318211078644, 0.020605701953172684, 0.01503038965165615, 0.014981835149228573, 0.05185200273990631, 0.10317050665616989, 0.0862169861793518, 0.2500537931919098, 0.4216369092464447, 0.21781077980995178, 0.028937267139554024, 0.019003715366125107, 0.021768836304545403, 0.13123536109924316, 0.23248080909252167, 0.12818612158298492, 0.027173282578587532, 0.020360447466373444, 0.026959650218486786, 0.0774240791797638], "tonal.hpcp.stdev": [0.2640773355960846, 0.18780381977558136, 0.16544507443904877, 0.30075472593307495, 0.22292108833789825, 0.10434984415769577, 0.18014851212501526, 0.13915470242500305, 0.23933066427707672, 0.3904282748699188, 0.2441970407962799, 0.09727158397436142, 0.06690213829278946, 0.07883679866790771, 0.16390660405158997, 0.2933938503265381, 0.21259911358356476, 0.08012520521879196, 0.0762953981757164, 0.0786164179444313, 0.1481042355298996, 0.23120732605457306, 0.18996459245681763, 0.2825530469417572, 0.43314096331596375, 0.25823602080345154, 0.11175017803907394, 0.09410356730222702, 0.09872296452522278, 0.2199089527130127, 0.34134745597839355, 0.21272873878479004, 0.10519169270992279, 0.08558731526136398, 0.11235178261995316, 0.19119280576705933], "rhythm.beats_position": [0.4876190423965454, 0.9984580278396606, 1.5092970132827759, 2.0201361179351807, 2.530975103378296, 3.041814088821411, 3.5526530742645264, 4.0634918212890625, 4.574330806732178, 5.085169792175293, 5.596008777618408, 6.118457794189453, 6.629296779632568, 7.128525733947754, 7.627755165100098, 8.150203704833984, 8.661043167114258, 9.183491706848145, 9.705941200256348, 10.205169677734375, 10.704399108886719, 11.215237617492676, 11.72607707977295, 12.236915588378906, 12.74775505065918, 13.258593559265137, 13.76943302154541, 14.280271530151367, 14.79111099243164, 15.301949501037598, 15.812788963317871, 16.323627471923828, 16.8344669342041, 17.345306396484375, 17.856143951416016, 18.36698341369629, 18.877822875976562, 19.400272369384766, 19.911109924316406, 20.43355941772461, 20.944398880004883, 21.455238342285156, 21.966075897216797, 22.47691535949707, 22.987754821777344, 23.498594284057617, 24.009431838989258, 24.52027130126953, 25.019500732421875, 25.53034019470215, 26.05278778076172, 26.563627243041992, 27.074466705322266, 27.58530616760254, 28.09614372253418, 28.595373153686523, 29.106212615966797, 29.628662109375, 30.13949966430664, 30.650339126586914, 31.161178588867188, 31.67201805114746, 32.182857513427734, 32.693695068359375, 33.20453643798828, 33.71537399291992, 34.22621154785156, 34.73705291748047, 35.24789047241211, 35.75872802734375, 36.269569396972656, 36.7804069519043, 37.2912483215332, 37.802085876464844, 38.312923431396484, 38.82376480102539, 39.33460235595703, 39.84543991088867, 40.35628128051758, 40.86711883544922, 41.377960205078125, 41.888797760009766, 42.41124725341797, 42.93369674682617, 43.432926177978516, 43.932151794433594, 44.4429931640625, 44.95383071899414, 45.46467208862305, 45.97550964355469, 46.48634719848633, 46.997188568115234, 47.508026123046875, 48.018863677978516, 48.52970504760742, 49.04054260253906, 49.55138397216797, 50.06222152709961, 50.57305908203125, 51.083900451660156, 51.60634994506836, 52.1287956237793, 52.6396369934082, 53.150474548339844, 53.66131591796875, 54.16054153442383, 54.65977096557617, 55.17061233520508, 55.68144989013672, 56.19228744506836, 56.71473693847656, 57.237186431884766, 57.72480773925781, 58.23564529418945, 58.746482849121094, 59.25732421875, 59.76816177368164, 60.290611267089844, 60.801448822021484, 61.31229019165039, 61.82312774658203, 62.322357177734375, 62.84480667114258, 63.36725616455078, 63.87809371948242, 64.38893127441406, 64.89977264404297, 65.41061401367188, 65.90984344482422, 66.40907287597656, 66.91990661621094, 67.43074798583984, 67.94158935546875, 68.45242309570312, 68.9748764038086, 69.48571014404297, 69.99655151367188, 70.50739288330078, 71.01822662353516, 71.52906799316406, 72.0282974243164, 72.53913879394531, 73.04997253417969, 73.5608139038086, 74.0716552734375, 74.5824966430664, 75.09333038330078, 75.60417175292969, 76.1150131225586, 76.62584686279297, 77.13668823242188, 77.65913391113281, 78.18158721923828, 78.69242858886719, 79.20326232910156, 79.72571563720703, 80.2365493774414, 80.73577880859375, 81.24662017822266, 81.75746154785156, 82.26829528808594, 82.77913665771484, 83.28997802734375, 83.80081176757812, 84.31165313720703, 84.82249450683594, 85.33332824707031, 85.84416961669922, 86.35501098632812, 86.86585235595703, 87.3766860961914, 87.88752746582031, 88.39836883544922], "rhythm.bpm_histogram": [0.0, 0.0, 0.0, 0.0, 0.0, 0.0, 0.0, 0.0, 0.0, 0.0, 0.0, 0.0, 0.0, 0.0, 0.0, 0.0, 0.0, 0.0, 0.0, 0.0, 0.0, 0.0, 0.0, 0.0, 0.0, 0.0, 0.0, 0.0, 0.0, 0.0, 0.0, 0.0, 0.0, 0.0, 0.0, 0.0, 0.0, 0.0, 0.0, 0.0, 0.0, 0.0, 0.0, 0.0, 0.0, 0.0, 0.0, 0.0, 0.0, 0.0, 0.0, 0.0, 0.0, 0.0, 0.0, 0.0, 0.0, 0.0, 0.0, 0.0, 0.0, 0.0, 0.0, 0.0, 0.0, 0.0, 0.0, 0.0, 0.0, 0.0, 0.0, 0.0, 0.0, 0.0, 0.0, 0.0, 0.0, 0.0, 0.0, 0.0, 0.0, 0.0, 0.0, 0.0, 0.0, 0.0, 0.0, 0.0, 0.0, 0.0, 0.0, 0.0, 0.0, 0.0, 0.0, 0.0, 0.0, 0.0, 0.0, 0.0, 0.0, 0.0, 0.0, 0.0, 0.0, 0.0, 0.0, 0.0, 0.0, 0.0, 0.0, 0.0, 0.0, 0.0, 0.0, 0.12209302186965942, 0.0, 0.7848837375640869, 0.0, 0.0, 0.0872092992067337, 0.0, 0.0, 0.0058139534667134285, 0.0, 0.0, 0.0, 0.0, 0.0, 0.0, 0.0, 0.0, 0.0, 0.0, 0.0, 0.0, 0.0, 0.0, 0.0, 0.0, 0.0, 0.0, 0.0, 0.0, 0.0, 0.0, 0.0, 0.0, 0.0, 0.0, 0.0, 0.0, 0.0, 0.0, 0.0, 0.0, 0.0, 0.0, 0.0, 0.0, 0.0, 0.0, 0.0, 0.0, 0.0, 0.0, 0.0, 0.0, 0.0, 0.0, 0.0, 0.0, 0.0, 0.0, 0.0, 0.0, 0.0, 0.0, 0.0, 0.0, 0.0, 0.0, 0.0, 0.0, 0.0, 0.0, 0.0, 0.0, 0.0, 0.0, 0.0, 0.0, 0.0, 0.0, 0.0, 0.0, 0.0, 0.0, 0.0, 0.0, 0.0, 0.0, 0.0, 0.0, 0.0, 0.0, 0.0, 0.0, 0.0, 0.0, 0.0, 0.0, 0.0, 0.0, 0.0, 0.0, 0.0, 0.0, 0.0, 0.0, 0.0, 0.0, 0.0, 0.0, 0.0, 0.0, 0.0, 0.0, 0.0, 0.0, 0.0, 0.0, 0.0, 0.0, 0.0, 0.0, 0.0, 0.0, 0.0, 0.0, 0.0, 0.0, 0.0, 0.0, 0.0, 0.0, 0.0, 0.0, 0.0, 0.0], "tonal.chords_histogram": [37.93825149536133, 1.4128727912902832, 16.117216110229492, 0.680272102355957, 8.581893920898438, 0.0, 0.0, 0.0, 0.0, 0.0, 0.0, 0.0, 0.0, 0.0, 0.0, 0.680272102355957, 0.0, 4.552590370178223, 0.0, 1.7268445491790771, 0.0, 2.61643123626709, 21.088436126708984, 4.604918956756592], "tonal.thpcp": [1.0, 0.5165837407112122, 0.06863076984882355, 0.045071281492710114, 0.05162934213876724, 0.31125205755233765, 0.5513768196105957, 0.3040201663970947, 0.06444711238145828, 0.04828905314207077, 0.06394044309854507, 0.18362738192081451, 0.2902544438838959, 0.18885548412799835, 0.18151798844337463, 0.37759503722190857, 0.26048341393470764, 0.08063314110040665, 0.134445458650589, 0.11130514740943909, 0.44915133714675903, 0.8417813777923584, 0.46064266562461853, 0.055468346923589706, 0.03284115716814995, 0.03623607009649277, 0.19697311520576477, 0.41266411542892456, 0.2660895586013794, 0.04887072741985321, 0.03564770892262459, 0.03553255274891853, 0.1229778528213501, 0.244690403342247, 0.2044815868139267, 0.5930547714233398], "lowlevel.gfcc.cov": [[7213.4228515625, -1302.5372314453125, 1526.93212890625, 860.802490234375, -181.48365783691406, 700.5797119140625, 350.8544921875, 611.6235961914062, -728.238525390625, 390.1902770996094, -189.65744018554688, 11.480143547058105, -500.2008361816406], [-1302.5372314453125, 1563.1514892578125, -430.7297058105469, -250.77325439453125, 386.44708251953125, -275.80035400390625, 167.4596405029297, -85.85254669189453, 219.70266723632812, -138.22425842285156, 151.4800567626953, -154.7377166748047, 180.56634521484375], [1526.93212890625, -430.7297058105469, 1413.7391357421875, 555.6490478515625, 68.75907897949219, 506.8194580078125, -26.35495948791504, 155.39100646972656, -206.7692108154297, -19.8487606048584, -237.12588500976562, 53.803688049316406, -299.13092041015625], [860.802490234375, -250.77325439453125, 555.6490478515625, 639.832763671875, 86.59568786621094, 148.6249542236328, 27.103010177612305, 102.88237762451172, -62.04637145996094, -42.436729431152344, -111.93238830566406, 22.778478622436523, -110.24742889404297], [-181.48365783691406, 386.44708251953125, 68.75907897949219, 86.59568786621094, 422.2398681640625, 34.39141845703125, 48.25593566894531, 59.805118560791016, 46.335487365722656, -49.32612991333008, -57.70506286621094, -16.366540908813477, -2.427736282348633], [700.5797119140625, -275.80035400390625, 506.8194580078125, 148.6249542236328, 34.39141845703125, 525.6299438476562, 97.283935546875, 33.67873764038086, -110.79067993164062, 17.486722946166992, -100.60543823242188, -22.312013626098633, -151.3853302001953], [350.8544921875, 167.4596405029297, -26.35495948791504, 27.103010177612305, 48.25593566894531, 97.283935546875, 303.4898376464844, 36.225921630859375, -57.32320785522461, 56.31514358520508, 36.242645263671875, -39.317806243896484, -18.79184913635254], [611.6235961914062, -85.85254669189453, 155.39100646972656, 102.88237762451172, 59.805118560791016, 33.67873764038086, 36.225921630859375, 248.86439514160156, -13.062800407409668, 7.8428449630737305, -40.99967956542969, 17.83108139038086, -26.03862190246582], [-728.238525390625, 219.70266723632812, -206.7692108154297, -62.04637145996094, 46.335487365722656, -110.79067993164062, -57.32320785522461, -13.062800407409668, 275.52203369140625, -26.637697219848633, 25.82477569580078, 23.15877914428711, 73.34034729003906], [390.1902770996094, -138.22425842285156, -19.8487606048584, -42.436729431152344, -49.32612991333008, 17.486722946166992, 56.31514358520508, 7.8428449630737305, -26.637697219848633, 197.66555786132812, 45.01294708251953, 8.039358139038086, -28.783767700195312], [-189.65744018554688, 151.4800567626953, -237.12588500976562, -111.93238830566406, -57.70506286621094, -100.60543823242188, 36.242645263671875, -40.99967956542969, 25.82477569580078, 45.01294708251953, 169.29559326171875, 5.779973030090332, 57.840389251708984], [11.480143547058105, -154.7377166748047, 53.803688049316406, 22.778478622436523, -16.366540908813477, -22.312013626098633, -39.317806243896484, 17.83108139038086, 23.15877914428711, 8.039358139038086, 5.779973030090332, 129.01626586914062, 4.872832775115967], [-500.2008361816406, 180.56634521484375, -299.13092041015625, -110.24742889404297, -2.427736282348633, -151.3853302001953, -18.79184913635254, -26.03862190246582, 73.34034729003906, -28.783767700195312, 57.840389251708984, 4.872832775115967, 175.2440643310547]], "lowlevel.gfcc.icov": [[0.0003780810220632702, -4.3348587496438995e-05, -4.664816879085265e-05, -0.0002971655922010541, 0.0002516788663342595, -0.00011848773283418268, -5.3023766668047756e-05, -0.0007443303475156426, 0.0006677085184492171, -0.0006033491808921099, 1.771557072061114e-05, -8.359481398656499e-06, 0.00025794573593884706], [-4.3348587496438995e-05, 0.0028376595582813025, -0.0013729000929743052, 0.00137341080699116, -0.002530637662857771, 0.0018080940935760736, -0.0021242317743599415, 0.0010910647688433528, -0.0018556814175099134, 0.0020445240661501884, -0.002644273918122053, 0.0032992593478411436, -0.0011723613133653998], [-4.664816879085265e-05, -0.0013729000929743052, 0.0029479465447366238, -0.0017308368114754558, 0.0011424536351114511, -0.0021427965257316828, 0.001825917512178421, -0.0008994546951726079, 0.0014573936350643635, -0.0008097530226223171, 0.002025644527748227, -0.002492701169103384, 0.0021092533133924007], [-0.0002971655922010541, 0.00137341080699116, -0.0017308368114754558, 0.003465141635388136, -0.0015538543229922652, 0.0014655701816082, -0.0015629611443728209, 0.000791517726611346, -0.0015243153320625424, 0.0018662934890016913, -0.0009247874259017408, 0.0014770447742193937, -0.0006346582667902112], [0.0002516788663342595, -0.002530637662857771, 0.0011424536351114511, -0.0015538543229922652, 0.005197986029088497, -0.0016387358773499727, 0.0011459095403552055, -0.0018184452783316374, 0.0013034817529842257, -0.0015965435886755586, 0.003198501653969288, -0.0025992898736149073, 0.0010163336992263794], [-0.00011848773283418268, 0.0018080940935760736, -0.0021427965257316828, 0.0014655701816082, -0.0016387358773499727, 0.004832345526665449, -0.00268956134095788, 0.0013459129258990288, -0.0013495851308107376, 0.0014039615634828806, -0.0008718083845451474, 0.00262479018419981, 0.00013665325241163373], [-5.3023766668047756e-05, -0.0021242317743599415, 0.001825917512178421, -0.0015629611443728209, 0.0011459095403552055, -0.00268956134095788, 0.00633062981069088, -0.001455893972888589, 0.002153503941372037, -0.0023831650614738464, 0.000495112151838839, -0.0015124905621632934, 0.0009118264424614608], [-0.0007443303475156426, 0.0010910647688433528, -0.0008994546951726079, 0.000791517726611346, -0.0018184452783316374, 0.0013459129258990288, -0.001455893972888589, 0.00658023776486516, -0.002055070362985134, 0.0014503474812954664, -0.00014449380978476256, 0.0005893409834243357, -0.0011974509106948972], [0.0006677085184492171, -0.0018556814175099134, 0.0014573936350643635, -0.0015243153320625424, 0.0013034817529842257, -0.0013495851308107376, 0.002153503941372037, -0.002055070362985134, 0.007000595331192017, -0.002121776808053255, 0.0015843149740248919, -0.002962147817015648, 0.0004055697936564684], [-0.0006033491808921099, 0.0020445240661501884, -0.0008097530226223171, 0.0018662934890016913, -0.0015965435886755586, 0.0014039615634828806, -0.0023831650614738464, 0.0014503474812954664, -0.002121776808053255, 0.008605566807091236, -0.003446919610723853, 0.0016074127051979303, 0.0005082000279799104], [1.771557072061114e-05, -0.002644273918122053, 0.002025644527748227, -0.0009247874259017408, 0.003198501653969288, -0.0008718083845451474, 0.000495112151838839, -0.00014449380978476256, 0.0015843149740248919, -0.003446919610723853, 0.01177168544381857, -0.004024561960250139, -2.878224586311262e-05], [-8.359481398656499e-06, 0.0032992593478411436, -0.002492701169103384, 0.0014770447742193937, -0.0025992898736149073, 0.00262479018419981, -0.0015124905621632934, 0.0005893409834243357, -0.002962147817015648, 0.0016074127051979303, -0.004024561960250139, 0.012761020101606846, -0.002114996314048767], [0.00025794573593884706, -0.0011723613133653998, 0.0021092533133924007, -0.0006346582667902112, 0.0010163336992263794, 0.00013665325241163373, 0.0009118264424614608, -0.0011974509106948972, 0.0004055697936564684, 0.0005082000279799104, -2.878224586311262e-05, -0.002114996314048767, 0.010885680094361305]], "lowlevel.mfcc.cov": [[6556.53759765625, -1271.8917236328125, 1173.841552734375, 525.7940673828125, -14.960780143737793, 125.62564086914062, 852.4476928710938, 169.386474609375, 33.5689582824707, 235.83221435546875, 202.20443725585938, 55.618221282958984, 49.68388366699219], [-1271.8917236328125, 1555.7930908203125, -602.946533203125, -44.80780029296875, 74.92337799072266, -104.32640838623047, -13.8248872756958, -46.005001068115234, 85.86920928955078, 26.026063919067383, 13.061822891235352, -10.891140937805176, 61.980560302734375], [1173.841552734375, -602.946533203125, 1195.3980712890625, 132.03890991210938, 224.35610961914062, 296.35540771484375, 188.4970703125, 230.95547485351562, -6.842851161956787, 25.118188858032227, 87.58168029785156, -50.2389030456543, -89.03799438476562], [525.7940673828125, -44.80780029296875, 132.03890991210938, 512.85986328125, 118.57412719726562, -12.11248779296875, 84.66737365722656, 92.00935363769531, 51.000247955322266, 6.12827205657959, -6.2002973556518555, 37.13357162475586, -3.4688303470611572], [-14.960780143737793, 74.92337799072266, 224.35610961914062, 118.57412719726562, 398.3508605957031, 63.75679016113281, -11.355899810791016, 140.87252807617188, 90.64608001708984, -14.244611740112305, 15.597134590148926, -38.40096664428711, -16.333677291870117], [125.62564086914062, -104.32640838623047, 296.35540771484375, -12.11248779296875, 63.75679016113281, 398.02569580078125, 116.71981048583984, 76.01822662353516, 8.010916709899902, 47.9149284362793, 77.81344604492188, -47.59774398803711, -25.00623321533203], [852.4476928710938, -13.8248872756958, 188.4970703125, 84.66737365722656, -11.355899810791016, 116.71981048583984, 413.5614929199219, 56.315467834472656, 13.013151168823242, 75.56657409667969, 48.85177230834961, -12.95512866973877, 5.00864839553833], [169.386474609375, -46.005001068115234, 230.95547485351562, 92.00935363769531, 140.87252807617188, 76.01822662353516, 56.315467834472656, 245.8697967529297, 78.59469604492188, 11.066797256469727, 34.410980224609375, -23.326396942138672, -4.987216949462891], [33.5689582824707, 85.86920928955078, -6.842851161956787, 51.000247955322266, 90.64608001708984, 8.010916709899902, 13.013151168823242, 78.59469604492188, 165.01963806152344, 40.32099533081055, 19.194049835205078, -11.715150833129883, 23.853652954101562], [235.83221435546875, 26.026063919067383, 25.118188858032227, 6.12827205657959, -14.244611740112305, 47.9149284362793, 75.56657409667969, 11.066797256469727, 40.32099533081055, 134.8529052734375, 38.22186279296875, -5.862143516540527, -1.8522400856018066], [202.20443725585938, 13.061822891235352, 87.58168029785156, -6.2002973556518555, 15.597134590148926, 77.81344604492188, 48.85177230834961, 34.410980224609375, 19.194049835205078, 38.22186279296875, 142.6245574951172, 22.7031307220459, 15.981785774230957], [55.618221282958984, -10.891140937805176, -50.2389030456543, 37.13357162475586, -38.40096664428711, -47.59774398803711, -12.95512866973877, -23.326396942138672, -11.715150833129883, -5.862143516540527, 22.7031307220459, 127.68590545654297, 38.44021987915039], [49.68388366699219, 61.980560302734375, -89.03799438476562, -3.4688303470611572, -16.333677291870117, -25.00623321533203, 5.00864839553833, -4.987216949462891, 23.853652954101562, -1.8522400856018066, 15.981785774230957, 38.44021987915039, 127.91206359863281]], "lowlevel.mfcc.icov": [[0.00033494108356535435, 0.0002279323380207643, -0.0002098046097671613, -0.00020980201952625066, 3.097722583333962e-05, 0.0003156145103275776, -0.0005603221943601966, 0.00017225873307324946, -4.9761194532038644e-05, -0.00029186368919909, -0.00029668398201465607, 7.19128074706532e-05, -0.0002774520544335246], [0.0002279323380207643, 0.001071220263838768, 0.0004575627390295267, -7.585813000332564e-05, -0.0004746030899696052, 0.0002488387981429696, -0.000593117845710367, 0.0001207185341627337, -0.00013070687418803573, -0.00030772635363973677, -0.0005258707678876817, 0.0002534596424084157, -0.00026572649949230254], [-0.0002098046097671613, 0.0004575627390295267, 0.0019231345504522324, 6.015766120981425e-05, -0.0008215301786549389, -0.0007928152335807681, -0.00011837548663606867, -0.0010347513016313314, 0.0007461564382538199, 0.00015022902516648173, -0.00034424581099301577, 2.033366217801813e-05, 0.000804402690846473], [-0.00020980201952625066, -7.585813000332564e-05, 6.015766120981425e-05, 0.0025789316277951, -0.0006468927604146302, 8.6480904428754e-05, -0.00024331816530320793, -0.0006055220728740096, -0.00034754700027406216, 0.00017675907292868942, 0.0007753276731818914, -0.001250131637789309, 0.0004964725812897086], [3.097722583333962e-05, -0.0004746030899696052, -0.0008215301786549389, -0.0006468927604146302, 0.004143416881561279, -0.00018178464961238205, 0.0006233698222786188, -0.0010003321804106236, -0.001644755364395678, 0.0009877632837742567, -2.668150955287274e-05, 0.0007186589064076543, 0.0001670688361627981], [0.0003156145103275776, 0.0002488387981429696, -0.0007928152335807681, 8.6480904428754e-05, -0.00018178464961238205, 0.0039822752587497234, -0.0010269993217661977, -4.62625284853857e-05, 0.00028571413713507354, -0.000849692733027041, -0.0017515213694423437, 0.0012270150473341346, -0.00021446459868457168], [-0.0005603221943601966, -0.000593117845710367, -0.00011837548663606867, -0.00024331816530320793, 0.0006233698222786188, -0.0010269993217661977, 0.004181717522442341, -0.0006158108590170741, 0.00039393003680743277, -0.0009180914494208992, 0.0002746968239080161, 0.00031163188396021724, -0.00010761396697489545], [0.00017225873307324946, 0.0001207185341627337, -0.0010347513016313314, -0.0006055220728740096, -0.001