{"song_id": "1182278119185457213", "download": "https://cdn.discordapp.com/attachments/1128313332273782784/1182278119185457213/chirp.mp4?ex=65841d4d&amp", "lyrics": "Every click counts, every font's precise,\nGotta hook 'em in, make 'em entice,\nSemper sursum, yeah, we'll never cease,\nWeb design champions, bringin' world peace.\n\nSemper sursum, we rise above,\nWeb design hustle, constant love,\nPromote the vision, make 'em all see,\nWe the architects, set the industry.\n\n[Verse]\nRhythm flows, words create a symphony\nIn the game of rap, I hold the key\nSpittin' rhymes that resonate, setting minds free\nUnleashing power with every beat, I decree\n\n[Chorus]\nRap, the voice of the streets\nMelodies of struggle and dreams it repeats\nTelling stories, raw and complete\nThe heart and soul, a rhythm that heats", "style": ["punkrock"], "essentia_features": {"lowlevel.average_loudness": 0.9832156896591187, "lowlevel.barkbands_crest.mean": 16.212060928344727, "lowlevel.barkbands_crest.stdev": 4.370936393737793, "lowlevel.barkbands_flatness_db.mean": 0.4320819079875946, "lowlevel.barkbands_flatness_db.stdev": 0.12946125864982605, "lowlevel.barkbands_kurtosis.mean": 138.9561309814453, "lowlevel.barkbands_kurtosis.stdev": 284.9605712890625, "lowlevel.barkbands_skewness.mean": 6.9812421798706055, "lowlevel.barkbands_skewness.stdev": 5.504368305206299, "lowlevel.barkbands_spread.mean": 4.600203990936279, "lowlevel.barkbands_spread.stdev": 6.857425689697266, "lowlevel.dissonance.mean": 0.4490542709827423, "lowlevel.dissonance.stdev": 0.05159056559205055, "lowlevel.dynamic_complexity": 2.8513448238372803, "lowlevel.erbbands_crest.mean": 13.528532981872559, "lowlevel.erbbands_crest.stdev": 5.915078163146973, "lowlevel.erbbands_flatness_db.mean": 0.2060994952917099, "lowlevel.erbbands_flatness_db.stdev": 0.07097158581018448, "lowlevel.erbbands_kurtosis.mean": 9.235963821411133, "lowlevel.erbbands_kurtosis.stdev": 24.119064331054688, "lowlevel.erbbands_skewness.mean": 0.9902952313423157, "lowlevel.erbbands_skewness.stdev": 2.571519374847412, "lowlevel.erbbands_spread.mean": 54.881778717041016, "lowlevel.erbbands_spread.stdev": 45.91775131225586, "lowlevel.hfc.mean": 16.669771194458008, "lowlevel.hfc.stdev": 14.21884536743164, "lowlevel.loudness_ebu128.integrated": -13.610621452331543, "lowlevel.loudness_ebu128.loudness_range": 1.2592153549194336, "lowlevel.loudness_ebu128.momentary.mean": -13.916511535644531, "lowlevel.loudness_ebu128.momentary.stdev": 1.6912051439285278, "lowlevel.loudness_ebu128.short_term.mean": -13.624913215637207, "lowlevel.loudness_ebu128.short_term.stdev": 0.40977999567985535, "lowlevel.melbands_crest.mean": 35.42171859741211, "lowlevel.melbands_crest.stdev": 5.695868968963623, "lowlevel.melbands_flatness_db.mean": 0.5276234149932861, "lowlevel.melbands_flatness_db.stdev": 0.14854010939598083, "lowlevel.melbands_kurtosis.mean": 808.5585327148438, "lowlevel.melbands_kurtosis.stdev": 1366.446533203125, "lowlevel.melbands_skewness.mean": 17.25324821472168, "lowlevel.melbands_skewness.stdev": 14.997612953186035, "lowlevel.melbands_spread.mean": 2.8251917362213135, "lowlevel.melbands_spread.stdev": 5.467128276824951, "lowlevel.pitch_salience.mean": 0.13063766062259674, "lowlevel.pitch_salience.stdev": 0.1414189487695694, "lowlevel.silence_rate_20dB.mean": 0.9317607283592224, "lowlevel.silence_rate_20dB.stdev": 0.2521559000015259, "lowlevel.silence_rate_30dB.mean": 0.1229991540312767, "lowlevel.silence_rate_30dB.stdev": 0.32843631505966187, "lowlevel.silence_rate_60dB.mean": 0.0016849199309945107, "lowlevel.silence_rate_60dB.stdev": 0.0410134494304657, "lowlevel.spectral_centroid.mean": 1270.284912109375, "lowlevel.spectral_centroid.stdev": 1360.7962646484375, "lowlevel.spectral_complexity.mean": 5.97641134262085, "lowlevel.spectral_complexity.stdev": 7.491052627563477, "lowlevel.spectral_decrease.mean": -4.54116921844161e-08, "lowlevel.spectral_decrease.stdev": 2.2273901834068965e-08, "lowlevel.spectral_energy.mean": 0.17290626466274261, "lowlevel.spectral_energy.stdev": 0.08437293022871017, "lowlevel.spectral_energyband_high.mean": 0.0007677447283640504, "lowlevel.spectral_energyband_high.stdev": 0.001472962205298245, "lowlevel.spectral_energyband_low.mean": 0.1598421186208725, "lowlevel.spectral_energyband_low.stdev": 0.0850912407040596, "lowlevel.spectral_energyband_middle_high.mean": 0.0010454702423885465, "lowlevel.spectral_energyband_middle_high.stdev": 0.002435779431834817, "lowlevel.spectral_energyband_middle_low.mean": 0.007111361250281334, "lowlevel.spectral_energyband_middle_low.stdev": 0.019878387451171875, "lowlevel.spectral_entropy.mean": 7.081488132476807, "lowlevel.spectral_entropy.stdev": 1.0656343698501587, "lowlevel.spectral_flux.mean": 0.15214300155639648, "lowlevel.spectral_flux.stdev": 0.11068009585142136, "lowlevel.spectral_kurtosis.mean": 11.32483959197998, "lowlevel.spectral_kurtosis.stdev": 19.536340713500977, "lowlevel.spectral_rms.mean": 0.012619913555681705, "lowlevel.spectral_rms.stdev": 0.003070287872105837, "lowlevel.spectral_rolloff.mean": 100.17326354980469, "lowlevel.spectral_rolloff.stdev": 560.7385864257812, "lowlevel.spectral_skewness.mean": 1.9053771495819092, "lowlevel.spectral_skewness.stdev": 1.7421940565109253, "lowlevel.spectral_spread.mean": 4962707.0, "lowlevel.spectral_spread.stdev": 2926012.75, "lowlevel.spectral_strongpeak.mean": 0.6285532116889954, "lowlevel.spectral_strongpeak.stdev": 0.40262120962142944, "lowlevel.zerocrossingrate.mean": 0.0108339199796319, "lowlevel.zerocrossingrate.stdev": 0.017679888755083084, "metadata.audio_properties.analysis.equal_loudness": 0.0, "metadata.audio_properties.analysis.length": 27.519977569580078, "metadata.audio_properties.analysis.sample_rate": 44100.0, "metadata.audio_properties.analysis.start_time": 0.0, "metadata.audio_properties.bit_rate": 132265.0, "metadata.audio_properties.length": 27.520000457763672, "metadata.audio_properties.lossless": 0.0, "metadata.audio_properties.number_channels": 1.0, "metadata.audio_properties.replay_gain": -10.848262786865234, "metadata.audio_properties.sample_rate": 48000.0, "rhythm.beats_count": 47.0, "rhythm.beats_loudness.mean": 0.15574276447296143, "rhythm.beats_loudness.stdev": 0.05985409393906593, "rhythm.bpm": 106.04389953613281, "rhythm.bpm_histogram_first_peak_bpm": 105.0, "rhythm.bpm_histogram_first_peak_weight": 0.550000011920929, "rhythm.bpm_histogram_second_peak_bpm": 99.0, "rhythm.bpm_histogram_second_peak_spread": 0.0, "rhythm.bpm_histogram_second_peak_weight": 0.1304347813129425, "rhythm.danceability": 1.8203458786010742, "rhythm.onset_rate": 5.882595062255859, "tonal.chords_changes_rate": 0.09932659566402435, "tonal.chords_number_rate": 0.011784511618316174, "tonal.chords_strength.mean": 0.5080897808074951, "tonal.chords_strength.stdev": 0.09621813148260117, "tonal.hpcp_crest.mean": 12.837023735046387, "tonal.hpcp_crest.stdev": 5.64434289932251, "tonal.hpcp_entropy.mean": 2.111441135406494, "tonal.hpcp_entropy.stdev": 0.7837722301483154, "tonal.key_edma.strength": 0.5223574638366699, "tonal.key_krumhansl.strength": 0.5243121981620789, "tonal.key_temperley.strength": 0.5300297141075134, "tonal.tuning_diatonic_strength": 0.6092354655265808, "tonal.tuning_equal_tempered_deviation": 0.2256917506456375, "tonal.tuning_frequency": 434.193115234375, "tonal.tuning_nontempered_energy_ratio": 0.8608582615852356, "lowlevel.barkbands.mean": [0.051104236394166946, 0.1062600314617157, 0.006651247385889292, 0.002530359663069248, 0.0011465799761936069, 0.0010134840849786997, 0.0009225184330716729, 0.0008344176458194852, 0.0006068858783692122, 0.00021769353770650923, 0.00015455322863999754, 0.00017703072808217257, 0.00013018892786931247, 5.010586392018013e-05, 3.998308602604084e-05, 4.750628431793302e-05, 6.877287523820996e-05, 8.279528992716223e-05, 7.617776282131672e-05, 5.2630821301136166e-05, 7.990998710738495e-05, 0.0001827664818847552, 0.0002399829390924424, 0.00015864905435591936, 5.707387754227966e-05, 2.0413397578522563e-05, 3.1505868491876754e-07], "lowlevel.barkbands.stdev": [0.02745063230395317, 0.08819559961557388, 0.026216957718133926, 0.012147459201514721, 0.005479901097714901, 0.0029015415348112583, 0.002298555336892605, 0.0029300160240381956, 0.0022896714508533478, 0.000744482793379575, 0.0005091454368084669, 0.0006771174375899136, 0.0004925722605548799, 0.0001679481501923874, 0.00014794764865655452, 0.00020175642566755414, 0.00023748120293021202, 0.0002405788836767897, 0.00022090997663326561, 0.00021889312483835965, 0.00021566444775089622, 0.00038913983735255897, 0.0005284241633489728, 0.0003208266862202436, 0.00012395012890920043, 5.655319182551466e-05, 1.5297746358555742e-06], "lowlevel.erbbands.mean": [6.511983871459961, 10.609206199645996, 8.329926490783691, 9.085504531860352, 5.639413833618164, 3.2514150142669678, 4.826898574829102, 9.492378234863281, 10.50666332244873, 20.859607696533203, 14.308664321899414, 15.648797988891602, 7.26157808303833, 6.3408308029174805, 7.040767192840576, 7.067981719970703, 6.3523430824279785, 3.3005282878875732, 2.050069808959961, 2.3681960105895996, 2.8159751892089844, 4.026686668395996, 4.553118705749512, 4.7747673988342285, 2.7886364459991455, 2.5608479976654053, 2.7828495502471924, 3.6536078453063965, 6.707022190093994, 6.843215465545654, 6.520679473876953, 4.05366325378418, 2.1451566219329834, 0.8956784009933472, 0.27627331018447876, 0.0905957743525505, 0.04423314332962036, 0.004092568997293711, 0.00016414337733294815, 0.000192480263649486], "lowlevel.erbbands.stdev": [4.20796012878418, 16.515296936035156, 25.091081619262695, 40.02699279785156, 27.090559005737305, 15.57711410522461, 15.050174713134766, 29.077695846557617, 28.222225189208984, 57.70415496826172, 45.77456283569336, 62.55280685424805, 23.514923095703125, 19.547325134277344, 23.792428970336914, 25.876537322998047, 23.915678024291992, 11.896993637084961, 6.8287224769592285, 9.205750465393066, 12.366884231567383, 13.205398559570312, 13.261844635009766, 12.556307792663574, 11.237549781799316, 10.596461296081543, 9.068861961364746, 9.407063484191895, 14.470987319946289, 14.765105247497559, 14.43136978149414, 8.442792892456055, 4.318461894989014, 1.8677533864974976, 0.6541407108306885, 0.23514385521411896, 0.12987755239009857, 0.014823908917605877, 0.00028936879243701696, 8.992788207251579e-05], "lowlevel.gfcc.mean": [-110.55474853515625, 102.72305297851562, -49.60895538330078, 54.489505767822266, -37.50823211669922, 23.853130340576172, -1.9757945537567139, 23.428730010986328, 9.873822212219238, 5.948874473571777, 12.002333641052246, 9.808330535888672, 0.5604040622711182], "lowlevel.melbands.mean": [0.044840257614851, 0.006651527248322964, 0.0014544824371114373, 0.0002905544824898243, 0.0001605253928573802, 0.00020642178424168378, 0.00017019890947267413, 0.00022828252986073494, 0.00011146377073600888, 9.227138798451051e-05, 3.42759485647548e-05, 2.6214207537123002e-05, 2.2665251890430227e-05, 2.0588835468515754e-05, 1.6648200471536256e-05, 1.1668752449622843e-05, 5.394901108957129e-06, 3.232601784475264e-06, 3.0793537462159293e-06, 3.248035454817e-06, 3.176881818944821e-06, 3.787515424846788e-06, 5.055135716247605e-06, 3.4191225495305844e-06, 4.070746854267782e-06, 2.3491561478294898e-06, 1.6959286313067423e-06, 1.6594220824117656e-06, 1.6086321465991205e-06, 1.970929133676691e-06, 2.0892014163109707e-06, 3.5636858228826895e-06, 4.030957370559918e-06, 4.1074681575992145e-06, 4.0645190892973915e-06, 3.090274049100117e-06, 2.2818410343461437e-06, 1.7155305158667034e-06, 9.51903587065317e-07, 6.871741220493277e-07], "lowlevel.melbands.stdev": [0.028329452499747276, 0.012495554983615875, 0.0062788319773972034, 0.0014344871742650867, 0.0005208953516557813, 0.0006187667022459209, 0.0004417017917148769, 0.0006702495156787336, 0.0003660357615444809, 0.0003736084036063403, 0.00011461018584668636, 8.453038753941655e-05, 7.602781261084601e-05, 7.273993833223358e-05, 6.873691017972305e-05, 4.500253271544352e-05, 1.9666404114104807e-05, 1.0998116522387136e-05, 1.1887472282978706e-05, 1.3070035493001342e-05, 1.4399316569324583e-05, 1.3516564649762586e-05, 1.5084754522831645e-05, 1.0179723176406696e-05, 1.0740857760538347e-05, 7.921994438220281e-06, 8.560726200812496e-06, 7.1326330726151355e-06, 5.910555955779273e-06, 5.521128514374141e-06, 5.587180112343049e-06, 8.020176210266072e-06, 9.289561603509355e-06, 9.328892701887526e-06, 9.061885066330433e-06, 7.452889349224279e-06, 4.758073373523075e-06, 3.521304279274773e-06, 1.9895837795047555e-06, 1.524912931927247e-06], "lowlevel.melbands128.mean": [0.045278389006853104, 0.0693541020154953, 0.03741751238703728, 0.011964679695665836, 0.004499291535466909, 0.0031319092959165573, 0.001969186356291175, 0.001041284529492259, 0.0005056761438027024, 0.000249141565291211, 0.00015010524657554924, 0.00013528640556614846, 0.0001525132975075394, 0.00020020843658130616, 0.00024114482221193612, 0.0001972025347640738, 0.00014465626736637205, 0.00015637328033335507, 0.0002067545137833804, 0.0002664860512595624, 0.00023913609038572758, 0.00012059685832355171, 8.556253305869177e-05, 0.00010528257553232834, 0.00012835380039177835, 8.061750122578815e-05, 2.8531743737403303e-05, 3.0068869818933308e-05, 3.715908678714186e-05, 3.117125743301585e-05, 1.979974149435293e-05, 2.0899778974126093e-05, 2.4431727069895715e-05, 2.3081161998561583e-05, 2.0960431356797926e-05, 2.0699797460110858e-05, 1.7831482182373293e-05, 1.652578248467762e-05, 1.5933845133986324e-05, 1.5397929018945433e-05, 9.556656550557818e-06, 8.844798685458954e-06, 4.832433205592679e-06, 4.341472504165722e-06, 3.7071204133098945e-06, 2.663688519533025e-06, 3.2190794172493042e-06, 2.7695518838299904e-06, 3.3162757517857244e-06, 3.311120963189751e-06, 2.8835922876169207e-06, 3.595874204620486e-06, 3.481046405795496e-06, 2.811450713124941e-06, 3.022741111635696e-06, 3.6678025026049e-06, 4.508590336627094e-06, 5.46150840818882e-06, 5.500795396073954e-06, 3.887152615789091e-06, 2.7120220238430193e-06, 3.4667023101064842e-06, 4.3325026126694866e-06, 4.517012257565511e-06, 3.261076699345722e-06, 2.395238198005245e-06, 1.58680927597743e-06, 1.721683361211035e-06, 1.6554188277950743e-06, 1.7867445194497122e-06, 1.7737175994625431e-06, 1.5312641608034028e-06, 1.4908948742231587e-06, 1.7451635585530312e-06, 1.5064233593875542e-06, 1.961499265235034e-06, 2.2953868210606743e-06, 1.8142144426747109e-06, 2.0306081296439515e-06, 2.2248534605751047e-06, 3.051627572858706e-06, 4.592697678162949e-06, 4.054480086779222e-06, 4.7310118134191725e-06, 3.212510364392074e-06, 2.4048549676081166e-06, 4.948594323650468e-06, 6.363673037412809e-06, 3.325435955048306e-06, 2.7059186322730966e-06, 4.5113283704267815e-06, 2.376353904764983e-06, 2.669557034096215e-06, 2.129405629602843e-06, 2.1916027890256373e-06, 2.2706992695020745e-06, 1.4803603107793606e-06, 1.1282119203315233e-06, 1.0067698212878895e-06, 8.235197128669824e-07, 8.02779425157496e-07, 6.050512411093223e-07, 6.682478215225274e-07, 3.903860772425105e-07, 2.385984316788381e-07, 1.9479206514461112e-07, 2.0955744162165502e-07, 1.5126028074519127e-07, 1.6235469502134947e-07, 1.1498251950570193e-07, 1.2956847683653905e-07, 1.2580505881487625e-07, 2.2080745054608997e-07, 1.2117862979721394e-07, 6.001238972430656e-08, 3.660559855234169e-08, 1.2261218707010357e-08, 3.469572962266909e-10, 1.8367610210567875e-10, 1.6676444947183455e-10, 9.940131356911408e-11, 5.939445463232218e-11, 4.0189396949275036e-11, 4.057156346992663e-11, 4.375438553139155e-11, 3.525777239610228e-11, 2.8943335575459805e-11, 2.8113325903356134e-11], "lowlevel.melbands128.stdev": [0.02360108494758606, 0.041418492794036865, 0.04301784187555313, 0.023128293454647064, 0.013141419738531113, 0.013051096349954605, 0.009165105409920216, 0.005010493565350771, 0.0025522634387016296, 0.0013191963080316782, 0.0007578692748211324, 0.0005419121589511633, 0.0005417357897385955, 0.0006001542205922306, 0.0007859354373067617, 0.0007850259426049888, 0.0005195389385335147, 0.0005192850367166102, 0.0006215122411958873, 0.0008245939388871193, 0.0010095114121213555, 0.0005160318687558174, 0.00042570545338094234, 0.00046676574856974185, 0.0006445931503549218, 0.00041243265150114894, 0.00012485578190535307, 0.00014447880676016212, 0.000155680812895298, 0.00013400685566011816, 8.074509969446808e-05, 7.876190647948533e-05, 9.910744847729802e-05, 0.00011242041364312172, 9.052211680682376e-05, 9.444444003747776e-05, 8.84290857356973e-05, 9.729732119012624e-05, 7.96971726231277e-05, 7.881846249802038e-05, 3.9186728827189654e-05, 5.396587584982626e-05, 1.8749427908915095e-05, 1.4893830666551366e-05, 1.4884140000503976e-05, 1.0325067705707625e-05, 1.3542910892283544e-05, 1.2395854355418123e-05, 1.5019960301287938e-05, 1.5477431588806212e-05, 1.1380274372640997e-05, 1.85029894055333e-05, 1.8258384443470277e-05, 1.3573298929259181e-05, 1.3177853361412417e-05, 1.6101115761557594e-05, 1.6475538359372877e-05, 1.8261647710460238e-05, 1.8773584088194184e-05, 1.301730935665546e-05, 8.816395165922586e-06, 1.2122519365220796e-05, 1.4206809282768518e-05, 1.1858400284836534e-05, 9.704274816613179e-06, 9.169352779281326e-06, 6.948347163415747e-06, 1.5428278857143596e-05, 7.3096598498523235e-06, 7.20148909749696e-06, 9.716796739667188e-06, 6.793229204049567e-06, 6.177120667416602e-06, 7.319626092794351e-06, 5.348001650418155e-06, 6.295768343989039e-06, 6.49647108730278e-06, 7.104474207153544e-06, 5.454169240692863e-06, 5.70406064070994e-06, 7.763524081383366e-06, 1.1794264537456911e-05, 9.649874300521333e-06, 1.2324129784246907e-05, 8.294825420307461e-06, 6.039139861968579e-06, 1.2873078958364204e-05, 1.5504763723583892e-05, 8.132990842568688e-06, 6.7140972532797605e-06, 1.309805884375237e-05, 5.568023880186956e-06, 6.098604444559896e-06, 4.964565505360952e-06, 4.937703579344088e-06, 4.984840416000225e-06, 3.2162884053832386e-06, 2.6376919777248986e-06, 2.3117645469028503e-06, 1.8605467175802914e-06, 1.8440941857988946e-06, 1.4081057315706857e-06, 1.7350989764963742e-06, 1.0316340421923087e-06, 6.739866194038768e-07, 5.912033884669654e-07, 6.094495006436773e-07, 4.4916876618117385e-07, 4.786592739947082e-07, 3.4012276728390134e-07, 4.6527185304512386e-07, 4.671672968470375e-07, 6.630056645917648e-07, 4.019732955384825e-07, 2.465419299824134e-07, 2.143464143955498e-07, 6.120610152038353e-08, 3.110485868873525e-09, 1.784678183014421e-09, 1.8763444131764118e-09, 1.0461314037257807e-09, 5.573520533985743e-10, 2.095586898454016e-10, 2.6747912218461067e-10, 4.3805806204666453e-10, 2.0823814894654902e-10, 3.5221138505736604e-11, 2.8143612440523214e-11], "lowlevel.mfcc.mean": [-773.4922485351562, 133.57070922851562, 53.42158889770508, 45.4328498840332, 14.388603210449219, 16.970247268676758, 12.353655815124512, 29.07253074645996, 11.829474449157715, 11.323921203613281, 22.92259979248047, 17.053821563720703, 10.489988327026367], "lowlevel.spectral_contrast_coeffs.mean": [-0.7284876704216003, -0.7872275114059448, -0.8223721385002136, -0.8377744555473328, -0.788133978843689, -0.7705000638961792], "lowlevel.spectral_contrast_coeffs.stdev": [0.0779711902141571, 0.09214795380830765, 0.060779377818107605, 0.05316590517759323, 0.06636682897806168, 0.05421546846628189], "lowlevel.spectral_contrast_valleys.mean": [-7.104867458343506, -7.641635894775391, -8.665495872497559, -9.410221099853516, -9.19925308227539, -11.396284103393555], "lowlevel.spectral_contrast_valleys.stdev": [0.8525182008743286, 1.0951206684112549, 1.183899998664856, 1.19000244140625, 1.274491310119629, 2.1270482540130615], "rhythm.beats_loudness_band_ratio.mean": [0.9515749216079712, 0.006518775597214699, 0.02824452891945839, 0.005539055913686752, 0.004338724073022604, 0.004863803740590811], "rhythm.beats_loudness_band_ratio.stdev": [0.06000860780477524, 0.007414317224174738, 0.052449148148298264, 0.00851252768188715, 0.00860312394797802, 0.008542688563466072], "tonal.hpcp.mean": [0.02486736886203289, 0.02299092337489128, 0.021857688203454018, 0.019307278096675873, 0.020156584680080414, 0.022145137190818787, 0.03260544687509537, 0.06844715029001236, 0.19478516280651093, 0.3358924984931946, 0.2888266146183014, 0.18299834430217743, 0.17654921114444733, 0.14998970925807953, 0.07724089920520782, 0.03716695308685303, 0.03151050582528114, 0.027105677872896194, 0.017103400081396103, 0.019405575469136238, 0.021387144923210144, 0.018290573731064796, 0.01719265803694725, 0.01775008626282215, 0.022798029705882072, 0.025891216471791267, 0.03111412562429905, 0.03542783483862877, 0.028357287868857384, 0.017272137105464935, 0.026403624564409256, 0.0349513404071331, 0.026888322085142136, 0.026943573728203773, 0.024330319836735725, 0.02199833281338215], "tonal.hpcp.stdev": [0.13839401304721832, 0.13437630236148834, 0.12824416160583496, 0.12129021435976028, 0.12011254578828812, 0.1212504580616951, 0.14813624322414398, 0.21169757843017578, 0.3299381732940674, 0.42993849515914917, 0.38468217849731445, 0.32721900939941406, 0.3402465283870697, 0.3157059848308563, 0.22914816439151764, 0.14818988740444183, 0.15199901163578033, 0.14462511241436005, 0.10359574109315872, 0.11882130056619644, 0.1283320188522339, 0.11027437448501587, 0.1070672944188118, 0.10064481943845749, 0.12948176264762878, 0.1300143003463745, 0.1535070836544037, 0.1605663299560547, 0.142690509557724, 0.11226636916399002, 0.13375893235206604, 0.170735701918602, 0.1322338879108429, 0.14514848589897156, 0.1299072802066803, 0.12651725113391876], "rhythm.beats_position": [0.6037188172340393, 1.172607660293579, 1.7414965629577637, 2.3103854656219482, 2.879274368286133, 3.4365532398223877, 3.9938321113586426, 4.551111221313477, 5.108389854431152, 5.665668964385986, 6.234557628631592, 6.8034467697143555, 7.360725402832031, 7.929614543914795, 8.498503684997559, 9.090612411499023, 9.682721138000488, 10.286439895629883, 10.890158653259277, 11.493877410888672, 12.085986137390137, 12.689704895019531, 13.293423652648926, 13.89714241027832, 14.489251136779785, 15.046530723571777, 15.615419387817383, 16.184309005737305, 16.741586685180664, 17.298866271972656, 17.867753982543945, 18.436643600463867, 18.99392318725586, 19.55120086669922, 20.10848045349121, 20.677370071411133, 21.246257781982422, 21.803537368774414, 22.372425079345703, 22.929704666137695, 23.498594284057617, 24.055871963500977, 24.61315155029297, 25.18204116821289, 25.75092887878418, 26.308208465576172, 26.86548614501953], "rhythm.bpm_histogram": [0.0, 0.0, 0.0, 0.0, 0.0, 0.0, 0.0, 0.0, 0.0, 0.0, 0.0, 0.0, 0.0, 0.0, 0.0, 0.0, 0.0, 0.0, 0.0, 0.0, 0.0, 0.0, 0.0, 0.0, 0.0, 0.0, 0.0, 0.0, 0.0, 0.0, 0.0, 0.0, 0.0, 0.0, 0.0, 0.0, 0.0, 0.0, 0.0, 0.0, 0.0, 0.0, 0.0, 0.0, 0.0, 0.0, 0.0, 0.0, 0.0, 0.0, 0.0, 0.0, 0.0, 0.0, 0.0, 0.0, 0.0, 0.0, 0.0, 0.0, 0.0, 0.0, 0.0, 0.0, 0.0, 0.0, 0.0, 0.0, 0.0, 0.0, 0.0, 0.0, 0.0, 0.0, 0.0, 0.0, 0.0, 0.0, 0.0, 0.0, 0.0, 0.0, 0.0, 0.0, 0.0, 0.0, 0.0, 0.0, 0.0, 0.0, 0.0, 0.0, 0.0, 0.0, 0.0, 0.0, 0.0, 0.0, 0.0, 0.1304347813129425, 0.0, 0.08695652335882187, 0.0, 0.0, 0.0, 0.3913043439388275, 0.0, 0.0, 0.3913043439388275, 0.0, 0.0, 0.0, 0.0, 0.0, 0.0, 0.0, 0.0, 0.0, 0.0, 0.0, 0.0, 0.0, 0.0, 0.0, 0.0, 0.0, 0.0, 0.0, 0.0, 0.0, 0.0, 0.0, 0.0, 0.0, 0.0, 0.0, 0.0, 0.0, 0.0, 0.0, 0.0, 0.0, 0.0, 0.0, 0.0, 0.0, 0.0, 0.0, 0.0, 0.0, 0.0, 0.0, 0.0, 0.0, 0.0, 0.0, 0.0, 0.0, 0.0, 0.0, 0.0, 0.0, 0.0, 0.0, 0.0, 0.0, 0.0, 0.0, 0.0, 0.0, 0.0, 0.0, 0.0, 0.0, 0.0, 0.0, 0.0, 0.0, 0.0, 0.0, 0.0, 0.0, 0.0, 0.0, 0.0, 0.0, 0.0, 0.0, 0.0, 0.0, 0.0, 0.0, 0.0, 0.0, 0.0, 0.0, 0.0, 0.0, 0.0, 0.0, 0.0, 0.0, 0.0, 0.0, 0.0, 0.0, 0.0, 0.0, 0.0, 0.0, 0.0, 0.0, 0.0, 0.0, 0.0, 0.0, 0.0, 0.0, 0.0, 0.0, 0.0, 0.0, 0.0, 0.0, 0.0, 0.0, 0.0, 0.0, 0.0, 0.0, 0.0, 0.0, 0.0, 0.0, 0.0, 0.0, 0.0, 0.0, 0.0, 0.0, 0.0, 0.0, 0.0, 0.0, 0.0, 0.0, 0.0, 0.0, 0.0, 0.0], "tonal.chords_histogram": [21.717172622680664, 26.599327087402344, 25.58922576904297, 0.0, 0.0, 0.0, 0.0, 2.188552141189575, 1.8518518209457397, 20.2020206451416, 0.0, 0.0, 0.0, 0.0, 0.0, 0.0, 0.5050504803657532, 0.0, 0.0, 0.0, 0.0, 1.3468014001846313, 0.0, 0.0], "tonal.thpcp": [1.0, 0.8598781228065491, 0.5448122620582581, 0.5256122350692749, 0.44654080271720886, 0.2299572080373764, 0.11065133661031723, 0.0938112810254097, 0.08069747686386108, 0.050919268280267715, 0.0577731728553772, 0.06367258727550507, 0.05445365235209465, 0.0511850006878376, 0.05284454673528671, 0.06787299364805222, 0.07708185166120529, 0.09263119846582413, 0.10547372698783875, 0.08442369848489761, 0.051421623677015305, 0.07860736548900604, 0.10405513644218445, 0.08005037903785706, 0.08021487295627594, 0.07243484258651733, 0.065492182970047, 0.0740337148308754, 0.06844726949930191, 0.06507346034049988, 0.05748052895069122, 0.06000903621315956, 0.06592924147844315, 0.0970710813999176, 0.20377695560455322, 0.5799033045768738], "lowlevel.gfcc.cov": [[9396.78515625, -2412.28564453125, -1489.8729248046875, 391.3697814941406, -2417.216796875, 618.3722534179688, -924.3974609375, 113.61697387695312, -556.7496948242188, 391.4208984375, -229.81866455078125, 353.68157958984375, -518.1780395507812], [-2412.28564453125, 4584.89892578125, -702.10400390625, -1599.90771484375, 1575.5504150390625, -1359.4100341796875, 368.8687744140625, -187.07737731933594, 392.68475341796875, -674.9725952148438, 412.7430419921875, -241.38877868652344, 64.3841552734375], [-1489.8729248046875, -702.10400390625, 1617.0545654296875, 472.79010009765625, -111.12403869628906, 388.8818664550781, -52.40667724609375, -112.4410171508789, -94.28990173339844, 5.630404949188232, -240.94065856933594, -23.506399154663086, 18.632095336914062], [391.3697814941406, -1599.90771484375, 472.79010009765625, 1162.7978515625, -354.15155029296875, 309.03173828125, -100.31301879882812, -6.7123918533325195, -115.71296691894531, 165.64427185058594, -124.64330291748047, -47.885765075683594, 55.14897155761719], [-2417.216796875, 1575.5504150390625, -111.12403869628906, -354.15155029296875, 1367.0584716796875, -514.5040283203125, 260.95556640625, -51.48704147338867, 245.13674926757812, -202.3692626953125, 149.03350830078125, -130.29615783691406, 161.43263244628906], [618.3722534179688, -1359.4100341796875, 388.8818664550781, 309.03173828125, -514.5040283203125, 760.33837890625, -7.221977710723877, -24.86350440979004, -168.086181640625, 178.42759704589844, -188.588134765625, -1.0508804321289062, -67.03984832763672], [-924.3974609375, 368.8687744140625, -52.40667724609375, -100.31301879882812, 260.95556640625, -7.221977710723877, 462.3208923339844, 82.68973541259766, 42.091182708740234, -74.12969970703125, 80.40264129638672, -95.80158996582031, 42.15787887573242], [113.61697387695312, -187.07737731933594, -112.4410171508789, -6.7123918533325195, -51.48704147338867, -24.86350440979004, 82.68973541259766, 212.12191772460938, 34.3123664855957, 13.168855667114258, 9.281820297241211, 22.302295684814453, -11.020442008972168], [-556.7496948242188, 392.68475341796875, -94.28990173339844, -115.71296691894531, 245.13674926757812, -168.086181640625, 42.091182708740234, 34.3123664855957, 203.62745666503906, -15.5428466796875, 56.30659103393555, -21.494524002075195, 46.1381721496582], [391.4208984375, -674.9725952148438, 5.630404949188232, 165.64427185058594, -202.3692626953125, 178.42759704589844, -74.12969970703125, 13.168855667114258, -15.5428466796875, 223.58250427246094, -6.371988773345947, 51.97797393798828, 0.9455733895301819], [-229.81866455078125, 412.7430419921875, -240.94065856933594, -124.64330291748047, 149.03350830078125, -188.588134765625, 80.40264129638672, 9.281820297241211, 56.30659103393555, -6.371988773345947, 193.81011962890625, 5.55704402923584, 33.964134216308594], [353.68157958984375, -241.38877868652344, -23.506399154663086, -47.885765075683594, -130.29615783691406, -1.0508804321289062, -95.80158996582031, 22.302295684814453, -21.494524002075195, 51.97797393798828, 5.55704402923584, 189.6676483154297, 15.379876136779785], [-518.1780395507812, 64.3841552734375, 18.632095336914062, 55.14897155761719, 161.43263244628906, -67.03984832763672, 42.15787887573242, -11.020442008972168, 46.1381721496582, 0.9455733895301819, 33.964134216308594, 15.379876136779785, 148.8851318359375]], "lowlevel.gfcc.icov": [[0.0006774690700694919, -0.0012990396935492754, 0.000988522544503212, -0.0013985511614009738, 0.000915558310225606, -0.001317020389251411, 0.0009923859033733606, -0.0012783523416146636, 0.0010676335077732801, -0.0013656093506142497, 0.0010867523960769176, -0.0014864389086142182, 0.0009360377443954349], [-0.0012990396935492754, 0.008659755811095238, -0.002463528187945485, 0.008149566128849983, -0.0026463763788342476, 0.008497594855725765, -0.0033823703415691853, 0.008354286663234234, -0.004055963363498449, 0.00938358809798956, -0.005031301639974117, 0.007946040481328964, -0.001180355786345899], [0.000988522544503212, -0.002463528187945485, 0.0024134875275194645, -0.0028670828323811293, 0.001291346037760377, -0.0028243279084563255, 0.0014932906487956643, -0.0019748981576412916, 0.0015884648310020566, -0.0022064822260290384, 0.0026405134703963995, -0.0029392989818006754, 0.001247847219929099], [-0.0013985511614009738, 0.008149566128849983, -0.0028670828323811293, 0.009131439961493015, -0.002415180206298828, 0.008100509643554688, -0.003085449105128646, 0.007474975194782019, -0.003325896104797721, 0.007872595451772213, -0.004614951554685831, 0.008688789792358875, -0.0025862546171993017], [0.000915558310225606, -0.0026463763788342476, 0.001291346037760377, -0.002415180206298828, 0.0029402871150523424, -0.0018778200028464198, 0.0009060859447345138, -0.0019146930426359177, 0.0008452904294244945, -0.002660402562469244, 0.002106510568410158, -0.002079410245642066, 0.0001212032584589906], [-0.001317020389251411, 0.008497594855725765, -0.0028243279084563255, 0.008100509643554688, -0.0018778200028464198, 0.011852300725877285, -0.004802934359759092, 0.009016442112624645, -0.002914748853072524, 0.006555014755576849, -0.002431905595585704, 0.008276413194835186, -0.000943802937399596], [0.0009923859033733606, -0.0033823703415691853, 0.0014932906487956643, -0.003085449105128646, 0.0009060859447345138, -0.004802934359759092, 0.005805551540106535, -0.005505779292434454, 0.002482314594089985, -0.0022342533338814974, -2.701473204069771e-05, -0.0016873700078576803, 0.00010146355634788051], [-0.0012783523416146636, 0.008354286663234234, -0.0019748981576412916, 0.007474975194782019, -0.0019146930426359177, 0.009016442112624645, -0.005505779292434454, 0.014596367254853249, -0.005634198896586895, 0.008465668186545372, -0.003388014854863286, 0.006034049671143293, 3.3593263651710004e-05], [0.0010676335077732801, -0.004055963363498449, 0.0015884648310020566, -0.003325896104797721, 0.0008452904294244945, -0.002914748853072524, 0.002482314594089985, -0.005634198896586895, 0.010153593495488167, -0.006073328200727701, 0.002461025957018137, -0.0025514515582472086, -0.0002517780812922865], [-0.0013656093506142497, 0.00938358809798956, -0.0022064822260290384, 0.007872595451772213, -0.002660402562469244, 0.006555014755576849, -0.0022342533338814974, 0.008465668186545372, -0.006073328200727701, 0.018280573189258575, -0.007907564751803875, 0.006943324580788612, -0.0015026000328361988], [0.0010867523960769176, -0.005031301639974117, 0.0026405134703963995, -0.004614951554685831, 0.002106510568410158, -0.002431905595585704, -2.701473204069771e-05, -0.003388014854863286, 0.002461025957018137, -0.007907564751803875, 0.012730234302580357, -0.005429827608168125, 0.0006592655554413795], [-0.0014864389086142182, 0.007946040481328964, -0.0029392989818006754, 0.008688789792358875, -0.002079410245642066, 0.008276413194835186, -0.0016873700078576803, 0.006034049671143293, -0.0025514515582472086, 0.006943324580788612, -0.005429827608168125, 0.015346036292612553, -0.004154414404183626], [0.0009360377443954349, -0.001180355786345899, 0.001247847219929099, -0.0025862546171993017, 0.0001212032584589906, -0.000943802937399596, 0.00010146355634788051, 3.3593263651710004e-05, -0.0002517780812922865, -0.0015026000328361988, 0.0006592655554413795, -0.004154414404183626, 0.011070308275520802]], "lowlevel.mfcc.cov": [[10650.5703125, -3687.76220703125, 152.19151306152344, -1035.8372802734375, -1202.8157958984375, -307.8673400878906, -569.9513549804688, -342.9479064941406, -694.2559204101562, -116.7455062866211, -26.10491180419922, -194.44659423828125, -17.8818359375], [-3687.76220703125, 6149.0673828125, -2151.141845703125, 19.28598403930664, 489.2992248535156, -755.1857299804688, -94.47453308105469, 245.8077850341797, -37.5177116394043, -401.24462890625, 265.9925842285156, 17.50080108642578, -83.38307189941406], [152.19151306152344, -2151.141845703125, 2094.9931640625, -63.4272575378418, -186.58517456054688, 458.4053649902344, 8.70656681060791, -51.101444244384766, -0.14408697187900543, 119.61302185058594, -246.3799591064453, -45.93050765991211, -8.217290878295898], [-1035.8372802734375, 19.28598403930664, -63.4272575378418, 793.6565551757812, 267.3278503417969, -43.96668243408203, 53.441776275634766, -25.329191207885742, 85.8414535522461, 1.3307573795318604, -14.622455596923828, 16.44623565673828, -32.17798614501953], [-1202.8157958984375, 489.2992248535156, -186.58517456054688, 267.3278503417969, 527.4948120117188, 60.601318359375, -69.8473129272461, -40.596405029296875, 60.44853973388672, 0.014976591803133488, -65.51901245117188, 12.083504676818848, 4.279454231262207], [-307.8673400878906, -755.1857299804688, 458.4053649902344, -43.96668243408203, 60.601318359375, 465.2230224609375, 135.12181091308594, -59.843204498291016, 69.38658142089844, 81.7447280883789, -70.0973892211914, 4.7589263916015625, 1.1289043426513672], [-569.9513549804688, -94.47453308105469, 8.70656681060791, 53.441776275634766, -69.8473129272461, 135.12181091308594, 349.3111877441406, 68.4317398071289, 82.38418579101562, 66.77326965332031, 28.353883743286133, 27.15540885925293, -14.551637649536133], [-342.9479064941406, 245.8077850341797, -51.101444244384766, -25.329191207885742, -40.596405029296875, -59.843204498291016, 68.4317398071289, 201.97198486328125, 65.62200164794922, -10.375075340270996, 35.916656494140625, -4.864432334899902, -0.48451992869377136], [-694.2559204101562, -37.5177116394043, -0.14408697187900543, 85.8414535522461, 60.44853973388672, 69.38658142089844, 82.38418579101562, 65.62200164794922, 213.65579223632812, 71.70806884765625, -4.990455150604248, 13.049386978149414, 1.3758068084716797], [-116.7455062866211, -401.24462890625, 119.61302185058594, 1.3307573795318604, 0.014976591803133488, 81.7447280883789, 66.77326965332031, -10.375075340270996, 71.70806884765625, 173.33050537109375, 22.210861206054688, 6.968605995178223, 4.193560600280762], [-26.10491180419922, 265.9925842285156, -246.3799591064453, -14.622455596923828, -65.51901245117188, -70.0973892211914, 28.353883743286133, 35.916656494140625, -4.990455150604248, 22.210861206054688, 181.76641845703125, 29.668746948242188, -18.953508377075195], [-194.44659423828125, 17.50080108642578, -45.93050765991211, 16.44623565673828, 12.083504676818848, 4.7589263916015625, 27.15540885925293, -4.864432334899902, 13.049386978149414, 6.968605995178223, 29.668746948242188, 103.0507583618164, 34.29326248168945], [-17.8818359375, -83.38307189941406, -8.217290878295898, -32.17798614501953, 4.279454231262207, 1.1289043426513672, -14.551637649536133, -0.48451992869377136, 1.3758068084716797, 4.193560600280762, -18.953508377075195, 34.29326248168945, 104.97722625732422]], "lowlevel.mfcc.icov": [[0.00039303748053498566, 0.0003707520663738251, 0.00038369614048860967, 0.00027979566948488355, 0.0005279253236949444, 0.00020296001457609236, 0.00045738861081190407, 0.00011387767153792083, 0.000703372759744525, 0.0002493984065949917, 0.00021592911798506975, 0.00030484041781164706, 0.00043768089381046593], [0.0003707520663738251, 0.0007425702060572803, 0.0005393154569901526, 0.0005130551289767027, -5.949849946773611e-05, 0.0006458653369918466, 0.00015749568410683423, -2.9398563128779642e-05, 0.0005206810310482979, 0.0009982888586819172, -0.00014536833623424172, 0.00034726274316199124, 0.0006832398939877748], [0.00038369614048860967, 0.0005393154569901526, 0.0014179459540173411, 6.177587056299672e-05, 0.0010506040416657925, -0.0006892060046084225, 0.0010291498620063066, -0.0006225131219252944, 0.001155693200416863, -0.0002665917272679508, 0.0014364266535267234, -7.139475656003924e-06, 0.0009852119255810976], [0.00027979566948488355, 0.0005130551289767027, 6.177587056299672e-05, 0.002243794035166502, -0.0011751088313758373, 0.0014473999617621303, -0.0007933517335914075, 0.0009130426915362477, -0.000453965796623379, 0.0012123218039050698, -0.0004821317852474749, 0.0002617011487018317, 0.0008593520033173263], [0.0005279253236949444, -5.949849946773611e-05, 0.0010506040416657925, -0.0011751088313758373, 0.004864416550844908, -0.0018394003855064511, 0.0026113216299563646, -0.0002197118737967685, 0.0010079799685627222, -0.0013840862084180117, 0.0025097099132835865, -0.00047761996393091977, 0.0005983776063658297], [0.00020296001457609236, 0.0006458653369918466, -0.0006892060046084225, 0.0014473999617621303, -0.0018394003855064511, 0.005223484709858894, -0.0024539772421121597, 0.0021609310060739517, -0.001179227721877396, 0.0012520055752247572, -0.0006884412141516805, 0.0006346589070744812, 0.0002597336133476347], [0.00045738861081190407, 0.00015749568410683423, 0.0010291498620063066, -0.0007933517335914075, 0.0026113216299563646, -0.0024539772421121597, 0.005788611248135567, -0.002086431020870805, 0.0009975767461583018, -0.0017897281795740128, 0.0012715918710455298, -0.0012487339554354548, 0.0014490291941910982], [0.00011387767153792083, -2.9398563128779642e-05, -0.0006225131219252944, 0.0009130426915362477, -0.0002197118737967685, 0.0021609310060739517, -0.002086431020870805, 0.00797929149121046, -0.0031815180554986, 0.002214256674051285, -0.001969845499843359, 0.0018136068247258663, -0.0010343485046178102], [0.000703372759744525, 0.0005206810310482979, 0.001155693200416863, -0.000453965796623379, 0.0010079799685627222, -0.001179227721877396, 0.0009975767461583018, -0.0031815180554986, 0.0090677160769701, -0.0031589227728545666, 0.0020995403174310923, -0.0005734874866902828, 0.0011536517413333058], [0.0002493984065949917, 0.0009982888586819172, -0.0002665917272679508, 0.0012123218039050698, -0.0013840862084180117, 0.0012520055752247572, -0.0017897281795740128, 0.002214256674051285, -0.0031589227728545666, 0.010363335721194744, -0.0035258554853498936, 0.0015591596020385623, -0.0005272628040984273], [0.00021592911798506975, -0.00014536833623424172, 0.0014364266535267234, -0.0004821317852474749, 0.0025097099132835865, -0.0006884412141516805, 0.0012715918710455298, -0.001969845499843359, 0.0020995403174310923, -0.0035258554853498936, 0.009831753559410572, -0.0033814399503171444, 0.0029513060580939054], [0.00030484041781164706, 0.00034726274316199124, -7.139475656003924e-06, 0.0002617011487018317, -0.00047761996393091977, 0.0006346589070744812, -0.0012487339554354548, 0.0018136068247258663, -0.0005734874866902828, 0.0015591596020385623, -0.0033814399503171444, 0.01312002632766962, -0.004695910960435867], [0.00043768089381046593, 0.0006832398939877748, 0.0009852119255810976, 0.0008593520033173263, 0.0005983776063658297, 0.0002597336133476347, 0.0014490291941910982, -0.0010343485046178102, 0.0011536517413333058, -0.0005272628040984273, 0.0029513060580939054, -0.004695910960435867, 0.012725383043289185]], "metadata.audio_properties.analysis.downmix": "mix", "metadata.audio_properties.codec": "mp3", "metadata.audio_properties.md5_encoded": "21f5c280bf38f24e2a958ab427ffc4fe", "metadata.tags.file_name": "1182278119185457213.mp3", "metadata.version.essentia": "2.1-beta6-dev", "metadata.version.essentia_git_sha": "v2.1_beta5-1110-g77a6a954", "metadata.version.extractor": "music 2.0", "tonal.chords_key": "Ab", "tonal.chords_scale": "major", "tonal.key_edma.key": "F", "tonal.key_edma.scale": "minor", "tonal.key_krumhansl.key": "F", "tonal.key_krumhansl.scale": "minor", "tonal.key_temperley.key": "F", "tonal.key_temperley.scale": "minor", "metadata