{"song_id": "1182273169168543824", "download": "https://cdn.discordapp.com/attachments/1128313332273782784/1182273169168543824/chirp.mp4?ex=658418b1&amp", "lyrics": "[verso]Empresa de customiza\u00e7\u00e3o de carros, aeronaves e barcos, traga seu projeto para a melhor empresa do Brasil.\nOs melhores produtos, melhores profissionais.\nOversign, trabalhando pra voc\u00ea\n[refr\u00e3o]Oh Oh Oh Oh OVERSign\nOh Oh Oh Oh OVERSign", "style": ["pop punk"], "essentia_features": {"lowlevel.average_loudness": 0.811876654624939, "lowlevel.barkbands_crest.mean": 15.823700904846191, "lowlevel.barkbands_crest.stdev": 5.829184532165527, "lowlevel.barkbands_flatness_db.mean": 0.46605220437049866, "lowlevel.barkbands_flatness_db.stdev": 0.15994928777217865, "lowlevel.barkbands_kurtosis.mean": 100.45386505126953, "lowlevel.barkbands_kurtosis.stdev": 246.55384826660156, "lowlevel.barkbands_skewness.mean": 4.07851505279541, "lowlevel.barkbands_skewness.stdev": 6.802215576171875, "lowlevel.barkbands_spread.mean": 6.243197441101074, "lowlevel.barkbands_spread.stdev": 17.170202255249023, "lowlevel.dissonance.mean": 0.29894500970840454, "lowlevel.dissonance.stdev": 0.1444568783044815, "lowlevel.dynamic_complexity": 12.483112335205078, "lowlevel.erbbands_crest.mean": 14.481158256530762, "lowlevel.erbbands_crest.stdev": 6.407419204711914, "lowlevel.erbbands_flatness_db.mean": 0.3420887291431427, "lowlevel.erbbands_flatness_db.stdev": 0.17652587592601776, "lowlevel.erbbands_kurtosis.mean": 4.960812091827393, "lowlevel.erbbands_kurtosis.stdev": 16.61905288696289, "lowlevel.erbbands_skewness.mean": 0.22966443002223969, "lowlevel.erbbands_skewness.stdev": 1.5533391237258911, "lowlevel.erbbands_spread.mean": 18.52655029296875, "lowlevel.erbbands_spread.stdev": 21.881845474243164, "lowlevel.hfc.mean": 8.983221054077148, "lowlevel.hfc.stdev": 10.866077423095703, "lowlevel.loudness_ebu128.integrated": -13.830338478088379, "lowlevel.loudness_ebu128.loudness_range": 3.972789764404297, "lowlevel.loudness_ebu128.momentary.mean": -24.29384422302246, "lowlevel.loudness_ebu128.momentary.stdev": 20.256471633911133, "lowlevel.loudness_ebu128.short_term.mean": -21.407316207885742, "lowlevel.loudness_ebu128.short_term.stdev": 17.245546340942383, "lowlevel.melbands_crest.mean": 23.87054443359375, "lowlevel.melbands_crest.stdev": 11.516958236694336, "lowlevel.melbands_flatness_db.mean": 0.5637116432189941, "lowlevel.melbands_flatness_db.stdev": 0.19846880435943604, "lowlevel.melbands_kurtosis.mean": 100.46369934082031, "lowlevel.melbands_kurtosis.stdev": 236.64349365234375, "lowlevel.melbands_skewness.mean": 4.706009864807129, "lowlevel.melbands_skewness.stdev": 6.632774353027344, "lowlevel.melbands_spread.mean": 8.675559043884277, "lowlevel.melbands_spread.stdev": 26.045507431030273, "lowlevel.pitch_salience.mean": 0.3818262815475464, "lowlevel.pitch_salience.stdev": 0.22674645483493805, "lowlevel.silence_rate_20dB.mean": 1.0, "lowlevel.silence_rate_20dB.stdev": 0.0, "lowlevel.silence_rate_30dB.mean": 0.9049826264381409, "lowlevel.silence_rate_30dB.stdev": 0.2932392656803131, "lowlevel.silence_rate_60dB.mean": 0.22653533518314362, "lowlevel.silence_rate_60dB.stdev": 0.4185950756072998, "lowlevel.spectral_centroid.mean": 628.927001953125, "lowlevel.spectral_centroid.stdev": 728.4932861328125, "lowlevel.spectral_complexity.mean": 5.4038238525390625, "lowlevel.spectral_complexity.stdev": 6.2087812423706055, "lowlevel.spectral_decrease.mean": -1.0298180974643856e-08, "lowlevel.spectral_decrease.stdev": 1.0093928359822257e-08, "lowlevel.spectral_energy.mean": 0.039682500064373016, "lowlevel.spectral_energy.stdev": 0.03857870027422905, "lowlevel.spectral_energyband_high.mean": 0.00013273431977722794, "lowlevel.spectral_energyband_high.stdev": 0.0005346222314983606, "lowlevel.spectral_energyband_low.mean": 0.022860269993543625, "lowlevel.spectral_energyband_low.stdev": 0.0351855494081974, "lowlevel.spectral_energyband_middle_high.mean": 0.0011544773587957025, "lowlevel.spectral_energyband_middle_high.stdev": 0.004504009149968624, "lowlevel.spectral_energyband_middle_low.mean": 0.015631500631570816, "lowlevel.spectral_energyband_middle_low.stdev": 0.019519655033946037, "lowlevel.spectral_entropy.mean": 5.766063690185547, "lowlevel.spectral_entropy.stdev": 1.5630284547805786, "lowlevel.spectral_flux.mean": 0.04503994062542915, "lowlevel.spectral_flux.stdev": 0.064998097717762, "lowlevel.spectral_kurtosis.mean": 166.9915313720703, "lowlevel.spectral_kurtosis.stdev": 194.3632049560547, "lowlevel.spectral_rms.mean": 0.005183056462556124, "lowlevel.spectral_rms.stdev": 0.003442462533712387, "lowlevel.spectral_rolloff.mean": 686.5333251953125, "lowlevel.spectral_rolloff.stdev": 2083.236328125, "lowlevel.spectral_skewness.mean": 8.509949684143066, "lowlevel.spectral_skewness.stdev": 7.1827778816223145, "lowlevel.spectral_spread.mean": 2878696.0, "lowlevel.spectral_spread.stdev": 3151992.5, "lowlevel.spectral_strongpeak.mean": 0.6921823024749756, "lowlevel.spectral_strongpeak.stdev": 0.8443390130996704, "lowlevel.zerocrossingrate.mean": 0.025419197976589203, "lowlevel.zerocrossingrate.stdev": 0.06744320690631866, "metadata.audio_properties.analysis.equal_loudness": 0.0, "metadata.audio_properties.analysis.length": 40.04265213012695, "metadata.audio_properties.analysis.sample_rate": 44100.0, "metadata.audio_properties.analysis.start_time": 0.0, "metadata.audio_properties.bit_rate": 116129.0, "metadata.audio_properties.length": 40.042667388916016, "metadata.audio_properties.lossless": 0.0, "metadata.audio_properties.number_channels": 1.0, "metadata.audio_properties.replay_gain": -12.978034973144531, "metadata.audio_properties.sample_rate": 48000.0, "rhythm.beats_count": 73.0, "rhythm.beats_loudness.mean": 0.052764441817998886, "rhythm.beats_loudness.stdev": 0.046167049556970596, "rhythm.bpm": 119.83647155761719, "rhythm.bpm_histogram_first_peak_bpm": 120.0, "rhythm.bpm_histogram_first_peak_weight": 0.5, "rhythm.bpm_histogram_second_peak_bpm": 94.0, "rhythm.bpm_histogram_second_peak_spread": 0.6000000238418579, "rhythm.bpm_histogram_second_peak_weight": 0.0833333358168602, "rhythm.danceability": 0.9677357077598572, "rhythm.onset_rate": 1.99728262424469, "tonal.chords_changes_rate": 0.0694444477558136, "tonal.chords_number_rate": 0.012731481343507767, "tonal.chords_strength.mean": 0.45443275570869446, "tonal.chords_strength.stdev": 0.08306934684515, "tonal.hpcp_crest.mean": 14.889457702636719, "tonal.hpcp_crest.stdev": 7.915713787078857, "tonal.hpcp_entropy.mean": 1.7773611545562744, "tonal.hpcp_entropy.stdev": 0.859582781791687, "tonal.key_edma.strength": 0.6138254404067993, "tonal.key_krumhansl.strength": 0.6206845641136169, "tonal.key_temperley.strength": 0.6140015125274658, "tonal.tuning_diatonic_strength": 0.5006274580955505, "tonal.tuning_equal_tempered_deviation": 0.19403593242168427, "tonal.tuning_frequency": 434.193115234375, "tonal.tuning_nontempered_energy_ratio": 0.9405708312988281, "lowlevel.barkbands.mean": [0.004013064317405224, 0.016727551817893982, 0.0020899237133562565, 0.0007128993165679276, 0.006545127835124731, 0.003207820001989603, 0.0034234498161822557, 0.0007266125758178532, 0.0009064073674380779, 0.0004870487900916487, 0.00025017294683493674, 0.0001145463902503252, 6.34253301541321e-05, 5.461374530568719e-05, 7.485038076993078e-05, 3.409586861380376e-05, 3.103659037151374e-05, 4.093612005817704e-05, 3.115734944003634e-05, 3.6056586395716295e-05, 3.0388891900656745e-05, 2.02167357201688e-05, 1.9481141862343065e-05, 1.2825734302168712e-05, 1.8962800822919235e-05, 9.799196959647816e-06, 4.370077633097935e-08], "lowlevel.barkbands.stdev": [0.006988446693867445, 0.029139850288629532, 0.004939114674925804, 0.0020471324678510427, 0.01117238774895668, 0.005011195782572031, 0.008513455279171467, 0.002726058242842555, 0.003172094700857997, 0.0025971494615077972, 0.001606301637366414, 0.0006226162076927722, 0.0004156635550316423, 0.00024720694636926055, 0.00038152746856212616, 0.00015463722229469568, 0.0002157072740374133, 0.00024019279226195067, 0.0001999668456846848, 0.00018150164396502078, 0.00013533144374378026, 9.80758632067591e-05, 0.00010117724013980478, 7.549906149506569e-05, 0.00013981058145873249, 7.18900773790665e-05, 4.981642973689304e-07], "lowlevel.erbbands.mean": [1.0173596143722534, 1.6250263452529907, 2.341611862182617, 2.3088629245758057, 15.079483032226562, 24.276430130004883, 6.515304088592529, 38.14373016357422, 37.21517562866211, 60.613380432128906, 15.783895492553711, 22.148845672607422, 12.61503791809082, 15.368875503540039, 8.246088981628418, 4.4368133544921875, 2.850167751312256, 3.170126438140869, 3.890509605407715, 2.7303318977355957, 1.797238826751709, 1.79764986038208, 2.1761865615844727, 1.8623169660568237, 1.5082120895385742, 1.734704613685608, 1.5730547904968262, 0.8993118405342102, 0.7435222268104553, 0.6607153415679932, 0.5419502854347229, 0.3145761787891388, 0.20005282759666443, 0.18593689799308777, 0.1431538164615631, 0.06798548251390457, 0.013250766322016716, 0.0009934386471286416, 3.985993316746317e-05, 4.493540109251626e-05], "lowlevel.erbbands.stdev": [1.7612184286117554, 3.487651824951172, 5.456662178039551, 6.291894912719727, 26.432008743286133, 45.303016662597656, 9.920816421508789, 58.68161392211914, 119.42613220214844, 134.1313018798828, 62.341285705566406, 76.77951049804688, 63.42980194091797, 77.72093963623047, 42.1495246887207, 27.968713760375977, 16.852256774902344, 15.890740394592285, 18.9069766998291, 12.092673301696777, 8.044657707214355, 10.985779762268066, 13.754605293273926, 10.475789070129395, 9.325745582580566, 8.759903907775879, 7.060722351074219, 4.081621170043945, 3.553236484527588, 3.651581287384033, 2.6793928146362305, 1.7231227159500122, 1.2365466356277466, 1.2919691801071167, 1.168406367301941, 0.529839813709259, 0.09089197963476181, 0.0065384516492486, 0.00014041265239939094, 4.2797164496732876e-05], "lowlevel.gfcc.mean": [-308.4448547363281, 175.4467315673828, -21.161376953125, 9.161399841308594, -58.45040512084961, -19.308109283447266, -26.288969039916992, 1.854301929473877, -1.1492503881454468, 4.436522960662842, -0.24366287887096405, -10.159405708312988, -0.07324765622615814], "lowlevel.melbands.mean": [0.00648525170981884, 0.0013204312417656183, 0.0007569552981294692, 0.00152244558557868, 0.0003890447551384568, 0.0007806614157743752, 0.0006301228422671556, 0.0005462634144350886, 0.00012568640522658825, 0.0001256592950085178, 6.166226376080886e-05, 6.525705975946039e-05, 3.1911611586110666e-05, 1.463547505409224e-05, 6.906788712512935e-06, 6.801571089454228e-06, 5.5599689403607044e-06, 5.997842436045175e-06, 5.1055731091764756e-06, 2.7124883672513533e-06, 1.9035721834370634e-06, 1.7530903733131709e-06, 2.0922070689266548e-06, 1.8730075908024446e-06, 1.4771570704397163e-06, 1.0952938964692294e-06, 1.0677557611415978e-06, 1.1834760016427026e-06, 1.0597369737297413e-06, 7.362359042417665e-07, 4.510680469138606e-07, 4.1378680748493935e-07, 3.95081855231183e-07, 3.6461065633375256e-07, 3.386626872270426e-07, 2.2216644879335945e-07, 1.8440522353557753e-07, 1.2988783737455378e-07, 1.4972457051953825e-07, 1.573948509303591e-07], "lowlevel.melbands.stdev": [0.01118461973965168, 0.002770340070128441, 0.0013529252028092742, 0.002848653355613351, 0.0006395414238795638, 0.001230312860570848, 0.0016909869154915214, 0.001264240243472159, 0.0005586783518083394, 0.00043863931205123663, 0.00033258399344049394, 0.0003381691640242934, 0.00018970950623042881, 7.559372897958383e-05, 4.149681990384124e-05, 4.835724030272104e-05, 2.7682541258400306e-05, 2.8595770345418714e-05, 2.7855310690938495e-05, 1.2737497854686808e-05, 8.93570359039586e-06, 1.0298285815224517e-05, 1.5455794709851034e-05, 1.095081097446382e-05, 8.32889782031998e-06, 7.56394229028956e-06, 6.154933089419501e-06, 5.897861683479277e-06, 4.820768026547739e-06, 3.436948873059009e-06, 2.169953859265661e-06, 1.98931411432568e-06, 2.029490133281797e-06, 2.2226347482501296e-06, 1.71148644767527e-06, 1.087571945390664e-06, 1.1265777857261128e-06, 8.177649419849331e-07, 1.001862074190285e-06, 1.1448853456386132e-06], "lowlevel.melbands128.mean": [0.0038679116405546665, 0.010734280571341515, 0.0058286068961024284, 0.001743512344546616, 0.0012181570054963231, 0.0009060349548235536, 0.00031513284193351865, 0.0004614215577021241, 0.001779134850949049, 0.0017202692106366158, 0.0014733400894328952, 0.0006435271352529526, 5.414535553427413e-05, 8.127266482915729e-05, 0.000809120072517544, 0.0013506762916222215, 0.0005557615077123046, 0.00042309591663070023, 0.0006909293006174266, 0.0010343024041503668, 0.00016888551181182265, 5.373762178351171e-05, 0.00011141441791551188, 0.00020900227536913007, 0.00019807255011983216, 5.8485351473791525e-05, 5.145798422745429e-05, 5.7120243582176045e-05, 7.286667096195742e-05, 8.646795322420076e-05, 5.1877541409339756e-05, 4.7249108320102096e-05, 3.354555883561261e-05, 1.9628365407697856e-05, 1.5866520698182285e-05, 1.4121532331046183e-05, 1.142340806836728e-05, 5.8903115132125095e-06, 4.56270345239318e-06, 5.848097316629719e-06, 7.93251547293039e-06, 7.452505997207481e-06, 5.515826615010155e-06, 4.648149570130045e-06, 4.350103154138196e-06, 6.505718829430407e-06, 7.664931217732374e-06, 5.978026365482947e-06, 3.4797019452526e-06, 3.33152729581343e-06, 2.2584038106288062e-06, 2.6503366825636476e-06, 2.0542788661259692e-06, 1.511005052634573e-06, 1.686506152509537e-06, 1.8087836224367493e-06, 1.667633682700398e-06, 2.2698850443703122e-06, 2.158818460884504e-06, 1.955314246515627e-06, 1.795878915800131e-06, 1.930765165525372e-06, 1.6727173033359577e-06, 1.385289351674146e-06, 1.059380565493484e-06, 1.1171074447702267e-06, 1.0631623581502936e-06, 1.0624588639984722e-06, 1.0084379482577788e-06, 1.2246379128555418e-06, 1.0949353281830554e-06, 1.277342676075932e-06, 1.1438494311732939e-06, 1.0404399972685496e-06, 9.221402592629602e-07, 8.492888241562468e-07, 6.33974991615105e-07, 4.197813439077436e-07, 4.954407017976337e-07, 3.610607848258951e-07, 4.326681732891302e-07, 4.0711390170145023e-07, 4.320999096307787e-07, 3.999813316113432e-07, 3.720600432188803e-07, 3.312695184831682e-07, 3.626657303357206e-07, 4.214448665607051e-07, 3.222737063879322e-07, 3.1528153954241134e-07, 2.4832650069583906e-07, 1.9487484337332717e-07, 1.714296899990586e-07, 2.222622157432852e-07, 1.5769985850511148e-07, 1.3302323509378766e-07, 1.1692320356360142e-07, 1.3477411187068356e-07, 1.447488671146857e-07, 1.663019304487534e-07, 1.5887201243458549e-07, 1.634486181956163e-07, 1.4275673265728983e-07, 1.4633398848218349e-07, 1.631250086120417e-07, 1.8771039833609393e-07, 1.6681835290910385e-07, 1.3140545718215435e-07, 1.2720092001927696e-07, 1.0020495011531239e-07, 5.986060358509349e-08, 4.833470867993128e-08, 3.453782682072415e-08, 2.940603316403667e-08, 1.8907670096268703e-08, 7.025263926152547e-09, 1.6855938866910947e-09, 8.690096559016425e-11, 3.556641743271416e-12, 3.185352806175934e-12, 3.126751895593527e-12, 2.845623259598029e-12, 2.7566462567490957e-12, 2.706924528278476e-12, 2.647265870056592e-12, 2.5667727492073578e-12, 2.5220144982823767e-12, 2.505049119527758e-12], "lowlevel.melbands128.stdev": [0.006741487421095371, 0.018610844388604164, 0.011068036779761314, 0.004785084165632725, 0.0031399421859532595, 0.0022411607205867767, 0.0013347894418984652, 0.001073007588274777, 0.003043062286451459, 0.004650211427360773, 0.0028461774345487356, 0.0011558535043150187, 0.00018061383161693811, 0.000267761672148481, 0.0013250220799818635, 0.0021412475034594536, 0.0025675699580460787, 0.002253660699352622, 0.0017947256565093994, 0.0024336983915418386, 0.0006438896525651217, 0.00046666638809256256, 0.0008151724468916655, 0.0009231040603481233, 0.0008046661969274282, 0.00033494492527097464, 0.00038296959246508777, 0.0004712953814305365, 0.000526802206877619, 0.0005881381803192198, 0.0003779575345106423, 0.0004304820322431624, 0.0002554549719206989, 0.0001315076369792223, 8.70000003487803e-05, 0.0001116054700105451, 0.0001208452376886271, 3.915763954864815e-05, 3.091638791374862e-05, 4.6620181819889694e-05, 8.319781045429409e-05, 6.811240746174008e-05, 3.3811280445661396e-05, 2.536227839300409e-05, 2.658869925653562e-05, 3.906351776095107e-05, 5.76307502342388e-05, 4.766821803059429e-05, 1.64326647791313e-05, 1.681509274931159e-05, 1.4647774150944315e-05, 1.5463172530871816e-05, 9.322162441094406e-06, 8.532693755114451e-06, 1.0195649338129442e-05, 1.1020048077625688e-05, 1.1462491784186568e-05, 2.52965182880871e-05, 1.5247654118866194e-05, 1.4270432984631043e-05, 1.1192055353603791e-05, 1.1411037121433765e-05, 9.60343732003821e-06, 9.012142072606366e-06, 7.291256679309299e-06, 8.981113751360681e-06, 7.169463515310781e-06, 7.627940703969216e-06, 5.9071494433737826e-06, 8.939065082813613e-06, 4.645795797841856e-06, 6.9111270022403914e-06, 5.807426077808486e-06, 4.6605582610936835e-06, 4.558705313684186e-06, 4.258506578480592e-06, 3.2987002214213135e-06, 2.118342081303126e-06, 2.7191501885681646e-06, 1.7657480384514201e-06, 2.124516868207138e-06, 2.309784349563415e-06, 2.2985668692854233e-06, 2.175500867451774e-06, 2.1005307644372806e-06, 2.0573211259033997e-06, 2.7267853965895483e-06, 2.3794480057404144e-06, 1.6769315607234603e-06, 1.5999355582607677e-06, 1.3093203961034305e-06, 1.0111530173162464e-06, 8.997638474284031e-07, 1.625108893676952e-06, 9.137181109508674e-07, 9.260666615773516e-07, 7.697598789491167e-07, 9.264379059459316e-07, 9.990761782319169e-07, 1.1908709893759806e-06, 1.1644802953014732e-06, 1.2931742503496935e-06, 1.1419950851632166e-06, 1.3251084283183445e-06, 1.5964791373335174e-06, 1.5775586916788598e-06, 1.3267538179206895e-06, 1.078991090253112e-06, 1.21267146369064e-06, 8.264968300863984e-07, 4.873257353210647e-07, 3.5773339845945884e-07, 2.528949210045539e-07, 2.2994650805685524e-07, 1.4237747336665052e-07, 5.65091227144876e-08, 1.674719740663022e-08, 1.8245672750438757e-09, 2.188953532322735e-11, 1.1135766787850887e-11, 1.1470528520074463e-11, 5.5460475621715855e-12, 5.381703329504495e-12, 5.290153298059819e-12, 5.213772989731691e-12, 5.150865844960606e-12, 5.105977706615361e-12, 5.078467160690714e-12], "lowlevel.mfcc.mean": [-963.206787109375, 200.47842407226562, 80.02454376220703, 39.60491180419922, 4.9604291915893555, -9.245476722717285, -10.084930419921875, -10.629554748535156, -0.7413346767425537, 6.99221134185791, 3.9028079509735107, 9.801280975341797, 4.56855583190918], "lowlevel.spectral_contrast_coeffs.mean": [-0.6710038185119629, -0.6503364443778992, -0.8311002254486084, -0.8737829923629761, -0.8723994493484497, -0.8439910411834717], "lowlevel.spectral_contrast_coeffs.stdev": [0.1652858555316925, 0.173019140958786, 0.07987411320209503, 0.059439051896333694, 0.057227738201618195, 0.06788236647844315], "lowlevel.spectral_contrast_valleys.mean": [-8.37040901184082, -8.668339729309082, -10.482477188110352, -11.253355979919434, -11.524940490722656, -13.89469051361084], "lowlevel.spectral_contrast_valleys.stdev": [2.288057327270508, 2.2253730297088623, 2.0274012088775635, 2.04240083694458, 2.1919424533843994, 1.813644528388977], "rhythm.beats_loudness_band_ratio.mean": [0.6311885714530945, 0.2516949474811554, 0.11402490735054016, 0.029137667268514633, 0.011596446856856346, 0.017514968290925026], "rhythm.beats_loudness_band_ratio.stdev": [0.31525105237960815, 0.27182671427726746, 0.16246724128723145, 0.08913516998291016, 0.03227223455905914, 0.07260765135288239], "tonal.hpcp.mean": [0.2068706899881363, 0.17876002192497253, 0.025980249047279358, 0.01964699849486351, 0.02003876306116581, 0.024985766038298607, 0.2842211425304413, 0.36890092492103577, 0.1030944287776947, 0.010612678714096546, 0.010538775473833084, 0.007138255517929792, 0.0050559076480567455, 0.005834433250129223, 0.005897635128349066, 0.007200784049928188, 0.00893778633326292, 0.011546005494892597, 0.011686619371175766, 0.009477730840444565, 0.011239303275942802, 0.08634034544229507, 0.2732560634613037, 0.3336361348628998, 0.25333353877067566, 0.12506575882434845, 0.02706538699567318, 0.20731781423091888, 0.23776185512542725, 0.0594785176217556, 0.19137559831142426, 0.20684830844402313, 0.04203591123223305, 0.02369035966694355, 0.03154930844902992, 0.06345808506011963], "tonal.hpcp.stdev": [0.33955448865890503, 0.3017658591270447, 0.1136438176035881, 0.10168769955635071, 0.10784418880939484, 0.12766027450561523, 0.3259109556674957, 0.4256376028060913, 0.13074854016304016, 0.06775758415460587, 0.07713963091373444, 0.060487426817417145, 0.033850401639938354, 0.04793297499418259, 0.04767773672938347, 0.05817032605409622, 0.05895701423287392, 0.07590824365615845, 0.07714167982339859, 0.06158513203263283, 0.06795243918895721, 0.17826050519943237, 0.40983420610427856, 0.36074915528297424, 0.40877264738082886, 0.22233223915100098, 0.1346326768398285, 0.28630730509757996, 0.32868218421936035, 0.12802425026893616, 0.2811970114707947, 0.3029530942440033, 0.12770231068134308, 0.11064045876264572, 0.13625912368297577, 0.1675209254026413], "rhythm.beats_position": [0.5804988741874695, 1.172607660293579, 1.7531065940856934, 2.3336052894592285, 2.983764171600342, 3.6455328464508057, 4.29569149017334, 4.945850372314453, 5.596008777618408, 6.188117980957031, 6.791836738586426, 7.39555549621582, 8.010884284973145, 8.614603042602539, 9.206711769104004, 9.787210464477539, 10.390929222106934, 11.006258010864258, 11.621586799621582, 12.260135650634766, 12.89868450164795, 13.537233352661133, 14.175782203674316, 14.8143310546875, 15.464489936828613, 16.103038787841797, 16.625486373901367, 17.14793586730957, 17.670385360717773, 18.181224822998047, 18.692062377929688, 19.20290184020996, 19.713741302490234, 20.212970733642578, 20.71219825744629, 21.199817657470703, 21.699047088623047, 22.19827651977539, 22.709115982055664, 23.196733474731445, 23.68435287475586, 24.183582305908203, 24.682811737060547, 25.19365119934082, 25.69287872314453, 26.192108154296875, 26.70294761657715, 27.202177047729492, 27.701404571533203, 28.212244033813477, 28.72308349609375, 29.233922958374023, 29.721542358398438, 30.20915985107422, 30.708389282226562, 31.207618713378906, 31.71845817565918, 32.206077575683594, 32.70530700683594, 33.20453643798828, 33.70376205444336, 34.2029914855957, 34.69061279296875, 35.189842224121094, 35.700679779052734, 36.19990921020508, 36.68752670288086, 37.198368072509766, 37.709205627441406, 38.20843505859375, 38.707664489746094, 39.20689392089844, 39.70612335205078], "rhythm.bpm_histogram": [0.0, 0.0, 0.0, 0.0, 0.0, 0.0, 0.0, 0.0, 0.0, 0.0, 0.0, 0.0, 0.0, 0.0, 0.0, 0.0, 0.0, 0.0, 0.0, 0.0, 0.0, 0.0, 0.0, 0.0, 0.0, 0.0, 0.0, 0.0, 0.0, 0.0, 0.0, 0.0, 0.0, 0.0, 0.0, 0.0, 0.0, 0.0, 0.0, 0.0, 0.0, 0.0, 0.0, 0.0, 0.0, 0.0, 0.0, 0.0, 0.0, 0.0, 0.0, 0.0, 0.0, 0.0, 0.0, 0.0, 0.0, 0.0, 0.0, 0.0, 0.0, 0.0, 0.0, 0.0, 0.0, 0.0, 0.0, 0.0, 0.0, 0.0, 0.0, 0.0, 0.0, 0.0, 0.0, 0.0, 0.0, 0.0, 0.0, 0.0, 0.0, 0.0, 0.0, 0.0, 0.0, 0.0, 0.0, 0.0, 0.0, 0.0, 0.0, 0.013888888992369175, 0.0694444477558136, 0.0, 0.0833333358168602, 0.0, 0.0, 0.0, 0.0416666679084301, 0.0555555559694767, 0.0, 0.0416666679084301, 0.0, 0.0416666679084301, 0.0, 0.0, 0.0, 0.0, 0.0, 0.0, 0.0, 0.0, 0.0, 0.0, 0.0, 0.0416666679084301, 0.0, 0.1944444477558136, 0.0, 0.0, 0.3055555522441864, 0.0, 0.0, 0.1111111119389534, 0.0, 0.0, 0.0, 0.0, 0.0, 0.0, 0.0, 0.0, 0.0, 0.0, 0.0, 0.0, 0.0, 0.0, 0.0, 0.0, 0.0, 0.0, 0.0, 0.0, 0.0, 0.0, 0.0, 0.0, 0.0, 0.0, 0.0, 0.0, 0.0, 0.0, 0.0, 0.0, 0.0, 0.0, 0.0, 0.0, 0.0, 0.0, 0.0, 0.0, 0.0, 0.0, 0.0, 0.0, 0.0, 0.0, 0.0, 0.0, 0.0, 0.0, 0.0, 0.0, 0.0, 0.0, 0.0, 0.0, 0.0, 0.0, 0.0, 0.0, 0.0, 0.0, 0.0, 0.0, 0.0, 0.0, 0.0, 0.0, 0.0, 0.0, 0.0, 0.0, 0.0, 0.0, 0.0, 0.0, 0.0, 0.0, 0.0, 0.0, 0.0, 0.0, 0.0, 0.0, 0.0, 0.0, 0.0, 0.0, 0.0, 0.0, 0.0, 0.0, 0.0, 0.0, 0.0, 0.0, 0.0, 0.0, 0.0, 0.0, 0.0, 0.0, 0.0, 0.0, 0.0, 0.0, 0.0, 0.0, 0.0, 0.0, 0.0, 0.0, 0.0, 0.0, 0.0, 0.0, 0.0, 0.0, 0.0, 0.0, 0.0, 0.0, 0.0, 0.0, 0.0, 0.0], "tonal.chords_histogram": [26.273147583007812, 0.0, 13.078703880310059, 0.0, 3.5879628658294678, 5.439815044403076, 0.9259259104728699, 20.48611068725586, 0.0, 2.1990740299224854, 0.0, 0.0, 0.3472222089767456, 4.282407283782959, 12.384259223937988, 0.0, 0.0, 0.0, 0.0, 0.0, 0.0, 2.0833332538604736, 7.407407283782959, 1.5046296119689941], "tonal.thpcp": [1.0, 0.2794637382030487, 0.028768371790647507, 0.02856803685426712, 0.01935006119310856, 0.013705326244235039, 0.015815718099474907, 0.01598704420030117, 0.019519560039043427, 0.02422814816236496, 0.03129839152097702, 0.031679559499025345, 0.0256918054074049, 0.030466996133327484, 0.2340475171804428, 0.7407302260398865, 0.9044057726860046, 0.6867251396179199, 0.3390226364135742, 0.0733676329255104, 0.5619877576828003, 0.6445141434669495, 0.16123168170452118, 0.5187723636627197, 0.5607150793075562, 0.11394905298948288, 0.06421875953674316, 0.08552244305610657, 0.17201931774616241, 0.5607757568359375, 0.4845746159553528, 0.0704260915517807, 0.053258199244737625, 0.05432017520070076, 0.06773028522729874, 0.7704538702964783], "lowlevel.gfcc.cov": [[45872.5859375, 4956.77001953125, -2441.593505859375, -16.29029655456543, -1605.3759765625, -2422.86083984375, -1063.5760498046875, -703.2173461914062, -1002.1011352539062, -395.06494140625, -206.29481506347656, -814.4703369140625, 267.20562744140625], [4956.77001953125, 6715.65966796875, 3219.298828125, -1212.613037109375, 60.32717514038086, -2186.195556640625, -288.3969421386719, -820.3786010742188, 555.4667358398438, -529.337890625, 362.26611328125, -741.6282348632812, 4.425354480743408], [-2441.593505859375, 3219.298828125, 4086.281494140625, -289.5091247558594, 136.52716064453125, -1111.8321533203125, -384.94549560546875, -683.2092895507812, 485.535400390625, -221.32608032226562, 202.24078369140625, -148.9425506591797, -197.6046600341797], [-16.29029655456543, -1212.613037109375, -289.5091247558594, 1012.5493774414062, 350.73321533203125, 471.0794982910156, 63.214500427246094, 105.14532470703125, -99.23806762695312, 103.2163314819336, 78.08631134033203, 266.9357604980469, 67.9336929321289], [-1605.3759765625, 60.32717514038086, 136.52716064453125, 350.73321533203125, 694.1961059570312, 249.1341094970703, 249.1945343017578, 80.8664779663086, 117.01753997802734, 17.85649871826172, 167.36061096191406, 106.37723541259766, 127.35456848144531], [-2422.86083984375, -2186.195556640625, -1111.8321533203125, 471.0794982910156, 249.1341094970703, 1215.5684814453125, 439.8134765625, 471.78033447265625, -28.994707107543945, 285.2554016113281, -19.898544311523438, 301.2497253417969, 96.73030853271484], [-1063.5760498046875, -288.3969421386719, -384.94549560546875, 63.214500427246094, 249.1945343017578, 439.8134765625, 504.24322509765625, 340.7529602050781, 189.33822631835938, 147.7304229736328, 120.93183898925781, 81.48954010009766, 143.30615234375], [-703.2173461914062, -820.3786010742188, -683.2092895507812, 105.14532470703125, 80.8664779663086, 471.78033447265625, 340.7529602050781, 471.1336364746094, 165.348388671875, 183.467041015625, 33.47760772705078, 105.46736145019531, 118.98755645751953], [-1002.1011352539062, 555.4667358398438, 485.535400390625, -99.23806762695312, 117.01753997802734, -28.994707107543945, 189.33822631835938, 165.348388671875, 384.92645263671875, 82.9769287109375, 97.52226257324219, 6.031645774841309, 52.248260498046875], [-395.06494140625, -529.337890625, -221.32608032226562, 103.2163314819336, 17.85649871826172, 285.2554016113281, 147.7304229736328, 183.467041015625, 82.9769287109375, 184.21710205078125, 31.408599853515625, 104.41669464111328, 41.83651351928711], [-206.29481506347656, 362.26611328125, 202.24078369140625, 78.08631134033203, 167.36061096191406, -19.898544311523438, 120.93183898925781, 33.47760772705078, 97.52226257324219, 31.408599853515625, 177.6719970703125, 22.356462478637695, 71.76052856445312], [-814.4703369140625, -741.6282348632812, -148.9425506591797, 266.9357604980469, 106.37723541259766, 301.2497253417969, 81.48954010009766, 105.46736145019531, 6.031645774841309, 104.41669464111328, 22.356462478637695, 202.63023376464844, 22.78635025024414], [267.20562744140625, 4.425354480743408, -197.6046600341797, 67.9336929321289, 127.35456848144531, 96.73030853271484, 143.30615234375, 118.98755645751953, 52.248260498046875, 41.83651351928711, 71.76052856445312, 22.78635025024414, 141.13722229003906]], "lowlevel.gfcc.icov": [[5.7580888096708804e-05, -0.00019945140229538083, 0.00010131145972991362, -0.00018937727145384997, 0.00015525396156590432, 2.961814243462868e-05, 6.431264046113938e-05, -0.00011203291069250554, 0.00024236030003521591, -0.00026038766372948885, 0.00025641245883889496, -0.00015566073125228286, -0.00011877996439579874], [-0.00019945140229538083, 0.0018722405657172203, -0.0006094083655625582, 0.0009771172190085053, -0.0007067323313094676, 0.0009338394738733768, -0.0009392722276970744, 0.0015458546113222837, -0.0018876949325203896, 0.001398408436216414, -0.002006871858611703, 0.0024792267940938473, -0.0004520775401033461], [0.00010131145972991362, -0.0006094083655625582, 0.0009729728335514665, -0.0004527541168499738, 0.00027354128542356193, -0.00012956451973877847, 0.0004540983645711094, 0.0008917025988921523, -0.0009220470092259347, -0.00038252276135608554, 0.00017147790640592575, -0.0009666804107837379, 0.0005602143937721848], [-0.00018937727145384997, 0.0009771172190085053, -0.0004527541168499738, 0.0027742553502321243, -0.0013773905811831355, -0.0002068290050374344, 0.0006798062822781503, 0.0001560283126309514, -0.00029233680106699467, 0.0009898596908897161, -0.0020031575113534927, -0.0007630686741322279, -0.00012199742195662111], [0.00015525396156590432, -0.0007067323313094676, 0.00027354128542356193, -0.0013773905811831355, 0.00365046551451087, -0.0009370371699333191, -0.0007593745831400156, 0.0007875453447923064, -0.0003979056200478226, 0.001622741692699492, -0.0005138277774676681, -0.0011563098523765802, -0.0016562669770792127], [2.961814243462868e-05, 0.0009338394738733768, -0.00012956451973877847, -0.0002068290050374344, -0.0009370371699333191, 0.004490619525313377, -0.0028039005119353533, -0.0004993872134946287, 0.0011082545388489962, -0.0021106216590851545, 0.001381286303512752, -0.00022740270651411265, 0.00041840062476694584], [6.431264046113938e-05, -0.0009392722276970744, 0.0004540983645711094, 0.0006798062822781503, -0.0007593745831400156, -0.0028039005119353533, 0.00794766005128622, -0.0029847323894500732, -0.0006667746347375214, -0.0002620597369968891, -0.0023549157194793224, -0.0002708005777094513, -0.001164727727882564], [-0.00011203291069250554, 0.0015458546113222837, 0.0008917025988921523, 0.0001560283126309514, 0.0007875453447923064, -0.0004993872134946287, -0.0029847323894500732, 0.011175044812262058, -0.006628304719924927, -0.00030252159922383726, -0.0006438588025048375, 0.0021198438480496407, -0.002893485128879547], [0.00024236030003521591, -0.0018876949325203896, -0.0009220470092259347, -0.00029233680106699467, -0.0003979056200478226, 0.0011082545388489962, -0.0006667746347375214, -0.006628304719924927, 0.0107111856341362, -0.004507908131927252, 0.002373875817283988, -0.0023014822509139776, 0.0008503111894242465], [-0.00026038766372948885, 0.001398408436216414, -0.00038252276135608554, 0.0009898596908897161, 0.001622741692699492, -0.0021106216590851545, -0.0002620597369968891, -0.00030252159922383726, -0.004507908131927252, 0.015745025128126144, -0.004544399678707123, -0.002402330981567502, -0.0003594633599277586], [0.00025641245883889496, -0.002006871858611703, 0.00017147790640592575, -0.0020031575113534927, -0.0005138277774676681, 0.001381286303512752, -0.0023549157194793224, -0.0006438588025048375, 0.002373875817283988, -0.004544399678707123, 0.014162037521600723, -0.0030036361422389746, -0.003014784539118409], [-0.00015566073125228286, 0.0024792267940938473, -0.0009666804107837379, -0.0007630686741322279, -0.0011563098523765802, -0.00022740270651411265, -0.0002708005777094513, 0.0021198438480496407, -0.0023014822509139776, -0.002402330981567502, -0.0030036361422389746, 0.015318773686885834, -0.00046403735177591443], [-0.00011877996439579874, -0.0004520775401033461, 0.0005602143937721848, -0.00012199742195662111, -0.0016562669770792127, 0.00041840062476694584, -0.001164727727882564, -0.002893485128879547, 0.0008503111894242465, -0.0003594633599277586, -0.003014784539118409, -0.00046403735177591443, 0.014396755956113338]], "lowlevel.mfcc.cov": [[32902.19921875, 3626.866455078125, -3321.600341796875, -129.8882293701172, -1528.0469970703125, -840.8123168945312, -25.06066131591797, -994.0842895507812, -568.4027099609375, -152.96917724609375, -1429.960205078125, 2.665442705154419, -631.9588623046875], [3626.866455078125, 8781.7333984375, 2956.96533203125, 798.3838500976562, 100.45186614990234, -981.269775390625, -1065.95556640625, -1194.6849365234375, -783.1915283203125, -310.21832275390625, -133.13265991210938, -16.21453857421875, -64.61754608154297], [-3321.600341796875, 2956.96533203125, 3304.849853515625, 645.41064453125, 374.2542419433594, -110.80470275878906, -806.1915893554688, -474.1139831542969, -402.8697204589844, -367.8462219238281, 250.353271484375, -63.48196029663086, 193.90028381347656], [-129.8882293701172, 798.3838500976562, 645.41064453125, 744.70556640625, 388.5948791503906, 62.96165466308594, -57.59341812133789, -32.813690185546875, -125.40181732177734, -165.9178924560547, 8.182350158691406, 39.32609176635742, 88.44058990478516], [-1528.0469970703125, 100.45186614990234, 374.2542419433594, 388.5948791503906, 499.3861083984375, 199.400146484375, 59.42819595336914, 102.15115356445312, -10.042461395263672, -64.7219467163086, 52.89032745361328, 9.917791366577148, 85.24722290039062], [-840.8123168945312, -981.269775390625, -110.80470275878906, 62.96165466308594, 199.400146484375, 477.13116455078125, 268.1951904296875, 261.3904113769531, 124.24040985107422, 16.913785934448242, 78.09225463867188, 23.64794921875, 64.75944519042969], [-25.06066131591797, -1065.95556640625, -806.1915893554688, -57.59341812133789, 59.42819595336914, 268.1951904296875, 560.9906005859375, 332.1812438964844, 214.13796997070312, 168.97059631347656, -6.617508888244629, 81.64923858642578, 11.03522777557373], [-994.0842895507812, -1194.6849365234375, -474.1139831542969, -32.813690185546875, 102.15115356445312, 261.3904113769531, 332.1812438964844, 409.9601135253906, 282.9347229003906, 186.0516815185547, 142.67282104492188, 86.00037384033203, 75.5865707397461], [-568.4027099609375, -783.1915283203125, -402.8697204589844, -125.40181732177734, -10.042461395263672, 124.24040985107422, 214.13796997070312, 282.9347229003906, 353.3552551269531, 261.1839904785156, 145.74986267089844, 112.49388885498047, 56.006195068359375], [-152.96917724609375, -310.21832275390625, -367.8462219238281, -165.9178924560547, -64.7219467163086, 16.913785934448242, 168.97059631347656, 186.0516815185547, 261.1839904785156, 307.40863037109375, 149.7159423828125, 105.84845733642578, 35.93356704711914], [-1429.960205078125, -133.13265991210938, 250.353271484375, 8.182350158691406, 52.89032745361328, 78.09225463867188, -6.617508888244629, 142.67282104492188, 145.74986267089844, 149.7159423828125, 266.9571228027344, 90.55101776123047, 98.47698974609375], [2.665442705154419, -16.21453857421875, -63.48196029663086, 39.32609176635742, 9.917791366577148, 23.64794921875, 81.64923858642578, 86.00037384033203, 112.49388885498047, 105.84845733642578, 90.55101776123047, 134.3288116455078, 61.282440185546875], [-631.9588623046875, -64.61754608154297, 193.90028381347656, 88.44058990478516, 85.24722290039062, 64.75944519042969, 11.03522777557373, 75.5865707397461, 56.006195068359375, 35.93356704711914, 98.47698974609375, 61.282440185546875, 117.02616882324219]], "lowlevel.mfcc.icov": [[7.328810170292854e-05, -5.232161856838502e-05, 0.00010810680396389216, -0.0001720145664876327, 0.0002941586426459253, -0.00023344910005107522, 0.0002107528125634417, -4.60884693893604e-05, 0.0001302309101447463, -0.0002593316021375358, 0.00045811233576387167, -0.00018623723008204252, -2.811669764923863e-05], [-5.232161856838502e-05, 0.0003852421650663018, -0.000363402214134112, -9.982390474760905e-05, -0.0003132964193355292, 0.0004352657124400139, -0.00020634241809602827, 0.0005817310302518308, 0.00038560034590773284, -0.0007199466926977038, 3.0304654501378536e-05, -0.0003751254116650671, 0.00044626917224377394], [0.00010810680396389216, -0.000363402214134112, 0.0013159161899238825, -0.00040654619806446135, 0.00025389614165760577, -0.0007588248117826879, 0.0007534322212450206, 0.0008431502501480281, -0.00048011160106398165, 0.0010904351947829127, -0.0011891074245795608, 0.0007899231277406216, -0.0013887076638638973], [-0.0001720145664876327, -9.982390474760905e-05, -0.00040654619806446135, 0.0037747779861092567, -0.0028105913661420345, 0.001040291739627719, -0.000681539997458458, -0.0007079823990352452, -9.064195182872936e-05, 0.0026062694378197193, -0.0007931493455544114, -0.0016851298278197646, -0.00037692065234296024], [0.0002941586426459253, -0.0003132964193355292, 0.00025389614165760577, -0.0028105913661420345, 0.005820017773658037, -0.0021835113875567913, 0.0008041116525419056, -0.0013807294890284538, 0.000750295293983072, -0.0014665246708318591, 0.002055652905255556, 0.0009537764708511531, -0.001234448398463428], [-0.00023344910005107522, 0.0004352657124400139, -0.0007588248117826879, 0.001040291739627719, -0.0021835113875567913, 0.006024358794093132, -0.003228723304346204, -0.0005822047824040055, -0.0014770855195820332, 0.0036202636547386646, -0.003088743891566992, 0.0013540403451770544, -0.00012649431300815195], [0.0002107528125634417, -0.00020634241809602827, 0.0007534322212450206, -0.000681539997458458, 0.0008041116525419056, -0.003228723304346204, 0.007810138165950775, -0.005340380594134331, 0.003393492428585887, -0.004891398828476667, 0.005958205554634333, -0.0037732478231191635, 0.0010446535889059305], [-4.60884693893604e-05, 0.0005817310302518308, 0.0008431502501480281, -0.0007079823990352452, -0.0013807294890284538, -0.0005822047824040055, -0.005340380594134331, 0.01598943956196308, -0.00769932521507144, 0.0030130452942103148, -0.006655806675553322, 0.0037746827583760023, -0.002901865169405937], [0.0001302309101447463, 0.00038560034590773284, -0.00048011160106398165, -9.064195182872936e-05, 0.000750295293983072, -0.0014770855195820332, 0.003393492428585887, -0.00769932521507144, 0.01568746380507946, -0.011138061992824078, 0.004808727186173201, -0.0053017339669167995, 0.001346100470982492], [-0.0002593316021375358, -0.0007199466926977038, 0.0010904351947829127, 0.0026062694378197193, -0.0014665246708318591, 0.0036202636547386646, -0.004891398828476667, 0.0030130452942103148, -0.011138061992824078, 0.01966143026947975, -0.010570826940238476, 0.001389504293911159, -0.0005333402659744024], [0.00045811233576387167, 3.0304654501378536e-05, -0.0011891074245795608, -0.0007931493455544114, 0.002055652905255556, -0.003088743891566992, 0.005958205554634333, -0.006655806675553322, 0.004808727186173201, -0.010570826940238476, 0.01750861294567585, -0.006074139848351479, -0.0015989670064300299], [-0.00018623723008204252, -0.0003751254116650671, 0.0007899231277406216, -0.0016851298278197646, 0.0009537764708511531, 0.0013540403451770544, -0.0037732478231191635, 0.0037746827583760023, -0.0053017339669167995, 0.001389504293911159, -0.006074139848351479, 0.01860545016825199, -0.007295471150428057], [-2.811669764923863e-05, 0.00044626917224377394, -0.0013887076638638973, -0.00037692065234296024, -0.001234448398463428, -0.00012649431300815195, 0.0010446535889059305, -0.002901865169405937, 0.001346100470982492, -0.0005333402659744024, -0.0015989670064300299, -0.007295471150428057, 0.018655944615602493]], "metadata.audio_properties.analysis.downmix": "mix", "metadata.audio_properties.codec": "mp3", "metadata.audio_properties.md5_encoded": "c36e1f825760fc40e4703285b675c574", "metadata.tags.file_name": "1182273169168543824.mp3", "metadata.version.essentia": "2.1-beta6-dev", "metadata.version.essentia_git_sha": "v2.1_beta5-1110-g77a6a954", "metadata.version.extract