{"song_id": "1182268350232006676", "download": "https://cdn.discordapp.com/attachments/1135903449314238464/1182268350232006676/chirp.mp4?ex=65841434&amp", "lyrics": "gululu gululu, let's go brush our teeth\n\nBrush your teeth up and down\n\nClean along gaps with care\nCavities go buzz buzz away\n\nTooth by tooth ding ding hooray\n\nChorus:\nHappily sing tra la la\nBrush diligently everyday\nFight tooth decay\nSmile bright, hip hip hooray\n\nVerse 2:\nCircle round those whites\n\nShoo away tiny bugs\n\nTooth by tooth make bright\nRinse and gargle after right\n\nChorus:\n\nHappily sing tra la la\nBrush diligently everyday\nFight tooth decay\nSmile bright, hip hip hooray", "style": ["happy song for kids"], "essentia_features": {"lowlevel.average_loudness": 0.9639073610305786, "lowlevel.barkbands_crest.mean": 10.310940742492676, "lowlevel.barkbands_crest.stdev": 4.889698505401611, "lowlevel.barkbands_flatness_db.mean": 0.12227331101894379, "lowlevel.barkbands_flatness_db.stdev": 0.04691403731703758, "lowlevel.barkbands_kurtosis.mean": 3.7587785720825195, "lowlevel.barkbands_kurtosis.stdev": 8.427168846130371, "lowlevel.barkbands_skewness.mean": 1.4953858852386475, "lowlevel.barkbands_skewness.stdev": 1.3734358549118042, "lowlevel.barkbands_spread.mean": 32.3038215637207, "lowlevel.barkbands_spread.stdev": 18.50937843322754, "lowlevel.dissonance.mean": 0.46225619316101074, "lowlevel.dissonance.stdev": 0.02476787194609642, "lowlevel.dynamic_complexity": 2.630784511566162, "lowlevel.erbbands_crest.mean": 8.053375244140625, "lowlevel.erbbands_crest.stdev": 3.8177928924560547, "lowlevel.erbbands_flatness_db.mean": 0.13637447357177734, "lowlevel.erbbands_flatness_db.stdev": 0.039610542356967926, "lowlevel.erbbands_kurtosis.mean": 0.021332617849111557, "lowlevel.erbbands_kurtosis.stdev": 1.6724027395248413, "lowlevel.erbbands_skewness.mean": 0.11945445835590363, "lowlevel.erbbands_skewness.stdev": 0.7907845973968506, "lowlevel.erbbands_spread.mean": 51.26070022583008, "lowlevel.erbbands_spread.stdev": 21.635385513305664, "lowlevel.hfc.mean": 32.90212631225586, "lowlevel.hfc.stdev": 32.42592239379883, "lowlevel.loudness_ebu128.integrated": -19.762882232666016, "lowlevel.loudness_ebu128.loudness_range": 1.98260498046875, "lowlevel.loudness_ebu128.momentary.mean": -19.9772891998291, "lowlevel.loudness_ebu128.momentary.stdev": 1.409852147102356, "lowlevel.loudness_ebu128.short_term.mean": -19.808860778808594, "lowlevel.loudness_ebu128.short_term.stdev": 0.6297852396965027, "lowlevel.melbands_crest.mean": 15.91192626953125, "lowlevel.melbands_crest.stdev": 7.795561790466309, "lowlevel.melbands_flatness_db.mean": 0.17271992564201355, "lowlevel.melbands_flatness_db.stdev": 0.06575057655572891, "lowlevel.melbands_kurtosis.mean": 18.878793716430664, "lowlevel.melbands_kurtosis.stdev": 33.71879577636719, "lowlevel.melbands_skewness.mean": 3.094144821166992, "lowlevel.melbands_skewness.stdev": 2.356576442718506, "lowlevel.melbands_spread.mean": 32.28725814819336, "lowlevel.melbands_spread.stdev": 23.6339111328125, "lowlevel.pitch_salience.mean": 0.4959326386451721, "lowlevel.pitch_salience.stdev": 0.13388888537883759, "lowlevel.silence_rate_20dB.mean": 1.0, "lowlevel.silence_rate_20dB.stdev": 0.0, "lowlevel.silence_rate_30dB.mean": 0.9351100921630859, "lowlevel.silence_rate_30dB.stdev": 0.24633252620697021, "lowlevel.silence_rate_60dB.mean": 0.03070683591067791, "lowlevel.silence_rate_60dB.stdev": 0.17252163589000702, "lowlevel.spectral_centroid.mean": 1894.4805908203125, "lowlevel.spectral_centroid.stdev": 669.7155151367188, "lowlevel.spectral_complexity.mean": 18.535341262817383, "lowlevel.spectral_complexity.stdev": 8.543577194213867, "lowlevel.spectral_decrease.mean": -8.690149932988334e-09, "lowlevel.spectral_decrease.stdev": 9.1335179419616e-09, "lowlevel.spectral_energy.mean": 0.03578301519155502, "lowlevel.spectral_energy.stdev": 0.03561146557331085, "lowlevel.spectral_energyband_high.mean": 0.00273592839948833, "lowlevel.spectral_energyband_high.stdev": 0.0038450167048722506, "lowlevel.spectral_energyband_low.mean": 0.017282750457525253, "lowlevel.spectral_energyband_low.stdev": 0.03270338848233223, "lowlevel.spectral_energyband_middle_high.mean": 0.006386162247508764, "lowlevel.spectral_energyband_middle_high.stdev": 0.007358300033956766, "lowlevel.spectral_energyband_middle_low.mean": 0.009813294745981693, "lowlevel.spectral_energyband_middle_low.stdev": 0.011290046386420727, "lowlevel.spectral_entropy.mean": 7.809878826141357, "lowlevel.spectral_entropy.stdev": 0.3832910656929016, "lowlevel.spectral_flux.mean": 0.08368208259344101, "lowlevel.spectral_flux.stdev": 0.06624141335487366, "lowlevel.spectral_kurtosis.mean": 1.8908933401107788, "lowlevel.spectral_kurtosis.stdev": 1.3794950246810913, "lowlevel.spectral_rms.mean": 0.005327564664185047, "lowlevel.spectral_rms.stdev": 0.0025548592675477266, "lowlevel.spectral_rolloff.mean": 2379.85595703125, "lowlevel.spectral_rolloff.stdev": 2246.873046875, "lowlevel.spectral_skewness.mean": 1.032217025756836, "lowlevel.spectral_skewness.stdev": 0.28623703122138977, "lowlevel.spectral_spread.mean": 5671554.5, "lowlevel.spectral_spread.stdev": 1388040.125, "lowlevel.spectral_strongpeak.mean": 1.1911201477050781, "lowlevel.spectral_strongpeak.stdev": 1.521707534790039, "lowlevel.zerocrossingrate.mean": 0.08536718040704727, "lowlevel.zerocrossingrate.stdev": 0.04804530739784241, "metadata.audio_properties.analysis.equal_loudness": 0.0, "metadata.audio_properties.analysis.length": 40.04265213012695, "metadata.audio_properties.analysis.sample_rate": 44100.0, "metadata.audio_properties.analysis.start_time": 0.0, "metadata.audio_properties.bit_rate": 122160.0, "metadata.audio_properties.length": 40.042667388916016, "metadata.audio_properties.lossless": 0.0, "metadata.audio_properties.number_channels": 1.0, "metadata.audio_properties.replay_gain": -6.737155914306641, "metadata.audio_properties.sample_rate": 48000.0, "rhythm.beats_count": 97.0, "rhythm.beats_loudness.mean": 0.08140823990106583, "rhythm.beats_loudness.stdev": 0.05115177854895592, "rhythm.bpm": 147.24658203125, "rhythm.bpm_histogram_first_peak_bpm": 148.0, "rhythm.bpm_histogram_first_peak_weight": 0.25, "rhythm.bpm_histogram_second_peak_bpm": 0.0, "rhythm.bpm_histogram_second_peak_spread": 0.0, "rhythm.bpm_histogram_second_peak_weight": 0.0, "rhythm.danceability": 1.4739978313446045, "rhythm.onset_rate": 4.94327449798584, "tonal.chords_changes_rate": 0.03587963059544563, "tonal.chords_number_rate": 0.004629629664123058, "tonal.chords_strength.mean": 0.5081323981285095, "tonal.chords_strength.stdev": 0.08678746968507767, "tonal.hpcp_crest.mean": 16.095699310302734, "tonal.hpcp_crest.stdev": 7.397824287414551, "tonal.hpcp_entropy.mean": 1.6631102561950684, "tonal.hpcp_entropy.stdev": 0.6529772877693176, "tonal.key_edma.strength": 0.812407910823822, "tonal.key_krumhansl.strength": 0.8178384900093079, "tonal.key_temperley.strength": 0.8181841969490051, "tonal.tuning_diatonic_strength": 0.6463548541069031, "tonal.tuning_equal_tempered_deviation": 0.25469014048576355, "tonal.tuning_frequency": 434.193115234375, "tonal.tuning_nontempered_energy_ratio": 0.9924412965774536, "lowlevel.barkbands.mean": [0.0015447112964466214, 0.012834321707487106, 0.0024979105219244957, 0.0018057613633573055, 0.0032314711716026068, 0.0012361450353637338, 0.0008415242773480713, 0.0005018991068936884, 0.002121926750987768, 0.0006244690739549696, 0.0017572626238688827, 0.0016131983138620853, 0.0003124864015262574, 0.0004055677854921669, 0.0002882234111893922, 0.00013910165580455214, 0.00019304969464428723, 0.000452391424914822, 0.00040431259549222887, 0.0006253297324292362, 0.0005806887638755143, 0.000517533568199724, 0.0005943412543274462, 0.00033095854450948536, 0.00021489437494892627, 0.00010923515219474211, 4.289488515496487e-06], "lowlevel.barkbands.stdev": [0.002986179431900382, 0.029096443206071854, 0.0040501998737454414, 0.0028922301717102528, 0.007061026059091091, 0.0018037260742858052, 0.0018189524998888373, 0.0012121365871280432, 0.004756215959787369, 0.0011569875059649348, 0.0036797532811760902, 0.003919938579201698, 0.000673143716994673, 0.001027771970257163, 0.000539233151357621, 0.00023572247300762683, 0.00034975766902789474, 0.0009302546386606991, 0.0006411521462723613, 0.0008729621185921133, 0.0008729798719286919, 0.0010321770096197724, 0.0009414975647814572, 0.0004962249659001827, 0.00035751526593230665, 0.0002068856847472489, 1.1997763067483902e-05], "lowlevel.erbbands.mean": [0.6042752265930176, 1.9224977493286133, 2.882654905319214, 4.168618202209473, 12.833388328552246, 8.37625789642334, 5.717813968658447, 11.617669105529785, 6.772469997406006, 20.474706649780273, 13.018644332885742, 27.666860580444336, 50.33843231201172, 37.93897247314453, 75.27188110351562, 43.688316345214844, 16.462495803833008, 23.454879760742188, 12.058506965637207, 12.447274208068848, 8.9254789352417, 12.102029800415039, 18.6486873626709, 26.974437713623047, 20.45621109008789, 30.135528564453125, 25.67731475830078, 21.120222091674805, 19.248600006103516, 18.70572853088379, 15.630335807800293, 8.598794937133789, 4.787635326385498, 2.654979705810547, 1.3183958530426025, 0.6337037086486816, 0.16013115644454956, 0.026188617572188377, 0.0005870253662578762, 6.613969162572175e-05], "lowlevel.erbbands.stdev": [1.3709864616394043, 4.98535680770874, 5.605076789855957, 4.7548627853393555, 26.079408645629883, 21.65582847595215, 7.857806205749512, 19.235010147094727, 12.033164978027344, 42.288326263427734, 28.786832809448242, 58.720123291015625, 95.29659271240234, 63.805076599121094, 131.25950622558594, 96.47544860839844, 32.5906982421875, 64.40503692626953, 18.929363250732422, 22.441909790039062, 15.717124938964844, 20.22202491760254, 38.27684783935547, 36.956031799316406, 31.66390037536621, 42.69717025756836, 35.961082458496094, 38.84143829345703, 39.85792541503906, 33.30384063720703, 24.18520164489746, 12.861559867858887, 7.487792491912842, 4.41062593460083, 2.326716661453247, 1.162815809249878, 0.32113179564476013, 0.05678859353065491, 0.0012109262170270085, 6.882216257508844e-05], "lowlevel.gfcc.mean": [23.98051643371582, 63.232845306396484, -112.07141876220703, 45.64747619628906, -73.29399871826172, 26.422164916992188, -27.652040481567383, 12.750349998474121, -32.665706634521484, -1.8673291206359863, -16.572463989257812, -0.3341783285140991, -11.484892845153809], "lowlevel.melbands.mean": [0.004298633895814419, 0.0017585851019248366, 0.0010571255115792155, 0.0007826315122656524, 0.0002168000501114875, 0.00024789251619949937, 0.00012642386718653142, 0.00020171735377516598, 0.00010387477959739044, 0.0002373034367337823, 0.0002589273499324918, 0.0001403753849444911, 0.00027777382638305426, 0.00020430446602404118, 4.5108943595550954e-05, 4.354201882961206e-05, 3.9238839235622436e-05, 1.6624970157863572e-05, 2.4690934878890403e-05, 9.425666576134972e-06, 9.847970432019792e-06, 1.2031956430291757e-05, 9.760887223819736e-06, 2.6480598535272293e-05, 2.130503526132088e-05, 1.5778441593283787e-05, 1.5356947187683545e-05, 2.1462437871377915e-05, 1.738426544761751e-05, 1.3253680663183331e-05, 1.1773681762861088e-05, 1.1711619663401507e-05, 8.56291899253847e-06, 1.1487776646390557e-05, 9.930426131177228e-06, 6.675405074929586e-06, 4.612435532180825e-06, 3.537878001225181e-06, 2.655697016962222e-06, 2.1209993974480312e-06], "lowlevel.melbands.stdev": [0.009665562771260738, 0.003682267153635621, 0.0014659538865089417, 0.001773493830114603, 0.0003302299592178315, 0.0003948283556383103, 0.00021789052698295563, 0.00040658298530615866, 0.00024726238916628063, 0.0005324826925061643, 0.0004887579125352204, 0.00023488336591981351, 0.0005379634094424546, 0.0005258520250208676, 0.00015508447540923953, 0.0001061584844137542, 0.00010900148481596261, 3.0119967050268315e-05, 5.0767841457854956e-05, 1.7744288925314322e-05, 1.9798533685388975e-05, 2.0570030756061897e-05, 1.8406341041554697e-05, 6.452618254115805e-05, 2.9051840101601556e-05, 2.8604938052012585e-05, 2.5975801690947264e-05, 3.1863415642874315e-05, 2.6470854209037498e-05, 2.1155350623303093e-05, 2.4664881493663415e-05, 2.7096491976408288e-05, 1.605167199159041e-05, 2.0655088519561104e-05, 1.6080879504443146e-05, 9.930340638675261e-06, 7.197728336905129e-06, 5.902376415178878e-06, 4.3844961510330904e-06, 3.630174205682124e-06], "lowlevel.melbands128.mean": [0.0014861427480354905, 0.005787721369415522, 0.004888142459094524, 0.0026392729487270117, 0.0015625858213752508, 0.0011875969357788563, 0.0006317281513474882, 0.0011563856387510896, 0.0015497739659622312, 0.0007019079057499766, 0.0004150180611759424, 0.0002207626384915784, 0.0001613675121916458, 0.0002124638413079083, 0.00025950715644285083, 0.0003189464332535863, 9.15808996069245e-05, 4.09341519116424e-05, 0.00019329271162860096, 0.000343368505127728, 0.00011089825420640409, 9.542424959363416e-05, 0.0001045279495883733, 0.00012828753096982837, 3.744790956261568e-05, 0.00031226742430590093, 0.0006400991696864367, 8.686751971254125e-05, 0.00018507060303818434, 6.034725083736703e-05, 0.00010440879850648344, 0.00031631297315470874, 0.000401779223466292, 4.9730384489521384e-05, 0.00042322068475186825, 0.0001566869905218482, 2.581308399385307e-05, 8.258234447566792e-05, 2.0343148207757622e-05, 1.9980834622401744e-05, 3.0299181162263267e-05, 0.00011272967822151259, 3.514426134643145e-05, 7.4608487921068445e-06, 2.1948904759483412e-05, 1.4639867913501803e-05, 1.1855303455376998e-05, 4.308769348426722e-05, 1.571713983139489e-05, 1.5511639503529295e-05, 5.035197773395339e-06, 6.8878757701895665e-06, 1.728219103824813e-05, 6.443608072004281e-06, 5.014216640120139e-06, 1.4457520592259243e-05, 1.6712619981262833e-05, 9.962234798877034e-06, 7.5114717219548766e-06, 8.747892024985049e-06, 3.185602690791711e-05, 3.686489799292758e-05, 2.012037657550536e-05, 1.556957431603223e-05, 2.5283228751504794e-05, 1.594883178768214e-05, 8.34838101582136e-06, 1.6851545296958648e-05, 1.5002697182353586e-05, 1.6308053091051988e-05, 2.4526896595489234e-05, 2.346030669286847e-05, 1.6718431652407162e-05, 2.1612908312818035e-05, 9.690962542663328e-06, 1.3470212252286728e-05, 1.5300989616662264e-05, 1.0030331395682879e-05, 1.2761151992890518e-05, 1.0567971912678331e-05, 1.4092985111346934e-05, 1.1356273716955911e-05, 8.301502930407878e-06, 7.905292477516923e-06, 8.899529348127544e-06, 1.0266587196383625e-05, 1.3266880159790162e-05, 1.2701951163762715e-05, 1.0265649507346097e-05, 6.9173029260127805e-06, 7.836562872398645e-06, 6.265540832828265e-06, 5.6076637520163786e-06, 4.615993930201512e-06, 3.96642963096383e-06, 4.001378329121508e-06, 3.463651410129387e-06, 2.7953137760050595e-06, 2.857005256373668e-06, 2.6303525828552665e-06, 1.8129139789380133e-06, 2.384857907600235e-06, 1.8645157524588285e-06, 1.966579475265462e-06, 1.230834186571883e-06, 1.0167887012357824e-06, 1.7095542261813534e-06, 1.3455668295137002e-06, 1.111680717258423e-06, 9.422874427400529e-07, 5.80125004034926e-07, 5.257414272819005e-07, 4.301703597775486e-07, 4.7167026195893413e-07, 4.0913496945904626e-07, 2.85835938029777e-07, 1.7480950020853925e-07, 1.3573609791706076e-08, 7.476161356656519e-11, 1.1565733613883022e-11, 1.0359814568705605e-11, 6.386382742085139e-12, 5.045195598102348e-12, 4.9306643837288e-12, 4.756890194246299e-12, 4.518459391367191e-12, 4.3822341588839464e-12, 4.342261793188751e-12], "lowlevel.melbands128.stdev": [0.002904370427131653, 0.013094710186123848, 0.012672926299273968, 0.007293115369975567, 0.003780806204304099, 0.0017205722397193313, 0.0008052791235968471, 0.0020568021573126316, 0.0032574422657489777, 0.0023067579604685307, 0.0011539693223312497, 0.00041467617847956717, 0.0002620826999191195, 0.0003710351593326777, 0.00046201192890293896, 0.0006589952972717583, 0.0002255290310131386, 0.00013671578199137002, 0.00043632122105918825, 0.0007842104532755911, 0.000289603543933481, 0.0004150576132815331, 0.00030393057386390865, 0.000372981681721285, 0.0001387412048643455, 0.0007705932366661727, 0.0015537417493760586, 0.00014459820522461087, 0.0003968984237872064, 0.00014007955905981362, 0.0003698815999086946, 0.0006903320318087935, 0.0009757854859344661, 9.189129195874557e-05, 0.0011682668700814247, 0.00040065497159957886, 9.217557817464694e-05, 0.0003374515799805522, 6.779882096452639e-05, 6.452156230807304e-05, 9.705944103188813e-05, 0.00037716267979703844, 0.00010472936264704913, 1.998159132199362e-05, 6.758391828043386e-05, 3.1869869417278096e-05, 2.4244882297352888e-05, 0.0001162483385996893, 3.32790550601203e-05, 4.825894211535342e-05, 1.367196182400221e-05, 1.4780509445699863e-05, 4.2748080886667594e-05, 2.0312812921474688e-05, 1.2143817002652213e-05, 2.9522323529818095e-05, 4.303317837184295e-05, 2.437218790873885e-05, 1.867305581981782e-05, 2.7491989385453053e-05, 0.00010568688594503328, 8.121794235194102e-05, 3.702924004755914e-05, 3.2284744520438835e-05, 5.777252954430878e-05, 4.853364953305572e-05, 1.7305106666754e-05, 3.724410635186359e-05, 2.9680781153729185e-05, 4.333431206759997e-05, 4.9083992053056136e-05, 4.480091229197569e-05, 3.076953362324275e-05, 4.136818097322248e-05, 1.952301499841269e-05, 2.32537913689157e-05, 2.763376323855482e-05, 2.4156319341273047e-05, 2.9294949854374863e-05, 2.6911937311524525e-05, 4.055989847984165e-05, 2.6736033760244027e-05, 1.6948528354987502e-05, 1.5863735825405456e-05, 1.9095079551334493e-05, 2.2708567485096864e-05, 2.4577164367656223e-05, 2.246130316052586e-05, 1.873224027804099e-05, 1.2764950952259824e-05, 1.1776135579566471e-05, 1.105843602999812e-05, 9.194093763653655e-06, 7.863597602408845e-06, 7.0181449700612575e-06, 7.254334832396125e-06, 6.921826297912048e-06, 4.603333763952833e-06, 5.141696419741493e-06, 5.140072516951477e-06, 3.748689778149128e-06, 4.310571057430934e-06, 3.330563231429551e-06, 4.192272172076628e-06, 2.6575899028102867e-06, 2.1046737401775317e-06, 2.985147148137912e-06, 2.5615888716856716e-06, 2.401951178399031e-06, 1.9803155737463385e-06, 1.2759908258885844e-06, 1.1542084621396498e-06, 1.0244222039546003e-06, 1.0743536904556095e-06, 9.62319745667628e-07, 6.838981789769605e-07, 4.78615675092442e-07, 4.220476412797325e-08, 2.6977351463841615e-09, 2.479008387457071e-10, 2.0521699617415123e-10, 5.066014274746067e-11, 8.36795129716128e-12, 8.211704753680049e-12, 8.086850633581832e-12, 7.983390858112838e-12, 7.909988636312093e-12, 7.864934398194023e-12], "lowlevel.mfcc.mean": [-616.1618041992188, 85.64936065673828, 17.505504608154297, 21.89990234375, -10.0121431350708, 8.750699996948242, 11.391983985900879, 11.512815475463867, -1.907557725906372, 3.3354759216308594, -5.909709453582764, -3.0619850158691406, -4.465546131134033], "lowlevel.spectral_contrast_coeffs.mean": [-0.6930550336837769, -0.7235254645347595, -0.6868951916694641, -0.7836564779281616, -0.7677243947982788, -0.7355161309242249], "lowlevel.spectral_contrast_coeffs.stdev": [0.07266828417778015, 0.0719936415553093, 0.07518995553255081, 0.052925217896699905, 0.04489485174417496, 0.03401367366313934], "lowlevel.spectral_contrast_valleys.mean": [-6.8578901290893555, -7.250637054443359, -7.534071445465088, -7.9085612297058105, -7.3581438064575195, -9.64035701751709], "lowlevel.spectral_contrast_valleys.stdev": [0.7033936977386475, 0.6090516448020935, 0.6248019337654114, 0.5430329442024231, 0.6324372291564941, 0.8835349678993225], "rhythm.beats_loudness_band_ratio.mean": [0.5599006414413452, 0.1002737432718277, 0.06851530075073242, 0.09599102288484573, 0.02995634637773037, 0.1716066151857376], "rhythm.beats_loudness_band_ratio.stdev": [0.3374875485897064, 0.11020373553037643, 0.07855693250894547, 0.11143934726715088, 0.027206482365727425, 0.1588393598794937], "tonal.hpcp.mean": [0.05314129963517189, 0.02551213838160038, 0.015161891467869282, 0.053667813539505005, 0.07504147291183472, 0.0643605887889862, 0.31233349442481995, 0.3830503225326538, 0.11217720061540604, 0.012115996330976486, 0.011551673524081707, 0.012931524775922298, 0.11115475744009018, 0.15890872478485107, 0.05914679169654846, 0.009942591190338135, 0.011573229916393757, 0.013997454196214676, 0.10891640931367874, 0.15734834969043732, 0.11133699864149094, 0.1391610950231552, 0.14528879523277283, 0.10595917701721191, 0.09091562777757645, 0.07320485264062881, 0.07807889580726624, 0.39618241786956787, 0.4752621054649353, 0.1466861367225647, 0.04012586921453476, 0.037469323724508286, 0.028300253674387932, 0.07332967966794968, 0.11459728330373764, 0.09027634561061859], "tonal.hpcp.stdev": [0.16344371438026428, 0.11101412773132324, 0.08764045685529709, 0.13246065378189087, 0.17885100841522217, 0.12865568697452545, 0.3276030421257019, 0.39545494318008423, 0.15102404356002808, 0.06999969482421875, 0.07705818861722946, 0.07317190617322922, 0.1854398548603058, 0.2585375905036926, 0.10040746629238129, 0.05703973397612572, 0.07667570561170578, 0.07119803875684738, 0.1929575651884079, 0.2596212327480316, 0.20404711365699768, 0.25008049607276917, 0.27466827630996704, 0.24576608836650848, 0.23497866094112396, 0.20233917236328125, 0.1893274188041687, 0.33961042761802673, 0.3895013928413391, 0.1686733514070511, 0.12214338779449463, 0.12902456521987915, 0.11104605346918106, 0.14860345423221588, 0.20796522498130798, 0.19743748009204865], "rhythm.beats_position": [0.41795918345451355, 0.8359183669090271, 1.2306575775146484, 1.6486167907714844, 2.043355941772461, 2.449705123901367, 2.8560543060302734, 3.2740135192871094, 3.6803627014160156, 4.086711883544922, 4.493061065673828, 4.899410247802734, 5.305759429931641, 5.712108612060547, 6.130067825317383, 6.536417007446289, 6.942766189575195, 7.337505340576172, 7.755464553833008, 8.161813735961914, 8.56816291809082, 8.974512100219727, 9.380861282348633, 9.787210464477539, 10.193559646606445, 10.599908828735352, 11.006258010864258, 11.412607192993164, 11.81895637512207, 12.236915588378906, 12.631654739379883, 13.049613952636719, 13.444353103637695, 13.862312316894531, 14.268661499023438, 14.675010681152344, 15.08135986328125, 15.487709045410156, 15.894058227539062, 16.30040740966797, 16.718366622924805, 17.12471580505371, 17.531064987182617, 17.937414169311523, 18.34376335144043, 18.750112533569336, 19.156461715698242, 19.56281089782715, 19.969160079956055, 20.37550926208496, 20.781858444213867, 21.188207626342773, 21.59455680847168, 22.000905990600586, 22.407255172729492, 22.8136043548584, 23.219953536987305, 23.63791275024414, 24.032651901245117, 24.450611114501953, 24.85696029663086, 25.263309478759766, 25.669658660888672, 26.076007843017578, 26.482357025146484, 26.88870620727539, 27.306665420532227, 27.713014602661133, 28.11936378479004, 28.525712966918945, 28.93206214904785, 29.338411331176758, 29.744760513305664, 30.15110969543457, 30.557458877563477, 30.963808059692383, 31.37015724182129, 31.776506423950195, 32.182857513427734, 32.58920669555664, 32.99555587768555, 33.40190505981445, 33.80825424194336, 34.22621154785156, 34.63256072998047, 35.038909912109375, 35.433650970458984, 35.85160827636719, 36.257957458496094, 36.664306640625, 37.08226776123047, 37.488616943359375, 37.89496612548828, 38.30131530761719, 38.707664489746094, 39.1256217956543, 39.543582916259766], "rhythm.bpm_histogram": [0.0, 0.0, 0.0, 0.0, 0.0, 0.0, 0.0, 0.0, 0.0, 0.0, 0.0, 0.0, 0.0, 0.0, 0.0, 0.0, 0.0, 0.0, 0.0, 0.0, 0.0, 0.0, 0.0, 0.0, 0.0, 0.0, 0.0, 0.0, 0.0, 0.0, 0.0, 0.0, 0.0, 0.0, 0.0, 0.0, 0.0, 0.0, 0.0, 0.0, 0.0, 0.0, 0.0, 0.0, 0.0, 0.0, 0.0, 0.0, 0.0, 0.0, 0.0, 0.0, 0.0, 0.0, 0.0, 0.0, 0.0, 0.0, 0.0, 0.0, 0.0, 0.0, 0.0, 0.0, 0.0, 0.0, 0.0, 0.0, 0.0, 0.0, 0.0, 0.0, 0.0, 0.0, 0.0, 0.0, 0.0, 0.0, 0.0, 0.0, 0.0, 0.0, 0.0, 0.0, 0.0, 0.0, 0.0, 0.0, 0.0, 0.0, 0.0, 0.0, 0.0, 0.0, 0.0, 0.0, 0.0, 0.0, 0.0, 0.0, 0.0, 0.0, 0.0, 0.0, 0.0, 0.0, 0.0, 0.0, 0.0, 0.0, 0.0, 0.0, 0.0, 0.0, 0.0, 0.0, 0.0, 0.0, 0.0, 0.0, 0.0, 0.0, 0.0, 0.0, 0.0, 0.0, 0.0, 0.0, 0.0, 0.0, 0.0, 0.0, 0.0, 0.0, 0.0, 0.0, 0.0, 0.0, 0.0, 0.0, 0.0, 0.0, 0.0, 0.0, 0.1770833283662796, 0.0, 0.0, 0.0, 0.75, 0.0, 0.0, 0.0, 0.0729166641831398, 0.0, 0.0, 0.0, 0.0, 0.0, 0.0, 0.0, 0.0, 0.0, 0.0, 0.0, 0.0, 0.0, 0.0, 0.0, 0.0, 0.0, 0.0, 0.0, 0.0, 0.0, 0.0, 0.0, 0.0, 0.0, 0.0, 0.0, 0.0, 0.0, 0.0, 0.0, 0.0, 0.0, 0.0, 0.0, 0.0, 0.0, 0.0, 0.0, 0.0, 0.0, 0.0, 0.0, 0.0, 0.0, 0.0, 0.0, 0.0, 0.0, 0.0, 0.0, 0.0, 0.0, 0.0, 0.0, 0.0, 0.0, 0.0, 0.0, 0.0, 0.0, 0.0, 0.0, 0.0, 0.0, 0.0, 0.0, 0.0, 0.0, 0.0, 0.0, 0.0, 0.0, 0.0, 0.0, 0.0, 0.0, 0.0, 0.0, 0.0, 0.0, 0.0, 0.0, 0.0, 0.0, 0.0, 0.0, 0.0, 0.0, 0.0, 0.0, 0.0, 0.0, 0.0, 0.0, 0.0, 0.0], "tonal.chords_histogram": [67.59259033203125, 0.0, 10.532407760620117, 0.0, 0.0, 0.0, 0.0, 0.0, 0.0, 0.0, 0.0, 0.0, 0.0, 0.0, 0.0, 0.0, 0.0, 0.0, 0.0, 10.995369911193848, 0.0, 0.3472222089767456, 10.532407760620117, 0.0], "tonal.thpcp": [1.0, 0.30864259600639343, 0.08442892879247665, 0.07883927971124649, 0.05954662337899208, 0.15429313480854034, 0.24112439155578613, 0.18995064496994019, 0.1118147224187851, 0.053680144250392914, 0.031902167946100235, 0.1129225566983223, 0.15789492428302765, 0.1354212462902069, 0.6571815609931946, 0.8059769868850708, 0.23603227734565735, 0.02549329400062561, 0.024305900558829308, 0.027209248393774033, 0.23388096690177917, 0.33436018228530884, 0.12445089221000671, 0.020920226350426674, 0.02435125783085823, 0.029452072456479073, 0.2291712462902069, 0.3310770094394684, 0.23426441848278046, 0.2928091585636139, 0.30570244789123535, 0.22294892370700836, 0.19129575788974762, 0.15403048694133759, 0.16428597271442413, 0.8336082696914673], "lowlevel.gfcc.cov": [[3129.171875, -959.0553588867188, 386.1640319824219, -54.920982360839844, 32.11534881591797, 85.29203033447266, 7.782014846801758, 10.124654769897461, -225.82461547851562, 27.347911834716797, -213.7366180419922, 192.76124572753906, -144.52394104003906], [-959.0553588867188, 1393.7540283203125, -395.06207275390625, 41.20256042480469, 190.66575622558594, -27.586732864379883, 167.45643615722656, 15.553040504455566, 198.55816650390625, -26.770748138427734, 268.9297180175781, -171.02064514160156, 275.3338317871094], [386.1640319824219, -395.06207275390625, 710.8676147460938, 266.79132080078125, 138.3644256591797, 116.8080062866211, -1.9688867330551147, 109.87005615234375, 49.663818359375, 69.11170196533203, -80.09013366699219, 118.43755340576172, -83.84809875488281], [-54.920982360839844, 41.20256042480469, 266.79132080078125, 416.0871887207031, 145.40672302246094, 27.92417335510254, 11.18988037109375, 85.2623291015625, 91.25967407226562, -20.9689884185791, 23.55806541442871, 14.300968170166016, 27.299898147583008], [32.11534881591797, 190.66575622558594, 138.3644256591797, 145.40672302246094, 304.7996520996094, 124.10987091064453, 109.47904968261719, 65.02716827392578, 70.69879150390625, 58.83446502685547, 62.07231521606445, 10.754073143005371, 53.64374923706055], [85.29203033447266, -27.586732864379883, 116.8080062866211, 27.92417335510254, 124.10987091064453, 305.337646484375, 120.47600555419922, 2.99251651763916, 10.7494535446167, 24.720355987548828, 13.05441951751709, 27.771207809448242, -0.4121718108654022], [7.782014846801758, 167.45643615722656, -1.9688867330551147, 11.18988037109375, 109.47904968261719, 120.47600555419922, 182.11502075195312, 83.07913970947266, 46.88707733154297, 29.536741256713867, 66.52729797363281, -7.025852680206299, 38.49456024169922], [10.124654769897461, 15.553040504455566, 109.87005615234375, 85.2623291015625, 65.02716827392578, 2.99251651763916, 83.07913970947266, 209.30233764648438, 111.09516143798828, 43.95223617553711, 52.68953323364258, 22.655994415283203, 17.212692260742188], [-225.82461547851562, 198.55816650390625, 49.663818359375, 91.25967407226562, 70.69879150390625, 10.7494535446167, 46.88707733154297, 111.09516143798828, 169.19784545898438, 54.075462341308594, 67.95967102050781, -1.5002812147140503, 46.25454330444336], [27.347911834716797, -26.770748138427734, 69.11170196533203, -20.9689884185791, 58.83446502685547, 24.720355987548828, 29.536741256713867, 43.95223617553711, 54.075462341308594, 161.89918518066406, 84.37525177001953, 28.851608276367188, -0.42344605922698975], [-213.7366180419922, 268.9297180175781, -80.09013366699219, 23.55806541442871, 62.07231521606445, 13.05441951751709, 66.52729797363281, 52.68953323364258, 67.95967102050781, 84.37525177001953, 188.5552215576172, 7.230185031890869, 64.57421112060547], [192.76124572753906, -171.02064514160156, 118.43755340576172, 14.300968170166016, 10.754073143005371, 27.771207809448242, -7.025852680206299, 22.655994415283203, -1.5002812147140503, 28.851608276367188, 7.230185031890869, 109.04341125488281, -11.074067115783691], [-144.52394104003906, 275.3338317871094, -83.84809875488281, 27.299898147583008, 53.64374923706055, -0.4121718108654022, 38.49456024169922, 17.212692260742188, 46.25454330444336, -0.42344605922698975, 64.57421112060547, -11.074067115783691, 121.45124053955078]], "lowlevel.gfcc.icov": [[0.0004839351458940655, 0.00020153338846284896, -4.268200427759439e-05, 3.041091258637607e-05, -0.00020755722653120756, 0.00015492088277824223, -0.0003827424661722034, -0.000139107127324678, 0.000624620821326971, -0.00020882289391011, 0.00042430180474184453, -0.000495707499794662, -0.0001934956235345453], [0.00020153338846284896, 0.004145194310694933, -0.0007304575410671532, 0.0015878025442361832, -0.0018764722626656294, 0.0016179251251742244, -0.0020870347507297993, 0.003333170898258686, -0.004347612150013447, 0.004318371415138245, -0.004942311439663172, 0.004364835098385811, -0.004298662766814232], [-4.268200427759439e-05, -0.0007304575410671532, 0.004173568915575743, -0.002729676431044936, -0.0002179602306568995, -0.0012882034061476588, 0.000981585937552154, -0.0019958631601184607, 0.0010953210294246674, -0.003398667089641094, 0.003948759753257036, -0.003530375426635146, 0.0023133575450628996], [3.041091258637607e-05, 0.0015878025442361832, -0.002729676431044936, 0.00592809310182929, -0.0025690023321658373, 0.0009392749634571373, 0.000808894750662148, 0.001020324300043285, -0.003459034487605095, 0.005556731950491667, -0.004598459228873253, 0.0030638810712844133, -0.001982500310987234], [-0.00020755722653120756, -0.0018764722626656294, -0.0002179602306568995, -0.0025690023321658373, 0.007243276108056307, -0.001846764236688614, -0.0015522581525146961, -0.0008960391278378665, 0.001841560355387628, -0.004038253799080849, 0.00251195952296257, -0.0012654286110773683, -0.00031893799314275384], [0.00015492088277824223, 0.0016179251251742244, -0.0012882034061476588, 0.0009392749634571373, -0.001846764236688614, 0.006779042072594166, -0.005865608807653189, 0.004312782548367977, -0.002530879806727171, 0.0020946920849382877, -0.0015990445390343666, 0.00017119082622230053, -0.0006604282534681261], [-0.0003827424661722034, -0.0020870347507297993, 0.000981585937552154, 0.000808894750662148, -0.0015522581525146961, -0.005865608807653189, 0.015039019286632538, -0.0077292281202971935, 0.0033901999704539776, -0.0007558282231912017, -0.0005787949776276946, 0.000824818795081228, 0.0008553724619559944], [-0.000139107127324678, 0.003333170898258686, -0.0019958631601184607, 0.001020324300043285, -0.0008960391278378665, 0.004312782548367977, -0.0077292281202971935, 0.013955962844192982, -0.009873942472040653, 0.004326815251260996, -0.004861609544605017, 0.0019477142486721277, -0.0019088686676695943], [0.000624620821326971, -0.004347612150013447, 0.0010953210294246674, -0.003459034487605095, 0.001841560355387628, -0.002530879806727171, 0.0033901999704539776, -0.009873942472040653, 0.018324729055166245, -0.008476871065795422, 0.005868109408766031, -0.003701243083924055, 0.0011700413888320327], [-0.00020882289391011, 0.004318371415138245, -0.003398667089641094, 0.005556731950491667, -0.004038253799080849, 0.0020946920849382877, -0.0007558282231912017, 0.004326815251260996, -0.008476871065795422, 0.017866553738713264, -0.012853311374783516, 0.004862664733082056, -0.0016486680833622813], [0.00042430180474184453, -0.004942311439663172, 0.003948759753257036, -0.004598459228873253, 0.00251195952296257, -0.0015990445390343666, -0.0005787949776276946, -0.004861609544605017, 0.005868109408766031, -0.012853311374783516, 0.01923985593020916, -0.008653290569782257, 0.0019283260917291045], [-0.000495707499794662, 0.004364835098385811, -0.003530375426635146, 0.0030638810712844133, -0.0012654286110773683, 0.00017119082622230053, 0.000824818795081228, 0.0019477142486721277, -0.003701243083924055, 0.004862664733082056, -0.008653290569782257, 0.018696418032050133, -0.005856899078935385], [-0.0001934956235345453, -0.004298662766814232, 0.0023133575450628996, -0.001982500310987234, -0.00031893799314275384, -0.0006604282534681261, 0.0008553724619559944, -0.0019088686676695943, 0.0011700413888320327, -0.0016486680833622813, 0.0019283260917291045, -0.005856899078935385, 0.01791882887482643]], "lowlevel.mfcc.cov": [[2754.620361328125, -621.6788940429688, 97.60569763183594, -50.0645866394043, -50.352054595947266, 45.95372772216797, 75.10894775390625, 58.84273910522461, -39.656734466552734, -86.84224700927734, -81.90435791015625, -127.10000610351562, -7.136804103851318], [-621.6788940429688, 1013.1556396484375, -299.78662109375, 0.49110648036003113, 19.722412109375, -13.108721733093262, 107.91602325439453, -46.49758529663086, 53.597991943359375, 122.15880584716797, -11.287054061889648, 96.35535430908203, 62.263668060302734], [97.60569763183594, -299.78662109375, 460.6593933105469, 143.11045837402344, 129.1288604736328, 86.60986328125, -27.018983840942383, 98.30465698242188, 41.67551803588867, 7.987177848815918, 75.01506042480469, 7.254003047943115, -25.1438045501709], [-50.0645866394043, 0.49110648036003113, 143.11045837402344, 369.2708740234375, 174.6913299560547, -43.254600524902344, -10.53917121887207, 52.993919372558594, 53.472412109375, 45.445796966552734, 41.66740798950195, 51.19866943359375, -0.7642546892166138], [-50.352054595947266, 19.722412109375, 129.1288604736328, 174.6913299560547, 237.72381591796875, 91.39957427978516, 40.15008544921875, 65.67308807373047, 56.11726760864258, 62.33526611328125, 52.40127182006836, 32.67963409423828, 7.6595778465271], [45.95372772216797, -13.108721733093262, 86.60986328125, -43.254600524902344, 91.39957427978516, 287.1719970703125, 97.98480987548828, 50.33397674560547, 15.079412460327148, 14.582108497619629, 31.832246780395508, -21.315954208374023, -17.144683837890625], [75.10894775390625, 107.91602325439453, -27.018983840942383, -10.53917121887207, 40.15008544921875, 97.98480987548828, 207.7679901123047, 54.760257720947266, 16.295063018798828, 69.20884704589844, 22.885969161987305, 35.80223846435547, 33.626434326171875], [58.84273910522461, -46.49758529663086, 98.30465698242188, 52.993919372558594, 65.67308807373047, 50.33397674560547, 54.760257720947266, 186.62120056152344, 73.70401000976562, 34.59942626953125, 36.30683517456055, 7.945883274078369, -22.215383529663086], [-39.656734466552734, 53.597991943359375, 41.67551803588867, 53.472412109375, 56.11726760864258, 15.079412460327148, 16.295063018798828, 73.70401000976562, 120.04584503173828, 62.64795684814453, 15.451377868652344, 24.63418960571289, -0.348179429769516], [-86.84224700927734, 122.15880584716797, 7.987177848815918, 45.445796966552734, 62.33526611328125, 14.582108497619629, 69.20884704589844, 34.59942626953125, 62.64795684814453, 144.7447052001953, 57.07493591308594, 57.67097854614258, 38.5646858215332], [-81.90435791015625, -11.287054061889648, 75.01506042480469, 41.66740798950195, 52.40127182006836, 31.832246780395508, 22.885969161987305, 36.30683517456055, 15.451377868652344, 57.07493591308594, 107.6845932006836, 60.776214599609375, 18.075529098510742], [-127.10000610351562, 96.35535430908203, 7.254003047943115, 51.19866943359375, 32.67963409423828, -21.315954208374023, 35.80223846435547, 7.945883274078369, 24.63418960571289, 57.67097854614258, 60.776214599609375, 135.98512268066406, 69.94938659667969], [-7.136804103851318, 62.263668060302734, -25.1438045501709, -0.7642546892166138, 7.6595778465271, -17.144683837890625, 33.626434326171875, -22.215383529663086, -0.348179429769516, 38.5646858215332, 18.075529098510742, 69.94938659667969, 125.69819641113281]], "lowlevel.mfcc.icov": [[0.0004711580986622721, 0.0003220346989110112, 2.9715152777498588e-05, -6.326306174742058e-05, 8.044709102250636e-05, 1.5217288819258101e-05, -0.0003911744861397892, -8.701336628291756e-05, -2.723711440921761e-05, 3.427142291911878e-05, 0.0003195176541339606, 0.00031270895851776004, -0.0002713215071707964], [0.0003220346989110112, 0.0017901308601722121, 0.0010839386377483606, -0.0001841838820837438, -0.00018797372467815876, -0.00024010891502257437, -0.0004871765850111842, 0.0003308567975182086, -0.0004735653637908399, -0.0009137869346886873, 0.0009067175560630858, -0.0008381657535210252, 0.00012984988279640675], [2.9715152777498588e-05, 0.0010839386377483606, 0.00413795281201601, -0.0010663275606930256, -0.000590202515013516, -0.0011672688415274024, 0.0009864461608231068, -0.0009339710813947022, -0.0004618900711648166, 0.00020272420078981668, -0.0015905821928754449, -6.347597809508443e-05, -6.561781628988683e-05], [-6.326306174742058e-05, -0.0001841838820837438, -0.0010663275606930256, 0.0057125031016767025, -0.004567830823361874, 0.0026286302600055933, -0.00019851475371979177, 3.860884680761956e-05, -0.00026288017397746444, 0.00036671393900178373, 0.00033483674633316696, -0.0013294876553118229, 0.001184338703751564], [8.044709102250636e-05, -0.00018797372467815876, -0.000590202515013516, -0.004567830823361874, 0.010134508833289146, -0.0036302197258919477, 0.00046399785787798464, -0.0005927389720454812, -0.0007472213474102318, -0.001777953002601862, -0.0006474230904132128, 0.000607761088758707, -0.001091442652978003], [1.5217288819258101e-05, -0.00024010891502257437, -0.0011672688415274024, 0.0026286302600055933, -0.0036302197258919477, 0.006785494741052389, -0.0034055844880640507, 0.0006557790329679847, -0.0009811385534703732, 0.0021241488866508007, -0.0021538501605391502, 0.001961834728717804, 0.0006395420059561729], [-0.0003911744861397892, -0.0004871765850111842, 0.0009864461608231068, -0.00019851475371979177, 0.00046399785787798464, -0.0034055844880640507, 0.009241633117198944, -0.003361310577020049, 0.0033766673877835274, -0.004565681796520948, 0.002268821932375431, -0.0021157427690923214, -0.0008826711564324796], [-8.701336628291756e-05, 0.0003308567975182086, -0.0009339710813947022, 3.860884680761956e-05, -0.0005927389720454812, 0.0006557790329679847, -0.003361310577020049, 0.009706338867545128, -0.006140634883195162, 0.0022008896339684725, -0.0029585729353129864, 0.0009728566510602832, 0.0015766266733407974], [-2.723711440921761e-05, -0.0004735653637908399, -0.0004618900711648166, -0.00026288017397746444, -0.0007472213474102318, -0.0009811385534703732, 0.0033766673877835274, -0.006140634883195162, 0.016535703092813492, -0.007757597137242556, 0.005528696812689304, -0.0029271801467984915, 0.0013219300890341401], [3.427142291911878e-05, -0.0009137869346886873, 0.00020272420078981668, 0.00036671393900178373, -0.001777953002601862, 0.0021241488866508007, -0.004565681796520948, 0.0022008896339684725, -0.007757597137242556, 0.016218600794672966, -0.007874609902501106, 0.0015551246469840407, -0.00222464045509696], [0.0003195176541339606, 0.0009067175560630858, -0.0015905821928754449, 0.00033483674633316696, -0.0006474230904132128, -0.0021538501605391502, 0.002268821932375431, -0.0029585729353129864, 0.005528696812689304, -0.007874609902501106, 0.02002495899796486, -0.008793523535132408, 0.0023138581309467554], [0.00031270895851776004, -0.0008381657535210252, -6.347597809508443e-05, -0.0013294876553118229, 0.000607761088758707, 0.001961834728717804, -0.0021157427690923214, 0.0009728566510602832, -0.0029271801467984915, 0.0015551246469840407, -0.008793523535132408, 0.016946200281381607, -0.007270405068993568], [-0.0002713215071707964, 0.00012984988279640675, -6.561781628988683e-05, 0.001184338703751564, -0.001091442652978003, 0.0006395420059561729, -0.0008826711564324796, 0.0015766266733407974, 0.0013219300890341401, -0.00222464045509696, 0.002313858130946