{"song_id": "1182280814688489522", "download": "https://cdn.discordapp.com/attachments/1128313332273782784/1182280814688489522/chirp.mp4?ex=65841fcf&amp", "lyrics": "[Instrumental introduction]\n[verse 1]\n\u042f \u043d\u0430\u0432\u0441\u0435\u0433\u0434\u0430 \u0437\u0430\u043f\u043e\u043c\u043d\u044e \u043d\u043e\u0447\u044c,\n\u041a\u043e\u0433\u0434\u0430 \u0432\u0441\u0451 \u044d\u0442\u043e \u043d\u0430\u0447\u0430\u043b\u043e\u0441\u044c\n\u041f\u043e\u0434 \u0443\u0442\u0440\u043e \u044f \u0441 \u0443\u043c\u0430 \u0441\u043e\u0448\u043b\u0430\n\u0417\u0430\u0447\u0435\u043c \u0436\u0435 \u044f \u0442\u0435\u0431\u044f \u043d\u0430\u0448\u043b\u0430!?", "style": ["80</span><span>'s Pop"], "essentia_features": {"lowlevel.average_loudness": 0.9800424575805664, "lowlevel.barkbands_crest.mean": 8.145468711853027, "lowlevel.barkbands_crest.stdev": 4.052297592163086, "lowlevel.barkbands_flatness_db.mean": 0.09945731610059738, "lowlevel.barkbands_flatness_db.stdev": 0.03692639619112015, "lowlevel.barkbands_kurtosis.mean": -0.04325982555747032, "lowlevel.barkbands_kurtosis.stdev": 2.961914539337158, "lowlevel.barkbands_skewness.mean": 0.4521482288837433, "lowlevel.barkbands_skewness.stdev": 1.0011545419692993, "lowlevel.barkbands_spread.mean": 37.929561614990234, "lowlevel.barkbands_spread.stdev": 11.634031295776367, "lowlevel.dissonance.mean": 0.486211895942688, "lowlevel.dissonance.stdev": 0.013002433814108372, "lowlevel.dynamic_complexity": 1.5077016353607178, "lowlevel.erbbands_crest.mean": 8.248167991638184, "lowlevel.erbbands_crest.stdev": 3.2686872482299805, "lowlevel.erbbands_flatness_db.mean": 0.1734512597322464, "lowlevel.erbbands_flatness_db.stdev": 0.028862928971648216, "lowlevel.erbbands_kurtosis.mean": 0.5845213532447815, "lowlevel.erbbands_kurtosis.stdev": 1.4792914390563965, "lowlevel.erbbands_skewness.mean": -0.7652319669723511, "lowlevel.erbbands_skewness.stdev": 0.6525605916976929, "lowlevel.erbbands_spread.mean": 32.9472541809082, "lowlevel.erbbands_spread.stdev": 12.801054954528809, "lowlevel.hfc.mean": 30.16692543029785, "lowlevel.hfc.stdev": 12.006145477294922, "lowlevel.loudness_ebu128.integrated": -11.873931884765625, "lowlevel.loudness_ebu128.loudness_range": 1.6131715774536133, "lowlevel.loudness_ebu128.momentary.mean": -11.983375549316406, "lowlevel.loudness_ebu128.momentary.stdev": 0.9718230962753296, "lowlevel.loudness_ebu128.short_term.mean": -11.892962455749512, "lowlevel.loudness_ebu128.short_term.stdev": 0.5728933811187744, "lowlevel.melbands_crest.mean": 13.623486518859863, "lowlevel.melbands_crest.stdev": 6.995526313781738, "lowlevel.melbands_flatness_db.mean": 0.1428515762090683, "lowlevel.melbands_flatness_db.stdev": 0.052656132727861404, "lowlevel.melbands_kurtosis.mean": 5.7437944412231445, "lowlevel.melbands_kurtosis.stdev": 13.405975341796875, "lowlevel.melbands_skewness.mean": 1.8501062393188477, "lowlevel.melbands_skewness.stdev": 1.6646678447723389, "lowlevel.melbands_spread.mean": 51.04612350463867, "lowlevel.melbands_spread.stdev": 22.257217407226562, "lowlevel.pitch_salience.mean": 0.5898571014404297, "lowlevel.pitch_salience.stdev": 0.13920904695987701, "lowlevel.silence_rate_20dB.mean": 1.0, "lowlevel.silence_rate_20dB.stdev": 0.0, "lowlevel.silence_rate_30dB.mean": 1.0, "lowlevel.silence_rate_30dB.stdev": 0.0, "lowlevel.silence_rate_60dB.mean": 0.0023923444095999002, "lowlevel.silence_rate_60dB.stdev": 0.04885304346680641, "lowlevel.spectral_centroid.mean": 2547.140380859375, "lowlevel.spectral_centroid.stdev": 380.65863037109375, "lowlevel.spectral_complexity.mean": 34.11244201660156, "lowlevel.spectral_complexity.stdev": 6.606217861175537, "lowlevel.spectral_decrease.mean": -6.039686528680477e-09, "lowlevel.spectral_decrease.stdev": 3.987043140085689e-09, "lowlevel.spectral_energy.mean": 0.025531388819217682, "lowlevel.spectral_energy.stdev": 0.015239852480590343, "lowlevel.spectral_energyband_high.mean": 0.0011213772231712937, "lowlevel.spectral_energyband_high.stdev": 0.0006772630149498582, "lowlevel.spectral_energyband_low.mean": 0.009789323434233665, "lowlevel.spectral_energyband_low.stdev": 0.0158187635242939, "lowlevel.spectral_energyband_middle_high.mean": 0.00973218772560358, "lowlevel.spectral_energyband_middle_high.stdev": 0.006717662326991558, "lowlevel.spectral_energyband_middle_low.mean": 0.005402631592005491, "lowlevel.spectral_energyband_middle_low.stdev": 0.00435712980106473, "lowlevel.spectral_entropy.mean": 7.757170677185059, "lowlevel.spectral_entropy.stdev": 0.18998964130878448, "lowlevel.spectral_flux.mean": 0.09477406740188599, "lowlevel.spectral_flux.stdev": 0.043214958161115646, "lowlevel.spectral_kurtosis.mean": 3.175663948059082, "lowlevel.spectral_kurtosis.stdev": 1.7459074258804321, "lowlevel.spectral_rms.mean": 0.004810844082385302, "lowlevel.spectral_rms.stdev": 0.0013283428270369768, "lowlevel.spectral_rolloff.mean": 2877.6689453125, "lowlevel.spectral_rolloff.stdev": 1094.467041015625, "lowlevel.spectral_skewness.mean": 0.7315191030502319, "lowlevel.spectral_skewness.stdev": 0.2481716126203537, "lowlevel.spectral_spread.mean": 2999745.25, "lowlevel.spectral_spread.stdev": 560840.0, "lowlevel.spectral_strongpeak.mean": 1.1582225561141968, "lowlevel.spectral_strongpeak.stdev": 1.6505612134933472, "lowlevel.zerocrossingrate.mean": 0.08895207196474075, "lowlevel.zerocrossingrate.stdev": 0.02820475772023201, "metadata.audio_properties.analysis.equal_loudness": 0.0, "metadata.audio_properties.analysis.length": 29.07732391357422, "metadata.audio_properties.analysis.sample_rate": 44100.0, "metadata.audio_properties.analysis.start_time": 0.0, "metadata.audio_properties.bit_rate": 132261.0, "metadata.audio_properties.length": 29.077333450317383, "metadata.audio_properties.lossless": 0.0, "metadata.audio_properties.number_channels": 1.0, "metadata.audio_properties.replay_gain": -14.813308715820312, "metadata.audio_properties.sample_rate": 48000.0, "rhythm.beats_count": 59.0, "rhythm.beats_loudness.mean": 0.02423740178346634, "rhythm.beats_loudness.stdev": 0.005422159098088741, "rhythm.bpm": 123.6490249633789, "rhythm.bpm_histogram_first_peak_bpm": 123.0, "rhythm.bpm_histogram_first_peak_weight": 0.39215683937072754, "rhythm.bpm_histogram_second_peak_bpm": 129.0, "rhythm.bpm_histogram_second_peak_spread": 0.0, "rhythm.bpm_histogram_second_peak_weight": 0.1034482792019844, "rhythm.danceability": 1.3249503374099731, "rhythm.onset_rate": 1.8216437101364136, "tonal.chords_changes_rate": 0.03184713423252106, "tonal.chords_number_rate": 0.004777070134878159, "tonal.chords_strength.mean": 0.6083707213401794, "tonal.chords_strength.stdev": 0.0850510522723198, "tonal.hpcp_crest.mean": 12.638630867004395, "tonal.hpcp_crest.stdev": 6.297755241394043, "tonal.hpcp_entropy.mean": 2.303105592727661, "tonal.hpcp_entropy.stdev": 0.8018925189971924, "tonal.key_edma.strength": 0.5167053937911987, "tonal.key_krumhansl.strength": 0.5113869905471802, "tonal.key_temperley.strength": 0.4730727970600128, "tonal.tuning_diatonic_strength": 0.5379085540771484, "tonal.tuning_equal_tempered_deviation": 0.33434662222862244, "tonal.tuning_frequency": 434.193115234375, "tonal.tuning_nontempered_energy_ratio": 0.9592947363853455, "lowlevel.barkbands.mean": [0.00047806595102883875, 0.006009569391608238, 0.0029098805971443653, 0.0011941581033170223, 0.0013660520780831575, 0.0006323796696960926, 0.0003983313508797437, 0.000826845527626574, 0.0007623200654052198, 0.0007333520334213972, 0.0012279758229851723, 0.0007294166134670377, 0.0010602542897686362, 0.0003808563924394548, 0.0004089792200829834, 0.0005557732656598091, 0.0009765727445483208, 0.001475561410188675, 0.00180110614746809, 0.0007246483583003283, 0.00038063654210418463, 0.00028091410058550537, 0.00013423740165308118, 6.777655653422698e-05, 6.3515999499941245e-06, 7.5652433224604465e-06, 1.8295926338396384e-06], "lowlevel.barkbands.stdev": [0.0009206836693920195, 0.01017545536160469, 0.007042531855404377, 0.001498855766840279, 0.003016923787072301, 0.0010787621140480042, 0.0004837801097892225, 0.0015610349364578724, 0.0010227127932012081, 0.0014384245732799172, 0.003402895061299205, 0.0014591356739401817, 0.0024989196099340916, 0.0009055422269739211, 0.0010761063313111663, 0.0005134877283126116, 0.00086966686649248, 0.001321412855759263, 0.0012778470991179347, 0.0004578133812174201, 0.00022137445921543986, 0.00024558851146139205, 0.0001261159632122144, 9.423830488231033e-05, 8.844194780976977e-06, 6.128540007921401e-06, 1.986764573302935e-06], "lowlevel.erbbands.mean": [0.1595371812582016, 1.3577678203582764, 3.9048166275024414, 3.102255344390869, 5.109830379486084, 4.134605884552002, 3.8914544582366943, 5.321695804595947, 4.6714863777160645, 9.737998962402344, 20.847326278686523, 18.538982391357422, 20.579408645629883, 29.57342529296875, 48.02720642089844, 34.02065658569336, 49.2470703125, 27.02777671813965, 22.38030242919922, 22.214937210083008, 35.18875503540039, 54.36098098754883, 72.99886322021484, 105.69624328613281, 70.77215576171875, 32.93063735961914, 18.449987411499023, 12.580249786376953, 10.442145347595215, 7.206638813018799, 3.1978890895843506, 1.8354350328445435, 0.8455018401145935, 0.13321860134601593, 0.009321094490587711, 0.0036032891366630793, 0.014860720373690128, 0.00897213164716959, 0.00020074271014891565, 3.70255766029004e-05], "lowlevel.erbbands.stdev": [0.38153722882270813, 2.266904830932617, 8.540942192077637, 4.499651908874512, 9.40138053894043, 9.601043701171875, 6.860327243804932, 9.202622413635254, 6.1591081619262695, 13.36667537689209, 41.17115783691406, 24.71501922607422, 38.936344146728516, 57.05805587768555, 118.21524810791016, 62.814308166503906, 114.99920654296875, 67.48817443847656, 56.37803268432617, 35.0639762878418, 25.338306427001953, 43.29965591430664, 65.97518920898438, 70.32933044433594, 53.48588943481445, 18.864084243774414, 10.254416465759277, 8.010822296142578, 9.19879150390625, 6.058694362640381, 3.2767858505249023, 2.369582176208496, 1.2425944805145264, 0.1756226122379303, 0.017247697338461876, 0.006572844926267862, 0.012323650531470776, 0.007687011267989874, 0.0001546490384498611, 1.6057492757681757e-05], "lowlevel.gfcc.mean": [21.916046142578125, 80.93592071533203, -151.3622283935547, 58.46503829956055, -47.0506477355957, 0.3774220943450928, -9.540125846862793, 3.4477288722991943, -10.447539329528809, -12.687865257263184, -8.590545654296875, 0.24256747961044312, -23.641435623168945], "lowlevel.melbands.mean": [0.0015075094997882843, 0.0019190728198736906, 0.000630793918389827, 0.00033698268816806376, 0.00014525162987411022, 0.00012116691505070776, 7.116232882253826e-05, 0.00011301048652967438, 0.0001731108786771074, 0.00010948935960186645, 0.00010040336928796023, 0.00011127581092296168, 0.00018319876107852906, 7.922668009996414e-05, 0.00010103567183250561, 0.00010153419862035662, 4.255774547345936e-05, 3.4043237974401563e-05, 2.867819603125099e-05, 3.335712608532049e-05, 4.370717579149641e-05, 5.29300668858923e-05, 6.558051245519891e-05, 7.169351738411933e-05, 9.025498729897663e-05, 5.387306373449974e-05, 4.1853974835248664e-05, 1.7014464901876636e-05, 1.2141949810029473e-05, 9.016419426188804e-06, 6.522187959490111e-06, 5.906062142457813e-06, 5.359820534067694e-06, 3.5223879422119353e-06, 1.9498679648677353e-06, 1.1046854524465743e-06, 1.19855531011126e-06, 7.950267786327458e-07, 1.9908856074835057e-07, 5.722609230929265e-08], "lowlevel.melbands.stdev": [0.0029018342029303312, 0.003682727226987481, 0.0007870211265981197, 0.0007286204490810633, 0.0002481312840245664, 0.00020108281751163304, 9.346814476884902e-05, 0.00016123747627716511, 0.0003265208506491035, 0.00014716778241563588, 0.0002012477780226618, 0.00022383820032700896, 0.000511558260768652, 0.00015146727673709393, 0.00021031762298662215, 0.0002471165789756924, 0.00011810784781118855, 8.053179772105068e-05, 6.580031185876578e-05, 4.214242289890535e-05, 3.407739495742135e-05, 4.244570300215855e-05, 8.327911200467497e-05, 6.930095696588978e-05, 6.394938100129366e-05, 4.381715916679241e-05, 2.9563325369963422e-05, 1.1036201613023877e-05, 7.533360530942446e-06, 5.825170319440076e-06, 4.559477929433342e-06, 5.270599558571121e-06, 5.411734036897542e-06, 3.0379931104107527e-06, 2.0214897631376516e-06, 1.4257590237320983e-06, 1.704997316664958e-06, 1.270141751774645e-06, 2.690065059596236e-07, 8.07744626740714e-08], "lowlevel.melbands128.mean": [0.000355407886672765, 0.00131407065782696, 0.0016334507381543517, 0.0025337249971926212, 0.0024552051909267902, 0.0011153016239404678, 0.0005448853480629623, 0.0006448350031860173, 0.0005284300423227251, 0.0003358478716108948, 0.00020407841657288373, 0.0001493575400672853, 0.0001031305655487813, 0.00017850012227427214, 0.0001371404796373099, 7.862140773795545e-05, 8.511590567650273e-05, 5.489724935614504e-05, 6.65325642330572e-05, 0.0001295835099881515, 0.00010332382225897163, 0.00015831193013582379, 0.00022461223124992102, 0.00012264854740351439, 0.0001353815896436572, 7.910585554782301e-05, 0.00010452340211486444, 0.00010948730050586164, 8.971375063993037e-05, 0.00010370143718319014, 9.439349378226325e-05, 0.00016308738850057125, 0.00027798995142802596, 0.00011909535533050075, 6.027363269822672e-05, 7.102931704139337e-05, 0.00010473455768078566, 8.461559627903625e-05, 0.0001095300103770569, 0.00013627088628709316, 8.374229946639389e-05, 8.929176692618057e-05, 3.3279175113420933e-05, 2.5702176571940072e-05, 3.279181328252889e-05, 2.4988394216052257e-05, 5.719954424421303e-05, 2.030882387771271e-05, 1.9572016753954813e-05, 3.572917194105685e-05, 3.4179658541688696e-05, 3.2858806662261486e-05, 3.8546993891941383e-05, 4.7549026930937544e-05, 5.8052577514899895e-05, 4.867622192250565e-05, 4.92018589284271e-05, 7.983596879057586e-05, 6.523679621750489e-05, 4.941902807331644e-05, 7.447165990015492e-05, 8.335019083460793e-05, 9.142523049376905e-05, 0.00010681248386390507, 6.490965461125597e-05, 4.025425369036384e-05, 5.813450843561441e-05, 5.099782356410287e-05, 4.080975486431271e-05, 2.5584096874808893e-05, 1.486791097704554e-05, 1.3744547686656006e-05, 1.2556893125292845e-05, 1.3449773177853785e-05, 9.099503586185165e-06, 9.397143912792671e-06, 9.236410733137745e-06, 7.061023552523693e-06, 6.1292575992411e-06, 5.704010163753992e-06, 6.208523245732067e-06, 5.730712018703343e-06, 5.854029495822033e-06, 6.109932655817829e-06, 4.013533725810703e-06, 3.963830295106163e-06, 3.387702236068435e-06, 2.494732143532019e-06, 1.8748016827885294e-06, 1.608278239473293e-06, 1.2391301424941048e-06, 9.498821782472078e-07, 8.58672535741789e-07, 1.1697923127940157e-06, 1.4690167517983355e-06, 1.2907455584354466e-06, 6.11895814017771e-07, 1.068468193921035e-07, 2.2271068189638754e-07, 2.476154463693092e-07, 9.520737620505315e-08, 1.8225136955152266e-08, 1.080283507093327e-08, 1.0482240853093572e-08, 5.732115226919632e-09, 3.0546096763117703e-09, 2.3736848042688052e-09, 1.9311126031595904e-09, 1.5934211727852698e-09, 4.363009065144752e-09, 1.7118123807335905e-08, 1.5392300767302913e-08, 6.118880691019513e-08, 6.788765460896684e-08, 6.106260741489677e-08, 1.6415081915965857e-07, 8.361826075997669e-08, 2.0239829812140897e-09, 3.728675788267077e-12, 3.576380728023687e-12, 3.486579081002361e-12, 3.4147580596499694e-12, 3.3156652336913117e-12, 3.252632538308653e-12, 3.1866358510268533e-12, 3.116879150610874e-12, 3.0731532769945336e-12, 3.053151481635652e-12], "lowlevel.melbands128.stdev": [0.0008495961083099246, 0.003567575942724943, 0.0036411448381841183, 0.004281568340957165, 0.0051896399818360806, 0.0028015461284667253, 0.0009322834084741771, 0.0008188488427549601, 0.0011439184891059995, 0.00102363177575171, 0.0005553410155698657, 0.000360758975148201, 0.0002496490487828851, 0.0003884557809215039, 0.00029790966073051095, 0.00016135390615090728, 0.00012424919987097383, 0.00011633076064754277, 0.00010240118717774749, 0.00021629533148370683, 0.0002227119985036552, 0.00040715167415328324, 0.0005611898377537727, 0.00024717210908420384, 0.0002816766209434718, 0.00015180929040070623, 0.0002466001606080681, 0.00029787272796966136, 0.00026656052796170115, 0.0002997441333718598, 0.0002669980167411268, 0.0006051865057088435, 0.0009711600141599774, 0.00036173130501993, 0.00018810639448929578, 0.00020618464623112231, 0.00027745135594159365, 0.00027335277991369367, 0.0003593906294554472, 0.000439962197560817, 0.0003063938638661057, 0.00038774797576479614, 0.00011607447959249839, 0.00012563717609737068, 8.980146230896935e-05, 6.476549606304616e-05, 0.0002578140120021999, 5.101409260532819e-05, 4.515870750765316e-05, 0.00010672883945517242, 5.0724123866530135e-05, 3.523450868669897e-05, 3.993852442363277e-05, 5.67890347156208e-05, 5.6297089031431824e-05, 5.7189641665900126e-05, 6.206351827131584e-05, 0.00014724631910212338, 0.00011107609316240996, 6.420083809643984e-05, 0.00010632419434841722, 0.00010382885375292972, 8.136946416925639e-05, 0.00010234589717583731, 8.1033977039624e-05, 4.164636629866436e-05, 7.981348608154804e-05, 4.8172660171985626e-05, 3.660449510789476e-05, 2.3234284526552074e-05, 1.256450832443079e-05, 1.1295272088318598e-05, 9.714065527077764e-06, 1.0869085599551909e-05, 6.949141607037745e-06, 7.5155212471145205e-06, 7.885982995503582e-06, 5.7754309636948165e-06, 5.0821781769627705e-06, 5.816327302454738e-06, 6.373730229825014e-06, 5.7171973821823485e-06, 7.522626219724771e-06, 7.3001911005121656e-06, 3.786081606449443e-06, 3.8327793845382985e-06, 3.3849814826680813e-06, 2.557754896770348e-06, 2.2359067770594265e-06, 2.1370319700508844e-06, 1.9186786630598363e-06, 1.4081834933676873e-06, 1.1298926665403997e-06, 1.777361262611521e-06, 2.361691258556675e-06, 2.3675713691773126e-06, 9.858957810138236e-07, 1.6625610044229688e-07, 3.525503302626021e-07, 3.69084290241517e-07, 1.5814030973615445e-07, 4.7990624807425775e-08, 3.713097385116271e-08, 3.910004409135581e-08, 2.1709146480475283e-08, 1.2821586459210721e-08, 1.2979569419258041e-08, 1.0889417367820897e-08, 8.256605177336951e-09, 1.5120926732947737e-08, 5.397075142354879e-08, 2.702680212962605e-08, 6.801188590088714e-08, 6.499049476360597e-08, 5.7060699276689775e-08, 1.6382971068651386e-07, 8.31458706329613e-08, 4.451287782814006e-09, 5.223352566446904e-12, 5.062287828511147e-12, 4.941574927030956e-12, 4.857634693794521e-12, 4.71435390725361e-12, 4.629887185442216e-12, 4.558496809192736e-12, 4.502547206602925e-12, 4.461786409087898e-12, 4.436763022946932e-12], "lowlevel.mfcc.mean": [-603.3369750976562, 95.82868194580078, -32.13572692871094, 51.392337799072266, -8.073575019836426, 9.773022651672363, 2.398381233215332, 22.631174087524414, -6.1019206047058105, 8.251396179199219, 1.5360976457595825, 6.377094268798828, -3.630545139312744], "lowlevel.spectral_contrast_coeffs.mean": [-0.7243090867996216, -0.7878290414810181, -0.7810289263725281, -0.7962440252304077, -0.7591979503631592, -0.6204274892807007], "lowlevel.spectral_contrast_coeffs.stdev": [0.0659426748752594, 0.06260567158460617, 0.07627670466899872, 0.04494362697005272, 0.04472588375210762, 0.044251300394535065], "lowlevel.spectral_contrast_valleys.mean": [-6.805463790893555, -6.669111728668213, -7.06441593170166, -7.098793983459473, -6.466433525085449, -11.02112102508545], "lowlevel.spectral_contrast_valleys.stdev": [0.5696218013763428, 0.6146594285964966, 0.585391104221344, 0.503327488899231, 0.49104997515678406, 0.7647632956504822], "rhythm.beats_loudness_band_ratio.mean": [0.30110201239585876, 0.1369805932044983, 0.10018254071474075, 0.1773456186056137, 0.18711888790130615, 0.17721806466579437], "rhythm.beats_loudness_band_ratio.stdev": [0.14695653319358826, 0.10862451046705246, 0.07419148087501526, 0.16997425258159637, 0.09346701949834824, 0.07971114665269852], "tonal.hpcp.mean": [0.08461906015872955, 0.0827287957072258, 0.06343687325716019, 0.034493338316679, 0.028698155656456947, 0.0399402491748333, 0.09556809812784195, 0.16087451577186584, 0.1296202838420868, 0.078762948513031, 0.07156869024038315, 0.05914977192878723, 0.0537494421005249, 0.06112218275666237, 0.06909023225307465, 0.09929671883583069, 0.14788071811199188, 0.13071784377098083, 0.09452493488788605, 0.09865959733724594, 0.11447838693857193, 0.2640424370765686, 0.4693182110786438, 0.3571667969226837, 0.1526990830898285, 0.11789069324731827, 0.11889030039310455, 0.13224850594997406, 0.13423481583595276, 0.14938797056674957, 0.27698996663093567, 0.36204206943511963, 0.2847740948200226, 0.20907080173492432, 0.15317624807357788, 0.10572248697280884], "tonal.hpcp.stdev": [0.16476349532604218, 0.1824299395084381, 0.15370535850524902, 0.087287038564682, 0.07579313963651657, 0.1080428957939148, 0.16080735623836517, 0.23896297812461853, 0.19485077261924744, 0.16236308217048645, 0.14583522081375122, 0.1107463613152504, 0.09971889108419418, 0.11715609580278397, 0.1275196075439453, 0.14424529671669006, 0.20439310371875763, 0.18927545845508575, 0.15138469636440277, 0.16024750471115112, 0.18889154493808746, 0.268879234790802, 0.41142669320106506, 0.3279208540916443, 0.22651457786560059, 0.19452907145023346, 0.2058432251214981, 0.21111781895160675, 0.1906351000070572, 0.19921675324440002, 0.29190510511398315, 0.35627809166908264, 0.29043957591056824, 0.2578963339328766, 0.21142487227916718, 0.17582917213439941], "rhythm.beats_position": [0.5340589284896851, 1.0681178569793701, 1.5673469305038452, 2.0549659729003906, 2.5425848960876465, 3.0185940265655518, 3.5062131881713867, 3.9938321113586426, 4.481451034545898, 4.980679988861084, 5.456689357757568, 5.944308280944824, 6.43192720413208, 6.919546127319336, 7.40716552734375, 7.894784450531006, 8.382403373718262, 8.870022773742676, 9.357641220092773, 9.845260620117188, 10.332880020141602, 10.8204984664917, 11.284897804260254, 11.760907173156738, 12.236915588378906, 12.72453498840332, 13.200544357299805, 13.688162803649902, 14.164172172546387, 14.640181541442871, 15.116189956665039, 15.580589294433594, 16.068208694458008, 16.555828094482422, 17.055055618286133, 17.554285049438477, 18.04190444946289, 18.529523849487305, 19.01714324951172, 19.48154067993164, 19.945940017700195, 20.43355941772461, 20.921178817749023, 21.397188186645508, 21.873197555541992, 22.360815048217773, 22.836824417114258, 23.324443817138672, 23.823673248291016, 24.28807258605957, 24.775691986083984, 25.263309478759766, 25.75092887878418, 26.238548278808594, 26.714557647705078, 27.190567016601562, 27.654966354370117, 28.13097381591797, 28.606983184814453], "rhythm.bpm_histogram": [0.0, 0.0, 0.0, 0.0, 0.0, 0.0, 0.0, 0.0, 0.0, 0.0, 0.0, 0.0, 0.0, 0.0, 0.0, 0.0, 0.0, 0.0, 0.0, 0.0, 0.0, 0.0, 0.0, 0.0, 0.0, 0.0, 0.0, 0.0, 0.0, 0.0, 0.0, 0.0, 0.0, 0.0, 0.0, 0.0, 0.0, 0.0, 0.0, 0.0, 0.0, 0.0, 0.0, 0.0, 0.0, 0.0, 0.0, 0.0, 0.0, 0.0, 0.0, 0.0, 0.0, 0.0, 0.0, 0.0, 0.0, 0.0, 0.0, 0.0, 0.0, 0.0, 0.0, 0.0, 0.0, 0.0, 0.0, 0.0, 0.0, 0.0, 0.0, 0.0, 0.0, 0.0, 0.0, 0.0, 0.0, 0.0, 0.0, 0.0, 0.0, 0.0, 0.0, 0.0, 0.0, 0.0, 0.0, 0.0, 0.0, 0.0, 0.0, 0.0, 0.0, 0.0, 0.0, 0.0, 0.0, 0.0, 0.0, 0.0, 0.0, 0.0, 0.0, 0.0, 0.0, 0.0, 0.0, 0.0, 0.0, 0.0, 0.0, 0.0, 0.017241379246115685, 0.0, 0.0, 0.0, 0.0, 0.0, 0.0, 0.0, 0.08620689809322357, 0.0, 0.0, 0.5344827771186829, 0.0, 0.0, 0.2586206793785095, 0.0, 0.0, 0.1034482792019844, 0.0, 0.0, 0.0, 0.0, 0.0, 0.0, 0.0, 0.0, 0.0, 0.0, 0.0, 0.0, 0.0, 0.0, 0.0, 0.0, 0.0, 0.0, 0.0, 0.0, 0.0, 0.0, 0.0, 0.0, 0.0, 0.0, 0.0, 0.0, 0.0, 0.0, 0.0, 0.0, 0.0, 0.0, 0.0, 0.0, 0.0, 0.0, 0.0, 0.0, 0.0, 0.0, 0.0, 0.0, 0.0, 0.0, 0.0, 0.0, 0.0, 0.0, 0.0, 0.0, 0.0, 0.0, 0.0, 0.0, 0.0, 0.0, 0.0, 0.0, 0.0, 0.0, 0.0, 0.0, 0.0, 0.0, 0.0, 0.0, 0.0, 0.0, 0.0, 0.0, 0.0, 0.0, 0.0, 0.0, 0.0, 0.0, 0.0, 0.0, 0.0, 0.0, 0.0, 0.0, 0.0, 0.0, 0.0, 0.0, 0.0, 0.0, 0.0, 0.0, 0.0, 0.0, 0.0, 0.0, 0.0, 0.0, 0.0, 0.0, 0.0, 0.0, 0.0, 0.0, 0.0, 0.0, 0.0, 0.0, 0.0, 0.0, 0.0, 0.0, 0.0, 0.0, 0.0, 0.0, 0.0, 0.0, 0.0, 0.0], "tonal.chords_histogram": [57.16560363769531, 7.484076499938965, 0.0, 0.0, 0.0, 0.0, 0.0, 0.0, 0.0, 0.0, 0.0, 0.0, 0.0, 0.0, 0.0, 0.0, 0.0, 0.0, 0.0, 0.0, 0.0, 0.0, 0.0, 35.350318908691406], "tonal.thpcp": [1.0, 0.761033296585083, 0.3253636360168457, 0.25119563937187195, 0.25332555174827576, 0.28178855776786804, 0.2860209047794342, 0.3183085024356842, 0.5901964902877808, 0.7714213132858276, 0.6067825555801392, 0.4454777240753174, 0.3263803720474243, 0.22526824474334717, 0.18030209839344025, 0.17627441883087158, 0.1351681500673294, 0.07349669933319092, 0.06114860996603966, 0.08510270714759827, 0.20363177359104156, 0.34278345108032227, 0.2761884927749634, 0.16782419383525848, 0.15249502658843994, 0.12603341042995453, 0.1145266517996788, 0.13023611903190613, 0.14721404016017914, 0.21157653629779816, 0.315096914768219, 0.2785271108150482, 0.20140905678272247, 0.21021898090839386, 0.24392487108707428, 0.562608540058136], "lowlevel.gfcc.cov": [[1846.74267578125, 5.14292573928833, -178.13714599609375, 20.407129287719727, -129.0867462158203, 83.71804809570312, -69.61711120605469, -10.094980239868164, -69.48064422607422, -48.51554489135742, 9.2146577835083, -6.696681022644043, -27.74796485900879], [5.14292573928833, 326.27972412109375, 42.400390625, 57.66986846923828, 115.5635757446289, -53.47471237182617, 97.0331802368164, -13.192944526672363, 12.826045036315918, -24.864608764648438, -3.656100273132324, -12.264700889587402, -8.349900245666504], [-178.13714599609375, 42.400390625, 276.5642395019531, 149.1065673828125, 43.70127868652344, -41.693519592285156, -5.9614577293396, -3.789703607559204, 57.55311584472656, 61.82046127319336, -10.820246696472168, -19.047304153442383, -0.7556087970733643], [20.407129287719727, 57.66986846923828, 149.1065673828125, 189.85159301757812, 88.4656982421875, -21.17609977722168, 30.080167770385742, 11.764066696166992, 86.46958923339844, 43.93286895751953, -4.749596118927002, -26.375398635864258, -1.2957323789596558], [-129.0867462158203, 115.5635757446289, 43.70127868652344, 88.4656982421875, 192.4737091064453, 38.25849914550781, 115.14274597167969, 35.95522689819336, 60.593196868896484, 13.995410919189453, -3.5497541427612305, -10.21563720703125, -15.842546463012695], [83.71804809570312, -53.47471237182617, -41.693519592285156, -21.17609977722168, 38.25849914550781, 241.15505981445312, 67.01606750488281, 58.00925827026367, -39.06846618652344, -14.218240737915039, 45.2443962097168, 2.3735079765319824, 14.72146224975586], [-69.61711120605469, 97.0331802368164, -5.9614577293396, 30.080167770385742, 115.14274597167969, 67.01606750488281, 188.1595916748047, 65.86380767822266, 26.47849464416504, -11.338074684143066, 28.66167449951172, 10.777670860290527, -22.830764770507812], [-10.094980239868164, -13.192944526672363, -3.789703607559204, 11.764066696166992, 35.95522689819336, 58.00925827026367, 65.86380767822266, 129.63185119628906, 37.117984771728516, 4.549262046813965, 18.58521842956543, -1.7420438528060913, 5.953428745269775], [-69.48064422607422, 12.826045036315918, 57.55311584472656, 86.46958923339844, 60.593196868896484, -39.06846618652344, 26.47849464416504, 37.117984771728516, 129.2001495361328, 61.09685516357422, -2.435675621032715, -12.138497352600098, -2.16717791557312], [-48.51554489135742, -24.864608764648438, 61.82046127319336, 43.93286895751953, 13.995410919189453, -14.218240737915039, -11.338074684143066, 4.549262046813965, 61.09685516357422, 92.09489440917969, 13.82514762878418, 1.376872181892395, -3.379626512527466], [9.2146577835083, -3.656100273132324, -10.820246696472168, -4.749596118927002, -3.5497541427612305, 45.2443962097168, 28.66167449951172, 18.58521842956543, -2.435675621032715, 13.82514762878418, 71.4843978881836, 27.28044891357422, 15.43095588684082], [-6.696681022644043, -12.264700889587402, -19.047304153442383, -26.375398635864258, -10.21563720703125, 2.3735079765319824, 10.777670860290527, -1.7420438528060913, -12.138497352600098, 1.376872181892395, 27.28044891357422, 61.995765686035156, 27.860057830810547], [-27.74796485900879, -8.349900245666504, -0.7556087970733643, -1.2957323789596558, -15.842546463012695, 14.72146224975586, -22.830764770507812, 5.953428745269775, -2.16717791557312, -3.379626512527466, 15.43095588684082, 27.860057830810547, 68.06110382080078]], "lowlevel.gfcc.icov": [[0.0008931888150982559, -0.0007742224843241274, 0.001355312648229301, -0.0020755240693688393, 0.0014739419566467404, -0.000918877252843231, 0.0007970166625455022, -0.00043099690810777247, 0.0003089428646489978, -0.00011885865387739614, 0.0005464747082442045, -0.0012375274673104286, 0.001478196238167584], [-0.0007742224843241274, 0.006473413202911615, -0.0017907180590555072, 0.0020561290439218283, -0.004518615547567606, 0.003865959821268916, -0.003788210218772292, 0.0019171270541846752, 0.0015035283286124468, 0.001436861464753747, -0.0024231865536421537, 0.00446161488071084, -0.003986331168562174], [0.001355312648229301, -0.0017907180590555072, 0.009535472840070724, -0.009555697441101074, 0.0031791445799171925, -0.0008827574201859534, 0.0013538756174966693, -0.0014170492067933083, 0.0034418024588376284, -0.00454838527366519, 0.0025248099118471146, -0.0023053577169775963, 0.002020833780989051], [-0.0020755240693688393, 0.0020561290439218283, -0.009555697441101074, 0.019885482266545296, -0.0074822488240897655, 0.0022814995609223843, -0.0019182597752660513, 0.002938151592388749, -0.0073172408156096935, 0.002625125227496028, -0.003997861873358488, 0.007674927357584238, -0.0057949163019657135], [0.0014739419566467404, -0.004518615547567606, 0.0031791445799171925, -0.0074822488240897655, 0.01611337624490261, -0.005016664043068886, -0.0037493640556931496, -8.237824658863246e-05, -0.003024059347808361, -0.0013925513485446572, 0.006086187902837992, -0.004378809127956629, 0.0037718082312494516], [-0.000918877252843231, 0.003865959821268916, -0.0008827574201859534, 0.0022814995609223843, -0.005016664043068886, 0.009542588144540787, -0.003735579550266266, -0.0013245781883597374, 0.005386230535805225, -0.001227834145538509, -0.0049886745400726795, 0.006626772694289684, -0.0057067000307142735], [0.0007970166625455022, -0.003788210218772292, 0.0013538756174966693, -0.0019182597752660513, -0.0037493640556931496, -0.003735579550266266, 0.01598515175282955, -0.005143783986568451, -0.0022356261033564806, 0.004026408772915602, -0.0029962121043354273, -0.008018986321985722, 0.00967657845467329], [-0.00043099690810777247, 0.0019171270541846752, -0.0014170492067933083, 0.002938151592388749, -8.237824658863246e-05, -0.0013245781883597374, -0.005143783986568451, 0.012697504833340645, -0.005406303331255913, 0.0019980932120233774, -0.0014243527548387647, 0.00362306903116405, -0.003702174872159958], [0.0003089428646489978, 0.0015035283286124468, 0.0034418024588376284, -0.0073172408156096935, -0.003024059347808361, 0.005386230535805225, -0.0022356261033564806, -0.005406303331255913, 0.022168582305312157, -0.012060676701366901, 0.0013667327584698796, 0.003401601454243064, -0.0035319263115525246], [-0.00011885865387739614, 0.001436861464753747, -0.00454838527366519, 0.002625125227496028, -0.0013925513485446572, -0.001227834145538509, 0.004026408772915602, 0.0019980932120233774, -0.012060676701366901, 0.022598696872591972, -0.0065232012420892715, -0.002921350998803973, 0.004657497629523277], [0.0005464747082442045, -0.0024231865536421537, 0.0025248099118471146, -0.003997861873358488, 0.006086187902837992, -0.0049886745400726795, -0.0029962121043354273, -0.0014243527548387647, 0.0013667327584698796, -0.0065232012420892715, 0.024011339992284775, -0.009708413854241371, -0.00025759069831110537], [-0.0012375274673104286, 0.00446161488071084, -0.0023053577169775963, 0.007674927357584238, -0.004378809127956629, 0.006626772694289684, -0.008018986321985722, 0.00362306903116405, 0.003401601454243064, -0.002921350998803973, -0.009708413854241371, 0.032310549169778824, -0.016357704997062683], [0.001478196238167584, -0.003986331168562174, 0.002020833780989051, -0.0057949163019657135, 0.0037718082312494516, -0.0057067000307142735, 0.00967657845467329, -0.003702174872159958, -0.0035319263115525246, 0.004657497629523277, -0.00025759069831110537, -0.016357704997062683, 0.027273548766970634]], "lowlevel.mfcc.cov": [[938.173583984375, -87.03240203857422, 17.30996322631836, -144.0955352783203, -0.22986473143100739, -15.679935455322266, 27.342390060424805, 1.6864322423934937, -55.781375885009766, -57.484535217285156, 16.437808990478516, -37.51614761352539, -33.369564056396484], [-87.03240203857422, 330.7091064453125, -79.63804626464844, 136.48768615722656, -24.113706588745117, 30.949932098388672, 23.671899795532227, 50.19289016723633, 3.864502191543579, 10.931356430053711, -4.373475551605225, 0.7777286767959595, -14.362748146057129], [17.30996322631836, -79.63804626464844, 251.5790557861328, 41.71708297729492, 52.39896774291992, -13.40836238861084, -11.032123565673828, -81.73005676269531, 24.704383850097656, -8.787806510925293, -4.138683319091797, 10.055487632751465, 56.8188591003418], [-144.0955352783203, 136.48768615722656, 41.71708297729492, 301.594970703125, 32.16558837890625, 31.41639518737793, -73.80570983886719, -11.768376350402832, 48.86464309692383, 87.93716430664062, -11.152762413024902, 28.77581024169922, 30.58051300048828], [-0.22986473143100739, -24.113706588745117, 52.39896774291992, 32.16558837890625, 116.24256896972656, 26.95429801940918, 9.611167907714844, -12.939353942871094, 47.02517318725586, 24.26255989074707, 19.900205612182617, -0.11565089225769043, 14.013396263122559], [-15.679935455322266, 30.949932098388672, -13.40836238861084, 31.41639518737793, 26.95429801940918, 138.75344848632812, 37.43040466308594, 28.563703536987305, 5.353801250457764, 24.975223541259766, 10.303023338317871, 31.861143112182617, -8.054752349853516], [27.342390060424805, 23.671899795532227, -11.032123565673828, -73.80570983886719, 9.611167907714844, 37.43040466308594, 183.0364227294922, 93.01567840576172, 15.214790344238281, -28.43373680114746, 46.26952362060547, 7.882504463195801, 5.224009037017822], [1.6864322423934937, 50.19289016723633, -81.73005676269531, -11.768376350402832, -12.939353942871094, 28.563703536987305, 93.01567840576172, 157.20755004882812, 20.536714553833008, 21.19464683532715, 18.308263778686523, 15.173589706420898, -13.834394454956055], [-55.781375885009766, 3.864502191543579, 24.704383850097656, 48.86464309692383, 47.02517318725586, 5.353801250457764, 15.214790344238281, 20.536714553833008, 88.43948364257812, 44.10603332519531, 23.952016830444336, 7.751463890075684, 21.40015411376953], [-57.484535217285156, 10.931356430053711, -8.787806510925293, 87.93716430664062, 24.26255989074707, 24.975223541259766, -28.43373680114746, 21.19464683532715, 44.10603332519531, 106.99878692626953, 29.12346839904785, 32.86173629760742, 8.303269386291504], [16.437808990478516, -4.373475551605225, -4.138683319091797, -11.152762413024902, 19.900205612182617, 10.303023338317871, 46.26952362060547, 18.308263778686523, 23.952016830444336, 29.12346839904785, 79.6291732788086, 22.8287410736084, 8.979153633117676], [-37.51614761352539, 0.7777286767959595, 10.055487632751465, 28.77581024169922, -0.11565089225769043, 31.861143112182617, 7.882504463195801, 15.173589706420898, 7.751463890075684, 32.86173629760742, 22.8287410736084, 76.44364929199219, 24.150909423828125], [-33.369564056396484, -14.362748146057129, 56.8188591003418, 30.58051300048828, 14.013396263122559, -8.054752349853516, 5.224009037017822, -13.834394454956055, 21.40015411376953, 8.303269386291504, 8.979153633117676, 24.150909423828125, 72.41474914550781]], "lowlevel.mfcc.icov": [[0.0012429612688720226, 9.404672164237127e-05, -0.000397058465750888, 0.00039040297269821167, -0.00027874510851688683, -7.553977775387466e-05, 0.0003665909171104431, -0.0005314195295795798, 0.0008530488121323287, 0.00025266699958592653, -0.0007697984110563993, 0.0005581388249993324, 0.00028391374507918954], [9.404672164237127e-05, 0.005284910090267658, 0.0018370033940300345, -0.0038765883073210716, 0.00103626714553684, -0.00023886239796411246, -0.0017344646621495485, -8.854631596477702e-05, 6.138108437880874e-05, 0.0021010935306549072, -0.00038575410144403577, 0.0004593300400301814, 0.0008039388339966536], [-0.000397058465750888, 0.0018370033940300345, 0.00745812151581049, -0.0021626390516757965, -0.001604767399840057, 0.000794954423326999, -0.0028781492728739977, 0.0041964733973145485, -0.0011529788607731462, 0.0011465861462056637, 0.001894854474812746, -0.001258818432688713, -0.002954772673547268], [0.00039040297269821167, -0.0038765883073210716, -0.0021626390516757965, 0.008411540649831295, -0.0008398641948588192, -0.0010976061457768083, 0.0032272895332425833, -0.0006247122655622661, -0.001029648119583726, -0.004935183562338352, 0.0017546602757647634, -4.130574598093517e-05, -0.0020896284841001034], [-0.00027874510851688683, 0.00103626714553684, -0.001604767399840057, -0.0008398641948588192, 0.013677703216671944, -0.0032504848204553127, -0.0005802707746624947, 0.0016838513547554612, -0.006331515032798052, -0.00024427284370176494, -0.001952465157955885, 0.002722884062677622, 0.0002791568695101887], [-7.553977775387466e-05, -0.00023886239796411246, 0.000794954423326999, -0.0010976061457768083, -0.0032504848204553127, 0.010484033264219761, -0.003927674610167742, 0.0010284238960593939, 0.001999055268242955, -0.0023012186866253614, 0.0026882479432970285, -0.004861847963184118, 0.0029938011430203915], [0.0003665909171104431, -0.0017344646621495485, -0.0028781492728739977, 0.0032272895332425833, -0.0005802707746624947, -0.003927674610167742, 0.015962818637490273, -0.009641601704061031, -0.001492574461735785, 0.007360996212810278, -0.008706830441951752, 0.001631201128475368, -0.0024651368148624897], [-0.0005314195295795798, -8.854631596477702e-05, 0.0041964733973145485, -0.0006247122655622661, 0.0016838513547554612, 0.0010284238960593939, -0.009641601704061031, 0.01507597416639328, -0.0030164229683578014, -0.0050791408866643906, 0.005129019729793072, -0.0026058468502014875, 0.001779843238182366], [0.0008530488121323287, 6.138108437880874e-05, -0.0011529788607731462, -0.001029648119583726, -0.006331515032798052, 0.001999055268242955, -0.001492574461735785, -0.0030164229683578014, 0.02139526605606079, -0.006623796187341213, -0.0020411310251802206, 0.0033217924647033215, -0.0036942637525498867], [0.00025266699958592653, 0.0021010935306549072, 0.0011465861462056637, -0.004935183562338352, -0.00024427284370176494, -0.0023012186866253614, 0.007360996212810278, -0.0050791408866643906, -0.006623796187341213, 0.02326858416199684, -0.008822217583656311, -0.004250337369740009, 0.0018084532348439097], [-0.0007697984110563993, -0.00038575410144403577, 0.001894854474812746, 0.0017546602757647634, -0.001952465157955885, 0.0026882479432970285, -0.008706830441951752, 0.005129019729793072, -0.0020411310251802206, -0.008822217583656311, 0.022390712052583694, -0.005286260042339563, 0.00022726306633558124], [0.0005581388249993324, 0.0004593300400301814, -0.001258818432688713, -4.130574598093517e-05, 0.002722884062677622, -0.004861847963184118, 0.001631201128475368, -0.0026058468502014875, 0.0033217924647033215, -0.004250337369740009, -0.005286260042339563, 0.021275382488965988, -0.007264107931405306], [0.00028391374507918954, 0.0008039388339966536, -0.002954772673547268, -0.0020896284841001034, 0.0002791568695101887, 0.0029938011430203915, -0.0024651368148624897, 0.001779843238182366, -0.0036942637525498867, 0.0018084532348439097, 0.00022726306633558124, -0.007264107931405306, 0.021376153454184532]], "metadata.audio_properties.analysis.downmix": "mix", "metadata.audio_properties.codec": "mp3", "metadata.audio_properties.md5_encoded": "69fab6aaadf0f9998c6b1a10d4f7e66a", "metadata.tags.file_name": "1182280814688489522.mp3", "metadata.version.essentia": "2.1-beta6-dev", "metadata.version.essentia_git_sha": "v2.1_beta5-1110-g77a6a954", "metadata.version.extractor": "music 2.0", "tonal.chords_key": "E", "tonal.chords_scale": "minor", "tonal.key_edma.key": "E", "tonal.key_edma.scale": "minor", "tonal.key_krumhansl.key": "E", "tonal.key_krumhansl.scale": "minor", "tonal.key_temperley.key": "E", "tonal.key_temperley.scale": "minor", "metadata.tags.encoding": ["Lavf58.45.100"