{"song_id": "1182275191632572438", "download": "https://cdn.discordapp.com/attachments/1128313332273782784/1182275191632572438/chirp.mp4?ex=65841a93&amp", "lyrics": "[Verse]\nVivienne, little girl with dreams in her sight\nIn her eyes, a spark shining oh so bright\nA heart so pure, full of innocence and might\nShe's a shining star, destined to take flight\n\n[Chorus]\nVivienne, oh Vivienne, your spirit takes flight\nWith every step you take, you're reaching new heights\nA world of endless possibilities, you ignite\nVivienne, oh Vivienne, shine on with your light", "style": ["rock</span><span>, female voice"], "essentia_features": {"lowlevel.average_loudness": 0.9577575325965881, "lowlevel.barkbands_crest.mean": 14.36778450012207, "lowlevel.barkbands_crest.stdev": 6.135507106781006, "lowlevel.barkbands_flatness_db.mean": 0.23750533163547516, "lowlevel.barkbands_flatness_db.stdev": 0.10807144641876221, "lowlevel.barkbands_kurtosis.mean": 32.744171142578125, "lowlevel.barkbands_kurtosis.stdev": 84.6886215209961, "lowlevel.barkbands_skewness.mean": 2.8128647804260254, "lowlevel.barkbands_skewness.stdev": 3.3924410343170166, "lowlevel.barkbands_spread.mean": 18.468202590942383, "lowlevel.barkbands_spread.stdev": 23.02672576904297, "lowlevel.dissonance.mean": 0.4129738509654999, "lowlevel.dissonance.stdev": 0.061387915164232254, "lowlevel.dynamic_complexity": 4.496553421020508, "lowlevel.erbbands_crest.mean": 14.39759349822998, "lowlevel.erbbands_crest.stdev": 6.437229633331299, "lowlevel.erbbands_flatness_db.mean": 0.2105623483657837, "lowlevel.erbbands_flatness_db.stdev": 0.06370691955089569, "lowlevel.erbbands_kurtosis.mean": 7.736632347106934, "lowlevel.erbbands_kurtosis.stdev": 14.49605655670166, "lowlevel.erbbands_skewness.mean": 1.3532367944717407, "lowlevel.erbbands_skewness.stdev": 2.042001247406006, "lowlevel.erbbands_spread.mean": 36.1342887878418, "lowlevel.erbbands_spread.stdev": 32.8596305847168, "lowlevel.hfc.mean": 16.55281639099121, "lowlevel.hfc.stdev": 18.135377883911133, "lowlevel.loudness_ebu128.integrated": -13.391836166381836, "lowlevel.loudness_ebu128.loudness_range": 2.5257139205932617, "lowlevel.loudness_ebu128.momentary.mean": -14.466147422790527, "lowlevel.loudness_ebu128.momentary.stdev": 3.364708423614502, "lowlevel.loudness_ebu128.short_term.mean": -13.425474166870117, "lowlevel.loudness_ebu128.short_term.stdev": 0.8745102286338806, "lowlevel.melbands_crest.mean": 18.986709594726562, "lowlevel.melbands_crest.stdev": 8.06132984161377, "lowlevel.melbands_flatness_db.mean": 0.29157009720802307, "lowlevel.melbands_flatness_db.stdev": 0.1392056792974472, "lowlevel.melbands_kurtosis.mean": 51.06187057495117, "lowlevel.melbands_kurtosis.stdev": 125.08407592773438, "lowlevel.melbands_skewness.mean": 3.646080732345581, "lowlevel.melbands_skewness.stdev": 3.5853240489959717, "lowlevel.melbands_spread.mean": 26.71916389465332, "lowlevel.melbands_spread.stdev": 48.15450668334961, "lowlevel.pitch_salience.mean": 0.4712209105491638, "lowlevel.pitch_salience.stdev": 0.18463784456253052, "lowlevel.silence_rate_20dB.mean": 0.9786950945854187, "lowlevel.silence_rate_20dB.stdev": 0.14439895749092102, "lowlevel.silence_rate_30dB.mean": 0.8994673490524292, "lowlevel.silence_rate_30dB.stdev": 0.30070948600769043, "lowlevel.silence_rate_60dB.mean": 0.2130492627620697, "lowlevel.silence_rate_60dB.stdev": 0.40946391224861145, "lowlevel.spectral_centroid.mean": 1167.7608642578125, "lowlevel.spectral_centroid.stdev": 1141.5894775390625, "lowlevel.spectral_complexity.mean": 6.8741679191589355, "lowlevel.spectral_complexity.stdev": 6.0432868003845215, "lowlevel.spectral_decrease.mean": -1.1115375286863127e-08, "lowlevel.spectral_decrease.stdev": 2.123813835908095e-08, "lowlevel.spectral_energy.mean": 0.0434533953666687, "lowlevel.spectral_energy.stdev": 0.0805158019065857, "lowlevel.spectral_energyband_high.mean": 0.0008587769116275012, "lowlevel.spectral_energyband_high.stdev": 0.0018470605136826634, "lowlevel.spectral_energyband_low.mean": 0.02870408073067665, "lowlevel.spectral_energyband_low.stdev": 0.08000143617391586, "lowlevel.spectral_energyband_middle_high.mean": 0.0024027812760323286, "lowlevel.spectral_energyband_middle_high.stdev": 0.005582540761679411, "lowlevel.spectral_energyband_middle_low.mean": 0.01195212360471487, "lowlevel.spectral_energyband_middle_low.stdev": 0.016953209415078163, "lowlevel.spectral_entropy.mean": 7.150983810424805, "lowlevel.spectral_entropy.stdev": 0.817007303237915, "lowlevel.spectral_flux.mean": 0.0811878889799118, "lowlevel.spectral_flux.stdev": 0.07225993275642395, "lowlevel.spectral_kurtosis.mean": 5.649967193603516, "lowlevel.spectral_kurtosis.stdev": 9.390676498413086, "lowlevel.spectral_rms.mean": 0.004862556699663401, "lowlevel.spectral_rms.stdev": 0.004330025054514408, "lowlevel.spectral_rolloff.mean": 1902.907958984375, "lowlevel.spectral_rolloff.stdev": 2893.8134765625, "lowlevel.spectral_skewness.mean": 1.7030794620513916, "lowlevel.spectral_skewness.stdev": 1.111420750617981, "lowlevel.spectral_spread.mean": 5861827.5, "lowlevel.spectral_spread.stdev": 2894128.0, "lowlevel.spectral_strongpeak.mean": 1.3056199550628662, "lowlevel.spectral_strongpeak.stdev": 1.4592264890670776, "lowlevel.zerocrossingrate.mean": 0.06964866816997528, "lowlevel.zerocrossingrate.stdev": 0.07837118208408356, "metadata.audio_properties.analysis.equal_loudness": 0.0, "metadata.audio_properties.analysis.length": 34.83732604980469, "metadata.audio_properties.analysis.sample_rate": 44100.0, "metadata.audio_properties.analysis.start_time": 0.0, "metadata.audio_properties.bit_rate": 123100.0, "metadata.audio_properties.length": 34.83733367919922, "metadata.audio_properties.lossless": 0.0, "metadata.audio_properties.number_channels": 1.0, "metadata.audio_properties.replay_gain": -13.678131103515625, "metadata.audio_properties.sample_rate": 48000.0, "rhythm.beats_count": 65.0, "rhythm.beats_loudness.mean": 0.1017436757683754, "rhythm.beats_loudness.stdev": 0.12833459675312042, "rhythm.bpm": 113.90803527832031, "rhythm.bpm_histogram_first_peak_bpm": 115.0, "rhythm.bpm_histogram_first_peak_weight": 0.4754098653793335, "rhythm.bpm_histogram_second_peak_bpm": 103.0, "rhythm.bpm_histogram_second_peak_spread": 0.0, "rhythm.bpm_histogram_second_peak_weight": 0.03125, "rhythm.danceability": 1.695568323135376, "rhythm.onset_rate": 4.619380950927734, "tonal.chords_changes_rate": 0.09175531566143036, "tonal.chords_number_rate": 0.01595744676887989, "tonal.chords_strength.mean": 0.562916100025177, "tonal.chords_strength.stdev": 0.08339284360408783, "tonal.hpcp_crest.mean": 15.30776309967041, "tonal.hpcp_crest.stdev": 6.932150840759277, "tonal.hpcp_entropy.mean": 1.731263518333435, "tonal.hpcp_entropy.stdev": 0.7472876310348511, "tonal.key_edma.strength": 0.5833529233932495, "tonal.key_krumhansl.strength": 0.594714879989624, "tonal.key_temperley.strength": 0.5980149507522583, "tonal.tuning_diatonic_strength": 0.7189090251922607, "tonal.tuning_equal_tempered_deviation": 0.34574034810066223, "tonal.tuning_frequency": 449.7646484375, "tonal.tuning_nontempered_energy_ratio": 0.9565219879150391, "lowlevel.barkbands.mean": [0.0013963344972580671, 0.026476766914129257, 0.0005324194789864123, 0.0009166249074041843, 0.0010666394373402, 0.0011596931144595146, 0.0028760365676134825, 0.003521983977407217, 0.0020816773176193237, 0.0007882240461185575, 0.000516049622092396, 0.00022141746012493968, 0.00031883205519989133, 0.000256708066444844, 0.00014923112757969648, 7.20936877769418e-05, 3.8589849282288924e-05, 9.48845554376021e-05, 7.05179845681414e-05, 0.0001089566940208897, 0.00010455451410962269, 0.00015485922631341964, 0.00028162330272607505, 0.00012614046863745898, 9.137279994320124e-05, 3.048255712201353e-05, 6.689264182568877e-07], "lowlevel.barkbands.stdev": [0.003441795241087675, 0.07541446387767792, 0.002426829654723406, 0.002951019909232855, 0.0017287279479205608, 0.0034613246098160744, 0.008305375464260578, 0.011206068098545074, 0.006837739609181881, 0.0035316122230142355, 0.0019956000614911318, 0.0007874847506172955, 0.0013850406976416707, 0.0009787569288164377, 0.0005703681381419301, 0.00022086103854235262, 0.0001201957420562394, 0.00021176098380237818, 0.00022308794723358005, 0.0002954720112029463, 0.0003538767632562667, 0.00043430834193713963, 0.0007054018788039684, 0.00030898337718099356, 0.00021578662563115358, 7.590429595438763e-05, 3.2173379622690845e-06], "lowlevel.erbbands.mean": [1.2118306159973145, 4.160038471221924, 1.2770260572433472, 1.8224525451660156, 3.7742440700531006, 3.18158221244812, 3.2500946521759033, 11.99088191986084, 41.65528106689453, 59.432838439941406, 67.1204605102539, 44.87019729614258, 29.565387725830078, 17.990379333496094, 22.293256759643555, 9.122305870056152, 14.519234657287598, 14.568780899047852, 8.183751106262207, 6.212472438812256, 3.683789014816284, 2.298121690750122, 4.225015640258789, 5.237298488616943, 3.315765857696533, 4.9889140129089355, 4.6396074295043945, 4.347527027130127, 5.363330841064453, 7.3825836181640625, 7.799015522003174, 3.614811420440674, 1.771034836769104, 1.169549822807312, 0.5493646860122681, 0.19417910277843475, 0.04287160933017731, 0.004985330626368523, 0.00014246036880649626, 5.5066437198547646e-05], "lowlevel.erbbands.stdev": [3.515573024749756, 11.757993698120117, 4.09577751159668, 5.761327743530273, 7.790404319763184, 5.8321428298950195, 14.62536907196045, 33.616065979003906, 115.02017974853516, 195.52284240722656, 176.40463256835938, 146.85647583007812, 132.2479705810547, 60.60983657836914, 89.0081558227539, 27.080856323242188, 69.14387512207031, 52.83124542236328, 26.337196350097656, 20.564002990722656, 11.382854461669922, 6.595358371734619, 9.193434715270996, 14.290657997131348, 10.38521671295166, 13.220599174499512, 14.277559280395508, 14.653698921203613, 15.573694229125977, 20.477312088012695, 19.192020416259766, 8.825478553771973, 4.327194690704346, 2.821500539779663, 1.3605091571807861, 0.4725492298603058, 0.12118683010339737, 0.016198931261897087, 0.0004088055284228176, 8.712605631444603e-05], "lowlevel.gfcc.mean": [-91.84032440185547, 74.4579086303711, -87.32280731201172, 26.93603515625, -84.4111099243164, 8.236701011657715, -44.966773986816406, 12.264786720275879, -14.258316040039062, 6.099283695220947, -7.930991172790527, -4.874031066894531, -12.773029327392578], "lowlevel.melbands.mean": [0.008853251114487648, 0.0020389140117913485, 0.0003838829870801419, 0.00024782796390354633, 0.00011849791917484254, 0.00029964346322230995, 0.0006108131492510438, 0.0006970337126404047, 0.000552927958779037, 0.00025663006817921996, 0.00014321229537017643, 7.203666609711945e-05, 7.319182623177767e-05, 3.263326652813703e-05, 3.0120219889795408e-05, 2.8028121960232966e-05, 2.7610922188614495e-05, 1.2632132893486414e-05, 1.2107243492209818e-05, 5.842786322318716e-06, 3.785035687542404e-06, 2.2953206553211203e-06, 2.638440037117107e-06, 4.833078492083587e-06, 4.284495844331104e-06, 2.1726530121668475e-06, 2.6220807285426417e-06, 3.5575617403083015e-06, 3.1048475648276508e-06, 2.478620672263787e-06, 2.5750687200343236e-06, 2.982157411679509e-06, 3.1166332519205753e-06, 4.669563168135937e-06, 4.862647983827628e-06, 3.333004087835434e-06, 1.7949631683222833e-06, 1.2364635040285066e-06, 1.0861521104743588e-06, 9.602625823390554e-07], "lowlevel.melbands.stdev": [0.025324495509266853, 0.005559102166444063, 0.0010616786312311888, 0.0003906167112290859, 0.0004307225171942264, 0.0008038650848902762, 0.001721615670248866, 0.0023830519057810307, 0.001431586337275803, 0.000891735078766942, 0.0006695311749354005, 0.00026581986458040774, 0.0002873034100048244, 0.0001205692533403635, 0.0001225557498401031, 0.00012474269897211343, 0.00010930233838735148, 4.4011027057422325e-05, 4.85945311083924e-05, 1.80780807568226e-05, 1.2146491826570127e-05, 7.52006098991842e-06, 6.895075784996152e-06, 1.0494591151655186e-05, 1.2435966709745117e-05, 7.382498552033212e-06, 7.80526261223713e-06, 9.424992640560959e-06, 9.608042091713287e-06, 8.831649211060721e-06, 9.00781469681533e-06, 9.065183803613763e-06, 9.123825293499976e-06, 1.3379152733250521e-05, 1.2359085303614847e-05, 8.297633030451834e-06, 4.5715764827036764e-06, 3.0811684155196417e-06, 2.73847990683862e-06, 2.3487598355131922e-06], "lowlevel.melbands128.mean": [0.0013144464464858174, 0.010683806613087654, 0.012493204325437546, 0.00476850476115942, 0.0007770679076202214, 0.00022589396394323558, 0.00032455212203785777, 0.0005033431807532907, 0.00039240147452801466, 0.00022423648624680936, 0.0001569364540046081, 0.00015792604244779795, 0.00010169034794671461, 7.82903007348068e-05, 0.00013587181456387043, 0.00046729433233849704, 0.0007941683288663626, 0.0006234935717657208, 0.00041561524267308414, 0.0006578480824828148, 0.0009539863094687462, 0.0004954864853061736, 0.0005499052931554615, 0.0005510281771421432, 0.000259336200542748, 0.00016210640023928136, 0.00015391808119602501, 0.00015965480997692794, 0.00012080911983503029, 7.57783418521285e-05, 5.981958383927122e-05, 4.976847776561044e-05, 7.625807484146208e-05, 9.985699580283836e-05, 3.8491700252052397e-05, 1.3469169971358497e-05, 1.566986793477554e-05, 2.885135472752154e-05, 4.126922067371197e-05, 3.561659104889259e-05, 1.974524093384389e-05, 2.6429650461068377e-05, 3.1300096452469006e-05, 2.919654070865363e-05, 1.3610450878331903e-05, 8.25901770440396e-06, 1.1715890650521033e-05, 1.723734567349311e-05, 9.87554267339874e-06, 4.960011665389175e-06, 5.6406238400086295e-06, 6.5941940192715265e-06, 3.7066654385853326e-06, 2.8380272851791233e-06, 3.0546709695045138e-06, 2.1929095055384096e-06, 1.659381496210699e-06, 2.22608468902763e-06, 2.8507981824077433e-06, 3.6713931876874994e-06, 4.9602886065258645e-06, 5.440386757982196e-06, 6.250462320167571e-06, 3.5136874885211e-06, 1.8999282929144101e-06, 2.170613697671797e-06, 2.281612978549674e-06, 2.2367496512742946e-06, 2.6404302388982615e-06, 3.2742188977863407e-06, 3.2176344575418625e-06, 3.959456080337986e-06, 4.1048488128581084e-06, 2.6622446966939606e-06, 2.345234861422796e-06, 2.7167764073965373e-06, 2.509561682018102e-06, 1.955934976649587e-06, 2.819483597704675e-06, 2.7814630811917596e-06, 2.987438620039029e-06, 3.1657814361096825e-06, 2.821417638187995e-06, 2.950041107396828e-06, 3.4824624890461564e-06, 3.9872284105513245e-06, 5.183181201573461e-06, 5.850563411513576e-06, 4.582213932735613e-06, 4.5851343202230055e-06, 4.0462505239702296e-06, 2.981243824251578e-06, 2.1538330656767357e-06, 1.7865927475213539e-06, 1.5629946119588567e-06, 1.316395014328009e-06, 1.1612551134021487e-06, 1.1117335816379637e-06, 1.1071512062699185e-06, 1.0763195632534917e-06, 9.94993570202496e-07, 8.903879233912448e-07, 1.0142106248167693e-06, 7.972341222739487e-07, 5.547256023419322e-07, 4.508746371811867e-07, 4.916680040878418e-07, 4.411360521316965e-07, 3.256344314195303e-07, 2.3843432472858694e-07, 1.9220446745293884e-07, 1.5845375855860766e-07, 1.325452103628777e-07, 8.436661147470659e-08, 6.525711881977259e-08, 5.707606476335059e-08, 2.4955340904853074e-08, 5.720166562639406e-09, 7.11736170000421e-10, 1.0879192512136537e-11, 9.59654491289319e-12, 8.520504614362157e-12, 7.942747154432439e-12, 7.803204263301389e-12, 7.668793551574016e-12, 7.536038633404463e-12, 7.449991144825585e-12, 7.405959526196604e-12], "lowlevel.melbands128.stdev": [0.0033287848345935345, 0.031213853508234024, 0.03606104850769043, 0.013407781720161438, 0.002723607700318098, 0.0010234819492325187, 0.0011399996001273394, 0.0015951255336403847, 0.0008279430912807584, 0.00043181877117604017, 0.00036805172567255795, 0.0004917393089272082, 0.0006149326218292117, 0.0006493388209491968, 0.0007261303253471851, 0.0014273137785494328, 0.0022071795538067818, 0.002637414028868079, 0.0019822358153760433, 0.002707682317122817, 0.003991973586380482, 0.002178237307816744, 0.001870337058790028, 0.002191501436755061, 0.0012147456873208284, 0.0010196376824751496, 0.0009926926577463746, 0.001053408021107316, 0.0006774046923965216, 0.0004225642769597471, 0.0003170785785187036, 0.0002554097736719996, 0.00041813304414972663, 0.0005207050126045942, 0.00018967108917422593, 6.18050034972839e-05, 7.980286318343133e-05, 0.000142928896821104, 0.00022109206474851817, 0.0003005682956427336, 9.386631427332759e-05, 0.0001336978457402438, 0.00015859422273933887, 0.00016320214490406215, 7.334506517508999e-05, 4.658726174966432e-05, 6.788971222704276e-05, 9.137583401752636e-05, 5.455328937387094e-05, 2.1028468836448155e-05, 2.2567741325474344e-05, 3.341362389619462e-05, 1.376256113871932e-05, 1.2786609659087844e-05, 1.309681283601094e-05, 9.097052497963887e-06, 5.67363485970418e-06, 7.476439350284636e-06, 9.514763405604754e-06, 9.696730558061972e-06, 1.336607056146022e-05, 1.5038663150335196e-05, 2.2230638933251612e-05, 1.281451932300115e-05, 7.130266112653771e-06, 7.790790732542519e-06, 9.083291843126062e-06, 8.12356847745832e-06, 8.4578732639784e-06, 1.0434033356432337e-05, 9.628510269976687e-06, 1.1475241990410723e-05, 1.5721763702458702e-05, 9.176897037832532e-06, 8.389216418436263e-06, 1.0857072993530892e-05, 9.69280972640263e-06, 7.409843419736717e-06, 1.1155181709909812e-05, 9.63972615863895e-06, 1.0088588169310242e-05, 1.0812168511620257e-05, 8.825273653201293e-06, 9.510436029813718e-06, 1.1007000466634054e-05, 1.2361108929326292e-05, 1.6540734577574767e-05, 1.7772936189430766e-05, 1.1913737580471206e-05, 1.2355319086054806e-05, 1.0842040865099989e-05, 8.254448403022252e-06, 5.638102720695315e-06, 5.025113750889432e-06, 4.14242094848305e-06, 3.526217824401101e-06, 3.057914682358387e-06, 3.05542062051245e-06, 3.1038507586345077e-06, 2.8007925720885396e-06, 2.57453848462319e-06, 2.2995509425527416e-06, 2.7651099117065314e-06, 2.159180667149485e-06, 1.66865947903716e-06, 1.242138637280732e-06, 1.2964642337465193e-06, 1.1181571153429104e-06, 8.842463898872666e-07, 6.585214009646734e-07, 5.553254140977515e-07, 4.6685482857355964e-07, 5.390944579630741e-07, 2.789796269553335e-07, 2.1340082412280026e-07, 2.190504204691024e-07, 1.0785815618419292e-07, 6.23430338464459e-08, 9.620662488885046e-09, 6.975866412295417e-11, 4.2415095741210607e-11, 2.433443377358735e-11, 2.0223808738784044e-11, 1.988714054546037e-11, 1.960054341054729e-11, 1.936016451320466e-11, 1.9192713390792093e-11, 1.9089290911877832e-11], "lowlevel.mfcc.mean": [-743.285888671875, 105.15991973876953, 38.6947021484375, 14.387009620666504, -4.724616050720215, -7.3323822021484375, -11.619007110595703, -2.0998833179473877, -8.751617431640625, 9.915050506591797, 2.7946054935455322, 0.9353671073913574, 0.14311742782592773], "lowlevel.spectral_contrast_coeffs.mean": [-0.6644287109375, -0.6684287190437317, -0.7677486538887024, -0.7938650846481323, -0.8063911199569702, -0.7916380763053894], "lowlevel.spectral_contrast_coeffs.stdev": [0.10148347914218903, 0.12061047554016113, 0.09202689677476883, 0.07582060992717743, 0.048997730016708374, 0.05164854973554611], "lowlevel.spectral_contrast_valleys.mean": [-8.233412742614746, -7.620192050933838, -8.814303398132324, -9.086444854736328, -8.765098571777344, -10.653923988342285], "lowlevel.spectral_contrast_valleys.stdev": [1.4161516427993774, 0.8794323801994324, 1.2118815183639526, 1.095199465751648, 1.1197073459625244, 1.3745455741882324], "rhythm.beats_loudness_band_ratio.mean": [0.309762567281723, 0.10235881805419922, 0.3324218988418579, 0.09325680136680603, 0.0564863495528698, 0.16364386677742004], "rhythm.beats_loudness_band_ratio.stdev": [0.4225005507469177, 0.1826578974723816, 0.34788963198661804, 0.19055518507957458, 0.08181760460138321, 0.23404942452907562], "tonal.hpcp.mean": [0.0806158110499382, 0.1134149357676506, 0.12024519592523575, 0.08771565556526184, 0.05264898017048836, 0.0385928750038147, 0.057452984154224396, 0.15791353583335876, 0.20975549519062042, 0.11940852552652359, 0.046760767698287964, 0.03263821825385094, 0.033286623656749725, 0.04774530977010727, 0.06081610545516014, 0.0605553574860096, 0.06506676226854324, 0.060828205198049545, 0.054625190794467926, 0.04684404283761978, 0.03262431174516678, 0.034141454845666885, 0.045265913009643555, 0.04755524918437004, 0.04496805742383003, 0.053225282579660416, 0.05330255255103111, 0.05892765149474144, 0.22563506662845612, 0.3413781523704529, 0.21403254568576813, 0.12109484523534775, 0.13249069452285767, 0.14255966246128082, 0.10006236284971237, 0.06511625647544861], "tonal.hpcp.stdev": [0.22647295892238617, 0.25341054797172546, 0.2626020014286041, 0.21436329185962677, 0.17108561098575592, 0.12989260256290436, 0.16769316792488098, 0.28083670139312744, 0.3467206656932831, 0.23546472191810608, 0.16136766970157623, 0.12718386948108673, 0.1330079734325409, 0.14814861118793488, 0.16972646117210388, 0.1739649772644043, 0.18768848478794098, 0.17974616587162018, 0.1686900407075882, 0.16103842854499817, 0.10768429934978485, 0.12324624508619308, 0.14799730479717255, 0.15347781777381897, 0.1365746259689331, 0.17723140120506287, 0.16362686455249786, 0.16707617044448853, 0.2953149378299713, 0.39594876766204834, 0.28695955872535706, 0.26075565814971924, 0.268572062253952, 0.30042970180511475, 0.23805035650730133, 0.1920354813337326], "rhythm.beats_position": [0.5572788715362549, 1.1377778053283691, 1.7182766199111938, 2.2755556106567383, 2.809614419937134, 3.3320634365081787, 3.8545124530792236, 4.388571262359619, 4.922630310058594, 5.433469295501709, 5.967528343200684, 6.478367328643799, 7.012426376342773, 7.53487491607666, 8.068934440612793, 8.59138298034668, 9.125441551208496, 9.6478910446167, 10.170339584350586, 10.692789077758789, 11.215237617492676, 11.749297142028809, 12.283355712890625, 12.817414283752441, 13.339863777160645, 13.862312316894531, 14.396371841430664, 14.91882038116455, 15.441269874572754, 15.96371841430664, 16.486167907714844, 17.020225524902344, 17.554285049438477, 18.07673454284668, 18.599184036254883, 19.133241653442383, 19.667301177978516, 20.18975067138672, 20.71219825744629, 21.246257781982422, 21.780317306518555, 22.291156768798828, 22.8136043548584, 23.3360538482666, 23.870113372802734, 24.392560958862305, 24.915010452270508, 25.44906997680664, 25.983129501342773, 26.505577087402344, 27.028026580810547, 27.55047607421875, 28.08453369140625, 28.606983184814453, 29.129432678222656, 29.65188217163086, 30.18593978881836, 30.708389282226562, 31.230838775634766, 31.7648983001709, 32.29895782470703, 32.82140350341797, 33.34385299682617, 33.87791442871094, 34.41197204589844], "rhythm.bpm_histogram": [0.0, 0.0, 0.0, 0.0, 0.0, 0.0, 0.0, 0.0, 0.0, 0.0, 0.0, 0.0, 0.0, 0.0, 0.0, 0.0, 0.0, 0.0, 0.0, 0.0, 0.0, 0.0, 0.0, 0.0, 0.0, 0.0, 0.0, 0.0, 0.0, 0.0, 0.0, 0.0, 0.0, 0.0, 0.0, 0.0, 0.0, 0.0, 0.0, 0.0, 0.0, 0.0, 0.0, 0.0, 0.0, 0.0, 0.0, 0.0, 0.0, 0.0, 0.0, 0.0, 0.0, 0.0, 0.0, 0.0, 0.0, 0.0, 0.0, 0.0, 0.0, 0.0, 0.0, 0.0, 0.0, 0.0, 0.0, 0.0, 0.0, 0.0, 0.0, 0.0, 0.0, 0.0, 0.0, 0.0, 0.0, 0.0, 0.0, 0.0, 0.0, 0.0, 0.0, 0.0, 0.0, 0.0, 0.0, 0.0, 0.0, 0.0, 0.0, 0.0, 0.0, 0.0, 0.0, 0.0, 0.0, 0.0, 0.0, 0.0, 0.0, 0.0, 0.0, 0.03125, 0.0, 0.0, 0.0, 0.0, 0.015625, 0.0, 0.0, 0.0, 0.40625, 0.0, 0.0, 0.5, 0.0, 0.046875, 0.0, 0.0, 0.0, 0.0, 0.0, 0.0, 0.0, 0.0, 0.0, 0.0, 0.0, 0.0, 0.0, 0.0, 0.0, 0.0, 0.0, 0.0, 0.0, 0.0, 0.0, 0.0, 0.0, 0.0, 0.0, 0.0, 0.0, 0.0, 0.0, 0.0, 0.0, 0.0, 0.0, 0.0, 0.0, 0.0, 0.0, 0.0, 0.0, 0.0, 0.0, 0.0, 0.0, 0.0, 0.0, 0.0, 0.0, 0.0, 0.0, 0.0, 0.0, 0.0, 0.0, 0.0, 0.0, 0.0, 0.0, 0.0, 0.0, 0.0, 0.0, 0.0, 0.0, 0.0, 0.0, 0.0, 0.0, 0.0, 0.0, 0.0, 0.0, 0.0, 0.0, 0.0, 0.0, 0.0, 0.0, 0.0, 0.0, 0.0, 0.0, 0.0, 0.0, 0.0, 0.0, 0.0, 0.0, 0.0, 0.0, 0.0, 0.0, 0.0, 0.0, 0.0, 0.0, 0.0, 0.0, 0.0, 0.0, 0.0, 0.0, 0.0, 0.0, 0.0, 0.0, 0.0, 0.0, 0.0, 0.0, 0.0, 0.0, 0.0, 0.0, 0.0, 0.0, 0.0, 0.0, 0.0, 0.0, 0.0, 0.0, 0.0, 0.0, 0.0, 0.0, 0.0, 0.0, 0.0, 0.0, 0.0, 0.0, 0.0], "tonal.chords_histogram": [1.4627659320831299, 0.0, 2.127659559249878, 0.664893627166748, 0.664893627166748, 0.0, 0.0, 0.0, 3.457446813583374, 4.920212745666504, 38.82978820800781, 3.8563830852508545, 20.744680404663086, 2.9255318641662598, 0.0, 0.13297872245311737, 0.664893627166748, 8.244680404663086, 0.0, 5.984042644500732, 0.0, 0.0, 3.3244681358337402, 1.9946808815002441], "tonal.thpcp": [1.0, 0.6269661784172058, 0.3547234833240509, 0.3881053626537323, 0.4176004230976105, 0.29311296343803406, 0.19074523448944092, 0.23614811897277832, 0.3322266936302185, 0.3522346019744873, 0.25694572925567627, 0.15422481298446655, 0.11305022239685059, 0.1682971864938736, 0.46257656812667847, 0.6144374012947083, 0.3497837483882904, 0.1369764506816864, 0.095607228577137, 0.09750660508871078, 0.13986046612262726, 0.1781487911939621, 0.17738498747348785, 0.19060024619102478, 0.17818424105644226, 0.16001373529434204, 0.1372203826904297, 0.09556648880243301, 0.10001066327095032, 0.13259756565093994, 0.13930372893810272, 0.13172505795955658, 0.15591296553611755, 0.1561393141746521, 0.17261694371700287, 0.6609534621238708], "lowlevel.gfcc.cov": [[9570.375, -1666.1805419921875, -1044.6904296875, -442.13458251953125, -491.16754150390625, 579.92919921875, 175.3668975830078, 710.1126708984375, -183.25216674804688, 413.5688171386719, -269.6013488769531, 199.40866088867188, -276.3932800292969], [-1666.1805419921875, 3391.498779296875, 289.4037780761719, -231.2596435546875, 1202.1728515625, 231.70925903320312, 816.7579345703125, 73.28265380859375, 331.52410888671875, -216.5623321533203, 473.9172668457031, -283.8954162597656, 319.5564270019531], [-1044.6904296875, 289.4037780761719, 2303.137939453125, 848.0116577148438, 778.1103515625, 438.9885559082031, 252.24432373046875, 194.8893585205078, 267.066162109375, 139.17752075195312, 93.7153549194336, 165.28768920898438, 110.54376983642578], [-442.13458251953125, -231.2596435546875, 848.0116577148438, 1364.884521484375, 393.31365966796875, 58.35660171508789, 41.475730895996094, 39.33156967163086, 262.48394775390625, 97.25188446044922, 57.56651306152344, 108.34506225585938, 168.7821807861328], [-491.16754150390625, 1202.1728515625, 778.1103515625, 393.31365966796875, 1430.8052978515625, 448.03515625, 530.47021484375, 223.4723358154297, 262.4928894042969, 63.23512268066406, 192.49429321289062, -1.8386778831481934, 186.9732208251953], [579.92919921875, 231.70925903320312, 438.9885559082031, 58.35660171508789, 448.03515625, 720.8602294921875, 490.69683837890625, 150.71539306640625, 31.811429977416992, 77.89664459228516, 110.5737075805664, 29.098926544189453, 46.60188674926758], [175.3668975830078, 816.7579345703125, 252.24432373046875, 41.475730895996094, 530.47021484375, 490.69683837890625, 830.4526977539062, 160.22703552246094, 77.21558380126953, -10.390544891357422, 213.88352966308594, -14.615987777709961, 87.71006774902344], [710.1126708984375, 73.28265380859375, 194.8893585205078, 39.33156967163086, 223.4723358154297, 150.71539306640625, 160.22703552246094, 332.3813171386719, 105.94746398925781, 71.05620574951172, 15.96052074432373, 43.56560516357422, 21.02871322631836], [-183.25216674804688, 331.52410888671875, 267.066162109375, 262.48394775390625, 262.4928894042969, 31.811429977416992, 77.21558380126953, 105.94746398925781, 319.9263610839844, 82.84440612792969, 64.54051208496094, -15.146944046020508, 99.6552734375], [413.5688171386719, -216.5623321533203, 139.17752075195312, 97.25188446044922, 63.23512268066406, 77.89664459228516, -10.390544891357422, 71.05620574951172, 82.84440612792969, 212.5259552001953, 16.508331298828125, 37.15410614013672, -25.60451316833496], [-269.6013488769531, 473.9172668457031, 93.7153549194336, 57.56651306152344, 192.49429321289062, 110.5737075805664, 213.88352966308594, 15.96052074432373, 64.54051208496094, 16.508331298828125, 238.5775909423828, 12.658018112182617, 67.9195785522461], [199.40866088867188, -283.8954162597656, 165.28768920898438, 108.34506225585938, -1.8386778831481934, 29.098926544189453, -14.615987777709961, 43.56560516357422, -15.146944046020508, 37.15410614013672, 12.658018112182617, 165.02206420898438, 4.856570243835449], [-276.3932800292969, 319.5564270019531, 110.54376983642578, 168.7821807861328, 186.9732208251953, 46.60188674926758, 87.71006774902344, 21.02871322631836, 99.6552734375, -25.60451316833496, 67.9195785522461, 4.856570243835449, 141.61007690429688]], "lowlevel.gfcc.icov": [[0.00019557874475140125, -2.1301306333043613e-05, 0.00016318030247930437, -6.037912316969596e-05, 9.19153171707876e-05, -0.0002187874779338017, -7.339500825764844e-06, -0.00042859261156991124, 0.00010776703857118264, -0.000293117540422827, 0.00023213007079903036, -0.00019129441352561116, 0.0001595991780050099], [-2.1301306333043613e-05, 0.0012994169956073165, -0.00024985222262330353, 0.0006913538672961295, -0.0007516635814681649, 0.0006706444546580315, -0.0005629107472486794, 0.00019604460976552218, -0.0005723137292079628, 0.000990352244116366, -0.0015346088912338018, 0.0017083518905565143, -0.0012522436445578933], [0.00016318030247930437, -0.00024985222262330353, 0.0009277831413783133, -0.0005167840863578022, -4.758699651574716e-05, -0.0006898888968862593, 0.0002549390192143619, -0.0003987576928921044, -0.00016915920423343778, -0.00022430870740208775, 0.0004683871811721474, -0.0009940855670720339, 0.000853109173476696], [-6.037912316969596e-05, 0.0006913538672961295, -0.0005167840863578022, 0.0016043927753344178, -0.0004716042603831738, 0.0006231724983081222, -0.00035276784910820425, 0.0005894712521694601, -0.0007713996456004679, 0.00017969861801248044, -0.0005691205733455718, 0.00041006034007295966, -0.0018039726419374347], [9.19153171707876e-05, -0.0007516635814681649, -4.758699651574716e-05, -0.0004716042603831738, 0.0017741963965818286, -0.0007041524513624609, -7.21552423783578e-05, -0.0006123905186541378, 0.00013752155064139515, -0.000788105942774564, 0.0008105689776130021, -0.0006166400271467865, -0.00010723726154537871], [-0.0002187874779338017, 0.0006706444546580315, -0.0006898888968862593, 0.0006231724983081222, -0.0007041524513624609, 0.003542725695297122, -0.0018603657372295856, 0.00032405441743321717, 0.0006303556729108095, -0.0005902794073335826, -0.0006297625368461013, 0.0011021593818441033, -0.001562677789479494], [-7.339500825764844e-06, -0.0005629107472486794, 0.0002549390192143619, -0.00035276784910820425, -7.21552423783578e-05, -0.0018603657372295856, 0.0031774246599525213, -0.0007759007276035845, 0.00011742691276594996, 0.0007534720352850854, -0.0011156509863212705, -0.0002704295329749584, 0.0009300317033194005], [-0.00042859261156991124, 0.00019604460976552218, -0.0003987576928921044, 0.0005894712521694601, -0.0006123905186541378, 0.00032405441743321717, -0.0007759007276035845, 0.005351194646209478, -0.0018040079157799482, 6.914740515640005e-05, 0.0003981661284342408, -0.0008848040015436709, -0.00016094633610919118], [0.00010776703857118264, -0.0005723137292079628, -0.00016915920423343778, -0.0007713996456004679, 0.00013752155064139515, 0.0006303556729108095, 0.00011742691276594996, -0.0018040079157799482, 0.006809270475059748, -0.0033069211058318615, 0.00036300980718806386, 0.001375524210743606, -0.00325166922993958], [-0.000293117540422827, 0.000990352244116366, -0.00022430870740208775, 0.00017969861801248044, -0.000788105942774564, -0.0005902794073335826, 0.0007534720352850854, 6.914740515640005e-05, -0.0033069211058318615, 0.008642642758786678, -0.0026035751216113567, 0.00016913184663280845, 0.003044653683900833], [0.00023213007079903036, -0.0015346088912338018, 0.0004683871811721474, -0.0005691205733455718, 0.0008105689776130021, -0.0006297625368461013, -0.0011156509863212705, 0.0003981661284342408, 0.00036300980718806386, -0.0026035751216113567, 0.008515001274645329, -0.0031127629335969687, -0.0007058061310090125], [-0.00019129441352561116, 0.0017083518905565143, -0.0009940855670720339, 0.00041006034007295966, -0.0006166400271467865, 0.0011021593818441033, -0.0002704295329749584, -0.0008848040015436709, 0.001375524210743606, 0.00016913184663280845, -0.0031127629335969687, 0.010379762388765812, -0.002991243964061141], [0.0001595991780050099, -0.0012522436445578933, 0.000853109173476696, -0.0018039726419374347, -0.00010723726154537871, -0.001562677789479494, 0.0009300317033194005, -0.00016094633610919118, -0.00325166922993958, 0.003044653683900833, -0.0007058061310090125, -0.002991243964061141, 0.015066730789840221]], "lowlevel.mfcc.cov": [[9705.4560546875, -1697.7784423828125, -1114.20947265625, -898.2813720703125, -807.6919555664062, -213.20651245117188, 124.7083511352539, 143.8060302734375, 91.73490905761719, 272.80413818359375, 114.6194839477539, 59.48540115356445, 84.77662658691406], [-1697.7784423828125, 3484.813232421875, -319.0032653808594, -169.5073699951172, 492.1571960449219, 265.4952697753906, 806.1162719726562, 365.041259765625, 287.98614501953125, 244.85899353027344, 179.22372436523438, 226.4725799560547, 9.591312408447266], [-1114.20947265625, -319.0032653808594, 1630.8021240234375, 525.2637939453125, 375.691650390625, 317.0360107421875, 67.45868682861328, 144.63722229003906, 169.3780059814453, 44.29570388793945, 81.85649108886719, 96.1834945678711, 129.50428771972656], [-898.2813720703125, -169.5073699951172, 525.2637939453125, 1175.9183349609375, 559.3552856445312, 219.7407989501953, -42.380462646484375, 87.69164276123047, 209.21002197265625, 25.0375919342041, 63.46055221557617, 91.65218353271484, 122.5905990600586], [-807.6919555664062, 492.1571960449219, 375.691650390625, 559.3552856445312, 962.5042724609375, 301.6076965332031, 170.4198455810547, 145.50975036621094, 284.4831237792969, 159.9996337890625, 89.04447174072266, 105.18878936767578, 98.51776885986328], [-213.20651245117188, 265.4952697753906, 317.0360107421875, 219.7407989501953, 301.6076965332031, 611.237060546875, 421.5310974121094, 204.02267456054688, 176.9645233154297, 152.68319702148438, 122.83963012695312, 103.18673706054688, 44.837242126464844], [124.7083511352539, 806.1162719726562, 67.45868682861328, -42.380462646484375, 170.4198455810547, 421.5310974121094, 799.34716796875, 373.4492492675781, 173.08236694335938, 184.05255126953125, 151.23056030273438, 133.2098388671875, 33.598419189453125], [143.8060302734375, 365.041259765625, 144.63722229003906, 87.69164276123047, 145.50975036621094, 204.02267456054688, 373.4492492675781, 357.68267822265625, 191.7347412109375, 98.22174072265625, 82.41254425048828, 84.59365844726562, 54.7333869934082], [91.73490905761719, 287.98614501953125, 169.3780059814453, 209.21002197265625, 284.4831237792969, 176.9645233154297, 173.08236694335938, 191.7347412109375, 333.7454528808594, 153.30406188964844, 89.00399780273438, 85.23348236083984, 53.06092834472656], [272.80413818359375, 244.85899353027344, 44.29570388793945, 25.0375919342041, 159.9996337890625, 152.68319702148438, 184.05255126953125, 98.22174072265625, 153.30406188964844, 266.8230285644531, 126.59178161621094, 63.20745086669922, 37.861534118652344], [114.6194839477539, 179.22372436523438, 81.85649108886719, 63.46055221557617, 89.04447174072266, 122.83963012695312, 151.23056030273438, 82.41254425048828, 89.00399780273438, 126.59178161621094, 183.18765258789062, 86.31403350830078, 30.403770446777344], [59.48540115356445, 226.4725799560547, 96.1834945678711, 91.65218353271484, 105.18878936767578, 103.18673706054688, 133.2098388671875, 84.59365844726562, 85.23348236083984, 63.20745086669922, 86.31403350830078, 164.06565856933594, 72.87716674804688], [84.77662658691406, 9.591312408447266, 129.50428771972656, 122.5905990600586, 98.51776885986328, 44.837242126464844, 33.598419189453125, 54.7333869934082, 53.06092834472656, 37.861534118652344, 30.403770446777344, 72.87716674804688, 132.4266815185547]], "lowlevel.mfcc.icov": [[0.00017729522369336337, 0.00015853553486522287, 0.00014332924911286682, 0.00011979262490058318, 6.813614891143516e-05, 7.221309351734817e-05, -9.241003135684878e-05, -7.65596196288243e-05, -0.00018399690452497452, -0.0001675884850556031, -3.738255691132508e-05, -0.0001465758541598916, -0.00018520971934776753], [0.00015853553486522287, 0.0006107172812335193, 0.000232885213335976, 0.0002312551368959248, -0.00023444404359906912, 0.00030847982270643115, -0.0005734573933295906, 4.694446033681743e-06, -0.0003152618883177638, -0.00011481437832117081, -1.527671338408254e-05, -0.0005781080690212548, 0.00010677075624698773], [0.00014332924911286682, 0.000232885213335976, 0.0009554588468745351, -4.720624929177575e-05, -8.44765963847749e-05, -0.0003079520247410983, 0.00010014305007643998, -0.0003185473324265331, -0.00018318781803827733, 8.781461656326428e-05, -0.0002290694828843698, -0.00015476378030143678, -0.0005398782668635249], [0.00011979262490058318, 0.0002312551368959248, -4.720624929177575e-05, 0.001585590885952115, -0.000676419585943222, -0.00025062478380277753, 0.00034072381095029414, -0.0002075210795737803, -0.0005383218522183597, 0.000582051114179194, -0.00045099397539161146, -0.0002146728802472353, -0.0006567285163328052], [6.813614891143516e-05, -0.00023444404359906912, -8.44765963847749e-05, -0.000676419585943222, 0.002083172556012869, -0.00043904376798309386, 8.274047286249697e-05, 0.0003360890841577202, -0.0009268979192711413, -0.0005638212314806879, 0.00037177259218879044, 0.00016048364341259003, -0.000519939640071243], [7.221309351734817e-05, 0.00030847982270643115, -0.0003079520247410983, -0.00025062478380277753, -0.00043904376798309386, 0.003546447493135929, -0.002091611735522747, 0.0006233103922568262, -0.00046762789133936167, -0.00044238055124878883, -0.00020299020980019122, -0.00037445605266839266, 0.00043002836173400283], [-9.241003135684878e-05, -0.0005734573933295906, 0.00010014305007643998, 0.00034072381095029414, 8.274047286249697e-05, -0.002091611735522747, 0.004651146940886974, -0.003653681604191661, 0.0014851619489490986, -0.0007640312542207539, -0.00038419963675551116, -0.0006564307259395719, 0.0007368383230641484], [-7.65596196288243e-05, 4.694446033681743e-06, -0.0003185473324265331, -0.0002075210795737803, 0.0003360890841577202, 0.0006233103922568262, -0.003653681604191661, 0.00793464109301567, -0.003450562711805105, 0.0013121706433594227, -0.0001581830292707309, 0.0006656450568698347, -0.0015838425606489182], [-0.00018399690452497452, -0.0003152618883177638, -0.00018318781803827733, -0.0005383218522183597, -0.0009268979192711413, -0.00046762789133936167, 0.0014851619489490986, -0.003450562711805105, 0.007180716842412949, -0.002591172233223915, 0.000398733391193673, -0.0010413476265966892, 0.001060525537468493], [-0.0001675884850556031, -0.00011481437832117081, 8.781461656326428e-05, 0.000582051114179194, -0.0005638212314806879, -0.00044238055124878883, -0.0007640312542207539, 0.0013121706433594227, -0.002591172233223915, 0.007841978222131729, -0.004047762602567673, 0.0014963786816224456, -0.001386346179060638], [-3.738255691132508e-05, -1.527671338408254e-05, -0.0002290694828843698, -0.00045099397539161146, 0.00037177259218879044, -0.00020299020980019122, -0.00038419963675551116, -0.0001581830292707309, 0.000398733391193673, -0.004047762602567673, 0.010367948561906815, -0.004050535149872303, 0.001467790687456727], [-0.0001465758541598916, -0.0005781080690212548, -0.00015476378030143678, -0.0002146728802472353, 0.00016048364341259003, -0.00037445605266839266, -0.0006564307259395719, 0.0006656450568698347, -0.0010413476265966892, 0.0014963786816224456, -0.004050535149872303, 0.011905951425433159, -0.005248105153441429], [-0.00018520971934776753, 0.00010677075624698773, -0.0005398782668635249, -0.0006567285163328052, -0.000519939640071243, 0.00043002836173400283, 0.0007368383230641484, -0.0015838425606489182, 0.001060525537468493, -0.001386346179060638, 0.001467790687456727, -0.005248105153441429, 0.012029558420181274]], "metadata.audio_properties.analysis.downmix": "mix", "metadata.audio_properties.codec": "mp3", "metadata.audio_properties.md5_encoded": "886459b4d821c192159a512495224695", "metadata.tags.file_name": "1182275191632572438.mp3", "metadata.version.essentia": "2.1-beta6-dev", "metadata.version.essentia_git_sha": "v2.1_beta5-1110-g77a6a954", "metadata.version.extractor": "music 2.0", "tonal.chords_key": "B", "tonal.chords_scale": "minor", "tonal.key_edma.key": "C", "tonal.key_edma.scale": "minor", "tona