{"song_id": "1182282940818923672", "download": "https://cdn.discordapp.com/attachments/1135911532732108921/1182282940818923672/chirp.mp4?ex=658421ca&amp", "lyrics": "\u3075\u307f\u3075\u307f\u30de\u30a4\u30cb\u30f3\u30b0\n\n\u30de\u30a4\u30cb\u30f3\u30b0\u3000\u4e00\u6b69\u8e0f\u307f\u51fa\u3059\u524d\u306b\n\u30b7\u30e3\u30a4\u30cb\u30f3\u30b0\u3000\u3057\u3083\u306b\u3080\u306b\u524d\u306b\n\u4ffa\u3058\u307e\u3044\u3000\u5e97\u3058\u307e\u3044\n\u6bce\u65e5\u3000\u6bce\u56de\u3000\u6bce\u79d2\u3000my mine\n\u308f\u304b\u3089\u305a\u3058\u307e\u3044\u3067\u3000\u3066\u3093\u3066\u3053my mind", "style": ["japanese anime</span><span>, kirakira pop</span><span>, female vocal"], "essentia_features": {"lowlevel.average_loudness": 0.5726907253265381, "lowlevel.barkbands_crest.mean": 12.754883766174316, "lowlevel.barkbands_crest.stdev": 4.5668721199035645, "lowlevel.barkbands_flatness_db.mean": 0.20394237339496613, "lowlevel.barkbands_flatness_db.stdev": 0.042591895908117294, "lowlevel.barkbands_kurtosis.mean": 4.743252277374268, "lowlevel.barkbands_kurtosis.stdev": 6.979907035827637, "lowlevel.barkbands_skewness.mean": 1.7654129266738892, "lowlevel.barkbands_skewness.stdev": 1.0640244483947754, "lowlevel.barkbands_spread.mean": 12.412805557250977, "lowlevel.barkbands_spread.stdev": 5.567447185516357, "lowlevel.dissonance.mean": 0.44889652729034424, "lowlevel.dissonance.stdev": 0.03270852193236351, "lowlevel.dynamic_complexity": 6.174029350280762, "lowlevel.erbbands_crest.mean": 12.178059577941895, "lowlevel.erbbands_crest.stdev": 4.790160655975342, "lowlevel.erbbands_flatness_db.mean": 0.2405913919210434, "lowlevel.erbbands_flatness_db.stdev": 0.04879457876086235, "lowlevel.erbbands_kurtosis.mean": 0.9720917344093323, "lowlevel.erbbands_kurtosis.stdev": 2.2631072998046875, "lowlevel.erbbands_skewness.mean": 0.9381963014602661, "lowlevel.erbbands_skewness.stdev": 0.6979591846466064, "lowlevel.erbbands_spread.mean": 26.338712692260742, "lowlevel.erbbands_spread.stdev": 9.669113159179688, "lowlevel.hfc.mean": 14.242289543151855, "lowlevel.hfc.stdev": 20.670717239379883, "lowlevel.loudness_ebu128.integrated": -24.21552848815918, "lowlevel.loudness_ebu128.loudness_range": 13.109527587890625, "lowlevel.loudness_ebu128.momentary.mean": -28.18718910217285, "lowlevel.loudness_ebu128.momentary.stdev": 6.5931501388549805, "lowlevel.loudness_ebu128.short_term.mean": -27.267454147338867, "lowlevel.loudness_ebu128.short_term.stdev": 5.261971950531006, "lowlevel.melbands_crest.mean": 15.193360328674316, "lowlevel.melbands_crest.stdev": 5.13944673538208, "lowlevel.melbands_flatness_db.mean": 0.20921583473682404, "lowlevel.melbands_flatness_db.stdev": 0.04433058574795723, "lowlevel.melbands_kurtosis.mean": 10.50710391998291, "lowlevel.melbands_kurtosis.stdev": 11.794075965881348, "lowlevel.melbands_skewness.mean": 2.383615255355835, "lowlevel.melbands_skewness.stdev": 1.2045481204986572, "lowlevel.melbands_spread.mean": 16.654644012451172, "lowlevel.melbands_spread.stdev": 9.950578689575195, "lowlevel.pitch_salience.mean": 0.49385538697242737, "lowlevel.pitch_salience.stdev": 0.11825864762067795, "lowlevel.silence_rate_20dB.mean": 1.0, "lowlevel.silence_rate_20dB.stdev": 0.0, "lowlevel.silence_rate_30dB.mean": 0.9965237379074097, "lowlevel.silence_rate_30dB.stdev": 0.05885672941803932, "lowlevel.silence_rate_60dB.mean": 0.3522595465183258, "lowlevel.silence_rate_60dB.stdev": 0.477672815322876, "lowlevel.spectral_centroid.mean": 1299.4775390625, "lowlevel.spectral_centroid.stdev": 606.3157958984375, "lowlevel.spectral_complexity.mean": 8.791425704956055, "lowlevel.spectral_complexity.stdev": 5.370675563812256, "lowlevel.spectral_decrease.mean": -3.0384197380328715e-09, "lowlevel.spectral_decrease.stdev": 3.954571337061452e-09, "lowlevel.spectral_energy.mean": 0.01275952160358429, "lowlevel.spectral_energy.stdev": 0.01659981720149517, "lowlevel.spectral_energyband_high.mean": 0.0004741145530715585, "lowlevel.spectral_energyband_high.stdev": 0.000959346944000572, "lowlevel.spectral_energyband_low.mean": 1.550711203890387e-05, "lowlevel.spectral_energyband_low.stdev": 7.495810132240877e-05, "lowlevel.spectral_energyband_middle_high.mean": 0.004949317779392004, "lowlevel.spectral_energyband_middle_high.stdev": 0.009473621845245361, "lowlevel.spectral_energyband_middle_low.mean": 0.007457156665623188, "lowlevel.spectral_energyband_middle_low.stdev": 0.011932210065424442, "lowlevel.spectral_entropy.mean": 7.139739036560059, "lowlevel.spectral_entropy.stdev": 0.3893844485282898, "lowlevel.spectral_flux.mean": 0.03632938861846924, "lowlevel.spectral_flux.stdev": 0.028176235035061836, "lowlevel.spectral_kurtosis.mean": 4.643123149871826, "lowlevel.spectral_kurtosis.stdev": 2.174227714538574, "lowlevel.spectral_rms.mean": 0.002925787353888154, "lowlevel.spectral_rms.stdev": 0.001971823861822486, "lowlevel.spectral_rolloff.mean": 1458.714111328125, "lowlevel.spectral_rolloff.stdev": 950.8305053710938, "lowlevel.spectral_skewness.mean": 1.5465792417526245, "lowlevel.spectral_skewness.stdev": 0.3596654236316681, "lowlevel.spectral_spread.mean": 3827407.75, "lowlevel.spectral_spread.stdev": 644719.5625, "lowlevel.spectral_strongpeak.mean": 1.580519676208496, "lowlevel.spectral_strongpeak.stdev": 1.6851377487182617, "lowlevel.zerocrossingrate.mean": 0.057116176933050156, "lowlevel.zerocrossingrate.stdev": 0.026442747563123703, "metadata.audio_properties.analysis.equal_loudness": 0.0, "metadata.audio_properties.analysis.length": 40.04265213012695, "metadata.audio_properties.analysis.sample_rate": 44100.0, "metadata.audio_properties.analysis.start_time": 0.0, "metadata.audio_properties.bit_rate": 112259.0, "metadata.audio_properties.length": 40.042667388916016, "metadata.audio_properties.lossless": 0.0, "metadata.audio_properties.number_channels": 1.0, "metadata.audio_properties.replay_gain": -4.756811141967773, "metadata.audio_properties.sample_rate": 48000.0, "rhythm.beats_count": 71.0, "rhythm.beats_loudness.mean": 0.022603847086429596, "rhythm.beats_loudness.stdev": 0.026381444185972214, "rhythm.bpm": 129.53709411621094, "rhythm.bpm_histogram_first_peak_bpm": 129.0, "rhythm.bpm_histogram_first_peak_weight": 0.5454545021057129, "rhythm.bpm_histogram_second_peak_bpm": 96.0, "rhythm.bpm_histogram_second_peak_spread": 0.6666666865348816, "rhythm.bpm_histogram_second_peak_weight": 0.10000000149011612, "rhythm.danceability": 1.0026837587356567, "rhythm.onset_rate": 2.7712297439575195, "tonal.chords_changes_rate": 0.08101851493120193, "tonal.chords_number_rate": 0.019675925374031067, "tonal.chords_strength.mean": 0.42814186215400696, "tonal.chords_strength.stdev": 0.09456408023834229, "tonal.hpcp_crest.mean": 16.029233932495117, "tonal.hpcp_crest.stdev": 6.945676803588867, "tonal.hpcp_entropy.mean": 1.625063419342041, "tonal.hpcp_entropy.stdev": 0.7054849863052368, "tonal.key_edma.strength": 0.5213562846183777, "tonal.key_krumhansl.strength": 0.5436421632766724, "tonal.key_temperley.strength": 0.5656560659408569, "tonal.tuning_diatonic_strength": 0.29664549231529236, "tonal.tuning_equal_tempered_deviation": 0.03344980627298355, "tonal.tuning_frequency": 438.7310485839844, "tonal.tuning_nontempered_energy_ratio": 0.6396337747573853, "lowlevel.barkbands.mean": [3.0324207500598277e-07, 6.906005296514195e-07, 7.0536002567678224e-06, 3.546125299180858e-05, 0.000970096793025732, 0.0011311218841001391, 0.0009448087657801807, 0.0010724012972787023, 0.0029944113921374083, 0.00081397476606071, 0.0014150523347780108, 0.0005183418979868293, 0.0003325360012240708, 0.0004653602954931557, 0.0003741772670764476, 0.0003723622940015048, 0.00033475301461294293, 0.00013440985640045255, 0.0002078015386359766, 0.0002961106365546584, 0.00014351957361213863, 9.035488619701937e-05, 7.519448990933597e-05, 2.110233617713675e-05, 6.335142643365543e-06, 1.7954624809135566e-06, 1.320462739151651e-09], "lowlevel.barkbands.stdev": [7.833432960069331e-07, 1.9545568648027256e-06, 4.820508911507204e-05, 0.00010687814938137308, 0.002211163518950343, 0.0036016504745930433, 0.00431187404319644, 0.0030390426982194185, 0.008646231144666672, 0.0027119198348373175, 0.005495995748788118, 0.0021563589107245207, 0.0008692645351402462, 0.001428396673873067, 0.0010316448751837015, 0.001455269055441022, 0.0011264827335253358, 0.0003017642884515226, 0.0005301100318320096, 0.0007458851323463023, 0.000303113367408514, 0.00022190541494637728, 0.00021110438683535904, 5.800246799481101e-05, 1.4411030861083418e-05, 5.1270540097902995e-06, 8.444495769310834e-09], "lowlevel.erbbands.mean": [2.01755428861361e-05, 0.0002899790706578642, 0.005951108876615763, 0.07265292853116989, 0.9557033181190491, 3.620168685913086, 6.100700855255127, 10.991147994995117, 16.252004623413086, 14.498162269592285, 28.32535743713379, 65.0748062133789, 49.074581146240234, 29.958364486694336, 52.74344253540039, 21.757671356201172, 16.68619155883789, 22.887466430664062, 14.763138771057129, 27.897300720214844, 20.755226135253906, 14.704469680786133, 9.322563171386719, 9.316588401794434, 11.71721363067627, 14.446786880493164, 7.385782241821289, 4.373450756072998, 2.794618606567383, 3.9790704250335693, 1.8353826999664307, 0.5778846740722656, 0.26684698462486267, 0.10222329944372177, 0.03510627523064613, 0.014105712994933128, 0.002237661276012659, 0.00011187038035131991, 1.1212540812266525e-05, 1.628180507395882e-05], "lowlevel.erbbands.stdev": [4.891529169981368e-05, 0.0010043646907433867, 0.03291244059801102, 0.20124958455562592, 2.482163906097412, 8.884980201721191, 17.06664276123047, 37.33205032348633, 72.61085510253906, 36.59023666381836, 70.25345611572266, 158.6974639892578, 155.72848510742188, 172.36045837402344, 159.995361328125, 70.46803283691406, 41.9865608215332, 72.89491271972656, 34.66374969482422, 77.62151336669922, 57.282405853271484, 49.92900466918945, 19.89369010925293, 22.232362747192383, 28.97820281982422, 37.43354797363281, 15.289220809936523, 9.913129806518555, 6.750235557556152, 10.423017501831055, 5.072999000549316, 1.5128895044326782, 0.678280234336853, 0.24334967136383057, 0.07787133753299713, 0.035094425082206726, 0.008764276280999184, 0.0004232634964864701, 1.6426511137979105e-05, 2.119304917869158e-05], "lowlevel.gfcc.mean": [-108.59705352783203, 60.398006439208984, -183.65487670898438, -2.018777370452881, -101.33403778076172, -10.886702537536621, -52.56433868408203, -5.001880168914795, -31.28185272216797, -7.469219207763672, -22.512592315673828, -11.484277725219727, -7.4361114501953125], "lowlevel.melbands.mean": [1.7302821220255282e-07, 2.300742380612064e-06, 3.315885624033399e-05, 0.00016044863150455058, 0.00021467363694682717, 0.0002453859196975827, 0.0002332292788196355, 0.0001710907818051055, 0.0002565949980635196, 0.00043345382437109947, 0.00023832605802454054, 0.00011146604083478451, 0.00018742108659353107, 8.540873386664316e-05, 3.521706094034016e-05, 3.327260128571652e-05, 4.6412373194471e-05, 2.4260189093183726e-05, 2.511880302336067e-05, 4.061633808305487e-05, 2.1653018848155625e-05, 1.61703210324049e-05, 1.1462884685897734e-05, 7.1073354774853215e-06, 7.1996537371887825e-06, 8.483844794682227e-06, 9.097442671190947e-06, 9.879833669401705e-06, 4.92438221044722e-06, 3.7136953778826864e-06, 2.0704583221231587e-06, 1.5599911193930893e-06, 1.6956197441686527e-06, 2.347246436329442e-06, 1.2605877373061958e-06, 4.254479222254304e-07, 3.2459703902532056e-07, 2.0025426294978388e-07, 1.3119537811689952e-07, 7.200874563295656e-08], "lowlevel.melbands.stdev": [4.663835397877847e-07, 1.3173594197724015e-05, 9.28024310269393e-05, 0.0003541085752658546, 0.0005527343600988388, 0.0007930226274766028, 0.0010087277041748166, 0.0004495905013754964, 0.0005996592808514833, 0.0011639490257948637, 0.0007911315769888461, 0.0006517904694192111, 0.0006386249442584813, 0.00030141446040943265, 0.0001098677676054649, 8.152207010425627e-05, 0.00016426922229584306, 6.495309935417026e-05, 7.449187251040712e-05, 0.00014693084813188761, 6.676845077890903e-05, 6.269383447943255e-05, 3.4965600207215175e-05, 1.7613963791518472e-05, 2.0353403670014814e-05, 2.2901354896021076e-05, 2.846568349923473e-05, 2.7189911634195596e-05, 1.1639039257715922e-05, 9.083451004698873e-06, 5.27659085491905e-06, 4.175376034254441e-06, 5.033065463067032e-06, 6.596023013116792e-06, 4.04119282393367e-06, 9.755952987688943e-07, 1.1289513395240647e-06, 5.430326268651697e-07, 3.476236827282264e-07, 1.7945552599485382e-07], "lowlevel.melbands128.mean": [1.1432159396917996e-07, 1.195720358282415e-07, 1.6504159816577157e-07, 3.323952171285782e-07, 1.2722700830636313e-06, 4.29927786171902e-06, 7.057257789711002e-06, 2.3558863176731393e-05, 9.412259532837197e-05, 0.00015211723803076893, 0.00020480139937717468, 0.00027030595811083913, 0.00021894610836170614, 0.0001451064890716225, 0.00021327179274521768, 0.0003313580818939954, 0.0003019769210368395, 0.00023875499027781188, 0.00011295205331407487, 0.00014389054558705539, 0.00021042329899501055, 0.00021294961334206164, 0.00021919836581218988, 0.00034580897772684693, 0.00044520245864987373, 0.00047389205428771675, 0.00042687475797720253, 0.00016686457092873752, 0.00015709111175965518, 5.965914169792086e-05, 0.00010660657426342368, 0.00017898922669701278, 0.00021847992320545018, 0.00019229778263252228, 9.284382394980639e-05, 6.617268081754446e-05, 4.428393003763631e-05, 2.029377719736658e-05, 4.8096644604811445e-05, 3.412523801671341e-05, 3.0565293855033815e-05, 2.5775985704967752e-05, 5.041160329710692e-05, 5.1862356485798955e-05, 4.179403913440183e-05, 1.5002761756477412e-05, 1.334514126938302e-05, 1.566654464113526e-05, 2.9999471735209227e-05, 5.473219425766729e-05, 4.820149842998944e-05, 1.93503474292811e-05, 2.2129037461127155e-05, 2.4034799935179763e-05, 1.955618427018635e-05, 1.4238560652302112e-05, 9.677355592430104e-06, 2.171801133954432e-05, 6.679586022073636e-06, 6.023183232173324e-06, 8.620335393061396e-06, 4.47652655566344e-06, 8.260616596089676e-06, 6.137752279755659e-06, 1.0912632205872796e-05, 7.086414370860439e-06, 6.621206921408884e-06, 1.1860416634590365e-05, 5.102814611745998e-06, 1.5169235666689929e-05, 4.631281626643613e-06, 1.6702464563422836e-05, 2.7304313334752806e-06, 3.2939669836196117e-06, 4.35211086369236e-06, 4.6338591346284375e-06, 3.313363322376972e-06, 2.379638544880436e-06, 2.182399157391046e-06, 1.1234088788114605e-06, 1.9005220792678301e-06, 1.1877203860422014e-06, 1.7091227846322e-06, 8.066156169661554e-07, 3.3347419048368465e-06, 1.7748626532920753e-06, 3.1930001114233164e-06, 1.1012692766598775e-06, 1.5884716049185954e-06, 6.439765911636641e-07, 5.179438744562503e-07, 3.768626584133017e-07, 3.104270831499889e-07, 2.0800813160803955e-07, 5.449398372547876e-07, 1.4201181386397366e-07, 1.5908041461898392e-07, 1.6038626426961855e-07, 1.763320653935807e-07, 7.613465413669473e-08, 8.592210321012317e-08, 6.926010343022426e-08, 6.557331744261319e-08, 3.6090103350261415e-08, 3.763426192904262e-08, 3.003954773816986e-08, 3.775813794959504e-08, 1.771216417978394e-08, 3.476109355915469e-08, 1.712681552135109e-08, 1.5481795401228737e-08, 7.71435804125531e-09, 4.568037059726748e-09, 3.4549354488433437e-09, 1.8449327621183897e-09, 3.101099377289529e-10, 4.0577877863379186e-11, 4.229222007323674e-12, 2.58040355576028e-12, 2.5200915573092564e-12, 2.442964667365155e-12, 2.4122578934360206e-12, 2.390490800099898e-12, 2.3334476711989183e-12, 2.1457896223764372e-12, 1.851235961400355e-12, 1.692355674001722e-12, 1.6623741229057631e-12], "lowlevel.melbands128.stdev": [3.628180422765581e-07, 3.617234654029744e-07, 4.923357437291997e-07, 1.0475505405338481e-06, 8.134928975778166e-06, 2.9659415304195136e-05, 3.146515155094676e-05, 7.482394721591845e-05, 0.00030773188336752355, 0.0004083104431629181, 0.0005700459587387741, 0.0007693468360230327, 0.0007573890034109354, 0.00043920439202338457, 0.0008525633602403104, 0.0012293249601498246, 0.0014317305758595467, 0.0014308803947642446, 0.00046698382357135415, 0.0004623705171979964, 0.0007180667598731816, 0.0008196811540983617, 0.0007662092102691531, 0.0009724985575303435, 0.0011458643712103367, 0.0016170184826478362, 0.002222395269200206, 0.000671705580316484, 0.0006754550850018859, 0.00022012862609699368, 0.001374232117086649, 0.0009969014208763838, 0.0009180450579151511, 0.0007688349578529596, 0.0006114676361903548, 0.0002910776238422841, 0.00021552175167016685, 0.0001365608477499336, 0.00020397627667989582, 9.970134124159813e-05, 0.00010662852582754567, 9.314175258623436e-05, 0.0002218236622866243, 0.00023601310385856777, 0.0001669422199483961, 5.589370266534388e-05, 5.8662830269895494e-05, 0.0001084014875232242, 0.0001010131963994354, 0.00019641210383269936, 0.00029344172799028456, 9.85931110335514e-05, 0.00010184278653468937, 0.00011019076191587374, 0.00010812547407113016, 0.0001026447644107975, 4.169036401435733e-05, 8.894508209777996e-05, 2.4425007723039016e-05, 2.4045857571763918e-05, 3.1509534892393276e-05, 1.3722688890993595e-05, 3.111502155661583e-05, 1.8167183952755295e-05, 6.347366434056312e-05, 2.391683665337041e-05, 2.3828113626223058e-05, 5.687540033250116e-05, 2.0672316168202087e-05, 7.396929140668362e-05, 1.229420377057977e-05, 6.246739212656394e-05, 7.64448122936301e-06, 1.5491305020987056e-05, 1.4327493772725575e-05, 1.723257446428761e-05, 1.234355841006618e-05, 9.898284588416573e-06, 7.863643077143934e-06, 3.352274688950274e-06, 7.094314696587389e-06, 3.6436615573620657e-06, 8.69347968546208e-06, 3.654288320831256e-06, 1.2772497029800434e-05, 5.953566414973466e-06, 1.2942053217557259e-05, 3.2895079584704945e-06, 7.59647582526668e-06, 1.747627834447485e-06, 1.412926962984784e-06, 1.2180407793493941e-06, 1.205407556881255e-06, 8.957453019320383e-07, 2.6683471787691815e-06, 3.880687131641025e-07, 5.899485131521942e-07, 5.688023634320416e-07, 6.274748898249527e-07, 2.1196917998622666e-07, 2.986844549468515e-07, 1.9369473136521265e-07, 1.8517391708883224e-07, 8.039105381385525e-08, 1.1173797531682794e-07, 7.69546346646166e-08, 9.310260651318458e-08, 5.481330589418576e-08, 1.1446907421941432e-07, 5.970948535605203e-08, 8.04013851052332e-08, 3.563326345101814e-08, 2.3838582663415764e-08, 2.437788282350084e-08, 9.653592591973847e-09, 1.3722422087525388e-09, 3.6335634501227787e-10, 4.418288304663953e-11, 4.078445480643067e-12, 3.9702499100846556e-12, 3.86862286996803e-12, 3.7851358332396945e-12, 3.702740371258617e-12, 3.645220843923047e-12, 3.5944339952381776e-12, 3.5413401811706935e-12, 3.5098855245829785e-12, 3.4903349741682854e-12], "lowlevel.mfcc.mean": [-734.1565551757812, 91.22251892089844, -39.73501205444336, -7.256130218505859, -36.49599075317383, -19.33799171447754, -24.174724578857422, -15.44633674621582, -14.492021560668945, -3.9117238521575928, -13.143982887268066, -13.026634216308594, -12.380182266235352], "lowlevel.spectral_contrast_coeffs.mean": [-0.5955753326416016, -0.7127029895782471, -0.706987738609314, -0.7538008689880371, -0.7720859050750732, -0.7274551391601562], "lowlevel.spectral_contrast_coeffs.stdev": [0.11340498924255371, 0.10952658206224442, 0.10775785148143768, 0.08085338771343231, 0.07570666819810867, 0.06353940069675446], "lowlevel.spectral_contrast_valleys.mean": [-9.67345142364502, -7.503065586090088, -8.327367782592773, -8.525029182434082, -8.470890045166016, -11.651304244995117], "lowlevel.spectral_contrast_valleys.stdev": [0.7679908871650696, 0.7278441190719604, 0.7401542663574219, 0.7116551995277405, 0.7866606116294861, 0.8064581751823425], "rhythm.beats_loudness_band_ratio.mean": [0.039013948291540146, 0.29231131076812744, 0.30974331498146057, 0.2536599934101105, 0.10895698517560959, 0.04769422486424446], "rhythm.beats_loudness_band_ratio.stdev": [0.08354540169239044, 0.28932642936706543, 0.21420927345752716, 0.2473488599061966, 0.10302553325891495, 0.044304411858320236], "tonal.hpcp.mean": [0.12230315804481506, 0.08918466418981552, 0.06810683757066727, 0.09044739603996277, 0.08599705249071121, 0.12183280289173126, 0.19573944807052612, 0.14447495341300964, 0.13414429128170013, 0.20316606760025024, 0.13246457278728485, 0.08527164906263351, 0.12326133996248245, 0.08603726327419281, 0.07825889438390732, 0.1295638233423233, 0.084462009370327, 0.05265545845031738, 0.08504690229892731, 0.0638199895620346, 0.15131047368049622, 0.2701718509197235, 0.14788109064102173, 0.06998767703771591, 0.11739318817853928, 0.07401317358016968, 0.1048075333237648, 0.17730848491191864, 0.10066337138414383, 0.08277889341115952, 0.1445305049419403, 0.08771024644374847, 0.07306510210037231, 0.1167326271533966, 0.07225929200649261, 0.07653767615556717], "tonal.hpcp.stdev": [0.26157182455062866, 0.19296754896640778, 0.17046678066253662, 0.21937119960784912, 0.20523568987846375, 0.2150818109512329, 0.3016769289970398, 0.2253284752368927, 0.2238193154335022, 0.3205743730068207, 0.21490883827209473, 0.1883377879858017, 0.26330816745758057, 0.18754872679710388, 0.152891144156456, 0.25880202651023865, 0.17210741341114044, 0.1321040391921997, 0.2101423144340515, 0.1499112844467163, 0.2147260308265686, 0.3818434774875641, 0.20983554422855377, 0.14079290628433228, 0.2565750479698181, 0.15377873182296753, 0.19090116024017334, 0.32450100779533386, 0.1703471690416336, 0.14850501716136932, 0.283610075712204, 0.16253124177455902, 0.14485464990139008, 0.2425471991300583, 0.14927326142787933, 0.16716596484184265], "rhythm.beats_position": [0.6733786463737488, 1.3583673238754272, 2.0549659729003906, 2.739954710006714, 3.424943208694458, 4.109931945800781, 4.736870765686035, 5.363809585571289, 5.990748405456543, 6.617686748504639, 7.256235599517822, 7.883174419403076, 8.521722793579102, 9.171881675720215, 9.810430526733398, 10.472199440002441, 11.122358322143555, 11.760907173156738, 12.469115257263184, 13.177324295043945, 13.79265308380127, 14.407981872558594, 15.023310661315918, 15.638639450073242, 16.25396728515625, 16.88090705871582, 17.507844924926758, 18.158004760742188, 18.808162689208984, 19.469932556152344, 20.12009048461914, 20.781858444213867, 21.443628311157227, 22.105396270751953, 22.627845764160156, 23.15029525756836, 23.68435287475586, 24.171972274780273, 24.659591674804688, 25.135601043701172, 25.600000381469727, 26.05278778076172, 26.517187118530273, 26.981586456298828, 27.445985794067383, 27.898775100708008, 28.328344345092773, 28.792743682861328, 29.268753051757812, 29.744760513305664, 30.20915985107422, 30.685169219970703, 31.172788619995117, 31.66040802001953, 32.136417388916016, 32.6240348815918, 33.088436126708984, 33.54122543334961, 33.994014739990234, 34.4351921081543, 34.87636947631836, 35.31755065917969, 35.75872802734375, 36.188297271728516, 36.629478454589844, 37.08226776123047, 37.54666519165039, 38.01106643676758, 38.4754638671875, 38.928253173828125, 39.38104248046875], "rhythm.bpm_histogram": [0.0, 0.0, 0.0, 0.0, 0.0, 0.0, 0.0, 0.0, 0.0, 0.0, 0.0, 0.0, 0.0, 0.0, 0.0, 0.0, 0.0, 0.0, 0.0, 0.0, 0.0, 0.0, 0.0, 0.0, 0.0, 0.0, 0.0, 0.0, 0.0, 0.0, 0.0, 0.0, 0.0, 0.0, 0.0, 0.0, 0.0, 0.0, 0.0, 0.0, 0.0, 0.0, 0.0, 0.0, 0.0, 0.0, 0.0, 0.0, 0.0, 0.0, 0.0, 0.0, 0.0, 0.0, 0.0, 0.0, 0.0, 0.0, 0.0, 0.0, 0.0, 0.0, 0.0, 0.0, 0.0, 0.0, 0.0, 0.0, 0.0, 0.0, 0.0, 0.0, 0.0, 0.0, 0.0, 0.0, 0.0, 0.0, 0.0, 0.0, 0.0, 0.0, 0.0, 0.0, 0.0, 0.02857142873108387, 0.014285714365541935, 0.0, 0.05714285746216774, 0.0, 0.0, 0.0714285746216774, 0.0714285746216774, 0.0, 0.05714285746216774, 0.0, 0.10000000149011612, 0.0, 0.0714285746216774, 0.0, 0.0, 0.0, 0.0, 0.0, 0.0, 0.0, 0.0, 0.0, 0.0, 0.0, 0.0, 0.0, 0.014285714365541935, 0.0, 0.0, 0.02857142873108387, 0.0, 0.0, 0.0, 0.0, 0.0, 0.0, 0.0, 0.0714285746216774, 0.0, 0.0, 0.0714285746216774, 0.0, 0.0, 0.1428571492433548, 0.0, 0.0, 0.0, 0.10000000149011612, 0.0, 0.0, 0.0714285746216774, 0.0, 0.0, 0.0, 0.02857142873108387, 0.0, 0.0, 0.0, 0.0, 0.0, 0.0, 0.0, 0.0, 0.0, 0.0, 0.0, 0.0, 0.0, 0.0, 0.0, 0.0, 0.0, 0.0, 0.0, 0.0, 0.0, 0.0, 0.0, 0.0, 0.0, 0.0, 0.0, 0.0, 0.0, 0.0, 0.0, 0.0, 0.0, 0.0, 0.0, 0.0, 0.0, 0.0, 0.0, 0.0, 0.0, 0.0, 0.0, 0.0, 0.0, 0.0, 0.0, 0.0, 0.0, 0.0, 0.0, 0.0, 0.0, 0.0, 0.0, 0.0, 0.0, 0.0, 0.0, 0.0, 0.0, 0.0, 0.0, 0.0, 0.0, 0.0, 0.0, 0.0, 0.0, 0.0, 0.0, 0.0, 0.0, 0.0, 0.0, 0.0, 0.0, 0.0, 0.0, 0.0, 0.0, 0.0, 0.0, 0.0, 0.0, 0.0, 0.0, 0.0, 0.0, 0.0, 0.0, 0.0, 0.0, 0.0, 0.0, 0.0, 0.0, 0.0, 0.0, 0.0, 0.0, 0.0, 0.0, 0.0, 0.0, 0.0, 0.0, 0.0, 0.0], "tonal.chords_histogram": [7.407407283782959, 5.55555534362793, 9.375, 2.777777671813965, 1.9675925970077515, 7.754629611968994, 0.46296295523643494, 7.291666507720947, 0.0, 2.430555582046509, 0.11574073880910873, 2.5462963581085205, 3.3564815521240234, 9.375, 5.902777671813965, 0.0, 3.2407407760620117, 0.0, 0.6944444179534912, 5.439815044403076, 3.472222328186035, 0.23148147761821747, 17.01388931274414, 3.5879628658294678], "tonal.thpcp": [1.0, 0.5473593473434448, 0.259048730134964, 0.43451303243637085, 0.2739484906196594, 0.38792914152145386, 0.6562803983688354, 0.37259015440940857, 0.30639347434043884, 0.5349576473236084, 0.32464614510536194, 0.27043935656547546, 0.4320680499076843, 0.2674567699432373, 0.2832925617694855, 0.45268651843070984, 0.33010345697402954, 0.2520870864391327, 0.33477726578712463, 0.31830501556396484, 0.45094558596611023, 0.7244997620582581, 0.5347520709037781, 0.4965146780014038, 0.7519882917404175, 0.49029746651649475, 0.3156200349330902, 0.45623308420181274, 0.318453848361969, 0.2896634042263031, 0.4795607924461365, 0.3126232624053955, 0.1948961615562439, 0.31478816270828247, 0.23621998727321625, 0.5600526928901672], "lowlevel.gfcc.cov": [[6932.51123046875, -1305.2490234375, -1980.401123046875, 70.70545196533203, -251.4384307861328, 295.2091369628906, 526.4611206054688, 153.7598419189453, 289.42041015625, -157.61810302734375, 49.35157775878906, -18.849903106689453, 204.6346893310547], [-1305.2490234375, 1605.2301025390625, 1112.6673583984375, 71.43860626220703, 70.8218765258789, -525.15576171875, -550.152099609375, -320.4737243652344, -120.49860382080078, 99.65985870361328, 96.56295013427734, -102.8273696899414, -98.28134155273438], [-1980.401123046875, 1112.6673583984375, 1430.7056884765625, 98.7745132446289, 73.83047485351562, -370.486572265625, -537.3609619140625, -269.8875427246094, -259.1992492675781, 78.52838134765625, -45.462337493896484, 28.409603118896484, -163.60035705566406], [70.70545196533203, 71.43860626220703, 98.7745132446289, 179.34933471679688, 56.32014846801758, -18.591527938842773, -38.66606903076172, -20.33995246887207, -5.479176998138428, -21.63136863708496, -32.47028350830078, -37.06435012817383, -3.7791194915771484], [-251.4384307861328, 70.8218765258789, 73.83047485351562, 56.32014846801758, 128.96823120117188, 40.90789031982422, -6.925882816314697, -9.929009437561035, -34.20313262939453, -26.478910446166992, -28.503843307495117, 5.884472846984863, 6.532325744628906], [295.2091369628906, -525.15576171875, -370.486572265625, -18.591527938842773, 40.90789031982422, 325.41522216796875, 266.0761413574219, 128.77151489257812, 13.597223281860352, -77.17808532714844, -49.157745361328125, 26.7623233795166, 32.7078857421875], [526.4611206054688, -550.152099609375, -537.3609619140625, -38.66606903076172, -6.925882816314697, 266.0761413574219, 381.2939758300781, 191.77325439453125, 91.6949462890625, -68.8541259765625, -24.986297607421875, -19.5578556060791, 33.44063949584961], [153.7598419189453, -320.4737243652344, -269.8875427246094, -20.33995246887207, -9.929009437561035, 128.77151489257812, 191.77325439453125, 169.96286010742188, 86.21511840820312, -12.497647285461426, -29.195068359375, -29.09372329711914, -7.614177227020264], [289.42041015625, -120.49860382080078, -259.1992492675781, -5.479176998138428, -34.20313262939453, 13.597223281860352, 91.6949462890625, 86.21511840820312, 182.26248168945312, 53.94953918457031, 32.65969467163086, -52.80092239379883, 17.476781845092773], [-157.61810302734375, 99.65985870361328, 78.52838134765625, -21.63136863708496, -26.478910446166992, -77.17808532714844, -68.8541259765625, -12.497647285461426, 53.94953918457031, 125.39989471435547, 50.486595153808594, -6.110970973968506, -35.02339553833008], [49.35157775878906, 96.56295013427734, -45.462337493896484, -32.47028350830078, -28.503843307495117, -49.157745361328125, -24.986297607421875, -29.195068359375, 32.65969467163086, 50.486595153808594, 113.05699157714844, 15.482290267944336, 11.446245193481445], [-18.849903106689453, -102.8273696899414, 28.409603118896484, -37.06435012817383, 5.884472846984863, 26.7623233795166, -19.5578556060791, -29.09372329711914, -52.80092239379883, -6.110970973968506, 15.482290267944336, 132.2567596435547, 46.93145751953125], [204.6346893310547, -98.28134155273438, -163.60035705566406, -3.7791194915771484, 6.532325744628906, 32.7078857421875, 33.44063949584961, -7.614177227020264, 17.476781845092773, -35.02339553833008, 11.446245193481445, 46.93145751953125, 142.33642578125]], "lowlevel.gfcc.icov": [[0.0003748582676053047, -0.00040329666808247566, 0.001068841083906591, -0.0008568444172851741, 0.0009837588295340538, -7.149224984459579e-05, 8.029854507185519e-05, 0.00045835503260605037, 0.00011657243885565549, -3.925159944628831e-06, 0.000749050872400403, -0.0008953707292675972, 0.0005850116140209138], [-0.00040329666808247566, 0.005264855921268463, -0.0044663636945188046, 0.0031021751929074526, -0.004867008421570063, 0.003567939391359687, -0.0005562384612858295, 0.002346521243453026, -0.0017657093703746796, 0.0025634539779275656, -0.005750684533268213, 0.0066052647307515144, -0.0020443107932806015], [0.001068841083906591, -0.0044663636945188046, 0.007718321401625872, -0.0044030738063156605, 0.004540089052170515, -0.001519501325674355, 0.0024060674477368593, -0.0007798297447152436, 0.0035025030374526978, -0.002798434579744935, 0.006758465431630611, -0.006971892435103655, 0.004304317757487297], [-0.0008568444172851741, 0.0031021751929074526, -0.0044030738063156605, 0.010716126300394535, -0.0069164102897048, 0.0016817186260595918, 0.00018281476513948292, 0.0012242849916219711, -0.002801236230880022, 0.0028320346027612686, -0.0027533466927707195, 0.006685854401439428, -0.0023912007454782724], [0.0009837588295340538, -0.004867008421570063, 0.004540089052170515, -0.0069164102897048, 0.016436832025647163, -0.005970977712422609, 0.0013724048621952534, -0.000999746029265225, 0.0021850683260709047, -0.0017746113007888198, 0.006067943759262562, -0.006536892615258694, 0.001464036526158452], [-7.149224984459579e-05, 0.003567939391359687, -0.001519501325674355, 0.0016817186260595918, -0.005970977712422609, 0.012703238055109978, -0.0062904078513383865, 0.0012844727607443929, 0.0010357327992096543, 0.001637962181121111, -0.0013720792485401034, 0.0013644202845171094, -0.00029762915801256895], [8.029854507185519e-05, -0.0005562384612858295, 0.0024060674477368593, 0.00018281476513948292, 0.0013724048621952534, -0.0062904078513383865, 0.014214706607162952, -0.008250263519585133, -0.00018911226652562618, 0.0033715334720909595, -0.0015215965686365962, 0.0006455034017562866, 0.0006347463931888342], [0.00045835503260605037, 0.002346521243453026, -0.0007798297447152436, 0.0012242849916219711, -0.000999746029265225, 0.0012844727607443929, -0.008250263519585133, 0.02178432047367096, -0.007350148633122444, 0.00040614340105094016, 0.00337777566164732, 0.0012900613946840167, 0.00325725763104856], [0.00011657243885565549, -0.0017657093703746796, 0.0035025030374526978, -0.002801236230880022, 0.0021850683260709047, 0.0010357327992096543, -0.00018911226652562618, -0.007350148633122444, 0.01650187373161316, -0.008841361850500107, 0.0002911525371018797, 0.0024159199092537165, -0.0031441522296518087], [-3.925159944628831e-06, 0.0025634539779275656, -0.002798434579744935, 0.0028320346027612686, -0.0017746113007888198, 0.001637962181121111, 0.0033715334720909595, 0.00040614340105094016, -0.008841361850500107, 0.01860540732741356, -0.007596148643642664, 0.0006545537617057562, 0.0036277163308113813], [0.000749050872400403, -0.005750684533268213, 0.006758465431630611, -0.0027533466927707195, 0.006067943759262562, -0.0013720792485401034, -0.0015215965686365962, 0.00337777566164732, 0.0002911525371018797, -0.007596148643642664, 0.02118642069399357, -0.009784619323909283, 0.0028399452567100525], [-0.0008953707292675972, 0.0066052647307515144, -0.006971892435103655, 0.006685854401439428, -0.006536892615258694, 0.0013644202845171094, 0.0006455034017562866, 0.0012900613946840167, 0.0024159199092537165, 0.0006545537617057562, -0.009784619323909283, 0.021498093381524086, -0.008521122857928276], [0.0005850116140209138, -0.0020443107932806015, 0.004304317757487297, -0.0023912007454782724, 0.001464036526158452, -0.00029762915801256895, 0.0006347463931888342, 0.00325725763104856, -0.0031441522296518087, 0.0036277163308113813, 0.0028399452567100525, -0.008521122857928276, 0.013543074950575829]], "lowlevel.mfcc.cov": [[7507.36572265625, -1790.923095703125, -1559.4403076171875, -388.9018249511719, -699.3042602539062, 156.47142028808594, 53.55189895629883, 464.3652038574219, 340.320556640625, 237.1564483642578, -33.6700439453125, 136.92457580566406, 206.04090881347656], [-1790.923095703125, 1571.2108154296875, 800.1621704101562, 393.6373596191406, 364.8128967285156, -185.1294708251953, -262.4741516113281, -505.411376953125, -376.11529541015625, -195.7284393310547, -7.277180194854736, -24.522979736328125, -97.23087310791016], [-1559.4403076171875, 800.1621704101562, 774.7431030273438, 289.0223388671875, 267.0850830078125, -77.13899993896484, -136.99435424804688, -277.5366516113281, -227.88197326660156, -155.41098022460938, -31.889583587646484, -55.13489532470703, -105.14920043945312], [-388.9018249511719, 393.6373596191406, 289.0223388671875, 290.98870849609375, 164.7532501220703, -46.01495361328125, -113.78778076171875, -178.17025756835938, -108.30878448486328, -34.02324295043945, 8.21555233001709, -17.525833129882812, -53.16360092163086], [-699.3042602539062, 364.8128967285156, 267.0850830078125, 164.7532501220703, 234.92300415039062, 0.35559597611427307, -66.77315521240234, -136.57614135742188, -87.29692077636719, -69.28704071044922, -26.946184158325195, -39.044700622558594, -39.259578704833984], [156.47142028808594, -185.1294708251953, -77.13899993896484, -46.01495361328125, 0.35559597611427307, 128.162109375, 86.4051513671875, 99.14933013916016, 58.04817199707031, 10.879294395446777, -15.990811347961426, -17.967756271362305, -0.5108677744865417], [53.55189895629883, -262.4741516113281, -136.99435424804688, -113.78778076171875, -66.77315521240234, 86.4051513671875, 199.4368438720703, 185.05838012695312, 85.03370666503906, 28.35569953918457, -14.403365135192871, -14.439372062683105, 7.226898193359375], [464.3652038574219, -505.411376953125, -277.5366516113281, -178.17025756835938, -136.57614135742188, 99.14933013916016, 185.05838012695312, 316.09869384765625, 178.2855682373047, 71.43344116210938, -3.877187967300415, -24.859004974365234, 6.607161998748779], [340.320556640625, -376.11529541015625, -227.88197326660156, -108.30878448486328, -87.29692077636719, 58.04817199707031, 85.03370666503906, 178.2855682373047, 220.88751220703125, 112.81195831298828, 20.838191986083984, -12.007871627807617, 20.031749725341797], [237.1564483642578, -195.7284393310547, -155.41098022460938, -34.02324295043945, -69.28704071044922, 10.879294395446777, 28.35569953918457, 71.43344116210938, 112.81195831298828, 174.54574584960938, 96.78013610839844, 23.60668182373047, -3.2173454761505127], [-33.6700439453125, -7.277180194854736, -31.889583587646484, 8.21555233001709, -26.946184158325195, -15.990811347961426, -14.403365135192871, -3.877187967300415, 20.838191986083984, 96.78013610839844, 166.3968505859375, 78.22863006591797, -11.654726028442383], [136.92457580566406, -24.522979736328125, -55.13489532470703, -17.525833129882812, -39.044700622558594, -17.967756271362305, -14.439372062683105, -24.859004974365234, -12.007871627807617, 23.60668182373047, 78.22863006591797, 175.69931030273438, 80.42877960205078], [206.04090881347656, -97.23087310791016, -105.14920043945312, -53.16360092163086, -39.259578704833984, -0.5108677744865417, 7.226898193359375, 6.607161998748779, 20.031749725341797, -3.2173454761505127, -11.654726028442383, 80.42877960205078, 150.62550354003906]], "lowlevel.mfcc.icov": [[0.00033393342164345086, 8.977529068943113e-05, 0.0006341878324747086, -0.0005613710964098573, 0.0007584347622469068, -0.0005177751299925148, 0.0006919662700966001, -0.00019180012168362737, 0.0002646392968017608, 5.046961814514361e-05, 0.0003652708255685866, -0.00015319212980102748, 9.282621613238007e-05], [8.977529068943113e-05, 0.0022508457768708467, -0.0007996747153811157, -0.000180426228325814, -0.0010078955674543977, 0.001272630994208157, -0.0004942113300785422, 0.0015753160696476698, 0.0008752996218390763, 0.0002513631188776344, -0.00041692957165651023, 0.0002062399871647358, 0.0001510301954112947], [0.0006341878324747086, -0.0007996747153811157, 0.0048860907554626465, -0.002322128042578697, 0.000322888110531494, -0.0006612228462472558, 0.0007395886932499707, -9.028295608004555e-05, 0.0006239791982807219, 0.0017009141156449914, 0.00030878925463184714, -0.00018645291856955737, 0.0013347836211323738], [-0.0005613710964098573, -0.000180426228325814, -0.002322128042578697, 0.009005997329950333, -0.004642917308956385, 0.0009855118114501238, 0.00036161308526061475, 0.0013078765477985144, 0.0004695172538049519, -0.0024527213536202908, -0.00012608000542968512, -0.00011127355537610129, 0.0008623851463198662], [0.0007584347622469068, -0.0010078955674543977, 0.000322888110531494, -0.004642917308956385, 0.012669751420617104, -0.005581560079008341, 0.0016379810404032469, 0.0015415999805554748, -0.0012597697786986828, 0.0020642192102968693, 0.0005627738428302109, 0.0010015505831688643, -0.00024387122539337724], [-0.0005177751299925148, 0.001272630994208157, -0.0006612228462472558, 0.0009855118114501238, -0.005581560079008341, 0.014787496998906136, -0.0054047591984272, -0.0007105794502422214, -0.0009957527508959174, 0.0006619117339141667, -0.00046293437480926514, 7.856471347622573e-05, 0.0003706512216012925], [0.0006919662700966001, -0.0004942113300785422, 0.0007395886932499707, 0.00036161308526061475, 0.0016379810404032469, -0.0054047591984272, 0.014748810790479183, -0.008482089266180992, 0.0028549416456371546, -0.0015297789359465241, 0.0019571154844015837, -0.0008165509789250791, -0.00037352173239924014], [-0.00019180012168362737, 0.0015753160696476698, -9.028295608004555e-05, 0.0013078765477985144, 0.0015415999805554748, -0.0007105794502422214, -0.008482089266180992, 0.015381458215415478, -0.006091213785111904, 0.0025116459000855684, -0.001370125450193882, 0.001193375326693058, 0.0019299892010167241], [0.0002646392968017608, 0.0008752996218390763, 0.0006239791982807219, 0.0004695172538049519, -0.0012597697786986828, -0.0009957527508959174, 0.0028549416456371546, -0.006091213785111904, 0.013843763619661331, -0.007306467276066542, 0.0018751014722511172, 0.001077862223610282, -0.0018247991101816297], [5.046961814514361e-05, 0.0002513631188776344, 0.0017009141156449914, -0.0024527213536202908, 0.0020642192102968693, 0.0006619117339141667, -0.0015297789359465241, 0.0025116459000855684, -0.007306467276066542, 0.016217373311519623, -0.00860623363405466, 0.0019528395496308804, 0.0005278346361592412], [0.0003652708255685866, -0.00041692957165651023, 0.00030878925463184714, -0.00012608000542968512, 0.0005627738428302109, -0.00046293437480926514, 0.0019571154844015837, -0.001370125450193882, 0.0018751014722511172, -0.00860623363405466, 0.014916164800524712, -0.0075148665346205235, 0.004247209057211876], [-0.00015319212980102748, 0.0002062399871647358, -0.00018645291856955737, -0.00011127355537610129, 0.0010015505831688643, 7.856471347622573e-05, -0.0008165509789250791, 0.001193375326693058, 0.001077862223610282, 0.0019528395496308804, -0.0075148665346205235, 0.012413755059242249, -0.006890219636261463], [9.282621613238007e-05, 0.0001510301954112947, 0.0013347836211323738, 0.0008623851463198662, -0.00024387122539337724, 0.0003706512216012925, -0.00037352173239924014, 0.0019299892010167241, -0.0018247991101816297, 0.00052783463