{"song_id": "1182281336552177734", "download": "https://cdn.discordapp.com/attachments/1135911532732108921/1182281336552177734/chirp.mp4?ex=6584204c&amp", "lyrics": "\u0418\u0440\u0438\u043d\u0430 \u042e\u0440\u044c\u0435\u0432\u043d\u0430, \u0442\u0451\u0449\u0430 \u0434\u043e\u0440\u043e\u0433\u0430\u044f!\n\u0421 \u0414\u043d\u0451\u043c \u0420\u043e\u0436\u0434\u0435\u043d\u0438\u044f! \u0412\u0430\u0441 \u044f \u043f\u043e\u0437\u0434\u0440\u0430\u0432\u043b\u044f\u044e!\n\u041f\u0443\u0441\u0442\u044c \u0431\u043b\u0435\u0441\u0442\u044f\u0442 \u043e\u0442 \u0440\u0430\u0434\u043e\u0441\u0442\u0438 \u0433\u043b\u0430\u0437\u0430,\n\u041b\u0443\u0447\u0448\u0435\u0439 \u0442\u0451\u0449\u0438 \u0432 \u043c\u0438\u0440\u0435 \u043d\u0435 \u043d\u0430\u0439\u0442\u0438!\n\n\u0412\u0430\u043c \u0436\u0435\u043b\u0430\u044e \u043a\u0440\u0435\u043f\u043a\u043e\u0433\u043e \u0437\u0434\u043e\u0440\u043e\u0432\u044c\u044f,\n\u0414\u043e\u043b\u0433\u0438\u0445 \u043b\u0435\u0442, \u043d\u0435\u0443\u0442\u043e\u043c\u0438\u043c\u044b\u0445 \u0441\u0438\u043b.\n\u0427\u0442\u043e\u0431\u044b \u0436\u0438\u0437\u043d\u044c \u0431\u044b\u043b\u0430 \u0412\u0430\u0448\u0430 \u0441\u043f\u043e\u043a\u043e\u0439\u043d\u0430,\n\u0422\u043e\u043b\u044c\u043a\u043e \u043f\u0440\u0430\u0437\u0434\u043d\u0438\u043a \u0432 \u0434\u043e\u043c \u0412\u0430\u0448 \u0437\u0430\u0445\u043e\u0434\u0438\u043b.\n\n\u041d\u0430 \u0433\u043e\u0434\u0430 \u0412\u044b, \u0442\u0451\u0449\u0430, \u043d\u0435 \u0440\u043e\u043f\u0449\u0438\u0442\u0435,\n\u041d\u0435 \u0441\u0434\u0430\u0432\u0430\u0439\u0442\u0435\u0441\u044c \u0432 \u0438\u0445 \u0436\u0435\u0441\u0442\u043e\u043a\u0438\u0439 \u043f\u043b\u0435\u043d,\n\u0412 \u043a\u0430\u0436\u0434\u043e\u043c \u0434\u043d\u0435 \u043f\u0440\u0435\u043a\u0440\u0430\u0441\u043d\u043e\u0435 \u0438\u0449\u0438\u0442\u0435,\n\u041f\u0443\u0441\u0442\u044c \u043d\u0435 \u0431\u0443\u0434\u0435\u0442 \u0433\u043e\u0440\u044f \u0438 \u043f\u0440\u043e\u0431\u043b\u0435\u043c!\n\n\u041a\u0430\u0440\u0438\u043d\u0430 \u0438 \u0410\u0440\u0441\u0435\u043d\u0438\u0439 \u0412\u0430\u0441 \u0442\u043e\u0436\u0435 \u043f\u043e\u0437\u0434\u0440\u0430\u0432\u043b\u044f\u044e\u0442,\n\u0421\u0447\u0430\u0441\u0442\u044c\u044f, \u0440\u0430\u0434\u043e\u0441\u0442\u0438 \u0432 \u0436\u0438\u0437\u043d\u0438 \u0412\u0430\u043c \u0436\u0435\u043b\u0430\u044e\u0442.", "style": ["lyric</span><span>, birthday</span><span>, woman"], "essentia_features": {"lowlevel.average_loudness": 0.902485191822052, "lowlevel.barkbands_crest.mean": 14.515174865722656, "lowlevel.barkbands_crest.stdev": 3.808725357055664, "lowlevel.barkbands_flatness_db.mean": 0.31352195143699646, "lowlevel.barkbands_flatness_db.stdev": 0.09924290329217911, "lowlevel.barkbands_kurtosis.mean": 26.00282096862793, "lowlevel.barkbands_kurtosis.stdev": 31.784582138061523, "lowlevel.barkbands_skewness.mean": 3.1609127521514893, "lowlevel.barkbands_skewness.stdev": 1.9682036638259888, "lowlevel.barkbands_spread.mean": 9.337483406066895, "lowlevel.barkbands_spread.stdev": 19.12033462524414, "lowlevel.dissonance.mean": 0.36933091282844543, "lowlevel.dissonance.stdev": 0.07423701882362366, "lowlevel.dynamic_complexity": 4.706535816192627, "lowlevel.erbbands_crest.mean": 13.22414779663086, "lowlevel.erbbands_crest.stdev": 4.339871883392334, "lowlevel.erbbands_flatness_db.mean": 0.24496135115623474, "lowlevel.erbbands_flatness_db.stdev": 0.07859271764755249, "lowlevel.erbbands_kurtosis.mean": 6.128413200378418, "lowlevel.erbbands_kurtosis.stdev": 7.818483352661133, "lowlevel.erbbands_skewness.mean": 1.580732822418213, "lowlevel.erbbands_skewness.stdev": 1.35248863697052, "lowlevel.erbbands_spread.mean": 27.41176986694336, "lowlevel.erbbands_spread.stdev": 33.71650314331055, "lowlevel.hfc.mean": 9.591190338134766, "lowlevel.hfc.stdev": 12.292106628417969, "lowlevel.loudness_ebu128.integrated": -17.01616096496582, "lowlevel.loudness_ebu128.loudness_range": 8.919342041015625, "lowlevel.loudness_ebu128.momentary.mean": -19.037736892700195, "lowlevel.loudness_ebu128.momentary.stdev": 4.53436279296875, "lowlevel.loudness_ebu128.short_term.mean": -18.199092864990234, "lowlevel.loudness_ebu128.short_term.stdev": 3.276886224746704, "lowlevel.melbands_crest.mean": 18.471303939819336, "lowlevel.melbands_crest.stdev": 4.984611511230469, "lowlevel.melbands_flatness_db.mean": 0.4221162497997284, "lowlevel.melbands_flatness_db.stdev": 0.11757412552833557, "lowlevel.melbands_kurtosis.mean": 38.6566276550293, "lowlevel.melbands_kurtosis.stdev": 49.22580337524414, "lowlevel.melbands_skewness.mean": 3.772390365600586, "lowlevel.melbands_skewness.stdev": 2.434598445892334, "lowlevel.melbands_spread.mean": 8.044066429138184, "lowlevel.melbands_spread.stdev": 22.456151962280273, "lowlevel.pitch_salience.mean": 0.4383678734302521, "lowlevel.pitch_salience.stdev": 0.13234078884124756, "lowlevel.silence_rate_20dB.mean": 1.0, "lowlevel.silence_rate_20dB.stdev": 0.0, "lowlevel.silence_rate_30dB.mean": 0.9859567284584045, "lowlevel.silence_rate_30dB.stdev": 0.11766921728849411, "lowlevel.silence_rate_60dB.mean": 0.1527208834886551, "lowlevel.silence_rate_60dB.stdev": 0.35972484946250916, "lowlevel.spectral_centroid.mean": 479.07305908203125, "lowlevel.spectral_centroid.stdev": 713.673095703125, "lowlevel.spectral_complexity.mean": 5.669397354125977, "lowlevel.spectral_complexity.stdev": 3.073725700378418, "lowlevel.spectral_decrease.mean": -6.772737037863408e-09, "lowlevel.spectral_decrease.stdev": 6.8640746420101095e-09, "lowlevel.spectral_energy.mean": 0.026431791484355927, "lowlevel.spectral_energy.stdev": 0.026477426290512085, "lowlevel.spectral_energyband_high.mean": 0.00034737319219857454, "lowlevel.spectral_energyband_high.stdev": 0.00108563422691077, "lowlevel.spectral_energyband_low.mean": 0.012682760134339333, "lowlevel.spectral_energyband_low.stdev": 0.014161841943860054, "lowlevel.spectral_energyband_middle_high.mean": 0.0007770478841848671, "lowlevel.spectral_energyband_middle_high.stdev": 0.0024538813158869743, "lowlevel.spectral_energyband_middle_low.mean": 0.01662347838282585, "lowlevel.spectral_energyband_middle_low.stdev": 0.020536186173558235, "lowlevel.spectral_entropy.mean": 5.916018486022949, "lowlevel.spectral_entropy.stdev": 1.0309253931045532, "lowlevel.spectral_flux.mean": 0.04808349162340164, "lowlevel.spectral_flux.stdev": 0.04842327907681465, "lowlevel.spectral_kurtosis.mean": 33.394466400146484, "lowlevel.spectral_kurtosis.stdev": 40.40560531616211, "lowlevel.spectral_rms.mean": 0.004457535687834024, "lowlevel.spectral_rms.stdev": 0.002432600362226367, "lowlevel.spectral_rolloff.mean": 938.9567260742188, "lowlevel.spectral_rolloff.stdev": 2380.08349609375, "lowlevel.spectral_skewness.mean": 4.043245792388916, "lowlevel.spectral_skewness.stdev": 2.396681547164917, "lowlevel.spectral_spread.mean": 4029411.5, "lowlevel.spectral_spread.stdev": 3566168.0, "lowlevel.spectral_strongpeak.mean": 0.7210858464241028, "lowlevel.spectral_strongpeak.stdev": 0.6831721663475037, "lowlevel.zerocrossingrate.mean": 0.03380254656076431, "lowlevel.zerocrossingrate.stdev": 0.06024745851755142, "metadata.audio_properties.analysis.equal_loudness": 0.0, "metadata.audio_properties.analysis.length": 39.637325286865234, "metadata.audio_properties.analysis.sample_rate": 44100.0, "metadata.audio_properties.analysis.start_time": 0.0, "metadata.audio_properties.bit_rate": 118776.0, "metadata.audio_properties.length": 39.637332916259766, "metadata.audio_properties.lossless": 0.0, "metadata.audio_properties.number_channels": 1.0, "metadata.audio_properties.replay_gain": -10.425422668457031, "metadata.audio_properties.sample_rate": 48000.0, "rhythm.beats_count": 61.0, "rhythm.beats_loudness.mean": 0.0500999316573143, "rhythm.beats_loudness.stdev": 0.04101705551147461, "rhythm.bpm": 93.11040496826172, "rhythm.bpm_histogram_first_peak_bpm": 92.0, "rhythm.bpm_histogram_first_peak_weight": 0.5344827175140381, "rhythm.bpm_histogram_second_peak_bpm": 98.0, "rhythm.bpm_histogram_second_peak_spread": 0.0, "rhythm.bpm_histogram_second_peak_weight": 0.03333333507180214, "rhythm.danceability": 1.1284641027450562, "rhythm.onset_rate": 3.101386308670044, "tonal.chords_changes_rate": 0.057309940457344055, "tonal.chords_number_rate": 0.011695906519889832, "tonal.chords_strength.mean": 0.49009978771209717, "tonal.chords_strength.stdev": 0.07985023409128189, "tonal.hpcp_crest.mean": 17.642732620239258, "tonal.hpcp_crest.stdev": 7.999525547027588, "tonal.hpcp_entropy.mean": 1.4856499433517456, "tonal.hpcp_entropy.stdev": 0.7202876210212708, "tonal.key_edma.strength": 0.5569837093353271, "tonal.key_krumhansl.strength": 0.5584022402763367, "tonal.key_temperley.strength": 0.5604634284973145, "tonal.tuning_diatonic_strength": 0.4400731325149536, "tonal.tuning_equal_tempered_deviation": 0.08567272126674652, "tonal.tuning_frequency": 436.7083740234375, "tonal.tuning_nontempered_energy_ratio": 0.6771284341812134, "lowlevel.barkbands.mean": [5.569253517023753e-06, 0.00046219470095820725, 0.008272042497992516, 0.006055320147424936, 0.005571621935814619, 0.002408794593065977, 0.0013513831654563546, 0.0007409025565721095, 0.0003685922420118004, 0.0002973515947815031, 0.00025280885165557265, 0.0001156597281806171, 5.8616369642550126e-05, 1.7103284335462376e-05, 1.6449826944153756e-05, 1.9879838873748668e-05, 2.7616144507192075e-05, 1.2345486538833939e-05, 2.0102730559301563e-05, 1.8461065337760374e-05, 4.115193587495014e-05, 2.963772385555785e-05, 2.770105129457079e-05, 4.898768020211719e-05, 0.00013430019316729158, 5.3380725148599595e-05, 3.864228347083554e-06], "lowlevel.barkbands.stdev": [1.1166890544700436e-05, 0.0010193254565820098, 0.010429942980408669, 0.00938055757433176, 0.009923744946718216, 0.006087912246584892, 0.005752270575612783, 0.003039923496544361, 0.0014114095829427242, 0.0010532632004469633, 0.0014675756683573127, 0.0006347135058604181, 0.00029778419411741197, 6.153530557639897e-05, 7.193473720690235e-05, 8.558329864172265e-05, 9.456025873078033e-05, 3.739296880667098e-05, 5.5068852816475555e-05, 7.575349445687607e-05, 0.00017897503857966512, 0.00010628333257045597, 7.585445564473048e-05, 0.00019049090042244643, 0.0005055554211139679, 0.00016984490503091365, 1.2750452697218861e-05], "lowlevel.erbbands.mean": [0.003970738500356674, 0.2723318040370941, 6.5257110595703125, 19.039390563964844, 18.528396606445312, 17.793766021728516, 18.033063888549805, 20.109315872192383, 20.027673721313477, 17.40658950805664, 15.583349227905273, 9.317822456359863, 9.817916870117188, 8.661772727966309, 9.12295913696289, 4.781611919403076, 3.139070749282837, 1.1484781503677368, 0.7714277505874634, 1.0069409608840942, 1.0856753587722778, 1.5825226306915283, 0.8816998600959778, 0.5947949290275574, 1.2382763624191284, 0.8689455986022949, 1.163923978805542, 1.7392719984054565, 1.1457520723342896, 1.0351922512054443, 0.6731964945793152, 0.6281735897064209, 1.194419026374817, 1.8333759307861328, 0.693345308303833, 0.21773308515548706, 0.10692091286182404, 0.020725689828395844, 0.0004623375425580889, 4.3293021008139476e-05], "lowlevel.erbbands.stdev": [0.005571719724684954, 0.44386041164398193, 8.481016159057617, 24.089195251464844, 32.94429016113281, 39.663299560546875, 39.10783767700195, 60.03208923339844, 75.64628601074219, 70.2597427368164, 71.82587432861328, 33.38677978515625, 31.545440673828125, 37.841941833496094, 50.143882751464844, 22.689226150512695, 15.427746772766113, 3.5102806091308594, 3.272101640701294, 4.066023349761963, 4.1867523193359375, 5.386605739593506, 2.6639764308929443, 1.800455093383789, 3.423753023147583, 3.5862526893615723, 4.450739860534668, 8.069843292236328, 4.461861610412598, 2.9050769805908203, 1.8629831075668335, 2.3873016834259033, 4.543342590332031, 7.4928812980651855, 2.450763463973999, 0.7351109981536865, 0.3472510278224945, 0.06881596893072128, 0.0014604436000809073, 5.104097363073379e-05], "lowlevel.gfcc.mean": [-143.46173095703125, 138.66860961914062, -48.74515151977539, 7.89268684387207, -51.84870910644531, 1.278978705406189, -44.40766143798828, -1.9488710165023804, -33.86577224731445, -16.997421264648438, -25.38697052001953, -11.840887069702148, -20.761388778686523], "lowlevel.melbands.mean": [6.501993630081415e-05, 0.002512521343305707, 0.003176091006025672, 0.0012823136057704687, 0.000663303304463625, 0.00044607717427425086, 0.00030364200938493013, 0.00018023901793640107, 0.0001150577882071957, 5.497652091435157e-05, 4.809974052477628e-05, 3.409840792301111e-05, 3.415225728531368e-05, 1.5014008567959536e-05, 9.468332791584544e-06, 4.829033059650101e-06, 1.8669530845727422e-06, 1.1608717613853514e-06, 1.2842614296459942e-06, 1.4400865211428027e-06, 1.1906412282769452e-06, 1.6390331438742578e-06, 1.3645518492921838e-06, 4.273878460026026e-07, 4.4096580609220837e-07, 8.750121764933283e-07, 8.361361096831388e-07, 5.052314122622192e-07, 5.503755460267712e-07, 1.153548055299325e-06, 9.251338042304269e-07, 6.54255586596264e-07, 5.319966476236004e-07, 6.128658469606307e-07, 3.906316408119892e-07, 3.2253100812340563e-07, 4.091346568202425e-07, 6.614220069423027e-07, 1.4589335251002922e-06, 1.5386334553113556e-06], "lowlevel.melbands.stdev": [0.00014082298730500042, 0.003044946352019906, 0.0036439632531255484, 0.00242178188636899, 0.0012770694447681308, 0.0012618316104635596, 0.0011700029717758298, 0.0006857625558041036, 0.000536027830094099, 0.00020245512132532895, 0.00015897316916380078, 0.0001517718192189932, 0.00020441223750822246, 7.972907042130828e-05, 4.911461292067543e-05, 2.2119846107671037e-05, 6.332033535727533e-06, 5.4712786550226156e-06, 6.134241175459465e-06, 6.7166843109589536e-06, 4.717130195786012e-06, 5.729305030399701e-06, 4.8068004616652615e-06, 1.1697300124069443e-06, 1.5432696045536431e-06, 2.4358375867450377e-06, 2.713903541007312e-06, 2.467982312737149e-06, 2.2023075416655047e-06, 5.351381787477294e-06, 4.533010724117048e-06, 2.764681312328321e-06, 1.6943531591095962e-06, 1.7284438627029886e-06, 1.079493358702166e-06, 9.859481906460132e-07, 1.8093971902999328e-06, 2.734351255639922e-06, 5.809293270431226e-06, 6.403990937542403e-06], "lowlevel.melbands128.mean": [2.6661214178602677e-06, 3.2776836178527446e-06, 1.0844748430827167e-05, 0.00032500032102689147, 0.0022064473014324903, 0.004618943203240633, 0.004304834175854921, 0.0024968660436570644, 0.0018423930741846561, 0.0012663303641602397, 0.000929077563341707, 0.0007559499354101717, 0.0006254906766116619, 0.0004967470886185765, 0.0005010429304093122, 0.00038748368388041854, 0.00030749215511605144, 0.00031896945438347757, 0.0002623572654556483, 0.00018784285930451006, 0.0001336270070169121, 0.00014641530287917703, 0.00013305069296620786, 5.788626367575489e-05, 5.6869175750762224e-05, 5.225964923738502e-05, 4.766954589285888e-05, 5.668926314683631e-05, 3.8188572943909094e-05, 3.4202261304017156e-05, 2.9970136893098243e-05, 3.8812093407614157e-05, 4.102626189705916e-05, 2.706225677684415e-05, 1.47408745760913e-05, 1.2238558156241197e-05, 1.3748777746513952e-05, 7.710474164923653e-06, 9.027552550833207e-06, 7.763190296827815e-06, 3.170166792187956e-06, 1.7452131260142778e-06, 2.0955599211447407e-06, 1.8277831941304612e-06, 1.0779278909467394e-06, 1.1739684850908816e-06, 1.041900645759597e-06, 1.2662358130910434e-06, 1.4863452406643773e-06, 1.182532514576451e-06, 1.6262631561403396e-06, 1.4967329207138391e-06, 1.0688647762435721e-06, 1.14596480216278e-06, 1.1760679399230867e-06, 1.852832610893529e-06, 1.785033077794651e-06, 1.807198373171559e-06, 1.1755524838008569e-06, 6.15877979726065e-07, 3.447907772624603e-07, 2.8314588007560815e-07, 3.9503112247984973e-07, 4.1946637452383584e-07, 6.26934877345775e-07, 8.692963433531986e-07, 1.062066871782008e-06, 1.0043823976957356e-06, 7.944287858663301e-07, 6.117016368989425e-07, 4.6629293137812056e-07, 4.787211764778476e-07, 4.638936275114247e-07, 5.448987963063701e-07, 6.352296963996196e-07, 1.0831092822627397e-06, 1.6274715335384826e-06, 9.489765488979174e-07, 9.970813152904157e-07, 5.839242476213258e-07, 6.91565730903676e-07, 6.787346364944824e-07, 5.670239033861435e-07, 4.947224283569085e-07, 5.156885549695289e-07, 6.127684173407033e-07, 6.989687904024322e-07, 5.201257522458036e-07, 3.3143942346214317e-07, 3.2419916351500433e-07, 3.6345721809993847e-07, 3.130435004550236e-07, 2.698494938613294e-07, 3.5168196177437494e-07, 5.117539103594027e-07, 6.847565146017587e-07, 5.836384957547125e-07, 7.445876235578908e-07, 1.296468440159515e-06, 1.9270057691755937e-06, 2.1277751329762395e-06, 1.3350326071304153e-06, 1.0467857691764948e-06, 1.0079156709252857e-06, 7.593181976517371e-07, 5.583090683103364e-07, 5.374809006752912e-07, 4.7500591904281464e-07, 3.8108149169602257e-07, 1.8026931059011986e-07, 2.550706881265796e-07, 3.1106259257285274e-07, 4.2224760932185745e-07, 3.877153460507543e-07, 2.902415587868745e-07, 2.268152599071982e-07, 1.543487968547197e-07, 1.942194316484347e-08, 3.4488113320046976e-12, 3.008936415999086e-12, 2.902224901374373e-12, 2.8282875173812894e-12, 2.766799159573119e-12, 2.706970281610155e-12, 2.627964035620267e-12, 2.5165984747499426e-12, 2.4534309046170266e-12, 2.4332658284109687e-12], "lowlevel.melbands128.stdev": [5.099800091556972e-06, 6.086975190555677e-06, 2.5863348128041252e-05, 0.0007218506070785224, 0.00367284775711596, 0.005720790941268206, 0.00600582966580987, 0.004169018007814884, 0.004188762977719307, 0.0034348226618021727, 0.002753121079877019, 0.0016237206291407347, 0.0016935371095314622, 0.0015006917528808117, 0.0018855426460504532, 0.0016866202931851149, 0.0015813508071005344, 0.0015528533840551972, 0.0016525149112567306, 0.0009077902650460601, 0.0005999123677611351, 0.0008495301008224487, 0.000755573099013418, 0.0003846707404591143, 0.00026552542112767696, 0.00027538539143279195, 0.000192726802197285, 0.0002284696965944022, 0.00020960235269740224, 0.000172225569258444, 0.00016608842997811735, 0.00031853848486207426, 0.0003158573526889086, 0.0001567191502545029, 0.00011844704567920417, 7.478635234292597e-05, 9.068192593986169e-05, 6.555291474796832e-05, 6.848892371635884e-05, 4.718919808510691e-05, 1.2785968465323094e-05, 8.257092304120306e-06, 8.665544555697124e-06, 7.120946065697353e-06, 7.163603186199907e-06, 7.668331818422303e-06, 5.623769084195374e-06, 8.254522981587797e-06, 8.481812074023765e-06, 5.031392447563121e-06, 1.0369604751758743e-05, 9.177251740766224e-06, 5.430375495052431e-06, 5.7436886891082395e-06, 4.584106136462651e-06, 7.93579874880379e-06, 8.30800854600966e-06, 8.099922524706926e-06, 4.554873612505617e-06, 2.2875603917782428e-06, 1.0263667036269908e-06, 9.76742967395694e-07, 1.835052444221219e-06, 1.7728610828271485e-06, 2.4642756670800736e-06, 2.634953261804185e-06, 3.4911786315205973e-06, 3.268228965680464e-06, 3.3058970529964427e-06, 2.646852635734831e-06, 2.5047709186765132e-06, 3.006757879120414e-06, 2.160861640732037e-06, 2.335743602088769e-06, 2.7645785394270206e-06, 5.077977220935281e-06, 8.800601790426299e-06, 4.894851372228004e-06, 5.876803243154427e-06, 2.646838311193278e-06, 3.5670705074153375e-06, 3.04416812468844e-06, 2.1302055301930523e-06, 1.7372709635310457e-06, 1.6084831031548674e-06, 1.8531636669649743e-06, 2.2587764760828577e-06, 1.421046022187511e-06, 9.912419045576826e-07, 1.0811110087161069e-06, 1.1546778750926023e-06, 1.0172432212129934e-06, 1.024339439936739e-06, 1.667155856921454e-06, 2.9226034712337423e-06, 3.150856628053589e-06, 2.4811856746964622e-06, 3.2378648029407486e-06, 5.344829787645722e-06, 8.17861746327253e-06, 1.027629059535684e-05, 5.46773617315921e-06, 4.690979949373286e-06, 4.616807927959599e-06, 2.900184199461364e-06, 2.155860556740663e-06, 2.1978717086312827e-06, 1.7897538100442034e-06, 1.5172262237683753e-06, 6.995525723141327e-07, 1.1584727417357499e-06, 1.1736133274098393e-06, 1.4701696500196704e-06, 1.294940716434212e-06, 1.0858047971851192e-06, 8.424653401561955e-07, 5.171087309463474e-07, 8.599202772074932e-08, 6.736198838314111e-12, 6.125817735014305e-12, 5.9761202063357555e-12, 5.841981412513242e-12, 5.7252549055808455e-12, 5.626938585218122e-12, 5.5457418171589445e-12, 5.478774552092336e-12, 5.430582632887093e-12, 5.401226341184007e-12], "lowlevel.mfcc.mean": [-816.1726684570312, 182.00303649902344, 50.020362854003906, 15.58553409576416, 12.531034469604492, -2.8532330989837646, -3.0681352615356445, 2.6130318641662598, -9.518651962280273, -8.222206115722656, -7.288754940032959, -14.546550750732422, -8.888518333435059], "lowlevel.spectral_contrast_coeffs.mean": [-0.5375053286552429, -0.7143320441246033, -0.752371609210968, -0.8077083230018616, -0.7814150452613831, -0.801295816898346], "lowlevel.spectral_contrast_coeffs.stdev": [0.08426239341497421, 0.08674746751785278, 0.07281231880187988, 0.05121389403939247, 0.06877000629901886, 0.05810084193944931], "lowlevel.spectral_contrast_valleys.mean": [-7.724855422973633, -8.004799842834473, -9.115215301513672, -9.766830444335938, -10.316068649291992, -12.381938934326172], "lowlevel.spectral_contrast_valleys.stdev": [1.044928789138794, 1.1501775979995728, 1.2259329557418823, 1.1955236196517944, 1.4682358503341675, 1.8368853330612183], "rhythm.beats_loudness_band_ratio.mean": [0.6325254440307617, 0.312944233417511, 0.08729931712150574, 0.02056313306093216, 0.003694623475894332, 0.024027744308114052], "rhythm.beats_loudness_band_ratio.stdev": [0.2254592478275299, 0.20601828396320343, 0.12078631669282913, 0.045438844710588455, 0.0065947710536420345, 0.10676797479391098], "tonal.hpcp.mean": [0.03635828197002411, 0.02902849204838276, 0.05519920215010643, 0.14086714386940002, 0.11503924429416656, 0.027023639529943466, 0.020312504842877388, 0.02421933226287365, 0.2334398627281189, 0.42985838651657104, 0.21819381415843964, 0.01278153620660305, 0.01770951598882675, 0.02834288403391838, 0.05881473422050476, 0.14582285284996033, 0.1357613354921341, 0.059097643941640854, 0.06390241533517838, 0.05328814312815666, 0.03001091443002224, 0.02922494150698185, 0.032069526612758636, 0.07014358788728714, 0.10643210262060165, 0.06782360374927521, 0.02494543232023716, 0.021395623683929443, 0.02093002386391163, 0.05042841657996178, 0.09114328026771545, 0.05991389974951744, 0.0484602227807045, 0.09146880358457565, 0.0731925442814827, 0.04118610918521881], "tonal.hpcp.stdev": [0.13915614783763885, 0.11591573804616928, 0.1509646773338318, 0.3123321831226349, 0.263453871011734, 0.12026937305927277, 0.11088547855615616, 0.11150872707366943, 0.2705504596233368, 0.46485042572021484, 0.25675591826438904, 0.08053271472454071, 0.10283806174993515, 0.14470736682415009, 0.1702379584312439, 0.31738606095314026, 0.29328614473342896, 0.1828535497188568, 0.18695040047168732, 0.164629265666008, 0.12838326394557953, 0.1286124438047409, 0.13712745904922485, 0.19360660016536713, 0.2669220268726349, 0.18700356781482697, 0.12143167108297348, 0.11569614708423615, 0.11081905663013458, 0.14820130169391632, 0.22116334736347198, 0.15390436351299286, 0.16453774273395538, 0.2646636664867401, 0.208165243268013, 0.16704006493091583], "rhythm.beats_position": [0.6617686748504639, 1.3351473808288574, 2.0201361179351807, 2.670294761657715, 3.320453405380249, 3.9706122875213623, 4.6207709312438965, 5.27092981338501, 5.921088218688965, 6.559637069702148, 7.198185920715332, 7.848344326019287, 8.486893653869629, 9.113832473754883, 9.75238037109375, 10.402539253234863, 11.041088104248047, 11.67963695526123, 12.329795837402344, 12.979954719543457, 13.63011360168457, 14.268661499023438, 14.91882038116455, 15.557369232177734, 16.20752716064453, 16.811246871948242, 17.42657470703125, 18.06512451171875, 18.715282440185547, 19.353832244873047, 20.003990173339844, 20.665760040283203, 21.31591796875, 21.954465866088867, 22.593015670776367, 23.231563568115234, 23.870113372802734, 24.5086612701416, 25.15882110595703, 25.7973690032959, 26.447526931762695, 27.097686767578125, 27.747844696044922, 28.374784469604492, 29.02494239807129, 29.65188217163086, 30.290430068969727, 30.928979873657227, 31.567527770996094, 32.206077575683594, 32.85623550415039, 33.50639343261719, 34.14494323730469, 34.771881103515625, 35.39881896972656, 36.03736877441406, 36.67591857910156, 37.3144645690918, 37.96462631225586, 38.614784240722656, 39.26494216918945], "rhythm.bpm_histogram": [0.0, 0.0, 0.0, 0.0, 0.0, 0.0, 0.0, 0.0, 0.0, 0.0, 0.0, 0.0, 0.0, 0.0, 0.0, 0.0, 0.0, 0.0, 0.0, 0.0, 0.0, 0.0, 0.0, 0.0, 0.0, 0.0, 0.0, 0.0, 0.0, 0.0, 0.0, 0.0, 0.0, 0.0, 0.0, 0.0, 0.0, 0.0, 0.0, 0.0, 0.0, 0.0, 0.0, 0.0, 0.0, 0.0, 0.0, 0.0, 0.0, 0.0, 0.0, 0.0, 0.0, 0.0, 0.0, 0.0, 0.0, 0.0, 0.0, 0.0, 0.0, 0.0, 0.0, 0.0, 0.0, 0.0, 0.0, 0.0, 0.0, 0.0, 0.0, 0.0, 0.0, 0.0, 0.0, 0.0, 0.0, 0.0, 0.0, 0.0, 0.0, 0.0, 0.0, 0.0, 0.0, 0.0, 0.0, 0.0, 0.01666666753590107, 0.01666666753590107, 0.0, 0.01666666753590107, 0.4333333373069763, 0.0, 0.4000000059604645, 0.0, 0.0833333358168602, 0.0, 0.01666666753590107, 0.01666666753590107, 0.0, 0.0, 0.0, 0.0, 0.0, 0.0, 0.0, 0.0, 0.0, 0.0, 0.0, 0.0, 0.0, 0.0, 0.0, 0.0, 0.0, 0.0, 0.0, 0.0, 0.0, 0.0, 0.0, 0.0, 0.0, 0.0, 0.0, 0.0, 0.0, 0.0, 0.0, 0.0, 0.0, 0.0, 0.0, 0.0, 0.0, 0.0, 0.0, 0.0, 0.0, 0.0, 0.0, 0.0, 0.0, 0.0, 0.0, 0.0, 0.0, 0.0, 0.0, 0.0, 0.0, 0.0, 0.0, 0.0, 0.0, 0.0, 0.0, 0.0, 0.0, 0.0, 0.0, 0.0, 0.0, 0.0, 0.0, 0.0, 0.0, 0.0, 0.0, 0.0, 0.0, 0.0, 0.0, 0.0, 0.0, 0.0, 0.0, 0.0, 0.0, 0.0, 0.0, 0.0, 0.0, 0.0, 0.0, 0.0, 0.0, 0.0, 0.0, 0.0, 0.0, 0.0, 0.0, 0.0, 0.0, 0.0, 0.0, 0.0, 0.0, 0.0, 0.0, 0.0, 0.0, 0.0, 0.0, 0.0, 0.0, 0.0, 0.0, 0.0, 0.0, 0.0, 0.0, 0.0, 0.0, 0.0, 0.0, 0.0, 0.0, 0.0, 0.0, 0.0, 0.0, 0.0, 0.0, 0.0, 0.0, 0.0, 0.0, 0.0, 0.0, 0.0, 0.0, 0.0, 0.0, 0.0, 0.0, 0.0, 0.0, 0.0, 0.0, 0.0, 0.0, 0.0, 0.0, 0.0, 0.0, 0.0], "tonal.chords_histogram": [2.1052632331848145, 3.1578948497772217, 24.678361892700195, 0.0, 0.9356725215911865, 4.912280559539795, 0.0, 0.0, 0.0, 0.0, 0.0, 0.23391813039779663, 0.0, 0.0, 0.0, 0.35087719559669495, 0.0, 7.953216552734375, 11.695906639099121, 13.918128967285156, 0.0, 7.719298362731934, 17.77777862548828, 4.561403274536133], "tonal.thpcp": [1.0, 0.507594645023346, 0.0297342948615551, 0.0411984883248806, 0.0659353956580162, 0.13682350516319275, 0.3392346203327179, 0.3158280551433563, 0.1374816596508026, 0.14865922927856445, 0.12396673858165741, 0.06981581449508667, 0.0679873675107956, 0.07460486143827438, 0.16317836940288544, 0.2475980669260025, 0.15778127312660217, 0.05803174525499344, 0.04977365583181381, 0.04869050905108452, 0.11731402575969696, 0.21203094720840454, 0.1393805593252182, 0.1127353236079216, 0.21278822422027588, 0.17027129232883453, 0.09581320732831955, 0.08458200097084045, 0.06753036379814148, 0.12841252982616425, 0.32770591974258423, 0.267621248960495, 0.06286637485027313, 0.04725394397974014, 0.056342583149671555, 0.5430622696876526], "lowlevel.gfcc.cov": [[14569.2138671875, -5420.68603515625, 399.5930480957031, 1412.0609130859375, -1738.637939453125, 231.78738403320312, -674.9603271484375, 759.1873779296875, -568.3886108398438, 694.7841796875, -149.1798858642578, 811.0687255859375, -1057.2386474609375], [-5420.68603515625, 4865.83544921875, -651.7852783203125, -1158.1976318359375, 1180.0264892578125, -350.97900390625, 302.0196533203125, -454.56671142578125, 534.8062133789062, -744.4866943359375, 291.69305419921875, -353.46759033203125, 451.5145568847656], [399.5930480957031, -651.7852783203125, 797.1548461914062, 283.47308349609375, -8.0985746383667, 130.92002868652344, -36.41630935668945, 52.381046295166016, -41.27233123779297, 127.03341674804688, -132.77853393554688, 35.68721008300781, -11.643800735473633], [1412.0609130859375, -1158.1976318359375, 283.47308349609375, 781.0829467773438, -135.95941162109375, 86.39495849609375, -97.78498077392578, 20.253780364990234, -46.4190788269043, 179.10194396972656, -97.3609848022461, 7.165369510650635, 14.71091079711914], [-1738.637939453125, 1180.0264892578125, -8.0985746383667, -135.95941162109375, 618.2702026367188, -38.52999496459961, 38.68233871459961, -129.60452270507812, 169.33372497558594, -170.73788452148438, 9.49769401550293, -150.10450744628906, 197.75674438476562], [231.78738403320312, -350.97900390625, 130.92002868652344, 86.39495849609375, -38.52999496459961, 222.03758239746094, 52.37739181518555, 49.379966735839844, -40.85883712768555, 58.2701530456543, -36.30270004272461, -20.405305862426758, -29.67789649963379], [-674.9603271484375, 302.0196533203125, -36.41630935668945, -97.78498077392578, 38.68233871459961, 52.37739181518555, 327.35205078125, 34.77359390258789, -46.7319450378418, -59.3198127746582, 19.601158142089844, -90.798583984375, 26.456912994384766], [759.1873779296875, -454.56671142578125, 52.381046295166016, 20.253780364990234, -129.60452270507812, 49.379966735839844, 34.77359390258789, 243.2248992919922, -52.93888473510742, 25.362192153930664, -7.225098609924316, 73.73761749267578, -101.81328582763672], [-568.3886108398438, 534.8062133789062, -41.27233123779297, -46.4190788269043, 169.33372497558594, -40.85883712768555, -46.7319450378418, -52.93888473510742, 185.37924194335938, -72.0469741821289, 7.607711315155029, -32.930484771728516, 76.52069854736328], [694.7841796875, -744.4866943359375, 127.03341674804688, 179.10194396972656, -170.73788452148438, 58.2701530456543, -59.3198127746582, 25.362192153930664, -72.0469741821289, 225.10516357421875, -42.86375427246094, 30.227392196655273, -63.66583251953125], [-149.1798858642578, 291.69305419921875, -132.77853393554688, -97.3609848022461, 9.49769401550293, -36.30270004272461, 19.601158142089844, -7.225098609924316, 7.607711315155029, -42.86375427246094, 143.111572265625, 14.086122512817383, -27.778411865234375], [811.0687255859375, -353.46759033203125, 35.68721008300781, 7.165369510650635, -150.10450744628906, -20.405305862426758, -90.798583984375, 73.73761749267578, -32.930484771728516, 30.227392196655273, 14.086122512817383, 184.528564453125, -90.04287719726562], [-1057.2386474609375, 451.5145568847656, -11.643800735473633, 14.71091079711914, 197.75674438476562, -29.67789649963379, 26.456912994384766, -101.81328582763672, 76.52069854736328, -63.66583251953125, -27.778411865234375, -90.04287719726562, 234.2764129638672]], "lowlevel.gfcc.icov": [[0.00019777074339799583, -4.139936572755687e-05, 8.923081622924656e-05, -0.00035225582541897893, 0.00019600210362114012, -5.595428228843957e-05, 0.00025756534887477756, -0.00024351489264518023, 0.00018737353093456477, 3.2775871659396216e-05, 0.00019428014638833702, -0.0002935857337433845, 0.0005492902128025889], [-4.139936572755687e-05, 0.002151793334633112, -0.00011343769438099116, 0.001744648558087647, -0.0014981352724134922, 0.0009946248028427362, -0.0013142474927008152, 0.0018683831440284848, -0.0027618634048849344, 0.002468758262693882, -0.0020017693750560284, 0.0007870742701925337, -0.00045996776316314936], [8.923081622924656e-05, -0.00011343769438099116, 0.0018930004443973303, -0.0006436461117118597, -0.00042670455877669156, -0.0007247201865538955, 4.343410182627849e-05, -0.0002777406480163336, 0.00037003977922722697, -0.0006701010279357433, 0.0014186741318553686, -0.0009911422384902835, 0.00038288565701805055], [-0.00035225582541897893, 0.001744648558087647, -0.0006436461117118597, 0.0037767167668789625, -0.0011259306920692325, 0.000611309427767992, -0.0009229757124558091, 0.0016537646297365427, -0.0024057584814727306, 0.0009429238853044808, -0.0016259768744930625, 0.0014952541096135974, -0.0019464902579784393], [0.00019600210362114012, -0.0014981352724134922, -0.00042670455877669156, -0.0011259306920692325, 0.00461918581277132, -0.0008421294623985887, 0.0014112974749878049, -0.0011724000796675682, 0.0004639249527826905, -0.0001315644331043586, 0.0010581495007500052, 0.0009838161058723927, -0.0005370710277929902], [-5.595428228843957e-05, 0.0009946248028427362, -0.0007247201865538955, 0.000611309427767992, -0.0008421294623985887, 0.006426680367439985, -0.0015850000781938434, 6.753820343874395e-05, -0.0010706775356084108, 0.00015255554171744734, -0.0004010220291092992, 0.001500932965427637, 0.0004099932557437569], [0.00025756534887477756, -0.0013142474927008152, 4.343410182627849e-05, -0.0009229757124558091, 0.0014112974749878049, -0.0015850000781938434, 0.0059595913626253605, -0.002705221762880683, 0.00372811546549201, -1.5788478776812553e-05, 0.0005339424824342132, 0.002064058091491461, 0.0001492387818871066], [-0.00024351489264518023, 0.0018683831440284848, -0.0002777406480163336, 0.0016537646297365427, -0.0011724000796675682, 6.753820343874395e-05, -0.002705221762880683, 0.007884474471211433, -0.002648170804604888, 0.002617332385852933, -0.0011154088424518704, -0.0011611618101596832, 0.0009104139171540737], [0.00018737353093456477, -0.0027618634048849344, 0.00037003977922722697, -0.0024057584814727306, 0.0004639249527826905, -0.0010706775356084108, 0.00372811546549201, -0.002648170804604888, 0.012118344195187092, -0.0016961413202807307, 0.0024728341959416866, -0.0007799918530508876, -0.00018689573334995657], [3.2775871659396216e-05, 0.002468758262693882, -0.0006701010279357433, 0.0009429238853044808, -0.0001315644331043586, 0.00015255554171744734, -1.5788478776812553e-05, 0.002617332385852933, -0.0016961413202807307, 0.010771341621875763, -0.0015507707139477134, 0.0018697853665798903, 0.0005829836591146886], [0.00019428014638833702, -0.0020017693750560284, 0.0014186741318553686, -0.0016259768744930625, 0.0010581495007500052, -0.0004010220291092992, 0.0005339424824342132, -0.0011154088424518704, 0.0024728341959416866, -0.0015507707139477134, 0.011321735568344593, -0.0022405977360904217, 0.0026704142801463604], [-0.0002935857337433845, 0.0007870742701925337, -0.0009911422384902835, 0.0014952541096135974, 0.0009838161058723927, 0.001500932965427637, 0.002064058091491461, -0.0011611618101596832, -0.0007799918530508876, 0.0018697853665798903, -0.0022405977360904217, 0.010629525408148766, 0.00021963306062389165], [0.0005492902128025889, -0.00045996776316314936, 0.00038288565701805055, -0.0019464902579784393, -0.0005370710277929902, 0.0004099932557437569, 0.0001492387818871066, 0.0009104139171540737, -0.00018689573334995657, 0.0005829836591146886, 0.0026704142801463604, 0.00021963306062389165, 0.009279639460146427]], "lowlevel.mfcc.cov": [[12884.53125, -4490.79736328125, 737.9951782226562, 428.2330322265625, -387.1429748535156, -630.8125, -201.46632385253906, 118.66387939453125, -638.46484375, -106.12153625488281, 521.4512329101562, -18.844858169555664, 687.6127319335938], [-4490.79736328125, 4279.23046875, -972.7421875, -496.9229431152344, 309.04193115234375, 21.65640640258789, -168.77532958984375, 353.3855285644531, -52.784969329833984, 17.116207122802734, -226.5753936767578, -26.600276947021484, -177.18321228027344], [737.9951782226562, -972.7421875, 713.2857666015625, 188.51629638671875, -33.6059684753418, 79.59255981445312, 55.682743072509766, -79.08628845214844, 81.69924926757812, 20.569072723388672, 31.89092254638672, -19.632022857666016, 66.42755889892578], [428.2330322265625, -496.9229431152344, 188.51629638671875, 408.1333312988281, 119.33078002929688, 88.13455963134766, -7.160589694976807, -91.64071655273438, 99.37096405029297, -5.8321003913879395, -16.39014434814453, -34.554710388183594, 27.227014541625977], [-387.1429748535156, 309.04193115234375, -33.6059684753418, 119.33078002929688, 457.1167907714844, 105.73036193847656, -118.23570251464844, -10.696419715881348, 85.59029388427734, 25.785478591918945, -68.58907318115234, -29.562763214111328, 18.63861083984375], [-630.8125, 21.65640640258789, 79.59255981445312, 88.13455963134766, 105.73036193847656, 283.19403076171875, 42.55193328857422, -119.98441314697266, 129.22811889648438, 18.441692352294922, -46.410888671875, 9.594310760498047, -61.50914001464844], [-201.46632385253906, -168.77532958984375, 55.682743072509766, -7.160589694976807, -118.23570251464844, 42.55193328857422, 321.44287109375, 33.57816696166992, 56.24597930908203, 64.76326751708984, 12.003935813903809, 44.058189392089844, -51.81269836425781], [118.66387939453125, 353.3855285644531, -79.08628845214844, -91.64071655273438, -10.696419715881348, -119.98441314697266, 33.57816696166992, 314.56744384765625, -64.31242370605469, 31.838302612304688, 29.380977630615234, -29.50151252746582, 40.79545593261719], [-638.46484375, -52.784969329833984, 81.69924926757812, 99.37096405029297, 85.59029388427734, 129.22811889648438, 56.24597930908203, -64.31242370605469, 305.8728332519531, 13.440411567687988, -46.3549919128418, -11.245606422424316, -69.37841796875], [-106.12153625488281, 17.116207122802734, 20.569072723388672, -5.8321003913879395, 25.785478591918945, 18.441692352294922, 64.76326751708984, 31.838302612304688, 13.440411567687988, 163.85333251953125, -5.353767395019531, 3.9348552227020264, 5.711958885192871], [521.4512329101562, -226.5753936767578, 31.89092254638672, -16.39014434814453, -68.58907318115234, -46.410888671875, 12.003935813903809, 29.380977630615234, -46.3549919128418, -5.353767395019531, 157.89105224609375, 3.6173603534698486, 30.41583251953125], [-18.844858169555664, -26.600276947021484, -19.632022857666016, -34.554710388183594, -29.562763214111328, 9.594310760498047, 44.058189392089844, -29.50151252746582, -11.245606422424316, 3.9348552227020264, 3.6173603534698486, 108.14862060546875, -0.23400986194610596], [687.6127319335938, -177.18321228027344, 66.42755889892578, 27.227014541625977, 18.63861083984375, -61.50914001464844, -51.81269836425781, 40.79545593261719, -69.37841796875, 5.711958885192871, 30.41583251953125, -0.23400986194610596, 158.0679931640625]], "lowlevel.mfcc.icov": [[0.00019904764485545456, 0.00021461956202983856, 8.059180981945246e-05, -8.55980979395099e-05, -9.086320460482966e-06, 0.00011768096737796441, 0.0001146140493801795, -0.00018139935855288059, 0.00023749186948407441, 5.961609349469654e-05, -0.000174232991412282, -6.81039045957732e-06, -0.00037757784593850374], [0.00021461956202983856, 0.0007353161345236003, 0.0005578979034908116, 0.00031460399623028934, -0.00023048423463478684, -0.00022972158330958337, 0.00036678247852250934, -0.0007738530985079706, 0.00028351054061204195, 5.9823389165103436e-05, 0.00031443676562048495, 3.352350540808402e-05, -7.846995868021622e-05], [8.059180981945246e-05, 0.0005578979034908116, 0.002367983106523752, -0.0002909446775447577, 0.00025397693389095366, -0.0007438338361680508, -1.3291572940943297e-05, -0.0002842903195414692, -0.00028979001217521727, -0.00015907912165857852, 7.237007957883179e-05, 0.0005223883199505508, -0.0010552189778536558], [-8.55980979395099e-05, 0.00031460399623028934, -0.0002909446775447577, 0.003897355869412422, -0.0010163738625124097, -0.0005010310560464859, -0.0003415881365071982, 0.0005156415863893926, -0.000675237737596035, 0.00039735808968544006, 0.00042965056491084397, 0.0012011362705379725, -0.0005358332418836653], [-9.086320460482966e-06, -0.00023048423463478684, 0.00025397693389095366, -0.0010163738625124097, 0.0035834566224366426, -0.0012167056556791067, 0.0014823091914877295, -0.0004859476466663182, -0.0007178476662375033, -0.0008577671251259744, 0.0006430056528188288, -5.262232662062161e-05, -0.0008430805755779147], [0.00011768096737796441, -0.00022972158330958337, -0.0007438338361680508, -0.0005010310560464859, -0.0012167056556791067, 0.0062998333014547825, -0.0009913502726703882, 0.0020336234010756016, -0.0009288813453167677, -0.0002972880902234465, -6.542127812281251e-05, -0.0003454171819612384, 0.0009897107956930995], [0.0001146140493801795, 0.00036678247852250934, -1.3291572940943297e-05, -0.0003415881365071982, 0.0014823091914877295, -0.0009913502726703882, 0.005202803295105696, -0.0017566793831065297, -0.0005993755767121911, -0.0017617626581341028, -5.516373857972212e-05, -0.0021003608126193285, 0.0013833112316206098], [-0.00018139935855288059, -0.0007738530985079706, -0.0002842903195414692, 0.0005156415863893926, -0.0004859476466663182, 0.0020336234010756016, -0.0017566793831065297, 0.005563017912209034, -0.00010918082989519462, -0.0005453692865557969, -0.0007997367647476494, 0.0018440154381096363, -0.0010821910109370947], [0.00023749186948407441, 0.00028351054061204195, -0.0002