{"song_id": "1182272050220511232", "download": "https://cdn.discordapp.com/attachments/1135903449314238464/1182272050220511232/chirp.mp4?ex=658417a6&amp", "lyrics": "Mr. Globe shill (Mr. Globe shill)\nYou looove begging the question\nMr. Globe shill (Mr. Globe shill)\nYou dooon't have good intentions\nMr. Globeshill likes to lie\nAnd in hell he's gonna die\nBecause the Earth is not a ball!\nIt has no curve, no movement at all", "style": ["metal"], "essentia_features": {"lowlevel.average_loudness": 0.9850026369094849, "lowlevel.barkbands_crest.mean": 9.904029846191406, "lowlevel.barkbands_crest.stdev": 3.8966715335845947, "lowlevel.barkbands_flatness_db.mean": 0.09553690254688263, "lowlevel.barkbands_flatness_db.stdev": 0.026526818051934242, "lowlevel.barkbands_kurtosis.mean": 1.353094220161438, "lowlevel.barkbands_kurtosis.stdev": 2.903554916381836, "lowlevel.barkbands_skewness.mean": 1.293513536453247, "lowlevel.barkbands_skewness.stdev": 0.8000346422195435, "lowlevel.barkbands_spread.mean": 37.18540573120117, "lowlevel.barkbands_spread.stdev": 13.946432113647461, "lowlevel.dissonance.mean": 0.48076289892196655, "lowlevel.dissonance.stdev": 0.01407739520072937, "lowlevel.dynamic_complexity": 0.9680550694465637, "lowlevel.erbbands_crest.mean": 7.897091388702393, "lowlevel.erbbands_crest.stdev": 4.583926677703857, "lowlevel.erbbands_flatness_db.mean": 0.12047088146209717, "lowlevel.erbbands_flatness_db.stdev": 0.023783447220921516, "lowlevel.erbbands_kurtosis.mean": -0.033613886684179306, "lowlevel.erbbands_kurtosis.stdev": 1.0324677228927612, "lowlevel.erbbands_skewness.mean": -0.028964508324861526, "lowlevel.erbbands_skewness.stdev": 0.5811377167701721, "lowlevel.erbbands_spread.mean": 46.9797248840332, "lowlevel.erbbands_spread.stdev": 16.818681716918945, "lowlevel.hfc.mean": 44.560081481933594, "lowlevel.hfc.stdev": 17.930723190307617, "lowlevel.loudness_ebu128.integrated": -10.25246524810791, "lowlevel.loudness_ebu128.loudness_range": 0.7727632522583008, "lowlevel.loudness_ebu128.momentary.mean": -10.288512229919434, "lowlevel.loudness_ebu128.momentary.stdev": 0.565168023109436, "lowlevel.loudness_ebu128.short_term.mean": -10.275362014770508, "lowlevel.loudness_ebu128.short_term.stdev": 0.27583450078964233, "lowlevel.melbands_crest.mean": 16.07776641845703, "lowlevel.melbands_crest.stdev": 5.168643474578857, "lowlevel.melbands_flatness_db.mean": 0.15134386718273163, "lowlevel.melbands_flatness_db.stdev": 0.03538994491100311, "lowlevel.melbands_kurtosis.mean": 11.775545120239258, "lowlevel.melbands_kurtosis.stdev": 12.768016815185547, "lowlevel.melbands_skewness.mean": 2.8626835346221924, "lowlevel.melbands_skewness.stdev": 1.4644054174423218, "lowlevel.melbands_spread.mean": 32.66801071166992, "lowlevel.melbands_spread.stdev": 15.829277992248535, "lowlevel.pitch_salience.mean": 0.5326282978057861, "lowlevel.pitch_salience.stdev": 0.1000078096985817, "lowlevel.silence_rate_20dB.mean": 1.0, "lowlevel.silence_rate_20dB.stdev": 0.0, "lowlevel.silence_rate_30dB.mean": 0.9971126317977905, "lowlevel.silence_rate_30dB.stdev": 0.053656868636608124, "lowlevel.silence_rate_60dB.mean": 0.0019249278120696545, "lowlevel.silence_rate_60dB.stdev": 0.04383163899183273, "lowlevel.spectral_centroid.mean": 1952.6934814453125, "lowlevel.spectral_centroid.stdev": 479.68841552734375, "lowlevel.spectral_complexity.mean": 37.56111526489258, "lowlevel.spectral_complexity.stdev": 5.721636772155762, "lowlevel.spectral_decrease.mean": -1.249321179841445e-08, "lowlevel.spectral_decrease.stdev": 5.255522683711433e-09, "lowlevel.spectral_energy.mean": 0.051193952560424805, "lowlevel.spectral_energy.stdev": 0.020075395703315735, "lowlevel.spectral_energyband_high.mean": 0.003148496150970459, "lowlevel.spectral_energyband_high.stdev": 0.002390258014202118, "lowlevel.spectral_energyband_low.mean": 0.023997453972697258, "lowlevel.spectral_energyband_low.stdev": 0.018474116921424866, "lowlevel.spectral_energyband_middle_high.mean": 0.010174059309065342, "lowlevel.spectral_energyband_middle_high.stdev": 0.00661667762324214, "lowlevel.spectral_energyband_middle_low.mean": 0.014203021302819252, "lowlevel.spectral_energyband_middle_low.stdev": 0.013786394149065018, "lowlevel.spectral_entropy.mean": 8.105741500854492, "lowlevel.spectral_entropy.stdev": 0.14964725077152252, "lowlevel.spectral_flux.mean": 0.13161346316337585, "lowlevel.spectral_flux.stdev": 0.04880080372095108, "lowlevel.spectral_kurtosis.mean": 1.8746973276138306, "lowlevel.spectral_kurtosis.stdev": 0.7573226690292358, "lowlevel.spectral_rms.mean": 0.00693909777328372, "lowlevel.spectral_rms.stdev": 0.001339515671133995, "lowlevel.spectral_rolloff.mean": 1815.4830322265625, "lowlevel.spectral_rolloff.stdev": 1421.5960693359375, "lowlevel.spectral_skewness.mean": 1.0734587907791138, "lowlevel.spectral_skewness.stdev": 0.1898425817489624, "lowlevel.spectral_spread.mean": 5379175.0, "lowlevel.spectral_spread.stdev": 630888.4375, "lowlevel.spectral_strongpeak.mean": 0.9665578603744507, "lowlevel.spectral_strongpeak.stdev": 1.5458818674087524, "lowlevel.zerocrossingrate.mean": 0.07812687754631042, "lowlevel.zerocrossingrate.stdev": 0.026239311322569847, "metadata.audio_properties.analysis.equal_loudness": 0.0, "metadata.audio_properties.analysis.length": 24.085329055786133, "metadata.audio_properties.analysis.sample_rate": 44100.0, "metadata.audio_properties.analysis.start_time": 0.0, "metadata.audio_properties.bit_rate": 120342.0, "metadata.audio_properties.length": 24.0853328704834, "metadata.audio_properties.lossless": 0.0, "metadata.audio_properties.number_channels": 1.0, "metadata.audio_properties.replay_gain": -14.447628021240234, "metadata.audio_properties.sample_rate": 48000.0, "rhythm.beats_count": 63.0, "rhythm.beats_loudness.mean": 0.0661277174949646, "rhythm.beats_loudness.stdev": 0.017373396083712578, "rhythm.bpm": 161.62603759765625, "rhythm.bpm_histogram_first_peak_bpm": 161.0, "rhythm.bpm_histogram_first_peak_weight": 0.2982456088066101, "rhythm.bpm_histogram_second_peak_bpm": 144.0, "rhythm.bpm_histogram_second_peak_spread": 0.3333333134651184, "rhythm.bpm_histogram_second_peak_weight": 0.032258063554763794, "rhythm.danceability": 1.6897234916687012, "rhythm.onset_rate": 2.7798163890838623, "tonal.chords_changes_rate": 0.05961538478732109, "tonal.chords_number_rate": 0.01923076994717121, "tonal.chords_strength.mean": 0.5608410239219666, "tonal.chords_strength.stdev": 0.0996832326054573, "tonal.hpcp_crest.mean": 12.135795593261719, "tonal.hpcp_crest.stdev": 5.412506580352783, "tonal.hpcp_entropy.mean": 2.2126786708831787, "tonal.hpcp_entropy.stdev": 0.7551591396331787, "tonal.key_edma.strength": 0.5337266325950623, "tonal.key_krumhansl.strength": 0.5390082001686096, "tonal.key_temperley.strength": 0.5252714157104492, "tonal.tuning_diatonic_strength": 0.6582372784614563, "tonal.tuning_equal_tempered_deviation": 0.2375471144914627, "tonal.tuning_frequency": 434.193115234375, "tonal.tuning_nontempered_energy_ratio": 0.9300193190574646, "lowlevel.barkbands.mean": [0.0027716183103621006, 0.014346262440085411, 0.007170857395976782, 0.0023249217774719, 0.005492012016475201, 0.0011980965500697494, 0.0010437691817060113, 0.0013811097014695406, 0.0016518202610313892, 0.002380155026912689, 0.0006869783392176032, 0.0010255271336063743, 0.001256643095985055, 0.0015085265040397644, 0.0009262621169909835, 0.000683540478348732, 0.0006935273413546383, 0.0005286665982566774, 0.0006550540565513074, 0.0006716909701935947, 0.0006733005284331739, 0.0007597753428854048, 0.0006154514849185944, 0.00043241618550382555, 0.0002538177650421858, 6.134866271167994e-05, 8.686553201187053e-07], "lowlevel.barkbands.stdev": [0.0021989254746586084, 0.01485038548707962, 0.00861398596316576, 0.0027133640833199024, 0.011781576089560986, 0.0023946582805365324, 0.002050365088507533, 0.0025487076491117477, 0.0032255465630441904, 0.004450755659490824, 0.0010119322687387466, 0.001764138462021947, 0.0020672183018177748, 0.0028241323307156563, 0.0021341987885534763, 0.0006084339111112058, 0.0005322565557435155, 0.0002660005702637136, 0.00029814059962518513, 0.000307945505483076, 0.0003597289905883372, 0.0007322899764403701, 0.0008021992398425937, 0.0004757119168061763, 0.00021977469441480935, 5.8578443713486195e-05, 2.248635837531765e-06], "lowlevel.erbbands.mean": [0.530005693435669, 2.818580389022827, 7.539144039154053, 8.548746109008789, 16.251039505004883, 16.88121795654297, 9.190149307250977, 11.496572494506836, 12.34139347076416, 28.799968719482422, 21.40036392211914, 39.57947540283203, 84.36453247070312, 31.97313690185547, 38.30067825317383, 42.76930236816406, 56.53751754760742, 69.80438995361328, 69.02015686035156, 40.57787322998047, 42.17216491699219, 38.212345123291016, 27.943288803100586, 35.59672164916992, 30.17697525024414, 32.1309814453125, 28.234830856323242, 26.64013671875, 28.193632125854492, 22.948989868164062, 16.134170532226562, 10.189921379089355, 6.628861904144287, 3.6897988319396973, 1.3264448642730713, 0.4468971788883209, 0.0696229338645935, 0.005708592478185892, 0.0001873616420198232, 7.444725633831695e-05], "lowlevel.erbbands.stdev": [0.56383216381073, 3.199615240097046, 8.887794494628906, 8.840911865234375, 33.985687255859375, 37.45217514038086, 16.698047637939453, 23.786418914794922, 21.576736450195312, 49.840087890625, 36.26456069946289, 79.37413787841797, 149.0618896484375, 54.23245620727539, 61.38138961791992, 74.02830505371094, 83.14936065673828, 121.26514434814453, 125.93104553222656, 97.34308624267578, 34.66331481933594, 28.397689819335938, 13.828302383422852, 16.2589054107666, 13.998269081115723, 15.162941932678223, 13.732747077941895, 16.288759231567383, 25.198564529418945, 30.040191650390625, 20.347864151000977, 11.700456619262695, 7.216403961181641, 3.5044033527374268, 1.0523349046707153, 0.40268802642822266, 0.0786416158080101, 0.00809788890182972, 0.0002047611924353987, 2.667826265678741e-05], "lowlevel.gfcc.mean": [77.03982543945312, 64.60706329345703, -118.16221618652344, 56.14692306518555, -59.410221099853516, 37.919918060302734, -33.343894958496094, 18.25170135498047, -24.034944534301758, 7.36256217956543, -18.319900512695312, -1.6509186029434204, -12.003726959228516], "lowlevel.melbands.mean": [0.004367690533399582, 0.003730081720277667, 0.0017237059073522687, 0.0012834947556257248, 0.00039437951636500657, 0.00024694748572073877, 0.0001984558766707778, 0.00033684048685245216, 0.00015405307931359857, 0.0002698013267945498, 0.000430094834882766, 0.00014063561684451997, 0.00010343657777411863, 0.0001239839766640216, 9.281462553190067e-05, 0.0001467371330363676, 0.00012919864093419164, 0.00012339584645815194, 5.8848701883107424e-05, 4.908478513243608e-05, 5.033132401877083e-05, 4.276849722373299e-05, 2.7362453693058342e-05, 2.3817776309442706e-05, 2.9881846785428934e-05, 2.2397745851776563e-05, 2.1623234715661965e-05, 2.1139039745321497e-05, 1.7576610844116658e-05, 1.6396008504671045e-05, 1.5135252397158183e-05, 1.6734160453779623e-05, 1.3453332940116525e-05, 1.2672684533754364e-05, 9.67974392551696e-06, 7.430202913383255e-06, 5.7959823607234284e-06, 4.82003497381811e-06, 3.942186140193371e-06, 2.82060454992461e-06], "lowlevel.melbands.stdev": [0.004434756003320217, 0.0038749189116060734, 0.0017269484233111143, 0.0029036321211606264, 0.0007112102466635406, 0.0004997727810405195, 0.0003622504882514477, 0.0005807208362966776, 0.00026562140556052327, 0.0005517872050404549, 0.0007643807330168784, 0.0002786428085528314, 0.0001618001115275547, 0.00020639366994146258, 0.000123836231068708, 0.0002675407740753144, 0.0002512411738280207, 0.0002384205290582031, 0.00013267625763546675, 7.920109055703506e-05, 4.1516967030474916e-05, 3.5633831430459395e-05, 1.5956688002916053e-05, 1.2880032045359258e-05, 1.4865590856061317e-05, 1.225153300765669e-05, 1.0860731890716124e-05, 1.0904521332122386e-05, 9.325649443781003e-06, 9.75846251094481e-06, 1.0171305802941788e-05, 1.4571409337804653e-05, 1.5806233932380565e-05, 1.807677290344145e-05, 1.2827574209950399e-05, 9.322402547695674e-06, 6.492945431091357e-06, 5.222902018431341e-06, 4.45043588115368e-06, 2.543403070376371e-06], "lowlevel.melbands128.mean": [0.0013380040181800723, 0.004507989156991243, 0.005652157589793205, 0.004155568778514862, 0.00389109761454165, 0.003390878438949585, 0.0016612585168331861, 0.0011740991612896323, 0.0018119810847565532, 0.0015064575709402561, 0.0008455732022412121, 0.000526375719346106, 0.0002690627006813884, 0.00020880710508208722, 0.0002939350379165262, 0.00024387621670030057, 0.00018364295829087496, 0.00016042693459894508, 0.0002658445155248046, 0.0003238330828025937, 0.0004350519157014787, 0.00020304322242736816, 0.00010099212522618473, 0.00010811188258230686, 0.00021880189888179302, 0.00037133460864424706, 0.0003061167662963271, 0.000545316084753722, 0.00045229322859086096, 0.00014384304813575, 5.636796049657278e-05, 4.999743396183476e-05, 7.793072290951386e-05, 0.00018927091150544584, 0.00011170410289196298, 0.00011169289064127952, 0.00012737723591271788, 8.447667642030865e-05, 6.711614696541801e-05, 0.00013679161202162504, 0.00019961844373028725, 0.000100252429547254, 0.0001094176186597906, 0.00015441358846146613, 0.00016002169286366552, 0.00011241280299145728, 9.538037556922063e-05, 4.259812703821808e-05, 5.950502600171603e-05, 5.1171482482459396e-05, 4.521046867012046e-05, 4.973675822839141e-05, 4.660990816773847e-05, 5.4064417781773955e-05, 5.067257006885484e-05, 4.524880205281079e-05, 3.259736331528984e-05, 2.692076304811053e-05, 2.758415212156251e-05, 2.3700920792180113e-05, 2.0044306438649073e-05, 2.5089102564379573e-05, 3.5122073313687e-05, 3.034796827705577e-05, 2.406068415439222e-05, 2.2200110834091902e-05, 2.1591977201751433e-05, 1.954462641151622e-05, 2.1385529180406593e-05, 2.6011261070379987e-05, 1.9613227777881548e-05, 2.048759051831439e-05, 1.8480446669855155e-05, 1.6816922652651556e-05, 1.6429123206762597e-05, 1.806270665838383e-05, 1.532951500848867e-05, 1.4543022189172916e-05, 1.5073126633069478e-05, 1.5322162653319538e-05, 1.8166079826187342e-05, 1.6767900888225995e-05, 1.4739453945367131e-05, 1.3258388207759708e-05, 1.1887370419572107e-05, 1.3340637451619841e-05, 1.2967398106411565e-05, 1.165444336947985e-05, 9.289622539654374e-06, 8.523443284502719e-06, 7.960384209582116e-06, 7.40963469070266e-06, 6.12347594142193e-06, 5.5571772463736124e-06, 5.824798790854402e-06, 5.199744464334799e-06, 4.642331532522803e-06, 4.15410158893792e-06, 4.13505449614604e-06, 3.7071044971526135e-06, 3.3826049730123486e-06, 2.511987077014055e-06, 2.4748344458203064e-06, 1.840305458244984e-06, 1.3305893844517414e-06, 1.0679866591090104e-06, 1.0218475381407188e-06, 1.1099212997578434e-06, 7.453909347532317e-07, 5.230091915109369e-07, 4.467133578600624e-07, 2.5323035401925154e-07, 1.5632257088782353e-07, 9.872037765035202e-08, 6.302678201564049e-08, 4.978797463195406e-08, 3.359401645752769e-08, 3.989198305021091e-09, 1.3006726772013533e-11, 1.346778938371429e-11, 1.2666745256850742e-11, 1.2656832179547273e-11, 1.2722667537545806e-11, 1.1732911517348121e-11, 1.0577426955149516e-11, 7.475870617001945e-12, 6.056027641171413e-12, 5.812513664826824e-12], "lowlevel.melbands128.stdev": [0.001695220940746367, 0.005051127634942532, 0.006592705380171537, 0.005450275726616383, 0.005007745232433081, 0.0041060601361095905, 0.0020330005791038275, 0.0016119057545438409, 0.00406771432608366, 0.004287813790142536, 0.0020012559834867716, 0.0011077681556344032, 0.0005845145205967128, 0.000551460834685713, 0.0007301159203052521, 0.0006233088206499815, 0.00046208302956074476, 0.0004046696121804416, 0.0007577638607472181, 0.0007054488523863256, 0.0009050950757227838, 0.0005426818388514221, 0.0002522336144465953, 0.0003245257830712944, 0.000583523535169661, 0.0009732891339808702, 0.000771441264078021, 0.0012911894591525197, 0.0010442285565659404, 0.00044516718480736017, 9.38391822273843e-05, 7.741494482615963e-05, 0.0001449517294531688, 0.00039763160748407245, 0.00029326407820917666, 0.00029832046129740775, 0.0003190204733982682, 0.00013842646148987114, 0.00013463191862683743, 0.00028168849530629814, 0.0004723542369902134, 0.00035509836743585765, 0.0003067819052375853, 0.00043647008715197444, 0.0004303654714021832, 0.0002959142148029059, 0.000322221516398713, 9.494033292867243e-05, 0.0002579921274445951, 0.00019986150437034667, 5.3032537834951654e-05, 7.723675662418827e-05, 5.342473377822898e-05, 5.2944258641218767e-05, 5.52957208128646e-05, 5.546414467971772e-05, 3.206832843716256e-05, 2.2136251573101617e-05, 2.1790741811855696e-05, 1.7341602870146744e-05, 1.7254473277716897e-05, 1.8776207070914097e-05, 2.492746898496989e-05, 2.1029098206781782e-05, 1.682809306657873e-05, 1.717087252472993e-05, 1.6459418475278653e-05, 1.3611334907182027e-05, 1.393783441017149e-05, 1.9442817574599758e-05, 1.4479863239102997e-05, 1.4722302694281098e-05, 1.3512236364476848e-05, 1.2074156984454021e-05, 1.0463838407304138e-05, 1.3273134754854254e-05, 1.1801975233538542e-05, 1.2045124094584025e-05, 1.1781040484493133e-05, 1.3860340004612226e-05, 1.70141393027734e-05, 1.750016599544324e-05, 1.7421773009118624e-05, 1.840692675614264e-05, 1.6308122212649323e-05, 2.0866706108790822e-05, 2.0944698917446658e-05, 1.8521010133554228e-05, 1.3088213563605677e-05, 1.0931916222034488e-05, 1.0470598681422416e-05, 1.0589833436824847e-05, 8.392858035222162e-06, 6.773356290068477e-06, 6.507010766654275e-06, 5.828257599205244e-06, 5.567724201682722e-06, 5.3454236876859795e-06, 5.385154508985579e-06, 4.276965682947775e-06, 3.7402719499368686e-06, 2.377397322561592e-06, 2.1066095996502554e-06, 1.832001885304635e-06, 1.2785754961441853e-06, 9.59667318056745e-07, 1.0261591114613111e-06, 9.523834592073399e-07, 8.259692094725324e-07, 6.416264568542829e-07, 6.739309128533932e-07, 3.2833173690960393e-07, 2.5907596068464045e-07, 1.6829635285375844e-07, 9.960756131022208e-08, 1.003721479264641e-07, 8.603904433357457e-08, 1.2798825999027486e-08, 9.004900991538278e-11, 1.0321830196113879e-10, 9.269449097182303e-11, 9.519679489145005e-11, 9.926005156701834e-11, 8.537106438444297e-11, 7.044557992497147e-11, 2.4819953384214166e-11, 8.407824783618345e-12, 7.808088377248001e-12], "lowlevel.mfcc.mean": [-557.8466796875, 81.39625549316406, 7.1283278465271, 24.11524772644043, 7.893777370452881, 17.660446166992188, 8.984277725219727, 10.187897682189941, 6.5863237380981445, 6.512317657470703, 4.257972240447998, 2.3322465419769287, -1.008618950843811], "lowlevel.spectral_contrast_coeffs.mean": [-0.7195736765861511, -0.7649996876716614, -0.766509473323822, -0.791345477104187, -0.8073579668998718, -0.7441835999488831], "lowlevel.spectral_contrast_coeffs.stdev": [0.07513366639614105, 0.06638427078723907, 0.06907674670219421, 0.04351591318845749, 0.017830325290560722, 0.021900776773691177], "lowlevel.spectral_contrast_valleys.mean": [-6.155133247375488, -6.494907855987549, -6.724401950836182, -6.7544026374816895, -6.448563098907471, -8.850629806518555], "lowlevel.spectral_contrast_valleys.stdev": [0.535458505153656, 0.5621635913848877, 0.513876736164093, 0.44757503271102905, 0.37562018632888794, 0.435060977935791], "rhythm.beats_loudness_band_ratio.mean": [0.6749666333198547, 0.1579538732767105, 0.0748884305357933, 0.07598444819450378, 0.052154768258333206, 0.06280124187469482], "rhythm.beats_loudness_band_ratio.stdev": [0.15068860352039337, 0.1749539077281952, 0.08059675246477127, 0.066685751080513, 0.02783241681754589, 0.031723298132419586], "tonal.hpcp.mean": [0.13530659675598145, 0.12902984023094177, 0.12715134024620056, 0.1787770390510559, 0.21436123549938202, 0.16075032949447632, 0.10912906378507614, 0.08724471926689148, 0.0986243188381195, 0.19034859538078308, 0.20234663784503937, 0.11297185719013214, 0.09350261092185974, 0.0808185487985611, 0.05221065506339073, 0.052614323794841766, 0.055779941380023956, 0.05126607418060303, 0.05626842379570007, 0.05470499023795128, 0.05307171866297722, 0.05418117716908455, 0.051554013043642044, 0.07682187855243683, 0.15540966391563416, 0.18658359348773956, 0.13584870100021362, 0.11448848992586136, 0.11645442992448807, 0.11574791371822357, 0.17025576531887054, 0.2070351243019104, 0.19474105536937714, 0.22477704286575317, 0.24121518433094025, 0.18506984412670135], "tonal.hpcp.stdev": [0.24406039714813232, 0.2516360580921173, 0.24756905436515808, 0.28437021374702454, 0.321285218000412, 0.26773154735565186, 0.22297917306423187, 0.20491696894168854, 0.19321544468402863, 0.29295024275779724, 0.2831704020500183, 0.19975006580352783, 0.1991816908121109, 0.16380910575389862, 0.10637756437063217, 0.10205467790365219, 0.10456418246030807, 0.11162564903497696, 0.1136818677186966, 0.11158762127161026, 0.13353566825389862, 0.14955957233905792, 0.12720778584480286, 0.1694636344909668, 0.23023191094398499, 0.2666177749633789, 0.22862891852855682, 0.2286674976348877, 0.23899705708026886, 0.20683632791042328, 0.2538059949874878, 0.28969502449035645, 0.27727705240249634, 0.3069155514240265, 0.3373112082481384, 0.29011741280555725], "rhythm.beats_position": [0.40634921193122864, 0.8243083953857422, 1.2422676086425781, 1.6486167907714844, 2.0201361179351807, 2.391655206680298, 2.763174533843994, 3.1346938610076904, 3.5178229808807373, 3.9009523391723633, 4.2724714279174805, 4.643990993499756, 5.015510082244873, 5.38702917098999, 5.770158767700195, 6.1416778564453125, 6.501587390899658, 6.873106479644775, 7.256235599517822, 7.639364719390869, 8.010884284973145, 8.394013404846191, 8.765532493591309, 9.148661613464355, 9.520181655883789, 9.891700744628906, 10.263219833374023, 10.63473892211914, 11.006258010864258, 11.389387130737305, 11.760907173156738, 12.132426261901855, 12.515555381774902, 12.88707447052002, 13.270203590393066, 13.641722679138184, 14.024852752685547, 14.396371841430664, 14.767890930175781, 15.139410018920898, 15.510929107666016, 15.894058227539062, 16.27718734741211, 16.648706436157227, 17.020225524902344, 17.391746520996094, 17.76326560974121, 18.158004760742188, 18.529523849487305, 18.901042938232422, 19.27256202697754, 19.644081115722656, 20.015600204467773, 20.38711929321289, 20.770248413085938, 21.153377532958984, 21.5248966217041, 21.89641761779785, 22.26793670654297, 22.639455795288086, 23.010974884033203, 23.39410400390625, 23.777233123779297], "rhythm.bpm_histogram": [0.0, 0.0, 0.0, 0.0, 0.0, 0.0, 0.0, 0.0, 0.0, 0.0, 0.0, 0.0, 0.0, 0.0, 0.0, 0.0, 0.0, 0.0, 0.0, 0.0, 0.0, 0.0, 0.0, 0.0, 0.0, 0.0, 0.0, 0.0, 0.0, 0.0, 0.0, 0.0, 0.0, 0.0, 0.0, 0.0, 0.0, 0.0, 0.0, 0.0, 0.0, 0.0, 0.0, 0.0, 0.0, 0.0, 0.0, 0.0, 0.0, 0.0, 0.0, 0.0, 0.0, 0.0, 0.0, 0.0, 0.0, 0.0, 0.0, 0.0, 0.0, 0.0, 0.0, 0.0, 0.0, 0.0, 0.0, 0.0, 0.0, 0.0, 0.0, 0.0, 0.0, 0.0, 0.0, 0.0, 0.0, 0.0, 0.0, 0.0, 0.0, 0.0, 0.0, 0.0, 0.0, 0.0, 0.0, 0.0, 0.0, 0.0, 0.0, 0.0, 0.0, 0.0, 0.0, 0.0, 0.0, 0.0, 0.0, 0.0, 0.0, 0.0, 0.0, 0.0, 0.0, 0.0, 0.0, 0.0, 0.0, 0.0, 0.0, 0.0, 0.0, 0.0, 0.0, 0.0, 0.0, 0.0, 0.0, 0.0, 0.0, 0.0, 0.0, 0.0, 0.0, 0.0, 0.0, 0.0, 0.0, 0.0, 0.0, 0.0, 0.0, 0.0, 0.0, 0.0, 0.0, 0.0, 0.0, 0.0, 0.0, 0.0, 0.0, 0.0, 0.032258063554763794, 0.0, 0.0, 0.0, 0.016129031777381897, 0.0, 0.0, 0.0, 0.016129031777381897, 0.0, 0.0, 0.0, 0.0, 0.27419355511665344, 0.0, 0.0, 0.0, 0.6451612710952759, 0.0, 0.0, 0.0, 0.0, 0.0, 0.016129031777381897, 0.0, 0.0, 0.0, 0.0, 0.0, 0.0, 0.0, 0.0, 0.0, 0.0, 0.0, 0.0, 0.0, 0.0, 0.0, 0.0, 0.0, 0.0, 0.0, 0.0, 0.0, 0.0, 0.0, 0.0, 0.0, 0.0, 0.0, 0.0, 0.0, 0.0, 0.0, 0.0, 0.0, 0.0, 0.0, 0.0, 0.0, 0.0, 0.0, 0.0, 0.0, 0.0, 0.0, 0.0, 0.0, 0.0, 0.0, 0.0, 0.0, 0.0, 0.0, 0.0, 0.0, 0.0, 0.0, 0.0, 0.0, 0.0, 0.0, 0.0, 0.0, 0.0, 0.0, 0.0, 0.0, 0.0, 0.0, 0.0, 0.0, 0.0, 0.0, 0.0, 0.0, 0.0, 0.0, 0.0, 0.0, 0.0, 0.0, 0.0, 0.0, 0.0], "tonal.chords_histogram": [61.92307662963867, 1.1538461446762085, 3.461538553237915, 0.0, 0.7692307829856873, 9.807692527770996, 0.0, 9.038461685180664, 0.0, 0.5769230723381042, 0.0, 1.3461538553237915, 0.0, 0.0, 0.0, 0.0, 0.0, 0.0, 2.307692289352417, 0.0, 0.0, 4.038461685180664, 2.5, 3.076923131942749], "tonal.thpcp": [1.0, 0.7672396302223206, 0.5609372854232788, 0.5349159240722656, 0.527128279209137, 0.7411516904830933, 0.8886722326278687, 0.6664187908172607, 0.45241373777389526, 0.3616883456707001, 0.40886446833610535, 0.7891235947608948, 0.8388636112213135, 0.46834471821784973, 0.38763153553009033, 0.33504751324653625, 0.21644845604896545, 0.2181219458580017, 0.23124556243419647, 0.21253253519535065, 0.23327066004276276, 0.22678916156291962, 0.2200181484222412, 0.224617600440979, 0.2137262374162674, 0.31847861409187317, 0.6442781090736389, 0.7735151052474976, 0.5631846785545349, 0.4746321737766266, 0.4827823340892792, 0.4798533618450165, 0.7058252692222595, 0.8583005666732788, 0.8073332905769348, 0.9318528175354004], "lowlevel.gfcc.cov": [[1791.4261474609375, 144.81427001953125, 17.464244842529297, -30.898466110229492, -48.71186447143555, 12.317113876342773, -31.132999420166016, -54.98204040527344, -21.65172004699707, 10.491103172302246, -45.65214920043945, 13.852206230163574, -49.94900894165039], [144.81427001953125, 233.89573669433594, -48.249149322509766, -41.519126892089844, 11.597439765930176, -24.656171798706055, 27.938133239746094, 9.966849327087402, -0.9112080931663513, 1.7684725522994995, 5.942487716674805, -26.11771583557129, 16.111692428588867], [17.464244842529297, -48.249149322509766, 172.74673461914062, 104.96057891845703, 4.081293106079102, -40.272254943847656, -64.31266021728516, -50.46753692626953, -21.106203079223633, -12.682225227355957, 1.1468701362609863, 26.175500869750977, -21.3452091217041], [-30.898466110229492, -41.519126892089844, 104.96057891845703, 145.1438446044922, 21.3767147064209, -7.562672138214111, -59.53015899658203, -40.28155517578125, -4.63007116317749, -10.94559097290039, 8.364774703979492, 11.330729484558105, 1.1933902502059937], [-48.71186447143555, 11.597439765930176, 4.081293106079102, 21.3767147064209, 93.59561920166016, 35.71571731567383, 29.23371124267578, 17.728384017944336, 16.206716537475586, 19.773340225219727, 5.260158061981201, -6.1723504066467285, 8.078006744384766], [12.317113876342773, -24.656171798706055, -40.272254943847656, -7.562672138214111, 35.71571731567383, 110.84898376464844, 85.08599853515625, 52.83064270019531, 21.444477081298828, 9.836817741394043, 9.831747055053711, -9.934286117553711, 7.630542755126953], [-31.132999420166016, 27.938133239746094, -64.31266021728516, -59.53015899658203, 29.23371124267578, 85.08599853515625, 160.86436462402344, 103.12215423583984, 26.044767379760742, 4.663093090057373, 6.979567050933838, -7.279078006744385, 3.484105348587036], [-54.98204040527344, 9.966849327087402, -50.46753692626953, -40.28155517578125, 17.728384017944336, 52.83064270019531, 103.12215423583984, 121.44296264648438, 59.10688018798828, 22.393756866455078, 8.939091682434082, -4.494138717651367, 6.496513366699219], [-21.65172004699707, -0.9112080931663513, -21.106203079223633, -4.63007116317749, 16.206716537475586, 21.444477081298828, 26.044767379760742, 59.10688018798828, 84.40694427490234, 56.059837341308594, 21.910066604614258, -0.31487902998924255, 7.42286491394043], [10.491103172302246, 1.7684725522994995, -12.682225227355957, -10.94559097290039, 19.773340225219727, 9.836817741394043, 4.663093090057373, 22.393756866455078, 56.059837341308594, 84.11925506591797, 42.901119232177734, 6.206014633178711, -5.564309597015381], [-45.65214920043945, 5.942487716674805, 1.1468701362609863, 8.364774703979492, 5.260158061981201, 9.831747055053711, 6.979567050933838, 8.939091682434082, 21.910066604614258, 42.901119232177734, 61.17741012573242, 27.511199951171875, 1.0702948570251465], [13.852206230163574, -26.11771583557129, 26.175500869750977, 11.330729484558105, -6.1723504066467285, -9.934286117553711, -7.279078006744385, -4.494138717651367, -0.31487902998924255, 6.206014633178711, 27.511199951171875, 61.03564453125, 22.589113235473633], [-49.94900894165039, 16.111692428588867, -21.3452091217041, 1.1933902502059937, 8.078006744384766, 7.630542755126953, 3.484105348587036, 6.496513366699219, 7.42286491394043, -5.564309597015381, 1.0702948570251465, 22.589113235473633, 71.20967864990234]], "lowlevel.gfcc.icov": [[0.000916190561838448, -0.0015029979404062033, 3.697760257637128e-05, -0.00021286611445248127, 0.001005096361041069, -0.002091871341690421, 0.000733910477720201, 0.0004168261948507279, 0.00015157715824898332, -0.001781156868673861, 0.0034700825344771147, -0.0029867675621062517, 0.0017738930182531476], [-0.0015029979404062033, 0.009089253842830658, 0.00022457120940089226, 0.0014828642597422004, -0.003269408131018281, 0.008783816359937191, -0.0046722982078790665, 0.0007184281712397933, -0.0004572266770992428, 0.004698243923485279, -0.011036179028451443, 0.011352180503308773, -0.006496075540781021], [3.697760257637128e-05, 0.00022457120940089226, 0.015156942419707775, -0.01079370267689228, -0.0006168359541334212, 0.003861816134303808, -0.0014310380211099982, 0.0008238579030148685, 0.001875461544841528, -0.002607812872156501, 0.005604209378361702, -0.008650398813188076, 0.006610918790102005], [-0.00021286611445248127, 0.0014828642597422004, -0.01079370267689228, 0.019240880385041237, -0.004663841798901558, -0.004062588792294264, 0.006327164825052023, 0.0012372375931590796, -0.006708354223519564, 0.010989531874656677, -0.010781285353004932, 0.0065933410078287125, -0.003872251370921731], [0.001005096361041069, -0.003269408131018281, -0.0006168359541334212, -0.004663841798901558, 0.016551027074456215, -0.006100660655647516, -0.0021314548794180155, 0.0007322669844143093, 0.002800339600071311, -0.010193265043199062, 0.008865187875926495, -0.0029065029229968786, -0.00014799163909628987], [-0.002091871341690421, 0.008783816359937191, 0.003861816134303808, -0.004062588792294264, -0.006100660655647516, 0.027987515553832054, -0.015493473038077354, 0.0021356986835598946, -0.0012995927827432752, 0.0048004863783717155, -0.013526572845876217, 0.014035381376743317, -0.007711217273026705], [0.000733910477720201, -0.0046722982078790665, -0.0014310380211099982, 0.006327164825052023, -0.0021314548794180155, -0.015493473038077354, 0.027960168197751045, -0.018800796940922737, 0.007099053356796503, 0.001800917205400765, 0.0011391820153221488, -0.00584852509200573, 0.004525008611381054], [0.0004168261948507279, 0.0007184281712397933, 0.0008238579030148685, 0.0012372375931590796, 0.0007322669844143093, 0.0021356986835598946, -0.018800796940922737, 0.033877190202474594, -0.02325342409312725, 0.007101744879037142, 0.0007836332661099732, -0.0013625427382066846, 0.001272659283131361], [0.00015157715824898332, -0.0004572266770992428, 0.001875461544841528, -0.006708354223519564, 0.002800339600071311, -0.0012995927827432752, 0.007099053356796503, -0.02325342409312725, 0.04307480528950691, -0.028360659256577492, 0.007830262184143066, 0.0006811991333961487, -0.004559926688671112], [-0.001781156868673861, 0.004698243923485279, -0.002607812872156501, 0.010989531874656677, -0.010193265043199062, 0.0048004863783717155, 0.001800917205400765, 0.007101744879037142, -0.028360659256577492, 0.047783613204956055, -0.033063098788261414, 0.01185965072363615, 5.259712634142488e-05], [0.0034700825344771147, -0.011036179028451443, 0.005604209378361702, -0.010781285353004932, 0.008865187875926495, -0.013526572845876217, 0.0011391820153221488, 0.0007836332661099732, 0.007830262184143066, -0.033063098788261414, 0.05849215015769005, -0.035161152482032776, 0.013983060605823994], [-0.0029867675621062517, 0.011352180503308773, -0.008650398813188076, 0.0065933410078287125, -0.0029065029229968786, 0.014035381376743317, -0.00584852509200573, -0.0013625427382066846, 0.0006811991333961487, 0.01185965072363615, -0.035161152482032776, 0.048426322638988495, -0.02210840955376625], [0.0017738930182531476, -0.006496075540781021, 0.006610918790102005, -0.003872251370921731, -0.00014799163909628987, -0.007711217273026705, 0.004525008611381054, 0.001272659283131361, -0.004559926688671112, 5.259712634142488e-05, 0.013983060605823994, -0.02210840955376625, 0.026591695845127106]], "lowlevel.mfcc.cov": [[1050.069091796875, 26.531360626220703, 17.91986083984375, -5.274611473083496, -3.6074349880218506, 28.647783279418945, -34.841243743896484, -10.524554252624512, -15.053109169006348, 3.644634246826172, 9.590483665466309, -26.427675247192383, -29.46624183654785], [26.531360626220703, 219.36163330078125, -76.07035064697266, -15.671367645263672, -34.324893951416016, -33.21070861816406, 25.006103515625, -11.825835227966309, 23.925851821899414, 11.58834171295166, 8.688961029052734, 3.7743992805480957, -6.360798358917236], [17.91986083984375, -76.07035064697266, 154.3348388671875, 78.37197875976562, 36.079627990722656, 13.092082977294922, -42.8759765625, -16.69595718383789, -55.01881408691406, -42.89361572265625, -23.988813400268555, -1.4637647867202759, 10.226780891418457], [-5.274611473083496, -15.671367645263672, 78.37197875976562, 114.13164520263672, 59.63407516479492, 9.732464790344238, -34.22470474243164, -28.101221084594727, -33.24374008178711, -32.98936080932617, -26.188064575195312, -1.085628867149353, 15.471468925476074], [-3.6074349880218506, -34.324893951416016, 36.079627990722656, 59.63407516479492, 95.83351135253906, 31.55046272277832, -28.63668441772461, -31.328060150146484, -17.415369033813477, -4.607427597045898, -11.265917778015137, -6.615367412567139, 9.577950477600098], [28.647783279418945, -33.21070861816406, 13.092082977294922, 9.732464790344238, 31.55046272277832, 63.37506103515625, 20.4390869140625, -1.741546630859375, -8.535964965820312, 4.299314022064209, 4.563189506530762, -7.30549430847168, -6.592731475830078], [-34.841243743896484, 25.006103515625, -42.8759765625, -34.22470474243164, -28.63668441772461, 20.4390869140625, 101.67354583740234, 61.69343566894531, 34.81904220581055, 19.943801879882812, 22.826448440551758, 8.405770301818848, -12.212545394897461], [-10.524554252624512, -11.825835227966309, -16.69595718383789, -28.101221084594727, -31.328060150146484, -1.741546630859375, 61.69343566894531, 94.76264190673828, 51.44094467163086, 16.560997009277344, 11.40146541595459, 6.994058609008789, 1.0374982357025146], [-15.053109169006348, 23.925851821899414, -55.01881408691406, -33.24374008178711, -17.415369033813477, -8.535964965820312, 34.81904220581055, 51.44094467163086, 91.82958221435547, 52.74724197387695, 15.929089546203613, -1.1278200149536133, 0.975453794002533], [3.644634246826172, 11.58834171295166, -42.89361572265625, -32.98936080932617, -4.607427597045898, 4.299314022064209, 19.943801879882812, 16.560997009277344, 52.74724197387695, 80.86971282958984, 48.969810485839844, 7.531856536865234, -4.5257768630981445], [9.590483665466309, 8.688961029052734, -23.988813400268555, -26.188064575195312, -11.265917778015137, 4.563189506530762, 22.826448440551758, 11.40146541595459, 15.929089546203613, 48.969810485839844, 80.45917510986328, 41.45319366455078, 8.811078071594238], [-26.427675247192383, 3.7743992805480957, -1.4637647867202759, -1.085628867149353, -6.615367412567139, -7.30549430847168, 8.405770301818848, 6.994058609008789, -1.1278200149536133, 7.531856536865234, 41.45319366455078, 74.46875, 42.830169677734375], [-29.46624183654785, -6.360798358917236, 10.226780891418457, 15.471468925476074, 9.577950477600098, -6.592731475830078, -12.212545394897461, 1.0374982357025146, 0.975453794002533, -4.5257768630981445, 8.811078071594238, 42.830169677734375, 69.91421508789062]], "lowlevel.mfcc.icov": [[0.0010648277821019292, -0.0004935268661938608, -0.00011123427248094231, 0.00011035326315322891, 0.0003516417054925114, -0.0012421217979863286, 0.0013686002930626273, -0.0008161998121067882, 0.0001954317558556795, 0.00010854441643459722, -0.0005293061840347946, 0.00031292688800022006, 0.00036091465153731406], [-0.0004935268661938608, 0.00747873168438673, 0.003256815019994974, -0.003130559343844652, 0.0019280093256384134, 0.0043155658058822155, -0.004567092750221491, 0.005249883979558945, -0.0021613535936921835, 0.0010699104750528932, -0.0005924541619606316, 0.0003016127157025039, -5.4769010603195056e-05], [-0.00011123427248094231, 0.003256815019994974, 0.015577223151922226, -0.009605372324585915, 0.002764991484582424, -0.0021583999041467905, 0.004976028110831976, -0.005677402950823307, 0.00672801723703742, -0.00017583815497346222, -0.00015140754112508148, -7.467434625141323e-05, 0.000427150895120576], [0.00011035326315322891, -0.003130559343844652, -0.009605372324585915, 0.021966995671391487, -0.011560267768800259, 0.00217493437230587, -0.0010919482447206974, 0.0016016623703762889, -0.0017934454372152686, 0.0035163855645805597, 0.0019145969999954104, -0.0011537352111190557, -0.00140195747371763], [0.0003516417054925114, 0.0019280093256384134, 0.002764991484582424, -0.011560267768800259, 0.023154323920607567, -0.010835284367203712, 0.004280686378479004, 0.0030042428988963366, -0.0010528074344620109, -0.003451991593465209, 0.0010081862565129995, 0.0010644244030117989, -0.002001166343688965], [-0.0012421217979863286, 0.0043155658058822155, -0.0021583999041467905, 0.00217493437230587, -0.010835284367203712, 0.03015882894396782, -0.01540821511298418, 0.006554600782692432, 0.002377491444349289, -0.0016626410651952028, -0.0015595166478306055, 0.004284205846488476, -0.0013257291866466403], [0.0013686002930626273, -0.004567092750221491, 0.004976028110831976, -0.0010919482447206974, 0.004280686378479004, -0.01540821511298418, 0.029466480016708374, -0.018984824419021606, 0.0026241119485348463, 0.0009302390390075743, -0.0024536061100661755, -0.003887515515089035, 0.005778934806585312], [-0.0008161998121067882, 0.005249883979558945, -0.005677402950823307, 0.0016016623703762889, 0.0030042428988963366, 0.006554600782692432, -0.018984824419021606, 0.032959822565317154, -0.018497183918952942, 0.007833980955183506, -0.002160503761842847, 0.0008738536271266639, -0.0024870322085916996], [0.0001954317558556795, -0.0021613535936921835, 0.00672801723703742, -0.0017934454372152686, -0.0010528074344620109, 0.002377491444349289, 0.0026241119485348463, -0.018497183918952942, 0.03658279776573181, -0.02466948889195919, 0.010911530815064907, 0.0009480166481807828, -0.0036635142751038074], [0.00010854441643459722, 0.0010699104750528932, -0.00017583815497346222, 0.0035163855645805597, -0.003451991593465209, -0.0016626410651952028, 0.0009302390390075743, 0.007833980955183506, -0.02466948889195919, 0.042914871126413345, -0.026196487247943878, 0.00777773791924119, 0.0014119810657575727], [-0.0005293061840347946, -0.0005924541619606316, -0.00015140754112508148, 0.0019145969999954104, 0.0010081862565129995, -0.0015595166478306055, -0.0024536061100661755, -0.002160503761842847, 0.010911530815064907, -0.026196487247943878, 0.03851383179426193, -0.021158628165721893, 0.004899956751614809], [0.00031292688800022006, 0.0003016127157025039, -7.467434625141323e-05, -0.0011537352111190557, 0.0010644244030117989, 0.004284205846488476, -0.003887515515089035, 0.0008738536271266639, 0.0009480166481807828, 0.00777773791924119, -0.021158628165721893, 0.03639613091945648, -0.019148139283061028], [0.00036091465153731406, -5.4769010603195056e-05, 0.000427150895120576, -0.00140195747371763, -0.002001166343688965, -0.0013257291866466403, 0.005778934806585312, -0.0024870322085916996, -0.0036635142751038074, 0.0014119810657575727, 0.004899956751614809, -0.019148139283061028, 0.02714897319674492]], "metadata.audio_properties.analysis.downmix": "mix", "metadata.audio_properties.codec": "mp3", "metadata.audio_properties.md5_encoded": "9ab2e8bd43eef79e78f8952443564052", "metadata.tags.file_name": "1182272050220511232.mp3", "metadata.version.essentia": "2.1-beta6-dev", "metadata.version.essentia_git_sha": "v2.1_beta5-1110-g77a6a954", "metadata.version.extractor": "music 2.0", "tonal.chords_key": "F", "tonal.chords_scale": "minor", "tonal.key_edma.key": "F", "tonal.key_edma.scale": "minor", "tonal.key_krumhansl.key": "F", "tonal.key_krumhansl.scale": "minor", "tonal.key_temperley.key": "F", "tonal.key_temperley.scale": "minor", "metadata.tags.encoding": ["Lavf58.45.100"]}, "essentia_models": [{"model_name": "genre_dortmund", "activations