{"song_id": "1182274587958976592", "download": "https://cdn.discordapp.com/attachments/1135911532732108921/1182274587958976592/chirp.mp4?ex=65841a03&amp", "lyrics": "(Verse 1) \nEnigmatic grin, eyes alight with desire She moves like a panther, untamed by fire A touch that captivates, a smile that holds you fast Uninhibited, she'll forever hold you, forever cast\n\n(Chorus) \nUnder her spell, you'll lose all control Intoxicated by her, she'll steal your soul Enigmatic woman, a dangerous game In her embrace, you'll forever remain", "style": ["Pop</span><span>-dance"], "essentia_features": {"lowlevel.average_loudness": 0.986644983291626, "lowlevel.barkbands_crest.mean": 13.727072715759277, "lowlevel.barkbands_crest.stdev": 5.059347152709961, "lowlevel.barkbands_flatness_db.mean": 0.24793584644794464, "lowlevel.barkbands_flatness_db.stdev": 0.10126853734254837, "lowlevel.barkbands_kurtosis.mean": 33.237247467041016, "lowlevel.barkbands_kurtosis.stdev": 40.88994598388672, "lowlevel.barkbands_skewness.mean": 4.095590591430664, "lowlevel.barkbands_skewness.stdev": 2.249331474304199, "lowlevel.barkbands_spread.mean": 10.223562240600586, "lowlevel.barkbands_spread.stdev": 10.20084285736084, "lowlevel.dissonance.mean": 0.4434718191623688, "lowlevel.dissonance.stdev": 0.040042489767074585, "lowlevel.dynamic_complexity": 1.187218427658081, "lowlevel.erbbands_crest.mean": 9.997908592224121, "lowlevel.erbbands_crest.stdev": 4.103691101074219, "lowlevel.erbbands_flatness_db.mean": 0.15007144212722778, "lowlevel.erbbands_flatness_db.stdev": 0.05914784595370293, "lowlevel.erbbands_kurtosis.mean": 3.6004927158355713, "lowlevel.erbbands_kurtosis.stdev": 7.032609462738037, "lowlevel.erbbands_skewness.mean": 1.2655916213989258, "lowlevel.erbbands_skewness.stdev": 1.239190936088562, "lowlevel.erbbands_spread.mean": 52.58218765258789, "lowlevel.erbbands_spread.stdev": 35.136085510253906, "lowlevel.hfc.mean": 22.17597198486328, "lowlevel.hfc.stdev": 12.783763885498047, "lowlevel.loudness_ebu128.integrated": -10.697288513183594, "lowlevel.loudness_ebu128.loudness_range": 0.5995454788208008, "lowlevel.loudness_ebu128.momentary.mean": -10.764315605163574, "lowlevel.loudness_ebu128.momentary.stdev": 0.8038071990013123, "lowlevel.loudness_ebu128.short_term.mean": -10.665966033935547, "lowlevel.loudness_ebu128.short_term.stdev": 0.25637421011924744, "lowlevel.melbands_crest.mean": 18.583242416381836, "lowlevel.melbands_crest.stdev": 5.682696342468262, "lowlevel.melbands_flatness_db.mean": 0.35115137696266174, "lowlevel.melbands_flatness_db.stdev": 0.11854372173547745, "lowlevel.melbands_kurtosis.mean": 70.49388885498047, "lowlevel.melbands_kurtosis.stdev": 73.15973663330078, "lowlevel.melbands_skewness.mean": 5.391880989074707, "lowlevel.melbands_skewness.stdev": 2.9109439849853516, "lowlevel.melbands_spread.mean": 6.472267150878906, "lowlevel.melbands_spread.stdev": 7.046693325042725, "lowlevel.pitch_salience.mean": 0.4905799925327301, "lowlevel.pitch_salience.stdev": 0.12418894469738007, "lowlevel.silence_rate_20dB.mean": 1.0, "lowlevel.silence_rate_20dB.stdev": 0.0, "lowlevel.silence_rate_30dB.mean": 0.6119307279586792, "lowlevel.silence_rate_30dB.stdev": 0.4873127043247223, "lowlevel.silence_rate_60dB.mean": 0.001282873679883778, "lowlevel.silence_rate_60dB.stdev": 0.035794567316770554, "lowlevel.spectral_centroid.mean": 570.9226684570312, "lowlevel.spectral_centroid.stdev": 465.1182556152344, "lowlevel.spectral_complexity.mean": 11.591404914855957, "lowlevel.spectral_complexity.stdev": 7.102968692779541, "lowlevel.spectral_decrease.mean": -2.4023421474339557e-08, "lowlevel.spectral_decrease.stdev": 1.2614632893814814e-08, "lowlevel.spectral_energy.mean": 0.09268146753311157, "lowlevel.spectral_energy.stdev": 0.04764759540557861, "lowlevel.spectral_energyband_high.mean": 0.0009608213440515101, "lowlevel.spectral_energyband_high.stdev": 0.0012725795386359096, "lowlevel.spectral_energyband_low.mean": 0.06855413317680359, "lowlevel.spectral_energyband_low.stdev": 0.050123054534196854, "lowlevel.spectral_energyband_middle_high.mean": 0.002307582413777709, "lowlevel.spectral_energyband_middle_high.stdev": 0.0033523081801831722, "lowlevel.spectral_energyband_middle_low.mean": 0.026177074760198593, "lowlevel.spectral_energyband_middle_low.stdev": 0.01737808808684349, "lowlevel.spectral_entropy.mean": 7.006871223449707, "lowlevel.spectral_entropy.stdev": 0.7906545400619507, "lowlevel.spectral_flux.mean": 0.1213696300983429, "lowlevel.spectral_flux.stdev": 0.07609812915325165, "lowlevel.spectral_kurtosis.mean": 10.505263328552246, "lowlevel.spectral_kurtosis.stdev": 33.7802848815918, "lowlevel.spectral_rms.mean": 0.009171335026621819, "lowlevel.spectral_rms.stdev": 0.002511475468054414, "lowlevel.spectral_rolloff.mean": 352.9151306152344, "lowlevel.spectral_rolloff.stdev": 629.0231323242188, "lowlevel.spectral_skewness.mean": 2.186495304107666, "lowlevel.spectral_skewness.stdev": 1.7892954349517822, "lowlevel.spectral_spread.mean": 6155073.5, "lowlevel.spectral_spread.stdev": 2491554.0, "lowlevel.spectral_strongpeak.mean": 0.7496362328529358, "lowlevel.spectral_strongpeak.stdev": 0.4977201521396637, "lowlevel.zerocrossingrate.mean": 0.031712599098682404, "lowlevel.zerocrossingrate.stdev": 0.02606029435992241, "metadata.audio_properties.analysis.equal_loudness": 0.0, "metadata.audio_properties.analysis.length": 36.159976959228516, "metadata.audio_properties.analysis.sample_rate": 44100.0, "metadata.audio_properties.analysis.start_time": 0.0, "metadata.audio_properties.bit_rate": 122164.0, "metadata.audio_properties.length": 36.15999984741211, "metadata.audio_properties.lossless": 0.0, "metadata.audio_properties.number_channels": 1.0, "metadata.audio_properties.replay_gain": -12.928070068359375, "metadata.audio_properties.sample_rate": 48000.0, "rhythm.beats_count": 64.0, "rhythm.beats_loudness.mean": 0.12053589522838593, "rhythm.beats_loudness.stdev": 0.04328771308064461, "rhythm.bpm": 106.90425872802734, "rhythm.bpm_histogram_first_peak_bpm": 108.0, "rhythm.bpm_histogram_first_peak_weight": 0.23728811740875244, "rhythm.bpm_histogram_second_peak_bpm": 103.0, "rhythm.bpm_histogram_second_peak_spread": 0.0, "rhythm.bpm_histogram_second_peak_weight": 0.0634920671582222, "rhythm.danceability": 2.398547887802124, "rhythm.onset_rate": 6.66174840927124, "tonal.chords_changes_rate": 0.09102564305067062, "tonal.chords_number_rate": 0.012820512987673283, "tonal.chords_strength.mean": 0.5433937907218933, "tonal.chords_strength.stdev": 0.0833999291062355, "tonal.hpcp_crest.mean": 11.336365699768066, "tonal.hpcp_crest.stdev": 4.822194576263428, "tonal.hpcp_entropy.mean": 2.301800012588501, "tonal.hpcp_entropy.stdev": 0.7205493450164795, "tonal.key_edma.strength": 0.7169288396835327, "tonal.key_krumhansl.strength": 0.71189945936203, "tonal.key_temperley.strength": 0.7049490809440613, "tonal.tuning_diatonic_strength": 0.6367582678794861, "tonal.tuning_equal_tempered_deviation": 0.18249501287937164, "tonal.tuning_frequency": 434.193115234375, "tonal.tuning_nontempered_energy_ratio": 0.8768076300621033, "lowlevel.barkbands.mean": [0.002426562365144491, 0.045236460864543915, 0.01563090644776821, 0.010447743348777294, 0.010129544883966446, 0.002712658140808344, 0.0009933856781572104, 0.0011051297187805176, 0.0006815073429606855, 0.00037992093712091446, 0.00030625812360085547, 0.00025053959689103067, 0.00029453582828864455, 0.00047851208364591, 0.0002357927878620103, 0.00013662179117091, 9.988652891479433e-05, 5.709577817469835e-05, 6.445025792345405e-05, 0.00012340344255790114, 0.0001215020238305442, 0.00025096090394072235, 0.00011389046267140657, 0.00013380714517552406, 0.00015266174159478396, 0.00011638266005320475, 1.3351061625144212e-06], "lowlevel.barkbands.stdev": [0.007570870686322451, 0.04633023962378502, 0.0163163710385561, 0.010583879426121712, 0.010315390303730965, 0.0037450771778821945, 0.002412757370620966, 0.002694095717743039, 0.0016146438429132104, 0.0011060823453590274, 0.0009229981806129217, 0.0006401478312909603, 0.0007162111578509212, 0.0010330687509849668, 0.000461743853520602, 0.0002558599808253348, 0.00018276799528393894, 0.00013233840581960976, 0.00017554637452121824, 0.00024021443095989525, 0.0002398853248450905, 0.00036648783134296536, 0.00021109613589942455, 0.0002108708576997742, 0.000220571702811867, 0.00017986308375839144, 4.232575520290993e-06], "lowlevel.erbbands.mean": [1.6431833505630493, 8.940398216247559, 15.056876182556152, 31.749799728393555, 43.10796356201172, 26.22511863708496, 15.072209358215332, 27.349363327026367, 21.157184600830078, 14.129562377929688, 22.829593658447266, 14.138080596923828, 14.621871948242188, 11.513289451599121, 12.835235595703125, 9.707725524902344, 12.20805835723877, 21.044958114624023, 19.811996459960938, 9.739945411682129, 7.094402313232422, 5.724431991577148, 3.366013288497925, 2.9855923652648926, 3.8626270294189453, 5.8918867111206055, 5.029614448547363, 5.672533988952637, 9.85057258605957, 5.428707599639893, 2.9591212272644043, 2.588768482208252, 2.30157732963562, 1.7093318700790405, 1.0592995882034302, 0.5743571519851685, 0.2112732082605362, 0.021795501932501793, 0.00046627703704871237, 0.00012090468953829259], "lowlevel.erbbands.stdev": [1.7293720245361328, 9.62690544128418, 15.74860668182373, 26.41783332824707, 44.66199493408203, 34.59226608276367, 15.885043144226074, 42.05442810058594, 44.19047546386719, 33.898746490478516, 51.294795989990234, 33.46929931640625, 38.58511734008789, 30.620716094970703, 38.489967346191406, 24.15064239501953, 28.211429595947266, 44.496131896972656, 37.50141143798828, 17.402864456176758, 12.994093894958496, 9.938275337219238, 7.071228504180908, 7.990098476409912, 10.06869888305664, 11.381006240844727, 9.892176628112793, 9.960819244384766, 14.373053550720215, 8.848395347595215, 5.636517524719238, 4.467203617095947, 3.509760618209839, 2.6080586910247803, 1.5675439834594727, 0.8658322691917419, 0.34258654713630676, 0.04176916927099228, 0.0007863328792154789, 5.6714376114541665e-05], "lowlevel.gfcc.mean": [-0.08601353317499161, 102.65665435791016, -44.06452941894531, 48.32468795776367, -46.0861930847168, 27.69344139099121, -39.05970001220703, 0.9114351272583008, -19.788312911987305, 12.276628494262695, -25.99706268310547, -0.45960912108421326, -8.124246597290039], "lowlevel.melbands.mean": [0.013796195387840271, 0.009132696315646172, 0.005857893265783787, 0.002454634290188551, 0.0006120118778198957, 0.0005883296253159642, 0.0002911273331847042, 0.0001781574683263898, 0.00017308550013694912, 9.001105354400352e-05, 7.301547157112509e-05, 4.622979031410068e-05, 4.3161817302461714e-05, 2.9701968742301688e-05, 2.2925245502847247e-05, 3.286770879640244e-05, 4.0479320887243375e-05, 3.6309917049948126e-05, 1.7104082871810533e-05, 9.911912457027938e-06, 7.780006853863597e-06, 6.18772310190252e-06, 4.113207069167402e-06, 2.3459656404156704e-06, 2.3736590719636297e-06, 2.508715169824427e-06, 3.4398285606584977e-06, 4.044393335789209e-06, 3.216653794879676e-06, 2.869011268558097e-06, 3.374650304976967e-06, 5.925624918745598e-06, 4.431143679539673e-06, 2.546540599723812e-06, 1.7086364323404268e-06, 1.4575610975953168e-06, 1.6564277984798537e-06, 1.601423605279706e-06, 1.5796049410710111e-06, 1.3972558008390479e-06], "lowlevel.melbands.stdev": [0.014089004136621952, 0.007927857339382172, 0.004423267208039761, 0.0025605829432606697, 0.000633226300124079, 0.0008624260663054883, 0.0005803873063996434, 0.00045594802941195667, 0.000392165151424706, 0.0002226978976977989, 0.0001965110859600827, 0.000127367238746956, 0.00013043054786976427, 7.472335710190237e-05, 6.29350179224275e-05, 8.109545888146386e-05, 8.731021080166101e-05, 7.552593160653487e-05, 3.471664967946708e-05, 1.9387822248972952e-05, 1.571513530507218e-05, 1.1517650818859693e-05, 7.79368474468356e-06, 5.767258244304685e-06, 6.646725523751229e-06, 7.123093382688239e-06, 8.613408681412693e-06, 7.749173164484091e-06, 6.439775916078361e-06, 6.074890279705869e-06, 5.881783636141336e-06, 8.777651601121761e-06, 6.881462923047366e-06, 4.575811999529833e-06, 3.4264733130839886e-06, 2.765948011074215e-06, 2.8998995276197093e-06, 2.523649300201214e-06, 2.440035586914746e-06, 2.2018796244083205e-06], "lowlevel.melbands128.mean": [0.0020413000602275133, 0.01288668718189001, 0.020778654143214226, 0.012124679051339626, 0.006737720221281052, 0.008495578542351723, 0.0066519794054329395, 0.004980141296982765, 0.004924621433019638, 0.002072286093607545, 0.0013297097757458687, 0.0007400910835713148, 0.00048007065197452903, 0.0003152241406496614, 0.0006193739827722311, 0.0007722583250142634, 0.0004823351337108761, 0.00018026716134045273, 7.75385633460246e-05, 0.00012595063890330493, 0.0002603842585813254, 0.00026409613201394677, 0.00015388977772090584, 9.984893404180184e-05, 6.589347322005779e-05, 0.0001039655035128817, 9.7381736850366e-05, 6.0918217059224844e-05, 6.745822611264884e-05, 4.2665909859351814e-05, 4.550065204966813e-05, 3.700253364513628e-05, 4.815379361389205e-05, 4.133731999900192e-05, 3.688241122290492e-05, 2.2780934159527533e-05, 2.348387715755962e-05, 2.5799661671044305e-05, 1.975869236048311e-05, 2.2249743778957054e-05, 3.81661593564786e-05, 4.573960177367553e-05, 3.291602843091823e-05, 3.864117024932057e-05, 5.909486208111048e-05, 2.8206442948430777e-05, 2.2479276594822295e-05, 2.151376975234598e-05, 1.1844959772133734e-05, 1.1384585377527401e-05, 9.631055036152247e-06, 8.110082490020432e-06, 9.334062269772403e-06, 6.72070927976165e-06, 6.516301709780237e-06, 6.681507784378482e-06, 5.4204915613809135e-06, 4.685110070568044e-06, 3.8080086142144864e-06, 2.573775645942078e-06, 2.093533794322866e-06, 2.2909755443834e-06, 2.3982290713320253e-06, 2.3367333596979734e-06, 2.4384348762396257e-06, 2.51214351010276e-06, 2.4428229608020047e-06, 2.8537244816106977e-06, 3.7450708987307735e-06, 4.318759238230996e-06, 3.986805950262351e-06, 4.0597524275653996e-06, 3.5733819458982907e-06, 3.1623640097677708e-06, 2.638605337779154e-06, 2.7670268991641933e-06, 3.206850578862941e-06, 2.6309528493584367e-06, 3.0167593649821356e-06, 4.2699275581981055e-06, 6.020410182827618e-06, 6.943575954210246e-06, 5.379580670705764e-06, 4.635916411643848e-06, 3.050214672839502e-06, 2.580254204076482e-06, 2.476504960213788e-06, 2.2282026748143835e-06, 1.4935031913410057e-06, 1.5246855582518037e-06, 1.4710944924445357e-06, 1.4412864857149543e-06, 1.4277641184889944e-06, 1.713438905426301e-06, 1.7383250678904005e-06, 1.6905856909943395e-06, 1.4672986026198487e-06, 1.6157114259840455e-06, 1.6632086499157595e-06, 1.5376388091681292e-06, 1.4661816294392338e-06, 1.5369578250101767e-06, 1.0427352208353113e-06, 1.1210538559680572e-06, 1.049236402650422e-06, 1.379451987304492e-06, 1.3567939731728984e-06, 1.0670672736523557e-06, 9.354200187772221e-07, 8.589060485064692e-07, 8.928388410822663e-07, 8.774144362178049e-07, 6.774997700631502e-07, 5.201198973736609e-07, 3.701595687743975e-07, 2.461601127379254e-07, 5.764590582657547e-08, 5.801655267312356e-10, 7.986243610869082e-11, 4.303901332547433e-11, 3.6432950406561915e-11, 2.306163073007017e-11, 1.489884778049788e-11, 1.4631790570818204e-11, 1.437181623709094e-11, 1.4095859028617763e-11, 1.3923338176846656e-11, 1.3839556237127404e-11], "lowlevel.melbands128.stdev": [0.00613821018487215, 0.014172845520079136, 0.023043951019644737, 0.014557060785591602, 0.008760767988860607, 0.008323708549141884, 0.0063109141774475574, 0.005365774966776371, 0.005841984413564205, 0.0033256267197430134, 0.002342598047107458, 0.0008823534590192139, 0.0006712467293255031, 0.0005819218349643052, 0.0011619130382314324, 0.0013501988723874092, 0.0011821549851447344, 0.0005453428020700812, 0.0002230360551038757, 0.0004630141775123775, 0.0008036023937165737, 0.000795594067312777, 0.0004923229571431875, 0.00036426354199647903, 0.0002605214831419289, 0.0003243821847718209, 0.0003651254519354552, 0.0002111112407874316, 0.00027062493609264493, 0.00014994551020208746, 0.0001487507688580081, 0.00012119270832045004, 0.0001791956601664424, 0.0001732427190290764, 0.00011745972005883232, 6.432801455957815e-05, 8.285630610771477e-05, 9.559356840327382e-05, 5.828738721902482e-05, 7.067980186548084e-05, 0.0001198221871163696, 0.0001340188318863511, 0.00010132887109648436, 0.00010945818939944729, 0.00016375241102650762, 7.565862324554473e-05, 6.007770207361318e-05, 5.740884444094263e-05, 3.452310193097219e-05, 2.9981592888361774e-05, 2.3569755285279825e-05, 1.8983768313773908e-05, 2.1265808754833415e-05, 1.8802336853696033e-05, 1.6376725398004055e-05, 1.4437544450629503e-05, 1.2082734428986441e-05, 9.180072993331123e-06, 8.937342499848455e-06, 8.089185030257795e-06, 5.53049039808684e-06, 6.949686849111458e-06, 7.420638667099411e-06, 6.77714342600666e-06, 8.282013368443586e-06, 7.980092050274834e-06, 7.470509899576427e-06, 9.464407412451692e-06, 1.1062943485740107e-05, 1.026701011141995e-05, 8.0756963143358e-06, 9.468261850997806e-06, 7.257035122165689e-06, 7.192493285401724e-06, 6.231802217371296e-06, 6.359668532240903e-06, 7.572806225653039e-06, 5.504209184437059e-06, 6.0524748732859734e-06, 7.577533779112855e-06, 9.898208190861624e-06, 1.1133546649944037e-05, 8.932696800911799e-06, 8.11269273981452e-06, 5.525943834072677e-06, 4.852396159549244e-06, 5.1381725825194735e-06, 4.782869837072212e-06, 3.269535909566912e-06, 3.414986167626921e-06, 3.0667097234982066e-06, 2.9007128432567697e-06, 2.888933295253082e-06, 3.427861656746245e-06, 3.08950097860361e-06, 2.977830263262149e-06, 2.667670287337387e-06, 2.695773900995846e-06, 2.7282117116556037e-06, 2.671542915777536e-06, 2.634253178257495e-06, 2.558525011409074e-06, 1.763019668032939e-06, 1.9522365164448274e-06, 1.7518609638500493e-06, 2.4194177967729047e-06, 2.323831495232298e-06, 1.76508240201656e-06, 1.5714271057731821e-06, 1.4286820260167588e-06, 1.629652956580685e-06, 1.6058756955317222e-06, 1.1817833183158655e-06, 9.132454579230398e-07, 7.303490292542847e-07, 6.015691838001658e-07, 1.682482633214022e-07, 6.655868300953216e-09, 2.4700967937718588e-09, 1.0527926308512292e-09, 8.188629774252831e-10, 3.072341825394176e-10, 1.9841919773888606e-11, 1.946203961877835e-11, 1.9003257301086762e-11, 1.8606720331160176e-11, 1.8425986431092056e-11, 1.8327854858779524e-11], "lowlevel.mfcc.mean": [-666.3818359375, 135.95774841308594, 59.09293746948242, 34.08308792114258, 22.03026008605957, 29.282733917236328, -0.2706137001514435, -3.6016833782196045, 11.540173530578613, 0.5962844491004944, 2.3549087047576904, -2.7255468368530273, -0.954413652420044], "lowlevel.spectral_contrast_coeffs.mean": [-0.6765952706336975, -0.7318444848060608, -0.8069750666618347, -0.8086529970169067, -0.8136802911758423, -0.7608018517494202], "lowlevel.spectral_contrast_coeffs.stdev": [0.0688524916768074, 0.08968856930732727, 0.060155611485242844, 0.05508459731936455, 0.041698310524225235, 0.04887090250849724], "lowlevel.spectral_contrast_valleys.mean": [-5.7054595947265625, -6.951187610626221, -7.871426582336426, -8.017752647399902, -8.374234199523926, -10.212388038635254], "lowlevel.spectral_contrast_valleys.stdev": [0.5635372996330261, 0.7612521052360535, 0.9623476266860962, 0.941635012626648, 1.0671401023864746, 1.2080861330032349], "rhythm.beats_loudness_band_ratio.mean": [0.8137888312339783, 0.15038873255252838, 0.02531377412378788, 0.007394467014819384, 0.012370499782264233, 0.02786341868340969], "rhythm.beats_loudness_band_ratio.stdev": [0.17765291035175323, 0.14472465217113495, 0.07265712320804596, 0.01028488390147686, 0.012584182433784008, 0.03200339898467064], "tonal.hpcp.mean": [0.11913064122200012, 0.19019292294979095, 0.1798786222934723, 0.1206514984369278, 0.0904984101653099, 0.1739296019077301, 0.2868618965148926, 0.21405866742134094, 0.07687770575284958, 0.03910418599843979, 0.04080038145184517, 0.05750099569559097, 0.1830103099346161, 0.19712704420089722, 0.061489980667829514, 0.043600015342235565, 0.05272246152162552, 0.04896468296647072, 0.07408414036035538, 0.06072074547410011, 0.01893387734889984, 0.008960742503404617, 0.011903492733836174, 0.019975563511252403, 0.032678086310625076, 0.05299769714474678, 0.12202578037977219, 0.2649557590484619, 0.22406849265098572, 0.0675249695777893, 0.03466707468032837, 0.03046393021941185, 0.052034758031368256, 0.07862084358930588, 0.0636422261595726, 0.05595899373292923], "tonal.hpcp.stdev": [0.26208943128585815, 0.3450518846511841, 0.3243669867515564, 0.2531396150588989, 0.20758070051670074, 0.28664347529411316, 0.3878832459449768, 0.3222363591194153, 0.19083084166049957, 0.13943177461624146, 0.15577815473079681, 0.1636108011007309, 0.2975630760192871, 0.3143283724784851, 0.13754579424858093, 0.16146594285964966, 0.17922033369541168, 0.1525416076183319, 0.2128286212682724, 0.18871302902698517, 0.0864679291844368, 0.046887919306755066, 0.05530319735407829, 0.09614700824022293, 0.12039411813020706, 0.15127898752689362, 0.20810624957084656, 0.32054322957992554, 0.28282907605171204, 0.15854661166667938, 0.1292756050825119, 0.11578366905450821, 0.16157546639442444, 0.1992250233888626, 0.1569918543100357, 0.1654207557439804], "rhythm.beats_position": [0.5804988741874695, 1.160997748374939, 1.7414965629577637, 2.2987754344940186, 2.8560543060302734, 3.4133331775665283, 3.982222080230713, 4.539501190185547, 5.108389854431152, 5.665668964385986, 6.222947597503662, 6.780226707458496, 7.337505340576172, 7.894784450531006, 8.46367359161377, 9.032562255859375, 9.58984088897705, 10.147119522094727, 10.704399108886719, 11.261677742004395, 11.83056640625, 12.399456024169922, 12.956734657287598, 13.514013290405273, 14.07129192352295, 14.628571510314941, 15.185850143432617, 15.754738807678223, 16.323627471923828, 16.88090705871582, 17.43818473815918, 17.995464324951172, 18.552743911743164, 19.121631622314453, 19.690521240234375, 20.247800827026367, 20.805078506469727, 21.36235809326172, 21.91963768005371, 22.47691535949707, 23.045804977416992, 23.61469268798828, 24.171972274780273, 24.729251861572266, 25.286529541015625, 25.843809127807617, 26.40108871459961, 26.9699764251709, 27.52725601196289, 28.09614372253418, 28.653423309326172, 29.210702896118164, 29.767980575561523, 30.325260162353516, 30.905759811401367, 31.463037490844727, 32.02031707763672, 32.57759475708008, 33.1348762512207, 33.69215393066406, 34.27265167236328, 34.829933166503906, 35.387210845947266, 35.944488525390625], "rhythm.bpm_histogram": [0.0, 0.0, 0.0, 0.0, 0.0, 0.0, 0.0, 0.0, 0.0, 0.0, 0.0, 0.0, 0.0, 0.0, 0.0, 0.0, 0.0, 0.0, 0.0, 0.0, 0.0, 0.0, 0.0, 0.0, 0.0, 0.0, 0.0, 0.0, 0.0, 0.0, 0.0, 0.0, 0.0, 0.0, 0.0, 0.0, 0.0, 0.0, 0.0, 0.0, 0.0, 0.0, 0.0, 0.0, 0.0, 0.0, 0.0, 0.0, 0.0, 0.0, 0.0, 0.0, 0.0, 0.0, 0.0, 0.0, 0.0, 0.0, 0.0, 0.0, 0.0, 0.0, 0.0, 0.0, 0.0, 0.0, 0.0, 0.0, 0.0, 0.0, 0.0, 0.0, 0.0, 0.0, 0.0, 0.0, 0.0, 0.0, 0.0, 0.0, 0.0, 0.0, 0.0, 0.0, 0.0, 0.0, 0.0, 0.0, 0.0, 0.0, 0.0, 0.0, 0.0, 0.0, 0.0, 0.0, 0.0, 0.0, 0.0, 0.0, 0.0, 0.0, 0.0, 0.0634920671582222, 0.0, 0.2222222238779068, 0.0, 0.0, 0.7142857313156128, 0.0, 0.0, 0.0, 0.0, 0.0, 0.0, 0.0, 0.0, 0.0, 0.0, 0.0, 0.0, 0.0, 0.0, 0.0, 0.0, 0.0, 0.0, 0.0, 0.0, 0.0, 0.0, 0.0, 0.0, 0.0, 0.0, 0.0, 0.0, 0.0, 0.0, 0.0, 0.0, 0.0, 0.0, 0.0, 0.0, 0.0, 0.0, 0.0, 0.0, 0.0, 0.0, 0.0, 0.0, 0.0, 0.0, 0.0, 0.0, 0.0, 0.0, 0.0, 0.0, 0.0, 0.0, 0.0, 0.0, 0.0, 0.0, 0.0, 0.0, 0.0, 0.0, 0.0, 0.0, 0.0, 0.0, 0.0, 0.0, 0.0, 0.0, 0.0, 0.0, 0.0, 0.0, 0.0, 0.0, 0.0, 0.0, 0.0, 0.0, 0.0, 0.0, 0.0, 0.0, 0.0, 0.0, 0.0, 0.0, 0.0, 0.0, 0.0, 0.0, 0.0, 0.0, 0.0, 0.0, 0.0, 0.0, 0.0, 0.0, 0.0, 0.0, 0.0, 0.0, 0.0, 0.0, 0.0, 0.0, 0.0, 0.0, 0.0, 0.0, 0.0, 0.0, 0.0, 0.0, 0.0, 0.0, 0.0, 0.0, 0.0, 0.0, 0.0, 0.0, 0.0, 0.0, 0.0, 0.0, 0.0, 0.0, 0.0, 0.0, 0.0, 0.0, 0.0, 0.0, 0.0, 0.0, 0.0, 0.0, 0.0], "tonal.chords_histogram": [17.564102172851562, 0.0, 8.589743614196777, 0.0, 2.1794872283935547, 0.0, 3.2051281929016113, 0.0, 0.0, 0.0, 0.0, 0.0, 0.0, 0.0, 0.0, 0.0, 0.0, 17.05128288269043, 3.9743590354919434, 35.64102554321289, 5.0, 2.8205127716064453, 0.0, 3.9743590354919434], "tonal.thpcp": [1.0, 0.7462080717086792, 0.26799553632736206, 0.13631711900234222, 0.1422300487756729, 0.20044834911823273, 0.6379735469818115, 0.6871845126152039, 0.21435394883155823, 0.15198956429958344, 0.1837904006242752, 0.17069078981876373, 0.2582571804523468, 0.21167239546775818, 0.0660034567117691, 0.031237130984663963, 0.04149555042386055, 0.06963477283716202, 0.11391574144363403, 0.18474987149238586, 0.4253816306591034, 0.9236352443695068, 0.7811022996902466, 0.23539191484451294, 0.1208493560552597, 0.10619720071554184, 0.18139305710792542, 0.2740721106529236, 0.22185666859149933, 0.1950729340314865, 0.41528916358947754, 0.6630121469497681, 0.6270565390586853, 0.420590877532959, 0.31547728180885315, 0.6063182353973389], "lowlevel.gfcc.cov": [[6063.88427734375, -1915.6656494140625, -1348.72412109375, -18.447607040405273, -685.5563354492188, 527.0469970703125, -443.466796875, 315.72467041015625, -318.4685974121094, 272.3116149902344, -344.6607971191406, 136.74839782714844, -419.0147705078125], [-1915.6656494140625, 1700.37890625, 223.97979736328125, -395.8903503417969, 243.7259063720703, -256.7477722167969, 274.9237060546875, -225.3316192626953, 275.3634948730469, -111.55191040039062, 179.43162536621094, -120.1111068725586, 258.6676940917969], [-1348.72412109375, 223.97979736328125, 1194.0623779296875, 110.63988494873047, 228.36949157714844, -126.6912841796875, 42.360836029052734, -6.469475269317627, -12.8867826461792, -43.57518005371094, 82.07404327392578, 51.157196044921875, 51.832401275634766], [-18.447607040405273, -395.8903503417969, 110.63988494873047, 673.0499877929688, 53.076881408691406, -102.78297424316406, -108.80093383789062, 9.574934959411621, -10.486700057983398, -44.4576416015625, 36.79495620727539, 25.886075973510742, 52.19135284423828], [-685.5563354492188, 243.7259063720703, 228.36949157714844, 53.076881408691406, 278.73870849609375, -49.48872756958008, 20.30082130432129, -33.07852554321289, 54.74725341796875, -30.889583587646484, 42.251670837402344, -10.193717002868652, 68.41213989257812], [527.0469970703125, -256.7477722167969, -126.6912841796875, -102.78297424316406, -49.48872756958008, 254.5577850341797, 45.52818298339844, 36.2503776550293, -40.70895767211914, 58.702762603759766, -52.171600341796875, -5.999287128448486, -70.72566223144531], [-443.466796875, 274.9237060546875, 42.360836029052734, -108.80093383789062, 20.30082130432129, 45.52818298339844, 251.61056518554688, -2.248868703842163, 2.4528450965881348, -36.676971435546875, 54.11490249633789, -21.028636932373047, 27.19499969482422], [315.72467041015625, -225.3316192626953, -6.469475269317627, 9.574934959411621, -33.07852554321289, 36.2503776550293, -2.248868703842163, 121.54801177978516, -25.01738929748535, 9.313222885131836, -15.854974746704102, 31.418838500976562, -29.793106079101562], [-318.4685974121094, 275.3634948730469, -12.8867826461792, -10.486700057983398, 54.74725341796875, -40.70895767211914, 2.4528450965881348, -25.01738929748535, 171.10414123535156, 27.836145401000977, 16.49534034729004, -33.771697998046875, 70.425537109375], [272.3116149902344, -111.55191040039062, -43.57518005371094, -44.4576416015625, -30.889583587646484, 58.702762603759766, -36.676971435546875, 9.313222885131836, 27.836145401000977, 103.67276763916016, -8.179286003112793, 2.3544416427612305, -30.23143196105957], [-344.6607971191406, 179.43162536621094, 82.07404327392578, 36.79495620727539, 42.251670837402344, -52.171600341796875, 54.11490249633789, -15.854974746704102, 16.49534034729004, -8.179286003112793, 130.24778747558594, 20.894508361816406, 44.069557189941406], [136.74839782714844, -120.1111068725586, 51.157196044921875, 25.886075973510742, -10.193717002868652, -5.999287128448486, -21.028636932373047, 31.418838500976562, -33.771697998046875, 2.3544416427612305, 20.894508361816406, 91.60234832763672, 2.7502124309539795], [-419.0147705078125, 258.6676940917969, 51.832401275634766, 52.19135284423828, 68.41213989257812, -70.72566223144531, 27.19499969482422, -29.793106079101562, 70.425537109375, -30.23143196105957, 44.069557189941406, 2.7502124309539795, 129.3193359375]], "lowlevel.gfcc.icov": [[0.000588457565754652, -0.00047260039718821645, 0.000484035030240193, -0.00045400107046589255, 0.0006108891684561968, -0.0008512386702932417, 0.0009379994589835405, -0.001184592372737825, 0.0009487596107646823, -0.0009422427974641323, 0.000697647628840059, -0.0008102066349238157, 0.0006248703575693071], [-0.00047260039718821645, 0.005643862299621105, -0.0007796403369866312, 0.004078949335962534, -0.0013406749349087477, 0.0036630965769290924, -0.003328250255435705, 0.005905390251427889, -0.005535441916435957, 0.00446547195315361, -0.003892370732501149, 0.0035442993976175785, -0.004071471281349659], [0.000484035030240193, -0.0007796403369866312, 0.0015391565393656492, -0.0007353696855716407, -0.0003859196149278432, -0.000334401847794652, 0.0005918928072787821, -0.0014174652751535177, 0.0015065920306369662, -0.0013864003121852875, 0.0007840355392545462, -0.001457123551517725, 0.0009971503168344498], [-0.00045400107046589255, 0.004078949335962534, -0.0007353696855716407, 0.004836258944123983, -0.0011668206425383687, 0.0028352774679660797, -0.0013534825993701816, 0.0038902610540390015, -0.0037108114920556545, 0.0041047753766179085, -0.003640093607828021, 0.0029511654283851385, -0.003780006431043148], [0.0006108891684561968, -0.0013406749349087477, -0.0003859196149278432, -0.0011668206425383687, 0.005977444816380739, -0.0021438824478536844, 0.0018705676775425673, -0.0014379789354279637, 0.0004454474546946585, -4.116788477404043e-05, 0.00036893278593197465, -0.0005919488612562418, -0.00013805679918732494], [-0.0008512386702932417, 0.0036630965769290924, -0.000334401847794652, 0.0028352774679660797, -0.0021438824478536844, 0.009927273727953434, -0.005548068787902594, 0.0036594236735254526, -0.002305347239598632, -0.001203505671583116, -0.00014156200631987303, 0.0026022170204669237, -0.0015551501419395208], [0.0009379994589835405, -0.003328250255435705, 0.0005918928072787821, -0.0013534825993701816, 0.0018705676775425673, -0.005548068787902594, 0.009492105804383755, -0.005144999362528324, 0.0036952567752450705, 0.00044384520151652396, -0.0011423041578382254, -0.00035106862196698785, 0.0012883427552878857], [-0.001184592372737825, 0.005905390251427889, -0.0014174652751535177, 0.0038902610540390015, -0.0014379789354279637, 0.0036594236735254526, -0.005144999362528324, 0.017301451414823532, -0.007169000804424286, 0.005595814436674118, -0.0032196054235100746, 0.00019132102897856385, -0.002516866661608219], [0.0009487596107646823, -0.005535441916435957, 0.0015065920306369662, -0.0037108114920556545, 0.0004454474546946585, -0.002305347239598632, 0.0036952567752450705, -0.007169000804424286, 0.016879254952073097, -0.010828719474375248, 0.004645602777600288, 0.00024612824199721217, -0.0021971892565488815], [-0.0009422427974641323, 0.00446547195315361, -0.0013864003121852875, 0.0041047753766179085, -4.116788477404043e-05, -0.001203505671583116, 0.00044384520151652396, 0.005595814436674118, -0.010828719474375248, 0.020906738936901093, -0.0067023602314293385, 0.0019594316836446524, 0.000500496884342283], [0.000697647628840059, -0.003892370732501149, 0.0007840355392545462, -0.003640093607828021, 0.00036893278593197465, -0.00014156200631987303, -0.0011423041578382254, -0.0032196054235100746, 0.004645602777600288, -0.0067023602314293385, 0.014840150251984596, -0.006222828291356564, 0.0014051555190235376], [-0.0008102066349238157, 0.0035442993976175785, -0.001457123551517725, 0.0029511654283851385, -0.0005919488612562418, 0.0026022170204669237, -0.00035106862196698785, 0.00019132102897856385, 0.00024612824199721217, 0.0019594316836446524, -0.006222828291356564, 0.018364110961556435, -0.006413280963897705], [0.0006248703575693071, -0.004071471281349659, 0.0009971503168344498, -0.003780006431043148, -0.00013805679918732494, -0.0015551501419395208, 0.0012883427552878857, -0.002516866661608219, -0.0021971892565488815, 0.000500496884342283, 0.0014051555190235376, -0.006413280963897705, 0.01837005466222763]], "lowlevel.mfcc.cov": [[6329.15576171875, -2238.569580078125, -1033.657470703125, -724.5325927734375, -360.1188659667969, -82.52496337890625, -147.81076049804688, -32.466575622558594, -84.1944808959961, 14.13508129119873, 63.3896484375, 47.02604675292969, -50.6765022277832], [-2238.569580078125, 1982.7418212890625, 115.1856918334961, -168.65377807617188, -62.217933654785156, 34.9858283996582, 5.7600789070129395, -42.12605667114258, 111.93778228759766, -10.75839900970459, 29.49676513671875, 15.438533782958984, 29.143264770507812], [-1033.657470703125, 115.1856918334961, 711.693603515625, 246.02670288085938, 134.31756591796875, -10.85048770904541, 58.06947326660156, 23.181964874267578, -23.842060089111328, -25.118417739868164, -16.644756317138672, -5.49926233291626, 38.2074089050293], [-724.5325927734375, -168.65377807617188, 246.02670288085938, 626.8656005859375, 212.1618194580078, -45.45138931274414, -24.75528335571289, 15.539970397949219, -41.0760383605957, -38.40170669555664, -88.7608413696289, 3.349453926086426, 16.402835845947266], [-360.1188659667969, -62.217933654785156, 134.31756591796875, 212.1618194580078, 301.8921813964844, 7.947660446166992, -56.83259201049805, -30.744003295898438, 7.03228759765625, -5.645900249481201, -33.38601303100586, 8.69594955444336, 7.811281681060791], [-82.52496337890625, 34.9858283996582, -10.85048770904541, -45.45138931274414, 7.947660446166992, 159.531005859375, 26.357486724853516, -13.78420352935791, 24.739845275878906, 23.490938186645508, 38.54790115356445, -6.308896064758301, -23.909589767456055], [-147.81076049804688, 5.7600789070129395, 58.06947326660156, -24.75528335571289, -56.83259201049805, 26.357486724853516, 200.8864288330078, 81.9520492553711, -43.87565231323242, 17.157564163208008, 14.159479141235352, -25.313119888305664, -12.181571960449219], [-32.466575622558594, -42.12605667114258, 23.181964874267578, 15.539970397949219, -30.744003295898438, -13.78420352935791, 81.9520492553711, 122.24837493896484, -4.788690567016602, -1.3915098905563354, -9.277517318725586, -7.845430374145508, 5.296596527099609], [-84.1944808959961, 111.93778228759766, -23.842060089111328, -41.0760383605957, 7.03228759765625, 24.739845275878906, -43.87565231323242, -4.788690567016602, 135.0634765625, 17.185157775878906, 3.3972489833831787, 0.21479839086532593, 5.066173553466797], [14.13508129119873, -10.75839900970459, -25.118417739868164, -38.40170669555664, -5.645900249481201, 23.490938186645508, 17.157564163208008, -1.3915098905563354, 17.185157775878906, 102.43326568603516, 34.463462829589844, -17.119611740112305, -18.574554443359375], [63.3896484375, 29.49676513671875, -16.644756317138672, -88.7608413696289, -33.38601303100586, 38.54790115356445, 14.159479141235352, -9.277517318725586, 3.3972489833831787, 34.463462829589844, 92.25238037109375, 8.534603118896484, -13.299397468566895], [47.02604675292969, 15.438533782958984, -5.49926233291626, 3.349453926086426, 8.69594955444336, -6.308896064758301, -25.313119888305664, -7.845430374145508, 0.21479839086532593, -17.119611740112305, 8.534603118896484, 77.31622314453125, 30.867952346801758], [-50.6765022277832, 29.143264770507812, 38.2074089050293, 16.402835845947266, 7.811281681060791, -23.909589767456055, -12.181571960449219, 5.296596527099609, 5.066173553466797, -18.574554443359375, -13.299397468566895, 30.867952346801758, 79.24654388427734]], "lowlevel.mfcc.icov": [[0.0005654478445649147, 0.00066902965772897, 0.0004280323628336191, 0.0006244451506063342, 0.00025423825718462467, 0.0002488818427082151, 0.00032201356953009963, 7.70074111642316e-05, 8.913550846045837e-05, 0.0001726480113575235, -7.467978775821393e-06, -0.00034762517316266894, 4.323803659644909e-05], [0.00066902965772897, 0.001363298506475985, 0.0003461987362243235, 0.0008776919567026198, 0.00040523940697312355, 0.0003047303471248597, 0.00015631697897333652, 0.0004571177123580128, -0.00043973265565000474, 0.00038914172910153866, -4.1003437218023464e-05, -0.0004953360185027122, -7.125535194063559e-05], [0.0004280323628336191, 0.0003461987362243235, 0.002226067241281271, -0.0001837158779380843, -0.000442483025835827, 0.0003358256653882563, -0.0006001293659210205, 0.00017865658446680754, 7.1390786615666e-05, 0.0005794146563857794, -0.0007613281486555934, 0.000337460107402876, -0.000976057315710932], [0.0006244451506063342, 0.0008776919567026198, -0.0001837158779380843, 0.003380064619705081, -0.0011043481063097715, 0.0004273163212928921, 0.0007145632989704609, -0.0005295407027006149, 0.0007692866493016481, 0.000163739372510463, 0.001803863444365561, -0.0007061599171720445, 0.00041550336754880846], [0.00025423825718462467, 0.00040523940697312355, -0.000442483025835827, -0.0011043481063097715, 0.005126241594552994, -0.000808505283202976, 0.0012628723634406924, 0.0007910166750662029, -0.00022126006660982966, -0.000617242360021919, 0.0009515947895124555, -0.0006629492854699492, 0.00013490139099303633], [0.0002488818427082151, 0.0003047303471248597, 0.0003358256653882563, 0.0004273163212928921, -0.000808505283202976, 0.008214148692786694, -0.0021132940892130136, 0.0018136765575036407, -0.002016635611653328, 0.0002192952815676108, -0.002744359662756324, -0.00029193656519055367, 0.0017421242082491517], [0.00032201356953009963, 0.00015631697897333652, -0.0006001293659210205, 0.0007145632989704609, 0.0012628723634406924, -0.0021132940892130136, 0.009704478085041046, -0.0060630738735198975, 0.0035986846778541803, -0.0012843951117247343, -0.00021505150652956218, 0.0015793724451214075, 0.00024237764591816813], [7.70074111642316e-05, 0.0004571177123580128, 0.00017865658446680754, -0.0005295407027006149, 0.0007910166750662029, 0.0018136765575036407, -0.0060630738735198975, 0.012850897386670113, -0.0024145040661096573, 0.0006114360876381397, 0.00084484345279634, -0.0003378723340574652, -0.0008460062672384083], [8.913550846045837e-05, -0.00043973265565000474, 7.1390786615666e-05, 0.0007692866493016481, -0.00022126006660982966, -0.002016635611653328, 0.0035986846778541803, -0.0024145040661096573, 0.009800889529287815, -0.0019906852394342422, 0.0009768478339537978, 0.0006310700555332005, -0.0010220457334071398], [0.0001726480113575235, 0.00038914172910153866, 0.0005794146563857794, 0.000163739372510463, -0.000617242360021919, 0.0002192952815676108, -0.0012843951117247343, 0.0006114360876381397, -0.0019906852394342422, 0.012657783925533295, -0.004814568441361189, 0.0025930649135261774, 0.0008188273059204221], [-7.467978775821393e-06, -4.1003437218023464e-05, -0.0007613281486555934, 0.001803863444365561, 0.0009515947895124555, -0.002744359662756324, -0.00021505150652956218, 0.00084484345279634, 0.0009768478339537978, -0.004814568441361189, 0.016537955030798912, -0.004215539898723364, 0.0022192117758095264], [-0.00034762517316266894, -0.0004953360185027122, 0.000337460107402876, -0.0007061599171720445, -0.0006629492854699492, -0.00029193656519055367, 0.0015793724451214075, -0.0003378723340574652, 0.0006310700555332005, 0.0025930649135261774, -0.004215539898723364, 0.017586737871170044, -0.00680442014709115], [4.323803659644909e-05, -7.125535194063559e-05, -0.000976057315710932, 0.00041550336754880846, 0.00013490139099303633, 0.0017421242082491517, 0.00024237764591816813, -0.0008460062672384083, -0.0010220457334071398, 0.0008188273059204221, 0.0022192117758095264, -0.00680442014709115, 0.01694355346262455]], "metadata.audio_properties.analysis.downmix": "mix", "metadata.audio_properties.codec": "mp3", "metadata.audio_properties.md5_encoded": "2ef528b499cd2acdf23303bb1622f437", "metadata.tags.file_name": "1182274587958976592.mp3", "metadata.version.essentia": "2.1-beta6-dev", "metadata.version.essentia_git_sha": "v2.1_beta5-1110-g77a6a954", "metadata.version.extractor": "music 2.0", "tonal.chords_key": "F#", "tonal.chords_scale": "minor", "tonal.key_edma.key": "B", "tonal.key_edma.scale": "major", "tonal.key_krumhansl.key": "B", "tonal.key_krumhansl.scale": "major", "tonal.key_temperley.key": "B", "tonal.key_temperle