{"song_id": "1182263542624297000", "download": "https://cdn.discordapp.com/attachments/1135903449314238464/1182263542624297000/chirp.mp4?ex=65840fb9&amp", "lyrics": "[verse]\nIn the desert sun, a restless wind blows\nThrough the city streets, a story unfolds\nFrom small-time lawyer to a man on the run\nA tale of redemption, just begun\n\n[chorus]\nBetter Call Saul, he\u2019ll find a way\nThrough legal battles, come what may\nWith charisma and wit, he\u2019ll surely strive\nIn Albuquerque, where legends thrive", "style": ["from the opening music from </span><span>\"Better Call Saul</span><span>\" series"], "essentia_features": {"lowlevel.average_loudness": 0.8405439257621765, "lowlevel.barkbands_crest.mean": 13.30218505859375, "lowlevel.barkbands_crest.stdev": 4.327759742736816, "lowlevel.barkbands_flatness_db.mean": 0.2690623104572296, "lowlevel.barkbands_flatness_db.stdev": 0.08742132037878036, "lowlevel.barkbands_kurtosis.mean": 17.289613723754883, "lowlevel.barkbands_kurtosis.stdev": 21.76605224609375, "lowlevel.barkbands_skewness.mean": 2.5897138118743896, "lowlevel.barkbands_skewness.stdev": 1.9622515439987183, "lowlevel.barkbands_spread.mean": 8.731712341308594, "lowlevel.barkbands_spread.stdev": 12.57601261138916, "lowlevel.dissonance.mean": 0.3785646855831146, "lowlevel.dissonance.stdev": 0.06959236413240433, "lowlevel.dynamic_complexity": 5.217101573944092, "lowlevel.erbbands_crest.mean": 14.77968978881836, "lowlevel.erbbands_crest.stdev": 4.998467922210693, "lowlevel.erbbands_flatness_db.mean": 0.27738574147224426, "lowlevel.erbbands_flatness_db.stdev": 0.0849451869726181, "lowlevel.erbbands_kurtosis.mean": 8.305716514587402, "lowlevel.erbbands_kurtosis.stdev": 8.651270866394043, "lowlevel.erbbands_skewness.mean": 1.8781789541244507, "lowlevel.erbbands_skewness.stdev": 1.2775768041610718, "lowlevel.erbbands_spread.mean": 18.029876708984375, "lowlevel.erbbands_spread.stdev": 18.541330337524414, "lowlevel.hfc.mean": 12.304487228393555, "lowlevel.hfc.stdev": 13.605850219726562, "lowlevel.loudness_ebu128.integrated": -15.544357299804688, "lowlevel.loudness_ebu128.loudness_range": 5.375804901123047, "lowlevel.loudness_ebu128.momentary.mean": -17.816925048828125, "lowlevel.loudness_ebu128.momentary.stdev": 7.652041435241699, "lowlevel.loudness_ebu128.short_term.mean": -16.085424423217773, "lowlevel.loudness_ebu128.short_term.stdev": 1.9579435586929321, "lowlevel.melbands_crest.mean": 16.06200408935547, "lowlevel.melbands_crest.stdev": 5.193991661071777, "lowlevel.melbands_flatness_db.mean": 0.3439747393131256, "lowlevel.melbands_flatness_db.stdev": 0.10585290938615799, "lowlevel.melbands_kurtosis.mean": 24.910858154296875, "lowlevel.melbands_kurtosis.stdev": 34.21774673461914, "lowlevel.melbands_skewness.mean": 2.5785410404205322, "lowlevel.melbands_skewness.stdev": 2.1277916431427, "lowlevel.melbands_spread.mean": 11.134781837463379, "lowlevel.melbands_spread.stdev": 21.269779205322266, "lowlevel.pitch_salience.mean": 0.5449190139770508, "lowlevel.pitch_salience.stdev": 0.12647993862628937, "lowlevel.silence_rate_20dB.mean": 1.0, "lowlevel.silence_rate_20dB.stdev": 0.0, "lowlevel.silence_rate_30dB.mean": 1.0, "lowlevel.silence_rate_30dB.stdev": 0.0, "lowlevel.silence_rate_60dB.mean": 0.1600928008556366, "lowlevel.silence_rate_60dB.stdev": 0.3666963577270508, "lowlevel.spectral_centroid.mean": 753.7601318359375, "lowlevel.spectral_centroid.stdev": 1151.0985107421875, "lowlevel.spectral_complexity.mean": 7.773201942443848, "lowlevel.spectral_complexity.stdev": 3.7820866107940674, "lowlevel.spectral_decrease.mean": -4.980992063252643e-09, "lowlevel.spectral_decrease.stdev": 4.613187609692204e-09, "lowlevel.spectral_energy.mean": 0.019915441051125526, "lowlevel.spectral_energy.stdev": 0.018441060557961464, "lowlevel.spectral_energyband_high.mean": 0.00026708326186053455, "lowlevel.spectral_energyband_high.stdev": 0.0007210408803075552, "lowlevel.spectral_energyband_low.mean": 0.0008750078268349171, "lowlevel.spectral_energyband_low.stdev": 0.0012628372060135007, "lowlevel.spectral_energyband_middle_high.mean": 0.0034216362982988358, "lowlevel.spectral_energyband_middle_high.stdev": 0.00877508707344532, "lowlevel.spectral_energyband_middle_low.mean": 0.015669479966163635, "lowlevel.spectral_energyband_middle_low.stdev": 0.014808782376348972, "lowlevel.spectral_entropy.mean": 6.318389892578125, "lowlevel.spectral_entropy.stdev": 0.8769522905349731, "lowlevel.spectral_flux.mean": 0.04897385090589523, "lowlevel.spectral_flux.stdev": 0.038645874708890915, "lowlevel.spectral_kurtosis.mean": 32.06254196166992, "lowlevel.spectral_kurtosis.stdev": 55.14647674560547, "lowlevel.spectral_rms.mean": 0.0038976373616605997, "lowlevel.spectral_rms.stdev": 0.0020586741156876087, "lowlevel.spectral_rolloff.mean": 1167.00146484375, "lowlevel.spectral_rolloff.stdev": 2447.88427734375, "lowlevel.spectral_skewness.mean": 3.8244082927703857, "lowlevel.spectral_skewness.stdev": 2.840914726257324, "lowlevel.spectral_spread.mean": 4945023.5, "lowlevel.spectral_spread.stdev": 4392975.5, "lowlevel.spectral_strongpeak.mean": 1.4051135778427124, "lowlevel.spectral_strongpeak.stdev": 1.3627264499664307, "lowlevel.zerocrossingrate.mean": 0.04910653457045555, "lowlevel.zerocrossingrate.stdev": 0.06815941631793976, "metadata.audio_properties.analysis.equal_loudness": 0.0, "metadata.audio_properties.analysis.length": 39.999977111816406, "metadata.audio_properties.analysis.sample_rate": 44100.0, "metadata.audio_properties.analysis.start_time": 0.0, "metadata.audio_properties.bit_rate": 123952.0, "metadata.audio_properties.length": 40.0, "metadata.audio_properties.lossless": 0.0, "metadata.audio_properties.number_channels": 1.0, "metadata.audio_properties.replay_gain": -12.792469024658203, "metadata.audio_properties.sample_rate": 48000.0, "rhythm.beats_count": 116.0, "rhythm.beats_loudness.mean": 0.028251606971025467, "rhythm.beats_loudness.stdev": 0.020864656195044518, "rhythm.bpm": 178.20587158203125, "rhythm.bpm_histogram_first_peak_bpm": 178.0, "rhythm.bpm_histogram_first_peak_weight": 0.0, "rhythm.bpm_histogram_second_peak_bpm": 185.0, "rhythm.bpm_histogram_second_peak_spread": 0.0, "rhythm.bpm_histogram_second_peak_weight": 0.19130434095859528, "rhythm.danceability": 1.1065945625305176, "rhythm.onset_rate": 3.1234700679779053, "tonal.chords_changes_rate": 0.049826186150312424, "tonal.chords_number_rate": 0.011587485671043396, "tonal.chords_strength.mean": 0.5088257789611816, "tonal.chords_strength.stdev": 0.09296098351478577, "tonal.hpcp_crest.mean": 20.38629722595215, "tonal.hpcp_crest.stdev": 9.281105995178223, "tonal.hpcp_entropy.mean": 1.214982032775879, "tonal.hpcp_entropy.stdev": 0.7429065108299255, "tonal.key_edma.strength": 0.7257420420646667, "tonal.key_krumhansl.strength": 0.7246755361557007, "tonal.key_temperley.strength": 0.711937665939331, "tonal.tuning_diatonic_strength": 0.543968141078949, "tonal.tuning_equal_tempered_deviation": 0.0493478886783123, "tonal.tuning_frequency": 440.5086364746094, "tonal.tuning_nontempered_energy_ratio": 0.615708589553833, "lowlevel.barkbands.mean": [2.6523489395913202e-06, 0.00020766627858392894, 0.0005518633406609297, 0.000337896664859727, 0.0032478536013513803, 0.00589698227122426, 0.0029173661023378372, 0.0007156785577535629, 0.0020691275130957365, 0.0023304522037506104, 0.00028785463655367494, 0.0004484633100219071, 0.00012529602099675685, 0.00027534470427781343, 8.976495882961899e-05, 3.156075399601832e-05, 4.6439301513601094e-05, 2.0336614397820085e-05, 3.659322464955039e-05, 2.7304102331981994e-05, 3.7290999898687005e-05, 1.7966116502066143e-05, 1.657514258113224e-05, 4.255375824868679e-05, 0.00012730315211229026, 6.93792981110164e-06, 3.5025806255362113e-07], "lowlevel.barkbands.stdev": [6.856387244624784e-06, 0.0003951203834731132, 0.00086800946155563, 0.0008207547361962497, 0.005746952723711729, 0.00818548072129488, 0.004266780335456133, 0.00141993653960526, 0.005715670995414257, 0.007251179311424494, 0.0011112819192931056, 0.0012484588660299778, 0.0007152489270083606, 0.0013383531477302313, 0.0005014780326746404, 0.00017681582539808005, 0.00020900867821183056, 6.758108793292195e-05, 9.669182327343151e-05, 0.00010807591752381995, 0.00013649086758960038, 0.00011642664321698248, 9.86432351055555e-05, 0.00020111780031584203, 0.0003012614033650607, 2.9435243050102144e-05, 8.455451734334929e-07], "lowlevel.erbbands.mean": [0.00154264981392771, 0.06994861364364624, 0.5697410106658936, 0.8700709342956543, 3.6159183979034424, 9.888432502746582, 30.475643157958984, 56.61561965942383, 58.92061233520508, 15.951051712036133, 19.231782913208008, 41.03778076171875, 75.59852600097656, 43.15998840332031, 16.474760055541992, 15.487327575683594, 6.849149227142334, 6.594083786010742, 14.068848609924316, 3.022449254989624, 1.408095359802246, 2.5214054584503174, 1.4688348770141602, 1.8531432151794434, 1.2872908115386963, 1.2349488735198975, 1.9960582256317139, 0.9545904994010925, 0.6868400573730469, 0.49443936347961426, 0.4823283851146698, 0.5649641156196594, 1.0571190118789673, 1.9073009490966797, 0.5698410868644714, 0.05389663204550743, 0.010320073924958706, 0.0016811634413897991, 7.562794053228572e-05, 2.610655974422116e-05], "lowlevel.erbbands.stdev": [0.0027231082785874605, 0.12469150125980377, 0.9115222096443176, 1.543149709701538, 10.041139602661133, 19.39206314086914, 46.827938079833984, 80.075439453125, 80.36864471435547, 17.950849533081055, 40.24932098388672, 123.42340850830078, 190.7776336669922, 158.48472595214844, 45.11507034301758, 43.60801315307617, 29.301206588745117, 24.486278533935547, 66.1814193725586, 10.507745742797852, 6.328065872192383, 10.406904220581055, 5.8942718505859375, 4.618663787841797, 3.4473745822906494, 4.674103260040283, 7.510509014129639, 3.7843165397644043, 4.30322790145874, 3.2437732219696045, 2.8676719665527344, 3.313636302947998, 4.088540077209473, 4.264256477355957, 1.5957258939743042, 0.2737284004688263, 0.024085931479930878, 0.0033376109786331654, 0.00014682949404232204, 2.376577140239533e-05], "lowlevel.gfcc.mean": [-136.6910400390625, 116.22669219970703, -94.83824920654297, -34.41241455078125, -83.73890686035156, -12.893157958984375, -56.92378234863281, 7.806408405303955, -45.22771453857422, 10.148755073547363, -6.503880023956299, -10.382881164550781, 9.065112113952637], "lowlevel.melbands.mean": [3.3174808777403086e-05, 0.00022149644792079926, 0.00022927629470359534, 0.0004572609323076904, 0.0009911208180710673, 0.00126310542691499, 0.0008022024994716048, 0.00014945461589377373, 0.0001647740282351151, 0.0002817375061567873, 0.00039453324279747903, 0.00020455186313483864, 4.86364406242501e-05, 5.3344087064033374e-05, 2.9181241188780405e-05, 7.950889994390309e-06, 1.369522578897886e-05, 2.8946024031029083e-05, 4.81110873806756e-06, 2.9426830678858096e-06, 1.2231902246639947e-06, 2.419493966954178e-06, 2.451758973620599e-06, 8.482247721985914e-07, 1.6030453480198048e-06, 1.339856908089132e-06, 6.336542242024734e-07, 8.455069178125996e-07, 1.3524871746994904e-06, 9.047833486874879e-07, 4.476193851132848e-07, 4.0739828932601085e-07, 3.0863071742714965e-07, 2.5938967951333325e-07, 2.6224446969536075e-07, 3.133212089778681e-07, 3.404221615710412e-07, 5.948538159827876e-07, 1.208215167025628e-06, 1.7687494846541085e-06], "lowlevel.melbands.stdev": [6.188920815475285e-05, 0.0003401559661142528, 0.0004954897449351847, 0.0009423259762115777, 0.0015030702343210578, 0.0016925209201872349, 0.001067067263647914, 0.000209133155294694, 0.0003980609471909702, 0.0008206693455576897, 0.0010164089035242796, 0.0007645655423402786, 0.00016778857388999313, 0.00015629056724719703, 0.0001295109832426533, 3.0075902031967416e-05, 5.805844921269454e-05, 0.00014258926967158914, 2.2830454327049665e-05, 1.5764866475365125e-05, 5.480712843564106e-06, 9.638541996537242e-06, 1.339349546469748e-05, 2.7566231892706128e-06, 4.082700343133183e-06, 3.9056440073181875e-06, 1.8818765283867833e-06, 3.6858632483927067e-06, 5.4965485105640255e-06, 3.340611328894738e-06, 2.017715814872645e-06, 2.6127063392777927e-06, 2.2123599592305254e-06, 1.6740707451390335e-06, 1.6105580016301246e-06, 1.936285343617783e-06, 2.0197142021061154e-06, 2.869579020625679e-06, 3.2134607863554265e-06, 3.930501407012343e-06], "lowlevel.melbands128.mean": [1.2802629498764873e-06, 3.558569460437866e-06, 2.049799331871327e-05, 0.0001356902503175661, 0.00029023265233263373, 0.0002502633724361658, 0.0001403705682605505, 0.00020059867529198527, 0.00038892441079951823, 0.00039612725959159434, 0.0004501065704971552, 0.001030740444548428, 0.001035503693856299, 0.0010859875474125147, 0.0012568208621814847, 0.0013888711109757423, 0.0012776320800185204, 0.0007305307080969214, 0.00016183184925466776, 0.00013132725143805146, 0.00014534182264469564, 0.00019783104653470218, 0.00011630875087575987, 0.00018893952073995024, 0.00028215788188390434, 0.000247002491960302, 0.0004657916724681854, 0.00029688188806176186, 0.0005330040585249662, 0.00029669413925148547, 7.104480755515397e-05, 3.4783231967594475e-05, 6.322986882878467e-05, 3.026883860002272e-05, 7.735993131063879e-05, 5.4183477914193645e-05, 2.4526952984160744e-05, 4.1322276956634596e-05, 2.2336240363074467e-05, 8.574484127166215e-06, 4.526434622675879e-06, 6.206973466760246e-06, 6.930660219950369e-06, 1.0602641850709915e-05, 5.539371704799123e-05, 2.8563123123603873e-05, 7.726837793597952e-06, 4.723010533780325e-06, 3.240643764002016e-06, 3.259007826272864e-06, 3.378587962288293e-06, 2.198104766648612e-06, 1.0873037581404787e-06, 8.635107064947078e-07, 1.2179069699413958e-06, 2.4219004899350693e-06, 3.3065721254388336e-06, 4.177122718829196e-06, 1.4624473578805919e-06, 6.557926894856791e-07, 7.402056212413299e-07, 1.0446152600707137e-06, 1.057594317899202e-06, 1.688827865109488e-06, 2.7296900952933356e-06, 1.3358679780139937e-06, 5.469539132718637e-07, 6.209148182279023e-07, 6.65297022806044e-07, 6.482745789071487e-07, 6.807084105275862e-07, 1.0071842098113848e-06, 1.3168870509616681e-06, 1.4964608681111713e-06, 1.3175946378396475e-06, 1.071759015758289e-06, 6.463739055106998e-07, 4.4875369553665223e-07, 4.366153518731153e-07, 4.1016997442966385e-07, 4.689234174293233e-07, 3.799435717155575e-07, 3.367817669186479e-07, 3.154747219014098e-07, 2.585475726846198e-07, 2.7721932838176144e-07, 2.4362239514630346e-07, 2.6419044729664165e-07, 2.5702379957692756e-07, 2.5962881977648067e-07, 3.007902193985501e-07, 3.298616206848237e-07, 3.4182767194579355e-07, 2.8500238613560214e-07, 3.523607858824107e-07, 5.259702788862342e-07, 6.496218247775687e-07, 6.963047667341016e-07, 9.80437562247971e-07, 1.4242572206057957e-06, 2.242032678623218e-06, 1.7291582707912312e-06, 1.459381564927753e-06, 1.1944134712393861e-06, 4.888002536063141e-07, 1.9888643976173626e-07, 1.3869281190181937e-07, 1.292921041340378e-07, 5.563352445392411e-08, 2.5732378006182444e-08, 1.8722696282225115e-08, 2.1795415250380756e-08, 3.729510211769593e-08, 3.6308389184114276e-08, 3.2879391653750645e-08, 1.2412271210848758e-08, 5.8513633938162e-09, 6.304557320646609e-09, 3.0384492699653265e-09, 2.9313637628369804e-10, 1.8986071048665565e-10, 6.34616872940974e-11, 2.7573283933879367e-11, 2.7214310666101582e-11, 2.8167504786957842e-11, 3.061606176912868e-11, 3.16406241485101e-11, 3.146574667489688e-11], "lowlevel.melbands128.stdev": [3.2462146464240504e-06, 9.341660188511014e-06, 4.8469086323166266e-05, 0.00026364505174569786, 0.0005065659643150866, 0.0003948768717236817, 0.00029231616645120084, 0.0005771772121079266, 0.001262534991838038, 0.0010448471875861287, 0.0011247539659962058, 0.0020822123624384403, 0.0019380272133275867, 0.0024096835404634476, 0.002165749669075012, 0.0026437551714479923, 0.002086005639284849, 0.0011725107906386256, 0.00024681605282239616, 0.00024969351943582296, 0.0003209553542546928, 0.00044753565452992916, 0.0005258325836621225, 0.0007434888975694776, 0.00136830925475806, 0.000917079218197614, 0.0017828624695539474, 0.0010630094911903143, 0.0020636599510908127, 0.0013373701367527246, 0.000580912281293422, 0.00015787885058671236, 0.0003071748069487512, 0.0001392407139064744, 0.0002567545452620834, 0.00022224275744520128, 0.00014490367902908474, 0.00020869050058536232, 0.00018767300934996456, 3.770725743379444e-05, 2.1653322619386017e-05, 3.337770976941101e-05, 5.002177567803301e-05, 6.419715646188706e-05, 0.00032445957185700536, 0.0001737813581712544, 7.207479211501777e-05, 3.5487712011672556e-05, 1.748960312397685e-05, 1.9690902263391763e-05, 2.253428647236433e-05, 2.6388630431029014e-05, 4.495246230362682e-06, 3.0468861496046884e-06, 6.093926003813976e-06, 1.3374409718380775e-05, 1.9490405975375324e-05, 3.109399040113203e-05, 6.8209792516427115e-06, 2.4577243493695278e-06, 3.680476993395132e-06, 4.747066668642219e-06, 4.092038125236286e-06, 5.401438556873472e-06, 8.9414697868051e-06, 5.568570486502722e-06, 1.8864677713281708e-06, 2.210558022852638e-06, 2.24280051952519e-06, 2.4154512630047975e-06, 2.785873448374332e-06, 5.852880349266343e-06, 6.967696663195966e-06, 6.486762686108705e-06, 4.638339305529371e-06, 5.094937023386592e-06, 2.29846773436293e-06, 1.6364249404432485e-06, 2.256258767374675e-06, 2.5895258204400307e-06, 3.365256816323381e-06, 2.5337785700685345e-06, 2.379561692578136e-06, 2.3972456801857334e-06, 2.049251406788244e-06, 1.9605320176196983e-06, 1.6217629763559671e-06, 1.7030191656886018e-06, 1.6755029719206505e-06, 1.638986077523441e-06, 1.853989488154184e-06, 2.193480668211123e-06, 2.3988586690393277e-06, 1.8614481405165861e-06, 2.1467717488121707e-06, 2.86867680188152e-06, 3.268764885433484e-06, 3.100855565207894e-06, 2.989261247421382e-06, 3.671186277642846e-06, 5.146916919329669e-06, 3.788848744079587e-06, 4.186786100035533e-06, 3.0277856239990797e-06, 1.605085117262206e-06, 9.033336709762807e-07, 8.879888468982244e-07, 8.873475394466368e-07, 4.0545705815020483e-07, 1.5690559962422412e-07, 9.466939587809975e-08, 6.298594712461636e-08, 7.929860146305145e-08, 8.286283303959863e-08, 8.180639810007051e-08, 2.648451236098026e-08, 1.3576480384358547e-08, 1.5152648913385747e-08, 8.476127355550034e-09, 3.2068236954785334e-09, 2.1203907518696496e-09, 1.145686656656153e-09, 9.477754137066086e-10, 9.389291566463953e-10, 9.814388191031753e-10, 1.0837803987584493e-09, 1.126677418028521e-09, 1.1211099826269333e-09], "lowlevel.mfcc.mean": [-791.6318969726562, 171.6050567626953, 18.665271759033203, -17.285402297973633, -11.526595115661621, -37.20247268676758, 6.941961765289307, -40.50535202026367, -1.456026554107666, -21.09833335876465, -6.962710380554199, -4.04376220703125, -2.3764681816101074], "lowlevel.spectral_contrast_coeffs.mean": [-0.6077316403388977, -0.637528121471405, -0.714188277721405, -0.795940637588501, -0.7881321310997009, -0.7736428380012512], "lowlevel.spectral_contrast_coeffs.stdev": [0.11831971257925034, 0.09413877129554749, 0.10964728146791458, 0.07136484980583191, 0.05973042920231819, 0.06604000926017761], "lowlevel.spectral_contrast_valleys.mean": [-8.568830490112305, -7.472260475158691, -8.534890174865723, -9.444815635681152, -10.016397476196289, -12.276263236999512], "lowlevel.spectral_contrast_valleys.stdev": [2.5114293098449707, 2.2414114475250244, 2.132516860961914, 2.0447800159454346, 2.255748748779297, 2.0301156044006348], "rhythm.beats_loudness_band_ratio.mean": [0.08361758291721344, 0.4664234519004822, 0.36652734875679016, 0.11256113648414612, 0.021555913612246513, 0.022448338568210602], "rhythm.beats_loudness_band_ratio.stdev": [0.11065400391817093, 0.23625290393829346, 0.22751155495643616, 0.16474255919456482, 0.050301387906074524, 0.0760279968380928], "tonal.hpcp.mean": [0.19724249839782715, 0.08717815577983856, 0.018421225249767303, 0.020479578524827957, 0.015728291124105453, 0.06296275556087494, 0.10369841009378433, 0.059888292104005814, 0.0247579887509346, 0.022417554631829262, 0.029760204255580902, 0.14301331341266632, 0.247309148311615, 0.13894854485988617, 0.0626499205827713, 0.08001850545406342, 0.04549822211265564, 0.047389477491378784, 0.06447046250104904, 0.04746582359075546, 0.07255659252405167, 0.12204763293266296, 0.09307407587766647, 0.04027087241411209, 0.02282506786286831, 0.024568816646933556, 0.212824285030365, 0.3203899562358856, 0.15028806030750275, 0.0491010844707489, 0.036274805665016174, 0.032637860625982285, 0.19433660805225372, 0.33636751770973206, 0.18673646450042725, 0.1433066725730896], "tonal.hpcp.stdev": [0.32813316583633423, 0.16340237855911255, 0.09476196765899658, 0.10326492041349411, 0.08313281834125519, 0.13755813241004944, 0.20755447447299957, 0.1378319412469864, 0.0941900685429573, 0.10130269825458527, 0.11994955688714981, 0.2144782394170761, 0.3138730525970459, 0.20825999975204468, 0.1748630851507187, 0.24476215243339539, 0.14397288858890533, 0.1339222639799118, 0.1594887226819992, 0.13199420273303986, 0.19547197222709656, 0.26933619379997253, 0.23674041032791138, 0.1527004837989807, 0.10446833074092865, 0.10830799490213394, 0.28738680481910706, 0.3949427902698517, 0.23378397524356842, 0.17461591958999634, 0.14855383336544037, 0.13143739104270935, 0.25490546226501465, 0.38110870122909546, 0.25214919447898865, 0.2338525801897049], "rhythm.beats_position": [0.3250793516635895, 0.6617686748504639, 0.9984580278396606, 1.3467572927474976, 1.7066665887832642, 2.0665760040283203, 2.4148752689361572, 2.7515645027160645, 3.088253974914551, 3.4365532398223877, 3.7964625358581543, 4.133152008056641, 4.469841003417969, 4.806530475616455, 5.154829978942871, 5.479909420013428, 5.816598415374756, 6.153287887573242, 6.478367328643799, 6.815056800842285, 7.151745796203613, 7.500045299530029, 7.836734771728516, 8.173423767089844, 8.498503684997559, 8.823582649230957, 9.148661613464355, 9.47374153137207, 9.810430526733398, 10.147119522094727, 10.565078735351562, 10.983037948608398, 11.400997161865234, 11.81895637512207, 12.190476417541504, 12.561995506286621, 12.933514595031738, 13.305033683776855, 13.676552772521973, 14.036462783813477, 14.396371841430664, 14.744670867919922, 15.09296989440918, 15.452879905700684, 15.812788963317871, 16.161088943481445, 16.509387969970703, 16.85768699645996, 17.20598602294922, 17.542675018310547, 17.890974044799805, 18.227664947509766, 18.564353942871094, 18.901042938232422, 19.23773193359375, 19.56281089782715, 19.887889862060547, 20.224580764770508, 20.549659729003906, 20.886348724365234, 21.223037719726562, 21.54811668395996, 21.873197555541992, 22.20988655090332, 22.54657554626465, 22.871654510498047, 23.219953536987305, 23.568254470825195, 23.904943466186523, 24.24163246154785, 24.56671142578125, 24.903400421142578, 25.251699447631836, 25.588390350341797, 25.925079345703125, 26.273378372192383, 26.61006736755371, 26.92353630065918, 27.24861717224121, 27.58530616760254, 27.921995162963867, 28.258684158325195, 28.595373153686523, 28.93206214904785, 29.257143020629883, 29.59383201599121, 29.93052101135254, 30.267210006713867, 30.603899002075195, 30.952198028564453, 31.300498962402344, 31.6487979888916, 31.973876953125, 32.29895782470703, 32.6124267578125, 32.937503814697266, 33.2625846862793, 33.599273681640625, 33.93596267700195, 34.27265167236328, 34.60934066772461, 34.94602966308594, 35.27111053466797, 35.6077995300293, 35.944488525390625, 36.28117752075195, 36.61786651611328, 36.95455551147461, 37.2912483215332, 37.61632537841797, 37.9530143737793, 38.30131530761719, 38.62639236450195, 38.96308135986328, 39.299774169921875, 39.6364631652832], "rhythm.bpm_histogram": [0.0, 0.0, 0.0, 0.0, 0.0, 0.0, 0.0, 0.0, 0.0, 0.0, 0.0, 0.0, 0.0, 0.0, 0.0, 0.0, 0.0, 0.0, 0.0, 0.0, 0.0, 0.0, 0.0, 0.0, 0.0, 0.0, 0.0, 0.0, 0.0, 0.0, 0.0, 0.0, 0.0, 0.0, 0.0, 0.0, 0.0, 0.0, 0.0, 0.0, 0.0, 0.0, 0.0, 0.0, 0.0, 0.0, 0.0, 0.0, 0.0, 0.0, 0.0, 0.0, 0.0, 0.0, 0.0, 0.0, 0.0, 0.0, 0.0, 0.0, 0.0, 0.0, 0.0, 0.0, 0.0, 0.0, 0.0, 0.0, 0.0, 0.0, 0.0, 0.0, 0.0, 0.0, 0.0, 0.0, 0.0, 0.0, 0.0, 0.0, 0.0, 0.0, 0.0, 0.0, 0.0, 0.0, 0.0, 0.0, 0.0, 0.0, 0.0, 0.0, 0.0, 0.0, 0.0, 0.0, 0.0, 0.0, 0.0, 0.0, 0.0, 0.0, 0.0, 0.0, 0.0, 0.0, 0.0, 0.0, 0.0, 0.0, 0.0, 0.0, 0.0, 0.0, 0.0, 0.0, 0.0, 0.0, 0.0, 0.0, 0.0, 0.0, 0.0, 0.0, 0.0, 0.0, 0.0, 0.0, 0.0, 0.0, 0.0, 0.0, 0.0, 0.0, 0.0, 0.0, 0.0, 0.0, 0.0, 0.0, 0.0, 0.0, 0.0, 0.0, 0.03478260710835457, 0.0, 0.0, 0.0, 0.0, 0.0, 0.0, 0.0, 0.0, 0.0, 0.0, 0.0, 0.0, 0.0, 0.0, 0.0, 0.0, 0.043478261679410934, 0.0, 0.0, 0.0, 0.0, 0.0, 0.06086956337094307, 0.0, 0.0, 0.0, 0.0, 0.17391304671764374, 0.0, 0.0, 0.0, 0.0, 0.0, 0.47826087474823, 0.0, 0.0, 0.0, 0.0, 0.0, 0.0, 0.19130434095859528, 0.0, 0.0, 0.0, 0.0, 0.0, 0.017391303554177284, 0.0, 0.0, 0.0, 0.0, 0.0, 0.0, 0.0, 0.0, 0.0, 0.0, 0.0, 0.0, 0.0, 0.0, 0.0, 0.0, 0.0, 0.0, 0.0, 0.0, 0.0, 0.0, 0.0, 0.0, 0.0, 0.0, 0.0, 0.0, 0.0, 0.0, 0.0, 0.0, 0.0, 0.0, 0.0, 0.0, 0.0, 0.0, 0.0, 0.0, 0.0, 0.0, 0.0, 0.0, 0.0, 0.0, 0.0, 0.0, 0.0, 0.0, 0.0, 0.0, 0.0, 0.0, 0.0, 0.0, 0.0, 0.0], "tonal.chords_histogram": [31.054460525512695, 5.330243110656738, 25.60834312438965, 3.476245641708374, 0.9269988536834717, 5.2143683433532715, 0.23174971342086792, 3.1286211013793945, 0.0, 9.617612838745117, 0.0, 0.0, 0.0, 3.2444958686828613, 0.0, 0.0, 0.0, 0.0, 0.0, 0.0, 0.0, 0.0, 3.0127463340759277, 9.15411376953125], "tonal.thpcp": [1.0, 0.5551560521125793, 0.42604196071624756, 0.5863898396492004, 0.25917530059814453, 0.05476517230272293, 0.06088453158736229, 0.04675924405455589, 0.1871844083070755, 0.3082890212535858, 0.17804421484470367, 0.07360398024320602, 0.0666460171341896, 0.08847526460886002, 0.42516979575157166, 0.7352349162101746, 0.4130854904651642, 0.1862543672323227, 0.2378901094198227, 0.13526342809200287, 0.14088600873947144, 0.19166673719882965, 0.14111298322677612, 0.21570630371570587, 0.36284011602401733, 0.27670350670814514, 0.11972283571958542, 0.067857526242733, 0.07304158806800842, 0.6327135562896729, 0.9524996876716614, 0.4467971920967102, 0.1459745168685913, 0.10784277319908142, 0.09703035652637482, 0.5777508020401001], "lowlevel.gfcc.cov": [[27806.23046875, -837.286376953125, -1176.4736328125, 1101.357666015625, -1312.127197265625, 361.7691650390625, -954.5716552734375, 1582.1031494140625, -1875.410888671875, 526.97705078125, -298.103271484375, -237.81326293945312, 922.1356811523438], [-837.286376953125, 4035.879638671875, 635.7068481445312, -757.982421875, 682.89892578125, -109.09060668945312, 281.1266784667969, -716.1329345703125, 407.56744384765625, -418.390625, 96.78917694091797, -241.12380981445312, -230.51065063476562], [-1176.4736328125, 635.7068481445312, 1110.1368408203125, 447.0325012207031, 241.56411743164062, 51.24802780151367, 86.52006530761719, -72.6633071899414, 106.97379302978516, -182.77098083496094, -10.367888450622559, 45.20188903808594, -208.4555206298828], [1101.357666015625, -757.982421875, 447.0325012207031, 1369.2193603515625, 117.05426788330078, 190.3000946044922, 18.630788803100586, 258.719970703125, -79.77072143554688, -36.81121063232422, -100.77012634277344, 43.56452178955078, -78.97320556640625], [-1312.127197265625, 682.89892578125, 241.56411743164062, 117.05426788330078, 576.5582275390625, 103.66840362548828, 137.2154083251953, -48.79156494140625, 97.23342895507812, -108.36282348632812, -14.788779258728027, -73.04914855957031, -36.698333740234375], [361.7691650390625, -109.09060668945312, 51.24802780151367, 190.3000946044922, 103.66840362548828, 449.45062255859375, 104.56446838378906, -32.384525299072266, 20.635746002197266, 94.47708129882812, -43.81092834472656, -68.70169830322266, 8.032069206237793], [-954.5716552734375, 281.1266784667969, 86.52006530761719, 18.630788803100586, 137.2154083251953, 104.56446838378906, 249.28680419921875, -86.70482635498047, 99.07431030273438, -9.214690208435059, 16.60997200012207, -20.128559112548828, -42.92857360839844], [1582.1031494140625, -716.1329345703125, -72.6633071899414, 258.719970703125, -48.79156494140625, -32.384525299072266, -86.70482635498047, 436.4263000488281, -208.4471893310547, 67.72348022460938, -36.344017028808594, 33.76276779174805, 144.68838500976562], [-1875.410888671875, 407.56744384765625, 106.97379302978516, -79.77072143554688, 97.23342895507812, 20.635746002197266, 99.07431030273438, -208.4471893310547, 375.1734313964844, -51.04579162597656, 40.77606201171875, 35.13486099243164, -131.7550811767578], [526.97705078125, -418.390625, -182.77098083496094, -36.81121063232422, -108.36282348632812, 94.47708129882812, -9.214690208435059, 67.72348022460938, -51.04579162597656, 194.53775024414062, 9.944754600524902, -9.458527565002441, 74.50186157226562], [-298.103271484375, 96.78917694091797, -10.367888450622559, -100.77012634277344, -14.788779258728027, -43.81092834472656, 16.60997200012207, -36.344017028808594, 40.77606201171875, 9.944754600524902, 105.39533233642578, 23.21668243408203, -10.933504104614258], [-237.81326293945312, -241.12380981445312, 45.20188903808594, 43.56452178955078, -73.04914855957031, -68.70169830322266, -20.128559112548828, 33.76276779174805, 35.13486099243164, -9.458527565002441, 23.21668243408203, 110.0788345336914, -13.604452133178711], [922.1356811523438, -230.51065063476562, -208.4555206298828, -78.97320556640625, -36.698333740234375, 8.032069206237793, -42.92857360839844, 144.68838500976562, -131.7550811767578, 74.50186157226562, -10.933504104614258, -13.604452133178711, 196.65780639648438]], "lowlevel.gfcc.icov": [[0.00017487774312030524, -0.00044426933163776994, 0.00030338758369907737, -0.00029478903161361814, 0.0005621110904030502, -0.0004649735928978771, 0.0004528833378572017, -0.0006491068052127957, 0.000619218684732914, -0.00030849859467707574, 0.00014445344277191907, -0.000484627642435953, 6.900755397509784e-05], [-0.00044426933163776994, 0.001953166676685214, -0.001233226153999567, 0.0010976738994941115, -0.0017981104319915175, 0.0015083466423675418, -0.0013835685094818473, 0.002330514369532466, -0.0019032147247344255, 0.0018075916450470686, -0.000902222003787756, 0.0030364971607923508, -0.0007076309411786497], [0.00030338758369907737, -0.001233226153999567, 0.0022786802146583796, -0.0009974760469049215, 0.0007665249286219478, -0.0012744482373818755, 0.000839066575281322, -0.0015173382125794888, 0.0015389308100566268, -0.0002686581574380398, 0.0003635149041656405, -0.0026465682312846184, 0.0016112657031044364], [-0.00029478903161361814, 0.0010976738994941115, -0.0009974760469049215, 0.0019059443147853017, -0.001203069114126265, 0.0002865221758838743, -0.0008873287588357925, 0.00036529594217427075, -0.0009643862140364945, 0.0011244835332036018, 0.00022264235303737223, 0.0009712505270726979, 0.0006857647094875574], [0.0005621110904030502, -0.0017981104319915175, 0.0007665249286219478, -0.001203069114126265, 0.004867452662438154, -0.0020220743026584387, 0.0005761588690802455, -0.0029210757929831743, 0.0012202318757772446, 0.00030062926816754043, 0.00038585151196457446, -9.168617543764412e-05, -0.0004294578393455595], [-0.0004649735928978771, 0.0015083466423675418, -0.0012744482373818755, 0.0002865221758838743, -0.0020220743026584387, 0.005231109447777271, -0.0023143133148550987, 0.0028249993920326233, -0.002095593139529228, -0.001411655219271779, 0.0007185679278336465, 0.0036099550779908895, -0.0010417274897918105], [0.0004528833378572017, -0.0013835685094818473, 0.000839066575281322, -0.0008873287588357925, 0.0005761588690802455, -0.0023143133148550987, 0.00680164247751236, -0.0014307216042652726, 0.0009340513497591019, -0.001325270626693964, -0.00047523758257739246, -0.001673534861765802, 0.0005128182237967849], [-0.0006491068052127957, 0.002330514369532466, -0.0015173382125794888, 0.00036529594217427075, -0.0029210757929831743, 0.0028249993920326233, -0.0014307216042652726, 0.008001212030649185, -0.0010398873127996922, 0.0006838479312136769, -0.0003376191889401525, 0.0013282051077112556, -0.0034285280853509903], [0.000619218684732914, -0.0019032147247344255, 0.0015389308100566268, -0.0009643862140364945, 0.0012202318757772446, -0.002095593139529228, 0.0009340513497591019, -0.0010398873127996922, 0.007295618299394846, -0.0017568928888067603, 0.0003056385612580925, -0.005313180852681398, 0.0025947506073862314], [-0.00030849859467707574, 0.0018075916450470686, -0.0002686581574380398, 0.0011244835332036018, 0.00030062926816754043, -0.001411655219271779, -0.001325270626693964, 0.0006838479312136769, -0.0017568928888067603, 0.01110695768147707, -0.0029986861627548933, 0.0036951079964637756, -0.0022424892522394657], [0.00014445344277191907, -0.000902222003787756, 0.0003635149041656405, 0.00022264235303737223, 0.00038585151196457446, 0.0007185679278336465, -0.00047523758257739246, -0.0003376191889401525, 0.0003056385612580925, -0.0029986861627548933, 0.01241677813231945, -0.004070822149515152, 0.0006766756996512413], [-0.000484627642435953, 0.0030364971607923508, -0.0026465682312846184, 0.0009712505270726979, -9.168617543764412e-05, 0.0036099550779908895, -0.001673534861765802, 0.0013282051077112556, -0.005313180852681398, 0.0036951079964637756, -0.004070822149515152, 0.019503656774759293, -0.001927372650243342], [6.900755397509784e-05, -0.0007076309411786497, 0.0016112657031044364, 0.0006857647094875574, -0.0004294578393455595, -0.0010417274897918105, 0.0005128182237967849, -0.0034285280853509903, 0.0025947506073862314, -0.0022424892522394657, 0.0006766756996512413, -0.001927372650243342, 0.011004352942109108]], "lowlevel.mfcc.cov": [[14296.337890625, -1227.8648681640625, 80.08374786376953, 915.4608154296875, 515.1142578125, -1006.9261474609375, 1533.4012451171875, -533.1890258789062, 929.3242797851562, -337.5289611816406, 78.25836944580078, -197.71438598632812, -506.37481689453125], [-1227.8648681640625, 4204.51708984375, 257.378173828125, -371.4788818359375, 121.7253189086914, 371.22198486328125, -160.44480895996094, 60.81712341308594, -167.73013305664062, -94.2327880859375, -16.349340438842773, 33.71320343017578, 35.87640380859375], [80.08374786376953, 257.378173828125, 904.0422973632812, 287.69677734375, 71.00061798095703, 214.0039825439453, -83.92544555664062, 225.3671417236328, -74.42760467529297, -55.18043518066406, 48.9912223815918, 119.4073715209961, -5.275723934173584], [915.4608154296875, -371.4788818359375, 287.69677734375, 778.8753051757812, 272.37432861328125, -63.265724182128906, 170.24356079101562, 202.38731384277344, 110.09774780273438, -61.350711822509766, 6.216926097869873, 93.67926025390625, -99.20384979248047], [515.1142578125, 121.7253189086914, 71.00061798095703, 272.37432861328125, 437.7113952636719, 25.633264541625977, 150.1549530029297, 117.36326599121094, 134.65025329589844, -0.5912600755691528, 1.7222588062286377, 35.141746520996094, -84.19124603271484], [-1006.9261474609375, 371.22198486328125, 214.0039825439453, -63.265724182128906, 25.633264541625977, 726.042236328125, -101.91096496582031, 169.07586669921875, -66.18914031982422, 206.11874389648438, 30.974985122680664, -36.63138198852539, 157.1759490966797], [1533.4012451171875, -160.44480895996094, -83.92544555664062, 170.24356079101562, 150.1549530029297, -101.91096496582031, 468.1164245605469, -82.63227081298828, 183.48377990722656, -32.29006576538086, 40.12283706665039, -61.57072448730469, -103.1771469116211], [-533.1890258789062, 60.81712341308594, 225.3671417236328, 202.38731384277344, 117.36326599121094, 169.07586669921875, -82.63227081298828, 299.69158935546875, -15.51038646697998, 37.21584701538086, 6.282644271850586, 78.46604919433594, 34.11408233642578], [929.3242797851562, -167.73013305664062, -74.42760467529297, 110.09774780273438, 134.65025329589844, -66.18914031982422, 183.48377990722656, -15.51038646697998, 259.3559265136719, 1.0053004026412964, 21.1226806640625, -6.586831092834473, -31.26639175415039], [-337.5289611816406, -94.2327880859375, -55.18043518066406, -61.350711822509766, -0.5912600755691528, 206.11874389648438, -32.29006576538086, 37.21584701538086, 1.0053004026412964, 185.8245849609375, 9.421420097351074, -20.807390213012695, 81.88277435302734], [78.25836944580078, -16.349340438842773, 48.9912223815918, 6.216926097869873, 1.7222588062286377, 30.974985122680664, 40.12283706665039, 6.282644271850586, 21.1226806640625, 9.421420097351074, 117.4145278930664, 16.38123893737793, 9.690037727355957], [-197.71438598632812, 33.71320343017578, 119.4073715209961, 93.67926025390625, 35.141746520996094, -36.63138198852539, -61.57072448730469, 78.46604919433594, -6.586831092834473, -20.807390213012695, 16.38123893737793, 167.59356689453125, 9.934320449829102], [-506.37481689453125, 35.87640380859375, -5.275723934173584, -99.20384979248047, -84.19124603271484, 157.1759490966797, -103.1771469116211, 34.11408233642578, -31.26639175415039, 81.88277435302734, 9.690037727355957, 9.934320449829102, 160.94432067871094]], "lowlevel.mfcc.icov": [[0.00014094205107539892, 6.169367679831339e-06, -0.00014155355165712535, -7.51259212847799e-05, 8.055996659095399e-06, 0.00012297531065996736, -0.00028089279658161104, 0.0002159447903977707, -0.00027290673460811377, -2.4799664970487356e-05, 5.775717363576405e-05, 0.00010939349158434197, -1.2362449979264056e-06], [6.169367679831339e-06, 0.0003125558723695576, -4.932741285301745e-05, 0.00026620563585311174, -0.0002729092084337026, -0.0002434274647384882, -3.4190543374279514e-05, 2.0513269191724248e-05, 0.0001408115931553766, 0.0005029989988543093, 8.008855365915224e-05, -0.0001245883177034557, -4.477774928091094e-05], [-0.00014155355165712535, -4.932741285301745e-05, 0.0020074788480997086, -0.00048259066534228623, 0.00023974805662874132, -0.0009603746002539992, 0.00045653307461179793, -0.0007903576479293406, 0.0006047011120244861, 0.0011960371630266309, -0.0007161140674725175, -0.0008250750252045691, 0.00046048773219808936], [-7.51259212847799e-05, 0.00026620563585311174, -0.00048259066534228623, 0.002697093179449439, -0.0008025547140277922, 0.00014855469635222107, -0.000724717159755528, -0.001561900251545012, 2.7093452445114963e-05, 0.0004816723521798849, 0.00046152996947057545, -0.0006495892885141075, 0.0004250061174388975], [8.055996659095399e-06, -0.0002729092084337026, 0.00023974805662874132, -0.0008025547140277922, 0.004344066139310598, -0.00037481580511666834, -0.0005140951252542436, -0.0013053411385044456, -0.0016321628354489803, -0.0007986725540831685, 0.00042839435627683997, -0.0005688738310709596, 0.0022835014387965202], [0.00012297531065996736, -0.0002434274647384882, -0.0009603746002539992, 0.00014855469635222107, -0.00037481580511666834, 0.003441173816099763, -0.0004283270100131631, -0.0008848289144225419, 0.0002626169007271528, -0.0029010206926614046, -0.00033848703606054187, 0.0016667925519868731, -0.0016979958163574338], [-0.00028089279658161104, -3.4190543374279514e-05, 0.00045653307461179793, -0.000724717159755528, -0.0005140951252542436, -0.0004283270100131631, 0.004777312744408846, 0.0009079055162146688, -0.0014186203479766846, 7.603204721817747e-05, -0.0015548181254416704, 0.001120899454690516, 0.0014218019787222147], [0.0002159447903977707, 2.0513269191724248e-05, -0.0007903576479293406, -0.001561900251545012, -0.0013053411385044456, -0.0008848289144225419, 0.0009079055162146688, 0.007081316784024239, -0.00023192666412796825, -0.00041620564297772944, 0.00015063497994560748, -0.0012418400729075074, -0.0008171733934432268], [-0.00027290673460811377, 0.0001408115931553766, 0.0006047011120244861, 2.7093452445114963e-05, -0.0016321628354489803, 0.0002626169007271528, -0.0014186203479766846, -0.00023192666412796825, 0.006874898448586464, -0.0002018235099967569, -0.0006531482213176787, -0.0004219578404445201, -0.0013204255374148488], [-2.4799664970487356e-05, 0.0005029989988543093, 0.0011960371630266309, 0.0004816723521798849, -0.0007986725540831685, -0.0029010206926614046, 7.603204721817747e-05, -0.00041620564297772944, -0.0002018235099967569, 0.01063884049654007, -0.00025667273439466953, 4.685211479227291e-06, -0.0027384923305362463], [5.775717363576405e-05, 8.008855365915224e-05, -0.0007161140674725175, 0.00046152996947057545, 0.00042839435627683997, -0.00033848703606054187, -0.0015548181254416704, 0.00015063497994560748, -0.0006531482213176787, -0.00025667273439466953, 0.009759485721588135, -0.001480643404647708, -0.000541649991646409], [0.0