{"song_id": "1182282674891669535", "download": "https://cdn.discordapp.com/attachments/1128313332273782784/1182282674891669535/chirp.mp4?ex=6584218b&amp", "lyrics": "[Verse]\nClocking systems, the workplace scene\nWhere characters emerge, all unique and mean\nDave Dempster loved the kids, didn't do his job\nTim Cotter knocked back Artna, a lowly engineer mob\n\nWaldemar, lost in time, didn't know what day\nChris always moody, his vibes in disarray\nIsaac's laughter echoed, heard from miles away\nIn this workplace circus, we all had our own say\n\n[Chorus]\nClocking systems, where we unite and clash\nDifferent personalities, a whirlwind clash\nOh, the workplace tales, the highs and lows we endure\nClocking systems, where we find our cure", "style": ["random"], "essentia_features": {"lowlevel.average_loudness": 0.9737405776977539, "lowlevel.barkbands_crest.mean": 14.353996276855469, "lowlevel.barkbands_crest.stdev": 5.804969787597656, "lowlevel.barkbands_flatness_db.mean": 0.2582387328147888, "lowlevel.barkbands_flatness_db.stdev": 0.09658877551555634, "lowlevel.barkbands_kurtosis.mean": 23.59215545654297, "lowlevel.barkbands_kurtosis.stdev": 42.09641647338867, "lowlevel.barkbands_skewness.mean": 2.924464464187622, "lowlevel.barkbands_skewness.stdev": 2.673766613006592, "lowlevel.barkbands_spread.mean": 14.321563720703125, "lowlevel.barkbands_spread.stdev": 18.24851417541504, "lowlevel.dissonance.mean": 0.4140298068523407, "lowlevel.dissonance.stdev": 0.06686475872993469, "lowlevel.dynamic_complexity": 2.4364941120147705, "lowlevel.erbbands_crest.mean": 12.078904151916504, "lowlevel.erbbands_crest.stdev": 5.184696197509766, "lowlevel.erbbands_flatness_db.mean": 0.2234155237674713, "lowlevel.erbbands_flatness_db.stdev": 0.07102476060390472, "lowlevel.erbbands_kurtosis.mean": 6.070095062255859, "lowlevel.erbbands_kurtosis.stdev": 10.445913314819336, "lowlevel.erbbands_skewness.mean": 1.0005218982696533, "lowlevel.erbbands_skewness.stdev": 1.7935304641723633, "lowlevel.erbbands_spread.mean": 35.601348876953125, "lowlevel.erbbands_spread.stdev": 28.181285858154297, "lowlevel.hfc.mean": 15.82912540435791, "lowlevel.hfc.stdev": 16.553668975830078, "lowlevel.loudness_ebu128.integrated": -15.521135330200195, "lowlevel.loudness_ebu128.loudness_range": 0.7358827590942383, "lowlevel.loudness_ebu128.momentary.mean": -15.889198303222656, "lowlevel.loudness_ebu128.momentary.stdev": 1.8642884492874146, "lowlevel.loudness_ebu128.short_term.mean": -15.524962425231934, "lowlevel.loudness_ebu128.short_term.stdev": 0.2625811696052551, "lowlevel.melbands_crest.mean": 19.56770896911621, "lowlevel.melbands_crest.stdev": 7.497696876525879, "lowlevel.melbands_flatness_db.mean": 0.32613930106163025, "lowlevel.melbands_flatness_db.stdev": 0.1231219694018364, "lowlevel.melbands_kurtosis.mean": 38.853965759277344, "lowlevel.melbands_kurtosis.stdev": 66.52678680419922, "lowlevel.melbands_skewness.mean": 3.7765049934387207, "lowlevel.melbands_skewness.stdev": 3.040428638458252, "lowlevel.melbands_spread.mean": 17.186742782592773, "lowlevel.melbands_spread.stdev": 30.917367935180664, "lowlevel.pitch_salience.mean": 0.48127079010009766, "lowlevel.pitch_salience.stdev": 0.17913399636745453, "lowlevel.silence_rate_20dB.mean": 0.9913899302482605, "lowlevel.silence_rate_20dB.stdev": 0.09239039570093155, "lowlevel.silence_rate_30dB.mean": 0.8936039209365845, "lowlevel.silence_rate_30dB.stdev": 0.30834606289863586, "lowlevel.silence_rate_60dB.mean": 0.04059040546417236, "lowlevel.silence_rate_60dB.stdev": 0.19734029471874237, "lowlevel.spectral_centroid.mean": 1054.5264892578125, "lowlevel.spectral_centroid.stdev": 1110.2373046875, "lowlevel.spectral_complexity.mean": 9.852398872375488, "lowlevel.spectral_complexity.stdev": 6.647441864013672, "lowlevel.spectral_decrease.mean": -1.2440922070311444e-08, "lowlevel.spectral_decrease.stdev": 1.8422314340682533e-08, "lowlevel.spectral_energy.mean": 0.04839063435792923, "lowlevel.spectral_energy.stdev": 0.06995268166065216, "lowlevel.spectral_energyband_high.mean": 0.0011169761419296265, "lowlevel.spectral_energyband_high.stdev": 0.0023300207685679197, "lowlevel.spectral_energyband_low.mean": 0.031141476705670357, "lowlevel.spectral_energyband_low.stdev": 0.06871163845062256, "lowlevel.spectral_energyband_middle_high.mean": 0.0013371321838349104, "lowlevel.spectral_energyband_middle_high.stdev": 0.002126426203176379, "lowlevel.spectral_energyband_middle_low.mean": 0.01666729338467121, "lowlevel.spectral_energyband_middle_low.stdev": 0.019927112385630608, "lowlevel.spectral_entropy.mean": 6.9023051261901855, "lowlevel.spectral_entropy.stdev": 0.8571996688842773, "lowlevel.spectral_flux.mean": 0.09665321558713913, "lowlevel.spectral_flux.stdev": 0.09219954907894135, "lowlevel.spectral_kurtosis.mean": 7.617990970611572, "lowlevel.spectral_kurtosis.stdev": 9.986854553222656, "lowlevel.spectral_rms.mean": 0.005818118806928396, "lowlevel.spectral_rms.stdev": 0.003655116306617856, "lowlevel.spectral_rolloff.mean": 1214.2584228515625, "lowlevel.spectral_rolloff.stdev": 1967.9163818359375, "lowlevel.spectral_skewness.mean": 1.8360265493392944, "lowlevel.spectral_skewness.stdev": 1.2685445547103882, "lowlevel.spectral_spread.mean": 4150433.0, "lowlevel.spectral_spread.stdev": 1706152.75, "lowlevel.spectral_strongpeak.mean": 0.8106616735458374, "lowlevel.spectral_strongpeak.stdev": 0.6370295882225037, "lowlevel.zerocrossingrate.mean": 0.04645818844437599, "lowlevel.zerocrossingrate.stdev": 0.054821714758872986, "metadata.audio_properties.analysis.equal_loudness": 0.0, "metadata.audio_properties.analysis.length": 37.71628189086914, "metadata.audio_properties.analysis.sample_rate": 44100.0, "metadata.audio_properties.analysis.start_time": 0.0, "metadata.audio_properties.bit_rate": 126291.0, "metadata.audio_properties.length": 37.71733474731445, "metadata.audio_properties.lossless": 0.0, "metadata.audio_properties.number_channels": 1.0, "metadata.audio_properties.replay_gain": -10.907045364379883, "metadata.audio_properties.sample_rate": 48000.0, "rhythm.beats_count": 97.0, "rhythm.beats_loudness.mean": 0.11325487494468689, "rhythm.beats_loudness.stdev": 0.11047089099884033, "rhythm.bpm": 155.30459594726562, "rhythm.bpm_histogram_first_peak_bpm": 157.0, "rhythm.bpm_histogram_first_peak_weight": 0.14084506034851074, "rhythm.bpm_histogram_second_peak_bpm": 152.0, "rhythm.bpm_histogram_second_peak_spread": 0.0, "rhythm.bpm_histogram_second_peak_weight": 0.25, "rhythm.danceability": 1.974128246307373, "rhythm.onset_rate": 4.664422988891602, "tonal.chords_changes_rate": 0.10073710232973099, "tonal.chords_number_rate": 0.013513513840734959, "tonal.chords_strength.mean": 0.5668809413909912, "tonal.chords_strength.stdev": 0.09520404785871506, "tonal.hpcp_crest.mean": 13.445954322814941, "tonal.hpcp_crest.stdev": 6.0815582275390625, "tonal.hpcp_entropy.mean": 1.9698545932769775, "tonal.hpcp_entropy.stdev": 0.6885856986045837, "tonal.key_edma.strength": 0.6182138919830322, "tonal.key_krumhansl.strength": 0.6160640120506287, "tonal.key_temperley.strength": 0.6058269739151001, "tonal.tuning_diatonic_strength": 0.4666181206703186, "tonal.tuning_equal_tempered_deviation": 0.17904815077781677, "tonal.tuning_frequency": 436.20416259765625, "tonal.tuning_nontempered_energy_ratio": 0.8701525926589966, "lowlevel.barkbands.mean": [0.0013190199388191104, 0.025453314185142517, 0.0025306125171482563, 0.003991261124610901, 0.0050614383071660995, 0.004514041356742382, 0.0016458329046145082, 0.0008425684063695371, 0.0005485639558173716, 0.00031448790105059743, 0.00017506848962511867, 0.0001443426008336246, 0.00013676796515937895, 0.00012540958414319903, 9.523044718662277e-05, 6.307645526248962e-05, 7.841379556339234e-05, 6.470755761256441e-05, 0.00011238657316425815, 0.0001238023687619716, 0.000285807007458061, 0.00040443555917590857, 0.00023704167688265443, 7.627390732523054e-05, 2.620544000819791e-05, 1.9445007637841627e-05, 1.1506222108437214e-06], "lowlevel.barkbands.stdev": [0.0037398121785372496, 0.0623573362827301, 0.012274909764528275, 0.009547877125442028, 0.01031668484210968, 0.005690314806997776, 0.0030304682441055775, 0.001436032704077661, 0.00102244655136019, 0.0008944882429204881, 0.0005534787778742611, 0.00044685418833978474, 0.00041602534474805, 0.0003447264607530087, 0.0002330106945009902, 0.0001594808854861185, 0.0001885025849333033, 0.00019321776926517487, 0.00034104386577382684, 0.00031882882467471063, 0.0007008810061961412, 0.0009817959507927299, 0.000548964599147439, 0.0001744374167174101, 6.189633131725714e-05, 4.722406811197288e-05, 3.613028638937976e-06], "lowlevel.erbbands.mean": [1.1111587285995483, 4.210131645202637, 3.067314624786377, 9.023998260498047, 17.158430099487305, 15.599395751953125, 20.782020568847656, 45.17353439331055, 29.2161922454834, 16.263263702392578, 19.008544921875, 14.609671592712402, 8.22668170928955, 11.933198928833008, 6.381706714630127, 5.682156562805176, 6.3031463623046875, 6.528975009918213, 6.164719104766846, 3.7995429039001465, 3.763376474380493, 4.477212905883789, 3.4288697242736816, 4.664103031158447, 6.102294445037842, 5.8862481117248535, 8.772804260253906, 13.576399803161621, 15.52597713470459, 10.266753196716309, 5.747299671173096, 2.7053580284118652, 0.7722616791725159, 0.3556411564350128, 0.1517641246318817, 0.09282688051462173, 0.03407670557498932, 0.005558079574257135, 0.0001489989663241431, 5.902085467823781e-05], "lowlevel.erbbands.stdev": [2.778923511505127, 10.593548774719238, 12.612906455993652, 25.2442626953125, 38.35070037841797, 36.0566520690918, 32.75386428833008, 62.350425720214844, 50.211639404296875, 28.68074607849121, 28.66823959350586, 25.588542938232422, 20.958669662475586, 33.128902435302734, 17.184837341308594, 17.25461769104004, 18.969884872436523, 17.179466247558594, 15.402626991271973, 8.868914604187012, 9.221714973449707, 10.643272399902344, 8.494930267333984, 15.749995231628418, 17.73597526550293, 15.638981819152832, 23.195064544677734, 32.58169937133789, 38.736854553222656, 23.913833618164062, 13.26588249206543, 6.367280960083008, 1.6594752073287964, 0.855250358581543, 0.36664167046546936, 0.2344316691160202, 0.08307492733001709, 0.014667234383523464, 0.00033200252801179886, 7.651638588868082e-05], "lowlevel.gfcc.mean": [-72.86347198486328, 113.44369506835938, -89.08519744873047, 41.8603515625, -83.7469253540039, -7.907347679138184, -30.608745574951172, -13.013594627380371, -7.2548651695251465, -3.8334808349609375, -15.213847160339355, 3.5409674644470215, -10.094489097595215], "lowlevel.melbands.mean": [0.008311956189572811, 0.002790925558656454, 0.001812103670090437, 0.0012094848789274693, 0.0006915345438756049, 0.000939696270506829, 0.00042446883162483573, 0.00017032743198797107, 0.00014362644287757576, 8.810530562186614e-05, 3.8994003261905164e-05, 4.9278169171884656e-05, 2.2031183107174e-05, 1.6152847820194438e-05, 1.3778598258795682e-05, 1.3931556168245152e-05, 1.2001449249510188e-05, 1.0458404176461045e-05, 6.157164989417652e-06, 4.441031251189997e-06, 4.305560196371516e-06, 4.9852974370878655e-06, 3.3244837140955497e-06, 2.9877962788305013e-06, 3.7384713778010337e-06, 4.671798706112895e-06, 4.113712748221587e-06, 3.742883791346685e-06, 4.700215413322439e-06, 7.205216206784826e-06, 8.057570084929466e-06, 9.696439519757405e-06, 6.401352948159911e-06, 5.53380414203275e-06, 3.438185558479745e-06, 2.42578153120121e-06, 1.353145648863574e-06, 5.804611760140688e-07, 3.4132696669075813e-07, 2.710582975851139e-07], "lowlevel.melbands.stdev": [0.0205062422901392, 0.007407839410007, 0.004335199948400259, 0.002610551193356514, 0.001031100400723517, 0.0012540604220703244, 0.0007096782210282981, 0.0003044178884010762, 0.00022107009135652333, 0.00016296091780532151, 0.00010538462083786726, 0.0001398190070176497, 6.676716293441132e-05, 4.5954373490531e-05, 4.62581156170927e-05, 4.2095271055586636e-05, 3.375156666152179e-05, 2.7592408514465205e-05, 1.5081604033184703e-05, 1.0944876521534752e-05, 1.0990292139467783e-05, 1.2517434697656427e-05, 8.005282325029839e-06, 9.521126230538357e-06, 1.3422507436189335e-05, 1.6074942323029973e-05, 9.866314940154552e-06, 1.0787758583319373e-05, 1.3622862752526999e-05, 1.902575240819715e-05, 1.9437635273789056e-05, 2.5174060283461586e-05, 1.5510704542975873e-05, 1.3324745850695763e-05, 8.036997314775363e-06, 5.878894626221154e-06, 3.4210854664706858e-06, 1.3003906360609108e-06, 8.297768090415047e-07, 6.904388669681794e-07], "lowlevel.melbands128.mean": [0.0012733768671751022, 0.009672936052083969, 0.011696133762598038, 0.005173490848392248, 0.001503295381553471, 0.0013555544428527355, 0.0017789460252970457, 0.0020600436255335808, 0.0017622794257476926, 0.0012948056682944298, 0.0007862595957703888, 0.0005067682359367609, 0.0007061213254928589, 0.000758359266910702, 0.0013407289516180754, 0.0008016920764930546, 0.00042077520629391074, 0.00046673824544996023, 0.00027639957261271775, 0.00012551929103210568, 0.0001502570667071268, 0.00018041669682133943, 0.00016795049305073917, 6.822423893027008e-05, 9.381269046571106e-05, 0.00010913268488366157, 3.693726102937944e-05, 3.0722869269084185e-05, 3.081071554333903e-05, 6.607643445022404e-05, 5.190623051021248e-05, 2.76409864454763e-05, 1.8256407201988623e-05, 1.961368070624303e-05, 1.8345222997595556e-05, 1.3394814232015051e-05, 1.5679504940635525e-05, 1.3972073247714434e-05, 1.2337225598457735e-05, 1.4371614270203281e-05, 1.5552979675703682e-05, 1.100276131182909e-05, 1.080431593436515e-05, 1.442432858311804e-05, 1.0749253306130413e-05, 1.0188694432144985e-05, 9.749693163030315e-06, 5.631017302221153e-06, 5.084699296276085e-06, 4.74416356155416e-06, 3.931520041078329e-06, 4.786529189004796e-06, 4.20630385633558e-06, 3.970531906816177e-06, 4.821504717256175e-06, 6.11277528150822e-06, 3.9746037145960145e-06, 3.4964837141160388e-06, 3.125954208371695e-06, 2.879389967347379e-06, 2.5956492208933923e-06, 3.433664005569881e-06, 3.6687999909190694e-06, 3.6630572139983997e-06, 4.046702542837011e-06, 5.343006250768667e-06, 4.566949428408407e-06, 3.986758656537859e-06, 4.215057742840145e-06, 4.066892870469019e-06, 3.378836254341877e-06, 3.874842150253244e-06, 3.912024112651125e-06, 5.118947683513397e-06, 5.103328021505149e-06, 6.490033683803631e-06, 9.528482223686296e-06, 6.650623618043028e-06, 7.89880141383037e-06, 8.58864495967282e-06, 1.103780869016191e-05, 1.0100717190653086e-05, 6.961688541196054e-06, 6.223266609595157e-06, 5.551659796765307e-06, 5.746255737903994e-06, 5.846439762535738e-06, 4.513872681854991e-06, 3.033511802641442e-06, 2.8838521757279523e-06, 2.8613603717531078e-06, 2.297661239936133e-06, 1.7152445934698335e-06, 1.419108684785897e-06, 1.0957450058413087e-06, 7.843007665542245e-07, 4.482281212858652e-07, 2.7463627816359804e-07, 3.5461061997921206e-07, 3.745273602362431e-07, 3.3507720331726887e-07, 2.6394411634100834e-07, 1.7989090395076346e-07, 1.4379362767158455e-07, 1.6659757307024847e-07, 1.686278920942641e-07, 1.663174487021024e-07, 1.546764423210334e-07, 1.7164067855901521e-07, 1.6364944599445153e-07, 1.5076840043093398e-07, 1.2195863519082195e-07, 1.0206571232629358e-07, 9.527035871315093e-08, 6.426718357488426e-08, 6.150042253239008e-08, 4.585421820024749e-08, 4.222961091926436e-09, 2.303217339072461e-11, 1.600736730666963e-11, 1.1911281856680223e-11, 8.18444964578724e-12, 7.476259195060564e-12, 7.343539838722268e-12, 7.201458613464995e-12, 7.039917260254214e-12, 6.941848571667686e-12, 6.8983499468266984e-12], "lowlevel.melbands128.stdev": [0.0035516296047717333, 0.024478577077388763, 0.0298042893409729, 0.013558756560087204, 0.006658990867435932, 0.006211734376847744, 0.0056846048682928085, 0.004800078459084034, 0.004484040662646294, 0.0034229850862175226, 0.002204966265708208, 0.0011573930969461799, 0.0014688984956592321, 0.0012544800993055105, 0.001989716663956642, 0.0015266424743458629, 0.001132726320065558, 0.0009563238127157092, 0.000621492275968194, 0.0003573129652068019, 0.00044041985529474914, 0.00034231520839966834, 0.00030919871642254293, 0.00021743086108472198, 0.00021517490677069873, 0.00024102305178530514, 0.0001288154162466526, 0.00013534892059396952, 0.00011432629980845377, 0.00022136977349873632, 0.00017001276137307286, 0.00010867933451663703, 8.923973655328155e-05, 6.4813022618182e-05, 6.868239142931998e-05, 4.6903045586077496e-05, 7.483310764655471e-05, 5.962753857602365e-05, 5.30303550476674e-05, 5.585890176007524e-05, 5.590867658611387e-05, 4.6326757001224905e-05, 4.055385579704307e-05, 5.272981070447713e-05, 3.615765308495611e-05, 3.23008353007026e-05, 3.134710277663544e-05, 1.6997115380945615e-05, 1.6135492842295207e-05, 1.584168967383448e-05, 1.0881701200560201e-05, 1.4807570551056415e-05, 1.534254988655448e-05, 1.04344244391541e-05, 1.3439147551252972e-05, 1.805768442864064e-05, 1.1603146958805155e-05, 9.350688742415514e-06, 8.404586878896225e-06, 8.492847882735077e-06, 7.5618586379277986e-06, 1.5835228623473085e-05, 2.3232731109601445e-05, 1.0578265573712997e-05, 1.2449933819880243e-05, 2.322949148947373e-05, 1.6412259356002323e-05, 1.0576433851383626e-05, 9.893293281493243e-06, 1.2965670975972898e-05, 1.062358933268115e-05, 1.3006350854993798e-05, 1.2505210179369897e-05, 1.7351379938190803e-05, 1.5602965504513122e-05, 1.7726448277244344e-05, 2.9475919291144237e-05, 1.7719918105285615e-05, 2.0402056179591455e-05, 2.2765925677958876e-05, 3.0784540285822004e-05, 2.8507483875728212e-05, 1.8571385226096027e-05, 1.6611160390311852e-05, 1.3981661140860524e-05, 1.471323412260972e-05, 1.5475519830943085e-05, 1.158920622401638e-05, 7.2579432526254095e-06, 7.746844858047552e-06, 7.853675924707204e-06, 5.7833171922538895e-06, 4.236161203152733e-06, 4.368981080915546e-06, 2.930299615400145e-06, 1.952866796273156e-06, 1.079740854947886e-06, 7.779693191878323e-07, 9.188273111249146e-07, 9.825881761571509e-07, 9.348437401968113e-07, 7.358096922871482e-07, 4.977661660632293e-07, 4.158314652613626e-07, 4.747471109567414e-07, 4.5918889668428164e-07, 4.4186339209772996e-07, 4.286540331577271e-07, 5.0788395355994e-07, 4.5896680944679247e-07, 4.151389418893814e-07, 3.1798603572497086e-07, 2.756763137767848e-07, 2.6558134891274676e-07, 1.7400812168943958e-07, 1.8247935429371864e-07, 1.4452201924086694e-07, 1.8396569601009105e-08, 4.5895351408198337e-10, 2.682124800035268e-10, 1.6138257397102507e-10, 2.6713558448632213e-11, 1.5866622252169726e-11, 1.559674438211811e-11, 1.5367788638864788e-11, 1.518121565957653e-11, 1.5048720949928374e-11, 1.4967305173030354e-11], "lowlevel.mfcc.mean": [-721.0093994140625, 136.5312042236328, 35.990089416503906, 42.28737258911133, -22.784454345703125, 11.153182029724121, -27.495437622070312, 2.756951332092285, -8.908831596374512, -1.8373029232025146, -3.0942513942718506, -3.751387357711792, -4.282412528991699], "lowlevel.spectral_contrast_coeffs.mean": [-0.618967592716217, -0.6922670006752014, -0.7646268010139465, -0.8126763701438904, -0.8050521612167358, -0.6676167249679565], "lowlevel.spectral_contrast_coeffs.stdev": [0.12148310244083405, 0.08249988406896591, 0.06905809044837952, 0.0605178102850914, 0.051622819155454636, 0.0730200782418251], "lowlevel.spectral_contrast_valleys.mean": [-7.339512348175049, -7.026593208312988, -8.427419662475586, -8.807459831237793, -8.584367752075195, -11.676344871520996], "lowlevel.spectral_contrast_valleys.stdev": [1.118912696838379, 0.8560091257095337, 0.9798183441162109, 1.017533540725708, 1.1476430892944336, 1.6078227758407593], "rhythm.beats_loudness_band_ratio.mean": [0.638079822063446, 0.22768229246139526, 0.08870968222618103, 0.028957560658454895, 0.012034519575536251, 0.04873032867908478], "rhythm.beats_loudness_band_ratio.stdev": [0.3108968138694763, 0.21509462594985962, 0.11507131159305573, 0.06878519058227539, 0.02118491195142269, 0.08813845366239548], "tonal.hpcp.mean": [0.1682092398405075, 0.14521490037441254, 0.1130651906132698, 0.1621791571378708, 0.12318935245275497, 0.04775570333003998, 0.025276202708482742, 0.020902177318930626, 0.02430819533765316, 0.03766436129808426, 0.046897612512111664, 0.05864527076482773, 0.0821530893445015, 0.07961230725049973, 0.07057619094848633, 0.13991862535476685, 0.136604905128479, 0.06567821651697159, 0.061268165707588196, 0.05606059357523918, 0.04868210107088089, 0.05729888007044792, 0.060532908886671066, 0.09318757802248001, 0.28456953167915344, 0.27937814593315125, 0.11018315702676773, 0.08847694844007492, 0.06423871219158173, 0.0628867968916893, 0.12387468665838242, 0.14457686245441437, 0.0938085988163948, 0.07201138883829117, 0.07227444648742676, 0.09826434403657913], "tonal.hpcp.stdev": [0.2807101309299469, 0.25690314173698425, 0.23839573562145233, 0.31462517380714417, 0.2544354498386383, 0.1433439701795578, 0.10625548660755157, 0.1021292433142662, 0.1085769534111023, 0.13553331792354584, 0.14376357197761536, 0.1748073846101761, 0.21120691299438477, 0.20407387614250183, 0.1684572845697403, 0.24036967754364014, 0.23705248534679413, 0.18573002517223358, 0.18510499596595764, 0.1773180365562439, 0.15820683538913727, 0.16473859548568726, 0.18627600371837616, 0.1863790601491928, 0.37318915128707886, 0.3536146581172943, 0.24579110741615295, 0.2380860298871994, 0.1912594735622406, 0.1758873462677002, 0.25852951407432556, 0.2981354296207428, 0.22272881865501404, 0.1975821852684021, 0.19520583748817444, 0.22957012057304382], "rhythm.beats_position": [0.42956915497779846, 0.847528338432312, 1.2306575775146484, 1.6253968477249146, 2.008526086807251, 2.391655206680298, 2.7863945960998535, 3.1695237159729004, 3.5526530742645264, 3.9241721630096436, 4.318911552429199, 4.713650703430176, 5.096779823303223, 5.479909420013428, 5.851428508758545, 6.2461676597595215, 6.629296779632568, 7.012426376342773, 7.39555549621582, 7.778684616088867, 8.173423767089844, 8.544942855834961, 8.928071975708008, 9.311202049255371, 9.705941200256348, 10.100680351257324, 10.483809471130371, 10.866938591003418, 11.238457679748535, 11.621586799621582, 12.004715919494629, 12.387845993041992, 12.770975112915039, 13.165714263916016, 13.548843383789062, 13.93197250366211, 14.326711654663086, 14.709840774536133, 15.09296989440918, 15.476099014282227, 15.85922908782959, 16.23074722290039, 16.613876342773438, 17.008617401123047, 17.391746520996094, 17.78648567199707, 18.169614791870117, 18.552743911743164, 18.93587303161621, 19.319002151489258, 19.713741302490234, 20.09687042236328, 20.479999542236328, 20.851518630981445, 21.234647750854492, 21.61777687072754, 22.012516021728516, 22.395645141601562, 22.77877426147461, 23.173513412475586, 23.556644439697266, 23.939773559570312, 24.32290267944336, 24.706031799316406, 25.089160919189453, 25.4722900390625, 25.843809127807617, 26.238548278808594, 26.61006736755371, 27.004806518554688, 27.399545669555664, 27.78267478942871, 28.165803909301758, 28.537322998046875, 28.93206214904785, 29.326801300048828, 29.709932327270508, 30.093061447143555, 30.4761905670166, 30.85931968688965, 31.242448806762695, 31.625577926635742, 32.02031707763672, 32.3918342590332, 32.774967193603516, 33.15809631347656, 33.552833557128906, 33.93596267700195, 34.319091796875, 34.70222091674805, 35.085350036621094, 35.46847915649414, 35.85160827636719, 36.2463493347168, 36.629478454589844, 37.01260757446289, 37.407344818115234], "rhythm.bpm_histogram": [0.0, 0.0, 0.0, 0.0, 0.0, 0.0, 0.0, 0.0, 0.0, 0.0, 0.0, 0.0, 0.0, 0.0, 0.0, 0.0, 0.0, 0.0, 0.0, 0.0, 0.0, 0.0, 0.0, 0.0, 0.0, 0.0, 0.0, 0.0, 0.0, 0.0, 0.0, 0.0, 0.0, 0.0, 0.0, 0.0, 0.0, 0.0, 0.0, 0.0, 0.0, 0.0, 0.0, 0.0, 0.0, 0.0, 0.0, 0.0, 0.0, 0.0, 0.0, 0.0, 0.0, 0.0, 0.0, 0.0, 0.0, 0.0, 0.0, 0.0, 0.0, 0.0, 0.0, 0.0, 0.0, 0.0, 0.0, 0.0, 0.0, 0.0, 0.0, 0.0, 0.0, 0.0, 0.0, 0.0, 0.0, 0.0, 0.0, 0.0, 0.0, 0.0, 0.0, 0.0, 0.0, 0.0, 0.0, 0.0, 0.0, 0.0, 0.0, 0.0, 0.0, 0.0, 0.0, 0.0, 0.0, 0.0, 0.0, 0.0, 0.0, 0.0, 0.0, 0.0, 0.0, 0.0, 0.0, 0.0, 0.0, 0.0, 0.0, 0.0, 0.0, 0.0, 0.0, 0.0, 0.0, 0.0, 0.0, 0.0, 0.0, 0.0, 0.0, 0.0, 0.0, 0.0, 0.0, 0.0, 0.0, 0.0, 0.0, 0.0, 0.0, 0.0, 0.0, 0.0, 0.0, 0.0, 0.0, 0.0, 0.0, 0.0, 0.0, 0.0, 0.010416666977107525, 0.0, 0.0, 0.0, 0.0, 0.0, 0.0, 0.0, 0.25, 0.0, 0.0, 0.0, 0.0, 0.6354166865348816, 0.0, 0.0, 0.0, 0.1041666641831398, 0.0, 0.0, 0.0, 0.0, 0.0, 0.0, 0.0, 0.0, 0.0, 0.0, 0.0, 0.0, 0.0, 0.0, 0.0, 0.0, 0.0, 0.0, 0.0, 0.0, 0.0, 0.0, 0.0, 0.0, 0.0, 0.0, 0.0, 0.0, 0.0, 0.0, 0.0, 0.0, 0.0, 0.0, 0.0, 0.0, 0.0, 0.0, 0.0, 0.0, 0.0, 0.0, 0.0, 0.0, 0.0, 0.0, 0.0, 0.0, 0.0, 0.0, 0.0, 0.0, 0.0, 0.0, 0.0, 0.0, 0.0, 0.0, 0.0, 0.0, 0.0, 0.0, 0.0, 0.0, 0.0, 0.0, 0.0, 0.0, 0.0, 0.0, 0.0, 0.0, 0.0, 0.0, 0.0, 0.0, 0.0, 0.0, 0.0, 0.0, 0.0, 0.0, 0.0, 0.0, 0.0, 0.0, 0.0, 0.0], "tonal.chords_histogram": [29.60688018798828, 43.734642028808594, 1.8427518606185913, 0.3685503602027893, 0.0, 0.0, 0.6142506003379822, 0.0, 3.316953420639038, 0.6142506003379822, 2.702702760696411, 0.0, 0.0, 0.0, 0.0, 1.2285012006759644, 0.3685503602027893, 6.756756782531738, 3.4398033618927, 1.1056511402130127, 1.5970516204833984, 0.0, 0.0, 2.702702760696411], "tonal.thpcp": [1.0, 0.9817570447921753, 0.38719239830970764, 0.3109150528907776, 0.2257399559020996, 0.22098921239376068, 0.43530550599098206, 0.5080546140670776, 0.32965087890625, 0.2530537545681, 0.2539781630039215, 0.34530872106552124, 0.5911006927490234, 0.5102967023849487, 0.39732009172439575, 0.56991046667099, 0.4328972101211548, 0.16781733930110931, 0.08882258832454681, 0.07345191389322281, 0.08542093634605408, 0.13235557079315186, 0.1648019403219223, 0.20608414709568024, 0.28869250416755676, 0.27976399660110474, 0.24801035225391388, 0.4916851818561554, 0.4800405204296112, 0.23079848289489746, 0.21530121564865112, 0.1970013976097107, 0.17107278108596802, 0.20135283470153809, 0.2127174586057663, 0.3274685740470886], "lowlevel.gfcc.cov": [[6932.56591796875, -2338.213623046875, -139.12644958496094, 662.9652099609375, -111.06767272949219, 652.9395141601562, -247.55572509765625, 452.2544250488281, -475.27117919921875, 463.1876220703125, -221.21237182617188, 91.76311492919922, -338.6324157714844], [-2338.213623046875, 3900.921875, 84.43021392822266, -843.0514526367188, 582.40576171875, -215.3898468017578, 488.3148193359375, -428.15130615234375, 740.2870483398438, -441.30633544921875, 310.7965087890625, -87.96805572509766, 248.31761169433594], [-139.12644958496094, 84.43021392822266, 1859.6290283203125, 485.72015380859375, 131.4925537109375, 268.28387451171875, 285.5016784667969, 306.5179138183594, 117.3863754272461, 284.8711242675781, 60.974647521972656, 200.85792541503906, 27.97416877746582], [662.9652099609375, -843.0514526367188, 485.72015380859375, 977.4650268554688, 153.11538696289062, 61.42055892944336, -3.3985486030578613, 204.50975036621094, 48.32673263549805, 163.60853576660156, -32.91075897216797, 108.414306640625, 48.67485427856445], [-111.06767272949219, 582.40576171875, 131.4925537109375, 153.11538696289062, 830.0159912109375, 333.2601013183594, 200.67979431152344, 74.80848693847656, 282.7388916015625, 129.06640625, 153.3999786376953, 68.99071502685547, 91.96809387207031], [652.9395141601562, -215.3898468017578, 268.28387451171875, 61.42055892944336, 333.2601013183594, 610.2581787109375, 274.61883544921875, 162.87132263183594, 18.922861099243164, 275.854736328125, 150.95176696777344, 68.84160614013672, -2.9113047122955322], [-247.55572509765625, 488.3148193359375, 285.5016784667969, -3.3985486030578613, 200.67979431152344, 274.61883544921875, 589.1199951171875, 146.06321716308594, 197.71424865722656, 123.37042236328125, 180.269775390625, 129.14280700683594, 89.4605941772461], [452.2544250488281, -428.15130615234375, 306.5179138183594, 204.50975036621094, 74.80848693847656, 162.87132263183594, 146.06321716308594, 420.00860595703125, 50.139957427978516, 205.34230041503906, 69.7593002319336, 100.17855834960938, 47.903236389160156], [-475.27117919921875, 740.2870483398438, 117.3863754272461, 48.32673263549805, 282.7388916015625, 18.922861099243164, 197.71424865722656, 50.139957427978516, 485.25079345703125, 79.57685852050781, 151.23373413085938, 50.59977340698242, 138.84988403320312], [463.1876220703125, -441.30633544921875, 284.8711242675781, 163.60853576660156, 129.06640625, 275.854736328125, 123.37042236328125, 205.34230041503906, 79.57685852050781, 379.0592956542969, 122.58687591552734, 64.93165588378906, 7.563010215759277], [-221.21237182617188, 310.7965087890625, 60.974647521972656, -32.91075897216797, 153.3999786376953, 150.95176696777344, 180.269775390625, 69.7593002319336, 151.23373413085938, 122.58687591552734, 276.48321533203125, 46.4842414855957, 66.67101287841797], [91.76311492919922, -87.96805572509766, 200.85792541503906, 108.414306640625, 68.99071502685547, 68.84160614013672, 129.14280700683594, 100.17855834960938, 50.59977340698242, 64.93165588378906, 46.4842414855957, 168.83563232421875, 37.629032135009766], [-338.6324157714844, 248.31761169433594, 27.97416877746582, 48.67485427856445, 91.96809387207031, -2.9113047122955322, 89.4605941772461, 47.903236389160156, 138.84988403320312, 7.563010215759277, 66.67101287841797, 37.629032135009766, 163.03182983398438]], "lowlevel.gfcc.icov": [[0.0002825880073942244, -0.00020224129548296332, 0.00025538919726386666, -0.00034951415727846324, 0.00029257460846565664, -0.0005724964430555701, 0.0003268509462941438, -0.00036556331906467676, 0.00013061943172942847, -0.00030654078000225127, 0.000385755964089185, -0.00040706596337258816, 0.0005474978243000805], [-0.00020224129548296332, 0.0018793923081830144, -0.0009942096658051014, 0.0016218124656006694, -0.0013925912790000439, 0.0013803105102851987, -0.0013563883258029819, 0.001292708213441074, -0.0016368873184546828, 0.0022217666264623404, -0.001441003754734993, 0.0017507555894553661, -0.0009453233215026557], [0.00025538919726386666, -0.0009942096658051014, 0.0013640621909871697, -0.0012239727657288313, 0.0009263926185667515, -0.001102618407458067, 0.0006195592577569187, -0.00096287508495152, 0.0006867129704914987, -0.0014131326461210847, 0.0010725531028583646, -0.001497809891588986, 0.0009646063554100692], [-0.00034951415727846324, 0.0016218124656006694, -0.0012239727657288313, 0.002951500704512, -0.0016383077017962933, 0.0017480776878073812, -0.001001328811980784, 0.0009333381312899292, -0.001258759293705225, 0.0014488851884379983, -0.0008894562488421798, 0.0011725332587957382, -0.0015388074098154902], [0.00029257460846565664, -0.0013925912790000439, 0.0009263926185667515, -0.0016383077017962933, 0.003355377586558461, -0.002901459811255336, 0.0014739411417394876, -0.0009460997534915805, -0.00020103240967728198, -0.0009859956335276365, 0.0010502275545150042, -0.0017090952023863792, 0.0007654865039512515], [-0.0005724964430555701, 0.0013803105102851987, -0.001102618407458067, 0.0017480776878073812, -0.002901459811255336, 0.006084414664655924, -0.002812198828905821, 0.0013021999038755894, 0.0006606669630855322, -0.0007038767798803747, -0.0019440042087808251, 0.0021207823883742094, -0.0009428314515389502], [0.0003268509462941438, -0.0013563883258029819, 0.0006195592577569187, -0.001001328811980784, 0.0014739411417394876, -0.002812198828905821, 0.004378677345812321, -0.0014746724627912045, 0.0001066690674633719, -0.0007635914371348917, 0.0004007904790341854, -0.002875278005376458, 0.0005307060200721025], [-0.00036556331906467676, 0.001292708213441074, -0.00096287508495152, 0.0009333381312899292, -0.0009460997534915805, 0.0013021999038755894, -0.0014746724627912045, 0.004941229708492756, -0.0007418081513606012, -9.396042878506705e-05, -0.0010481138015165925, 0.000455745670478791, -0.0019678480457514524], [0.00013061943172942847, -0.0016368873184546828, 0.0006867129704914987, -0.001258759293705225, -0.00020103240967728198, 0.0006606669630855322, 0.0001066690674633719, -0.0007418081513606012, 0.005663147196173668, -0.003163115819916129, 0.0002930468472186476, -0.0010444724466651678, -0.0012480751611292362], [-0.00030654078000225127, 0.0022217666264623404, -0.0014131326461210847, 0.0014488851884379983, -0.0009859956335276365, -0.0007038767798803747, -0.0007635914371348917, -9.396042878506705e-05, -0.003163115819916129, 0.008539183996617794, -0.0031723068095743656, 0.001959389541298151, -7.77202658355236e-05], [0.000385755964089185, -0.001441003754734993, 0.0010725531028583646, -0.0008894562488421798, 0.0010502275545150042, -0.0019440042087808251, 0.0004007904790341854, -0.0010481138015165925, 0.0002930468472186476, -0.0031723068095743656, 0.007265810389071703, -0.0018295235931873322, -0.00011298721074126661], [-0.00040706596337258816, 0.0017507555894553661, -0.001497809891588986, 0.0011725332587957382, -0.0017090952023863792, 0.0021207823883742094, -0.002875278005376458, 0.000455745670478791, -0.0010444724466651678, 0.001959389541298151, -0.0018295235931873322, 0.010357496328651905, -0.002003127709031105], [0.0005474978243000805, -0.0009453233215026557, 0.0009646063554100692, -0.0015388074098154902, 0.0007654865039512515, -0.0009428314515389502, 0.0005307060200721025, -0.0019678480457514524, -0.0012480751611292362, -7.77202658355236e-05, -0.00011298721074126661, -0.002003127709031105, 0.010418171063065529]], "lowlevel.mfcc.cov": [[6863.9228515625, -2740.18896484375, -345.7745361328125, -116.9240951538086, 189.13706970214844, 58.44211196899414, 380.9468994140625, -121.06478118896484, -19.306636810302734, 144.1778564453125, 1.7749565839767456, 91.94600677490234, -66.69439697265625], [-2740.18896484375, 4139.90625, -251.754638671875, -376.3460693359375, -12.884833335876465, 263.0775451660156, -253.30897521972656, 323.8531799316406, 86.60572052001953, -94.00749206542969, 176.42068481445312, 67.94734954833984, 117.52159881591797], [-345.7745361328125, -251.754638671875, 1556.93896484375, 375.92718505859375, 11.933062553405762, 45.841552734375, 193.2521209716797, 74.52001190185547, 152.4844207763672, 77.81401062011719, 125.1125259399414, 115.11433410644531, 183.75820922851562], [-116.9240951538086, -376.3460693359375, 375.92718505859375, 803.445068359375, 183.0301513671875, 16.90209197998047, -99.39710235595703, 109.37792205810547, 147.14564514160156, 33.38665771484375, -10.606146812438965, 11.98923110961914, 115.46292114257812], [189.13706970214844, -12.884833335876465, 11.933062553405762, 183.0301513671875, 667.3614501953125, 192.2396697998047, 84.5299301147461, 27.31032371520996, 109.8216552734375, 135.089599609375, 78.99497985839844, 58.725154876708984, 128.80459594726562], [58.44211196899414, 263.0775451660156, 45.841552734375, 16.90209197998047, 192.2396697998047, 538.2466430664062, 201.44483947753906, 104.70417022705078, 92.19363403320312, 111.49077606201172, 145.66627502441406, 101.94733428955078, 102.16140747070312], [380.9468994140625, -253.30897521972656, 193.2521209716797, -99.39710235595703, 84.5299301147461, 201.44483947753906, 559.5454711914062, 107.59320831298828, 93.7347183227539, 100.56623077392578, 169.31292724609375, 123.30198669433594, 104.1736068725586], [-121.06478118896484, 323.8531799316406, 74.52001190185547, 109.37792205810547, 27.31032371520996, 104.70417022705078, 107.59320831298828, 292.5744323730469, 136.19656372070312, 1.9978781938552856, 76.84102630615234, 87.47454833984375, 91.94359588623047], [-19.306636810302734, 86.60572052001953, 152.4844207763672, 147.14564514160156, 109.8216552734375, 92.19363403320312, 93.7347183227539, 136.19656372070312, 302.3836975097656, 92.16471099853516, 102.62690734863281, 76.2968521118164, 119.46202850341797], [144.1778564453125, -94.00749206542969, 77.81401062011719, 33.38665771484375, 135.089599609375, 111.49077606201172, 100.56623077392578, 1.9978781938552856, 92.16471099853516, 294.4725646972656, 143.10926818847656, 101.56745147705078, 75.76393127441406], [1.7749565839767456, 176.42068481445312, 125.1125259399414, -10.606146812438965, 78.99497985839844, 145.66627502441406, 169.31292724609375, 76.84102630615234, 102.62690734863281, 143.10926818847656, 250.6241912841797, 129.52232360839844, 100.28443145751953], [91.94600677490234, 67.94734954833984, 115.11433410644531, 11.98923110961914, 58.725154876708984, 101.94733428955078, 123.30198669433594, 87.47454833984375, 76.2968521118164, 101.56745147705078, 129.52232360839844, 187.48240661621094, 100.11258697509766], [-66.69439697265625, 117.52159881591797, 183.75820922851562, 115.46292114257812, 128.80459594726562, 102.16140747070312, 104.1736068725586, 91.94359588623047, 119.46202850341797, 75.76393127441406, 100.28443145751953, 100.11258697509766, 204.1423797607422]], "lowlevel.mfcc.icov": [[0.00022326329781208187, 0.00017518937238492072, 6.53916213195771e-05, 0.0001114000697270967, -6.674982432741672e-05, -5.458773739519529e-05, 4.6446800183730375e-07, -8.971319766715169e-05, -2.3926928406581283e-05, 2.335363933525514e-05, -2.2097627152106725e-05, -0.00013948054402135313, 4.441247074282728e-05], [0.00017518937238492072, 0.0005254253628663719, 3.5348311939742416e-05, 0.0004493396554607898, -8.929175965022296e-05, -0.00023162546858657151, 0.0005235978169366717, -0.000621591869276017, 7.016315521468641e-06, 0.00022451096447184682, -0.00044627953320741653, 9.633758600102738e-05, -0.00026162786525674164], [6.53916213195771e-05, 3.5348311939742416e-05, 0.0008848530706018209, -0.0004426924861036241, 0.00022488570539280772, 7.903052755864337e-05, -0.00034537239116616547, 0.00031582877272740006, -0.00010515626490814611, 9.469014912610874e-05, -0.00016785635671112686, -0.00023622096341568977, -0.00046784584992565215], [0.0001114000697270967, 0.0004493396554607898, -0.0004426924861036241, 0.0022964731324464083, -0.0005233603878878057, -0.00016362027963623405, 0.0011410253355279565, -0.0012570366961881518, -0.00041205587331205606, -3.692695827339776e-05, 0.00010518658382352442, 0.0005297675379551947, -0.0007833259296603501], [-6.674982432741672e-05, -8.929175965022296e-05, 0.00022488570539280772, -0.0005233603878878057, 0.0020916438661515713, -0.0004896553582511842, -0.00020448477880563587, 0.0005488001042976975, -0.00019838413572870195, -0.0005659562884829938, 0.00020799326011911035, 0.00021461889264173806, -0.0009756244835443795], [-5.458773739519529e-05, -0.00023162546858657151, 7.903052755864337e-05, -0.00016362027963623405, -0.0004896553582511842, 0.002690833294764161, -0.0007471894496120512, -0.00023260220768861473, 0.00011736131273210049, -0.0003250979061704129, -0.0004808949597645551, -0.00014782014477532357, -5.3984258556738496e-05], [4.6446800183730375e-07, 0.0005235978169366717, -0.00034537239116616547, 0.0011410253355279565, -0.00020448477880563587, -0.0007471894496120512, 0.0034084096550941467, -0.0012984201312065125, -2.8830883820774034e-05, 0.0002078749384963885, -0.0013959825737401843, 7.889983635323006e-07, -0.0006622117944061756], [-8.971319766715169e-05, -0.000621591869276017, 0.00031582877272740006, -0.0012570366961881518, 0.0005488001042976975, -0.00023260220768861473, -0.0012984201312065125, 0.00648075807839632, -0.0019111246801912785, 0.0014038081280887127, 0.00022412295220419765, -0.0020768740214407444, -0.00022514679585583508], [-2.3926928406581283e-05, 7.016315521468641e-06, -0.00010515626490814611, -0.00041205587331205606, -0.00019838413572870195, 0.00011736131273210049, -2.8830883820774034e-05, -0.0019111246801912785, 0.005462635308504105, -0.0010235249064862728, -0.0007673493237234652, 0.0006799072143621743, -0.0015155259752646089], [2.335363933525514e-05, 0.00022451096447184682, 9.469014912610874e-05, -3.692695827339776e-05, -0.0005659562884829938, -0.0003250979061704129, 0.0002078749384963885, 0.0014038081280887127, -0.0010235249064862728, 0.005816877353936434, -0.0024949070066213608, -0.0016296086832880974, 6.0388119891285896e-05], [-2.2097627152106725e-05, -0.00044627953320741653, -0.00016785635671112686, 0.00010518658382352442, 0.00020799326011911035, -0.0004808949597645551, -0.0013959825737401843, 0.00022412295220419765, -0.0007673493237234652, -0.0024949070066213608, 0.008960857056081295, -0.0029787938110530376, -0.0005040445830672979], [-0.00013948054402135313, 9.633758600102738e-05, -0.00023622096341568977, 0.0005297675379551947, 0.00021461889264173806, -0.00014782014477532357, 7.889983635323006e-07, -0.0020768740214407444, 0.0006799072143621743, -0.0016296086832880974, -0