{"song_id": "1182265359731019787", "download": "https://cdn.discordapp.com/attachments/1135911532732108921/1182265359731019787/chirp.mp4?ex=6584116b&amp", "lyrics": "[Verse]\nRic walked in that office, with a heart full of hope\nMet his client at FWD insurance, it was hard to cope\nThe lack of organization, got him feeling low\nNow he's frustrated, lost in the unknown\n\n[Chorus]\nOh Ric, don't let it bring you down\nKeep fighting, turn that frown around\nHold on tight, don't let them steal your glow\nRic, show 'em what you know", "style": ["country"], "essentia_features": {"lowlevel.average_loudness": 0.9750363230705261, "lowlevel.barkbands_crest.mean": 11.964218139648438, "lowlevel.barkbands_crest.stdev": 4.997741222381592, "lowlevel.barkbands_flatness_db.mean": 0.21300585567951202, "lowlevel.barkbands_flatness_db.stdev": 0.06125849857926369, "lowlevel.barkbands_kurtosis.mean": 7.650609493255615, "lowlevel.barkbands_kurtosis.stdev": 16.22646713256836, "lowlevel.barkbands_skewness.mean": 1.7228233814239502, "lowlevel.barkbands_skewness.stdev": 1.6074541807174683, "lowlevel.barkbands_spread.mean": 17.595294952392578, "lowlevel.barkbands_spread.stdev": 14.127606391906738, "lowlevel.dissonance.mean": 0.4360116422176361, "lowlevel.dissonance.stdev": 0.04052974656224251, "lowlevel.dynamic_complexity": 2.7812867164611816, "lowlevel.erbbands_crest.mean": 11.826966285705566, "lowlevel.erbbands_crest.stdev": 5.664109230041504, "lowlevel.erbbands_flatness_db.mean": 0.20562870800495148, "lowlevel.erbbands_flatness_db.stdev": 0.05193929001688957, "lowlevel.erbbands_kurtosis.mean": 1.703191876411438, "lowlevel.erbbands_kurtosis.stdev": 3.993062734603882, "lowlevel.erbbands_skewness.mean": 0.7160336375236511, "lowlevel.erbbands_skewness.stdev": 0.9162855744361877, "lowlevel.erbbands_spread.mean": 32.84959030151367, "lowlevel.erbbands_spread.stdev": 20.61171531677246, "lowlevel.hfc.mean": 22.756086349487305, "lowlevel.hfc.stdev": 17.455650329589844, "lowlevel.loudness_ebu128.integrated": -13.090280532836914, "lowlevel.loudness_ebu128.loudness_range": 1.6235427856445312, "lowlevel.loudness_ebu128.momentary.mean": -13.424542427062988, "lowlevel.loudness_ebu128.momentary.stdev": 1.815524697303772, "lowlevel.loudness_ebu128.short_term.mean": -13.141924858093262, "lowlevel.loudness_ebu128.short_term.stdev": 0.5581051707267761, "lowlevel.melbands_crest.mean": 15.032675743103027, "lowlevel.melbands_crest.stdev": 5.9948835372924805, "lowlevel.melbands_flatness_db.mean": 0.24337361752986908, "lowlevel.melbands_flatness_db.stdev": 0.0856226310133934, "lowlevel.melbands_kurtosis.mean": 17.48887825012207, "lowlevel.melbands_kurtosis.stdev": 31.21820068359375, "lowlevel.melbands_skewness.mean": 2.58092999458313, "lowlevel.melbands_skewness.stdev": 2.0940003395080566, "lowlevel.melbands_spread.mean": 21.43385124206543, "lowlevel.melbands_spread.stdev": 24.724851608276367, "lowlevel.pitch_salience.mean": 0.4986162781715393, "lowlevel.pitch_salience.stdev": 0.11921117454767227, "lowlevel.silence_rate_20dB.mean": 1.0, "lowlevel.silence_rate_20dB.stdev": 0.0, "lowlevel.silence_rate_30dB.mean": 0.995080828666687, "lowlevel.silence_rate_30dB.stdev": 0.06996424496173859, "lowlevel.silence_rate_60dB.mean": 0.030920591205358505, "lowlevel.silence_rate_60dB.stdev": 0.17310425639152527, "lowlevel.spectral_centroid.mean": 1165.6201171875, "lowlevel.spectral_centroid.stdev": 690.6561889648438, "lowlevel.spectral_complexity.mean": 14.46732234954834, "lowlevel.spectral_complexity.stdev": 6.859302043914795, "lowlevel.spectral_decrease.mean": -9.16787445959244e-09, "lowlevel.spectral_decrease.stdev": 6.140687958122726e-09, "lowlevel.spectral_energy.mean": 0.036665745079517365, "lowlevel.spectral_energy.stdev": 0.023939870297908783, "lowlevel.spectral_energyband_high.mean": 0.0006549684912897646, "lowlevel.spectral_energyband_high.stdev": 0.0012385545996949077, "lowlevel.spectral_energyband_low.mean": 0.013323443941771984, "lowlevel.spectral_energyband_low.stdev": 0.01764398068189621, "lowlevel.spectral_energyband_middle_high.mean": 0.007866883650422096, "lowlevel.spectral_energyband_middle_high.stdev": 0.010118688456714153, "lowlevel.spectral_energyband_middle_low.mean": 0.01571313850581646, "lowlevel.spectral_energyband_middle_low.stdev": 0.013602840714156628, "lowlevel.spectral_entropy.mean": 7.175684452056885, "lowlevel.spectral_entropy.stdev": 0.5710355043411255, "lowlevel.spectral_flux.mean": 0.09092317521572113, "lowlevel.spectral_flux.stdev": 0.05414882302284241, "lowlevel.spectral_kurtosis.mean": 5.0968780517578125, "lowlevel.spectral_kurtosis.stdev": 4.184181213378906, "lowlevel.spectral_rms.mean": 0.0056210653856396675, "lowlevel.spectral_rms.stdev": 0.0020433086901903152, "lowlevel.spectral_rolloff.mean": 1308.6546630859375, "lowlevel.spectral_rolloff.stdev": 1828.1920166015625, "lowlevel.spectral_skewness.mean": 1.6644612550735474, "lowlevel.spectral_skewness.stdev": 0.6189204454421997, "lowlevel.spectral_spread.mean": 4292853.5, "lowlevel.spectral_spread.stdev": 1716812.25, "lowlevel.spectral_strongpeak.mean": 1.484007716178894, "lowlevel.spectral_strongpeak.stdev": 1.6629751920700073, "lowlevel.zerocrossingrate.mean": 0.05094801262021065, "lowlevel.zerocrossingrate.stdev": 0.046663906425237656, "metadata.audio_properties.analysis.equal_loudness": 0.0, "metadata.audio_properties.analysis.length": 33.00265121459961, "metadata.audio_properties.analysis.sample_rate": 44100.0, "metadata.audio_properties.analysis.start_time": 0.0, "metadata.audio_properties.bit_rate": 104052.0, "metadata.audio_properties.length": 33.00266647338867, "metadata.audio_properties.lossless": 0.0, "metadata.audio_properties.number_channels": 1.0, "metadata.audio_properties.replay_gain": -13.232795715332031, "metadata.audio_properties.sample_rate": 48000.0, "rhythm.beats_count": 60.0, "rhythm.beats_loudness.mean": 0.06180954352021217, "rhythm.beats_loudness.stdev": 0.018879761919379234, "rhythm.bpm": 111.95975494384766, "rhythm.bpm_histogram_first_peak_bpm": 112.0, "rhythm.bpm_histogram_first_peak_weight": 0.1818181872367859, "rhythm.bpm_histogram_second_peak_bpm": 101.0, "rhythm.bpm_histogram_second_peak_spread": 0.5, "rhythm.bpm_histogram_second_peak_weight": 0.033898305147886276, "rhythm.danceability": 1.5216467380523682, "rhythm.onset_rate": 4.118868827819824, "tonal.chords_changes_rate": 0.0744381994009018, "tonal.chords_number_rate": 0.009831461124122143, "tonal.chords_strength.mean": 0.5305173397064209, "tonal.chords_strength.stdev": 0.08752363175153732, "tonal.hpcp_crest.mean": 16.714338302612305, "tonal.hpcp_crest.stdev": 7.839267253875732, "tonal.hpcp_entropy.mean": 1.6158690452575684, "tonal.hpcp_entropy.stdev": 0.6956169605255127, "tonal.key_edma.strength": 0.9044812917709351, "tonal.key_krumhansl.strength": 0.9031770825386047, "tonal.key_temperley.strength": 0.8970545530319214, "tonal.tuning_diatonic_strength": 0.7242683172225952, "tonal.tuning_equal_tempered_deviation": 0.23510120809078217, "tonal.tuning_frequency": 434.193115234375, "tonal.tuning_nontempered_energy_ratio": 0.9705941677093506, "lowlevel.barkbands.mean": [0.0008022275869734585, 0.01019248552620411, 0.0019018474267795682, 0.0011656569549813867, 0.0037511391565203667, 0.0035907989367842674, 0.0021938257850706577, 0.0012403256259858608, 0.0028879083693027496, 0.0023655176628381014, 0.0018998116720467806, 0.0008116979734040797, 0.0010537304915487766, 0.00023043985129334033, 0.0006567283999174833, 0.00029985650326125324, 0.0002284400979988277, 0.00018650919082574546, 0.0003084494674112648, 0.00043954665306955576, 6.793034845031798e-05, 5.952097490080632e-05, 0.00010863936768146232, 0.00013767671771347523, 8.495096699334681e-05, 9.112942223055143e-08, 1.2548475591955821e-09], "lowlevel.barkbands.stdev": [0.0018960529705509543, 0.015428582206368446, 0.0027595132123678923, 0.001702809357084334, 0.0074008009396493435, 0.006681226193904877, 0.004756008740514517, 0.0037717761006206274, 0.0061135501600801945, 0.004982843995094299, 0.004197379108518362, 0.002082143211737275, 0.0026714084669947624, 0.0007670627092011273, 0.0017108226893469691, 0.000677974836435169, 0.0005492059281095862, 0.00035393080906942487, 0.0005100226844660938, 0.0006588248070329428, 0.00015991776308510453, 0.0001858120085671544, 0.00033205962972715497, 0.00036998483119532466, 0.00020487727306317538, 6.675905979136587e-07, 2.7593713980422763e-09], "lowlevel.erbbands.mean": [0.3320416808128357, 2.0773961544036865, 2.7090516090393066, 3.0398781299591064, 6.132626056671143, 15.253141403198242, 21.774158477783203, 34.12948989868164, 27.931726455688477, 31.381772994995117, 29.868452072143555, 77.24329376220703, 66.8883285522461, 82.7598876953125, 71.4271240234375, 36.07381820678711, 48.348873138427734, 21.04043197631836, 28.564350128173828, 22.130802154541016, 17.366832733154297, 11.230891227722168, 10.035648345947266, 13.873361587524414, 18.78782081604004, 20.4646053314209, 6.087437152862549, 2.079740047454834, 2.005913496017456, 2.7940428256988525, 3.08769154548645, 3.0464377403259277, 2.146350622177124, 1.4753954410552979, 0.3031463325023651, 0.013131811283528805, 0.00047933909809216857, 4.75239721708931e-05, 2.6183573936577886e-05, 4.431510024005547e-05], "lowlevel.erbbands.stdev": [0.6835166215896606, 2.7555289268493652, 2.9292290210723877, 3.590015172958374, 9.983784675598145, 38.0068359375, 48.95368576049805, 70.24681854248047, 56.9873046875, 69.0366439819336, 85.95447540283203, 165.14048767089844, 156.65817260742188, 150.2896270751953, 183.82086181640625, 89.96575927734375, 118.2621078491211, 58.3246955871582, 71.40764617919922, 53.1340217590332, 37.33928680419922, 25.623252868652344, 19.744306564331055, 23.503740310668945, 31.441320419311523, 29.565608978271484, 10.15773868560791, 6.120810508728027, 5.973901748657227, 9.133109092712402, 9.270513534545898, 8.318635940551758, 5.803641319274902, 3.5999093055725098, 0.8087196350097656, 0.03701556846499443, 0.001200094004161656, 0.00010465174273122102, 2.0493383999564685e-05, 2.6814817829290405e-05], "lowlevel.gfcc.mean": [-25.28293228149414, 125.23235321044922, -130.30906677246094, 39.447078704833984, -70.19222259521484, 22.309123992919922, -34.959712982177734, 14.079110145568848, -22.74358558654785, -12.764190673828125, 8.44079875946045, -19.471891403198242, 14.571403503417969], "lowlevel.melbands.mean": [0.002934684744104743, 0.0018624821677803993, 0.0006184100639075041, 0.0007451335550285876, 0.0007787933573126793, 0.0007131078746169806, 0.0004531657323241234, 0.0003264356346335262, 0.0002396504278294742, 0.0005061485571786761, 0.000318192905979231, 0.0003270694287493825, 0.0002241609472548589, 0.00013107802078593522, 7.728449418209493e-05, 0.00011195133265573531, 2.8037791707902215e-05, 3.8533959013875574e-05, 4.987050124327652e-05, 2.1948992070974782e-05, 1.9139946743962355e-05, 1.2686207810475025e-05, 9.312691872764844e-06, 8.31878151075216e-06, 1.1280093531240709e-05, 1.2116212019464001e-05, 1.5425106539623812e-05, 1.3379919437284116e-05, 4.762968728755368e-06, 1.4138170172373066e-06, 1.1053231219193549e-06, 1.0508132390896208e-06, 1.3083837302474421e-06, 1.6767631905167946e-06, 1.7994891550188186e-06, 1.802599172151531e-06, 1.8980172171723098e-06, 1.5349581872214912e-06, 1.3675528407475213e-06, 1.2262955806363607e-06], "lowlevel.melbands.stdev": [0.005032544489949942, 0.0018982681212946773, 0.0007540628430433571, 0.0015649760607630014, 0.0015542043838649988, 0.0014108840841799974, 0.0009175613522529602, 0.0007289298810064793, 0.0006957778241485357, 0.001101382076740265, 0.0007873500580899417, 0.0006253753672353923, 0.0005457046208903193, 0.0002959450357593596, 0.0002084462612401694, 0.0002932176284957677, 9.899300493998453e-05, 0.00010417564772069454, 0.00015160770271904767, 5.0142429245170206e-05, 4.543269460555166e-05, 3.249478686484508e-05, 2.2603268007515e-05, 1.4275867215474136e-05, 2.0830273570027202e-05, 2.2216496290639043e-05, 2.7251120627624914e-05, 2.0056007997482084e-05, 8.528716534783598e-06, 3.682372380353627e-06, 3.848580945486901e-06, 3.1196666441246634e-06, 4.388674824440386e-06, 5.571767360379454e-06, 5.7288430070912e-06, 5.668999165209243e-06, 5.08400398757658e-06, 4.4899479689775035e-06, 3.212468982383143e-06, 3.2633543014526367e-06], "lowlevel.melbands128.mean": [0.00073357013752684, 0.0026621653232723475, 0.0039446293376386166, 0.0033428629394620657, 0.0017200453439727426, 0.0008605530019849539, 0.0005576644325628877, 0.0006332817720249295, 0.0005556180258281529, 0.0006951795658096671, 0.0009501719032414258, 0.0007871182751841843, 0.0007386613287962973, 0.0006946839857846498, 0.0010250647319480777, 0.0005248008528724313, 0.0002874519268516451, 0.0005061529227532446, 0.000608190253842622, 0.0002825374831445515, 0.0002519763947930187, 0.00021512807870749384, 0.0002563684247434139, 0.00020529261382762343, 0.0005341726937331259, 0.0007129735895432532, 0.0002327071561012417, 0.00038907318958081305, 0.0001927864650497213, 0.00037098341272212565, 0.0004090337024535984, 0.00019583864195737988, 0.0001274100213777274, 0.0003956708242185414, 9.689206490293145e-05, 9.19024896575138e-05, 9.197922190651298e-05, 4.814045314560644e-05, 9.12226241780445e-05, 0.00012546937796287239, 0.00014928147720638663, 3.227166234864853e-05, 2.2974287276156247e-05, 2.9449123758240603e-05, 1.4332499631564133e-05, 4.353073745733127e-05, 5.8919540606439114e-05, 7.702165021328256e-05, 2.856347600754816e-05, 1.0358872714277823e-05, 2.755517380137462e-05, 2.7631360353552736e-05, 1.645008524064906e-05, 1.878941839095205e-05, 1.8212906070402823e-05, 1.2031813639623579e-05, 6.826140179327922e-06, 9.692922503745649e-06, 9.813765245780814e-06, 1.042091207636986e-05, 5.422014510259032e-06, 7.528092282882426e-06, 1.7009459043038078e-05, 1.0757730706245638e-05, 5.587403848039685e-06, 1.283830624743132e-05, 1.5960536984493956e-05, 1.206395336339483e-05, 1.7105996448663063e-05, 1.7687763829599135e-05, 1.1568590707611293e-05, 1.524479466752382e-05, 6.460899385274388e-06, 2.8088079488952644e-06, 1.997991830648971e-06, 1.564706053613918e-06, 1.115386453420797e-06, 8.4078055806458e-07, 1.394664195686346e-06, 9.385332759848097e-07, 1.0783606967379455e-06, 1.1223214642086532e-06, 9.174852948490297e-07, 1.5364944374596234e-06, 1.36570417907933e-06, 1.490331555942248e-06, 1.8242071746499278e-06, 1.8810502524502226e-06, 2.032571501331404e-06, 1.398683025399805e-06, 1.8379301991444663e-06, 1.8428183921059826e-06, 1.946538077390869e-06, 1.8265706103193224e-06, 2.070519485641853e-06, 1.6065016552602174e-06, 1.4049518313186127e-06, 1.3874788464818266e-06, 1.349480044154916e-06, 1.3616952401207527e-06, 1.436589400327648e-06, 1.4478645198323647e-06, 5.860262604073796e-07, 5.759588361797796e-07, 2.4715535573704983e-07, 1.5213576887163072e-07, 2.999363601929872e-08, 4.331866421125596e-09, 6.263112251048142e-10, 1.0827473639896112e-10, 8.726269706826884e-11, 3.067653769894818e-11, 2.455991486571829e-11, 2.3706286933489196e-11, 1.9882413423988332e-11, 1.2515368949528316e-11, 9.135782408353776e-12, 5.6862101832644285e-12, 5.310835105021283e-12, 5.163421339798857e-12, 5.036808210096e-12, 4.860858677374624e-12, 4.746753771295298e-12, 4.662645269881693e-12, 4.5725749575620256e-12, 4.475331563669194e-12, 4.414063732582907e-12, 4.386513288018312e-12], "lowlevel.melbands128.stdev": [0.0017790936399251223, 0.006391163915395737, 0.006725352723151445, 0.00419204868376255, 0.0018086800118908286, 0.0013012031558901072, 0.0007372585241682827, 0.0010105023393407464, 0.0011169665958732367, 0.0017390816938132048, 0.0028245174326002598, 0.002104120794683695, 0.002307495567947626, 0.001488810870796442, 0.0024204219225794077, 0.001367857912555337, 0.001026242971420288, 0.001302864751778543, 0.001588605111464858, 0.0008709558751434088, 0.0009662982192821801, 0.0009177455794997513, 0.001055526314303279, 0.0007793286931701005, 0.0014129986520856619, 0.0018076810520142317, 0.0009305679704993963, 0.0013753405073657632, 0.0007175313076004386, 0.0010046756360679865, 0.0009113412234000862, 0.0005815830081701279, 0.0005748256808146834, 0.0012068423675373197, 0.0003205440880265087, 0.00037281689583323896, 0.0003572639834601432, 0.00023968322784639895, 0.000431709224358201, 0.0003606137470342219, 0.00047596421791240573, 0.0002492764324415475, 0.00010695170203689486, 0.00012101754691684619, 5.937279638601467e-05, 0.00016892397252377123, 0.00021806213771924376, 0.0003003923047799617, 0.00011281555634923279, 3.4974895243067294e-05, 8.304779476020485e-05, 7.367151556536555e-05, 7.01480676070787e-05, 7.292677037185058e-05, 5.7775476307142526e-05, 5.0635659135878086e-05, 2.338079320907127e-05, 3.723202826222405e-05, 3.170000854879618e-05, 2.7727581255021505e-05, 1.324951426795451e-05, 1.8189883121522143e-05, 4.1821876948233694e-05, 2.4796692741801962e-05, 1.3242032764537726e-05, 3.052445754292421e-05, 3.56606105924584e-05, 3.6751836887560785e-05, 3.793489304371178e-05, 3.3892465580720454e-05, 2.3385964595945552e-05, 3.0879706173436716e-05, 1.4262174772738945e-05, 5.745466296502855e-06, 5.433104888652451e-06, 4.526210886979243e-06, 3.5097207273793174e-06, 3.505606400722172e-06, 5.246969521977007e-06, 3.4216050153190736e-06, 3.4174913707829546e-06, 3.630999117376632e-06, 2.9443754101521336e-06, 5.517114459507866e-06, 5.19051627634326e-06, 5.236983270151541e-06, 6.31802777206758e-06, 6.57882674204302e-06, 7.333687335631112e-06, 4.20025571656879e-06, 5.516908913705265e-06, 7.829366950318217e-06, 5.50927825315739e-06, 5.295858500176109e-06, 5.820048045279691e-06, 5.268968379823491e-06, 4.327934220782481e-06, 4.133584297960624e-06, 3.5956081774202175e-06, 2.8525639663712354e-06, 3.3576268378965324e-06, 4.877183982898714e-06, 1.5116843314899597e-06, 1.6135343230416765e-06, 8.788413197180489e-07, 5.488685701493523e-07, 1.0611124423576257e-07, 2.4730661962735212e-08, 1.1465195015603058e-08, 2.3588657693807136e-09, 1.848568964568642e-09, 6.090740689579377e-10, 3.5453182056777166e-10, 3.21051824014873e-10, 2.439831392475611e-10, 1.3935964882083596e-10, 7.35039251686942e-11, 1.0066347061465919e-11, 8.421572467165461e-12, 8.180017427306119e-12, 7.989757293269673e-12, 7.504598505125859e-12, 7.349956580859907e-12, 7.2216828871096705e-12, 7.116157489661656e-12, 7.030777435940161e-12, 6.96886472140168e-12, 6.9307376678040544e-12], "lowlevel.mfcc.mean": [-656.3773193359375, 134.4447021484375, 7.392504692077637, 13.081969261169434, 7.045729637145996, -7.930190086364746, 16.794017791748047, 3.2138383388519287, -3.4022233486175537, 8.784842491149902, -13.746410369873047, -2.6785080432891846, 5.278224945068359], "lowlevel.spectral_contrast_coeffs.mean": [-0.6877580285072327, -0.6831003427505493, -0.6906177401542664, -0.7604588270187378, -0.7652987837791443, -0.8032738566398621], "lowlevel.spectral_contrast_coeffs.stdev": [0.08855330944061279, 0.09921068698167801, 0.0864308699965477, 0.06825915724039078, 0.057785764336586, 0.03636179864406586], "lowlevel.spectral_contrast_valleys.mean": [-6.792633056640625, -7.103518962860107, -7.619571685791016, -8.056159973144531, -7.90503454208374, -10.46628475189209], "lowlevel.spectral_contrast_valleys.stdev": [0.9055725932121277, 0.737494945526123, 0.7396999001502991, 0.6877893209457397, 0.7687333822250366, 1.1389223337173462], "rhythm.beats_loudness_band_ratio.mean": [0.5640565752983093, 0.09918204694986343, 0.1617637723684311, 0.13309992849826813, 0.045094266533851624, 0.02102835848927498], "rhythm.beats_loudness_band_ratio.stdev": [0.2314075231552124, 0.11360547691583633, 0.15522904694080353, 0.17014490067958832, 0.04804391786456108, 0.04006200283765793], "tonal.hpcp.mean": [0.10803477466106415, 0.1536274403333664, 0.11082306504249573, 0.2380485087633133, 0.30137699842453003, 0.12713536620140076, 0.02919594570994377, 0.021333593875169754, 0.036306485533714294, 0.13820204138755798, 0.18292564153671265, 0.0948602482676506, 0.03882177919149399, 0.026198215782642365, 0.03637298196554184, 0.1460321843624115, 0.19951282441616058, 0.11385951191186905, 0.11328396946191788, 0.11413880437612534, 0.06019878387451172, 0.06595001369714737, 0.07322175055742264, 0.09981377422809601, 0.2839343845844269, 0.3307758867740631, 0.1460229456424713, 0.053071536123752594, 0.03871823474764824, 0.047522347420454025, 0.08680121600627899, 0.08885189890861511, 0.058110740035772324, 0.046957630664110184, 0.03903858736157417, 0.03632194921374321], "tonal.hpcp.stdev": [0.20147211849689484, 0.2704840302467346, 0.2074156552553177, 0.3120934069156647, 0.39138737320899963, 0.20950372517108917, 0.12012140452861786, 0.10243003815412521, 0.11440128833055496, 0.23739002645015717, 0.27753758430480957, 0.19759653508663177, 0.1294572949409485, 0.1004747673869133, 0.11848949640989304, 0.2444879412651062, 0.33286407589912415, 0.20856483280658722, 0.2564440369606018, 0.2550026476383209, 0.17257967591285706, 0.17495758831501007, 0.1963902860879898, 0.20631997287273407, 0.3360765874385834, 0.35576099157333374, 0.2298932820558548, 0.1579514592885971, 0.1287967413663864, 0.1587069183588028, 0.19752748310565948, 0.1963912546634674, 0.1560446321964264, 0.15555541217327118, 0.1323837786912918, 0.11478271335363388], "rhythm.beats_position": [0.5572788715362549, 1.1377778053283691, 1.7066665887832642, 2.2987754344940186, 2.8908843994140625, 3.4481632709503174, 3.9938321113586426, 4.527891159057617, 5.061950206756592, 5.596008777618408, 6.130067825317383, 6.664126873016357, 7.198185920715332, 7.732244968414307, 8.266304016113281, 8.800362586975098, 9.346031188964844, 9.891700744628906, 10.425759315490723, 10.959818840026855, 11.493877410888672, 12.027935981750488, 12.561995506286621, 13.096054077148438, 13.641722679138184, 14.187392234802246, 14.721450805664062, 15.255510330200195, 15.789568901062012, 16.323627471923828, 16.85768699645996, 17.391746520996094, 17.925804138183594, 18.459863662719727, 18.99392318725586, 19.52798080444336, 20.073650360107422, 20.619319915771484, 21.153377532958984, 21.687437057495117, 22.22149658203125, 22.75555419921875, 23.289613723754883, 23.823673248291016, 24.35773277282715, 24.89179039001465, 25.42584991455078, 25.959909439086914, 26.493967056274414, 27.028026580810547, 27.56208610534668, 28.09614372253418, 28.630203247070312, 29.164262771606445, 29.698322296142578, 30.232379913330078, 30.76643943786621, 31.312108993530273, 31.834556579589844, 32.36861801147461], "rhythm.bpm_histogram": [0.0, 0.0, 0.0, 0.0, 0.0, 0.0, 0.0, 0.0, 0.0, 0.0, 0.0, 0.0, 0.0, 0.0, 0.0, 0.0, 0.0, 0.0, 0.0, 0.0, 0.0, 0.0, 0.0, 0.0, 0.0, 0.0, 0.0, 0.0, 0.0, 0.0, 0.0, 0.0, 0.0, 0.0, 0.0, 0.0, 0.0, 0.0, 0.0, 0.0, 0.0, 0.0, 0.0, 0.0, 0.0, 0.0, 0.0, 0.0, 0.0, 0.0, 0.0, 0.0, 0.0, 0.0, 0.0, 0.0, 0.0, 0.0, 0.0, 0.0, 0.0, 0.0, 0.0, 0.0, 0.0, 0.0, 0.0, 0.0, 0.0, 0.0, 0.0, 0.0, 0.0, 0.0, 0.0, 0.0, 0.0, 0.0, 0.0, 0.0, 0.0, 0.0, 0.0, 0.0, 0.0, 0.0, 0.0, 0.0, 0.0, 0.0, 0.0, 0.0, 0.0, 0.0, 0.0, 0.0, 0.0, 0.0, 0.0, 0.0, 0.0, 0.033898305147886276, 0.0, 0.016949152573943138, 0.0, 0.016949152573943138, 0.0, 0.0, 0.016949152573943138, 0.0, 0.1355932205915451, 0.0, 0.7627118825912476, 0.0, 0.0, 0.016949152573943138, 0.0, 0.0, 0.0, 0.0, 0.0, 0.0, 0.0, 0.0, 0.0, 0.0, 0.0, 0.0, 0.0, 0.0, 0.0, 0.0, 0.0, 0.0, 0.0, 0.0, 0.0, 0.0, 0.0, 0.0, 0.0, 0.0, 0.0, 0.0, 0.0, 0.0, 0.0, 0.0, 0.0, 0.0, 0.0, 0.0, 0.0, 0.0, 0.0, 0.0, 0.0, 0.0, 0.0, 0.0, 0.0, 0.0, 0.0, 0.0, 0.0, 0.0, 0.0, 0.0, 0.0, 0.0, 0.0, 0.0, 0.0, 0.0, 0.0, 0.0, 0.0, 0.0, 0.0, 0.0, 0.0, 0.0, 0.0, 0.0, 0.0, 0.0, 0.0, 0.0, 0.0, 0.0, 0.0, 0.0, 0.0, 0.0, 0.0, 0.0, 0.0, 0.0, 0.0, 0.0, 0.0, 0.0, 0.0, 0.0, 0.0, 0.0, 0.0, 0.0, 0.0, 0.0, 0.0, 0.0, 0.0, 0.0, 0.0, 0.0, 0.0, 0.0, 0.0, 0.0, 0.0, 0.0, 0.0, 0.0, 0.0, 0.0, 0.0, 0.0, 0.0, 0.0, 0.0, 0.0, 0.0, 0.0, 0.0, 0.0, 0.0, 0.0, 0.0, 0.0, 0.0, 0.0, 0.0, 0.0, 0.0, 0.0, 0.0, 0.0, 0.0, 0.0], "tonal.chords_histogram": [50.0, 16.853933334350586, 16.432584762573242, 0.0, 1.4044944047927856, 0.0, 0.0, 0.0, 0.2808988690376282, 0.0, 0.0, 0.0, 0.0, 0.0, 0.0, 0.5617977380752563, 0.0, 1.966292142868042, 0.0, 0.0, 0.0, 0.2808988690376282, 6.320224761962891, 5.898876190185547], "tonal.thpcp": [1.0, 0.4414558410644531, 0.16044560074806213, 0.11705277115106583, 0.14366932213306427, 0.2624169886112213, 0.26861661672592163, 0.17568010091781616, 0.14196206629276276, 0.11802126467227936, 0.10980833321809769, 0.32661017775535583, 0.46444571018218994, 0.33503973484039307, 0.7196670770645142, 0.9111214280128479, 0.38435500860214233, 0.08826503902673721, 0.06449561566114426, 0.10976158827543259, 0.41781172156333923, 0.5530198812484741, 0.2867810130119324, 0.11736580729484558, 0.0792023167014122, 0.10996261984109879, 0.4414837658405304, 0.6031661629676819, 0.34421950578689575, 0.34247952699661255, 0.34506386518478394, 0.18199266493320465, 0.19937975704669952, 0.2213636338710785, 0.30175650119781494, 0.8583890199661255], "lowlevel.gfcc.cov": [[4155.05908203125, -693.7332763671875, -470.5838928222656, 32.53205108642578, -405.4473876953125, 301.41107177734375, -123.00906372070312, 439.7549743652344, -135.32545471191406, 257.3251647949219, 230.99501037597656, -103.17913055419922, -5.565704345703125], [-693.7332763671875, 1438.9407958984375, 104.78496551513672, -87.8194808959961, 540.9276123046875, -190.48397827148438, 350.7451477050781, -89.07194519042969, 181.75868225097656, -106.68128204345703, 76.23993682861328, -198.63699340820312, 57.19904327392578], [-470.5838928222656, 104.78496551513672, 1006.1320190429688, 417.0876770019531, 193.0800323486328, 138.06875610351562, -16.026697158813477, 28.913040161132812, 72.92394256591797, 29.63922882080078, -128.04815673828125, 101.15921783447266, -47.75230026245117], [32.53205108642578, -87.8194808959961, 417.0876770019531, 636.3819580078125, 222.22300720214844, 34.32341384887695, -10.581522941589355, 47.43657302856445, 125.03282928466797, -26.996891021728516, -146.92359924316406, 116.21498107910156, 0.8244476914405823], [-405.4473876953125, 540.9276123046875, 193.0800323486328, 222.22300720214844, 574.547119140625, 61.041072845458984, 194.11001586914062, 48.819087982177734, 124.11187744140625, -44.925052642822266, -45.544395446777344, -69.58525848388672, 26.742351531982422], [301.41107177734375, -190.48397827148438, 138.06875610351562, 34.32341384887695, 61.041072845458984, 389.2151794433594, 98.3708267211914, 40.405372619628906, -33.506263732910156, 68.771484375, -28.082534790039062, -12.307966232299805, -63.65176773071289], [-123.00906372070312, 350.7451477050781, -16.026697158813477, -10.581522941589355, 194.11001586914062, 98.3708267211914, 336.64984130859375, 34.60969924926758, 28.082706451416016, 2.8552801609039307, 72.28604888916016, -101.71141052246094, 6.728668212890625], [439.7549743652344, -89.07194519042969, 28.913040161132812, 47.43657302856445, 48.819087982177734, 40.405372619628906, 34.60969924926758, 257.6455993652344, 2.8768093585968018, 43.8363037109375, 38.9979133605957, -38.82970428466797, 26.163471221923828], [-135.32545471191406, 181.75868225097656, 72.92394256591797, 125.03282928466797, 124.11187744140625, -33.506263732910156, 28.082706451416016, 2.8768093585968018, 211.7031707763672, 1.2663253545761108, -40.67954635620117, 24.287296295166016, 17.415283203125], [257.3251647949219, -106.68128204345703, 29.63922882080078, -26.996891021728516, -44.925052642822266, 68.771484375, 2.8552801609039307, 43.8363037109375, 1.2663253545761108, 137.4428253173828, 59.261295318603516, -2.7443642616271973, 0.2833944857120514], [230.99501037597656, 76.23993682861328, -128.04815673828125, -146.92359924316406, -45.544395446777344, -28.082534790039062, 72.28604888916016, 38.9979133605957, -40.67954635620117, 59.261295318603516, 248.2059326171875, -43.632164001464844, 27.138671875], [-103.17913055419922, -198.63699340820312, 101.15921783447266, 116.21498107910156, -69.58525848388672, -12.307966232299805, -101.71141052246094, -38.82970428466797, 24.287296295166016, -2.7443642616271973, -43.632164001464844, 182.63377380371094, 15.241154670715332], [-5.565704345703125, 57.19904327392578, -47.75230026245117, 0.8244476914405823, 26.742351531982422, -63.65176773071289, 6.728668212890625, 26.163471221923828, 17.415283203125, 0.2833944857120514, 27.138671875, 15.241154670715332, 108.756591796875]], "lowlevel.gfcc.icov": [[0.0006220947834663093, -0.0006527838995680213, 0.0006978742312639952, -0.0010168362641707063, 0.0009951674146577716, -0.001117324223741889, 0.0009426982724107802, -0.0011020706733688712, 0.00033553168759681284, -0.000629583781119436, -0.0003987023083027452, 0.00034751472412608564, -3.849778295261785e-06], [-0.0006527838995680213, 0.0038357034791260958, -0.0018281862139701843, 0.0027082283049821854, -0.003362576477229595, 0.003274985821917653, -0.0029559980612248182, 0.0026491701137274504, -0.0019901732448488474, 0.0017313015414401889, -0.00019341125153005123, 0.001226210268214345, -0.00039423376438207924], [0.0006978742312639952, -0.0018281862139701843, 0.002698231255635619, -0.0024871176574379206, 0.0015398644609376788, -0.0022086487151682377, 0.0018656805623322725, -0.0017617373960092664, 0.001097236410714686, -0.0016816607676446438, -1.6807507563498802e-05, -0.0006423876620829105, 0.0007608025916852057], [-0.0010168362641707063, 0.0027082283049821854, -0.0024871176574379206, 0.0056333839893341064, -0.0036893333308398724, 0.0031502870842814445, -0.0027096543926745653, 0.001758115948177874, -0.002035496523603797, 0.001782862120307982, 0.0013140595983713865, -0.0015612938441336155, 9.670054714661092e-05], [0.0009951674146577716, -0.003362576477229595, 0.0015398644609376788, -0.0036893333308398724, 0.006601373199373484, -0.0037979097105562687, 0.0017255543498322368, -0.0029014507308602333, 0.00046322308480739594, -0.0005354895256459713, -6.79235890856944e-05, 0.0009945000056177378, -0.000926465610973537], [-0.001117324223741889, 0.003274985821917653, -0.0022086487151682377, 0.0031502870842814445, -0.0037979097105562687, 0.007586977444589138, -0.004641253035515547, 0.002441173419356346, -0.00039020480471663177, -0.0007248755428008735, 0.00167414965108037, -0.0005804015090689063, 0.0020288622472435236], [0.0009426982724107802, -0.0029559980612248182, 0.0018656805623322725, -0.0027096543926745653, 0.0017255543498322368, -0.004641253035515547, 0.00791757833212614, -0.002285619964823127, 0.0007664347067475319, -0.0005871247849427164, -0.0021530715748667717, 0.001689709722995758, -0.00045878326636739075], [-0.0011020706733688712, 0.0026491701137274504, -0.0017617373960092664, 0.001758115948177874, -0.0029014507308602333, 0.002441173419356346, -0.002285619964823127, 0.007427599281072617, -0.0012275640619918704, 0.000507236341945827, -0.00024158618180081248, 0.0017384252278134227, -0.0017279037274420261], [0.00033553168759681284, -0.0019901732448488474, 0.001097236410714686, -0.002035496523603797, 0.00046322308480739594, -0.00039020480471663177, 0.0007664347067475319, -0.0012275640619918704, 0.007484174333512783, -0.0027160688769072294, 0.0012174223084002733, -0.0017346137901768088, 0.00021462194854393601], [-0.000629583781119436, 0.0017313015414401889, -0.0016816607676446438, 0.001782862120307982, -0.0005354895256459713, -0.0007248755428008735, -0.0005871247849427164, 0.000507236341945827, -0.0027160688769072294, 0.011824939399957657, -0.002858666004613042, 0.0007972741150297225, -0.001067215926013887], [-0.0003987023083027452, -0.00019341125153005123, -1.6807507563498802e-05, 0.0013140595983713865, -6.79235890856944e-05, 0.00167414965108037, -0.0021530715748667717, -0.00024158618180081248, 0.0012174223084002733, -0.002858666004613042, 0.006840490736067295, -0.0009541212930344045, -0.0005089031183160841], [0.00034751472412608564, 0.001226210268214345, -0.0006423876620829105, -0.0015612938441336155, 0.0009945000056177378, -0.0005804015090689063, 0.001689709722995758, 0.0017384252278134227, -0.0017346137901768088, 0.0007972741150297225, -0.0009541212930344045, 0.010264302603900433, -0.0029289918020367622], [-3.849778295261785e-06, -0.00039423376438207924, 0.0007608025916852057, 9.670054714661092e-05, -0.000926465610973537, 0.0020288622472435236, -0.00045878326636739075, -0.0017279037274420261, 0.00021462194854393601, -0.001067215926013887, -0.0005089031183160841, -0.0029289918020367622, 0.012100481428205967]], "lowlevel.mfcc.cov": [[3922.90087890625, -1025.416259765625, -221.6403350830078, -414.76715087890625, -169.91519165039062, -349.15521240234375, 183.06924438476562, -62.08078384399414, -138.205810546875, 272.0976867675781, 36.02528381347656, 22.61553192138672, 174.2053680419922], [-1025.416259765625, 1544.5943603515625, -242.99154663085938, 134.12010192871094, 123.14044952392578, 37.36687088012695, 195.04348754882812, 20.65806770324707, 54.39952087402344, 193.28221130371094, 4.213145732879639, 6.96273136138916, -15.811190605163574], [-221.6403350830078, -242.99154663085938, 756.4862670898438, 177.81411743164062, 115.95539093017578, 175.6711883544922, -73.50846862792969, 54.35260009765625, 54.78970718383789, -93.74188995361328, 79.72855377197266, 71.7345199584961, -16.90909194946289], [-414.76715087890625, 134.12010192871094, 177.81411743164062, 659.9002075195312, 262.61724853515625, 100.31893920898438, -99.60227966308594, 126.1331787109375, 192.21719360351562, -61.49100112915039, 0.5791337490081787, 41.942569732666016, -4.374484062194824], [-169.91519165039062, 123.14044952392578, 115.95539093017578, 262.61724853515625, 383.1882019042969, 63.649173736572266, 16.881845474243164, 86.29704284667969, 133.60150146484375, 31.075315475463867, 14.836037635803223, 30.937686920166016, 4.534285545349121], [-349.15521240234375, 37.36687088012695, 175.6711883544922, 100.31893920898438, 63.649173736572266, 449.23638916015625, -30.57318878173828, 93.21869659423828, 112.2824935913086, -53.41300582885742, 83.5567398071289, -26.239646911621094, -10.114558219909668], [183.06924438476562, 195.04348754882812, -73.50846862792969, -99.60227966308594, 16.881845474243164, -30.57318878173828, 435.7748718261719, 23.33783531188965, -58.95144271850586, 215.60829162597656, 17.804040908813477, -13.324206352233887, 18.88698387145996], [-62.08078384399414, 20.65806770324707, 54.35260009765625, 126.1331787109375, 86.29704284667969, 93.21869659423828, 23.33783531188965, 179.29022216796875, 93.19149780273438, 2.5708091259002686, 25.602991104125977, -1.2867097854614258, 0.830790102481842], [-138.205810546875, 54.39952087402344, 54.78970718383789, 192.21719360351562, 133.60150146484375, 112.2824935913086, -58.95144271850586, 93.19149780273438, 240.6378631591797, 16.243337631225586, 18.52601432800293, -5.337480068206787, -1.370415210723877], [272.0976867675781, 193.28221130371094, -93.74188995361328, -61.49100112915039, 31.075315475463867, -53.41300582885742, 215.60829162597656, 2.5708091259002686, 16.243337631225586, 272.41351318359375, 36.44590377807617, -10.788331985473633, 30.611347198486328], [36.02528381347656, 4.213145732879639, 79.72855377197266, 0.5791337490081787, 14.836037635803223, 83.5567398071289, 17.804040908813477, 25.602991104125977, 18.52601432800293, 36.44590377807617, 128.48878479003906, 14.224578857421875, -7.452694892883301], [22.61553192138672, 6.96273136138916, 71.7345199584961, 41.942569732666016, 30.937686920166016, -26.239646911621094, -13.324206352233887, -1.2867097854614258, -5.337480068206787, -10.788331985473633, 14.224578857421875, 104.27163696289062, 38.42726516723633], [174.2053680419922, -15.811190605163574, -16.90909194946289, -4.374484062194824, 4.534285545349121, -10.114558219909668, 18.88698387145996, 0.830790102481842, -1.370415210723877, 30.611347198486328, -7.452694892883301, 38.42726516723633, 116.65592956542969]], "lowlevel.mfcc.icov": [[0.0004441287601366639, 0.0003630989813245833, 0.00013231569027993828, 9.012827649712563e-05, 5.93714776186971e-06, 0.00021291390294209123, 8.181634257198311e-06, -9.504715853836387e-05, 5.5604563385713845e-05, -0.0005284725339151919, -0.00021653823205269873, -6.0566460888367146e-05, -0.00042842974653467536], [0.0003630989813245833, 0.0011336542665958405, 0.0004702208680100739, -0.00018492962408345193, -0.00012197672913316637, -0.000144455669214949, -0.0001532334863441065, 8.569565397920087e-05, 0.00011072189954575151, -0.000988280400633812, 1.8117625586455688e-05, -0.0005727108800783753, 0.00013950969150755554], [0.00013231569027993828, 0.0004702208680100739, 0.0019812220707535744, -0.0003000242286361754, -0.00033828456071205437, -0.0005839393706992269, -0.000109218577563297, 8.013415208552033e-05, 0.00017993315123021603, 0.00013201740512158722, -0.0007382655749097466, -0.0014270978281274438, 0.0005120994173921645], [9.012827649712563e-05, -0.00018492962408345193, -0.0003000242286361754, 0.0027403398416936398, -0.0011536949314177036, 0.0001979611988645047, 0.00028113872394897044, -0.0008261727052740753, -0.0011647745268419385, 0.0005152665544301271, 0.00036359240766614676, -0.0005304776132106781, -2.8931639462825842e-05], [5.93714776186971e-06, -0.00012197672913316637, -0.00033828456071205437, -0.0011536949314177036, 0.004174567759037018, 4.1542298276908696e-05, -0.0003785055596381426, -0.0004480671195778996, -0.0012313288170844316, -0.00047263922169804573, 0.00025932161952368915, -0.000790006248280406, 0.00017447811842430383], [0.00021291390294209123, -0.000144455669214949, -0.0005839393706992269, 0.0001979611988645047, 4.1542298276908696e-05, 0.0037620922084897757, -0.00047482395893894136, -0.0007329426589421928, -0.0013542368542402983, 0.0014769049594178796, -0.0024522393941879272, 0.002023271517828107, -0.00123467983212322], [8.181634257198311e-06, -0.0001532334863441065, -0.000109218577563297, 0.00028113872394897044, -0.0003785055596381426, -0.00047482395893894136, 0.004618674982339144, -0.0015239327913150191, 0.002187324920669198, -0.003842185018584132, 0.0008730301051400602, 2.7207204766455106e-05, 0.00027906629838980734], [-9.504715853836387e-05, 8.569565397920087e-05, 8.013415208552033e-05, -0.0008261727052740753, -0.0004480671195778996, -0.0007329426589421928, -0.0015239327913150191, 0.00827131699770689, -0.0024180461186915636, 0.0012324240524321795, -0.0009897274430841208, 0.00038465161924250424, -0.00026586305466480553], [5.5604563385713845e-05, 0.00011072189954575151, 0.00017993315123021603, -0.0011647745268419385, -0.0012313288170844316, -0.0013542368542402983, 0.002187324920669198, -0.0024180461186915636, 0.007988031953573227, -0.002727125771343708, 0.0006437520496547222, 0.0005762549117207527, 0.00016866318765096366], [-0.0005284725339151919, -0.000988280400633812, 0.00013201740512158722, 0.0005152665544301271, -0.00047263922169804573, 0.0014769049594178796, -0.003842185018584132, 0.0012324240524321795, -0.002727125771343708, 0.009283938445150852, -0.0030702317599207163, 0.0018264473183080554, -0.0018125964561477304], [-0.00021653823205269873, 1.8117625586455688e-05, -0.0007382655749097466, 0.00036359240766614676, 0.00025932161952368915, -0.0024522393941879272, 0.0008730301051400602, -0.0009897274430841208, 0.0006437520496547222, -0.0030702317599207163, 0.011171011254191399, -0.0028599188663065434, 0.002344407606869936], [-6.0566460888367146e-05, -0.0005727108800783753, -0.0014270978281274438, -0.0005304776132106781, -0.000790006248280406, 0.002023271517828107, 2.7207204766455106e-05, 0.00038465161924250424, 0.0005762549117207527, 0.0018264473183080554, -0.0028599188663065434, 0.014163651503622532, -0.005335754249244928], [-0.00042842974653467536, 0.00013950969150755554, 0.0005120994173921645, -2.8931639462825842e-05, 0.00017447811842430383, -0.00123467983212322, 0.00027906629838980734, -0.00026586305466480553, 0.00016866318765096366, -0.0018125964561477304, 0.002344407606869936, -0.005335754249244928, 0.011531961150467396]], "metadata.audio_properties.analysis.downmix": "mix", "metadata.audio_properties.codec": "mp3", "metadata.audio_properties.md5_encoded": "39b94ccad35df41f2ffa8f9cda129a12", "metadata.tags.file_name": "1182265359731019787.mp3", "metadata.version.essentia": "2.1-beta6-dev", "metadata.version.essentia_git_sha": "v2.1_beta5-1110-g77a6a954", "metadata.version.extractor": "music 2.0", "tonal.chords_key": "Bb", "tonal.chords_scale": "major", "tonal.key_edma.key": "Bb", "tonal.key_edma.scale": "major", "tonal.key_krumhansl.key": "Bb", "t