{"song_id": "1182271551500988466", "download": "https://cdn.discordapp.com/attachments/1128313332273782784/1182271551500988466/chirp.mp4?ex=6584172f&amp", "lyrics": "[Verse 1]\nIvan ist der Mann, der reich ist, was f\u00fcr ein Gl\u00fcck\nMit seiner Couch f\u00fcr 10 tausend Euro, das ist f\u00fcr ihn ein St\u00fcck\nEin Haus mit Pool, ein Mercedes E-Klasse V8\nEr lebt ein Leben in Luxus, er hat auf sich acht\n\n[Chorus]\nIvan, der reiche Mann, er hat alles, was er will\nMit seiner Couch, seinem Haus und dem teuren Autospiel\nEr sagt oft \"bljad\" und trinkt Jacky-Dosen ohne Ende\nIvan, der reiche Mann, lebt das Leben in Vollst\u00e4nde", "style": ["rock</span><span>, female vocal</span><span>, piano"], "essentia_features": {"lowlevel.average_loudness": 0.7579552531242371, "lowlevel.barkbands_crest.mean": 10.494791030883789, "lowlevel.barkbands_crest.stdev": 4.679034233093262, "lowlevel.barkbands_flatness_db.mean": 0.21309508383274078, "lowlevel.barkbands_flatness_db.stdev": 0.06554266810417175, "lowlevel.barkbands_kurtosis.mean": 5.7292985916137695, "lowlevel.barkbands_kurtosis.stdev": 21.506757736206055, "lowlevel.barkbands_skewness.mean": 1.345226764678955, "lowlevel.barkbands_skewness.stdev": 1.7096881866455078, "lowlevel.barkbands_spread.mean": 18.002553939819336, "lowlevel.barkbands_spread.stdev": 12.901077270507812, "lowlevel.dissonance.mean": 0.453177273273468, "lowlevel.dissonance.stdev": 0.046221666038036346, "lowlevel.dynamic_complexity": 3.4808905124664307, "lowlevel.erbbands_crest.mean": 10.164177894592285, "lowlevel.erbbands_crest.stdev": 4.631558895111084, "lowlevel.erbbands_flatness_db.mean": 0.25890377163887024, "lowlevel.erbbands_flatness_db.stdev": 0.05688245967030525, "lowlevel.erbbands_kurtosis.mean": 1.4387073516845703, "lowlevel.erbbands_kurtosis.stdev": 3.3957748413085938, "lowlevel.erbbands_skewness.mean": 0.5301817059516907, "lowlevel.erbbands_skewness.stdev": 1.069063425064087, "lowlevel.erbbands_spread.mean": 30.153114318847656, "lowlevel.erbbands_spread.stdev": 17.601947784423828, "lowlevel.hfc.mean": 16.129167556762695, "lowlevel.hfc.stdev": 19.47199058532715, "lowlevel.loudness_ebu128.integrated": -20.60348892211914, "lowlevel.loudness_ebu128.loudness_range": 8.030021667480469, "lowlevel.loudness_ebu128.momentary.mean": -22.17753791809082, "lowlevel.loudness_ebu128.momentary.stdev": 3.9951717853546143, "lowlevel.loudness_ebu128.short_term.mean": -21.60590171813965, "lowlevel.loudness_ebu128.short_term.stdev": 2.9186933040618896, "lowlevel.melbands_crest.mean": 14.39583683013916, "lowlevel.melbands_crest.stdev": 6.317583084106445, "lowlevel.melbands_flatness_db.mean": 0.22019612789154053, "lowlevel.melbands_flatness_db.stdev": 0.09010162204504013, "lowlevel.melbands_kurtosis.mean": 12.270148277282715, "lowlevel.melbands_kurtosis.stdev": 30.35395050048828, "lowlevel.melbands_skewness.mean": 2.2287216186523438, "lowlevel.melbands_skewness.stdev": 1.8060725927352905, "lowlevel.melbands_spread.mean": 28.925827026367188, "lowlevel.melbands_spread.stdev": 28.764856338500977, "lowlevel.pitch_salience.mean": 0.5757986903190613, "lowlevel.pitch_salience.stdev": 0.14740321040153503, "lowlevel.silence_rate_20dB.mean": 0.9929618835449219, "lowlevel.silence_rate_20dB.stdev": 0.08359798043966293, "lowlevel.silence_rate_30dB.mean": 0.9677419066429138, "lowlevel.silence_rate_30dB.stdev": 0.17668558657169342, "lowlevel.silence_rate_60dB.mean": 0.20645160973072052, "lowlevel.silence_rate_60dB.stdev": 0.404757559299469, "lowlevel.spectral_centroid.mean": 1631.197998046875, "lowlevel.spectral_centroid.stdev": 996.0603637695312, "lowlevel.spectral_complexity.mean": 14.54897403717041, "lowlevel.spectral_complexity.stdev": 10.14973258972168, "lowlevel.spectral_decrease.mean": -5.4643813918175965e-09, "lowlevel.spectral_decrease.stdev": 1.462641030514078e-08, "lowlevel.spectral_energy.mean": 0.02208681032061577, "lowlevel.spectral_energy.stdev": 0.05599081516265869, "lowlevel.spectral_energyband_high.mean": 0.0009985831566154957, "lowlevel.spectral_energyband_high.stdev": 0.0021439343690872192, "lowlevel.spectral_energyband_low.mean": 0.00963039044290781, "lowlevel.spectral_energyband_low.stdev": 0.05186567083001137, "lowlevel.spectral_energyband_middle_high.mean": 0.004042525310069323, "lowlevel.spectral_energyband_middle_high.stdev": 0.006070488132536411, "lowlevel.spectral_energyband_middle_low.mean": 0.00781034491956234, "lowlevel.spectral_energyband_middle_low.stdev": 0.012360058724880219, "lowlevel.spectral_entropy.mean": 7.399214267730713, "lowlevel.spectral_entropy.stdev": 0.5509769320487976, "lowlevel.spectral_flux.mean": 0.07937666028738022, "lowlevel.spectral_flux.stdev": 0.0893341451883316, "lowlevel.spectral_kurtosis.mean": 4.3087639808654785, "lowlevel.spectral_kurtosis.stdev": 5.223962306976318, "lowlevel.spectral_rms.mean": 0.0035708907525986433, "lowlevel.spectral_rms.stdev": 0.0029659480787813663, "lowlevel.spectral_rolloff.mean": 2193.996826171875, "lowlevel.spectral_rolloff.stdev": 1932.03857421875, "lowlevel.spectral_skewness.mean": 1.232964277267456, "lowlevel.spectral_skewness.stdev": 0.8185919523239136, "lowlevel.spectral_spread.mean": 3304491.25, "lowlevel.spectral_spread.stdev": 883719.6875, "lowlevel.spectral_strongpeak.mean": 1.0447484254837036, "lowlevel.spectral_strongpeak.stdev": 1.0781574249267578, "lowlevel.zerocrossingrate.mean": 0.07299475371837616, "lowlevel.zerocrossingrate.stdev": 0.05242958664894104, "metadata.audio_properties.analysis.equal_loudness": 0.0, "metadata.audio_properties.analysis.length": 39.55199432373047, "metadata.audio_properties.analysis.sample_rate": 44100.0, "metadata.audio_properties.analysis.start_time": 0.0, "metadata.audio_properties.bit_rate": 126030.0, "metadata.audio_properties.length": 39.551998138427734, "metadata.audio_properties.lossless": 0.0, "metadata.audio_properties.number_channels": 1.0, "metadata.audio_properties.replay_gain": -7.595306396484375, "metadata.audio_properties.sample_rate": 48000.0, "rhythm.beats_count": 103.0, "rhythm.beats_loudness.mean": 0.03249909728765488, "rhythm.beats_loudness.stdev": 0.04862453415989876, "rhythm.bpm": 161.58876037597656, "rhythm.bpm_histogram_first_peak_bpm": 161.0, "rhythm.bpm_histogram_first_peak_weight": 0.3048780560493469, "rhythm.bpm_histogram_second_peak_bpm": 152.0, "rhythm.bpm_histogram_second_peak_spread": 0.15384620428085327, "rhythm.bpm_histogram_second_peak_weight": 0.10784313827753067, "rhythm.danceability": 1.2520965337753296, "rhythm.onset_rate": 4.6756367683410645, "tonal.chords_changes_rate": 0.09964829683303833, "tonal.chords_number_rate": 0.010550996288657188, "tonal.chords_strength.mean": 0.479574590921402, "tonal.chords_strength.stdev": 0.07999579608440399, "tonal.hpcp_crest.mean": 14.076416969299316, "tonal.hpcp_crest.stdev": 7.001739501953125, "tonal.hpcp_entropy.mean": 1.9554252624511719, "tonal.hpcp_entropy.stdev": 0.86802738904953, "tonal.key_edma.strength": 0.6542848944664001, "tonal.key_krumhansl.strength": 0.6602033972740173, "tonal.key_temperley.strength": 0.6670567393302917, "tonal.tuning_diatonic_strength": 0.587624728679657, "tonal.tuning_equal_tempered_deviation": 0.3770788013935089, "tonal.tuning_frequency": 445.8845520019531, "tonal.tuning_nontempered_energy_ratio": 0.9625159502029419, "lowlevel.barkbands.mean": [8.937321399571374e-05, 0.006857622414827347, 0.00241183303296566, 0.0005319602787494659, 0.001212367438711226, 0.0016339620342478156, 0.0014625347685068846, 0.0022145910188555717, 0.0005841280217282474, 0.0005858567892573774, 0.0004936187178827822, 0.0007885484956204891, 0.00047743128379806876, 0.0004502818628679961, 0.0002783922536764294, 0.0003464671317487955, 0.00025799291324801743, 0.00011513693607412279, 0.00015326392895076424, 0.00034252178738825023, 0.0004036592144984752, 0.00011065471335314214, 0.0001484589301981032, 0.00013532800949178636, 4.4134597487754945e-07, 3.4732531162262603e-07, 1.3946015897658981e-08], "lowlevel.barkbands.stdev": [0.0005014100461266935, 0.03944709524512291, 0.015096426010131836, 0.0033829028252512217, 0.0037253762129694223, 0.0027254074811935425, 0.0030883499421179295, 0.006016668397933245, 0.0025518254842609167, 0.001841144636273384, 0.002135510090738535, 0.002375419484451413, 0.0013095414033159614, 0.00158872886095196, 0.0007019465556368232, 0.0007673901855014265, 0.0005234303534962237, 0.0002444808778818697, 0.0003250831796322018, 0.0007325205369852483, 0.0009133817511610687, 0.0003482924948912114, 0.0004445835074875504, 0.0003418232954572886, 1.7115232822106918e-06, 1.470182837692846e-06, 7.292803161362826e-08], "lowlevel.erbbands.mean": [0.15231314301490784, 1.675356149673462, 3.347095012664795, 1.957808256149292, 2.144279718399048, 3.676797389984131, 8.192961692810059, 14.455933570861816, 23.90619468688965, 39.820037841796875, 31.841026306152344, 15.886387825012207, 16.566967010498047, 16.368009567260742, 25.701303482055664, 29.89987564086914, 21.650962829589844, 25.214447021484375, 18.51662254333496, 14.991621971130371, 20.22195053100586, 13.792583465576172, 6.304937362670898, 8.018998146057129, 8.927703857421875, 16.274459838867188, 16.612539291381836, 14.336392402648926, 5.163897514343262, 1.8164244890213013, 4.55718469619751, 5.872895240783691, 0.4725598394870758, 0.021346747875213623, 0.0029624225571751595, 0.001448588795028627, 0.0007453445577993989, 0.00011895709758391604, 1.6683108697179705e-05, 2.7106656489195302e-05], "lowlevel.erbbands.stdev": [0.8353979587554932, 10.01136302947998, 20.514934539794922, 12.166383743286133, 11.47630500793457, 11.962864875793457, 31.401723861694336, 20.553979873657227, 41.37662887573242, 99.1023941040039, 91.12867736816406, 67.41668701171875, 41.32559585571289, 72.8869857788086, 89.9625244140625, 83.03340148925781, 55.61298751831055, 83.15657043457031, 47.037593841552734, 40.61106491088867, 40.14558029174805, 26.796297073364258, 12.575382232666016, 15.861014366149902, 19.349185943603516, 35.08723831176758, 37.59487533569336, 35.484413146972656, 15.536026000976562, 4.9974446296691895, 13.5916748046875, 15.099004745483398, 1.2931698560714722, 0.05969197675585747, 0.009389052167534828, 0.005357131361961365, 0.0034146951511502266, 0.0006198358023539186, 3.1812029192224145e-05, 6.144193321233615e-05], "lowlevel.gfcc.mean": [-101.04133605957031, 92.86613464355469, -193.4083251953125, 16.408058166503906, -104.1740951538086, -10.794367790222168, -37.41121292114258, -24.572969436645508, -4.539648532867432, -12.903045654296875, 6.526068687438965, -10.45943546295166, 3.6474063396453857], "lowlevel.melbands.mean": [0.001675678649917245, 0.001882144482806325, 0.0003588128893170506, 0.00018870356143452227, 0.00027382432017475367, 0.00034703072742559016, 0.0003442237211856991, 0.0004843484493903816, 0.00022252823691815138, 8.692260598763824e-05, 8.226763020502403e-05, 6.671893788734451e-05, 7.50861581764184e-05, 9.206528193317354e-05, 5.604239777312614e-05, 5.007284926250577e-05, 4.613218698068522e-05, 3.145302616758272e-05, 1.927825724123977e-05, 2.052798299700953e-05, 2.50615175900748e-05, 1.6709451301721856e-05, 5.87018212172552e-06, 5.484899702423718e-06, 6.7268019847688265e-06, 5.029070962336846e-06, 9.002312253869604e-06, 1.1132792678836267e-05, 1.0530402505537495e-05, 9.391868843522388e-06, 8.009134035091847e-06, 3.231410119042266e-06, 1.0873837936742348e-06, 9.152831239589432e-07, 1.8595640085550258e-06, 4.945487944496563e-06, 2.881480440919404e-06, 2.2284054068677506e-07, 1.4411863702434857e-08, 4.855439161843833e-09], "lowlevel.melbands.stdev": [0.009433835744857788, 0.011083012446761131, 0.002084802370518446, 0.0006875412655062973, 0.0009750394383445382, 0.0004955138429068029, 0.0005958529654890299, 0.0012315601343289018, 0.000658036267850548, 0.00038105377461761236, 0.00021701098012272269, 0.0003003242891281843, 0.0002779061906039715, 0.0002868286392185837, 0.00015832028293516487, 0.0001440471241949126, 0.00016922608483582735, 8.883910049917176e-05, 5.0691138312686235e-05, 5.163055539014749e-05, 5.1379407523199916e-05, 3.5111654142383486e-05, 1.1936735972994938e-05, 1.1700946743076202e-05, 1.3592917639471125e-05, 1.1428767720644828e-05, 2.0052300897077657e-05, 2.540548302931711e-05, 2.6122510462300852e-05, 2.0971476260456257e-05, 2.1323736291378736e-05, 1.0571989150776062e-05, 3.338760961923981e-06, 2.6287079890607856e-06, 6.0246575230848975e-06, 1.39588719321182e-05, 7.437630301865283e-06, 7.675484994251747e-07, 7.204749152833756e-08, 2.2242005570660695e-08], "lowlevel.melbands128.mean": [8.443122351309285e-05, 0.000922332052141428, 0.002456831978634, 0.0029184778686612844, 0.00214810436591506, 0.0009579113684594631, 0.0003625995304901153, 0.00025991330039687455, 0.0002218067820649594, 0.00012907589552924037, 0.0001814147108234465, 0.000360181147698313, 0.00033753010211512446, 0.00011835899931611493, 0.00018363888375461102, 0.0006121682235971093, 0.0005667526856996119, 0.0002059044491034001, 0.00017171514627989382, 0.00048184499610215425, 0.0006983180646784604, 0.0003698835498653352, 0.00011978901602560654, 0.00011267488298472017, 0.00013033079449087381, 5.469453753903508e-05, 3.777161327889189e-05, 9.986368240788579e-05, 0.00011426446144469082, 5.712882193620317e-05, 5.814322139485739e-05, 6.293371552601457e-05, 6.239967478904873e-05, 9.854786185314879e-05, 9.830421186052263e-05, 8.896641520550475e-05, 8.439321391051635e-05, 5.677426452166401e-05, 3.6567242204910144e-05, 4.109890141990036e-05, 6.178648618515581e-05, 5.012443943996914e-05, 4.999367956770584e-05, 4.0814473322825506e-05, 3.496106364764273e-05, 3.387351171113551e-05, 2.2268095563049428e-05, 1.7095577277359553e-05, 1.8113883925252594e-05, 2.203515759902075e-05, 1.986239294637926e-05, 1.9604478438850492e-05, 2.595817750261631e-05, 2.7185442377231084e-05, 2.415847484371625e-05, 1.7641126760281622e-05, 8.547201105102431e-06, 5.942972165939864e-06, 5.077915375295561e-06, 4.972576334694168e-06, 5.460710781335365e-06, 5.842391146870796e-06, 6.679662419628585e-06, 8.270402759080753e-06, 4.483025350054959e-06, 4.178582912572892e-06, 5.582303401752142e-06, 6.829236554040108e-06, 9.8258133220952e-06, 1.219344721903326e-05, 1.1511238881212194e-05, 9.68337099038763e-06, 1.1812639968411531e-05, 1.0242821190331597e-05, 1.0034129445557483e-05, 9.899906217469834e-06, 8.441387763014063e-06, 9.167312782665249e-06, 9.776577826414723e-06, 4.534455456450814e-06, 3.953043687943136e-06, 2.6211562271782896e-06, 1.408509547218273e-06, 9.607290394342272e-07, 7.463753490810632e-07, 7.760334028716898e-07, 8.225303531617101e-07, 1.4798260963289067e-06, 1.3773533282801509e-06, 2.4164557999029057e-06, 4.445263584784698e-06, 6.111180937296012e-06, 5.060410330770537e-06, 3.620953293648199e-06, 8.322264193338924e-07, 3.4493683642722317e-07, 1.0355158508446038e-07, 2.9859542394206073e-08, 1.0231610225730492e-08, 9.02754315745824e-09, 6.3798064608988625e-09, 4.134037112635269e-09, 2.778665297853422e-09, 2.0550716683942483e-09, 2.0255035426686163e-09, 1.8666188594806954e-09, 2.1283286244511146e-09, 1.5650730711413985e-09, 2.208901284106446e-09, 2.7999300655778825e-09, 2.6466697722327126e-09, 2.3518262892707753e-09, 2.656928010935644e-09, 1.9292141217874814e-09, 1.6853051176823897e-09, 1.311948771842708e-09, 5.556073379153759e-10, 6.58458565450104e-11, 4.9763266424251995e-12, 4.571482949133898e-12, 4.270817206830646e-12, 3.540394756876286e-12, 3.296097336041859e-12, 3.2306269204945837e-12, 3.1064517277967774e-12, 2.926063905062115e-12, 2.8253356685464803e-12, 2.7988778829313166e-12], "lowlevel.melbands128.stdev": [0.0004795049608219415, 0.005056649446487427, 0.01472742110490799, 0.018182631582021713, 0.013389380648732185, 0.006021284032613039, 0.0024674045853316784, 0.001598000293597579, 0.0013011239934712648, 0.000601134030148387, 0.0007014849106781185, 0.0012382370186969638, 0.0015099364100024104, 0.0005157136474736035, 0.0003013250243384391, 0.0010007137898355722, 0.0010379791492596269, 0.0006334710051305592, 0.0006698741926811635, 0.0014073171187192202, 0.0021100847516208887, 0.0013656129594892263, 0.0004910626448690891, 0.0006926967180334032, 0.0007211554329842329, 0.00023824721574783325, 8.05703821242787e-05, 0.0002699383767321706, 0.00043527965317480266, 0.0003243332030251622, 0.00034685389255173504, 0.0004717255651485175, 0.00023265722848009318, 0.00048592782695777714, 0.00042593860416673124, 0.0003361915296409279, 0.0002923067077063024, 0.00021330332674551755, 0.00013166175631340593, 0.0001635832741158083, 0.00022250806796364486, 0.00016072695143520832, 0.00026295395218767226, 0.0001903799275169149, 0.00014779889897909015, 0.00010480186756467447, 6.745597784174606e-05, 4.5992579543963075e-05, 6.266549462452531e-05, 0.00010218314855592325, 4.6091950935078785e-05, 4.8966019676299766e-05, 6.318667146842927e-05, 6.740471872035414e-05, 6.198805931489915e-05, 4.6145618398441e-05, 1.9324983441038057e-05, 1.242033249582164e-05, 1.367542427033186e-05, 1.2966275789949577e-05, 1.2694587894657161e-05, 1.51428530443809e-05, 1.5312461982830428e-05, 1.943870483955834e-05, 9.962721378542483e-06, 1.0701313840399962e-05, 1.5526034985668957e-05, 1.7922260667546652e-05, 2.4326924176421016e-05, 2.96496509690769e-05, 3.069569356739521e-05, 2.4997467335197143e-05, 3.5651995858643204e-05, 2.879547537304461e-05, 2.4969855076051317e-05, 2.1419566110125743e-05, 2.196922287112102e-05, 2.6708845325629227e-05, 2.713517278607469e-05, 1.5506713680224493e-05, 1.3903271792514715e-05, 9.172375939670019e-06, 4.7686380639788695e-06, 3.2223267680819845e-06, 2.3260217858478427e-06, 2.2072977117204573e-06, 2.598173523438163e-06, 5.632522061205236e-06, 4.899068244412774e-06, 8.827015335555188e-06, 1.449707542633405e-05, 1.81191699084593e-05, 1.2829142178816255e-05, 1.0227106940874364e-05, 2.727515266087721e-06, 1.3044136721873656e-06, 4.713659507160628e-07, 1.8329083673052082e-07, 6.983707834251618e-08, 3.913219259743528e-08, 2.9670397694303574e-08, 2.8215461966851763e-08, 1.3010053478978989e-08, 9.967019209966566e-09, 1.1777409270052885e-08, 8.971617226904982e-09, 1.0668021133142247e-08, 6.4609131378290385e-09, 1.2195083165522647e-08, 1.4913968726659732e-08, 1.2935951865244988e-08, 1.3378732788282832e-08, 1.4722147057000257e-08, 1.116316994398403e-08, 1.0717510434687938e-08, 8.162791331756125e-09, 3.1176810022515156e-09, 7.978830374177903e-10, 3.2938880789590286e-11, 2.8022584253051264e-11, 2.41027215547307e-11, 9.904432309026934e-12, 8.105384419199169e-12, 7.964746050193039e-12, 7.847824820550464e-12, 7.754115925739935e-12, 7.685793841638588e-12, 7.643788380029548e-12], "lowlevel.mfcc.mean": [-716.971923828125, 114.32462310791016, -48.67280578613281, 9.159558296203613, -48.474830627441406, 2.2730162143707275, -35.031028747558594, -7.146852016448975, -25.614246368408203, 7.460527420043945, -34.30330276489258, 22.690269470214844, -10.564018249511719], "lowlevel.spectral_contrast_coeffs.mean": [-0.6500826478004456, -0.7179827094078064, -0.7848430871963501, -0.8152514696121216, -0.8068288564682007, -0.5912363529205322], "lowlevel.spectral_contrast_coeffs.stdev": [0.11188030242919922, 0.08950582891702652, 0.05778050050139427, 0.048454031348228455, 0.04644005000591278, 0.07955580949783325], "lowlevel.spectral_contrast_valleys.mean": [-9.108866691589355, -7.037724494934082, -7.404004096984863, -7.7577409744262695, -7.878416538238525, -12.817221641540527], "lowlevel.spectral_contrast_valleys.stdev": [1.506399393081665, 0.8422287106513977, 0.7686103582382202, 0.9168068766593933, 1.1086552143096924, 1.2385519742965698], "rhythm.beats_loudness_band_ratio.mean": [0.14016906917095184, 0.2304425835609436, 0.29029780626296997, 0.18201464414596558, 0.11653885990381241, 0.11616846919059753], "rhythm.beats_loudness_band_ratio.stdev": [0.2786710858345032, 0.21614493429660797, 0.21368564665317535, 0.1630895584821701, 0.11674389988183975, 0.15241719782352448], "tonal.hpcp.mean": [0.09985029697418213, 0.10566072165966034, 0.0900162011384964, 0.079498790204525, 0.09188240021467209, 0.10187409818172455, 0.118653804063797, 0.21806658804416656, 0.2279372215270996, 0.19735628366470337, 0.23778724670410156, 0.19637109339237213, 0.16000065207481384, 0.16327780485153198, 0.13289833068847656, 0.12611430883407593, 0.1396017074584961, 0.11248017847537994, 0.07984897494316101, 0.06400886923074722, 0.06591373682022095, 0.08008165657520294, 0.08451294153928757, 0.08071264624595642, 0.12707741558551788, 0.16370442509651184, 0.12344779074192047, 0.18358953297138214, 0.36150333285331726, 0.3226380944252014, 0.2374095916748047, 0.28941622376441956, 0.20667602121829987, 0.11372614651918411, 0.11691129207611084, 0.10335151851177216], "tonal.hpcp.stdev": [0.19472171366214752, 0.20441383123397827, 0.17446108162403107, 0.16020850837230682, 0.1763763725757599, 0.19523535668849945, 0.1959228515625, 0.2771560847759247, 0.27843230962753296, 0.2624432146549225, 0.3136957585811615, 0.2565982937812805, 0.23131217062473297, 0.24082238972187042, 0.21320560574531555, 0.2070915699005127, 0.2238381803035736, 0.19377940893173218, 0.15825098752975464, 0.13335652649402618, 0.1446487009525299, 0.1658615916967392, 0.1689082235097885, 0.17078763246536255, 0.22274401783943176, 0.2853405177593231, 0.21866877377033234, 0.25294601917266846, 0.38904643058776855, 0.34757617115974426, 0.2907903492450714, 0.3430815637111664, 0.25518879294395447, 0.1946152001619339, 0.21598023176193237, 0.20377476513385773], "rhythm.beats_position": [0.41795918345451355, 0.847528338432312, 1.277097463607788, 1.695056676864624, 2.1246259212493896, 2.5425848960876465, 2.9605441093444824, 3.355283498764038, 3.7500226497650146, 4.14476203918457, 4.539501190185547, 4.934240341186523, 5.3289794921875, 5.735328674316406, 6.130067825317383, 6.524806976318359, 6.931156158447266, 7.3258957862854, 7.709024906158447, 8.092154502868652, 8.4752836227417, 8.858412742614746, 9.241541862487793, 9.61306095123291, 9.984580039978027, 10.356099128723145, 10.727619171142578, 11.099138259887695, 11.470657348632812, 11.84217643737793, 12.225305557250977, 12.608434677124023, 12.979954719543457, 13.351473808288574, 13.722992897033691, 14.094511985778809, 14.466031074523926, 14.860771179199219, 15.232290267944336, 15.603809356689453, 15.97532844543457, 16.346847534179688, 16.718366622924805, 17.10149574279785, 17.4846248626709, 17.856143951416016, 18.227664947509766, 18.599184036254883, 18.970703125, 19.342222213745117, 19.713741302490234, 20.09687042236328, 20.479999542236328, 20.851518630981445, 21.223037719726562, 21.59455680847168, 21.966075897216797, 22.337596893310547, 22.709115982055664, 23.09224510192871, 23.475374221801758, 23.846893310546875, 24.218412399291992, 24.58993148803711, 24.961450576782227, 25.332969665527344, 25.70448875427246, 26.087617874145508, 26.470746994018555, 26.842267990112305, 27.22539710998535, 27.59691619873047, 27.956825256347656, 28.328344345092773, 28.69986343383789, 29.082992553710938, 29.466121673583984, 29.8376407623291, 30.20915985107422, 30.580678939819336, 30.952198028564453, 31.323719024658203, 31.70684814453125, 32.0899772644043, 32.46149444580078, 32.84462356567383, 33.21614456176758, 33.599273681640625, 33.970794677734375, 34.34231185913086, 34.71383285522461, 35.085350036621094, 35.456871032714844, 35.82838821411133, 36.19990921020508, 36.583038330078125, 36.95455551147461, 37.32607650756836, 37.69759750366211, 38.069114685058594, 38.45224380493164, 38.84698486328125, 39.2301139831543], "rhythm.bpm_histogram": [0.0, 0.0, 0.0, 0.0, 0.0, 0.0, 0.0, 0.0, 0.0, 0.0, 0.0, 0.0, 0.0, 0.0, 0.0, 0.0, 0.0, 0.0, 0.0, 0.0, 0.0, 0.0, 0.0, 0.0, 0.0, 0.0, 0.0, 0.0, 0.0, 0.0, 0.0, 0.0, 0.0, 0.0, 0.0, 0.0, 0.0, 0.0, 0.0, 0.0, 0.0, 0.0, 0.0, 0.0, 0.0, 0.0, 0.0, 0.0, 0.0, 0.0, 0.0, 0.0, 0.0, 0.0, 0.0, 0.0, 0.0, 0.0, 0.0, 0.0, 0.0, 0.0, 0.0, 0.0, 0.0, 0.0, 0.0, 0.0, 0.0, 0.0, 0.0, 0.0, 0.0, 0.0, 0.0, 0.0, 0.0, 0.0, 0.0, 0.0, 0.0, 0.0, 0.0, 0.0, 0.0, 0.0, 0.0, 0.0, 0.0, 0.0, 0.0, 0.0, 0.0, 0.0, 0.0, 0.0, 0.0, 0.0, 0.0, 0.0, 0.0, 0.0, 0.0, 0.0, 0.0, 0.0, 0.0, 0.0, 0.0, 0.0, 0.0, 0.0, 0.0, 0.0, 0.0, 0.0, 0.0, 0.0, 0.0, 0.0, 0.0, 0.0, 0.0, 0.0, 0.0, 0.0, 0.0, 0.0, 0.0, 0.0, 0.0, 0.0, 0.0, 0.0, 0.0, 0.0, 0.0, 0.0, 0.0, 0.0, 0.029411764815449715, 0.0, 0.0, 0.0, 0.029411764815449715, 0.0, 0.0, 0.0, 0.019607843831181526, 0.0, 0.0, 0.0, 0.10784313827753067, 0.0, 0.0, 0.0, 0.0, 0.2450980395078659, 0.0, 0.0, 0.0, 0.5588235259056091, 0.0, 0.0, 0.0, 0.0, 0.0, 0.009803921915590763, 0.0, 0.0, 0.0, 0.0, 0.0, 0.0, 0.0, 0.0, 0.0, 0.0, 0.0, 0.0, 0.0, 0.0, 0.0, 0.0, 0.0, 0.0, 0.0, 0.0, 0.0, 0.0, 0.0, 0.0, 0.0, 0.0, 0.0, 0.0, 0.0, 0.0, 0.0, 0.0, 0.0, 0.0, 0.0, 0.0, 0.0, 0.0, 0.0, 0.0, 0.0, 0.0, 0.0, 0.0, 0.0, 0.0, 0.0, 0.0, 0.0, 0.0, 0.0, 0.0, 0.0, 0.0, 0.0, 0.0, 0.0, 0.0, 0.0, 0.0, 0.0, 0.0, 0.0, 0.0, 0.0, 0.0, 0.0, 0.0, 0.0, 0.0, 0.0, 0.0, 0.0, 0.0, 0.0, 0.0, 0.0, 0.0, 0.0, 0.0, 0.0, 0.0], "tonal.chords_histogram": [36.576786041259766, 0.4689331650733948, 0.0, 0.0, 0.0, 0.0, 0.0, 7.620163917541504, 0.0, 0.9378663301467896, 0.0, 0.0, 7.620163917541504, 0.0, 4.454864978790283, 0.0, 0.0, 2.6963658332824707, 3.751465320587158, 10.082063674926758, 0.1172332912683487, 9.730363845825195, 0.7033997774124146, 15.240327835083008], "tonal.thpcp": [1.0, 0.8924899697303772, 0.6567286252975464, 0.8005907535552979, 0.5717126131057739, 0.31459224224090576, 0.32340309023857117, 0.28589367866516113, 0.2762085199356079, 0.29228144884109497, 0.24900518357753754, 0.2199116349220276, 0.25416749715805054, 0.2818067967891693, 0.32822325825691223, 0.6032215356826782, 0.6305259466171265, 0.5459321141242981, 0.6577733159065247, 0.5432068705558777, 0.44259798526763916, 0.4516633450984955, 0.3676268458366394, 0.3488607108592987, 0.3861699104309082, 0.3111456334590912, 0.22088032960891724, 0.1770630180835724, 0.18233230710029602, 0.22152398526668549, 0.23378191888332367, 0.22326943278312683, 0.35152488946914673, 0.45284348726272583, 0.34148451685905457, 0.507850170135498], "lowlevel.gfcc.cov": [[7193.59375, -367.1513977050781, 303.15625, 1817.974853515625, 762.206298828125, 667.2264404296875, 393.28167724609375, 405.50152587890625, 65.65230560302734, -40.91941452026367, 54.835968017578125, -203.6768035888672, -276.2799072265625], [-367.1513977050781, 2071.739013671875, 545.625244140625, -247.6334686279297, 535.564453125, -39.780826568603516, 195.82420349121094, -13.048834800720215, 275.8660583496094, -124.00084686279297, 65.27982330322266, -178.69322204589844, 114.88499450683594], [303.15625, 545.625244140625, 1273.55712890625, 487.6130676269531, 299.6705627441406, 391.14019775390625, 310.1001281738281, 139.0798797607422, 64.18067932128906, 91.18482208251953, -79.86782836914062, 83.78303527832031, 8.228474617004395], [1817.974853515625, -247.6334686279297, 487.6130676269531, 1232.125732421875, 562.2882690429688, 573.88232421875, 252.0994873046875, 156.13473510742188, 35.742164611816406, 17.26744842529297, -61.96149826049805, -29.4029598236084, -130.8582763671875], [762.206298828125, 535.564453125, 299.6705627441406, 562.2882690429688, 770.2123413085938, 413.8617858886719, 213.09727478027344, 147.2278594970703, 132.89012145996094, 3.6766653060913086, 19.091035842895508, -80.00653839111328, -77.16268157958984], [667.2264404296875, -39.780826568603516, 391.14019775390625, 573.88232421875, 413.8617858886719, 645.3739013671875, 306.13018798828125, 157.47776794433594, 77.15684509277344, 75.63983917236328, -47.012245178222656, 25.810985565185547, -104.65026092529297], [393.28167724609375, 195.82420349121094, 310.1001281738281, 252.0994873046875, 213.09727478027344, 306.13018798828125, 363.3759765625, 153.98031616210938, 108.30549621582031, 29.78368377685547, -8.804734230041504, 14.53176498413086, -57.903202056884766], [405.50152587890625, -13.048834800720215, 139.0798797607422, 156.13473510742188, 147.2278594970703, 157.47776794433594, 153.98031616210938, 202.11993408203125, 34.75926208496094, 24.457603454589844, 7.007915019989014, 12.4697265625, -44.94245147705078], [65.65230560302734, 275.8660583496094, 64.18067932128906, 35.742164611816406, 132.89012145996094, 77.15684509277344, 108.30549621582031, 34.75926208496094, 186.00135803222656, 34.81548309326172, 26.805086135864258, -43.33899688720703, -13.0012845993042], [-40.91941452026367, -124.00084686279297, 91.18482208251953, 17.26744842529297, 3.6766653060913086, 75.63983917236328, 29.78368377685547, 24.457603454589844, 34.81548309326172, 158.59799194335938, 37.584510803222656, 45.19784927368164, -23.914710998535156], [54.835968017578125, 65.27982330322266, -79.86782836914062, -61.96149826049805, 19.091035842895508, -47.012245178222656, -8.804734230041504, 7.007915019989014, 26.805086135864258, 37.584510803222656, 124.26133728027344, 4.9062981605529785, 6.433838844299316], [-203.6768035888672, -178.69322204589844, 83.78303527832031, -29.4029598236084, -80.00653839111328, 25.810985565185547, 14.53176498413086, 12.4697265625, -43.33899688720703, 45.19784927368164, 4.9062981605529785, 144.3267364501953, 32.358909606933594], [-276.2799072265625, 114.88499450683594, 8.228474617004395, -130.8582763671875, -77.16268157958984, -104.65026092529297, -57.903202056884766, -44.94245147705078, -13.0012845993042, -23.914710998535156, 6.433838844299316, 32.358909606933594, 121.05642700195312]], "lowlevel.gfcc.icov": [[0.0002757419424597174, -0.00010121804371010512, 0.00012189381959615275, -0.0005516675882972777, 0.000230808014748618, 5.317316754371859e-05, 2.1784917407785542e-06, -0.0004286590265110135, 0.00011735920998034999, 8.359535968338605e-06, -0.00030019888072274625, 0.0002521691203583032, 0.00011853877367684618], [-0.00010121804371010512, 0.0026238199789077044, -0.0016807506326586008, 0.002022441476583481, -0.0026458464562892914, 0.0008667349466122687, -0.0012550243409350514, 0.0017570053460076451, -0.0015987632796168327, 0.0021962355822324753, -0.0011806542752310634, 0.0020621030125766993, -0.0015321460086852312], [0.00012189381959615275, -0.0016807506326586008, 0.0024115703999996185, -0.0017148959450423717, 0.0014466053107753396, -0.0004279296554159373, -0.0001569384039612487, -0.0011997303226962686, 0.0012164136860519648, -0.0023287972435355186, 0.0017070734174922109, -0.0016002474585548043, -0.00010511986329220235], [-0.0005516675882972777, 0.002022441476583481, -0.0017148959450423717, 0.004126040730625391, -0.002924639731645584, -0.0005106579046696424, -0.0006369431503117085, 0.0019672566559165716, -0.0007805530331097543, 0.0018965867348015308, -0.00019094074377790093, 0.0012174455914646387, -0.0005060873227193952], [0.000230808014748618, -0.0026458464562892914, 0.0014466053107753396, -0.002924639731645584, 0.005757288075983524, -0.002320246072486043, 0.001936301589012146, -0.0028219837695360184, 0.0003958699235226959, -0.0010877827880904078, -0.0005095487576909363, -0.0005499962717294693, 0.0013221277622506022], [5.317316754371859e-05, 0.0008667349466122687, -0.0004279296554159373, -0.0005106579046696424, -0.002320246072486043, 0.005370595026761293, -0.0029745870269834995, 0.0006885965703986585, -0.00012205042003188282, -0.0011289335088804364, 0.001489395392127335, -0.0005854727933183312, 0.0006137460004538298], [2.1784917407785542e-06, -0.0012550243409350514, -0.0001569384039612487, -0.0006369431503117085, 0.001936301589012146, -0.0029745870269834995, 0.00811223965138197, -0.0038256580010056496, -0.0026537387166172266, 0.0011796923354268074, -0.00020538552780635655, -0.002115146489813924, 0.0021652032155543566], [-0.0004286590265110135, 0.0017570053460076451, -0.0011997303226962686, 0.0019672566559165716, -0.0028219837695360184, 0.0006885965703986585, -0.0038256580010056496, 0.009684184566140175, -0.00028332186047919095, 0.000999974086880684, -0.0009084292687475681, 9.059336298378184e-05, 0.00031544934608973563], [0.00011735920998034999, -0.0015987632796168327, 0.0012164136860519648, -0.0007805530331097543, 0.0003958699235226959, -0.00012205042003188282, -0.0026537387166172266, -0.00028332186047919095, 0.010108239017426968, -0.004245928954333067, -4.9700149247655645e-05, 0.0023907427676022053, -0.0007586103747598827], [8.359535968338605e-06, 0.0021962355822324753, -0.0023287972435355186, 0.0018965867348015308, -0.0010877827880904078, -0.0011289335088804364, 0.0011796923354268074, 0.000999974086880684, -0.004245928954333067, 0.012128566391766071, -0.0047383964993059635, -0.0014979434199631214, 0.0020016939379274845], [-0.00030019888072274625, -0.0011806542752310634, 0.0017070734174922109, -0.00019094074377790093, -0.0005095487576909363, 0.001489395392127335, -0.00020538552780635655, -0.0009084292687475681, -4.9700149247655645e-05, -0.0047383964993059635, 0.012030467391014099, -0.002227567136287689, -0.00034519680775702], [0.0002521691203583032, 0.0020621030125766993, -0.0016002474585548043, 0.0012174455914646387, -0.0005499962717294693, -0.0005854727933183312, -0.002115146489813924, 9.059336298378184e-05, 0.0023907427676022053, -0.0014979434199631214, -0.002227567136287689, 0.013473767787218094, -0.005313812289386988], [0.00011853877367684618, -0.0015321460086852312, -0.00010511986329220235, -0.0005060873227193952, 0.0013221277622506022, 0.0006137460004538298, 0.0021652032155543566, 0.00031544934608973563, -0.0007586103747598827, 0.0020016939379274845, -0.00034519680775702, -0.005313812289386988, 0.01372404396533966]], "lowlevel.mfcc.cov": [[6835.5146484375, -1063.2545166015625, -155.74472045898438, 1373.7681884765625, 538.4456176757812, 745.2777099609375, 427.78173828125, 726.70361328125, -63.633766174316406, 568.6172485351562, 193.34463500976562, 261.1070556640625, -245.22610473632812], [-1063.2545166015625, 2163.56591796875, 130.84664916992188, -188.60122680664062, 198.81785583496094, -202.93820190429688, 7.057189464569092, -93.9898681640625, 177.98252868652344, 19.767681121826172, -6.824704170227051, 14.618867874145508, 88.34062957763672], [-155.74472045898438, 130.84664916992188, 1105.6456298828125, 204.4383087158203, 126.48137664794922, 301.7970275878906, 224.05685424804688, 136.0091094970703, 277.1336975097656, -44.4926643371582, 108.53075408935547, 37.92041015625, 129.3225555419922], [1373.7681884765625, -188.60122680664062, 204.4383087158203, 698.41357421875, 337.59234619140625, 358.369873046875, 181.74497985839844, 280.50311279296875, 45.515445709228516, 189.4082489013672, 62.555702209472656, 28.8553466796875, -57.56653594970703], [538.4456176757812, 198.81785583496094, 126.48137664794922, 337.59234619140625, 599.0570068359375, 338.7739562988281, 252.23788452148438, 178.41543579101562, 125.82853698730469, 128.08309936523438, 158.60618591308594, -8.080288887023926, 27.828014373779297], [745.2777099609375, -202.93820190429688, 301.7970275878906, 358.369873046875, 338.7739562988281, 623.4537353515625, 242.38450622558594, 299.78857421875, 181.32350158691406, 133.68695068359375, 205.60708618164062, 72.81800842285156, 9.168334007263184], [427.78173828125, 7.057189464569092, 224.05685424804688, 181.74497985839844, 252.23788452148438, 242.38450622558594, 355.8763427734375, 222.9160919189453, 153.37989807128906, 62.246803283691406, 156.5497283935547, 67.92464447021484, 36.19120788574219], [726.70361328125, -93.9898681640625, 136.0091094970703, 280.50311279296875, 178.41543579101562, 299.78857421875, 222.9160919189453, 382.35443115234375, 142.84498596191406, 115.98069763183594, 141.32666015625, 60.33525848388672, -24.37880516052246], [-63.633766174316406, 177.98252868652344, 277.1336975097656, 45.515445709228516, 125.82853698730469, 181.32350158691406, 153.37989807128906, 142.84498596191406, 259.91070556640625, 31.825475692749023, 123.48908996582031, 41.849796295166016, 58.67536926269531], [568.6172485351562, 19.767681121826172, -44.4926643371582, 189.4082489013672, 128.08309936523438, 133.68695068359375, 62.246803283691406, 115.98069763183594, 31.825475692749023, 211.66015625, 81.00733947753906, 52.092369079589844, -32.26030731201172], [193.34463500976562, -6.824704170227051, 108.53075408935547, 62.555702209472656, 158.60618591308594, 205.60708618164062, 156.5497283935547, 141.32666015625, 123.48908996582031, 81.00733947753906, 282.2812194824219, 70.25000762939453, 71.33622741699219], [261.1070556640625, 14.618867874145508, 37.92041015625, 28.8553466796875, -8.080288887023926, 72.81800842285156, 67.92464447021484, 60.33525848388672, 41.849796295166016, 52.092369079589844, 70.25000762939453, 171.21519470214844, 23.96575355529785], [-245.22610473632812, 88.34062957763672, 129.3225555419922, -57.56653594970703, 27.828014373779297, 9.168334007263184, 36.19120788574219, -24.37880516052246, 58.67536926269531, -32.26030731201172, 71.33622741699219, 23.96575355529785, 162.98617553710938]], "lowlevel.mfcc.icov": [[0.00031727825989946723, 8.616755076218396e-05, 0.00010173582268180326, -0.0004775569250341505, 2.589676296338439e-05, 1.6382782632717863e-05, -0.0001235245872521773, -0.00016260112170130014, 0.00018139113672077656, -0.0002534174418542534, 2.331116957066115e-05, -0.00032363415812142193, 0.00010096008918480948], [8.616755076218396e-05, 0.0006949210655875504, -0.0001146274444181472, 0.00017872967873699963, -0.0006806832971051335, 0.0005919852410443127, 0.0002763807715382427, -9.868187044048682e-05, -0.0005700985784642398, -0.00039363146061077714, 0.00027844475698657334, -0.0004064500972162932, -2.0924881027895026e-05], [0.00010173582268180326, -0.0001146274444181472, 0.0017792405560612679, -0.0011115237139165401, 0.0008196994895115495, -0.0006899479776620865, -0.0007682043360546231, 0.000721933611202985, -0.0014864644035696983, 0.000876855687238276, 0.00015229993732646108, 0.00017579644918441772, -0.0007955392356961966], [-0.0004775569250341505, 0.00017872967873699963, -0.0011115237139165401, 0.004653416108340025, -0.0017760815098881721, -0.0004432393179740757, 0.0005870573222637177, -0.0017732945270836353, 0.0014046992873772979, -0.0017736114095896482, 0.0014037556247785687, 0.00027356864302419126, 0.00013133433822076768], [2.589676296338439e-05, -0.0006806832971051335, 0.0008196994895115495, -0.0017760815098881721, 0.004742008168250322, -0.0017938301898539066, -0.0025887363590300083, 0.0016318194102495909, -0.0002512274368200451, -0.0004047442926093936, -0.0008385005639865994, 0.002202515257522464, -0.0007061620708554983], [1.6382782632717863e-05, 0.0005919852410443127, -0.0006899479776620865, -0.0004432393179740757, -0.0017938301898539066, 0.004519746173173189, 0.0007906258688308299, -0.001467200112529099, -0.0010037698084488511, -0.00012407032772898674, -0.0010696741519495845, -0.0010286601027473807, 0.0007079267525114119], [-0.0001235245872521773, 0.0002763807715382427, -0.0007682043360546231, 0.0005870573222637177, -0.0025887363590300083, 0.0007906258688308299, 0.007102832663804293, -0.002768430393189192, -0.0009014774113893509, 0.001048714155331254, -0.0008940633852034807, -0.0018073261016979814, 7.664977601962164e-05], [-0.00016260112170130014, -9.868187044048682e-05, 0.000721933611202985, -0.0017732945270836353, 0.0016318194102495909, -0.001467200112529099, -0.002768430393189192, 0.007336517330259085, -0.0024362795520573854, -0.0002121519501088187, -0.001114132348448038, 0.0005347611149773002, 0.0013697865651920438], [0.00018139113672077656, -0.0005700985784642398, -0.0014864644035696983, 0.0014046992873772979, -0.0002512274368200451, -0.0010037698084488511, -0.0009014774113893509, -0.0024362795520573854, 0.008969642221927643, -0.0008025098359212279, -0.00075649528298527, -2.1607740563922562e-05, -0.0008610245422460139], [-0.0002534174418542534, -0.00039363146061077714, 0.000876855687238276, -0.0017736114095896482, -0.0004047442926093936, -0.00012407032772898674, 0.001048714155331254, -0.0002121519501088187, -0.0008025098359212279, 0.008921117521822453, -0.002129113767296076, -0.001644276431761682, 0.0015497052809223533], [2.331116957066115e-05, 0.00027844475698657334, 0.00015229993732646108, 0.0014037556247785687, -0.0008385005639865994, -0.0010696741519495845, -0.0008940633852034807, -0.001114132348448038, -0.00075649528298527, -0.002129113767296076, 0.007337925024330616, -0.0009636464528739452, -0.002724737860262394], [-0.00032363415812142193, -0.0004064500972162932, 0.00017579644918441772, 0.00027356864302419126, 0.002202515257522464, -0.0010286601027473807, -0.00