{"song_id": "1182266376145088572", "download": "https://cdn.discordapp.com/attachments/1135903449314238464/1182266376145088572/chirp.mp4?ex=6584125d&amp", "lyrics": "Brush your teeth up and down\n\nClean along gaps with care\nCavities go buzz buzz away\n\nTooth by tooth ding ding hooray\n\nChorus:\nHappily sing tra la la\nBrush diligently everyday\nFight tooth decay\nSmile bright, hip hip hooray\n\nVerse 2:\nCircle round those whites\n\nShoo away tiny bugs\n\nTooth by tooth make bright\nRinse and gargle after right\n\nChorus:\n\nHappily sing tra la la\nBrush diligently everyday\nFight tooth decay\nSmile bright, hip hip hooray", "style": ["happy song for kids</span><span>, Classical"], "essentia_features": {"lowlevel.average_loudness": 0.9171285629272461, "lowlevel.barkbands_crest.mean": 13.815528869628906, "lowlevel.barkbands_crest.stdev": 5.382541179656982, "lowlevel.barkbands_flatness_db.mean": 0.3107437789440155, "lowlevel.barkbands_flatness_db.stdev": 0.07263059914112091, "lowlevel.barkbands_kurtosis.mean": 6.43418550491333, "lowlevel.barkbands_kurtosis.stdev": 15.107003211975098, "lowlevel.barkbands_skewness.mean": 0.36844757199287415, "lowlevel.barkbands_skewness.stdev": 1.8284854888916016, "lowlevel.barkbands_spread.mean": 7.561988353729248, "lowlevel.barkbands_spread.stdev": 7.246032238006592, "lowlevel.dissonance.mean": 0.35133373737335205, "lowlevel.dissonance.stdev": 0.07553204149007797, "lowlevel.dynamic_complexity": 5.41670036315918, "lowlevel.erbbands_crest.mean": 18.590673446655273, "lowlevel.erbbands_crest.stdev": 7.753186225891113, "lowlevel.erbbands_flatness_db.mean": 0.3668821454048157, "lowlevel.erbbands_flatness_db.stdev": 0.0762394368648529, "lowlevel.erbbands_kurtosis.mean": 6.40741491317749, "lowlevel.erbbands_kurtosis.stdev": 12.149639129638672, "lowlevel.erbbands_skewness.mean": 0.4216691255569458, "lowlevel.erbbands_skewness.stdev": 1.4480040073394775, "lowlevel.erbbands_spread.mean": 11.497391700744629, "lowlevel.erbbands_spread.stdev": 11.414701461791992, "lowlevel.hfc.mean": 11.454154968261719, "lowlevel.hfc.stdev": 15.97826099395752, "lowlevel.loudness_ebu128.integrated": -23.87895393371582, "lowlevel.loudness_ebu128.loudness_range": 3.2200164794921875, "lowlevel.loudness_ebu128.momentary.mean": -24.61931037902832, "lowlevel.loudness_ebu128.momentary.stdev": 2.664466619491577, "lowlevel.loudness_ebu128.short_term.mean": -24.037961959838867, "lowlevel.loudness_ebu128.short_term.stdev": 1.1314592361450195, "lowlevel.melbands_crest.mean": 16.364864349365234, "lowlevel.melbands_crest.stdev": 5.731909275054932, "lowlevel.melbands_flatness_db.mean": 0.36743801832199097, "lowlevel.melbands_flatness_db.stdev": 0.09007763117551804, "lowlevel.melbands_kurtosis.mean": 6.754719257354736, "lowlevel.melbands_kurtosis.stdev": 14.990388870239258, "lowlevel.melbands_skewness.mean": 0.5933691263198853, "lowlevel.melbands_skewness.stdev": 1.8680334091186523, "lowlevel.melbands_spread.mean": 12.88543701171875, "lowlevel.melbands_spread.stdev": 12.877839088439941, "lowlevel.pitch_salience.mean": 0.5166890025138855, "lowlevel.pitch_salience.stdev": 0.1781875342130661, "lowlevel.silence_rate_20dB.mean": 1.0, "lowlevel.silence_rate_20dB.stdev": 0.0, "lowlevel.silence_rate_30dB.mean": 0.9930475354194641, "lowlevel.silence_rate_30dB.stdev": 0.08309131860733032, "lowlevel.silence_rate_60dB.mean": 0.3174971044063568, "lowlevel.silence_rate_60dB.stdev": 0.46550118923187256, "lowlevel.spectral_centroid.mean": 902.2907104492188, "lowlevel.spectral_centroid.stdev": 471.3385314941406, "lowlevel.spectral_complexity.mean": 6.731749534606934, "lowlevel.spectral_complexity.stdev": 4.680447578430176, "lowlevel.spectral_decrease.mean": -4.324281821510567e-09, "lowlevel.spectral_decrease.stdev": 5.813733050530345e-09, "lowlevel.spectral_energy.mean": 0.017359739169478416, "lowlevel.spectral_energy.stdev": 0.023242110386490822, "lowlevel.spectral_energyband_high.mean": 1.077152046491392e-05, "lowlevel.spectral_energyband_high.stdev": 3.255684714531526e-05, "lowlevel.spectral_energyband_low.mean": 0.0018588321981951594, "lowlevel.spectral_energyband_low.stdev": 0.0057973116636276245, "lowlevel.spectral_energyband_middle_high.mean": 0.006112616043537855, "lowlevel.spectral_energyband_middle_high.stdev": 0.011843579821288586, "lowlevel.spectral_energyband_middle_low.mean": 0.009761035442352295, "lowlevel.spectral_energyband_middle_low.stdev": 0.015268618240952492, "lowlevel.spectral_entropy.mean": 5.995995998382568, "lowlevel.spectral_entropy.stdev": 0.6953239440917969, "lowlevel.spectral_flux.mean": 0.05170789733529091, "lowlevel.spectral_flux.stdev": 0.04918275400996208, "lowlevel.spectral_kurtosis.mean": 45.06413269042969, "lowlevel.spectral_kurtosis.stdev": 41.75379943847656, "lowlevel.spectral_rms.mean": 0.003273267997428775, "lowlevel.spectral_rms.stdev": 0.0024944068863987923, "lowlevel.spectral_rolloff.mean": 1087.1593017578125, "lowlevel.spectral_rolloff.stdev": 880.4583129882812, "lowlevel.spectral_skewness.mean": 4.1872477531433105, "lowlevel.spectral_skewness.stdev": 2.30912709236145, "lowlevel.spectral_spread.mean": 1828140.0, "lowlevel.spectral_spread.stdev": 1355871.125, "lowlevel.spectral_strongpeak.mean": 1.8737090826034546, "lowlevel.spectral_strongpeak.stdev": 1.9736038446426392, "lowlevel.zerocrossingrate.mean": 0.04159330204129219, "lowlevel.zerocrossingrate.stdev": 0.02458260953426361, "metadata.audio_properties.analysis.equal_loudness": 0.0, "metadata.audio_properties.analysis.length": 40.04265213012695, "metadata.audio_properties.analysis.sample_rate": 44100.0, "metadata.audio_properties.analysis.start_time": 0.0, "metadata.audio_properties.bit_rate": 102702.0, "metadata.audio_properties.length": 40.042667388916016, "metadata.audio_properties.lossless": 0.0, "metadata.audio_properties.number_channels": 1.0, "metadata.audio_properties.replay_gain": -5.21875, "metadata.audio_properties.sample_rate": 48000.0, "rhythm.beats_count": 70.0, "rhythm.beats_loudness.mean": 0.050140637904405594, "rhythm.beats_loudness.stdev": 0.029100734740495682, "rhythm.bpm": 105.63926696777344, "rhythm.bpm_histogram_first_peak_bpm": 105.0, "rhythm.bpm_histogram_first_peak_weight": 0.2238805890083313, "rhythm.bpm_histogram_second_peak_bpm": 98.0, "rhythm.bpm_histogram_second_peak_spread": 0.0, "rhythm.bpm_histogram_second_peak_weight": 0.028985507786273956, "rhythm.danceability": 1.687512755393982, "rhythm.onset_rate": 4.14436149597168, "tonal.chords_changes_rate": 0.032407406717538834, "tonal.chords_number_rate": 0.005787036847323179, "tonal.chords_strength.mean": 0.524563729763031, "tonal.chords_strength.stdev": 0.06883862614631653, "tonal.hpcp_crest.mean": 22.3499755859375, "tonal.hpcp_crest.stdev": 8.717198371887207, "tonal.hpcp_entropy.mean": 1.0509676933288574, "tonal.hpcp_entropy.stdev": 0.6468554139137268, "tonal.key_edma.strength": 0.7746962308883667, "tonal.key_krumhansl.strength": 0.775640606880188, "tonal.key_temperley.strength": 0.7696624398231506, "tonal.tuning_diatonic_strength": 0.6742058396339417, "tonal.tuning_equal_tempered_deviation": 0.05964333936572075, "tonal.tuning_frequency": 442.0379333496094, "tonal.tuning_nontempered_energy_ratio": 0.663080096244812, "lowlevel.barkbands.mean": [2.0689201392087853e-06, 0.001204554457217455, 0.0004235235683154315, 0.0009902911260724068, 0.0005097134853713214, 0.0028144235257059336, 0.001038209069520235, 0.001948086661286652, 0.002130392473191023, 0.0010908611584454775, 0.0036067012697458267, 0.0007125342381186783, 0.0003901123709511012, 0.00017740510520525277, 7.973124593263492e-05, 0.0001185787987196818, 5.42825655429624e-05, 4.238891415297985e-05, 1.0510498213989194e-05, 8.889283890312072e-06, 1.8424179870635271e-06, 1.3612163911602693e-06, 1.5976931990735466e-06, 1.5295720459107542e-06, 1.692987012802405e-07, 9.598196015758731e-09, 6.550469611177334e-10], "lowlevel.barkbands.stdev": [9.660688192525413e-06, 0.004273934755474329, 0.0013538227649405599, 0.0022621506359428167, 0.0011154034873470664, 0.007607453502714634, 0.0042505268938839436, 0.0040817419067025185, 0.005781822372227907, 0.004662055987864733, 0.008268462494015694, 0.0017040912061929703, 0.0015677670016884804, 0.0006611145799979568, 0.0003387262986507267, 0.00035340918111614883, 0.0001523641694802791, 0.00011677017755573615, 2.8559768907143734e-05, 2.191999737988226e-05, 6.6016200435115024e-06, 7.42034080758458e-06, 9.668370694271289e-06, 1.0632295925461221e-05, 1.2599028877957608e-06, 6.917269956829841e-08, 1.295986318261555e-09], "lowlevel.erbbands.mean": [0.009243220090866089, 0.3403546214103699, 0.7526669502258301, 1.4673278331756592, 3.6627461910247803, 0.9639165997505188, 5.258801460266113, 33.17108154296875, 11.821162223815918, 45.83100509643555, 20.02411460876465, 57.27909851074219, 33.85640335083008, 44.95242691040039, 176.49484252929688, 31.65606689453125, 18.886625289916992, 12.764270782470703, 5.184719562530518, 5.279824256896973, 4.675505638122559, 3.08536696434021, 3.2973036766052246, 0.7641772627830505, 0.438895583152771, 0.4300568997859955, 0.14809191226959229, 0.052214715629816055, 0.05261683091521263, 0.045665182173252106, 0.04432191699743271, 0.040050651878118515, 0.019144214689731598, 0.003941847011446953, 0.00040877002174966037, 9.438596316613257e-05, 1.6406613212893717e-05, 2.311785920028342e-06, 8.825235454423819e-06, 1.9980290744570084e-05], "lowlevel.erbbands.stdev": [0.0322006531059742, 1.2062932252883911, 2.5093207359313965, 3.1765425205230713, 8.738737106323242, 1.7070924043655396, 14.039698600769043, 91.6552505493164, 35.63825988769531, 90.4737548828125, 42.9684944152832, 157.48492431640625, 96.53994750976562, 182.84872436523438, 413.39569091796875, 68.40792846679688, 68.06605529785156, 45.559295654296875, 19.37602424621582, 15.395217895507812, 12.836930274963379, 8.66275405883789, 7.845426559448242, 1.7929214239120483, 1.1996374130249023, 1.051322102546692, 0.37646484375, 0.21361176669597626, 0.3017485439777374, 0.26196008920669556, 0.27248120307922363, 0.2724207043647766, 0.13523820042610168, 0.029774006456136703, 0.002319288207218051, 0.0005702741327695549, 8.450925088254735e-05, 3.3103942769230343e-06, 1.1604810424614698e-05, 2.6612087822286412e-05], "lowlevel.gfcc.mean": [-206.71353149414062, 183.1046142578125, -159.98281860351562, -29.443941116333008, -50.78004455566406, -10.260977745056152, -17.545120239257812, -3.0571906566619873, -11.411542892456055, -23.93019676208496, 3.1378912925720215, -13.813584327697754, -5.195590496063232], "lowlevel.melbands.mean": [0.00020870048319920897, 0.0004327587375883013, 0.00037362289731390774, 0.00014489900786429644, 0.00016866557416506112, 0.0006539282621815801, 0.00019311164214741439, 0.0005354698514565825, 0.00013215414946898818, 0.00038169173058122396, 0.00015785760479047894, 0.00015637818432878703, 0.00047991008614189923, 0.00023681986203882843, 3.4518041502451524e-05, 4.219162292429246e-05, 2.1710664441343397e-05, 8.478374184051063e-06, 5.445390343084e-06, 1.0235870831820648e-05, 4.1306734601676e-06, 2.943038680314203e-06, 3.850713255815208e-06, 1.7179206679429626e-06, 5.244714884611312e-07, 2.749098371168657e-07, 3.4235546308991616e-07, 2.78411164345016e-07, 1.0977477415963222e-07, 4.539892017874081e-08, 2.4910793428034594e-08, 3.141724036481719e-08, 2.4217493788114552e-08, 2.6573065525781203e-08, 2.5195355135565478e-08, 2.5393983804633535e-08, 2.4841302348477257e-08, 1.591036813408664e-08, 6.250665762763674e-09, 2.1552932771840005e-09], "lowlevel.melbands.stdev": [0.0007377691217698157, 0.001457457896322012, 0.0008230758830904961, 0.00032603889121674, 0.00043004416511394083, 0.0017916589276865125, 0.0006854577222838998, 0.0010234322398900986, 0.0003126456867903471, 0.0010412633419036865, 0.00047909971908666193, 0.0007727443589828908, 0.0011066722217947245, 0.0005473730270750821, 0.00011075191287091002, 0.0001867584214778617, 8.041237015277147e-05, 3.3396419894415885e-05, 2.2729385818820447e-05, 3.220658618374728e-05, 1.2428074114723131e-05, 9.861946637101937e-06, 8.754536793276202e-06, 4.45870000476134e-06, 1.47534808547789e-06, 9.088966521630937e-07, 9.916965382217313e-07, 6.662364171461377e-07, 2.613027163533843e-07, 1.8603078899559478e-07, 1.157571176690908e-07, 1.9018172281448642e-07, 1.2963261042386875e-07, 1.6412079162364535e-07, 1.5661828456359217e-07, 1.7439418797948747e-07, 1.7456513035085663e-07, 1.133792082441687e-07, 4.585503887710729e-08, 1.7636056170999836e-08], "lowlevel.melbands128.mean": [1.2388557024678448e-06, 7.715829269727692e-06, 0.0002087135217152536, 0.0007441021734848619, 0.0005344227538444102, 0.00014870105951558799, 0.00018450265633873641, 0.0006487018545158207, 0.00039284888771362603, 4.416446972754784e-05, 3.376590393600054e-05, 5.217175930738449e-05, 4.8076053644763306e-05, 0.0004395009600557387, 0.0011189596261829138, 0.0005140394205227494, 8.259434980573133e-05, 0.00013287468755152076, 0.0003209939750377089, 0.0005633124383166432, 0.0007517823833040893, 0.00014633734826929867, 1.7968974134419113e-05, 9.912235691444948e-05, 0.0004163046833127737, 0.0005704469513148069, 0.00015027000335976481, 0.00014103669673204422, 8.158279524650425e-05, 0.0002107512700604275, 0.00017854773614089936, 7.195695798145607e-05, 0.00027310074074193835, 0.0012719519436359406, 0.0001766439527273178, 1.899809285532683e-05, 4.049129711347632e-05, 3.512972398311831e-05, 3.219227437512018e-05, 4.177288064965978e-05, 5.983220398775302e-05, 1.4924218703527004e-05, 1.9227729353588074e-05, 3.2173378713196144e-05, 5.252127266430762e-06, 6.562035650858888e-06, 6.979358204262098e-06, 4.674447154684458e-06, 6.351514002744807e-06, 3.4770057482091943e-06, 1.7146719983429648e-05, 9.420923561265226e-06, 2.5303672828158597e-06, 3.5381672205403447e-06, 2.024506329689757e-06, 3.298921001260169e-06, 2.3568461529066553e-06, 5.006558694731211e-06, 3.1007862162368838e-06, 4.987859028915409e-06, 7.641589832019235e-07, 3.899843932231306e-07, 8.277230563180638e-07, 4.255805947650515e-07, 2.956200262360653e-07, 2.284562015120173e-07, 2.741402340689092e-07, 3.875958896060183e-07, 3.413237834593019e-07, 3.5636335837807565e-07, 2.1356208890210837e-07, 3.705854680902121e-07, 1.1606405792008445e-07, 6.379475081530472e-08, 6.51104627991117e-08, 6.386171946815011e-08, 2.481886873795247e-08, 2.2017763612325325e-08, 2.7772818711468972e-08, 2.268540910677075e-08, 3.463782505264135e-08, 3.365388678844283e-08, 2.6002574315953098e-08, 2.389705855421198e-08, 2.1636965996663093e-08, 2.484982708494954e-08, 2.8610029900733025e-08, 2.954968536528213e-08, 2.3045457098191946e-08, 2.3678634164525647e-08, 2.778950047854778e-08, 2.3899069390154182e-08, 2.4312628355005472e-08, 2.4872463200154016e-08, 2.7627242715766442e-08, 1.9665719719341723e-08, 1.3420599742630657e-08, 9.92228343932311e-09, 6.3796496974077854e-09, 4.166731404353641e-09, 3.431639195028424e-09, 1.809591698709312e-09, 7.711552507672081e-10, 3.125872893861015e-10, 2.452641145733736e-10, 2.077842065073554e-10, 2.298909118625403e-10, 1.8162063519788774e-10, 1.2408381266926227e-10, 8.72274683039187e-11, 8.288694036684419e-11, 5.098140312687072e-11, 6.598803968527189e-12, 4.429340141193228e-12, 4.0282963596760535e-12, 3.6767598514397815e-12, 3.405039054535375e-12, 3.09312493153302e-12, 2.997283844730081e-12, 2.926084721743827e-12, 2.849811749430775e-12, 2.7950920657854317e-12, 2.764706649380222e-12, 2.69711336597922e-12, 2.5260410083105533e-12, 2.254923244654483e-12, 2.1049329813893625e-12, 2.0752284439484736e-12], "lowlevel.melbands128.stdev": [5.860694727743976e-06, 3.059422306250781e-05, 0.0007429581019096076, 0.002648764057084918, 0.001883530872873962, 0.00043274572817608714, 0.00042746038525365293, 0.0014975457452237606, 0.0009879458229988813, 0.00016413869161624461, 7.626193109899759e-05, 0.00012544916535262018, 0.00020413429592736065, 0.0013546341797336936, 0.0031543015502393246, 0.0017347405664622784, 0.0004151458269916475, 0.0007510354043915868, 0.00168613123241812, 0.0011896544601768255, 0.0016065887175500393, 0.0005247896770015359, 8.762511424720287e-05, 0.000537820509634912, 0.0013333956012502313, 0.0017287470400333405, 0.000682735990267247, 0.0007029782282188535, 0.0005064653814770281, 0.0013071453431621194, 0.0009849646594375372, 0.0005577433621510863, 0.0006673367461189628, 0.0030902631115168333, 0.0004505339020397514, 0.000127903520478867, 0.00018274076865054667, 0.00015361786063294858, 0.00014491328329313546, 0.00019375269766896963, 0.00034571735886856914, 9.530872921459377e-05, 7.353693945333362e-05, 0.00014664688205812126, 3.303404446342029e-05, 3.8212463550735265e-05, 3.7796315154992044e-05, 2.288377618242521e-05, 3.164098961860873e-05, 1.5099906704563182e-05, 6.413309893105179e-05, 2.9465350962709635e-05, 1.1627475032582879e-05, 1.4328502402349841e-05, 7.385008757410105e-06, 1.618341229914222e-05, 7.802832442393992e-06, 1.4290823855844792e-05, 1.0743466191343032e-05, 1.520404293842148e-05, 2.460072892063181e-06, 1.7521819017929374e-06, 2.41697603087232e-06, 1.4277611626312137e-06, 1.2636955943889916e-06, 9.412440817868628e-07, 1.0408440402898123e-06, 1.3386234058998525e-06, 1.3902186992709176e-06, 1.2038244676659815e-06, 7.037369869067334e-07, 9.857701570581412e-07, 3.004700488418166e-07, 2.3364783885426732e-07, 2.710332296373963e-07, 3.186384844866552e-07, 1.3708411472634907e-07, 1.1425670720655035e-07, 1.3383156272084307e-07, 1.1787479081704078e-07, 2.162684609174903e-07, 2.3208247057482367e-07, 1.6876366260021314e-07, 1.270699812039311e-07, 1.2732833454265347e-07, 1.6564192151236057e-07, 1.9603567125159316e-07, 1.8612993812894274e-07, 1.6419343751294946e-07, 1.6295372518015938e-07, 2.0273985512631043e-07, 1.726258602730013e-07, 1.6743325659263064e-07, 1.8272641000294243e-07, 2.0595308569681947e-07, 1.4728652786288876e-07, 9.401421863231008e-08, 7.974139748512243e-08, 4.3420072870503645e-08, 3.256128167095085e-08, 3.399352621613616e-08, 1.4283255467262279e-08, 5.4054796194691335e-09, 1.8909995791460688e-09, 1.8483328201313043e-09, 1.9272063944697493e-09, 1.9658310534964585e-09, 1.3731012993289937e-09, 9.010732715530878e-10, 6.923691620031036e-10, 8.332576850733631e-10, 5.922541346237153e-10, 3.38845757008599e-11, 1.2402299673364148e-11, 8.787945197930025e-12, 7.792211320634124e-12, 6.715201311680019e-12, 6.073631181324757e-12, 5.8908542106828055e-12, 5.735958149427622e-12, 5.591133458993092e-12, 5.465912444879706e-12, 5.363370338129503e-12, 5.270289846898146e-12, 5.194838049310535e-12, 5.130875325304318e-12, 5.086983785596022e-12, 5.0594185958818816e-12], "lowlevel.mfcc.mean": [-843.0768432617188, 213.1439208984375, -34.468196868896484, -14.106644630432129, -12.791790008544922, -13.688427925109863, -0.6957480907440186, 7.018274784088135, -5.207174777984619, -4.958754539489746, -10.670219421386719, 11.732539176940918, 1.5616527795791626], "lowlevel.spectral_contrast_coeffs.mean": [-0.689039945602417, -0.6369388699531555, -0.642808735370636, -0.7486449480056763, -0.7610506415367126, -0.8022763133049011], "lowlevel.spectral_contrast_coeffs.stdev": [0.08242844045162201, 0.10494427382946014, 0.09560134261846542, 0.07137040793895721, 0.05783966928720474, 0.049246229231357574], "lowlevel.spectral_contrast_valleys.mean": [-8.77110767364502, -8.157533645629883, -8.660643577575684, -9.556148529052734, -10.383235931396484, -13.835866928100586], "lowlevel.spectral_contrast_valleys.stdev": [1.3651796579360962, 1.16431725025177, 1.147850513458252, 1.162219762802124, 1.3966854810714722, 1.2245243787765503], "rhythm.beats_loudness_band_ratio.mean": [0.18662616610527039, 0.10052260756492615, 0.31823647022247314, 0.39592286944389343, 0.016251277178525925, 0.0007005005027167499], "rhythm.beats_loudness_band_ratio.stdev": [0.2082175314426422, 0.12559135258197784, 0.215956449508667, 0.33377018570899963, 0.024060769006609917, 0.001044737407937646], "tonal.hpcp.mean": [0.041045233607292175, 0.025336718186736107, 0.0575399175286293, 0.05974365770816803, 0.02010761760175228, 0.014281611889600754, 0.015518512576818466, 0.028615307062864304, 0.3559911251068115, 0.5737625956535339, 0.24734684824943542, 0.011626158840954304, 0.007019114680588245, 0.007495536934584379, 0.010532754473388195, 0.010680864565074444, 0.015527082607150078, 0.023476913571357727, 0.01784767210483551, 0.012998087331652641, 0.0427415557205677, 0.06581541895866394, 0.08257588744163513, 0.34660470485687256, 0.45549800992012024, 0.18709300458431244, 0.04396067187190056, 0.02800639159977436, 0.022452525794506073, 0.059669047594070435, 0.07199299335479736, 0.02786780335009098, 0.007087901700288057, 0.008478901349008083, 0.010207372717559338, 0.0334407277405262], "tonal.hpcp.stdev": [0.12932424247264862, 0.09659358859062195, 0.2001795619726181, 0.20877434313297272, 0.09522192925214767, 0.08069471269845963, 0.08923441916704178, 0.0851767510175705, 0.2763327360153198, 0.40247491002082825, 0.2103322297334671, 0.047474753111600876, 0.03703650087118149, 0.04433957487344742, 0.06563396751880646, 0.0648772269487381, 0.061993226408958435, 0.06983216106891632, 0.07694300264120102, 0.0697302371263504, 0.12312732636928558, 0.17377717792987823, 0.18730883300304413, 0.3745574951171875, 0.4551808536052704, 0.24464210867881775, 0.1561243236064911, 0.13167232275009155, 0.10672201961278915, 0.1713237762451172, 0.19273148477077484, 0.08172599971294403, 0.043634083122015, 0.05982566997408867, 0.04791337624192238, 0.08701833337545395], "rhythm.beats_position": [0.6037188172340393, 1.2190475463867188, 1.834376335144043, 2.4148752689361572, 2.983764171600342, 3.5526530742645264, 4.121541976928711, 4.690430641174316, 5.25931978225708, 5.8282084465026855, 6.397097587585449, 6.965986251831055, 7.523265361785889, 8.092154502868652, 8.661043167114258, 9.229931831359863, 9.798820495605469, 10.367709159851074, 10.936598777770996, 11.493877410888672, 12.062766075134277, 12.631654739379883, 13.200544357299805, 13.76943302154541, 14.338321685791016, 14.907210350036621, 15.464489936828613, 16.03337860107422, 16.60226821899414, 17.17115592956543, 17.74004554748535, 18.30893325805664, 18.877822875976562, 19.458322525024414, 20.015600204467773, 20.584489822387695, 21.153377532958984, 21.722267150878906, 22.291156768798828, 22.871654510498047, 23.42893409729004, 23.9862117767334, 24.55510139465332, 25.123991012573242, 25.69287872314453, 26.261768341064453, 26.830657958984375, 27.399545669555664, 27.968435287475586, 28.537322998046875, 29.106212615966797, 29.67510223388672, 30.243989944458008, 30.80126953125, 31.37015724182129, 31.93904685974121, 32.5079345703125, 33.07682418823242, 33.645713806152344, 34.2029914855957, 34.78349304199219, 35.34077072143555, 35.90966033935547, 36.47854995727539, 37.04743576049805, 37.61632537841797, 38.18521499633789, 38.75410461425781, 39.31138229370117, 39.89188003540039], "rhythm.bpm_histogram": [0.0, 0.0, 0.0, 0.0, 0.0, 0.0, 0.0, 0.0, 0.0, 0.0, 0.0, 0.0, 0.0, 0.0, 0.0, 0.0, 0.0, 0.0, 0.0, 0.0, 0.0, 0.0, 0.0, 0.0, 0.0, 0.0, 0.0, 0.0, 0.0, 0.0, 0.0, 0.0, 0.0, 0.0, 0.0, 0.0, 0.0, 0.0, 0.0, 0.0, 0.0, 0.0, 0.0, 0.0, 0.0, 0.0, 0.0, 0.0, 0.0, 0.0, 0.0, 0.0, 0.0, 0.0, 0.0, 0.0, 0.0, 0.0, 0.0, 0.0, 0.0, 0.0, 0.0, 0.0, 0.0, 0.0, 0.0, 0.0, 0.0, 0.0, 0.0, 0.0, 0.0, 0.0, 0.0, 0.0, 0.0, 0.0, 0.0, 0.0, 0.0, 0.0, 0.0, 0.0, 0.0, 0.0, 0.0, 0.0, 0.0, 0.0, 0.0, 0.0, 0.0, 0.0, 0.0, 0.0, 0.0, 0.0, 0.028985507786273956, 0.0, 0.0, 0.0, 0.0, 0.07246376574039459, 0.0, 0.7536231875419617, 0.0, 0.0, 0.14492753148078918, 0.0, 0.0, 0.0, 0.0, 0.0, 0.0, 0.0, 0.0, 0.0, 0.0, 0.0, 0.0, 0.0, 0.0, 0.0, 0.0, 0.0, 0.0, 0.0, 0.0, 0.0, 0.0, 0.0, 0.0, 0.0, 0.0, 0.0, 0.0, 0.0, 0.0, 0.0, 0.0, 0.0, 0.0, 0.0, 0.0, 0.0, 0.0, 0.0, 0.0, 0.0, 0.0, 0.0, 0.0, 0.0, 0.0, 0.0, 0.0, 0.0, 0.0, 0.0, 0.0, 0.0, 0.0, 0.0, 0.0, 0.0, 0.0, 0.0, 0.0, 0.0, 0.0, 0.0, 0.0, 0.0, 0.0, 0.0, 0.0, 0.0, 0.0, 0.0, 0.0, 0.0, 0.0, 0.0, 0.0, 0.0, 0.0, 0.0, 0.0, 0.0, 0.0, 0.0, 0.0, 0.0, 0.0, 0.0, 0.0, 0.0, 0.0, 0.0, 0.0, 0.0, 0.0, 0.0, 0.0, 0.0, 0.0, 0.0, 0.0, 0.0, 0.0, 0.0, 0.0, 0.0, 0.0, 0.0, 0.0, 0.0, 0.0, 0.0, 0.0, 0.0, 0.0, 0.0, 0.0, 0.0, 0.0, 0.0, 0.0, 0.0, 0.0, 0.0, 0.0, 0.0, 0.0, 0.0, 0.0, 0.0, 0.0, 0.0, 0.0, 0.0, 0.0, 0.0, 0.0, 0.0, 0.0, 0.0, 0.0, 0.0], "tonal.chords_histogram": [67.59259033203125, 1.1574074029922485, 13.310185432434082, 0.0, 0.0, 0.0, 0.0, 0.0, 0.0, 0.0, 0.0, 0.0, 0.0, 0.0, 0.0, 0.0, 0.0, 11.921296119689941, 0.0, 6.018518447875977, 0.0, 0.0, 0.0, 0.0], "tonal.thpcp": [1.0, 0.4310961663722992, 0.020263012498617172, 0.012233482673764229, 0.013063830323517323, 0.01835733838379383, 0.0186154767870903, 0.027061859145760536, 0.040917471051216125, 0.0311063714325428, 0.02265412174165249, 0.07449345290660858, 0.11470845341682434, 0.1439199596643448, 0.6040908098220825, 0.7938789129257202, 0.326080858707428, 0.07661822438240051, 0.048811811953783035, 0.03913208469748497, 0.10399605333805084, 0.1254752278327942, 0.04857026785612106, 0.01235336996614933, 0.014777717180550098, 0.017790237441658974, 0.05828321352601051, 0.07153696566820145, 0.04415888711810112, 0.10028523951768875, 0.10412609577178955, 0.035045187920331955, 0.02489115111529827, 0.027046922594308853, 0.04987308010458946, 0.6204501986503601], "lowlevel.gfcc.cov": [[11065.6455078125, 861.678955078125, -126.02540588378906, 1073.9654541015625, -331.07830810546875, -214.92823791503906, 84.12081146240234, -246.21998596191406, 256.47674560546875, -78.82762908935547, 430.1431884765625, -550.8607177734375, 472.9610290527344], [861.678955078125, 3083.653564453125, 1094.2947998046875, -828.7868041992188, 1216.3758544921875, -148.67330932617188, 290.40606689453125, -144.76162719726562, 252.4309539794922, 71.07801055908203, -125.02877807617188, -204.84649658203125, -93.90851593017578], [-126.02540588378906, 1094.2947998046875, 1203.6053466796875, 19.508358001708984, 231.79949951171875, 202.00758361816406, -72.20545196533203, -36.45048904418945, 140.07992553710938, 90.47323608398438, -123.90653228759766, -34.224388122558594, -119.03316497802734], [1073.9654541015625, -828.7868041992188, 19.508358001708984, 1150.317626953125, -486.6606140136719, -17.081382751464844, -261.62353515625, 84.58397674560547, 49.72895431518555, -48.47793960571289, 80.10736083984375, -48.732421875, 73.46829223632812], [-331.07830810546875, 1216.3758544921875, 231.79949951171875, -486.6606140136719, 921.1586303710938, 13.943802833557129, 188.37701416015625, -10.069212913513184, 66.4405517578125, 51.64848327636719, -121.96776580810547, -36.009761810302734, -72.61102294921875], [-214.92823791503906, -148.67330932617188, 202.00758361816406, -17.081382751464844, 13.943802833557129, 527.3236083984375, 46.26548767089844, -29.398523330688477, 3.6817073822021484, 83.0356216430664, -150.17724609375, -66.55760955810547, -19.212404251098633], [84.12081146240234, 290.40606689453125, -72.20545196533203, -261.62353515625, 188.37701416015625, 46.26548767089844, 341.2086181640625, 21.06264877319336, -54.842193603515625, -33.38136672973633, -29.098094940185547, 38.06269836425781, -23.70130157470703], [-246.21998596191406, -144.76162719726562, -36.45048904418945, 84.58397674560547, -10.069212913513184, -29.398523330688477, 21.06264877319336, 191.4878692626953, 37.276790618896484, -20.00371551513672, -13.08130168914795, 46.0648307800293, -8.169732093811035], [256.47674560546875, 252.4309539794922, 140.07992553710938, 49.72895431518555, 66.4405517578125, 3.6817073822021484, -54.842193603515625, 37.276790618896484, 244.85716247558594, 115.85680389404297, -12.867300033569336, -70.47869110107422, 13.298086166381836], [-78.82762908935547, 71.07801055908203, 90.47323608398438, -48.47793960571289, 51.64848327636719, 83.0356216430664, -33.38136672973633, -20.00371551513672, 115.85680389404297, 236.1664276123047, -21.100706100463867, -81.24520874023438, -7.805685520172119], [430.1431884765625, -125.02877807617188, -123.90653228759766, 80.10736083984375, -121.96776580810547, -150.17724609375, -29.098094940185547, -13.08130168914795, -12.867300033569336, -21.100706100463867, 208.86355590820312, 52.72145462036133, 13.347406387329102], [-550.8607177734375, -204.84649658203125, -34.224388122558594, -48.732421875, -36.009761810302734, -66.55760955810547, 38.06269836425781, 46.0648307800293, -70.47869110107422, -81.24520874023438, 52.72145462036133, 240.28761291503906, -48.5843620300293], [472.9610290527344, -93.90851593017578, -119.03316497802734, 73.46829223632812, -72.61102294921875, -19.212404251098633, -23.70130157470703, -8.169732093811035, 13.298086166381836, -7.805685520172119, 13.347406387329102, -48.5843620300293, 147.1018524169922]], "lowlevel.gfcc.icov": [[0.0001848833344411105, -0.0002688058011699468, 0.00019151935703121126, -0.00027642815257422626, 0.00019794523541349918, -0.00016930991841945797, -0.00015791367331985384, 0.00013490044511854649, -6.0093410866102204e-05, 6.151050183689222e-05, -0.0003606033278629184, 0.00016556262562517077, -0.00031926363590173423], [-0.0002688058011699468, 0.004488934762775898, -0.00396090978756547, 0.0018547003855928779, -0.0035298652946949005, 0.003014450892806053, -0.0023934231139719486, 0.0018334974301978946, -0.002464981283992529, 0.0023116657976061106, -0.0006966782384552062, 0.0034708576276898384, -0.0004788916266988963], [0.00019151935703121126, -0.00396090978756547, 0.004679112695157528, -0.0017536078812554479, 0.0028403718024492264, -0.003011013614013791, 0.002506478223949671, -0.0012284438125789165, 0.00153014634270221, -0.00197504460811615, 0.001105639967136085, -0.0033743944950401783, 0.0014041917165741324], [-0.00027642815257422626, 0.0018547003855928779, -0.0017536078812554479, 0.002367911394685507, -0.0008819327922537923, 0.0010556484339758754, 4.842022099182941e-05, -0.0003066225617658347, -0.000992064131423831, 0.0013099150964990258, -0.00036191282561048865, 0.0015971200773492455, -0.00011599378194659948], [0.00019794523541349918, -0.0035298652946949005, 0.0028403718024492264, -0.0008819327922537923, 0.004532823339104652, -0.001981152221560478, 0.0012287418358027935, -0.001455223304219544, 0.001458770246244967, -0.0017885678680613637, 0.0012702967505902052, -0.002407134510576725, 0.0008077934617176652], [-0.00016930991841945797, 0.003014450892806053, -0.003011013614013791, 0.0010556484339758754, -0.001981152221560478, 0.0048649306409060955, -0.0023361349012702703, 0.0016775809926912189, -0.0011528173927217722, 0.0004927081172354519, 0.0014440877130255103, 0.0025191274471580982, -0.00028936780290678144], [-0.00015791367331985384, -0.0023934231139719486, 0.002506478223949671, 4.842022099182941e-05, 0.0012287418358027935, -0.0023361349012702703, 0.0060526421293616295, -0.002345600165426731, 0.002313426695764065, -0.001023239572532475, 0.0007444699294865131, -0.002651719143614173, 0.0009233794407919049], [0.00013490044511854649, 0.0018334974301978946, -0.0012284438125789165, -0.0003066225617658347, -0.001455223304219544, 0.0016775809926912189, -0.002345600165426731, 0.007963787764310837, -0.0033672337885946035, 0.0017287188675254583, 0.0006781812408007681, 0.0001428873947588727, -0.00015720445662736893], [-6.0093410866102204e-05, -0.002464981283992529, 0.00153014634270221, -0.000992064131423831, 0.001458770246244967, -0.0011528173927217722, 0.002313426695764065, -0.0033672337885946035, 0.008479027077555656, -0.004500391893088818, 0.00047806036309339106, -0.0012553900014609098, -0.0003548419335857034], [6.151050183689222e-05, 0.0023116657976061106, -0.00197504460811615, 0.0013099150964990258, -0.0017885678680613637, 0.0004927081172354519, -0.001023239572532475, 0.0017287188675254583, -0.004500391893088818, 0.008132322691380978, -0.0015318897785618901, 0.003624164266511798, 0.00031255121575668454], [-0.0003606033278629184, -0.0006966782384552062, 0.001105639967136085, -0.00036191282561048865, 0.0012702967505902052, 0.0014440877130255103, 0.0007444699294865131, 0.0006781812408007681, 0.00047806036309339106, -0.0015318897785618901, 0.00842194352298975, -0.003043924691155553, 0.0008693206473253667], [0.00016556262562517077, 0.0034708576276898384, -0.0033743944950401783, 0.0015971200773492455, -0.002407134510576725, 0.0025191274471580982, -0.002651719143614173, 0.0001428873947588727, -0.0012553900014609098, 0.003624164266511798, -0.003043924691155553, 0.009734423831105232, 0.0006738233496434987], [-0.00031926363590173423, -0.0004788916266988963, 0.0014041917165741324, -0.00011599378194659948, 0.0008077934617176652, -0.00028936780290678144, 0.0009233794407919049, -0.00015720445662736893, -0.0003548419335857034, 0.00031255121575668454, 0.0008693206473253667, 0.0006738233496434987, 0.009406293742358685]], "lowlevel.mfcc.cov": [[9725.4384765625, 1277.1099853515625, -758.986328125, 1264.2298583984375, -116.78491973876953, -99.92029571533203, 4.887575149536133, -231.99696350097656, -159.48480224609375, 576.3255615234375, -370.1795654296875, -44.5485725402832, -67.1361083984375], [1277.1099853515625, 3848.734375, 22.402151107788086, -246.90159606933594, 574.9415283203125, 242.36737060546875, 229.4921417236328, -51.27931594848633, 171.10653686523438, 250.35545349121094, 196.4521484375, -199.09658813476562, -108.91722869873047], [-758.986328125, 22.402151107788086, 1148.67822265625, -30.452823638916016, 148.6073760986328, 241.2058868408203, -140.89881896972656, 71.1995620727539, -9.993231773376465, 80.42951202392578, 135.5274658203125, -171.41070556640625, -75.1285400390625], [1264.2298583984375, -246.90159606933594, -30.452823638916016, 764.974365234375, 41.01787185668945, -205.55416870117188, -98.54509735107422, 25.360200881958008, -103.79368591308594, 2.750591278076172, -62.105960845947266, -5.419187545776367, 28.683717727661133], [-116.78491973876953, 574.9415283203125, 148.6073760986328, 41.01787185668945, 488.1160888671875, 130.612060546875, -25.66872787475586, -25.99123191833496, 87.7508544921875, 106.25811004638672, 73.06273651123047, -45.863616943359375, -3.5708062648773193], [-99.92029571533203, 242.36737060546875, 241.2058868408203, -205.55416870117188, 130.612060546875, 423.9269714355469, 68.42141723632812, -44.0821418762207, 106.93651580810547, 104.09332275390625, 100.03550720214844, -25.629470825195312, -22.323951721191406], [4.887575149536133, 229.4921417236328, -140.89881896972656, -98.54509735107422, -25.66872787475586, 68.42141723632812, 244.0009002685547, 49.21976089477539, 34.33547592163086, -11.70219898223877, -1.5470483303070068, -5.03934907913208, -27.323854446411133], [-231.99696350097656, -51.27931594848633, 71.1995620727539, 25.360200881958008, -25.99123191833496, -44.0821418762207, 49.21976089477539, 278.3714599609375, 40.05571746826172, -130.19393920898438, 10.231513977050781, 7.369156837463379, 20.43377685546875], [-159.48480224609375, 171.10653686523438, -9.993231773376465, -103.79368591308594, 87.7508544921875, 106.93651580810547, 34.33547592163086, 40.05571746826172, 261.5306091308594, 85.13795471191406, 12.29007625579834, -9.947690963745117, 18.119033813476562], [576.3255615234375, 250.35545349121094, 80.42951202392578, 2.750591278076172, 106.25811004638672, 104.09332275390625, -11.70219898223877, -130.19393920898438, 85.13795471191406, 330.4280090332031, 50.26182556152344, -98.49406433105469, -43.62876892089844], [-370.1795654296875, 196.4521484375, 135.5274658203125, -62.105960845947266, 73.06273651123047, 100.03550720214844, -1.5470483303070068, 10.231513977050781, 12.29007625579834, 50.26182556152344, 228.7913055419922, 0.8311563730239868, -33.83660888671875], [-44.5485725402832, -199.09658813476562, -171.41070556640625, -5.419187545776367, -45.863616943359375, -25.629470825195312, -5.03934907913208, 7.369156837463379, -9.947690963745117, -98.49406433105469, 0.8311563730239868, 219.26589965820312, 99.46173858642578], [-67.1361083984375, -108.91722869873047, -75.1285400390625, 28.683717727661133, -3.5708062648773193, -22.323951721191406, -27.323854446411133, 20.43377685546875, 18.119033813476562, -43.62876892089844, -33.83660888671875, 99.46173858642578, 207.5279998779297]], "lowlevel.mfcc.icov": [[0.00027161528123542666, -0.0001743009634083137, 0.00021656644821632653, -0.0005029161693528295, 0.00033512679510749876, -0.0004385816282592714, 0.0002423903060844168, -0.0003170292475260794, 0.0003505207132548094, -0.0007254111696965992, 0.0006021850858815014, -0.00033244898077100515, 0.00024042802397161722], [-0.0001743009634083137, 0.0004899827763438225, -8.273222192656249e-05, 0.000428995699621737, -0.0006505093188025057, 0.00037055296706967056, -0.0005193114629946649, 0.00026393166626803577, -0.00023655634140595794, 0.0004061706713400781, -0.0006130805122666061, 0.0005013564950786531, -0.00018836911476682872], [0.00021656644821632653, -8.273222192656249e-05, 0.0017640674486756325, -0.0003540946636348963, 0.00011358917981851846, -0.0015083136968314648, 0.001520328689366579, -0.001260043354704976, 0.0009263755055144429, -0.0007070720894262195, 0.00010903603833867237, 0.0008761106291785836, 0.00024650164414197206], [-0.0005029161693528295, 0.000428995699621737, -0.0003540946636348963, 0.0026914584450423717, -0.0011568947229534388, 0.001503506675362587, -0.00010028391989180818, 2.426336141070351e-05, 0.00011935743532376364, 0.0007104986580088735, -0.000783202180173248, 0.0006023973110131919, -0.0005889618769288063], [0.00033512679510749876, -0.0006505093188025057, 0.00011358917981851846, -0.0011568947229534388, 0.0035010818392038345, -0.0012241657823324203, 0.0009639814961701632, -0.00022432625701185316, -0.0003128719690721482, -0.0009728398290462792, 0.00039922844734974205, -0.00033988108043558896, 9.637779294280335e-05], [-0.0004385816282592714, 0.00037055296706967056, -0.0015083136968314648, 0.001503506675362587, -0.0012241657823324203, 0.005247865803539753, -0.0023603765293955803, 0.001899203984066844, -0.001857936498709023, 0.000921797938644886, -0.0019201693357899785, -5.157887062523514e-05, -0.0005879218806512654], [0.0002423903060844168, -0.0005193114629946649, 0.001520328689366579, -0.00010028391989180818, 0.0009639814961701632, -0.0023603765293955803, 0.006646019406616688, -0.0023842474911361933, 0.0007961617666296661, -0.0008794186869636178, 0.0011065226281061769, 3.7246216379571706e-05, 0.0011507547460496426], [-0.0003170292475260794, 0.00026393166626803577, -0.001260043354704976, 2.426336141070351e-05, -0.00022432625701185316, 0.001899203984066844, -0.0023842474911361933, 0.0068111480213701725, -0.002935336669906974, 0.004014155361801386, -0.0019436381990090013, 0.0012165035586804152, -0.0010074290912598372], [0.0003505207132548094, -0.00023655634140595794, 0.0009263755055144429, 0.00011935743532376364, -0.0003128719690721482, -0.001857936498709023, 0.0007961617666296661, -0.002935336669906974, 0.006444978062063456, -0.003235113574191928, 0.0016474048607051373, -0.0006804976728744805, -0.00015136768342927098], [-0.0007254111696965992, 0.0004061706713400781, -0.0007070720894262195, 0.0007104986580088735, -0.0009728398290462792, 0.000921797938644886, -0.0008794186869636178, 0.004014155361801386, -0.003235113574191928, 0.007838169112801552, -0.002879825886338949, 0.0032234250102192163, -0.0008884423295967281], [0.0006021850858815014, -0.0006130805122666061, 0.00010903603833867237, -0.000783202180173248, 0.00039922844734974205, -0.0019201693357899785, 0.0011065226281061769, -0.0019436381990090013, 0.0016474048607051373, -0.002879825886338949, 0.007215345278382301, -0.002466627862304449, 0.0017674993723630905], [-0.00033244898077100515, 0.0005013564950786531, 0.0008761106291785836, 0.0006023973110131919, -0.00033988108043558896, -5.157887062523514e-05, 3.7246216379571706e-05, 0.0012165035586804152, -0.0006804976728744805, 0.0032234250102192163, -0.002466627862304449, 0.008543507196009159, -0.0034965237136930227], [0.00024042802397161722, -0.00018836911476682872, 0.00024650164414197206, -0.0005889618769288063, 9.637779294280335e-05, -0.0005879218806512654, 0.0011507547460496426, -0.0010074290912598372, -0.00015136768342927098, -0.0008884423295967281, 0.0017674993723630905, -0.0034965237136930227, 0.006947704590857029]], "metadata.audio_properties.analysis.downmix": "mix", "metadata.audio_properties.codec": "mp3", "metadata.audio_properties.md5_encoded": "9dcb34ef18f2035fa9b76291848d49db", "metadata.tags.file_name": "1182266376145088572.mp3", "meta