{"song_id": "1182266380402307092", "download": "https://cdn.discordapp.com/attachments/1135911532732108921/1182266380402307092/chirp.mp4?ex=6584125e&amp", "lyrics": "[verse]\nIn the heart of Europe, a nation proud and bold\nGermany, where legends and stories unfold\nFrom the Rhine's flowing waters to the Baltic Sea\nHer spirit unites us, forever wild and free\n\n[chorus]\nOh, German Nation, strong and true\nThrough every challenge, we'll stand with you\nUnited we rise, like the eagle we soar\nGermany, our homeland, forever we adore", "style": ["random"], "essentia_features": {"lowlevel.average_loudness": 0.7827430367469788, "lowlevel.barkbands_crest.mean": 14.235634803771973, "lowlevel.barkbands_crest.stdev": 4.583244323730469, "lowlevel.barkbands_flatness_db.mean": 0.2614784836769104, "lowlevel.barkbands_flatness_db.stdev": 0.07787934690713882, "lowlevel.barkbands_kurtosis.mean": 16.961286544799805, "lowlevel.barkbands_kurtosis.stdev": 24.1257266998291, "lowlevel.barkbands_skewness.mean": 2.4923183917999268, "lowlevel.barkbands_skewness.stdev": 2.3105759620666504, "lowlevel.barkbands_spread.mean": 9.636552810668945, "lowlevel.barkbands_spread.stdev": 12.932764053344727, "lowlevel.dissonance.mean": 0.4114082157611847, "lowlevel.dissonance.stdev": 0.0708257332444191, "lowlevel.dynamic_complexity": 9.509345054626465, "lowlevel.erbbands_crest.mean": 12.328956604003906, "lowlevel.erbbands_crest.stdev": 5.627427577972412, "lowlevel.erbbands_flatness_db.mean": 0.22662168741226196, "lowlevel.erbbands_flatness_db.stdev": 0.07660587877035141, "lowlevel.erbbands_kurtosis.mean": 2.7085988521575928, "lowlevel.erbbands_kurtosis.stdev": 4.662942409515381, "lowlevel.erbbands_skewness.mean": 0.7798669338226318, "lowlevel.erbbands_skewness.stdev": 1.148789644241333, "lowlevel.erbbands_spread.mean": 27.89210319519043, "lowlevel.erbbands_spread.stdev": 22.04654312133789, "lowlevel.hfc.mean": 7.830770015716553, "lowlevel.hfc.stdev": 13.440574645996094, "lowlevel.loudness_ebu128.integrated": -22.685571670532227, "lowlevel.loudness_ebu128.loudness_range": 10.181272506713867, "lowlevel.loudness_ebu128.momentary.mean": -28.017372131347656, "lowlevel.loudness_ebu128.momentary.stdev": 9.79438304901123, "lowlevel.loudness_ebu128.short_term.mean": -25.014034271240234, "lowlevel.loudness_ebu128.short_term.stdev": 4.039788246154785, "lowlevel.melbands_crest.mean": 19.788806915283203, "lowlevel.melbands_crest.stdev": 7.375047206878662, "lowlevel.melbands_flatness_db.mean": 0.33391210436820984, "lowlevel.melbands_flatness_db.stdev": 0.10304327309131622, "lowlevel.melbands_kurtosis.mean": 31.174007415771484, "lowlevel.melbands_kurtosis.stdev": 49.08512496948242, "lowlevel.melbands_skewness.mean": 3.429839849472046, "lowlevel.melbands_skewness.stdev": 2.84317946434021, "lowlevel.melbands_spread.mean": 13.631379127502441, "lowlevel.melbands_spread.stdev": 26.45791244506836, "lowlevel.pitch_salience.mean": 0.45211535692214966, "lowlevel.pitch_salience.stdev": 0.1572655290365219, "lowlevel.silence_rate_20dB.mean": 1.0, "lowlevel.silence_rate_20dB.stdev": 0.0, "lowlevel.silence_rate_30dB.mean": 0.9952867031097412, "lowlevel.silence_rate_30dB.stdev": 0.06849144399166107, "lowlevel.silence_rate_60dB.mean": 0.3047918379306793, "lowlevel.silence_rate_60dB.stdev": 0.46031638979911804, "lowlevel.spectral_centroid.mean": 818.8141479492188, "lowlevel.spectral_centroid.stdev": 898.017578125, "lowlevel.spectral_complexity.mean": 5.579732894897461, "lowlevel.spectral_complexity.stdev": 4.3490753173828125, "lowlevel.spectral_decrease.mean": -4.1084313728845245e-09, "lowlevel.spectral_decrease.stdev": 5.384910295447298e-09, "lowlevel.spectral_energy.mean": 0.01621643453836441, "lowlevel.spectral_energy.stdev": 0.021431870758533478, "lowlevel.spectral_energyband_high.mean": 7.473831647075713e-05, "lowlevel.spectral_energyband_high.stdev": 0.00023932057956699282, "lowlevel.spectral_energyband_low.mean": 0.003463615197688341, "lowlevel.spectral_energyband_low.stdev": 0.00395851070061326, "lowlevel.spectral_energyband_middle_high.mean": 0.002231000456959009, "lowlevel.spectral_energyband_middle_high.stdev": 0.006742461118847132, "lowlevel.spectral_energyband_middle_low.mean": 0.011261594481766224, "lowlevel.spectral_energyband_middle_low.stdev": 0.017459340393543243, "lowlevel.spectral_entropy.mean": 6.6424713134765625, "lowlevel.spectral_entropy.stdev": 0.9393144249916077, "lowlevel.spectral_flux.mean": 0.04896705597639084, "lowlevel.spectral_flux.stdev": 0.048619434237480164, "lowlevel.spectral_kurtosis.mean": 15.567411422729492, "lowlevel.spectral_kurtosis.stdev": 15.781169891357422, "lowlevel.spectral_rms.mean": 0.0031818714924156666, "lowlevel.spectral_rms.stdev": 0.0023867557756602764, "lowlevel.spectral_rolloff.mean": 887.0551147460938, "lowlevel.spectral_rolloff.stdev": 1801.6300048828125, "lowlevel.spectral_skewness.mean": 2.808732748031616, "lowlevel.spectral_skewness.stdev": 1.4440984725952148, "lowlevel.spectral_spread.mean": 3476273.25, "lowlevel.spectral_spread.stdev": 1760087.0, "lowlevel.spectral_strongpeak.mean": 0.8652940988540649, "lowlevel.spectral_strongpeak.stdev": 1.1800731420516968, "lowlevel.zerocrossingrate.mean": 0.0363069511950016, "lowlevel.zerocrossingrate.stdev": 0.05640282854437828, "metadata.audio_properties.analysis.equal_loudness": 0.0, "metadata.audio_properties.analysis.length": 29.5242862701416, "metadata.audio_properties.analysis.sample_rate": 44100.0, "metadata.audio_properties.analysis.start_time": 0.0, "metadata.audio_properties.bit_rate": 112117.0, "metadata.audio_properties.length": 29.525333404541016, "metadata.audio_properties.lossless": 0.0, "metadata.audio_properties.number_channels": 1.0, "metadata.audio_properties.replay_gain": -6.091775894165039, "metadata.audio_properties.sample_rate": 48000.0, "rhythm.beats_count": 50.0, "rhythm.beats_loudness.mean": 0.02340361662209034, "rhythm.beats_loudness.stdev": 0.026233069598674774, "rhythm.bpm": 126.49822235107422, "rhythm.bpm_histogram_first_peak_bpm": 126.0, "rhythm.bpm_histogram_first_peak_weight": 0.5333333015441895, "rhythm.bpm_histogram_second_peak_bpm": 98.0, "rhythm.bpm_histogram_second_peak_spread": 0.4285714626312256, "rhythm.bpm_histogram_second_peak_weight": 0.16326530277729034, "rhythm.danceability": 1.0742655992507935, "rhythm.onset_rate": 3.6889889240264893, "tonal.chords_changes_rate": 0.07849293202161789, "tonal.chords_number_rate": 0.0188383050262928, "tonal.chords_strength.mean": 0.49350401759147644, "tonal.chords_strength.stdev": 0.09215527772903442, "tonal.hpcp_crest.mean": 15.549529075622559, "tonal.hpcp_crest.stdev": 8.396294593811035, "tonal.hpcp_entropy.mean": 1.8652571439743042, "tonal.hpcp_entropy.stdev": 0.9394865036010742, "tonal.key_edma.strength": 0.5173957943916321, "tonal.key_krumhansl.strength": 0.517272412776947, "tonal.key_temperley.strength": 0.5160700678825378, "tonal.tuning_diatonic_strength": 0.5347747802734375, "tonal.tuning_equal_tempered_deviation": 0.24035845696926117, "tonal.tuning_frequency": 435.1974792480469, "tonal.tuning_nontempered_energy_ratio": 0.8899085521697998, "lowlevel.barkbands.mean": [1.166581660072552e-05, 0.0005465050344355404, 0.0022097129840403795, 0.001059599919244647, 0.0032754638232290745, 0.0023244505282491446, 0.0015582676278427243, 0.0020536636002361774, 0.0007495184545405209, 0.0008887336007319391, 0.00031673486228100955, 0.00042168510844931006, 0.0002079665573546663, 0.00016602121468167752, 9.968888480216265e-05, 6.648684939136729e-05, 6.284700793912634e-05, 8.83370012161322e-05, 2.837223291862756e-05, 9.907063940772787e-06, 9.721380592964124e-06, 3.092315455432981e-05, 1.9500117559800856e-05, 6.406634383893106e-06, 3.3214339509868296e-06, 9.125349720306986e-07, 3.3388801057299133e-08], "lowlevel.barkbands.stdev": [2.1436440874822438e-05, 0.0007833398412913084, 0.003011080902069807, 0.0019845489878207445, 0.0060995109379291534, 0.006982835009694099, 0.007394771557301283, 0.007203374058008194, 0.0043922606855630875, 0.004534508101642132, 0.0020349868573248386, 0.0018826358718797565, 0.0012324845883995295, 0.0008271923870779574, 0.0006455472903326154, 0.0004029824922326952, 0.0002944343432318419, 0.0003573079884517938, 0.00012346479343250394, 4.509024802246131e-05, 4.4722139136865735e-05, 0.00011285740765742958, 6.33967065368779e-05, 2.6356015951023437e-05, 1.2513451110862661e-05, 5.085190878162393e-06, 2.7190179707758944e-07], "lowlevel.erbbands.mean": [0.006544945295900106, 0.18780170381069183, 1.9462480545043945, 3.773576021194458, 4.787656307220459, 12.311148643493652, 18.831470489501953, 20.057369232177734, 21.382282257080078, 33.45225143432617, 36.812564849853516, 15.46719741821289, 28.458175659179688, 18.40359115600586, 16.597335815429688, 13.11867618560791, 9.281885147094727, 8.766603469848633, 7.852702617645264, 3.687101364135742, 3.776543140411377, 3.8415770530700684, 5.03404426574707, 2.431204319000244, 1.0242441892623901, 0.46906572580337524, 0.3855533003807068, 0.4611492156982422, 1.0679394006729126, 1.0020231008529663, 0.46424299478530884, 0.17641976475715637, 0.09635694324970245, 0.051476940512657166, 0.01497998833656311, 0.004824684001505375, 0.00162416766397655, 0.0002109818597091362, 1.312469339609379e-05, 1.8601498595671728e-05], "lowlevel.erbbands.stdev": [0.0095365634188056, 0.25227227807044983, 2.6865158081054688, 5.395181179046631, 11.795534133911133, 27.10515594482422, 40.477325439453125, 72.19393920898438, 119.09701538085938, 116.24840545654297, 126.21417236328125, 80.8355941772461, 141.80728149414062, 88.42857360839844, 84.52958679199219, 56.29319763183594, 48.940738677978516, 38.196510314941406, 45.4991455078125, 15.145529747009277, 20.360191345214844, 15.055060386657715, 21.118318557739258, 9.53787612915039, 4.393028736114502, 2.013439893722534, 1.666510820388794, 1.9755218029022217, 4.046971321105957, 3.2990570068359375, 1.5494040250778198, 0.7110077738761902, 0.37698104977607727, 0.18995678424835205, 0.059443697333335876, 0.023690596222877502, 0.009912882931530476, 0.0014093223726376891, 3.284395643277094e-05, 2.439912896079477e-05], "lowlevel.gfcc.mean": [-183.61167907714844, 138.6748504638672, -94.90082550048828, 28.77204704284668, -56.03971481323242, 17.000246047973633, -40.43136978149414, -4.65648078918457, -14.272911071777344, -11.628973007202148, -5.729667663574219, -5.849012851715088, -13.118060111999512], "lowlevel.melbands.mean": [0.00010176668001804501, 0.000767237797845155, 0.0006538353045471013, 0.0005803631502203643, 0.0006777765229344368, 0.00044707569759339094, 0.00032067435677163303, 0.00041705576586537063, 0.0002617834252305329, 9.573264833306894e-05, 0.0001472044677939266, 8.142911246977746e-05, 4.868079849984497e-05, 5.202225293032825e-05, 1.9274073565611616e-05, 2.357340963499155e-05, 1.548885484226048e-05, 1.4360038221639115e-05, 6.871392542961985e-06, 4.438313226273749e-06, 4.05945502279792e-06, 3.938513145840261e-06, 4.2837500586756505e-06, 4.30171985499328e-06, 1.7127174487541197e-06, 9.035517791744496e-07, 4.793105290445965e-07, 2.5803601033658197e-07, 2.3156553652370349e-07, 2.302027013456609e-07, 2.758492314569594e-07, 5.810330208078085e-07, 6.734124440299638e-07, 5.136515710546519e-07, 2.911189369569911e-07, 1.5695020749717514e-07, 8.664305539696215e-08, 6.792858187054662e-08, 5.7969007372093984e-08, 3.7881868308886624e-08], "lowlevel.melbands.stdev": [0.00014271674444898963, 0.0009672064916230738, 0.0009206932154484093, 0.0011493545025587082, 0.0013188710436224937, 0.0015510907396674156, 0.0016251214547082782, 0.0014117284445092082, 0.0009857909753918648, 0.0005306677776388824, 0.000736816378775984, 0.00040958073805086315, 0.00027938056155107915, 0.00024328872677870095, 0.00011686246580211446, 0.00015070871450006962, 7.2430309955962e-05, 8.678658196004108e-05, 3.314568311907351e-05, 2.909436989284586e-05, 2.0849869542871602e-05, 1.6021596820792183e-05, 2.243991730210837e-05, 2.0496427168836817e-05, 7.246029781526886e-06, 4.111947419005446e-06, 2.240765070382622e-06, 1.1304392728561652e-06, 9.65746494330233e-07, 1.2492206451497623e-06, 1.1505103429954033e-06, 2.25763119487965e-06, 2.4682635739736725e-06, 1.679811589383462e-06, 1.0001454029406887e-06, 5.974530949970358e-07, 3.911582098226063e-07, 2.816858852838777e-07, 2.173636630686815e-07, 1.3909972551573446e-07], "lowlevel.melbands128.mean": [6.745156952092657e-06, 2.4559873054386117e-05, 0.00010140395897906274, 0.00031992659205570817, 0.0008192140958271921, 0.0011476167710497975, 0.0008344476227648556, 0.00043103331699967384, 0.0004708829801529646, 0.0004943962558172643, 0.0007315133698284626, 0.0008194579277187586, 0.000678412732668221, 0.0004843307251576334, 0.00047093999455682933, 0.0004034983576275408, 0.000370069028576836, 0.0002884257410187274, 0.0002856159408111125, 0.00032144144643098116, 0.0005787119152955711, 0.0004794566775672138, 0.0001690029021119699, 0.00012142108607804403, 6.505198689410463e-05, 9.529734961688519e-05, 0.0001320407900493592, 0.00013967719860374928, 0.00019996265473309904, 8.509359759045765e-05, 5.4206568165682256e-05, 3.483496402623132e-05, 4.3088461097795516e-05, 5.556371979764663e-05, 7.932254811748862e-05, 4.240895214024931e-05, 2.2872294721310027e-05, 2.5394010663148947e-05, 7.795912097208202e-06, 2.0660138034145348e-05, 3.286475839558989e-05, 1.9217459339415655e-05, 9.4512279247283e-06, 1.6461726772831753e-05, 2.2455900761997327e-05, 1.2337800399109256e-05, 7.602692676300649e-06, 1.0050262972072233e-05, 4.430367880559061e-06, 2.494508862582734e-06, 4.643316515284823e-06, 6.258943358261604e-06, 4.786321824212791e-06, 2.145641246897867e-06, 4.421690391609445e-06, 4.620618256012676e-06, 2.9768948479613755e-06, 3.6821977573708864e-06, 5.222766958468128e-06, 4.664565040002344e-06, 5.512727966561215e-06, 2.6832829007616965e-06, 1.9432704903010745e-06, 1.523924197499582e-06, 1.163454498964711e-06, 9.427521945326589e-07, 7.280393106157135e-07, 5.218205387791386e-07, 4.402808144732262e-07, 3.898795171153324e-07, 2.361755235824603e-07, 1.978169734684343e-07, 2.3719779562725307e-07, 2.3225976519825053e-07, 2.271592620672891e-07, 2.688400968509086e-07, 2.0543342316159396e-07, 1.9034068543533067e-07, 2.609459670566139e-07, 3.604424989589461e-07, 5.743128212998272e-07, 6.619189321099839e-07, 6.569765105268743e-07, 7.404590860460303e-07, 6.089235284889583e-07, 5.682864525624609e-07, 4.989982471670373e-07, 3.698296779930388e-07, 3.0213047352845024e-07, 2.0707574321932043e-07, 1.820880157765714e-07, 1.5133502984099323e-07, 9.88770736398692e-08, 8.540857976413463e-08, 7.724882777893072e-08, 6.995361445660819e-08, 6.62529231476583e-08, 6.63028458802728e-08, 5.626283083870476e-08, 5.4676512206697225e-08, 5.2856435672765656e-08, 3.132926451598905e-08, 2.695245626682663e-08, 1.9717095511850857e-08, 1.448776920653927e-08, 1.2675412719431733e-08, 1.1245772313372981e-08, 9.766678132905326e-09, 8.130213835499944e-09, 5.646592526886707e-09, 5.744686504272067e-09, 6.559572440778538e-09, 5.9770774996081855e-09, 3.4060454456863454e-09, 2.8990736478107237e-09, 2.184178393704883e-09, 1.3077455784937797e-09, 2.368169549349375e-10, 5.2445655457367124e-11, 2.4814560128927354e-12, 2.4080609468263292e-12, 2.3675096171710264e-12, 2.34113704984662e-12, 2.286209849905463e-12, 2.1479944559144037e-12, 1.92399113134456e-12, 1.8002717372400667e-12, 1.7754280033990821e-12], "lowlevel.melbands128.stdev": [1.196302764583379e-05, 4.957909186487086e-05, 0.00019201212853658944, 0.0004896819009445608, 0.0013135119806975126, 0.00156009616330266, 0.001306503894738853, 0.00092509196838364, 0.0015538320876657963, 0.0011327810352668166, 0.0019763882737606764, 0.0018687330884858966, 0.0017041412647813559, 0.0016891981940716505, 0.0021034725941717625, 0.0020599912386387587, 0.003024382283911109, 0.0017255054553970695, 0.0014678123407065868, 0.0016834280686452985, 0.002438936848193407, 0.0018877816619351506, 0.0009835282107815146, 0.0013469579862430692, 0.0005172894452698529, 0.0006808335310779512, 0.0010290220379829407, 0.0009197270846925676, 0.0012783714337274432, 0.0005653866101056337, 0.0004755350237246603, 0.0002570495998952538, 0.0004347527283243835, 0.00038949225563555956, 0.00045994538231752813, 0.0003002420999109745, 0.0001369504170725122, 0.00022881383483763784, 6.390145426848903e-05, 0.00014468413428403437, 0.00025128660490736365, 0.00016225884610321373, 6.301559187704697e-05, 0.00011291253031231463, 0.0001553265901748091, 0.00014005006232764572, 6.6163316660095e-05, 6.125888467067853e-05, 2.2544943931279704e-05, 1.6067111573647708e-05, 4.579966116580181e-05, 5.60261141799856e-05, 3.3269865525653586e-05, 1.549078842799645e-05, 2.9244565666886047e-05, 2.0257171854609624e-05, 1.5093899492057972e-05, 4.0710714529268444e-05, 2.905180190282408e-05, 2.6262969186063856e-05, 3.483284672256559e-05, 1.700136090221349e-05, 1.0393396223662421e-05, 8.238876034738496e-06, 5.3211556405585725e-06, 5.298370979289757e-06, 4.326138878241181e-06, 2.6389707272755913e-06, 2.5732226731634e-06, 2.1735763766628224e-06, 1.075842419595574e-06, 7.957318075568764e-07, 1.1951597116421908e-06, 9.523398034616548e-07, 1.1194655371582485e-06, 1.726044843053387e-06, 1.2423006410244852e-06, 8.560139121982502e-07, 1.2025742535115569e-06, 1.5369200809800532e-06, 2.362800159971812e-06, 2.9034192721155705e-06, 2.7403309559304034e-06, 2.818444727381575e-06, 2.2850558707432356e-06, 2.0458469407458324e-06, 1.783451011760917e-06, 1.3609505913336761e-06, 1.0601621625028201e-06, 7.839619229343953e-07, 7.271921731444309e-07, 6.181928711157525e-07, 4.510710311933508e-07, 4.0159690684049565e-07, 4.0277672042066115e-07, 3.597421311951621e-07, 2.6682423026613833e-07, 2.685771391952585e-07, 2.2203566629741545e-07, 2.1652874693245394e-07, 2.1762910762390675e-07, 1.157839477627931e-07, 1.0389121740672635e-07, 8.110461635624233e-08, 6.892279458270423e-08, 7.672361590493892e-08, 5.608158204495339e-08, 4.383255358675342e-08, 4.821088595008405e-08, 3.4790250680316603e-08, 3.288293015657473e-08, 4.306911094431598e-08, 4.488420657366987e-08, 2.2092518037197806e-08, 1.9923453109527145e-08, 1.865802445877307e-08, 1.1027738722191316e-08, 2.6869866331935555e-09, 8.813605956170534e-10, 4.506423446209995e-12, 4.401094072514766e-12, 4.298920594503208e-12, 4.208711937986331e-12, 4.13590776210393e-12, 4.075147337634366e-12, 4.02802183968598e-12, 3.9921677075227535e-12, 3.970320166385433e-12], "lowlevel.mfcc.mean": [-832.86083984375, 163.25694274902344, 24.08766746520996, 17.596420288085938, 12.612857818603516, 12.690079689025879, -6.858066082000732, 9.366440773010254, -11.214109420776367, -5.174774169921875, 5.343044757843018, -3.106525421142578, -0.3408055305480957], "lowlevel.spectral_contrast_coeffs.mean": [-0.678803026676178, -0.7297672033309937, -0.7837005853652954, -0.8059138655662537, -0.805164635181427, -0.790448784828186], "lowlevel.spectral_contrast_coeffs.stdev": [0.1227731928229332, 0.12415345758199692, 0.10491776466369629, 0.07393643260002136, 0.07084555178880692, 0.06433577090501785], "lowlevel.spectral_contrast_valleys.mean": [-7.835244655609131, -8.262389183044434, -9.005145072937012, -9.4890718460083, -9.975631713867188, -12.388937950134277], "lowlevel.spectral_contrast_valleys.stdev": [1.358755111694336, 1.3121592998504639, 1.1690820455551147, 1.072380542755127, 1.1211169958114624, 1.1317564249038696], "rhythm.beats_loudness_band_ratio.mean": [0.40630507469177246, 0.28349411487579346, 0.20127195119857788, 0.05965404212474823, 0.020587608218193054, 0.06470832228660583], "rhythm.beats_loudness_band_ratio.stdev": [0.32766640186309814, 0.2891131639480591, 0.2482442855834961, 0.08271248638629913, 0.03141912817955017, 0.2250976413488388], "tonal.hpcp.mean": [0.10393527895212173, 0.09924165159463882, 0.09874261170625687, 0.12303268164396286, 0.13301552832126617, 0.10314446687698364, 0.1278589814901352, 0.14612746238708496, 0.09336230903863907, 0.06360191106796265, 0.058784425258636475, 0.07462132722139359, 0.15433219075202942, 0.17419025301933289, 0.08873815834522247, 0.03428756073117256, 0.031429462134838104, 0.04902675375342369, 0.1015741154551506, 0.10499200224876404, 0.047982655465602875, 0.02322191372513771, 0.023530378937721252, 0.10890256613492966, 0.16092632710933685, 0.08651033043861389, 0.05428704619407654, 0.1027265265583992, 0.10836788266897202, 0.07846416532993317, 0.09306125342845917, 0.08668472617864609, 0.07248525321483612, 0.09093204885721207, 0.11435677856206894, 0.11706243455410004], "tonal.hpcp.stdev": [0.24638277292251587, 0.24378898739814758, 0.24737195670604706, 0.24980193376541138, 0.2584999203681946, 0.223533496260643, 0.25718769431114197, 0.29046526551246643, 0.21464619040489197, 0.18876709043979645, 0.1827775537967682, 0.1998845934867859, 0.27311572432518005, 0.29854801297187805, 0.18503984808921814, 0.13558681309223175, 0.11862512677907944, 0.15468797087669373, 0.24106904864311218, 0.2516237199306488, 0.131768599152565, 0.0886843204498291, 0.09821410477161407, 0.22031201422214508, 0.33289024233818054, 0.17026881873607635, 0.1589808315038681, 0.22262287139892578, 0.2291467785835266, 0.1767207533121109, 0.2285628765821457, 0.21304354071617126, 0.18435293436050415, 0.2134416550397873, 0.24005480110645294, 0.26285746693611145], "rhythm.beats_position": [0.6269387602806091, 1.277097463607788, 1.9272562265396118, 2.554194927215576, 3.18113374710083, 3.8196823596954346, 4.446621417999268, 5.108389854431152, 5.781768798828125, 6.4551472663879395, 7.128525733947754, 7.825124740600586, 8.521722793579102, 9.229931831359863, 9.949749946594238, 10.66956901550293, 11.389387130737305, 12.004715919494629, 12.608434677124023, 13.223763465881348, 13.839092254638672, 14.454421043395996, 15.127799987792969, 15.789568901062012, 16.416507720947266, 17.043445587158203, 17.658775329589844, 18.27410316467285, 18.877822875976562, 19.377052307128906, 19.87628173828125, 20.38711929321289, 20.886348724365234, 21.385578155517578, 21.89641761779785, 22.384035110473633, 22.871654510498047, 23.34766387939453, 23.823673248291016, 24.28807258605957, 24.752471923828125, 25.228479385375977, 25.70448875427246, 26.168888092041016, 26.63328742980957, 27.109296798706055, 27.59691619873047, 28.061315536499023, 28.537322998046875, 29.01333236694336], "rhythm.bpm_histogram": [0.0, 0.0, 0.0, 0.0, 0.0, 0.0, 0.0, 0.0, 0.0, 0.0, 0.0, 0.0, 0.0, 0.0, 0.0, 0.0, 0.0, 0.0, 0.0, 0.0, 0.0, 0.0, 0.0, 0.0, 0.0, 0.0, 0.0, 0.0, 0.0, 0.0, 0.0, 0.0, 0.0, 0.0, 0.0, 0.0, 0.0, 0.0, 0.0, 0.0, 0.0, 0.0, 0.0, 0.0, 0.0, 0.0, 0.0, 0.0, 0.0, 0.0, 0.0, 0.0, 0.0, 0.0, 0.0, 0.0, 0.0, 0.0, 0.0, 0.0, 0.0, 0.0, 0.0, 0.0, 0.0, 0.0, 0.0, 0.0, 0.0, 0.0, 0.0, 0.0, 0.0, 0.0, 0.0, 0.0, 0.0, 0.0, 0.0, 0.0, 0.0, 0.0, 0.0, 0.06122449040412903, 0.0, 0.020408162847161293, 0.040816325694322586, 0.0, 0.0, 0.08163265138864517, 0.0, 0.040816325694322586, 0.040816325694322586, 0.0, 0.020408162847161293, 0.0, 0.10204081982374191, 0.0, 0.12244898080825806, 0.040816325694322586, 0.0, 0.0, 0.0, 0.0, 0.0, 0.0, 0.0, 0.0, 0.0, 0.0, 0.0, 0.0, 0.0, 0.0, 0.0, 0.0, 0.0, 0.040816325694322586, 0.0, 0.0, 0.08163265138864517, 0.0, 0.0, 0.06122449040412903, 0.0, 0.0, 0.1428571492433548, 0.0, 0.0, 0.10204081982374191, 0.0, 0.0, 0.0, 0.0, 0.0, 0.0, 0.0, 0.0, 0.0, 0.0, 0.0, 0.0, 0.0, 0.0, 0.0, 0.0, 0.0, 0.0, 0.0, 0.0, 0.0, 0.0, 0.0, 0.0, 0.0, 0.0, 0.0, 0.0, 0.0, 0.0, 0.0, 0.0, 0.0, 0.0, 0.0, 0.0, 0.0, 0.0, 0.0, 0.0, 0.0, 0.0, 0.0, 0.0, 0.0, 0.0, 0.0, 0.0, 0.0, 0.0, 0.0, 0.0, 0.0, 0.0, 0.0, 0.0, 0.0, 0.0, 0.0, 0.0, 0.0, 0.0, 0.0, 0.0, 0.0, 0.0, 0.0, 0.0, 0.0, 0.0, 0.0, 0.0, 0.0, 0.0, 0.0, 0.0, 0.0, 0.0, 0.0, 0.0, 0.0, 0.0, 0.0, 0.0, 0.0, 0.0, 0.0, 0.0, 0.0, 0.0, 0.0, 0.0, 0.0, 0.0, 0.0, 0.0, 0.0, 0.0, 0.0, 0.0, 0.0, 0.0, 0.0, 0.0, 0.0, 0.0, 0.0, 0.0, 0.0, 0.0, 0.0, 0.0, 0.0, 0.0, 0.0, 0.0, 0.0, 0.0, 0.0, 0.0], "tonal.chords_histogram": [27.315542221069336, 7.378335952758789, 11.302982330322266, 4.23861837387085, 2.354788064956665, 3.296703338623047, 4.395604610443115, 0.0, 0.0, 0.0, 21.193092346191406, 2.354788064956665, 0.0, 0.0, 0.0, 0.7849293351173401, 0.0, 4.23861837387085, 0.0, 0.0, 1.5698586702346802, 0.0, 9.576138496398926, 0.0], "tonal.thpcp": [1.0, 0.5094323754310608, 0.19683972001075745, 0.1804318130016327, 0.28145521879196167, 0.5831217169761658, 0.6027432680130005, 0.27546119689941406, 0.13331350684165955, 0.1350843608379364, 0.6251932382583618, 0.9238538146018982, 0.4966427683830261, 0.3116537630558014, 0.5897375345230103, 0.622123658657074, 0.45045095682144165, 0.5342506170272827, 0.49764394760131836, 0.41612690687179565, 0.5220271944999695, 0.6565050482749939, 0.6720377802848816, 0.596676766872406, 0.5697313547134399, 0.5668664574623108, 0.7063120603561401, 0.7636221051216125, 0.5921368598937988, 0.7340191602706909, 0.8388957381248474, 0.5359789729118347, 0.3651289939880371, 0.337472528219223, 0.4283897876739502, 0.8859978318214417], "lowlevel.gfcc.cov": [[16597.27734375, 2349.416259765625, -1242.3338623046875, -806.0316162109375, -1128.461669921875, -1422.7796630859375, -657.721435546875, -1106.4278564453125, 213.74449157714844, -1353.515869140625, -168.96315002441406, -280.6266174316406, -490.1223449707031], [2349.416259765625, 3854.66552734375, 309.27886962890625, -1259.2740478515625, -6.295769214630127, -646.2322387695312, 47.32832336425781, -525.1218872070312, 131.50071716308594, -721.1649169921875, 178.5113067626953, -328.75250244140625, 49.97118377685547], [-1242.3338623046875, 309.27886962890625, 1051.5831298828125, 67.35536193847656, 137.6374053955078, 116.1821060180664, -39.92655563354492, -14.483283042907715, -129.4549102783203, 44.523929595947266, 12.215134620666504, -58.508216857910156, -26.491714477539062], [-806.0316162109375, -1259.2740478515625, 67.35536193847656, 993.8958129882812, 131.30587768554688, 61.30045700073242, -122.29619598388672, 106.27637481689453, -17.13712501525879, 199.51577758789062, -72.93544006347656, 116.15095520019531, 74.2403793334961], [-1128.461669921875, -6.295769214630127, 137.6374053955078, 131.30587768554688, 359.04345703125, 85.14332580566406, -69.41844940185547, 27.77945327758789, 42.022972106933594, 103.72891235351562, 4.594264984130859, -31.42810821533203, 42.02336883544922], [-1422.7796630859375, -646.2322387695312, 116.1821060180664, 61.30045700073242, 85.14332580566406, 457.4541015625, 96.4855728149414, 165.19418334960938, -36.28639602661133, 232.79901123046875, 10.32431697845459, 13.60951042175293, -41.810943603515625], [-657.721435546875, 47.32832336425781, -39.92655563354492, -122.29619598388672, -69.41844940185547, 96.4855728149414, 370.65350341796875, 136.15036010742188, -70.40533447265625, 8.286370277404785, 55.15275573730469, 15.095118522644043, -18.118555068969727], [-1106.4278564453125, -525.1218872070312, -14.483283042907715, 106.27637481689453, 27.77945327758789, 165.19418334960938, 136.15036010742188, 322.7838134765625, -18.733627319335938, 126.5077896118164, 0.008373860269784927, 46.61274719238281, -25.929447174072266], [213.74449157714844, 131.50071716308594, -129.4549102783203, -17.13712501525879, 42.022972106933594, -36.28639602661133, -70.40533447265625, -18.733627319335938, 182.94302368164062, -13.902779579162598, -0.8892490267753601, -14.815947532653809, 31.004701614379883], [-1353.515869140625, -721.1649169921875, 44.523929595947266, 199.51577758789062, 103.72891235351562, 232.79901123046875, 8.286370277404785, 126.5077896118164, -13.902779579162598, 324.6188049316406, 0.38519302010536194, 45.86725616455078, -1.2033679485321045], [-168.96315002441406, 178.5113067626953, 12.215134620666504, -72.93544006347656, 4.594264984130859, 10.32431697845459, 55.15275573730469, 0.008373860269784927, -0.8892490267753601, 0.38519302010536194, 126.2876968383789, -2.186464786529541, 3.723708391189575], [-280.6266174316406, -328.75250244140625, -58.508216857910156, 116.15095520019531, -31.42810821533203, 13.60951042175293, 15.095118522644043, 46.61274719238281, -14.815947532653809, 45.86725616455078, -2.186464786529541, 184.9356689453125, 58.046722412109375], [-490.1223449707031, 49.97118377685547, -26.491714477539062, 74.2403793334961, 42.02336883544922, -41.810943603515625, -18.118555068969727, -25.929447174072266, 31.004701614379883, -1.2033679485321045, 3.723708391189575, 58.046722412109375, 164.8989715576172]], "lowlevel.gfcc.icov": [[0.0002114605304086581, -1.9083148799836636e-05, 0.00018995729624293745, -8.147779590217397e-05, 0.00038999185198917985, 0.0001404722424922511, 0.00025917316088452935, 0.00038343374035321176, -0.00012398975377436727, 0.0004838760069105774, 8.018224616535008e-05, -3.206251858500764e-05, 0.0007628188468515873], [-1.9083148799836636e-05, 0.0017476697685196996, -0.0008220190647989511, 0.0015754856867715716, -0.001018680864945054, 0.0013784571783617139, -0.00090379937319085, 0.0010188466403633356, -0.0010304538300260901, 0.0017026371788233519, -0.0011527871247380972, 0.0011434631887823343, -0.000927997287362814], [0.00018995729624293745, -0.0008220190647989511, 0.0017491576727479696, -0.0008485524449497461, 0.0003419822023715824, -0.0008533844957128167, 0.0009352344204671681, -5.6055188906611875e-05, 0.0014272368280217052, -0.00015858578262850642, 0.00038149103056639433, -0.00020262767793610692, 0.0010603680275380611], [-8.147779590217397e-05, 0.0015754856867715716, -0.0008485524449497461, 0.002874203724786639, -0.0013126875273883343, 0.0015012301737442613, -0.0003949483507312834, 0.0003440470900386572, -0.0005526060122065246, 0.0006340257241390646, -0.0004508074780460447, 0.0004701920261140913, -0.0014708774397149682], [0.00038999185198917985, -0.001018680864945054, 0.0003419822023715824, -0.0013126875273883343, 0.0051962039433419704, -0.0008787440601736307, 0.0015912720700725913, -0.00023688121291343123, -0.0005017889779992402, -0.0009624199592508376, 0.00035173483774997294, 0.0006157877505756915, 0.0005669788224622607], [0.0001404722424922511, 0.0013784571783617139, -0.0008533844957128167, 0.0015012301737442613, -0.0008787440601736307, 0.005371646489948034, -0.0012500507291406393, 0.0002830830926541239, -0.0008942004642449319, -0.0009748654556460679, -0.0006749842432327569, 0.0009333330672234297, 0.0005276334122754633], [0.00025917316088452935, -0.00090379937319085, 0.0009352344204671681, -0.0003949483507312834, 0.0015912720700725913, -0.0012500507291406393, 0.0051629915833473206, -0.0020027211867272854, 0.00201792037114501, 0.00036723018274642527, -0.0009180721826851368, -0.00037701893597841263, 0.000678887648973614], [0.00038343374035321176, 0.0010188466403633356, -5.6055188906611875e-05, 0.0003440470900386572, -0.00023688121291343123, 0.0002830830926541239, -0.0020027211867272854, 0.006371661089360714, -0.0014787411782890558, 0.001093782833777368, 5.794863682240248e-05, -0.0003587041574064642, 0.0019919895566999912], [-0.00012398975377436727, -0.0010304538300260901, 0.0014272368280217052, -0.0005526060122065246, -0.0005017889779992402, -0.0008942004642449319, 0.00201792037114501, -0.0014787411782890558, 0.008039597421884537, -0.0010363527107983828, 0.00014691388059873134, 0.00028099591145291924, -0.0013092474546283484], [0.0004838760069105774, 0.0017026371788233519, -0.00015858578262850642, 0.0006340257241390646, -0.0009624199592508376, -0.0009748654556460679, 0.00036723018274642527, 0.001093782833777368, -0.0010363527107983828, 0.009008336812257767, -0.0014840812655165792, 0.00025864687631838024, 0.0010247966274619102], [8.018224616535008e-05, -0.0011527871247380972, 0.00038149103056639433, -0.0004508074780460447, 0.00035173483774997294, -0.0006749842432327569, -0.0009180721826851368, 5.794863682240248e-05, 0.00014691388059873134, -0.0014840812655165792, 0.009770669043064117, -0.0010500580538064241, 0.0006099112215451896], [-3.206251858500764e-05, 0.0011434631887823343, -0.00020262767793610692, 0.0004701920261140913, 0.0006157877505756915, 0.0009333330672234297, -0.00037701893597841263, -0.0003587041574064642, 0.00028099591145291924, 0.00025864687631838024, -0.0010500580538064241, 0.008279340341687202, -0.003645840333774686], [0.0007628188468515873, -0.000927997287362814, 0.0010603680275380611, -0.0014708774397149682, 0.0005669788224622607, 0.0005276334122754633, 0.000678887648973614, 0.0019919895566999912, -0.0013092474546283484, 0.0010247966274619102, 0.0006099112215451896, -0.003645840333774686, 0.011345778591930866]], "lowlevel.mfcc.cov": [[16432.79296875, 1494.073974609375, -702.7052001953125, -60.11589050292969, -815.3486328125, -690.449951171875, -1539.81689453125, 129.6289520263672, -959.4315185546875, -750.4066162109375, -136.73533630371094, -867.7454833984375, -365.5553894042969], [1494.073974609375, 4262.9150390625, 214.3252716064453, -601.8746337890625, -225.61512756347656, -358.4422302246094, -202.73680114746094, 43.91237258911133, -310.68341064453125, -269.5614013671875, -75.8612060546875, -200.16744995117188, -141.0424346923828], [-702.7052001953125, 214.3252716064453, 771.5630493164062, 43.47373962402344, 93.69621276855469, 41.338069915771484, 136.00547790527344, -45.93305206298828, -16.888540267944336, -47.838741302490234, -49.040077209472656, 65.98419952392578, 17.740659713745117], [-60.11589050292969, -601.8746337890625, 43.47373962402344, 671.302734375, 142.7289581298828, 21.972583770751953, -53.520294189453125, -34.55686569213867, 53.837989807128906, -58.73955154418945, -101.31504821777344, 18.325580596923828, 20.780380249023438], [-815.3486328125, -225.61512756347656, 93.69621276855469, 142.7289581298828, 522.675537109375, 113.48868560791016, -69.39350891113281, -139.26235961914062, 65.06495666503906, 47.495357513427734, -12.01469612121582, 74.28319549560547, -18.576629638671875], [-690.449951171875, -358.4422302246094, 41.338069915771484, 21.972583770751953, 113.48868560791016, 258.2503662109375, 68.06880950927734, -81.18441009521484, 52.16673278808594, 49.35141372680664, 20.81329917907715, 60.858707427978516, 22.58477020263672], [-1539.81689453125, -202.73680114746094, 136.00547790527344, -53.520294189453125, -69.39350891113281, 68.06880950927734, 429.39715576171875, 61.21567916870117, 55.68511199951172, 132.29049682617188, 64.68861389160156, 99.82108306884766, 37.59503173828125], [129.6289520263672, 43.91237258911133, -45.93305206298828, -34.55686569213867, -139.26235961914062, -81.18441009521484, 61.21567916870117, 231.6376495361328, 24.225242614746094, -13.696708679199219, 30.814363479614258, -4.112661838531494, 1.1442656517028809], [-959.4315185546875, -310.68341064453125, -16.888540267944336, 53.837989807128906, 65.06495666503906, 52.16673278808594, 55.68511199951172, 24.225242614746094, 202.047607421875, 61.360904693603516, -2.405669689178467, 58.43291091918945, 29.8084774017334], [-750.4066162109375, -269.5614013671875, -47.838741302490234, -58.73955154418945, 47.495357513427734, 49.35141372680664, 132.29049682617188, -13.696708679199219, 61.360904693603516, 259.4519348144531, 87.73104095458984, 33.32909393310547, -25.26175880432129], [-136.73533630371094, -75.8612060546875, -49.040077209472656, -101.31504821777344, -12.01469612121582, 20.81329917907715, 64.68861389160156, 30.814363479614258, -2.405669689178467, 87.73104095458984, 155.58782958984375, 36.64472198486328, -16.565221786499023], [-867.7454833984375, -200.16744995117188, 65.98419952392578, 18.325580596923828, 74.28319549560547, 60.858707427978516, 99.82108306884766, -4.112661838531494, 58.43291091918945, 33.32909393310547, 36.64472198486328, 167.85169982910156, 60.685516357421875], [-365.5553894042969, -141.0424346923828, 17.740659713745117, 20.780380249023438, -18.576629638671875, 22.58477020263672, 37.59503173828125, 1.1442656517028809, 29.8084774017334, -25.26175880432129, -16.565221786499023, 60.685516357421875, 122.05571746826172]], "lowlevel.mfcc.icov": [[0.0001727581984596327, 3.960050889872946e-05, 6.868800028314581e-06, -2.4679107809788547e-05, 0.0001966068084584549, 5.2436280384426937e-05, 0.0005065532750450075, -0.0001323383767157793, 0.000543248257599771, 0.00011927340528927743, -0.00012753251940011978, 0.0002853359328582883, 0.00016464522923342884], [3.960050889872946e-05, 0.00038076366763561964, -0.00011127642937935889, 0.0003560344048310071, 1.2389699804771226e-05, 0.0003889754880219698, 0.00011828212154796347, 1.0288860721630044e-05, 0.00035476108314469457, 0.00032055977499112487, 0.0001556020724819973, 9.54586939769797e-05, 0.0003608998085837811], [6.868800028314581e-06, -0.00011127642937935889, 0.0016539528733119369, -7.412254490191117e-05, -0.0003441302396822721, -5.900628457311541e-05, -0.0008381975349038839, 0.0002476956869941205, 0.0002928028698079288, 0.0005368215497583151, 0.0005418962682597339, -0.00046924431808292866, 0.00022505146625917405], [-2.4679107809788547e-05, 0.0003560344048310071, -7.412254490191117e-05, 0.0021461565047502518, -0.0005107917822897434, 0.0003414239617995918, -5.9689755289582536e-05, -4.675723903346807e-05, -0.0001687047042651102, 0.00048748886911198497, 0.0012689240975305438, -0.00018283243116457015, 0.00026601075660437346], [0.0001966068084584549, 1.2389699804771226e-05, -0.0003441302396822721, -0.0005107917822897434, 0.0033603888005018234, -0.0006032214732840657, 0.0016027844976633787, 0.0010864678770303726, -0.00011107164027635008, -0.0005003195255994797, -5.24683237017598e-05, -0.0013456711312755942, 0.0014448449946939945], [5.2436280384426937e-05, 0.0003889754880219698, -5.900628457311541e-05, 0.0003414239617995918, -0.0006032214732840657, 0.005790421273559332, -0.0007702612201683223, 0.001998698804527521, -0.0006583994254469872, 0.0005624475888907909, -0.0007169425953179598, -0.0003113725106231868, -5.304227306623943e-05], [0.0005065532750450075, 0.00011828212154796347, -0.0008381975349038839, -5.9689755289582536e-05, 0.0016027844976633787, -0.0007702612201683223, 0.005672471132129431, -0.0015396357048302889, 0.0016478938050568104, -0.0018556596478447318, -0.0003386033931747079, -0.000895542383659631, 5.228048757999204e-05], [-0.0001323383767157793, 1.0288860721630044e-05, 0.0002476956869941205, -4.675723903346807e-05, 0.0010864678770303726, 0.001998698804527521, -0.0015396357048302889, 0.0067312330938875675, -0.0022956973407417536, 0.0014061230467632413, -0.0016688485629856586, -0.0001906633551698178, 0.0005141310975886881], [0.000543248257599771, 0.00035476108314469457, 0.0002928028698079288, -0.0001687047042651102, -0.00011107164027635008, -0.0006583994254469872, 0.0016478938050568104, -0.0022956973407417536, 0.008848428726196289, -0.00141825748141855, 0.0015406887978315353, -0.0006467390921898186, -0.00028184388065710664], [0.00011927340528927743, 0.00032055977499112487, 0.0005368215497583151, 0.00048748886911198497, -0.0005003195255994797, 0.0005624475888907909, -0.0018556596478447318, 0.0014061230467632413, -0.00141825748141855, 0.007143611088395119, -0.00293379626236856, 0.0009125360520556569, 0.001917787827551365], [-0.00012753251940011978, 0.0001556020724819973, 0.0005418962682597339, 0.0012689240975305438, -5.24683237017598e-05, -0.0007169425953179598, -0.0003386033931747079, -0.0016688485629856586, 0.0015406887978315353, -0.00293379626236856, 0.010609600692987442, -0.0033228129614144564, 0.0018561953911557794], [0.0002853359328582883, 9.54586939769797e-05, -0.00046924431808292866, -0.00018283243116457015, -0.0013456711312755942, -0.0003113725106231868, -0.000895542383659631, -0.0001906633551698178, -0.0006467390921898186, 0.0009125360520556569, -0.0033228129614144564, 0.011414241977036, -0.0045846072025597095], [0.00016464522923342884, 0.0003608998085837811, 0.00022505146625917405, 0.00026601075660437346, 0.0014448449946939945, -5.304227306623943e-05, 5.228048757999204e-05, 0.0005141310975886881, -0.00028184388065710664, 0.001917787827551365, 0.0018561953911557794, -0.0045846072025597095, 0.012231044471263885]], "metadata.audio_properties.analysis.downmix": "mix", "metadata.audio_properties.codec": "mp3", "metadata.audio_properties.md5_encoded": "c43422514ee7b7720f6c92aa08e59987", "metadata.tags.file_name": "1182266380402307092.mp3", "metadata.version.essentia": "2.1-beta6-dev", "metadata.version.essentia_git_sha": "v2.1_beta5-1110-g77a6a954", "metadata.version.extractor": "music 2.0", "tonal.chords_key": "F#", "tonal.chords_scale": "major", "tonal.key_edma.key": "F#", "tonal.key_edma.scale":