{"song_id": "1182274913990610985", "download": "https://cdn.discordapp.com/attachments/1128313332273782784/1182274913990610985/chirp.mp4?ex=65841a51&amp", "lyrics": "\u3053\u306e\u4e16\u754c\u306f\u5618\u3068\u507d\u308a\u3067\u6e80\u3061\u3066\u308b \u305d\u308c\u3067\u3082\u3001\u3042\u308b\u65e5\u3001\u305d\u308c\u3092\u8d85\u3048\u3066\u65c5\u7acb\u3064 \u305d\u306e\u3068\u304d\u3001\u611b\u304c\u7f8e\u3057\u304d\u9053\u6a19\u306b\u306a\u308b\n\n\u79c1\u3092\u98df\u3079\u308b \u79c1\u3092\u98df\u3079\u308b \u79c1\u3092\u98df\u3079\u308b \u79c1\u3092\u98df\u3079\u308b \u79c1\u3092\u98df\u3079\u308b \u79c1\u3092\u98df\u3079\u308b \u79c1\u3092\u98df\u3079\u308b \u79c1\u3092\u98df\u3079\u308b \u79c1\u3092\u98df\u3079\u308b \u79c1\u3092\u98df\u3079\u308b \u79c1\u3092\u98df\u3079\u308b \u79c1\u3092\u98df\u3079\u308b\n\n\u9858\u3044\u9752\u3044\u7a7a\u3092\u898b\u4e0a\u3052\u305f\u541b\u3068\u3044\u3063\u3057\u3087\u306b\u3044\u305f\u3044\u3042\u306e\u3072\u304b\u3089\u305a\u3063\u3068\u7d9a\u3051\u305f\u308b\u5922\u306e\u306a\u304b\u3067\n\n\u79c1\u3092\u98df\u3079\u308b \u79c1\u3092\u98df\u3079\u308b \u79c1\u3092\u98df\u3079\u308b \u79c1\u3092\u98df\u3079\u308b \u79c1\u3092\u98df\u3079\u308b \u79c1\u3092\u98df\u3079\u308b \u79c1\u3092\u98df\u3079\u308b \u79c1\u3092\u98df\u3079\u308b \u79c1\u3092\u98df\u3079\u308b \u79c1\u3092\u98df\u3079\u308b \u79c1\u3092\u98df\u3079\u308b \u79c1\u3092\u98df\u3079\u308b \u79c1\u3092\u98df\u3079\u308b \u79c1\u3092\u98df\u3079\u308b \u79c1\u3092\u98df\u3079\u308b\n\n\u3044\u3064\u304b\u3053\u306e\u8857\u304c \u4e8c\u4eba\u306e\u661f\u5ea7\u306b\u306a\u308b \u305d\u306e\u6642\u541b\u306b\u4f1d\u3048\u305f\u3044 \u611b\u306f\u5b87\u5b99\u3092\u8d8a\u3048\u3066\n\n\u79c1\u306f\u541b\u3092\u63a2\u3057\u3066\u305f \u8ff7\u3044\u306a\u304c\u3089\u9032\u3081\u305f \u3069\u3053\u306b\u3082\u541b\u306f\u3044\u306a\u3044\u3068\u77e5\u3063\u3066 \u50b7\u3064\u3044\u3066\u3082\u7acb\u3061\u4e0a\u304c\u308b\n\n\u79c1\u3092\u98df\u3079\u308b \u79c1\u3092\u98df\u3079\u308b \u79c1\u3092\u98df\u3079\u308b \u79c1\u3092\u98df\u3079\u308b \u79c1\u3092\u98df\u3079\u308b \u79c1\u3092\u98df\u3079\u308b \u79c1\u3092\u98df\u3079\u308b \u79c1\u3092\u98df\u3079\u308b \u79c1\u3092\u98df\u3079\u308b \u79c1\u3092\u98df\u3079\u308b \u79c1\u3092\u98df\u3079\u308b \u79c1\u3092\u98df\u3079\u308b \u79c1\u3092\u98df\u3079\u308b \u79c1\u3092\u98df\u3079\u308b \u79c1\u3092\u98df\u3079\u308b \u79c1\u3092\u98df\u3079\u308b \u79c1\u3092\u98df\u3079\u308b \u79c1\u3092\u98df\u3079\u308b \u79c1\u3092\u98df\u3079\u308b \u79c1\u3092\u98df\u3079\u308b \u79c1\u3092\u98df\u3079\u308b \n\n\u8cb4\u65b9\u304c\u3044\u308c\u3070\u50d5\u306f \u4f55\u3082\u6016\u304f\u306a\u3044\u3088 \u3060\u304b\u3089\u541b\u3060\u3051\u306e\u5b58\u5728 \u4fe1\u3058\u7d9a\u3051\u3066\u3044\u308b\u304b\u3089", "style": ["rock</span><span>, female vocal"], "essentia_features": {"lowlevel.average_loudness": 0.967303991317749, "lowlevel.barkbands_crest.mean": 15.641427993774414, "lowlevel.barkbands_crest.stdev": 6.2853875160217285, "lowlevel.barkbands_flatness_db.mean": 0.2841033339500427, "lowlevel.barkbands_flatness_db.stdev": 0.12865294516086578, "lowlevel.barkbands_kurtosis.mean": 83.90860748291016, "lowlevel.barkbands_kurtosis.stdev": 291.39239501953125, "lowlevel.barkbands_skewness.mean": 4.093647480010986, "lowlevel.barkbands_skewness.stdev": 6.102503299713135, "lowlevel.barkbands_spread.mean": 14.07193374633789, "lowlevel.barkbands_spread.stdev": 15.832215309143066, "lowlevel.dissonance.mean": 0.44507816433906555, "lowlevel.dissonance.stdev": 0.04458732530474663, "lowlevel.dynamic_complexity": 5.4104814529418945, "lowlevel.erbbands_crest.mean": 12.956466674804688, "lowlevel.erbbands_crest.stdev": 6.105109214782715, "lowlevel.erbbands_flatness_db.mean": 0.22530002892017365, "lowlevel.erbbands_flatness_db.stdev": 0.08535879850387573, "lowlevel.erbbands_kurtosis.mean": 3.0077500343322754, "lowlevel.erbbands_kurtosis.stdev": 7.529229640960693, "lowlevel.erbbands_skewness.mean": 0.7140712141990662, "lowlevel.erbbands_skewness.stdev": 1.5993019342422485, "lowlevel.erbbands_spread.mean": 41.05989456176758, "lowlevel.erbbands_spread.stdev": 29.430950164794922, "lowlevel.hfc.mean": 15.927915573120117, "lowlevel.hfc.stdev": 16.805984497070312, "lowlevel.loudness_ebu128.integrated": -16.51407814025879, "lowlevel.loudness_ebu128.loudness_range": 2.7382583618164062, "lowlevel.loudness_ebu128.momentary.mean": -17.772159576416016, "lowlevel.loudness_ebu128.momentary.stdev": 4.833517074584961, "lowlevel.loudness_ebu128.short_term.mean": -16.83401107788086, "lowlevel.loudness_ebu128.short_term.stdev": 1.0243701934814453, "lowlevel.melbands_crest.mean": 21.730331420898438, "lowlevel.melbands_crest.stdev": 9.159351348876953, "lowlevel.melbands_flatness_db.mean": 0.3440527021884918, "lowlevel.melbands_flatness_db.stdev": 0.15703609585762024, "lowlevel.melbands_kurtosis.mean": 133.69651794433594, "lowlevel.melbands_kurtosis.stdev": 756.3507080078125, "lowlevel.melbands_skewness.mean": 5.331295490264893, "lowlevel.melbands_skewness.stdev": 7.101466655731201, "lowlevel.melbands_spread.mean": 17.629337310791016, "lowlevel.melbands_spread.stdev": 27.862770080566406, "lowlevel.pitch_salience.mean": 0.400817334651947, "lowlevel.pitch_salience.stdev": 0.21798421442508698, "lowlevel.silence_rate_20dB.mean": 0.9860950112342834, "lowlevel.silence_rate_20dB.stdev": 0.11709455400705338, "lowlevel.silence_rate_30dB.mean": 0.7792584300041199, "lowlevel.silence_rate_30dB.stdev": 0.41474542021751404, "lowlevel.silence_rate_60dB.mean": 0.17844727635383606, "lowlevel.silence_rate_60dB.stdev": 0.3828899562358856, "lowlevel.spectral_centroid.mean": 1282.3507080078125, "lowlevel.spectral_centroid.stdev": 1136.4337158203125, "lowlevel.spectral_complexity.mean": 9.064889907836914, "lowlevel.spectral_complexity.stdev": 9.427305221557617, "lowlevel.spectral_decrease.mean": -1.701473983928281e-08, "lowlevel.spectral_decrease.stdev": 2.2921714304402485e-08, "lowlevel.spectral_energy.mean": 0.06566224992275238, "lowlevel.spectral_energy.stdev": 0.0870179533958435, "lowlevel.spectral_energyband_high.mean": 0.0007669806363992393, "lowlevel.spectral_energyband_high.stdev": 0.001421937602572143, "lowlevel.spectral_energyband_low.mean": 0.05028989538550377, "lowlevel.spectral_energyband_low.stdev": 0.08671729266643524, "lowlevel.spectral_energyband_middle_high.mean": 0.0029868860729038715, "lowlevel.spectral_energyband_middle_high.stdev": 0.006609420757740736, "lowlevel.spectral_energyband_middle_low.mean": 0.012303264811635017, "lowlevel.spectral_energyband_middle_low.stdev": 0.017854807898402214, "lowlevel.spectral_entropy.mean": 7.103560924530029, "lowlevel.spectral_entropy.stdev": 0.7627078294754028, "lowlevel.spectral_flux.mean": 0.10946215689182281, "lowlevel.spectral_flux.stdev": 0.11933740228414536, "lowlevel.spectral_kurtosis.mean": 10.492030143737793, "lowlevel.spectral_kurtosis.stdev": 20.608753204345703, "lowlevel.spectral_rms.mean": 0.006386324763298035, "lowlevel.spectral_rms.stdev": 0.004824492149055004, "lowlevel.spectral_rolloff.mean": 1254.3310546875, "lowlevel.spectral_rolloff.stdev": 2472.91845703125, "lowlevel.spectral_skewness.mean": 1.641220211982727, "lowlevel.spectral_skewness.stdev": 1.4683254957199097, "lowlevel.spectral_spread.mean": 4430809.0, "lowlevel.spectral_spread.stdev": 2960266.75, "lowlevel.spectral_strongpeak.mean": 0.9216225743293762, "lowlevel.spectral_strongpeak.stdev": 1.0384292602539062, "lowlevel.zerocrossingrate.mean": 0.05117956921458244, "lowlevel.zerocrossingrate.stdev": 0.0810420885682106, "metadata.audio_properties.analysis.equal_loudness": 0.0, "metadata.audio_properties.analysis.length": 40.04265213012695, "metadata.audio_properties.analysis.sample_rate": 44100.0, "metadata.audio_properties.analysis.start_time": 0.0, "metadata.audio_properties.bit_rate": 112062.0, "metadata.audio_properties.length": 40.042667388916016, "metadata.audio_properties.lossless": 0.0, "metadata.audio_properties.number_channels": 1.0, "metadata.audio_properties.replay_gain": -9.051069259643555, "metadata.audio_properties.sample_rate": 48000.0, "rhythm.beats_count": 62.0, "rhythm.beats_loudness.mean": 0.18033084273338318, "rhythm.beats_loudness.stdev": 0.12729240953922272, "rhythm.bpm": 95.0130844116211, "rhythm.bpm_histogram_first_peak_bpm": 96.0, "rhythm.bpm_histogram_first_peak_weight": 0.3965517282485962, "rhythm.bpm_histogram_second_peak_bpm": 85.0, "rhythm.bpm_histogram_second_peak_spread": 0.0, "rhythm.bpm_histogram_second_peak_weight": 0.032786883413791656, "rhythm.danceability": 1.5973800420761108, "rhythm.onset_rate": 5.0431389808654785, "tonal.chords_changes_rate": 0.0763888880610466, "tonal.chords_number_rate": 0.010416666977107525, "tonal.chords_strength.mean": 0.551680326461792, "tonal.chords_strength.stdev": 0.08873873203992844, "tonal.hpcp_crest.mean": 16.963651657104492, "tonal.hpcp_crest.stdev": 9.070711135864258, "tonal.hpcp_entropy.mean": 1.6352617740631104, "tonal.hpcp_entropy.stdev": 0.927026093006134, "tonal.key_edma.strength": 0.7771210670471191, "tonal.key_krumhansl.strength": 0.7792752385139465, "tonal.key_temperley.strength": 0.7772762775421143, "tonal.tuning_diatonic_strength": 0.6693952679634094, "tonal.tuning_equal_tempered_deviation": 0.2856837213039398, "tonal.tuning_frequency": 434.193115234375, "tonal.tuning_nontempered_energy_ratio": 0.9689361453056335, "lowlevel.barkbands.mean": [0.004796347580850124, 0.041599590331315994, 0.003271132707595825, 0.0017302368069067597, 0.003744959132745862, 0.0043344818986952305, 0.001353316125459969, 0.00017331911658402532, 0.0008696773438714445, 0.0009355244692414999, 0.00039180205203592777, 0.0005973742809146643, 0.0002037961094174534, 0.00017340491467621177, 0.00011310449917800725, 0.00010612254118314013, 0.00012984932982362807, 0.00010993349133059382, 0.0001645199954509735, 0.00022565417748410255, 0.0002820945519488305, 0.00016706378664821386, 6.171442510094494e-05, 4.864098445978016e-05, 6.0481364926090464e-05, 1.8015554815065116e-05, 1.652345673619493e-07], "lowlevel.barkbands.stdev": [0.009370220825076103, 0.07842426747083664, 0.014196007512509823, 0.008513602428138256, 0.008244499564170837, 0.008867940865457058, 0.00535146938636899, 0.0006196682224981487, 0.002624079817906022, 0.003674532985314727, 0.001478498918004334, 0.002645650180056691, 0.0007926174439489841, 0.0006436893017962575, 0.00043938812450505793, 0.0002543011214584112, 0.00039669129182584584, 0.00028573261806741357, 0.0004741279117297381, 0.00045402260730043054, 0.0005398769862949848, 0.0004103141836822033, 0.00019403183250688016, 0.00013538739585783333, 0.00018464174354448915, 5.6219720136141405e-05, 1.4940075061531388e-06], "lowlevel.erbbands.mean": [1.7176588773727417, 7.190975666046143, 5.340532302856445, 5.2165703773498535, 6.617569923400879, 15.329132080078125, 20.393680572509766, 46.133968353271484, 22.9643497467041, 11.004325866699219, 4.607351303100586, 22.89826011657715, 26.717924118041992, 17.635637283325195, 21.804607391357422, 21.984216690063477, 11.968116760253906, 6.794099807739258, 8.768839836120605, 5.518176555633545, 5.996670246124268, 7.709327697753906, 6.18327522277832, 7.92650842666626, 8.164872169494629, 10.466089248657227, 13.416672706604004, 8.633206367492676, 6.937854290008545, 3.3800389766693115, 1.4437246322631836, 0.7565122246742249, 1.027176856994629, 0.8491938710212708, 0.31988924741744995, 0.11354970932006836, 0.02708357572555542, 0.0020482209511101246, 8.185156184481457e-05, 7.580487726954743e-05], "lowlevel.erbbands.stdev": [3.193678617477417, 15.38677978515625, 17.706817626953125, 23.501890182495117, 23.866817474365234, 37.81719207763672, 42.97370147705078, 102.54224395751953, 68.27762603759766, 54.160560607910156, 12.788443565368652, 69.60749816894531, 83.0566635131836, 60.990848541259766, 77.40576171875, 95.79785919189453, 45.94381332397461, 21.12545394897461, 27.29313087463379, 18.939186096191406, 14.482592582702637, 23.066438674926758, 15.453861236572266, 23.124364852905273, 19.603723526000977, 20.657852172851562, 25.249452590942383, 17.759632110595703, 17.652189254760742, 8.750103950500488, 4.34451961517334, 2.253925085067749, 3.0466511249542236, 2.883204936981201, 0.8772525787353516, 0.3515802025794983, 0.08334130048751831, 0.007654294837266207, 0.00019463361240923405, 9.418224362889305e-05], "lowlevel.gfcc.mean": [-124.6202621459961, 113.36558532714844, -111.73836517333984, 42.62522506713867, -51.31312942504883, 9.407407760620117, -8.523330688476562, 4.8970513343811035, -12.589444160461426, 12.79025650024414, 0.4685342609882355, 7.0134358406066895, 15.753951072692871], "lowlevel.melbands.mean": [0.013482899405062199, 0.004848799202591181, 0.0009090545354411006, 0.0007741784211248159, 0.0007412027916871011, 0.0009451778023503721, 0.00033192182308994234, 9.817375394050032e-05, 3.27739653585013e-05, 0.00015474087558686733, 0.0001413765421602875, 8.543246804038063e-05, 5.720835906686261e-05, 6.517952715512365e-05, 5.8149435062659904e-05, 1.4599028872908093e-05, 1.2238781891937833e-05, 1.5868592527112924e-05, 8.1387424870627e-06, 7.252436716953525e-06, 6.731159373885021e-06, 8.296637133753393e-06, 5.871579105587443e-06, 5.27422616869444e-06, 6.585662049474195e-06, 6.212480911926832e-06, 6.261190264922334e-06, 7.087739049893571e-06, 8.178720236173831e-06, 7.281336365849711e-06, 4.296953648008639e-06, 4.251526661391836e-06, 2.6176612664130516e-06, 1.642731376705342e-06, 9.076914579964068e-07, 4.7601747610315215e-07, 4.4637303631134273e-07, 6.435431032514316e-07, 8.327639307026402e-07, 6.951615887373919e-07], "lowlevel.melbands.stdev": [0.024534529075026512, 0.011513917706906796, 0.003944162279367447, 0.001943462761119008, 0.0014156034449115396, 0.00201680650934577, 0.0010380836902186275, 0.00048462566337548196, 0.00010317534179193899, 0.0004818105953745544, 0.0004637939855456352, 0.00032654107781127095, 0.0002082762075588107, 0.00031739534460939467, 0.0002944299194496125, 6.238624337129295e-05, 4.126118801650591e-05, 5.736058665206656e-05, 4.446961247595027e-05, 1.7101050616474822e-05, 1.764422449923586e-05, 2.542319089116063e-05, 1.5821822671568953e-05, 1.4282903975981753e-05, 2.0132245481363498e-05, 1.779934245860204e-05, 1.4223766811483074e-05, 1.4556764654116705e-05, 1.5805218936293386e-05, 1.5669707863708027e-05, 9.32925922825234e-06, 1.0921835382760037e-05, 6.905648660904262e-06, 5.020966909796698e-06, 3.0526043701684102e-06, 1.4109265293882345e-06, 1.4529990721712238e-06, 1.8636717413755832e-06, 2.900949994000257e-06, 2.389060227869777e-06], "lowlevel.melbands128.mean": [0.004409500863403082, 0.015064225532114506, 0.01772654615342617, 0.009972206316888332, 0.0034643185790628195, 0.0014828142011538148, 0.0010767870116978884, 0.0007815545541234314, 0.0005531599163077772, 0.0007878511678427458, 0.0009567267843522131, 0.0006979148602113128, 0.0006109292153269053, 0.0007674391381442547, 0.0014579222770407796, 0.0007031977875158191, 0.00036676350282505155, 0.00028770111384801567, 0.00027951537049375474, 7.671540515730157e-05, 4.277010157238692e-05, 4.203587377560325e-05, 2.1410647605080158e-05, 2.961668542411644e-05, 0.00014687306247651577, 0.00025481931515969336, 5.948745456407778e-05, 8.725119550945237e-05, 0.0002842544054146856, 0.00010265279706800357, 2.2379817892215215e-05, 2.180631781811826e-05, 4.1488008719170466e-05, 0.00011256548168603331, 6.930908421054482e-05, 5.265588333713822e-05, 3.667189594125375e-05, 0.00010908840340562165, 2.285707159899175e-05, 1.4919899513188284e-05, 1.4397294762602542e-05, 1.126960887631867e-05, 1.0279638445354067e-05, 9.78045954980189e-06, 2.6003868697443977e-05, 1.5213617189147044e-05, 8.481335498800036e-06, 8.825219083519187e-06, 7.679305781493895e-06, 5.526850600290345e-06, 8.333902769663837e-06, 7.789450137352105e-06, 6.440104243665701e-06, 6.332928023766726e-06, 6.809469141444424e-06, 9.697902896732558e-06, 8.791131222096737e-06, 5.430429155239835e-06, 4.889337105851155e-06, 6.241618848434882e-06, 4.663815616368083e-06, 5.2829209380433895e-06, 6.000141638651257e-06, 6.548620149260387e-06, 8.317138963320758e-06, 6.410056357708527e-06, 4.935540800943272e-06, 5.067772690381389e-06, 7.284425464604283e-06, 7.00304917700123e-06, 5.811638402519748e-06, 8.611206794739701e-06, 7.004625786066754e-06, 7.145468316593906e-06, 1.1432163773861248e-05, 7.3279479693155736e-06, 6.154668426461285e-06, 4.396480562718352e-06, 4.284372153051663e-06, 3.673456149044796e-06, 4.391228230815614e-06, 4.716382136393804e-06, 3.43173996952828e-06, 2.4229204882431077e-06, 1.924689740917529e-06, 1.6461061704831081e-06, 1.6600495200691512e-06, 1.382628738610947e-06, 8.155421369338001e-07, 6.284740265982691e-07, 5.312521125233616e-07, 4.368501720364293e-07, 3.6176615481053886e-07, 4.611494262007909e-07, 4.736418190987024e-07, 4.912365625386883e-07, 6.327928758764756e-07, 9.629382020648336e-07, 8.129859452310484e-07, 8.046233688219218e-07, 7.765566465423035e-07, 6.962630436646577e-07, 5.855333142790187e-07, 4.4118237951806805e-07, 3.2304686214956746e-07, 2.6467327529644535e-07, 2.4825740752021375e-07, 2.177438460648773e-07, 1.7944491048638156e-07, 1.8759625675102143e-07, 1.4581401330815424e-07, 9.774142029073118e-08, 7.941675050915364e-08, 5.464285379730427e-08, 3.238267254346283e-08, 1.5081104365322062e-08, 5.3820601308984806e-09, 1.8342803942417163e-09, 3.3846458968866955e-10, 3.41978528828335e-11, 2.5333637965196942e-11, 1.1491000859176204e-11, 9.212584688167436e-12, 9.046588131389477e-12, 8.863836747918796e-12, 8.648795221666283e-12, 8.52058527900379e-12, 8.466725584521662e-12], "lowlevel.melbands128.stdev": [0.008637175895273685, 0.028719954192638397, 0.035977400839328766, 0.02329164370894432, 0.011401583440601826, 0.006586162839084864, 0.005173594690859318, 0.003884090343490243, 0.0023660454899072647, 0.002250000834465027, 0.0027263180818408728, 0.002010379219427705, 0.0018266302067786455, 0.0018229088746011257, 0.0035748297814279795, 0.002086369087919593, 0.001500248326919973, 0.0011184979230165482, 0.0018298355862498283, 0.0004053125448990613, 0.00016516186587978154, 0.00018831364286597818, 8.912544581107795e-05, 0.00016816204879432917, 0.00048136222176253796, 0.0008817267953418195, 0.0003465849731583148, 0.00037681282265111804, 0.0012067302595824003, 0.0004692391667049378, 9.253576718037948e-05, 8.821540541248396e-05, 0.0002171471860492602, 0.000524266913998872, 0.00038685716572217643, 0.0005221429746598005, 0.00021755062334705144, 0.0006408138433471322, 0.00010838294838322327, 0.00012339843669906259, 6.8989276769571e-05, 5.6753277021925896e-05, 5.773482916993089e-05, 4.1460538341198117e-05, 0.00014529755571857095, 5.639330993290059e-05, 2.6921105018118396e-05, 7.105629629222676e-05, 4.945646651322022e-05, 1.5654733942938037e-05, 2.2543470549862832e-05, 2.3499142116634175e-05, 1.8677876141737215e-05, 2.0047971702297218e-05, 2.1825453586643562e-05, 3.108250894001685e-05, 3.3615928259678185e-05, 1.9199396774638444e-05, 1.232621434610337e-05, 1.875429916253779e-05, 1.4509281754726544e-05, 1.8353295672568493e-05, 1.9335206161485985e-05, 2.457188384141773e-05, 3.064708289457485e-05, 1.9815206542261876e-05, 1.4376671060745139e-05, 1.3285733984957915e-05, 1.8478302081348374e-05, 1.9477760361041874e-05, 1.3968917301099282e-05, 1.9522074580891058e-05, 2.002199471462518e-05, 1.5494439139729366e-05, 2.6094954591826536e-05, 2.0562503777910024e-05, 1.5972544133546762e-05, 1.037160382111324e-05, 1.0858011592063121e-05, 8.967987923824694e-06, 1.125831204262795e-05, 1.4771474525332451e-05, 1.0308807759429328e-05, 6.4513442339375615e-06, 5.661433533532545e-06, 4.75096567242872e-06, 6.611975550185889e-06, 6.3184997998178005e-06, 2.5969820853788406e-06, 1.905543967950507e-06, 1.8288176306668902e-06, 1.3814859585181694e-06, 1.1374323776180972e-06, 1.7221241250808816e-06, 1.620018792891642e-06, 1.9510591755533824e-06, 1.9049288084715954e-06, 3.266497515141964e-06, 3.082045850533177e-06, 3.0832300126348855e-06, 2.9269453989400063e-06, 2.447473434585845e-06, 2.0910085822833935e-06, 1.4227549627321423e-06, 9.363496360492718e-07, 7.613546699758444e-07, 7.642088348802645e-07, 7.506345696128847e-07, 6.223448281161836e-07, 6.869345838822483e-07, 5.180019684303261e-07, 3.093193186032295e-07, 2.84218344859255e-07, 2.0852566251505777e-07, 1.395966080508515e-07, 7.510790567266667e-08, 4.411176135477035e-08, 2.2578328540134862e-08, 4.76884531863675e-09, 6.422878340295313e-10, 4.1569739317459664e-10, 5.8080356496459373e-11, 1.7560779219660816e-11, 1.7272834204606902e-11, 1.7026303977818458e-11, 1.6820666387529215e-11, 1.6676807504389934e-11, 1.658760628853173e-11], "lowlevel.mfcc.mean": [-757.953125, 130.9700164794922, 5.378241539001465, 38.135223388671875, -7.213948726654053, 14.888197898864746, 13.933832168579102, -2.187523365020752, 14.677591323852539, -5.469225883483887, 2.9408810138702393, 2.322706937789917, 12.15121078491211], "lowlevel.spectral_contrast_coeffs.mean": [-0.6961498260498047, -0.718061089515686, -0.7601354718208313, -0.8235538601875305, -0.7971875071525574, -0.7076898217201233], "lowlevel.spectral_contrast_coeffs.stdev": [0.10859616100788116, 0.13264712691307068, 0.1025250181555748, 0.05813156068325043, 0.05724205821752548, 0.08138136565685272], "lowlevel.spectral_contrast_valleys.mean": [-7.8480024337768555, -8.151923179626465, -8.497435569763184, -8.872332572937012, -8.71358585357666, -12.177881240844727], "lowlevel.spectral_contrast_valleys.stdev": [2.119152069091797, 1.8735973834991455, 1.8568464517593384, 1.8820245265960693, 2.1414906978607178, 2.50168514251709], "rhythm.beats_loudness_band_ratio.mean": [0.6630252599716187, 0.1354828029870987, 0.06405162066221237, 0.07320740818977356, 0.03279447555541992, 0.04621569812297821], "rhythm.beats_loudness_band_ratio.stdev": [0.3913719952106476, 0.21330314874649048, 0.1180465966463089, 0.13410696387290955, 0.0818973034620285, 0.09587785601615906], "tonal.hpcp.mean": [0.052449699491262436, 0.03586806356906891, 0.04572131484746933, 0.12905694544315338, 0.1640903800725937, 0.08852493017911911, 0.05264146625995636, 0.05978314206004143, 0.052802663296461105, 0.062221452593803406, 0.08618161082267761, 0.0805329829454422, 0.11776119470596313, 0.14701074361801147, 0.09830865263938904, 0.06159818172454834, 0.06348253786563873, 0.0630122721195221, 0.10164772719144821, 0.12451502680778503, 0.07394639402627945, 0.04178337752819061, 0.0419100783765316, 0.059849437326192856, 0.14183296263217926, 0.1643921285867691, 0.10662530362606049, 0.10301381349563599, 0.08174955099821091, 0.04509463906288147, 0.034839928150177, 0.033128589391708374, 0.040804605931043625, 0.1393149048089981, 0.26997023820877075, 0.18806597590446472], "tonal.hpcp.stdev": [0.15427905321121216, 0.136036679148674, 0.1442350149154663, 0.2720263600349426, 0.3164864778518677, 0.19790692627429962, 0.15270587801933289, 0.16789714992046356, 0.16243496537208557, 0.15797904133796692, 0.19909141957759857, 0.18434970080852509, 0.25048038363456726, 0.2862037718296051, 0.21784545481204987, 0.1816243976354599, 0.18982872366905212, 0.18386079370975494, 0.2217235416173935, 0.25473758578300476, 0.17280298471450806, 0.14952333271503448, 0.14379514753818512, 0.16287533938884735, 0.28409042954444885, 0.3065281808376312, 0.2277228683233261, 0.2482294887304306, 0.21349366009235382, 0.14409935474395752, 0.12695656716823578, 0.11995289474725723, 0.12710507214069366, 0.24527998268604279, 0.40405505895614624, 0.31641319394111633], "rhythm.beats_position": [0.650158703327179, 1.3467572927474976, 2.0549659729003906, 2.7167346477508545, 3.3436734676361084, 3.9706122875213623, 4.609160900115967, 5.24770975112915, 5.874648571014404, 6.501587390899658, 7.128525733947754, 7.7670745849609375, 8.405623435974121, 9.032562255859375, 9.659501075744629, 10.286439895629883, 10.924988746643066, 11.56353759765625, 12.190476417541504, 12.817414283752441, 13.444353103637695, 14.082901954650879, 14.721450805664062, 15.348389625549316, 15.97532844543457, 16.613876342773438, 17.240816116333008, 17.879364013671875, 18.506303787231445, 19.133241653442383, 19.760181427001953, 20.39872932434082, 21.02566909790039, 21.664216995239258, 22.291156768798828, 22.918094635009766, 23.556644439697266, 24.195192337036133, 24.82213020324707, 25.44906997680664, 26.076007843017578, 26.70294761657715, 27.341495513916016, 27.980045318603516, 28.606983184814453, 29.233922958374023, 29.86086082458496, 30.49941062927246, 31.137958526611328, 31.7648983001709, 32.3918342590332, 33.0303840637207, 33.6689338684082, 34.29587173461914, 34.92280960083008, 35.54975128173828, 36.188297271728516, 36.826847076416016, 37.45378494262695, 38.080726623535156, 38.707664489746094, 39.346214294433594], "rhythm.bpm_histogram": [0.0, 0.0, 0.0, 0.0, 0.0, 0.0, 0.0, 0.0, 0.0, 0.0, 0.0, 0.0, 0.0, 0.0, 0.0, 0.0, 0.0, 0.0, 0.0, 0.0, 0.0, 0.0, 0.0, 0.0, 0.0, 0.0, 0.0, 0.0, 0.0, 0.0, 0.0, 0.0, 0.0, 0.0, 0.0, 0.0, 0.0, 0.0, 0.0, 0.0, 0.0, 0.0, 0.0, 0.0, 0.0, 0.0, 0.0, 0.0, 0.0, 0.0, 0.0, 0.0, 0.0, 0.0, 0.0, 0.0, 0.0, 0.0, 0.0, 0.0, 0.0, 0.0, 0.0, 0.0, 0.0, 0.0, 0.0, 0.0, 0.0, 0.0, 0.0, 0.0, 0.0, 0.0, 0.0, 0.0, 0.0, 0.0, 0.0, 0.0, 0.0, 0.0, 0.0, 0.0, 0.0, 0.016393441706895828, 0.016393441706895828, 0.0, 0.0, 0.0, 0.0, 0.016393441706895828, 0.0, 0.0, 0.37704917788505554, 0.0, 0.5737704634666443, 0.0, 0.0, 0.0, 0.0, 0.0, 0.0, 0.0, 0.0, 0.0, 0.0, 0.0, 0.0, 0.0, 0.0, 0.0, 0.0, 0.0, 0.0, 0.0, 0.0, 0.0, 0.0, 0.0, 0.0, 0.0, 0.0, 0.0, 0.0, 0.0, 0.0, 0.0, 0.0, 0.0, 0.0, 0.0, 0.0, 0.0, 0.0, 0.0, 0.0, 0.0, 0.0, 0.0, 0.0, 0.0, 0.0, 0.0, 0.0, 0.0, 0.0, 0.0, 0.0, 0.0, 0.0, 0.0, 0.0, 0.0, 0.0, 0.0, 0.0, 0.0, 0.0, 0.0, 0.0, 0.0, 0.0, 0.0, 0.0, 0.0, 0.0, 0.0, 0.0, 0.0, 0.0, 0.0, 0.0, 0.0, 0.0, 0.0, 0.0, 0.0, 0.0, 0.0, 0.0, 0.0, 0.0, 0.0, 0.0, 0.0, 0.0, 0.0, 0.0, 0.0, 0.0, 0.0, 0.0, 0.0, 0.0, 0.0, 0.0, 0.0, 0.0, 0.0, 0.0, 0.0, 0.0, 0.0, 0.0, 0.0, 0.0, 0.0, 0.0, 0.0, 0.0, 0.0, 0.0, 0.0, 0.0, 0.0, 0.0, 0.0, 0.0, 0.0, 0.0, 0.0, 0.0, 0.0, 0.0, 0.0, 0.0, 0.0, 0.0, 0.0, 0.0, 0.0, 0.0, 0.0, 0.0, 0.0, 0.0, 0.0, 0.0, 0.0, 0.0, 0.0, 0.0, 0.0, 0.0, 0.0, 0.0, 0.0, 0.0, 0.0], "tonal.chords_histogram": [28.703702926635742, 15.162036895751953, 18.634260177612305, 2.6620371341705322, 0.0, 0.0, 2.777777671813965, 0.0, 0.5787037014961243, 0.0, 0.0, 0.0, 0.0, 0.0, 0.0, 0.8101851940155029, 0.0, 5.092592716217041, 0.0, 3.125, 0.0, 0.0, 3.0092592239379883, 19.44444465637207], "tonal.thpcp": [1.0, 0.6966174244880676, 0.19427956640720367, 0.13285931944847107, 0.16935686767101288, 0.4780413806438446, 0.6078091263771057, 0.3279062509536743, 0.1949898898601532, 0.22144345939159393, 0.19558697938919067, 0.23047523200511932, 0.31922632455825806, 0.29830318689346313, 0.43620064854621887, 0.5445442795753479, 0.36414626240730286, 0.22816656529903412, 0.2351464331150055, 0.2334045171737671, 0.3765145540237427, 0.46121761202812195, 0.2739057242870331, 0.15477031469345093, 0.15523962676525116, 0.22168901562690735, 0.5253651738166809, 0.6089268326759338, 0.39495205879211426, 0.38157469034194946, 0.3028095066547394, 0.16703559458255768, 0.12905099987983704, 0.12271200865507126, 0.1511448323726654, 0.5160380005836487], "lowlevel.gfcc.cov": [[34687.6484375, -1422.512451171875, 1010.020263671875, 3807.02734375, -2865.263427734375, 1008.50439453125, -1043.341552734375, 636.6212158203125, -1609.7001953125, 703.5634155273438, -553.5774536132812, -36.86899185180664, 459.28961181640625], [-1422.512451171875, 3523.13671875, -997.838134765625, -1129.0877685546875, 767.2966918945312, -528.603759765625, 574.457763671875, -551.9904174804688, 572.0687255859375, -219.81463623046875, 370.03045654296875, -89.78018951416016, 262.8316955566406], [1010.020263671875, -997.838134765625, 3034.232177734375, 1316.8199462890625, -263.8301696777344, 702.3497314453125, 211.35171508789062, 360.4576416015625, -108.56791687011719, 298.9366760253906, -56.51576614379883, -28.381044387817383, 178.3482208251953], [3807.02734375, -1129.0877685546875, 1316.8199462890625, 2035.214111328125, -312.1683654785156, 284.3092041015625, 143.35739135742188, 243.80299377441406, -210.06871032714844, 132.8427734375, -48.36104202270508, -165.166015625, 188.97232055664062], [-2865.263427734375, 767.2966918945312, -263.8301696777344, -312.1683654785156, 1115.8492431640625, -60.66667938232422, 353.4602966308594, -155.30081176757812, 308.0272521972656, -198.4248504638672, 87.88050842285156, -69.15821075439453, -225.87696838378906], [1008.50439453125, -528.603759765625, 702.3497314453125, 284.3092041015625, -60.66667938232422, 673.010498046875, 112.46188354492188, 144.08705139160156, -4.696698188781738, 134.46591186523438, -37.431427001953125, 11.100128173828125, 20.08081817626953], [-1043.341552734375, 574.457763671875, 211.35171508789062, 143.35739135742188, 353.4602966308594, 112.46188354492188, 651.798095703125, 21.231081008911133, 286.5883483886719, 76.41239929199219, 194.1443634033203, -53.6486701965332, 181.04603576660156], [636.6212158203125, -551.9904174804688, 360.4576416015625, 243.80299377441406, -155.30081176757812, 144.08705139160156, 21.231081008911133, 289.869140625, -16.30687141418457, 111.9439926147461, -25.344785690307617, 51.22110366821289, 26.83491325378418], [-1609.7001953125, 572.0687255859375, -108.56791687011719, -210.06871032714844, 308.0272521972656, -4.696698188781738, 286.5883483886719, -16.30687141418457, 385.6843566894531, 9.765742301940918, 129.92001342773438, -7.963426113128662, 71.99443054199219], [703.5634155273438, -219.81463623046875, 298.9366760253906, 132.8427734375, -198.4248504638672, 134.46591186523438, 76.41239929199219, 111.9439926147461, 9.765742301940918, 238.54556274414062, 58.054283142089844, 35.76019287109375, 117.02243041992188], [-553.5774536132812, 370.03045654296875, -56.51576614379883, -48.36104202270508, 87.88050842285156, -37.431427001953125, 194.1443634033203, -25.344785690307617, 129.92001342773438, 58.054283142089844, 200.72259521484375, 14.904592514038086, 117.07247161865234], [-36.86899185180664, -89.78018951416016, -28.381044387817383, -165.166015625, -69.15821075439453, 11.100128173828125, -53.6486701965332, 51.22110366821289, -7.963426113128662, 35.76019287109375, 14.904592514038086, 125.04879760742188, 9.864266395568848], [459.28961181640625, 262.8316955566406, 178.3482208251953, 188.97232055664062, -225.87696838378906, 20.08081817626953, 181.04603576660156, 26.83491325378418, 71.99443054199219, 117.02243041992188, 117.07247161865234, 9.864266395568848, 337.50140380859375]], "lowlevel.gfcc.icov": [[0.00011391191219445318, -0.0003367514000274241, 0.00017165017197839916, -0.00039075134554877877, 0.00018029872444458306, -0.0002969019114971161, 0.00017128846957348287, -0.00031798126292414963, 0.00038091823807917535, -0.000412595720263198, 0.00027833678177557886, -0.00026856319163925946, 0.0002801466907840222], [-0.0003367514000274241, 0.0019240143010392785, -0.0006009805365465581, 0.0015964900376275182, -0.0007384772761724889, 0.0012367775198072195, -0.0008355382014997303, 0.0019427239894866943, -0.0015255208127200603, 0.001711993827484548, -0.0012219719355925918, 0.0012806435115635395, -0.001772207790054381], [0.00017165017197839916, -0.0006009805365465581, 0.0008782154764048755, -0.0009297162760049105, 0.00017718486196827143, -0.0008732258575037122, 0.00026987300952896476, -0.0007594139315187931, 0.0006750140455551445, -0.001020823954604566, 0.000697774114087224, -0.0005839996738359332, 0.0003620463248807937], [-0.00039075134554877877, 0.0015964900376275182, -0.0009297162760049105, 0.002559883054345846, -0.0007172523182816803, 0.0011961994459852576, -0.0008619449217803776, 0.0007990697049535811, -0.0007991648744791746, 0.0018737844657152891, -0.0013058003969490528, 0.002720870776101947, -0.0019117022166028619], [0.00018029872444458306, -0.0007384772761724889, 0.00017718486196827143, -0.0007172523182816803, 0.002997694071382284, -0.0004892845754511654, -0.0012777125230059028, 4.4183263526065275e-05, -0.0005424398113973439, 0.0006633750745095313, -0.0001459617051295936, -0.0007172726327553391, 0.003312243614345789], [-0.0002969019114971161, 0.0012367775198072195, -0.0008732258575037122, 0.0011961994459852576, -0.0004892845754511654, 0.003142244415357709, -0.0011388795683160424, 0.001079658279195428, -0.0012214076705276966, 0.00041167790186591446, -7.75665193941677e-06, 0.0005587167106568813, -0.0006526039796881378], [0.00017128846957348287, -0.0008355382014997303, 0.00026987300952896476, -0.0008619449217803776, -0.0012777125230059028, -0.0011388795683160424, 0.0047540790401399136, -0.001678650500252843, -0.0002958844997920096, -0.001417313003912568, -0.0011816230835393071, 0.0011419011279940605, -0.0015154860448092222], [-0.00031798126292414963, 0.0019427239894866943, -0.0007594139315187931, 0.0007990697049535811, 4.4183263526065275e-05, 0.001079658279195428, -0.001678650500252843, 0.008043600246310234, -0.002512966515496373, -4.954498217557557e-05, 0.00037938644527457654, -0.0020602925214916468, -0.00041818368481472135], [0.00038091823807917535, -0.0015255208127200603, 0.0006750140455551445, -0.0007991648744791746, -0.0005424398113973439, -0.0012214076705276966, -0.0002958844997920096, -0.002512966515496373, 0.006789005361497402, -0.0016302736476063728, -4.608224844560027e-05, -0.00026803280343301594, -3.0550971132470295e-05], [-0.000412595720263198, 0.001711993827484548, -0.001020823954604566, 0.0018737844657152891, 0.0006633750745095313, 0.00041167790186591446, -0.001417313003912568, -4.954498217557557e-05, -0.0016302736476063728, 0.00979622732847929, -0.0037187649868428707, 0.0007795544224791229, -0.0018794775241985917], [0.00027833678177557886, -0.0012219719355925918, 0.000697774114087224, -0.0013058003969490528, -0.0001459617051295936, -7.75665193941677e-06, -0.0011816230835393071, 0.00037938644527457654, -4.608224844560027e-05, -0.0037187649868428707, 0.011072129011154175, -0.003283982863649726, -0.0010037528118118644], [-0.00026856319163925946, 0.0012806435115635395, -0.0005839996738359332, 0.002720870776101947, -0.0007172726327553391, 0.0005587167106568813, 0.0011419011279940605, -0.0020602925214916468, -0.00026803280343301594, 0.0007795544224791229, -0.003283982863649726, 0.013516993261873722, -0.0022777472622692585], [0.0002801466907840222, -0.001772207790054381, 0.0003620463248807937, -0.0019117022166028619, 0.003312243614345789, -0.0006526039796881378, -0.0015154860448092222, -0.00041818368481472135, -3.0550971132470295e-05, -0.0018794775241985917, -0.0010037528118118644, -0.0022777472622692585, 0.009015643037855625]], "lowlevel.mfcc.cov": [[20981.2109375, -2406.385009765625, 1627.7322998046875, 2311.031005859375, -686.368408203125, 224.64659118652344, 244.16632080078125, -569.3875122070312, -42.79661560058594, -349.8648681640625, -117.36387634277344, -356.1261901855469, -454.1833801269531], [-2406.385009765625, 3099.64990234375, -967.5668334960938, -604.8389282226562, 100.25952911376953, 51.68013000488281, -13.114562034606934, 13.273344993591309, 12.128511428833008, 24.248924255371094, -44.581485748291016, 123.78568267822266, 188.4906463623047], [1627.7322998046875, -967.5668334960938, 2648.766845703125, 747.5340576171875, -77.0782241821289, 447.48760986328125, 287.9617614746094, 8.887094497680664, 379.717041015625, -39.68844223022461, 238.52699279785156, -14.134838104248047, -28.44970703125], [2311.031005859375, -604.8389282226562, 747.5340576171875, 1780.7935791015625, -59.37146759033203, 239.1030731201172, 387.008544921875, -42.766056060791016, 268.7344665527344, -4.920561790466309, 194.39205932617188, -26.31778335571289, -22.271940231323242], [-686.368408203125, 100.25952911376953, -77.0782241821289, -59.37146759033203, 446.4265441894531, 96.21521759033203, -33.54343795776367, 203.09678649902344, -110.42182159423828, 146.06944274902344, -34.62261962890625, 33.696468353271484, -39.42631912231445], [224.64659118652344, 51.68013000488281, 447.48760986328125, 239.1030731201172, 96.21521759033203, 514.2398681640625, 224.53579711914062, 123.87129211425781, 150.06700134277344, 123.00540161132812, 104.25556182861328, 73.32461547851562, 40.766231536865234], [244.16632080078125, -13.114562034606934, 287.9617614746094, 387.008544921875, -33.54343795776367, 224.53579711914062, 337.1711120605469, 59.37400436401367, 165.7972869873047, 30.894195556640625, 123.50711822509766, 47.90909957885742, 70.9115219116211], [-569.3875122070312, 13.273344993591309, 8.887094497680664, -42.766056060791016, 203.09678649902344, 123.87129211425781, 59.37400436401367, 292.6034240722656, 19.87615394592285, 133.25180053710938, 21.047500610351562, 66.67060852050781, 10.916630744934082], [-42.79661560058594, 12.128511428833008, 379.717041015625, 268.7344665527344, -110.42182159423828, 150.06700134277344, 165.7972869873047, 19.87615394592285, 361.8101806640625, 12.62142276763916, 149.72686767578125, 33.430381774902344, 99.2723388671875], [-349.8648681640625, 24.248924255371094, -39.68844223022461, -4.920561790466309, 146.06944274902344, 123.00540161132812, 30.894195556640625, 133.25180053710938, 12.62142276763916, 207.05348205566406, 28.850208282470703, 75.0269546508789, 6.825956344604492], [-117.36387634277344, -44.581485748291016, 238.52699279785156, 194.39205932617188, -34.62261962890625, 104.25556182861328, 123.50711822509766, 21.047500610351562, 149.72686767578125, 28.850208282470703, 163.57675170898438, 47.42930221557617, 78.39497375488281], [-356.1261901855469, 123.78568267822266, -14.134838104248047, -26.31778335571289, 33.696468353271484, 73.32461547851562, 47.90909957885742, 66.67060852050781, 33.430381774902344, 75.0269546508789, 47.42930221557617, 156.1250762939453, 80.12205505371094], [-454.1833801269531, 188.4906463623047, -28.44970703125, -22.271940231323242, -39.42631912231445, 40.766231536865234, 70.9115219116211, 10.916630744934082, 99.2723388671875, 6.825956344604492, 78.39497375488281, 80.12205505371094, 150.941650390625]], "lowlevel.mfcc.icov": [[7.011572597548366e-05, 2.6659017748897895e-05, -1.4056818145036232e-05, -8.678845915710554e-05, 0.00011017656652256846, -7.669642218388617e-05, 1.551049354020506e-05, 5.022935874876566e-05, 6.22313964413479e-05, 1.8620938135427423e-05, 0.00013149627193342894, 1.9458039446362818e-07, 9.063526522368193e-05], [2.6659017748897895e-05, 0.00045317315380088985, 0.00016591695020906627, 9.213534212904051e-05, -0.00020587423932738602, -0.0002190642844652757, -9.295363997807726e-05, 0.00024716596817597747, -0.0002209469530498609, 0.00019608957518357784, 0.0003060521848965436, -0.00015911416267044842, -0.0003476882993709296], [-1.4056818145036232e-05, 0.00016591695020906627, 0.0006626503309234977, -4.191974312561797e-06, -0.00017054872296284884, -0.000495127693284303, 6.002865484333597e-05, 8.968947076937184e-05, -0.0005193296237848699, 0.0006113052368164062, -0.0005910203326493502, -0.00024333890178240836, 0.0006793180364184082], [-8.678845915710554e-05, 9.213534212904051e-05, -4.191974312561797e-06, 0.0010744368191808462, -0.00048386238631792367, 0.00020003851386718452, -0.0011011403985321522, 0.0005032581393606961, -0.0004876405873801559, 6.0963022406212986e-05, -0.0006980152102187276, -8.378412894671783e-05, 0.0008070063195191324], [0.00011017656652256846, -0.00020587423932738602, -0.00017054872296284884, -0.00048386238631792367, 0.004729613196104765, -0.0006565004005096853, 0.0010473321890458465, -0.002610784024000168, 0.001853759866207838, -0.0016816876595839858, 0.0002222106559202075, 0.0007832036935724318, -7.973671017680317e-05], [-7.669642218388617e-05, -0.0002190642844652757, -0.000495127693284303, 0.00020003851386718452, -0.0006565004005096853, 0.00391842145472765, -0.0020348301623016596, -7.10941239958629e-05, -0.0005066024605184793, -0.001556420000270009, -3.341049523442052e-05, -0.0003531748370733112, 0.0003186970134265721], [1.551049354020506e-05, -9.295363997807726e-05, 6.002865484333597e-05, -0.0011011403985321522, 0.0010473321890458465, -0.0020348301623016596, 0.006716878619045019, -0.0015372717753052711, -5.9849659010069445e-05, 0.0006865427130833268, -0.0015519795706495643, 0.00017074400966521353, -0.0014859156217426062], [5.022935874876566e-05, 0.00024716596817597747, 8.968947076937184e-05, 0.000503