{"song_id": "1182268948553678919", "download": "https://cdn.discordapp.com/attachments/1128313332273782784/1182268948553678919/chirp.mp4?ex=658414c2&amp", "lyrics": "(Verse 1)\nIn the halls of healing, where courage takes flight,\nMuskan walks with purpose, in the neon-lit night.\nBSc Nursing, the path she's chosen,\nA brave soul, in a world that's frozen.\n\nFrom stethoscopes to scrubs, in the ER's glow,\nNajra Anwary shines, letting her strength show.\nPatient whispers, heartbeat rhythms in sync,\nShe's the remedy when life's on the brink.\n\n(Chorus)\nMuskan, the nickname that echoes the halls,\nA melody of courage, as the night-time calls.\nBrave girl in the chaos, where angels tread,\nNajra Anwary, stitching dreams, not thread.\n\n(Verse 2)\nA symphony of healing, a rap of the heart,\nIn the corridors of challenge, she plays her part.\nScience and compassion, a potent blend,\nShe's a nurse, a hero, on whom we depend.", "style": ["rap"], "essentia_features": {"lowlevel.average_loudness": 0.7946351170539856, "lowlevel.barkbands_crest.mean": 14.074987411499023, "lowlevel.barkbands_crest.stdev": 4.428339004516602, "lowlevel.barkbands_flatness_db.mean": 0.2501167058944702, "lowlevel.barkbands_flatness_db.stdev": 0.06267089396715164, "lowlevel.barkbands_kurtosis.mean": 10.181864738464355, "lowlevel.barkbands_kurtosis.stdev": 22.650068283081055, "lowlevel.barkbands_skewness.mean": 2.131673574447632, "lowlevel.barkbands_skewness.stdev": 1.5174530744552612, "lowlevel.barkbands_spread.mean": 11.620777130126953, "lowlevel.barkbands_spread.stdev": 15.574342727661133, "lowlevel.dissonance.mean": 0.39540570974349976, "lowlevel.dissonance.stdev": 0.058884911239147186, "lowlevel.dynamic_complexity": 4.6236677169799805, "lowlevel.erbbands_crest.mean": 16.0384521484375, "lowlevel.erbbands_crest.stdev": 5.747132778167725, "lowlevel.erbbands_flatness_db.mean": 0.25279560685157776, "lowlevel.erbbands_flatness_db.stdev": 0.07919131219387054, "lowlevel.erbbands_kurtosis.mean": 4.111878395080566, "lowlevel.erbbands_kurtosis.stdev": 10.936179161071777, "lowlevel.erbbands_skewness.mean": 1.4493494033813477, "lowlevel.erbbands_skewness.stdev": 1.0421881675720215, "lowlevel.erbbands_spread.mean": 26.30754852294922, "lowlevel.erbbands_spread.stdev": 26.79308319091797, "lowlevel.hfc.mean": 21.42841339111328, "lowlevel.hfc.stdev": 32.38889694213867, "lowlevel.loudness_ebu128.integrated": -17.846899032592773, "lowlevel.loudness_ebu128.loudness_range": 11.613758087158203, "lowlevel.loudness_ebu128.momentary.mean": -21.060409545898438, "lowlevel.loudness_ebu128.momentary.stdev": 6.646895408630371, "lowlevel.loudness_ebu128.short_term.mean": -19.99002456665039, "lowlevel.loudness_ebu128.short_term.stdev": 4.848691463470459, "lowlevel.melbands_crest.mean": 18.836231231689453, "lowlevel.melbands_crest.stdev": 7.1281609535217285, "lowlevel.melbands_flatness_db.mean": 0.32584550976753235, "lowlevel.melbands_flatness_db.stdev": 0.07031340897083282, "lowlevel.melbands_kurtosis.mean": 18.56524658203125, "lowlevel.melbands_kurtosis.stdev": 29.200847625732422, "lowlevel.melbands_skewness.mean": 2.5777175426483154, "lowlevel.melbands_skewness.stdev": 2.0388927459716797, "lowlevel.melbands_spread.mean": 9.651851654052734, "lowlevel.melbands_spread.stdev": 11.589164733886719, "lowlevel.pitch_salience.mean": 0.4415222108364105, "lowlevel.pitch_salience.stdev": 0.12932628393173218, "lowlevel.silence_rate_20dB.mean": 0.997682511806488, "lowlevel.silence_rate_20dB.stdev": 0.04808523505926132, "lowlevel.silence_rate_30dB.mean": 0.8516801595687866, "lowlevel.silence_rate_30dB.stdev": 0.35541945695877075, "lowlevel.silence_rate_60dB.mean": 0.16396291553974152, "lowlevel.silence_rate_60dB.stdev": 0.37024253606796265, "lowlevel.spectral_centroid.mean": 652.07275390625, "lowlevel.spectral_centroid.stdev": 359.38446044921875, "lowlevel.spectral_complexity.mean": 10.313441276550293, "lowlevel.spectral_complexity.stdev": 6.560605525970459, "lowlevel.spectral_decrease.mean": -1.2035800800447305e-08, "lowlevel.spectral_decrease.stdev": 1.8519990874210635e-08, "lowlevel.spectral_energy.mean": 0.047369521111249924, "lowlevel.spectral_energy.stdev": 0.07108626514673233, "lowlevel.spectral_energyband_high.mean": 0.001043328084051609, "lowlevel.spectral_energyband_high.stdev": 0.0030162897892296314, "lowlevel.spectral_energyband_low.mean": 0.02872137352824211, "lowlevel.spectral_energyband_low.stdev": 0.06718175113201141, "lowlevel.spectral_energyband_middle_high.mean": 0.0016369210788980126, "lowlevel.spectral_energyband_middle_high.stdev": 0.0023175275418907404, "lowlevel.spectral_energyband_middle_low.mean": 0.016876790672540665, "lowlevel.spectral_energyband_middle_low.stdev": 0.014593580737709999, "lowlevel.spectral_entropy.mean": 6.640774250030518, "lowlevel.spectral_entropy.stdev": 0.6853766441345215, "lowlevel.spectral_flux.mean": 0.07370156049728394, "lowlevel.spectral_flux.stdev": 0.1023770123720169, "lowlevel.spectral_kurtosis.mean": 14.77155876159668, "lowlevel.spectral_kurtosis.stdev": 11.830626487731934, "lowlevel.spectral_rms.mean": 0.0054861693643033504, "lowlevel.spectral_rms.stdev": 0.004014475271105766, "lowlevel.spectral_rolloff.mean": 968.9020385742188, "lowlevel.spectral_rolloff.stdev": 1943.043701171875, "lowlevel.spectral_skewness.mean": 2.5394785404205322, "lowlevel.spectral_skewness.stdev": 1.0094726085662842, "lowlevel.spectral_spread.mean": 4130699.0, "lowlevel.spectral_spread.stdev": 3901624.5, "lowlevel.spectral_strongpeak.mean": 1.3337228298187256, "lowlevel.spectral_strongpeak.stdev": 1.0944315195083618, "lowlevel.zerocrossingrate.mean": 0.04132992401719093, "lowlevel.zerocrossingrate.stdev": 0.043986983597278595, "metadata.audio_properties.analysis.equal_loudness": 0.0, "metadata.audio_properties.analysis.length": 40.04265213012695, "metadata.audio_properties.analysis.sample_rate": 44100.0, "metadata.audio_properties.analysis.start_time": 0.0, "metadata.audio_properties.bit_rate": 119837.0, "metadata.audio_properties.length": 40.042667388916016, "metadata.audio_properties.lossless": 0.0, "metadata.audio_properties.number_channels": 1.0, "metadata.audio_properties.replay_gain": -7.861459732055664, "metadata.audio_properties.sample_rate": 48000.0, "rhythm.beats_count": 58.0, "rhythm.beats_loudness.mean": 0.0641818717122078, "rhythm.beats_loudness.stdev": 0.0594881996512413, "rhythm.bpm": 89.3349380493164, "rhythm.bpm_histogram_first_peak_bpm": 89.0, "rhythm.bpm_histogram_first_peak_weight": 0.46296292543411255, "rhythm.bpm_histogram_second_peak_bpm": 83.0, "rhythm.bpm_histogram_second_peak_spread": 0.0, "rhythm.bpm_histogram_second_peak_weight": 0.05263157933950424, "rhythm.danceability": 1.3032112121582031, "rhythm.onset_rate": 3.7449049949645996, "tonal.chords_changes_rate": 0.032407406717538834, "tonal.chords_number_rate": 0.010416666977107525, "tonal.chords_strength.mean": 0.5159976482391357, "tonal.chords_strength.stdev": 0.08472628891468048, "tonal.hpcp_crest.mean": 18.747995376586914, "tonal.hpcp_crest.stdev": 7.95877742767334, "tonal.hpcp_entropy.mean": 1.36445951461792, "tonal.hpcp_entropy.stdev": 0.6091128587722778, "tonal.key_edma.strength": 0.6140778660774231, "tonal.key_krumhansl.strength": 0.6118367314338684, "tonal.key_temperley.strength": 0.6053071618080139, "tonal.tuning_diatonic_strength": 0.4911139905452728, "tonal.tuning_equal_tempered_deviation": 0.20122843980789185, "tonal.tuning_frequency": 434.193115234375, "tonal.tuning_nontempered_energy_ratio": 0.9912633299827576, "lowlevel.barkbands.mean": [0.002813032129779458, 0.01924101449549198, 0.005770466290414333, 0.0017672482645139098, 0.001685281633399427, 0.0017454801127314568, 0.007220183499157429, 0.003439470427110791, 0.0010038362815976143, 0.0003195823810528964, 0.0003549557877704501, 0.00013352349924389273, 0.00013786027557216585, 0.00017757303430698812, 0.0001611306652193889, 0.00013064141967333853, 0.00010382827167632058, 5.351663276087493e-05, 4.443251236807555e-05, 4.644685395760462e-05, 4.07754814659711e-05, 6.891755037941039e-05, 0.0002441915567032993, 0.00016758473066147417, 0.00017382882651872933, 0.0003201798826921731, 4.474870820558863e-06], "lowlevel.barkbands.stdev": [0.006770293228328228, 0.046237003058195114, 0.025970004498958588, 0.006367625202983618, 0.0029100379906594753, 0.0027412448544055223, 0.00883547030389309, 0.0062864357605576515, 0.002648324239999056, 0.0006746899452991784, 0.00040389105561189353, 0.00026116493972949684, 0.0003375780361238867, 0.00039016513619571924, 0.0002902830019593239, 0.00020792837312910706, 0.0001948833669302985, 0.00023714455892331898, 0.0001943631359608844, 0.00022042584896553308, 0.00021713336172979325, 0.00032929229200817645, 0.0008493424393236637, 0.000548565061762929, 0.0005062551354058087, 0.0008502675336785614, 1.7829543139669113e-05], "lowlevel.erbbands.mean": [0.861646294593811, 3.057180166244507, 6.768357276916504, 6.34503698348999, 5.05122709274292, 4.103315353393555, 14.449530601501465, 17.738258361816406, 91.74322509765625, 94.29535675048828, 55.761375427246094, 18.770471572875977, 8.098642349243164, 11.807873725891113, 11.977447509765625, 5.077877521514893, 6.536807060241699, 6.8642425537109375, 11.482276916503906, 7.362649917602539, 6.363193035125732, 6.461644649505615, 3.1957406997680664, 2.5771586894989014, 2.159924030303955, 2.107572317123413, 1.7527371644973755, 1.660151481628418, 2.3027000427246094, 4.9411702156066895, 6.7632012367248535, 4.259462833404541, 2.5309624671936035, 1.6144094467163086, 1.4376745223999023, 1.3288124799728394, 0.6497792601585388, 0.06270699203014374, 0.0012255547335371375, 0.00010180169192608446], "lowlevel.erbbands.stdev": [2.0888512134552, 9.320058822631836, 30.45092010498047, 24.4172306060791, 12.830936431884766, 7.261089324951172, 28.73238754272461, 22.476856231689453, 136.3706512451172, 126.16990661621094, 97.2207260131836, 39.74362564086914, 15.211836814880371, 13.84475326538086, 14.858489036560059, 9.404964447021484, 14.560712814331055, 16.91557502746582, 18.417638778686523, 12.35169792175293, 10.436841011047363, 11.611796379089355, 12.713900566101074, 10.432258605957031, 10.083887100219727, 10.217525482177734, 9.7720947265625, 8.848952293395996, 11.483519554138184, 17.3458251953125, 24.085599899291992, 14.782953262329102, 8.306588172912598, 5.386106967926025, 4.062719821929932, 3.858062982559204, 1.6948093175888062, 0.1632481962442398, 0.0031352241057902575, 0.00016258670075330883], "lowlevel.gfcc.mean": [-96.71286010742188, 142.27224731445312, -123.7789306640625, -4.695538520812988, -55.18073272705078, -14.597527503967285, -40.415157318115234, 1.9420521259307861, -7.304696083068848, 2.103550672531128, -8.412893295288086, -7.687727451324463, -9.538894653320312], "lowlevel.melbands.mean": [0.0062820566818118095, 0.0035575174260884523, 0.0010865015210583806, 0.00030077615519985557, 0.00044506596168503165, 0.00048212037654593587, 0.0013835272984579206, 0.0010056711034849286, 0.0004189357568975538, 9.842342115007341e-05, 4.0276197978528216e-05, 5.004196282243356e-05, 3.935986751457676e-05, 1.9496581444400363e-05, 1.267072821065085e-05, 1.5753699699416757e-05, 1.2653041267185472e-05, 2.056593802990392e-05, 9.810176379687618e-06, 1.0672591088223271e-05, 6.482967819465557e-06, 7.843786988814827e-06, 2.9949362669867696e-06, 2.4216701604018454e-06, 2.0618722373910714e-06, 1.5290050896510365e-06, 1.6275145071631414e-06, 1.3461241223922116e-06, 1.1140131164211198e-06, 9.739968618305284e-07, 9.402268119629298e-07, 1.218077613884816e-06, 1.5034620446385816e-06, 3.511433305902756e-06, 4.000827630079584e-06, 3.4384670470899437e-06, 2.4217117697844515e-06, 1.9639173842733726e-06, 1.3606733091364731e-06, 1.3316447393663111e-06], "lowlevel.melbands.stdev": [0.014581972733139992, 0.013715041801333427, 0.0037891361862421036, 0.0006033368990756571, 0.0008758568437770009, 0.0006754130590707064, 0.00183914287481457, 0.0014658319996669888, 0.0008511791238561273, 0.0002069634065264836, 8.598600106779486e-05, 6.393445801222697e-05, 4.553174221655354e-05, 3.018193820025772e-05, 3.334865687065758e-05, 3.711797035066411e-05, 3.272948015364818e-05, 3.294804264442064e-05, 1.862678982433863e-05, 1.6974971003946848e-05, 1.2104558663850185e-05, 1.3771932572126389e-05, 9.402854630025104e-06, 1.2304913980187848e-05, 8.181180419342127e-06, 7.235960765683558e-06, 7.102686595317209e-06, 6.90424712956883e-06, 6.513581865874585e-06, 5.323114692146191e-06, 5.036342827224871e-06, 6.83590633343556e-06, 6.632435997744324e-06, 1.2362480447336566e-05, 1.44347213790752e-05, 1.2758091543219052e-05, 8.53402161737904e-06, 6.753390607627807e-06, 4.768985490954947e-06, 4.651641120290151e-06], "lowlevel.melbands128.mean": [0.0027012040372937918, 0.008353272452950478, 0.006580006796866655, 0.004648703616112471, 0.0038307274226099253, 0.0025613706093281507, 0.001295665162615478, 0.0008113557123579085, 0.00048022172995842993, 0.00025364948669448495, 0.00013071176363155246, 0.00042501644929870963, 0.0005754242883995175, 0.00042418244993314147, 0.00025008327793329954, 0.00025531448773108423, 0.0017192685045301914, 0.0013953676680102944, 0.0014872063184157014, 0.0008542296127416193, 0.0010835051070898771, 0.0004735770635306835, 0.000361413141945377, 0.00034099892945960164, 5.8943343901773915e-05, 5.678033994627185e-05, 4.703450031229295e-06, 2.4313918402185664e-05, 9.743322880240157e-05, 3.5678000131156296e-05, 5.190973752178252e-05, 4.007563256891444e-05, 2.4154873244697228e-05, 6.151867273729295e-05, 2.2007208826835267e-05, 6.965196917008143e-06, 8.347394214069936e-06, 2.12790873774793e-05, 5.790467184851877e-06, 1.577379589434713e-05, 2.2227526642382145e-05, 7.4435815804463346e-06, 9.168818905891385e-06, 1.1106444617325906e-05, 3.2725351047702134e-05, 2.0770439732586965e-05, 1.2570575563586317e-05, 8.098227226582821e-06, 1.1504239409987349e-05, 5.431405043054838e-06, 1.643575342313852e-05, 7.842794730095193e-06, 5.544666237256024e-06, 6.654300250374945e-06, 5.640664767270209e-06, 1.2787329069396947e-05, 3.884918442054186e-06, 2.4987414235511096e-06, 2.931113840531907e-06, 3.3606361284910236e-06, 2.1332180040189996e-06, 1.8261389413964935e-06, 2.7123305699205957e-06, 1.8602423779157107e-06, 1.652153969189385e-06, 1.4709781908095465e-06, 1.5030119584480417e-06, 1.4723883623446454e-06, 1.9133904061163776e-06, 1.458007773180725e-06, 1.2382713521219557e-06, 1.3927225381848984e-06, 1.225758865075477e-06, 9.988403917304822e-07, 1.085944177248166e-06, 9.431187777408923e-07, 9.811978998186532e-07, 9.04211162833235e-07, 9.113116448133951e-07, 9.266419738196419e-07, 1.3342028069018852e-06, 1.2504276583058527e-06, 1.1831208439616603e-06, 1.5914421283014235e-06, 1.6209612567763543e-06, 2.257215101053589e-06, 4.787255875271512e-06, 5.00420355820097e-06, 3.1083825433597667e-06, 4.119062850804767e-06, 4.3733252823585644e-06, 3.115785602858523e-06, 2.043676204266376e-06, 2.2952717699809e-06, 2.8744066185026895e-06, 2.326971070942818e-06, 1.8857242594094714e-06, 1.1170353673151112e-06, 1.4785626945013064e-06, 1.3887768091080943e-06, 1.2431100913090631e-06, 1.614054440324253e-06, 9.289892659580801e-07, 1.2664888799918117e-06, 1.3010570683036349e-06, 2.4225039396696957e-06, 1.7452458678235416e-06, 1.741867549753806e-06, 2.602074346214067e-06, 2.6910381620837143e-06, 2.375626081629889e-06, 2.7607773063209606e-06, 2.389538394709234e-06, 1.5459701216968824e-06, 1.0339640539314132e-06, 6.395115974555665e-07, 1.9054603228596534e-07, 9.658230881726126e-10, 4.3826182266615277e-11, 3.218169133956117e-11, 2.5831546970889185e-11, 1.0746138354167378e-11, 6.088651718222371e-12, 5.943770215594002e-12, 5.764432334243175e-12, 5.5430577662607394e-12, 5.412276963406848e-12, 5.366099925518952e-12], "lowlevel.melbands128.stdev": [0.006523843389004469, 0.02101474069058895, 0.01637701690196991, 0.0172509104013443, 0.018308673053979874, 0.01119987666606903, 0.005460638087242842, 0.0025921030901372433, 0.0011862714309245348, 0.0007289301138371229, 0.0002682437188923359, 0.0010862067574635148, 0.0012479026336222887, 0.0009833949152380228, 0.0005281363264657557, 0.000400493765482679, 0.003587778890505433, 0.001922499854117632, 0.0027905262541025877, 0.0015274882316589355, 0.0022676310036331415, 0.0012055234983563423, 0.001248577143996954, 0.0010977168567478657, 9.165133815258741e-05, 0.00011449256999185309, 1.0658166502253152e-05, 5.675376087310724e-05, 0.00024435220984742045, 6.71314264764078e-05, 7.831417315173894e-05, 5.677189619746059e-05, 3.953445047955029e-05, 9.27652363316156e-05, 5.405026604421437e-05, 2.0743287677760236e-05, 2.1100229787407443e-05, 5.903296550968662e-05, 3.478881990304217e-05, 3.797698809648864e-05, 5.1138722483301535e-05, 3.12070369545836e-05, 3.4684686397667974e-05, 3.7268571759341285e-05, 6.425481842597947e-05, 3.679317524074577e-05, 3.0808456358499825e-05, 1.990131386264693e-05, 2.3594087906531058e-05, 1.7300446415902115e-05, 2.878479062928818e-05, 1.3950627362646628e-05, 1.337130834144773e-05, 1.4589905731554609e-05, 1.4954438483982813e-05, 2.1314974219421856e-05, 1.0081378604809288e-05, 8.964060725702439e-06, 9.715257874631789e-06, 1.601999429112766e-05, 1.3826466783939395e-05, 1.228851488122018e-05, 9.474253602093086e-06, 8.174284630513284e-06, 6.7151345319871325e-06, 7.749647920718417e-06, 7.9006122177816e-06, 8.393941243411973e-06, 6.774896974093281e-06, 7.460917458956828e-06, 8.062515007623006e-06, 6.235875844140537e-06, 1.0200269571214449e-05, 5.8262380662199575e-06, 6.605817816307535e-06, 5.333850367605919e-06, 5.666400738846278e-06, 5.6506892178731505e-06, 4.801851446245564e-06, 5.287792191666085e-06, 8.856079148245044e-06, 7.190037649706937e-06, 6.1746045503241476e-06, 7.136861313483678e-06, 8.466805411444511e-06, 8.84893142938381e-06, 1.838751086324919e-05, 1.7807469703257084e-05, 1.2398980288708117e-05, 1.7739263057592325e-05, 1.6542291632504202e-05, 1.3044491424807347e-05, 8.21909179649083e-06, 9.151916856353637e-06, 1.097305903385859e-05, 8.624609108665027e-06, 7.215418463601964e-06, 4.4533753680298105e-06, 5.6090862017299514e-06, 5.324854100763332e-06, 5.1566053116403054e-06, 6.034552825440187e-06, 3.166290980516351e-06, 3.809022473433288e-06, 4.012668796349317e-06, 8.20613877294818e-06, 5.5302089094766416e-06, 5.542527560464805e-06, 8.88127487996826e-06, 8.185615115507971e-06, 6.92996309226146e-06, 8.42553436086746e-06, 6.356576705002226e-06, 4.16288412452559e-06, 2.943613253592048e-06, 1.914497715915786e-06, 6.73422164254589e-07, 9.357149721722635e-09, 8.520746330731299e-10, 6.130187468755821e-10, 4.987194546224316e-10, 1.2032845553289206e-10, 1.3087123398869416e-11, 1.2797382077656128e-11, 1.2562362608492528e-11, 1.2376525151958084e-11, 1.2244224731339237e-11, 1.2163846319079852e-11], "lowlevel.mfcc.mean": [-744.8696899414062, 182.77423095703125, -15.501825332641602, 11.664945602416992, -1.3642979860305786, -11.155374526977539, -18.00055503845215, -8.791831016540527, -5.296775817871094, 2.822551727294922, -5.107679843902588, 2.6053781509399414, 7.137434959411621], "lowlevel.spectral_contrast_coeffs.mean": [-0.6354964375495911, -0.5813721418380737, -0.7201340794563293, -0.7698295712471008, -0.784074604511261, -0.7675666809082031], "lowlevel.spectral_contrast_coeffs.stdev": [0.10737515985965729, 0.07050492614507675, 0.05477219074964523, 0.04181095212697983, 0.04202529415488243, 0.04563160613179207], "lowlevel.spectral_contrast_valleys.mean": [-7.875695705413818, -7.496945858001709, -8.391725540161133, -8.529192924499512, -9.081029891967773, -12.412030220031738], "lowlevel.spectral_contrast_valleys.stdev": [1.437904715538025, 1.0018329620361328, 0.9519033432006836, 0.9962264895439148, 1.070542812347412, 1.9714226722717285], "rhythm.beats_loudness_band_ratio.mean": [0.37989580631256104, 0.15960122644901276, 0.4012391269207001, 0.04496346414089203, 0.03020501509308815, 0.04942269250750542], "rhythm.beats_loudness_band_ratio.stdev": [0.35536396503448486, 0.15019556879997253, 0.27672579884529114, 0.04687916114926338, 0.03941136226058006, 0.11237082630395889], "tonal.hpcp.mean": [0.028678713366389275, 0.024202680215239525, 0.009874383918941021, 0.19080442190170288, 0.26203271746635437, 0.08410792052745819, 0.015431649051606655, 0.013304468244314194, 0.02328319288790226, 0.13729803264141083, 0.1622530221939087, 0.04972410947084427, 0.15040263533592224, 0.18129242956638336, 0.04294274002313614, 0.005917927250266075, 0.004965852480381727, 0.01351745892316103, 0.09472722560167313, 0.11739230901002884, 0.05896291509270668, 0.051871784031391144, 0.06214858964085579, 0.07798556238412857, 0.23856841027736664, 0.24627606570720673, 0.06709884852170944, 0.026343904435634613, 0.01383170299232006, 0.007879643701016903, 0.00901319831609726, 0.0114502077922225, 0.01920248568058014, 0.23261316120624542, 0.2927478849887848, 0.08418367803096771], "tonal.hpcp.stdev": [0.11334279179573059, 0.10453439503908157, 0.07679817080497742, 0.281798392534256, 0.38543614745140076, 0.13404354453086853, 0.07942773401737213, 0.07396044582128525, 0.0961715579032898, 0.24463769793510437, 0.27815863490104675, 0.09176197648048401, 0.30071356892585754, 0.3585357964038849, 0.09361743181943893, 0.04659002646803856, 0.04560243338346481, 0.06531673669815063, 0.2144308239221573, 0.2520105540752411, 0.16851939260959625, 0.1895880103111267, 0.207203671336174, 0.22485846281051636, 0.34988656640052795, 0.367900550365448, 0.17985320091247559, 0.13189247250556946, 0.09751228988170624, 0.061753153800964355, 0.06595907360315323, 0.07322975993156433, 0.09421612322330475, 0.3240005671977997, 0.4004971981048584, 0.1440444141626358], "rhythm.beats_position": [0.7082086205482483, 1.404807209968567, 2.1014058589935303, 2.8212244510650635, 3.5526530742645264, 4.249251842498779, 4.922630310058594, 5.596008777618408, 6.269387722015381, 6.919546127319336, 7.592925071716309, 8.254693984985352, 8.916461944580078, 9.578230857849121, 10.251609802246094, 10.913378715515137, 11.586756706237793, 12.260135650634766, 12.921904563903809, 13.583673477172852, 14.257051467895508, 14.93043041229248, 15.592199325561523, 16.25396728515625, 16.92734718322754, 17.589115142822266, 18.250883102416992, 18.92426300048828, 19.597640991210938, 20.259410858154297, 20.921178817749023, 21.59455680847168, 22.25632667541504, 22.918094635009766, 23.591472625732422, 24.26485252380371, 24.926620483398438, 25.588390350341797, 26.261768341064453, 26.93514633178711, 27.6085262298584, 28.281904220581055, 28.95528221130371, 29.628662109375, 30.302040100097656, 30.975418090820312, 31.6487979888916, 32.32217788696289, 32.99555587768555, 33.6689338684082, 34.34231185913086, 35.02730178833008, 35.723899841308594, 36.42049789428711, 37.12870788574219, 37.8369140625, 38.556732177734375, 39.26494216918945], "rhythm.bpm_histogram": [0.0, 0.0, 0.0, 0.0, 0.0, 0.0, 0.0, 0.0, 0.0, 0.0, 0.0, 0.0, 0.0, 0.0, 0.0, 0.0, 0.0, 0.0, 0.0, 0.0, 0.0, 0.0, 0.0, 0.0, 0.0, 0.0, 0.0, 0.0, 0.0, 0.0, 0.0, 0.0, 0.0, 0.0, 0.0, 0.0, 0.0, 0.0, 0.0, 0.0, 0.0, 0.0, 0.0, 0.0, 0.0, 0.0, 0.0, 0.0, 0.0, 0.0, 0.0, 0.0, 0.0, 0.0, 0.0, 0.0, 0.0, 0.0, 0.0, 0.0, 0.0, 0.0, 0.0, 0.0, 0.0, 0.0, 0.0, 0.0, 0.0, 0.0, 0.0, 0.0, 0.0, 0.0, 0.0, 0.0, 0.0, 0.0, 0.0, 0.0, 0.0, 0.0, 0.017543859779834747, 0.035087719559669495, 0.0, 0.05263157933950424, 0.08771929889917374, 0.0, 0.017543859779834747, 0.4912280738353729, 0.0, 0.28070175647735596, 0.017543859779834747, 0.0, 0.0, 0.0, 0.0, 0.0, 0.0, 0.0, 0.0, 0.0, 0.0, 0.0, 0.0, 0.0, 0.0, 0.0, 0.0, 0.0, 0.0, 0.0, 0.0, 0.0, 0.0, 0.0, 0.0, 0.0, 0.0, 0.0, 0.0, 0.0, 0.0, 0.0, 0.0, 0.0, 0.0, 0.0, 0.0, 0.0, 0.0, 0.0, 0.0, 0.0, 0.0, 0.0, 0.0, 0.0, 0.0, 0.0, 0.0, 0.0, 0.0, 0.0, 0.0, 0.0, 0.0, 0.0, 0.0, 0.0, 0.0, 0.0, 0.0, 0.0, 0.0, 0.0, 0.0, 0.0, 0.0, 0.0, 0.0, 0.0, 0.0, 0.0, 0.0, 0.0, 0.0, 0.0, 0.0, 0.0, 0.0, 0.0, 0.0, 0.0, 0.0, 0.0, 0.0, 0.0, 0.0, 0.0, 0.0, 0.0, 0.0, 0.0, 0.0, 0.0, 0.0, 0.0, 0.0, 0.0, 0.0, 0.0, 0.0, 0.0, 0.0, 0.0, 0.0, 0.0, 0.0, 0.0, 0.0, 0.0, 0.0, 0.0, 0.0, 0.0, 0.0, 0.0, 0.0, 0.0, 0.0, 0.0, 0.0, 0.0, 0.0, 0.0, 0.0, 0.0, 0.0, 0.0, 0.0, 0.0, 0.0, 0.0, 0.0, 0.0, 0.0, 0.0, 0.0, 0.0, 0.0, 0.0, 0.0, 0.0, 0.0, 0.0, 0.0, 0.0, 0.0, 0.0, 0.0, 0.0, 0.0, 0.0, 0.0, 0.0, 0.0, 0.0, 0.0, 0.0], "tonal.chords_histogram": [13.19444465637207, 17.70833396911621, 24.189815521240234, 0.0, 1.7361111640930176, 0.0, 15.509259223937988, 0.0, 6.481481552124023, 0.0, 0.0, 0.0, 0.0, 0.0, 0.0, 0.0, 0.0, 2.6620371341705322, 0.0, 3.935185194015503, 0.0, 0.0, 0.0, 14.583333015441895], "tonal.thpcp": [1.0, 0.2875637412071228, 0.0979638621211052, 0.08267414569854736, 0.03372999280691147, 0.6517704725265503, 0.8950797915458679, 0.28730496764183044, 0.05271310359239578, 0.04544684663414955, 0.07953325659036636, 0.4689975082874298, 0.5542414784431458, 0.16985301673412323, 0.5137616395950317, 0.6192783713340759, 0.14668847620487213, 0.020215097814798355, 0.016962897032499313, 0.04617440328001976, 0.3235795497894287, 0.4010013937950134, 0.2014119178056717, 0.17718927562236786, 0.21229389309883118, 0.2663915455341339, 0.814927875995636, 0.8412564992904663, 0.22920352220535278, 0.08998836576938629, 0.04724783077836037, 0.02691614255309105, 0.03078826144337654, 0.03911286219954491, 0.06559393554925919, 0.7945852875709534], "lowlevel.gfcc.cov": [[14472.646484375, -4562.8740234375, 3742.201416015625, 715.7120971679688, 175.31817626953125, 2032.0216064453125, -58.98981857299805, 1656.844970703125, 98.54679107666016, 1373.04638671875, -332.5639343261719, 1253.1693115234375, -641.79638671875], [-4562.8740234375, 4451.7421875, -2595.6171875, 188.13816833496094, 780.1849365234375, -1303.1011962890625, 544.6685791015625, -818.6256713867188, 197.4940185546875, -796.7243041992188, 472.4205322265625, -872.8822021484375, 558.4061889648438], [3742.201416015625, -2595.6171875, 2544.24755859375, 174.07701110839844, -65.92957305908203, 1200.2637939453125, -50.51573181152344, 920.1826782226562, 84.92377471923828, 689.1295776367188, -309.4076232910156, 671.47998046875, -427.35528564453125], [715.7120971679688, 188.13816833496094, 174.07701110839844, 478.1338806152344, 358.6192321777344, 161.45770263671875, 234.5680389404297, 125.34766387939453, 104.12232971191406, 43.02599334716797, 56.22016906738281, 5.997300624847412, 5.320863723754883], [175.31817626953125, 780.1849365234375, -65.92957305908203, 358.6192321777344, 580.7628784179688, 43.89065170288086, 328.2347106933594, 141.35414123535156, 158.71742248535156, 41.2545051574707, 134.17251586914062, -24.51717758178711, 70.17942810058594], [2032.0216064453125, -1303.1011962890625, 1200.2637939453125, 161.45770263671875, 43.89065170288086, 702.1948852539062, 34.672664642333984, 501.2515869140625, 62.337371826171875, 371.4228210449219, -124.35503387451172, 349.3388366699219, -202.42007446289062], [-58.98981857299805, 544.6685791015625, -50.51573181152344, 234.5680389404297, 328.2347106933594, 34.672664642333984, 361.57757568359375, 155.59027099609375, 194.32559204101562, 46.05626678466797, 111.40940856933594, -39.12528991699219, 48.911251068115234], [1656.844970703125, -818.6256713867188, 920.1826782226562, 125.34766387939453, 141.35414123535156, 501.2515869140625, 155.59027099609375, 560.6234741210938, 153.40655517578125, 367.21697998046875, -44.79200744628906, 282.9776611328125, -137.290283203125], [98.54679107666016, 197.4940185546875, 84.92377471923828, 104.12232971191406, 158.71742248535156, 62.337371826171875, 194.32559204101562, 153.40655517578125, 225.81149291992188, 108.2748794555664, 95.07981872558594, 16.441373825073242, 21.202314376831055], [1373.04638671875, -796.7243041992188, 689.1295776367188, 43.02599334716797, 41.2545051574707, 371.4228210449219, 46.05626678466797, 367.21697998046875, 108.2748794555664, 348.1851806640625, -2.4616005420684814, 261.4571228027344, -102.5601806640625], [-332.5639343261719, 472.4205322265625, -309.4076232910156, 56.22016906738281, 134.17251586914062, -124.35503387451172, 111.40940856933594, -44.79200744628906, 95.07981872558594, -2.4616005420684814, 176.9423065185547, -21.62239646911621, 109.34811401367188], [1253.1693115234375, -872.8822021484375, 671.47998046875, 5.997300624847412, -24.51717758178711, 349.3388366699219, -39.12528991699219, 282.9776611328125, 16.441373825073242, 261.4571228027344, -21.62239646911621, 325.06072998046875, -59.681365966796875], [-641.79638671875, 558.4061889648438, -427.35528564453125, 5.320863723754883, 70.17942810058594, -202.42007446289062, 48.911251068115234, -137.290283203125, 21.202314376831055, -102.5601806640625, 109.34811401367188, -59.681365966796875, 170.89108276367188]], "lowlevel.gfcc.icov": [[0.00015018146950751543, 1.5629853805876337e-05, 2.2433265257859603e-05, -0.0003079857851844281, 2.340329774597194e-05, 2.4174099166884844e-07, 0.00020274428243283182, -0.00020711698743980378, 0.00013530465366784483, -0.0003078677400480956, 4.141751560382545e-05, -0.00011375701433280483, 7.710685167694464e-05], [1.5629853805876337e-05, 0.0034440357703715563, -0.0005434246850199997, 0.0022291457280516624, -0.004426456987857819, 0.0019737607799470425, -0.0012914221733808517, 9.482229506829754e-05, -0.0007981645758263767, 0.003254889277741313, -0.0024534929543733597, 0.00430372916162014, -0.0028965556994080544], [2.2433265257859603e-05, -0.0005434246850199997, 0.0037352752406150103, -0.0011614260729402304, 0.0008988275658339262, -0.002771396189928055, 0.0011684574419632554, -0.0011781250359490514, -0.001802718616090715, -0.0002515084051992744, 0.0035217860713601112, -0.003999485168606043, 0.0027268189005553722], [-0.0003079857851844281, 0.0022291457280516624, -0.0011614260729402304, 0.007487187627702951, -0.005525877699255943, -0.001069743768312037, -0.002933171112090349, 0.0023309499956667423, -0.0002934394287876785, 0.003546595573425293, -0.0028797967825084925, 0.004324839450418949, -0.002345891436561942], [2.340329774597194e-05, -0.004426456987857819, 0.0008988275658339262, -0.005525877699255943, 0.010848578996956348, -0.0021389895118772984, -0.0006905638729222119, -0.0016329720383509994, 0.0022218776866793633, -0.004403224680572748, 0.0017093747155740857, -0.005172912497073412, 0.0030500018037855625], [2.4174099166884844e-07, 0.0019737607799470425, -0.002771396189928055, -0.001069743768312037, -0.0021389895118772984, 0.011768114753067493, -0.0013125183759257197, -0.002081197453662753, 0.00032938961521722376, 0.000620397157035768, -1.9632201656349935e-05, -0.0005688344826921821, 0.00032092168112285435], [0.00020274428243283182, -0.0012914221733808517, 0.0011684574419632554, -0.002933171112090349, -0.0006905638729222119, -0.0013125183759257197, 0.012295236811041832, -0.0054280865006148815, -0.00454212399199605, 0.001362827606499195, -0.0006716444622725248, 0.00017503184790257365, 0.0007160180830396712], [-0.00020711698743980378, 9.482229506829754e-05, -0.0011781250359490514, 0.0023309499956667423, -0.0016329720383509994, -0.002081197453662753, -0.0054280865006148815, 0.01317641045898199, -0.0016907993704080582, -0.006334124132990837, 0.003937888890504837, -0.001176629215478897, -0.00028408740763552487], [0.00013530465366784483, -0.0007981645758263767, -0.001802718616090715, -0.0002934394287876785, 0.0022218776866793633, 0.00032938961521722376, -0.00454212399199605, -0.0016907993704080582, 0.014231836423277855, -0.0056838602758944035, -0.005744536407291889, 0.004954523406922817, -0.0017342332284897566], [-0.0003078677400480956, 0.003254889277741313, -0.0002515084051992744, 0.003546595573425293, -0.004403224680572748, 0.000620397157035768, 0.001362827606499195, -0.006334124132990837, -0.0056838602758944035, 0.023058420047163963, -0.008740521967411041, -0.003122874768450856, 0.0035788933746516705], [4.141751560382545e-05, -0.0024534929543733597, 0.0035217860713601112, -0.0028797967825084925, 0.0017093747155740857, -1.9632201656349935e-05, -0.0006716444622725248, 0.003937888890504837, -0.005744536407291889, -0.008740521967411041, 0.022983379662036896, -0.008969644084572792, -0.0026718175504356623], [-0.00011375701433280483, 0.00430372916162014, -0.003999485168606043, 0.004324839450418949, -0.005172912497073412, -0.0005688344826921821, 0.00017503184790257365, -0.001176629215478897, 0.004954523406922817, -0.003122874768450856, -0.008969644084572792, 0.02387451007962227, -0.012582960538566113], [7.710685167694464e-05, -0.0028965556994080544, 0.0027268189005553722, -0.002345891436561942, 0.0030500018037855625, 0.00032092168112285435, 0.0007160180830396712, -0.00028408740763552487, -0.0017342332284897566, 0.0035788933746516705, -0.0026718175504356623, -0.012582960538566113, 0.020870869979262352]], "lowlevel.mfcc.cov": [[10742.8349609375, -2454.9912109375, 1945.9503173828125, 143.22650146484375, 661.1876831054688, 710.3431396484375, 345.469970703125, 830.2476196289062, 390.2904968261719, 654.0677490234375, 559.956787109375, 423.487548828125, 314.15362548828125], [-2454.9912109375, 2879.639892578125, -1894.3692626953125, 775.0635375976562, -198.4064178466797, -179.0244140625, 82.44495391845703, -227.96728515625, -45.599884033203125, -123.57183837890625, -244.0343780517578, -94.83038330078125, -23.5674991607666], [1945.9503173828125, -1894.3692626953125, 1997.556640625, -505.56707763671875, 357.1809997558594, 265.861572265625, 54.10210037231445, 411.77984619140625, 234.076904296875, 286.23004150390625, 340.2364807128906, 175.1942596435547, 101.63123321533203], [143.22650146484375, 775.0635375976562, -505.56707763671875, 581.7349853515625, 85.70159149169922, 115.37550354003906, 176.2358856201172, 92.38969421386719, 104.14069366455078, 92.3371353149414, -2.166517972946167, 67.56153869628906, 85.765625], [661.1876831054688, -198.4064178466797, 357.1809997558594, 85.70159149169922, 292.288818359375, 157.66477966308594, 145.10479736328125, 182.50074768066406, 133.8812255859375, 123.80204010009766, 102.38433074951172, 86.46574401855469, 104.42558288574219], [710.3431396484375, -179.0244140625, 265.861572265625, 115.37550354003906, 157.66477966308594, 217.0680389404297, 113.5071792602539, 163.77024841308594, 107.49543762207031, 114.67122650146484, 80.97624969482422, 94.70161437988281, 71.41700744628906], [345.469970703125, 82.44495391845703, 54.10210037231445, 176.2358856201172, 145.10479736328125, 113.5071792602539, 202.87741088867188, 155.85377502441406, 126.28270721435547, 104.82086181640625, 74.98117065429688, 75.50877380371094, 90.8581314086914], [830.2476196289062, -227.96728515625, 411.77984619140625, 92.38969421386719, 182.50074768066406, 163.77024841308594, 155.85377502441406, 286.9503173828125, 192.91128540039062, 195.9701385498047, 150.9233856201172, 136.6375274658203, 113.13761901855469], [390.2904968261719, -45.599884033203125, 234.076904296875, 104.14069366455078, 133.8812255859375, 107.49543762207031, 126.28270721435547, 192.91128540039062, 215.82102966308594, 176.21543884277344, 132.96168518066406, 112.26414489746094, 97.08592224121094], [654.0677490234375, -123.57183837890625, 286.23004150390625, 92.3371353149414, 123.80204010009766, 114.67122650146484, 104.82086181640625, 195.9701385498047, 176.21543884277344, 254.70054626464844, 181.1848602294922, 142.96543884277344, 108.91883850097656], [559.956787109375, -244.0343780517578, 340.2364807128906, -2.166517972946167, 102.38433074951172, 80.97624969482422, 74.98117065429688, 150.9233856201172, 132.96168518066406, 181.1848602294922, 211.57818603515625, 129.3601837158203, 94.19552612304688], [423.487548828125, -94.83038330078125, 175.1942596435547, 67.56153869628906, 86.46574401855469, 94.70161437988281, 75.50877380371094, 136.6375274658203, 112.26414489746094, 142.96543884277344, 129.3601837158203, 164.21934509277344, 113.6911392211914], [314.15362548828125, -23.5674991607666, 101.63123321533203, 85.765625, 104.42558288574219, 71.41700744628906, 90.8581314086914, 113.13761901855469, 97.08592224121094, 108.91883850097656, 94.19552612304688, 113.6911392211914, 156.24960327148438]], "lowlevel.mfcc.icov": [[0.00016865403449628502, 0.00018876885587815195, 8.153973612934351e-05, -0.0002023170964093879, -8.852328755892813e-05, -0.00016986328409984708, 0.00014895109052304178, -0.0003875424445141107, 0.00032566452864557505, -0.00020257220603525639, -0.00014570260827895254, 0.0001304565230384469, 9.965504432329908e-06], [0.00018876885587815195, 0.00144311529584229, 0.0011515591759234667, -0.0009724387200549245, -0.0004491959698498249, 0.000473400839837268, 0.00039539101999253035, -0.0006645537214353681, -0.00033467012690380216, -0.00031341801513917744, -0.00013599282829090953, 0.00027933766250498593, 0.00026314586284570396], [8.153973612934351e-05, 0.0011515591759234667, 0.003164029447361827, 0.0015152383130043745, -0.001806779415346682, -0.001060744863934815, 0.0017148557817563415, -0.003007446648553014, -0.00035322995972819626, -0.00023169093765318394, -0.0016250815242528915, 0.0010457191383466125, 0.0005926118465140462], [-0.0002023170964093879, -0.0009724387200549245, 0.0015152383130043745, 0.0059791202656924725, -0.00056461151689291, -0.002735865768045187, -0.0016974509926512837, -0.0005399203510023654, -0.00046984251821413636, -0.001499961712397635, 0.0010709661291912198, -2.752804539341014e-05, -0.0002896607911679894], [-8.852328755892813e-05, -0.0004491959698498249, -0.001806779415346682, -0.00056461151689291, 0.008972344920039177, -0.0026233841199427843, -0.0032850676216185093, 0.0005228290683589876, -0.0007452595746144652, 0.00063616584520787, 0.00018501898739486933, 0.0020610394421964884, -0.003261946141719818], [-0.00016986328409984708, 0.000473400839837268, -0.001060744863934815, -0.002735865768045187, -0.0026233841199427843, 0.01231421623378992, -0.0016602472169324756, -0.0015813965583220124, 0.0007390293176285923, -0.00017302866035606712, 0.0023259841836988926, -0.0045044906437397, 0.002376674907281995], [0.00014895109052304178, 0.00039539101999253035, 0.0017148557817563415, -0.0016974509926512837, -0.0032850676216185093, -0.0016602472169324756, 0.0145992711186409, -0.0061326646246016026, -0.002101252553984523, 0.0021998051088303328, -0.00265861744992435, 0.003032140899449587, -0.0023493398912250996], [-0.0003875424445141107, -0.0006645537214353681, -0.003007446648553014, -0.0005399203510023654, 0.0005228290683589876, -0.0015813965583220124, -0.0061326646246016026, 0.01891573704779148, -0.0061478461138904095, -0.0030424785800278187, 0.0027702851220965385, -0.0036230869591236115, 8.142686419887468e-05], [0.00032566452864557505, -0.00033467012690380216, -0.00035322995972819626, -0.00046984251821413636, -0.0007452595746144652, 0.0007390293176285923, -0.002101252553984523, -0.0061478461138904095, 0.016623573377728462, -0.005291823763400316, -0.0012907732743769884, 2.9161921702325344e-05, -0.0002672202535904944], [-0.00020257220603525639, -0.00031341801513917744, -0.00023169093765318394, -0.001499961712397635, 0.00063616584520787, -0.00017302866035606712, 0.0021998051088303328, -0.0030424785800278187, -0.005291823763400316, 0.017140591517090797, -0.008254473097622395, -0.0021860187407583, -0.00018168441602028906], [-0.00014570260827895254, -0.00013599282829090953, -0.0016250815242528915, 0.0010709661291912198, 0.00018501898739486933, 0.0023259841836988926, -0.00265861744992435, 0.0027702851220965385, -0.0012907732743769884, -0.008254473097622395, 0.017524724826216698, -0.006579753011465073, -0.0001263015001313761], [0.0001304565230384469, 0.00027933766250498593, 0.0010457191383466125, -2.752804539341014e-05, 0.0020610394421964884, -0.0045044906437397, 0.003032140899449587, -0.0036230869591236115, 2.9161921702325344e-05, -0.0021860187407583, -0.006579753011465073, 0.021694514900445938, -0.009656699374318123], [9.965504432329908e-06, 0.00026314586284570396, 0.0005926118465140462, -0.0002896607911679894, -0.003261946141719818, 0.002376674907281995, -0.0023493398912250996, 8.142686419887468e-05, -0.0002672202535904944, -0.00018168441602028906, -0.0001263015001313761, -0.009656699374318123, 0.01598939299583435]], "metadata.audio_properties.analysis.downmix": "mix", "metadata.audio_properties.codec": "mp3", "metadata.audio_properties.md5_encoded": "17f772e975a2eb1b59e823906e770ed1", "metadata.tags.file_name": "1182268948553678919.mp3", "metadata.version.essentia": "2.1-beta6-dev", "metadata.version.essentia_git_sha": "v2.1_beta