{"song_id": "1182279059623923753", "download": "https://cdn.discordapp.com/attachments/1128313332273782784/1182279059623923753/chirp.mp4?ex=65841e2d&amp", "lyrics": "Yesterday\nAll my troubles seemed so far away\nNow it looks as though they're here to stay\nOh, I believe in yesterday\n\nSuddenly\nI'm not half the man I used to be\nThere's a shadow hanging over me\nOh, yesterday came suddenly", "style": ["pop</span><span>, Elton John"], "essentia_features": {"lowlevel.average_loudness": 0.9674286246299744, "lowlevel.barkbands_crest.mean": 15.97634506225586, "lowlevel.barkbands_crest.stdev": 5.752298355102539, "lowlevel.barkbands_flatness_db.mean": 0.2090950608253479, "lowlevel.barkbands_flatness_db.stdev": 0.082265704870224, "lowlevel.barkbands_kurtosis.mean": 36.99382019042969, "lowlevel.barkbands_kurtosis.stdev": 58.22403335571289, "lowlevel.barkbands_skewness.mean": 4.481743335723877, "lowlevel.barkbands_skewness.stdev": 3.4235877990722656, "lowlevel.barkbands_spread.mean": 22.841712951660156, "lowlevel.barkbands_spread.stdev": 23.693002700805664, "lowlevel.dissonance.mean": 0.45478880405426025, "lowlevel.dissonance.stdev": 0.032089218497276306, "lowlevel.dynamic_complexity": 2.6530938148498535, "lowlevel.erbbands_crest.mean": 9.188732147216797, "lowlevel.erbbands_crest.stdev": 3.8948585987091064, "lowlevel.erbbands_flatness_db.mean": 0.11220932006835938, "lowlevel.erbbands_flatness_db.stdev": 0.032955847680568695, "lowlevel.erbbands_kurtosis.mean": 0.5401411056518555, "lowlevel.erbbands_kurtosis.stdev": 2.138228178024292, "lowlevel.erbbands_skewness.mean": 0.5951600670814514, "lowlevel.erbbands_skewness.stdev": 0.9373478889465332, "lowlevel.erbbands_spread.mean": 77.26475524902344, "lowlevel.erbbands_spread.stdev": 39.09077072143555, "lowlevel.hfc.mean": 24.746692657470703, "lowlevel.hfc.stdev": 29.664703369140625, "lowlevel.loudness_ebu128.integrated": -18.792678833007812, "lowlevel.loudness_ebu128.loudness_range": 0.92913818359375, "lowlevel.loudness_ebu128.momentary.mean": -19.317825317382812, "lowlevel.loudness_ebu128.momentary.stdev": 2.3211708068847656, "lowlevel.loudness_ebu128.short_term.mean": -18.791372299194336, "lowlevel.loudness_ebu128.short_term.stdev": 0.29611635208129883, "lowlevel.melbands_crest.mean": 20.23120880126953, "lowlevel.melbands_crest.stdev": 6.4865922927856445, "lowlevel.melbands_flatness_db.mean": 0.30770593881607056, "lowlevel.melbands_flatness_db.stdev": 0.10752537101507187, "lowlevel.melbands_kurtosis.mean": 123.89195251464844, "lowlevel.melbands_kurtosis.stdev": 163.31504821777344, "lowlevel.melbands_skewness.mean": 7.2854108810424805, "lowlevel.melbands_skewness.stdev": 4.564119815826416, "lowlevel.melbands_spread.mean": 11.174798965454102, "lowlevel.melbands_spread.stdev": 14.611709594726562, "lowlevel.pitch_salience.mean": 0.4190685749053955, "lowlevel.pitch_salience.stdev": 0.16640274226665497, "lowlevel.silence_rate_20dB.mean": 0.9971671104431152, "lowlevel.silence_rate_20dB.stdev": 0.05314938351511955, "lowlevel.silence_rate_30dB.mean": 0.8111425638198853, "lowlevel.silence_rate_30dB.stdev": 0.3913940191268921, "lowlevel.silence_rate_60dB.mean": 0.06704438477754593, "lowlevel.silence_rate_60dB.stdev": 0.2500978410243988, "lowlevel.spectral_centroid.mean": 1034.4124755859375, "lowlevel.spectral_centroid.stdev": 716.7040405273438, "lowlevel.spectral_complexity.mean": 8.94711971282959, "lowlevel.spectral_complexity.stdev": 6.78532075881958, "lowlevel.spectral_decrease.mean": -1.6735254959598933e-08, "lowlevel.spectral_decrease.stdev": 1.8516882249741684e-08, "lowlevel.spectral_energy.mean": 0.06540729105472565, "lowlevel.spectral_energy.stdev": 0.070599265396595, "lowlevel.spectral_energyband_high.mean": 0.0015184151707217097, "lowlevel.spectral_energyband_high.stdev": 0.0026763277128338814, "lowlevel.spectral_energyband_low.mean": 0.05323053151369095, "lowlevel.spectral_energyband_low.stdev": 0.06828843802213669, "lowlevel.spectral_energyband_middle_high.mean": 0.0016968377167358994, "lowlevel.spectral_energyband_middle_high.stdev": 0.002454265719279647, "lowlevel.spectral_energyband_middle_low.mean": 0.011251895688474178, "lowlevel.spectral_energyband_middle_low.stdev": 0.019399043172597885, "lowlevel.spectral_entropy.mean": 7.527373790740967, "lowlevel.spectral_entropy.stdev": 0.4846658408641815, "lowlevel.spectral_flux.mean": 0.10545741021633148, "lowlevel.spectral_flux.stdev": 0.09573621302843094, "lowlevel.spectral_kurtosis.mean": 2.969064474105835, "lowlevel.spectral_kurtosis.stdev": 2.0847907066345215, "lowlevel.spectral_rms.mean": 0.00703840795904398, "lowlevel.spectral_rms.stdev": 0.00377794005908072, "lowlevel.spectral_rolloff.mean": 1678.08544921875, "lowlevel.spectral_rolloff.stdev": 3352.107421875, "lowlevel.spectral_skewness.mean": 1.508811116218567, "lowlevel.spectral_skewness.stdev": 0.4175269305706024, "lowlevel.spectral_spread.mean": 8432215.0, "lowlevel.spectral_spread.stdev": 2748734.25, "lowlevel.spectral_strongpeak.mean": 0.5911214351654053, "lowlevel.spectral_strongpeak.stdev": 0.43223652243614197, "lowlevel.zerocrossingrate.mean": 0.07357416301965714, "lowlevel.zerocrossingrate.stdev": 0.07030028849840164, "metadata.audio_properties.analysis.equal_loudness": 0.0, "metadata.audio_properties.analysis.length": 24.554649353027344, "metadata.audio_properties.analysis.sample_rate": 44100.0, "metadata.audio_properties.analysis.start_time": 0.0, "metadata.audio_properties.bit_rate": 121943.0, "metadata.audio_properties.length": 24.55466651916504, "metadata.audio_properties.lossless": 0.0, "metadata.audio_properties.number_channels": 1.0, "metadata.audio_properties.replay_gain": -6.526369094848633, "metadata.audio_properties.sample_rate": 48000.0, "rhythm.beats_count": 64.0, "rhythm.beats_loudness.mean": 0.10131355375051498, "rhythm.beats_loudness.stdev": 0.07050404697656631, "rhythm.bpm": 155.7990264892578, "rhythm.bpm_histogram_first_peak_bpm": 157.0, "rhythm.bpm_histogram_first_peak_weight": 0.4107142686843872, "rhythm.bpm_histogram_second_peak_bpm": 152.0, "rhythm.bpm_histogram_second_peak_spread": 0.0, "rhythm.bpm_histogram_second_peak_weight": 0.1111111119389534, "rhythm.danceability": 1.7212566137313843, "rhythm.onset_rate": 3.7449049949645996, "tonal.chords_changes_rate": 0.062264151871204376, "tonal.chords_number_rate": 0.011320754885673523, "tonal.chords_strength.mean": 0.5423486828804016, "tonal.chords_strength.stdev": 0.12212905287742615, "tonal.hpcp_crest.mean": 13.28378963470459, "tonal.hpcp_crest.stdev": 5.2834649085998535, "tonal.hpcp_entropy.mean": 1.9379702806472778, "tonal.hpcp_entropy.stdev": 0.6434169411659241, "tonal.key_edma.strength": 0.7868127226829529, "tonal.key_krumhansl.strength": 0.7871668338775635, "tonal.key_temperley.strength": 0.7815043330192566, "tonal.tuning_diatonic_strength": 0.6814387440681458, "tonal.tuning_equal_tempered_deviation": 0.3499448001384735, "tonal.tuning_frequency": 434.193115234375, "tonal.tuning_nontempered_energy_ratio": 0.9618080258369446, "lowlevel.barkbands.mean": [0.0017028995789587498, 0.04335008189082146, 0.0059160045348107815, 0.004471969325095415, 0.004578241612762213, 0.0007272447692230344, 0.0005583706079050899, 0.0003169575647916645, 0.0005339012714102864, 0.00030466774478554726, 0.0003003132587764412, 9.243191743735224e-05, 0.00010190443572355434, 0.0001822137419367209, 0.00010184667917201295, 8.786986290942878e-05, 0.00011042741243727505, 0.0001328329526586458, 0.00022991195146460086, 0.00019291433272883296, 0.0001275238610105589, 0.00010724146704887971, 0.00015154690481722355, 0.0001466773683205247, 0.00030363205587491393, 0.0005580420838668942, 1.9654202333185822e-05], "lowlevel.barkbands.stdev": [0.0025546511169523, 0.061463482677936554, 0.012827814556658268, 0.010654598474502563, 0.010171949863433838, 0.0012734468327835202, 0.0011306247906759381, 0.0009725840645842254, 0.0011641269084066153, 0.0008178691496141255, 0.0008254714775830507, 0.00022760973661206663, 0.00023622198204975575, 0.0007659552502445877, 0.00028137696790508926, 0.00021691857546102256, 0.0003682585956994444, 0.00036524140159599483, 0.0004595600184984505, 0.0004012657154817134, 0.00039941215072758496, 0.0003283334372099489, 0.00031795084942132235, 0.00027517531998455524, 0.0004888356779702008, 0.000931699585635215, 5.443075860966928e-05], "lowlevel.erbbands.mean": [1.4529776573181152, 8.745966911315918, 8.81061840057373, 11.663515090942383, 16.317045211791992, 15.035089492797852, 7.490123271942139, 6.3331217765808105, 6.708014011383057, 9.072526931762695, 6.8712568283081055, 12.655694961547852, 9.31424331665039, 11.360097885131836, 11.280261039733887, 3.9084672927856445, 5.209435939788818, 5.587273120880127, 9.800692558288574, 4.928090572357178, 4.7578535079956055, 6.037569046020508, 6.641966342926025, 10.56552505493164, 10.429420471191406, 9.246899604797363, 6.49813175201416, 4.39032506942749, 3.877068042755127, 4.525238990783691, 3.925179958343506, 2.70289945602417, 2.7791635990142822, 2.411386489868164, 2.6887292861938477, 2.138747215270996, 1.0411736965179443, 0.1860916018486023, 0.0035667584743350744, 0.0001836922747315839], "lowlevel.erbbands.stdev": [2.1946074962615967, 13.051309585571289, 17.59885597229004, 22.441287994384766, 43.83168411254883, 29.812665939331055, 12.445371627807617, 11.783306121826172, 14.529932022094727, 19.95646095275879, 19.322301864624023, 29.723237991333008, 25.236549377441406, 27.63779640197754, 30.340999603271484, 7.719771862030029, 12.091408729553223, 15.822739601135254, 35.75804901123047, 12.134283065795898, 11.22184944152832, 19.121999740600586, 18.023508071899414, 20.788841247558594, 19.959409713745117, 19.54331398010254, 17.84402847290039, 14.07168960571289, 12.755508422851562, 11.991883277893066, 7.85879373550415, 4.88522481918335, 5.407519817352295, 4.484950542449951, 4.15474271774292, 3.4187660217285156, 1.7488445043563843, 0.36709868907928467, 0.007004386745393276, 0.00022542427177540958], "lowlevel.gfcc.mean": [-5.9336419105529785, 51.704742431640625, -41.663814544677734, 37.14112854003906, -48.4123649597168, 16.45945930480957, -31.48164176940918, 21.785226821899414, -37.38642120361328, 10.476784706115723, -21.703462600708008, 4.033177375793457, -16.650196075439453], "lowlevel.melbands.mean": [0.012625976465642452, 0.006880095228552818, 0.0021543961483985186, 0.0011540851555764675, 0.00033796855132095516, 0.0001362766051897779, 0.00010658799146767706, 9.469306678511202e-05, 5.938438334851526e-05, 7.770828960929066e-05, 4.4309530494501814e-05, 4.4744730985257775e-05, 4.483295197132975e-05, 1.1577745681279339e-05, 1.0749507055152208e-05, 9.820860213949345e-06, 1.0784159712784458e-05, 1.825350227591116e-05, 7.0610417424177285e-06, 6.006744570186129e-06, 5.60981379749137e-06, 5.396373580879299e-06, 7.711696525802836e-06, 5.92610831517959e-06, 8.93684227776248e-06, 8.526687452103943e-06, 6.836610737082083e-06, 6.001595920679392e-06, 4.487020760279847e-06, 2.8638014555326663e-06, 2.4711462174309418e-06, 2.2726949282514397e-06, 1.899783342196315e-06, 2.8646545615629293e-06, 2.3447253170161275e-06, 1.851328079283121e-06, 1.588683289810433e-06, 1.91675940186542e-06, 2.011285005210084e-06, 2.0016607322759228e-06], "lowlevel.melbands.stdev": [0.01807200349867344, 0.01071052998304367, 0.004447351209819317, 0.002635112265124917, 0.0005525429733097553, 0.000251796911470592, 0.00022816764249000698, 0.00021542920148931444, 0.00015679281204938889, 0.00017595791723579168, 0.00012963908375240862, 0.00011814168829005212, 0.00012764340499415994, 2.746522477536928e-05, 2.1703996026189998e-05, 2.3389316993416287e-05, 3.4611020964803174e-05, 7.757332059554756e-05, 1.941054142662324e-05, 1.7530484910821542e-05, 1.4860956980555784e-05, 1.653172876103781e-05, 2.962750477308873e-05, 1.5359872122644447e-05, 1.820782017603051e-05, 1.7207481505465694e-05, 1.3710025086766109e-05, 1.3643283637065906e-05, 1.2472574780986179e-05, 8.603918104199693e-06, 8.755489034228958e-06, 7.756809282000177e-06, 5.5832956604717765e-06, 7.534053565905197e-06, 4.9431414481659885e-06, 3.396830379642779e-06, 3.0011588023626246e-06, 3.835808456642553e-06, 4.210638962831581e-06, 3.7553295442194212e-06], "lowlevel.melbands128.mean": [0.0016296094981953502, 0.01123399380594492, 0.018572205677628517, 0.013116694986820221, 0.0055723548866808414, 0.002726056147366762, 0.002350585302338004, 0.0021788303274661303, 0.0015883356099948287, 0.0012378599494695663, 0.0007936425390653312, 0.00045689110993407667, 0.00019681545381899923, 0.00020202284213155508, 0.0001740354491630569, 7.602053665323183e-05, 6.915554695297033e-05, 0.00013797689462080598, 0.00011257865116931498, 0.00011443463154137135, 7.573444599984214e-05, 5.9455851442180574e-05, 4.010703196399845e-05, 7.315443508559838e-05, 0.0001193485950352624, 4.467422695597634e-05, 7.168290903791785e-05, 3.270661545684561e-05, 3.806616223300807e-05, 5.042034536018036e-05, 4.554945553536527e-05, 3.436066253925674e-05, 7.345908670686185e-05, 2.187047357438132e-05, 1.364941090287175e-05, 9.026510269904975e-06, 7.5903526521869935e-06, 1.023701588565018e-05, 1.2546063771878835e-05, 1.473304564569844e-05, 6.230090093595209e-06, 7.85872180131264e-06, 9.678609785623848e-06, 6.170373126224149e-06, 3.1277155358111486e-05, 1.5669891581637785e-05, 1.2935150152770802e-05, 6.30969134363113e-06, 4.319402250985149e-06, 8.109818736556917e-06, 6.227030098671094e-06, 3.89186106986017e-06, 5.825570497108856e-06, 6.602391749765957e-06, 4.785943929164205e-06, 3.8107291402411647e-06, 6.730140285071684e-06, 1.0983974789269269e-05, 7.237325007736217e-06, 2.834826545949909e-06, 5.653554126183735e-06, 9.203732588503044e-06, 5.313774181558983e-06, 8.811752195470035e-06, 1.5112056644284166e-05, 6.610138370888308e-06, 5.859255907125771e-06, 9.114364729612134e-06, 5.456724920804845e-06, 6.675529220956378e-06, 6.440439847210655e-06, 5.369074642658234e-06, 5.403618160926271e-06, 4.589110631059157e-06, 3.1420545383298304e-06, 2.9846773941244464e-06, 2.8305782961979276e-06, 2.022277840296738e-06, 2.762938265732373e-06, 2.334034888917813e-06, 2.5080566956603434e-06, 2.287602001160849e-06, 1.6947261656241608e-06, 1.7389319282301585e-06, 2.0843506263190648e-06, 2.675029691090458e-06, 3.2881971492315643e-06, 3.0203646019799635e-06, 2.0201846382406075e-06, 2.1570417629845906e-06, 2.117325266226544e-06, 1.7551453765918268e-06, 1.386446342621639e-06, 1.549991225147096e-06, 1.6444446373498067e-06, 2.0240001958882203e-06, 1.8939682604468544e-06, 1.852021114245872e-06, 2.1976018160785316e-06, 2.1580553948297165e-06, 1.4802820942350081e-06, 2.2067026748118224e-06, 1.9673188944580033e-06, 3.369792239027447e-06, 2.7313715236232383e-06, 3.4420261272316566e-06, 3.5077287066087592e-06, 3.1693944038124755e-06, 4.129783519601915e-06, 4.029957835882669e-06, 3.498005980873131e-06, 3.854198439512402e-06, 3.1421288895217003e-06, 3.147146799165057e-06, 3.1990323350328254e-06, 2.5394128897460178e-06, 8.636383199700504e-07, 3.071643561725068e-08, 4.508673434600041e-10, 8.980179100337438e-11, 5.5477834132178216e-11, 1.5300436265186512e-11, 1.054765649821654e-11, 1.0315014467576766e-11, 1.0042339355920138e-11, 9.705838563411895e-12, 9.510607579255037e-12, 9.43640044576144e-12], "lowlevel.melbands128.stdev": [0.0024753271136432886, 0.018223607912659645, 0.0282534621655941, 0.02096048928797245, 0.01190716028213501, 0.005416280589997768, 0.004583572503179312, 0.005957029294222593, 0.004880005493760109, 0.003040952840819955, 0.0016023851931095123, 0.0009078467846848071, 0.00044394945143722, 0.0004086689732503146, 0.00038597590173594654, 0.0002194917615270242, 0.0001989039737964049, 0.00036031045601703227, 0.0002563440066296607, 0.0003459748695604503, 0.00026669405633583665, 0.000281394284684211, 0.00020296897855587304, 0.00020107239834032953, 0.0003625336103141308, 0.00011457748041721061, 0.0003063837648369372, 0.00011999117123195902, 0.0001927798002725467, 0.00016390848031733185, 0.00017240292800124735, 0.00011077625094912946, 0.0002533054503146559, 7.048885890981182e-05, 4.5453853090293705e-05, 2.5591676603653468e-05, 2.548964403104037e-05, 2.898330239986535e-05, 3.194082455593161e-05, 5.0531260058050975e-05, 2.123865306202788e-05, 2.8720740374410525e-05, 4.1595187212806195e-05, 2.57427691394696e-05, 0.00018532213289290667, 7.641382399015129e-05, 5.09990168211516e-05, 2.5933619326679036e-05, 1.615095061424654e-05, 3.0489980417769402e-05, 2.952441900561098e-05, 1.2382301065372303e-05, 2.2763175365980715e-05, 2.1784442651551217e-05, 1.67358411999885e-05, 1.297768631047802e-05, 4.1277442505816e-05, 5.4753963922848925e-05, 3.3029504265869036e-05, 9.082774340640754e-06, 1.7945012587006204e-05, 2.773459709715098e-05, 1.20286949822912e-05, 2.773666346911341e-05, 4.2253810534020886e-05, 1.500172493251739e-05, 1.4599390851799399e-05, 2.290130578330718e-05, 1.3058132026344538e-05, 1.8056169210467488e-05, 1.5940076991682872e-05, 1.6071782738436013e-05, 1.384006827720441e-05, 1.604936915100552e-05, 1.0258445399813354e-05, 9.899954420689028e-06, 8.84998280525906e-06, 6.31602688372368e-06, 1.2333376616879832e-05, 8.24591097625671e-06, 9.129862519330345e-06, 8.94936420081649e-06, 6.787380698369816e-06, 4.755588179250481e-06, 6.391620445356239e-06, 8.063288078119513e-06, 8.965304914454464e-06, 7.237774298118893e-06, 4.917922069580527e-06, 4.31720172855421e-06, 4.204155175102642e-06, 3.5039815884374548e-06, 2.6344932848587632e-06, 3.5077309803455137e-06, 3.362492861924693e-06, 4.04847696700017e-06, 4.439289114088751e-06, 4.049850758747198e-06, 5.019207037548767e-06, 5.080208666186081e-06, 3.5740072235057596e-06, 4.151484063186217e-06, 4.206369794701459e-06, 5.726762537960894e-06, 4.67615154775558e-06, 5.961957413092023e-06, 6.1966020439285785e-06, 5.6295089052582625e-06, 6.861026122351177e-06, 7.142463800846599e-06, 7.289166660484625e-06, 6.411902631953126e-06, 5.659046109940391e-06, 5.692165814252803e-06, 6.369763468683232e-06, 5.6392382248304784e-06, 2.2358585738402326e-06, 1.495670005624561e-07, 7.379566291376705e-09, 2.513925512204196e-09, 1.4330143738305878e-09, 1.4316930974089814e-10, 1.8613140542744766e-11, 1.8273675975177817e-11, 1.7994449680314162e-11, 1.7771078011930008e-11, 1.7610872829476598e-11, 1.7512314515188976e-11], "lowlevel.mfcc.mean": [-681.133544921875, 101.43711853027344, 52.918697357177734, 36.20853805541992, 12.306300163269043, 4.307218074798584, 17.5385799407959, 5.944865703582764, -0.12697602808475494, 8.90834903717041, -1.768521785736084, -3.9470088481903076, 0.5154803395271301], "lowlevel.spectral_contrast_coeffs.mean": [-0.6729758381843567, -0.7426285743713379, -0.773559033870697, -0.8025084137916565, -0.7847190499305725, -0.7792439460754395], "lowlevel.spectral_contrast_coeffs.stdev": [0.08891469240188599, 0.0761822983622551, 0.07858174294233322, 0.061948396265506744, 0.057489022612571716, 0.03728208690881729], "lowlevel.spectral_contrast_valleys.mean": [-6.593961715698242, -7.43631649017334, -8.313076972961426, -8.68485164642334, -8.097396850585938, -10.122925758361816], "lowlevel.spectral_contrast_valleys.stdev": [1.1748237609863281, 0.5721393823623657, 0.6914628744125366, 0.8674593567848206, 0.7660263180732727, 0.7999199032783508], "rhythm.beats_loudness_band_ratio.mean": [0.7756051421165466, 0.08947201073169708, 0.032123174518346786, 0.0170985646545887, 0.013935155235230923, 0.08663801103830338], "rhythm.beats_loudness_band_ratio.stdev": [0.23613519966602325, 0.11634250730276108, 0.05228721722960472, 0.030522488057613373, 0.0211213119328022, 0.10349436104297638], "tonal.hpcp.mean": [0.14810346066951752, 0.17202669382095337, 0.10744418203830719, 0.04920526593923569, 0.0217035710811615, 0.02325761877000332, 0.07454147189855576, 0.1746978908777237, 0.1448581963777542, 0.04857875034213066, 0.03192188963294029, 0.04820731654763222, 0.18040047585964203, 0.21949458122253418, 0.0994434729218483, 0.05713791027665138, 0.06639862060546875, 0.05013145133852959, 0.0289235170930624, 0.022290796041488647, 0.026881253346800804, 0.10332876443862915, 0.22125348448753357, 0.18220524489879608, 0.07646195590496063, 0.05343085154891014, 0.06966303288936615, 0.11034103482961655, 0.11944989114999771, 0.07593242824077606, 0.039967071264982224, 0.03461535647511482, 0.03694616258144379, 0.04881112650036812, 0.0628868043422699, 0.08355513215065002], "tonal.hpcp.stdev": [0.2936251759529114, 0.3210027515888214, 0.23932968080043793, 0.1676129549741745, 0.10723181068897247, 0.10990121960639954, 0.17154744267463684, 0.30346351861953735, 0.2740201950073242, 0.15029628574848175, 0.1346631646156311, 0.15064674615859985, 0.3329679071903229, 0.35689690709114075, 0.1953216791152954, 0.18648208677768707, 0.21617379784584045, 0.17031115293502808, 0.10570026189088821, 0.1059761494398117, 0.10581865906715393, 0.2091771960258484, 0.3495272099971771, 0.29277661442756653, 0.20007027685642242, 0.175333172082901, 0.19666153192520142, 0.2717602252960205, 0.2718881368637085, 0.1902529001235962, 0.13670749962329865, 0.13596630096435547, 0.1400989443063736, 0.14898084104061127, 0.16396702826023102, 0.1990741640329361], "rhythm.beats_position": [0.39473921060562134, 0.7894784212112427, 1.172607660293579, 1.5557368993759155, 1.9504761695861816, 2.3336052894592285, 2.7167346477508545, 3.088253974914551, 3.4713830947875977, 3.842902421951294, 4.22603178024292, 4.597550868988037, 4.980679988861084, 5.363809585571289, 5.735328674316406, 6.106847763061523, 6.501587390899658, 6.884716510772705, 7.267845630645752, 7.639364719390869, 8.034104347229004, 8.405623435974121, 8.777142524719238, 9.148661613464355, 9.543400764465332, 9.914920806884766, 10.309659957885742, 10.68117904663086, 11.052698135375977, 11.435827255249023, 11.81895637512207, 12.190476417541504, 12.57360553741455, 12.956734657287598, 13.328253746032715, 13.711382865905762, 14.094511985778809, 14.477641105651855, 14.860771179199219, 15.232290267944336, 15.615419387817383, 15.99854850769043, 16.370067596435547, 16.753196716308594, 17.13632583618164, 17.519454956054688, 17.902584075927734, 18.27410316467285, 18.6456241607666, 19.02875328063965, 19.411882400512695, 19.783401489257812, 20.17814064025879, 20.549659729003906, 20.932788848876953, 21.31591796875, 21.687437057495117, 22.070566177368164, 22.45369529724121, 22.825214385986328, 23.208343505859375, 23.591472625732422, 23.962993621826172, 24.34612274169922], "rhythm.bpm_histogram": [0.0, 0.0, 0.0, 0.0, 0.0, 0.0, 0.0, 0.0, 0.0, 0.0, 0.0, 0.0, 0.0, 0.0, 0.0, 0.0, 0.0, 0.0, 0.0, 0.0, 0.0, 0.0, 0.0, 0.0, 0.0, 0.0, 0.0, 0.0, 0.0, 0.0, 0.0, 0.0, 0.0, 0.0, 0.0, 0.0, 0.0, 0.0, 0.0, 0.0, 0.0, 0.0, 0.0, 0.0, 0.0, 0.0, 0.0, 0.0, 0.0, 0.0, 0.0, 0.0, 0.0, 0.0, 0.0, 0.0, 0.0, 0.0, 0.0, 0.0, 0.0, 0.0, 0.0, 0.0, 0.0, 0.0, 0.0, 0.0, 0.0, 0.0, 0.0, 0.0, 0.0, 0.0, 0.0, 0.0, 0.0, 0.0, 0.0, 0.0, 0.0, 0.0, 0.0, 0.0, 0.0, 0.0, 0.0, 0.0, 0.0, 0.0, 0.0, 0.0, 0.0, 0.0, 0.0, 0.0, 0.0, 0.0, 0.0, 0.0, 0.0, 0.0, 0.0, 0.0, 0.0, 0.0, 0.0, 0.0, 0.0, 0.0, 0.0, 0.0, 0.0, 0.0, 0.0, 0.0, 0.0, 0.0, 0.0, 0.0, 0.0, 0.0, 0.0, 0.0, 0.0, 0.0, 0.0, 0.0, 0.0, 0.0, 0.0, 0.0, 0.0, 0.0, 0.0, 0.0, 0.0, 0.0, 0.0, 0.0, 0.0, 0.0, 0.0, 0.0, 0.0, 0.0, 0.0, 0.0, 0.0, 0.0, 0.0, 0.0, 0.1111111119389534, 0.0, 0.0, 0.0, 0.0, 0.523809552192688, 0.0, 0.0, 0.0, 0.3650793731212616, 0.0, 0.0, 0.0, 0.0, 0.0, 0.0, 0.0, 0.0, 0.0, 0.0, 0.0, 0.0, 0.0, 0.0, 0.0, 0.0, 0.0, 0.0, 0.0, 0.0, 0.0, 0.0, 0.0, 0.0, 0.0, 0.0, 0.0, 0.0, 0.0, 0.0, 0.0, 0.0, 0.0, 0.0, 0.0, 0.0, 0.0, 0.0, 0.0, 0.0, 0.0, 0.0, 0.0, 0.0, 0.0, 0.0, 0.0, 0.0, 0.0, 0.0, 0.0, 0.0, 0.0, 0.0, 0.0, 0.0, 0.0, 0.0, 0.0, 0.0, 0.0, 0.0, 0.0, 0.0, 0.0, 0.0, 0.0, 0.0, 0.0, 0.0, 0.0, 0.0, 0.0, 0.0, 0.0, 0.0, 0.0, 0.0, 0.0, 0.0, 0.0, 0.0, 0.0, 0.0, 0.0, 0.0, 0.0, 0.0], "tonal.chords_histogram": [55.09434127807617, 3.0188679695129395, 22.830188751220703, 0.0, 0.0, 0.0, 4.905660152435303, 0.0, 0.0, 0.0, 0.0, 0.0, 0.0, 0.0, 0.0, 0.0, 0.0, 0.0, 0.0, 1.8867924213409424, 0.0, 0.5660377144813538, 0.0, 11.698113441467285], "tonal.thpcp": [1.0, 0.8235135674476624, 0.34558531641960144, 0.24149157106876373, 0.3148562014102936, 0.49870869517326355, 0.5398780107498169, 0.3431920111179352, 0.18063928186893463, 0.15645112097263336, 0.1669856756925583, 0.2206117808818817, 0.28422966599464417, 0.3776443600654602, 0.6693836450576782, 0.7775095105171204, 0.4856157600879669, 0.2223931849002838, 0.09809368848800659, 0.10511752218008041, 0.336905300617218, 0.7895825505256653, 0.6547160148620605, 0.21956151723861694, 0.1442774534225464, 0.21788275241851807, 0.8153565526008606, 0.992050290107727, 0.4494549334049225, 0.25824636220932007, 0.30010202527046204, 0.22657926380634308, 0.13072569668293, 0.10074777156114578, 0.12149527668952942, 0.4670152962207794], "lowlevel.gfcc.cov": [[2982.1611328125, -140.0264434814453, -42.29877853393555, 103.92628479003906, 356.75390625, 190.7598419189453, 214.04074096679688, 53.37427520751953, -26.754873275756836, 103.6500244140625, -29.59438133239746, 4.319166660308838, 16.30118751525879], [-140.0264434814453, 1442.7998046875, 222.84950256347656, 259.28955078125, 442.02435302734375, 346.5898132324219, 456.5680847167969, 371.38763427734375, 57.770721435546875, -24.134235382080078, 236.03334045410156, -168.98660278320312, 60.0516471862793], [-42.29877853393555, 222.84950256347656, 1586.7266845703125, 630.8858032226562, 137.48072814941406, 484.4720458984375, 346.3605651855469, 191.6465606689453, 264.2918701171875, 76.63014221191406, 37.79707717895508, 136.49961853027344, -95.73202514648438], [103.92628479003906, 259.28955078125, 630.8858032226562, 707.2323608398438, 389.9044189453125, 177.87408447265625, 134.08026123046875, 262.1033935546875, 217.8423614501953, -4.764325141906738, 72.43360137939453, 52.871131896972656, 26.408203125], [356.75390625, 442.02435302734375, 137.48072814941406, 389.9044189453125, 594.2786254882812, 232.14735412597656, 228.1125946044922, 275.3965148925781, 105.14138793945312, 28.868080139160156, 104.92198944091797, -23.78898048400879, 77.29212188720703], [190.7598419189453, 346.5898132324219, 484.4720458984375, 177.87408447265625, 232.14735412597656, 567.1227416992188, 395.7945861816406, 152.52503967285156, 63.187381744384766, 73.60791015625, 94.57966613769531, -65.49873352050781, -1.7969127893447876], [214.04074096679688, 456.5680847167969, 346.3605651855469, 134.08026123046875, 228.1125946044922, 395.7945861816406, 449.66412353515625, 218.88941955566406, 49.2704963684082, 65.30709075927734, 107.84190368652344, -51.49821090698242, -8.461822509765625], [53.37427520751953, 371.38763427734375, 191.6465606689453, 262.1033935546875, 275.3965148925781, 152.52503967285156, 218.88941955566406, 323.2793273925781, 136.19789123535156, 3.68139386177063, 93.79854583740234, -15.950167655944824, 34.346832275390625], [-26.754873275756836, 57.770721435546875, 264.2918701171875, 217.8423614501953, 105.14138793945312, 63.187381744384766, 49.2704963684082, 136.19789123535156, 204.80422973632812, 52.34383010864258, 18.082576751708984, 37.406978607177734, 4.674596309661865], [103.6500244140625, -24.134235382080078, 76.63014221191406, -4.764325141906738, 28.868080139160156, 73.60791015625, 65.30709075927734, 3.68139386177063, 52.34383010864258, 113.93697357177734, 35.131954193115234, 8.642938613891602, -3.4311132431030273], [-29.59438133239746, 236.03334045410156, 37.79707717895508, 72.43360137939453, 104.92198944091797, 94.57966613769531, 107.84190368652344, 93.79854583740234, 18.082576751708984, 35.131954193115234, 134.722900390625, 5.321480751037598, 9.270906448364258], [4.319166660308838, -168.98660278320312, 136.49961853027344, 52.871131896972656, -23.78898048400879, -65.49873352050781, -51.49821090698242, -15.950167655944824, 37.406978607177734, 8.642938613891602, 5.321480751037598, 137.7362518310547, -1.9474540948867798], [16.30118751525879, 60.0516471862793, -95.73202514648438, 26.408203125, 77.29212188720703, -1.7969127893447876, -8.461822509765625, 34.346832275390625, 4.674596309661865, -3.4311132431030273, 9.270906448364258, -1.9474540948867798, 79.80751037597656]], "lowlevel.gfcc.icov": [[0.0004362124891486019, 7.686465687584132e-05, 0.0001722794258967042, -0.0001854559377534315, -0.0002859285450540483, -7.02212200849317e-05, -0.0002805553376674652, -3.504441338009201e-05, 0.0004116583149880171, -0.000574673293158412, 0.0006227961857803166, -0.00030687288381159306, 0.00025310239288955927], [7.686465687584132e-05, 0.002693472197279334, -0.0013498712796717882, 0.001463620108552277, -0.0016620451351627707, 0.0022506832610815763, -0.0026909643784165382, 0.0014450420858338475, -0.002068381756544113, 0.00402076356112957, -0.005030795931816101, 0.004492342937737703, -0.0024047924671322107], [0.0001722794258967042, -0.0013498712796717882, 0.0035489872097969055, -0.0035234654787927866, 0.0023935541976243258, -0.0032290895469486713, 0.0003626596590038389, -0.0008961097919382155, 0.0010908733820542693, -0.0031167836859822273, 0.004661789629608393, -0.005146775860339403, 0.0035718472208827734], [-0.0001854559377534315, 0.001463620108552277, -0.0035234654787927866, 0.0072539811953902245, -0.00441111670807004, 0.0024985577911138535, 9.228810085915029e-05, 0.0009847675682976842, -0.004519737791270018, 0.005965413060039282, -0.005533439107239246, 0.004115118179470301, -0.0025115585885941982], [-0.0002859285450540483, -0.0016620451351627707, 0.0023935541976243258, -0.00441111670807004, 0.0065948874689638615, -0.0030300281941890717, 0.0012971529504284263, -0.0034874717239290476, 0.0030818034429103136, -0.004562492948025465, 0.003855775808915496, -0.0036306388210505247, -9.017092088470235e-05], [-7.02212200849317e-05, 0.0022506832610815763, -0.0032290895469486713, 0.0024985577911138535, -0.0030300281941890717, 0.009271085262298584, -0.007424468640238047, 0.004988794680684805, -0.003898352850228548, 0.004851639736443758, -0.006791440770030022, 0.007641144096851349, -0.004758024588227272], [-0.0002805553376674652, -0.0026909643784165382, 0.0003626596590038389, 9.228810085915029e-05, 0.0012971529504284263, -0.007424468640238047, 0.013933626003563404, -0.009091428481042385, 0.006730710156261921, -0.007892083376646042, 0.0048561724834144115, -0.00428620632737875, 0.005050974898040295], [-3.504441338009201e-05, 0.0014450420858338475, -0.0008961097919382155, 0.0009847675682976842, -0.0034874717239290476, 0.004988794680684805, -0.009091428481042385, 0.01559939980506897, -0.010994265787303448, 0.010450012050569057, -0.008327350951731205, 0.005049778614193201, -0.004484722390770912], [0.0004116583149880171, -0.002068381756544113, 0.0010908733820542693, -0.004519737791270018, 0.0030818034429103136, -0.003898352850228548, 0.006730710156261921, -0.010994265787303448, 0.018075430765748024, -0.014209955930709839, 0.009716210886836052, -0.006315323058515787, 0.0036967552732676268], [-0.000574673293158412, 0.00402076356112957, -0.0031167836859822273, 0.005965413060039282, -0.004562492948025465, 0.004851639736443758, -0.007892083376646042, 0.010450012050569057, -0.014209955930709839, 0.025020720437169075, -0.014875712804496288, 0.008313329890370369, -0.005588008556514978], [0.0006227961857803166, -0.005030795931816101, 0.004661789629608393, -0.005533439107239246, 0.003855775808915496, -0.006791440770030022, 0.0048561724834144115, -0.008327350951731205, 0.009716210886836052, -0.014875712804496288, 0.024324702098965645, -0.012946859933435917, 0.0069425348192453384], [-0.00030687288381159306, 0.004492342937737703, -0.005146775860339403, 0.004115118179470301, -0.0036306388210505247, 0.007641144096851349, -0.00428620632737875, 0.005049778614193201, -0.006315323058515787, 0.008313329890370369, -0.012946859933435917, 0.01988484524190426, -0.00707599613815546], [0.00025310239288955927, -0.0024047924671322107, 0.0035718472208827734, -0.0025115585885941982, -9.017092088470235e-05, -0.004758024588227272, 0.005050974898040295, -0.004484722390770912, 0.0036967552732676268, -0.005588008556514978, 0.0069425348192453384, -0.00707599613815546, 0.02041349560022354]], "lowlevel.mfcc.cov": [[3021.480712890625, -171.07919311523438, -554.4891357421875, 15.707972526550293, 88.94784545898438, 108.71949005126953, 148.3952178955078, -62.93745422363281, 56.97552490234375, 87.94024658203125, -25.599916458129883, -106.52224731445312, 25.10847282409668], [-171.07919311523438, 1068.804931640625, 14.526132583618164, 61.0966682434082, 112.50035858154297, 76.65298461914062, 478.1236267089844, 212.52645874023438, 96.87593078613281, 258.55767822265625, 108.65096282958984, 38.58910369873047, 82.7611312866211], [-554.4891357421875, 14.526132583618164, 1464.9671630859375, 229.41632080078125, 82.6422119140625, 370.0955505371094, 127.87755584716797, 321.1517639160156, 193.90606689453125, 38.232120513916016, 232.95455932617188, 201.8881378173828, 111.45014953613281], [15.707972526550293, 61.0966682434082, 229.41632080078125, 589.8645629882812, 385.7377624511719, -19.126811981201172, 32.08237838745117, 214.15757751464844, 146.6252899169922, 29.546920776367188, 65.40653991699219, 154.4056854248047, 91.8415298461914], [88.94784545898438, 112.50035858154297, 82.6422119140625, 385.7377624511719, 496.6879577636719, 63.242164611816406, 131.93527221679688, 188.2451629638672, 157.9085693359375, 109.45716857910156, 59.29986572265625, 96.75501251220703, 68.34900665283203], [108.71949005126953, 76.65298461914062, 370.0955505371094, -19.126811981201172, 63.242164611816406, 368.56982421875, 217.44761657714844, 103.10011291503906, 92.04243469238281, 126.70804595947266, 100.26506042480469, 19.00008773803711, 41.25738525390625], [148.3952178955078, 478.1236267089844, 127.87755584716797, 32.08237838745117, 131.93527221679688, 217.44761657714844, 551.9971923828125, 225.30792236328125, 107.8128433227539, 249.0471954345703, 114.01980590820312, 19.68977928161621, 78.86188507080078], [-62.93745422363281, 212.52645874023438, 321.1517639160156, 214.15757751464844, 188.2451629638672, 103.10011291503906, 225.30792236328125, 312.5462646484375, 149.65174865722656, 110.3365249633789, 114.46865844726562, 113.03429412841797, 83.82022857666016], [56.97552490234375, 96.87593078613281, 193.90606689453125, 146.6252899169922, 157.9085693359375, 92.04243469238281, 107.8128433227539, 149.65174865722656, 203.9049530029297, 120.90745544433594, 67.79139709472656, 49.536922454833984, 62.94222640991211], [87.94024658203125, 258.55767822265625, 38.232120513916016, 29.546920776367188, 109.45716857910156, 126.70804595947266, 249.0471954345703, 110.3365249633789, 120.90745544433594, 282.4671325683594, 83.40782165527344, 4.491143703460693, 57.865020751953125], [-25.599916458129883, 108.65096282958984, 232.95455932617188, 65.40653991699219, 59.29986572265625, 100.26506042480469, 114.01980590820312, 114.46865844726562, 67.79139709472656, 83.40782165527344, 150.1591339111328, 87.77690887451172, 48.99008560180664], [-106.52224731445312, 38.58910369873047, 201.8881378173828, 154.4056854248047, 96.75501251220703, 19.00008773803711, 19.68977928161621, 113.03429412841797, 49.536922454833984, 4.491143703460693, 87.77690887451172, 168.50279235839844, 61.27617645263672], [25.10847282409668, 82.7611312866211, 111.45014953613281, 91.8415298461914, 68.34900665283203, 41.25738525390625, 78.86188507080078, 83.82022857666016, 62.94222640991211, 57.865020751953125, 48.99008560180664, 61.27617645263672, 105.95990753173828]], "lowlevel.mfcc.icov": [[0.0004322013119235635, 0.00018921226728707552, 0.0003170511336065829, -0.00021200923947617412, 0.00011205219925614074, -0.0003174858575221151, -0.0002397142961854115, 0.00011996934335911646, -0.0002724966616369784, 0.0001661877176957205, -0.00024593150010332465, 0.00024852939532138407, -0.00022397784050554037], [0.00018921226728707552, 0.0017931266920641065, 0.0001429950207239017, -0.00015058382996357977, 0.00020426957053132355, 0.0006130806868895888, -0.0015769096789881587, -4.2211104300804436e-05, -3.597613249439746e-05, -0.0005187008646316826, -0.00028802448650822043, -6.882400339236483e-05, -0.00015111223910935223], [0.0003170511336065829, 0.0001429950207239017, 0.0018129394156858325, -0.0006771370535716414, 0.0009074291447177529, -0.00182751240208745, 0.0003978900203946978, -0.0010846405057236552, -0.0006751110195182264, 0.0008233881671912968, -0.0011696598958224058, -0.00014345909585244954, -0.00024353757908102125], [-0.00021200923947617412, -0.00015058382996357977, -0.0006771370535716414, 0.0051560974679887295, -0.0034154970198869705, 0.0014842344680801034, 0.0006827219040133059, -0.0011747026583179832, -0.00024854580988176167, 0.0004386969085317105, 0.0006585794035345316, -0.0013770541409030557, -0.0011427176650613546], [0.00011205219925614074, 0.00020426957053132355, 0.0009074291447177529, -0.0034154970198869705, 0.005486058071255684, -0.001321366406045854, -0.0004437404277268797, -0.0005045635625720024, -0.0015026602195575833, -0.0006163741345517337, 0.0005116065149195492, -0.0006847951444797218, 0.0009136844892054796], [-0.0003174858575221151, 0.0006130806868895888, -0.00182751240208745, 0.0014842344680801034, -0.001321366406045854, 0.006423380225896835, -0.0022382568567991257, 0.001397080603055656, -0.0006038632127456367, -0.0007443936774507165, -0.0011377924820408225, 0.0006065372726880014, 8.45921749714762e-05], [-0.0002397142961854115, -0.0015769096789881587, 0.0003978900203946978, 0.0006827219040133059, -0.0004437404277268797, -0.0022382568567991257, 0.0063907369039952755, -0.003794706892222166, 0.0020917311776429415, -0.0022027234081178904, -0.0003026931663043797, 0.001385404379107058, -0.001019450486637652], [0.00011996934335911646, -4.2211104300804436e-05, -0.0010846405057236552, -0.0011747026583179832, -0.0005045635625720024, 0.001397080603055656, -0.003794706892222166, 0.010372623801231384, -0.003702852176502347, 0.0010807886719703674, -0.0011086153099313378, -0.0022867959924042225, 8.331117896887008e-06], [-0.0002724966616369784, -3.597613249439746e-05, -0.0006751110195182264, -0.00024854580988176167, -0.0015026602195575833, -0.0006038632127456367, 0.0020917311776429415, -0.003702852176502347, 0.011338070966303349, -0.003839341225102544, 0.00018324810662306845, 0.0014270500978454947, -0.001953368540853262], [0.0001661877176957205, -0.0005187008646316826, 0.0008233881671912968, 0.0004386969085317105, -0.0006163741345517337, -0.0007443936774507165, -0.0022027234081178904, 0.0010807886719703674, -0.003839341225102544, 0.008796199224889278, -0.0032720111776143312, 0.001971128163859248, -0.0015587515663355589], [-0.00024593150010332465, -0.00028802448650822043, -0.0011696598958224058, 0.0006585794035345316, 0.0005116065149195492, -0.0011377924820408225, -0.0003026931663043797, -0.0011086153099313378, 0.00018324810662306845, -0.0032720111776143312, 0.015602532774209976, -0.007020420394837856, 0.0006820693961344659], [0.00024852939532138407, -6.882400339236483e-05, -0.00014345909585244954, -0.0013770541409030557, -0.0006847951444797218, 0.0006065372726880014, 0.001385404379107058, -0.0022867959924042225, 0.0014270500978454947, 0.001971128163859248, -0.007020420394837856, 0.014053252525627613, -0.004482445307075977], [-0.00022397784050554037, -0.00015111223910935223, -0.00024353757908102125, -0.0011427176650613546, 0.0009136844892054796, 8.45921749714762e-05, -0.001019450486637652, 8.331117896887008e-06, -0.001953368540853262, -0.0015587515663355589, 0.0006820693961344659, -0.004482445307075977, 0.015273496508598328]], "metadata.audio_properties.analysis.downmix": "mix", "metadata.audio_properties.codec": "mp3", "metadata.audio_properties.md5_encoded": "a137fde9621028e9ffd408f3dc252c5f", "metadata.tags.file_name": "1182279059623923753.mp3", "metadata.version.essentia": "2.1-beta6-dev", "metadata.version.essentia_git_sha": "v2.1_beta5-1110-g77a6a954", "metadata.version.extractor": "music 2.0", "tonal.chords_key": "A", "tonal.chords_scale": "major", "tonal.key_edma.key": "A", "tonal.key_edma.scale": "major", "tonal.key_krumhansl.key": "A", "tonal.key_krumhansl.scale": "major", "tonal.key_temperley.key": "A", "tonal.key_temperley.scale": "major", "metadata.tags.encoding": ["Lavf58.45.100"]}, "essentia_models": [{"model_name": "genre_dortmund", "activations": {"alternative": "0.0075826645", "blues": "0.0018459375", "electronic": "0.06787171", "folkcountry": "0.0056927246", "