{"song_id": "1182283157651857408", "download": "https://cdn.discordapp.com/attachments/1128313332273782784/1182283157651857408/chirp.mp4?ex=658421fe&amp", "lyrics": "\u0422\u0430\u043d\u044f, \u0422\u0430\u043d\u044f, \u0422\u0430\u043d\u044f, \u0422\u0430\u043d\u0435\u0447\u043a\u0430, \u0422\u0430\u043d\u044e\u044e\u044e\u044e\u044e\u0448\u043a\u0430\n\u0426\u0435\u043b\u044b\u043c\u0438 \u0434\u043d\u044f\u043c\u0438 \u0441\u0438\u0434\u0438\u0442 \u0437\u0430 \u043a\u043e\u043c\u043f\u044c\u044e\u0442\u0435\u0440\u043e\u043c\n\u0422\u0430\u043a\u0430\u044f \u0443\u0436 \u0443 \u0422\u0430\u043d\u044e\u0448\u043a\u0438 \u0440\u0430\u0431\u043e\u0442\u0430\n\u0421\u043e\u0441\u0442\u0430\u0432\u043b\u044f\u0442 \u0434\u043e\u0433\u043e\u0432\u043e\u0440\u0430, \u0431\u0440\u0438\u0444\u043e\u0432\u0430\u0442\u044c \u0438 \u0443\u043b\u044b\u0431\u0430\u0442\u044c\u0441\u044f", "style": ["70</span><span>'s pop female Abba"], "essentia_features": {"lowlevel.average_loudness": 0.9592622518539429, "lowlevel.barkbands_crest.mean": 16.8452205657959, "lowlevel.barkbands_crest.stdev": 5.327902317047119, "lowlevel.barkbands_flatness_db.mean": 0.3554536700248718, "lowlevel.barkbands_flatness_db.stdev": 0.08609050512313843, "lowlevel.barkbands_kurtosis.mean": 36.00067901611328, "lowlevel.barkbands_kurtosis.stdev": 45.25758361816406, "lowlevel.barkbands_skewness.mean": 3.4176251888275146, "lowlevel.barkbands_skewness.stdev": 2.578727960586548, "lowlevel.barkbands_spread.mean": 4.161007881164551, "lowlevel.barkbands_spread.stdev": 7.930828094482422, "lowlevel.dissonance.mean": 0.38965708017349243, "lowlevel.dissonance.stdev": 0.06254401057958603, "lowlevel.dynamic_complexity": 2.5806310176849365, "lowlevel.erbbands_crest.mean": 15.478861808776855, "lowlevel.erbbands_crest.stdev": 5.078859329223633, "lowlevel.erbbands_flatness_db.mean": 0.31203827261924744, "lowlevel.erbbands_flatness_db.stdev": 0.07815331220626831, "lowlevel.erbbands_kurtosis.mean": 13.53161907196045, "lowlevel.erbbands_kurtosis.stdev": 16.79936408996582, "lowlevel.erbbands_skewness.mean": 2.540797233581543, "lowlevel.erbbands_skewness.stdev": 1.5939751863479614, "lowlevel.erbbands_spread.mean": 17.358226776123047, "lowlevel.erbbands_spread.stdev": 21.10771942138672, "lowlevel.hfc.mean": 8.417231559753418, "lowlevel.hfc.stdev": 6.172138690948486, "lowlevel.loudness_ebu128.integrated": -18.98475456237793, "lowlevel.loudness_ebu128.loudness_range": 2.1805686950683594, "lowlevel.loudness_ebu128.momentary.mean": -19.60752296447754, "lowlevel.loudness_ebu128.momentary.stdev": 2.4108965396881104, "lowlevel.loudness_ebu128.short_term.mean": -18.638303756713867, "lowlevel.loudness_ebu128.short_term.stdev": 0.876742422580719, "lowlevel.melbands_crest.mean": 18.67319107055664, "lowlevel.melbands_crest.stdev": 5.239627838134766, "lowlevel.melbands_flatness_db.mean": 0.4454764127731323, "lowlevel.melbands_flatness_db.stdev": 0.10381030291318893, "lowlevel.melbands_kurtosis.mean": 34.91633224487305, "lowlevel.melbands_kurtosis.stdev": 38.915283203125, "lowlevel.melbands_skewness.mean": 3.270495891571045, "lowlevel.melbands_skewness.stdev": 2.231663703918457, "lowlevel.melbands_spread.mean": 4.606448173522949, "lowlevel.melbands_spread.stdev": 11.906338691711426, "lowlevel.pitch_salience.mean": 0.4974195659160614, "lowlevel.pitch_salience.stdev": 0.13636231422424316, "lowlevel.silence_rate_20dB.mean": 1.0, "lowlevel.silence_rate_20dB.stdev": 0.0, "lowlevel.silence_rate_30dB.mean": 0.9820788502693176, "lowlevel.silence_rate_30dB.stdev": 0.1326654851436615, "lowlevel.silence_rate_60dB.mean": 0.02150537632405758, "lowlevel.silence_rate_60dB.stdev": 0.14506186544895172, "lowlevel.spectral_centroid.mean": 398.1724853515625, "lowlevel.spectral_centroid.stdev": 376.0872497558594, "lowlevel.spectral_complexity.mean": 6.259856700897217, "lowlevel.spectral_complexity.stdev": 3.0910096168518066, "lowlevel.spectral_decrease.mean": -7.708544025319952e-09, "lowlevel.spectral_decrease.stdev": 5.933916025213648e-09, "lowlevel.spectral_energy.mean": 0.029857266694307327, "lowlevel.spectral_energy.stdev": 0.022912869229912758, "lowlevel.spectral_energyband_high.mean": 6.908221257617697e-05, "lowlevel.spectral_energyband_high.stdev": 0.00029460445512086153, "lowlevel.spectral_energyband_low.mean": 0.004426138009876013, "lowlevel.spectral_energyband_low.stdev": 0.00539212953299284, "lowlevel.spectral_energyband_middle_high.mean": 0.0004198723181616515, "lowlevel.spectral_energyband_middle_high.stdev": 0.0006538481684401631, "lowlevel.spectral_energyband_middle_low.mean": 0.02603207156062126, "lowlevel.spectral_energyband_middle_low.stdev": 0.022262506186962128, "lowlevel.spectral_entropy.mean": 5.706367015838623, "lowlevel.spectral_entropy.stdev": 0.889274537563324, "lowlevel.spectral_flux.mean": 0.044116031378507614, "lowlevel.spectral_flux.stdev": 0.029400743544101715, "lowlevel.spectral_kurtosis.mean": 45.73613357543945, "lowlevel.spectral_kurtosis.stdev": 41.22928237915039, "lowlevel.spectral_rms.mean": 0.005037887021899223, "lowlevel.spectral_rms.stdev": 0.0019361606100574136, "lowlevel.spectral_rolloff.mean": 496.46142578125, "lowlevel.spectral_rolloff.stdev": 1397.0892333984375, "lowlevel.spectral_skewness.mean": 4.564920902252197, "lowlevel.spectral_skewness.stdev": 2.468545436859131, "lowlevel.spectral_spread.mean": 2174020.25, "lowlevel.spectral_spread.stdev": 1632237.125, "lowlevel.spectral_strongpeak.mean": 1.075764536857605, "lowlevel.spectral_strongpeak.stdev": 0.6619042754173279, "lowlevel.zerocrossingrate.mean": 0.02310585416853428, "lowlevel.zerocrossingrate.stdev": 0.05222397297620773, "metadata.audio_properties.analysis.equal_loudness": 0.0, "metadata.audio_properties.analysis.length": 12.927982330322266, "metadata.audio_properties.analysis.sample_rate": 44100.0, "metadata.audio_properties.analysis.start_time": 0.0, "metadata.audio_properties.bit_rate": 111259.0, "metadata.audio_properties.length": 12.928000450134277, "metadata.audio_properties.lossless": 0.0, "metadata.audio_properties.number_channels": 1.0, "metadata.audio_properties.replay_gain": -8.175970077514648, "metadata.audio_properties.sample_rate": 48000.0, "rhythm.beats_count": 17.0, "rhythm.beats_loudness.mean": 0.04649202153086662, "rhythm.beats_loudness.stdev": 0.04331698641180992, "rhythm.bpm": 76.38496398925781, "rhythm.bpm_histogram_first_peak_bpm": 77.0, "rhythm.bpm_histogram_first_peak_weight": 0.2222222089767456, "rhythm.bpm_histogram_second_peak_bpm": 92.0, "rhythm.bpm_histogram_second_peak_spread": 0.2857142686843872, "rhythm.bpm_histogram_second_peak_weight": 0.3125, "rhythm.danceability": 1.2216525077819824, "rhythm.onset_rate": 3.4762122631073, "tonal.chords_changes_rate": 0.03928571566939354, "tonal.chords_number_rate": 0.01785714365541935, "tonal.chords_strength.mean": 0.518794059753418, "tonal.chords_strength.stdev": 0.05899734050035477, "tonal.hpcp_crest.mean": 18.827932357788086, "tonal.hpcp_crest.stdev": 10.32905387878418, "tonal.hpcp_entropy.mean": 1.5241501331329346, "tonal.hpcp_entropy.stdev": 0.9730520248413086, "tonal.key_edma.strength": 0.5294950604438782, "tonal.key_krumhansl.strength": 0.5218095183372498, "tonal.key_temperley.strength": 0.48975756764411926, "tonal.tuning_diatonic_strength": 0.3954574465751648, "tonal.tuning_equal_tempered_deviation": 0.03206801414489746, "tonal.tuning_frequency": 438.98455810546875, "tonal.tuning_nontempered_energy_ratio": 0.6463853120803833, "lowlevel.barkbands.mean": [1.6482366618220112e-06, 0.00036695931339636445, 0.002977623837068677, 0.0014642756432294846, 0.019198309630155563, 0.0031151219736784697, 0.0019041222985833883, 0.0002606195048429072, 6.485059566330165e-05, 4.256171087035909e-05, 3.1396455597132444e-05, 5.4676569561706856e-05, 7.54847060306929e-05, 7.854688010411337e-05, 2.6846044420381077e-05, 2.8809348805225454e-05, 5.2946437790524215e-05, 1.3767756172455847e-05, 1.7463218682678416e-05, 2.1467007172759622e-05, 2.168374885513913e-05, 1.7166285033454187e-05, 1.1588474080781452e-05, 4.37523112850613e-06, 2.9579500733234454e-06, 2.0377187865960877e-06, 5.778645117970882e-09], "lowlevel.barkbands.stdev": [2.8418803594831843e-06, 0.0006182315992191434, 0.004008052404969931, 0.0026923706755042076, 0.02027355134487152, 0.003992362879216671, 0.0026139062829315662, 0.0004918875056318939, 0.00012282996613066643, 7.601402467116714e-05, 7.782071770634502e-05, 0.00012536738358903676, 0.00017868827853817493, 0.0003151712298858911, 0.00010523973469389603, 0.0001024783487082459, 0.00012267299462109804, 4.672801878768951e-05, 4.462348806555383e-05, 7.848016684874892e-05, 9.742809197632596e-05, 8.245649951277301e-05, 6.252654566196725e-05, 2.003930785576813e-05, 1.3442189811030403e-05, 9.54881397774443e-06, 5.056740803865978e-08], "lowlevel.erbbands.mean": [0.002238428220152855, 0.17153216898441315, 2.7936136722564697, 5.2930192947387695, 20.38458824157715, 79.2763671875, 64.51939392089844, 17.72861099243164, 30.121551513671875, 12.66767692565918, 3.796339511871338, 1.7331876754760742, 1.4890276193618774, 1.0339906215667725, 1.9186394214630127, 2.0554745197296143, 3.345841646194458, 4.289098739624023, 2.2474288940429688, 1.1796945333480835, 2.1897685527801514, 2.815770149230957, 1.0534383058547974, 0.6661868095397949, 1.1104209423065186, 0.9521220922470093, 0.8569601774215698, 0.8119633197784424, 0.6114470958709717, 0.50950688123703, 0.2935968339443207, 0.11085756123065948, 0.06909219920635223, 0.03701120242476463, 0.019339382648468018, 0.011793463490903378, 0.003444577567279339, 0.00021206471137702465, 1.841795710788574e-05, 3.325258876429871e-05], "lowlevel.erbbands.stdev": [0.003260320983827114, 0.27509158849716187, 3.980856418609619, 7.449566841125488, 20.254636764526367, 89.99848175048828, 83.3937759399414, 21.49164581298828, 39.256351470947266, 17.94951629638672, 6.386181354522705, 3.224797248840332, 2.9208905696868896, 1.8122998476028442, 3.8946685791015625, 4.0743327140808105, 7.897495746612549, 13.18792724609375, 10.094565391540527, 3.922238349914551, 7.474279880523682, 6.457615852355957, 2.828752279281616, 2.2278764247894287, 2.9917900562286377, 3.5343446731567383, 3.644334554672241, 3.867417335510254, 2.8420445919036865, 2.6721370220184326, 1.5304027795791626, 0.5505375266075134, 0.3179488182067871, 0.17210419476032257, 0.08701425045728683, 0.05565248057246208, 0.01690702512860298, 0.0010471371933817863, 2.3989830879145302e-05, 2.5134197130682878e-05], "lowlevel.gfcc.mean": [-156.7879180908203, 174.47686767578125, -82.1902084350586, 11.9456148147583, -43.118595123291016, -28.134292602539062, -58.8714714050293, -24.878341674804688, -34.8288459777832, -12.67928695678711, -9.878397941589355, -9.891222953796387, -9.53646469116211], "lowlevel.melbands.mean": [5.040635005570948e-05, 0.0010211458429694176, 0.0011093666544184089, 0.0038697198033332825, 0.0027134502306580544, 0.0004140552191529423, 0.0004454592417459935, 0.0001151781907537952, 2.464810313540511e-05, 9.556341865391005e-06, 7.029499101918191e-06, 3.838681095658103e-06, 5.478230832522968e-06, 6.568769094883464e-06, 5.40399696546956e-06, 7.848996574466582e-06, 8.236059329647105e-06, 4.006364179076627e-06, 1.8094875713359215e-06, 1.3296021279529668e-06, 2.9545367397076916e-06, 3.2005548291635932e-06, 1.6325445812981343e-06, 5.579406661126995e-07, 5.02504747146304e-07, 7.342978847191262e-07, 8.721194149075018e-07, 5.726741392209078e-07, 5.010376185055065e-07, 5.91382445236377e-07, 4.15008628351643e-07, 3.419178256081068e-07, 3.364166332175955e-07, 2.648480119660235e-07, 1.9066301604198088e-07, 9.938460721059528e-08, 5.498896982203405e-08, 4.769443506802418e-08, 4.4245272334819674e-08, 2.621836259208976e-08], "lowlevel.melbands.stdev": [8.41047876747325e-05, 0.0013862272026017308, 0.001184825086966157, 0.0038053288590162992, 0.0035599737893790007, 0.0005044738063588738, 0.000589619914535433, 0.000171372972545214, 4.314495890866965e-05, 1.8009905033977702e-05, 1.4060578905628063e-05, 6.878080512251472e-06, 1.2104885172448121e-05, 1.5236121726047713e-05, 1.1861510756716598e-05, 2.0053124899277464e-05, 2.8318139811744913e-05, 1.965974115591962e-05, 7.025077593425522e-06, 4.1378298192285e-06, 1.0511515938560478e-05, 7.583975275338162e-06, 4.396446001919685e-06, 2.1727419152739458e-06, 1.8256007479067193e-06, 1.8655988469618023e-06, 2.944260131698684e-06, 2.3532249997515464e-06, 2.178160684707109e-06, 2.611387117212871e-06, 2.0881282125628786e-06, 1.59635226282262e-06, 1.7017789559758967e-06, 1.4672198176413076e-06, 1.03326863154507e-06, 5.415303689915163e-07, 2.634074007801246e-07, 2.185162912837768e-07, 2.1676902406397858e-07, 1.2021624229419103e-07], "lowlevel.melbands128.mean": [7.874815537434188e-07, 1.3631666888613836e-06, 5.326814516593004e-06, 0.00026063196128234267, 0.0012541247997432947, 0.0014270832762122154, 0.0011487397132441401, 0.0005305995582602918, 0.001300558797083795, 0.005109705030918121, 0.004460564348846674, 0.004263935144990683, 0.0022425337228924036, 0.0008860114612616599, 0.0003485906927380711, 0.00013465818483382463, 0.0003152180288452655, 0.0007428160752169788, 0.00028373763780109584, 7.003732753219083e-05, 8.243154297815636e-05, 3.859822027152404e-05, 1.3540767213271465e-05, 1.3267206668388098e-05, 1.3752272934652865e-05, 4.85455893795006e-06, 8.021656867640559e-06, 1.0089641364174895e-05, 2.607161150081083e-06, 4.641939540306339e-06, 3.687613116198918e-06, 3.4137351576646324e-06, 5.177093044039793e-06, 6.258611847442808e-06, 1.0139489859284367e-05, 4.67417112304247e-06, 4.8940723900159355e-06, 3.894066139764618e-06, 7.385086064459756e-06, 7.723609087406658e-06, 8.703750609129202e-06, 6.416581072699046e-06, 9.01169278222369e-06, 9.220098945661448e-06, 5.395249445427908e-06, 3.192186341038905e-06, 2.152065917471191e-06, 1.8106244397131377e-06, 1.7333496771243517e-06, 1.355511813017074e-06, 9.940159770849277e-07, 1.4613640360039426e-06, 2.8754664072039304e-06, 3.2191539958148496e-06, 4.031616754218703e-06, 3.016757091245381e-06, 2.9524144338211045e-06, 2.1795517568534706e-06, 1.0539746426729835e-06, 7.130689141376934e-07, 5.619154421765415e-07, 3.8859417372805183e-07, 4.6956577648415987e-07, 5.347442311176565e-07, 5.560003160098859e-07, 7.370653634097835e-07, 7.931026289043075e-07, 9.689509852250922e-07, 9.341209192825772e-07, 7.385442586382851e-07, 4.5699857764702756e-07, 6.063009436729772e-07, 4.813406349057914e-07, 4.899790724266495e-07, 4.889250249107135e-07, 6.10708241310931e-07, 6.696280365758867e-07, 4.841524514631601e-07, 3.676645974337589e-07, 3.3811369348768494e-07, 3.8331117480083776e-07, 3.2297543839376885e-07, 3.016297398517054e-07, 4.035209713038057e-07, 2.836072781065013e-07, 2.737643569616921e-07, 2.496040565347357e-07, 2.6272047648490116e-07, 1.9709841581061482e-07, 1.3954625899259554e-07, 1.0568887631734469e-07, 1.0351166679356538e-07, 5.620827181473942e-08, 4.9267079305082007e-08, 5.7944454567859793e-08, 4.849218981917147e-08, 4.271250020337902e-08, 5.140889314247943e-08, 4.931552055609245e-08, 3.598450604158643e-08, 3.540243298516543e-08, 2.8224068415738657e-08, 9.924510102621298e-09, 1.5615460924323088e-08, 2.000666654566885e-08, 3.168617368487503e-08, 2.1667709404482594e-08, 1.8443719440597306e-08, 2.3494317602512638e-08, 2.0158687163984723e-08, 1.5020074073390788e-08, 1.591332576822424e-08, 1.0002596972924493e-08, 7.243241118004562e-09, 3.6152154603286135e-09, 1.1583263237469055e-09, 2.1711445141736618e-10, 1.7391515311215855e-11, 4.6519355208218816e-12, 3.1808368872870973e-12, 3.0957109705548325e-12, 3.03309807825336e-12, 2.9872686355819633e-12, 2.9301626229549793e-12, 2.828429114185016e-12, 2.662758685420541e-12, 2.574876293084949e-12, 2.551519976204397e-12], "lowlevel.melbands128.stdev": [1.2164521194790723e-06, 2.051956016657641e-06, 9.354368557978887e-06, 0.0004410237888805568, 0.0020566554740071297, 0.001811435678973794, 0.001863456447608769, 0.0009381790296174586, 0.0014276785077527165, 0.005389635916799307, 0.005737694445997477, 0.0074252658523619175, 0.0033468545880168676, 0.001306598074734211, 0.0006801789859309793, 0.0003046566271223128, 0.0004998515942133963, 0.0010738539276644588, 0.0005067496094852686, 0.00017000810476019979, 0.00018224347149953246, 8.761558274272829e-05, 2.7891665013157763e-05, 3.217098128516227e-05, 3.25654364132788e-05, 1.1974209883192088e-05, 1.8721930246101692e-05, 2.383088030910585e-05, 4.4414837248041295e-06, 8.700033504283056e-06, 8.868639270076528e-06, 1.1148123121529352e-05, 1.660662383073941e-05, 1.3480015695677139e-05, 3.184932211297564e-05, 1.2749177585646976e-05, 1.1568610716494732e-05, 1.4016695786267519e-05, 2.113508162437938e-05, 2.4851913622114807e-05, 2.7742600650526583e-05, 2.0158391635050066e-05, 3.306802682345733e-05, 3.555808507371694e-05, 3.817305696429685e-05, 1.4990309864515439e-05, 1.0845992619579192e-05, 7.656226443941705e-06, 8.041967703320552e-06, 4.33224295193213e-06, 3.2454040592710953e-06, 5.682093160430668e-06, 1.0402636689832434e-05, 1.4584676137019414e-05, 1.2005407370452303e-05, 8.099046681309119e-06, 8.236440407927148e-06, 7.079268470988609e-06, 3.5558766739995917e-06, 2.32620004680939e-06, 2.525598802094464e-06, 1.9427247934800107e-06, 2.5139827357634204e-06, 1.995418188016629e-06, 1.8190509081250639e-06, 1.9542617337720003e-06, 2.503371888451511e-06, 3.1643924103264e-06, 3.496581257422804e-06, 3.6105614071857417e-06, 1.9313747543492354e-06, 3.287374738647486e-06, 2.264363502035849e-06, 2.093185912599438e-06, 2.5860347250272753e-06, 2.763280917861266e-06, 2.986080289701931e-06, 2.830000312314951e-06, 2.0367742763482966e-06, 1.8971076087836991e-06, 1.8244720649818191e-06, 1.5917980817903299e-06, 1.507046249571431e-06, 2.1847697553312173e-06, 1.4885573591527645e-06, 1.5551430578852887e-06, 1.4618067325500306e-06, 1.751556396811793e-06, 1.0768793572424329e-06, 7.683075864406419e-07, 6.054468713045935e-07, 6.184338872117223e-07, 3.468756233360182e-07, 2.5716056484270666e-07, 2.7569450367082027e-07, 2.476891154401528e-07, 2.2213458805708797e-07, 2.502056872799585e-07, 2.6585652790345193e-07, 1.8506729304590408e-07, 1.890104073254406e-07, 1.3650434027567826e-07, 4.4075108007746167e-08, 8.561807618434614e-08, 9.779659393416296e-08, 1.639254776364396e-07, 1.0551040929840383e-07, 9.307157000648658e-08, 1.3681244581675855e-07, 9.438927150995369e-08, 6.956145881531484e-08, 8.961940523022349e-08, 5.6047547047910484e-08, 4.0289659608561124e-08, 1.962281714895653e-08, 8.648855853721216e-09, 2.127329201684347e-09, 2.1577035991260374e-10, 3.064792863938237e-11, 5.023838983708728e-12, 4.9065430537953425e-12, 4.801567130008344e-12, 4.708914248113816e-12, 4.624048106222078e-12, 4.561404639419342e-12, 4.506995037595329e-12, 4.466703482780554e-12, 4.442311969665713e-12], "lowlevel.mfcc.mean": [-817.1038818359375, 214.59536743164062, 12.832027435302734, 37.389625549316406, 15.25200080871582, -3.9223930835723877, -13.470110893249512, -19.272558212280273, -25.726850509643555, -19.098081588745117, -13.836010932922363, -8.183245658874512, -6.146417617797852], "lowlevel.spectral_contrast_coeffs.mean": [-0.531805694103241, -0.6931850910186768, -0.8183264136314392, -0.816554069519043, -0.8051647543907166, -0.8018398880958557], "lowlevel.spectral_contrast_coeffs.stdev": [0.09839479625225067, 0.08924555778503418, 0.04844485968351364, 0.051058247685432434, 0.0480199009180069, 0.049264512956142426], "lowlevel.spectral_contrast_valleys.mean": [-7.177500247955322, -7.712790012359619, -8.709360122680664, -9.076180458068848, -9.650378227233887, -13.006563186645508], "lowlevel.spectral_contrast_valleys.stdev": [1.1141656637191772, 1.0887322425842285, 0.9249011278152466, 1.0053579807281494, 1.1865030527114868, 1.2126359939575195], "rhythm.beats_loudness_band_ratio.mean": [0.23583047091960907, 0.7325139045715332, 0.0999220460653305, 0.010011379607021809, 0.00289666629396379, 0.008888941258192062], "rhythm.beats_loudness_band_ratio.stdev": [0.1178746372461319, 0.20991457998752594, 0.10758771002292633, 0.018907587975263596, 0.003563990816473961, 0.0335763543844223], "tonal.hpcp.mean": [0.6756010055541992, 0.3357090651988983, 0.0496148057281971, 0.0235612653195858, 0.012025641277432442, 0.021013716235756874, 0.03260457515716553, 0.02407257817685604, 0.20207951962947845, 0.36741557717323303, 0.17664583027362823, 0.0069795576855540276, 0.006550871767103672, 0.005270719528198242, 0.09572833776473999, 0.22042961418628693, 0.13914047181606293, 0.016193639487028122, 0.007182786241173744, 0.007838839665055275, 0.03211043402552605, 0.06108228117227554, 0.039141684770584106, 0.02844737097620964, 0.03959931060671806, 0.019011765718460083, 0.0043059163726866245, 0.0025629112496972084, 0.0021522133611142635, 0.012728745117783546, 0.02355758100748062, 0.017795315012335777, 0.013222839683294296, 0.02545946091413498, 0.04848384112119675, 0.40417519211769104], "tonal.hpcp.stdev": [0.3454630374908447, 0.2638868987560272, 0.168988436460495, 0.1249324306845665, 0.06886527687311172, 0.09335785359144211, 0.12476067245006561, 0.09264113008975983, 0.25090524554252625, 0.44763389229774475, 0.22424298524856567, 0.029629891738295555, 0.021848388016223907, 0.018309837207198143, 0.14740261435508728, 0.33961567282676697, 0.2313990741968155, 0.074822798371315, 0.03678469359874725, 0.03791847079992294, 0.09717702865600586, 0.1477273851633072, 0.08633360266685486, 0.09562382847070694, 0.12358827143907547, 0.06122441589832306, 0.017231035977602005, 0.00704577611759305, 0.00672350125387311, 0.03585415333509445, 0.06975317001342773, 0.06337885558605194, 0.07760374248027802, 0.12204714119434357, 0.16005529463291168, 0.2891877591609955], "rhythm.beats_position": [0.6269387602806091, 1.277097463607788, 1.9272562265396118, 2.589024782180786, 3.2391836643218994, 3.9009523391723633, 4.574330806732178, 5.24770975112915, 6.0371880531311035, 6.815056800842285, 7.592925071716309, 8.394013404846191, 9.171881675720215, 9.949749946594238, 10.739229202270508, 11.517097473144531, 12.318185806274414], "rhythm.bpm_histogram": [0.0, 0.0, 0.0, 0.0, 0.0, 0.0, 0.0, 0.0, 0.0, 0.0, 0.0, 0.0, 0.0, 0.0, 0.0, 0.0, 0.0, 0.0, 0.0, 0.0, 0.0, 0.0, 0.0, 0.0, 0.0, 0.0, 0.0, 0.0, 0.0, 0.0, 0.0, 0.0, 0.0, 0.0, 0.0, 0.0, 0.0, 0.0, 0.0, 0.0, 0.0, 0.0, 0.0, 0.0, 0.0, 0.0, 0.0, 0.0, 0.0, 0.0, 0.0, 0.0, 0.0, 0.0, 0.0, 0.0, 0.0, 0.0, 0.0, 0.0, 0.0, 0.0, 0.0, 0.0, 0.0, 0.0, 0.0, 0.0, 0.0, 0.0, 0.0, 0.0, 0.0, 0.0, 0.0, 0.125, 0.125, 0.3125, 0.0, 0.0, 0.0, 0.0, 0.0, 0.0, 0.0, 0.0, 0.0, 0.0, 0.0, 0.125, 0.0, 0.125, 0.1875, 0.0, 0.0, 0.0, 0.0, 0.0, 0.0, 0.0, 0.0, 0.0, 0.0, 0.0, 0.0, 0.0, 0.0, 0.0, 0.0, 0.0, 0.0, 0.0, 0.0, 0.0, 0.0, 0.0, 0.0, 0.0, 0.0, 0.0, 0.0, 0.0, 0.0, 0.0, 0.0, 0.0, 0.0, 0.0, 0.0, 0.0, 0.0, 0.0, 0.0, 0.0, 0.0, 0.0, 0.0, 0.0, 0.0, 0.0, 0.0, 0.0, 0.0, 0.0, 0.0, 0.0, 0.0, 0.0, 0.0, 0.0, 0.0, 0.0, 0.0, 0.0, 0.0, 0.0, 0.0, 0.0, 0.0, 0.0, 0.0, 0.0, 0.0, 0.0, 0.0, 0.0, 0.0, 0.0, 0.0, 0.0, 0.0, 0.0, 0.0, 0.0, 0.0, 0.0, 0.0, 0.0, 0.0, 0.0, 0.0, 0.0, 0.0, 0.0, 0.0, 0.0, 0.0, 0.0, 0.0, 0.0, 0.0, 0.0, 0.0, 0.0, 0.0, 0.0, 0.0, 0.0, 0.0, 0.0, 0.0, 0.0, 0.0, 0.0, 0.0, 0.0, 0.0, 0.0, 0.0, 0.0, 0.0, 0.0, 0.0, 0.0, 0.0, 0.0, 0.0, 0.0, 0.0, 0.0, 0.0, 0.0, 0.0, 0.0, 0.0, 0.0, 0.0, 0.0, 0.0, 0.0, 0.0, 0.0, 0.0, 0.0, 0.0, 0.0, 0.0, 0.0, 0.0, 0.0, 0.0, 0.0, 0.0, 0.0, 0.0, 0.0, 0.0, 0.0, 0.0, 0.0], "tonal.chords_histogram": [26.071428298950195, 8.571428298950195, 46.42856979370117, 0.0, 0.0, 0.0, 0.0, 13.571428298950195, 5.357142925262451, 0.0, 0.0, 0.0, 0.0, 0.0, 0.0, 0.0, 0.0, 0.0, 0.0, 0.0, 0.0, 0.0, 0.0, 0.0], "tonal.thpcp": [1.0, 0.4969043433666229, 0.07343802601099014, 0.03487452492117882, 0.017799915745854378, 0.03110373765230179, 0.04826010391116142, 0.03563135489821434, 0.2991107404232025, 0.5438351631164551, 0.2614647150039673, 0.010330887511372566, 0.009696361608803272, 0.00780152715742588, 0.1416935920715332, 0.3262718915939331, 0.20595066249370575, 0.02396923489868641, 0.010631698183715343, 0.011602764949202538, 0.047528695315122604, 0.09041176736354828, 0.05793609470129013, 0.042106762528419495, 0.058613456785678864, 0.02814052253961563, 0.006373460404574871, 0.003793527837842703, 0.0031856277491897345, 0.018840624019503593, 0.03486907482147217, 0.026339977979660034, 0.01957196556031704, 0.03768416494131088, 0.0717640146613121, 0.59824538230896], "lowlevel.gfcc.cov": [[9688.623046875, -149.91993713378906, -566.14208984375, 1264.3125, -452.2589111328125, -202.08758544921875, -433.6509094238281, 216.52947998046875, -24.64344596862793, 375.2232360839844, 94.09757232666016, 26.93267059326172, -205.792236328125], [-149.91993713378906, 2653.342529296875, -41.4407844543457, -1284.2698974609375, 544.8238525390625, -292.8947448730469, 166.85641479492188, -205.32296752929688, 192.92169189453125, -334.6643981933594, 228.77735900878906, -203.8461151123047, 112.36833190917969], [-566.14208984375, -41.4407844543457, 721.8593139648438, 184.07640075683594, -106.81802368164062, 134.41285705566406, 88.76921844482422, -44.6860466003418, -17.209596633911133, -59.34783935546875, -23.85260772705078, 9.460171699523926, 29.865995407104492], [1264.3125, -1284.2698974609375, 184.07640075683594, 1184.2159423828125, -234.2295684814453, 140.93365478515625, -112.1744384765625, 197.29098510742188, -38.984092712402344, 192.50033569335938, -80.2780990600586, 72.95782470703125, -65.822265625], [-452.2589111328125, 544.8238525390625, -106.81802368164062, -234.2295684814453, 348.5592041015625, -14.994280815124512, 3.728858709335327, -38.71547317504883, 49.5782356262207, -79.9496078491211, 11.00613021850586, -95.37887573242188, 16.64578628540039], [-202.08758544921875, -292.8947448730469, 134.41285705566406, 140.93365478515625, -14.994280815124512, 326.7012939453125, 88.39823913574219, 39.42466735839844, 0.7264120578765869, 74.4325942993164, -36.58328628540039, 8.686014175415039, -44.438880920410156], [-433.6509094238281, 166.85641479492188, 88.76921844482422, -112.1744384765625, 3.728858709335327, 88.39823913574219, 181.16024780273438, 42.007240295410156, 9.818822860717773, -21.9597110748291, 35.391475677490234, 19.200010299682617, -4.408044815063477], [216.52947998046875, -205.32296752929688, -44.6860466003418, 197.29098510742188, -38.71547317504883, 39.42466735839844, 42.007240295410156, 264.8835754394531, 96.32669067382812, 103.45108032226562, 36.44378662109375, 46.231990814208984, -33.18703079223633], [-24.64344596862793, 192.92169189453125, -17.209596633911133, -38.984092712402344, 49.5782356262207, 0.7264120578765869, 9.818822860717773, 96.32669067382812, 197.1015167236328, 86.5203857421875, 44.074153900146484, -12.326895713806152, -0.41360214352607727], [375.2232360839844, -334.6643981933594, -59.34783935546875, 192.50033569335938, -79.9496078491211, 74.4325942993164, -21.9597110748291, 103.45108032226562, 86.5203857421875, 183.15138244628906, 8.98802661895752, 24.58830451965332, -44.221588134765625], [94.09757232666016, 228.77735900878906, -23.85260772705078, -80.2780990600586, 11.00613021850586, -36.58328628540039, 35.391475677490234, 36.44378662109375, 44.074153900146484, 8.98802661895752, 104.54190063476562, 5.3510661125183105, 0.6148949265480042], [26.93267059326172, -203.8461151123047, 9.460171699523926, 72.95782470703125, -95.37887573242188, 8.686014175415039, 19.200010299682617, 46.231990814208984, -12.326895713806152, 24.58830451965332, 5.3510661125183105, 98.9454116821289, 1.8650336265563965], [-205.792236328125, 112.36833190917969, 29.865995407104492, -65.822265625, 16.64578628540039, -44.438880920410156, -4.408044815063477, -33.18703079223633, -0.41360214352607727, -44.221588134765625, 0.6148949265480042, 1.8650336265563965, 71.14683532714844]], "lowlevel.gfcc.icov": [[0.0004548323049675673, -0.0013652017805725336, 0.0006349831819534302, -0.0012108439113944769, 0.0013893675059080124, -0.00043213702156208456, 0.0012056278064846992, -0.0002616494020912796, 0.0013208558084443212, -0.0013296635588631034, 0.0007528701098635793, -0.00039630269748158753, 0.0006277786451391876], [-0.0013652017805725336, 0.006350161973387003, -0.0022884344216436148, 0.004838571418076754, -0.005514901131391525, 0.0021942732855677605, -0.0045074173249304295, 0.0014276356669142842, -0.0061791203916072845, 0.006337357684969902, -0.005169630516320467, 0.0027694504242390394, -0.0016184268752112985], [0.0006349831819534302, -0.0022884344216436148, 0.003300452372059226, -0.0026762469206005335, 0.003455517115071416, -0.0018588148523122072, 0.000811294186860323, 0.00047581183025613427, 0.0005168572533875704, 0.00020450980809982866, 0.0014532390050590038, -0.00018056844419334084, 1.4596475011785515e-05], [-0.0012108439113944769, 0.004838571418076754, -0.0026762469206005335, 0.005690804682672024, -0.004281366243958473, 0.001383011694997549, -0.0020458190701901913, -0.0006524002528749406, -0.0031618729699403048, 0.003234998555853963, -0.00291376281529665, 0.0017962772399187088, -0.0013511009747162461], [0.0013893675059080124, -0.005514901131391525, 0.003455517115071416, -0.004281366243958473, 0.010856020264327526, -0.003427033545449376, 0.004662591032683849, -0.0014683082699775696, 0.002537067048251629, -0.0010728242341428995, 0.0038224803283810616, 0.0019810532685369253, 0.0015038670971989632], [-0.00043213702156208456, 0.0021942732855677605, -0.0018588148523122072, 0.001383011694997549, -0.003427033545449376, 0.006769162602722645, -0.005189985502511263, 0.0009974634740501642, -0.0006542485789395869, -0.0021580224856734276, 0.0007759607979096472, 0.0008307239040732384, 0.001144220121204853], [0.0012056278064846992, -0.0045074173249304295, 0.000811294186860323, -0.0020458190701901913, 0.004662591032683849, -0.005189985502511263, 0.014211474917829037, -0.00389676820486784, 0.004749106243252754, -0.0014946202281862497, -8.790385618340224e-05, -0.0032454575411975384, 0.002287648618221283], [-0.0002616494020912796, 0.0014276356669142842, 0.00047581183025613427, -0.0006524002528749406, -0.0014683082699775696, 0.0009974634740501642, -0.00389676820486784, 0.008167975582182407, -0.004949335474520922, 0.0008656122372485697, -0.002206312259659171, -0.0018521209713071585, 0.0012970938114449382], [0.0013208558084443212, -0.0061791203916072845, 0.0005168572533875704, -0.0031618729699403048, 0.002537067048251629, -0.0006542485789395869, 0.004749106243252754, -0.004949335474520922, 0.017773032188415527, -0.014529765583574772, 0.0034737864043563604, -0.0012482093879953027, -0.0015040754806250334], [-0.0013296635588631034, 0.006337357684969902, 0.00020450980809982866, 0.003234998555853963, -0.0010728242341428995, -0.0021580224856734276, -0.0014946202281862497, 0.0008656122372485697, -0.014529765583574772, 0.023704810068011284, -0.006644387263804674, 0.0026577641256153584, 0.0029032141901552677], [0.0007528701098635793, -0.005169630516320467, 0.0014532390050590038, -0.00291376281529665, 0.0038224803283810616, 0.0007759607979096472, -8.790385618340224e-05, -0.002206312259659171, 0.0034737864043563604, -0.006644387263804674, 0.01822069101035595, -0.0031092597637325525, 0.001406912226229906], [-0.00039630269748158753, 0.0027694504242390394, -0.00018056844419334084, 0.0017962772399187088, 0.0019810532685369253, 0.0008307239040732384, -0.0032454575411975384, -0.0018521209713071585, -0.0012482093879953027, 0.0026577641256153584, -0.0031092597637325525, 0.01736428774893284, -0.0035759529564529657], [0.0006277786451391876, -0.0016184268752112985, 1.4596475011785515e-05, -0.0013511009747162461, 0.0015038670971989632, 0.001144220121204853, 0.002287648618221283, 0.0012970938114449382, -0.0015040754806250334, 0.0029032141901552677, 0.001406912226229906, -0.0035759529564529657, 0.020158251747488976]], "lowlevel.mfcc.cov": [[7417.45263671875, -1499.6456298828125, -60.50823974609375, 1017.194091796875, 76.38749694824219, -119.16088104248047, -194.1372528076172, -158.51649475097656, -64.45024871826172, 220.6648406982422, 243.03262329101562, 297.2423095703125, 475.8691711425781], [-1499.6456298828125, 3744.658447265625, -625.8818359375, -837.7551879882812, 46.43492126464844, -272.81787109375, -25.355894088745117, 35.14228820800781, -116.8286361694336, -105.23673248291016, 13.125227928161621, -63.61539077758789, -167.0491180419922], [-60.50823974609375, -625.8818359375, 835.8988037109375, 223.2886199951172, -69.17058563232422, 159.4265899658203, 67.40377807617188, 73.73113250732422, 61.05367660522461, 3.2778420448303223, -34.117042541503906, 53.734249114990234, 33.06846618652344], [1017.194091796875, -837.7551879882812, 223.2886199951172, 580.546875, 92.85627746582031, -21.960691452026367, -37.29248809814453, -8.40857982635498, 16.722639083862305, 38.17282485961914, -10.56348991394043, 39.01395797729492, 91.0869369506836], [76.38749694824219, 46.43492126464844, -69.17058563232422, 92.85627746582031, 256.81683349609375, 30.18364715576172, -23.544734954833984, -16.263530731201172, 43.42554473876953, 67.82144927978516, 7.378223419189453, 7.041479587554932, 12.009632110595703], [-119.16088104248047, -272.81787109375, 159.4265899658203, -21.960691452026367, 30.18364715576172, 252.2196502685547, 70.78572845458984, 2.662905693054199, 34.769203186035156, 12.86746597290039, 11.230582237243652, 5.967453479766846, -88.38203430175781], [-194.1372528076172, -25.355894088745117, 67.40377807617188, -37.29248809814453, -23.544734954833984, 70.78572845458984, 181.0226593017578, 90.05559539794922, 0.49005433917045593, -6.033177852630615, 5.257841110229492, -5.417619228363037, -19.208032608032227], [-158.51649475097656, 35.14228820800781, 73.73113250732422, -8.40857982635498, -16.263530731201172, 2.662905693054199, 90.05559539794922, 147.20677185058594, 51.46199035644531, 6.447412014007568, 19.87238883972168, 35.688438415527344, 35.64452362060547], [-64.45024871826172, -116.8286361694336, 61.05367660522461, 16.722639083862305, 43.42554473876953, 34.769203186035156, 0.49005433917045593, 51.46199035644531, 130.79759216308594, 81.30647277832031, 29.90584373474121, 42.32589340209961, 43.36494827270508], [220.6648406982422, -105.23673248291016, 3.2778420448303223, 38.17282485961914, 67.82144927978516, 12.86746597290039, -6.033177852630615, 6.447412014007568, 81.30647277832031, 162.12168884277344, 76.38365936279297, 53.2436408996582, 52.5878791809082], [243.03262329101562, 13.125227928161621, -34.117042541503906, -10.56348991394043, 7.378223419189453, 11.230582237243652, 5.257841110229492, 19.87238883972168, 29.90584373474121, 76.38365936279297, 139.54820251464844, 85.73709106445312, 31.985286712646484], [297.2423095703125, -63.61539077758789, 53.734249114990234, 39.01395797729492, 7.041479587554932, 5.967453479766846, -5.417619228363037, 35.688438415527344, 42.32589340209961, 53.2436408996582, 85.73709106445312, 151.788330078125, 99.83234405517578], [475.8691711425781, -167.0491180419922, 33.06846618652344, 91.0869369506836, 12.009632110595703, -88.38203430175781, -19.208032608032227, 35.64452362060547, 43.36494827270508, 52.5878791809082, 31.985286712646484, 99.83234405517578, 214.4330596923828]], "lowlevel.mfcc.icov": [[0.000256680155871436, -3.5637873224914074e-05, 0.00018382527923677117, -0.000530161545611918, 0.0002624998160172254, -0.00040538396569900215, 0.0001559887605253607, 0.0001358291192445904, 0.00043261065729893744, -0.00021968675719108433, -0.00032061582896858454, 6.894401303725317e-05, -0.0006088106310926378], [-3.5637873224914074e-05, 0.0006035647820681334, -8.54044483276084e-05, 0.0010116540361195803, -0.0007694362429901958, 0.0011248009977862239, 2.2515099772135727e-05, -0.00039962324080988765, 0.0003252932510804385, 0.0001728625502437353, 5.393480387283489e-05, -0.0005646380013786256, 0.0008545164600946009], [0.00018382527923677117, -8.54044483276084e-05, 0.0021600169129669666, -0.0013559435028582811, 0.0013987626880407333, -0.0020302259363234043, 0.0003090839018113911, -0.0007648839964531362, 6.708881846861914e-05, -0.0005235736025497317, 0.0010796425631269813, -0.0005307483952492476, -0.0007910116109997034], [-0.000530161545611918, 0.0010116540361195803, -0.0013559435028582811, 0.004958801902830601, -0.0028233162593096495, 0.0030020372942090034, 3.319865936646238e-05, -0.0006588308024220169, 0.000334331882186234, 0.00043626860133372247, 0.0007734610699117184, -0.0009971559047698975, 0.0017495584907010198], [0.0002624998160172254, -0.0007694362429901958, 0.0013987626880407333, -0.0028233162593096495, 0.006656914483755827, -0.003276882693171501, 0.0007891717832535505, 0.00032196741085499525, -0.0006211424479261041, -0.0026367236860096455, 0.0010843886993825436, 0.0007253171061165631, -0.001631831401027739], [-0.00040538396569900215, 0.0011248009977862239, -0.0020302259363234043, 0.0030020372942090034, -0.003276882693171501, 0.011188429780304432, -0.004756690468639135, 0.0034721270203590393, -0.003976623062044382, 0.0018647657707333565, 0.00012955644342582673, -0.004215325228869915, 0.006895588245242834], [0.0001559887605253607, 2.2515099772135727e-05, 0.0003090839018113911, 3.319865936646238e-05, 0.0007891717832535505, -0.004756690468639135, 0.012045267038047314, -0.009407716803252697, 0.005905107129365206, -0.0026441579684615135, -0.00012196402531117201, 0.0027560563758015633, -0.0015630271518602967], [0.0001358291192445904, -0.00039962324080988765, -0.0007648839964531362, -0.0006588308024220169, 0.00032196741085499525, 0.0034721270203590393, -0.009407716803252697, 0.01699066162109375, -0.009115532971918583, 0.004642723593860865, -0.0019594551995396614, -0.002143791178241372, -0.00047368131345137954], [0.00043261065729893744, 0.0003252932510804385, 6.708881846861914e-05, 0.000334331882186234, -0.0006211424479261041, -0.003976623062044382, 0.005905107129365206, -0.009115532971918583, 0.018759073689579964, -0.008940682746469975, 0.0021238222252577543, -5.5889155191835016e-05, -0.0023108478635549545], [-0.00021968675719108433, 0.0001728625502437353, -0.0005235736025497317, 0.00043626860133372247, -0.0026367236860096455, 0.0018647657707333565, -0.0026441579684615135, 0.004642723593860865, -0.008940682746469975, 0.0148839820176363, -0.007179865147918463, 0.0014327598037198186, -0.0010128816356882453], [-0.00032061582896858454, 5.393480387283489e-05, 0.0010796425631269813, 0.0007734610699117184, 0.0010843886993825436, 0.00012955644342582673, -0.00012196402531117201, -0.0019594551995396614, 0.0021238222252577543, -0.007179865147918463, 0.016750557348132133, -0.009612778201699257, 0.003874050220474601], [6.894401303725317e-05, -0.0005646380013786256, -0.0005307483952492476, -0.0009971559047698975, 0.0007253171061165631, -0.004215325228869915, 0.0027560563758015633, -0.002143791178241372, -5.5889155191835016e-05, 0.0014327598037198186, -0.009612778201699257, 0.017942901700735092, -0.0085220318287611], [-0.0006088106310926378, 0.0008545164600946009, -0.0007910116109997034, 0.0017495584907010198, -0.001631831401027739, 0.006895588245242834, -0.0015630271518602967, -0.00047368131345137954, -0.0023108478635549545, -0.0010128816356882453, 0.003874050220474601, -0.0085220318287611, 0.013036694377660751]], "metadata.audio_properties.analysis.downmix": "mix", "metadata.audio_properties.codec": "mp3", "metadata.audio_properties.md5_encoded": "7c5b8cf9f344396b90ee9c30f555ad2d", "metadata.tags.file_name": "1182283157651857408.mp3", "metadata.version.essentia": "2.1-beta6-dev", "metadata.version.essentia_git_sha": "v2.1_beta5-1110-g77a6a954", "metadata.version.extractor": "music 2.0", "tonal.chords_key": "A", "tonal.chords_scale": "minor", "tonal.key_edma.key": "D", "tonal.key_edma.scale": "minor", "tonal.key_krumhansl.key": "D", "tonal.key_krumhansl.scale": "minor", "tonal.key_temperley.key": "D", "tonal.key_temperley.scale": "minor", "metadata.tags.encoding": ["Lavf58.45.100"]}, "essentia_models": [{"model_name": "genre_dortmund", "activations": {"alternative": "0.24599259", "blues": "0.012410013", "electronic": "0.025759688", "folkcountry": "0.22191113", "funksoulrnb": "0.016565569", "jazz": "0.08713518", "pop": "0.046838645", "raphiphop": "0.11421243", "rock": "0.13825291"}}, {"model_name": "genre_rosamerica", "activations": {"classic": "0.3015092", "dance": "0.0020829756", "hip hop": "0.016767047", "jazz": "0.047253013", "pop": "0.015798127", "rhythm and blues": "0.033341784", "rock": "0.077018656", "spe