{"song_id": "1182272593173172285", "download": "https://cdn.discordapp.com/attachments/1135903449314238464/1182272593173172285/chirp.mp4?ex=65841827&amp", "lyrics": "Verse 2:\nRound and round your toothbrush sweeps,\nCleaning deep where the tiny bug creeps.\nTop to bottom, side to side,\nBrush them all, wide and wide.\n\nBridge:\nTeeth help us eat, and smile so bright,\nLet's keep them clean, morning and night.\nFloss in between, it's quite the scene,\nFor teeth so clean, and gums so lean.\n\nChorus:\nTra la la, sing with glee,\nBrushing's fun for you and me.\nWave goodbye to tooth decay,\nSmile bright, hip hip hooray!", "style": ["happy song for kids"], "essentia_features": {"lowlevel.average_loudness": 0.9784248471260071, "lowlevel.barkbands_crest.mean": 10.384366989135742, "lowlevel.barkbands_crest.stdev": 3.963836669921875, "lowlevel.barkbands_flatness_db.mean": 0.14485256373882294, "lowlevel.barkbands_flatness_db.stdev": 0.043609946966171265, "lowlevel.barkbands_kurtosis.mean": 6.159461498260498, "lowlevel.barkbands_kurtosis.stdev": 9.279088020324707, "lowlevel.barkbands_skewness.mean": 1.8286279439926147, "lowlevel.barkbands_skewness.stdev": 1.3556095361709595, "lowlevel.barkbands_spread.mean": 23.5933837890625, "lowlevel.barkbands_spread.stdev": 16.655502319335938, "lowlevel.dissonance.mean": 0.4523259997367859, "lowlevel.dissonance.stdev": 0.03189963474869728, "lowlevel.dynamic_complexity": 1.9110445976257324, "lowlevel.erbbands_crest.mean": 11.311037063598633, "lowlevel.erbbands_crest.stdev": 5.934114456176758, "lowlevel.erbbands_flatness_db.mean": 0.1537362039089203, "lowlevel.erbbands_flatness_db.stdev": 0.04908474162220955, "lowlevel.erbbands_kurtosis.mean": 1.112419605255127, "lowlevel.erbbands_kurtosis.stdev": 3.4020237922668457, "lowlevel.erbbands_skewness.mean": 0.5332618951797485, "lowlevel.erbbands_skewness.stdev": 1.0089757442474365, "lowlevel.erbbands_spread.mean": 46.072933197021484, "lowlevel.erbbands_spread.stdev": 25.99720001220703, "lowlevel.hfc.mean": 24.31379508972168, "lowlevel.hfc.stdev": 16.129852294921875, "lowlevel.loudness_ebu128.integrated": -11.596338272094727, "lowlevel.loudness_ebu128.loudness_range": 0.9294795989990234, "lowlevel.loudness_ebu128.momentary.mean": -11.720977783203125, "lowlevel.loudness_ebu128.momentary.stdev": 1.0421537160873413, "lowlevel.loudness_ebu128.short_term.mean": -11.623713493347168, "lowlevel.loudness_ebu128.short_term.stdev": 0.2907096743583679, "lowlevel.melbands_crest.mean": 13.481317520141602, "lowlevel.melbands_crest.stdev": 4.818236827850342, "lowlevel.melbands_flatness_db.mean": 0.20787951350212097, "lowlevel.melbands_flatness_db.stdev": 0.0528368316590786, "lowlevel.melbands_kurtosis.mean": 18.5341796875, "lowlevel.melbands_kurtosis.stdev": 21.611099243164062, "lowlevel.melbands_skewness.mean": 3.038378953933716, "lowlevel.melbands_skewness.stdev": 1.8279403448104858, "lowlevel.melbands_spread.mean": 22.654417037963867, "lowlevel.melbands_spread.stdev": 20.698328018188477, "lowlevel.pitch_salience.mean": 0.5329014658927917, "lowlevel.pitch_salience.stdev": 0.13026458024978638, "lowlevel.silence_rate_20dB.mean": 1.0, "lowlevel.silence_rate_20dB.stdev": 0.0, "lowlevel.silence_rate_30dB.mean": 1.0, "lowlevel.silence_rate_30dB.stdev": 0.0, "lowlevel.silence_rate_60dB.mean": 0.021922428160905838, "lowlevel.silence_rate_60dB.stdev": 0.14643050730228424, "lowlevel.spectral_centroid.mean": 1237.0018310546875, "lowlevel.spectral_centroid.stdev": 637.5598754882812, "lowlevel.spectral_complexity.mean": 14.909780502319336, "lowlevel.spectral_complexity.stdev": 5.666779041290283, "lowlevel.spectral_decrease.mean": -7.152502590201948e-09, "lowlevel.spectral_decrease.stdev": 4.163764888431842e-09, "lowlevel.spectral_energy.mean": 0.029200559481978416, "lowlevel.spectral_energy.stdev": 0.016557693481445312, "lowlevel.spectral_energyband_high.mean": 0.0011412457097321749, "lowlevel.spectral_energyband_high.stdev": 0.0012625125236809254, "lowlevel.spectral_energyband_low.mean": 0.00815010629594326, "lowlevel.spectral_energyband_low.stdev": 0.011477472260594368, "lowlevel.spectral_energyband_middle_high.mean": 0.0063531589694321156, "lowlevel.spectral_energyband_middle_high.stdev": 0.008152800612151623, "lowlevel.spectral_energyband_middle_low.mean": 0.014812527224421501, "lowlevel.spectral_energyband_middle_low.stdev": 0.010943693108856678, "lowlevel.spectral_entropy.mean": 7.430617332458496, "lowlevel.spectral_entropy.stdev": 0.45597344636917114, "lowlevel.spectral_flux.mean": 0.0857466459274292, "lowlevel.spectral_flux.stdev": 0.05310721695423126, "lowlevel.spectral_kurtosis.mean": 3.8677279949188232, "lowlevel.spectral_kurtosis.stdev": 2.5812227725982666, "lowlevel.spectral_rms.mean": 0.005102577619254589, "lowlevel.spectral_rms.stdev": 0.0015658910851925611, "lowlevel.spectral_rolloff.mean": 1581.5111083984375, "lowlevel.spectral_rolloff.stdev": 1841.1331787109375, "lowlevel.spectral_skewness.mean": 1.5445102453231812, "lowlevel.spectral_skewness.stdev": 0.4860563278198242, "lowlevel.spectral_spread.mean": 5708820.5, "lowlevel.spectral_spread.stdev": 1908915.5, "lowlevel.spectral_strongpeak.mean": 1.5213370323181152, "lowlevel.spectral_strongpeak.stdev": 1.799898386001587, "lowlevel.zerocrossingrate.mean": 0.06856605410575867, "lowlevel.zerocrossingrate.stdev": 0.04025000333786011, "metadata.audio_properties.analysis.equal_loudness": 0.0, "metadata.audio_properties.analysis.length": 27.4986629486084, "metadata.audio_properties.analysis.sample_rate": 44100.0, "metadata.audio_properties.analysis.start_time": 0.0, "metadata.audio_properties.bit_rate": 118640.0, "metadata.audio_properties.length": 27.498666763305664, "metadata.audio_properties.lossless": 0.0, "metadata.audio_properties.number_channels": 1.0, "metadata.audio_properties.replay_gain": -15.086111068725586, "metadata.audio_properties.sample_rate": 48000.0, "rhythm.beats_count": 54.0, "rhythm.beats_loudness.mean": 0.03564918413758278, "rhythm.beats_loudness.stdev": 0.00951345730572939, "rhythm.bpm": 117.2413558959961, "rhythm.bpm_histogram_first_peak_bpm": 117.0, "rhythm.bpm_histogram_first_peak_weight": 0.1666666865348816, "rhythm.bpm_histogram_second_peak_bpm": 129.0, "rhythm.bpm_histogram_second_peak_spread": 0.25, "rhythm.bpm_histogram_second_peak_weight": 0.056603774428367615, "rhythm.danceability": 1.8892335891723633, "rhythm.onset_rate": 4.542870044708252, "tonal.chords_changes_rate": 0.04208754375576973, "tonal.chords_number_rate": 0.010101010091602802, "tonal.chords_strength.mean": 0.5435219407081604, "tonal.chords_strength.stdev": 0.0796307697892189, "tonal.hpcp_crest.mean": 18.141679763793945, "tonal.hpcp_crest.stdev": 7.984292984008789, "tonal.hpcp_entropy.mean": 1.47093665599823, "tonal.hpcp_entropy.stdev": 0.6729626655578613, "tonal.key_edma.strength": 0.8645525574684143, "tonal.key_krumhansl.strength": 0.8634387254714966, "tonal.key_temperley.strength": 0.8616475462913513, "tonal.tuning_diatonic_strength": 0.687258243560791, "tonal.tuning_equal_tempered_deviation": 0.07561033219099045, "tonal.tuning_frequency": 438.47772216796875, "tonal.tuning_nontempered_energy_ratio": 0.6549727916717529, "lowlevel.barkbands.mean": [0.00010673834913177416, 0.003053331281989813, 0.0040659974329173565, 0.002039800165221095, 0.0030521168373525143, 0.004613418597728014, 0.0024580860044807196, 0.001459931256249547, 0.000532730424311012, 0.0012645210372284055, 0.001147006987594068, 0.000841972476337105, 0.000877226993907243, 0.0004101372614968568, 0.00028569382266141474, 0.00026876904303207994, 0.0005758628831245005, 0.0005416555795818567, 0.00031838243012316525, 0.00044343198533169925, 0.000183173906407319, 7.69354373915121e-05, 0.00018651352729648352, 0.00017675476556178182, 0.00014232308603823185, 7.697246473981068e-05, 1.0652217952156207e-06], "lowlevel.barkbands.stdev": [0.00015171336417552084, 0.006304847076535225, 0.00586215453222394, 0.0017142462311312556, 0.0039026543963700533, 0.008036687970161438, 0.005028625950217247, 0.0038330883253365755, 0.0014191597001627088, 0.0036871738266199827, 0.0036498336121439934, 0.00353062036447227, 0.0033561084419488907, 0.0016303129959851503, 0.0008534839726053178, 0.0005564908497035503, 0.001652840874157846, 0.0015126646030694246, 0.0005902739358134568, 0.0006409739144146442, 0.0002882005646824837, 0.00018135839491151273, 0.0004852701968047768, 0.000405676692025736, 0.00016572490858379751, 0.00011226956121390685, 2.6783475277625257e-06], "lowlevel.erbbands.mean": [0.04304766282439232, 0.861709475517273, 3.9909873008728027, 6.361271381378174, 7.40875244140625, 10.434164047241211, 18.185199737548828, 45.98927307128906, 41.57172775268555, 40.59248733520508, 15.839925765991211, 14.856311798095703, 34.81037139892578, 37.73112487792969, 47.84449768066406, 41.11445236206055, 42.060150146484375, 26.69837188720703, 17.596282958984375, 11.91830062866211, 17.15500259399414, 30.188264846801758, 33.561466217041016, 22.209413528442383, 12.276756286621094, 20.552581787109375, 14.548844337463379, 4.221441745758057, 2.845667600631714, 3.3300118446350098, 5.705530166625977, 4.122226238250732, 2.7869553565979004, 1.8429274559020996, 0.8708441257476807, 0.3831777572631836, 0.13456949591636658, 0.016368277370929718, 0.0003281520039308816, 4.8769579734653234e-05], "lowlevel.erbbands.stdev": [0.09017308801412582, 1.78036367893219, 6.561732292175293, 5.456260681152344, 6.429901599884033, 16.670948028564453, 29.583284378051758, 88.57610321044922, 72.20002746582031, 91.71385955810547, 35.9868278503418, 37.091346740722656, 130.2275390625, 104.07073211669922, 152.9316864013672, 164.39813232421875, 159.06761169433594, 92.8080825805664, 51.681396484375, 19.816852569580078, 31.633434295654297, 86.44322204589844, 86.7032241821289, 44.601104736328125, 17.255517959594727, 30.625917434692383, 22.065555572509766, 7.3706769943237305, 6.585521221160889, 7.154609680175781, 15.581543922424316, 11.228919982910156, 5.480279445648193, 2.2704334259033203, 1.1283735036849976, 0.5630640387535095, 0.1981409192085266, 0.025927351787686348, 0.0004815265128854662, 3.134895086986944e-05], "lowlevel.gfcc.mean": [12.4146146774292, 78.03089141845703, -99.42752838134766, 30.706247329711914, -65.1704330444336, 7.2657790184021, -50.468631744384766, 11.879076957702637, -39.191314697265625, 2.45479154586792, -15.58407974243164, 0.3467651605606079, -10.432065963745117], "lowlevel.melbands.mean": [0.0006192207802087069, 0.0018070363439619541, 0.0011670084204524755, 0.0005726999952457845, 0.0006748156156390905, 0.0009983743075281382, 0.0006126773660071194, 0.0004382691695354879, 0.00010108985588885844, 9.556610893923789e-05, 0.0001695727405603975, 0.00014355737948790193, 0.00015157337475102395, 0.00011761958012357354, 9.500487067271024e-05, 7.480928616132587e-05, 4.8823505494510755e-05, 2.7937079721596092e-05, 1.7166063116746955e-05, 1.922773299156688e-05, 2.057112033071462e-05, 2.5984287276514806e-05, 4.863763751927763e-05, 1.730331678118091e-05, 1.878219518403057e-05, 7.508353064622497e-06, 9.489381227467675e-06, 1.524351227999432e-05, 1.1825261935882736e-05, 4.07460902351886e-06, 1.7998070234170882e-06, 1.635567514313152e-06, 1.3857057865607203e-06, 2.0571908407873707e-06, 3.2292773539666086e-06, 3.223312432965031e-06, 2.3720688204775797e-06, 2.03967965717311e-06, 1.7117092738772044e-06, 1.5164926026045578e-06], "lowlevel.melbands.stdev": [0.0012520167510956526, 0.0029252057429403067, 0.0008460977696813643, 0.0005850575980730355, 0.00102935079485178, 0.0018211181741207838, 0.0010802774922922254, 0.0010239656548947096, 0.00023581593995913863, 0.00024828151799738407, 0.0006467860075645149, 0.0004192652413621545, 0.0004951706505380571, 0.00043211542651988566, 0.0003595273883547634, 0.00026576651725918055, 0.0001956163760041818, 8.32290097605437e-05, 4.4666299800155684e-05, 4.065165194333531e-05, 4.332227763370611e-05, 7.513093441957608e-05, 0.00014423354878090322, 3.4013839467661455e-05, 4.116654599783942e-05, 1.1887098480656277e-05, 1.4093628124101087e-05, 2.4304028556798585e-05, 2.02692153834505e-05, 6.038288120180368e-06, 4.325832833274035e-06, 4.242533123033354e-06, 3.075427684962051e-06, 4.6500122152792756e-06, 8.684052772878204e-06, 9.559897989674937e-06, 6.55402345728362e-06, 4.565946710499702e-06, 2.4823493731673807e-06, 1.8432034494253458e-06], "lowlevel.melbands128.mean": [5.0146121793659404e-05, 0.0002022112748818472, 0.0007208094466477633, 0.0016560996882617474, 0.0019505341770127416, 0.0020690509118139744, 0.0012808252358809114, 0.0010425988584756851, 0.0007687039906159043, 0.0003327496815472841, 0.0005829664878547192, 0.0008238975424319506, 0.0004462905344553292, 0.0008020608220249414, 0.0012189517728984356, 0.0010203939164057374, 0.0007738148560747504, 0.0005222158506512642, 0.0004544319526758045, 0.0004484696837607771, 0.0005175655824132264, 0.00011701757466653362, 5.5399879784090444e-05, 4.478690607356839e-05, 9.884159226203337e-05, 0.00010006069351220503, 0.0001233580696862191, 0.00027332259924151003, 7.667487807339057e-05, 0.00015528443327639252, 0.00017070282774511725, 0.00011591576912906021, 0.00014101856504566967, 0.00022415215789806098, 6.385549932019785e-05, 0.00013106553524266928, 0.00012348615564405918, 3.7632547901012003e-05, 0.00014459982048720121, 9.566253720549867e-05, 5.856153802596964e-05, 4.0766179154161364e-05, 4.3241110688541085e-05, 7.061512587824836e-05, 1.4828260646027047e-05, 2.5594623366487212e-05, 3.441094668232836e-05, 1.5058146345836576e-05, 1.1039783203159459e-05, 1.252067886525765e-05, 2.3676166165387258e-05, 2.3784943550708704e-05, 1.3050799680058844e-05, 2.1895046302233823e-05, 3.078444569837302e-05, 1.2477531527110841e-05, 3.231878508813679e-05, 6.156873860163614e-05, 5.8138062740908936e-05, 2.384850631642621e-05, 7.637268026883248e-06, 1.166239962913096e-05, 3.564723374438472e-05, 1.4618640307162423e-05, 4.5761021283396985e-06, 7.053742137941299e-06, 9.589686669642106e-06, 8.188600986613892e-06, 8.329505362780765e-06, 1.3644005775859114e-05, 1.1324241313559469e-05, 2.088574728986714e-05, 1.7174399545183405e-05, 9.658534509071615e-06, 5.751807748310966e-06, 4.833260391023941e-06, 3.1143927117227577e-06, 1.9013853034266504e-06, 1.5899530581009458e-06, 1.5451062154170359e-06, 1.920241629704833e-06, 1.543073267384898e-06, 1.3668942528966e-06, 1.4004293689140468e-06, 1.3203592743593617e-06, 1.64702021265839e-06, 2.462337761244271e-06, 2.5748338430275908e-06, 3.165124553561327e-06, 3.686621994347661e-06, 4.035839083371684e-06, 2.949170038846205e-06, 2.2382068891602103e-06, 2.0885836420347914e-06, 2.7686530756909633e-06, 2.3374809643428307e-06, 1.7971074157685507e-06, 1.684018343439675e-06, 1.806746695365291e-06, 1.7212720422321581e-06, 1.5078403521329165e-06, 1.733669705572538e-06, 1.1313957202219171e-06, 9.900385293803993e-07, 8.891363449947676e-07, 1.0025238452726626e-06, 8.234690085373586e-07, 8.017250934244657e-07, 6.740366984558932e-07, 5.199937049837899e-07, 4.098548060937901e-07, 5.039041184318194e-07, 4.790851448888134e-07, 3.4758556921588024e-07, 3.3352654327245546e-07, 1.7896722681598476e-07, 4.5336996379319316e-08, 1.6159087956602036e-10, 3.847980527965644e-12, 3.699440059845571e-12, 3.5878637300729155e-12, 3.4951408087180447e-12, 3.4121902352246547e-12, 3.3447777967460235e-12, 3.275997745647019e-12, 3.2048372202581055e-12, 3.159957972370675e-12, 3.1388476887106442e-12], "lowlevel.melbands128.stdev": [0.00011781956709455699, 0.0005624283221550286, 0.0015646565007045865, 0.0035568904131650925, 0.003929839003831148, 0.002728427527472377, 0.0013455128064379096, 0.0011122982250526547, 0.0007512210286222398, 0.00044014089507982135, 0.0010972004383802414, 0.0016643865965306759, 0.0011405744589865208, 0.0016984686953946948, 0.002999213756993413, 0.0021719951182603836, 0.0018804273568093777, 0.0013394136913120747, 0.0015381271950900555, 0.0012736436910927296, 0.0014929014723747969, 0.00036319647915661335, 0.000264291709754616, 0.00019300816347822547, 0.0003288151929154992, 0.0003565072547644377, 0.0005525753949768841, 0.0012380804400891066, 0.00027998059522360563, 0.0005638051079586148, 0.0006788357859477401, 0.0005571371875703335, 0.0006498685688711703, 0.0009610995184630156, 0.0003169811679981649, 0.0007727856864221394, 0.0006591254496015608, 0.0002813126484397799, 0.0007840472389943898, 0.0004429953987710178, 0.0003089072124566883, 0.00031514817965216935, 0.0002107723121298477, 0.00033828351297415793, 7.779564475640655e-05, 0.00011699635069817305, 0.0001564298727316782, 5.8575617003953084e-05, 3.123288115602918e-05, 3.657349952845834e-05, 6.525895878439769e-05, 6.8268935137894e-05, 5.735100421588868e-05, 6.293811020441353e-05, 0.00011357522453181446, 4.2043560824822634e-05, 0.00020463945111259818, 0.00022124660608824342, 0.0002457225928083062, 7.385971548501402e-05, 2.4230190319940448e-05, 3.449627183726989e-05, 9.565957589074969e-05, 3.923837357433513e-05, 1.599179086042568e-05, 1.4847533748252317e-05, 2.1118430595379323e-05, 2.2596526832785457e-05, 1.9152703316649422e-05, 2.8915603252244182e-05, 2.87783368548844e-05, 4.783147232956253e-05, 4.178750532446429e-05, 2.7296106054564007e-05, 1.0301213478669524e-05, 8.97810241440311e-06, 7.395617103611585e-06, 4.582920155371539e-06, 4.17326691604103e-06, 4.3546160668483935e-06, 6.835703516117064e-06, 3.490940571282408e-06, 3.0874462026986293e-06, 3.473501919870614e-06, 3.28749979416898e-06, 3.7054542190162465e-06, 6.323039997369051e-06, 6.451918579841731e-06, 8.82054246176267e-06, 1.1350170098012313e-05, 1.288178737013368e-05, 9.096563189814333e-06, 6.964874955883715e-06, 6.385275810316671e-06, 8.16584361018613e-06, 6.208070317370584e-06, 4.4616663217311725e-06, 3.1600911825080402e-06, 2.9705383894906845e-06, 2.4169860353140393e-06, 2.212625531683443e-06, 2.2392746359400917e-06, 1.4706789670526632e-06, 1.5569335118925665e-06, 1.435925355508516e-06, 1.555126232233306e-06, 1.2876080290880054e-06, 1.2852143527197768e-06, 1.1729626976375584e-06, 8.732120022614254e-07, 7.175250971158675e-07, 8.175287575795664e-07, 7.589316055600648e-07, 5.629926818073727e-07, 5.655651875713374e-07, 3.6690951787932136e-07, 1.0479968892695979e-07, 1.5054005819692406e-09, 6.053936865701992e-12, 5.8359571515620434e-12, 5.661727597167099e-12, 5.515219357599133e-12, 5.391380050734362e-12, 5.287196028214147e-12, 5.202527211117802e-12, 5.135298870168059e-12, 5.08631201392995e-12, 5.0564374735884154e-12], "lowlevel.mfcc.mean": [-637.9729614257812, 111.36821746826172, 17.36686897277832, 23.47011947631836, 8.593965530395508, -8.965328216552734, 4.113550186157227, -5.671245574951172, -6.676240921020508, -6.025563716888428, -11.522927284240723, 0.29077082872390747, 0.17190556228160858], "lowlevel.spectral_contrast_coeffs.mean": [-0.6573472619056702, -0.6620099544525146, -0.7226741313934326, -0.7769165635108948, -0.7760736346244812, -0.7868235111236572], "lowlevel.spectral_contrast_coeffs.stdev": [0.06563373655080795, 0.08089905232191086, 0.0812668725848198, 0.06142893061041832, 0.059217531234025955, 0.034924618899822235], "lowlevel.spectral_contrast_valleys.mean": [-6.762814521789551, -7.064451694488525, -7.766012668609619, -7.9669294357299805, -7.583407402038574, -9.991229057312012], "lowlevel.spectral_contrast_valleys.stdev": [0.7844315767288208, 0.5878992080688477, 0.5638089776039124, 0.5502856373786926, 0.6533933281898499, 0.7559109330177307], "rhythm.beats_loudness_band_ratio.mean": [0.2867319881916046, 0.2455875128507614, 0.1838604211807251, 0.18956536054611206, 0.0859924927353859, 0.06418946385383606], "rhythm.beats_loudness_band_ratio.stdev": [0.1532360017299652, 0.19338871538639069, 0.15641726553440094, 0.21036072075366974, 0.07693402469158173, 0.030504602938890457], "tonal.hpcp.mean": [0.09861976653337479, 0.08785536140203476, 0.07891321182250977, 0.11780313402414322, 0.07741879671812057, 0.02516886219382286, 0.039999693632125854, 0.04926419258117676, 0.2346116155385971, 0.4742457866668701, 0.280551016330719, 0.025871003046631813, 0.012789868749678135, 0.012908240780234337, 0.053698811680078506, 0.11192921549081802, 0.0837247222661972, 0.02828091010451317, 0.017562085762619972, 0.016459885984659195, 0.0596490278840065, 0.1492561250925064, 0.12926946580410004, 0.19806785881519318, 0.3640707731246948, 0.21580353379249573, 0.03934736177325249, 0.03554786369204521, 0.03357544168829918, 0.12198080122470856, 0.2678605318069458, 0.1900901049375534, 0.04191648215055466, 0.028359856456518173, 0.026922691613435745, 0.05160977318882942], "tonal.hpcp.stdev": [0.21261397004127502, 0.20746348798274994, 0.19235941767692566, 0.2648525536060333, 0.2080102413892746, 0.09837977588176727, 0.13404712080955505, 0.15989993512630463, 0.2434825301170349, 0.4087519943714142, 0.26366525888442993, 0.09382734447717667, 0.052198830991983414, 0.06453615427017212, 0.15213727951049805, 0.24797606468200684, 0.19528885185718536, 0.10024915635585785, 0.06999052315950394, 0.0811237245798111, 0.14031922817230225, 0.2489539384841919, 0.2277146577835083, 0.2389945685863495, 0.417064905166626, 0.26796209812164307, 0.1368563324213028, 0.1395435780286789, 0.122618168592453, 0.1943507045507431, 0.33465060591697693, 0.25792187452316284, 0.13646656274795532, 0.11613163352012634, 0.11197539418935776, 0.13324303925037384], "rhythm.beats_position": [0.4527890980243683, 0.9171881675720215, 1.381587266921997, 1.8459863662719727, 2.321995496749878, 2.832834482192993, 3.3436734676361084, 3.8545124530792236, 4.36535120010376, 4.876190185546875, 5.38702917098999, 5.8978681564331055, 6.408707141876221, 6.919546127319336, 7.430385589599609, 7.941224575042725, 8.45206356048584, 8.962902069091797, 9.47374153137207, 9.984580039978027, 10.4954195022583, 11.006258010864258, 11.517097473144531, 12.027935981750488, 12.538775444030762, 13.061223983764648, 13.583673477172852, 14.094511985778809, 14.605351448059082, 15.116189956665039, 15.627029418945312, 16.137868881225586, 16.648706436157227, 17.1595458984375, 17.670385360717773, 18.181224822998047, 18.692062377929688, 19.1796817779541, 19.690521240234375, 20.20136070251465, 20.72380828857422, 21.223037719726562, 21.733877182006836, 22.24471664428711, 22.75555419921875, 23.266393661499023, 23.777233123779297, 24.2996826171875, 24.82213020324707, 25.321359634399414, 25.843809127807617, 26.35464859008789, 26.86548614501953, 27.376325607299805], "rhythm.bpm_histogram": [0.0, 0.0, 0.0, 0.0, 0.0, 0.0, 0.0, 0.0, 0.0, 0.0, 0.0, 0.0, 0.0, 0.0, 0.0, 0.0, 0.0, 0.0, 0.0, 0.0, 0.0, 0.0, 0.0, 0.0, 0.0, 0.0, 0.0, 0.0, 0.0, 0.0, 0.0, 0.0, 0.0, 0.0, 0.0, 0.0, 0.0, 0.0, 0.0, 0.0, 0.0, 0.0, 0.0, 0.0, 0.0, 0.0, 0.0, 0.0, 0.0, 0.0, 0.0, 0.0, 0.0, 0.0, 0.0, 0.0, 0.0, 0.0, 0.0, 0.0, 0.0, 0.0, 0.0, 0.0, 0.0, 0.0, 0.0, 0.0, 0.0, 0.0, 0.0, 0.0, 0.0, 0.0, 0.0, 0.0, 0.0, 0.0, 0.0, 0.0, 0.0, 0.0, 0.0, 0.0, 0.0, 0.0, 0.0, 0.0, 0.0, 0.0, 0.0, 0.0, 0.0, 0.0, 0.0, 0.0, 0.0, 0.0, 0.0, 0.0, 0.0, 0.0, 0.0, 0.0, 0.0, 0.0, 0.0, 0.0, 0.0, 0.0, 0.0, 0.0, 0.0, 0.0, 0.0, 0.11320754885673523, 0.0, 0.7547169923782349, 0.0, 0.0, 0.03773584961891174, 0.0, 0.0, 0.01886792480945587, 0.0, 0.0, 0.01886792480945587, 0.0, 0.0, 0.056603774428367615, 0.0, 0.0, 0.0, 0.0, 0.0, 0.0, 0.0, 0.0, 0.0, 0.0, 0.0, 0.0, 0.0, 0.0, 0.0, 0.0, 0.0, 0.0, 0.0, 0.0, 0.0, 0.0, 0.0, 0.0, 0.0, 0.0, 0.0, 0.0, 0.0, 0.0, 0.0, 0.0, 0.0, 0.0, 0.0, 0.0, 0.0, 0.0, 0.0, 0.0, 0.0, 0.0, 0.0, 0.0, 0.0, 0.0, 0.0, 0.0, 0.0, 0.0, 0.0, 0.0, 0.0, 0.0, 0.0, 0.0, 0.0, 0.0, 0.0, 0.0, 0.0, 0.0, 0.0, 0.0, 0.0, 0.0, 0.0, 0.0, 0.0, 0.0, 0.0, 0.0, 0.0, 0.0, 0.0, 0.0, 0.0, 0.0, 0.0, 0.0, 0.0, 0.0, 0.0, 0.0, 0.0, 0.0, 0.0, 0.0, 0.0, 0.0, 0.0, 0.0, 0.0, 0.0, 0.0, 0.0, 0.0, 0.0, 0.0, 0.0, 0.0, 0.0, 0.0, 0.0, 0.0, 0.0, 0.0, 0.0, 0.0, 0.0, 0.0, 0.0, 0.0, 0.0, 0.0, 0.0, 0.0, 0.0, 0.0, 0.0], "tonal.chords_histogram": [38.04713821411133, 2.861952781677246, 39.73064041137695, 0.0, 0.0, 0.0, 0.0, 0.0, 0.0, 0.0, 0.0, 0.0, 0.0, 0.0, 0.0, 0.0, 0.0, 2.5252525806427, 0.0, 0.0, 0.0, 0.0, 12.962963104248047, 3.872053861618042], "tonal.thpcp": [1.0, 0.5915729999542236, 0.05455188825726509, 0.026968860998749733, 0.02721846103668213, 0.1132299154996872, 0.2360152006149292, 0.17654289305210114, 0.059633444994688034, 0.037031613290309906, 0.03470750153064728, 0.12577660381793976, 0.3147231340408325, 0.27257904410362244, 0.4176481068134308, 0.767683744430542, 0.45504575967788696, 0.08296828716993332, 0.07495662569999695, 0.07079755514860153, 0.2572100758552551, 0.5648137331008911, 0.4008261263370514, 0.08838556706905365, 0.0597999133169651, 0.056769490242004395, 0.1088249459862709, 0.20795075595378876, 0.18525280058383942, 0.16639728844165802, 0.24840101599693298, 0.16324613988399506, 0.05307134613394737, 0.0843438059091568, 0.10387902706861496, 0.4947046935558319], "lowlevel.gfcc.cov": [[3554.901611328125, -370.4936828613281, -48.62001037597656, 75.4942855834961, 220.42056274414062, -11.419541358947754, 164.83006286621094, 263.7412414550781, -102.053466796875, 247.17054748535156, -13.700950622558594, 128.4752960205078, -99.31697082519531], [-370.4936828613281, 896.7807006835938, -81.3185806274414, -50.830318450927734, 104.6434097290039, -65.51497650146484, 103.14448547363281, -27.070308685302734, 5.257171630859375, -98.80509948730469, 42.644927978515625, -137.69606018066406, 85.10994720458984], [-48.62001037597656, -81.3185806274414, 712.186767578125, 155.80789184570312, 29.07717514038086, 237.6031951904297, -22.113290786743164, 15.210097312927246, 83.01310729980469, -44.39126968383789, -102.5739974975586, 71.00748443603516, -68.67961120605469], [75.4942855834961, -50.830318450927734, 155.80789184570312, 353.04339599609375, 40.010162353515625, -12.617389678955078, -17.35586166381836, 58.83464431762695, 77.65862274169922, -52.0887565612793, -19.570838928222656, 4.849435329437256, 18.885318756103516], [220.42056274414062, 104.6434097290039, 29.07717514038086, 40.010162353515625, 329.3885498046875, 24.75906753540039, 101.33751678466797, 110.5325927734375, -26.959529876708984, 60.56296920776367, -12.736776351928711, 8.779248237609863, -12.087839126586914], [-11.419541358947754, -65.51497650146484, 237.6031951904297, -12.617389678955078, 24.75906753540039, 417.5723876953125, 73.53538513183594, -112.95314025878906, -16.769746780395508, -28.59044075012207, -41.41118621826172, -14.082956314086914, -67.8397216796875], [164.83006286621094, 103.14448547363281, -22.113290786743164, -17.35586166381836, 101.33751678466797, 73.53538513183594, 215.8292999267578, 52.97148132324219, -61.48722457885742, 17.284276962280273, 19.738651275634766, -16.030393600463867, -13.437776565551758], [263.7412414550781, -27.070308685302734, 15.210097312927246, 58.83464431762695, 110.5325927734375, -112.95314025878906, 52.97148132324219, 235.48135375976562, 36.7142333984375, 13.995157241821289, 0.08479279279708862, 35.428314208984375, 2.414010524749756], [-102.053466796875, 5.257171630859375, 83.01310729980469, 77.65862274169922, -26.959529876708984, -16.769746780395508, -61.48722457885742, 36.7142333984375, 140.33242797851562, -2.0622634887695312, -21.7840518951416, -4.849466800689697, 2.2996439933776855], [247.17054748535156, -98.80509948730469, -44.39126968383789, -52.0887565612793, 60.56296920776367, -28.59044075012207, 17.284276962280273, 13.995157241821289, -2.0622634887695312, 157.8002166748047, 31.798118591308594, 17.884946823120117, -20.612884521484375], [-13.700950622558594, 42.644927978515625, -102.5739974975586, -19.570838928222656, -12.736776351928711, -41.41118621826172, 19.738651275634766, 0.08479279279708862, -21.7840518951416, 31.798118591308594, 115.31082916259766, 6.21198844909668, 7.629579544067383], [128.4752960205078, -137.69606018066406, 71.00748443603516, 4.849435329437256, 8.779248237609863, -14.082956314086914, -16.030393600463867, 35.428314208984375, -4.849466800689697, 17.884946823120117, 6.21198844909668, 112.6126708984375, 8.078072547912598], [-99.31697082519531, 85.10994720458984, -68.67961120605469, 18.885318756103516, -12.087839126586914, -67.8397216796875, -13.437776565551758, 2.414010524749756, 2.2996439933776855, -20.612884521484375, 7.629579544067383, 8.078072547912598, 99.9082260131836]], "lowlevel.gfcc.icov": [[0.000427295861300081, -0.00020784368098247796, 0.0002740526688285172, -0.00045864543062634766, 0.00034751161001622677, -0.0003502210311125964, 0.0001197540113935247, -0.0007335641421377659, 0.0007290286011993885, -0.000997418537735939, 0.0005983833689242601, -0.0005964462761767209, 0.0004949458525516093], [-0.00020784368098247796, 0.0032064614351838827, -0.0012979874154552817, 0.001986641436815262, -0.0025425513740628958, 0.002052610507234931, -0.0021319950465112925, 0.0024756756611168385, -0.002620725193992257, 0.0037040363531559706, -0.0027539448346942663, 0.003911139909178019, -0.0027477641124278307], [0.0002740526688285172, -0.0012979874154552817, 0.0033959278371185064, -0.0018795973155647516, 0.0011401008814573288, -0.0024079475551843643, 0.0011256696889176965, -0.001571850967593491, 0.0003585138183552772, -0.0015732485335320234, 0.0028220126405358315, -0.003766244975849986, 0.0025163586251437664], [-0.00045864543062634766, 0.001986641436815262, -0.0018795973155647516, 0.005487850401550531, -0.0025943343061953783, 0.0019881222397089005, -0.0014468576991930604, 0.001917447429150343, -0.0039505125023424625, 0.0044050938449800014, -0.002800443908199668, 0.003022316377609968, -0.002713324036449194], [0.00034751161001622677, -0.0025425513740628958, 0.0011401008814573288, -0.0025943343061953783, 0.007027007173746824, -0.0026559678371995687, 0.0008605109178461134, -0.004808221012353897, 0.004134539049118757, -0.005668531637638807, 0.003603668650612235, -0.002602213528007269, 0.0017347122775390744], [-0.0003502210311125964, 0.002052610507234931, -0.0024079475551843643, 0.0019881222397089005, -0.0026559678371995687, 0.006559993606060743, -0.0039600348100066185, 0.005438772961497307, -0.0030144848860800266, 0.00402299826964736, -0.0016889853868633509, 0.002406612504273653, 0.00017495591600891203], [0.0001197540113935247, -0.0021319950465112925, 0.0011256696889176965, -0.0014468576991930604, 0.0008605109178461134, -0.0039600348100066185, 0.009621648117899895, -0.005203031934797764, 0.005569134838879108, -0.0031767289619892836, 0.00046484716585837305, -0.000301428692182526, 0.0010228395694866776], [-0.0007335641421377659, 0.0024756756611168385, -0.001571850967593491, 0.001917447429150343, -0.004808221012353897, 0.005438772961497307, -0.005203031934797764, 0.011660018004477024, -0.006646433845162392, 0.0055384268052875996, -0.002531882608309388, 0.0004425570659805089, -0.0006982095073908567], [0.0007290286011993885, -0.002620725193992257, 0.0003585138183552772, -0.0039505125023424625, 0.004134539049118757, -0.0030144848860800266, 0.005569134838879108, -0.006646433845162392, 0.014768077991902828, -0.00643058679997921, 0.0036293247248977423, -0.0005520742852240801, 0.0014142615254968405], [-0.000997418537735939, 0.0037040363531559706, -0.0015732485335320234, 0.0044050938449800014, -0.005668531637638807, 0.00402299826964736, -0.0031767289619892836, 0.0055384268052875996, -0.00643058679997921, 0.014640958979725838, -0.006119365803897381, 0.003040173789486289, -0.0011861077509820461], [0.0005983833689242601, -0.0027539448346942663, 0.0028220126405358315, -0.002800443908199668, 0.003603668650612235, -0.0016889853868633509, 0.00046484716585837305, -0.002531882608309388, 0.0036293247248977423, -0.006119365803897381, 0.013975787907838821, -0.005183996167033911, 0.0028288147877901793], [-0.0005964462761767209, 0.003911139909178019, -0.003766244975849986, 0.003022316377609968, -0.002602213528007269, 0.002406612504273653, -0.000301428692182526, 0.0004425570659805089, -0.0005520742852240801, 0.003040173789486289, -0.005183996167033911, 0.01713077910244465, -0.006166274193674326], [0.0004949458525516093, -0.0027477641124278307, 0.0025163586251437664, -0.002713324036449194, 0.0017347122775390744, 0.00017495591600891203, 0.0010228395694866776, -0.0006982095073908567, 0.0014142615254968405, -0.0011861077509820461, 0.0028288147877901793, -0.006166274193674326, 0.015573078766465187]], "lowlevel.mfcc.cov": [[2570.581298828125, -325.8891296386719, -267.5021057128906, 216.0218505859375, -11.715330123901367, -79.46942138671875, 167.10414123535156, -8.822232246398926, 60.166595458984375, 82.46546936035156, 87.64214324951172, 90.14437866210938, 131.11306762695312], [-325.8891296386719, 817.4591064453125, -162.8437042236328, 9.242202758789062, 7.171424865722656, -50.60588836669922, 122.48209381103516, -28.225276947021484, 58.223758697509766, -0.7472508549690247, 6.538094997406006, -14.343171119689941, -7.033783912658691], [-267.5021057128906, -162.8437042236328, 680.8632202148438, -82.04029846191406, 84.21492004394531, 218.69970703125, -115.26376342773438, 137.6368408203125, 3.228996753692627, 15.15826416015625, -6.856158256530762, -45.19124984741211, -47.776451110839844], [216.0218505859375, 9.242202758789062, -82.04029846191406, 380.8883056640625, 79.6393051147461, -162.438232421875, 29.839740753173828, 27.461288452148438, 82.41437530517578, -13.946212768554688, 0.5034503936767578, 74.9481430053711, 41.48503494262695], [-11.715330123901367, 7.171424865722656, 84.21492004394531, 79.6393051147461, 212.98468017578125, 24.1993465423584, -9.780070304870605, 62.40913772583008, 59.105491638183594, 20.260948181152344, 18.106788635253906, 12.731400489807129, 4.52156925201416], [-79.46942138671875, -50.60588836669922, 218.69970703125, -162.438232421875, 24.1993465423584, 376.7714538574219, 45.18000030517578, 30.02928924560547, -21.397708892822266, 49.87528610229492, 11.112465858459473, -77.00692749023438, -38.15278244018555], [167.10414123535156, 122.48209381103516, -115.26376342773438, 29.839740753173828, -9.780070304870605, 45.18000030517578, 266.7080383300781, 47.113338470458984, 1.5905925035476685, 42.68833923339844, 29.298128128051758, 4.1466193199157715, 20.065227508544922], [-8.822232246398926, -28.225276947021484, 137.6368408203125, 27.461288452148438, 62.40913772583008, 30.02928924560547, 47.113338470458984, 182.55052185058594, 53.408512115478516, 8.209936141967773, 16.376516342163086, -7.812856674194336, -9.304619789123535], [60.166595458984375, 58.223758697509766, 3.228996753692627, 82.41437530517578, 59.105491638183594, -21.397708892822266, 1.5905925035476685, 53.408512115478516, 141.63253784179688, 28.337675094604492, 15.282017707824707, 9.371598243713379, 5.717702388763428], [82.46546936035156, -0.7472508549690247, 15.15826416015625, -13.946212768554688, 20.260948181152344, 49.87528610229492, 42.68833923339844, 8.209936141967773, 28.337675094604492, 103.52119445800781, 21.371997833251953, -5.872417449951172, -1.7976560592651367], [87.64214324951172, 6.538094997406006, -6.856158256530762, 0.5034503936767578, 18.106788635253906, 11.112465858459473, 29.298128128051758, 16.376516342163086, 15.282017707824707, 21.371997833251953, 105.76300811767578, 39.036888122558594, 14.328657150268555], [90.14437866210938, -14.343171119689941, -45.19124984741211, 74.9481430053711, 12.731400489807129, -77.00692749023438, 4.1466193199157715, -7.812856674194336, 9.371598243713379, -5.872417449951172, 39.036888122558594, 124.27949523925781, 38.174964904785156], [131.11306762695312, -7.033783912658691, -47.776451110839844, 41.48503494262695, 4.52156925201416, -38.15278244018555, 20.065227508544922, -9.304619789123535, 5.717702388763428, -1.7976560592651367, 14.328657150268555, 38.174964904785156, 91.70471954345703]], "lowlevel.mfcc.icov": [[0.0005232318071648479, 0.0002995239046867937, 0.00014748531975783408, -0.00021012699289713055, 0.00010905534873018041, -1.0047341675090138e-05, -0.000284182169707492, 0.00010813080007210374, -0.0002148354542441666, -0.0002610621741041541, -0.0002752329455688596, 6.792734347982332e-05, -0.00046661472879350185], [0.0002995239046867937, 0.001706313923932612, 8.507427992299199e-05, 0.00027464135200716555, -0.00025550491409376264, 0.00041539850644767284, -0.0012733315816149116, 0.0009084944613277912, -0.0012593187857419252, 0.0005139497225172818, -0.00021569643286056817, 0.0003699197550304234, 0.0001472273434046656], [0.00014748531975783408, 8.507427992299199e-05, 0.0029551538173109293, -0.0002795136533677578, -0.00019886090012732893, -0.00174814579077065, 0.0019912358839064837, -0.0025889305397868156, 0.0008902542176656425, -0.0006351980846375227, 0.00024891141219995916, -0.00034699798561632633, 8.34248639876023e-05], [-0.00021012699289713055, 0.00027464135200716555, -0.0002795136533677578, 0.004650036338716745, -0.0015628495020791888, 0.0017468988662585616, -0.0013426656369119883, 0.0005679054884240031, -0.0022452720440924168, 0.0010971387382596731, 0.0011606611078605056, -0.001489228685386479, -0.00017237590509466827], [0.00010905534873018041, -0.00025550491409376264, -0.00019886090012732893, -0.0015628495020791888, 0.006458666641265154, -0.0009959671879187226, 0.0011065765284001827, -0.001632070168852806, -0.0009622511570341885, -0.0010147704742848873, -0.0006193769513629377, -0.00029889136203564703, -0.0004513488383963704], [-1.0047341675090138e-05, 0.00041539850644767284, -0.00174814579077065, 0.0017468988662585616, -0.0009959671879187226, 0.005216141231358051, -0.002203773707151413, 0.001497729099355638, -0.0004216269007883966, -0.0006397240795195103, -0.0007343893521465361, 0.0019405840430408716, 0.0005192675162106752], [-0.000284182169707492, -0.0012733315816149116, 0.0019912358839064837, -0.0013426656369119883, 0.0011065765284001827, -0.002203773707151413, 0.0072142197750508785, -0.004075032193213701, 0.002698250813409686, -0.002732877852395177, -0.0004817629524040967, -0.0002394766779616475, -0.0010567865101620555], [0.00010813080007210374, 0.0009084944613277912, -0.0025889305397868156, 0.0005679054884240031, -0.001632070168852806, 0.001497729099355638, -0.004075032193213701, 0.01010541245341301, -0.003992360085248947, 0.0022315275855362415, -0.0010179708478972316, 0.0010443959617987275, 0.0009468851494602859], [-0.0002148354542441666, -0.0012593187857419252, 0.0008902542176656425, -0.0022452720440924168, -0.0009622511570341885, -0.0004216269007883966, 0.002698250813409686, -0.003992360085248947, 0.011559371836483479, -0.0036883195862174034, -0.0006394039373844862, 0.00043376893154345453, -0.0003070301900152117], [-0.0002610621741041541, 0.0005139497225172818, -0.0006351980846375227, 0.0010971387382596731, -0.0010147704742848873, -0.0006397240795195103, -0.002732877852395177, 0.0022315275855362415, -0.0036883195862174034, 0.012938054278492928, -0.001555576454848051, 0.0004477323091123253, 0.0007339403964579105], [-0.0002752329455688596, -0.00021569643286056817, 0.00024891141219995916, 0.0011606611078605056, -0.0006193769513629377, -0.0007343893521465361, -0.0004817629524040967, -0.0010179708478972316, -0.0006394039373844862, -0.001555576454848051, 0.012358578853309155, -0.004703034646809101, -0.00025512545835226774], [6.792734347982332e-05, 0.0003699197550304234, -0.00034699798561632633, -0.001489228685386479, -0.00029889136203564703, 0.0019405840430408716, -0.0002394766779616475, 0.0010443959617987275, 0.00043376893154345453, 0.0004477323091123253, -0.004703034646809101, 0.012535450048744678, -0.0030970743391662836], [-0.00046661472879350185, 0.0001472273434046656, 8.34248639876023e-05, -0.00017237590509466827, -0.0004513488383963704, 0.0005192675162106752, -0.0010567865101620555, 0.0009468851494602859, -0.0003070301900152117, 0.0007339403964579105, -0.00025512545835226774, -0.0030970743391662836, 0.013632670044898987]], "metadata.audio_properties.analysis.downmix": "mix", "metadata.audio_properties.codec": "mp3", "metadata.audio_properties.md5_encoded": "e22f6618b7a7d44930f0622b13c8123b", "metadata.tags.file_name": "1182272593173172285.mp3", "metadata.version.essentia": "2.1-beta6-dev", "metadata.version.essentia_git_sha": "v2.1_beta5-1110-g77a6a954", "metadata.version.extractor": "music 2.0", "tonal.chords_key": "C", "tonal.chords_scale": "major", "tonal.key_edma.key": "F", "tonal.key_edma.scale": "major", "tonal.key_krumhansl.key": "F", "tonal.key_krumhansl.scale": "major", "tonal.key_temperley.key": "F", "tonal.key_temperley.scale": "major", "metadata.tags.encoding": ["Lavf58.45.100"]},