{"song_id": "1182271338560372736", "download": "https://cdn.discordapp.com/attachments/1128313332273782784/1182271338560372736/chirp.mp4?ex=658416fc&amp", "lyrics": "PURE MUSIC", "style": ["rap"], "essentia_features": {"lowlevel.average_loudness": 0.9818016886711121, "lowlevel.barkbands_crest.mean": 16.53763771057129, "lowlevel.barkbands_crest.stdev": 6.37478494644165, "lowlevel.barkbands_flatness_db.mean": 0.2705249488353729, "lowlevel.barkbands_flatness_db.stdev": 0.06714188307523727, "lowlevel.barkbands_kurtosis.mean": 6.625205039978027, "lowlevel.barkbands_kurtosis.stdev": 8.270252227783203, "lowlevel.barkbands_skewness.mean": 2.0780529975891113, "lowlevel.barkbands_skewness.stdev": 1.501839280128479, "lowlevel.barkbands_spread.mean": 13.193002700805664, "lowlevel.barkbands_spread.stdev": 7.906709671020508, "lowlevel.dissonance.mean": 0.4628715217113495, "lowlevel.dissonance.stdev": 0.04121529310941696, "lowlevel.dynamic_complexity": 1.2181482315063477, "lowlevel.erbbands_crest.mean": 8.319465637207031, "lowlevel.erbbands_crest.stdev": 4.463359832763672, "lowlevel.erbbands_flatness_db.mean": 0.26702767610549927, "lowlevel.erbbands_flatness_db.stdev": 0.048109009861946106, "lowlevel.erbbands_kurtosis.mean": 0.07240971177816391, "lowlevel.erbbands_kurtosis.stdev": 2.681281328201294, "lowlevel.erbbands_skewness.mean": 0.06394650787115097, "lowlevel.erbbands_skewness.stdev": 0.488946795463562, "lowlevel.erbbands_spread.mean": 30.43699073791504, "lowlevel.erbbands_spread.stdev": 11.585027694702148, "lowlevel.hfc.mean": 19.51170539855957, "lowlevel.hfc.stdev": 9.39880657196045, "lowlevel.loudness_ebu128.integrated": -23.851335525512695, "lowlevel.loudness_ebu128.loudness_range": 0.8891944885253906, "lowlevel.loudness_ebu128.momentary.mean": -23.935062408447266, "lowlevel.loudness_ebu128.momentary.stdev": 0.8897077441215515, "lowlevel.loudness_ebu128.short_term.mean": -23.83860969543457, "lowlevel.loudness_ebu128.short_term.stdev": 0.4909091293811798, "lowlevel.melbands_crest.mean": 19.865596771240234, "lowlevel.melbands_crest.stdev": 5.965394020080566, "lowlevel.melbands_flatness_db.mean": 0.33974194526672363, "lowlevel.melbands_flatness_db.stdev": 0.08612185716629028, "lowlevel.melbands_kurtosis.mean": 16.796794891357422, "lowlevel.melbands_kurtosis.stdev": 18.27273178100586, "lowlevel.melbands_skewness.mean": 3.092900276184082, "lowlevel.melbands_skewness.stdev": 2.0397872924804688, "lowlevel.melbands_spread.mean": 13.955889701843262, "lowlevel.melbands_spread.stdev": 9.55288314819336, "lowlevel.pitch_salience.mean": 0.43160468339920044, "lowlevel.pitch_salience.stdev": 0.16916441917419434, "lowlevel.silence_rate_20dB.mean": 1.0, "lowlevel.silence_rate_20dB.stdev": 0.0, "lowlevel.silence_rate_30dB.mean": 0.8266932368278503, "lowlevel.silence_rate_30dB.stdev": 0.3785112202167511, "lowlevel.silence_rate_60dB.mean": 0.0013280212879180908, "lowlevel.silence_rate_60dB.stdev": 0.03641815856099129, "lowlevel.spectral_centroid.mean": 1120.7108154296875, "lowlevel.spectral_centroid.stdev": 392.01556396484375, "lowlevel.spectral_complexity.mean": 25.65869903564453, "lowlevel.spectral_complexity.stdev": 8.792461395263672, "lowlevel.spectral_decrease.mean": -1.5529314723039533e-08, "lowlevel.spectral_decrease.stdev": 9.919341792397063e-09, "lowlevel.spectral_energy.mean": 0.060380931943655014, "lowlevel.spectral_energy.stdev": 0.0376003198325634, "lowlevel.spectral_energyband_high.mean": 0.00019133432942908257, "lowlevel.spectral_energyband_high.stdev": 0.0003077540313825011, "lowlevel.spectral_energyband_low.mean": 0.040601227432489395, "lowlevel.spectral_energyband_low.stdev": 0.04107782989740372, "lowlevel.spectral_energyband_middle_high.mean": 0.006479988340288401, "lowlevel.spectral_energyband_middle_high.stdev": 0.0047288076020777225, "lowlevel.spectral_energyband_middle_low.mean": 0.01444789208471775, "lowlevel.spectral_energyband_middle_low.stdev": 0.0123146316036582, "lowlevel.spectral_entropy.mean": 7.249259948730469, "lowlevel.spectral_entropy.stdev": 0.5508032441139221, "lowlevel.spectral_flux.mean": 0.0932987779378891, "lowlevel.spectral_flux.stdev": 0.05101262405514717, "lowlevel.spectral_kurtosis.mean": 9.879737854003906, "lowlevel.spectral_kurtosis.stdev": 18.51597785949707, "lowlevel.spectral_rms.mean": 0.007258819416165352, "lowlevel.spectral_rms.stdev": 0.002493547974154353, "lowlevel.spectral_rolloff.mean": 772.2062377929688, "lowlevel.spectral_rolloff.stdev": 713.630615234375, "lowlevel.spectral_skewness.mean": 1.4241313934326172, "lowlevel.spectral_skewness.stdev": 1.3938137292861938, "lowlevel.spectral_spread.mean": 2058724.75, "lowlevel.spectral_spread.stdev": 649285.9375, "lowlevel.spectral_strongpeak.mean": 1.055827021598816, "lowlevel.spectral_strongpeak.stdev": 0.823333740234375, "lowlevel.zerocrossingrate.mean": 0.02861470729112625, "lowlevel.zerocrossingrate.stdev": 0.01801976002752781, "metadata.audio_properties.analysis.equal_loudness": 0.0, "metadata.audio_properties.analysis.length": 34.943992614746094, "metadata.audio_properties.analysis.sample_rate": 44100.0, "metadata.audio_properties.analysis.start_time": 0.0, "metadata.audio_properties.bit_rate": 119995.0, "metadata.audio_properties.length": 34.944000244140625, "metadata.audio_properties.lossless": 0.0, "metadata.audio_properties.number_channels": 1.0, "metadata.audio_properties.replay_gain": -1.2699260711669922, "metadata.audio_properties.sample_rate": 48000.0, "rhythm.beats_count": 71.0, "rhythm.beats_loudness.mean": 0.07405586540699005, "rhythm.beats_loudness.stdev": 0.024140629917383194, "rhythm.bpm": 122.88338470458984, "rhythm.bpm_histogram_first_peak_bpm": 123.0, "rhythm.bpm_histogram_first_peak_weight": 0.05714285373687744, "rhythm.bpm_histogram_second_peak_bpm": 0.0, "rhythm.bpm_histogram_second_peak_spread": 0.0, "rhythm.bpm_histogram_second_peak_weight": 0.0, "rhythm.danceability": 1.7431342601776123, "rhythm.onset_rate": 3.6901803016662598, "tonal.chords_changes_rate": 0.057029176503419876, "tonal.chords_number_rate": 0.007957560010254383, "tonal.chords_strength.mean": 0.397879958152771, "tonal.chords_strength.stdev": 0.045755159109830856, "tonal.hpcp_crest.mean": 12.727386474609375, "tonal.hpcp_crest.stdev": 5.852272033691406, "tonal.hpcp_entropy.mean": 2.272400140762329, "tonal.hpcp_entropy.stdev": 0.7749179005622864, "tonal.key_edma.strength": 0.31295526027679443, "tonal.key_krumhansl.strength": 0.3119525909423828, "tonal.key_temperley.strength": 0.28625357151031494, "tonal.tuning_diatonic_strength": 0.34747472405433655, "tonal.tuning_equal_tempered_deviation": 0.07489030808210373, "tonal.tuning_frequency": 439.2381896972656, "tonal.tuning_nontempered_energy_ratio": 0.7638282179832458, "lowlevel.barkbands.mean": [0.00019793972023762763, 0.03802995756268501, 0.0011912642512470484, 0.0019246939336881042, 0.00051447085570544, 0.0071158637292683125, 0.0007454323349520564, 0.0010918014449998736, 0.002702054101973772, 0.001085254130885005, 0.0013849419774487615, 0.0010937991319224238, 0.0006457212148234248, 0.0005007756408303976, 0.0004968689172528684, 0.0004292998928576708, 0.00040599252679385245, 0.00024517124984413385, 0.0002508193429093808, 0.00020525595755316317, 0.00010062069486593828, 2.2295918824966066e-05, 5.015040756006783e-07, 1.4071542864257935e-07, 4.2392315435790806e-08, 1.5968993238857365e-08, 2.4369013473801715e-09], "lowlevel.barkbands.stdev": [0.0003326795413158834, 0.04163613170385361, 0.002724211197346449, 0.003984465729445219, 0.0013106227852404118, 0.005443341564387083, 0.002036874182522297, 0.00230449833907187, 0.005221592728048563, 0.001919486909173429, 0.0017674332484602928, 0.0012618311448022723, 0.0006622971850447357, 0.0004983715480193496, 0.0003544175997376442, 0.0002874024794436991, 0.00029601939604617655, 0.00019435479771345854, 0.0002301182976225391, 0.0002684424689505249, 0.0001720146683510393, 5.29271419509314e-05, 1.7985009890253423e-06, 7.285555625458073e-07, 1.5692083366047882e-07, 9.715817839150986e-08, 2.2224224238698298e-08], "lowlevel.erbbands.mean": [1.0347309112548828, 8.721908569335938, 3.8620338439941406, 4.67517614364624, 3.514237880706787, 1.5081357955932617, 5.548173904418945, 81.84236145019531, 32.301483154296875, 15.7987060546875, 28.290735244750977, 60.270320892333984, 48.03883361816406, 43.82809829711914, 57.06440353393555, 40.80289077758789, 29.23630142211914, 27.169099807739258, 24.610897064208984, 27.73153305053711, 22.20235252380371, 22.425966262817383, 14.548402786254883, 14.917064666748047, 10.803112030029297, 9.410449028015137, 4.270698547363281, 3.6911494731903076, 1.03420090675354, 0.09424357116222382, 0.01387105230242014, 0.004619495011866093, 0.0017424214165657759, 0.0006934122066013515, 0.0002803735842462629, 0.00012740280362777412, 3.9327493141172454e-05, 8.859417903295252e-06, 2.8856820790679194e-05, 6.727744039380923e-05], "lowlevel.erbbands.stdev": [1.147369384765625, 9.54565143585205, 4.232640266418457, 9.015565872192383, 7.168943405151367, 4.121729373931885, 8.530780792236328, 61.789100646972656, 31.033798217773438, 35.885948181152344, 53.66804885864258, 132.50094604492188, 73.34048461914062, 76.43912506103516, 64.90882110595703, 43.07096481323242, 28.01497459411621, 29.430469512939453, 17.243091583251953, 18.210105895996094, 14.874017715454102, 15.864969253540039, 11.266846656799316, 12.740985870361328, 11.04160213470459, 12.122841835021973, 6.275666236877441, 7.198473930358887, 2.309835195541382, 0.22355368733406067, 0.04281719774007797, 0.021882185712456703, 0.007445275783538818, 0.0025935498997569084, 0.0008759631891734898, 0.00025575526524335146, 0.00016879511531442404, 9.76361843640916e-05, 1.658327346376609e-05, 4.043806256959215e-05], "lowlevel.gfcc.mean": [-59.88022994995117, 197.18646240234375, -176.478271484375, 24.62899398803711, -18.14954948425293, -25.62732696533203, 11.717363357543945, -4.4755401611328125, -2.761948347091675, 7.499444961547852, 2.857921838760376, -1.4531278610229492, 11.425475120544434], "lowlevel.melbands.mean": [0.010666558519005775, 0.005179745610803366, 0.0007370198145508766, 0.00015157938469201326, 0.0001348971709376201, 0.0016573774628341198, 0.0004857913008891046, 0.00019168364815413952, 0.00024939156719483435, 0.0003930529346689582, 0.0002315407182322815, 0.00016635288193356246, 0.00018974955310113728, 0.00014381507935468107, 7.469670526916161e-05, 6.268313154578209e-05, 4.757321221404709e-05, 3.860896686092019e-05, 3.871250737574883e-05, 3.271680179750547e-05, 2.5602057576179504e-05, 2.4335069610970095e-05, 1.6912235878407955e-05, 1.0889679288084153e-05, 1.2597674867720343e-05, 7.447284588124603e-06, 9.110420251090545e-06, 5.3654262046620715e-06, 2.5857266336970497e-06, 2.488263362465659e-06, 1.983524043680518e-06, 6.856732852611458e-07, 1.1155124468587019e-07, 1.78013763729723e-08, 7.068756691097633e-09, 3.5263607589541834e-09, 2.230053919305419e-09, 1.3005181376257724e-09, 6.386844386696566e-10, 4.936576702974094e-10], "lowlevel.melbands.stdev": [0.01170941162854433, 0.0053158896043896675, 0.0014491660986095667, 0.0003395749372430146, 0.0002620025770738721, 0.0012529818341135979, 0.0004822161281481385, 0.0004208585014566779, 0.0005151905352249742, 0.0007610021275468171, 0.00036532492958940566, 0.000310090952552855, 0.00022466004884336144, 0.00017192427185364068, 7.844413630664349e-05, 6.548578676301986e-05, 5.085940574645065e-05, 2.9394923330983147e-05, 2.7228348699281923e-05, 2.279022373841144e-05, 1.869533116405364e-05, 1.790570968296379e-05, 1.3723659321840387e-05, 8.7273474491667e-06, 1.1301209269731771e-05, 6.998849130468443e-06, 1.1642096978903282e-05, 7.284111688932171e-06, 3.7284694371919613e-06, 4.528640602075029e-06, 4.0947870729723945e-06, 1.629830990168557e-06, 2.6435395739099476e-07, 6.005948449683274e-08, 2.4589938973917924e-08, 1.6339873454285225e-08, 1.2725112519262893e-08, 6.331076551902015e-09, 2.219089356714221e-09, 2.415438293823513e-09], "lowlevel.melbands128.mean": [0.00018415691738482565, 0.005774788558483124, 0.019329192116856575, 0.012452797964215279, 0.0029551777988672256, 0.0005802540108561516, 0.001027932157739997, 0.0008273757412098348, 0.0002860425447579473, 9.877768025035039e-05, 6.74047478241846e-05, 5.961430724710226e-05, 7.415509026031941e-05, 0.0002655349380802363, 0.0018341493560001254, 0.002894581062719226, 0.0005740418564528227, 0.00013282944564707577, 0.00014515862858388573, 0.00014122739958111197, 0.00023225962650030851, 0.0003000712604261935, 0.00014779216144233942, 0.0003309251624159515, 0.0004384542990010232, 0.00040472831460647285, 0.00037087168311700225, 0.00018565972277428955, 0.00015511612582486123, 0.00012208220141474158, 0.00021162359917070717, 0.00017106790619436651, 0.00019502085342537612, 0.00019010176765732467, 0.00018069033103529364, 0.00012702895037364215, 8.969746704678982e-05, 7.075168105075136e-05, 7.185315917013213e-05, 5.384920950746164e-05, 6.449699867516756e-05, 6.83801481500268e-05, 4.537878339760937e-05, 3.952329279854894e-05, 4.0479644667357206e-05, 3.7551362765952945e-05, 3.676747655845247e-05, 4.0266018913825974e-05, 3.615586319938302e-05, 4.324564724811353e-05, 3.214790558558889e-05, 2.414596383459866e-05, 2.223273077106569e-05, 2.6471037926967256e-05, 3.068788646487519e-05, 2.1663243387592956e-05, 2.3625147150596604e-05, 1.893549779197201e-05, 1.5163574971666094e-05, 1.1384416211512871e-05, 1.0211482731392607e-05, 9.710035556054208e-06, 1.4734021533513442e-05, 1.3607440450869035e-05, 9.021291589306202e-06, 7.300739071069984e-06, 6.187576673255535e-06, 6.729843335051555e-06, 1.2647260518861003e-05, 8.88700014911592e-06, 4.8752513066574465e-06, 3.6458632166613825e-06, 2.8372646738716867e-06, 2.5415138225071132e-06, 2.1276280222082278e-06, 2.3261222850123886e-06, 2.879072098949109e-06, 2.3799009341018973e-06, 2.0917191250191536e-06, 1.3064543509244686e-06, 8.491863923154597e-07, 4.3782682723758626e-07, 1.780547052021575e-07, 9.015682422841564e-08, 3.781533308711005e-08, 1.6331886953935282e-08, 1.4489791588800927e-08, 1.0217832802084104e-08, 6.606835967204461e-09, 4.874866288417934e-09, 3.82280651578526e-09, 3.239499557494696e-09, 2.805991661247731e-09, 2.1377069003847282e-09, 2.020219991294425e-09, 1.6458325813317742e-09, 1.1437458757868058e-09, 7.998737228120945e-10, 6.362171345308809e-10, 5.281343140595141e-10, 5.752034959449759e-10, 5.250191947858696e-10, 3.593182973382625e-10, 3.1251676246846216e-10, 2.8613536540156304e-10, 1.8647033916963096e-10, 1.5705300948631873e-10, 1.9283788454949047e-10, 1.9743108536918186e-10, 1.2479491051653469e-10, 1.2324839759880746e-10, 9.366268871602301e-11, 3.156156586081593e-11, 3.1964365182490795e-11, 2.793426774616581e-11, 6.224263465748336e-11, 5.0665784068204545e-11, 2.362276520229134e-11, 6.8990212848119015e-12, 5.946780394505691e-12, 5.95903925162955e-12, 5.0136544221812684e-12, 4.835883429810117e-12, 4.735810268247098e-12, 4.34061944373787e-12, 3.687404114688375e-12, 3.332437190778359e-12, 3.2682333402089814e-12], "lowlevel.melbands128.stdev": [0.0003188833361491561, 0.006637223064899445, 0.02129138447344303, 0.013733801431953907, 0.003357885405421257, 0.001300588482990861, 0.0020806819666177034, 0.0017738083843141794, 0.0006405396852642298, 0.00031928831594996154, 0.00022522383369505405, 0.0001757682184688747, 0.00019649183377623558, 0.0007285310421139002, 0.0013863133499398828, 0.0023208893835544586, 0.0005719179171137512, 0.00045681421761401, 0.00048565343604423106, 0.00043125692172907293, 0.0005080239498056471, 0.0006926163914613426, 0.0003648618294391781, 0.0011544718872755766, 0.001485708518885076, 0.0005848380387760699, 0.0008457843796350062, 0.00031194667099043727, 0.0003268152941018343, 0.00035845671663992107, 0.0004982909886166453, 0.0002795525942929089, 0.0003076971916016191, 0.00028654508059844375, 0.00028130272403359413, 0.00017882263637147844, 0.00011813818127848208, 8.705192885827273e-05, 0.00011169673962285742, 6.439111893996596e-05, 7.35549401724711e-05, 0.0001526394480606541, 5.213249460211955e-05, 4.485890531213954e-05, 4.291571531211957e-05, 3.7313217035261914e-05, 3.626439502113499e-05, 3.6971105146221817e-05, 3.3107273338828236e-05, 3.7683206755900756e-05, 2.759233393589966e-05, 2.452040098432917e-05, 1.989057273021899e-05, 2.4054890673141927e-05, 2.9053908292553388e-05, 1.9457200323813595e-05, 2.267453783133533e-05, 1.837406489357818e-05, 1.547515785205178e-05, 1.1634732800303027e-05, 1.0001682312577032e-05, 9.156137821264565e-06, 1.593705383129418e-05, 1.3835480785928667e-05, 9.353360837849323e-06, 7.947671292640734e-06, 7.209212981251767e-06, 9.025276085594669e-06, 1.9032348063774407e-05, 1.2579129361256491e-05, 7.514678145525977e-06, 6.104518433858175e-06, 4.535153493634425e-06, 3.875887614412932e-06, 3.628029389801668e-06, 4.517948582360987e-06, 5.842453447257867e-06, 5.359881470212713e-06, 4.638975951820612e-06, 3.152173576381756e-06, 2.130331040461897e-06, 1.2102209439035505e-06, 4.1223972857551416e-07, 2.5345283916067274e-07, 1.1806185540308434e-07, 7.523530598518846e-08, 5.220481114065478e-08, 3.4722830832834006e-08, 2.6731516555855706e-08, 1.834558105429096e-08, 1.9831640329925904e-08, 1.641096858406854e-08, 1.489028189638475e-08, 1.2923456083058227e-08, 1.333407251280505e-08, 9.892787922183288e-09, 5.466195940329044e-09, 3.713928498072505e-09, 2.3551900429907846e-09, 1.4940059189783028e-09, 2.673288923560335e-09, 3.5105438556115587e-09, 1.3158168998828046e-09, 1.3473353543957955e-09, 1.3238803386883546e-09, 6.023055387771592e-10, 4.0709827175966495e-10, 6.01701299896007e-10, 5.363020583182276e-10, 2.8672231255910674e-10, 3.620573285623152e-10, 5.234725430902643e-10, 5.623286836176078e-10, 7.776861932207169e-10, 5.824954407707139e-10, 1.6127335022986244e-09, 8.843495380439492e-10, 3.5848674029281824e-10, 6.038797933927142e-11, 2.832288570342456e-11, 3.6994990404437544e-11, 6.8301284766869585e-12, 5.850030529441774e-12, 5.741466763825587e-12, 5.648858984741434e-12, 5.586642693594657e-12, 5.53981513440327e-12, 5.508450032915002e-12], "lowlevel.mfcc.mean": [-691.187255859375, 226.60543823242188, -83.9322738647461, 58.02889633178711, -19.284008026123047, 7.208797454833984, 12.39433765411377, -4.577291488647461, 15.471719741821289, -0.9676647186279297, 5.308346271514893, 9.566563606262207, 5.663674831390381], "lowlevel.spectral_contrast_coeffs.mean": [-0.6982448101043701, -0.6903358101844788, -0.7869535684585571, -0.8259610533714294, -0.7944915294647217, -0.6249686479568481], "lowlevel.spectral_contrast_coeffs.stdev": [0.08249330520629883, 0.07723935693502426, 0.055116649717092514, 0.03322509303689003, 0.025491412729024887, 0.07031387835741043], "lowlevel.spectral_contrast_valleys.mean": [-7.053658962249756, -6.425331115722656, -6.519318103790283, -6.909128665924072, -7.421011924743652, -13.360024452209473], "lowlevel.spectral_contrast_valleys.stdev": [0.6850951910018921, 0.7105079889297485, 0.7003358602523804, 0.7413356900215149, 0.9045367240905762, 0.6000288724899292], "rhythm.beats_loudness_band_ratio.mean": [0.6954523921012878, 0.1260654777288437, 0.09757012128829956, 0.05347469076514244, 0.033539123833179474, 0.009573898278176785], "rhythm.beats_loudness_band_ratio.stdev": [0.20801453292369843, 0.14290310442447662, 0.0640103667974472, 0.04043513163924217, 0.014234614558517933, 0.0117457564920187], "tonal.hpcp.mean": [0.021237406879663467, 0.022569993510842323, 0.03787289559841156, 0.04604996368288994, 0.02959994412958622, 0.025654112920165062, 0.04487839713692665, 0.11964314430952072, 0.3176843822002411, 0.4262806475162506, 0.26861998438835144, 0.10740470141172409, 0.0799671933054924, 0.06442943215370178, 0.039906151592731476, 0.04656511917710304, 0.08601802587509155, 0.10123525559902191, 0.0628662034869194, 0.044720567762851715, 0.07589202374219894, 0.08867894113063812, 0.049005549401044846, 0.02485286071896553, 0.028709452599287033, 0.029041778296232224, 0.2119964212179184, 0.45389029383659363, 0.28654634952545166, 0.04297999292612076, 0.024849431589245796, 0.025386285036802292, 0.029232576489448547, 0.028026143088936806, 0.019022919237613678, 0.016496017575263977], "tonal.hpcp.stdev": [0.06972979009151459, 0.06093057245016098, 0.08680830150842667, 0.11144932359457016, 0.06095011532306671, 0.05551210045814514, 0.1063399687409401, 0.2334877848625183, 0.3669239282608032, 0.4295749068260193, 0.34625494480133057, 0.22359757125377655, 0.17394089698791504, 0.14444246888160706, 0.10688677430152893, 0.1137954592704773, 0.18936429917812347, 0.21788348257541656, 0.14910784363746643, 0.12430640310049057, 0.17434066534042358, 0.22177298367023468, 0.12098892778158188, 0.05346446484327316, 0.05019129440188408, 0.052471473813056946, 0.21747297048568726, 0.4269416332244873, 0.2944232225418091, 0.10698288679122925, 0.05487161874771118, 0.051340579986572266, 0.06676695495843887, 0.05824224278330803, 0.04138651862740517, 0.0403413400053978], "rhythm.beats_position": [0.4876190423965454, 0.9752380847930908, 1.4628571271896362, 1.9504761695861816, 2.449705123901367, 2.937324285507202, 3.4365532398223877, 3.9241721630096436, 4.4117913246154785, 4.899410247802734, 5.38702917098999, 5.874648571014404, 6.36226749420166, 6.849886417388916, 7.337505340576172, 7.825124740600586, 8.312743186950684, 8.800362586975098, 9.287981986999512, 9.77560043334961, 10.263219833374023, 10.750839233398438, 11.238457679748535, 11.72607707977295, 12.213695526123047, 12.701314926147461, 13.188934326171875, 13.676552772521973, 14.164172172546387, 14.6517915725708, 15.139410018920898, 15.627029418945312, 16.114648818969727, 16.60226821899414, 17.089885711669922, 17.577505111694336, 18.06512451171875, 18.552743911743164, 19.040363311767578, 19.52798080444336, 20.015600204467773, 20.503219604492188, 20.9908390045166, 21.478458404541016, 21.966075897216797, 22.45369529724121, 22.941314697265625, 23.44054412841797, 23.939773559570312, 24.427391052246094, 24.915010452270508, 25.402629852294922, 25.890249252319336, 26.37786865234375, 26.86548614501953, 27.353105545043945, 27.84072494506836, 28.328344345092773, 28.815963745117188, 29.3035831451416, 29.791200637817383, 30.278820037841797, 30.76643943786621, 31.254058837890625, 31.74167823791504, 32.22929763793945, 32.716915130615234, 33.20453643798828, 33.69215393066406, 34.179771423339844, 34.66739273071289], "rhythm.bpm_histogram": [0.0, 0.0, 0.0, 0.0, 0.0, 0.0, 0.0, 0.0, 0.0, 0.0, 0.0, 0.0, 0.0, 0.0, 0.0, 0.0, 0.0, 0.0, 0.0, 0.0, 0.0, 0.0, 0.0, 0.0, 0.0, 0.0, 0.0, 0.0, 0.0, 0.0, 0.0, 0.0, 0.0, 0.0, 0.0, 0.0, 0.0, 0.0, 0.0, 0.0, 0.0, 0.0, 0.0, 0.0, 0.0, 0.0, 0.0, 0.0, 0.0, 0.0, 0.0, 0.0, 0.0, 0.0, 0.0, 0.0, 0.0, 0.0, 0.0, 0.0, 0.0, 0.0, 0.0, 0.0, 0.0, 0.0, 0.0, 0.0, 0.0, 0.0, 0.0, 0.0, 0.0, 0.0, 0.0, 0.0, 0.0, 0.0, 0.0, 0.0, 0.0, 0.0, 0.0, 0.0, 0.0, 0.0, 0.0, 0.0, 0.0, 0.0, 0.0, 0.0, 0.0, 0.0, 0.0, 0.0, 0.0, 0.0, 0.0, 0.0, 0.0, 0.0, 0.0, 0.0, 0.0, 0.0, 0.0, 0.0, 0.0, 0.0, 0.0, 0.0, 0.0, 0.0, 0.0, 0.0, 0.0, 0.0, 0.0, 0.0, 0.05714285746216774, 0.0, 0.0, 0.9428571462631226, 0.0, 0.0, 0.0, 0.0, 0.0, 0.0, 0.0, 0.0, 0.0, 0.0, 0.0, 0.0, 0.0, 0.0, 0.0, 0.0, 0.0, 0.0, 0.0, 0.0, 0.0, 0.0, 0.0, 0.0, 0.0, 0.0, 0.0, 0.0, 0.0, 0.0, 0.0, 0.0, 0.0, 0.0, 0.0, 0.0, 0.0, 0.0, 0.0, 0.0, 0.0, 0.0, 0.0, 0.0, 0.0, 0.0, 0.0, 0.0, 0.0, 0.0, 0.0, 0.0, 0.0, 0.0, 0.0, 0.0, 0.0, 0.0, 0.0, 0.0, 0.0, 0.0, 0.0, 0.0, 0.0, 0.0, 0.0, 0.0, 0.0, 0.0, 0.0, 0.0, 0.0, 0.0, 0.0, 0.0, 0.0, 0.0, 0.0, 0.0, 0.0, 0.0, 0.0, 0.0, 0.0, 0.0, 0.0, 0.0, 0.0, 0.0, 0.0, 0.0, 0.0, 0.0, 0.0, 0.0, 0.0, 0.0, 0.0, 0.0, 0.0, 0.0, 0.0, 0.0, 0.0, 0.0, 0.0, 0.0, 0.0, 0.0, 0.0, 0.0, 0.0, 0.0, 0.0, 0.0, 0.0, 0.0, 0.0, 0.0, 0.0, 0.0, 0.0, 0.0, 0.0, 0.0], "tonal.chords_histogram": [6.763925552368164, 1.0610079765319824, 0.0, 0.0, 0.0, 0.0, 0.0, 5.835543632507324, 0.0, 19.098142623901367, 0.0, 0.0, 27.055702209472656, 0.0, 0.2652519941329956, 0.0, 0.0, 0.0, 0.0, 39.92042541503906, 0.0, 0.0, 0.0, 0.0], "tonal.thpcp": [1.0, 0.6313118934631348, 0.09469246864318848, 0.05474765971302986, 0.05593044310808182, 0.06440449506044388, 0.0617465116083622, 0.04191083088517189, 0.03634362295269966, 0.046789735555648804, 0.04972565919160843, 0.0834406390786171, 0.1014561578631401, 0.0652138739824295, 0.05652051419019699, 0.09887498617172241, 0.2635948359966278, 0.6999144554138184, 0.9391710758209229, 0.5918169617652893, 0.23663140833377838, 0.17618176341056824, 0.1419493556022644, 0.08792025595903397, 0.1025911346077919, 0.18951281905174255, 0.22303904592990875, 0.13850528001785278, 0.09852726012468338, 0.16720345616340637, 0.19537527859210968, 0.10796783119440079, 0.05475521460175514, 0.06325196474790573, 0.06398413330316544, 0.46706533432006836], "lowlevel.gfcc.cov": [[2819.606689453125, -341.444091796875, -858.0775756835938, 725.4056396484375, -6.2935967445373535, 135.92974853515625, 352.7096862792969, 124.12939453125, 250.0644073486328, 239.78892517089844, 92.56275939941406, 168.99099731445312, 75.80362701416016], [-341.444091796875, 595.9370727539062, 229.5929412841797, -375.1079406738281, 248.99424743652344, -74.68016815185547, 39.77607345581055, 22.813447952270508, 1.5757077932357788, -97.84579467773438, -33.79005432128906, -114.8215103149414, -5.290791988372803], [-858.0775756835938, 229.5929412841797, 799.234130859375, -127.33149719238281, 68.0233383178711, 71.13804626464844, -75.95752716064453, 69.283447265625, 17.39582061767578, -62.846012115478516, -4.348782539367676, -60.339271545410156, -26.021778106689453], [725.4056396484375, -375.1079406738281, -127.33149719238281, 723.0814819335938, 120.01260375976562, 157.9314422607422, 195.18218994140625, 133.1092529296875, 209.34877014160156, 208.82119750976562, 135.79322814941406, 181.2628936767578, 102.72372436523438], [-6.2935967445373535, 248.99424743652344, 68.0233383178711, 120.01260375976562, 529.3567504882812, 85.16166687011719, 270.8442077636719, 207.5986785888672, 214.8767852783203, 154.29452514648438, 132.61036682128906, 95.67156219482422, 136.35324096679688], [135.92974853515625, -74.68016815185547, 71.13804626464844, 157.9314422607422, 85.16166687011719, 129.19200134277344, 118.48030853271484, 96.4835433959961, 112.37175750732422, 81.05872344970703, 63.25380325317383, 68.51815032958984, 40.77284240722656], [352.7096862792969, 39.77607345581055, -75.95752716064453, 195.18218994140625, 270.8442077636719, 118.48030853271484, 314.5987548828125, 198.769287109375, 208.41616821289062, 146.03662109375, 116.48468780517578, 116.45453643798828, 107.83165740966797], [124.12939453125, 22.813447952270508, 69.283447265625, 133.1092529296875, 207.5986785888672, 96.4835433959961, 198.769287109375, 202.9534912109375, 169.8776092529297, 114.88591003417969, 94.9200668334961, 87.08299255371094, 86.60569763183594], [250.0644073486328, 1.5757077932357788, 17.39582061767578, 209.34877014160156, 214.8767852783203, 112.37175750732422, 208.41616821289062, 169.8776092529297, 228.03643798828125, 151.25730895996094, 117.81846618652344, 107.45948028564453, 91.18731689453125], [239.78892517089844, -97.84579467773438, -62.846012115478516, 208.82119750976562, 154.29452514648438, 81.05872344970703, 146.03662109375, 114.88591003417969, 151.25730895996094, 180.7389373779297, 121.98387908935547, 127.26248168945312, 86.44111633300781], [92.56275939941406, -33.79005432128906, -4.348782539367676, 135.79322814941406, 132.61036682128906, 63.25380325317383, 116.48468780517578, 94.9200668334961, 117.81846618652344, 121.98387908935547, 120.88249206542969, 103.99628448486328, 73.0901107788086], [168.99099731445312, -114.8215103149414, -60.339271545410156, 181.2628936767578, 95.67156219482422, 68.51815032958984, 116.45453643798828, 87.08299255371094, 107.45948028564453, 127.26248168945312, 103.99628448486328, 138.44232177734375, 82.38439178466797], [75.80362701416016, -5.290791988372803, -26.021778106689453, 102.72372436523438, 136.35324096679688, 40.77284240722656, 107.83165740966797, 86.60569763183594, 91.18731689453125, 86.44111633300781, 73.0901107788086, 82.38439178466797, 89.5059814453125]], "lowlevel.gfcc.icov": [[0.0012340754037722945, -0.002224361291155219, 0.0017351503483951092, -0.0017125706654042006, 0.0017591078067198396, -0.0018626888049766421, 0.00033608588273636997, -0.0014045354910194874, 0.00030597031582146883, -0.0017429525032639503, 0.0013768573990091681, -0.00024321007367689162, 0.0008871883619576693], [-0.002224361291155219, 0.013935808092355728, -0.005598030518740416, 0.006929087918251753, -0.00824285950511694, 0.01014976017177105, -0.005953270476311445, 0.007607763633131981, -0.005578996613621712, 0.008506039157509804, -0.005519016645848751, 0.0057901302352547646, -0.002481327159330249], [0.0017351503483951092, -0.005598030518740416, 0.005571861285716295, -0.0030137780122458935, 0.0027908862102776766, -0.007495570462197065, 0.005340244621038437, -0.005980950780212879, 0.001201189705170691, -0.0014172695809975266, 0.0008235751301981509, -0.0007466173265129328, 0.001954342471435666], [-0.0017125706654042006, 0.006929087918251753, -0.0030137780122458935, 0.006487824488431215, -0.004180432762950659, 0.003233901457861066, -0.0021829353645443916, 0.004549840465188026, -0.003740201937034726, 0.0031923139467835426, -0.0018165657529607415, 0.0006560368929058313, -0.001732316566631198], [0.0017591078067198396, -0.00824285950511694, 0.0027908862102776766, -0.004180432762950659, 0.010330304503440857, -0.0042759147472679615, -0.00031493627466261387, -0.0042487699538469315, 0.0023047171998769045, -0.007357414346188307, 0.0019952552393078804, 0.0013425013748928905, -0.0037742566782981157], [-0.0018626888049766421, 0.01014976017177105, -0.007495570462197065, 0.003233901457861066, -0.0042759147472679615, 0.028555605560541153, -0.01047888956964016, 0.005284814164042473, -0.007520676124840975, 0.004677488934248686, -0.0023782788775861263, -0.0013154606567695737, 0.0036010993644595146], [0.00033608588273636997, -0.005953270476311445, 0.005340244621038437, -0.0021829353645443916, -0.00031493627466261387, -0.01047888956964016, 0.019643964245915413, -0.01171469409018755, -0.0017850996227934957, 0.0008124354644678533, 0.001456880709156394, -0.004644960165023804, 0.00046345332521013916], [-0.0014045354910194874, 0.007607763633131981, -0.005980950780212879, 0.004549840465188026, -0.0042487699538469315, 0.005284814164042473, -0.01171469409018755, 0.025560973212122917, -0.008715863339602947, 0.002555758459493518, -0.001870425185188651, 0.003804038278758526, -0.007438342552632093], [0.00030597031582146883, -0.005578996613621712, 0.001201189705170691, -0.003740201937034726, 0.0023047171998769045, -0.007520676124840975, -0.0017850996227934957, -0.008715863339602947, 0.02437223494052887, -0.010435735806822777, -0.0027454611845314503, 0.0023345411755144596, -0.00010675048542907462], [-0.0017429525032639503, 0.008506039157509804, -0.0014172695809975266, 0.0031923139467835426, -0.007357414346188307, 0.004677488934248686, 0.0008124354644678533, 0.002555758459493518, -0.010435735806822777, 0.034174926578998566, -0.015698473900556564, -0.006796709727495909, 0.00023123265418689698], [0.0013768573990091681, -0.005519016645848751, 0.0008235751301981509, -0.0018165657529607415, 0.0019952552393078804, -0.0023782788775861263, 0.001456880709156394, -0.001870425185188651, -0.0027454611845314503, -0.015698473900556564, 0.040633369237184525, -0.017771579325199127, 6.495714478660375e-05], [-0.00024321007367689162, 0.0057901302352547646, -0.0007466173265129328, 0.0006560368929058313, 0.0013425013748928905, -0.0013154606567695737, -0.004644960165023804, 0.003804038278758526, 0.0023345411755144596, -0.006796709727495909, -0.017771579325199127, 0.042024508118629456, -0.01993551105260849], [0.0008871883619576693, -0.002481327159330249, 0.001954342471435666, -0.001732316566631198, -0.0037742566782981157, 0.0036010993644595146, 0.00046345332521013916, -0.007438342552632093, -0.00010675048542907462, 0.00023123265418689698, 6.495714478660375e-05, -0.01993551105260849, 0.04176069051027298]], "lowlevel.mfcc.cov": [[3310.13427734375, -988.6089477539062, -835.476806640625, 551.1226196289062, -375.9465026855469, 329.3948974609375, -42.94914245605469, 142.10765075683594, 160.23475646972656, 58.84678649902344, 271.711181640625, 196.9602813720703, 120.9546890258789], [-988.6089477539062, 1123.194091796875, 25.75701141357422, -311.9666748046875, 197.77291870117188, -202.39779663085938, 118.13459014892578, -32.55833053588867, 57.132896423339844, 32.69940185546875, -84.12478637695312, -39.36912536621094, -59.76996612548828], [-835.476806640625, 25.75701141357422, 765.3544311523438, -160.6848907470703, 61.487152099609375, -49.82337951660156, -110.63340759277344, 13.112062454223633, -139.9415283203125, 7.065703392028809, -87.09198760986328, -121.01238250732422, -54.79549026489258], [551.1226196289062, -311.9666748046875, -160.6848907470703, 449.7567138671875, 90.82949829101562, 179.52159118652344, 86.87874603271484, 105.66532135009766, 159.8226318359375, 76.98505401611328, 144.08644104003906, 129.4280242919922, 123.81669616699219], [-375.9465026855469, 197.77291870117188, 61.487152099609375, 90.82949829101562, 220.26644897460938, 29.151691436767578, 72.79071044921875, 38.903175354003906, 75.7026138305664, 62.6656608581543, 32.329551696777344, 44.31470489501953, 48.43896484375], [329.3948974609375, -202.39779663085938, -49.82337951660156, 179.52159118652344, 29.151691436767578, 158.77671813964844, 31.849367141723633, 69.35938262939453, 71.31485748291016, 44.5359001159668, 93.65109252929688, 70.50035095214844, 76.54475402832031], [-42.94914245605469, 118.13459014892578, -110.63340759277344, 86.87874603271484, 72.79071044921875, 31.849367141723633, 133.6092987060547, 59.52788543701172, 107.01171875, 47.93198776245117, 51.94807815551758, 70.46273040771484, 51.275489807128906], [142.10765075683594, -32.55833053588867, 13.112062454223633, 105.66532135009766, 38.903175354003906, 69.35938262939453, 59.52788543701172, 147.6830291748047, 106.51033020019531, 87.60750579833984, 82.03663635253906, 61.43376159667969, 68.42109680175781], [160.23475646972656, 57.132896423339844, -139.9415283203125, 159.8226318359375, 75.7026138305664, 71.31485748291016, 107.01171875, 106.51033020019531, 185.9464111328125, 95.33206939697266, 102.84561157226562, 107.27507019042969, 87.56299591064453], [58.84678649902344, 32.69940185546875, 7.065703392028809, 76.98505401611328, 62.6656608581543, 44.5359001159668, 47.93198776245117, 87.60750579833984, 95.33206939697266, 111.79952239990234, 79.61605072021484, 61.37837600708008, 54.65428161621094], [271.711181640625, -84.12478637695312, -87.09198760986328, 144.08644104003906, 32.329551696777344, 93.65109252929688, 51.94807815551758, 82.03663635253906, 102.84561157226562, 79.61605072021484, 135.40203857421875, 103.79383087158203, 87.44829559326172], [196.9602813720703, -39.36912536621094, -121.01238250732422, 129.4280242919922, 44.31470489501953, 70.50035095214844, 70.46273040771484, 61.43376159667969, 107.27507019042969, 61.37837600708008, 103.79383087158203, 135.68711853027344, 95.56382751464844], [120.9546890258789, -59.76996612548828, -54.79549026489258, 123.81669616699219, 48.43896484375, 76.54475402832031, 51.275489807128906, 68.42109680175781, 87.56299591064453, 54.65428161621094, 87.44829559326172, 95.56382751464844, 117.12411499023438]], "lowlevel.mfcc.icov": [[0.0011982163414359093, -0.00012651068391278386, 0.0011441113892942667, -0.001278549782000482, 0.0021503260359168053, -0.0012775474460795522, 0.0017000788357108831, -0.0010422279592603445, 0.0007341722957789898, -0.0010707431938499212, -1.4170361282594968e-05, -0.000756613037083298, 0.0009737780783325434], [-0.00012651068391278386, 0.002867908449843526, 0.00012097062426619232, 0.002780295442789793, -0.003165162866935134, 0.0022822639439255, -0.0019952028524130583, 0.0007251299684867263, -0.0025315091479569674, 0.00033090723445639014, -0.0007500218925997615, 0.0013008402893319726, 0.00021572918922174722], [0.0011441113892942667, 0.00012097062426619232, 0.0036067375913262367, -0.0005614794790744781, 0.00018425739835947752, -0.0012498270953074098, 0.002973087364807725, -0.0032566310837864876, 0.0031426469795405865, -0.0025306204333901405, 0.0009978626621887088, 0.0003016904229298234, 0.0003428335185162723], [-0.001278549782000482, 0.002780295442789793, -0.0005614794790744781, 0.009065085090696812, -0.006349888164550066, -0.0007335330592468381, -0.0028925479855388403, 0.0014259280869737267, -0.005320967640727758, 0.0030400417745113373, -0.001950966427102685, 0.0019622803665697575, -0.001152734737843275], [0.0021503260359168053, -0.003165162866935134, 0.00018425739835947752, -0.006349888164550066, 0.014885412529110909, -0.004577281419187784, 0.0008303761715069413, 0.001167918206192553, 0.00234887539409101, -0.006469774525612593, 0.0034040098544210196, -0.0023907283321022987, -0.0005753873265348375], [-0.0012775474460795522, 0.0022822639439255, -0.0012498270953074098, -0.0007335330592468381, -0.004577281419187784, 0.01839560829102993, -0.0022616186179220676, -0.0010993903269991279, -0.0011693463893607259, 0.0042918650433421135, -0.007970064878463745, 0.0035143480636179447, -0.003867348888888955], [0.0017000788357108831, -0.0019952028524130583, 0.002973087364807725, -0.0028925479855388403, 0.0008303761715069413, -0.0022616186179220676, 0.020764928311109543, -0.005638133734464645, -0.004020560998469591, 0.0011532625649124384, 0.002502248389646411, -0.0059666382148861885, 0.0024802638217806816], [-0.0010422279592603445, 0.0007251299684867263, -0.0032566310837864876, 0.0014259280869737267, 0.001167918206192553, -0.0010993903269991279, -0.005638133734464645, 0.020388705655932426, -0.007816066965460777, -0.006850766018033028, -0.0019015594152733684, 0.005434687249362469, -0.0047657848335802555], [0.0007341722957789898, -0.0025315091479569674, 0.0031426469795405865, -0.005320967640727758, 0.00234887539409101, -0.0011693463893607259, -0.004020560998469591, -0.007816066965460777, 0.026212751865386963, -0.009072436019778252, 0.0012863321462646127, -0.0057009002193808556, -0.0005081734270788729], [-0.0010707431938499212, 0.00033090723445639014, -0.0025306204333901405, 0.0030400417745113373, -0.006469774525612593, 0.0042918650433421135, 0.0011532625649124384, -0.006850766018033028, -0.009072436019778252, 0.029591424390673637, -0.012822452001273632, 0.001194307580590248, 0.001818311051465571], [-1.4170361282594968e-05, -0.0007500218925997615, 0.0009978626621887088, -0.001950966427102685, 0.0034040098544210196, -0.007970064878463745, 0.002502248389646411, -0.0019015594152733684, 0.0012863321462646127, -0.012822452001273632, 0.03337879851460457, -0.01363488007336855, -0.002797395922243595], [-0.000756613037083298, 0.0013008402893319726, 0.0003016904229298234, 0.0019622803665697575, -0.0023907283321022987, 0.0035143480636179447, -0.0059666382148861885, 0.005434687249362469, -0.0057009002193808556, 0.001194307580590248, -0.01363488007336855, 0.030832616612315178, -0.01363077200949192], [0.0009737780783325434, 0.00021572918922174722, 0.0003428335185162723, -0.001152734737843275, -0.0005753873265348375, -0.003867348888888955, 0.0024802638217806816, -0.0047657848335802555, -0.0005081734270788729, 0.001818311051465571, -0.002797395922243595, -0.01363077200949192, 0.026226704940199852]], "metadata.audio_properties.analysis.downmix": "mix", "metadata.audio_properties.codec": "mp3", "metadata.audio_properties.md5_encoded": "1478510b2426b9c8e9059ca8a67cc88e", "metadata.tags.file_name": "1182271338560372736.mp3", "metadata.version.essentia": "2.1-beta6-dev", "metadata.version.essentia_git_sha": "v2.1_beta5-1110-g77a6a954", "metadata.version.extractor": "music 2.0", "tonal.chords_key": "F", "tonal.chords_scale": "major", "tonal.key_edma.key": "B", "tonal.key_edma.scale": "minor", "tonal.key_krumhansl.key": "B", "tonal.key_krumhansl.scale": "minor", "tonal.key_temperley.key": "B", "tonal.key_temperley.scale": "minor", "metadata.tags.encoding": ["Lavf58.45.100"]}, "essentia_models": [{"model_name": "genre_dortmund", "activations": {"alternative": "0.011967201", "blues": "0.0015928466", "electronic": "0.95958173", "folkcountry": "0.0006521737", "funksoulrnb": "0.0044784825", "jazz": "0.041212548", "pop": "0.017630497", "raphiphop": "0.0021488054", "rock":