{"song_id": "1182268743288635433", "download": "https://cdn.discordapp.com/attachments/1128313332273782784/1182268743288635433/chirp.mp4?ex=65841491&amp", "lyrics": "[Verse]\nIn the land of Vrindavan, a love story was born\nKrishna and Radha, their hearts forever torn\nThey danced in moonlight, their souls entwined\nA divine connection, a love so kind\n\n[Chorus]\nKrishna and Radha, dancing hand in hand\nTheir love like a river, flowing across the land\nTheir feet moved in rhythm, their hearts beat as one\nIn the ecstasy of love, their union was begun", "style": ["random"], "essentia_features": {"lowlevel.average_loudness": 0.9840975999832153, "lowlevel.barkbands_crest.mean": 17.95142364501953, "lowlevel.barkbands_crest.stdev": 5.1401777267456055, "lowlevel.barkbands_flatness_db.mean": 0.17823438346385956, "lowlevel.barkbands_flatness_db.stdev": 0.0723855197429657, "lowlevel.barkbands_kurtosis.mean": 19.121986389160156, "lowlevel.barkbands_kurtosis.stdev": 49.941986083984375, "lowlevel.barkbands_skewness.mean": 3.185992479324341, "lowlevel.barkbands_skewness.stdev": 2.5663437843322754, "lowlevel.barkbands_spread.mean": 23.89603042602539, "lowlevel.barkbands_spread.stdev": 17.09086799621582, "lowlevel.dissonance.mean": 0.4768500328063965, "lowlevel.dissonance.stdev": 0.021463507786393166, "lowlevel.dynamic_complexity": 1.5318207740783691, "lowlevel.erbbands_crest.mean": 7.885158061981201, "lowlevel.erbbands_crest.stdev": 3.9882216453552246, "lowlevel.erbbands_flatness_db.mean": 0.12363234907388687, "lowlevel.erbbands_flatness_db.stdev": 0.04122327268123627, "lowlevel.erbbands_kurtosis.mean": 0.6717028617858887, "lowlevel.erbbands_kurtosis.stdev": 2.0152926445007324, "lowlevel.erbbands_skewness.mean": 0.04880181699991226, "lowlevel.erbbands_skewness.stdev": 0.7810779809951782, "lowlevel.erbbands_spread.mean": 49.471614837646484, "lowlevel.erbbands_spread.stdev": 23.864124298095703, "lowlevel.hfc.mean": 45.8725471496582, "lowlevel.hfc.stdev": 33.48170471191406, "lowlevel.loudness_ebu128.integrated": -10.268697738647461, "lowlevel.loudness_ebu128.loudness_range": 0.7941789627075195, "lowlevel.loudness_ebu128.momentary.mean": -10.377241134643555, "lowlevel.loudness_ebu128.momentary.stdev": 1.0222375392913818, "lowlevel.loudness_ebu128.short_term.mean": -10.279485702514648, "lowlevel.loudness_ebu128.short_term.stdev": 0.26761114597320557, "lowlevel.melbands_crest.mean": 26.419795989990234, "lowlevel.melbands_crest.stdev": 6.690633296966553, "lowlevel.melbands_flatness_db.mean": 0.25532540678977966, "lowlevel.melbands_flatness_db.stdev": 0.08216912299394608, "lowlevel.melbands_kurtosis.mean": 59.576690673828125, "lowlevel.melbands_kurtosis.stdev": 94.50843811035156, "lowlevel.melbands_skewness.mean": 5.688741207122803, "lowlevel.melbands_skewness.stdev": 3.653425455093384, "lowlevel.melbands_spread.mean": 15.697283744812012, "lowlevel.melbands_spread.stdev": 14.069411277770996, "lowlevel.pitch_salience.mean": 0.30868130922317505, "lowlevel.pitch_salience.stdev": 0.15862321853637695, "lowlevel.silence_rate_20dB.mean": 1.0, "lowlevel.silence_rate_20dB.stdev": 0.0, "lowlevel.silence_rate_30dB.mean": 0.521436870098114, "lowlevel.silence_rate_30dB.stdev": 0.4995449483394623, "lowlevel.silence_rate_60dB.mean": 0.009269988164305687, "lowlevel.silence_rate_60dB.stdev": 0.095832958817482, "lowlevel.spectral_centroid.mean": 1776.5064697265625, "lowlevel.spectral_centroid.stdev": 748.2269897460938, "lowlevel.spectral_complexity.mean": 26.306489944458008, "lowlevel.spectral_complexity.stdev": 12.194465637207031, "lowlevel.spectral_decrease.mean": -2.5180405316405086e-08, "lowlevel.spectral_decrease.stdev": 8.608896706618907e-09, "lowlevel.spectral_energy.mean": 0.09919751435518265, "lowlevel.spectral_energy.stdev": 0.032223545014858246, "lowlevel.spectral_energyband_high.mean": 0.0032547935843467712, "lowlevel.spectral_energyband_high.stdev": 0.003674200037494302, "lowlevel.spectral_energyband_low.mean": 0.07739291340112686, "lowlevel.spectral_energyband_low.stdev": 0.03577648103237152, "lowlevel.spectral_energyband_middle_high.mean": 0.00716745387762785, "lowlevel.spectral_energyband_middle_high.stdev": 0.004935120698064566, "lowlevel.spectral_energyband_middle_low.mean": 0.01165007147938013, "lowlevel.spectral_energyband_middle_low.stdev": 0.013972912915050983, "lowlevel.spectral_entropy.mean": 8.020822525024414, "lowlevel.spectral_entropy.stdev": 0.35561931133270264, "lowlevel.spectral_flux.mean": 0.1270918846130371, "lowlevel.spectral_flux.stdev": 0.07483278214931488, "lowlevel.spectral_kurtosis.mean": 2.247784376144409, "lowlevel.spectral_kurtosis.stdev": 1.3807512521743774, "lowlevel.spectral_rms.mean": 0.009663620963692665, "lowlevel.spectral_rms.stdev": 0.001841853023506701, "lowlevel.spectral_rolloff.mean": 892.5682983398438, "lowlevel.spectral_rolloff.stdev": 1319.591064453125, "lowlevel.spectral_skewness.mean": 1.198923945426941, "lowlevel.spectral_skewness.stdev": 0.30405813455581665, "lowlevel.spectral_spread.mean": 5790554.0, "lowlevel.spectral_spread.stdev": 1695299.375, "lowlevel.spectral_strongpeak.mean": 0.6527549624443054, "lowlevel.spectral_strongpeak.stdev": 0.42244815826416016, "lowlevel.zerocrossingrate.mean": 0.04642830416560173, "lowlevel.zerocrossingrate.stdev": 0.03308938816189766, "metadata.audio_properties.analysis.equal_loudness": 0.0, "metadata.audio_properties.analysis.length": 40.04265213012695, "metadata.audio_properties.analysis.sample_rate": 44100.0, "metadata.audio_properties.analysis.start_time": 0.0, "metadata.audio_properties.bit_rate": 124992.0, "metadata.audio_properties.length": 40.042667388916016, "metadata.audio_properties.lossless": 0.0, "metadata.audio_properties.number_channels": 1.0, "metadata.audio_properties.replay_gain": -13.427055358886719, "metadata.audio_properties.sample_rate": 48000.0, "rhythm.beats_count": 86.0, "rhythm.beats_loudness.mean": 0.07998443394899368, "rhythm.beats_loudness.stdev": 0.020145295187830925, "rhythm.bpm": 129.879638671875, "rhythm.bpm_histogram_first_peak_bpm": 129.0, "rhythm.bpm_histogram_first_peak_weight": 0.22891563177108765, "rhythm.bpm_histogram_second_peak_bpm": 136.0, "rhythm.bpm_histogram_second_peak_spread": 0.0, "rhythm.bpm_histogram_second_peak_weight": 0.0235294122248888, "rhythm.danceability": 1.2358039617538452, "rhythm.onset_rate": 4.54381799697876, "tonal.chords_changes_rate": 0.06828703731298447, "tonal.chords_number_rate": 0.010416666977107525, "tonal.chords_strength.mean": 0.49744802713394165, "tonal.chords_strength.stdev": 0.09241307526826859, "tonal.hpcp_crest.mean": 12.549602508544922, "tonal.hpcp_crest.stdev": 5.2566938400268555, "tonal.hpcp_entropy.mean": 2.1696388721466064, "tonal.hpcp_entropy.stdev": 0.7635635137557983, "tonal.key_edma.strength": 0.6983208060264587, "tonal.key_krumhansl.strength": 0.7042767405509949, "tonal.key_temperley.strength": 0.6989184617996216, "tonal.tuning_diatonic_strength": 0.6461459994316101, "tonal.tuning_equal_tempered_deviation": 0.23749499022960663, "tonal.tuning_frequency": 434.193115234375, "tonal.tuning_nontempered_energy_ratio": 0.9117502570152283, "lowlevel.barkbands.mean": [0.006955320481210947, 0.06734047830104828, 0.0029545824509114027, 0.002116224728524685, 0.0025072426069527864, 0.0009611521381884813, 0.0012142457999289036, 0.001885905978269875, 0.002664935775101185, 0.0008413883624598384, 0.0009895861148834229, 0.0013987994752824306, 0.0009110700921155512, 0.0006507229409180582, 0.0005783024826087058, 0.0006771357147954404, 0.00035106969880871475, 0.0002536383690312505, 0.0004904922679997981, 0.00040761777199804783, 0.0005472349002957344, 0.0006864606402814388, 0.0005790838040411472, 0.0004832951526623219, 0.00042905836016871035, 0.0003025794867426157, 1.9927674657083116e-05], "lowlevel.barkbands.stdev": [0.008826857432723045, 0.03636607900261879, 0.009820048697292805, 0.006943114101886749, 0.006971036083996296, 0.0018544653430581093, 0.00269506243057549, 0.0034972589928656816, 0.004328161012381315, 0.0014752921415492892, 0.0017398250056430697, 0.00215431721881032, 0.0013185985153540969, 0.0010623555863276124, 0.0011617506388574839, 0.001484774285927415, 0.0003751345502678305, 0.00024538650177419186, 0.0005153350648470223, 0.00046604947419837117, 0.0006099313613958657, 0.000815546081867069, 0.0007317541167140007, 0.0006311601609922945, 0.0006337921367958188, 0.0005609182408079505, 4.8806756240082905e-05], "lowlevel.erbbands.mean": [2.8017148971557617, 11.604565620422363, 5.813317775726318, 5.946685791015625, 10.8707857131958, 5.255530834197998, 4.702653408050537, 9.289436340332031, 13.964994430541992, 26.625144958496094, 46.58635711669922, 54.51294708251953, 44.11985778808594, 33.7313346862793, 45.17589569091797, 52.06121063232422, 42.18128967285156, 35.34838104248047, 31.990520477294922, 29.021188735961914, 39.43013381958008, 20.241161346435547, 13.236557006835938, 20.942995071411133, 24.301666259765625, 18.932207107543945, 21.48538589477539, 21.925031661987305, 25.26091957092285, 21.31362533569336, 15.027724266052246, 10.19543743133545, 8.268084526062012, 5.318025588989258, 2.731360912322998, 1.3507983684539795, 0.5721032619476318, 0.09196565300226212, 0.0024091112427413464, 0.00018277937488164753], "lowlevel.erbbands.stdev": [1.4491277933120728, 8.98590087890625, 9.418701171875, 21.772809982299805, 29.93975830078125, 15.281652450561523, 12.294011116027832, 17.936920166015625, 31.198341369628906, 46.890811920166016, 82.4753646850586, 95.18318176269531, 69.90321350097656, 71.42137145996094, 64.72876739501953, 77.65657043457031, 57.985931396484375, 53.915157318115234, 54.574798583984375, 54.56171798706055, 87.03207397460938, 21.36090850830078, 12.431379318237305, 21.13582992553711, 25.28350257873535, 20.76387596130371, 23.643386840820312, 25.33379364013672, 30.4475154876709, 25.902156829833984, 18.93284034729004, 12.984140396118164, 11.28714370727539, 7.546284198760986, 4.410812854766846, 2.4342784881591797, 1.1220829486846924, 0.18366611003875732, 0.005152322351932526, 0.00013693900837097317], "lowlevel.gfcc.mean": [54.07744216918945, 60.52894973754883, -102.00631713867188, 43.335906982421875, -48.48279571533203, 42.86283874511719, -11.881988525390625, 27.606664657592773, -7.537964344024658, 18.03786277770996, -8.408674240112305, 7.543782711029053, -8.359006881713867], "lowlevel.melbands.mean": [0.02193419635295868, 0.0068025472573935986, 0.001166495610959828, 0.0005881604156456888, 0.0001613026252016425, 0.00020335966837592423, 0.00022823759354650974, 0.00032595114316791296, 0.00038553119520656765, 0.00035885063698515296, 0.00021438497060444206, 0.00012797235103789717, 0.0001444482186343521, 0.00015817949315533042, 0.00011613084643613547, 8.523845463059843e-05, 6.165308150229976e-05, 5.1302689826115966e-05, 4.3557789467740804e-05, 3.8596826925640926e-05, 4.6829158236505464e-05, 2.209368540206924e-05, 1.2043404240102973e-05, 1.2107773727620952e-05, 1.7263910194742493e-05, 1.9235574654885568e-05, 1.5269819414243102e-05, 1.1738447028619703e-05, 1.316038196819136e-05, 1.3142401257937308e-05, 1.2628838703676593e-05, 1.4414748875424266e-05, 1.3098494491714519e-05, 1.1754107617889531e-05, 9.007663720694836e-06, 7.097034540493041e-06, 5.937135938438587e-06, 6.069676146580605e-06, 5.04380113852676e-06, 4.264951712684706e-06], "lowlevel.melbands.stdev": [0.010866018943488598, 0.006039534695446491, 0.0034267017617821693, 0.0016671945340931416, 0.00041886133840307593, 0.00038664042949676514, 0.0004923308733850718, 0.0005528487963601947, 0.0006884479080326855, 0.0006045309128239751, 0.00034870937815867364, 0.000282824708847329, 0.00022274530783761293, 0.0002487637975718826, 0.0001973723410628736, 0.000123315243399702, 9.954369306797162e-05, 9.22161852940917e-05, 9.387956379214302e-05, 7.929470302769914e-05, 0.00010533813474467024, 2.3976575903361663e-05, 1.2169908586656675e-05, 1.2019488167425152e-05, 1.845327642513439e-05, 2.2029651518096216e-05, 1.873596374935005e-05, 1.3236671293270774e-05, 1.4965407899580896e-05, 1.5120852367545012e-05, 1.5337396689574234e-05, 1.784522464731708e-05, 1.593909109942615e-05, 1.5109588275663555e-05, 1.1788998563133646e-05, 9.246949048247188e-06, 7.840312719054054e-06, 8.461882316623814e-06, 7.095522050803993e-06, 6.28521684120642e-06], "lowlevel.melbands128.mean": [0.005987187381833792, 0.024134201928973198, 0.030246324837207794, 0.015323921106755733, 0.003885792102664709, 0.001421491033397615, 0.0011715323198586702, 0.0010277234250679612, 0.0013274666853249073, 0.0005219703889451921, 0.00020225648768246174, 0.00016122350643854588, 0.00015898366109468043, 0.0001437498431187123, 0.00020041763491462916, 0.0002507766766939312, 0.0001978037180379033, 0.00020782879437319934, 0.0002896662917919457, 0.00026096164947375655, 0.00037274666829034686, 0.0004596532671712339, 0.0003550112305674702, 0.0003662806120701134, 0.000319387239869684, 0.0003791601920966059, 0.00041071060695685446, 0.00015197029279079288, 0.00010881864000111818, 9.768054587766528e-05, 0.00014965710579417646, 0.00015772937331348658, 0.0001355676504317671, 0.0001228295877808705, 0.00020708150987047702, 0.00014301865303423256, 0.00012779029202647507, 0.00012752100883517414, 0.0001043960073729977, 8.104749576887116e-05, 7.87240787758492e-05, 9.612092981114984e-05, 5.7468405429972336e-05, 4.5043470890959725e-05, 5.9928079281235114e-05, 4.642491330741905e-05, 5.066032099421136e-05, 4.947850538883358e-05, 3.800006379606202e-05, 3.44188665621914e-05, 3.306647704448551e-05, 4.56331399618648e-05, 6.368297181325033e-05, 4.007397365057841e-05, 2.766267061815597e-05, 2.238829074485693e-05, 1.5347990483860485e-05, 1.211450307891937e-05, 1.1561398423509672e-05, 1.0089577699545771e-05, 1.1592927876336034e-05, 1.3772741112916265e-05, 1.5072837413754314e-05, 1.8647944671101868e-05, 2.0363942894618958e-05, 1.984482878469862e-05, 1.8549724700278603e-05, 1.6425212379544973e-05, 1.4786237443331629e-05, 1.355169115413446e-05, 1.0460471457918175e-05, 1.1417949281167239e-05, 1.29451009343029e-05, 1.3656394912686665e-05, 1.2933345715282485e-05, 1.431866257917136e-05, 1.2547710866783746e-05, 1.1641785931715276e-05, 1.2856336070399266e-05, 1.3106418009556364e-05, 1.4221052879292984e-05, 1.5210769561235793e-05, 1.4651344827143475e-05, 1.318605791311711e-05, 1.1454601008153986e-05, 1.1183519745827653e-05, 1.2303286894166376e-05, 1.2123009582865052e-05, 8.017298569029663e-06, 7.513612217735499e-06, 7.996662134246435e-06, 7.0174442043935414e-06, 5.6770281844364945e-06, 5.723734830098692e-06, 6.0909815147169866e-06, 6.452544312196551e-06, 6.239271442609606e-06, 5.272370344755473e-06, 4.959011221217224e-06, 4.987296961189713e-06, 4.832297690882115e-06, 3.961883976444369e-06, 3.965966698160628e-06, 3.4268769013579004e-06, 3.106948270215071e-06, 2.618562803036184e-06, 2.484407104930142e-06, 2.4572050278948154e-06, 2.481484216332319e-06, 2.081771526718512e-06, 1.9718352177733323e-06, 2.033607870544074e-06, 2.0511811271717306e-06, 1.6208223314606585e-06, 1.1823644854302984e-06, 9.523965331936779e-07, 6.279397553043964e-07, 2.083555585841168e-07, 3.3826115242163723e-08, 3.2441074826472516e-10, 1.9052578958955735e-10, 1.1076442540947085e-10, 8.956304448082264e-11, 8.553242836217834e-11, 6.38069111436046e-11, 2.7238360872372525e-11, 9.60652217496527e-12, 7.234956991147845e-12], "lowlevel.melbands128.stdev": [0.008200296200811863, 0.015404344536364079, 0.019527576863765717, 0.01388515718281269, 0.005617176182568073, 0.005299003329128027, 0.005212896503508091, 0.0028883274644613266, 0.0039067440666258335, 0.0017635683761909604, 0.0007125507108867168, 0.0004658597463276237, 0.00049840152496472, 0.0003887193452101201, 0.0004404922656249255, 0.0005844223778694868, 0.0005843467079102993, 0.0006238736677914858, 0.0007835465366952121, 0.0006270710728131235, 0.0008341851644217968, 0.0010774311376735568, 0.0008908715681172907, 0.0009827060857787728, 0.0008900485117919743, 0.0007932577282190323, 0.000879820785485208, 0.000293381221126765, 0.00024184479843825102, 0.00024130444217007607, 0.0004935882752761245, 0.0003441051230765879, 0.0002911954070441425, 0.00026651457301340997, 0.0004368541995063424, 0.00028419928275980055, 0.0002827197895385325, 0.00027889583725482225, 0.0002228047960670665, 0.0001556007337057963, 0.00014382907829713076, 0.0002203647600254044, 0.00012525529018603265, 8.90368755790405e-05, 0.00013896975724492222, 0.00011207052011741325, 0.00012404288281686604, 0.00014827895211055875, 0.00012337722000665963, 8.071957563515753e-05, 8.058347884798422e-05, 0.00015821709530428052, 0.00020483392290771008, 8.397170313401148e-05, 3.7638437788700685e-05, 2.8925183869432658e-05, 1.9389070075703785e-05, 1.4388161616807338e-05, 1.4272808584792074e-05, 1.1942824130528606e-05, 1.3757632586930413e-05, 1.6453011994599365e-05, 1.775246528268326e-05, 2.558411688369233e-05, 3.029315485036932e-05, 2.8629689040826634e-05, 2.3635549950995483e-05, 2.2271236957749352e-05, 2.3631144358660094e-05, 2.037915874097962e-05, 1.3418587514024694e-05, 1.4522333913191687e-05, 1.696662002359517e-05, 1.766052082530223e-05, 1.663752664171625e-05, 1.8069233192363754e-05, 1.583680023031775e-05, 1.5567416994599625e-05, 1.7782627764972858e-05, 1.798393714125268e-05, 1.9332013835082762e-05, 2.1299665604601614e-05, 1.9722683646250516e-05, 1.737951060931664e-05, 1.56004916789243e-05, 1.5130467545532156e-05, 1.8104352420778014e-05, 1.9180308299837634e-05, 1.1328706023050472e-05, 1.0312308404536452e-05, 1.193170919577824e-05, 9.845714885159396e-06, 8.122079634631518e-06, 8.434156370640267e-06, 9.025848157762084e-06, 9.669549399404787e-06, 9.591086381988134e-06, 8.023065674933605e-06, 7.538614227087237e-06, 7.749141332169529e-06, 7.384080618066946e-06, 6.448294243455166e-06, 6.7281675910635386e-06, 6.1116452343412675e-06, 5.605151272902731e-06, 5.1696865739359055e-06, 4.5974747990840115e-06, 4.384185558592435e-06, 5.149958269612398e-06, 4.4153648559586145e-06, 4.217095465719467e-06, 4.291717687010532e-06, 4.502449428400723e-06, 3.5141115404258016e-06, 2.3914371922728606e-06, 2.079815430988674e-06, 1.453972572562634e-06, 7.626231308677234e-07, 2.0381520471346448e-07, 7.478245578340648e-09, 3.3043083824679798e-09, 9.328992023327487e-10, 6.948786546168151e-10, 6.686399767197315e-10, 5.123961810404865e-10, 1.7047507849810017e-10, 2.2513452907491072e-11, 9.779147110144937e-12], "lowlevel.mfcc.mean": [-590.8948364257812, 90.65150451660156, 12.370479583740234, 18.160005569458008, 4.051341533660889, 22.205364227294922, 15.130507469177246, 18.87781524658203, 16.236412048339844, 15.671257019042969, 14.957338333129883, 11.387603759765625, 11.764397621154785], "lowlevel.spectral_contrast_coeffs.mean": [-0.7155271172523499, -0.7626394629478455, -0.7808191180229187, -0.8046528697013855, -0.810834527015686, -0.742118239402771], "lowlevel.spectral_contrast_coeffs.stdev": [0.07344961911439896, 0.08035966753959656, 0.06277068704366684, 0.046884313225746155, 0.027781059965491295, 0.03358734771609306], "lowlevel.spectral_contrast_valleys.mean": [-6.64616060256958, -6.562257766723633, -6.743866443634033, -7.0398125648498535, -6.944817543029785, -9.294008255004883], "lowlevel.spectral_contrast_valleys.stdev": [0.606027364730835, 0.6500638723373413, 0.5974051356315613, 0.5506391525268555, 0.6074642539024353, 0.9807451367378235], "rhythm.beats_loudness_band_ratio.mean": [0.6535113453865051, 0.09772280603647232, 0.09070026874542236, 0.0655796229839325, 0.04251321405172348, 0.12451036274433136], "rhythm.beats_loudness_band_ratio.stdev": [0.1647796779870987, 0.09886647760868073, 0.08077017217874527, 0.06972364336252213, 0.03712448850274086, 0.07546108961105347], "tonal.hpcp.mean": [0.02244894951581955, 0.019504226744174957, 0.025767888873815536, 0.03378135338425636, 0.031497448682785034, 0.03200756013393402, 0.18347737193107605, 0.39021262526512146, 0.25292766094207764, 0.04093923419713974, 0.026595452800393105, 0.03049367479979992, 0.0467127226293087, 0.05641460046172142, 0.044865626841783524, 0.03280462697148323, 0.02707473747432232, 0.039334479719400406, 0.09690313786268234, 0.1431674212217331, 0.10919815301895142, 0.0762828066945076, 0.07673650979995728, 0.06597916036844254, 0.05162588879466057, 0.04818344488739967, 0.12971891462802887, 0.21564051508903503, 0.1513507068157196, 0.08869913965463638, 0.0760897621512413, 0.03644520044326782, 0.01970115676522255, 0.022642290219664574, 0.025084277614951134, 0.02524363249540329], "tonal.hpcp.stdev": [0.10553023964166641, 0.09657729417085648, 0.1106659397482872, 0.11951543390750885, 0.10935617238283157, 0.11950041353702545, 0.2708771526813507, 0.46936970949172974, 0.3364875018596649, 0.14336562156677246, 0.10978148132562637, 0.11448279023170471, 0.13323643803596497, 0.15837743878364563, 0.13870234787464142, 0.12135355174541473, 0.09962257742881775, 0.12943744659423828, 0.2301284521818161, 0.31436365842819214, 0.24862930178642273, 0.2070084512233734, 0.2066998928785324, 0.18622232973575592, 0.16685010492801666, 0.15637320280075073, 0.26089924573898315, 0.36627593636512756, 0.26917359232902527, 0.20987051725387573, 0.21267317235469818, 0.13061898946762085, 0.08596194535493851, 0.08812834322452545, 0.10510538518428802, 0.11055824905633926], "rhythm.beats_position": [0.4760090708732605, 0.952018141746521, 1.4164172410964966, 1.8808163404464722, 2.345215320587158, 2.798004388809204, 3.250793695449829, 3.7151927947998047, 4.179591655731201, 4.643990993499756, 5.108389854431152, 5.572789192199707, 6.025578022003174, 6.478367328643799, 6.942766189575195, 7.40716552734375, 7.8715643882751465, 8.335963249206543, 8.800362586975098, 9.264761924743652, 9.729161262512207, 10.170339584350586, 10.63473892211914, 11.099138259887695, 11.56353759765625, 12.027935981750488, 12.492335319519043, 12.956734657287598, 13.421133995056152, 13.873922348022461, 14.338321685791016, 14.79111099243164, 15.255510330200195, 15.719908714294434, 16.184309005737305, 16.648706436157227, 17.11310577392578, 17.565895080566406, 18.01868438720703, 18.483083724975586, 18.94748306274414, 19.411882400512695, 19.87628173828125, 20.340679168701172, 20.805078506469727, 21.26947784423828, 21.722267150878906, 22.17505645751953, 22.639455795288086, 23.10385513305664, 23.568254470825195, 24.032651901245117, 24.497051239013672, 24.961450576782227, 25.41423988342285, 25.867029190063477, 26.33142852783203, 26.795827865600586, 27.26022720336914, 27.724624633789062, 28.189023971557617, 28.641813278198242, 29.094602584838867, 29.559001922607422, 30.023401260375977, 30.48780059814453, 30.952198028564453, 31.416597366333008, 31.880996704101562, 32.33378601074219, 32.79818344116211, 33.250972747802734, 33.71537399291992, 34.179771423339844, 34.64417266845703, 35.10857009887695, 35.57297134399414, 36.025760650634766, 36.49015808105469, 36.94294738769531, 37.407344818115234, 37.87174606323242, 38.336143493652344, 38.80054473876953, 39.26494216918945, 39.70612335205078], "rhythm.bpm_histogram": [0.0, 0.0, 0.0, 0.0, 0.0, 0.0, 0.0, 0.0, 0.0, 0.0, 0.0, 0.0, 0.0, 0.0, 0.0, 0.0, 0.0, 0.0, 0.0, 0.0, 0.0, 0.0, 0.0, 0.0, 0.0, 0.0, 0.0, 0.0, 0.0, 0.0, 0.0, 0.0, 0.0, 0.0, 0.0, 0.0, 0.0, 0.0, 0.0, 0.0, 0.0, 0.0, 0.0, 0.0, 0.0, 0.0, 0.0, 0.0, 0.0, 0.0, 0.0, 0.0, 0.0, 0.0, 0.0, 0.0, 0.0, 0.0, 0.0, 0.0, 0.0, 0.0, 0.0, 0.0, 0.0, 0.0, 0.0, 0.0, 0.0, 0.0, 0.0, 0.0, 0.0, 0.0, 0.0, 0.0, 0.0, 0.0, 0.0, 0.0, 0.0, 0.0, 0.0, 0.0, 0.0, 0.0, 0.0, 0.0, 0.0, 0.0, 0.0, 0.0, 0.0, 0.0, 0.0, 0.0, 0.0, 0.0, 0.0, 0.0, 0.0, 0.0, 0.0, 0.0, 0.0, 0.0, 0.0, 0.0, 0.0, 0.0, 0.0, 0.0, 0.0, 0.0, 0.0, 0.0, 0.0, 0.0, 0.0, 0.0, 0.0, 0.0, 0.0, 0.0, 0.0, 0.0, 0.0117647061124444, 0.0, 0.0, 0.7529411911964417, 0.0, 0.0, 0.0, 0.21176470816135406, 0.0, 0.0, 0.0235294122248888, 0.0, 0.0, 0.0, 0.0, 0.0, 0.0, 0.0, 0.0, 0.0, 0.0, 0.0, 0.0, 0.0, 0.0, 0.0, 0.0, 0.0, 0.0, 0.0, 0.0, 0.0, 0.0, 0.0, 0.0, 0.0, 0.0, 0.0, 0.0, 0.0, 0.0, 0.0, 0.0, 0.0, 0.0, 0.0, 0.0, 0.0, 0.0, 0.0, 0.0, 0.0, 0.0, 0.0, 0.0, 0.0, 0.0, 0.0, 0.0, 0.0, 0.0, 0.0, 0.0, 0.0, 0.0, 0.0, 0.0, 0.0, 0.0, 0.0, 0.0, 0.0, 0.0, 0.0, 0.0, 0.0, 0.0, 0.0, 0.0, 0.0, 0.0, 0.0, 0.0, 0.0, 0.0, 0.0, 0.0, 0.0, 0.0, 0.0, 0.0, 0.0, 0.0, 0.0, 0.0, 0.0, 0.0, 0.0, 0.0, 0.0, 0.0, 0.0, 0.0, 0.0, 0.0, 0.0, 0.0, 0.0, 0.0, 0.0, 0.0, 0.0, 0.0, 0.0, 0.0, 0.0, 0.0, 0.0, 0.0, 0.0, 0.0, 0.0, 0.0, 0.0], "tonal.chords_histogram": [56.36574172973633, 0.0, 5.671296119689941, 0.0, 0.0, 0.0, 1.0416666269302368, 3.2407407760620117, 0.0, 0.0, 0.0, 0.0, 0.0, 0.0, 1.0416666269302368, 0.0, 0.0, 21.412036895751953, 0.0, 7.291666507720947, 0.11574073880910873, 2.1990740299224854, 0.0, 1.6203703880310059], "tonal.thpcp": [1.0, 0.6481790542602539, 0.10491519421339035, 0.06815630942583084, 0.0781463012099266, 0.11971094459295273, 0.14457400143146515, 0.1149773821234703, 0.08406859636306763, 0.06938457489013672, 0.10080268234014511, 0.24833419919013977, 0.3668959140777588, 0.27984270453453064, 0.19549036026000977, 0.1966530680656433, 0.16908514499664307, 0.1323019415140152, 0.12347997725009918, 0.3324313759803772, 0.5526230931282043, 0.387867271900177, 0.22730976343154907, 0.19499564170837402, 0.0933983102440834, 0.05048825964331627, 0.05802552029490471, 0.06428361684083939, 0.06469199061393738, 0.05753004550933838, 0.049983587116003036, 0.06603550910949707, 0.08657165616750717, 0.08071868121623993, 0.08202594518661499, 0.47019845247268677], "lowlevel.gfcc.cov": [[3459.81005859375, -1177.2562255859375, 366.2007141113281, -217.96923828125, -328.2898254394531, -123.8686752319336, -502.4810485839844, 69.87966918945312, -307.1291198730469, 217.88711547851562, -323.1457824707031, 179.27056884765625, -274.57696533203125], [-1177.2562255859375, 1367.0072021484375, -371.5953674316406, -38.98809814453125, 87.40766906738281, -77.2231216430664, 298.5958557128906, -70.03627014160156, 185.504638671875, -190.75784301757812, 201.01992797851562, -134.10000610351562, 170.38063049316406], [366.2007141113281, -371.5953674316406, 589.6859130859375, 61.64737319946289, 66.43257141113281, -7.726393222808838, -165.08706665039062, -47.144432067871094, -111.11011505126953, 31.027359008789062, -108.03546905517578, 41.07087707519531, -91.51741790771484], [-217.96923828125, -38.98809814453125, 61.64737319946289, 286.79718017578125, 78.37030029296875, -7.09655237197876, -96.74346923828125, -86.98909759521484, -4.783522605895996, -39.584503173828125, -11.041519165039062, -29.3304386138916, 37.69987869262695], [-328.2898254394531, 87.40766906738281, 66.43257141113281, 78.37030029296875, 264.331787109375, 81.6296157836914, 63.42294692993164, -1.0476150512695312, 73.30256652832031, 24.506845474243164, 28.320037841796875, -18.65973472595215, 26.957733154296875], [-123.8686752319336, -77.2231216430664, -7.726393222808838, -7.09655237197876, 81.6296157836914, 185.8992919921875, 140.47340393066406, 64.75003051757812, 16.041950225830078, 15.03700065612793, 12.378300666809082, -16.774324417114258, -2.0613396167755127], [-502.4810485839844, 298.5958557128906, -165.08706665039062, -96.74346923828125, 63.42294692993164, 140.47340393066406, 405.0644226074219, 136.39413452148438, 83.21263885498047, -45.01648712158203, 98.47355651855469, -34.38629913330078, 36.12495422363281], [69.87966918945312, -70.03627014160156, -47.144432067871094, -86.98909759521484, -1.0476150512695312, 64.75003051757812, 136.39413452148438, 171.30320739746094, 62.77418518066406, 50.58574295043945, 23.597475051879883, 20.24143409729004, -0.2269749492406845], [-307.1291198730469, 185.504638671875, -111.11011505126953, -4.783522605895996, 73.30256652832031, 16.041950225830078, 83.21263885498047, 62.77418518066406, 174.767822265625, 48.68491744995117, 87.10184478759766, -5.340764999389648, 66.53718566894531], [217.88711547851562, -190.75784301757812, 31.027359008789062, -39.584503173828125, 24.506845474243164, 15.03700065612793, -45.01648712158203, 50.58574295043945, 48.68491744995117, 150.76055908203125, 34.36724853515625, 53.37137985229492, -20.38507652282715], [-323.1457824707031, 201.01992797851562, -108.03546905517578, -11.041519165039062, 28.320037841796875, 12.378300666809082, 98.47355651855469, 23.597475051879883, 87.10184478759766, 34.36724853515625, 139.2792510986328, 26.73797035217285, 59.060157775878906], [179.27056884765625, -134.10000610351562, 41.07087707519531, -29.3304386138916, -18.65973472595215, -16.774324417114258, -34.38629913330078, 20.24143409729004, -5.340764999389648, 53.37137985229492, 26.73797035217285, 102.37933349609375, 18.334815979003906], [-274.57696533203125, 170.38063049316406, -91.51741790771484, 37.69987869262695, 26.957733154296875, -2.0613396167755127, 36.12495422363281, -0.2269749492406845, 66.53718566894531, -20.38507652282715, 59.060157775878906, 18.334815979003906, 114.87501525878906]], "lowlevel.gfcc.icov": [[0.0007017552852630615, -0.00010127577115781605, 8.723322389414534e-05, 0.0001383619528496638, 0.0003887737693730742, -5.220076491241343e-05, 0.0005190838128328323, -0.000636732205748558, 0.000550749828107655, -0.0008711086120456457, 0.0013224948197603226, -0.0009634161833673716, 0.0005952406208962202], [-0.00010127577115781605, 0.0030758390203118324, 0.00017161913274321705, 0.0017643801402300596, -0.0012839226983487606, 0.002533048391342163, -0.0012195612071081996, 0.0018581936601549387, -0.001255277544260025, 0.003128407523036003, -0.003695444203913212, 0.0036584080662578344, -0.0019142364617437124], [8.723322389414534e-05, 0.00017161913274321705, 0.002833317033946514, -0.0003219858626835048, -0.0014347770484164357, 0.00018267289851792157, 0.0005748928524553776, -0.0001763090695021674, 0.0007782503380440176, 0.00029077462386339903, 0.0010483316145837307, -0.0018741483800113201, 0.0018366713775321841], [0.0001383619528496638, 0.0017643801402300596, -0.0003219858626835048, 0.006671045906841755, -0.002200186951085925, 0.0004353183612693101, 0.00180290755815804, 0.0014497360680252314, -0.00020322127966210246, 0.0032597242388874292, -0.003164258785545826, 0.0037608968559652567, -0.0030492607038468122], [0.0003887737693730742, -0.0012839226983487606, -0.0014347770484164357, -0.002200186951085925, 0.007652139291167259, -0.0033688147086650133, -0.0012249320279806852, 0.0019470341503620148, -0.002943557919934392, -0.0036345766857266426, 0.00363144394941628, -0.001650050631724298, 0.00040175975300371647], [-5.220076491241343e-05, 0.002533048391342163, 0.00018267289851792157, 0.0004353183612693101, -0.0033688147086650133, 0.012198242358863354, -0.0051108733750879765, -0.00011840527440654114, 0.0024512482341378927, -0.0014982287539169192, -0.0011397474445402622, 0.0049224840477108955, -0.0031479911413043737], [0.0005190838128328323, -0.0012195612071081996, 0.0005748928524553776, 0.00180290755815804, -0.0012249320279806852, -0.0051108733750879765, 0.010537504218518734, -0.007462584413588047, 0.001168981660157442, 0.005747328512370586, -0.005228098947554827, -0.0003501339815557003, 0.002869708463549614], [-0.000636732205748558, 0.0018581936601549387, -0.0001763090695021674, 0.0014497360680252314, 0.0019470341503620148, -0.00011840527440654114, -0.007462584413588047, 0.016558529809117317, -0.0070719486102461815, -0.00268722465261817, 0.0036554925609380007, -0.0011443354887887836, -0.0010511837899684906], [0.000550749828107655, -0.001255277544260025, 0.0007782503380440176, -0.00020322127966210246, -0.002943557919934392, 0.0024512482341378927, 0.001168981660157442, -0.0070719486102461815, 0.01796223782002926, -0.007664183620363474, -0.0030873967334628105, 0.005644139833748341, -0.006859462708234787], [-0.0008711086120456457, 0.003128407523036003, 0.00029077462386339903, 0.0032597242388874292, -0.0036345766857266426, -0.0014982287539169192, 0.005747328512370586, -0.00268722465261817, -0.007664183620363474, 0.02292824164032936, -0.011941247619688511, -0.0024010008201003075, 0.006483516190201044], [0.0013224948197603226, -0.003695444203913212, 0.0010483316145837307, -0.003164258785545826, 0.00363144394941628, -0.0011397474445402622, -0.005228098947554827, 0.0036554925609380007, -0.0030873967334628105, -0.011941247619688511, 0.025816166773438454, -0.011067895218729973, -0.0005426292191259563], [-0.0009634161833673716, 0.0036584080662578344, -0.0018741483800113201, 0.0037608968559652567, -0.001650050631724298, 0.0049224840477108955, -0.0003501339815557003, -0.0011443354887887836, 0.005644139833748341, -0.0024010008201003075, -0.011067895218729973, 0.025259681046009064, -0.011909366585314274], [0.0005952406208962202, -0.0019142364617437124, 0.0018366713775321841, -0.0030492607038468122, 0.00040175975300371647, -0.0031479911413043737, 0.002869708463549614, -0.0010511837899684906, -0.006859462708234787, 0.006483516190201044, -0.0005426292191259563, -0.011909366585314274, 0.021679094061255455]], "lowlevel.mfcc.cov": [[3172.4814453125, -798.1168823242188, 186.2349090576172, -190.2688446044922, -57.04690170288086, -245.41253662109375, -227.4749755859375, -222.6826629638672, -136.8992462158203, -70.96622467041016, -72.42911529541016, -91.7706527709961, -99.6072006225586], [-798.1168823242188, 1028.6275634765625, -215.39126586914062, -2.2062439918518066, -127.75545501708984, -8.007012367248535, 72.06558227539062, 101.81219482421875, 53.88837814331055, 7.881549835205078, 53.765968322753906, 23.70059585571289, 56.757904052734375], [186.2349090576172, -215.39126586914062, 378.72857666015625, 60.77082061767578, 90.06360626220703, -7.902685165405273, -45.62189483642578, -59.525936126708984, -60.52668762207031, -63.46297836303711, -71.40739440917969, -37.26373291015625, -34.7621955871582], [-190.2688446044922, -2.2062439918518066, 60.77082061767578, 222.05996704101562, 116.96720123291016, 36.57035446166992, -57.758060455322266, -43.176177978515625, -34.17586135864258, -29.572355270385742, -67.0357666015625, -27.490697860717773, 3.293295383453369], [-57.04690170288086, -127.75545501708984, 90.06360626220703, 116.96720123291016, 273.1953430175781, 85.84881591796875, -78.56932830810547, -88.51499938964844, -16.16216468811035, 4.544319152832031, -45.13148880004883, -22.256120681762695, 10.204347610473633], [-245.41253662109375, -8.007012367248535, -7.902685165405273, 36.57035446166992, 85.84881591796875, 152.48001098632812, 63.32765579223633, 14.170914649963379, 11.674715042114258, 9.9304838180542, 10.6917142868042, 10.388711929321289, -11.105424880981445], [-227.4749755859375, 72.06558227539062, -45.62189483642578, -57.758060455322266, -78.56932830810547, 63.32765579223633, 210.607421875, 130.972412109375, 60.08050537109375, 33.99224090576172, 63.94538497924805, 27.2169246673584, -13.003647804260254], [-222.6826629638672, 101.81219482421875, -59.525936126708984, -43.176177978515625, -88.51499938964844, 14.170914649963379, 130.972412109375, 159.68728637695312, 82.39419555664062, 33.007843017578125, 42.77750778198242, 18.930641174316406, 0.14025257527828217], [-136.8992462158203, 53.88837814331055, -60.52668762207031, -34.17586135864258, -16.16216468811035, 11.674715042114258, 60.08050537109375, 82.39419555664062, 114.75091552734375, 66.47010803222656, 41.13868713378906, 10.46457290649414, 11.904285430908203], [-70.96622467041016, 7.881549835205078, -63.46297836303711, -29.572355270385742, 4.544319152832031, 9.9304838180542, 33.99224090576172, 33.007843017578125, 66.47010803222656, 110.30853271484375, 67.8162612915039, 23.866003036499023, 19.930566787719727], [-72.42911529541016, 53.765968322753906, -71.40739440917969, -67.0357666015625, -45.13148880004883, 10.6917142868042, 63.94538497924805, 42.77750778198242, 41.13868713378906, 67.8162612915039, 109.62470245361328, 49.26447296142578, 18.061098098754883], [-91.7706527709961, 23.70059585571289, -37.26373291015625, -27.490697860717773, -22.256120681762695, 10.388711929321289, 27.2169246673584, 18.930641174316406, 10.46457290649414, 23.866003036499023, 49.26447296142578, 87.02468872070312, 57.506351470947266], [-99.6072006225586, 56.757904052734375, -34.7621955871582, 3.293295383453369, 10.204347610473633, -11.105424880981445, -13.003647804260254, 0.14025257527828217, 11.904285430908203, 19.930566787719727, 18.061098098754883, 57.506351470947266, 115.51856231689453]], "lowlevel.mfcc.icov": [[0.0005477688973769546, 0.0003695876512210816, 1.9254181097494438e-05, 0.00049302022671327, 5.271088230074383e-05, 0.0006631974829360843, 5.427456562756561e-05, 0.0004956194898113608, 9.824860171647742e-05, 0.00011936183727812022, -6.1030383221805096e-05, 0.00033550895750522614, 0.00015888077905401587], [0.0003695876512210816, 0.001518669188953936, 0.0005792905576527119, -0.00018688406271394342, 0.0005073966458439827, 0.00031777474214322865, 0.00011149823694722727, -7.445532537531108e-05, -0.00023643655003979802, 0.001003120793029666, -0.0009729434968903661, 0.0010506320977583528, -0.0007690717466175556], [1.9254181097494438e-05, 0.0005792905576527119, 0.003801572835072875, -0.00024338778166566044, -0.0015122061595320702, 0.0014678097795695066, -0.0010556054767221212, 8.474451169604436e-05, 0.0007076317560859025, 0.0013592940522357821, 0.0007275352836586535, -0.00017067424778360873, 0.0007024293881841004], [0.00049302022671327, -0.00018688406271394342, -0.00024338778166566044, 0.007703752256929874, -0.0023472823668271303, -0.0005116300308145583, 0.0011225665220990777, -0.0013859384926036, 0.0023831981234252453, -0.001257325173355639, 0.0036349392030388117, 0.000550098717212677, -0.00036054544034413993], [5.271088230074383e-05, 0.0005073966458439827, -0.0015122061595320702, -0.0023472823668271303, 0.009505890309810638, -0.006144197192043066, 0.0024659994523972273, 0.003713452024385333, -0.002668917179107666, -0.002083791885524988, 0.0007087308331392705, 0.0021085580810904503, -0.002275202190503478], [0.0006631974829360843, 0.00031777474214322865, 0.0014678097795695066, -0.0005116300308145583, -0.006144197192043066, 0.01422817725688219, -0.006634931080043316, 0.0019133477471768856, 6.829325866419822e-05, 0.0016041009221225977, -7.044429821689846e-06, -0.0031775704119354486, 0.0033325133845210075], [5.427456562756561e-05, 0.00011149823694722727, -0.0010556054767221212, 0.0011225665220990777, 0.0024659994523972273, -0.006634931080043316, 0.01471704337745905, -0.010078064166009426, 0.0017325171502307057, -0.00018136606377083808, -0.003912785556167364, 0.0005814543110318482, 0.0006306253490038216], [0.0004956194898113608, -7.445532537531108e-05, 8.474451169604436e-05, -0.0013859384926036, 0.003713452024385333, 0.0019133477471768856, -0.010078064166009426, 0.02228146232664585, -0.012178906239569187, 0.0027658031322062016, 0.001424174988642335, -0.0011716365115717053, 0.00036179026938043535], [9.824860171647742e-05, -0.00023643655003979802, 0.0007076317560859025, 0.0023831981234252453, -0.002668917179107666, 6.829325866419822e-05, 0.0017325171502307057, -0.012178906239569187, 0.023121658712625504, -0.011147717945277691, 0.00197597942315042, 0.002651412971317768, -0.0012901962036266923], [0.00011936183727812022, 0.001003120793029666, 0.0013592940522357821, -0.001257325173355639, -0.002083791885524988, 0.0016041009221225977, -0.00018136606377083808, 0.0027658031322062016, -0.011147717945277691, 0.023393193259835243, -0.013338967226445675, 0.002280143555253744, -0.0015673813177272677], [-6.1030383221805096e-05, -0.0009729434968903661, 0.0007275352836586535, 0.0036349392030388117, 0.0007087308331392705, -7.044429821689846e-06, -0.003912785556167364, 0.001424174988642335, 0.00197597942315042, -0.013338967226445675, 0.026111729443073273, -0.0109033128246665, 0.003478282131254673], [0.00033550895750522614, 0.0010506320977583528, -0.00017067424778360873, 0.000550098717212677, 0.0021085580810904503, -0.0031775704119354486, 0.0005814543110318482, -0.0011716365115717053, 0.002651412971317768, 0.002280143555253744, -0.0109033128246665, 0.02632937580347061, -0.012787770479917526], [0.00015888077905401587, -0.0007690717466175556, 0.0007024293881841004, -0.00036054544034413993, -0.002275202190503478, 0.0033325133845210075, 0.0006306253490038216, 0.00036179026938043535, -0.0012901962036266923, -0.0015673813177272677, 0.003478282131254673, -0.012787770479917526, 0.016210483387112617]], "metadata.audio_properties.analysis.downmix": "mix", "metadata.audio_properties.codec": "mp3", "metadata.audio_properties.md5_encoded": "21ab7