{"song_id": "1182276858482524240", "download": "https://cdn.discordapp.com/attachments/1128313332273782784/1182276858482524240/chirp.mp4?ex=65841c20&amp", "lyrics": "[Chorus]\nNari vindzan\u00e9 (ri vindzan\u00e9), rissi soukouman\u00e9 (ch\u00e9riy\u00e9)\nMch\u00e9wangou (waw\u00e9 wangou) nari vindzan\u00e9 (za kw\u00e9li)\nRi vindzan\u00e9, ri paran\u00e9 (mch\u00e9wangou ri vindzan\u00e9 eh-eh-eh)\nZa kw\u00e9li ri paran\u00e9 (ri paran\u00e9), wami na waw\u00e9 (ri vindzan\u00e9)", "style": ["fast femele rnb"], "essentia_features": {"lowlevel.average_loudness": 0.9736606478691101, "lowlevel.barkbands_crest.mean": 13.354586601257324, "lowlevel.barkbands_crest.stdev": 5.616512775421143, "lowlevel.barkbands_flatness_db.mean": 0.1936323046684265, "lowlevel.barkbands_flatness_db.stdev": 0.09270543605089188, "lowlevel.barkbands_kurtosis.mean": 32.17768096923828, "lowlevel.barkbands_kurtosis.stdev": 100.45831298828125, "lowlevel.barkbands_skewness.mean": 3.080974578857422, "lowlevel.barkbands_skewness.stdev": 3.6025214195251465, "lowlevel.barkbands_spread.mean": 17.702014923095703, "lowlevel.barkbands_spread.stdev": 16.98908233642578, "lowlevel.dissonance.mean": 0.45671555399894714, "lowlevel.dissonance.stdev": 0.034168124198913574, "lowlevel.dynamic_complexity": 4.053291320800781, "lowlevel.erbbands_crest.mean": 11.514386177062988, "lowlevel.erbbands_crest.stdev": 5.898838043212891, "lowlevel.erbbands_flatness_db.mean": 0.15655136108398438, "lowlevel.erbbands_flatness_db.stdev": 0.045226775109767914, "lowlevel.erbbands_kurtosis.mean": 1.7571241855621338, "lowlevel.erbbands_kurtosis.stdev": 5.105251789093018, "lowlevel.erbbands_skewness.mean": 0.6846504807472229, "lowlevel.erbbands_skewness.stdev": 1.1143232583999634, "lowlevel.erbbands_spread.mean": 42.45472717285156, "lowlevel.erbbands_spread.stdev": 24.65277862548828, "lowlevel.hfc.mean": 17.2474365234375, "lowlevel.hfc.stdev": 28.840017318725586, "lowlevel.loudness_ebu128.integrated": -14.458230972290039, "lowlevel.loudness_ebu128.loudness_range": 1.3711719512939453, "lowlevel.loudness_ebu128.momentary.mean": -14.786810874938965, "lowlevel.loudness_ebu128.momentary.stdev": 1.796765685081482, "lowlevel.loudness_ebu128.short_term.mean": -14.364645004272461, "lowlevel.loudness_ebu128.short_term.stdev": 0.4930111765861511, "lowlevel.melbands_crest.mean": 20.318674087524414, "lowlevel.melbands_crest.stdev": 8.698539733886719, "lowlevel.melbands_flatness_db.mean": 0.2679429054260254, "lowlevel.melbands_flatness_db.stdev": 0.11593750864267349, "lowlevel.melbands_kurtosis.mean": 57.443180084228516, "lowlevel.melbands_kurtosis.stdev": 127.10456848144531, "lowlevel.melbands_skewness.mean": 4.320272922515869, "lowlevel.melbands_skewness.stdev": 3.9254651069641113, "lowlevel.melbands_spread.mean": 18.436071395874023, "lowlevel.melbands_spread.stdev": 22.864253997802734, "lowlevel.pitch_salience.mean": 0.4416501224040985, "lowlevel.pitch_salience.stdev": 0.17817412316799164, "lowlevel.silence_rate_20dB.mean": 1.0, "lowlevel.silence_rate_20dB.stdev": 0.0, "lowlevel.silence_rate_30dB.mean": 0.866061270236969, "lowlevel.silence_rate_30dB.stdev": 0.3405855894088745, "lowlevel.silence_rate_60dB.mean": 0.1418842226266861, "lowlevel.silence_rate_60dB.stdev": 0.34893256425857544, "lowlevel.spectral_centroid.mean": 1134.420166015625, "lowlevel.spectral_centroid.stdev": 796.52099609375, "lowlevel.spectral_complexity.mean": 11.0760498046875, "lowlevel.spectral_complexity.stdev": 12.143656730651855, "lowlevel.spectral_decrease.mean": -1.0297807051529162e-08, "lowlevel.spectral_decrease.stdev": 1.5531142594227276e-08, "lowlevel.spectral_energy.mean": 0.04043066129088402, "lowlevel.spectral_energy.stdev": 0.05920376628637314, "lowlevel.spectral_energyband_high.mean": 0.0008961607818491757, "lowlevel.spectral_energyband_high.stdev": 0.0022754950914531946, "lowlevel.spectral_energyband_low.mean": 0.029915308579802513, "lowlevel.spectral_energyband_low.stdev": 0.05872684344649315, "lowlevel.spectral_energyband_middle_high.mean": 0.003224580781534314, "lowlevel.spectral_energyband_middle_high.stdev": 0.005816053599119186, "lowlevel.spectral_energyband_middle_low.mean": 0.006738625001162291, "lowlevel.spectral_energyband_middle_low.stdev": 0.00698804622516036, "lowlevel.spectral_entropy.mean": 7.433990955352783, "lowlevel.spectral_entropy.stdev": 0.5401903986930847, "lowlevel.spectral_flux.mean": 0.10357735306024551, "lowlevel.spectral_flux.stdev": 0.09634815156459808, "lowlevel.spectral_kurtosis.mean": 4.56671667098999, "lowlevel.spectral_kurtosis.stdev": 2.516434907913208, "lowlevel.spectral_rms.mean": 0.0050296480767428875, "lowlevel.spectral_rms.stdev": 0.0037612805608659983, "lowlevel.spectral_rolloff.mean": 1312.8656005859375, "lowlevel.spectral_rolloff.stdev": 2026.095947265625, "lowlevel.spectral_skewness.mean": 1.6535148620605469, "lowlevel.spectral_skewness.stdev": 0.4615178108215332, "lowlevel.spectral_spread.mean": 5201337.0, "lowlevel.spectral_spread.stdev": 1601066.625, "lowlevel.spectral_strongpeak.mean": 0.6783757209777832, "lowlevel.spectral_strongpeak.stdev": 0.7861632108688354, "lowlevel.zerocrossingrate.mean": 0.05189637094736099, "lowlevel.zerocrossingrate.stdev": 0.04838644713163376, "metadata.audio_properties.analysis.equal_loudness": 0.0, "metadata.audio_properties.analysis.length": 20.415987014770508, "metadata.audio_properties.analysis.sample_rate": 44100.0, "metadata.audio_properties.analysis.start_time": 0.0, "metadata.audio_properties.bit_rate": 123737.0, "metadata.audio_properties.length": 20.416000366210938, "metadata.audio_properties.lossless": 0.0, "metadata.audio_properties.number_channels": 1.0, "metadata.audio_properties.replay_gain": -12.895759582519531, "metadata.audio_properties.sample_rate": 48000.0, "rhythm.beats_count": 33.0, "rhythm.beats_loudness.mean": 0.053486697375774384, "rhythm.beats_loudness.stdev": 0.06370959430932999, "rhythm.bpm": 99.8766098022461, "rhythm.bpm_histogram_first_peak_bpm": 99.0, "rhythm.bpm_histogram_first_peak_weight": 0.25, "rhythm.bpm_histogram_second_peak_bpm": 94.0, "rhythm.bpm_histogram_second_peak_spread": 0.0, "rhythm.bpm_histogram_second_peak_weight": 0.125, "rhythm.danceability": 1.6971635818481445, "rhythm.onset_rate": 5.774813652038574, "tonal.chords_changes_rate": 0.054421767592430115, "tonal.chords_number_rate": 0.011337868869304657, "tonal.chords_strength.mean": 0.5468412041664124, "tonal.chords_strength.stdev": 0.06203600391745567, "tonal.hpcp_crest.mean": 12.976892471313477, "tonal.hpcp_crest.stdev": 6.24769401550293, "tonal.hpcp_entropy.mean": 2.1598622798919678, "tonal.hpcp_entropy.stdev": 0.8443779349327087, "tonal.key_edma.strength": 0.8082253336906433, "tonal.key_krumhansl.strength": 0.81608647108078, "tonal.key_temperley.strength": 0.818905770778656, "tonal.tuning_diatonic_strength": 0.7138339877128601, "tonal.tuning_equal_tempered_deviation": 0.1853378266096115, "tonal.tuning_frequency": 434.193115234375, "tonal.tuning_nontempered_energy_ratio": 0.9259135127067566, "lowlevel.barkbands.mean": [0.003015916096046567, 0.023681510239839554, 0.0029426005203276873, 0.0008819026988931, 0.0017899931408464909, 0.001400117063894868, 0.0012136794393882155, 0.00059462123317644, 0.0007348052458837628, 0.0003381621208973229, 0.00020062427211087197, 0.000319574901368469, 0.0003648362762760371, 0.0005189055809751153, 0.00033037946559488773, 0.0002696201845537871, 0.00026748370146378875, 0.0003093354171141982, 0.0002503548748791218, 0.00021508197824005038, 0.00017708407540339977, 0.00013231791672296822, 0.00013426010264083743, 0.00011007077409885824, 0.0001159290477517061, 0.00011568103218451142, 5.857754331373144e-06], "lowlevel.barkbands.stdev": [0.0062898858450353146, 0.051975399255752563, 0.008039453998208046, 0.002012980403378606, 0.0025529046542942524, 0.00393193494528532, 0.0025233083870261908, 0.0019236261723563075, 0.002198353875428438, 0.0015757574001327157, 0.0006068015354685485, 0.0009110028040595353, 0.0010173107730224729, 0.0013203680282458663, 0.000710091320797801, 0.0006325573194772005, 0.0007612527697347105, 0.0009444405441172421, 0.0007430387777276337, 0.0005978314438834786, 0.0005192412645556033, 0.0003797227400355041, 0.0003421721630729735, 0.0002943617873825133, 0.0003387198376003653, 0.00032762123737484217, 1.9887076632585377e-05], "lowlevel.erbbands.mean": [1.035609245300293, 3.8468217849731445, 4.308828830718994, 2.8917038440704346, 3.957550287246704, 7.477701663970947, 7.154170989990234, 12.468039512634277, 12.083258628845215, 23.40582847595215, 12.37594223022461, 17.262910842895508, 13.869494438171387, 6.922120571136475, 9.658051490783691, 13.36950397491455, 16.90375518798828, 21.030405044555664, 24.360790252685547, 16.97322654724121, 14.763042449951172, 16.436878204345703, 16.980438232421875, 13.63763427734375, 12.232621192932129, 10.213492393493652, 8.399606704711914, 5.834029197692871, 4.788625717163086, 4.290952682495117, 3.7804319858551025, 2.3805437088012695, 1.8614643812179565, 1.238774299621582, 0.862934947013855, 0.5318906903266907, 0.21033309400081635, 0.03188341483473778, 0.000764775148127228, 6.899509025970474e-05], "lowlevel.erbbands.stdev": [2.301919937133789, 9.852855682373047, 11.589966773986816, 6.709798336029053, 6.505163669586182, 10.614811897277832, 15.950328826904297, 39.19212341308594, 35.0719108581543, 50.83968734741211, 34.847286224365234, 53.693180084228516, 57.62616729736328, 18.0499210357666, 26.35787010192871, 37.14229965209961, 46.10221481323242, 48.606632232666016, 55.29452133178711, 36.2210578918457, 31.448196411132812, 47.34994125366211, 51.21348571777344, 41.90183639526367, 35.235408782958984, 28.038206100463867, 24.669702529907227, 16.45891571044922, 13.778712272644043, 11.35611343383789, 9.835339546203613, 6.363791465759277, 5.126010894775391, 3.584993600845337, 2.586282730102539, 1.5927149057388306, 0.5901326537132263, 0.09123232215642929, 0.002218629466369748, 9.913548274198547e-05], "lowlevel.gfcc.mean": [-55.558536529541016, 72.3624496459961, -92.19410705566406, 36.35879898071289, -50.01604461669922, 8.70918083190918, -44.6900634765625, 9.122414588928223, -17.584062576293945, 16.711780548095703, -13.808887481689453, 6.236049175262451, -11.520843505859375], "lowlevel.melbands.mean": [0.007765837479382753, 0.0030404215212911367, 0.0005346247344277799, 0.00043236874626018107, 0.0002678710443433374, 0.00027902398142032325, 0.00019631331088021398, 0.00023598509142175317, 0.00010060938802780584, 0.00010221060074400157, 6.813323125243187e-05, 2.880940337490756e-05, 3.142230343655683e-05, 3.271894820500165e-05, 3.905316407326609e-05, 3.639082933659665e-05, 3.98574884457048e-05, 4.6159526391420513e-05, 1.9212626284570433e-05, 2.1415648006950505e-05, 1.622579111426603e-05, 1.6646610674797557e-05, 1.7458143702242523e-05, 1.3297412806423381e-05, 1.0676912097551394e-05, 9.487131137575489e-06, 7.863980499678291e-06, 6.470526841440005e-06, 5.3368321459856816e-06, 4.359176728030434e-06, 3.0953920031606685e-06, 2.8145343549113022e-06, 2.341686695217504e-06, 2.3880386379460106e-06, 2.2754582005291013e-06, 1.7283512079302454e-06, 1.3819063724440639e-06, 1.351560740658897e-06, 1.1280156968496158e-06, 1.0103234444613918e-06], "lowlevel.melbands.stdev": [0.01673794351518154, 0.007650995161384344, 0.0011142141884192824, 0.0006511445972137153, 0.0004808736266568303, 0.0008300169720314443, 0.0004869676777161658, 0.0005116279353387654, 0.000270885560894385, 0.00031340710120275617, 0.00029313331469893456, 8.414252079091966e-05, 8.978740515885875e-05, 9.732109174365178e-05, 0.0001119337830459699, 9.92755958577618e-05, 9.68413514783606e-05, 0.000115277296572458, 3.689199002110399e-05, 5.2900555601809174e-05, 3.6112640373175964e-05, 5.07406257383991e-05, 5.179761865292676e-05, 4.251117934472859e-05, 3.3805088605731726e-05, 2.8537637263070792e-05, 2.2657775843981653e-05, 1.762197643984109e-05, 1.5932399037410505e-05, 1.2594694453582633e-05, 8.948914910433814e-06, 8.518634786014445e-06, 6.834790383436484e-06, 6.214364930201555e-06, 5.96749123360496e-06, 4.690951755037531e-06, 3.7551833429461112e-06, 3.7787826840940397e-06, 3.2078548883873736e-06, 3.0168112061801367e-06], "lowlevel.melbands128.mean": [0.0028474745340645313, 0.009588020853698254, 0.009267205372452736, 0.005485220812261105, 0.002742646960541606, 0.001201382838189602, 0.000541666813660413, 0.0004393541894387454, 0.00031688224407844245, 0.0005352806765586138, 0.0004426359082572162, 0.00023043539840728045, 0.00017097927047871053, 0.00038335355930030346, 0.0003046556666959077, 0.0002180129667976871, 0.0001917222689371556, 0.00015590176917612553, 0.00021051082876510918, 0.0003694783663377166, 0.00016168721776921302, 0.00013695680536329746, 3.464313340373337e-05, 0.0001410224213032052, 0.0001565010315971449, 5.019186210120097e-05, 8.348373376065865e-05, 6.86420826241374e-05, 6.840105197625235e-05, 2.4917180780903436e-05, 1.4361474313773215e-05, 3.072950858040713e-05, 3.8148744351929054e-05, 2.497878813301213e-05, 3.428440322750248e-05, 3.204750464647077e-05, 3.533791459631175e-05, 3.990653931396082e-05, 4.4174808863317594e-05, 3.379955523996614e-05, 2.951412352558691e-05, 4.8537411203142256e-05, 3.001488948939368e-05, 3.272947287769057e-05, 7.505062967538834e-05, 4.8906465963227674e-05, 1.8125476344721392e-05, 1.1834941687993705e-05, 2.194670378230512e-05, 3.007187115144916e-05, 1.9060216800426133e-05, 1.5586252629873343e-05, 1.9129598513245583e-05, 1.5201639143924695e-05, 1.2523369150585495e-05, 2.1092961105750874e-05, 1.3992578715260606e-05, 1.7161959476652555e-05, 2.153181230823975e-05, 1.3395101632340811e-05, 1.3218546882853843e-05, 1.2069864169461653e-05, 1.1250358511460945e-05, 1.1012851246050559e-05, 8.566430551582016e-06, 1.0181855941482354e-05, 9.605721061234362e-06, 7.408488727378426e-06, 7.98355267761508e-06, 7.682967407163233e-06, 6.099488018662669e-06, 6.588572432519868e-06, 5.040181804361055e-06, 5.356901965569705e-06, 5.307958872435847e-06, 4.74955004392541e-06, 3.868790372507647e-06, 2.8973659027542453e-06, 3.2733744319557445e-06, 2.8334177386568626e-06, 3.149642452626722e-06, 2.7218013656238327e-06, 2.227513505204115e-06, 2.3120849164115498e-06, 2.4202693111874396e-06, 2.383138735240209e-06, 2.389057726759347e-06, 2.3492016225645784e-06, 2.300684855072177e-06, 2.196403784182621e-06, 2.0816910364374053e-06, 1.5266584796336247e-06, 1.2726121667583357e-06, 1.3816487580697867e-06, 1.418441797795822e-06, 1.452593892281584e-06, 1.3253178394734277e-06, 1.2401872027112404e-06, 1.1811750937340548e-06, 9.820510058489162e-07, 1.0894814295170363e-06, 1.009816514851991e-06, 9.470621762375231e-07, 9.939290066540707e-07, 9.792526043383987e-07, 9.606244475435233e-07, 9.81280095402326e-07, 9.160653462458868e-07, 9.790485364646884e-07, 9.042174156093097e-07, 8.572750971325149e-07, 6.883356036269106e-07, 7.220828024401271e-07, 6.064386752768769e-07, 4.139154725635308e-07, 3.589000812098675e-07, 1.9294952835480217e-07, 5.405086511700574e-08, 4.038247514159821e-09, 2.7061455507015886e-11, 2.465893982062095e-11, 2.2329976409607433e-11, 2.1683144862949533e-11, 2.063929235851525e-11, 1.5452965296258725e-11, 8.667150330765594e-12, 5.4446143774034006e-12, 5.006293990472699e-12], "lowlevel.melbands128.stdev": [0.006022305693477392, 0.02196674793958664, 0.022568056359887123, 0.015414966270327568, 0.00792751181870699, 0.0032575952354818583, 0.0013807793147861958, 0.0009606188395991921, 0.0005862126708962023, 0.0010688009206205606, 0.0006619383930228651, 0.00041249359492212534, 0.0005194541881792247, 0.0011274677235633135, 0.0010319389402866364, 0.0011524969013407826, 0.0007731909863650799, 0.0006093764095567167, 0.0004575685888994485, 0.0009530201205052435, 0.0005627971258945763, 0.0006102105253376067, 0.0001677255640970543, 0.0004975419142283499, 0.0005759180057793856, 0.00020457044593058527, 0.00035671706427820027, 0.00046249516890384257, 0.0003430334327276796, 9.698297071736306e-05, 5.907707964070141e-05, 0.00010618194210110232, 0.00012631186109501868, 0.0001096680571208708, 0.0001399603352183476, 0.0001257292606169358, 0.00012562994379550219, 0.0001446471142116934, 0.00018229332636110485, 0.00011244337656535208, 0.00010714706149883568, 0.0001883607910713181, 8.549253834644333e-05, 0.00011954382352996618, 0.00028338152333162725, 0.0001626234588911757, 4.5475808292394504e-05, 3.126575757050887e-05, 5.174924081075005e-05, 8.410795999225229e-05, 7.850612018955871e-05, 4.015578451799229e-05, 5.129348937771283e-05, 3.9491929783253e-05, 3.0354251066455618e-05, 8.131342474371195e-05, 5.078636604594067e-05, 5.1847895520040765e-05, 7.22611221135594e-05, 4.817184526473284e-05, 4.8599831643514335e-05, 4.146793071413413e-05, 3.874052708852105e-05, 3.932376057491638e-05, 2.7373669581720605e-05, 3.3727195841493085e-05, 3.2512260077055544e-05, 2.0518962628557347e-05, 2.7220039555686526e-05, 2.491982013452798e-05, 1.6971025615930557e-05, 1.982810499612242e-05, 1.5148356396821328e-05, 2.014209167100489e-05, 1.8293196262675337e-05, 1.3749246136285365e-05, 1.2331479410931934e-05, 8.773767149250489e-06, 1.0575073247309774e-05, 8.732828973734286e-06, 1.1069130778196268e-05, 8.646451533422805e-06, 6.154570655780844e-06, 8.125981366902124e-06, 7.229819402709836e-06, 6.729400411131792e-06, 6.534273779834621e-06, 6.453471542045008e-06, 6.452302386605879e-06, 6.092789590184111e-06, 6.481884156528395e-06, 4.218875346850837e-06, 3.77819537789037e-06, 4.051917130709626e-06, 3.996241048298543e-06, 4.300168711779406e-06, 4.162792720308062e-06, 3.844164893962443e-06, 3.4034260352200363e-06, 3.1344218314188765e-06, 3.727908051587292e-06, 3.1565680274070473e-06, 2.964318582598935e-06, 3.566255145415198e-06, 3.1704807952337433e-06, 3.0247049380704993e-06, 3.6361352613312192e-06, 2.8927743187523447e-06, 3.2788218504720135e-06, 2.7739263259718427e-06, 2.676880058061215e-06, 2.0820425561396405e-06, 2.037591684711515e-06, 1.8525309997130535e-06, 1.188175929200952e-06, 1.1420115697546862e-06, 6.16396619079751e-07, 2.722064209592645e-07, 2.3612567900954673e-08, 2.4551635724456844e-10, 2.1966425900465936e-10, 1.9759299751953563e-10, 1.9216424285151135e-10, 1.7798608420438455e-10, 1.1718076509126263e-10, 4.04851152602248e-11, 1.1300391178359348e-11, 9.990422551731104e-12], "lowlevel.mfcc.mean": [-709.0530395507812, 109.76936340332031, 13.62381649017334, 32.452362060546875, 14.232178688049316, 8.813186645507812, -7.247651100158691, -4.382842063903809, -3.8919901847839355, 6.517754554748535, 2.328444719314575, 3.8232171535491943, 2.945460796356201], "lowlevel.spectral_contrast_coeffs.mean": [-0.6781507730484009, -0.7063875198364258, -0.7985736131668091, -0.8011963963508606, -0.8148924708366394, -0.769843339920044], "lowlevel.spectral_contrast_coeffs.stdev": [0.10016228258609772, 0.09479837864637375, 0.07924190163612366, 0.06507369130849838, 0.04351905733346939, 0.040194135159254074], "lowlevel.spectral_contrast_valleys.mean": [-7.447689056396484, -7.722864151000977, -8.462051391601562, -8.202120780944824, -8.111105918884277, -10.756434440612793], "lowlevel.spectral_contrast_valleys.stdev": [1.3421417474746704, 0.9566932320594788, 1.1406960487365723, 1.0867031812667847, 1.073099970817566, 1.1725893020629883], "rhythm.beats_loudness_band_ratio.mean": [0.4086349308490753, 0.18419386446475983, 0.14530709385871887, 0.07218493521213531, 0.10533908009529114, 0.10688655823469162], "rhythm.beats_loudness_band_ratio.stdev": [0.37592482566833496, 0.2343670129776001, 0.16837731003761292, 0.12232975661754608, 0.12682078778743744, 0.16395175457000732], "tonal.hpcp.mean": [0.1550002545118332, 0.1322067826986313, 0.05735556408762932, 0.02928990311920643, 0.030854862183332443, 0.058948222547769547, 0.2248029112815857, 0.2579536736011505, 0.08839572966098785, 0.033363863825798035, 0.039547622203826904, 0.03896215185523033, 0.06047706678509712, 0.0657670721411705, 0.03959417715668678, 0.039328642189502716, 0.050539806485176086, 0.06792590767145157, 0.09022441506385803, 0.11411165446043015, 0.16348128020763397, 0.33127883076667786, 0.34505683183670044, 0.15939870476722717, 0.08917492628097534, 0.07307461649179459, 0.05828063189983368, 0.08188395947217941, 0.08560238033533096, 0.06023040786385536, 0.05439481511712074, 0.04870788753032684, 0.05643373355269432, 0.09972508996725082, 0.11495810747146606, 0.11201771348714828], "tonal.hpcp.stdev": [0.27480578422546387, 0.26370173692703247, 0.1525360643863678, 0.10719431191682816, 0.11453253775835037, 0.16720202565193176, 0.30574238300323486, 0.34172457456588745, 0.16370542347431183, 0.11913878470659256, 0.13473106920719147, 0.14367273449897766, 0.1625654101371765, 0.19137583673000336, 0.10570517927408218, 0.1393858939409256, 0.1623259037733078, 0.19423647224903107, 0.21613574028015137, 0.24752295017242432, 0.27732565999031067, 0.377885639667511, 0.38444578647613525, 0.25950440764427185, 0.20571494102478027, 0.20379558205604553, 0.16481676697731018, 0.20265565812587738, 0.2030235379934311, 0.1622253656387329, 0.15448668599128723, 0.14778776466846466, 0.15841126441955566, 0.2203509658575058, 0.24121800065040588, 0.2291223704814911], "rhythm.beats_position": [0.638548731803894, 1.277097463607788, 1.9156461954116821, 2.554194927215576, 3.1927437782287598, 3.7964625358581543, 4.4117913246154785, 5.015510082244873, 5.619228839874268, 6.211337566375732, 6.8034467697143555, 7.40716552734375, 8.010884284973145, 8.614603042602539, 9.206711769104004, 9.810430526733398, 10.402539253234863, 11.006258010864258, 11.609976768493652, 12.213695526123047, 12.805805206298828, 13.409523963928223, 14.001632690429688, 14.605351448059082, 15.209070205688477, 15.812788963317871, 16.393287658691406, 16.997007369995117, 17.600725173950195, 18.204444885253906, 18.808162689208984, 19.411882400512695, 20.015600204467773], "rhythm.bpm_histogram": [0.0, 0.0, 0.0, 0.0, 0.0, 0.0, 0.0, 0.0, 0.0, 0.0, 0.0, 0.0, 0.0, 0.0, 0.0, 0.0, 0.0, 0.0, 0.0, 0.0, 0.0, 0.0, 0.0, 0.0, 0.0, 0.0, 0.0, 0.0, 0.0, 0.0, 0.0, 0.0, 0.0, 0.0, 0.0, 0.0, 0.0, 0.0, 0.0, 0.0, 0.0, 0.0, 0.0, 0.0, 0.0, 0.0, 0.0, 0.0, 0.0, 0.0, 0.0, 0.0, 0.0, 0.0, 0.0, 0.0, 0.0, 0.0, 0.0, 0.0, 0.0, 0.0, 0.0, 0.0, 0.0, 0.0, 0.0, 0.0, 0.0, 0.0, 0.0, 0.0, 0.0, 0.0, 0.0, 0.0, 0.0, 0.0, 0.0, 0.0, 0.0, 0.0, 0.0, 0.0, 0.0, 0.0, 0.0, 0.0, 0.0, 0.0, 0.0, 0.0, 0.0, 0.0, 0.125, 0.0, 0.0, 0.0, 0.03125, 0.625, 0.0, 0.1875, 0.0, 0.03125, 0.0, 0.0, 0.0, 0.0, 0.0, 0.0, 0.0, 0.0, 0.0, 0.0, 0.0, 0.0, 0.0, 0.0, 0.0, 0.0, 0.0, 0.0, 0.0, 0.0, 0.0, 0.0, 0.0, 0.0, 0.0, 0.0, 0.0, 0.0, 0.0, 0.0, 0.0, 0.0, 0.0, 0.0, 0.0, 0.0, 0.0, 0.0, 0.0, 0.0, 0.0, 0.0, 0.0, 0.0, 0.0, 0.0, 0.0, 0.0, 0.0, 0.0, 0.0, 0.0, 0.0, 0.0, 0.0, 0.0, 0.0, 0.0, 0.0, 0.0, 0.0, 0.0, 0.0, 0.0, 0.0, 0.0, 0.0, 0.0, 0.0, 0.0, 0.0, 0.0, 0.0, 0.0, 0.0, 0.0, 0.0, 0.0, 0.0, 0.0, 0.0, 0.0, 0.0, 0.0, 0.0, 0.0, 0.0, 0.0, 0.0, 0.0, 0.0, 0.0, 0.0, 0.0, 0.0, 0.0, 0.0, 0.0, 0.0, 0.0, 0.0, 0.0, 0.0, 0.0, 0.0, 0.0, 0.0, 0.0, 0.0, 0.0, 0.0, 0.0, 0.0, 0.0, 0.0, 0.0, 0.0, 0.0, 0.0, 0.0, 0.0, 0.0, 0.0, 0.0, 0.0, 0.0, 0.0, 0.0, 0.0, 0.0, 0.0, 0.0, 0.0, 0.0, 0.0, 0.0, 0.0, 0.0, 0.0, 0.0, 0.0, 0.0, 0.0, 0.0, 0.0, 0.0], "tonal.chords_histogram": [58.27664566040039, 0.0, 2.494331121444702, 0.0, 0.0, 0.0, 0.0, 0.0, 0.0, 0.0, 0.0, 0.0, 0.0, 0.0, 0.0, 0.0, 0.0, 9.070294380187988, 0.0, 0.0, 0.0, 0.0, 17.687074661254883, 12.471654891967773], "tonal.thpcp": [1.0, 0.4619491398334503, 0.2584354877471924, 0.21177560091018677, 0.16890154778957367, 0.23730571568012238, 0.2480819821357727, 0.17455214262008667, 0.15764015913009644, 0.1411590278148651, 0.16354909539222717, 0.289010614156723, 0.3331570327281952, 0.3246355354785919, 0.4492020905017853, 0.38314494490623474, 0.16622063517570496, 0.08488428592681885, 0.0894196555018425, 0.17083626985549927, 0.6514953374862671, 0.747568666934967, 0.25617730617523193, 0.09669092297554016, 0.1146119087934494, 0.11291517317295074, 0.17526698112487793, 0.190597802400589, 0.1147468313574791, 0.11397729068994522, 0.14646805822849274, 0.19685426354408264, 0.26147696375846863, 0.3307039439678192, 0.4737807512283325, 0.9600703716278076], "lowlevel.gfcc.cov": [[9964.291015625, -1131.802734375, -943.3603515625, -89.02765655517578, 331.2044982910156, 704.2335815429688, 108.00603485107422, 267.1182556152344, -257.4681701660156, -102.82982635498047, -277.81292724609375, 23.502643585205078, -289.0179748535156], [-1131.802734375, 1920.52197265625, 504.0088806152344, 60.32676315307617, 334.7573547363281, 84.28216552734375, 365.51239013671875, 106.25283813476562, 390.8033142089844, 31.313600540161133, 140.24774169921875, -162.64854431152344, 82.49835968017578], [-943.3603515625, 504.0088806152344, 1355.015625, 644.014404296875, 360.5795593261719, 97.97859191894531, 194.14157104492188, 69.86829376220703, 196.12400817871094, 90.11743927001953, 55.281227111816406, -15.018742561340332, 11.491798400878906], [-89.02765655517578, 60.32676315307617, 644.014404296875, 657.7698974609375, 299.3388977050781, 44.736358642578125, 80.97118377685547, 17.022796630859375, 94.53108978271484, 55.415931701660156, 22.22154426574707, -0.23313096165657043, 34.433860778808594], [331.2044982910156, 334.7573547363281, 360.5795593261719, 299.3388977050781, 469.68011474609375, 233.93959045410156, 250.362060546875, 101.22177124023438, 122.7596664428711, 38.63528823852539, 59.43418502807617, -9.592978477478027, 38.615421295166016], [704.2335815429688, 84.28216552734375, 97.97859191894531, 44.736358642578125, 233.93959045410156, 351.0140686035156, 260.5580139160156, 118.21917724609375, 37.19617462158203, 2.5868427753448486, 47.944332122802734, -2.156287670135498, -28.391782760620117], [108.00603485107422, 365.51239013671875, 194.14157104492188, 80.97118377685547, 250.362060546875, 260.5580139160156, 466.880859375, 187.67100524902344, 138.5435028076172, 36.131927490234375, 136.41897583007812, -9.796557426452637, -3.381141185760498], [267.1182556152344, 106.25283813476562, 69.86829376220703, 17.022796630859375, 101.22177124023438, 118.21917724609375, 187.67100524902344, 206.04408264160156, 168.66603088378906, 89.93228149414062, 65.04911041259766, -6.024687767028809, 5.281294822692871], [-257.4681701660156, 390.8033142089844, 196.12400817871094, 94.53108978271484, 122.7596664428711, 37.19617462158203, 138.5435028076172, 168.66603088378906, 368.1648864746094, 169.8590087890625, 101.17484283447266, -36.176971435546875, 51.07510757446289], [-102.82982635498047, 31.313600540161133, 90.11743927001953, 55.415931701660156, 38.63528823852539, 2.5868427753448486, 36.131927490234375, 89.93228149414062, 169.8590087890625, 180.245849609375, 83.67125701904297, 10.181769371032715, 28.073530197143555], [-277.81292724609375, 140.24774169921875, 55.281227111816406, 22.22154426574707, 59.43418502807617, 47.944332122802734, 136.41897583007812, 65.04911041259766, 101.17484283447266, 83.67125701904297, 154.67689514160156, 36.64933776855469, 36.27550506591797], [23.502643585205078, -162.64854431152344, -15.018742561340332, -0.23313096165657043, -9.592978477478027, -2.156287670135498, -9.796557426452637, -6.024687767028809, -36.176971435546875, 10.181769371032715, 36.64933776855469, 116.83678436279297, 53.002986907958984], [-289.0179748535156, 82.49835968017578, 11.491798400878906, 34.433860778808594, 38.615421295166016, -28.391782760620117, -3.381141185760498, 5.281294822692871, 51.07510757446289, 28.073530197143555, 36.27550506591797, 53.002986907958984, 130.74154663085938]], "lowlevel.gfcc.icov": [[0.00018493611423764378, -2.0085752112208866e-05, 0.0002498016692698002, -0.0001836118899518624, -0.00013615851639769971, -0.0003634511958807707, 0.00017435797781217843, -0.0003593511355575174, 7.659907714696601e-05, -0.00010510964057175443, 0.0004376921569928527, -0.00036204681964591146, 0.00044618878746405244], [-2.0085752112208866e-05, 0.0014148231130093336, -0.0006281193345785141, 0.0010774934198707342, -0.0008426764397881925, 0.0006868835189379752, -0.0007862176280468702, 0.0011754520237445831, -0.0015245312824845314, 0.0013855304569005966, -0.0009127031662501395, 0.0020287379156798124, -0.0011066518491134048], [0.0002498016692698002, -0.0006281193345785141, 0.0021090523805469275, -0.0020220684818923473, 3.301569086033851e-05, -0.0006628974224440753, 0.00010768871288746595, -0.0005172699457034469, 0.00011462883412605152, -0.0007851887494325638, 0.0012415891978889704, -0.001714284997433424, 0.0016400165623053908], [-0.0001836118899518624, 0.0010774934198707342, -0.0020220684818923473, 0.004608364310115576, -0.002500923816114664, 0.0017204630421474576, -0.0005395326879806817, 0.0015766522847115993, -0.000884364650119096, 0.00042270132689736784, -0.0007447105599567294, 0.0016609486192464828, -0.001299151685088873], [-0.00013615851639769971, -0.0008426764397881925, 3.301569086033851e-05, -0.002500923816114664, 0.006507726386189461, -0.0032315209973603487, -0.000926651933696121, 0.00026935298228636384, 0.00018801380065269768, -0.0007206378504633904, 0.0007857523742131889, 6.0607094383158255e-06, -0.0019113699672743678], [-0.0003634511958807707, 0.0006868835189379752, -0.0006628974224440753, 0.0017204630421474576, -0.0032315209973603487, 0.008015533909201622, -0.0029965101275593042, -0.0004814977291971445, 0.00030283478554338217, 0.000726586498785764, -0.0005429618177004158, 0.0004348419897723943, 0.0007053708541207016], [0.00017435797781217843, -0.0007862176280468702, 0.00010768871288746595, -0.0005395326879806817, -0.000926651933696121, -0.0029965101275593042, 0.008173465728759766, -0.005615890026092529, 0.0010234994115307927, 0.0029421397484838963, -0.005128274206072092, 0.00018546759383752942, 0.0013914882438257337], [-0.0003593511355575174, 0.0011754520237445831, -0.0005172699457034469, 0.0015766522847115993, 0.00026935298228636384, -0.0004814977291971445, -0.005615890026092529, 0.015287713147699833, -0.0059230029582977295, -0.002541894558817148, 0.0022184685803949833, -6.898772699059919e-05, -0.0005806724075227976], [7.659907714696601e-05, -0.0015245312824845314, 0.00011462883412605152, -0.000884364650119096, 0.00018801380065269768, 0.00030283478554338217, 0.0010234994115307927, -0.0059230029582977295, 0.010173894464969635, -0.005956967826932669, -0.0005236582946963608, 0.0023620331194251776, -0.001877554226666689], [-0.00010510964057175443, 0.0013855304569005966, -0.0007851887494325638, 0.00042270132689736784, -0.0007206378504633904, 0.000726586498785764, 0.0029421397484838963, -0.002541894558817148, -0.005956967826932669, 0.015277435071766376, -0.007322538178414106, 0.0010091639123857021, 6.972410483285785e-05], [0.0004376921569928527, -0.0009127031662501395, 0.0012415891978889704, -0.0007447105599567294, 0.0007857523742131889, -0.0005429618177004158, -0.005128274206072092, 0.0022184685803949833, -0.0005236582946963608, -0.007322538178414106, 0.01688162423670292, -0.0066688172519207, 0.0008547563920728862], [-0.00036204681964591146, 0.0020287379156798124, -0.001714284997433424, 0.0016609486192464828, 6.0607094383158255e-06, 0.0004348419897723943, 0.00018546759383752942, -6.898772699059919e-05, 0.0023620331194251776, 0.0010091639123857021, -0.0066688172519207, 0.018013592809438705, -0.008858900517225266], [0.00044618878746405244, -0.0011066518491134048, 0.0016400165623053908, -0.001299151685088873, -0.0019113699672743678, 0.0007053708541207016, 0.0013914882438257337, -0.0005806724075227976, -0.001877554226666689, 6.972410483285785e-05, 0.0008547563920728862, -0.008858900517225266, 0.014381262473762035]], "lowlevel.mfcc.cov": [[9445.615234375, -1276.1209716796875, -1149.833251953125, -658.7114868164062, 46.41158676147461, 148.0994873046875, 308.6260070800781, 399.8420104980469, 107.32575988769531, 48.564640045166016, -40.398040771484375, -74.53273010253906, -165.49261474609375], [-1276.1209716796875, 1695.76806640625, 276.2711486816406, 102.99385070800781, 83.81620788574219, 128.7451934814453, 81.17455291748047, 163.22366333007812, 165.97711181640625, 296.9263000488281, 145.51467895507812, 87.8497314453125, 81.56130981445312], [-1149.833251953125, 276.2711486816406, 914.8545532226562, 498.95465087890625, 263.59478759765625, 169.9240264892578, 55.11064910888672, 31.397981643676758, 123.10942840576172, 33.976646423339844, 72.81875610351562, 112.56987762451172, 116.71343994140625], [-658.7114868164062, 102.99385070800781, 498.95465087890625, 635.9291381835938, 281.4734802246094, 146.84780883789062, 38.04307556152344, -15.952371597290039, 130.626220703125, -6.132012844085693, 30.206493377685547, 98.9442138671875, 112.54679870605469], [46.41158676147461, 83.81620788574219, 263.59478759765625, 281.4734802246094, 340.38519287109375, 161.5629119873047, 43.628421783447266, 18.838499069213867, 121.4947738647461, 34.155128479003906, 17.245920181274414, 51.3965950012207, 59.274009704589844], [148.0994873046875, 128.7451934814453, 169.9240264892578, 146.84780883789062, 161.5629119873047, 250.85366821289062, 180.90093994140625, 123.19275665283203, 80.15615844726562, 60.182621002197266, 50.065006256103516, 58.01560592651367, 32.26066589355469], [308.6260070800781, 81.17455291748047, 55.11064910888672, 38.04307556152344, 43.628421783447266, 180.90093994140625, 363.79364013671875, 205.16160583496094, 49.48024368286133, 43.619441986083984, 64.95530700683594, 48.16666793823242, 28.257917404174805], [399.8420104980469, 163.22366333007812, 31.397981643676758, -15.952371597290039, 18.838499069213867, 123.19275665283203, 205.16160583496094, 241.42271423339844, 82.3264389038086, 85.31199645996094, 75.1183090209961, 44.371578216552734, 19.82695770263672], [107.32575988769531, 165.97711181640625, 123.10942840576172, 130.626220703125, 121.4947738647461, 80.15615844726562, 49.48024368286133, 82.3264389038086, 187.56373596191406, 117.23025512695312, 73.2752914428711, 68.37609100341797, 58.477542877197266], [48.564640045166016, 296.9263000488281, 33.976646423339844, -6.132012844085693, 34.155128479003906, 60.182621002197266, 43.619441986083984, 85.31199645996094, 117.23025512695312, 275.66290283203125, 162.33799743652344, 88.74229431152344, 44.263484954833984], [-40.398040771484375, 145.51467895507812, 72.81875610351562, 30.206493377685547, 17.245920181274414, 50.065006256103516, 64.95530700683594, 75.1183090209961, 73.2752914428711, 162.33799743652344, 187.03404235839844, 108.26313781738281, 55.46413040161133], [-74.53273010253906, 87.8497314453125, 112.56987762451172, 98.9442138671875, 51.3965950012207, 58.01560592651367, 48.16666793823242, 44.371578216552734, 68.37609100341797, 88.74229431152344, 108.26313781738281, 143.9102020263672, 88.94685363769531], [-165.49261474609375, 81.56130981445312, 116.71343994140625, 112.54679870605469, 59.274009704589844, 32.26066589355469, 28.257917404174805, 19.82695770263672, 58.477542877197266, 44.263484954833984, 55.46413040161133, 88.94685363769531, 130.66360473632812]], "lowlevel.mfcc.icov": [[0.00018243106023874134, 0.00016236679221037775, 0.0002142183220712468, 0.00011693673877744004, -0.0002468764141667634, -4.155965871177614e-05, 3.797228055191226e-05, -0.0003815587842836976, -0.00012994442658964545, -9.229576971847564e-05, 0.00013833427510689944, -9.157699241768569e-05, 0.00010261785791954026], [0.00016236679221037775, 0.0009490274824202061, -4.834009087062441e-05, 8.038259693421423e-05, -6.79509830661118e-05, -0.00016195110219996423, 0.00019668907043524086, -0.0007385276257991791, -9.505909838480875e-05, -0.0010952785378322005, 0.0005121350986883044, 0.00020919248345308006, -0.0002186809724662453], [0.0002142183220712468, -4.834009087062441e-05, 0.0023672846145927906, -0.0012224189704284072, -0.000617817509919405, -0.0004853600403293967, 0.00037582695949822664, -0.0006986233056522906, 0.00011617829295573756, 0.00037985044764354825, -0.0005534563097171485, -0.00011094644287368283, -0.00020550722547341138], [0.00011693673877744004, 8.038259693421423e-05, -0.0012224189704284072, 0.004098596051335335, -0.0015538157895207405, -0.00048462944687344134, -0.00036867870949208736, 0.0012112029362469912, -0.0016213747439906001, 0.001200564787723124, 1.0765986189653631e-05, -0.0008995653479360044, -0.0006932831020094454], [-0.0002468764141667634, -6.79509830661118e-05, -0.000617817509919405, -0.0015538157895207405, 0.007517125457525253, -0.004212300758808851, 0.000757792906370014, 0.001990994205698371, -0.0028222324326634407, 9.670419967733324e-05, 0.000549428747035563, 0.0010607490548864007, -0.000941073929425329], [-4.155965871177614e-05, -0.00016195110219996423, -0.0004853600403293967, -0.00048462944687344134, -0.004212300758808851, 0.011059564538300037, -0.0037657851353287697, -0.002002309774979949, 0.0011963570723310113, -0.0013280486455187201, 0.0013489024713635445, -0.0023893641773611307, 0.002166337100788951], [3.797228055191226e-05, 0.00019668907043524086, 0.00037582695949822664, -0.00036867870949208736, 0.000757792906370014, -0.0037657851353287697, 0.007107809651643038, -0.0048475107178092, 0.0011166913900524378, 0.0010246823076158762, -0.0011744335060939193, 0.0006029276410117745, -0.0010672190692275763], [-0.0003815587842836976, -0.0007385276257991791, -0.0006986233056522906, 0.0012112029362469912, 0.001990994205698371, -0.002002309774979949, -0.0048475107178092, 0.011924776248633862, -0.003959237597882748, 0.00064037274569273, -0.0015612727729603648, 0.0005090683698654175, 0.0002597353304736316], [-0.00012994442658964545, -9.505909838480875e-05, 0.00011617829295573756, -0.0016213747439906001, -0.0028222324326634407, 0.0011963570723310113, 0.0011166913900524378, -0.003959237597882748, 0.012200583703815937, -0.004141063895076513, 0.001107670832425356, -0.0007866950472816825, -0.001460398081690073], [-9.229576971847564e-05, -0.0010952785378322005, 0.00037985044764354825, 0.001200564787723124, 9.670419967733324e-05, -0.0013280486455187201, 0.0010246823076158762, 0.00064037274569273, -0.004141063895076513, 0.011066571809351444, -0.008167742751538754, 0.0005098679685033858, 0.00038300006417557597], [0.00013833427510689944, 0.0005121350986883044, -0.0005534563097171485, 1.0765986189653631e-05, 0.000549428747035563, 0.0013489024713635445, -0.0011744335060939193, -0.0015612727729603648, 0.001107670832425356, -0.008167742751538754, 0.01727748103439808, -0.00896547082811594, 0.0012895319378003478], [-9.157699241768569e-05, 0.00020919248345308006, -0.00011094644287368283, -0.0008995653479360044, 0.0010607490548864007, -0.0023893641773611307, 0.0006029276410117745, 0.0005090683698654175, -0.0007866950472816825, 0.0005098679685033858, -0.00896547082811594, 0.020230963826179504, -0.009258365258574486], [0.00010261785791954026, -0.0002186809724662453, -0.00020550722547341138, -0.0006932831020094454, -0.000941073929425329, 0.002166337100788951, -0.0010672190692275763, 0.0002597353304736316, -0.001460398081690073, 0.00038300006417557597, 0.0012895319378003478, -0.009258365258574486, 0.015062796883285046]], "metadata.audio_properties.analysis.downmix": "mix", "metadata.audio_properties.codec": "mp3", "metadata.audio_properties.md5_encoded": "dc735ef4c3cfd3c0bcafc9c1f77d19f5", "metadata.tags.file_name": "1182276858482524240.mp3", "metadata.version.essentia": "2.1-beta6-dev", "metadata.version.essentia_git_sha": "v2.1_beta5-1110-g77a6a954", "metadata.version.extractor": "music 2.0", "tonal.chords_key": "E", "tonal.chords_scale": "major", "tonal.key_edma.key": "E", "tonal.key_edma.scale": "major", "tonal.key_krumhansl.key": "E", "tonal.key_krumhansl.scale": "major", "tonal.key_temperley.key": "E", "tonal.key_temperley.scale": "major", "metadata.tags.encoding": ["Lavf58.45.100"]}, "essentia_models": [{"model_name": "genre_dortmund", "activations": {"alternative": "0.0019724604", "blues": "0.0027095925", "electronic": "0.005409704", "folkcountry": "0.0008151143", "funksoulrnb": "0.06531272", "jazz": "0.0033006321", "pop": "0.020972356", "raphiphop": "0.9235683", "rock": "0.007621421"}}, {"model_name": "genre_rosamerica", "activations": {"classic": "0.0008663677", "dance": "0.0002756515", "hip hop": "0.2496736", "jazz": "0.0027234063", "pop": "0.027014524", "rhythm and blues": "0.74813324", "rock": "0.0012790627", "speech": "0.002706297"}}, {"model_name": "genre_tzanetakis", "activations": {"blues": "0.0018555323", "classic": "0.0001241948", "country": "0.0007775314", "disco": "0