{"song_id": "1182282901925142620", "download": "https://cdn.discordapp.com/attachments/1128313332273782784/1182282901925142620/chirp.mp4?ex=658421c1&amp", "lyrics": "[verse]\nWhen I hear that classic sound\nBringing memories all around\nOf summer nights and endless dreams\nOh, how Yesterday once more gleams\n\n[chorus]\nYesterday once more, oh how it played\nMelodies that will never fade\nTransporting us to another time\nWhen love was sweet and life was prime", "style": ["light dubstep</span><span>/violin</span><span>/piano"], "essentia_features": {"lowlevel.average_loudness": 0.9810354113578796, "lowlevel.barkbands_crest.mean": 11.262035369873047, "lowlevel.barkbands_crest.stdev": 4.365917682647705, "lowlevel.barkbands_flatness_db.mean": 0.15498460829257965, "lowlevel.barkbands_flatness_db.stdev": 0.05274256691336632, "lowlevel.barkbands_kurtosis.mean": 6.789736747741699, "lowlevel.barkbands_kurtosis.stdev": 12.685029029846191, "lowlevel.barkbands_skewness.mean": 2.0148117542266846, "lowlevel.barkbands_skewness.stdev": 1.6349619626998901, "lowlevel.barkbands_spread.mean": 37.70375061035156, "lowlevel.barkbands_spread.stdev": 23.86851692199707, "lowlevel.dissonance.mean": 0.4652683734893799, "lowlevel.dissonance.stdev": 0.027176283299922943, "lowlevel.dynamic_complexity": 2.5673792362213135, "lowlevel.erbbands_crest.mean": 9.582934379577637, "lowlevel.erbbands_crest.stdev": 4.294433116912842, "lowlevel.erbbands_flatness_db.mean": 0.12690721452236176, "lowlevel.erbbands_flatness_db.stdev": 0.03494088351726532, "lowlevel.erbbands_kurtosis.mean": 0.3919394910335541, "lowlevel.erbbands_kurtosis.stdev": 2.755218267440796, "lowlevel.erbbands_skewness.mean": -0.028913110494613647, "lowlevel.erbbands_skewness.stdev": 1.0146186351776123, "lowlevel.erbbands_spread.mean": 68.11180114746094, "lowlevel.erbbands_spread.stdev": 34.13430404663086, "lowlevel.hfc.mean": 32.78532409667969, "lowlevel.hfc.stdev": 35.66987228393555, "lowlevel.loudness_ebu128.integrated": -20.237117767333984, "lowlevel.loudness_ebu128.loudness_range": 1.9978713989257812, "lowlevel.loudness_ebu128.momentary.mean": -20.49678611755371, "lowlevel.loudness_ebu128.momentary.stdev": 1.5541092157363892, "lowlevel.loudness_ebu128.short_term.mean": -20.26555061340332, "lowlevel.loudness_ebu128.short_term.stdev": 0.6358564496040344, "lowlevel.melbands_crest.mean": 15.448184967041016, "lowlevel.melbands_crest.stdev": 4.871632099151611, "lowlevel.melbands_flatness_db.mean": 0.21817095577716827, "lowlevel.melbands_flatness_db.stdev": 0.0711464136838913, "lowlevel.melbands_kurtosis.mean": 38.786773681640625, "lowlevel.melbands_kurtosis.stdev": 55.52631378173828, "lowlevel.melbands_skewness.mean": 4.535346031188965, "lowlevel.melbands_skewness.stdev": 2.891584634780884, "lowlevel.melbands_spread.mean": 29.10503387451172, "lowlevel.melbands_spread.stdev": 25.37247657775879, "lowlevel.pitch_salience.mean": 0.4935825765132904, "lowlevel.pitch_salience.stdev": 0.10867603868246078, "lowlevel.silence_rate_20dB.mean": 1.0, "lowlevel.silence_rate_20dB.stdev": 0.0, "lowlevel.silence_rate_30dB.mean": 0.9506258964538574, "lowlevel.silence_rate_30dB.stdev": 0.21664808690547943, "lowlevel.silence_rate_60dB.mean": 0.01808066852390766, "lowlevel.silence_rate_60dB.stdev": 0.1332433670759201, "lowlevel.spectral_centroid.mean": 1618.73974609375, "lowlevel.spectral_centroid.stdev": 775.6915283203125, "lowlevel.spectral_complexity.mean": 13.14673137664795, "lowlevel.spectral_complexity.stdev": 9.467689514160156, "lowlevel.spectral_decrease.mean": -7.899011222889385e-09, "lowlevel.spectral_decrease.stdev": 1.0022755070338007e-08, "lowlevel.spectral_energy.mean": 0.03278640657663345, "lowlevel.spectral_energy.stdev": 0.03935180604457855, "lowlevel.spectral_energyband_high.mean": 0.0026145773008465767, "lowlevel.spectral_energyband_high.stdev": 0.0037183589302003384, "lowlevel.spectral_energyband_low.mean": 0.019416887313127518, "lowlevel.spectral_energyband_low.stdev": 0.035381294786930084, "lowlevel.spectral_energyband_middle_high.mean": 0.004588958341628313, "lowlevel.spectral_energyband_middle_high.stdev": 0.0057975538074970245, "lowlevel.spectral_energyband_middle_low.mean": 0.007944080978631973, "lowlevel.spectral_energyband_middle_low.stdev": 0.007139632012695074, "lowlevel.spectral_entropy.mean": 7.768029689788818, "lowlevel.spectral_entropy.stdev": 0.45927658677101135, "lowlevel.spectral_flux.mean": 0.09195346385240555, "lowlevel.spectral_flux.stdev": 0.0745091438293457, "lowlevel.spectral_kurtosis.mean": 1.436678409576416, "lowlevel.spectral_kurtosis.stdev": 1.6204802989959717, "lowlevel.spectral_rms.mean": 0.0051489099860191345, "lowlevel.spectral_rms.stdev": 0.0023399742785841227, "lowlevel.spectral_rolloff.mean": 2347.808349609375, "lowlevel.spectral_rolloff.stdev": 2703.3046875, "lowlevel.spectral_skewness.mean": 1.1011677980422974, "lowlevel.spectral_skewness.stdev": 0.4198687970638275, "lowlevel.spectral_spread.mean": 7582461.5, "lowlevel.spectral_spread.stdev": 2217523.75, "lowlevel.spectral_strongpeak.mean": 0.6633812785148621, "lowlevel.spectral_strongpeak.stdev": 1.2042317390441895, "lowlevel.zerocrossingrate.mean": 0.09161046147346497, "lowlevel.zerocrossingrate.stdev": 0.0527523010969162, "metadata.audio_properties.analysis.equal_loudness": 0.0, "metadata.audio_properties.analysis.length": 33.36428451538086, "metadata.audio_properties.analysis.sample_rate": 44100.0, "metadata.audio_properties.analysis.start_time": 0.0, "metadata.audio_properties.bit_rate": 120874.0, "metadata.audio_properties.length": 33.365333557128906, "metadata.audio_properties.lossless": 0.0, "metadata.audio_properties.number_channels": 1.0, "metadata.audio_properties.replay_gain": -6.349130630493164, "metadata.audio_properties.sample_rate": 48000.0, "rhythm.beats_count": 56.0, "rhythm.beats_loudness.mean": 0.05237864330410957, "rhythm.beats_loudness.stdev": 0.020958976820111275, "rhythm.bpm": 101.3862075805664, "rhythm.bpm_histogram_first_peak_bpm": 101.0, "rhythm.bpm_histogram_first_peak_weight": 0.37254905700683594, "rhythm.bpm_histogram_second_peak_bpm": 108.0, "rhythm.bpm_histogram_second_peak_spread": 0.0, "rhythm.bpm_histogram_second_peak_weight": 0.072727270424366, "rhythm.danceability": 1.8078982830047607, "rhythm.onset_rate": 3.8947010040283203, "tonal.chords_changes_rate": 0.0694444477558136, "tonal.chords_number_rate": 0.015277777798473835, "tonal.chords_strength.mean": 0.5267931222915649, "tonal.chords_strength.stdev": 0.10130264610052109, "tonal.hpcp_crest.mean": 12.899776458740234, "tonal.hpcp_crest.stdev": 5.543087005615234, "tonal.hpcp_entropy.mean": 2.045682668685913, "tonal.hpcp_entropy.stdev": 0.6654888987541199, "tonal.key_edma.strength": 0.5963618755340576, "tonal.key_krumhansl.strength": 0.5987992286682129, "tonal.key_temperley.strength": 0.6108970046043396, "tonal.tuning_diatonic_strength": 0.4848884642124176, "tonal.tuning_equal_tempered_deviation": 0.22449389100074768, "tonal.tuning_frequency": 434.193115234375, "tonal.tuning_nontempered_energy_ratio": 0.9149777889251709, "lowlevel.barkbands.mean": [0.00023685567430220544, 0.013387292623519897, 0.0041497196070849895, 0.0030348170548677444, 0.0022632433101534843, 0.0009936429560184479, 0.0005853538168594241, 0.00021298132196534425, 0.0005706459633074701, 0.0008418629877269268, 0.0004724776081275195, 0.0006841493886895478, 0.00026065201382152736, 0.0002565508766565472, 0.0004051818104926497, 0.0003059010487049818, 0.0004098056524526328, 0.0002770354913081974, 0.0006426383624784648, 0.00034609591239131987, 0.00018351008475292474, 0.00019431705004535615, 0.0008428110159002244, 0.0007217927486635745, 0.00040484793134965, 0.00010081881919177249, 1.430740553587384e-06], "lowlevel.barkbands.stdev": [0.000447912112576887, 0.022688640281558037, 0.01354967337101698, 0.0033384014386683702, 0.003615919966250658, 0.001669024582952261, 0.0014840748626738787, 0.00048478596727363765, 0.0012679069768637419, 0.001807012245990336, 0.0015354127390310168, 0.001808801549486816, 0.000952557020355016, 0.000720319920219481, 0.0011279166210442781, 0.0009513595723547041, 0.0014841582160443068, 0.0006030366057530046, 0.0011562251020222902, 0.0005096879904158413, 0.0003376177337486297, 0.0003980864130426198, 0.0013140275841578841, 0.0011699803872033954, 0.0005814486648887396, 0.0001574338966747746, 4.668688234232832e-06], "lowlevel.erbbands.mean": [0.3163672089576721, 3.1921226978302, 5.375937461853027, 8.160916328430176, 9.280559539794922, 6.301140308380127, 8.314838409423828, 7.707698345184326, 9.937480926513672, 4.98152494430542, 5.4709367752075195, 13.709627151489258, 22.39255714416504, 23.7437744140625, 23.189733505249023, 28.247770309448242, 13.06571102142334, 13.880189895629883, 19.38021469116211, 17.70769500732422, 18.256488800048828, 23.75252342224121, 15.520956039428711, 24.673646926879883, 31.592256546020508, 16.458744049072266, 10.29979419708252, 5.809269428253174, 6.610053539276123, 13.405994415283203, 25.815689086914062, 16.537261962890625, 11.963953018188477, 6.23920202255249, 1.9046720266342163, 0.6395410299301147, 0.13751012086868286, 0.014894737862050533, 0.0003576214949134737, 6.179767660796642e-05], "lowlevel.erbbands.stdev": [0.39169415831565857, 6.163644313812256, 17.008533477783203, 11.681742668151855, 11.400162696838379, 13.267219543457031, 14.444138526916504, 15.775468826293945, 22.768611907958984, 13.708087921142578, 10.908228874206543, 30.949493408203125, 47.69419479370117, 54.87907409667969, 67.36092376708984, 74.04776763916016, 42.97184371948242, 37.29065704345703, 60.633419036865234, 47.104862213134766, 50.98007583618164, 89.30814361572266, 36.15077209472656, 53.22319030761719, 53.568626403808594, 24.95590591430664, 16.837480545043945, 11.579916000366211, 13.809361457824707, 22.9420166015625, 41.195159912109375, 26.862567901611328, 19.903839111328125, 9.092671394348145, 2.8948540687561035, 1.0636359453201294, 0.20616105198860168, 0.02659587748348713, 0.0005713652353733778, 6.575555744348094e-05], "lowlevel.gfcc.mean": [10.692940711975098, 56.979061126708984, -74.72557830810547, 56.17119598388672, -60.58250427246094, 37.04698181152344, -40.756961822509766, 22.03646469116211, -31.640914916992188, -3.519531488418579, -11.058213233947754, -2.8852193355560303, -11.352978706359863], "lowlevel.melbands.mean": [0.003386905649676919, 0.003353589214384556, 0.001451600226573646, 0.0005348799168132246, 0.00028232307522557676, 0.0001765730994520709, 0.00014439596270676702, 4.9904407205758616e-05, 4.544268813333474e-05, 9.214511374011636e-05, 0.00011313193681417033, 9.827853500610217e-05, 6.688830035272986e-05, 8.594289101893082e-05, 4.6192137233447284e-05, 2.2600848751608282e-05, 2.6056199203594588e-05, 2.9894805265939794e-05, 2.564840360719245e-05, 2.1632627976941876e-05, 2.131479595846031e-05, 2.4226868845289573e-05, 1.9454359062365256e-05, 1.1670387721096631e-05, 1.994974991248455e-05, 2.725663398450706e-05, 1.53908840729855e-05, 9.945632882590871e-06, 7.0431183303298894e-06, 4.586460818245541e-06, 2.877724909922108e-06, 3.509063844830962e-06, 4.1972552935476415e-06, 8.978179721452761e-06, 1.522367983852746e-05, 1.3978818060422782e-05, 8.678046469867695e-06, 8.727330168767367e-06, 7.099754384398693e-06, 4.682617600337835e-06], "lowlevel.melbands.stdev": [0.004887420684099197, 0.008393693715333939, 0.0018889481434598565, 0.0008384004468098283, 0.0004836002772208303, 0.0003316308429930359, 0.00033334398176521063, 0.0001352235849481076, 0.00010222317359875888, 0.00020522664999589324, 0.00024338523508049548, 0.00024034210946410894, 0.00020635940018109977, 0.00022432938567362726, 0.00013989332364872098, 7.554711191914976e-05, 7.846891094231978e-05, 9.990721446229145e-05, 6.936492718523368e-05, 7.081656076479703e-05, 6.902587483637035e-05, 8.964340668171644e-05, 6.771746120648459e-05, 2.4243418010883033e-05, 4.942691884934902e-05, 5.151392178959213e-05, 2.4605225917184725e-05, 1.7000664229271933e-05, 1.1580510545172729e-05, 9.137511369772255e-06, 6.1471846493077464e-06, 7.88329361967044e-06, 8.692613846505992e-06, 1.577445254952181e-05, 2.470363506290596e-05, 2.3234504624269903e-05, 1.4807558727625292e-05, 1.5515908671659417e-05, 1.0945092071779072e-05, 7.067993919918081e-06], "lowlevel.melbands128.mean": [0.0002146643091691658, 0.0019407349172979593, 0.0051413532346487045, 0.005409122444689274, 0.0032162503339350224, 0.0019527189433574677, 0.001694963895715773, 0.0014319663168862462, 0.0009314699564129114, 0.0004572603793349117, 0.0003018392308149487, 0.00029090256430208683, 0.0003296353097539395, 0.0001949211728060618, 0.00017342422506771982, 0.00016201009566430002, 0.00016622272960375994, 0.000168741840752773, 8.307227108161896e-05, 4.080678991158493e-05, 4.0437265852233395e-05, 4.480193092604168e-05, 4.168894884060137e-05, 4.876495586358942e-05, 8.671521209180355e-05, 0.00011376922338968143, 9.709651203593239e-05, 0.0001267197949346155, 9.771871555130929e-05, 0.00013913758448325098, 7.952324085636064e-05, 6.142881466075778e-05, 5.03096089232713e-05, 9.435461834073067e-05, 7.152868784032762e-05, 0.00010273104999214411, 7.911264401627705e-05, 3.72045578842517e-05, 3.346104858792387e-05, 2.3010488803265616e-05, 2.2266340238275006e-05, 1.713623532850761e-05, 2.938063335022889e-05, 3.053960972465575e-05, 1.6626026990707032e-05, 3.8134206988615915e-05, 3.557364834705368e-05, 1.8632219507708214e-05, 2.8885267965961248e-05, 2.158533789042849e-05, 2.0673345716204494e-05, 2.1255815227050334e-05, 1.898335904115811e-05, 2.5388417270733044e-05, 1.756289020704571e-05, 2.2561633159057237e-05, 3.33026000589598e-05, 2.1463454686454497e-05, 1.6349433280993253e-05, 1.0717155419115443e-05, 9.198131920129526e-06, 1.2829478691855911e-05, 1.9945317035308108e-05, 2.2992737285676412e-05, 1.8558605006546713e-05, 3.287762592663057e-05, 2.9486367566278204e-05, 1.5660374629078433e-05, 1.3941258657723665e-05, 1.1950745829381049e-05, 9.434017556486651e-06, 9.205509741150308e-06, 8.802909178484697e-06, 6.514054803119507e-06, 5.309264906827593e-06, 5.078798949398333e-06, 4.323057055444224e-06, 2.685805611690739e-06, 2.74964509117126e-06, 2.734768941081711e-06, 3.5964465041615767e-06, 3.892940185323823e-06, 3.345945287946961e-06, 4.108690063731046e-06, 4.685065505327657e-06, 6.7036266955256e-06, 9.970243809220847e-06, 1.4594193999073468e-05, 1.5235885257425252e-05, 1.659190638747532e-05, 1.5458637790288776e-05, 1.4356652172864415e-05, 9.310410860052798e-06, 8.104324479063507e-06, 8.15658404462738e-06, 9.318047887063585e-06, 8.710375368536916e-06, 8.246965990110766e-06, 7.396870387310628e-06, 6.59027637084364e-06, 5.356824658520054e-06, 4.5194751692179125e-06, 3.5774671687249793e-06, 2.9196237392170588e-06, 1.5935174815240316e-06, 1.3948371133665205e-06, 1.5728660400782246e-06, 1.6325917613357888e-06, 1.049663524099742e-06, 7.127013077479205e-07, 5.50369918528304e-07, 4.650977416531532e-07, 4.423096129357873e-07, 3.1273543754650746e-07, 2.464036583660345e-07, 1.537902534209934e-07, 5.7026163347018155e-08, 5.5794129316666385e-09, 1.3870982140673505e-10, 3.5963752809120564e-11, 1.8088169850827285e-11, 6.893883901237796e-12, 4.454440722528874e-12, 4.3437068178442395e-12, 4.155260337201927e-12, 3.901631188268917e-12, 3.757523805991703e-12, 3.7169902572520286e-12], "lowlevel.melbands128.stdev": [0.000422343029640615, 0.0025575330946594477, 0.0070038833655416965, 0.011940005235373974, 0.010588550940155983, 0.005664721596986055, 0.0025165891274809837, 0.0015596788143739104, 0.0013349255314096808, 0.001028692815452814, 0.0008411414455622435, 0.0005982965813018382, 0.0006563476053997874, 0.00037163120578043163, 0.0004699651908595115, 0.00041056302143260837, 0.0004443139478098601, 0.0005171499797143042, 0.00029389382689259946, 0.0001848584652179852, 0.00012476168922148645, 0.0001369949895888567, 9.779156243894249e-05, 0.00022981430811341852, 0.0002666957734618336, 0.00032358241151086986, 0.0002964142768178135, 0.0003891646338161081, 0.0003022855380550027, 0.0004458325856830925, 0.00024890582426451147, 0.00030463264556601644, 0.0002189892256865278, 0.0003979397879447788, 0.00029373212601058185, 0.00035544554702937603, 0.00028307331376709044, 0.00018775805074255913, 0.00020087449229322374, 0.00011866648128489032, 0.00010258606926072389, 7.924096280476078e-05, 0.0001223054132424295, 0.00011344644735800102, 5.9644684370141476e-05, 0.00018647195247467607, 0.00015175809676293284, 6.993997521931306e-05, 0.00012589360994752496, 8.155964314937592e-05, 0.0001117097563110292, 0.00010891762940445915, 8.357718616025522e-05, 0.00011966470628976822, 7.161241956055164e-05, 9.226730617228895e-05, 0.00022513796284329146, 0.00011789661948569119, 5.7910623581847176e-05, 3.698895307024941e-05, 2.9850507416995242e-05, 3.702818867168389e-05, 4.928245471091941e-05, 9.03789114090614e-05, 6.612156721530482e-05, 7.926038961159065e-05, 7.007161184446886e-05, 3.992699203081429e-05, 2.9351216653594747e-05, 2.3457814677385613e-05, 2.4394927095272578e-05, 2.0236499040038325e-05, 1.5553187040495686e-05, 1.3474282241077162e-05, 1.0731418115028646e-05, 1.083349980035564e-05, 1.070082544174511e-05, 6.073084477975499e-06, 6.137233413028298e-06, 6.9388638621603604e-06, 9.564679203322157e-06, 9.077108188648708e-06, 7.989317964529619e-06, 9.899342330754735e-06, 1.0168088010686915e-05, 1.3531442164094187e-05, 2.0120123735978268e-05, 2.7848032914334908e-05, 2.5602155801607296e-05, 3.2425719837192446e-05, 2.7289113859296776e-05, 2.645244421728421e-05, 1.7222480892087333e-05, 1.583065022714436e-05, 1.5009355593065266e-05, 1.7740936527843587e-05, 1.7424148609279655e-05, 1.5037981938803568e-05, 1.3164815754862502e-05, 1.0199114512943197e-05, 8.750169399718288e-06, 7.743638889223803e-06, 5.806478384329239e-06, 4.944889496982796e-06, 2.9415473363769706e-06, 2.548119027778739e-06, 2.790161033772165e-06, 3.0428316222241847e-06, 1.9656133645185037e-06, 1.3959142961539328e-06, 1.07688049411081e-06, 8.172531238415104e-07, 7.246129598570406e-07, 5.975987278361572e-07, 5.086134819975996e-07, 3.6441602446757315e-07, 1.730843735003873e-07, 3.427546246825841e-08, 2.721602720967553e-09, 1.0934009253560362e-09, 4.724688973389846e-10, 7.874337293323208e-11, 7.969442814004246e-12, 7.79304485526433e-12, 7.651716066314762e-12, 7.53709161055438e-12, 7.456673299655048e-12, 7.407062810327325e-12], "lowlevel.mfcc.mean": [-643.3549194335938, 80.84236145019531, 46.827083587646484, 24.9652156829834, 22.837858200073242, 5.32276725769043, 17.32210350036621, 13.742809295654297, -6.280368328094482, 15.933154106140137, -10.113195419311523, -5.811163425445557, 2.88759183883667], "lowlevel.spectral_contrast_coeffs.mean": [-0.709981381893158, -0.7462176084518433, -0.7379390597343445, -0.7876656651496887, -0.7722327709197998, -0.7858515977859497], "lowlevel.spectral_contrast_coeffs.stdev": [0.06078628450632095, 0.07821977883577347, 0.08487987518310547, 0.0682855173945427, 0.05971113219857216, 0.03441976010799408], "lowlevel.spectral_contrast_valleys.mean": [-6.468710422515869, -7.4676642417907715, -7.970763683319092, -8.250048637390137, -7.701501369476318, -9.447413444519043], "lowlevel.spectral_contrast_valleys.stdev": [0.6433199048042297, 0.6444509029388428, 0.7551527619361877, 0.8042015433311462, 0.8395204544067383, 0.9346993565559387], "rhythm.beats_loudness_band_ratio.mean": [0.556814968585968, 0.1063324362039566, 0.062444236129522324, 0.05217009037733078, 0.050869639962911606, 0.20757164061069489], "rhythm.beats_loudness_band_ratio.stdev": [0.22287103533744812, 0.08159279078245163, 0.04869595915079117, 0.05505456030368805, 0.04822065308690071, 0.15832315385341644], "tonal.hpcp.mean": [0.08971741795539856, 0.09975850582122803, 0.07107947766780853, 0.08905032277107239, 0.09838482737541199, 0.06385233253240585, 0.040885839611291885, 0.04235111176967621, 0.07587534189224243, 0.2469678819179535, 0.2423667460680008, 0.06755554676055908, 0.028689822182059288, 0.025721630081534386, 0.05410732328891754, 0.17504562437534332, 0.24367006123065948, 0.17368409037590027, 0.1859041154384613, 0.16060583293437958, 0.0605202354490757, 0.04211003705859184, 0.04386772960424423, 0.0709269568324089, 0.1878194659948349, 0.20137843489646912, 0.0913553237915039, 0.046122778207063675, 0.037697162479162216, 0.06474406272172928, 0.14805886149406433, 0.15298837423324585, 0.07590288668870926, 0.05084765702486038, 0.044276297092437744, 0.04646790772676468], "tonal.hpcp.stdev": [0.1770651489496231, 0.2061130404472351, 0.174190953373909, 0.23496682941913605, 0.24414975941181183, 0.17729593813419342, 0.1373610496520996, 0.14962872862815857, 0.18213370442390442, 0.3823274075984955, 0.36905792355537415, 0.15963080525398254, 0.10969631373882294, 0.09237256646156311, 0.14231091737747192, 0.2725040912628174, 0.3593388795852661, 0.2590768039226532, 0.3350909948348999, 0.30568912625312805, 0.15193666517734528, 0.1358054131269455, 0.14447151124477386, 0.17035672068595886, 0.2674650251865387, 0.2887803912162781, 0.1864604353904724, 0.14296507835388184, 0.1328069418668747, 0.1753283143043518, 0.2573625147342682, 0.26268211007118225, 0.16534072160720825, 0.15762090682983398, 0.1410766988992691, 0.1290525496006012], "rhythm.beats_position": [0.5340589284896851, 1.09133780002594, 1.6486167907714844, 2.2058956623077393, 2.763174533843994, 3.3436734676361084, 3.9241721630096436, 4.5162811279296875, 5.108389854431152, 5.712108612060547, 6.29260778427124, 6.884716510772705, 7.47682523727417, 8.068934440612793, 8.661043167114258, 9.253151893615723, 9.845260620117188, 10.437369346618652, 11.029478073120117, 11.633196830749512, 12.213695526123047, 12.817414283752441, 13.397913932800293, 13.990022659301758, 14.582131385803223, 15.174240112304688, 15.766348838806152, 16.370067596435547, 16.9505672454834, 17.531064987182617, 18.134784698486328, 18.738502502441406, 19.319002151489258, 19.911109924316406, 20.503219604492188, 21.09532928466797, 21.687437057495117, 22.2795467376709, 22.871654510498047, 23.475374221801758, 24.055871963500977, 24.659591674804688, 25.240089416503906, 25.832199096679688, 26.42430877685547, 27.016416549682617, 27.6085262298584, 28.200634002685547, 28.792743682861328, 29.384851455688477, 29.976961135864258, 30.569068908691406, 31.161178588867188, 31.75328826904297, 32.34539794921875, 32.94911575317383], "rhythm.bpm_histogram": [0.0, 0.0, 0.0, 0.0, 0.0, 0.0, 0.0, 0.0, 0.0, 0.0, 0.0, 0.0, 0.0, 0.0, 0.0, 0.0, 0.0, 0.0, 0.0, 0.0, 0.0, 0.0, 0.0, 0.0, 0.0, 0.0, 0.0, 0.0, 0.0, 0.0, 0.0, 0.0, 0.0, 0.0, 0.0, 0.0, 0.0, 0.0, 0.0, 0.0, 0.0, 0.0, 0.0, 0.0, 0.0, 0.0, 0.0, 0.0, 0.0, 0.0, 0.0, 0.0, 0.0, 0.0, 0.0, 0.0, 0.0, 0.0, 0.0, 0.0, 0.0, 0.0, 0.0, 0.0, 0.0, 0.0, 0.0, 0.0, 0.0, 0.0, 0.0, 0.0, 0.0, 0.0, 0.0, 0.0, 0.0, 0.0, 0.0, 0.0, 0.0, 0.0, 0.0, 0.0, 0.0, 0.0, 0.0, 0.0, 0.0, 0.0, 0.0, 0.0, 0.0, 0.0, 0.0, 0.0, 0.0, 0.0, 0.0, 0.16363635659217834, 0.0, 0.581818163394928, 0.0, 0.1818181872367859, 0.0, 0.0, 0.0, 0.0, 0.072727270424366, 0.0, 0.0, 0.0, 0.0, 0.0, 0.0, 0.0, 0.0, 0.0, 0.0, 0.0, 0.0, 0.0, 0.0, 0.0, 0.0, 0.0, 0.0, 0.0, 0.0, 0.0, 0.0, 0.0, 0.0, 0.0, 0.0, 0.0, 0.0, 0.0, 0.0, 0.0, 0.0, 0.0, 0.0, 0.0, 0.0, 0.0, 0.0, 0.0, 0.0, 0.0, 0.0, 0.0, 0.0, 0.0, 0.0, 0.0, 0.0, 0.0, 0.0, 0.0, 0.0, 0.0, 0.0, 0.0, 0.0, 0.0, 0.0, 0.0, 0.0, 0.0, 0.0, 0.0, 0.0, 0.0, 0.0, 0.0, 0.0, 0.0, 0.0, 0.0, 0.0, 0.0, 0.0, 0.0, 0.0, 0.0, 0.0, 0.0, 0.0, 0.0, 0.0, 0.0, 0.0, 0.0, 0.0, 0.0, 0.0, 0.0, 0.0, 0.0, 0.0, 0.0, 0.0, 0.0, 0.0, 0.0, 0.0, 0.0, 0.0, 0.0, 0.0, 0.0, 0.0, 0.0, 0.0, 0.0, 0.0, 0.0, 0.0, 0.0, 0.0, 0.0, 0.0, 0.0, 0.0, 0.0, 0.0, 0.0, 0.0, 0.0, 0.0, 0.0, 0.0, 0.0, 0.0, 0.0, 0.0, 0.0, 0.0, 0.0, 0.0, 0.0, 0.0, 0.0, 0.0, 0.0, 0.0, 0.0, 0.0, 0.0], "tonal.chords_histogram": [6.25, 11.38888931274414, 3.055555582046509, 30.41666603088379, 25.13888931274414, 4.44444465637207, 5.277777671813965, 0.0, 1.1111111640930176, 0.0, 2.6388888359069824, 0.0, 0.0, 0.0, 0.0, 0.0, 0.0, 0.0, 0.0, 0.0, 0.0, 0.0, 1.3888888359069824, 8.88888931274414], "tonal.thpcp": [1.0, 0.9813694953918457, 0.27353981137275696, 0.11616823077201843, 0.1041496992111206, 0.21908648312091827, 0.7087789177894592, 0.9866467714309692, 0.703265905380249, 0.7527461051940918, 0.6503106355667114, 0.24505306780338287, 0.17050814628601074, 0.17762523889541626, 0.2871910035610199, 0.7605015635490417, 0.8154033422470093, 0.3699077069759369, 0.1867561787366867, 0.1526399403810501, 0.26215580105781555, 0.5995065569877625, 0.6194666624069214, 0.3073391020298004, 0.20588773488998413, 0.17927958071231842, 0.18815365433692932, 0.3632756471633911, 0.4039331078529358, 0.2878085970878601, 0.36057451367378235, 0.3983709514141083, 0.2585451006889343, 0.16555124521255493, 0.17148429155349731, 0.30722758173942566], "lowlevel.gfcc.cov": [[3678.469482421875, -472.8776550292969, -893.355712890625, 24.102264404296875, 120.16541290283203, 149.7283477783203, 49.71171951293945, 85.76714324951172, -62.03681564331055, 94.83797454833984, 20.37616539001465, 29.581806182861328, 11.282487869262695], [-472.8776550292969, 754.7388916015625, -118.53118133544922, -99.3891372680664, 120.8807601928711, -94.69276428222656, 90.68887329101562, -13.279075622558594, -5.8481292724609375, -47.27995681762695, 109.88750457763672, -59.86149597167969, 67.99230194091797], [-893.355712890625, -118.53118133544922, 996.0245971679688, 148.1028594970703, -158.9383087158203, 18.98172378540039, -50.4572639465332, -34.611488342285156, 79.61309051513672, 46.125587463378906, -132.82481384277344, 68.81151580810547, -62.461063385009766], [24.102264404296875, -99.3891372680664, 148.1028594970703, 400.0504455566406, 65.41151428222656, -87.1517562866211, -63.40330505371094, 120.13785552978516, 118.79058837890625, -10.424148559570312, -18.10795783996582, 42.429954528808594, -3.678617477416992], [120.16541290283203, 120.8807601928711, -158.9383087158203, 65.41151428222656, 321.4706726074219, 34.97998046875, 55.886844635009766, 64.82023620605469, 32.292701721191406, -6.346831798553467, 23.26095962524414, -5.0387797355651855, 15.007071495056152], [149.7283477783203, -94.69276428222656, 18.98172378540039, -87.1517562866211, 34.97998046875, 384.7337341308594, 139.87091064453125, -102.74142456054688, -55.415069580078125, 42.85007095336914, -16.018800735473633, -72.7086410522461, 2.9756417274475098], [49.71171951293945, 90.68887329101562, -50.4572639465332, -63.40330505371094, 55.886844635009766, 139.87091064453125, 197.7872772216797, -12.034123420715332, -60.68217086791992, 16.62087059020996, 23.64354705810547, -38.900997161865234, 3.70436954498291], [85.76714324951172, -13.279075622558594, -34.611488342285156, 120.13785552978516, 64.82023620605469, -102.74142456054688, -12.034123420715332, 175.44818115234375, 77.73391723632812, -40.71906661987305, 14.417744636535645, 36.520084381103516, 9.240378379821777], [-62.03681564331055, -5.8481292724609375, 79.61309051513672, 118.79058837890625, 32.292701721191406, -55.415069580078125, -60.68217086791992, 77.73391723632812, 149.7169189453125, 17.611644744873047, -21.411128997802734, 27.46923065185547, 6.215116500854492], [94.83797454833984, -47.27995681762695, 46.125587463378906, -10.424148559570312, -6.346831798553467, 42.85007095336914, 16.62087059020996, -40.71906661987305, 17.611644744873047, 118.96743774414062, 7.526280403137207, 1.8773958683013916, -18.968048095703125], [20.37616539001465, 109.88750457763672, -132.82481384277344, -18.10795783996582, 23.26095962524414, -16.018800735473633, 23.64354705810547, 14.417744636535645, -21.411128997802734, 7.526280403137207, 132.14404296875, -3.1584668159484863, 4.802490234375], [29.581806182861328, -59.86149597167969, 68.81151580810547, 42.429954528808594, -5.0387797355651855, -72.7086410522461, -38.900997161865234, 36.520084381103516, 27.46923065185547, 1.8773958683013916, -3.1584668159484863, 93.70226287841797, 1.29353666305542], [11.282487869262695, 67.99230194091797, -62.461063385009766, -3.678617477416992, 15.007071495056152, 2.9756417274475098, 3.70436954498291, 9.240378379821777, 6.215116500854492, -18.968048095703125, 4.802490234375, 1.29353666305542, 65.99153900146484]], "lowlevel.gfcc.icov": [[0.0004838136665057391, 9.2621601652354e-05, 0.0006087524234317243, -0.00023337437596637756, 0.0001422325731255114, -0.00040471681859344244, 0.00016631213657092303, -0.0005413660546764731, 0.00048765403334982693, -0.0007290993235073984, 0.0004845419025514275, -0.0005754883750341833, 0.0001579260715516284], [9.2621601652354e-05, 0.003432081313803792, -0.0006699725636281073, 0.0010184699203819036, -0.001559077762067318, 0.002833070233464241, -0.0028272210620343685, 0.0028325305320322514, -0.0025111676659435034, 0.0019048766698688269, -0.0029227840714156628, 0.0026745472569018602, -0.0031961421482264996], [0.0006087524234317243, -0.0006699725636281073, 0.0025762533769011497, -0.001176544581539929, 0.0013598348014056683, -0.0014307367382571101, 0.00037429784424602985, -0.0005545473541133106, 0.00030539347790181637, -0.0013090057764202356, 0.002451443113386631, -0.002656463999301195, 0.002239620080217719], [-0.00023337437596637756, 0.0010184699203819036, -0.001176544581539929, 0.004390127025544643, -0.0012943553738296032, 0.001107563846744597, -0.00016375319682992995, -0.0007404253701679409, -0.0024046581238508224, 0.001002192497253418, -0.0013022160856053233, 0.0012647128896787763, -0.0009365399600937963], [0.0001422325731255114, -0.001559077762067318, 0.0013598348014056683, -0.0012943553738296032, 0.004964608699083328, -0.0020338264293968678, 9.638037590775639e-05, -0.0022423467598855495, 0.00030157752917148173, -0.0010045383824035525, 0.0015710809966549277, -0.0018890831852331758, 0.0016738004051148891], [-0.00040471681859344244, 0.002833070233464241, -0.0014307367382571101, 0.001107563846744597, -0.0020338264293968678, 0.007581525482237339, -0.005566357169300318, 0.0054852524772286415, -0.00330739701166749, 0.0019130345899611712, -0.002308825496584177, 0.004713912028819323, -0.0035401962231844664], [0.00016631213657092303, -0.0028272210620343685, 0.00037429784424602985, -0.00016375319682992995, 9.638037590775639e-05, -0.005566357169300318, 0.011963783763349056, -0.006779297720640898, 0.0070041767321527, -0.004267330281436443, 0.0018851491622626781, -0.0006925076595507562, 0.0017265740316361189], [-0.0005413660546764731, 0.0028325305320322514, -0.0005545473541133106, -0.0007404253701679409, -0.0022423467598855495, 0.0054852524772286415, -0.006779297720640898, 0.016594527289271355, -0.009561150334775448, 0.007667573168873787, -0.004392298404127359, 0.00010058969928650185, -0.0016504393424838781], [0.00048765403334982693, -0.0025111676659435034, 0.00030539347790181637, -0.0024046581238508224, 0.00030157752917148173, -0.00330739701166749, 0.0070041767321527, -0.009561150334775448, 0.01685282401740551, -0.007574210874736309, 0.00446765823289752, -0.0014424758264794946, -0.00037602277006953955], [-0.0007290993235073984, 0.0019048766698688269, -0.0013090057764202356, 0.001002192497253418, -0.0010045383824035525, 0.0019130345899611712, -0.004267330281436443, 0.007667573168873787, -0.007574210874736309, 0.014444887638092041, -0.004408324137330055, 0.0003871517546940595, 0.0014654777478426695], [0.0004845419025514275, -0.0029227840714156628, 0.002451443113386631, -0.0013022160856053233, 0.0015710809966549277, -0.002308825496584177, 0.0018851491622626781, -0.004392298404127359, 0.00446765823289752, -0.004408324137330055, 0.012585844844579697, -0.003280404256656766, 0.0028928117826581], [-0.0005754883750341833, 0.0026745472569018602, -0.002656463999301195, 0.0012647128896787763, -0.0018890831852331758, 0.004713912028819323, -0.0006925076595507562, 0.00010058969928650185, -0.0014424758264794946, 0.0003871517546940595, -0.003280404256656766, 0.01753968745470047, -0.0047172075137495995], [0.0001579260715516284, -0.0031961421482264996, 0.002239620080217719, -0.0009365399600937963, 0.0016738004051148891, -0.0035401962231844664, 0.0017265740316361189, -0.0016504393424838781, -0.00037602277006953955, 0.0014654777478426695, 0.0028928117826581, -0.0047172075137495995, 0.020738855004310608]], "lowlevel.mfcc.cov": [[4384.5498046875, -659.3833618164062, -966.4173583984375, -98.12852478027344, -71.90921020507812, 57.486576080322266, 78.8993911743164, 17.892620086669922, 52.46843338012695, -53.61391830444336, 71.81631469726562, 63.44072341918945, 60.790992736816406], [-659.3833618164062, 773.32861328125, -108.96240234375, -52.6443977355957, -6.230043888092041, -49.4591178894043, 108.71798706054688, -36.79250717163086, -64.48127746582031, 67.08687591552734, -56.570579528808594, -62.24021530151367, 17.108861923217773], [-966.4173583984375, -108.96240234375, 884.2874145507812, 34.97523498535156, -67.06656646728516, 110.13308715820312, -125.98970031738281, -17.17354393005371, 38.43553924560547, -42.586036682128906, 54.73960876464844, 23.644454956054688, -78.03907012939453], [-98.12852478027344, -52.6443977355957, 34.97523498535156, 477.3880615234375, 143.5478057861328, -191.44435119628906, -143.0811309814453, 87.7786865234375, 62.190181732177734, -76.53321075439453, 70.98820495605469, 93.61835479736328, 14.781872749328613], [-71.90921020507812, -6.230043888092041, -67.06656646728516, 143.5478057861328, 260.8746032714844, -67.43110656738281, -42.60419845581055, 71.60839080810547, 40.4321174621582, 29.497875213623047, -12.50420093536377, 32.17267608642578, 25.6822509765625], [57.486576080322266, -49.4591178894043, 110.13308715820312, -191.44435119628906, -67.43110656738281, 392.330810546875, 119.6019515991211, -56.89116287231445, 41.35220718383789, 51.080196380615234, 38.40515899658203, -58.083824157714844, -21.08133316040039], [78.8993911743164, 108.71798706054688, -125.98970031738281, -143.0811309814453, -42.60419845581055, 119.6019515991211, 274.5090637207031, 14.500863075256348, -47.1168327331543, 78.40550231933594, -25.340389251708984, -52.70606231689453, 16.692089080810547], [17.892620086669922, -36.79250717163086, -17.17354393005371, 87.7786865234375, 71.60839080810547, -56.89116287231445, 14.500863075256348, 142.38177490234375, 51.81697082519531, -7.982875823974609, 1.24419105052948, 26.22283363342285, 5.110962867736816], [52.46843338012695, -64.48127746582031, 38.43553924560547, 62.190181732177734, 40.4321174621582, 41.35220718383789, -47.1168327331543, 51.81697082519531, 136.04788208007812, 2.299128532409668, 21.774080276489258, 7.958805084228516, 1.3853099346160889], [-53.61391830444336, 67.08687591552734, -42.586036682128906, -76.53321075439453, 29.497875213623047, 51.080196380615234, 78.40550231933594, -7.982875823974609, 2.299128532409668, 145.2365264892578, -23.4078426361084, -46.30315399169922, 11.230677604675293], [71.81631469726562, -56.570579528808594, 54.73960876464844, 70.98820495605469, -12.50420093536377, 38.40515899658203, -25.340389251708984, 1.24419105052948, 21.774080276489258, -23.4078426361084, 108.69310760498047, 49.162105560302734, -4.272851467132568], [63.44072341918945, -62.24021530151367, 23.644454956054688, 93.61835479736328, 32.17267608642578, -58.083824157714844, -52.70606231689453, 26.22283363342285, 7.958805084228516, -46.30315399169922, 49.162105560302734, 128.7039794921875, 22.856849670410156], [60.790992736816406, 17.108861923217773, -78.03907012939453, 14.781872749328613, 25.6822509765625, -21.08133316040039, 16.692089080810547, 5.110962867736816, 1.3853099346160889, 11.230677604675293, -4.272851467132568, 22.856849670410156, 99.41877746582031]], "lowlevel.mfcc.icov": [[0.00043178448686376214, 0.0004015646409243345, 0.0005770252319052815, 9.238263010047376e-05, 0.00021662934159394354, -6.438841228373349e-05, -3.146637027384713e-05, 4.1262599552283064e-05, -0.00020564136502798647, 9.582670463714749e-05, -0.000248782685957849, -0.00016457248420920223, 5.88088296353817e-05], [0.0004015646409243345, 0.0019142996752634645, 0.0005131422076374292, -3.3926353353308514e-05, 0.00011746065138140693, 0.0004608547315001488, -0.0007591540925204754, 0.0006912132375873625, -8.921132393879816e-05, -0.0002361063234275207, -2.095925265166443e-05, 0.000323494547046721, -5.518967373063788e-05], [0.0005770252319052815, 0.0005131422076374292, 0.0022556434851139784, -0.00016694620717316866, 0.0008669221424497664, -0.0009811425115913153, 0.0010345063637942076, -0.0004559028020594269, 9.152584971161559e-05, -0.00016980583313852549, -0.00017940628458745778, -0.0006352640921249986, 0.0009282594546675682], [9.238263010047376e-05, -3.3926353353308514e-05, -0.00016694620717316866, 0.004607108887284994, -0.0019707013852894306, 0.002132914261892438, 0.00015981921751517802, -0.00044911852455697954, -0.0014329475816339254, 0.001529318979009986, -0.0034388138446956873, 0.0002286340168211609, -0.000262232031673193], [0.00021662934159394354, 0.00011746065138140693, 0.0008669221424497664, -0.0019707013852894306, 0.006518709473311901, -0.001187585759907961, 0.0017729401588439941, -0.0026506592985242605, 0.00044145662104710937, -0.0028454982675611973, 0.0023551771882921457, -0.0015357688535004854, -0.0005067500751465559], [-6.438841228373349e-05, 0.0004608547315001488, -0.0009811425115913153, 0.002132914261892438, -0.001187585759907961, 0.006237460765987635, -0.0035064774565398693, 0.003352288855239749, -0.004026737995445728, 0.0007222727290354669, -0.003606439335271716, 0.0017010446172207594, 0.0003470255760475993], [-3.146637027384713e-05, -0.0007591540925204754, 0.0010345063637942076, 0.00015981921751517802, 0.0017729401588439941, -0.0035064774565398693, 0.008471973240375519, -0.0052430471405386925, 0.00469087203964591, -0.0029919736552983522, 0.0006377585814334452, 0.0004610332543961704, -0.0012222111690789461], [4.1262599552283064e-05, 0.0006912132375873625, -0.0004559028020594269, -0.00044911852455697954, -0.0026506592985242605, 0.003352288855239749, -0.0052430471405386925, 0.013261819258332253, -0.006475054658949375, 0.0019058932084590197, 0.0003003167803399265, -0.0012133453274145722, 0.001325611025094986], [-0.00020564136502798647, -8.921132393879816e-05, 9.152584971161559e-05, -0.0014329475816339254, 0.00044145662104710937, -0.004026737995445728, 0.00469087203964591, -0.006475054658949375, 0.013185501098632812, -0.002113642869517207, 1.4573243788618129e-05, 0.0010239165276288986, -0.0011763492366299033], [9.582670463714749e-05, -0.0002361063234275207, -0.00016980583313852549, 0.001529318979009986, -0.0028454982675611973, 0.0007222727290354669, -0.0029919736552983522, 0.0019058932084590197, -0.002113642869517207, 0.010629075579345226, -0.0009227409027516842, 0.0026490911841392517, -0.000905998342204839], [-0.000248782685957849, -2.095925265166443e-05, -0.00017940628458745778, -0.0034388138446956873, 0.0023551771882921457, -0.003606439335271716, 0.0006377585814334452, 0.0003003167803399265, 1.4573243788618129e-05, -0.0009227409027516842, 0.015942078083753586, -0.006005074828863144, 0.001200342201627791], [-0.00016457248420920223, 0.000323494547046721, -0.0006352640921249986, 0.0002286340168211609, -0.0015357688535004854, 0.0017010446172207594, 0.0004610332543961704, -0.0012133453274145722, 0.0010239165276288986, 0.0026490911841392517, -0.006005074828863144, 0.013329367153346539, -0.0033813812769949436], [5.88088296353817e-05, -5.518967373063788e-05, 0.0009282594546675682, -0.000262232031673193, -0.0005067500751465559, 0.0003470255760475993, -0.0012222111690789461, 0.001325611025094986, -0.0011763492366299033, -0.000905998342204839, 0.001200342201627791, -0.0033813812769949436, 0.012088898569345474]], "metadata.audio_properties.analysis.downmix": "mix", "metadata.audio_properties.codec": "mp3", "metadata.audio_properties.md5_encoded": "078787d6159a1d1424d642d9c36c4231", "metadata.tags.file_name": "1182282901925142620.mp3", "metadata.version.essentia": "2.1-beta6-dev", "metadata.version.essentia_git_sha": "v2.1_beta5-1110-g77a6a954", "metadata.version.extractor": "music 2.0", "tonal.chords_key": "D", "tonal.chords_scale": "minor", "tonal.key_edma.key": "Bb", "tonal.key_edma.scale": "major", "tonal.key_krumhansl.key": "Bb", "tonal.key_krumhansl.scale": "major", "tonal.key_temperley.key": "Eb", "tonal.key_temperley.scale": "major", "metadata.tags.encoding": ["Lavf58.45.100"]}, "essentia_models": [{"model_name": "genre_dortmund", "activations": {"alternative": "0.00495509", "blues":