{"song_id": "1182258723054436394", "download": "https://cdn.discordapp.com/attachments/1135911532732108921/1182258723054436394/chirp.mp4?ex=65840b3c&amp", "lyrics": "[Verse]\nIn dimly lit halls, we face our fears\nAs animatronic monsters draw near\nTheir haunting eyes, a menacing glow\nSurviving the night, we won't let go\n\n[Chorus]\nFive Nights at Freddy's, the terror unfolds\nIn this haunted world, where nightmares behold\nWe're trapped in this nightmare, fighting back the fright\nLocked in this rock song, we'll make it through the night", "style": ["Rock"], "essentia_features": {"lowlevel.average_loudness": 0.9817135334014893, "lowlevel.barkbands_crest.mean": 13.801074028015137, "lowlevel.barkbands_crest.stdev": 4.458944320678711, "lowlevel.barkbands_flatness_db.mean": 0.1436658501625061, "lowlevel.barkbands_flatness_db.stdev": 0.04643122851848602, "lowlevel.barkbands_kurtosis.mean": 4.497884273529053, "lowlevel.barkbands_kurtosis.stdev": 9.50049114227295, "lowlevel.barkbands_skewness.mean": 1.9136139154434204, "lowlevel.barkbands_skewness.stdev": 1.3719182014465332, "lowlevel.barkbands_spread.mean": 30.850547790527344, "lowlevel.barkbands_spread.stdev": 13.807159423828125, "lowlevel.dissonance.mean": 0.48463040590286255, "lowlevel.dissonance.stdev": 0.015800775960087776, "lowlevel.dynamic_complexity": 1.0362342596054077, "lowlevel.erbbands_crest.mean": 7.193360328674316, "lowlevel.erbbands_crest.stdev": 3.319082021713257, "lowlevel.erbbands_flatness_db.mean": 0.1453278511762619, "lowlevel.erbbands_flatness_db.stdev": 0.03792399913072586, "lowlevel.erbbands_kurtosis.mean": 0.5328215956687927, "lowlevel.erbbands_kurtosis.stdev": 1.9578498601913452, "lowlevel.erbbands_skewness.mean": -0.7061771154403687, "lowlevel.erbbands_skewness.stdev": 0.672512412071228, "lowlevel.erbbands_spread.mean": 47.584598541259766, "lowlevel.erbbands_spread.stdev": 16.182703018188477, "lowlevel.hfc.mean": 35.393638610839844, "lowlevel.hfc.stdev": 15.384885787963867, "lowlevel.loudness_ebu128.integrated": -12.07329273223877, "lowlevel.loudness_ebu128.loudness_range": 1.1177892684936523, "lowlevel.loudness_ebu128.momentary.mean": -12.130162239074707, "lowlevel.loudness_ebu128.momentary.stdev": 0.7316138744354248, "lowlevel.loudness_ebu128.short_term.mean": -12.141427993774414, "lowlevel.loudness_ebu128.short_term.stdev": 0.3860699236392975, "lowlevel.melbands_crest.mean": 21.862667083740234, "lowlevel.melbands_crest.stdev": 5.8653059005737305, "lowlevel.melbands_flatness_db.mean": 0.209253191947937, "lowlevel.melbands_flatness_db.stdev": 0.053892239928245544, "lowlevel.melbands_kurtosis.mean": 25.258634567260742, "lowlevel.melbands_kurtosis.stdev": 30.237751007080078, "lowlevel.melbands_skewness.mean": 4.217401027679443, "lowlevel.melbands_skewness.stdev": 2.263692617416382, "lowlevel.melbands_spread.mean": 24.15195083618164, "lowlevel.melbands_spread.stdev": 17.401330947875977, "lowlevel.pitch_salience.mean": 0.429377019405365, "lowlevel.pitch_salience.stdev": 0.12712189555168152, "lowlevel.silence_rate_20dB.mean": 1.0, "lowlevel.silence_rate_20dB.stdev": 0.0, "lowlevel.silence_rate_30dB.mean": 0.8423153758049011, "lowlevel.silence_rate_30dB.stdev": 0.36444512009620667, "lowlevel.silence_rate_60dB.mean": 0.003992015961557627, "lowlevel.silence_rate_60dB.stdev": 0.06305637955665588, "lowlevel.spectral_centroid.mean": 2151.3486328125, "lowlevel.spectral_centroid.stdev": 563.6646118164062, "lowlevel.spectral_complexity.mean": 34.49401092529297, "lowlevel.spectral_complexity.stdev": 9.080394744873047, "lowlevel.spectral_decrease.mean": -1.5668371489141464e-08, "lowlevel.spectral_decrease.stdev": 1.134322236140406e-08, "lowlevel.spectral_energy.mean": 0.062346313148736954, "lowlevel.spectral_energy.stdev": 0.04317047446966171, "lowlevel.spectral_energyband_high.mean": 0.0022708489559590816, "lowlevel.spectral_energyband_high.stdev": 0.0020114551298320293, "lowlevel.spectral_energyband_low.mean": 0.0446179024875164, "lowlevel.spectral_energyband_low.stdev": 0.04246833547949791, "lowlevel.spectral_energyband_middle_high.mean": 0.007370201870799065, "lowlevel.spectral_energyband_middle_high.stdev": 0.0040812017396092415, "lowlevel.spectral_energyband_middle_low.mean": 0.008755993098020554, "lowlevel.spectral_energyband_middle_low.stdev": 0.014851354993879795, "lowlevel.spectral_entropy.mean": 7.871367454528809, "lowlevel.spectral_entropy.stdev": 0.31534233689308167, "lowlevel.spectral_flux.mean": 0.14487600326538086, "lowlevel.spectral_flux.stdev": 0.08361966907978058, "lowlevel.spectral_kurtosis.mean": 2.7049753665924072, "lowlevel.spectral_kurtosis.stdev": 1.9308547973632812, "lowlevel.spectral_rms.mean": 0.007408013567328453, "lowlevel.spectral_rms.stdev": 0.0024386488366872072, "lowlevel.spectral_rolloff.mean": 1486.5443115234375, "lowlevel.spectral_rolloff.stdev": 1407.2545166015625, "lowlevel.spectral_skewness.mean": 0.883719801902771, "lowlevel.spectral_skewness.stdev": 0.32765159010887146, "lowlevel.spectral_spread.mean": 4103492.0, "lowlevel.spectral_spread.stdev": 1110575.5, "lowlevel.spectral_strongpeak.mean": 0.73638916015625, "lowlevel.spectral_strongpeak.stdev": 0.5121690034866333, "lowlevel.zerocrossingrate.mean": 0.05947236344218254, "lowlevel.zerocrossingrate.stdev": 0.031112635508179665, "metadata.audio_properties.analysis.equal_loudness": 0.0, "metadata.audio_properties.analysis.length": 23.23199462890625, "metadata.audio_properties.analysis.sample_rate": 44100.0, "metadata.audio_properties.analysis.start_time": 0.0, "metadata.audio_properties.bit_rate": 125655.0, "metadata.audio_properties.length": 23.23200035095215, "metadata.audio_properties.lossless": 0.0, "metadata.audio_properties.number_channels": 1.0, "metadata.audio_properties.replay_gain": -12.457313537597656, "metadata.audio_properties.sample_rate": 48000.0, "rhythm.beats_count": 34.0, "rhythm.beats_loudness.mean": 0.08165595680475235, "rhythm.beats_loudness.stdev": 0.03559742867946625, "rhythm.bpm": 89.58073425292969, "rhythm.bpm_histogram_first_peak_bpm": 89.0, "rhythm.bpm_histogram_first_peak_weight": 0.4375000596046448, "rhythm.bpm_histogram_second_peak_bpm": 83.0, "rhythm.bpm_histogram_second_peak_spread": 0.0, "rhythm.bpm_histogram_second_peak_weight": 0.03030303120613098, "rhythm.danceability": 1.426581621170044, "rhythm.onset_rate": 4.816213607788086, "tonal.chords_changes_rate": 0.08167330920696259, "tonal.chords_number_rate": 0.01593625545501709, "tonal.chords_strength.mean": 0.5263330936431885, "tonal.chords_strength.stdev": 0.10116574913263321, "tonal.hpcp_crest.mean": 12.046371459960938, "tonal.hpcp_crest.stdev": 6.211554050445557, "tonal.hpcp_entropy.mean": 2.417344093322754, "tonal.hpcp_entropy.stdev": 0.8873749375343323, "tonal.key_edma.strength": 0.44911989569664, "tonal.key_krumhansl.strength": 0.4521315395832062, "tonal.key_temperley.strength": 0.45969703793525696, "tonal.tuning_diatonic_strength": 0.5508471131324768, "tonal.tuning_equal_tempered_deviation": 0.15047580003738403, "tonal.tuning_frequency": 437.9714660644531, "tonal.tuning_nontempered_energy_ratio": 0.8194717168807983, "lowlevel.barkbands.mean": [0.0026385437231510878, 0.02478901483118534, 0.016648760065436363, 0.0017961410339921713, 0.003579449374228716, 0.0005249386886134744, 0.001583224511705339, 0.00027492601657286286, 0.0007655833032913506, 0.000962511170655489, 0.00045355260954238474, 0.0003878558345604688, 0.0005754846497438848, 0.0005931914784014225, 0.0009004772873595357, 0.0007971157319843769, 0.0007586076972074807, 0.0005400316440500319, 0.0009224041714332998, 0.0009565117070451379, 0.0006900981534272432, 0.000609426002483815, 0.00025479772011749446, 0.00019913238065782934, 8.083380089374259e-05, 6.129725079517812e-05, 2.495570242899703e-06], "lowlevel.barkbands.stdev": [0.004623449873179197, 0.04033305495977402, 0.011913878843188286, 0.0025574073661118746, 0.012041324749588966, 0.001593092572875321, 0.003297886112704873, 0.0007041017524898052, 0.0017805502284318209, 0.002134023467078805, 0.001133077428676188, 0.0006970115355215967, 0.0009320513345301151, 0.0009841542923823, 0.001201861770823598, 0.0007607779116369784, 0.0006030064541846514, 0.0004371704999357462, 0.0006270616431720555, 0.0005330199492163956, 0.0005614060792140663, 0.0008062265114858747, 0.00037625301047228277, 0.00042937626130878925, 0.00014404038665816188, 0.00014799978816881776, 7.2378325057798065e-06], "lowlevel.erbbands.mean": [0.9507144093513489, 4.837333679199219, 17.567354202270508, 12.142584800720215, 9.56437873840332, 13.233881950378418, 4.257968902587891, 5.5654683113098145, 23.460681915283203, 12.168402671813965, 7.420692443847656, 17.703014373779297, 20.449399948120117, 32.16023254394531, 20.04119110107422, 16.058137893676758, 27.190784454345703, 29.10138702392578, 48.10314178466797, 37.577247619628906, 46.70994567871094, 42.861507415771484, 30.929895401000977, 37.416934967041016, 54.228302001953125, 44.12755584716797, 29.85124969482422, 25.901126861572266, 24.033544540405273, 12.305203437805176, 6.644511699676514, 4.961258888244629, 2.755143165588379, 1.103975772857666, 0.4819089472293854, 0.2271580547094345, 0.1276831030845642, 0.020257944241166115, 0.0004470738931559026, 8.729314140509814e-05], "lowlevel.erbbands.stdev": [1.8791028261184692, 6.610401630401611, 12.434741973876953, 9.471213340759277, 29.37753677368164, 44.65026092529297, 15.377416610717773, 14.56255054473877, 51.19014358520508, 23.756397247314453, 15.488216400146484, 40.05002212524414, 61.124542236328125, 66.92708587646484, 42.68913269042969, 24.041189193725586, 44.19675064086914, 38.56143569946289, 64.83436584472656, 37.286376953125, 46.18075942993164, 32.327510833740234, 23.41750717163086, 27.87779426574707, 34.78154754638672, 23.824934005737305, 21.468170166015625, 23.5052433013916, 32.138187408447266, 17.295795440673828, 9.885798454284668, 10.352832794189453, 5.881290912628174, 1.9990097284317017, 0.9179515838623047, 0.540503740310669, 0.3214469850063324, 0.053312256932258606, 0.001060925773344934, 5.521017010323703e-05], "lowlevel.gfcc.mean": [43.11317443847656, 69.8458480834961, -124.72879791259766, 69.15369415283203, -38.33563995361328, 22.613941192626953, -21.589881896972656, 10.91857624053955, -18.417455673217773, 5.586862564086914, -19.225330352783203, -4.841718673706055, -15.558753967285156], "lowlevel.melbands.mean": [0.0075356196612119675, 0.007734338287264109, 0.002088054083287716, 0.0009067962528206408, 0.00020985427545383573, 0.00012410845374688506, 0.0003527947701513767, 0.00011009859008481726, 7.242705760290846e-05, 0.00010998711513821036, 0.00010123536776518449, 0.00013339502038434148, 6.698413199046627e-05, 4.560266461339779e-05, 5.0006969104288146e-05, 5.561989746638574e-05, 5.395933476393111e-05, 7.464289956260473e-05, 5.7863304391503334e-05, 5.044886711402796e-05, 5.430364399217069e-05, 4.457871909835376e-05, 3.5893579479306936e-05, 2.3596647224621847e-05, 3.0325374609674327e-05, 3.57835742761381e-05, 4.239457121002488e-05, 2.5708735847729258e-05, 1.8191956769442186e-05, 1.731842894514557e-05, 1.40689598993049e-05, 1.4800691133132204e-05, 9.784598660189658e-06, 5.681486982211936e-06, 3.822121925622923e-06, 3.2281318453897256e-06, 3.0497108127747197e-06, 2.1160431060707197e-06, 1.285778239434876e-06, 7.95217829363537e-07], "lowlevel.melbands.stdev": [0.013560617342591286, 0.005176910664886236, 0.0016740824794396758, 0.0030427456367760897, 0.0007715521496720612, 0.0003244196414016187, 0.0007579410448670387, 0.0002284789370605722, 0.00017627743363846093, 0.0002458376984577626, 0.0003051714156754315, 0.00028860391466878355, 0.0001595127978362143, 8.066804730333388e-05, 8.374955359613523e-05, 8.478445670334622e-05, 8.145895844791085e-05, 0.00010534730972722173, 7.498019112972543e-05, 4.677096148952842e-05, 5.6381435570074245e-05, 3.7254747439874336e-05, 2.950366251752712e-05, 1.9833854821627028e-05, 2.4617665985715576e-05, 2.603419306979049e-05, 2.7322472305968404e-05, 1.5149174032558221e-05, 1.3474736078933347e-05, 1.6037063687690534e-05, 1.3732673323829658e-05, 1.990159580600448e-05, 1.516828706371598e-05, 8.274630999949295e-06, 5.706995580112562e-06, 5.8556133808451705e-06, 7.106230896170018e-06, 4.680330675910227e-06, 2.611163381516235e-06, 1.44170235216734e-06], "lowlevel.melbands128.mean": [0.0020470796152949333, 0.008343083783984184, 0.009364256635308266, 0.007006438449025154, 0.009244831278920174, 0.0073871249333024025, 0.0024273511953651905, 0.0007622073753736913, 0.0008586344192735851, 0.0012618930777534842, 0.0007177290390245616, 0.00023982014681678265, 0.00010852797277038917, 9.364795550936833e-05, 0.00010720971476985142, 0.00011793299927376211, 0.00028534987359307706, 0.0005425077979452908, 0.00024186570954043418, 0.00010029158147517592, 6.474847759818658e-05, 3.952539191232063e-05, 5.0045884563587606e-05, 0.00013212028716225177, 0.00014093535719439387, 7.930838182801381e-05, 0.00010350736556574702, 0.00010395242861704901, 7.57174493628554e-05, 0.0001965566916624084, 0.00012978656741324812, 6.0874386690557e-05, 7.3672563303262e-05, 5.837666321895085e-05, 5.942504503764212e-05, 3.257792195654474e-05, 4.074101525475271e-05, 3.5251181543571874e-05, 7.377156725851819e-05, 6.752457557013258e-05, 4.7678870032541454e-05, 4.2165309423580766e-05, 5.674041312886402e-05, 5.5529508244944736e-05, 5.919364048168063e-05, 7.076089968904853e-05, 0.00011536239617271349, 4.405303843668662e-05, 4.336838537710719e-05, 5.177287675905973e-05, 4.353836993686855e-05, 5.761139254900627e-05, 6.69357759761624e-05, 4.418787648319267e-05, 4.611873009707779e-05, 4.49815925094299e-05, 4.2561383452266455e-05, 4.4823686039308086e-05, 3.097808075835928e-05, 2.4223247237387113e-05, 2.049686918326188e-05, 2.4154003767762333e-05, 3.193952579749748e-05, 3.161742279189639e-05, 2.881471846194472e-05, 3.3200954931089655e-05, 4.245098170940764e-05, 4.347939102444798e-05, 4.5121738367015496e-05, 3.8204922020668164e-05, 2.4611581466160715e-05, 1.974620681721717e-05, 1.8616547095007263e-05, 1.8284930774825625e-05, 1.70545117725851e-05, 1.905140197777655e-05, 1.64762168424204e-05, 1.4705296962347347e-05, 1.3335318726603873e-05, 1.3361099263420328e-05, 1.692722253210377e-05, 1.463298758608289e-05, 1.187034013128141e-05, 1.0121128070750274e-05, 7.145165909605566e-06, 6.213819688127842e-06, 5.113422957947478e-06, 4.662066203309223e-06, 3.5466421195451403e-06, 3.3766059459594544e-06, 3.5976631806988735e-06, 3.1309641599364113e-06, 2.737330305535579e-06, 3.213581521777087e-06, 3.2288064630847657e-06, 2.4486828351655276e-06, 1.7910510905494448e-06, 1.7374787830704008e-06, 1.3065480288787512e-06, 1.0675671546778176e-06, 9.681164101493778e-07, 7.260733809744124e-07, 6.450912337641057e-07, 5.344083433556079e-07, 5.647144121212477e-07, 4.868874725616479e-07, 4.861595925831352e-07, 3.435366124904249e-07, 3.4237817203575105e-07, 3.9095036186154175e-07, 4.4197946635904373e-07, 3.9775710547473864e-07, 4.6621065052931954e-07, 4.378910034574801e-07, 2.92088259357115e-07, 2.522595252685278e-07, 1.0120835725047073e-07, 1.341407251942428e-08, 1.1757466528150573e-11, 1.0725046718784714e-11, 1.0113057093141808e-11, 9.563830630221481e-12, 9.233461217839078e-12, 9.029560085749289e-12, 8.619449771984922e-12, 7.839734937620246e-12, 7.358985816552366e-12, 7.254474798656929e-12], "lowlevel.melbands128.stdev": [0.004104266874492168, 0.017393849790096283, 0.018084920942783356, 0.009370199404656887, 0.007184452377259731, 0.0052684457041323185, 0.002218948444351554, 0.0013462123461067677, 0.0031064250506460667, 0.004586185794323683, 0.0025278667453676462, 0.001382102956995368, 0.00044959672959521413, 0.0003644727112259716, 0.0003632658044807613, 0.00042447587475180626, 0.000677321630064398, 0.0013042462524026632, 0.0005263256025500596, 0.00033176614670082927, 0.00022865079517941922, 0.00010059077612822875, 0.00018308180733583868, 0.00045188740477897227, 0.0003921047318726778, 0.00029104144778102636, 0.00042102509178221226, 0.000521220441441983, 0.00021587382070720196, 0.0004977231728844345, 0.0003478700527921319, 0.0001902636868180707, 0.00024519290309399366, 0.00016975308244582266, 0.00017503887647762895, 5.5052867537597194e-05, 0.0001073014791472815, 7.859533798182383e-05, 0.00019126715778838843, 0.00013031321577727795, 9.995971049647778e-05, 6.630731513723731e-05, 0.00013757422857452184, 9.674242755863816e-05, 0.00019378928118385375, 0.00011017594806617126, 0.00022992944286670536, 8.263713971246034e-05, 7.683075091335922e-05, 7.241895218612626e-05, 5.340567804523744e-05, 7.406443182844669e-05, 0.00010840044706128538, 4.968475695932284e-05, 5.65135596843902e-05, 4.927113695885055e-05, 3.945305434172042e-05, 4.693076334660873e-05, 3.492886753519997e-05, 2.624537592055276e-05, 2.3395996322506107e-05, 2.374487121414859e-05, 3.262164318584837e-05, 3.446854680078104e-05, 2.6141742637264542e-05, 3.189103881595656e-05, 4.284849637770094e-05, 4.1867358959279954e-05, 3.782750354730524e-05, 2.9540276955231093e-05, 1.90261380339507e-05, 1.529070686956402e-05, 1.673171209404245e-05, 1.7035092241712846e-05, 1.5540001186309382e-05, 2.2812169845565222e-05, 1.785604763426818e-05, 1.5823849025764503e-05, 1.4806802937528118e-05, 1.7189388017868623e-05, 2.328861774003599e-05, 2.4576555006206036e-05, 1.9972767404397018e-05, 1.8976539649884216e-05, 1.1191361409146339e-05, 9.805752597458195e-06, 8.22199581307359e-06, 8.078757673501968e-06, 5.519639671547338e-06, 5.495844561664853e-06, 6.685378593829228e-06, 6.601494078495307e-06, 5.325752226781333e-06, 8.259252354037017e-06, 8.931964657676872e-06, 5.756340669904603e-06, 3.7029055874882033e-06, 4.186258138361154e-06, 3.121018607998849e-06, 2.027322580033797e-06, 1.789730731616146e-06, 1.4483597396974801e-06, 1.3636056337418268e-06, 1.0711842151067685e-06, 1.2300681646593148e-06, 1.1094854244220187e-06, 1.2377990969980601e-06, 8.452529982605483e-07, 9.599941677151946e-07, 1.1178345857842942e-06, 1.2791992958227638e-06, 1.0659007330104942e-06, 1.2283734349693987e-06, 1.2304928986850427e-06, 8.467704901704565e-07, 7.373524226750305e-07, 2.8145294095338613e-07, 5.673934566630123e-08, 4.346875290273111e-11, 4.057874175567022e-11, 3.670119763654611e-11, 3.346605284559878e-11, 3.1636655101197064e-11, 2.8749740435540794e-11, 2.1770906258322675e-11, 1.2449542265147162e-11, 9.86837001004659e-12, 9.746362571172451e-12], "lowlevel.mfcc.mean": [-592.202392578125, 86.34090423583984, -12.037435531616211, 49.759891510009766, 11.216757774353027, 23.310688018798828, 9.77656078338623, 10.137306213378906, 8.925312995910645, 10.301586151123047, 2.168316602706909, 2.553255796432495, 1.7463926076889038], "lowlevel.spectral_contrast_coeffs.mean": [-0.6540371775627136, -0.7634739875793457, -0.7937175631523132, -0.7927086353302002, -0.7891401648521423, -0.6794356107711792], "lowlevel.spectral_contrast_coeffs.stdev": [0.07738915085792542, 0.08580072969198227, 0.06413421779870987, 0.043052881956100464, 0.03420964255928993, 0.05430453270673752], "lowlevel.spectral_contrast_valleys.mean": [-6.639688014984131, -6.983828067779541, -7.221811771392822, -6.886017799377441, -6.490959644317627, -9.94394302368164], "lowlevel.spectral_contrast_valleys.stdev": [0.7679563760757446, 0.5469618439674377, 0.6191415190696716, 0.4857202470302582, 0.5045115947723389, 0.8979723453521729], "rhythm.beats_loudness_band_ratio.mean": [0.7558628916740417, 0.04377466440200806, 0.04362088441848755, 0.044643133878707886, 0.05595245957374573, 0.06522298604249954], "rhythm.beats_loudness_band_ratio.stdev": [0.20039503276348114, 0.07125334441661835, 0.055564701557159424, 0.04367963597178459, 0.040410496294498444, 0.10938110202550888], "tonal.hpcp.mean": [0.4108746647834778, 0.3262685239315033, 0.18579833209514618, 0.19263796508312225, 0.13281743228435516, 0.0491756871342659, 0.03693169727921486, 0.029389042407274246, 0.06422068923711777, 0.11193947494029999, 0.06776180863380432, 0.023158304393291473, 0.02820826880633831, 0.026348469778895378, 0.024918971583247185, 0.027400759980082512, 0.0327015146613121, 0.03567168489098549, 0.03580509498715401, 0.042133454233407974, 0.05621325597167015, 0.07567709684371948, 0.06871495395898819, 0.05169239640235901, 0.04320094734430313, 0.02957313507795334, 0.02584237791597843, 0.028583025559782982, 0.033020101487636566, 0.06762783229351044, 0.12214639782905579, 0.12091971933841705, 0.10227161645889282, 0.11502066999673843, 0.1482643038034439, 0.26649534702301025], "tonal.hpcp.stdev": [0.4144962430000305, 0.34793081879615784, 0.2932761013507843, 0.33127352595329285, 0.2739439606666565, 0.13488619029521942, 0.12380459904670715, 0.10466621816158295, 0.17165106534957886, 0.28755655884742737, 0.174750417470932, 0.05791075527667999, 0.081593818962574, 0.08107241243124008, 0.09185052663087845, 0.08615635335445404, 0.09870816022157669, 0.11711857467889786, 0.11894690990447998, 0.13894672691822052, 0.14688435196876526, 0.15986216068267822, 0.15508292615413666, 0.14363057911396027, 0.12576231360435486, 0.08310011774301529, 0.08437776565551758, 0.09871646016836166, 0.11010760068893433, 0.17259161174297333, 0.2673041820526123, 0.2614087164402008, 0.2316625863313675, 0.24757897853851318, 0.2665109634399414, 0.3139501214027405], "rhythm.beats_position": [0.6849886775016785, 1.381587266921997, 2.0665760040283203, 2.739954710006714, 3.4133331775665283, 4.121541976928711, 4.8297505378723145, 5.549569129943848, 6.222947597503662, 6.896326541900635, 7.569705009460449, 8.243083953857422, 8.904852867126465, 9.566620826721191, 10.239999771118164, 10.913378715515137, 11.57514762878418, 12.236915588378906, 12.910294532775879, 13.572063446044922, 14.233832359313965, 14.907210350036621, 15.580589294433594, 16.24235725402832, 16.90412712097168, 17.577505111694336, 18.227664947509766, 18.901042938232422, 19.56281089782715, 20.236190795898438, 20.897958755493164, 21.57133674621582, 22.24471664428711, 22.918094635009766], "rhythm.bpm_histogram": [0.0, 0.0, 0.0, 0.0, 0.0, 0.0, 0.0, 0.0, 0.0, 0.0, 0.0, 0.0, 0.0, 0.0, 0.0, 0.0, 0.0, 0.0, 0.0, 0.0, 0.0, 0.0, 0.0, 0.0, 0.0, 0.0, 0.0, 0.0, 0.0, 0.0, 0.0, 0.0, 0.0, 0.0, 0.0, 0.0, 0.0, 0.0, 0.0, 0.0, 0.0, 0.0, 0.0, 0.0, 0.0, 0.0, 0.0, 0.0, 0.0, 0.0, 0.0, 0.0, 0.0, 0.0, 0.0, 0.0, 0.0, 0.0, 0.0, 0.0, 0.0, 0.0, 0.0, 0.0, 0.0, 0.0, 0.0, 0.0, 0.0, 0.0, 0.0, 0.0, 0.0, 0.0, 0.0, 0.0, 0.0, 0.0, 0.0, 0.0, 0.0, 0.0, 0.0, 0.03030303120613098, 0.0, 0.06060606241226196, 0.03030303120613098, 0.0, 0.03030303120613098, 0.5151515007019043, 0.0, 0.3030303120613098, 0.03030303120613098, 0.0, 0.0, 0.0, 0.0, 0.0, 0.0, 0.0, 0.0, 0.0, 0.0, 0.0, 0.0, 0.0, 0.0, 0.0, 0.0, 0.0, 0.0, 0.0, 0.0, 0.0, 0.0, 0.0, 0.0, 0.0, 0.0, 0.0, 0.0, 0.0, 0.0, 0.0, 0.0, 0.0, 0.0, 0.0, 0.0, 0.0, 0.0, 0.0, 0.0, 0.0, 0.0, 0.0, 0.0, 0.0, 0.0, 0.0, 0.0, 0.0, 0.0, 0.0, 0.0, 0.0, 0.0, 0.0, 0.0, 0.0, 0.0, 0.0, 0.0, 0.0, 0.0, 0.0, 0.0, 0.0, 0.0, 0.0, 0.0, 0.0, 0.0, 0.0, 0.0, 0.0, 0.0, 0.0, 0.0, 0.0, 0.0, 0.0, 0.0, 0.0, 0.0, 0.0, 0.0, 0.0, 0.0, 0.0, 0.0, 0.0, 0.0, 0.0, 0.0, 0.0, 0.0, 0.0, 0.0, 0.0, 0.0, 0.0, 0.0, 0.0, 0.0, 0.0, 0.0, 0.0, 0.0, 0.0, 0.0, 0.0, 0.0, 0.0, 0.0, 0.0, 0.0, 0.0, 0.0, 0.0, 0.0, 0.0, 0.0, 0.0, 0.0, 0.0, 0.0, 0.0, 0.0, 0.0, 0.0, 0.0, 0.0, 0.0, 0.0, 0.0, 0.0, 0.0, 0.0, 0.0, 0.0, 0.0, 0.0, 0.0, 0.0, 0.0, 0.0, 0.0, 0.0, 0.0, 0.0, 0.0, 0.0, 0.0, 0.0, 0.0, 0.0, 0.0, 0.0, 0.0], "tonal.chords_histogram": [4.980079650878906, 12.749004364013672, 36.25497817993164, 0.39840638637542725, 0.0, 0.0, 0.0, 0.9960159659385681, 0.0, 31.274900436401367, 0.0, 1.9920319318771362, 3.187251091003418, 0.0, 0.0, 0.0, 0.0, 0.0, 0.0, 0.0, 0.0, 5.378486156463623, 2.788844585418701, 0.0], "tonal.thpcp": [1.0, 0.7940828204154968, 0.4522019624710083, 0.46884849667549133, 0.32325536012649536, 0.11968537420034409, 0.08988555520772934, 0.07152799516916275, 0.15630237758159637, 0.27244189381599426, 0.1649208664894104, 0.05636342614889145, 0.06865419447422028, 0.06412775814533234, 0.0606485977768898, 0.06668885052204132, 0.07959000021219254, 0.08681889623403549, 0.08714359253644943, 0.10254576057195663, 0.13681364059448242, 0.18418535590171814, 0.1672406643629074, 0.1258106231689453, 0.10514385998249054, 0.07197605073451996, 0.0628960132598877, 0.0695662871003151, 0.080365389585495, 0.16459479928016663, 0.2972838282585144, 0.29429832100868225, 0.24891196191310883, 0.27994102239608765, 0.36085045337677, 0.6486049890518188], "lowlevel.gfcc.cov": [[1722.001708984375, -204.2452392578125, 311.7497863769531, 190.46815490722656, 60.89463806152344, 403.2228698730469, 158.31719970703125, 119.75624084472656, -69.391357421875, 95.82122802734375, -48.70055389404297, 52.138519287109375, -54.18572998046875], [-204.2452392578125, 1153.1513671875, -408.58624267578125, 17.65288543701172, 45.2492790222168, -189.50575256347656, 245.4081573486328, -84.59947204589844, 120.79511260986328, -114.84455108642578, 107.41036987304688, -89.99089050292969, 128.37831115722656], [311.7497863769531, -408.58624267578125, 497.97113037109375, 105.2213134765625, 19.854427337646484, 113.91046142578125, -119.76301574707031, 22.50235939025879, -37.725528717041016, 97.09140014648438, -9.974895477294922, 96.63138580322266, -30.276077270507812], [190.46815490722656, 17.65288543701172, 105.2213134765625, 299.5301208496094, 111.56362915039062, 110.04619598388672, 83.37286376953125, -14.120643615722656, 63.55559158325195, 32.117958068847656, 37.443946838378906, 11.6162109375, 31.653854370117188], [60.89463806152344, 45.2492790222168, 19.854427337646484, 111.56362915039062, 277.5229187011719, 137.4274139404297, 155.56716918945312, 38.1769905090332, 19.369672775268555, 28.020570755004883, -10.049181938171387, -1.6671375036239624, 5.673001289367676], [403.2228698730469, -189.50575256347656, 113.91046142578125, 110.04619598388672, 137.4274139404297, 386.43914794921875, 236.7347869873047, 91.56632995605469, -17.062837600708008, 21.778404235839844, -30.540937423706055, 6.470769882202148, -16.86140251159668], [158.31719970703125, 245.4081573486328, -119.76301574707031, 83.37286376953125, 155.56716918945312, 236.7347869873047, 434.17645263671875, 80.88806915283203, 59.794498443603516, -25.984542846679688, 2.7894208431243896, -16.971052169799805, 25.486265182495117], [119.75624084472656, -84.59947204589844, 22.50235939025879, -14.120643615722656, 38.1769905090332, 91.56632995605469, 80.88806915283203, 142.26031494140625, 32.185089111328125, 26.868976593017578, -4.589743137359619, 6.833809852600098, -1.8829553127288818], [-69.391357421875, 120.79511260986328, -37.725528717041016, 63.55559158325195, 19.369672775268555, -17.062837600708008, 59.794498443603516, 32.185089111328125, 150.90208435058594, 49.86551284790039, 54.53717041015625, 0.4597870707511902, 25.928871154785156], [95.82122802734375, -114.84455108642578, 97.09140014648438, 32.117958068847656, 28.020570755004883, 21.778404235839844, -25.984542846679688, 26.868976593017578, 49.86551284790039, 123.80348205566406, 31.301395416259766, 32.305843353271484, -25.80765724182129], [-48.70055389404297, 107.41036987304688, -9.974895477294922, 37.443946838378906, -10.049181938171387, -30.540937423706055, 2.7894208431243896, -4.589743137359619, 54.53717041015625, 31.301395416259766, 91.68116760253906, 20.598684310913086, 23.703561782836914], [52.138519287109375, -89.99089050292969, 96.63138580322266, 11.6162109375, -1.6671375036239624, 6.470769882202148, -16.971052169799805, 6.833809852600098, 0.4597870707511902, 32.305843353271484, 20.598684310913086, 75.43510437011719, 11.742965698242188], [-54.18572998046875, 128.37831115722656, -30.276077270507812, 31.653854370117188, 5.673001289367676, -16.86140251159668, 25.486265182495117, -1.8829553127288818, 25.928871154785156, -25.80765724182129, 23.703561782836914, 11.742965698242188, 79.33272552490234]], "lowlevel.gfcc.icov": [[0.0011411376763135195, -0.0008102726424112916, -0.00011749335681088269, -0.0009777486557140946, 0.0008966141613200307, -0.001362289534881711, 0.0004906958201900125, -0.0010796233545988798, 0.0011019324883818626, -0.0012034244136884809, 0.0012790203327313066, -0.0010943267261609435, 0.0009271769085898995], [-0.0008102726424112916, 0.003435842925682664, 0.00011309588444419205, 0.0012143828207626939, -0.0012622870272025466, 0.0032191909849643707, -0.002976867603138089, 0.0023509517777711153, -0.0009922597091645002, 0.001592409098520875, -0.003777426201850176, 0.004023964982479811, -0.0033928246702998877], [-0.00011749335681088269, 0.00011309588444419205, 0.004848784767091274, -0.001794314943253994, 0.0001698655978543684, -0.0016343402676284313, 0.002157682552933693, -0.0005920318071730435, 0.0007653260254301131, -0.0015337604563683271, 0.0014071748591959476, -0.004890968557447195, 0.0007908377447165549], [-0.0009777486557140946, 0.0012143828207626939, -0.001794314943253994, 0.007308261934667826, -0.002710625994950533, -8.933038770919666e-05, -0.0009867189219221473, 0.004131748341023922, -0.003920719493180513, 0.0018145214999094605, -0.0034085437655448914, 0.0033320742659270763, -0.0032469136640429497], [0.0008966141613200307, -0.0012622870272025466, 0.0001698655978543684, -0.002710625994950533, 0.006475850008428097, -0.0017040662933140993, -0.0007246074383147061, -0.0016889087855815887, 0.0021521474700421095, -0.0035219620913267136, 0.0031942399218678474, -0.0011058750096708536, 0.000529044889844954], [-0.001362289534881711, 0.0032191909849643707, -0.0016343402676284313, -8.933038770919666e-05, -0.0017040662933140993, 0.010362159460783005, -0.006606175564229488, -4.764716140925884e-05, 0.0017259999876841903, 0.0006495370180346072, -0.002976684831082821, 0.005401215981692076, -0.0025454622227698565], [0.0004906958201900125, -0.002976867603138089, 0.002157682552933693, -0.0009867189219221473, -0.0007246074383147061, -0.006606175564229488, 0.008891270495951176, -0.0026191500946879387, -0.0021138114389032125, 0.0014372466830536723, 0.0028984874952584505, -0.005609795451164246, 0.0032214918173849583], [-0.0010796233545988798, 0.0023509517777711153, -0.0005920318071730435, 0.004131748341023922, -0.0016889087855815887, -4.764716140925884e-05, -0.0026191500946879387, 0.012556947767734528, -0.00462816609069705, 0.00037146269460208714, -0.0016800686717033386, 0.002776550594717264, -0.0034416927956044674], [0.0011019324883818626, -0.0009922597091645002, 0.0007653260254301131, -0.003920719493180513, 0.0021521474700421095, 0.0017259999876841903, -0.0021138114389032125, -0.00462816609069705, 0.015395107679069042, -0.00825471244752407, -0.002074912190437317, 0.001899871276691556, -0.002381326397880912], [-0.0012034244136884809, 0.001592409098520875, -0.0015337604563683271, 0.0018145214999094605, -0.0035219620913267136, 0.0006495370180346072, 0.0014372466830536723, 0.00037146269460208714, -0.00825471244752407, 0.019112005829811096, -0.006243300624191761, -0.0028582268860191107, 0.00643257237970829], [0.0012790203327313066, -0.003777426201850176, 0.0014071748591959476, -0.0034085437655448914, 0.0031942399218678474, -0.002976684831082821, 0.0028984874952584505, -0.0016800686717033386, -0.002074912190437317, -0.006243300624191761, 0.022000059485435486, -0.008928378112614155, 0.0004466686805244535], [-0.0010943267261609435, 0.004023964982479811, -0.004890968557447195, 0.0033320742659270763, -0.0011058750096708536, 0.005401215981692076, -0.005609795451164246, 0.002776550594717264, 0.001899871276691556, -0.0028582268860191107, -0.008928378112614155, 0.027827618643641472, -0.010362212546169758], [0.0009271769085898995, -0.0033928246702998877, 0.0007908377447165549, -0.0032469136640429497, 0.000529044889844954, -0.0025454622227698565, 0.0032214918173849583, -0.0034416927956044674, -0.002381326397880912, 0.00643257237970829, 0.0004466686805244535, -0.010362212546169758, 0.022901900112628937]], "lowlevel.mfcc.cov": [[1713.5982666015625, -157.2981719970703, 210.96302795410156, -3.5133919715881348, 1.5459702014923096, 249.38888549804688, 252.1865692138672, 142.5420684814453, 120.00120544433594, 71.88337707519531, 99.90145874023438, 8.814759254455566, -36.895565032958984], [-157.2981719970703, 849.8093872070312, -319.265380859375, 96.78614807128906, -164.09442138671875, -68.52227020263672, 1.3580892086029053, 7.2658891677856445, 21.046689987182617, -9.076005935668945, -24.24087905883789, -4.237323760986328, 22.907564163208008], [210.96302795410156, -319.265380859375, 440.7508544921875, -8.489143371582031, 91.61275482177734, 33.66757583618164, -40.68851852416992, -32.477272033691406, -50.527706146240234, -36.242916107177734, 14.97973346710205, 21.577600479125977, 9.543729782104492], [-3.5133919715881348, 96.78614807128906, -8.489143371582031, 237.07313537597656, 45.84160232543945, 58.40907669067383, -22.648700714111328, -16.042348861694336, 11.876465797424316, -5.455796718597412, 13.763015747070312, 30.17792320251465, 31.95951271057129], [1.5459702014923096, -164.09442138671875, 91.61275482177734, 45.84160232543945, 210.92198181152344, 26.892024993896484, -12.119033813476562, -40.86790466308594, -11.499382019042969, 4.952918529510498, -10.56332015991211, 5.479007720947266, 18.115184783935547], [249.38888549804688, -68.52227020263672, 33.66757583618164, 58.40907669067383, 26.892024993896484, 280.47308349609375, 175.21559143066406, 96.60436248779297, 89.27275085449219, 40.95526885986328, 63.96364974975586, 15.729938507080078, -20.682355880737305], [252.1865692138672, 1.3580892086029053, -40.68851852416992, -22.648700714111328, -12.119033813476562, 175.21559143066406, 270.24530029296875, 151.79502868652344, 111.57167053222656, 44.347991943359375, 51.004913330078125, -2.9325501918792725, -37.76908874511719], [142.5420684814453, 7.2658891677856445, -32.477272033691406, -16.042348861694336, -40.86790466308594, 96.60436248779297, 151.79502868652344, 168.93356323242188, 104.42296600341797, 44.9798698425293, 36.553855895996094, 4.1602559089660645, -15.684053421020508], [120.00120544433594, 21.046689987182617, -50.527706146240234, 11.876465797424316, -11.499382019042969, 89.27275085449219, 111.57167053222656, 104.42296600341797, 146.07725524902344, 64.8164291381836, 42.40171813964844, 10.211978912353516, -1.531243920326233], [71.88337707519531, -9.076005935668945, -36.242916107177734, -5.455796718597412, 4.952918529510498, 40.95526885986328, 44.347991943359375, 44.9798698425293, 64.8164291381836, 102.90615844726562, 50.58331298828125, 18.579181671142578, 7.420587062835693], [99.90145874023438, -24.24087905883789, 14.97973346710205, 13.763015747070312, -10.56332015991211, 63.96364974975586, 51.004913330078125, 36.553855895996094, 42.40171813964844, 50.58331298828125, 92.1029052734375, 43.73638916015625, 13.508442878723145], [8.814759254455566, -4.237323760986328, 21.577600479125977, 30.17792320251465, 5.479007720947266, 15.729938507080078, -2.9325501918792725, 4.1602559089660645, 10.211978912353516, 18.579181671142578, 43.73638916015625, 84.02189636230469, 43.0993766784668], [-36.895565032958984, 22.907564163208008, 9.543729782104492, 31.95951271057129, 18.115184783935547, -20.682355880737305, -37.76908874511719, -15.684053421020508, -1.531243920326233, 7.420587062835693, 13.508442878723145, 43.0993766784668, 75.88319396972656]], "lowlevel.mfcc.icov": [[0.0007848888053558767, -2.0317023881943896e-05, -0.0005167077761143446, -6.606890383409336e-05, 0.00022002679179422557, -0.0001927433768287301, -0.0006179659394547343, 0.0001649102778173983, -0.0001346263597952202, -0.00033857187372632325, -0.0001998663938138634, 0.0002457539376337081, 2.8408338039298542e-05], [-2.0317023881943896e-05, 0.002117557218298316, 0.0011189548531547189, -0.0012235369067639112, 0.0015113061526790261, 0.0006133018177933991, -0.0007921408978290856, 0.0005610277876257896, -0.00010019676119554788, 0.0001252398797078058, 0.0005833940231241286, 0.00016444185166619718, -0.0009580017067492008], [-0.0005167077761143446, 0.0011189548531547189, 0.003984489943832159, 0.0002574250102043152, -0.0009336404618807137, -0.0005832859897054732, 0.0013443316565826535, -0.0007832656847313046, 0.0009115454158745706, 0.002061191014945507, -0.0012251641601324081, -0.0005280202021822333, -0.00029260938754305243], [-6.606890383409336e-05, -0.0012235369067639112, 0.0002574250102043152, 0.006411814130842686, -0.002054083626717329, -0.0026880435179919004, 0.002581300912424922, -0.00023259938461706042, -0.0010327651398256421, 0.0018566796788945794, -0.0008569308556616306, -0.0011002104729413986, -0.000826127827167511], [0.00022002679179422557, 0.0015113061526790261, -0.0009336404618807137, -0.002054083626717329, 0.007711433805525303, -0.00019163975957781076, -0.0023504619020968676, 0.0034321793355047703, -0.0003729545569512993, -0.002526290249079466, 0.003292374312877655, 0.00036985360202379525, -0.0022770019713789225], [-0.0001927433768287301, 0.0006133018177933991, -0.0005832859897054732, -0.0026880435179919004, -0.00019163975957781076, 0.008261797949671745, -0.004758382681757212, 0.0005366026889532804, -0.0010991183808073401, 5.176102422410622e-05, -0.002201929921284318, 3.5134333302266896e-05, 0.0013114797184243798], [-0.0006179659394547343, -0.0007921408978290856, 0.0013443316565826535, 0.002581300912424922, -0.0023504619020968676, -0.004758382681757212, 0.012826032936573029, -0.007368645630776882, -0.0012773842317983508, 0.002491030376404524, -0.002493167296051979, -2.5751631255843677e-05, 0.0029965576250106096], [0.0001649102778173983, 0.0005610277876257896, -0.0007832656847313046, -0.00023259938461706042, 0.0034321793355047703, 0.0005366026889532804, -0.007368645630776882, 0.01687939278781414, -0.006859037559479475, -0.0013458102475851774, 0.0017946182051673532, -0.0005293670692481101, -0.0007702316506765783], [-0.0001346263597952202, -0.00010019676119554788, 0.0009115454158745706, -0.0010327651398256421, -0.0003729545569512993, -0.0010991183808073401, -0.0012773842317983508, -0.006859037559479475, 0.016545236110687256, -0.005994023755192757, -0.0002524555311538279, 0.0008989709313027561, -0.0015245132381096482], [-0.00033857187372632325, 0.0001252398797078058, 0.002061191014945507, 0.0018566796788945794, -0.002526290249079466, 5.176102422410622e-05, 0.002491030376404524, -0.0013458102475851774, -0.005994023755192757, 0.01854957453906536, -0.009093130938708782, 0.0007119905203580856, -0.00038531830068677664], [-0.0001998663938138634, 0.0005833940231241286, -0.0012251641601324081, -0.0008569308556616306, 0.003292374312877655, -0.002201929921284318, -0.002493167296051979, 0.0017946182051673532, -0.0002524555311538279, -0.009093130938708782, 0.02385444939136505, -0.009769470430910587, 0.00017200132424477488], [0.0002457539376337081, 0.00016444185166619718, -0.0005280202021822333, -0.0011002104729413986, 0.00036985360202379525, 3.5134333302266896e-05, -2.5751631255843677e-05, -0.0005293670692481101, 0.0008989709313027561, 0.0007119905203580856, -0.009769470430910587, 0.022800888866186142, -0.010863899253308773], [2.8408338039298542e-05, -0.0009580017067492008, -0.00029260938754305243, -0.000826127827167511, -0.0022770019713789225, 0.0013114797184243798, 0.0029965576250106096, -0.0007702316506765783, -0.0015245132381096482, -0.00038531830068677664, 0.00017200132424477488, -0.010863899253308773, 0.0222458653151989]], "metadata.audio_properties.analysis.downmix": "mix", "metadata.audio_properties.codec": "mp3", "metadata.audio_properties.md5_encoded": "1a921cebc5aa9583712632ea5ffc8893", "metadata.tags.file_name": "1182258723054436394.mp3", "metadata.version.essentia": "2.1-beta6-dev", "metadata.version.essentia_git_sha": "v2.1_beta5-1110-g77a6a954", "metadata.version.extractor": "music 2.0", "tonal.chords_key": "A", "tonal.chords_scale": "minor", "tonal.key_edma.key": "D", "tonal.key_edma.scale": "minor", "tonal.key_krumhansl.key": "D", "tonal.key_krumhansl.scale": "minor", "tonal.key_temperley.key": "D", "tonal.key_temperley.scale": "minor", "metadata.tags.encoding": ["Lavf58.45.100"]}, "essentia_models": [{"model_name": "genre_dortmund", "activations": {"alternative": "0.0044535515", "blues": "0.00016982699", "electronic": "0.00341364", "folkcountry": "0.00014490214", "funksoulrnb": "0.0049184696", "jazz": "0.00031018682", "pop": "7.6501405e-05", "raphiphop": "0.0033610703", "rock": "0.9445416"}}, {"model_name": "genre_rosamerica", "activations": {"classic": "0.0