{"song_id": "1182254693125206086", "download": "https://cdn.discordapp.com/attachments/1135911532732108921/1182254693125206086/chirp.mp4?ex=6584077c&amp", "lyrics": "Guclu olmayi istedik rabbim sorunlari cozmem icin beni yasama bagladi\n\n[Verse]\nAllah, the One who guides us on our way\nIn every moment, in every part of the day\nHis love and mercy, forever shining bright\nHe listens to our prayers, both day and night\n\n[Chorus]\nAllah, oh Allah, we seek Your love\nYou're the One we adore, the Mighty above\nGuide us through darkness, and show us the light\nAllah, oh Allah, be with us day and night", "style": ["pop"], "essentia_features": {"lowlevel.average_loudness": 0.9779864549636841, "lowlevel.barkbands_crest.mean": 14.675427436828613, "lowlevel.barkbands_crest.stdev": 5.101956367492676, "lowlevel.barkbands_flatness_db.mean": 0.14539819955825806, "lowlevel.barkbands_flatness_db.stdev": 0.04285117983818054, "lowlevel.barkbands_kurtosis.mean": 4.0175065994262695, "lowlevel.barkbands_kurtosis.stdev": 6.984184265136719, "lowlevel.barkbands_skewness.mean": 1.8515444993972778, "lowlevel.barkbands_skewness.stdev": 1.1925731897354126, "lowlevel.barkbands_spread.mean": 27.807125091552734, "lowlevel.barkbands_spread.stdev": 13.784499168395996, "lowlevel.dissonance.mean": 0.48645246028900146, "lowlevel.dissonance.stdev": 0.01370255183428526, "lowlevel.dynamic_complexity": 1.5369943380355835, "lowlevel.erbbands_crest.mean": 7.2601518630981445, "lowlevel.erbbands_crest.stdev": 3.038111925125122, "lowlevel.erbbands_flatness_db.mean": 0.14670248329639435, "lowlevel.erbbands_flatness_db.stdev": 0.03218460828065872, "lowlevel.erbbands_kurtosis.mean": 0.6776188611984253, "lowlevel.erbbands_kurtosis.stdev": 1.41313898563385, "lowlevel.erbbands_skewness.mean": -0.20451845228672028, "lowlevel.erbbands_skewness.stdev": 0.8127840757369995, "lowlevel.erbbands_spread.mean": 39.01594161987305, "lowlevel.erbbands_spread.stdev": 15.262145042419434, "lowlevel.hfc.mean": 36.38457107543945, "lowlevel.hfc.stdev": 15.766261100769043, "lowlevel.loudness_ebu128.integrated": -11.133830070495605, "lowlevel.loudness_ebu128.loudness_range": 2.579244613647461, "lowlevel.loudness_ebu128.momentary.mean": -11.340353965759277, "lowlevel.loudness_ebu128.momentary.stdev": 1.494354009628296, "lowlevel.loudness_ebu128.short_term.mean": -11.139981269836426, "lowlevel.loudness_ebu128.short_term.stdev": 0.9289759397506714, "lowlevel.melbands_crest.mean": 19.746654510498047, "lowlevel.melbands_crest.stdev": 5.579557418823242, "lowlevel.melbands_flatness_db.mean": 0.2047325223684311, "lowlevel.melbands_flatness_db.stdev": 0.05576043576002121, "lowlevel.melbands_kurtosis.mean": 21.188892364501953, "lowlevel.melbands_kurtosis.stdev": 31.9724063873291, "lowlevel.melbands_skewness.mean": 3.7268619537353516, "lowlevel.melbands_skewness.stdev": 2.188833475112915, "lowlevel.melbands_spread.mean": 23.65163230895996, "lowlevel.melbands_spread.stdev": 19.524341583251953, "lowlevel.pitch_salience.mean": 0.4149383306503296, "lowlevel.pitch_salience.stdev": 0.1479262411594391, "lowlevel.silence_rate_20dB.mean": 1.0, "lowlevel.silence_rate_20dB.stdev": 0.0, "lowlevel.silence_rate_30dB.mean": 0.8616938591003418, "lowlevel.silence_rate_30dB.stdev": 0.3452218174934387, "lowlevel.silence_rate_60dB.mean": 0.03185703232884407, "lowlevel.silence_rate_60dB.stdev": 0.1756192445755005, "lowlevel.spectral_centroid.mean": 1899.777587890625, "lowlevel.spectral_centroid.stdev": 518.2109375, "lowlevel.spectral_complexity.mean": 32.86247253417969, "lowlevel.spectral_complexity.stdev": 10.33850383758545, "lowlevel.spectral_decrease.mean": -1.763260826237456e-08, "lowlevel.spectral_decrease.stdev": 9.652031174312015e-09, "lowlevel.spectral_energy.mean": 0.06984966993331909, "lowlevel.spectral_energy.stdev": 0.03701077401638031, "lowlevel.spectral_energyband_high.mean": 0.001655051251873374, "lowlevel.spectral_energyband_high.stdev": 0.0015104897320270538, "lowlevel.spectral_energyband_low.mean": 0.04839324578642845, "lowlevel.spectral_energyband_low.stdev": 0.03624052554368973, "lowlevel.spectral_energyband_middle_high.mean": 0.009574047289788723, "lowlevel.spectral_energyband_middle_high.stdev": 0.00531222065910697, "lowlevel.spectral_energyband_middle_low.mean": 0.009919952601194382, "lowlevel.spectral_energyband_middle_low.stdev": 0.011616865172982216, "lowlevel.spectral_entropy.mean": 7.973651885986328, "lowlevel.spectral_entropy.stdev": 0.2092408984899521, "lowlevel.spectral_flux.mean": 0.15208369493484497, "lowlevel.spectral_flux.stdev": 0.0630226731300354, "lowlevel.spectral_kurtosis.mean": 2.9934144020080566, "lowlevel.spectral_kurtosis.stdev": 1.57492196559906, "lowlevel.spectral_rms.mean": 0.007865078747272491, "lowlevel.spectral_rms.stdev": 0.0025073117576539516, "lowlevel.spectral_rolloff.mean": 1268.820068359375, "lowlevel.spectral_rolloff.stdev": 1470.82177734375, "lowlevel.spectral_skewness.mean": 1.2368077039718628, "lowlevel.spectral_skewness.stdev": 0.2748044729232788, "lowlevel.spectral_spread.mean": 4519795.0, "lowlevel.spectral_spread.stdev": 1031576.9375, "lowlevel.spectral_strongpeak.mean": 0.7021550536155701, "lowlevel.spectral_strongpeak.stdev": 0.5501232147216797, "lowlevel.zerocrossingrate.mean": 0.05578964203596115, "lowlevel.zerocrossingrate.stdev": 0.0336252823472023, "metadata.audio_properties.analysis.equal_loudness": 0.0, "metadata.audio_properties.analysis.length": 29.84532928466797, "metadata.audio_properties.analysis.sample_rate": 44100.0, "metadata.audio_properties.analysis.start_time": 0.0, "metadata.audio_properties.bit_rate": 121337.0, "metadata.audio_properties.length": 29.845333099365234, "metadata.audio_properties.lossless": 0.0, "metadata.audio_properties.number_channels": 1.0, "metadata.audio_properties.replay_gain": -12.957849502563477, "metadata.audio_properties.sample_rate": 48000.0, "rhythm.beats_count": 61.0, "rhythm.beats_loudness.mean": 0.08453673124313354, "rhythm.beats_loudness.stdev": 0.02495473064482212, "rhythm.bpm": 123.16656494140625, "rhythm.bpm_histogram_first_peak_bpm": 123.0, "rhythm.bpm_histogram_first_peak_weight": 0.21428567171096802, "rhythm.bpm_histogram_second_peak_bpm": 129.0, "rhythm.bpm_histogram_second_peak_spread": 0.0, "rhythm.bpm_histogram_second_peak_weight": 0.05000000074505806, "rhythm.danceability": 1.1156823635101318, "rhythm.onset_rate": 4.353524684906006, "tonal.chords_changes_rate": 0.12577639520168304, "tonal.chords_number_rate": 0.02018633484840393, "tonal.chords_strength.mean": 0.49402210116386414, "tonal.chords_strength.stdev": 0.10079218447208405, "tonal.hpcp_crest.mean": 10.979673385620117, "tonal.hpcp_crest.stdev": 5.400915622711182, "tonal.hpcp_entropy.mean": 2.5241708755493164, "tonal.hpcp_entropy.stdev": 0.8442586064338684, "tonal.key_edma.strength": 0.708158552646637, "tonal.key_krumhansl.strength": 0.7130210995674133, "tonal.key_temperley.strength": 0.7122798562049866, "tonal.tuning_diatonic_strength": 0.4956893026828766, "tonal.tuning_equal_tempered_deviation": 0.27995017170906067, "tonal.tuning_frequency": 438.98455810546875, "tonal.tuning_nontempered_energy_ratio": 0.912341833114624, "lowlevel.barkbands.mean": [0.001556578790768981, 0.03991463780403137, 0.007368286140263081, 0.0005502479034475982, 0.0022126827389001846, 0.00035304369521327317, 0.001485010259784758, 0.0023079838138073683, 0.0027007507160305977, 0.0007522170781157911, 0.0010713814990594983, 0.0015310088638216257, 0.0014461601385846734, 0.0007167865405790508, 0.0006914427503943443, 0.0013838642043992877, 0.0006040097214281559, 0.0004982405807822943, 0.0008637448190711439, 0.0003448996285442263, 0.00037048745434731245, 0.00039388000732287765, 0.0003145982336718589, 0.0002751614956650883, 0.00011147166515002027, 3.0857379897497594e-05, 3.0764357461521286e-07], "lowlevel.barkbands.stdev": [0.0014832355082035065, 0.034286849200725555, 0.009407884441316128, 0.0010484970407560468, 0.00818211492151022, 0.0007508855196647346, 0.003205710556358099, 0.004379216581583023, 0.004554618149995804, 0.0015053764218464494, 0.002041022526100278, 0.0020294159185141325, 0.0016845175996422768, 0.0009007342741824687, 0.0007105140830390155, 0.0010194394271820784, 0.0003932827094104141, 0.00028834756813012064, 0.0004886951646767557, 0.0002504669828340411, 0.0003761803964152932, 0.0004237108223605901, 0.00035581851261667907, 0.0003922795003745705, 0.00012022250302834436, 3.4569879062473774e-05, 6.687795917059702e-07], "lowlevel.erbbands.mean": [0.9426085352897644, 9.359679222106934, 12.933287620544434, 3.4273629188537598, 6.225534439086914, 6.891376972198486, 2.1971542835235596, 3.5100483894348145, 12.257040977478027, 39.33298873901367, 56.67673873901367, 61.13883590698242, 34.32200241088867, 25.97111701965332, 53.8544807434082, 62.6026496887207, 66.46553039550781, 45.89320755004883, 34.754364013671875, 47.58208084106445, 75.67225646972656, 35.2851448059082, 24.141401290893555, 48.03732681274414, 30.876575469970703, 16.564416885375977, 14.794750213623047, 14.601534843444824, 14.9064302444458, 10.992973327636719, 8.601960182189941, 6.7706708908081055, 3.848560333251953, 1.639034390449524, 0.5808113813400269, 0.21409088373184204, 0.03942643105983734, 0.0030534742400050163, 0.00011436519707785919, 8.673757838550955e-05], "lowlevel.erbbands.stdev": [1.180827021598816, 7.515841960906982, 12.074771881103516, 4.45960807800293, 22.235931396484375, 25.666492462158203, 5.105047702789307, 7.576485633850098, 27.836288452148438, 73.2591781616211, 105.66055297851562, 104.4091567993164, 66.46601104736328, 46.13848876953125, 90.74699401855469, 77.75574493408203, 72.46353912353516, 55.18259811401367, 41.25606918334961, 34.33976364135742, 56.619625091552734, 20.486709594726562, 13.152050971984863, 27.45676040649414, 17.67340850830078, 11.991974830627441, 13.669026374816895, 15.516617774963379, 16.13353729248047, 12.473356246948242, 9.652277946472168, 9.360777854919434, 5.429748058319092, 1.8682655096054077, 0.6185528635978699, 0.2495466023683548, 0.04502568393945694, 0.003708187025040388, 9.135385334957391e-05, 4.205026925774291e-05], "lowlevel.gfcc.mean": [46.99937438964844, 68.15840148925781, -130.63465881347656, 52.67000961303711, -45.594581604003906, 42.557716369628906, -21.05738067626953, 29.95612907409668, -8.982988357543945, 10.59372615814209, -9.160799026489258, -0.9515087604522705, -15.7613525390625], "lowlevel.melbands.mean": [0.00996932853013277, 0.00868074782192707, 0.0006935644778423011, 0.0005600809236057103, 9.717266220832244e-05, 7.734736573183909e-05, 0.0002213279076386243, 0.00044901439105160534, 0.00048469947068952024, 0.00036986664053983986, 0.00016124533431138843, 9.527379006613046e-05, 0.0001650187186896801, 0.00017599236161913723, 0.0001476448669563979, 0.00014286278747022152, 7.691376231377944e-05, 5.457290535559878e-05, 5.1723418437177315e-05, 8.049622556427494e-05, 8.915451326174662e-05, 3.776384255615994e-05, 2.135776412615087e-05, 2.353324271098245e-05, 4.195615110802464e-05, 2.820206827891525e-05, 1.5007461115601473e-05, 9.781808330444619e-06, 8.95620723895263e-06, 9.025207873492036e-06, 8.258612069766968e-06, 8.902269655663986e-06, 6.8679614741995465e-06, 5.890053671464557e-06, 5.008625066693639e-06, 4.480454663280398e-06, 4.0732343222771306e-06, 2.9974960398249095e-06, 1.8102757621818455e-06, 1.2115984873162233e-06], "lowlevel.melbands.stdev": [0.010003459639847279, 0.006264601834118366, 0.0010093552991747856, 0.002091573318466544, 0.0002748458937276155, 0.0001685638417256996, 0.000495196261908859, 0.0008069286704994738, 0.0008959246333688498, 0.0006300714449025691, 0.00032992055639624596, 0.00018022509175352752, 0.0003057701396755874, 0.00024284308892674744, 0.0001731186785036698, 0.00017989275511354208, 9.887290798360482e-05, 6.996269803494215e-05, 4.615815851138905e-05, 6.013717575115152e-05, 7.120340887922794e-05, 2.4656212190166116e-05, 1.3666378436028026e-05, 1.3812335964757949e-05, 2.5375135010108352e-05, 1.7342910723527893e-05, 9.894449249259196e-06, 8.114755473798141e-06, 8.408720532315783e-06, 1.0079852472699713e-05, 9.174906153930351e-06, 9.931272870744579e-06, 7.840145372028928e-06, 7.160440418374492e-06, 5.662405328621389e-06, 5.75362537347246e-06, 6.011641744407825e-06, 4.347092271927977e-06, 2.411517925793305e-06, 1.3439729400488432e-06], "lowlevel.melbands128.mean": [0.0008300248300656676, 0.0061353049241006374, 0.014276702888309956, 0.01650654897093773, 0.009336015209555626, 0.0026325678918510675, 0.0005040253163315356, 0.00027213923749513924, 0.000644948217086494, 0.0008511377382092178, 0.0002995557151734829, 9.71644840319641e-05, 5.53884674445726e-05, 6.656697951257229e-05, 7.228727190522477e-05, 7.994646875886247e-05, 0.0001164945715572685, 0.0002128483320120722, 0.0003870735818054527, 0.00048667279770597816, 0.0004506956902332604, 0.0004366557113826275, 0.0005020019598305225, 0.0005263630882836878, 0.0004196109075564891, 0.0003104441275354475, 0.00023842518567107618, 0.00014745922817382962, 9.603844955563545e-05, 8.168520434992388e-05, 9.380274423165247e-05, 0.00012106700160074979, 0.00017806058167479932, 0.00019156750931870192, 0.00017220898007508367, 0.0001795901480363682, 0.0001674420782364905, 0.00014476149226538837, 0.000126422310131602, 0.00016625470016151667, 0.00015545413771178573, 0.00010265452874591574, 7.207327871583402e-05, 7.089787686709315e-05, 5.227031942922622e-05, 5.28739437868353e-05, 5.56711784156505e-05, 4.246773096383549e-05, 5.384320320445113e-05, 6.750570173608139e-05, 7.548723078798503e-05, 0.00010606744763208553, 0.00010353809921070933, 8.522126881871372e-05, 4.713037560577504e-05, 3.392187863937579e-05, 2.9368622563197277e-05, 2.1273663151077926e-05, 1.984717346203979e-05, 1.758964208420366e-05, 1.966048512258567e-05, 2.9418521080515347e-05, 4.230457852827385e-05, 4.8648540541762486e-05, 3.7595145840896294e-05, 2.9401842766674235e-05, 2.1166679289308377e-05, 1.6567588318139315e-05, 1.3910233974456787e-05, 1.2574074389704037e-05, 9.670447070675436e-06, 7.977847417350858e-06, 9.05082833924098e-06, 9.173875696433242e-06, 8.830462320474908e-06, 9.499903171672486e-06, 8.992107723315712e-06, 8.094415534287691e-06, 8.04826595413033e-06, 8.255659849965014e-06, 9.693835636426229e-06, 8.943349712353665e-06, 7.78446155891288e-06, 6.7138726080884226e-06, 5.989997134747682e-06, 5.994594630465144e-06, 5.768551091023255e-06, 5.870783752470743e-06, 4.695809820987051e-06, 4.712597274192376e-06, 4.641322448151186e-06, 4.463210188987432e-06, 4.238037945469841e-06, 4.07358265874791e-06, 3.956378350267187e-06, 3.673311084639863e-06, 2.728941808527452e-06, 2.1807340999657754e-06, 1.778859996193205e-06, 1.6573784478168818e-06, 1.51232052303385e-06, 1.0603221198834945e-06, 9.884359997158754e-07, 8.064508278948779e-07, 5.59977081593388e-07, 4.854994699599047e-07, 5.217328862272552e-07, 4.983344297215808e-07, 3.544814717315603e-07, 2.7384263034946343e-07, 2.2050380721339025e-07, 1.5507116302160284e-07, 9.873864570408841e-08, 6.36091712635789e-08, 4.49958470483125e-08, 2.452988745460516e-08, 1.2213156708185124e-08, 1.183726783260397e-09, 1.0002378265927536e-11, 9.556695712564789e-12, 9.324549812839145e-12, 9.144122958826273e-12, 8.917497816562925e-12, 8.754799836474536e-12, 8.582191381167892e-12, 8.398843252821475e-12, 8.286185973482851e-12, 8.234429631215345e-12], "lowlevel.melbands128.stdev": [0.0012037977576255798, 0.009389775805175304, 0.01639196090400219, 0.012624547816812992, 0.00803590752184391, 0.003529486246407032, 0.0008610436925664544, 0.0006099671591073275, 0.002459564944729209, 0.0033192920964211226, 0.0012063501635566354, 0.00032747205113992095, 0.00013264876906760037, 0.00013936836330685765, 0.00017107522580772638, 0.00025261318660341203, 0.00033211198751814663, 0.0006314602796919644, 0.0009899523574858904, 0.0010800609597936273, 0.001050660153850913, 0.0010545969707891345, 0.001232718350365758, 0.001180847641080618, 0.0009420711430720985, 0.0006390545750036836, 0.0006041384185664356, 0.00037683540722355247, 0.00025376290432177484, 0.00018482284212950617, 0.00021543388720601797, 0.00027301302179694176, 0.00043666907004080713, 0.0003998220490757376, 0.0003207034314982593, 0.00030877572135068476, 0.00026795422309078276, 0.00023428619897458702, 0.00017854681937023997, 0.000246414594585076, 0.00025218102382496, 0.00017486517026554793, 0.00011490479664644226, 0.00012305313430260867, 8.065714791882783e-05, 9.004917228594422e-05, 8.926103328121826e-05, 4.733740206575021e-05, 5.6495668104616925e-05, 6.324467540252954e-05, 7.229132461361587e-05, 0.00010809474770212546, 0.00010649573960108683, 9.143522765953094e-05, 4.499568240134977e-05, 2.8700309485429898e-05, 2.5385097615071572e-05, 1.7567990653333254e-05, 1.678493936196901e-05, 1.4329074474517256e-05, 1.5595214790664613e-05, 2.3136401068768464e-05, 3.5100845707347617e-05, 3.724146154127084e-05, 2.9507817089324817e-05, 2.3224662072607316e-05, 1.709210300759878e-05, 1.3260391824587714e-05, 1.2140295439166948e-05, 1.099309156415984e-05, 1.068508663593093e-05, 8.044219612202141e-06, 9.215968930220697e-06, 1.0960366125800647e-05, 9.83465179160703e-06, 1.2137015801272355e-05, 1.2112710464862175e-05, 9.743743248691317e-06, 1.0731788279372267e-05, 1.0136180208064616e-05, 1.2570460057759192e-05, 1.0975212717312388e-05, 1.0177122931054328e-05, 8.60057753016008e-06, 7.524168267991627e-06, 8.421548045589589e-06, 8.064304893196095e-06, 7.969760190462694e-06, 5.536710887099616e-06, 5.770325969933765e-06, 6.692611805192428e-06, 6.107873559813015e-06, 6.804738859500503e-06, 6.547178145410726e-06, 6.003372618579306e-06, 6.002748250466539e-06, 4.0674467527423985e-06, 3.6547639865602832e-06, 2.8092126740375534e-06, 2.030103587458143e-06, 1.8222592643724056e-06, 1.2623519296539598e-06, 1.2428057516444824e-06, 9.909078926284565e-07, 7.177872589636536e-07, 5.746346118939982e-07, 6.444611813094525e-07, 5.882023970116279e-07, 5.431207910078228e-07, 4.1428739905313705e-07, 3.102027505974547e-07, 2.1738183875186223e-07, 1.4066020526115608e-07, 1.1021261769883495e-07, 6.615042025259754e-08, 4.606364001347174e-08, 2.5513696044754397e-08, 4.078104076654654e-09, 1.3864117319462022e-11, 1.252691006481399e-11, 1.221198402817647e-11, 1.193094494728042e-11, 1.1682298357851284e-11, 1.1461429028081227e-11, 1.1241120881355648e-11, 1.1053874829358712e-11, 1.0943238502869601e-11, 1.0881801536244406e-11], "lowlevel.mfcc.mean": [-585.2828979492188, 87.55977630615234, -10.360803604125977, 21.346744537353516, 12.191431999206543, 17.622983932495117, 12.377067565917969, 21.07230567932129, 11.537814140319824, 15.990236282348633, 14.039691925048828, 13.303278923034668, 9.822336196899414], "lowlevel.spectral_contrast_coeffs.mean": [-0.7010830044746399, -0.756281852722168, -0.7919121384620667, -0.8039063215255737, -0.7932185530662537, -0.7429401278495789], "lowlevel.spectral_contrast_coeffs.stdev": [0.07015178352594376, 0.08455513417720795, 0.049260880798101425, 0.03384552523493767, 0.02423197403550148, 0.03330831974744797], "lowlevel.spectral_contrast_valleys.mean": [-6.794204235076904, -6.57694149017334, -6.704677581787109, -6.657461643218994, -6.70147180557251, -9.408873558044434], "lowlevel.spectral_contrast_valleys.stdev": [0.8207470178604126, 0.7085440754890442, 0.670332133769989, 0.7147278189659119, 0.48078611493110657, 0.6627206802368164], "rhythm.beats_loudness_band_ratio.mean": [0.677227258682251, 0.046067193150520325, 0.11970934271812439, 0.08713015913963318, 0.055543553084135056, 0.03805406391620636], "rhythm.beats_loudness_band_ratio.stdev": [0.1761706918478012, 0.06495613604784012, 0.11547936499118805, 0.06871175765991211, 0.03477195277810097, 0.016865793615579605], "tonal.hpcp.mean": [0.15772178769111633, 0.13293544948101044, 0.1291464865207672, 0.13335439562797546, 0.12776215374469757, 0.11607902497053146, 0.09941563010215759, 0.08610369265079498, 0.08543027192354202, 0.08155667036771774, 0.08043475449085236, 0.07423297315835953, 0.057194869965314865, 0.05632590502500534, 0.06333561986684799, 0.07941869646310806, 0.08604802936315536, 0.08732406049966812, 0.104878731071949, 0.11258265376091003, 0.14667141437530518, 0.2647693157196045, 0.294056236743927, 0.17724521458148956, 0.09812408685684204, 0.07999005913734436, 0.0625506192445755, 0.04645580053329468, 0.04911957308650017, 0.07538451254367828, 0.08860781043767929, 0.060387901961803436, 0.0441724993288517, 0.07066500186920166, 0.0962771400809288, 0.13613693416118622], "tonal.hpcp.stdev": [0.29261887073516846, 0.24339662492275238, 0.25308847427368164, 0.2530395984649658, 0.25776273012161255, 0.24422016739845276, 0.21633189916610718, 0.19611123204231262, 0.1872854083776474, 0.18722037971019745, 0.18139714002609253, 0.16879890859127045, 0.12254036962985992, 0.12496500462293625, 0.13419140875339508, 0.172265887260437, 0.2068370282649994, 0.19539982080459595, 0.23472654819488525, 0.23564666509628296, 0.2631332278251648, 0.36058178544044495, 0.3867403566837311, 0.2845093607902527, 0.20367060601711273, 0.18175435066223145, 0.15394851565361023, 0.12454710155725479, 0.1285041719675064, 0.18517452478408813, 0.22677619755268097, 0.1459428071975708, 0.09744631499052048, 0.154930979013443, 0.18818923830986023, 0.2438068687915802], "rhythm.beats_position": [0.4643990993499756, 0.9287981986999512, 1.3931972980499268, 1.8692063093185425, 2.3336052894592285, 2.809614419937134, 3.2972335815429688, 3.7848525047302246, 4.2724714279174805, 4.7600908279418945, 5.24770975112915, 5.735328674316406, 6.222947597503662, 6.710566997528076, 7.198185920715332, 7.709024906158447, 8.185033798217773, 8.661043167114258, 9.148661613464355, 9.63628101348877, 10.123900413513184, 10.611518859863281, 11.099138259887695, 11.586756706237793, 12.074376106262207, 12.561995506286621, 13.049613952636719, 13.537233352661133, 14.036462783813477, 14.512471199035645, 15.000090599060059, 15.499319076538086, 15.97532844543457, 16.474557876586914, 16.973787307739258, 17.46140480041504, 17.949024200439453, 18.436643600463867, 18.92426300048828, 19.411882400512695, 19.899499893188477, 20.38711929321289, 20.863128662109375, 21.36235809326172, 21.849977493286133, 22.337596893310547, 22.825214385986328, 23.312833786010742, 23.800453186035156, 24.28807258605957, 24.775691986083984, 25.263309478759766, 25.75092887878418, 26.238548278808594, 26.726167678833008, 27.213787078857422, 27.701404571533203, 28.189023971557617, 28.67664337158203, 29.164262771606445, 29.65188217163086], "rhythm.bpm_histogram": [0.0, 0.0, 0.0, 0.0, 0.0, 0.0, 0.0, 0.0, 0.0, 0.0, 0.0, 0.0, 0.0, 0.0, 0.0, 0.0, 0.0, 0.0, 0.0, 0.0, 0.0, 0.0, 0.0, 0.0, 0.0, 0.0, 0.0, 0.0, 0.0, 0.0, 0.0, 0.0, 0.0, 0.0, 0.0, 0.0, 0.0, 0.0, 0.0, 0.0, 0.0, 0.0, 0.0, 0.0, 0.0, 0.0, 0.0, 0.0, 0.0, 0.0, 0.0, 0.0, 0.0, 0.0, 0.0, 0.0, 0.0, 0.0, 0.0, 0.0, 0.0, 0.0, 0.0, 0.0, 0.0, 0.0, 0.0, 0.0, 0.0, 0.0, 0.0, 0.0, 0.0, 0.0, 0.0, 0.0, 0.0, 0.0, 0.0, 0.0, 0.0, 0.0, 0.0, 0.0, 0.0, 0.0, 0.0, 0.0, 0.0, 0.0, 0.0, 0.0, 0.0, 0.0, 0.0, 0.0, 0.0, 0.0, 0.0, 0.0, 0.0, 0.0, 0.0, 0.0, 0.0, 0.0, 0.0, 0.0, 0.0, 0.0, 0.0, 0.0, 0.0, 0.0, 0.0, 0.0, 0.0, 0.01666666753590107, 0.0, 0.0, 0.0833333358168602, 0.0, 0.0, 0.7333333492279053, 0.0, 0.0, 0.11666666716337204, 0.0, 0.0, 0.05000000074505806, 0.0, 0.0, 0.0, 0.0, 0.0, 0.0, 0.0, 0.0, 0.0, 0.0, 0.0, 0.0, 0.0, 0.0, 0.0, 0.0, 0.0, 0.0, 0.0, 0.0, 0.0, 0.0, 0.0, 0.0, 0.0, 0.0, 0.0, 0.0, 0.0, 0.0, 0.0, 0.0, 0.0, 0.0, 0.0, 0.0, 0.0, 0.0, 0.0, 0.0, 0.0, 0.0, 0.0, 0.0, 0.0, 0.0, 0.0, 0.0, 0.0, 0.0, 0.0, 0.0, 0.0, 0.0, 0.0, 0.0, 0.0, 0.0, 0.0, 0.0, 0.0, 0.0, 0.0, 0.0, 0.0, 0.0, 0.0, 0.0, 0.0, 0.0, 0.0, 0.0, 0.0, 0.0, 0.0, 0.0, 0.0, 0.0, 0.0, 0.0, 0.0, 0.0, 0.0, 0.0, 0.0, 0.0, 0.0, 0.0, 0.0, 0.0, 0.0, 0.0, 0.0, 0.0, 0.0, 0.0, 0.0, 0.0, 0.0, 0.0, 0.0, 0.0, 0.0, 0.0, 0.0, 0.0, 0.0, 0.0, 0.0, 0.0, 0.0, 0.0, 0.0, 0.0, 0.0, 0.0, 0.0, 0.0, 0.0, 0.0], "tonal.chords_histogram": [0.0, 0.0, 0.0, 0.0, 4.34782600402832, 0.0, 0.0, 1.5527950525283813, 4.813664436340332, 0.0, 2.0186336040496826, 2.950310468673706, 3.5714285373687744, 3.1055901050567627, 24.534160614013672, 12.732919692993164, 2.639751434326172, 4.813664436340332, 0.0, 0.0, 0.0, 17.85714340209961, 14.596273422241211, 0.4658385217189789], "tonal.thpcp": [1.0, 0.602759599685669, 0.3336915671825409, 0.2720229923725128, 0.21271651983261108, 0.1579827070236206, 0.16704142093658447, 0.25636085867881775, 0.30132946372032166, 0.2053617388010025, 0.15021786093711853, 0.2403111755847931, 0.32741063833236694, 0.46296223998069763, 0.5363660454750061, 0.45207491517066956, 0.43918976187705994, 0.4534996449947357, 0.43448203802108765, 0.39475110173225403, 0.33808374404907227, 0.2928136885166168, 0.29052358865737915, 0.2773505747318268, 0.27353528141975403, 0.2524448037147522, 0.19450317323207855, 0.19154806435108185, 0.21538607776165009, 0.27007997035980225, 0.2926243841648102, 0.29696381092071533, 0.35666215419769287, 0.3828609585762024, 0.49878695607185364, 0.9004036784172058], "lowlevel.gfcc.cov": [[3014.16455078125, 506.99969482421875, 148.48268127441406, 93.26957702636719, 207.40301513671875, 88.53596496582031, -67.2339096069336, -89.3464584350586, 31.349464416503906, 130.2251434326172, -72.1274185180664, -101.5807876586914, -78.3605728149414], [506.99969482421875, 731.7907104492188, -128.29676818847656, 25.559024810791016, 261.7021789550781, -109.0229263305664, 41.01749801635742, -100.73190307617188, 71.89088439941406, 21.429683685302734, 40.224029541015625, -110.41246795654297, 28.863479614257812], [148.48268127441406, -128.29676818847656, 329.1499938964844, 231.9491424560547, 19.015010833740234, 40.685508728027344, -78.09724426269531, -60.50920486450195, -61.071563720703125, 4.379558086395264, -16.666362762451172, 28.998964309692383, -8.558341979980469], [93.26957702636719, 25.559024810791016, 231.9491424560547, 462.8352355957031, 286.8142395019531, 94.97673034667969, -32.99857711791992, -122.02562713623047, -36.44157409667969, 16.82208251953125, 47.124263763427734, -19.98601531982422, 26.950193405151367], [207.40301513671875, 261.7021789550781, 19.015010833740234, 286.8142395019531, 524.3421630859375, 119.11366271972656, 60.638954162597656, -78.18640899658203, 23.583301544189453, 57.19578170776367, 43.983280181884766, -82.58855438232422, 9.686715126037598], [88.53596496582031, -109.0229263305664, 40.685508728027344, 94.97673034667969, 119.11366271972656, 175.81747436523438, 79.84825897216797, 49.1971321105957, -4.749025821685791, -10.344982147216797, -5.98794412612915, -4.312315940856934, 8.585347175598145], [-67.2339096069336, 41.01749801635742, -78.09724426269531, -32.99857711791992, 60.638954162597656, 79.84825897216797, 219.36158752441406, 119.9946517944336, 36.53330612182617, -53.05503463745117, -17.406116485595703, -2.500805377960205, 33.04507827758789], [-89.3464584350586, -100.73190307617188, -60.50920486450195, -122.02562713623047, -78.18640899658203, 49.1971321105957, 119.9946517944336, 167.6776580810547, 50.085567474365234, -17.15680694580078, -13.085737228393555, 15.384117126464844, 2.2120301723480225], [31.349464416503906, 71.89088439941406, -61.071563720703125, -36.44157409667969, 23.583301544189453, -4.749025821685791, 36.53330612182617, 50.085567474365234, 113.0400619506836, 67.63152313232422, 41.82820129394531, -22.08367156982422, -12.809249877929688], [130.2251434326172, 21.429683685302734, 4.379558086395264, 16.82208251953125, 57.19578170776367, -10.344982147216797, -53.05503463745117, -17.15680694580078, 67.63152313232422, 133.01243591308594, 57.43022918701172, -13.175127029418945, -40.251182556152344], [-72.1274185180664, 40.224029541015625, -16.666362762451172, 47.124263763427734, 43.983280181884766, -5.98794412612915, -17.406116485595703, -13.085737228393555, 41.82820129394531, 57.43022918701172, 92.12896728515625, 21.247343063354492, 10.763529777526855], [-101.5807876586914, -110.41246795654297, 28.998964309692383, -19.98601531982422, -82.58855438232422, -4.312315940856934, -2.500805377960205, 15.384117126464844, -22.08367156982422, -13.175127029418945, 21.247343063354492, 83.7562484741211, 31.57949447631836], [-78.3605728149414, 28.863479614257812, -8.558341979980469, 26.950193405151367, 9.686715126037598, 8.585347175598145, 33.04507827758789, 2.2120301723480225, -12.809249877929688, -40.251182556152344, 10.763529777526855, 31.57949447631836, 70.7861328125]], "lowlevel.gfcc.icov": [[0.0006520952447317541, -0.001312718610279262, 6.195516471052542e-05, -0.0004293630481697619, 0.0005778004415333271, -0.0015992869157344103, 0.0007005803054198623, -0.00042334094177931547, 0.00022286151943262666, -0.00141059304587543, 0.0020271814428269863, -0.0014605254400521517, 0.000810733181424439], [-0.001312718610279262, 0.007096128072589636, -0.0017041530227288604, 0.0035067989956587553, -0.0035746758803725243, 0.006972647737711668, -0.004022790119051933, 0.00452181464061141, -0.0024222000502049923, 0.004519939888268709, -0.007363737560808659, 0.009000764228403568, -0.005271598696708679], [6.195516471052542e-05, -0.0017041530227288604, 0.009459593333303928, -0.007654707413166761, 0.002507105702534318, -0.0016335002146661282, 0.0031185371335595846, -0.0031965479720383883, 0.001427836250513792, -0.003213961608707905, 0.007949896156787872, -0.007880891673266888, 0.004058470018208027], [-0.0004293630481697619, 0.0035067989956587553, -0.007654707413166761, 0.011531372554600239, -0.004643578547984362, 0.0009293637704104185, -0.0029187833424657583, 0.006596206687390804, -0.0015391355846077204, 0.00477267149835825, -0.010121160186827183, 0.008629346266388893, -0.005417244974523783], [0.0005778004415333271, -0.0035746758803725243, 0.002507105702534318, -0.004643578547984362, 0.007573039270937443, -0.005546377971768379, -0.001140814507380128, 0.0004381223698146641, 0.0028766596224159002, -0.006133988965302706, 0.0031849381048232317, -0.00031666483846493065, 0.0010130758164450526], [-0.0015992869157344103, 0.006972647737711668, -0.0016335002146661282, 0.0009293637704104185, -0.005546377971768379, 0.01778934709727764, -0.005407806485891342, -0.001680367742665112, 0.001198513782583177, 0.0034440564922988415, -0.006502893753349781, 0.007755518425256014, -0.0042823003605008125], [0.0007005803054198623, -0.004022790119051933, 0.0031185371335595846, -0.0029187833424657583, -0.001140814507380128, -0.005407806485891342, 0.01618998870253563, -0.010935292579233646, -0.0034265483263880014, 0.0037944817449897528, 0.006865993142127991, -0.007733674719929695, 0.001443691086024046], [-0.00042334094177931547, 0.00452181464061141, -0.0031965479720383883, 0.006596206687390804, 0.0004381223698146641, -0.001680367742665112, -0.010935292579233646, 0.02327571250498295, -0.009596353396773338, 0.003931284416466951, -0.004088800400495529, 0.0034078380558639765, -0.0010885221417993307], [0.00022286151943262666, -0.0024222000502049923, 0.001427836250513792, -0.0015391355846077204, 0.0028766596224159002, 0.001198513782583177, -0.0034265483263880014, -0.009596353396773338, 0.027969909831881523, -0.015275144018232822, -0.005774355959147215, 0.008393966592848301, -0.0031378220301121473], [-0.00141059304587543, 0.004519939888268709, -0.003213961608707905, 0.00477267149835825, -0.006133988965302706, 0.0034440564922988415, 0.0037944817449897528, 0.003931284416466951, -0.015275144018232822, 0.02907498925924301, -0.014066164381802082, 0.0009694588952697814, 0.00839238055050373], [0.0020271814428269863, -0.007363737560808659, 0.007949896156787872, -0.010121160186827183, 0.0031849381048232317, -0.006502893753349781, 0.006865993142127991, -0.004088800400495529, -0.005774355959147215, -0.014066164381802082, 0.0373951680958271, -0.022948939353227615, 0.0028452121187001467], [-0.0014605254400521517, 0.009000764228403568, -0.007880891673266888, 0.008629346266388893, -0.00031666483846493065, 0.007755518425256014, -0.007733674719929695, 0.0034078380558639765, 0.008393966592848301, 0.0009694588952697814, -0.022948939353227615, 0.04177858307957649, -0.01999739557504654], [0.000810733181424439, -0.005271598696708679, 0.004058470018208027, -0.005417244974523783, 0.0010130758164450526, -0.0042823003605008125, 0.001443691086024046, -0.0010885221417993307, -0.0031378220301121473, 0.00839238055050373, 0.0028452121187001467, -0.01999739557504654, 0.03216112405061722]], "lowlevel.mfcc.cov": [[2540.24365234375, 444.25506591796875, 20.9962215423584, 71.89376831054688, 191.01881408691406, 193.76239013671875, -18.56789207458496, -123.16923522949219, 31.902921676635742, 72.75159454345703, 73.21318817138672, 34.889556884765625, -16.095844268798828], [444.25506591796875, 674.9268188476562, -277.1744689941406, 59.09195327758789, 41.06699752807617, 8.914213180541992, -13.128473281860352, -84.02417755126953, 36.9118766784668, 36.04641342163086, 34.9638671875, 15.835381507873535, 28.593008041381836], [20.9962215423584, -277.1744689941406, 388.9069519042969, 52.266822814941406, -27.31024932861328, -15.328801155090332, -50.772010803222656, 1.8014147281646729, -59.30619430541992, -59.546852111816406, -54.174522399902344, -33.06718826293945, -25.519243240356445], [71.89376831054688, 59.09195327758789, 52.266822814941406, 347.3465576171875, 246.59019470214844, 192.8400421142578, 60.52127456665039, -67.0281753540039, -41.87272644042969, -8.79092788696289, -4.834428787231445, -6.736334323883057, 16.965694427490234], [191.01881408691406, 41.06699752807617, -27.31024932861328, 246.59019470214844, 362.1374206542969, 240.66883850097656, 77.4622573852539, -88.80310821533203, -44.69132995605469, 37.40384292602539, 28.70924186706543, 9.877148628234863, 19.4210147857666], [193.76239013671875, 8.914213180541992, -15.328801155090332, 192.8400421142578, 240.66883850097656, 242.23367309570312, 98.86445617675781, -32.00950622558594, -8.341978073120117, 23.472564697265625, 16.519601821899414, 3.7229490280151367, 4.999866962432861], [-18.56789207458496, -13.128473281860352, -50.772010803222656, 60.52127456665039, 77.4622573852539, 98.86445617675781, 159.86094665527344, 101.45622253417969, 63.75933074951172, 20.20685386657715, -6.148849964141846, -6.525285243988037, -12.073020935058594], [-123.16923522949219, -84.02417755126953, 1.8014147281646729, -67.0281753540039, -88.80310821533203, -32.00950622558594, 101.45622253417969, 191.42945861816406, 98.74627685546875, 5.526538372039795, -24.546504974365234, -16.41609764099121, -19.26447296142578], [31.902921676635742, 36.9118766784668, -59.30619430541992, -41.87272644042969, -44.69132995605469, -8.341978073120117, 63.75933074951172, 98.74627685546875, 114.8496322631836, 48.44335174560547, 18.68829345703125, 3.8697898387908936, -14.356847763061523], [72.75159454345703, 36.04641342163086, -59.546852111816406, -8.79092788696289, 37.40384292602539, 23.472564697265625, 20.20685386657715, 5.526538372039795, 48.44335174560547, 93.22518920898438, 64.56414031982422, 33.937767028808594, 6.650126934051514], [73.21318817138672, 34.9638671875, -54.174522399902344, -4.834428787231445, 28.70924186706543, 16.519601821899414, -6.148849964141846, -24.546504974365234, 18.68829345703125, 64.56414031982422, 95.31361389160156, 58.808082580566406, 21.580997467041016], [34.889556884765625, 15.835381507873535, -33.06718826293945, -6.736334323883057, 9.877148628234863, 3.7229490280151367, -6.525285243988037, -16.41609764099121, 3.8697898387908936, 33.937767028808594, 58.808082580566406, 80.0606460571289, 44.5053596496582], [-16.095844268798828, 28.593008041381836, -25.519243240356445, 16.965694427490234, 19.4210147857666, 4.999866962432861, -12.073020935058594, -19.26447296142578, -14.356847763061523, 6.650126934051514, 21.580997467041016, 44.5053596496582, 69.840576171875]], "lowlevel.mfcc.icov": [[0.0006143888458609581, -0.0006820716080255806, -0.0006961655453778803, 0.0006699130753986537, -0.0002466993173584342, -0.000966822262853384, 0.0003895168483722955, 0.00010179101082030684, -0.0004981629317626357, 0.00010676273086573929, -0.00010453098366269842, -0.00041421919013373554, 0.00042064342414960265], [-0.0006820716080255806, 0.0035158079117536545, 0.0027148225344717503, -0.002007140312343836, 0.0005744229420088232, 0.001848629442974925, -0.00020365638192743063, 0.0021510599181056023, -0.0020606035832315683, 0.0003726936993189156, 0.0005010447930544615, 0.0010125829139724374, -0.0011101344134658575], [-0.0006961655453778803, 0.0027148225344717503, 0.0060027348808944225, -0.003125604707747698, 0.001099374028854072, 0.0007094595348462462, 0.002956890966743231, -0.0019058829639106989, 0.0017398260533809662, -0.0001885220844997093, 0.0017633227398619056, -0.00041665954631753266, 0.0014059023233130574], [0.0006699130753986537, -0.002007140312343836, -0.003125604707747698, 0.00841501448303461, -0.0035983319394290447, -0.003307310864329338, -0.0012752420734614134, 0.0015043379971757531, -0.0015494799008592963, 0.0027149131055921316, -0.0007634171633981168, 0.0006681225495412946, -0.0015451319050043821], [-0.0002466993173584342, 0.0005744229420088232, 0.001099374028854072, -0.0035983319394290447, 0.012695909477770329, -0.007202950771898031, -0.0029578448738902807, 0.0027277523186057806, 0.005083021707832813, -0.006204912904649973, 0.000680075550917536, 0.002043532207608223, -0.0016665412113070488], [-0.000966822262853384, 0.001848629442974925, 0.0007094595348462462, -0.003307310864329338, -0.007202950771898031, 0.018595462664961815, -0.008632328361272812, 0.0042147948406636715, -0.002032033633440733, 0.0018441234715282917, -0.0015291826566681266, 0.0008139238925650716, -0.00021438323892652988], [0.0003895168483722955, -0.00020365638192743063, 0.002956890966743231, -0.0012752420734614134, -0.0029578448738902807, -0.008632328361272812, 0.024907980114221573, -0.015000947751104832, -0.0015778600936755538, 0.00011781041393987834, 0.0033359527587890625, -0.004216157831251621, 0.004492111504077911], [0.00010179101082030684, 0.0021510599181056023, -0.0019058829639106989, 0.0015043379971757531, 0.0027277523186057806, 0.0042147948406636715, -0.015000947751104832, 0.0241200253367424, -0.014545509591698647, 0.0033562721218913794, 0.0019543974194675684, 0.002291306620463729, -0.004292956553399563], [-0.0004981629317626357, -0.0020606035832315683, 0.0017398260533809662, -0.0015494799008592963, 0.005083021707832813, -0.002032033633440733, -0.0015778600936755538, -0.014545509591698647, 0.03192871809005737, -0.01507827453315258, -7.368532533291727e-05, 0.0002034750214079395, 0.0040803151205182076], [0.00010676273086573929, 0.0003726936993189156, -0.0001885220844997093, 0.0027149131055921316, -0.006204912904649973, 0.0018441234715282917, 0.00011781041393987834, 0.0033562721218913794, -0.01507827453315258, 0.031562015414237976, -0.01690591871738434, 0.001129940152168274, 8.226496720453724e-05], [-0.00010453098366269842, 0.0005010447930544615, 0.0017633227398619056, -0.0007634171633981168, 0.000680075550917536, -0.0015291826566681266, 0.0033359527587890625, 0.0019543974194675684, -7.368532533291727e-05, -0.01690591871738434, 0.034746818244457245, -0.019992535933852196, 0.005234458949416876], [-0.00041421919013373554, 0.0010125829139724374, -0.00041665954631753266, 0.0006681225495412946, 0.002043532207608223, 0.0008139238925650716, -0.004216157831251621, 0.002291306620463729, 0.0002034750214079395, 0.001129940152168274, -0.019992535933852196, 0.03693405166268349, -0.018971826881170273], [0.00042064342414960265, -0.0011101344134658575, 0.0014059023233130574, -0.0015451319050043821, -0.0016665412113070488, -0.00021438323892652988, 0.004492111504077911, -0.004292956553399563, 0.0040803151205182076, 8.226496720453724e-05, 0.005234458949416876, -0.018971826881170273, 0.027133090421557426]], "metadata.audio_properties.analysis.downmix": "mix", "metadata.audio_properties.codec": "mp3", "metadata.audio_properties.md5_encoded": "607d31d24b45f75e967088488e7531ea", "metadata.tags.file_name": "1182254693125206086.mp3", "metadata.version.essentia": "2.1-beta6-dev", "metadata.version.essentia_git_sha": "v2.1_beta5-1110-g77a6a954", "metadata.version.extractor": "music 2.0", "tonal.chords_key": "A", "tonal.chords_scale": "minor", "tonal.key_edma.key": "Ab", "tonal.key_edma.scale": "minor", "tonal.key_krumhansl.key": "Ab", "tonal.key_krumhansl.scale": "minor", "tonal.key_temperley.key": "Ab", "tonal.key_temperley.scale