{"song_id": "1182271784033210399", "download": "https://cdn.discordapp.com/attachments/1128313332273782784/1182271784033210399/chirp.mp4?ex=65841766&amp", "lyrics": "Yeah, yeah\nAyo, Elias, it's time.\nIt's time, Elias (aight, Elias, begin).\nStraight out the smooth dungeons of rap.\n\nThe rod drops deep as does my love.\nI never roam, 'cause to roam is the neve of dove.\nBeyond the walls of thoughts, life is defined.\nI think of rappers when I'm in an Amberg state of mind.\n\nHope the dove got some belove.\nMy truelove don't like no dirty shove.\nRun up to the foxglove and get the glove.\nIn an Amberg state of mind. \nI can buy myself flowers\nWrite my name in the sand\nTalk to myself for hours\nSay things you don't understand\nI can take myself dancing\nAnd I can hold my own hand\nYeah, I can love me better than you can\n\nCan love me better, I can love me better, baby\nCan love me better, I can love me better, baby", "style": ["deutsch rap"], "essentia_features": {"lowlevel.average_loudness": 0.9380826354026794, "lowlevel.barkbands_crest.mean": 14.23210334777832, "lowlevel.barkbands_crest.stdev": 6.923773765563965, "lowlevel.barkbands_flatness_db.mean": 0.20930428802967072, "lowlevel.barkbands_flatness_db.stdev": 0.09919767081737518, "lowlevel.barkbands_kurtosis.mean": 45.919090270996094, "lowlevel.barkbands_kurtosis.stdev": 150.0360565185547, "lowlevel.barkbands_skewness.mean": 3.196463108062744, "lowlevel.barkbands_skewness.stdev": 4.828543663024902, "lowlevel.barkbands_spread.mean": 19.21198844909668, "lowlevel.barkbands_spread.stdev": 20.06787872314453, "lowlevel.dissonance.mean": 0.4462817907333374, "lowlevel.dissonance.stdev": 0.051215216517448425, "lowlevel.dynamic_complexity": 4.146963119506836, "lowlevel.erbbands_crest.mean": 11.266338348388672, "lowlevel.erbbands_crest.stdev": 5.297738552093506, "lowlevel.erbbands_flatness_db.mean": 0.18049034476280212, "lowlevel.erbbands_flatness_db.stdev": 0.06137145683169365, "lowlevel.erbbands_kurtosis.mean": 2.4926295280456543, "lowlevel.erbbands_kurtosis.stdev": 5.867376804351807, "lowlevel.erbbands_skewness.mean": 0.533090353012085, "lowlevel.erbbands_skewness.stdev": 1.3793638944625854, "lowlevel.erbbands_spread.mean": 40.101253509521484, "lowlevel.erbbands_spread.stdev": 29.953731536865234, "lowlevel.hfc.mean": 20.951614379882812, "lowlevel.hfc.stdev": 22.453489303588867, "lowlevel.loudness_ebu128.integrated": -13.981735229492188, "lowlevel.loudness_ebu128.loudness_range": 1.6131658554077148, "lowlevel.loudness_ebu128.momentary.mean": -14.563764572143555, "lowlevel.loudness_ebu128.momentary.stdev": 2.3495092391967773, "lowlevel.loudness_ebu128.short_term.mean": -14.031660079956055, "lowlevel.loudness_ebu128.short_term.stdev": 0.5611945390701294, "lowlevel.melbands_crest.mean": 18.98677635192871, "lowlevel.melbands_crest.stdev": 8.763899803161621, "lowlevel.melbands_flatness_db.mean": 0.26912176609039307, "lowlevel.melbands_flatness_db.stdev": 0.1363191455602646, "lowlevel.melbands_kurtosis.mean": 67.25190734863281, "lowlevel.melbands_kurtosis.stdev": 143.36026000976562, "lowlevel.melbands_skewness.mean": 4.361584186553955, "lowlevel.melbands_skewness.stdev": 4.730352878570557, "lowlevel.melbands_spread.mean": 22.853540420532227, "lowlevel.melbands_spread.stdev": 32.9896354675293, "lowlevel.pitch_salience.mean": 0.45451685786247253, "lowlevel.pitch_salience.stdev": 0.2287507951259613, "lowlevel.silence_rate_20dB.mean": 0.9860092997550964, "lowlevel.silence_rate_20dB.stdev": 0.11745187640190125, "lowlevel.silence_rate_30dB.mean": 0.8547635078430176, "lowlevel.silence_rate_30dB.stdev": 0.35233795642852783, "lowlevel.silence_rate_60dB.mean": 0.10926049202680588, "lowlevel.silence_rate_60dB.stdev": 0.3119659423828125, "lowlevel.spectral_centroid.mean": 1333.5977783203125, "lowlevel.spectral_centroid.stdev": 1149.03515625, "lowlevel.spectral_complexity.mean": 10.55562973022461, "lowlevel.spectral_complexity.stdev": 11.583111763000488, "lowlevel.spectral_decrease.mean": -1.2705879903762707e-08, "lowlevel.spectral_decrease.stdev": 2.1417370987819595e-08, "lowlevel.spectral_energy.mean": 0.04985533282160759, "lowlevel.spectral_energy.stdev": 0.08138632774353027, "lowlevel.spectral_energyband_high.mean": 0.0009710522135719657, "lowlevel.spectral_energyband_high.stdev": 0.0018668458797037601, "lowlevel.spectral_energyband_low.mean": 0.035377632826566696, "lowlevel.spectral_energyband_low.stdev": 0.07945629954338074, "lowlevel.spectral_energyband_middle_high.mean": 0.004089231602847576, "lowlevel.spectral_energyband_middle_high.stdev": 0.006485616788268089, "lowlevel.spectral_energyband_middle_low.mean": 0.010965152643620968, "lowlevel.spectral_energyband_middle_low.stdev": 0.018811726942658424, "lowlevel.spectral_entropy.mean": 7.459946632385254, "lowlevel.spectral_entropy.stdev": 0.7317436337471008, "lowlevel.spectral_flux.mean": 0.13247370719909668, "lowlevel.spectral_flux.stdev": 0.12312517315149307, "lowlevel.spectral_kurtosis.mean": 6.157102108001709, "lowlevel.spectral_kurtosis.stdev": 6.35998010635376, "lowlevel.spectral_rms.mean": 0.005484092980623245, "lowlevel.spectral_rms.stdev": 0.004308602306991816, "lowlevel.spectral_rolloff.mean": 2020.22216796875, "lowlevel.spectral_rolloff.stdev": 3090.229736328125, "lowlevel.spectral_skewness.mean": 1.8534996509552002, "lowlevel.spectral_skewness.stdev": 0.8577632904052734, "lowlevel.spectral_spread.mean": 5775011.5, "lowlevel.spectral_spread.stdev": 3208812.5, "lowlevel.spectral_strongpeak.mean": 0.942507803440094, "lowlevel.spectral_strongpeak.stdev": 1.0441614389419556, "lowlevel.zerocrossingrate.mean": 0.07362767308950424, "lowlevel.zerocrossingrate.stdev": 0.07941479980945587, "metadata.audio_properties.analysis.equal_loudness": 0.0, "metadata.audio_properties.analysis.length": 34.81494140625, "metadata.audio_properties.analysis.sample_rate": 44100.0, "metadata.audio_properties.analysis.start_time": 0.0, "metadata.audio_properties.bit_rate": 125906.0, "metadata.audio_properties.length": 34.816001892089844, "metadata.audio_properties.lossless": 0.0, "metadata.audio_properties.number_channels": 1.0, "metadata.audio_properties.replay_gain": -11.965011596679688, "metadata.audio_properties.sample_rate": 48000.0, "rhythm.beats_count": 57.0, "rhythm.beats_loudness.mean": 0.14119693636894226, "rhythm.beats_loudness.stdev": 0.1357935220003128, "rhythm.bpm": 99.95894622802734, "rhythm.bpm_histogram_first_peak_bpm": 99.0, "rhythm.bpm_histogram_first_peak_weight": 0.3636363744735718, "rhythm.bpm_histogram_second_peak_bpm": 89.0, "rhythm.bpm_histogram_second_peak_spread": 0.0, "rhythm.bpm_histogram_second_peak_weight": 0.01785714365541935, "rhythm.danceability": 1.7374728918075562, "rhythm.onset_rate": 5.914453029632568, "tonal.chords_changes_rate": 0.13715046644210815, "tonal.chords_number_rate": 0.009320905432105064, "tonal.chords_strength.mean": 0.5359605550765991, "tonal.chords_strength.stdev": 0.07798048108816147, "tonal.hpcp_crest.mean": 13.019563674926758, "tonal.hpcp_crest.stdev": 5.91439962387085, "tonal.hpcp_entropy.mean": 2.1338651180267334, "tonal.hpcp_entropy.stdev": 0.7998253107070923, "tonal.key_edma.strength": 0.7624150514602661, "tonal.key_krumhansl.strength": 0.768670380115509, "tonal.key_temperley.strength": 0.7724118232727051, "tonal.tuning_diatonic_strength": 0.796086847782135, "tonal.tuning_equal_tempered_deviation": 0.22042502462863922, "tonal.tuning_frequency": 456.57025146484375, "tonal.tuning_nontempered_energy_ratio": 0.9144911766052246, "lowlevel.barkbands.mean": [0.0008453909540548921, 0.026959609240293503, 0.006105860695242882, 0.002421678276732564, 0.0011390886502340436, 0.002866728464141488, 0.0009720018715597689, 0.0019102859077975154, 0.0014926415169611573, 0.000805096875410527, 0.0005105300806462765, 0.0005477375234477222, 0.0007645412697456777, 0.00037659311783500016, 0.00024547320208512247, 0.0002759076305665076, 0.00028708562604151666, 0.00016235822113230824, 0.0001394548307871446, 0.00011076981900259852, 0.0001429140829714015, 0.00012803032586816698, 0.00018689048010855913, 0.0001546889980090782, 0.00016583105025347322, 0.00013480597408488393, 3.3658916436252184e-06], "lowlevel.barkbands.stdev": [0.0024300203658640385, 0.06411197036504745, 0.028064599260687828, 0.011909845285117626, 0.00467675132676959, 0.005698752123862505, 0.002703147940337658, 0.004934740252792835, 0.0037730815820395947, 0.00238838535733521, 0.0013290327042341232, 0.00163930538110435, 0.0020670974627137184, 0.0010016332380473614, 0.0005754399462603033, 0.0006762515986338258, 0.0005545896128751338, 0.0004254772502463311, 0.0004162265395279974, 0.00036674924194812775, 0.0003904398181475699, 0.0003666099801193923, 0.0003827825130429119, 0.00033798819640651345, 0.00032784746144898236, 0.00025281510897912085, 1.3476703315973282e-05], "lowlevel.erbbands.mean": [0.8493306636810303, 5.646420478820801, 8.11427116394043, 8.097135543823242, 5.8338165283203125, 2.942047357559204, 10.427513122558594, 27.1829891204834, 14.206384658813477, 31.512277603149414, 33.77658462524414, 37.47609329223633, 24.134033203125, 26.650285720825195, 21.981239318847656, 23.119394302368164, 33.94036865234375, 25.496931076049805, 15.064020156860352, 12.826018333435059, 15.812560081481934, 16.448225021362305, 9.81502914428711, 7.455140113830566, 6.479706764221191, 5.128596305847168, 5.7123212814331055, 5.445736408233643, 4.762994289398193, 5.331345558166504, 4.916330337524414, 3.1677169799804688, 2.6751484870910645, 1.912062644958496, 1.1482858657836914, 0.6259090900421143, 0.24478372931480408, 0.03314526006579399, 0.0006869005155749619, 8.086985326372087e-05], "lowlevel.erbbands.stdev": [1.9910759925842285, 14.537551879882812, 30.459871292114258, 39.87199401855469, 24.21442985534668, 14.717620849609375, 22.13726234436035, 60.93486022949219, 43.407379150390625, 72.19840240478516, 89.87149810791016, 98.98272705078125, 60.0246467590332, 82.63275146484375, 56.47380447387695, 66.49787139892578, 87.6829605102539, 63.35585021972656, 32.978118896484375, 28.75676155090332, 35.626285552978516, 31.341350555419922, 23.058258056640625, 22.177139282226562, 19.573713302612305, 16.53714370727539, 17.038034439086914, 14.411438941955566, 14.20802116394043, 12.101312637329102, 10.081280708312988, 6.637073993682861, 6.039702892303467, 4.100333213806152, 2.288956642150879, 1.2076984643936157, 0.47932928800582886, 0.07782846689224243, 0.0015702024102210999, 9.772466000868008e-05], "lowlevel.gfcc.mean": [-58.14815139770508, 63.66845703125, -101.1470718383789, 11.981529235839844, -59.56511688232422, 17.83972930908203, -43.050636291503906, 14.20999526977539, -15.29605484008789, 9.431173324584961, -13.640121459960938, 11.047086715698242, -11.635451316833496], "lowlevel.melbands.mean": [0.007568577770143747, 0.005270351655781269, 0.0013350839726626873, 0.0002815216430462897, 0.0003096566360909492, 0.0005825165426358581, 0.00021344471315387636, 0.00038681094883941114, 0.00025291831116192043, 0.00023561799025628716, 0.00011706923396559432, 0.00011047062434954569, 7.01990575180389e-05, 5.602509918389842e-05, 6.839316483819857e-05, 7.94820734881796e-05, 4.264511153451167e-05, 2.4739038053667173e-05, 1.72826894413447e-05, 1.816757685446646e-05, 1.8269660358782858e-05, 1.8270611690240912e-05, 1.1703406926244497e-05, 6.751906767021865e-06, 5.928588052483974e-06, 5.303863417793764e-06, 4.020299456897192e-06, 3.1504055186815094e-06, 3.5212806324125268e-06, 3.467975375315291e-06, 3.0570679427910363e-06, 2.7769240205088863e-06, 2.2619594801653875e-06, 3.4217932807223406e-06, 3.004458676514332e-06, 2.216393340859213e-06, 1.8580523146738415e-06, 1.908894773805514e-06, 1.707016735963407e-06, 1.5802912685103365e-06], "lowlevel.melbands.stdev": [0.01761581376194954, 0.015134775079786777, 0.006269856356084347, 0.001235263654962182, 0.0006557063315995038, 0.0012599877081811428, 0.0006176831666380167, 0.0009023158345371485, 0.0006614898447878659, 0.00062897166935727, 0.0003047828213311732, 0.0003526659565977752, 0.00017841496446635574, 0.00014370010467246175, 0.00020574424706865102, 0.0002268441894557327, 0.00011418266512919217, 5.833550312672742e-05, 4.238015026203357e-05, 4.6382061555050313e-05, 4.15969334426336e-05, 3.6799770896323025e-05, 2.434182351862546e-05, 1.9497425455483608e-05, 1.8286616978002712e-05, 1.594169771124143e-05, 1.3420498362393118e-05, 1.0270625352859497e-05, 1.120690558309434e-05, 9.450116522202734e-06, 8.21869161882205e-06, 8.635015547042713e-06, 6.327576556941494e-06, 7.458329037035583e-06, 6.157812549645314e-06, 4.717183401226066e-06, 4.07180277761654e-06, 4.346588411863195e-06, 4.029029241792159e-06, 3.3997391710727243e-06], "lowlevel.melbands128.mean": [0.0008111505885608494, 0.006472189910709858, 0.010927673429250717, 0.008845753967761993, 0.004948360845446587, 0.002748134545981884, 0.001714724232442677, 0.001043104100972414, 0.0005542412400245667, 0.00021836863015778363, 0.00011736433225451037, 0.00013703711738344282, 0.0003051911771763116, 0.0005843364051543176, 0.0007402287446893752, 0.0005385508411563933, 0.0002378056524321437, 0.00013176561333239079, 0.0001895289751701057, 0.0003666450793389231, 0.000526835152413696, 0.00036221984191797674, 0.00018479881691746414, 0.00016883031639736146, 0.00026697517023421824, 0.000283336965367198, 0.00012369574687909335, 8.662521577207372e-05, 0.00011345119855832309, 0.00013933831360191107, 0.00010616687359288335, 6.149301043478772e-05, 6.307940202532336e-05, 8.870604506228119e-05, 5.130453791934997e-05, 3.9720336644677445e-05, 6.914680852787569e-05, 7.955226465128362e-05, 5.3496994951274246e-05, 8.102488209260628e-05, 0.00010014209692599252, 5.6645487347850576e-05, 4.100238220416941e-05, 3.7480436731129885e-05, 2.6576968593872152e-05, 2.3925897039589472e-05, 2.0603829398169182e-05, 1.6136347767314874e-05, 1.7141572243417613e-05, 1.5546844224445522e-05, 1.8445905880071223e-05, 2.115328243235126e-05, 1.7612068404559977e-05, 1.7524469512864016e-05, 1.7863705579657108e-05, 2.1909356291871518e-05, 1.4525508959195577e-05, 1.2975410754734185e-05, 1.1283959793217946e-05, 8.027204785321373e-06, 5.857506494066911e-06, 6.622268756473204e-06, 5.5766026889614295e-06, 6.0857350945298094e-06, 5.688522833224852e-06, 5.995846549922135e-06, 4.450264896149747e-06, 3.95123970520217e-06, 4.1044759200303815e-06, 3.952719907829305e-06, 2.797134584398009e-06, 2.9009734134888276e-06, 3.4649126519070705e-06, 3.727012426679721e-06, 3.40360497830261e-06, 3.759771971090231e-06, 3.2818745694385143e-06, 3.148189762214315e-06, 3.133704922220204e-06, 2.812887032632716e-06, 2.8819947601732565e-06, 2.8905928957101423e-06, 2.3092329684004653e-06, 2.061691930066445e-06, 2.2212120711628813e-06, 3.0451778911810834e-06, 3.959998593927594e-06, 4.017527317046188e-06, 2.624602302603307e-06, 2.6470154352864483e-06, 2.6077932488988154e-06, 2.036429350482649e-06, 1.686589484961587e-06, 1.8730238480202388e-06, 1.914260565172299e-06, 1.9200520000595134e-06, 1.944388486663229e-06, 1.8143648503610166e-06, 1.772101313690655e-06, 1.5215762232401175e-06, 1.7924555777426576e-06, 1.6063717112047016e-06, 1.3358961723497487e-06, 1.3046170579400496e-06, 1.2034655583192944e-06, 1.3014438309255638e-06, 1.4044572935745236e-06, 1.10681730802753e-06, 1.068088522515609e-06, 9.97673737401783e-07, 9.690014621810406e-07, 8.933673143474152e-07, 8.363642223230272e-07, 6.46981106910971e-07, 4.861839784098265e-07, 4.2881757167378964e-07, 1.462241669969444e-07, 9.1717859973528e-09, 6.220594039874072e-10, 2.6634862718144525e-11, 2.3813073041223376e-11, 1.0294504831920293e-11, 7.311923636010853e-12, 7.181089924090944e-12, 7.0360453574558335e-12, 6.8579595127737925e-12, 6.740289749951334e-12, 6.691965991761917e-12], "lowlevel.melbands128.stdev": [0.00235384632833302, 0.016040194779634476, 0.02708011120557785, 0.02493983879685402, 0.01770133152604103, 0.013213804922997952, 0.009007361717522144, 0.004860142711549997, 0.0021999089512974024, 0.0011645867489278316, 0.000800546957179904, 0.0005329884588718414, 0.0008574831881560385, 0.0013260147534310818, 0.0017843912355601788, 0.0017772584687918425, 0.0011278828606009483, 0.00047885318053886294, 0.000638762372545898, 0.0010134921176359057, 0.00149508286267519, 0.001297353650443256, 0.0007450893172062933, 0.0006775977672077715, 0.000946174724958837, 0.0008930339245125651, 0.00048029812751337886, 0.0003239018842577934, 0.00045531924115493894, 0.0005489939940162003, 0.00046359855332411826, 0.00020081100228708237, 0.0002027033333433792, 0.0003084421041421592, 0.0001713652309263125, 0.00012843373406212777, 0.000287198752630502, 0.00032229116186499596, 0.00017870648298412561, 0.00029556857771240175, 0.00036365879350341856, 0.0001951214362634346, 0.00015381586854346097, 0.00013246598246041685, 8.652271935716271e-05, 7.38493399694562e-05, 6.450645014410838e-05, 4.991545210941695e-05, 5.1295912271598354e-05, 4.511910447035916e-05, 5.702165071852505e-05, 7.20886600902304e-05, 4.608480230672285e-05, 4.5743501686956733e-05, 4.3313222704455256e-05, 5.250787944532931e-05, 2.950905945908744e-05, 2.9532086045946926e-05, 2.907773341576103e-05, 2.2958050976740196e-05, 1.8057595298159868e-05, 2.5317949621239677e-05, 1.7767191820894368e-05, 2.2057107344153337e-05, 1.7681382814771496e-05, 1.9445682482910343e-05, 1.4556573660229333e-05, 1.4309901416709181e-05, 1.5146868463489227e-05, 1.4174720490700565e-05, 1.0356787242926657e-05, 9.38861194299534e-06, 1.2597140994330402e-05, 1.3146149285603315e-05, 1.0684119843062945e-05, 1.1026664651581086e-05, 9.432400474906899e-06, 8.997093573270831e-06, 9.184341251966543e-06, 8.417859135079198e-06, 9.091908395930659e-06, 1.0862351700779982e-05, 7.389903657895047e-06, 6.131320787972072e-06, 6.32966202829266e-06, 7.666706551390234e-06, 9.103598131332546e-06, 8.539398550055921e-06, 5.642038104269886e-06, 6.322935860225698e-06, 5.961051101621706e-06, 4.680456186179072e-06, 3.881089014612371e-06, 4.551796337182168e-06, 4.676466232922394e-06, 4.4605931179830804e-06, 4.80822063764208e-06, 4.6705554268555716e-06, 4.596758572006365e-06, 3.8023601973691257e-06, 4.281616838852642e-06, 3.632214884419227e-06, 3.1478098208026495e-06, 3.0750338737561833e-06, 2.874316578527214e-06, 2.7362818855181104e-06, 2.8632891826418927e-06, 2.3805823730072007e-06, 2.3959589725564e-06, 2.3168140614870936e-06, 2.0662946553784423e-06, 1.932095756274066e-06, 1.877609861367091e-06, 1.374030262013548e-06, 1.0382213986304123e-06, 1.1911400861208676e-06, 5.674618250850472e-07, 5.804650626828334e-08, 1.0352661838908261e-08, 3.9950676100630744e-10, 3.5664618480701904e-10, 6.007646463634941e-11, 1.7281145264780307e-11, 1.7052569425968223e-11, 1.679575055424376e-11, 1.647483538480543e-11, 1.6298479926790677e-11, 1.6211294459611558e-11], "lowlevel.mfcc.mean": [-710.2909545898438, 109.96926879882812, 10.181314468383789, 2.2816357612609863, 6.343556880950928, 2.230424165725708, -9.46247386932373, 5.43039083480835, 0.542879045009613, -1.8504976034164429, 3.6785120964050293, 7.690336227416992, 1.713257908821106], "lowlevel.spectral_contrast_coeffs.mean": [-0.6656143665313721, -0.7395104169845581, -0.7944625616073608, -0.8006008863449097, -0.7928246259689331, -0.7772291898727417], "lowlevel.spectral_contrast_coeffs.stdev": [0.0985746756196022, 0.11059460788965225, 0.07706543058156967, 0.06680051237344742, 0.055215902626514435, 0.047605250030756], "lowlevel.spectral_contrast_valleys.mean": [-8.009758949279785, -7.300706386566162, -7.852917671203613, -8.133952140808105, -8.483345985412598, -10.613947868347168], "lowlevel.spectral_contrast_valleys.stdev": [1.4919408559799194, 1.0235025882720947, 1.0798624753952026, 1.02678644657135, 1.15137779712677, 1.4389456510543823], "rhythm.beats_loudness_band_ratio.mean": [0.5080478191375732, 0.0606803335249424, 0.16768348217010498, 0.11656683683395386, 0.07127993553876877, 0.09441964328289032], "rhythm.beats_loudness_band_ratio.stdev": [0.42269399762153625, 0.07992874830961227, 0.2038930058479309, 0.14806553721427917, 0.08016050606966019, 0.1151159331202507], "tonal.hpcp.mean": [0.09613550454378128, 0.08772482722997665, 0.07976178824901581, 0.0818195790052414, 0.08565948903560638, 0.0884348601102829, 0.15136484801769257, 0.21760474145412445, 0.17623695731163025, 0.10598832368850708, 0.08603304624557495, 0.07947971671819687, 0.08241810649633408, 0.09019730240106583, 0.10257374495267868, 0.11691619455814362, 0.11005409061908722, 0.10484511405229568, 0.10260998457670212, 0.09629357606172562, 0.10943639278411865, 0.1566038280725479, 0.1736602634191513, 0.1503000110387802, 0.137715682387352, 0.1164851263165474, 0.10219360888004303, 0.11871469020843506, 0.17456483840942383, 0.22749105095863342, 0.18886889517307281, 0.11049685627222061, 0.07918737828731537, 0.08831430226564407, 0.09532821923494339, 0.09609298408031464], "tonal.hpcp.stdev": [0.21256670355796814, 0.19508957862854004, 0.18410561978816986, 0.18900166451931, 0.20832905173301697, 0.19402360916137695, 0.2565637230873108, 0.338745653629303, 0.27620452642440796, 0.2123768925666809, 0.1929217427968979, 0.17756791412830353, 0.18036028742790222, 0.19141890108585358, 0.20700421929359436, 0.22472906112670898, 0.2101367712020874, 0.21324485540390015, 0.21887390315532684, 0.1978384405374527, 0.20736448466777802, 0.26480692625045776, 0.28159353137016296, 0.2509510815143585, 0.25577622652053833, 0.23264162242412567, 0.21696999669075012, 0.22412005066871643, 0.2865928113460541, 0.34188196063041687, 0.3082652986049652, 0.2203391045331955, 0.18098285794258118, 0.1934158205986023, 0.2048259973526001, 0.2104787975549698], "rhythm.beats_position": [0.650158703327179, 1.3235373497009277, 1.9504761695861816, 2.554194927215576, 3.1579136848449707, 3.7616326808929443, 4.353741645812988, 4.945850372314453, 5.549569129943848, 6.153287887573242, 6.757006645202637, 7.360725402832031, 7.964444160461426, 8.55655288696289, 9.160271644592285, 9.75238037109375, 10.356099128723145, 10.959818840026855, 11.56353759765625, 12.155646324157715, 12.75936508178711, 13.351473808288574, 13.955192565917969, 14.558911323547363, 15.174240112304688, 15.766348838806152, 16.358457565307617, 16.9505672454834, 17.554285049438477, 18.158004760742188, 18.761722564697266, 19.365442276000977, 19.969160079956055, 20.549659729003906, 21.153377532958984, 21.757097244262695, 22.360815048217773, 22.952924728393555, 23.568254470825195, 24.171972274780273, 24.764081954956055, 25.356189727783203, 25.959909439086914, 26.563627243041992, 27.155736923217773, 27.747844696044922, 28.351564407348633, 28.95528221130371, 29.559001922607422, 30.1627197265625, 30.76643943786621, 31.358549118041992, 31.95065689086914, 32.55437469482422, 33.15809631347656, 33.75020217895508, 34.34231185913086], "rhythm.bpm_histogram": [0.0, 0.0, 0.0, 0.0, 0.0, 0.0, 0.0, 0.0, 0.0, 0.0, 0.0, 0.0, 0.0, 0.0, 0.0, 0.0, 0.0, 0.0, 0.0, 0.0, 0.0, 0.0, 0.0, 0.0, 0.0, 0.0, 0.0, 0.0, 0.0, 0.0, 0.0, 0.0, 0.0, 0.0, 0.0, 0.0, 0.0, 0.0, 0.0, 0.0, 0.0, 0.0, 0.0, 0.0, 0.0, 0.0, 0.0, 0.0, 0.0, 0.0, 0.0, 0.0, 0.0, 0.0, 0.0, 0.0, 0.0, 0.0, 0.0, 0.0, 0.0, 0.0, 0.0, 0.0, 0.0, 0.0, 0.0, 0.0, 0.0, 0.0, 0.0, 0.0, 0.0, 0.0, 0.0, 0.0, 0.0, 0.0, 0.0, 0.0, 0.0, 0.0, 0.0, 0.0, 0.0, 0.0, 0.0, 0.0, 0.0, 0.01785714365541935, 0.0, 0.0, 0.0, 0.0, 0.0, 0.0, 0.01785714365541935, 0.0, 0.0357142873108387, 0.5892857313156128, 0.0, 0.3214285671710968, 0.0, 0.01785714365541935, 0.0, 0.0, 0.0, 0.0, 0.0, 0.0, 0.0, 0.0, 0.0, 0.0, 0.0, 0.0, 0.0, 0.0, 0.0, 0.0, 0.0, 0.0, 0.0, 0.0, 0.0, 0.0, 0.0, 0.0, 0.0, 0.0, 0.0, 0.0, 0.0, 0.0, 0.0, 0.0, 0.0, 0.0, 0.0, 0.0, 0.0, 0.0, 0.0, 0.0, 0.0, 0.0, 0.0, 0.0, 0.0, 0.0, 0.0, 0.0, 0.0, 0.0, 0.0, 0.0, 0.0, 0.0, 0.0, 0.0, 0.0, 0.0, 0.0, 0.0, 0.0, 0.0, 0.0, 0.0, 0.0, 0.0, 0.0, 0.0, 0.0, 0.0, 0.0, 0.0, 0.0, 0.0, 0.0, 0.0, 0.0, 0.0, 0.0, 0.0, 0.0, 0.0, 0.0, 0.0, 0.0, 0.0, 0.0, 0.0, 0.0, 0.0, 0.0, 0.0, 0.0, 0.0, 0.0, 0.0, 0.0, 0.0, 0.0, 0.0, 0.0, 0.0, 0.0, 0.0, 0.0, 0.0, 0.0, 0.0, 0.0, 0.0, 0.0, 0.0, 0.0, 0.0, 0.0, 0.0, 0.0, 0.0, 0.0, 0.0, 0.0, 0.0, 0.0, 0.0, 0.0, 0.0, 0.0, 0.0, 0.0, 0.0, 0.0, 0.0, 0.0, 0.0, 0.0, 0.0, 0.0, 0.0, 0.0, 0.0, 0.0, 0.0, 0.0, 0.0, 0.0, 0.0], "tonal.chords_histogram": [10.65246295928955, 34.620506286621094, 6.125166416168213, 17.57656478881836, 0.0, 0.0, 0.0, 0.0, 6.391478061676025, 0.0, 22.10386085510254, 0.0, 1.9973368644714355, 0.0, 0.0, 0.5326231718063354, 0.0, 0.0, 0.0, 0.0, 0.0, 0.0, 0.0, 0.0], "tonal.thpcp": [1.0, 0.8302255868911743, 0.48571956157684326, 0.3480900824069977, 0.3882099986076355, 0.41904163360595703, 0.42240336537361145, 0.4225902557373047, 0.38561880588531494, 0.3506150543689728, 0.35966065526008606, 0.37654003500938416, 0.3887399435043335, 0.6653661727905273, 0.9565419554710388, 0.7746984362602234, 0.46590107679367065, 0.3781821131706238, 0.3493751287460327, 0.3622916340827942, 0.3964872658252716, 0.4508913457393646, 0.5139375329017639, 0.48377326130867004, 0.4608757793903351, 0.45105063915252686, 0.4232851266860962, 0.4810580015182495, 0.6883955597877502, 0.7633718252182007, 0.6606853604316711, 0.6053674817085266, 0.5120427012443542, 0.44922035932540894, 0.5218433141708374, 0.7673481702804565], "lowlevel.gfcc.cov": [[10429.822265625, -1061.1708984375, 311.59271240234375, 184.8444366455078, -595.5662841796875, 270.3245544433594, -192.3379364013672, 164.23565673828125, -147.4805450439453, 171.49688720703125, -336.18414306640625, 61.059234619140625, -484.3393859863281], [-1061.1708984375, 3835.287353515625, 124.2039566040039, 178.017333984375, 950.6031494140625, -127.1426010131836, 570.5946655273438, 61.167083740234375, 521.870849609375, -182.71437072753906, 389.5303039550781, -27.486841201782227, 323.7663879394531], [311.59271240234375, 124.2039566040039, 2601.396728515625, 1065.0938720703125, 939.2816772460938, 643.2373046875, 421.32073974609375, 352.2171630859375, 248.05247497558594, 206.72129821777344, 193.195068359375, 184.2942352294922, -50.601600646972656], [184.8444366455078, 178.017333984375, 1065.0938720703125, 1308.3814697265625, 707.1019897460938, 276.7713317871094, 266.80792236328125, 244.06234741210938, 208.81961059570312, 93.84186553955078, 147.22447204589844, 26.726831436157227, 140.0328369140625], [-595.5662841796875, 950.6031494140625, 939.2816772460938, 707.1019897460938, 1037.5992431640625, 378.7127380371094, 481.9814453125, 255.1402130126953, 341.97491455078125, 104.44987487792969, 209.94754028320312, 23.262981414794922, 140.51820373535156], [270.3245544433594, -127.1426010131836, 643.2373046875, 276.7713317871094, 378.7127380371094, 682.9420166015625, 499.859375, 248.79092407226562, 121.60755920410156, 136.43936157226562, 71.88212585449219, 9.20267105102539, -25.29606819152832], [-192.3379364013672, 570.5946655273438, 421.32073974609375, 266.80792236328125, 481.9814453125, 499.859375, 747.8339233398438, 291.48663330078125, 227.54905700683594, 68.25387573242188, 155.95458984375, 0.28194525837898254, 64.55077362060547], [164.23565673828125, 61.167083740234375, 352.2171630859375, 244.06234741210938, 255.1402130126953, 248.79092407226562, 291.48663330078125, 359.59332275390625, 223.3078155517578, 97.68116760253906, 55.782161712646484, 35.067596435546875, 37.35230255126953], [-147.4805450439453, 521.870849609375, 248.05247497558594, 208.81961059570312, 341.97491455078125, 121.60755920410156, 227.54905700683594, 223.3078155517578, 390.92755126953125, 112.70503234863281, 129.02833557128906, 28.506990432739258, 96.40473175048828], [171.49688720703125, -182.71437072753906, 206.72129821777344, 93.84186553955078, 104.44987487792969, 136.43936157226562, 68.25387573242188, 97.68116760253906, 112.70503234863281, 204.4625244140625, 73.6972427368164, 38.0328483581543, -5.960707664489746], [-336.18414306640625, 389.5303039550781, 193.195068359375, 147.22447204589844, 209.94754028320312, 71.88212585449219, 155.95458984375, 55.782161712646484, 129.02833557128906, 73.6972427368164, 223.36070251464844, 74.92915344238281, 64.81598663330078], [61.059234619140625, -27.486841201782227, 184.2942352294922, 26.726831436157227, 23.262981414794922, 9.20267105102539, 0.28194525837898254, 35.067596435546875, 28.506990432739258, 38.0328483581543, 74.92915344238281, 170.16038513183594, 34.461795806884766], [-484.3393859863281, 323.7663879394531, -50.601600646972656, 140.0328369140625, 140.51820373535156, -25.29606819152832, 64.55077362060547, 37.35230255126953, 96.40473175048828, -5.960707664489746, 64.81598663330078, 34.461795806884766, 192.6227264404297]], "lowlevel.gfcc.icov": [[0.0001408659154549241, -9.705898264655843e-05, 4.6989498514449224e-05, -0.00018291464948561043, 0.00019733846420422196, -0.00014391330478247255, 5.513409632840194e-05, -5.853283073520288e-05, -1.2839587725466117e-05, -0.00021702787489630282, 0.00034919727477245033, -0.0002849687007255852, 0.00042586654308252037], [-9.705898264655843e-05, 0.0008205255726352334, -9.990007674787194e-05, 0.00046686347923241556, -0.0007570634479634464, 0.0007180462125688791, -0.0005482464912347496, 0.0004490413994062692, -0.000712625915184617, 0.0012247023405507207, -0.0010714620584622025, 0.0006143430364318192, -0.0006004502647556365], [4.6989498514449224e-05, -9.990007674787194e-05, 0.001047353958711028, -0.0006261433591134846, -0.0005115392268635333, -0.0006532623083330691, 0.0003640905488282442, -0.00013791583478450775, 4.253703446011059e-05, -0.00010352999379392713, 0.0002903789863921702, -0.0013154380721971393, 0.0013216488296166062], [-0.00018291464948561043, 0.00046686347923241556, -0.0006261433591134846, 0.0020350797567516565, -0.0011481617111712694, 0.0005560191930271685, 5.3145355195738375e-05, -0.00047406292287632823, 0.0002505540905985981, 0.0006728081498295069, -0.0012205946259200573, 0.001445131842046976, -0.0018562804907560349], [0.00019733846420422196, -0.0007570634479634464, -0.0005115392268635333, -0.0011481617111712694, 0.003691819729283452, -0.0009321747929789126, -0.00029598010587505996, 0.00021128721709828824, -0.0007636104128323495, -0.0008613075478933752, 0.0005082061979919672, 0.00016767493798397481, -0.00013386293721850961], [-0.00014391330478247255, 0.0007180462125688791, -0.0006532623083330691, 0.0005560191930271685, -0.0009321747929789126, 0.005056475289165974, -0.003197057405486703, -0.00018631594139151275, 0.0005986375035718083, -0.0010816407157108188, 3.9339087379630655e-05, 0.0008483432466164231, -0.0001911244762595743], [5.513409632840194e-05, -0.0005482464912347496, 0.0003640905488282442, 5.3145355195738375e-05, -0.00029598010587505996, -0.003197057405486703, 0.004824365489184856, -0.002098836936056614, 0.00030832868651486933, 0.0010387274669483304, -0.0015465436736121774, 0.0005224061897024512, 8.260863978648558e-06], [-5.853283073520288e-05, 0.0004490413994062692, -0.00013791583478450775, -0.00047406292287632823, 0.00021128721709828824, -0.00018631594139151275, -0.002098836936056614, 0.007027573883533478, -0.0036122703459113836, -0.00022429830278269947, 0.0017055462813004851, -0.0012456930708140135, 1.837368108681403e-05], [-1.2839587725466117e-05, -0.000712625915184617, 4.253703446011059e-05, 0.0002505540905985981, -0.0007636104128323495, 0.0005986375035718083, 0.00030832868651486933, -0.0036122703459113836, 0.007072348613291979, -0.002970278263092041, -0.0007281487341970205, 0.0006790711195208132, -0.0012806321028620005], [-0.00021702787489630282, 0.0012247023405507207, -0.00010352999379392713, 0.0006728081498295069, -0.0008613075478933752, -0.0010816407157108188, 0.0010387274669483304, -0.00022429830278269947, -0.002970278263092041, 0.009901940822601318, -0.004109501373022795, 0.0005695693544112146, 0.000135048248921521], [0.00034919727477245033, -0.0010714620584622025, 0.0002903789863921702, -0.0012205946259200573, 0.0005082061979919672, 3.9339087379630655e-05, -0.0015465436736121774, 0.0017055462813004851, -0.0007281487341970205, -0.004109501373022795, 0.01066091749817133, -0.004688745364546776, 0.0009533865377306938], [-0.0002849687007255852, 0.0006143430364318192, -0.0013154380721971393, 0.001445131842046976, 0.00016767493798397481, 0.0008483432466164231, 0.0005224061897024512, -0.0012456930708140135, 0.0006790711195208132, 0.0005695693544112146, -0.004688745364546776, 0.010021242313086987, -0.003627107013016939], [0.00042586654308252037, -0.0006004502647556365, 0.0013216488296166062, -0.0018562804907560349, -0.00013386293721850961, -0.0001911244762595743, 8.260863978648558e-06, 1.837368108681403e-05, -0.0012806321028620005, 0.000135048248921521, 0.0009533865377306938, -0.003627107013016939, 0.01000769343227148]], "lowlevel.mfcc.cov": [[9736.0478515625, -1163.8314208984375, -80.81282043457031, -279.1729431152344, -542.5858154296875, -163.06787109375, -307.3071594238281, -113.74845886230469, -136.57960510253906, -28.496736526489258, -11.5034818649292, -42.10194396972656, -141.88912963867188], [-1163.8314208984375, 3286.8564453125, -191.20297241210938, 298.21856689453125, 288.086181640625, 149.16795349121094, 128.65249633789062, 315.71142578125, 209.71157836914062, -7.818894386291504, 180.69639587402344, 273.3426208496094, 34.552913665771484], [-80.81282043457031, -191.20297241210938, 1546.20068359375, 592.708740234375, 596.5611572265625, 399.803955078125, 360.67974853515625, 311.91693115234375, 125.39669036865234, 207.5891876220703, 171.7512664794922, 88.37673950195312, 213.36936950683594], [-279.1729431152344, 298.21856689453125, 592.708740234375, 1122.5318603515625, 666.768310546875, 258.08038330078125, 227.0122528076172, 206.941162109375, 193.08056640625, 154.6927490234375, 67.86312103271484, 66.9672622680664, 193.07321166992188], [-542.5858154296875, 288.086181640625, 596.5611572265625, 666.768310546875, 768.0164794921875, 296.59228515625, 195.90054321289062, 178.41000366210938, 184.43641662597656, 201.01577758789062, 107.2220230102539, 76.7063217163086, 169.65341186523438], [-163.06787109375, 149.16795349121094, 399.803955078125, 258.08038330078125, 296.59228515625, 500.7744140625, 394.6111145019531, 235.20159912109375, 161.14215087890625, 205.2838592529297, 165.38006591796875, 76.14209747314453, 75.1640853881836], [-307.3071594238281, 128.65249633789062, 360.67974853515625, 227.0122528076172, 195.90054321289062, 394.6111145019531, 576.8472290039062, 317.1020202636719, 188.8785400390625, 220.35446166992188, 169.24191284179688, 76.76374816894531, 81.68004608154297], [-113.74845886230469, 315.71142578125, 311.91693115234375, 206.941162109375, 178.41000366210938, 235.20159912109375, 317.1020202636719, 418.689697265625, 240.6914825439453, 176.93829345703125, 159.0319061279297, 119.13782501220703, 96.47799682617188], [-136.57960510253906, 209.71157836914062, 125.39669036865234, 193.08056640625, 184.43641662597656, 161.14215087890625, 188.8785400390625, 240.6914825439453, 353.92156982421875, 216.1584930419922, 104.1976547241211, 91.51639556884766, 77.94227600097656], [-28.496736526489258, -7.818894386291504, 207.5891876220703, 154.6927490234375, 201.01577758789062, 205.2838592529297, 220.35446166992188, 176.93829345703125, 216.1584930419922, 333.5125732421875, 181.78233337402344, 69.21792602539062, 69.84856414794922], [-11.5034818649292, 180.69639587402344, 171.7512664794922, 67.86312103271484, 107.2220230102539, 165.38006591796875, 169.24191284179688, 159.0319061279297, 104.1976547241211, 181.78233337402344, 253.00831604003906, 124.26654052734375, 51.737422943115234], [-42.10194396972656, 273.3426208496094, 88.37673950195312, 66.9672622680664, 76.7063217163086, 76.14209747314453, 76.76374816894531, 119.13782501220703, 91.51639556884766, 69.21792602539062, 124.26654052734375, 177.58050537109375, 76.30330657958984], [-141.88912963867188, 34.552913665771484, 213.36936950683594, 193.07321166992188, 169.65341186523438, 75.1640853881836, 81.68004608154297, 96.47799682617188, 77.94227600097656, 69.84856414794922, 51.737422943115234, 76.30330657958984, 178.3670196533203]], "lowlevel.mfcc.icov": [[0.00011756266030715778, 4.0447874198434874e-05, -2.2839160010335036e-05, -6.293163460213691e-05, 0.0001469544949941337, -7.664767326787114e-05, 0.00014788909174967557, -7.039437332423404e-05, 3.5155037039658055e-05, -7.181077671702951e-05, -3.4663260066736257e-06, -7.244131847983226e-05, 8.875670755514875e-05], [4.0447874198434874e-05, 0.0004520751826930791, 0.00019844503549393266, -7.449885015375912e-05, -0.00023915083147585392, -5.016546856495552e-05, 7.930133870104328e-05, -0.0003542658523656428, -7.701757567701861e-05, 0.00044635566882789135, -0.00021653284784406424, -0.0005638909642584622, 0.00035466410918161273], [-2.2839160010335036e-05, 0.00019844503549393266, 0.0012493390822783113, -0.00010476818715687841, -0.0007171605248004198, -0.0002996358089148998, -6.773440691176802e-05, -0.0007338624563999474, 0.0005924227298237383, 0.0001695167156867683, -0.000267786905169487, 9.270841837860644e-05, -0.0004886002279818058], [-6.293163460213691e-05, -7.449885015375912e-05, -0.00010476818715687841, 0.002029978670179844, -0.001625515054911375, 0.0002744575322140008, -0.0004275007522664964, -2.2658699890598655e-05, -0.00031586579279974103, 0.0003797851095441729, 0.00022588323918171227, 0.0003208357666153461, -0.0006826472817920148], [0.0001469544949941337, -0.00023915083147585392, -0.0007171605248004198, -0.001625515054911375, 0.004144270438700914, -0.0014092308701947331, 0.001086595468223095, 0.00046005009789951146, -0.0002478291280567646, -0.0012752751354128122, 0.00037378876004368067, 0.0001492488954681903, -0.0008783035445958376], [-7.664767326787114e-05, -5.016546856495552e-05, -0.0002996358089148998, 0.0002744575322140008, -0.0014092308701947331, 0.005604264792054892, -0.003209800459444523, 0.0003497923898976296, -0.00017409154679626226, -0.00012547241931315511, -0.0009368137689307332, -3.5427845432423055e-05, 0.0006816063541918993], [0.00014788909174967557, 7.930133870104328e-05, -6.773440691176802e-05, -0.0004275007522664964, 0.001086595468223095, -0.003209800459444523, 0.005371848586946726, -0.002445375779643655, 0.0005301503115333617, -0.001114493701606989, 4.6002012823009863e-05, 0.0005562617443501949, -0.00021862579160369933], [-7.039437332423404e-05, -0.0003542658523656428, -0.0007338624563999474, -2.2658699890598655e-05, 0.00046005009789951146, 0.0003497923898976296, -0.002445375779643655, 0.006940900348126888, -0.003319102106615901, 0.0010550504084676504, -0.0014233322581276298, -0.00046983029460534453, -0.0006533809355460107], [3.5155037039658055e-05, -7.701757567701861e-05, 0.0005924227298237383, -0.00031586579279974103, -0.0002478291280567646, -0.00017409154679626226, 0.0005301503115333617, -0.003319102106615901, 0.007457236293703318, -0.004533619619905949, 0.002818080596625805, -0.0019477084279060364, 7.02316829119809e-05], [-7.181077671702951e-05, 0.00044635566882789135, 0.0001695167156867683, 0.0003797851095441729, -0.0012752751354128122, -0.00012547241931315511, -0.001114493701606989, 0.0010550504084676504, -0.004533619619905949, 0.0095097366720438, -0.005880254320800304, 0.0024687473196536303, -0.0006453249952755868], [-3.4663260066736257e-06, -0.00021653284784406424, -0.000267786905169487, 0.00022588323918171227, 0.00037378876004368067, -0.0009368137689307332, 4.6002012823009863e-05, -0.0014233322581276298, 0.002818080596625805, -0.005880254320800304, 0.011339499615132809, -0.006094958633184433, 0.0012925443006679416], [-7.244131847983226e-05, -0.0005638909642584622, 9.270841837860644e-05, 0.0003208357666153461, 0.0001492488954681903, -3.5427845432423055e-05, 0.0005562617443501949, -0.00046983029460534453, -0.0019477084279060364, 0.0024687473196536303, -0.006094958633184433, 0.012456179596483707, -0.0042105610482394695], [8.875670755514875e-05, 0.00035466410918161273, -0.0004886002279818058, -0.0006826472817920148, -0.0008783035445958376, 0.0006816063541918993, -0.00021862579160369933, -0.0006533809355460107, 7.02316829119809e-05, -0.0006453249952755868, 0.0012925443006679416, -0.0042105610482394695, 0.00958175491541624]], "metadata.audio_properties.analysis.downmix": "mix", "metadata.audio_properties.codec": "mp3", "metadata.audio_properties.md5_encoded": "3b47d4c1bab722aee2ec750a9c491f70", "metadata.tags.file_name": "1182271784033210399.mp3", "metadata.version.essentia": "2.1-beta6-dev", "metadata.version.essentia_git_sha": "v2.1_beta5-1110-g77a6a954", "metadata.v