{"song_id": "1182272147046027354", "download": "https://cdn.discordapp.com/attachments/1128313332273782784/1182272147046027354/chirp.mp4?ex=658417bd&amp", "lyrics": "There was a man from White Church, his name was Philly More\nBy the age of only twenty, he had his hair no more", "style": ["trap"], "essentia_features": {"lowlevel.average_loudness": 0.9856866598129272, "lowlevel.barkbands_crest.mean": 11.086661338806152, "lowlevel.barkbands_crest.stdev": 4.947659969329834, "lowlevel.barkbands_flatness_db.mean": 0.1487906277179718, "lowlevel.barkbands_flatness_db.stdev": 0.05542769283056259, "lowlevel.barkbands_kurtosis.mean": 8.770585060119629, "lowlevel.barkbands_kurtosis.stdev": 13.793920516967773, "lowlevel.barkbands_skewness.mean": 2.0023481845855713, "lowlevel.barkbands_skewness.stdev": 1.699096441268921, "lowlevel.barkbands_spread.mean": 25.508968353271484, "lowlevel.barkbands_spread.stdev": 19.904470443725586, "lowlevel.dissonance.mean": 0.4442712962627411, "lowlevel.dissonance.stdev": 0.038454461842775345, "lowlevel.dynamic_complexity": 1.0924551486968994, "lowlevel.erbbands_crest.mean": 10.299063682556152, "lowlevel.erbbands_crest.stdev": 4.744709491729736, "lowlevel.erbbands_flatness_db.mean": 0.14505569636821747, "lowlevel.erbbands_flatness_db.stdev": 0.037769466638565063, "lowlevel.erbbands_kurtosis.mean": 1.6601898670196533, "lowlevel.erbbands_kurtosis.stdev": 3.91516375541687, "lowlevel.erbbands_skewness.mean": 0.5815433263778687, "lowlevel.erbbands_skewness.stdev": 1.241503119468689, "lowlevel.erbbands_spread.mean": 44.322444915771484, "lowlevel.erbbands_spread.stdev": 23.163135528564453, "lowlevel.hfc.mean": 31.341712951660156, "lowlevel.hfc.stdev": 23.418140411376953, "lowlevel.loudness_ebu128.integrated": -12.448731422424316, "lowlevel.loudness_ebu128.loudness_range": 0.22911930084228516, "lowlevel.loudness_ebu128.momentary.mean": -12.463994979858398, "lowlevel.loudness_ebu128.momentary.stdev": 0.3651696741580963, "lowlevel.loudness_ebu128.short_term.mean": -12.46591567993164, "lowlevel.loudness_ebu128.short_term.stdev": 0.07479023933410645, "lowlevel.melbands_crest.mean": 16.573026657104492, "lowlevel.melbands_crest.stdev": 7.759799003601074, "lowlevel.melbands_flatness_db.mean": 0.21264086663722992, "lowlevel.melbands_flatness_db.stdev": 0.08082899451255798, "lowlevel.melbands_kurtosis.mean": 21.857404708862305, "lowlevel.melbands_kurtosis.stdev": 32.10894775390625, "lowlevel.melbands_skewness.mean": 3.132742166519165, "lowlevel.melbands_skewness.stdev": 2.2146356105804443, "lowlevel.melbands_spread.mean": 26.024547576904297, "lowlevel.melbands_spread.stdev": 27.95281982421875, "lowlevel.pitch_salience.mean": 0.5141775012016296, "lowlevel.pitch_salience.stdev": 0.14516709744930267, "lowlevel.silence_rate_20dB.mean": 1.0, "lowlevel.silence_rate_20dB.stdev": 0.0, "lowlevel.silence_rate_30dB.mean": 1.0, "lowlevel.silence_rate_30dB.stdev": 0.0, "lowlevel.silence_rate_60dB.mean": 0.004166666883975267, "lowlevel.silence_rate_60dB.stdev": 0.06441497802734375, "lowlevel.spectral_centroid.mean": 1502.3394775390625, "lowlevel.spectral_centroid.stdev": 969.744140625, "lowlevel.spectral_complexity.mean": 18.02083396911621, "lowlevel.spectral_complexity.stdev": 9.870179176330566, "lowlevel.spectral_decrease.mean": -9.787084032097937e-09, "lowlevel.spectral_decrease.stdev": 5.978487926938669e-09, "lowlevel.spectral_energy.mean": 0.03978152200579643, "lowlevel.spectral_energy.stdev": 0.022254401817917824, "lowlevel.spectral_energyband_high.mean": 0.0020074741914868355, "lowlevel.spectral_energyband_high.stdev": 0.003108136123046279, "lowlevel.spectral_energyband_low.mean": 0.017691101878881454, "lowlevel.spectral_energyband_low.stdev": 0.025317424908280373, "lowlevel.spectral_energyband_middle_high.mean": 0.004512580577284098, "lowlevel.spectral_energyband_middle_high.stdev": 0.005386557430028915, "lowlevel.spectral_energyband_middle_low.mean": 0.016498440876603127, "lowlevel.spectral_energyband_middle_low.stdev": 0.010939822532236576, "lowlevel.spectral_entropy.mean": 7.591604709625244, "lowlevel.spectral_entropy.stdev": 0.4875691533088684, "lowlevel.spectral_flux.mean": 0.11194730550050735, "lowlevel.spectral_flux.stdev": 0.05027778074145317, "lowlevel.spectral_kurtosis.mean": 4.110538959503174, "lowlevel.spectral_kurtosis.stdev": 2.665496826171875, "lowlevel.spectral_rms.mean": 0.0060021174140274525, "lowlevel.spectral_rms.stdev": 0.001669079763814807, "lowlevel.spectral_rolloff.mean": 1893.7542724609375, "lowlevel.spectral_rolloff.stdev": 2215.63525390625, "lowlevel.spectral_skewness.mean": 1.540706992149353, "lowlevel.spectral_skewness.stdev": 0.5849999785423279, "lowlevel.spectral_spread.mean": 5532572.5, "lowlevel.spectral_spread.stdev": 1553819.75, "lowlevel.spectral_strongpeak.mean": 1.084502935409546, "lowlevel.spectral_strongpeak.stdev": 0.9267259240150452, "lowlevel.zerocrossingrate.mean": 0.07392781227827072, "lowlevel.zerocrossingrate.stdev": 0.055749163031578064, "metadata.audio_properties.analysis.equal_loudness": 0.0, "metadata.audio_properties.analysis.length": 5.545623779296875, "metadata.audio_properties.analysis.sample_rate": 44100.0, "metadata.audio_properties.analysis.start_time": 0.0, "metadata.audio_properties.bit_rate": 119004.0, "metadata.audio_properties.length": 5.546666622161865, "metadata.audio_properties.lossless": 0.0, "metadata.audio_properties.number_channels": 1.0, "metadata.audio_properties.replay_gain": -13.525104522705078, "metadata.audio_properties.sample_rate": 48000.0, "rhythm.beats_count": 7.0, "rhythm.beats_loudness.mean": 0.03391432762145996, "rhythm.beats_loudness.stdev": 0.00908632017672062, "rhythm.bpm": 88.62557220458984, "rhythm.bpm_histogram_first_peak_bpm": 88.0, "rhythm.bpm_histogram_first_peak_weight": 0.5, "rhythm.bpm_histogram_second_peak_bpm": 0.0, "rhythm.bpm_histogram_second_peak_spread": 0.0, "rhythm.bpm_histogram_second_peak_weight": 0.0, "rhythm.danceability": 1.6553913354873657, "rhythm.onset_rate": 4.495449542999268, "tonal.chords_changes_rate": 0.01652892492711544, "tonal.chords_number_rate": 0.024793388321995735, "tonal.chords_strength.mean": 0.6467892527580261, "tonal.chords_strength.stdev": 0.06989596039056778, "tonal.hpcp_crest.mean": 13.441924095153809, "tonal.hpcp_crest.stdev": 4.801863193511963, "tonal.hpcp_entropy.mean": 1.895154356956482, "tonal.hpcp_entropy.stdev": 0.5975293517112732, "tonal.key_edma.strength": 0.7228667736053467, "tonal.key_krumhansl.strength": 0.7421887516975403, "tonal.key_temperley.strength": 0.7348004579544067, "tonal.tuning_diatonic_strength": 0.5066950917243958, "tonal.tuning_equal_tempered_deviation": 0.24684296548366547, "tonal.tuning_frequency": 434.193115234375, "tonal.tuning_nontempered_energy_ratio": 0.9863516092300415, "lowlevel.barkbands.mean": [0.001085242722183466, 0.012532434426248074, 0.003220526734367013, 0.0018250019056722522, 0.0033801926765590906, 0.003941573202610016, 0.0035634844098240137, 0.002360381418839097, 0.001272290595807135, 0.0008309549302794039, 0.00032924365950748324, 0.0003883432364091277, 0.00016046811651904136, 0.0001859228650573641, 0.00036674735019914806, 0.0003969425451941788, 0.0007273802766576409, 0.00039799450314603746, 0.0005981334252282977, 0.0003574163420125842, 0.00038717687129974365, 0.00046570273116230965, 0.00040897223516367376, 0.0002321987267350778, 0.0001806693762773648, 0.00018394429935142398, 2.181474201279343e-06], "lowlevel.barkbands.stdev": [0.0021081522572785616, 0.01961287297308445, 0.008524628356099129, 0.0027858030516654253, 0.00460334587842226, 0.005127844866365194, 0.004534105304628611, 0.0036211605183780193, 0.0023732096888124943, 0.0027182523626834154, 0.001230131951160729, 0.0008979177218861878, 0.0005008358275517821, 0.00038539306842722, 0.0009281280217692256, 0.0009302811231464148, 0.0014603380113840103, 0.0006476237904280424, 0.0007773363613523543, 0.0005744858062826097, 0.0007634058129042387, 0.0008268604869954288, 0.0006541135371662676, 0.0004378717567306012, 0.00030474853701889515, 0.0002945033193100244, 5.611070264421869e-06], "lowlevel.erbbands.mean": [0.5346792936325073, 2.118424654006958, 3.6140944957733154, 5.275634765625, 5.676828384399414, 13.289278984069824, 28.214200973510742, 30.797618865966797, 28.39385414123535, 79.36901092529297, 49.26436996459961, 22.43843650817871, 33.5957145690918, 23.612844467163086, 12.993749618530273, 17.046051025390625, 7.811012268066406, 10.177815437316895, 16.62425422668457, 18.357267379760742, 26.558870315551758, 37.88608169555664, 26.07327651977539, 17.784854888916016, 36.14675521850586, 16.321088790893555, 15.95035457611084, 13.873331069946289, 16.417490005493164, 15.771990776062012, 10.538251876831055, 5.511453151702881, 3.817063808441162, 2.139476776123047, 1.1404651403427124, 0.785436749458313, 0.3687148094177246, 0.038633592426776886, 0.000745345198083669, 7.847599044907838e-05], "lowlevel.erbbands.stdev": [0.9453542232513428, 3.3528525829315186, 9.903180122375488, 8.716779708862305, 9.917287826538086, 20.58159637451172, 47.82435607910156, 41.82946014404297, 52.40143966674805, 106.28688049316406, 80.44816589355469, 42.69095993041992, 55.49126434326172, 86.88245391845703, 34.49917221069336, 41.50625991821289, 24.06212043762207, 20.379594802856445, 49.116180419921875, 35.51433181762695, 56.03593444824219, 64.89100646972656, 40.11591339111328, 22.14812660217285, 49.8415641784668, 25.799692153930664, 29.018327713012695, 28.623708724975586, 29.83860969543457, 24.923725128173828, 17.696964263916016, 10.410408020019531, 7.416311740875244, 3.9950523376464844, 1.8368628025054932, 1.351090908050537, 0.5830122828483582, 0.06005215272307396, 0.0011217553401365876, 4.958266799803823e-05], "lowlevel.gfcc.mean": [30.446590423583984, 63.509117126464844, -86.55567932128906, 33.679683685302734, -67.98600006103516, 4.761512279510498, -40.85090637207031, 24.484180450439453, -16.854036331176758, 9.134885787963867, -18.649227142333984, 10.450525283813477, -19.19751739501953], "lowlevel.melbands.mean": [0.004005922935903072, 0.0021115627605468035, 0.0009351846529170871, 0.0005829480360262096, 0.0009497487335465848, 0.0006971258553676307, 0.0005110728670842946, 0.0007802660693414509, 0.00034708293969742954, 0.0001513774914201349, 0.00017256250430364162, 0.0001016900350805372, 4.746992271975614e-05, 4.4413816794985905e-05, 2.718274663493503e-05, 1.7080636098398827e-05, 1.7627586203161627e-05, 2.3960590624483302e-05, 2.4858540200511925e-05, 2.698055686778389e-05, 3.222995292162523e-05, 4.056697434862144e-05, 3.524323983583599e-05, 1.555448216095101e-05, 1.2423276530171279e-05, 2.790423241094686e-05, 1.990736200241372e-05, 8.733199138077907e-06, 9.386515557707753e-06, 1.0030975317931734e-05, 7.311068202398019e-06, 8.6942591224215e-06, 1.0224275683867745e-05, 8.345389687747229e-06, 6.2584199440607335e-06, 4.678396180679556e-06, 2.9749835448455997e-06, 2.7926384973397944e-06, 2.370953779973206e-06, 1.5806793953743181e-06], "lowlevel.melbands.stdev": [0.006518281064927578, 0.0044553810730576515, 0.001422022469341755, 0.0007908826228231192, 0.0014622859889641404, 0.0009353837231174111, 0.0007589078741148114, 0.001056185457855463, 0.0006562875933013856, 0.00028401162126101553, 0.0002928700705524534, 0.00038931009476073086, 0.00016060465713962913, 0.00010259676491841674, 7.615931099280715e-05, 4.0346574678551406e-05, 3.7736557715106755e-05, 7.069161074468866e-05, 5.4722881031921133e-05, 6.559802568517625e-05, 7.745314360363409e-05, 8.144912862917408e-05, 6.113425479270518e-05, 2.2969874407863244e-05, 1.679459455772303e-05, 3.8895854231668636e-05, 2.849071825039573e-05, 1.6441896150354296e-05, 1.704417991277296e-05, 2.1282136003719643e-05, 1.5304227417800575e-05, 1.644873555051163e-05, 1.797336881281808e-05, 1.2755677744280547e-05, 1.0379660125181545e-05, 9.522305845166557e-06, 5.532878276426345e-06, 5.487638190970756e-06, 5.069860435469309e-06, 2.84538441519544e-06], "lowlevel.melbands128.mean": [0.0009777438826858997, 0.004831652622669935, 0.005053803790360689, 0.002934603486210108, 0.0019100222270935774, 0.0015304983826354146, 0.001080513116903603, 0.000884812674485147, 0.0005363879026845098, 0.00029707650537602603, 0.0008321363711729646, 0.0009664165554568172, 0.0010321104200556874, 0.0009026678744703531, 0.0006897475104779005, 0.0006459818687289953, 0.00039483048021793365, 0.00030428700847551227, 0.0007778936414979398, 0.0013212183257564902, 0.0003882218152284622, 0.00039307537372224033, 0.00047682513832114637, 0.00013198611850384623, 5.334316301741637e-05, 0.00017074869538191706, 0.0003271229797974229, 9.990679973270744e-05, 0.0001377634034724906, 0.00014415629266295582, 6.101441613282077e-05, 6.925126945134252e-05, 6.09423550486099e-05, 1.7673137335805222e-05, 3.2662905141478404e-05, 6.10765055171214e-05, 5.5868829804239795e-05, 1.71309457073221e-05, 1.9467890524538234e-05, 1.2178674296592362e-05, 1.0600032510410529e-05, 3.5208151530241594e-05, 1.669040648266673e-05, 1.018482453218894e-05, 1.3175887943361886e-05, 2.6193911253358237e-05, 4.063456071889959e-05, 1.9973143935203552e-05, 2.0985409719287418e-05, 2.5075130906770937e-05, 2.7758651413023472e-05, 2.9341965273488313e-05, 2.764129931165371e-05, 3.247470158385113e-05, 4.583636109600775e-05, 4.199712202535011e-05, 3.1624931580154225e-05, 4.826486838283017e-05, 3.422369627514854e-05, 1.7589427443454042e-05, 1.590091414982453e-05, 1.1702853043971118e-05, 1.0099168321175966e-05, 1.236251864611404e-05, 1.6198877347051166e-05, 3.0214217986213043e-05, 3.4588116250233725e-05, 2.6586561943986453e-05, 1.6978226994979195e-05, 1.006513866741443e-05, 8.176275514415465e-06, 8.169478860509116e-06, 8.12957023299532e-06, 1.0105683031724766e-05, 9.809888069867156e-06, 1.1739516594388988e-05, 9.396962923347019e-06, 7.044641733955359e-06, 7.265668045874918e-06, 6.882313755340874e-06, 8.392436029680539e-06, 8.968034308054484e-06, 1.078355580830248e-05, 1.0983877473336179e-05, 9.400991075381171e-06, 8.26531777420314e-06, 8.502106538799126e-06, 7.065818863338791e-06, 6.102142378949793e-06, 5.626796792057576e-06, 5.788274393125903e-06, 4.572941634251038e-06, 2.558573669375619e-06, 2.744516223174287e-06, 3.341913725307677e-06, 3.1786896670382703e-06, 2.561638893894269e-06, 2.299630750712822e-06, 2.659499386936659e-06, 2.3414913812302984e-06, 1.7266833083340316e-06, 1.7220374957105378e-06, 9.150423352366488e-07, 1.149836634795065e-06, 1.0487526651559165e-06, 1.459386908209126e-06, 1.7815307273849612e-06, 1.1320898920530453e-06, 1.2881279189969064e-06, 1.3720507467951393e-06, 1.6035106682465994e-06, 1.4827835457253968e-06, 1.1362851637386484e-06, 1.0493881745787803e-06, 7.930120773380622e-07, 3.659911271824967e-07, 8.758480873893859e-08, 1.681769307149139e-10, 7.341329801013874e-12, 6.980576706949737e-12, 6.734669245889169e-12, 6.545790385420469e-12, 6.383030822648683e-12, 6.248924121210475e-12, 6.113788295070144e-12, 5.9854616922538906e-12, 5.905409408007989e-12, 5.865680770961168e-12], "lowlevel.melbands128.stdev": [0.001960408641025424, 0.009059453383088112, 0.008166522718966007, 0.005608880426734686, 0.00592992315068841, 0.0037522143684327602, 0.0019666000735014677, 0.0014007741119712591, 0.0012093274854123592, 0.0004820861795451492, 0.0015111749526113272, 0.001729042618535459, 0.0022053318098187447, 0.0017676417483016849, 0.001119824592024088, 0.0013699668925255537, 0.0014439122751355171, 0.0007712981314398348, 0.0011728685349225998, 0.0019001365872099996, 0.0009556690347380936, 0.0007640735129825771, 0.0009930187370628119, 0.0006529042730107903, 0.00023710165987722576, 0.00038483666139654815, 0.0005711663980036974, 0.00024829895119182765, 0.0005417222273536026, 0.0007360115414485335, 0.0003037501883227378, 0.00032216275576502085, 0.0002190860832342878, 4.8150093789445236e-05, 0.00012064805923728272, 0.0001650246122153476, 0.00016020864131860435, 5.84947265451774e-05, 0.00011573223309824243, 5.149335993337445e-05, 2.9217248084023595e-05, 8.457382500637323e-05, 4.937085395795293e-05, 2.4805429347907193e-05, 2.928619142039679e-05, 8.398184581892565e-05, 0.00017698958981782198, 5.5929762311279774e-05, 4.8568348574917763e-05, 6.925461639184505e-05, 8.788545528659597e-05, 0.00010180023673456162, 5.92668293393217e-05, 0.00010320039291400462, 0.00019289170450065285, 0.0001002809513011016, 6.206948455655947e-05, 9.72777052083984e-05, 7.664362055948004e-05, 3.054650005651638e-05, 2.6281082682544366e-05, 1.9955861716880463e-05, 1.7374371964251623e-05, 1.739044819260016e-05, 2.548783231759444e-05, 4.608045856002718e-05, 6.503133772639558e-05, 4.753070970764384e-05, 2.5516033929307014e-05, 1.8217566321254708e-05, 1.9895674995495938e-05, 1.8275577531312592e-05, 1.68965616467176e-05, 1.965725823538378e-05, 1.913156665978022e-05, 2.7809501261799596e-05, 2.1523779651033692e-05, 1.637054629100021e-05, 1.6460049664601684e-05, 1.5276242265827022e-05, 1.7462505638832226e-05, 1.790835267456714e-05, 1.9865377907990478e-05, 2.0986617528251372e-05, 1.8752803953248076e-05, 1.384394181513926e-05, 1.3282610780152027e-05, 1.1215223821636755e-05, 1.1095611625933088e-05, 9.960815987142269e-06, 1.3011668670515064e-05, 1.0009231118601747e-05, 5.483817858475959e-06, 5.143305315868929e-06, 6.984203082538443e-06, 6.733822374371812e-06, 5.409470304584829e-06, 5.205138677411014e-06, 6.548076271428727e-06, 4.958405042998493e-06, 3.862280664179707e-06, 3.0277496989583597e-06, 1.6823539681354305e-06, 2.0016364032926504e-06, 1.8270803820996662e-06, 2.8798310722777387e-06, 3.555207968020113e-06, 2.167123739127419e-06, 2.4567207219661213e-06, 2.590159510873491e-06, 2.854199692592374e-06, 2.4630419375171186e-06, 1.9465269360807724e-06, 1.731164275042829e-06, 1.2922812402393902e-06, 7.777801442898635e-07, 1.9746535429021606e-07, 9.60690860196678e-10, 1.1559168552888188e-11, 1.1057981787188087e-11, 1.071912870964642e-11, 1.045481062833531e-11, 1.026497897099743e-11, 1.007579783496304e-11, 9.895377919844073e-12, 9.753622388919414e-12, 9.664207802073665e-12, 9.61095526080813e-12], "lowlevel.mfcc.mean": [-623.8343505859375, 101.90689086914062, 27.076313018798828, 29.240962982177734, 1.110264539718628, -9.482250213623047, -11.346006393432617, 9.515063285827637, -1.4900611639022827, 5.922701358795166, 5.232058525085449, 0.850625216960907, 5.836555004119873], "lowlevel.spectral_contrast_coeffs.mean": [-0.6887711882591248, -0.671797513961792, -0.7378389239311218, -0.7965536117553711, -0.7756235599517822, -0.7482264637947083], "lowlevel.spectral_contrast_coeffs.stdev": [0.0951109230518341, 0.0702509805560112, 0.06725799292325974, 0.060672976076602936, 0.04521549865603447, 0.045818477869033813], "lowlevel.spectral_contrast_valleys.mean": [-6.673898696899414, -6.764726638793945, -7.6448187828063965, -7.888915538787842, -7.352383613586426, -9.820470809936523], "lowlevel.spectral_contrast_valleys.stdev": [0.8595668077468872, 0.6390798091888428, 0.7017897367477417, 0.6973113417625427, 0.8130849003791809, 0.8565250039100647], "rhythm.beats_loudness_band_ratio.mean": [0.4453272521495819, 0.10949563980102539, 0.08103441447019577, 0.023164261132478714, 0.0640493705868721, 0.3111831545829773], "rhythm.beats_loudness_band_ratio.stdev": [0.3269968032836914, 0.14949259161949158, 0.07237924635410309, 0.011339329183101654, 0.043053776025772095, 0.2806669771671295], "tonal.hpcp.mean": [0.06158236786723137, 0.05445291846990585, 0.025518659502267838, 0.016830136999487877, 0.029780317097902298, 0.05140324681997299, 0.311296284198761, 0.4794931709766388, 0.24358603358268738, 0.0698099210858345, 0.04136708006262779, 0.02774479053914547, 0.05104231461882591, 0.07140042632818222, 0.07975452393293381, 0.15458865463733673, 0.17683184146881104, 0.1006663367152214, 0.06658632308244705, 0.0683126449584961, 0.07440230250358582, 0.0706748440861702, 0.06211700290441513, 0.05078887939453125, 0.06641099601984024, 0.0917544737458229, 0.12149890512228012, 0.19661405682563782, 0.19206036627292633, 0.12201164662837982, 0.09983120858669281, 0.08717868477106094, 0.08432209491729736, 0.08643005043268204, 0.07820022851228714, 0.06603391468524933], "tonal.hpcp.stdev": [0.1531384140253067, 0.17753568291664124, 0.06753560155630112, 0.04562881961464882, 0.09465500712394714, 0.1334328055381775, 0.2963239252567291, 0.42433133721351624, 0.2558331787586212, 0.1682492047548294, 0.14136002957820892, 0.07938851416110992, 0.15329185128211975, 0.18583586812019348, 0.20777051150798798, 0.2425573170185089, 0.2746802568435669, 0.1891602724790573, 0.15664100646972656, 0.16707295179367065, 0.19193755090236664, 0.16612538695335388, 0.16842302680015564, 0.13754355907440186, 0.16753153502941132, 0.23725567758083344, 0.26638370752334595, 0.27663007378578186, 0.24032187461853027, 0.2302919626235962, 0.23856733739376068, 0.23354390263557434, 0.22002722322940826, 0.21161794662475586, 0.19737638533115387, 0.19053877890110016], "rhythm.beats_position": [0.7082086205482483, 1.404807209968567, 2.0897958278656006, 2.7515645027160645, 3.4133331775665283, 4.086711883544922, 4.771700382232666], "rhythm.bpm_histogram": [0.0, 0.0, 0.0, 0.0, 0.0, 0.0, 0.0, 0.0, 0.0, 0.0, 0.0, 0.0, 0.0, 0.0, 0.0, 0.0, 0.0, 0.0, 0.0, 0.0, 0.0, 0.0, 0.0, 0.0, 0.0, 0.0, 0.0, 0.0, 0.0, 0.0, 0.0, 0.0, 0.0, 0.0, 0.0, 0.0, 0.0, 0.0, 0.0, 0.0, 0.0, 0.0, 0.0, 0.0, 0.0, 0.0, 0.0, 0.0, 0.0, 0.0, 0.0, 0.0, 0.0, 0.0, 0.0, 0.0, 0.0, 0.0, 0.0, 0.0, 0.0, 0.0, 0.0, 0.0, 0.0, 0.0, 0.0, 0.0, 0.0, 0.0, 0.0, 0.0, 0.0, 0.0, 0.0, 0.0, 0.0, 0.0, 0.0, 0.0, 0.0, 0.0, 0.0, 0.0, 0.0, 0.0, 0.1666666716337204, 0.0, 0.3333333432674408, 0.1666666716337204, 0.0, 0.3333333432674408, 0.0, 0.0, 0.0, 0.0, 0.0, 0.0, 0.0, 0.0, 0.0, 0.0, 0.0, 0.0, 0.0, 0.0, 0.0, 0.0, 0.0, 0.0, 0.0, 0.0, 0.0, 0.0, 0.0, 0.0, 0.0, 0.0, 0.0, 0.0, 0.0, 0.0, 0.0, 0.0, 0.0, 0.0, 0.0, 0.0, 0.0, 0.0, 0.0, 0.0, 0.0, 0.0, 0.0, 0.0, 0.0, 0.0, 0.0, 0.0, 0.0, 0.0, 0.0, 0.0, 0.0, 0.0, 0.0, 0.0, 0.0, 0.0, 0.0, 0.0, 0.0, 0.0, 0.0, 0.0, 0.0, 0.0, 0.0, 0.0, 0.0, 0.0, 0.0, 0.0, 0.0, 0.0, 0.0, 0.0, 0.0, 0.0, 0.0, 0.0, 0.0, 0.0, 0.0, 0.0, 0.0, 0.0, 0.0, 0.0, 0.0, 0.0, 0.0, 0.0, 0.0, 0.0, 0.0, 0.0, 0.0, 0.0, 0.0, 0.0, 0.0, 0.0, 0.0, 0.0, 0.0, 0.0, 0.0, 0.0, 0.0, 0.0, 0.0, 0.0, 0.0, 0.0, 0.0, 0.0, 0.0, 0.0, 0.0, 0.0, 0.0, 0.0, 0.0, 0.0, 0.0, 0.0, 0.0, 0.0, 0.0, 0.0, 0.0, 0.0, 0.0, 0.0, 0.0, 0.0, 0.0, 0.0, 0.0, 0.0, 0.0, 0.0, 0.0, 0.0, 0.0, 0.0, 0.0, 0.0, 0.0, 0.0, 0.0, 0.0, 0.0, 0.0, 0.0, 0.0, 0.0, 0.0], "tonal.chords_histogram": [88.42974853515625, 0.0, 0.0, 0.0, 0.0, 0.0, 0.0, 9.090909004211426, 0.0, 0.0, 0.0, 0.0, 0.0, 0.0, 0.0, 0.0, 0.0, 0.0, 2.4793388843536377, 0.0, 0.0, 0.0, 0.0, 0.0], "tonal.thpcp": [1.0, 0.508007287979126, 0.14559106528759003, 0.08627250790596008, 0.057862743735313416, 0.10645055770874023, 0.1489081233739853, 0.16633088886737823, 0.32240012288093567, 0.36878907680511475, 0.20994320511817932, 0.13886813819408417, 0.1424684375524521, 0.15516863763332367, 0.14739489555358887, 0.12954720854759216, 0.10592200607061386, 0.13850247859954834, 0.19135721027851105, 0.25339028239250183, 0.4100455939769745, 0.40054869651794434, 0.2544596195220947, 0.20820152759552002, 0.18181423842906952, 0.17585672438144684, 0.18025293946266174, 0.1630893498659134, 0.13771606981754303, 0.12843221426010132, 0.11356349289417267, 0.05322006717324257, 0.03509984537959099, 0.06210790574550629, 0.10720328986644745, 0.6492194533348083], "lowlevel.gfcc.cov": [[2928.947265625, -499.21356201171875, -326.6058044433594, 285.2349853515625, 20.12742805480957, 43.003395080566406, 68.65885162353516, 35.823917388916016, -71.71923065185547, 131.1598358154297, -47.01888656616211, -31.84840202331543, 41.247432708740234], [-499.21356201171875, 1607.9210205078125, 349.1098327636719, -319.54248046875, 155.63327026367188, -18.359237670898438, 82.48152160644531, 52.27189254760742, 14.54919719696045, -168.16204833984375, 131.3016357421875, 64.60063171386719, 15.90644645690918], [-326.6058044433594, 349.1098327636719, 811.2197875976562, 130.8858642578125, -2.2559285163879395, 119.81094360351562, 138.11996459960938, -28.158479690551758, 32.59849166870117, 29.822315216064453, 29.119007110595703, 94.23009490966797, 14.134599685668945], [285.2349853515625, -319.54248046875, 130.8858642578125, 525.58251953125, 88.12286376953125, 96.29027557373047, 108.66111755371094, 46.2873649597168, 79.48965454101562, 79.91989135742188, -20.08710289001465, -26.488222122192383, 28.29663848876953], [20.12742805480957, 155.63327026367188, -2.2559285163879395, 88.12286376953125, 263.5975036621094, 93.78897857666016, 28.222551345825195, 50.14316940307617, 36.98245620727539, 4.221100807189941, 5.5259575843811035, -34.92753982543945, -19.50651741027832], [43.003395080566406, -18.359237670898438, 119.81094360351562, 96.29027557373047, 93.78897857666016, 386.35400390625, 280.2019958496094, 11.085543632507324, 71.70358276367188, 109.82727813720703, 29.291494369506836, -43.96735763549805, -36.04690170288086], [68.65885162353516, 82.48152160644531, 138.11996459960938, 108.66111755371094, 28.222551345825195, 280.2019958496094, 417.22149658203125, 140.378173828125, 86.79230499267578, 76.63319396972656, 47.35710906982422, 11.673877716064453, -17.349634170532227], [35.823917388916016, 52.27189254760742, -28.158479690551758, 46.2873649597168, 50.14316940307617, 11.085543632507324, 140.378173828125, 223.26800537109375, 83.45160675048828, 10.78007698059082, 53.35387420654297, 5.373533248901367, 0.6601487994194031], [-71.71923065185547, 14.54919719696045, 32.59849166870117, 79.48965454101562, 36.98245620727539, 71.70358276367188, 86.79230499267578, 83.45160675048828, 143.08563232421875, 69.15117645263672, 24.666019439697266, -26.214872360229492, 4.202851295471191], [131.1598358154297, -168.16204833984375, 29.822315216064453, 79.91989135742188, 4.221100807189941, 109.82727813720703, 76.63319396972656, 10.78007698059082, 69.15117645263672, 137.4578094482422, 29.972251892089844, -25.445341110229492, 9.283921241760254], [-47.01888656616211, 131.3016357421875, 29.119007110595703, -20.08710289001465, 5.5259575843811035, 29.291494369506836, 47.35710906982422, 53.35387420654297, 24.666019439697266, 29.972251892089844, 108.08061218261719, 33.15442657470703, -4.9777750968933105], [-31.84840202331543, 64.60063171386719, 94.23009490966797, -26.488222122192383, -34.92753982543945, -43.96735763549805, 11.673877716064453, 5.373533248901367, -26.214872360229492, -25.445341110229492, 33.15442657470703, 113.36161041259766, 27.52602767944336], [41.247432708740234, 15.90644645690918, 14.134599685668945, 28.29663848876953, -19.50651741027832, -36.04690170288086, -17.349634170532227, 0.6601487994194031, 4.202851295471191, 9.283921241760254, -4.9777750968933105, 27.52602767944336, 83.1553726196289]], "lowlevel.gfcc.icov": [[0.00048040493857115507, -0.00023036198399495333, 0.0003639694186858833, -0.00045447354204952717, 0.00020469423907343298, -0.00015963867190293968, 0.00019715460075531155, -0.0005659986636601388, 0.0010769532527774572, -0.001319022965617478, 0.0008068442111834884, -0.0004712656664196402, 0.0002201261231675744], [-0.00023036198399495333, 0.002486468991264701, -0.0014625111361965537, 0.002090890659019351, -0.0025728843174874783, 0.0020828533452004194, -0.002786206780001521, 0.0028997312765568495, -0.0026161610148847103, 0.005269985180348158, -0.004936181008815765, 0.0031159077771008015, -0.0029123108834028244], [0.0003639694186858833, -0.0014625111361965537, 0.002621395280584693, -0.001751614734530449, 0.0015089847147464752, -0.0014866308774799109, 0.001224875682964921, -0.0009895547991618514, 0.001213665003888309, -0.0032117541413754225, 0.002992178313434124, -0.003619501134380698, 0.0018971195677295327], [-0.00045447354204952717, 0.002090890659019351, -0.001751614734530449, 0.004474190529435873, -0.0030656098388135433, 0.0022443649359047413, -0.0029550273902714252, 0.0025459614116698503, -0.0030417675152420998, 0.0035564627032727003, -0.003249267814680934, 0.003127439646050334, -0.0032553423661738634], [0.00020469423907343298, -0.0025728843174874783, 0.0015089847147464752, -0.0030656098388135433, 0.008341711945831776, -0.0058258334174752235, 0.005827059969305992, -0.005764838773757219, 0.0024250829592347145, -0.0034213594626635313, 0.005161677487194538, -0.0030143395997583866, 0.0034364014863967896], [-0.00015963867190293968, 0.0020828533452004194, -0.0014866308774799109, 0.0022443649359047413, -0.0058258334174752235, 0.012862356379628181, -0.010721771977841854, 0.008651914075016975, -0.0029491293244063854, 0.0009068766376003623, -0.006016929168254137, 0.005994480103254318, -0.0012235521571710706], [0.00019715460075531155, -0.002786206780001521, 0.001224875682964921, -0.0029550273902714252, 0.005827059969305992, -0.010721771977841854, 0.013363449834287167, -0.010489329695701599, 0.0035434614401310682, -0.005324095021933317, 0.007464588154107332, -0.006823983043432236, 0.00394412549212575], [-0.0005659986636601388, 0.0028997312765568495, -0.0009895547991618514, 0.0025459614116698503, -0.005764838773757219, 0.008651914075016975, -0.010489329695701599, 0.01600981317460537, -0.008856051601469517, 0.008726873435080051, -0.0106405233964324, 0.005467616952955723, -0.0038630408234894276], [0.0010769532527774572, -0.0026161610148847103, 0.001213665003888309, -0.0030417675152420998, 0.0024250829592347145, -0.0029491293244063854, 0.0035434614401310682, -0.008856051601469517, 0.01768571138381958, -0.012332900427281857, 0.006119105964899063, -0.0012609068071469665, 0.002161808079108596], [-0.001319022965617478, 0.005269985180348158, -0.0032117541413754225, 0.0035564627032727003, -0.0034213594626635313, 0.0009068766376003623, -0.005324095021933317, 0.008726873435080051, -0.012332900427281857, 0.02728334814310074, -0.015620124526321888, 0.009621456265449524, -0.0091503094881773], [0.0008068442111834884, -0.004936181008815765, 0.002992178313434124, -0.003249267814680934, 0.005161677487194538, -0.006016929168254137, 0.007464588154107332, -0.0106405233964324, 0.006119105964899063, -0.015620124526321888, 0.02472725883126259, -0.012593853287398815, 0.008469178341329098], [-0.0004712656664196402, 0.0031159077771008015, -0.003619501134380698, 0.003127439646050334, -0.0030143395997583866, 0.005994480103254318, -0.006823983043432236, 0.005467616952955723, -0.0012609068071469665, 0.009621456265449524, -0.012593853287398815, 0.020188916474580765, -0.008834253996610641], [0.0002201261231675744, -0.0029123108834028244, 0.0018971195677295327, -0.0032553423661738634, 0.0034364014863967896, -0.0012235521571710706, 0.00394412549212575, -0.0038630408234894276, 0.002161808079108596, -0.0091503094881773, 0.008469178341329098, -0.008834253996610641, 0.018731754273176193]], "lowlevel.mfcc.cov": [[3293.065185546875, -818.974609375, -462.1026306152344, 161.2813262939453, -62.69999694824219, 62.395660400390625, 69.81317901611328, -111.62191009521484, 90.71859741210938, 99.51551818847656, -38.86753463745117, 45.12743377685547, 31.42888641357422], [-818.974609375, 1793.154296875, 172.98301696777344, -216.3081817626953, 76.00501251220703, -162.25205993652344, 51.810035705566406, 189.87393188476562, -131.67813110351562, -109.05787658691406, 22.203548431396484, -75.1136474609375, -6.9663872718811035], [-462.1026306152344, 172.98301696777344, 696.8951416015625, 114.45721435546875, -57.66450119018555, 183.63558959960938, 64.98983764648438, 58.3344612121582, 26.395553588867188, -19.864370346069336, 72.84413146972656, 21.274885177612305, -27.757509231567383], [161.2813262939453, -216.3081817626953, 114.45721435546875, 370.6875305175781, 86.74788665771484, -4.217644214630127, -3.9043660163879395, 32.690738677978516, 59.25598907470703, 17.65825080871582, -12.917533874511719, 13.795711517333984, 16.71979331970215], [-62.69999694824219, 76.00501251220703, -57.66450119018555, 86.74788665771484, 274.3354797363281, -9.599419593811035, -35.51590347290039, -42.888511657714844, -13.896410942077637, -3.5239219665527344, -13.40661334991455, 0.2578859329223633, 18.860626220703125], [62.395660400390625, -162.25205993652344, 183.63558959960938, -4.217644214630127, -9.599419593811035, 422.38043212890625, 137.97021484375, 12.327192306518555, 95.36290740966797, 79.4422607421875, 93.91316986083984, 79.32959747314453, -25.646242141723633], [69.81317901611328, 51.810035705566406, 64.98983764648438, -3.9043660163879395, -35.51590347290039, 137.97021484375, 220.3428192138672, 119.82923126220703, 55.38907241821289, 65.46196746826172, 117.06523132324219, 46.56849670410156, 16.377452850341797], [-111.62191009521484, 189.87393188476562, 58.3344612121582, 32.690738677978516, -42.888511657714844, 12.327192306518555, 119.82923126220703, 227.7808380126953, 39.759578704833984, 51.57990646362305, 82.34172821044922, 14.840312957763672, 22.934141159057617], [90.71859741210938, -131.67813110351562, 26.395553588867188, 59.25598907470703, -13.896410942077637, 95.36290740966797, 55.38907241821289, 39.759578704833984, 152.8505859375, 93.64611053466797, 35.90695571899414, 51.850059509277344, 8.490621566772461], [99.51551818847656, -109.05787658691406, -19.864370346069336, 17.65825080871582, -3.5239219665527344, 79.4422607421875, 65.46196746826172, 51.57990646362305, 93.64611053466797, 240.10440063476562, 100.67047882080078, 38.93033981323242, 5.860368251800537], [-38.86753463745117, 22.203548431396484, 72.84413146972656, -12.917533874511719, -13.40661334991455, 93.91316986083984, 117.06523132324219, 82.34172821044922, 35.90695571899414, 100.67047882080078, 159.45663452148438, 60.19158172607422, 17.37039566040039], [45.12743377685547, -75.1136474609375, 21.274885177612305, 13.795711517333984, 0.2578859329223633, 79.32959747314453, 46.56849670410156, 14.840312957763672, 51.850059509277344, 38.93033981323242, 60.19158172607422, 110.83699035644531, 45.876800537109375], [31.42888641357422, -6.9663872718811035, -27.757509231567383, 16.71979331970215, 18.860626220703125, -25.646242141723633, 16.377452850341797, 22.934141159057617, 8.490621566772461, 5.860368251800537, 17.37039566040039, 45.876800537109375, 100.58941650390625]], "lowlevel.mfcc.icov": [[0.0004173547786194831, 6.588175892829895e-05, 0.000348010566085577, -0.0003435799735598266, 0.00027249398408457637, -9.991633123718202e-05, -0.00040134991286322474, 0.00033876646193675697, 5.7213510444853455e-05, -0.0001075022155418992, 0.0001722159649943933, -8.200994443541276e-07, -8.90876108314842e-05], [6.588175892829895e-05, 0.0009771285112947226, -0.00047737074783071876, 0.0009187923278659582, -0.0008150464273057878, 0.0005312167340889573, -0.0003351420455146581, -0.0010523959062993526, 0.0003257237549405545, 0.00014223386824596673, 0.00039051490603014827, 1.7180590248244698e-06, 0.0002414074697298929], [0.000348010566085577, -0.00047737074783071876, 0.0026471985038369894, -0.001740129548124969, 0.0013522101799026132, -0.0014521600678563118, 0.0005142143345437944, 0.0005783539963886142, -3.4095784940291196e-05, 0.0008289282559417188, -0.0016510677523911, 0.0006067909998819232, 1.5239492086038808e-06], [-0.0003435799735598266, 0.0009187923278659582, -0.001740129548124969, 0.004994652234017849, -0.0025599882937967777, 0.0012593603460118175, 2.2167152565089054e-05, -0.002077248180285096, -0.0013368579093366861, -2.847602627298329e-05, 0.0015497057465836406, -0.000430256623076275, 0.00017479885718785226], [0.00027249398408457637, -0.0008150464273057878, 0.0013522101799026132, -0.0025599882937967777, 0.005450441036373377, -0.0011599487625062466, 0.0006395141826942563, 0.0020341204944998026, 0.0005640842719003558, -0.00013551802840083838, -0.0011627209605649114, 0.0006524147465825081, -0.001365015865303576], [-9.991633123718202e-05, 0.0005312167340889573, -0.0014521600678563118, 0.0012593603460118175, -0.0011599487625062466, 0.004964457359164953, -0.002860566135495901, 0.0007383053307421505, -0.0012743942206725478, -0.0003592828579712659, 0.0005615169066004455, -0.0025062542408704758, 0.002413184614852071], [-0.00040134991286322474, -0.0003351420455146581, 0.0005142143345437944, 2.2167152565089054e-05, 0.0006395141826942563, -0.002860566135495901, 0.011403235606849194, -0.003612203523516655, -0.0015226872637867928, 0.0016497307224199176, -0.006220046430826187, 0.001609449158422649, -0.0012693862663581967], [0.00033876646193675697, -0.0010523959062993526, 0.0005783539963886142, -0.002077248180285096, 0.0020341204944998026, 0.0007383053307421505, -0.003612203523516655, 0.009137054905295372, -0.0016128767747431993, -0.00015560563770122826, -0.0026424797251820564, 0.0019927406683564186, -0.0016694489168003201], [5.7213510444853455e-05, 0.0003257237549405545, -3.4095784940291196e-05, -0.0013368579093366861, 0.0005640842719003558, -0.0012743942206725478, -0.0015226872637867928, -0.0016128767747431993, 0.012503237463533878, -0.004545166157186031, 0.004440618213266134, -0.00499147642403841, 0.00112154521048069], [-0.0001075022155418992, 0.00014223386824596673, 0.0008289282559417188, -2.847602627298329e-05, -0.00013551802840083838, -0.0003592828579712659, 0.0016497307224199176, -0.00015560563770122826, -0.004545166157186031, 0.008088566362857819, -0.006304353009909391, 0.0023095491342246532, -7.46567893656902e-05], [0.0001722159649943933, 0.00039051490603014827, -0.0016510677523911, 0.0015497057465836406, -0.0011627209605649114, 0.0005615169066004455, -0.006220046430826187, -0.0026424797251820564, 0.004440618213266134, -0.006304353009909391, 0.018303541466593742, -0.007540235761553049, 0.0015070567606016994], [-8.200994443541276e-07, 1.7180590248244698e-06, 0.0006067909998819232, -0.000430256623076275, 0.0006524147465825081, -0.0025062542408704758, 0.001609449158422649, 0.0019927406683564186, -0.00499147642403841, 0.0023095491342246532, -0.007540235761553049, 0.018840303644537926, -0.008242188021540642], [-8.90876108314842e-05, 0.0002414074697298929, 1.5239492086038808e-06, 0.00017479885718785226, -0.001365015865303576, 0.002413184614852071, -0.0012693862663581967, -0.0016694489168003201, 0.00112154521048069, -7.46567893656902e-05, 0.0015070567606016994, -0.008242188021540642, 0.014824364334344864]], "metadata.audio_properties.analysis.downmix": "mix", "metadata.audio_properties.codec": "mp3", "metadata.audio_properties.md5_encoded": "ec432cd299a78b212415e48d6cf3ad17", "metadata.tags.file_name": "1182272147046027354.mp3", "metadata.version.essentia": "2.1-beta6-dev", "metadata.version.essentia_git_sha": "v2.1_beta5-1110-g77a6a954", "metadata.version.extractor": "music 2.0", "tonal.chords_key": "B", "tonal.chords_scale": "minor", "tonal.key_edma.key": "B", "tonal.key_edma.scale": "minor", "tonal.key_krumhansl.key": "B", "tonal.key_krumhansl.scale": "minor", "tonal.key_temperley.key": "B", "tonal.key_temperley.scale": "minor", "metadata.tags.encoding": ["Lavf58.45.100"]}, "essentia_models": [{"model_name": "genre_dortmund", "activations": {"alternative": "0.008465648", "blues": "0.00013915544", "electronic": "0.0002350399", "folkcountry": "0.00052997406", "funksoulrnb": "0.002666759", "jazz": "0.00013014891", "pop": "0.007965731", "raphiphop": "0.98433876", "rock": "0.02075211"}}, {"model_name": "genre_rosamerica", "activations": {"classic": "0.00023843847", "dance": "2.311063e-05", "hip hop": "0.96852165", "jazz": "3.8638475e-05", "pop": "0.015518021", "rhythm and blues": "0.036430083", "rock": "0.0018192104", "speech": "0.0105582625"}}, {"model_name": "genre_tzanetakis", "activations": {"blues": "0.0028897484", "classic": "5.4290453e-05", "country": "0.001318273", "disco": "0.0006373306", "hip hop": "0.45080033", "jazz": "7.058675e-06", "metal": "0.00096607703", "pop": "0.015362053", "reggae": "0.045243412", "rock": "0.013035119"}}, {"model_name": "genre_electronic", "activations": {"ambient": "0.3019697", "dnb": "0.5902686", "house": "0.17024466", "techno": "0.28632873", "trance": "0.030389406"}}, {"model_name": "mood_acoustic", "activations": {"acoustic": "0.042689107", "not acoustic": "0.68408966"}}, {"model_name": "mood_electronic", "activations": {"electronic": "0.42440498", "not electronic": "0.32601312"}}, {"model_name": "mood_aggressive", "activations": {"aggressive": "0.03405007", "not aggressive": "0.99982125"}}, {"model_name": "mood_relaxed", "activations": {"not relaxed": "0.45611218", "relaxed": "0.5711229"}}, {"model_name": "mood_happy", "activa