{"song_id": "1182283968964481064", "download": "https://cdn.discordapp.com/attachments/1135911532732108921/1182283968964481064/chirp.mp4?ex=658422bf&amp", "lyrics": "\u5728\u7530\u91ce\u95f4\uff0c\u6f2b\u6b65\u7740\u5c0f\u8def\uff0c\n\u4e61\u8ff9\u5370\u8c61\uff0c\u5524\u9192\u5fc3\u4e2d\u7684\u601d\u6545\u4e61\u3002\n\u7eff\u6811\u6210\u836b\uff0c\u9e1f\u8bed\u82b1\u9999\uff0c\n\u513f\u65f6\u7684\u8bb0\u5fc6\uff0c\u5982\u4eca\u4ecd\u5728\u68a6\u4e2d\u8361\u6f3e\u3002", "style": ["random"], "essentia_features": {"lowlevel.average_loudness": 0.9255018830299377, "lowlevel.barkbands_crest.mean": 15.197126388549805, "lowlevel.barkbands_crest.stdev": 4.808406829833984, "lowlevel.barkbands_flatness_db.mean": 0.2426977902650833, "lowlevel.barkbands_flatness_db.stdev": 0.06568185985088348, "lowlevel.barkbands_kurtosis.mean": 29.085617065429688, "lowlevel.barkbands_kurtosis.stdev": 29.636945724487305, "lowlevel.barkbands_skewness.mean": 3.9871466159820557, "lowlevel.barkbands_skewness.stdev": 1.9452120065689087, "lowlevel.barkbands_spread.mean": 9.63588809967041, "lowlevel.barkbands_spread.stdev": 12.888345718383789, "lowlevel.dissonance.mean": 0.43954697251319885, "lowlevel.dissonance.stdev": 0.03832492604851723, "lowlevel.dynamic_complexity": 2.316992998123169, "lowlevel.erbbands_crest.mean": 13.609846115112305, "lowlevel.erbbands_crest.stdev": 4.984309196472168, "lowlevel.erbbands_flatness_db.mean": 0.20828357338905334, "lowlevel.erbbands_flatness_db.stdev": 0.05502363666892052, "lowlevel.erbbands_kurtosis.mean": 3.9459218978881836, "lowlevel.erbbands_kurtosis.stdev": 6.897437572479248, "lowlevel.erbbands_skewness.mean": 1.623014211654663, "lowlevel.erbbands_skewness.stdev": 1.3476595878601074, "lowlevel.erbbands_spread.mean": 40.8149528503418, "lowlevel.erbbands_spread.stdev": 29.258790969848633, "lowlevel.hfc.mean": 12.496811866760254, "lowlevel.hfc.stdev": 8.503643035888672, "lowlevel.loudness_ebu128.integrated": -10.748493194580078, "lowlevel.loudness_ebu128.loudness_range": 3.3085174560546875, "lowlevel.loudness_ebu128.momentary.mean": -11.122130393981934, "lowlevel.loudness_ebu128.momentary.stdev": 1.8758009672164917, "lowlevel.loudness_ebu128.short_term.mean": -10.875653266906738, "lowlevel.loudness_ebu128.short_term.stdev": 1.1334786415100098, "lowlevel.melbands_crest.mean": 18.358043670654297, "lowlevel.melbands_crest.stdev": 4.849560737609863, "lowlevel.melbands_flatness_db.mean": 0.3290558159351349, "lowlevel.melbands_flatness_db.stdev": 0.07451996207237244, "lowlevel.melbands_kurtosis.mean": 62.986732482910156, "lowlevel.melbands_kurtosis.stdev": 55.206626892089844, "lowlevel.melbands_skewness.mean": 5.484479904174805, "lowlevel.melbands_skewness.stdev": 2.58284854888916, "lowlevel.melbands_spread.mean": 6.586177349090576, "lowlevel.melbands_spread.stdev": 6.652915954589844, "lowlevel.pitch_salience.mean": 0.45555466413497925, "lowlevel.pitch_salience.stdev": 0.12044911086559296, "lowlevel.silence_rate_20dB.mean": 1.0, "lowlevel.silence_rate_20dB.stdev": 0.0, "lowlevel.silence_rate_30dB.mean": 1.0, "lowlevel.silence_rate_30dB.stdev": 0.0, "lowlevel.silence_rate_60dB.mean": 0.002896871417760849, "lowlevel.silence_rate_60dB.stdev": 0.05374430492520332, "lowlevel.spectral_centroid.mean": 613.6614990234375, "lowlevel.spectral_centroid.stdev": 420.1806945800781, "lowlevel.spectral_complexity.mean": 8.256083488464355, "lowlevel.spectral_complexity.stdev": 4.361074447631836, "lowlevel.spectral_decrease.mean": -7.481282260357602e-09, "lowlevel.spectral_decrease.stdev": 3.6783258661188256e-09, "lowlevel.spectral_energy.mean": 0.029369555413722992, "lowlevel.spectral_energy.stdev": 0.01434363517910242, "lowlevel.spectral_energyband_high.mean": 0.000295437581371516, "lowlevel.spectral_energyband_high.stdev": 0.0006252498715184629, "lowlevel.spectral_energyband_low.mean": 0.005161921493709087, "lowlevel.spectral_energyband_low.stdev": 0.00471113994717598, "lowlevel.spectral_energyband_middle_high.mean": 0.0016885824734345078, "lowlevel.spectral_energyband_middle_high.stdev": 0.0022460394538939, "lowlevel.spectral_energyband_middle_low.mean": 0.024037016555666924, "lowlevel.spectral_energyband_middle_low.stdev": 0.014848476275801659, "lowlevel.spectral_entropy.mean": 6.722009181976318, "lowlevel.spectral_entropy.stdev": 0.6295225620269775, "lowlevel.spectral_flux.mean": 0.05183327943086624, "lowlevel.spectral_flux.stdev": 0.0317612960934639, "lowlevel.spectral_kurtosis.mean": 6.82639217376709, "lowlevel.spectral_kurtosis.stdev": 5.065371513366699, "lowlevel.spectral_rms.mean": 0.0051878695376217365, "lowlevel.spectral_rms.stdev": 0.0013188199372962117, "lowlevel.spectral_rolloff.mean": 600.9329223632812, "lowlevel.spectral_rolloff.stdev": 1001.8560791015625, "lowlevel.spectral_skewness.mean": 1.8090893030166626, "lowlevel.spectral_skewness.stdev": 0.635105550289154, "lowlevel.spectral_spread.mean": 4151940.5, "lowlevel.spectral_spread.stdev": 1740254.875, "lowlevel.spectral_strongpeak.mean": 1.2108030319213867, "lowlevel.spectral_strongpeak.stdev": 0.8516099452972412, "lowlevel.zerocrossingrate.mean": 0.03248767554759979, "lowlevel.zerocrossingrate.stdev": 0.030356984585523605, "metadata.audio_properties.analysis.equal_loudness": 0.0, "metadata.audio_properties.analysis.length": 40.04265213012695, "metadata.audio_properties.analysis.sample_rate": 44100.0, "metadata.audio_properties.analysis.start_time": 0.0, "metadata.audio_properties.bit_rate": 118371.0, "metadata.audio_properties.length": 40.042667388916016, "metadata.audio_properties.lossless": 0.0, "metadata.audio_properties.number_channels": 1.0, "metadata.audio_properties.replay_gain": -16.345199584960938, "metadata.audio_properties.sample_rate": 48000.0, "rhythm.beats_count": 103.0, "rhythm.beats_loudness.mean": 0.031238196417689323, "rhythm.beats_loudness.stdev": 0.01341718714684248, "rhythm.bpm": 165.36907958984375, "rhythm.bpm_histogram_first_peak_bpm": 167.0, "rhythm.bpm_histogram_first_peak_weight": 0.0, "rhythm.bpm_histogram_second_peak_bpm": 172.0, "rhythm.bpm_histogram_second_peak_spread": 0.0, "rhythm.bpm_histogram_second_peak_weight": 0.22549019753932953, "rhythm.danceability": 0.9846200346946716, "rhythm.onset_rate": 3.0208899974823, "tonal.chords_changes_rate": 0.04398148134350777, "tonal.chords_number_rate": 0.012731481343507767, "tonal.chords_strength.mean": 0.5315666198730469, "tonal.chords_strength.stdev": 0.07663468271493912, "tonal.hpcp_crest.mean": 15.249195098876953, "tonal.hpcp_crest.stdev": 6.738790512084961, "tonal.hpcp_entropy.mean": 1.8063381910324097, "tonal.hpcp_entropy.stdev": 0.7287364602088928, "tonal.key_edma.strength": 0.6896128058433533, "tonal.key_krumhansl.strength": 0.6893212795257568, "tonal.key_temperley.strength": 0.6782636046409607, "tonal.tuning_diatonic_strength": 0.5113130211830139, "tonal.tuning_equal_tempered_deviation": 0.0855397880077362, "tonal.tuning_frequency": 440.2542419433594, "tonal.tuning_nontempered_energy_ratio": 0.6798924207687378, "lowlevel.barkbands.mean": [1.3781024790660013e-05, 0.000152282664203085, 0.0031912873964756727, 0.003264182712882757, 0.010037008672952652, 0.007823679596185684, 0.002279135165736079, 0.00048738799523562193, 0.00012967617658432573, 9.970623068511486e-05, 0.0003082121256738901, 0.0002823285758495331, 0.00019298141705803573, 0.00014976202510297298, 7.493684825021774e-05, 3.688124706968665e-05, 0.00021012952493038028, 0.00012570123362820596, 0.00018331014143768698, 6.233197927940637e-05, 6.861067959107459e-05, 5.512548887054436e-05, 2.6589557819534093e-05, 2.1157911760383286e-05, 3.3671069104457274e-05, 5.6226923334179446e-05, 3.5123448469676077e-06], "lowlevel.barkbands.stdev": [1.9029195755138062e-05, 0.000247413496254012, 0.003696890315040946, 0.002921703504398465, 0.0080457404255867, 0.013722376897931099, 0.005097197834402323, 0.0014986932510510087, 0.00047796042053960264, 0.0004566542338579893, 0.0009662931552156806, 0.000884459528606385, 0.0005896848160773516, 0.0006788827013224363, 0.00022406099014915526, 5.138045162311755e-05, 0.0004837112792301923, 0.00021119332814123482, 0.0003016368136741221, 0.0001186576482723467, 0.0001342315663350746, 9.710499580251053e-05, 6.696091440971941e-05, 6.793333886889741e-05, 0.00010224189463770017, 0.00018108914082404226, 1.3701201169169508e-05], "lowlevel.erbbands.mean": [0.0017673539696261287, 0.08963443338871002, 2.358794689178467, 9.554244995117188, 32.26493453979492, 24.132341384887695, 40.949371337890625, 59.10098648071289, 48.03211975097656, 15.787153244018555, 10.361908912658691, 3.145338535308838, 1.7942835092544556, 7.687135219573975, 12.369132995605469, 11.714093208312988, 8.997979164123535, 6.710421085357666, 6.830369472503662, 3.070284843444824, 3.1571593284606934, 12.722548484802246, 7.6409454345703125, 8.651288032531738, 7.102456092834473, 2.947279691696167, 3.0283586978912354, 2.389521598815918, 2.1775553226470947, 1.30962336063385, 0.6292625069618225, 0.44608545303344727, 0.3535207509994507, 0.28146523237228394, 0.2867031395435333, 0.22626659274101257, 0.10547178983688354, 0.02011616714298725, 0.00043298499076627195, 4.52164895250462e-05], "lowlevel.erbbands.stdev": [0.0018716452177613974, 0.08539950847625732, 2.403999090194702, 7.484055995941162, 24.80467987060547, 21.953039169311523, 89.14488983154297, 114.6694564819336, 100.458740234375, 42.16737747192383, 34.38376998901367, 9.885629653930664, 4.027234077453613, 24.298866271972656, 38.17299270629883, 37.33845520019531, 23.826824188232422, 20.602598190307617, 27.423707962036133, 7.822537422180176, 5.431887149810791, 29.842178344726562, 12.661130905151367, 15.790398597717285, 10.506431579589844, 5.384675979614258, 6.447840690612793, 4.293728351593018, 3.7821295261383057, 2.586066722869873, 1.6993423700332642, 1.4077922105789185, 1.1696131229400635, 0.8696197867393494, 0.8902066349983215, 0.7491216659545898, 0.3377033770084381, 0.06783441454172134, 0.001409820164553821, 3.979363100370392e-05], "lowlevel.gfcc.mean": [-59.12739181518555, 104.84980010986328, -92.18440246582031, 41.830867767333984, -47.86639404296875, -18.22279167175293, -48.425750732421875, -20.376205444335938, -48.79216384887695, -7.300646781921387, -20.67522621154785, 3.6639058589935303, -22.612579345703125], "lowlevel.melbands.mean": [2.3934966520755552e-05, 0.000940327241551131, 0.002210577018558979, 0.0023981574922800064, 0.0011797418119385839, 0.0013973478926345706, 0.0006724781123921275, 0.00014059706882108003, 7.762978930259123e-05, 1.5048753994051367e-05, 7.964236829138827e-06, 2.8430897145881318e-05, 4.099979923921637e-05, 3.493356780381873e-05, 2.1953641407890245e-05, 1.9745080862776376e-05, 1.1830097719212063e-05, 1.2871809303760529e-05, 5.686547410732601e-06, 2.586695927675464e-06, 3.552336238499265e-06, 1.3343149475986138e-05, 1.073742714652326e-05, 4.695393272413639e-06, 7.237561476358678e-06, 7.005507086432772e-06, 2.7968228550889762e-06, 1.7060882555597345e-06, 1.894531578727765e-06, 1.7931434967977111e-06, 1.2050772966176737e-06, 1.2978667882634909e-06, 9.468660664424533e-07, 6.584552352251194e-07, 3.693936037052481e-07, 2.8030476073581667e-07, 2.720387044519157e-07, 2.5097392608586233e-07, 2.56658523767328e-07, 2.149817106555929e-07], "lowlevel.melbands.stdev": [3.891911546816118e-05, 0.0009275549673475325, 0.0012729461304843426, 0.0020448097493499517, 0.002382141537964344, 0.0025104577653110027, 0.0013871395494788885, 0.00041031738510355353, 0.0002796479966491461, 4.85784730699379e-05, 1.9805906049441546e-05, 9.780918480828404e-05, 0.00013197983207646757, 0.00010395044228062034, 6.773414497729391e-05, 6.27170447842218e-05, 4.041933425469324e-05, 6.0967839090153575e-05, 2.012830736930482e-05, 3.969081262766849e-06, 7.1105796450865455e-06, 3.466143607511185e-05, 2.2216712750378065e-05, 7.913728950370569e-06, 1.4166162145556882e-05, 1.1874016308865976e-05, 4.881137556367321e-06, 3.5424156976660015e-06, 4.2854685489146505e-06, 3.586799948607222e-06, 2.202054247391061e-06, 2.3173563477030257e-06, 1.7393145981259295e-06, 1.4577532283510664e-06, 1.014233589557989e-06, 8.590338325120683e-07, 9.14218560410518e-07, 8.592965059506241e-07, 8.669408657624444e-07, 6.606111924156721e-07], "lowlevel.melbands128.mean": [4.420312507136259e-06, 3.8108069020381663e-06, 9.621054232411552e-06, 0.00010208774619968608, 0.0006586746894754469, 0.0018891389481723309, 0.001944185234606266, 0.0015269734431058168, 0.0037282633129507303, 0.0035361796617507935, 0.0006328222225420177, 0.0005451437318697572, 0.0015046453336253762, 0.0018009275663644075, 0.001196418539620936, 0.001427268609404564, 0.0010820936877280474, 0.00047719679423607886, 0.00025033947895281017, 0.00014980597188696265, 8.908780000638217e-05, 7.827083027223125e-05, 0.0001051874496624805, 3.921552706742659e-05, 1.2705889275821391e-05, 7.06270475347992e-06, 7.3643127507239114e-06, 7.542368166468805e-06, 7.115831976989284e-06, 2.0211897208355367e-05, 3.710127202793956e-05, 4.416459341882728e-05, 3.907594145857729e-05, 4.5160242734709755e-05, 2.990575012518093e-05, 3.6410288885235786e-05, 3.4519529435783625e-05, 1.897630500025116e-05, 1.550027991470415e-05, 2.1324141926015727e-05, 2.274893813591916e-05, 1.575379428686574e-05, 6.64549497741973e-06, 9.436994332645554e-06, 2.4655508241266944e-05, 9.889176908473019e-06, 5.81710810365621e-06, 7.1012968874129e-06, 5.109211542730918e-06, 2.52352674579015e-06, 2.6151208203373244e-06, 2.142606945199077e-06, 2.351728426219779e-06, 3.6740709674631944e-06, 7.294055649254005e-06, 1.747874375723768e-05, 1.5269080904545262e-05, 1.274670739803696e-05, 9.55814994085813e-06, 4.8090714699355885e-06, 4.4027083276887424e-06, 3.893100711138686e-06, 6.888541975058615e-06, 7.920869393274188e-06, 8.655623787490185e-06, 8.17256932350574e-06, 5.384881660575047e-06, 3.1385484362544958e-06, 2.3976649572432507e-06, 1.9688568499987014e-06, 1.496776235399011e-06, 1.6880665043572662e-06, 1.870247615443077e-06, 2.0269608285161667e-06, 1.7913675947056618e-06, 1.8209194649898564e-06, 1.9546471321518766e-06, 1.3088279047224205e-06, 1.0512299013498705e-06, 1.044145051309897e-06, 1.4197988775777048e-06, 1.357523501610558e-06, 1.1836960993605317e-06, 9.369121016788995e-07, 6.970726644794922e-07, 7.293795647456136e-07, 6.643749088652839e-07, 4.874348746852775e-07, 3.4584834907036566e-07, 2.821003306507919e-07, 2.908497265252663e-07, 2.8622184800042305e-07, 2.47036041400861e-07, 2.6601603053677536e-07, 2.8241677796359e-07, 3.1491228469349153e-07, 2.177319800011901e-07, 1.9433585407568899e-07, 2.6732371338766825e-07, 2.9210343654995086e-07, 2.5429145011912624e-07, 2.0496136698966438e-07, 1.4500963629870967e-07, 2.565857073477673e-07, 3.1161275160229707e-07, 4.3909358282689936e-07, 4.006503786513349e-07, 3.1291676805267343e-07, 4.102286084162188e-07, 4.4314890601526713e-07, 4.294456346087827e-07, 3.262452139551897e-07, 3.3929097753571114e-07, 3.329577680233342e-07, 2.6706757694228145e-07, 2.5303546635768726e-07, 1.4482165511253697e-07, 1.0489165092053554e-08, 5.393822888333233e-11, 4.067879713631761e-12, 3.7983717733613975e-12, 3.695644051199265e-12, 3.6100829357149644e-12, 3.540004227253757e-12, 3.4778057170226084e-12, 3.4073215169488913e-12, 3.364957184420758e-12, 3.3437300237665335e-12], "lowlevel.melbands128.stdev": [6.211611889739288e-06, 6.522303465317236e-06, 3.008064959431067e-05, 0.00016462001076433808, 0.0006505630444735289, 0.0022938649635761976, 0.0018312790198251605, 0.0015063569881021976, 0.003011089749634266, 0.0037544213701039553, 0.001022397424094379, 0.0014146198518574238, 0.0038134106434881687, 0.004463151562958956, 0.0031607558485120535, 0.004264721181243658, 0.002763081807643175, 0.0013407741207629442, 0.0009576306911185384, 0.0006295033381320536, 0.00036384406848810613, 0.00033596280263736844, 0.0004789185186382383, 0.0001847966486820951, 5.746363603975624e-05, 3.2078973163152114e-05, 2.4045195459621027e-05, 2.0166440663160756e-05, 2.6115636501344852e-05, 0.00013144518015906215, 0.00013183540431782603, 0.0001955991901922971, 0.00018218938203062862, 0.00018107060168404132, 0.00012033312668791041, 0.0001523875689599663, 0.00018195535812992603, 6.934429256943986e-05, 6.993670103838667e-05, 7.553116302005947e-05, 0.00010271686915075406, 9.098127338802442e-05, 2.9494185582734644e-05, 4.620263644028455e-05, 0.00015541941684205085, 5.465281356009655e-05, 2.927775312855374e-05, 3.567176827345975e-05, 1.9623585103545338e-05, 4.919357252219925e-06, 5.040787982579786e-06, 3.426388957450399e-06, 3.731867764145136e-06, 8.045334652706515e-06, 2.786990808090195e-05, 6.020709770382382e-05, 4.658522811951116e-05, 3.78811928385403e-05, 2.254706123494543e-05, 1.1287340385024436e-05, 9.085067176783923e-06, 8.223819349950645e-06, 1.7409656720701605e-05, 1.7711901818984188e-05, 2.0174329620203935e-05, 1.6335445252479985e-05, 1.0112280506291427e-05, 6.255818334466312e-06, 5.843614871992031e-06, 4.948305104335304e-06, 3.4944014259963296e-06, 3.917301000910811e-06, 4.576160790747963e-06, 5.267756023386028e-06, 4.666403128794627e-06, 4.064601853315253e-06, 4.2067435970238876e-06, 2.6850018457480473e-06, 2.1457676666614134e-06, 2.2153856207296485e-06, 2.8858955829491606e-06, 2.5903887035383377e-06, 2.4480857518938137e-06, 1.9050995661018533e-06, 1.5085023505889694e-06, 1.7367948430546676e-06, 1.6266108104900923e-06, 1.2441586250133696e-06, 1.0549435955908848e-06, 9.407798984284454e-07, 1.0121650575456442e-06, 9.153673659056949e-07, 8.038020951062208e-07, 1.0570511221885681e-06, 9.944702696884633e-07, 1.1131700148325763e-06, 8.398195063819003e-07, 7.618991730851121e-07, 9.173411967822176e-07, 1.079695948646986e-06, 8.886357250048604e-07, 6.854836556158261e-07, 5.054908456259e-07, 8.78009018379089e-07, 1.0177551530432538e-06, 1.4910082200003671e-06, 1.5047204442453221e-06, 1.1119152532046428e-06, 1.4813697362114908e-06, 1.5811216371730552e-06, 1.633080046303803e-06, 1.117644387704786e-06, 1.103051658901677e-06, 1.1679235285555478e-06, 9.782660299606505e-07, 9.05382819382794e-07, 5.483184963850363e-07, 5.893875609785937e-08, 9.818948987216913e-10, 7.826193686166771e-12, 5.339098520934504e-12, 5.213482423549465e-12, 5.106906651036747e-12, 5.016325896334273e-12, 4.942355986276015e-12, 4.8820149312067684e-12, 4.8387782496106535e-12, 4.8120778195492875e-12], "lowlevel.mfcc.mean": [-716.4224853515625, 139.79751586914062, 6.259342193603516, 55.77830505371094, 4.742816925048828, 8.489027976989746, -2.820895195007324, -9.1821870803833, -23.8154354095459, -27.0815486907959, -9.323049545288086, -10.598974227905273, -5.307979106903076], "lowlevel.spectral_contrast_coeffs.mean": [-0.5464800000190735, -0.6699832677841187, -0.7799109816551208, -0.8147799372673035, -0.7856278419494629, -0.7053457498550415], "lowlevel.spectral_contrast_coeffs.stdev": [0.06434615701436996, 0.11820652335882187, 0.06661180406808853, 0.05238506197929382, 0.059712279587984085, 0.056524865329265594], "lowlevel.spectral_contrast_valleys.mean": [-7.104584217071533, -7.843310356140137, -8.373710632324219, -8.461311340332031, -8.127067565917969, -11.784923553466797], "lowlevel.spectral_contrast_valleys.stdev": [0.5966296792030334, 0.6836463809013367, 0.6314372420310974, 0.5433065891265869, 0.642204761505127, 1.1696228981018066], "rhythm.beats_loudness_band_ratio.mean": [0.44973185658454895, 0.5338277220726013, 0.12220592796802521, 0.0415165014564991, 0.02181922271847725, 0.029433831572532654], "rhythm.beats_loudness_band_ratio.stdev": [0.2604224979877472, 0.24391520023345947, 0.17759530246257782, 0.055096790194511414, 0.024778930470347404, 0.050130829215049744], "tonal.hpcp.mean": [0.021145213395357132, 0.024976590648293495, 0.03315103426575661, 0.05284351482987404, 0.037591610103845596, 0.024334140121936798, 0.031769510358572006, 0.02906787022948265, 0.2096124291419983, 0.2596891522407532, 0.07607857137918472, 0.019661100581288338, 0.020816074684262276, 0.021719468757510185, 0.0318852923810482, 0.05456051975488663, 0.07972604781389236, 0.13403967022895813, 0.14048074185848236, 0.07680883258581161, 0.051523465663194656, 0.050397347658872604, 0.04279417544603348, 0.058498628437519073, 0.07099580019712448, 0.044300761073827744, 0.026763848960399628, 0.032447654753923416, 0.052944667637348175, 0.15379711985588074, 0.22816820442676544, 0.1272909790277481, 0.1984739601612091, 0.3681759238243103, 0.203205868601799, 0.024517297744750977], "tonal.hpcp.stdev": [0.09789897501468658, 0.11007971316576004, 0.11494888365268707, 0.19148753583431244, 0.1338030993938446, 0.10880198329687119, 0.13957096636295319, 0.1027923971414566, 0.32438188791275024, 0.39623376727104187, 0.1530672311782837, 0.09765784442424774, 0.10669554024934769, 0.09884300082921982, 0.13176299631595612, 0.1731097549200058, 0.22838094830513, 0.2513122260570526, 0.2707809805870056, 0.19748829305171967, 0.15478169918060303, 0.12525665760040283, 0.13469652831554413, 0.17831437289714813, 0.21915629506111145, 0.15583080053329468, 0.11785300821065903, 0.14528100192546844, 0.17824748158454895, 0.270645409822464, 0.34190434217453003, 0.21269528567790985, 0.2657642960548401, 0.45602506399154663, 0.27197355031967163, 0.10402513295412064], "rhythm.beats_position": [0.42956915497779846, 0.8707482814788818, 1.3119274377822876, 1.7647165060043335, 2.2058956623077393, 2.6470746994018555, 3.0998640060424805, 3.529433012008667, 3.9706122875213623, 4.4117913246154785, 4.841360569000244, 5.294149398803711, 5.746938705444336, 6.188117980957031, 6.617686748504639, 7.024035930633545, 7.4536051750183105, 7.883174419403076, 8.312743186950684, 8.74231243133545, 9.195101737976074, 9.63628101348877, 10.065850257873535, 10.50702953338623, 10.959818840026855, 11.400997161865234, 11.85378646850586, 12.283355712890625, 12.72453498840332, 13.165714263916016, 13.514013290405273, 13.873922348022461, 14.233832359313965, 14.582131385803223, 14.907210350036621, 15.267120361328125, 15.615419387817383, 15.97532844543457, 16.3120174407959, 16.695146560668945, 17.066665649414062, 17.43818473815918, 17.82131576538086, 18.204444885253906, 18.587574005126953, 18.970703125, 19.342222213745117, 19.725351333618164, 20.10848045349121, 20.491609573364258, 20.874738693237305, 21.26947784423828, 21.664216995239258, 22.035736083984375, 22.395645141601562, 22.75555419921875, 23.11546516418457, 23.475374221801758, 23.835283279418945, 24.183582305908203, 24.52027130126953, 24.86857032775879, 25.216869354248047, 25.565170288085938, 25.913469314575195, 26.261768341064453, 26.62167739868164, 26.981586456298828, 27.341495513916016, 27.701404571533203, 28.049705505371094, 28.42122459411621, 28.792743682861328, 29.152652740478516, 29.512561798095703, 29.87247085571289, 30.232379913330078, 30.580678939819336, 30.928979873657227, 31.277278900146484, 31.637187957763672, 32.008705139160156, 32.36861801147461, 32.7285270690918, 33.07682418823242, 33.42512512207031, 33.77342224121094, 34.133331298828125, 34.481632232666016, 34.8531494140625, 35.20145034790039, 35.54975128173828, 35.898048400878906, 36.2463493347168, 36.59464645385742, 36.94294738769531, 37.3028564453125, 37.66276550292969, 38.022674560546875, 38.38258361816406, 38.75410461425781, 39.13723373413086, 39.49714279174805], "rhythm.bpm_histogram": [0.0, 0.0, 0.0, 0.0, 0.0, 0.0, 0.0, 0.0, 0.0, 0.0, 0.0, 0.0, 0.0, 0.0, 0.0, 0.0, 0.0, 0.0, 0.0, 0.0, 0.0, 0.0, 0.0, 0.0, 0.0, 0.0, 0.0, 0.0, 0.0, 0.0, 0.0, 0.0, 0.0, 0.0, 0.0, 0.0, 0.0, 0.0, 0.0, 0.0, 0.0, 0.0, 0.0, 0.0, 0.0, 0.0, 0.0, 0.0, 0.0, 0.0, 0.0, 0.0, 0.0, 0.0, 0.0, 0.0, 0.0, 0.0, 0.0, 0.0, 0.0, 0.0, 0.0, 0.0, 0.0, 0.0, 0.0, 0.0, 0.0, 0.0, 0.0, 0.0, 0.0, 0.0, 0.0, 0.0, 0.0, 0.0, 0.0, 0.0, 0.0, 0.0, 0.0, 0.0, 0.0, 0.0, 0.0, 0.0, 0.0, 0.0, 0.0, 0.0, 0.0, 0.0, 0.0, 0.0, 0.0, 0.0, 0.0, 0.0, 0.0, 0.0, 0.0, 0.0, 0.0, 0.0, 0.0, 0.0, 0.0, 0.0, 0.0, 0.0, 0.0, 0.0, 0.0, 0.0, 0.0, 0.0, 0.0, 0.0, 0.0, 0.0, 0.0, 0.0, 0.0, 0.0, 0.0, 0.0, 0.0, 0.0, 0.0, 0.0, 0.0, 0.06862745434045792, 0.0, 0.0, 0.11764705926179886, 0.0, 0.0, 0.0, 0.0882352963089943, 0.0, 0.0, 0.0, 0.0, 0.0, 0.0, 0.0, 0.009803921915590763, 0.0, 0.0, 0.0, 0.019607843831181526, 0.0, 0.0, 0.0, 0.0, 0.09803921729326248, 0.0, 0.0, 0.0, 0.0882352963089943, 0.0, 0.0, 0.0, 0.0, 0.0, 0.2549019753932953, 0.0, 0.0, 0.0, 0.0, 0.22549019753932953, 0.0, 0.0, 0.0, 0.0, 0.0, 0.019607843831181526, 0.0, 0.0, 0.0, 0.0, 0.0, 0.0, 0.009803921915590763, 0.0, 0.0, 0.0, 0.0, 0.0, 0.0, 0.0, 0.0, 0.0, 0.0, 0.0, 0.0, 0.0, 0.0, 0.0, 0.0, 0.0, 0.0, 0.0, 0.0, 0.0, 0.0, 0.0, 0.0, 0.0, 0.0, 0.0, 0.0, 0.0, 0.0, 0.0, 0.0, 0.0, 0.0, 0.0, 0.0, 0.0, 0.0, 0.0, 0.0, 0.0, 0.0, 0.0, 0.0, 0.0, 0.0, 0.0, 0.0, 0.0, 0.0, 0.0, 0.0, 0.0, 0.0, 0.0, 0.0, 0.0, 0.0, 0.0, 0.0, 0.0, 0.0, 0.0, 0.0], "tonal.chords_histogram": [39.814815521240234, 15.046296119689941, 2.314814805984497, 4.282407283782959, 3.935185194015503, 0.0, 0.11574073880910873, 0.0, 19.44444465637207, 0.0, 0.23148147761821747, 0.0, 0.23148147761821747, 0.0, 0.0, 0.0, 2.0833332538604736, 0.0, 1.6203703880310059, 1.1574074029922485, 3.819444417953491, 0.23148147761821747, 0.0, 5.671296119689941], "tonal.thpcp": [1.0, 0.5519260168075562, 0.06659125536680222, 0.05743236467242241, 0.06783874332904816, 0.09004128724336624, 0.14352789521217346, 0.10210230201482773, 0.06609378755092621, 0.0862889438867569, 0.07895103842020035, 0.5693268179893494, 0.7053398489952087, 0.2066364586353302, 0.05340137332677841, 0.05653839185833931, 0.05899209529161453, 0.08660341799259186, 0.148191437125206, 0.21654334664344788, 0.36406418681144714, 0.38155874609947205, 0.20861992239952087, 0.13994251191616058, 0.13688386976718903, 0.11623295396566391, 0.15888771414756775, 0.19283118844032288, 0.1203249841928482, 0.0726931020617485, 0.08813084661960602, 0.14380262792110443, 0.4177272617816925, 0.6197260618209839, 0.3457341194152832, 0.5390737056732178], "lowlevel.gfcc.cov": [[3592.884521484375, -1590.2203369140625, -309.47259521484375, -217.57083129882812, -714.56787109375, -33.1833610534668, -398.59368896484375, 367.0390625, 12.415918350219727, 310.1087341308594, -101.72408294677734, 305.9907531738281, -322.78631591796875], [-1590.2203369140625, 2052.651611328125, -495.7333068847656, -240.49234008789062, 144.4962921142578, -321.3476867675781, 275.0570983886719, -152.76983642578125, 207.0040740966797, -247.9889373779297, 254.17938232421875, -93.005615234375, 148.504150390625], [-309.47259521484375, -495.7333068847656, 772.3966674804688, 265.60406494140625, 207.76947021484375, 251.01390075683594, 45.970703125, -54.1768798828125, -168.17462158203125, 22.246129989624023, -129.2550048828125, -40.66048812866211, 47.46186065673828], [-217.57083129882812, -240.49234008789062, 265.60406494140625, 395.4978942871094, 235.43771362304688, 116.32880401611328, -38.1775016784668, -84.76602172851562, -39.22904586791992, -1.9061253070831299, -63.20614242553711, -94.94043731689453, 71.852294921875], [-714.56787109375, 144.4962921142578, 207.76947021484375, 235.43771362304688, 431.9272155761719, 104.59397888183594, 19.924259185791016, -104.35844421386719, -25.484533309936523, -25.359050750732422, -49.02363204956055, -152.54888916015625, 30.79314613342285], [-33.1833610534668, -321.3476867675781, 251.01390075683594, 116.32880401611328, 104.59397888183594, 292.60888671875, 48.19233703613281, 10.72314453125, -82.54286193847656, 5.2667460441589355, -55.920597076416016, -107.28290557861328, -30.96207046508789], [-398.59368896484375, 275.0570983886719, 45.970703125, -38.1775016784668, 19.924259185791016, 48.19233703613281, 288.31683349609375, -3.9865331649780273, -87.27215576171875, -86.76753997802734, 10.47415828704834, -23.777742385864258, 23.368999481201172], [367.0390625, -152.76983642578125, -54.1768798828125, -84.76602172851562, -104.35844421386719, 10.72314453125, -3.9865331649780273, 150.0186004638672, 16.356470108032227, 10.92302417755127, 2.6472232341766357, 25.01761245727539, -73.18086242675781], [12.415918350219727, 207.0040740966797, -168.17462158203125, -39.22904586791992, -25.484533309936523, -82.54286193847656, -87.27215576171875, 16.356470108032227, 165.41151428222656, 18.951580047607422, 39.86069107055664, -15.232791900634766, -25.887182235717773], [310.1087341308594, -247.9889373779297, 22.246129989624023, -1.9061253070831299, -25.359050750732422, 5.2667460441589355, -86.76753997802734, 10.92302417755127, 18.951580047607422, 138.2834930419922, -15.943527221679688, 9.957286834716797, -64.70298767089844], [-101.72408294677734, 254.17938232421875, -129.2550048828125, -63.20614242553711, -49.02363204956055, -55.920597076416016, 10.47415828704834, 2.6472232341766357, 39.86069107055664, -15.943527221679688, 126.60553741455078, 17.88726806640625, -0.4999834895133972], [305.9907531738281, -93.005615234375, -40.66048812866211, -94.94043731689453, -152.54888916015625, -107.28290557861328, -23.777742385864258, 25.01761245727539, -15.232791900634766, 9.957286834716797, 17.88726806640625, 189.9822998046875, 17.609697341918945], [-322.78631591796875, 148.504150390625, 47.46186065673828, 71.852294921875, 30.79314613342285, -30.96207046508789, 23.368999481201172, -73.18086242675781, -25.887182235717773, -64.70298767089844, -0.4999834895133972, 17.609697341918945, 175.2726593017578]], "lowlevel.gfcc.icov": [[0.0011219029547646642, 0.00013451727863866836, 0.0006823044386692345, -0.0008188424981199205, 0.0014188463101163507, -0.00037240440724417567, 0.0009502966422587633, -0.001160757034085691, 0.0008392343879677355, -0.0008670387323945761, 0.0010055415332317352, -0.0008848492288962007, 0.001072312705218792], [0.00013451727863866836, 0.0030218136962503195, 8.956895908340812e-05, 0.002146900864318013, -0.0016848561353981495, 0.002236059634014964, -0.002649452770128846, 0.0020178251434117556, -0.0034766518510878086, 0.002378341043367982, -0.0031286925077438354, 0.0016642246628180146, -0.001141831511631608], [0.0006823044386692345, 8.956895908340812e-05, 0.0032225914765149355, -0.0013966788537800312, 0.00013270672934595495, -0.001985316164791584, 0.00032065523555502295, -0.0007042884826660156, 0.001639190362766385, -0.0013981281081214547, 0.0017017704667523503, -0.0019091020803898573, 9.238349593942985e-05], [-0.0008188424981199205, 0.002146900864318013, -0.0013966788537800312, 0.0074392384849488735, -0.004097334109246731, 0.0013096603797748685, -0.0015472291270270944, 0.0029294444248080254, -0.0032605419401079416, 0.0022723209112882614, -0.0027274983003735542, 0.002864624373614788, -0.003556204028427601], [0.0014188463101163507, -0.0016848561353981495, 0.00013270672934595495, -0.004097334109246731, 0.007941939868032932, -0.001245206454768777, 0.0028337633702903986, -0.0005506320158019662, 0.003186933696269989, -0.0014560500858351588, 0.003649397986009717, 0.0006505743367597461, 0.003339513437822461], [-0.00037240440724417567, 0.002236059634014964, -0.001985316164791584, 0.0013096603797748685, -0.001245206454768777, 0.009325484745204449, -0.0024639517068862915, 0.0005848391447216272, -0.00043242666288278997, 0.0023566284216940403, -0.0027331486344337463, 0.005898020230233669, 6.487302016466856e-05], [0.0009502966422587633, -0.002649452770128846, 0.00032065523555502295, -0.0015472291270270944, 0.0028337633702903986, -0.0024639517068862915, 0.008987032808363438, -0.0028608848806470633, 0.006990277674049139, 0.00010903480870183557, 0.002939581638202071, -0.001091775018721819, 0.0024072781670838594], [-0.001160757034085691, 0.0020178251434117556, -0.0007042884826660156, 0.0029294444248080254, -0.0005506320158019662, 0.0005848391447216272, -0.0028608848806470633, 0.013573629781603813, -0.0045898170210421085, 0.00473256828263402, -0.0023765377700328827, 0.0013056359020993114, 0.0023225010372698307], [0.0008392343879677355, -0.0034766518510878086, 0.001639190362766385, -0.0032605419401079416, 0.003186933696269989, -0.00043242666288278997, 0.006990277674049139, -0.0045898170210421085, 0.015879925340414047, -0.003616086207330227, 0.0027607015799731016, 0.0003979413886554539, 0.0028777422849088907], [-0.0008670387323945761, 0.002378341043367982, -0.0013981281081214547, 0.0022723209112882614, -0.0014560500858351588, 0.0023566284216940403, 0.00010903480870183557, 0.00473256828263402, -0.003616086207330227, 0.014542682096362114, -0.0026761204935610294, 0.0018608687678351998, 0.003108584089204669], [0.0010055415332317352, -0.0031286925077438354, 0.0017017704667523503, -0.0027274983003735542, 0.003649397986009717, -0.0027331486344337463, 0.002939581638202071, -0.0023765377700328827, 0.0027607015799731016, -0.0026761204935610294, 0.014649389311671257, -0.0033267561811953783, 0.00244770385324955], [-0.0008848492288962007, 0.0016642246628180146, -0.0019091020803898573, 0.002864624373614788, 0.0006505743367597461, 0.005898020230233669, -0.001091775018721819, 0.0013056359020993114, 0.0003979413886554539, 0.0018608687678351998, -0.0033267561811953783, 0.012559906579554081, -0.002604359295219183], [0.001072312705218792, -0.001141831511631608, 9.238349593942985e-05, -0.003556204028427601, 0.003339513437822461, 6.487302016466856e-05, 0.0024072781670838594, 0.0023225010372698307, 0.0028777422849088907, 0.003108584089204669, 0.00244770385324955, -0.002604359295219183, 0.011995195411145687]], "lowlevel.mfcc.cov": [[3779.6318359375, -1333.994873046875, -106.40038299560547, -428.248046875, -346.85760498046875, -445.063720703125, -446.1922912597656, -4.742311477661133, -159.3301239013672, -26.161802291870117, 281.8608093261719, 29.384855270385742, 17.770490646362305], [-1333.994873046875, 1804.7049560546875, -461.7777404785156, 71.53803253173828, -235.43472290039062, -111.84929656982422, -47.84713363647461, 112.79302215576172, -60.88888168334961, -100.02460479736328, 47.264366149902344, 49.87205123901367, 76.08257293701172], [-106.40038299560547, -461.7777404785156, 522.9619750976562, 11.665265083312988, 101.22614288330078, 144.38096618652344, 153.23744201660156, -15.63115119934082, 57.606422424316406, 39.08719253540039, -111.4566650390625, -17.596500396728516, -9.024796485900879], [-428.248046875, 71.53803253173828, 11.665265083312988, 321.48394775390625, 125.95671081542969, 123.77989196777344, 37.09998321533203, -41.6973762512207, 35.630191802978516, -1.5731463432312012, -97.16405487060547, -59.65594482421875, -8.68478775024414], [-346.85760498046875, -235.43472290039062, 101.22614288330078, 125.95671081542969, 448.6266174316406, 174.5533447265625, 34.02285385131836, -100.62083435058594, 37.89439392089844, 109.4649887084961, -45.56458282470703, -20.152523040771484, -55.30799102783203], [-445.063720703125, -111.84929656982422, 144.38096618652344, 123.77989196777344, 174.5533447265625, 281.82135009765625, 157.55662536621094, -59.7536735534668, 65.07653045654297, 64.76992797851562, -82.48157501220703, 6.197014331817627, -46.73727798461914], [-446.1922912597656, -47.84713363647461, 153.23744201660156, 37.09998321533203, 34.02285385131836, 157.55662536621094, 342.7609558105469, 33.603572845458984, 70.44158935546875, 42.68861770629883, -82.47636413574219, 26.3625431060791, -14.521669387817383], [-4.742311477661133, 112.79302215576172, -15.63115119934082, -41.6973762512207, -100.62083435058594, -59.7536735534668, 33.603572845458984, 153.87744140625, -4.451280117034912, -21.01042366027832, -2.655313730239868, -1.5802921056747437, 19.22614288330078], [-159.3301239013672, -60.88888168334961, 57.606422424316406, 35.630191802978516, 37.89439392089844, 65.07653045654297, 70.44158935546875, -4.451280117034912, 114.35163116455078, 30.482213973999023, -54.31098556518555, -27.883602142333984, -23.0751953125], [-26.161802291870117, -100.02460479736328, 39.08719253540039, -1.5731463432312012, 109.4649887084961, 64.76992797851562, 42.68861770629883, -21.01042366027832, 30.482213973999023, 161.717529296875, 13.29342269897461, 25.686494827270508, -41.07391357421875], [281.8608093261719, 47.264366149902344, -111.4566650390625, -97.16405487060547, -45.56458282470703, -82.48157501220703, -82.47636413574219, -2.655313730239868, -54.31098556518555, 13.29342269897461, 202.79698181152344, 59.86578369140625, 1.664790391921997], [29.384855270385742, 49.87205123901367, -17.596500396728516, -59.65594482421875, -20.152523040771484, 6.197014331817627, 26.3625431060791, -1.5802921056747437, -27.883602142333984, 25.686494827270508, 59.86578369140625, 109.97918701171875, 7.792342662811279], [17.770490646362305, 76.08257293701172, -9.024796485900879, -8.68478775024414, -55.30799102783203, -46.73727798461914, -14.521669387817383, 19.22614288330078, -23.0751953125, -41.07391357421875, 1.664790391921997, 7.792342662811279, 85.24130249023438]], "lowlevel.mfcc.icov": [[0.0008284535142593086, 0.0008517291862517595, 0.0003858909767586738, 0.00021640790509991348, 0.0007080892100930214, 0.00045361960656009614, 0.0006338337552733719, -2.7818241505883634e-05, 0.00035941170062869787, -0.0003009987995028496, -0.00026820157654583454, -0.000163857766892761, -7.513959280913696e-05], [0.0008517291862517595, 0.0017208417411893606, 0.001145012560300529, -0.00013476192543748766, 0.0009732882026582956, 0.0002914814103860408, 0.0006007719784975052, -0.0004932107985951006, 0.00041623233119025826, -0.00017064603161998093, -0.0001309705403400585, -0.0006341688567772508, -0.0005101157003082335], [0.0003858909767586738, 0.001145012560300529, 0.003481536405161023, 0.0006564534269273281, 0.0002585032780189067, -0.0008898727828636765, -0.0003759046958293766, -0.00026232656091451645, 0.0001744917972246185, -0.00022411782993003726, 0.0010051794815808535, 0.00010069741983897984, -0.0010815985733643174], [0.00021640790509991348, -0.00013476192543748766, 0.0006564534269273281, 0.005162185989320278, -0.0006237688940018415, -0.0019874933641403913, 0.00029039615765213966, 0.0005341214127838612, 0.0003040515002794564, 0.0003121216141153127, 0.0011319710174575448, 0.0022955622989684343, -0.0008940910920500755], [0.0007080892100930214, 0.0009732882026582956, 0.0002585032780189067, -0.0006237688940018415, 0.004576283041387796, -0.00123405025806278, 0.0010303235612809658, 0.0011416611960157752, 0.0008632515673525631, -0.0022532849106937647, -0.00020436002523638308, 0.0005882019177079201, 0.00025631513562984765], [0.00045361960656009614, 0.0002914814103860408, -0.0008898727828636765, -0.0019874933641403913, -0.00123405025806278, 0.009276504628360271, -0.0023188909981399775, 0.002065784065052867, -0.0010810090461745858, -0.0003898181894328445, 0.0008877163636498153, -0.0024806561414152384, 0.0025020891334861517], [0.0006338337552733719, 0.0006007719784975052, -0.0003759046958293766, 0.00029039615765213966, 0.0010303235612809658, -0.0023188909981399775, 0.005826963577419519, -0.001962331822142005, -0.0014309546677395701, -0.0005362252122722566, 0.0008222130127251148, -0.002112705260515213, -0.00031487998785451055], [-2.7818241505883634e-05, -0.0004932107985951006, -0.00026232656091451645, 0.0005341214127838612, 0.0011416611960157752, 0.002065784065052867, -0.001962331822142005, 0.008949976414442062, 0.00022396173153538257, -0.0004919606144540012, 0.00044489579158835113, 0.0011209931690245867, -0.0002944812586065382], [0.00035941170062869787, 0.00041623233119025826, 0.0001744917972246185, 0.0003040515002794564, 0.0008632515673525631, -0.0010810090461745858, -0.0014309546677395701, 0.00022396173153538257, 0.01285356655716896, -0.0021989543456584215, 0.0013947744155302644, 0.0033902910072356462, 0.0013589014997705817], [-0.0003009987995028496, -0.00017064603161998093, -0.00022411782993003726, 0.0003121216141153127, -0.0022532849106937647, -0.0003898181894328445, -0.0005362252122722566, -0.0004919606144540012, -0.0021989543456584215, 0.009420459158718586, -0.0009158155298791826, -0.002432363573461771, 0.0027512526139616966], [-0.00026820157654583454, -0.0001309705403400585, 0.0010051794815808535, 0.0011319710174575448, -0.00020436002523638308, 0.0008877163636498153, 0.0008222130127251148, 0.00044489579158835113, 0.0013947744155302644, -0.0009158155298791826, 0.008550317026674747, -0.0035213311202824116, 0.0008796157781034708], [-0.000163857766892761, -0.0006341688567772508, 0.00010069741983897984, 0.0022955622989684343, 0.0005882019177079201, -0.0024806561414152384, -0.002112705260515213, 0.0011209931690245867, 0.0033902910072356462, -0.002432363573461771, -0.0035213311202824116, 0.01496276818215847, -0.002299833