{"song_id": "1182282508683989102", "download": "https://cdn.discordapp.com/attachments/1128313332273782784/1182282508683989102/chirp.mp4?ex=65842163&amp", "lyrics": "[Verse]\nJosh with his moves so smooth, he's got the skills\nAntonio steps in, ready to give him thrills\nChessboard's heating up, tension in the air\nStrategic minds battling, checkmate's on their minds, yeah\n\n[Chorus]\nIn this chess game, minds collide\nStrategies on point, they both strive\nJosh and Antonio, kings of their craft\nChessboard's their arena, where legends are drafted", "style": ["Old pop rocks"], "essentia_features": {"lowlevel.average_loudness": 0.9426546692848206, "lowlevel.barkbands_crest.mean": 12.844327926635742, "lowlevel.barkbands_crest.stdev": 5.123813629150391, "lowlevel.barkbands_flatness_db.mean": 0.16437414288520813, "lowlevel.barkbands_flatness_db.stdev": 0.06210622191429138, "lowlevel.barkbands_kurtosis.mean": 15.144950866699219, "lowlevel.barkbands_kurtosis.stdev": 26.875675201416016, "lowlevel.barkbands_skewness.mean": 2.555638551712036, "lowlevel.barkbands_skewness.stdev": 2.256207227706909, "lowlevel.barkbands_spread.mean": 21.030546188354492, "lowlevel.barkbands_spread.stdev": 20.748809814453125, "lowlevel.dissonance.mean": 0.433268278837204, "lowlevel.dissonance.stdev": 0.04989585652947426, "lowlevel.dynamic_complexity": 3.7022931575775146, "lowlevel.erbbands_crest.mean": 13.339313507080078, "lowlevel.erbbands_crest.stdev": 6.792098045349121, "lowlevel.erbbands_flatness_db.mean": 0.16096419095993042, "lowlevel.erbbands_flatness_db.stdev": 0.05578445643186569, "lowlevel.erbbands_kurtosis.mean": 4.043837070465088, "lowlevel.erbbands_kurtosis.stdev": 6.148317337036133, "lowlevel.erbbands_skewness.mean": 1.2696353197097778, "lowlevel.erbbands_skewness.stdev": 1.4206116199493408, "lowlevel.erbbands_spread.mean": 41.59370422363281, "lowlevel.erbbands_spread.stdev": 27.73813819885254, "lowlevel.hfc.mean": 19.825448989868164, "lowlevel.hfc.stdev": 23.913366317749023, "lowlevel.loudness_ebu128.integrated": -18.809452056884766, "lowlevel.loudness_ebu128.loudness_range": 1.6501998901367188, "lowlevel.loudness_ebu128.momentary.mean": -19.17233657836914, "lowlevel.loudness_ebu128.momentary.stdev": 1.8503966331481934, "lowlevel.loudness_ebu128.short_term.mean": -18.879648208618164, "lowlevel.loudness_ebu128.short_term.stdev": 0.5913355946540833, "lowlevel.melbands_crest.mean": 16.890180587768555, "lowlevel.melbands_crest.stdev": 6.129591464996338, "lowlevel.melbands_flatness_db.mean": 0.234711691737175, "lowlevel.melbands_flatness_db.stdev": 0.0842055231332779, "lowlevel.melbands_kurtosis.mean": 33.78657150268555, "lowlevel.melbands_kurtosis.stdev": 57.3127326965332, "lowlevel.melbands_skewness.mean": 3.577636957168579, "lowlevel.melbands_skewness.stdev": 2.5613763332366943, "lowlevel.melbands_spread.mean": 22.393688201904297, "lowlevel.melbands_spread.stdev": 37.3167610168457, "lowlevel.pitch_salience.mean": 0.512974739074707, "lowlevel.pitch_salience.stdev": 0.14900866150856018, "lowlevel.silence_rate_20dB.mean": 0.9993455410003662, "lowlevel.silence_rate_20dB.stdev": 0.025573767721652985, "lowlevel.silence_rate_30dB.mean": 0.9201570749282837, "lowlevel.silence_rate_30dB.stdev": 0.27105146646499634, "lowlevel.silence_rate_60dB.mean": 0.15445026755332947, "lowlevel.silence_rate_60dB.stdev": 0.36137712001800537, "lowlevel.spectral_centroid.mean": 1134.9512939453125, "lowlevel.spectral_centroid.stdev": 929.339111328125, "lowlevel.spectral_complexity.mean": 9.765052795410156, "lowlevel.spectral_complexity.stdev": 7.852723121643066, "lowlevel.spectral_decrease.mean": -8.566885867367091e-09, "lowlevel.spectral_decrease.stdev": 1.4950369831012722e-08, "lowlevel.spectral_energy.mean": 0.034131649881601334, "lowlevel.spectral_energy.stdev": 0.05744670704007149, "lowlevel.spectral_energyband_high.mean": 0.0010878711473196745, "lowlevel.spectral_energyband_high.stdev": 0.001914016786031425, "lowlevel.spectral_energyband_low.mean": 0.017800223082304, "lowlevel.spectral_energyband_low.stdev": 0.05095472186803818, "lowlevel.spectral_energyband_middle_high.mean": 0.00260105449706316, "lowlevel.spectral_energyband_middle_high.stdev": 0.007158033084124327, "lowlevel.spectral_energyband_middle_low.mean": 0.013171251863241196, "lowlevel.spectral_energyband_middle_low.stdev": 0.01597854308784008, "lowlevel.spectral_entropy.mean": 7.409497261047363, "lowlevel.spectral_entropy.stdev": 0.6001335978507996, "lowlevel.spectral_flux.mean": 0.09012392163276672, "lowlevel.spectral_flux.stdev": 0.09978000819683075, "lowlevel.spectral_kurtosis.mean": 3.692432403564453, "lowlevel.spectral_kurtosis.stdev": 2.598890542984009, "lowlevel.spectral_rms.mean": 0.0046900054439902306, "lowlevel.spectral_rms.stdev": 0.0033619944006204605, "lowlevel.spectral_rolloff.mean": 2078.953369140625, "lowlevel.spectral_rolloff.stdev": 3355.48681640625, "lowlevel.spectral_skewness.mean": 1.5466495752334595, "lowlevel.spectral_skewness.stdev": 0.5546104907989502, "lowlevel.spectral_spread.mean": 6482446.5, "lowlevel.spectral_spread.stdev": 2159057.0, "lowlevel.spectral_strongpeak.mean": 1.1891149282455444, "lowlevel.spectral_strongpeak.stdev": 1.2786688804626465, "lowlevel.zerocrossingrate.mean": 0.0857454463839531, "lowlevel.zerocrossingrate.stdev": 0.07839713245630264, "metadata.audio_properties.analysis.equal_loudness": 0.0, "metadata.audio_properties.analysis.length": 35.43465042114258, "metadata.audio_properties.analysis.sample_rate": 44100.0, "metadata.audio_properties.analysis.start_time": 0.0, "metadata.audio_properties.bit_rate": 124936.0, "metadata.audio_properties.length": 35.43466567993164, "metadata.audio_properties.lossless": 0.0, "metadata.audio_properties.number_channels": 1.0, "metadata.audio_properties.replay_gain": -8.255594253540039, "metadata.audio_properties.sample_rate": 48000.0, "rhythm.beats_count": 48.0, "rhythm.beats_loudness.mean": 0.05011499300599098, "rhythm.beats_loudness.stdev": 0.036401599645614624, "rhythm.bpm": 82.5771713256836, "rhythm.bpm_histogram_first_peak_bpm": 83.0, "rhythm.bpm_histogram_first_peak_weight": 0.06818181276321411, "rhythm.bpm_histogram_second_peak_bpm": 78.0, "rhythm.bpm_histogram_second_peak_spread": 0.0, "rhythm.bpm_histogram_second_peak_weight": 0.06382978707551956, "rhythm.danceability": 1.5739771127700806, "rhythm.onset_rate": 5.668859004974365, "tonal.chords_changes_rate": 0.062745101749897, "tonal.chords_number_rate": 0.009150327183306217, "tonal.chords_strength.mean": 0.5059552788734436, "tonal.chords_strength.stdev": 0.07901404798030853, "tonal.hpcp_crest.mean": 18.51225471496582, "tonal.hpcp_crest.stdev": 9.119742393493652, "tonal.hpcp_entropy.mean": 1.4612094163894653, "tonal.hpcp_entropy.stdev": 0.792277991771698, "tonal.key_edma.strength": 0.7186693549156189, "tonal.key_krumhansl.strength": 0.7291494011878967, "tonal.key_temperley.strength": 0.74396812915802, "tonal.tuning_diatonic_strength": 0.6152639389038086, "tonal.tuning_equal_tempered_deviation": 0.20788654685020447, "tonal.tuning_frequency": 434.193115234375, "tonal.tuning_nontempered_energy_ratio": 0.967766284942627, "lowlevel.barkbands.mean": [0.0006869349745102227, 0.012930097058415413, 0.003798794001340866, 0.0007248722831718624, 0.0028313975781202316, 0.00254801451228559, 0.0007667082245461643, 0.003512946655973792, 0.0024477853439748287, 0.0007352775428444147, 0.0005559951532632113, 0.00039541564183309674, 0.00020486593712121248, 0.0001672085782047361, 0.00019104975217487663, 0.0001785505737643689, 0.00012684431567322463, 0.00011615947005338967, 8.111808710964397e-05, 0.00012372661149129272, 0.00017974921502172947, 0.00018511437519919127, 0.00014830230793450028, 0.00017728043894749135, 0.00011914630158571526, 0.00017731777916196734, 2.09973532037111e-05], "lowlevel.barkbands.stdev": [0.0020794535521417856, 0.03898104280233383, 0.012539641931653023, 0.0034796930849552155, 0.005564912222325802, 0.004158600699156523, 0.0018998418236151338, 0.006935127079486847, 0.0058510457165539265, 0.0032432139851152897, 0.0023991097696125507, 0.0016931244172155857, 0.0008012296166270971, 0.0006216156762093306, 0.0006211981526575983, 0.0005468886229209602, 0.00033780172816477716, 0.00036332878516986966, 0.00022034459107089788, 0.00021799565001856536, 0.0004425486840773374, 0.00046651699813082814, 0.0003162114880979061, 0.0004317477869335562, 0.0002928484755102545, 0.00028488680254668, 3.8482809031847864e-05], "lowlevel.erbbands.mean": [0.3974255919456482, 2.700895071029663, 5.439181327819824, 2.800243854522705, 3.030670404434204, 10.231350898742676, 22.57399559020996, 19.185209274291992, 12.934581756591797, 40.23694610595703, 69.10061645507812, 69.09584045410156, 27.177837371826172, 19.485414505004883, 25.909833908081055, 16.553123474121094, 9.416934967041016, 10.340433120727539, 9.436338424682617, 9.483548164367676, 9.651268005371094, 6.697990417480469, 5.932168006896973, 5.770945072174072, 3.6387758255004883, 5.550447463989258, 6.9629411697387695, 7.623284816741943, 7.35335636138916, 4.647336483001709, 4.030587673187256, 3.9585561752319336, 2.7378549575805664, 1.446537971496582, 0.7601151466369629, 0.526713490486145, 0.35596758127212524, 0.09872888773679733, 0.0021438035182654858, 9.286917338613421e-05], "lowlevel.erbbands.stdev": [1.1296350955963135, 9.181541442871094, 17.53202247619629, 11.852912902832031, 11.530210494995117, 20.857275009155273, 43.6981315612793, 33.509403228759766, 27.38428497314453, 84.27116394042969, 162.66708374023438, 160.51075744628906, 109.41325378417969, 86.78404235839844, 102.39065551757812, 63.33831024169922, 35.472023010253906, 36.04221725463867, 29.702314376831055, 32.10368347167969, 26.393268585205078, 18.469499588012695, 16.517459869384766, 16.39845085144043, 9.750922203063965, 9.952277183532715, 12.657054901123047, 21.52808380126953, 18.2999210357666, 10.601786613464355, 8.85558032989502, 9.95262336730957, 6.8707685470581055, 4.0053791999816895, 1.6884732246398926, 0.9617896676063538, 0.5807132720947266, 0.15557973086833954, 0.003324864897876978, 0.00011344865924911574], "lowlevel.gfcc.mean": [-29.809770584106445, 50.56463623046875, -80.68748474121094, 10.303291320800781, -78.49966430664062, -4.797451496124268, -41.58122634887695, 7.047017574310303, -17.197813034057617, 15.280468940734863, -18.248960494995117, 11.107707023620605, -12.684389114379883], "lowlevel.melbands.mean": [0.003487847512587905, 0.0030270274728536606, 0.0005007623694837093, 0.0004206990997772664, 0.0007796455174684525, 0.0004360490420367569, 0.00017953370115719736, 0.0005142463487572968, 0.0005578141426667571, 0.0003970851539634168, 0.00012102081382181495, 7.577448559459299e-05, 7.872490823501721e-05, 5.989209603285417e-05, 2.3191871150629595e-05, 2.169720028177835e-05, 1.8608159734867513e-05, 1.430732027074555e-05, 1.283656274608802e-05, 1.262305067939451e-05, 1.162756234407425e-05, 7.834975804144051e-06, 4.477810307434993e-06, 6.119259978731861e-06, 4.592372533807065e-06, 2.44779903368908e-06, 2.8564084004756296e-06, 3.9444234971597325e-06, 4.6385812311200425e-06, 4.0375389289692976e-06, 4.525644271780038e-06, 4.632317541108932e-06, 2.814475692503038e-06, 2.5348979306727415e-06, 2.188155349358567e-06, 2.437194552840083e-06, 2.4876881070667878e-06, 2.0699415017588763e-06, 1.6674978269293206e-06, 1.0127283758265548e-06], "lowlevel.melbands.stdev": [0.010160456411540508, 0.00989475753158331, 0.002000640844926238, 0.0010391046525910497, 0.001374984160065651, 0.0007273560622707009, 0.00040390726644545794, 0.0010426273802295327, 0.0013017738237977028, 0.0009501128224655986, 0.0005382302915677428, 0.0003644527168944478, 0.00033308693673461676, 0.0002313418808626011, 9.38052253331989e-05, 8.115302625810727e-05, 7.098823698470369e-05, 4.671486385632306e-05, 4.607098890119232e-05, 4.329479634179734e-05, 3.159596599289216e-05, 2.2566599000128917e-05, 1.2311100363149308e-05, 1.9349306967342272e-05, 1.3235213373263832e-05, 7.128463039407507e-06, 7.223052307381295e-06, 6.93802758178208e-06, 7.951160114316735e-06, 9.938013135979418e-06, 1.3633053640660364e-05, 1.1647926839941647e-05, 7.72801649873145e-06, 5.409406639955705e-06, 4.6454024413833395e-06, 6.320153261185624e-06, 6.47996830593911e-06, 5.23020617038128e-06, 4.660997092287289e-06, 2.9455547974066576e-06], "lowlevel.melbands128.mean": [0.0006469955551438034, 0.0033046044409275055, 0.004225652664899826, 0.004708330146968365, 0.003554737661033869, 0.001444928115233779, 0.0005220770835876465, 0.00032665475737303495, 0.0002823079121299088, 0.00027340836822986603, 0.0005623390316031873, 0.000957799144089222, 0.0008564111776649952, 0.000561560969799757, 0.00046464617480523884, 0.0003637244226410985, 0.0002490341430529952, 0.00012547403457574546, 0.00010253870277665555, 0.0004808183293789625, 0.0007378926384262741, 0.0005362507654353976, 0.0006209108978509903, 0.000401156023144722, 0.0005791119765490294, 0.00034380643046461046, 0.00011120185808977112, 0.0001412147394148633, 5.5208602134371176e-05, 0.00010890445264521986, 6.421934085665271e-05, 5.118116314406507e-05, 7.508206181228161e-05, 0.00012259972572792321, 4.7459448978770524e-05, 6.076962381484918e-05, 4.079730570083484e-05, 1.6041574781411327e-05, 1.6579757357249036e-05, 1.9189166778232902e-05, 2.6708768928074278e-05, 1.8238786651636474e-05, 2.1132456822670065e-05, 1.8322505638934672e-05, 8.533384971087798e-06, 1.678130320215132e-05, 1.690308636170812e-05, 1.1685569916153327e-05, 1.1459339475550223e-05, 1.3354581824387424e-05, 1.4744946383871138e-05, 9.761050932866056e-06, 8.105665983748622e-06, 1.668276308919303e-05, 1.0729702808021102e-05, 7.311722129088594e-06, 4.012372301076539e-06, 4.642867679649498e-06, 4.4230991989024915e-06, 4.683676252170699e-06, 7.019625627435744e-06, 6.132425369287375e-06, 6.178483090479858e-06, 3.86927422368899e-06, 2.5223459942935733e-06, 2.431580469419714e-06, 2.3204017907119123e-06, 2.425004367978545e-06, 3.175841357005993e-06, 3.311721229692921e-06, 2.788545543808141e-06, 5.220877937972546e-06, 5.394069376052357e-06, 4.64457161797327e-06, 3.548519089235924e-06, 3.5935386222263332e-06, 4.862779405812034e-06, 4.036654900119174e-06, 4.802493549505016e-06, 4.038466613565106e-06, 5.743590008933097e-06, 4.484943474380998e-06, 3.1492108973907307e-06, 2.7499911539052846e-06, 2.3918953502288787e-06, 2.4136732008628314e-06, 2.7628670977719594e-06, 2.3762859200360253e-06, 1.880910417639825e-06, 2.251768137284671e-06, 2.683950469872798e-06, 2.357366611249745e-06, 2.223294131908915e-06, 2.6029533728433307e-06, 2.4349915292987134e-06, 2.8291212856856873e-06, 1.747858163980709e-06, 1.3262540505820652e-06, 1.8693225456445361e-06, 1.897232209557842e-06, 1.1303153542030486e-06, 8.668723694427172e-07, 7.570938578282949e-07, 9.341154054709477e-07, 8.270046691905009e-07, 8.146822096932738e-07, 8.656715522192826e-07, 7.785374691593461e-07, 9.323434824182186e-07, 9.704741614768864e-07, 9.710548738439684e-07, 1.0861418786589638e-06, 1.175701072497759e-06, 1.3244432466308353e-06, 1.1272220490354812e-06, 1.3362601976041333e-06, 8.442672765340831e-07, 8.875792900653323e-08, 1.0125533744798076e-10, 9.95732662989468e-12, 7.978666338726015e-12, 8.370298378024277e-12, 1.0120674263924823e-11, 1.106161082869983e-11, 8.672083016969534e-12, 5.362626141758309e-12, 4.412566666223139e-12, 4.3386206086126755e-12], "lowlevel.melbands128.stdev": [0.001938816742040217, 0.009560071863234043, 0.014192484319210052, 0.016497254371643066, 0.011575674638152122, 0.0050644888542592525, 0.002450841711834073, 0.00155952840577811, 0.0011640285374596715, 0.0010609030723571777, 0.0012804748257622123, 0.0017037540674209595, 0.0020294885616749525, 0.0012025764444842935, 0.0010468533728271723, 0.0007086964324116707, 0.0006162112695164979, 0.0003830566711258143, 0.000373532937373966, 0.0011654908303171396, 0.001723579247482121, 0.0014629507204517722, 0.0021148764062672853, 0.001313024782575667, 0.0017081297701224685, 0.0011302559869363904, 0.000569780939258635, 0.0009514086996205151, 0.0002559092245064676, 0.000615448399912566, 0.00035854955785907805, 0.00034995703026652336, 0.00036552129313349724, 0.0005461067776195705, 0.0002875163918361068, 0.00029954887577332556, 0.00018695415928959846, 9.338343807030469e-05, 8.551926293876022e-05, 8.146050095092505e-05, 0.00011450079909991473, 7.060275675030425e-05, 0.00011203168105566874, 7.363330223597586e-05, 4.036459722556174e-05, 6.706434942316264e-05, 6.169288826640695e-05, 5.564486127696e-05, 5.0279617425985634e-05, 5.74949590372853e-05, 5.675349893863313e-05, 3.516295691952109e-05, 3.55094343831297e-05, 4.9404687160858884e-05, 3.5378670872887596e-05, 3.126700903521851e-05, 1.4473021110461559e-05, 1.3151017810741905e-05, 1.5138622984522954e-05, 1.467855599912582e-05, 2.2147489289636724e-05, 2.87246257357765e-05, 1.962083115358837e-05, 1.0835169632628094e-05, 9.39264918997651e-06, 7.913577974250074e-06, 7.067415026540402e-06, 8.336575774592347e-06, 8.379502105526626e-06, 8.075109690253157e-06, 6.3244156081054825e-06, 1.0709432899602689e-05, 1.0234487490379252e-05, 1.0280113201588392e-05, 7.999068657227326e-06, 9.170938938041218e-06, 1.4031837963557336e-05, 1.6284540834021755e-05, 1.649684963922482e-05, 1.1622440979408566e-05, 1.6292626241920516e-05, 1.1807764167315327e-05, 8.948391041485593e-06, 8.406494998780545e-06, 7.646690391993616e-06, 5.533726380235748e-06, 5.823431820317637e-06, 5.527503162738867e-06, 4.213003649056191e-06, 5.624992354569258e-06, 7.601946435897844e-06, 6.683365882054204e-06, 5.890954071219312e-06, 7.535305030614836e-06, 6.831115570093971e-06, 7.42629663363914e-06, 4.956953489454463e-06, 4.0530599108024035e-06, 5.259870704321656e-06, 5.9413832786958665e-06, 3.8110281366243726e-06, 2.595010300865397e-06, 2.8676270176219987e-06, 2.7988523925159825e-06, 2.139111984433839e-06, 1.7967755638892413e-06, 1.96991027223703e-06, 1.6932015114434762e-06, 1.9281962977402145e-06, 2.076539431072888e-06, 2.1105279301991686e-06, 1.9533292743290076e-06, 2.112445599777857e-06, 2.4417772692686412e-06, 2.003456302190898e-06, 2.2393705876311287e-06, 1.539213599244249e-06, 1.8839556048533268e-07, 2.0202584050110772e-09, 1.4011153348647554e-10, 1.0418724216698649e-10, 1.2746780020389537e-10, 2.0133635036945208e-10, 2.428284795463753e-10, 1.5582926615742565e-10, 3.5525193897711915e-11, 1.0428080274293983e-11, 1.0283728729687525e-11], "lowlevel.mfcc.mean": [-691.701171875, 100.61917877197266, 30.870874404907227, 16.5229434967041, -12.263075828552246, -5.967288970947266, -19.41826820373535, -9.012250900268555, -4.322445392608643, 0.6706442832946777, -2.3517632484436035, 7.842095375061035, -2.300297498703003], "lowlevel.spectral_contrast_coeffs.mean": [-0.6502372622489929, -0.6827425956726074, -0.7654538154602051, -0.8051889538764954, -0.7989680171012878, -0.7428520917892456], "lowlevel.spectral_contrast_coeffs.stdev": [0.10213103145360947, 0.08895227313041687, 0.09464449435472488, 0.06378664821386337, 0.055437467992305756, 0.05766093730926514], "lowlevel.spectral_contrast_valleys.mean": [-7.645769119262695, -7.049990177154541, -8.306573867797852, -8.498222351074219, -8.289253234863281, -10.501587867736816], "lowlevel.spectral_contrast_valleys.stdev": [1.310865044593811, 0.7470353841781616, 0.9297361969947815, 0.9041846394538879, 0.8428278565406799, 1.0647414922714233], "rhythm.beats_loudness_band_ratio.mean": [0.26491954922676086, 0.26786595582962036, 0.24933941662311554, 0.11650097370147705, 0.06038049980998039, 0.08212090283632278], "rhythm.beats_loudness_band_ratio.stdev": [0.271882027387619, 0.2078011929988861, 0.20372046530246735, 0.12570391595363617, 0.05739203467965126, 0.10966607928276062], "tonal.hpcp.mean": [0.09207827597856522, 0.102263443171978, 0.03871580958366394, 0.017745928838849068, 0.012961169704794884, 0.015373939648270607, 0.029082411900162697, 0.04180587828159332, 0.06571689993143082, 0.3188289999961853, 0.36863502860069275, 0.11298826336860657, 0.03280826285481453, 0.027623675763607025, 0.05163911357522011, 0.1765127331018448, 0.19729207456111908, 0.07962141185998917, 0.038769133388996124, 0.027735311537981033, 0.025950634852051735, 0.09178901463747025, 0.11456607282161713, 0.08474227041006088, 0.1872192919254303, 0.2229280024766922, 0.13099996745586395, 0.09776179492473602, 0.09483401477336884, 0.10246375948190689, 0.2810361683368683, 0.2969024181365967, 0.09652423858642578, 0.03666862100362778, 0.025532880797982216, 0.03060569241642952], "tonal.hpcp.stdev": [0.18858684599399567, 0.20326721668243408, 0.10390540212392807, 0.07130978256464005, 0.055672239512205124, 0.05952221527695656, 0.11031989753246307, 0.14189042150974274, 0.17169950902462006, 0.3450857698917389, 0.38674411177635193, 0.1924617439508438, 0.1290007382631302, 0.11623315513134003, 0.13209164142608643, 0.29043295979499817, 0.31593024730682373, 0.17213304340839386, 0.1408831626176834, 0.11219248920679092, 0.10995219647884369, 0.22915789484977722, 0.2754747271537781, 0.18881727755069733, 0.29687410593032837, 0.33050885796546936, 0.2526097297668457, 0.22358722984790802, 0.2283981591463089, 0.21601571142673492, 0.3203356862068176, 0.3496561646461487, 0.18567593395709991, 0.13282296061515808, 0.09730800241231918, 0.1066393181681633], "rhythm.beats_position": [0.743038535118103, 1.5092970132827759, 2.2755556106567383, 3.0534238815307617, 3.808072566986084, 4.551111221313477, 5.27092981338501, 5.990748405456543, 6.722176551818848, 7.4536051750183105, 8.173423767089844, 8.893242835998535, 9.62467098236084, 10.356099128723145, 11.075918197631836, 11.795736312866211, 12.527165412902832, 13.258593559265137, 13.978412628173828, 14.698230743408203, 15.429659843444824, 16.161088943481445, 16.88090705871582, 17.600725173950195, 18.3321533203125, 19.063581466674805, 19.783401489257812, 20.514829635620117, 21.246257781982422, 21.966075897216797, 22.685895919799805, 23.41732406616211, 24.148752212524414, 24.86857032775879, 25.588390350341797, 26.308208465576172, 27.028026580810547, 27.77106475830078, 28.49088478088379, 29.222312927246094, 29.9537410736084, 30.673559188842773, 31.39337730407715, 32.12480545043945, 32.84462356567383, 33.576053619384766, 34.29587173461914, 35.02730178833008], "rhythm.bpm_histogram": [0.0, 0.0, 0.0, 0.0, 0.0, 0.0, 0.0, 0.0, 0.0, 0.0, 0.0, 0.0, 0.0, 0.0, 0.0, 0.0, 0.0, 0.0, 0.0, 0.0, 0.0, 0.0, 0.0, 0.0, 0.0, 0.0, 0.0, 0.0, 0.0, 0.0, 0.0, 0.0, 0.0, 0.0, 0.0, 0.0, 0.0, 0.0, 0.0, 0.0, 0.0, 0.0, 0.0, 0.0, 0.0, 0.0, 0.0, 0.0, 0.0, 0.0, 0.0, 0.0, 0.0, 0.0, 0.0, 0.0, 0.0, 0.0, 0.0, 0.0, 0.0, 0.0, 0.0, 0.0, 0.0, 0.0, 0.0, 0.0, 0.0, 0.0, 0.0, 0.0, 0.0, 0.0, 0.0, 0.0, 0.0, 0.021276595070958138, 0.042553190141916275, 0.0, 0.021276595070958138, 0.042553190141916275, 0.40425533056259155, 0.4680851101875305, 0.0, 0.0, 0.0, 0.0, 0.0, 0.0, 0.0, 0.0, 0.0, 0.0, 0.0, 0.0, 0.0, 0.0, 0.0, 0.0, 0.0, 0.0, 0.0, 0.0, 0.0, 0.0, 0.0, 0.0, 0.0, 0.0, 0.0, 0.0, 0.0, 0.0, 0.0, 0.0, 0.0, 0.0, 0.0, 0.0, 0.0, 0.0, 0.0, 0.0, 0.0, 0.0, 0.0, 0.0, 0.0, 0.0, 0.0, 0.0, 0.0, 0.0, 0.0, 0.0, 0.0, 0.0, 0.0, 0.0, 0.0, 0.0, 0.0, 0.0, 0.0, 0.0, 0.0, 0.0, 0.0, 0.0, 0.0, 0.0, 0.0, 0.0, 0.0, 0.0, 0.0, 0.0, 0.0, 0.0, 0.0, 0.0, 0.0, 0.0, 0.0, 0.0, 0.0, 0.0, 0.0, 0.0, 0.0, 0.0, 0.0, 0.0, 0.0, 0.0, 0.0, 0.0, 0.0, 0.0, 0.0, 0.0, 0.0, 0.0, 0.0, 0.0, 0.0, 0.0, 0.0, 0.0, 0.0, 0.0, 0.0, 0.0, 0.0, 0.0, 0.0, 0.0, 0.0, 0.0, 0.0, 0.0, 0.0, 0.0, 0.0, 0.0, 0.0, 0.0, 0.0, 0.0, 0.0, 0.0, 0.0, 0.0, 0.0, 0.0, 0.0, 0.0, 0.0, 0.0, 0.0, 0.0, 0.0, 0.0, 0.0, 0.0, 0.0, 0.0, 0.0, 0.0, 0.0, 0.0, 0.0, 0.0, 0.0, 0.0, 0.0, 0.0, 0.0, 0.0, 0.0, 0.0, 0.0, 0.0, 0.0, 0.0, 0.0, 0.0, 0.0, 0.0], "tonal.chords_histogram": [32.41830062866211, 0.0, 12.15686321258545, 0.5228758454322815, 0.0, 0.0, 0.0, 0.0, 0.0, 0.0, 0.0, 0.0, 0.0, 0.0, 0.0, 9.019607543945312, 0.0, 12.026144027709961, 0.0, 0.0, 0.0, 3.7908496856689453, 28.627450942993164, 1.4379085302352905], "tonal.thpcp": [1.0, 0.30650442838668823, 0.08899930864572525, 0.07493502646684647, 0.1400819569826126, 0.47882789373397827, 0.5351962447166443, 0.21598981320858002, 0.10516942292451859, 0.07523786276578903, 0.0703965499997139, 0.24899700284004211, 0.31078454852104187, 0.22988122701644897, 0.507871687412262, 0.6047390699386597, 0.35536494851112366, 0.2651994228363037, 0.2572571933269501, 0.27795448899269104, 0.762369692325592, 0.8054102063179016, 0.261842280626297, 0.09947134554386139, 0.06926330924034119, 0.08302437514066696, 0.24978168308734894, 0.2774110734462738, 0.10502476990222931, 0.04813956096768379, 0.035159897059202194, 0.041705042123794556, 0.07889215648174286, 0.11340723186731339, 0.17827090620994568, 0.8648906946182251], "lowlevel.gfcc.cov": [[5994.45263671875, 68.65091705322266, -103.44071960449219, 415.26531982421875, 545.7804565429688, 562.504150390625, 472.31884765625, 303.4415588378906, 33.10491180419922, -86.90693664550781, -259.6291198730469, -64.23429107666016, -7.108914375305176], [68.65091705322266, 2094.254150390625, -32.816986083984375, 172.1919403076172, 670.6729125976562, 219.04559326171875, 334.8769836425781, 206.56350708007812, 290.8811950683594, -15.110358238220215, 70.0638427734375, -132.64085388183594, 52.70935821533203], [-103.44071960449219, -32.816986083984375, 1130.0147705078125, 513.8148803710938, 293.34619140625, 288.1675109863281, -14.435575485229492, 82.10794067382812, 110.31745147705078, 88.76615905761719, 91.93864440917969, 0.8193173408508301, -154.09854125976562], [415.26531982421875, 172.1919403076172, 513.8148803710938, 740.5170288085938, 357.6314697265625, 146.5955047607422, 110.52327728271484, 185.416259765625, 192.76095581054688, 33.8660888671875, 42.47908401489258, -7.266726493835449, -41.0073356628418], [545.7804565429688, 670.6729125976562, 293.34619140625, 357.6314697265625, 645.2993774414062, 319.9063415527344, 192.88125610351562, 169.217529296875, 172.28375244140625, 36.63745880126953, 60.7268180847168, -19.32604217529297, -46.794097900390625], [562.504150390625, 219.04559326171875, 288.1675109863281, 146.5955047607422, 319.9063415527344, 470.0260314941406, 232.61734008789062, 43.26518630981445, 45.747432708740234, 62.517913818359375, 61.29508972167969, -26.48856544494629, -55.05372619628906], [472.31884765625, 334.8769836425781, -14.435575485229492, 110.52327728271484, 192.88125610351562, 232.61734008789062, 355.0067443847656, 122.56952667236328, 73.28150939941406, 25.099658966064453, 15.17635726928711, -33.08905792236328, 19.967859268188477], [303.4415588378906, 206.56350708007812, 82.10794067382812, 185.416259765625, 169.217529296875, 43.26518630981445, 122.56952667236328, 239.15403747558594, 152.07418823242188, 0.9209364652633667, -21.468076705932617, -10.13818645477295, 36.11219024658203], [33.10491180419922, 290.8811950683594, 110.31745147705078, 192.76095581054688, 172.28375244140625, 45.747432708740234, 73.28150939941406, 152.07418823242188, 252.9475860595703, 45.78524398803711, -6.186095714569092, -10.388915061950684, 14.4476318359375], [-86.90693664550781, -15.110358238220215, 88.76615905761719, 33.8660888671875, 36.63745880126953, 62.517913818359375, 25.099658966064453, 0.9209364652633667, 45.78524398803711, 109.29085540771484, 39.44917678833008, -6.260453701019287, -32.897830963134766], [-259.6291198730469, 70.0638427734375, 91.93864440917969, 42.47908401489258, 60.7268180847168, 61.29508972167969, 15.17635726928711, -21.468076705932617, -6.186095714569092, 39.44917678833008, 126.46761322021484, 23.70086669921875, -27.481586456298828], [-64.23429107666016, -132.64085388183594, 0.8193173408508301, -7.266726493835449, -19.32604217529297, -26.48856544494629, -33.08905792236328, -10.13818645477295, -10.388915061950684, -6.260453701019287, 23.70086669921875, 86.68819427490234, 21.310998916625977], [-7.108914375305176, 52.70935821533203, -154.09854125976562, -41.0073356628418, -46.794097900390625, -55.05372619628906, 19.967859268188477, 36.11219024658203, 14.4476318359375, -32.897830963134766, -27.481586456298828, 21.310998916625977, 122.09188079833984]], "lowlevel.gfcc.icov": [[0.00028508377727121115, 3.4421747841406614e-05, 0.00022956274915486574, -0.00023009719734545797, -9.345987200504169e-05, -0.0004482164513319731, -1.1254248420300428e-05, -0.00032470995211042464, 0.00032702143653295934, 6.008218406350352e-05, 0.0007739246939308941, -0.00018931984959635884, 0.0002588904171716422], [3.4421747841406614e-05, 0.0013764529721811414, -0.00013779482105746865, 0.000685795268509537, -0.0017815836472436786, 0.000952506554313004, -0.000996667891740799, 0.0008821286028251052, -0.0013433827552944422, 0.0012219803174957633, -0.0012863249285146594, 0.002356267301365733, -0.0010996381752192974], [0.00022956274915486574, -0.00013779482105746865, 0.002298690378665924, -0.0015333426417782903, 0.0006123562925495207, -0.0021033671218901873, 0.0015955019043758512, -0.0012294830521568656, 0.0004776919085998088, -0.0004117709177080542, 0.0004340372688602656, -0.0007943875971250236, 0.0019169820006936789], [-0.00023009719734545797, 0.000685795268509537, -0.0015333426417782903, 0.003477124497294426, -0.001852555200457573, 0.0018929661018773913, -0.0012887186603620648, 0.0003334277425892651, -0.001758570084348321, 0.0010225243167951703, -0.001601369003765285, 0.0014312309212982655, -0.0009478648426011205], [-9.345987200504169e-05, -0.0017815836472436786, 0.0006123562925495207, -0.001852555200457573, 0.006035034544765949, -0.003543848404660821, 0.0017798275221139193, -0.002449875697493553, 0.0005114839877933264, -0.00041149984463118017, 0.00042425747960805893, -0.0030026372987776995, 0.0025111485738307238], [-0.0004482164513319731, 0.000952506554313004, -0.0021033671218901873, 0.0018929661018773913, -0.003543848404660821, 0.007697043474763632, -0.0045857662335038185, 0.0031689682509750128, -0.0009166085510514677, -0.00043111140257678926, -0.002140899421647191, 0.002279001520946622, -0.0014184914762154222], [-1.1254248420300428e-05, -0.000996667891740799, 0.0015955019043758512, -0.0012887186603620648, 0.0017798275221139193, -0.0045857662335038185, 0.0073326388373970985, -0.003770240815356374, 0.001418295898474753, -0.0013237004168331623, 0.00021818421373609453, -0.0003179272171109915, 0.0001209030524478294], [-0.00032470995211042464, 0.0008821286028251052, -0.0012294830521568656, 0.0003334277425892651, -0.002449875697493553, 0.0031689682509750128, -0.003770240815356374, 0.010887766256928444, -0.0051530757918953896, 0.0019583613611757755, -0.0003306555445306003, 0.0018074266845360398, -0.0032057531643658876], [0.00032702143653295934, -0.0013433827552944422, 0.0004776919085998088, -0.001758570084348321, 0.0005114839877933264, -0.0009166085510514677, 0.001418295898474753, -0.0051530757918953896, 0.009996646083891392, -0.005168946459889412, 0.0034237413201481104, -0.0023765345104038715, 0.000295944104436785], [6.008218406350352e-05, 0.0012219803174957633, -0.0004117709177080542, 0.0010225243167951703, -0.00041149984463118017, -0.00043111140257678926, -0.0013237004168331623, 0.0019583613611757755, -0.005168946459889412, 0.01454482413828373, -0.004679002333432436, 0.0028287386521697044, 0.001568640349432826], [0.0007739246939308941, -0.0012863249285146594, 0.0004340372688602656, -0.001601369003765285, 0.00042425747960805893, -0.002140899421647191, 0.00021818421373609453, -0.0003306555445306003, 0.0034237413201481104, -0.004679002333432436, 0.0146280936896801, -0.006627277005463839, 0.0026532080955803394], [-0.00018931984959635884, 0.002356267301365733, -0.0007943875971250236, 0.0014312309212982655, -0.0030026372987776995, 0.002279001520946622, -0.0003179272171109915, 0.0018074266845360398, -0.0023765345104038715, 0.0028287386521697044, -0.006627277005463839, 0.018406547605991364, -0.0058171069249510765], [0.0002588904171716422, -0.0010996381752192974, 0.0019169820006936789, -0.0009478648426011205, 0.0025111485738307238, -0.0014184914762154222, 0.0001209030524478294, -0.0032057531643658876, 0.000295944104436785, 0.001568640349432826, 0.0026532080955803394, -0.0058171069249510765, 0.014032993465662003]], "lowlevel.mfcc.cov": [[5819.70947265625, -134.1353759765625, -419.69610595703125, 156.0034942626953, 152.93167114257812, 348.2473449707031, 395.9131164550781, 427.23455810546875, 455.6324462890625, 161.57421875, 41.64445877075195, -59.55942153930664, -66.21183013916016], [-134.1353759765625, 1726.1363525390625, -301.0367431640625, 105.31060791015625, 279.77178955078125, 192.64877319335938, 154.8913116455078, 190.47271728515625, 153.55816650390625, 242.5560302734375, 74.68225860595703, 112.70223236083984, -3.8121163845062256], [-419.69610595703125, -301.0367431640625, 867.7392578125, 184.8855438232422, 260.5841369628906, 143.469970703125, 83.20740509033203, 40.31354522705078, -10.586536407470703, 1.9961676597595215, 139.78060913085938, 42.59713363647461, 88.82090759277344], [156.0034942626953, 105.31060791015625, 184.8855438232422, 580.899169921875, 273.37640380859375, 35.91689682006836, 17.007579803466797, 166.64797973632812, 152.56838989257812, 108.63536834716797, 56.78559494018555, 136.6619110107422, 46.671287536621094], [152.93167114257812, 279.77178955078125, 260.5841369628906, 273.37640380859375, 553.9456176757812, 186.3724822998047, 115.73643493652344, 166.09751892089844, 101.44561767578125, 101.55028533935547, 123.1407241821289, 74.61839294433594, 106.12071990966797], [348.2473449707031, 192.64877319335938, 143.469970703125, 35.91689682006836, 186.3724822998047, 384.1428527832031, 220.07138061523438, 115.99633026123047, 52.90205383300781, 109.4453353881836, 123.63699340820312, 33.41554641723633, 39.77987289428711], [395.9131164550781, 154.8913116455078, 83.20740509033203, 17.007579803466797, 115.73643493652344, 220.07138061523438, 351.236572265625, 115.43923950195312, 44.45781707763672, 60.58281326293945, 84.34764099121094, 1.6983941793441772, 37.76902389526367], [427.23455810546875, 190.47271728515625, 40.31354522705078, 166.64797973632812, 166.09751892089844, 115.99633026123047, 115.43923950195312, 236.0223846435547, 148.57516479492188, 105.3836441040039, 41.03116989135742, 75.12066650390625, 41.79240417480469], [455.6324462890625, 153.55816650390625, -10.586536407470703, 152.56838989257812, 101.44561767578125, 52.90205383300781, 44.45781707763672, 148.57516479492188, 264.3727111816406, 123.56864929199219, 10.419259071350098, 66.32212829589844, 12.657340049743652], [161.57421875, 242.5560302734375, 1.9961676597595215, 108.63536834716797, 101.55028533935547, 109.4453353881836, 60.58281326293945, 105.3836441040039, 123.56864929199219, 208.16909790039062, 62.09627914428711, 70.39179992675781, 23.988365173339844], [41.64445877075195, 74.68225860595703, 139.78060913085938, 56.78559494018555, 123.1407241821289, 123.63699340820312, 84.34764099121094, 41.03116989135742, 10.419259071350098, 62.09627914428711, 165.17849731445312, 26.004688262939453, 28.139873504638672], [-59.55942153930664, 112.70223236083984, 42.59713363647461, 136.6619110107422, 74.61839294433594, 33.41554641723633, 1.6983941793441772, 75.12066650390625, 66.32212829589844, 70.39179992675781, 26.004688262939453, 138.48472595214844, 33.74663162231445], [-66.21183013916016, -3.8121163845062256, 88.82090759277344, 46.671287536621094, 106.12071990966797, 39.77987289428711, 37.76902389526367, 41.79240417480469, 12.657340049743652, 23.988365173339844, 28.139873504638672, 33.74663162231445, 93.94763946533203]], "lowlevel.mfcc.icov": [[0.0002804934629239142, 0.00016328592028003186, 0.0002464450371917337, -2.6250236260239035e-05, -9.045311890076846e-05, -0.0001847451931098476, -0.0001635282824281603, -0.0003759736428037286, -0.0003713127225637436, 8.347928815055639e-05, -7.514144817832857e-05, 0.00030380679527297616, 0.00033983463072218], [0.00016328592028003186, 0.0010062986984848976, 0.0005963745643384755, 0.0001850713015301153, -0.0007078818744048476, -0.00010927532275673002, -0.0003336524241603911, -0.0003374945081304759, -4.377944060252048e-05, -0.0006716518546454608, -4.8761208745418116e-05, -0.0003821541031356901, 0.0009595598094165325], [0.0002464450371917337, 0.0005963745643384755, 0.002062207320705056, -0.00036540444125421345, -0.0007012852584011853, -0.0005283289938233793, -0.00022932082356419414, 1.3248167306301184e-05, -0.00021800148533657193, 0.0004331087984610349, -0.0010252834763377905, -1.7862836102722213e-05, -0.0002358015044592321], [-2.6250236260239035e-05, 0.0001850713015301153, -0.00036540444125421345, 0.0032474433537572622, -0.001321379211731255, 0.0009033105452544987, 8.998125122161582e-05, -0.0009606932289898396, -0.0004406820808071643, -0.00039839453529566526, -7.244807056849822e-05, -0.0020951698534190655, 0.00115790287964046], [-9.045311890076846e-05, -0.0007078818744048476, -0.0007012852584011853, -0.001321379211731255, 0.004204084165394306, -0.0009065785561688244, 0.0006007247138768435, -0.0008166449260897934, -0.00017339504847768694, 0.0006384185398928821, -0.00102790049277246, 0.0011962850112468004, -0.00327767594717443], [-0.0001847451931098476, -0.00010927532275673002, -0.0005283289938233793, 0.0009033105452544987, -0.0009065785561688244, 0.005666872952133417, -0.0022639937233179808, -0.0005135966930538416, 0.0006759140524081886, -0.0016188172157853842, -0.001494657713919878, -0.0006812774227000773, 0.0006939979502931237], [-0.0001635282824281603, -0.0003336524241603911, -0.00022932082356419414, 8.998125122161582e-05, 0.0006007247138768435, -0.0022639937233179808, 0.005264054052531719, -0.0017992135835811496, 0.0002616686397232115, 0.0005208904040046036, -0.0008339768392033875, 0.0014307114761322737, -0.0014248806983232498], [-0.0003759736428037286, -0.0003374945081304759, 1.3248167306301184e-05, -0.0009606932289898396, -0.0008166449260897934, -0.0005135966930538416, -0.0017992135835811496, 0.010468102060258389, -0.0029398961924016476, -0.0005307621322572231, 0.000866761663928628, -0.0021385487634688616, -0.00156723044347018], [-0.0003713127225637436, -4.377944060252048e-05, -0.00021800148533657193, -0.0004406820808071643, -0.00017339504847768694, 0.0006759140524081886, 0.0002616686397232115, -0.0029398961924016476, 0.00779756112024188, -0.0031846058554947376, 0.0013316507684066892, -0.000680906290654093, 0.0008821553201414645], [8.347928815055639e-05, -0.0006716518546454608, 0.0004331087984610349, -0.00039839453529566526, 0.0006384185398928821, -0.0016188172157853842, 0.0005208904040046036, -0.0005307621322572231, -0.0031846058554947376, 0.009593190625309944, -0.0023495983332395554, -0.0015040329890325665, -0.0009653919842094183], [-7.514144817832857e-05, -4.8761208745418116e-05, -0.0010252834763377905, -7.244807056849822e-05, -0.00102790049277246, -0.001494657713919878, -0.0008339768392033875, 0.000866761663928628, 0.0013316507684066892, -0.0023495983332395554, 0.009909352287650108, -0.0005382346571423113, 0.0003398015396669507], [0.00030380679527297616, -0.0003821541031356901, -1.7862836102722213e-05, -0.0020951698534190655, 0.0011962850112468004, -0.0006812774227000773, 0.0014307114761322737, -0.0021385487634688616, -0.000680906290654093, -0.0015040329890325665, -0.0005382346571423113, 0.012379297986626625, -0.0032400740310549736], [0.00033983463072218, 0.0009595598094165325, -0.0002358015044592321, 0.00115790287964046, -0.00327767594717443, 0.0006939979502931237, -0.0014248806983232498, -0.00156723044347018, 0.0008821553201414645, -0.0009653919842094183, 0.0003398015396669507, -0.0032400740310549736, 0.016438636928796768]], "metadata.audio_properties.analysis.downmix": "mix", "metadata.audio_properties.codec": "mp3", "metadata.audio_properties.md5_encoded": "21fa2b3ca9a4bb30cde8a3a47989bc75", "metadata.tags.file_name": "1182282508683989102.mp3", "metadata.version.essentia": "2.1-beta6-dev", "metadata.version.essentia_git_sha": "v2.1_beta5-1110-g77a6a954", "metadata.version.extractor": "music 2.0", "tonal.chords_key": "C", "tonal.chords_scale": "major", "tonal.key_edma.key": "F", "tonal.key_edma.scale": "major", "tonal.key_krumhansl.key": "C", "tonal.key_krumhansl.scale": "major", "tonal.key_temperley.key": "C", "tonal.key_temperley.scale": "major", "metadata.tags.encoding": ["Lavf58.45.100"]}, "essentia_models": [{"model_name": "genre_dortmund", "activations": {"alternative": "0.017080672", "blues": "0.012011646", "electronic": "0.026398329", "folkcountry": "0.014150228"