{"song_id": "1182281651124981850", "download": "https://cdn.discordapp.com/attachments/1135911532732108921/1182281651124981850/chirp.mp4?ex=65842097&amp", "lyrics": "[verse]\nIn the depths of despair, where darkness prevails\nDickfoot emerges, without a voice to wail\nHaunted melodies resonate, a silent cry\nNo singer remains, as time passes us by\n\n[chorus]\nDickfoot's lament echoes through the gloom\nGuitar riffs weep, in the depths of their tomb\nDrums pound like thunder, setting the pace\nAn instrumental dirge for the fallen grace", "style": ["doom metal"], "essentia_features": {"lowlevel.average_loudness": 0.9633070826530457, "lowlevel.barkbands_crest.mean": 19.486745834350586, "lowlevel.barkbands_crest.stdev": 5.004210948944092, "lowlevel.barkbands_flatness_db.mean": 0.2896747291088104, "lowlevel.barkbands_flatness_db.stdev": 0.10355637222528458, "lowlevel.barkbands_kurtosis.mean": 104.17921447753906, "lowlevel.barkbands_kurtosis.stdev": 157.08392333984375, "lowlevel.barkbands_skewness.mean": 6.788928031921387, "lowlevel.barkbands_skewness.stdev": 5.290843486785889, "lowlevel.barkbands_spread.mean": 16.337188720703125, "lowlevel.barkbands_spread.stdev": 23.532978057861328, "lowlevel.dissonance.mean": 0.46135690808296204, "lowlevel.dissonance.stdev": 0.03644278645515442, "lowlevel.dynamic_complexity": 2.7702834606170654, "lowlevel.erbbands_crest.mean": 9.787627220153809, "lowlevel.erbbands_crest.stdev": 4.586611747741699, "lowlevel.erbbands_flatness_db.mean": 0.14426101744174957, "lowlevel.erbbands_flatness_db.stdev": 0.053193364292383194, "lowlevel.erbbands_kurtosis.mean": 2.983412981033325, "lowlevel.erbbands_kurtosis.stdev": 7.7763166427612305, "lowlevel.erbbands_skewness.mean": 0.04052102193236351, "lowlevel.erbbands_skewness.stdev": 1.7366840839385986, "lowlevel.erbbands_spread.mean": 64.17556762695312, "lowlevel.erbbands_spread.stdev": 39.60791015625, "lowlevel.hfc.mean": 27.697656631469727, "lowlevel.hfc.stdev": 41.31195831298828, "lowlevel.loudness_ebu128.integrated": -12.786275863647461, "lowlevel.loudness_ebu128.loudness_range": 1.2868432998657227, "lowlevel.loudness_ebu128.momentary.mean": -13.230934143066406, "lowlevel.loudness_ebu128.momentary.stdev": 2.0414552688598633, "lowlevel.loudness_ebu128.short_term.mean": -12.797887802124023, "lowlevel.loudness_ebu128.short_term.stdev": 0.4291936755180359, "lowlevel.melbands_crest.mean": 30.16416358947754, "lowlevel.melbands_crest.stdev": 7.414793491363525, "lowlevel.melbands_flatness_db.mean": 0.37401720881462097, "lowlevel.melbands_flatness_db.stdev": 0.13146057724952698, "lowlevel.melbands_kurtosis.mean": 295.1370544433594, "lowlevel.melbands_kurtosis.stdev": 417.0574645996094, "lowlevel.melbands_skewness.mean": 11.047386169433594, "lowlevel.melbands_skewness.stdev": 7.752049922943115, "lowlevel.melbands_spread.mean": 12.260682106018066, "lowlevel.melbands_spread.stdev": 24.976985931396484, "lowlevel.pitch_salience.mean": 0.22945354878902435, "lowlevel.pitch_salience.stdev": 0.1852397918701172, "lowlevel.silence_rate_20dB.mean": 0.9508196711540222, "lowlevel.silence_rate_20dB.stdev": 0.21624396741390228, "lowlevel.silence_rate_30dB.mean": 0.7894073128700256, "lowlevel.silence_rate_30dB.stdev": 0.40772706270217896, "lowlevel.silence_rate_60dB.mean": 0.025220680981874466, "lowlevel.silence_rate_60dB.stdev": 0.15679237246513367, "lowlevel.spectral_centroid.mean": 1611.5445556640625, "lowlevel.spectral_centroid.stdev": 1354.18017578125, "lowlevel.spectral_complexity.mean": 8.468474388122559, "lowlevel.spectral_complexity.stdev": 8.07621955871582, "lowlevel.spectral_decrease.mean": -2.317961644848765e-08, "lowlevel.spectral_decrease.stdev": 2.2614390360331527e-08, "lowlevel.spectral_energy.mean": 0.08999745547771454, "lowlevel.spectral_energy.stdev": 0.08560381084680557, "lowlevel.spectral_energyband_high.mean": 0.0023914696648716927, "lowlevel.spectral_energyband_high.stdev": 0.005072957370430231, "lowlevel.spectral_energyband_low.mean": 0.08198494464159012, "lowlevel.spectral_energyband_low.stdev": 0.08347906172275543, "lowlevel.spectral_energyband_middle_high.mean": 0.0018192777642980218, "lowlevel.spectral_energyband_middle_high.stdev": 0.0042067333124578, "lowlevel.spectral_energyband_middle_low.mean": 0.004275097977370024, "lowlevel.spectral_energyband_middle_low.stdev": 0.012569578364491463, "lowlevel.spectral_entropy.mean": 7.687310218811035, "lowlevel.spectral_entropy.stdev": 0.694019079208374, "lowlevel.spectral_flux.mean": 0.0828043669462204, "lowlevel.spectral_flux.stdev": 0.10012541711330414, "lowlevel.spectral_kurtosis.mean": 3.2937655448913574, "lowlevel.spectral_kurtosis.stdev": 6.268932342529297, "lowlevel.spectral_rms.mean": 0.008571188896894455, "lowlevel.spectral_rms.stdev": 0.003786442568525672, "lowlevel.spectral_rolloff.mean": 1052.2974853515625, "lowlevel.spectral_rolloff.stdev": 2321.201904296875, "lowlevel.spectral_skewness.mean": 1.2933682203292847, "lowlevel.spectral_skewness.stdev": 0.849646806716919, "lowlevel.spectral_spread.mean": 6778704.5, "lowlevel.spectral_spread.stdev": 2432902.25, "lowlevel.spectral_strongpeak.mean": 0.7306473851203918, "lowlevel.spectral_strongpeak.stdev": 0.4853401780128479, "lowlevel.zerocrossingrate.mean": 0.04174773767590523, "lowlevel.zerocrossingrate.stdev": 0.05606568232178688, "metadata.audio_properties.analysis.equal_loudness": 0.0, "metadata.audio_properties.analysis.length": 36.79997634887695, "metadata.audio_properties.analysis.sample_rate": 44100.0, "metadata.audio_properties.analysis.start_time": 0.0, "metadata.audio_properties.bit_rate": 126395.0, "metadata.audio_properties.length": 36.79999923706055, "metadata.audio_properties.lossless": 0.0, "metadata.audio_properties.number_channels": 1.0, "metadata.audio_properties.replay_gain": -12.287673950195312, "metadata.audio_properties.sample_rate": 48000.0, "rhythm.beats_count": 64.0, "rhythm.beats_loudness.mean": 0.14074668288230896, "rhythm.beats_loudness.stdev": 0.13609644770622253, "rhythm.bpm": 105.77989196777344, "rhythm.bpm_histogram_first_peak_bpm": 105.0, "rhythm.bpm_histogram_first_peak_weight": 0.33898305892944336, "rhythm.bpm_histogram_second_peak_bpm": 99.0, "rhythm.bpm_histogram_second_peak_spread": 0.25, "rhythm.bpm_histogram_second_peak_weight": 0.0476190522313118, "rhythm.danceability": 1.6511975526809692, "rhythm.onset_rate": 4.617652893066406, "tonal.chords_changes_rate": 0.05667506158351898, "tonal.chords_number_rate": 0.005037783179432154, "tonal.chords_strength.mean": 0.5091300010681152, "tonal.chords_strength.stdev": 0.04706040024757385, "tonal.hpcp_crest.mean": 15.823763847351074, "tonal.hpcp_crest.stdev": 7.3317551612854, "tonal.hpcp_entropy.mean": 1.7492820024490356, "tonal.hpcp_entropy.stdev": 0.7983587384223938, "tonal.key_edma.strength": 0.6199239492416382, "tonal.key_krumhansl.strength": 0.6079671382904053, "tonal.key_temperley.strength": 0.5816659331321716, "tonal.tuning_diatonic_strength": 0.5080878138542175, "tonal.tuning_equal_tempered_deviation": 0.1778218299150467, "tonal.tuning_frequency": 434.193115234375, "tonal.tuning_nontempered_energy_ratio": 0.7739906907081604, "lowlevel.barkbands.mean": [0.006984353065490723, 0.06957510858774185, 0.00497249374166131, 0.0010889644036069512, 0.0011689647799357772, 0.0005145228351466358, 0.0004509461286943406, 0.00034307772875763476, 0.0006714934716001153, 0.0003259769291616976, 0.0001532102469354868, 0.00013873193529434502, 0.00014210733934305608, 0.00013358579599298537, 0.00015070545487105846, 0.000184355623787269, 0.00015488189819734544, 0.00021697489137295634, 0.00015658086340408772, 0.00016249754116870463, 0.0002751667343545705, 0.0004807639343198389, 0.0005723069771192968, 0.0005006722058169544, 0.00035067720455117524, 0.00012666282418649644, 1.7585551859156112e-06], "lowlevel.barkbands.stdev": [0.0052878959104418755, 0.07671084254980087, 0.013809217140078545, 0.005384244956076145, 0.005192509386688471, 0.001389509649015963, 0.0013753747334703803, 0.0007234617369249463, 0.0015591783449053764, 0.0012576427543535829, 0.0006414641393348575, 0.0005359180504456162, 0.00045012414921075106, 0.0003995869483333081, 0.0004690183559432626, 0.0009078686125576496, 0.000685648643411696, 0.000558495637960732, 0.00044261160655878484, 0.0004978480865247548, 0.0008292493876069784, 0.0012024175375699997, 0.001354867359623313, 0.0012957287253811955, 0.0008138365810737014, 0.0002679938043002039, 6.563214355992386e-06], "lowlevel.erbbands.mean": [3.422886610031128, 9.686594009399414, 8.171798706054688, 3.8173859119415283, 3.8653016090393066, 3.630463123321533, 3.6673905849456787, 4.783837795257568, 6.964811325073242, 5.6506195068359375, 8.730460166931152, 13.670273780822754, 11.229347229003906, 11.389935493469238, 6.651881217956543, 5.253124713897705, 6.239311218261719, 7.182822227478027, 7.479412078857422, 8.066784858703613, 10.248030662536621, 9.351815223693848, 11.45671558380127, 8.995915412902832, 8.26220989227295, 7.424088001251221, 9.398618698120117, 12.505154609680176, 17.653512954711914, 16.675209045410156, 15.762018203735352, 11.796430587768555, 7.783816337585449, 4.609700679779053, 2.043074607849121, 0.8286037445068359, 0.1694161593914032, 0.016444407403469086, 0.000428550411015749, 0.00012275065819267184], "lowlevel.erbbands.stdev": [3.3821732997894287, 14.474331855773926, 18.290781021118164, 16.765483856201172, 17.124528884887695, 16.70850372314453, 16.651161193847656, 10.449167251586914, 20.281665802001953, 13.456853866577148, 17.542192459106445, 34.7405891418457, 26.536081314086914, 39.23978042602539, 29.203981399536133, 20.70368194580078, 20.86665153503418, 21.83342170715332, 20.057613372802734, 32.73976135253906, 48.80607986450195, 39.61823654174805, 31.655559539794922, 22.192840576171875, 26.093263626098633, 21.793296813964844, 29.170820236206055, 36.63554382324219, 44.691402435302734, 38.2620849609375, 38.663997650146484, 31.786466598510742, 19.7880859375, 11.225323677062988, 4.583688735961914, 1.7667101621627808, 0.3795434832572937, 0.04564499109983444, 0.0009937648428604007, 0.0001045971002895385], "lowlevel.gfcc.mean": [-44.48444366455078, 55.65297317504883, -59.8842658996582, 59.62640380859375, -48.76156234741211, 35.401424407958984, -19.196069717407227, 32.311988830566406, -3.6618640422821045, 16.41258430480957, -7.9401936531066895, 6.310017108917236, -7.783604621887207], "lowlevel.melbands.mean": [0.02357386238873005, 0.0065542408265173435, 0.0006793513312004507, 0.0002734354347921908, 0.00013065111124888062, 0.00010485240636626258, 0.00010397950245533139, 6.564032810274512e-05, 7.477950566681102e-05, 9.060419688466936e-05, 5.691841943189502e-05, 4.825718133361079e-05, 2.038812090177089e-05, 1.8422848370391876e-05, 1.2494944712670986e-05, 1.4040283531358e-05, 1.2874013918917626e-05, 1.1267754416621756e-05, 1.1418785106798168e-05, 1.1839624676213134e-05, 1.1696050023601856e-05, 9.435840183869004e-06, 1.0008416211348958e-05, 1.0199804819421843e-05, 6.907511306053493e-06, 5.880036042071879e-06, 5.791331204818562e-06, 4.677763627114473e-06, 5.258969395072199e-06, 6.6917073127115145e-06, 7.578544227726525e-06, 1.0018983630288858e-05, 9.438489541935269e-06, 9.649478670326062e-06, 9.402639989275485e-06, 7.998987712198868e-06, 6.99135262038908e-06, 5.801337920274818e-06, 4.308526513341349e-06, 3.74694673155318e-06], "lowlevel.melbands.stdev": [0.02456452138721943, 0.011257706210017204, 0.002859149593859911, 0.001224577077664435, 0.0005977388354949653, 0.0002381455706199631, 0.0002952872891910374, 0.0001439055340597406, 0.00016776312259025872, 0.00021677934273611754, 0.00014356141036842018, 0.00017552071949467063, 8.555752719985321e-05, 7.106315752025694e-05, 4.918438207823783e-05, 4.352193354861811e-05, 4.151929897489026e-05, 3.0224262445699424e-05, 3.77507385564968e-05, 5.9410253015812486e-05, 5.6017837778199464e-05, 4.430368062458001e-05, 3.3515745599288493e-05, 2.4803435735520907e-05, 1.743810935295187e-05, 1.7808604752644897e-05, 2.0736901205964386e-05, 1.3761906302534044e-05, 1.669104676693678e-05, 2.192699867009651e-05, 2.2265010557021014e-05, 2.5751112843863666e-05, 2.4400600523222238e-05, 2.222230250481516e-05, 2.3098593374015763e-05, 2.1551226382143795e-05, 1.921249713632278e-05, 1.529896144347731e-05, 1.0813648259500042e-05, 9.257852980226744e-06], "lowlevel.melbands128.mean": [0.006829266436398029, 0.0331449955701828, 0.02685902640223503, 0.012777634896337986, 0.005379455164074898, 0.0018466676119714975, 0.0006935794372111559, 0.0005077113164588809, 0.0003682998358272016, 0.0003014701360370964, 0.00017740407201927155, 0.00014602225564885885, 0.00013873676653020084, 7.703581650275737e-05, 0.00010268152254866436, 0.00012303816038183868, 0.00010814452252816409, 0.00011913193884538487, 7.457807078026235e-05, 4.614599674823694e-05, 7.259009726112708e-05, 8.926797454478219e-05, 5.488593160407618e-05, 8.840444934321567e-05, 8.872376201907173e-05, 9.302655962528661e-05, 0.00010229329927824438, 2.4578672309871763e-05, 4.9383670557290316e-05, 6.742468394804746e-05, 4.511819497565739e-05, 1.8756281860987656e-05, 1.539382901682984e-05, 2.3739283278700896e-05, 2.4818333258735947e-05, 1.605225224921014e-05, 9.175040759146214e-06, 1.0749047760327812e-05, 1.6799025615910068e-05, 1.3026371561863925e-05, 1.0856766493816394e-05, 1.9793824321823195e-05, 1.3802324247080833e-05, 8.28122028906364e-06, 1.1033546797989402e-05, 1.0563680007180665e-05, 1.37961005748366e-05, 1.2885872820334043e-05, 9.510661584499758e-06, 9.442021109862253e-06, 1.24055377455079e-05, 1.398822041664971e-05, 1.2668067029153462e-05, 1.0653480785549618e-05, 9.673177373770159e-06, 9.689948456070852e-06, 8.813714885036461e-06, 8.786717444309033e-06, 1.1361095857864711e-05, 1.0517705050006043e-05, 1.0931575161521323e-05, 9.194231097353622e-06, 7.840917533030733e-06, 6.12574876868166e-06, 5.541935479413951e-06, 5.742590019508498e-06, 6.310165645118104e-06, 6.073559688957175e-06, 5.895896265428746e-06, 5.008910648029996e-06, 3.987654508819105e-06, 5.255511041468708e-06, 4.715435807156609e-06, 5.032655280956533e-06, 5.871645953448024e-06, 7.788286893628538e-06, 6.199871222634101e-06, 6.019389729772229e-06, 7.965745680849068e-06, 8.835043445287738e-06, 9.58146574703278e-06, 1.1152398656122386e-05, 9.888172826322261e-06, 1.003687248157803e-05, 7.96720360085601e-06, 8.167205123754684e-06, 1.0804055818880443e-05, 1.1659264600893948e-05, 8.582605914853048e-06, 8.263975360023323e-06, 9.41489270189777e-06, 7.326269496843452e-06, 6.919182396813994e-06, 7.562560767837567e-06, 6.375141310854815e-06, 6.48621653454029e-06, 5.810658421978587e-06, 4.794889264303492e-06, 3.854047918139258e-06, 4.575462753564352e-06, 4.018475010525435e-06, 3.5340781323611736e-06, 3.5594512155512348e-06, 2.6489201445656363e-06, 2.1051102976343827e-06, 1.8268402754983981e-06, 1.8750597519101575e-06, 1.7579968698555604e-06, 1.502469899605785e-06, 1.1517238363012439e-06, 8.787470164861588e-07, 5.958028737040877e-07, 4.627892451480875e-07, 3.4146344773944293e-07, 2.2515455100347026e-07, 1.7620358505610056e-07, 6.751004377747449e-08, 9.75331015951042e-09, 7.487691577878763e-10, 7.680572150503551e-11, 4.3854347236971236e-11, 2.5831671870979456e-11, 2.073027166593633e-11, 1.909581173742403e-11, 1.605237297253037e-11, 1.1268747220072317e-11, 8.998776550306342e-12, 8.612510010719276e-12], "lowlevel.melbands128.stdev": [0.005189443007111549, 0.031202560290694237, 0.035193443298339844, 0.022115783765912056, 0.012097394093871117, 0.005936067551374435, 0.0035796738229691982, 0.0024364374112337828, 0.0016396321589127183, 0.0013768323697149754, 0.0008523553842678666, 0.0007142194081097841, 0.0006664246320724487, 0.0003478851867839694, 0.00023813734878785908, 0.0002708866959437728, 0.00039799336809664965, 0.0004088606219738722, 0.0003118265012744814, 0.00015430267376359552, 0.0001863588549895212, 0.00021762958203908056, 0.00017228728393092752, 0.00035634994856081903, 0.0003595098096411675, 0.0002601402811706066, 0.0003038767317775637, 9.535290882922709e-05, 0.0002583313034847379, 0.00033298219204880297, 0.0001732011151034385, 7.240694685606286e-05, 9.174396836897358e-05, 0.0001668889308348298, 0.00011508999887155369, 8.359870116692036e-05, 5.8382713177707046e-05, 6.167138781165704e-05, 7.737561099929735e-05, 6.26414330326952e-05, 4.949275898979977e-05, 7.092171290423721e-05, 6.863403541501611e-05, 3.909906808985397e-05, 3.5540728276828304e-05, 3.524150451994501e-05, 5.1826704293489456e-05, 5.132243677508086e-05, 4.216624074615538e-05, 5.4338113841367885e-05, 7.083680247887969e-05, 8.624894690001383e-05, 6.266130367293954e-05, 5.7499320973875e-05, 5.405162664828822e-05, 5.285519000608474e-05, 4.0516384615330026e-05, 3.425849354243837e-05, 4.17695555370301e-05, 3.3734464523149654e-05, 2.6875606636167504e-05, 2.4894525267882273e-05, 2.218842382717412e-05, 1.5875632016104646e-05, 1.6650774341542274e-05, 1.8463169908500277e-05, 2.315896017535124e-05, 2.349373789911624e-05, 2.548671909607947e-05, 1.6528720152564347e-05, 1.0900659617618658e-05, 1.956638698175084e-05, 1.59366536536254e-05, 1.7378748452756554e-05, 1.868466097221244e-05, 3.042088974325452e-05, 2.0308747480157763e-05, 2.064120417344384e-05, 2.4107106582960114e-05, 2.7322046662447974e-05, 2.6296709620510228e-05, 2.9997030651429668e-05, 2.7406762455939315e-05, 2.951943315565586e-05, 1.9725121092051268e-05, 2.0216988559695892e-05, 2.763103839242831e-05, 2.8876391297671944e-05, 2.2854637791169807e-05, 2.3740700271446258e-05, 2.52571207965957e-05, 2.2858586817164905e-05, 2.14567353395978e-05, 2.1850888515473343e-05, 1.791838076314889e-05, 1.924279422382824e-05, 1.6063837392721325e-05, 1.3148035577614792e-05, 1.0405155990156345e-05, 1.2511262866610195e-05, 1.0591655154712498e-05, 8.916060323826969e-06, 9.746223440743051e-06, 6.606180249946192e-06, 5.283159680402605e-06, 4.233941126585705e-06, 4.281258043192793e-06, 3.921201823686715e-06, 3.6038843518326757e-06, 2.8403085252648452e-06, 2.1099970126670087e-06, 1.32261425278557e-06, 1.2573775620694505e-06, 1.0793845603984664e-06, 7.096990657373681e-07, 5.711073072234285e-07, 2.4594800152044627e-07, 5.418096193920974e-08, 1.151065553983699e-08, 1.0712152276326492e-09, 5.377422396257714e-10, 2.5840254935793894e-10, 2.0999015026834655e-10, 1.915003433605733e-10, 1.3983331159650447e-10, 5.443904008139988e-11, 1.9523747202265795e-11, 1.8202914869869247e-11], "lowlevel.mfcc.mean": [-703.3399047851562, 85.37262725830078, 50.06616973876953, 37.7042121887207, 15.728480339050293, 15.92333698272705, 9.719364166259766, 20.127574920654297, 14.361988067626953, 19.01262092590332, 19.205610275268555, 6.818181991577148, 4.939704418182373], "lowlevel.spectral_contrast_coeffs.mean": [-0.6968342065811157, -0.762101411819458, -0.7760438323020935, -0.8098347783088684, -0.8043951988220215, -0.7817956805229187], "lowlevel.spectral_contrast_coeffs.stdev": [0.07022477686405182, 0.083957739174366, 0.08018705993890762, 0.06070413812994957, 0.05338290333747864, 0.044136837124824524], "lowlevel.spectral_contrast_valleys.mean": [-7.282425880432129, -7.7313055992126465, -8.62777042388916, -8.730116844177246, -8.198853492736816, -9.932001113891602], "lowlevel.spectral_contrast_valleys.stdev": [1.0238808393478394, 0.8836526870727539, 1.0970176458358765, 1.1084240674972534, 1.0104891061782837, 1.3197026252746582], "rhythm.beats_loudness_band_ratio.mean": [0.7739603519439697, 0.013605761341750622, 0.036206409335136414, 0.04655957594513893, 0.05387129262089729, 0.0839666947722435], "rhythm.beats_loudness_band_ratio.stdev": [0.32879406213760376, 0.015511020086705685, 0.06769920885562897, 0.13064263761043549, 0.09720081835985184, 0.13648845255374908], "tonal.hpcp.mean": [0.05577317997813225, 0.044014718383550644, 0.02714717946946621, 0.014908147975802422, 0.009160549379885197, 0.006651144940406084, 0.007699784357100725, 0.01101390179246664, 0.012855506502091885, 0.018993785604834557, 0.021555891260504723, 0.018475130200386047, 0.020584311336278915, 0.019304446876049042, 0.01289492566138506, 0.021024402230978012, 0.03255216032266617, 0.02589329332113266, 0.017518069595098495, 0.0174716729670763, 0.015970779582858086, 0.019920101389288902, 0.02271438203752041, 0.021534137427806854, 0.029423488304018974, 0.04238102585077286, 0.3604676127433777, 0.7369459271430969, 0.4772319197654724, 0.09195489436388016, 0.028648192062973976, 0.028189433738589287, 0.031570982187986374, 0.041835490614175797, 0.06216350942850113, 0.06542016565799713], "tonal.hpcp.stdev": [0.18238796293735504, 0.16390590369701385, 0.12596118450164795, 0.08404449373483658, 0.06080709025263786, 0.03874610364437103, 0.04561613127589226, 0.06638924777507782, 0.07566043734550476, 0.10374193638563156, 0.10542727261781693, 0.0934954583644867, 0.09048694372177124, 0.07643993943929672, 0.04623023420572281, 0.09158217161893845, 0.14287570118904114, 0.12051056325435638, 0.0920286476612091, 0.08846195042133331, 0.07735326141119003, 0.09404144436120987, 0.10329294204711914, 0.0965845137834549, 0.1286306530237198, 0.15838466584682465, 0.31070345640182495, 0.3961819112300873, 0.338935524225235, 0.18941795825958252, 0.12667155265808105, 0.13038517534732819, 0.14524924755096436, 0.15489380061626434, 0.2044757902622223, 0.20361311733722687], "rhythm.beats_position": [0.5688889026641846, 1.172607660293579, 1.7879364490509033, 2.3800454139709473, 2.972154140472412, 3.5758728981018066, 4.2028117179870605, 4.783310413360596, 5.352199554443359, 5.921088218688965, 6.4899773597717285, 7.058866024017334, 7.616145133972168, 8.185033798217773, 8.753922462463379, 9.3228120803833, 9.891700744628906, 10.460589408874512, 11.029478073120117, 11.586756706237793, 12.144036293029785, 12.701314926147461, 13.281813621520996, 13.850702285766602, 14.419591903686523, 14.9768705368042, 15.545759201049805, 16.114648818969727, 16.683536529541016, 17.252426147460938, 17.80970573425293, 18.37859344482422, 18.94748306274414, 19.5047607421875, 20.08526039123535, 20.642539978027344, 21.199817657470703, 21.768707275390625, 22.337596893310547, 22.906484603881836, 23.475374221801758, 24.032651901245117, 24.60154151916504, 25.15882110595703, 25.72770881652832, 26.296598434448242, 26.86548614501953, 27.434375762939453, 28.003265380859375, 28.560543060302734, 29.117822647094727, 29.68671226501465, 30.255599975585938, 30.82448959350586, 31.39337730407715, 31.96226692199707, 32.53115463256836, 33.10004425048828, 33.6689338684082, 34.22621154785156, 34.78349304199219, 35.352378845214844, 35.921268463134766, 36.49015808105469], "rhythm.bpm_histogram": [0.0, 0.0, 0.0, 0.0, 0.0, 0.0, 0.0, 0.0, 0.0, 0.0, 0.0, 0.0, 0.0, 0.0, 0.0, 0.0, 0.0, 0.0, 0.0, 0.0, 0.0, 0.0, 0.0, 0.0, 0.0, 0.0, 0.0, 0.0, 0.0, 0.0, 0.0, 0.0, 0.0, 0.0, 0.0, 0.0, 0.0, 0.0, 0.0, 0.0, 0.0, 0.0, 0.0, 0.0, 0.0, 0.0, 0.0, 0.0, 0.0, 0.0, 0.0, 0.0, 0.0, 0.0, 0.0, 0.0, 0.0, 0.0, 0.0, 0.0, 0.0, 0.0, 0.0, 0.0, 0.0, 0.0, 0.0, 0.0, 0.0, 0.0, 0.0, 0.0, 0.0, 0.0, 0.0, 0.0, 0.0, 0.0, 0.0, 0.0, 0.0, 0.0, 0.0, 0.0, 0.0, 0.0, 0.0, 0.0, 0.0, 0.0, 0.0, 0.0, 0.0, 0.0, 0.0, 0.0, 0.01587301678955555, 0.0, 0.01587301678955555, 0.0317460335791111, 0.0, 0.0317460335791111, 0.0, 0.0476190485060215, 0.0, 0.6190476417541504, 0.0, 0.0, 0.2380952388048172, 0.0, 0.0, 0.0, 0.0, 0.0, 0.0, 0.0, 0.0, 0.0, 0.0, 0.0, 0.0, 0.0, 0.0, 0.0, 0.0, 0.0, 0.0, 0.0, 0.0, 0.0, 0.0, 0.0, 0.0, 0.0, 0.0, 0.0, 0.0, 0.0, 0.0, 0.0, 0.0, 0.0, 0.0, 0.0, 0.0, 0.0, 0.0, 0.0, 0.0, 0.0, 0.0, 0.0, 0.0, 0.0, 0.0, 0.0, 0.0, 0.0, 0.0, 0.0, 0.0, 0.0, 0.0, 0.0, 0.0, 0.0, 0.0, 0.0, 0.0, 0.0, 0.0, 0.0, 0.0, 0.0, 0.0, 0.0, 0.0, 0.0, 0.0, 0.0, 0.0, 0.0, 0.0, 0.0, 0.0, 0.0, 0.0, 0.0, 0.0, 0.0, 0.0, 0.0, 0.0, 0.0, 0.0, 0.0, 0.0, 0.0, 0.0, 0.0, 0.0, 0.0, 0.0, 0.0, 0.0, 0.0, 0.0, 0.0, 0.0, 0.0, 0.0, 0.0, 0.0, 0.0, 0.0, 0.0, 0.0, 0.0, 0.0, 0.0, 0.0, 0.0, 0.0, 0.0, 0.0, 0.0, 0.0, 0.0, 0.0, 0.0, 0.0, 0.0, 0.0, 0.0, 0.0, 0.0, 0.0, 0.0, 0.0, 0.0, 0.0, 0.0, 0.0, 0.0, 0.0, 0.0, 0.0, 0.0, 0.0, 0.0], "tonal.chords_histogram": [3.274559259414673, 48.74055480957031, 44.962215423583984, 0.0, 0.0, 0.0, 0.0, 0.125944584608078, 0.0, 2.8967254161834717, 0.0, 0.0, 0.0, 0.0, 0.0, 0.0, 0.0, 0.0, 0.0, 0.0, 0.0, 0.0, 0.0, 0.0], "tonal.thpcp": [1.0, 0.647580623626709, 0.12477834522724152, 0.03887421265244484, 0.03825169801712036, 0.042840298265218735, 0.056768737733364105, 0.08435288071632385, 0.0887719988822937, 0.07568150758743286, 0.059725843369960785, 0.03683741018176079, 0.020229635760188103, 0.012430422939360142, 0.009025282226502895, 0.010448235087096691, 0.01494533196091652, 0.017444301396608353, 0.02577364817261696, 0.02925030328333378, 0.025069858878850937, 0.02793191559612751, 0.02619520202279091, 0.017497790977358818, 0.028529098257422447, 0.044171709567308426, 0.03513594716787338, 0.023771174252033234, 0.023708214983344078, 0.02167157642543316, 0.027030615136027336, 0.03082231804728508, 0.029220784083008766, 0.03992624953389168, 0.057509005069732666, 0.48913711309432983], "lowlevel.gfcc.cov": [[6102.9619140625, -1585.9207763671875, -947.9530029296875, -138.51626586914062, -740.7584228515625, 280.451171875, -418.549560546875, 165.32289123535156, -381.2861633300781, 114.00716400146484, -239.797119140625, 223.22122192382812, -239.4317169189453], [-1585.9207763671875, 3067.006103515625, 34.134212493896484, -778.1207275390625, 610.455322265625, -337.0961608886719, 328.89251708984375, -183.25123596191406, 250.05337524414062, -290.7270812988281, 190.45533752441406, -243.29312133789062, 121.0041732788086], [-947.9530029296875, 34.134212493896484, 1940.6463623046875, 649.7679443359375, 268.23773193359375, 398.3635559082031, 331.85272216796875, 145.3307342529297, 125.44235229492188, 95.7018814086914, 22.368484497070312, -38.371482849121094, 13.820924758911133], [-138.51626586914062, -778.1207275390625, 649.7679443359375, 984.1965942382812, 144.05801391601562, 122.94083404541016, 68.26394653320312, 149.1332244873047, 74.82141876220703, 113.95127868652344, 25.142053604125977, 67.23628234863281, 25.111906051635742], [-740.7584228515625, 610.455322265625, 268.23773193359375, 144.05801391601562, 662.7021484375, 30.466445922851562, 199.77403259277344, 76.84873962402344, 112.94635009765625, -13.001797676086426, 81.16939544677734, -18.343944549560547, 53.93916702270508], [280.451171875, -337.0961608886719, 398.3635559082031, 122.94083404541016, 30.466445922851562, 435.7214050292969, 199.9718017578125, 80.42399597167969, -25.71000862121582, 90.8657455444336, 13.534085273742676, -8.513931274414062, -15.841742515563965], [-418.549560546875, 328.89251708984375, 331.85272216796875, 68.26394653320312, 199.77403259277344, 199.9718017578125, 420.49725341796875, 129.9407501220703, 76.98489379882812, 21.06646728515625, 84.01728057861328, -59.35355758666992, 38.34878921508789], [165.32289123535156, -183.25123596191406, 145.3307342529297, 149.1332244873047, 76.84873962402344, 80.42399597167969, 129.9407501220703, 262.8287353515625, 105.0820083618164, 77.32608795166016, 29.8398380279541, 62.73421096801758, 13.349967002868652], [-381.2861633300781, 250.05337524414062, 125.44235229492188, 74.82141876220703, 112.94635009765625, -25.71000862121582, 76.98489379882812, 105.0820083618164, 230.0829315185547, 52.30192565917969, 54.90591812133789, 5.775547027587891, 58.09439468383789], [114.00716400146484, -290.7270812988281, 95.7018814086914, 113.95127868652344, -13.001797676086426, 90.8657455444336, 21.06646728515625, 77.32608795166016, 52.30192565917969, 152.02764892578125, 51.31523132324219, 40.84836959838867, 9.728322982788086], [-239.797119140625, 190.45533752441406, 22.368484497070312, 25.142053604125977, 81.16939544677734, 13.534085273742676, 84.01728057861328, 29.8398380279541, 54.90591812133789, 51.31523132324219, 155.1622772216797, 39.519500732421875, 33.213016510009766], [223.22122192382812, -243.29312133789062, -38.371482849121094, 67.23628234863281, -18.343944549560547, -8.513931274414062, -59.35355758666992, 62.73421096801758, 5.775547027587891, 40.84836959838867, 39.519500732421875, 150.91763305664062, 18.41425895690918], [-239.4317169189453, 121.0041732788086, 13.820924758911133, 25.111906051635742, 53.93916702270508, -15.841742515563965, 38.34878921508789, 13.349967002868652, 58.09439468383789, 9.728322982788086, 33.213016510009766, 18.41425895690918, 96.60808563232422]], "lowlevel.gfcc.icov": [[0.00034453198895789683, -0.0002960135752800852, 0.00028465554350987077, -0.00026618430274538696, 0.0003431263321544975, -0.0005953930667601526, 0.00036200834438204765, -0.0005918867536820471, 0.00058222800726071, -0.00048559566494077444, 0.0006760091637261212, -0.0005243113846518099, 0.00046830842620693147], [-0.0002960135752800852, 0.0021229588892310858, -0.0008033961639739573, 0.001797494594939053, -0.0013711688807234168, 0.0017055005300790071, -0.0010039977496489882, 0.0013603662373498082, -0.0021894872188568115, 0.003020530566573143, -0.0029314705170691013, 0.0019610635936260223, -0.0008427246939390898], [0.00028465554350987077, -0.0008033961639739573, 0.0012875011889263988, -0.0011937370290979743, 0.0004918285412713885, -0.0014545308658853173, 0.00013949339336249977, -0.0004228728648740798, 0.00046667535207234323, -0.0010550529696047306, 0.0015489744255319238, -0.000882830296177417, 0.0007891725399531424], [-0.00026618430274538696, 0.001797494594939053, -0.0011937370290979743, 0.003034235443919897, -0.0013907626271247864, 0.0016375913983210921, -0.0005936237866990268, 0.0006603047950193286, -0.0015998787712305784, 0.001794531475752592, -0.0023124301806092262, 0.0013572567841038108, -0.0010219590039923787], [0.0003431263321544975, -0.0013711688807234168, 0.0004918285412713885, -0.0013907626271247864, 0.00298644183203578, -0.0011632837122306228, 0.0001606323494343087, -0.0012100441381335258, 0.00101550854742527, -0.001076165703125298, 0.0012801025295630097, -0.0012411689385771751, 0.00039843557169660926], [-0.0005953930667601526, 0.0017055005300790071, -0.0014545308658853173, 0.0016375913983210921, -0.0011632837122306228, 0.006384338717907667, -0.0034913544077426195, 0.0017792711732909083, -0.0003834606905002147, -0.0006620582425966859, -0.0013278472470119596, 0.0012362516717985272, -0.0004748293722514063], [0.00036200834438204765, -0.0010039977496489882, 0.00013949339336249977, -0.0005936237866990268, 0.0001606323494343087, -0.0034913544077426195, 0.007213042117655277, -0.004597057122737169, 0.0016374113038182259, 0.0010836158180609345, -0.0023573930375277996, 0.003158950712531805, -0.001486530527472496], [-0.0005918867536820471, 0.0013603662373498082, -0.0004228728648740798, 0.0006603047950193286, -0.0012100441381335258, 0.0017792711732909083, -0.004597057122737169, 0.009843762964010239, -0.005020706448704004, -0.0004911036230623722, 0.0009122621268033981, -0.003382669296115637, 0.0015496903797611594], [0.00058222800726071, -0.0021894872188568115, 0.00046667535207234323, -0.0015998787712305784, 0.00101550854742527, -0.0003834606905002147, 0.0016374113038182259, -0.005020706448704004, 0.01052885688841343, -0.00519194919615984, 0.0018671463476493955, 9.431125363335013e-05, -0.002520064590498805], [-0.00048559566494077444, 0.003020530566573143, -0.0010550529696047306, 0.001794531475752592, -0.001076165703125298, -0.0006620582425966859, 0.0010836158180609345, -0.0004911036230623722, -0.00519194919615984, 0.016351452097296715, -0.008552949875593185, 0.003160397754982114, -0.0013587072025984526], [0.0006760091637261212, -0.0029314705170691013, 0.0015489744255319238, -0.0023124301806092262, 0.0012801025295630097, -0.0013278472470119596, -0.0023573930375277996, 0.0009122621268033981, 0.0018671463476493955, -0.008552949875593185, 0.01556809339672327, -0.007534447126090527, 0.0014263188932090998], [-0.0005243113846518099, 0.0019610635936260223, -0.000882830296177417, 0.0013572567841038108, -0.0012411689385771751, 0.0012362516717985272, 0.003158950712531805, -0.003382669296115637, 9.431125363335013e-05, 0.003160397754982114, -0.007534447126090527, 0.013941747136414051, -0.004315129481256008], [0.00046830842620693147, -0.0008427246939390898, 0.0007891725399531424, -0.0010219590039923787, 0.00039843557169660926, -0.0004748293722514063, -0.001486530527472496, 0.0015496903797611594, -0.002520064590498805, -0.0013587072025984526, 0.0014263188932090998, -0.004315129481256008, 0.014780019409954548]], "lowlevel.mfcc.cov": [[7098.98486328125, -1799.9791259765625, -906.2615356445312, -745.2230834960938, -481.2162780761719, -295.5886535644531, -242.59812927246094, -92.47874450683594, -287.91766357421875, -176.82554626464844, -156.3615264892578, -131.15850830078125, -150.7023468017578], [-1799.9791259765625, 3463.205322265625, -527.5278930664062, -285.3538513183594, 110.44245147705078, -85.25907897949219, 68.49964904785156, 79.88633728027344, 27.923898696899414, -7.258498191833496, 21.96843719482422, -13.516969680786133, -27.147262573242188], [-906.2615356445312, -527.5278930664062, 1727.1048583984375, 368.61541748046875, 110.91253662109375, 322.0784912109375, 237.47923278808594, 104.67668914794922, 141.93724060058594, 195.6933135986328, 132.52560424804688, 59.165374755859375, 0.5075181722640991], [-745.2230834960938, -285.3538513183594, 368.61541748046875, 766.0591430664062, 297.3315124511719, 56.89521408081055, 48.53440856933594, 86.12261199951172, 129.3096160888672, 45.669883728027344, 55.61478042602539, 65.51002502441406, 103.01141357421875], [-481.2162780761719, 110.44245147705078, 110.91253662109375, 297.3315124511719, 418.6023254394531, 95.95034790039062, 26.53951072692871, 61.97212219238281, 87.42562103271484, 26.457054138183594, 13.094864845275879, 41.401485443115234, 88.83267211914062], [-295.5886535644531, -85.25907897949219, 322.0784912109375, 56.89521408081055, 95.95034790039062, 298.2045593261719, 198.85153198242188, 37.08356857299805, 43.4731559753418, 84.59193420410156, 34.111549377441406, 16.808874130249023, -11.22176742553711], [-242.59812927246094, 68.49964904785156, 237.47923278808594, 48.53440856933594, 26.53951072692871, 198.85153198242188, 380.88702392578125, 128.90516662597656, 46.64228439331055, 125.14253997802734, 87.91472625732422, 18.078125, -25.295616149902344], [-92.47874450683594, 79.88633728027344, 104.67668914794922, 86.12261199951172, 61.97212219238281, 37.08356857299805, 128.90516662597656, 202.07614135742188, 95.9697265625, 60.29692077636719, 55.66532516479492, 44.589447021484375, 36.567378997802734], [-287.91766357421875, 27.923898696899414, 141.93724060058594, 129.3096160888672, 87.42562103271484, 43.4731559753418, 46.64228439331055, 95.9697265625, 197.6187744140625, 111.84783935546875, 42.35330581665039, 29.112852096557617, 32.231929779052734], [-176.82554626464844, -7.258498191833496, 195.6933135986328, 45.669883728027344, 26.457054138183594, 84.59193420410156, 125.14253997802734, 60.29692077636719, 111.84783935546875, 211.95591735839844, 106.89275360107422, 13.548002243041992, -4.050586223602295], [-156.3615264892578, 21.96843719482422, 132.52560424804688, 55.61478042602539, 13.094864845275879, 34.111549377441406, 87.91472625732422, 55.66532516479492, 42.35330581665039, 106.89275360107422, 151.4068145751953, 50.37611389160156, 6.897948265075684], [-131.15850830078125, -13.516969680786133, 59.165374755859375, 65.51002502441406, 41.401485443115234, 16.808874130249023, 18.078125, 44.589447021484375, 29.112852096557617, 13.548002243041992, 50.37611389160156, 107.88860321044922, 55.51587677001953], [-150.7023468017578, -27.147262573242188, 0.5075181722640991, 103.01141357421875, 88.83267211914062, -11.22176742553711, -25.295616149902344, 36.567378997802734, 32.231929779052734, -4.050586223602295, 6.897948265075684, 55.51587677001953, 127.92205047607422]], "lowlevel.mfcc.icov": [[0.0002294853184139356, 0.0001584540295880288, 0.00010040264169219881, 0.00019440542382653803, -1.5398605683003552e-05, 0.0001142180772149004, 6.56918273307383e-05, -0.00029231852386146784, 0.0002198889706050977, -9.312855399912223e-05, 8.076631638687104e-05, 4.450575579539873e-05, 0.00018227296823170036], [0.0001584540295880288, 0.00045074030640535057, 0.00014512319467030466, 0.00035119973472319543, -0.0003048817743547261, 0.00028620610828511417, -0.0001466347894165665, -0.00024418829707428813, -1.721349144645501e-05, 8.188698848243803e-05, -0.00010719268175307661, 6.401960854418576e-05, 0.0002615003031678498], [0.00010040264169219881, 0.00014512319467030466, 0.0009291521855629981, -0.0003091823309659958, 0.00024169158132281154, -0.0008552785729989409, 0.00020904869597870857, -0.00030900584533810616, 3.203224332537502e-05, -0.0003181463398505002, -0.00022909283870831132, -6.670035509159788e-05, 0.00030432690982706845], [0.00019440542382653803, 0.00035119973472319543, -0.0003091823309659958, 0.0025261356495320797, -0.0015260388609021902, 0.0009235835168510675, -0.0005147900665178895, 9.049109212355688e-05, -0.0008982479339465499, 0.0007956897607073188, -0.0006360143888741732, 8.699716272531077e-05, -0.0004682872968260199], [-1.5398605683003552e-05, -0.0003048817743547261, 0.00024169158132281154, -0.0015260388609021902, 0.00440432270988822, -0.002095669275149703, 0.0009014810202643275, -0.0005159039865247905, -0.000442926655523479, 8.346109098056331e-05, 0.00014026177814230323, 0.0004324897890910506, -0.0018525324994698167], [0.0001142180772149004, 0.00028620610828511417, -0.0008552785729989409, 0.0009235835168510675, -0.002095669275149703, 0.007593509741127491, -0.003988833166658878, 0.0019281122367829084, -0.0004631028859876096, -0.0007503229426220059, 0.0016558236675336957, -0.0014187420019879937, 0.0008558019762858748], [6.56918273307383e-05, -0.0001466347894165665, 0.00020904869597870857, -0.0005147900665178895, 0.0009014810202643275, -0.003988833166658878, 0.006752165034413338, -0.0042482661083340645, 0.0024014823138713837, -0.002212038030847907, -0.0007934243185445666, 0.0005645428318530321, 0.0011562914587557316], [-0.00029231852386146784, -0.00024418829707428813, -0.00030900584533810616, 9.049109212355688e-05, -0.0005159039865247905, 0.0019281122367829084, -0.0042482661083340645, 0.010172588750720024, -0.004855151288211346, 0.0022477107122540474, -0.001419191830791533, -0.0012660098727792501, -0.0017679498996585608], [0.0002198889706050977, -1.721349144645501e-05, 3.203224332537502e-05, -0.0008982479339465499, -0.000442926655523479, -0.0004631028859876096, 0.0024014823138713837, -0.004855151288211346, 0.011450683698058128, -0.007034612353891134, 0.003233891911804676, -0.001271607936359942, 0.0003778547397814691], [-9.312855399912223e-05, 8.188698848243803e-05, -0.0003181463398505002, 0.0007956897607073188, 8.346109098056331e-05, -0.0007503229426220059, -0.002212038030847907, 0.0022477107122540474, -0.007034612353891134, 0.013231206685304642, -0.00800982303917408, 0.0035249036736786366, -0.0008419238147325814], [8.076631638687104e-05, -0.00010719268175307661, -0.00022909283870831132, -0.0006360143888741732, 0.00014026177814230323, 0.0016558236675336957, -0.0007934243185445666, -0.001419191830791533, 0.003233891911804676, -0.00800982303917408, 0.014619988389313221, -0.006678969133645296, 0.0019238587701693177], [4.450575579539873e-05, 6.401960854418576e-05, -6.670035509159788e-05, 8.699716272531077e-05, 0.0004324897890910506, -0.0014187420019879937, 0.0005645428318530321, -0.0012660098727792501, -0.001271607936359942, 0.0035249036736786366, -0.006678969133645296, 0.015948161482810974, -0.006084082648158073], [0.00018227296823170036, 0.0002615003031678498, 0.00030432690982706845, -0.0004682872968260199, -0.0018525324994698167, 0.0008558019762858748, 0.0011562914587557316, -0.0017679498996585608, 0.0003778547397814691, -0.0008419238147325814, 0.0019238587701693177, -0.006084082648158073, 0.012973706237971783]], "metadata.audio_properties.analysis.downmix": "mix", "metadata.audio_properties.codec": "mp3", "metadata.audio_properties.md5_encoded": "7580d539d35265df701f8d86b747ff53", "metadata.tags.file_name": "1182281651124981850.mp3", "metadata.version.essentia": "2.1-beta6-dev", "metadata.version.essentia_git_sha": "v2.1_beta5-1110-g77a6a954", "metadata.version.extractor": "music 2.0", "tonal.chords_key": "D", "tonal.chords_scale": "major", "tonal.key_edma.key": "B", "tonal.key_edma.scale": "minor", "tonal.key_krumhansl.key": "B", "tonal.key_krumhansl.scale": 