{"song_id": "1182270629026734191", "download": "https://cdn.discordapp.com/attachments/1135903449314238464/1182270629026734191/chirp.mp4?ex=65841653&amp", "lyrics": "\u039d\u03b1 \u03c0\u03ac\u03c1\u03c9 \u03b8\u03ad\u03bb\u03c9 \u03c4\u03b7\u03bd \u03b1\u03c0\u03cc\u03c6\u03b1\u03c3\u03b7\n\u03ba\u03b1\u03b9 \u03b8\u03b1 \u03c0\u03ac\u03c9 \u03c3\u03c4' \u03cc\u03bc\u03bf\u03c1\u03c6\u03bf \u03bd\u03b7\u03c3\u03af\n\u03b8\u03ad\u03bb\u03c9 \u03bd\u03b1 \u03c4\u03b7\u03c2 \u03c0\u03c9 \u03c0\u03c9\u03c2 \u03c4\u03b7\u03bd \u03b1\u03b3\u03b1\u03c0\u03ce\n\u03ba\u03b1\u03b9 \u03bc\u03b9\u03b1 \u03bc\u03ad\u03c1\u03b1 \u03b8\u03b1 \u03c4\u03b7\u03bd \u03c0\u03b1\u03bd\u03c4\u03c1\u03b5\u03c5\u03c4\u03ce\n\u03bc\u03b5\u03c2 \u03c4\u03b7\u03bd \u0399\u03ba\u03b1\u03c1\u03b9\u03ac \u03bc\u03b9\u03b1 \u03b3\u03bb\u03c5\u03ba\u03b9\u03ac \u03b2\u03c1\u03b1\u03b4\u03b9\u03ac\n\u03b8\u03b1 \u03c4\u03bf \u03ba\u03ac\u03c8\u03bf\u03c5\u03bc\u03b5 \u03bc\u03b5 \u03c4\u03b1 \u03b2\u03b9\u03bf\u03bb\u03b9\u03ac\n\u039a\u03b1\u03b9 \u03b8\u03b1 \u03c7\u03bf\u03c1\u03ad\u03c8\u03bf\u03c5\u03bc\u03b5 \u03bc\u03b1\u03b6\u03af \u03ba\u03b9 \u03bf\u03b9 \u03b4\u03c5\u03bf\n\u03c4\u03bf \u03c3\u03ba\u03bf\u03c0\u03cc \u03c4\u03bf\u03bd \u0399\u03ba\u03b1\u03c1\u03b9\u03ce\u03c4\u03b9\u03ba\u03bf\n\u03b8\u03b1 \u03b3\u03bb\u03b5\u03bd\u03c4\u03ae\u03c3\u03bf\u03c5\u03bc\u03b5, \u03b8\u03b1 \u03bc\u03b5\u03b8\u03cd\u03c3\u03bf\u03c5\u03bc\u03b5\n\u03c4\u03bf\u03c5\u03c2 \u03ba\u03b1\u03b7\u03bc\u03bf\u03cd\u03c2 \u03b8\u03b1 \u03bb\u03b7\u03c3\u03bc\u03bf\u03bd\u03ae\u03c3\u03bf\u03c5\u03bc\u03b5\n\u03bc\u03b5\u03c2 \u03c4\u03b7\u03bd \u0399\u03ba\u03b1\u03c1\u03b9\u03ac \u03ba\u03b1\u03b9 \u03c3\u03b1\u03bd \u03c4\u03b1 \u03c0\u03bf\u03c5\u03bb\u03b9\u03ac\n\u03b8\u03b1 '\u03c7\u03bf\u03c5\u03bc\u03b5 \u03ba\u03b9 \u03bf\u03b9 \u03b4\u03c5\u03bf \u03b6\u03b5\u03c3\u03c4\u03ae \u03c6\u03c9\u03bb\u03b9\u03ac", "style": ["90s boom bap"], "essentia_features": {"lowlevel.average_loudness": 0.9561381936073303, "lowlevel.barkbands_crest.mean": 16.069957733154297, "lowlevel.barkbands_crest.stdev": 5.440582275390625, "lowlevel.barkbands_flatness_db.mean": 0.2762872278690338, "lowlevel.barkbands_flatness_db.stdev": 0.09143119305372238, "lowlevel.barkbands_kurtosis.mean": 67.3600845336914, "lowlevel.barkbands_kurtosis.stdev": 108.10041046142578, "lowlevel.barkbands_skewness.mean": 5.603119373321533, "lowlevel.barkbands_skewness.stdev": 4.636582851409912, "lowlevel.barkbands_spread.mean": 14.416596412658691, "lowlevel.barkbands_spread.stdev": 17.481489181518555, "lowlevel.dissonance.mean": 0.4692796766757965, "lowlevel.dissonance.stdev": 0.03779767453670502, "lowlevel.dynamic_complexity": 4.308706283569336, "lowlevel.erbbands_crest.mean": 11.682064056396484, "lowlevel.erbbands_crest.stdev": 5.105967998504639, "lowlevel.erbbands_flatness_db.mean": 0.18287494778633118, "lowlevel.erbbands_flatness_db.stdev": 0.04526460915803909, "lowlevel.erbbands_kurtosis.mean": 1.1983678340911865, "lowlevel.erbbands_kurtosis.stdev": 3.5986478328704834, "lowlevel.erbbands_skewness.mean": 0.236854687333107, "lowlevel.erbbands_skewness.stdev": 1.4020777940750122, "lowlevel.erbbands_spread.mean": 62.30259323120117, "lowlevel.erbbands_spread.stdev": 34.031707763671875, "lowlevel.hfc.mean": 13.47232723236084, "lowlevel.hfc.stdev": 20.23289680480957, "lowlevel.loudness_ebu128.integrated": -19.20084571838379, "lowlevel.loudness_ebu128.loudness_range": 4.420656204223633, "lowlevel.loudness_ebu128.momentary.mean": -19.798337936401367, "lowlevel.loudness_ebu128.momentary.stdev": 2.5502140522003174, "lowlevel.loudness_ebu128.short_term.mean": -19.49174690246582, "lowlevel.loudness_ebu128.short_term.stdev": 1.7191081047058105, "lowlevel.melbands_crest.mean": 20.98993492126465, "lowlevel.melbands_crest.stdev": 4.906984806060791, "lowlevel.melbands_flatness_db.mean": 0.35549792647361755, "lowlevel.melbands_flatness_db.stdev": 0.10672429203987122, "lowlevel.melbands_kurtosis.mean": 157.88648986816406, "lowlevel.melbands_kurtosis.stdev": 186.30255126953125, "lowlevel.melbands_skewness.mean": 8.182291030883789, "lowlevel.melbands_skewness.stdev": 5.16035795211792, "lowlevel.melbands_spread.mean": 11.017292022705078, "lowlevel.melbands_spread.stdev": 17.29076385498047, "lowlevel.pitch_salience.mean": 0.31827205419540405, "lowlevel.pitch_salience.stdev": 0.16804175078868866, "lowlevel.silence_rate_20dB.mean": 1.0, "lowlevel.silence_rate_20dB.stdev": 0.0, "lowlevel.silence_rate_30dB.mean": 0.8841251730918884, "lowlevel.silence_rate_30dB.stdev": 0.3200756013393402, "lowlevel.silence_rate_60dB.mean": 0.17323291301727295, "lowlevel.silence_rate_60dB.stdev": 0.37845292687416077, "lowlevel.spectral_centroid.mean": 1014.3515625, "lowlevel.spectral_centroid.stdev": 839.599609375, "lowlevel.spectral_complexity.mean": 7.50869083404541, "lowlevel.spectral_complexity.stdev": 8.857588768005371, "lowlevel.spectral_decrease.mean": -1.2105306090859358e-08, "lowlevel.spectral_decrease.stdev": 1.3171793433741641e-08, "lowlevel.spectral_energy.mean": 0.04691024124622345, "lowlevel.spectral_energy.stdev": 0.050493646413087845, "lowlevel.spectral_energyband_high.mean": 0.0008650230010971427, "lowlevel.spectral_energyband_high.stdev": 0.002320412080734968, "lowlevel.spectral_energyband_low.mean": 0.03909315913915634, "lowlevel.spectral_energyband_low.stdev": 0.04773325473070145, "lowlevel.spectral_energyband_middle_high.mean": 0.0014277560403570533, "lowlevel.spectral_energyband_middle_high.stdev": 0.0023232470266520977, "lowlevel.spectral_energyband_middle_low.mean": 0.006879232823848724, "lowlevel.spectral_energyband_middle_low.stdev": 0.012284188531339169, "lowlevel.spectral_entropy.mean": 7.264444828033447, "lowlevel.spectral_entropy.stdev": 0.5612328052520752, "lowlevel.spectral_flux.mean": 0.11304306238889694, "lowlevel.spectral_flux.stdev": 0.09624005854129791, "lowlevel.spectral_kurtosis.mean": 3.845524311065674, "lowlevel.spectral_kurtosis.stdev": 3.6772525310516357, "lowlevel.spectral_rms.mean": 0.005721787456423044, "lowlevel.spectral_rms.stdev": 0.0036093208473175764, "lowlevel.spectral_rolloff.mean": 733.7265625, "lowlevel.spectral_rolloff.stdev": 1347.7008056640625, "lowlevel.spectral_skewness.mean": 1.2403864860534668, "lowlevel.spectral_skewness.stdev": 0.6032522320747375, "lowlevel.spectral_spread.mean": 4649945.5, "lowlevel.spectral_spread.stdev": 1570696.5, "lowlevel.spectral_strongpeak.mean": 0.5597595572471619, "lowlevel.spectral_strongpeak.stdev": 0.4285840094089508, "lowlevel.zerocrossingrate.mean": 0.031447745859622955, "lowlevel.zerocrossingrate.stdev": 0.029713746160268784, "metadata.audio_properties.analysis.equal_loudness": 0.0, "metadata.audio_properties.analysis.length": 40.04265213012695, "metadata.audio_properties.analysis.sample_rate": 44100.0, "metadata.audio_properties.analysis.start_time": 0.0, "metadata.audio_properties.bit_rate": 118659.0, "metadata.audio_properties.length": 40.042667388916016, "metadata.audio_properties.lossless": 0.0, "metadata.audio_properties.number_channels": 1.0, "metadata.audio_properties.replay_gain": -6.871786117553711, "metadata.audio_properties.sample_rate": 48000.0, "rhythm.beats_count": 59.0, "rhythm.beats_loudness.mean": 0.08628901094198227, "rhythm.beats_loudness.stdev": 0.030076881870627403, "rhythm.bpm": 90.15501403808594, "rhythm.bpm_histogram_first_peak_bpm": 91.0, "rhythm.bpm_histogram_first_peak_weight": 0.3448275923728943, "rhythm.bpm_histogram_second_peak_bpm": 0.0, "rhythm.bpm_histogram_second_peak_spread": 0.0, "rhythm.bpm_histogram_second_peak_weight": 0.0, "rhythm.danceability": 1.2950621843338013, "rhythm.onset_rate": 4.64368200302124, "tonal.chords_changes_rate": 0.13310185074806213, "tonal.chords_number_rate": 0.015046296641230583, "tonal.chords_strength.mean": 0.45499780774116516, "tonal.chords_strength.stdev": 0.09486356377601624, "tonal.hpcp_crest.mean": 10.999449729919434, "tonal.hpcp_crest.stdev": 4.567744731903076, "tonal.hpcp_entropy.mean": 2.4247331619262695, "tonal.hpcp_entropy.stdev": 0.7753106951713562, "tonal.key_edma.strength": 0.5340301990509033, "tonal.key_krumhansl.strength": 0.5485174655914307, "tonal.key_temperley.strength": 0.540327787399292, "tonal.tuning_diatonic_strength": 0.5476980209350586, "tonal.tuning_equal_tempered_deviation": 0.09888746589422226, "tonal.tuning_frequency": 447.43255615234375, "tonal.tuning_nontempered_energy_ratio": 0.8437479138374329, "lowlevel.barkbands.mean": [6.150666013127193e-05, 0.02413569577038288, 0.01358145009726286, 0.0026807498652487993, 0.0021086810156702995, 0.0005892296903766692, 0.0007498050108551979, 0.00033483211882412434, 0.00035072112223133445, 0.00022788533533457667, 9.692149615148082e-05, 0.00011290606198599562, 0.00011429352161940187, 6.891702651046216e-05, 8.515981608070433e-05, 0.00010664056026143953, 0.0001454697921872139, 0.00012553598207887262, 0.0002420587552478537, 0.00024198004393838346, 0.00026189765776507556, 0.00024645280791446567, 0.00013691745698451996, 5.869215601705946e-05, 2.893557211791631e-05, 1.6446445442852564e-05, 4.746567583424621e-07], "lowlevel.barkbands.stdev": [0.00011209893273189664, 0.030217520892620087, 0.024967188015580177, 0.006858397740870714, 0.006008119322359562, 0.0016288051847368479, 0.002336610108613968, 0.001085002557374537, 0.0010717096738517284, 0.0009260448860004544, 0.0003383460862096399, 0.0004244864103384316, 0.0003677130735013634, 0.00019483918731566519, 0.00021983891201671213, 0.00016655087529215962, 0.0002641620521899313, 0.0004002336354460567, 0.0007452381541952491, 0.0008392927120439708, 0.0008042618283070624, 0.0007060450734570622, 0.0003795454103965312, 0.00017618320998735726, 8.345830428879708e-05, 6.305232091108337e-05, 3.0089936444710474e-06], "lowlevel.erbbands.mean": [0.327015221118927, 6.650618553161621, 17.738679885864258, 10.812517166137695, 11.909537315368652, 3.460594892501831, 1.1709952354431152, 6.576844215393066, 13.754617691040039, 4.949216842651367, 9.217352867126465, 7.544219017028809, 6.9819536209106445, 5.563108444213867, 4.6120991706848145, 4.539721488952637, 4.96094274520874, 3.7947793006896973, 4.228446960449219, 4.582194805145264, 7.121988773345947, 8.055811882019043, 6.156154155731201, 10.62860107421875, 12.832829475402832, 11.563268661499023, 10.493293762207031, 10.264235496520996, 9.444674491882324, 6.457904815673828, 3.296537399291992, 1.5686726570129395, 0.8380025625228882, 0.37583595514297485, 0.18244726955890656, 0.07877948880195618, 0.03100452944636345, 0.00375170586630702, 0.00010670202027540654, 5.595003312919289e-05], "lowlevel.erbbands.stdev": [0.426186740398407, 8.278913497924805, 27.45779800415039, 24.631641387939453, 32.685768127441406, 9.005393028259277, 2.6956093311309814, 17.753765106201172, 40.93361282348633, 13.490111351013184, 27.58441925048828, 23.506938934326172, 25.659605026245117, 21.300724029541016, 15.873847007751465, 15.01555061340332, 15.646230697631836, 9.987780570983887, 10.183080673217773, 10.169987678527832, 9.936311721801758, 15.25190258026123, 18.539836883544922, 32.838470458984375, 39.80947494506836, 42.22539520263672, 36.155738830566406, 30.35737419128418, 27.27402114868164, 18.268722534179688, 9.264625549316406, 4.766059398651123, 2.4341883659362793, 1.059863805770874, 0.5975204110145569, 0.31923484802246094, 0.12041794508695602, 0.01710980199277401, 0.0003816310199908912, 5.7792578445514664e-05], "lowlevel.gfcc.mean": [-106.91813659667969, 92.68614959716797, -89.33070373535156, 89.08910369873047, -25.738658905029297, 27.237531661987305, -23.290067672729492, 7.204131603240967, -10.150157928466797, -2.7638580799102783, -16.117048263549805, -8.446114540100098, -6.961385726928711], "lowlevel.melbands.mean": [0.004994013346731663, 0.009090328589081764, 0.002018794184550643, 0.0005454194615595043, 4.141571844229475e-05, 0.0001513402530690655, 0.00019284193695057184, 5.141796646057628e-05, 7.897584873717278e-05, 4.450975393410772e-05, 3.544357605278492e-05, 2.3956888981047086e-05, 1.4372400983120315e-05, 1.3044796105532441e-05, 1.2060861081408802e-05, 1.0168549124500714e-05, 6.59579109196784e-06, 6.646714155067457e-06, 6.41880433249753e-06, 6.028169991623145e-06, 9.124370080826338e-06, 9.245923138223588e-06, 5.135730134497862e-06, 6.126630523795029e-06, 8.760591299505904e-06, 9.352848792332225e-06, 9.152111488219816e-06, 7.1643630690232385e-06, 6.301077519310638e-06, 6.3567686083843e-06, 5.865255388926016e-06, 5.687939392373664e-06, 4.048458777106134e-06, 3.426250259508379e-06, 2.0295497051847633e-06, 1.2194908549645334e-06, 8.477425694763951e-07, 6.307398052740609e-07, 3.989193260167667e-07, 2.8698389087367104e-07], "lowlevel.melbands.stdev": [0.006326776463538408, 0.01194841880351305, 0.004114219453185797, 0.0014991568168625236, 0.00010471258428879082, 0.0004008170508313924, 0.0005622774478979409, 0.00015163616626523435, 0.00022881518816575408, 0.0001429589174222201, 0.00013319938443601131, 9.838229743763804e-05, 4.9633250455372036e-05, 4.999899829272181e-05, 4.153671397943981e-05, 3.414751699892804e-05, 1.833472379075829e-05, 1.707413321128115e-05, 1.71595711435657e-05, 1.1622670172073413e-05, 1.2897809938294813e-05, 1.6957341358647682e-05, 1.4086763258092105e-05, 2.0294424757594243e-05, 2.7525595214683563e-05, 2.945806954812724e-05, 3.013798050233163e-05, 2.9247947168187238e-05, 2.367323759244755e-05, 1.9238337699789554e-05, 1.822337981138844e-05, 1.6828762454679236e-05, 1.1881789760082029e-05, 9.837683137448039e-06, 5.931659870839212e-06, 3.5126263355778065e-06, 2.7630928798316745e-06, 1.90576986369706e-06, 1.164420382337994e-06, 8.313744501720066e-07], "lowlevel.melbands128.mean": [4.949346839566715e-05, 0.0010981021914631128, 0.006877390202134848, 0.012728488072752953, 0.011106252670288086, 0.005589737091213465, 0.00199725735001266, 0.0013483937364071608, 0.0014044004492461681, 0.000438421469880268, 9.353931818623096e-05, 3.7044235796201974e-05, 2.6337382223573513e-05, 3.882526289089583e-05, 0.00011786474351538345, 0.000222681017476134, 0.0002861992979887873, 0.00019862287444993854, 7.05153652234003e-05, 3.0906539905117825e-05, 5.1175862608943135e-05, 7.657355308765545e-05, 8.745361265027896e-05, 8.060627442318946e-05, 4.391837865114212e-05, 3.2997544622048736e-05, 3.496060162433423e-05, 3.3078064006986097e-05, 3.961523907491937e-05, 3.274639311712235e-05, 1.529978726466652e-05, 1.290841191803338e-05, 1.3752805898548104e-05, 1.612344931345433e-05, 1.5272746168193407e-05, 1.119584521802608e-05, 1.0973144526360556e-05, 1.2752459952025674e-05, 1.2733597941405606e-05, 9.787935596250463e-06, 1.1247798283875454e-05, 8.19527940620901e-06, 5.3747344281873666e-06, 6.762928023817949e-06, 6.4386754274892155e-06, 6.227263384062098e-06, 7.442538844770752e-06, 6.329491043288726e-06, 6.164255410112673e-06, 6.1118616940802895e-06, 5.137589596415637e-06, 7.11559914634563e-06, 8.16027750261128e-06, 9.781132575881202e-06, 1.1579779311432503e-05, 9.884639439405873e-06, 7.162701422203099e-06, 4.855435690842569e-06, 4.656838882510783e-06, 4.798591362487059e-06, 5.9012295423599426e-06, 6.946068879187806e-06, 9.07783214643132e-06, 9.323894119006582e-06, 8.30827502795728e-06, 9.702561328595039e-06, 9.721151400299277e-06, 9.035907169163693e-06, 9.241012776328716e-06, 9.042496458278038e-06, 7.4654549280239735e-06, 5.848342425451847e-06, 6.1374194046948105e-06, 6.400774964276934e-06, 6.575615770998411e-06, 6.660000053670956e-06, 6.144892267911928e-06, 5.6583071454952005e-06, 6.137241598480614e-06, 5.416653948486783e-06, 6.111274615250295e-06, 6.051928721717559e-06, 4.481116775423288e-06, 3.6155470297671854e-06, 3.868746262014611e-06, 3.7635802527802298e-06, 3.337095222377684e-06, 2.5929959974746453e-06, 1.987777295653359e-06, 1.6169749414984835e-06, 1.3496170367943705e-06, 1.1239781088079326e-06, 9.561166507410235e-07, 8.742740078560018e-07, 7.561478128081944e-07, 6.873224833725544e-07, 6.029622454661876e-07, 5.676416208189039e-07, 3.7336872082960326e-07, 3.3561039458618325e-07, 3.306980431716511e-07, 2.810791954743763e-07, 2.3371161717022915e-07, 2.1986319609368365e-07, 2.0239167497493327e-07, 1.9078318302945263e-07, 1.8590422712350119e-07, 1.4510860069094633e-07, 1.1852344528051617e-07, 1.2844697039327002e-07, 1.0801272765093017e-07, 1.1744101158228659e-07, 1.1043854186709723e-07, 8.484345670467519e-08, 5.423234128443255e-08, 3.824236927130187e-08, 1.8642600352336558e-08, 3.87496346121452e-09, 2.569025547849435e-10, 1.344855043300397e-11, 1.3245913046966429e-11, 7.34308187172461e-12, 6.1029003031731754e-12, 5.990689281448747e-12, 5.812417821354776e-12, 5.569584723974508e-12, 5.4321369451215684e-12, 5.389761553731276e-12], "lowlevel.melbands128.stdev": [9.154817234957591e-05, 0.001612075138837099, 0.009798846207559109, 0.016330130398273468, 0.015941333025693893, 0.011023296043276787, 0.0054456740617752075, 0.0033784357365220785, 0.004268931224942207, 0.0012356993975117803, 0.00032334087882190943, 0.00011912309128092602, 8.240733586717397e-05, 0.00011807295231847093, 0.0003933488333132118, 0.0007081341464072466, 0.0009565568179823458, 0.0007446000236086547, 0.0003124472568742931, 0.0001320991141255945, 0.00020950230828020722, 0.0003250185400247574, 0.000315750774461776, 0.00031489034881815314, 0.0001993663900066167, 0.0001751329837134108, 0.00017737045709509403, 0.00018865488527808338, 0.000191846105735749, 0.00019174926273990422, 7.471653225366026e-05, 6.262410170165822e-05, 6.118021701695397e-05, 7.439353066729382e-05, 9.133930871030316e-05, 5.287687235977501e-05, 5.387835335568525e-05, 5.582871017395519e-05, 5.99305349169299e-05, 4.7958645154722035e-05, 5.25391660630703e-05, 3.6122582969255745e-05, 1.7081882106140256e-05, 2.6462721507414244e-05, 2.4161603505490348e-05, 2.1587125957012177e-05, 2.5889943572110496e-05, 2.5970230126404203e-05, 2.0914272681693546e-05, 1.7427550119464286e-05, 1.1445888048911002e-05, 1.4030337297299411e-05, 1.3614859199151397e-05, 1.777740726538468e-05, 2.0413797756191343e-05, 2.1526690034079365e-05, 2.1123960323166102e-05, 1.4318648936750833e-05, 1.4697399819851853e-05, 1.7640906662563793e-05, 2.2607262508245185e-05, 2.389341898378916e-05, 3.157523678964935e-05, 3.158463368890807e-05, 2.7923286324949004e-05, 3.401842332095839e-05, 3.1989038689062e-05, 3.17560916300863e-05, 3.7365029129432514e-05, 2.99131224892335e-05, 4.107804852537811e-05, 2.4900677090045065e-05, 2.3762459022691473e-05, 2.977930307679344e-05, 2.3690774469287135e-05, 2.1685113097191788e-05, 1.9366092601558194e-05, 1.829117172746919e-05, 2.2407784854294732e-05, 1.782975778041873e-05, 1.9275232261861674e-05, 1.933723433467094e-05, 1.4667838513560127e-05, 1.1385526704543736e-05, 1.2255563888174947e-05, 1.1359745258232579e-05, 1.0044693226518575e-05, 8.182422789104749e-06, 6.384262178471545e-06, 4.963678293279372e-06, 4.016600541945081e-06, 3.438176463532727e-06, 3.4064380542986328e-06, 2.939865908047068e-06, 2.6118275400222046e-06, 2.2280369194049854e-06, 1.9258961856394308e-06, 1.8635882952366956e-06, 1.158580062110559e-06, 1.0100125109602232e-06, 1.040182951328461e-06, 8.737097232369706e-07, 7.541792115262069e-07, 7.774750656608376e-07, 7.646090125490446e-07, 7.003808377703535e-07, 7.060453981466708e-07, 6.244131895982719e-07, 5.117601631354773e-07, 7.189171924437687e-07, 4.4325327053229557e-07, 5.131279294801061e-07, 4.6353852667380124e-07, 3.842046112367825e-07, 2.456702929976018e-07, 2.146798578905873e-07, 1.2134502469507424e-07, 3.2398986604675883e-08, 3.5660543407090017e-09, 2.1901437607940721e-10, 2.1258902971332816e-10, 3.214973079423977e-11, 9.732993924704836e-12, 9.566416235562425e-12, 9.42914323009969e-12, 9.312850837717157e-12, 9.231699606149224e-12, 9.181446401773652e-12], "lowlevel.mfcc.mean": [-751.9573974609375, 101.99126434326172, 18.43987274169922, 65.71829223632812, 30.689085006713867, 33.38020324707031, 9.339783668518066, 16.13983917236328, 14.308963775634766, 8.772361755371094, 0.36083778738975525, 3.8265223503112793, 6.2450737953186035], "lowlevel.spectral_contrast_coeffs.mean": [-0.6267980337142944, -0.782640814781189, -0.8313939571380615, -0.8106616139411926, -0.8160225749015808, -0.7355712056159973], "lowlevel.spectral_contrast_coeffs.stdev": [0.08461567759513855, 0.11626064777374268, 0.07642971724271774, 0.051783617585897446, 0.040631815791130066, 0.053282447159290314], "lowlevel.spectral_contrast_valleys.mean": [-7.478506565093994, -8.483500480651855, -8.935510635375977, -8.636091232299805, -8.253788948059082, -11.255377769470215], "lowlevel.spectral_contrast_valleys.stdev": [1.031054139137268, 1.3949824571609497, 1.1689691543579102, 0.9784209132194519, 1.1311273574829102, 1.4106425046920776], "rhythm.beats_loudness_band_ratio.mean": [0.8369615077972412, 0.12098497152328491, 0.03387300670146942, 0.0065367091447114944, 0.024965377524495125, 0.08240184187889099], "rhythm.beats_loudness_band_ratio.stdev": [0.13588513433933258, 0.12025051563978195, 0.05866274982690811, 0.013685371726751328, 0.022028004750609398, 0.09437543898820877], "tonal.hpcp.mean": [0.12920428812503815, 0.13430166244506836, 0.0941770076751709, 0.06320717185735703, 0.045929256826639175, 0.03758469223976135, 0.04445489123463631, 0.05290651693940163, 0.06025063246488571, 0.0657697468996048, 0.06612960249185562, 0.08022740483283997, 0.08917831629514694, 0.08025606721639633, 0.07442253082990646, 0.0720263198018074, 0.0729786679148674, 0.05901581421494484, 0.04265103116631508, 0.04033995419740677, 0.06564541161060333, 0.10868280380964279, 0.11369732767343521, 0.10029526799917221, 0.09121387451887131, 0.12225097417831421, 0.2096993625164032, 0.21828807890415192, 0.14255164563655853, 0.08983515948057175, 0.06555952876806259, 0.05524550378322601, 0.054255083203315735, 0.057628244161605835, 0.06970211863517761, 0.0938388779759407], "tonal.hpcp.stdev": [0.2790568470954895, 0.2861686646938324, 0.22783434391021729, 0.17325441539287567, 0.1615353673696518, 0.13661779463291168, 0.1585453599691391, 0.17276246845722198, 0.18403199315071106, 0.18521910905838013, 0.1839529126882553, 0.20495353639125824, 0.21966776251792908, 0.21232442557811737, 0.2060462236404419, 0.20628567039966583, 0.21532726287841797, 0.1906990110874176, 0.15505509078502655, 0.15340083837509155, 0.20048736035823822, 0.2795300781726837, 0.260748028755188, 0.2504250109195709, 0.22991187870502472, 0.2561241388320923, 0.33330366015434265, 0.34714049100875854, 0.28035345673561096, 0.2225067913532257, 0.18713395297527313, 0.17046484351158142, 0.17256706953048706, 0.17128197848796844, 0.1918668895959854, 0.2323112040758133], "rhythm.beats_position": [0.6733786463737488, 1.3467572927474976, 2.0201361179351807, 2.6819047927856445, 3.3436734676361084, 4.017052173614502, 4.678820610046387, 5.34058952331543, 6.0023579597473145, 6.664126873016357, 7.337505340576172, 7.999274253845215, 8.661043167114258, 9.334421157836914, 9.996190071105957, 10.657958984375, 11.331337928771973, 11.9931058883667, 12.654874801635742, 13.328253746032715, 13.990022659301758, 14.6517915725708, 15.313559532165527, 15.97532844543457, 16.648706436157227, 17.310476303100586, 17.972244262695312, 18.6456241607666, 19.307392120361328, 19.969160079956055, 20.630929946899414, 21.29269790649414, 21.966075897216797, 22.639455795288086, 23.301223754882812, 23.962993621826172, 24.6247615814209, 25.286529541015625, 25.959909439086914, 26.62167739868164, 27.283445358276367, 27.956825256347656, 28.606983184814453, 29.280363082885742, 29.94213104248047, 30.603899002075195, 31.277278900146484, 31.93904685974121, 32.60081481933594, 33.274192810058594, 33.93596267700195, 34.59773254394531, 35.27111053466797, 35.93288040161133, 36.59464645385742, 37.268028259277344, 37.92979431152344, 38.603172302246094, 39.276554107666016], "rhythm.bpm_histogram": [0.0, 0.0, 0.0, 0.0, 0.0, 0.0, 0.0, 0.0, 0.0, 0.0, 0.0, 0.0, 0.0, 0.0, 0.0, 0.0, 0.0, 0.0, 0.0, 0.0, 0.0, 0.0, 0.0, 0.0, 0.0, 0.0, 0.0, 0.0, 0.0, 0.0, 0.0, 0.0, 0.0, 0.0, 0.0, 0.0, 0.0, 0.0, 0.0, 0.0, 0.0, 0.0, 0.0, 0.0, 0.0, 0.0, 0.0, 0.0, 0.0, 0.0, 0.0, 0.0, 0.0, 0.0, 0.0, 0.0, 0.0, 0.0, 0.0, 0.0, 0.0, 0.0, 0.0, 0.0, 0.0, 0.0, 0.0, 0.0, 0.0, 0.0, 0.0, 0.0, 0.0, 0.0, 0.0, 0.0, 0.0, 0.0, 0.0, 0.0, 0.0, 0.0, 0.0, 0.0, 0.0, 0.0, 0.0, 0.0, 0.0, 0.3448275923728943, 0.0, 0.6379310488700867, 0.017241379246115685, 0.0, 0.0, 0.0, 0.0, 0.0, 0.0, 0.0, 0.0, 0.0, 0.0, 0.0, 0.0, 0.0, 0.0, 0.0, 0.0, 0.0, 0.0, 0.0, 0.0, 0.0, 0.0, 0.0, 0.0, 0.0, 0.0, 0.0, 0.0, 0.0, 0.0, 0.0, 0.0, 0.0, 0.0, 0.0, 0.0, 0.0, 0.0, 0.0, 0.0, 0.0, 0.0, 0.0, 0.0, 0.0, 0.0, 0.0, 0.0, 0.0, 0.0, 0.0, 0.0, 0.0, 0.0, 0.0, 0.0, 0.0, 0.0, 0.0, 0.0, 0.0, 0.0, 0.0, 0.0, 0.0, 0.0, 0.0, 0.0, 0.0, 0.0, 0.0, 0.0, 0.0, 0.0, 0.0, 0.0, 0.0, 0.0, 0.0, 0.0, 0.0, 0.0, 0.0, 0.0, 0.0, 0.0, 0.0, 0.0, 0.0, 0.0, 0.0, 0.0, 0.0, 0.0, 0.0, 0.0, 0.0, 0.0, 0.0, 0.0, 0.0, 0.0, 0.0, 0.0, 0.0, 0.0, 0.0, 0.0, 0.0, 0.0, 0.0, 0.0, 0.0, 0.0, 0.0, 0.0, 0.0, 0.0, 0.0, 0.0, 0.0, 0.0, 0.0, 0.0, 0.0, 0.0, 0.0, 0.0, 0.0, 0.0, 0.0, 0.0, 0.0, 0.0, 0.0, 0.0, 0.0, 0.0, 0.0, 0.0, 0.0, 0.0, 0.0, 0.0, 0.0, 0.0, 0.0, 0.0, 0.0, 0.0, 0.0, 0.0, 0.0, 0.0, 0.0, 0.0, 0.0], "tonal.chords_histogram": [15.162036895751953, 3.819444417953491, 7.754629611968994, 0.0, 0.0, 0.0, 0.0, 9.490740776062012, 0.6944444179534912, 4.282407283782959, 0.8101851940155029, 2.5462963581085205, 2.8935184478759766, 0.0, 1.5046296119689941, 0.46296295523643494, 3.125, 0.0, 0.3472222089767456, 9.606481552124023, 0.0, 8.796296119689941, 4.0509257316589355, 24.65277862548828], "tonal.thpcp": [1.0, 0.6530436873435974, 0.4115440547466278, 0.3003349006175995, 0.25308528542518616, 0.24854807555675507, 0.26400086283683777, 0.31931254267692566, 0.42988547682762146, 0.5918980240821838, 0.6152496337890625, 0.4314345121383667, 0.2895585000514984, 0.2104066163301468, 0.17217931151390076, 0.20365239679813385, 0.24237015843391418, 0.2760142982006073, 0.3012979328632355, 0.3029464781284332, 0.3675299286842346, 0.408534973859787, 0.3676612377166748, 0.34093722701072693, 0.3299599289894104, 0.3343227505683899, 0.27035748958587646, 0.19538873434066772, 0.18480145931243896, 0.30072835087776184, 0.4978870451450348, 0.5208590626716614, 0.45946288108825684, 0.41786009073257446, 0.5600442290306091, 0.9606541991233826], "lowlevel.gfcc.cov": [[13927.1748046875, -744.8015747070312, 305.68695068359375, -1064.649169921875, -2184.296142578125, -614.6220092773438, -368.7790222167969, 416.8172607421875, -74.66272735595703, 712.9668579101562, -130.05047607421875, 380.7532958984375, -646.2116088867188], [-744.8015747070312, 2060.04833984375, -550.0571899414062, -830.2662963867188, 153.43527221679688, -195.12899780273438, 203.92935180664062, -67.62271118164062, 341.3369140625, -127.7099609375, 211.91893005371094, -112.44839477539062, 275.7197570800781], [305.68695068359375, -550.0571899414062, 1029.0814208984375, 279.64263916015625, 102.91777038574219, 82.98225402832031, 32.832645416259766, 148.87136840820312, 69.432373046875, 222.61265563964844, 18.642803192138672, 132.21678161621094, -92.769775390625], [-1064.649169921875, -830.2662963867188, 279.64263916015625, 1094.12646484375, 256.4880676269531, 18.482215881347656, -75.02326965332031, -210.59393310546875, -105.97024536132812, -141.7952880859375, -5.5974440574646, -96.85430908203125, -9.114943504333496], [-2184.296142578125, 153.43527221679688, 102.91777038574219, 256.4880676269531, 883.40185546875, 209.4654998779297, 63.957462310791016, -106.17991638183594, 62.119537353515625, -129.87989807128906, -2.0495641231536865, -98.87840270996094, 130.56436157226562], [-614.6220092773438, -195.12899780273438, 82.98225402832031, 18.482215881347656, 209.4654998779297, 330.8844299316406, 167.65220642089844, 81.82086944580078, 1.1935560703277588, -9.800227165222168, -22.00655746459961, -7.268712043762207, 14.034992218017578], [-368.7790222167969, 203.92935180664062, 32.832645416259766, -75.02326965332031, 63.957462310791016, 167.65220642089844, 385.428955078125, 98.65447998046875, 54.99412536621094, -77.0804672241211, 43.636993408203125, -12.557293891906738, 20.816707611083984], [416.8172607421875, -67.62271118164062, 148.87136840820312, -210.59393310546875, -106.17991638183594, 81.82086944580078, 98.65447998046875, 217.39866638183594, 68.76002502441406, 112.89769744873047, -9.036500930786133, 65.17669677734375, -39.236846923828125], [-74.66272735595703, 341.3369140625, 69.432373046875, -105.97024536132812, 62.119537353515625, 1.1935560703277588, 54.99412536621094, 68.76002502441406, 269.0943603515625, 90.64883422851562, 76.43035888671875, -18.923999786376953, 64.92882537841797], [712.9668579101562, -127.7099609375, 222.61265563964844, -141.7952880859375, -129.87989807128906, -9.800227165222168, -77.0804672241211, 112.89769744873047, 90.64883422851562, 250.28175354003906, 27.98126792907715, 75.73967742919922, -58.66222381591797], [-130.05047607421875, 211.91893005371094, 18.642803192138672, -5.5974440574646, -2.0495641231536865, -22.00655746459961, 43.636993408203125, -9.036500930786133, 76.43035888671875, 27.98126792907715, 119.84712982177734, 9.644598960876465, 38.8841667175293], [380.7532958984375, -112.44839477539062, 132.21678161621094, -96.85430908203125, -98.87840270996094, -7.268712043762207, -12.557293891906738, 65.17669677734375, -18.923999786376953, 75.73967742919922, 9.644598960876465, 129.52999877929688, -12.97205924987793], [-646.2116088867188, 275.7197570800781, -92.769775390625, -9.114943504333496, 130.56436157226562, 14.034992218017578, 20.816707611083984, -39.236846923828125, 64.92882537841797, -58.66222381591797, 38.8841667175293, -12.97205924987793, 139.30072021484375]], "lowlevel.gfcc.icov": [[0.0001492109731771052, 3.6016295780427754e-05, -4.403927596285939e-05, 0.00012192343274364248, 0.00026675741537474096, 8.2607519289013e-05, -3.3321707633149344e-06, 0.0001726791524561122, -0.0001739993313094601, -6.476252019638196e-05, 0.00015270996664185077, -0.0001098979264497757, 0.0003913007094524801], [3.6016295780427754e-05, 0.004561135545372963, -0.0004154373309575021, 0.004486442543566227, -0.000839800457470119, 0.003461449174210429, -0.0018459763377904892, 0.0026007560081779957, -0.0024237127508968115, 0.002435249974951148, -0.004414273891597986, 0.0038833508733659983, -0.003648091573268175], [-4.403927596285939e-05, -0.0004154373309575021, 0.002273238031193614, -0.0014970102347433567, -0.0007304534665308893, 8.365537360077724e-05, -0.0005445710266940296, -0.0011264337226748466, -0.00010399211168987677, -0.001983411144465208, 0.0007005994557403028, -0.002491290681064129, 0.0012599010951817036], [0.00012192343274364248, 0.004486442543566227, -0.0014970102347433567, 0.006231438834220171, -0.0005559668061323464, 0.002888319082558155, -0.001194867305457592, 0.004026053473353386, -0.002261093817651272, 0.003614886896684766, -0.0048533552326262, 0.00493982806801796, -0.0029700493905693293], [0.00026675741537474096, -0.000839800457470119, -0.0007304534665308893, -0.0005559668061323464, 0.002853131154552102, -0.002161068841814995, 0.0008001532987691462, 0.0011174477403983474, -0.0005652744439430535, 0.0003333328349981457, 0.0015622514765709639, 3.2632381135044852e-06, 8.365895337192342e-05], [8.2607519289013e-05, 0.003461449174210429, 8.365537360077724e-05, 0.002888319082558155, -0.002161068841814995, 0.008714651688933372, -0.004169562365859747, -0.00033662805799394846, 0.00011520191037561744, -0.0007141786045394838, -0.0017233461840078235, 0.0035944986157119274, -0.004086266737431288], [-3.3321707633149344e-06, -0.0018459763377904892, -0.0005445710266940296, -0.001194867305457592, 0.0008001532987691462, -0.004169562365859747, 0.007132381666451693, -0.004095303360372782, -0.00038645355380140245, 0.004659069236367941, -0.0021930525545030832, -0.0010882260976359248, 0.0033011932391673326], [0.0001726791524561122, 0.0026007560081779957, -0.0011264337226748466, 0.004026053473353386, 0.0011174477403983474, -0.00033662805799394846, -0.004095303360372782, 0.01497925166040659, -0.004738510120660067, -0.0015258991625159979, 0.0020420344080775976, -0.0011545324232429266, -0.00012710219016298652], [-0.0001739993313094601, -0.0024237127508968115, -0.00010399211168987677, -0.002261093817651272, -0.0005652744439430535, 0.00011520191037561744, -0.00038645355380140245, -0.004738510120660067, 0.010695966891944408, -0.005991046316921711, -0.0005983628216199577, 0.0034538216423243284, -0.004005566239356995], [-6.476252019638196e-05, 0.002435249974951148, -0.001983411144465208, 0.003614886896684766, 0.0003333328349981457, -0.0007141786045394838, 0.004659069236367941, -0.0015258991625159979, -0.005991046316921711, 0.015428038313984871, -0.006719551514834166, -0.000575742800720036, 0.0035401571076363325], [0.00015270996664185077, -0.004414273891597986, 0.0007005994557403028, -0.0048533552326262, 0.0015622514765709639, -0.0017233461840078235, -0.0021930525545030832, 0.0020420344080775976, -0.0005983628216199577, -0.006719551514834166, 0.018830090761184692, -0.006247905548661947, 0.0008180603617802262], [-0.0001098979264497757, 0.0038833508733659983, -0.002491290681064129, 0.00493982806801796, 3.2632381135044852e-06, 0.0035944986157119274, -0.0010882260976359248, -0.0011545324232429266, 0.0034538216423243284, -0.000575742800720036, -0.006247905548661947, 0.018794218078255653, -0.008417963981628418], [0.0003913007094524801, -0.003648091573268175, 0.0012599010951817036, -0.0029700493905693293, 8.365895337192342e-05, -0.004086266737431288, 0.0033011932391673326, -0.00012710219016298652, -0.004005566239356995, 0.0035401571076363325, 0.0008180603617802262, -0.008417963981628418, 0.01900913380086422]], "lowlevel.mfcc.cov": [[13689.87109375, -491.32244873046875, 882.9439697265625, -711.6373291015625, -1630.098876953125, -1036.6812744140625, -810.3917846679688, -455.6224670410156, -434.7139587402344, -112.93416595458984, 389.2120666503906, 35.19679260253906, 90.17526245117188], [-491.32244873046875, 2430.6728515625, -536.9203491210938, -718.6326293945312, -189.05767822265625, -212.80943298339844, -100.8085708618164, -10.536746978759766, 213.5482940673828, 30.33357048034668, -21.584569931030273, 155.06509399414062, 286.6865539550781], [882.9439697265625, -536.9203491210938, 845.48388671875, 203.98541259765625, -103.38994598388672, -51.50041198730469, -49.830448150634766, -1.1977276802062988, -26.80902671813965, 37.87689208984375, 141.44491577148438, 73.02015686035156, 80.25798034667969], [-711.6373291015625, -718.6326293945312, 203.98541259765625, 750.1614379882812, 302.0920104980469, 178.96409606933594, 23.542585372924805, -9.827322006225586, -110.75560760498047, -17.36455535888672, -63.564002990722656, -61.37345886230469, -99.86695098876953], [-1630.098876953125, -189.05767822265625, -103.38994598388672, 302.0920104980469, 670.3486328125, 279.5415344238281, 69.38106536865234, -30.5029239654541, 58.45830535888672, 48.73808288574219, -83.12117767333984, -9.330620765686035, -39.632808685302734], [-1036.6812744140625, -212.80943298339844, -51.50041198730469, 178.96409606933594, 279.5415344238281, 304.7125244140625, 167.9132080078125, 88.05667877197266, 54.076873779296875, 40.69178009033203, -27.50224494934082, -1.652711272239685, -51.81615447998047], [-810.3917846679688, -100.8085708618164, -49.830448150634766, 23.542585372924805, 69.38106536865234, 167.9132080078125, 289.3203125, 173.5247039794922, 52.012786865234375, 6.590175151824951, -1.4884824752807617, -9.27443790435791, -45.225093841552734], [-455.6224670410156, -10.536746978759766, -1.1977276802062988, -9.827322006225586, -30.5029239654541, 88.05667877197266, 173.5247039794922, 234.9803924560547, 93.61205291748047, 28.15703773498535, 8.23414421081543, 1.846481204032898, -6.000969886779785], [-434.7139587402344, 213.5482940673828, -26.80902671813965, -110.75560760498047, 58.45830535888672, 54.076873779296875, 52.012786865234375, 93.61205291748047, 180.77517700195312, 81.27196502685547, 17.407747268676758, 41.00021743774414, 48.72685241699219], [-112.93416595458984, 30.33357048034668, 37.87689208984375, -17.36455535888672, 48.73808288574219, 40.69178009033203, 6.590175151824951, 28.15703773498535, 81.27196502685547, 132.55113220214844, 68.2888412475586, 35.41209411621094, 14.013352394104004], [389.2120666503906, -21.584569931030273, 141.44491577148438, -63.564002990722656, -83.12117767333984, -27.50224494934082, -1.4884824752807617, 8.23414421081543, 17.407747268676758, 68.2888412475586, 154.12936401367188, 57.02211380004883, 27.3065242767334], [35.19679260253906, 155.06509399414062, 73.02015686035156, -61.37345886230469, -9.330620765686035, -1.652711272239685, -9.27443790435791, 1.846481204032898, 41.00021743774414, 35.41209411621094, 57.02211380004883, 105.85579681396484, 80.22581481933594], [90.17526245117188, 286.6865539550781, 80.25798034667969, -99.86695098876953, -39.632808685302734, -51.81615447998047, -45.225093841552734, -6.000969886779785, 48.72685241699219, 14.013352394104004, 27.3065242767334, 80.22581481933594, 158.55807495117188]], "lowlevel.mfcc.icov": [[0.0001418941974407062, 6.293266778811812e-05, -6.820878479629755e-05, 0.00011930332402698696, 0.00022855837596580386, 4.384193744044751e-05, 0.00027128038345836103, 4.396531221573241e-05, 0.00014541934069711715, -7.229969469335629e-06, -0.00012864472228102386, 4.694160452345386e-06, 4.1409715777263045e-05], [6.293266778811812e-05, 0.0009476479608565569, 0.0006101334583945572, 0.00037924383650533855, 0.00015554454876109958, 0.0004280304128769785, 9.739008964970708e-05, 0.00012306160351727158, -0.0004459042102098465, -7.023425860097632e-05, 0.00024471443612128496, -0.0006113109993748367, -0.0011975938687101007], [-6.820878479629755e-05, 0.0006101334583945572, 0.0023634929675608873, -0.0008679068996571004, 0.0002915314107667655, 0.000485453027067706, -6.457206472987309e-05, 4.7591120164725e-06, -0.000640169542748481, 0.0002986008767038584, -0.0015381245175376534, -0.0005909525789320469, -0.0018598508322611451], [0.00011930332402698696, 0.00037924383650533855, -0.0008679068996571004, 0.0031249532476067543, -0.0009395777015015483, -0.0009438410052098334, 0.001221106736920774, -0.0012739502126350999, 0.0026055644266307354, -0.0007613821071572602, 0.0011500773252919316, 0.00017791270511224866, 0.000389257213100791], [0.00022855837596580386, 0.00015554454876109958, 0.0002915314107667655, -0.0009395777015015483, 0.004045219160616398, -0.0025979478377848864, 7.934708992252126e-05, 0.0025727134197950363, -0.0017169031780213118, -0.0006633719312958419, 0.000968320295214653, -0.00010716915130615234, -0.00039472428034059703], [4.384193744044751e-05, 0.0004280304128769785, 0.000485453027067706, -0.0009438410052098334, -0.0025979478377848864, 0.009714177809655666, -0.0040457285940647125, -0.0004284158640075475, -0.0007343421457335353, -0.001525268773548305, 0.0009267731220461428, -0.0025781532749533653, 0.001221305225044489], [0.00027128038345836103, 9.739008964970708e-05, -6.457206472987309e-05, 0.001221106736920774, 7.934708992252126e-05, -0.0040457285940647125, 0.009980172850191593, -0.006023412570357323, 0.00148570048622787, 0.0022419393062591553, -0.0017787010874599218, -2.4683147785253823e-05, 0.0014518705429509282], [4.396531221573241e-05, 0.00012306160351727158, 4.7591120164725e-06, -0.0012739502126350999, 0.0025727134197950363, -0.0004284158640075475, -0.006023412570357323, 0.011549518443644047, -0.0059324041940271854, 0.00010598974768072367, 0.00033345111296512187, 0.0011236106511205435, -0.0006423774757422507], [0.00014541934069711715, -0.0004459042102098465, -0.000640169542748481, 0.0026055644266307354, -0.0017169031780213118, -0.0007343421457335353, 0.00148570048622787, -0.0059324041940271854, 0.015094107016921043, -0.007457817438989878, 0.00273036933504045, -0.0008166033076122403, -0.0018177519086748362], [-7.229969469335629e-06, -7.023425860097632e-05, 0.0002986008767038584, -0.0007613821071572602, -0.0006633719312958419, -0.001525268773548305, 0.0022419393062591553, 0.00010598974768072367, -0.007457817438989878, 0.01643388159573078, -0.007905648089945316, -8.755435555940494e-05, 0.0017248592339456081], [-0.00012864472228102386, 0.00024471443612128496, -0.0015381245175376534, 0.0011500773252919316, 0.000968320295214653, 0.0009267731220461428, -0.0017787010874599218, 0.