{"song_id": "1182274587384365056", "download": "https://cdn.discordapp.com/attachments/1135911532732108921/1182274587384365056/chirp.mp4?ex=65841a03&amp", "lyrics": "(Verse 1) \nEnigmatic grin, eyes alight with desire She moves like a panther, untamed by fire A touch that captivates, a smile that holds you fast Uninhibited, she'll forever hold you, forever cast\n\n(Chorus) \nUnder her spell, you'll lose all control Intoxicated by her, she'll steal your soul Enigmatic woman, a dangerous game In her embrace, you'll forever remain", "style": ["Pop</span><span>-dance"], "essentia_features": {"lowlevel.average_loudness": 0.9591400623321533, "lowlevel.barkbands_crest.mean": 16.778684616088867, "lowlevel.barkbands_crest.stdev": 5.800551891326904, "lowlevel.barkbands_flatness_db.mean": 0.1861511617898941, "lowlevel.barkbands_flatness_db.stdev": 0.08451806753873825, "lowlevel.barkbands_kurtosis.mean": 34.8423957824707, "lowlevel.barkbands_kurtosis.stdev": 112.7824935913086, "lowlevel.barkbands_skewness.mean": 3.9363749027252197, "lowlevel.barkbands_skewness.stdev": 3.6452531814575195, "lowlevel.barkbands_spread.mean": 28.439403533935547, "lowlevel.barkbands_spread.stdev": 26.813968658447266, "lowlevel.dissonance.mean": 0.4816848039627075, "lowlevel.dissonance.stdev": 0.01668793521821499, "lowlevel.dynamic_complexity": 1.3891011476516724, "lowlevel.erbbands_crest.mean": 6.683441638946533, "lowlevel.erbbands_crest.stdev": 3.157898187637329, "lowlevel.erbbands_flatness_db.mean": 0.10696003586053848, "lowlevel.erbbands_flatness_db.stdev": 0.02593555673956871, "lowlevel.erbbands_kurtosis.mean": 0.11095943301916122, "lowlevel.erbbands_kurtosis.stdev": 1.3889237642288208, "lowlevel.erbbands_skewness.mean": -0.24333378672599792, "lowlevel.erbbands_skewness.stdev": 0.6898986101150513, "lowlevel.erbbands_spread.mean": 58.26259994506836, "lowlevel.erbbands_spread.stdev": 19.617895126342773, "lowlevel.hfc.mean": 63.509849548339844, "lowlevel.hfc.stdev": 54.587100982666016, "lowlevel.loudness_ebu128.integrated": -15.920293807983398, "lowlevel.loudness_ebu128.loudness_range": 1.370570182800293, "lowlevel.loudness_ebu128.momentary.mean": -16.040102005004883, "lowlevel.loudness_ebu128.momentary.stdev": 1.0620533227920532, "lowlevel.loudness_ebu128.short_term.mean": -15.9025297164917, "lowlevel.loudness_ebu128.short_term.stdev": 0.5437376499176025, "lowlevel.melbands_crest.mean": 25.98789405822754, "lowlevel.melbands_crest.stdev": 7.142184257507324, "lowlevel.melbands_flatness_db.mean": 0.25807705521583557, "lowlevel.melbands_flatness_db.stdev": 0.10501445084810257, "lowlevel.melbands_kurtosis.mean": 84.14645385742188, "lowlevel.melbands_kurtosis.stdev": 134.07156372070312, "lowlevel.melbands_skewness.mean": 6.762508392333984, "lowlevel.melbands_skewness.stdev": 3.964860439300537, "lowlevel.melbands_spread.mean": 18.5424861907959, "lowlevel.melbands_spread.stdev": 23.075258255004883, "lowlevel.pitch_salience.mean": 0.36018431186676025, "lowlevel.pitch_salience.stdev": 0.17579610645771027, "lowlevel.silence_rate_20dB.mean": 0.875436544418335, "lowlevel.silence_rate_20dB.stdev": 0.33022502064704895, "lowlevel.silence_rate_30dB.mean": 0.4534342288970947, "lowlevel.silence_rate_30dB.stdev": 0.4978262484073639, "lowlevel.silence_rate_60dB.mean": 0.001746216556057334, "lowlevel.silence_rate_60dB.stdev": 0.041751377284526825, "lowlevel.spectral_centroid.mean": 1707.2900390625, "lowlevel.spectral_centroid.stdev": 857.3240966796875, "lowlevel.spectral_complexity.mean": 28.58207130432129, "lowlevel.spectral_complexity.stdev": 12.015768051147461, "lowlevel.spectral_decrease.mean": -3.894674804882925e-08, "lowlevel.spectral_decrease.stdev": 3.5828342959121073e-08, "lowlevel.spectral_energy.mean": 0.15275447070598602, "lowlevel.spectral_energy.stdev": 0.13424421846866608, "lowlevel.spectral_energyband_high.mean": 0.005249188747256994, "lowlevel.spectral_energyband_high.stdev": 0.006493367720395327, "lowlevel.spectral_energyband_low.mean": 0.13334664702415466, "lowlevel.spectral_energyband_low.stdev": 0.13772748410701752, "lowlevel.spectral_energyband_middle_high.mean": 0.0065535628236830235, "lowlevel.spectral_energyband_middle_high.stdev": 0.004622674081474543, "lowlevel.spectral_energyband_middle_low.mean": 0.009576549753546715, "lowlevel.spectral_energyband_middle_low.stdev": 0.008346416056156158, "lowlevel.spectral_entropy.mean": 8.0449800491333, "lowlevel.spectral_entropy.stdev": 0.40898290276527405, "lowlevel.spectral_flux.mean": 0.12998248636722565, "lowlevel.spectral_flux.stdev": 0.08229505270719528, "lowlevel.spectral_kurtosis.mean": 2.1426515579223633, "lowlevel.spectral_kurtosis.stdev": 1.8921751976013184, "lowlevel.spectral_rms.mean": 0.011334444396197796, "lowlevel.spectral_rms.stdev": 0.0045342170633375645, "lowlevel.spectral_rolloff.mean": 1537.329833984375, "lowlevel.spectral_rolloff.stdev": 2468.072509765625, "lowlevel.spectral_skewness.mean": 1.2477978467941284, "lowlevel.spectral_skewness.stdev": 0.3914802074432373, "lowlevel.spectral_spread.mean": 6363552.5, "lowlevel.spectral_spread.stdev": 1678692.5, "lowlevel.spectral_strongpeak.mean": 0.7126350402832031, "lowlevel.spectral_strongpeak.stdev": 0.4956619143486023, "lowlevel.zerocrossingrate.mean": 0.06326822936534882, "lowlevel.zerocrossingrate.stdev": 0.059867192059755325, "metadata.audio_properties.analysis.equal_loudness": 0.0, "metadata.audio_properties.analysis.length": 39.849613189697266, "metadata.audio_properties.analysis.sample_rate": 44100.0, "metadata.audio_properties.analysis.start_time": 0.0, "metadata.audio_properties.bit_rate": 115764.0, "metadata.audio_properties.length": 39.85066604614258, "metadata.audio_properties.lossless": 0.0, "metadata.audio_properties.number_channels": 1.0, "metadata.audio_properties.replay_gain": -6.437265396118164, "metadata.audio_properties.sample_rate": 48000.0, "rhythm.beats_count": 82.0, "rhythm.beats_loudness.mean": 0.2550930380821228, "rhythm.beats_loudness.stdev": 0.212890625, "rhythm.bpm": 124.17715454101562, "rhythm.bpm_histogram_first_peak_bpm": 123.0, "rhythm.bpm_histogram_first_peak_weight": 0.37662339210510254, "rhythm.bpm_histogram_second_peak_bpm": 129.0, "rhythm.bpm_histogram_second_peak_spread": 0.5, "rhythm.bpm_histogram_second_peak_weight": 0.02469135820865631, "rhythm.danceability": 1.5871191024780273, "rhythm.onset_rate": 3.310870885848999, "tonal.chords_changes_rate": 0.08488371968269348, "tonal.chords_number_rate": 0.010465116240084171, "tonal.chords_strength.mean": 0.5658711194992065, "tonal.chords_strength.stdev": 0.08987325429916382, "tonal.hpcp_crest.mean": 11.535449981689453, "tonal.hpcp_crest.stdev": 4.89242696762085, "tonal.hpcp_entropy.mean": 2.3817996978759766, "tonal.hpcp_entropy.stdev": 0.7675303816795349, "tonal.key_edma.strength": 0.5717620253562927, "tonal.key_krumhansl.strength": 0.5755199790000916, "tonal.key_temperley.strength": 0.5722209811210632, "tonal.tuning_diatonic_strength": 0.6480138897895813, "tonal.tuning_equal_tempered_deviation": 0.18081742525100708, "tonal.tuning_frequency": 434.193115234375, "tonal.tuning_nontempered_energy_ratio": 0.9021106958389282, "lowlevel.barkbands.mean": [0.011196315288543701, 0.11236203461885452, 0.007954470813274384, 0.0038981353864073753, 0.0020565702579915524, 0.0006934418343007565, 0.0009314583148807287, 0.0010243849828839302, 0.0007144742412492633, 0.0009100715979002416, 0.0006630094139836729, 0.0003811651258729398, 0.0005245140637271106, 0.0007915400201454759, 0.0009184573427774012, 0.0006768114399164915, 0.0006045009358786047, 0.0005328159895725548, 0.00037176141631789505, 0.0005976810934953392, 0.0005298131727613509, 0.0007547075510956347, 0.0014232334215193987, 0.0010178484953939915, 0.000790777092333883, 0.0004342658503446728, 3.0998049282970896e-07], "lowlevel.barkbands.stdev": [0.012920747511088848, 0.1329720914363861, 0.011898438446223736, 0.005866557825356722, 0.003967836033552885, 0.0009747287258505821, 0.0014862080570310354, 0.0013481010682880878, 0.0011724086944013834, 0.0015679451171308756, 0.0010320772416889668, 0.0006035460974089801, 0.0009075814159587026, 0.001050068880431354, 0.0011375583708286285, 0.000901967054232955, 0.0007217039237730205, 0.0006839525885879993, 0.0006161393830552697, 0.0008380962535738945, 0.0008353210287168622, 0.0011304692598059773, 0.0018717740895226598, 0.0014054158236831427, 0.0011228991206735373, 0.0006609894335269928, 1.944368023032439e-06], "lowlevel.erbbands.mean": [5.517853736877441, 15.985581398010254, 10.940584182739258, 12.111122131347656, 8.96951961517334, 6.7069621086120605, 6.037281036376953, 5.879175662994385, 11.161355972290039, 22.96297264099121, 16.49163818359375, 16.483781814575195, 23.417606353759766, 28.674530029296875, 26.322246551513672, 16.285537719726562, 23.2139892578125, 37.10783767700195, 49.9552116394043, 39.58555603027344, 38.274505615234375, 36.11227798461914, 31.970916748046875, 19.178205490112305, 21.712007522583008, 28.47451400756836, 23.330318450927734, 20.08184051513672, 26.59923553466797, 38.110206604003906, 38.29618835449219, 24.147838592529297, 15.666375160217285, 9.706798553466797, 5.121602535247803, 2.736398220062256, 0.6399125456809998, 0.033595673739910126, 0.000854850688483566, 0.00023093298659659922], "lowlevel.erbbands.stdev": [6.559474468231201, 20.9215030670166, 13.452486991882324, 16.919227600097656, 12.754838943481445, 19.419536590576172, 8.780686378479004, 8.15268611907959, 17.74005699157715, 34.61174392700195, 21.03484535217285, 27.013437271118164, 41.096771240234375, 43.8089714050293, 40.3863410949707, 26.303741455078125, 40.15846633911133, 48.790462493896484, 60.371253967285156, 47.15028381347656, 49.831581115722656, 42.663543701171875, 39.53385925292969, 26.713531494140625, 33.9093132019043, 41.724666595458984, 35.46278381347656, 31.923803329467773, 40.670310974121094, 51.38693618774414, 51.69831466674805, 34.76620864868164, 21.444612503051758, 13.94067096710205, 7.31431245803833, 4.160707473754883, 0.9936690330505371, 0.06028170511126518, 0.0012521495809778571, 0.0001444069348508492], "lowlevel.gfcc.mean": [66.8000259399414, 64.19457244873047, -88.51473236083984, 55.814491271972656, -43.22581481933594, 45.074485778808594, -32.07484436035156, 24.264923095703125, -10.130416870117188, 9.943534851074219, -13.942224502563477, 3.84613037109375, -10.158398628234863], "lowlevel.melbands.mean": [0.03859260678291321, 0.009934171102941036, 0.002001660643145442, 0.0005156283150427043, 0.00023586256429553032, 0.00013312885130289942, 0.00017540849512442946, 0.00025641516549512744, 0.0001266870240215212, 0.00010244565783068538, 0.00011810888827312738, 0.00011741260095732287, 9.094897541217506e-05, 5.189193325350061e-05, 3.9189766539493576e-05, 5.540204074350186e-05, 7.057782204356045e-05, 8.071442425716668e-05, 6.35281321592629e-05, 4.6345408918568864e-05, 4.306861592340283e-05, 3.586422462831251e-05, 3.681446469272487e-05, 2.1796358851133846e-05, 1.4585562894353643e-05, 1.4006575838720892e-05, 1.9336581317475066e-05, 1.8518696379032917e-05, 1.4500550605589524e-05, 1.3348721040529199e-05, 1.0858842870220542e-05, 1.4555419511452783e-05, 1.565719321661163e-05, 2.4739942091400735e-05, 2.37330787058454e-05, 1.6870159015525132e-05, 1.4447522517002653e-05, 1.1503742825880181e-05, 8.589654498791788e-06, 8.28280008136062e-06], "lowlevel.melbands.stdev": [0.045462630689144135, 0.01062003057450056, 0.0025868380907922983, 0.0010112103773280978, 0.00037903801421634853, 0.00019194273045286536, 0.0002689735556486994, 0.0003677151398733258, 0.00016871011757757515, 0.00017156732792500407, 0.00021295063197612762, 0.00019029893155675381, 0.00014739912876393646, 7.972838648129255e-05, 7.19185991329141e-05, 8.956389501690865e-05, 9.880922152660787e-05, 0.00010241567360935733, 8.112890645861626e-05, 6.1028178606648e-05, 5.842242171638645e-05, 4.4890672143083066e-05, 4.68476973765064e-05, 2.9892316888435744e-05, 2.163256795029156e-05, 2.5000837922561914e-05, 2.8106200261390768e-05, 2.8473303245846182e-05, 2.2257507225731388e-05, 2.2576981791644357e-05, 1.8027498299488798e-05, 2.3951697585289367e-05, 2.299197149113752e-05, 3.443916648393497e-05, 3.285011916887015e-05, 2.4797966034384444e-05, 2.146271253877785e-05, 1.6122292436193675e-05, 1.2300613889237866e-05, 1.249810156878084e-05], "lowlevel.melbands128.mean": [0.010744084604084492, 0.05214943736791611, 0.04725778102874756, 0.01933889649808407, 0.006211954168975353, 0.003693436039611697, 0.002549939090386033, 0.0017542262794449925, 0.0007645356236025691, 0.00042302568908780813, 0.0003567563253454864, 0.0003152881981804967, 0.0002045964793069288, 0.00013344462786335498, 0.00012173481809441, 0.00014060466492082924, 0.0001555747294332832, 0.00019173903274349868, 0.0001712041557766497, 0.00030115668778307736, 0.00029723040643148124, 0.00013034175208304077, 0.00010510064021218568, 0.00011393020395189524, 0.00010941122309304774, 9.105481876758859e-05, 0.00010476478928467259, 0.0001240653364220634, 0.00011999120761174709, 0.00014416365593206137, 0.00010477979958523065, 8.915690705180168e-05, 9.991019032895565e-05, 9.095814311876893e-05, 5.186000998946838e-05, 4.7466954129049554e-05, 3.7538979086093605e-05, 2.7196165319764987e-05, 5.155338658369146e-05, 5.181654341868125e-05, 5.5942720791790634e-05, 6.018109343131073e-05, 7.068114791763946e-05, 7.640516560059041e-05, 7.275378447957337e-05, 8.547573816031218e-05, 8.557563705835491e-05, 6.618009501835331e-05, 5.3240084525896236e-05, 5.124753079144284e-05, 3.8287656934699044e-05, 4.9886471970239654e-05, 5.243222403805703e-05, 3.538150485837832e-05, 3.299412492197007e-05, 3.6633515264838934e-05, 3.7881502066738904e-05, 3.80812089133542e-05, 3.9052316424204037e-05, 2.8636170100071467e-05, 2.1704983737436123e-05, 1.5632182112312876e-05, 1.4982752873038407e-05, 1.442289703845745e-05, 1.3464674339047633e-05, 1.3905751075071748e-05, 1.3940762073616497e-05, 1.5994219211279415e-05, 2.1602880224236287e-05, 2.3198992494144477e-05, 1.8616286979522556e-05, 1.6178824807866476e-05, 1.539928234706167e-05, 1.3858132660971023e-05, 1.3771151316177566e-05, 1.4558786460838746e-05, 1.3154412954463623e-05, 1.0215784641331993e-05, 1.0274610758642666e-05, 1.1180950423295144e-05, 1.4038630069990177e-05, 1.660011912463233e-05, 1.5033475392556284e-05, 1.4979933439462911e-05, 1.5999035895220004e-05, 2.118087104463484e-05, 2.8222786568221636e-05, 3.141540946671739e-05, 2.1329889932530932e-05, 2.1101785023347475e-05, 1.9819688532152213e-05, 1.5163092029979452e-05, 1.2692714335571509e-05, 1.5247207556967624e-05, 1.5231577890517656e-05, 1.214366147905821e-05, 1.0777602255984675e-05, 1.0476799616299104e-05, 8.382317901123315e-06, 8.186176273738965e-06, 7.144079518184299e-06, 1.0090497198689263e-05, 6.7395712903817184e-06, 6.346198460960295e-06, 4.43444560005446e-06, 5.962169780104887e-06, 5.624628556688549e-06, 5.456231974676484e-06, 5.231038358033402e-06, 4.052304575452581e-06, 3.370405238456442e-06, 2.4201897304010345e-06, 2.003738018174772e-06, 1.2490460221670219e-06, 5.12875601543783e-07, 1.339513318043828e-07, 1.506129976291959e-08, 1.7250229022991448e-10, 2.5207568671303804e-11, 2.2867097104750655e-11, 2.1531066859981074e-11, 2.0807210121542852e-11, 2.0223992619472497e-11, 1.985795382297706e-11, 1.9450304214463365e-11, 1.8994939302019453e-11, 1.871967511557493e-11, 1.859712037144412e-11], "lowlevel.melbands128.stdev": [0.012354163452982903, 0.061693452298641205, 0.06290329992771149, 0.025837324559688568, 0.008837751112878323, 0.005694455932825804, 0.003999162465333939, 0.002705769147723913, 0.0012677749618887901, 0.001310619292780757, 0.0013809155207127333, 0.0005988448392599821, 0.0003445034089963883, 0.0002768280101008713, 0.00018955460109282285, 0.00030308045097626746, 0.0003640191862359643, 0.0003778761310968548, 0.000371948117390275, 0.00056913384469226, 0.00046982752974145114, 0.000234534265473485, 0.0001984093978535384, 0.0002396519557805732, 0.00023720070021227002, 0.00021772396576125175, 0.00024373877386096865, 0.0002733449509833008, 0.0002969146880786866, 0.00033026040182448924, 0.00018503783212509006, 0.00017001603555399925, 0.00022373504179995507, 0.00015944457845762372, 8.822402742225677e-05, 0.00011212709068786353, 7.936757174320519e-05, 5.2296894864412025e-05, 0.00013877703167963773, 0.00011419314978411421, 0.00010585875861579552, 0.00010814244888024405, 0.0001232585491379723, 0.00013167202996555716, 0.00012603138748090714, 0.0001396122679580003, 0.00013526678958442062, 0.0001071143415174447, 8.446585707133636e-05, 8.127956971293315e-05, 6.189514533616602e-05, 8.7894601165317e-05, 9.177908941637725e-05, 5.3438816394191235e-05, 4.715947579825297e-05, 5.621205491479486e-05, 5.8418903790879995e-05, 5.532119394047186e-05, 6.242519884835929e-05, 4.290024298825301e-05, 3.676162305055186e-05, 2.4762444809312e-05, 2.4736315026530065e-05, 2.3148693799157627e-05, 2.8309092158451676e-05, 2.7478483389131725e-05, 2.893888631660957e-05, 3.015153379237745e-05, 3.323723649373278e-05, 3.884057150571607e-05, 3.793330324697308e-05, 2.5638217266532592e-05, 2.6567480745143257e-05, 2.4118146029650234e-05, 2.6892863388638943e-05, 2.745560595940333e-05, 2.5710858608363196e-05, 1.7232001482625492e-05, 1.9259412511019036e-05, 2.2264184735831805e-05, 2.7216970920562744e-05, 2.8930111511726864e-05, 2.4459101041429676e-05, 2.439741547277663e-05, 2.61139684880618e-05, 3.2779975299490616e-05, 4.408789027365856e-05, 5.1732262363657355e-05, 3.2167008612304926e-05, 3.215736796846613e-05, 3.30509792547673e-05, 2.416764800727833e-05, 2.1335763449314982e-05, 2.5824310796451755e-05, 2.320056955795735e-05, 1.8460887076798826e-05, 1.6563970348215662e-05, 1.592698936292436e-05, 1.3731859326071572e-05, 1.2972834156244062e-05, 1.1021317732229363e-05, 1.6766058251960203e-05, 1.112753579946002e-05, 1.0099475730385166e-05, 6.904308975208551e-06, 9.606703315512277e-06, 8.908185009204317e-06, 9.026154657476582e-06, 8.674917808093596e-06, 6.543453764606966e-06, 5.681948550773086e-06, 4.065168923261808e-06, 3.4263505312992493e-06, 2.292549424964818e-06, 1.2795524071407272e-06, 5.082961251900997e-07, 8.445491772590685e-08, 3.2864286847456015e-09, 1.130268656446276e-10, 5.836717220653043e-11, 3.973713025295922e-11, 3.698401307428156e-11, 3.618604027533223e-11, 3.558416755700122e-11, 3.5065922388000104e-11, 3.46482217916666e-11, 3.434971404536746e-11, 3.4165711926270603e-11], "lowlevel.mfcc.mean": [-581.3683471679688, 90.23403930664062, 23.99795150756836, 24.0310115814209, 25.32889175415039, 22.891860961914062, 6.287766456604004, 18.94566535949707, 9.921664237976074, 17.086088180541992, 4.67162561416626, 5.206009864807129, 7.8504133224487305], "lowlevel.spectral_contrast_coeffs.mean": [-0.7332316637039185, -0.7846968173980713, -0.8035486936569214, -0.8019661903381348, -0.8010625243186951, -0.7649725675582886], "lowlevel.spectral_contrast_coeffs.stdev": [0.07414128631353378, 0.05522105097770691, 0.05021795630455017, 0.03987682983279228, 0.030442792922258377, 0.03607013449072838], "lowlevel.spectral_contrast_valleys.mean": [-5.960482120513916, -6.557623863220215, -6.9437479972839355, -6.902307987213135, -6.950531482696533, -9.050137519836426], "lowlevel.spectral_contrast_valleys.stdev": [0.5800284147262573, 0.5910685658454895, 0.6016240119934082, 0.5458348393440247, 0.7145026326179504, 1.0312167406082153], "rhythm.beats_loudness_band_ratio.mean": [0.7916362881660461, 0.033105842769145966, 0.027180304750800133, 0.027426211163401604, 0.04161445423960686, 0.08686041086912155], "rhythm.beats_loudness_band_ratio.stdev": [0.24262313544750214, 0.08744997531175613, 0.03367246687412262, 0.038291312754154205, 0.05264975130558014, 0.11323937773704529], "tonal.hpcp.mean": [0.18975205719470978, 0.1815878003835678, 0.06106073781847954, 0.03475536033511162, 0.023708157241344452, 0.024745455011725426, 0.02833625301718712, 0.02719039097428322, 0.036371298134326935, 0.08847112953662872, 0.09040587395429611, 0.03707817196846008, 0.026975851505994797, 0.024664411321282387, 0.03634124994277954, 0.06747742742300034, 0.06207466125488281, 0.036978162825107574, 0.024280831217765808, 0.018809866160154343, 0.02434532530605793, 0.03264059126377106, 0.03764455392956734, 0.06419869512319565, 0.2532331347465515, 0.2892899215221405, 0.1279100775718689, 0.08108743280172348, 0.05772515386343002, 0.05981164425611496, 0.12775124609470367, 0.1602826565504074, 0.09998559951782227, 0.06433657556772232, 0.06880391389131546, 0.08330024033784866], "tonal.hpcp.stdev": [0.34510180354118347, 0.337014764547348, 0.17723046243190765, 0.14017561078071594, 0.1041475385427475, 0.11092711240053177, 0.10965350270271301, 0.10634350776672363, 0.13139763474464417, 0.20742039382457733, 0.22072064876556396, 0.1149154081940651, 0.11355516314506531, 0.09868035465478897, 0.13516506552696228, 0.2090473771095276, 0.18110737204551697, 0.13397501409053802, 0.10910653322935104, 0.09129039943218231, 0.10732017457485199, 0.10502967238426208, 0.11007024347782135, 0.15051917731761932, 0.379863977432251, 0.4132694602012634, 0.24827994406223297, 0.22858433425426483, 0.18126849830150604, 0.1827317774295807, 0.2737036347389221, 0.33285099267959595, 0.2362426370382309, 0.20190878212451935, 0.21271821856498718, 0.20389671623706818], "rhythm.beats_position": [0.4527890980243683, 0.9055781960487366, 1.369977355003357, 1.8227664232254028, 2.287165403366089, 2.763174533843994, 3.2391836643218994, 3.7151927947998047, 4.2028117179870605, 4.690430641174316, 5.178049564361572, 5.665668964385986, 6.153287887573242, 6.640906810760498, 7.116916179656982, 7.592925071716309, 8.080544471740723, 8.56816291809082, 9.055782318115234, 9.531790733337402, 10.007800102233887, 10.483809471130371, 10.959818840026855, 11.435827255249023, 11.911836624145508, 12.387845993041992, 12.86385440826416, 13.351473808288574, 13.839092254638672, 14.326711654663086, 14.8143310546875, 15.301949501037598, 15.789568901062012, 16.26557731628418, 16.753196716308594, 17.229206085205078, 17.716825485229492, 18.204444885253906, 18.692062377929688, 19.1796817779541, 19.655691146850586, 20.13170051574707, 20.619319915771484, 21.1069393157959, 21.59455680847168, 22.082176208496094, 22.569795608520508, 23.045804977416992, 23.521814346313477, 24.009431838989258, 24.497051239013672, 24.984670639038086, 25.4722900390625, 25.948299407958984, 26.42430877685547, 26.91192626953125, 27.399545669555664, 27.887165069580078, 28.374784469604492, 28.850793838500977, 29.326801300048828, 29.814420700073242, 30.302040100097656, 30.78965950012207, 31.277278900146484, 31.75328826904297, 32.22929763793945, 32.716915130615234, 33.20453643798828, 33.69215393066406, 34.16816329956055, 34.64417266845703, 35.13179016113281, 35.61941146850586, 36.10702896118164, 36.59464645385742, 37.08226776123047, 37.56988525390625, 38.045894622802734, 38.52190399169922, 39.009521484375, 39.49714279174805], "rhythm.bpm_histogram": [0.0, 0.0, 0.0, 0.0, 0.0, 0.0, 0.0, 0.0, 0.0, 0.0, 0.0, 0.0, 0.0, 0.0, 0.0, 0.0, 0.0, 0.0, 0.0, 0.0, 0.0, 0.0, 0.0, 0.0, 0.0, 0.0, 0.0, 0.0, 0.0, 0.0, 0.0, 0.0, 0.0, 0.0, 0.0, 0.0, 0.0, 0.0, 0.0, 0.0, 0.0, 0.0, 0.0, 0.0, 0.0, 0.0, 0.0, 0.0, 0.0, 0.0, 0.0, 0.0, 0.0, 0.0, 0.0, 0.0, 0.0, 0.0, 0.0, 0.0, 0.0, 0.0, 0.0, 0.0, 0.0, 0.0, 0.0, 0.0, 0.0, 0.0, 0.0, 0.0, 0.0, 0.0, 0.0, 0.0, 0.0, 0.0, 0.0, 0.0, 0.0, 0.0, 0.0, 0.0, 0.0, 0.0, 0.0, 0.0, 0.0, 0.0, 0.0, 0.0, 0.0, 0.0, 0.0, 0.0, 0.0, 0.0, 0.0, 0.0, 0.0, 0.0, 0.0, 0.0, 0.0, 0.0, 0.0, 0.0, 0.0, 0.0, 0.0, 0.0, 0.0, 0.0, 0.0, 0.0, 0.0, 0.0, 0.0, 0.0, 0.0, 0.0, 0.0, 0.5925925970077515, 0.0, 0.0, 0.3580246865749359, 0.0, 0.0, 0.02469135820865631, 0.0, 0.0, 0.0, 0.02469135820865631, 0.0, 0.0, 0.0, 0.0, 0.0, 0.0, 0.0, 0.0, 0.0, 0.0, 0.0, 0.0, 0.0, 0.0, 0.0, 0.0, 0.0, 0.0, 0.0, 0.0, 0.0, 0.0, 0.0, 0.0, 0.0, 0.0, 0.0, 0.0, 0.0, 0.0, 0.0, 0.0, 0.0, 0.0, 0.0, 0.0, 0.0, 0.0, 0.0, 0.0, 0.0, 0.0, 0.0, 0.0, 0.0, 0.0, 0.0, 0.0, 0.0, 0.0, 0.0, 0.0, 0.0, 0.0, 0.0, 0.0, 0.0, 0.0, 0.0, 0.0, 0.0, 0.0, 0.0, 0.0, 0.0, 0.0, 0.0, 0.0, 0.0, 0.0, 0.0, 0.0, 0.0, 0.0, 0.0, 0.0, 0.0, 0.0, 0.0, 0.0, 0.0, 0.0, 0.0, 0.0, 0.0, 0.0, 0.0, 0.0, 0.0, 0.0, 0.0, 0.0, 0.0, 0.0, 0.0, 0.0, 0.0, 0.0, 0.0, 0.0, 0.0, 0.0, 0.0, 0.0, 0.0, 0.0, 0.0, 0.0, 0.0, 0.0, 0.0, 0.0, 0.0, 0.0, 0.0, 0.0], "tonal.chords_histogram": [37.55813980102539, 13.255813598632812, 7.6744184494018555, 0.0, 1.860465168952942, 0.0, 1.3953487873077393, 3.3720929622650146, 9.534883499145508, 0.0, 0.0, 0.0, 0.0, 0.0, 0.0, 0.0, 0.4651162922382355, 19.76744270324707, 0.0, 0.0, 0.0, 0.0, 0.0, 5.116279125213623], "tonal.thpcp": [1.0, 0.44215187430381775, 0.2802981734275818, 0.19954083859920502, 0.20675329864025116, 0.44160282611846924, 0.5540554523468018, 0.3456242084503174, 0.22239480912685394, 0.23783722519874573, 0.28794726729393005, 0.6559234857559204, 0.6277017593383789, 0.21107108891010284, 0.12014023959636688, 0.08195292949676514, 0.0855386033654213, 0.09795105457305908, 0.09399010986089706, 0.125726118683815, 0.3058216869831085, 0.31250959634780884, 0.12816959619522095, 0.09324850142002106, 0.08525845408439636, 0.1256222426891327, 0.2332519143819809, 0.21457596123218536, 0.12782388925552368, 0.08393251895904541, 0.06502081453800201, 0.08415545523166656, 0.1128300353884697, 0.1301274299621582, 0.22191818058490753, 0.8753610849380493], "lowlevel.gfcc.cov": [[3264.510986328125, -1301.9212646484375, -139.45712280273438, 12.234145164489746, -482.9692077636719, 93.02098846435547, -229.13589477539062, 169.2247772216797, -251.6198272705078, 113.39224243164062, -300.8687438964844, 84.92521667480469, -273.7757568359375], [-1301.9212646484375, 1610.8790283203125, -51.18766403198242, -157.21022033691406, 288.1688232421875, -64.36788940429688, 184.33819580078125, -138.415771484375, 269.9084167480469, -146.76112365722656, 262.5414123535156, -69.77163696289062, 187.91436767578125], [-139.45712280273438, -51.18766403198242, 290.06341552734375, 68.62257385253906, 32.7144889831543, -6.644014835357666, -26.14396095275879, -15.719964027404785, -37.090152740478516, 30.28377914428711, 6.980318069458008, 26.042598724365234, 5.99376106262207], [12.234145164489746, -157.21022033691406, 68.62257385253906, 225.2395782470703, 43.38945007324219, -18.934886932373047, -39.192543029785156, -12.908544540405273, -8.742009162902832, -0.2996959686279297, 2.9799318313598633, -0.04096073657274246, 21.706722259521484], [-482.9692077636719, 288.1688232421875, 32.7144889831543, 43.38945007324219, 263.34808349609375, 13.199417114257812, 77.90267944335938, -4.596155166625977, 81.58232879638672, -4.012630939483643, 65.43413543701172, -33.38467025756836, 71.25728607177734], [93.02098846435547, -64.36788940429688, -6.644014835357666, -18.934886932373047, 13.199417114257812, 146.61416625976562, 72.24552154541016, 27.239004135131836, 27.814903259277344, -0.9691627025604248, 23.92884635925293, -10.362903594970703, -9.09084701538086], [-229.13589477539062, 184.33819580078125, -26.14396095275879, -39.192543029785156, 77.90267944335938, 72.24552154541016, 195.30186462402344, 37.69786071777344, 64.25128936767578, -26.466724395751953, 57.600032806396484, -3.288747787475586, 34.61387634277344], [169.2247772216797, -138.415771484375, -15.719964027404785, -12.908544540405273, -4.596155166625977, 27.239004135131836, 37.69786071777344, 103.02613830566406, 31.194435119628906, 18.033546447753906, -15.219120979309082, 9.43417739868164, -11.341176986694336], [-251.6198272705078, 269.9084167480469, -37.090152740478516, -8.742009162902832, 81.58232879638672, 27.814903259277344, 64.25128936767578, 31.194435119628906, 209.34835815429688, -2.2305917739868164, 95.36876678466797, -6.1081976890563965, 50.27582931518555], [113.39224243164062, -146.76112365722656, 30.28377914428711, -0.2996959686279297, -4.012630939483643, -0.9691627025604248, -26.466724395751953, 18.033546447753906, -2.2305917739868164, 88.10979461669922, 0.5714913010597229, 6.121687412261963, -13.023099899291992], [-300.8687438964844, 262.5414123535156, 6.980318069458008, 2.9799318313598633, 65.43413543701172, 23.92884635925293, 57.600032806396484, -15.219120979309082, 95.36876678466797, 0.5714913010597229, 136.0068817138672, 11.281005859375, 51.01597595214844], [84.92521667480469, -69.77163696289062, 26.042598724365234, -0.04096073657274246, -33.38467025756836, -10.362903594970703, -3.288747787475586, 9.43417739868164, -6.1081976890563965, 6.121687412261963, 11.281005859375, 75.82827758789062, 1.5932929515838623], [-273.7757568359375, 187.91436767578125, 5.99376106262207, 21.706722259521484, 71.25728607177734, -9.09084701538086, 34.61387634277344, -11.341176986694336, 50.27582931518555, -13.023099899291992, 51.01597595214844, 1.5932929515838623, 92.71768188476562]], "lowlevel.gfcc.icov": [[0.00071950803976506, -0.000255718594416976, 0.0005267280503176153, -0.0006527973455376923, 0.0007713568629696965, -0.001055650762282312, 0.0005979735287837684, -0.0010523658711463213, 0.00036827573785558343, -0.0009255154873244464, 0.0010262446012347937, -0.000936010095756501, 0.000835043319966644], [-0.000255718594416976, 0.0034376445692032576, -0.0008862808463163674, 0.003441557288169861, -0.001772695337422192, 0.003420265158638358, -0.0012868735939264297, 0.003604392521083355, -0.002240594243630767, 0.00469827838242054, -0.004057416692376137, 0.0030200029723346233, -0.0017961800331249833], [0.0005267280503176153, -0.0008862808463163674, 0.0048129018396139145, -0.0021880557760596275, -2.9977756639709696e-05, -0.0017773077124729753, 0.000970992783550173, -0.0009439095738343894, 0.0017499541863799095, -0.0029647452756762505, 0.0011531856143847108, -0.0029678121209144592, 0.0009746746509335935], [-0.0006527973455376923, 0.003441557288169861, -0.0021880557760596275, 0.009004644118249416, -0.0031451524700969458, 0.0037667746655642986, 0.00015085359336808324, 0.003509016241878271, -0.0019926864188164473, 0.005830416921526194, -0.0046720379032194614, 0.0034873385448008776, -0.003299754112958908], [0.0007713568629696965, -0.001772695337422192, -2.9977756639709696e-05, -0.0031451524700969458, 0.007856082171201706, -0.001926344120875001, -0.0010667701717466116, -0.0020834787283092737, 0.00017422762175556272, -0.0037836520932614803, 0.002314990619197488, 0.0009263575775548816, -0.0013900980120524764], [-0.001055650762282312, 0.003420265158638358, -0.0017773077124729753, 0.0037667746655642986, -0.001926344120875001, 0.013536221347749233, -0.005255014635622501, 0.0031905840151011944, -0.0025606981944292784, 0.005077942740172148, -0.006460332777351141, 0.005665659438818693, -9.719855734147131e-05], [0.0005979735287837684, -0.0012868735939264297, 0.000970992783550173, 0.00015085359336808324, -0.0010667701717466116, -0.005255014635622501, 0.010532292537391186, -0.005736314691603184, 0.001694118487648666, 0.0011251429095864296, -0.0008099598926492035, -0.0020314110442996025, -0.000333291245624423], [-0.0010523658711463213, 0.003604392521083355, -0.0009439095738343894, 0.003509016241878271, -0.0020834787283092737, 0.0031905840151011944, -0.005736314691603184, 0.019383836537599564, -0.006682120263576508, 0.0014988642651587725, 0.0008520765695720911, 0.0009228308335877955, -0.001397275715135038], [0.00036827573785558343, -0.002240594243630767, 0.0017499541863799095, -0.0019926864188164473, 0.00017422762175556272, -0.0025606981944292784, 0.001694118487648666, -0.006682120263576508, 0.010548591613769531, -0.002626542467623949, -0.003268362022936344, -0.0008938957471400499, -0.00012800541298929602], [-0.0009255154873244464, 0.00469827838242054, -0.0029647452756762505, 0.005830416921526194, -0.0037836520932614803, 0.005077942740172148, 0.0011251429095864296, 0.0014988642651587725, -0.002626542467623949, 0.020800523459911346, -0.008644896559417248, 0.004692676942795515, -0.0012373924255371094], [0.0010262446012347937, -0.004057416692376137, 0.0011531856143847108, -0.0046720379032194614, 0.002314990619197488, -0.006460332777351141, -0.0008099598926492035, 0.0008520765695720911, -0.003268362022936344, -0.008644896559417248, 0.021217769011855125, -0.007993062026798725, -0.0007124162511900067], [-0.000936010095756501, 0.0030200029723346233, -0.0029678121209144592, 0.0034873385448008776, 0.0009263575775548816, 0.005665659438818693, -0.0020314110442996025, 0.0009228308335877955, -0.0008938957471400499, 0.004692676942795515, -0.007993062026798725, 0.019828926771879196, -0.0035932427272200584], [0.000835043319966644, -0.0017961800331249833, 0.0009746746509335935, -0.003299754112958908, -0.0013900980120524764, -9.719855734147131e-05, -0.000333291245624423, -0.001397275715135038, -0.00012800541298929602, -0.0012373924255371094, -0.0007124162511900067, -0.0035932427272200584, 0.018962712958455086]], "lowlevel.mfcc.cov": [[3103.970703125, -1326.51611328125, 45.73893737792969, -218.1405487060547, -263.5247497558594, -170.16651916503906, -107.2159652709961, -48.288734436035156, -21.545278549194336, -58.89973831176758, -20.1256046295166, -20.761066436767578, -100.44942474365234], [-1326.51611328125, 1490.8006591796875, -141.29249572753906, -6.6215057373046875, 81.90945434570312, 81.78684997558594, 4.303887367248535, 96.64495086669922, -32.588497161865234, 87.7170639038086, 36.623565673828125, 0.04895118996500969, 82.86664581298828], [45.73893737792969, -141.29249572753906, 249.10365295410156, 26.904695510864258, -0.7849082946777344, 5.302575588226318, -10.211690902709961, -25.217403411865234, -36.958797454833984, -41.700653076171875, -13.757759094238281, 8.300442695617676, 5.197325229644775], [-218.1405487060547, -6.6215057373046875, 26.904695510864258, 234.03134155273438, 85.98419189453125, 4.304194450378418, -4.0754170417785645, -35.047420501708984, 12.285496711730957, -45.16244888305664, -18.09442710876465, -12.899314880371094, 19.287933349609375], [-263.5247497558594, 81.90945434570312, -0.7849082946777344, 85.98419189453125, 183.103759765625, 33.144691467285156, -7.496945381164551, -24.175373077392578, 14.970019340515137, 28.568574905395508, 1.3427157402038574, 5.626841068267822, 29.479320526123047], [-170.16651916503906, 81.78684997558594, 5.302575588226318, 4.304194450378418, 33.144691467285156, 109.9011001586914, 47.19816589355469, 23.195528030395508, -2.1577794551849365, 21.218303680419922, 15.57513427734375, 4.313449859619141, 6.879469394683838], [-107.2159652709961, 4.303887367248535, -10.211690902709961, -4.0754170417785645, -7.496945381164551, 47.19816589355469, 144.47596740722656, 24.035736083984375, 23.52869987487793, -4.759713172912598, 20.179210662841797, 3.6632230281829834, -34.034122467041016], [-48.288734436035156, 96.64495086669922, -25.217403411865234, -35.047420501708984, -24.175373077392578, 23.195528030395508, 24.035736083984375, 153.5393829345703, 20.709346771240234, 48.945648193359375, 14.832219123840332, 7.575891017913818, 32.953514099121094], [-21.545278549194336, -32.588497161865234, -36.958797454833984, 12.285496711730957, 14.970019340515137, -2.1577794551849365, 23.52869987487793, 20.709346771240234, 97.52758026123047, 31.360260009765625, 11.765206336975098, -0.35374075174331665, -9.826573371887207], [-58.89973831176758, 87.7170639038086, -41.700653076171875, -45.16244888305664, 28.568574905395508, 21.218303680419922, -4.759713172912598, 48.945648193359375, 31.360260009765625, 126.50382232666016, 31.091957092285156, 16.863632202148438, 25.084177017211914], [-20.1256046295166, 36.623565673828125, -13.757759094238281, -18.09442710876465, 1.3427157402038574, 15.57513427734375, 20.179210662841797, 14.832219123840332, 11.765206336975098, 31.091957092285156, 69.81520080566406, 21.201379776000977, 10.709504127502441], [-20.761066436767578, 0.04895118996500969, 8.300442695617676, -12.899314880371094, 5.626841068267822, 4.313449859619141, 3.6632230281829834, 7.575891017913818, -0.35374075174331665, 16.863632202148438, 21.201379776000977, 63.03672409057617, 27.11847686767578], [-100.44942474365234, 82.86664581298828, 5.197325229644775, 19.287933349609375, 29.479320526123047, 6.879469394683838, -34.034122467041016, 32.953514099121094, -9.826573371887207, 25.084177017211914, 10.709504127502441, 27.11847686767578, 95.24311828613281]], "lowlevel.mfcc.icov": [[0.0006747166044078767, 0.000593105738516897, 0.0001767719368217513, 0.00041450950084254146, 0.0004012785793747753, 0.00031479838071390986, 0.0004798502486664802, -0.00014916661893948913, 0.0002858406805898994, -2.397878051851876e-05, -0.00029943734989501536, 0.0002486571902409196, 0.00017679140728432685], [0.000593105738516897, 0.0013561035739257932, 0.0006428230553865433, 0.0003686652344185859, 4.957970668328926e-05, -9.073084220290184e-05, 0.00038999225944280624, -0.00047282586456276476, 0.0008794678142294288, -0.0002307889226358384, -0.00048602698370814323, 0.0005944319418631494, -0.0003330122272018343], [0.0001767719368217513, 0.0006428230553865433, 0.0048602367751300335, -0.0002778051421046257, 5.178634455660358e-05, -0.0007440841873176396, 0.0003782449057325721, -4.585196620610077e-06, 0.001643782714381814, 0.0009680462535470724, 0.00024157862935680896, -0.0008223169716075063, -0.0002857359068002552], [0.00041450950084254146, 0.0003686652344185859, -0.0002778051421046257, 0.006803042255342007, -0.002841106615960598, 0.0002617518766783178, -1.9896464436897077e-05, 0.0004566918360069394, -0.0016681497218087316, 0.003251383313909173, 0.0001743694010656327, 0.0017058413941413164, -0.002084527164697647], [0.0004012785793747753, 4.957970668328926e-05, 5.178634455660358e-05, -0.002841106615960598, 0.00890579167753458, -0.002170867519453168, 0.0005222808686085045, 0.002479974878951907, -0.000862362387124449, -0.003069608472287655, 0.0008185967453755438, -0.00018502467719372362, -0.0016383945476263762], [0.00031479838071390986, -9.073084220290184e-05, -0.0007440841873176396, 0.0002617518766783178, -0.002170867519453168, 0.012980886735022068, -0.004392202012240887, -0.0011184517061337829, 0.0022678091190755367, -0.001670420402660966, -0.0011560791172087193, 0.0010309137869626284, -0.0005393053288571537], [0.0004798502486664802, 0.00038999225944280624, 0.0003782449057325721, -1.9896464436897077e-05, 0.0005222808686085045, -0.004392202012240887, 0.011156539432704449, -0.0022757225669920444, -0.0019352638628333807, 0.002377699827775359, -0.002690554829314351, -0.0019592540338635445, 0.005114319268614054], [-0.00014916661893948913, -0.00047282586456276476, -4.585196620610077e-06, 0.0004566918360069394, 0.002479974878951907, -0.0011184517061337829, -0.0022757225669920444, 0.009778408333659172, -0.0018470570212230086, -0.002863840665668249, 0.001018159557133913, 0.0012635505991056561, -0.004632024560123682], [0.0002858406805898994, 0.0008794678142294288, 0.001643782714381814, -0.0016681497218087316, -0.000862362387124449, 0.0022678091190755367, -0.0019352638628333807, -0.0018470570212230086, 0.014075820334255695, -0.0037788727786391973, -0.0011527903843671083, 0.0002641830360516906, 0.0023369351401925087], [-2.397878051851876e-05, -0.0002307889226358384, 0.0009680462535470724, 0.003251383313909173, -0.003069608472287655, -0.001670420402660966, 0.002377699827775359, -0.002863840665668249, -0.0037788727786391973, 0.013846229761838913, -0.0035828789696097374, -0.0009738717344589531, -0.0009808941977098584], [-0.00029943734989501536, -0.00048602698370814323, 0.00024157862935680896, 0.0001743694010656327, 0.0008185967453755438, -0.0011560791172087193, -0.002690554829314351, 0.001018159557133913, -0.0011527903843671083, -0.0035828789696097374, 0.01886272244155407, -0.0048726219683885574, -0.0013339491561055183], [0.0002486571902409196, 0.0005944319418631494, -0.0008223169716075063, 0.0017058413941413164, -0.00018502467719372362, 0.0010309137869626284, -0.0019592540338635445, 0.0012635505991056561, 0.0002641830360516906, -0.0009738717344589531, -0.0048726219683885574, 0.021184097975492477, -0.006910099647939205], [0.00017679140728432685, -0.0003330122272018343, -0.0002857359068002552, -0.002084527164697647, -0.0016383945476263762, -0.0005393053288571537, 0.005114319268614054, -0.004632024560123682, 0.0023369351401925087, -0.0009808941977098584, -0.0013339491561055183, -0.006910099647939205, 0.018006587401032448]], "metadata.audio_properties.analysis.downmix": "mix", "metadata.audio_properties.codec": "mp3", "metadata.audio_properties.md5_