{"song_id": "1182271830912925796", "download": "https://cdn.discordapp.com/attachments/1128313332273782784/1182271830912925796/chirp.mp4?ex=65841772&amp", "lyrics": "[intro]", "style": ["a song about pizza </span><span>, upbeat electronic funk beat"], "essentia_features": {"lowlevel.average_loudness": 0.733352541923523, "lowlevel.barkbands_crest.mean": 12.958691596984863, "lowlevel.barkbands_crest.stdev": 3.128815174102783, "lowlevel.barkbands_flatness_db.mean": 0.2596326470375061, "lowlevel.barkbands_flatness_db.stdev": 0.06685591489076614, "lowlevel.barkbands_kurtosis.mean": 11.000794410705566, "lowlevel.barkbands_kurtosis.stdev": 7.923054218292236, "lowlevel.barkbands_skewness.mean": 2.3494107723236084, "lowlevel.barkbands_skewness.stdev": 1.0429754257202148, "lowlevel.barkbands_spread.mean": 10.94189739227295, "lowlevel.barkbands_spread.stdev": 22.991764068603516, "lowlevel.dissonance.mean": 0.40396612882614136, "lowlevel.dissonance.stdev": 0.04313553124666214, "lowlevel.dynamic_complexity": 4.740296363830566, "lowlevel.erbbands_crest.mean": 14.984485626220703, "lowlevel.erbbands_crest.stdev": 4.812882900238037, "lowlevel.erbbands_flatness_db.mean": 0.281552791595459, "lowlevel.erbbands_flatness_db.stdev": 0.07492635399103165, "lowlevel.erbbands_kurtosis.mean": 4.979548454284668, "lowlevel.erbbands_kurtosis.stdev": 4.499954700469971, "lowlevel.erbbands_skewness.mean": 1.6650649309158325, "lowlevel.erbbands_skewness.stdev": 0.7973240613937378, "lowlevel.erbbands_spread.mean": 16.92361831665039, "lowlevel.erbbands_spread.stdev": 14.727415084838867, "lowlevel.hfc.mean": 15.084959983825684, "lowlevel.hfc.stdev": 16.493452072143555, "lowlevel.loudness_ebu128.integrated": -19.71184730529785, "lowlevel.loudness_ebu128.loudness_range": 6.816057205200195, "lowlevel.loudness_ebu128.momentary.mean": -21.94439697265625, "lowlevel.loudness_ebu128.momentary.stdev": 9.353838920593262, "lowlevel.loudness_ebu128.short_term.mean": -20.604528427124023, "lowlevel.loudness_ebu128.short_term.stdev": 2.1790552139282227, "lowlevel.melbands_crest.mean": 14.843025207519531, "lowlevel.melbands_crest.stdev": 4.203374862670898, "lowlevel.melbands_flatness_db.mean": 0.3191615343093872, "lowlevel.melbands_flatness_db.stdev": 0.08534077554941177, "lowlevel.melbands_kurtosis.mean": 14.18917465209961, "lowlevel.melbands_kurtosis.stdev": 12.002140045166016, "lowlevel.melbands_skewness.mean": 2.2250239849090576, "lowlevel.melbands_skewness.stdev": 1.1872152090072632, "lowlevel.melbands_spread.mean": 14.009784698486328, "lowlevel.melbands_spread.stdev": 32.99433517456055, "lowlevel.pitch_salience.mean": 0.5334053635597229, "lowlevel.pitch_salience.stdev": 0.08411333709955215, "lowlevel.silence_rate_20dB.mean": 1.0, "lowlevel.silence_rate_20dB.stdev": 0.0, "lowlevel.silence_rate_30dB.mean": 1.0, "lowlevel.silence_rate_30dB.stdev": 0.0, "lowlevel.silence_rate_60dB.mean": 0.041401274502277374, "lowlevel.silence_rate_60dB.stdev": 0.19921371340751648, "lowlevel.spectral_centroid.mean": 763.6072387695312, "lowlevel.spectral_centroid.stdev": 776.8949584960938, "lowlevel.spectral_complexity.mean": 9.233545303344727, "lowlevel.spectral_complexity.stdev": 3.584975004196167, "lowlevel.spectral_decrease.mean": -5.3592601467755685e-09, "lowlevel.spectral_decrease.stdev": 4.219194327248488e-09, "lowlevel.spectral_energy.mean": 0.02159532532095909, "lowlevel.spectral_energy.stdev": 0.017246965318918228, "lowlevel.spectral_energyband_high.mean": 0.0002791598381008953, "lowlevel.spectral_energyband_high.stdev": 0.0007831694092601538, "lowlevel.spectral_energyband_low.mean": 0.00039919125265441835, "lowlevel.spectral_energyband_low.stdev": 0.00038866145769134164, "lowlevel.spectral_energyband_middle_high.mean": 0.006264853291213512, "lowlevel.spectral_energyband_middle_high.stdev": 0.01215517707169056, "lowlevel.spectral_energyband_middle_low.mean": 0.014849906787276268, "lowlevel.spectral_energyband_middle_low.stdev": 0.010245547629892826, "lowlevel.spectral_entropy.mean": 6.522313594818115, "lowlevel.spectral_entropy.stdev": 0.6772851347923279, "lowlevel.spectral_flux.mean": 0.03451789915561676, "lowlevel.spectral_flux.stdev": 0.026272261515259743, "lowlevel.spectral_kurtosis.mean": 15.7116060256958, "lowlevel.spectral_kurtosis.stdev": 14.991148948669434, "lowlevel.spectral_rms.mean": 0.0042124236933887005, "lowlevel.spectral_rms.stdev": 0.0018232143484055996, "lowlevel.spectral_rolloff.mean": 1173.1649169921875, "lowlevel.spectral_rolloff.stdev": 2287.9619140625, "lowlevel.spectral_skewness.mean": 2.670175075531006, "lowlevel.spectral_skewness.stdev": 1.0047171115875244, "lowlevel.spectral_spread.mean": 3723153.5, "lowlevel.spectral_spread.stdev": 2787722.0, "lowlevel.spectral_strongpeak.mean": 1.8825479745864868, "lowlevel.spectral_strongpeak.stdev": 1.982022762298584, "lowlevel.zerocrossingrate.mean": 0.04781942442059517, "lowlevel.zerocrossingrate.stdev": 0.05862870067358017, "metadata.audio_properties.analysis.equal_loudness": 0.0, "metadata.audio_properties.analysis.length": 21.84428596496582, "metadata.audio_properties.analysis.sample_rate": 44100.0, "metadata.audio_properties.analysis.start_time": 0.0, "metadata.audio_properties.bit_rate": 114404.0, "metadata.audio_properties.length": 21.845333099365234, "metadata.audio_properties.lossless": 0.0, "metadata.audio_properties.number_channels": 1.0, "metadata.audio_properties.replay_gain": -8.258312225341797, "metadata.audio_properties.sample_rate": 48000.0, "rhythm.beats_count": 32.0, "rhythm.beats_loudness.mean": 0.03137221559882164, "rhythm.beats_loudness.stdev": 0.013450171798467636, "rhythm.bpm": 87.8033447265625, "rhythm.bpm_histogram_first_peak_bpm": 88.0, "rhythm.bpm_histogram_first_peak_weight": 0.25, "rhythm.bpm_histogram_second_peak_bpm": 96.0, "rhythm.bpm_histogram_second_peak_spread": 0.5714285373687744, "rhythm.bpm_histogram_second_peak_weight": 0.09677419066429138, "rhythm.danceability": 0.9657697081565857, "rhythm.onset_rate": 1.82969331741333, "tonal.chords_changes_rate": 0.014830508269369602, "tonal.chords_number_rate": 0.006355931982398033, "tonal.chords_strength.mean": 0.513594388961792, "tonal.chords_strength.stdev": 0.06179969385266304, "tonal.hpcp_crest.mean": 15.494214057922363, "tonal.hpcp_crest.stdev": 8.058931350708008, "tonal.hpcp_entropy.mean": 1.5869766473770142, "tonal.hpcp_entropy.stdev": 0.6731953024864197, "tonal.key_edma.strength": 0.7307465076446533, "tonal.key_krumhansl.strength": 0.7274132370948792, "tonal.key_temperley.strength": 0.6838045120239258, "tonal.tuning_diatonic_strength": 0.43631285429000854, "tonal.tuning_equal_tempered_deviation": 0.04989905655384064, "tonal.tuning_frequency": 440.2542419433594, "tonal.tuning_nontempered_energy_ratio": 0.6751912832260132, "lowlevel.barkbands.mean": [1.5830302118047257e-06, 0.00027950896765105426, 4.485663885134272e-05, 0.00013834649871569127, 0.0017343545332551003, 0.005531851667910814, 0.005850648041814566, 0.0009298992808908224, 0.0005137500120326877, 0.0011795336613431573, 0.003967720083892345, 0.0004925067187286913, 0.00010298767301719636, 0.00024745886912569404, 0.0001334960397798568, 3.878669303958304e-05, 3.2691048545530066e-05, 2.340355422347784e-05, 4.350157905719243e-05, 5.717871681554243e-05, 1.4258404007705394e-05, 1.9008091840078123e-05, 3.042562457267195e-05, 9.420367860002443e-05, 8.333478035638109e-05, 9.806158232095186e-06, 2.50583241268032e-07], "lowlevel.barkbands.stdev": [2.1577650386461755e-06, 0.00029132928466424346, 6.20082500972785e-05, 0.00020453514298424125, 0.00342573132365942, 0.004623074550181627, 0.004646307788789272, 0.0007347117643803358, 0.0033325301483273506, 0.0051370784640312195, 0.011085301637649536, 0.0007774404948577285, 0.00036656096926890314, 0.0004349855298642069, 0.0004179873503744602, 7.312741945497692e-05, 5.249006426311098e-05, 3.758531602215953e-05, 7.474922313122079e-05, 0.00015283635002560914, 5.642191899823956e-05, 0.00011515434744069353, 0.0002216301509179175, 0.0002809346769936383, 0.0001595729117980227, 2.437319199088961e-05, 8.436489906671341e-07], "lowlevel.erbbands.mean": [0.0038991316687315702, 0.0745353177189827, 0.08903544396162033, 0.3049861788749695, 1.4158414602279663, 5.863241195678711, 25.680845260620117, 44.18583297729492, 49.55043411254883, 118.22415924072266, 13.2817964553833, 13.640551567077637, 23.107995986938477, 74.01009368896484, 122.59559631347656, 25.806554794311523, 5.981980800628662, 9.560620307922363, 11.733059883117676, 4.148296356201172, 1.8694294691085815, 1.9111829996109009, 1.3903791904449463, 2.254086971282959, 1.8559167385101318, 3.0656580924987793, 1.1213383674621582, 0.3939184248447418, 0.7015753984451294, 0.6680130958557129, 0.928851306438446, 1.506188988685608, 1.846999168395996, 1.2673869132995605, 0.3368672728538513, 0.04984678328037262, 0.019317546859383583, 0.0032663559541106224, 7.495469617424533e-05, 2.8337644835119136e-05], "lowlevel.erbbands.stdev": [0.004714630544185638, 0.07681985944509506, 0.08557102829217911, 0.4624854028224945, 3.564263343811035, 11.32357120513916, 47.916080474853516, 34.97254943847656, 54.03820037841797, 88.1397476196289, 23.475914001464844, 86.63917541503906, 117.48753356933594, 171.941162109375, 339.3565979003906, 36.25914764404297, 17.039125442504883, 12.622383117675781, 28.629562377929688, 6.025765419006348, 2.9139912128448486, 2.784569025039673, 2.173753261566162, 3.561938762664795, 3.814148426055908, 8.35093879699707, 3.7636964321136475, 1.8342419862747192, 4.232064247131348, 4.707469940185547, 6.847906589508057, 6.586987018585205, 4.58470344543457, 2.507896661758423, 0.7029317021369934, 0.1323610246181488, 0.04586455598473549, 0.008705479092895985, 0.00016595976194366813, 2.4831399059621617e-05], "lowlevel.gfcc.mean": [-119.29654693603516, 140.71136474609375, -128.23007202148438, -17.999313354492188, -58.70846939086914, -19.363685607910156, -49.64139175415039, 5.589107036590576, -28.01055145263672, 12.53695297241211, 16.927610397338867, -3.531743049621582, 1.3012902736663818], "lowlevel.melbands.mean": [6.0636426496785134e-05, 7.038034527795389e-05, 7.118219946278259e-05, 0.0002560854481998831, 0.0007560144294984639, 0.001048738369718194, 0.0008695600554347038, 0.0010580962989479303, 6.337687227642164e-05, 7.191411714302376e-05, 0.00011904594430234283, 0.0002814948093146086, 0.0005760514177381992, 6.79300501360558e-05, 2.5252691557398066e-05, 9.462450179853477e-06, 1.96901000890648e-05, 2.217336259491276e-05, 6.61796775602852e-06, 3.748869403352728e-06, 1.9586884718592046e-06, 2.098630830005277e-06, 1.4303130910775508e-06, 1.0574120778983342e-06, 1.991312274185475e-06, 1.3561310652221437e-06, 1.5478908608201891e-06, 2.1103969629621133e-06, 8.069418413469975e-07, 2.8192698664497584e-07, 2.013538988876462e-07, 4.0156092495635676e-07, 3.8724780893062416e-07, 3.733608195943816e-07, 4.675816853705328e-07, 7.01916974321648e-07, 1.0213601626674063e-06, 1.326485744357342e-06, 1.373306190544099e-06, 9.473987461205979e-07], "lowlevel.melbands.stdev": [6.668322021141648e-05, 6.686308915959671e-05, 0.0001138476436608471, 0.0005617511924356222, 0.001367481192573905, 0.0008248501108027995, 0.0007987947901710868, 0.0007937190239317715, 0.00032807851675897837, 0.0004664180742111057, 0.0006324099958874285, 0.0006876811385154724, 0.0016260441625490785, 0.00010894532897509634, 4.515468026511371e-05, 2.3822562070563436e-05, 2.9013423045398667e-05, 5.0870166887762025e-05, 1.5349227396654896e-05, 7.057783477648627e-06, 3.8147795748955105e-06, 3.1015113108878722e-06, 2.7506816877576057e-06, 1.700113443803275e-06, 3.207550435035955e-06, 2.948920837297919e-06, 3.4325080378039274e-06, 6.366416982928058e-06, 2.6876052743318724e-06, 1.3746574722972582e-06, 1.0417508065074799e-06, 2.4687371933396207e-06, 2.528835693738074e-06, 2.933780933744856e-06, 3.886092599714175e-06, 4.4202392928127665e-06, 3.955617557949154e-06, 3.503449306663242e-06, 3.1303534342441708e-06, 1.885584765659587e-06], "lowlevel.melbands128.mean": [8.516961429450021e-07, 9.690308615972754e-06, 9.493519610259682e-05, 0.00014077991363592446, 6.1946120695211e-05, 2.1571924662566744e-05, 5.985203824820928e-05, 6.639808998443186e-05, 9.499471343588084e-05, 0.0003132820129394531, 0.00026972146588377655, 0.00048178070574067533, 0.0009590595727786422, 0.001023832242935896, 0.0007827004883438349, 0.0013812558026984334, 0.0010461064521223307, 0.00025351528893224895, 0.0011044405400753021, 0.002229394856840372, 0.0002776340988930315, 1.6493262592121027e-05, 2.3986302039702423e-05, 0.00013189030869398266, 0.00013216507795732468, 1.7015992852975614e-05, 2.3090920876711607e-05, 0.00011698141315719113, 0.00020736840087920427, 0.00022380160226020962, 7.848379027564079e-05, 0.0007979994406923652, 0.0010048734256997705, 6.308554293354973e-05, 2.8985919925617054e-05, 0.00012787584273610264, 4.7320860176114365e-05, 9.7850816018763e-06, 2.0515077267191373e-05, 6.610616310354089e-06, 4.402372724143788e-06, 1.6885551303857937e-05, 1.2440484169928823e-05, 2.4989603844005615e-05, 3.3974272810155526e-05, 2.0174720702925697e-05, 1.3849935385223944e-05, 3.523672376104514e-06, 4.588479441736126e-06, 7.653081411262974e-06, 2.734984263952356e-06, 1.1990769053227268e-06, 2.124686716342694e-06, 2.232650103906053e-06, 1.7633134348216117e-06, 2.7025564577343175e-06, 1.5569788729408174e-06, 1.5405013300551218e-06, 1.4288946204032982e-06, 1.2227144452481298e-06, 7.724873967163148e-07, 1.0694411685108207e-06, 2.0753245735249948e-06, 2.5134966108453227e-06, 1.2386741445880034e-06, 1.5293131809812621e-06, 1.2915323850393179e-06, 8.261350785687682e-07, 1.241136033058865e-06, 3.2104039746627677e-06, 2.5313727292086696e-06, 1.30446335333545e-06, 1.0937104661934427e-06, 7.447607117683219e-07, 5.169554810890986e-07, 2.697796617212589e-07, 2.0672574407853972e-07, 1.5294952504518733e-07, 1.843711601168252e-07, 2.0321587612670555e-07, 4.834208198190026e-07, 4.6580217372138577e-07, 3.290303709491127e-07, 4.587980981796136e-07, 3.287837557763851e-07, 3.1855989846008015e-07, 3.739316127848724e-07, 5.019933837502322e-07, 3.5906305129174143e-07, 5.505904709934839e-07, 6.761024451407138e-07, 6.862055670353584e-07, 8.631544119452883e-07, 8.619458640168887e-07, 1.2648979463847354e-06, 1.4541484461005894e-06, 1.3802175544697093e-06, 1.015230054690619e-06, 1.510952415628708e-06, 1.4722056675964268e-06, 1.1723675470420858e-06, 8.270991429526475e-07, 7.314225740628899e-07, 7.680687872380076e-07, 2.7966578386440233e-07, 9.018952340511532e-08, 1.5840655009924376e-07, 9.105518472551921e-08, 7.054826767216582e-08, 4.745063719724385e-08, 2.840857860064716e-08, 6.690176945767234e-08, 6.78127349829083e-08, 6.559030651942521e-08, 6.887810144462492e-08, 3.953002192247368e-08, 1.0083098800350854e-08, 2.8939423080132087e-10, 2.983849061929944e-12, 2.889870634459335e-12, 2.8038602255947565e-12, 2.737429640603528e-12, 2.697567863529926e-12, 2.640215737009788e-12, 2.5295111057838104e-12, 2.3779923342959197e-12, 2.2922028858340937e-12, 2.2699194954234336e-12], "lowlevel.melbands128.stdev": [1.2563664313347545e-06, 1.489860824221978e-05, 0.00011532615462783724, 0.00014098628889769316, 6.109404057497159e-05, 3.876347909681499e-05, 0.00010419332829769701, 9.728394070407376e-05, 0.00028564073727466166, 0.0008929787436500192, 0.0006769142928533256, 0.0012258654460310936, 0.00240430049598217, 0.0014972627395763993, 0.0008265479118563235, 0.0011057534720748663, 0.0013135807821527123, 0.0008567592012695968, 0.0008585228933952749, 0.0016794558614492416, 0.0002199416485382244, 6.0974442021688446e-05, 0.00019270912162028253, 0.0009853779338300228, 0.0009772718185558915, 7.531318988185376e-05, 7.921383803477511e-05, 0.0008064018911682069, 0.0012519784504547715, 0.0011628197971731424, 0.0003163133224006742, 0.0022762943990528584, 0.0029712291434407234, 0.00034552221768535674, 5.0074508180841804e-05, 0.00023225175391416997, 9.395776578458026e-05, 2.2446143702836707e-05, 0.00010601477697491646, 2.7431258786236867e-05, 2.0955505533493124e-05, 3.6360506783239543e-05, 1.607178091944661e-05, 5.646427598549053e-05, 9.697218047222123e-05, 7.610751345055178e-05, 6.066900823498145e-05, 8.830574188323226e-06, 9.079589290195145e-06, 1.1962651115027256e-05, 1.2051258636347484e-05, 2.167594175261911e-06, 4.257774889993016e-06, 7.711115358688403e-06, 3.411443913137191e-06, 4.413099759403849e-06, 2.5574058781785425e-06, 5.339385097613558e-06, 2.7604714887274895e-06, 2.216675056843087e-06, 1.8347883496971917e-06, 2.1705932340410072e-06, 3.4918937217298662e-06, 4.516869012149982e-06, 3.448971710895421e-06, 3.504219193928293e-06, 3.1374170248454902e-06, 2.4678927275090246e-06, 3.3255059861403424e-06, 8.275851541839074e-06, 9.697641871753149e-06, 5.111520295031369e-06, 3.954785825044382e-06, 2.5269287107221317e-06, 2.519880354157067e-06, 1.60829335982271e-06, 1.3482623444360797e-06, 9.352463052891835e-07, 1.2100791764169117e-06, 1.0590532610876835e-06, 3.3031949442374753e-06, 3.0751355097891064e-06, 2.084226707665948e-06, 3.312593207738246e-06, 2.3611180495208828e-06, 2.3601314751431346e-06, 3.2887164707062766e-06, 5.187728220334975e-06, 3.170884383507655e-06, 4.658814759750385e-06, 4.556605745165143e-06, 4.6266654862847645e-06, 4.937495305057382e-06, 5.099049758428009e-06, 3.5159355320502073e-06, 4.359102604212239e-06, 3.947217464883579e-06, 2.954991941805929e-06, 3.8125660921650706e-06, 3.4048086945404066e-06, 2.4675175609445432e-06, 1.9774063275690423e-06, 1.721080593597435e-06, 1.8905348042608239e-06, 7.017944199105841e-07, 2.771769516130007e-07, 5.314016107149655e-07, 2.67054076630302e-07, 2.1700319052797568e-07, 2.2898841223195632e-07, 1.6733898178245e-07, 2.1821141160671687e-07, 1.6444903394585708e-07, 1.6384633738653065e-07, 1.983872977007195e-07, 1.2687542039202526e-07, 3.3361100548745526e-08, 2.025151824014415e-09, 5.2260630718781176e-12, 5.048793848272393e-12, 4.896802581477733e-12, 4.767393944893339e-12, 4.662124419158031e-12, 4.575142348306471e-12, 4.497891208793403e-12, 4.441154475426368e-12, 4.399223606926794e-12, 4.373537990098875e-12], "lowlevel.mfcc.mean": [-764.406982421875, 189.51734924316406, -19.32986068725586, 2.0251317024230957, 4.71843957901001, -31.211620330810547, 3.918917417526245, -29.188922882080078, -20.71884536743164, -6.916675090789795, -4.578444957733154, 5.720560073852539, 14.367901802062988], "lowlevel.spectral_contrast_coeffs.mean": [-0.6452642679214478, -0.5707792639732361, -0.6994821429252625, -0.7854748964309692, -0.7735813856124878, -0.7784943580627441], "lowlevel.spectral_contrast_coeffs.stdev": [0.07674659788608551, 0.09017418324947357, 0.09541536867618561, 0.04743744060397148, 0.05008422210812569, 0.05704788491129875], "lowlevel.spectral_contrast_valleys.mean": [-8.012092590332031, -7.575369834899902, -8.30996036529541, -8.716904640197754, -9.209471702575684, -12.688695907592773], "lowlevel.spectral_contrast_valleys.stdev": [1.7309584617614746, 1.6667261123657227, 1.5623583793640137, 1.4494396448135376, 1.5120813846588135, 1.762498378753662], "rhythm.beats_loudness_band_ratio.mean": [0.025097576901316643, 0.36134687066078186, 0.5161458253860474, 0.16776956617832184, 0.017439300194382668, 0.029576288536190987], "rhythm.beats_loudness_band_ratio.stdev": [0.025827350094914436, 0.16320286691188812, 0.20664861798286438, 0.22016631066799164, 0.01211246382445097, 0.12083051353693008], "tonal.hpcp.mean": [0.09656668454408646, 0.03968410566449165, 0.006776737980544567, 0.0063429647125303745, 0.014162109233438969, 0.3999324440956116, 0.7604538798332214, 0.3761261999607086, 0.004949462134391069, 0.0018493885872885585, 0.00174059031996876, 0.00560847157612443, 0.010766242630779743, 0.03684849292039871, 0.15243928134441376, 0.17398463189601898, 0.05770629644393921, 0.00929808896034956, 0.008399955928325653, 0.014988590963184834, 0.1543245166540146, 0.2971070408821106, 0.15591275691986084, 0.0038372136186808348, 0.0017940127290785313, 0.0016215096693485975, 0.058192260563373566, 0.09897199273109436, 0.04417368769645691, 0.19078099727630615, 0.3630813956260681, 0.1831774115562439, 0.0348895862698555, 0.037176720798015594, 0.019317762926220894, 0.06831134110689163], "tonal.hpcp.stdev": [0.229492649435997, 0.11370457708835602, 0.048988476395606995, 0.056667692959308624, 0.06970243901014328, 0.2149319350719452, 0.3262059688568115, 0.1928805708885193, 0.039212699979543686, 0.0149903679266572, 0.011938042938709259, 0.02249198779463768, 0.05312076583504677, 0.10357002168893814, 0.2330147624015808, 0.2692098021507263, 0.134451761841774, 0.05512157827615738, 0.048633165657520294, 0.08018459379673004, 0.20189686119556427, 0.3560054302215576, 0.2041347771883011, 0.017043892294168472, 0.0073561109602451324, 0.006577656138688326, 0.13518857955932617, 0.2299494594335556, 0.10506703704595566, 0.18291056156158447, 0.33320924639701843, 0.16142238676548004, 0.1345072239637375, 0.13358715176582336, 0.0912017747759819, 0.17353452742099762], "rhythm.beats_position": [0.7314285635948181, 1.4280271530151367, 2.11301589012146, 2.798004388809204, 3.4829931259155273, 4.179591655731201, 4.8645806312561035, 5.549569129943848, 6.234557628631592, 6.919546127319336, 7.592925071716309, 8.277914047241211, 8.962902069091797, 9.659501075744629, 10.344490051269531, 11.029478073120117, 11.71446704864502, 12.399456024169922, 13.084444046020508, 13.76943302154541, 14.454421043395996, 15.139410018920898, 15.83600902557373, 16.486167907714844, 17.13632583618164, 17.77487564086914, 18.413423538208008, 19.02875328063965, 19.655691146850586, 20.271020889282227, 20.897958755493164, 21.5248966217041], "rhythm.bpm_histogram": [0.0, 0.0, 0.0, 0.0, 0.0, 0.0, 0.0, 0.0, 0.0, 0.0, 0.0, 0.0, 0.0, 0.0, 0.0, 0.0, 0.0, 0.0, 0.0, 0.0, 0.0, 0.0, 0.0, 0.0, 0.0, 0.0, 0.0, 0.0, 0.0, 0.0, 0.0, 0.0, 0.0, 0.0, 0.0, 0.0, 0.0, 0.0, 0.0, 0.0, 0.0, 0.0, 0.0, 0.0, 0.0, 0.0, 0.0, 0.0, 0.0, 0.0, 0.0, 0.0, 0.0, 0.0, 0.0, 0.0, 0.0, 0.0, 0.0, 0.0, 0.0, 0.0, 0.0, 0.0, 0.0, 0.0, 0.0, 0.0, 0.0, 0.0, 0.0, 0.0, 0.0, 0.0, 0.0, 0.0, 0.0, 0.0, 0.0, 0.0, 0.0, 0.0, 0.0, 0.0, 0.0, 0.0, 0.12903225421905518, 0.0, 0.5483871102333069, 0.032258063554763794, 0.0, 0.0, 0.06451612710952759, 0.0, 0.06451612710952759, 0.0, 0.09677419066429138, 0.0, 0.06451612710952759, 0.0, 0.0, 0.0, 0.0, 0.0, 0.0, 0.0, 0.0, 0.0, 0.0, 0.0, 0.0, 0.0, 0.0, 0.0, 0.0, 0.0, 0.0, 0.0, 0.0, 0.0, 0.0, 0.0, 0.0, 0.0, 0.0, 0.0, 0.0, 0.0, 0.0, 0.0, 0.0, 0.0, 0.0, 0.0, 0.0, 0.0, 0.0, 0.0, 0.0, 0.0, 0.0, 0.0, 0.0, 0.0, 0.0, 0.0, 0.0, 0.0, 0.0, 0.0, 0.0, 0.0, 0.0, 0.0, 0.0, 0.0, 0.0, 0.0, 0.0, 0.0, 0.0, 0.0, 0.0, 0.0, 0.0, 0.0, 0.0, 0.0, 0.0, 0.0, 0.0, 0.0, 0.0, 0.0, 0.0, 0.0, 0.0, 0.0, 0.0, 0.0, 0.0, 0.0, 0.0, 0.0, 0.0, 0.0, 0.0, 0.0, 0.0, 0.0, 0.0, 0.0, 0.0, 0.0, 0.0, 0.0, 0.0, 0.0, 0.0, 0.0, 0.0, 0.0, 0.0, 0.0, 0.0, 0.0, 0.0, 0.0, 0.0, 0.0, 0.0, 0.0, 0.0, 0.0, 0.0, 0.0, 0.0, 0.0, 0.0, 0.0, 0.0, 0.0, 0.0, 0.0, 0.0, 0.0, 0.0, 0.0, 0.0, 0.0, 0.0, 0.0, 0.0, 0.0, 0.0, 0.0, 0.0, 0.0, 0.0, 0.0, 0.0, 0.0, 0.0, 0.0, 0.0, 0.0, 0.0, 0.0, 0.0, 0.0], "tonal.chords_histogram": [33.47457504272461, 38.13559341430664, 28.17796516418457, 0.2118644118309021, 0.0, 0.0, 0.0, 0.0, 0.0, 0.0, 0.0, 0.0, 0.0, 0.0, 0.0, 0.0, 0.0, 0.0, 0.0, 0.0, 0.0, 0.0, 0.0, 0.0], "tonal.thpcp": [1.0, 0.49460750818252563, 0.006508563179522753, 0.0024319535586982965, 0.002288883551955223, 0.007375163491815329, 0.014157653786242008, 0.048455920070409775, 0.20045828819274902, 0.2287905067205429, 0.07588402181863785, 0.01222702581435442, 0.011045976541936398, 0.019710058346390724, 0.20293737947940826, 0.39069700241088867, 0.20502592623233795, 0.005045951809734106, 0.0023591341450810432, 0.002132291905581951, 0.0765230655670166, 0.13014857470989227, 0.05808858200907707, 0.2508777976036072, 0.4774535298347473, 0.24087905883789062, 0.045879948884248734, 0.04888754338026047, 0.025402938947081566, 0.0898296982049942, 0.1269855946302414, 0.05218476429581642, 0.008911438286304474, 0.00834102462977171, 0.0186232328414917, 0.5259128212928772], "lowlevel.gfcc.cov": [[24310.05078125, 1068.95751953125, 479.3075256347656, -608.1144409179688, -1885.308837890625, 866.3320922851562, -1251.75341796875, 697.7454223632812, -1067.8790283203125, 483.86468505859375, 262.80126953125, -401.169189453125, 792.5473022460938], [1068.95751953125, 5221.77978515625, -1682.7894287109375, -380.9172058105469, 1132.0772705078125, -1791.509033203125, 440.56463623046875, -843.2913818359375, 596.3560791015625, -467.2718811035156, 521.753173828125, -169.66189575195312, -310.3902893066406], [479.3075256347656, -1682.7894287109375, 1064.4385986328125, 283.55133056640625, -413.242431640625, 803.5787963867188, -356.63726806640625, 361.9560852050781, -305.3440856933594, 196.12989807128906, -264.03717041015625, 9.635939598083496, 164.1024627685547], [-608.1144409179688, -380.9172058105469, 283.55133056640625, 632.9521484375, -60.24876403808594, 130.9373779296875, -73.46676635742188, -35.64155960083008, 113.69738006591797, 11.401211738586426, -121.54904174804688, 0.6747872829437256, -28.530263900756836], [-1885.308837890625, 1132.0772705078125, -413.242431640625, -60.24876403808594, 510.5420837402344, -493.2935485839844, 210.31747436523438, -229.1761932373047, 206.64724731445312, -141.78659057617188, 99.078125, -3.086082935333252, -125.38492584228516], [866.3320922851562, -1791.509033203125, 803.5787963867188, 130.9373779296875, -493.2935485839844, 860.644287109375, -227.49658203125, 366.8266906738281, -293.6173095703125, 204.4209442138672, -199.6427001953125, 27.395631790161133, 175.76136779785156], [-1251.75341796875, 440.56463623046875, -356.63726806640625, -73.46676635742188, 210.31747436523438, -227.49658203125, 300.8277282714844, -137.10459899902344, 160.84732055664062, -63.715396881103516, 71.84319305419922, 28.749786376953125, -94.2027816772461], [697.7454223632812, -843.2913818359375, 361.9560852050781, -35.64155960083008, -229.1761932373047, 366.8266906738281, -137.10459899902344, 281.4315185546875, -194.13465881347656, 111.57791137695312, -59.589622497558594, -7.492242336273193, 138.89132690429688], [-1067.8790283203125, 596.3560791015625, -305.3440856933594, 113.69738006591797, 206.64724731445312, -293.6173095703125, 160.84732055664062, -194.13465881347656, 295.82513427734375, -73.41558837890625, 39.91888427734375, 26.723487854003906, -128.8834228515625], [483.86468505859375, -467.2718811035156, 196.12989807128906, 11.401211738586426, -141.78659057617188, 204.4209442138672, -63.715396881103516, 111.57791137695312, -73.41558837890625, 134.02276611328125, -46.11366271972656, -2.378998041152954, 48.68097686767578], [262.80126953125, 521.753173828125, -264.03717041015625, -121.54904174804688, 99.078125, -199.6427001953125, 71.84319305419922, -59.589622497558594, 39.91888427734375, -46.11366271972656, 157.462890625, 3.6965770721435547, -11.057498931884766], [-401.169189453125, -169.66189575195312, 9.635939598083496, 0.6747872829437256, -3.086082935333252, 27.395631790161133, 28.749786376953125, -7.492242336273193, 26.723487854003906, -2.378998041152954, 3.6965770721435547, 76.02501678466797, -20.5039005279541], [792.5473022460938, -310.3902893066406, 164.1024627685547, -28.530263900756836, -125.38492584228516, 175.76136779785156, -94.2027816772461, 138.89132690429688, -128.8834228515625, 48.68097686767578, -11.057498931884766, -20.5039005279541, 141.5926513671875]], "lowlevel.gfcc.icov": [[0.0002665510110091418, -0.0007172105833888054, 0.0005065588629804552, -0.00017463223775848746, 0.0014972975477576256, -0.0004988426808267832, 0.0005233239498920739, -0.0006072008982300758, 0.0005795302568003535, -0.0006517239380627871, 0.00027071739896200597, -0.0005389046855270863, -0.00010288543126080185], [-0.0007172105833888054, 0.003179390449076891, -0.0019243318820372224, 0.0010681693674996495, -0.004680866375565529, 0.002493911888450384, -0.001028780941851437, 0.0037215636111795902, -0.002441335702314973, 0.0021395098883658648, -0.00265592522919178, 0.004071859177201986, -0.0007217350648716092], [0.0005065588629804552, -0.0019243318820372224, 0.00924064964056015, -0.0025729306507855654, -0.0002210736711276695, -0.006941144820302725, 0.0056142015382647514, -0.004200515802949667, 0.00363715598359704, -0.002455824287608266, 0.004814757499843836, -0.003874354064464569, 0.0019640123937278986], [-0.00017463223775848746, 0.0010681693674996495, -0.0025729306507855654, 0.003497157944366336, -0.0005255361902527511, 0.0011114878579974174, -0.00018654731684364378, 0.0029000979848206043, -0.0036821472458541393, 0.0012920814333483577, -0.0007815110730007291, 0.0027217890601605177, -0.001271052286028862], [0.0014972975477576256, -0.004680866375565529, -0.0002210736711276695, -0.0005255361902527511, 0.015391730703413486, 0.0014303495408967137, -0.00101367081515491, -0.004104333929717541, 0.0026551452465355396, -0.002027553040534258, 0.002053876407444477, -0.003667160402983427, -0.0005424419068731368], [-0.0004988426808267832, 0.002493911888450384, -0.006941144820302725, 0.0011114878579974174, 0.0014303495408967137, 0.011940570548176765, -0.005208167713135481, 0.0008817633497528732, -0.0010314264800399542, 0.0006266291602514684, -0.0010186982108280063, 0.0014024287229403853, -0.002388366498053074], [0.0005233239498920739, -0.001028780941851437, 0.0056142015382647514, -0.00018654731684364378, -0.00101367081515491, -0.005208167713135481, 0.010443870909512043, -0.0010603342670947313, -0.0006298709195107222, -0.0017615626566112041, 0.00047567745787091553, -0.0018815310904756188, 0.001624062075279653], [-0.0006072008982300758, 0.0037215636111795902, -0.004200515802949667, 0.0029000979848206043, -0.004104333929717541, 0.0008817633497528732, -0.0010603342670947313, 0.01897410675883293, -0.001911934232339263, -0.0007223616703413427, -0.005193902645260096, 0.006125939544290304, -0.008047564886510372], [0.0005795302568003535, -0.002441335702314973, 0.00363715598359704, -0.0036821472458541393, 0.0026551452465355396, -0.0010314264800399542, -0.0006298709195107222, -0.001911934232339263, 0.012594333849847317, -0.0033296283800154924, 0.0031848500948399305, -0.006026039831340313, 0.003519774880260229], [-0.0006517239380627871, 0.0021395098883658648, -0.002455824287608266, 0.0012920814333483577, -0.002027553040534258, 0.0006266291602514684, -0.0017615626566112041, -0.0007223616703413427, -0.0033296283800154924, 0.01495604682713747, -0.0013390264939516783, 0.0038098045624792576, 0.000682238838635385], [0.00027071739896200597, -0.00265592522919178, 0.004814757499843836, -0.0007815110730007291, 0.002053876407444477, -0.0010186982108280063, 0.00047567745787091553, -0.005193902645260096, 0.0031848500948399305, -0.0013390264939516783, 0.0163080096244812, -0.007579434663057327, -0.0010451925918459892], [-0.0005389046855270863, 0.004071859177201986, -0.003874354064464569, 0.0027217890601605177, -0.003667160402983427, 0.0014024287229403853, -0.0018815310904756188, 0.006125939544290304, -0.006026039831340313, 0.0038098045624792576, -0.007579434663057327, 0.023325733840465546, 0.000722989032510668], [-0.00010288543126080185, -0.0007217350648716092, 0.0019640123937278986, -0.001271052286028862, -0.0005424419068731368, -0.002388366498053074, 0.001624062075279653, -0.008047564886510372, 0.003519774880260229, 0.000682238838635385, -0.0010451925918459892, 0.000722989032510668, 0.01797516644001007]], "lowlevel.mfcc.cov": [[14400.958984375, -512.20751953125, 1780.189208984375, -986.725341796875, 131.1617431640625, -658.1185302734375, 805.5587158203125, -1018.7219848632812, 415.8865051269531, 130.5531005859375, -478.2736511230469, 25.188432693481445, 6.2925896644592285], [-512.20751953125, 4350.3369140625, -1935.73974609375, 781.8789672851562, -51.95370101928711, -176.6176300048828, -406.4087829589844, 143.55743408203125, -646.872314453125, -177.42861938476562, 304.8472595214844, 30.619768142700195, 271.9785461425781], [1780.189208984375, -1935.73974609375, 1479.9552001953125, -471.52008056640625, 229.47450256347656, 72.0822982788086, 315.1593322753906, -193.2987823486328, 397.0036926269531, 77.51543426513672, -222.15296936035156, -27.707820892333984, -158.7172393798828], [-986.725341796875, 781.8789672851562, -471.52008056640625, 628.9967651367188, -11.793883323669434, 148.75466918945312, -320.9128112792969, 171.6786651611328, -173.5003662109375, -51.62934875488281, 150.4987030029297, 33.442970275878906, 48.006309509277344], [131.1617431640625, -51.95370101928711, 229.47450256347656, -11.793883323669434, 223.02178955078125, -65.60305786132812, 76.54660034179688, -55.44507598876953, 51.33588409423828, -19.631031036376953, -74.89545440673828, 28.57420539855957, -70.39545440673828], [-658.1185302734375, -176.6176300048828, 72.0822982788086, 148.75466918945312, -65.60305786132812, 311.2207946777344, -188.2385711669922, 155.6300048828125, -20.783370971679688, 15.878259658813477, 118.62212371826172, -69.50833892822266, 42.08028030395508], [805.5587158203125, -406.4087829589844, 315.1593322753906, -320.9128112792969, 76.54660034179688, -188.2385711669922, 400.08758544921875, -180.48123168945312, 164.48922729492188, 32.83122634887695, -183.4265899658203, 31.300527572631836, -56.48399353027344], [-1018.7219848632812, 143.55743408203125, -193.2987823486328, 171.6786651611328, -55.44507598876953, 155.6300048828125, -180.48123168945312, 206.246826171875, -86.75807189941406, -7.7633819580078125, 87.54363250732422, -23.555166244506836, 38.683773040771484], [415.8865051269531, -646.872314453125, 397.0036926269531, -173.5003662109375, 51.33588409423828, -20.783370971679688, 164.48922729492188, -86.75807189941406, 229.3190460205078, 49.51865005493164, -81.05262756347656, -21.23050308227539, -54.370758056640625], [130.5531005859375, -177.42861938476562, 77.51543426513672, -51.62934875488281, -19.631031036376953, 15.878259658813477, 32.83122634887695, -7.7633819580078125, 49.51865005493164, 79.68887329101562, -1.3622604608535767, -15.16624927520752, 4.202115058898926], [-478.2736511230469, 304.8472595214844, -222.15296936035156, 150.4987030029297, -74.89545440673828, 118.62212371826172, -183.4265899658203, 87.54363250732422, -81.05262756347656, -1.3622604608535767, 182.2723388671875, -30.30217170715332, 56.16417694091797], [25.188432693481445, 30.619768142700195, -27.707820892333984, 33.442970275878906, 28.57420539855957, -69.50833892822266, 31.300527572631836, -23.555166244506836, -21.23050308227539, -15.16624927520752, -30.30217170715332, 128.77163696289062, -11.783300399780273], [6.2925896644592285, 271.9785461425781, -158.7172393798828, 48.006309509277344, -70.39545440673828, 42.08028030395508, -56.48399353027344, 38.683773040771484, -54.370758056640625, 4.202115058898926, 56.16417694091797, -11.783300399780273, 113.52140808105469]], "lowlevel.mfcc.icov": [[0.0001720086729619652, -0.00017998552357312292, -0.0005498856189660728, -6.201198266353458e-05, 0.0005292168352752924, 0.0003480454906821251, 0.00017083076818380505, 0.0005741327768191695, 0.0001469052949687466, -0.00020646618213504553, 0.0001648166071390733, 5.852552567375824e-05, -0.0002298558974871412], [-0.00017998552357312292, 0.0011502524139359593, 0.0015879551647230983, -0.0003584998194128275, -0.0018780906684696674, -0.00018958025611937046, -0.0005501356208696961, 0.00018518493743613362, 0.0009088688530027866, 0.0004996575880795717, -0.0006288535078056157, 0.0006467651692219079, -0.0010101874358952045], [-0.0005498856189660728, 0.0015879551647230983, 0.005637472029775381, 0.001359584042802453, -0.00515655055642128, -0.00452592596411705, -0.00012820688425563276, 0.001016819616779685, -0.0018669292330741882, 0.0006889966898597777, 0.0008937630918808281, -0.000490671896841377, 0.00018995122809428722], [-6.201198266353458e-05, -0.0003584998194128275, 0.001359584042802453, 0.0042971777729690075, -0.001675354433245957, -0.0025667627342045307, 0.0024061452131718397, -8.373356104129925e-05, -0.0014547352911904454, 0.0003010267682839185, 0.00072145537706092, -0.0023032042663544416, 0.000780412636231631], [0.0005292168352752924, -0.0018780906684696674, -0.00515655055642128, -0.001675354433245957, 0.011433479376137257, 0.0036642083432525396, 0.0001481645304011181, -0.00017892626055981964, -1.708148920442909e-05, 0.0006895808619447052, 0.001132184057496488, -0.00032090299646370113, 0.003208495443686843], [0.0003480454906821251, -0.00018958025611937046, -0.00452592596411705, -0.0025667627342045307, 0.0036642083432525396, 0.012616309337317944, 0.0006947485380806029, -0.0052658505737781525, 0.0011287984671071172, -0.0006417371332645416, -0.0038738443981856108, 0.00352999079041183, -0.0022244493011385202], [0.00017083076818380505, -0.0005501356208696961, -0.00012820688425563276, 0.0024061452131718397, 0.0001481645304011181, 0.0006947485380806029, 0.009077845141291618, 0.002900924999266863, -0.003449873300269246, -0.0013984020333737135, 0.005015880800783634, -0.0015119824092835188, -0.0007646532612852752], [0.0005741327768191695, 0.00018518493743613362, 0.001016819616779685, -8.373356104129925e-05, -0.00017892626055981964, -0.0052658505737781525, 0.002900924999266863, 0.014736372977495193, 0.001668704440817237, -0.0012557447189465165, 0.0028289721813052893, -5.545171006815508e-05, -0.0013153216568753123], [0.0001469052949687466, 0.0009088688530027866, -0.0018669292330741882, -0.0014547352911904454, -1.708148920442909e-05, 0.0011287984671071172, -0.003449873300269246, 0.001668704440817237, 0.01258802693337202, -0.0032873956952244043, -0.0012168450048193336, 0.002904586959630251, 0.0001593677152413875], [-0.00020646618213504553, 0.0004996575880795717, 0.0006889966898597777, 0.0003010267682839185, 0.0006895808619447052, -0.0006417371332645416, -0.0013984020333737135, -0.0012557447189465165, -0.0032873956952244043, 0.016440948471426964, -0.0017788037657737732, 0.0004678209952544421, -0.0012064900947734714], [0.0001648166071390733, -0.0006288535078056157, 0.0008937630918808281, 0.00072145537706092, 0.001132184057496488, -0.0038738443981856108, 0.005015880800783634, 0.0028289721813052893, -0.0012168450048193336, -0.0017788037657737732, 0.013967979699373245, -0.0001669526391196996, -0.0013331396039575338], [5.852552567375824e-05, 0.0006467651692219079, -0.000490671896841377, -0.0023032042663544416, -0.00032090299646370113, 0.00352999079041183, -0.0015119824092835188, -5.545171006815508e-05, 0.002904586959630251, 0.0004678209952544421, -0.0001669526391196996, 0.010837127454578876, -0.0009244288667105138], [-0.0002298558974871412, -0.0010101874358952045, 0.00018995122809428722, 0.000780412636231631, 0.003208495443686843, -0.0022244493011385202, -0.0007646532612852752, -0.0013153216568753123, 0.0001593677152413875, -0.0012064900947734714, -0.0013331396039575338, -0.0009244288667105138, 0.014743967913091183]], "metadata.audio_properties.analysis.downmix": "mix", "metadata.audio_properties.codec": "mp3", "metadata.audio_properties.md5_encoded": "15404f622834e8347afb1ef09b8fbbad", "metadata.tags.file_name": "1182271830912925796.mp3", "metadata.version.essentia": "2.1-beta6-dev", "metadata.version.essentia_git_sha": "v2.1_beta5-1110-g77a6a954", "metadata.version.extractor": "music 2.0", "tonal.chords_key": "G", "tonal.chords_scale": "major", "tonal.key_edma.key": "E", "tonal.key_edma.scale": "minor", "tonal.key_krumhansl.key": "E", "tonal.key_krumhansl.scale": "minor", "tonal.key_temperley.key": "E", "tonal.key_temperley.scale": "minor", "metadata.tags.encoding": ["Lavf58.45.100"]}, "essentia_models": [{"model_name": "genre_dortmund", "activations": {"alternative": "0.21914516", "blues": "0.014010879", "electronic": "0.08992202", "folkcountry": "0.084823444", "funksoulrnb": "0.010172567", "jazz": "0.12502253", "pop": "0.17058659", "raphiphop": "0.012144403", "rock": "0.14989613"}}, {"model_name": "genre_rosamerica", "activations": {"classic": "0.2924902", "dance": "0.011342033", "hip hop": "0.0065171346", "jazz": "0.1106628", "pop": "0.06668594", "rhythm and blues": "0.017306997", "rock": "0.19380483", "speech": "0.0032863338"}}, {"model_name": "genre_tzanetakis", "activations": {"blues": "0.052624736", "classic": "0.30942506", "country": "0.050982185", "disco": "0.02534321", "hip hop": "0.0071383254", "jazz": "0.02503441", "metal": "0.08598085", "pop": "0.18148987", "reggae": "0.0023691521