{"song_id": "1182277224762716221", "download": "https://cdn.discordapp.com/attachments/1128313332273782784/1182277224762716221/chirp.mp4?ex=65841c78&amp", "lyrics": "Caught in the red lights,\nI'd never want to kill your vibe.\nOhhh darling I,\nKeep to myself.\nDesperate with hope\nAll threw the night.", "style": ["American rap"], "essentia_features": {"lowlevel.average_loudness": 0.9814481139183044, "lowlevel.barkbands_crest.mean": 11.328147888183594, "lowlevel.barkbands_crest.stdev": 3.700878143310547, "lowlevel.barkbands_flatness_db.mean": 0.1274583637714386, "lowlevel.barkbands_flatness_db.stdev": 0.03293889760971069, "lowlevel.barkbands_kurtosis.mean": 1.008855938911438, "lowlevel.barkbands_kurtosis.stdev": 2.7145490646362305, "lowlevel.barkbands_skewness.mean": 1.1522281169891357, "lowlevel.barkbands_skewness.stdev": 0.7841659188270569, "lowlevel.barkbands_spread.mean": 28.819971084594727, "lowlevel.barkbands_spread.stdev": 7.736898899078369, "lowlevel.dissonance.mean": 0.4731482267379761, "lowlevel.dissonance.stdev": 0.016919393092393875, "lowlevel.dynamic_complexity": 0.8495545387268066, "lowlevel.erbbands_crest.mean": 9.291072845458984, "lowlevel.erbbands_crest.stdev": 4.479377269744873, "lowlevel.erbbands_flatness_db.mean": 0.1567562073469162, "lowlevel.erbbands_flatness_db.stdev": 0.024946562945842743, "lowlevel.erbbands_kurtosis.mean": 0.34907588362693787, "lowlevel.erbbands_kurtosis.stdev": 1.0373166799545288, "lowlevel.erbbands_skewness.mean": -0.06242716684937477, "lowlevel.erbbands_skewness.stdev": 0.5753185749053955, "lowlevel.erbbands_spread.mean": 32.325504302978516, "lowlevel.erbbands_spread.stdev": 11.340635299682617, "lowlevel.hfc.mean": 36.46315383911133, "lowlevel.hfc.stdev": 9.00666618347168, "lowlevel.loudness_ebu128.integrated": -9.962325096130371, "lowlevel.loudness_ebu128.loudness_range": 0.9384193420410156, "lowlevel.loudness_ebu128.momentary.mean": -9.990324020385742, "lowlevel.loudness_ebu128.momentary.stdev": 0.4971567690372467, "lowlevel.loudness_ebu128.short_term.mean": -9.979002952575684, "lowlevel.loudness_ebu128.short_term.stdev": 0.3159371316432953, "lowlevel.melbands_crest.mean": 16.442142486572266, "lowlevel.melbands_crest.stdev": 4.456067085266113, "lowlevel.melbands_flatness_db.mean": 0.1832239329814911, "lowlevel.melbands_flatness_db.stdev": 0.04185066744685173, "lowlevel.melbands_kurtosis.mean": 8.030668258666992, "lowlevel.melbands_kurtosis.stdev": 10.04011344909668, "lowlevel.melbands_skewness.mean": 2.3904380798339844, "lowlevel.melbands_skewness.stdev": 1.3320436477661133, "lowlevel.melbands_spread.mean": 28.47509765625, "lowlevel.melbands_spread.stdev": 11.87766170501709, "lowlevel.pitch_salience.mean": 0.4509320557117462, "lowlevel.pitch_salience.stdev": 0.1024128720164299, "lowlevel.silence_rate_20dB.mean": 1.0, "lowlevel.silence_rate_20dB.stdev": 0.0, "lowlevel.silence_rate_30dB.mean": 0.991631805896759, "lowlevel.silence_rate_30dB.stdev": 0.09109446406364441, "lowlevel.silence_rate_60dB.mean": 0.0020920501556247473, "lowlevel.silence_rate_60dB.stdev": 0.045690786093473434, "lowlevel.spectral_centroid.mean": 1809.0887451171875, "lowlevel.spectral_centroid.stdev": 368.2894287109375, "lowlevel.spectral_complexity.mean": 33.84623336791992, "lowlevel.spectral_complexity.stdev": 5.801852226257324, "lowlevel.spectral_decrease.mean": -1.3974755574963638e-08, "lowlevel.spectral_decrease.stdev": 6.145138620183843e-09, "lowlevel.spectral_energy.mean": 0.05605127289891243, "lowlevel.spectral_energy.stdev": 0.023399876430630684, "lowlevel.spectral_energyband_high.mean": 0.0010632985504344106, "lowlevel.spectral_energyband_high.stdev": 0.0005121513968333602, "lowlevel.spectral_energyband_low.mean": 0.030256612226366997, "lowlevel.spectral_energyband_low.stdev": 0.023299507796764374, "lowlevel.spectral_energyband_middle_high.mean": 0.011927108280360699, "lowlevel.spectral_energyband_middle_high.stdev": 0.0052320389077067375, "lowlevel.spectral_energyband_middle_low.mean": 0.013291412964463234, "lowlevel.spectral_energyband_middle_low.stdev": 0.012857313267886639, "lowlevel.spectral_entropy.mean": 7.775697231292725, "lowlevel.spectral_entropy.stdev": 0.1437845081090927, "lowlevel.spectral_flux.mean": 0.11724439263343811, "lowlevel.spectral_flux.stdev": 0.060187455266714096, "lowlevel.spectral_kurtosis.mean": 3.7135677337646484, "lowlevel.spectral_kurtosis.stdev": 1.1087470054626465, "lowlevel.spectral_rms.mean": 0.007245330139994621, "lowlevel.spectral_rms.stdev": 0.0014796614414080977, "lowlevel.spectral_rolloff.mean": 1411.3055419921875, "lowlevel.spectral_rolloff.stdev": 757.1282348632812, "lowlevel.spectral_skewness.mean": 1.282915711402893, "lowlevel.spectral_skewness.stdev": 0.1636890470981598, "lowlevel.spectral_spread.mean": 3859201.5, "lowlevel.spectral_spread.stdev": 531753.6875, "lowlevel.spectral_strongpeak.mean": 0.9477611780166626, "lowlevel.spectral_strongpeak.stdev": 1.2529404163360596, "lowlevel.zerocrossingrate.mean": 0.05428043007850647, "lowlevel.zerocrossingrate.stdev": 0.015498307533562183, "metadata.audio_properties.analysis.equal_loudness": 0.0, "metadata.audio_properties.analysis.length": 22.165328979492188, "metadata.audio_properties.analysis.sample_rate": 44100.0, "metadata.audio_properties.analysis.start_time": 0.0, "metadata.audio_properties.bit_rate": 117613.0, "metadata.audio_properties.length": 22.165332794189453, "metadata.audio_properties.lossless": 0.0, "metadata.audio_properties.number_channels": 1.0, "metadata.audio_properties.replay_gain": -14.345159530639648, "metadata.audio_properties.sample_rate": 48000.0, "rhythm.beats_count": 42.0, "rhythm.beats_loudness.mean": 0.05165107548236847, "rhythm.beats_loudness.stdev": 0.016480548307299614, "rhythm.bpm": 117.00092315673828, "rhythm.bpm_histogram_first_peak_bpm": 117.0, "rhythm.bpm_histogram_first_peak_weight": 0.4358974099159241, "rhythm.bpm_histogram_second_peak_bpm": 112.0, "rhythm.bpm_histogram_second_peak_spread": 0.0, "rhythm.bpm_histogram_second_peak_weight": 0.04878048598766327, "rhythm.danceability": 1.0770645141601562, "rhythm.onset_rate": 2.208533763885498, "tonal.chords_changes_rate": 0.041753653436899185, "tonal.chords_number_rate": 0.010438413359224796, "tonal.chords_strength.mean": 0.5156632661819458, "tonal.chords_strength.stdev": 0.0867805927991867, "tonal.hpcp_crest.mean": 16.146326065063477, "tonal.hpcp_crest.stdev": 7.806579113006592, "tonal.hpcp_entropy.mean": 1.6454508304595947, "tonal.hpcp_entropy.stdev": 0.7425747513771057, "tonal.key_edma.strength": 0.6847096681594849, "tonal.key_krumhansl.strength": 0.6848509907722473, "tonal.key_temperley.strength": 0.6792412400245667, "tonal.tuning_diatonic_strength": 0.5976318717002869, "tonal.tuning_equal_tempered_deviation": 0.08314988017082214, "tonal.tuning_frequency": 438.47772216796875, "tonal.tuning_nontempered_energy_ratio": 0.734793484210968, "lowlevel.barkbands.mean": [0.000821456138510257, 0.021031677722930908, 0.008206971921026707, 0.0016604190459474921, 0.0027395174838602543, 0.0010527722770348191, 0.0006685546832159162, 0.0016876135487109423, 0.004936362616717815, 0.0014946195296943188, 0.0009935640264302492, 0.0014249063096940517, 0.0022080023773014545, 0.0007688432815484703, 0.0013750460930168629, 0.0006639828206971288, 0.0010943538509309292, 0.0009440950234420598, 0.0008883560658432543, 0.0006066017085686326, 0.00029898592038080096, 0.00016648790915496647, 0.00014381553046405315, 9.91781780612655e-05, 5.7905934227164835e-05, 1.7112475688918494e-05, 1.4541198822826118e-07], "lowlevel.barkbands.stdev": [0.000531298981513828, 0.01620909944176674, 0.010564389638602734, 0.003182493383064866, 0.008581859990954399, 0.0016568269347772002, 0.0012394682271406054, 0.002715218812227249, 0.007738552056252956, 0.0029867885168641806, 0.0014247141079977155, 0.0019073827425017953, 0.002695691306143999, 0.0010241287527605891, 0.0021458305418491364, 0.0004224815056659281, 0.0006425638566724956, 0.0005571075598709285, 0.00041806692024692893, 0.00031666329596191645, 0.00015602726489305496, 0.0001189424583571963, 9.137858432950452e-05, 7.813844422344118e-05, 5.136973413755186e-05, 2.022515946009662e-05, 3.7097291283316736e-07], "lowlevel.erbbands.mean": [0.2623678743839264, 5.708677768707275, 12.487203598022461, 6.060872554779053, 9.700682640075684, 7.68174934387207, 7.334147930145264, 9.098562240600586, 6.589045524597168, 16.565311431884766, 51.30793762207031, 130.831298828125, 59.512855529785156, 51.52151107788086, 36.64126968383789, 69.77207946777344, 92.1659164428711, 65.73824310302734, 84.48458862304688, 32.45383834838867, 48.77742004394531, 55.68457794189453, 54.990509033203125, 53.091461181640625, 36.334205627441406, 28.316408157348633, 16.31769371032715, 9.398582458496094, 6.412688732147217, 4.735313415527344, 3.9348056316375732, 2.469651699066162, 1.45231032371521, 0.8221507668495178, 0.31696397066116333, 0.1146261990070343, 0.022260043770074844, 0.0021305326372385025, 7.826262299204245e-05, 6.879719148855656e-05], "lowlevel.erbbands.stdev": [0.2741578221321106, 4.394230365753174, 12.372685432434082, 10.32421875, 29.846559524536133, 22.796720504760742, 16.26518440246582, 13.892620086669922, 9.914825439453125, 25.235780715942383, 83.51097869873047, 206.2177276611328, 90.02660369873047, 85.88652038574219, 40.178138732910156, 96.11217498779297, 105.55752563476562, 68.95551300048828, 130.648681640625, 23.172725677490234, 26.96137237548828, 27.67778968811035, 34.64649963378906, 27.403789520263672, 16.897836685180664, 15.104717254638672, 8.61037826538086, 5.162893295288086, 4.468730926513672, 3.086371421813965, 2.5964243412017822, 1.9069039821624756, 1.1855992078781128, 0.7557066679000854, 0.2962210178375244, 0.12438467144966125, 0.02858589217066765, 0.003549216315150261, 7.153306069085374e-05, 2.5406981876585633e-05], "lowlevel.gfcc.mean": [57.66170120239258, 87.4288101196289, -139.7393035888672, 48.4197883605957, -44.82625198364258, 31.91837501525879, -24.1292781829834, 23.937225341796875, -20.722932815551758, 3.6024904251098633, -12.874565124511719, -6.1679229736328125, -14.02211856842041], "lowlevel.melbands.mean": [0.00419438723474741, 0.00702081061899662, 0.0012165338266640902, 0.000650419679004699, 0.00025426645879633725, 0.00019275597878731787, 0.00011736654414562508, 0.0001978501386474818, 0.00042686969391070306, 0.0008633745019324124, 0.00027342935209162533, 0.00020499345555435866, 0.00010816614667419344, 0.0001707897608866915, 0.00010998958896379918, 0.000284161971649155, 9.183077054331079e-05, 0.00013020764163229614, 7.02170145814307e-05, 4.0168535633711144e-05, 6.3354593294207e-05, 6.475652480730787e-05, 4.7105066187214106e-05, 4.3820513383252546e-05, 4.4081563828513026e-05, 2.7172463887836784e-05, 2.3265043637366034e-05, 1.7896134522743523e-05, 1.1103101314802188e-05, 6.988335371715948e-06, 4.8726601562520955e-06, 3.823870429187082e-06, 2.7761495857703267e-06, 2.5880319753923686e-06, 2.3873008103691973e-06, 1.8270393411512487e-06, 1.4107635024629417e-06, 1.0784746109493426e-06, 8.288899948638573e-07, 6.446391012104868e-07], "lowlevel.melbands.stdev": [0.003416194813326001, 0.005774708464741707, 0.001977799227461219, 0.002124552149325609, 0.0005064811557531357, 0.00028933133580721915, 0.00019264039292465895, 0.00029204116435721517, 0.0007639055256731808, 0.0014156198594719172, 0.0004464570083655417, 0.0003721329558175057, 0.000133685942273587, 0.00021565922361332923, 0.0001225225714733824, 0.00036304231616668403, 0.0001259319542441517, 0.0001975577906705439, 8.735582377994433e-05, 3.0764960683882236e-05, 4.078336860402487e-05, 3.691731399158016e-05, 2.9691924282815307e-05, 2.568857598816976e-05, 2.5832001483649947e-05, 1.5180996342678554e-05, 1.2612635146069806e-05, 1.1052965419366956e-05, 6.3676893660158385e-06, 4.090058155270526e-06, 3.111270416411571e-06, 2.840734168785275e-06, 2.0682009562733583e-06, 1.7442237094655866e-06, 1.679494289419381e-06, 1.3742763940172154e-06, 1.1839227909149486e-06, 8.938430937632802e-07, 7.597485591759323e-07, 6.234238867364184e-07], "lowlevel.melbands128.mean": [0.0002752786676865071, 0.0009714417974464595, 0.005109198857098818, 0.011607090942561626, 0.00856888946145773, 0.003167275805026293, 0.0010289032943546772, 0.0008807857520878315, 0.001097143511287868, 0.0006861814181320369, 0.00037447159411385655, 0.00021043463493697345, 0.00026865629479289055, 0.00022033191635273397, 0.00027219566982239485, 0.00012647750554606318, 5.0518978241598234e-05, 0.00010157880751648918, 0.00023844641691539437, 0.0001497589546488598, 0.00017103276331909, 0.0003295613278169185, 0.000565800117328763, 0.0003620983334258199, 0.0007820173632353544, 0.0014381060609593987, 0.00017764282529242337, 0.0002410255983704701, 0.00013751904771197587, 0.00023919383238535374, 0.00024240775383077562, 0.00012697093188762665, 5.438494190457277e-05, 0.0001679098786553368, 5.119652996654622e-05, 0.0002502280694898218, 0.0002455142675898969, 6.440173456212506e-05, 3.9748618291923776e-05, 0.0002117953699780628, 0.00048488943139091134, 0.0001238039694726467, 6.741185643477365e-05, 8.831180457491428e-05, 6.518528971355408e-05, 0.00016241146659012884, 0.00019535741012077779, 5.339934068615548e-05, 3.0438937756116502e-05, 2.1703721358790062e-05, 4.960982550983317e-05, 5.143729504197836e-05, 3.713676051120274e-05, 8.573941158829257e-05, 8.704552601557225e-05, 6.647320697084069e-05, 3.984378417953849e-05, 3.673920582514256e-05, 5.046409205533564e-05, 6.959262827876955e-05, 3.156022648909129e-05, 3.147825918858871e-05, 6.325251888483763e-05, 4.432328205439262e-05, 2.250164106953889e-05, 2.7653499273583293e-05, 3.0153543775668368e-05, 1.998092011490371e-05, 2.5879329768940806e-05, 2.176652560592629e-05, 1.5840603737160563e-05, 1.9085769963567145e-05, 1.1883959814440459e-05, 9.89719046629034e-06, 9.489407602814026e-06, 7.239173555717571e-06, 5.9248973229841795e-06, 5.455251084640622e-06, 4.892452579952078e-06, 4.07704055760405e-06, 4.1231369323213585e-06, 3.6705928323499393e-06, 3.0155770218698308e-06, 2.768769945760141e-06, 2.489794496796094e-06, 2.6003092443716014e-06, 2.595208343336708e-06, 2.5379329144925578e-06, 2.6187533421762055e-06, 2.010211346714641e-06, 2.06902518584684e-06, 1.7938249357030145e-06, 1.4121555977908429e-06, 1.3264112794786342e-06, 1.5820862699911231e-06, 1.1509650903462898e-06, 1.001941768663528e-06, 8.373600053346308e-07, 8.671152613715094e-07, 8.022678343877487e-07, 7.497413321289059e-07, 6.396877552106162e-07, 5.19225920925237e-07, 3.209036094631301e-07, 3.312127887511451e-07, 3.394954717350629e-07, 2.884557090965245e-07, 2.769346565401065e-07, 1.917939584927808e-07, 1.2703127083568688e-07, 9.86764732147094e-08, 8.387655014985285e-08, 6.424854603892527e-08, 4.457073643493459e-08, 3.176086593725813e-08, 2.3946777005789954e-08, 6.4916036990325665e-09, 4.108856865858712e-10, 7.296175816295936e-12, 7.086395272665191e-12, 6.909401870092147e-12, 6.771202955974109e-12, 6.6129228828981645e-12, 6.4925109559410554e-12, 6.379478108969883e-12, 6.263161864139555e-12, 6.188594775524692e-12, 6.151232301299103e-12], "lowlevel.melbands128.stdev": [0.0003299601376056671, 0.0017958622192963958, 0.005044891964644194, 0.008956898003816605, 0.007671643514186144, 0.004561090376228094, 0.0022663918789476156, 0.0017349645495414734, 0.003723189001902938, 0.0028007044456899166, 0.0010296414839103818, 0.0004550938028842211, 0.0007554153562523425, 0.0004659661208279431, 0.00047474115854129195, 0.00019592833996284753, 0.00012674166646320373, 0.00019494257867336273, 0.0004939325735904276, 0.00029962134431116283, 0.00039005212602205575, 0.0007086851983331144, 0.0011610821820795536, 0.0012056910200044513, 0.0014067144365981221, 0.002713192719966173, 0.00034208252327516675, 0.0007475591264665127, 0.0005045593134127557, 0.0006548513774760067, 0.0004666178720071912, 0.0002831768069881946, 7.476425525965169e-05, 0.0002851069439202547, 7.941615331219509e-05, 0.0004112522001378238, 0.00041032489389181137, 0.00011372401058906689, 0.0001154549972852692, 0.00029597306274808943, 0.0006784185534343123, 0.00033252575667575, 0.00017604228924028575, 0.00014729153190273792, 0.00011264650675002486, 0.0003135992446914315, 0.0003914136905223131, 0.00010507857950869948, 3.240182559238747e-05, 1.9607186914072372e-05, 5.222166873863898e-05, 4.902304135612212e-05, 3.551728877937421e-05, 7.850438851164654e-05, 8.412922034040093e-05, 5.88709517614916e-05, 3.649027712526731e-05, 3.7398625863716006e-05, 4.6174434828571975e-05, 7.111199374776334e-05, 3.561170888133347e-05, 2.7869493351317942e-05, 5.4968219046713784e-05, 3.362486677360721e-05, 1.756121127982624e-05, 2.12656977964798e-05, 2.248328564746771e-05, 1.5928593711578287e-05, 2.194828812207561e-05, 1.861412420112174e-05, 1.4638619177276269e-05, 1.5758187146275304e-05, 9.356459486298263e-06, 7.746924893581308e-06, 7.765632290102076e-06, 5.772383701696526e-06, 4.6194959395506885e-06, 4.10043276133365e-06, 3.84744134862558e-06, 4.122824066143949e-06, 3.4901836443168577e-06, 3.2816017210279824e-06, 2.7439932637207676e-06, 2.3455691007256974e-06, 2.3246607270266395e-06, 1.995417733269278e-06, 2.057033043456613e-06, 2.2599351723329164e-06, 2.2023614292265847e-06, 1.6272807670247857e-06, 1.7484978798165685e-06, 1.6975217249637353e-06, 1.3055490626356914e-06, 1.3398292821875657e-06, 1.4847629472569679e-06, 1.131069893745007e-06, 8.970818043962936e-07, 9.705754564492963e-07, 9.262428761758201e-07, 7.506587280659005e-07, 8.596326779297669e-07, 7.082246042955376e-07, 5.359479473554529e-07, 3.550252642980922e-07, 4.0009291524256696e-07, 3.737668805570138e-07, 3.195232807229331e-07, 3.016695870883268e-07, 2.6567079203232424e-07, 1.886268563566773e-07, 1.611052766747889e-07, 1.2609493182935694e-07, 9.75272769210278e-08, 8.628597925053327e-08, 5.6630611311447865e-08, 6.309694100536944e-08, 1.502438884415369e-08, 2.6406878905760323e-09, 9.852611781990817e-12, 9.577395300441882e-12, 9.334768201474386e-12, 9.124417367500914e-12, 8.937348257298527e-12, 8.776931438581048e-12, 8.640842381890668e-12, 8.527910148881102e-12, 8.447687861734554e-12, 8.400109600958938e-12], "lowlevel.mfcc.mean": [-574.1048583984375, 105.8772201538086, -20.286211013793945, 26.572742462158203, 10.437849998474121, 12.163640022277832, 15.27527141571045, 16.07967758178711, 6.47901725769043, 12.269686698913574, 7.132407188415527, 5.724322319030762, -1.946323275566101], "lowlevel.spectral_contrast_coeffs.mean": [-0.6884434819221497, -0.715442419052124, -0.7202028036117554, -0.7628595232963562, -0.7777042388916016, -0.7406367063522339], "lowlevel.spectral_contrast_coeffs.stdev": [0.06007909029722214, 0.0713319256901741, 0.05829743295907974, 0.04115525260567665, 0.02477036975324154, 0.025959422811865807], "lowlevel.spectral_contrast_valleys.mean": [-6.513082981109619, -6.72214412689209, -6.880521297454834, -6.856667518615723, -6.544146537780762, -9.724455833435059], "lowlevel.spectral_contrast_valleys.stdev": [0.5372279286384583, 0.5228484869003296, 0.41109737753868103, 0.36431124806404114, 0.33511883020401, 0.434193879365921], "rhythm.beats_loudness_band_ratio.mean": [0.569724977016449, 0.05669953674077988, 0.1491243541240692, 0.1155112236738205, 0.09420154243707657, 0.041962821036577225], "rhythm.beats_loudness_band_ratio.stdev": [0.17692461609840393, 0.07033227384090424, 0.1377909779548645, 0.08616721630096436, 0.04911207780241966, 0.019264284521341324], "tonal.hpcp.mean": [0.1141560971736908, 0.08761913329362869, 0.0813857764005661, 0.15980581939220428, 0.11422468721866608, 0.02318006381392479, 0.019893469288945198, 0.023791806772351265, 0.03108542412519455, 0.05645005777478218, 0.04828105866909027, 0.022746993228793144, 0.025209102779626846, 0.023719213902950287, 0.07294467836618423, 0.1565316766500473, 0.12928612530231476, 0.14208148419857025, 0.19436945021152496, 0.11776025593280792, 0.05682776868343353, 0.06403245031833649, 0.07686670124530792, 0.23031257092952728, 0.5070390701293945, 0.37117788195610046, 0.10061758011579514, 0.0831371322274208, 0.07357443869113922, 0.08903513848781586, 0.1087479218840599, 0.08604361116886139, 0.05436330288648605, 0.04212913289666176, 0.033060818910598755, 0.06237909570336342], "tonal.hpcp.stdev": [0.227874755859375, 0.18266966938972473, 0.17709025740623474, 0.2707534432411194, 0.20851655304431915, 0.06975015252828598, 0.09254059195518494, 0.11315545439720154, 0.09649024903774261, 0.1013367772102356, 0.08703134953975677, 0.0834459513425827, 0.10415191948413849, 0.0955328717827797, 0.13345246016979218, 0.2567098140716553, 0.2131035178899765, 0.2725664973258972, 0.3333231508731842, 0.2420058399438858, 0.17221222817897797, 0.18991385400295258, 0.2101418823003769, 0.27065467834472656, 0.41132691502571106, 0.32099318504333496, 0.1989118754863739, 0.2113572657108307, 0.18676988780498505, 0.21248897910118103, 0.21343234181404114, 0.191295325756073, 0.13653874397277832, 0.12737274169921875, 0.11949004977941513, 0.14887049794197083], "rhythm.beats_position": [0.5224489569664001, 1.05650794506073, 1.5789568424224854, 2.1014058589935303, 2.623854875564575, 3.1346938610076904, 3.6455328464508057, 4.156371593475342, 4.667210578918457, 5.189659595489502, 5.712108612060547, 6.222947597503662, 6.733786582946777, 7.244625568389893, 7.743854522705078, 8.254693984985352, 8.777142524719238, 9.287981986999512, 9.798820495605469, 10.309659957885742, 10.8204984664917, 11.342947959899902, 11.865396499633789, 12.364625930786133, 12.87546443939209, 13.374693870544434, 13.89714241027832, 14.419591903686523, 14.93043041229248, 15.429659843444824, 15.928888320922852, 16.462947845458984, 16.973787307739258, 17.4846248626709, 17.995464324951172, 18.517913818359375, 19.040363311767578, 19.55120086669922, 20.062040328979492, 20.572879791259766, 21.08371925354004, 21.59455680847168], "rhythm.bpm_histogram": [0.0, 0.0, 0.0, 0.0, 0.0, 0.0, 0.0, 0.0, 0.0, 0.0, 0.0, 0.0, 0.0, 0.0, 0.0, 0.0, 0.0, 0.0, 0.0, 0.0, 0.0, 0.0, 0.0, 0.0, 0.0, 0.0, 0.0, 0.0, 0.0, 0.0, 0.0, 0.0, 0.0, 0.0, 0.0, 0.0, 0.0, 0.0, 0.0, 0.0, 0.0, 0.0, 0.0, 0.0, 0.0, 0.0, 0.0, 0.0, 0.0, 0.0, 0.0, 0.0, 0.0, 0.0, 0.0, 0.0, 0.0, 0.0, 0.0, 0.0, 0.0, 0.0, 0.0, 0.0, 0.0, 0.0, 0.0, 0.0, 0.0, 0.0, 0.0, 0.0, 0.0, 0.0, 0.0, 0.0, 0.0, 0.0, 0.0, 0.0, 0.0, 0.0, 0.0, 0.0, 0.0, 0.0, 0.0, 0.0, 0.0, 0.0, 0.0, 0.0, 0.0, 0.0, 0.0, 0.0, 0.0, 0.0, 0.0, 0.0, 0.0, 0.0, 0.0, 0.0, 0.0, 0.0, 0.0, 0.0, 0.0, 0.0, 0.0, 0.0, 0.04878048598766327, 0.0, 0.0, 0.2926829159259796, 0.0, 0.5365853905677795, 0.0, 0.0, 0.12195122241973877, 0.0, 0.0, 0.0, 0.0, 0.0, 0.0, 0.0, 0.0, 0.0, 0.0, 0.0, 0.0, 0.0, 0.0, 0.0, 0.0, 0.0, 0.0, 0.0, 0.0, 0.0, 0.0, 0.0, 0.0, 0.0, 0.0, 0.0, 0.0, 0.0, 0.0, 0.0, 0.0, 0.0, 0.0, 0.0, 0.0, 0.0, 0.0, 0.0, 0.0, 0.0, 0.0, 0.0, 0.0, 0.0, 0.0, 0.0, 0.0, 0.0, 0.0, 0.0, 0.0, 0.0, 0.0, 0.0, 0.0, 0.0, 0.0, 0.0, 0.0, 0.0, 0.0, 0.0, 0.0, 0.0, 0.0, 0.0, 0.0, 0.0, 0.0, 0.0, 0.0, 0.0, 0.0, 0.0, 0.0, 0.0, 0.0, 0.0, 0.0, 0.0, 0.0, 0.0, 0.0, 0.0, 0.0, 0.0, 0.0, 0.0, 0.0, 0.0, 0.0, 0.0, 0.0, 0.0, 0.0, 0.0, 0.0, 0.0, 0.0, 0.0, 0.0, 0.0, 0.0, 0.0, 0.0, 0.0, 0.0, 0.0, 0.0, 0.0, 0.0, 0.0, 0.0, 0.0, 0.0, 0.0, 0.0, 0.0, 0.0, 0.0, 0.0, 0.0, 0.0, 0.0, 0.0, 0.0, 0.0, 0.0], "tonal.chords_histogram": [65.34446716308594, 17.954071044921875, 3.757828712463379, 0.0, 0.0, 0.0, 0.0, 0.0, 0.20876826345920563, 0.0, 0.0, 0.0, 0.0, 0.0, 0.0, 0.0, 0.0, 0.0, 0.0, 0.0, 0.0, 7.933194160461426, 0.0, 4.801670074462891], "tonal.thpcp": [1.0, 0.7320498824119568, 0.19844147562980652, 0.16396592557430267, 0.14510604739189148, 0.1755981743335724, 0.21447642147541046, 0.16969819366931915, 0.10721718519926071, 0.08308853209018707, 0.06520368903875351, 0.12302621454000473, 0.22514259815216064, 0.17280548810958862, 0.16051185131072998, 0.31517457962036133, 0.2252778857946396, 0.04571652412414551, 0.03923458978533745, 0.04692302644252777, 0.06130775064229965, 0.11133275926113129, 0.09522157162427902, 0.04486240819096565, 0.04971826449036598, 0.04677985608577728, 0.14386402070522308, 0.30871719121932983, 0.2549825608730316, 0.2802180051803589, 0.3833421468734741, 0.2322508543729782, 0.11207769066095352, 0.12628701329231262, 0.15159916877746582, 0.4542304277420044], "lowlevel.gfcc.cov": [[1005.8164672851562, 55.62055969238281, 48.70022964477539, 9.640481948852539, -46.66033935546875, -28.602676391601562, -41.67392349243164, -23.79904556274414, -25.900922775268555, -4.820059776306152, -33.952632904052734, -1.4026498794555664, -20.923789978027344], [55.62055969238281, 279.9763488769531, -29.22001838684082, 28.89434242248535, 11.523494720458984, -42.92142105102539, 48.40500259399414, -32.706851959228516, 39.13286590576172, -33.15507507324219, 24.951313018798828, -44.2197380065918, 44.968204498291016], [48.70022964477539, -29.22001838684082, 184.30465698242188, 81.16036224365234, 27.140132904052734, -4.194878101348877, -30.97906494140625, -10.107645988464355, -6.090997219085693, 11.859556198120117, -1.2167586088180542, 27.729196548461914, -14.834675788879395], [9.640481948852539, 28.89434242248535, 81.16036224365234, 147.3440704345703, 77.2139663696289, 8.973719596862793, -7.110786437988281, -29.584707260131836, 7.743569374084473, -6.313260078430176, 19.61542510986328, 16.426023483276367, 26.231159210205078], [-46.66033935546875, 11.523494720458984, 27.140132904052734, 77.2139663696289, 152.14064025878906, 69.23619079589844, 66.81411743164062, 15.779236793518066, 22.93741226196289, 7.695229530334473, 23.15328598022461, 11.564850807189941, 16.011335372924805], [-28.602676391601562, -42.92142105102539, -4.194878101348877, 8.973719596862793, 69.23619079589844, 136.2338409423828, 104.5835189819336, 53.4224739074707, 27.55893898010254, 2.3547701835632324, 13.45387077331543, 3.566519260406494, 7.572730541229248], [-41.67392349243164, 48.40500259399414, -30.97906494140625, -7.110786437988281, 66.81411743164062, 104.5835189819336, 170.10797119140625, 85.78912353515625, 64.12972259521484, -4.075539588928223, 10.938430786132812, -16.99183464050293, 18.794130325317383], [-23.79904556274414, -32.706851959228516, -10.107645988464355, -29.584707260131836, 15.779236793518066, 53.4224739074707, 85.78912353515625, 121.27336120605469, 73.25184631347656, 26.93726921081543, 3.141665458679199, -2.3560879230499268, 4.480034828186035], [-25.900922775268555, 39.13286590576172, -6.090997219085693, 7.743569374084473, 22.93741226196289, 27.55893898010254, 64.12972259521484, 73.25184631347656, 100.240966796875, 34.51646423339844, 18.313657760620117, -11.629064559936523, 18.991477966308594], [-4.820059776306152, -33.15507507324219, 11.859556198120117, -6.313260078430176, 7.695229530334473, 2.3547701835632324, -4.075539588928223, 26.93726921081543, 34.51646423339844, 69.17896270751953, 36.463443756103516, 22.7320613861084, 0.2072288691997528], [-33.952632904052734, 24.951313018798828, -1.2167586088180542, 19.61542510986328, 23.15328598022461, 13.45387077331543, 10.938430786132812, 3.141665458679199, 18.313657760620117, 36.463443756103516, 79.73245239257812, 41.45816421508789, 22.080554962158203], [-1.4026498794555664, -44.2197380065918, 27.729196548461914, 16.426023483276367, 11.564850807189941, 3.566519260406494, -16.99183464050293, -2.3560879230499268, -11.629064559936523, 22.7320613861084, 41.45816421508789, 75.94522857666016, 24.989299774169922], [-20.923789978027344, 44.968204498291016, -14.834675788879395, 26.231159210205078, 16.011335372924805, 7.572730541229248, 18.794130325317383, 4.480034828186035, 18.991477966308594, 0.2072288691997528, 22.080554962158203, 24.989299774169922, 65.75553131103516]], "lowlevel.gfcc.icov": [[0.001200580270960927, -0.001556267379783094, 0.00021130226377863437, -0.000763578456826508, 0.0007377555593848228, -0.0012503337347880006, 0.0008349107811227441, -0.0008898390806280077, 0.0009809773182496428, -0.0014491226756945252, 0.00205022469162941, -0.0016331232618540525, 0.001238360651768744], [-0.001556267379783094, 0.01601504720747471, -0.0035583660937845707, 0.004250412806868553, -0.0024182689376175404, 0.012746477499604225, -0.010724618099629879, 0.010912256315350533, -0.008709248155355453, 0.010958559811115265, -0.014692394994199276, 0.014247496612370014, -0.010503037832677364], [0.00021130226377863437, -0.0035583660937845707, 0.010765810497105122, -0.008449326269328594, 0.0020293048582971096, -0.0028737231623381376, 0.0022812967654317617, -0.0034168176352977753, 0.001906646299175918, -0.00490277074277401, 0.0073265088722109795, -0.008840303868055344, 0.008081839419901371], [-0.000763578456826508, 0.004250412806868553, -0.008449326269328594, 0.019965706393122673, -0.009487607516348362, 0.0028716230299323797, 0.0017122926656156778, 0.007554249372333288, -0.00852872896939516, 0.009918393567204475, -0.00833727978169918, 0.006484108045697212, -0.009277727454900742], [0.0007377555593848228, -0.0024182689376175404, 0.0020293048582971096, -0.009487607516348362, 0.014790553599596024, -0.005332812666893005, -0.0038654706440865993, -0.00027772714383900166, 0.003032917156815529, -0.0060927849262952805, 0.0036782172974199057, -0.003879452822729945, 0.0036499963607639074], [-0.0012503337347880006, 0.012746477499604225, -0.0028737231623381376, 0.0028716230299323797, -0.005332812666893005, 0.026725945994257927, -0.01803203485906124, 0.00603260425850749, -0.002696388401091099, 0.007542818784713745, -0.011942731216549873, 0.009636701084673405, -0.0068420772440731525], [0.0008349107811227441, -0.010724618099629879, 0.0022812967654317617, 0.0017122926656156778, -0.0038654706440865993, -0.01803203485906124, 0.028638888150453568, -0.014759255573153496, 2.073989890050143e-05, 0.002218635519966483, 0.004375112242996693, -0.004211177118122578, 0.003387716133147478], [-0.0008898390806280077, 0.010912256315350533, -0.0034168176352977753, 0.007554249372333288, -0.00027772714383900166, 0.00603260425850749, -0.014759255573153496, 0.032542601227760315, -0.021306229755282402, 0.00431329570710659, -0.0027882528956979513, 0.0015991644468158484, -0.00368731701746583], [0.0009809773182496428, -0.008709248155355453, 0.001906646299175918, -0.00852872896939516, 0.003032917156815529, -0.002696388401091099, 2.073989890050143e-05, -0.021306229755282402, 0.0372406505048275, -0.01970687508583069, 0.004154114983975887, 0.005436574574559927, -0.003036455251276493], [-0.0014491226756945252, 0.010958559811115265, -0.00490277074277401, 0.009918393567204475, -0.0060927849262952805, 0.007542818784713745, 0.002218635519966483, 0.00431329570710659, -0.01970687508583069, 0.04022419452667236, -0.022473350167274475, 0.005126474425196648, -0.0021679229103028774], [0.00205022469162941, -0.014692394994199276, 0.0073265088722109795, -0.00833727978169918, 0.0036782172974199057, -0.011942731216549873, 0.004375112242996693, -0.0027882528956979513, 0.004154114983975887, -0.022473350167274475, 0.04111018776893616, -0.02700570970773697, 0.010427492670714855], [-0.0016331232618540525, 0.014247496612370014, -0.008840303868055344, 0.006484108045697212, -0.003879452822729945, 0.009636701084673405, -0.004211177118122578, 0.0015991644468158484, 0.005436574574559927, 0.005126474425196648, -0.02700570970773697, 0.04418616369366646, -0.023224741220474243], [0.001238360651768744, -0.010503037832677364, 0.008081839419901371, -0.009277727454900742, 0.0036499963607639074, -0.0068420772440731525, 0.003387716133147478, -0.00368731701746583, -0.003036455251276493, -0.0021679229103028774, 0.010427492670714855, -0.023224741220474243, 0.03369958698749542]], "lowlevel.mfcc.cov": [[975.9404296875, 56.613346099853516, 26.126888275146484, 14.867107391357422, -25.29084014892578, -17.303640365600586, -32.24341583251953, -26.64345932006836, -11.234146118164062, -22.936941146850586, -16.97550392150879, -8.148221969604492, -10.183121681213379], [56.613346099853516, 203.05548095703125, -24.99283218383789, 28.586633682250977, -33.1386833190918, -12.094797134399414, -5.9528117179870605, -8.465246200561523, 8.582807540893555, 14.905435562133789, 7.630825042724609, -3.6645689010620117, -11.439106941223145], [26.126888275146484, -24.99283218383789, 151.80007934570312, 44.48781204223633, 22.13551902770996, 0.8821088671684265, -25.883970260620117, -13.678175926208496, -19.703414916992188, -22.615737915039062, -2.2185614109039307, 6.610739707946777, 13.19774055480957], [14.867107391357422, 28.586633682250977, 44.48781204223633, 137.52943420410156, 66.88628387451172, 27.217233657836914, -13.253837585449219, -18.42439842224121, -10.938994407653809, -18.59102439880371, -15.188048362731934, -9.478569984436035, 13.796133995056152], [-25.29084014892578, -33.1386833190918, 22.13551902770996, 66.88628387451172, 101.02735137939453, 44.72808074951172, 13.814266204833984, 2.684401273727417, -4.231536388397217, -5.880090713500977, -3.719045639038086, 2.897359609603882, 17.446611404418945], [-17.303640365600586, -12.094797134399414, 0.8821088671684265, 27.217233657836914, 44.72808074951172, 98.96826934814453, 58.62166213989258, 37.35747528076172, 13.97844123840332, 3.3398187160491943, -0.03954772278666496, -3.842956066131592, 0.8434360027313232], [-32.24341583251953, -5.9528117179870605, -25.883970260620117, -13.253837585449219, 13.814266204833984, 58.62166213989258, 101.26101684570312, 69.27176666259766, 33.37001037597656, 17.365434646606445, 13.60643482208252, 16.350879669189453, 2.457092523574829], [-26.64345932006836, -8.465246200561523, -13.678175926208496, -18.42439842224121, 2.684401273727417, 37.35747528076172, 69.27176666259766, 107.86952209472656, 68.575927734375, 38.206077575683594, 20.723119735717773, 9.05267333984375, -7.969712257385254], [-11.234146118164062, 8.582807540893555, -19.703414916992188, -10.938994407653809, -4.231536388397217, 13.97844123840332, 33.37001037597656, 68.575927734375, 100.4104232788086, 67.07404327392578, 24.636756896972656, -2.264862060546875, -11.268841743469238], [-22.936941146850586, 14.905435562133789, -22.615737915039062, -18.59102439880371, -5.880090713500977, 3.3398187160491943, 17.365434646606445, 38.206077575683594, 67.07404327392578, 96.89157104492188, 45.474708557128906, 7.344511032104492, -14.4880952835083], [-16.97550392150879, 7.630825042724609, -2.2185614109039307, -15.188048362731934, -3.719045639038086, -0.03954772278666496, 13.60643482208252, 20.723119735717773, 24.636756896972656, 45.474708557128906, 61.20946502685547, 30.313796997070312, 2.4948272705078125], [-8.148221969604492, -3.6645689010620117, 6.610739707946777, -9.478569984436035, 2.897359609603882, -3.842956066131592, 16.350879669189453, 9.05267333984375, -2.264862060546875, 7.344511032104492, 30.313796997070312, 77.74929809570312, 40.32353973388672], [-10.183121681213379, -11.439106941223145, 13.19774055480957, 13.796133995056152, 17.446611404418945, 0.8434360027313232, 2.457092523574829, -7.969712257385254, -11.268841743469238, -14.4880952835083, 2.4948272705078125, 40.32353973388672, 68.96745300292969]], "lowlevel.mfcc.icov": [[0.0010719281854107976, -0.00028016133001074195, -0.00019855516438838094, -3.607332837418653e-05, 0.0002405959676252678, -0.00013183408009354025, 0.00023984552535694093, 0.00018452515359967947, -0.00032405953970737755, 0.00033241623896174133, 0.0001994125486817211, -0.00022493080177810043, 0.0002517222019378096], [-0.00028016133001074195, 0.006695571821182966, 0.0015076817944645882, -0.004352213349193335, 0.004542620852589607, 5.203975524636917e-05, -0.0008059137617237866, 0.0008971245842985809, -2.4434379156446084e-05, -0.000933623465243727, -0.0009185993112623692, -0.0003886496997438371, 0.0006942212348803878], [-0.00019855516438838094, 0.0015076817944645882, 0.008467769250273705, -0.0031226431019604206, 0.0007627441082149744, -0.0008677939767949283, 0.0033778734505176544, -0.002004034351557493, 0.0008661909378133714, 0.0016782424645498395, -0.0018917577108368278, -0.0008714511059224606, -0.0002372421440668404], [-3.607332837418653e-05, -0.004352213349193335, -0.0031226431019604206, 0.015462697483599186, -0.01031611766666174, -0.0017515813233330846, 0.0023664601612836123, 0.0015621815109625459, -0.002385201631113887, 0.0019715121015906334, 0.001391613855957985, 0.0014812557492405176, -0.0013874449068680406], [0.0002405959676252678, 0.004542620852589607, 0.0007627441082149744, -0.01031611766666174, 0.02130129747092724, -0.006336966063827276, -0.0001382227783324197, 0.00014202028978616, 0.0017579143168404698, -0.0023266493808478117, -0.0004167803272139281, -0.00044175333459861577, -0.002511268248781562], [-0.00013183408009354025, 5.203975524636917e-05, -0.0008677939767949283, -0.0017515813233330846, -0.006336966063827276, 0.02093452773988247, -0.012280521914362907, -0.0006622396176680923, 0.0013546921545639634, -0.00039593683322891593, -7.67992387409322e-05, 0.0038250130601227283, 0.00011819951760116965], [0.00023984552535694093, -0.0008059137617237866, 0.0033778734505176544, 0.0023664601612836123, -0.0001382227783324197, -0.012280521914362907, 0.02775736153125763, -0.014247134327888489, 0.0022763025481253862, 0.001192555413581431, 5.385753684095107e-05, -0.00470561720430851, -0.00029639402055181563], [0.00018452515359967947, 0.0008971245842985809, -0.002004034351557493, 0.0015621815109625459, 0.00014202028978616, -0.0006622396176680923, -0.014247134327888489, 0.029110081493854523, -0.017565451562404633, 0.004553548526018858, -0.001900533796288073, -0.0019725454039871693, 0.0033992230892181396], [-0.00032405953970737755, -2.4434379156446084e-05, 0.0008661909378133714, -0.002385201631113887, 0.0017579143168404698, 0.0013546921545639634, 0.0022763025481253862, -0.017565451562404633, 0.03221321851015091, -0.018748756498098373, 0.003926343284547329, 0.004209474660456181, -0.003591058310121298], [0.00033241623896174133, -0.000933623465243727, 0.0016782424645498395, 0.0019715121015906334, -0.0023266493808478117, -0.00039593683322891593, 0.001192555413581431, 0.004553548526018858, -0.018748756498098373, 0.03056170791387558, -0.01670064963400364, 0.0003818032273557037, 0.003993435297161341], [0.0001994125486817211, -0.0009185993112623692, -0.0018917577108368278, 0.001391613855957985, -0.0004167803272139281, -7.67992387409322e-05, 5.385753684095107e-05, -0.001900533796288073, 0.003926343284547329, -0.01670064963400364, 0.03448757156729698, -0.0129321264103055, 0.0032922944519668818], [-0.00022493080177810043, -0.0003886496997438371, -0.0008714511059224606, 0.0014812557492405176, -0.00044175333459861577, 0.0038250130601227283, -0.00470561720430851, -0.0019725454039871693, 0.004209474660456181, 0.0003818032273557037, -0.0129321264103055, 0.027416063472628593, -0.015016213990747929], [0.0002517222019378096, 0.0006942212348803878, -0.0002372421440668404, -0.0013874449068680406, -0.002511268248781562, 0.00011819951760116965, -0.00029639402055181563, 0.0033992230892181396, -0.003591058310121298, 0.003993435297161341, 0.0032922944519668818, -0.015016213990747929, 0.02492469735443592]], "metadata.audio_properties.analysis.downmix": "mix", "metadata.audio_properties.codec": "mp3", "metadata.audio_properties.md5_encoded": "6585882ae7defbe3fda07dd644dbc704", "metadata.tags.file_name": "1182277224762716221.mp3", "metadata.version.essentia": "2.1-beta6-dev", "metadata.version.essentia_git_sha": "v2.1_beta5-1110-g77a6a954", "metadata.version.extractor": "music 2.0", "tonal.chords_key": "Bb", "tonal.chords_scale": "major", "tonal.key_edma.key": "Bb", "tonal.key_edma.scale": "major", "tonal.key_krumhansl.key": "Bb", "tonal.key_krumhansl.scale": "major", "tonal.key_temperley.key": "Bb", "tonal.key_temperley.scale": "major", "metadata.tags.encoding": ["Lavf58.45.100"]}, "essentia_models": [{"model_name": "genre_dortmund", "activations": {"alternative": "0.036093403", "blues": "7.9941645e-05", "electronic": "0.0006604266", "folkcountry": "0.000113599854", "funksoulrnb": "0.0002024788", "jazz": "0.00088430697", "pop": "0.0020972257", "raphiphop": "3.472323e-05", "rock": "0.8946335"}}, {"model_name": "genre_rosamerica", "activations": {"classic": "0.00035078623", "dance": "4.2158026e-05", "hip hop": "0.00019762116", "jazz": "0.0044790804", "pop": "0.032107614", "rhythm and blues": "0.00042540807", "rock": "0.9915333", "speech": "4.7068654e-05"}}, {"model_name": "genre_tzanetakis", "activations": {"blues": "1.8250148e-05", "classic": "1.0034885e-06", "country": "0.