{"song_id": "1182269416516362240", "download": "https://cdn.discordapp.com/attachments/1128313332273782784/1182269416516362240/chirp.mp4?ex=65841532&amp", "lyrics": "I can buy myself flowers\nWrite my name in the sand\nTalk to myself for hours\nSay things you don't understand\nI can take myself dancing\nAnd I can hold my own hand\nYeah, I can love me better than you can\n\nCan love me better, I can love me better, baby\nCan love me better, I can love me better, baby\n\nPaint my nails cherry-red\nMatch the roses that you left\nNo remorse, no regret\nI forgive every word you said", "style": ["Rock"], "essentia_features": {"lowlevel.average_loudness": 0.5196115970611572, "lowlevel.barkbands_crest.mean": 14.842925071716309, "lowlevel.barkbands_crest.stdev": 6.265524387359619, "lowlevel.barkbands_flatness_db.mean": 0.29045355319976807, "lowlevel.barkbands_flatness_db.stdev": 0.15333376824855804, "lowlevel.barkbands_kurtosis.mean": 219.60939025878906, "lowlevel.barkbands_kurtosis.stdev": 753.2769775390625, "lowlevel.barkbands_skewness.mean": 6.348979949951172, "lowlevel.barkbands_skewness.stdev": 8.983240127563477, "lowlevel.barkbands_spread.mean": 14.524608612060547, "lowlevel.barkbands_spread.stdev": 18.184934616088867, "lowlevel.dissonance.mean": 0.46083277463912964, "lowlevel.dissonance.stdev": 0.032699793577194214, "lowlevel.dynamic_complexity": 4.8399810791015625, "lowlevel.erbbands_crest.mean": 11.085829734802246, "lowlevel.erbbands_crest.stdev": 5.436067581176758, "lowlevel.erbbands_flatness_db.mean": 0.17262719571590424, "lowlevel.erbbands_flatness_db.stdev": 0.06623759865760803, "lowlevel.erbbands_kurtosis.mean": 6.98145055770874, "lowlevel.erbbands_kurtosis.stdev": 21.555681228637695, "lowlevel.erbbands_skewness.mean": 0.9278002381324768, "lowlevel.erbbands_skewness.stdev": 2.3201866149902344, "lowlevel.erbbands_spread.mean": 49.67313003540039, "lowlevel.erbbands_spread.stdev": 33.69557189941406, "lowlevel.hfc.mean": 40.49560546875, "lowlevel.hfc.stdev": 52.404212951660156, "lowlevel.loudness_ebu128.integrated": -15.191160202026367, "lowlevel.loudness_ebu128.loudness_range": 8.568255424499512, "lowlevel.loudness_ebu128.momentary.mean": -18.905542373657227, "lowlevel.loudness_ebu128.momentary.stdev": 7.810876369476318, "lowlevel.loudness_ebu128.short_term.mean": -16.41409683227539, "lowlevel.loudness_ebu128.short_term.stdev": 3.1528549194335938, "lowlevel.melbands_crest.mean": 25.968000411987305, "lowlevel.melbands_crest.stdev": 10.47498607635498, "lowlevel.melbands_flatness_db.mean": 0.35868290066719055, "lowlevel.melbands_flatness_db.stdev": 0.1923416256904602, "lowlevel.melbands_kurtosis.mean": 183.34117126464844, "lowlevel.melbands_kurtosis.stdev": 292.1944885253906, "lowlevel.melbands_skewness.mean": 7.771227836608887, "lowlevel.melbands_skewness.stdev": 7.0819878578186035, "lowlevel.melbands_spread.mean": 18.4449520111084, "lowlevel.melbands_spread.stdev": 37.56182098388672, "lowlevel.pitch_salience.mean": 0.3399735987186432, "lowlevel.pitch_salience.stdev": 0.22207413613796234, "lowlevel.silence_rate_20dB.mean": 0.6561762094497681, "lowlevel.silence_rate_20dB.stdev": 0.47498369216918945, "lowlevel.silence_rate_30dB.mean": 0.49173879623413086, "lowlevel.silence_rate_30dB.stdev": 0.4999329447746277, "lowlevel.silence_rate_60dB.mean": 0.12903225421905518, "lowlevel.silence_rate_60dB.stdev": 0.33523470163345337, "lowlevel.spectral_centroid.mean": 1405.5343017578125, "lowlevel.spectral_centroid.stdev": 1190.8505859375, "lowlevel.spectral_complexity.mean": 10.518489837646484, "lowlevel.spectral_complexity.stdev": 9.506698608398438, "lowlevel.spectral_decrease.mean": -6.903669458324657e-08, "lowlevel.spectral_decrease.stdev": 8.117701355558893e-08, "lowlevel.spectral_energy.mean": 0.2642333507537842, "lowlevel.spectral_energy.stdev": 0.30732256174087524, "lowlevel.spectral_energyband_high.mean": 0.00255710631608963, "lowlevel.spectral_energyband_high.stdev": 0.005578766576945782, "lowlevel.spectral_energyband_low.mean": 0.2419266700744629, "lowlevel.spectral_energyband_low.stdev": 0.29587215185165405, "lowlevel.spectral_energyband_middle_high.mean": 0.002918186830356717, "lowlevel.spectral_energyband_middle_high.stdev": 0.005276320036500692, "lowlevel.spectral_energyband_middle_low.mean": 0.00983760692179203, "lowlevel.spectral_energyband_middle_low.stdev": 0.030110368505120277, "lowlevel.spectral_entropy.mean": 7.293471813201904, "lowlevel.spectral_entropy.stdev": 0.9724262952804565, "lowlevel.spectral_flux.mean": 0.11933180689811707, "lowlevel.spectral_flux.stdev": 0.13636672496795654, "lowlevel.spectral_kurtosis.mean": 5.5380096435546875, "lowlevel.spectral_kurtosis.stdev": 9.649828910827637, "lowlevel.spectral_rms.mean": 0.012592853978276253, "lowlevel.spectral_rms.stdev": 0.009960363619029522, "lowlevel.spectral_rolloff.mean": 1456.9031982421875, "lowlevel.spectral_rolloff.stdev": 2819.47314453125, "lowlevel.spectral_skewness.mean": 1.6679966449737549, "lowlevel.spectral_skewness.stdev": 1.0085071325302124, "lowlevel.spectral_spread.mean": 5950094.5, "lowlevel.spectral_spread.stdev": 2538086.0, "lowlevel.spectral_strongpeak.mean": 1.0800493955612183, "lowlevel.spectral_strongpeak.stdev": 1.373149037361145, "lowlevel.zerocrossingrate.mean": 0.05981157347559929, "lowlevel.zerocrossingrate.stdev": 0.07957145571708679, "metadata.audio_properties.analysis.equal_loudness": 0.0, "metadata.audio_properties.analysis.length": 29.48265266418457, "metadata.audio_properties.analysis.sample_rate": 44100.0, "metadata.audio_properties.analysis.start_time": 0.0, "metadata.audio_properties.bit_rate": 119779.0, "metadata.audio_properties.length": 29.482666015625, "metadata.audio_properties.lossless": 0.0, "metadata.audio_properties.number_channels": 1.0, "metadata.audio_properties.replay_gain": -6.614189147949219, "metadata.audio_properties.sample_rate": 48000.0, "rhythm.beats_count": 42.0, "rhythm.beats_loudness.mean": 0.2789749801158905, "rhythm.beats_loudness.stdev": 0.3022746443748474, "rhythm.bpm": 87.5776138305664, "rhythm.bpm_histogram_first_peak_bpm": 86.0, "rhythm.bpm_histogram_first_peak_weight": 0.53125, "rhythm.bpm_histogram_second_peak_bpm": 91.0, "rhythm.bpm_histogram_second_peak_spread": 0.0, "rhythm.bpm_histogram_second_peak_weight": 0.1463414579629898, "rhythm.danceability": 0.8847139477729797, "rhythm.onset_rate": 3.9320764541625977, "tonal.chords_changes_rate": 0.10691823810338974, "tonal.chords_number_rate": 0.01886792480945587, "tonal.chords_strength.mean": 0.4772350788116455, "tonal.chords_strength.stdev": 0.09331101179122925, "tonal.hpcp_crest.mean": 12.692444801330566, "tonal.hpcp_crest.stdev": 5.95680570602417, "tonal.hpcp_entropy.mean": 2.160400152206421, "tonal.hpcp_entropy.stdev": 0.7718168497085571, "tonal.key_edma.strength": 0.6685044169425964, "tonal.key_krumhansl.strength": 0.6764576435089111, "tonal.key_temperley.strength": 0.6779793500900269, "tonal.tuning_diatonic_strength": 0.516836404800415, "tonal.tuning_equal_tempered_deviation": 0.2550954222679138, "tonal.tuning_frequency": 434.193115234375, "tonal.tuning_nontempered_energy_ratio": 0.9392329454421997, "lowlevel.barkbands.mean": [0.07570595294237137, 0.1641044169664383, 0.009179500862956047, 0.0035466919653117657, 0.0019197488436475396, 0.002352725714445114, 0.0004581564571708441, 0.0009089933591894805, 0.000553978665266186, 0.0003148744290228933, 0.000253853271715343, 0.00026781580527313054, 0.0002947457251138985, 0.0004097859200555831, 0.0003418746928218752, 0.00029860608628951013, 0.00020798899640794843, 9.810328629100695e-05, 0.00018676105537451804, 0.0006274150218814611, 0.00018997222650796175, 0.00023306114599108696, 0.0003393977240193635, 0.0005933986394666135, 0.0005713185528293252, 0.0002726307138800621, 1.4988125940362806e-06], "lowlevel.barkbands.stdev": [0.12345851957798004, 0.21034303307533264, 0.040568869560956955, 0.01792658306658268, 0.010656394995748997, 0.0055578467436134815, 0.0013826345093548298, 0.0026722783222794533, 0.00143971829675138, 0.00104797282256186, 0.0008191368542611599, 0.0010320869041606784, 0.0009756081853993237, 0.0014367385301738977, 0.0011083087883889675, 0.0007108825375325978, 0.0005752528668381274, 0.00039052896318025887, 0.0007294034585356712, 0.001392301986925304, 0.0005153039237484336, 0.0005854712799191475, 0.0009147589444182813, 0.0017485247226431966, 0.0015838086837902665, 0.0007604489219374955, 7.279383225977654e-06], "lowlevel.erbbands.mean": [9.713089942932129, 17.690685272216797, 13.806139945983887, 10.357704162597656, 10.344730377197266, 4.633455753326416, 7.435128211975098, 23.3955078125, 9.666288375854492, 14.393864631652832, 14.936593055725098, 11.260239601135254, 12.69739055633545, 13.287348747253418, 10.15019416809082, 10.16840934753418, 11.958752632141113, 17.69797134399414, 21.839540481567383, 14.93041706085205, 17.227405548095703, 11.844103813171387, 6.142789840698242, 6.432456016540527, 14.923359870910645, 31.141298294067383, 13.659972190856934, 5.670873641967773, 8.138260841369629, 10.343198776245117, 9.000534057617188, 9.617260932922363, 11.506141662597656, 7.299323558807373, 3.6200010776519775, 1.5811501741409302, 0.42997539043426514, 0.03622400388121605, 0.0008676750003360212, 0.0003304805140942335], "lowlevel.erbbands.stdev": [12.372459411621094, 30.2924747467041, 45.791446685791016, 56.83946228027344, 45.0828971862793, 32.30259704589844, 31.247358322143555, 54.91962814331055, 24.474681854248047, 41.45899200439453, 42.38362121582031, 29.23515510559082, 36.44367980957031, 43.98104476928711, 34.61599349975586, 39.65323257446289, 38.560455322265625, 53.97390365600586, 65.92111206054688, 37.62638854980469, 42.89373016357422, 32.329978942871094, 23.293033599853516, 24.669584274291992, 44.97144317626953, 68.97718811035156, 34.399688720703125, 15.398553848266602, 23.120031356811523, 24.50782585144043, 25.37334632873535, 28.777257919311523, 34.73492431640625, 21.29006004333496, 9.844864845275879, 4.421551704406738, 1.2073837518692017, 0.10835243761539459, 0.002113611903041601, 0.0003420896828174591], "lowlevel.gfcc.mean": [-52.7247428894043, 63.46989440917969, -77.6617431640625, 38.49422073364258, -49.013893127441406, 17.70302963256836, -34.76278305053711, 14.1951265335083, -21.505645751953125, 11.439831733703613, -15.059643745422363, -4.80205774307251, -1.7090500593185425], "lowlevel.melbands.mean": [0.06787869334220886, 0.011112328618764877, 0.0018379440298303962, 0.0005050729960203171, 0.00023897155188024044, 0.0004944339161738753, 0.00014068100426811725, 0.00018264693790115416, 0.00010109981667483225, 7.98524051788263e-05, 6.237417255761102e-05, 5.168389907339588e-05, 3.3749613066902384e-05, 3.028455284947995e-05, 2.762376971077174e-05, 2.6194433303317055e-05, 3.5284931072965264e-05, 3.757436206797138e-05, 2.5848954464890994e-05, 1.7449632650823332e-05, 2.0356943423394114e-05, 1.2837627764383797e-05, 7.505226676585153e-06, 4.168297436990542e-06, 4.9455838961876e-06, 7.949081009428483e-06, 1.6541953300475143e-05, 2.1931880837655626e-05, 1.0053954611066729e-05, 4.228747457091231e-06, 2.8407409899955383e-06, 4.329639523348305e-06, 5.083045380160911e-06, 6.250747901503928e-06, 5.079153652332025e-06, 5.05149591845111e-06, 6.240962648007553e-06, 8.221471034630667e-06, 7.148056738515152e-06, 5.9200342548138e-06], "lowlevel.melbands.stdev": [0.0838669091463089, 0.024042852222919464, 0.00903751514852047, 0.002653828589245677, 0.001129401265643537, 0.0011519186664372683, 0.0003478057333268225, 0.0005168153438717127, 0.0002834525948856026, 0.00021407302119769156, 0.00018124155758414418, 0.00017539877444505692, 0.00011062480916734785, 0.00012045152834616601, 0.000114670634502545, 8.549843187211081e-05, 0.00011842638195957989, 0.00012006275210296735, 8.478816016577184e-05, 4.107838685740717e-05, 5.652580512105487e-05, 3.5791443224297836e-05, 2.756892536126543e-05, 1.607737794984132e-05, 2.014509664149955e-05, 3.122800626442768e-05, 4.1111601603915915e-05, 5.109490666654892e-05, 2.7265679818810895e-05, 1.1822054148069583e-05, 8.119660378724802e-06, 1.3328799468581565e-05, 1.1982770047325175e-05, 1.5789870303706266e-05, 1.4697509868710767e-05, 1.5337085642386228e-05, 1.938005880219862e-05, 2.5217683287337422e-05, 2.152631350327283e-05, 1.7576991012902e-05], "lowlevel.melbands128.mean": [0.06670995056629181, 0.1023203581571579, 0.058618780225515366, 0.020983314141631126, 0.008452505804598331, 0.003621242009103298, 0.002012738725170493, 0.0016813561087474227, 0.0010438894387334585, 0.00040221665403805673, 0.00019221175170969218, 0.0001544358383398503, 0.00019069730478804559, 0.00040465296478942037, 0.0006175821181386709, 0.0005486305453814566, 0.000184770324267447, 5.5185912060551345e-05, 7.742326852167025e-05, 0.00015627345419488847, 0.0002648400841280818, 0.00020448309078346938, 5.3676561947213486e-05, 2.9581500712083653e-05, 4.7394150897162035e-05, 0.00012213394802529365, 0.00011367603292455897, 4.5756270992569625e-05, 2.649054476933088e-05, 4.544839612208307e-05, 7.3740586230997e-05, 3.904381810571067e-05, 2.597854472696781e-05, 2.9881124646635726e-05, 4.199817340122536e-05, 2.5961069695767947e-05, 2.008057344937697e-05, 3.1594310712534934e-05, 2.974708695546724e-05, 2.0932493498548865e-05, 2.853793921531178e-05, 3.045643461518921e-05, 1.8362428818363696e-05, 5.489005707204342e-05, 4.74893422506284e-05, 2.3873308236943558e-05, 3.985128932981752e-05, 3.0626448278781027e-05, 1.626569610380102e-05, 1.9239903849666007e-05, 1.3487476280715782e-05, 2.0870327716693282e-05, 2.5256758817704394e-05, 1.8530063243815675e-05, 1.3273111107992008e-05, 1.3736415894527454e-05, 1.1090321095252875e-05, 8.444929335382767e-06, 6.487010523414938e-06, 4.894193352811271e-06, 3.8000152926542796e-06, 3.7616830468323315e-06, 4.251352493156446e-06, 5.538569439522689e-06, 5.567664175032405e-06, 7.634800567757338e-06, 9.436075742996763e-06, 1.1184381037310231e-05, 1.7809379642130807e-05, 2.4393453713855706e-05, 2.456488073221408e-05, 2.0845556718995795e-05, 1.3066745850665029e-05, 8.272602826764341e-06, 5.8130844990955666e-06, 4.852383426623419e-06, 3.22700043398072e-06, 2.6163786515098764e-06, 2.75718866760144e-06, 2.924848104157718e-06, 3.958763500122586e-06, 5.203856289881514e-06, 4.845547209697543e-06, 5.134329512657132e-06, 4.9661280172585975e-06, 5.954441348876571e-06, 7.097815796441864e-06, 6.23130654275883e-06, 4.2835977183131035e-06, 4.832239483221201e-06, 5.371599399950355e-06, 4.849312063015532e-06, 4.923886081087403e-06, 6.3872030295897275e-06, 6.790159204683732e-06, 7.372681466222275e-06, 8.908631571102887e-06, 9.133772437053267e-06, 7.0221299210970756e-06, 6.227073299669428e-06, 6.2085537138045765e-06, 6.3194370341079775e-06, 5.044230874773348e-06, 4.650190476240823e-06, 4.040517069370253e-06, 3.494822749416926e-06, 3.2500806810276117e-06, 3.0681101179652615e-06, 2.821105226757936e-06, 2.4230369035649346e-06, 2.0176341877231607e-06, 1.6257939705610625e-06, 1.3046964113527793e-06, 1.0042242593044648e-06, 6.145392603684741e-07, 3.481064823063207e-07, 6.713176503581053e-08, 1.4497730793650021e-09, 6.082140346919118e-11, 6.035852373464934e-11, 5.663056829030566e-11, 5.036370626099185e-11, 4.770692868527604e-11, 4.882065932076962e-11, 4.660323515981446e-11, 4.447519436068248e-11, 4.388958294021528e-11, 4.356214000633685e-11], "lowlevel.melbands128.stdev": [0.10716760903596878, 0.13384319841861725, 0.0849628895521164, 0.04199737310409546, 0.026941761374473572, 0.018539030104875565, 0.012887508608400822, 0.00759897381067276, 0.004405768122524023, 0.0026485894341021776, 0.0016503786901012063, 0.0013249187031760812, 0.001073724590241909, 0.001355409505777061, 0.0015868936898186803, 0.0014204442268237472, 0.0006067609065212309, 0.0002263545902678743, 0.00031878764275461435, 0.0006080556777305901, 0.0008959539700299501, 0.0006958033191040158, 0.00020112555648665875, 0.00012464683095458895, 0.00020658131688833237, 0.0003916970163118094, 0.00036802529939450324, 0.00023730802058707923, 0.0001072761369869113, 0.00019696704111993313, 0.00030019349651411176, 0.00013673586363438517, 0.00013334148388821632, 0.00011828776769107208, 0.00020847521955147386, 0.00012318373774178326, 0.00011822212400147691, 0.0001615511573618278, 0.00012792571214959025, 9.942320320988074e-05, 0.00011634881229838356, 0.0001241126301465556, 6.262287206482142e-05, 0.0002714143192861229, 0.00021683968952856958, 8.730190165806562e-05, 0.0001794810377759859, 0.00014281451876740903, 5.61326123715844e-05, 5.959340705885552e-05, 4.4734497350873426e-05, 6.422812293749303e-05, 8.166967745637521e-05, 7.005657244008034e-05, 3.777135134441778e-05, 4.222972347633913e-05, 4.171391265117563e-05, 3.169792762491852e-05, 3.3807715226430446e-05, 2.3346789021161385e-05, 1.5203383554762695e-05, 1.5686922779423185e-05, 1.7180653230752796e-05, 2.677884003787767e-05, 2.4856533855199814e-05, 3.3257470931857824e-05, 4.179250754532404e-05, 3.686319905682467e-05, 5.020574826630764e-05, 6.0547874454641715e-05, 6.059121005819179e-05, 6.898996798554435e-05, 3.962970004067756e-05, 2.433140980429016e-05, 1.7876129277283326e-05, 1.6009660612326115e-05, 8.820858056424186e-06, 8.518033610016573e-06, 8.61267380969366e-06, 8.627369425084908e-06, 1.2863804840890225e-05, 1.9439974494162016e-05, 1.4601862858398817e-05, 1.2855850400228519e-05, 1.1171008736710064e-05, 1.4148798072710633e-05, 2.0732097254949622e-05, 1.8682207155507058e-05, 1.4088618627283722e-05, 1.6285557649098337e-05, 1.731401789584197e-05, 1.5390056432806887e-05, 1.668066943238955e-05, 2.151491935364902e-05, 2.27628606808139e-05, 2.471741936460603e-05, 2.94103920168709e-05, 3.0314327887026593e-05, 2.2678736058878712e-05, 2.0084893549210392e-05, 1.883840923255775e-05, 1.985386734304484e-05, 1.5856636309763417e-05, 1.3506249160855077e-05, 1.1980668205069378e-05, 1.0279746675223578e-05, 9.128227247856557e-06, 9.5538771347492e-06, 8.778910341789015e-06, 7.231188192236004e-06, 6.380369541147957e-06, 5.199845872994047e-06, 3.89978185921791e-06, 3.0306587177619804e-06, 2.088727569571347e-06, 1.2931253650094732e-06, 2.6257649210492673e-07, 9.559624203347994e-09, 2.070567606260454e-10, 2.3812452010218976e-10, 1.9600446266032634e-10, 1.3134701659645032e-10, 1.0286101831402661e-10, 1.418039158318507e-10, 1.0726038113251235e-10, 9.138711315470616e-11, 9.045630910975433e-11, 8.996028921792742e-11], "lowlevel.mfcc.mean": [-712.7350463867188, 103.68289184570312, 28.517772674560547, 26.377172470092773, 14.205379486083984, 7.580838203430176, 7.011743545532227, -3.7618141174316406, 8.562332153320312, 11.224664688110352, -7.604403972625732, -1.28488028049469, 13.042043685913086], "lowlevel.spectral_contrast_coeffs.mean": [-0.6284316182136536, -0.7447448968887329, -0.7900376915931702, -0.7948871850967407, -0.7777658700942993, -0.7897542715072632], "lowlevel.spectral_contrast_coeffs.stdev": [0.10227274149656296, 0.10368035733699799, 0.07638595253229141, 0.06398239731788635, 0.05802781879901886, 0.04793091118335724], "lowlevel.spectral_contrast_valleys.mean": [-7.7158894538879395, -7.671500205993652, -8.324007034301758, -8.434398651123047, -8.33258056640625, -10.5183687210083], "lowlevel.spectral_contrast_valleys.stdev": [1.7421756982803345, 0.96808260679245, 1.0780436992645264, 1.2034754753112793, 1.3382420539855957, 1.6911571025848389], "rhythm.beats_loudness_band_ratio.mean": [0.5970093011856079, 0.09846855700016022, 0.097093865275383, 0.06593753397464752, 0.06047579273581505, 0.09526608139276505], "rhythm.beats_loudness_band_ratio.stdev": [0.4280109107494354, 0.19515341520309448, 0.1676027774810791, 0.10821378231048584, 0.10978229343891144, 0.23139545321464539], "tonal.hpcp.mean": [0.03818564862012863, 0.03923403471708298, 0.03089209645986557, 0.0238982941955328, 0.021881768479943275, 0.023737331852316856, 0.03424546867609024, 0.054014164954423904, 0.07609076797962189, 0.33942511677742004, 0.39970171451568604, 0.13678276538848877, 0.061569951474666595, 0.06610486656427383, 0.0779360979795456, 0.062150150537490845, 0.04345788434147835, 0.048093896359205246, 0.05660867318511009, 0.056389305740594864, 0.06138000264763832, 0.07917104661464691, 0.08620026707649231, 0.07602617144584656, 0.06449900567531586, 0.06257008016109467, 0.07909946888685226, 0.08456719666719437, 0.08181072026491165, 0.0809355080127716, 0.1287308633327484, 0.20428352057933807, 0.1465548425912857, 0.05291430652141571, 0.03861868754029274, 0.03716603294014931], "tonal.hpcp.stdev": [0.1287931203842163, 0.13536740839481354, 0.10882844030857086, 0.09042145311832428, 0.08786484599113464, 0.08694865554571152, 0.12692590057849884, 0.16213153302669525, 0.18374638259410858, 0.4008270800113678, 0.4519924521446228, 0.23343715071678162, 0.17133016884326935, 0.17453330755233765, 0.2179788053035736, 0.18322552740573883, 0.13361328840255737, 0.1559581160545349, 0.1722080260515213, 0.1800619661808014, 0.18225422501564026, 0.22636330127716064, 0.2240656614303589, 0.20481251180171967, 0.19006650149822235, 0.17455747723579407, 0.2103620171546936, 0.21236522495746613, 0.20943304896354675, 0.20341651141643524, 0.22478258609771729, 0.34771227836608887, 0.269504189491272, 0.14995847642421722, 0.12977397441864014, 0.11833778768777847], "rhythm.beats_position": [0.743038535118103, 1.486077070236206, 2.1710658073425293, 2.8560543060302734, 3.5526530742645264, 4.23764181137085, 4.922630310058594, 5.619228839874268, 6.315827369689941, 7.000816345214844, 7.685804843902588, 8.382403373718262, 9.079002380371094, 9.77560043334961, 10.460589408874512, 11.145578384399414, 11.83056640625, 12.515555381774902, 13.212154388427734, 13.90875244140625, 14.605351448059082, 15.301949501037598, 15.99854850769043, 16.695146560668945, 17.391746520996094, 18.08834457397461, 18.784942626953125, 19.53959083557129, 20.305849075317383, 20.967618942260742, 21.61777687072754, 22.2795467376709, 22.941314697265625, 23.60308265686035, 24.27646255493164, 24.949840545654297, 25.634828567504883, 26.308208465576172, 26.981586456298828, 27.654966354370117, 28.305124282836914, 28.97850227355957], "rhythm.bpm_histogram": [0.0, 0.0, 0.0, 0.0, 0.0, 0.0, 0.0, 0.0, 0.0, 0.0, 0.0, 0.0, 0.0, 0.0, 0.0, 0.0, 0.0, 0.0, 0.0, 0.0, 0.0, 0.0, 0.0, 0.0, 0.0, 0.0, 0.0, 0.0, 0.0, 0.0, 0.0, 0.0, 0.0, 0.0, 0.0, 0.0, 0.0, 0.0, 0.0, 0.0, 0.0, 0.0, 0.0, 0.0, 0.0, 0.0, 0.0, 0.0, 0.0, 0.0, 0.0, 0.0, 0.0, 0.0, 0.0, 0.0, 0.0, 0.0, 0.0, 0.0, 0.0, 0.0, 0.0, 0.0, 0.0, 0.0, 0.0, 0.0, 0.0, 0.0, 0.0, 0.0, 0.0, 0.0, 0.0, 0.0, 0.0, 0.0, 0.024390242993831635, 0.0, 0.024390242993831635, 0.024390242993831635, 0.0, 0.0, 0.0, 0.0, 0.3658536672592163, 0.0, 0.26829269528388977, 0.1463414579629898, 0.0, 0.09756097197532654, 0.04878048598766327, 0.0, 0.0, 0.0, 0.0, 0.0, 0.0, 0.0, 0.0, 0.0, 0.0, 0.0, 0.0, 0.0, 0.0, 0.0, 0.0, 0.0, 0.0, 0.0, 0.0, 0.0, 0.0, 0.0, 0.0, 0.0, 0.0, 0.0, 0.0, 0.0, 0.0, 0.0, 0.0, 0.0, 0.0, 0.0, 0.0, 0.0, 0.0, 0.0, 0.0, 0.0, 0.0, 0.0, 0.0, 0.0, 0.0, 0.0, 0.0, 0.0, 0.0, 0.0, 0.0, 0.0, 0.0, 0.0, 0.0, 0.0, 0.0, 0.0, 0.0, 0.0, 0.0, 0.0, 0.0, 0.0, 0.0, 0.0, 0.0, 0.0, 0.0, 0.0, 0.0, 0.0, 0.0, 0.0, 0.0, 0.0, 0.0, 0.0, 0.0, 0.0, 0.0, 0.0, 0.0, 0.0, 0.0, 0.0, 0.0, 0.0, 0.0, 0.0, 0.0, 0.0, 0.0, 0.0, 0.0, 0.0, 0.0, 0.0, 0.0, 0.0, 0.0, 0.0, 0.0, 0.0, 0.0, 0.0, 0.0, 0.0, 0.0, 0.0, 0.0, 0.0, 0.0, 0.0, 0.0, 0.0, 0.0, 0.0, 0.0, 0.0, 0.0, 0.0, 0.0, 0.0, 0.0, 0.0, 0.0, 0.0, 0.0, 0.0, 0.0, 0.0, 0.0, 0.0, 0.0, 0.0, 0.0, 0.0, 0.0, 0.0, 0.0, 0.0, 0.0, 0.0, 0.0, 0.0, 0.0, 0.0, 0.0, 0.0, 0.0, 0.0, 0.0, 0.0, 0.0, 0.0], "tonal.chords_histogram": [23.42767333984375, 0.0, 10.377358436584473, 0.31446540355682373, 0.6289308071136475, 6.446540832519531, 0.0, 1.5723270177841187, 2.9874212741851807, 0.0, 3.6163523197174072, 0.0, 0.6289308071136475, 0.0, 2.044025182723999, 18.238994598388672, 0.31446540355682373, 11.635220527648926, 0.0, 4.245283126831055, 0.0, 0.0, 7.704402446746826, 5.817610263824463], "tonal.thpcp": [1.0, 0.34221211075782776, 0.15403975546360016, 0.16538549959659576, 0.19498564302921295, 0.15549132227897644, 0.10872578620910645, 0.12032447010278702, 0.14162729680538177, 0.14107847213745117, 0.15356452763080597, 0.1980753242969513, 0.21566149592399597, 0.19020727276802063, 0.16136784851551056, 0.15654192864894867, 0.19789624214172363, 0.21157576143741608, 0.2046794295310974, 0.20248976349830627, 0.3220673203468323, 0.5110899209976196, 0.36666053533554077, 0.1323844939470291, 0.09661877155303955, 0.09298442304134369, 0.09553536027669907, 0.09815828502178192, 0.07728787511587143, 0.059790320694446564, 0.05474524572491646, 0.05938761681318283, 0.08567756414413452, 0.1351361870765686, 0.1903688758611679, 0.8491960763931274], "lowlevel.gfcc.cov": [[16080.4345703125, -2667.39404296875, 1078.9881591796875, 1085.125732421875, 126.62469482421875, 1104.0831298828125, 149.16847229003906, 995.73828125, 220.15093994140625, 577.9234008789062, -541.5113525390625, 597.1677856445312, -596.6782836914062], [-2667.39404296875, 3609.1767578125, 996.8939819335938, 356.30902099609375, 1458.2437744140625, 145.29119873046875, 1045.12353515625, -64.80597686767578, 590.809814453125, -218.70477294921875, 506.5833740234375, -132.733642578125, 505.1273193359375], [1078.9881591796875, 996.8939819335938, 2553.8671875, 1290.437255859375, 1417.5245361328125, 799.6641845703125, 996.106201171875, 443.179443359375, 600.6549072265625, -128.8963165283203, 331.13018798828125, 120.9611587524414, 280.2881774902344], [1085.125732421875, 356.30902099609375, 1290.437255859375, 1220.8953857421875, 937.9802856445312, 563.8388671875, 636.478515625, 354.6023254394531, 442.5451354980469, -21.2481746673584, 265.2041931152344, 89.1264419555664, 194.24868774414062], [126.62469482421875, 1458.2437744140625, 1417.5245361328125, 937.9802856445312, 1581.0098876953125, 575.1511840820312, 955.859619140625, 315.4903564453125, 615.0803833007812, -25.125831604003906, 325.0597839355469, -36.29996109008789, 289.3865966796875], [1104.0831298828125, 145.29119873046875, 799.6641845703125, 563.8388671875, 575.1511840820312, 634.4097290039062, 607.3822631835938, 322.09881591796875, 298.8885498046875, 33.80479431152344, 148.96456909179688, 101.09452819824219, 88.7242202758789], [149.16847229003906, 1045.12353515625, 996.106201171875, 636.478515625, 955.859619140625, 607.3822631835938, 1161.2044677734375, 379.19195556640625, 489.0270690917969, -51.68330001831055, 308.8629455566406, 50.2797737121582, 255.0784149169922], [995.73828125, -64.80597686767578, 443.179443359375, 354.6023254394531, 315.4903564453125, 322.09881591796875, 379.19195556640625, 364.9304504394531, 240.80128479003906, 68.94727325439453, 80.00414276123047, 96.50210571289062, 69.30641174316406], [220.15093994140625, 590.809814453125, 600.6549072265625, 442.5451354980469, 615.0803833007812, 298.8885498046875, 489.0270690917969, 240.80128479003906, 437.1609191894531, 64.84950256347656, 170.87887573242188, 28.39924430847168, 154.08157348632812], [577.9234008789062, -218.70477294921875, -128.8963165283203, -21.2481746673584, -25.125831604003906, 33.80479431152344, -51.68330001831055, 68.94727325439453, 64.84950256347656, 241.77020263671875, 5.887382984161377, 26.199024200439453, -26.992042541503906], [-541.5113525390625, 506.5833740234375, 331.13018798828125, 265.2041931152344, 325.0597839355469, 148.96456909179688, 308.8629455566406, 80.00414276123047, 170.87887573242188, 5.887382984161377, 283.3118591308594, 68.2398452758789, 138.7639617919922], [597.1677856445312, -132.733642578125, 120.9611587524414, 89.1264419555664, -36.29996109008789, 101.09452819824219, 50.2797737121582, 96.50210571289062, 28.39924430847168, 26.199024200439453, 68.2398452758789, 193.3190155029297, 27.285064697265625], [-596.6782836914062, 505.1273193359375, 280.2881774902344, 194.24868774414062, 289.3865966796875, 88.7242202758789, 255.0784149169922, 69.30641174316406, 154.08157348632812, -26.992042541503906, 138.7639617919922, 27.285064697265625, 227.1660614013672]], "lowlevel.gfcc.icov": [[0.00014442256360780448, -4.435049413586967e-05, -8.115233868011273e-06, -0.000180134127731435, -1.9758685084525496e-05, -7.437917520292103e-05, -2.6124014766537584e-05, -0.00020433441386558115, 0.00012883813178632408, -0.0002967882319353521, 0.0005261664628051221, -0.0004653252544812858, 0.0003997311578132212], [-4.435049413586967e-05, 0.0011316619347780943, -6.634104647673666e-05, 0.0007294676615856588, -0.0008356229518540204, 0.000614655262324959, -0.0005665934295393527, 0.001264986232854426, -0.0009131377446465194, 0.0006570588448084891, -0.0008825126569718122, 0.0001375996507704258, -0.000880073755979538], [-8.115233868011273e-06, -6.634104647673666e-05, 0.0011973152868449688, -0.0005943315336480737, -0.0005429539596661925, -0.0005222421605139971, 0.00014583917800337076, -7.024954538792372e-05, -9.354822395835072e-05, 0.0006858218694105744, 0.00016923660587053746, -0.00046744555584155023, 8.129972229653504e-06], [-0.000180134127731435, 0.0007294676615856588, -0.0005943315336480737, 0.0031161862425506115, -0.0010420926846563816, -0.0005126844625920057, 0.0005503379506990314, 4.7338435251731426e-05, -0.0011259951861575246, 0.001264503225684166, -0.0020237735006958246, 0.0007578866207040846, -0.001071981037966907], [-1.9758685084525496e-05, -0.0008356229518540204, -0.0005429539596661925, -0.0010420926846563816, 0.0032971471082419157, -0.0005840620724484324, -0.0003215938340872526, -0.00012127762602176517, -0.0009857295081019402, -0.0005925095174461603, 0.00016007573867682368, 0.0015292721800506115, 0.00010993294563377276], [-7.437917520292103e-05, 0.000614655262324959, -0.0005222421605139971, -0.0005126844625920057, -0.0005840620724484324, 0.005826935172080994, -0.0024859162513166666, -0.00046916987048462033, 0.00018343981355428696, -0.0007014550501480699, 8.299176261061803e-05, -0.0011354116722941399, 0.0008012710604816675], [-2.6124014766537584e-05, -0.0005665934295393527, 0.00014583917800337076, 0.0005503379506990314, -0.0003215938340872526, -0.0024859162513166666, 0.004029665142297745, -0.0021626402158290148, -0.0006770669715479016, 0.0015037242555990815, -0.0014449971495196223, 0.0011019337689504027, -0.0005554337403737009], [-0.00020433441386558115, 0.001264986232854426, -7.024954538792372e-05, 4.7338435251731426e-05, -0.00012127762602176517, -0.00046916987048462033, -0.0021626402158290148, 0.009166009724140167, -0.003268537810072303, -0.0005218922160565853, 0.0005946322926320136, -0.0017394879832863808, -0.0013330377405509353], [0.00012883813178632408, -0.0009131377446465194, -9.354822395835072e-05, -0.0011259951861575246, -0.0009857295081019402, 0.00018343981355428696, -0.0006770669715479016, -0.003268537810072303, 0.008892256766557693, -0.00307028042152524, 0.0006247670389711857, 2.397867319814395e-05, -0.0003920874441973865], [-0.0002967882319353521, 0.0006570588448084891, 0.0006858218694105744, 0.001264503225684166, -0.0005925095174461603, -0.0007014550501480699, 0.0015037242555990815, -0.0005218922160565853, -0.00307028042152524, 0.007179741282016039, -0.002543662441894412, 0.0008972170762717724, -0.0002869289310183376], [0.0005261664628051221, -0.0008825126569718122, 0.00016923660587053746, -0.0020237735006958246, 0.00016007573867682368, 8.299176261061803e-05, -0.0014449971495196223, 0.0005946322926320136, 0.0006247670389711857, -0.002543662441894412, 0.009807860478758812, -0.004533280152827501, -0.00010172385373152792], [-0.0004653252544812858, 0.0001375996507704258, -0.00046744555584155023, 0.0007578866207040846, 0.0015292721800506115, -0.0011354116722941399, 0.0011019337689504027, -0.0017394879832863808, 2.397867319814395e-05, 0.0008972170762717724, -0.004533280152827501, 0.009887363761663437, -0.0021389040630310774], [0.0003997311578132212, -0.000880073755979538, 8.129972229653504e-06, -0.001071981037966907, 0.00010993294563377276, 0.0008012710604816675, -0.0005554337403737009, -0.0013330377405509353, -0.0003920874441973865, -0.0002869289310183376, -0.00010172385373152792, -0.0021389040630310774, 0.00944383442401886]], "lowlevel.mfcc.cov": [[15729.6787109375, -3094.383544921875, 497.9473571777344, 95.36151885986328, 124.67743682861328, 165.7378387451172, -70.26166534423828, 451.8047180175781, 381.3904113769531, 217.47030639648438, 482.1208190917969, 45.967498779296875, 96.27547454833984], [-3094.383544921875, 3399.593017578125, 81.75375366210938, 556.994873046875, 496.3072204589844, 563.9111938476562, 510.6179504394531, 361.06915283203125, 359.2070007324219, 208.5143280029297, 65.90345764160156, 211.8715057373047, 345.4326477050781], [497.9473571777344, 81.75375366210938, 1443.9132080078125, 720.3493041992188, 635.8184814453125, 495.96844482421875, 486.4925537109375, 659.686767578125, 386.5246887207031, 167.5156707763672, 196.00257873535156, 225.29173278808594, 82.62995147705078], [95.36151885986328, 556.994873046875, 720.3493041992188, 984.5030517578125, 717.4549560546875, 528.7108764648438, 471.50885009765625, 556.673095703125, 413.5504455566406, 256.3183288574219, 238.53350830078125, 240.15029907226562, 118.76863861083984], [124.67743682861328, 496.3072204589844, 635.8184814453125, 717.4549560546875, 869.9635009765625, 475.73931884765625, 358.2356262207031, 394.55023193359375, 334.48065185546875, 235.0880889892578, 191.01840209960938, 179.90069580078125, 90.66566467285156], [165.7378387451172, 563.9111938476562, 495.96844482421875, 528.7108764648438, 475.73931884765625, 634.6533813476562, 477.64385986328125, 472.1977844238281, 373.3758850097656, 246.66114807128906, 256.47308349609375, 220.3345947265625, 124.09017181396484], [-70.26166534423828, 510.6179504394531, 486.4925537109375, 471.50885009765625, 358.2356262207031, 477.64385986328125, 632.5247192382812, 561.4406127929688, 359.38323974609375, 216.12045288085938, 233.603515625, 222.2280731201172, 123.76427459716797], [451.8047180175781, 361.06915283203125, 659.686767578125, 556.673095703125, 394.55023193359375, 472.1977844238281, 561.4406127929688, 789.6514282226562, 438.59393310546875, 221.57199096679688, 262.34381103515625, 251.6699981689453, 121.54756164550781], [381.3904113769531, 359.2070007324219, 386.5246887207031, 413.5504455566406, 334.48065185546875, 373.3758850097656, 359.38323974609375, 438.59393310546875, 493.056884765625, 294.0101013183594, 191.8895721435547, 159.47959899902344, 124.80330657958984], [217.47030639648438, 208.5143280029297, 167.5156707763672, 256.3183288574219, 235.0880889892578, 246.66114807128906, 216.12045288085938, 221.57199096679688, 294.0101013183594, 303.035888671875, 183.41390991210938, 116.32711791992188, 85.22917175292969], [482.1208190917969, 65.90345764160156, 196.00257873535156, 238.53350830078125, 191.01840209960938, 256.47308349609375, 233.603515625, 262.34381103515625, 191.8895721435547, 183.41390991210938, 288.50335693359375, 167.8549041748047, 56.33396911621094], [45.967498779296875, 211.8715057373047, 225.29173278808594, 240.15029907226562, 179.90069580078125, 220.3345947265625, 222.2280731201172, 251.6699981689453, 159.47959899902344, 116.32711791992188, 167.8549041748047, 224.33154296875, 97.24812316894531], [96.27547454833984, 345.4326477050781, 82.62995147705078, 118.76863861083984, 90.66566467285156, 124.09017181396484, 123.76427459716797, 121.54756164550781, 124.80330657958984, 85.22917175292969, 56.33396911621094, 97.24812316894531, 199.28990173339844]], "lowlevel.mfcc.icov": [[9.839831182034686e-05, 0.00011510323383845389, 1.9381206584512256e-05, 1.6319881979143247e-05, -3.69905392290093e-05, -7.068218110362068e-05, 0.0001277645060326904, -9.052047971636057e-05, -0.00011105073645012453, 0.00012193091242806986, -0.0002204550546593964, 0.00019438561866991222, -0.00024324373225681484], [0.00011510323383845389, 0.0005974571104161441, 0.00025843369076028466, -0.0001006363017950207, -0.00016376588610000908, -0.0004177614173386246, -9.656840120442212e-05, -5.890051033929922e-05, -0.00013556987687479705, 0.0001994338963413611, 0.00023145551676861942, 0.00015077927673701197, -0.000847236136905849], [1.9381206584512256e-05, 0.00025843369076028466, 0.0015392085770145059, -0.0003280407399870455, -0.0005870072636753321, -0.0003039702423848212, -2.2899461328051984e-05, -0.0008278224267996848, -0.00017723078781273216, 0.000550291792023927, 0.00045742327347397804, -0.0001856158924056217, -8.76395934028551e-05], [1.6319881979143247e-05, -0.0001006363017950207, -0.0003280407399870455, 0.0034908221568912268, -0.0018909176578745246, -0.0002181225863751024, -4.779650771524757e-05, -0.0006528107915073633, -0.0004111642192583531, 3.37552628479898e-05, -3.212443334632553e-05, -0.0005866083665750921, 0.00018446931790094823], [-3.69905392290093e-05, -0.00016376588610000908, -0.0005870072636753321, -0.0018909176578745246, 0.0034787263721227646, -0.0010343765607103705, 0.000309784896671772, 0.0005406604614108801, 0.0002709017717279494, -0.0009483197936788201, 0.0002699672186281532, 3.192626536474563e-05, 0.0003553521237336099], [-7.068218110362068e-05, -0.0004177614173386246, -0.0003039702423848212, -0.0002181225863751024, -0.0010343765607103705, 0.0058725206181406975, -0.0022266239393502474, 0.0004739653959404677, -0.0011293390998616815, 0.00019677171076182276, -0.0017418157076463103, -0.0004168217128608376, 0.00024084084725473076], [0.0001277645060326904, -9.656840120442212e-05, -2.2899461328051984e-05, -4.779650771524757e-05, 0.000309784896671772, -0.0022266239393502474, 0.0061166794039309025, -0.0028683235868811607, 0.00014044878480490297, -0.00040764897130429745, -0.0003218063502572477, -0.00025637747603468597, -0.0003576258313842118], [-9.052047971636057e-05, -5.890051033929922e-05, -0.0008278224267996848, -0.0006528107915073633, 0.0005406604614108801, 0.0004739653959404677, -0.0028683235868811607, 0.005711494013667107, -0.002887164242565632, 0.0019785126205533743, -0.0011067449813708663, -0.0012263935059309006, 0.0005080734845250845], [-0.00011105073645012453, -0.00013556987687479705, -0.00017723078781273216, -0.0004111642192583531, 0.0002709017717279494, -0.0011293390998616815, 0.00014044878480490297, -0.002887164242565632, 0.00900605134665966, -0.006645543966442347, 0.002038718434050679, 0.0006359802791848779, -0.0008237468427978456], [0.00012193091242806986, 0.0001994338963413611, 0.000550291792023927, 3.37552628479898e-05, -0.0009483197936788201, 0.00019677171076182276, -0.00040764897130429745, 0.0019785126205533743, -0.006645543966442347, 0.011533133685588837, -0.00481122313067317, 0.0007611255859956145, -0.0010795039124786854], [-0.0002204550546593964, 0.00023145551676861942, 0.00045742327347397804, -3.212443334632553e-05, 0.0002699672186281532, -0.0017418157076463103, -0.0003218063502572477, -0.0011067449813708663, 0.002038718434050679, -0.00481122313067317, 0.010437514632940292, -0.005025005899369717, 0.0016539214411750436], [0.00019438561866991222, 0.00015077927673701197, -0.0001856158924056217, -0.0005866083665750921, 3.192626536474563e-05, -0.0004168217128608376, -0.00025637747603468597, -0.0012263935059309006, 0.0006359802791848779, 0.0007611255859956145, -0.005025005899369717, 0.011648213490843773, -0.0037638491485267878], [-0.00024324373225681484, -0.000847236136905849, -8.76395934028551e-05, 0.00018446931790094823, 0.0003553521237336099, 0.00024084084725473076, -0.0003576258313842118, 0.0005080734845250845, -0.0008237468427978456, -0.0010795039124786854, 0.0016539214411750436, -0.0037638491485267878, 0.008477512747049332]], "metadata.audio_properties.analysis.downmix": "mix", "metadata.audio_properties.codec": "mp3", "metadata.audio_properties.md5_encoded": "d652c64e09f8355ec21f781428afce72", "metadata.tags.file_name": "1182269416516362240.mp3", "metadata.version.essentia": "2.1-beta6-dev", "metadata.version.essentia_git_sha": "v2.1_beta5-1110-g77a6a954", "metadata.version.extractor": "music 2.0", "tonal.chords_key": "C", "tonal.chords_scale": "major", "tonal.key_edma.key": "C", "tonal.key_edma.scale": "major", "tonal.key_krumhansl.key": "C", "tonal.key_krumhansl.scale": "major", "tonal.key_temperley.key": "C", "tonal.key_temperley.scale": "major", "metadata.tags.encoding": ["Lavf58.45.100"]}, "essentia_models": [{"model_name": "genre_dortmund", "activations": {"alternative": "0.018331144", "blues": "0.005401302", "electronic": "0.03928538", "folkcountry": "0.0027696209", "funksoulrnb": "0.019201314