{"song_id": "1182273573415555182", "download": "https://cdn.discordapp.com/attachments/1128313332273782784/1182273573415555182/chirp.mp4?ex=65841911&amp", "lyrics": "Last night we went to a bar, \nand it felt like we were listening to a rock star. \nWe tried to make Tom sing,\nBut instead, we hear behind us the door going ding ding. \n\nEray was not able to come,\nBecause he was learning how to use .some(), \nWe tried to bring him over,\nBut his government said to him it's a game over. \n\nWe were eating this morning at Billy,\nDoesn't it sound silly?\nThat would be everything from me today,\nBecause I do not know about what is the other way.", "style": ["pop</span><span>, rock"], "essentia_features": {"lowlevel.average_loudness": 0.9691158533096313, "lowlevel.barkbands_crest.mean": 10.11640739440918, "lowlevel.barkbands_crest.stdev": 4.7193732261657715, "lowlevel.barkbands_flatness_db.mean": 0.13882865011692047, "lowlevel.barkbands_flatness_db.stdev": 0.03764007240533829, "lowlevel.barkbands_kurtosis.mean": 1.759421467781067, "lowlevel.barkbands_kurtosis.stdev": 5.827117919921875, "lowlevel.barkbands_skewness.mean": 1.1279281377792358, "lowlevel.barkbands_skewness.stdev": 1.2118937969207764, "lowlevel.barkbands_spread.mean": 38.68501663208008, "lowlevel.barkbands_spread.stdev": 17.784269332885742, "lowlevel.dissonance.mean": 0.47966283559799194, "lowlevel.dissonance.stdev": 0.017588427290320396, "lowlevel.dynamic_complexity": 1.8089351654052734, "lowlevel.erbbands_crest.mean": 7.602206707000732, "lowlevel.erbbands_crest.stdev": 3.7066726684570312, "lowlevel.erbbands_flatness_db.mean": 0.14612074196338654, "lowlevel.erbbands_flatness_db.stdev": 0.02915673889219761, "lowlevel.erbbands_kurtosis.mean": 0.15782004594802856, "lowlevel.erbbands_kurtosis.stdev": 1.4234753847122192, "lowlevel.erbbands_skewness.mean": -0.20109465718269348, "lowlevel.erbbands_skewness.stdev": 0.6917803287506104, "lowlevel.erbbands_spread.mean": 51.119537353515625, "lowlevel.erbbands_spread.stdev": 21.161348342895508, "lowlevel.hfc.mean": 28.66056251525879, "lowlevel.hfc.stdev": 16.446334838867188, "lowlevel.loudness_ebu128.integrated": -16.16666603088379, "lowlevel.loudness_ebu128.loudness_range": 0.8768444061279297, "lowlevel.loudness_ebu128.momentary.mean": -16.245071411132812, "lowlevel.loudness_ebu128.momentary.stdev": 0.8383837938308716, "lowlevel.loudness_ebu128.short_term.mean": -16.148412704467773, "lowlevel.loudness_ebu128.short_term.stdev": 0.31771668791770935, "lowlevel.melbands_crest.mean": 14.967493057250977, "lowlevel.melbands_crest.stdev": 5.883010387420654, "lowlevel.melbands_flatness_db.mean": 0.1382361352443695, "lowlevel.melbands_flatness_db.stdev": 0.05517273768782616, "lowlevel.melbands_kurtosis.mean": 14.753739356994629, "lowlevel.melbands_kurtosis.stdev": 26.401748657226562, "lowlevel.melbands_skewness.mean": 2.8959333896636963, "lowlevel.melbands_skewness.stdev": 2.1076838970184326, "lowlevel.melbands_spread.mean": 42.86859893798828, "lowlevel.melbands_spread.stdev": 31.721464157104492, "lowlevel.pitch_salience.mean": 0.5704198479652405, "lowlevel.pitch_salience.stdev": 0.12811388075351715, "lowlevel.silence_rate_20dB.mean": 1.0, "lowlevel.silence_rate_20dB.stdev": 0.0, "lowlevel.silence_rate_30dB.mean": 0.9993734359741211, "lowlevel.silence_rate_30dB.stdev": 0.025023605674505234, "lowlevel.silence_rate_60dB.mean": 0.011904762126505375, "lowlevel.silence_rate_60dB.stdev": 0.10845884680747986, "lowlevel.spectral_centroid.mean": 1949.8494873046875, "lowlevel.spectral_centroid.stdev": 616.87060546875, "lowlevel.spectral_complexity.mean": 21.725563049316406, "lowlevel.spectral_complexity.stdev": 9.808948516845703, "lowlevel.spectral_decrease.mean": -6.715320743921893e-09, "lowlevel.spectral_decrease.stdev": 7.086072173478897e-09, "lowlevel.spectral_energy.mean": 0.02794477343559265, "lowlevel.spectral_energy.stdev": 0.02742120251059532, "lowlevel.spectral_energyband_high.mean": 0.0017251655226573348, "lowlevel.spectral_energyband_high.stdev": 0.0015189173864200711, "lowlevel.spectral_energyband_low.mean": 0.009315744042396545, "lowlevel.spectral_energyband_low.stdev": 0.022015850991010666, "lowlevel.spectral_energyband_middle_high.mean": 0.005537616088986397, "lowlevel.spectral_energyband_middle_high.stdev": 0.004415523260831833, "lowlevel.spectral_energyband_middle_low.mean": 0.012035636231303215, "lowlevel.spectral_energyband_middle_low.stdev": 0.016477344557642937, "lowlevel.spectral_entropy.mean": 8.014485359191895, "lowlevel.spectral_entropy.stdev": 0.2506987154483795, "lowlevel.spectral_flux.mean": 0.12320416420698166, "lowlevel.spectral_flux.stdev": 0.06933548301458359, "lowlevel.spectral_kurtosis.mean": 1.734858751296997, "lowlevel.spectral_kurtosis.stdev": 1.1592367887496948, "lowlevel.spectral_rms.mean": 0.0047411927953362465, "lowlevel.spectral_rms.stdev": 0.0021873046644032, "lowlevel.spectral_rolloff.mean": 2997.970947265625, "lowlevel.spectral_rolloff.stdev": 2389.494873046875, "lowlevel.spectral_skewness.mean": 1.1552413702011108, "lowlevel.spectral_skewness.stdev": 0.25672000646591187, "lowlevel.spectral_spread.mean": 5860118.0, "lowlevel.spectral_spread.stdev": 1280690.375, "lowlevel.spectral_strongpeak.mean": 0.8669236302375793, "lowlevel.spectral_strongpeak.stdev": 0.9659071564674377, "lowlevel.zerocrossingrate.mean": 0.11266661435365677, "lowlevel.zerocrossingrate.stdev": 0.04755463823676109, "metadata.audio_properties.analysis.equal_loudness": 0.0, "metadata.audio_properties.analysis.length": 37.03360366821289, "metadata.audio_properties.analysis.sample_rate": 44100.0, "metadata.audio_properties.analysis.start_time": 0.0, "metadata.audio_properties.bit_rate": 100132.0, "metadata.audio_properties.length": 37.03466796875, "metadata.audio_properties.lossless": 0.0, "metadata.audio_properties.number_channels": 1.0, "metadata.audio_properties.replay_gain": -10.648881912231445, "metadata.audio_properties.sample_rate": 48000.0, "rhythm.beats_count": 62.0, "rhythm.beats_loudness.mean": 0.02512739785015583, "rhythm.beats_loudness.stdev": 0.008286145515739918, "rhythm.bpm": 101.59796905517578, "rhythm.bpm_histogram_first_peak_bpm": 103.0, "rhythm.bpm_histogram_first_peak_weight": 0.6666666269302368, "rhythm.bpm_histogram_second_peak_bpm": 98.0, "rhythm.bpm_histogram_second_peak_spread": 0.0, "rhythm.bpm_histogram_second_peak_weight": 0.016393441706895828, "rhythm.danceability": 1.6883864402770996, "rhythm.onset_rate": 4.993597984313965, "tonal.chords_changes_rate": 0.1076345443725586, "tonal.chords_number_rate": 0.01877346634864807, "tonal.chords_strength.mean": 0.502244234085083, "tonal.chords_strength.stdev": 0.11554495245218277, "tonal.hpcp_crest.mean": 11.542752265930176, "tonal.hpcp_crest.stdev": 5.92645263671875, "tonal.hpcp_entropy.mean": 2.46968936920166, "tonal.hpcp_entropy.stdev": 0.8792225122451782, "tonal.key_edma.strength": 0.6010565757751465, "tonal.key_krumhansl.strength": 0.6089969873428345, "tonal.key_temperley.strength": 0.6181250810623169, "tonal.tuning_diatonic_strength": 0.5760740041732788, "tonal.tuning_equal_tempered_deviation": 0.20775312185287476, "tonal.tuning_frequency": 434.193115234375, "tonal.tuning_nontempered_energy_ratio": 0.8901294469833374, "lowlevel.barkbands.mean": [0.00043338871910236776, 0.0059181456454098225, 0.0023774984292685986, 0.0020389275159686804, 0.006200575735419989, 0.0009459356660954654, 0.0008281556656584144, 0.0006659611826762557, 0.0012035173131152987, 0.0005324991070665419, 0.0005716437008231878, 0.00042364143882878125, 0.0003880071162711829, 0.0003885445185005665, 0.000515036634169519, 0.0006258190260268748, 0.000715270871296525, 0.0007836712757125497, 0.0004987080465070903, 0.0003021809970960021, 0.00019808323122560978, 0.00023175559181254357, 0.0003224016691092402, 0.00036317112972028553, 0.0004721797304227948, 7.711564364853984e-08, 1.0071935507838248e-09], "lowlevel.barkbands.stdev": [0.001024691155180335, 0.016395021229982376, 0.006265708710998297, 0.003805900691077113, 0.012439086101949215, 0.0021509360522031784, 0.002489374717697501, 0.002082339022308588, 0.0024288881104439497, 0.001467289635911584, 0.0016900316113606095, 0.0010328816715627909, 0.0007118627545423806, 0.0005399115616455674, 0.0008012850885279477, 0.0008972041541710496, 0.001038205809891224, 0.000887092319317162, 0.0004563003603834659, 0.0003075295826420188, 0.00017696750001050532, 0.00021134200505912304, 0.00036431453190743923, 0.0004887533723376691, 0.0005116334068588912, 5.17987700732192e-07, 2.9170701409952926e-09], "lowlevel.erbbands.mean": [0.20275934040546417, 1.2026499509811401, 2.6616296768188477, 4.766345500946045, 19.68088722229004, 18.58852195739746, 6.335890293121338, 8.913329124450684, 11.344258308410645, 13.54079818725586, 17.95100975036621, 24.632986068725586, 22.01955795288086, 18.54454803466797, 20.589370727539062, 17.636577606201172, 18.4954776763916, 18.099916458129883, 25.89362335205078, 27.48139190673828, 38.297481536865234, 44.21769332885742, 43.40281677246094, 28.7600154876709, 23.619253158569336, 15.354436874389648, 8.794757843017578, 7.4338603019714355, 8.44136905670166, 8.95224380493164, 9.050804138183594, 8.21382999420166, 6.119211673736572, 7.950932502746582, 1.6497937440872192, 0.05778811126947403, 0.002159248571842909, 0.00020512373885139823, 4.8848698497749865e-05, 4.23566198151093e-05], "lowlevel.erbbands.stdev": [0.5570800304412842, 3.4510514736175537, 7.259241104125977, 9.124141693115234, 40.54792022705078, 37.95645523071289, 13.474641799926758, 20.220542907714844, 31.623571395874023, 40.73524856567383, 52.613426208496094, 54.06693649291992, 48.75621032714844, 44.90948486328125, 51.591880798339844, 40.3120002746582, 32.426570892333984, 24.329639434814453, 39.45398712158203, 39.19108581542969, 52.143287658691406, 63.62714767456055, 49.439388275146484, 26.165494918823242, 22.8206729888916, 16.125202178955078, 7.583694934844971, 7.190882682800293, 7.688629150390625, 9.014091491699219, 10.656957626342773, 11.126821517944336, 7.995211124420166, 9.041983604431152, 1.7446976900100708, 0.06488358974456787, 0.002317780628800392, 0.0002157350827474147, 3.853403541143052e-05, 3.227788329240866e-05], "lowlevel.gfcc.mean": [19.719621658325195, 60.69218063354492, -132.8888702392578, 61.36709976196289, -71.20975494384766, 33.34968185424805, -56.769676208496094, 16.600448608398438, -28.890840530395508, -13.769549369812012, -11.540290832519531, -15.72224235534668, -1.0195293426513672], "lowlevel.melbands.mean": [0.0017284989589825273, 0.001426968607120216, 0.0012937340652570128, 0.0015069307992234826, 0.0003092980768997222, 0.00019936035096179694, 0.00017320478218607605, 0.0001434763689758256, 0.00015914396499283612, 0.000158020862727426, 0.00010873367136809975, 7.358279981417581e-05, 7.817862933734432e-05, 4.2593568650772795e-05, 5.018377851229161e-05, 3.670543082989752e-05, 3.2707550417399034e-05, 4.2122253944398835e-05, 3.721849498106167e-05, 3.8284553738776594e-05, 4.401944897836074e-05, 4.6144126827130094e-05, 4.0729260945227e-05, 3.605966048780829e-05, 2.1623274733428843e-05, 1.844619146140758e-05, 1.3473219951265492e-05, 9.30633905227296e-06, 5.651164883602178e-06, 4.472301952773705e-06, 4.3094560169265606e-06, 4.692609763878863e-06, 4.794737378688296e-06, 5.1671308938239235e-06, 5.274048362480244e-06, 5.086564669909421e-06, 4.980298399459571e-06, 4.05384298574063e-06, 4.906691629003035e-06, 7.580700639664428e-06], "lowlevel.melbands.stdev": [0.004727202467620373, 0.003767671762034297, 0.0021325850393623114, 0.00307654170319438, 0.0006297741201706231, 0.0004509034042712301, 0.0004907061229459941, 0.00042426722939126194, 0.00045178760774433613, 0.00033776118652895093, 0.00025135333999060094, 0.00018697969790082425, 0.00022166845155879855, 0.00010373781697126105, 0.00013080451753921807, 6.31151779089123e-05, 4.621529660653323e-05, 6.800775008741766e-05, 5.6936209148261696e-05, 5.668184530804865e-05, 6.392440991476178e-05, 7.18629962648265e-05, 5.1159375288989395e-05, 4.204334982205182e-05, 2.1009047486586496e-05, 1.8284583347849548e-05, 1.4084608665143605e-05, 1.028839687933214e-05, 5.2477739700407255e-06, 4.269290002412163e-06, 4.553018698061351e-06, 4.421426638145931e-06, 4.7013963921926916e-06, 5.573570433625719e-06, 6.224368007679004e-06, 6.789867711631814e-06, 6.957928235351574e-06, 5.976483407721389e-06, 5.166841219761409e-06, 9.28150529944105e-06], "lowlevel.melbands128.mean": [0.000373150163795799, 0.0016527777770534158, 0.002333251293748617, 0.0018384247086942196, 0.00141733733471483, 0.001125634997151792, 0.0007492628647014499, 0.0012348045129328966, 0.0023092925548553467, 0.0017550222110003233, 0.0009430451318621635, 0.00040106134838424623, 0.00014051175094209611, 0.00016942541697062552, 0.00019234674982726574, 0.00022932657157070935, 0.00021028051560278982, 0.00014410835865419358, 0.00014875127817504108, 0.0001703957823337987, 0.00011996523244306445, 0.00012424109445419163, 0.0001634532818570733, 0.00020235683768987656, 0.0001534427865408361, 0.00014106728485785425, 0.00016765264444984496, 8.494902431266382e-05, 9.154489816864952e-05, 6.512249819934368e-05, 6.007741467328742e-05, 0.00010060760541819036, 9.472543024457991e-05, 5.107460674480535e-05, 4.0937236917670816e-05, 3.7433201214298606e-05, 4.690743298851885e-05, 6.207381375133991e-05, 4.326998532633297e-05, 3.7213270843494684e-05, 3.4442811738699675e-05, 3.8156784285092726e-05, 2.691871668503154e-05, 3.232066592318006e-05, 4.3446183553896844e-05, 4.768934741150588e-05, 3.5517172364052385e-05, 3.7499936297535896e-05, 3.648127312771976e-05, 3.814111551037058e-05, 2.7653481083689258e-05, 5.371658699004911e-05, 4.9063091864809394e-05, 3.96936884499155e-05, 3.482984539004974e-05, 5.668926314683631e-05, 4.5902390411356464e-05, 3.286013816250488e-05, 4.692674338002689e-05, 3.8656122342217714e-05, 3.995169390691444e-05, 2.9368578907451592e-05, 2.446097096253652e-05, 2.0132229110458866e-05, 1.4853722859697882e-05, 1.9108107153442688e-05, 2.1015935999457724e-05, 1.4572600775863975e-05, 1.1147182704007719e-05, 1.2982335647393484e-05, 9.72308134805644e-06, 7.57947555030114e-06, 6.251912964216899e-06, 5.543400220631156e-06, 4.205314326100051e-06, 5.486899226525566e-06, 3.998578904429451e-06, 3.249915152991889e-06, 5.3676130846724845e-06, 3.755913667191635e-06, 4.919124421576271e-06, 5.112356575409649e-06, 4.079173777427059e-06, 5.592823072220199e-06, 4.150410859438125e-06, 4.977103344572242e-06, 5.210531526245177e-06, 6.21093067820766e-06, 5.170069016458001e-06, 4.704397269961191e-06, 5.205887191550573e-06, 4.9450159167463426e-06, 5.464924470288679e-06, 5.164848971617175e-06, 4.585773240251001e-06, 4.222005372866988e-06, 4.224368240102194e-06, 3.3894004900503205e-06, 3.92685251426883e-06, 5.915082965657348e-06, 8.089944458333775e-06, 9.954354936780874e-06, 3.7954876006551785e-06, 3.8433695408457424e-06, 7.83058681008697e-07, 5.00117778301501e-07, 1.196636389977357e-07, 6.955101827799126e-09, 8.027240330776841e-12, 6.800769149217789e-12, 6.309751766214733e-12, 8.265966904008604e-12, 1.582979407277474e-11, 1.829951988552292e-11, 1.2949192065847548e-11, 1.6432589663994968e-11, 7.708032996600611e-12, 4.519730943675082e-12, 4.3562679505337876e-12, 4.208737525157602e-12, 4.085754738009095e-12, 3.973791348060862e-12, 3.8839378761756915e-12, 3.8054078117799595e-12, 3.708208653335765e-12, 3.5844513121552346e-12, 3.511471712361325e-12, 3.4845143263850797e-12], "lowlevel.melbands128.stdev": [0.0009438265697099268, 0.004576119128614664, 0.006693738047033548, 0.005555916577577591, 0.004272257909178734, 0.0028637759387493134, 0.0019955853931605816, 0.0022293804213404655, 0.004985953215509653, 0.004129418171942234, 0.0020605050958693027, 0.0009630545391701162, 0.00041657756082713604, 0.0004917830228805542, 0.0005012779147364199, 0.000726803787983954, 0.0006638737977482378, 0.0006356980884447694, 0.0007073697634041309, 0.0006075460696592927, 0.00043435677071101964, 0.0005583934253081679, 0.000639784091617912, 0.00064782181289047, 0.0004901645588688552, 0.00043579336488619447, 0.0004993435577489436, 0.0002733227447606623, 0.0003836472751572728, 0.00023153221991378814, 0.00020846289407927543, 0.00043873992399312556, 0.00033484725281596184, 0.00017532963829580694, 0.0001433445722796023, 0.0001390452089253813, 0.00014643458416685462, 0.00023877447529230267, 0.00012415334640536457, 8.388135756831616e-05, 8.640140731586143e-05, 8.414621697738767e-05, 5.746722672483884e-05, 5.754022276960313e-05, 8.34308157209307e-05, 0.00011806359543697909, 7.556751370429993e-05, 8.006740245036781e-05, 7.73989740991965e-05, 7.836068834876642e-05, 5.828091889270581e-05, 0.0001002043645712547, 8.461404650006443e-05, 8.804129902273417e-05, 6.323621346382424e-05, 0.00011164883471792564, 8.977985271485522e-05, 4.873620855505578e-05, 7.784410991007462e-05, 5.82846587349195e-05, 6.248352292459458e-05, 4.0320457628695294e-05, 2.954000956378877e-05, 2.4482687877025455e-05, 1.7638983990764245e-05, 2.2869206077302806e-05, 2.736301757977344e-05, 2.0748149836435914e-05, 1.3662628589372616e-05, 1.8537622963776812e-05, 1.2980716746824328e-05, 8.808576239971444e-06, 7.290241683222121e-06, 6.222911451914115e-06, 4.4892708501720335e-06, 5.943888027104549e-06, 4.507462108449545e-06, 4.551179245027015e-06, 6.797648438805481e-06, 3.7795582557009766e-06, 5.2703480832860805e-06, 5.439384949568193e-06, 4.417008312884718e-06, 6.0759780353691895e-06, 4.68174312118208e-06, 6.073882104828954e-06, 6.153538379294332e-06, 7.359612027357798e-06, 7.055344667605823e-06, 6.290606506809127e-06, 7.116902452253271e-06, 7.463930614903802e-06, 8.002068170753773e-06, 7.759378604532685e-06, 6.804529675719095e-06, 6.797486548748566e-06, 7.153742899390636e-06, 5.066455742053222e-06, 4.636457560991403e-06, 6.106129148975015e-06, 8.856265594658908e-06, 1.4727899724675808e-05, 5.039707048126729e-06, 3.954650310333818e-06, 1.2759976470988477e-06, 6.890335839671025e-07, 2.3323440245803795e-07, 2.5732724395766127e-08, 1.158294727493514e-11, 1.0587471004075422e-11, 9.923312171977727e-12, 9.587541871525218e-11, 4.098863748414061e-10, 5.197298147407992e-10, 3.1332386685178903e-10, 4.6139478349083163e-10, 1.1853995562915998e-10, 7.324058026725311e-12, 7.006070636833561e-12, 6.777871233015764e-12, 6.5944459094746666e-12, 6.41981173082895e-12, 6.2832317473948684e-12, 6.16546267165341e-12, 6.068240961804028e-12, 5.990695352980913e-12, 5.934775674371062e-12, 5.900232559474805e-12], "lowlevel.mfcc.mean": [-604.546630859375, 66.65496063232422, 6.708373546600342, 17.216638565063477, 20.60648536682129, -0.3395109176635742, 4.321139335632324, 6.842810153961182, -0.5408341288566589, -2.5904505252838135, -2.2898731231689453, -8.353598594665527, -4.957640647888184], "lowlevel.spectral_contrast_coeffs.mean": [-0.6643332839012146, -0.7638707160949707, -0.7896265983581543, -0.7952173352241516, -0.7849074602127075, -0.8042821884155273], "lowlevel.spectral_contrast_coeffs.stdev": [0.08929875493049622, 0.08876805752515793, 0.0716729462146759, 0.0498369038105011, 0.04129094257950783, 0.019894875586032867], "lowlevel.spectral_contrast_valleys.mean": [-6.986423492431641, -7.119956970214844, -7.308779239654541, -7.212235450744629, -6.922151565551758, -8.873961448669434], "lowlevel.spectral_contrast_valleys.stdev": [0.6523392200469971, 0.6047402620315552, 0.4844193756580353, 0.44595780968666077, 0.3828364312648773, 0.37994855642318726], "rhythm.beats_loudness_band_ratio.mean": [0.3909546136856079, 0.27410292625427246, 0.10535946488380432, 0.08368979394435883, 0.14146903157234192, 0.14875037968158722], "rhythm.beats_loudness_band_ratio.stdev": [0.1497095227241516, 0.136883944272995, 0.1136670708656311, 0.07148850709199905, 0.08879337459802628, 0.05976267531514168], "tonal.hpcp.mean": [0.1594289243221283, 0.12799182534217834, 0.11258017271757126, 0.10592982918024063, 0.11000841856002808, 0.13046564161777496, 0.20034079253673553, 0.22779212892055511, 0.15549589693546295, 0.0890851765871048, 0.06798391789197922, 0.07829555869102478, 0.09513786435127258, 0.09212377667427063, 0.07308436930179596, 0.06574862450361252, 0.06799235939979553, 0.07641385495662689, 0.09934772551059723, 0.10354071855545044, 0.0957656130194664, 0.11460253596305847, 0.12727278470993042, 0.1257030963897705, 0.12117572873830795, 0.10261577367782593, 0.10839434713125229, 0.16935810446739197, 0.21629320085048676, 0.22993800044059753, 0.21735790371894836, 0.1554879993200302, 0.11969580501317978, 0.1333707571029663, 0.1619313806295395, 0.18082395195960999], "tonal.hpcp.stdev": [0.2624070644378662, 0.24088755249977112, 0.22791621088981628, 0.2159300148487091, 0.21621498465538025, 0.23117418587207794, 0.28268393874168396, 0.30497342348098755, 0.24358078837394714, 0.17828267812728882, 0.1535750776529312, 0.1581512987613678, 0.17899401485919952, 0.18709051609039307, 0.1579466015100479, 0.13661642372608185, 0.14151360094547272, 0.1548358052968979, 0.18809638917446136, 0.17744378745555878, 0.17028877139091492, 0.20966176688671112, 0.21799293160438538, 0.2080479860305786, 0.20502106845378876, 0.1839657872915268, 0.18533681333065033, 0.25214749574661255, 0.29797476530075073, 0.3078101575374603, 0.3277377188205719, 0.261015921831131, 0.22133022546768188, 0.23692625761032104, 0.27229830622673035, 0.2878235876560211], "rhythm.beats_position": [0.6153287887573242, 1.2306575775146484, 1.834376335144043, 2.4380950927734375, 3.0302040576934814, 3.6223127841949463, 4.21442174911499, 4.806530475616455, 5.41024923324585, 5.990748405456543, 6.5944671630859375, 7.198185920715332, 7.801904678344727, 8.405623435974121, 8.997732162475586, 9.58984088897705, 10.193559646606445, 10.79727840423584, 11.400997161865234, 11.9931058883667, 12.58521556854248, 13.188934326171875, 13.76943302154541, 14.349931716918945, 14.94204044342041, 15.534149169921875, 16.137868881225586, 16.741586685180664, 17.322086334228516, 17.925804138183594, 18.506303787231445, 19.110021591186523, 19.713741302490234, 20.317459106445312, 20.921178817749023, 21.501678466796875, 22.093786239624023, 22.685895919799805, 23.278003692626953, 23.870113372802734, 24.473831176757812, 25.054330825805664, 25.634828567504883, 26.215328216552734, 26.795827865600586, 27.376325607299805, 27.956825256347656, 28.537322998046875, 29.106212615966797, 29.67510223388672, 30.255599975585938, 30.82448959350586, 31.404987335205078, 31.99709701538086, 32.57759475708008, 33.15809631347656, 33.73859405517578, 34.33070373535156, 34.92280960083008, 35.50331115722656, 36.08380889892578, 36.67591857910156], "rhythm.bpm_histogram": [0.0, 0.0, 0.0, 0.0, 0.0, 0.0, 0.0, 0.0, 0.0, 0.0, 0.0, 0.0, 0.0, 0.0, 0.0, 0.0, 0.0, 0.0, 0.0, 0.0, 0.0, 0.0, 0.0, 0.0, 0.0, 0.0, 0.0, 0.0, 0.0, 0.0, 0.0, 0.0, 0.0, 0.0, 0.0, 0.0, 0.0, 0.0, 0.0, 0.0, 0.0, 0.0, 0.0, 0.0, 0.0, 0.0, 0.0, 0.0, 0.0, 0.0, 0.0, 0.0, 0.0, 0.0, 0.0, 0.0, 0.0, 0.0, 0.0, 0.0, 0.0, 0.0, 0.0, 0.0, 0.0, 0.0, 0.0, 0.0, 0.0, 0.0, 0.0, 0.0, 0.0, 0.0, 0.0, 0.0, 0.0, 0.0, 0.0, 0.0, 0.0, 0.0, 0.0, 0.0, 0.0, 0.0, 0.0, 0.0, 0.0, 0.0, 0.0, 0.0, 0.0, 0.0, 0.0, 0.0, 0.0, 0.0, 0.016393441706895828, 0.31147539615631104, 0.0, 0.2950819730758667, 0.0, 0.32786884903907776, 0.0, 0.04918032884597778, 0.0, 0.0, 0.0, 0.0, 0.0, 0.0, 0.0, 0.0, 0.0, 0.0, 0.0, 0.0, 0.0, 0.0, 0.0, 0.0, 0.0, 0.0, 0.0, 0.0, 0.0, 0.0, 0.0, 0.0, 0.0, 0.0, 0.0, 0.0, 0.0, 0.0, 0.0, 0.0, 0.0, 0.0, 0.0, 0.0, 0.0, 0.0, 0.0, 0.0, 0.0, 0.0, 0.0, 0.0, 0.0, 0.0, 0.0, 0.0, 0.0, 0.0, 0.0, 0.0, 0.0, 0.0, 0.0, 0.0, 0.0, 0.0, 0.0, 0.0, 0.0, 0.0, 0.0, 0.0, 0.0, 0.0, 0.0, 0.0, 0.0, 0.0, 0.0, 0.0, 0.0, 0.0, 0.0, 0.0, 0.0, 0.0, 0.0, 0.0, 0.0, 0.0, 0.0, 0.0, 0.0, 0.0, 0.0, 0.0, 0.0, 0.0, 0.0, 0.0, 0.0, 0.0, 0.0, 0.0, 0.0, 0.0, 0.0, 0.0, 0.0, 0.0, 0.0, 0.0, 0.0, 0.0, 0.0, 0.0, 0.0, 0.0, 0.0, 0.0, 0.0, 0.0, 0.0, 0.0, 0.0, 0.0, 0.0, 0.0, 0.0, 0.0, 0.0, 0.0, 0.0, 0.0, 0.0, 0.0, 0.0, 0.0, 0.0, 0.0, 0.0, 0.0, 0.0, 0.0, 0.0, 0.0, 0.0, 0.0, 0.0, 0.0, 0.0, 0.0], "tonal.chords_histogram": [4.130162715911865, 1.6270338296890259, 0.0, 4.630788326263428, 0.8760951161384583, 9.511889457702637, 3.128911256790161, 10.387985229492188, 4.630788326263428, 2.503129005432129, 38.29787063598633, 1.1264079809188843, 9.386733055114746, 0.0, 1.7521902322769165, 0.0, 3.7546932697296143, 2.2528159618377686, 0.0, 0.0, 0.0, 0.0, 0.0, 2.0025031566619873], "tonal.thpcp": [1.0, 0.9452891945838928, 0.6762170791625977, 0.5205568671226501, 0.5800291895866394, 0.7042393088340759, 0.7864030599594116, 0.6933561563491821, 0.5566362738609314, 0.4896109998226166, 0.46068865060806274, 0.47842642664909363, 0.5673948526382446, 0.8712818026542664, 0.9906675815582275, 0.6762514114379883, 0.3874312937259674, 0.29566195607185364, 0.34050726890563965, 0.4137544333934784, 0.4006461501121521, 0.31784379482269287, 0.28594067692756653, 0.2956986725330353, 0.33232372999191284, 0.43206310272216797, 0.4502984285354614, 0.4164845049381256, 0.4984062612056732, 0.5535091161727905, 0.546682596206665, 0.5269930362701416, 0.44627583026885986, 0.47140684723854065, 0.7365381121635437, 0.9406588077545166], "lowlevel.gfcc.cov": [[1185.9791259765625, 297.3682861328125, -119.79634857177734, -8.931536674499512, -67.90392303466797, -147.02467346191406, -42.84191131591797, -68.27202606201172, 60.84821701049805, -57.868492126464844, 14.758627891540527, -53.637325286865234, -14.613028526306152], [297.3682861328125, 466.8880615234375, -36.58829879760742, 4.2112321853637695, 33.1080436706543, -95.404052734375, 75.64420318603516, 4.314336776733398, 66.3379135131836, 10.724770545959473, 65.23555755615234, -14.726548194885254, 19.535512924194336], [-119.79634857177734, -36.58829879760742, 406.9674377441406, 225.62147521972656, 118.82343292236328, 115.37767791748047, 0.2837257981300354, -39.94414520263672, -19.057640075683594, 48.67525100708008, 11.983960151672363, 30.32590103149414, 27.83778190612793], [-8.931536674499512, 4.2112321853637695, 225.62147521972656, 294.7212829589844, 189.96145629882812, 55.924808502197266, 0.7371336221694946, -14.168265342712402, 27.336475372314453, 18.956096649169922, 10.571820259094238, 18.964920043945312, 41.38848114013672], [-67.90392303466797, 33.1080436706543, 118.82343292236328, 189.96145629882812, 263.8664855957031, 152.69293212890625, 92.0995101928711, 70.2332763671875, 47.608009338378906, 27.014537811279297, 18.41718101501465, 14.831510543823242, 41.75098419189453], [-147.02467346191406, -95.404052734375, 115.37767791748047, 55.924808502197266, 152.69293212890625, 302.2925109863281, 192.235595703125, 50.51762771606445, -36.860565185546875, 14.809579849243164, 5.810745716094971, 12.664220809936523, 19.322120666503906], [-42.84191131591797, 75.64420318603516, 0.2837257981300354, 0.7371336221694946, 92.0995101928711, 192.235595703125, 278.0782775878906, 127.4493637084961, 12.974211692810059, 12.926472663879395, 43.904083251953125, 4.716734886169434, 12.705451965332031], [-68.27202606201172, 4.314336776733398, -39.94414520263672, -14.168265342712402, 70.2332763671875, 50.51762771606445, 127.4493637084961, 213.97384643554688, 117.32853698730469, 37.91005325317383, 29.320571899414062, 10.341757774353027, -3.57210636138916], [60.84821701049805, 66.3379135131836, -19.057640075683594, 27.336475372314453, 47.608009338378906, -36.860565185546875, 12.974211692810059, 117.32853698730469, 162.53756713867188, 61.218177795410156, 25.930896759033203, -6.388375759124756, 2.2763421535491943], [-57.868492126464844, 10.724770545959473, 48.67525100708008, 18.956096649169922, 27.014537811279297, 14.809579849243164, 12.926472663879395, 37.91005325317383, 61.218177795410156, 89.522216796875, 33.37143325805664, 2.795758008956909, 0.8337560892105103], [14.758627891540527, 65.23555755615234, 11.983960151672363, 10.571820259094238, 18.41718101501465, 5.810745716094971, 43.904083251953125, 29.320571899414062, 25.930896759033203, 33.37143325805664, 86.06656646728516, 42.13134002685547, 7.9901933670043945], [-53.637325286865234, -14.726548194885254, 30.32590103149414, 18.964920043945312, 14.831510543823242, 12.664220809936523, 4.716734886169434, 10.341757774353027, -6.388375759124756, 2.795758008956909, 42.13134002685547, 75.85688018798828, 31.441390991210938], [-14.613028526306152, 19.535512924194336, 27.83778190612793, 41.38848114013672, 41.75098419189453, 19.322120666503906, 12.705451965332031, -3.57210636138916, 2.2763421535491943, 0.8337560892105103, 7.9901933670043945, 31.441390991210938, 57.569541931152344]], "lowlevel.gfcc.icov": [[0.0012888162164017558, -0.0009156250162050128, 0.0004991516470909119, -0.0009140592301264405, 0.00120838254224509, -0.0010548653081059456, 0.0007143033435568213, 0.0003542380582075566, -0.001213165931403637, 0.0015300362138077617, -0.0008234463166445494, 0.0008872236940078437, 5.120272908243351e-05], [-0.0009156250162050128, 0.008154011331498623, -0.0038581283297389746, 0.007485264912247658, -0.00922318920493126, 0.011623300611972809, -0.010835842229425907, 0.00878431461751461, -0.005166934337466955, 0.002047192305326462, -0.0023925043642520905, 0.0011395288165658712, -0.0009065314079634845], [0.0004991516470909119, -0.0038581283297389746, 0.008536305278539658, -0.010301360860466957, 0.008073825389146805, -0.009311226196587086, 0.007148832082748413, -0.005207464564591646, 0.004409092012792826, -0.004754969850182533, 0.0010052722645923495, -0.0012105987407267094, 0.0004992340109311044], [-0.0009140592301264405, 0.007485264912247658, -0.010301360860466957, 0.0220946092158556, -0.01998155191540718, 0.016713276505470276, -0.012985939159989357, 0.013250288553535938, -0.008320617489516735, 0.00482179643586278, -0.00035551306791603565, -0.0010752774542197585, -0.0002097389369737357], [0.00120838254224509, -0.00922318920493126, 0.008073825389146805, -0.01998155191540718, 0.02723909169435501, -0.02253815159201622, 0.0168225709348917, -0.01576044410467148, 0.005810998380184174, -0.0018191933631896973, -0.0020300569012761116, 0.0042127575725317, -0.005205344408750534], [-0.0010548653081059456, 0.011623300611972809, -0.009311226196587086, 0.016713276505470276, -0.02253815159201622, 0.03085382468998432, -0.02539341151714325, 0.016840485855937004, -0.0057169063948094845, 0.00016872944252099842, 0.004110721405595541, -0.004410989582538605, 0.0029758692253381014], [0.0007143033435568213, -0.010835842229425907, 0.007148832082748413, -0.012985939159989357, 0.0168225709348917, -0.02539341151714325, 0.029772989451885223, -0.022369081154465675, 0.012239716947078705, -0.00068223278503865, -0.008023591712117195, 0.009013207629323006, -0.006181680131703615], [0.0003542380582075566, 0.00878431461751461, -0.005207464564591646, 0.013250288553535938, -0.01576044410467148, 0.016840485855937004, -0.022369081154465675, 0.029419919475913048, -0.02041034586727619, 0.004606527276337147, 0.004029717296361923, -0.008946842513978481, 0.007708399556577206], [-0.001213165931403637, -0.005166934337466955, 0.004409092012792826, -0.008320617489516735, 0.005810998380184174, -0.0057169063948094845, 0.012239716947078705, -0.02041034586727619, 0.026605824008584023, -0.012697583995759487, -0.0009562167688272893, 0.005483459215611219, -0.0046980855986475945], [0.0015300362138077617, 0.002047192305326462, -0.004754969850182533, 0.00482179643586278, -0.0018191933631896973, 0.00016872944252099842, -0.00068223278503865, 0.004606527276337147, -0.012697583995759487, 0.02505250833928585, -0.01189267635345459, 0.007359982002526522, -0.0020042620599269867], [-0.0008234463166445494, -0.0023925043642520905, 0.0010052722645923495, -0.00035551306791603565, -0.0020300569012761116, 0.004110721405595541, -0.008023591712117195, 0.004029717296361923, -0.0009562167688272893, -0.01189267635345459, 0.03178366273641586, -0.023633398115634918, 0.011191749013960361], [0.0008872236940078437, 0.0011395288165658712, -0.0012105987407267094, -0.0010752774542197585, 0.0042127575725317, -0.004410989582538605, 0.009013207629323006, -0.008946842513978481, 0.005483459215611219, 0.007359982002526522, -0.023633398115634918, 0.03704405203461647, -0.02019686996936798], [5.120272908243351e-05, -0.0009065314079634845, 0.0004992340109311044, -0.0002097389369737357, -0.005205344408750534, 0.0029758692253381014, -0.006181680131703615, 0.007708399556577206, -0.0046980855986475945, -0.0020042620599269867, 0.011191749013960361, -0.02019686996936798, 0.03191104531288147]], "lowlevel.mfcc.cov": [[1329.7471923828125, 233.94134521484375, -140.59487915039062, 33.13014602661133, -89.94975280761719, -104.13755798339844, -155.74159240722656, -36.704593658447266, -74.1457748413086, -1.9041364192962646, -11.776028633117676, -22.949573516845703, -49.2874755859375], [233.94134521484375, 383.737060546875, -64.55904388427734, 29.839828491210938, -70.93637084960938, -51.792510986328125, -5.2389302253723145, -0.38375458121299744, -4.733575820922852, 25.528776168823242, 41.951107025146484, 19.181682586669922, 14.923189163208008], [-140.59487915039062, -64.55904388427734, 297.6231689453125, 89.61893463134766, 71.90534210205078, 111.61653900146484, 32.06337356567383, -37.7514762878418, -13.336930274963379, -31.942564010620117, -27.925474166870117, 11.745491027832031, 25.890779495239258], [33.13014602661133, 29.839828491210938, 89.61893463134766, 261.28204345703125, 145.69285583496094, 22.756072998046875, -32.77561950683594, -18.39289093017578, 25.332530975341797, -4.012589454650879, -7.1675944328308105, 33.5295295715332, 38.61043167114258], [-89.94975280761719, -70.93637084960938, 71.90534210205078, 145.69285583496094, 239.17543029785156, 85.08219146728516, -2.256263017654419, 4.335414409637451, 54.973594665527344, 8.374549865722656, 2.013796806335449, 21.485618591308594, 26.939769744873047], [-104.13755798339844, -51.792510986328125, 111.61653900146484, 22.756072998046875, 85.08219146728516, 243.88465881347656, 161.65122985839844, 25.166330337524414, 29.183948516845703, -2.5482137203216553, -11.916031837463379, -17.5821533203125, -10.880487442016602], [-155.74159240722656, -5.2389302253723145, 32.06337356567383, -32.77561950683594, -2.256263017654419, 161.65122985839844, 264.3145751953125, 127.82049560546875, 49.051692962646484, 28.575668334960938, 35.91521453857422, -2.795909881591797, -5.866764545440674], [-36.704593658447266, -0.38375458121299744, -37.7514762878418, -18.39289093017578, 4.335414409637451, 25.166330337524414, 127.82049560546875, 165.2813720703125, 75.16468048095703, 41.808719635009766, 45.81718826293945, 25.364341735839844, 9.7588472366333], [-74.1457748413086, -4.733575820922852, -13.336930274963379, 25.332530975341797, 54.973594665527344, 29.183948516845703, 49.051692962646484, 75.16468048095703, 124.3530044555664, 76.77545166015625, 43.25567626953125, 15.551609992980957, 15.065815925598145], [-1.9041364192962646, 25.528776168823242, -31.942564010620117, -4.012589454650879, 8.374549865722656, -2.5482137203216553, 28.575668334960938, 41.808719635009766, 76.77545166015625, 140.06533813476562, 76.15794372558594, 13.600091934204102, 7.7084641456604], [-11.776028633117676, 41.951107025146484, -27.925474166870117, -7.1675944328308105, 2.013796806335449, -11.916031837463379, 35.91521453857422, 45.81718826293945, 43.25567626953125, 76.15794372558594, 102.7834701538086, 44.14696502685547, 16.549165725708008], [-22.949573516845703, 19.181682586669922, 11.745491027832031, 33.5295295715332, 21.485618591308594, -17.5821533203125, -2.795909881591797, 25.364341735839844, 15.551609992980957, 13.600091934204102, 44.14696502685547, 86.15621948242188, 48.267574310302734], [-49.2874755859375, 14.923189163208008, 25.890779495239258, 38.61043167114258, 26.939769744873047, -10.880487442016602, -5.866764545440674, 9.7588472366333, 15.065815925598145, 7.7084641456604, 16.549165725708008, 48.267574310302734, 76.97870635986328]], "lowlevel.mfcc.icov": [[0.0011130458442494273, -0.0005761644570156932, 0.0004161882388871163, -0.0005419700173661113, 0.0005246996879577637, -0.0010334729449823499, 0.0016601590905338526, -0.0013309643836691976, 0.001151223317719996, -0.00047989748418331146, 5.931727628194494e-06, 0.00020259423763491213, 0.000616201723460108], [-0.0005761644570156932, 0.003682475071400404, 0.0006504018674604595, -0.0014020012458786368, 0.001615277724340558, 0.0003056397254113108, -0.0010047925170511007, 0.0011907167499884963, -0.0005406329873949289, 0.0004496555484365672, -0.0017148457700386643, 0.00027732132002711296, -0.0010924000525847077], [0.0004161882388871163, 0.0006504018674604595, 0.005420514848083258, -0.0019209794700145721, 0.0009193902369588614, -0.00295709609054029, 0.000551189761608839, 0.0007714196690358222, 0.000945359468460083, 0.00011321912461426109, 0.00021899931016378105, -0.0005904329009354115, -0.001387953176163137], [-0.0005419700173661113, -0.0014020012458786368, -0.0019209794700145721, 0.007829749956727028, -0.005178958643227816, 0.0022683474235236645, -0.0013742486480623484, 0.001413513789884746, -0.0011137670371681452, -0.00015428905317094177, 0.0022582474630326033, -0.0019575790502130985, -0.0005317800096236169], [0.0005246996879577637, 0.001615277724340558, 0.0009193902369588614, -0.005178958643227816, 0.010463341139256954, -0.005851534195244312, 0.004833414684981108, -0.0020048192236572504, -0.002275028731673956, 0.0012497244169935584, -0.002497621811926365, 0.0007678991532884538, -0.0011795671889558434], [-0.0010334729449823499, 0.0003056397254113108, -0.00295709609054029, 0.0022683474235236645, -0.005851534195244312, 0.015303083695471287, -0.013002555817365646, 0.007841646671295166, -0.003473240416496992, 0.0002190021623391658, 0.0036180345341563225, -0.0014312125276774168, 0.002139054238796234], [0.0016601590905338526, -0.0010047925170511007, 0.000551189761608839, -0.0013742486480623484, 0.004833414684981108, -0.013002555817365646, 0.01901007816195488, -0.013689498417079449, 0.004338906146585941, -9.843761654337868e-05, -0.004891274031251669, 0.0042237467132508755, -0.0010196113726124167], [-0.0013309643836691976, 0.0011907167499884963, 0.0007714196690358222, 0.001413513789884746, -0.0020048192236572504, 0.007841646671295166, -0.013689498417079449, 0.01984478160738945, -0.009790224954485893, 0.0024437124375253916, 0.0008735108422115445, -0.0049779764376580715, 0.0008043301641009748], [0.001151223317719996, -0.0005406329873949289, 0.000945359468460083, -0.0011137670371681452, -0.002275028731673956, -0.003473240416496992, 0.004338906146585941, -0.009790224954485893, 0.020516492426395416, -0.009363620541989803, 0.0007928595296107233, 0.0017624011961743236, -0.0013935790630057454], [-0.00047989748418331146, 0.0004496555484365672, 0.00011321912461426109, -0.00015428905317094177, 0.0012497244169935584, 0.0002190021623391658, -9.843761654337868e-05, 0.0024437124375253916, -0.009363620541989803, 0.01772535964846611, -0.012304365634918213, 0.004800600931048393, -0.0013860745821148157], [5.931727628194494e-06, -0.0017148457700386643, 0.00021899931016378105, 0.0022582474630326033, -0.002497621811926365, 0.0036180345341563225, -0.004891274031251669, 0.0008735108422115445, 0.0007928595296107233, -0.012304365634918213, 0.026380550116300583, -0.013476221822202206, 0.0038873529992997646], [0.00020259423763491213, 0.00027732132002711296, -0.0005904329009354115, -0.0019575790502130985, 0.0007678991532884538, -0.0014312125276774168, 0.0042237467132508755, -0.0049779764376580715, 0.0017624011961743236, 0.004800600931048393, -0.013476221822202206, 0.02659907564520836, -0.012868409976363182], [0.000616201723460108, -0.0010924000525847077, -0.001387953176163137, -0.0005317800096236169, -0.0011795671889558434, 0.002139054238796234, -0.0010196113726124167, 0.0008043301641009748, -0.0013935790630057454, -0.0013860745821148157, 0.0038873529992997646, -0.012868409976363182, 0.022510576993227005]], "metadata.audio_properties.analysis.downmix": "mix", "metadata.audio_properties.codec": "mp3", "metadata.audio_properties.md5_encoded": "7e48ec0ce368b51ae64c68ed9a25fdb1", "metadata.tags.file_name": "1182273573415555182.mp3", "metadata.version.essentia": "2.1-beta6-dev", "metadata.version.essentia_git_sha": "v2.1_beta5-1110-g77a6a954", "metadata.version.extractor": "music 2.0", "tonal.chords_key": "B", "tonal.chords_scale": "major", "tonal.key_edma.key": "C", "tonal.key_edma.scale": "major", "tonal.key_krumhans