{"song_id": "1182270726380724284", "download": "https://cdn.discordapp.com/attachments/1128313332273782784/1182270726380724284/chirp.mp4?ex=6584166a&amp", "lyrics": "[intro]\n[verse 1]\n\u042f \u043d\u0430\u0432\u0441\u0435\u0433\u0434\u0430 \u0437\u0430\u043f\u043e\u043c\u043d\u044e \u043d\u043e\u0447\u044c, \n\u041a\u043e\u0433\u0434\u0430 \u0432\u0441\u0451 \u044d\u0442\u043e \u043d\u0430\u0447\u0430\u043b\u043e\u0441\u044c \n\u041f\u043e\u0434 \u0443\u0442\u0440\u043e \u044f \u0441 \u0443\u043c\u0430 \u0441\u043e\u0448\u043b\u0430 \n\u0417\u0430\u0447\u0435\u043c \u0436\u0435 \u044f \u0442\u0435\u0431\u044f \u043d\u0430\u0448\u043b\u0430!?", "style": ["rock</span><span>, female vocal</span><span>, piano"], "essentia_features": {"lowlevel.average_loudness": 0.8987133502960205, "lowlevel.barkbands_crest.mean": 13.182305335998535, "lowlevel.barkbands_crest.stdev": 4.299132823944092, "lowlevel.barkbands_flatness_db.mean": 0.22524328529834747, "lowlevel.barkbands_flatness_db.stdev": 0.04781755059957504, "lowlevel.barkbands_kurtosis.mean": 8.596061706542969, "lowlevel.barkbands_kurtosis.stdev": 10.322014808654785, "lowlevel.barkbands_skewness.mean": 1.6065975427627563, "lowlevel.barkbands_skewness.stdev": 1.4533356428146362, "lowlevel.barkbands_spread.mean": 13.303504943847656, "lowlevel.barkbands_spread.stdev": 16.130023956298828, "lowlevel.dissonance.mean": 0.409638375043869, "lowlevel.dissonance.stdev": 0.048447754234075546, "lowlevel.dynamic_complexity": 3.66286301612854, "lowlevel.erbbands_crest.mean": 14.595014572143555, "lowlevel.erbbands_crest.stdev": 6.376482963562012, "lowlevel.erbbands_flatness_db.mean": 0.22428449988365173, "lowlevel.erbbands_flatness_db.stdev": 0.06012411788105965, "lowlevel.erbbands_kurtosis.mean": 5.20793342590332, "lowlevel.erbbands_kurtosis.stdev": 7.338594913482666, "lowlevel.erbbands_skewness.mean": 1.1533445119857788, "lowlevel.erbbands_skewness.stdev": 1.055719017982483, "lowlevel.erbbands_spread.mean": 26.965843200683594, "lowlevel.erbbands_spread.stdev": 27.02926254272461, "lowlevel.hfc.mean": 13.929126739501953, "lowlevel.hfc.stdev": 15.02104377746582, "lowlevel.loudness_ebu128.integrated": -22.427003860473633, "lowlevel.loudness_ebu128.loudness_range": 5.470121383666992, "lowlevel.loudness_ebu128.momentary.mean": -23.45762062072754, "lowlevel.loudness_ebu128.momentary.stdev": 3.115434169769287, "lowlevel.loudness_ebu128.short_term.mean": -22.712400436401367, "lowlevel.loudness_ebu128.short_term.stdev": 2.157411813735962, "lowlevel.melbands_crest.mean": 15.958892822265625, "lowlevel.melbands_crest.stdev": 5.022356033325195, "lowlevel.melbands_flatness_db.mean": 0.28439897298812866, "lowlevel.melbands_flatness_db.stdev": 0.05835913121700287, "lowlevel.melbands_kurtosis.mean": 12.948058128356934, "lowlevel.melbands_kurtosis.stdev": 15.738985061645508, "lowlevel.melbands_skewness.mean": 1.9692877531051636, "lowlevel.melbands_skewness.stdev": 1.7909507751464844, "lowlevel.melbands_spread.mean": 13.807044982910156, "lowlevel.melbands_spread.stdev": 12.60694694519043, "lowlevel.pitch_salience.mean": 0.4872629642486572, "lowlevel.pitch_salience.stdev": 0.10606423765420914, "lowlevel.silence_rate_20dB.mean": 1.0, "lowlevel.silence_rate_20dB.stdev": 0.0, "lowlevel.silence_rate_30dB.mean": 1.0, "lowlevel.silence_rate_30dB.stdev": 0.0, "lowlevel.silence_rate_60dB.mean": 0.062240663915872574, "lowlevel.silence_rate_60dB.stdev": 0.24159501492977142, "lowlevel.spectral_centroid.mean": 827.9652099609375, "lowlevel.spectral_centroid.stdev": 511.0026550292969, "lowlevel.spectral_complexity.mean": 8.939833641052246, "lowlevel.spectral_complexity.stdev": 3.4686667919158936, "lowlevel.spectral_decrease.mean": -4.875829073824889e-09, "lowlevel.spectral_decrease.stdev": 4.358289729111675e-09, "lowlevel.spectral_energy.mean": 0.01966591738164425, "lowlevel.spectral_energy.stdev": 0.017662372440099716, "lowlevel.spectral_energyband_high.mean": 0.00024519243743270636, "lowlevel.spectral_energyband_high.stdev": 0.00045392484753392637, "lowlevel.spectral_energyband_low.mean": 0.001486434368416667, "lowlevel.spectral_energyband_low.stdev": 0.0016442911000922322, "lowlevel.spectral_energyband_middle_high.mean": 0.0064735631458461285, "lowlevel.spectral_energyband_middle_high.stdev": 0.012770402245223522, "lowlevel.spectral_energyband_middle_low.mean": 0.011791684664785862, "lowlevel.spectral_energyband_middle_low.stdev": 0.012752421200275421, "lowlevel.spectral_entropy.mean": 6.844114303588867, "lowlevel.spectral_entropy.stdev": 0.5566262602806091, "lowlevel.spectral_flux.mean": 0.053939178586006165, "lowlevel.spectral_flux.stdev": 0.0359262079000473, "lowlevel.spectral_kurtosis.mean": 7.861882209777832, "lowlevel.spectral_kurtosis.stdev": 5.381068229675293, "lowlevel.spectral_rms.mean": 0.003997436258941889, "lowlevel.spectral_rms.stdev": 0.0017907507717609406, "lowlevel.spectral_rolloff.mean": 1216.960693359375, "lowlevel.spectral_rolloff.stdev": 1874.2838134765625, "lowlevel.spectral_skewness.mean": 2.142801284790039, "lowlevel.spectral_skewness.stdev": 0.7663816809654236, "lowlevel.spectral_spread.mean": 4626592.0, "lowlevel.spectral_spread.stdev": 2448815.5, "lowlevel.spectral_strongpeak.mean": 1.7182798385620117, "lowlevel.spectral_strongpeak.stdev": 2.075714349746704, "lowlevel.zerocrossingrate.mean": 0.04648549109697342, "lowlevel.zerocrossingrate.stdev": 0.04219270497560501, "metadata.audio_properties.analysis.equal_loudness": 0.0, "metadata.audio_properties.analysis.length": 22.356281280517578, "metadata.audio_properties.analysis.sample_rate": 44100.0, "metadata.audio_properties.analysis.start_time": 0.0, "metadata.audio_properties.bit_rate": 107713.0, "metadata.audio_properties.length": 22.35733413696289, "metadata.audio_properties.lossless": 0.0, "metadata.audio_properties.number_channels": 1.0, "metadata.audio_properties.replay_gain": -6.064870834350586, "metadata.audio_properties.sample_rate": 48000.0, "rhythm.beats_count": 38.0, "rhythm.beats_loudness.mean": 0.024585075676441193, "rhythm.beats_loudness.stdev": 0.020993152633309364, "rhythm.bpm": 101.73707580566406, "rhythm.bpm_histogram_first_peak_bpm": 103.0, "rhythm.bpm_histogram_first_peak_weight": 0.4999999403953552, "rhythm.bpm_histogram_second_peak_bpm": 110.0, "rhythm.bpm_histogram_second_peak_spread": 0.46666663885116577, "rhythm.bpm_histogram_second_peak_weight": 0.21621622145175934, "rhythm.danceability": 1.0431838035583496, "rhythm.onset_rate": 3.1288514137268066, "tonal.chords_changes_rate": 0.04140786826610565, "tonal.chords_number_rate": 0.018633540719747543, "tonal.chords_strength.mean": 0.5019039511680603, "tonal.chords_strength.stdev": 0.0955933928489685, "tonal.hpcp_crest.mean": 17.84254264831543, "tonal.hpcp_crest.stdev": 7.768731594085693, "tonal.hpcp_entropy.mean": 1.478762149810791, "tonal.hpcp_entropy.stdev": 0.63670414686203, "tonal.key_edma.strength": 0.5707025527954102, "tonal.key_krumhansl.strength": 0.5737701058387756, "tonal.key_temperley.strength": 0.5524795651435852, "tonal.tuning_diatonic_strength": 0.413286030292511, "tonal.tuning_equal_tempered_deviation": 0.0923687294125557, "tonal.tuning_frequency": 440.2542419433594, "tonal.tuning_nontempered_energy_ratio": 0.6649084091186523, "lowlevel.barkbands.mean": [2.1262742393446388e-06, 0.0006835897802375257, 0.00074196164496243, 0.00014522916171699762, 0.004314149729907513, 0.0016270163469016552, 0.0008644507615827024, 0.002036012476310134, 0.0022836695425212383, 0.0015832744538784027, 0.0038508567959070206, 0.00038269965443760157, 0.00029409772832877934, 0.000283088069409132, 7.816756260581315e-05, 4.4731281377607957e-05, 2.4538096113246866e-05, 4.219180846121162e-05, 9.625272650737315e-05, 9.524011693429202e-05, 6.127751112217084e-05, 1.548461295897141e-05, 1.765693559718784e-05, 2.1920095605310053e-05, 4.942249142914079e-05, 2.68285130005097e-05, 1.2936838267307849e-08], "lowlevel.barkbands.stdev": [5.4403740250563715e-06, 0.000910283240955323, 0.0009472318924963474, 0.00026734932907857, 0.003954118583351374, 0.003678533248603344, 0.0018747245194390416, 0.006365979090332985, 0.006178262643516064, 0.004505500663071871, 0.010978776961565018, 0.0018456148682162166, 0.0009823021246120334, 0.0006971437251195312, 0.0001855631562648341, 0.00015484228788409382, 7.79259717091918e-05, 8.837870700517669e-05, 0.00019786581106018275, 0.00017335225129500031, 0.00011205102782696486, 5.652309482684359e-05, 7.665705925319344e-05, 8.084430010057986e-05, 0.0001403774949721992, 0.00013863731874153018, 1.8966881043525063e-07], "lowlevel.erbbands.mean": [0.005903398152440786, 0.20330463349819183, 0.8351647853851318, 0.6995026469230652, 3.631709575653076, 18.868501663208008, 19.604412078857422, 11.450676918029785, 11.07756233215332, 23.80978775024414, 56.31016159057617, 50.16667175292969, 36.633087158203125, 105.02033996582031, 110.2983627319336, 19.224777221679688, 15.803215026855469, 14.287095069885254, 7.77651834487915, 3.1360549926757812, 2.2363128662109375, 1.5032563209533691, 1.8445125818252563, 4.835599422454834, 4.397514343261719, 4.2545576095581055, 3.5627427101135254, 1.6119797229766846, 0.5903242826461792, 0.44044679403305054, 0.5278220176696777, 0.45687243342399597, 0.3881995379924774, 0.4403029978275299, 0.40900421142578125, 0.20084479451179504, 0.029387613758444786, 0.0013047358952462673, 4.5355231122812256e-05, 2.5738814656506293e-05], "lowlevel.erbbands.stdev": [0.008156012743711472, 0.2581971287727356, 1.0134307146072388, 0.7666637897491455, 4.59719705581665, 17.770488739013672, 31.81078338623047, 29.664447784423828, 21.628406524658203, 84.9715347290039, 176.2646942138672, 130.04666137695312, 122.21894836425781, 265.2403564453125, 352.1169128417969, 74.81887817382812, 47.023860931396484, 34.51982498168945, 18.46403694152832, 7.99822998046875, 7.575264930725098, 4.668099880218506, 4.297992706298828, 8.044174194335938, 11.593306541442871, 7.838601112365723, 5.868256092071533, 3.4853124618530273, 1.9124538898468018, 1.843124270439148, 2.322108745574951, 1.9770972728729248, 1.2311315536499023, 1.1202857494354248, 1.3569895029067993, 0.9637158513069153, 0.16689574718475342, 0.008968707174062729, 0.00019448506645858288, 2.3249573132488877e-05], "lowlevel.gfcc.mean": [-69.04843139648438, 118.23611450195312, -105.81661987304688, 7.641547203063965, -71.95744323730469, 6.514190673828125, -36.53002166748047, 10.777215003967285, -55.95817565917969, 8.580388069152832, -15.17090129852295, -15.9780912399292, 6.770066261291504], "lowlevel.melbands.mean": [0.00012178430915810168, 0.0003786503802984953, 0.00017862590902950615, 0.0007882197969593108, 0.0008038245723582804, 0.00026356210582889616, 0.00016840848547872156, 0.0002745740639511496, 0.0005305944941937923, 0.00028094887966290116, 0.00016501153004355729, 0.0003863518068101257, 0.00048529854393564165, 5.534673618967645e-05, 4.655540396925062e-05, 2.6838995836442336e-05, 2.749004306679126e-05, 1.4358908629219513e-05, 5.2905711527273525e-06, 3.6216538319422398e-06, 2.1743621800851543e-06, 1.6407806242568768e-06, 1.1631386769295204e-06, 2.0393099475768395e-06, 4.232709216012154e-06, 3.2335826745111262e-06, 3.110894340352388e-06, 2.8196141101943795e-06, 2.4111286620609462e-06, 1.6994169982353924e-06, 6.577029125764966e-07, 3.225704290343856e-07, 2.7968937388322956e-07, 2.2422982226544264e-07, 2.8441215249586094e-07, 3.406376265502331e-07, 2.5999526087616687e-07, 2.823475995228364e-07, 2.177876865516737e-07, 4.4954688860343595e-07], "lowlevel.melbands.stdev": [0.0001647463213885203, 0.00042696442687883973, 0.00019297735707368702, 0.0007082801894284785, 0.0010566706769168377, 0.0006370150367729366, 0.0003417105763219297, 0.0010275476379320025, 0.0016856093425303698, 0.0007459412445314229, 0.0006153903668746352, 0.0010128216817975044, 0.0015315864002332091, 0.00015511485980823636, 0.00023678831348661333, 8.662284380989149e-05, 7.176026701927185e-05, 3.8948532164795324e-05, 1.3432544619718101e-05, 1.2380461157590616e-05, 7.948794518597424e-06, 5.5495670494565275e-06, 3.061371671719826e-06, 4.213729425828205e-06, 7.282834758370882e-06, 8.316631465277169e-06, 8.270659236586653e-06, 5.015480837755604e-06, 4.073976924701128e-06, 3.3246312796109123e-06, 1.63759148108511e-06, 1.028596784635738e-06, 1.3162951972844894e-06, 9.409815788785636e-07, 1.2791620065399911e-06, 1.6311511217281804e-06, 1.1046821555282804e-06, 9.427173495168972e-07, 6.390407065737236e-07, 1.1727247510862071e-06], "lowlevel.melbands128.mean": [1.1562260624486953e-06, 7.121761882444844e-06, 0.00013041407510172576, 0.0004136181087233126, 0.00047259326674975455, 0.00033567138598300517, 0.00011910861940123141, 8.00639609224163e-05, 0.00028751068748533726, 0.0007402185001410544, 0.001175008830614388, 0.0011952584609389305, 0.0006034881225787103, 0.0005155600374564528, 0.0002672860864549875, 0.00012208212865516543, 0.00013033987488597631, 0.00020967463206034154, 0.00016706448514014482, 0.00027015822706744075, 0.0003491999814286828, 0.00021298279170878232, 0.0007135675987228751, 0.0006530981627292931, 0.0003088747907895595, 0.00014200728037394583, 0.00012145742948632687, 0.00023034551122691482, 0.00011778362386394292, 0.00021026770991738886, 0.0005445393617264926, 0.0006113288691267371, 0.0006689105066470802, 0.00023397384211421013, 3.848117921734229e-05, 1.6505227904417552e-05, 4.9065853090723976e-05, 5.778594277217053e-05, 3.9032642234815285e-05, 3.354195723659359e-05, 2.3491529645980336e-05, 1.5924133549560793e-05, 3.130367986159399e-05, 3.273652691859752e-05, 2.050539114861749e-05, 1.0757754353107885e-05, 6.86213070366648e-06, 6.533696250698995e-06, 3.86750980396755e-06, 3.1391095944854897e-06, 3.4832746678148396e-06, 4.4931639422429726e-06, 2.5268593617511215e-06, 9.082228302759177e-07, 1.809230070648482e-06, 2.0356119421194308e-06, 1.2687050912063569e-06, 7.914102297945647e-07, 1.1246928579566884e-06, 1.8907779804067104e-06, 1.335642878075305e-06, 2.3380996481137117e-06, 5.345985300664324e-06, 4.261996764398646e-06, 3.5263274185126647e-06, 3.2843554436112754e-06, 2.866710019588936e-06, 3.225393584216363e-06, 3.404804374440573e-06, 2.8060512704541907e-06, 2.242899654447683e-06, 3.3563480883458396e-06, 3.0254545890784357e-06, 1.847271278165863e-06, 2.269301603519125e-06, 1.9703250018210383e-06, 1.417657699676056e-06, 9.048255265042826e-07, 5.588186695604236e-07, 3.8874870256222493e-07, 3.5335807524461416e-07, 2.865009491870296e-07, 2.5444103357585846e-07, 3.24548267371938e-07, 2.5330066932838236e-07, 2.1006098904763348e-07, 2.083801433627741e-07, 2.5472118636571395e-07, 2.760883432983974e-07, 3.1071832040652225e-07, 3.7835192756574543e-07, 3.58672821221262e-07, 2.6035701239379705e-07, 2.2951624600864307e-07, 2.770584046629665e-07, 2.960769336368685e-07, 2.6995613211511227e-07, 3.101528989191138e-07, 1.6529236290807603e-07, 2.0216880614043475e-07, 2.7672399482980836e-07, 5.483490213009645e-07, 5.71727014175849e-07, 4.978950869372056e-07, 3.163185624543985e-07, 6.177812679197814e-07, 4.134720086312882e-07, 4.2500985841797956e-07, 4.2432708369233296e-07, 2.4198328674174263e-07, 1.682051760099057e-07, 1.5339593062435597e-07, 4.9520405553948876e-08, 2.3348215805185646e-08, 2.27521326223723e-08, 5.95026028449297e-09, 5.258441460043173e-10, 1.0573285302850621e-11, 3.3827203191338917e-12, 3.295030481104133e-12, 3.1949039767942278e-12, 3.1397673089933464e-12, 3.0924386315578367e-12, 3.032171085395885e-12, 2.872827409988732e-12, 2.64016954999724e-12, 2.509376820919451e-12, 2.4798975806900048e-12], "lowlevel.melbands128.stdev": [3.3150026865769178e-06, 1.98275811271742e-05, 0.00019800734298769385, 0.0005491716437973082, 0.000569770229049027, 0.00042104144813492894, 0.00015677121700719, 0.00017925919382832944, 0.0005400688969530165, 0.0008932676282711327, 0.001201039645820856, 0.0014790557324886322, 0.001264822669327259, 0.0013480809284374118, 0.0010038412874564528, 0.00041198974940925837, 0.0003428239724598825, 0.0005560734425671399, 0.0004467801481951028, 0.0012904388131573796, 0.0016056472668424249, 0.0009470100048929453, 0.002956136828288436, 0.0022876737639307976, 0.0009887238265946507, 0.0007847718079574406, 0.0004950642469339073, 0.0011502810521051288, 0.0004990837769582868, 0.000739022099878639, 0.0018829676555469632, 0.0021269996650516987, 0.0027980194427073, 0.0009371814667247236, 0.00014048197772353888, 5.329231862560846e-05, 0.0003561938356142491, 0.00041166928713209927, 0.00019687200256157666, 0.00013166139251552522, 0.00013208725431468338, 5.834228795720264e-05, 0.00011027917207684368, 0.00012549653183668852, 7.305227336473763e-05, 5.088762191007845e-05, 2.5654886485426687e-05, 2.288984069309663e-05, 1.5833711586310528e-05, 1.9770022845477797e-05, 1.918439920700621e-05, 1.815825635276269e-05, 1.7608444977668114e-05, 2.998943955390132e-06, 8.80873813002836e-06, 8.422843166044913e-06, 6.0483093875518534e-06, 2.164011448257952e-06, 3.570082071746583e-06, 8.150364919856656e-06, 4.7301068661909085e-06, 6.035851583874319e-06, 1.2404741028149147e-05, 9.481210327066947e-06, 7.885641934990417e-06, 1.0009770448959898e-05, 1.1595589057833422e-05, 1.0326400115445722e-05, 1.051141407515388e-05, 7.240444574563298e-06, 4.778054062626325e-06, 7.311582066904521e-06, 6.610506716242526e-06, 3.6073827232030453e-06, 4.800309397978708e-06, 4.124010956729762e-06, 3.7161937598284567e-06, 2.521391252230387e-06, 1.5070307881615008e-06, 1.1784985645135748e-06, 1.1604385008467943e-06, 1.0477828027433134e-06, 1.1288020687061362e-06, 1.7386216768500162e-06, 1.306304284298676e-06, 9.128895612775523e-07, 9.669696510172798e-07, 1.190939428852289e-06, 1.3668256997334538e-06, 1.4526711993312347e-06, 1.797836262085184e-06, 1.877048362075584e-06, 1.5085313407325884e-06, 9.561547358316602e-07, 1.267074821953429e-06, 1.1974308335993555e-06, 8.232896107074339e-07, 1.107527964450128e-06, 5.50560628198582e-07, 6.31108548532211e-07, 7.177325187512906e-07, 1.6489802874275483e-06, 1.5874873042776017e-06, 1.57512465648324e-06, 9.994049605666078e-07, 2.5305810140707763e-06, 1.6561854181418312e-06, 2.1349974304030184e-06, 2.333977363377926e-06, 1.2767927728418726e-06, 9.654979749029735e-07, 1.0390504030510783e-06, 3.417064817767823e-07, 1.9278144236523076e-07, 2.3903007217995764e-07, 5.6680875104575534e-08, 7.2211707724534335e-09, 1.2518644454395655e-10, 5.284685015982671e-12, 5.143591282064097e-12, 5.0210582219767375e-12, 4.906879156468813e-12, 4.8158165823208865e-12, 4.730737069441604e-12, 4.661353768253829e-12, 4.6037756940009444e-12, 4.56292338982256e-12, 4.537911279384188e-12], "lowlevel.mfcc.mean": [-726.5449829101562, 161.72731018066406, 7.711709976196289, 13.046380996704102, -10.412027359008789, -13.614513397216797, 31.419055938720703, -26.23090171813965, 3.626455783843994, -6.987863063812256, -10.105799674987793, -5.696852207183838, -17.10152816772461], "lowlevel.spectral_contrast_coeffs.mean": [-0.6089456677436829, -0.6824659109115601, -0.6966128349304199, -0.7723814249038696, -0.7916114330291748, -0.7282860279083252], "lowlevel.spectral_contrast_coeffs.stdev": [0.0819125771522522, 0.0916399210691452, 0.10401476174592972, 0.06147552654147148, 0.04995027184486389, 0.06532417982816696], "lowlevel.spectral_contrast_valleys.mean": [-7.424023628234863, -7.425005912780762, -8.069844245910645, -8.747772216796875, -8.567999839782715, -11.909181594848633], "lowlevel.spectral_contrast_valleys.stdev": [0.6376538872718811, 0.5300849080085754, 0.6229516863822937, 0.5554282069206238, 0.7087346911430359, 1.028098464012146], "rhythm.beats_loudness_band_ratio.mean": [0.16483955085277557, 0.4025987684726715, 0.2155010849237442, 0.22381258010864258, 0.017702337354421616, 0.03549249470233917], "rhythm.beats_loudness_band_ratio.stdev": [0.19595147669315338, 0.24897898733615875, 0.18845736980438232, 0.25211653113365173, 0.022652188315987587, 0.08759833127260208], "tonal.hpcp.mean": [0.2597193717956543, 0.16041772067546844, 0.10343726724386215, 0.09490998089313507, 0.06611182540655136, 0.14919643104076385, 0.2547551095485687, 0.16184158623218536, 0.2128582000732422, 0.2930038273334503, 0.12694714963436127, 0.033605124801397324, 0.04041913151741028, 0.02982346899807453, 0.0205826535820961, 0.025735631585121155, 0.04952274635434151, 0.09534902125597, 0.10366992652416229, 0.07001088559627533, 0.0733303651213646, 0.11535662412643433, 0.09483800828456879, 0.10570597648620605, 0.13000337779521942, 0.06499108672142029, 0.02600630559027195, 0.02391715906560421, 0.03733887895941734, 0.06138361617922783, 0.07881619036197662, 0.06942103803157806, 0.04806642606854439, 0.039075400680303574, 0.047226108610630035, 0.1799045354127884], "tonal.hpcp.stdev": [0.33452939987182617, 0.24309691786766052, 0.2459215521812439, 0.2483023703098297, 0.20151594281196594, 0.23276057839393616, 0.3793395161628723, 0.24892862141132355, 0.2846181392669678, 0.38066184520721436, 0.1948285847902298, 0.11204273253679276, 0.1570407748222351, 0.11876503378152847, 0.1034018024802208, 0.12198475748300552, 0.1628565490245819, 0.24919621646404266, 0.2524295449256897, 0.19628463685512543, 0.18038471043109894, 0.2118447870016098, 0.19929024577140808, 0.2031201720237732, 0.25779369473457336, 0.1595432460308075, 0.11350215971469879, 0.10104480385780334, 0.13447292149066925, 0.15982727706432343, 0.18205173313617706, 0.18230614066123962, 0.16150757670402527, 0.14363212883472443, 0.16182851791381836, 0.26579558849334717], "rhythm.beats_position": [0.5224489569664001, 1.0681178569793701, 1.6021767854690552, 2.1362357139587402, 2.6819047927856445, 3.2740135192871094, 3.8661224842071533, 4.446621417999268, 4.980679988861084, 5.514739036560059, 6.048798084259033, 6.5944671630859375, 7.140135765075684, 7.685804843902588, 8.231473922729492, 8.777142524719238, 9.311202049255371, 9.845260620117188, 10.390929222106934, 11.029478073120117, 11.6680269241333, 12.260135650634766, 12.86385440826416, 13.467573165893555, 14.04807186126709, 14.628571510314941, 15.209070205688477, 15.789568901062012, 16.370067596435547, 16.9505672454834, 17.531064987182617, 18.134784698486328, 18.738502502441406, 19.365442276000977, 19.992380142211914, 20.619319915771484, 21.246257781982422, 21.849977493286133], "rhythm.bpm_histogram": [0.0, 0.0, 0.0, 0.0, 0.0, 0.0, 0.0, 0.0, 0.0, 0.0, 0.0, 0.0, 0.0, 0.0, 0.0, 0.0, 0.0, 0.0, 0.0, 0.0, 0.0, 0.0, 0.0, 0.0, 0.0, 0.0, 0.0, 0.0, 0.0, 0.0, 0.0, 0.0, 0.0, 0.0, 0.0, 0.0, 0.0, 0.0, 0.0, 0.0, 0.0, 0.0, 0.0, 0.0, 0.0, 0.0, 0.0, 0.0, 0.0, 0.0, 0.0, 0.0, 0.0, 0.0, 0.0, 0.0, 0.0, 0.0, 0.0, 0.0, 0.0, 0.0, 0.0, 0.0, 0.0, 0.0, 0.0, 0.0, 0.0, 0.0, 0.0, 0.0, 0.0, 0.0, 0.0, 0.0, 0.0, 0.0, 0.0, 0.0, 0.0, 0.0, 0.0, 0.0, 0.0, 0.0, 0.0, 0.0, 0.0, 0.0, 0.0, 0.0, 0.0, 0.0, 0.054054055362939835, 0.0, 0.10810811072587967, 0.0, 0.0, 0.13513512909412384, 0.0, 0.0810810774564743, 0.0, 0.21621622145175934, 0.0, 0.0, 0.0, 0.0, 0.0, 0.0, 0.21621622145175934, 0.0, 0.18918919563293457, 0.0, 0.0, 0.0, 0.0, 0.0, 0.0, 0.0, 0.0, 0.0, 0.0, 0.0, 0.0, 0.0, 0.0, 0.0, 0.0, 0.0, 0.0, 0.0, 0.0, 0.0, 0.0, 0.0, 0.0, 0.0, 0.0, 0.0, 0.0, 0.0, 0.0, 0.0, 0.0, 0.0, 0.0, 0.0, 0.0, 0.0, 0.0, 0.0, 0.0, 0.0, 0.0, 0.0, 0.0, 0.0, 0.0, 0.0, 0.0, 0.0, 0.0, 0.0, 0.0, 0.0, 0.0, 0.0, 0.0, 0.0, 0.0, 0.0, 0.0, 0.0, 0.0, 0.0, 0.0, 0.0, 0.0, 0.0, 0.0, 0.0, 0.0, 0.0, 0.0, 0.0, 0.0, 0.0, 0.0, 0.0, 0.0, 0.0, 0.0, 0.0, 0.0, 0.0, 0.0, 0.0, 0.0, 0.0, 0.0, 0.0, 0.0, 0.0, 0.0, 0.0, 0.0, 0.0, 0.0, 0.0, 0.0, 0.0, 0.0, 0.0, 0.0, 0.0, 0.0, 0.0, 0.0, 0.0, 0.0, 0.0, 0.0, 0.0, 0.0, 0.0, 0.0, 0.0, 0.0, 0.0, 0.0, 0.0, 0.0, 0.0, 0.0, 0.0, 0.0, 0.0, 0.0, 0.0, 0.0, 0.0, 0.0, 0.0, 0.0, 0.0, 0.0, 0.0, 0.0, 0.0], "tonal.chords_histogram": [15.734990119934082, 0.0, 15.320911407470703, 8.07453441619873, 0.0, 0.0, 0.0, 15.113871574401855, 0.0, 1.2422360181808472, 2.8985507488250732, 0.4140786826610565, 0.0, 0.0, 0.0, 0.0, 0.0, 6.832298278808594, 13.043478012084961, 0.0, 0.0, 0.0, 0.0, 21.32505226135254], "tonal.thpcp": [1.0, 0.43326106667518616, 0.11469176411628723, 0.1379474550485611, 0.10178525745868683, 0.07024704664945602, 0.08783376961946487, 0.16901740431785583, 0.32541903853416443, 0.3538176417350769, 0.23894187808036804, 0.2502710223197937, 0.3937034606933594, 0.3236749768257141, 0.36076653003692627, 0.4436917304992676, 0.22180968523025513, 0.08875755965709686, 0.08162746578454971, 0.12743477523326874, 0.20949766039848328, 0.2689937353134155, 0.2369287759065628, 0.16404709219932556, 0.13336139917373657, 0.16117915511131287, 0.6140006184577942, 0.8864026665687561, 0.547493577003479, 0.35302361845970154, 0.3239206075668335, 0.22563467919826508, 0.5091961622238159, 0.8694599866867065, 0.5523531436920166, 0.7264689803123474], "lowlevel.gfcc.cov": [[2663.262939453125, -626.3798217773438, -611.7384033203125, -228.92367553710938, 2.985276460647583, 76.25485229492188, 251.0646209716797, 312.440673828125, -387.0357360839844, 115.05343627929688, -23.758108139038086, -49.807682037353516, 139.33294677734375], [-626.3798217773438, 1301.1986083984375, -272.5142822265625, -282.891845703125, 256.58953857421875, -164.1575469970703, 149.0498046875, -34.22243881225586, 42.505889892578125, -37.476173400878906, 142.91714477539062, -218.2032012939453, 228.27513122558594], [-611.7384033203125, -272.5142822265625, 950.6871337890625, 271.5177917480469, -177.49752807617188, 200.59791564941406, -116.56208038330078, -77.5986099243164, 233.0824432373047, 55.40620803833008, -44.92246627807617, 166.99093627929688, -230.92721557617188], [-228.92367553710938, -282.891845703125, 271.5177917480469, 564.5490112304688, -54.621822357177734, -10.549835205078125, -71.40570068359375, -32.93465042114258, 196.19422912597656, -17.827085494995117, -11.187383651733398, 101.91680145263672, -153.33706665039062], [2.985276460647583, 256.58953857421875, -177.49752807617188, -54.621822357177734, 299.29541015625, 14.139827728271484, 91.81656646728516, 61.207603454589844, -77.56246948242188, -0.16282379627227783, 2.6006553173065186, -40.06185531616211, 88.92259216308594], [76.25485229492188, -164.1575469970703, 200.59791564941406, -10.549835205078125, 14.139827728271484, 321.13897705078125, 144.77491760253906, -17.813190460205078, -59.4286994934082, 35.64299774169922, -1.9537001848220825, 38.01403045654297, -69.44740295410156], [251.0646209716797, 149.0498046875, -116.56208038330078, -71.40570068359375, 91.81656646728516, 144.77491760253906, 390.9295349121094, 55.154598236083984, -146.49000549316406, 30.756776809692383, 39.991859436035156, -13.282325744628906, 36.32524108886719], [312.440673828125, -34.22243881225586, -77.5986099243164, -32.93465042114258, 61.207603454589844, -17.813190460205078, 55.154598236083984, 224.65121459960938, -6.870380401611328, 11.71367073059082, -16.48801612854004, -42.77461624145508, 41.77328872680664], [-387.0357360839844, 42.505889892578125, 233.0824432373047, 196.19422912597656, -77.56246948242188, -59.4286994934082, -146.49000549316406, -6.870380401611328, 366.90740966796875, -23.31011962890625, -13.243941307067871, 35.918643951416016, -98.00387573242188], [115.05343627929688, -37.476173400878906, 55.40620803833008, -17.827085494995117, -0.16282379627227783, 35.64299774169922, 30.756776809692383, 11.71367073059082, -23.31011962890625, 108.36846923828125, -12.989343643188477, 12.77729320526123, -21.161895751953125], [-23.758108139038086, 142.91714477539062, -44.92246627807617, -11.187383651733398, 2.6006553173065186, -1.9537001848220825, 39.991859436035156, -16.48801612854004, -13.243941307067871, -12.989343643188477, 108.21882629394531, -30.102951049804688, 10.98445987701416], [-49.807682037353516, -218.2032012939453, 166.99093627929688, 101.91680145263672, -40.06185531616211, 38.01403045654297, -13.282325744628906, -42.77461624145508, 35.918643951416016, 12.77729320526123, -30.102951049804688, 152.91183471679688, -51.301414489746094], [139.33294677734375, 228.27513122558594, -230.92721557617188, -153.33706665039062, 88.92259216308594, -69.44740295410156, 36.32524108886719, 41.77328872680664, -98.00387573242188, -21.161895751953125, 10.98445987701416, -51.301414489746094, 203.5520782470703]], "lowlevel.gfcc.icov": [[0.0008563430747017264, 0.0006553346756845713, 0.0005124688032083213, 0.00010446170199429616, 0.00023194581444840878, -0.00012626884563360363, -0.00032788619864732027, -0.0007254316587932408, 8.427501597907394e-05, -0.0008847863064147532, -0.00042673139250837266, 0.00022450998949352652, -0.0005698394379578531], [0.0006553346756845713, 0.004102016799151897, -0.0009888815693557262, 0.0016198231605812907, -0.002760538598522544, 0.0025797877460718155, -0.002828786848112941, 0.002364812418818474, -0.002639020560309291, -0.0008101866114884615, -0.0029396270401775837, 0.004229254089295864, -0.002975145587697625], [0.0005124688032083213, -0.0009888815693557262, 0.0031527208629995584, -0.0008432934992015362, 0.0018586680525913835, -0.002708024112507701, 0.0015094809932634234, -0.0015986607177183032, 0.00016906099335756153, -0.0013154572807252407, 0.0007451881538145244, -0.002640972612425685, 0.0012613007565960288], [0.00010446170199429616, 0.0016198231605812907, -0.0008432934992015362, 0.0034991102293133736, -0.001709598465822637, 0.0018207610119134188, -0.0013767664786428213, 0.0010777502320706844, -0.0019352099625393748, 0.0005815086187794805, -0.0014345836825668812, 0.0005133543745614588, 0.0005192012758925557], [0.00023194581444840878, -0.002760538598522544, 0.0018586680525913835, -0.001709598465822637, 0.006896352861076593, -0.003006001701578498, 0.0016011071857064962, -0.003202041843906045, 0.002271088073030114, -0.00036927033215761185, 0.002391849411651492, -0.002891662297770381, 0.00028816654230467975], [-0.00012626884563360363, 0.0025797877460718155, -0.002708024112507701, 0.0018207610119134188, -0.003006001701578498, 0.007761786226183176, -0.004061282146722078, 0.0027458970434963703, -0.0009587365784682333, 0.0002738480980042368, -0.001491652219556272, 0.0029968975577503443, 1.7932899936567992e-05], [-0.00032788619864732027, -0.002828786848112941, 0.0015094809932634234, -0.0013767664786428213, 0.0016011071857064962, -0.004061282146722078, 0.006298242602497339, -0.002854672959074378, 0.0027245325036346912, -0.000361121550668031, 0.0003717660438269377, -0.0036336006596684456, 0.001787365647032857], [-0.0007254316587932408, 0.002364812418818474, -0.0015986607177183032, 0.0010777502320706844, -0.003202041843906045, 0.0027458970434963703, -0.002854672959074378, 0.008418076671659946, -0.0028809895738959312, -5.66028174944222e-05, -0.00021187309175729752, 0.004634937271475792, -0.0022531391587108374], [8.427501597907394e-05, -0.002639020560309291, 0.00016906099335756153, -0.0019352099625393748, 0.002271088073030114, -0.0009587365784682333, 0.0027245325036346912, -0.0028809895738959312, 0.006570383906364441, 0.0009560622274875641, 0.0017356175230816007, -0.002671880880370736, 0.0029174217488616705], [-0.0008847863064147532, -0.0008101866114884615, -0.0013154572807252407, 0.0005815086187794805, -0.00036927033215761185, 0.0002738480980042368, -0.000361121550668031, -5.66028174944222e-05, 0.0009560622274875641, 0.01158555131405592, 0.0016054038424044847, -0.0007528831483796239, 0.0021791262552142143], [-0.00042673139250837266, -0.0029396270401775837, 0.0007451881538145244, -0.0014345836825668812, 0.002391849411651492, -0.001491652219556272, 0.0003717660438269377, -0.00021187309175729752, 0.0017356175230816007, 0.0016054038424044847, 0.012989877723157406, -0.0005551927606575191, 0.001938461558893323], [0.00022450998949352652, 0.004229254089295864, -0.002640972612425685, 0.0005133543745614588, -0.002891662297770381, 0.0029968975577503443, -0.0036336006596684456, 0.004634937271475792, -0.002671880880370736, -0.0007528831483796239, -0.0005551927606575191, 0.014144680462777615, -0.0032929270528256893], [-0.0005698394379578531, -0.002975145587697625, 0.0012613007565960288, 0.0005192012758925557, 0.00028816654230467975, 1.7932899936567992e-05, 0.001787365647032857, -0.0022531391587108374, 0.0029174217488616705, 0.0021791262552142143, 0.001938461558893323, -0.0032929270528256893, 0.011181680485606194]], "lowlevel.mfcc.cov": [[2674.907958984375, -490.5055236816406, -721.6123046875, -60.883445739746094, -198.33119201660156, -253.8469696044922, 501.7188415527344, -90.01969146728516, 82.3729248046875, 146.05174255371094, -130.04946899414062, 3.7637176513671875, -156.61427307128906], [-490.5055236816406, 1518.7230224609375, -599.2314453125, -170.29544067382812, 37.779319763183594, -227.96652221679688, 415.7350769042969, -304.63348388671875, 243.64723205566406, -124.872802734375, -31.11467933654785, 128.0001678466797, -174.9024658203125], [-721.6123046875, -599.2314453125, 1238.2252197265625, 31.912841796875, -0.8757249712944031, 368.4942932128906, -502.3539733886719, 279.9573974609375, -173.87744140625, 74.66917419433594, 194.68817138671875, -7.1651835441589355, 251.9585723876953], [-60.883445739746094, -170.29544067382812, 31.912841796875, 412.4092102050781, 52.308380126953125, 11.201976776123047, -152.5908660888672, 96.42638397216797, -24.764734268188477, 35.13896942138672, 6.715218544006348, 13.690543174743652, 81.14795684814453], [-198.33119201660156, 37.779319763183594, -0.8757249712944031, 52.308380126953125, 308.94586181640625, -87.68464660644531, -114.6330795288086, -8.782868385314941, 57.44095993041992, 2.606043577194214, -18.44334602355957, 45.4287223815918, -14.27951717376709], [-253.8469696044922, -227.96652221679688, 368.4942932128906, 11.201976776123047, -87.68464660644531, 415.1965026855469, -88.9414291381836, 149.21060180664062, -104.40995025634766, 9.080154418945312, 107.84053802490234, -76.7005844116211, 109.8509521484375], [501.7188415527344, 415.7350769042969, -502.3539733886719, -152.5908660888672, -114.6330795288086, -88.9414291381836, 793.648681640625, -154.2471160888672, 154.4864501953125, -23.077171325683594, -68.0535888671875, 42.83662796020508, -204.7166748046875], [-90.01969146728516, -304.63348388671875, 279.9573974609375, 96.42638397216797, -8.782868385314941, 149.21060180664062, -154.2471160888672, 294.4233093261719, -64.42231750488281, 99.8983383178711, 47.716087341308594, -4.309824466705322, 109.14458465576172], [82.3729248046875, 243.64723205566406, -173.87744140625, -24.764734268188477, 57.44095993041992, -104.40995025634766, 154.4864501953125, -64.42231750488281, 255.622802734375, -19.902942657470703, 7.49500846862793, 22.767972946166992, -67.12593078613281], [146.05174255371094, -124.872802734375, 74.66917419433594, 35.13896942138672, 2.606043577194214, 9.080154418945312, -23.077171325683594, 99.8983383178711, -19.902942657470703, 170.28636169433594, 19.455530166625977, 26.82148551940918, 30.534881591796875], [-130.04946899414062, -31.11467933654785, 194.68817138671875, 6.715218544006348, -18.44334602355957, 107.84053802490234, -68.0535888671875, 47.716087341308594, 7.49500846862793, 19.455530166625977, 194.6118621826172, -12.887331008911133, 51.97771453857422], [3.7637176513671875, 128.0001678466797, -7.1651835441589355, 13.690543174743652, 45.4287223815918, -76.7005844116211, 42.83662796020508, -4.309824466705322, 22.767972946166992, 26.82148551940918, -12.887331008911133, 153.03904724121094, -20.19028663635254], [-156.61427307128906, -174.9024658203125, 251.9585723876953, 81.14795684814453, -14.27951717376709, 109.8509521484375, -204.7166748046875, 109.14458465576172, -67.12593078613281, 30.534881591796875, 51.97771453857422, -20.19028663635254, 189.84799194335938]], "lowlevel.mfcc.icov": [[0.0008242519688792527, 0.0007016637246124446, 0.0006045323680154979, 0.00019816204439848661, 0.0004776078276336193, 0.0001921132206916809, -0.00029970688046887517, 0.0003319629468023777, -0.00032723715412430465, -0.0006826976896263659, -9.613512520445511e-05, -0.00041142647387459874, -0.0001732223608996719], [0.0007016637246124446, 0.0017622351879253983, 0.0009441334987059236, 0.00046878427383489907, 0.00036334944888949394, -1.8949705918203108e-05, -0.000366390187991783, 0.0008867020369507372, -0.0008451638859696686, -0.00014293857384473085, -0.00044499943032860756, -0.001421191729605198, -0.00042276145541109145], [0.0006045323680154979, 0.0009441334987059236, 0.0024255523458123207, 0.000766528770327568, 0.00025215616915374994, -0.000934863812290132, 0.0005182458553463221, -8.552994404453784e-05, -0.0002551983343437314, -0.0003894180408678949, -0.0009564363863319159, -0.001548838336020708, -0.0009407734032720327], [0.00019816204439848661, 0.00046878427383489907, 0.000766528770327568, 0.00314281671307981, -0.000261723151197657, 4.862960395257687e-06, 0.0003239428624510765, -0.0006249921279959381, -0.00021977884171064943, -6.6545901063364e-05, -0.00014858665235806257, -0.0007955298060551286, -0.0011901113903149962], [0.0004776078276336193, 0.00036334944888949394, 0.00025215616915374994, -0.000261723151197657, 0.004537350032478571, 0.0004711726796813309, 0.0009345648577436805, 0.00022700482804793864, -0.0014201303711161017, -0.0004602975968737155, 0.0003833379887510091, -0.0012180102057754993, 0.0007892836583778262], [0.0001921132206916809, -1.8949705918203108e-05, -0.000934863812290132, 4.862960395257687e-06, 0.0004711726796813309, 0.00506617920473218, -0.0010356241837143898, -0.0016572796739637852, 0.001218836405314505, 0.0009114504791796207, -0.0014522351557388902, 0.002042940352112055, -0.0007810530951246619], [-0.00029970688046887517, -0.000366390187991783, 0.0005182458553463221, 0.0003239428624510765, 0.0009345648577436805, -0.0010356241837143898, 0.002763949567452073, 0.00012192499707452953, -0.0009613146539777517, -0.0002918252721428871, 0.00037239506491459906, -0.0008093785145319998, 0.0016878119204193354], [0.0003319629468023777, 0.0008867020369507372, -8.552994404453784e-05, -0.0006249921279959381, 0.00022700482804793864, -0.0016572796739637852, 0.00012192499707452953, 0.006978998426347971, -0.000646380998659879, -0.0031924983486533165, 0.0003861639997921884, -0.0009236823534592986, -0.0013523920206353068], [-0.00032723715412430465, -0.0008451638859696686, -0.0002551983343437314, -0.00021977884171064943, -0.0014201303711161017, 0.001218836405314505, -0.0009613146539777517, -0.000646380998659879, 0.005979231093078852, 0.0006659155478700995, -0.0014210862573236227, 0.0009330942993983626, 0.00040230894228443503], [-0.0006826976896263659, -0.00014293857384473085, -0.0003894180408678949, -6.6545901063364e-05, -0.0004602975968737155, 0.0009114504791796207, -0.0002918252721428871, -0.0031924983486533165, 0.0006659155478700995, 0.00870673730969429, -0.0008574046078138053, -0.0010181877296417952, -0.00022938306210562587], [-9.613512520445511e-05, -0.00044499943032860756, -0.0009564363863319159, -0.00014858665235806257, 0.0003833379887510091, -0.0014522351557388902, 0.00037239506491459906, 0.0003861639997921884, -0.0014210862573236227, -0.0008574046078138053, 0.00710559356957674, 0.0003174726734869182, -0.0003839405835606158], [-0.00041142647387459874, -0.001421191729605198, -0.001548838336020708, -0.0007955298060551286, -0.0012180102057754993, 0.002042940352112055, -0.0008093785145319998, -0.0009236823534592986, 0.0009330942993983626, -0.0010181877296417952, 0.0003174726734869182, 0.00945581030100584, 0.0005438177031464875], [-0.0001732223608996719, -0.00042276145541109145, -0.0009407734032720327, -0.0011901113903149962, 0.0007892836583778262, -0.0007810530951246619, 0.0016878119204193354, -0.0013523920206353068, 0.00040230894228443503, -0.00022938306210562587, -0.0003839405835606158, 0.0005438177031464875, 0.009943139739334583]], "metadata.audio_properties.analysis.downmix": "mix", "metadata.audio_properties.codec": "mp3", "metadata.audio_properties.md5_encoded": "40c076cb485a0f72376aeed948e1c113", "metadata.tags.file_name": "1182270726380724284.mp3", "metadata.version.essentia": "2.1-beta6-dev", "metadata.version.essentia_git_sha": "v2.1_beta5-1110-g77a6a954", "metadata.version.extractor": "music 2.0", "tonal.chords_key": "F", "tonal.chords_scale": "major", "tonal.key_edma.key": "A", "tonal.key_edma.scale": "minor", "tonal.key_krumhansl.key": "A", "tonal.key_krumhansl.scale": "minor", "tonal.key_temperley.key": "A", "tonal.key_temperley.scale": "minor", "metadata.tags.encoding": ["Lavf58.45.100"]}, "essentia_models": [{"model_name": "genre_dortmund", "activatio