{"song_id": "1182269407301480488", "download": "https://cdn.discordapp.com/attachments/1128313332273782784/1182269407301480488/chirp.mp4?ex=65841530&amp", "lyrics": "Tu discendi dalle stelle del cielo,\nPortando speranza e amore come i giorni passano,\nUn umile dono avvolto nella luce celeste,\nGuidandoci attraverso la notte invernale pi\u00f9 buia.In una mangiatoia, hai trovato il tuo modesto letto,\nUn salvatore nato, il filo della salvezza,\nDai campi di Betlemme alla sabbia rovente del deserto,\nLa tua presenza brilla, come una mano guida.", "style": ["slow wintery"], "essentia_features": {"lowlevel.average_loudness": 0.7035570740699768, "lowlevel.barkbands_crest.mean": 12.815388679504395, "lowlevel.barkbands_crest.stdev": 5.393951416015625, "lowlevel.barkbands_flatness_db.mean": 0.22293618321418762, "lowlevel.barkbands_flatness_db.stdev": 0.08183183521032333, "lowlevel.barkbands_kurtosis.mean": 6.043357849121094, "lowlevel.barkbands_kurtosis.stdev": 17.35462760925293, "lowlevel.barkbands_skewness.mean": -0.188123881816864, "lowlevel.barkbands_skewness.stdev": 1.9406137466430664, "lowlevel.barkbands_spread.mean": 13.982446670532227, "lowlevel.barkbands_spread.stdev": 10.244489669799805, "lowlevel.dissonance.mean": 0.48744091391563416, "lowlevel.dissonance.stdev": 0.020546751096844673, "lowlevel.dynamic_complexity": 7.584024429321289, "lowlevel.erbbands_crest.mean": 15.681939125061035, "lowlevel.erbbands_crest.stdev": 6.959710597991943, "lowlevel.erbbands_flatness_db.mean": 0.3106312155723572, "lowlevel.erbbands_flatness_db.stdev": 0.07921736687421799, "lowlevel.erbbands_kurtosis.mean": 6.263404369354248, "lowlevel.erbbands_kurtosis.stdev": 13.721185684204102, "lowlevel.erbbands_skewness.mean": -0.07246600091457367, "lowlevel.erbbands_skewness.stdev": 1.8688946962356567, "lowlevel.erbbands_spread.mean": 17.38726234436035, "lowlevel.erbbands_spread.stdev": 12.821270942687988, "lowlevel.hfc.mean": 16.857675552368164, "lowlevel.hfc.stdev": 28.668781280517578, "lowlevel.loudness_ebu128.integrated": -34.43470001220703, "lowlevel.loudness_ebu128.loudness_range": 3.3675155639648438, "lowlevel.loudness_ebu128.momentary.mean": -37.57167434692383, "lowlevel.loudness_ebu128.momentary.stdev": 8.339049339294434, "lowlevel.loudness_ebu128.short_term.mean": -34.96422576904297, "lowlevel.loudness_ebu128.short_term.stdev": 1.1963527202606201, "lowlevel.melbands_crest.mean": 14.250555038452148, "lowlevel.melbands_crest.stdev": 5.726301670074463, "lowlevel.melbands_flatness_db.mean": 0.1954188346862793, "lowlevel.melbands_flatness_db.stdev": 0.07387812435626984, "lowlevel.melbands_kurtosis.mean": 5.942271709442139, "lowlevel.melbands_kurtosis.stdev": 14.777715682983398, "lowlevel.melbands_skewness.mean": 0.4294842779636383, "lowlevel.melbands_skewness.stdev": 1.8530452251434326, "lowlevel.melbands_spread.mean": 33.018123626708984, "lowlevel.melbands_spread.stdev": 22.030996322631836, "lowlevel.pitch_salience.mean": 0.5977715849876404, "lowlevel.pitch_salience.stdev": 0.17117980122566223, "lowlevel.silence_rate_20dB.mean": 1.0, "lowlevel.silence_rate_20dB.stdev": 0.0, "lowlevel.silence_rate_30dB.mean": 0.9993674755096436, "lowlevel.silence_rate_30dB.stdev": 0.025142131373286247, "lowlevel.silence_rate_60dB.mean": 0.45224541425704956, "lowlevel.silence_rate_60dB.stdev": 0.4977175295352936, "lowlevel.spectral_centroid.mean": 2672.529052734375, "lowlevel.spectral_centroid.stdev": 871.9197387695312, "lowlevel.spectral_complexity.mean": 8.612903594970703, "lowlevel.spectral_complexity.stdev": 9.318552017211914, "lowlevel.spectral_decrease.mean": -1.8792862821470635e-09, "lowlevel.spectral_decrease.stdev": 2.9393965039758996e-09, "lowlevel.spectral_energy.mean": 0.008621897548437119, "lowlevel.spectral_energy.stdev": 0.013028024695813656, "lowlevel.spectral_energyband_high.mean": 0.001047562574967742, "lowlevel.spectral_energyband_high.stdev": 0.00413315137848258, "lowlevel.spectral_energyband_low.mean": 3.4048065572278574e-05, "lowlevel.spectral_energyband_low.stdev": 0.0001840950280893594, "lowlevel.spectral_energyband_middle_high.mean": 0.0060275159776210785, "lowlevel.spectral_energyband_middle_high.stdev": 0.009862655773758888, "lowlevel.spectral_energyband_middle_low.mean": 0.0015902819577604532, "lowlevel.spectral_energyband_middle_low.stdev": 0.006283401977270842, "lowlevel.spectral_entropy.mean": 7.343695163726807, "lowlevel.spectral_entropy.stdev": 0.46025344729423523, "lowlevel.spectral_flux.mean": 0.05092513561248779, "lowlevel.spectral_flux.stdev": 0.046896424144506454, "lowlevel.spectral_kurtosis.mean": 6.873223304748535, "lowlevel.spectral_kurtosis.stdev": 4.911841869354248, "lowlevel.spectral_rms.mean": 0.0021831344347447157, "lowlevel.spectral_rms.stdev": 0.001909327693283558, "lowlevel.spectral_rolloff.mean": 3324.459228515625, "lowlevel.spectral_rolloff.stdev": 1916.6524658203125, "lowlevel.spectral_skewness.mean": 1.3103832006454468, "lowlevel.spectral_skewness.stdev": 0.5324323177337646, "lowlevel.spectral_spread.mean": 2845224.5, "lowlevel.spectral_spread.stdev": 1068961.125, "lowlevel.spectral_strongpeak.mean": 1.8528977632522583, "lowlevel.spectral_strongpeak.stdev": 2.197286605834961, "lowlevel.zerocrossingrate.mean": 0.11701299995183945, "lowlevel.zerocrossingrate.stdev": 0.07461515814065933, "metadata.audio_properties.analysis.equal_loudness": 0.0, "metadata.audio_properties.analysis.length": 36.6719970703125, "metadata.audio_properties.analysis.sample_rate": 44100.0, "metadata.audio_properties.analysis.start_time": 0.0, "metadata.audio_properties.bit_rate": 114794.0, "metadata.audio_properties.length": 36.672000885009766, "metadata.audio_properties.lossless": 0.0, "metadata.audio_properties.number_channels": 1.0, "metadata.audio_properties.replay_gain": 4.676000595092773, "metadata.audio_properties.sample_rate": 48000.0, "rhythm.beats_count": 70.0, "rhythm.beats_loudness.mean": 0.01313983928412199, "rhythm.beats_loudness.stdev": 0.014393842779099941, "rhythm.bpm": 144.44937133789062, "rhythm.bpm_histogram_first_peak_bpm": 144.0, "rhythm.bpm_histogram_first_peak_weight": 0.3571428656578064, "rhythm.bpm_histogram_second_peak_bpm": 152.0, "rhythm.bpm_histogram_second_peak_spread": 0.0, "rhythm.bpm_histogram_second_peak_weight": 0.1304347813129425, "rhythm.danceability": 1.1579233407974243, "rhythm.onset_rate": 4.279383659362793, "tonal.chords_changes_rate": 0.1744627058506012, "tonal.chords_number_rate": 0.02654867246747017, "tonal.chords_strength.mean": 0.412303626537323, "tonal.chords_strength.stdev": 0.08518007397651672, "tonal.hpcp_crest.mean": 13.00028133392334, "tonal.hpcp_crest.stdev": 7.229580402374268, "tonal.hpcp_entropy.mean": 2.1011178493499756, "tonal.hpcp_entropy.stdev": 0.8412338495254517, "tonal.key_edma.strength": 0.19469046592712402, "tonal.key_krumhansl.strength": 0.19788360595703125, "tonal.key_temperley.strength": 0.18730796873569489, "tonal.tuning_diatonic_strength": 0.33974695205688477, "tonal.tuning_equal_tempered_deviation": 0.27344655990600586, "tonal.tuning_frequency": 440.76312255859375, "tonal.tuning_nontempered_energy_ratio": 0.8734307289123535, "lowlevel.barkbands.mean": [5.363244781619869e-07, 1.8340900851399056e-06, 2.2611500753555447e-05, 2.677185693755746e-05, 0.0009598232572898269, 0.0001982912071980536, 0.00023610173957422376, 6.323723209789023e-05, 4.482129224925302e-05, 0.00018029585771728307, 0.0002635034325066954, 0.0006462088203988969, 0.002080934587866068, 0.001027671038173139, 5.528209658223204e-05, 7.605682912981138e-05, 0.0005520060076378286, 0.000266625196672976, 0.0005597633426077664, 0.0007679862319491804, 0.0003024674952030182, 9.979722381103784e-05, 0.0001630499609746039, 1.4723129424965009e-05, 9.636460163164884e-06, 1.865399326561601e-06, 2.105542185049103e-09], "lowlevel.barkbands.stdev": [1.3067432291791192e-06, 5.129376404511277e-06, 0.00012363182031549513, 0.00016058978508226573, 0.005722337868064642, 0.0006330967298708856, 0.0008286049123853445, 0.00024705720716156065, 0.0001508313580416143, 0.0011722400086000562, 0.0016570468433201313, 0.0027408599853515625, 0.004554556682705879, 0.004458085633814335, 0.00023051998869050294, 0.0003407614422030747, 0.0013433286221697927, 0.0010833843844011426, 0.0016807581996545196, 0.0035099186934530735, 0.0011303814826533198, 0.00038000589120201766, 0.000689483480527997, 5.880746175535023e-05, 4.3662101234076545e-05, 6.747093721060082e-06, 1.9632862446883337e-08], "lowlevel.erbbands.mean": [2.9679984436370432e-05, 0.0009043658501468599, 0.018516531214118004, 0.09035506099462509, 1.5227057933807373, 3.911677598953247, 1.582768440246582, 1.9126055240631104, 3.646322250366211, 2.415541172027588, 1.1557323932647705, 1.0796912908554077, 5.046359539031982, 5.322389602661133, 14.481364250183105, 37.28012466430664, 98.23828887939453, 67.33413696289062, 10.087137222290039, 3.0190212726593018, 8.804203033447266, 31.73265838623047, 15.553817749023438, 20.06633186340332, 35.26262283325195, 34.13643264770508, 22.917619705200195, 6.634586334228516, 3.682241916656494, 5.225559234619141, 3.919420003890991, 0.6320416331291199, 0.24151992797851562, 0.13825646042823792, 0.05171612277626991, 0.017065104097127914, 0.0016433440614491701, 5.155883263796568e-05, 1.0140426638827194e-05, 1.27620151033625e-05], "lowlevel.erbbands.stdev": [8.729386900085956e-05, 0.002608130220323801, 0.08285079151391983, 0.44088584184646606, 11.623062133789062, 22.658512115478516, 7.599143981933594, 6.0679450035095215, 14.323845863342285, 8.472846984863281, 5.040613174438477, 3.3748035430908203, 34.84370040893555, 22.894990921020508, 84.72099304199219, 124.5776596069336, 211.66758728027344, 249.04104614257812, 48.396324157714844, 12.859458923339844, 26.667423248291016, 77.47969055175781, 46.064510345458984, 78.60454559326172, 107.31695556640625, 167.9795379638672, 105.8478012084961, 25.708101272583008, 14.305463790893555, 23.733827590942383, 16.144554138183594, 2.5024571418762207, 0.9351988434791565, 0.653226912021637, 0.23208193480968475, 0.0596773624420166, 0.006588462740182877, 0.00020364295050967485, 1.8064505638903938e-05, 1.9000535758095793e-05], "lowlevel.gfcc.mean": [-202.2900390625, 5.119194984436035, -203.48446655273438, 27.491098403930664, -70.3389663696289, 7.068071365356445, -29.75664710998535, -3.52581787109375, -43.59465789794922, -4.708487510681152, -3.508004903793335, -6.291020393371582, -17.05289077758789], "lowlevel.melbands.mean": [3.506514190121379e-07, 6.860245775897056e-06, 4.5472403144231066e-05, 0.0002228579978691414, 7.934281893540174e-05, 4.495320899877697e-05, 5.302094723447226e-05, 2.2953747247811407e-05, 8.33682315715123e-06, 6.49081812298391e-06, 2.618297548906412e-05, 2.042597952822689e-05, 3.950929385609925e-05, 6.106498040026054e-05, 0.00019513614824973047, 0.00018439175619278103, 0.00011693606938933954, 1.6495616364409216e-05, 3.869758529617684e-06, 3.7140359836485004e-06, 1.1444811207184102e-05, 3.677329732454382e-05, 1.8376344087300822e-05, 1.2118049198761582e-05, 1.605528814252466e-05, 2.2569045540876687e-05, 2.5853592887870036e-05, 2.317137477803044e-05, 1.7465146811446175e-05, 7.244625066959998e-06, 2.6036909730464686e-06, 2.0889528968837112e-06, 1.835995817600633e-06, 3.5315063087182352e-06, 2.762252961474587e-06, 8.817777370495605e-07, 1.759143799517915e-07, 1.618158051996943e-07, 1.3457517411552544e-07, 1.1578439540471663e-07], "lowlevel.melbands.stdev": [9.138589120993856e-07, 3.318228846183047e-05, 0.0003007335471920669, 0.0014397255145013332, 0.0004141467798035592, 0.0001472768490202725, 0.00019425094069447368, 8.18709668237716e-05, 4.1321003664052114e-05, 1.9961058569606394e-05, 0.00018329836893826723, 9.441452857572585e-05, 0.0002411241439403966, 0.00026161182904616, 0.000481768831377849, 0.0004284661845304072, 0.0005047630402259529, 0.00010007503442466259, 1.8587250451673754e-05, 1.8353306586504914e-05, 3.678450593724847e-05, 9.441406291443855e-05, 4.6827317419229075e-05, 5.32439662492834e-05, 6.91105960868299e-05, 7.062501390464604e-05, 8.183994214050472e-05, 0.0001423431240255013, 9.563815547153354e-05, 2.638207297422923e-05, 1.2636187420866918e-05, 8.934413926908746e-06, 7.128750894480618e-06, 1.7310645489487797e-05, 1.1901246580237057e-05, 3.6384567465574946e-06, 7.646388553439465e-07, 6.481888590315066e-07, 5.30509510099364e-07, 6.342087317534606e-07], "lowlevel.melbands128.mean": [1.73518401425099e-07, 1.2551136308047717e-07, 2.3145454974837776e-07, 1.1202181440239656e-06, 6.051154286978999e-06, 1.2655345017265063e-05, 1.0786455277411733e-05, 1.5673384041292593e-05, 0.00013466041127685457, 0.00031709272298030555, 0.0002239160967292264, 0.0001196333541884087, 3.905023550032638e-05, 2.7628810130408965e-05, 3.3025778975570574e-05, 5.835227784700692e-05, 7.875265146140009e-05, 4.490435094339773e-05, 3.294355337857269e-05, 2.9135406293789856e-05, 1.6497360775247216e-05, 8.973245712695643e-06, 8.646473361295648e-06, 5.624848654406378e-06, 4.571194040181581e-06, 7.937455848150421e-06, 8.253702617366798e-06, 3.56729760824237e-05, 3.5405093512963504e-05, 1.5586674635414965e-05, 1.6290992789436132e-05, 2.5542154617141932e-05, 3.307803854113445e-05, 6.437989941332489e-05, 3.964820280089043e-05, 5.9613452322082594e-05, 9.305059938924387e-05, 0.00012020780559396371, 0.00038655573735013604, 0.00020440817752387375, 8.996345422929153e-05, 0.00022485663066618145, 0.00012092920951545238, 8.505400182912126e-05, 1.9495480955811217e-05, 7.3659066401887685e-06, 4.369333055365132e-06, 3.7141564916964853e-06, 3.970278612541733e-06, 2.9982393243699335e-06, 3.254509465477895e-06, 4.557178272079909e-06, 6.765777470718604e-06, 1.0134277545148507e-05, 3.166489113937132e-05, 4.781497409567237e-05, 3.46844426530879e-05, 2.0126004528719932e-05, 1.3275323908601422e-05, 1.2284204785828479e-05, 9.085281817533541e-06, 1.5314928532461636e-05, 1.610916297067888e-05, 1.637165951251518e-05, 1.5098628864507191e-05, 1.905123826873023e-05, 3.052186730201356e-05, 3.107626616838388e-05, 2.4959179427241907e-05, 1.7461052266298793e-05, 2.2762329535908066e-05, 2.617334757815115e-05, 2.537076397857163e-05, 1.4187310625857208e-05, 1.1450612873886712e-05, 8.262089068011846e-06, 5.210903054830851e-06, 2.984130787808681e-06, 2.298426579727675e-06, 2.0437817056517815e-06, 2.3125644474930596e-06, 2.171278538298793e-06, 1.4713608607053175e-06, 1.731402790028369e-06, 2.0127856714680092e-06, 3.1648232834413648e-06, 4.231557795719709e-06, 3.984626346209552e-06, 2.9267259833432036e-06, 1.683141135799815e-06, 1.2783223155565793e-06, 6.381995376614213e-07, 2.45602223003516e-07, 1.4809803872140037e-07, 1.3080168059786956e-07, 1.3727274961183866e-07, 1.6983049988539278e-07, 2.0718476889669546e-07, 1.2044799291288655e-07, 1.1262198285066916e-07, 1.1159458779275155e-07, 1.3751889582636068e-07, 9.23987144574312e-08, 5.4690694639703e-08, 4.516770957252447e-08, 5.694173310644146e-08, 5.1873438877692024e-08, 3.363635769915163e-08, 2.7346739983613588e-08, 2.2545659561501452e-08, 1.6192501561818062e-08, 5.689012372300795e-09, 3.09405445708677e-10, 5.02114683165189e-10, 2.2666975241225629e-10, 2.276610844287319e-11, 1.710890804029752e-11, 1.3484845184930094e-11, 1.1712299533006565e-11, 1.1802813934536083e-11, 1.0141894268844709e-11, 7.491137918314017e-12, 6.541611002885972e-12, 6.247832546463217e-12, 4.816139240887418e-12, 2.461843879794645e-12, 1.167711760619028e-12, 9.833687683591386e-13], "lowlevel.melbands128.stdev": [5.507498599399696e-07, 5.686738404619973e-07, 8.175603056770342e-07, 3.3421883927076124e-06, 2.1198364265728742e-05, 7.725768955424428e-05, 7.250023918459192e-05, 0.0001038784030242823, 0.0010851608822122216, 0.0024677745532244444, 0.0013483986258506775, 0.0008354156161658466, 0.00022552259906660765, 0.00011904400889761746, 0.0001239410339621827, 0.0002394762123003602, 0.0003888963256031275, 0.00018011759675573558, 0.0001389047974953428, 0.0001250709465239197, 7.278708653757349e-05, 4.8812635213835165e-05, 6.555088475579396e-05, 3.3946191251743585e-05, 1.7520871551823802e-05, 2.7149570087203756e-05, 3.513129922794178e-05, 0.000283725414192304, 0.00028240602114237845, 8.868505392456427e-05, 8.790699212113395e-05, 0.0001551142195239663, 0.00021486681362148374, 0.0005107246106490493, 0.00023603509180247784, 0.0003150718694087118, 0.0004704862949438393, 0.0005337492329999804, 0.0009278632933273911, 0.0005361087969504297, 0.0003872555389534682, 0.0009093713015317917, 0.0005561904981732368, 0.0007603137055411935, 0.00013518503692466766, 3.713543264893815e-05, 1.9394830815144815e-05, 2.229109304607846e-05, 2.4049913918133825e-05, 1.6552623492316343e-05, 1.919990245369263e-05, 2.312925244041253e-05, 3.4895838325610384e-05, 3.862045196001418e-05, 0.00010455743176862597, 0.00013935721653979272, 9.755699284141883e-05, 5.5174390581669286e-05, 4.397744851303287e-05, 6.0522557760123163e-05, 3.208769703633152e-05, 0.00012622617941815406, 7.989675941644236e-05, 7.352779357461259e-05, 6.618366751354188e-05, 6.218253111001104e-05, 0.00012423653970472515, 0.00012479884026106447, 8.925674046622589e-05, 7.442625792464241e-05, 0.00017472944455221295, 0.00020259403390809894, 0.00016655689978506416, 8.220421295845881e-05, 4.3589010601863265e-05, 3.326983278384432e-05, 2.4955013941507787e-05, 1.4335793821373954e-05, 1.4592244951927569e-05, 1.01837777037872e-05, 1.1162171176692937e-05, 9.362817763758358e-06, 6.61725471218233e-06, 7.4378140197950415e-06, 8.330547643708996e-06, 2.168865285057109e-05, 2.0050965758855455e-05, 1.846878876676783e-05, 1.4660953638667706e-05, 7.0631808739562985e-06, 5.812314157083165e-06, 3.32691024595988e-06, 1.1884071682288777e-06, 6.892282158332819e-07, 5.649738454849285e-07, 5.541591008295654e-07, 7.869845717323187e-07, 8.312209160976636e-07, 5.051525135968404e-07, 4.7352790488730534e-07, 5.083644509795704e-07, 9.432723686586542e-07, 4.6159703970261035e-07, 4.4193265580361185e-07, 2.1271297612202034e-07, 2.1397275418166828e-07, 1.825481064088308e-07, 1.3630253192786768e-07, 1.0810826722718048e-07, 8.429395847997512e-08, 7.686904268666694e-08, 3.279032156910944e-08, 2.8541429220041437e-09, 1.0880147449654487e-08, 3.816783333832063e-09, 3.069373089026328e-10, 2.0574729420186344e-10, 2.0061705074958525e-10, 1.6253703938318154e-10, 1.8208705376832057e-10, 1.393556381401595e-10, 4.0693292485682875e-11, 3.026081121793034e-12, 2.890241431602325e-12, 2.794697416194647e-12, 2.6234489840931685e-12, 2.5791925019336137e-12, 2.5620341351922926e-12], "lowlevel.mfcc.mean": [-821.3743896484375, 36.29716873168945, -68.58148956298828, 12.242549896240234, -25.025495529174805, 1.0219392776489258, 13.094436645507812, 0.4279230535030365, -26.84615135192871, -4.7694268226623535, -2.4864189624786377, 1.3602961301803589, -2.988985061645508], "lowlevel.spectral_contrast_coeffs.mean": [-0.7440913915634155, -0.811590850353241, -0.775480329990387, -0.763937771320343, -0.7615354657173157, -0.723966121673584], "lowlevel.spectral_contrast_coeffs.stdev": [0.11781012266874313, 0.0799400806427002, 0.08112020790576935, 0.0922974944114685, 0.0706557184457779, 0.06781825423240662], "lowlevel.spectral_contrast_valleys.mean": [-10.573004722595215, -9.424996376037598, -8.959693908691406, -9.017171859741211, -8.178775787353516, -12.017853736877441], "lowlevel.spectral_contrast_valleys.stdev": [1.9503974914550781, 1.7445521354675293, 1.35415780544281, 1.3862392902374268, 1.3444983959197998, 1.2220609188079834], "rhythm.beats_loudness_band_ratio.mean": [0.018129585310816765, 0.0918516293168068, 0.08924544602632523, 0.4149928689002991, 0.13884294033050537, 0.29167065024375916], "rhythm.beats_loudness_band_ratio.stdev": [0.03878453001379967, 0.1756216287612915, 0.11331629008054733, 0.3029818832874298, 0.1337362378835678, 0.3119088113307953], "tonal.hpcp.mean": [0.07476836442947388, 0.04760877043008804, 0.048339974135160446, 0.049191106110811234, 0.057663243263959885, 0.06718942523002625, 0.07000947743654251, 0.06252880394458771, 0.07260392606258392, 0.09365881979465485, 0.09416797757148743, 0.07588428258895874, 0.07182732224464417, 0.0733274519443512, 0.08534041047096252, 0.1259598433971405, 0.17865853011608124, 0.2048642486333847, 0.20321124792099, 0.21681173145771027, 0.29863566160202026, 0.36346882581710815, 0.27227726578712463, 0.17886482179164886, 0.20081497728824615, 0.3099943697452545, 0.29893457889556885, 0.2134152352809906, 0.20051400363445282, 0.1925116926431656, 0.23018836975097656, 0.2574974596500397, 0.19850952923297882, 0.13214099407196045, 0.134169802069664, 0.12571658194065094], "tonal.hpcp.stdev": [0.14370867609977722, 0.1401049792766571, 0.13263991475105286, 0.13021960854530334, 0.14777617156505585, 0.16791826486587524, 0.16835294663906097, 0.15701265633106232, 0.1723734438419342, 0.20283877849578857, 0.19103623926639557, 0.1621246039867401, 0.15049709379673004, 0.13963577151298523, 0.15420334041118622, 0.20568177103996277, 0.2488083839416504, 0.28430381417274475, 0.2646735906600952, 0.26924288272857666, 0.2644340693950653, 0.3540029525756836, 0.2530635893344879, 0.23978644609451294, 0.2612172067165375, 0.35870078206062317, 0.3291885554790497, 0.2887183427810669, 0.25411316752433777, 0.2552935779094696, 0.28243646025657654, 0.30552563071250916, 0.2674463093280792, 0.20759797096252441, 0.20750093460083008, 0.20821139216423035], "rhythm.beats_position": [0.7314285635948181, 1.4628571271896362, 2.2058956623077393, 2.937324285507202, 3.668752670288086, 4.4117913246154785, 5.131609916687012, 5.851428508758545, 6.571247100830078, 7.314285755157471, 7.9760541915893555, 8.60299301147461, 9.241541862487793, 9.880090713500977, 10.51863956451416, 11.145578384399414, 11.772517204284668, 12.364625930786133, 12.945124626159668, 13.537233352661133, 14.140952110290527, 14.744670867919922, 15.336779594421387, 15.928888320922852, 16.520998001098633, 17.12471580505371, 17.75165557861328, 18.250883102416992, 18.761722564697266, 19.27256202697754, 19.783401489257812, 20.271020889282227, 20.758638381958008, 21.25786781311035, 21.745487213134766, 22.24471664428711, 22.685895919799805, 23.1270751953125, 23.545034408569336, 23.962993621826172, 24.35773277282715, 24.740861892700195, 25.135601043701172, 25.541950225830078, 25.959909439086914, 26.36625862121582, 26.760997772216797, 27.167346954345703, 27.58530616760254, 28.003265380859375, 28.42122459411621, 28.815963745117188, 29.233922958374023, 29.65188217163086, 30.046621322631836, 30.429750442504883, 30.80126953125, 31.184398651123047, 31.555917739868164, 31.92743682861328, 32.29895782470703, 32.693695068359375, 33.07682418823242, 33.47156524658203, 33.866302490234375, 34.284263610839844, 34.71383285522461, 35.096961975097656, 35.49169921875, 35.898048400878906], "rhythm.bpm_histogram": [0.0, 0.0, 0.0, 0.0, 0.0, 0.0, 0.0, 0.0, 0.0, 0.0, 0.0, 0.0, 0.0, 0.0, 0.0, 0.0, 0.0, 0.0, 0.0, 0.0, 0.0, 0.0, 0.0, 0.0, 0.0, 0.0, 0.0, 0.0, 0.0, 0.0, 0.0, 0.0, 0.0, 0.0, 0.0, 0.0, 0.0, 0.0, 0.0, 0.0, 0.0, 0.0, 0.0, 0.0, 0.0, 0.0, 0.0, 0.0, 0.0, 0.0, 0.0, 0.0, 0.0, 0.0, 0.0, 0.0, 0.0, 0.0, 0.0, 0.0, 0.0, 0.0, 0.0, 0.0, 0.0, 0.0, 0.0, 0.0, 0.0, 0.0, 0.0, 0.0, 0.0, 0.0, 0.0, 0.0, 0.0, 0.0, 0.0, 0.0, 0.0, 0.043478261679410934, 0.043478261679410934, 0.043478261679410934, 0.0, 0.0, 0.0, 0.0, 0.0, 0.0, 0.0, 0.014492753893136978, 0.0, 0.0, 0.043478261679410934, 0.0, 0.05797101557254791, 0.0, 0.0, 0.043478261679410934, 0.0, 0.07246376574039459, 0.0, 0.014492753893136978, 0.0, 0.0, 0.0, 0.0, 0.0, 0.0, 0.0, 0.0, 0.0, 0.0, 0.0, 0.0, 0.0, 0.043478261679410934, 0.0, 0.0, 0.043478261679410934, 0.0, 0.0, 0.043478261679410934, 0.0, 0.0, 0.0, 0.0, 0.0, 0.0, 0.0, 0.0, 0.0, 0.0, 0.0, 0.0, 0.028985507786273956, 0.0, 0.0, 0.0, 0.014492753893136978, 0.0, 0.0, 0.0, 0.1304347813129425, 0.0, 0.0, 0.0, 0.05797101557254791, 0.0, 0.0, 0.0, 0.1304347813129425, 0.0, 0.0, 0.0, 0.0, 0.07246376574039459, 0.0, 0.0, 0.0, 0.05797101557254791, 0.0, 0.0, 0.0, 0.0, 0.0, 0.0, 0.0, 0.0, 0.0, 0.0, 0.0, 0.0, 0.0, 0.0, 0.0, 0.0, 0.0, 0.0, 0.0, 0.0, 0.0, 0.0, 0.0, 0.0, 0.0, 0.0, 0.0, 0.0, 0.0, 0.0, 0.0, 0.0, 0.0, 0.0, 0.0, 0.0, 0.0, 0.0, 0.0, 0.0, 0.0, 0.0, 0.0, 0.0, 0.0, 0.0, 0.0, 0.0, 0.0, 0.0, 0.0, 0.0, 0.0, 0.0, 0.0, 0.0, 0.0, 0.0, 0.0, 0.0, 0.0, 0.0, 0.0, 0.0, 0.0, 0.0, 0.0, 0.0, 0.0, 0.0, 0.0, 0.0, 0.0, 0.0, 0.0, 0.0, 0.0, 0.0, 0.0, 0.0, 0.0, 0.0, 0.0, 0.0, 0.0, 0.0, 0.0, 0.0], "tonal.chords_histogram": [2.654867172241211, 9.86093521118164, 6.447534561157227, 6.194690227508545, 0.8849557638168335, 1.264222502708435, 5.05689001083374, 9.86093521118164, 14.791402816772461, 2.654867172241211, 0.25284451246261597, 3.1605563163757324, 1.6434892416000366, 3.2869784832000732, 1.0113780498504639, 6.953223705291748, 2.52844500541687, 0.37926673889160156, 1.6434892416000366, 2.0227560997009277, 4.551200866699219, 6.321112632751465, 3.9190897941589355, 2.654867172241211], "tonal.thpcp": [1.0, 0.7491075992584229, 0.49210497736930847, 0.5524957180023193, 0.8528774380683899, 0.8224490284919739, 0.587162435054779, 0.5516676902770996, 0.5296511650085449, 0.6333097815513611, 0.7084444165229797, 0.5461528301239014, 0.3635552227497101, 0.3691370189189911, 0.3458799719810486, 0.20570777356624603, 0.13098447024822235, 0.13299620151519775, 0.13533788919448853, 0.15864701569080353, 0.1848560869693756, 0.19261480867862701, 0.17203347384929657, 0.1997528225183487, 0.2576804757118225, 0.25908130407333374, 0.20877796411514282, 0.19761618971824646, 0.20174343883991241, 0.23479430377483368, 0.34654924273490906, 0.4915374219417572, 0.5636363625526428, 0.5590885281562805, 0.5965070724487305, 0.821626603603363], "lowlevel.gfcc.cov": [[20521.498046875, 4494.0068359375, 610.5708618164062, 1571.0474853515625, -136.79232788085938, -861.5477905273438, -2278.390625, -1959.1956787109375, -594.6922607421875, -433.8042297363281, 1156.2608642578125, 179.2130126953125, -602.0455932617188], [4494.0068359375, 4125.19091796875, 1049.5438232421875, 73.90763854980469, 465.03765869140625, -544.1934814453125, -1244.7576904296875, -908.1265258789062, -292.64862060546875, -409.81744384765625, 520.5381469726562, 126.46114349365234, -340.4066467285156], [610.5708618164062, 1049.5438232421875, 1061.8717041015625, 313.7430114746094, 169.29351806640625, -88.98159790039062, -507.1210021972656, -210.51097106933594, -60.10238265991211, -117.90353393554688, -3.694262981414795, 115.47265625, -67.0312271118164], [1571.0474853515625, 73.90763854980469, 313.7430114746094, 749.0552368164062, 73.42887115478516, -110.29109954833984, -214.08584594726562, -135.60153198242188, -6.391753673553467, -71.65440368652344, -32.07961654663086, 20.25428009033203, 6.078135013580322], [-136.79232788085938, 465.03765869140625, 169.29351806640625, 73.42887115478516, 535.177001953125, 104.89535522460938, -325.1722106933594, -293.54302978515625, -16.710092544555664, 40.177734375, 154.38963317871094, 16.981517791748047, -126.75650787353516], [-861.5477905273438, -544.1934814453125, -88.98159790039062, -110.29109954833984, 104.89535522460938, 482.6819763183594, 153.04962158203125, -35.11302947998047, -7.091243267059326, 167.44288635253906, 12.31665325164795, -12.71072769165039, -54.18452453613281], [-2278.390625, -1244.7576904296875, -507.1210021972656, -214.08584594726562, -325.1722106933594, 153.04962158203125, 1015.3701782226562, 610.7535400390625, 64.32967376708984, 38.80811309814453, -301.6326599121094, -107.70909118652344, 207.83953857421875], [-1959.1956787109375, -908.1265258789062, -210.51097106933594, -135.60153198242188, -293.54302978515625, -35.11302947998047, 610.7535400390625, 734.6583251953125, 138.5540313720703, -7.204223155975342, -343.66094970703125, -38.04240798950195, 193.59384155273438], [-594.6922607421875, -292.64862060546875, -60.10238265991211, -6.391753673553467, -16.710092544555664, -7.091243267059326, 64.32967376708984, 138.5540313720703, 221.22607421875, 91.94400024414062, -65.91048431396484, -38.741050720214844, 23.41860580444336], [-433.8042297363281, -409.81744384765625, -117.90353393554688, -71.65440368652344, 40.177734375, 167.44288635253906, 38.80811309814453, -7.204223155975342, 91.94400024414062, 308.5658874511719, 50.705963134765625, -60.64307403564453, -47.1479377746582], [1156.2608642578125, 520.5381469726562, -3.694262981414795, -32.07961654663086, 154.38963317871094, 12.31665325164795, -301.6326599121094, -343.66094970703125, -65.91048431396484, 50.705963134765625, 341.9086608886719, 57.36648941040039, -141.5726776123047], [179.2130126953125, 126.46114349365234, 115.47265625, 20.25428009033203, 16.981517791748047, -12.71072769165039, -107.70909118652344, -38.04240798950195, -38.741050720214844, -60.64307403564453, 57.36648941040039, 171.05780029296875, -3.1111843585968018], [-602.0455932617188, -340.4066467285156, -67.0312271118164, 6.078135013580322, -126.75650787353516, -54.18452453613281, 207.83953857421875, 193.59384155273438, 23.41860580444336, -47.1479377746582, -141.5726776123047, -3.1111843585968018, 183.26382446289062]], "lowlevel.gfcc.icov": [[0.00015111209359019995, -0.00016738317208364606, 0.00023911567404866219, -0.00039690235280431807, 0.0004134089103899896, -9.13696494535543e-05, 0.00021359167294576764, 4.192330379737541e-05, 0.00013256004604045302, -3.084376294282265e-05, -0.0001782358012860641, 2.76087193924468e-05, 9.644681995268911e-05], [-0.00016738317208364606, 0.0010606037685647607, -0.0009750353056006134, 0.0009102366166189313, -0.0007055065943859518, 0.0009207607945427299, -0.0001361501927021891, 0.00026356533635407686, 8.3308776083868e-05, 0.0008825106779113412, -0.0005507757887244225, 0.0005784688983112574, 0.0004943290259689093], [0.00023911567404866219, -0.0009750353056006134, 0.002561112865805626, -0.0013715419918298721, 0.000701668846886605, -0.0009050144581124187, 0.001157152932137251, -0.00031434817356057465, 0.00034090326516889036, -0.0006014581304043531, 0.001355271553620696, -0.0011644702171906829, 2.3046524802339263e-05], [-0.00039690235280431807, 0.0009102366166189313, -0.0013715419918298721, 0.002974637085571885, -0.001340810558758676, 0.0010292031802237034, -0.0005424662958830595, 0.0006618407787755132, -0.00043773307697847486, 0.0005408299621194601, 0.0007075916510075331, 0.00018384502618573606, -0.0001756663405103609], [0.0004134089103899896, -0.0007055065943859518, 0.000701668846886605, -0.001340810558758676, 0.0040124100632965565, -0.0013377676950767636, 0.0011096806265413761, 0.00037781751598231494, -0.00017921013932209462, -2.5160972654703073e-05, -0.0006879220600239933, 0.0002499570546206087, 0.0005601028096862137], [-9.13696494535543e-05, 0.0009207607945427299, -0.0009050144581124187, 0.0010292031802237034, -0.0013377676950767636, 0.004514247644692659, -0.0015127587830647826, 0.0014589818893000484, 0.0007746996125206351, -0.0013009087415412068, 0.0007765289046801627, -0.0007694852538406849, 0.001781917642802], [0.00021359167294576764, -0.0001361501927021891, 0.001157152932137251, -0.0005424662958830595, 0.0011096806265413761, -0.0015127587830647826, 0.0038462358061224222, -0.0021922278683632612, 0.001058791414834559, 0.0004169503808952868, -0.0003592416469473392, 0.001359448884613812, -0.0011184164322912693], [4.192330379737541e-05, 0.00026356533635407686, -0.00031434817356057465, 0.0006618407787755132, 0.00037781751598231494, 0.0014589818893000484, -0.0021922278683632612, 0.005340395960956812, -0.0015937834978103638, -0.00026413428713567555, 0.0028843856416642666, -0.001642022398300469, 0.0003638824273366481], [0.00013256004604045302, 8.3308776083868e-05, 0.00034090326516889036, -0.00043773307697847486, -0.00017921013932209462, 0.0007746996125206351, 0.001058791414834559, -0.0015937834978103638, 0.006898223422467709, -0.002204085234552622, 0.00039518388803116977, 0.0006605820381082594, 0.00018532868125475943], [-3.084376294282265e-05, 0.0008825106779113412, -0.0006014581304043531, 0.0005408299621194601, -2.5160972654703073e-05, -0.0013009087415412068, 0.0004169503808952868, -0.00026413428713567555, -0.002204085234552622, 0.006607973016798496, -0.0025529349222779274, 0.0025448808446526527, 0.0007568196160718799], [-0.0001782358012860641, -0.0005507757887244225, 0.001355271553620696, 0.0007075916510075331, -0.0006879220600239933, 0.0007765289046801627, -0.0003592416469473392, 0.0028843856416642666, 0.00039518388803116977, -0.0025529349222779274, 0.00943811982870102, -0.0037988200783729553, 0.0024971337988972664], [2.76087193924468e-05, 0.0005784688983112574, -0.0011644702171906829, 0.00018384502618573606, 0.0002499570546206087, -0.0007694852538406849, 0.001359448884613812, -0.001642022398300469, 0.0006605820381082594, 0.0025448808446526527, -0.0037988200783729553, 0.00886391382664442, -0.0013424644712358713], [9.644681995268911e-05, 0.0004943290259689093, 2.3046524802339263e-05, -0.0001756663405103609, 0.0005601028096862137, 0.001781917642802, -0.0011184164322912693, 0.0003638824273366481, 0.00018532868125475943, 0.0007568196160718799, 0.0024971337988972664, -0.0013424644712358713, 0.01058145146816969]], "lowlevel.mfcc.cov": [[19166.50390625, 3000.080078125, 525.1431274414062, 1290.6339111328125, 1223.8240966796875, 136.50973510742188, -1108.2156982421875, -858.0713500976562, -2448.238037109375, -932.7711181640625, -699.6928100585938, 346.2989807128906, 756.2593994140625], [3000.080078125, 3795.829345703125, 539.6334228515625, 191.09234619140625, 945.2379150390625, -190.59629821777344, -445.0652160644531, -272.58392333984375, -1173.5704345703125, -471.5086975097656, -406.7322082519531, 139.64073181152344, 375.4967956542969], [525.1431274414062, 539.6334228515625, 858.7342529296875, 245.48748779296875, 267.9331970214844, 24.750932693481445, -205.69569396972656, -46.82248306274414, -145.13331604003906, -159.54705810546875, -134.34994506835938, -60.24262237548828, -3.208540678024292], [1290.6339111328125, 191.09234619140625, 245.48748779296875, 667.3175048828125, 211.5141143798828, -44.83964538574219, -170.34634399414062, -37.29107666015625, -93.20643615722656, -90.33399963378906, -87.1326675415039, -163.97607421875, -29.471820831298828], [1223.8240966796875, 945.2379150390625, 267.9331970214844, 211.5141143798828, 1019.7178955078125, 252.68959045410156, -367.78790283203125, -294.32281494140625, -616.5527954101562, -208.05496215820312, -107.27621459960938, 90.8730239868164, 170.47470092773438], [136.50973510742188, -190.59629821777344, 24.750932693481445, -44.83964538574219, 252.68959045410156, 527.9246826171875, 2.062490224838257, -167.7232666015625, -176.27243041992188, -89.2140121459961, 150.5913543701172, 101.31166076660156, -21.446613311767578], [-1108.2156982421875, -445.0652160644531, -205.69569396972656, -170.34634399414062, -367.78790283203125, 2.062490224838257, 412.23651123046875, 163.7051239013672, 264.04937744140625, 87.33557891845703, 64.79515838623047, 21.846891403198242, -94.85090637207031], [-858.0713500976562, -272.58392333984375, -46.82248306274414, -37.29107666015625, -294.32281494140625, -167.7232666015625, 163.7051239013672, 346.79620361328125, 304.1187744140625, 27.337148666381836, -13.292459487915039, -120.03489685058594, -75.5209732055664], [-2448.238037109375, -1173.5704345703125, -145.13331604003906, -93.20643615722656, -616.5527954101562, -176.27243041992188, 264.04937744140625, 304.1187744140625, 887.2098999023438, 309.4496765136719, 100.7805404663086, -169.13006591796875, -257.9501953125], [-932.7711181640625, -471.5086975097656, -159.54705810546875, -90.33399963378906, -208.05496215820312, -89.2140121459961, 87.33557891845703, 27.337148666381836, 309.4496765136719, 353.9146728515625, 94.26542663574219, -33.12501525878906, -106.5722427368164], [-699.6928100585938, -406.7322082519531, -134.34994506835938, -87.1326675415039, -107.27621459960938, 150.5913543701172, 64.79515838623047, -13.292459487915039, 100.7805404663086, 94.26542663574219, 338.1495361328125, 33.270172119140625, -116.2309799194336], [346.2989807128906, 139.64073181152344, -60.24262237548828, -163.97607421875, 90.8730239868164, 101.31166076660156, 21.846891403198242, -120.03489685058594, -169.13006591796875, -33.12501525878906, 33.270172119140625, 260.40142822265625, 116.4692153930664], [756.2593994140625, 375.4967956542969, -3.208540678024292, -29.471820831298828, 170.47470092773438, -21.446613311767578, -94.85090637207031, -75.5209732055664, -257.9501953125, -106.5722427368164, -116.2309799194336, 116.4692153930664, 285.721923828125]], "lowlevel.mfcc.icov": [[0.00011974344670306891, 1.6307134501403198e-05, 5.110417623654939e-05, -0.0002463773125782609, 0.0002268145908601582, -6.896358536323532e-05, 0.0002410288288956508, -6.487994687631726e-05, 0.00040239625377580523, -4.715575050795451e-05, 0.000223990369704552, -0.00022651339531876147, 8.829695434542373e-05], [1.6307134501403198e-05, 0.0006256188498809934, -0.00020836865587625653, 0.00010792152170324698, -0.00024330859014298767, 0.0005917809903621674, -6.204547389643267e-05, -8.439454541075975e-05, 0.0008229623199440539, 0.00011596710828598589, 0.00019243366841692477, -7.451987767126411e-05, 0.00018500853911973536], [5.110417623654939e-05, -0.00020836865587625653, 0.0016900558257475495, -0.00044759237789548934, 6.262020906433463e-05, -0.0003821134741883725, 0.0007964311516843736, -0.00014041153190191835, -0.00023726883227936924, 0.00045459275133907795, 0.0006236568442545831, -0.00029744560015387833, 0.0006029216456227005], [-0.0002463773125782609, 0.00010792152170324698, -0.00044759237789548934, 0.00279424199834466, -0.0008996654069051147, 0.0006246500997804105, -0.00041202412103302777, 0.0007142073009163141, -0.0007172043551690876, 0.0006188703118823469, -0.00045288962428458035, 0.0020311258267611265, 3.072284471272724e-07], [0.0002268145908601582, -0.00024330859014298767, 6.262020906433463e-05, -0.0008996654069051147, 0.0030640466138720512, -0.001523275743238628, 0.0018827344756573439, -0.00026433594757691026, 0.0015895916149020195, -0.0006509562372229993, 0.0010938466293737292, -0.0007519313949160278, 0.00018374166393186897], [-6.896358536323532e-05, 0.0005917809903621674, -0.0003821134741883725, 0.0006246500997804105, -0.001523275743238628, 0.0042606317438185215, -0.0015180350746959448, 0.0016817112918943167, 8.212772809201851e-05, 0.0015820148400962353, -0.0017243345500901341, 7.792298856656998e-05, 0.0005651880637742579], [0.0002410288288956508, -6.204547389643267e-05, 0.0007964311516843736, -0.00041202412103302777, 0.0018827344756573439, -0.0015180350746959448, 0.005699709057807922, -0.002294889185577631, 0.0007706322357989848, -0.000514010083861649, 0.001386368297971785, -0.0023753878194838762, 0.001494560856372118], [-6.487994687631726e-05, -8.439454541075975e-05, -0.00014041153190191835, 0.0007142073009163141, -0.00026433594757691026, 0.0016817112918943167, -0.002294889185577631, 0.006835872307419777, -0.0021830047480762005, 0.002249104669317603, -0.000763639691285789, 0.00267627090215683, -0.0008498217794112861], [0.00040239625377580523, 0.0008229623199440539, -0.00023726883227936924, -0.0007172043551690876, 0.0015895916149020195, 8.212772809201851e-05, 0.0007706322357989848, -0.0021830047480762005, 0.005878692492842674, -0.0022100622300058603, 0.0012969905510544777, -0.0005513239302672446, 0.0017486086580902338], [-4.715575050795451e-05, 0.00011596710828598589, 0.00045459275133907795, 0.0006188703118823469, -0.0006509562372229993, 0.0015820148400962353, -0.000514010083861649, 0.002249104669317603, -0.0022100622300058603, 0.005591359920799732, -0.001134358113631606, 0.0004143697442486882, 0.00043225279659964144], [0.000223990369704552, 0.00019243366841692477, 0.0006236568442545831, -0.00045288962428458035, 0.0010938466293737292, -0.0017243345500901341, 0.001386368297971785, -0.000763639691285789, 0.0012969905510544777, -0.001134358113631606, 0.005488656926900148, -0.0017453883774578571, 0.002282910281792283], [-0.00022651339531876147, -7.451987767126411e-05, -0.00029744560015387833, 0.0020311258267611265, -0.0007519313949160278, 7.792298856656998e-05, -0.0023753878194838762, 0.00267627090215683, -0.0005513239302672446, 0.0004143697442486882, -0.0017453883774578571, 0.008406953886151314, -0.0032031789887696505], [8.829695434542373e-05, 0.00018500853911973536, 0.0006029216456227005, 3.072284471272724e-07, 0.00018374166393186897, 0.0005651880637742579, 0.0014945608563721