{"song_id": "1182272915882905610", "download": "https://cdn.discordapp.com/attachments/1128313332273782784/1182272915882905610/chirp.mp4?ex=65841874&amp", "lyrics": "[verse 1]\n\u042f \u043d\u0430\u0432\u0441\u0435\u0433\u0434\u0430 \u0437\u0430\u043f\u043e\u043c\u043d\u044e \u043d\u043e\u0447\u044c,\n\u041a\u043e\u0433\u0434\u0430 \u0432\u0441\u0451 \u044d\u0442\u043e \u043d\u0430\u0447\u0430\u043b\u043e\u0441\u044c\n\u041f\u043e\u0434 \u0443\u0442\u0440\u043e \u044f \u0441 \u0443\u043c\u0430 \u0441\u043e\u0448\u043b\u0430\n\u0417\u0430\u0447\u0435\u043c \u0436\u0435 \u044f \u0442\u0435\u0431\u044f \u043d\u0430\u0448\u043b\u0430!?", "style": ["mpb"], "essentia_features": {"lowlevel.average_loudness": 0.975903332233429, "lowlevel.barkbands_crest.mean": 11.009017944335938, "lowlevel.barkbands_crest.stdev": 4.036520957946777, "lowlevel.barkbands_flatness_db.mean": 0.2279367297887802, "lowlevel.barkbands_flatness_db.stdev": 0.05152742937207222, "lowlevel.barkbands_kurtosis.mean": 1.6434975862503052, "lowlevel.barkbands_kurtosis.stdev": 3.6918230056762695, "lowlevel.barkbands_skewness.mean": 1.0347540378570557, "lowlevel.barkbands_skewness.stdev": 0.9140029549598694, "lowlevel.barkbands_spread.mean": 17.197933197021484, "lowlevel.barkbands_spread.stdev": 14.694214820861816, "lowlevel.dissonance.mean": 0.4370596408843994, "lowlevel.dissonance.stdev": 0.031891901046037674, "lowlevel.dynamic_complexity": 3.0527706146240234, "lowlevel.erbbands_crest.mean": 12.196163177490234, "lowlevel.erbbands_crest.stdev": 4.8817057609558105, "lowlevel.erbbands_flatness_db.mean": 0.2840259075164795, "lowlevel.erbbands_flatness_db.stdev": 0.056165244430303574, "lowlevel.erbbands_kurtosis.mean": 0.2304433137178421, "lowlevel.erbbands_kurtosis.stdev": 1.7114841938018799, "lowlevel.erbbands_skewness.mean": 0.4104872941970825, "lowlevel.erbbands_skewness.stdev": 0.6544642448425293, "lowlevel.erbbands_spread.mean": 28.827396392822266, "lowlevel.erbbands_spread.stdev": 21.077880859375, "lowlevel.hfc.mean": 24.336742401123047, "lowlevel.hfc.stdev": 20.494266510009766, "lowlevel.loudness_ebu128.integrated": -15.208382606506348, "lowlevel.loudness_ebu128.loudness_range": 2.6413841247558594, "lowlevel.loudness_ebu128.momentary.mean": -16.107234954833984, "lowlevel.loudness_ebu128.momentary.stdev": 3.1919548511505127, "lowlevel.loudness_ebu128.short_term.mean": -15.209432601928711, "lowlevel.loudness_ebu128.short_term.stdev": 1.3153680562973022, "lowlevel.melbands_crest.mean": 14.243744850158691, "lowlevel.melbands_crest.stdev": 5.293406009674072, "lowlevel.melbands_flatness_db.mean": 0.24068091809749603, "lowlevel.melbands_flatness_db.stdev": 0.07537631690502167, "lowlevel.melbands_kurtosis.mean": 5.452044486999512, "lowlevel.melbands_kurtosis.stdev": 8.273283958435059, "lowlevel.melbands_skewness.mean": 1.7425737380981445, "lowlevel.melbands_skewness.stdev": 1.1819281578063965, "lowlevel.melbands_spread.mean": 25.153350830078125, "lowlevel.melbands_spread.stdev": 23.378625869750977, "lowlevel.pitch_salience.mean": 0.5486974120140076, "lowlevel.pitch_salience.stdev": 0.10580319911241531, "lowlevel.silence_rate_20dB.mean": 1.0, "lowlevel.silence_rate_20dB.stdev": 0.0, "lowlevel.silence_rate_30dB.mean": 1.0, "lowlevel.silence_rate_30dB.stdev": 0.0, "lowlevel.silence_rate_60dB.mean": 0.0555555559694767, "lowlevel.silence_rate_60dB.stdev": 0.2290608137845993, "lowlevel.spectral_centroid.mean": 1451.7362060546875, "lowlevel.spectral_centroid.stdev": 714.028564453125, "lowlevel.spectral_complexity.mean": 13.619882583618164, "lowlevel.spectral_complexity.stdev": 5.064663410186768, "lowlevel.spectral_decrease.mean": -4.440019019114061e-09, "lowlevel.spectral_decrease.stdev": 3.5183576052588705e-09, "lowlevel.spectral_energy.mean": 0.01896507851779461, "lowlevel.spectral_energy.stdev": 0.014744349755346775, "lowlevel.spectral_energyband_high.mean": 0.001010052626952529, "lowlevel.spectral_energyband_high.stdev": 0.0016439127502962947, "lowlevel.spectral_energyband_low.mean": 5.552170114242472e-05, "lowlevel.spectral_energyband_low.stdev": 0.00010947359987767413, "lowlevel.spectral_energyband_middle_high.mean": 0.010105871595442295, "lowlevel.spectral_energyband_middle_high.stdev": 0.011991741135716438, "lowlevel.spectral_energyband_middle_low.mean": 0.007924544624984264, "lowlevel.spectral_energyband_middle_low.stdev": 0.007468013092875481, "lowlevel.spectral_entropy.mean": 6.9888410568237305, "lowlevel.spectral_entropy.stdev": 0.5188606977462769, "lowlevel.spectral_flux.mean": 0.0671355277299881, "lowlevel.spectral_flux.stdev": 0.04691457375884056, "lowlevel.spectral_kurtosis.mean": 8.635149955749512, "lowlevel.spectral_kurtosis.stdev": 12.152783393859863, "lowlevel.spectral_rms.mean": 0.003969366196542978, "lowlevel.spectral_rms.stdev": 0.001657299930229783, "lowlevel.spectral_rolloff.mean": 2197.330322265625, "lowlevel.spectral_rolloff.stdev": 2039.19091796875, "lowlevel.spectral_skewness.mean": 1.6870907545089722, "lowlevel.spectral_skewness.stdev": 0.9664880633354187, "lowlevel.spectral_spread.mean": 3641112.75, "lowlevel.spectral_spread.stdev": 2412773.25, "lowlevel.spectral_strongpeak.mean": 2.2494475841522217, "lowlevel.spectral_strongpeak.stdev": 2.0748655796051025, "lowlevel.zerocrossingrate.mean": 0.07208287715911865, "lowlevel.zerocrossingrate.stdev": 0.05274393782019615, "metadata.audio_properties.analysis.equal_loudness": 0.0, "metadata.audio_properties.analysis.length": 15.85065746307373, "metadata.audio_properties.analysis.sample_rate": 44100.0, "metadata.audio_properties.analysis.start_time": 0.0, "metadata.audio_properties.bit_rate": 108181.0, "metadata.audio_properties.length": 15.850666999816895, "metadata.audio_properties.lossless": 0.0, "metadata.audio_properties.number_channels": 1.0, "metadata.audio_properties.replay_gain": -12.343046188354492, "metadata.audio_properties.sample_rate": 48000.0, "rhythm.beats_count": 27.0, "rhythm.beats_loudness.mean": 0.02517092414200306, "rhythm.beats_loudness.stdev": 0.01410362496972084, "rhythm.bpm": 106.07276153564453, "rhythm.bpm_histogram_first_peak_bpm": 105.0, "rhythm.bpm_histogram_first_peak_weight": 0.523809552192688, "rhythm.bpm_histogram_second_peak_bpm": 110.0, "rhythm.bpm_histogram_second_peak_spread": 0.5, "rhythm.bpm_histogram_second_peak_weight": 0.07692307978868484, "rhythm.danceability": 1.3058658838272095, "rhythm.onset_rate": 3.65450119972229, "tonal.chords_changes_rate": 0.029154518619179726, "tonal.chords_number_rate": 0.011661808006465435, "tonal.chords_strength.mean": 0.5399488806724548, "tonal.chords_strength.stdev": 0.084501251578331, "tonal.hpcp_crest.mean": 15.990324020385742, "tonal.hpcp_crest.stdev": 5.420308589935303, "tonal.hpcp_entropy.mean": 1.5066312551498413, "tonal.hpcp_entropy.stdev": 0.5012140870094299, "tonal.key_edma.strength": 0.7115887403488159, "tonal.key_krumhansl.strength": 0.7176336050033569, "tonal.key_temperley.strength": 0.7232919335365295, "tonal.tuning_diatonic_strength": 0.527590274810791, "tonal.tuning_equal_tempered_deviation": 0.010122746229171753, "tonal.tuning_frequency": 440.76312255859375, "tonal.tuning_nontempered_energy_ratio": 0.5931413173675537, "lowlevel.barkbands.mean": [1.5016543102319702e-06, 3.3943401831493247e-06, 3.5387693060329184e-05, 3.959306559409015e-05, 0.00038660678546875715, 0.0021794235799461603, 0.003949375823140144, 0.001109244767576456, 0.00015229132259264588, 0.0012666037073358893, 0.002765751676633954, 0.0007711658254265785, 0.0018096097046509385, 0.0012913149548694491, 0.0008889157907105982, 0.0003540518810041249, 0.0001971727324416861, 6.24676322331652e-05, 0.00023585438611917198, 0.0007740860455669463, 0.00024228925758507103, 3.5435801692074165e-05, 0.00016547078848816454, 0.00019783373863901943, 4.034670564578846e-05, 9.692034836916719e-06, 2.049136043069666e-07], "lowlevel.barkbands.stdev": [2.0487791516643483e-06, 1.953651553776581e-05, 8.06586685939692e-05, 7.315992115763947e-05, 0.0005614555557258427, 0.0029967285227030516, 0.0056631420738995075, 0.0023121300619095564, 0.0009975866414606571, 0.004342794418334961, 0.006704942788928747, 0.0019811943639069796, 0.003976901061832905, 0.0031288242898881435, 0.0020007912535220385, 0.0011780208442360163, 0.0005510277696885169, 0.0001678008702583611, 0.0004416617448441684, 0.0012677001068368554, 0.0004971324233338237, 0.0001567077706567943, 0.0005412212922237813, 0.0006506604258902371, 0.00016257491370197386, 3.889647632604465e-05, 1.2714400554614258e-06], "lowlevel.erbbands.mean": [7.186507718870416e-05, 0.0013569581788033247, 0.026089590042829514, 0.10123219341039658, 0.337355375289917, 1.1402772665023804, 6.628861427307129, 19.747648239135742, 60.06962203979492, 45.176937103271484, 13.035661697387695, 4.334544658660889, 14.464362144470215, 71.90179443359375, 100.58767700195312, 42.30538558959961, 70.4981689453125, 97.2128677368164, 38.556087493896484, 43.24518585205078, 14.220693588256836, 11.54172420501709, 3.859093427658081, 5.975528240203857, 19.941204071044922, 40.985374450683594, 19.720951080322266, 2.946326494216919, 1.2545547485351562, 1.817212700843811, 5.1790876388549805, 4.992409706115723, 2.8523406982421875, 0.7580283284187317, 0.1456691026687622, 0.05006343871355057, 0.01770225167274475, 0.0021427320316433907, 5.758012775913812e-05, 2.704071994230617e-05], "lowlevel.erbbands.stdev": [0.0002536404936108738, 0.005912102293223143, 0.0582764632999897, 0.16276299953460693, 1.459855318069458, 1.568294644355774, 12.700648307800293, 28.044116973876953, 84.69486236572266, 61.51902389526367, 28.288776397705078, 20.848722457885742, 47.66385269165039, 178.5787811279297, 251.5455780029297, 82.52949523925781, 135.6956329345703, 202.84156799316406, 103.11965942382812, 95.01737976074219, 35.58375549316406, 32.37303924560547, 10.342862129211426, 17.64308738708496, 29.554054260253906, 71.64094543457031, 33.032676696777344, 8.384578704833984, 5.495433807373047, 6.902133941650391, 16.56145668029785, 15.69027328491211, 10.124558448791504, 2.9024415016174316, 0.6119312047958374, 0.22043895721435547, 0.06867419183254242, 0.008644675835967064, 0.00017629371723160148, 2.0487865185714327e-05], "lowlevel.gfcc.mean": [-82.87954711914062, 96.77706146240234, -190.1501007080078, -13.322578430175781, -90.36976623535156, -16.223026275634766, -54.638580322265625, -22.043182373046875, -25.80018424987793, 7.675702095031738, 16.20274543762207, -16.274513244628906, 3.739544153213501], "lowlevel.melbands.mean": [7.914516686469142e-07, 1.04103655758081e-05, 2.348117413930595e-05, 4.710669963969849e-05, 0.00018885919416788965, 0.00047143769916146994, 0.0009050770313479006, 0.0004405849031172693, 7.52139458199963e-05, 2.45013325184118e-05, 7.243717845994979e-05, 0.00027558981673792005, 0.00040056821308098733, 0.00010696704703150317, 0.00010648602619767189, 0.00021278043277561665, 0.00016192685870919377, 5.400943337008357e-05, 5.462894114316441e-05, 4.610778341884725e-05, 1.065195829141885e-05, 1.3613293049274944e-05, 5.099887403048342e-06, 2.94404776468582e-06, 4.062542302563088e-06, 1.174555018224055e-05, 2.284999209223315e-05, 2.5962250219890848e-05, 1.6070976926130243e-05, 3.3450648970756447e-06, 9.471447697251278e-07, 7.036677516225609e-07, 6.250674573493598e-07, 1.099870360121713e-06, 2.498659114280599e-06, 4.1202529246220365e-06, 2.699205879252986e-06, 2.3859236080170376e-06, 1.0996724313372397e-06, 4.5456434349944175e-07], "lowlevel.melbands.stdev": [3.7911363506282214e-06, 2.3125014195102267e-05, 5.434762715594843e-05, 0.00012542642070911825, 0.0003499915183056146, 0.0006292430916801095, 0.0012550980318337679, 0.0006394190131686628, 0.00018102316244039685, 0.00015914466348476708, 0.0002578744606580585, 0.0007528470014221966, 0.001009492320008576, 0.0002762161602731794, 0.00022143212845548987, 0.0004611616022884846, 0.0003511759568937123, 0.00017150893108919263, 0.00012095016427338123, 0.00012976658763363957, 3.047061363758985e-05, 4.1104896808974445e-05, 1.9291868738946505e-05, 8.57725171954371e-06, 1.64595967362402e-05, 2.2166548660607077e-05, 3.844792445306666e-05, 4.66046913061291e-05, 2.916314042522572e-05, 7.616561561007984e-06, 4.1055013753066305e-06, 3.478991857264191e-06, 2.4193798253691057e-06, 4.5111478357284795e-06, 8.336503015016206e-06, 1.3399051567830611e-05, 8.955247722042259e-06, 8.867482392815873e-06, 4.020711003249744e-06, 1.8825077177098137e-06], "lowlevel.melbands128.mean": [4.807084792446403e-07, 4.468631971121795e-07, 7.426273214150569e-07, 1.7617596768104704e-06, 7.414841093122959e-06, 2.0989382392144762e-05, 1.8744842236628756e-05, 2.184151890105568e-05, 3.2302970794262365e-05, 4.3110452679684386e-05, 4.310828444431536e-05, 0.0001308771752519533, 0.000261459470493719, 0.00021114244009368122, 0.0002769916318356991, 0.0007505404064431787, 0.0009344583377242088, 0.0011286557419225574, 0.0005742160719819367, 0.0005428321310319006, 0.0003676405467558652, 0.00010335476690670475, 5.201189924264327e-05, 1.2816368325729854e-05, 2.1677005861420184e-05, 2.990213397424668e-05, 2.9698012440348975e-05, 5.526843960979022e-05, 9.231891453964636e-05, 0.0003094094863627106, 0.00024964334443211555, 0.0003763267013709992, 0.0006198028568178415, 0.00025113701121881604, 5.4059015383245423e-05, 0.000102952093584463, 0.00012819509720429778, 5.7871169701684266e-05, 0.00015134357090573758, 0.00011817236372735351, 0.00019534317834768444, 0.00041865819366648793, 0.00016564618272241205, 5.277250966173597e-05, 1.9190911189070903e-05, 7.408834790112451e-05, 7.122157694539055e-05, 2.4397562810918316e-05, 6.687986751785502e-05, 8.18313637864776e-05, 3.789189941016957e-05, 1.8053906387649477e-05, 1.2263591997907497e-05, 5.867891104571754e-06, 9.583987775840797e-06, 2.1742334865848534e-05, 7.516131063312059e-06, 8.456412615487352e-06, 2.892809334298363e-06, 1.6008613101803348e-06, 2.421373892502743e-06, 4.470593466976425e-06, 4.4117919060226995e-06, 3.8118744214443723e-06, 2.7299065550323576e-06, 1.5473735402338207e-05, 1.4548861145158298e-05, 1.010972755466355e-05, 1.8979000742547214e-05, 5.1839739171555266e-05, 2.7541154850041494e-05, 1.2022928785881959e-05, 1.8476906916475855e-05, 2.2432339392253198e-05, 5.527772827917943e-06, 3.033666189367068e-06, 2.5347846985823708e-06, 9.479148275204352e-07, 7.197500622169173e-07, 8.71915119660116e-07, 8.099429464891728e-07, 6.216922656676616e-07, 5.070878046353755e-07, 6.008298782944621e-07, 6.935517262718349e-07, 9.970829069061438e-07, 1.1807936743934988e-06, 1.4014573253007256e-06, 2.31330091082782e-06, 3.047328618777101e-06, 5.197207428864203e-06, 4.2384781409054995e-06, 3.023870704055298e-06, 2.2979256755206734e-06, 2.8747508622473106e-06, 2.679942099348409e-06, 2.649964471856947e-06, 1.2288746802369133e-06, 1.2930545381095726e-06, 8.842238230499788e-07, 5.911758762522368e-07, 3.9202200241561513e-07, 2.613318770272599e-07, 2.1252917292713391e-07, 7.977759253208205e-08, 1.1122895671178412e-07, 1.524993820112286e-07, 1.0129594585350787e-07, 7.553823877515242e-08, 5.647865819469189e-08, 6.671861996210282e-08, 6.669235830258913e-08, 6.504391336648041e-08, 3.965145722872876e-08, 4.03240356661172e-08, 2.2692825396575245e-08, 8.138438367666367e-09, 9.507471893099861e-11, 3.054006049788005e-12, 2.9195654140806715e-12, 2.8082263077433556e-12, 2.727691119849829e-12, 2.674582560632799e-12, 2.6228682854095853e-12, 2.553244725020387e-12, 2.4748863982487768e-12, 2.42629744420797e-12, 2.4085052528766138e-12], "lowlevel.melbands128.stdev": [7.470234777429141e-07, 1.2372631772450404e-06, 4.206430730846478e-06, 1.1047050975321326e-05, 2.1285553884808905e-05, 4.859742330154404e-05, 3.343217395013198e-05, 4.829443423659541e-05, 0.00017240940360352397, 0.00020610452338587493, 6.327375012915581e-05, 0.00014825109974481165, 0.0004885241505689919, 0.0007141740643419325, 0.000768233323469758, 0.0009975372813642025, 0.0012777502415701747, 0.0022247997112572193, 0.0010216115042567253, 0.000909670430701226, 0.0008468921296298504, 0.00040158568299375474, 9.659355418989435e-05, 2.1881167413084768e-05, 7.42714837542735e-05, 0.00033345160773023963, 0.00018964754417538643, 0.0003014631802216172, 0.00042923944420181215, 0.0012577683664858341, 0.0009348762687295675, 0.0010430195834487677, 0.0018308523576706648, 0.0010420505423098803, 0.0003500398015603423, 0.00035314407432451844, 0.0003198935592081398, 0.00024434045189991593, 0.00045958213740959764, 0.00037999075721018016, 0.0007313887472264469, 0.0010614286875352263, 0.0004877132596448064, 0.00017607265908736736, 9.616965689929202e-05, 0.0003201584331691265, 0.0002746701065916568, 0.00012952976976521313, 0.00021223066141828895, 0.00021888445189688355, 0.00023400473583023995, 9.057597344508395e-05, 4.674657975556329e-05, 2.0388093616929837e-05, 3.0029217668925412e-05, 8.031350444070995e-05, 3.008665044035297e-05, 4.750226435135119e-05, 9.871767360891681e-06, 6.332579232548596e-06, 9.254010365111753e-06, 1.7087020751205273e-05, 1.7206990378326736e-05, 3.3036259992513806e-05, 7.01238013789407e-06, 3.8389676774386317e-05, 3.30366674461402e-05, 3.1003848562249914e-05, 4.755689587909728e-05, 0.0001310366060351953, 6.776236841687933e-05, 4.143478872720152e-05, 4.226637611282058e-05, 5.2185150707373396e-05, 1.2751855138048995e-05, 7.583915703435196e-06, 9.197429790219758e-06, 4.864480615651701e-06, 3.4589327242429135e-06, 4.4969210648559965e-06, 4.080839516973356e-06, 3.4670342756726313e-06, 2.0741456410178216e-06, 2.343337882848573e-06, 3.1620647860108875e-06, 4.082145551365102e-06, 5.829660494782729e-06, 5.670899554388598e-06, 8.489624633511994e-06, 1.0360427040723152e-05, 1.8441045540384948e-05, 1.5706631529610604e-05, 8.991009963210672e-06, 8.733681170269847e-06, 1.0646267583069857e-05, 1.0177896911045536e-05, 1.0868813660636079e-05, 4.487982096179621e-06, 4.7876551434455905e-06, 3.955023657908896e-06, 2.4704177121748216e-06, 1.65614505931444e-06, 1.2797396493624547e-06, 1.0268116739098332e-06, 3.924290012946585e-07, 5.08625987549749e-07, 7.306525162675825e-07, 5.030807983530394e-07, 3.828106400760589e-07, 2.491724444553256e-07, 3.289916890025779e-07, 2.9255963340801827e-07, 2.710310695874796e-07, 1.5968920763498318e-07, 1.7057361390016013e-07, 1.075345039680542e-07, 4.584378743288653e-08, 1.1749756723133942e-09, 5.580658764964275e-12, 5.0176902563481285e-12, 4.7668301597636464e-12, 4.650128806321652e-12, 4.556807188527134e-12, 4.47867047267958e-12, 4.410757783318564e-12, 4.357121000803099e-12, 4.318187300789145e-12, 4.294318806802311e-12], "lowlevel.mfcc.mean": [-703.8572998046875, 125.17467498779297, -44.83946990966797, -18.698301315307617, -21.54771614074707, -19.969022750854492, -11.765825271606445, -41.976295471191406, -34.66799545288086, 2.7331020832061768, -26.13844108581543, 12.516837120056152, 8.855867385864258], "lowlevel.spectral_contrast_coeffs.mean": [-0.5862120985984802, -0.6294283866882324, -0.6792051196098328, -0.716004490852356, -0.7377290725708008, -0.7463737726211548], "lowlevel.spectral_contrast_coeffs.stdev": [0.07251030206680298, 0.07028185576200485, 0.08065267652273178, 0.06695599108934402, 0.07175824791193008, 0.05748565122485161], "lowlevel.spectral_contrast_valleys.mean": [-9.198558807373047, -7.145647048950195, -7.993408203125, -8.022283554077148, -8.357669830322266, -11.749666213989258], "lowlevel.spectral_contrast_valleys.stdev": [0.7525503635406494, 0.5690292716026306, 0.6575620174407959, 0.6655023694038391, 1.0048928260803223, 1.8127179145812988], "rhythm.beats_loudness_band_ratio.mean": [0.011652127839624882, 0.1618083119392395, 0.30407074093818665, 0.41529691219329834, 0.1093616858124733, 0.06422030180692673], "rhythm.beats_loudness_band_ratio.stdev": [0.020448578521609306, 0.12756507098674774, 0.171827033162117, 0.21114930510520935, 0.09637845307588577, 0.04483666643500328], "tonal.hpcp.mean": [0.39001184701919556, 0.21746356785297394, 0.04426201432943344, 0.02215730957686901, 0.030567582696676254, 0.16731110215187073, 0.2871268689632416, 0.16353486478328705, 0.12776778638362885, 0.20407365262508392, 0.10871950536966324, 0.025087397545576096, 0.01783285103738308, 0.0081157386302948, 0.1302087903022766, 0.24131309986114502, 0.12528739869594574, 0.024019591510295868, 0.019818829372525215, 0.01414511539041996, 0.061602137982845306, 0.12172175198793411, 0.07863767445087433, 0.05371341109275818, 0.08035101741552353, 0.06485089659690857, 0.08387873321771622, 0.10953023284673691, 0.07041189819574356, 0.2333693504333496, 0.40184399485588074, 0.2019103765487671, 0.02721875160932541, 0.02443752810359001, 0.04508271440863609, 0.23387578129768372], "tonal.hpcp.stdev": [0.42079809308052063, 0.2687516212463379, 0.14540544152259827, 0.08692900836467743, 0.10983285307884216, 0.2267000824213028, 0.3395121991634369, 0.2416672259569168, 0.19420182704925537, 0.2775120437145233, 0.177982896566391, 0.08753130584955215, 0.06810527294874191, 0.025853293016552925, 0.17097264528274536, 0.31069210171699524, 0.1610054075717926, 0.09040747582912445, 0.06707655638456345, 0.07158182561397552, 0.12379676103591919, 0.22763745486736298, 0.15136098861694336, 0.13888107240200043, 0.1965639293193817, 0.16991151869297028, 0.19604462385177612, 0.21752527356147766, 0.1623992621898651, 0.24009151756763458, 0.4126695394515991, 0.22959712147712708, 0.12421167641878128, 0.11617400497198105, 0.1446707397699356, 0.2850567102432251], "rhythm.beats_position": [0.5688889026641846, 1.160997748374939, 1.729886531829834, 2.2987754344940186, 2.879274368286133, 3.424943208694458, 3.982222080230713, 4.551111221313477, 5.119999885559082, 5.6888885498046875, 6.222947597503662, 6.745396614074707, 7.279455661773682, 7.848344326019287, 8.405623435974121, 8.962902069091797, 9.520181655883789, 10.077460289001465, 10.64634895324707, 11.215237617492676, 11.772517204284668, 12.318185806274414, 12.87546443939209, 13.455963134765625, 14.024852752685547, 14.593741416931152, 15.174240112304688], "rhythm.bpm_histogram": [0.0, 0.0, 0.0, 0.0, 0.0, 0.0, 0.0, 0.0, 0.0, 0.0, 0.0, 0.0, 0.0, 0.0, 0.0, 0.0, 0.0, 0.0, 0.0, 0.0, 0.0, 0.0, 0.0, 0.0, 0.0, 0.0, 0.0, 0.0, 0.0, 0.0, 0.0, 0.0, 0.0, 0.0, 0.0, 0.0, 0.0, 0.0, 0.0, 0.0, 0.0, 0.0, 0.0, 0.0, 0.0, 0.0, 0.0, 0.0, 0.0, 0.0, 0.0, 0.0, 0.0, 0.0, 0.0, 0.0, 0.0, 0.0, 0.0, 0.0, 0.0, 0.0, 0.0, 0.0, 0.0, 0.0, 0.0, 0.0, 0.0, 0.0, 0.0, 0.0, 0.0, 0.0, 0.0, 0.0, 0.0, 0.0, 0.0, 0.0, 0.0, 0.0, 0.0, 0.0, 0.0, 0.0, 0.0, 0.0, 0.0, 0.0, 0.0, 0.0, 0.0, 0.0, 0.0, 0.0, 0.0, 0.0, 0.0, 0.0, 0.0, 0.03846153989434242, 0.0, 0.11538461595773697, 0.0, 0.38461539149284363, 0.0, 0.0, 0.26923078298568726, 0.0, 0.07692307978868484, 0.0, 0.07692307978868484, 0.0, 0.0, 0.03846153989434242, 0.0, 0.0, 0.0, 0.0, 0.0, 0.0, 0.0, 0.0, 0.0, 0.0, 0.0, 0.0, 0.0, 0.0, 0.0, 0.0, 0.0, 0.0, 0.0, 0.0, 0.0, 0.0, 0.0, 0.0, 0.0, 0.0, 0.0, 0.0, 0.0, 0.0, 0.0, 0.0, 0.0, 0.0, 0.0, 0.0, 0.0, 0.0, 0.0, 0.0, 0.0, 0.0, 0.0, 0.0, 0.0, 0.0, 0.0, 0.0, 0.0, 0.0, 0.0, 0.0, 0.0, 0.0, 0.0, 0.0, 0.0, 0.0, 0.0, 0.0, 0.0, 0.0, 0.0, 0.0, 0.0, 0.0, 0.0, 0.0, 0.0, 0.0, 0.0, 0.0, 0.0, 0.0, 0.0, 0.0, 0.0, 0.0, 0.0, 0.0, 0.0, 0.0, 0.0, 0.0, 0.0, 0.0, 0.0, 0.0, 0.0, 0.0, 0.0, 0.0, 0.0, 0.0, 0.0, 0.0, 0.0, 0.0, 0.0, 0.0, 0.0, 0.0, 0.0, 0.0, 0.0, 0.0, 0.0, 0.0, 0.0, 0.0, 0.0, 0.0, 0.0, 0.0, 0.0, 0.0, 0.0, 0.0, 0.0, 0.0, 0.0, 0.0, 0.0, 0.0, 0.0, 0.0, 0.0, 0.0, 0.0, 0.0, 0.0, 0.0, 0.0, 0.0], "tonal.chords_histogram": [54.2274055480957, 0.0, 2.3323614597320557, 0.0, 0.0, 0.0, 0.0, 0.0, 0.0, 0.0, 0.0, 0.0, 0.0, 0.0, 0.0, 0.0, 0.0, 0.0, 0.0, 0.0, 19.533527374267578, 22.4489803314209, 0.8746355772018433, 0.5830903649330139], "tonal.thpcp": [1.0, 0.5024595856666565, 0.06773462146520615, 0.06081347167491913, 0.11218959093093872, 0.5820063948631287, 0.9705553650856018, 0.5411641597747803, 0.11014726012945175, 0.05513908341526985, 0.07606828212738037, 0.4163583517074585, 0.7145232558250427, 0.4069610834121704, 0.3179537057876587, 0.5078429579734802, 0.27055153250694275, 0.062430690973997116, 0.04437754675745964, 0.02019624225795269, 0.32402822375297546, 0.6005144119262695, 0.3117811977863312, 0.05977342277765274, 0.049319710582494736, 0.035200513899326324, 0.15329864621162415, 0.3029079735279083, 0.1956920474767685, 0.13366732001304626, 0.1999557465314865, 0.1613832712173462, 0.20873457193374634, 0.27256903052330017, 0.1752219796180725, 0.5807461142539978], "lowlevel.gfcc.cov": [[6885.37939453125, -4197.939453125, -44.71742248535156, 698.5227661132812, -1941.258056640625, 1040.1082763671875, -839.6358032226562, 461.1235046386719, -626.4312744140625, 60.78397750854492, 350.6440734863281, -221.12179565429688, 341.8272399902344], [-4197.939453125, 4772.07470703125, -534.4039306640625, -524.0828857421875, 2054.695556640625, -1125.5787353515625, 1033.2305908203125, -489.1795349121094, 445.72088623046875, -118.02951049804688, -225.70770263671875, -68.53236389160156, -137.69215393066406], [-44.71742248535156, -534.4039306640625, 925.8513793945312, -36.65435791015625, -132.08473205566406, 221.04678344726562, -250.0443115234375, 91.31600952148438, 2.631619930267334, 32.463775634765625, -221.9164276123047, 169.12496948242188, -329.6298522949219], [698.5227661132812, -524.0828857421875, -36.65435791015625, 337.8352355957031, -263.48687744140625, 119.8232650756836, -98.60144805908203, 63.31370162963867, -28.113922119140625, -33.36849594116211, 83.76836395263672, -35.25617599487305, 40.30551528930664], [-1941.258056640625, 2054.695556640625, -132.08473205566406, -263.48687744140625, 1130.5933837890625, -512.0516357421875, 466.2344970703125, -226.65469360351562, 175.01126098632812, 15.999418258666992, -212.77418518066406, 47.84871292114258, -164.7574920654297], [1040.1082763671875, -1125.5787353515625, 221.04678344726562, 119.8232650756836, -512.0516357421875, 488.31536865234375, -242.51187133789062, 107.73932647705078, -116.36995697021484, 24.855119705200195, 47.24695587158203, -80.66661071777344, 55.28356170654297], [-839.6358032226562, 1033.2305908203125, -250.0443115234375, -98.60144805908203, 466.2344970703125, -242.51187133789062, 451.2150573730469, -125.036376953125, 26.89046859741211, 32.05148696899414, -49.55644226074219, -40.33987045288086, 18.49806022644043], [461.1235046386719, -489.1795349121094, 91.31600952148438, 63.31370162963867, -226.65469360351562, 107.73932647705078, -125.036376953125, 202.53138732910156, -41.944122314453125, -38.280025482177734, 41.62886047363281, 19.173824310302734, 32.381195068359375], [-626.4312744140625, 445.72088623046875, 2.631619930267334, -28.113922119140625, 175.01126098632812, -116.36995697021484, 26.89046859741211, -41.944122314453125, 202.35159301757812, -33.764625549316406, -9.311758041381836, 46.75210189819336, -63.33964538574219], [60.78397750854492, -118.02951049804688, 32.463775634765625, -33.36849594116211, 15.999418258666992, 24.855119705200195, 32.05148696899414, -38.280025482177734, -33.764625549316406, 160.62493896484375, -29.170001983642578, -5.568088531494141, -16.820690155029297], [350.6440734863281, -225.70770263671875, -221.9164276123047, 83.76836395263672, -212.77418518066406, 47.24695587158203, -49.55644226074219, 41.62886047363281, -9.311758041381836, -29.170001983642578, 216.08436584472656, -64.59966278076172, 151.1014862060547], [-221.12179565429688, -68.53236389160156, 169.12496948242188, -35.25617599487305, 47.84871292114258, -80.66661071777344, -40.33987045288086, 19.173824310302734, 46.75210189819336, -5.568088531494141, -64.59966278076172, 203.45616149902344, -99.11009216308594], [341.8272399902344, -137.69215393066406, -329.6298522949219, 40.30551528930664, -164.7574920654297, 55.28356170654297, 18.49806022644043, 32.381195068359375, -63.33964538574219, -16.820690155029297, 151.1014862060547, -99.11009216308594, 280.7898254394531]], "lowlevel.gfcc.icov": [[0.00044062218512408435, 0.00013096598559059203, 0.00034917265293188393, -0.000331993360305205, 0.00020030318410135806, -0.00017026174464263022, 0.000256727245869115, -0.00021675470634363592, 0.0007242147694341838, -0.00010111970914294943, 9.287262219004333e-05, 0.0001387774827890098, 0.0003008329076692462], [0.00013096598559059203, 0.0034934438299387693, -0.0017331619746983051, 0.0009764080750755966, -0.0037166853435337543, 0.0031244084239006042, -0.002318263053894043, 0.0015882414299994707, -0.002498669782653451, 0.002999067772179842, -0.0011660171439871192, 0.0038134322967380285, -0.0018580174073576927], [0.00034917265293188393, -0.0017331619746983051, 0.005016992334276438, -0.00025923410430550575, 0.002181797521188855, -0.003799019381403923, 0.002225381089374423, -0.002186443656682968, 0.0020054695196449757, -0.001838376745581627, 0.002357717603445053, -0.003260787110775709, 0.004708133637905121], [-0.000331993360305205, 0.0009764080750755966, -0.00025923410430550575, 0.004534384235739708, -0.0005320999189279974, 0.0006652099546045065, -0.001079545821994543, 0.00024895620299503207, -0.0014776026364415884, 0.0016298789996653795, -0.0011374172754585743, 0.0013243344146758318, 0.00037083501229062676], [0.00020030318410135806, -0.0037166853435337543, 0.002181797521188855, -0.0005320999189279974, 0.007649351842701435, -0.0016253291396424174, 0.0009124375064857304, -0.001264717779122293, 0.002022289903834462, -0.0031416360288858414, 0.0033136429265141487, -0.0032095175702124834, 0.0028173248283565044], [-0.00017026174464263022, 0.0031244084239006042, -0.003799019381403923, 0.0006652099546045065, -0.0016253291396424174, 0.009048525243997574, -0.0017503041308373213, 0.001675435109063983, -0.0023477659560739994, 0.0020656150300055742, -0.00031232021865434945, 0.006333447992801666, -0.003631297266110778], [0.000256727245869115, -0.002318263053894043, 0.002225381089374423, -0.001079545821994543, 0.0009124375064857304, -0.0017503041308373213, 0.006846196483820677, -0.0008186115883290768, 0.0031713275238871574, -0.0029054724145680666, 0.0013680910924449563, -0.0019135979237034917, 0.0009711255552247167], [-0.00021675470634363592, 0.0015882414299994707, -0.002186443656682968, 0.00024895620299503207, -0.001264717779122293, 0.001675435109063983, -0.0008186115883290768, 0.008429613895714283, -0.0006895862170495093, 0.0031492100097239017, -0.0013804457848891616, 0.0007488547125831246, -0.002509649842977524], [0.0007242147694341838, -0.002498669782653451, 0.0020054695196449757, -0.0014776026364415884, 0.002022289903834462, -0.0023477659560739994, 0.0031713275238871574, -0.0006895862170495093, 0.01051967591047287, -0.0012056272244080901, -0.0011002876562997699, -0.0037639872170984745, 0.003543219994753599], [-0.00010111970914294943, 0.002999067772179842, -0.001838376745581627, 0.0016298789996653795, -0.0031416360288858414, 0.0020656150300055742, -0.0029054724145680666, 0.0031492100097239017, -0.0012056272244080901, 0.010048512369394302, -0.0008961964049376547, 0.003007513703778386, -0.0013463632203638554], [9.287262219004333e-05, -0.0011660171439871192, 0.002357717603445053, -0.0011374172754585743, 0.0033136429265141487, -0.00031232021865434945, 0.0013680910924449563, -0.0013804457848891616, -0.0011002876562997699, -0.0008961964049376547, 0.011294908821582794, -0.00016781967133283615, -0.0021181285846978426], [0.0001387774827890098, 0.0038134322967380285, -0.003260787110775709, 0.0013243344146758318, -0.0032095175702124834, 0.006333447992801666, -0.0019135979237034917, 0.0007488547125831246, -0.0037639872170984745, 0.003007513703778386, -0.00016781967133283615, 0.012178282253444195, -0.0016875264700502157], [0.0003008329076692462, -0.0018580174073576927, 0.004708133637905121, 0.00037083501229062676, 0.0028173248283565044, -0.003631297266110778, 0.0009711255552247167, -0.002509649842977524, 0.003543219994753599, -0.0013463632203638554, -0.0021181285846978426, -0.0016875264700502157, 0.01161415409296751]], "lowlevel.mfcc.cov": [[5902.1337890625, -3595.1884765625, 588.3303833007812, -293.3918151855469, -643.1001586914062, -279.1441955566406, 242.82720947265625, -179.03707885742188, -424.6954040527344, 529.9192504882812, -835.2888793945312, 40.82685089111328, 221.93409729003906], [-3595.1884765625, 4005.322509765625, -1148.1905517578125, 521.490234375, 508.0600280761719, 199.59512329101562, 82.62934112548828, 43.1036376953125, 418.2895202636719, -326.4134216308594, 558.2254028320312, -54.66017150878906, -176.54649353027344], [588.3303833007812, -1148.1905517578125, 938.544677734375, -296.8187255859375, -20.884666442871094, 23.42066192626953, -147.79945373535156, 96.04785919189453, -94.60305786132812, 33.636348724365234, 23.11638832092285, -41.40353775024414, -18.373838424682617], [-293.3918151855469, 521.490234375, -296.8187255859375, 386.0346374511719, 40.91761779785156, 23.76810646057129, 13.955265045166016, 38.792964935302734, 50.54482650756836, -100.20416259765625, 109.5960464477539, -15.842068672180176, 24.684734344482422], [-643.1001586914062, 508.0600280761719, -20.884666442871094, 40.91761779785156, 309.5674743652344, 9.360873222351074, -98.36997985839844, 74.42311096191406, 46.46800231933594, -109.0513916015625, 147.31956481933594, 2.8239285945892334, -39.92761993408203], [-279.1441955566406, 199.59512329101562, 23.42066192626953, 23.76810646057129, 9.360873222351074, 254.77972412109375, 13.19726848602295, -34.422725677490234, 56.188167572021484, -9.596635818481445, 59.90909194946289, 4.881377220153809, -25.076555252075195], [242.82720947265625, 82.62934112548828, -147.79945373535156, 13.955265045166016, -98.36997985839844, 13.19726848602295, 302.3392333984375, -99.2253189086914, 50.65571975708008, 122.76055908203125, -129.06373596191406, 8.729576110839844, 8.682562828063965], [-179.03707885742188, 43.1036376953125, 96.04785919189453, 38.792964935302734, 74.42311096191406, -34.422725677490234, -99.2253189086914, 220.5961456298828, -4.966627597808838, -77.84797668457031, 101.69961547851562, -42.521697998046875, 11.208028793334961], [-424.6954040527344, 418.2895202636719, -94.60305786132812, 50.54482650756836, 46.46800231933594, 56.188167572021484, 50.65571975708008, -4.966627597808838, 167.86241149902344, -11.372361183166504, 50.77214431762695, -8.127245903015137, -42.063514709472656], [529.9192504882812, -326.4134216308594, 33.636348724365234, -100.20416259765625, -109.0513916015625, -9.596635818481445, 122.76055908203125, -77.84797668457031, -11.372361183166504, 212.4375, -140.86224365234375, 18.512344360351562, 2.059741973876953], [-835.2888793945312, 558.2254028320312, 23.11638832092285, 109.5960464477539, 147.31956481933594, 59.90909194946289, -129.06373596191406, 101.69961547851562, 50.77214431762695, -140.86224365234375, 309.3147277832031, -33.12827682495117, -19.253543853759766], [40.82685089111328, -54.66017150878906, -41.40353775024414, -15.842068672180176, 2.8239285945892334, 4.881377220153809, 8.729576110839844, -42.521697998046875, -8.127245903015137, 18.512344360351562, -33.12827682495117, 122.62382507324219, 5.8154730796813965], [221.93409729003906, -176.54649353027344, -18.373838424682617, 24.684734344482422, -39.92761993408203, -25.076555252075195, 8.682562828063965, 11.208028793334961, -42.063514709472656, 2.059741973876953, -19.253543853759766, 5.8154730796813965, 129.18829345703125]], "lowlevel.mfcc.icov": [[0.0005507064634002745, 0.00040329177863895893, 3.72690919903107e-05, -0.0004183516721241176, -2.0805917301913723e-05, 8.958739636000246e-05, -0.0001341888273600489, -3.1894353469397174e-06, 0.0003292444162070751, -0.0005068827886134386, 0.0005748018156737089, 0.00021860866399947554, -9.833376680035144e-05], [0.00040329177863895893, 0.0014068704331293702, 0.0013272237265482545, -3.6244360671844333e-05, -0.0008599786669947207, -0.00023244610929396003, -0.0007949608261696994, 1.0215180736850016e-05, -0.0005869216402061284, 6.732976908097044e-05, -0.0011750322300940752, 0.0006223732489161193, 0.0007717965636402369], [3.72690919903107e-05, 0.0013272237265482545, 0.003326496109366417, 0.0016770061338320374, -0.00069815618917346, -0.0008460451499558985, -0.0003092086117248982, -0.0008117422694340348, -0.00028023921186104417, 0.00010117895726580173, -0.002230880782008171, 0.0010186033323407173, 0.001142428140155971], [-0.0004183516721241176, -3.6244360671844333e-05, 0.0016770061338320374, 0.004909176379442215, 0.0002945785818155855, -0.00047796996659599245, -0.000751253857742995, -0.000743761716876179, -0.0005576977273449302, 0.0018937194254249334, -0.0020915651693940163, 0.000264952628640458, -0.0004524888936430216], [-2.0805917301913723e-05, -0.0008599786669947207, -0.00069815618917346, 0.0002945785818155855, 0.005567843560129404, 0.0005590544897131622, 0.0010026250965893269, -0.0007580561214126647, -0.00023974636860657483, 0.0008950604242272675, -0.00031472856062464416, -0.0013163191033527255, 0.00045267256791703403], [8.958739636000246e-05, -0.00023244610929396003, -0.0008460451499558985, -0.00047796996659599245, 0.0005590544897131622, 0.004893341101706028, -7.013835420366377e-05, 0.0012655782047659159, -0.0010588798904791474, -0.00014035710773896426, -0.0007020190823823214, -0.0004876736202277243, 9.177463653031737e-05], [-0.0001341888273600489, -0.0007949608261696994, -0.0003092086117248982, -0.000751253857742995, 0.0010026250965893269, -7.013835420366377e-05, 0.006545616313815117, 0.0009753094636835158, -0.0016655153594911098, -0.0026667576748877764, 0.002329400507733226, 0.0003169164701830596, -0.0011514367070049047], [-3.1894353469397174e-06, 1.0215180736850016e-05, -0.0008117422694340348, -0.000743761716876179, -0.0007580561214126647, 0.0012655782047659159, 0.0009753094636835158, 0.006936030928045511, -0.00039082992589101195, 0.0006367625901475549, -0.0009959362214431167, 0.0015930451918393373, -0.0009673730819486082], [0.0003292444162070751, -0.0005869216402061284, -0.00028023921186104417, -0.0005576977273449302, -0.00023974636860657483, -0.0010588798904791474, -0.0016655153594911098, -0.00039082992589101195, 0.009510290808975697, -0.0007110780570656061, 0.00016067354590632021, 0.0001938100322149694, 0.0016883198404684663], [-0.0005068827886134386, 6.732976908097044e-05, 0.00010117895726580173, 0.0018937194254249334, 0.0008950604242272675, -0.00014035710773896426, -0.0026667576748877764, 0.0006367625901475549, -0.0007110780570656061, 0.009555771015584469, 0.0005695190047845244, -0.0004964359104633331, 0.0007120559457689524], [0.0005748018156737089, -0.0011750322300940752, -0.002230880782008171, -0.0020915651693940163, -0.00031472856062464416, -0.0007020190823823214, 0.002329400507733226, -0.0009959362214431167, 0.00016067354590632021, 0.0005695190047845244, 0.009586275555193424, 0.0003643592062871903, -0.0013590476009994745], [0.00021860866399947554, 0.0006223732489161193, 0.0010186033323407173, 0.000264952628640458, -0.0013163191033527255, -0.0004876736202277243, 0.0003169164701830596, 0.0015930451918393373, 0.0001938100322149694, -0.0004964359104633331, 0.0003643592062871903, 0.00952236633747816, -0.00039511112845502794], [-9.833376680035144e-05, 0.0007717965636402369, 0.001142428140155971, -0.0004524888936430216, 0.00045267256791703403, 9.177463653031737e-05, -0.0011514367070049047, -0.0009673730819486082, 0.0016883198404684663, 0.0007120559457689524, -0.0013590476009994745, -0.00039511112845502794, 0.009885868988931179]], "metadata.audio_properties.analysis.downmix": "mix", "metadata.audio_properties.codec": "mp3", "metadata.audio_properties.md5_encoded": "ef4424e50b53666b736423d2613f8ba2", "metadata.tags.file_name": "1182272915882905610.mp3", "metadata.version.essentia": "2.1-beta6-dev", "metadata.version.essentia_git_sha": "v2.1_beta5-1110-g77a6a954", "metadata.version.extractor": "music 2.0", "tonal.chords_key": "G", "tonal.chords_scale": "major", "tonal.key_edma.key": "G", "tonal.key_edma.scale": "major", "tonal.key_krumhansl.key": "G", "tonal.key_krumhansl.scale": "major", "tonal.key_temperley.key": "G", "tonal.key_temperley.scale": "major", "metadata.tags.encoding": ["Lavf58.45.100"]}, "essentia_models": [{"model_name": "genre_dortmund", "activations": {"alternative": "0.10706886", "blues": "0.020953976", "electronic": "0.06737575", "folkcountry": "0.16852668", "funksoulrnb": "0.026696747", "jazz": "0.033561707", "pop": "0.52080405", "raphiphop": "0.035362918", "rock": "0.11929536"}}, {"model_name": "genre_rosamerica", "activations": {"classic": "0.04091809", "dance": "0.025705654", "hi