{"song_id": "1182269168133885952", "download": "https://cdn.discordapp.com/attachments/1128313332273782784/1182269168133885952/chirp.mp4?ex=658414f7&amp", "lyrics": "You, descending from the stars in the sky,\n\nBringing hope and love as the days go by,\n\nA humble gift wrapped in heavenly light,\n\nGuiding us through the darkest winter night.\nIn a manger, you found your humble bed,\n\nA savior born, salvation's thread,\n\nFrom Bethlehem's fields to the scorching desert sand,\n\nYour presence shines, like a guiding hand.", "style": ["random christmas"], "essentia_features": {"lowlevel.average_loudness": 0.9670053720474243, "lowlevel.barkbands_crest.mean": 10.008501052856445, "lowlevel.barkbands_crest.stdev": 3.7290329933166504, "lowlevel.barkbands_flatness_db.mean": 0.13657858967781067, "lowlevel.barkbands_flatness_db.stdev": 0.03363977372646332, "lowlevel.barkbands_kurtosis.mean": 4.450351715087891, "lowlevel.barkbands_kurtosis.stdev": 8.239945411682129, "lowlevel.barkbands_skewness.mean": 1.6313741207122803, "lowlevel.barkbands_skewness.stdev": 1.4058101177215576, "lowlevel.barkbands_spread.mean": 26.7708740234375, "lowlevel.barkbands_spread.stdev": 15.941096305847168, "lowlevel.dissonance.mean": 0.4665713310241699, "lowlevel.dissonance.stdev": 0.028392935171723366, "lowlevel.dynamic_complexity": 4.001193523406982, "lowlevel.erbbands_crest.mean": 9.14864730834961, "lowlevel.erbbands_crest.stdev": 5.387611389160156, "lowlevel.erbbands_flatness_db.mean": 0.14106370508670807, "lowlevel.erbbands_flatness_db.stdev": 0.04313429445028305, "lowlevel.erbbands_kurtosis.mean": 0.6891539692878723, "lowlevel.erbbands_kurtosis.stdev": 2.641935110092163, "lowlevel.erbbands_skewness.mean": 0.04004174470901489, "lowlevel.erbbands_skewness.stdev": 0.7966564297676086, "lowlevel.erbbands_spread.mean": 49.12810134887695, "lowlevel.erbbands_spread.stdev": 25.809005737304688, "lowlevel.hfc.mean": 19.004894256591797, "lowlevel.hfc.stdev": 20.37688636779785, "lowlevel.loudness_ebu128.integrated": -20.756431579589844, "lowlevel.loudness_ebu128.loudness_range": 1.6736278533935547, "lowlevel.loudness_ebu128.momentary.mean": -21.20973777770996, "lowlevel.loudness_ebu128.momentary.stdev": 2.1528093814849854, "lowlevel.loudness_ebu128.short_term.mean": -20.821449279785156, "lowlevel.loudness_ebu128.short_term.stdev": 0.6066853404045105, "lowlevel.melbands_crest.mean": 14.583100318908691, "lowlevel.melbands_crest.stdev": 5.016630172729492, "lowlevel.melbands_flatness_db.mean": 0.1891331672668457, "lowlevel.melbands_flatness_db.stdev": 0.048501934856176376, "lowlevel.melbands_kurtosis.mean": 20.073528289794922, "lowlevel.melbands_kurtosis.stdev": 28.959938049316406, "lowlevel.melbands_skewness.mean": 3.2797329425811768, "lowlevel.melbands_skewness.stdev": 2.24611234664917, "lowlevel.melbands_spread.mean": 26.924442291259766, "lowlevel.melbands_spread.stdev": 22.695880889892578, "lowlevel.pitch_salience.mean": 0.5409740805625916, "lowlevel.pitch_salience.stdev": 0.1064615398645401, "lowlevel.silence_rate_20dB.mean": 1.0, "lowlevel.silence_rate_20dB.stdev": 0.0, "lowlevel.silence_rate_30dB.mean": 0.9808259606361389, "lowlevel.silence_rate_30dB.stdev": 0.13713744282722473, "lowlevel.silence_rate_60dB.mean": 0.05235988274216652, "lowlevel.silence_rate_60dB.stdev": 0.22275209426879883, "lowlevel.spectral_centroid.mean": 1392.7874755859375, "lowlevel.spectral_centroid.stdev": 659.4494018554688, "lowlevel.spectral_complexity.mean": 12.44985294342041, "lowlevel.spectral_complexity.stdev": 7.18474817276001, "lowlevel.spectral_decrease.mean": -5.9281064501703895e-09, "lowlevel.spectral_decrease.stdev": 7.298353477125374e-09, "lowlevel.spectral_energy.mean": 0.02409784495830536, "lowlevel.spectral_energy.stdev": 0.028966430574655533, "lowlevel.spectral_energyband_high.mean": 0.0008247409132309258, "lowlevel.spectral_energyband_high.stdev": 0.0012403801083564758, "lowlevel.spectral_energyband_low.mean": 0.010194459930062294, "lowlevel.spectral_energyband_low.stdev": 0.018844202160835266, "lowlevel.spectral_energyband_middle_high.mean": 0.006395268719643354, "lowlevel.spectral_energyband_middle_high.stdev": 0.00992499478161335, "lowlevel.spectral_energyband_middle_low.mean": 0.009097517468035221, "lowlevel.spectral_energyband_middle_low.stdev": 0.013838622719049454, "lowlevel.spectral_entropy.mean": 7.720941543579102, "lowlevel.spectral_entropy.stdev": 0.35169339179992676, "lowlevel.spectral_flux.mean": 0.0790761336684227, "lowlevel.spectral_flux.stdev": 0.06549522280693054, "lowlevel.spectral_kurtosis.mean": 2.384532928466797, "lowlevel.spectral_kurtosis.stdev": 1.5377498865127563, "lowlevel.spectral_rms.mean": 0.004213979933410883, "lowlevel.spectral_rms.stdev": 0.002398432232439518, "lowlevel.spectral_rolloff.mean": 1547.3555908203125, "lowlevel.spectral_rolloff.stdev": 1640.770263671875, "lowlevel.spectral_skewness.mean": 1.2487033605575562, "lowlevel.spectral_skewness.stdev": 0.35286328196525574, "lowlevel.spectral_spread.mean": 5444441.0, "lowlevel.spectral_spread.stdev": 1218435.0, "lowlevel.spectral_strongpeak.mean": 1.1072381734848022, "lowlevel.spectral_strongpeak.stdev": 1.7703882455825806, "lowlevel.zerocrossingrate.mean": 0.06791502237319946, "lowlevel.zerocrossingrate.stdev": 0.0375751294195652, "metadata.audio_properties.analysis.equal_loudness": 0.0, "metadata.audio_properties.analysis.length": 31.445329666137695, "metadata.audio_properties.analysis.sample_rate": 44100.0, "metadata.audio_properties.analysis.start_time": 0.0, "metadata.audio_properties.bit_rate": 117329.0, "metadata.audio_properties.length": 31.44533348083496, "metadata.audio_properties.lossless": 0.0, "metadata.audio_properties.number_channels": 1.0, "metadata.audio_properties.replay_gain": -6.959291458129883, "metadata.audio_properties.sample_rate": 48000.0, "rhythm.beats_count": 64.0, "rhythm.beats_loudness.mean": 0.062978595495224, "rhythm.beats_loudness.stdev": 0.02135062776505947, "rhythm.bpm": 123.05577850341797, "rhythm.bpm_histogram_first_peak_bpm": 123.0, "rhythm.bpm_histogram_first_peak_weight": 0.1269841194152832, "rhythm.bpm_histogram_second_peak_bpm": 0.0, "rhythm.bpm_histogram_second_peak_spread": 0.0, "rhythm.bpm_histogram_second_peak_weight": 0.0, "rhythm.danceability": 1.6497209072113037, "rhythm.onset_rate": 4.258965492248535, "tonal.chords_changes_rate": 0.060382917523384094, "tonal.chords_number_rate": 0.01472754031419754, "tonal.chords_strength.mean": 0.5373624563217163, "tonal.chords_strength.stdev": 0.09685296565294266, "tonal.hpcp_crest.mean": 11.989891052246094, "tonal.hpcp_crest.stdev": 4.9908318519592285, "tonal.hpcp_entropy.mean": 2.1467015743255615, "tonal.hpcp_entropy.stdev": 0.6554120182991028, "tonal.key_edma.strength": 0.7078321576118469, "tonal.key_krumhansl.strength": 0.7007617950439453, "tonal.key_temperley.strength": 0.6895133852958679, "tonal.tuning_diatonic_strength": 0.6322159767150879, "tonal.tuning_equal_tempered_deviation": 0.1859622448682785, "tonal.tuning_frequency": 436.4561767578125, "tonal.tuning_nontempered_energy_ratio": 0.8912085890769958, "lowlevel.barkbands.mean": [0.0002490786137059331, 0.004908841103315353, 0.002909088507294655, 0.0037665010895580053, 0.0019256665837019682, 0.00048494909424334764, 0.0002386931300861761, 0.00115923339035362, 0.000971241679508239, 0.001456230180338025, 0.0008626103517599404, 0.0007132327300496399, 0.0007738193962723017, 0.0009545264765620232, 0.0005752132856287062, 0.0003446041082497686, 0.0003889251092914492, 0.0001526654523331672, 0.00036151226959191263, 0.00012041589798172936, 0.00014548904437106103, 0.0002531324571464211, 0.00018115444981958717, 0.00012239623174536973, 5.8796889788936824e-05, 1.96257205971051e-05, 2.06267017688333e-07], "lowlevel.barkbands.stdev": [0.0007790909730829298, 0.014672631397843361, 0.003925820346921682, 0.009975516237318516, 0.0030444737058132887, 0.0010011728154495358, 0.0008648936054669321, 0.0032027969136834145, 0.0032885463442653418, 0.004777783993631601, 0.0028148749843239784, 0.002962080528959632, 0.0033872274216264486, 0.0025299079716205597, 0.00165376637596637, 0.0009274558979086578, 0.0008510402403771877, 0.00028906131046824157, 0.000841981265693903, 0.0002478400128893554, 0.0002443954290356487, 0.00039719720371067524, 0.0003262145910412073, 0.00023700430756434798, 9.68001622823067e-05, 3.406052564969286e-05, 8.350702387360798e-07], "lowlevel.erbbands.mean": [0.1699569672346115, 1.0014464855194092, 2.9467740058898926, 9.174517631530762, 9.287819862365723, 5.425268650054932, 5.343592643737793, 3.5347800254821777, 2.9492080211639404, 10.5824613571167, 28.577463150024414, 24.153507232666016, 33.222572326660156, 45.74994659423828, 37.12476348876953, 34.305152893066406, 41.09437561035156, 47.434329986572266, 35.60838317871094, 23.088905334472656, 18.66849708557129, 18.80406951904297, 10.419427871704102, 11.17104721069336, 18.525894165039062, 5.81947660446167, 4.5915374755859375, 7.244112014770508, 9.27576732635498, 7.319005966186523, 4.580399513244629, 2.9216971397399902, 1.857038974761963, 0.8623675107955933, 0.31592750549316406, 0.11850204318761826, 0.028282882645726204, 0.0033355234190821648, 8.309102850034833e-05, 3.282652687630616e-05], "lowlevel.erbbands.stdev": [0.5161489248275757, 2.9898622035980225, 4.6363844871521, 20.404449462890625, 18.864294052124023, 8.960153579711914, 10.926594734191895, 6.767667770385742, 9.724080085754395, 32.5999755859375, 91.52787017822266, 83.50137329101562, 122.54306030273438, 176.46246337890625, 130.14981079101562, 130.2137908935547, 173.2732696533203, 127.73949432373047, 91.9643783569336, 53.16607666015625, 44.853641510009766, 37.63889694213867, 16.93942642211914, 23.697317123413086, 51.112709045410156, 10.988916397094727, 8.960489273071289, 11.325161933898926, 15.358301162719727, 12.092966079711914, 8.372013092041016, 5.744040489196777, 3.5504491329193115, 1.424033284187317, 0.5858479142189026, 0.21087685227394104, 0.050393957644701004, 0.007523400243371725, 0.0001544757396914065, 3.775876393774524e-05], "lowlevel.gfcc.mean": [-13.469622611999512, 80.2847900390625, -111.76638793945312, 53.098876953125, -56.65782928466797, 36.39860916137695, -41.071434020996094, 5.746551990509033, -26.536680221557617, -3.3442227840423584, -21.964859008789062, -5.5495686531066895, -15.191739082336426], "lowlevel.melbands.mean": [0.001421275082975626, 0.0015095989219844341, 0.001581296673975885, 0.0004901192151010036, 0.00020223176397848874, 7.981427916092798e-05, 4.4524796976475045e-05, 0.00013182741531636566, 0.0002536787069402635, 0.00013545536785386503, 0.00015852914657443762, 0.00018113554688170552, 0.00012021187285427004, 8.432511822320521e-05, 9.782353299669921e-05, 7.283917511813343e-05, 9.257982310373336e-05, 5.749882257077843e-05, 4.096068732906133e-05, 2.9027543860138394e-05, 2.0683468392235227e-05, 2.112575930368621e-05, 1.5686804545111954e-05, 5.391431386669865e-06, 8.985517524706665e-06, 1.468499431211967e-05, 9.026834050018806e-06, 2.7834648790303618e-06, 2.4721293812035583e-06, 3.6870778785669245e-06, 4.370936039777007e-06, 5.551576123252744e-06, 4.548096057988005e-06, 3.933579591830494e-06, 2.7553764994081575e-06, 2.034676299444982e-06, 1.7045299500750843e-06, 1.4131545640339027e-06, 9.343052624899428e-07, 6.600372444154345e-07], "lowlevel.melbands.stdev": [0.0042703282088041306, 0.002756908070296049, 0.0033775330521166325, 0.0008245827630162239, 0.0003620990610215813, 0.00015405900194309652, 0.00015817511302884668, 0.000403059646487236, 0.0008391850860789418, 0.0004733093664981425, 0.0006143657956272364, 0.0007357903523370624, 0.00039980991277843714, 0.00032353002461604774, 0.0003110094985459, 0.0003336507943458855, 0.00025251181796193123, 0.0001577695074956864, 0.00011689435632433742, 7.601577817695215e-05, 5.067413439974189e-05, 4.963849642081186e-05, 3.017010931216646e-05, 8.270533726317808e-06, 2.2424592316383496e-05, 3.531257971189916e-05, 2.5172232199111022e-05, 6.505051260319306e-06, 5.860210421815282e-06, 7.096299668774009e-06, 6.837742603238439e-06, 9.590867193765007e-06, 7.57858788347221e-06, 7.049175565043697e-06, 5.2905747907061595e-06, 3.830336936516687e-06, 3.5444450077193324e-06, 2.7998542009299854e-06, 1.641554831621761e-06, 1.1086119684478035e-06], "lowlevel.melbands128.mean": [0.00023482779215555638, 0.0013974133180454373, 0.0019070912385359406, 0.0015159689355641603, 0.0013490908313542604, 0.0014941331464797258, 0.001986071467399597, 0.0017338409088551998, 0.0008614007965661585, 0.00038797323941253126, 0.0002525871095713228, 0.0002702491474337876, 0.00018134943093173206, 0.00013515178579837084, 8.901459659682587e-05, 4.345917477621697e-05, 3.5583107091952115e-05, 4.79818154417444e-05, 4.7917190386215225e-05, 0.00011573327356018126, 0.00018448784248903394, 0.0001477227488067001, 0.00035299803130328655, 0.0002216848370153457, 0.00017289447714574635, 6.153210415504873e-05, 0.00012052700185449794, 0.00024149347154889256, 9.205150854540989e-05, 0.00019807364151347429, 0.00024089874932542443, 8.163193706423044e-05, 0.00011851597810164094, 0.00015773689665365964, 5.81620006414596e-05, 6.258740904740989e-05, 0.00012571403931360692, 6.181707431096584e-05, 0.0001235541858477518, 0.00010736725380411372, 3.364570511621423e-05, 6.348082388285547e-05, 0.00010672952339518815, 0.00011332774010952562, 5.762742875958793e-05, 3.67103966709692e-05, 6.944795313756913e-05, 5.113177394377999e-05, 2.197001776949037e-05, 2.4134846171364188e-05, 3.594397639972158e-05, 2.9780607292195782e-05, 1.2108606824767776e-05, 1.676424653851427e-05, 3.7173253076616675e-05, 1.7140897398348898e-05, 1.1728201570804231e-05, 2.442052027618047e-05, 1.4410173207579646e-05, 5.266553671390284e-06, 5.286980467644753e-06, 4.3779950829048175e-06, 6.469885647675255e-06, 1.108862579712877e-05, 1.1263614396739285e-05, 1.4161916624289006e-05, 1.8606979210744612e-05, 1.3796303392155096e-05, 5.611005235550692e-06, 4.159001491643721e-06, 2.236209638795117e-06, 2.4130251858878182e-06, 2.666714181032148e-06, 2.351660668864497e-06, 2.3913437416922534e-06, 3.5585251225711545e-06, 4.615470061253291e-06, 3.508909912852687e-06, 4.266988526069326e-06, 5.127511485625291e-06, 5.9724320635723416e-06, 5.777851583843585e-06, 4.465737220016308e-06, 4.910348707198864e-06, 3.939774160244269e-06, 4.09040876547806e-06, 3.997412932221778e-06, 3.506590246615815e-06, 2.640165803313721e-06, 2.312706783413887e-06, 2.127837433363311e-06, 2.0517818484222516e-06, 1.6198912362597184e-06, 1.785296944945003e-06, 1.6604054735580576e-06, 1.615968926671485e-06, 1.3310390158949303e-06, 1.186544409392809e-06, 9.569566827849485e-07, 7.943190212245099e-07, 7.503819006160484e-07, 6.805852308389149e-07, 4.958907311447547e-07, 4.2119643239857396e-07, 3.140720821193099e-07, 2.6849204459722387e-07, 3.022631744897808e-07, 2.5748519760782074e-07, 1.8660857392660546e-07, 1.7555244369305e-07, 1.1530682542115755e-07, 9.170837245164876e-08, 8.171647181143271e-08, 7.373417787448489e-08, 6.428444976336323e-08, 3.662561454120805e-08, 9.419404811694676e-09, 5.98849636546106e-10, 3.5087713984305324e-12, 3.078126729200159e-12, 2.9884361044812957e-12, 2.93116702784757e-12, 2.8798196466395254e-12, 2.8152610451193105e-12, 2.6868934594609373e-12, 2.487948866022882e-12, 2.377561038671705e-12, 2.351329200789287e-12], "lowlevel.melbands128.stdev": [0.0007451639976352453, 0.004341150633990765, 0.00601582694798708, 0.004754509311169386, 0.0028182449750602245, 0.0019538842607289553, 0.004576787818223238, 0.004654891788959503, 0.0017177462577819824, 0.0007078280905261636, 0.0004963334067724645, 0.0004886388196609914, 0.00048153375973924994, 0.00030128148500807583, 0.0001839360484154895, 0.00013658474199473858, 0.0001233207294717431, 0.00023840377980377525, 0.00023586901079397649, 0.0004372025723569095, 0.0006741823744960129, 0.0004682954167947173, 0.0014950643526390195, 0.0008975036325864494, 0.0009181908098980784, 0.00036636946606449783, 0.0005974671221338212, 0.0011270634131506085, 0.00042104636668227613, 0.001005541649647057, 0.0011393293971195817, 0.0004240335838403553, 0.0005029152380302548, 0.0008180235745385289, 0.0004349372466094792, 0.00036866182927042246, 0.0006917917053215206, 0.00029266290948726237, 0.0004786601639352739, 0.0007676708046346903, 0.00026320372126065195, 0.00029671526863239706, 0.00041888857958838344, 0.0003936485154554248, 0.00025299127446487546, 0.00020832342852372676, 0.00028359590214677155, 0.00020707653311546892, 9.928280633175746e-05, 9.08475776668638e-05, 0.00012136455188738182, 9.789798787096515e-05, 5.583648453466594e-05, 4.470200292416848e-05, 0.00012141781917307526, 5.999572022119537e-05, 2.897962804127019e-05, 5.833518298459239e-05, 4.1405826777918264e-05, 1.2064367183484137e-05, 9.651582331571262e-06, 9.464506547374185e-06, 1.5481393347727135e-05, 4.3972198909614235e-05, 2.9794311558362097e-05, 3.808965993812308e-05, 8.103872096398845e-05, 4.941482620779425e-05, 1.2482862985052634e-05, 8.914647878555115e-06, 5.289604359859368e-06, 8.92081607162254e-06, 9.546195542498026e-06, 5.535674972634297e-06, 5.2228569984436035e-06, 7.445662504323991e-06, 1.0631317309162114e-05, 6.382098945323378e-06, 7.852606358937919e-06, 8.963525033323094e-06, 1.173361306427978e-05, 1.1175731742696371e-05, 9.500308806309476e-06, 9.126666554948315e-06, 6.8494246079353616e-06, 7.732045560260303e-06, 8.466047802357934e-06, 7.654163709958084e-06, 5.614509518636623e-06, 4.548927790892776e-06, 4.312884357204894e-06, 4.145618277107133e-06, 3.491829374979716e-06, 4.373307092464529e-06, 3.4516713185439585e-06, 3.3046662792912684e-06, 3.093650548180449e-06, 2.5120955342572415e-06, 1.919009946504957e-06, 1.3032459946771269e-06, 1.3606731954496354e-06, 1.2471672334868344e-06, 9.338008908343909e-07, 9.913153462548507e-07, 7.301632649614476e-07, 4.938379447594343e-07, 5.798098072773428e-07, 4.902670980300172e-07, 3.7196826951912954e-07, 3.7341982306315913e-07, 2.3802725479526998e-07, 1.8553258485098922e-07, 1.664855062699644e-07, 1.7502313198747288e-07, 1.706590211369985e-07, 1.0254784399421624e-07, 3.4163377904405934e-08, 4.035273892810665e-09, 1.2899832244062104e-11, 5.406975648464263e-12, 5.266354626692893e-12, 5.1405030405959895e-12, 5.026782809447461e-12, 4.936133533167686e-12, 4.858990380190997e-12, 4.795667769147416e-12, 4.751463111851706e-12, 4.724286066515315e-12], "lowlevel.mfcc.mean": [-652.6342163085938, 97.01122283935547, 12.384234428405762, 21.57012367248535, 15.377114295959473, 23.142698287963867, 2.62223482131958, 9.971734046936035, -0.5228796601295471, 1.9024417400360107, 1.253166675567627, -6.595242023468018, -5.1252875328063965], "lowlevel.spectral_contrast_coeffs.mean": [-0.7095470428466797, -0.7544695734977722, -0.7555779814720154, -0.7744488716125488, -0.7850937843322754, -0.7547640204429626], "lowlevel.spectral_contrast_coeffs.stdev": [0.06489308923482895, 0.08329986780881882, 0.0914926528930664, 0.07158753275871277, 0.061401303857564926, 0.04255813732743263], "lowlevel.spectral_contrast_valleys.mean": [-6.661884784698486, -7.485546588897705, -7.916534900665283, -7.818829536437988, -7.851600646972656, -9.974932670593262], "lowlevel.spectral_contrast_valleys.stdev": [0.5788596868515015, 0.6675502061843872, 0.6711508631706238, 0.6162176132202148, 0.6342236399650574, 0.6850913166999817], "rhythm.beats_loudness_band_ratio.mean": [0.666508674621582, 0.04872110113501549, 0.0853666439652443, 0.11300716549158096, 0.05746026709675789, 0.05220656469464302], "rhythm.beats_loudness_band_ratio.stdev": [0.18765470385551453, 0.058224089443683624, 0.10472212731838226, 0.14839719235897064, 0.05893069878220558, 0.040228936821222305], "tonal.hpcp.mean": [0.24435889720916748, 0.22745656967163086, 0.10738680511713028, 0.11494160443544388, 0.09995899349451065, 0.056793663650751114, 0.0916883796453476, 0.09909684956073761, 0.11939820647239685, 0.29740384221076965, 0.2736395597457886, 0.07890089601278305, 0.029680190607905388, 0.023264894261956215, 0.03564831614494324, 0.10098505020141602, 0.15391413867473602, 0.14111357927322388, 0.10563920438289642, 0.08660668134689331, 0.1041562557220459, 0.1659391075372696, 0.15329493582248688, 0.0945044532418251, 0.15036214888095856, 0.12575432658195496, 0.03788863122463226, 0.03564450144767761, 0.04958641901612282, 0.0757417380809784, 0.20221403241157532, 0.21296723186969757, 0.08743734657764435, 0.05291545391082764, 0.04917018860578537, 0.10539171099662781], "tonal.hpcp.stdev": [0.3615783751010895, 0.3154734969139099, 0.2116425335407257, 0.2548360526561737, 0.25651007890701294, 0.1534971445798874, 0.2302209883928299, 0.2300841361284256, 0.1842973232269287, 0.3547653257846832, 0.32337841391563416, 0.1651465743780136, 0.1001744195818901, 0.0928945317864418, 0.11365779489278793, 0.2020595669746399, 0.2784145474433899, 0.26306021213531494, 0.24088457226753235, 0.21570050716400146, 0.22051359713077545, 0.23611080646514893, 0.22496643662452698, 0.18834668397903442, 0.2839883863925934, 0.24720212817192078, 0.08859243243932724, 0.09562184661626816, 0.14885780215263367, 0.17089328169822693, 0.29771631956100464, 0.30144932866096497, 0.188706174492836, 0.1466202735900879, 0.13775372505187988, 0.19033706188201904], "rhythm.beats_position": [0.5340589284896851, 1.0216779708862305, 1.5092970132827759, 1.9969160556793213, 2.4845352172851562, 2.972154140472412, 3.459773063659668, 3.9590022563934326, 4.458230972290039, 4.945850372314453, 5.433469295501709, 5.921088218688965, 6.408707141876221, 6.896326541900635, 7.383945465087891, 7.8715643882751465, 8.359183311462402, 8.835192680358887, 9.311202049255371, 9.798820495605469, 10.286439895629883, 10.77405834197998, 11.261677742004395, 11.749297142028809, 12.236915588378906, 12.72453498840332, 13.212154388427734, 13.688162803649902, 14.164172172546387, 14.6517915725708, 15.139410018920898, 15.627029418945312, 16.114648818969727, 16.60226821899414, 17.089885711669922, 17.577505111694336, 18.06512451171875, 18.552743911743164, 19.040363311767578, 19.52798080444336, 20.015600204467773, 20.503219604492188, 20.9908390045166, 21.478458404541016, 21.966075897216797, 22.45369529724121, 22.941314697265625, 23.42893409729004, 23.916553497314453, 24.404170989990234, 24.89179039001465, 25.379409790039062, 25.867029190063477, 26.35464859008789, 26.8538761138916, 27.341495513916016, 27.84072494506836, 28.328344345092773, 28.815963745117188, 29.3035831451416, 29.791200637817383, 30.278820037841797, 30.76643943786621, 31.254058837890625], "rhythm.bpm_histogram": [0.0, 0.0, 0.0, 0.0, 0.0, 0.0, 0.0, 0.0, 0.0, 0.0, 0.0, 0.0, 0.0, 0.0, 0.0, 0.0, 0.0, 0.0, 0.0, 0.0, 0.0, 0.0, 0.0, 0.0, 0.0, 0.0, 0.0, 0.0, 0.0, 0.0, 0.0, 0.0, 0.0, 0.0, 0.0, 0.0, 0.0, 0.0, 0.0, 0.0, 0.0, 0.0, 0.0, 0.0, 0.0, 0.0, 0.0, 0.0, 0.0, 0.0, 0.0, 0.0, 0.0, 0.0, 0.0, 0.0, 0.0, 0.0, 0.0, 0.0, 0.0, 0.0, 0.0, 0.0, 0.0, 0.0, 0.0, 0.0, 0.0, 0.0, 0.0, 0.0, 0.0, 0.0, 0.0, 0.0, 0.0, 0.0, 0.0, 0.0, 0.0, 0.0, 0.0, 0.0, 0.0, 0.0, 0.0, 0.0, 0.0, 0.0, 0.0, 0.0, 0.0, 0.0, 0.0, 0.0, 0.0, 0.0, 0.0, 0.0, 0.0, 0.0, 0.0, 0.0, 0.0, 0.0, 0.0, 0.0, 0.0, 0.0, 0.0, 0.0, 0.0, 0.0, 0.0, 0.0, 0.0, 0.0, 0.0, 0.0, 0.0634920671582222, 0.0, 0.0, 0.8730158805847168, 0.0, 0.0, 0.0634920671582222, 0.0, 0.0, 0.0, 0.0, 0.0, 0.0, 0.0, 0.0, 0.0, 0.0, 0.0, 0.0, 0.0, 0.0, 0.0, 0.0, 0.0, 0.0, 0.0, 0.0, 0.0, 0.0, 0.0, 0.0, 0.0, 0.0, 0.0, 0.0, 0.0, 0.0, 0.0, 0.0, 0.0, 0.0, 0.0, 0.0, 0.0, 0.0, 0.0, 0.0, 0.0, 0.0, 0.0, 0.0, 0.0, 0.0, 0.0, 0.0, 0.0, 0.0, 0.0, 0.0, 0.0, 0.0, 0.0, 0.0, 0.0, 0.0, 0.0, 0.0, 0.0, 0.0, 0.0, 0.0, 0.0, 0.0, 0.0, 0.0, 0.0, 0.0, 0.0, 0.0, 0.0, 0.0, 0.0, 0.0, 0.0, 0.0, 0.0, 0.0, 0.0, 0.0, 0.0, 0.0, 0.0, 0.0, 0.0, 0.0, 0.0, 0.0, 0.0, 0.0, 0.0, 0.0, 0.0, 0.0, 0.0, 0.0, 0.0, 0.0, 0.0, 0.0, 0.0, 0.0, 0.0, 0.0, 0.0, 0.0, 0.0, 0.0, 0.0, 0.0, 0.0, 0.0, 0.0, 0.0, 0.0, 0.0, 0.0, 0.0, 0.0, 0.0, 0.0], "tonal.chords_histogram": [13.696612358093262, 27.835052490234375, 34.609718322753906, 3.0927834510803223, 8.983799934387207, 0.0, 2.2091310024261475, 0.0, 1.914580225944519, 0.0, 0.4418262243270874, 0.0, 0.0, 0.0, 0.0, 0.0, 0.0, 3.3873343467712402, 0.0, 0.8836524486541748, 0.0, 0.0, 1.7673048973083496, 1.1782032251358032], "tonal.thpcp": [1.0, 0.9200942516326904, 0.26529884338378906, 0.09979760646820068, 0.07822661101818085, 0.11986501514911652, 0.3395552933216095, 0.5175257325172424, 0.47448471188545227, 0.35520458221435547, 0.29120901226997375, 0.350218266248703, 0.5579588413238525, 0.5154436826705933, 0.3177647292613983, 0.5055823922157288, 0.42284029722213745, 0.12739792466163635, 0.11985218524932861, 0.16673092544078827, 0.2546764016151428, 0.6799308061599731, 0.7160876989364624, 0.29400208592414856, 0.17792457342147827, 0.1653313785791397, 0.35437238216400146, 0.8216400146484375, 0.7648071050643921, 0.36108076572418213, 0.38648325204849243, 0.33610525727272034, 0.19096478819847107, 0.308295875787735, 0.3332063555717468, 0.40146827697753906], "lowlevel.gfcc.cov": [[4181.0625, -316.7277526855469, -352.6822814941406, -300.4309387207031, 35.12092208862305, -73.5298080444336, 223.97509765625, 177.55006408691406, 10.72960090637207, 69.6495590209961, -148.08663940429688, 2.99491024017334, -253.15272521972656], [-316.7277526855469, 704.5941162109375, -162.9017791748047, -130.7652587890625, 59.269832611083984, -10.633413314819336, 70.63478088378906, -13.077439308166504, 23.81470489501953, -74.8671646118164, 95.44282531738281, -65.11824798583984, 76.24490356445312], [-352.6822814941406, -162.9017791748047, 554.178955078125, 186.36505126953125, -8.910539627075195, 21.950923919677734, -69.6843490600586, -40.59925079345703, -24.489492416381836, 75.41792297363281, 7.474145889282227, 65.88104248046875, -3.4204444885253906], [-300.4309387207031, -130.7652587890625, 186.36505126953125, 333.2847595214844, 23.875192642211914, -43.82781219482422, -145.77174377441406, -51.13761520385742, 26.148540496826172, 20.063846588134766, -0.918524444103241, -0.25784987211227417, 44.214988708496094], [35.12092208862305, 59.269832611083984, -8.910539627075195, 23.875192642211914, 197.23187255859375, 23.38956642150879, 3.092911720275879, 39.95656204223633, 58.852813720703125, 20.462663650512695, -5.889260292053223, -3.7502403259277344, 6.429535388946533], [-73.5298080444336, -10.633413314819336, 21.950923919677734, -43.82781219482422, 23.38956642150879, 161.3297576904297, 104.49564361572266, -5.512599945068359, -25.351882934570312, -4.102541446685791, 6.882421016693115, 0.41032105684280396, -7.597323894500732], [223.97509765625, 70.63478088378906, -69.6843490600586, -145.77174377441406, 3.092911720275879, 104.49564361572266, 254.4713592529297, 71.45309448242188, -35.620174407958984, -24.924922943115234, 17.437437057495117, 12.559465408325195, -30.905107498168945], [177.55006408691406, -13.077439308166504, -40.59925079345703, -51.13761520385742, 39.95656204223633, -5.512599945068359, 71.45309448242188, 145.3258819580078, 63.36654281616211, 8.904879570007324, -5.678220272064209, 10.740912437438965, -10.346050262451172], [10.72960090637207, 23.81470489501953, -24.489492416381836, 26.148540496826172, 58.852813720703125, -25.351882934570312, -35.620174407958984, 63.36654281616211, 135.69798278808594, 42.71031951904297, -18.36835479736328, -26.307472229003906, 6.531299591064453], [69.6495590209961, -74.8671646118164, 75.41792297363281, 20.063846588134766, 20.462663650512695, -4.102541446685791, -24.924922943115234, 8.904879570007324, 42.71031951904297, 97.06703186035156, 11.620044708251953, 9.487005233764648, -27.968524932861328], [-148.08663940429688, 95.44282531738281, 7.474145889282227, -0.918524444103241, -5.889260292053223, 6.882421016693115, 17.437437057495117, -5.678220272064209, -18.36835479736328, 11.620044708251953, 95.1377944946289, 23.902055740356445, 8.001853942871094], [2.99491024017334, -65.11824798583984, 65.88104248046875, -0.25784987211227417, -3.7502403259277344, 0.41032105684280396, 12.559465408325195, 10.740912437438965, -26.307472229003906, 9.487005233764648, 23.902055740356445, 94.6212387084961, 19.07398796081543], [-253.15272521972656, 76.24490356445312, -3.4204444885253906, 44.214988708496094, 6.429535388946533, -7.597323894500732, -30.905107498168945, -10.346050262451172, 6.531299591064453, -27.968524932861328, 8.001853942871094, 19.07398796081543, 99.06541442871094]], "lowlevel.gfcc.icov": [[0.00037110623088665307, 2.782478532026289e-06, 0.0002913377829827368, -2.5205117708537728e-05, -9.883656457532197e-05, 0.00037117127794772387, -0.00031308867619372904, -0.00016654735372867435, 0.0002697441086638719, -0.0004644003347493708, 0.0007035965099930763, -0.0003655692271422595, 0.0007519677747040987], [2.782478532026289e-06, 0.004241313319653273, -0.0009319314267486334, 0.0027004359290003777, -0.001996075501665473, 0.0025745995808392763, -0.002077604178339243, 0.0029571333434432745, -0.00288281193934381, 0.0036134456750005484, -0.005708543583750725, 0.004447260405868292, -0.0036918872501701117], [0.0002913377829827368, -0.0009319314267486334, 0.0034888654481619596, -0.0023825562093406916, 0.0007479162304662168, -0.001360321999527514, 0.0005978708504699171, -0.0010834017302840948, 0.002062423387542367, -0.0034843541216105223, 0.0025067583192139864, -0.003088133642449975, 0.0018385091098025441], [-2.5205117708537728e-05, 0.0027004359290003777, -0.0023825562093406916, 0.006996850483119488, -0.0019855289719998837, 0.0019902086351066828, 0.0006526432698592544, 0.0026169554330408573, -0.0026845417451113462, 0.003115006722509861, -0.004266090225428343, 0.0038783804047852755, -0.003935204818844795], [-9.883656457532197e-05, -0.001996075501665473, 0.0007479162304662168, -0.0019855289719998837, 0.007262063212692738, -0.0030587574001401663, 0.0013391441898420453, -0.002386012114584446, -0.000966787978541106, -0.001962216105312109, 0.0026202667504549026, -0.0025274017825722694, 0.0014431216986849904], [0.00037117127794772387, 0.0025745995808392763, -0.001360321999527514, 0.0019902086351066828, -0.0030587574001401663, 0.012206227518618107, -0.007056779228150845, 0.004943961277604103, -0.0015618623001500964, 0.0011622741585597396, -0.002471200656145811, 0.00350402295589447, -0.0025627457071095705], [-0.00031308867619372904, -0.002077604178339243, 0.0005978708504699171, 0.0006526432698592544, 0.0013391441898420453, -0.007056779228150845, 0.011128278449177742, -0.007021390367299318, 0.004303083289414644, -9.30752867134288e-05, 0.0008034915081225336, -0.0019604461267590523, 0.0026411470025777817], [-0.00016654735372867435, 0.0029571333434432745, -0.0010834017302840948, 0.0026169554330408573, -0.002386012114584446, 0.004943961277604103, -0.007021390367299318, 0.016556967049837112, -0.011002520099282265, 0.0050929212011396885, -0.0038336249999701977, -0.0006122556515038013, -0.001243439968675375], [0.0002697441086638719, -0.00288281193934381, 0.002062423387542367, -0.0026845417451113462, -0.000966787978541106, -0.0015618623001500964, 0.004303083289414644, -0.011002520099282265, 0.020205873996019363, -0.01150740496814251, 0.006493345368653536, 0.0026023758109658957, -0.0012927824864163995], [-0.0004644003347493708, 0.0036134456750005484, -0.0034843541216105223, 0.003115006722509861, -0.001962216105312109, 0.0011622741585597396, -9.30752867134288e-05, 0.0050929212011396885, -0.01150740496814251, 0.0224309079349041, -0.009287134744226933, 0.0005863848491571844, 0.0029696510173380375], [0.0007035965099930763, -0.005708543583750725, 0.0025067583192139864, -0.004266090225428343, 0.0026202667504549026, -0.002471200656145811, 0.0008034915081225336, -0.0038336249999701977, 0.006493345368653536, -0.009287134744226933, 0.02127947472035885, -0.008831806480884552, 0.00460439920425415], [-0.0003655692271422595, 0.004447260405868292, -0.003088133642449975, 0.0038783804047852755, -0.0025274017825722694, 0.00350402295589447, -0.0019604461267590523, -0.0006122556515038013, 0.0026023758109658957, 0.0005863848491571844, -0.008831806480884552, 0.020876770839095116, -0.009749630466103554], [0.0007519677747040987, -0.0036918872501701117, 0.0018385091098025441, -0.003935204818844795, 0.0014431216986849904, -0.0025627457071095705, 0.0026411470025777817, -0.001243439968675375, -0.0012927824864163995, 0.0029696510173380375, 0.00460439920425415, -0.009749630466103554, 0.019510000944137573]], "lowlevel.mfcc.cov": [[3620.565673828125, -165.0618438720703, -470.0730285644531, -109.93244934082031, -198.47689819335938, -119.33534240722656, 5.111424922943115, 113.3912582397461, 67.55729675292969, 61.43272018432617, 214.6675262451172, -39.14556884765625, -59.52190399169922], [-165.0618438720703, 670.0310668945312, -175.17506408691406, -132.23184204101562, -43.74737548828125, -31.392608642578125, 85.44822692871094, 49.85348892211914, -2.759981155395508, 13.028812408447266, 28.913543701171875, -9.672719955444336, 10.407791137695312], [-470.0730285644531, -175.17506408691406, 484.5014343261719, 128.03492736816406, 27.118900299072266, 55.26268005371094, -0.8679307103157043, -75.40902709960938, -43.96109390258789, -45.26113510131836, -72.79087829589844, 67.8369140625, 26.79775047302246], [-109.93244934082031, -132.23184204101562, 128.03492736816406, 249.51023864746094, 122.34362030029297, -18.122949600219727, -82.91851806640625, -62.10050582885742, 6.094036102294922, -8.442955017089844, -41.38014221191406, 10.528681755065918, 27.173030853271484], [-198.47689819335938, -43.74737548828125, 27.118900299072266, 122.34362030029297, 247.8842315673828, 9.822964668273926, -99.72603607177734, -57.38108825683594, 34.77998352050781, 31.257740020751953, -12.979950904846191, -7.352931976318359, 12.565834999084473], [-119.33534240722656, -31.392608642578125, 55.26268005371094, -18.122949600219727, 9.822964668273926, 149.570068359375, 54.45000457763672, -9.543397903442383, -7.94554328918457, -4.332104682922363, -2.988353967666626, 6.229421615600586, -14.086241722106934], [5.111424922943115, 85.44822692871094, -0.8679307103157043, -82.91851806640625, -99.72603607177734, 54.45000457763672, 189.17840576171875, 84.68453216552734, -19.7454776763916, -22.211204528808594, 16.6506404876709, 16.26201057434082, 5.0601487159729], [113.3912582397461, 49.85348892211914, -75.40902709960938, -62.10050582885742, -57.38108825683594, -9.543397903442383, 84.68453216552734, 137.400390625, 41.989158630371094, -3.80535888671875, 23.336973190307617, 0.020493870601058006, 9.594128608703613], [67.55729675292969, -2.759981155395508, -43.96109390258789, 6.094036102294922, 34.77998352050781, -7.94554328918457, -19.7454776763916, 41.989158630371094, 113.18183898925781, 48.762939453125, 3.8216021060943604, -8.809714317321777, 2.6256139278411865], [61.43272018432617, 13.028812408447266, -45.26113510131836, -8.442955017089844, 31.257740020751953, -4.332104682922363, -22.211204528808594, -3.80535888671875, 48.762939453125, 103.81472778320312, 47.726829528808594, -8.144020080566406, -8.48599624633789], [214.6675262451172, 28.913543701171875, -72.79087829589844, -41.38014221191406, -12.979950904846191, -2.988353967666626, 16.6506404876709, 23.336973190307617, 3.8216021060943604, 47.726829528808594, 118.1821517944336, 23.5052490234375, -9.4271240234375], [-39.14556884765625, -9.672719955444336, 67.8369140625, 10.528681755065918, -7.352931976318359, 6.229421615600586, 16.26201057434082, 0.020493870601058006, -8.809714317321777, -8.144020080566406, 23.5052490234375, 77.11006927490234, 32.4581298828125], [-59.52190399169922, 10.407791137695312, 26.79775047302246, 27.173030853271484, 12.565834999084473, -14.086241722106934, 5.0601487159729, 9.594128608703613, 2.6256139278411865, -8.48599624633789, -9.4271240234375, 32.4581298828125, 78.39952850341797]], "lowlevel.mfcc.icov": [[0.00039438146632164717, 0.00021044783352408558, 0.0003407004114706069, -0.00015451700892299414, 0.0003752633056137711, 0.0001902809162857011, -4.768688449985348e-05, 0.0001401463960064575, -0.00033114515827037394, 0.00026600336423143744, -0.0007115384214557707, 0.00016209451132453978, 5.576580224442296e-05], [0.00021044783352408558, 0.002041336614638567, 0.0007526264525949955, 0.0007636490045115352, -0.00029723753686994314, 0.0008945896988734603, -0.0012903440510854125, 0.0006558632012456656, -0.00010552346066106111, -5.339804192772135e-05, -0.00010922928049694747, -3.940939495805651e-05, -0.0004208213649690151], [0.0003407004114706069, 0.0007526264525949955, 0.004085110034793615, -0.0014686384238302708, 0.0005660876049660146, -0.0005879939999431372, -0.0009561089100316167, 0.0012741993414238095, 0.0004029214906040579, -0.00036148910294286907, 0.0020669191144406796, -0.0037528385873883963, 0.0007304700557142496], [-0.00015451700892299414, 0.0007636490045115352, -0.0014686384238302708, 0.007435189094394445, -0.0030421405099332333, 0.0014757468597963452, 0.0003347364836372435, 0.001235776231624186, -0.0005722260684706271, 0.0009144587093032897, 0.0006528449011966586, 0.00034484948264434934, -0.001659919274970889], [0.0003752633056137711, -0.00029723753686994314, 0.0005660876049660146, -0.0030421405099332333, 0.007435169070959091, -0.0020701768808066845, 0.002779372502118349, 0.0007278670091181993, -0.0016467995010316372, -0.0006544250645674765, -0.0010544861434027553, 0.0009166479576379061, -0.001168835791759193], [0.0001902809162857011, 0.0008945896988734603, -0.0005879939999431372, 0.0014757468597963452, -0.0020701768808066845, 0.009804370813071728, -0.005276048090308905, 0.003377355867996812, -0.0016091293655335903, 0.0007419859757646918, -0.0003844665770884603, -0.00013205914001446217, 0.0018784557469189167], [-4.768688449985348e-05, -0.0012903440510854125, -0.0009561089100316167, 0.0003347364836372435, 0.002779372502118349, -0.005276048090308905, 0.013209306634962559, -0.008537080138921738, 0.004220194648951292, -0.0010018475586548448, 0.00032258365536108613, -0.000915537413675338, -0.0006873467937111855], [0.0001401463960064575, 0.0006558632012456656, 0.0012741993414238095, 0.001235776231624186, 0.0007278670091181993, 0.003377355867996812, -0.008537080138921738, 0.018012214452028275, -0.009893178939819336, 0.005700963083654642, -0.003995138686150312, 0.002172171836718917, -0.0024388879537582397], [-0.00033114515827037394, -0.00010552346066106111, 0.0004029214906040579, -0.0005722260684706271, -0.0016467995010316372, -0.0016091293655335903, 0.004220194648951292, -0.009893178939819336, 0.017863048240542412, -0.009865516796708107, 0.005771264899522066, -0.002462319564074278, 0.0007836343138478696], [0.00026600336423143744, -5.339804192772135e-05, -0.00036148910294286907, 0.0009144587093032897, -0.0006544250645674765, 0.0007419859757646918, -0.0010018475586548448, 0.005700963083654642, -0.009865516796708107, 0.01905311830341816, -0.009825620800256729, 0.004770275205373764, -0.0011428339639678597], [-0.0007115384214557707, -0.00010922928049694747, 0.0020669191144406796, 0.0006528449011966586, -0.0010544861434027553, -0.0003844665770884603, 0.00032258365536108613, -0.003995138686150312, 0.005771264899522066, -0.009825620800256729, 0.018013134598731995, -0.010046899318695068, 0.0041782245971262455], [0.00016209451132453978, -3.940939495805651e-05, -0.0037528385873883963, 0.00034484948264434934, 0.0009166479576379061, -0.00013205914001446217, -0.000915537413675338, 0.002172171836718917, -0.002462319564074278, 0.004770275205373764, -0.010046899318695068, 0.02391529642045498, -0.009596283547580242], [5.576580224442296e-05, -0.0004208213649690151, 0.0007304700557142496, -0.001659919274970889, -0.001168835791759193, 0.0018784557469189167, -0.0006873467937111855, -0.0024388879537582397, 0.0007836343138478696, -0.0011428339639678597, 0.0041782245971262455, -0.009596283547580242, 0.018372107297182083]], "metadata.audio_properties.analysis.downmix": "mix", "metadata.audio_properties.codec": "mp3", "metadata.audio_properties.md5_encoded": "26819de9807c38a6d4e8b080ac4b6977", "metadata.tags.file_name": "1182269168133885952.mp3", "metadata.version.essentia": "2.1-beta6-dev", "metadata.version.essentia_git_sha": "v2.1_beta5-1110-g77a6a954", "metadata.version.extractor": "music 2.0", "tonal.chords_key": "C", "tonal.chords_scale": "major", "tonal.key_edma.key": "F", "tonal.key_edma.scale": "major", "tonal.key_krumhansl.key": "F", "tonal.key_krumhansl.scale": "major", "tonal.key_temperley.key": "F", "tonal.key_