{"song_id": "1182272412461563914", "download": "https://cdn.discordapp.com/attachments/1128313332273782784/1182272412461563914/chirp.mp4?ex=658417fc&amp", "lyrics": "verso]Car, aircraft and boat customization company, bring your project to the best company in Brazil.\nThe best products, best professionals.\nOversign, working for you\n[chorus] Oh Oh Oh Oh OVERSign\nOh Oh Oh Oh OVERSign", "style": ["darkwave coldwave"], "essentia_features": {"lowlevel.average_loudness": 0.23906032741069794, "lowlevel.barkbands_crest.mean": 15.29175853729248, "lowlevel.barkbands_crest.stdev": 5.001868724822998, "lowlevel.barkbands_flatness_db.mean": 0.28087225556373596, "lowlevel.barkbands_flatness_db.stdev": 0.07322584837675095, "lowlevel.barkbands_kurtosis.mean": 5.359365463256836, "lowlevel.barkbands_kurtosis.stdev": 7.191407680511475, "lowlevel.barkbands_skewness.mean": 0.6079290509223938, "lowlevel.barkbands_skewness.stdev": 1.0776925086975098, "lowlevel.barkbands_spread.mean": 7.85962438583374, "lowlevel.barkbands_spread.stdev": 7.987772464752197, "lowlevel.dissonance.mean": 0.4166938066482544, "lowlevel.dissonance.stdev": 0.05244583636522293, "lowlevel.dynamic_complexity": 6.845195293426514, "lowlevel.erbbands_crest.mean": 14.787870407104492, "lowlevel.erbbands_crest.stdev": 5.4186177253723145, "lowlevel.erbbands_flatness_db.mean": 0.3284076452255249, "lowlevel.erbbands_flatness_db.stdev": 0.07885406166315079, "lowlevel.erbbands_kurtosis.mean": 4.996066570281982, "lowlevel.erbbands_kurtosis.stdev": 6.1503448486328125, "lowlevel.erbbands_skewness.mean": 0.7797701954841614, "lowlevel.erbbands_skewness.stdev": 0.9601653814315796, "lowlevel.erbbands_spread.mean": 11.554590225219727, "lowlevel.erbbands_spread.stdev": 12.22078800201416, "lowlevel.hfc.mean": 17.296600341796875, "lowlevel.hfc.stdev": 27.60445213317871, "lowlevel.loudness_ebu128.integrated": -22.447002410888672, "lowlevel.loudness_ebu128.loudness_range": 11.760221481323242, "lowlevel.loudness_ebu128.momentary.mean": -27.138254165649414, "lowlevel.loudness_ebu128.momentary.stdev": 7.2282514572143555, "lowlevel.loudness_ebu128.short_term.mean": -24.81995964050293, "lowlevel.loudness_ebu128.short_term.stdev": 4.120384693145752, "lowlevel.melbands_crest.mean": 16.75554656982422, "lowlevel.melbands_crest.stdev": 5.467165470123291, "lowlevel.melbands_flatness_db.mean": 0.2872602939605713, "lowlevel.melbands_flatness_db.stdev": 0.06170709803700447, "lowlevel.melbands_kurtosis.mean": 5.316539287567139, "lowlevel.melbands_kurtosis.stdev": 7.483496189117432, "lowlevel.melbands_skewness.mean": 0.43091151118278503, "lowlevel.melbands_skewness.stdev": 1.2174451351165771, "lowlevel.melbands_spread.mean": 13.113158226013184, "lowlevel.melbands_spread.stdev": 8.577112197875977, "lowlevel.pitch_salience.mean": 0.5455641150474548, "lowlevel.pitch_salience.stdev": 0.12141557037830353, "lowlevel.silence_rate_20dB.mean": 1.0, "lowlevel.silence_rate_20dB.stdev": 0.0, "lowlevel.silence_rate_30dB.mean": 0.9829001426696777, "lowlevel.silence_rate_30dB.stdev": 0.1296423077583313, "lowlevel.silence_rate_60dB.mean": 0.34131327271461487, "lowlevel.silence_rate_60dB.stdev": 0.47415053844451904, "lowlevel.spectral_centroid.mean": 1278.7003173828125, "lowlevel.spectral_centroid.stdev": 295.3938903808594, "lowlevel.spectral_complexity.mean": 6.55198335647583, "lowlevel.spectral_complexity.stdev": 4.222235202789307, "lowlevel.spectral_decrease.mean": -3.4540807991589872e-09, "lowlevel.spectral_decrease.stdev": 5.489200205488487e-09, "lowlevel.spectral_energy.mean": 0.014605343341827393, "lowlevel.spectral_energy.stdev": 0.023196768015623093, "lowlevel.spectral_energyband_high.mean": 6.107264925958589e-05, "lowlevel.spectral_energyband_high.stdev": 0.00023318312014453113, "lowlevel.spectral_energyband_low.mean": 7.198083835646685e-07, "lowlevel.spectral_energyband_low.stdev": 1.4804190868744627e-06, "lowlevel.spectral_energyband_middle_high.mean": 0.013559545390307903, "lowlevel.spectral_energyband_middle_high.stdev": 0.022795865312218666, "lowlevel.spectral_energyband_middle_low.mean": 0.0009898102143779397, "lowlevel.spectral_energyband_middle_low.stdev": 0.0012614522129297256, "lowlevel.spectral_entropy.mean": 6.556458950042725, "lowlevel.spectral_entropy.stdev": 0.5612476468086243, "lowlevel.spectral_flux.mean": 0.04170263931155205, "lowlevel.spectral_flux.stdev": 0.03430585190653801, "lowlevel.spectral_kurtosis.mean": 13.477499008178711, "lowlevel.spectral_kurtosis.stdev": 7.449001789093018, "lowlevel.spectral_rms.mean": 0.003001196077093482, "lowlevel.spectral_rms.stdev": 0.002289531519636512, "lowlevel.spectral_rolloff.mean": 1481.1767578125, "lowlevel.spectral_rolloff.stdev": 727.21044921875, "lowlevel.spectral_skewness.mean": 2.589411973953247, "lowlevel.spectral_skewness.stdev": 0.7364495992660522, "lowlevel.spectral_spread.mean": 2992394.25, "lowlevel.spectral_spread.stdev": 1404276.625, "lowlevel.spectral_strongpeak.mean": 2.7335474491119385, "lowlevel.spectral_strongpeak.stdev": 2.5563347339630127, "lowlevel.zerocrossingrate.mean": 0.057305917143821716, "lowlevel.zerocrossingrate.stdev": 0.019160574302077293, "metadata.audio_properties.analysis.equal_loudness": 0.0, "metadata.audio_properties.analysis.length": 33.919979095458984, "metadata.audio_properties.analysis.sample_rate": 44100.0, "metadata.audio_properties.analysis.start_time": 0.0, "metadata.audio_properties.bit_rate": 112667.0, "metadata.audio_properties.length": 33.91999816894531, "metadata.audio_properties.lossless": 0.0, "metadata.audio_properties.number_channels": 1.0, "metadata.audio_properties.replay_gain": -5.622259140014648, "metadata.audio_properties.sample_rate": 48000.0, "rhythm.beats_count": 61.0, "rhythm.beats_loudness.mean": 0.014542751014232635, "rhythm.beats_loudness.stdev": 0.020982902497053146, "rhythm.bpm": 129.66250610351562, "rhythm.bpm_histogram_first_peak_bpm": 129.0, "rhythm.bpm_histogram_first_peak_weight": 0.3999999761581421, "rhythm.bpm_histogram_second_peak_bpm": 140.0, "rhythm.bpm_histogram_second_peak_spread": 0.307692289352417, "rhythm.bpm_histogram_second_peak_weight": 0.15000000596046448, "rhythm.danceability": 0.864730954170227, "rhythm.onset_rate": 2.26897931098938, "tonal.chords_changes_rate": 0.0450819656252861, "tonal.chords_number_rate": 0.01092896144837141, "tonal.chords_strength.mean": 0.5722200274467468, "tonal.chords_strength.stdev": 0.08379285037517548, "tonal.hpcp_crest.mean": 19.286495208740234, "tonal.hpcp_crest.stdev": 7.3886284828186035, "tonal.hpcp_entropy.mean": 1.2690415382385254, "tonal.hpcp_entropy.stdev": 0.6552608013153076, "tonal.key_edma.strength": 0.7229549288749695, "tonal.key_krumhansl.strength": 0.7110158801078796, "tonal.key_temperley.strength": 0.6893179416656494, "tonal.tuning_diatonic_strength": 0.6045560836791992, "tonal.tuning_equal_tempered_deviation": 0.0944475308060646, "tonal.tuning_frequency": 433.4413757324219, "tonal.tuning_nontempered_energy_ratio": 0.6759758591651917, "lowlevel.barkbands.mean": [1.356276158048786e-07, 2.0210410411891644e-07, 2.9369456910899316e-07, 9.311193025496323e-07, 8.665122732054442e-05, 0.000463644799310714, 6.613514415221289e-05, 5.1600494771264493e-05, 0.0003042183234356344, 0.00048777213669382036, 0.0067251925356686115, 0.0024406234733760357, 0.0012996940640732646, 0.0017178133130073547, 0.0005500068073160946, 6.443165329983458e-05, 4.5904664148110896e-05, 0.00011531380732776597, 0.00011078415263909847, 2.1533041945076548e-05, 6.568736807821551e-06, 1.8741723124549026e-06, 1.654683546803426e-05, 1.5074715520313475e-05, 7.509511760872556e-06, 4.887757768301526e-06, 1.9612821589021223e-08], "lowlevel.barkbands.stdev": [3.915619402050652e-07, 3.6548729553942394e-07, 9.26958819036372e-07, 7.836484655854292e-06, 0.000228727629291825, 0.0007559523801319301, 0.0001997929357457906, 0.0001261045690625906, 0.000865949084982276, 0.0018493423704057932, 0.0142252491787076, 0.011415114626288414, 0.002948631765320897, 0.003552556037902832, 0.0019109244458377361, 0.00020641391165554523, 0.0001239006669493392, 0.00023443938698619604, 0.00018614137661643326, 5.194641926209442e-05, 1.26785516840755e-05, 9.798346582101658e-06, 8.232751133618876e-05, 8.509021427016705e-05, 4.184639692539349e-05, 2.1984949853504077e-05, 2.163895089779544e-07], "lowlevel.erbbands.mean": [6.9289303610275965e-06, 4.999997327104211e-05, 0.00031370550277642906, 0.002225748263299465, 0.04556117206811905, 0.46348974108695984, 2.4763755798339844, 3.2327616214752197, 0.6619040966033936, 1.4656987190246582, 1.8191064596176147, 5.4051618576049805, 9.178915977478027, 120.86216735839844, 197.65586853027344, 104.1239242553711, 45.37096405029297, 79.98065948486328, 66.70726776123047, 13.720826148986816, 3.814791679382324, 3.106402635574341, 5.849823951721191, 9.143695831298828, 1.8738123178482056, 1.0956995487213135, 0.5118280053138733, 0.10077614337205887, 0.07065325975418091, 0.20928668975830078, 0.5257329344749451, 0.4176439046859741, 0.17915722727775574, 0.08137526363134384, 0.050303347408771515, 0.0267937108874321, 0.007917414419353008, 0.0007126088603399694, 2.2200507373781875e-05, 1.8618437024997547e-05], "lowlevel.erbbands.stdev": [1.3125383702572435e-05, 8.811796578811482e-05, 0.0008417214266955853, 0.010611005127429962, 0.16445395350456238, 1.2958470582962036, 3.7751317024230957, 5.4415974617004395, 1.496933937072754, 4.515889644622803, 3.2044942378997803, 12.777562141418457, 19.279287338256836, 226.6179962158203, 427.9139709472656, 442.1484375, 90.3507308959961, 153.33050537109375, 180.89096069335938, 34.605342864990234, 10.433695793151855, 8.40201187133789, 11.858360290527344, 14.149774551391602, 2.9652628898620605, 2.733642816543579, 0.875543475151062, 0.27442002296447754, 0.36556684970855713, 1.3408151865005493, 2.4546196460723877, 2.0710418224334717, 1.1333826780319214, 0.5018230080604553, 0.25711357593536377, 0.12287840247154236, 0.03588718920946121, 0.003460234496742487, 6.688518624287099e-05, 2.8668773666140623e-05], "lowlevel.gfcc.mean": [-169.28366088867188, 53.82880401611328, -199.6708984375, -49.688873291015625, -68.43900299072266, 5.86073637008667, -49.701602935791016, -7.028476715087891, -53.3587646484375, -10.144750595092773, 4.377820014953613, 4.5989460945129395, 0.11964894831180573], "lowlevel.melbands.mean": [6.273371155884888e-08, 1.203509043534723e-07, 9.877626325760502e-07, 1.535694536869414e-05, 7.5034040492028e-05, 7.723333692410961e-05, 1.034703200275544e-05, 1.4573247426596936e-05, 1.6720750863896683e-05, 3.958600063924678e-05, 3.877117342199199e-05, 0.0004451006243471056, 0.000882202060893178, 0.00034474339918233454, 0.0001373087870888412, 0.00010887142707360908, 0.00015850439376663417, 0.00014000087685417384, 2.0949597455910407e-05, 8.126573447952978e-06, 4.205773620924447e-06, 3.195688577761757e-06, 2.6679485927161295e-06, 7.269463367265416e-06, 7.97023585619172e-06, 1.696941922091355e-06, 7.63548257509683e-07, 6.678775434920681e-07, 4.0380470522904943e-07, 1.1819575007621097e-07, 3.208978682778252e-08, 3.292077366268131e-08, 4.431068489907375e-08, 1.5199573510926712e-07, 2.970411117075855e-07, 3.600441118578601e-07, 2.0925406829519488e-07, 1.5483367121760239e-07, 6.792298279378883e-08, 6.64010499917822e-08], "lowlevel.melbands.stdev": [1.1456882731408768e-07, 3.027578827641264e-07, 5.43976784683764e-06, 4.595034624799155e-05, 0.00010770518565550447, 0.0001282006414839998, 2.6402065486763604e-05, 4.165527207078412e-05, 2.8394704713718966e-05, 0.00011104411532869563, 9.677486377768219e-05, 0.0008471168694086373, 0.0018870376516133547, 0.0016801445744931698, 0.00031257636146619916, 0.0003115459985565394, 0.00031114541343413293, 0.00036627898225560784, 5.9469861298566684e-05, 2.2541242287843488e-05, 1.3971876796858851e-05, 9.690995284472592e-06, 6.615835900447564e-06, 1.6231539120781235e-05, 1.3252306416688953e-05, 3.0870075988786994e-06, 1.8907412595581263e-06, 1.6551109638385242e-06, 7.192407451839244e-07, 2.9111237154211267e-07, 1.2512339253589744e-07, 1.760947014872727e-07, 2.4099045958791976e-07, 1.0934769534287625e-06, 1.4592128536605742e-06, 1.551541799926781e-06, 1.2478190001274925e-06, 1.070462417374074e-06, 4.127027466438449e-07, 4.211690054489736e-07], "lowlevel.melbands128.mean": [5.6206651777301886e-08, 5.5973529811126355e-08, 6.571556809831236e-08, 7.507950527951834e-08, 1.2265280702195014e-07, 1.488381400349681e-07, 1.6355825493974407e-07, 6.376873216140666e-07, 2.6264706320944242e-06, 1.1066375918744598e-05, 2.9954913770779967e-05, 2.325612149434164e-05, 5.698124004993588e-05, 0.00019279803382232785, 8.151391375577077e-05, 1.973120197362732e-05, 9.681863957666792e-06, 3.0791456993028987e-06, 1.6531090295757167e-05, 2.3117498130886815e-05, 5.988892553432379e-06, 1.2849132872361224e-05, 1.3538080565922428e-05, 2.8629559892578982e-05, 2.1680203644791618e-05, 5.4382559028454125e-05, 6.368974572978914e-05, 9.47305579757085e-06, 2.7670586860040203e-05, 0.00014086229202803224, 0.00020985986338928342, 0.0017756848828867078, 0.0010808432707563043, 0.00023231578234117478, 0.00026149090263061225, 0.0005674702115356922, 0.0001422486820956692, 0.00012463360326364636, 0.00013531475269701332, 2.3544997020508163e-05, 0.00012066373164998367, 0.0002135750255547464, 5.53735408175271e-05, 0.00024050050706136972, 0.00019307795446366072, 0.00015033774252515286, 2.796641638269648e-05, 6.265475349209737e-06, 2.8803977329516783e-05, 1.6147279893630184e-05, 2.7091505216958467e-06, 1.5970875892890035e-06, 4.291381628718227e-06, 6.068113634682959e-06, 2.292365252287709e-06, 3.858120180666447e-06, 2.556614163040649e-06, 2.67853192781331e-06, 1.922702494994155e-06, 3.467544502200326e-06, 1.2419821359799244e-05, 4.098023055121303e-06, 7.946865480334964e-06, 1.2495655937527772e-05, 2.125681248799083e-06, 1.3448635627355543e-06, 9.985847100324463e-07, 3.9685474462203274e-07, 6.986411449361185e-07, 1.3673807188752107e-06, 4.48238210992713e-07, 5.588086651187041e-07, 4.641316877496138e-07, 4.6893578087292553e-07, 1.89406577533191e-07, 1.1091099594295883e-07, 1.094130439582841e-07, 2.753809624778114e-08, 3.0142455642589994e-08, 1.8632388076866846e-08, 2.0962845681538056e-08, 4.552729038209691e-08, 4.754544846719e-08, 3.6234435896176365e-08, 4.5037022999849796e-08, 9.430254266362681e-08, 1.85429357202338e-07, 2.68204274789241e-07, 3.4005489624178153e-07, 2.8960928943888575e-07, 2.840042441221158e-07, 4.969983251612575e-07, 3.00606899372724e-07, 1.219849536937545e-07, 1.9971530207385513e-07, 2.4397837705691927e-07, 1.2945029936872743e-07, 5.7052346846830915e-08, 6.239513083983184e-08, 8.446518506843859e-08, 5.186666740542023e-08, 7.009531799440083e-08, 6.818989106704976e-08, 8.91405633751674e-08, 4.010977150414874e-08, 4.991299462631105e-08, 5.009610859474378e-08, 4.298855316164918e-08, 4.612734727515999e-08, 5.2744269396498566e-08, 4.312595436317679e-08, 2.972520007915591e-08, 2.123754150318291e-08, 1.6793507029433385e-08, 1.60047832764576e-08, 6.747015390828892e-09, 6.674207297940882e-10, 1.1334396095297183e-11, 2.3556944155761483e-12, 2.2953696235394894e-12, 2.2258386540158215e-12, 2.189697208276886e-12, 2.1673268648519928e-12, 2.119151425519772e-12, 1.965958862717998e-12, 1.7198943007626366e-12, 1.5874302740359614e-12, 1.5616862187109448e-12], "lowlevel.melbands128.stdev": [1.4440642814861349e-07, 1.2000124627320474e-07, 1.404683160899367e-07, 1.4708592743772897e-07, 3.6469168662733864e-07, 4.632209140709165e-07, 6.248228032745828e-07, 5.760192834713962e-06, 1.7360649508191273e-05, 3.597073373384774e-05, 0.0001011433414532803, 6.334589124890044e-05, 8.73597091413103e-05, 0.0003499914600979537, 0.00015287133282981813, 7.055581227177754e-05, 3.8182690332178026e-05, 1.4973613360780291e-05, 6.109024252509698e-05, 8.021197572816163e-05, 1.9493554646032862e-05, 4.2572577513055876e-05, 2.8934071451658383e-05, 6.674978067167103e-05, 5.3993990150047466e-05, 0.00021032027143519372, 0.0002557616389822215, 3.612268847064115e-05, 0.00010464471415616572, 0.0005362151423469186, 0.0006018729764036834, 0.003861374221742153, 0.00263104191981256, 0.001508600078523159, 0.0015485883923247457, 0.0034028394147753716, 0.0005281009944155812, 0.00038049835711717606, 0.00031552425934933126, 0.0001155542122432962, 0.0005384450196288526, 0.0007282939623109996, 0.00023680897720623761, 0.000654070230666548, 0.0005163035821169615, 0.0006877899286337197, 0.0001629634207347408, 4.321960295783356e-05, 9.859622514341027e-05, 5.2376726671354845e-05, 1.3839195162290707e-05, 8.786450052866712e-06, 1.4409243703994434e-05, 2.5765379177755676e-05, 7.389444363070652e-06, 1.7731825209921226e-05, 8.088954928098246e-06, 7.761852430121507e-06, 8.289286597573664e-06, 8.810746294329874e-06, 3.546366497175768e-05, 1.0084279892907944e-05, 2.0164499801467173e-05, 2.289701660629362e-05, 5.627851351164281e-06, 3.836450559902005e-06, 2.5948843358492013e-06, 1.0241410564049147e-06, 1.805893589335028e-06, 5.846150088473223e-06, 1.4363537275130511e-06, 1.3364851838559844e-06, 1.0265968057865393e-06, 1.0215875363428495e-06, 5.399077167567157e-07, 3.100595336036349e-07, 4.032795857256133e-07, 1.0599597288774021e-07, 1.4083289556765521e-07, 9.11719766349961e-08, 1.1452801373934562e-07, 2.8269559493310226e-07, 3.3729060078258044e-07, 2.1079337386709085e-07, 2.6402079811305157e-07, 6.033167210262036e-07, 1.8566589687907253e-06, 1.4989622059147223e-06, 1.6904790527405567e-06, 1.4834488410997437e-06, 1.1845651215480757e-06, 2.284880565639469e-06, 1.3417022728390293e-06, 7.863840210120543e-07, 1.6815424714877736e-06, 2.008246156037785e-06, 8.408728717768099e-07, 3.8135061686261906e-07, 4.1142277495964663e-07, 5.417194302026473e-07, 3.9074544133654854e-07, 4.786138561030384e-07, 3.994928192696534e-07, 5.282114443616592e-07, 1.931977493541126e-07, 2.750329883838276e-07, 2.420781299861119e-07, 2.9332503004297905e-07, 2.4154104494300555e-07, 2.1915759873536445e-07, 2.1876186906411021e-07, 1.3312772750850854e-07, 1.2432299456577312e-07, 9.240369536200888e-08, 8.158396269664081e-08, 3.6304033557144066e-08, 6.275873154493183e-09, 5.2854949583736044e-11, 4.503782763398689e-12, 4.384203503710049e-12, 4.2696649167617284e-12, 4.1776595204046085e-12, 4.096400302300296e-12, 4.024241443550958e-12, 3.957829289996662e-12, 3.909499460275079e-12, 3.874599859704508e-12, 3.853606669879106e-12], "lowlevel.mfcc.mean": [-811.926025390625, 111.5125503540039, -80.83061981201172, -46.770530700683594, -15.62290096282959, -16.481103897094727, 7.985631942749023, -8.915229797363281, -42.1880989074707, -2.6879241466522217, -22.964643478393555, -14.086630821228027, -17.474687576293945], "lowlevel.spectral_contrast_coeffs.mean": [-0.5680792927742004, -0.7101576328277588, -0.6021401882171631, -0.6947169899940491, -0.7541614174842834, -0.790317714214325], "lowlevel.spectral_contrast_coeffs.stdev": [0.10248089581727982, 0.0745241791009903, 0.09886475652456284, 0.07645806670188904, 0.05850320681929588, 0.041911203414201736], "lowlevel.spectral_contrast_valleys.mean": [-10.80373764038086, -9.09913158416748, -8.742905616760254, -8.94279956817627, -9.29605484008789, -12.615656852722168], "lowlevel.spectral_contrast_valleys.stdev": [0.598311185836792, 0.8638808727264404, 0.9999227523803711, 1.0515339374542236, 0.8741591572761536, 0.8538917303085327], "rhythm.beats_loudness_band_ratio.mean": [0.01051600556820631, 0.11777888983488083, 0.057871103286743164, 0.6892544031143188, 0.11630822718143463, 0.029961321502923965], "rhythm.beats_loudness_band_ratio.stdev": [0.054228708148002625, 0.163679838180542, 0.07672452181577682, 0.2390311360359192, 0.10819122195243835, 0.05977894365787506], "tonal.hpcp.mean": [0.11510162055492401, 0.14308995008468628, 0.07139359414577484, 0.01919146440923214, 0.04113396257162094, 0.3623521625995636, 0.6369752883911133, 0.35243186354637146, 0.0758923888206482, 0.04619792103767395, 0.026941077783703804, 0.02616145648062229, 0.028489205986261368, 0.03536716476082802, 0.07327928394079208, 0.09757251292467117, 0.059069909155368805, 0.0311898123472929, 0.03363174945116043, 0.030454352498054504, 0.1275346279144287, 0.1749454140663147, 0.06942816078662872, 0.01578090339899063, 0.015453332103788853, 0.027198312804102898, 0.07667601108551025, 0.13154052197933197, 0.08866629749536514, 0.027039332315325737, 0.03021937422454357, 0.051110584288835526, 0.14528238773345947, 0.130126491189003, 0.029584217816591263, 0.04300232604146004], "tonal.hpcp.stdev": [0.25447335839271545, 0.3207195997238159, 0.1995854675769806, 0.09657911211252213, 0.13342425227165222, 0.3334273397922516, 0.43645453453063965, 0.31758734583854675, 0.20441362261772156, 0.17528872191905975, 0.12044525146484375, 0.12068390101194382, 0.13420532643795013, 0.13147802650928497, 0.21345578134059906, 0.23608067631721497, 0.15627092123031616, 0.07888210564851761, 0.09687076508998871, 0.09204597771167755, 0.20586194097995758, 0.27590447664260864, 0.12736165523529053, 0.07528412342071533, 0.07069394737482071, 0.09911108762025833, 0.1661650538444519, 0.23039644956588745, 0.17251266539096832, 0.07626880705356598, 0.10139235109090805, 0.11892744898796082, 0.23510704934597015, 0.2099287360906601, 0.07830394059419632, 0.11709939688444138], "rhythm.beats_position": [0.6037188172340393, 1.2190475463867188, 1.834376335144043, 2.449705123901367, 3.0650339126586914, 3.668752670288086, 4.2724714279174805, 4.887800216674805, 5.503129005432129, 6.176507949829102, 6.849886417388916, 7.53487491607666, 8.219863891601562, 8.904852867126465, 9.58984088897705, 10.274829864501953, 10.959818840026855, 11.644806861877441, 12.294965744018555, 12.956734657287598, 13.606893539428711, 14.257051467895508, 14.907210350036621, 15.580589294433594, 16.25396728515625, 16.88090705871582, 17.507844924926758, 18.06512451171875, 18.610794067382812, 19.156461715698242, 19.644081115722656, 20.143310546875, 20.642539978027344, 21.09532928466797, 21.54811668395996, 21.989295959472656, 22.45369529724121, 22.918094635009766, 23.38249397277832, 23.858503341674805, 24.33451271057129, 24.798912048339844, 25.263309478759766, 25.72770881652832, 26.192108154296875, 26.65650749206543, 27.109296798706055, 27.56208610534668, 28.026485443115234, 28.4560546875, 28.885623931884766, 29.3151912689209, 29.744760513305664, 30.1627197265625, 30.580678939819336, 31.0102481842041, 31.439817428588867, 31.857776641845703, 32.28734588623047, 32.716915130615234, 33.146484375], "rhythm.bpm_histogram": [0.0, 0.0, 0.0, 0.0, 0.0, 0.0, 0.0, 0.0, 0.0, 0.0, 0.0, 0.0, 0.0, 0.0, 0.0, 0.0, 0.0, 0.0, 0.0, 0.0, 0.0, 0.0, 0.0, 0.0, 0.0, 0.0, 0.0, 0.0, 0.0, 0.0, 0.0, 0.0, 0.0, 0.0, 0.0, 0.0, 0.0, 0.0, 0.0, 0.0, 0.0, 0.0, 0.0, 0.0, 0.0, 0.0, 0.0, 0.0, 0.0, 0.0, 0.0, 0.0, 0.0, 0.0, 0.0, 0.0, 0.0, 0.0, 0.0, 0.0, 0.0, 0.0, 0.0, 0.0, 0.0, 0.0, 0.0, 0.0, 0.0, 0.0, 0.0, 0.0, 0.0, 0.0, 0.0, 0.0, 0.0, 0.0, 0.0, 0.0, 0.0, 0.0, 0.0, 0.0, 0.0, 0.0, 0.0, 0.0, 0.11666666716337204, 0.06666667014360428, 0.0, 0.01666666753590107, 0.06666667014360428, 0.0, 0.0, 0.0, 0.03333333507180214, 0.0, 0.10000000149011612, 0.03333333507180214, 0.0, 0.0, 0.0, 0.0, 0.0, 0.0, 0.0, 0.0, 0.01666666753590107, 0.0, 0.03333333507180214, 0.0, 0.0, 0.0, 0.0, 0.0, 0.0, 0.0, 0.0, 0.0, 0.03333333507180214, 0.0, 0.0, 0.01666666753590107, 0.0, 0.0, 0.03333333507180214, 0.0, 0.0, 0.15000000596046448, 0.0, 0.0, 0.0, 0.06666667014360428, 0.0, 0.0, 0.01666666753590107, 0.0, 0.0, 0.0, 0.15000000596046448, 0.0, 0.0, 0.0, 0.05000000074505806, 0.0, 0.0, 0.0, 0.0, 0.0, 0.0, 0.0, 0.0, 0.0, 0.0, 0.0, 0.0, 0.0, 0.0, 0.0, 0.0, 0.0, 0.0, 0.0, 0.0, 0.0, 0.0, 0.0, 0.0, 0.0, 0.0, 0.0, 0.0, 0.0, 0.0, 0.0, 0.0, 0.0, 0.0, 0.0, 0.0, 0.0, 0.0, 0.0, 0.0, 0.0, 0.0, 0.0, 0.0, 0.0, 0.0, 0.0, 0.0, 0.0, 0.0, 0.0, 0.0, 0.0, 0.0, 0.0, 0.0, 0.0, 0.0, 0.0, 0.0, 0.0, 0.0, 0.0, 0.0, 0.0, 0.0, 0.0, 0.0, 0.0, 0.0, 0.0, 0.0, 0.0, 0.0, 0.0, 0.0, 0.0, 0.0, 0.0, 0.0, 0.0, 0.0, 0.0, 0.0, 0.0, 0.0, 0.0, 0.0, 0.0, 0.0, 0.0, 0.0, 0.0, 0.0, 0.0, 0.0, 0.0, 0.0, 0.0, 0.0, 0.0, 0.0, 0.0, 0.0, 0.0], "tonal.chords_histogram": [39.890708923339844, 0.0, 6.420764923095703, 0.0, 0.0, 0.0, 0.0, 2.7322404384613037, 0.0, 0.0, 0.0, 0.0, 0.0, 1.9125683307647705, 0.0, 0.0, 0.0, 12.021858215332031, 2.595628499984741, 26.639345169067383, 7.7868852615356445, 0.0, 0.0, 0.0], "tonal.thpcp": [1.0, 0.5532897114753723, 0.11914494633674622, 0.07252702116966248, 0.04229532554745674, 0.04107138514518738, 0.04472576454281807, 0.05552360415458679, 0.11504258215427399, 0.15318100154399872, 0.09273500740528107, 0.04896549880504608, 0.05279914289712906, 0.047810886055231094, 0.20021910965442657, 0.2746502459049225, 0.10899662971496582, 0.02477475069463253, 0.024260489270091057, 0.042699165642261505, 0.12037517130374908, 0.20650804042816162, 0.13919895887374878, 0.042449578642845154, 0.0474419891834259, 0.08023951202630997, 0.22808167338371277, 0.20428812503814697, 0.0464448444545269, 0.0675101950764656, 0.18070028722286224, 0.22463971376419067, 0.11208220571279526, 0.03012905642390251, 0.06457701325416565, 0.5688637495040894], "lowlevel.gfcc.cov": [[7583.2646484375, -926.23046875, -2361.75927734375, -1520.7862548828125, 40.68033981323242, -136.27783203125, -471.1520080566406, -35.38692855834961, -222.0189971923828, -258.4587707519531, 608.9782104492188, 177.84580993652344, 228.22470092773438], [-926.23046875, 777.905029296875, 153.191650390625, 88.14962005615234, 1.5539915561676025, -141.42481994628906, 133.91326904296875, 5.736889362335205, -16.676301956176758, -28.37880516052246, 16.271732330322266, -153.4159698486328, 36.99575424194336], [-2361.75927734375, 153.191650390625, 1520.0667724609375, 669.7090454101562, 33.6424446105957, 121.64712524414062, 13.557012557983398, 57.96839141845703, 92.51605987548828, 143.82763671875, -488.7129211425781, 58.35604476928711, -292.3483581542969], [-1520.7862548828125, 88.14962005615234, 669.7090454101562, 704.5213623046875, -54.642127990722656, 43.33879852294922, 67.79582977294922, 71.47303009033203, 154.6404571533203, 47.782249450683594, -258.7732849121094, -109.8050537109375, -81.542236328125], [40.68033981323242, 1.5539915561676025, 33.6424446105957, -54.642127990722656, 307.3783264160156, 37.338233947753906, -36.88414764404297, -23.021440505981445, -18.47221565246582, 36.006492614746094, -13.921456336975098, 98.74880981445312, -31.906095504760742], [-136.27783203125, -141.42481994628906, 121.64712524414062, 43.33879852294922, 37.338233947753906, 235.60935974121094, 51.60417556762695, 2.904688835144043, 42.767215728759766, -18.376235961914062, -87.45972442626953, 13.16427993774414, -50.331382751464844], [-471.1520080566406, 133.91326904296875, 13.557012557983398, 67.79582977294922, -36.88414764404297, 51.60417556762695, 260.783935546875, 37.35712814331055, 13.76134967803955, 6.000421047210693, 9.258371353149414, -70.5303726196289, -5.021927356719971], [-35.38692855834961, 5.736889362335205, 57.96839141845703, 71.47303009033203, -23.021440505981445, 2.904688835144043, 37.35712814331055, 132.2237091064453, 74.46436309814453, -14.408448219299316, -73.36873626708984, -48.689456939697266, -24.778329849243164], [-222.0189971923828, -16.676301956176758, 92.51605987548828, 154.6404571533203, -18.47221565246582, 42.767215728759766, 13.76134967803955, 74.46436309814453, 174.20887756347656, 19.503572463989258, -75.46940612792969, -41.088626861572266, -20.461734771728516], [-258.4587707519531, -28.37880516052246, 143.82763671875, 47.782249450683594, 36.006492614746094, -18.376235961914062, 6.000421047210693, -14.408448219299316, 19.503572463989258, 178.85189819335938, 49.81904983520508, 59.18839645385742, -36.97672653198242], [608.9782104492188, 16.271732330322266, -488.7129211425781, -258.7732849121094, -13.921456336975098, -87.45972442626953, 9.258371353149414, -73.36873626708984, -75.46940612792969, 49.81904983520508, 357.6219177246094, 47.152767181396484, 131.67359924316406], [177.84580993652344, -153.4159698486328, 58.35604476928711, -109.8050537109375, 98.74880981445312, 13.16427993774414, -70.5303726196289, -48.689456939697266, -41.088626861572266, 59.18839645385742, 47.152767181396484, 222.61647033691406, 33.17351531982422], [228.22470092773438, 36.99575424194336, -292.3483581542969, -81.542236328125, -31.906095504760742, -50.331382751464844, -5.021927356719971, -24.778329849243164, -20.461734771728516, -36.97672653198242, 131.67359924316406, 33.17351531982422, 221.00389099121094]], "lowlevel.gfcc.icov": [[0.00047293640091083944, 0.00014928160817362368, 0.0007729255012236536, 0.00029950306634418666, 0.00015377537056338042, -7.261335849761963e-05, 0.00065869081299752, -0.0005959214176982641, 0.0002227578079327941, 6.829472840763628e-05, 0.00020014047913718969, -0.00041659967973828316, 0.0005487274029292166], [0.00014928160817362368, 0.003417760832235217, -0.0021979876328259706, 0.0016514864983037114, -0.001766297733411193, 0.0026744084898382425, -0.0016225462313741446, 0.0010614113416522741, -0.0011529705952852964, 0.0017051928443834186, -0.0016263562720268965, 0.00395168038085103, -0.0020339195616543293], [0.0007729255012236536, -0.0021979876328259706, 0.005965183489024639, -0.002683927770704031, 0.0021721452940255404, -0.002136943629011512, 0.0021766871213912964, -0.001840553362853825, 0.002656007884070277, -0.0028643303085118532, 0.004297503270208836, -0.0058580609038472176, 0.004225925542414188], [0.00029950306634418666, 0.0016514864983037114, -0.002683927770704031, 0.005088700447231531, -0.0009153364226222038, 0.001623116317205131, -0.0008670638198964298, 0.0010939777130261064, -0.002913764212280512, 0.0004219539405312389, -0.00022584210091736168, 0.004173670429736376, -0.0026092049665749073], [0.00015377537056338042, -0.001766297733411193, 0.0021721452940255404, -0.0009153364226222038, 0.0051672980189323425, -0.0019178253132849932, 0.0012923553586006165, -0.0007278661942109466, 0.0011388419661670923, -0.0016127803828567266, 0.0018664830131456256, -0.0043903193436563015, 0.0023120595142245293], [-7.261335849761963e-05, 0.0026744084898382425, -0.002136943629011512, 0.001623116317205131, -0.0019178253132849932, 0.00813276693224907, -0.0034966336097568274, 0.003107144497334957, -0.003408951684832573, 0.002792342333123088, -0.00017872845637612045, 0.001988380914554, -0.0007968416903167963], [0.00065869081299752, -0.0016225462313741446, 0.0021766871213912964, -0.0008670638198964298, 0.0012923553586006165, -0.0034966336097568274, 0.0070584677159786224, -0.0035404334776103497, 0.0023385188542306423, -0.001593566732481122, -0.00011944846482947469, -0.0008839013171382248, 0.0014582850271835923], [-0.0005959214176982641, 0.0010614113416522741, -0.001840553362853825, 0.0010939777130261064, -0.0007278661942109466, 0.003107144497334957, -0.0035404334776103497, 0.01344851590692997, -0.005997851956635714, 0.0013111232547089458, 0.0014614664250984788, 0.0025960959028452635, -0.0011598402634263039], [0.0002227578079327941, -0.0011529705952852964, 0.002656007884070277, -0.002913764212280512, 0.0011388419661670923, -0.003408951684832573, 0.0023385188542306423, -0.005997851956635714, 0.011401692405343056, -0.003519238904118538, 0.0019460676703602076, -0.0014562830328941345, 0.0006960036116652191], [6.829472840763628e-05, 0.0017051928443834186, -0.0028643303085118532, 0.0004219539405312389, -0.0016127803828567266, 0.002792342333123088, -0.001593566732481122, 0.0013111232547089458, -0.003519238904118538, 0.011303616687655449, -0.005721823312342167, -0.00026046682614833117, 0.0015381521079689264], [0.00020014047913718969, -0.0016263562720268965, 0.004297503270208836, -0.00022584210091736168, 0.0018664830131456256, -0.00017872845637612045, -0.00011944846482947469, 0.0014614664250984788, 0.0019460676703602076, -0.005721823312342167, 0.010360724292695522, -0.0033091672230511904, -0.00039636631845496595], [-0.00041659967973828316, 0.00395168038085103, -0.0058580609038472176, 0.004173670429736376, -0.0043903193436563015, 0.001988380914554, -0.0008839013171382248, 0.0025960959028452635, -0.0014562830328941345, -0.00026046682614833117, -0.0033091672230511904, 0.014770964160561562, -0.006774528883397579], [0.0005487274029292166, -0.0020339195616543293, 0.004225925542414188, -0.0026092049665749073, 0.0023120595142245293, -0.0007968416903167963, 0.0014582850271835923, -0.0011598402634263039, 0.0006960036116652191, 0.0015381521079689264, -0.00039636631845496595, -0.006774528883397579, 0.01055630948394537]], "lowlevel.mfcc.cov": [[8069.89306640625, -433.5125732421875, -2486.399658203125, -1425.4354248046875, -87.68821716308594, -700.626708984375, -76.45246887207031, -40.77126693725586, -788.3507690429688, 129.47967529296875, -504.5982971191406, 114.99373626708984, -64.95455169677734], [-433.5125732421875, 764.037841796875, -63.85499954223633, 49.49272918701172, -74.15425109863281, -59.3547477722168, 126.93412780761719, -11.719049453735352, -46.177852630615234, -14.192421913146973, 9.085796356201172, 26.651161193847656, -20.573223114013672], [-2486.399658203125, -63.85499954223633, 1415.772705078125, 541.3116455078125, 24.670433044433594, 272.30950927734375, -110.91923522949219, 88.53535461425781, 444.109130859375, -74.33873748779297, 233.239501953125, -58.33897399902344, 4.524688243865967], [-1425.4354248046875, 49.49272918701172, 541.3116455078125, 554.4395141601562, 66.81458282470703, 106.03260040283203, -39.52367401123047, -7.3887248039245605, 222.79237365722656, 9.32282543182373, 75.55255126953125, 18.65436553955078, 58.568912506103516], [-87.68821716308594, -74.15425109863281, 24.670433044433594, 66.81458282470703, 301.9104919433594, 61.001792907714844, -103.4982681274414, 0.9130549430847168, 62.12130355834961, -31.162073135375977, -20.21731948852539, -34.428707122802734, -1.5197246074676514], [-700.626708984375, -59.3547477722168, 272.30950927734375, 106.03260040283203, 61.001792907714844, 310.6852722167969, 0.7914950251579285, 65.29981231689453, 102.31190490722656, -49.02361297607422, 90.44849395751953, -23.107276916503906, 30.416227340698242], [-76.45246887207031, 126.93412780761719, -110.91923522949219, -39.52367401123047, -103.4982681274414, 0.7914950251579285, 217.8141326904297, -13.725850105285645, -78.54500579833984, 10.730031967163086, -2.5064311027526855, 38.9664421081543, 13.612586975097656], [-40.77126693725586, -11.719049453735352, 88.53535461425781, -7.3887248039245605, 0.9130549430847168, 65.29981231689453, -13.725850105285645, 179.11082458496094, 118.18598175048828, -3.811253786087036, 1.079985499382019, 13.792469024658203, -16.882112503051758], [-788.3507690429688, -46.177852630615234, 444.109130859375, 222.79237365722656, 62.12130355834961, 102.31190490722656, -78.54500579833984, 118.18598175048828, 394.34710693359375, 4.121273040771484, 57.69016647338867, -27.3909969329834, -19.43580436706543], [129.47967529296875, -14.192421913146973, -74.33873748779297, 9.32282543182373, -31.162073135375977, -49.02361297607422, 10.730031967163086, -3.811253786087036, 4.121273040771484, 151.35220336914062, -8.751749992370605, 43.437191009521484, -3.6766726970672607], [-504.5982971191406, 9.085796356201172, 233.239501953125, 75.55255126953125, -20.21731948852539, 90.44849395751953, -2.5064311027526855, 1.079985499382019, 57.69016647338867, -8.751749992370605, 198.9220733642578, 14.096893310546875, 40.285301208496094], [114.99373626708984, 26.651161193847656, -58.33897399902344, 18.65436553955078, -34.428707122802734, -23.107276916503906, 38.9664421081543, 13.792469024658203, -27.3909969329834, 43.437191009521484, 14.096893310546875, 151.14398193359375, 31.100366592407227], [-64.95455169677734, -20.573223114013672, 4.524688243865967, 58.568912506103516, -1.5197246074676514, 30.416227340698242, 13.612586975097656, -16.882112503051758, -19.43580436706543, -3.6766726970672607, 40.285301208496094, 31.100366592407227, 157.57704162597656]], "lowlevel.mfcc.icov": [[0.00044447844265960157, 0.00021561156609095633, 0.0005003606784157455, 0.0005740239867009223, 8.697118028067052e-05, 0.00036771129816770554, 0.00048254706780426204, -0.00021115985873620957, 1.9068829715251923e-05, 3.5929708246840164e-05, 0.00020710876560769975, -0.0002792724990285933, -0.0001454413286410272], [0.00021561156609095633, 0.0016954966122284532, 0.0004304232425056398, -0.0002802124945446849, 0.00012396818783599883, 0.0006666122935712337, -0.0006979930330999196, -0.00040066821384243667, 0.00014905860007274896, 0.0004965732805430889, -0.00032665373873896897, -8.784173405729234e-05, 0.0004227455356158316], [0.0005003606784157455, 0.0004304232425056398, 0.0025515456218272448, -0.0007746932096779346, 0.0008189073414541781, -0.0001117400242947042, 0.0009759181994013488, -0.00029975190409459174, -0.0010178826050832868, 0.0009153003338724375, -0.0010818424634635448, 0.00011124036245746538, 0.0005406023701652884], [0.0005740239867009223, -0.0002802124945446849, -0.0007746932096779346, 0.004792277701199055, -0.0006232044543139637, 9.231866715708748e-05, 0.0005765637033618987, 0.0015278905630111694, -0.0013496041065081954, -0.0008011732716113329, 0.001252401852980256, -0.001478685881011188, -0.0016823785845190287], [8.697118028067052e-05, 0.00012396818783599883, 0.0008189073414541781, -0.0006232044543139637, 0.004749357234686613, -0.0012371140765026212, 0.0022688214667141438, 0.000653244846034795, -0.0006586303352378309, 0.000850176380481571, 0.0007540596416220069, 8.887259173206985e-05, 0.00014702463522553444], [0.00036771129816770554, 0.0006666122935712337, -0.0001117400242947042, 9.231866715708748e-05, -0.0012371140765026212, 0.005591381341218948, -0.0010745844338089228, -0.002232252387329936, 0.0003289749729447067, 0.000947745400480926, -0.00163478241302073, 0.0006824161391705275, -0.0006840834394097328], [0.00048254706780426204, -0.0006979930330999196, 0.0009759181994013488, 0.0005765637033618987, 0.0022688214667141438, -0.0010745844338089228, 0.007344423793256283, 0.00025759145501069725, 0.0005465650465339422, -1.1419198926887475e-05, 0.0007141807582229376, -0.0013947713887318969, -0.00035225972533226013], [-0.00021115985873620957, -0.00040066821384243667, -0.00029975190409459174, 0.0015278905630111694, 0.000653244846034795, -0.002232252387329936, 0.00025759145501069725, 0.009061068296432495, -0.0035211138892918825, 0.00030479024280793965, 0.0014083734713494778, -0.002079607453197241, 0.0003102498303633183], [1.9068829715251923e-05, 0.00014905860007274896, -0.0010178826050832868, -0.0013496041065081954, -0.0006586303352378309, 0.0003289749729447067, 0.0005465650465339422, -0.0035211138892918825, 0.005858910270035267, -0.0010525602847337723, -0.00039659746107645333, 0.0010810834355652332, 0.0006499818991869688], [3.5929708246840164e-05, 0.0004965732805430889, 0.0009153003338724375, -0.0008011732716113329, 0.000850176380481571, 0.000947745400480926, -1.1419198926887475e-05, 0.00030479024280793965, -0.0010525602847337723, 0.008217828348279, -0.00039286233368329704, -0.0020236787386238575, 0.0007718071574345231], [0.00020710876560769975, -0.00032665373873896897, -0.0010818424634635448, 0.001252401852980256, 0.0007540596416220069, -0.00163478241302073, 0.0007141807582229376, 0.0014083734713494778, -0.00039659746107645333, -0.00039286233368329704, 0.007729876320809126, -0.0013846741057932377, -0.001740667736157775], [-0.0002792724990285933, -8.784173405729234e-05, 0.00011124036245746538, -0.001478685881011188, 8.887259173206985e-05, 0.0006824161391705275, -0.0013947713887318969, -0.002079607453197241, 0.0010810834355652332, -0.0020236787386238575, -0.0013846741057932377, 0.008881931193172932, -0.001126221613958478], [-0.0001454413286410272, 0.0004227455356158316, 0.0005406023701652884, -0.0016823785845190287, 0.00014702463522553444, -0.0006840834394097328, -0.00035225972533226013, 0.0003102498303633183, 0.0006499818991869688, 0.0007718071574345231, -0.001740667736157775, -0.001126221613958478, 0.007913731969892979]], "metadata.audio_properties.analysis.downmix": "mix", "metadata.audio_properties.codec": "mp3", "metadata.audio_properties.md5_encoded": "f35e3339b9854607bdef0ba7df8b37e8", "metadata.tags.file_name": "1182272412461563914.mp3", "metadata.version.essentia": "2.1-beta6-dev", "metadata.version.essentia_git_sha": "v2.1_beta5-1110-g77a6a954", "metadata.version.extractor": "music 2.0", "tonal.chords_key": "E", "tonal.chords_scale":