{"song_id": "1182272039424376903", "download": "https://cdn.discordapp.com/attachments/1135911532732108921/1182272039424376903/chirp.mp4?ex=658417a3&amp", "lyrics": "(Verse 1) \nEmpty rooms, echoing your name\nA love unspoken, burning all the same\nHaunted by memories, whispers in the air\nOf promises unkept, a love I can't repair\n\n(Chorus)\nLost in the darkness, searching for your light\nA one-sided story, fading from sight\nI build castles in the air, hoping you'll appear\nBut the only answer is the silence, loud and clear", "style": ["Alternative rock</span><span>, Alternative metal</span><span>, Nu metal</span><span>, Rap metal</span><span>, Pop rock</span><span>, Electronic rock</span><span>, Rapcore</span><span>,"], "essentia_features": {"lowlevel.average_loudness": 0.9815105199813843, "lowlevel.barkbands_crest.mean": 13.931028366088867, "lowlevel.barkbands_crest.stdev": 4.558470249176025, "lowlevel.barkbands_flatness_db.mean": 0.16621439158916473, "lowlevel.barkbands_flatness_db.stdev": 0.055027928203344345, "lowlevel.barkbands_kurtosis.mean": 11.208162307739258, "lowlevel.barkbands_kurtosis.stdev": 18.560070037841797, "lowlevel.barkbands_skewness.mean": 2.7654008865356445, "lowlevel.barkbands_skewness.stdev": 1.6949114799499512, "lowlevel.barkbands_spread.mean": 23.09200096130371, "lowlevel.barkbands_spread.stdev": 13.874679565429688, "lowlevel.dissonance.mean": 0.4729081988334656, "lowlevel.dissonance.stdev": 0.024027172476053238, "lowlevel.dynamic_complexity": 1.5237548351287842, "lowlevel.erbbands_crest.mean": 8.366729736328125, "lowlevel.erbbands_crest.stdev": 4.698737144470215, "lowlevel.erbbands_flatness_db.mean": 0.12419841438531876, "lowlevel.erbbands_flatness_db.stdev": 0.03599698841571808, "lowlevel.erbbands_kurtosis.mean": 0.2640742361545563, "lowlevel.erbbands_kurtosis.stdev": 1.5740101337432861, "lowlevel.erbbands_skewness.mean": 0.035110365599393845, "lowlevel.erbbands_skewness.stdev": 0.7895815968513489, "lowlevel.erbbands_spread.mean": 48.701229095458984, "lowlevel.erbbands_spread.stdev": 19.663768768310547, "lowlevel.hfc.mean": 35.11254119873047, "lowlevel.hfc.stdev": 18.322589874267578, "lowlevel.loudness_ebu128.integrated": -11.11029052734375, "lowlevel.loudness_ebu128.loudness_range": 2.5469322204589844, "lowlevel.loudness_ebu128.momentary.mean": -11.292791366577148, "lowlevel.loudness_ebu128.momentary.stdev": 1.304059624671936, "lowlevel.loudness_ebu128.short_term.mean": -11.242942810058594, "lowlevel.loudness_ebu128.short_term.stdev": 0.9601224064826965, "lowlevel.melbands_crest.mean": 25.382055282592773, "lowlevel.melbands_crest.stdev": 7.297191619873047, "lowlevel.melbands_flatness_db.mean": 0.22706261277198792, "lowlevel.melbands_flatness_db.stdev": 0.06285782903432846, "lowlevel.melbands_kurtosis.mean": 37.87302017211914, "lowlevel.melbands_kurtosis.stdev": 51.8681526184082, "lowlevel.melbands_skewness.mean": 4.768585205078125, "lowlevel.melbands_skewness.stdev": 2.7809975147247314, "lowlevel.melbands_spread.mean": 17.428569793701172, "lowlevel.melbands_spread.stdev": 13.461380958557129, "lowlevel.pitch_salience.mean": 0.37228792905807495, "lowlevel.pitch_salience.stdev": 0.14474204182624817, "lowlevel.silence_rate_20dB.mean": 1.0, "lowlevel.silence_rate_20dB.stdev": 0.0, "lowlevel.silence_rate_30dB.mean": 0.7824540734291077, "lowlevel.silence_rate_30dB.stdev": 0.4125804007053375, "lowlevel.silence_rate_60dB.mean": 0.0011855365009978414, "lowlevel.silence_rate_60dB.stdev": 0.03441156819462776, "lowlevel.spectral_centroid.mean": 1734.0235595703125, "lowlevel.spectral_centroid.stdev": 709.0535888671875, "lowlevel.spectral_complexity.mean": 26.334321975708008, "lowlevel.spectral_complexity.stdev": 12.00926399230957, "lowlevel.spectral_decrease.mean": -2.1626918922379446e-08, "lowlevel.spectral_decrease.stdev": 8.8468095071903e-09, "lowlevel.spectral_energy.mean": 0.0848097950220108, "lowlevel.spectral_energy.stdev": 0.033237773925065994, "lowlevel.spectral_energyband_high.mean": 0.0021274799946695566, "lowlevel.spectral_energyband_high.stdev": 0.0018846149323508143, "lowlevel.spectral_energyband_low.mean": 0.05831041932106018, "lowlevel.spectral_energyband_low.stdev": 0.03492085635662079, "lowlevel.spectral_energyband_middle_high.mean": 0.006335793994367123, "lowlevel.spectral_energyband_middle_high.stdev": 0.004814594052731991, "lowlevel.spectral_energyband_middle_low.mean": 0.014242970384657383, "lowlevel.spectral_energyband_middle_low.stdev": 0.01647607982158661, "lowlevel.spectral_entropy.mean": 7.973886489868164, "lowlevel.spectral_entropy.stdev": 0.34988072514533997, "lowlevel.spectral_flux.mean": 0.1542586088180542, "lowlevel.spectral_flux.stdev": 0.06163272634148598, "lowlevel.spectral_kurtosis.mean": 2.3847572803497314, "lowlevel.spectral_kurtosis.stdev": 1.4398596286773682, "lowlevel.spectral_rms.mean": 0.008905034512281418, "lowlevel.spectral_rms.stdev": 0.001855151611380279, "lowlevel.spectral_rolloff.mean": 753.4711303710938, "lowlevel.spectral_rolloff.stdev": 1079.8240966796875, "lowlevel.spectral_skewness.mean": 1.2166577577590942, "lowlevel.spectral_skewness.stdev": 0.2801549732685089, "lowlevel.spectral_spread.mean": 5538012.5, "lowlevel.spectral_spread.stdev": 1207379.125, "lowlevel.spectral_strongpeak.mean": 0.5312671661376953, "lowlevel.spectral_strongpeak.stdev": 0.7604404091835022, "lowlevel.zerocrossingrate.mean": 0.04608310014009476, "lowlevel.zerocrossingrate.stdev": 0.0289357528090477, "metadata.audio_properties.analysis.equal_loudness": 0.0, "metadata.audio_properties.analysis.length": 39.146644592285156, "metadata.audio_properties.analysis.sample_rate": 44100.0, "metadata.audio_properties.analysis.start_time": 0.0, "metadata.audio_properties.bit_rate": 120181.0, "metadata.audio_properties.length": 39.14666748046875, "metadata.audio_properties.lossless": 0.0, "metadata.audio_properties.number_channels": 1.0, "metadata.audio_properties.replay_gain": -13.777849197387695, "metadata.audio_properties.sample_rate": 48000.0, "rhythm.beats_count": 91.0, "rhythm.beats_loudness.mean": 0.08801919221878052, "rhythm.beats_loudness.stdev": 0.030658164992928505, "rhythm.bpm": 140.03106689453125, "rhythm.bpm_histogram_first_peak_bpm": 140.0, "rhythm.bpm_histogram_first_peak_weight": 0.19999998807907104, "rhythm.bpm_histogram_second_peak_bpm": 0.0, "rhythm.bpm_histogram_second_peak_spread": 0.0, "rhythm.bpm_histogram_second_peak_weight": 0.0, "rhythm.danceability": 1.309598684310913, "rhythm.onset_rate": 4.979513168334961, "tonal.chords_changes_rate": 0.055687204003334045, "tonal.chords_number_rate": 0.008293839171528816, "tonal.chords_strength.mean": 0.5074157118797302, "tonal.chords_strength.stdev": 0.09445513039827347, "tonal.hpcp_crest.mean": 12.90633487701416, "tonal.hpcp_crest.stdev": 5.26147985458374, "tonal.hpcp_entropy.mean": 2.0940146446228027, "tonal.hpcp_entropy.stdev": 0.7957390546798706, "tonal.key_edma.strength": 0.5319467782974243, "tonal.key_krumhansl.strength": 0.5369104146957397, "tonal.key_temperley.strength": 0.5259835124015808, "tonal.tuning_diatonic_strength": 0.6351951956748962, "tonal.tuning_equal_tempered_deviation": 0.27580493688583374, "tonal.tuning_frequency": 434.193115234375, "tonal.tuning_nontempered_energy_ratio": 0.9297071099281311, "lowlevel.barkbands.mean": [0.021745620295405388, 0.03683808073401451, 0.003625674406066537, 0.0016953058075159788, 0.0051856497302651405, 0.0023319043684750795, 0.0010351709788665175, 0.0020403738599270582, 0.0017483592964708805, 0.0004889407427981496, 0.0005182269378565252, 0.0007209411123767495, 0.0007274547242559493, 0.0005739133921451867, 0.0008546169847249985, 0.0008352270815521479, 0.0006614638259634376, 0.00043640341027639806, 0.00039360392838716507, 0.0004149401211179793, 0.0003496386925689876, 0.0004467696708161384, 0.00046755990479141474, 0.0003318697272334248, 0.00024345981364604086, 9.761295223142952e-05, 1.0034270871983608e-06], "lowlevel.barkbands.stdev": [0.020762769505381584, 0.031623724848032, 0.007784564048051834, 0.004427290055900812, 0.013426407240331173, 0.004859989508986473, 0.002732960507273674, 0.004919129423797131, 0.0037467412184923887, 0.001060545677319169, 0.000912605260964483, 0.001641742535866797, 0.0015194318257272243, 0.0010548759019002318, 0.0014226394705474377, 0.00129526830278337, 0.0007099095964804292, 0.00041167953168042004, 0.0003367848403286189, 0.00033950828947126865, 0.00029382886714302003, 0.00044053385499864817, 0.0004941237275488675, 0.0003964608768001199, 0.00032520986860617995, 0.00017091675545088947, 3.3258629628107883e-06], "lowlevel.erbbands.mean": [1.8362436294555664, 5.432105541229248, 4.96541166305542, 5.802921772003174, 10.7431058883667, 17.97674560546875, 16.882221221923828, 23.269994735717773, 13.222784042358398, 35.2205810546875, 34.34891891479492, 39.881080627441406, 26.280506134033203, 12.970633506774902, 31.27465057373047, 23.5241756439209, 31.331865310668945, 34.28101348876953, 44.1575927734375, 34.824256896972656, 47.1439208984375, 39.20303726196289, 25.378562927246094, 20.90630340576172, 20.445655822753906, 19.51814842224121, 15.467905044555664, 13.020525932312012, 15.847360610961914, 15.551069259643555, 12.731529235839844, 7.716183185577393, 5.236192226409912, 3.2045130729675293, 1.4531904458999634, 0.6161051988601685, 0.14034923911094666, 0.011314480565488338, 0.0003056846035178751, 0.00011231784446863458], "lowlevel.erbbands.stdev": [1.3206697702407837, 7.1738481521606445, 8.128196716308594, 13.361847877502441, 33.254398345947266, 46.2874641418457, 39.34449768066406, 51.59394454956055, 33.01194381713867, 76.49633026123047, 82.23387145996094, 88.17620086669922, 47.699562072753906, 18.307655334472656, 58.888710021972656, 41.281700134277344, 62.56050491333008, 60.89068603515625, 72.32023620605469, 41.796844482421875, 66.85143280029297, 43.84371566772461, 23.864213943481445, 17.556665420532227, 17.677492141723633, 16.094758987426758, 12.731425285339355, 11.759613037109375, 15.629980087280273, 15.228714942932129, 14.004289627075195, 8.845725059509277, 6.6040730476379395, 4.1086931228637695, 2.150117874145508, 1.0327860116958618, 0.2599821388721466, 0.025821838527917862, 0.0005459184176288545, 4.217375681037083e-05], "lowlevel.gfcc.mean": [53.571372985839844, 64.92491912841797, -108.17879486083984, 50.965728759765625, -52.960723876953125, 32.81580352783203, -33.05826187133789, 23.286701202392578, -11.365625381469727, 14.373258590698242, -9.449177742004395, 7.698147296905518, -5.188612461090088], "lowlevel.melbands.mean": [0.014713515527546406, 0.003977462183684111, 0.001098467968404293, 0.001101675326935947, 0.0006580386543646455, 0.0004784148477483541, 0.00020695352577604353, 0.00043202631059102714, 0.00025911672855727375, 0.00026199364219792187, 0.00012639164924621582, 4.875681406701915e-05, 8.31164579722099e-05, 9.828559268498793e-05, 4.1182625864166766e-05, 8.630200318293646e-05, 5.843866529176012e-05, 6.585964729310945e-05, 5.9435260482132435e-05, 5.3393134294310585e-05, 5.164755566511303e-05, 4.337991413194686e-05, 2.6547939341980964e-05, 1.9181028619641438e-05, 1.6671387129463255e-05, 1.4389248462975956e-05, 1.5526084098382853e-05, 1.2150418115197681e-05, 9.863372724794317e-06, 8.351834367203992e-06, 7.230485607578885e-06, 8.8122469605878e-06, 9.0352441475261e-06, 8.745508239371702e-06, 7.825277862139046e-06, 5.677147328242427e-06, 4.3715708670788445e-06, 3.800100557782571e-06, 3.132975962216733e-06, 2.5606202598282835e-06], "lowlevel.melbands.stdev": [0.010136716067790985, 0.005226624198257923, 0.002251807600259781, 0.003258366137742996, 0.0014606728218495846, 0.0010348767973482609, 0.0005283292848616838, 0.0009638458141125739, 0.0006428551278077066, 0.0005794314783997834, 0.00024226066307164729, 8.356945181731135e-05, 0.00014537987590301782, 0.00022546977561432868, 6.372798816300929e-05, 0.0001987321738852188, 0.00011988156620645896, 0.00010891933925449848, 0.0001011672502500005, 9.089802915696055e-05, 6.88380459905602e-05, 5.2590905397664756e-05, 2.5949053451768123e-05, 1.9384926417842507e-05, 1.4709353308717255e-05, 1.3182162547309417e-05, 1.4013844520377461e-05, 1.0550402294029482e-05, 8.559617526771035e-06, 7.720655958110001e-06, 7.042007837299025e-06, 9.09735172172077e-06, 9.276794116885867e-06, 8.915349098970182e-06, 8.913580131775234e-06, 6.56606334814569e-06, 5.331659394869348e-06, 4.90309821543633e-06, 4.025735961477039e-06, 3.3995308967860183e-06], "lowlevel.melbands128.mean": [0.01684851013123989, 0.01831398531794548, 0.01402109395712614, 0.007577093318104744, 0.002985058818012476, 0.0017914364580065012, 0.0011989673366770148, 0.0007606832659803331, 0.0010611633770167828, 0.0013493174919858575, 0.0009370504994876683, 0.0008541050483472645, 0.0005357248592190444, 0.00043649462168104947, 0.0006884128088131547, 0.00038734005647711456, 0.00015371407789643854, 0.0001780450256774202, 0.000266426766756922, 0.000381260848371312, 0.0006013212841935456, 0.000339886435540393, 0.00019139866344630718, 0.00020514553762041032, 0.00023024866823107004, 0.00035192054929211736, 0.00017703676712699234, 0.00010309489880455658, 7.959905633470044e-05, 4.249844278092496e-05, 4.705071842181496e-05, 4.04219827032648e-05, 5.3408220992423594e-05, 0.00014371771248988807, 0.00014997670950833708, 6.833051884314045e-05, 3.881193697452545e-05, 4.075202014064416e-05, 3.643546733655967e-05, 7.284015009645373e-05, 0.00012024363240925595, 6.690143345622346e-05, 5.6008015235420316e-05, 5.751677599619143e-05, 4.220413029543124e-05, 6.842004950158298e-05, 9.250474977307022e-05, 7.677842950215563e-05, 3.571498018573038e-05, 2.6030274966615252e-05, 5.891941691515967e-05, 7.961614755913615e-05, 5.712767961085774e-05, 3.948711309931241e-05, 3.7616482586599886e-05, 5.560294084716588e-05, 3.570957778720185e-05, 2.4548508008592762e-05, 2.5802173695410602e-05, 2.452499575156253e-05, 1.6646410585963167e-05, 1.7399766875314526e-05, 1.8376094885752536e-05, 1.6368070646421984e-05, 1.4227218343876302e-05, 1.4018732144904789e-05, 1.464172328269342e-05, 1.4698410268465523e-05, 1.652980427024886e-05, 1.6181818864424713e-05, 1.1401239135011565e-05, 1.0864181604119949e-05, 9.917722309182864e-06, 1.0281270078849047e-05, 8.678759513713885e-06, 9.052853783941828e-06, 8.048216841416433e-06, 6.75421279083821e-06, 6.9361840360215865e-06, 7.621983058925252e-06, 8.8903752839542e-06, 9.106824109039735e-06, 9.358369425171986e-06, 9.526205758447759e-06, 8.224538760259748e-06, 8.12426605989458e-06, 9.107474397751503e-06, 9.566944754624274e-06, 7.611800810991554e-06, 6.817514076828957e-06, 6.485966878244653e-06, 5.248075012787012e-06, 4.588777755998308e-06, 4.328788691054797e-06, 4.288288891984848e-06, 3.998693046014523e-06, 3.787893092521699e-06, 3.3408953186153667e-06, 3.184631395924953e-06, 2.9670238745893585e-06, 2.9004479529248783e-06, 2.420281816739589e-06, 2.361213091717218e-06, 1.7739472468747408e-06, 1.5579912542307284e-06, 1.4003279602547991e-06, 1.2959458217665087e-06, 1.3055143881501863e-06, 1.1058114068873692e-06, 8.493233849549142e-07, 7.526555805270618e-07, 5.511106451194792e-07, 3.89501110475976e-07, 2.7602195018516795e-07, 1.56941183604431e-07, 1.026998504016774e-07, 3.8896022402923336e-08, 5.391486368466758e-09, 1.142547306764996e-10, 2.3959428191444587e-11, 2.245046683280183e-11, 2.1062868463261886e-11, 1.9378170942885298e-11, 1.7628100368316524e-11, 1.6446320000307324e-11, 1.3466643598858408e-11, 1.1528370272295696e-11, 1.1195028411237207e-11], "lowlevel.melbands128.stdev": [0.015983223915100098, 0.013801888562738895, 0.015564351342618465, 0.010956143960356712, 0.004859070293605328, 0.004022634122520685, 0.0031090041156858206, 0.001931560575030744, 0.003630440216511488, 0.00531951617449522, 0.0025591750163584948, 0.0025498541072010994, 0.00161644141189754, 0.0011899921810254455, 0.0016933274455368519, 0.001070171594619751, 0.0005576183320954442, 0.0006944313645362854, 0.0009063921752385795, 0.0010178853990510106, 0.0016115683829411864, 0.0012443223968148232, 0.000759539776481688, 0.0008848392171785235, 0.0007106243283487856, 0.0009259040816687047, 0.0005377259221859276, 0.00026707423967309296, 0.00027992448303848505, 0.0001225462619913742, 8.422388054896146e-05, 6.681808736175299e-05, 0.00011321587226120755, 0.0003476799465715885, 0.000472098559839651, 0.0001887521502794698, 8.307933603646234e-05, 8.691137190908194e-05, 8.698357123648748e-05, 0.00020050369494128972, 0.0003518882149364799, 0.00019563629757612944, 0.0001526012783870101, 0.00017305920482613146, 7.241798448376358e-05, 0.00016601779498159885, 0.00021313937031663954, 0.00019741104915738106, 5.94092853134498e-05, 3.4382643207209185e-05, 0.00013660946569871157, 0.00018394288781564683, 0.00011234389239689335, 5.095129017718136e-05, 4.951631126459688e-05, 9.606600360712036e-05, 5.1143590098945424e-05, 3.274649861850776e-05, 3.0388297091121785e-05, 3.502175604808144e-05, 2.5770286811166443e-05, 1.9976181647507474e-05, 1.8844504666049033e-05, 1.8200209524366073e-05, 1.537517709948588e-05, 1.5581041225232184e-05, 1.6881604096852243e-05, 1.7657826901995577e-05, 1.7183485397254117e-05, 1.8272792658535764e-05, 1.332834017375717e-05, 1.1244881534366868e-05, 1.017458998830989e-05, 1.06120733107673e-05, 8.219551091315225e-06, 1.00433207990136e-05, 8.489088031637948e-06, 7.296254807442892e-06, 7.635956535523292e-06, 9.028255590237677e-06, 1.0629768439684995e-05, 1.0503235898795538e-05, 1.048360536515247e-05, 1.0992800525855273e-05, 9.668538950791117e-06, 9.176959792966954e-06, 1.0393706361355726e-05, 1.2258416973054409e-05, 9.779636457096785e-06, 8.644440640637185e-06, 8.589971002948005e-06, 6.522391686303308e-06, 5.96812742514885e-06, 6.021045464876806e-06, 5.840151970915031e-06, 5.512064035428921e-06, 5.370191502152011e-06, 4.889889169135131e-06, 4.447545052244095e-06, 4.036075097246794e-06, 4.067244844918605e-06, 3.507592737150844e-06, 3.6462793104874436e-06, 2.8798667699447833e-06, 2.5497531623841496e-06, 2.4133730676112464e-06, 2.270492359457421e-06, 2.281468823639443e-06, 2.063057536361157e-06, 1.661228566263162e-06, 1.4114424402578152e-06, 1.0669599532775464e-06, 8.270539524346532e-07, 7.14205157237302e-07, 4.3700043761418783e-07, 3.226125784294709e-07, 1.163616474286755e-07, 3.4133165627281414e-08, 3.1687428236892856e-09, 1.5633556949001814e-10, 1.3709534896211295e-10, 1.1493690721398053e-10, 1.0221246071751011e-10, 8.068581219822235e-11, 6.80277362219428e-11, 3.5053744629198746e-11, 1.468943716664839e-11, 1.3881837519769125e-11], "lowlevel.mfcc.mean": [-587.6856689453125, 88.39826965332031, 10.384014129638672, 25.97104263305664, 14.319397926330566, 14.804069519042969, 3.4002435207366943, 11.834080696105957, 8.333685874938965, 10.533217430114746, 6.736096382141113, 7.677135467529297, 8.022977828979492], "lowlevel.spectral_contrast_coeffs.mean": [-0.7288846373558044, -0.7347714304924011, -0.7824023962020874, -0.7940264344215393, -0.8042363524436951, -0.759624719619751], "lowlevel.spectral_contrast_coeffs.stdev": [0.09517055004835129, 0.09206409752368927, 0.06678351759910583, 0.04946434497833252, 0.02852250263094902, 0.027227429673075676], "lowlevel.spectral_contrast_valleys.mean": [-6.424177646636963, -6.680023193359375, -7.0995001792907715, -7.038521766662598, -6.838456153869629, -9.197855949401855], "lowlevel.spectral_contrast_valleys.stdev": [0.6614775657653809, 0.5179040431976318, 0.5264421701431274, 0.5538218021392822, 0.4917445182800293, 0.6805935502052307], "rhythm.beats_loudness_band_ratio.mean": [0.6893373131752014, 0.2033216804265976, 0.06796632707118988, 0.04175163060426712, 0.048350073397159576, 0.0325624905526638], "rhythm.beats_loudness_band_ratio.stdev": [0.2106388360261917, 0.2616552710533142, 0.09490671008825302, 0.05970754846930504, 0.056010469794273376, 0.024535328149795532], "tonal.hpcp.mean": [0.037250831723213196, 0.051650043576955795, 0.07661702483892441, 0.14694997668266296, 0.2581728994846344, 0.30320608615875244, 0.24268312752246857, 0.15717880427837372, 0.12878625094890594, 0.15690432488918304, 0.15748009085655212, 0.12273090332746506, 0.10345860570669174, 0.08437597006559372, 0.06442686170339584, 0.060627665370702744, 0.06016579270362854, 0.05382908135652542, 0.048563212156295776, 0.046178579330444336, 0.04561805725097656, 0.04491988569498062, 0.04943721368908882, 0.06625476479530334, 0.0994376391172409, 0.1094207763671875, 0.07342296838760376, 0.04750756919384003, 0.03973586484789848, 0.027473516762256622, 0.02656988985836506, 0.02735014818608761, 0.02476964332163334, 0.04811709001660347, 0.05890689045190811, 0.04082726314663887], "tonal.hpcp.stdev": [0.11968886107206345, 0.1541292369365692, 0.20342133939266205, 0.273373544216156, 0.3650834262371063, 0.38642418384552, 0.3597475290298462, 0.2941785454750061, 0.266554057598114, 0.2863257825374603, 0.27306702733039856, 0.2566494047641754, 0.2325049191713333, 0.20779260993003845, 0.18563871085643768, 0.1822923719882965, 0.1770837903022766, 0.16790184378623962, 0.14909183979034424, 0.1466010957956314, 0.1537872552871704, 0.15531429648399353, 0.16000479459762573, 0.1811324506998062, 0.20630046725273132, 0.20709726214408875, 0.17323574423789978, 0.13838517665863037, 0.1305493265390396, 0.09976176172494888, 0.09193968027830124, 0.09765160828828812, 0.0865410789847374, 0.1566186547279358, 0.1875506341457367, 0.13851946592330933], "rhythm.beats_position": [0.41795918345451355, 0.847528338432312, 1.277097463607788, 1.7066665887832642, 2.1362357139587402, 2.565804958343506, 2.9953742027282715, 3.424943208694458, 3.8545124530792236, 4.28408145904541, 4.713650703430176, 5.131609916687012, 5.572789192199707, 6.0023579597473145, 6.43192720413208, 6.849886417388916, 7.279455661773682, 7.709024906158447, 8.126983642578125, 8.56816291809082, 8.997732162475586, 9.427301406860352, 9.845260620117188, 10.274829864501953, 10.704399108886719, 11.133968353271484, 11.56353759765625, 11.9931058883667, 12.422675132751465, 12.85224437713623, 13.281813621520996, 13.711382865905762, 14.140952110290527, 14.570521354675293, 15.000090599060059, 15.429659843444824, 15.85922908782959, 16.28879737854004, 16.718366622924805, 17.14793586730957, 17.577505111694336, 17.995464324951172, 18.413423538208008, 18.842992782592773, 19.27256202697754, 19.690521240234375, 20.12009048461914, 20.549659729003906, 20.9908390045166, 21.420408248901367, 21.849977493286133, 22.2795467376709, 22.709115982055664, 23.13868522644043, 23.568254470825195, 23.997821807861328, 24.427391052246094, 24.85696029663086, 25.286529541015625, 25.71609878540039, 26.145668029785156, 26.575237274169922, 27.004806518554688, 27.422765731811523, 27.85233497619629, 28.281904220581055, 28.69986343383789, 29.129432678222656, 29.559001922607422, 29.988571166992188, 30.418140411376953, 30.85931968688965, 31.288888931274414, 31.71845817565918, 32.136417388916016, 32.56598663330078, 32.99555587768555, 33.42512512207031, 33.85469436645508, 34.284263610839844, 34.71383285522461, 35.143402099609375, 35.57297134399414, 36.002540588378906, 36.43210983276367, 36.850067138671875, 37.27963638305664, 37.709205627441406, 38.15038299560547, 38.56834411621094, 38.98630142211914], "rhythm.bpm_histogram": [0.0, 0.0, 0.0, 0.0, 0.0, 0.0, 0.0, 0.0, 0.0, 0.0, 0.0, 0.0, 0.0, 0.0, 0.0, 0.0, 0.0, 0.0, 0.0, 0.0, 0.0, 0.0, 0.0, 0.0, 0.0, 0.0, 0.0, 0.0, 0.0, 0.0, 0.0, 0.0, 0.0, 0.0, 0.0, 0.0, 0.0, 0.0, 0.0, 0.0, 0.0, 0.0, 0.0, 0.0, 0.0, 0.0, 0.0, 0.0, 0.0, 0.0, 0.0, 0.0, 0.0, 0.0, 0.0, 0.0, 0.0, 0.0, 0.0, 0.0, 0.0, 0.0, 0.0, 0.0, 0.0, 0.0, 0.0, 0.0, 0.0, 0.0, 0.0, 0.0, 0.0, 0.0, 0.0, 0.0, 0.0, 0.0, 0.0, 0.0, 0.0, 0.0, 0.0, 0.0, 0.0, 0.0, 0.0, 0.0, 0.0, 0.0, 0.0, 0.0, 0.0, 0.0, 0.0, 0.0, 0.0, 0.0, 0.0, 0.0, 0.0, 0.0, 0.0, 0.0, 0.0, 0.0, 0.0, 0.0, 0.0, 0.0, 0.0, 0.0, 0.0, 0.0, 0.0, 0.0, 0.0, 0.0, 0.0, 0.0, 0.0, 0.0, 0.0, 0.0, 0.0, 0.0, 0.0, 0.0, 0.0, 0.0, 0.0, 0.0, 0.0, 0.0, 0.0, 0.0, 0.0555555559694767, 0.0, 0.0, 0.0, 0.800000011920929, 0.0, 0.0, 0.0, 0.14444445073604584, 0.0, 0.0, 0.0, 0.0, 0.0, 0.0, 0.0, 0.0, 0.0, 0.0, 0.0, 0.0, 0.0, 0.0, 0.0, 0.0, 0.0, 0.0, 0.0, 0.0, 0.0, 0.0, 0.0, 0.0, 0.0, 0.0, 0.0, 0.0, 0.0, 0.0, 0.0, 0.0, 0.0, 0.0, 0.0, 0.0, 0.0, 0.0, 0.0, 0.0, 0.0, 0.0, 0.0, 0.0, 0.0, 0.0, 0.0, 0.0, 0.0, 0.0, 0.0, 0.0, 0.0, 0.0, 0.0, 0.0, 0.0, 0.0, 0.0, 0.0, 0.0, 0.0, 0.0, 0.0, 0.0, 0.0, 0.0, 0.0, 0.0, 0.0, 0.0, 0.0, 0.0, 0.0, 0.0, 0.0, 0.0, 0.0, 0.0, 0.0, 0.0, 0.0, 0.0, 0.0, 0.0, 0.0, 0.0, 0.0, 0.0, 0.0, 0.0, 0.0, 0.0, 0.0, 0.0, 0.0, 0.0, 0.0, 0.0, 0.0, 0.0, 0.0, 0.0, 0.0, 0.0], "tonal.chords_histogram": [33.53080749511719, 0.0, 15.165876388549805, 1.658767819404602, 11.13744068145752, 4.5023698806762695, 0.0, 6.872037887573242, 0.0, 26.895734786987305, 0.0, 0.0, 0.0, 0.0, 0.0, 0.0, 0.0, 0.0, 0.0, 0.0, 0.0, 0.0, 0.2369668185710907, 0.0], "tonal.thpcp": [1.0, 0.8003900051116943, 0.5183893442153931, 0.4247482419013977, 0.5174840688705444, 0.5193830132484436, 0.4047771692276001, 0.34121546149253845, 0.27827927470207214, 0.2124853879213333, 0.1999552994966507, 0.19843201339244843, 0.17753298580646515, 0.1601656973361969, 0.15230096876621246, 0.15045231580734253, 0.14814968407154083, 0.16304822266101837, 0.21851396560668945, 0.327953964471817, 0.36087921261787415, 0.24215532839298248, 0.15668408572673798, 0.13105233013629913, 0.09061004221439362, 0.08762980252504349, 0.0902031660079956, 0.08169243484735489, 0.1586943417787552, 0.19428004324436188, 0.13465185463428497, 0.12285647541284561, 0.17034633457660675, 0.2526895999908447, 0.4846537709236145, 0.8514766693115234], "lowlevel.gfcc.cov": [[1573.3992919921875, -381.0918273925781, 46.00310134887695, 108.7235107421875, -29.00266456604004, 151.70025634765625, -140.85606384277344, 12.725295066833496, -162.22898864746094, 3.2931950092315674, -144.41436767578125, 96.72767639160156, -109.06592559814453], [-381.0918273925781, 796.1032104492188, -3.2066566944122314, 9.790303230285645, 100.61670684814453, -113.45915222167969, 85.94832611083984, -50.04452896118164, 70.76178741455078, -89.74983978271484, 51.932411193847656, -120.48096466064453, 89.70020294189453], [46.00310134887695, -3.2066566944122314, 500.4782409667969, 220.37051391601562, 14.039933204650879, 25.97364044189453, -26.357162475585938, -18.567638397216797, -52.500789642333984, -15.199186325073242, -15.402976036071777, 14.177654266357422, -10.449457168579102], [108.7235107421875, 9.790303230285645, 220.37051391601562, 296.62176513671875, 110.40748596191406, 65.51054382324219, -9.930065155029297, -3.936384677886963, -8.971043586730957, -7.04754638671875, -15.107574462890625, -9.85014820098877, 13.832975387573242], [-29.00266456604004, 100.61670684814453, 14.039933204650879, 110.40748596191406, 251.7797088623047, 105.32127380371094, 77.07796478271484, 53.39470291137695, 62.17316818237305, 24.6219539642334, 5.7568278312683105, -25.48151206970215, 12.94776725769043], [151.70025634765625, -113.45915222167969, 25.97364044189453, 65.51054382324219, 105.32127380371094, 207.50169372558594, 111.4329605102539, 77.02787780761719, 24.04307746887207, 35.39862823486328, 0.14407311379909515, 4.907740116119385, -27.473066329956055], [-140.85606384277344, 85.94832611083984, -26.357162475585938, -9.930065155029297, 77.07796478271484, 111.4329605102539, 216.88230895996094, 102.99545288085938, 70.6269760131836, 20.92719841003418, 38.109676361083984, -19.53130531311035, -0.4092569053173065], [12.725295066833496, -50.04452896118164, -18.567638397216797, -3.936384677886963, 53.39470291137695, 77.02787780761719, 102.99545288085938, 142.1891632080078, 88.02935791015625, 43.59941101074219, 4.36430025100708, -0.5134051442146301, -0.7963085174560547], [-162.22898864746094, 70.76178741455078, -52.500789642333984, -8.971043586730957, 62.17316818237305, 24.04307746887207, 70.6269760131836, 88.02935791015625, 156.53482055664062, 66.21443939208984, 30.44779396057129, -25.881826400756836, 22.913726806640625], [3.2931950092315674, -89.74983978271484, -15.199186325073242, -7.04754638671875, 24.6219539642334, 35.39862823486328, 20.92719841003418, 43.59941101074219, 66.21443939208984, 106.73114013671875, 46.36132049560547, 24.882986068725586, -5.873422622680664], [-144.41436767578125, 51.932411193847656, -15.402976036071777, -15.107574462890625, 5.7568278312683105, 0.14407311379909515, 38.109676361083984, 4.36430025100708, 30.44779396057129, 46.36132049560547, 114.34326934814453, 44.339046478271484, 36.378665924072266], [96.72767639160156, -120.48096466064453, 14.177654266357422, -9.85014820098877, -25.48151206970215, 4.907740116119385, -19.53130531311035, -0.5134051442146301, -25.881826400756836, 24.882986068725586, 44.339046478271484, 110.37967681884766, 29.994043350219727], [-109.06592559814453, 89.70020294189453, -10.449457168579102, 13.832975387573242, 12.94776725769043, -27.473066329956055, -0.4092569053173065, -0.7963085174560547, 22.913726806640625, -5.873422622680664, 36.378665924072266, 29.994043350219727, 97.2363510131836]], "lowlevel.gfcc.icov": [[0.0014786164974793792, -0.0010097818449139595, 0.0006756694056093693, -0.0008874170016497374, 0.0008289512479677796, -0.0018558023730292916, 0.0018109995871782303, -0.0017931662732735276, 0.0018723512766882777, -0.0015697566559538245, 0.0023707125801593065, -0.002547634532675147, 0.0015099705196917057], [-0.0010097818449139595, 0.004500998184084892, -0.0011512816417962313, 0.0012520127929747105, -0.0025248234160244465, 0.00373213947750628, -0.003432526485994458, 0.003675776068121195, -0.0032363974023610353, 0.004677983466535807, -0.004335527308285236, 0.005520307924598455, -0.0032158561516553164], [0.0006756694056093693, -0.0011512816417962313, 0.0037496902514249086, -0.0034530649427324533, 0.0015435352688655257, -0.000794152554590255, 0.0008420290541835129, -0.0016489069676026702, 0.001994743011891842, -0.0015101113822311163, 0.0015571931144222617, -0.0024341095704585314, 0.0018812221242114902], [-0.0008874170016497374, 0.0012520127929747105, -0.0034530649427324533, 0.00782310776412487, -0.003404795192182064, -0.0005540884449146688, 0.0003274155023973435, 0.001971844118088484, -0.0014109888579696417, 0.0018893074011430144, -0.0018270242726430297, 0.0034533061552792788, -0.0032550818286836147], [0.0008289512479677796, -0.0025248234160244465, 0.0015435352688655257, -0.003404795192182064, 0.008309039287269115, -0.004801498726010323, 0.0014212233945727348, -0.001801316044293344, 0.0002975471434183419, -0.002860644133761525, 0.0028248734306544065, -0.0022562583908438683, 0.0008336018654517829], [-0.0018558023730292916, 0.00373213947750628, -0.000794152554590255, -0.0005540884449146688, -0.004801498726010323, 0.014687858521938324, -0.008537156507372856, 0.0014930046163499355, -0.00048592156963422894, 0.0009296704083681107, -0.002545359078794718, 0.003371757920831442, -0.0006825565360486507], [0.0018109995871782303, -0.003432526485994458, 0.0008420290541835129, 0.0003274155023973435, 0.0014212233945727348, -0.008537156507372856, 0.015139717608690262, -0.009802136570215225, 0.0024903060402721167, 0.0006860967259854078, -0.002079198369756341, -0.0017281490145251155, 0.0033894057851284742], [-0.0017931662732735276, 0.003675776068121195, -0.0016489069676026702, 0.001971844118088484, -0.001801316044293344, 0.0014930046163499355, -0.009802136570215225, 0.022126605734229088, -0.012444254010915756, 0.0026463759131729603, 0.001531949732452631, 0.00045583053724840283, -0.0026797011960297823], [0.0018723512766882777, -0.0032363974023610353, 0.001994743011891842, -0.0014109888579696417, 0.0002975471434183419, -0.00048592156963422894, 0.0024903060402721167, -0.012444254010915756, 0.02244802936911583, -0.013992554508149624, 0.0030511224176734686, 0.0029092489276081324, -0.0029415267053991556], [-0.0015697566559538245, 0.004677983466535807, -0.0015101113822311163, 0.0018893074011430144, -0.002860644133761525, 0.0009296704083681107, 0.0006860967259854078, 0.0026463759131729603, -0.013992554508149624, 0.02658558078110218, -0.012893798761069775, 0.0012278413632884622, 0.003509300295263529], [0.0023707125801593065, -0.004335527308285236, 0.0015571931144222617, -0.0018270242726430297, 0.0028248734306544065, -0.002545359078794718, -0.002079198369756341, 0.001531949732452631, 0.0030511224176734686, -0.012893798761069775, 0.023582208901643753, -0.01249049324542284, -0.0004732920788228512], [-0.002547634532675147, 0.005520307924598455, -0.0024341095704585314, 0.0034533061552792788, -0.0022562583908438683, 0.003371757920831442, -0.0017281490145251155, 0.00045583053724840283, 0.0029092489276081324, 0.0012278413632884622, -0.01249049324542284, 0.025440910831093788, -0.01123935729265213], [0.0015099705196917057, -0.0032158561516553164, 0.0018812221242114902, -0.0032550818286836147, 0.0008336018654517829, -0.0006825565360486507, 0.0033894057851284742, -0.0026797011960297823, -0.0029415267053991556, 0.003509300295263529, -0.0004732920788228512, -0.01123935729265213, 0.019847381860017776]], "lowlevel.mfcc.cov": [[1635.871337890625, -389.0986328125, -32.19643020629883, -62.39187240600586, 52.350162506103516, 67.52672576904297, -16.43294906616211, 30.495256423950195, -54.906673431396484, -50.095760345458984, -53.83668899536133, -101.81629943847656, -11.682485580444336], [-389.0986328125, 646.6318969726562, -66.81033325195312, 70.0888442993164, -5.35726261138916, -34.95554733276367, 18.47443962097168, -9.472183227539062, 33.42903518676758, 13.62105941772461, -13.162420272827148, 11.582006454467773, -17.118762969970703], [-32.19643020629883, -66.81033325195312, 459.6933288574219, 148.44046020507812, 41.471343994140625, 29.708810806274414, 18.93009376525879, -7.740350246429443, -34.099185943603516, -65.32998657226562, -39.95307922363281, 12.13270092010498, -7.991669654846191], [-62.39187240600586, 70.0888442993164, 148.44046020507812, 222.80697631835938, 106.64969635009766, 36.64065933227539, 11.453843116760254, -10.374935150146484, 19.431135177612305, -22.44485855102539, -34.660064697265625, 7.6956095695495605, 11.063437461853027], [52.350162506103516, -5.35726261138916, 41.471343994140625, 106.64969635009766, 189.14097595214844, 68.9065933227539, 10.545562744140625, 2.0519979000091553, 39.057918548583984, 18.371118545532227, -13.760811805725098, 6.836001873016357, 11.547675132751465], [67.52672576904297, -34.95554733276367, 29.708810806274414, 36.64065933227539, 68.9065933227539, 128.90135192871094, 66.90569305419922, 33.06420135498047, 23.840639114379883, 24.706445693969727, 21.40653419494629, 10.056894302368164, 7.5242743492126465], [-16.43294906616211, 18.47443962097168, 18.93009376525879, 11.453843116760254, 10.545562744140625, 66.90569305419922, 138.57789611816406, 73.5499267578125, 31.846445083618164, 24.131546020507812, 25.63014793395996, 27.65270233154297, 9.78015422821045], [30.495256423950195, -9.472183227539062, -7.740350246429443, -10.374935150146484, 2.0519979000091553, 33.06420135498047, 73.5499267578125, 113.20683288574219, 63.36130142211914, 33.64680480957031, 21.203521728515625, 20.893741607666016, 10.522160530090332], [-54.906673431396484, 33.42903518676758, -34.099185943603516, 19.431135177612305, 39.057918548583984, 23.840639114379883, 31.846445083618164, 63.36130142211914, 141.05224609375, 86.5821304321289, 38.0514030456543, 28.77847671508789, 10.136110305786133], [-50.095760345458984, 13.62105941772461, -65.32998657226562, -22.44485855102539, 18.371118545532227, 24.706445693969727, 24.131546020507812, 33.64680480957031, 86.5821304321289, 121.60712432861328, 71.55601501464844, 28.302024841308594, 8.834607124328613], [-53.83668899536133, -13.162420272827148, -39.95307922363281, -34.660064697265625, -13.760811805725098, 21.40653419494629, 25.63014793395996, 21.203521728515625, 38.0514030456543, 71.55601501464844, 100.81199645996094, 48.54940414428711, 16.604938507080078], [-101.81629943847656, 11.582006454467773, 12.13270092010498, 7.6956095695495605, 6.836001873016357, 10.056894302368164, 27.65270233154297, 20.893741607666016, 28.77847671508789, 28.302024841308594, 48.54940414428711, 85.48187255859375, 46.020042419433594], [-11.682485580444336, -17.118762969970703, -7.991669654846191, 11.063437461853027, 11.547675132751465, 7.5242743492126465, 9.78015422821045, 10.522160530090332, 10.136110305786133, 8.834607124328613, 16.604938507080078, 46.020042419433594, 82.518310546875]], "lowlevel.mfcc.icov": [[0.0008353979792445898, 0.0004100616497453302, 0.00010712371295085177, 0.00018204563821200281, -0.0003168160910718143, -0.00035849635605700314, 0.00023690036323387176, -0.000584718189202249, 0.0002568553027231246, 0.0002284145593876019, -1.9562408851925284e-05, 0.0010722428560256958, -0.0003372400824446231], [0.0004100616497453302, 0.002116855699568987, 0.0007135462365113199, -0.0011481886031106114, 0.00036729604471474886, 0.0005707548698410392, -0.000765096687246114, 0.00040254011400975287, -0.00021336994541343302, -0.0003017003182321787, 0.0008089551120065153, -0.00046951716649346054, 0.0008137316908687353], [0.00010712371295085177, 0.0007135462365113199, 0.00339980679564178, -0.002603035420179367, 0.0006848966586403549, -0.00044716373668052256, -0.00018174570868723094, -0.0003009482170455158, 0.000659886107314378, 0.0008762843208387494, 0.0006389918853528798, -0.00179282168392092, 0.0015426867175847292], [0.00018204563821200281, -0.0011481886031106114, -0.002603035420179367, 0.009512651711702347, -0.004232295788824558, -0.00041196946403943, -0.0006834741216152906, 0.0019032645504921675, -0.0026969483587890863, 0.002299891086295247, 0.0008401756058447063, 0.0006109277019277215, -0.0016964856768026948], [-0.0003168160910718143, 0.00036729604471474886, 0.0006848966586403549, -0.004232295788824558, 0.010244841687381268, -0.005083421245217323, 0.0016968244453892112, 0.00117212045006454, -0.0014021102106198668, -0.0025256548542529345, 0.003837285563349724, -0.002201765775680542, 0.00024276725889649242], [-0.00035849635605700314, 0.0005707548698410392, -0.00044716373668052256, -0.00041196946403943, -0.005083421245217323, 0.01494465209543705, -0.006885499693453312, 0.00023441744269803166, 0.0007262512808665633, -0.0003282557299826294, -0.0039057768881320953, 0.0028404390905052423, -0.0006377722602337599], [0.00023690036323387176, -0.000765096687246114, -0.00018174570868723094, -0.0006834741216152906, 0.0016968244453892112, -0.006885499693453312, 0.015442145988345146, -0.009041535668075085, 0.0025454878341406584, -0.0008081185515038669, 0.00023360989871434867, -0.0029023378156125546, 0.0010073864832520485], [-0.000584718189202249, 0.00040254011400975287, -0.0003009482170455158, 0.0019032645504921675, 0.00117212045006454, 0.00023441744269803166, -0.009041535668075085, 0.019444776698946953, -0.009231865406036377, 0.0024004008155316114, 0.000741794181521982, -0.00045474612852558494, -0.0008955061202868819], [0.0002568553027231246, -0.00021336994541343302, 0.000659886107314378, -0.0026969483587890863, -0.0014021102106198668, 0.0007262512808665633, 0.0025454878341406584, -0.009231865406036377, 0.019193924963474274, -0.013141943141818047, 0.003703571390360594, -0.003034706925973296, 0.0014195834519341588], [0.0002284145593876019, -0.0003017003182321787, 0.0008762843208387494, 0.002299891086295247, -0.0025256548542529345, -0.0003282557299826294, -0.0008081185515038669, 0.0024004008155316114, -0.013141943141818047, 0.026559904217720032, -0.015377779491245747, 0.004716840106993914, -0.0008460764074698091], [-1.9562408851925284e-05, 0.0008089551120065153, 0.0006389918853528798, 0.0008401756058447063, 0.003837285563349724, -0.0039057768881320953, 0.00023360989871434867, 0.000741794181521982, 0.003703571390360594, -0.015377779491245747, 0.027333391830325127, -0.013807018287479877, 0.0032024970278143883], [0.0010722428560256958, -0.00046951716649346054, -0.00179282168392092, 0.0006109277019277215, -0.002201765775680542, 0.0028404390905052423, -0.0029023378156125546, -0.00045474612852558494, -0.003034706925973296, 0.004716840106993914, -0.013807018287479877, 0.028399871662259102, -0.012942392379045486], [-0.0003372400824446231, 0.0008137316908687353, 0.0015426867175847292, -0.0016964856768026948, 0.00024276725889649242, -0.0006377722602337599, 0.0010073864832520485, -0.0008955061202868819, 0.0014195834519341588, -0.0008460764074698091, 0.0032024970278143883, -0.012942392379045486, 0.01