{"song_id": "1182282509514444890", "download": "https://cdn.discordapp.com/attachments/1128313332273782784/1182282509514444890/chirp.mp4?ex=65842164&amp", "lyrics": "[Verse]\nJosh with his moves so smooth, he's got the skills\nAntonio steps in, ready to give him thrills\nChessboard's heating up, tension in the air\nStrategic minds battling, checkmate's on their minds, yeah\n\n[Chorus]\nIn this chess game, minds collide\nStrategies on point, they both strive\nJosh and Antonio, kings of their craft\nChessboard's their arena, where legends are drafted", "style": ["Old pop rocks"], "essentia_features": {"lowlevel.average_loudness": 0.8816013932228088, "lowlevel.barkbands_crest.mean": 19.367448806762695, "lowlevel.barkbands_crest.stdev": 5.613076210021973, "lowlevel.barkbands_flatness_db.mean": 0.3014778196811676, "lowlevel.barkbands_flatness_db.stdev": 0.13923199474811554, "lowlevel.barkbands_kurtosis.mean": 81.49016571044922, "lowlevel.barkbands_kurtosis.stdev": 142.1248016357422, "lowlevel.barkbands_skewness.mean": 5.90519380569458, "lowlevel.barkbands_skewness.stdev": 4.548588275909424, "lowlevel.barkbands_spread.mean": 11.62979793548584, "lowlevel.barkbands_spread.stdev": 18.409618377685547, "lowlevel.dissonance.mean": 0.4267580509185791, "lowlevel.dissonance.stdev": 0.059616509824991226, "lowlevel.dynamic_complexity": 2.221851348876953, "lowlevel.erbbands_crest.mean": 11.983742713928223, "lowlevel.erbbands_crest.stdev": 5.102032661437988, "lowlevel.erbbands_flatness_db.mean": 0.1669778674840927, "lowlevel.erbbands_flatness_db.stdev": 0.07664534449577332, "lowlevel.erbbands_kurtosis.mean": 3.9739527702331543, "lowlevel.erbbands_kurtosis.stdev": 7.709351062774658, "lowlevel.erbbands_skewness.mean": 0.8067647218704224, "lowlevel.erbbands_skewness.stdev": 1.592713475227356, "lowlevel.erbbands_spread.mean": 52.117958068847656, "lowlevel.erbbands_spread.stdev": 37.66721725463867, "lowlevel.hfc.mean": 34.40176010131836, "lowlevel.hfc.stdev": 41.77384948730469, "lowlevel.loudness_ebu128.integrated": -12.164365768432617, "lowlevel.loudness_ebu128.loudness_range": 1.556783676147461, "lowlevel.loudness_ebu128.momentary.mean": -12.575568199157715, "lowlevel.loudness_ebu128.momentary.stdev": 2.0654094219207764, "lowlevel.loudness_ebu128.short_term.mean": -12.127280235290527, "lowlevel.loudness_ebu128.short_term.stdev": 0.5321069955825806, "lowlevel.melbands_crest.mean": 25.47488784790039, "lowlevel.melbands_crest.stdev": 8.01318073272705, "lowlevel.melbands_flatness_db.mean": 0.4076193869113922, "lowlevel.melbands_flatness_db.stdev": 0.16498515009880066, "lowlevel.melbands_kurtosis.mean": 155.8395233154297, "lowlevel.melbands_kurtosis.stdev": 279.7254638671875, "lowlevel.melbands_skewness.mean": 7.6484246253967285, "lowlevel.melbands_skewness.stdev": 5.897536754608154, "lowlevel.melbands_spread.mean": 9.515342712402344, "lowlevel.melbands_spread.stdev": 23.253494262695312, "lowlevel.pitch_salience.mean": 0.2849443256855011, "lowlevel.pitch_salience.stdev": 0.1844225525856018, "lowlevel.silence_rate_20dB.mean": 0.7664141654968262, "lowlevel.silence_rate_20dB.stdev": 0.4231129586696625, "lowlevel.silence_rate_30dB.mean": 0.342803031206131, "lowlevel.silence_rate_30dB.stdev": 0.4746483862400055, "lowlevel.silence_rate_60dB.mean": 0.016414141282439232, "lowlevel.silence_rate_60dB.stdev": 0.12706182897090912, "lowlevel.spectral_centroid.mean": 999.7877807617188, "lowlevel.spectral_centroid.stdev": 979.7099609375, "lowlevel.spectral_complexity.mean": 10.221590995788574, "lowlevel.spectral_complexity.stdev": 7.523329734802246, "lowlevel.spectral_decrease.mean": -5.081873410972548e-08, "lowlevel.spectral_decrease.stdev": 4.12531591109655e-08, "lowlevel.spectral_energy.mean": 0.1949218064546585, "lowlevel.spectral_energy.stdev": 0.15588229894638062, "lowlevel.spectral_energyband_high.mean": 0.002054142765700817, "lowlevel.spectral_energyband_high.stdev": 0.005089126992970705, "lowlevel.spectral_energyband_low.mean": 0.1802743822336197, "lowlevel.spectral_energyband_low.stdev": 0.15626412630081177, "lowlevel.spectral_energyband_middle_high.mean": 0.002562495181336999, "lowlevel.spectral_energyband_middle_high.stdev": 0.004214908462017775, "lowlevel.spectral_energyband_middle_low.mean": 0.011504439637064934, "lowlevel.spectral_energyband_middle_low.stdev": 0.015394148416817188, "lowlevel.spectral_entropy.mean": 7.083869934082031, "lowlevel.spectral_entropy.stdev": 0.9948696494102478, "lowlevel.spectral_flux.mean": 0.1237054094672203, "lowlevel.spectral_flux.stdev": 0.10582032054662704, "lowlevel.spectral_kurtosis.mean": 18.409109115600586, "lowlevel.spectral_kurtosis.stdev": 63.06224822998047, "lowlevel.spectral_rms.mean": 0.012421800754964352, "lowlevel.spectral_rms.stdev": 0.0059888651594519615, "lowlevel.spectral_rolloff.mean": 660.2181396484375, "lowlevel.spectral_rolloff.stdev": 1731.7669677734375, "lowlevel.spectral_skewness.mean": 2.2682013511657715, "lowlevel.spectral_skewness.stdev": 2.8355166912078857, "lowlevel.spectral_spread.mean": 5905713.0, "lowlevel.spectral_spread.stdev": 2643377.5, "lowlevel.spectral_strongpeak.mean": 0.8972635269165039, "lowlevel.spectral_strongpeak.stdev": 0.7896344661712646, "lowlevel.zerocrossingrate.mean": 0.033503368496894836, "lowlevel.zerocrossingrate.stdev": 0.04926905035972595, "metadata.audio_properties.analysis.equal_loudness": 0.0, "metadata.audio_properties.analysis.length": 36.735984802246094, "metadata.audio_properties.analysis.sample_rate": 44100.0, "metadata.audio_properties.analysis.start_time": 0.0, "metadata.audio_properties.bit_rate": 123290.0, "metadata.audio_properties.length": 36.736000061035156, "metadata.audio_properties.lossless": 0.0, "metadata.audio_properties.number_channels": 1.0, "metadata.audio_properties.replay_gain": -9.878711700439453, "metadata.audio_properties.sample_rate": 48000.0, "rhythm.beats_count": 63.0, "rhythm.beats_loudness.mean": 0.25501546263694763, "rhythm.beats_loudness.stdev": 0.16656477749347687, "rhythm.bpm": 104.93372344970703, "rhythm.bpm_histogram_first_peak_bpm": 105.0, "rhythm.bpm_histogram_first_peak_weight": 0.4482758641242981, "rhythm.bpm_histogram_second_peak_bpm": 96.0, "rhythm.bpm_histogram_second_peak_spread": 0.25, "rhythm.bpm_histogram_second_peak_weight": 0.04838709533214569, "rhythm.danceability": 1.2392277717590332, "rhythm.onset_rate": 3.4823122024536133, "tonal.chords_changes_rate": 0.08827238529920578, "tonal.chords_number_rate": 0.010088272392749786, "tonal.chords_strength.mean": 0.5579763054847717, "tonal.chords_strength.stdev": 0.0860186219215393, "tonal.hpcp_crest.mean": 14.60637378692627, "tonal.hpcp_crest.stdev": 5.990306377410889, "tonal.hpcp_entropy.mean": 1.7580080032348633, "tonal.hpcp_entropy.stdev": 0.6617742776870728, "tonal.key_edma.strength": 0.6354104280471802, "tonal.key_krumhansl.strength": 0.6438159346580505, "tonal.key_temperley.strength": 0.63738614320755, "tonal.tuning_diatonic_strength": 0.6525764465332031, "tonal.tuning_equal_tempered_deviation": 0.17227712273597717, "tonal.tuning_frequency": 434.193115234375, "tonal.tuning_nontempered_energy_ratio": 0.871654748916626, "lowlevel.barkbands.mean": [0.016757339239120483, 0.15435101091861725, 0.007976352237164974, 0.0027675945311784744, 0.002663877559825778, 0.0006533112609758973, 0.0016908323159441352, 0.001897358219139278, 0.0012655452592298388, 0.0009664765675552189, 0.0004546097479760647, 0.00024830689653754234, 0.00016763643361628056, 0.0001491973816882819, 0.00012292196333874017, 0.0001401626504957676, 0.0001340093440376222, 0.00017331585695501417, 0.00016997536295093596, 0.0002403724065516144, 0.0001574262569192797, 0.00033307899138890207, 0.0004857687745243311, 0.00056970224250108, 0.00025372309028171003, 0.00011868546425830573, 1.336204877588898e-05], "lowlevel.barkbands.stdev": [0.027806349098682404, 0.1378013789653778, 0.019627749919891357, 0.009433187544345856, 0.004511239007115364, 0.002137820003554225, 0.004129177425056696, 0.004706662613898516, 0.004063512198626995, 0.0028665487188845873, 0.0015366054140031338, 0.0008671850664541125, 0.0005809306749142706, 0.00043246790301054716, 0.00032164278673008084, 0.00032184363226406276, 0.00040774859371595085, 0.000486184551846236, 0.0005218411097303033, 0.0006353308563120663, 0.00043593504233285785, 0.0008137554978020489, 0.0014509765896946192, 0.0018515181727707386, 0.000832251098472625, 0.00033130819792859256, 2.673092603799887e-05], "lowlevel.erbbands.mean": [7.056299686431885, 23.903295516967773, 13.768377304077148, 10.359940528869629, 7.645571231842041, 10.338083267211914, 7.173563003540039, 5.420506477355957, 13.419118881225586, 44.39200973510742, 30.461368560791016, 32.02025604248047, 39.51314163208008, 17.52553939819336, 19.440759658813477, 8.520479202270508, 7.915371894836426, 7.927948474884033, 6.446747303009033, 6.605831146240234, 8.194259643554688, 7.53880500793457, 8.828012466430664, 9.080942153930664, 9.669098854064941, 11.564824104309082, 7.5738444328308105, 6.173198699951172, 11.859750747680664, 13.78775405883789, 13.318696022033691, 13.68513298034668, 8.136892318725586, 3.7603559494018555, 1.258463740348816, 0.513422429561615, 0.22757844626903534, 0.049313366413116455, 0.001402176101692021, 0.0002502261195331812], "lowlevel.erbbands.stdev": [7.911486625671387, 22.239526748657227, 21.52129364013672, 29.845056533813477, 21.325773239135742, 16.97386932373047, 12.343692779541016, 22.981460571289062, 31.259044647216797, 83.48685455322266, 88.62561798095703, 106.77816009521484, 105.77941131591797, 59.30121994018555, 58.775299072265625, 26.623212814331055, 27.697954177856445, 21.74517250061035, 15.562311172485352, 14.643787384033203, 18.385364532470703, 22.578216552734375, 26.454851150512695, 25.471895217895508, 28.755352020263672, 30.408021926879883, 21.617372512817383, 16.179779052734375, 29.47201156616211, 36.17013931274414, 41.18550491333008, 43.55159378051758, 28.64120101928711, 12.871343612670898, 4.1463942527771, 1.7330259084701538, 0.6057741045951843, 0.09858795255422592, 0.0024944706819951534, 0.00017600375576876104], "lowlevel.gfcc.mean": [-20.946552276611328, 86.29866790771484, -39.226993560791016, 45.09614181518555, -48.15744400024414, 26.352224349975586, -14.215652465820312, 19.96297836303711, -6.816753387451172, 4.950624942779541, -8.463472366333008, 6.111198425292969, -10.514081001281738], "lowlevel.melbands.mean": [0.051806192845106125, 0.01442460436373949, 0.0016743582673370838, 0.0006095633143559098, 0.0003119030443485826, 0.00011697720037773252, 0.00025571894366294146, 0.0005089074256829917, 0.0002099263947457075, 0.00020821699581574649, 0.00019309180788695812, 6.789705366827548e-05, 6.242247036425397e-05, 3.788035610341467e-05, 1.3246156413515564e-05, 1.7278509403695352e-05, 1.502909253758844e-05, 1.0195548384217545e-05, 9.950474122888409e-06, 9.27858582144836e-06, 9.475838851358276e-06, 7.940445357235149e-06, 7.3453115874144714e-06, 8.131672075251117e-06, 7.218603514047572e-06, 6.467640560003929e-06, 7.918097253423184e-06, 7.643437129445374e-06, 5.0321759772486985e-06, 3.6490591810434125e-06, 3.3993587749137077e-06, 6.363326974678785e-06, 7.287161224667216e-06, 8.121414794004522e-06, 7.14074076313409e-06, 8.441518730251119e-06, 8.451087524008472e-06, 6.309129730652785e-06, 4.194416305836057e-06, 2.7452094855107134e-06], "lowlevel.melbands.stdev": [0.05052068457007408, 0.014175286516547203, 0.0047739846631884575, 0.001171816373243928, 0.0004712457593996078, 0.000463340082205832, 0.000620140228420496, 0.0009275762713514268, 0.0006218320922926068, 0.000701448880136013, 0.0005332354921847582, 0.00024802613188512623, 0.00019536404579412192, 0.00011876654025400057, 4.251055361237377e-05, 6.198205664986745e-05, 4.4957545469515026e-05, 2.6395413442514837e-05, 2.7086087357020006e-05, 2.2106692995293997e-05, 2.268296157126315e-05, 2.4546636268496513e-05, 2.374241012148559e-05, 2.304980080225505e-05, 2.0824381863349117e-05, 2.1431949789985083e-05, 2.3318718376685865e-05, 2.092115937557537e-05, 1.5183038158284035e-05, 1.0530633517191745e-05, 9.251943083654623e-06, 1.613907443243079e-05, 1.8565766367828473e-05, 2.259515349578578e-05, 2.222102375526447e-05, 2.761185351118911e-05, 2.751422107394319e-05, 2.2616897695115767e-05, 1.557886935188435e-05, 9.369983672513627e-06], "lowlevel.melbands128.mean": [0.016219761222600937, 0.06493841856718063, 0.06500769406557083, 0.03123411349952221, 0.008930783718824387, 0.0037356202956289053, 0.0021611833944916725, 0.0011851879535242915, 0.0006762029370293021, 0.0005386961856856942, 0.0006389599875546992, 0.0004437312309164554, 0.00022038407041691244, 0.00015147212252486497, 0.00012362415145616978, 9.781771223060787e-05, 8.12461439636536e-05, 0.00024667149409651756, 0.0005381125956773758, 0.0005006604478694499, 0.0005607188795693219, 0.00036352910683490336, 0.00011752536374842748, 9.910743392538279e-05, 0.0002157544222427532, 0.0002571741060819477, 0.00018993773846887052, 0.00025589033612050116, 0.00011951555643463507, 5.5830827477620915e-05, 6.529453094117343e-05, 5.2841824071947485e-05, 5.436655192170292e-05, 8.4307772340253e-05, 4.821746188099496e-05, 2.6525189241510816e-05, 1.447864906367613e-05, 7.772297067276668e-06, 1.4769635527045466e-05, 2.2761389118386433e-05, 1.755743687681388e-05, 1.0694540833355859e-05, 1.393060119880829e-05, 1.9504283045534976e-05, 1.2079566658940166e-05, 6.394147931132466e-06, 1.0247597856505308e-05, 1.2612441423698328e-05, 8.644477020425256e-06, 6.427158950828016e-06, 1.0117039892065804e-05, 1.1285232176305726e-05, 8.953089491114952e-06, 9.612666872271802e-06, 8.802716365607921e-06, 7.76378783484688e-06, 7.233793894556584e-06, 6.4155487962125335e-06, 7.422655471600592e-06, 9.13029634830309e-06, 7.282998467417201e-06, 8.246322977356613e-06, 8.987260116555262e-06, 6.211264462763211e-06, 5.697177584806923e-06, 6.668591140623903e-06, 6.7142532316211145e-06, 6.891884822834982e-06, 8.647429240227211e-06, 8.869724297255743e-06, 7.515585821238346e-06, 7.777254722896032e-06, 5.242635779723059e-06, 4.990427441953216e-06, 3.892509084835183e-06, 3.823429779004073e-06, 3.6223277675162535e-06, 2.846899860742269e-06, 3.4332374525547493e-06, 3.2775831186881987e-06, 6.145419774838956e-06, 7.831556104065385e-06, 7.121932867448777e-06, 7.634485882590525e-06, 6.888463303766912e-06, 7.117201676010154e-06, 9.947046237357426e-06, 7.406399163301103e-06, 5.699961093341699e-06, 7.925567842903547e-06, 8.911743861972354e-06, 7.913809895399027e-06, 8.799307579465676e-06, 9.157278327620588e-06, 7.409485533571569e-06, 8.219972187362146e-06, 5.896648417547112e-06, 3.8518282963195816e-06, 4.608797098626383e-06, 4.229962087265449e-06, 3.2481241305504227e-06, 2.705428869376192e-06, 1.8209599375040852e-06, 1.3529046327676042e-06, 1.3223519772509462e-06, 1.2658816785915405e-06, 1.1950314728892408e-06, 9.196723453896993e-07, 8.352203053618723e-07, 7.463428346454748e-07, 7.535311965511937e-07, 7.481366992578842e-07, 7.858182584641327e-07, 7.518734150835371e-07, 4.900444992017583e-07, 4.990223487766343e-07, 4.5990728381184454e-07, 1.498562340884746e-07, 4.275312548429611e-09, 1.6744492944975597e-11, 1.2768834600773715e-11, 1.2116735566281012e-11, 1.1681798757490203e-11, 1.1489234043315921e-11, 1.1252052241339516e-11, 1.0962423677152167e-11, 1.0800430862156762e-11, 1.0729303730194761e-11], "lowlevel.melbands128.stdev": [0.02699299342930317, 0.08385886996984482, 0.06067623570561409, 0.03127829357981682, 0.013114292174577713, 0.009505794383585453, 0.006707713007926941, 0.004051610361784697, 0.0020358997862786055, 0.0011398243950679898, 0.0011309547116979957, 0.000775095249991864, 0.00048586842603981495, 0.00048756838077679276, 0.000805058516561985, 0.00042501234565861523, 0.00022060141782276332, 0.0007621361291967332, 0.0015282293315976858, 0.0012398373801261187, 0.001370875397697091, 0.0013832234544679523, 0.0006520560709759593, 0.00043896277202293277, 0.0010212677298113704, 0.0010756596457213163, 0.0007165940478444099, 0.000881027604918927, 0.0005476182559505105, 0.00031286131707020104, 0.0003798319085035473, 0.00028517853934317827, 0.000252545258263126, 0.00033119178260676563, 0.00020574948575813323, 0.00015057751443237066, 7.845826621633023e-05, 3.485401612124406e-05, 6.913864490343258e-05, 0.0001190073016914539, 7.992210885277018e-05, 4.548955985228531e-05, 5.5341188271995634e-05, 7.424360956065357e-05, 4.792607796844095e-05, 2.295960257470142e-05, 3.69588888133876e-05, 4.415284638525918e-05, 2.8947968530701473e-05, 2.0283108824514784e-05, 3.280268356320448e-05, 3.24208231177181e-05, 2.7969203074462712e-05, 3.0028486435185187e-05, 2.954965748358518e-05, 3.261083838879131e-05, 3.358173125889152e-05, 2.3439895812771283e-05, 2.6617399271344766e-05, 3.4574382880236953e-05, 2.4364822820643894e-05, 2.3948576199472882e-05, 3.0911229259800166e-05, 2.0872930690529756e-05, 1.761642488418147e-05, 2.5909748728736304e-05, 2.549134660512209e-05, 2.2354137399815954e-05, 3.213481977581978e-05, 2.4954855689429678e-05, 2.3529866666649468e-05, 2.7580528694670647e-05, 1.6945168681559153e-05, 1.7552763893036172e-05, 1.2828653780161403e-05, 1.1903662198164966e-05, 1.0594183549983427e-05, 8.757648174650967e-06, 1.0832169209606946e-05, 8.999739293358289e-06, 1.6427289665443823e-05, 2.307810245838482e-05, 1.901569885376375e-05, 2.007199145737104e-05, 2.0675479390774854e-05, 1.89843285625102e-05, 3.219524660380557e-05, 2.2718473701388575e-05, 1.7715157810016535e-05, 3.123784335912205e-05, 3.1349722121376544e-05, 2.6130259357159957e-05, 2.9548793463618495e-05, 3.2080584787763655e-05, 2.4973373001557775e-05, 3.0181250622263178e-05, 2.3733207854093052e-05, 1.7553315046825446e-05, 1.834049544413574e-05, 1.58680668391753e-05, 1.2159936886746436e-05, 9.728392797114793e-06, 6.63046921545174e-06, 4.776735750056105e-06, 5.05549724039156e-06, 4.714619080914417e-06, 4.16603415942518e-06, 3.132659003313165e-06, 3.4107399642380187e-06, 3.006817223649705e-06, 2.9157270091673126e-06, 1.88861042715871e-06, 2.2583551526622614e-06, 2.160923713745433e-06, 1.3579623328041635e-06, 1.0116112889591022e-06, 9.578145636623958e-07, 3.420443874802004e-07, 3.443403429059799e-08, 1.313807257430355e-10, 2.8755713088468582e-11, 2.3862944606434233e-11, 2.335047953605507e-11, 2.2965140206165913e-11, 2.257931688842696e-11, 2.2246472025644337e-11, 2.2048604261803995e-11, 2.1930412347215267e-11], "lowlevel.mfcc.mean": [-690.64111328125, 122.3882064819336, 63.682796478271484, 36.367408752441406, 11.786676406860352, 16.57717514038086, 9.53553581237793, 22.59184455871582, 7.262958526611328, 16.308866500854492, 4.0876641273498535, 5.277766704559326, 9.19898796081543], "lowlevel.spectral_contrast_coeffs.mean": [-0.6995528936386108, -0.7055014371871948, -0.7423385977745056, -0.8006802201271057, -0.7914286851882935, -0.7590258717536926], "lowlevel.spectral_contrast_coeffs.stdev": [0.06472378224134445, 0.09444071352481842, 0.089317686855793, 0.06486402451992035, 0.058208487927913666, 0.05532156676054001], "lowlevel.spectral_contrast_valleys.mean": [-6.278528213500977, -7.455216407775879, -8.357566833496094, -8.820053100585938, -8.532086372375488, -10.475604057312012], "lowlevel.spectral_contrast_valleys.stdev": [0.7851267457008362, 0.8416983485221863, 0.9981884360313416, 1.2399394512176514, 1.4796524047851562, 1.569948673248291], "rhythm.beats_loudness_band_ratio.mean": [0.8248357176780701, 0.030455797910690308, 0.0527174286544323, 0.021525122225284576, 0.02232404798269272, 0.05623750016093254], "rhythm.beats_loudness_band_ratio.stdev": [0.24888618290424347, 0.06259330362081528, 0.08630012720823288, 0.05642351135611534, 0.04619257152080536, 0.09731119871139526], "tonal.hpcp.mean": [0.03699294850230217, 0.038387641310691833, 0.036219410598278046, 0.059999991208314896, 0.08118654042482376, 0.06620121002197266, 0.05376432090997696, 0.08109716325998306, 0.14440107345581055, 0.3215699791908264, 0.28249725699424744, 0.07086241990327835, 0.028933130204677582, 0.018920212984085083, 0.014481553807854652, 0.013297094032168388, 0.014568133279681206, 0.027098454535007477, 0.09816599637269974, 0.10326220840215683, 0.03291125223040581, 0.014648682437837124, 0.014437496662139893, 0.060513686388731, 0.2595452070236206, 0.2440797984600067, 0.05388728529214859, 0.023892706260085106, 0.01901867985725403, 0.032569169998168945, 0.05266840383410454, 0.04954145848751068, 0.031530145555734634, 0.044204194098711014, 0.058176543563604355, 0.04323924705386162], "tonal.hpcp.stdev": [0.15600597858428955, 0.160982146859169, 0.14096815884113312, 0.17224176228046417, 0.20130513608455658, 0.19396106898784637, 0.1674167364835739, 0.2380215972661972, 0.26548874378204346, 0.4194446802139282, 0.3817494511604309, 0.19058075547218323, 0.12182379513978958, 0.10053853690624237, 0.09171105176210403, 0.08602266013622284, 0.08187295496463776, 0.110642209649086, 0.26372167468070984, 0.2638632655143738, 0.12514692544937134, 0.06615814566612244, 0.0754278227686882, 0.15628066658973694, 0.4088302254676819, 0.3826497495174408, 0.16616995632648468, 0.10538441687822342, 0.09727402776479721, 0.1434040665626526, 0.16144883632659912, 0.15971054136753082, 0.12310434877872467, 0.16885612905025482, 0.21104834973812103, 0.16179484128952026], "rhythm.beats_position": [0.5804988741874695, 1.2074376344680786, 1.834376335144043, 2.461315155029297, 3.076643943786621, 3.668752670288086, 4.249251842498779, 4.806530475616455, 5.38702917098999, 5.955918312072754, 6.51319694519043, 7.082086086273193, 7.6625847816467285, 8.231473922729492, 8.811972618103027, 9.380861282348633, 9.961359977722168, 10.54185962677002, 11.110748291015625, 11.67963695526123, 12.248525619506836, 12.817414283752441, 13.386303901672363, 13.955192565917969, 14.535691261291504, 15.116189956665039, 15.685078620910645, 16.24235725402832, 16.811246871948242, 17.380136489868164, 17.960634231567383, 18.529523849487305, 19.110021591186523, 19.678911209106445, 20.247800827026367, 20.816688537597656, 21.385578155517578, 21.966075897216797, 22.52335548400879, 23.09224510192871, 23.6611328125, 24.230022430419922, 24.798912048339844, 25.379409790039062, 25.959909439086914, 26.528797149658203, 27.097686767578125, 27.666576385498047, 28.235464096069336, 28.804353713989258, 29.373241424560547, 29.9537410736084, 30.53424072265625, 31.11473846435547, 31.67201805114746, 32.22929763793945, 32.80979537963867, 33.378684997558594, 33.947574615478516, 34.51646041870117, 35.085350036621094, 35.66584777832031, 36.2463493347168], "rhythm.bpm_histogram": [0.0, 0.0, 0.0, 0.0, 0.0, 0.0, 0.0, 0.0, 0.0, 0.0, 0.0, 0.0, 0.0, 0.0, 0.0, 0.0, 0.0, 0.0, 0.0, 0.0, 0.0, 0.0, 0.0, 0.0, 0.0, 0.0, 0.0, 0.0, 0.0, 0.0, 0.0, 0.0, 0.0, 0.0, 0.0, 0.0, 0.0, 0.0, 0.0, 0.0, 0.0, 0.0, 0.0, 0.0, 0.0, 0.0, 0.0, 0.0, 0.0, 0.0, 0.0, 0.0, 0.0, 0.0, 0.0, 0.0, 0.0, 0.0, 0.0, 0.0, 0.0, 0.0, 0.0, 0.0, 0.0, 0.0, 0.0, 0.0, 0.0, 0.0, 0.0, 0.0, 0.0, 0.0, 0.0, 0.0, 0.0, 0.0, 0.0, 0.0, 0.0, 0.0, 0.0, 0.0, 0.0, 0.0, 0.0, 0.0, 0.0, 0.0, 0.0, 0.0, 0.0, 0.0, 0.0, 0.0, 0.04838709533214569, 0.0, 0.016129031777381897, 0.0, 0.0, 0.016129031777381897, 0.0, 0.30645161867141724, 0.0, 0.5161290168762207, 0.0, 0.0, 0.09677419066429138, 0.0, 0.0, 0.0, 0.0, 0.0, 0.0, 0.0, 0.0, 0.0, 0.0, 0.0, 0.0, 0.0, 0.0, 0.0, 0.0, 0.0, 0.0, 0.0, 0.0, 0.0, 0.0, 0.0, 0.0, 0.0, 0.0, 0.0, 0.0, 0.0, 0.0, 0.0, 0.0, 0.0, 0.0, 0.0, 0.0, 0.0, 0.0, 0.0, 0.0, 0.0, 0.0, 0.0, 0.0, 0.0, 0.0, 0.0, 0.0, 0.0, 0.0, 0.0, 0.0, 0.0, 0.0, 0.0, 0.0, 0.0, 0.0, 0.0, 0.0, 0.0, 0.0, 0.0, 0.0, 0.0, 0.0, 0.0, 0.0, 0.0, 0.0, 0.0, 0.0, 0.0, 0.0, 0.0, 0.0, 0.0, 0.0, 0.0, 0.0, 0.0, 0.0, 0.0, 0.0, 0.0, 0.0, 0.0, 0.0, 0.0, 0.0, 0.0, 0.0, 0.0, 0.0, 0.0, 0.0, 0.0, 0.0, 0.0, 0.0, 0.0, 0.0, 0.0, 0.0, 0.0, 0.0, 0.0, 0.0, 0.0, 0.0, 0.0, 0.0, 0.0, 0.0, 0.0, 0.0, 0.0, 0.0, 0.0, 0.0, 0.0, 0.0, 0.0, 0.0, 0.0, 0.0, 0.0, 0.0, 0.0, 0.0, 0.0, 0.0, 0.0, 0.0, 0.0, 0.0, 0.0, 0.0, 0.0, 0.0, 0.0], "tonal.chords_histogram": [47.03657150268555, 3.909205436706543, 20.554855346679688, 0.0, 0.0, 5.422446250915527, 0.0, 13.871374130249023, 0.0, 1.1349306106567383, 0.0, 0.0, 0.0, 0.0, 0.0, 0.0, 0.0, 0.0, 0.0, 0.0, 0.0, 0.0, 4.539722442626953, 3.530895233154297], "tonal.thpcp": [1.0, 0.8784938454627991, 0.22036391496658325, 0.08997459709644318, 0.05883700028061867, 0.045033909380435944, 0.04135054722428322, 0.04530315101146698, 0.08426923304796219, 0.3052710294723511, 0.32111892104148865, 0.1023455336689949, 0.04555363953113556, 0.04489690437912941, 0.1881820112466812, 0.8071188926696777, 0.7590254545211792, 0.16757561266422272, 0.07430017739534378, 0.05914320796728134, 0.10128174722194672, 0.1637852042913437, 0.1540611982345581, 0.09805065393447876, 0.13746368885040283, 0.18091410398483276, 0.13446295261383057, 0.11503856629133224, 0.11937569826841354, 0.11263305693864822, 0.18658454716205597, 0.2524692714214325, 0.20586875081062317, 0.1671932190656662, 0.25219133496284485, 0.4490502178668976], "lowlevel.gfcc.cov": [[10165.3046875, -3553.63623046875, -2780.06884765625, 788.1766357421875, -670.7352905273438, 281.99908447265625, -498.1724853515625, 813.7781372070312, 99.4482192993164, 405.9161071777344, -549.2030029296875, 65.41283416748047, -607.8203735351562], [-3553.63623046875, 3450.632080078125, 867.7945556640625, -995.824951171875, 620.9637451171875, -172.04527282714844, 592.2469482421875, -325.87481689453125, 114.78219604492188, -264.4880065917969, 410.0101013183594, -169.14723205566406, 234.97084045410156], [-2780.06884765625, 867.7945556640625, 1808.488037109375, 227.20001220703125, 265.64471435546875, 88.2271499633789, 169.87460327148438, -260.9552307128906, -20.367385864257812, -88.99356079101562, 202.61769104003906, 38.93636703491211, 215.0135040283203], [788.1766357421875, -995.824951171875, 227.20001220703125, 1069.7967529296875, 29.3813419342041, -71.08473205566406, -243.06304931640625, 46.488712310791016, -3.8009262084960938, 40.308502197265625, -76.39350891113281, 81.7765884399414, 38.48363494873047], [-670.7352905273438, 620.9637451171875, 265.64471435546875, 29.3813419342041, 484.5440979003906, 31.506147384643555, 174.8695526123047, -23.208154678344727, 76.66223907470703, -19.97614860534668, 112.41266632080078, -15.724103927612305, 79.52516174316406], [281.99908447265625, -172.04527282714844, 88.2271499633789, -71.08473205566406, 31.506147384643555, 464.0049743652344, 197.66339111328125, 29.824182510375977, -23.590391159057617, 85.03308868408203, 47.99028778076172, -49.652687072753906, -3.3219757080078125], [-498.1724853515625, 592.2469482421875, 169.87460327148438, -243.06304931640625, 174.8695526123047, 197.66339111328125, 430.7462158203125, 31.24307632446289, 47.728004455566406, 13.230561256408691, 159.3409881591797, -48.798240661621094, 40.055355072021484], [813.7781372070312, -325.87481689453125, -260.9552307128906, 46.488712310791016, -23.208154678344727, 29.824182510375977, 31.24307632446289, 247.34085083007812, 106.8275146484375, 40.7930908203125, -17.51624870300293, 22.266653060913086, -50.882041931152344], [99.4482192993164, 114.78219604492188, -20.367385864257812, -3.8009262084960938, 76.66223907470703, -23.590391159057617, 47.728004455566406, 106.8275146484375, 234.1749267578125, 23.430673599243164, 28.163530349731445, 19.960311889648438, -3.146589756011963], [405.9161071777344, -264.4880065917969, -88.99356079101562, 40.308502197265625, -19.97614860534668, 85.03308868408203, 13.230561256408691, 40.7930908203125, 23.430673599243164, 156.62744140625, 16.56909942626953, -2.493372917175293, -30.2119197845459], [-549.2030029296875, 410.0101013183594, 202.61769104003906, -76.39350891113281, 112.41266632080078, 47.99028778076172, 159.3409881591797, -17.51624870300293, 28.163530349731445, 16.56909942626953, 193.40267944335938, 6.6526594161987305, 28.852855682373047], [65.41283416748047, -169.14723205566406, 38.93636703491211, 81.7765884399414, -15.724103927612305, -49.652687072753906, -48.798240661621094, 22.266653060913086, 19.960311889648438, -2.493372917175293, 6.6526594161987305, 124.17245483398438, 9.162027359008789], [-607.8203735351562, 234.97084045410156, 215.0135040283203, 38.48363494873047, 79.52516174316406, -3.3219757080078125, 40.055355072021484, -50.882041931152344, -3.146589756011963, -30.2119197845459, 28.852855682373047, 9.162027359008789, 140.32054138183594]], "lowlevel.gfcc.icov": [[0.0003569763503037393, -0.0001217948884004727, 0.000425532489316538, -0.0004171619948465377, 0.0001448100374545902, -0.0004282110894564539, 5.161741501069628e-05, -0.0005013197660446167, 7.84300355007872e-05, -0.0003264698898419738, 0.0005088755860924721, -0.0003589174884837121, 0.0007741528679616749], [-0.0001217948884004727, 0.0018291625892743468, -0.000479496899060905, 0.001453824806958437, -0.0011287149973213673, 0.0014709619572386146, -0.0008762828656472266, 0.0014312221901491284, -0.0009413050138391554, 0.001655020983889699, -0.0018956790445372462, 0.001968703232705593, -0.0012144370703026652], [0.000425532489316538, -0.000479496899060905, 0.0015392570057883859, -0.0010769577929750085, 0.00033464303123764694, -0.0010560444789007306, 2.7630338081507944e-05, 0.00020306241640355438, -5.889379826840013e-05, -0.00015360928955487907, 0.0002467344456817955, -0.00109404930844903, 0.0004203424323350191], [-0.0004171619948465377, 0.001453824806958437, -0.0010769577929750085, 0.002816537395119667, -0.0013587957946583629, 0.0014616785338148475, 0.0003052417596336454, 0.0006581924390047789, -0.0004031255084555596, 0.0008983747102320194, -0.0015599302714690566, 0.0014108731411397457, -0.0019944568630307913], [0.0001448100374545902, -0.0011287149973213673, 0.00033464303123764694, -0.0013587957946583629, 0.0037167780101299286, -0.0008375065517611802, -0.00045328857959248126, -0.0004530387232080102, -0.00042642216430976987, -0.0006455716793425381, 0.00043599476339295506, -0.0007547914865426719, 2.7136302378494292e-05], [-0.0004282110894564539, 0.0014709619572386146, -0.0010560444789007306, 0.0014616785338148475, -0.0008375065517611802, 0.004829913843423128, -0.0023844526149332523, 0.0009893757523968816, 0.00013066607061773539, -0.00030531641095876694, -0.0011683919001370668, 0.00245145196095109, -0.00145494076423347], [5.161741501069628e-05, -0.0008762828656472266, 2.7630338081507944e-05, 0.0003052417596336454, -0.00045328857959248126, -0.0023844526149332523, 0.006077028810977936, -0.002279788488522172, 0.00037708974559791386, -0.00024915600079111755, -0.0022501435596495867, 0.0004405828658491373, -0.000407340528909117], [-0.0005013197660446167, 0.0014312221901491284, 0.00020306241640355438, 0.0006581924390047789, -0.0004530387232080102, 0.0009893757523968816, -0.002279788488522172, 0.009038502350449562, -0.003909958526492119, 0.0015513119287788868, -0.0012134506832808256, 0.00029039851506240666, -0.0003745201393030584], [7.84300355007872e-05, -0.0009413050138391554, -5.889379826840013e-05, -0.0004031255084555596, -0.00042642216430976987, 0.00013066607061773539, 0.00037708974559791386, -0.003909958526492119, 0.0067620896734297276, -0.0018847291357815266, 0.0008209669031202793, -0.001398056629113853, 0.0005044133868068457], [-0.0003264698898419738, 0.001655020983889699, -0.00015360928955487907, 0.0008983747102320194, -0.0006455716793425381, -0.00030531641095876694, -0.00024915600079111755, 0.0015513119287788868, -0.0018847291357815266, 0.01002576295286417, -0.0037093881983309984, 0.0020398679189383984, -0.00045836702338419855], [0.0005088755860924721, -0.0018956790445372462, 0.0002467344456817955, -0.0015599302714690566, 0.00043599476339295506, -0.0011683919001370668, -0.0022501435596495867, -0.0012134506832808256, 0.0008209669031202793, -0.0037093881983309984, 0.011507047340273857, -0.003984255250543356, 0.0024697487242519855], [-0.0003589174884837121, 0.001968703232705593, -0.00109404930844903, 0.0014108731411397457, -0.0007547914865426719, 0.00245145196095109, 0.0004405828658491373, 0.00029039851506240666, -0.001398056629113853, 0.0020398679189383984, -0.003984255250543356, 0.012018785811960697, -0.002654197858646512], [0.0007741528679616749, -0.0012144370703026652, 0.0004203424323350191, -0.0019944568630307913, 2.7136302378494292e-05, -0.00145494076423347, -0.000407340528909117, -0.0003745201393030584, 0.0005044133868068457, -0.00045836702338419855, 0.0024697487242519855, -0.002654197858646512, 0.01192515343427658]], "lowlevel.mfcc.cov": [[11621.6806640625, -4432.6943359375, -2352.194091796875, -332.8724670410156, -198.5342254638672, -420.59783935546875, -516.79443359375, 147.81448364257812, 132.8346405029297, 508.06988525390625, 338.60064697265625, 12.872350692749023, -183.04222106933594], [-4432.6943359375, 4044.460205078125, 283.57049560546875, -300.5910339355469, -97.04193878173828, 125.92024993896484, 381.5606689453125, 87.2770767211914, -59.855323791503906, -44.43042755126953, 10.747331619262695, 36.52228546142578, 79.6076431274414], [-2352.194091796875, 283.57049560546875, 1404.0172119140625, 293.2209167480469, 157.74490356445312, 233.9719696044922, 133.06504821777344, -37.479068756103516, 0.6650227904319763, -157.57159423828125, -97.79808044433594, 28.44365882873535, 71.82548522949219], [-332.8724670410156, -300.5910339355469, 293.2209167480469, 820.9569091796875, 271.1465148925781, -27.797624588012695, -118.95843505859375, -10.293634414672852, -7.818732738494873, -98.91938018798828, -133.86788940429688, 76.59233093261719, 105.67523193359375], [-198.5342254638672, -97.04193878173828, 157.74490356445312, 271.1465148925781, 357.7456970214844, 52.906837463378906, -38.53319549560547, 4.495091438293457, 52.93949890136719, -52.79716110229492, -13.180095672607422, 31.60235023498535, 39.32588577270508], [-420.59783935546875, 125.92024993896484, 233.9719696044922, -27.797624588012695, 52.906837463378906, 348.5052490234375, 215.87136840820312, -12.43305492401123, 25.100967407226562, 26.062477111816406, 61.49934387207031, 9.763739585876465, -34.861019134521484], [-516.79443359375, 381.5606689453125, 133.06504821777344, -118.95843505859375, -38.53319549560547, 215.87136840820312, 422.2565002441406, 37.4299430847168, 23.940885543823242, 45.38069534301758, 101.31190490722656, 9.757226943969727, -47.44964599609375], [147.81448364257812, 87.2770767211914, -37.479068756103516, -10.293634414672852, 4.495091438293457, -12.43305492401123, 37.4299430847168, 217.38690185546875, 45.01579284667969, 59.375877380371094, 45.01575469970703, 56.56943893432617, 36.781585693359375], [132.8346405029297, -59.855323791503906, 0.6650227904319763, -7.818732738494873, 52.93949890136719, 25.100967407226562, 23.940885543823242, 45.01579284667969, 186.60791015625, 28.74585723876953, 43.843318939208984, 4.910725116729736, -8.520731925964355], [508.06988525390625, -44.43042755126953, -157.57159423828125, -98.91938018798828, -52.79716110229492, 26.062477111816406, 45.38069534301758, 59.375877380371094, 28.74585723876953, 229.4365692138672, 79.2417984008789, 35.32820129394531, -2.5707664489746094], [338.60064697265625, 10.747331619262695, -97.79808044433594, -133.86788940429688, -13.180095672607422, 61.49934387207031, 101.31190490722656, 45.01575469970703, 43.843318939208984, 79.2417984008789, 185.55557250976562, 35.77841567993164, -10.466015815734863], [12.872350692749023, 36.52228546142578, 28.44365882873535, 76.59233093261719, 31.60235023498535, 9.763739585876465, 9.757226943969727, 56.56943893432617, 4.910725116729736, 35.32820129394531, 35.77841567993164, 126.29794311523438, 67.60125732421875], [-183.04222106933594, 79.6076431274414, 71.82548522949219, 105.67523193359375, 39.32588577270508, -34.861019134521484, -47.44964599609375, 36.781585693359375, -8.520731925964355, -2.5707664489746094, -10.466015815734863, 67.60125732421875, 142.5514678955078]], "lowlevel.mfcc.icov": [[0.0003034513210877776, 0.00030001974664628506, 0.0003792402276303619, 2.9390781492111273e-05, 2.924492582678795e-05, 6.858624146843795e-06, 9.845868044067174e-05, -0.00016032600251492113, -4.769324732478708e-06, -0.0002110039786202833, -0.0002522465365473181, -8.442856778856367e-05, 9.440674330107868e-05], [0.00030001974664628506, 0.0005984930321574211, 0.000344084546668455, 0.00020367307297419757, -4.049878953082953e-06, 6.367434252751991e-05, -0.00023908462026156485, -0.0002414174232399091, 8.826806879369542e-05, -9.831652278080583e-05, -5.213028998696245e-05, -0.00012908731878269464, -0.0002130535285687074], [0.0003792402276303619, 0.000344084546668455, 0.001512796152383089, -0.0001581688702572137, -1.3817638318869285e-05, -0.0007201643311418593, -0.00010892614227486774, -0.00014936417574062943, -0.00013277202378958464, 0.00029814065783284605, 0.0002142613084288314, -0.00015549964155070484, -0.0004332815879024565], [2.9390781492111273e-05, 0.00020367307297419757, -0.0001581688702572137, 0.0022620095405727625, -0.0013919920893386006, 0.00024206693342421204, -0.0001326806959696114, 9.416417015017942e-05, 0.00013450982805807143, 0.0001591996697243303, 0.0014616793487221003, -0.001249738154001534, -0.0005875346250832081], [2.924492582678795e-05, -4.049878953082953e-06, -1.3817638318869285e-05, -0.0013919920893386006, 0.004393390845507383, -0.001056779408827424, 0.000767106655985117, -0.00012518120638560504, -0.0011814546305686235, 0.0007755688275210559, -0.000860581814777106, 2.318931910849642e-05, -0.00023494407651014626], [6.858624146843795e-06, 6.367434252751991e-05, -0.0007201643311418593, 0.00024206693342421204, -0.001056779408827424, 0.005205732304602861, -0.002265020040795207, 0.0008444400737062097, 7.684247975703329e-06, -0.00072933838237077, -0.0005337958573363721, -0.00048704317305237055, 0.0009285230771638453], [9.845868044067174e-05, -0.00023908462026156485, -0.00010892614227486774, -0.0001326806959696114, 0.000767106655985117, -0.002265020040795207, 0.004555773455649614, -0.0007587773725390434, 3.629101001934032e-06, -5.5719770898576826e-05, -0.001717946375720203, -3.0379334930330515e-05, 0.0012473524548113346], [-0.00016032600251492113, -0.0002414174232399091, -0.00014936417574062943, 9.416417015017942e-05, -0.00012518120638560504, 0.0008444400737062097, -0.0007587773725390434, 0.006108484230935574, -0.0012517633149400353, -0.000840886787045747, -9.191000572172925e-05, -0.0018790168687701225, -0.0008589085191488266], [-4.769324732478708e-06, 8.826806879369542e-05, -0.00013277202378958464, 0.00013450982805807143, -0.0011814546305686235, 7.684247975703329e-06, 3.629101001934032e-06, -0.0012517633149400353, 0.006383348722010851, -0.00045253036660142243, -0.0011787958210334182, 0.0007179848034866154, 0.0005101274000480771], [-0.0002110039786202833, -9.831652278080583e-05, 0.00029814065783284605, 0.0001591996697243303, 0.0007755688275210559, -0.00072933838237077, -5.5719770898576826e-05, -0.000840886787045747, -0.00045253036660142243, 0.006199033465236425, -0.0011170622892677784, -0.0012181131169199944, -9.777824016055092e-05], [-0.0002522465365473181, -5.213028998696245e-05, 0.0002142613084288314, 0.0014616793487221003, -0.000860581814777106, -0.0005337958573363721, -0.001717946375720203, -9.191000572172925e-05, -0.0011787958210334182, -0.0011170622892677784, 0.009380086325109005, -0.0027483555022627115, -2.6144232833757997e-05], [-8.442856778856367e-05, -0.00012908731878269464, -0.00015549964155070484, -0.001249738154001534, 2.318931910849642e-05, -0.00048704317305237055, -3.0379334930330515e-05, -0.0018790168687701225, 0.0007179848034866154, -0.0012181131169199944, -0.0027483555022627115, 0.01355632022023201, -0.00529186986386776], [9.440674330107868e-05, -0.0002130535285687074, -0.0004332815879024565, -0.0005875346250832081, -0.00023494407651014626, 0.0009285230771638453, 0.0012473524548113346, -0.0008589085191488266, 0.0005101274000480771, -9.777824016055092e-05, -2.6144232833757997e-05, -0.00529186986386776, 0.01137410569936037]], "metadata.audio_properties.analysis.downmix": "mix", "metadata.audio_properties.codec": "mp3", "metadata.audio_properties.md5_encoded": "71c50d75bd14ce2a5403403abc972a2f", "metadata.tags.file_name": "1182282509514444890.mp3", "metadata.version.essentia": "2.1-beta6-dev", "metadata.version.essentia_git_sha": "v2.1_beta5-1110-g77a6a954", "metadata.version.extractor": "music 2.0", "tonal.chords_key": "F", "tonal.chords_scale": "minor", "tonal.key_edma.key": "F", "tonal.key_edma.scale": "mino