{"song_id": "1182264525777555506", "download": "https://cdn.discordapp.com/attachments/1135911532732108921/1182264525777555506/chirp.mp4?ex=658410a4&amp", "lyrics": "[Verse]\nIn the heart of the Andes, majestic mountains stand\nLa Cordillera de los Andes, unites this sacred land\nMachu Picchu's ancient ruins, a testament of time\nWhere Aymara culture thrives, their spirit so sublime\n\n[Chorus]\nOh, la Cordillera de los Andes, where dreams take flight\nMachu Picchu shines, in the morning's golden light\nAymara heritage, strong and proud, it will never fade\nAs the condor soars above, an emblem of their grace", "style": ["andina electronica"], "essentia_features": {"lowlevel.average_loudness": 0.8231916427612305, "lowlevel.barkbands_crest.mean": 14.953441619873047, "lowlevel.barkbands_crest.stdev": 4.859969615936279, "lowlevel.barkbands_flatness_db.mean": 0.24774545431137085, "lowlevel.barkbands_flatness_db.stdev": 0.08609983325004578, "lowlevel.barkbands_kurtosis.mean": 21.405216217041016, "lowlevel.barkbands_kurtosis.stdev": 40.2878303527832, "lowlevel.barkbands_skewness.mean": 3.23862886428833, "lowlevel.barkbands_skewness.stdev": 2.359377861022949, "lowlevel.barkbands_spread.mean": 14.80821418762207, "lowlevel.barkbands_spread.stdev": 13.759047508239746, "lowlevel.dissonance.mean": 0.4181363582611084, "lowlevel.dissonance.stdev": 0.05844983085989952, "lowlevel.dynamic_complexity": 1.8742247819900513, "lowlevel.erbbands_crest.mean": 13.495984077453613, "lowlevel.erbbands_crest.stdev": 5.4780802726745605, "lowlevel.erbbands_flatness_db.mean": 0.2368585467338562, "lowlevel.erbbands_flatness_db.stdev": 0.08110084384679794, "lowlevel.erbbands_kurtosis.mean": 5.300107955932617, "lowlevel.erbbands_kurtosis.stdev": 13.436502456665039, "lowlevel.erbbands_skewness.mean": 1.4350063800811768, "lowlevel.erbbands_skewness.stdev": 1.624264121055603, "lowlevel.erbbands_spread.mean": 41.3989372253418, "lowlevel.erbbands_spread.stdev": 25.524953842163086, "lowlevel.hfc.mean": 17.900693893432617, "lowlevel.hfc.stdev": 12.09052848815918, "lowlevel.loudness_ebu128.integrated": -13.613734245300293, "lowlevel.loudness_ebu128.loudness_range": 1.9868278503417969, "lowlevel.loudness_ebu128.momentary.mean": -13.754676818847656, "lowlevel.loudness_ebu128.momentary.stdev": 1.1258586645126343, "lowlevel.loudness_ebu128.short_term.mean": -13.680522918701172, "lowlevel.loudness_ebu128.short_term.stdev": 0.6080222129821777, "lowlevel.melbands_crest.mean": 19.781850814819336, "lowlevel.melbands_crest.stdev": 6.396752834320068, "lowlevel.melbands_flatness_db.mean": 0.2856733798980713, "lowlevel.melbands_flatness_db.stdev": 0.09913629293441772, "lowlevel.melbands_kurtosis.mean": 43.51757049560547, "lowlevel.melbands_kurtosis.stdev": 60.187252044677734, "lowlevel.melbands_skewness.mean": 4.518168926239014, "lowlevel.melbands_skewness.stdev": 2.6407055854797363, "lowlevel.melbands_spread.mean": 14.073546409606934, "lowlevel.melbands_spread.stdev": 18.23870086669922, "lowlevel.pitch_salience.mean": 0.44407787919044495, "lowlevel.pitch_salience.stdev": 0.13485798239707947, "lowlevel.silence_rate_20dB.mean": 1.0, "lowlevel.silence_rate_20dB.stdev": 0.0, "lowlevel.silence_rate_30dB.mean": 0.9964221715927124, "lowlevel.silence_rate_30dB.stdev": 0.05970769003033638, "lowlevel.silence_rate_60dB.mean": 0.01788908801972866, "lowlevel.silence_rate_60dB.stdev": 0.13254988193511963, "lowlevel.spectral_centroid.mean": 944.6951904296875, "lowlevel.spectral_centroid.stdev": 658.7628173828125, "lowlevel.spectral_complexity.mean": 9.59630298614502, "lowlevel.spectral_complexity.stdev": 5.6994781494140625, "lowlevel.spectral_decrease.mean": -7.641489219167852e-09, "lowlevel.spectral_decrease.stdev": 5.817519355133527e-09, "lowlevel.spectral_energy.mean": 0.030464371666312218, "lowlevel.spectral_energy.stdev": 0.022505583241581917, "lowlevel.spectral_energyband_high.mean": 0.0009380991104990244, "lowlevel.spectral_energyband_high.stdev": 0.0013923222431913018, "lowlevel.spectral_energyband_low.mean": 0.006375164724886417, "lowlevel.spectral_energyband_low.stdev": 0.017907606437802315, "lowlevel.spectral_energyband_middle_high.mean": 0.0024272336158901453, "lowlevel.spectral_energyband_middle_high.stdev": 0.0035213283263146877, "lowlevel.spectral_energyband_middle_low.mean": 0.02079223468899727, "lowlevel.spectral_energyband_middle_low.stdev": 0.015997804701328278, "lowlevel.spectral_entropy.mean": 7.017599105834961, "lowlevel.spectral_entropy.stdev": 0.8217488527297974, "lowlevel.spectral_flux.mean": 0.0694805160164833, "lowlevel.spectral_flux.stdev": 0.04834457486867905, "lowlevel.spectral_kurtosis.mean": 11.982759475708008, "lowlevel.spectral_kurtosis.stdev": 59.218780517578125, "lowlevel.spectral_rms.mean": 0.005103393457829952, "lowlevel.spectral_rms.stdev": 0.001917455461807549, "lowlevel.spectral_rolloff.mean": 1113.79736328125, "lowlevel.spectral_rolloff.stdev": 1539.27783203125, "lowlevel.spectral_skewness.mean": 1.7547866106033325, "lowlevel.spectral_skewness.stdev": 2.3659098148345947, "lowlevel.spectral_spread.mean": 4995014.5, "lowlevel.spectral_spread.stdev": 1574267.0, "lowlevel.spectral_strongpeak.mean": 1.3155547380447388, "lowlevel.spectral_strongpeak.stdev": 0.8388059139251709, "lowlevel.zerocrossingrate.mean": 0.050938479602336884, "lowlevel.zerocrossingrate.stdev": 0.036527588963508606, "metadata.audio_properties.analysis.equal_loudness": 0.0, "metadata.audio_properties.analysis.length": 38.910953521728516, "metadata.audio_properties.analysis.sample_rate": 44100.0, "metadata.audio_properties.analysis.start_time": 0.0, "metadata.audio_properties.bit_rate": 121208.0, "metadata.audio_properties.length": 38.9119987487793, "metadata.audio_properties.lossless": 0.0, "metadata.audio_properties.number_channels": 1.0, "metadata.audio_properties.replay_gain": -13.515810012817383, "metadata.audio_properties.sample_rate": 48000.0, "rhythm.beats_count": 76.0, "rhythm.beats_loudness.mean": 0.04177658632397652, "rhythm.beats_loudness.stdev": 0.020462458953261375, "rhythm.bpm": 117.89080810546875, "rhythm.bpm_histogram_first_peak_bpm": 117.0, "rhythm.bpm_histogram_first_peak_weight": 0.1600000262260437, "rhythm.bpm_histogram_second_peak_bpm": 0.0, "rhythm.bpm_histogram_second_peak_spread": 0.0, "rhythm.bpm_histogram_second_peak_weight": 0.0, "rhythm.danceability": 1.4512007236480713, "rhythm.onset_rate": 5.034903526306152, "tonal.chords_changes_rate": 0.05959475412964821, "tonal.chords_number_rate": 0.009535160847008228, "tonal.chords_strength.mean": 0.5514566898345947, "tonal.chords_strength.stdev": 0.09911689907312393, "tonal.hpcp_crest.mean": 18.22222137451172, "tonal.hpcp_crest.stdev": 8.130495071411133, "tonal.hpcp_entropy.mean": 1.4700725078582764, "tonal.hpcp_entropy.stdev": 0.7098067402839661, "tonal.key_edma.strength": 0.6616019010543823, "tonal.key_krumhansl.strength": 0.6655793786048889, "tonal.key_temperley.strength": 0.6660374402999878, "tonal.tuning_diatonic_strength": 0.4821054935455322, "tonal.tuning_equal_tempered_deviation": 0.20370179414749146, "tonal.tuning_frequency": 434.193115234375, "tonal.tuning_nontempered_energy_ratio": 0.9821207523345947, "lowlevel.barkbands.mean": [0.0009183288784697652, 0.0050914091989398, 0.0003346477751620114, 0.0001564982667332515, 0.006768337916582823, 0.007018308620899916, 0.00355671183206141, 0.0018054763786494732, 0.0014000569935888052, 0.0006392062641680241, 0.00026594664086587727, 0.00026838897611014545, 0.000311170268105343, 0.0002358512720093131, 0.00028751377249136567, 9.103558113565668e-05, 5.064789002062753e-05, 0.00013427787052933127, 0.000147295679198578, 0.00014048736193217337, 0.00012361501285340637, 0.0002690190158318728, 0.00034584483364596963, 4.9103920900961384e-05, 3.5117311199428514e-05, 1.9602028260123916e-05, 5.146330295247026e-07], "lowlevel.barkbands.stdev": [0.002659959252923727, 0.015135420486330986, 0.003155785147100687, 0.0013495886232703924, 0.007941422052681446, 0.009060898795723915, 0.006986716762185097, 0.0037787745241075754, 0.003965023905038834, 0.0018094836268574, 0.0007154606864787638, 0.0007545453263446689, 0.001039925031363964, 0.0007159269880503416, 0.0006387005560100079, 0.00020018918439745903, 0.00012380567204672843, 0.00030094399699009955, 0.00021849550830665976, 0.00030948329367674887, 0.00026996262022294104, 0.0005190949887037277, 0.00048449155292473733, 0.0001065301985363476, 0.00010213163477601483, 4.3315187213011086e-05, 1.382651589665329e-06], "lowlevel.erbbands.mean": [0.26967746019363403, 0.648052453994751, 0.45505762100219727, 0.5590720176696777, 4.276419639587402, 26.278234481811523, 50.77663040161133, 62.555912017822266, 59.78242874145508, 40.11914825439453, 34.95884704589844, 26.652530670166016, 29.20757484436035, 18.5132999420166, 12.104768753051758, 10.019277572631836, 13.75590705871582, 13.691216468811035, 12.020487785339355, 13.338383674621582, 5.636414051055908, 3.3588790893554688, 4.856685638427734, 10.981096267700195, 4.999242782592773, 6.828579902648926, 6.141512393951416, 4.38026237487793, 7.5278000831604, 15.937416076660156, 7.3351898193359375, 1.4588068723678589, 0.7409107685089111, 0.4421475827693939, 0.22195415198802948, 0.09998460859060287, 0.034154243767261505, 0.004629856441169977, 0.00011064032150898129, 3.961224138038233e-05], "lowlevel.erbbands.stdev": [0.7542198300361633, 2.448366641998291, 3.167048692703247, 4.381981372833252, 12.795918464660645, 32.998779296875, 76.24156951904297, 90.54405212402344, 111.64551544189453, 66.83294677734375, 68.68476104736328, 75.29429626464844, 73.39665985107422, 57.639305114746094, 28.145877838134766, 28.544729232788086, 42.884727478027344, 43.171531677246094, 29.255508422851562, 32.541107177734375, 12.182842254638672, 7.556637287139893, 8.835923194885254, 17.28409767150879, 8.237430572509766, 15.134735107421875, 13.239620208740234, 9.706772804260254, 14.537273406982422, 26.4735107421875, 10.035298347473145, 2.7123022079467773, 1.7828530073165894, 1.414286494255066, 0.6065835952758789, 0.23538054525852203, 0.07458829879760742, 0.01087466161698103, 0.00021133196423761547, 2.852026045729872e-05], "lowlevel.gfcc.mean": [-54.21928024291992, 63.241024017333984, -125.56570434570312, 4.306037425994873, -115.96818542480469, -24.679323196411133, -58.365928649902344, -19.118480682373047, -23.15590476989746, -0.690679669380188, -11.74333667755127, 10.13161849975586, -10.275035858154297], "lowlevel.melbands.mean": [0.0018459765706211329, 0.00040249430458061397, 0.00015663634985685349, 0.0010503287194296718, 0.0017528047319501638, 0.001350581063888967, 0.0008884542039595544, 0.00044833766878582537, 0.0002455454086884856, 0.00018133388948626816, 0.0001485373650211841, 7.938274211483076e-05, 4.1419461922487244e-05, 3.0472279831883498e-05, 2.4850100089679472e-05, 3.397898763068952e-05, 2.3280868845176883e-05, 1.924466050695628e-05, 1.8987024304806255e-05, 1.08430213003885e-05, 5.7556044339435175e-06, 3.326926844238187e-06, 2.9797849947499344e-06, 6.3355382735608146e-06, 9.655776011641137e-06, 4.297237410355592e-06, 2.9760033157799626e-06, 5.042104476160603e-06, 4.221598373987945e-06, 3.0123076157906326e-06, 2.2836327389086364e-06, 3.293637291790219e-06, 7.1141444095701445e-06, 9.878843229671475e-06, 5.237155619397527e-06, 1.311672463089053e-06, 6.429954169107077e-07, 5.098011115478585e-07, 4.5853474262003147e-07, 3.410533224723622e-07], "lowlevel.melbands.stdev": [0.00526224123314023, 0.0017393676098436117, 0.0008034836500883102, 0.0015771612524986267, 0.0022966100368648767, 0.0018540432211011648, 0.0016094273887574673, 0.0007350765517912805, 0.00047701329458504915, 0.0005185442860238254, 0.0003776473458856344, 0.0002541577850934118, 0.00010317243140889332, 8.762428478803486e-05, 7.899456250015646e-05, 0.0001139598389272578, 7.688213372603059e-05, 5.217232319409959e-05, 4.437109237187542e-05, 2.302245957253035e-05, 1.4123386790743098e-05, 8.206176971725654e-06, 7.138643013604451e-06, 1.37938432089868e-05, 1.5188264114840422e-05, 7.4845202107098885e-06, 6.036685135768494e-06, 1.1990361599600874e-05, 9.180729648505803e-06, 7.401868970191572e-06, 5.4678334890923e-06, 6.896164904901525e-06, 1.3954690075479448e-05, 1.5438678019563667e-05, 7.179832209658343e-06, 2.448480927341734e-06, 1.366043193229416e-06, 1.21274331377208e-06, 1.3815248394166701e-06, 1.1610959518293384e-06], "lowlevel.melbands128.mean": [0.0008691154653206468, 0.0026718652807176113, 0.0020023954566568136, 0.0007794664124958217, 0.00025702090351842344, 0.0001580191747052595, 9.704016702016816e-05, 7.724027818767354e-05, 0.0002895855577662587, 0.0010029139230027795, 0.0015242595691233873, 0.0020193622913211584, 0.0018598955357447267, 0.0013702013529837132, 0.0014224504120647907, 0.0014533445937559009, 0.0007993192411959171, 0.0010961543302983046, 0.0005072489148005843, 0.00036340407677926123, 0.0004711301007773727, 0.0005524164298549294, 8.003890252439305e-05, 0.00013412478438112885, 0.0001671056088525802, 0.00017330687842331827, 0.00031009811209514737, 6.686945562250912e-05, 0.00012053883983753622, 0.00010506173566682264, 5.54366379219573e-05, 4.1702925955178216e-05, 5.1652303227456287e-05, 2.5713392460602336e-05, 4.3030384404119104e-05, 2.5899118554661982e-05, 2.1575140635832213e-05, 2.5923691282514483e-05, 2.4325065169250593e-05, 3.200605351594277e-05, 3.6519180866889656e-05, 3.739062958629802e-05, 2.4048917111940682e-05, 1.4112152712186798e-05, 2.0002098608529195e-05, 2.3910148229333572e-05, 1.4855102563160472e-05, 9.30125497689005e-06, 3.270017259637825e-05, 1.8531893147155643e-05, 3.556464662324288e-06, 5.8703531067294534e-06, 1.0120063052454498e-05, 3.0202452308003558e-06, 2.6461245852260618e-06, 4.341306976129999e-06, 2.8476058560045203e-06, 2.5931474283424905e-06, 3.3580206491024e-06, 2.987838797707809e-06, 4.405496838444378e-06, 1.1122325304313563e-05, 1.0668976756278425e-05, 9.507135473540984e-06, 7.678725523874164e-06, 3.527027274685679e-06, 2.8077056413167156e-06, 2.685207391550648e-06, 2.6044235710287467e-06, 4.058687864016974e-06, 4.708410415332764e-06, 6.254196705413051e-06, 4.966181222698651e-06, 3.919387381756678e-06, 2.9717209599766647e-06, 3.523743089317577e-06, 2.8693443709926214e-06, 2.0997053979954217e-06, 2.3521704406448407e-06, 2.0654417767218547e-06, 2.9138006993889576e-06, 3.5886146179109346e-06, 4.7679527597210836e-06, 7.524474767706124e-06, 8.806454388832208e-06, 9.759704880707432e-06, 1.0893792932620272e-05, 9.387933459947817e-06, 4.886510851065395e-06, 2.3122643142414745e-06, 1.536692252557259e-06, 1.0866720003832597e-06, 7.901129492893233e-07, 6.395936225089827e-07, 5.34249465999892e-07, 5.212066866988607e-07, 4.966994424648874e-07, 5.080460141471121e-07, 4.806981337424077e-07, 4.209391022413911e-07, 3.9811345686757704e-07, 3.216649702153518e-07, 2.8527162498903635e-07, 2.5815722892730264e-07, 2.4610886839582236e-07, 2.430826953059295e-07, 2.263341229991056e-07, 1.7432721222121472e-07, 1.6126779200931196e-07, 1.7640631710946764e-07, 1.240835700855314e-07, 1.2751998212934268e-07, 1.1042390468674057e-07, 8.763444725445879e-08, 7.393895629093095e-08, 5.632981370240486e-08, 2.1116209225624516e-08, 1.1152490042576346e-09, 1.3246933064370303e-11, 3.9811049422355804e-12, 3.869243467291561e-12, 3.779285044636094e-12, 3.697725719370437e-12, 3.629255966933198e-12, 3.555434375732136e-12, 3.472389042968871e-12, 3.4210518532612477e-12, 3.3986977728689416e-12], "lowlevel.melbands128.stdev": [0.0025114528834819794, 0.0074481843039393425, 0.006609479431062937, 0.0033389776945114136, 0.0017214769031852484, 0.0015393862267956138, 0.0010049145203083754, 0.0006872881785966456, 0.0013856214936822653, 0.002434670692309737, 0.002259289612993598, 0.0028068453539162874, 0.003757686819881201, 0.002094498137012124, 0.0021912783849984407, 0.0031362439040094614, 0.0018496689153835177, 0.0025807926431298256, 0.0010631446493789554, 0.0010990631999447942, 0.0010300077265128493, 0.0012662444496527314, 0.00025030443794094026, 0.0005682259215973318, 0.0007304071914404631, 0.0006246946868486702, 0.0010969011345878243, 0.00018129048112314194, 0.00040969729889184237, 0.00041428624535910785, 0.0002909874892793596, 0.00011920080578420311, 0.00015321177488658577, 8.638123836135492e-05, 0.00013939119526185095, 9.372178465127945e-05, 8.407061250181869e-05, 0.00010165111598325893, 9.000287536764517e-05, 0.00011060805263696238, 0.000146129954373464, 0.00014121670392341912, 9.958312875824049e-05, 5.70474803680554e-05, 8.004372648429126e-05, 8.23651353130117e-05, 5.070376209914684e-05, 2.992869667650666e-05, 0.00010708796617109329, 4.968315988662653e-05, 1.0139237929251976e-05, 1.6100802895380184e-05, 3.0757408239878714e-05, 8.163527127180714e-06, 6.575978659384418e-06, 1.2711692761513405e-05, 9.924997357302345e-06, 8.6643522081431e-06, 9.850798051047605e-06, 7.354880381171824e-06, 9.890079127217177e-06, 3.349502003402449e-05, 2.4941584342741407e-05, 1.6274769222945906e-05, 1.706696639303118e-05, 8.057935701799579e-06, 5.902658813283779e-06, 7.269432899192907e-06, 5.500559382198844e-06, 1.0129423571925145e-05, 1.3901997590437531e-05, 1.6362755559384823e-05, 1.3479524568538181e-05, 8.188159881683532e-06, 8.779329618846532e-06, 1.053102550940821e-05, 7.290064331755275e-06, 5.2459317885222845e-06, 6.516487701446749e-06, 5.5162468015623745e-06, 7.342169737967197e-06, 8.023049304028973e-06, 1.025050187308807e-05, 1.596575566509273e-05, 1.8696449842536822e-05, 2.0098472305107862e-05, 1.62950291269226e-05, 1.4376310900843237e-05, 7.337191163969692e-06, 3.897417627740651e-06, 3.279503971498343e-06, 2.342098468943732e-06, 1.9339140635565855e-06, 1.4572618738384335e-06, 1.242903522324923e-06, 1.3367350675252965e-06, 1.317116584687028e-06, 1.424219931323023e-06, 1.5901385950201075e-06, 1.3795039421893307e-06, 1.4160855243972037e-06, 1.2035264944643131e-06, 8.900348120732815e-07, 1.0494132993699168e-06, 6.981599653954618e-07, 6.160262273624539e-07, 5.611701681118575e-07, 5.001514864488854e-07, 4.2001877886832517e-07, 4.4259027731641254e-07, 3.088387359184708e-07, 3.131920607302163e-07, 2.514842947221041e-07, 2.254092379416761e-07, 2.1368910552155285e-07, 1.6180912609797815e-07, 5.125765412117289e-08, 6.9232046762124355e-09, 2.6502711136799917e-10, 5.4856097962685535e-12, 5.348648173669757e-12, 5.228938809720418e-12, 5.121988336936889e-12, 5.034151481092541e-12, 4.961184674884267e-12, 4.9009403306488064e-12, 4.858125186857354e-12, 4.831723562914725e-12], "lowlevel.mfcc.mean": [-696.8974609375, 97.65595245361328, 10.340906143188477, 6.329782962799072, -42.375701904296875, -15.619194030761719, -42.32768249511719, -18.189617156982422, -34.252479553222656, -8.629958152770996, -12.465513229370117, -16.846778869628906, -1.7742174863815308], "lowlevel.spectral_contrast_coeffs.mean": [-0.4585418701171875, -0.6219482421875, -0.7544302940368652, -0.7992920875549316, -0.7941129207611084, -0.6929464340209961], "lowlevel.spectral_contrast_coeffs.stdev": [0.13852739334106445, 0.08429544419050217, 0.08465462177991867, 0.06064452603459358, 0.04916566237807274, 0.0729571059346199], "lowlevel.spectral_contrast_valleys.mean": [-9.159011840820312, -7.1664228439331055, -8.032519340515137, -8.375367164611816, -8.195311546325684, -11.001005172729492], "lowlevel.spectral_contrast_valleys.stdev": [1.1475329399108887, 0.7715530395507812, 0.9026401042938232, 0.969804584980011, 1.1446126699447632, 1.184625506401062], "rhythm.beats_loudness_band_ratio.mean": [0.12397655844688416, 0.4932668209075928, 0.3061157763004303, 0.04422537237405777, 0.022953346371650696, 0.028515150770545006], "rhythm.beats_loudness_band_ratio.stdev": [0.28120937943458557, 0.2620171308517456, 0.21557748317718506, 0.06838247179985046, 0.027296068146824837, 0.029602905735373497], "tonal.hpcp.mean": [0.15883181989192963, 0.19846242666244507, 0.07070943713188171, 0.015635833144187927, 0.014947423711419106, 0.027141306549310684, 0.15381239354610443, 0.18884596228599548, 0.059270523488521576, 0.012780029326677322, 0.013316686265170574, 0.029970694333314896, 0.23779241740703583, 0.2886185348033905, 0.08501087874174118, 0.06531781703233719, 0.0737476795911789, 0.024617096409201622, 0.011621707119047642, 0.009980893693864346, 0.017916662618517876, 0.18635211884975433, 0.2566719949245453, 0.10375910252332687, 0.029991837218403816, 0.02277078665792942, 0.030192892998456955, 0.22064726054668427, 0.24180926382541656, 0.0463312491774559, 0.013383889570832253, 0.01061502005904913, 0.013583879917860031, 0.05674636736512184, 0.07765654474496841, 0.051675233989953995], "tonal.hpcp.stdev": [0.2814583480358124, 0.3461182117462158, 0.16701771318912506, 0.08726929873228073, 0.08514412492513657, 0.11732783168554306, 0.28031855821609497, 0.35319608449935913, 0.1408296525478363, 0.08909448236227036, 0.08380813151597977, 0.1188536062836647, 0.33033841848373413, 0.39692223072052, 0.16518576443195343, 0.20590431988239288, 0.23566727340221405, 0.09957791119813919, 0.0674210637807846, 0.06309424340724945, 0.09655142575502396, 0.2923811674118042, 0.3729548454284668, 0.2100316882133484, 0.12452036887407303, 0.11294179409742355, 0.12370158731937408, 0.3247017562389374, 0.3516961336135864, 0.09063870459794998, 0.050947245210409164, 0.04678785800933838, 0.05188395455479622, 0.1480492204427719, 0.2053971141576767, 0.1399923712015152], "rhythm.beats_position": [0.4876190423965454, 0.9984580278396606, 1.4976871013641357, 1.9969160556793213, 2.5077550411224365, 3.0185940265655518, 3.529433012008667, 4.040272235870361, 4.539501190185547, 5.038730144500732, 5.549569129943848, 6.060408115386963, 6.571247100830078, 7.082086086273193, 7.592925071716309, 8.103763580322266, 8.614603042602539, 9.125441551208496, 9.63628101348877, 10.147119522094727, 10.657958984375, 11.168798446655273, 11.67963695526123, 12.190476417541504, 12.701314926147461, 13.212154388427734, 13.711382865905762, 14.210612297058105, 14.721450805664062, 15.232290267944336, 15.743128776550293, 16.25396728515625, 16.764806747436523, 17.275646209716797, 17.78648567199707, 18.29732322692871, 18.796552658081055, 19.307392120361328, 19.806621551513672, 20.317459106445312, 20.828298568725586, 21.33913803100586, 21.849977493286133, 22.360815048217773, 22.871654510498047, 23.38249397277832, 23.893333435058594, 24.404170989990234, 24.915010452270508, 25.42584991455078, 25.925079345703125, 26.4359188079834, 26.93514633178711, 27.445985794067383, 27.956825256347656, 28.46766471862793, 28.97850227355957, 29.489341735839844, 30.000181198120117, 30.51102066040039, 31.02185821533203, 31.532697677612305, 32.04353713989258, 32.55437469482422, 33.065216064453125, 33.576053619384766, 34.086891174316406, 34.59773254394531, 35.10857009887695, 35.6077995300293, 36.10702896118164, 36.61786651611328, 37.12870788574219, 37.63954544067383, 38.15038299560547, 38.661224365234375], "rhythm.bpm_histogram": [0.0, 0.0, 0.0, 0.0, 0.0, 0.0, 0.0, 0.0, 0.0, 0.0, 0.0, 0.0, 0.0, 0.0, 0.0, 0.0, 0.0, 0.0, 0.0, 0.0, 0.0, 0.0, 0.0, 0.0, 0.0, 0.0, 0.0, 0.0, 0.0, 0.0, 0.0, 0.0, 0.0, 0.0, 0.0, 0.0, 0.0, 0.0, 0.0, 0.0, 0.0, 0.0, 0.0, 0.0, 0.0, 0.0, 0.0, 0.0, 0.0, 0.0, 0.0, 0.0, 0.0, 0.0, 0.0, 0.0, 0.0, 0.0, 0.0, 0.0, 0.0, 0.0, 0.0, 0.0, 0.0, 0.0, 0.0, 0.0, 0.0, 0.0, 0.0, 0.0, 0.0, 0.0, 0.0, 0.0, 0.0, 0.0, 0.0, 0.0, 0.0, 0.0, 0.0, 0.0, 0.0, 0.0, 0.0, 0.0, 0.0, 0.0, 0.0, 0.0, 0.0, 0.0, 0.0, 0.0, 0.0, 0.0, 0.0, 0.0, 0.0, 0.0, 0.0, 0.0, 0.0, 0.0, 0.0, 0.0, 0.0, 0.0, 0.0, 0.0, 0.0, 0.0, 0.0, 0.0, 0.0, 0.8399999737739563, 0.0, 0.0, 0.1599999964237213, 0.0, 0.0, 0.0, 0.0, 0.0, 0.0, 0.0, 0.0, 0.0, 0.0, 0.0, 0.0, 0.0, 0.0, 0.0, 0.0, 0.0, 0.0, 0.0, 0.0, 0.0, 0.0, 0.0, 0.0, 0.0, 0.0, 0.0, 0.0, 0.0, 0.0, 0.0, 0.0, 0.0, 0.0, 0.0, 0.0, 0.0, 0.0, 0.0, 0.0, 0.0, 0.0, 0.0, 0.0, 0.0, 0.0, 0.0, 0.0, 0.0, 0.0, 0.0, 0.0, 0.0, 0.0, 0.0, 0.0, 0.0, 0.0, 0.0, 0.0, 0.0, 0.0, 0.0, 0.0, 0.0, 0.0, 0.0, 0.0, 0.0, 0.0, 0.0, 0.0, 0.0, 0.0, 0.0, 0.0, 0.0, 0.0, 0.0, 0.0, 0.0, 0.0, 0.0, 0.0, 0.0, 0.0, 0.0, 0.0, 0.0, 0.0, 0.0, 0.0, 0.0, 0.0, 0.0, 0.0, 0.0, 0.0, 0.0, 0.0, 0.0, 0.0, 0.0, 0.0, 0.0, 0.0, 0.0, 0.0, 0.0, 0.0, 0.0, 0.0, 0.0, 0.0, 0.0, 0.0, 0.0, 0.0, 0.0, 0.0, 0.0, 0.0, 0.0, 0.0, 0.0, 0.0, 0.0, 0.0, 0.0], "tonal.chords_histogram": [24.433849334716797, 15.137067794799805, 2.622169256210327, 0.0, 2.3837902545928955, 0.0, 0.0, 0.0, 0.0, 0.0, 0.0, 0.0, 0.0, 0.0, 0.0, 0.0, 0.0, 0.0, 0.0, 3.2181167602539062, 0.0, 8.939213752746582, 2.2646007537841797, 41.001190185546875], "tonal.thpcp": [1.0, 0.2945440709590912, 0.22631192207336426, 0.2555195689201355, 0.08529284596443176, 0.040266670286655426, 0.034581609070301056, 0.06207730993628502, 0.6456692814826965, 0.889312207698822, 0.35950255393981934, 0.10391514748334885, 0.07889578491449356, 0.10461176186800003, 0.7644944190979004, 0.8378161191940308, 0.16052763164043427, 0.046372245997190475, 0.03677871823310852, 0.047065168619155884, 0.19661372900009155, 0.26906290650367737, 0.17904336750507355, 0.5503174662590027, 0.6876288056373596, 0.2449927031993866, 0.05417473614215851, 0.0517895482480526, 0.09403868019580841, 0.5329262614250183, 0.654309868812561, 0.20535938441753387, 0.044280003756284714, 0.04613940045237541, 0.10384189337491989, 0.8238986134529114], "lowlevel.gfcc.cov": [[6172.26025390625, -1641.617431640625, -533.500732421875, 1299.12255859375, 401.3062744140625, 701.3836059570312, 209.02980041503906, 627.5608520507812, -161.91061401367188, 179.86248779296875, -265.21832275390625, 288.7705078125, -239.79483032226562], [-1641.617431640625, 1980.1617431640625, 321.6225280761719, -663.6302490234375, 446.3648986816406, -34.89365768432617, 166.93389892578125, -221.95986938476562, 138.67431640625, -171.11297607421875, 168.27450561523438, -240.2620849609375, 142.42422485351562], [-533.500732421875, 321.6225280761719, 1352.8448486328125, 388.26422119140625, 248.38912963867188, 252.23178100585938, 261.8145751953125, 298.9804382324219, 152.0986328125, 206.37808227539062, 50.47407913208008, 98.78631591796875, 50.59259033203125], [1299.12255859375, -663.6302490234375, 388.26422119140625, 1115.3726806640625, 145.5703125, 178.39639282226562, 104.74717712402344, 315.9504089355469, 54.51708221435547, 113.02091217041016, -87.36019897460938, 137.37466430664062, -30.096691131591797], [401.3062744140625, 446.3648986816406, 248.38912963867188, 145.5703125, 691.7930297851562, 339.2894287109375, 201.2930145263672, 184.75245666503906, 88.02777099609375, 102.2249755859375, 55.249229431152344, 39.10466384887695, 34.43021011352539], [701.3836059570312, -34.89365768432617, 252.23178100585938, 178.39639282226562, 339.2894287109375, 571.5764770507812, 248.9834442138672, 178.2911834716797, 31.324495315551758, 215.87677001953125, 82.35421752929688, 72.30609893798828, 53.33857727050781], [209.02980041503906, 166.93389892578125, 261.8145751953125, 104.74717712402344, 201.2930145263672, 248.9834442138672, 333.1097106933594, 193.07691955566406, 80.30720520019531, 151.5132598876953, 83.58602142333984, 62.96074295043945, 33.40536117553711], [627.5608520507812, -221.95986938476562, 298.9804382324219, 315.9504089355469, 184.75245666503906, 178.2911834716797, 193.07691955566406, 402.86688232421875, 103.61843872070312, 146.89199829101562, -1.046354055404663, 106.4864730834961, 4.9510016441345215], [-161.91061401367188, 138.67431640625, 152.0986328125, 54.51708221435547, 88.02777099609375, 31.324495315551758, 80.30720520019531, 103.61843872070312, 210.69407653808594, 92.21495819091797, 27.62248992919922, -3.6629021167755127, 40.544246673583984], [179.86248779296875, -171.11297607421875, 206.37808227539062, 113.02091217041016, 102.2249755859375, 215.87677001953125, 151.5132598876953, 146.89199829101562, 92.21495819091797, 317.2932434082031, 120.10948944091797, 64.92630004882812, 1.2923637628555298], [-265.21832275390625, 168.27450561523438, 50.47407913208008, -87.36019897460938, 55.249229431152344, 82.35421752929688, 83.58602142333984, -1.046354055404663, 27.62248992919922, 120.10948944091797, 174.89974975585938, 31.383033752441406, 34.21729278564453], [288.7705078125, -240.2620849609375, 98.78631591796875, 137.37466430664062, 39.10466384887695, 72.30609893798828, 62.96074295043945, 106.4864730834961, -3.6629021167755127, 64.92630004882812, 31.383033752441406, 171.38514709472656, 7.492599964141846], [-239.79483032226562, 142.42422485351562, 50.59259033203125, -30.096691131591797, 34.43021011352539, 53.33857727050781, 33.40536117553711, 4.9510016441345215, 40.544246673583984, 1.2923637628555298, 34.21729278564453, 7.492599964141846, 154.06466674804688]], "lowlevel.gfcc.icov": [[0.0004898618790321052, -0.00019421013712417334, 0.0005707358359359205, -0.0004765873309224844, 0.00011730695405276492, -0.0006894104299135506, 0.00014192837988957763, -0.0006068914663046598, 0.0003958514425903559, -0.00026787599199451506, 0.0008415745687671006, -0.0005259367753751576, 0.0005993951926939189], [-0.00019421013712417334, 0.003471624106168747, -0.0015653667505830526, 0.0015026882756501436, -0.0026468108408153057, 0.0015973070403560996, -0.002526314463466406, 0.0019904514774680138, -0.001667225849814713, 0.0036843090783804655, -0.003869206178933382, 0.0038384897634387016, -0.0011011852184310555], [0.0005707358359359205, -0.0015653667505830526, 0.0021960604935884476, -0.0012813402572646737, 0.0010786282364279032, -0.0013065846869722009, 0.0007498014019802213, -0.0015977148432284594, 0.0007914358866401017, -0.0019372764509171247, 0.0024233723524957895, -0.002101948717609048, 0.0008359953062608838], [-0.0004765873309224844, 0.0015026882756501436, -0.0012813402572646737, 0.0023273732513189316, -0.0011407225392758846, 0.0009762725094333291, -0.0008219332667067647, 0.0005882754921913147, -0.000965612824074924, 0.0013981735100969672, -0.001233813469298184, 0.0012747900327667594, -0.000724849640391767], [0.00011730695405276492, -0.0026468108408153057, 0.0010786282364279032, -0.0011407225392758846, 0.00435948371887207, -0.0026121200062334538, 0.0017693407135084271, -0.002003729809075594, 0.0004226333985570818, -0.0017502505797892809, 0.002222858602181077, -0.002700825920328498, 0.0012043218594044447], [-0.0006894104299135506, 0.0015973070403560996, -0.0013065846869722009, 0.0009762725094333291, -0.0026121200062334538, 0.005661597475409508, -0.0029059089720249176, 0.0017534085782244802, 0.0006747434963472188, -0.0006918505532667041, -0.0016785617917776108, 0.002256273292005062, -0.0026411795988678932], [0.00014192837988957763, -0.002526314463466406, 0.0007498014019802213, -0.0008219332667067647, 0.0017693407135084271, -0.0029059089720249176, 0.008187580853700638, -0.0034728050231933594, 0.0004208419704809785, -0.0023678650613874197, 0.0007773502729833126, -0.002860717475414276, 0.0009720987291075289], [-0.0006068914663046598, 0.0019904514774680138, -0.0015977148432284594, 0.0005882754921913147, -0.002003729809075594, 0.0017534085782244802, -0.0034728050231933594, 0.007257740944623947, -0.002544975373893976, 0.0008921363623812795, -0.0006793065695092082, 0.0005217199795879424, -0.0009968047961592674], [0.0003958514425903559, -0.001667225849814713, 0.0007914358866401017, -0.000965612824074924, 0.0004226333985570818, 0.0006747434963472188, 0.0004208419704809785, -0.002544975373893976, 0.008459736593067646, -0.004382791463285685, 0.002825902309268713, -0.0002545104653108865, -0.0014334417646750808], [-0.00026787599199451506, 0.0036843090783804655, -0.0019372764509171247, 0.0013981735100969672, -0.0017502505797892809, -0.0006918505532667041, -0.0023678650613874197, 0.0008921363623812795, -0.004382791463285685, 0.011679773218929768, -0.00887199118733406, 0.0036794389598071575, 0.0010487657273188233], [0.0008415745687671006, -0.003869206178933382, 0.0024233723524957895, -0.001233813469298184, 0.002222858602181077, -0.0016785617917776108, 0.0007773502729833126, -0.0006793065695092082, 0.002825902309268713, -0.00887199118733406, 0.015929922461509705, -0.006403401028364897, -0.00010826127254404128], [-0.0005259367753751576, 0.0038384897634387016, -0.002101948717609048, 0.0012747900327667594, -0.002700825920328498, 0.002256273292005062, -0.002860717475414276, 0.0005217199795879424, -0.0002545104653108865, 0.0036794389598071575, -0.006403401028364897, 0.01255032792687416, -0.0021539058070629835], [0.0005993951926939189, -0.0011011852184310555, 0.0008359953062608838, -0.000724849640391767, 0.0012043218594044447, -0.0026411795988678932, 0.0009720987291075289, -0.0009968047961592674, -0.0014334417646750808, 0.0010487657273188233, -0.00010826127254404128, -0.0021539058070629835, 0.008989311754703522]], "lowlevel.mfcc.cov": [[6389.88818359375, -1556.3486328125, -784.1302490234375, 510.835205078125, 363.3123474121094, 303.6231384277344, 408.1270446777344, 519.93359375, 275.3045654296875, 275.76123046875, 114.40453338623047, -137.00570678710938, 98.65623474121094], [-1556.3486328125, 1968.901123046875, -18.786558151245117, -401.6496887207031, 121.7324447631836, 80.84745788574219, 124.52255249023438, -52.00355529785156, -43.75198745727539, 63.66664123535156, -13.24670696258545, 39.48704528808594, -64.12972259521484], [-784.1302490234375, -18.786558151245117, 1114.25634765625, 324.03546142578125, 112.14379119873047, 106.00118255615234, 144.90530395507812, 85.70270538330078, 252.35098266601562, 10.54985237121582, 221.5076446533203, 177.66162109375, 116.12501525878906], [510.835205078125, -401.6496887207031, 324.03546142578125, 756.8790283203125, 177.07359313964844, 20.411489486694336, 28.249481201171875, 201.87486267089844, 172.63291931152344, 34.45604705810547, 84.914306640625, 84.28251647949219, 81.5684814453125], [363.3123474121094, 121.7324447631836, 112.14379119873047, 177.07359313964844, 489.72216796875, 188.31504821777344, 202.9910125732422, 145.41305541992188, 199.15768432617188, 101.57987213134766, 61.4346809387207, 79.83695220947266, 71.24842071533203], [303.6231384277344, 80.84745788574219, 106.00118255615234, 20.411489486694336, 188.31504821777344, 409.2082824707031, 255.20388793945312, 76.90777587890625, 108.00762939453125, 105.40703582763672, 113.80070495605469, 76.28016662597656, 85.63206481933594], [408.1270446777344, 124.52255249023438, 144.90530395507812, 28.249481201171875, 202.9910125732422, 255.20388793945312, 451.3543701171875, 150.3892364501953, 172.95091247558594, 97.69003295898438, 192.61154174804688, 112.76229858398438, 85.01075744628906], [519.93359375, -52.00355529785156, 85.70270538330078, 201.87486267089844, 145.41305541992188, 76.90777587890625, 150.3892364501953, 289.9034423828125, 151.9246826171875, 69.27887725830078, 47.43521499633789, 34.06931686401367, 35.47532653808594], [275.3045654296875, -43.75198745727539, 252.35098266601562, 172.63291931152344, 199.15768432617188, 108.00762939453125, 172.95091247558594, 151.9246826171875, 323.190673828125, 135.3633575439453, 144.8828582763672, 83.00872039794922, 105.49605560302734], [275.76123046875, 63.66664123535156, 10.54985237121582, 34.45604705810547, 101.57987213134766, 105.40703582763672, 97.69003295898438, 69.27887725830078, 135.3633575439453, 269.6452941894531, 52.20345687866211, -23.90077781677246, 71.18968963623047], [114.40453338623047, -13.24670696258545, 221.5076446533203, 84.914306640625, 61.4346809387207, 113.80070495605469, 192.61154174804688, 47.43521499633789, 144.8828582763672, 52.20345687866211, 308.4351806640625, 179.49905395507812, 104.49893951416016], [-137.00570678710938, 39.48704528808594, 177.66162109375, 84.28251647949219, 79.83695220947266, 76.28016662597656, 112.76229858398438, 34.06931686401367, 83.00872039794922, -23.90077781677246, 179.49905395507812, 269.92572021484375, 89.65339660644531], [98.65623474121094, -64.12972259521484, 116.12501525878906, 81.5684814453125, 71.24842071533203, 85.63206481933594, 85.01075744628906, 35.47532653808594, 105.49605560302734, 71.18968963623047, 104.49893951416016, 89.65339660644531, 180.4467315673828]], "lowlevel.mfcc.icov": [[0.0003430915530771017, 0.00026352214626967907, 0.00036191768595017493, -0.00010469516564626247, -0.00012387720926199108, -0.0001112796162487939, -0.00018967622600030154, -0.0003733559278771281, -3.075187487411313e-05, -7.991860184120014e-05, -0.000256888015428558, 0.00028368073981255293, 4.2302672227378935e-05], [0.00026352214626967907, 0.000854585669003427, 0.00013974879402667284, 0.0003436740080360323, -0.000400122138671577, -1.6783594674052438e-06, -0.00027849472826346755, -0.0003074724518228322, 0.0002447778533678502, -0.00040872194222174585, -6.270047015277669e-05, -0.00011064128921134397, 0.00037420826265588403], [0.00036191768595017493, 0.00013974879402667284, 0.001733320183120668, -0.0006413522060029209, 0.0001679019769653678, -0.000334425043547526, -0.00020773783035110682, -1.28595856949687e-05, -0.0011272141709923744, 0.0004618304956238717, -0.0006028490024618804, 0.0001549827284179628, -3.2024705433286726e-05], [-0.00010469516564626247, 0.0003436740080360323, -0.0006413522060029209, 0.0023862579837441444, -0.0007255181553773582, 0.0002500276023056358, 0.0008519341354258358, -0.001351651269942522, 0.00019148127466905862, -4.194288339931518e-05, -0.00024393976491410285, -0.0002783826203085482, -0.00027018910623155534], [-0.00012387720926199108, -0.000400122138671577, 0.0001679019769653678, -0.0007255181553773582, 0.0037707912269979715, -0.0009207489783875644, -0.0007351980311796069, 0.0001649652112973854, -0.0018643875373527408, 1.578415685798973e-05, 0.001508881920017302, -0.0009086229256354272, 6.882931484142318e-05], [-0.0001112796162487939, -1.6783594674052438e-06, -0.000334425043547526, 0.0002500276023056358, -0.0009207489783875644, 0.0043580010533332825, -0.0019267573952674866, 0.00029439112404361367, 0.0008883915143087506, -0.0009267059504054487, 0.00010754322283901274, -0.00027634165599010885, -0.0007710462086834013], [-0.00018967622600030154, -0.00027849472826346755, -0.00020773783035110682, 0.0008519341354258358, -0.0007351980311796069, -0.0019267573952674866, 0.005492082331329584, -0.0017548457253724337, -0.0003045308985747397, 0.0002505352604202926, -0.002343863481655717, 0.00015360527322627604, 7.580302190035582e-05], [-0.0003733559278771281, -0.0003074724518228322, -1.28595856949687e-05, -0.001351651269942522, 0.0001649652112973854, 0.00029439112404361367, -0.0017548457253724337, 0.0066045429557561874, -0.00208646641112864, -9.049678192241117e-05, 0.0015359619865193963, -0.0005609182408079505, 0.0006823014700785279], [-3.075187487411313e-05, 0.0002447778533678502, -0.0011272141709923744, 0.00019148127466905862, -0.0018643875373527408, 0.0008883915143087506, -0.0003045308985747397, -0.00208646641112864, 0.008055418729782104, -0.0023567460011690855, -0.0017517372034490108, 0.00022043795615900308, -0.0012639216147363186], [-7.991860184120014e-05, -0.00040872194222174585, 0.0004618304956238717, -4.194288339931518e-05, 1.578415685798973e-05, -0.0009267059504054487, 0.0002505352604202926, -9.049678192241117e-05, -0.0023567460011690855, 0.006164269056171179, -0.0007589849992655218, 0.0022601627279073, -0.0017839912325143814], [-0.000256888015428558, -6.270047015277669e-05, -0.0006028490024618804, -0.00024393976491410285, 0.001508881920017302, 0.00010754322283901274, -0.002343863481655717, 0.0015359619865193963, -0.0017517372034490108, -0.0007589849992655218, 0.008334158919751644, -0.004195604473352432, -0.0006464553298428655], [0.00028368073981255293, -0.00011064128921134397, 0.0001549827284179628, -0.0002783826203085482, -0.0009086229256354272, -0.00027634165599010885, 0.00015360527322627604, -0.0005609182408079505, 0.00022043795615900308, 0.0022601627279073, -0.004195604473352432, 0.007830407470464706, -0.0021218014881014824], [4.2302672227378935e-05, 0.00037420826265588403, -3.2024705433286726e-05, -0.00027018910623155534, 6.882931484142318e-05, -0.0007710462086834013, 7.580302190035582e-05, 0.0006823014700785279, -0.0012639216147363186, -0.0017839912325143814, -0.0006464553298428655, -0.0021218014881014824, 0.008834611624479294]], "metadata.audio_properties.analysis.downmix": "mix", "metadata.audio_properties.codec": "mp3", "metadata.audio_properties.md5_encoded": "daa429bb2e08dad4a0ad7bf84b6bc75a", "metadata.tags.file_name": "1182264525777555506.mp3", "metadata.version.essentia": "2.1-beta6-dev", "metadata.version.essentia_git_sha": "v2.1_beta5-1110-g77a6a9