{"song_id": "1182266375251693598", "download": "https://cdn.discordapp.com/attachments/1135903449314238464/1182266375251693598/chirp.mp4?ex=6584125d&amp", "lyrics": "Brush your teeth up and down\n\nClean along gaps with care\nCavities go buzz buzz away\n\nTooth by tooth ding ding hooray\n\nChorus:\nHappily sing tra la la\nBrush diligently everyday\nFight tooth decay\nSmile bright, hip hip hooray\n\nVerse 2:\nCircle round those whites\n\nShoo away tiny bugs\n\nTooth by tooth make bright\nRinse and gargle after right\n\nChorus:\n\nHappily sing tra la la\nBrush diligently everyday\nFight tooth decay\nSmile bright, hip hip hooray", "style": ["happy song for kids</span><span>, Classical"], "essentia_features": {"lowlevel.average_loudness": 0.9763379693031311, "lowlevel.barkbands_crest.mean": 16.04874610900879, "lowlevel.barkbands_crest.stdev": 5.5781474113464355, "lowlevel.barkbands_flatness_db.mean": 0.31609535217285156, "lowlevel.barkbands_flatness_db.stdev": 0.09015773236751556, "lowlevel.barkbands_kurtosis.mean": 53.993350982666016, "lowlevel.barkbands_kurtosis.stdev": 248.86941528320312, "lowlevel.barkbands_skewness.mean": 4.024538516998291, "lowlevel.barkbands_skewness.stdev": 4.6583662033081055, "lowlevel.barkbands_spread.mean": 6.811801433563232, "lowlevel.barkbands_spread.stdev": 11.174933433532715, "lowlevel.dissonance.mean": 0.3734799325466156, "lowlevel.dissonance.stdev": 0.06825878471136093, "lowlevel.dynamic_complexity": 3.4239938259124756, "lowlevel.erbbands_crest.mean": 16.085607528686523, "lowlevel.erbbands_crest.stdev": 5.695004940032959, "lowlevel.erbbands_flatness_db.mean": 0.2911369204521179, "lowlevel.erbbands_flatness_db.stdev": 0.07985540479421616, "lowlevel.erbbands_kurtosis.mean": 9.276288986206055, "lowlevel.erbbands_kurtosis.stdev": 19.323165893554688, "lowlevel.erbbands_skewness.mean": 1.9465336799621582, "lowlevel.erbbands_skewness.stdev": 1.73377525806427, "lowlevel.erbbands_spread.mean": 20.44011116027832, "lowlevel.erbbands_spread.stdev": 22.057327270507812, "lowlevel.hfc.mean": 9.124600410461426, "lowlevel.hfc.stdev": 8.495296478271484, "lowlevel.loudness_ebu128.integrated": -15.720296859741211, "lowlevel.loudness_ebu128.loudness_range": 1.253499984741211, "lowlevel.loudness_ebu128.momentary.mean": -15.953340530395508, "lowlevel.loudness_ebu128.momentary.stdev": 1.503645896911621, "lowlevel.loudness_ebu128.short_term.mean": -15.68079662322998, "lowlevel.loudness_ebu128.short_term.stdev": 0.4591275155544281, "lowlevel.melbands_crest.mean": 20.11773681640625, "lowlevel.melbands_crest.stdev": 5.132228374481201, "lowlevel.melbands_flatness_db.mean": 0.3737797439098358, "lowlevel.melbands_flatness_db.stdev": 0.10330669581890106, "lowlevel.melbands_kurtosis.mean": 40.997398376464844, "lowlevel.melbands_kurtosis.stdev": 55.18128967285156, "lowlevel.melbands_skewness.mean": 3.9483585357666016, "lowlevel.melbands_skewness.stdev": 2.590423822402954, "lowlevel.melbands_spread.mean": 7.359104633331299, "lowlevel.melbands_spread.stdev": 14.1925687789917, "lowlevel.pitch_salience.mean": 0.3899507522583008, "lowlevel.pitch_salience.stdev": 0.1512589007616043, "lowlevel.silence_rate_20dB.mean": 1.0, "lowlevel.silence_rate_20dB.stdev": 0.0, "lowlevel.silence_rate_30dB.mean": 0.9980670213699341, "lowlevel.silence_rate_30dB.stdev": 0.04392328858375549, "lowlevel.silence_rate_60dB.mean": 0.12113402038812637, "lowlevel.silence_rate_60dB.stdev": 0.3262840807437897, "lowlevel.spectral_centroid.mean": 522.83203125, "lowlevel.spectral_centroid.stdev": 418.6311340332031, "lowlevel.spectral_complexity.mean": 6.4123711585998535, "lowlevel.spectral_complexity.stdev": 3.608241319656372, "lowlevel.spectral_decrease.mean": -5.76967718046717e-09, "lowlevel.spectral_decrease.stdev": 5.011338455318537e-09, "lowlevel.spectral_energy.mean": 0.022603733465075493, "lowlevel.spectral_energy.stdev": 0.019573882222175598, "lowlevel.spectral_energyband_high.mean": 6.904391193529591e-05, "lowlevel.spectral_energyband_high.stdev": 0.0002412777830613777, "lowlevel.spectral_energyband_low.mean": 0.001663629082031548, "lowlevel.spectral_energyband_low.stdev": 0.005476933903992176, "lowlevel.spectral_energyband_middle_high.mean": 0.0016667108284309506, "lowlevel.spectral_energyband_middle_high.stdev": 0.004102745093405247, "lowlevel.spectral_energyband_middle_low.mean": 0.019538119435310364, "lowlevel.spectral_energyband_middle_low.stdev": 0.018594985827803612, "lowlevel.spectral_entropy.mean": 6.031694412231445, "lowlevel.spectral_entropy.stdev": 0.9506444334983826, "lowlevel.spectral_flux.mean": 0.05686714127659798, "lowlevel.spectral_flux.stdev": 0.04221015423536301, "lowlevel.spectral_kurtosis.mean": 23.9846134185791, "lowlevel.spectral_kurtosis.stdev": 28.05697250366211, "lowlevel.spectral_rms.mean": 0.004206673242151737, "lowlevel.spectral_rms.stdev": 0.0020871832966804504, "lowlevel.spectral_rolloff.mean": 698.0513916015625, "lowlevel.spectral_rolloff.stdev": 1233.4630126953125, "lowlevel.spectral_skewness.mean": 3.4292633533477783, "lowlevel.spectral_skewness.stdev": 1.9219287633895874, "lowlevel.spectral_spread.mean": 3317134.5, "lowlevel.spectral_spread.stdev": 2072460.375, "lowlevel.spectral_strongpeak.mean": 1.0969456434249878, "lowlevel.spectral_strongpeak.stdev": 0.8893516063690186, "lowlevel.zerocrossingrate.mean": 0.028823381289839745, "lowlevel.zerocrossingrate.stdev": 0.03435300290584564, "metadata.audio_properties.analysis.equal_loudness": 0.0, "metadata.audio_properties.analysis.length": 36.009613037109375, "metadata.audio_properties.analysis.sample_rate": 44100.0, "metadata.audio_properties.analysis.start_time": 0.0, "metadata.audio_properties.bit_rate": 115132.0, "metadata.audio_properties.length": 36.01066589355469, "metadata.audio_properties.lossless": 0.0, "metadata.audio_properties.number_channels": 1.0, "metadata.audio_properties.replay_gain": -12.50743293762207, "metadata.audio_properties.sample_rate": 48000.0, "rhythm.beats_count": 63.0, "rhythm.beats_loudness.mean": 0.05211050435900688, "rhythm.beats_loudness.stdev": 0.019555889070034027, "rhythm.bpm": 107.01127624511719, "rhythm.bpm_histogram_first_peak_bpm": 108.0, "rhythm.bpm_histogram_first_peak_weight": 0.27586203813552856, "rhythm.bpm_histogram_second_peak_bpm": 98.0, "rhythm.bpm_histogram_second_peak_spread": 0.0, "rhythm.bpm_histogram_second_peak_weight": 0.032258063554763794, "rhythm.danceability": 2.0041863918304443, "rhythm.onset_rate": 3.9416239261627197, "tonal.chords_changes_rate": 0.04247104376554489, "tonal.chords_number_rate": 0.009009009227156639, "tonal.chords_strength.mean": 0.5788063406944275, "tonal.chords_strength.stdev": 0.08967367559671402, "tonal.hpcp_crest.mean": 19.329652786254883, "tonal.hpcp_crest.stdev": 8.758079528808594, "tonal.hpcp_entropy.mean": 1.3715596199035645, "tonal.hpcp_entropy.stdev": 0.7593939900398254, "tonal.key_edma.strength": 0.7926918268203735, "tonal.key_krumhansl.strength": 0.7892553210258484, "tonal.key_temperley.strength": 0.786399781703949, "tonal.tuning_diatonic_strength": 0.6986180543899536, "tonal.tuning_equal_tempered_deviation": 0.06586670130491257, "tonal.tuning_frequency": 438.7310485839844, "tonal.tuning_nontempered_energy_ratio": 0.6865427494049072, "lowlevel.barkbands.mean": [2.1681998987332918e-06, 0.0006829911726526916, 0.000940187368541956, 0.000117190029413905, 0.010433036834001541, 0.005201900843530893, 0.0010029561817646027, 0.0014007801655679941, 0.0007695858948864043, 0.0008466075523756444, 0.0004897419712506235, 9.547748049953952e-05, 0.00011095389345427975, 0.0001595205976627767, 0.00010131356248166412, 4.524054384091869e-05, 6.453343667089939e-05, 4.695970346801914e-05, 1.6299147318932228e-05, 1.4940861547074746e-05, 7.949424798425753e-06, 1.0211136213911232e-05, 1.9197545043425635e-05, 1.1802255357906688e-05, 8.920002073864453e-06, 3.273813717896701e-06, 5.2566266894871205e-09], "lowlevel.barkbands.stdev": [1.2784679711330682e-05, 0.002468639286234975, 0.0031900701578706503, 0.00044817078742198646, 0.012363852933049202, 0.008096829988062382, 0.00222327234223485, 0.0035028986167162657, 0.002563565969467163, 0.002376141492277384, 0.0025367909111082554, 0.0003074397100135684, 0.0004379957099445164, 0.0005662349867634475, 0.00039567897329106927, 0.00011960802657995373, 0.00016950053395703435, 9.915849659591913e-05, 3.9958784327609465e-05, 4.3626663682516664e-05, 2.6496742066228762e-05, 4.01145989599172e-05, 7.976874621817842e-05, 6.468315405072644e-05, 4.106478445464745e-05, 1.5641600839444436e-05, 5.587713047816578e-08], "lowlevel.erbbands.mean": [0.0037374738603830338, 0.21489699184894562, 1.1715301275253296, 0.562624454498291, 3.4327898025512695, 44.92902755737305, 75.83436584472656, 26.340373992919922, 13.002938270568848, 32.91530990600586, 20.317686080932617, 19.107955932617188, 31.415008544921875, 17.13206672668457, 13.843761444091797, 5.269328594207764, 5.0083842277526855, 7.75140905380249, 6.0970964431762695, 4.080680847167969, 3.0892698764801025, 3.1604204177856445, 2.8244645595550537, 1.5227872133255005, 0.5152003765106201, 0.7310869693756104, 0.4117056727409363, 0.29799342155456543, 0.3910389542579651, 0.48867401480674744, 0.5218521356582642, 0.23126421868801117, 0.21832869946956635, 0.12583650648593903, 0.050569966435432434, 0.01889094151556492, 0.0056893303990364075, 0.0003925491764675826, 1.9146600607200526e-05, 2.5858695153146982e-05], "lowlevel.erbbands.stdev": [0.013994274660944939, 0.760983407497406, 3.946988821029663, 1.8551629781723022, 5.727818489074707, 55.6029167175293, 98.92217254638672, 47.172550201416016, 31.994291305541992, 71.70621490478516, 45.25822830200195, 67.69639587402344, 87.9234848022461, 66.32723236083984, 66.05228424072266, 15.062179565429688, 17.901050567626953, 26.629114151000977, 19.021406173706055, 15.23326301574707, 7.191141128540039, 7.334656715393066, 5.94511079788208, 3.337415933609009, 1.1285383701324463, 2.245988368988037, 1.1538782119750977, 1.1400278806686401, 1.6470896005630493, 2.07985782623291, 2.3090062141418457, 1.2068355083465576, 1.1971815824508667, 0.6326730847358704, 0.25517576932907104, 0.08667023479938507, 0.02874317578971386, 0.0020328685641288757, 4.16488983319141e-05, 2.178379872930236e-05], "lowlevel.gfcc.mean": [-142.35397338867188, 127.09656524658203, -109.93521118164062, -2.9726672172546387, -85.28279113769531, -20.244338989257812, -62.84502029418945, -14.045709609985352, -28.60976219177246, -17.70125389099121, -8.665950775146484, -4.818933963775635, 3.2973947525024414], "lowlevel.melbands.mean": [0.00010266191384289414, 0.0004797151486855, 0.0001428689865861088, 0.0014634494436904788, 0.0027988762594759464, 0.0006665144464932382, 0.00019014536519534886, 0.00036700619966723025, 0.00015652335423510522, 0.00011174205428687856, 0.00015245152462739497, 6.3508894527331e-05, 6.0881364333909005e-05, 1.1803853340097703e-05, 1.556841380079277e-05, 7.689432095503435e-06, 1.627811616344843e-05, 1.0265862329106312e-05, 7.373607786576031e-06, 3.6540684504871024e-06, 3.884060788550414e-06, 3.6529718272504397e-06, 2.633116309880279e-06, 2.2724834707332775e-06, 1.1624636044871295e-06, 3.340268790452683e-07, 4.29115544875458e-07, 4.950514949086937e-07, 2.839097419382597e-07, 1.8735491380539315e-07, 1.5874412895300338e-07, 2.2289782464213204e-07, 1.9232663817092543e-07, 3.190124857610499e-07, 3.253564102578821e-07, 2.1160850849355484e-07, 1.2086587730664178e-07, 1.5449590762273147e-07, 1.4257759062275e-07, 9.579901671941116e-08], "lowlevel.melbands.stdev": [0.00037445558700710535, 0.001605509896762669, 0.0003859037533402443, 0.0017446340061724186, 0.0033251959830522537, 0.0011601496953517199, 0.0004587468574754894, 0.0008340492495335639, 0.0003699144290294498, 0.0003759103419724852, 0.00043630192521959543, 0.0002551008656155318, 0.00032047604327090085, 3.4199725632788613e-05, 5.339954077498987e-05, 2.9652321245521307e-05, 5.844939732924104e-05, 3.4458509617252275e-05, 3.5926328564528376e-05, 1.0822056538017932e-05, 1.0085619578603655e-05, 9.519504601485096e-06, 6.078298156353412e-06, 5.09812662130571e-06, 2.8374165594868828e-06, 7.738441354376846e-07, 1.1825625279016094e-06, 1.636997239984339e-06, 7.936642987260711e-07, 7.13624046966288e-07, 6.383615414051746e-07, 9.823322670854395e-07, 7.581807608403324e-07, 1.4373039221027284e-06, 1.3575335060522775e-06, 1.2364512258500326e-06, 6.425325409509242e-07, 8.355207796739705e-07, 8.294917392959178e-07, 4.620520428488817e-07], "lowlevel.melbands128.mean": [1.239732796420867e-06, 4.027397153549828e-06, 4.8187084757955745e-05, 0.0004622192063834518, 0.0007137517095543444, 0.0003527709632180631, 7.763450412312523e-05, 6.980082980589941e-05, 0.00023804484226275235, 0.0006291866884566844, 0.0028708006720989943, 0.0038960182573646307, 0.0029143451247364283, 0.0014712903648614883, 0.0004674239899031818, 0.0003434502868913114, 0.00028351653600111604, 7.888933032518253e-05, 0.00015416381938848644, 0.00048887386219576, 0.00043168713455088437, 0.0001484333333792165, 0.00011113896471215412, 0.00015813345089554787, 0.0001598591625224799, 3.62585014954675e-05, 0.00014280849427450448, 0.00025539574562571943, 5.688849705620669e-05, 5.248630986898206e-05, 5.846233034390025e-05, 9.681250958237797e-05, 7.639163959538564e-05, 2.8173621103633195e-05, 5.442183464765549e-06, 1.0722106708271895e-05, 1.4642696442024317e-05, 1.4480191566690337e-05, 2.1188670871197246e-05, 6.214492714207154e-06, 4.027327577205142e-06, 9.754689017427154e-06, 1.498402616562089e-05, 2.281514389324002e-05, 1.2997109479329083e-05, 6.521073828480439e-06, 8.863594302965794e-06, 9.187891919282265e-06, 5.432844318420393e-06, 5.2954173952457495e-06, 3.180718977091601e-06, 2.3697493816143833e-06, 2.892294787670835e-06, 4.7999274102039635e-06, 5.8544719649944454e-06, 3.2914726943999995e-06, 1.8977550553245237e-06, 2.8357549126667436e-06, 2.795880845951615e-06, 2.593685394458589e-06, 2.810752448567655e-06, 1.3361366200115299e-06, 1.5476261978619732e-06, 1.183422341455298e-06, 4.093741097221937e-07, 3.0914091553313483e-07, 2.4866349690455536e-07, 3.0073204015934607e-07, 4.75895234330892e-07, 6.293970500337309e-07, 4.91904813770816e-07, 4.6550684373869444e-07, 3.4307302598790557e-07, 2.6798105068337463e-07, 1.791175776588716e-07, 1.9515351823429228e-07, 1.8601066642531805e-07, 1.7353406178699515e-07, 1.4188185559760313e-07, 1.585113835744778e-07, 1.7486361514329474e-07, 3.3822877298916865e-07, 1.721815294786211e-07, 1.6660776225307927e-07, 1.9099621795248822e-07, 2.894576027756557e-07, 3.6970558880966564e-07, 3.566578925529029e-07, 3.310022407276847e-07, 3.078399970490864e-07, 2.5789043434087944e-07, 2.0816452206418035e-07, 8.738735601809822e-08, 9.10686779320713e-08, 1.5217420923363534e-07, 1.7769484372820443e-07, 1.2170453089765942e-07, 1.826330020548994e-07, 1.5578658008053026e-07, 1.1834698199209015e-07, 1.057381950886338e-07, 1.0634451541591261e-07, 6.141003439097403e-08, 6.231071836282354e-08, 5.643351030926169e-08, 5.121207280467388e-08, 4.550323851049143e-08, 3.4782338786953915e-08, 2.9853822525183205e-08, 2.6528091723321268e-08, 2.8199993451494265e-08, 2.4134140019782535e-08, 1.7061278612118258e-08, 1.2769008961299733e-08, 7.0668595419931535e-09, 2.819245281671101e-09, 2.656265207789943e-10, 8.051028593802911e-12, 3.950791083173755e-12, 3.6119197910355894e-12, 3.6111176982683846e-12, 3.2795565308579855e-12, 3.208602437562713e-12, 3.1517752817344924e-12, 3.0840484246258404e-12, 2.998169854745436e-12, 2.9479483090733005e-12, 2.9282945426117868e-12], "lowlevel.melbands128.stdev": [7.088088295859052e-06, 2.6200284992228262e-05, 0.00022314437956083566, 0.001666951458901167, 0.002443473320454359, 0.0012181818019598722, 0.00037853821413591504, 0.000251229532295838, 0.0007437518797814846, 0.0009249919676221907, 0.003832154907286167, 0.0052305106073617935, 0.0045302449725568295, 0.0025439132004976273, 0.0011695711873471737, 0.0009326175204478204, 0.0008294695289805532, 0.0005422573303803802, 0.0004296179977245629, 0.0011187512427568436, 0.0013243333669379354, 0.0005076382076367736, 0.0003944349300581962, 0.0006775442161597311, 0.0007778011495247483, 0.00014181385631673038, 0.00041522076935507357, 0.0008198146242648363, 0.0002172707172576338, 0.0002725411031860858, 0.00038080947706475854, 0.0006086240173317492, 0.0005295350565575063, 0.00012981460895389318, 2.4812468836898915e-05, 4.585738497553393e-05, 5.657998553942889e-05, 7.073987217154354e-05, 0.00010748438944574445, 2.7748279535444453e-05, 2.6008470740634948e-05, 6.870457582408562e-05, 7.15040005161427e-05, 9.379170660395175e-05, 8.41627042973414e-05, 3.306587677798234e-05, 4.202162745059468e-05, 6.609972479054704e-05, 3.9141868910519406e-05, 2.314740777364932e-05, 1.3265889720059931e-05, 8.77826187206665e-06, 1.0778827345347963e-05, 1.659681038290728e-05, 2.34876133617945e-05, 1.3038307770329993e-05, 5.626534402836114e-06, 1.0544817087065894e-05, 8.44504393171519e-06, 8.091684321698267e-06, 7.429556717397645e-06, 3.694713541335659e-06, 4.517165962170111e-06, 3.8074567783041857e-06, 1.1314585890431772e-06, 8.269336717603437e-07, 6.99854638241959e-07, 8.265421342912305e-07, 1.5396283288282575e-06, 2.202478981416789e-06, 2.3791151306795655e-06, 1.5497970480282675e-06, 1.1831284609797876e-06, 7.609454542034655e-07, 5.314632858244295e-07, 9.246379022442852e-07, 7.634470193806919e-07, 8.387215757466038e-07, 6.454305889747047e-07, 7.15760279490496e-07, 6.605941393900139e-07, 1.8790038893712335e-06, 6.714489018122549e-07, 6.763877422599762e-07, 9.468511166232929e-07, 1.33778075905866e-06, 1.8675851833904744e-06, 1.4595267430195236e-06, 1.3487190244632075e-06, 1.7628707382755238e-06, 1.651092134125065e-06, 1.4047067224964849e-06, 4.6070860548752535e-07, 5.475542934618716e-07, 8.811383054307953e-07, 1.1079515616074787e-06, 6.17801845237409e-07, 1.1357611811035895e-06, 1.0657306575012626e-06, 6.002211421218817e-07, 5.665226581186289e-07, 5.458045393424982e-07, 2.9149691727070604e-07, 2.385154402873013e-07, 5.108657887831214e-07, 2.524128319691954e-07, 2.412417643427034e-07, 1.8350129948885296e-07, 1.1905911634357835e-07, 1.3928431030763022e-07, 1.6886649234493234e-07, 1.549938275502427e-07, 8.226258074728321e-08, 7.115853861705546e-08, 3.898006539770904e-08, 2.3235488200157306e-08, 2.2556290169006843e-09, 1.0277906997702146e-10, 1.1271171496129995e-11, 6.8688054376264684e-12, 8.810762883171286e-12, 4.9315291433815744e-12, 4.8306987750212915e-12, 4.749371902701416e-12, 4.6814102074022035e-12, 4.62529363767783e-12, 4.585158207975892e-12, 4.560437097400616e-12], "lowlevel.mfcc.mean": [-792.2359619140625, 161.23388671875, 12.598535537719727, 3.395554780960083, -8.613694190979004, -22.292226791381836, -25.626731872558594, -14.766286849975586, -23.928550720214844, -14.038102149963379, -18.86052703857422, -14.425761222839355, -11.622085571289062], "lowlevel.spectral_contrast_coeffs.mean": [-0.4552527666091919, -0.6852030158042908, -0.7303919196128845, -0.7947000861167908, -0.805568277835846, -0.8110469579696655], "lowlevel.spectral_contrast_coeffs.stdev": [0.12817338109016418, 0.09345243871212006, 0.08896860480308533, 0.06637529283761978, 0.05610596016049385, 0.03377499431371689], "lowlevel.spectral_contrast_valleys.mean": [-8.696758270263672, -7.807075023651123, -8.77840518951416, -9.278852462768555, -9.452975273132324, -11.998701095581055], "lowlevel.spectral_contrast_valleys.stdev": [1.1475331783294678, 1.061766266822815, 1.0418369770050049, 1.0113190412521362, 1.0760211944580078, 1.2152798175811768], "rhythm.beats_loudness_band_ratio.mean": [0.014109289273619652, 0.7531673312187195, 0.22940538823604584, 0.051190659403800964, 0.011136961169540882, 0.0013020550832152367], "rhythm.beats_loudness_band_ratio.stdev": [0.09525811672210693, 0.20524431765079498, 0.20083336532115936, 0.07818238437175751, 0.014020652510225773, 0.00479985261335969], "tonal.hpcp.mean": [0.041720014065504074, 0.03210831433534622, 0.015513875521719456, 0.017173336818814278, 0.029867839068174362, 0.08847382664680481, 0.20724396407604218, 0.19445759057998657, 0.24434880912303925, 0.3356664478778839, 0.16894029080867767, 0.030867384746670723, 0.017615173012018204, 0.02085709385573864, 0.16677255928516388, 0.3068479597568512, 0.17471572756767273, 0.03914633393287659, 0.04006845876574516, 0.040199581533670425, 0.06389138102531433, 0.11316592246294022, 0.072230763733387, 0.009527625516057014, 0.005524497013539076, 0.006778089329600334, 0.013867988251149654, 0.024027373641729355, 0.02956056222319603, 0.12918125092983246, 0.21323396265506744, 0.1101842001080513, 0.015044630505144596, 0.006124667823314667, 0.003687929129227996, 0.01906122826039791], "tonal.hpcp.stdev": [0.15981993079185486, 0.12560120224952698, 0.09070274978876114, 0.08296726644039154, 0.13420791923999786, 0.20220813155174255, 0.3510732054710388, 0.31929367780685425, 0.3206188678741455, 0.4210413098335266, 0.2655072510242462, 0.12679727375507355, 0.09672383964061737, 0.11020185053348541, 0.23501864075660706, 0.3960910141468048, 0.24586062133312225, 0.14223428070545197, 0.1626153290271759, 0.149298295378685, 0.1763022243976593, 0.2582055330276489, 0.18111804127693176, 0.054253511130809784, 0.038235023617744446, 0.047623779624700546, 0.05956866219639778, 0.10074912756681442, 0.10042329132556915, 0.24649137258529663, 0.3276696503162384, 0.1786057949066162, 0.07207544147968292, 0.029899541288614273, 0.019303662702441216, 0.07630416750907898], "rhythm.beats_position": [0.6037188172340393, 1.2190475463867188, 1.834376335144043, 2.4148752689361572, 2.972154140472412, 3.5410430431365967, 4.098321914672852, 4.6556010246276855, 5.224489688873291, 5.781768798828125, 6.339047431945801, 6.896326541900635, 7.4536051750183105, 8.010884284973145, 8.56816291809082, 9.137051582336426, 9.705941200256348, 10.263219833374023, 10.8204984664917, 11.389387130737305, 11.958276748657227, 12.503945350646973, 13.072834014892578, 13.63011360168457, 14.187392234802246, 14.744670867919922, 15.301949501037598, 15.87083911895752, 16.439727783203125, 16.997007369995117, 17.554285049438477, 18.11156463623047, 18.668842315673828, 19.22612190246582, 19.783401489257812, 20.3522891998291, 20.909568786621094, 21.478458404541016, 22.035736083984375, 22.593015670776367, 23.15029525756836, 23.70757293701172, 24.27646255493164, 24.84535026550293, 25.42584991455078, 25.983129501342773, 26.540407180786133, 27.097686767578125, 27.654966354370117, 28.212244033813477, 28.76952362060547, 29.326801300048828, 29.88408088684082, 30.441360473632812, 30.998638153076172, 31.555917739868164, 32.12480545043945, 32.693695068359375, 33.250972747802734, 33.80825424194336, 34.36553192138672, 34.92280960083008, 35.4800910949707], "rhythm.bpm_histogram": [0.0, 0.0, 0.0, 0.0, 0.0, 0.0, 0.0, 0.0, 0.0, 0.0, 0.0, 0.0, 0.0, 0.0, 0.0, 0.0, 0.0, 0.0, 0.0, 0.0, 0.0, 0.0, 0.0, 0.0, 0.0, 0.0, 0.0, 0.0, 0.0, 0.0, 0.0, 0.0, 0.0, 0.0, 0.0, 0.0, 0.0, 0.0, 0.0, 0.0, 0.0, 0.0, 0.0, 0.0, 0.0, 0.0, 0.0, 0.0, 0.0, 0.0, 0.0, 0.0, 0.0, 0.0, 0.0, 0.0, 0.0, 0.0, 0.0, 0.0, 0.0, 0.0, 0.0, 0.0, 0.0, 0.0, 0.0, 0.0, 0.0, 0.0, 0.0, 0.0, 0.0, 0.0, 0.0, 0.0, 0.0, 0.0, 0.0, 0.0, 0.0, 0.0, 0.0, 0.0, 0.0, 0.0, 0.0, 0.0, 0.0, 0.0, 0.0, 0.0, 0.0, 0.0, 0.0, 0.0, 0.0, 0.0, 0.032258063554763794, 0.0, 0.0, 0.0, 0.0, 0.032258063554763794, 0.0, 0.24193547666072845, 0.0, 0.0, 0.6774193644523621, 0.0, 0.016129031777381897, 0.0, 0.0, 0.0, 0.0, 0.0, 0.0, 0.0, 0.0, 0.0, 0.0, 0.0, 0.0, 0.0, 0.0, 0.0, 0.0, 0.0, 0.0, 0.0, 0.0, 0.0, 0.0, 0.0, 0.0, 0.0, 0.0, 0.0, 0.0, 0.0, 0.0, 0.0, 0.0, 0.0, 0.0, 0.0, 0.0, 0.0, 0.0, 0.0, 0.0, 0.0, 0.0, 0.0, 0.0, 0.0, 0.0, 0.0, 0.0, 0.0, 0.0, 0.0, 0.0, 0.0, 0.0, 0.0, 0.0, 0.0, 0.0, 0.0, 0.0, 0.0, 0.0, 0.0, 0.0, 0.0, 0.0, 0.0, 0.0, 0.0, 0.0, 0.0, 0.0, 0.0, 0.0, 0.0, 0.0, 0.0, 0.0, 0.0, 0.0, 0.0, 0.0, 0.0, 0.0, 0.0, 0.0, 0.0, 0.0, 0.0, 0.0, 0.0, 0.0, 0.0, 0.0, 0.0, 0.0, 0.0, 0.0, 0.0, 0.0, 0.0, 0.0, 0.0, 0.0, 0.0, 0.0, 0.0, 0.0, 0.0, 0.0, 0.0, 0.0, 0.0, 0.0, 0.0, 0.0, 0.0, 0.0, 0.0, 0.0, 0.0, 0.0, 0.0, 0.0, 0.0, 0.0, 0.0, 0.0, 0.0, 0.0, 0.0, 0.0, 0.0, 0.0, 0.0, 0.0, 0.0, 0.0, 0.0], "tonal.chords_histogram": [39.89704132080078, 1.029600977897644, 36.93693542480469, 6.69240665435791, 1.1583011150360107, 0.0, 0.0, 0.0, 0.0, 0.0, 0.0, 0.0, 0.0, 0.0, 0.0, 0.0, 0.0, 11.840412139892578, 0.0, 2.1879022121429443, 0.0, 0.0, 0.0, 0.257400244474411], "tonal.thpcp": [1.0, 0.5032981038093567, 0.09195850789546967, 0.052478205412626266, 0.062136366963386536, 0.49684011936187744, 0.9141454696655273, 0.5205039978027344, 0.11662271618843079, 0.11936986446380615, 0.11976049840450287, 0.19034187495708466, 0.33713802695274353, 0.21518613398075104, 0.02838420495390892, 0.016458293423056602, 0.020192930474877357, 0.04131478816270828, 0.07158110290765762, 0.08806528896093369, 0.38485005497932434, 0.6352555155754089, 0.3282550275325775, 0.04482017830014229, 0.01824629120528698, 0.010986885987222195, 0.05678621679544449, 0.1242900937795639, 0.0956554189324379, 0.046218130737543106, 0.051161911338567734, 0.08898071199655533, 0.2635766267776489, 0.61741042137146, 0.5793179273605347, 0.7279512286186218], "lowlevel.gfcc.cov": [[8117.26416015625, -1197.010986328125, -1095.2861328125, -45.5458984375, -411.7763671875, 360.6121520996094, -177.6325225830078, 558.8341674804688, -210.17843627929688, 230.0843963623047, -287.8435363769531, 34.74431610107422, -181.63485717773438], [-1197.010986328125, 2413.415283203125, -50.40182113647461, -682.4786987304688, 437.7457580566406, -273.025634765625, 446.1698913574219, -235.0101318359375, 311.92559814453125, -283.37115478515625, 357.3418884277344, -367.6916198730469, 165.57049560546875], [-1095.2861328125, -50.40182113647461, 1383.3319091796875, 548.955322265625, 182.3458709716797, 279.42822265625, 52.768959045410156, -35.193115234375, -19.376506805419922, 112.46513366699219, -69.39028930664062, 95.51555633544922, -134.32315063476562], [-45.5458984375, -682.4786987304688, 548.955322265625, 1139.71240234375, 341.3883361816406, 285.2904052734375, -74.31367492675781, 275.69439697265625, 30.002788543701172, 71.81025695800781, -145.1431884765625, 53.39257049560547, -164.29647827148438], [-411.7763671875, 437.7457580566406, 182.3458709716797, 341.3883361816406, 587.1437377929688, 219.47457885742188, 116.14783477783203, 81.72413635253906, 109.49437713623047, -28.260526657104492, 12.341351509094238, -90.00342559814453, -54.09976577758789], [360.6121520996094, -273.025634765625, 279.42822265625, 285.2904052734375, 219.47457885742188, 646.4493408203125, 143.27261352539062, 35.46885299682617, -74.29078674316406, 192.74932861328125, -70.98561096191406, -9.242274284362793, -131.9922637939453], [-177.6325225830078, 446.1698913574219, 52.768959045410156, -74.31367492675781, 116.14783477783203, 143.27261352539062, 300.1684265136719, -1.7740310430526733, 13.535238265991211, 9.884871482849121, 88.89239501953125, -73.20220184326172, -3.605037212371826], [558.8341674804688, -235.0101318359375, -35.193115234375, 275.69439697265625, 81.72413635253906, 35.46885299682617, -1.7740310430526733, 321.7633056640625, 73.12181854248047, 22.800695419311523, -66.14373779296875, 36.717220306396484, -69.45997619628906], [-210.17843627929688, 311.92559814453125, -19.376506805419922, 30.002788543701172, 109.49437713623047, -74.29078674316406, 13.535238265991211, 73.12181854248047, 245.64846801757812, 12.822850227355957, 34.726715087890625, -52.44192123413086, 19.280506134033203], [230.0843963623047, -283.37115478515625, 112.46513366699219, 71.81025695800781, -28.260526657104492, 192.74932861328125, 9.884871482849121, 22.800695419311523, 12.822850227355957, 256.7124328613281, -11.679954528808594, 40.944671630859375, -67.12228393554688], [-287.8435363769531, 357.3418884277344, -69.39028930664062, -145.1431884765625, 12.341351509094238, -70.98561096191406, 88.89239501953125, -66.14373779296875, 34.726715087890625, -11.679954528808594, 159.2097625732422, -42.1221923828125, 28.97640609741211], [34.74431610107422, -367.6916198730469, 95.51555633544922, 53.39257049560547, -90.00342559814453, -9.242274284362793, -73.20220184326172, 36.717220306396484, -52.44192123413086, 40.944671630859375, -42.1221923828125, 182.22409057617188, 16.391157150268555], [-181.63485717773438, 165.57049560546875, -134.32315063476562, -164.29647827148438, -54.09976577758789, -131.9922637939453, -3.605037212371826, -69.45997619628906, 19.280506134033203, -67.12228393554688, 28.97640609741211, 16.391157150268555, 176.00437927246094]], "lowlevel.gfcc.icov": [[0.0002193882828578353, -0.00024030906206462532, 0.00023105677973944694, -7.566361455246806e-05, 0.00033236746094189584, -0.0002850922173820436, 0.0003315148060210049, -0.0005085732555016875, 0.00038112635957077146, -0.0002441521210130304, 0.0003015786933247, -1.2290857739571948e-05, 6.925260095158592e-05], [-0.00024030906206462532, 0.004124630708247423, -0.0015384228900074959, 0.002566095907241106, -0.0031918424647301435, 0.0015836098464205861, -0.003097416367381811, 0.000960914941970259, -0.0029733809642493725, 0.0024231907445937395, -0.0030198858585208654, 0.003477148711681366, -0.0009613195434212685], [0.00023105677973944694, -0.0015384228900074959, 0.0019163786200806499, -0.0016113051678985357, 0.0012605051742866635, -0.0006527264486066997, 0.0004375195421744138, 0.0006245745462365448, 0.0007383318734355271, -0.0009971214458346367, 0.0017911706818267703, -0.0023036813363432884, 0.0012559908209368587], [-7.566361455246806e-05, 0.002566095907241106, -0.0016113051678985357, 0.0036725332029163837, -0.0027857671957463026, 0.0005137991975061595, -0.0007060517091304064, -0.0012171863345429301, -0.0013605987187474966, 0.0014871320454403758, -0.0017664575716480613, 0.00248200842179358, -0.0004834642168134451], [0.00033236746094189584, -0.0031918424647301435, 0.0012605051742866635, -0.0027857671957463026, 0.005864946637302637, -0.002731247339397669, 0.002075810683891177, -0.0009870902867987752, 0.0008226922946050763, -0.0003380794951226562, 0.0016727667534723878, -0.0019298498518764973, 0.0007998875225894153], [-0.0002850922173820436, 0.0015836098464205861, -0.0006527264486066997, 0.0005137991975061595, -0.002731247339397669, 0.004887269344180822, -0.0035189820919185877, 0.0015596420271322131, 0.00022787039051763713, -0.0018620784394443035, 0.0011885863495990634, 0.001324971904978156, 0.000512411876115948], [0.0003315148060210049, -0.003097416367381811, 0.0004375195421744138, -0.0007060517091304064, 0.002075810683891177, -0.0035189820919185877, 0.009104615077376366, -0.0034148795530200005, 0.0031853080727159977, -0.0012727933935821056, -0.0018703332170844078, -0.0003073529514949769, -0.0007292071240954101], [-0.0005085732555016875, 0.000960914941970259, 0.0006245745462365448, -0.0012171863345429301, -0.0009870902867987752, 0.0015596420271322131, -0.0034148795530200005, 0.007824266329407692, -0.003708978882059455, 0.0010530664585530758, 0.00180456368252635, -0.002406148239970207, 0.002530667232349515], [0.00038112635957077146, -0.0029733809642493725, 0.0007383318734355271, -0.0013605987187474966, 0.0008226922946050763, 0.00022787039051763713, 0.0031853080727159977, -0.003708978882059455, 0.00927899219095707, -0.0042740278877317905, 0.0011834889883175492, 0.0004117096250411123, -0.00137054652441293], [-0.0002441521210130304, 0.0024231907445937395, -0.0009971214458346367, 0.0014871320454403758, -0.0003380794951226562, -0.0018620784394443035, -0.0012727933935821056, 0.0010530664585530758, -0.0042740278877317905, 0.008509200066328049, -0.0032758412417024374, 2.7774318368756212e-05, 0.001234942814335227], [0.0003015786933247, -0.0030198858585208654, 0.0017911706818267703, -0.0017664575716480613, 0.0016727667534723878, 0.0011885863495990634, -0.0018703332170844078, 0.00180456368252635, 0.0011834889883175492, -0.0032758412417024374, 0.013446112163364887, -0.00276115071028471, 0.0016140233492478728], [-1.2290857739571948e-05, 0.003477148711681366, -0.0023036813363432884, 0.00248200842179358, -0.0019298498518764973, 0.001324971904978156, -0.0003073529514949769, -0.002406148239970207, 0.0004117096250411123, 2.7774318368756212e-05, -0.00276115071028471, 0.012296201661229134, -0.004005412105470896], [6.925260095158592e-05, -0.0009613195434212685, 0.0012559908209368587, -0.0004834642168134451, 0.0007998875225894153, 0.000512411876115948, -0.0007292071240954101, 0.002530667232349515, -0.00137054652441293, 0.001234942814335227, 0.0016140233492478728, -0.004005412105470896, 0.009507054463028908]], "lowlevel.mfcc.cov": [[8409.896484375, -1290.5328369140625, -1054.8839111328125, -420.9784851074219, -266.7613220214844, -273.875732421875, 5.974050998687744, 125.20481872558594, 144.43162536621094, 297.2735900878906, 30.095083236694336, -14.619463920593262, 2.4078190326690674], [-1290.5328369140625, 2599.52099609375, -287.21295166015625, -374.64764404296875, -157.5683135986328, -75.18154907226562, 118.74239349365234, -38.56330490112305, -83.16902160644531, 156.75721740722656, -19.539833068847656, 13.670578956604004, 1.420048713684082], [-1054.8839111328125, -287.21295166015625, 1142.2083740234375, 319.6282958984375, 175.83518981933594, 348.5694580078125, 109.3802490234375, 40.55673599243164, 75.47438049316406, -41.548248291015625, 114.367431640625, 49.45588684082031, 61.31174850463867], [-420.9784851074219, -374.64764404296875, 319.6282958984375, 731.8547973632812, 427.4886474609375, 37.97526168823242, 40.599239349365234, 195.9395751953125, 156.98486328125, 0.9219424724578857, 96.19670104980469, 126.9631576538086, 37.51662826538086], [-266.7613220214844, -157.5683135986328, 175.83518981933594, 427.4886474609375, 614.9248657226562, 242.36215209960938, 90.80554962158203, 191.113037109375, 177.64845275878906, 85.53036499023438, 104.33646392822266, 100.65347290039062, 31.32009506225586], [-273.875732421875, -75.18154907226562, 348.5694580078125, 37.97526168823242, 242.36215209960938, 615.3598022460938, 294.48199462890625, 40.013343811035156, 68.27781677246094, 129.166748046875, 112.15943145751953, -11.203079223632812, 40.79706573486328], [5.974050998687744, 118.74239349365234, 109.3802490234375, 40.599239349365234, 90.80554962158203, 294.48199462890625, 382.6937561035156, 113.17443084716797, 18.401254653930664, 112.77455139160156, 65.96485137939453, 14.275794982910156, 14.240120887756348], [125.20481872558594, -38.56330490112305, 40.55673599243164, 195.9395751953125, 191.113037109375, 40.013343811035156, 113.17443084716797, 247.63418579101562, 106.31794738769531, 33.7451286315918, 46.65351867675781, 60.61897659301758, 12.548428535461426], [144.43162536621094, -83.16902160644531, 75.47438049316406, 156.98486328125, 177.64845275878906, 68.27781677246094, 18.401254653930664, 106.31794738769531, 211.51937866210938, 72.38349151611328, 36.66621017456055, 48.759620666503906, 45.371620178222656], [297.2735900878906, 156.75721740722656, -41.548248291015625, 0.9219424724578857, 85.53036499023438, 129.166748046875, 112.77455139160156, 33.7451286315918, 72.38349151611328, 237.8479461669922, 101.78136444091797, 35.53398895263672, 27.387258529663086], [30.095083236694336, -19.539833068847656, 114.367431640625, 96.19670104980469, 104.33646392822266, 112.15943145751953, 65.96485137939453, 46.65351867675781, 36.66621017456055, 101.78136444091797, 186.3550262451172, 78.07080841064453, 32.90834426879883], [-14.619463920593262, 13.670578956604004, 49.45588684082031, 126.9631576538086, 100.65347290039062, -11.203079223632812, 14.275794982910156, 60.61897659301758, 48.759620666503906, 35.53398895263672, 78.07080841064453, 148.40025329589844, 56.42311096191406], [2.4078190326690674, 1.420048713684082, 61.31174850463867, 37.51662826538086, 31.32009506225586, 40.79706573486328, 14.240120887756348, 12.548428535461426, 45.371620178222656, 27.387258529663086, 32.90834426879883, 56.42311096191406, 119.3525161743164]], "lowlevel.mfcc.icov": [[0.0001887131220428273, 0.00015289832663256675, 0.0001390674151480198, 0.00016143193352036178, 7.27405640645884e-05, 0.00010992339957738295, -6.417620170395821e-05, -0.00015870049537625164, -0.00013826998474542052, -0.00028325707535259426, -3.8158712413860485e-05, -5.455521204567049e-06, -2.946824133687187e-05], [0.00015289832663256675, 0.0005926627782173455, 7.226662273751572e-05, 0.0004544125113170594, -0.00010304298484697938, 0.0003649608406703919, -0.0003193027223460376, -0.00010722195293055847, 6.10568022239022e-05, -0.0006131812115199864, 0.0001600949326530099, -0.00021349848248064518, -6.415719690266997e-05], [0.0001390674151480198, 7.226662273751572e-05, 0.0015899015124887228, -0.0007537879282608628, 0.0007135801133699715, -0.0011649859370663762, 0.00023188671912066638, 4.770254599861801e-05, -0.0004226505116093904, 0.0007614450296387076, -0.0006404537125490606, -0.00012911240628454834, -0.000181612980668433], [0.00016143193352036178, 0.0004544125113170594, -0.0007537879282608628, 0.00376619934104383, -0.0023342869244515896, 0.001879373681731522, -0.0010131095768883824, -0.000419088639318943, -0.000655206385999918, 0.0002538254775572568, -0.0006073497352190316, -0.0005004779668524861, -7.531121809734032e-05], [7.27405640645884e-05, -0.00010304298484697938, 0.0007135801133699715, -0.0023342869244515896, 0.004911771509796381, -0.002888522809371352, 0.0018081110902130604, -0.0018282672390341759, -0.0008350285934284329, -0.0005110260681249201, 0.00040148996049538255, -0.0014072066405788064, 0.0010310966754332185], [0.00010992339957738295, 0.0003649608406703919, -0.0011649859370663762, 0.001879373681731522, -0.002888522809371352, 0.005739521700888872, -0.003931819461286068, 0.0020184728782624006, -0.0009050250519067049, -0.00034369362401776016, -0.0016066324897110462, 0.0023882859386503696, -0.0012089976808056235], [-6.417620170395821e-05, -0.0003193027223460376, 0.00023188671912066638, -0.0010131095768883824, 0.0018081110902130604, -0.003931819461286068, 0.006774773355573416, -0.00386100634932518, 0.002273075981065631, -0.0019586649723351, 0.0011848007561638951, -0.0008043920970521867, 0.0003104858915321529], [-0.00015870049537625164, -0.00010722195293055847, 4.770254599861801e-05, -0.000419088639318943, -0.0018282672390341759, 0.0020184728782624006, -0.00386100634932518, 0.008750607259571552, -0.0033270465210080147, 0.0019043744541704655, -0.0011075785150751472, -0.0005762182408943772, 0.0008477367227897048], [-0.00013826998474542052, 6.10568022239022e-05, -0.0004226505116093904, -0.000655206385999918, -0.0008350285934284329, -0.0009050250519067049, 0.002273075981065631, -0.0033270465210080147, 0.009188847616314888, -0.003140002954751253, 0.0020394569728523493, -0.00017570704221725464, -0.002219654619693756], [-0.00028325707535259426, -0.0006131812115199864, 0.0007614450296387076, 0.0002538254775572568, -0.0005110260681249201, -0.00034369362401776016, -0.0019586649723351, 0.0019043744541704655, -0.003140002954751253, 0.008863587863743305, -0.004328829236328602, 0.0004960551741532981, -5.404462353908457e-05], [-3.8158712413860485e-05, 0.0001600949326530099, -0.0006404537125490606, -0.0006073497352190316, 0.00040148996049538255, -0.0016066324897110462, 0.0011848007561638951, -0.0011075785150751472, 0.0020394569728523493, -0.004328829236328602, 0.010544818826019764, -0.004700463265180588, 0.0004703626036643982], [-5.455521204567049e-06, -0.00021349848248064518, -0.00012911240628454834, -0.0005004779668524861, -0.0014072066405788064, 0.0023882859386503696, -0.0008043920970521867, -0.0005762182408943772, -0.00017570704221725464, 0.0004960551741532981, -0.004700463265180588, 0.012968717142939568, -0.0049461182206869125], [-2.946824133687187e-05, -6.415719690266997e-05, -0.000181612980668433, -7.531121809734032e-05, 0.0010310966754332185, -0.0012089976808056235, 0.0003104858915321529, 0.0008477367227897048, -0.002219654619693756, -5.404462353908457e-05, 0.0004703626036643982, -0.0049461182206869125, 0.011578129604458809]], "metadata.audio_properties.analysis.downmix": "mix", "metadata.audio_properties.codec": "mp3", "metadata.audio_properties.md5_encoded": "0f4c99b4451db614164d4186b801b92b", "metadata.tags.file_name": "1182266375251693598.mp3", "metadata.version.essentia": "2.1-beta6-dev", "metadata.version.essentia_git_sha": "v2.1_beta5-1110-g77a6a954", "metadata.version.extractor": "music 2.0", "tonal.c