{"song_id": "1182276858990043166", "download": "https://cdn.discordapp.com/attachments/1128313332273782784/1182276858990043166/chirp.mp4?ex=65841c20&amp", "lyrics": "[Chorus]\nNari vindzan\u00e9 (ri vindzan\u00e9), rissi soukouman\u00e9 (ch\u00e9riy\u00e9)\nMch\u00e9wangou (waw\u00e9 wangou) nari vindzan\u00e9 (za kw\u00e9li)\nRi vindzan\u00e9, ri paran\u00e9 (mch\u00e9wangou ri vindzan\u00e9 eh-eh-eh)\nZa kw\u00e9li ri paran\u00e9 (ri paran\u00e9), wami na waw\u00e9 (ri vindzan\u00e9)", "style": ["fast femele rnb"], "essentia_features": {"lowlevel.average_loudness": 0.950810432434082, "lowlevel.barkbands_crest.mean": 13.93116283416748, "lowlevel.barkbands_crest.stdev": 5.182096004486084, "lowlevel.barkbands_flatness_db.mean": 0.20920561254024506, "lowlevel.barkbands_flatness_db.stdev": 0.08141592890024185, "lowlevel.barkbands_kurtosis.mean": 19.707979202270508, "lowlevel.barkbands_kurtosis.stdev": 71.28522491455078, "lowlevel.barkbands_skewness.mean": 2.5205657482147217, "lowlevel.barkbands_skewness.stdev": 2.6546974182128906, "lowlevel.barkbands_spread.mean": 16.18861961364746, "lowlevel.barkbands_spread.stdev": 16.97711944580078, "lowlevel.dissonance.mean": 0.4275096356868744, "lowlevel.dissonance.stdev": 0.049440205097198486, "lowlevel.dynamic_complexity": 3.703721046447754, "lowlevel.erbbands_crest.mean": 12.048301696777344, "lowlevel.erbbands_crest.stdev": 5.240530490875244, "lowlevel.erbbands_flatness_db.mean": 0.19324174523353577, "lowlevel.erbbands_flatness_db.stdev": 0.06600762158632278, "lowlevel.erbbands_kurtosis.mean": 4.754342079162598, "lowlevel.erbbands_kurtosis.stdev": 16.4239444732666, "lowlevel.erbbands_skewness.mean": 0.9588082432746887, "lowlevel.erbbands_skewness.stdev": 1.5952364206314087, "lowlevel.erbbands_spread.mean": 34.79296875, "lowlevel.erbbands_spread.stdev": 27.86081886291504, "lowlevel.hfc.mean": 21.620471954345703, "lowlevel.hfc.stdev": 21.329492568969727, "lowlevel.loudness_ebu128.integrated": -12.700193405151367, "lowlevel.loudness_ebu128.loudness_range": 3.545844078063965, "lowlevel.loudness_ebu128.momentary.mean": -13.572983741760254, "lowlevel.loudness_ebu128.momentary.stdev": 3.1336491107940674, "lowlevel.loudness_ebu128.short_term.mean": -12.900959968566895, "lowlevel.loudness_ebu128.short_term.stdev": 1.3626666069030762, "lowlevel.melbands_crest.mean": 17.438772201538086, "lowlevel.melbands_crest.stdev": 6.115542411804199, "lowlevel.melbands_flatness_db.mean": 0.27301904559135437, "lowlevel.melbands_flatness_db.stdev": 0.09660334140062332, "lowlevel.melbands_kurtosis.mean": 36.66038131713867, "lowlevel.melbands_kurtosis.stdev": 101.44361877441406, "lowlevel.melbands_skewness.mean": 3.4359405040740967, "lowlevel.melbands_skewness.stdev": 2.8277268409729004, "lowlevel.melbands_spread.mean": 17.60078239440918, "lowlevel.melbands_spread.stdev": 26.155187606811523, "lowlevel.pitch_salience.mean": 0.47713229060173035, "lowlevel.pitch_salience.stdev": 0.16642384231090546, "lowlevel.silence_rate_20dB.mean": 1.0, "lowlevel.silence_rate_20dB.stdev": 0.0, "lowlevel.silence_rate_30dB.mean": 0.9507532119750977, "lowlevel.silence_rate_30dB.stdev": 0.2163841277360916, "lowlevel.silence_rate_60dB.mean": 0.1193511039018631, "lowlevel.silence_rate_60dB.stdev": 0.32420891523361206, "lowlevel.spectral_centroid.mean": 972.58349609375, "lowlevel.spectral_centroid.stdev": 802.8565673828125, "lowlevel.spectral_complexity.mean": 10.753186225891113, "lowlevel.spectral_complexity.stdev": 7.668428897857666, "lowlevel.spectral_decrease.mean": -9.653106758378271e-09, "lowlevel.spectral_decrease.stdev": 9.718780447087738e-09, "lowlevel.spectral_energy.mean": 0.038394056260585785, "lowlevel.spectral_energy.stdev": 0.03748597577214241, "lowlevel.spectral_energyband_high.mean": 0.0007938576163724065, "lowlevel.spectral_energyband_high.stdev": 0.0016384627670049667, "lowlevel.spectral_energyband_low.mean": 0.01915789768099785, "lowlevel.spectral_energyband_low.stdev": 0.03181695193052292, "lowlevel.spectral_energyband_middle_high.mean": 0.005523159168660641, "lowlevel.spectral_energyband_middle_high.stdev": 0.00863733235746622, "lowlevel.spectral_energyband_middle_low.mean": 0.014337420463562012, "lowlevel.spectral_energyband_middle_low.stdev": 0.01665518246591091, "lowlevel.spectral_entropy.mean": 7.1371917724609375, "lowlevel.spectral_entropy.stdev": 0.7188640832901001, "lowlevel.spectral_flux.mean": 0.09750744700431824, "lowlevel.spectral_flux.stdev": 0.0788823589682579, "lowlevel.spectral_kurtosis.mean": 6.213149547576904, "lowlevel.spectral_kurtosis.stdev": 6.198218822479248, "lowlevel.spectral_rms.mean": 0.005331911146640778, "lowlevel.spectral_rms.stdev": 0.0030047232285141945, "lowlevel.spectral_rolloff.mean": 1306.152099609375, "lowlevel.spectral_rolloff.stdev": 2095.072998046875, "lowlevel.spectral_skewness.mean": 1.9394972324371338, "lowlevel.spectral_skewness.stdev": 0.8197778463363647, "lowlevel.spectral_spread.mean": 5380352.5, "lowlevel.spectral_spread.stdev": 2650386.75, "lowlevel.spectral_strongpeak.mean": 1.0963603258132935, "lowlevel.spectral_strongpeak.stdev": 1.5083779096603394, "lowlevel.zerocrossingrate.mean": 0.053325630724430084, "lowlevel.zerocrossingrate.stdev": 0.05905802175402641, "metadata.audio_properties.analysis.equal_loudness": 0.0, "metadata.audio_properties.analysis.length": 40.04265213012695, "metadata.audio_properties.analysis.sample_rate": 44100.0, "metadata.audio_properties.analysis.start_time": 0.0, "metadata.audio_properties.bit_rate": 122175.0, "metadata.audio_properties.length": 40.042667388916016, "metadata.audio_properties.lossless": 0.0, "metadata.audio_properties.number_channels": 1.0, "metadata.audio_properties.replay_gain": -13.570276260375977, "metadata.audio_properties.sample_rate": 48000.0, "rhythm.beats_count": 78.0, "rhythm.beats_loudness.mean": 0.05418408289551735, "rhythm.beats_loudness.stdev": 0.03891708701848984, "rhythm.bpm": 105.04326629638672, "rhythm.bpm_histogram_first_peak_bpm": 105.0, "rhythm.bpm_histogram_first_peak_weight": 0.34090906381607056, "rhythm.bpm_histogram_second_peak_bpm": 140.0, "rhythm.bpm_histogram_second_peak_spread": 0.6086956262588501, "rhythm.bpm_histogram_second_peak_weight": 0.11688311398029327, "rhythm.danceability": 1.334970235824585, "rhythm.onset_rate": 4.693614482879639, "tonal.chords_changes_rate": 0.03356481343507767, "tonal.chords_number_rate": 0.008101851679384708, "tonal.chords_strength.mean": 0.517877995967865, "tonal.chords_strength.stdev": 0.07991980016231537, "tonal.hpcp_crest.mean": 16.110666275024414, "tonal.hpcp_crest.stdev": 7.87998104095459, "tonal.hpcp_entropy.mean": 1.6767398118972778, "tonal.hpcp_entropy.stdev": 0.7806618809700012, "tonal.key_edma.strength": 0.5600422024726868, "tonal.key_krumhansl.strength": 0.5746088027954102, "tonal.key_temperley.strength": 0.5982806086540222, "tonal.tuning_diatonic_strength": 0.49754804372787476, "tonal.tuning_equal_tempered_deviation": 0.2459087371826172, "tonal.tuning_frequency": 434.193115234375, "tonal.tuning_nontempered_energy_ratio": 0.9516581892967224, "lowlevel.barkbands.mean": [0.0003383961447980255, 0.015365525148808956, 0.0022654712665826082, 0.0031613786704838276, 0.0026879790239036083, 0.0025886143557727337, 0.0013442891649901867, 0.0022336789406836033, 0.0018211801070719957, 0.000902634346857667, 0.000725410005543381, 0.0008824956603348255, 0.0007664874428883195, 0.0008686422370374203, 0.0004319017461966723, 0.0003827689215540886, 0.0006361025734804571, 0.00011398342758184299, 5.520143895410001e-05, 6.163912621559575e-05, 8.125847671180964e-05, 0.0001259886339539662, 0.00012577360030263662, 0.00021685189858544618, 0.00013531718286685646, 7.390278915408999e-05, 1.1947839766435209e-06], "lowlevel.barkbands.stdev": [0.0009722510585561395, 0.0270218662917614, 0.008895034901797771, 0.010624149814248085, 0.00438567902892828, 0.0038736083079129457, 0.0030933241359889507, 0.005241678562015295, 0.00430874340236187, 0.0024036914110183716, 0.0021965091582387686, 0.003958557732403278, 0.0025717313401401043, 0.00301169790327549, 0.0012867742916569114, 0.0013278373517096043, 0.0015923846513032913, 0.00025418607401661575, 0.0001603997516212985, 0.00020818838675040752, 0.00018573332636151463, 0.0002037923550233245, 0.0003012527013197541, 0.0006645428366027772, 0.00040582215297035873, 0.00018949084915220737, 4.0958807403512765e-06], "lowlevel.erbbands.mean": [0.3631778061389923, 3.632002592086792, 3.959930658340454, 6.280482769012451, 9.890552520751953, 8.951820373535156, 14.462700843811035, 23.14419937133789, 19.09922981262207, 36.09409713745117, 45.066715240478516, 44.607357025146484, 32.09374237060547, 23.474576950073242, 30.27568244934082, 38.79493713378906, 38.48001480102539, 48.76780700683594, 29.92518424987793, 17.56675910949707, 25.208049774169922, 32.32719421386719, 10.094111442565918, 3.1097419261932373, 2.8768584728240967, 2.8374664783477783, 3.1343162059783936, 3.5084800720214844, 4.615411281585693, 3.9279518127441406, 3.605358123779297, 4.230353355407715, 3.620396137237549, 1.776827096939087, 0.8285316228866577, 0.3609713613986969, 0.1334226429462433, 0.01588049717247486, 0.00033692779834382236, 5.785930261481553e-05], "lowlevel.erbbands.stdev": [0.6971458792686462, 6.616347312927246, 10.743441581726074, 19.417409896850586, 29.044599533081055, 15.083638191223145, 22.375619888305664, 39.48759460449219, 40.11543273925781, 89.2799072265625, 101.278076171875, 102.43285369873047, 81.08148193359375, 64.54000091552734, 100.911865234375, 157.6859130859375, 120.3272705078125, 163.22616577148438, 77.59308624267578, 45.41072463989258, 79.57536315917969, 72.85922241210938, 19.117507934570312, 8.138827323913574, 8.600687026977539, 9.268302917480469, 8.848092079162598, 6.997148513793945, 7.504356861114502, 7.192223072052002, 9.272748947143555, 12.479613304138184, 11.880633354187012, 5.692060470581055, 2.330876111984253, 0.940719485282898, 0.349843293428421, 0.04285534471273422, 0.0008277783053927124, 5.560130375670269e-05], "lowlevel.gfcc.mean": [-51.5416145324707, 84.20087432861328, -101.12151336669922, 13.239777565002441, -71.4236068725586, 10.615745544433594, -51.801918029785156, 2.58066987991333, -14.77208423614502, 3.9934961795806885, -17.203123092651367, 8.907849311828613, -9.08081340789795], "lowlevel.melbands.mean": [0.003937818575650454, 0.0030733037274330854, 0.0012709518196061254, 0.000609448179602623, 0.0005123971495777369, 0.0005118758999742568, 0.0002896180667448789, 0.00042524523450993, 0.0003648263227660209, 0.000274292950052768, 0.00015150803665164858, 8.949569019023329e-05, 9.170918929157779e-05, 8.805170364212245e-05, 0.00010616798681439832, 7.928253762656823e-05, 9.502386819804087e-05, 4.8856953071663156e-05, 2.8065600417903624e-05, 2.6771818738779984e-05, 3.007600571436342e-05, 3.827166437986307e-05, 1.7441863747080788e-05, 4.000088210887043e-06, 2.2489120965474285e-06, 2.065891294478206e-06, 2.0009958916489268e-06, 1.8367775282968068e-06, 1.996599621634232e-06, 1.8404326738163945e-06, 2.095230229315348e-06, 2.716974904615199e-06, 2.344223958061775e-06, 2.1311402633727994e-06, 2.020984084083466e-06, 2.1661708160536364e-06, 2.774589347609435e-06, 2.7594990115176188e-06, 1.93674554793688e-06, 1.3436828112389776e-06], "lowlevel.melbands.stdev": [0.006959230173379183, 0.0060983216390013695, 0.0038506551645696163, 0.001166938105598092, 0.0007675511878915131, 0.0008248189697042108, 0.0005943580763414502, 0.00107402796857059, 0.0008736866875551641, 0.0006573173450306058, 0.00040194689063355327, 0.00026713244733400643, 0.00029151092167012393, 0.00030697675538249314, 0.0005302648642100394, 0.00030115878325887024, 0.0003548614913597703, 0.000133738067233935, 8.27150433906354e-05, 9.543896157993004e-05, 0.00010135467891814187, 9.873676026472822e-05, 3.566075974958949e-05, 9.31050908548059e-06, 6.691938324365765e-06, 6.083070275053615e-06, 6.595869763259543e-06, 6.37132234260207e-06, 6.445735834859079e-06, 4.623584118235158e-06, 4.09845279136789e-06, 4.515507043834077e-06, 4.070383965881774e-06, 4.279964741726872e-06, 5.383748430176638e-06, 6.286655661824625e-06, 8.392330528295133e-06, 9.015696377900895e-06, 6.947263955225935e-06, 4.22513539888314e-06], "lowlevel.melbands128.mean": [0.00029477107455022633, 0.0021551998797804117, 0.006162736099213362, 0.006113124545663595, 0.002734485315158963, 0.0009934160625562072, 0.0011168209603056312, 0.0017821978544816375, 0.000945011037401855, 0.00036598171573132277, 0.0004963234532624483, 0.0005732633289881051, 0.0004618863167706877, 0.0005144223687238991, 0.0005949261249043047, 0.00047297088894993067, 0.0003511635004542768, 0.00019896788580808789, 0.00030708196572959423, 0.00039895687950775027, 0.0005472070188261569, 0.0003130106197204441, 0.0004120958037674427, 0.00031897483859211206, 0.0002630355884321034, 0.00031910030520521104, 0.00011336793249938637, 0.00020810026035178453, 7.663033466087654e-05, 9.820895502343774e-05, 9.629538544686511e-05, 7.32779735699296e-05, 7.182121771620587e-05, 0.00014910173194948584, 4.9280133680440485e-05, 8.016208448680118e-05, 0.00011659903975669295, 0.00014483880659099668, 6.431691872421652e-05, 7.646219455637038e-05, 0.00010038282198365778, 4.657134195440449e-05, 0.00011056382209062576, 0.00012157458695583045, 4.127320062252693e-05, 4.225051452522166e-05, 4.7114888729993254e-05, 3.2582272979198024e-05, 1.8215803720522672e-05, 1.3145599950803444e-05, 3.378943802090362e-05, 3.46872147929389e-05, 1.9515777239575982e-05, 2.984634011227172e-05, 4.961367812938988e-05, 3.896117414114997e-05, 2.9819058909197338e-05, 2.5515142624499276e-05, 1.0941311302303802e-05, 6.771400421712315e-06, 2.9399211598502006e-06, 2.460250016156351e-06, 2.5618041945563164e-06, 2.1851972178410506e-06, 1.7258931848118664e-06, 2.1216217191977194e-06, 2.255302661069436e-06, 1.9703131783899153e-06, 1.9524206891219364e-06, 2.069428319373401e-06, 1.6201825019379612e-06, 1.808004981285194e-06, 2.196661171183223e-06, 2.049311433438561e-06, 1.7225231658812845e-06, 1.9048588910663966e-06, 1.8420068954583257e-06, 1.8059705553241656e-06, 2.1853884391020983e-06, 2.1709918200940592e-06, 3.02361013382324e-06, 2.7672726901073474e-06, 2.424025524305762e-06, 2.416734560028999e-06, 2.176469479309162e-06, 2.06124059332069e-06, 2.1646683308063075e-06, 2.1425707927846815e-06, 1.9841354514937848e-06, 1.912699644890381e-06, 2.1469397779583232e-06, 2.062467046926031e-06, 2.4970511276478646e-06, 2.8496619961515535e-06, 2.956134949272382e-06, 2.907127964135725e-06, 2.8132519673818024e-06, 2.3635202524019405e-06, 2.004418092838023e-06, 1.694731395218696e-06, 1.4951232287785388e-06, 1.358424356112664e-06, 1.0659352938091615e-06, 9.996252856581123e-07, 9.519225159237976e-07, 8.469613703709911e-07, 7.675022857256408e-07, 6.30572344562097e-07, 5.984127824376628e-07, 5.83565167744382e-07, 5.38991571374936e-07, 4.995965809939662e-07, 4.374414572794194e-07, 3.533157553192723e-07, 2.5910006229423743e-07, 1.8956275482651108e-07, 5.341330222563556e-08, 4.401945030707566e-09, 2.1575279757213295e-11, 1.2871626507704459e-11, 9.245761274645492e-12, 6.306369922798316e-12, 5.785866143831475e-12, 5.672036191423091e-12, 5.404475044573642e-12, 4.976235135761842e-12, 4.722063885742589e-12, 4.66183168457146e-12], "lowlevel.melbands128.stdev": [0.0009282133542001247, 0.005191899370402098, 0.011408459395170212, 0.011571834795176983, 0.006788649596273899, 0.003975558094680309, 0.0037043443880975246, 0.0061018201522529125, 0.0028774680104106665, 0.0008491058251820505, 0.0009785719448700547, 0.0012329010060057044, 0.0008596561965532601, 0.0009466311894357204, 0.0012776105431839824, 0.0009488047799095511, 0.0010495107853785157, 0.0005516714882105589, 0.0009337834198959172, 0.0012328658485785127, 0.00177324702963233, 0.0009816369274631143, 0.0012745168060064316, 0.0012379323597997427, 0.0007811413379386067, 0.001042997813783586, 0.00035751870018430054, 0.0007410825346596539, 0.00027832615887746215, 0.00042814022162929177, 0.00037006306229159236, 0.0003279774682596326, 0.00026958901435136795, 0.0006683801766484976, 0.0002676999429240823, 0.0004332636308390647, 0.0005965063464827836, 0.0010608718730509281, 0.000287006376311183, 0.00034798472188413143, 0.0004991344176232815, 0.0002446223224978894, 0.0005715137231163681, 0.0004894744488410652, 0.00018571200780570507, 0.00017446349374949932, 0.00017701993056107312, 0.00012399441038724035, 7.062092481646687e-05, 4.711659130407497e-05, 0.00016217463416978717, 0.0001512890448793769, 0.00010003653005696833, 0.00013982503151055425, 0.00025307052419520915, 0.00012169098044978455, 7.210614421637729e-05, 7.342845492530614e-05, 2.8151849619462155e-05, 1.936547596415039e-05, 8.449179404124152e-06, 7.801808351359796e-06, 7.835512406018097e-06, 8.5004521679366e-06, 5.747837803937728e-06, 6.28773568678298e-06, 8.090294613793958e-06, 7.674895641684998e-06, 7.114458639989607e-06, 8.079167855612468e-06, 6.531091457873117e-06, 7.004176040936727e-06, 9.674918146629352e-06, 6.709878107358236e-06, 5.072906787972897e-06, 5.423183665698161e-06, 5.091815637570107e-06, 4.460740001377417e-06, 4.633809567167191e-06, 4.604118657880463e-06, 5.627107384498231e-06, 4.848091066378402e-06, 4.75781416753307e-06, 4.518957666732604e-06, 4.260204150341451e-06, 4.2164970182057004e-06, 5.022772711527068e-06, 5.478212642628932e-06, 6.449803549912758e-06, 5.289265573082957e-06, 6.9631319092877675e-06, 5.770116331405006e-06, 8.791764230409171e-06, 9.530056559015065e-06, 9.453323400521185e-06, 9.477325875195675e-06, 9.870886060525663e-06, 9.331848559668288e-06, 7.975705557328183e-06, 6.599670996365603e-06, 4.826173153560376e-06, 4.342148258729139e-06, 3.661874870886095e-06, 3.390522124391282e-06, 3.0477156087727053e-06, 2.2639710550720338e-06, 2.222471721324837e-06, 1.7764549511412042e-06, 1.7654213024798082e-06, 1.6880952671272098e-06, 1.499700260865211e-06, 1.3882209941584733e-06, 1.2660184438573197e-06, 1.0144070756723522e-06, 7.56974543492106e-07, 5.919748105043254e-07, 1.7386508943673107e-07, 2.5570090045334837e-08, 3.1832286806476873e-10, 1.3659488817818755e-10, 7.542718533093407e-11, 2.9967514580953036e-11, 2.9021810996066044e-11, 2.8565677601122275e-11, 2.2688167317097552e-11, 1.2299525113668164e-11, 8.628830289181266e-12, 8.423445968519516e-12], "lowlevel.mfcc.mean": [-702.1824340820312, 122.56498718261719, 18.57329750061035, 4.0576300621032715, 2.4590647220611572, 2.6687588691711426, -21.777915954589844, -1.5598852634429932, -2.2126200199127197, -9.331932067871094, -1.0574462413787842, 5.246471881866455, -3.7026236057281494], "lowlevel.spectral_contrast_coeffs.mean": [-0.6168716549873352, -0.686287522315979, -0.7531040906906128, -0.7863810062408447, -0.7774174213409424, -0.7636725902557373], "lowlevel.spectral_contrast_coeffs.stdev": [0.11228126287460327, 0.09153064340353012, 0.09331630170345306, 0.07596389949321747, 0.06813974678516388, 0.04528827592730522], "lowlevel.spectral_contrast_valleys.mean": [-7.794657230377197, -7.232270240783691, -8.156609535217285, -8.32271957397461, -8.699774742126465, -10.719027519226074], "lowlevel.spectral_contrast_valleys.stdev": [1.7042062282562256, 1.1995527744293213, 1.273705005645752, 1.2496834993362427, 1.2473913431167603, 1.5518964529037476], "rhythm.beats_loudness_band_ratio.mean": [0.49353644251823425, 0.20378412306308746, 0.18709532916545868, 0.0979657992720604, 0.051193878054618835, 0.036213863641023636], "rhythm.beats_loudness_band_ratio.stdev": [0.3463360667228699, 0.253905713558197, 0.17424818873405457, 0.15708503127098083, 0.08680185675621033, 0.08523846417665482], "tonal.hpcp.mean": [0.03966632857918739, 0.037865690886974335, 0.03754368796944618, 0.08391480892896652, 0.10007189214229584, 0.05330337584018707, 0.0301131010055542, 0.03167709708213806, 0.06222274526953697, 0.22103475034236908, 0.24570637941360474, 0.09167107194662094, 0.036156896501779556, 0.03908548504114151, 0.077543705701828, 0.17268869280815125, 0.17881225049495697, 0.10051528364419937, 0.1730296015739441, 0.20608192682266235, 0.09572771191596985, 0.047925498336553574, 0.07356724143028259, 0.1440979391336441, 0.2436145395040512, 0.24065637588500977, 0.11349649727344513, 0.035877425223588943, 0.02897598408162594, 0.03773431107401848, 0.13805022835731506, 0.18331091105937958, 0.09139064699411392, 0.036196570843458176, 0.030838988721370697, 0.03289082646369934], "tonal.hpcp.stdev": [0.12803608179092407, 0.12730345129966736, 0.12241418659687042, 0.19377867877483368, 0.22595429420471191, 0.1486523151397705, 0.11503972858190536, 0.11697620153427124, 0.16429555416107178, 0.3144645392894745, 0.33368268609046936, 0.18226221203804016, 0.1239815428853035, 0.14409960806369781, 0.20144504308700562, 0.31301042437553406, 0.318342000246048, 0.21771347522735596, 0.27635714411735535, 0.3318678140640259, 0.1727757304906845, 0.14370478689670563, 0.18621070683002472, 0.2866305708885193, 0.3208851218223572, 0.34711772203445435, 0.2197454571723938, 0.1406988948583603, 0.11777135729789734, 0.12183684855699539, 0.24144844710826874, 0.30672553181648254, 0.18997374176979065, 0.12542952597141266, 0.1125660389661789, 0.11283579468727112], "rhythm.beats_position": [0.4643990993499756, 0.9055781960487366, 1.3119274377822876, 1.7182766199111938, 2.1246259212493896, 2.530975103378296, 2.9489340782165527, 3.3785033226013184, 3.7848525047302246, 4.22603178024292, 4.643990993499756, 5.061950206756592, 5.503129005432129, 5.9326982498168945, 6.36226749420166, 6.791836738586426, 7.221405982971191, 7.6625847816467285, 8.092154502868652, 8.521722793579102, 8.928071975708008, 9.357641220092773, 9.77560043334961, 10.216779708862305, 10.63473892211914, 11.075918197631836, 11.517097473144531, 11.935056686401367, 12.387845993041992, 12.8406343460083, 13.305033683776855, 13.76943302154541, 14.210612297058105, 14.640181541442871, 15.209070205688477, 15.789568901062012, 16.358457565307617, 16.93895721435547, 17.507844924926758, 18.06512451171875, 18.622404098510742, 19.20290184020996, 19.783401489257812, 20.36389923095703, 20.932788848876953, 21.501678466796875, 22.070566177368164, 22.639455795288086, 23.208343505859375, 23.777233123779297, 24.35773277282715, 24.926620483398438, 25.49551010131836, 26.06439781188965, 26.6448974609375, 27.213787078857422, 27.77106475830078, 28.351564407348633, 28.920452117919922, 29.489341735839844, 30.058231353759766, 30.638729095458984, 31.207618713378906, 31.788116455078125, 32.35700607299805, 32.937503814697266, 33.50639343261719, 34.07528305053711, 34.64417266845703, 35.21306228637695, 35.78194808959961, 36.35083770751953, 36.91972732543945, 37.50022506713867, 38.069114685058594, 38.638004302978516, 39.20689392089844, 39.775779724121094], "rhythm.bpm_histogram": [0.0, 0.0, 0.0, 0.0, 0.0, 0.0, 0.0, 0.0, 0.0, 0.0, 0.0, 0.0, 0.0, 0.0, 0.0, 0.0, 0.0, 0.0, 0.0, 0.0, 0.0, 0.0, 0.0, 0.0, 0.0, 0.0, 0.0, 0.0, 0.0, 0.0, 0.0, 0.0, 0.0, 0.0, 0.0, 0.0, 0.0, 0.0, 0.0, 0.0, 0.0, 0.0, 0.0, 0.0, 0.0, 0.0, 0.0, 0.0, 0.0, 0.0, 0.0, 0.0, 0.0, 0.0, 0.0, 0.0, 0.0, 0.0, 0.0, 0.0, 0.0, 0.0, 0.0, 0.0, 0.0, 0.0, 0.0, 0.0, 0.0, 0.0, 0.0, 0.0, 0.0, 0.0, 0.0, 0.0, 0.0, 0.0, 0.0, 0.0, 0.0, 0.0, 0.0, 0.0, 0.0, 0.0, 0.0, 0.0, 0.0, 0.0, 0.0, 0.0, 0.0, 0.0, 0.0, 0.0, 0.0, 0.0, 0.0, 0.0, 0.0, 0.0, 0.0, 0.15584415197372437, 0.0, 0.37662336230278015, 0.0, 0.0, 0.03896103799343109, 0.0, 0.0, 0.0, 0.0, 0.0, 0.0, 0.0, 0.0, 0.0, 0.0, 0.0, 0.0, 0.0, 0.0, 0.0, 0.0, 0.0, 0.0, 0.0, 0.0, 0.025974025949835777, 0.0, 0.0, 0.0, 0.025974025949835777, 0.0, 0.0, 0.10389610379934311, 0.0, 0.0, 0.0, 0.11688311398029327, 0.0, 0.0, 0.0, 0.07792207598686218, 0.0, 0.0, 0.0, 0.07792207598686218, 0.0, 0.0, 0.0, 0.0, 0.0, 0.0, 0.0, 0.0, 0.0, 0.0, 0.0, 0.0, 0.0, 0.0, 0.0, 0.0, 0.0, 0.0, 0.0, 0.0, 0.0, 0.0, 0.0, 0.0, 0.0, 0.0, 0.0, 0.0, 0.0, 0.0, 0.0, 0.0, 0.0, 0.0, 0.0, 0.0, 0.0, 0.0, 0.0, 0.0, 0.0, 0.0, 0.0, 0.0, 0.0, 0.0, 0.0, 0.0, 0.0, 0.0, 0.0, 0.0, 0.0, 0.0, 0.0, 0.0, 0.0, 0.0, 0.0, 0.0, 0.0, 0.0, 0.0, 0.0, 0.0, 0.0, 0.0, 0.0, 0.0, 0.0, 0.0, 0.0, 0.0, 0.0, 0.0, 0.0, 0.0, 0.0, 0.0, 0.0, 0.0, 0.0, 0.0, 0.0, 0.0, 0.0, 0.0, 0.0, 0.0, 0.0, 0.0, 0.0, 0.0, 0.0, 0.0, 0.0, 0.0, 0.0, 0.0, 0.0, 0.0], "tonal.chords_histogram": [7.870370388031006, 0.0, 3.935185194015503, 0.0, 0.11574073880910873, 0.0, 0.0, 0.0, 0.0, 0.0, 0.0, 0.0, 0.0, 0.0, 0.0, 0.0, 0.0, 3.0092592239379883, 0.9259259104728699, 50.925926208496094, 1.5046296119689941, 0.0, 23.379629135131836, 8.333333015441895], "tonal.thpcp": [1.0, 0.3730919361114502, 0.14715489745140076, 0.15907394886016846, 0.31559500098228455, 0.7028254270553589, 0.7277476787567139, 0.40908700227737427, 0.7042129039764404, 0.8387324810028076, 0.38960206508636475, 0.195051908493042, 0.29941120743751526, 0.586463987827301, 0.9914864301681519, 0.9794470071792603, 0.46191921830177307, 0.14601747691631317, 0.11792930960655212, 0.15357480943202972, 0.5618504285812378, 0.7460567951202393, 0.3719506561756134, 0.1473163664340973, 0.1255115568637848, 0.13386231660842896, 0.16143792867660522, 0.15410950779914856, 0.15279899537563324, 0.34152474999427795, 0.40728244185447693, 0.21693933010101318, 0.12255726009607315, 0.12892256677150726, 0.2532402575016022, 0.8995890021324158], "lowlevel.gfcc.cov": [[15538.7578125, -1696.9078369140625, 618.934326171875, 23.857919692993164, 844.6362915039062, 1746.9346923828125, 297.4072570800781, 1426.37841796875, -47.641117095947266, 301.1562805175781, -853.7130737304688, 497.0527038574219, -874.6576538085938], [-1696.9078369140625, 2490.45458984375, -52.92811965942383, 203.8084716796875, 386.0749206542969, -287.7640686035156, 548.3798217773438, -119.24696350097656, 307.5123291015625, -228.34007263183594, 317.0628662109375, -158.04318237304688, 273.6708068847656], [618.934326171875, -52.92811965942383, 1778.9002685546875, 887.904296875, 450.8741455078125, 511.2320251464844, 296.2484436035156, 354.76220703125, 168.6299285888672, 211.0136260986328, 70.4848403930664, 111.1618423461914, -42.45292282104492], [23.857919692993164, 203.8084716796875, 887.904296875, 1210.07177734375, 476.67510986328125, 207.42706298828125, 261.2101745605469, 147.5085906982422, 228.63031005859375, 175.98626708984375, 170.5223388671875, -41.84492111206055, 151.97874450683594], [844.6362915039062, 386.0749206542969, 450.8741455078125, 476.67510986328125, 690.8389282226562, 373.0603942871094, 286.74920654296875, 225.90631103515625, 202.48422241210938, 95.11618041992188, 56.37833023071289, 78.74641418457031, 15.9293794631958], [1746.9346923828125, -287.7640686035156, 511.2320251464844, 207.42706298828125, 373.0603942871094, 690.03955078125, 281.65240478515625, 339.6606750488281, 80.03070831298828, 133.63746643066406, -23.52630615234375, 138.24624633789062, -151.2347412109375], [297.4072570800781, 548.3798217773438, 296.2484436035156, 261.2101745605469, 286.74920654296875, 281.65240478515625, 573.1030883789062, 236.9396209716797, 141.17147827148438, 21.500722885131836, 145.01779174804688, 36.98536682128906, 12.831480979919434], [1426.37841796875, -119.24696350097656, 354.76220703125, 147.5085906982422, 225.90631103515625, 339.6606750488281, 236.9396209716797, 403.382080078125, 137.01844787597656, 113.61356353759766, -7.234561443328857, 154.8200225830078, -57.85346984863281], [-47.641117095947266, 307.5123291015625, 168.6299285888672, 228.63031005859375, 202.48422241210938, 80.03070831298828, 141.17147827148438, 137.01844787597656, 330.3146057128906, 119.06713104248047, 143.22158813476562, 65.51166534423828, 120.10646057128906], [301.1562805175781, -228.34007263183594, 211.0136260986328, 175.98626708984375, 95.11618041992188, 133.63746643066406, 21.500722885131836, 113.61356353759766, 119.06713104248047, 255.9468994140625, 97.19351196289062, 86.45148468017578, 29.789825439453125], [-853.7130737304688, 317.0628662109375, 70.4848403930664, 170.5223388671875, 56.37833023071289, -23.52630615234375, 145.01779174804688, -7.234561443328857, 143.22158813476562, 97.19351196289062, 286.923828125, 56.063270568847656, 137.94158935546875], [497.0527038574219, -158.04318237304688, 111.1618423461914, -41.84492111206055, 78.74641418457031, 138.24624633789062, 36.98536682128906, 154.8200225830078, 65.51166534423828, 86.45148468017578, 56.063270568847656, 242.671630859375, 27.854827880859375], [-874.6576538085938, 273.6708068847656, -42.45292282104492, 151.97874450683594, 15.9293794631958, -151.2347412109375, 12.831480979919434, -57.85346984863281, 120.10646057128906, 29.789825439453125, 137.94158935546875, 27.854827880859375, 237.47720336914062]], "lowlevel.gfcc.icov": [[0.0001611202460480854, -9.400737326359376e-05, 0.0001528542925370857, -0.00015610942500643432, 5.21060501341708e-05, -0.00024167390074580908, 0.00016124959802255034, -0.00045014743227511644, 9.270902228308842e-05, -0.0001684795570326969, 0.0004174141213297844, -0.0002016651415033266, 0.00030865275766700506], [-9.400737326359376e-05, 0.0014449640875682235, -0.00035771288094110787, 0.0007347344071604311, -0.0012115094577893615, 0.0012246472761034966, -0.0013752394588664174, 0.0007216950762085617, -0.000956700649112463, 0.0013934404123574495, -0.0010522888042032719, 0.0009454895043745637, -0.0006248956779018044], [0.0001528542925370857, -0.00035771288094110787, 0.0013679814292117953, -0.001201737904921174, 0.00046001499867998064, -0.0007976081687957048, 0.00041558148222975433, -0.0007544519030489028, 0.00026715878630056977, -0.0004279748536646366, 0.0005679807509295642, -0.0008141961880028248, 0.0009279337245970964], [-0.00015610942500643432, 0.0007347344071604311, -0.001201737904921174, 0.0027800342068076134, -0.0016814435366541147, 0.0008476640214212239, -0.0006910236552357674, 0.00022879315656609833, -0.00016139775107149035, 4.161574179306626e-05, -0.0012497530551627278, 0.002414545277133584, -0.0021508410573005676], [5.21060501341708e-05, -0.0012115094577893615, 0.00046001499867998064, -0.0016814435366541147, 0.004228400532156229, -0.0022513666190207005, 0.0004442908975761384, 9.638808114686981e-05, -0.0005856368807144463, -0.0007279274286702275, 0.001709255506284535, -0.0016635695938020945, 0.0006182565120980144], [-0.00024167390074580908, 0.0012246472761034966, -0.0007976081687957048, 0.0008476640214212239, -0.0022513666190207005, 0.005379811394959688, -0.0022631364408880472, 5.852474714629352e-05, -0.0005206812638789415, 4.389167588669807e-05, -0.0007887408719398081, -8.214756962843239e-05, 0.0014527739258483052], [0.00016124959802255034, -0.0013752394588664174, 0.00041558148222975433, -0.0006910236552357674, 0.0004442908975761384, -0.0022631364408880472, 0.005690028425306082, -0.003835476003587246, 0.001356475637294352, 0.0007999000954441726, -0.002276042243465781, 0.0010183172998949885, 0.00039861039840616286], [-0.00045014743227511644, 0.0007216950762085617, -0.0007544519030489028, 0.00022879315656609833, 9.638808114686981e-05, 5.852474714629352e-05, -0.003835476003587246, 0.009793286211788654, -0.0033260283526033163, -0.0007161938119679689, 0.0023308133240789175, -0.0034134245943278074, 0.0006714365445077419], [9.270902228308842e-05, -0.000956700649112463, 0.00026715878630056977, -0.00016139775107149035, -0.0005856368807144463, -0.0005206812638789415, 0.001356475637294352, -0.0033260283526033163, 0.007165749091655016, -0.002079238649457693, -0.0012514205882325768, 0.0007993421168066561, -0.0023110383190214634], [-0.0001684795570326969, 0.0013934404123574495, -0.0004279748536646366, 4.161574179306626e-05, -0.0007279274286702275, 4.389167588669807e-05, 0.0007999000954441726, -0.0007161938119679689, -0.002079238649457693, 0.008555847220122814, -0.004115178715437651, 0.00048422571853734553, -0.0001585210266057402], [0.0004174141213297844, -0.0010522888042032719, 0.0005679807509295642, -0.0012497530551627278, 0.001709255506284535, -0.0007887408719398081, -0.002276042243465781, 0.0023308133240789175, -0.0012514205882325768, -0.004115178715437651, 0.01040917169302702, -0.0037786858156323433, -0.0007286895997822285], [-0.0002016651415033266, 0.0009454895043745637, -0.0008141961880028248, 0.002414545277133584, -0.0016635695938020945, -8.214756962843239e-05, 0.0010183172998949885, -0.0034134245943278074, 0.0007993421168066561, 0.00048422571853734553, -0.0037786858156323433, 0.009460910223424435, -0.0037302931305021048], [0.00030865275766700506, -0.0006248956779018044, 0.0009279337245970964, -0.0021508410573005676, 0.0006182565120980144, 0.0014527739258483052, 0.00039861039840616286, 0.0006714365445077419, -0.0023110383190214634, -0.0001585210266057402, -0.0007286895997822285, -0.0037302931305021048, 0.010685508139431477]], "lowlevel.mfcc.cov": [[13812.5595703125, -981.093994140625, -195.51075744628906, -623.0176391601562, 603.6510620117188, 477.9245910644531, 500.002197265625, 1172.6435546875, 743.3861694335938, 351.80224609375, 538.8299560546875, 368.1356506347656, -131.22714233398438], [-981.093994140625, 2018.6842041015625, -259.0534362792969, 189.30484008789062, -128.04994201660156, -4.623662948608398, 100.69268035888672, 216.43084716796875, 55.44217300415039, -20.94505500793457, 67.9429702758789, 78.3292236328125, -48.999290466308594], [-195.51075744628906, -259.0534362792969, 1321.7401123046875, 520.7398681640625, 362.3359680175781, 272.5300598144531, 272.84796142578125, 196.86158752441406, 183.0474090576172, 178.34877014160156, 115.84921264648438, 171.26210021972656, 151.69834899902344], [-623.0176391601562, 189.30484008789062, 520.7398681640625, 1005.1941528320312, 329.3029479980469, 205.47471618652344, 189.78086853027344, 15.603829383850098, 141.30123901367188, 204.32691955566406, -3.394803762435913, 72.83271026611328, 201.1468505859375], [603.6510620117188, -128.04994201660156, 362.3359680175781, 329.3029479980469, 590.0081787109375, 290.959716796875, 115.26654052734375, 151.3375244140625, 197.73382568359375, 149.94338989257812, 91.66783142089844, 110.91881561279297, 94.84014129638672], [477.9245910644531, -4.623662948608398, 272.5300598144531, 205.47471618652344, 290.959716796875, 372.461669921875, 246.54640197753906, 185.88070678710938, 139.7060089111328, 140.87646484375, 128.19125366210938, 114.64540100097656, 57.44811248779297], [500.002197265625, 100.69268035888672, 272.84796142578125, 189.78086853027344, 115.26654052734375, 246.54640197753906, 444.7616271972656, 278.82403564453125, 122.2753677368164, 127.70918273925781, 139.20846557617188, 114.12500762939453, 70.17424011230469], [1172.6435546875, 216.43084716796875, 196.86158752441406, 15.603829383850098, 151.3375244140625, 185.88070678710938, 278.82403564453125, 516.669921875, 227.76364135742188, 87.1326904296875, 183.75941467285156, 171.26246643066406, 34.72798156738281], [743.3861694335938, 55.44217300415039, 183.0474090576172, 141.30123901367188, 197.73382568359375, 139.7060089111328, 122.2753677368164, 227.76364135742188, 282.3329772949219, 126.54474639892578, 97.82691192626953, 106.58930969238281, 61.15620422363281], [351.80224609375, -20.94505500793457, 178.34877014160156, 204.32691955566406, 149.94338989257812, 140.87646484375, 127.70918273925781, 87.1326904296875, 126.54474639892578, 226.9911651611328, 112.76123809814453, 74.1211166381836, 67.07522583007812], [538.8299560546875, 67.9429702758789, 115.84921264648438, -3.394803762435913, 91.66783142089844, 128.19125366210938, 139.20846557617188, 183.75941467285156, 97.82691192626953, 112.76123809814453, 206.473388671875, 126.37679290771484, 35.04368591308594], [368.1356506347656, 78.3292236328125, 171.26210021972656, 72.83271026611328, 110.91881561279297, 114.64540100097656, 114.12500762939453, 171.26246643066406, 106.58930969238281, 74.1211166381836, 126.37679290771484, 231.40907287597656, 102.47276306152344], [-131.22714233398438, -48.999290466308594, 151.69834899902344, 201.1468505859375, 94.84014129638672, 57.44811248779297, 70.17424011230469, 34.72798156738281, 61.15620422363281, 67.07522583007812, 35.04368591308594, 102.47276306152344, 200.1907196044922]], "lowlevel.mfcc.icov": [[0.00012022176088066772, 0.0001003935540211387, 9.946115460479632e-05, 3.665272379294038e-05, -7.793296390445903e-05, 4.501365765463561e-05, -3.058704896830022e-05, -0.00021959490550216287, -0.0001539134536869824, -8.560813876101747e-05, -4.310479562263936e-05, -7.897576870163903e-05, 0.0001876760070445016], [0.0001003935540211387, 0.0007500214851461351, 0.00033973457175306976, -0.00046678452054038644, 0.00022069869737606496, 6.424218736356124e-05, 1.1424710464780219e-05, -0.000519217224791646, -0.0001694354577921331, 0.0002683989587239921, -0.0003262947720941156, -0.0003917813883163035, 0.0006435288232751191], [9.946115460479632e-05, 0.00033973457175306976, 0.0012981106992810965, -0.0005456370417959988, -0.0002851099125109613, 4.033997538499534e-05, -0.00033908564364537597, -0.0003106715448666364, -0.0001572861656313762, 8.442587568424642e-05, -0.0001966737036127597, -0.0005477924132719636, 0.0003437685954850167], [3.665272379294038e-05, -0.00046678452054038644, -0.0005456370417959988, 0.0023635586258023977, -0.0007795619312673807, -1.2207074178149924e-05, -0.0006302318070083857, 0.0005370485014282167, -0.00013484068040270358, -0.0015550953103229403, 0.0016425027279183269, 0.00036344261025078595, -0.0014623531606048346], [-7.793296390445903e-05, 0.00022069869737606496, -0.0002851099125109613, -0.0007795619312673807, 0.003999134059995413, -0.0028994360473006964, 0.0016239875694736838, -0.00032114694477058947, -0.00107456068508327, 0.00013635607319884002, -7.842903869459406e-05, 0.00010214642679784447, -0.00032981132972054183], [4.501365765463561e-05, 6.424218736356124e-05, 4.033997538499534e-05, -1.2207074178149924e-05, -0.0028994360473006964, 0.007492470555007458, -0.0031907353550195694, 0.0004626589361578226, -5.47551826457493e-05, -0.0007275757961906493, -0.0009886191692203283, -0.0009465781622566283, 0.001206748653203249], [-3.058704896830022e-05, 1.1424710464780219e-05, -0.00033908564364537597, -0.0006302318070083857, 0.0016239875694736838, -0.0031907353550195694, 0.0057573141530156136, -0.002608406823128462, 0.0010851813713088632, -0.0008169619832187891, -0.00044915868784300983, 0.0008113143849186599, -0.0009408987243659794], [-0.00021959490550216287, -0.000519217224791646, -0.0003106715448666364, 0.0005370485014282167, -0.00032114694477058947, 0.0004626589361578226, -0.002608406823128462, 0.006173140835016966, -0.0031570016872137785, 0.002035382902249694, -0.0019748171325773, -0.0011037398362532258, 0.0004807429504580796], [-0.0001539134536869824, -0.0001694354577921331, -0.0001572861656313762, -0.00013484068040270358, -0.00107456068508327, -5.47551826457493e-05, 0.0010851813713088632, -0.0031570016872137785, 0.008246567100286484, -0.0030756769701838493, 0.001259718555957079, -0.0003828356275334954, -0.000708910811226815], [-8.560813876101747e-05, 0.0002683989587239921, 8.442587568424642e-05, -0.0015550953103229403, 0.00013635607319884002, -0.0007275757961906493, -0.0008169619832187891, 0.002035382902249694, -0.0030756769701838493, 0.01015007309615612, -0.005419876892119646, 0.0009789572795853019, -0.00042800410301424563], [-4.310479562263936e-05, -0.0003262947720941156, -0.0001966737036127597, 0.0016425027279183269, -7.842903869459406e-05, -0.0009886191692203283, -0.00044915868784300983, -0.0019748171325773, 0.001259718555957079, -0.005419876892119646, 0.012577822431921959, -0.0038854433223605156, 0.00042968071647919714], [-7.897576870163903e-05, -0.0003917813883163035, -0.0005477924132719636, 0.00036344261025078595, 0.00010214642679784447, -0.0009465781622566283, 0.0008113143849186599, -0.0011037398362532258, -0.0003828356275334954, 0.0009789572795853019, -0.0038854433223605156, 0.00965938437730074, -0.004442726727575064], [0.0001876760070445016, 0.0006435288232751191, 0.0003437685954850167, -0.0014623531606048346, -0.00032981132972054183, 0.001206748653203249, -0.0009408987243659794, 0.0004807429504580796, -0.000708910811226815, -0.00042800410301424563, 0.00042968071647919714, -0.004442726727575064, 0.009099864400923252]], "metadata.audio_properties.analysis.downmix": "mix", "metadata.audio_properties.codec": "mp3", "metadata.audio_properties.md5_encoded": "13955ee31fc3fa29a29538a813ba3f7c", "metadata.tags.file_name": "1182276858990043166.mp3", "metadata.version.essentia": "2.1-beta6-dev", "metadata.version.essentia_git_sha": "v2.1_beta