{"song_id": "1182264553237655602", "download": "https://cdn.discordapp.com/attachments/1135903449314238464/1182264553237655602/chirp.mp4?ex=658410aa&amp", "lyrics": "-", "style": ["pop with a voice of a female artist"], "essentia_features": {"lowlevel.average_loudness": 0.8131604790687561, "lowlevel.barkbands_crest.mean": 13.624112129211426, "lowlevel.barkbands_crest.stdev": 4.1314167976379395, "lowlevel.barkbands_flatness_db.mean": 0.3415800929069519, "lowlevel.barkbands_flatness_db.stdev": 0.08431661874055862, "lowlevel.barkbands_kurtosis.mean": 24.005210876464844, "lowlevel.barkbands_kurtosis.stdev": 27.8090877532959, "lowlevel.barkbands_skewness.mean": 3.1805641651153564, "lowlevel.barkbands_skewness.stdev": 2.064824342727661, "lowlevel.barkbands_spread.mean": 3.5110888481140137, "lowlevel.barkbands_spread.stdev": 3.197697877883911, "lowlevel.dissonance.mean": 0.4170014560222626, "lowlevel.dissonance.stdev": 0.04182298481464386, "lowlevel.dynamic_complexity": 4.9724273681640625, "lowlevel.erbbands_crest.mean": 12.290292739868164, "lowlevel.erbbands_crest.stdev": 4.654979705810547, "lowlevel.erbbands_flatness_db.mean": 0.25381454825401306, "lowlevel.erbbands_flatness_db.stdev": 0.09306538850069046, "lowlevel.erbbands_kurtosis.mean": 3.769749641418457, "lowlevel.erbbands_kurtosis.stdev": 4.662341594696045, "lowlevel.erbbands_skewness.mean": 1.4518396854400635, "lowlevel.erbbands_skewness.stdev": 0.9251543879508972, "lowlevel.erbbands_spread.mean": 24.49941635131836, "lowlevel.erbbands_spread.stdev": 24.751758575439453, "lowlevel.hfc.mean": 6.61242151260376, "lowlevel.hfc.stdev": 6.569189071655273, "lowlevel.loudness_ebu128.integrated": -15.603973388671875, "lowlevel.loudness_ebu128.loudness_range": 10.322837829589844, "lowlevel.loudness_ebu128.momentary.mean": -18.091665267944336, "lowlevel.loudness_ebu128.momentary.stdev": 5.492186546325684, "lowlevel.loudness_ebu128.short_term.mean": -17.651824951171875, "lowlevel.loudness_ebu128.short_term.stdev": 4.242516994476318, "lowlevel.melbands_crest.mean": 22.531877517700195, "lowlevel.melbands_crest.stdev": 7.3509135246276855, "lowlevel.melbands_flatness_db.mean": 0.4578716456890106, "lowlevel.melbands_flatness_db.stdev": 0.0897061675786972, "lowlevel.melbands_kurtosis.mean": 44.861595153808594, "lowlevel.melbands_kurtosis.stdev": 68.19035339355469, "lowlevel.melbands_skewness.mean": 4.046253204345703, "lowlevel.melbands_skewness.stdev": 3.0427169799804688, "lowlevel.melbands_spread.mean": 2.8341453075408936, "lowlevel.melbands_spread.stdev": 1.7422124147415161, "lowlevel.pitch_salience.mean": 0.47119399905204773, "lowlevel.pitch_salience.stdev": 0.15872430801391602, "lowlevel.silence_rate_20dB.mean": 1.0, "lowlevel.silence_rate_20dB.stdev": 0.0, "lowlevel.silence_rate_30dB.mean": 0.9831786751747131, "lowlevel.silence_rate_30dB.stdev": 0.12860184907913208, "lowlevel.silence_rate_60dB.mean": 0.07482598721981049, "lowlevel.silence_rate_60dB.stdev": 0.26311156153678894, "lowlevel.spectral_centroid.mean": 344.4275817871094, "lowlevel.spectral_centroid.stdev": 231.4989013671875, "lowlevel.spectral_complexity.mean": 6.180394649505615, "lowlevel.spectral_complexity.stdev": 3.1597890853881836, "lowlevel.spectral_decrease.mean": -9.09516195690685e-09, "lowlevel.spectral_decrease.stdev": 6.885983783178062e-09, "lowlevel.spectral_energy.mean": 0.034926995635032654, "lowlevel.spectral_energy.stdev": 0.026505619287490845, "lowlevel.spectral_energyband_high.mean": 9.37913719099015e-05, "lowlevel.spectral_energyband_high.stdev": 0.00023035109916236252, "lowlevel.spectral_energyband_low.mean": 0.020072370767593384, "lowlevel.spectral_energyband_low.stdev": 0.014134377241134644, "lowlevel.spectral_energyband_middle_high.mean": 0.00034924314240925014, "lowlevel.spectral_energyband_middle_high.stdev": 0.0005013029440306127, "lowlevel.spectral_energyband_middle_low.mean": 0.019717734307050705, "lowlevel.spectral_energyband_middle_low.stdev": 0.023715462535619736, "lowlevel.spectral_entropy.mean": 6.139230251312256, "lowlevel.spectral_entropy.stdev": 0.7623641490936279, "lowlevel.spectral_flux.mean": 0.048062048852443695, "lowlevel.spectral_flux.stdev": 0.038222961127758026, "lowlevel.spectral_kurtosis.mean": 36.90562438964844, "lowlevel.spectral_kurtosis.stdev": 32.23899459838867, "lowlevel.spectral_rms.mean": 0.005331157706677914, "lowlevel.spectral_rms.stdev": 0.0023777936585247517, "lowlevel.spectral_rolloff.mean": 242.90023803710938, "lowlevel.spectral_rolloff.stdev": 122.95956420898438, "lowlevel.spectral_skewness.mean": 4.136589527130127, "lowlevel.spectral_skewness.stdev": 1.9587271213531494, "lowlevel.spectral_spread.mean": 3049046.5, "lowlevel.spectral_spread.stdev": 2817506.5, "lowlevel.spectral_strongpeak.mean": 0.5300823450088501, "lowlevel.spectral_strongpeak.stdev": 0.4307228922843933, "lowlevel.zerocrossingrate.mean": 0.01422586478292942, "lowlevel.zerocrossingrate.stdev": 0.011192861013114452, "metadata.audio_properties.analysis.equal_loudness": 0.0, "metadata.audio_properties.analysis.length": 39.999977111816406, "metadata.audio_properties.analysis.sample_rate": 44100.0, "metadata.audio_properties.analysis.start_time": 0.0, "metadata.audio_properties.bit_rate": 120643.0, "metadata.audio_properties.length": 40.0, "metadata.audio_properties.lossless": 0.0, "metadata.audio_properties.number_channels": 1.0, "metadata.audio_properties.replay_gain": -12.03668212890625, "metadata.audio_properties.sample_rate": 48000.0, "rhythm.beats_count": 114.0, "rhythm.beats_loudness.mean": 0.036137692630290985, "rhythm.beats_loudness.stdev": 0.02571229822933674, "rhythm.bpm": 172.2655029296875, "rhythm.bpm_histogram_first_peak_bpm": 172.0, "rhythm.bpm_histogram_first_peak_weight": 0.0, "rhythm.bpm_histogram_second_peak_bpm": 167.0, "rhythm.bpm_histogram_second_peak_spread": 0.0, "rhythm.bpm_histogram_second_peak_weight": 0.10619468986988068, "rhythm.danceability": 0.8971856832504272, "rhythm.onset_rate": 3.698188543319702, "tonal.chords_changes_rate": 0.03128620982170105, "tonal.chords_number_rate": 0.01390498224645853, "tonal.chords_strength.mean": 0.5550421476364136, "tonal.chords_strength.stdev": 0.10745219886302948, "tonal.hpcp_crest.mean": 15.748075485229492, "tonal.hpcp_crest.stdev": 7.625789165496826, "tonal.hpcp_entropy.mean": 1.7180529832839966, "tonal.hpcp_entropy.stdev": 0.7050672769546509, "tonal.key_edma.strength": 0.5574901700019836, "tonal.key_krumhansl.strength": 0.5758839249610901, "tonal.key_temperley.strength": 0.566876232624054, "tonal.tuning_diatonic_strength": 0.5323652029037476, "tonal.tuning_equal_tempered_deviation": 0.14039626717567444, "tonal.tuning_frequency": 434.193115234375, "tonal.tuning_nontempered_energy_ratio": 0.7644917964935303, "lowlevel.barkbands.mean": [0.002859755652025342, 0.009416910819709301, 0.0025025070644915104, 0.010496135801076889, 0.005319133400917053, 0.0025571042206138372, 0.0009330776520073414, 0.00023714316193945706, 0.00015209686534944922, 0.000175211884197779, 3.8707796193193644e-05, 4.1759405576158315e-05, 2.031505027844105e-05, 1.8084265320794657e-05, 1.860511110862717e-05, 1.675607927609235e-05, 1.0340452718082815e-05, 7.431230187648907e-06, 7.738412932667416e-06, 8.066956979746465e-06, 8.56464248499833e-06, 1.1333407201163936e-05, 1.044369946612278e-05, 9.88300598692149e-06, 1.515701660537161e-05, 3.158089748467319e-05, 3.1737972676637582e-06], "lowlevel.barkbands.stdev": [0.0036171942483633757, 0.008788672275841236, 0.004387585446238518, 0.015494199469685555, 0.007043229881674051, 0.003895786590874195, 0.0016453220741823316, 0.00043393264058977365, 0.00042875242070294917, 0.000346026528859511, 6.453129026340321e-05, 5.9309182688593864e-05, 4.182992415735498e-05, 3.2731390092521906e-05, 3.8595266232732683e-05, 4.435731898411177e-05, 3.381970600457862e-05, 2.8369486244628206e-05, 2.8324357117526233e-05, 2.8314478186075576e-05, 2.758740447461605e-05, 3.138033935101703e-05, 2.9604561859741807e-05, 2.611748277558945e-05, 3.931360333808698e-05, 8.924760186346248e-05, 1.137118579208618e-05], "lowlevel.erbbands.mean": [0.6042675971984863, 0.8106638193130493, 1.940175175666809, 21.694913864135742, 24.22477912902832, 14.541709899902344, 33.73202133178711, 13.25691032409668, 12.913881301879883, 10.184457778930664, 4.570960998535156, 3.8857839107513428, 3.4252381324768066, 5.051363945007324, 1.869570255279541, 1.8080137968063354, 1.0518016815185547, 1.0447416305541992, 0.9583525657653809, 0.8760862946510315, 0.8979046940803528, 0.5900126695632935, 0.4284074008464813, 0.39258164167404175, 0.41477876901626587, 0.37773388624191284, 0.33395370841026306, 0.3438242971897125, 0.43541091680526733, 0.37939339876174927, 0.2679307460784912, 0.19485771656036377, 0.17067083716392517, 0.1522560566663742, 0.11677522957324982, 0.09746625274419785, 0.06520789861679077, 0.014945829287171364, 0.00034503990900702775, 4.660822742152959e-05], "lowlevel.erbbands.stdev": [0.5810155272483826, 0.7517827153205872, 2.878997802734375, 31.692373275756836, 37.24857711791992, 21.125898361206055, 52.15412139892578, 24.044597625732422, 25.34125518798828, 16.130460739135742, 6.782252788543701, 10.879782676696777, 6.901872634887695, 9.115891456604004, 2.497934579849243, 2.586188554763794, 1.9405490159988403, 1.765289545059204, 1.782930850982666, 2.1656973361968994, 2.2980473041534424, 1.944246768951416, 1.5919510126113892, 1.513538122177124, 1.4986284971237183, 1.3022477626800537, 1.0748050212860107, 1.1706461906433105, 1.2158331871032715, 1.088018774986267, 0.7506325244903564, 0.5069739818572998, 0.4614579975605011, 0.40913987159729004, 0.3080126643180847, 0.2707516551017761, 0.18529923260211945, 0.046010103076696396, 0.001047019031830132, 4.2750180000439286e-05], "lowlevel.gfcc.mean": [-153.51800537109375, 186.1754608154297, -72.44927215576172, 10.264113426208496, -32.39664840698242, -9.587326049804688, -20.21104621887207, -15.315454483032227, -14.730480194091797, -5.6244401931762695, -16.801616668701172, -2.5804154872894287, -3.3562917709350586], "lowlevel.melbands.mean": [0.0038251064252108335, 0.0011877681827172637, 0.003844636958092451, 0.001279938267543912, 0.0010307710617780685, 0.0003160929773002863, 0.00019446331134531647, 9.441193105885759e-05, 3.315836511319503e-05, 2.2340160285239108e-05, 1.771371353243012e-05, 2.2480364350485615e-05, 5.879408490727656e-06, 5.1074275688733906e-06, 3.182497948728269e-06, 1.8978392972712754e-06, 1.976694647964905e-06, 1.488890802647802e-06, 1.1687737924148678e-06, 1.2123615533710108e-06, 9.772829798748717e-07, 6.281557602960675e-07, 4.524096652858134e-07, 3.4473862342565553e-07, 3.102273922195309e-07, 2.949524855466734e-07, 3.1252386634150753e-07, 2.2937669541533978e-07, 2.0909430986648658e-07, 1.9866969580562e-07, 1.9429637632129015e-07, 2.545377242313407e-07, 2.0800834477086028e-07, 2.1982114617458137e-07, 1.647932492687687e-07, 1.1390821441636945e-07, 1.2327828358138504e-07, 1.224164520863269e-07, 1.2564277085402864e-07, 1.270266949404686e-07], "lowlevel.melbands.stdev": [0.0036413995549082756, 0.001365605858154595, 0.005410070531070232, 0.0018640303751453757, 0.001531042973510921, 0.0005297200987115502, 0.0003744910645764321, 0.00015251763397827744, 5.8500336308497936e-05, 5.8920952142216265e-05, 3.7125344533706084e-05, 4.203236676403321e-05, 9.442949703952763e-06, 7.1636859502177685e-06, 4.458561761566671e-06, 4.429761247592978e-06, 3.4681752367760055e-06, 2.762109261311707e-06, 2.8084289169783005e-06, 3.1614929412171477e-06, 2.6123254883714253e-06, 2.114487415383337e-06, 1.6555873116885778e-06, 1.3497473219103995e-06, 1.247903355761082e-06, 1.0698291816879646e-06, 1.1819643077615183e-06, 7.981951739566284e-07, 7.295675459317863e-07, 5.930613724558498e-07, 7.420609904329467e-07, 7.257097536239598e-07, 5.870880386282806e-07, 6.559371854564233e-07, 4.812131351172866e-07, 2.995732870658685e-07, 3.301309163816768e-07, 3.496626561627636e-07, 3.427933563671104e-07, 3.5037820111938345e-07], "lowlevel.melbands128.mean": [0.0026973874773830175, 0.006459925789386034, 0.003282752586528659, 0.0007432388956658542, 0.0002519042755011469, 0.0016507604159414768, 0.004603940527886152, 0.005128109827637672, 0.0020248410291969776, 0.0010771678062155843, 0.0006006587645970285, 0.00089193758321926, 0.0015717444475740194, 0.0006050787633284926, 0.00032434007152915, 9.940229938365519e-05, 0.00010940824722638354, 0.00031418673461303115, 0.00014016433851793408, 0.00012774918286595494, 5.197269274503924e-05, 3.8807014789199457e-05, 2.975803545268718e-05, 2.8397354981279932e-05, 3.061769893974997e-05, 1.6636078726151027e-05, 1.3554352335631847e-05, 1.348139630863443e-05, 2.1011892386013642e-05, 4.247201650287025e-05, 1.2702893400273751e-05, 5.290742137731286e-06, 7.540868864452932e-06, 4.875413651461713e-06, 3.6361004731588764e-06, 6.9046982389409095e-06, 4.8322385737264995e-06, 2.473107088007964e-06, 2.7169687655259622e-06, 2.212511617472046e-06, 1.584741653459787e-06, 1.556747861286567e-06, 2.174043402192183e-06, 2.3594600406795507e-06, 9.085970305022784e-07, 1.690959948064119e-06, 1.7578325923750526e-06, 7.78935657308466e-07, 1.1886107813552371e-06, 1.2443936157069402e-06, 1.154152869276004e-06, 1.2145488881287747e-06, 1.2547278629426728e-06, 7.648018822692393e-07, 6.408922672562767e-07, 7.001864901212684e-07, 4.7497573518739955e-07, 5.64639151434676e-07, 3.9294633324971073e-07, 3.545462448073522e-07, 3.4812381954907323e-07, 3.200447054041433e-07, 3.5813701515508e-07, 2.938693342002807e-07, 2.540921855143097e-07, 3.2795523452477937e-07, 2.8483103164944623e-07, 2.8844854682574805e-07, 3.658672369510896e-07, 2.7974752470072417e-07, 2.2727128623500903e-07, 2.0268697653591516e-07, 1.948193357748096e-07, 2.395181866177154e-07, 1.804514511150046e-07, 1.8115193256562634e-07, 2.397149785338115e-07, 1.6999730689803982e-07, 2.0075968620858475e-07, 1.8528750445057085e-07, 2.3954765993039473e-07, 3.2576926400906814e-07, 2.1186468757150578e-07, 1.97470995999538e-07, 1.88856901672807e-07, 2.177941382797144e-07, 2.3625118217296404e-07, 2.1347418055484013e-07, 1.568336926993652e-07, 1.361930941357059e-07, 1.223911141323697e-07, 1.0160349717125428e-07, 1.0962001084635631e-07, 1.1141823819116325e-07, 1.429972371624899e-07, 1.5342676817908796e-07, 1.064916901327706e-07, 8.692417452493828e-08, 1.339227253538411e-07, 1.4843473650216765e-07, 1.2003144433947455e-07, 1.3843489909959317e-07, 1.0836755848231405e-07, 1.2062081111707812e-07, 1.286314841308922e-07, 1.5001792519342416e-07, 1.3057196213139832e-07, 1.3236643781056046e-07, 1.6255999923942e-07, 1.8958654379730433e-07, 2.348414795960707e-07, 2.3468756182865036e-07, 2.1530894400711986e-07, 2.012071149692929e-07, 1.7578246058747027e-07, 1.8842024473997299e-07, 1.2795119630482077e-07, 1.584090725259557e-08, 5.4848004610308365e-11, 4.053753166477492e-11, 2.1846996434149446e-11, 1.780225099279331e-11, 1.7011416580947625e-11, 1.6739557656686443e-11, 1.731912703528682e-11, 1.781953751223142e-11, 1.8444867161404588e-11, 1.8316509767246636e-11], "lowlevel.melbands128.stdev": [0.0033271624706685543, 0.006310540717095137, 0.003167704213410616, 0.000742195697966963, 0.00047007141984067857, 0.002948637120425701, 0.007234946358948946, 0.008045367896556854, 0.0035303784534335136, 0.0023879690561443567, 0.0010363112669438124, 0.0013871241826564074, 0.002534405328333378, 0.0010211142944172025, 0.0007830706890672445, 0.00023196129768621176, 0.00022167574206832796, 0.0006950746173970401, 0.00022933627769816667, 0.000245447939960286, 0.00014646814088337123, 6.549497629748657e-05, 5.355938628781587e-05, 0.0001339530135737732, 0.00011342597281327471, 2.759639755822718e-05, 2.1536037820624188e-05, 4.1983115806942806e-05, 7.15465284883976e-05, 8.679973689140752e-05, 2.443376070004888e-05, 1.2083356523362454e-05, 1.5273566532414407e-05, 8.70958774612518e-06, 7.012868536548922e-06, 1.2745927961077541e-05, 7.802336767781526e-06, 4.3967615965812e-06, 5.162253728485666e-06, 5.791517196485074e-06, 5.572363079409115e-06, 3.71888359040895e-06, 4.020190317532979e-06, 5.0307139645155985e-06, 2.5863409973680973e-06, 3.5793418646790087e-06, 3.7976635667291703e-06, 2.9139821435819613e-06, 3.046128767891787e-06, 3.6298338272899855e-06, 3.906574420398101e-06, 3.601911430450855e-06, 3.224588908778969e-06, 2.7262776711722836e-06, 2.1892019503866322e-06, 2.6419729692861438e-06, 1.967891193999094e-06, 2.0285042410250753e-06, 1.7676574088909547e-06, 1.4810314041824313e-06, 1.516671773060807e-06, 1.2950255268151523e-06, 1.7612418332646484e-06, 1.2893616485598614e-06, 9.71394001680892e-07, 1.274000965167943e-06, 1.0936105354630854e-06, 1.3196699910622556e-06, 1.5326653510783217e-06, 1.0096827054439927e-06, 8.330032983394631e-07, 7.953083240863634e-07, 7.556944296993606e-07, 9.268784424421028e-07, 6.260374334488006e-07, 5.516723717846617e-07, 7.772614480927587e-07, 7.441728939738823e-07, 9.413710699845979e-07, 6.536578780469426e-07, 7.341433274632436e-07, 1.020403828988492e-06, 6.098983362790023e-07, 5.998875849400065e-07, 5.87971612731053e-07, 7.017945335974218e-07, 7.590992936457042e-07, 6.846499331913947e-07, 4.936950404044183e-07, 4.032365836792451e-07, 3.6039787687514035e-07, 2.762429858194082e-07, 3.075116410400369e-07, 3.150816496599873e-07, 4.4429125978240336e-07, 4.727521911718213e-07, 3.219262794118549e-07, 2.5043129880941706e-07, 3.92175394381411e-07, 4.182190309620637e-07, 3.7105266414982907e-07, 4.108116513634741e-07, 3.1303710557040176e-07, 3.384119509064476e-07, 3.705139874909946e-07, 4.18593998574579e-07, 3.776511903197388e-07, 3.8157111248438014e-07, 4.873207899436238e-07, 5.648032583849272e-07, 7.804228516761214e-07, 7.185664685493975e-07, 6.369191964950005e-07, 5.755589995715127e-07, 5.611073561340163e-07, 6.16769455064059e-07, 4.492634104735771e-07, 8.030217202303902e-08, 1.0195209121377502e-09, 8.412002205915314e-10, 5.24043308747224e-10, 4.82240081201013e-10, 4.859903590670456e-10, 4.793577756956324e-10, 5.130030844568978e-10, 5.407602143847612e-10, 5.722021745313555e-10, 5.693852611621253e-10], "lowlevel.mfcc.mean": [-812.8406982421875, 220.30191040039062, 25.485946655273438, 29.48651885986328, 8.419445991516113, 11.540003776550293, -2.0273962020874023, -2.0629048347473145, 2.811113119125366, -5.379739284515381, -4.855749130249023, -6.753649711608887, -0.6418259739875793], "lowlevel.spectral_contrast_coeffs.mean": [-0.6269405484199524, -0.7483050227165222, -0.7877050042152405, -0.8293547034263611, -0.8427394032478333, -0.7775938510894775], "lowlevel.spectral_contrast_coeffs.stdev": [0.09492618590593338, 0.06064731255173683, 0.04641037806868553, 0.03561564162373543, 0.02271660603582859, 0.053926002234220505], "lowlevel.spectral_contrast_valleys.mean": [-6.908125877380371, -7.409470081329346, -8.412035942077637, -9.14099407196045, -9.812178611755371, -13.152676582336426], "lowlevel.spectral_contrast_valleys.stdev": [1.209877610206604, 0.7965208888053894, 0.7957109212875366, 0.7542492747306824, 1.02662193775177, 2.0814099311828613], "rhythm.beats_loudness_band_ratio.mean": [0.6935665607452393, 0.26437920331954956, 0.04522813856601715, 0.011473972350358963, 0.004441993776708841, 0.005927853751927614], "rhythm.beats_loudness_band_ratio.stdev": [0.2735539674758911, 0.2517140209674835, 0.04323439672589302, 0.014119831845164299, 0.007682278286665678, 0.008631834760308266], "tonal.hpcp.mean": [0.11541306972503662, 0.08181259036064148, 0.005978407338261604, 0.0013644363498315215, 0.004930431954562664, 0.020613834261894226, 0.07503055781126022, 0.06801552325487137, 0.013986588455736637, 0.010826082900166512, 0.01161863747984171, 0.0110715851187706, 0.011416495777666569, 0.0292061660438776, 0.21615199744701385, 0.5169788002967834, 0.37753331661224365, 0.07175226509571075, 0.02590983919799328, 0.021519191563129425, 0.05686984583735466, 0.13214118778705597, 0.13731573522090912, 0.15050046145915985, 0.28225886821746826, 0.20645132660865784, 0.03863077983260155, 0.019912853837013245, 0.011260119266808033, 0.01248543243855238, 0.07128078490495682, 0.08968514949083328, 0.03065260499715805, 0.0050193131901323795, 0.00528086768463254, 0.04216322302818298], "tonal.hpcp.stdev": [0.20249681174755096, 0.14813005924224854, 0.01947895437479019, 0.012263397686183453, 0.03563961759209633, 0.09280750900506973, 0.19454887509346008, 0.17904965579509735, 0.05247753858566284, 0.0497249998152256, 0.06499526649713516, 0.08002206683158875, 0.07614445686340332, 0.11330277472734451, 0.27281785011291504, 0.42428889870643616, 0.35654908418655396, 0.1672266125679016, 0.10587339103221893, 0.09942557662725449, 0.17889556288719177, 0.2875114381313324, 0.2784489393234253, 0.2477266937494278, 0.4061519205570221, 0.32889217138290405, 0.1225370243191719, 0.08186531066894531, 0.06196357309818268, 0.0813463032245636, 0.2270052582025528, 0.27647674083709717, 0.11820630729198456, 0.02013164386153221, 0.03020629845559597, 0.08971891552209854], "rhythm.beats_position": [0.29024943709373474, 0.5921088457107544, 0.9055781960487366, 1.2306575775146484, 1.5789568424224854, 1.9272562265396118, 2.2755556106567383, 2.623854875564575, 2.972154140472412, 3.320453405380249, 3.668752670288086, 4.017052173614502, 4.36535120010376, 4.713650703430176, 5.061950206756592, 5.41024923324585, 5.758548736572266, 6.106847763061523, 6.4551472663879395, 6.8034467697143555, 7.151745796203613, 7.500045299530029, 7.848344326019287, 8.196643829345703, 8.544942855834961, 8.893242835998535, 9.241541862487793, 9.58984088897705, 9.938140869140625, 10.286439895629883, 10.63473892211914, 10.983037948608398, 11.331337928771973, 11.69124698638916, 12.051156044006348, 12.399456024169922, 12.74775505065918, 13.096054077148438, 13.444353103637695, 13.79265308380127, 14.140952110290527, 14.489251136779785, 14.83755111694336, 15.174240112304688, 15.510929107666016, 15.85922908782959, 16.20752716064453, 16.555828094482422, 16.90412712097168, 17.252426147460938, 17.600725173950195, 17.960634231567383, 18.32054328918457, 18.668842315673828, 19.01714324951172, 19.365442276000977, 19.713741302490234, 20.062040328979492, 20.41033935546875, 20.758638381958008, 21.1069393157959, 21.455238342285156, 21.803537368774414, 22.151836395263672, 22.50013542175293, 22.848434448242188, 23.196733474731445, 23.556644439697266, 23.916553497314453, 24.26485252380371, 24.6247615814209, 24.984670639038086, 25.332969665527344, 25.6812686920166, 26.029569625854492, 26.36625862121582, 26.70294761657715, 27.051246643066406, 27.399545669555664, 27.747844696044922, 28.09614372253418, 28.44444465637207, 28.792743682861328, 29.141042709350586, 29.489341735839844, 29.8376407623291, 30.18593978881836, 30.53424072265625, 30.882539749145508, 31.230838775634766, 31.579137802124023, 31.92743682861328, 32.27573776245117, 32.6240348815918, 32.97233581542969, 33.32063293457031, 33.6689338684082, 34.017234802246094, 34.36553192138672, 34.71383285522461, 35.062129974365234, 35.410430908203125, 35.75872802734375, 36.10702896118164, 36.45532989501953, 36.81523895263672, 37.175148010253906, 37.511837005615234, 37.84852600097656, 38.19682312011719, 38.54512405395508, 38.89342498779297, 39.253334045410156, 39.613243103027344], "rhythm.bpm_histogram": [0.0, 0.0, 0.0, 0.0, 0.0, 0.0, 0.0, 0.0, 0.0, 0.0, 0.0, 0.0, 0.0, 0.0, 0.0, 0.0, 0.0, 0.0, 0.0, 0.0, 0.0, 0.0, 0.0, 0.0, 0.0, 0.0, 0.0, 0.0, 0.0, 0.0, 0.0, 0.0, 0.0, 0.0, 0.0, 0.0, 0.0, 0.0, 0.0, 0.0, 0.0, 0.0, 0.0, 0.0, 0.0, 0.0, 0.0, 0.0, 0.0, 0.0, 0.0, 0.0, 0.0, 0.0, 0.0, 0.0, 0.0, 0.0, 0.0, 0.0, 0.0, 0.0, 0.0, 0.0, 0.0, 0.0, 0.0, 0.0, 0.0, 0.0, 0.0, 0.0, 0.0, 0.0, 0.0, 0.0, 0.0, 0.0, 0.0, 0.0, 0.0, 0.0, 0.0, 0.0, 0.0, 0.0, 0.0, 0.0, 0.0, 0.0, 0.0, 0.0, 0.0, 0.0, 0.0, 0.0, 0.0, 0.0, 0.0, 0.0, 0.0, 0.0, 0.0, 0.0, 0.0, 0.0, 0.0, 0.0, 0.0, 0.0, 0.0, 0.0, 0.0, 0.0, 0.0, 0.0, 0.0, 0.0, 0.0, 0.0, 0.0, 0.0, 0.0, 0.0, 0.0, 0.0, 0.0, 0.0, 0.0, 0.0, 0.0, 0.0, 0.0, 0.0, 0.0, 0.0, 0.0, 0.0, 0.0, 0.0, 0.0, 0.0, 0.0, 0.0, 0.0, 0.0, 0.0, 0.0, 0.0, 0.0, 0.0, 0.0, 0.0, 0.0, 0.0, 0.0, 0.0, 0.0, 0.0, 0.0, 0.0, 0.0, 0.0, 0.0, 0.0, 0.0, 0.0, 0.10619468986988068, 0.0, 0.0, 0.0, 0.0, 0.8141592741012573, 0.0, 0.0, 0.0, 0.0, 0.0, 0.05309734493494034, 0.0, 0.0, 0.0, 0.0, 0.0, 0.0, 0.008849557489156723, 0.0, 0.0, 0.0, 0.0, 0.0, 0.008849557489156723, 0.0, 0.0, 0.0, 0.0, 0.0, 0.0, 0.0, 0.008849557489156723, 0.0, 0.0, 0.0, 0.0, 0.0, 0.0, 0.0, 0.0, 0.0, 0.0, 0.0, 0.0, 0.0, 0.0, 0.0, 0.0, 0.0, 0.0, 0.0, 0.0, 0.0, 0.0, 0.0, 0.0, 0.0, 0.0, 0.0, 0.0, 0.0, 0.0, 0.0, 0.0, 0.0, 0.0, 0.0, 0.0, 0.0, 0.0, 0.0, 0.0, 0.0, 0.0, 0.0, 0.0, 0.0, 0.0, 0.0, 0.0, 0.0, 0.0], "tonal.chords_histogram": [44.611820220947266, 5.098493576049805, 0.0, 1.738122820854187, 0.11587485671043396, 2.5492467880249023, 15.179606437683105, 10.428736686706543, 0.0, 4.171494960784912, 3.1286211013793945, 2.896871328353882, 0.0, 0.46349942684173584, 0.0, 0.0, 0.0, 0.0, 2.780996561050415, 0.0, 0.0, 0.0, 5.2143683433532715, 1.6222479343414307], "tonal.thpcp": [1.0, 0.7302684783935547, 0.1387915015220642, 0.050117798149585724, 0.041624899953603745, 0.11000420898199081, 0.25560271739959717, 0.2656119167804718, 0.29111534357070923, 0.5459776520729065, 0.39934197068214417, 0.07472410798072815, 0.03851773589849472, 0.021780621260404587, 0.02415076270699501, 0.13787950575351715, 0.173479363322258, 0.05929180234670639, 0.009708934463560581, 0.01021486334502697, 0.08155696839094162, 0.2232452630996704, 0.1582513451576233, 0.011564124375581741, 0.0026392501313239336, 0.00953700952231884, 0.03987365588545799, 0.14513275027275085, 0.1315634697675705, 0.027054471895098686, 0.020941058173775673, 0.022474108263850212, 0.021415935829281807, 0.02208310179412365, 0.056493934243917465, 0.4181061089038849], "lowlevel.gfcc.cov": [[10845.2373046875, -4694.07861328125, 2943.92333984375, 1269.6484375, -611.4688720703125, 1722.293701171875, -732.274658203125, 1339.9947509765625, -606.1804809570312, 646.7041625976562, -462.1544189453125, 545.9189453125, -653.820068359375], [-4694.07861328125, 4833.95458984375, -1455.6751708984375, -819.0646362304688, 885.6232299804688, -1284.0147705078125, 814.1486206054688, -984.5197143554688, 561.246826171875, -520.7797241210938, 330.9571228027344, -507.92803955078125, 409.5533142089844], [2943.92333984375, -1455.6751708984375, 1346.0889892578125, 356.2882385253906, -62.51285934448242, 692.7935180664062, -184.99868774414062, 563.900634765625, -153.10333251953125, 252.814697265625, -137.945068359375, 156.9176788330078, -199.635498046875], [1269.6484375, -819.0646362304688, 356.2882385253906, 449.8574523925781, 6.130446910858154, 365.0348815917969, 29.51306915283203, 279.3259582519531, 40.09732437133789, 124.99671936035156, -12.527338981628418, 66.87762451171875, -57.94851303100586], [-611.4688720703125, 885.6232299804688, -62.51285934448242, 6.130446910858154, 515.8399658203125, -30.366735458374023, 341.8217468261719, 23.56955909729004, 231.90858459472656, -11.022429466247559, 73.92495727539062, -94.82418823242188, 89.00560760498047], [1722.293701171875, -1284.0147705078125, 692.7935180664062, 365.0348815917969, -30.366735458374023, 647.65087890625, -58.82355880737305, 477.3437194824219, -19.845962524414062, 208.99368286132812, -48.21992492675781, 127.70735168457031, -102.1233139038086], [-732.274658203125, 814.1486206054688, -184.99868774414062, 29.51306915283203, 341.8217468261719, -58.82355880737305, 389.8381042480469, -21.402923583984375, 256.69073486328125, -30.582603454589844, 93.84263610839844, -76.47462463378906, 105.46049499511719], [1339.9947509765625, -984.5197143554688, 563.900634765625, 279.3259582519531, 23.56955909729004, 477.3437194824219, -21.402923583984375, 465.9268493652344, 23.269468307495117, 193.4295196533203, -31.480924606323242, 112.50205993652344, -66.9420166015625], [-606.1804809570312, 561.246826171875, -153.10333251953125, 40.09732437133789, 231.90858459472656, -19.845962524414062, 256.69073486328125, 23.269468307495117, 264.4031066894531, 3.112884998321533, 101.625, -47.717063903808594, 93.87113952636719], [646.7041625976562, -520.7797241210938, 252.814697265625, 124.99671936035156, -11.022429466247559, 208.99368286132812, -30.582603454589844, 193.4295196533203, 3.112884998321533, 146.24087524414062, -0.6622456312179565, 68.45304870605469, -34.792964935302734], [-462.1544189453125, 330.9571228027344, -137.945068359375, -12.527338981628418, 73.92495727539062, -48.21992492675781, 93.84263610839844, -31.480924606323242, 101.625, -0.6622456312179565, 103.15110778808594, -14.237903594970703, 64.60523986816406], [545.9189453125, -507.92803955078125, 156.9176788330078, 66.87762451171875, -94.82418823242188, 127.70735168457031, -76.47462463378906, 112.50205993652344, -47.717063903808594, 68.45304870605469, -14.237903594970703, 119.28205108642578, -5.297472953796387], [-653.820068359375, 409.5533142089844, -199.635498046875, -57.94851303100586, 89.00560760498047, -102.1233139038086, 105.46049499511719, -66.9420166015625, 93.87113952636719, -34.792964935302734, 64.60523986816406, -5.297472953796387, 128.50729370117188]], "lowlevel.gfcc.icov": [[0.00044660427374765277, -0.0005790931754745543, -0.0003597067843656987, -0.0011185371549800038, 0.00043117182212881744, -0.00034161354415118694, 0.0003333921486046165, -0.0002503946889191866, 0.0004688073240686208, -0.0005911947810091078, 0.0011179063003510237, -0.001548600965179503, 0.0009521042229607701], [-0.0005790931754745543, 0.004798565525561571, -0.001383868744596839, 0.004254973493516445, -0.003303017234429717, 0.0039036781527101994, -0.0025534292217344046, 0.0027617434971034527, -0.0029765390790998936, 0.004663828294724226, -0.006456946022808552, 0.006718754768371582, -0.0025863153859972954], [-0.0003597067843656987, -0.001383868744596839, 0.0034158199559897184, -0.00024334253976121545, 0.00019750813953578472, -0.002584785455837846, 0.0009268228313885629, -0.001968697179108858, 0.0016415718710049987, -0.001706999959424138, 0.002131419023498893, -0.0012925633927807212, 0.0010138582438230515], [-0.0011185371549800038, 0.004254973493516445, -0.00024334253976121545, 0.009257104247808456, -0.0023577336687594652, 0.0009799330728128552, -0.003463507629930973, 0.0021331091411411762, -0.0035525867715477943, 0.0038896233309060335, -0.0061686476692557335, 0.006730641238391399, -0.0020630909129977226], [0.00043117182212881744, -0.003303017234429717, 0.00019750813953578472, -0.0023577336687594652, 0.00795742217451334, -0.0020428753923624754, -0.0026532395277172327, -0.0031156863551586866, 0.001987322000786662, -0.0042209927923977375, 0.004996319301426411, -0.0014022403629496694, 0.0002194769331254065], [-0.00034161354415118694, 0.0039036781527101994, -0.002584785455837846, 0.0009799330728128552, -0.0020428753923624754, 0.011990454979240894, -0.0026978650130331516, -0.0036834627389907837, -0.001424573129042983, 0.003410553792491555, -0.006066317670047283, 0.005011453293263912, -0.0012934808619320393], [0.0003333921486046165, -0.0025534292217344046, 0.0009268228313885629, -0.003463507629930973, -0.0026532395277172327, -0.0026978650130331516, 0.012855995446443558, -5.617480928776786e-05, -0.005515610799193382, -0.0007196734077297151, 0.004026693291962147, -0.003893451765179634, 0.00047538004582747817], [-0.0002503946889191866, 0.0027617434971034527, -0.001968697179108858, 0.0021331091411411762, -0.0031156863551586866, -0.0036834627389907837, -5.617480928776786e-05, 0.014469098299741745, -0.005654491018503904, -0.002261004177853465, -0.0008206752827391028, 0.0009600221528671682, -0.0013875672593712807], [0.0004688073240686208, -0.0029765390790998936, 0.0016415718710049987, -0.0035525867715477943, 0.001987322000786662, -0.001424573129042983, -0.005515610799193382, -0.005654491018503904, 0.01791911944746971, -0.004237843211740255, -0.0024658844340592623, -0.0008307457319460809, -0.0011393916793167591], [-0.0005911947810091078, 0.004663828294724226, -0.001706999959424138, 0.0038896233309060335, -0.0042209927923977375, 0.003410553792491555, -0.0007196734077297151, -0.002261004177853465, -0.004237843211740255, 0.02323254942893982, -0.011220574378967285, 0.000986727885901928, 0.0013447043020278215], [0.0011179063003510237, -0.006456946022808552, 0.002131419023498893, -0.0061686476692557335, 0.004996319301426411, -0.006066317670047283, 0.004026693291962147, -0.0008206752827391028, -0.0024658844340592623, -0.011220574378967285, 0.029228756204247475, -0.009260780178010464, -0.0015306734712794423], [-0.001548600965179503, 0.006718754768371582, -0.0012925633927807212, 0.006730641238391399, -0.0014022403629496694, 0.005011453293263912, -0.003893451765179634, 0.0009600221528671682, -0.0008307457319460809, 0.000986727885901928, -0.009260780178010464, 0.0295503418892622, -0.012867671437561512], [0.0009521042229607701, -0.0025863153859972954, 0.0010138582438230515, -0.0020630909129977226, 0.0002194769331254065, -0.0012934808619320393, 0.00047538004582747817, -0.0013875672593712807, -0.0011393916793167591, 0.0013447043020278215, -0.0015306734712794423, -0.012867671437561512, 0.020655667409300804]], "lowlevel.mfcc.cov": [[8035.89599609375, -3056.5849609375, 1675.5928955078125, 497.01495361328125, 231.92942810058594, 412.7019958496094, 245.57127380371094, 413.5193786621094, 116.05957794189453, 198.17066955566406, 114.31513977050781, 79.21764373779297, 210.5807647705078], [-3056.5849609375, 3867.502685546875, -1153.730712890625, 193.40847778320312, -167.5120086669922, -30.92085075378418, -76.08028411865234, -191.8110809326172, 58.93648147583008, -129.56285095214844, 1.2669792175292969, -53.414852142333984, -27.298952102661133], [1675.5928955078125, -1153.730712890625, 866.7789916992188, -29.942644119262695, 162.918212890625, 78.62108612060547, 107.43855285644531, 153.01150512695312, 36.95609664916992, 106.29458618164062, 33.692867279052734, 61.88812255859375, 46.55894470214844], [497.01495361328125, 193.40847778320312, -29.942644119262695, 315.6761779785156, 39.29515075683594, 137.88186645507812, 75.13375854492188, 99.55086517333984, 134.65892028808594, 81.43805694580078, 74.81488037109375, 39.568458557128906, 79.56095123291016], [231.92942810058594, -167.5120086669922, 162.918212890625, 39.29515075683594, 218.0255126953125, 68.70060729980469, 118.70691680908203, 115.35237121582031, 108.48587799072266, 115.07571411132812, 66.90762329101562, 63.53203582763672, 55.586708068847656], [412.7019958496094, -30.92085075378418, 78.62108612060547, 137.88186645507812, 68.70060729980469, 172.17857360839844, 100.72017669677734, 110.89032745361328, 113.55068969726562, 94.30599975585938, 70.30313873291016, 45.054012298583984, 62.432159423828125], [245.57127380371094, -76.08028411865234, 107.43855285644531, 75.13375854492188, 118.70691680908203, 100.72017669677734, 160.5163116455078, 119.88471984863281, 120.42552185058594, 104.80042266845703, 72.48383331298828, 60.80305862426758, 53.15742492675781], [413.5193786621094, -191.8110809326172, 153.01150512695312, 99.55086517333984, 115.35237121582031, 110.89032745361328, 119.88471984863281, 201.2493438720703, 155.15310668945312, 141.44422912597656, 82.60633850097656, 64.33682250976562, 83.15726470947266], [116.05957794189453, 58.93648147583008, 36.95609664916992, 134.65892028808594, 108.48587799072266, 113.55068969726562, 120.42552185058594, 155.15310668945312, 216.56692504882812, 151.907958984375, 95.88471984863281, 63.992733001708984, 93.25756072998047], [198.17066955566406, -129.56285095214844, 106.29458618164062, 81.43805694580078, 115.07571411132812, 94.30599975585938, 104.80042266845703, 141.44422912597656, 151.907958984375, 180.4587860107422, 100.66908264160156, 75.12059020996094, 82.29890441894531], [114.31513977050781, 1.2669792175292969, 33.692867279052734, 74.81488037109375, 66.90762329101562, 70.30313873291016, 72.48383331298828, 82.60633850097656, 95.88471984863281, 100.66908264160156, 113.50696563720703, 65.80509185791016, 57.33112335205078], [79.21764373779297, -53.414852142333984, 61.88812255859375, 39.568458557128906, 63.53203582763672, 45.054012298583984, 60.80305862426758, 64.33682250976562, 63.992733001708984, 75.12059020996094, 65.80509185791016, 89.25958251953125, 52.27114486694336], [210.5807647705078, -27.298952102661133, 46.55894470214844, 79.56095123291016, 55.586708068847656, 62.432159423828125, 53.15742492675781, 83.15726470947266, 93.25756072998047, 82.29890441894531, 57.33112335205078, 52.27114486694336, 103.91730499267578]], "lowlevel.mfcc.icov": [[0.0003524845524225384, 0.00016276004316750914, -0.000509000092279166, -0.0007086595287546515, 0.00010752435628091916, -0.0002723944780882448, -6.71422021696344e-05, -0.0001737709972076118, 0.00043492173426784575, 0.0003248628636356443, -0.00019194150809198618, 0.000475407054182142, -0.0004022037028335035], [0.00016276004316750914, 0.0005438866792246699, 0.0003223321691621095, -0.0004962469101883471, -3.5516583011485636e-05, -0.00015521196473855525, -0.0001224113948410377, 0.0003124280774500221, -0.0003326346632093191, 0.0005845387931913137, -0.0002086736203636974, 0.00011926706793019548, -0.0001358602021355182], [-0.000509000092279166, 0.0003223321691621095, 0.0030793272890150547, 0.0012235580943524837, -0.0010596293723210692, -0.00019882280321326107, -0.00020906854479108006, -0.0008458552183583379, 0.0004227974568493664, -0.0005888602463528514, 0.000895255128853023, -0.0011529859621077776, 0.00044275089749135077], [-0.0007086595287546515, -0.0004962469101883471, 0.0012235580943524837, 0.007399610709398985, 0.00027477042749524117, -0.003261967794969678, 0.0008646777714602649, 9.92324021353852e-06, -0.002988114720210433, 0.0009818936232477427, -0.000816561805550009, -0.00046298751840367913, -0.0009579244069755077], [0.00010752435628091916, -3.5516583011485636e-05, -0.0010596293723210692, 0.00027477042749524117, 0.009365351870656013, 0.0011243445333093405, -0.00467608543112874, -0.000473746913485229, -0.0004306604096200317, -0.0024198307655751705, 0.000346371962223202, -0.0009533390984870493, -0.00028553541051223874], [-0.0002723944780882448, -0.00015521196473855525, -0.00019882280321326107, -0.003261967794969678, 0.0011243445333093405, 0.014050525613129139, -0.004899556282907724, -0.001719358959235251, -0.0002899114915635437, -0.0011708184611052275, -0.001568345818668604, 0.0010953419841825962, -0.0005611999076791108], [-6.71422021696344e-05, -0.0001224113948410377, -0.00020906854479108006, 0.0008646777714602649, -0.00467608543112874, -0.004899556282907724, 0.017741918563842773, -0.003026981372386217, -0.0040243929252028465, 0.001371372607536614, -0.0010945439571514726, -0.0037841391749680042, 0.0033598903100937605], [-0.0001737709972076118, 0.0003124280774500221, -0.0008458552183583379, 9.92324021353852e-06, -0.000473746913485229, -0.001719358959235251, -0.003026981372386217, 0.01739395782351494, -0.006029636133462191, -0.0043425410985946655, 0.0009154640138149261, 0.00012452836381271482, -0.0019961451180279255], [0.00043492173426784575, -0.0003326346632093191, 0.0004227974568493664, -0.002988114720210433, -0.0004306604096200317, -0.0002899114915635437, -0.0040243929252028465, -0.006029636133462191, 0.020055435597896576, -0.007906584069132805, -0.0008874907507561147, 0.00364815816283226, -0.0046640136279165745], [0.0003248628636356443, 0.0005845387931913137, -0.0005888602463528514, 0.0009818936232477427, -0.0024198307655751705, -0.0011708184611052275, 0.001371372607536614, -0.0043425410985946655, -0.007906584069132805, 0.0232223030179739, -0.007948852144181728, -0.002321352018043399, -0.001964051043614745], [-0.00019194150809198618, -0.0002086736203636974, 0.000895255128853023, -0.000816561805550009, 0.000346371962223202, -0.001568345818668604, -0.0010945439571514726, 0.0009154640138149261, -0.0008874907507561147, -0.007948852144181728, 0.023333152756094933, -0.009557119570672512, 0.00016856571892276406], [0.000475407054182142, 0.00011926706793019548, -0.0011529859621077776, -0.00046298751840367913, -0.0009533390984870493, 0.0010953419841825962, -0.0037841391749680042, 0.00012452836381271482, 0.00364815816283226, -0.002321352018043399, -0.009557119570672512, 0.025027407333254814, -0.007124843541532755], [-0.0004022037028335035, -0.0001358602021355182, 0.00044275089749135077, -0.0009579244069755077, -0.00028553541051223874, -0.0005611999076791108, 0.003359890310093