{"song_id": "1182279226775314544", "download": "https://cdn.discordapp.com/attachments/1128313332273782784/1182279226775314544/chirp.mp4?ex=65841e55&amp", "lyrics": "Act As If\nI am a crypto billionaire\ncrypto billionaire\ncrypto billionaire", "style": ["Duper"], "essentia_features": {"lowlevel.average_loudness": 0.9827460646629333, "lowlevel.barkbands_crest.mean": 11.827932357788086, "lowlevel.barkbands_crest.stdev": 6.787059783935547, "lowlevel.barkbands_flatness_db.mean": 0.1987796127796173, "lowlevel.barkbands_flatness_db.stdev": 0.09814532101154327, "lowlevel.barkbands_kurtosis.mean": 31.241796493530273, "lowlevel.barkbands_kurtosis.stdev": 79.0922622680664, "lowlevel.barkbands_skewness.mean": 1.477481484413147, "lowlevel.barkbands_skewness.stdev": 5.187004566192627, "lowlevel.barkbands_spread.mean": 37.73236846923828, "lowlevel.barkbands_spread.stdev": 28.662870407104492, "lowlevel.dissonance.mean": 0.4643579125404358, "lowlevel.dissonance.stdev": 0.02893128991127014, "lowlevel.dynamic_complexity": 4.007418632507324, "lowlevel.erbbands_crest.mean": 8.195737838745117, "lowlevel.erbbands_crest.stdev": 4.259144306182861, "lowlevel.erbbands_flatness_db.mean": 0.1524794101715088, "lowlevel.erbbands_flatness_db.stdev": 0.03844543546438217, "lowlevel.erbbands_kurtosis.mean": 1.1362178325653076, "lowlevel.erbbands_kurtosis.stdev": 3.2465875148773193, "lowlevel.erbbands_skewness.mean": -0.6067045331001282, "lowlevel.erbbands_skewness.stdev": 1.2103406190872192, "lowlevel.erbbands_spread.mean": 75.47710418701172, "lowlevel.erbbands_spread.stdev": 48.82155990600586, "lowlevel.hfc.mean": 144.3319091796875, "lowlevel.hfc.stdev": 251.64920043945312, "lowlevel.loudness_ebu128.integrated": -32.446815490722656, "lowlevel.loudness_ebu128.loudness_range": 1.6561298370361328, "lowlevel.loudness_ebu128.momentary.mean": -32.971317291259766, "lowlevel.loudness_ebu128.momentary.stdev": 2.332615613937378, "lowlevel.loudness_ebu128.short_term.mean": -32.53614044189453, "lowlevel.loudness_ebu128.short_term.stdev": 0.5572240352630615, "lowlevel.melbands_crest.mean": 18.170719146728516, "lowlevel.melbands_crest.stdev": 11.863205909729004, "lowlevel.melbands_flatness_db.mean": 0.19428083300590515, "lowlevel.melbands_flatness_db.stdev": 0.1575336754322052, "lowlevel.melbands_kurtosis.mean": 227.46194458007812, "lowlevel.melbands_kurtosis.stdev": 570.145751953125, "lowlevel.melbands_skewness.mean": 6.8824968338012695, "lowlevel.melbands_skewness.stdev": 11.255091667175293, "lowlevel.melbands_spread.mean": 75.6748046875, "lowlevel.melbands_spread.stdev": 66.70466613769531, "lowlevel.pitch_salience.mean": 0.5092957615852356, "lowlevel.pitch_salience.stdev": 0.2508733868598938, "lowlevel.silence_rate_20dB.mean": 0.8415716290473938, "lowlevel.silence_rate_20dB.stdev": 0.3651432693004608, "lowlevel.silence_rate_30dB.mean": 0.785804808139801, "lowlevel.silence_rate_30dB.stdev": 0.4102650582790375, "lowlevel.silence_rate_60dB.mean": 0.19138149917125702, "lowlevel.silence_rate_60dB.stdev": 0.3933897614479065, "lowlevel.spectral_centroid.mean": 2953.630126953125, "lowlevel.spectral_centroid.stdev": 1572.20556640625, "lowlevel.spectral_complexity.mean": 8.500633239746094, "lowlevel.spectral_complexity.stdev": 9.295809745788574, "lowlevel.spectral_decrease.mean": -4.3428748597307276e-08, "lowlevel.spectral_decrease.stdev": 1.0677725015284523e-07, "lowlevel.spectral_energy.mean": 0.17700155079364777, "lowlevel.spectral_energy.stdev": 0.41174036264419556, "lowlevel.spectral_energyband_high.mean": 0.013131105341017246, "lowlevel.spectral_energyband_high.stdev": 0.023584416136145592, "lowlevel.spectral_energyband_low.mean": 0.1563822478055954, "lowlevel.spectral_energyband_low.stdev": 0.40147680044174194, "lowlevel.spectral_energyband_middle_high.mean": 0.0018345259595662355, "lowlevel.spectral_energyband_middle_high.stdev": 0.005785997491329908, "lowlevel.spectral_energyband_middle_low.mean": 0.004708051681518555, "lowlevel.spectral_energyband_middle_low.stdev": 0.009598287753760815, "lowlevel.spectral_entropy.mean": 8.436107635498047, "lowlevel.spectral_entropy.stdev": 0.38328075408935547, "lowlevel.spectral_flux.mean": 0.18377457559108734, "lowlevel.spectral_flux.stdev": 0.20882585644721985, "lowlevel.spectral_kurtosis.mean": -0.06485273689031601, "lowlevel.spectral_kurtosis.stdev": 0.61131352186203, "lowlevel.spectral_rms.mean": 0.008065611124038696, "lowlevel.spectral_rms.stdev": 0.010374502278864384, "lowlevel.spectral_rolloff.mean": 8090.4150390625, "lowlevel.spectral_rolloff.stdev": 5330.01318359375, "lowlevel.spectral_skewness.mean": 0.6615562438964844, "lowlevel.spectral_skewness.stdev": 0.2976793050765991, "lowlevel.spectral_spread.mean": 10806306.0, "lowlevel.spectral_spread.stdev": 1579944.375, "lowlevel.spectral_strongpeak.mean": 1.964670181274414, "lowlevel.spectral_strongpeak.stdev": 2.924354314804077, "lowlevel.zerocrossingrate.mean": 0.25046786665916443, "lowlevel.zerocrossingrate.stdev": 0.14321568608283997, "metadata.audio_properties.analysis.equal_loudness": 0.0, "metadata.audio_properties.analysis.length": 18.28265380859375, "metadata.audio_properties.analysis.sample_rate": 44100.0, "metadata.audio_properties.analysis.start_time": 0.0, "metadata.audio_properties.bit_rate": 128755.0, "metadata.audio_properties.length": 18.28266716003418, "metadata.audio_properties.lossless": 0.0, "metadata.audio_properties.number_channels": 1.0, "metadata.audio_properties.replay_gain": 10.706659317016602, "metadata.audio_properties.sample_rate": 48000.0, "rhythm.beats_count": 33.0, "rhythm.beats_loudness.mean": 1.5328996181488037, "rhythm.beats_loudness.stdev": 0.1688045859336853, "rhythm.bpm": 111.74951934814453, "rhythm.bpm_histogram_first_peak_bpm": 112.0, "rhythm.bpm_histogram_first_peak_weight": 0.25, "rhythm.bpm_histogram_second_peak_bpm": 0.0, "rhythm.bpm_histogram_second_peak_spread": 0.0, "rhythm.bpm_histogram_second_peak_weight": 0.0, "rhythm.danceability": 2.290011405944824, "rhythm.onset_rate": 7.323474884033203, "tonal.chords_changes_rate": 0.07341772317886353, "tonal.chords_number_rate": 0.007594936527311802, "tonal.chords_strength.mean": 0.6000639200210571, "tonal.chords_strength.stdev": 0.054938461631536484, "tonal.hpcp_crest.mean": 15.802596092224121, "tonal.hpcp_crest.stdev": 6.505893707275391, "tonal.hpcp_entropy.mean": 1.6415895223617554, "tonal.hpcp_entropy.stdev": 0.6730078458786011, "tonal.key_edma.strength": 0.8399394154548645, "tonal.key_krumhansl.strength": 0.8359911441802979, "tonal.key_temperley.strength": 0.8308203816413879, "tonal.tuning_diatonic_strength": 0.6894978284835815, "tonal.tuning_equal_tempered_deviation": 0.23625630140304565, "tonal.tuning_frequency": 434.193115234375, "tonal.tuning_nontempered_energy_ratio": 0.9701334834098816, "lowlevel.barkbands.mean": [0.019158704206347466, 0.13796119391918182, 0.00026161305140703917, 0.00016446724475827068, 0.0013517485931515694, 0.0008466707076877356, 0.0012078137369826436, 0.000567434704862535, 0.0004690338100772351, 0.00037288485327735543, 0.00025459594326093793, 0.00022548109700437635, 0.0001035445457091555, 6.129650864750147e-05, 0.0001508833811385557, 0.00015840347623452544, 9.468440839555115e-05, 0.00013822061009705067, 0.00019811558013316244, 0.00028999370988458395, 0.0004873356665484607, 0.0009218842023983598, 0.0018456148682162166, 0.0018302870448678732, 0.004287232644855976, 0.003470473689958453, 0.00010772819223348051], "lowlevel.barkbands.stdev": [0.048942599445581436, 0.3562783896923065, 0.0015201305504888296, 0.0008080864790827036, 0.003642885247245431, 0.003980712033808231, 0.0036286283284425735, 0.002514890395104885, 0.0023115219082683325, 0.002014879835769534, 0.0022464015055447817, 0.001053954241797328, 0.0007135000778362155, 0.0002766571124084294, 0.0008919459651224315, 0.0006396147073246539, 0.00026836810866370797, 0.00026463891845196486, 0.0003783325373660773, 0.0005054170032963157, 0.0009555869619362056, 0.001694213948212564, 0.0032783159986138344, 0.003185367677360773, 0.009390708990395069, 0.0068208808079361916, 0.0003258532960899174], "lowlevel.erbbands.mean": [7.6991071701049805, 15.979975700378418, 2.1968820095062256, 0.6014105677604675, 1.616161584854126, 5.480894565582275, 10.161673545837402, 3.79939341545105, 14.643450736999512, 12.175511360168457, 17.26210594177246, 12.844165802001953, 8.100031852722168, 13.522000312805176, 10.32420539855957, 8.864066123962402, 5.497695446014404, 3.34957218170166, 4.347917556762695, 10.624917984008789, 7.313860893249512, 5.362674713134766, 6.691857814788818, 9.96926498413086, 9.971818923950195, 13.633807182312012, 19.198959350585938, 20.059545516967773, 29.03802490234375, 44.29185104370117, 54.782657623291016, 34.847625732421875, 35.70429229736328, 42.02705764770508, 33.17288589477539, 18.91233253479004, 5.44682502746582, 0.5876063108444214, 0.018470661714673042, 0.00138602196238935], "lowlevel.erbbands.stdev": [19.75159454345703, 42.12790298461914, 6.347291946411133, 2.343087673187256, 4.3156232833862305, 13.518954277038574, 50.236427307128906, 14.732032775878906, 46.28297805786133, 46.753055572509766, 72.85208129882812, 56.62636184692383, 46.86964416503906, 83.42536163330078, 73.87992095947266, 29.780561447143555, 37.83354568481445, 14.36168098449707, 15.491191864013672, 57.48867416381836, 24.295825958251953, 13.452104568481445, 13.18087387084961, 18.671863555908203, 18.236499786376953, 23.421539306640625, 35.9351806640625, 41.112884521484375, 54.424903869628906, 79.83258056640625, 98.90100860595703, 62.21168518066406, 60.681880950927734, 95.18424987792969, 72.935791015625, 36.60208511352539, 11.156493186950684, 1.2713347673416138, 0.0462704598903656, 0.004698163364082575], "lowlevel.gfcc.mean": [-24.995689392089844, -48.93562698364258, -73.75453186035156, 15.059370040893555, -89.79792785644531, 20.347822189331055, -38.99504852294922, 29.298038482666016, -23.232696533203125, 18.048633575439453, -13.473372459411621, 18.93439292907715, -7.803350925445557], "lowlevel.melbands.mean": [0.05068700760602951, 0.006410242989659309, 0.00010038413893198594, 0.00027252218569628894, 0.0003181312931701541, 0.00010243080032523721, 0.0002365797699894756, 0.0001127092691604048, 0.0001496131590101868, 6.674170435871929e-05, 3.814172305283137e-05, 5.4843854741193354e-05, 3.400029527256265e-05, 2.9028753488091752e-05, 1.446325404685922e-05, 9.600994417269249e-06, 5.91481739320443e-06, 5.641287771140924e-06, 1.2820891242881771e-05, 1.4240123164199758e-05, 7.279129476955859e-06, 5.357018380891532e-06, 5.670566224580398e-06, 6.739026957802707e-06, 8.260317372332793e-06, 7.2139691837946884e-06, 7.2230091063829605e-06, 9.446453987038694e-06, 1.1725347576430067e-05, 1.1640553566394374e-05, 1.2078309737262316e-05, 1.5201510905171745e-05, 2.0022909666295163e-05, 2.6294103008694947e-05, 3.231887603760697e-05, 2.6785830414155498e-05, 1.9830496967188083e-05, 2.2061383788241073e-05, 3.0019913538126275e-05, 3.820693746092729e-05], "lowlevel.melbands.stdev": [0.13032108545303345, 0.017025131732225418, 0.00038040694198571146, 0.0006592442514374852, 0.0014244156191125512, 0.0004135098133701831, 0.0007150128949433565, 0.000417467876104638, 0.0006366700399667025, 0.0003042541502509266, 0.00024489909992553294, 0.0003359247057233006, 0.00026915560010820627, 0.00014942609413992614, 6.156089511932805e-05, 6.31777074886486e-05, 2.6511317628319375e-05, 2.0132658391958103e-05, 7.585179264424369e-05, 6.478994328062981e-05, 2.142950143024791e-05, 1.3664207472174894e-05, 1.4749181900697295e-05, 1.3882336133974604e-05, 1.6090221834019758e-05, 1.4443039617617615e-05, 1.273242560273502e-05, 1.6970212527667172e-05, 2.229838355560787e-05, 2.363105522817932e-05, 2.6981611881637946e-05, 2.9940636522951536e-05, 3.722904875758104e-05, 4.879354310105555e-05, 5.9768324717879295e-05, 4.849017204833217e-05, 3.677919812616892e-05, 3.6956545955035836e-05, 5.9268979384796694e-05, 9.41225080168806e-05], "lowlevel.melbands128.mean": [0.018058141693472862, 0.07631867378950119, 0.05733412131667137, 0.016177233308553696, 0.0011372040025889874, 0.00011804762471001595, 0.00010085530811920762, 7.125375850591809e-05, 0.00010398883023299277, 0.00037498437450267375, 0.00030745836556889117, 0.00023961777333170176, 0.000448349688667804, 0.00025367960915900767, 4.329892180976458e-05, 3.4726464946288615e-05, 0.00013190219760872424, 0.0003559254400897771, 0.0002580599975772202, 0.00011933998757740483, 2.8045838917023502e-05, 0.00010044442024081945, 0.000218643675907515, 0.00012206936662551016, 0.0001017495960695669, 2.7663576474878937e-05, 1.760700615704991e-05, 5.0760736485244706e-05, 3.8742993638152257e-05, 5.745417365687899e-05, 6.510849198093638e-05, 3.995821316493675e-05, 2.54617007158231e-05, 3.81723148166202e-05, 2.9273805921548046e-05, 2.910831790359225e-05, 2.5752266083145514e-05, 7.014295078988653e-06, 1.268054711545119e-05, 1.659914960328024e-05, 5.595830316451611e-06, 6.105214197305031e-06, 5.017866897105705e-06, 7.419223493343452e-06, 4.8861656978260726e-06, 4.217009063722799e-06, 7.634861503902357e-06, 1.0797841241583228e-05, 1.7867483620648272e-05, 1.4120942068984732e-05, 1.6237925592577085e-05, 1.1164674106112216e-05, 7.015335540927481e-06, 5.720464287151117e-06, 6.756342372682411e-06, 4.839771008846583e-06, 4.617910235538147e-06, 6.161368673929246e-06, 6.1758182710036635e-06, 4.527669261733536e-06, 6.944426331756404e-06, 7.970980732352473e-06, 8.177219569915906e-06, 9.095257155422587e-06, 6.976150871196296e-06, 6.965017291804543e-06, 8.10244364402024e-06, 5.821566446684301e-06, 7.339403964579105e-06, 8.342590263055172e-06, 8.639172847324517e-06, 1.0412039046059363e-05, 1.1838187674584333e-05, 1.1335062481521163e-05, 1.2131696166761685e-05, 1.3865736946172547e-05, 1.0258267138851807e-05, 8.49960542836925e-06, 1.295602214668179e-05, 1.4679271771456115e-05, 1.4243184523365926e-05, 1.6199359379243106e-05, 1.6419220628449693e-05, 1.8895922039519064e-05, 2.536584906920325e-05, 2.3230761144077405e-05, 2.845886228897143e-05, 2.806741395033896e-05, 3.276308416388929e-05, 3.561828634701669e-05, 3.251004090998322e-05, 2.4605174985481426e-05, 1.5924000763334334e-05, 2.0414321625139564e-05, 2.2184460249263793e-05, 1.7687938452581875e-05, 2.0807729015359655e-05, 2.9685366826015525e-05, 2.850723649316933e-05, 3.310246393084526e-05, 3.0788592994213104e-05, 3.671479498734698e-05, 4.868060568696819e-05, 5.0257476686965674e-05, 3.3827494917204604e-05, 3.12834708893206e-05, 3.243383252993226e-05, 3.582586577977054e-05, 3.3414984500268474e-05, 3.418958294787444e-05, 2.86760969174793e-05, 2.106939246004913e-05, 1.5225700735754799e-05, 1.132791476265993e-05, 9.274855074181687e-06, 5.971093287371332e-06, 2.155393758584978e-06, 1.2250698091520462e-06, 2.6834968025468697e-07, 1.2567781482175633e-07, 1.3395703035712359e-07, 1.5510310902300262e-07, 1.7430116372452176e-07, 2.0366123010262527e-07, 2.3000198723366339e-07, 2.0026432423492224e-07, 1.9935998807341093e-07, 2.0222115892920556e-07], "lowlevel.melbands128.stdev": [0.04572594165802002, 0.1950002908706665, 0.14979110658168793, 0.042980484664440155, 0.003788081929087639, 0.0006012989906594157, 0.000449648272478953, 0.00039315561298280954, 0.00034725957084447145, 0.0010081164073199034, 0.0008320589549839497, 0.0013161987299099565, 0.0024369913153350353, 0.0013181503163650632, 0.00029850361170247197, 8.862831600708887e-05, 0.0004771458334289491, 0.001234114053659141, 0.0008865111158229411, 0.0007502616499550641, 0.0001291764638153836, 0.00039279880002141, 0.001143146655522287, 0.0007643353892490268, 0.0005654604756273329, 0.00011984875163761899, 6.817530811531469e-05, 0.00038696284173056483, 0.0003492631658446044, 0.00038750431849621236, 0.0004967384156771004, 0.00047501418157480657, 0.0003027664206456393, 0.0003854772076010704, 0.0002739470510277897, 0.00012476203846745193, 8.212296233978122e-05, 5.443180270958692e-05, 0.00011689067468978465, 0.00016124558169394732, 3.5125252907164395e-05, 2.9940989406895824e-05, 1.9280976630398072e-05, 5.77586361032445e-05, 2.619879705889616e-05, 1.782423714757897e-05, 3.4992270229849964e-05, 6.255415064515546e-05, 0.00015828215691726655, 7.73426509113051e-05, 9.215689351549372e-05, 5.1236067520221695e-05, 2.3691902242717333e-05, 1.703851012280211e-05, 1.8120108506991528e-05, 1.4049304809304886e-05, 1.3409176062850747e-05, 2.4053935703705065e-05, 1.7299471437581815e-05, 9.962048352463171e-06, 1.6692449207766913e-05, 2.2607518985751085e-05, 1.668032564339228e-05, 2.211717946920544e-05, 1.5233027625072282e-05, 1.650127160246484e-05, 2.0639254216803238e-05, 1.2162548955529928e-05, 1.5873220036155544e-05, 1.5263758541550487e-05, 1.931144652189687e-05, 2.1498153728316538e-05, 2.5805513359955512e-05, 2.376780321355909e-05, 2.630785274959635e-05, 3.1001007300801575e-05, 2.230821701232344e-05, 1.8596998415887356e-05, 3.4122153010685e-05, 3.5191776987630874e-05, 3.1567265978083014e-05, 3.400926652830094e-05, 3.4264634450664744e-05, 3.928901060135104e-05, 5.292566493153572e-05, 4.51211235485971e-05, 5.973731094854884e-05, 5.5339009122690186e-05, 6.717126234434545e-05, 7.073294545989484e-05, 6.0210968513274565e-05, 4.8774982133181766e-05, 3.274855043855496e-05, 4.2477160604903474e-05, 4.28968523920048e-05, 3.332283813506365e-05, 3.637576810433529e-05, 5.3919036872684956e-05, 6.136728916317225e-05, 8.843428076943383e-05, 6.821037095505744e-05, 9.818690887186676e-05, 0.00014625587209593505, 0.00012230749416630715, 7.711423677392304e-05, 7.064013334456831e-05, 6.434570241253823e-05, 7.61556439101696e-05, 6.705163832521066e-05, 7.54848588258028e-05, 6.208018021425232e-05, 4.633657226804644e-05, 3.34701435349416e-05, 2.9225635444163345e-05, 2.290636439283844e-05, 1.380462617817102e-05, 5.559321834880393e-06, 4.757713213621173e-06, 1.2437085388228297e-06, 6.737579383297998e-07, 6.598763775400585e-07, 8.536422342331207e-07, 9.576365300745238e-07, 1.2098876140953507e-06, 1.6287715425278293e-06, 1.2010982572974171e-06, 1.2560700497488142e-06, 1.2423957969076582e-06], "lowlevel.mfcc.mean": [-686.178466796875, 9.041460037231445, 45.55131149291992, -0.64774090051651, -11.98216724395752, -10.969592094421387, -3.119202136993408, 6.0838799476623535, 3.1205947399139404, 2.417391061782837, 3.4276256561279297, 7.009615421295166, 13.149888038635254], "lowlevel.spectral_contrast_coeffs.mean": [-0.6513847708702087, -0.7294318675994873, -0.768994927406311, -0.7983689904212952, -0.8029491901397705, -0.8019612431526184], "lowlevel.spectral_contrast_coeffs.stdev": [0.12147045135498047, 0.08579317480325699, 0.06598249822854996, 0.06667153537273407, 0.04493633285164833, 0.030597256496548653], "lowlevel.spectral_contrast_valleys.mean": [-9.134642601013184, -8.03636646270752, -8.506509780883789, -9.062804222106934, -7.825490951538086, -8.620964050292969], "lowlevel.spectral_contrast_valleys.stdev": [1.7536767721176147, 0.8897179365158081, 0.8493832945823669, 1.1787998676300049, 0.8745109438896179, 0.8733690977096558], "rhythm.beats_loudness_band_ratio.mean": [0.9855859875679016, 0.0014999231789261103, 0.0009019122226163745, 0.0002474325301591307, 0.00017745661898516119, 0.011771073564887047], "rhythm.beats_loudness_band_ratio.stdev": [0.01570975035429001, 0.004066151101142168, 0.0017009982839226723, 0.0006142655620351434, 0.0001820782053982839, 0.014506013132631779], "tonal.hpcp.mean": [0.11902979761362076, 0.14503474533557892, 0.1086818277835846, 0.06837042421102524, 0.06103099510073662, 0.05324801802635193, 0.06317761540412903, 0.061587441712617874, 0.0381668396294117, 0.03272302448749542, 0.03896045312285423, 0.03866535797715187, 0.036597996950149536, 0.03529428318142891, 0.05237460136413574, 0.3206774890422821, 0.40363016724586487, 0.14190027117729187, 0.03871714696288109, 0.029337480664253235, 0.029881933704018593, 0.04635507985949516, 0.06214267015457153, 0.05884912237524986, 0.05034403130412102, 0.04926583170890808, 0.062274541705846786, 0.1435144692659378, 0.2183208465576172, 0.21405228972434998, 0.3284560441970825, 0.34884217381477356, 0.15720200538635254, 0.06159506365656853, 0.05688829720020294, 0.07656519114971161], "tonal.hpcp.stdev": [0.22252537310123444, 0.2809906005859375, 0.24614661931991577, 0.17860281467437744, 0.17797969281673431, 0.1483461558818817, 0.16608208417892456, 0.1543939858675003, 0.10439209640026093, 0.08313239365816116, 0.10897643119096756, 0.11514627188444138, 0.10231313109397888, 0.09687075763940811, 0.10990740358829498, 0.3562248647212982, 0.42734020948410034, 0.2078752964735031, 0.09852287173271179, 0.08885437995195389, 0.08525662124156952, 0.1195516586303711, 0.14522406458854675, 0.12668469548225403, 0.12693245708942413, 0.12648546695709229, 0.1557539403438568, 0.259162575006485, 0.3393346071243286, 0.3137965500354767, 0.33383235335350037, 0.3784499764442444, 0.22167538106441498, 0.14279495179653168, 0.12703239917755127, 0.1685859113931656], "rhythm.beats_position": [0.5340589284896851, 1.0681178569793701, 1.6021767854690552, 2.14784574508667, 2.6819047927856445, 3.2275736331939697, 3.7616326808929443, 4.29569149017334, 4.8297505378723145, 5.363809585571289, 5.8978681564331055, 6.44353723526001, 6.977596282958984, 7.523265361785889, 8.057324409484863, 8.59138298034668, 9.125441551208496, 9.659501075744629, 10.193559646606445, 10.727619171142578, 11.273287773132324, 11.81895637512207, 12.353015899658203, 12.88707447052002, 13.421133995056152, 13.955192565917969, 14.489251136779785, 15.023310661315918, 15.568979263305664, 16.114648818969727, 16.648706436157227, 17.18276596069336, 17.716825485229492], "rhythm.bpm_histogram": [0.0, 0.0, 0.0, 0.0, 0.0, 0.0, 0.0, 0.0, 0.0, 0.0, 0.0, 0.0, 0.0, 0.0, 0.0, 0.0, 0.0, 0.0, 0.0, 0.0, 0.0, 0.0, 0.0, 0.0, 0.0, 0.0, 0.0, 0.0, 0.0, 0.0, 0.0, 0.0, 0.0, 0.0, 0.0, 0.0, 0.0, 0.0, 0.0, 0.0, 0.0, 0.0, 0.0, 0.0, 0.0, 0.0, 0.0, 0.0, 0.0, 0.0, 0.0, 0.0, 0.0, 0.0, 0.0, 0.0, 0.0, 0.0, 0.0, 0.0, 0.0, 0.0, 0.0, 0.0, 0.0, 0.0, 0.0, 0.0, 0.0, 0.0, 0.0, 0.0, 0.0, 0.0, 0.0, 0.0, 0.0, 0.0, 0.0, 0.0, 0.0, 0.0, 0.0, 0.0, 0.0, 0.0, 0.0, 0.0, 0.0, 0.0, 0.0, 0.0, 0.0, 0.0, 0.0, 0.0, 0.0, 0.0, 0.0, 0.0, 0.0, 0.0, 0.0, 0.0, 0.0, 0.0, 0.0, 0.0, 0.0, 0.0, 0.25, 0.0, 0.75, 0.0, 0.0, 0.0, 0.0, 0.0, 0.0, 0.0, 0.0, 0.0, 0.0, 0.0, 0.0, 0.0, 0.0, 0.0, 0.0, 0.0, 0.0, 0.0, 0.0, 0.0, 0.0, 0.0, 0.0, 0.0, 0.0, 0.0, 0.0, 0.0, 0.0, 0.0, 0.0, 0.0, 0.0, 0.0, 0.0, 0.0, 0.0, 0.0, 0.0, 0.0, 0.0, 0.0, 0.0, 0.0, 0.0, 0.0, 0.0, 0.0, 0.0, 0.0, 0.0, 0.0, 0.0, 0.0, 0.0, 0.0, 0.0, 0.0, 0.0, 0.0, 0.0, 0.0, 0.0, 0.0, 0.0, 0.0, 0.0, 0.0, 0.0, 0.0, 0.0, 0.0, 0.0, 0.0, 0.0, 0.0, 0.0, 0.0, 0.0, 0.0, 0.0, 0.0, 0.0, 0.0, 0.0, 0.0, 0.0, 0.0, 0.0, 0.0, 0.0, 0.0, 0.0, 0.0, 0.0, 0.0, 0.0, 0.0, 0.0, 0.0, 0.0, 0.0, 0.0, 0.0, 0.0, 0.0, 0.0, 0.0, 0.0, 0.0, 0.0, 0.0, 0.0, 0.0, 0.0, 0.0, 0.0, 0.0, 0.0, 0.0, 0.0, 0.0, 0.0, 0.0, 0.0, 0.0, 0.0, 0.0, 0.0, 0.0, 0.0, 0.0, 0.0, 0.0, 0.0, 0.0], "tonal.chords_histogram": [38.227848052978516, 0.0, 16.962024688720703, 0.0, 0.0, 0.0, 0.0, 0.0, 0.0, 0.0, 0.0, 0.0, 0.0, 0.0, 0.0, 0.0, 0.0, 44.81012725830078, 0.0, 0.0, 0.0, 0.0, 0.0, 0.0], "tonal.thpcp": [1.0, 0.351560115814209, 0.0959223285317421, 0.07268406450748444, 0.07403295487165451, 0.11484543234109879, 0.15395942330360413, 0.14579960703849792, 0.12472812086343765, 0.12205686420202255, 0.15428614616394043, 0.3555593192577362, 0.5408932566642761, 0.5303178429603577, 0.8137549161911011, 0.8642619252204895, 0.3894703984260559, 0.15260273218154907, 0.14094163477420807, 0.1896914541721344, 0.2948981821537018, 0.3593258261680603, 0.2692609131336212, 0.1693887859582901, 0.15120524168014526, 0.13192279636859894, 0.15652352571487427, 0.15258383750915527, 0.09455893933773041, 0.08107180148363113, 0.09652512520551682, 0.09579402208328247, 0.09067210555076599, 0.08744213730096817, 0.12975889444351196, 0.794483482837677], "lowlevel.gfcc.cov": [[7324.98486328125, 608.07177734375, 1041.125732421875, 1127.196533203125, 1208.5052490234375, 211.36831665039062, -45.61214065551758, -69.70750427246094, -83.47875213623047, -167.9620819091797, -183.272705078125, -205.85989379882812, 34.14082717895508], [608.07177734375, 2994.00537109375, 1463.370361328125, 834.75048828125, 650.4579467773438, 385.3765563964844, 275.23980712890625, 185.3477783203125, 120.26777648925781, -67.48009490966797, 56.526397705078125, -258.9645690917969, -63.47111511230469], [1041.125732421875, 1463.370361328125, 2055.49072265625, 1398.8065185546875, 1010.930419921875, 686.1703491210938, 627.1930541992188, 308.33184814453125, 307.79180908203125, 66.71261596679688, 54.854530334472656, -92.5971908569336, -60.088035583496094], [1127.196533203125, 834.75048828125, 1398.8065185546875, 1216.760498046875, 963.9973754882812, 616.0790405273438, 532.8844604492188, 293.5633850097656, 293.4054870605469, 70.28996276855469, 47.465702056884766, -35.69345474243164, 12.082688331604004], [1208.5052490234375, 650.4579467773438, 1010.930419921875, 963.9973754882812, 1077.3843994140625, 690.5739135742188, 528.3401489257812, 261.9499816894531, 304.4113464355469, 110.85165405273438, 62.46855545043945, -4.656939506530762, 90.04552459716797], [211.36831665039062, 385.3765563964844, 686.1703491210938, 616.0790405273438, 690.5739135742188, 693.2467651367188, 546.1181640625, 246.92782592773438, 278.064453125, 152.49876403808594, 114.48628997802734, 27.116233825683594, 79.81303405761719], [-45.61214065551758, 275.23980712890625, 627.1930541992188, 532.8844604492188, 528.3401489257812, 546.1181640625, 555.4308471679688, 277.9700927734375, 273.877685546875, 146.0766143798828, 117.17635345458984, 42.72257614135742, 53.88885498046875], [-69.70750427246094, 185.3477783203125, 308.33184814453125, 293.5633850097656, 261.9499816894531, 246.92782592773438, 277.9700927734375, 293.23419189453125, 226.15753173828125, 84.2544937133789, 63.583499908447266, 26.157146453857422, 41.15771484375], [-83.47875213623047, 120.26777648925781, 307.79180908203125, 293.4054870605469, 304.4113464355469, 278.064453125, 273.877685546875, 226.15753173828125, 286.2681884765625, 144.6956024169922, 87.7713851928711, 50.61672592163086, 53.033103942871094], [-167.9620819091797, -67.48009490966797, 66.71261596679688, 70.28996276855469, 110.85165405273438, 152.49876403808594, 146.0766143798828, 84.2544937133789, 144.6956024169922, 158.761474609375, 102.78160858154297, 57.968055725097656, 36.62274169921875], [-183.272705078125, 56.526397705078125, 54.854530334472656, 47.465702056884766, 62.46855545043945, 114.48628997802734, 117.17635345458984, 63.583499908447266, 87.7713851928711, 102.78160858154297, 131.0569305419922, 66.25247955322266, 38.99568557739258], [-205.85989379882812, -258.9645690917969, -92.5971908569336, -35.69345474243164, -4.656939506530762, 27.116233825683594, 42.72257614135742, 26.157146453857422, 50.61672592163086, 57.968055725097656, 66.25247955322266, 122.26280212402344, 59.493621826171875], [34.14082717895508, -63.47111511230469, -60.088035583496094, 12.082688331604004, 90.04552459716797, 79.81303405761719, 53.88885498046875, 41.15771484375, 53.033103942871094, 36.62274169921875, 38.99568557739258, 59.493621826171875, 108.48716735839844]], "lowlevel.gfcc.icov": [[0.00024995364947244525, 9.144312934949994e-05, -4.6557011955883354e-05, -9.859175770543516e-05, -0.0005671780090779066, 0.00028157950146123767, 0.00029854659806005657, -6.284440314630046e-05, 0.0003114160499535501, -1.3698157999897376e-05, -0.0002208623191108927, 0.0004879673942923546, -0.00023663201136514544], [9.144312934949994e-05, 0.000976783805526793, -0.0010303505696356297, 0.0008248005760833621, -0.0006520200404338539, 5.017563307774253e-05, 0.0007690153433941305, -0.000325330242048949, -0.0003058234869968146, 0.0016334560932591558, -0.002569308504462242, 0.0025610183365643024, -0.0007569726440124214], [-4.6557011955883354e-05, -0.0010303505696356297, 0.0038938422221690416, -0.004428118001669645, 0.001356660621240735, 3.634954191511497e-05, -0.0016461899504065514, 0.0012028447818011045, -9.924121695803478e-05, -0.0012216090690344572, 0.0017870761221274734, -0.0015288942959159613, 0.0019272732315585017], [-9.859175770543516e-05, 0.0008248005760833621, -0.004428118001669645, 0.009060103446245193, -0.0045497119426727295, 0.0006615499150939286, 0.00038291094824671745, -0.0018314033513888717, -0.0006328733288682997, 0.0027936347760260105, -0.0020076704677194357, 0.0005199403967708349, 0.0006489463848993182], [-0.0005671780090779066, -0.0006520200404338539, 0.001356660621240735, -0.0045497119426727295, 0.0077497935853898525, -0.004347002133727074, 4.6290930185932666e-05, 0.0014868145808577538, -0.0018071631202474236, -0.0009257580386474729, 0.003049080027267337, -0.0011995957465842366, -0.0020084711723029613], [0.00028157950146123767, 5.017563307774253e-05, 3.634954191511497e-05, 0.0006615499150939286, -0.004347002133727074, 0.011333676055073738, -0.008148911409080029, 0.0020740318577736616, -2.7740145469579147e-06, -0.0010902794310823083, -0.001353661296889186, 0.0029058377258479595, -0.0023194204550236464], [0.00029854659806005657, 0.0007690153433941305, -0.0016461899504065514, 0.00038291094824671745, 4.6290930185932666e-05, -0.008148911409080029, 0.013648150488734245, -0.005430448800325394, 0.0008317789761349559, 7.736033148830757e-05, -0.0026539373211562634, -0.0004216354282107204, 0.0013914013979956508], [-6.284440314630046e-05, -0.000325330242048949, 0.0012028447818011045, -0.0018314033513888717, 0.0014868145808577538, 0.0020740318577736616, -0.005430448800325394, 0.012808091938495636, -0.009905739687383175, 0.004825044423341751, -0.001129876938648522, 0.0014377449406310916, -0.001390727935358882], [0.0003114160499535501, -0.0003058234869968146, -9.924121695803478e-05, -0.0006328733288682997, -0.0018071631202474236, -2.7740145469579147e-06, 0.0008317789761349559, -0.009905739687383175, 0.019231395795941353, -0.01324767991900444, 0.004766587167978287, -0.0025720701087266207, -0.0006463978788815439], [-1.3698157999897376e-05, 0.0016334560932591558, -0.0012216090690344572, 0.0027936347760260105, -0.0009257580386474729, -0.0010902794310823083, 7.736033148830757e-05, 0.004825044423341751, -0.01324767991900444, 0.026235980913043022, -0.016158701851963997, 0.0037737793754786253, 0.0010318669956177473], [-0.0002208623191108927, -0.002569308504462242, 0.0017870761221274734, -0.0020076704677194357, 0.003049080027267337, -0.001353661296889186, -0.0026539373211562634, -0.001129876938648522, 0.004766587167978287, -0.016158701851963997, 0.02671550028026104, -0.012403537519276142, 0.0003156067687086761], [0.0004879673942923546, 0.0025610183365643024, -0.0015288942959159613, 0.0005199403967708349, -0.0011995957465842366, 0.0029058377258479595, -0.0004216354282107204, 0.0014377449406310916, -0.0025720701087266207, 0.0037737793754786253, -0.012403537519276142, 0.023063836619257927, -0.009244279935956001], [-0.00023663201136514544, -0.0007569726440124214, 0.0019272732315585017, 0.0006489463848993182, -0.0020084711723029613, -0.0023194204550236464, 0.0013914013979956508, -0.001390727935358882, -0.0006463978788815439, 0.0010318669956177473, 0.0003156067687086761, -0.009244279935956001, 0.017978062853217125]], "lowlevel.mfcc.cov": [[6373.0185546875, 65.04544830322266, 8.799177169799805, 695.58349609375, 871.3959350585938, 390.03302001953125, 237.00083923339844, 4.0286545753479, 12.017398834228516, 39.44807434082031, -172.9550018310547, -375.43377685546875, -178.6110382080078], [65.04544830322266, 2035.7138671875, 816.7222290039062, 489.1920166015625, 467.9537658691406, 251.8268585205078, 279.71856689453125, 119.32608032226562, 44.51122283935547, 153.99407958984375, 88.12271881103516, -50.13673400878906, -37.73211669921875], [8.799177169799805, 816.7222290039062, 1295.3856201171875, 819.3565063476562, 494.0787658691406, 455.6129150390625, 398.754638671875, 366.8798828125, 258.1274108886719, 195.91226196289062, 202.28289794921875, 144.1292266845703, 72.93154907226562], [695.58349609375, 489.1920166015625, 819.3565063476562, 839.6490478515625, 591.485595703125, 413.85491943359375, 337.90655517578125, 338.24005126953125, 275.23406982421875, 158.9120635986328, 144.71961975097656, 90.4137191772461, 52.97642517089844], [871.3959350585938, 467.9537658691406, 494.0787658691406, 591.485595703125, 698.9933471679688, 527.3656005859375, 364.3561706542969, 299.6265563964844, 299.1710510253906, 208.63943481445312, 148.52626037597656, 59.73759841918945, 44.398685455322266], [390.03302001953125, 251.8268585205078, 455.6129150390625, 413.85491943359375, 527.3656005859375, 692.8914794921875, 448.6664123535156, 291.9497985839844, 303.722900390625, 227.68551635742188, 202.7849578857422, 128.09243774414062, 72.69176483154297], [237.00083923339844, 279.71856689453125, 398.754638671875, 337.90655517578125, 364.3561706542969, 448.6664123535156, 427.9555358886719, 285.2095642089844, 246.25570678710938, 190.87118530273438, 155.07086181640625, 93.8988037109375, 66.62580871582031], [4.0286545753479, 119.32608032226562, 366.8798828125, 338.24005126953125, 299.6265563964844, 291.9497985839844, 285.2095642089844, 353.2719421386719, 292.5489196777344, 176.74093627929688, 141.04318237304688, 125.08001708984375, 97.65856170654297], [12.017398834228516, 44.51122283935547, 258.1274108886719, 275.23406982421875, 299.1710510253906, 303.722900390625, 246.25570678710938, 292.5489196777344, 339.65130615234375, 211.45005798339844, 152.0953826904297, 121.01446533203125, 102.05912017822266], [39.44807434082031, 153.99407958984375, 195.91226196289062, 158.9120635986328, 208.63943481445312, 227.68551635742188, 190.87118530273438, 176.74093627929688, 211.45005798339844, 249.19358825683594, 160.60206604003906, 74.4010238647461, 61.851165771484375], [-172.9550018310547, 88.12271881103516, 202.28289794921875, 144.71961975097656, 148.52626037597656, 202.7849578857422, 155.07086181640625, 141.04318237304688, 152.0953826904297, 160.60206604003906, 191.823974609375, 132.0358428955078, 75.94749450683594], [-375.43377685546875, -50.13673400878906, 144.1292266845703, 90.4137191772461, 59.73759841918945, 128.09243774414062, 93.8988037109375, 125.08001708984375, 121.01446533203125, 74.4010238647461, 132.0358428955078, 187.99237060546875, 110.32288360595703], [-178.6110382080078, -37.73211669921875, 72.93154907226562, 52.97642517089844, 44.398685455322266, 72.69176483154297, 66.62580871582031, 97.65856170654297, 102.05912017822266, 61.851165771484375, 75.94749450683594, 110.32288360595703, 123.50126647949219]], "lowlevel.mfcc.icov": [[0.00030132249230518937, 0.00013968230632599443, 0.00018645942327566445, -0.0003634057939052582, -0.0004994348273612559, 6.66734340484254e-05, -0.00021776540961582214, 0.00021439233387354761, 0.0004322899621911347, -0.0003061791358049959, 0.00023812524159438908, 0.000571807730011642, -0.00024864281294867396], [0.00013968230632599443, 0.0010039530461654067, -0.0007523117237724364, 0.0005008294829167426, -0.0014323696959763765, 0.0008720693876966834, -0.0008212643442675471, 0.0005716206505894661, 0.0008139152196235955, -0.0005877130315639079, 4.752254608320072e-05, 0.0005443160771392286, -0.0001628685713512823], [0.00018645942327566445, -0.0007523117237724364, 0.0034845408517867327, -0.0038597777020186186, 0.002250847639515996, -0.001455963240005076, 0.00022371116210706532, -0.001154532888904214, 0.0012848444748669863, -0.0007783313049003482, 1.2516201422840822e-05, -0.00025133544113487005, 2.2644926502835006e-05], [-0.0003634057939052582, 0.0005008294829167426, -0.0038597777020186186, 0.008162537589669228, -0.005207316484302282, 0.0023575257509946823, -0.0002929889888036996, -0.001130652497522533, -0.0011744829826056957, 0.0025296504609286785, -0.0012157151941210032, -0.0004913083976134658, 0.0008321238565258682], [-0.0004994348273612559, -0.0014323696959763765, 0.002250847639515996, -0.005207316484302282, 0.010213651694357395, -0.005308210384100676, 0.0021191921550780535, -0.0013113991590216756, -0.0020430567674338818, -0.0004513099556788802, -5.1815146434819326e-05, 0.0010639888932928443, 8.666137728141621e-05], [6.66734340484254e-05, 0.0008720693876966834, -0.001455963240005076, 0.0023575257509946823, -0.005308210384100676, 0.008652093820273876, -0.00676895072683692, 0.003975393250584602, -0.0022594518959522247, 0.000980303157120943, -0.001300020725466311, -0.002049783244729042, 0.0015420035924762487], [-0.00021776540961582214, -0.0008212643442675471, 0.00022371116210706532, -0.0002929889888036996, 0.0021191921550780535, -0.00676895072683692, 0.012397995218634605, -0.007488169241696596, 0.002467478159815073, -0.0011124772718176246, -0.0009375544614158571, 0.002061164239421487, -0.0008637296268716455], [0.00021439233387354761, 0.0005716206505894661, -0.001154532888904214, -0.001130652497522533, -0.0013113991590216756, 0.003975393250584602, -0.007488169241696596, 0.017421822994947433, -0.010395589284598827, 0.0006776491063646972, 0.0017566799651831388, -0.0027555928099900484, -0.00032094234484247863], [0.0004322899621911347, 0.0008139152196235955, 0.0012848444748669863, -0.0011744829826056957, -0.0020430567674338818, -0.0022594518959522247, 0.002467478159815073, -0.010395589284598827, 0.018949711695313454, -0.008609209209680557, 0.0029065804556012154, -0.0004380712634883821, -0.0031717047095298767], [-0.0003061791358049959, -0.0005877130315639079, -0.0007783313049003482, 0.0025296504609286785, -0.0004513099556788802, 0.000980303157120943, -0.0011124772718176246, 0.0006776491063646972, -0.008609209209680557, 0.017575718462467194, -0.013668387196958065, 0.007091232109814882, -0.0012150988914072514], [0.00023812524159438908, 4.752254608320072e-05, 1.2516201422840822e-05, -0.0012157151941210032, -5.1815146434819326e-05, -0.001300020725466311, -0.0009375544614158571, 0.0017566799651831388, 0.0029065804556012154, -0.013668387196958065, 0.025252103805541992, -0.014462022110819817, 0.0026068452280014753], [0.000571807730011642, 0.0005443160771392286, -0.00025133544113487005, -0.0004913083976134658, 0.0010639888932928443, -0.002049783244729042, 0.002061164239421487, -0.0027555928099900484, -0.0004380712634883821, 0.007091232109814882, -0.014462022110819817, 0.02370871603488922, -0.012231297791004181], [-0.00024864281294867396, -0.0001628685713512823, 2.2644926502835006e-05, 0.0008321238565258682, 8.666137728141621e-05, 0.0015420035924762487, -0.0008637296268716455, -0.00032094234484247863, -0.0031717047095298767, -0.0012150988914072514, 0.0026068452280014753, -0.012231297791004181, 0.01965102180838585]], "metadata.audio_properties.analysis.downmix": "mix", "metadata.audio_properties.codec": "mp3", "metadata.audio_properties.md5_encoded": "a3ad4874f3559285cfa24068cc7d9ee4", "metadata.tags.file_name": "1182279226775314544.mp3", "metadata.version.essentia": "2.1-beta6-dev", "metadata.version.essentia_git_sha": "v2.1_beta5-1110-g77a6a954", "metadata.version.extractor": "music 2.0", "tonal.chords_key": "G", "tonal.chords_scale": "minor", "tonal.key_edma.key": "G", "tonal.key_edma.scale": "major", "tonal.key_krumhansl.key": "G", "tonal.key_krumhansl.scale": "major", "tonal.key_temperley.key": "G", "tonal.key_temperley.scale": "major", "metadata.tags.encoding": ["Lavf58.45.100"]}, "essentia_models": [{"model_name": "genre_dortmund", "activations": {"alternative": "0.1251413", "blues": "0.03703069", "electronic": "0.57353306", "folkcountry": "0.052259523", "funksoulrnb": "0.16456497", "jazz": "0.30315337", "pop": "0.15993051", "raphiphop": "0.121809684", "rock": "0.03221115"}}, {"model_name": "genre_rosamerica", "activations": {"classic": "0.14117731", "dance": "0.12608133", "hip hop": "0.04074606", "jazz": "0.2517735", "pop": "0.049334724", "rhythm and blues": "0.10508118", "rock": "0.03900398", "speech": "0.26336655"}}, {"model_name": "genre_tzanetakis", "activations": {"blues": "0.020469716", "classic": "0.1755669", "country": "0.07239043", "disco": "0.066718586", "hip hop": "0.12120661", "jazz": "0.062839545", "metal": "0.0083971545", "pop": "0.11591697", "reggae": "0.39732566", "rock": "0.13391091"}}, {"model_name": "genre_electronic", "activations": {"ambient": "0.21827717", "dnb": "0.19556259", "house": "0.24347101", "techno": "0.38335845", "trance": "0.005048326"}}, {"model_name": "mood_acoustic", "activations": {"acoustic": "0.0014878638", "not ac