{"song_id": "1182274542551437342", "download": "https://cdn.discordapp.com/attachments/1128313332273782784/1182274542551437342/chirp.mp4?ex=658419f8&amp", "lyrics": "Lucie est rentr\u00e9e du coll\u00e8ge\nAm\u00e9lie est rentr\u00e9e du coll\u00e8ge\nElle a deux heures pour manger\nTranquille.\nAlors elles ont les tablettes.\nC'est cool.", "style": ["opera female voice"], "essentia_features": {"lowlevel.average_loudness": 0.5804014205932617, "lowlevel.barkbands_crest.mean": 15.225956916809082, "lowlevel.barkbands_crest.stdev": 4.281987190246582, "lowlevel.barkbands_flatness_db.mean": 0.3491818904876709, "lowlevel.barkbands_flatness_db.stdev": 0.0645379051566124, "lowlevel.barkbands_kurtosis.mean": 11.085079193115234, "lowlevel.barkbands_kurtosis.stdev": 11.295249938964844, "lowlevel.barkbands_skewness.mean": 2.3759500980377197, "lowlevel.barkbands_skewness.stdev": 1.3527272939682007, "lowlevel.barkbands_spread.mean": 3.881366491317749, "lowlevel.barkbands_spread.stdev": 4.449699878692627, "lowlevel.dissonance.mean": 0.36110973358154297, "lowlevel.dissonance.stdev": 0.059989508241415024, "lowlevel.dynamic_complexity": 6.130724906921387, "lowlevel.erbbands_crest.mean": 14.465904235839844, "lowlevel.erbbands_crest.stdev": 4.172741889953613, "lowlevel.erbbands_flatness_db.mean": 0.3719410300254822, "lowlevel.erbbands_flatness_db.stdev": 0.05612197518348694, "lowlevel.erbbands_kurtosis.mean": 3.194431781768799, "lowlevel.erbbands_kurtosis.stdev": 5.24444055557251, "lowlevel.erbbands_skewness.mean": 1.421773910522461, "lowlevel.erbbands_skewness.stdev": 0.9609578251838684, "lowlevel.erbbands_spread.mean": 11.486553192138672, "lowlevel.erbbands_spread.stdev": 6.756551742553711, "lowlevel.hfc.mean": 8.138376235961914, "lowlevel.hfc.stdev": 22.094079971313477, "lowlevel.loudness_ebu128.integrated": -21.943126678466797, "lowlevel.loudness_ebu128.loudness_range": 9.939350128173828, "lowlevel.loudness_ebu128.momentary.mean": -25.44123649597168, "lowlevel.loudness_ebu128.momentary.stdev": 5.609626770019531, "lowlevel.loudness_ebu128.short_term.mean": -23.597394943237305, "lowlevel.loudness_ebu128.short_term.stdev": 2.935319185256958, "lowlevel.melbands_crest.mean": 17.57013702392578, "lowlevel.melbands_crest.stdev": 4.294299125671387, "lowlevel.melbands_flatness_db.mean": 0.4291324019432068, "lowlevel.melbands_flatness_db.stdev": 0.07344213873147964, "lowlevel.melbands_kurtosis.mean": 15.069812774658203, "lowlevel.melbands_kurtosis.stdev": 14.095582962036133, "lowlevel.melbands_skewness.mean": 2.665144681930542, "lowlevel.melbands_skewness.stdev": 1.4099717140197754, "lowlevel.melbands_spread.mean": 5.750085353851318, "lowlevel.melbands_spread.stdev": 10.836272239685059, "lowlevel.pitch_salience.mean": 0.4470731317996979, "lowlevel.pitch_salience.stdev": 0.15649180114269257, "lowlevel.silence_rate_20dB.mean": 0.9942693114280701, "lowlevel.silence_rate_20dB.stdev": 0.07548392564058304, "lowlevel.silence_rate_30dB.mean": 0.9799426794052124, "lowlevel.silence_rate_30dB.stdev": 0.14019642770290375, "lowlevel.silence_rate_60dB.mean": 0.28080227971076965, "lowlevel.silence_rate_60dB.stdev": 0.4493914842605591, "lowlevel.spectral_centroid.mean": 493.12530517578125, "lowlevel.spectral_centroid.stdev": 289.59478759765625, "lowlevel.spectral_complexity.mean": 6.336676120758057, "lowlevel.spectral_complexity.stdev": 3.708556652069092, "lowlevel.spectral_decrease.mean": -4.597490388391634e-09, "lowlevel.spectral_decrease.stdev": 1.3092326334174231e-08, "lowlevel.spectral_energy.mean": 0.01809016242623329, "lowlevel.spectral_energy.stdev": 0.05137826129794121, "lowlevel.spectral_energyband_high.mean": 1.3831103387929033e-05, "lowlevel.spectral_energyband_high.stdev": 0.00015057386190164834, "lowlevel.spectral_energyband_low.mean": 0.0003570697153918445, "lowlevel.spectral_energyband_low.stdev": 0.0012698386562988162, "lowlevel.spectral_energyband_middle_high.mean": 0.0010952764423564076, "lowlevel.spectral_energyband_middle_high.stdev": 0.0026993975043296814, "lowlevel.spectral_energyband_middle_low.mean": 0.016887513920664787, "lowlevel.spectral_energyband_middle_low.stdev": 0.05036363750696182, "lowlevel.spectral_entropy.mean": 5.604550838470459, "lowlevel.spectral_entropy.stdev": 0.6668236255645752, "lowlevel.spectral_flux.mean": 0.03719664737582207, "lowlevel.spectral_flux.stdev": 0.05370892956852913, "lowlevel.spectral_kurtosis.mean": 55.16009521484375, "lowlevel.spectral_kurtosis.stdev": 33.36173629760742, "lowlevel.spectral_rms.mean": 0.0031695454381406307, "lowlevel.spectral_rms.stdev": 0.0027573383413255215, "lowlevel.spectral_rolloff.mean": 642.4777221679688, "lowlevel.spectral_rolloff.stdev": 1086.9698486328125, "lowlevel.spectral_skewness.mean": 5.000148773193359, "lowlevel.spectral_skewness.stdev": 1.8817049264907837, "lowlevel.spectral_spread.mean": 1469883.625, "lowlevel.spectral_spread.stdev": 1110072.625, "lowlevel.spectral_strongpeak.mean": 1.0515393018722534, "lowlevel.spectral_strongpeak.stdev": 1.2356241941452026, "lowlevel.zerocrossingrate.mean": 0.027502546086907387, "lowlevel.zerocrossingrate.stdev": 0.052174657583236694, "metadata.audio_properties.analysis.equal_loudness": 0.0, "metadata.audio_properties.analysis.length": 16.170658111572266, "metadata.audio_properties.analysis.sample_rate": 44100.0, "metadata.audio_properties.analysis.start_time": 0.0, "metadata.audio_properties.bit_rate": 99793.0, "metadata.audio_properties.length": 16.170665740966797, "metadata.audio_properties.lossless": 0.0, "metadata.audio_properties.number_channels": 1.0, "metadata.audio_properties.replay_gain": -6.90861701965332, "metadata.audio_properties.sample_rate": 48000.0, "rhythm.beats_count": 28.0, "rhythm.beats_loudness.mean": 0.02343463897705078, "rhythm.beats_loudness.stdev": 0.022782711312174797, "rhythm.bpm": 107.49769592285156, "rhythm.bpm_histogram_first_peak_bpm": 108.0, "rhythm.bpm_histogram_first_peak_weight": 0.24000000953674316, "rhythm.bpm_histogram_second_peak_bpm": 98.0, "rhythm.bpm_histogram_second_peak_spread": 0.5, "rhythm.bpm_histogram_second_peak_weight": 0.03703703731298447, "rhythm.danceability": 1.135886549949646, "rhythm.onset_rate": 3.2747769355773926, "tonal.chords_changes_rate": 0.06285714358091354, "tonal.chords_number_rate": 0.017142856493592262, "tonal.chords_strength.mean": 0.4980562925338745, "tonal.chords_strength.stdev": 0.08728265762329102, "tonal.hpcp_crest.mean": 19.27704620361328, "tonal.hpcp_crest.stdev": 7.946413993835449, "tonal.hpcp_entropy.mean": 1.3951685428619385, "tonal.hpcp_entropy.stdev": 0.6630988121032715, "tonal.key_edma.strength": 0.5683005452156067, "tonal.key_krumhansl.strength": 0.5790625810623169, "tonal.key_temperley.strength": 0.5919933319091797, "tonal.tuning_diatonic_strength": 0.4460447430610657, "tonal.tuning_equal_tempered_deviation": 0.10505837947130203, "tonal.tuning_frequency": 442.0379333496094, "tonal.tuning_nontempered_energy_ratio": 0.728299617767334, "lowlevel.barkbands.mean": [6.621716693189228e-06, 1.6162039173650555e-05, 0.0001389206008752808, 0.00029613415244966745, 0.0012185553787276149, 0.009065857157111168, 0.004014419857412577, 0.0009540376486256719, 0.001208077184855938, 0.00039556119008921087, 0.0001956374035216868, 0.00029978598468005657, 5.452104232972488e-05, 9.676039917394519e-05, 5.3651056077796966e-05, 2.1580359316430986e-05, 1.74205815710593e-05, 1.3700770068680868e-05, 4.708663709607208e-06, 5.756720383942593e-06, 1.623204184397764e-06, 3.1466381642530905e-06, 3.333341282996116e-06, 3.1475954074267065e-06, 9.704754120321013e-07, 8.705103482498089e-08, 1.268279481436707e-09], "lowlevel.barkbands.stdev": [1.2230706488480791e-05, 2.8933718567714095e-05, 0.0004727063642349094, 0.0011115603847429156, 0.0025590630248188972, 0.03459050506353378, 0.015029404312372208, 0.005662435665726662, 0.007054162211716175, 0.0010605663992464542, 0.0007345800986513495, 0.0011038354132324457, 0.0005951826460659504, 0.0004532594757620245, 0.0003613641601987183, 0.00013242171553429216, 6.901421147631481e-05, 6.28136403975077e-05, 1.7501313777756877e-05, 3.25044929923024e-05, 1.3815813872497529e-05, 3.2228064810624346e-05, 4.847841046284884e-05, 5.1423878176137805e-05, 1.4339949302666355e-05, 1.0222054243058665e-06, 9.795731337192137e-09], "lowlevel.erbbands.mean": [0.0005049241590313613, 0.005024854559451342, 0.09801322221755981, 0.7764008641242981, 1.4158284664154053, 3.8933849334716797, 25.027528762817383, 82.27108001708984, 95.8870620727539, 19.450679779052734, 24.39829444885254, 31.118282318115234, 15.675806045532227, 7.216179847717285, 9.638130187988281, 14.604581832885742, 3.498760461807251, 5.290348529815674, 2.767622232437134, 2.526089906692505, 1.1417858600616455, 1.0417494773864746, 0.8994951248168945, 0.2599371075630188, 0.2935953736305237, 0.24471494555473328, 0.06401265412569046, 0.07465117424726486, 0.09122773259878159, 0.14164987206459045, 0.08284112811088562, 0.0726708248257637, 0.04347550496459007, 0.020062638446688652, 0.002778663532808423, 0.0007489983108825982, 0.0001142025284934789, 9.247428351955023e-06, 8.957389582064934e-06, 2.0343077267170884e-05], "lowlevel.erbbands.stdev": [0.000691472552716732, 0.009824825450778008, 0.30775925517082214, 2.868041515350342, 5.10252046585083, 8.081814765930176, 46.92301559448242, 334.7439270019531, 429.1977233886719, 107.93008422851562, 150.295654296875, 176.87693786621094, 40.64003372192383, 22.968782424926758, 38.31235885620117, 50.63812255859375, 22.08696937561035, 22.930879592895508, 16.7402286529541, 14.033703804016113, 7.018966197967529, 4.215095520019531, 3.6838107109069824, 0.8300829529762268, 1.3919353485107422, 1.3633452653884888, 0.2833600342273712, 0.737123429775238, 0.7629117369651794, 1.8016867637634277, 1.2394089698791504, 1.1592810153961182, 0.7090682983398438, 0.31747540831565857, 0.032420121133327484, 0.007983443327248096, 0.001352854655124247, 0.00012241020158398896, 2.4649074475746602e-05, 5.745713860960677e-05], "lowlevel.gfcc.mean": [-236.45108032226562, 206.3850555419922, -148.1223602294922, -35.45720672607422, -51.31365966796875, -42.3261604309082, -32.20717239379883, -26.206066131591797, -9.092860221862793, -11.438092231750488, 3.8287527561187744, 2.5079505443573, 6.161886692047119], "lowlevel.melbands.mean": [4.675529453379568e-06, 4.6320954425027594e-05, 0.00014083264977671206, 0.00016456979210488498, 0.0007123303366824985, 0.0019529834389686584, 0.0012898379936814308, 0.000167907724971883, 0.00020592733926605433, 0.000188711317605339, 7.324043690459803e-05, 3.102404298260808e-05, 2.6318006348446943e-05, 3.633740925579332e-05, 2.1704634491470642e-05, 5.188789600651944e-06, 1.0708046829677187e-05, 4.390404683363158e-06, 4.136737970839022e-06, 2.3866759875090793e-06, 1.0552250842010835e-06, 1.0667361038940726e-06, 1.1465743909866433e-06, 4.1442089582233166e-07, 1.9417473140492802e-07, 1.5331954728026176e-07, 2.834996735145978e-07, 1.3016355637773813e-07, 3.739269516245258e-08, 3.19551354266423e-08, 4.606530268347342e-08, 3.508253243467152e-08, 8.74861996180698e-08, 7.900260357018851e-08, 4.438437883891311e-08, 5.237604838725929e-08, 4.068976267035396e-08, 2.9250237787437072e-08, 2.9585388361397236e-08, 1.2458277964810804e-08], "lowlevel.melbands.stdev": [6.566527645190945e-06, 0.0001509037392679602, 0.00045409335871227086, 0.00035983562702313066, 0.0013110076542943716, 0.00794889684766531, 0.0057780747301876545, 0.0011681272881105542, 0.0013916759053245187, 0.0010254845255985856, 0.00018560925673227757, 9.795963705983013e-05, 0.00010805617785081267, 0.00011759858898585662, 8.617204730398953e-05, 5.166637129150331e-05, 4.2376737837912515e-05, 2.990693974425085e-05, 3.58128163497895e-05, 1.1703671589202713e-05, 6.811372713855235e-06, 4.5053161557007115e-06, 5.239618076302577e-06, 1.484393692408048e-06, 6.193524200170941e-07, 7.780394639667065e-07, 1.4564201364919427e-06, 7.688502137170872e-07, 1.8125618339581706e-07, 2.172286883705965e-07, 5.113185466143477e-07, 2.4458094571855327e-07, 9.940777090378106e-07, 1.0802152701216983e-06, 6.753274419679656e-07, 8.331650747095409e-07, 6.557735900969419e-07, 4.720212416486902e-07, 5.014132398173388e-07, 1.919872687494717e-07], "lowlevel.melbands128.mean": [3.6325563996797428e-06, 3.993672180513386e-06, 4.814546173292911e-06, 6.506069894385291e-06, 1.5625708329025656e-05, 9.01110252016224e-05, 0.00017762045899871737, 0.00011899669334525242, 0.00014576468674931675, 0.00013593098265118897, 0.00015410062042064965, 0.0004037389880977571, 0.0008748880936764181, 0.0010611205361783504, 0.0014829989522695541, 0.0028642627876251936, 0.002709233434870839, 0.0005875229835510254, 0.0001477336190873757, 0.0001977834472199902, 0.00014915617066435516, 0.00015117602015379816, 0.000264255068032071, 0.00018808616732712835, 0.00022334865934681147, 0.00020329411199782044, 5.137327025295235e-05, 7.167881267378107e-05, 8.315983723150566e-05, 3.1834882975090295e-05, 1.8726061171037145e-05, 1.0935566024272703e-05, 2.234772728115786e-05, 5.139215136296116e-05, 1.0535595720284618e-05, 4.3302028643665835e-05, 6.039474828867242e-05, 1.3848366506863385e-05, 5.840195626660716e-06, 4.248790446581552e-06, 4.6578829824284185e-06, 7.347396604018286e-06, 1.1372368135198485e-05, 1.4471439499175176e-05, 3.58960483026749e-06, 3.86510373573401e-06, 2.488319296389818e-06, 5.124380095367087e-06, 3.97483245251351e-06, 3.402075662961579e-06, 1.7541199213155778e-06, 2.420709051875747e-06, 7.580848091492953e-07, 6.70827716930944e-07, 1.13877649710048e-06, 1.1695653938659234e-06, 9.85767769634549e-07, 8.59846238654427e-07, 1.671997210905829e-06, 8.645197908663249e-07, 2.2208884331575973e-07, 1.2853078601438028e-07, 2.3032373519527027e-07, 2.1636357416809915e-07, 1.04109538767716e-07, 1.2011041405912692e-07, 2.03034574042249e-07, 2.6434975097799907e-07, 3.60436416713128e-07, 2.312193032594223e-07, 1.283300150589639e-07, 7.397137125053632e-08, 5.122208435182074e-08, 2.8187812972646498e-08, 2.8017987929729316e-08, 2.993194669898003e-08, 3.012917204614496e-08, 4.885368909413046e-08, 6.556128795409677e-08, 1.9388640026818393e-08, 2.199817572545726e-08, 3.22173221434241e-08, 8.435973342102443e-08, 9.276445922523635e-08, 1.1061287352731597e-07, 4.541076137343225e-08, 1.0344022882691206e-07, 6.67141648591496e-08, 2.5068736420053028e-08, 2.8296929244220337e-08, 7.536809221164731e-08, 3.886198385316675e-08, 6.524000184526813e-08, 3.8068577623562305e-08, 2.0002094203164233e-08, 4.730431513166877e-08, 1.9290919084369307e-08, 2.656208764051371e-08, 4.33153068968295e-08, 1.925006998249046e-08, 2.1729412935656e-08, 9.803057920976244e-09, 5.017285698016849e-09, 1.7641870186935193e-09, 1.7774383076485378e-09, 3.0711808651773254e-09, 2.0731494299042197e-09, 9.41604794135742e-10, 1.4618644073038922e-09, 1.033846230846791e-09, 5.175168626969651e-10, 3.249801538984798e-10, 3.032977202721554e-10, 1.3526504916150373e-10, 1.3616188732079593e-10, 5.9090461690392e-11, 2.401977054755644e-11, 4.678748707909186e-12, 2.99573408614473e-12, 2.9263898162351643e-12, 2.8566083960096522e-12, 2.7860105715482586e-12, 2.751902221723168e-12, 2.6954014107488655e-12, 2.5706689381344017e-12, 2.376023856831555e-12, 2.2700123031293984e-12, 2.2451910122733842e-12], "lowlevel.melbands128.stdev": [6.248056706681382e-06, 6.349336217681412e-06, 7.459108928742353e-06, 1.6563464669161476e-05, 4.203747812425718e-05, 0.0003188710834365338, 0.0007184019195847213, 0.0004496730980463326, 0.0006758267991244793, 0.000343398773111403, 0.00043983876821585, 0.0010402090847492218, 0.0019610165618360043, 0.0022346931509673595, 0.005539493169635534, 0.016781775280833244, 0.013890272006392479, 0.001561710610985756, 0.0007883490761741996, 0.0017704663332551718, 0.0013136138441041112, 0.001050195307470858, 0.00224755029194057, 0.001976161263883114, 0.001638854038901627, 0.0008804052486084402, 0.00023564152070321143, 0.00021192162239458412, 0.0002818664943333715, 0.00014651648234575987, 8.945022273110226e-05, 4.0116297896020114e-05, 0.00010881107300519943, 0.00023356468591373414, 5.891026376048103e-05, 0.000146043166751042, 0.00024108645447995514, 8.75757759786211e-05, 7.508802082156762e-05, 3.635297980508767e-05, 4.8236670409096405e-05, 8.553182851755992e-05, 4.7869230911601335e-05, 3.7799440178787336e-05, 4.181342228548601e-05, 3.952735278289765e-05, 1.3625851352117024e-05, 6.842353468528017e-05, 2.763100383162964e-05, 1.679466186033096e-05, 7.715953870501835e-06, 2.2314257876132615e-05, 4.418656317284331e-06, 4.829126737604383e-06, 4.398444616526831e-06, 6.452934940170962e-06, 4.4234957385924645e-06, 3.878381903632544e-06, 1.0196471521339845e-05, 2.544607013987843e-06, 8.849700634527835e-07, 6.973793347242463e-07, 7.4991078236053e-07, 6.212661105564621e-07, 9.216623197971785e-07, 5.480151230585761e-07, 9.971458894142415e-07, 1.876655119303905e-06, 1.8875783780458733e-06, 1.4533860621668282e-06, 8.852913424561848e-07, 4.6418702481787477e-07, 3.718895129622979e-07, 1.1805465760517109e-07, 1.4684054860936158e-07, 1.8970426651776506e-07, 2.1817653816924576e-07, 5.411438337432628e-07, 8.643428373034112e-07, 1.0371478254000976e-07, 1.2687360140262172e-07, 2.3746389388179523e-07, 8.350690450242837e-07, 1.1398731203371426e-06, 1.5499343817282352e-06, 5.357807140171644e-07, 1.4754031099073472e-06, 1.0210977734459448e-06, 4.59830118870741e-07, 4.191749667370459e-07, 1.2785701528628124e-06, 5.748629519075621e-07, 1.0744781775429146e-06, 6.226237019291148e-07, 3.070562968332524e-07, 7.926590228635177e-07, 3.0190182087608264e-07, 4.388313925574039e-07, 7.979063525453967e-07, 3.196484215095552e-07, 3.4829321293727844e-07, 1.4446381157995347e-07, 6.645093009183256e-08, 1.9871860601483604e-08, 2.1224355606364043e-08, 3.497073208791335e-08, 2.347941396863007e-08, 1.0058153421255156e-08, 1.6674672309591188e-08, 1.5608248915555123e-08, 6.439470734420638e-09, 3.521187341704035e-09, 4.197644454251304e-09, 2.9668887346900874e-09, 3.111830348956346e-09, 1.0869601885232782e-09, 3.220444466656147e-10, 4.327057462338857e-11, 1.1239642029592378e-11, 1.0957902120412033e-11, 1.0718917940744088e-11, 1.0456279071757724e-11, 1.0252627739848474e-11, 1.0078714772487896e-11, 9.934965176927602e-12, 9.819508053898751e-12, 9.733723375926484e-12, 9.681051099663662e-12], "lowlevel.mfcc.mean": [-872.1325073242188, 234.60809326171875, -29.478166580200195, -2.0193679332733154, -9.538731575012207, -17.752994537353516, -21.86766242980957, -13.585162162780762, -14.549699783325195, -17.3674259185791, -11.6742525100708, -9.170122146606445, -1.6020081043243408], "lowlevel.spectral_contrast_coeffs.mean": [-0.6069282293319702, -0.6041508913040161, -0.6854998469352722, -0.761022686958313, -0.7798505425453186, -0.7804180383682251], "lowlevel.spectral_contrast_coeffs.stdev": [0.11485163867473602, 0.11473949253559113, 0.0745510682463646, 0.05577407777309418, 0.04407738521695137, 0.057869382202625275], "lowlevel.spectral_contrast_valleys.mean": [-8.84412670135498, -8.050230979919434, -9.0120267868042, -9.916473388671875, -10.797223091125488, -14.5056791305542], "lowlevel.spectral_contrast_valleys.stdev": [1.1813786029815674, 1.459172248840332, 1.3814581632614136, 1.2537115812301636, 1.3055394887924194, 1.1545157432556152], "rhythm.beats_loudness_band_ratio.mean": [0.03777607902884483, 0.6703924536705017, 0.380878210067749, 0.07949061691761017, 0.00965456385165453, 0.00044018757762387395], "rhythm.beats_loudness_band_ratio.stdev": [0.03823268786072731, 0.14555619657039642, 0.14291132986545563, 0.0492827370762825, 0.008322510868310928, 0.0009926101192831993], "tonal.hpcp.mean": [0.023799318820238113, 0.021611886098980904, 0.01919144205749035, 0.015379561111330986, 0.011636678129434586, 0.013807225972414017, 0.014419060200452805, 0.014941689558327198, 0.11623943597078323, 0.14471139013767242, 0.05499400943517685, 0.04231492057442665, 0.04429173469543457, 0.033046212047338486, 0.07219909131526947, 0.0912187397480011, 0.051165495067834854, 0.22997400164604187, 0.26851531863212585, 0.05951181799173355, 0.007186770439147949, 0.012806220911443233, 0.026646308600902557, 0.2648613154888153, 0.2994054853916168, 0.05890912562608719, 0.03778757527470589, 0.0478091798722744, 0.03663639724254608, 0.31438887119293213, 0.35020679235458374, 0.09061118960380554, 0.2674386501312256, 0.28602346777915955, 0.05852193012833595, 0.01835455372929573], "tonal.hpcp.stdev": [0.0999702587723732, 0.10724368691444397, 0.0929524227976799, 0.06783358752727509, 0.06540971249341965, 0.06152227520942688, 0.06003253906965256, 0.06374281644821167, 0.24142348766326904, 0.2850249409675598, 0.1393733024597168, 0.16559091210365295, 0.1792287826538086, 0.12126484513282776, 0.16278906166553497, 0.1870429366827011, 0.14622630178928375, 0.3258354663848877, 0.3866778314113617, 0.10578787326812744, 0.06277240067720413, 0.07757893204689026, 0.11209522187709808, 0.34067845344543457, 0.3917372226715088, 0.12256135046482086, 0.1414577066898346, 0.19008566439151764, 0.11060911417007446, 0.3949664533138275, 0.4329165518283844, 0.15397705137729645, 0.3378770649433136, 0.35627856850624084, 0.11875896900892258, 0.08450856804847717], "rhythm.beats_position": [0.5572788715362549, 1.1261677742004395, 1.7182766199111938, 2.3336052894592285, 2.902494192123413, 3.459773063659668, 4.017052173614502, 4.574330806732178, 5.131609916687012, 5.6888885498046875, 6.2461676597595215, 6.8034467697143555, 7.360725402832031, 7.918004512786865, 8.4752836227417, 9.032562255859375, 9.58984088897705, 10.147119522094727, 10.692789077758789, 11.250067710876465, 11.80734634399414, 12.376235961914062, 12.921904563903809, 13.479183197021484, 14.04807186126709, 14.605351448059082, 15.162630081176758, 15.719908714294434], "rhythm.bpm_histogram": [0.0, 0.0, 0.0, 0.0, 0.0, 0.0, 0.0, 0.0, 0.0, 0.0, 0.0, 0.0, 0.0, 0.0, 0.0, 0.0, 0.0, 0.0, 0.0, 0.0, 0.0, 0.0, 0.0, 0.0, 0.0, 0.0, 0.0, 0.0, 0.0, 0.0, 0.0, 0.0, 0.0, 0.0, 0.0, 0.0, 0.0, 0.0, 0.0, 0.0, 0.0, 0.0, 0.0, 0.0, 0.0, 0.0, 0.0, 0.0, 0.0, 0.0, 0.0, 0.0, 0.0, 0.0, 0.0, 0.0, 0.0, 0.0, 0.0, 0.0, 0.0, 0.0, 0.0, 0.0, 0.0, 0.0, 0.0, 0.0, 0.0, 0.0, 0.0, 0.0, 0.0, 0.0, 0.0, 0.0, 0.0, 0.0, 0.0, 0.0, 0.0, 0.0, 0.0, 0.0, 0.0, 0.0, 0.0, 0.0, 0.0, 0.0, 0.0, 0.0, 0.0, 0.0, 0.0, 0.0, 0.0, 0.0, 0.03703703731298447, 0.0, 0.0, 0.03703703731298447, 0.0, 0.0, 0.0, 0.14814814925193787, 0.0, 0.0, 0.7037037014961243, 0.0, 0.07407407462596893, 0.0, 0.0, 0.0, 0.0, 0.0, 0.0, 0.0, 0.0, 0.0, 0.0, 0.0, 0.0, 0.0, 0.0, 0.0, 0.0, 0.0, 0.0, 0.0, 0.0, 0.0, 0.0, 0.0, 0.0, 0.0, 0.0, 0.0, 0.0, 0.0, 0.0, 0.0, 0.0, 0.0, 0.0, 0.0, 0.0, 0.0, 0.0, 0.0, 0.0, 0.0, 0.0, 0.0, 0.0, 0.0, 0.0, 0.0, 0.0, 0.0, 0.0, 0.0, 0.0, 0.0, 0.0, 0.0, 0.0, 0.0, 0.0, 0.0, 0.0, 0.0, 0.0, 0.0, 0.0, 0.0, 0.0, 0.0, 0.0, 0.0, 0.0, 0.0, 0.0, 0.0, 0.0, 0.0, 0.0, 0.0, 0.0, 0.0, 0.0, 0.0, 0.0, 0.0, 0.0, 0.0, 0.0, 0.0, 0.0, 0.0, 0.0, 0.0, 0.0, 0.0, 0.0, 0.0, 0.0, 0.0, 0.0, 0.0, 0.0, 0.0, 0.0, 0.0, 0.0, 0.0, 0.0, 0.0, 0.0, 0.0, 0.0, 0.0, 0.0, 0.0, 0.0, 0.0, 0.0, 0.0, 0.0, 0.0, 0.0, 0.0, 0.0, 0.0, 0.0, 0.0, 0.0, 0.0, 0.0, 0.0, 0.0, 0.0, 0.0, 0.0, 0.0, 0.0, 0.0, 0.0, 0.0, 0.0], "tonal.chords_histogram": [11.142857551574707, 0.2857142984867096, 0.0, 0.0, 0.0, 0.0, 0.0, 0.0, 0.0, 0.0, 0.0, 0.0, 0.5714285969734192, 34.85714340209961, 4.5714287757873535, 33.71428680419922, 0.5714285969734192, 7.714285850524902, 0.0, 0.0, 0.0, 0.0, 6.0, 0.5714285969734192], "tonal.thpcp": [1.0, 0.258736252784729, 0.7636592388153076, 0.816727340221405, 0.1671067774295807, 0.05241061747074127, 0.06795790046453476, 0.061711784452199936, 0.05480031296610832, 0.043915655463933945, 0.03322802111506462, 0.03942592442035675, 0.04117298871278763, 0.042665332555770874, 0.33191657066345215, 0.4132169783115387, 0.15703296661376953, 0.12082838267087936, 0.1264730840921402, 0.09436199814081192, 0.20616130530834198, 0.26047107577323914, 0.14610080420970917, 0.6566805839538574, 0.7667335867881775, 0.16993336379528046, 0.020521504804491997, 0.03656759858131409, 0.0760873556137085, 0.7562997937202454, 0.8549391031265259, 0.1682123988866806, 0.10790074616670609, 0.1365170031785965, 0.10461360961198807, 0.8977234959602356], "lowlevel.gfcc.cov": [[12582.158203125, 887.4863891601562, -753.9673461914062, 575.4007568359375, -942.197998046875, -651.3224487304688, -102.86641693115234, -473.46282958984375, -2.876897096633911, -299.66363525390625, 74.87667846679688, -140.8672637939453, -130.75315856933594], [887.4863891601562, 1195.418701171875, -201.6896514892578, -421.88311767578125, 291.9806823730469, -360.2177734375, 69.23894500732422, -157.16969299316406, 70.47027587890625, -130.8990020751953, 20.331623077392578, -30.942182540893555, 111.19840240478516], [-753.9673461914062, -201.6896514892578, 393.2680358886719, 95.25521087646484, -80.92816162109375, 124.12114715576172, 13.43449878692627, 112.8411865234375, -73.63898468017578, -33.36427307128906, -97.3626937866211, -50.7312126159668, 17.686002731323242], [575.4007568359375, -421.88311767578125, 95.25521087646484, 582.9271240234375, -173.8447723388672, 83.4031982421875, -23.324079513549805, 1.1103075742721558, -46.72633361816406, -39.37307357788086, -73.62549591064453, -82.59992980957031, -60.218544006347656], [-942.197998046875, 291.9806823730469, -80.92816162109375, -173.8447723388672, 344.7331237792969, -57.061485290527344, -34.44193649291992, -78.53934478759766, 40.138641357421875, 33.043785095214844, 40.630924224853516, 36.46134567260742, 8.026420593261719], [-651.3224487304688, -360.2177734375, 124.12114715576172, 83.4031982421875, -57.061485290527344, 322.05523681640625, 7.503593921661377, 76.11044311523438, -58.969966888427734, 49.779747009277344, -31.427669525146484, -8.980822563171387, -49.60188674926758], [-102.86641693115234, 69.23894500732422, 13.43449878692627, -23.324079513549805, -34.44193649291992, 7.503593921661377, 152.6856231689453, 91.36219787597656, 8.037050247192383, -19.9974365234375, -11.720905303955078, 2.508471727371216, 16.645315170288086], [-473.46282958984375, -157.16969299316406, 112.8411865234375, 1.1103075742721558, -78.53934478759766, 76.11044311523438, 91.36219787597656, 254.40725708007812, 8.139877319335938, -3.3922407627105713, -33.00864028930664, -27.719074249267578, 4.182200908660889], [-2.876897096633911, 70.47027587890625, -73.63898468017578, -46.72633361816406, 40.138641357421875, -58.969966888427734, 8.037050247192383, 8.139877319335938, 134.11041259765625, 50.49224853515625, 50.91677474975586, 33.4111328125, 8.01298713684082], [-299.66363525390625, -130.8990020751953, -33.36427307128906, -39.37307357788086, 33.043785095214844, 49.779747009277344, -19.9974365234375, -3.3922407627105713, 50.49224853515625, 136.82911682128906, 68.36717224121094, 56.17919921875, -19.00017738342285], [74.87667846679688, 20.331623077392578, -97.3626937866211, -73.62549591064453, 40.630924224853516, -31.427669525146484, -11.720905303955078, -33.00864028930664, 50.91677474975586, 68.36717224121094, 153.2704620361328, 87.84386444091797, -3.3629324436187744], [-140.8672637939453, -30.942182540893555, -50.7312126159668, -82.59992980957031, 36.46134567260742, -8.980822563171387, 2.508471727371216, -27.719074249267578, 33.4111328125, 56.17919921875, 87.84386444091797, 141.11354064941406, 22.372461318969727], [-130.75315856933594, 111.19840240478516, 17.686002731323242, -60.218544006347656, 8.026420593261719, -49.60188674926758, 16.645315170288086, 4.182200908660889, 8.01298713684082, -19.00017738342285, -3.3629324436187744, 22.372461318969727, 96.71322631835938]], "lowlevel.gfcc.icov": [[0.00032266086782328784, -0.000909459893591702, 0.0005047899903729558, -0.0005432309117168188, 0.0015997575828805566, 7.392463157884777e-05, 0.0007715433603152633, -7.266236934810877e-05, 0.00025652351905591786, -0.00025077449390664697, 3.0955474358052015e-05, -0.0005716723972000182, 0.0008896450744941831], [-0.000909459893591702, 0.0062302458100020885, -0.0013220547698438168, 0.0034939905162900686, -0.006347636692225933, 0.0015289189759641886, -0.004999357275664806, 0.0026510281022638083, -0.0019924037624150515, 0.003767188172787428, -0.0011878418736159801, 0.004744959529489279, -0.004152660258114338], [0.0005047899903729558, -0.0013220547698438168, 0.004839903209358454, -0.0011619183933362365, 0.002504736417904496, -0.0007531811133958399, 0.001955997431650758, -0.0016754433745518327, 0.0016750699141994119, -0.0004550246521830559, 0.001614356180652976, -0.0009719726513139904, -0.00021157620358280838], [-0.0005432309117168188, 0.0034939905162900686, -0.0011619183933362365, 0.00438272999599576, -0.0025600579101592302, 0.0004688314802478999, -0.002550432924181223, 0.0020455277990549803, -0.0015144007047638297, 0.0024664769880473614, -0.00030016209348104894, 0.003257516771554947, -0.0011608829954639077], [0.0015997575828805566, -0.006347636692225933, 0.002504736417904496, -0.0025600579101592302, 0.01270844042301178, -0.000397220574086532, 0.005630143918097019, -0.0005515976226888597, 0.0011579300044104457, -0.003129103220999241, 0.000939339806791395, -0.004402735270559788, 0.005545992869883776], [7.392463157884777e-05, 0.0015289189759641886, -0.0007531811133958399, 0.0004688314802478999, -0.000397220574086532, 0.006051764357835054, -0.0013568885624408722, -9.416123248229269e-06, 0.0020314755383878946, -0.0017863691318780184, 0.0005917708622291684, 0.0005439136293716729, 0.0015178888570517302], [0.0007715433603152633, -0.004999357275664806, 0.001955997431650758, -0.002550432924181223, 0.005630143918097019, -0.0013568885624408722, 0.013142189010977745, -0.0055434564128518105, 0.001073390943929553, -0.0011010876623913646, 0.0014706648653373122, -0.005121347960084677, 0.00259075197391212], [-7.266236934810877e-05, 0.0026510281022638083, -0.0016754433745518327, 0.0020455277990549803, -0.0005515976226888597, -9.416123248229269e-06, -0.0055434564128518105, 0.008408008143305779, -0.0028396407142281532, 0.0019240424735471606, -0.0009018612327054143, 0.0036535332910716534, -0.0011980956187471747], [0.00025652351905591786, -0.0019924037624150515, 0.0016750699141994119, -0.0015144007047638297, 0.0011579300044104457, 0.0020314755383878946, 0.001073390943929553, -0.0028396407142281532, 0.01233374048024416, -0.0059103528037667274, -0.0005254417774267495, -0.001518924254924059, 0.0004222821444272995], [-0.00025077449390664697, 0.003767188172787428, -0.0004550246521830559, 0.0024664769880473614, -0.003129103220999241, -0.0017863691318780184, -0.0011010876623913646, 0.0019240424735471606, -0.0059103528037667274, 0.016346311196684837, -0.004351405892521143, 0.0005780840874649584, -0.00018564633501227945], [3.0955474358052015e-05, -0.0011878418736159801, 0.001614356180652976, -0.00030016209348104894, 0.000939339806791395, 0.0005917708622291684, 0.0014706648653373122, -0.0009018612327054143, -0.0005254417774267495, -0.004351405892521143, 0.013650390319526196, -0.007234388031065464, 0.0022737488616257906], [-0.0005716723972000182, 0.004744959529489279, -0.0009719726513139904, 0.003257516771554947, -0.004402735270559788, 0.0005439136293716729, -0.005121347960084677, 0.0036535332910716534, -0.001518924254924059, 0.0005780840874649584, -0.007234388031065464, 0.01676510088145733, -0.0065450528636574745], [0.0008896450744941831, -0.004152660258114338, -0.00021157620358280838, -0.0011608829954639077, 0.005545992869883776, 0.0015178888570517302, 0.00259075197391212, -0.0011980956187471747, 0.0004222821444272995, -0.00018564633501227945, 0.0022737488616257906, -0.0065450528636574745, 0.01707889698445797]], "lowlevel.mfcc.cov": [[9170.771484375, 1253.955322265625, -826.0569458007812, 1063.380615234375, -946.696044921875, -45.8755989074707, -452.6226806640625, -98.8775863647461, -358.8950500488281, -237.28004455566406, -174.81834411621094, -74.86833953857422, 186.90560913085938], [1253.955322265625, 1690.8875732421875, -426.0695495605469, -63.878204345703125, 2.365593671798706, -242.16725158691406, -84.072509765625, -96.05537414550781, -13.14057445526123, -137.1364288330078, -158.0333709716797, -96.11688232421875, -39.41666030883789], [-826.0569458007812, -426.0695495605469, 503.20147705078125, -84.08124542236328, -49.92949676513672, 43.191104888916016, 140.9812774658203, 90.47595977783203, 70.61160278320312, 100.31126403808594, -34.8929328918457, -35.99934768676758, -31.713008880615234], [1063.380615234375, -63.878204345703125, -84.08124542236328, 490.5653991699219, -132.95274353027344, 23.216562271118164, -65.3987808227539, 1.0062297582626343, -23.66402816772461, -20.323392868041992, -49.36305618286133, -19.176132202148438, 46.91790008544922], [-946.696044921875, 2.365593671798706, -49.92949676513672, -132.95274353027344, 378.1179504394531, 32.710262298583984, -38.34740447998047, -77.58987426757812, -32.149723052978516, -32.275814056396484, 27.665752410888672, 40.10051345825195, -3.7383289337158203], [-45.8755989074707, -242.16725158691406, 43.191104888916016, 23.216562271118164, 32.710262298583984, 201.32357788085938, -8.49903678894043, -36.89860534667969, -26.259742736816406, -6.469533920288086, 53.235572814941406, 15.794218063354492, -1.0791873931884766], [-452.6226806640625, -84.072509765625, 140.9812774658203, -65.3987808227539, -38.34740447998047, -8.49903678894043, 162.9012908935547, 70.07878875732422, 41.71165466308594, 30.180570602416992, -14.165809631347656, -7.104710578918457, -38.261863708496094], [-98.8775863647461, -96.05537414550781, 90.47595977783203, 1.0062297582626343, -77.58987426757812, -36.89860534667969, 70.07878875732422, 139.9440460205078, 52.30927276611328, 20.942258834838867, 2.287393569946289, -9.41845989227295, -5.316611289978027], [-358.8950500488281, -13.14057445526123, 70.61160278320312, -23.66402816772461, -32.149723052978516, -26.259742736816406, 41.71165466308594, 52.30927276611328, 116.43914794921875, 43.882755279541016, -16.05244255065918, -18.91745376586914, -17.788070678710938], [-237.28004455566406, -137.1364288330078, 100.31126403808594, -20.323392868041992, -32.275814056396484, -6.469533920288086, 30.180570602416992, 20.942258834838867, 43.882755279541016, 157.5462188720703, 36.45551300048828, 9.948051452636719, 19.937259674072266], [-174.81834411621094, -158.0333709716797, -34.8929328918457, -49.36305618286133, 27.665752410888672, 53.235572814941406, -14.165809631347656, 2.287393569946289, -16.05244255065918, 36.45551300048828, 152.4669189453125, 75.45829010009766, 5.361535549163818], [-74.86833953857422, -96.11688232421875, -35.99934768676758, -19.176132202148438, 40.10051345825195, 15.794218063354492, -7.104710578918457, -9.41845989227295, -18.91745376586914, 9.948051452636719, 75.45829010009766, 98.90756225585938, 29.452587127685547], [186.90560913085938, -39.41666030883789, -31.713008880615234, 46.91790008544922, -3.7383289337158203, -1.0791873931884766, -38.261863708496094, -5.316611289978027, -17.788070678710938, 19.937259674072266, 5.361535549163818, 29.452587127685547, 111.03775024414062]], "lowlevel.mfcc.icov": [[0.0003868050407618284, -0.0002737627655733377, 0.00021407419990282506, -0.0003699364315252751, 0.0009882875019684434, -0.0004095945041626692, 0.0007744749309495091, -0.00042896089144051075, 0.0011112330248579383, -0.00015034752141218632, 0.0005126422038301826, -0.0004654375952668488, 4.851940684602596e-05], [-0.0002737627655733377, 0.0013472974533215165, 0.0008408497669734061, 0.0006405548192560673, -0.0005264764185994864, 0.0012431899085640907, -0.0006979865138418972, 0.0009628499974496663, -0.0010123810498043895, 0.0003679697110783309, 0.0003519670863170177, 0.0010332687525078654, 0.000189200000022538], [0.00021407419990282506, 0.0008408497669734061, 0.004594183061271906, 0.0006969751557335258, 0.0006793836946599185, -0.001263026730157435, -0.0012127220397815108, -0.001461413805373013, 0.0005216147401370108, -0.00223015365190804, 0.0030558928847312927, 0.00025668981834314764, 0.000746860692743212], [-0.0003699364315252751, 0.0006405548192560673, 0.0006969751557335258, 0.0033256832975894213, 0.0001527759595774114, -0.00043619831558316946, 0.00044196436647325754, -0.00031877451692707837, -0.0006409697234630585, -0.00019702229474205524, 0.0016340970760211349, 9.840369784797076e-06, -0.0003669727884698659], [0.0009882875019684434, -0.0005264764185994864, 0.0006793836946599185, 0.0001527759595774114, 0.006112508941441774, -0.0013048710534349084, 0.0025279270485043526, 0.000442294665845111, 0.0027118627913296223, 0.00020520116959232837, 0.0018555995775386691, -0.0025546422693878412, 0.0003500219027046114], [-0.0004095945041626692, 0.0012431899085640907, -0.001263026730157435, -0.00043619831558316946, -0.0013048710534349084, 0.00854426808655262, -0.0018287120619788766, 0.004218417685478926, -0.001305851386860013, 0.0024682614021003246, -0.004895922262221575, 0.0032371575944125652, -0.0007093293243087828], [0.0007744749309495091, -0.0006979865138418972, -0.0012127220397815108, 0.00044196436647325754, 0.0025279270485043526, -0.0018287120619788766, 0.012809778563678265, -0.005512249190360308, 0.0023985598236322403, -0.001743772765621543, 0.0042687333188951015, -0.004548636730760336, 0.0038306706119328737], [-0.00042896089144051075, 0.0009628499974496663, -0.001461413805373013, -0.00031877451692707837, 0.000442294665845111, 0.004218417685478926, -0.005512249190360308, 0.014390312135219574, -0.005626437719911337, 0.0033724803943187, -0.005247164983302355, 0.0034863180480897427, -0.0025516285095363855], [0.0011112330248579383, -0.0010123810498043895, 0.0005216147401370108, -0.0006409697234630585, 0.0027118627913296223, -0.001305851386860013, 0.0023985598236322403, -0.005626437719911337, 0.015840647742152214, -0.0043104286305606365, 0.0037151798605918884, -0.0013958775671198964, 0.0023281159810721874], [-0.00015034752141218632, 0.0003679697110783309, -0.00223015365190804, -0.00019702229474205524, 0.00020520116959232837, 0.0024682614021003246, -0.001743772765621543, 0.0033724803943187, -0.0043104286305606365, 0.010660672560334206, -0.005631637293845415, 0.0025831609964370728, -0.003596438327804208], [0.0005126422038301826, 0.0003519670863170177, 0.0030558928847312927, 0.0016340970760211349, 0.0018555995775386691, -0.004895922262221575, 0.0042687333188951015, -0.005247164983302355, 0.0037151798605918884, -0.005631637293845415, 0.018021445721387863, -0.011832212097942829, 0.004553573206067085], [-0.0004654375952668488, 0.0010332687525078654, 0.00025668981834314764, 9.840369784797076e-06, -0.0025546422693878412, 0.0032371575944125652, -0.004548636730760336, 0.0034863180480897427, -0.0013958775671198964, 0.0025831609964370728, -0.011832212097942829, 0.02170061133801937, -0.0061077638529241085], [4.851940684602596e-05, 0.000189200000022538, 0.000746860692743212, -0.0003669727884698659, 0.0003500219027046114, -0.0007093293243087828, 0.0038306706119328737, -0.0025516285095363855, 0.0023281159810721874, -0.003596438327804208, 0.004553573206067085, -0.0061077638529241085, 0.01298142783343792]], "metadata.audio_properties.analysis.downmix": "mix", "metadata.audio_properties.codec": "mp3", "metadata.audio_properties.md5_encoded": "25b89b3b1d6a94998d6630a5c4a19bf7", "metadata.tags.file_name": "1182274542551437342.mp3", "metadata.version.essentia": "2.1-beta6-dev", "metadata.version.essentia_git_sha": "v2.1_beta5-1110-g77a6a954", "metadata.version.extractor": "music 2.0", "tonal.chords_key": "F", "tonal.chords_scale": "minor", "tonal.key_edma.key": "G", "tonal.key_edma.scale": "major", "tonal.key_krumhansl.key": "G", "tonal.key_krumhansl.scale": "major", "tonal.key_temperley.key": "G", "tonal.key_temperley.scale": "major", "metadata.tags.encoding": ["Lavf58.45.100"]}, "essentia_models": [{"model_name": "genre_dortmund", "activations": {"alternative": "0.051970422", "blues": "0.04881733", "electronic": "0.023448871", "folkcountry": "0.2507438", "funksoulrnb": "0.021201583", "jazz": "0.583476", "pop": "0.03757634", "raphiphop": "0.12075023", "rock": "0.04481565"}}, {"model_name": "genre_rosamerica", "activations": {"classic": "0.30953908", "dance": "0.011485236", "hip hop": "0.005565422", "jazz": "0.37746653", "pop": "0.016587498", "rhythm and blues": "0.04810257", "rock": "0.010934377", "speech": "0.15854578"}}, {"model_name": "genre_tzanetakis", "activations": {"blues": "0.26117292", "classic": "0.36299965", "country": "0.0327871