{"song_id": "1182272004393545809", "download": "https://cdn.discordapp.com/attachments/1128313332273782784/1182272004393545809/chirp.mp4?ex=6584179b&amp", "lyrics": "\u0414\u043e\u0440\u043e\u0433\u0430\u044f, \u0443 \u043d\u0430\u0441 \u0437\u0430\u0432\u0435\u043b\u0441\u044f \u0411\u0430\u0431\u0430\u0431\u0443\u043a!\n\u041e\u043d \u043f\u043e\u0434\u043b\u0438\u043b \u043d\u0430\u043c \u0413\u0435\u043a\u0442\u043e\u0440 \u0432 \u0441\u0443\u043f.\n\u041e\u043d \u0437\u0430\u0431\u0440\u0430\u043b \u043d\u0430\u0448\u0443 \u0440\u0430\u0431\u043e\u0442\u0443.\n\u041e\u043d \u043d\u043e\u0447\u0430\u043c\u0438 \u0437\u0430\u0432\u044b\u0432\u0430\u0435\u0442 \"\u0428\u043e\u043e\u043e\u043e\u043e\u043e\u043e\u043e\"", "style": ["rock</span><span>, piano"], "essentia_features": {"lowlevel.average_loudness": 0.26923051476478577, "lowlevel.barkbands_crest.mean": 16.32155418395996, "lowlevel.barkbands_crest.stdev": 6.059328079223633, "lowlevel.barkbands_flatness_db.mean": 0.27197787165641785, "lowlevel.barkbands_flatness_db.stdev": 0.09306086599826813, "lowlevel.barkbands_kurtosis.mean": 33.339263916015625, "lowlevel.barkbands_kurtosis.stdev": 36.990360260009766, "lowlevel.barkbands_skewness.mean": 3.686397075653076, "lowlevel.barkbands_skewness.stdev": 3.22818922996521, "lowlevel.barkbands_spread.mean": 8.176249504089355, "lowlevel.barkbands_spread.stdev": 13.799304962158203, "lowlevel.dissonance.mean": 0.38412991166114807, "lowlevel.dissonance.stdev": 0.09003379940986633, "lowlevel.dynamic_complexity": 12.04318904876709, "lowlevel.erbbands_crest.mean": 16.202547073364258, "lowlevel.erbbands_crest.stdev": 8.74898624420166, "lowlevel.erbbands_flatness_db.mean": 0.27010026574134827, "lowlevel.erbbands_flatness_db.stdev": 0.13034701347351074, "lowlevel.erbbands_kurtosis.mean": 13.329032897949219, "lowlevel.erbbands_kurtosis.stdev": 16.7220516204834, "lowlevel.erbbands_skewness.mean": 2.1680572032928467, "lowlevel.erbbands_skewness.stdev": 2.1677353382110596, "lowlevel.erbbands_spread.mean": 23.37034797668457, "lowlevel.erbbands_spread.stdev": 26.42879867553711, "lowlevel.hfc.mean": 8.214988708496094, "lowlevel.hfc.stdev": 14.049330711364746, "lowlevel.loudness_ebu128.integrated": -24.718889236450195, "lowlevel.loudness_ebu128.loudness_range": 10.976926803588867, "lowlevel.loudness_ebu128.momentary.mean": -31.75874137878418, "lowlevel.loudness_ebu128.momentary.stdev": 10.236065864562988, "lowlevel.loudness_ebu128.short_term.mean": -29.560718536376953, "lowlevel.loudness_ebu128.short_term.stdev": 3.7357089519500732, "lowlevel.melbands_crest.mean": 21.947385787963867, "lowlevel.melbands_crest.stdev": 8.55333137512207, "lowlevel.melbands_flatness_db.mean": 0.32101601362228394, "lowlevel.melbands_flatness_db.stdev": 0.09523557126522064, "lowlevel.melbands_kurtosis.mean": 49.0756950378418, "lowlevel.melbands_kurtosis.stdev": 57.57728958129883, "lowlevel.melbands_skewness.mean": 4.1069722175598145, "lowlevel.melbands_skewness.stdev": 3.537832260131836, "lowlevel.melbands_spread.mean": 13.861955642700195, "lowlevel.melbands_spread.stdev": 33.215065002441406, "lowlevel.pitch_salience.mean": 0.41960054636001587, "lowlevel.pitch_salience.stdev": 0.21921592950820923, "lowlevel.silence_rate_20dB.mean": 1.0, "lowlevel.silence_rate_20dB.stdev": 0.0, "lowlevel.silence_rate_30dB.mean": 1.0, "lowlevel.silence_rate_30dB.stdev": 0.0, "lowlevel.silence_rate_60dB.mean": 0.5665024518966675, "lowlevel.silence_rate_60dB.stdev": 0.49555715918540955, "lowlevel.spectral_centroid.mean": 1085.7978515625, "lowlevel.spectral_centroid.stdev": 963.6817626953125, "lowlevel.spectral_complexity.mean": 3.3300492763519287, "lowlevel.spectral_complexity.stdev": 2.8404927253723145, "lowlevel.spectral_decrease.mean": -2.7613313857699495e-09, "lowlevel.spectral_decrease.stdev": 4.561077737719188e-09, "lowlevel.spectral_energy.mean": 0.011167026124894619, "lowlevel.spectral_energy.stdev": 0.018486084416508675, "lowlevel.spectral_energyband_high.mean": 1.9549244825611822e-05, "lowlevel.spectral_energyband_high.stdev": 5.1962339057354257e-05, "lowlevel.spectral_energyband_low.mean": 5.326090831658803e-05, "lowlevel.spectral_energyband_low.stdev": 8.401810191571712e-05, "lowlevel.spectral_energyband_middle_high.mean": 0.0005015400820411742, "lowlevel.spectral_energyband_middle_high.stdev": 0.0007587633444927633, "lowlevel.spectral_energyband_middle_low.mean": 0.010644257068634033, "lowlevel.spectral_energyband_middle_low.stdev": 0.018033809959888458, "lowlevel.spectral_entropy.mean": 6.688022136688232, "lowlevel.spectral_entropy.stdev": 1.1081076860427856, "lowlevel.spectral_flux.mean": 0.03327248618006706, "lowlevel.spectral_flux.stdev": 0.031768519431352615, "lowlevel.spectral_kurtosis.mean": 11.938851356506348, "lowlevel.spectral_kurtosis.stdev": 9.52183723449707, "lowlevel.spectral_rms.mean": 0.002245610812678933, "lowlevel.spectral_rms.stdev": 0.0024190673138946295, "lowlevel.spectral_rolloff.mean": 1177.112548828125, "lowlevel.spectral_rolloff.stdev": 2225.44482421875, "lowlevel.spectral_skewness.mean": 2.4117140769958496, "lowlevel.spectral_skewness.stdev": 1.0875808000564575, "lowlevel.spectral_spread.mean": 4154650.25, "lowlevel.spectral_spread.stdev": 2351859.0, "lowlevel.spectral_strongpeak.mean": 1.498020887374878, "lowlevel.spectral_strongpeak.stdev": 2.2325072288513184, "lowlevel.zerocrossingrate.mean": 0.05103621631860733, "lowlevel.zerocrossingrate.stdev": 0.07601626217365265, "metadata.audio_properties.analysis.equal_loudness": 0.0, "metadata.audio_properties.analysis.length": 9.385623931884766, "metadata.audio_properties.analysis.sample_rate": 44100.0, "metadata.audio_properties.analysis.start_time": 0.0, "metadata.audio_properties.bit_rate": 112692.0, "metadata.audio_properties.length": 9.386666297912598, "metadata.audio_properties.lossless": 0.0, "metadata.audio_properties.number_channels": 1.0, "metadata.audio_properties.replay_gain": -5.849510192871094, "metadata.audio_properties.sample_rate": 48000.0, "rhythm.beats_count": 16.0, "rhythm.beats_loudness.mean": 0.013143578544259071, "rhythm.beats_loudness.stdev": 0.019405024126172066, "rhythm.bpm": 105.23957061767578, "rhythm.bpm_histogram_first_peak_bpm": 105.0, "rhythm.bpm_histogram_first_peak_weight": 0.5, "rhythm.bpm_histogram_second_peak_bpm": 110.0, "rhythm.bpm_histogram_second_peak_spread": 0.0, "rhythm.bpm_histogram_second_peak_weight": 0.06666667014360428, "rhythm.danceability": 0.826694905757904, "rhythm.onset_rate": 4.1471357345581055, "tonal.chords_changes_rate": 0.22549019753932953, "tonal.chords_number_rate": 0.04411764815449715, "tonal.chords_strength.mean": 0.37217795848846436, "tonal.chords_strength.stdev": 0.08304405957460403, "tonal.hpcp_crest.mean": 18.494308471679688, "tonal.hpcp_crest.stdev": 10.240944862365723, "tonal.hpcp_entropy.mean": 1.5458751916885376, "tonal.hpcp_entropy.stdev": 1.0618542432785034, "tonal.key_edma.strength": 0.5942329168319702, "tonal.key_krumhansl.strength": 0.5891702175140381, "tonal.key_temperley.strength": 0.5928419828414917, "tonal.tuning_diatonic_strength": 0.5339593887329102, "tonal.tuning_equal_tempered_deviation": 0.2235349714756012, "tonal.tuning_frequency": 442.80462646484375, "tonal.tuning_nontempered_energy_ratio": 0.888216495513916, "lowlevel.barkbands.mean": [4.30958925790037e-06, 2.7664366371027427e-06, 1.351189894194249e-05, 6.670640141237527e-05, 2.8761642170138657e-05, 0.00021781229588668793, 0.0003337482048664242, 0.0005497679230757058, 0.009028003551065922, 0.0004525048134382814, 0.00012519548181444407, 9.824114385992289e-05, 5.6388376833638176e-05, 4.70021041110158e-05, 1.6178819350898266e-05, 1.351106220681686e-05, 4.6276694774860516e-05, 2.533100087021012e-05, 1.913993401103653e-05, 3.2721197840146488e-06, 5.357558165997034e-06, 4.2169731386820786e-06, 4.1727266761881765e-06, 2.905451992774033e-06, 1.6289785662593204e-06, 3.239246950670349e-07, 5.298591010394205e-10], "lowlevel.barkbands.stdev": [9.790141120902263e-06, 4.640786755771842e-06, 3.178168481099419e-05, 0.00011263243504799902, 9.360922558698803e-05, 0.000567212759051472, 0.0009823142318055034, 0.001776783145032823, 0.017463546246290207, 0.0015935401897877455, 0.00033272075233981013, 0.00023883793619461358, 0.00013883443898521364, 0.00015857364633120596, 7.604304846609011e-05, 2.9664852263522334e-05, 9.56769217737019e-05, 6.846144242445007e-05, 3.332470805617049e-05, 7.679745067434851e-06, 1.661191890889313e-05, 1.3075742572254967e-05, 1.3516680155589711e-05, 8.982593499240465e-06, 4.799911948794033e-06, 6.807229055993957e-07, 9.443477111403809e-10], "lowlevel.erbbands.mean": [0.00019095091556664556, 0.0004185421275906265, 0.010566477663815022, 0.13398867845535278, 0.1358909010887146, 0.08071722090244293, 0.7119256258010864, 2.075554370880127, 2.341095209121704, 10.679817199707031, 23.645288467407227, 154.84068298339844, 148.8166046142578, 7.359124183654785, 5.626031875610352, 3.4804680347442627, 2.827148675918579, 2.7251744270324707, 0.9265781044960022, 0.747523844242096, 0.9853538274765015, 2.309863567352295, 1.9725818634033203, 0.9768075942993164, 0.7912724018096924, 0.15619438886642456, 0.16107212007045746, 0.2172192484140396, 0.15956085920333862, 0.13537994027137756, 0.11030484735965729, 0.0763082280755043, 0.03924133628606796, 0.02218649722635746, 0.009114802815020084, 0.003070018021389842, 0.00028229158488102257, 1.0776472663565073e-05, 6.160437351354631e-06, 1.2995931683690287e-05], "lowlevel.erbbands.stdev": [0.00034525454975664616, 0.0006669731228612363, 0.021321337670087814, 0.22394469380378723, 0.2536236643791199, 0.25660985708236694, 1.6378694772720337, 6.08955192565918, 5.786007881164551, 30.038639068603516, 51.87089157104492, 290.3150329589844, 389.8721008300781, 14.067839622497559, 11.244355201721191, 8.269303321838379, 6.70247220993042, 8.588526725769043, 3.241041421890259, 4.434219837188721, 2.1519553661346436, 4.656543731689453, 4.314391136169434, 1.6945111751556396, 1.5134161710739136, 0.322306752204895, 0.48428240418434143, 0.6808810234069824, 0.47332853078842163, 0.4285935163497925, 0.349547415971756, 0.23293912410736084, 0.12716560065746307, 0.07215122878551483, 0.02497236058115959, 0.006500891875475645, 0.0006014262326061726, 2.3596447135787457e-05, 9.660761861596256e-06, 2.1453723093145527e-05], "lowlevel.gfcc.mean": [-258.6058654785156, 86.38069915771484, -127.45912170410156, -3.3896679878234863, -82.53826141357422, -3.949448347091675, -34.65340805053711, 21.02519416809082, -20.406747817993164, -5.494688034057617, -10.330058097839355, -3.3455734252929688, -11.98388957977295], "lowlevel.melbands.mean": [1.4562372143700486e-06, 5.299840267980471e-06, 2.35908773902338e-05, 5.9494777815416455e-06, 2.0477604266488925e-05, 4.4281347072683275e-05, 4.535222251433879e-05, 0.00011537336831679568, 0.00027633222634904087, 0.0011594630777835846, 0.0007244392763823271, 8.609596989117563e-06, 1.9974397218902595e-05, 1.280841479456285e-05, 6.2954213717603125e-06, 5.867303116247058e-06, 4.7150460886769e-06, 1.4005833008923219e-06, 1.3149104916010401e-06, 6.468877700172015e-07, 1.207832951877208e-06, 1.8647451724973507e-06, 3.12805218527501e-06, 1.2980550536667579e-06, 6.917314294696553e-07, 7.901388698883238e-07, 2.858577090592007e-07, 5.93753597399882e-08, 7.561981618664504e-08, 1.4990079932886147e-07, 1.174010080262633e-07, 9.198904393770135e-08, 7.702077198246116e-08, 7.825610737199895e-08, 6.328104973363224e-08, 6.017710774131046e-08, 4.203540626690483e-08, 2.842392099466906e-08, 2.1134932026711795e-08, 1.767419099962808e-08], "lowlevel.melbands.stdev": [2.6498096303839702e-06, 9.963964657799806e-06, 3.801183993346058e-05, 1.1268040907452814e-05, 4.80454255011864e-05, 0.00012704241089522839, 0.00011783975060097873, 0.00033483089646324515, 0.0006406902684830129, 0.002195478416979313, 0.001958614680916071, 2.2101166905486025e-05, 4.9493060942040756e-05, 2.9568271202151664e-05, 2.201415554736741e-05, 1.2729757145280018e-05, 1.5695459296694025e-05, 6.436614057747647e-06, 5.916444933973253e-06, 3.237581722714822e-06, 2.595661271698191e-06, 4.0358008845942095e-06, 6.536630280606914e-06, 3.490744575174176e-06, 1.2458848459573346e-06, 1.5082281379363849e-06, 6.347479484247742e-07, 1.632161428233303e-07, 2.0900375830024132e-07, 5.391349873207218e-07, 3.6911433198838495e-07, 2.873050561902346e-07, 2.545956192534504e-07, 2.590636540844571e-07, 1.9594538969158748e-07, 2.226723267995112e-07, 1.1590245208026317e-07, 9.42709377227402e-08, 7.442699967441513e-08, 5.5678615495935446e-08], "lowlevel.melbands128.mean": [2.7734040486393496e-06, 2.1191528958297567e-06, 8.229995387409872e-07, 3.3025116863427684e-07, 1.294931735174032e-06, 8.823650205158629e-06, 2.8302154532866552e-05, 3.285841012257151e-05, 1.1450338206486776e-05, 1.9154442725266563e-06, 2.88539763459994e-06, 7.913167792139575e-06, 1.9986904590041377e-05, 4.27403392677661e-05, 5.217232319409959e-05, 4.713127054856159e-05, 1.9950834030169062e-05, 2.7824906283058226e-05, 9.213566227117553e-05, 0.00014554815425071865, 0.00011016958887921646, 8.11681238701567e-05, 0.0001369673409499228, 0.0006042945315130055, 0.0009762253030203283, 0.001153591088950634, 0.0022846481297165155, 0.00026462296955287457, 8.786709258856717e-06, 5.554335075430572e-06, 5.2190116548445076e-06, 1.9503282601363026e-05, 3.13078380713705e-05, 7.23580797057366e-06, 1.9572089513530955e-05, 1.2526820682978723e-05, 5.628342023555888e-06, 4.744639682030538e-06, 9.101560863200575e-06, 5.512146344699431e-06, 2.991920609929366e-06, 9.675010915088933e-06, 5.868680545972893e-06, 1.4246987802835065e-06, 2.3253394374478376e-06, 1.0417987823529984e-06, 8.542588716409227e-07, 1.7246276229343493e-06, 1.4524727021125727e-06, 6.82237896398874e-07, 2.980304714128579e-07, 6.120746434135071e-07, 1.8071292515742243e-06, 1.1864299267472234e-06, 6.990368888182275e-07, 7.67024005199346e-07, 3.402711399758118e-06, 6.073821623431286e-06, 1.5304461840059957e-06, 1.0015559155363007e-06, 1.7435546624255949e-06, 1.1529687071742956e-06, 2.553343563249655e-07, 6.255718290049117e-07, 1.286265842281864e-06, 7.369372383436712e-07, 5.990642648612265e-07, 4.839150733459974e-07, 1.7501459126378904e-07, 7.392967660280192e-08, 5.824389859299117e-08, 4.995084168513131e-08, 5.428645266647436e-08, 8.7273299698154e-08, 8.285627473014756e-08, 1.6785412526587606e-07, 1.825215747430775e-07, 1.0305004849442412e-07, 1.294383196182025e-07, 1.0379196879739538e-07, 9.437961523417471e-08, 8.070292523143507e-08, 8.961733044543507e-08, 8.155583230973207e-08, 6.243183037213385e-08, 7.061805717967218e-08, 9.044649829093032e-08, 8.032834841742442e-08, 5.5058237080629624e-08, 5.4617956379843235e-08, 6.758617843161119e-08, 6.647429273698435e-08, 4.293171684821573e-08, 4.5425000649856884e-08, 3.602484710540921e-08, 2.9384256805542464e-08, 3.056817732272066e-08, 2.2503435559428908e-08, 1.855199549538611e-08, 2.2647972386380388e-08, 2.1159333840614636e-08, 1.7393569251566987e-08, 1.2472942678698473e-08, 9.281952095818724e-09, 1.1863400040112992e-08, 7.652167788307906e-09, 1.0109457271312294e-08, 6.030207888585437e-09, 5.029259675382036e-09, 4.211780701979251e-09, 2.1915396164473577e-09, 7.471579466233891e-10, 2.37977193506822e-10, 2.2262047760790438e-10, 5.912444145383944e-11, 2.5266188447004012e-11, 5.492573409981993e-12, 2.3092935983598517e-12, 2.1820906626751624e-12, 2.1400440013835675e-12, 2.080061383552545e-12, 2.0470090466434554e-12, 2.0365915984893457e-12, 1.9858734882222118e-12, 1.8374318993402694e-12, 1.60748617108325e-12, 1.483920083165946e-12, 1.4600485534130292e-12], "lowlevel.melbands128.stdev": [5.944318672845839e-06, 4.071467628818937e-06, 1.400123437633738e-06, 7.891067639320681e-07, 4.084306056029163e-06, 2.069583752017934e-05, 5.080368646304123e-05, 5.782415973953903e-05, 2.5776413167477585e-05, 5.624876393994782e-06, 1.2631881872948725e-05, 4.106959022465162e-05, 6.467063940363005e-05, 0.00010010481491917744, 0.00015437333786394447, 0.00022275085211731493, 9.239275095751509e-05, 9.951006359187886e-05, 0.00031017011497169733, 0.0004622874257620424, 0.00046032440150156617, 0.00038848890108056366, 0.0005769552662968636, 0.0016537217888981104, 0.0028111564461141825, 0.0031280743423849344, 0.006343521177768707, 0.0008410253212787211, 4.737424023915082e-05, 2.0283365302020684e-05, 2.088660949084442e-05, 5.982287984807044e-05, 9.389500337420031e-05, 2.05839351110626e-05, 5.6275686802109703e-05, 3.2398977054981515e-05, 3.270308661740273e-05, 2.7658752514980733e-05, 3.1062103516887873e-05, 1.60415092977928e-05, 1.2732439245155547e-05, 3.292311885161325e-05, 2.5014207494677976e-05, 7.241575531224953e-06, 1.370741938444553e-05, 5.433657406683778e-06, 3.040650653929333e-06, 4.6427308006968815e-06, 1.3782422684016638e-05, 5.740405413234839e-06, 1.1597976481425576e-06, 1.908552576423972e-06, 5.2992627388448454e-06, 3.2241657663689693e-06, 3.465665940893814e-06, 3.7519153011089657e-06, 9.657748705649283e-06, 1.4364635717356578e-05, 7.17823013474117e-06, 5.505650278792018e-06, 6.058149210730335e-06, 3.3544308735145023e-06, 1.057351369126991e-06, 1.4336606000142638e-06, 2.500710934327799e-06, 2.130443363057566e-06, 1.5488026292587165e-06, 1.1427915751482942e-06, 4.994457185603096e-07, 2.3252469816270604e-07, 1.681420656041155e-07, 2.0450217164125206e-07, 1.671274532100142e-07, 2.376699796968751e-07, 3.0664679684377916e-07, 8.442271450803673e-07, 5.913136078561365e-07, 3.924913301034394e-07, 3.962025800774427e-07, 3.8556123627131456e-07, 3.4178006558249763e-07, 2.538591559186898e-07, 2.772926563920919e-07, 3.68175648191027e-07, 2.167082016057975e-07, 2.5577125484232965e-07, 3.050060684017808e-07, 2.9034069370936777e-07, 1.6699350169346872e-07, 2.002484933427695e-07, 2.633916267313907e-07, 2.7569421945372596e-07, 1.5514308415731648e-07, 1.1591946957878463e-07, 1.1160116031305733e-07, 1.0380494330775036e-07, 1.1219302820109078e-07, 7.703177118401072e-08, 7.25838731341355e-08, 8.298095366399139e-08, 8.454173183736202e-08, 5.380704948265702e-08, 3.5458498359730584e-08, 2.6134557629120536e-08, 4.868634562171792e-08, 1.913380920370855e-08, 2.394219933421482e-08, 1.510782432490032e-08, 1.1786892351040024e-08, 1.0711424636156153e-08, 5.253021129192348e-09, 1.9927806071962095e-09, 1.1736845939580576e-09, 1.4203571652160463e-09, 2.8141305952189555e-10, 5.156178956022828e-11, 1.055193779575525e-11, 4.4719041837615325e-12, 4.273815676358872e-12, 4.1623336721752224e-12, 4.058923336325293e-12, 3.961010339170734e-12, 3.884378062257721e-12, 3.814408424535065e-12, 3.773002743567844e-12, 3.7259704870062915e-12, 3.692041897901399e-12, 3.6723415107464685e-12], "lowlevel.mfcc.mean": [-904.6474609375, 126.48088836669922, -3.80330228805542, 1.65812087059021, -17.399860382080078, -23.5391788482666, -7.803612232208252, 8.136887550354004, -5.840546131134033, -2.7983598709106445, 7.105642318725586, -1.7162550687789917, -3.877023458480835], "lowlevel.spectral_contrast_coeffs.mean": [-0.7205262780189514, -0.727803647518158, -0.7479346394538879, -0.8294108510017395, -0.7873303890228271, -0.8032984137535095], "lowlevel.spectral_contrast_coeffs.stdev": [0.129792258143425, 0.1585661917924881, 0.1650652289390564, 0.08118604123592377, 0.0861310213804245, 0.053349364548921585], "lowlevel.spectral_contrast_valleys.mean": [-10.055442810058594, -8.806718826293945, -9.672182083129883, -10.273876190185547, -10.350808143615723, -12.852079391479492], "lowlevel.spectral_contrast_valleys.stdev": [0.8195735216140747, 1.3757423162460327, 1.2487828731536865, 1.223888635635376, 1.1017264127731323, 1.035420298576355], "rhythm.beats_loudness_band_ratio.mean": [0.21174098551273346, 0.10454702377319336, 0.6071021556854248, 0.06049462780356407, 0.01060483232140541, 0.010133981704711914], "rhythm.beats_loudness_band_ratio.stdev": [0.3149089217185974, 0.16751740872859955, 0.3618621528148651, 0.08354904502630234, 0.008660675957798958, 0.02013256400823593], "tonal.hpcp.mean": [0.052851468324661255, 0.05512193217873573, 0.06321243196725845, 0.08057417720556259, 0.11854781210422516, 0.17113423347473145, 0.16851107776165009, 0.11385374516248703, 0.09601186960935593, 0.10142398625612259, 0.0772552415728569, 0.05231175199151039, 0.06049354746937752, 0.06491877883672714, 0.061655472964048386, 0.11066434532403946, 0.13844694197177887, 0.10546402633190155, 0.08032862097024918, 0.08769502490758896, 0.152627632021904, 0.17208848893642426, 0.13805978000164032, 0.13360647857189178, 0.10383813828229904, 0.06961020082235336, 0.11394234001636505, 0.16222849488258362, 0.10447655618190765, 0.040629588067531586, 0.031087635084986687, 0.02787730097770691, 0.029941394925117493, 0.03245162218809128, 0.03153492510318756, 0.041168756783008575], "tonal.hpcp.stdev": [0.17272156476974487, 0.16425426304340363, 0.18777525424957275, 0.21316373348236084, 0.2526130974292755, 0.30917301774024963, 0.29622355103492737, 0.23491352796554565, 0.22419701516628265, 0.2483305037021637, 0.2071819007396698, 0.15343111753463745, 0.1866178810596466, 0.19175641238689423, 0.16734889149665833, 0.26106956601142883, 0.2882010340690613, 0.24316191673278809, 0.2000623643398285, 0.1939784735441208, 0.28055599331855774, 0.32111960649490356, 0.25206199288368225, 0.28434866666793823, 0.22507968544960022, 0.18058553338050842, 0.2454817295074463, 0.32974445819854736, 0.22956232726573944, 0.1313246637582779, 0.09716370701789856, 0.09520842134952545, 0.10075639188289642, 0.10298618674278259, 0.09920921921730042, 0.13335195183753967], "rhythm.beats_position": [0.54566890001297, 1.1029478311538696, 1.6602267026901245, 2.2058956623077393, 2.774784564971924, 3.3436734676361084, 3.912562370300293, 4.504671096801758, 5.096779823303223, 5.665668964385986, 6.257777690887451, 6.826666355133057, 7.40716552734375, 7.964444160461426, 8.533332824707031, 9.102222442626953], "rhythm.bpm_histogram": [0.0, 0.0, 0.0, 0.0, 0.0, 0.0, 0.0, 0.0, 0.0, 0.0, 0.0, 0.0, 0.0, 0.0, 0.0, 0.0, 0.0, 0.0, 0.0, 0.0, 0.0, 0.0, 0.0, 0.0, 0.0, 0.0, 0.0, 0.0, 0.0, 0.0, 0.0, 0.0, 0.0, 0.0, 0.0, 0.0, 0.0, 0.0, 0.0, 0.0, 0.0, 0.0, 0.0, 0.0, 0.0, 0.0, 0.0, 0.0, 0.0, 0.0, 0.0, 0.0, 0.0, 0.0, 0.0, 0.0, 0.0, 0.0, 0.0, 0.0, 0.0, 0.0, 0.0, 0.0, 0.0, 0.0, 0.0, 0.0, 0.0, 0.0, 0.0, 0.0, 0.0, 0.0, 0.0, 0.0, 0.0, 0.0, 0.0, 0.0, 0.0, 0.0, 0.0, 0.0, 0.0, 0.0, 0.0, 0.0, 0.0, 0.0, 0.0, 0.0, 0.0, 0.0, 0.0, 0.0, 0.0, 0.0, 0.0, 0.0, 0.0, 0.20000000298023224, 0.0, 0.06666667014360428, 0.0, 0.46666666865348816, 0.0, 0.0, 0.20000000298023224, 0.0, 0.06666667014360428, 0.0, 0.0, 0.0, 0.0, 0.0, 0.0, 0.0, 0.0, 0.0, 0.0, 0.0, 0.0, 0.0, 0.0, 0.0, 0.0, 0.0, 0.0, 0.0, 0.0, 0.0, 0.0, 0.0, 0.0, 0.0, 0.0, 0.0, 0.0, 0.0, 0.0, 0.0, 0.0, 0.0, 0.0, 0.0, 0.0, 0.0, 0.0, 0.0, 0.0, 0.0, 0.0, 0.0, 0.0, 0.0, 0.0, 0.0, 0.0, 0.0, 0.0, 0.0, 0.0, 0.0, 0.0, 0.0, 0.0, 0.0, 0.0, 0.0, 0.0, 0.0, 0.0, 0.0, 0.0, 0.0, 0.0, 0.0, 0.0, 0.0, 0.0, 0.0, 0.0, 0.0, 0.0, 0.0, 0.0, 0.0, 0.0, 0.0, 0.0, 0.0, 0.0, 0.0, 0.0, 0.0, 0.0, 0.0, 0.0, 0.0, 0.0, 0.0, 0.0, 0.0, 0.0, 0.0, 0.0, 0.0, 0.0, 0.0, 0.0, 0.0, 0.0, 0.0, 0.0, 0.0, 0.0, 0.0, 0.0, 0.0, 0.0, 0.0, 0.0, 0.0, 0.0, 0.0, 0.0, 0.0, 0.0, 0.0, 0.0, 0.0, 0.0, 0.0, 0.0, 0.0, 0.0, 0.0, 0.0, 0.0, 0.0, 0.0, 0.0, 0.0, 0.0, 0.0, 0.0, 0.0, 0.0, 0.0], "tonal.chords_histogram": [3.43137264251709, 0.0, 0.4901960790157318, 0.0, 0.0, 0.0, 0.0, 0.0, 0.0, 7.843137264251709, 0.0, 0.0, 11.27450942993164, 1.470588207244873, 21.078432083129883, 0.4901960790157318, 30.39215660095215, 0.0, 0.0, 1.9607843160629272, 0.0, 14.70588207244873, 0.4901960790157318, 6.372549057006836], "tonal.thpcp": [1.0, 0.8022603988647461, 0.7763824462890625, 0.6033996939659119, 0.40450236201286316, 0.6621147990226746, 0.942703902721405, 0.6071094870567322, 0.2360970675945282, 0.18064913153648376, 0.16199399530887604, 0.17398837208747864, 0.18857520818710327, 0.18324831128120422, 0.23923015594482422, 0.3071179687976837, 0.3203115463256836, 0.36732515692710876, 0.46821364760398865, 0.6888770461082458, 0.9944548606872559, 0.9792118072509766, 0.6615999937057495, 0.5579215288162231, 0.5893711447715759, 0.4489274322986603, 0.3039816915988922, 0.35152581334114075, 0.37724068760871887, 0.35827773809432983, 0.6430665254592896, 0.8045101761817932, 0.612847626209259, 0.4667867124080658, 0.5095926523208618, 0.8869136571884155], "lowlevel.gfcc.cov": [[15432.8115234375, 751.37255859375, -5752.4716796875, -3235.84033203125, -1986.9415283203125, -1823.4359130859375, 368.87908935546875, 485.02044677734375, 465.2889404296875, -1576.0635986328125, 95.37765502929688, -854.7542724609375, 60.2902717590332], [751.37255859375, 3429.97705078125, 447.83355712890625, -501.140380859375, 56.95518112182617, -1151.1357421875, -300.75238037109375, -211.01608276367188, -203.4761505126953, -465.82867431640625, 159.06015014648438, -476.6649169921875, -367.2457580566406], [-5752.4716796875, 447.83355712890625, 3354.449951171875, 1912.615234375, 600.2334594726562, 556.1639404296875, -390.740478515625, -370.7984619140625, -358.4170837402344, 558.508544921875, -51.68095397949219, 246.19448852539062, -184.09983825683594], [-3235.84033203125, -501.140380859375, 1912.615234375, 1932.010498046875, 479.6997985839844, 556.4700927734375, -392.5787658691406, -422.8974914550781, -237.966552734375, 535.8896484375, -54.82505416870117, 67.7342300415039, -123.19927978515625], [-1986.9415283203125, 56.95518112182617, 600.2334594726562, 479.6997985839844, 626.012451171875, 318.1561279296875, -120.03984069824219, -148.03924560546875, -33.72584915161133, 296.1005554199219, 6.357245922088623, 51.4958381652832, -19.291784286499023], [-1823.4359130859375, -1151.1357421875, 556.1639404296875, 556.4700927734375, 318.1561279296875, 876.0065307617188, 96.0910873413086, -18.280620574951172, 25.23822593688965, 386.24749755859375, -79.13539123535156, 252.93017578125, 129.6568145751953], [368.87908935546875, -300.75238037109375, -390.740478515625, -392.5787658691406, -120.03984069824219, 96.0910873413086, 376.8910827636719, 255.5856170654297, 77.69850158691406, -99.7561264038086, -4.800938129425049, 109.51189422607422, 96.88134765625], [485.02044677734375, -211.01608276367188, -370.7984619140625, -422.8974914550781, -148.03924560546875, -18.280620574951172, 255.5856170654297, 316.79156494140625, 116.4455795288086, -99.80549621582031, -3.2187609672546387, 86.22356414794922, 76.71630859375], [465.2889404296875, -203.4761505126953, -358.4170837402344, -237.966552734375, -33.72584915161133, 25.23822593688965, 77.69850158691406, 116.4455795288086, 165.8660430908203, -0.4464663565158844, -14.597474098205566, 7.4687113761901855, 71.64534759521484], [-1576.0635986328125, -465.82867431640625, 558.508544921875, 535.8896484375, 296.1005554199219, 386.24749755859375, -99.7561264038086, -99.80549621582031, -0.4464663565158844, 388.1678771972656, 13.990386009216309, 98.93551635742188, 5.155423164367676], [95.37765502929688, 159.06015014648438, -51.68095397949219, -54.82505416870117, 6.357245922088623, -79.13539123535156, -4.800938129425049, -3.2187609672546387, -14.597474098205566, 13.990386009216309, 114.5245590209961, -6.031417369842529, -41.555362701416016], [-854.7542724609375, -476.6649169921875, 246.19448852539062, 67.7342300415039, 51.4958381652832, 252.93017578125, 109.51189422607422, 86.22356414794922, 7.4687113761901855, 98.93551635742188, -6.031417369842529, 283.0745544433594, 103.33722686767578], [60.2902717590332, -367.2457580566406, -184.09983825683594, -123.19927978515625, -19.291784286499023, 129.6568145751953, 96.88134765625, 76.71630859375, 71.64534759521484, 5.155423164367676, -41.555362701416016, 103.33722686767578, 158.37132263183594]], "lowlevel.gfcc.icov": [[0.00045516781392507255, -0.0003828534099739045, 0.0009405910386703908, -0.0005051878397352993, 0.0009883898310363293, -0.0004910206189379096, 0.00046986102825030684, -0.00020098412642255425, -0.00028396680136211216, 0.0005512017523869872, -0.00012162474740762264, -4.6165616367943585e-05, 8.038106170715764e-05], [-0.0003828534099739045, 0.00207357294857502, -0.0021024274174124002, 0.0017189268255606294, -0.0021342274267226458, 0.0019449798855930567, -0.0007531594019383192, 0.0012617992470040917, -5.5662530940026045e-05, 0.0009830296039581299, -0.0011214532423764467, 0.001812553615309298, 0.0003607607795856893], [0.0009405910386703908, -0.0021024274174124002, 0.003891345812007785, -0.0027205797377973795, 0.002726531121879816, -0.0019904645159840584, 0.001564697828143835, -0.0017825895920395851, 0.000588694354519248, -0.00014566408935934305, 0.001294552581384778, -0.0024010008201003075, 0.0006865469622425735], [-0.0005051878397352993, 0.0017189268255606294, -0.0027205797377973795, 0.0035201660357415676, -0.0017872813623398542, 0.0011874972842633724, -0.0004687078471761197, 0.0018462692387402058, 0.000849436386488378, -0.0008948277099989355, -0.00013141785166226327, 0.0019577445928007364, 0.00028956812457181513], [0.0009883898310363293, -0.0021342274267226458, 0.002726531121879816, -0.0017872813623398542, 0.005860564298927784, -0.0025992942973971367, 0.0011867344146594405, -0.0003941803297493607, -0.0006349188042804599, -0.0014241152675822377, 0.0004381105536594987, -0.0010805244091898203, -8.571253420086578e-05], [-0.0004910206189379096, 0.0019449798855930567, -0.0019904645159840584, 0.0011874972842633724, -0.0025992942973971367, 0.005900982767343521, -0.0033375876955688, 0.002387536456808448, -9.994852007366717e-06, -0.002663015155121684, 0.0016653714701533318, 0.00016558138304390013, -0.0005353062297217548], [0.00046986102825030684, -0.0007531594019383192, 0.001564697828143835, -0.0004687078471761197, 0.0011867344146594405, -0.0033375876955688, 0.00899193063378334, -0.006333102006465197, 0.0017539971740916371, 0.0027111477684229612, -0.0015141053590923548, -0.0005655581480823457, -0.0009369642939418554], [-0.00020098412642255425, 0.0012617992470040917, -0.0017825895920395851, 0.0018462692387402058, -0.0003941803297493607, 0.002387536456808448, -0.006333102006465197, 0.011773300357162952, -0.005573848262429237, 0.00031281221890822053, 9.427790064364672e-05, -0.0012109060771763325, 0.0018611950799822807], [-0.00028396680136211216, -5.5662530940026045e-05, 0.000588694354519248, 0.000849436386488378, -0.0006349188042804599, -9.994852007366717e-06, 0.0017539971740916371, -0.005573848262429237, 0.014142271131277084, -0.0042872740887105465, 0.001792005728930235, 0.0022335562389343977, -0.004363400395959616], [0.0005512017523869872, 0.0009830296039581299, -0.00014566408935934305, -0.0008948277099989355, -0.0014241152675822377, -0.002663015155121684, 0.0027111477684229612, 0.00031281221890822053, -0.0042872740887105465, 0.01199374906718731, -0.00552337896078825, 0.0005389591678977013, 0.0011490666074678302], [-0.00012162474740762264, -0.0011214532423764467, 0.001294552581384778, -0.00013141785166226327, 0.0004381105536594987, 0.0016653714701533318, -0.0015141053590923548, 9.427790064364672e-05, 0.001792005728930235, -0.00552337896078825, 0.014075029641389847, -0.003568441839888692, 0.0038096141070127487], [-4.6165616367943585e-05, 0.001812553615309298, -0.0024010008201003075, 0.0019577445928007364, -0.0010805244091898203, 0.00016558138304390013, -0.0005655581480823457, -0.0012109060771763325, 0.0022335562389343977, 0.0005389591678977013, -0.003568441839888692, 0.010205212980508804, -0.005005260463804007], [8.038106170715764e-05, 0.0003607607795856893, 0.0006865469622425735, 0.00028956812457181513, -8.571253420086578e-05, -0.0005353062297217548, -0.0009369642939418554, 0.0018611950799822807, -0.004363400395959616, 0.0011490666074678302, 0.0038096141070127487, -0.005005260463804007, 0.014445073902606964]], "lowlevel.mfcc.cov": [[15539.837890625, 467.57354736328125, -4655.31201171875, -1981.7705078125, -2226.352294921875, -2358.869384765625, -1067.9014892578125, 436.8298645019531, -446.8656311035156, -384.2199401855469, 178.75502014160156, -460.0422058105469, -1029.450439453125], [467.57354736328125, 4003.64794921875, 53.21826934814453, 153.60975646972656, -139.86383056640625, -1073.87841796875, -220.472900390625, -122.2101058959961, -451.3307189941406, -167.94625854492188, 37.52873992919922, -237.6424560546875, 191.28561401367188], [-4655.31201171875, 53.21826934814453, 2594.133544921875, 1138.4091796875, 667.4827270507812, 689.8054809570312, 246.0166473388672, -284.9622802734375, -14.065258026123047, 16.951520919799805, -176.50453186035156, 129.4702911376953, 415.2143249511719], [-1981.7705078125, 153.60975646972656, 1138.4091796875, 944.5418090820312, 455.78472900390625, 311.5234680175781, 53.401607513427734, -287.1586608886719, -134.14698791503906, 62.186744689941406, -106.84361267089844, -12.136938095092773, 250.4072723388672], [-2226.352294921875, -139.86383056640625, 667.4827270507812, 455.78472900390625, 707.962890625, 595.6865844726562, 95.4491195678711, -278.6371765136719, -2.9210045337677, 148.3883056640625, -67.46546936035156, 56.9821662902832, 199.1834716796875], [-2358.869384765625, -1073.87841796875, 689.8054809570312, 311.5234680175781, 595.6865844726562, 970.7075805664062, 242.16586303710938, -188.6212615966797, 151.42312622070312, 125.03719329833984, -62.408897399902344, 159.93646240234375, 120.59180450439453], [-1067.9014892578125, -220.472900390625, 246.0166473388672, 53.401607513427734, 95.4491195678711, 242.16586303710938, 253.63954162597656, 67.4580078125, 68.5423583984375, 29.966909408569336, 12.447909355163574, 78.98497772216797, 63.9964599609375], [436.8298645019531, -122.2101058959961, -284.9622802734375, -287.1586608886719, -278.6371765136719, -188.6212615966797, 67.4580078125, 351.4150390625, 151.0210723876953, -86.16223907470703, 41.87993240356445, 12.926076889038086, -103.00748443603516], [-446.8656311035156, -451.3307189941406, -14.065258026123047, -134.14698791503906, -2.9210045337677, 151.42312622070312, 68.5423583984375, 151.0210723876953, 261.41607666015625, 52.53776931762695, 4.590110778808594, 47.40848159790039, -59.67763137817383], [-384.2199401855469, -167.94625854492188, 16.951520919799805, 62.186744689941406, 148.3883056640625, 125.03719329833984, 29.966909408569336, -86.16223907470703, 52.53776931762695, 211.02293395996094, 35.11337661743164, 13.984111785888672, 34.762088775634766], [178.75502014160156, 37.52873992919922, -176.50453186035156, -106.84361267089844, -67.46546936035156, -62.408897399902344, 12.447909355163574, 41.87993240356445, 4.590110778808594, 35.11337661743164, 128.63198852539062, 27.747278213500977, -3.4994988441467285], [-460.0422058105469, -237.6424560546875, 129.4702911376953, -12.136938095092773, 56.9821662902832, 159.93646240234375, 78.98497772216797, 12.926076889038086, 47.40848159790039, 13.984111785888672, 27.747278213500977, 133.26922607421875, 52.38372039794922], [-1029.450439453125, 191.28561401367188, 415.2143249511719, 250.4072723388672, 199.1834716796875, 120.59180450439453, 63.9964599609375, -103.00748443603516, -59.67763137817383, 34.762088775634766, -3.4994988441467285, 52.38372039794922, 216.85617065429688]], "lowlevel.mfcc.icov": [[0.0003303547855466604, 3.631653817137703e-05, 0.0003863569290842861, -9.086397767532617e-05, 0.0006664618849754333, -4.713322050520219e-05, 0.0006817230605520308, -2.5145454856101424e-05, 0.0006259256624616683, -0.00017876386118587106, 0.00033892595092765987, -0.0002257160667795688, 0.0003632114385254681], [3.631653817137703e-05, 0.0006499395822174847, -0.00010159936209674925, 0.00023249743389897048, -0.0008281131158582866, 0.0014478334924206138, -0.0006006941548548639, 0.0006651139119639993, -4.757745045935735e-05, 0.000691011780872941, -0.00036458115209825337, 0.0004351461830083281, -0.00026099648675881326], [0.0003863569290842861, -0.00010159936209674925, 0.001655070809647441, -0.0013672687346115708, 0.0010411738185212016, -0.00040803293813951313, 0.0004562845570035279, 0.0002185523189837113, -0.00012726288696285337, 0.00041014605085365474, 0.0009407576289959252, -0.0009052288951352239, -0.0002936202217824757], [-9.086397767532617e-05, 0.00023249743389897048, -0.0013672687346115708, 0.0035479171201586723, -0.001116272178478539, 0.00042334114550612867, -0.0002153174573322758, 0.0003442245943006128, 0.001068362733349204, -0.00045812278403900564, 0.0003062877513002604, 0.0018843318102881312, -0.0011812120210379362], [0.0006664618849754333, -0.0008281131158582866, 0.0010411738185212016, -0.001116272178478539, 0.008079609833657742, -0.005228857509791851, 0.0034487133380025625, -0.0004979807417839766, 0.0017951788613572717, -0.003002367215231061, 0.001955005805939436, 0.00046697797370143235, -0.001683975337073207], [-4.713322050520219e-05, 0.0014478334924206138, -0.00040803293813951313, 0.00042334114550612867, -0.005228857509791851, 0.008327141404151917, -0.0051400079391896725, 0.004969924688339233, -0.0037149901036173105, 0.0033619399182498455, -0.0007164155831560493, -0.0019004862988367677, 0.0017274986021220684], [0.0006817230605520308, -0.0006006941548548639, 0.0004562845570035279, -0.0002153174573322758, 0.0034487133380025625, -0.0051400079391896725, 0.011110423132777214, -0.006320817396044731, 0.004499990958720446, -0.003753058146685362, 0.001105444855056703, -0.001403328264132142, -0.0012526491191238165], [-2.5145454856101424e-05, 0.0006651139119639993, 0.0002185523189837113, 0.0003442245943006128, -0.0004979807417839766, 0.004969924688339233, -0.006320817396044731, 0.012569031678140163, -0.00827211793512106, 0.006119913887232542, -0.002307572867721319, 0.00021509411453735083, 0.0006606788374483585], [0.0006259256624616683, -4.757745045935735e-05, -0.00012726288696285337, 0.001068362733349204, 0.0017951788613572717, -0.0037149901036173105, 0.004499990958720446, -0.00827211793512106, 0.013060159981250763, -0.006271070800721645, 0.002837713109329343, -0.0012976834550499916, 0.0021416624076664448], [-0.00017876386118587106, 0.000691011780872941, 0.00041014605085365474, -0.00045812278403900564, -0.003002367215231061, 0.0033619399182498455, -0.003753058146685362, 0.006119913887232542, -0.006271070800721645, 0.010504067875444889, -0.004287628922611475, 0.0013151459861546755, -0.0006082107429392636], [0.00033892595092765987, -0.00036458115209825337, 0.0009407576289959252, 0.0003062877513002604, 0.001955005805939436, -0.0007164155831560493, 0.001105444855056703, -0.002307572867721319, 0.002837713109329343, -0.004287628922611475, 0.012122591026127338, -0.003662470495328307, -0.0004954765900038183], [-0.0002257160667795688, 0.0004351461830083281, -0.0009052288951352239, 0.0018843318102881312, 0.00046697797370143235, -0.0019004862988367677, -0.001403328264132142, 0.00021509411453735083, -0.0012976834550499916, 0.0013151459861546755, -0.003662470495328307, 0.014443705789744854, -0.004869797732681036], [0.0003632114385254681, -0.00026099648675881326, -0.0002936202217824757, -0.0011812120210379362, -0.001683975337073207, 0.0017274986021220684, -0.0012526491191238165, 0.0006606788374483585, 0.0021416624076664448, -0.0006082107429392636, -0.0004954765900038183, -0.004869797732681036, 0.011616761796176434]], "metadata.audio_properties.analysis.downmix": "mix", "metadata.audio_properties.codec": "mp3", "metadata.audio_properties.md5_encoded": "901fd118807dc20c4b565096922ec508", "metadata.tags.file_name": "1182272004393545809.mp3", "metadata.version.essentia": "2.1-beta6-dev", "metadata.version.essentia_git_sha": "v2.1_beta5-1110-g77a6a954", "metadata.version.extractor": "music 2.0", "tonal.chords_key": "B", "tonal.chords_scale": "minor", "tonal.key_edma.key": "Eb", "tonal.key_edma.scale": "minor", "tonal.key_krumhansl.key": "Eb", "tonal.key_krumhansl.scale": "minor", "tonal.key_temperley.key": "Eb", "tonal.key_temperley.scale": "minor", "metadata.tags.encoding": ["Lavf58.45.100"]}, "essentia_models": [{"model_name": "genre_dortmund", "activations": {"alternative": "0.013940252", "blues": "0.041354254", "electronic": "0.0082422225", "folkcountry": "0.0118836155", "funksoulrnb": "0.039581235", "jazz": "0.09461244", "pop": "0.002248424", "raphiphop": "0.7453826", "rock": "0.019297674"}}, {"model_name": "genre_rosamerica", "activations": {"classic": "0.0818737", "dance": "0.00015281612", "hip hop": "0.0087345075", "jazz": "0.005879633", "pop": "0.002009501", "rhythm and blues": "0.020688804", "rock": "0.0016345446", "speech": "0.7118717"}}, {"m