{"song_id": "1182266955051319399", "download": "https://cdn.discordapp.com/attachments/1135903449314238464/1182266955051319399/chirp.mp4?ex=658412e7&amp", "lyrics": "Do you think about me when you're all alone?\nThe things we used to do, we used to be\nI could be the one to make you feel that way\nI could be the one to set you free\nDo you think about me when the crowd is gone?\nIt used to be so easy, you and me\nI could be the one to make you feel that way\nI could be the one to set you free\nI could be the one to make you feel that way\nI could be the one to set you free\nI could be the one to make you feel that way\nI could be the one to set you free\nWhen you need a way to beat the pressure down\nWhen you need to find a way to breathe\nI could be the one to make you feel that way\nI could be the one to set you free\nIf you wanna see me when the crowd is gone\nUsed to be so easy, can't you see?", "style": ["Jazz </span><span>(sang by Selena Gomez</span><span>) in a seductive way"], "essentia_features": {"lowlevel.average_loudness": 0.9630534648895264, "lowlevel.barkbands_crest.mean": 17.92144203186035, "lowlevel.barkbands_crest.stdev": 5.581218242645264, "lowlevel.barkbands_flatness_db.mean": 0.26639434695243835, "lowlevel.barkbands_flatness_db.stdev": 0.10130859166383743, "lowlevel.barkbands_kurtosis.mean": 50.36156463623047, "lowlevel.barkbands_kurtosis.stdev": 101.85779571533203, "lowlevel.barkbands_skewness.mean": 4.448195934295654, "lowlevel.barkbands_skewness.stdev": 3.9508960247039795, "lowlevel.barkbands_spread.mean": 11.581416130065918, "lowlevel.barkbands_spread.stdev": 14.146822929382324, "lowlevel.dissonance.mean": 0.4399503469467163, "lowlevel.dissonance.stdev": 0.04386303201317787, "lowlevel.dynamic_complexity": 2.899801254272461, "lowlevel.erbbands_crest.mean": 11.448486328125, "lowlevel.erbbands_crest.stdev": 5.35687780380249, "lowlevel.erbbands_flatness_db.mean": 0.18643301725387573, "lowlevel.erbbands_flatness_db.stdev": 0.06264114379882812, "lowlevel.erbbands_kurtosis.mean": 1.7205463647842407, "lowlevel.erbbands_kurtosis.stdev": 5.100242614746094, "lowlevel.erbbands_skewness.mean": 0.6865329742431641, "lowlevel.erbbands_skewness.stdev": 1.1032443046569824, "lowlevel.erbbands_spread.mean": 39.73636245727539, "lowlevel.erbbands_spread.stdev": 25.520872116088867, "lowlevel.hfc.mean": 15.701567649841309, "lowlevel.hfc.stdev": 13.249893188476562, "lowlevel.loudness_ebu128.integrated": -13.904518127441406, "lowlevel.loudness_ebu128.loudness_range": 1.5153913497924805, "lowlevel.loudness_ebu128.momentary.mean": -14.38465690612793, "lowlevel.loudness_ebu128.momentary.stdev": 2.1895267963409424, "lowlevel.loudness_ebu128.short_term.mean": -13.922491073608398, "lowlevel.loudness_ebu128.short_term.stdev": 0.4972158670425415, "lowlevel.melbands_crest.mean": 22.594850540161133, "lowlevel.melbands_crest.stdev": 5.8673319816589355, "lowlevel.melbands_flatness_db.mean": 0.35810109972953796, "lowlevel.melbands_flatness_db.stdev": 0.11991585046052933, "lowlevel.melbands_kurtosis.mean": 68.52852630615234, "lowlevel.melbands_kurtosis.stdev": 97.80951690673828, "lowlevel.melbands_skewness.mean": 5.2838826179504395, "lowlevel.melbands_skewness.stdev": 3.622265338897705, "lowlevel.melbands_spread.mean": 10.951818466186523, "lowlevel.melbands_spread.stdev": 20.15749168395996, "lowlevel.pitch_salience.mean": 0.3321782648563385, "lowlevel.pitch_salience.stdev": 0.1587483435869217, "lowlevel.silence_rate_20dB.mean": 0.9681344032287598, "lowlevel.silence_rate_20dB.stdev": 0.17564092576503754, "lowlevel.silence_rate_30dB.mean": 0.8441483378410339, "lowlevel.silence_rate_30dB.stdev": 0.36271607875823975, "lowlevel.silence_rate_60dB.mean": 0.05909617617726326, "lowlevel.silence_rate_60dB.stdev": 0.23580613732337952, "lowlevel.spectral_centroid.mean": 786.5887451171875, "lowlevel.spectral_centroid.stdev": 604.6143188476562, "lowlevel.spectral_complexity.mean": 10.425840377807617, "lowlevel.spectral_complexity.stdev": 7.039923191070557, "lowlevel.spectral_decrease.mean": -1.9932596018179538e-08, "lowlevel.spectral_decrease.stdev": 2.2212834238644064e-08, "lowlevel.spectral_energy.mean": 0.07665431499481201, "lowlevel.spectral_energy.stdev": 0.084457628428936, "lowlevel.spectral_energyband_high.mean": 0.0002669024106580764, "lowlevel.spectral_energyband_high.stdev": 0.00043771957280114293, "lowlevel.spectral_energyband_low.mean": 0.06200738251209259, "lowlevel.spectral_energyband_low.stdev": 0.08370424807071686, "lowlevel.spectral_energyband_middle_high.mean": 0.004154551308602095, "lowlevel.spectral_energyband_middle_high.stdev": 0.007328455802053213, "lowlevel.spectral_energyband_middle_low.mean": 0.011482852511107922, "lowlevel.spectral_energyband_middle_low.stdev": 0.014404731802642345, "lowlevel.spectral_entropy.mean": 6.922842025756836, "lowlevel.spectral_entropy.stdev": 0.7193760871887207, "lowlevel.spectral_flux.mean": 0.10686502605676651, "lowlevel.spectral_flux.stdev": 0.11379963904619217, "lowlevel.spectral_kurtosis.mean": 9.319496154785156, "lowlevel.spectral_kurtosis.stdev": 8.178083419799805, "lowlevel.spectral_rms.mean": 0.007659862749278545, "lowlevel.spectral_rms.stdev": 0.004013877362012863, "lowlevel.spectral_rolloff.mean": 800.6834716796875, "lowlevel.spectral_rolloff.stdev": 1823.1787109375, "lowlevel.spectral_skewness.mean": 2.2007477283477783, "lowlevel.spectral_skewness.stdev": 0.8853075504302979, "lowlevel.spectral_spread.mean": 4206267.0, "lowlevel.spectral_spread.stdev": 2173716.25, "lowlevel.spectral_strongpeak.mean": 0.7884308695793152, "lowlevel.spectral_strongpeak.stdev": 0.8677930235862732, "lowlevel.zerocrossingrate.mean": 0.03300566226243973, "lowlevel.zerocrossingrate.stdev": 0.046680208295583725, "metadata.audio_properties.analysis.equal_loudness": 0.0, "metadata.audio_properties.analysis.length": 40.04265213012695, "metadata.audio_properties.analysis.sample_rate": 44100.0, "metadata.audio_properties.analysis.start_time": 0.0, "metadata.audio_properties.bit_rate": 121988.0, "metadata.audio_properties.length": 40.042667388916016, "metadata.audio_properties.lossless": 0.0, "metadata.audio_properties.number_channels": 1.0, "metadata.audio_properties.replay_gain": -10.902830123901367, "metadata.audio_properties.sample_rate": 48000.0, "rhythm.beats_count": 61.0, "rhythm.beats_loudness.mean": 0.12331394851207733, "rhythm.beats_loudness.stdev": 0.10922756791114807, "rhythm.bpm": 92.66799926757812, "rhythm.bpm_histogram_first_peak_bpm": 92.0, "rhythm.bpm_histogram_first_peak_weight": 0.3833332657814026, "rhythm.bpm_histogram_second_peak_bpm": 0.0, "rhythm.bpm_histogram_second_peak_spread": 0.0, "rhythm.bpm_histogram_second_peak_weight": 0.0, "rhythm.danceability": 1.55621337890625, "rhythm.onset_rate": 5.11803674697876, "tonal.chords_changes_rate": 0.08912037312984467, "tonal.chords_number_rate": 0.011574073694646358, "tonal.chords_strength.mean": 0.5051154494285583, "tonal.chords_strength.stdev": 0.08158676326274872, "tonal.hpcp_crest.mean": 14.592643737792969, "tonal.hpcp_crest.stdev": 6.799454689025879, "tonal.hpcp_entropy.mean": 1.8329497575759888, "tonal.hpcp_entropy.stdev": 0.7266755104064941, "tonal.key_edma.strength": 0.7173501253128052, "tonal.key_krumhansl.strength": 0.7270057797431946, "tonal.key_temperley.strength": 0.7322532534599304, "tonal.tuning_diatonic_strength": 0.622445285320282, "tonal.tuning_equal_tempered_deviation": 0.24885477125644684, "tonal.tuning_frequency": 434.193115234375, "tonal.tuning_nontempered_energy_ratio": 0.9524491429328918, "lowlevel.barkbands.mean": [0.0015670891152694821, 0.05209917575120926, 0.007302745245397091, 0.0017461420502513647, 0.004382481332868338, 0.002777958521619439, 0.00042118330020457506, 0.0008993591764010489, 0.0008181865559890866, 0.0013757786946371198, 0.0008083955035544932, 0.0004607490554917604, 0.00025421264581382275, 0.0002614152035675943, 0.00043619831558316946, 0.00029752819682471454, 0.00026036056806333363, 0.000146182079333812, 3.54850162693765e-05, 0.00010265166201861575, 3.7091533158672974e-05, 2.682491140149068e-05, 3.5414799640420824e-05, 4.704835737356916e-05, 2.4964163458207622e-05, 2.7792566470452584e-05, 1.949411853274796e-06], "lowlevel.barkbands.stdev": [0.0023519576061517, 0.07304281741380692, 0.02432307042181492, 0.00896240770816803, 0.006434631068259478, 0.00453026220202446, 0.0013371440581977367, 0.0022163698449730873, 0.0027645768132060766, 0.00437126262113452, 0.0025980400387197733, 0.0013354854891076684, 0.0006903811590746045, 0.0006991781410761178, 0.0012134824646636844, 0.0007875438896007836, 0.000671712274197489, 0.00032121335971169174, 7.804279448464513e-05, 0.00017520168330520391, 7.997854118002579e-05, 6.597964966204017e-05, 8.008145960047841e-05, 0.00013818863953929394, 5.8348676247987896e-05, 5.869432061444968e-05, 5.114369741932023e-06], "lowlevel.erbbands.mean": [1.6615904569625854, 10.828033447265625, 11.463960647583008, 6.885329246520996, 4.950095176696777, 16.714216232299805, 31.536813735961914, 19.91146469116211, 6.32641077041626, 11.842504501342773, 20.800704956054688, 19.389509201049805, 30.211410522460938, 51.300655364990234, 24.656190872192383, 19.968896865844727, 12.173158645629883, 15.435221672058105, 21.673677444458008, 16.279306411743164, 16.009668350219727, 13.689014434814453, 9.061379432678223, 3.4625842571258545, 1.9688564538955688, 4.916820049285889, 2.6982057094573975, 1.097847819328308, 0.9698439240455627, 1.0093885660171509, 0.969156801700592, 0.9541290998458862, 0.7522143125534058, 0.34301894903182983, 0.14660120010375977, 0.08464675396680832, 0.05771220102906227, 0.012526001781225204, 0.00028396377456374466, 9.131796832662076e-05], "lowlevel.erbbands.stdev": [2.347740650177002, 16.409400939941406, 28.009939193725586, 30.36229133605957, 18.724271774291992, 27.48385238647461, 40.942230224609375, 41.6010627746582, 12.968936920166016, 27.491626739501953, 56.67615509033203, 65.46534729003906, 83.46190643310547, 192.20458984375, 64.82454681396484, 59.00039291381836, 30.393320083618164, 39.40092086791992, 58.038394927978516, 36.218441009521484, 40.36846160888672, 35.63727951049805, 18.419355392456055, 7.597899436950684, 3.7144854068756104, 8.433171272277832, 5.295065402984619, 2.7060985565185547, 2.384016513824463, 2.312943935394287, 2.2672507762908936, 2.6430060863494873, 2.351670265197754, 1.013205885887146, 0.2969774007797241, 0.19534161686897278, 0.1199548989534378, 0.02728378400206566, 0.0005437220097519457, 9.188092371914536e-05], "lowlevel.gfcc.mean": [-49.86865997314453, 114.28223419189453, -90.05490112304688, 22.716445922851562, -37.578895568847656, 16.34653091430664, -31.215396881103516, 10.960991859436035, -16.761043548583984, 2.73272967338562, -2.9689931869506836, 3.926203727722168, 5.929278373718262], "lowlevel.melbands.mean": [0.014835196547210217, 0.008621358312666416, 0.001131806056946516, 0.0006564800860360265, 0.00114236562512815, 0.0004394480201881379, 9.587070962879807e-05, 0.0001429626572644338, 0.00017193709209095687, 0.0001205861262860708, 0.00014777187607251108, 0.000207023331313394, 8.617332787252963e-05, 5.92547221458517e-05, 3.6087334592593834e-05, 2.5833433028310537e-05, 2.8225422283867374e-05, 3.1302974093705416e-05, 2.9527718652389012e-05, 2.3587095711263828e-05, 1.6709871488274075e-05, 1.6201227481360547e-05, 9.70454766502371e-06, 5.986185897199903e-06, 2.494550926712691e-06, 1.0404631893834448e-06, 2.162299097108189e-06, 3.627230626079836e-06, 2.146106453437824e-06, 7.570614570795442e-07, 5.663554247803404e-07, 5.482846177073952e-07, 5.196885695113451e-07, 5.880750109099608e-07, 5.347616252038279e-07, 5.554293807108479e-07, 6.311855145213485e-07, 5.839140158059308e-07, 4.241299791374331e-07, 2.392298199538345e-07], "lowlevel.melbands.stdev": [0.020712537690997124, 0.014872175641357899, 0.004850704222917557, 0.001137258717790246, 0.0014100860571488738, 0.0008439435623586178, 0.00023629888892173767, 0.0003415475075598806, 0.0005123987211845815, 0.00042662920895963907, 0.00042679914622567594, 0.0007958237547427416, 0.00024227680114563555, 0.00016016374866012484, 0.00010632971680024639, 7.327585626626387e-05, 7.604454731335863e-05, 8.523194992449135e-05, 8.985096064861864e-05, 6.014261452946812e-05, 4.3902997276745737e-05, 4.698825068771839e-05, 2.1033445591456257e-05, 1.3892984497942962e-05, 5.9465542108227964e-06, 2.3940615392348263e-06, 4.078560323250713e-06, 6.601686436624732e-06, 4.521351002040319e-06, 1.8020324432654888e-06, 1.5386699487862643e-06, 1.374835164824617e-06, 1.3382355064095464e-06, 1.3605219919554656e-06, 1.1904295433851075e-06, 1.6066130683611846e-06, 1.820290322029905e-06, 1.8844988289856701e-06, 1.3679280073120026e-06, 7.116288998076925e-07], "lowlevel.melbands128.mean": [0.0015122019685804844, 0.012453848496079445, 0.022144261747598648, 0.016540242359042168, 0.0076303547248244286, 0.0030462315771728754, 0.0013798874570056796, 0.0007457470055669546, 0.0004297151754144579, 0.0003160611668135971, 0.0009706069249659777, 0.0015737684443593025, 0.0011825591791421175, 0.0006765515427105129, 0.0005439642700366676, 0.0002446056460030377, 7.366660429397598e-05, 6.854293314972892e-05, 0.00012768259330186993, 0.00011121390707558021, 0.00018183056090492755, 0.00014501137775368989, 0.00021624461805913597, 0.00013812899123877287, 0.0001004149962682277, 0.00013163304538466036, 0.00010193559137405828, 0.00019087221880909055, 0.00011338753392919898, 0.00022431107936426997, 0.0002799851936288178, 0.0001082933958969079, 5.108315235702321e-05, 9.845244494499639e-05, 4.258940680301748e-05, 6.128740642452613e-05, 5.9706329921027645e-05, 3.21854640787933e-05, 2.5659055609139614e-05, 2.1792378902318887e-05, 2.755559398792684e-05, 2.7588643206399865e-05, 3.1367169867735356e-05, 3.0467754186247475e-05, 1.2639869055419695e-05, 3.239537181798369e-05, 5.215971395955421e-05, 3.713097976287827e-05, 1.5900697690085508e-05, 1.2078377949364949e-05, 2.8786007533199154e-05, 3.334468783577904e-05, 1.0396937796031125e-05, 1.2500770935730543e-05, 2.2236174118006602e-05, 1.923278432514053e-05, 7.814478522050194e-06, 9.481947927270085e-06, 1.1494121281430125e-05, 8.9356217358727e-06, 5.1129231906088535e-06, 4.262736183591187e-06, 3.548807399056386e-06, 1.7702686818665825e-06, 1.135833258558705e-06, 9.970005976356333e-07, 8.815939622763835e-07, 1.356761913484661e-06, 2.446961843816098e-06, 3.3408332456019707e-06, 3.56051828021009e-06, 4.2304873204557225e-06, 2.956145181087777e-06, 1.8451995629220619e-06, 9.851680715655675e-07, 7.162008728300862e-07, 7.180682928265014e-07, 5.814225687572616e-07, 5.591222134171403e-07, 5.056439249528921e-07, 5.795827178189938e-07, 5.60040803065931e-07, 4.886966280537308e-07, 5.431791691989929e-07, 5.002486886951374e-07, 5.832700367136567e-07, 6.282353979258914e-07, 5.724455149902496e-07, 4.6811700826765446e-07, 5.518724037756328e-07, 6.508387286885409e-07, 5.256127906250185e-07, 4.5810676851942844e-07, 5.610567086478113e-07, 8.221655320994614e-07, 7.558326728940301e-07, 4.690759851655457e-07, 3.9295281339946087e-07, 5.332715886652295e-07, 3.9155872855189955e-07, 2.4744178972468944e-07, 2.541659398502816e-07, 1.5956912591263972e-07, 1.4855325503049244e-07, 1.6439405214896397e-07, 1.8184428540735098e-07, 1.3054965108949546e-07, 1.1125028720471164e-07, 1.3374214802297502e-07, 1.6720346707188583e-07, 1.6980830253032764e-07, 2.075806122547874e-07, 1.9202946077712113e-07, 1.8806983348440554e-07, 1.74406835640184e-07, 1.766046580087277e-07, 8.09254743217025e-08, 4.098503758598326e-09, 9.642306918189458e-12, 8.946597802872436e-12, 8.688554216373934e-12, 8.196214540401314e-12, 7.947561879440013e-12, 7.811574304072977e-12, 7.662578904721329e-12, 7.494349758829788e-12, 7.39302109115103e-12, 7.347232197640885e-12], "lowlevel.melbands128.stdev": [0.002297096187248826, 0.018149806186556816, 0.03418939188122749, 0.026788409799337387, 0.01703820191323757, 0.011029928922653198, 0.006735637318342924, 0.003741195658221841, 0.0017258422449231148, 0.0007803431944921613, 0.0018400858389213681, 0.002589660929515958, 0.0018503013998270035, 0.0012582236668094993, 0.0014884554548189044, 0.0006418784032575786, 0.00020399343338795006, 0.00023676406999584287, 0.0005417289794422686, 0.0002778737398330122, 0.0005987809272482991, 0.0004951729206368327, 0.0008062459528446198, 0.0007156783831305802, 0.0005045896978117526, 0.0007034617010504007, 0.00043296098010614514, 0.0007141029927879572, 0.0004643660504370928, 0.0011546832975000143, 0.0013139904476702213, 0.00047878074110485613, 0.00021835332154296339, 0.0003533494018483907, 0.00015848367183934897, 0.00025464376085437834, 0.00024540384765714407, 0.0001381054607918486, 0.00010840639151865616, 8.57506602187641e-05, 9.437007247470319e-05, 0.0001405143120791763, 0.00010559290967648849, 0.00010179799573961645, 4.205049481242895e-05, 0.00013003659842070192, 0.00020080647664144635, 0.00016207977023441344, 7.888144318712875e-05, 4.026724855066277e-05, 9.118612797465175e-05, 0.0001284515019506216, 4.4239866838324815e-05, 4.6838376874802634e-05, 7.611960609210655e-05, 8.03265575086698e-05, 2.360611870244611e-05, 3.079489033552818e-05, 3.681487578433007e-05, 2.4708904675208032e-05, 1.6243255231529474e-05, 1.9657343727885745e-05, 1.0129633665201254e-05, 4.9994323489954695e-06, 3.3817855182860512e-06, 2.467990952936816e-06, 2.1652540453942493e-06, 3.8066025354055455e-06, 5.537760443985462e-06, 6.904330348334042e-06, 8.382693522435147e-06, 1.0382312211731914e-05, 8.690883078088518e-06, 4.4267117118579336e-06, 2.8907704745506635e-06, 1.7609482938496512e-06, 2.122615114785731e-06, 1.7403567653673235e-06, 1.7367539157930878e-06, 1.4458840951192542e-06, 1.55626969444711e-06, 1.527166773485078e-06, 1.330552777289995e-06, 1.5339674064307474e-06, 1.4118849094302277e-06, 1.4839116602161084e-06, 1.6049169744292158e-06, 1.429452936463349e-06, 1.1049332897528075e-06, 1.541521783110511e-06, 2.259875373056275e-06, 1.5830670463401475e-06, 1.3532666116589098e-06, 1.6371545825677458e-06, 2.750633029791061e-06, 2.489938651706325e-06, 1.8625790971782408e-06, 1.4568511232937453e-06, 1.8556614804765559e-06, 1.316446059718146e-06, 9.754797929417691e-07, 7.240274157993554e-07, 4.660668366796017e-07, 3.579502276807034e-07, 3.609228258483199e-07, 4.3100686752950423e-07, 3.4238414059473143e-07, 3.313588763376174e-07, 3.517939148878213e-07, 4.7164158445411886e-07, 4.349022333371977e-07, 4.98621432143409e-07, 4.255661281149514e-07, 4.0451450900036434e-07, 3.9021139741635125e-07, 4.1801592942647403e-07, 2.0771429376509332e-07, 1.7430455301337133e-08, 2.4128758019381635e-11, 2.2673682376073145e-11, 2.1266053154556097e-11, 1.6102763220060545e-11, 1.5706149922301016e-11, 1.5434037728412342e-11, 1.520552954381582e-11, 1.5017386639781805e-11, 1.488498560520135e-11, 1.480307022794225e-11], "lowlevel.mfcc.mean": [-708.810791015625, 153.48843383789062, 11.354317665100098, 18.39529037475586, 20.64971351623535, 6.208273887634277, 8.790862083435059, 5.506340503692627, 1.1245044469833374, 8.537190437316895, -12.310508728027344, 6.0994977951049805, 1.3590929508209229], "lowlevel.spectral_contrast_coeffs.mean": [-0.6511404514312744, -0.727748692035675, -0.7463259100914001, -0.786592960357666, -0.7882375717163086, -0.7818344235420227], "lowlevel.spectral_contrast_coeffs.stdev": [0.12218038737773895, 0.08687269687652588, 0.08854078501462936, 0.06950671970844269, 0.06058927997946739, 0.041203904896974564], "lowlevel.spectral_contrast_valleys.mean": [-6.94235897064209, -7.423003673553467, -7.953858852386475, -8.241680145263672, -8.530092239379883, -11.414145469665527], "lowlevel.spectral_contrast_valleys.stdev": [1.4617706537246704, 0.7969398498535156, 0.8722057938575745, 0.8291714787483215, 0.8508236408233643, 1.1143300533294678], "rhythm.beats_loudness_band_ratio.mean": [0.7633326053619385, 0.09365133196115494, 0.05811263993382454, 0.05349560081958771, 0.027493653818964958, 0.011054135859012604], "rhythm.beats_loudness_band_ratio.stdev": [0.21479348838329315, 0.11331832408905029, 0.06994091719388962, 0.07461071014404297, 0.0369846485555172, 0.016467206180095673], "tonal.hpcp.mean": [0.06799789518117905, 0.07588416337966919, 0.09237285703420639, 0.12001635134220123, 0.10140302777290344, 0.05536606162786484, 0.03891802579164505, 0.04683338850736618, 0.08226100355386734, 0.2398860603570938, 0.23855382204055786, 0.0821327343583107, 0.04252684488892555, 0.030068280175328255, 0.03223271667957306, 0.05532897263765335, 0.0733899250626564, 0.06345707923173904, 0.06907349079847336, 0.054292138665914536, 0.02193474769592285, 0.01814681477844715, 0.02348496951162815, 0.05971677601337433, 0.234349325299263, 0.24809730052947998, 0.08478154987096786, 0.03997229039669037, 0.027907487004995346, 0.027108624577522278, 0.05073864758014679, 0.06830324977636337, 0.056539423763751984, 0.06626049429178238, 0.09786110371351242, 0.08545622229576111], "tonal.hpcp.stdev": [0.19864948093891144, 0.21553178131580353, 0.23707707226276398, 0.26612991094589233, 0.23715680837631226, 0.1720568835735321, 0.15298283100128174, 0.16876156628131866, 0.21183575689792633, 0.3669711649417877, 0.3636821210384369, 0.1884986162185669, 0.15015915036201477, 0.1242007240653038, 0.12649130821228027, 0.1693069487810135, 0.20218239724636078, 0.18520021438598633, 0.18965181708335876, 0.17077524960041046, 0.09566637873649597, 0.09759660065174103, 0.11533758789300919, 0.17261673510074615, 0.3662407100200653, 0.3805067837238312, 0.19850873947143555, 0.15776985883712769, 0.11719948798418045, 0.10792982578277588, 0.14594312012195587, 0.18775473535060883, 0.17373116314411163, 0.1946040689945221, 0.27190667390823364, 0.23761016130447388], "rhythm.beats_position": [0.6617686748504639, 1.3351473808288574, 1.9969160556793213, 2.6819047927856445, 3.3668932914733887, 4.028662204742432, 4.667210578918457, 5.31736946105957, 5.967528343200684, 6.617686748504639, 7.244625568389893, 7.894784450531006, 8.544942855834961, 9.195101737976074, 9.833650588989258, 10.472199440002441, 11.122358322143555, 11.772517204284668, 12.422675132751465, 13.061223983764648, 13.699772834777832, 14.349931716918945, 14.988480567932129, 15.627029418945312, 16.27718734741211, 16.92734718322754, 17.577505111694336, 18.227664947509766, 18.866212844848633, 19.51637077331543, 20.15492057800293, 20.805078506469727, 21.455238342285156, 22.105396270751953, 22.743946075439453, 23.38249397277832, 24.032651901245117, 24.682811737060547, 25.309749603271484, 25.959909439086914, 26.61006736755371, 27.26022720336914, 27.898775100708008, 28.537322998046875, 29.187482833862305, 29.8376407623291, 30.4761905670166, 31.1263484954834, 31.7648983001709, 32.41505432128906, 33.065216064453125, 33.70376205444336, 34.34231185913086, 34.992469787597656, 35.64263153076172, 36.292789459228516, 36.94294738769531, 37.59310531616211, 38.22004318237305, 38.87020492553711, 39.520362854003906], "rhythm.bpm_histogram": [0.0, 0.0, 0.0, 0.0, 0.0, 0.0, 0.0, 0.0, 0.0, 0.0, 0.0, 0.0, 0.0, 0.0, 0.0, 0.0, 0.0, 0.0, 0.0, 0.0, 0.0, 0.0, 0.0, 0.0, 0.0, 0.0, 0.0, 0.0, 0.0, 0.0, 0.0, 0.0, 0.0, 0.0, 0.0, 0.0, 0.0, 0.0, 0.0, 0.0, 0.0, 0.0, 0.0, 0.0, 0.0, 0.0, 0.0, 0.0, 0.0, 0.0, 0.0, 0.0, 0.0, 0.0, 0.0, 0.0, 0.0, 0.0, 0.0, 0.0, 0.0, 0.0, 0.0, 0.0, 0.0, 0.0, 0.0, 0.0, 0.0, 0.0, 0.0, 0.0, 0.0, 0.0, 0.0, 0.0, 0.0, 0.0, 0.0, 0.0, 0.0, 0.0, 0.0, 0.0, 0.0, 0.0, 0.0, 0.0, 0.03333333507180214, 0.01666666753590107, 0.0, 0.03333333507180214, 0.5833333134651184, 0.0, 0.28333333134651184, 0.0, 0.05000000074505806, 0.0, 0.0, 0.0, 0.0, 0.0, 0.0, 0.0, 0.0, 0.0, 0.0, 0.0, 0.0, 0.0, 0.0, 0.0, 0.0, 0.0, 0.0, 0.0, 0.0, 0.0, 0.0, 0.0, 0.0, 0.0, 0.0, 0.0, 0.0, 0.0, 0.0, 0.0, 0.0, 0.0, 0.0, 0.0, 0.0, 0.0, 0.0, 0.0, 0.0, 0.0, 0.0, 0.0, 0.0, 0.0, 0.0, 0.0, 0.0, 0.0, 0.0, 0.0, 0.0, 0.0, 0.0, 0.0, 0.0, 0.0, 0.0, 0.0, 0.0, 0.0, 0.0, 0.0, 0.0, 0.0, 0.0, 0.0, 0.0, 0.0, 0.0, 0.0, 0.0, 0.0, 0.0, 0.0, 0.0, 0.0, 0.0, 0.0, 0.0, 0.0, 0.0, 0.0, 0.0, 0.0, 0.0, 0.0, 0.0, 0.0, 0.0, 0.0, 0.0, 0.0, 0.0, 0.0, 0.0, 0.0, 0.0, 0.0, 0.0, 0.0, 0.0, 0.0, 0.0, 0.0, 0.0, 0.0, 0.0, 0.0, 0.0, 0.0, 0.0, 0.0, 0.0, 0.0, 0.0, 0.0, 0.0, 0.0, 0.0, 0.0, 0.0, 0.0, 0.0, 0.0, 0.0, 0.0, 0.0, 0.0, 0.0, 0.0, 0.0, 0.0, 0.0, 0.0, 0.0, 0.0, 0.0, 0.0, 0.0, 0.0, 0.0, 0.0, 0.0, 0.0, 0.0, 0.0, 0.0, 0.0, 0.0, 0.0, 0.0, 0.0], "tonal.chords_histogram": [30.671297073364258, 0.0, 7.638888835906982, 0.0, 0.11574073880910873, 0.0, 0.0, 0.0, 0.0, 0.0, 0.0, 0.0, 0.0, 2.777777671813965, 3.125, 1.0416666269302368, 0.0, 17.129629135131836, 0.46296295523643494, 2.777777671813965, 0.0, 1.7361111640930176, 22.800926208496094, 9.722222328186035], "tonal.thpcp": [1.0, 0.34172701835632324, 0.1611153781414032, 0.11248605698347092, 0.10926610231399536, 0.20451107621192932, 0.2753083109855652, 0.22789213061332703, 0.2670746147632599, 0.394446462392807, 0.3444463908672333, 0.27407753467559814, 0.30586451292037964, 0.3723251223564148, 0.48374709486961365, 0.40872281789779663, 0.2231626957654953, 0.15686598420143127, 0.18877024948596954, 0.3315674960613251, 0.9669031500816345, 0.9615333080291748, 0.33105048537254333, 0.17141196131706238, 0.12119551748037338, 0.12991966307163239, 0.22301319241523743, 0.2958110570907593, 0.25577497482299805, 0.27841290831565857, 0.2188340574502945, 0.08841187506914139, 0.07314394414424896, 0.09466031938791275, 0.24069902300834656, 0.9445863366127014], "lowlevel.gfcc.cov": [[5790.6474609375, -514.6810302734375, -341.24298095703125, 119.5221176147461, 204.06832885742188, 365.9308776855469, 215.27117919921875, 562.0048828125, -85.10623168945312, 283.3404541015625, -263.5063171386719, 165.340576171875, -188.8061981201172], [-514.6810302734375, 2873.7197265625, 433.2484130859375, 364.47283935546875, 1077.1517333984375, 151.71133422851562, 631.8369750976562, 171.4535369873047, 397.9721374511719, -241.29534912109375, 405.8677978515625, -503.24267578125, 186.46456909179688], [-341.24298095703125, 433.2484130859375, 1252.6767578125, 536.6476440429688, 422.54937744140625, 400.8519592285156, 427.8499755859375, 77.876953125, 223.58148193359375, 86.3300552368164, -24.216033935546875, 53.31223678588867, -89.3923568725586], [119.5221176147461, 364.47283935546875, 536.6476440429688, 783.112548828125, 547.596435546875, 242.85142517089844, 265.04290771484375, 161.45301818847656, 296.8122253417969, 10.913655281066895, 39.35694885253906, -26.83063316345215, 14.15272331237793], [204.06832885742188, 1077.1517333984375, 422.54937744140625, 547.596435546875, 1016.5653686523438, 297.9910583496094, 501.45513916015625, 277.9584655761719, 337.645263671875, 1.7599676847457886, 129.24513244628906, -142.58746337890625, 39.20649337768555], [365.9308776855469, 151.71133422851562, 400.8519592285156, 242.85142517089844, 297.9910583496094, 526.375244140625, 405.37481689453125, 144.42669677734375, 134.0233917236328, 100.5552749633789, 23.281335830688477, -0.2757302522659302, -77.03276062011719], [215.27117919921875, 631.8369750976562, 427.8499755859375, 265.04290771484375, 501.45513916015625, 405.37481689453125, 666.51416015625, 207.52072143554688, 169.92015075683594, 67.477783203125, 89.60057830810547, -47.90534591674805, -59.909385681152344], [562.0048828125, 171.4535369873047, 77.876953125, 161.45301818847656, 277.9584655761719, 144.42669677734375, 207.52072143554688, 333.15350341796875, 124.46268463134766, 43.092063903808594, 50.25911331176758, -24.2703800201416, 34.8978271484375], [-85.10623168945312, 397.9721374511719, 223.58148193359375, 296.8122253417969, 337.645263671875, 134.0233917236328, 169.92015075683594, 124.46268463134766, 304.9016418457031, 30.03883171081543, 68.52717590332031, -39.87559509277344, 45.669921875], [283.3404541015625, -241.29534912109375, 86.3300552368164, 10.913655281066895, 1.7599676847457886, 100.5552749633789, 67.477783203125, 43.092063903808594, 30.03883171081543, 161.92324829101562, -34.11548614501953, 79.01629638671875, -49.39936447143555], [-263.5063171386719, 405.8677978515625, -24.216033935546875, 39.35694885253906, 129.24513244628906, 23.281335830688477, 89.60057830810547, 50.25911331176758, 68.52717590332031, -34.11548614501953, 199.0463104248047, -72.35443115234375, 70.90882873535156], [165.340576171875, -503.24267578125, 53.31223678588867, -26.83063316345215, -142.58746337890625, -0.2757302522659302, -47.90534591674805, -24.2703800201416, -39.87559509277344, 79.01629638671875, -72.35443115234375, 229.5533905029297, -37.31331253051758], [-188.8061981201172, 186.46456909179688, -89.3923568725586, 14.15272331237793, 39.20649337768555, -77.03276062011719, -59.909385681152344, 34.8978271484375, 45.669921875, -49.39936447143555, 70.90882873535156, -37.31331253051758, 136.66763305664062]], "lowlevel.gfcc.icov": [[0.00034619573852978647, -0.00030881460406817496, 0.00036908083711750805, -0.00030913768569007516, 0.0001244592567672953, -0.00034543193760327995, 0.0002770264691207558, -0.0007786050555296242, 0.0004897464532405138, -0.0005352816660888493, 0.0006407534820027649, -0.00045137907727621496, 0.00045004929415881634], [-0.00030881460406817496, 0.002030035248026252, -0.0009328453452326357, 0.0011443155817687511, -0.0013247727183625102, 0.0010862513445317745, -0.001319199101999402, 0.0014271580148488283, -0.0012843501754105091, 0.0017845344264060259, -0.0018640183843672276, 0.002463524229824543, -0.0011614456307142973], [0.00036908083711750805, -0.0009328453452326357, 0.0021057387348264456, -0.001403957256115973, 0.0005870778113603592, -0.0010582127142697573, 8.001843525562435e-05, -0.0005482661654241383, 0.0005567321204580367, -0.0010355968261137605, 0.0014921576948836446, -0.0015633006114512682, 0.0009541698382236063], [-0.00030913768569007516, 0.0011443155817687511, -0.001403957256115973, 0.0037430888041853905, -0.0017424813704565167, 0.0002706833474803716, -0.00011108222679467872, 0.0007638575043529272, -0.00240485742688179, 0.002035612240433693, -0.0009649068815633655, 0.0009526964859105647, -0.0005854119663126767], [0.0001244592567672953, -0.0013247727183625102, 0.0005870778113603592, -0.0017424813704565167, 0.003692621598020196, -0.000335495948093012, -0.0005890484899282455, -0.0014222741592675447, -0.00032346046646125615, -0.0008446936844848096, 0.0011181713780388236, -0.0006547122029587626, 0.0004442616191226989], [-0.00034543193760327995, 0.0010862513445317745, -0.0010582127142697573, 0.0002706833474803716, -0.000335495948093012, 0.005059306975454092, -0.002743693068623543, 0.0006638732738792896, -0.001105985720641911, -0.0002116807590937242, -0.0013103667879477143, 0.0017259045271202922, 0.00034039063029922545], [0.0002770264691207558, -0.001319199101999402, 8.001843525562435e-05, -0.00011108222679467872, -0.0005890484899282455, -0.002743693068623543, 0.005393874831497669, -0.0020604103337973356, 0.0010871673002839088, -0.0011046996805816889, -0.0002305029920535162, -0.0016549365827813745, 0.002664657309651375], [-0.0007786050555296242, 0.0014271580148488283, -0.0005482661654241383, 0.0007638575043529272, -0.0014222741592675447, 0.0006638732738792896, -0.0020604103337973356, 0.006821418181061745, -0.0017389566637575626, 0.0004893132718279958, -0.0016155109042301774, 0.0018094668630510569, -0.003233161987736821], [0.0004897464532405138, -0.0012843501754105091, 0.0005567321204580367, -0.00240485742688179, -0.00032346046646125615, -0.001105985720641911, 0.0010871673002839088, -0.0017389566637575626, 0.008180365897715092, -0.00339457206428051, 0.0007268745102919638, -0.0011161512229591608, -0.0012103647459298372], [-0.0005352816660888493, 0.0017845344264060259, -0.0010355968261137605, 0.002035612240433693, -0.0008446936844848096, -0.0002116807590937242, -0.0011046996805816889, 0.0004893132718279958, -0.00339457206428051, 0.01180481631308794, -0.0015501071466132998, -0.0008370797731913626, 0.0014283907366916537], [0.0006407534820027649, -0.0018640183843672276, 0.0014921576948836446, -0.0009649068815633655, 0.0011181713780388236, -0.0013103667879477143, -0.0002305029920535162, -0.0016155109042301774, 0.0007268745102919638, -0.0015501071466132998, 0.009949931874871254, -0.0011471851030364633, -0.0025224038399755955], [-0.00045137907727621496, 0.002463524229824543, -0.0015633006114512682, 0.0009526964859105647, -0.0006547122029587626, 0.0017259045271202922, -0.0016549365827813745, 0.0018094668630510569, -0.0011161512229591608, -0.0008370797731913626, -0.0011471851030364633, 0.009422569535672665, -0.0018945956835523248], [0.00045004929415881634, -0.0011614456307142973, 0.0009541698382236063, -0.0005854119663126767, 0.0004442616191226989, 0.00034039063029922545, 0.002664657309651375, -0.003233161987736821, -0.0012103647459298372, 0.0014283907366916537, -0.0025224038399755955, -0.0018945956835523248, 0.013978428207337856]], "lowlevel.mfcc.cov": [[5948.47119140625, -613.1238403320312, -515.8858642578125, -117.416259765625, 39.25471496582031, -74.8681411743164, 229.7975616455078, 152.13604736328125, 269.51116943359375, 181.93731689453125, 18.560884475708008, 104.8167724609375, 123.83446502685547], [-613.1238403320312, 2464.5849609375, -32.64878463745117, 436.4442443847656, 551.8755493164062, 161.54112243652344, 555.7798461914062, 295.9942321777344, 206.3484344482422, 402.5442810058594, 126.9332504272461, 186.9680633544922, 51.13481521606445], [-515.8858642578125, -32.64878463745117, 941.6087036132812, 219.96620178222656, 41.486820220947266, 385.7818908691406, 74.46332550048828, 172.185791015625, 146.86721801757812, -6.642571926116943, 198.54156494140625, 32.71451187133789, 68.1217041015625], [-117.416259765625, 436.4442443847656, 219.96620178222656, 693.0939331054688, 416.5331115722656, 264.3384094238281, 156.7906036376953, 271.47564697265625, 235.39340209960938, 167.16900634765625, 103.91289520263672, 142.79945373535156, 103.13115692138672], [39.25471496582031, 551.8755493164062, 41.486820220947266, 416.5331115722656, 662.3118286132812, 83.41744232177734, 176.5614471435547, 205.05728149414062, 222.61480712890625, 251.1077117919922, 14.779949188232422, 164.9217529296875, 93.14300537109375], [-74.8681411743164, 161.54112243652344, 385.7818908691406, 264.3384094238281, 83.41744232177734, 645.7582397460938, 204.05380249023438, 249.1013946533203, 189.75119018554688, 92.55824279785156, 289.9763488769531, 16.362939834594727, 63.18057632446289], [229.7975616455078, 555.7798461914062, 74.46332550048828, 156.7906036376953, 176.5614471435547, 204.05380249023438, 513.3232421875, 262.90338134765625, 151.5584259033203, 237.33815002441406, 153.46688842773438, 85.14067077636719, 62.35818862915039], [152.13604736328125, 295.9942321777344, 172.185791015625, 271.47564697265625, 205.05728149414062, 249.1013946533203, 262.90338134765625, 344.72186279296875, 204.123046875, 163.5526123046875, 141.5606689453125, 106.00746154785156, 87.95964050292969], [269.51116943359375, 206.3484344482422, 146.86721801757812, 235.39340209960938, 222.61480712890625, 189.75119018554688, 151.5584259033203, 204.123046875, 294.9516906738281, 159.8774871826172, 118.25333404541016, 78.6108627319336, 88.74840545654297], [181.93731689453125, 402.5442810058594, -6.642571926116943, 167.16900634765625, 251.1077117919922, 92.55824279785156, 237.33815002441406, 163.5526123046875, 159.8774871826172, 295.43011474609375, 85.38174438476562, 81.98805236816406, 52.044334411621094], [18.560884475708008, 126.9332504272461, 198.54156494140625, 103.91289520263672, 14.779949188232422, 289.9763488769531, 153.46688842773438, 141.5606689453125, 118.25333404541016, 85.38174438476562, 260.05303955078125, 17.11717414855957, 33.930458068847656], [104.8167724609375, 186.9680633544922, 32.71451187133789, 142.79945373535156, 164.9217529296875, 16.362939834594727, 85.14067077636719, 106.00746154785156, 78.6108627319336, 81.98805236816406, 17.11717414855957, 164.1592254638672, 69.51927947998047], [123.83446502685547, 51.13481521606445, 68.1217041015625, 103.13115692138672, 93.14300537109375, 63.18057632446289, 62.35818862915039, 87.95964050292969, 88.74840545654297, 52.044334411621094, 33.930458068847656, 69.51927947998047, 125.42876434326172]], "lowlevel.mfcc.icov": [[0.00021978239237796515, 0.00011081076081609353, 0.000169341845321469, 6.851464422652498e-05, 3.3416261430829763e-05, 7.55403607399785e-06, -0.000157528294948861, 9.75062903307844e-06, -0.00031522958306595683, -1.648620491323527e-05, 1.7376685718772933e-05, -0.00013212705380283296, -6.919544830452651e-05], [0.00011081076081609353, 0.0007072356529533863, 0.0001389719982398674, -0.00017148088954854757, -0.0002617829304654151, 3.289790765848011e-05, -0.0006632981239818037, 0.0002074021758744493, -9.70045857684454e-06, -0.0002543213195167482, -6.887104973429814e-05, -0.000280021398793906, 0.0003161622444167733], [0.000169341845321469, 0.0001389719982398674, 0.0016688535688444972, -0.00013489939738065004, 2.599919207568746e-05, -0.0005968083860352635, -6.782397394999862e-05, -0.00012347172014415264, -0.0005031125037930906, 0.0006264562834985554, -0.00045540768769569695, -0.0002470920153427869, -0.00026148490724153817], [6.851464422652498e-05, -0.00017148088954854757, -0.00013489939738065004, 0.0032588739413768053, -0.0013816365972161293, -0.0007223093416541815, 0.0006204249802976847, -0.0012578844325616956, -0.0004885964444838464, 0.000326609326293692, 0.00025854993145912886, -0.0005881408578716218, -0.0001742749591358006], [3.3416261430829763e-05, -0.0002617829304654151, 2.599919207568746e-05, -0.0013816365972161293, 0.003873374778777361, -7.154918421292678e-05, 0.00029564579017460346, 0.00019100219651591033, -0.0010893610306084156, -0.001956310123205185, 0.0014642038149759173, -0.0013437262969091535, 5.587504801951582e-06], [7.55403607399785e-06, 3.289790765848011e-05, -0.0005968083860352635, -0.0007223093416541815, -7.154918421292678e-05, 0.004178776405751705, -0.00020721017790492624, -0.0011865370906889439, -0.00016669835895299911, 0.0006186066311784089, -0.003348937723785639, 0.0014663058100268245, -0.000265013484749943], [-0.000157528294948861, -0.0006632981239818037, -6.782397394999862e-05, 0.0006204249802976847, 0.00029564579017460346, -0.00020721017790492624, 0.004981610924005508, -0.002837040927261114, 0.001071173115633428, -0.002324898261576891, -0.0007331144879572093, 0.00016995596524793655, -0.00033877434907481074], [9.75062903307844e-06, 0.0002074021758744493, -0.00012347172014415264, -0.0012578844325616956, 0.00019100219651591033, -0.0011865370906889439, -0.002837040927261114, 0.00893389992415905, -0.0024589961394667625, -2.469246282998938e-05, -5.6997720093932e-05, -0.002104503335431218, -0.00045965882600285113], [-0.00031522958306595683, -9.70045857684454e-06, -0.0005031125037930906, -0.0004885964444838464, -0.0010893610306084156, -0.00016669835895299911, 0.001071173115633428, -0.0024589961394667625, 0.008543048985302448, -0.002139463322237134, -0.0013928789412602782, 0.0009485660120844841, -0.0022309753112494946], [-1.648620491323527e-05, -0.0002543213195167482, 0.0006264562834985554, 0.000326609326293692, -0.001956310123205185, 0.0006186066311784089, -0.002324898261576891, -2.469246282998938e-05, -0.002139463322237134, 0.008516868576407433, -0.001529888017103076, -0.00019047179375775158, 0.00032479711808264256], [1.7376685718772933e-05, -6.887104973429814e-05, -0.00045540768769569695, 0.00025854993145912886, 0.0014642038149759173, -0.003348937723785639, -0.0007331144879572093, -5.6997720093932e-05, -0.0013928789412602782, -0.001529888017103076, 0.009350891225039959, -0.0005101413116790354, 0.00042324859532527626], [-0.00013212705380283296, -0.000280021398793906, -0.0002470920153427869, -0.0005881408578716218, -0.0013437262969091535, 0.0014663058100268245, 0.00016995596524793655, -0.002104503335431218, 0.0009485660120844841, -0.00019047179375775158, -0.0005101413116790354, 0.010914495214819908, -0.003990557510405779], [-6.919544830452651e-05, 0.0003161622444167733, -0.00026148490724153817, -0.0001742749591358006, 5.587504801951582e-06, -0.000265013484749943, -0.00033877434907481074, -0.00045965882600285113, -0.0022309753112494946, 0.00032479711808264256, 0.00042324859532527626, -0.003990557510405779, 0.012358562089502811]], "metadata.audio_properties.analysis.downmix": "mix", "metadata.audio_properties.codec": "mp3", "metadata.audio_properties.md5_encoded": "94ef925fc496815e9c01e75cfe8895aa", "met