{"song_id": "1182272371172847616", "download": "https://cdn.discordapp.com/attachments/1128313332273782784/1182272371172847616/chirp.mp4?ex=658417f2&amp", "lyrics": "[intro]", "style": ["American rap"], "essentia_features": {"lowlevel.average_loudness": 0.9084948301315308, "lowlevel.barkbands_crest.mean": 12.004672050476074, "lowlevel.barkbands_crest.stdev": 3.8255867958068848, "lowlevel.barkbands_flatness_db.mean": 0.19935978949069977, "lowlevel.barkbands_flatness_db.stdev": 0.06701983511447906, "lowlevel.barkbands_kurtosis.mean": 10.090893745422363, "lowlevel.barkbands_kurtosis.stdev": 8.75552749633789, "lowlevel.barkbands_skewness.mean": 2.6075758934020996, "lowlevel.barkbands_skewness.stdev": 1.0018117427825928, "lowlevel.barkbands_spread.mean": 10.637521743774414, "lowlevel.barkbands_spread.stdev": 9.846847534179688, "lowlevel.dissonance.mean": 0.44266244769096375, "lowlevel.dissonance.stdev": 0.03463487699627876, "lowlevel.dynamic_complexity": 5.513659477233887, "lowlevel.erbbands_crest.mean": 8.380467414855957, "lowlevel.erbbands_crest.stdev": 3.4028384685516357, "lowlevel.erbbands_flatness_db.mean": 0.18298597633838654, "lowlevel.erbbands_flatness_db.stdev": 0.07143883407115936, "lowlevel.erbbands_kurtosis.mean": -0.09341655671596527, "lowlevel.erbbands_kurtosis.stdev": 1.3115540742874146, "lowlevel.erbbands_skewness.mean": 0.7390707731246948, "lowlevel.erbbands_skewness.stdev": 0.41591399908065796, "lowlevel.erbbands_spread.mean": 40.32387924194336, "lowlevel.erbbands_spread.stdev": 19.260257720947266, "lowlevel.hfc.mean": 13.608260154724121, "lowlevel.hfc.stdev": 13.922832489013672, "lowlevel.loudness_ebu128.integrated": -15.885208129882812, "lowlevel.loudness_ebu128.loudness_range": 2.152070999145508, "lowlevel.loudness_ebu128.momentary.mean": -20.39553451538086, "lowlevel.loudness_ebu128.momentary.stdev": 10.49328327178955, "lowlevel.loudness_ebu128.short_term.mean": -18.591304779052734, "lowlevel.loudness_ebu128.short_term.stdev": 7.316267490386963, "lowlevel.melbands_crest.mean": 14.720354080200195, "lowlevel.melbands_crest.stdev": 4.724748611450195, "lowlevel.melbands_flatness_db.mean": 0.27807289361953735, "lowlevel.melbands_flatness_db.stdev": 0.07895749807357788, "lowlevel.melbands_kurtosis.mean": 23.748830795288086, "lowlevel.melbands_kurtosis.stdev": 20.870208740234375, "lowlevel.melbands_skewness.mean": 3.6389429569244385, "lowlevel.melbands_skewness.stdev": 1.4509464502334595, "lowlevel.melbands_spread.mean": 9.134783744812012, "lowlevel.melbands_spread.stdev": 10.285618782043457, "lowlevel.pitch_salience.mean": 0.5973096489906311, "lowlevel.pitch_salience.stdev": 0.11339610815048218, "lowlevel.silence_rate_20dB.mean": 1.0, "lowlevel.silence_rate_20dB.stdev": 0.0, "lowlevel.silence_rate_30dB.mean": 0.9401431083679199, "lowlevel.silence_rate_30dB.stdev": 0.23722238838672638, "lowlevel.silence_rate_60dB.mean": 0.1607026606798172, "lowlevel.silence_rate_60dB.stdev": 0.36725690960884094, "lowlevel.spectral_centroid.mean": 631.7490844726562, "lowlevel.spectral_centroid.stdev": 520.1116333007812, "lowlevel.spectral_complexity.mean": 14.230319023132324, "lowlevel.spectral_complexity.stdev": 7.8281121253967285, "lowlevel.spectral_decrease.mean": -9.661222044599072e-09, "lowlevel.spectral_decrease.stdev": 8.968974007927955e-09, "lowlevel.spectral_energy.mean": 0.03769798204302788, "lowlevel.spectral_energy.stdev": 0.034514814615249634, "lowlevel.spectral_energyband_high.mean": 0.000551585282664746, "lowlevel.spectral_energyband_high.stdev": 0.0013060331111773849, "lowlevel.spectral_energyband_low.mean": 0.018161794170737267, "lowlevel.spectral_energyband_low.stdev": 0.027668891474604607, "lowlevel.spectral_energyband_middle_high.mean": 0.0020415980834513903, "lowlevel.spectral_energyband_middle_high.stdev": 0.001631279825232923, "lowlevel.spectral_energyband_middle_low.mean": 0.019283954054117203, "lowlevel.spectral_energyband_middle_low.stdev": 0.016687825322151184, "lowlevel.spectral_entropy.mean": 7.089184284210205, "lowlevel.spectral_entropy.stdev": 0.6220621466636658, "lowlevel.spectral_flux.mean": 0.05817127227783203, "lowlevel.spectral_flux.stdev": 0.0622684583067894, "lowlevel.spectral_kurtosis.mean": 10.749698638916016, "lowlevel.spectral_kurtosis.stdev": 16.194461822509766, "lowlevel.spectral_rms.mean": 0.005324749741703272, "lowlevel.spectral_rms.stdev": 0.0029026903212070465, "lowlevel.spectral_rolloff.mean": 632.2385864257812, "lowlevel.spectral_rolloff.stdev": 1393.18994140625, "lowlevel.spectral_skewness.mean": 2.1140506267547607, "lowlevel.spectral_skewness.stdev": 1.1536859273910522, "lowlevel.spectral_spread.mean": 4002825.75, "lowlevel.spectral_spread.stdev": 2343324.75, "lowlevel.spectral_strongpeak.mean": 0.7068343758583069, "lowlevel.spectral_strongpeak.stdev": 0.4987823963165283, "lowlevel.zerocrossingrate.mean": 0.034631434828042984, "lowlevel.zerocrossingrate.stdev": 0.041904598474502563, "metadata.audio_properties.analysis.equal_loudness": 0.0, "metadata.audio_properties.analysis.length": 35.64798355102539, "metadata.audio_properties.analysis.sample_rate": 44100.0, "metadata.audio_properties.analysis.start_time": 0.0, "metadata.audio_properties.bit_rate": 118800.0, "metadata.audio_properties.length": 35.64799880981445, "metadata.audio_properties.lossless": 0.0, "metadata.audio_properties.number_channels": 1.0, "metadata.audio_properties.replay_gain": -9.986320495605469, "metadata.audio_properties.sample_rate": 48000.0, "rhythm.beats_count": 72.0, "rhythm.beats_loudness.mean": 0.04651152715086937, "rhythm.beats_loudness.stdev": 0.03629843518137932, "rhythm.bpm": 122.88568878173828, "rhythm.bpm_histogram_first_peak_bpm": 123.0, "rhythm.bpm_histogram_first_peak_weight": 0.05633801221847534, "rhythm.bpm_histogram_second_peak_bpm": 0.0, "rhythm.bpm_histogram_second_peak_spread": 0.0, "rhythm.bpm_histogram_second_peak_weight": 0.0, "rhythm.danceability": 0.96214759349823, "rhythm.onset_rate": 3.672981023788452, "tonal.chords_changes_rate": 0.02730819210410118, "tonal.chords_number_rate": 0.007802340667694807, "tonal.chords_strength.mean": 0.48683053255081177, "tonal.chords_strength.stdev": 0.04894020035862923, "tonal.hpcp_crest.mean": 17.984540939331055, "tonal.hpcp_crest.stdev": 7.968037128448486, "tonal.hpcp_entropy.mean": 1.5050570964813232, "tonal.hpcp_entropy.stdev": 0.6688981056213379, "tonal.key_edma.strength": 0.7436867356300354, "tonal.key_krumhansl.strength": 0.7377647161483765, "tonal.key_temperley.strength": 0.7292115092277527, "tonal.tuning_diatonic_strength": 0.5618879795074463, "tonal.tuning_equal_tempered_deviation": 0.21850557625293732, "tonal.tuning_frequency": 434.193115234375, "tonal.tuning_nontempered_energy_ratio": 0.9740869998931885, "lowlevel.barkbands.mean": [0.00042988001951016486, 0.0089414082467556, 0.0065080877393484116, 0.003966709598898888, 0.009543265216052532, 0.004060504958033562, 0.0006006208714097738, 0.0007225170847959816, 0.00027431274065747857, 0.00026462291134521365, 0.0003447675262577832, 0.000140872216434218, 0.0005062254494987428, 0.00025932909920811653, 0.00014263417688198388, 0.00011196171544725075, 9.931394015438855e-05, 7.059772906359285e-05, 0.00011248230293858796, 9.884870814858004e-05, 0.00011574949894566089, 0.00010050850687548518, 0.00010338229185435921, 8.512803469784558e-05, 6.143865903140977e-05, 3.1193747418001294e-05, 1.640624532228685e-06], "lowlevel.barkbands.stdev": [0.0010767539497464895, 0.020233754068613052, 0.012501615099608898, 0.0073534338735044, 0.00932850781828165, 0.004206086043268442, 0.0006550804246217012, 0.000823155336547643, 0.0003095648717135191, 0.0002890287432819605, 0.0003849334898404777, 0.00018584330973681062, 0.0004895871388725936, 0.00031313623185269535, 0.00015632848953828216, 0.00011687848746078089, 0.0001118838699767366, 9.806147136259824e-05, 0.00015336478827521205, 0.000230587218538858, 0.00029895544867031276, 0.0002481116680428386, 0.00024665737873874605, 0.00021913945965934545, 0.0001541191595606506, 9.991769184125587e-05, 7.958275091368705e-06], "lowlevel.erbbands.mean": [0.27680811285972595, 1.9426794052124023, 6.800283908843994, 12.053645133972168, 25.3083438873291, 22.709247589111328, 53.247108459472656, 17.6595516204834, 15.282416343688965, 8.411919593811035, 15.027457237243652, 8.692926406860352, 6.994463920593262, 12.322532653808594, 11.0350341796875, 7.349618434906006, 23.359291076660156, 17.708871841430664, 5.756522178649902, 9.129276275634766, 5.637284278869629, 5.546161651611328, 4.110780239105225, 6.056273937225342, 4.711145401000977, 4.36448860168457, 5.556113243103027, 3.830434560775757, 3.584146499633789, 3.4838790893554688, 2.756176471710205, 1.9548436403274536, 1.346199870109558, 0.786505401134491, 0.3699880838394165, 0.16645175218582153, 0.04995585232973099, 0.008214037865400314, 0.00024075043620541692, 4.931715375278145e-05], "lowlevel.erbbands.stdev": [0.6928622126579285, 4.554932117462158, 13.006248474121094, 19.466171264648438, 35.209197998046875, 23.123489379882812, 56.486183166503906, 16.27600860595703, 16.90873908996582, 12.581396102905273, 18.84906768798828, 9.275700569152832, 7.855681896209717, 15.574499130249023, 11.57335376739502, 8.094132423400879, 22.942087173461914, 20.41419219970703, 6.416464328765869, 9.556510925292969, 5.702554225921631, 6.021861553192139, 5.292351245880127, 7.584331035614014, 8.184131622314453, 9.629403114318848, 15.85168743133545, 9.510062217712402, 8.607234954833984, 8.42117977142334, 6.770049095153809, 4.822121620178223, 3.616593599319458, 1.8785902261734009, 1.0115456581115723, 0.4952651560306549, 0.17225392162799835, 0.030674219131469727, 0.0009188787662424147, 4.784759221365675e-05], "lowlevel.gfcc.mean": [-75.02568054199219, 142.30441284179688, -109.57901763916016, 31.16773796081543, -54.377113342285156, 6.308788299560547, -40.72060012817383, -10.559686660766602, -27.49799156188965, -7.066013813018799, -6.632486343383789, -5.314512729644775, -4.006875038146973], "lowlevel.melbands.mean": [0.002419242635369301, 0.0032196547836065292, 0.002439014380797744, 0.00172614271286875, 0.0016765095060691237, 0.0004878710024058819, 0.0002067083987640217, 9.84568614512682e-05, 0.00011289504618616775, 4.804287527804263e-05, 3.1529125408269465e-05, 4.658233228838071e-05, 4.2223240598104894e-05, 1.805577630875632e-05, 2.8373488021316007e-05, 5.8935038396157324e-05, 2.7955578843830153e-05, 8.34688853501575e-06, 1.0595307685434818e-05, 1.1177328815392684e-05, 5.799322025268339e-06, 6.023189598636236e-06, 4.056560101162177e-06, 3.5271091292088386e-06, 5.246875844022725e-06, 3.5350528833077988e-06, 3.2927162010309985e-06, 2.6944810542772757e-06, 3.927637862943811e-06, 2.41877933149226e-06, 2.129369249814772e-06, 2.11484552892216e-06, 1.7715974536258727e-06, 1.990941427720827e-06, 1.6050856856963946e-06, 1.4465848607869702e-06, 1.1007150533259846e-06, 9.832655223362963e-07, 8.024297812880832e-07, 6.163625698718533e-07], "lowlevel.melbands.stdev": [0.005676297936588526, 0.00572699960321188, 0.0035211022477597, 0.001987762749195099, 0.001564291655085981, 0.0004385757492855191, 0.00023102812701836228, 0.00014653462858404964, 0.00014171733346302062, 5.374523243517615e-05, 3.868147177854553e-05, 6.007943375152536e-05, 4.5435353968059644e-05, 2.2199459635885432e-05, 3.189374547218904e-05, 6.057810605852865e-05, 3.345430377521552e-05, 9.851511094893795e-06, 1.1919451935682446e-05, 1.1620378245424945e-05, 6.4399614529975224e-06, 6.769235824322095e-06, 5.030594365962315e-06, 5.173370936972788e-06, 6.6854308897745796e-06, 5.564854745898629e-06, 7.012656624283409e-06, 6.509845206892351e-06, 1.2301573406148236e-05, 5.868173047929304e-06, 5.676096861861879e-06, 5.2933305596525315e-06, 4.512817668000935e-06, 4.7520843509119e-06, 4.0466229620506056e-06, 3.5361279060452944e-06, 2.8685296911135083e-06, 2.824236844389816e-06, 2.0349189071566798e-06, 1.480481046201021e-06], "lowlevel.melbands128.mean": [0.00039862171979621053, 0.0022678871173411608, 0.0030065926257520914, 0.003215053817257285, 0.0034372066147625446, 0.003144690999761224, 0.0024913535453379154, 0.0017924105050042272, 0.0031364313326776028, 0.0015991423279047012, 0.0008231736719608307, 0.0018735616467893124, 0.0024615139700472355, 0.000773779524024576, 0.0001580071693751961, 0.0005327118560671806, 0.00046086811926215887, 4.506352706812322e-05, 3.364506846992299e-05, 0.00010111939627677202, 0.00011588860797928646, 0.00012906982738059014, 0.00015065331535879523, 3.616791218519211e-05, 6.769793981220573e-05, 3.923831900465302e-05, 2.6633651941665448e-05, 4.8157300625462085e-05, 1.2809699001081754e-05, 3.257616481278092e-05, 7.105314580257982e-05, 4.962344974046573e-05, 4.499675560509786e-05, 3.505093991407193e-05, 1.639673973841127e-05, 1.3742012924922165e-05, 1.9032302589039318e-05, 1.3758740351477172e-05, 4.406840162118897e-05, 6.958353333175182e-05, 4.9560734623810276e-05, 6.607838440686464e-05, 2.3223670723382384e-05, 1.875617090263404e-05, 7.977537279657554e-06, 6.082091658754507e-06, 8.222925316658802e-06, 8.802531738183461e-06, 1.0537327398196794e-05, 1.8685828763409518e-05, 9.376357411383651e-06, 7.758598258078564e-06, 4.881681888946332e-06, 5.192980097490363e-06, 6.795560238970211e-06, 5.702556791220559e-06, 6.3267307268688455e-06, 4.292156063456787e-06, 3.327596687086043e-06, 3.4335566851950716e-06, 3.4287452308490174e-06, 3.38303402713791e-06, 5.534390311368043e-06, 6.222735009941971e-06, 3.658918558357982e-06, 3.865068265440641e-06, 3.0876442451699404e-06, 2.8520398700493388e-06, 4.099570105609018e-06, 2.7814076020149514e-06, 2.3269558369065635e-06, 2.3941790914250305e-06, 3.996907253167592e-06, 5.088789748697309e-06, 2.843687980202958e-06, 2.193567979702493e-06, 2.3818095087335678e-06, 2.1616674530378077e-06, 2.0798104287678143e-06, 1.991053295569145e-06, 2.2924091354070697e-06, 2.416412371530896e-06, 1.3906283129472286e-06, 1.668782033448224e-06, 1.968024662346579e-06, 2.1644959815603215e-06, 1.8641928818396991e-06, 1.9526937649061438e-06, 1.5447310488525545e-06, 1.4441286566579947e-06, 1.4248898878577165e-06, 1.6345591120625613e-06, 1.1379992201909772e-06, 1.0102852456839173e-06, 1.0991369663315709e-06, 1.1550956742212293e-06, 8.571361149734003e-07, 9.46505167576106e-07, 7.637963790330105e-07, 7.833941708668135e-07, 7.015253800091159e-07, 5.578099830927385e-07, 5.775960403298086e-07, 4.480266682094225e-07, 3.9460479683839367e-07, 3.477401264717628e-07, 3.862753601424629e-07, 3.6630535760195926e-07, 2.968081389553845e-07, 2.2911201824626914e-07, 1.4969057815505948e-07, 1.777856653006893e-07, 1.5524486229878676e-07, 1.4909581125266413e-07, 1.2290782080981444e-07, 8.394447092996415e-08, 4.805221820447514e-08, 2.0880836615333465e-08, 4.377619156059609e-09, 2.4990734481811216e-10, 1.1350395623388465e-10, 1.3564281642342024e-11, 4.587564703117941e-12, 4.495952655308999e-12, 4.387218453111297e-12, 4.246357605819373e-12, 4.164467382050674e-12, 4.134841340847073e-12], "lowlevel.melbands128.stdev": [0.001046127756126225, 0.006063050590455532, 0.008361423388123512, 0.008053235709667206, 0.007306230720132589, 0.005940505303442478, 0.00430641183629632, 0.0036297678016126156, 0.004517788998782635, 0.002061747247353196, 0.0012505394406616688, 0.0018092612735927105, 0.002951035276055336, 0.000993865542113781, 0.00038390429108403623, 0.0006127717206254601, 0.0005365542019717395, 6.498205766547471e-05, 6.652803131146356e-05, 0.00017910069436766207, 0.00023627140035387129, 0.00017567868053447455, 0.00023433996830135584, 5.6641911214683205e-05, 8.733896538615227e-05, 5.7648499932838604e-05, 4.26729311584495e-05, 6.738555384799838e-05, 2.041961306531448e-05, 5.3224386647343636e-05, 0.00012159236939623952, 6.248002318898216e-05, 6.139616016298532e-05, 5.11553771502804e-05, 2.7910096832783893e-05, 2.4034672605921514e-05, 2.8091071726521477e-05, 2.004431553359609e-05, 8.239180169766769e-05, 7.994267070898786e-05, 5.848969522048719e-05, 0.0001094460894819349, 2.980855424539186e-05, 2.8521642889245413e-05, 1.2558031812659465e-05, 8.847596291161608e-06, 1.6280268027912825e-05, 1.4741779523319565e-05, 1.3275397577672265e-05, 2.373347888351418e-05, 1.3683361430594232e-05, 1.004050500341691e-05, 7.026808816590346e-06, 7.096983608789742e-06, 1.1034589078917634e-05, 8.024149792618118e-06, 8.222020369430538e-06, 6.2523563428840134e-06, 5.2768768910027575e-06, 5.030606189393438e-06, 6.565586772921961e-06, 5.276659976516385e-06, 8.001758033060469e-06, 8.637083737994544e-06, 5.482347660290543e-06, 6.522073817905039e-06, 7.389895927190082e-06, 7.230200480989879e-06, 9.229963325196877e-06, 5.68750101592741e-06, 6.686095275654225e-06, 6.164400474517606e-06, 1.446749683964299e-05, 1.8566268408903852e-05, 8.07835294835968e-06, 6.026117716828594e-06, 5.9161015997233335e-06, 6.19146794633707e-06, 6.045980626367964e-06, 6.648417638643878e-06, 6.370911250996869e-06, 6.088632744649658e-06, 3.765653900700272e-06, 4.693093160312856e-06, 6.137637228675885e-06, 5.663056526827859e-06, 4.67281688543153e-06, 5.139452696312219e-06, 4.09309177484829e-06, 4.191335847281152e-06, 3.843772901745979e-06, 4.296706720197108e-06, 2.993108182636206e-06, 2.8073227440472692e-06, 3.4031677387247328e-06, 3.7158577015361516e-06, 2.626318064358202e-06, 2.7269009024166735e-06, 2.132345571226324e-06, 2.144889776900527e-06, 1.7157141201096238e-06, 1.3630331068270607e-06, 1.8053999610856408e-06, 1.363770479656523e-06, 1.2462069207686e-06, 1.0789300404212554e-06, 1.1197480489499867e-06, 1.0779798458315781e-06, 1.0285174312230083e-06, 8.080440920821275e-07, 5.450133926387934e-07, 6.531970484502381e-07, 6.33130866845022e-07, 6.38318908841029e-07, 5.162116281098861e-07, 3.5269232512291637e-07, 2.2416679712478071e-07, 1.3299542445111e-07, 3.844755980253467e-08, 6.102583327560751e-09, 2.5150632687598318e-09, 1.4770214218362554e-10, 8.567229391187592e-12, 8.416846213055162e-12, 8.2924431210607e-12, 8.188506296635811e-12, 8.114269672843122e-12, 8.069004665822721e-12], "lowlevel.mfcc.mean": [-705.5792846679688, 155.08242797851562, 13.543932914733887, 23.666210174560547, 7.384060382843018, 10.73133373260498, -0.6806017756462097, -4.239472389221191, -13.133688926696777, -6.927613735198975, -6.72214937210083, -3.5975615978240967, -4.005199909210205], "lowlevel.spectral_contrast_coeffs.mean": [-0.6460225582122803, -0.7281167507171631, -0.7761973142623901, -0.7911990880966187, -0.8164485096931458, -0.7708914279937744], "lowlevel.spectral_contrast_coeffs.stdev": [0.07004650682210922, 0.05498671531677246, 0.04134669154882431, 0.036262672394514084, 0.026729293167591095, 0.04494495317339897], "lowlevel.spectral_contrast_valleys.mean": [-6.751524925231934, -7.347405910491943, -7.995761871337891, -8.259876251220703, -8.492525100708008, -11.533584594726562], "lowlevel.spectral_contrast_valleys.stdev": [1.8493887186050415, 1.5118658542633057, 1.5298281908035278, 1.7508783340454102, 2.0348832607269287, 2.5011086463928223], "rhythm.beats_loudness_band_ratio.mean": [0.49856865406036377, 0.4625891447067261, 0.094758540391922, 0.05177102982997894, 0.015101839788258076, 0.02035909704864025], "rhythm.beats_loudness_band_ratio.stdev": [0.27677789330482483, 0.229108527302742, 0.0834805816411972, 0.03288170322775841, 0.009185229428112507, 0.020260581746697426], "tonal.hpcp.mean": [0.06545520573854446, 0.07065572589635849, 0.03408551216125488, 0.03562824800610542, 0.022618355229496956, 0.015318998135626316, 0.03138936683535576, 0.03696363791823387, 0.03766072168946266, 0.35237860679626465, 0.4119216203689575, 0.09059090167284012, 0.012955013662576675, 0.010258185677230358, 0.013550723902881145, 0.2734779119491577, 0.3657033443450928, 0.1050318032503128, 0.010075008496642113, 0.007235124707221985, 0.00675418833270669, 0.03229702264070511, 0.03555154800415039, 0.027376877143979073, 0.06065015867352486, 0.0735425129532814, 0.06271988153457642, 0.05097240209579468, 0.03698176518082619, 0.049292586743831635, 0.45902159810066223, 0.5689820647239685, 0.15711577236652374, 0.0218508318066597, 0.011742057278752327, 0.014097809791564941], "tonal.hpcp.stdev": [0.2119012176990509, 0.22148320078849792, 0.09243854135274887, 0.10069531947374344, 0.09011125564575195, 0.09606174379587173, 0.10112380981445312, 0.11531127989292145, 0.12806284427642822, 0.3939228653907776, 0.4616149663925171, 0.13096684217453003, 0.06700385361909866, 0.07471948862075806, 0.07205718010663986, 0.3213055431842804, 0.4211738109588623, 0.14099691808223724, 0.059780023992061615, 0.04329466447234154, 0.019333915784955025, 0.06658110022544861, 0.08333475887775421, 0.07970602810382843, 0.13773004710674286, 0.18485061824321747, 0.1965530961751938, 0.16386070847511292, 0.13014979660511017, 0.1527075320482254, 0.2910648286342621, 0.34192320704460144, 0.164109468460083, 0.1050020307302475, 0.06814328581094742, 0.07700778543949127], "rhythm.beats_position": [0.5108389854431152, 1.0100680589675903, 1.5092970132827759, 1.9969160556793213, 2.4845352172851562, 2.972154140472412, 3.459773063659668, 3.947392225265503, 4.435011386871338, 4.922630310058594, 5.41024923324585, 5.8978681564331055, 6.3854875564575195, 6.873106479644775, 7.360725402832031, 7.848344326019287, 8.335963249206543, 8.823582649230957, 9.311202049255371, 9.798820495605469, 10.286439895629883, 10.77405834197998, 11.261677742004395, 11.749297142028809, 12.236915588378906, 12.72453498840332, 13.212154388427734, 13.699772834777832, 14.187392234802246, 14.675010681152344, 15.162630081176758, 15.650249481201172, 16.137868881225586, 16.625486373901367, 17.11310577392578, 17.600725173950195, 18.08834457397461, 18.575963973999023, 19.063581466674805, 19.55120086669922, 20.038820266723633, 20.526439666748047, 21.01405906677246, 21.501678466796875, 21.989295959472656, 22.47691535949707, 22.964534759521484, 23.4521541595459, 23.939773559570312, 24.427391052246094, 24.915010452270508, 25.402629852294922, 25.890249252319336, 26.37786865234375, 26.86548614501953, 27.353105545043945, 27.84072494506836, 28.339954376220703, 28.827573776245117, 29.326801300048828, 29.814420700073242, 30.302040100097656, 30.78965950012207, 31.277278900146484, 31.7648983001709, 32.25251770019531, 32.740135192871094, 33.227752685546875, 33.71537399291992, 34.2029914855957, 34.69061279296875, 35.17823028564453], "rhythm.bpm_histogram": [0.0, 0.0, 0.0, 0.0, 0.0, 0.0, 0.0, 0.0, 0.0, 0.0, 0.0, 0.0, 0.0, 0.0, 0.0, 0.0, 0.0, 0.0, 0.0, 0.0, 0.0, 0.0, 0.0, 0.0, 0.0, 0.0, 0.0, 0.0, 0.0, 0.0, 0.0, 0.0, 0.0, 0.0, 0.0, 0.0, 0.0, 0.0, 0.0, 0.0, 0.0, 0.0, 0.0, 0.0, 0.0, 0.0, 0.0, 0.0, 0.0, 0.0, 0.0, 0.0, 0.0, 0.0, 0.0, 0.0, 0.0, 0.0, 0.0, 0.0, 0.0, 0.0, 0.0, 0.0, 0.0, 0.0, 0.0, 0.0, 0.0, 0.0, 0.0, 0.0, 0.0, 0.0, 0.0, 0.0, 0.0, 0.0, 0.0, 0.0, 0.0, 0.0, 0.0, 0.0, 0.0, 0.0, 0.0, 0.0, 0.0, 0.0, 0.0, 0.0, 0.0, 0.0, 0.0, 0.0, 0.0, 0.0, 0.0, 0.0, 0.0, 0.0, 0.0, 0.0, 0.0, 0.0, 0.0, 0.0, 0.0, 0.0, 0.0, 0.0, 0.0, 0.0, 0.0, 0.0, 0.0, 0.0, 0.0, 0.0, 0.056338027119636536, 0.0, 0.0, 0.9436619877815247, 0.0, 0.0, 0.0, 0.0, 0.0, 0.0, 0.0, 0.0, 0.0, 0.0, 0.0, 0.0, 0.0, 0.0, 0.0, 0.0, 0.0, 0.0, 0.0, 0.0, 0.0, 0.0, 0.0, 0.0, 0.0, 0.0, 0.0, 0.0, 0.0, 0.0, 0.0, 0.0, 0.0, 0.0, 0.0, 0.0, 0.0, 0.0, 0.0, 0.0, 0.0, 0.0, 0.0, 0.0, 0.0, 0.0, 0.0, 0.0, 0.0, 0.0, 0.0, 0.0, 0.0, 0.0, 0.0, 0.0, 0.0, 0.0, 0.0, 0.0, 0.0, 0.0, 0.0, 0.0, 0.0, 0.0, 0.0, 0.0, 0.0, 0.0, 0.0, 0.0, 0.0, 0.0, 0.0, 0.0, 0.0, 0.0, 0.0, 0.0, 0.0, 0.0, 0.0, 0.0, 0.0, 0.0, 0.0, 0.0, 0.0, 0.0, 0.0, 0.0, 0.0, 0.0, 0.0, 0.0, 0.0, 0.0, 0.0, 0.0, 0.0, 0.0, 0.0, 0.0, 0.0, 0.0, 0.0, 0.0, 0.0, 0.0, 0.0, 0.0, 0.0, 0.0, 0.0, 0.0, 0.0, 0.0, 0.0, 0.0, 0.0, 0.0, 0.0, 0.0, 0.0, 0.0], "tonal.chords_histogram": [41.612483978271484, 0.0, 34.85045623779297, 0.0, 0.0, 0.0, 0.0, 0.0, 0.0, 0.0, 0.0, 0.0, 0.0, 0.0, 0.0, 0.0, 0.0, 0.0, 0.0, 8.452535629272461, 0.0, 4.161248207092285, 3.641092300415039, 7.282184600830078], "tonal.thpcp": [1.0, 0.2761348485946655, 0.03840337693691254, 0.02063695527613163, 0.02477724850177765, 0.11503913998603821, 0.1241791769862175, 0.05990612879395485, 0.06261752545833588, 0.03975231572985649, 0.026923516765236855, 0.055167585611343384, 0.06496450304985046, 0.06618964672088623, 0.6193140745162964, 0.7239624261856079, 0.1592157483100891, 0.02276875637471676, 0.01802901364862919, 0.023815730586647987, 0.480644166469574, 0.6427326202392578, 0.184595987200737, 0.01770707592368126, 0.012715909630060196, 0.011870652437210083, 0.05676281452178955, 0.062482722103595734, 0.04811553657054901, 0.10659414529800415, 0.12925277650356293, 0.11023173481225967, 0.08958525210618973, 0.06499636173248291, 0.08663293719291687, 0.8067417740821838], "lowlevel.gfcc.cov": [[34668.75390625, -5513.50244140625, 749.3060913085938, 4449.72998046875, -1413.0982666015625, 2704.03369140625, -1108.8795166015625, 649.0757446289062, -482.4322509765625, 543.1046752929688, -986.4307250976562, -588.2583618164062, -966.9514770507812], [-5513.50244140625, 3196.7373046875, -882.5429077148438, -763.8677368164062, 630.8963623046875, -804.4347534179688, 527.5571899414062, -371.8624267578125, 352.2490539550781, -377.0408630371094, 486.4486999511719, -115.2099838256836, 434.2525329589844], [749.3060913085938, -882.5429077148438, 519.806640625, 131.27574157714844, -58.55958557128906, 234.26011657714844, -110.41061401367188, 147.30401611328125, -92.70755767822266, 165.08834838867188, -130.8039093017578, 100.57403564453125, -133.96554565429688], [4449.72998046875, -763.8677368164062, 131.27574157714844, 816.7353515625, -126.23856353759766, 450.1823425292969, -87.16393280029297, 101.69400787353516, 12.572848320007324, 47.89091110229492, -80.72559356689453, -135.73974609375, -89.64105987548828], [-1413.0982666015625, 630.8963623046875, -58.55958557128906, -126.23856353759766, 294.4814758300781, -141.40415954589844, 180.76939392089844, -60.289730072021484, 91.9947509765625, -49.018550872802734, 102.71127319335938, 10.002978324890137, 88.9160385131836], [2704.03369140625, -804.4347534179688, 234.26011657714844, 450.1823425292969, -141.40415954589844, 389.6856384277344, -122.84508514404297, 130.3040008544922, -45.8386344909668, 96.41669464111328, -93.21202850341797, -22.154375076293945, -86.78653717041016], [-1108.8795166015625, 527.5571899414062, -110.41061401367188, -87.16393280029297, 180.76939392089844, -122.84508514404297, 192.55592346191406, -43.71696853637695, 107.70763397216797, -51.807498931884766, 100.06278228759766, -9.536569595336914, 89.5184326171875], [649.0757446289062, -371.8624267578125, 147.30401611328125, 101.69400787353516, -60.289730072021484, 130.3040008544922, -43.71696853637695, 119.26319122314453, -6.817104339599609, 82.50128936767578, -39.06157684326172, 24.389467239379883, -43.77492141723633], [-482.4322509765625, 352.2490539550781, -92.70755767822266, 12.572848320007324, 91.9947509765625, -45.8386344909668, 107.70763397216797, -6.817104339599609, 139.45643615722656, -12.443867683410645, 96.42520904541016, -31.733924865722656, 65.43318939208984], [543.1046752929688, -377.0408630371094, 165.08834838867188, 47.89091110229492, -49.018550872802734, 96.41669464111328, -51.807498931884766, 82.50128936767578, -12.443867683410645, 132.58584594726562, -30.027626037597656, 58.34884262084961, -53.6822509765625], [-986.4307250976562, 486.4486999511719, -130.8039093017578, -80.72559356689453, 102.71127319335938, -93.21202850341797, 100.06278228759766, -39.06157684326172, 96.42520904541016, -30.027626037597656, 146.5685272216797, -2.043530225753784, 99.61404418945312], [-588.2583618164062, -115.2099838256836, 100.57403564453125, -135.73974609375, 10.002978324890137, -22.154375076293945, -9.536569595336914, 24.389467239379883, -31.733924865722656, 58.34884262084961, -2.043530225753784, 122.00301361083984, 12.270496368408203], [-966.9514770507812, 434.2525329589844, -133.96554565429688, -89.64105987548828, 88.9160385131836, -86.78653717041016, 89.5184326171875, -43.77492141723633, 65.43318939208984, -53.6822509765625, 99.61404418945312, 12.270496368408203, 127.84500885009766]], "lowlevel.gfcc.icov": [[0.00026040530065074563, -0.000552583544049412, 0.0005602844175882638, -0.001533204922452569, 0.0006077208672650158, -0.000560187385417521, -3.444526009843685e-05, 0.00010041801579063758, 0.0006276263738982379, -0.0010067778639495373, 0.0011407732963562012, -0.001053259358741343, 0.0010824082419276237], [-0.000552583544049412, 0.004174807108938694, 0.00031983392545953393, 0.004465368110686541, -0.004507619887590408, 0.0025514625012874603, 0.0006104460917413235, 0.00015724721015430987, -0.002236525295302272, 0.003541627898812294, -0.005444386973977089, 0.00486655393615365, -0.0039935652166605], [0.0005602844175882638, 0.00031983392545953393, 0.008441504091024399, -0.0019239532994106412, -0.0030919359996914864, -0.003909714985638857, 0.0005346158868633211, -0.0018734296318143606, 0.0013435641303658485, -0.002988147083669901, 0.002620927058160305, -0.004877971485257149, 0.0056121028028428555], [-0.001533204922452569, 0.004465368110686541, -0.0019239532994106412, 0.015363361686468124, -0.005150094162672758, -0.0040131984278559685, -0.0005314596346579492, 0.0017878548242151737, -0.00592856016010046, 0.006133122369647026, -0.0070366584695875645, 0.01081943791359663, -0.006111776456236839], [0.0006077208672650158, -0.004507619887590408, -0.0030919359996914864, -0.005150094162672758, 0.014698325656354427, -0.0014894749037921429, -0.008762058801949024, 0.002892572432756424, 0.0027261292561888695, -0.0034719922114163637, 0.004048220347613096, -0.005154391285032034, 0.003435702994465828], [-0.000560187385417521, 0.0025514625012874603, -0.003909714985638857, -0.0040131984278559685, -0.0014894749037921429, 0.01870673894882202, 0.0031758169643580914, -0.006705062463879585, 0.0012921006418764591, 0.0014000986702740192, -0.004142220132052898, 0.003958089277148247, -0.007824897766113281], [-3.444526009843685e-05, 0.0006104460917413235, 0.0005346158868633211, -0.0005314596346579492, -0.008762058801949024, 0.0031758169643580914, 0.020270636305212975, -0.0025896152947098017, -0.008901492692530155, 0.004017782863229513, 1.8005925994657446e-07, -0.0011978278635069728, -0.002619175473228097], [0.00010041801579063758, 0.00015724721015430987, -0.0018734296318143606, 0.0017878548242151737, 0.002892572432756424, -0.006705062463879585, -0.0025896152947098017, 0.022651242092251778, -0.004804420284926891, -0.007707221899181604, 0.0030156848952174187, 0.0005338044720701873, -0.0006566790398210287], [0.0006276263738982379, -0.002236525295302272, 0.0013435641303658485, -0.00592856016010046, 0.0027261292561888695, 0.0012921006418764591, -0.008901492692530155, -0.004804420284926891, 0.025949224829673767, -0.010209997184574604, -0.005264222621917725, 0.0051105390302836895, -0.0007933805463835597], [-0.0010067778639495373, 0.003541627898812294, -0.002988147083669901, 0.006133122369647026, -0.0034719922114163637, 0.0014000986702740192, 0.004017782863229513, -0.007707221899181604, -0.010209997184574604, 0.029807746410369873, -0.010949777439236641, -0.007571620400995016, 0.006437952164560556], [0.0011407732963562012, -0.005444386973977089, 0.002620927058160305, -0.0070366584695875645, 0.004048220347613096, -0.004142220132052898, 1.8005925994657446e-07, 0.0030156848952174187, -0.005264222621917725, -0.010949777439236641, 0.030923521146178246, -0.006424553692340851, -0.005043076816946268], [-0.001053259358741343, 0.00486655393615365, -0.004877971485257149, 0.01081943791359663, -0.005154391285032034, 0.003958089277148247, -0.0011978278635069728, 0.0005338044720701873, 0.0051105390302836895, -0.007571620400995016, -0.006424553692340851, 0.031420331448316574, -0.018533332273364067], [0.0010824082419276237, -0.0039935652166605, 0.0056121028028428555, -0.006111776456236839, 0.003435702994465828, -0.007824897766113281, -0.002619175473228097, -0.0006566790398210287, -0.0007933805463835597, 0.006437952164560556, -0.005043076816946268, -0.018533332273364067, 0.03389447554945946]], "lowlevel.mfcc.cov": [[24260.287109375, -2903.976318359375, 97.12496948242188, 1901.3497314453125, 743.1622924804688, 1108.0025634765625, 320.85931396484375, 253.65745544433594, 266.133544921875, 735.8619995117188, 351.1792907714844, 72.84475708007812, -322.3005065917969], [-2903.976318359375, 2184.302978515625, -648.0512084960938, 19.47484016418457, -40.4459228515625, -111.0477294921875, 11.7133150100708, 47.71653366088867, -32.07275390625, -63.835384368896484, -36.21141052246094, 7.199146270751953, 55.0415153503418], [97.12496948242188, -648.0512084960938, 449.7779541015625, -127.14734649658203, 29.40522575378418, 8.191126823425293, -5.647023677825928, -28.790006637573242, 0.25772738456726074, -13.292770385742188, 12.384263038635254, 14.29139232635498, 22.675474166870117], [1901.3497314453125, 19.47484016418457, -127.14734649658203, 330.1748046875, 88.47626495361328, 139.60716247558594, 57.54246139526367, 59.4194450378418, 43.776092529296875, 97.39957427978516, 47.88967514038086, 18.35253143310547, -19.715532302856445], [743.1622924804688, -40.4459228515625, 29.40522575378418, 88.47626495361328, 125.47225189208984, 75.30994415283203, 45.489566802978516, 34.62810134887695, 26.340728759765625, 41.30019760131836, 28.285383224487305, 14.17651653289795, 5.879619598388672], [1108.0025634765625, -111.0477294921875, 8.191126823425293, 139.60716247558594, 75.30994415283203, 131.6504364013672, 48.87593460083008, 37.68321228027344, 29.810331344604492, 47.48188781738281, 24.296632766723633, 9.961699485778809, -7.917272567749023], [320.85931396484375, 11.7133150100708, -5.647023677825928, 57.54246139526367, 45.489566802978516, 48.87593460083008, 65.98890686035156, 31.682111740112305, 20.428586959838867, 18.155668258666992, 6.347894668579102, 7.400552749633789, 7.418951511383057], [253.65745544433594, 47.71653366088867, -28.790006637573242, 59.4194450378418, 34.62810134887695, 37.68321228027344, 31.682111740112305, 59.87474060058594, 29.725698471069336, 21.92912483215332, 8.066303253173828, 3.70322585105896, -2.037228584289551], [266.133544921875, -32.07275390625, 0.25772738456726074, 43.776092529296875, 26.340728759765625, 29.810331344604492, 20.428586959838867, 29.725698471069336, 57.35873794555664, 34.616458892822266, 18.50994300842285, 11.544991493225098, 6.118381500244141], [735.8619995117188, -63.835384368896484, -13.292770385742188, 97.39957427978516, 41.30019760131836, 47.48188781738281, 18.155668258666992, 21.92912483215332, 34.616458892822266, 88.23931884765625, 44.440765380859375, 20.442886352539062, 0.5745791792869568], [351.1792907714844, -36.21141052246094, 12.384263038635254, 47.88967514038086, 28.285383224487305, 24.296632766723633, 6.347894668579102, 8.066303253173828, 18.50994300842285, 44.440765380859375, 61.658382415771484, 31.754175186157227, 13.031089782714844], [72.84475708007812, 7.199146270751953, 14.29139232635498, 18.35253143310547, 14.17651653289795, 9.961699485778809, 7.400552749633789, 3.70322585105896, 11.544991493225098, 20.442886352539062, 31.754175186157227, 52.7264404296875, 30.272180557250977], [-322.3005065917969, 55.0415153503418, 22.675474166870117, -19.715532302856445, 5.879619598388672, -7.917272567749023, 7.418951511383057, -2.037228584289551, 6.118381500244141, 0.5745791792869568, 13.031089782714844, 30.272180557250977, 61.764156341552734]], "lowlevel.mfcc.icov": [[0.00012550682004075497, 0.00015692833403591067, 6.486188067356125e-05, -0.0005111248465254903, -0.00023659499129280448, -0.0002554702223278582, 7.341261516558006e-05, 0.00017121998826041818, 0.00012273436004761606, -0.00021387988817878067, 4.4091273593949154e-05, -0.00011822738451883197, 0.0003531901747919619], [0.00015692833403591067, 0.0012529195519164205, 0.0017519344110041857, -0.00034490242251195014, -0.0009331046603620052, 0.00040657669887878, -8.708833047421649e-05, -0.0006799488328397274, 0.0007121364469639957, 0.0005068142199888825, -0.00011667374201351777, -0.0003233952447772026, -0.000814101193100214], [6.486188067356125e-05, 0.0017519344110041857, 0.005848465953022242, 0.002622427185997367, -0.002361843129619956, -0.0012557703303173184, 4.0117360185831785e-05, 0.00026755823637358844, 0.0003196808975189924, 0.0010029127588495612, -0.0010737060802057385, -0.0006713982438668609, -0.001950359670445323], [-0.0005111248465254903, -0.00034490242251195014, 0.002622427185997367, 0.011076368391513824, 0.00017153665248770267, -0.005633657332509756, -0.0007834649295546114, -0.002243596827611327, 0.0007416126318275928, -0.0037345767486840487, -0.0011612153612077236, -0.0005156212719157338, -4.631995761883445e-05], [-0.00023659499129280448, -0.0009331046603620052, -0.002361843129619956, 0.00017153665248770267, 0.015550355426967144, -0.004404368810355663, -0.004649880342185497, -0.0026670461520552635, 0.0003370989579707384, -0.0015177639434114099, -0.0029616381507366896, 0.0015063078608363867, -0.001188238151371479], [-0.0002554702223278582, 0.00040657669887878, -0.0012557703303173184, -0.005633657332509756, -0.004404368810355663, 0.02125239185988903, -0.005938958376646042, -0.0018093012040480971, -0.0010372602846473455, 0.0010562181705608964, 0.00022635399363934994, -7.690536585869268e-05, 0.0008473791531287134], [7.341261516558006e-05, -8.708833047421649e-05, 4.0117360185831785e-05, -0.0007834649295546114, -0.004649880342185497, -0.005938958376646042, 0.027136821299791336, -0.007518999744206667, -0.0014094376238062978, 0.0005777178448624909, 0.004064693581312895, -0.0008348082192242146, -0.003944546915590763], [0.00017121998826041818, -0.0006799488328397274, 0.00026755823637358844, -0.002243596827611327, -0.0026670461520552635, -0.0018093012040480971, -0.007518999744206667, 0.031187845394015312, -0.011961659416556358, 0.0006012411904521286, 0.0013305873144418001, 5.872929250472225e-05, 0.0035086532589048147], [0.00012273436004761606, 0.0007121364469639957, 0.0003196808975189924, 0.0007416126318275928, 0.0003370989579707384, -0.0010372602846473455, -0.0014094376238062978, -0.011961659416556358, 0.029699739068746567, -0.008770435117185116, -0.0006565610528923571, -0.0006408702465705574, -0.0026729500386863947], [-0.00021387988817878067, 0.0005068142199888825, 0.0010029127588495612, -0.0037345767486840487, -0.0015177639434114099, 0.0010562181705608964, 0.0005777178448624909, 0.0006012411904521286, -0.008770435117185116, 0.027619341388344765, -0.013119623996317387, 0.0002447401639074087, 0.00036219204775989056], [4.4091273593949154e-05, -0.00011667374201351777, -0.0010737060802057385, -0.0011612153612077236, -0.0029616381507366896, 0.00022635399363934994, 0.004064693581312895, 0.0013305873144418001, -0.0006565610528923571, -0.013119623996317387, 0.03526158258318901, -0.015628475695848465, 0.0006316323997452855], [-0.00011822738451883197, -0.0003233952447772026, -0.0006713982438668609, -0.0005156212719157338, 0.0015063078608363867, -7.690536585869268e-05, -0.0008348082192242146, 5.872929250472225e-05, -0.0006408702465705574, 0.0002447401639074087, -0.015628475695848465, 0.03751414269208908, -0.015325987711548805], [0.0003531901747919619, -0.000814101193100214, -0.001950359670445323, -4.631995761883445e-05, -0.001188238151371479, 0.0008473791531287134, -0.003944546915590763, 0.0035086532589048147, -0.0026729500386863947, 0.00036219204775989056, 0.0006316323997452855, -0.015325987711548805, 0.02791147492825985]], "metadata.audio_properties.analysis.downmix": "mix", "metadata.audio_properties.codec": "mp3", "metadata.audio_properties.md5_encoded": "2042b875ad8a6d6253323b67e4694869", "metadata.tags.file_name": "1182272371172847616.mp3", "metadata.version.essentia": "2.1-beta6-dev", "metadata.version.essentia_git_sha": "v2.1_beta5-1110-g77a6a954", "metadata.version.extractor": "music 2.0", "tonal.chords_key": "C", "tonal.chords_scale": "major", "tonal.key_edma.key": "C", "tonal.key_edma.scale": "major", "tonal.key_krumhansl.key": "C", "tonal.key_krumhansl.scale": "major", "tonal.key_temperley.key": "C", "tonal.key_temperley.scale": "major", "metadata.tags.encoding": ["Lavf58.45.100"]}, "essentia_models": [{"model_name": "genre_dortmund", "activations": {"alternative": "0.40004548", "blues": "0.021931661", "electronic": "0.31357238", "folkcountry": "0.13091336", "funksoulrnb": "0.041434094", "jazz": "0.19405647", "pop": "0.16125378", "raphiphop