{"song_id": "1182275856194879488", "download": "https://cdn.discordapp.com/attachments/1128313332273782784/1182275856194879488/chirp.mp4?ex=65841b31&amp", "lyrics": "mood by beat by keep going relax", "style": ["American rap"], "essentia_features": {"lowlevel.average_loudness": 0.7546670436859131, "lowlevel.barkbands_crest.mean": 15.466306686401367, "lowlevel.barkbands_crest.stdev": 3.6835856437683105, "lowlevel.barkbands_flatness_db.mean": 0.42009592056274414, "lowlevel.barkbands_flatness_db.stdev": 0.14194832742214203, "lowlevel.barkbands_kurtosis.mean": 18.080232620239258, "lowlevel.barkbands_kurtosis.stdev": 31.584331512451172, "lowlevel.barkbands_skewness.mean": 2.5224926471710205, "lowlevel.barkbands_skewness.stdev": 1.8915901184082031, "lowlevel.barkbands_spread.mean": 4.917006969451904, "lowlevel.barkbands_spread.stdev": 9.213760375976562, "lowlevel.dissonance.mean": 0.3629460036754608, "lowlevel.dissonance.stdev": 0.07587413489818573, "lowlevel.dynamic_complexity": 7.671301364898682, "lowlevel.erbbands_crest.mean": 9.987886428833008, "lowlevel.erbbands_crest.stdev": 3.9576656818389893, "lowlevel.erbbands_flatness_db.mean": 0.2942062020301819, "lowlevel.erbbands_flatness_db.stdev": 0.10533968359231949, "lowlevel.erbbands_kurtosis.mean": 5.690055847167969, "lowlevel.erbbands_kurtosis.stdev": 8.609756469726562, "lowlevel.erbbands_skewness.mean": 1.3090535402297974, "lowlevel.erbbands_skewness.stdev": 1.1720569133758545, "lowlevel.erbbands_spread.mean": 18.90826416015625, "lowlevel.erbbands_spread.stdev": 19.710060119628906, "lowlevel.hfc.mean": 8.929647445678711, "lowlevel.hfc.stdev": 8.614509582519531, "lowlevel.loudness_ebu128.integrated": -18.864839553833008, "lowlevel.loudness_ebu128.loudness_range": 15.403875350952148, "lowlevel.loudness_ebu128.momentary.mean": -24.805253982543945, "lowlevel.loudness_ebu128.momentary.stdev": 11.682012557983398, "lowlevel.loudness_ebu128.short_term.mean": -22.554664611816406, "lowlevel.loudness_ebu128.short_term.stdev": 6.7335004806518555, "lowlevel.melbands_crest.mean": 19.83499526977539, "lowlevel.melbands_crest.stdev": 5.091670036315918, "lowlevel.melbands_flatness_db.mean": 0.5431039333343506, "lowlevel.melbands_flatness_db.stdev": 0.17590880393981934, "lowlevel.melbands_kurtosis.mean": 26.882328033447266, "lowlevel.melbands_kurtosis.stdev": 52.69548034667969, "lowlevel.melbands_skewness.mean": 2.9526054859161377, "lowlevel.melbands_skewness.stdev": 1.9893449544906616, "lowlevel.melbands_spread.mean": 5.334737300872803, "lowlevel.melbands_spread.stdev": 15.08238410949707, "lowlevel.pitch_salience.mean": 0.44135797023773193, "lowlevel.pitch_salience.stdev": 0.11813095211982727, "lowlevel.silence_rate_20dB.mean": 1.0, "lowlevel.silence_rate_20dB.stdev": 0.0, "lowlevel.silence_rate_30dB.mean": 0.7186183929443359, "lowlevel.silence_rate_30dB.stdev": 0.4496750235557556, "lowlevel.silence_rate_60dB.mean": 0.2173546701669693, "lowlevel.silence_rate_60dB.stdev": 0.4124448895454407, "lowlevel.spectral_centroid.mean": 446.17327880859375, "lowlevel.spectral_centroid.stdev": 1067.3404541015625, "lowlevel.spectral_complexity.mean": 6.443976402282715, "lowlevel.spectral_complexity.stdev": 4.275976181030273, "lowlevel.spectral_decrease.mean": -1.6214979581263833e-08, "lowlevel.spectral_decrease.stdev": 1.5252533458465223e-08, "lowlevel.spectral_energy.mean": 0.062008947134017944, "lowlevel.spectral_energy.stdev": 0.05828636884689331, "lowlevel.spectral_energyband_high.mean": 5.29941389686428e-05, "lowlevel.spectral_energyband_high.stdev": 0.00014008690777700394, "lowlevel.spectral_energyband_low.mean": 0.046621792018413544, "lowlevel.spectral_energyband_low.stdev": 0.04600410908460617, "lowlevel.spectral_energyband_middle_high.mean": 0.00047648439067415893, "lowlevel.spectral_energyband_middle_high.stdev": 0.0011318897595629096, "lowlevel.spectral_energyband_middle_low.mean": 0.016250750049948692, "lowlevel.spectral_energyband_middle_low.stdev": 0.01750059239566326, "lowlevel.spectral_entropy.mean": 5.61160945892334, "lowlevel.spectral_entropy.stdev": 1.052168369293213, "lowlevel.spectral_flux.mean": 0.04677450656890869, "lowlevel.spectral_flux.stdev": 0.05409999191761017, "lowlevel.spectral_kurtosis.mean": 106.76571655273438, "lowlevel.spectral_kurtosis.stdev": 165.92543029785156, "lowlevel.spectral_rms.mean": 0.00645019905641675, "lowlevel.spectral_rms.stdev": 0.004346426110714674, "lowlevel.spectral_rolloff.mean": 561.6227416992188, "lowlevel.spectral_rolloff.stdev": 2055.041748046875, "lowlevel.spectral_skewness.mean": 6.871429920196533, "lowlevel.spectral_skewness.stdev": 5.552127838134766, "lowlevel.spectral_spread.mean": 3065643.25, "lowlevel.spectral_spread.stdev": 4119714.5, "lowlevel.spectral_strongpeak.mean": 0.5403214693069458, "lowlevel.spectral_strongpeak.stdev": 0.423563688993454, "lowlevel.zerocrossingrate.mean": 0.022985417395830154, "lowlevel.zerocrossingrate.stdev": 0.06654716283082962, "metadata.audio_properties.analysis.equal_loudness": 0.0, "metadata.audio_properties.analysis.length": 27.519977569580078, "metadata.audio_properties.analysis.sample_rate": 44100.0, "metadata.audio_properties.analysis.start_time": 0.0, "metadata.audio_properties.bit_rate": 118690.0, "metadata.audio_properties.length": 27.520000457763672, "metadata.audio_properties.lossless": 0.0, "metadata.audio_properties.number_channels": 1.0, "metadata.audio_properties.replay_gain": -5.33281135559082, "metadata.audio_properties.sample_rate": 48000.0, "rhythm.beats_count": 40.0, "rhythm.beats_loudness.mean": 0.06335252523422241, "rhythm.beats_loudness.stdev": 0.05660250782966614, "rhythm.bpm": 89.78970336914062, "rhythm.bpm_histogram_first_peak_bpm": 91.0, "rhythm.bpm_histogram_first_peak_weight": 0.4736841917037964, "rhythm.bpm_histogram_second_peak_bpm": 86.0, "rhythm.bpm_histogram_second_peak_spread": 0.0, "rhythm.bpm_histogram_second_peak_weight": 0.025641025975346565, "rhythm.danceability": 0.9751996397972107, "rhythm.onset_rate": 4.35747766494751, "tonal.chords_changes_rate": 0.08922559022903442, "tonal.chords_number_rate": 0.020202020183205605, "tonal.chords_strength.mean": 0.41492486000061035, "tonal.chords_strength.stdev": 0.07829362154006958, "tonal.hpcp_crest.mean": 18.132658004760742, "tonal.hpcp_crest.stdev": 8.219924926757812, "tonal.hpcp_entropy.mean": 1.4081231355667114, "tonal.hpcp_entropy.stdev": 0.7445168495178223, "tonal.key_edma.strength": 0.585330069065094, "tonal.key_krumhansl.strength": 0.5928788185119629, "tonal.key_temperley.strength": 0.6044113636016846, "tonal.tuning_diatonic_strength": 0.4382763206958771, "tonal.tuning_equal_tempered_deviation": 0.06716877967119217, "tonal.tuning_frequency": 438.47772216796875, "tonal.tuning_nontempered_energy_ratio": 0.6502945423126221, "lowlevel.barkbands.mean": [0.0006519531016238034, 0.03279820829629898, 0.011785607784986496, 0.0036128743086010218, 0.008744778111577034, 0.0023467696737498045, 0.000728393963072449, 0.0005072814528830349, 0.00029609378543682396, 0.0002056696976069361, 0.00011190636723767966, 6.652057345490903e-05, 2.6188816264038906e-05, 1.811685251595918e-05, 9.075289199245162e-06, 7.4743106779351365e-06, 1.2105056157452054e-05, 1.0188923624809831e-05, 1.1747913958970457e-05, 1.1296031516394578e-05, 1.0585604286461603e-05, 1.430986503692111e-05, 5.4229549277806655e-06, 4.913023985864129e-06, 4.690724381362088e-06, 6.917988685017917e-06, 9.295396452557725e-09], "lowlevel.barkbands.stdev": [0.002368506044149399, 0.03160647302865982, 0.01935659348964691, 0.005551734007894993, 0.010274158790707588, 0.0032602872233837843, 0.0012632128782570362, 0.0009549148380756378, 0.000591635936871171, 0.0007017282187007368, 0.00034478475572541356, 0.00018636108143255115, 0.00011223946057725698, 8.37654952192679e-05, 7.205561269074678e-05, 4.4495976908365265e-05, 8.824326505418867e-05, 7.043352525215596e-05, 6.348982424242422e-05, 5.735243030358106e-05, 3.9495072996942326e-05, 3.758898310479708e-05, 1.5957932191668078e-05, 1.695717583061196e-05, 1.5530993550783023e-05, 2.3190579668153077e-05, 6.864707557951988e-08], "lowlevel.erbbands.mean": [0.5586408376693726, 8.397772789001465, 18.607620239257812, 9.600281715393066, 23.822216033935547, 26.63273048400879, 24.082054138183594, 20.404592514038086, 12.301274299621582, 10.977056503295898, 9.67842960357666, 7.617573261260986, 5.663079261779785, 5.557494640350342, 5.42879056930542, 3.030324935913086, 1.4377802610397339, 1.0589163303375244, 0.5242512822151184, 0.4590170681476593, 0.4607294499874115, 0.6895574331283569, 0.5921857357025146, 0.6040828227996826, 0.5341084599494934, 0.5144407153129578, 0.47988057136535645, 0.36827847361564636, 0.46311378479003906, 0.40424829721450806, 0.1388682872056961, 0.0932435616850853, 0.08507423102855682, 0.0458388552069664, 0.036875080317258835, 0.03632664307951927, 0.012455797754228115, 0.0006820561247877777, 4.21791773987934e-05, 6.825438322266564e-05], "lowlevel.erbbands.stdev": [0.9189354181289673, 8.222150802612305, 26.68672752380371, 13.231331825256348, 33.26899719238281, 33.9462890625, 32.298221588134766, 26.619787216186523, 19.554716110229492, 20.18054962158203, 19.885292053222656, 14.755997657775879, 16.516630172729492, 15.313922882080078, 16.856109619140625, 8.19957160949707, 5.444109916687012, 4.455568313598633, 3.644195795059204, 3.0308947563171387, 3.432985544204712, 4.736039638519287, 3.952322244644165, 3.369997978210449, 2.755812883377075, 2.59834885597229, 2.081712007522583, 1.2739559412002563, 1.2587324380874634, 1.1197062730789185, 0.37657323479652405, 0.2599545419216156, 0.36806991696357727, 0.17901039123535156, 0.11686411499977112, 0.12165749073028564, 0.04189499467611313, 0.002251462312415242, 5.694009087164886e-05, 6.389670306816697e-05], "lowlevel.gfcc.mean": [-228.35975646972656, 179.7669219970703, 3.0145092010498047, 18.988994598388672, -68.96442413330078, 7.458383560180664, -6.320995330810547, -8.778202056884766, -21.268709182739258, -2.562736988067627, -10.232572555541992, -2.299731731414795, -5.657083988189697], "lowlevel.melbands.mean": [0.00707009295001626, 0.010241997428238392, 0.0021951571106910706, 0.0018390255281701684, 0.0009820259874686599, 0.00043961257324554026, 0.00017532023775856942, 0.00011582191655179486, 7.075902249198407e-05, 4.583082773024216e-05, 2.8743854272761382e-05, 2.4825991204124875e-05, 1.5917152268229984e-05, 1.092302227334585e-05, 4.883066594629781e-06, 2.2154399630380794e-06, 1.99819396584644e-06, 8.33377384878986e-07, 6.421260536626505e-07, 5.539911285268317e-07, 5.389743478190212e-07, 6.89802334363776e-07, 7.099960157574969e-07, 4.2831962332456897e-07, 5.000493388251925e-07, 4.0748673768575827e-07, 3.687245850869658e-07, 3.445317986461305e-07, 2.9142663038328465e-07, 2.8916460337313765e-07, 1.8587135741654492e-07, 2.1951271378384263e-07, 3.4717555763563723e-07, 1.7047662481672887e-07, 8.113337202075854e-08, 5.5818688338149514e-08, 6.032875177197639e-08, 6.24579143959636e-08, 4.516970264489828e-08, 3.783144819635709e-08], "lowlevel.melbands.stdev": [0.007665018085390329, 0.01186465099453926, 0.0027648392133414745, 0.0022188632283359766, 0.00125713343732059, 0.0005801722873002291, 0.00028844366897828877, 0.00021100480807945132, 0.00014508191088680178, 9.431526996195316e-05, 8.970955241238698e-05, 7.27766819181852e-05, 4.64683907921426e-05, 2.865920032490976e-05, 1.4858949725748971e-05, 1.0506139005883597e-05, 8.401918421441223e-06, 6.187904091348173e-06, 5.182953827898018e-06, 2.8205415674165124e-06, 4.589662239595782e-06, 5.086598775960738e-06, 5.102708655613242e-06, 3.0134863209241303e-06, 2.818925850078813e-06, 2.233450231869938e-06, 1.8373121974946116e-06, 1.824257310545363e-06, 1.3859886394129717e-06, 1.1516973472680547e-06, 6.521486852761882e-07, 6.475591476373666e-07, 9.353340715279046e-07, 5.125604616296187e-07, 2.413247841559496e-07, 1.487619556428399e-07, 2.049228697842409e-07, 2.6667083830034244e-07, 2.0664040789597493e-07, 1.5076716408657376e-07], "lowlevel.melbands128.mean": [0.0006095736171118915, 0.0032769946847110987, 0.008486486971378326, 0.016615508124232292, 0.012895301915705204, 0.00412920955568552, 0.001475990517064929, 0.002024963730946183, 0.0027286678086966276, 0.0017371561843901873, 0.0013450041878968477, 0.0015128595987334847, 0.0007523105596192181, 0.0005297228344716132, 0.0005529532791115344, 0.0003262519312556833, 0.0002133284870069474, 0.00016279534611385316, 9.291993774240837e-05, 0.0001450312411179766, 0.00010553980246186256, 8.93909964361228e-05, 7.608253508806229e-05, 3.414325328776613e-05, 5.513793075806461e-05, 4.824817369808443e-05, 3.118210952379741e-05, 1.4273004126152955e-05, 4.1189221519744024e-05, 3.939350426662713e-05, 1.2326411706453655e-05, 7.873683898651507e-06, 1.532680107629858e-05, 2.7967163987341337e-05, 8.21436242404161e-06, 8.954896657087374e-06, 8.168989552359562e-06, 3.496985527817742e-06, 4.497059762798017e-06, 2.7458979729999555e-06, 1.5094335594767472e-06, 1.5666520312151988e-06, 2.2987444481259445e-06, 2.3439874894393142e-06, 6.301863777480321e-07, 7.910586532489106e-07, 6.860407211206621e-07, 5.562458795793646e-07, 7.348527333306265e-07, 5.697635856449779e-07, 5.613862867903663e-07, 4.773575028593768e-07, 5.203229420658317e-07, 5.152583639755903e-07, 6.675692816315859e-07, 6.527038749482017e-07, 7.851719487916853e-07, 8.153442649927456e-07, 7.31275520138297e-07, 4.112276599244069e-07, 4.2946800249410444e-07, 3.7251410844874044e-07, 5.080461846773687e-07, 5.660793362949335e-07, 4.4237930296731065e-07, 4.3017996631533606e-07, 3.457080595126172e-07, 3.5124418218401843e-07, 4.471371255476697e-07, 3.0772889658692293e-07, 2.5463285169280425e-07, 4.860148692387156e-07, 2.775006464617036e-07, 2.2492129403417493e-07, 3.264447343553911e-07, 3.3393820331184543e-07, 2.665828162662365e-07, 1.882735034541838e-07, 1.774429847500869e-07, 1.804740605848565e-07, 1.5641636252894386e-07, 2.1334628286240331e-07, 4.1394028471586353e-07, 3.478994301531202e-07, 3.5208171311751357e-07, 1.8407749280413555e-07, 1.174989279206784e-07, 1.0401932115655654e-07, 8.344980528818269e-08, 5.980147221862353e-08, 5.936700375741566e-08, 6.143295649962965e-08, 3.858357189301387e-08, 5.0029697717945965e-08, 9.086942753810945e-08, 5.4215416156466745e-08, 5.342598541346888e-08, 7.808493052152699e-08, 4.2235988928496226e-08, 3.26415623419507e-08, 3.1864672678239e-08, 4.982712553669444e-08, 2.9160069914269116e-08, 2.6132488173402635e-08, 3.054711328331905e-08, 6.392588147718925e-08, 5.3243638831190765e-08, 3.612217369663995e-08, 6.207465474972196e-08, 9.564763558955747e-08, 6.966307353195589e-08, 6.409317165889661e-08, 3.368113965507291e-08, 1.4337029341504604e-08, 1.4931879732671405e-08, 3.4673723892097996e-09, 3.5213182369986384e-10, 9.370945859565882e-12, 8.627419091633559e-12, 8.399107798151562e-12, 8.197469612836183e-12, 8.055353259428522e-12, 7.883539307473875e-12, 7.73823800176432e-12, 7.501547126531616e-12, 7.169821594071868e-12, 6.982653170950481e-12, 6.927352354940686e-12], "lowlevel.melbands128.stdev": [0.0022305359598249197, 0.008726307190954685, 0.010763603262603283, 0.01719420775771141, 0.017717596143484116, 0.006528531201183796, 0.0028114612214267254, 0.0030347818974405527, 0.004307477734982967, 0.0024710989091545343, 0.0020197753328830004, 0.0022407597862184048, 0.0012919970322400331, 0.0010448218090459704, 0.000797575805336237, 0.0004968371358700097, 0.00035143052809871733, 0.0004229463520459831, 0.0002057412057183683, 0.00032765630749054253, 0.00023818160116206855, 0.00023133544891607016, 0.00018572178669273853, 7.687048491789028e-05, 0.00011601653386605904, 0.000133821478812024, 0.00010182523692492396, 5.494659490068443e-05, 0.0002241377515019849, 0.000125731312436983, 4.321811138652265e-05, 2.5156914489343762e-05, 4.0428360080113634e-05, 0.00012279843213036656, 2.9550295948865823e-05, 3.181990177836269e-05, 2.881699037970975e-05, 1.7103006030083634e-05, 1.9455583242233843e-05, 1.3248894902062602e-05, 1.0424900210637134e-05, 8.673043339513242e-06, 9.97866845864337e-06, 1.017328668240225e-05, 5.993226750433678e-06, 8.698591955180746e-06, 4.993222319171764e-06, 5.440607310447376e-06, 6.365932676999364e-06, 3.71438727597706e-06, 2.425924776616739e-06, 3.565593942767009e-06, 5.020433036406757e-06, 4.441189503268106e-06, 6.797593869123375e-06, 5.1639026423799805e-06, 5.643201347993454e-06, 5.798919119115453e-06, 7.416352218569955e-06, 2.689607754291501e-06, 4.101456852367846e-06, 2.6844479634746676e-06, 3.167433987982804e-06, 3.5226264571974752e-06, 2.7234243589191465e-06, 2.6216887363261776e-06, 1.9624239939730614e-06, 1.8662813090486452e-06, 2.364442934776889e-06, 1.8036483879768639e-06, 1.4853262655378785e-06, 2.9112766242178623e-06, 1.7349591416859766e-06, 1.135457978307386e-06, 1.4289238379205926e-06, 1.6188938616323867e-06, 1.0861418786589638e-06, 6.787528263885179e-07, 6.964310728108103e-07, 6.95192966304603e-07, 6.43551913981355e-07, 7.870086733419157e-07, 1.1874170695591602e-06, 1.0661691476343549e-06, 1.095975221687695e-06, 6.407744876923971e-07, 4.0954907376544725e-07, 3.3791289411055914e-07, 2.869934689897491e-07, 1.716761062198202e-07, 1.7652291717240587e-07, 1.87731501455346e-07, 1.0261861405069794e-07, 1.7368819271723623e-07, 3.9472385537919763e-07, 1.9490013869472023e-07, 3.117451399248239e-07, 4.968811708749854e-07, 1.687047443965639e-07, 1.5998071489775612e-07, 1.19491275540895e-07, 2.0432911185253033e-07, 1.309774688706966e-07, 1.1277609246462816e-07, 1.0970551045375032e-07, 2.148019433434456e-07, 1.6562201210490457e-07, 1.4092684352817741e-07, 2.1277702444422175e-07, 4.095772681012022e-07, 2.3661579007239197e-07, 2.3066587573339348e-07, 1.3275017352043506e-07, 5.2080352475059044e-08, 5.317789231185088e-08, 1.8851951111287235e-08, 2.734309223484388e-09, 1.8705538853969195e-11, 1.6999559745989323e-11, 1.6553756629344996e-11, 1.614736643007486e-11, 1.5813315934476435e-11, 1.5490267055162654e-11, 1.522158787903294e-11, 1.5004938264118195e-11, 1.4824440286442808e-11, 1.4695107977691357e-11, 1.461595948437644e-11], "lowlevel.mfcc.mean": [-891.0209350585938, 206.18348693847656, 107.13055419921875, 35.91585159301758, -16.04985237121582, 16.43222427368164, 8.160243034362793, 7.01249361038208, -0.12339461594820023, 1.2211463451385498, -2.062066078186035, -3.642401695251465, 2.9747800827026367], "lowlevel.spectral_contrast_coeffs.mean": [-0.7045007348060608, -0.7418009638786316, -0.7322917580604553, -0.8388913869857788, -0.8364495635032654, -0.7920357584953308], "lowlevel.spectral_contrast_coeffs.stdev": [0.08095452934503555, 0.07903195172548294, 0.09008187055587769, 0.06613223999738693, 0.06671429425477982, 0.08602841198444366], "lowlevel.spectral_contrast_valleys.mean": [-6.786118507385254, -7.980273723602295, -9.999481201171875, -11.515801429748535, -11.601155281066895, -13.409923553466797], "lowlevel.spectral_contrast_valleys.stdev": [2.6203229427337646, 2.435525894165039, 2.333489179611206, 2.2580363750457764, 2.3391273021698, 2.15994930267334], "rhythm.beats_loudness_band_ratio.mean": [0.7124830484390259, 0.29274335503578186, 0.0422893650829792, 0.010662822984158993, 0.009840874001383781, 0.017214292660355568], "rhythm.beats_loudness_band_ratio.stdev": [0.21452771127223969, 0.21967455744743347, 0.03402525559067726, 0.012353292666375637, 0.01917152851819992, 0.041878122836351395], "tonal.hpcp.mean": [0.05563918873667717, 0.03229333087801933, 0.007840297184884548, 0.0037298856768757105, 0.0059971618466079235, 0.04694443941116333, 0.11710460484027863, 0.08553815633058548, 0.0678836926817894, 0.12210170179605484, 0.06947657465934753, 0.011337600648403168, 0.016542255878448486, 0.019547967240214348, 0.04640498012304306, 0.17637093365192413, 0.15793482959270477, 0.028876135125756264, 0.017816632986068726, 0.010652258060872555, 0.020791007205843925, 0.09215481579303741, 0.09359729290008545, 0.16776874661445618, 0.29169005155563354, 0.1526714265346527, 0.04250866174697876, 0.06999194622039795, 0.05670008063316345, 0.12626877427101135, 0.23279574513435364, 0.14606404304504395, 0.04025369882583618, 0.03656415268778801, 0.03006528690457344, 0.042165663093328476], "tonal.hpcp.stdev": [0.15144246816635132, 0.09670167416334152, 0.06499890983104706, 0.028651505708694458, 0.042039722204208374, 0.1359313726425171, 0.2672913372516632, 0.20676569640636444, 0.15059731900691986, 0.2612752318382263, 0.14890603721141815, 0.07841090112924576, 0.08828889578580856, 0.09718240797519684, 0.11620385199785233, 0.3432561159133911, 0.31264081597328186, 0.12170323729515076, 0.10973044484853745, 0.07364623993635178, 0.07622820138931274, 0.2600199580192566, 0.25755593180656433, 0.2548924386501312, 0.4415737986564636, 0.23818077147006989, 0.14076529443264008, 0.18362611532211304, 0.1587279587984085, 0.2331898808479309, 0.38991454243659973, 0.2610350549221039, 0.13841266930103302, 0.12209489196538925, 0.11404943466186523, 0.13651598989963531], "rhythm.beats_position": [0.6965986490249634, 1.369977355003357, 2.0317459106445312, 2.693514585494995, 3.355283498764038, 4.017052173614502, 4.690430641174316, 5.363809585571289, 6.025578022003174, 6.687346935272217, 7.360725402832031, 8.034104347229004, 8.695873260498047, 9.357641220092773, 10.019410133361816, 10.68117904663086, 11.354557991027832, 12.027935981750488, 12.689704895019531, 13.351473808288574, 14.024852752685547, 14.698230743408203, 15.359999656677246, 16.02176856994629, 16.695146560668945, 17.356916427612305, 18.01868438720703, 18.692062377929688, 19.353832244873047, 20.015600204467773, 20.688980102539062, 21.36235809326172, 22.024126052856445, 22.685895919799805, 23.35927391052246, 24.032651901245117, 24.706031799316406, 25.379409790039062, 26.06439781188965, 26.760997772216797], "rhythm.bpm_histogram": [0.0, 0.0, 0.0, 0.0, 0.0, 0.0, 0.0, 0.0, 0.0, 0.0, 0.0, 0.0, 0.0, 0.0, 0.0, 0.0, 0.0, 0.0, 0.0, 0.0, 0.0, 0.0, 0.0, 0.0, 0.0, 0.0, 0.0, 0.0, 0.0, 0.0, 0.0, 0.0, 0.0, 0.0, 0.0, 0.0, 0.0, 0.0, 0.0, 0.0, 0.0, 0.0, 0.0, 0.0, 0.0, 0.0, 0.0, 0.0, 0.0, 0.0, 0.0, 0.0, 0.0, 0.0, 0.0, 0.0, 0.0, 0.0, 0.0, 0.0, 0.0, 0.0, 0.0, 0.0, 0.0, 0.0, 0.0, 0.0, 0.0, 0.0, 0.0, 0.0, 0.0, 0.0, 0.0, 0.0, 0.0, 0.0, 0.0, 0.0, 0.0, 0.0, 0.0, 0.0, 0.0, 0.0, 0.025641025975346565, 0.0, 0.025641025975346565, 0.43589743971824646, 0.0, 0.5128205418586731, 0.0, 0.0, 0.0, 0.0, 0.0, 0.0, 0.0, 0.0, 0.0, 0.0, 0.0, 0.0, 0.0, 0.0, 0.0, 0.0, 0.0, 0.0, 0.0, 0.0, 0.0, 0.0, 0.0, 0.0, 0.0, 0.0, 0.0, 0.0, 0.0, 0.0, 0.0, 0.0, 0.0, 0.0, 0.0, 0.0, 0.0, 0.0, 0.0, 0.0, 0.0, 0.0, 0.0, 0.0, 0.0, 0.0, 0.0, 0.0, 0.0, 0.0, 0.0, 0.0, 0.0, 0.0, 0.0, 0.0, 0.0, 0.0, 0.0, 0.0, 0.0, 0.0, 0.0, 0.0, 0.0, 0.0, 0.0, 0.0, 0.0, 0.0, 0.0, 0.0, 0.0, 0.0, 0.0, 0.0, 0.0, 0.0, 0.0, 0.0, 0.0, 0.0, 0.0, 0.0, 0.0, 0.0, 0.0, 0.0, 0.0, 0.0, 0.0, 0.0, 0.0, 0.0, 0.0, 0.0, 0.0, 0.0, 0.0, 0.0, 0.0, 0.0, 0.0, 0.0, 0.0, 0.0, 0.0, 0.0, 0.0, 0.0, 0.0, 0.0, 0.0, 0.0, 0.0, 0.0, 0.0, 0.0, 0.0, 0.0, 0.0, 0.0, 0.0, 0.0, 0.0, 0.0, 0.0, 0.0, 0.0, 0.0, 0.0, 0.0, 0.0, 0.0, 0.0, 0.0, 0.0, 0.0, 0.0, 0.0, 0.0, 0.0, 0.0, 0.0, 0.0, 0.0, 0.0, 0.0, 0.0, 0.0, 0.0, 0.0, 0.0, 0.0, 0.0, 0.0, 0.0, 0.0], "tonal.chords_histogram": [7.5757575035095215, 10.77441120147705, 17.171716690063477, 5.892255783081055, 5.892255783081055, 0.0, 1.0101009607315063, 2.188552141189575, 0.0, 0.0, 0.0, 0.0, 0.0, 0.0, 0.0, 22.22222137451172, 0.0, 0.0, 0.0, 1.3468014001846313, 3.535353422164917, 11.616161346435547, 10.77441120147705, 0.0], "tonal.thpcp": [1.0, 0.5234029293060303, 0.14573229849338531, 0.2399531453847885, 0.19438469409942627, 0.4328868091106415, 0.7980928421020508, 0.5007508397102356, 0.13800162076950073, 0.12535275518894196, 0.10307271778583527, 0.14455640316009521, 0.19074763357639313, 0.11071111261844635, 0.02687886357307434, 0.01278715394437313, 0.020560048520565033, 0.16093945503234863, 0.40146932005882263, 0.293250173330307, 0.23272542655467987, 0.418600857257843, 0.2381862998008728, 0.03886865824460983, 0.05671175941824913, 0.06701622903347015, 0.15909002721309662, 0.6046518683433533, 0.5414474606513977, 0.09899595379829407, 0.061080701649188995, 0.03651909902691841, 0.07127773761749268, 0.31593403220176697, 0.3208792805671692, 0.5751610398292542], "lowlevel.gfcc.cov": [[40012.48828125, 444.4040832519531, -2375.110107421875, 1149.734130859375, -2529.900390625, 1860.12158203125, 22.387351989746094, -505.87701416015625, -625.07080078125, 526.0167846679688, -183.2465057373047, 573.0139770507812, -252.5708770751953], [444.4040832519531, 4533.09716796875, 1968.2926025390625, -1124.6143798828125, 282.9920654296875, -372.36328125, 811.7933959960938, -348.6872253417969, 636.2239990234375, -389.2774353027344, 485.8663024902344, -327.29241943359375, 428.5185852050781], [-2375.110107421875, 1968.2926025390625, 2429.639892578125, -564.237548828125, 223.6219482421875, -114.4640884399414, 572.5598754882812, 158.36146545410156, 284.4163818359375, -88.6269760131836, 205.3684844970703, -99.18671417236328, 223.40150451660156], [1149.734130859375, -1124.6143798828125, -564.237548828125, 810.9807739257812, 21.350675582885742, 7.160567760467529, -166.09115600585938, 33.630126953125, -131.3404998779297, 71.75758361816406, -139.16102600097656, 84.59967041015625, -70.31853485107422], [-2529.900390625, 282.9920654296875, 223.6219482421875, 21.350675582885742, 740.8582153320312, -162.80116271972656, -116.25572967529297, 9.012621879577637, 171.78160095214844, -18.929332733154297, 32.658538818359375, -118.43130493164062, 55.34877014160156], [1860.12158203125, -372.36328125, -114.4640884399414, 7.160567760467529, -162.80116271972656, 474.6335754394531, 29.103525161743164, -33.03586959838867, -24.816261291503906, 89.92891693115234, -1.1123771667480469, 71.10363006591797, -43.570125579833984], [22.387351989746094, 811.7933959960938, 572.5598754882812, -166.09115600585938, -116.25572967529297, 29.103525161743164, 553.4053955078125, -48.2302131652832, 104.24942779541016, -135.89035034179688, 134.75747680664062, 23.483600616455078, 119.41893768310547], [-505.87701416015625, -348.6872253417969, 158.36146545410156, 33.630126953125, 9.012621879577637, -33.03586959838867, -48.2302131652832, 265.5413818359375, -75.55821990966797, 81.88230895996094, -49.264408111572266, 38.91999435424805, -36.001529693603516], [-625.07080078125, 636.2239990234375, 284.4163818359375, -131.3404998779297, 171.78160095214844, -24.816261291503906, 104.24942779541016, -75.55821990966797, 240.6267852783203, -37.1545524597168, 100.9990234375, -69.31175231933594, 76.85034942626953], [526.0167846679688, -389.2774353027344, -88.6269760131836, 71.75758361816406, -18.929332733154297, 89.92891693115234, -135.89035034179688, 81.88230895996094, -37.1545524597168, 199.29685974121094, -27.732616424560547, 19.757314682006836, -67.26032257080078], [-183.2465057373047, 485.8663024902344, 205.3684844970703, -139.16102600097656, 32.658538818359375, -1.1123771667480469, 134.75747680664062, -49.264408111572266, 100.9990234375, -27.732616424560547, 135.03091430664062, -18.89484214782715, 55.77696228027344], [573.0139770507812, -327.29241943359375, -99.18671417236328, 84.59967041015625, -118.43130493164062, 71.10363006591797, 23.483600616455078, 38.91999435424805, -69.31175231933594, 19.757314682006836, -18.89484214782715, 117.36276245117188, -20.262344360351562], [-252.5708770751953, 428.5185852050781, 223.40150451660156, -70.31853485107422, 55.34877014160156, -43.570125579833984, 119.41893768310547, -36.001529693603516, 76.85034942626953, -67.26032257080078, 55.77696228027344, -20.262344360351562, 116.427978515625]], "lowlevel.gfcc.icov": [[9.903894533636048e-05, -0.0003961181209888309, 0.00017156008107122034, -0.0003639626665972173, 0.0002169355720980093, -0.00046089451643638313, 0.0001482329098507762, -0.000132578396005556, 0.0002785770921036601, -0.0002781815710477531, 0.0003126263909507543, -0.00039071825449354947, 9.277396748075262e-05], [-0.0003961181209888309, 0.0027148451190441847, -0.0011143677402287722, 0.0020952781196683645, -0.000656179734505713, 0.00242899963632226, -0.0009413383668288589, 0.0014344638912007213, -0.0018080826848745346, 0.0013520916691049933, -0.002267428208142519, 0.0027505834586918354, -0.0012781863333657384], [0.00017156008107122034, -0.0011143677402287722, 0.0013178993249312043, -0.0005071214982308447, 0.00010511676373425871, -0.0009756506187841296, -0.00042890102486126125, -0.0013911062851548195, 0.00038762559415772557, -0.0009021473815664649, 0.0011114523513242602, -0.0006959746242500842, -0.00019734172383323312], [-0.0003639626665972173, 0.0020952781196683645, -0.0005071214982308447, 0.0035911230370402336, -0.001157949329353869, 0.002285051392391324, -0.0011591847287490964, 0.0012543199118226767, -0.0012968742521479726, 0.00037164927925914526, -5.854345545230899e-06, 0.000836777500808239, -0.00115776841994375], [0.0002169355720980093, -0.000656179734505713, 0.00010511676373425871, -0.001157949329353869, 0.0027544484473764896, -0.0006695340271107852, 0.001271426328457892, -0.000707147060893476, -0.0010353210382163525, -3.3293108572252095e-05, 0.00010904904047492892, 0.0005438432563096285, -0.0003915458219125867], [-0.00046089451643638313, 0.00242899963632226, -0.0009756506187841296, 0.002285051392391324, -0.0006695340271107852, 0.005379950162023306, -0.0014135109959170222, 0.00216122530400753, -0.0020311344414949417, -0.00039538537384942174, -0.0014538486720994115, 0.0007653113570995629, -0.000296049693133682], [0.0001482329098507762, -0.0009413383668288589, -0.00042890102486126125, -0.0011591847287490964, 0.001271426328457892, -0.0014135109959170222, 0.004733574576675892, -0.0006118689780123532, 0.00018499672296456993, 0.00197848048992455, -0.001972950529307127, -0.002138598123565316, -0.0006748532759957016], [-0.000132578396005556, 0.0014344638912007213, -0.0013911062851548195, 0.0012543199118226767, -0.000707147060893476, 0.00216122530400753, -0.0006118689780123532, 0.0073279025964438915, 0.0007570608286187053, -0.002174083376303315, 0.0005065331934019923, -0.0009129081736318767, -0.0002591659140307456], [0.0002785770921036601, -0.0018080826848745346, 0.00038762559415772557, -0.0012968742521479726, -0.0010353210382163525, -0.0020311344414949417, 0.00018499672296456993, 0.0007570608286187053, 0.010448566637933254, -0.0018500636797398329, -0.0023097184021025896, 0.0006545580690726638, -0.0012366671580821276], [-0.0002781815710477531, 0.0013520916691049933, -0.0009021473815664649, 0.00037164927925914526, -3.3293108572252095e-05, -0.00039538537384942174, 0.00197848048992455, -0.002174083376303315, -0.0018500636797398329, 0.010156664066016674, -0.0036469721235334873, 0.0017015814082697034, 0.002673832466825843], [0.0003126263909507543, -0.002267428208142519, 0.0011114523513242602, -5.854345545230899e-06, 0.00010904904047492892, -0.0014538486720994115, -0.001972950529307127, 0.0005065331934019923, -0.0023097184021025896, -0.0036469721235334873, 0.017286967486143112, -0.0038384597282856703, -0.0010602042311802506], [-0.00039071825449354947, 0.0027505834586918354, -0.0006959746242500842, 0.000836777500808239, 0.0005438432563096285, 0.0007653113570995629, -0.002138598123565316, -0.0009129081736318767, 0.0006545580690726638, 0.0017015814082697034, -0.0038384597282856703, 0.016883758828043938, -0.0018631488783285022], [9.277396748075262e-05, -0.0012781863333657384, -0.00019734172383323312, -0.00115776841994375, -0.0003915458219125867, -0.000296049693133682, -0.0006748532759957016, -0.0002591659140307456, -0.0012366671580821276, 0.002673832466825843, -0.0010602042311802506, -0.0018631488783285022, 0.01640610210597515]], "lowlevel.mfcc.cov": [[22471.908203125, 738.2263793945312, -418.76861572265625, -770.1049194335938, -1392.54931640625, 1320.2830810546875, 68.88896179199219, 7.471109867095947, -465.5838928222656, -87.0724105834961, -105.24313354492188, -144.51837158203125, 358.3099670410156], [738.2263793945312, 4799.55908203125, 1966.6844482421875, -196.2844696044922, -331.5072021484375, 95.15165710449219, 181.4598388671875, 192.72509765625, 171.6471710205078, 148.75448608398438, 65.58018493652344, 33.725074768066406, 129.45986938476562], [-418.76861572265625, 1966.6844482421875, 1919.501220703125, -25.628551483154297, -292.6058654785156, 1.4068894386291504, 268.94171142578125, 197.10263061523438, 217.31008911132812, 116.60665130615234, 45.941551208496094, -21.571910858154297, 122.01326751708984], [-770.1049194335938, -196.2844696044922, -25.628551483154297, 748.7530517578125, 172.9505615234375, -111.02630615234375, -33.49272918701172, 42.123374938964844, 64.13626861572266, -10.053749084472656, -30.806442260742188, 12.000245094299316, -94.41893005371094], [-1392.54931640625, -331.5072021484375, -292.6058654785156, 172.9505615234375, 742.6032104492188, -39.996971130371094, -103.97041320800781, -133.53778076171875, 22.47502326965332, 64.40201568603516, 48.400169372558594, 77.64549255371094, -63.73966979980469], [1320.2830810546875, 95.15165710449219, 1.4068894386291504, -111.02630615234375, -39.996971130371094, 366.21392822265625, 23.91292381286621, 38.845947265625, -35.308204650878906, 41.93048858642578, -15.547085762023926, -8.438872337341309, 68.826171875], [68.88896179199219, 181.4598388671875, 268.94171142578125, -33.49272918701172, -103.97041320800781, 23.91292381286621, 187.00665283203125, 77.65773010253906, 53.80101013183594, 8.838294982910156, 11.104772567749023, -23.28761100769043, 37.379066467285156], [7.471109867095947, 192.72509765625, 197.10263061523438, 42.123374938964844, -133.53778076171875, 38.845947265625, 77.65773010253906, 194.9307403564453, 58.657718658447266, -17.569232940673828, -24.670604705810547, -30.598384857177734, 37.652862548828125], [-465.5838928222656, 171.6471710205078, 217.31008911132812, 64.13626861572266, 22.47502326965332, -35.308204650878906, 53.80101013183594, 58.657718658447266, 124.57069396972656, 31.941492080688477, 0.6699240803718567, -11.349899291992188, 3.411512851715088], [-87.0724105834961, 148.75448608398438, 116.60665130615234, -10.053749084472656, 64.40201568603516, 41.93048858642578, 8.838294982910156, -17.569232940673828, 31.941492080688477, 118.87686920166016, 22.994089126586914, 28.541976928710938, 15.962423324584961], [-105.24313354492188, 65.58018493652344, 45.941551208496094, -30.806442260742188, 48.400169372558594, -15.547085762023926, 11.104772567749023, -24.670604705810547, 0.6699240803718567, 22.994089126586914, 104.77073669433594, 57.0778694152832, -3.717047691345215], [-144.51837158203125, 33.725074768066406, -21.571910858154297, 12.000245094299316, 77.64549255371094, -8.438872337341309, -23.28761100769043, -30.598384857177734, -11.349899291992188, 28.541976928710938, 57.0778694152832, 115.74271392822266, -4.8598856925964355], [358.3099670410156, 129.45986938476562, 122.01326751708984, -94.41893005371094, -63.73966979980469, 68.826171875, 37.379066467285156, 37.652862548828125, 3.411512851715088, 15.962423324584961, -3.717047691345215, -4.8598856925964355, 113.33171844482422]], "lowlevel.mfcc.icov": [[7.109213038347661e-05, -2.1417792595457286e-05, 4.2433141061337665e-05, -2.692904854484368e-05, 0.00013843816122971475, -0.0002385042462265119, -1.7273818230023608e-05, 0.00012933844118379056, 8.145695028360933e-05, 5.4512453061761335e-05, -4.608446033671498e-05, 3.953437408199534e-05, -9.293466428061947e-05], [-2.1417792595457286e-05, 0.00038860467611812055, -0.00043899164302274585, 0.00010585490235826, -1.9384366169106215e-05, -7.676217137486674e-06, 0.0002722105127759278, -0.00016215328651014715, 5.7320987252751365e-05, -8.837550558382645e-05, 2.61509030679008e-05, -0.0001877736794995144, 0.00014599728456232697], [4.2433141061337665e-05, -0.00043899164302274585, 0.0013568897265940905, -0.00017163802112918347, 0.00036809322773478925, 7.463771180482581e-05, -0.0008887308067642152, 7.642822311026976e-05, -0.0010341416345909238, -0.0005213103722780943, -0.0004177643568255007, 0.0002550333447288722, -0.0007053064182400703], [-2.692904854484368e-05, 0.00010585490235826, -0.00017163802112918347, 0.0018236300675198436, -0.00046824963646940887, 0.0003569335676729679, 0.0002948770415969193, -0.0009291364694945514, -0.0004982477403245866, 4.815055581275374e-05, 0.0008924092398956418, -0.0005731956334784627, 0.0014125340385362506], [0.00013843816122971475, -1.9384366169106215e-05, 0.00036809322773478925, -0.00046824963646940887, 0.002319867489859462, -0.0006569171673618257, 0.0005049348692409694, 0.001451142248697579, -0.0012687747366726398, -0.0005276002339087427, -0.0006297042709775269, -0.0005102948634885252, -7.695573731325567e-05], [-0.0002385042462265119, -7.676217137486674e-06, 7.463771180482581e-05, 0.0003569335676729679, -0.0006569171673618257, 0.004510703030973673, -0.00037494066054932773, -0.0017186565091833472, 0.0017825579270720482, -0.0021927207708358765, 0.0007573619950562716, 0.00021506928896997124, -0.0011450621532276273], [-1.7273818230023608e-05, 0.0002722105127759278, -0.0008887308067642152, 0.0002948770415969193, 0.0005049348692409694, -0.00037494066054932773, 0.008447561413049698, -0.0016532825538888574, -0.002021170686930418, 0.00025846349308267236, -0.0020813955925405025, 0.001331761246547103, -0.000765786855481565], [0.00012933844118379056, -0.00016215328651014715, 7.642822311026976e-05, -0.0009291364694945514, 0.001451142248697579, -0.0017186565091833472, -0.0016532825538888574, 0.00932611245661974, -0.004037599079310894, 0.0027080695144832134, 0.0008462076657451689, -0.00021225183445494622, -0.002014583209529519], [8.145695028360933e-05, 5.7320987252751365e-05, -0.0010341416345909238, -0.0004982477403245866, -0.0012687747366726398, 0.0017825579270720482, -0.002021170686930418, -0.004037599079310894, 0.015003609471023083, -0.004058461636304855, 0.00030651059933006763, 0.001805276027880609, 0.0007946293335407972], [5.4512453061761335e-05, -8.837550558382645e-05, -0.0005213103722780943, 4.815055581275374e-05, -0.0005276002339087427, -0.0021927207708358765, 0.00025846349308267236, 0.0027080695144832134, -0.004058461636304855, 0.012427379377186298, -0.0006397896795533597, -0.0022423253394663334, -0.0011654241243377328], [-4.608446033671498e-05, 2.61509030679008e-05, -0.0004177643568255007, 0.0008924092398956418, -0.0006297042709775269, 0.0007573619950562716, -0.0020813955925405025, 0.0008462076657451689, 0.00030651059933006763, -0.0006397896795533597, 0.014734473079442978, -0.006982442922890186, 0.001165048568509519], [3.953437408199534e-05, -0.0001877736794995144, 0.0002550333447288722, -0.0005731956334784627, -0.0005102948634885252, 0.00021506928896997124, 0.001331761246547103, -0.00021225183445494622, 0.001805276027880609, -0.0022423253394663334, -0.006982442922890186, 0.013559013605117798, -0.0008350309799425304], [-9.293466428061947e-05, 0.00014599728456232697, -0.0007053064182400703, 0.0014125340385362506, -7.695573731325567e-05, -0.0011450621532276273, -0.000765786855481565, -0.002014583209529519, 0.0007946293335407972, -0.0011654241243377328, 0.001165048568509519, -0.0008350309799425304, 0.01260348130017519]], "metadata.audio_properties.analysis.downmix": "mix", "metadata.audio_properties.codec": "mp3", "metadata.audio_properties.md5_encoded": "fab3cc87f8b157c2d7b6c1cbbfd9ce8f", "metadata.tags.file_name": "1182275856194879488.mp3", "metadata.version.essentia": "2.1-beta6-dev", "metadata.version.essentia_git_sha": "v2.1_beta5-1110-g77a6a954", "metadata.version.extractor": "music 2.0", "tonal.chords_key": "F", "tonal.chords_scale": "minor", "tonal.key_edma.key": "C", "tonal.key_edma.scale": "major", "tonal.key_krumhansl.key": "C", "tonal.key_krumhansl.scale": "major", "tonal.key_temperley.key": "C", "tonal.key_temperley.scale": "major", "metadata.tags.encoding": ["Lavf58.45.100"]}, "essentia_models": [{"model_name": "genre_dortmund", "activations": {"alternative": "0.018138263", "blues": "0.010699319", "electronic": "0.05628952", "folkcountry": "0.022161022", "funksoulrnb": "0.023832818", "jazz": "0.93071884", "pop": "0.042799506", "raphiphop": "0.0038720982", "rock": "0.007036946"}}, {"model_name": "genre_rosamerica", "activations": {"classic": "0.05324558", "dance": "0.0044452115", "hip hop": "0.0054760207", "jazz": "0.8362029", "pop": "0.19593528", "rhythm and blues": "0.061907127", "rock": "0.003017961", "speech": "0.0049747