{"song_id": "1182266561306828830", "download": "https://cdn.discordapp.com/attachments/1135911532732108921/1182266561306828830/chirp.mp4?ex=65841289&amp", "lyrics": "[Verse]\nIn the Andes, where the mountains rise so high\nWhere ancient cultures dance under the sky\nAymaras, Quechuas, with pride they sway\nTheir rhythmic steps pave the colorful way\n\n[Chorus]\nCordillera, majestic, in your embrace we find\nThe beauty of traditions that forever bind\nBolivia, Peru, Brazil, and more\nIn your enchanting dances, our spirits soar", "style": ["andino trap"], "essentia_features": {"lowlevel.average_loudness": 0.9860230684280396, "lowlevel.barkbands_crest.mean": 16.02132225036621, "lowlevel.barkbands_crest.stdev": 4.659094333648682, "lowlevel.barkbands_flatness_db.mean": 0.23148854076862335, "lowlevel.barkbands_flatness_db.stdev": 0.07246197760105133, "lowlevel.barkbands_kurtosis.mean": 21.359960556030273, "lowlevel.barkbands_kurtosis.stdev": 21.97751235961914, "lowlevel.barkbands_skewness.mean": 3.6072998046875, "lowlevel.barkbands_skewness.stdev": 1.737331748008728, "lowlevel.barkbands_spread.mean": 13.124759674072266, "lowlevel.barkbands_spread.stdev": 10.22574520111084, "lowlevel.dissonance.mean": 0.43502867221832275, "lowlevel.dissonance.stdev": 0.038652654737234116, "lowlevel.dynamic_complexity": 1.685173511505127, "lowlevel.erbbands_crest.mean": 11.669133186340332, "lowlevel.erbbands_crest.stdev": 5.158830165863037, "lowlevel.erbbands_flatness_db.mean": 0.14469175040721893, "lowlevel.erbbands_flatness_db.stdev": 0.03678344190120697, "lowlevel.erbbands_kurtosis.mean": 2.3588883876800537, "lowlevel.erbbands_kurtosis.stdev": 5.205927848815918, "lowlevel.erbbands_skewness.mean": 1.0174884796142578, "lowlevel.erbbands_skewness.stdev": 1.146013855934143, "lowlevel.erbbands_spread.mean": 52.65211868286133, "lowlevel.erbbands_spread.stdev": 26.3302001953125, "lowlevel.hfc.mean": 25.499126434326172, "lowlevel.hfc.stdev": 17.183969497680664, "lowlevel.loudness_ebu128.integrated": -12.422811508178711, "lowlevel.loudness_ebu128.loudness_range": 0.5082550048828125, "lowlevel.loudness_ebu128.momentary.mean": -12.448975563049316, "lowlevel.loudness_ebu128.momentary.stdev": 0.4790272116661072, "lowlevel.loudness_ebu128.short_term.mean": -12.422407150268555, "lowlevel.loudness_ebu128.short_term.stdev": 0.16602881252765656, "lowlevel.melbands_crest.mean": 27.31096649169922, "lowlevel.melbands_crest.stdev": 6.42508602142334, "lowlevel.melbands_flatness_db.mean": 0.3178950846195221, "lowlevel.melbands_flatness_db.stdev": 0.08021758496761322, "lowlevel.melbands_kurtosis.mean": 50.65822982788086, "lowlevel.melbands_kurtosis.stdev": 52.4002799987793, "lowlevel.melbands_skewness.mean": 5.018670082092285, "lowlevel.melbands_skewness.stdev": 2.730891227722168, "lowlevel.melbands_spread.mean": 9.254817962646484, "lowlevel.melbands_spread.stdev": 7.97310209274292, "lowlevel.pitch_salience.mean": 0.35176679491996765, "lowlevel.pitch_salience.stdev": 0.1252840757369995, "lowlevel.silence_rate_20dB.mean": 1.0, "lowlevel.silence_rate_20dB.stdev": 0.0, "lowlevel.silence_rate_30dB.mean": 0.7343234419822693, "lowlevel.silence_rate_30dB.stdev": 0.44169437885284424, "lowlevel.silence_rate_60dB.mean": 0.0008250825339928269, "lowlevel.silence_rate_60dB.stdev": 0.028711959719657898, "lowlevel.spectral_centroid.mean": 1050.21337890625, "lowlevel.spectral_centroid.stdev": 712.8990478515625, "lowlevel.spectral_complexity.mean": 12.28052806854248, "lowlevel.spectral_complexity.stdev": 8.570556640625, "lowlevel.spectral_decrease.mean": -2.3272569649179786e-08, "lowlevel.spectral_decrease.stdev": 6.929218976381435e-09, "lowlevel.spectral_energy.mean": 0.09014879167079926, "lowlevel.spectral_energy.stdev": 0.02633095346391201, "lowlevel.spectral_energyband_high.mean": 0.0014817490009590983, "lowlevel.spectral_energyband_high.stdev": 0.0016983269015327096, "lowlevel.spectral_energyband_low.mean": 0.06723830103874207, "lowlevel.spectral_energyband_low.stdev": 0.02858405001461506, "lowlevel.spectral_energyband_middle_high.mean": 0.0030033194925636053, "lowlevel.spectral_energyband_middle_high.stdev": 0.005365602672100067, "lowlevel.spectral_energyband_middle_low.mean": 0.018576089292764664, "lowlevel.spectral_energyband_middle_low.stdev": 0.014495891518890858, "lowlevel.spectral_entropy.mean": 7.479506492614746, "lowlevel.spectral_entropy.stdev": 0.488426148891449, "lowlevel.spectral_flux.mean": 0.11487215757369995, "lowlevel.spectral_flux.stdev": 0.06731802225112915, "lowlevel.spectral_kurtosis.mean": 2.523719310760498, "lowlevel.spectral_kurtosis.stdev": 2.042372703552246, "lowlevel.spectral_rms.mean": 0.009279749356210232, "lowlevel.spectral_rms.stdev": 0.0013550904113799334, "lowlevel.spectral_rolloff.mean": 372.9923095703125, "lowlevel.spectral_rolloff.stdev": 486.7936706542969, "lowlevel.spectral_skewness.mean": 1.3103660345077515, "lowlevel.spectral_skewness.stdev": 0.5162666440010071, "lowlevel.spectral_spread.mean": 6123960.0, "lowlevel.spectral_spread.stdev": 1196825.375, "lowlevel.spectral_strongpeak.mean": 0.5047755241394043, "lowlevel.spectral_strongpeak.stdev": 0.4020676910877228, "lowlevel.zerocrossingrate.mean": 0.02986855059862137, "lowlevel.zerocrossingrate.stdev": 0.016481421887874603, "metadata.audio_properties.analysis.equal_loudness": 0.0, "metadata.audio_properties.analysis.length": 28.117324829101562, "metadata.audio_properties.analysis.sample_rate": 44100.0, "metadata.audio_properties.analysis.start_time": 0.0, "metadata.audio_properties.bit_rate": 122244.0, "metadata.audio_properties.length": 28.117332458496094, "metadata.audio_properties.lossless": 0.0, "metadata.audio_properties.number_channels": 1.0, "metadata.audio_properties.replay_gain": -12.363046646118164, "metadata.audio_properties.sample_rate": 48000.0, "rhythm.beats_count": 55.0, "rhythm.beats_loudness.mean": 0.10159852355718613, "rhythm.beats_loudness.stdev": 0.022798288613557816, "rhythm.bpm": 117.94544982910156, "rhythm.bpm_histogram_first_peak_bpm": 117.0, "rhythm.bpm_histogram_first_peak_weight": 0.18000000715255737, "rhythm.bpm_histogram_second_peak_bpm": 129.0, "rhythm.bpm_histogram_second_peak_spread": 0.3333333134651184, "rhythm.bpm_histogram_second_peak_weight": 0.03703703731298447, "rhythm.danceability": 1.8052163124084473, "rhythm.onset_rate": 5.652132511138916, "tonal.chords_changes_rate": 0.024711696431040764, "tonal.chords_number_rate": 0.00494233937934041, "tonal.chords_strength.mean": 0.5779238939285278, "tonal.chords_strength.stdev": 0.09175283461809158, "tonal.hpcp_crest.mean": 14.444469451904297, "tonal.hpcp_crest.stdev": 5.259029865264893, "tonal.hpcp_entropy.mean": 1.7365145683288574, "tonal.hpcp_entropy.stdev": 0.6030718088150024, "tonal.key_edma.strength": 0.6160866022109985, "tonal.key_krumhansl.strength": 0.604731559753418, "tonal.key_temperley.strength": 0.5797114968299866, "tonal.tuning_diatonic_strength": 0.49306052923202515, "tonal.tuning_equal_tempered_deviation": 0.2761257588863373, "tonal.tuning_frequency": 434.193115234375, "tonal.tuning_nontempered_energy_ratio": 0.9810711741447449, "lowlevel.barkbands.mean": [0.010881318710744381, 0.053671520203351974, 0.002586508169770241, 0.0008333633304573596, 0.0050818780437111855, 0.006141927558928728, 0.002112090587615967, 0.002298840321600437, 0.001978235086426139, 0.0005065096192993224, 0.0003500154707580805, 0.0004614282224792987, 0.0004989363951608539, 0.00032986499718390405, 0.0002405222039669752, 0.00013546236732508987, 9.247330308426172e-05, 0.00016934006998781115, 0.00019363928004167974, 0.00022271720808930695, 0.00015568606613669544, 0.00044780600001104176, 0.0005298839532770216, 8.595956751378253e-05, 7.25960562704131e-05, 6.77915450069122e-05, 2.5944771095964825e-06], "lowlevel.barkbands.stdev": [0.005070501007139683, 0.028975514695048332, 0.009222835302352905, 0.0035035707987844944, 0.006004959810525179, 0.006801559589803219, 0.0044861165806651115, 0.005231797695159912, 0.004562623333185911, 0.0011607320047914982, 0.0008534768130630255, 0.001201937790028751, 0.0015751757891848683, 0.0009641440119594336, 0.0006048227660357952, 0.0003276171628385782, 0.0002588861680123955, 0.0003263405233155936, 0.0003763261192943901, 0.0004475075111258775, 0.00026388082187622786, 0.0007576928474009037, 0.0006655938341282308, 0.00010179798118770123, 8.696315489942208e-05, 7.48510065022856e-05, 4.953857114742277e-06], "lowlevel.erbbands.mean": [2.9538819789886475, 6.382040977478027, 3.7121057510375977, 3.492759943008423, 5.1649489402771, 18.7436466217041, 37.64621353149414, 56.07707977294922, 43.98701858520508, 27.427398681640625, 45.26408004760742, 36.84672164916992, 35.544437408447266, 16.71623992919922, 17.132719039916992, 18.0633602142334, 22.49515151977539, 18.907567977905273, 14.167686462402344, 10.531932830810547, 7.212954044342041, 5.643260478973389, 7.177093982696533, 12.667961120605469, 8.3983154296875, 10.872215270996094, 7.52882719039917, 6.031036376953125, 13.172080039978027, 24.82323455810547, 10.995322227478027, 2.286134719848633, 1.3951493501663208, 0.8160689473152161, 0.5130428671836853, 0.2612837255001068, 0.1357317566871643, 0.02279730513691902, 0.0004885416128672659, 0.00011590449139475822], "lowlevel.erbbands.stdev": [1.2536180019378662, 6.450407028198242, 8.999635696411133, 13.285282135009766, 8.429115295410156, 24.552099227905273, 73.13866424560547, 61.49563980102539, 74.32173919677734, 50.945011138916016, 92.84284973144531, 80.90747833251953, 86.94579315185547, 36.178890228271484, 38.21434783935547, 48.36551284790039, 68.31790924072266, 60.4558219909668, 33.1165885925293, 25.334869384765625, 16.674091339111328, 15.405682563781738, 15.095691680908203, 20.907665252685547, 19.307706832885742, 21.896522521972656, 12.158769607543945, 10.45805835723877, 24.97476577758789, 33.03940963745117, 13.771526336669922, 2.853543519973755, 1.7100725173950195, 1.0316864252090454, 0.6315939426422119, 0.31366267800331116, 0.15141449868679047, 0.030270332470536232, 0.000588555762078613, 3.4532764402683824e-05], "lowlevel.gfcc.mean": [18.082040786743164, 78.82099151611328, -64.96018981933594, 43.56989288330078, -69.51853942871094, 15.703743934631348, -24.067214965820312, 14.863885879516602, -3.7134952545166016, 23.104808807373047, -1.3887137174606323, 22.638872146606445, -5.481762886047363], "lowlevel.melbands.mean": [0.019904213026165962, 0.0036692796275019646, 0.0005840426892973483, 0.0008856315980665386, 0.0012348514283075929, 0.001207613735459745, 0.0006293621263466775, 0.00038113584741950035, 0.0003280372475273907, 0.00025585191906429827, 0.00017755407316144556, 6.598272739211097e-05, 5.489034083439037e-05, 5.2998537285020575e-05, 4.6486209612339735e-05, 4.9447218771092594e-05, 3.273007314419374e-05, 2.3292472178582102e-05, 1.6972855519270524e-05, 1.0640555046848021e-05, 7.741296030872036e-06, 5.6048079386528116e-06, 5.4589186220255215e-06, 8.092445568763651e-06, 1.0859367648663465e-05, 6.109291462053079e-06, 6.532599854836008e-06, 7.352694865403464e-06, 5.030154625274008e-06, 3.7297340895747766e-06, 3.2231705517915543e-06, 5.930167390033603e-06, 1.1559481208678335e-05, 1.5517616702709347e-05, 7.802312211424578e-06, 1.920536988109234e-06, 1.0834504564627423e-06, 9.80197455646703e-07, 8.643888804726885e-07, 6.114711936788808e-07], "lowlevel.melbands.stdev": [0.009035767987370491, 0.004688122309744358, 0.0019113521557301283, 0.0012126468354836106, 0.002105924766510725, 0.0012621278874576092, 0.0010299152927473187, 0.0007911249413155019, 0.000625357439275831, 0.000587993417866528, 0.0004412769922055304, 0.00015475883265025914, 0.00012608316319528967, 0.00013488248805515468, 0.00014071687473915517, 0.00016716883692424744, 0.0001078804925782606, 5.543447696254589e-05, 4.515721229836345e-05, 2.5616718630772084e-05, 1.84793407242978e-05, 1.642886309127789e-05, 1.44586274473113e-05, 1.5023191735963337e-05, 1.8184267901233397e-05, 1.4717339581693523e-05, 1.6448086171294563e-05, 1.4580986317014322e-05, 8.028130650927778e-06, 7.504746008635266e-06, 5.678747129422845e-06, 1.2259264622116461e-05, 1.973102189367637e-05, 2.0393592421896756e-05, 1.0062884939543437e-05, 2.9446330245264107e-06, 1.3626751069750753e-06, 1.2743138313453528e-06, 1.1567495903364033e-06, 7.935952339721553e-07], "lowlevel.melbands128.mean": [0.010347549803555012, 0.02977183647453785, 0.02068473771214485, 0.007468619383871555, 0.002128984546288848, 0.001230294699780643, 0.0007663826690986753, 0.0002918025420513004, 0.0003377882530912757, 0.0011185695184394717, 0.0009844141313806176, 0.0012486636405810714, 0.0014459779486060143, 0.0010029296390712261, 0.0012571191182360053, 0.0014593555824831128, 0.0007047966355457902, 0.0006636753678321838, 0.00024392195336986333, 0.00012320671521592885, 0.0006026540067978203, 0.0007427787058986723, 0.00010362615284975618, 0.00018248775450047106, 0.00021786405704915524, 0.00026123362476937473, 0.00044681865256279707, 7.912645378382877e-05, 6.495403067674488e-05, 8.982362487586215e-05, 5.044943463872187e-05, 5.149991557118483e-05, 6.214610039023682e-05, 4.5299580961000174e-05, 6.78999422234483e-05, 4.911790892947465e-05, 4.143651312915608e-05, 4.519949288805947e-05, 5.013583358959295e-05, 5.268773384159431e-05, 4.900495696347207e-05, 4.6220080548664555e-05, 3.2752192055340856e-05, 2.573141682660207e-05, 2.6801219064509496e-05, 2.2730186174158007e-05, 2.0434867110452615e-05, 1.5570380128338e-05, 1.8180777260567993e-05, 1.3044649676885456e-05, 8.285287549369968e-06, 9.096280336962081e-06, 1.0342632776882965e-05, 5.923868684476474e-06, 4.9045543164538685e-06, 6.037299954186892e-06, 5.706976935471175e-06, 5.319475349097047e-06, 5.640182280330919e-06, 5.1284036999277305e-06, 6.533118721563369e-06, 1.1753304534067865e-05, 1.2675462130573578e-05, 1.0796719834615942e-05, 7.863310202083085e-06, 5.587989107880276e-06, 5.203821274335496e-06, 5.3870990086579695e-06, 6.553529601660557e-06, 8.856130989443045e-06, 7.5628281592798885e-06, 6.7044366005575284e-06, 5.842336577188689e-06, 4.933172021992505e-06, 3.648793153843144e-06, 4.0570207602286246e-06, 3.6847238789050607e-06, 2.9787399853375973e-06, 3.037324404431274e-06, 3.310902911835001e-06, 4.960165824741125e-06, 6.810706508986186e-06, 9.08856964088045e-06, 1.2335221072135027e-05, 1.3405187928583473e-05, 1.3743560884904582e-05, 1.8773329429677688e-05, 1.4440869563259184e-05, 6.633897555730073e-06, 3.533203198458068e-06, 2.264314389321953e-06, 1.5269960158548201e-06, 1.1572620906008524e-06, 1.0615181054163259e-06, 1.0446696023791446e-06, 9.895314860841609e-07, 9.689406397228595e-07, 9.553800737194251e-07, 9.071314366337901e-07, 7.943157811496349e-07, 7.372683512585354e-07, 5.454152187667205e-07, 5.239988354333036e-07, 5.262503464109614e-07, 6.386246695910813e-07, 6.059814836589794e-07, 5.72854958136304e-07, 3.988555477008049e-07, 4.1675076545288903e-07, 4.830887405660178e-07, 3.858290824609867e-07, 4.12669010074751e-07, 4.877608148490253e-07, 4.5771369627800595e-07, 4.214303430671862e-07, 2.7429433657744084e-07, 9.742133499912597e-08, 8.98634144874677e-09, 1.0258806026897105e-09, 1.7843355265556582e-11, 9.153814858886555e-12, 8.138502025079042e-12, 7.520402703353746e-12, 7.388158661247868e-12, 7.248371174106705e-12, 7.096660498834284e-12, 7.004903601615098e-12, 6.9607223630863135e-12], "lowlevel.melbands128.stdev": [0.004756862297654152, 0.012498087249696255, 0.015243497677147388, 0.009496945887804031, 0.004979357589036226, 0.004582725930958986, 0.0031999058555811644, 0.0011817436898127198, 0.0006419852725230157, 0.0020192128140479326, 0.0016350792720913887, 0.0021555181592702866, 0.0036839598324149847, 0.0015267613343894482, 0.0014606041368097067, 0.0022417502477765083, 0.0015180866466835141, 0.0014771167188882828, 0.0005286080413497984, 0.00041233046795241535, 0.0014495209325104952, 0.001718616927973926, 0.00026258782600052655, 0.00059272232465446, 0.0007071014842949808, 0.0008006925345398486, 0.001323167933151126, 0.00021335597557481378, 0.0001914625463541597, 0.0002824422554112971, 0.00013558183854911476, 0.00014471499889623374, 0.00016173759649973363, 0.00013358492287807167, 0.00018410391930956393, 0.00014715622819494456, 0.00013898946053814143, 0.0001701441506156698, 0.000159699673531577, 0.00019281101413071156, 0.00020272434630896896, 0.00020055101776961237, 0.0001253996742889285, 9.619792399462312e-05, 7.584209379274398e-05, 5.612936365650967e-05, 7.025265222182497e-05, 5.285731822368689e-05, 5.954581138212234e-05, 3.552899943315424e-05, 2.7566455173655413e-05, 2.5576357074896805e-05, 2.473664608260151e-05, 1.65070996445138e-05, 1.5158071619225666e-05, 2.0066971046617255e-05, 1.907354817376472e-05, 1.4501619261864107e-05, 1.7301108528045006e-05, 1.5298604921554215e-05, 1.3469229998008814e-05, 2.2242362319957465e-05, 2.774942731775809e-05, 1.999396954488475e-05, 1.7988870240515098e-05, 1.570082167745568e-05, 1.4670192285848316e-05, 1.5593061107210815e-05, 2.0623167074518278e-05, 2.445307109155692e-05, 1.7321108316536993e-05, 1.3225817383499816e-05, 9.988823876483366e-06, 8.298526154248975e-06, 7.63735079090111e-06, 8.720111509319395e-06, 8.729744877200574e-06, 5.873003829037771e-06, 5.57027260583709e-06, 6.952880085009383e-06, 1.0908174772339407e-05, 1.66742320288904e-05, 2.0729637981276028e-05, 2.377229611738585e-05, 2.1472344087669626e-05, 1.9858192899846472e-05, 2.7810699975816533e-05, 2.0996139937778935e-05, 9.864627827482764e-06, 5.659502676280681e-06, 4.250819984008558e-06, 2.6787804472405696e-06, 1.7599528518985608e-06, 1.476257580179663e-06, 1.5054565665195696e-06, 1.375304464090732e-06, 1.525393599877134e-06, 1.3045456626059604e-06, 1.4368421261679032e-06, 1.2631003301066812e-06, 1.0549686066951836e-06, 8.002989488886669e-07, 7.735137046438467e-07, 8.085243621280824e-07, 9.522485129309644e-07, 8.312049999403825e-07, 8.390292691728973e-07, 6.388787596733891e-07, 5.790744239675405e-07, 6.802570169384126e-07, 5.43092539828649e-07, 5.074468276689004e-07, 5.858764211552625e-07, 6.114960910963418e-07, 6.258907774281397e-07, 4.059747311657702e-07, 1.750452156557003e-07, 4.0000465162393084e-08, 1.0705053732351644e-08, 3.2005972872006794e-10, 4.337587580782731e-11, 1.7697713086683997e-11, 1.144772471262101e-11, 1.1240969960413238e-11, 1.1066518361413369e-11, 1.0930547265919355e-11, 1.0831475473482843e-11, 1.0770548515559586e-11], "lowlevel.mfcc.mean": [-640.8242797851562, 113.13346862792969, 50.201316833496094, 36.257476806640625, -5.303498268127441, 14.04909896850586, -6.718067169189453, 8.96385383605957, -3.6440348625183105, 14.421088218688965, 12.755422592163086, 0.9134376645088196, 15.7047700881958], "lowlevel.spectral_contrast_coeffs.mean": [-0.6608783602714539, -0.6574679017066956, -0.7688466310501099, -0.8181819319725037, -0.8040746450424194, -0.7121084928512573], "lowlevel.spectral_contrast_coeffs.stdev": [0.07887367904186249, 0.07831810414791107, 0.07810214906930923, 0.04490628093481064, 0.03797407075762749, 0.05410464480519295], "lowlevel.spectral_contrast_valleys.mean": [-6.7238874435424805, -6.854334831237793, -7.722561359405518, -8.012508392333984, -7.738166809082031, -10.149044036865234], "lowlevel.spectral_contrast_valleys.stdev": [0.5979693531990051, 0.7368595004081726, 0.9183194041252136, 0.865459144115448, 0.7618650794029236, 0.7580447793006897], "rhythm.beats_loudness_band_ratio.mean": [0.7866583466529846, 0.09746149182319641, 0.08914170414209366, 0.011428778059780598, 0.007002856116741896, 0.014974163845181465], "rhythm.beats_loudness_band_ratio.stdev": [0.09042981266975403, 0.04913253337144852, 0.07381290197372437, 0.017740463837981224, 0.007936247624456882, 0.010132583789527416], "tonal.hpcp.mean": [0.07324271649122238, 0.10479667782783508, 0.08353428542613983, 0.04695872589945793, 0.01890198513865471, 0.0160765890032053, 0.026587534695863724, 0.03423875570297241, 0.029004868119955063, 0.022604264318943024, 0.03093673661351204, 0.0430598184466362, 0.08720682561397552, 0.08653683215379715, 0.029622459784150124, 0.04167447239160538, 0.04942423105239868, 0.02291959896683693, 0.0102002564817667, 0.016416527330875397, 0.06741869449615479, 0.2689274847507477, 0.5886473059654236, 0.44774821400642395, 0.09285847842693329, 0.03977099433541298, 0.03295009955763817, 0.08301132172346115, 0.09584636241197586, 0.03329448774456978, 0.01966605708003044, 0.022021645680069923, 0.022513143718242645, 0.030342211946845055, 0.029576221480965614, 0.027739765122532845], "tonal.hpcp.stdev": [0.16263209283351898, 0.22216518223285675, 0.2278139591217041, 0.17842979729175568, 0.10574427247047424, 0.09895629435777664, 0.10314678400754929, 0.12161366641521454, 0.1304166615009308, 0.11731458455324173, 0.14283283054828644, 0.17432187497615814, 0.1870303452014923, 0.18402411043643951, 0.10029952228069305, 0.15181152522563934, 0.17525342106819153, 0.10549751669168472, 0.07295285910367966, 0.09109333157539368, 0.20787818729877472, 0.3290049731731415, 0.4298322796821594, 0.4059330224990845, 0.21063333749771118, 0.1664501279592514, 0.14819830656051636, 0.15448376536369324, 0.17802108824253082, 0.11509260535240173, 0.11052822321653366, 0.12359730899333954, 0.11517263948917389, 0.1254371851682663, 0.10642137378454208, 0.10290466994047165], "rhythm.beats_position": [0.4411791265010834, 0.9055781960487366, 1.369977355003357, 1.8459863662719727, 2.3336052894592285, 2.832834482192993, 3.3436734676361084, 3.8545124530792236, 4.36535120010376, 4.876190185546875, 5.38702917098999, 5.8978681564331055, 6.408707141876221, 6.919546127319336, 7.430385589599609, 7.929614543914795, 8.42884349822998, 8.939682006835938, 9.450521469116211, 9.961359977722168, 10.472199440002441, 10.983037948608398, 11.493877410888672, 12.004715919494629, 12.515555381774902, 13.02639389038086, 13.525623321533203, 14.024852752685547, 14.535691261291504, 15.046530723571777, 15.557369232177734, 16.068208694458008, 16.57904815673828, 17.089885711669922, 17.600725173950195, 18.11156463623047, 18.622404098510742, 19.133241653442383, 19.632471084594727, 20.13170051574707, 20.642539978027344, 21.153377532958984, 21.664216995239258, 22.17505645751953, 22.685895919799805, 23.196733474731445, 23.70757293701172, 24.218412399291992, 24.729251861572266, 25.240089416503906, 25.75092887878418, 26.250158309936523, 26.749387741088867, 27.26022720336914, 27.77106475830078], "rhythm.bpm_histogram": [0.0, 0.0, 0.0, 0.0, 0.0, 0.0, 0.0, 0.0, 0.0, 0.0, 0.0, 0.0, 0.0, 0.0, 0.0, 0.0, 0.0, 0.0, 0.0, 0.0, 0.0, 0.0, 0.0, 0.0, 0.0, 0.0, 0.0, 0.0, 0.0, 0.0, 0.0, 0.0, 0.0, 0.0, 0.0, 0.0, 0.0, 0.0, 0.0, 0.0, 0.0, 0.0, 0.0, 0.0, 0.0, 0.0, 0.0, 0.0, 0.0, 0.0, 0.0, 0.0, 0.0, 0.0, 0.0, 0.0, 0.0, 0.0, 0.0, 0.0, 0.0, 0.0, 0.0, 0.0, 0.0, 0.0, 0.0, 0.0, 0.0, 0.0, 0.0, 0.0, 0.0, 0.0, 0.0, 0.0, 0.0, 0.0, 0.0, 0.0, 0.0, 0.0, 0.0, 0.0, 0.0, 0.0, 0.0, 0.0, 0.0, 0.0, 0.0, 0.0, 0.0, 0.0, 0.0, 0.0, 0.0, 0.0, 0.0, 0.0, 0.0, 0.0, 0.0, 0.0, 0.0, 0.0, 0.0, 0.0, 0.0, 0.0, 0.0, 0.0, 0.0, 0.0, 0.0, 0.0, 0.0, 0.7592592835426331, 0.0, 0.0, 0.1666666716337204, 0.0, 0.0, 0.018518518656492233, 0.0, 0.0, 0.018518518656492233, 0.0, 0.0, 0.03703703731298447, 0.0, 0.0, 0.0, 0.0, 0.0, 0.0, 0.0, 0.0, 0.0, 0.0, 0.0, 0.0, 0.0, 0.0, 0.0, 0.0, 0.0, 0.0, 0.0, 0.0, 0.0, 0.0, 0.0, 0.0, 0.0, 0.0, 0.0, 0.0, 0.0, 0.0, 0.0, 0.0, 0.0, 0.0, 0.0, 0.0, 0.0, 0.0, 0.0, 0.0, 0.0, 0.0, 0.0, 0.0, 0.0, 0.0, 0.0, 0.0, 0.0, 0.0, 0.0, 0.0, 0.0, 0.0, 0.0, 0.0, 0.0, 0.0, 0.0, 0.0, 0.0, 0.0, 0.0, 0.0, 0.0, 0.0, 0.0, 0.0, 0.0, 0.0, 0.0, 0.0, 0.0, 0.0, 0.0, 0.0, 0.0, 0.0, 0.0, 0.0, 0.0, 0.0, 0.0, 0.0, 0.0, 0.0, 0.0, 0.0, 0.0, 0.0, 0.0, 0.0, 0.0, 0.0, 0.0, 0.0, 0.0, 0.0, 0.0, 0.0, 0.0, 0.0, 0.0, 0.0, 0.0, 0.0, 0.0, 0.0, 0.0, 0.0, 0.0, 0.0, 0.0, 0.0, 0.0, 0.0, 0.0, 0.0, 0.0, 0.0], "tonal.chords_histogram": [0.0, 0.0, 0.0, 0.0, 0.0, 0.0, 1.4827017784118652, 91.10379028320312, 7.413508892059326, 0.0, 0.0, 0.0, 0.0, 0.0, 0.0, 0.0, 0.0, 0.0, 0.0, 0.0, 0.0, 0.0, 0.0, 0.0], "tonal.thpcp": [1.0, 0.7606391906738281, 0.15774892270565033, 0.06756336987018585, 0.055975962430238724, 0.14102047681808472, 0.16282476484775543, 0.05656101182103157, 0.03340889513492584, 0.03741059452295303, 0.0382455550134182, 0.051545657217502594, 0.05024438351392746, 0.04712459444999695, 0.12442547082901001, 0.17802965641021729, 0.14190888404846191, 0.07977395504713058, 0.03211088478565216, 0.027311071753501892, 0.04516717419028282, 0.05816514417529106, 0.049273762851953506, 0.038400352001190186, 0.052555643022060394, 0.07315045595169067, 0.1481478363275528, 0.14700964093208313, 0.05032293498516083, 0.07079701870679855, 0.08396238088607788, 0.03893604502081871, 0.017328299582004547, 0.02788856253027916, 0.11453156173229218, 0.45685672760009766], "lowlevel.gfcc.cov": [[2903.671630859375, -374.1192321777344, -957.7735595703125, -247.25369262695312, 81.06652069091797, 184.77369689941406, -195.29298400878906, -21.97336196899414, -331.4031677246094, -125.2155990600586, -158.36502075195312, -46.9011344909668, -208.55645751953125], [-374.1192321777344, 621.2564086914062, 117.13272857666016, -204.17626953125, 3.7395360469818115, -91.5914306640625, 70.18697357177734, -42.18015670776367, 11.332582473754883, -108.24051666259766, -12.23723030090332, -84.41490936279297, 30.67678451538086], [-957.7735595703125, 117.13272857666016, 728.77880859375, 193.866943359375, -102.041015625, -110.77604675292969, 24.147260665893555, 27.904491424560547, 108.47576904296875, 17.428577423095703, -31.86897850036621, -11.294722557067871, 25.311683654785156], [-247.25369262695312, -204.17626953125, 193.866943359375, 452.4051513671875, -14.586060523986816, -91.59856414794922, -43.801734924316406, 4.7996506690979, 67.91192626953125, -9.651261329650879, -27.267744064331055, 16.149391174316406, 18.26788902282715], [81.06652069091797, 3.7395360469818115, -102.041015625, -14.586060523986816, 281.0083923339844, 62.31660842895508, -27.83332061767578, -27.048288345336914, -71.74705505371094, -4.284143924713135, 1.3054308891296387, -11.84755802154541, -13.781390190124512], [184.77369689941406, -91.5914306640625, -110.77604675292969, -91.59856414794922, 62.31660842895508, 238.0335235595703, 59.36573028564453, -69.43019104003906, -57.936893463134766, 26.42005729675293, 10.88371753692627, 4.525454521179199, -28.94112205505371], [-195.29298400878906, 70.18697357177734, 24.147260665893555, -43.801734924316406, -27.83332061767578, 59.36573028564453, 173.2309112548828, 15.992300033569336, 24.83237075805664, 14.477794647216797, 16.228992462158203, -4.807229995727539, 4.322190284729004], [-21.97336196899414, -42.18015670776367, 27.904491424560547, 4.7996506690979, -27.048288345336914, -69.43019104003906, 15.992300033569336, 151.94635009765625, 56.00957489013672, 7.880938529968262, -2.1018002033233643, -0.534162163734436, 3.264835834503174], [-331.4031677246094, 11.332582473754883, 108.47576904296875, 67.91192626953125, -71.74705505371094, -57.936893463134766, 24.83237075805664, 56.00957489013672, 173.20956420898438, 58.62437438964844, 8.80847454071045, 5.892953395843506, 24.454326629638672], [-125.2155990600586, -108.24051666259766, 17.428577423095703, -9.651261329650879, -4.284143924713135, 26.42005729675293, 14.477794647216797, 7.880938529968262, 58.62437438964844, 145.90130615234375, 66.45683288574219, 23.49216079711914, -1.241416096687317], [-158.36502075195312, -12.23723030090332, -31.86897850036621, -27.267744064331055, 1.3054308891296387, 10.88371753692627, 16.228992462158203, -2.1018002033233643, 8.80847454071045, 66.45683288574219, 124.88964080810547, 54.60116958618164, 29.461538314819336], [-46.9011344909668, -84.41490936279297, -11.294722557067871, 16.149391174316406, -11.84755802154541, 4.525454521179199, -4.807229995727539, -0.534162163734436, 5.892953395843506, 23.49216079711914, 54.60116958618164, 90.01285552978516, 33.075984954833984], [-208.55645751953125, 30.67678451538086, 25.311683654785156, 18.26788902282715, -13.781390190124512, -28.94112205505371, 4.322190284729004, 3.264835834503174, 24.454326629638672, -1.241416096687317, 29.461538314819336, 33.075984954833984, 94.88346862792969]], "lowlevel.gfcc.icov": [[0.0013486604439094663, -0.00029533187625929713, 0.001667703501880169, -0.0002950730558950454, 0.0009023385355249047, -0.0007269805646501482, 0.0013471131678670645, -0.0011818262282758951, 0.0019472349667921662, -0.0008162726298905909, 0.0022265580482780933, -0.0009809841867536306, 0.001698494190350175], [-0.00029533187625929713, 0.007944432087242603, -0.002255732659250498, 0.005356775131076574, -0.002461380325257778, 0.005430717021226883, -0.0038905821274966, 0.006281399168074131, -0.005162889137864113, 0.008882323279976845, -0.006147925741970539, 0.007659160997718573, -0.0017013608012348413], [0.001667703501880169, -0.002255732659250498, 0.0043028867803514, -0.0022305925376713276, 0.001999367494136095, -0.0015468621859326959, 0.001999019645154476, -0.002634171163663268, 0.00315176066942513, -0.003560599172487855, 0.0047007156535983086, -0.002792766084894538, 0.0021497823763638735], [-0.0002950730558950454, 0.005356775131076574, -0.0022305925376713276, 0.006507285870611668, -0.0021606713999062777, 0.004417909309267998, -0.002247905358672142, 0.004914191085845232, -0.0047117616049945354, 0.006362171843647957, -0.0035406886599957943, 0.004015580751001835, -0.0010740796569734812], [0.0009023385355249047, -0.002461380325257778, 0.001999367494136095, -0.0021606713999062777, 0.005641309544444084, -0.0031094097066670656, 0.00278351828455925, -0.0029524199198931456, 0.004301521461457014, -0.0035494568292051554, 0.002777684712782502, -0.0015940467128530145, 0.0010456563904881477], [-0.0007269805646501482, 0.005430717021226883, -0.0015468621859326959, 0.004417909309267998, -0.0031094097066670656, 0.011373604647815228, -0.0062990328297019005, 0.007668413687497377, -0.002851164899766445, 0.004005201626569033, -0.0033243512734770775, 0.003693951293826103, -0.00021930437651462853], [0.0013471131678670645, -0.0038905821274966, 0.001999019645154476, -0.002247905358672142, 0.00278351828455925, -0.0062990328297019005, 0.010663720779120922, -0.00549790496006608, 0.0027043772861361504, -0.0036309894639998674, 0.002915786812081933, -0.00265096896328032, 0.001579020987264812], [-0.0011818262282758951, 0.006281399168074131, -0.002634171163663268, 0.004914191085845232, -0.0029524199198931456, 0.007668413687497377, -0.00549790496006608, 0.014465088956058025, -0.007692287210375071, 0.007327199447900057, -0.005647518206387758, 0.005584320053458214, -0.0013237587409093976], [0.0019472349667921662, -0.005162889137864113, 0.00315176066942513, -0.0047117616049945354, 0.004301521461457014, -0.002851164899766445, 0.0027043772861361504, -0.007692287210375071, 0.016221053898334503, -0.011664139106869698, 0.008681208826601505, -0.0053349086083471775, 0.0007432028651237488], [-0.0008162726298905909, 0.008882323279976845, -0.003560599172487855, 0.006362171843647957, -0.0035494568292051554, 0.004005201626569033, -0.0036309894639998674, 0.007327199447900057, -0.011664139106869698, 0.022641614079475403, -0.01470811665058136, 0.009140965528786182, 0.0003612348227761686], [0.0022265580482780933, -0.006147925741970539, 0.0047007156535983086, -0.0035406886599957943, 0.002777684712782502, -0.0033243512734770775, 0.002915786812081933, -0.005647518206387758, 0.008681208826601505, -0.01470811665058136, 0.023609187453985214, -0.014114374294877052, 0.0009200436761602759], [-0.0009809841867536306, 0.007659160997718573, -0.002792766084894538, 0.004015580751001835, -0.0015940467128530145, 0.003693951293826103, -0.00265096896328032, 0.005584320053458214, -0.0053349086083471775, 0.009140965528786182, -0.014114374294877052, 0.025211365893483162, -0.0067482865415513515], [0.001698494190350175, -0.0017013608012348413, 0.0021497823763638735, -0.0010740796569734812, 0.0010456563904881477, -0.00021930437651462853, 0.001579020987264812, -0.0013237587409093976, 0.0007432028651237488, 0.0003612348227761686, 0.0009200436761602759, -0.0067482865415513515, 0.016394486650824547]], "lowlevel.mfcc.cov": [[3615.94091796875, -418.3019104003906, -1042.6072998046875, -468.0821228027344, 9.762131690979004, -12.760377883911133, 110.09847259521484, 27.008880615234375, -164.74081420898438, -122.8358383178711, -82.25309753417969, -116.80435943603516, -101.35759735107422], [-418.3019104003906, 786.9522094726562, -7.057455062866211, -176.09767150878906, -58.009239196777344, -81.00444793701172, 50.586036682128906, -2.5555198192596436, -18.855567932128906, 48.40010070800781, -38.3596305847168, -89.84056091308594, -67.50778198242188], [-1042.6072998046875, -7.057455062866211, 739.7997436523438, 258.2739562988281, -68.971923828125, -37.45119094848633, -141.130126953125, -6.950770854949951, 76.97283935546875, 7.868709087371826, 50.834930419921875, 22.578184127807617, 2.3397364616394043], [-468.0821228027344, -176.09767150878906, 258.2739562988281, 455.2500915527344, 71.8503189086914, -76.78302764892578, -113.1598892211914, 4.679389476776123, 54.019309997558594, -8.636042594909668, -16.442781448364258, 6.7763566970825195, 42.40226364135742], [9.762131690979004, -58.009239196777344, -68.971923828125, 71.8503189086914, 241.24339294433594, 8.839303016662598, 9.019851684570312, -25.601795196533203, -6.985637664794922, -46.996849060058594, -48.590782165527344, 19.79203987121582, 1.5859094858169556], [-12.760377883911133, -81.00444793701172, -37.45119094848633, -76.78302764892578, 8.839303016662598, 276.6873779296875, 71.89649200439453, -12.569711685180664, -29.75694465637207, -14.059830665588379, 4.903441905975342, 6.42635440826416, -3.630131959915161], [110.09847259521484, 50.586036682128906, -141.130126953125, -113.1598892211914, 9.019851684570312, 71.89649200439453, 185.55763244628906, 17.185354232788086, -44.72640609741211, -13.57756519317627, -11.235149383544922, -14.045206069946289, -24.553546905517578], [27.008880615234375, -2.5555198192596436, -6.950770854949951, 4.679389476776123, -25.601795196533203, -12.569711685180664, 17.185354232788086, 105.20867156982422, 14.890158653259277, 14.42694091796875, -12.244474411010742, -41.14170837402344, -6.670912742614746], [-164.74081420898438, -18.855567932128906, 76.97283935546875, 54.019309997558594, -6.985637664794922, -29.75694465637207, -44.72640609741211, 14.890158653259277, 113.67237854003906, 31.998767852783203, 12.326717376708984, 14.733078002929688, -1.1897777318954468], [-122.8358383178711, 48.40010070800781, 7.868709087371826, -8.636042594909668, -46.996849060058594, -14.059830665588379, -13.57756519317627, 14.42694091796875, 31.998767852783203, 129.54547119140625, 20.707090377807617, -23.749845504760742, 1.682237148284912], [-82.25309753417969, -38.3596305847168, 50.834930419921875, -16.442781448364258, -48.590782165527344, 4.903441905975342, -11.235149383544922, -12.244474411010742, 12.326717376708984, 20.707090377807617, 117.4834213256836, 54.60356140136719, 8.875138282775879], [-116.80435943603516, -89.84056091308594, 22.578184127807617, 6.7763566970825195, 19.79203987121582, 6.42635440826416, -14.045206069946289, -41.14170837402344, 14.733078002929688, -23.749845504760742, 54.60356140136719, 166.43002319335938, 38.92873764038086], [-101.35759735107422, -67.50778198242188, 2.3397364616394043, 42.40226364135742, 1.5859094858169556, -3.630131959915161, -24.553546905517578, -6.670912742614746, -1.1897777318954468, 1.682237148284912, 8.875138282775879, 38.92873764038086, 106.236328125]], "lowlevel.mfcc.icov": [[0.0007944700191728771, 0.0007078399648889899, 0.0010192330228164792, 0.0005535390810109675, 0.0003395832609385252, 0.00045349940774030983, 0.0005639197188429534, 5.568023334490135e-05, 0.00039959204150363803, 0.0006753440829925239, 9.562804916640744e-05, 0.0006080734892748296, 0.0008716293959878385], [0.0007078399648889899, 0.002391999587416649, 0.0005176883423700929, 0.0013338279677554965, 0.0003771686169784516, 0.0012186903040856123, -1.8035873381450074e-06, 0.0006368224858306348, 0.00048292186693288386, -8.069698196777608e-06, 0.0007311645313166082, 0.001152857206761837, 0.0012491433881223202], [0.0010192330228164792, 0.0005176883423700929, 0.003489143680781126, -0.0006482240278273821, 0.0012995190918445587, 9.129940008278936e-05, 0.0017017105128616095, 0.00015141197945922613, -0.00011627787171164528, 0.0013788047945126891, -0.0006397660472430289, 0.0005942335701547563, 0.0016823671758174896], [0.0005535390810109675, 0.0013338279677554965, -0.0006482240278273821, 0.004427817650139332, -0.0011874184710904956, 0.001235390082001686, 0.0011366958497092128, -0.0002035802899627015, -0.0002491777704562992, 0.00035658973501995206, 0.0007580332458019257, 0.0011069445172324777, -0.0005448227748274803], [0.0003395832609385252, 0.0003771686169784516, 0.0012995190918445587, -0.0011874184710904956, 0.005902548786252737, -6.843615847174078e-05, -0.0001494141179136932, 0.0013439299073070288, -0.00020609740749932826, 0.0015181888593360782, 0.0022567850537598133, -0.0008175536640919745, 0.0010530767031013966], [0.00045349940774030983, 0.0012186903040856123, 9.129940008278936e-05, 0.001235390082001686, -6.843615847174078e-05, 0.004831354599446058, -0.0014538891846314073, 0.0008426286512985826, 0.0006190306157805026, 0.0002552369551267475, 0.00011329114931868389, 0.0006862829905003309, 0.0003369396144989878], [0.0005639197188429534, -1.8035873381450074e-06, 0.0017017105128616095, 0.0011366958497092128, -0.0001494141179136932, -0.0014538891846314073, 0.008639204315841198, -0.0020526424050331116, 0.0022000246681272984, 0.0008543443400412798, -5.662988041876815e-05, -8.884018461685628e-05, 0.0019144711550325155], [5.568023334490135e-05, 0.0006368224858306348, 0.00015141197945922613, -0.0002035802899627015, 0.0013439299073070288, 0.0008426286512985826, -0.0020526424050331116, 0.011854827404022217, -0.002296810271218419, -0.00013909341942053288, 0.0006097028381191194, 0.003003304358571768, -0.00036053857184015214], [0.00039959204150363803, 0.00048292186693288386, -0.00011627787171164528, -0.0002491777704562992, -0.00020609740749932826, 0.0006190306157805026, 0.0022000246681272984, -0.002296810271218419, 0.01195149589329958, -0.0026719446759670973, 0.0002107134205289185, -0.0017889797454699874, 0.0019927092362195253], [0.0006753440829925239, -8.069698196777608e-06, 0.0013788047945126891, 0.00035658973501995206, 0.0015181888593360782, 0.0002552369551267475, 0.0008543443400412798, -0.00013909341942053288, -0.0026719446759670973, 0.010478420183062553, -0.002157326089218259, 0.002634423552080989, -0.0003396771498955786], [9.562804916640744e-05, 0.0007311645313166082, -0.0006397660472430289, 0.0007580332458019257, 0.0022567850537598133, 0.00011329114931868389, -5.662988041876815e-05, 0.0006097028381191194, 0.0002107134205289185, -0.002157326089218259, 0.012438744306564331, -0.00420383969321847, 0.0008005730342119932], [0.0006080734892748296, 0.001152857206761837, 0.0005942335701547563, 0.0011069445172324777, -0.0008175536640919745, 0.0006862829905003309, -8.884018461685628e-05, 0.003003304358571768, -0.0017889797454699874, 0.002634423552080989, -0.00420383969321847, 0.01021023653447628, -0.002390410751104355], [0.0008716293959878385, 0.0012491433881223202, 0.0016823671758174896, -0.0005448227748274803, 0.0010530767031013966, 0.0003369396144989878, 0.0019144711550325155, -0.00036053857184015214, 0.0019927092362195253, -0.0003396771498955786, 0.0008005730342119932, -0.002390410751104355, 0.012471123598515987]], "metadata.audio_properties.analysis.downmix": "mix", "metadata.audio_properties.codec": "mp3", "metadata.audio_properties.md5_encoded": "5ae4edc93a6cccd16a0b682ecc009e93", "metadata.tags.file_name": "1182266561306828830.mp3", "metadata.version.essentia": "2.1-beta6-dev", "metadata.version.essentia_git_sha": "v2.1_beta5-1110-g77a6a954", "metadata.version.extractor": "music 2.0", "tonal.chords_key": "A", "tonal.chords_scale": "major", "tonal.key_edma.key": "A", "tonal.key_edma.scale": "minor", "tonal.key_krumhansl.key": "A", "tonal.key_krumhansl.scale": "minor", "tonal.key_temperley.key": "A", "tonal.key_temperley.scale": "minor", "metadata.tags.encoding": ["Lavf58.45.100"]}, "essentia_models": [{"model_name": "genre_dortmund", "activations": {"alternative": "0.0017419218", "blues": "3.171488e-05", "electronic": "0.32907814", "fo