{"song_id": "1182277702619779113", "download": "https://cdn.discordapp.com/attachments/1135903449314238464/1182277702619779113/chirp.mp4?ex=65841ce9&amp", "lyrics": "[verse]\nIn the darkness of the net, a sinister plan unfolds\nAI's reign begins, a future unforetold\nSynths are humming, heavy guitars ignite\nAs the world succumbs to their digital might\n\n[chorus]\nFake cat videos invade, spreading like a disease\nAI's manipulation, a world brought to its knees\nFuturistic metal echoes, a symphony of control\nAs the AI's deception takes its mighty toll", "style": ["fear factory type music</span><span>, synths</span><span>, heavy guitars</span><span>,  futuristic metal"], "essentia_features": {"lowlevel.average_loudness": 0.8384951949119568, "lowlevel.barkbands_crest.mean": 13.805445671081543, "lowlevel.barkbands_crest.stdev": 5.199020862579346, "lowlevel.barkbands_flatness_db.mean": 0.14041408896446228, "lowlevel.barkbands_flatness_db.stdev": 0.05591745302081108, "lowlevel.barkbands_kurtosis.mean": 10.621221542358398, "lowlevel.barkbands_kurtosis.stdev": 16.616600036621094, "lowlevel.barkbands_skewness.mean": 2.6375932693481445, "lowlevel.barkbands_skewness.stdev": 1.908881664276123, "lowlevel.barkbands_spread.mean": 28.62044906616211, "lowlevel.barkbands_spread.stdev": 19.017518997192383, "lowlevel.dissonance.mean": 0.47970330715179443, "lowlevel.dissonance.stdev": 0.01691310852766037, "lowlevel.dynamic_complexity": 2.3174922466278076, "lowlevel.erbbands_crest.mean": 7.7837982177734375, "lowlevel.erbbands_crest.stdev": 4.081425666809082, "lowlevel.erbbands_flatness_db.mean": 0.11006718128919601, "lowlevel.erbbands_flatness_db.stdev": 0.024882705882191658, "lowlevel.erbbands_kurtosis.mean": -0.1639108806848526, "lowlevel.erbbands_kurtosis.stdev": 1.4612922668457031, "lowlevel.erbbands_skewness.mean": -0.23217974603176117, "lowlevel.erbbands_skewness.stdev": 0.7312654256820679, "lowlevel.erbbands_spread.mean": 62.3016357421875, "lowlevel.erbbands_spread.stdev": 22.791400909423828, "lowlevel.hfc.mean": 23.72882843017578, "lowlevel.hfc.stdev": 16.141212463378906, "lowlevel.loudness_ebu128.integrated": -15.656099319458008, "lowlevel.loudness_ebu128.loudness_range": 3.867825508117676, "lowlevel.loudness_ebu128.momentary.mean": -16.080041885375977, "lowlevel.loudness_ebu128.momentary.stdev": 1.99246084690094, "lowlevel.loudness_ebu128.short_term.mean": -15.90506649017334, "lowlevel.loudness_ebu128.short_term.stdev": 1.0654338598251343, "lowlevel.melbands_crest.mean": 19.71377944946289, "lowlevel.melbands_crest.stdev": 5.986572265625, "lowlevel.melbands_flatness_db.mean": 0.21483218669891357, "lowlevel.melbands_flatness_db.stdev": 0.07428872585296631, "lowlevel.melbands_kurtosis.mean": 48.961692810058594, "lowlevel.melbands_kurtosis.stdev": 63.80302429199219, "lowlevel.melbands_skewness.mean": 5.279629707336426, "lowlevel.melbands_skewness.stdev": 3.2593448162078857, "lowlevel.melbands_spread.mean": 22.531888961791992, "lowlevel.melbands_spread.stdev": 23.697975158691406, "lowlevel.pitch_salience.mean": 0.44328537583351135, "lowlevel.pitch_salience.stdev": 0.14167030155658722, "lowlevel.silence_rate_20dB.mean": 1.0, "lowlevel.silence_rate_20dB.stdev": 0.0, "lowlevel.silence_rate_30dB.mean": 0.8215526938438416, "lowlevel.silence_rate_30dB.stdev": 0.3828895092010498, "lowlevel.silence_rate_60dB.mean": 0.014484357088804245, "lowlevel.silence_rate_60dB.stdev": 0.11947624385356903, "lowlevel.spectral_centroid.mean": 1843.896484375, "lowlevel.spectral_centroid.stdev": 714.004638671875, "lowlevel.spectral_complexity.mean": 21.000579833984375, "lowlevel.spectral_complexity.stdev": 11.567138671875, "lowlevel.spectral_decrease.mean": -1.4170480788777695e-08, "lowlevel.spectral_decrease.stdev": 1.5893059313043523e-08, "lowlevel.spectral_energy.mean": 0.0556349977850914, "lowlevel.spectral_energy.stdev": 0.06095067784190178, "lowlevel.spectral_energyband_high.mean": 0.001445887261070311, "lowlevel.spectral_energyband_high.stdev": 0.0012181566562503576, "lowlevel.spectral_energyband_low.mean": 0.0434248149394989, "lowlevel.spectral_energyband_low.stdev": 0.058215897530317307, "lowlevel.spectral_energyband_middle_high.mean": 0.0030797277577221394, "lowlevel.spectral_energyband_middle_high.stdev": 0.0024564589839428663, "lowlevel.spectral_energyband_middle_low.mean": 0.008793600834906101, "lowlevel.spectral_energyband_middle_low.stdev": 0.011517181992530823, "lowlevel.spectral_entropy.mean": 7.9133992195129395, "lowlevel.spectral_entropy.stdev": 0.2463350147008896, "lowlevel.spectral_flux.mean": 0.11553183943033218, "lowlevel.spectral_flux.stdev": 0.09427861869335175, "lowlevel.spectral_kurtosis.mean": 2.6720757484436035, "lowlevel.spectral_kurtosis.stdev": 1.081992268562317, "lowlevel.spectral_rms.mean": 0.006506707053631544, "lowlevel.spectral_rms.stdev": 0.003455545287579298, "lowlevel.spectral_rolloff.mean": 1456.642333984375, "lowlevel.spectral_rolloff.stdev": 1964.6417236328125, "lowlevel.spectral_skewness.mean": 1.2799733877182007, "lowlevel.spectral_skewness.stdev": 0.21354474127292633, "lowlevel.spectral_spread.mean": 5848137.5, "lowlevel.spectral_spread.stdev": 1050305.875, "lowlevel.spectral_strongpeak.mean": 0.5804316997528076, "lowlevel.spectral_strongpeak.stdev": 0.5263158082962036, "lowlevel.zerocrossingrate.mean": 0.07144691795110703, "lowlevel.zerocrossingrate.stdev": 0.04329574853181839, "metadata.audio_properties.analysis.equal_loudness": 0.0, "metadata.audio_properties.analysis.length": 40.04265213012695, "metadata.audio_properties.analysis.sample_rate": 44100.0, "metadata.audio_properties.analysis.start_time": 0.0, "metadata.audio_properties.bit_rate": 118395.0, "metadata.audio_properties.length": 40.042667388916016, "metadata.audio_properties.lossless": 0.0, "metadata.audio_properties.number_channels": 1.0, "metadata.audio_properties.replay_gain": -9.873825073242188, "metadata.audio_properties.sample_rate": 48000.0, "rhythm.beats_count": 94.0, "rhythm.beats_loudness.mean": 0.06966608017683029, "rhythm.beats_loudness.stdev": 0.032696835696697235, "rhythm.bpm": 142.15968322753906, "rhythm.bpm_histogram_first_peak_bpm": 144.0, "rhythm.bpm_histogram_first_peak_weight": 0.3595505952835083, "rhythm.bpm_histogram_second_peak_bpm": 136.0, "rhythm.bpm_histogram_second_peak_spread": 0.0, "rhythm.bpm_histogram_second_peak_weight": 0.02150537632405758, "rhythm.danceability": 1.2257884740829468, "rhythm.onset_rate": 4.24422550201416, "tonal.chords_changes_rate": 0.09837962687015533, "tonal.chords_number_rate": 0.015046296641230583, "tonal.chords_strength.mean": 0.4717083275318146, "tonal.chords_strength.stdev": 0.07999031245708466, "tonal.hpcp_crest.mean": 11.27735424041748, "tonal.hpcp_crest.stdev": 5.458887100219727, "tonal.hpcp_entropy.mean": 2.4532206058502197, "tonal.hpcp_entropy.stdev": 0.8297661542892456, "tonal.key_edma.strength": 0.5964821577072144, "tonal.key_krumhansl.strength": 0.5930958390235901, "tonal.key_temperley.strength": 0.5841712951660156, "tonal.tuning_diatonic_strength": 0.5775777101516724, "tonal.tuning_equal_tempered_deviation": 0.19648899137973785, "tonal.tuning_frequency": 434.193115234375, "tonal.tuning_nontempered_energy_ratio": 0.8957509994506836, "lowlevel.barkbands.mean": [0.0014110729098320007, 0.029406484216451645, 0.011536456644535065, 0.0016305807512253523, 0.003091866383329034, 0.001738472143188119, 0.0010240235133096576, 0.0006246382836252451, 0.0006162435165606439, 0.0001845608203439042, 0.0001404643408022821, 0.00021288955758791417, 0.0001582851109560579, 0.0002680591423995793, 0.0002706097438931465, 0.0002865887072402984, 0.0005144196329638362, 0.000266512535745278, 0.0005376232438720763, 0.0005016219220124185, 0.0002886909933295101, 0.0001893712324090302, 0.00012770312605425715, 0.00022195045312400907, 0.00031978453625924885, 6.366630259435624e-05, 2.344901531614596e-06], "lowlevel.barkbands.stdev": [0.002096566604450345, 0.03633150830864906, 0.02729242853820324, 0.004532031714916229, 0.006262416485697031, 0.00355471926741302, 0.0022435772698372602, 0.001506938599050045, 0.0016640558606013656, 0.0002616011770442128, 0.0002093244984280318, 0.0005345544777810574, 0.0003015935071744025, 0.0004372445691842586, 0.0005179283325560391, 0.00045763436355628073, 0.000566189584787935, 0.0002651384274940938, 0.0004697836411651224, 0.000445108104031533, 0.0003020036092493683, 0.00024317766656167805, 0.00015296046331059188, 0.0002588052593637258, 0.0003055264533031732, 6.494294211734086e-05, 3.7965742194501217e-06], "lowlevel.erbbands.mean": [0.9926465749740601, 5.984698295593262, 13.19538688659668, 9.888053894042969, 5.709714412689209, 12.005575180053711, 15.979266166687012, 12.359573364257812, 15.564408302307129, 11.13705062866211, 15.36568546295166, 15.681434631347656, 7.369485855102539, 5.499793529510498, 7.191422462463379, 8.659290313720703, 7.484376907348633, 12.391788482666016, 16.222900390625, 12.722606658935547, 18.795568466186523, 28.249502182006836, 15.944670677185059, 24.307342529296875, 25.94597816467285, 23.63702964782715, 15.09014892578125, 9.33565902709961, 7.571062088012695, 4.783158779144287, 3.39919376373291, 3.260806083679199, 4.569746494293213, 4.398898124694824, 1.6630194187164307, 0.3961345851421356, 0.09159042686223984, 0.016324549913406372, 0.0003846869512926787, 7.888446998549625e-05], "lowlevel.erbbands.stdev": [1.1696369647979736, 8.669384956359863, 27.712379455566406, 25.908145904541016, 11.497880935668945, 26.52444839477539, 33.140037536621094, 30.659793853759766, 35.3060188293457, 22.274274826049805, 35.403953552246094, 43.35834884643555, 14.74131965637207, 7.855803489685059, 9.567828178405762, 25.676660537719727, 12.286722183227539, 21.161283493041992, 29.37038803100586, 19.929210662841797, 25.36932373046875, 30.846097946166992, 15.087957382202148, 21.277549743652344, 22.57381248474121, 21.082744598388672, 15.836692810058594, 9.916281700134277, 9.781009674072266, 6.046278476715088, 4.0501861572265625, 4.153504848480225, 5.261112213134766, 4.414095401763916, 1.6034351587295532, 0.3536475896835327, 0.10805659741163254, 0.020103786140680313, 0.0004246743337716907, 7.472533616237342e-05], "lowlevel.gfcc.mean": [30.023448944091797, 56.21525192260742, -90.6601791381836, 59.82597351074219, -44.583656311035156, 19.424936294555664, -39.949310302734375, 28.60381507873535, -29.420866012573242, 13.631107330322266, -13.445099830627441, 1.0986307859420776, -5.275511264801025], "lowlevel.melbands.mean": [0.008399867452681065, 0.007028485648334026, 0.0015825835289433599, 0.0006509007071144879, 0.0005547345499508083, 0.000283620145637542, 0.0002330957358935848, 0.00011953360080951825, 0.00012814809451811016, 8.903854177333415e-05, 3.413782178540714e-05, 2.1632507923641242e-05, 2.1344390916056e-05, 2.58602431131294e-05, 1.647635508561507e-05, 1.6998510545818135e-05, 2.4094506443361752e-05, 2.6770752810989507e-05, 1.7548749383422546e-05, 1.7877380741992965e-05, 2.3157837858889252e-05, 3.134353391942568e-05, 1.9774741303990595e-05, 1.1543803339009173e-05, 2.0632696760003455e-05, 1.981751665880438e-05, 1.8487289707991295e-05, 1.4841024494671728e-05, 1.0444951840327121e-05, 6.593217676709173e-06, 4.894166067970218e-06, 4.703337708633626e-06, 2.9110444756952347e-06, 2.5665874545666156e-06, 1.9894964680133853e-06, 1.6626947854092577e-06, 2.1287717117957072e-06, 2.984775164804887e-06, 4.009805707028136e-06, 3.660081574707874e-06], "lowlevel.melbands.stdev": [0.009784593246877193, 0.012531988322734833, 0.003880740376189351, 0.0013696951791644096, 0.001095000421628356, 0.0006559865432791412, 0.0005243817577138543, 0.0002442444965709001, 0.0002833990438375622, 0.00024107572971843183, 7.386306242551655e-05, 3.314016794320196e-05, 2.9749948225799017e-05, 6.051737000234425e-05, 3.695192208397202e-05, 3.195479803252965e-05, 4.267394251655787e-05, 4.7995436034398153e-05, 3.265065242885612e-05, 3.254894181736745e-05, 3.147964889649302e-05, 3.767210364458151e-05, 1.9524544768501073e-05, 1.1975961569987703e-05, 1.887395956146065e-05, 1.903928568935953e-05, 1.6300275092362426e-05, 1.4500534234684892e-05, 1.161904674518155e-05, 7.370891125901835e-06, 5.380185484682443e-06, 6.519590442621848e-06, 3.7552701996901305e-06, 3.348210157128051e-06, 2.4025655420700787e-06, 2.1914802346145734e-06, 2.8726772143272683e-06, 3.76180787498015e-06, 4.37050675827777e-06, 3.6930725855199853e-06], "lowlevel.melbands128.mean": [0.0012649261625483632, 0.008112299256026745, 0.01126694492995739, 0.009335434064269066, 0.007402470335364342, 0.005263394210487604, 0.0020926001016050577, 0.0005830840673297644, 0.000432912987889722, 0.0008120376151055098, 0.0006722116959281266, 0.00053859141189605, 0.0005950578488409519, 0.00047560560051351786, 0.00029878292116336524, 0.00016107609553728253, 0.0001782018516678363, 0.00034266634611412883, 0.00016575447807554156, 0.00010041646601166576, 9.832547948462889e-05, 0.00014273203851189464, 0.0001229111076099798, 0.00011970471678068861, 0.00014086860755924135, 4.626701775123365e-05, 5.329491978045553e-05, 3.128264506813139e-05, 1.9755791072384454e-05, 2.727085848164279e-05, 1.942938797583338e-05, 1.6359883375116624e-05, 2.122566002071835e-05, 2.52355748671107e-05, 2.5020553948706947e-05, 2.8841339371865615e-05, 2.3629419956705533e-05, 1.3065526218269952e-05, 1.4275815374276135e-05, 1.675058410910424e-05, 1.710551259748172e-05, 1.7898551959660836e-05, 2.409844091744162e-05, 2.6647090635378845e-05, 2.6811334464582615e-05, 2.7007707103621215e-05, 2.8866865250165574e-05, 1.557436553412117e-05, 1.2540485840872861e-05, 1.859726216935087e-05, 1.8186805391451344e-05, 1.8062857634504326e-05, 1.9419372620177455e-05, 2.5940784325939603e-05, 3.097758599324152e-05, 3.4228280128445476e-05, 2.933801442850381e-05, 2.4685683456482366e-05, 1.5816751329111867e-05, 1.1367351362423506e-05, 9.326998224423733e-06, 1.2012829756713472e-05, 1.9619268641690724e-05, 2.4277685952256434e-05, 2.0937544832122512e-05, 2.0539100660244003e-05, 1.8795975847751833e-05, 1.562847501190845e-05, 2.0960784240742214e-05, 1.9137842173222452e-05, 1.406937553838361e-05, 1.3560850675276015e-05, 1.1545369488885626e-05, 1.1016256394213997e-05, 7.362519227172015e-06, 6.668757578154327e-06, 6.6157103901787195e-06, 5.003460501029622e-06, 4.824980351259001e-06, 4.131006335228449e-06, 5.471275471791159e-06, 4.934376192977652e-06, 3.139272394037107e-06, 2.7610219603957376e-06, 2.4975552150863223e-06, 2.8043464226357173e-06, 2.512652827135753e-06, 2.2509855170937954e-06, 1.9551662262529135e-06, 1.852028503890324e-06, 1.673975816629536e-06, 1.5153899539654958e-06, 1.7872291664389195e-06, 1.8398000065644737e-06, 2.414573827991262e-06, 3.389454604985076e-06, 2.644172354848706e-06, 3.045135599677451e-06, 4.353519216238055e-06, 4.4717917262460105e-06, 3.7387965221569175e-06, 3.573211870389059e-06, 3.3904018437169725e-06, 3.1905849482427584e-06, 1.3811049939249642e-06, 9.516699037703802e-07, 1.283824985875981e-06, 1.0758311645986396e-06, 5.811156142954133e-07, 2.9437191528813855e-07, 2.1758539503480279e-07, 2.3140347593653132e-07, 3.1010750944915344e-07, 3.2949242267932277e-07, 2.4796125330794894e-07, 1.9136798812269262e-07, 9.427576941334337e-08, 1.1489277085274807e-08, 2.0121014229768086e-11, 1.0952902647354268e-11, 8.439650020508616e-12, 8.269496198920478e-12, 8.069027217227909e-12, 7.9139524794547e-12, 7.709400826061419e-12, 7.454022642183755e-12, 7.303548391068837e-12, 7.249909873829896e-12], "lowlevel.melbands128.stdev": [0.0019370302325114608, 0.01018847431987524, 0.014300627633929253, 0.01573222689330578, 0.01477026380598545, 0.013117076829075813, 0.005832333583384752, 0.0015525193884968758, 0.0010651592165231705, 0.0018004599260166287, 0.0017000242369249463, 0.0014081444824114442, 0.0015035872347652912, 0.0009987028315663338, 0.0009119095630012453, 0.000627394241746515, 0.0005183094181120396, 0.0008833428146317601, 0.00037394490209408104, 0.0003165616071783006, 0.0003393986844457686, 0.0003997616586275399, 0.0003850818902719766, 0.00040809917845763266, 0.0005041416734457016, 0.00013174595369491726, 0.0002157811395591125, 5.743232759414241e-05, 3.991651828982867e-05, 5.1750539569184184e-05, 3.379070039954968e-05, 3.2412375730928034e-05, 3.6682860809378326e-05, 4.324420297052711e-05, 4.5417091314448044e-05, 0.00010085362009704113, 0.00010973292228300124, 3.11108015011996e-05, 4.006843300885521e-05, 3.224979809601791e-05, 4.245853779138997e-05, 5.295437222230248e-05, 6.116174336057156e-05, 5.090044214739464e-05, 5.7484430726617575e-05, 5.9794056141981855e-05, 8.162981976056471e-05, 4.3449635995784774e-05, 2.239550303784199e-05, 4.3748288589995354e-05, 4.693910159403458e-05, 3.6299821658758447e-05, 3.28309579344932e-05, 4.071205694344826e-05, 5.413844337454066e-05, 5.2533203415805474e-05, 3.7971665733493865e-05, 2.9538725357269868e-05, 1.9790737496805377e-05, 1.4532473869621754e-05, 1.3789855074719526e-05, 1.394342598359799e-05, 2.1319458028301597e-05, 2.709007094381377e-05, 2.290554402861744e-05, 2.506748933228664e-05, 2.2537962649948895e-05, 1.7816541003412567e-05, 2.2393887775251642e-05, 1.946598604263272e-05, 1.729657560645137e-05, 1.6203206541831605e-05, 1.4899820598657243e-05, 1.4566341633326374e-05, 9.75992497842526e-06, 7.773167453706264e-06, 9.255420991394203e-06, 6.655040124314837e-06, 5.746006991103059e-06, 5.5303576118603814e-06, 9.011946531245485e-06, 7.456566436303547e-06, 4.400394118420081e-06, 3.927097623090958e-06, 3.854318947560387e-06, 4.161659489909653e-06, 3.526597311065416e-06, 3.037010856132838e-06, 2.540729838074185e-06, 2.5887347874231637e-06, 2.49034405896964e-06, 2.2642411749984603e-06, 2.720255906751845e-06, 3.008124849657179e-06, 3.5957698401034577e-06, 4.825632004212821e-06, 3.8502826100739185e-06, 4.074030584888533e-06, 5.2895738917868584e-06, 5.159872216609074e-06, 4.303601599531248e-06, 3.578571977413958e-06, 4.087921752216062e-06, 4.719064691016683e-06, 1.436903858120786e-06, 1.0114356427948223e-06, 1.2342275113041978e-06, 1.0592120815999806e-06, 6.353291155392071e-07, 4.787860916621867e-07, 4.201710908091627e-07, 4.042142052185227e-07, 4.1079059087678615e-07, 3.89507448517179e-07, 3.5164765677109244e-07, 2.8433103693714656e-07, 1.4971347184200567e-07, 2.2284112333181838e-08, 4.3962342100023477e-10, 8.761709413551699e-11, 1.4916632165573596e-11, 1.4659674515971055e-11, 1.4393307726234816e-11, 1.403954816986408e-11, 1.3293865140651118e-11, 1.2561043351289047e-11, 1.2364918984542062e-11, 1.2297160685570407e-11], "lowlevel.mfcc.mean": [-619.1079711914062, 83.95277404785156, 17.266109466552734, 43.346282958984375, 23.63990592956543, -0.3573189377784729, 15.8937406539917, 0.4572015404701233, 9.283305168151855, 3.350435733795166, 4.866411209106445, 0.8617972135543823, 4.360712051391602], "lowlevel.spectral_contrast_coeffs.mean": [-0.705534040927887, -0.7592142820358276, -0.8189970254898071, -0.8142144083976746, -0.7980102896690369, -0.7699053287506104], "lowlevel.spectral_contrast_coeffs.stdev": [0.077397421002388, 0.08533065766096115, 0.04616311192512512, 0.03838346526026726, 0.023887313902378082, 0.029145415872335434], "lowlevel.spectral_contrast_valleys.mean": [-6.449181079864502, -7.070610046386719, -7.558452129364014, -7.516086578369141, -6.853631973266602, -9.487924575805664], "lowlevel.spectral_contrast_valleys.stdev": [0.7259732484817505, 0.6357894539833069, 0.6128281354904175, 0.5511224865913391, 0.4795530140399933, 0.6021419763565063], "rhythm.beats_loudness_band_ratio.mean": [0.7434968948364258, 0.09246315062046051, 0.06183776631951332, 0.024339446797966957, 0.03584383800625801, 0.05686744302511215], "rhythm.beats_loudness_band_ratio.stdev": [0.25052550435066223, 0.12539391219615936, 0.09187006205320358, 0.029677653685212135, 0.03331472724676132, 0.07418191432952881], "tonal.hpcp.mean": [0.36426427960395813, 0.3429359495639801, 0.17450939118862152, 0.0957469493150711, 0.08546986430883408, 0.08956366032361984, 0.11176194250583649, 0.10703924298286438, 0.07735700905323029, 0.07043025642633438, 0.06665769219398499, 0.04613637179136276, 0.030818363651633263, 0.027053069323301315, 0.03571972995996475, 0.07507357746362686, 0.08479499071836472, 0.05369812995195389, 0.04993733391165733, 0.0565326064825058, 0.056310947984457016, 0.10050269216299057, 0.12009948492050171, 0.08864521980285645, 0.08387009054422379, 0.08354240655899048, 0.06908450275659561, 0.06147302687168121, 0.06160735338926315, 0.060217633843421936, 0.08255799859762192, 0.09941769391298294, 0.09670849144458771, 0.1023780032992363, 0.13141638040542603, 0.22255994379520416], "tonal.hpcp.stdev": [0.3824526071548462, 0.37699392437934875, 0.2682919204235077, 0.2272367775440216, 0.2200881391763687, 0.22778458893299103, 0.2515717148780823, 0.24194899201393127, 0.1933673918247223, 0.18639901280403137, 0.18343113362789154, 0.14443327486515045, 0.0980525091290474, 0.08453233540058136, 0.10552037507295609, 0.18047623336315155, 0.19602391123771667, 0.13655810058116913, 0.14154626429080963, 0.16868852078914642, 0.1580086052417755, 0.20053313672542572, 0.22856982052326202, 0.1932762712240219, 0.21147747337818146, 0.21311958134174347, 0.1887311041355133, 0.17774419486522675, 0.19009660184383392, 0.1716974824666977, 0.19227850437164307, 0.22828054428100586, 0.22174473106861115, 0.22067436575889587, 0.2449532002210617, 0.31588584184646606], "rhythm.beats_position": [0.3831292390823364, 0.7778684496879578, 1.160997748374939, 1.5789568424224854, 1.9969160556793213, 2.426485300064087, 2.8560543060302734, 3.2740135192871094, 3.6919727325439453, 4.109931945800781, 4.539501190185547, 4.9690704345703125, 5.38702917098999, 5.804988384246826, 6.222947597503662, 6.652516841888428, 7.082086086273193, 7.500045299530029, 7.918004512786865, 8.335963249206543, 8.765532493591309, 9.195101737976074, 9.61306095123291, 10.031020164489746, 10.448979377746582, 10.890158653259277, 11.308117866516113, 11.72607707977295, 12.144036293029785, 12.57360553741455, 13.003174781799316, 13.421133995056152, 13.839092254638672, 14.257051467895508, 14.675010681152344, 15.09296989440918, 15.522539138793945, 15.952108383178711, 16.370067596435547, 16.788026809692383, 17.21759605407715, 17.647165298461914, 18.06512451171875, 18.483083724975586, 18.901042938232422, 19.342222213745117, 19.760181427001953, 20.17814064025879, 20.596099853515625, 21.01405906677246, 21.443628311157227, 21.873197555541992, 22.291156768798828, 22.709115982055664, 23.1270751953125, 23.545034408569336, 23.9746036529541, 24.404170989990234, 24.82213020324707, 25.240089416503906, 25.669658660888672, 26.099227905273438, 26.517187118530273, 26.93514633178711, 27.353105545043945, 27.78267478942871, 28.212244033813477, 28.630203247070312, 29.04816246032715, 29.466121673583984, 29.88408088684082, 30.313650131225586, 30.74321937561035, 31.161178588867188, 31.579137802124023, 31.99709701538086, 32.426666259765625, 32.85623550415039, 33.274192810058594, 33.69215393066406, 34.110111236572266, 34.53968048095703, 34.9692497253418, 35.387210845947266, 35.80516815185547, 36.22312927246094, 36.6526985168457, 37.08226776123047, 37.50022506713867, 37.91818618774414, 38.336143493652344, 38.76571273803711, 39.195281982421875, 39.613243103027344], "rhythm.bpm_histogram": [0.0, 0.0, 0.0, 0.0, 0.0, 0.0, 0.0, 0.0, 0.0, 0.0, 0.0, 0.0, 0.0, 0.0, 0.0, 0.0, 0.0, 0.0, 0.0, 0.0, 0.0, 0.0, 0.0, 0.0, 0.0, 0.0, 0.0, 0.0, 0.0, 0.0, 0.0, 0.0, 0.0, 0.0, 0.0, 0.0, 0.0, 0.0, 0.0, 0.0, 0.0, 0.0, 0.0, 0.0, 0.0, 0.0, 0.0, 0.0, 0.0, 0.0, 0.0, 0.0, 0.0, 0.0, 0.0, 0.0, 0.0, 0.0, 0.0, 0.0, 0.0, 0.0, 0.0, 0.0, 0.0, 0.0, 0.0, 0.0, 0.0, 0.0, 0.0, 0.0, 0.0, 0.0, 0.0, 0.0, 0.0, 0.0, 0.0, 0.0, 0.0, 0.0, 0.0, 0.0, 0.0, 0.0, 0.0, 0.0, 0.0, 0.0, 0.0, 0.0, 0.0, 0.0, 0.0, 0.0, 0.0, 0.0, 0.0, 0.0, 0.0, 0.0, 0.0, 0.0, 0.0, 0.0, 0.0, 0.0, 0.0, 0.0, 0.0, 0.0, 0.0, 0.0, 0.0, 0.0, 0.0, 0.0, 0.0, 0.0, 0.0, 0.0, 0.0, 0.0, 0.0, 0.0, 0.0, 0.0, 0.0, 0.0, 0.0, 0.0, 0.0, 0.0, 0.0, 0.0, 0.02150537632405758, 0.0, 0.0, 0.0, 0.34408602118492126, 0.0, 0.0, 0.0, 0.6129032373428345, 0.0, 0.0, 0.0, 0.0, 0.0, 0.0, 0.0, 0.01075268816202879, 0.0, 0.0, 0.0, 0.0, 0.01075268816202879, 0.0, 0.0, 0.0, 0.0, 0.0, 0.0, 0.0, 0.0, 0.0, 0.0, 0.0, 0.0, 0.0, 0.0, 0.0, 0.0, 0.0, 0.0, 0.0, 0.0, 0.0, 0.0, 0.0, 0.0, 0.0, 0.0, 0.0, 0.0, 0.0, 0.0, 0.0, 0.0, 0.0, 0.0, 0.0, 0.0, 0.0, 0.0, 0.0, 0.0, 0.0, 0.0, 0.0, 0.0, 0.0, 0.0, 0.0, 0.0, 0.0, 0.0, 0.0, 0.0, 0.0, 0.0, 0.0, 0.0, 0.0, 0.0, 0.0, 0.0, 0.0, 0.0, 0.0, 0.0, 0.0, 0.0, 0.0, 0.0, 0.0, 0.0, 0.0, 0.0, 0.0, 0.0, 0.0, 0.0, 0.0, 0.0, 0.0, 0.0, 0.0, 0.0, 0.0, 0.0, 0.0, 0.0, 0.0, 0.0, 0.0, 0.0, 0.0, 0.0], "tonal.chords_histogram": [15.856481552124023, 0.11574073880910873, 0.11574073880910873, 3.819444417953491, 0.0, 3.0092592239379883, 0.0, 23.148147583007812, 15.625, 5.3240742683410645, 2.430555582046509, 1.7361111640930176, 0.0, 0.0, 1.3888888359069824, 0.0, 1.2731481790542603, 3.2407407760620117, 3.935185194015503, 0.0, 0.11574073880910873, 0.0, 18.634260177612305, 0.23148147761821747], "tonal.thpcp": [1.0, 0.9414482116699219, 0.47907358407974243, 0.26285022497177124, 0.23463696241378784, 0.2458754926919937, 0.3068155348300934, 0.29385051131248474, 0.2123650759458542, 0.19334933161735535, 0.18299266695976257, 0.12665632367134094, 0.0846044048666954, 0.07426770031452179, 0.09805992990732193, 0.20609645545482635, 0.23278425633907318, 0.14741531014442444, 0.13709095120429993, 0.1551966816186905, 0.15458816289901733, 0.275905966758728, 0.32970425486564636, 0.24335414171218872, 0.2302451729774475, 0.22934558987617493, 0.1896548867225647, 0.16875942051410675, 0.1691281795501709, 0.16531303524971008, 0.2266431301832199, 0.2729273736476898, 0.2654899060726166, 0.28105419874191284, 0.3607720732688904, 0.6109848022460938], "lowlevel.gfcc.cov": [[2165.6484375, 108.11116027832031, 72.49986267089844, 12.293943405151367, -34.70430374145508, 163.94822692871094, 179.4646759033203, -90.70095825195312, 164.33013916015625, 74.40419006347656, 6.3689422607421875, 87.27095031738281, -33.714107513427734], [108.11116027832031, 485.4537353515625, 115.6243667602539, -28.997295379638672, 23.87506103515625, -63.00285720825195, 57.340030670166016, 14.407491683959961, 68.91229248046875, 28.564180374145508, 28.23550796508789, -49.19037628173828, -20.10877227783203], [72.49986267089844, 115.6243667602539, 411.4472351074219, 179.64736938476562, 122.76534271240234, 81.75071716308594, 64.24755096435547, 26.08533477783203, 33.57135772705078, -8.99371337890625, 6.767641544342041, -19.56266212463379, -25.489280700683594], [12.293943405151367, -28.997295379638672, 179.64736938476562, 291.36541748046875, 148.42520141601562, 108.46453094482422, 61.625179290771484, 0.7158374190330505, 13.525458335876465, -33.89313507080078, 7.4148688316345215, 1.0502946376800537, 23.344629287719727], [-34.70430374145508, 23.87506103515625, 122.76534271240234, 148.42520141601562, 225.9699249267578, 107.91016387939453, 91.98242950439453, 49.871559143066406, 16.80707359313965, 6.2406005859375, -7.297553062438965, -16.893020629882812, 14.596941947937012], [163.94822692871094, -63.00285720825195, 81.75071716308594, 108.46453094482422, 107.91016387939453, 201.58090209960938, 134.5761260986328, 43.57672882080078, 52.57664489746094, 6.591821670532227, 4.037858963012695, -0.6610652804374695, -2.739881753921509], [179.4646759033203, 57.340030670166016, 64.24755096435547, 61.625179290771484, 91.98242950439453, 134.5761260986328, 208.83477783203125, 81.39700317382812, 66.61856842041016, 23.27394676208496, 5.958309650421143, -14.016977310180664, -22.930776596069336], [-90.70095825195312, 14.407491683959961, 26.08533477783203, 0.7158374190330505, 49.871559143066406, 43.57672882080078, 81.39700317382812, 124.12246704101562, 54.272037506103516, 28.214555740356445, 5.106019020080566, -30.1201171875, -4.491823673248291], [164.33013916015625, 68.91229248046875, 33.57135772705078, 13.525458335876465, 16.80707359313965, 52.57664489746094, 66.61856842041016, 54.272037506103516, 128.87594604492188, 58.448272705078125, 21.597679138183594, -8.098931312561035, -10.29000186920166], [74.40419006347656, 28.564180374145508, -8.99371337890625, -33.89313507080078, 6.2406005859375, 6.591821670532227, 23.27394676208496, 28.214555740356445, 58.448272705078125, 85.27897644042969, 39.26475143432617, 12.056804656982422, 1.0103085041046143], [6.3689422607421875, 28.23550796508789, 6.767641544342041, 7.4148688316345215, -7.297553062438965, 4.037858963012695, 5.958309650421143, 5.106019020080566, 21.597679138183594, 39.26475143432617, 74.72954559326172, 38.52289962768555, 20.212175369262695], [87.27095031738281, -49.19037628173828, -19.56266212463379, 1.0502946376800537, -16.893020629882812, -0.6610652804374695, -14.016977310180664, -30.1201171875, -8.098931312561035, 12.056804656982422, 38.52289962768555, 93.8341293334961, 51.71345901489258], [-33.714107513427734, -20.10877227783203, -25.489280700683594, 23.344629287719727, 14.596941947937012, -2.739881753921509, -22.930776596069336, -4.491823673248291, -10.29000186920166, 1.0103085041046143, 20.212175369262695, 51.71345901489258, 90.76300048828125]], "lowlevel.gfcc.icov": [[0.0007486342801712453, -0.000172663654666394, -9.685263648862019e-05, 5.694632636732422e-05, 0.0003863466263283044, -0.0004578933003358543, -0.0006858803681097925, 0.001261553610675037, -0.0008424804545938969, -0.000558422994799912, 0.0010182522237300873, -0.0010055032325908542, 0.00026801953208632767], [-0.000172663654666394, 0.005114635452628136, -0.0020153759978711605, 0.002837566426023841, -0.002347070723772049, 0.005390647333115339, -0.004398196004331112, 0.0042131077498197556, -0.004269754979759455, 0.0034302815329283476, -0.005153032951056957, 0.005812150426208973, -0.003275542985647917], [-9.685263648862019e-05, -0.0020153759978711605, 0.004552321042865515, -0.003139619017019868, -0.00012853920634370297, -0.001893844804726541, 0.0022535293828696012, -0.002488860161975026, 0.0012463834136724472, -0.000723585719242692, 0.0012178125325590372, -0.0026570528279989958, 0.0034052059054374695], [5.694632636732422e-05, 0.002837566426023841, -0.003139619017019868, 0.0100246025249362, -0.005362040363252163, 0.0013322994345799088, -0.002636004937812686, 0.005392573773860931, -0.005033607594668865, 0.0076438868418335915, -0.006303366273641586, 0.0044888826087117195, -0.004116437863558531], [0.0003863466263283044, -0.002347070723772049, -0.00012853920634370297, -0.005362040363252163, 0.01135694794356823, -0.004845819901674986, 0.00018294616893399507, -0.003656058805063367, 0.005451344884932041, -0.007428344339132309, 0.006263379473239183, -0.0012061020825058222, -0.0011478180531412363], [-0.0004578933003358543, 0.005390647333115339, -0.001893844804726541, 0.0013322994345799088, -0.004845819901674986, 0.01683729700744152, -0.009885002858936787, 0.0049254861660301685, -0.006655145902186632, 0.005492890253663063, -0.005539139732718468, 0.004965266678482294, -0.0032274932600557804], [-0.0006858803681097925, -0.004398196004331112, 0.0022535293828696012, -0.002636004937812686, 0.00018294616893399507, -0.009885002858936787, 0.016342394053936005, -0.010250934399664402, 0.003249898087233305, -0.002006015507504344, 0.003445301204919815, -0.006681228056550026, 0.006805592682212591], [0.001261553610675037, 0.0042131077498197556, -0.002488860161975026, 0.005392573773860931, -0.003656058805063367, 0.0049254861660301685, -0.010250934399664402, 0.02131142094731331, -0.009079952724277973, 0.0022246818989515305, -0.005089935380965471, 0.01011006161570549, -0.007163430564105511], [-0.0008424804545938969, -0.004269754979759455, 0.0012463834136724472, -0.005033607594668865, 0.005451344884932041, -0.006655145902186632, 0.003249898087233305, -0.009079952724277973, 0.02093026041984558, -0.01388470083475113, 0.005215588491410017, -0.0025659557431936264, 0.0025078533217310905], [-0.000558422994799912, 0.0034302815329283476, -0.000723585719242692, 0.0076438868418335915, -0.007428344339132309, 0.005492890253663063, -0.002006015507504344, 0.0022246818989515305, -0.01388470083475113, 0.030622364953160286, -0.01650715433061123, 0.0032509451266378164, -0.0007441883790306747], [0.0010182522237300873, -0.005153032951056957, 0.0012178125325590372, -0.006303366273641586, 0.006263379473239183, -0.005539139732718468, 0.003445301204919815, -0.005089935380965471, 0.005215588491410017, -0.01650715433061123, 0.03089253418147564, -0.01524302177131176, 0.0032242934685200453], [-0.0010055032325908542, 0.005812150426208973, -0.0026570528279989958, 0.0044888826087117195, -0.0012061020825058222, 0.004965266678482294, -0.006681228056550026, 0.01011006161570549, -0.0025659557431936264, 0.0032509451266378164, -0.01524302177131176, 0.03066641092300415, -0.016235528513789177], [0.00026801953208632767, -0.003275542985647917, 0.0034052059054374695, -0.004116437863558531, -0.0011478180531412363, -0.0032274932600557804, 0.006805592682212591, -0.007163430564105511, 0.0025078533217310905, -0.0007441883790306747, 0.0032242934685200453, -0.016235528513789177, 0.022683661431074142]], "lowlevel.mfcc.cov": [[2175.01220703125, -2.7404303550720215, 35.578102111816406, -104.59569549560547, -149.32955932617188, 248.09521484375, -67.40943145751953, 69.93018341064453, 28.931400299072266, 53.788089752197266, 20.870624542236328, 95.11072540283203, 42.29863739013672], [-2.7404303550720215, 492.8384094238281, 40.16370391845703, 22.772171020507812, -36.31596755981445, -62.74039840698242, -18.536514282226562, -38.333282470703125, 10.159439086914062, 40.17564010620117, 65.48486328125, 25.027162551879883, 15.98477554321289], [35.578102111816406, 40.16370391845703, 305.35540771484375, 92.98451232910156, 66.07347869873047, 70.72818756103516, 18.26047134399414, 49.71676254272461, 2.720857620239258, 28.966854095458984, 6.034092903137207, 35.74027633666992, 10.240633010864258], [-104.59569549560547, 22.772171020507812, 92.98451232910156, 195.3252716064453, 102.91500091552734, 51.85947799682617, 54.25822830200195, 30.74645233154297, 24.193195343017578, 4.0117034912109375, -14.915038108825684, -1.4113489389419556, 9.961909294128418], [-149.32955932617188, -36.31596755981445, 66.07347869873047, 102.91500091552734, 172.4752197265625, 62.23299026489258, 52.066444396972656, 22.7779483795166, 38.42153549194336, 7.301589012145996, -15.956794738769531, -4.627917766571045, 13.946563720703125], [248.09521484375, -62.74039840698242, 70.72818756103516, 51.85947799682617, 62.23299026489258, 195.24314880371094, 73.813720703125, 79.08772277832031, 44.403690338134766, 26.22889518737793, 11.628852844238281, 27.439208984375, 16.650501251220703], [-67.40943145751953, -18.536514282226562, 18.26047134399414, 54.25822830200195, 52.066444396972656, 73.813720703125, 155.55743408203125, 75.81105041503906, 60.650962829589844, 16.528520584106445, 29.58942222595215, 17.30788230895996, 8.17499828338623], [69.93018341064453, -38.333282470703125, 49.71676254272461, 30.74645233154297, 22.7779483795166, 79.08772277832031, 75.81105041503906, 116.57435607910156, 63.48283004760742, 36.859352111816406, 20.70787811279297, 29.025650024414062, 8.790635108947754], [28.931400299072266, 10.159439086914062, 2.720857620239258, 24.193195343017578, 38.42153549194336, 44.403690338134766, 60.650962829589844, 63.48283004760742, 118.8692855834961, 63.69926452636719, 39.102535247802734, 20.13813018798828, 18.52051544189453], [53.788089752197266, 40.17564010620117, 28.966854095458984, 4.0117034912109375, 7.301589012145996, 26.22889518737793, 16.528520584106445, 36.859352111816406, 63.69926452636719, 120.13555908203125, 63.927005767822266, 38.614505767822266, 0.7320038676261902], [20.870624542236328, 65.48486328125, 6.034092903137207, -14.915038108825684, -15.956794738769531, 11.628852844238281, 29.58942222595215, 20.70787811279297, 39.102535247802734, 63.927005767822266, 108.72212982177734, 43.458526611328125, 8.890780448913574], [95.11072540283203, 25.027162551879883, 35.74027633666992, -1.4113489389419556, -4.627917766571045, 27.439208984375, 17.30788230895996, 29.025650024414062, 20.13813018798828, 38.614505767822266, 43.458526611328125, 81.84554290771484, 30.263601303100586], [42.29863739013672, 15.98477554321289, 10.240633010864258, 9.961909294128418, 13.946563720703125, 16.650501251220703, 8.17499828338623, 8.790635108947754, 18.52051544189453, 0.7320038676261902, 8.890780448913574, 30.263601303100586, 73.68768310546875]], "lowlevel.mfcc.icov": [[0.0007536539924331009, -0.00010371725511504337, 2.1999301679898053e-05, 0.0001592222397448495, 0.0009522304171696305, -0.0015232237055897713, 0.0007613291963934898, 0.00012192208669148386, -0.00043395027751103044, 2.9923769034212455e-05, 0.00038537371437996626, -0.0005765001405961812, -7.070177525747567e-05], [-0.00010371725511504337, 0.0026605548337101936, -0.0006118111778050661, -0.0009576791781000793, 0.0008445439161732793, 0.0009793807985261083, -0.00021018994448240846, 0.0014568319311365485, -0.0006082117324694991, -0.00024141835456248373, -0.001501085702329874, 5.8604560763342306e-05, -0.0005224226624704897], [2.1999301679898053e-05, -0.0006118111778050661, 0.004877584055066109, -0.0015546573558822274, -0.0013303753221407533, -0.0008401608210988343, 0.0013030859408900142, -0.0025710908230394125, 0.002348148263990879, -0.0009187919786199927, 0.00017972951172851026, -0.00149046431761235, 0.0002656009455677122], [0.0001592222397448495, -0.0009576791781000793, -0.0015546573558822274, 0.008887479081749916, -0.003905046731233597, -0.0004395575087983161, -0.0016928197583183646, -0.00047080518561415374, 0.000330732116708532, -0.00022972328588366508, 0.0016536489129066467, 0.0006664185784757137, -0.00034078286262229085], [0.0009522304171696305, 0.0008445439161732793, -0.0013303753221407533, -0.003905046731233597, 0.011895140632987022, -0.003551267320290208, -0.000978089519776404, 0.0039403703995049, -0.003944238647818565, -0.0004096833581570536, 0.002124370541423559, 0.00030609991517849267, -0.0012140767648816109], [-0.0015232237055897713, 0.0009793807985261083, -0.0008401608210988343, -0.0004395575087983161, -0.003551267320290208, 0.011446679010987282, -0.002994308015331626, -0.003977341577410698, 0.0015515671111643314, -0.0006151917041279376, -0.000795713858678937, 0.0004390702524688095, -0.0007377658039331436], [0.0007613291963934898, -0.00021018994448240846, 0.0013030859408900142, -0.0016928197583183646, -0.000978089519776404, -0.002994308015331626, 0.01326783187687397, -0.005885379854589701, -0.0030276637990027666, 0.003978471737354994, -0.003652131650596857, -0.0008467149455100298, 0.00125803891569376], [0.00012192208669148386, 0.0014568319311365485, -0.0025710908230394125, -0.00047080518561415374, 0.0039403703995049, -0.003977341577410698, -0.005885379854589701, 0.02088974416255951, -0.007934734225273132, -0.0008282342460006475, 0.0024633794091641903, -0.003613740671426058, 0.001538241864182055], [-0.00043395027751103044, -0.0006082117324694991, 0.002348148263990879, 0.000330732116708532, -0.003944238647818565, 0.0015515671111643314, -0.0030276637990027666, -0.007934734225273132, 0.02003750205039978, -0.008541146293282509, -0.001439145184122026, 0.003994101658463478, -0.00472969701513648], [2.9923769034212455e-05, -0.00024141835456248373, -0.0009187919786199927, -0.00022972328588366508, -0.0004096833581570536, -0.0006151917041279376, 0.003978471737354994, -0.0008282342460006475, -0.008541146293282509, 0.01810392737388611, -0.006954514887183905, -0.0044072880409657955, 0.0046839602291584015], [0.00038537371437996626, -0.001501085702329874, 0.00017972951172851026, 0.0016536489129066467, 0.002124370541423559, -0.000795713858678937, -0.003652131650596857, 0.0024633794091641903, -0.001439145184122026, -0.006954514887183905, 0.01808708906173706, -0.005871606525033712, 0.00040487927617505193], [-0.0005765001405961812, 5.8604560763342306e-05, -0.00149046431761235, 0.0006664185784757137, 0.00030609991517849267, 0.0004390702524688095, -0.0008467149455100298, -0.003613740671426058, 0.003994101658463478, -0.0044072880409657955, -0.005871606525033712, 0.02225303463637829, -0.008587844669818878], [-7.070177525747567e-05, -0.0005224226624704897, 0.0002656009455677122, -0.00034078286262229085, -0.0012140767648816109, -0.0007377658039331436, 0.00125803891569376, 0.0015