{"song_id": "1182275151350481016", "download": "https://cdn.discordapp.com/attachments/1128313332273782784/1182275151350481016/chirp.mp4?ex=65841a89&amp", "lyrics": "-", "style": ["American rap"], "essentia_features": {"lowlevel.average_loudness": 0.5774590373039246, "lowlevel.barkbands_crest.mean": 12.636442184448242, "lowlevel.barkbands_crest.stdev": 7.737728595733643, "lowlevel.barkbands_flatness_db.mean": 0.15042446553707123, "lowlevel.barkbands_flatness_db.stdev": 0.07437954097986221, "lowlevel.barkbands_kurtosis.mean": 17.71872901916504, "lowlevel.barkbands_kurtosis.stdev": 46.28451156616211, "lowlevel.barkbands_skewness.mean": 2.513418197631836, "lowlevel.barkbands_skewness.stdev": 3.200949192047119, "lowlevel.barkbands_spread.mean": 23.476051330566406, "lowlevel.barkbands_spread.stdev": 17.08223533630371, "lowlevel.dissonance.mean": 0.48095473647117615, "lowlevel.dissonance.stdev": 0.020767871290445328, "lowlevel.dynamic_complexity": 8.875177383422852, "lowlevel.erbbands_crest.mean": 6.283092975616455, "lowlevel.erbbands_crest.stdev": 3.1348044872283936, "lowlevel.erbbands_flatness_db.mean": 0.1420283168554306, "lowlevel.erbbands_flatness_db.stdev": 0.0683145746588707, "lowlevel.erbbands_kurtosis.mean": -0.22919632494449615, "lowlevel.erbbands_kurtosis.stdev": 1.307073712348938, "lowlevel.erbbands_skewness.mean": 0.013427326455712318, "lowlevel.erbbands_skewness.stdev": 0.7147647142410278, "lowlevel.erbbands_spread.mean": 56.35462188720703, "lowlevel.erbbands_spread.stdev": 29.77037239074707, "lowlevel.hfc.mean": 18.828777313232422, "lowlevel.hfc.stdev": 22.583127975463867, "lowlevel.loudness_ebu128.integrated": -20.98575210571289, "lowlevel.loudness_ebu128.loudness_range": 12.964044570922852, "lowlevel.loudness_ebu128.momentary.mean": -33.448516845703125, "lowlevel.loudness_ebu128.momentary.stdev": 36.9112434387207, "lowlevel.loudness_ebu128.short_term.mean": -26.632671356201172, "lowlevel.loudness_ebu128.short_term.stdev": 10.701969146728516, "lowlevel.melbands_crest.mean": 17.704858779907227, "lowlevel.melbands_crest.stdev": 10.485490798950195, "lowlevel.melbands_flatness_db.mean": 0.18578694760799408, "lowlevel.melbands_flatness_db.stdev": 0.11141704767942429, "lowlevel.melbands_kurtosis.mean": 72.81289672851562, "lowlevel.melbands_kurtosis.stdev": 139.22874450683594, "lowlevel.melbands_skewness.mean": 5.211711883544922, "lowlevel.melbands_skewness.stdev": 5.4626030921936035, "lowlevel.melbands_spread.mean": 30.518178939819336, "lowlevel.melbands_spread.stdev": 32.47018051147461, "lowlevel.pitch_salience.mean": 0.5089101195335388, "lowlevel.pitch_salience.stdev": 0.2504156827926636, "lowlevel.silence_rate_20dB.mean": 0.996221661567688, "lowlevel.silence_rate_20dB.stdev": 0.06135207414627075, "lowlevel.silence_rate_30dB.mean": 0.751259446144104, "lowlevel.silence_rate_30dB.stdev": 0.4322817027568817, "lowlevel.silence_rate_60dB.mean": 0.372166246175766, "lowlevel.silence_rate_60dB.stdev": 0.48337870836257935, "lowlevel.spectral_centroid.mean": 2274.774658203125, "lowlevel.spectral_centroid.stdev": 1601.6270751953125, "lowlevel.spectral_complexity.mean": 12.13853931427002, "lowlevel.spectral_complexity.stdev": 11.773985862731934, "lowlevel.spectral_decrease.mean": -1.3675387044997933e-08, "lowlevel.spectral_decrease.stdev": 2.0060994643245067e-08, "lowlevel.spectral_energy.mean": 0.053321950137615204, "lowlevel.spectral_energy.stdev": 0.07691435515880585, "lowlevel.spectral_energyband_high.mean": 0.0014187298947945237, "lowlevel.spectral_energyband_high.stdev": 0.0018889608327299356, "lowlevel.spectral_energyband_low.mean": 0.04324833303689957, "lowlevel.spectral_energyband_low.stdev": 0.07127079367637634, "lowlevel.spectral_energyband_middle_high.mean": 0.0017785001546144485, "lowlevel.spectral_energyband_middle_high.stdev": 0.0024552999529987574, "lowlevel.spectral_energyband_middle_low.mean": 0.007758150342851877, "lowlevel.spectral_energyband_middle_low.stdev": 0.020529719069600105, "lowlevel.spectral_entropy.mean": 8.058100700378418, "lowlevel.spectral_entropy.stdev": 0.46118319034576416, "lowlevel.spectral_flux.mean": 0.08775825053453445, "lowlevel.spectral_flux.stdev": 0.09916043281555176, "lowlevel.spectral_kurtosis.mean": 2.175492286682129, "lowlevel.spectral_kurtosis.stdev": 1.7228626012802124, "lowlevel.spectral_rms.mean": 0.005172261036932468, "lowlevel.spectral_rms.stdev": 0.005026834551244974, "lowlevel.spectral_rolloff.mean": 2990.845458984375, "lowlevel.spectral_rolloff.stdev": 3752.32666015625, "lowlevel.spectral_skewness.mean": 1.1525272130966187, "lowlevel.spectral_skewness.stdev": 0.36028552055358887, "lowlevel.spectral_spread.mean": 6680869.5, "lowlevel.spectral_spread.stdev": 5534416.5, "lowlevel.spectral_strongpeak.mean": 0.5095376968383789, "lowlevel.spectral_strongpeak.stdev": 0.45104628801345825, "lowlevel.zerocrossingrate.mean": 0.11093547195196152, "lowlevel.zerocrossingrate.stdev": 0.10195311903953552, "metadata.audio_properties.analysis.equal_loudness": 0.0, "metadata.audio_properties.analysis.length": 36.8426513671875, "metadata.audio_properties.analysis.sample_rate": 44100.0, "metadata.audio_properties.analysis.start_time": 0.0, "metadata.audio_properties.bit_rate": 117309.0, "metadata.audio_properties.length": 36.84266662597656, "metadata.audio_properties.lossless": 0.0, "metadata.audio_properties.number_channels": 1.0, "metadata.audio_properties.replay_gain": -4.315956115722656, "metadata.audio_properties.sample_rate": 48000.0, "rhythm.beats_count": 95.0, "rhythm.beats_loudness.mean": 0.051928769797086716, "rhythm.beats_loudness.stdev": 0.06583048403263092, "rhythm.bpm": 161.69932556152344, "rhythm.bpm_histogram_first_peak_bpm": 161.0, "rhythm.bpm_histogram_first_peak_weight": 0.3333333134651184, "rhythm.bpm_histogram_second_peak_bpm": 152.0, "rhythm.bpm_histogram_second_peak_spread": 0.25, "rhythm.bpm_histogram_second_peak_weight": 0.09574468433856964, "rhythm.danceability": 0.9700718522071838, "rhythm.onset_rate": 3.716596841812134, "tonal.chords_changes_rate": 0.07421384006738663, "tonal.chords_number_rate": 0.013836477883160114, "tonal.chords_strength.mean": 0.5474656820297241, "tonal.chords_strength.stdev": 0.09049288183450699, "tonal.hpcp_crest.mean": 12.386760711669922, "tonal.hpcp_crest.stdev": 8.257428169250488, "tonal.hpcp_entropy.mean": 2.2847089767456055, "tonal.hpcp_entropy.stdev": 1.0888657569885254, "tonal.key_edma.strength": 0.5413358807563782, "tonal.key_krumhansl.strength": 0.5404415130615234, "tonal.key_temperley.strength": 0.5369989275932312, "tonal.tuning_diatonic_strength": 0.48960602283477783, "tonal.tuning_equal_tempered_deviation": 0.1126079186797142, "tonal.tuning_frequency": 442.2933654785156, "tonal.tuning_nontempered_energy_ratio": 0.8015923500061035, "lowlevel.barkbands.mean": [0.0018042417941614985, 0.037506140768527985, 0.003081463510170579, 0.0016000022878870368, 0.0025098882615566254, 0.0019449259852990508, 0.0007874424918554723, 0.0004863091162405908, 0.0003803675645031035, 0.0002166056801797822, 0.00011771616846090183, 0.00021347531583160162, 0.0001258640259038657, 0.00011930461914744228, 0.000163432297995314, 0.00018021698633674532, 0.0002401133388048038, 0.00017438209033571184, 0.00017192728410009295, 0.00018888530030380934, 0.0002540754503570497, 0.00027355088968761265, 0.00026380326016806066, 0.00025107295368798077, 0.00018065980111714453, 7.991484017111361e-05, 6.101718099671416e-06], "lowlevel.barkbands.stdev": [0.003537433221936226, 0.06511939316987991, 0.01079246774315834, 0.006207801401615143, 0.009640080854296684, 0.0064882743172347546, 0.0028752642683684826, 0.001718119834549725, 0.0012905985349789262, 0.00046748228487558663, 0.0002865427522920072, 0.0003574445436242968, 0.0003007747873198241, 0.0002515828236937523, 0.00024298150674439967, 0.00028437477885745466, 0.000390301167499274, 0.000273517012828961, 0.00024334392219316214, 0.00028277808451093733, 0.0003589763364288956, 0.0003625235112849623, 0.0003693284816108644, 0.0003790121409110725, 0.0002847119758371264, 0.00012187450920464471, 1.1964708392042667e-05], "lowlevel.erbbands.mean": [1.6717692613601685, 6.022387981414795, 4.27717399597168, 4.853410243988037, 6.772615909576416, 7.802703857421875, 12.939138412475586, 16.256391525268555, 13.100671768188477, 10.17225456237793, 10.581974983215332, 8.210250854492188, 7.279109954833984, 7.194563865661621, 6.222558498382568, 8.293734550476074, 5.76358699798584, 6.624832630157471, 7.688408374786377, 9.373478889465332, 9.972776412963867, 13.56625747680664, 10.037476539611816, 9.513984680175781, 8.235688209533691, 8.955119132995605, 10.391313552856445, 9.601311683654785, 10.318079948425293, 8.854584693908691, 7.02793550491333, 5.790179252624512, 3.8515515327453613, 2.433244228363037, 0.9724527597427368, 0.4234663248062134, 0.12528172135353088, 0.02737199328839779, 0.0006622918299399316, 8.019899541977793e-05], "lowlevel.erbbands.stdev": [3.0528221130371094, 10.615478515625, 12.783371925354004, 16.753087997436523, 27.110572814941406, 35.934226989746094, 41.29823303222656, 54.8770637512207, 45.86166000366211, 40.103248596191406, 33.858482360839844, 28.73120880126953, 19.985431671142578, 13.34310245513916, 11.830657958984375, 14.524017333984375, 13.474624633789062, 14.906744003295898, 13.301308631896973, 12.838417053222656, 15.196805000305176, 23.1688175201416, 16.479473114013672, 12.656291961669922, 11.592391967773438, 13.550389289855957, 15.933948516845703, 13.204706192016602, 13.93272876739502, 12.302451133728027, 9.95068359375, 8.887618064880371, 5.92591667175293, 3.988891124725342, 1.512614369392395, 0.6687185764312744, 0.19883757829666138, 0.04566674679517746, 0.0010624246206134558, 0.0001000215343083255], "lowlevel.gfcc.mean": [-110.6161117553711, 17.95233726501465, -121.28733825683594, 36.324607849121094, -58.08214569091797, 23.44122886657715, -37.25240707397461, 11.847430229187012, -23.855989456176758, 3.7306580543518066, -17.044424057006836, 9.658554077148438, -5.601688385009766], "lowlevel.melbands.mean": [0.012246393598616123, 0.0038492772728204727, 0.000887199304997921, 0.0005269997636787593, 0.0004289014032110572, 0.00036225776420906186, 0.00019402279576752335, 0.00010837893205462024, 8.095183147815987e-05, 5.1944363804068416e-05, 3.610507337725721e-05, 2.9680499210371636e-05, 1.8489628928364255e-05, 2.522684917494189e-05, 1.4792339243285824e-05, 1.3177956134313717e-05, 1.1698908565449528e-05, 1.1720054317265749e-05, 1.1396088666515425e-05, 1.3451651284412947e-05, 1.0972927157126833e-05, 1.418701958755264e-05, 1.104016882891301e-05, 8.491015250911005e-06, 7.598308911838103e-06, 6.300102995737689e-06, 5.688565124728484e-06, 5.957559096714249e-06, 6.782318905607099e-06, 5.942366442468483e-06, 5.323012373992242e-06, 6.24788117420394e-06, 4.72438250653795e-06, 5.051149400969734e-06, 4.057504611409968e-06, 3.7507718388951616e-06, 3.422007011977257e-06, 2.7872301870957017e-06, 2.455301000736654e-06, 1.9245874227635795e-06], "lowlevel.melbands.stdev": [0.021706324070692062, 0.007528636604547501, 0.002960735931992531, 0.0023685258347541094, 0.0013104428071528673, 0.001219436526298523, 0.0006785724544897676, 0.00042756006587296724, 0.0002606995985843241, 0.00018192609422840178, 9.684615361038595e-05, 5.516518285730854e-05, 3.971432306570932e-05, 4.142724355915561e-05, 3.213718082406558e-05, 3.1876799766905606e-05, 2.6744275601231493e-05, 2.123299600498285e-05, 1.597417394805234e-05, 2.105388011841569e-05, 1.7239211956621148e-05, 2.5253590138163418e-05, 1.8909840946434997e-05, 1.2976214748050552e-05, 1.0319572538719513e-05, 9.228931048710365e-06, 8.012469152163249e-06, 9.612331268726848e-06, 1.1558939149836078e-05, 8.113386684271973e-06, 7.632970664417371e-06, 8.892198820831254e-06, 6.464226771640824e-06, 7.3786472967185546e-06, 5.7792240113485605e-06, 5.803775820822921e-06, 5.3313692660594825e-06, 4.205369350529509e-06, 4.293684014555765e-06, 3.1927345389703987e-06], "lowlevel.melbands128.mean": [0.001768220099620521, 0.014863028191030025, 0.01671011745929718, 0.007495206315070391, 0.002459708834066987, 0.0014258564915508032, 0.0009897110285237432, 0.0007465416565537453, 0.0006939591839909554, 0.0005512838251888752, 0.0003874607791658491, 0.0004046385583933443, 0.00047996119246818125, 0.0004002070636488497, 0.0003792902862187475, 0.0003583195502869785, 0.0002278441534144804, 0.00017453100008424371, 0.00013388499792199582, 0.00010807751095853746, 9.592323476681486e-05, 0.00010416769509902224, 8.350716962013394e-05, 5.165227776160464e-05, 4.897574399365112e-05, 5.157178020454012e-05, 6.017951818648726e-05, 2.5366296540596522e-05, 2.3092063202057034e-05, 4.356702629593201e-05, 2.497267269063741e-05, 1.7416252376278862e-05, 1.8212691429653205e-05, 1.6136698832269758e-05, 2.914015385613311e-05, 2.7626718292594887e-05, 2.2076466848375276e-05, 1.2574835636769421e-05, 1.1899402124981862e-05, 1.1752674254239537e-05, 1.1431252460170072e-05, 1.9279223124613054e-05, 1.121489822253352e-05, 8.152382179105189e-06, 1.018643524730578e-05, 1.2719721780740656e-05, 1.3830889656674117e-05, 1.0274006854160689e-05, 1.0116804332938045e-05, 1.4494408787868451e-05, 1.5818704923731275e-05, 8.63398781802971e-06, 1.3334166396816727e-05, 9.951825632015243e-06, 1.108259311877191e-05, 1.5230310054903384e-05, 1.6126074115163647e-05, 1.3789486729365308e-05, 8.569631972932257e-06, 7.3276719376735855e-06, 9.227192094840575e-06, 8.574018465878908e-06, 7.140636171243386e-06, 7.894414011389017e-06, 7.479497980966698e-06, 6.237572051759344e-06, 5.511923063750146e-06, 5.461423825181555e-06, 6.324224159470759e-06, 5.230674560152693e-06, 5.671312919730553e-06, 6.468749688792741e-06, 6.4467062657058705e-06, 8.223978511523455e-06, 4.98116514791036e-06, 6.0123775256215595e-06, 6.670444236078765e-06, 4.853120117331855e-06, 5.444373982754769e-06, 4.8124920795089565e-06, 7.274511517607607e-06, 6.532185125251999e-06, 4.716013336292235e-06, 4.553513917926466e-06, 4.630552211892791e-06, 5.086525561637245e-06, 5.603727913694456e-06, 4.1767998482100666e-06, 4.087131401320221e-06, 3.692981181302457e-06, 3.849728727800539e-06, 3.631579374996363e-06, 3.890565949404845e-06, 3.5755906537815463e-06, 2.872238383133663e-06, 3.344019660289632e-06, 2.6603327114571584e-06, 2.1275884591887007e-06, 2.6940376756101614e-06, 2.6122866074729245e-06, 1.9041182213186403e-06, 1.9596147922129603e-06, 1.7293165228693397e-06, 1.2889569234175724e-06, 8.491959420098283e-07, 7.749185897409916e-07, 1.1854692729684757e-06, 9.86763438959315e-07, 7.339424428209895e-07, 4.974239118382684e-07, 3.8784392586421745e-07, 3.8727978335373336e-07, 3.847188452255068e-07, 4.241011026806518e-07, 2.9924959221716563e-07, 3.3516226949359407e-07, 2.2864442428272014e-07, 3.854026076055561e-08, 4.0124148448228425e-10, 1.1012064871085414e-10, 1.6181493645017753e-11, 1.1052945017575588e-11, 1.0533055330719243e-11, 1.0332927222189703e-11, 1.00298857760861e-11, 9.611680375221088e-12, 9.373553148950275e-12, 9.300768488706979e-12], "lowlevel.melbands128.stdev": [0.0034861695021390915, 0.02788739651441574, 0.030050110071897507, 0.014158143661916256, 0.007778790779411793, 0.004908246453851461, 0.0036340272054076195, 0.002944985870271921, 0.0029958554077893496, 0.0034434953704476357, 0.00210904935374856, 0.0012690472649410367, 0.0016160306986421347, 0.001560967299155891, 0.00135901034809649, 0.0012882617302238941, 0.0008890165481716394, 0.0006339906831271946, 0.0005644281045533717, 0.00047214131336659193, 0.0004337427963037044, 0.00035015903995372355, 0.0002680020988918841, 0.00021513788669835776, 0.0001991832978092134, 0.00019061310740653425, 0.00018336081120651215, 9.534253331366926e-05, 6.560109613928944e-05, 8.338663610629737e-05, 5.366243567550555e-05, 4.562335743685253e-05, 4.515494583756663e-05, 4.2366653360659257e-05, 5.39395805390086e-05, 4.9965303333010525e-05, 4.5259937905939296e-05, 3.7664107367163524e-05, 3.0681203497806564e-05, 3.455823753029108e-05, 3.4720735129667446e-05, 4.6984867367427796e-05, 3.2884887332329527e-05, 2.007594594033435e-05, 2.109380511683412e-05, 2.799568210321013e-05, 2.683268212422263e-05, 1.9339648133609444e-05, 1.6232195775955915e-05, 2.3101729311747476e-05, 3.270883462391794e-05, 1.551739842398092e-05, 2.6352552595199086e-05, 1.570489985169843e-05, 2.0651012164307758e-05, 3.5539262171369046e-05, 3.149353142362088e-05, 2.4078799469862133e-05, 1.775897908373736e-05, 1.7138705516117625e-05, 1.5423000149894506e-05, 1.2858507034252398e-05, 1.0999535334121902e-05, 1.194921787828207e-05, 1.2560956747620367e-05, 1.0448795364936814e-05, 8.697827070136555e-06, 9.792614036996383e-06, 9.481912456976715e-06, 9.002498700283468e-06, 1.1053161870222539e-05, 1.1142516086692922e-05, 1.1887029359058943e-05, 1.7869824660010636e-05, 9.00268969417084e-06, 8.602815796621144e-06, 1.0317713531549089e-05, 9.156561645795591e-06, 8.768686711846385e-06, 7.1278263931162655e-06, 1.2453139788703993e-05, 9.729180419526529e-06, 7.217836355266627e-06, 6.851545549579896e-06, 7.144210030674003e-06, 7.946034202177543e-06, 9.189707270707004e-06, 6.142495749372756e-06, 6.555037089128746e-06, 5.8593782341631595e-06, 6.389479494828265e-06, 6.111463790148264e-06, 6.884301456011599e-06, 6.202382792253047e-06, 4.5487058741855435e-06, 5.13768327436992e-06, 4.526620159595041e-06, 4.0465470192430075e-06, 5.249655714578694e-06, 4.685070052801166e-06, 3.622244321377366e-06, 3.329205355839804e-06, 3.1412239422934363e-06, 2.4027331164688803e-06, 1.5244517044266104e-06, 1.4073661986913066e-06, 2.020452711803955e-06, 1.6868852981133386e-06, 1.294404114560166e-06, 9.056134899765311e-07, 8.043306252147886e-07, 7.854594059608644e-07, 6.734432531629864e-07, 6.912327989994083e-07, 4.972141027792532e-07, 6.210553351593262e-07, 4.5322823893911846e-07, 7.609476426750916e-08, 9.296139857895014e-09, 3.656866587320451e-09, 1.5474226067180297e-10, 2.386887042182817e-11, 2.083071042047191e-11, 2.0492893840207138e-11, 2.0199257197428544e-11, 1.9958279820486702e-11, 1.978751190678807e-11, 1.9683119717450737e-11], "lowlevel.mfcc.mean": [-729.1390380859375, 50.78166961669922, -3.709409236907959, 13.925921440124512, 5.447216033935547, 8.08817195892334, 1.3987061977386475, 6.3507537841796875, 4.267352104187012, -4.529882431030273, -2.525812864303589, 1.1402872800827026, -0.3817765414714813], "lowlevel.spectral_contrast_coeffs.mean": [-0.7244561910629272, -0.7996200919151306, -0.8005934357643127, -0.8291295170783997, -0.8232475519180298, -0.7639371752738953], "lowlevel.spectral_contrast_coeffs.stdev": [0.11442213505506516, 0.0861239954829216, 0.07202696055173874, 0.05052373185753822, 0.04295946657657623, 0.05681547895073891], "lowlevel.spectral_contrast_valleys.mean": [-8.9480562210083, -8.708964347839355, -8.741496086120605, -8.677331924438477, -8.363218307495117, -10.666927337646484], "lowlevel.spectral_contrast_valleys.stdev": [3.975116014480591, 3.656926393508911, 3.3128583431243896, 3.2682714462280273, 3.3880999088287354, 3.2573344707489014], "rhythm.beats_loudness_band_ratio.mean": [0.40914246439933777, 0.18786950409412384, 0.047037120908498764, 0.10634749382734299, 0.1185857355594635, 0.13581548631191254], "rhythm.beats_loudness_band_ratio.stdev": [0.4061359763145447, 0.2426934540271759, 0.061265457421541214, 0.16458408534526825, 0.14247657358646393, 0.15155251324176788], "tonal.hpcp.mean": [0.21299195289611816, 0.11569720506668091, 0.09221062064170837, 0.08099695295095444, 0.08747895807027817, 0.15157583355903625, 0.1749202162027359, 0.14460693299770355, 0.13662144541740417, 0.11974914371967316, 0.11083365976810455, 0.14782220125198364, 0.16084690392017365, 0.12871584296226501, 0.18602222204208374, 0.2182714343070984, 0.1541546732187271, 0.13412581384181976, 0.13021714985370636, 0.12699370086193085, 0.16605466604232788, 0.1610165536403656, 0.1104678139090538, 0.10398238897323608, 0.10125739127397537, 0.09206943213939667, 0.15718208253383636, 0.18164502084255219, 0.14121294021606445, 0.15159668028354645, 0.15881595015525818, 0.15638519823551178, 0.21817411482334137, 0.2599036395549774, 0.2047932744026184, 0.22910159826278687], "tonal.hpcp.stdev": [0.31030750274658203, 0.19922354817390442, 0.18888762593269348, 0.16040927171707153, 0.1726350486278534, 0.25312677025794983, 0.27951452136039734, 0.24006415903568268, 0.2473185509443283, 0.2295483648777008, 0.20285362005233765, 0.2305118292570114, 0.2508982717990875, 0.22053205966949463, 0.2780083119869232, 0.3264044523239136, 0.2502284049987793, 0.241428405046463, 0.24569977819919586, 0.22409158945083618, 0.24290983378887177, 0.24790030717849731, 0.17730574309825897, 0.20042970776557922, 0.1966262310743332, 0.17140576243400574, 0.24304898083209991, 0.2787242829799652, 0.22344650328159332, 0.2579977512359619, 0.26652199029922485, 0.2594969868659973, 0.30165204405784607, 0.35327693819999695, 0.286036878824234, 0.3035339415073395], "rhythm.beats_position": [0.3831292390823364, 0.7662584781646729, 1.1493877172470093, 1.5325169563293457, 1.904036283493042, 2.2755556106567383, 2.6470746994018555, 3.0185940265655518, 3.4017233848571777, 3.7848525047302246, 4.156371593475342, 4.527891159057617, 4.899410247802734, 5.27092981338501, 5.642448902130127, 6.025578022003174, 6.397097587585449, 6.768616676330566, 7.151745796203613, 7.53487491607666, 7.894784450531006, 8.266304016113281, 8.637823104858398, 9.020952224731445, 9.392471313476562, 9.76399040222168, 10.147119522094727, 10.54185962677002, 10.913378715515137, 11.284897804260254, 11.656416893005371, 12.027935981750488, 12.399456024169922, 12.770975112915039, 13.154104232788086, 13.537233352661133, 13.90875244140625, 14.280271530151367, 14.6517915725708, 15.034920692443848, 15.406439781188965, 15.777958869934082, 16.161088943481445, 16.532608032226562, 16.90412712097168, 17.264036178588867, 17.647165298461914, 18.03029441833496, 18.413423538208008, 18.784942626953125, 19.156461715698242, 19.52798080444336, 19.899499893188477, 20.271020889282227, 20.654150009155273, 21.03727912902832, 21.408798217773438, 21.780317306518555, 22.151836395263672, 22.52335548400879, 22.894874572753906, 23.266393661499023, 23.64952278137207, 24.032651901245117, 24.404170989990234, 24.775691986083984, 25.15882110595703, 25.541950225830078, 25.913469314575195, 26.284988403320312, 26.65650749206543, 27.028026580810547, 27.399545669555664, 27.77106475830078, 28.154193878173828, 28.537322998046875, 28.908842086791992, 29.280363082885742, 29.65188217163086, 30.046621322631836, 30.441360473632812, 30.83609962463379, 31.288888931274414, 31.75328826904297, 32.21768569946289, 32.68208694458008, 33.07682418823242, 33.47156524658203, 33.866302490234375, 34.261043548583984, 34.65578079223633, 35.062129974365234, 35.46847915649414, 35.87482833862305, 36.292789459228516], "rhythm.bpm_histogram": [0.0, 0.0, 0.0, 0.0, 0.0, 0.0, 0.0, 0.0, 0.0, 0.0, 0.0, 0.0, 0.0, 0.0, 0.0, 0.0, 0.0, 0.0, 0.0, 0.0, 0.0, 0.0, 0.0, 0.0, 0.0, 0.0, 0.0, 0.0, 0.0, 0.0, 0.0, 0.0, 0.0, 0.0, 0.0, 0.0, 0.0, 0.0, 0.0, 0.0, 0.0, 0.0, 0.0, 0.0, 0.0, 0.0, 0.0, 0.0, 0.0, 0.0, 0.0, 0.0, 0.0, 0.0, 0.0, 0.0, 0.0, 0.0, 0.0, 0.0, 0.0, 0.0, 0.0, 0.0, 0.0, 0.0, 0.0, 0.0, 0.0, 0.0, 0.0, 0.0, 0.0, 0.0, 0.0, 0.0, 0.0, 0.0, 0.0, 0.0, 0.0, 0.0, 0.0, 0.0, 0.0, 0.0, 0.0, 0.0, 0.0, 0.0, 0.0, 0.0, 0.0, 0.0, 0.0, 0.0, 0.0, 0.0, 0.0, 0.0, 0.0, 0.0, 0.0, 0.0, 0.0, 0.0, 0.0, 0.0, 0.0, 0.0, 0.0, 0.0, 0.0, 0.0, 0.0, 0.0, 0.0, 0.0, 0.0, 0.0, 0.0, 0.0, 0.0, 0.0, 0.0, 0.0, 0.0, 0.0, 0.0, 0.03191489353775978, 0.0, 0.0, 0.0, 0.010638297535479069, 0.0, 0.0, 0.0, 0.0, 0.0, 0.0, 0.0, 0.0, 0.0, 0.0, 0.010638297535479069, 0.0, 0.0, 0.0, 0.03191489353775978, 0.0, 0.0, 0.0, 0.09574468433856964, 0.0, 0.0, 0.0, 0.0, 0.26595744490623474, 0.0, 0.0, 0.0, 0.5319148898124695, 0.0, 0.0, 0.0, 0.0, 0.0, 0.021276595070958138, 0.0, 0.0, 0.0, 0.0, 0.0, 0.0, 0.0, 0.0, 0.0, 0.0, 0.0, 0.0, 0.0, 0.0, 0.0, 0.0, 0.0, 0.0, 0.0, 0.0, 0.0, 0.0, 0.0, 0.0, 0.0, 0.0, 0.0, 0.0, 0.0, 0.0, 0.0, 0.0, 0.0, 0.0, 0.0, 0.0, 0.0, 0.0, 0.0, 0.0, 0.0, 0.0, 0.0, 0.0, 0.0, 0.0, 0.0, 0.0, 0.0, 0.0, 0.0, 0.0, 0.0, 0.0, 0.0, 0.0, 0.0, 0.0, 0.0, 0.0, 0.0, 0.0, 0.0, 0.0, 0.0, 0.0, 0.0, 0.0, 0.0, 0.0, 0.0, 0.0, 0.0, 0.0, 0.0, 0.0, 0.0, 0.0, 0.0, 0.0, 0.0, 0.0], "tonal.chords_histogram": [1.761006236076355, 1.257861614227295, 6.289308071136475, 0.1257861703634262, 0.0, 0.0, 0.0, 0.0, 0.0, 0.6289308071136475, 0.0, 0.0, 13.081761360168457, 5.03144645690918, 38.993709564208984, 8.301886558532715, 2.8930816650390625, 13.710691452026367, 0.0, 1.6352201700210571, 6.289308071136475, 0.0, 0.0, 0.0], "tonal.thpcp": [1.0, 0.7879584431648254, 0.881486713886261, 0.8195035457611084, 0.44515421986579895, 0.3547877371311188, 0.31164222955703735, 0.3365822732448578, 0.5832000970840454, 0.6730194687843323, 0.5563867092132568, 0.5256619453430176, 0.46074438095092773, 0.42644134163856506, 0.5687577128410339, 0.6188713312149048, 0.49524447321891785, 0.7157353758811951, 0.8398167490959167, 0.5931224226951599, 0.5160597562789917, 0.5010209083557129, 0.488618403673172, 0.6389085650444031, 0.6195240616798401, 0.42503371834754944, 0.40008053183555603, 0.3895958960056305, 0.35424450039863586, 0.6047706007957458, 0.6988937258720398, 0.543328046798706, 0.5832803249359131, 0.6110570430755615, 0.6017045378684998, 0.8394423127174377], "lowlevel.gfcc.cov": [[72425.6796875, 4761.58056640625, 4302.310546875, 3854.04150390625, -2045.99951171875, 481.7037658691406, -1608.1300048828125, 1344.4517822265625, -314.4665832519531, 1396.6097412109375, -496.8860778808594, 721.7166137695312, -723.3286743164062], [4761.58056640625, 1862.1661376953125, 1580.791259765625, 564.9766235351562, 181.59109497070312, -174.5980987548828, 108.53418731689453, 197.64039611816406, 231.6398468017578, 195.0443878173828, -0.40270066261291504, 30.996904373168945, -32.54964065551758], [4302.310546875, 1580.791259765625, 3573.172607421875, 1026.09619140625, 667.6111450195312, -71.4555892944336, 312.82452392578125, 388.1280212402344, 391.34173583984375, 464.6780090332031, 123.42310333251953, 124.3777084350586, -128.5441436767578], [3854.04150390625, 564.9766235351562, 1026.09619140625, 1065.37109375, 510.0887145996094, 432.7699279785156, 335.3934326171875, 245.79922485351562, 228.46514892578125, 129.95306396484375, 137.73056030273438, 25.6451473236084, -52.33951187133789], [-2045.99951171875, 181.59109497070312, 667.6111450195312, 510.0887145996094, 821.49072265625, 450.2885437011719, 524.9052124023438, 164.67672729492188, 265.1313781738281, 74.42493438720703, 175.9881591796875, -8.6354398727417, 7.936944961547852], [481.7037658691406, -174.5980987548828, -71.4555892944336, 432.7699279785156, 450.2885437011719, 631.3035888671875, 347.6612243652344, 145.32647705078125, 116.72525024414062, 18.760602951049805, 134.52685546875, -54.78831100463867, -14.593952178955078], [-1608.1300048828125, 108.53418731689453, 312.82452392578125, 335.3934326171875, 524.9052124023438, 347.6612243652344, 469.56756591796875, 190.33749389648438, 242.8061981201172, 65.98809051513672, 139.5120849609375, 6.416003227233887, 34.8515739440918], [1344.4517822265625, 197.64039611816406, 388.1280212402344, 245.79922485351562, 164.67672729492188, 145.32647705078125, 190.33749389648438, 253.40306091308594, 162.83807373046875, 142.31439208984375, 45.6259765625, 61.097415924072266, 30.428020477294922], [-314.4665832519531, 231.6398468017578, 391.34173583984375, 228.46514892578125, 265.1313781738281, 116.72525024414062, 242.8061981201172, 162.83807373046875, 234.33712768554688, 117.5438003540039, 110.94976043701172, 43.30182647705078, 34.838035583496094], [1396.6097412109375, 195.0443878173828, 464.6780090332031, 129.95306396484375, 74.42493438720703, 18.760602951049805, 65.98809051513672, 142.31439208984375, 117.5438003540039, 194.11610412597656, 61.397254943847656, 81.28469848632812, 19.983266830444336], [-496.8860778808594, -0.40270066261291504, 123.42310333251953, 137.73056030273438, 175.9881591796875, 134.52685546875, 139.5120849609375, 45.6259765625, 110.94976043701172, 61.397254943847656, 136.22740173339844, 28.156597137451172, 20.10260772705078], [721.7166137695312, 30.996904373168945, 124.3777084350586, 25.6451473236084, -8.6354398727417, -54.78831100463867, 6.416003227233887, 61.097415924072266, 43.30182647705078, 81.28469848632812, 28.156597137451172, 114.087890625, 53.48600387573242], [-723.3286743164062, -32.54964065551758, -128.5441436767578, -52.33951187133789, 7.936944961547852, -14.593952178955078, 34.8515739440918, 30.428020477294922, 34.838035583496094, 19.983266830444336, 20.10260772705078, 53.48600387573242, 118.87464904785156]], "lowlevel.gfcc.icov": [[0.00010689154441934079, -0.0002760417410172522, 5.2322586270747706e-05, -0.00033924944000318646, 0.0004286299808882177, -0.0006519904709421098, 0.000507258519064635, -0.00018503183673601598, 0.00018985373026225716, -0.0004580365784931928, 0.0004716634866781533, -0.0009560039034113288, 0.0006437590927816927], [-0.0002760417410172522, 0.0018311090534552932, -0.0004545061965472996, 0.0003074829583056271, -0.0008357497863471508, 0.002268446609377861, -0.0014460268430411816, 0.0006960710161365569, -0.0014638550346717238, 0.0009202109067700803, -0.00042604992631822824, 0.0034216740168631077, -0.0021474752575159073], [5.2322586270747706e-05, -0.0004545061965472996, 0.0011785809183493257, -0.0008828567806631327, -0.0011917098890990019, 0.0012437099358066916, 0.0005925792502239347, -0.0008999404963105917, 0.0010583695257082582, -0.002194619970396161, -9.603473881725222e-05, 0.00021622434724122286, 0.0013462399365380406], [-0.00033924944000318646, 0.0003074829583056271, -0.0008828567806631327, 0.004016051068902016, -0.0014395718462765217, -0.000553908059373498, -0.0004110009176656604, -0.00018601173360366374, -0.00176665757317096, 0.003917527850717306, -0.0019231882179155946, 0.0007508867420256138, -0.001123714493587613], [0.0004286299808882177, -0.0008357497863471508, -0.0011917098890990019, -0.0014395718462765217, 0.009279088117182255, -0.0055663916282355785, -0.00476128701120615, 0.004325580783188343, -0.001290015527047217, -0.0013690122868865728, 0.003496117889881134, -0.005101773887872696, 0.0017550484044477344], [-0.0006519904709421098, 0.002268446609377861, 0.0012437099358066916, -0.000553908059373498, -0.0055663916282355785, 0.01249648630619049, -0.00491319177672267, -0.004042778629809618, 0.0054691750556230545, 2.6049903681268916e-05, -0.008104170672595501, 0.011802949011325836, -0.003411323996260762], [0.000507258519064635, -0.0014460268430411816, 0.0005925792502239347, -0.0004110009176656604, -0.00476128701120615, -0.00491319177672267, 0.01839885488152504, -0.007143552880734205, -0.005986472591757774, 0.003081912873312831, 0.0003201588406227529, -0.004469999112188816, 0.0024929363280534744], [-0.00018503183673601598, 0.0006960710161365569, -0.0008999404963105917, -0.00018601173360366374, 0.004325580783188343, -0.004042778629809618, -0.007143552880734205, 0.019525164738297462, -0.00931822881102562, -0.0065590450540184975, 0.011037742719054222, -0.003090081736445427, -0.002321699634194374], [0.00018985373026225716, -0.0014638550346717238, 0.0010583695257082582, -0.00176665757317096, -0.001290015527047217, 0.0054691750556230545, -0.005986472591757774, -0.00931822881102562, 0.024750102311372757, -0.005204005166888237, -0.01149382907897234, 0.003426335519179702, 4.232874925946817e-05], [-0.0004580365784931928, 0.0009202109067700803, -0.002194619970396161, 0.003917527850717306, -0.0013690122868865728, 2.6049903681268916e-05, 0.003081912873312831, -0.0065590450540184975, -0.005204005166888237, 0.021482523530721664, -0.007368408143520355, -0.003328053280711174, -0.0016561350785195827], [0.0004716634866781533, -0.00042604992631822824, -9.603473881725222e-05, -0.0019231882179155946, 0.003496117889881134, -0.008104170672595501, 0.0003201588406227529, 0.011037742719054222, -0.01149382907897234, -0.007368408143520355, 0.02485472522675991, -0.009503896348178387, 0.002335311844944954], [-0.0009560039034113288, 0.0034216740168631077, 0.00021622434724122286, 0.0007508867420256138, -0.005101773887872696, 0.011802949011325836, -0.004469999112188816, -0.003090081736445427, 0.003426335519179702, -0.003328053280711174, -0.009503896348178387, 0.03008268214762211, -0.012797432951629162], [0.0006437590927816927, -0.0021474752575159073, 0.0013462399365380406, -0.001123714493587613, 0.0017550484044477344, -0.003411323996260762, 0.0024929363280534744, -0.002321699634194374, 4.232874925946817e-05, -0.0016561350785195827, 0.002335311844944954, -0.012797432951629162, 0.017658870667219162]], "lowlevel.mfcc.cov": [[36035.44140625, 3942.15478515625, 5023.17138671875, 2782.710205078125, 954.1946411132812, 282.7749328613281, -146.78807067871094, 158.66952514648438, 69.52809143066406, 705.6531982421875, 481.08990478515625, 313.3788146972656, 412.58123779296875], [3942.15478515625, 1782.4659423828125, 1165.6180419921875, 695.4991455078125, 157.60272216796875, -140.6147918701172, -114.15357971191406, -82.47328186035156, 178.3919219970703, 36.68606185913086, 194.19142150878906, 44.780128479003906, 9.933330535888672], [5023.17138671875, 1165.6180419921875, 1923.6988525390625, 1046.2791748046875, 438.6319580078125, 122.06416320800781, 38.51655197143555, 85.7864761352539, 110.93473052978516, 286.8177185058594, 250.2196807861328, 147.33384704589844, 154.73776245117188], [2782.710205078125, 695.4991455078125, 1046.2791748046875, 907.4044799804688, 393.8861083984375, 221.691650390625, 134.26754760742188, 196.32057189941406, 182.30862426757812, 184.4281463623047, 218.5335693359375, 153.27963256835938, 116.2157974243164], [954.1946411132812, 157.60272216796875, 438.6319580078125, 393.8861083984375, 368.6636657714844, 330.6636047363281, 237.0229034423828, 224.0488739013672, 104.30702209472656, 214.85704040527344, 106.85302734375, 111.0875015258789, 116.19340515136719], [282.7749328613281, -140.6147918701172, 122.06416320800781, 221.691650390625, 330.6636047363281, 487.798583984375, 335.7137756347656, 307.1788330078125, 63.9102897644043, 275.1095275878906, 65.52365112304688, 112.87198638916016, 138.04371643066406], [-146.78807067871094, -114.15357971191406, 38.51655197143555, 134.26754760742188, 237.0229034423828, 335.7137756347656, 320.6515808105469, 252.2718963623047, 119.80805969238281, 206.4004669189453, 73.2839584350586, 92.08822631835938, 102.62822723388672], [158.66952514648438, -82.47328186035156, 85.7864761352539, 196.32057189941406, 224.0488739013672, 307.1788330078125, 252.2718963623047, 315.78973388671875, 118.35672760009766, 218.71673583984375, 85.06501007080078, 112.08222198486328, 102.34815979003906], [69.52809143066406, 178.3919219970703, 110.93473052978516, 182.30862426757812, 104.30702209472656, 63.9102897644043, 119.80805969238281, 118.35672760009766, 244.46014404296875, 70.1605453491211, 129.35182189941406, 79.06522369384766, 45.90130615234375], [705.6531982421875, 36.68606185913086, 286.8177185058594, 184.4281463623047, 214.85704040527344, 275.1095275878906, 206.4004669189453, 218.71673583984375, 70.1605453491211, 305.19171142578125, 98.3011474609375, 109.0222396850586, 133.74354553222656], [481.08990478515625, 194.19142150878906, 250.2196807861328, 218.5335693359375, 106.85302734375, 65.52365112304688, 73.2839584350586, 85.06501007080078, 129.35182189941406, 98.3011474609375, 151.6967315673828, 101.83360290527344, 68.80371856689453], [313.3788146972656, 44.780128479003906, 147.33384704589844, 153.27963256835938, 111.0875015258789, 112.87198638916016, 92.08822631835938, 112.08222198486328, 79.06522369384766, 109.0222396850586, 101.83360290527344, 127.19461822509766, 84.2608871459961], [412.58123779296875, 9.933330535888672, 154.73776245117188, 116.2157974243164, 116.19340515136719, 138.04371643066406, 102.62822723388672, 102.34815979003906, 45.90130615234375, 133.74354553222656, 68.80371856689453, 84.2608871459961, 125.4619369506836]], "lowlevel.mfcc.icov": [[4.842428461415693e-05, -5.548992703552358e-05, -9.825260349316522e-05, -3.620532152126543e-05, 0.00010272437066305429, -8.983034786069766e-05, 8.362260996364057e-05, -3.782177736866288e-05, 1.4260362149798311e-05, -1.2497525858634617e-05, 0.00013097118062432855, -3.212832598364912e-05, -7.612198533024639e-05], [-5.548992703552358e-05, 0.0012762517435476184, -0.00041604667785577476, -0.0003423006855882704, -7.641006618541724e-07, 0.00011350068962201476, 0.0002899368409998715, 0.0005899757379665971, -0.0008617061539553106, -0.00020327910897322, -0.0005319775082170963, 0.0005339384078979492, 0.0005341082578524947], [-9.825260349316522e-05, -0.00041604667785577476, 0.0030806483700871468, -0.0026028044521808624, -0.0020596289541572332, 0.0026796155143529177, -0.0005734976730309427, 0.0015731663443148136, 0.0014996943064033985, -0.0030047467444092035, -0.0003467147471383214, 0.0006411658832803369, -0.00047361411270685494], [-3.620532152126543e-05, -0.0003423006855882704, -0.0026028044521808624, 0.006658397149294615, -0.0028910571709275246, -0.0022135605104267597, 0.0026412031147629023, -0.003150070318952203, -0.0010172500042244792, 0.0041363975033164024, -0.003235375741496682, -0.00011881316459039226, 0.0005276870215311646], [0.00010272437066305429, -7.641006618541724e-07, -0.0020596289541572332, -0.0028910571709275246, 0.01651083119213581, -0.008391703478991985, -0.00234655081294477, 0.0007815920980647206, -0.0018038051202893257, 0.0007757446146570146, 0.0019270448246970773, -0.0012452062219381332, -0.0002829961304087192], [-8.983034786069766e-05, 0.00011350068962201476, 0.0026796155143529177, -0.0022135605104267597, -0.008391703478991985, 0.01828000508248806, -0.009465772658586502, -0.0024715557228773832, 0.0057290163822472095, -0.004439963027834892, 0.001739995670504868, -5.0588387239258736e-05, -0.0018334259511902928], [8.362260996364057e-05, 0.0002899368409998715, -0.0005734976730309427, 0.0026412031147629023, -0.00234655081294477, -0.009465772658586502, 0.01878104731440544, -0.003543849103152752, -0.006142323836684227, -0.00011986721074208617, -0.0005140476278029382, 0.0017887251451611519, -0.0004653435607906431], [-3.782177736866288e-05, 0.0005899757379665971, 0.0015731663443148136, -0.003150070318952203, 0.0007815920980647206, -0.0024715557228773832, -0.003543849103152752, 0.014618818648159504, -0.003086908720433712, -0.005900682881474495, 0.003789318958297372, -0.0046538095921278, 0.0024911677464842796], [1.4260362149798311e-05, -0.0008617061539553106, 0.0014996943064033985, -0.0010172500042244792, -0.0018038051202893257, 0.0057290163822472095, -0.006142323836684227, -0.003086908720433712, 0.012425068765878677, 0.0011456274660304189, -0.009168151766061783, 0.002160704927518964, -0.00016673719801474363], [-1.2497525858634617e-05, -0.00020327910897322, -0.0030047467444092035, 0.0041363975033164024, 0.0007757446146570146, -0.004439963027834892, -0.00011986721074208617, -0.005900682881474495, 0.0011456274660304189, 0.014475773088634014, -0.004903743043541908, 0.0012670611031353474, -0.005002218298614025], [0.00013097118062432855, -0.0005319775082170963, -0.0003467147471383214, -0.003235375741496682, 0.0019270448246970773, 0.001739995670504868, -0.0005140476278029382, 0.003789318958297372, -0.009168151766061783, -0.004903743043541908, 0.029879560694098473, -0.015619233250617981, -0.000648324319627136], [-3.212832598364912e-05, 0.0005339384078979492, 0.0006411658832803369, -0.00011881316459039226, -0.0012452062219381332, -5.0588387239258736e-05, 0.0017887251451611519, -0.0046538095921278, 0.002160704927518964, 0.0012670611031353474, -0.015619233250617981, 0.02697622962296009, -0.008768154308199883], [-7.612198533024639e-05, 0.0005341082578524947, -0.00047361411270685494, 0.0005276870215311646, -0.0002829961304087192, -0.0018334259511902928, -0.0004653435607906431, 0.0024911677464842796, -0.00016673719801474363, -0.005002218298614025, -0.000648324319627136, -0.008768154308199883, 0.02053941786289215]], "metadata.audio_properties.analysis.downmix": "mix", "metadata.audio_properties.codec": "mp3", "metadata.audio_properties.md5_encoded": "c5ddc07c1977b7556f0945b60b4104d5", "metadata.tags.file_name": "1182275151350481016.mp3", "metadata.version.essentia": "2.1-beta6-dev", "metadata.version.essentia_git_sha": "v2.1_beta5-1110-g77a6a954", "metadata.