{"song_id": "1182276721555279922", "download": "https://cdn.discordapp.com/attachments/1128313332273782784/1182276721555279922/chirp.mp4?ex=65841c00&amp", "lyrics": "love \u0447\u0438\u043b\u0434\u0440\u0435\u043d \u043f\u0440\u0438\u0440\u043e\u0434\u0430\nlower \u043a\u0438\u043d\u0434\u0435\u0440 \u0441\u044e\u0440\u043f\u0440\u0430\u0439\u0437\nlowest \u043a\u044d\u043f\u0438\u0442\u0430\u043b \u0441\u0442\u043e\u0440\u0438\u0437\nloved \u044d\u043d\u0438\u043c\u0430\u043b \u043f\u0440\u0430\u0439\u0441\n(chorus) \n\u0443\u044e\u044e\u0430\u0435 \u0435\u0451 \u043e\u0443 \u043e\u0443 \u0430\u0430\u0430 \u0430\u0430\n\u043e\u0443\u044e\u0443 \u044e\u044e \u043e\u0443\u0435\u0435 \u0430\u0430\u0430 \u0430\u0430\n\u044d\u044e\u044f \u044d\u044e\u044f \u044f\u044f \u044e\u044e\n\u0451 \u0451 \u0451 \u0451 \n\u043f\u0447\u0451\u043b\u044b \u043c\u0435\u0434\n(verse) \n\u0442\u044b \u043a\u0430\u043a \u043b\u044e\u0431\u043e\u043e\u043e\u043e\u043e\u043e\u0432\u044c\n\u043e\u0442\u0434\u0430\u0448\u044c\u0441\u044f \u0437\u0430 \u043e\u043e \u0435\u0451 \u0430\u0430", "style": ["rock</span><span>, female vocal"], "essentia_features": {"lowlevel.average_loudness": 0.9079914689064026, "lowlevel.barkbands_crest.mean": 13.813373565673828, "lowlevel.barkbands_crest.stdev": 4.592673301696777, "lowlevel.barkbands_flatness_db.mean": 0.22814971208572388, "lowlevel.barkbands_flatness_db.stdev": 0.0541674830019474, "lowlevel.barkbands_kurtosis.mean": 5.936531066894531, "lowlevel.barkbands_kurtosis.stdev": 6.394913196563721, "lowlevel.barkbands_skewness.mean": 1.687435507774353, "lowlevel.barkbands_skewness.stdev": 1.2813829183578491, "lowlevel.barkbands_spread.mean": 12.625110626220703, "lowlevel.barkbands_spread.stdev": 11.160898208618164, "lowlevel.dissonance.mean": 0.4315348267555237, "lowlevel.dissonance.stdev": 0.04659080132842064, "lowlevel.dynamic_complexity": 4.979569911956787, "lowlevel.erbbands_crest.mean": 12.605020523071289, "lowlevel.erbbands_crest.stdev": 6.421128273010254, "lowlevel.erbbands_flatness_db.mean": 0.23448677361011505, "lowlevel.erbbands_flatness_db.stdev": 0.06504417955875397, "lowlevel.erbbands_kurtosis.mean": 1.0115711688995361, "lowlevel.erbbands_kurtosis.stdev": 3.2365357875823975, "lowlevel.erbbands_skewness.mean": 0.5302867293357849, "lowlevel.erbbands_skewness.stdev": 0.9600781202316284, "lowlevel.erbbands_spread.mean": 29.633995056152344, "lowlevel.erbbands_spread.stdev": 18.200082778930664, "lowlevel.hfc.mean": 11.444765090942383, "lowlevel.hfc.stdev": 15.043776512145996, "lowlevel.loudness_ebu128.integrated": -14.853652954101562, "lowlevel.loudness_ebu128.loudness_range": 4.841976165771484, "lowlevel.loudness_ebu128.momentary.mean": -16.313718795776367, "lowlevel.loudness_ebu128.momentary.stdev": 3.8170015811920166, "lowlevel.loudness_ebu128.short_term.mean": -15.160082817077637, "lowlevel.loudness_ebu128.short_term.stdev": 1.6218986511230469, "lowlevel.melbands_crest.mean": 17.413429260253906, "lowlevel.melbands_crest.stdev": 5.654687881469727, "lowlevel.melbands_flatness_db.mean": 0.2972526252269745, "lowlevel.melbands_flatness_db.stdev": 0.06215423718094826, "lowlevel.melbands_kurtosis.mean": 13.963713645935059, "lowlevel.melbands_kurtosis.stdev": 15.325788497924805, "lowlevel.melbands_skewness.mean": 2.498873472213745, "lowlevel.melbands_skewness.stdev": 1.8427062034606934, "lowlevel.melbands_spread.mean": 13.824472427368164, "lowlevel.melbands_spread.stdev": 11.445513725280762, "lowlevel.pitch_salience.mean": 0.4752216339111328, "lowlevel.pitch_salience.stdev": 0.12370318919420242, "lowlevel.silence_rate_20dB.mean": 1.0, "lowlevel.silence_rate_20dB.stdev": 0.0, "lowlevel.silence_rate_30dB.mean": 0.9980040192604065, "lowlevel.silence_rate_30dB.stdev": 0.044632233679294586, "lowlevel.silence_rate_60dB.mean": 0.16766467690467834, "lowlevel.silence_rate_60dB.stdev": 0.37356486916542053, "lowlevel.spectral_centroid.mean": 866.7103271484375, "lowlevel.spectral_centroid.stdev": 461.4200134277344, "lowlevel.spectral_complexity.mean": 8.419827461242676, "lowlevel.spectral_complexity.stdev": 4.518321990966797, "lowlevel.spectral_decrease.mean": -4.088702265647726e-09, "lowlevel.spectral_decrease.stdev": 4.265857889151903e-09, "lowlevel.spectral_energy.mean": 0.016469774767756462, "lowlevel.spectral_energy.stdev": 0.017342619597911835, "lowlevel.spectral_energyband_high.mean": 7.999099761946127e-05, "lowlevel.spectral_energyband_high.stdev": 0.00027919182321056724, "lowlevel.spectral_energyband_low.mean": 0.002713956870138645, "lowlevel.spectral_energyband_low.stdev": 0.002523323055356741, "lowlevel.spectral_energyband_middle_high.mean": 0.0038158807437866926, "lowlevel.spectral_energyband_middle_high.stdev": 0.007052412256598473, "lowlevel.spectral_energyband_middle_low.mean": 0.010138831101357937, "lowlevel.spectral_energyband_middle_low.stdev": 0.01426358986645937, "lowlevel.spectral_entropy.mean": 6.834031105041504, "lowlevel.spectral_entropy.stdev": 0.5283128619194031, "lowlevel.spectral_flux.mean": 0.055925242602825165, "lowlevel.spectral_flux.stdev": 0.04658186808228493, "lowlevel.spectral_kurtosis.mean": 11.627232551574707, "lowlevel.spectral_kurtosis.stdev": 7.79410982131958, "lowlevel.spectral_rms.mean": 0.0035421522334218025, "lowlevel.spectral_rms.stdev": 0.001876494730822742, "lowlevel.spectral_rolloff.mean": 882.73046875, "lowlevel.spectral_rolloff.stdev": 1044.392333984375, "lowlevel.spectral_skewness.mean": 2.135756015777588, "lowlevel.spectral_skewness.stdev": 0.7506099343299866, "lowlevel.spectral_spread.mean": 2909031.5, "lowlevel.spectral_spread.stdev": 1847093.75, "lowlevel.spectral_strongpeak.mean": 1.3472890853881836, "lowlevel.spectral_strongpeak.stdev": 1.6230454444885254, "lowlevel.zerocrossingrate.mean": 0.036218903958797455, "lowlevel.zerocrossingrate.stdev": 0.027391446754336357, "metadata.audio_properties.analysis.equal_loudness": 0.0, "metadata.audio_properties.analysis.length": 34.85866165161133, "metadata.audio_properties.analysis.sample_rate": 44100.0, "metadata.audio_properties.analysis.start_time": 0.0, "metadata.audio_properties.bit_rate": 122619.0, "metadata.audio_properties.length": 34.858665466308594, "metadata.audio_properties.lossless": 0.0, "metadata.audio_properties.number_channels": 1.0, "metadata.audio_properties.replay_gain": -14.24066162109375, "metadata.audio_properties.sample_rate": 48000.0, "rhythm.beats_count": 60.0, "rhythm.beats_loudness.mean": 0.02492920123040676, "rhythm.beats_loudness.stdev": 0.018758097663521767, "rhythm.bpm": 102.18147277832031, "rhythm.bpm_histogram_first_peak_bpm": 101.0, "rhythm.bpm_histogram_first_peak_weight": 0.675000011920929, "rhythm.bpm_histogram_second_peak_bpm": 110.0, "rhythm.bpm_histogram_second_peak_spread": 0.307692289352417, "rhythm.bpm_histogram_second_peak_weight": 0.1525423675775528, "rhythm.danceability": 1.2047702074050903, "rhythm.onset_rate": 3.1826703548431396, "tonal.chords_changes_rate": 0.05452127754688263, "tonal.chords_number_rate": 0.014627659693360329, "tonal.chords_strength.mean": 0.49282410740852356, "tonal.chords_strength.stdev": 0.0867098942399025, "tonal.hpcp_crest.mean": 17.373353958129883, "tonal.hpcp_crest.stdev": 7.806310176849365, "tonal.hpcp_entropy.mean": 1.5579029321670532, "tonal.hpcp_entropy.stdev": 0.7292530536651611, "tonal.key_edma.strength": 0.7122478485107422, "tonal.key_krumhansl.strength": 0.714867353439331, "tonal.key_temperley.strength": 0.6983823180198669, "tonal.tuning_diatonic_strength": 0.5191884636878967, "tonal.tuning_equal_tempered_deviation": 0.28081420063972473, "tonal.tuning_frequency": 446.91595458984375, "tonal.tuning_nontempered_energy_ratio": 0.9772465229034424, "lowlevel.barkbands.mean": [5.642804808303481e-06, 0.0014313033316284418, 0.0011334387818351388, 0.000216167580219917, 0.0016596488421782851, 0.001644851523451507, 0.0010682204738259315, 0.0028387969359755516, 0.002448481507599354, 0.0005385470576584339, 0.0007365462952293456, 0.0005129832425154746, 0.0007390902028419077, 0.00039487704634666443, 0.00022953927691560239, 0.0003022367018274963, 0.00017165602184832096, 0.0001287248160224408, 7.779364386806265e-05, 0.00013240915723145008, 3.2507412015547743e-06, 2.1486057448782958e-05, 1.5946876374073327e-05, 7.696944521740079e-06, 7.81360449764179e-06, 2.549477358115837e-06, 9.188840266460829e-08], "lowlevel.barkbands.stdev": [1.866377715487033e-05, 0.0019757049158215523, 0.0014696742873638868, 0.0005073114880360663, 0.002745765959843993, 0.0037606144323945045, 0.004477246198803186, 0.009016877971589565, 0.008603394031524658, 0.001977806445211172, 0.0026977744419127703, 0.002127183135598898, 0.002580768894404173, 0.0016358348075300455, 0.0008421562379226089, 0.0012912099482491612, 0.0004260132845956832, 0.00038031491567380726, 0.00024127843789756298, 0.0003473952820058912, 8.418986908509396e-06, 0.00011572808580240235, 8.711515692993999e-05, 3.90785644412972e-05, 3.1626394047634676e-05, 1.0381732863606885e-05, 4.823282893084979e-07], "lowlevel.erbbands.mean": [0.020109696313738823, 0.40349650382995605, 1.3887896537780762, 0.9443921446800232, 1.6309685707092285, 6.641730785369873, 12.03271484375, 13.671908378601074, 14.551803588867188, 28.257553100585938, 72.48441314697266, 58.6346435546875, 24.117650985717773, 16.87616729736328, 33.95323181152344, 23.545461654663086, 32.50251388549805, 26.38254737854004, 13.920305252075195, 15.447386741638184, 13.206937789916992, 9.253510475158691, 8.167240142822266, 2.945791244506836, 6.953847408294678, 5.746551036834717, 0.4577499032020569, 0.16290023922920227, 0.6422745585441589, 0.8098279237747192, 0.42256057262420654, 0.18514271080493927, 0.1261378526687622, 0.10489709675312042, 0.0455930195748806, 0.017116369679570198, 0.003270714543759823, 0.0003783190040849149, 2.147100167348981e-05, 1.9650087779155e-05], "lowlevel.erbbands.stdev": [0.03402693197131157, 0.5207982659339905, 1.6017494201660156, 1.3790724277496338, 2.097773313522339, 11.441665649414062, 23.4102725982666, 39.96796417236328, 63.07081604003906, 95.96898651123047, 228.89695739746094, 195.93936157226562, 93.76131439208984, 61.14075469970703, 125.37309265136719, 89.98802185058594, 102.90201568603516, 102.05046844482422, 48.535762786865234, 63.766353607177734, 41.15837097167969, 22.23845100402832, 23.065322875976562, 7.692767143249512, 19.747188568115234, 14.293338775634766, 0.9548541903495789, 0.43566012382507324, 3.0014078617095947, 4.748843193054199, 2.4262490272521973, 1.0782955884933472, 0.5764403939247131, 0.44898760318756104, 0.1793477088212967, 0.07185506820678711, 0.012666122987866402, 0.0015792222693562508, 6.0814440075773746e-05, 2.0301717086113058e-05], "lowlevel.gfcc.mean": [-105.25543975830078, 148.56219482421875, -132.6685028076172, 16.693758010864258, -36.343467712402344, -2.5051381587982178, -34.7451057434082, 2.3256781101226807, -21.718202590942383, -5.31874418258667, -12.184069633483887, -6.738208293914795, -9.459068298339844], "lowlevel.melbands.mean": [0.00029970082687214017, 0.0006446157349273562, 0.00017271735123358667, 0.0002969730121549219, 0.00041428100666962564, 0.0003072260005865246, 0.00021441857097670436, 0.0003533886047080159, 0.0006166495732031763, 0.00033704115776345134, 0.00010880905028898269, 6.0872309404658154e-05, 0.00011019934026990086, 6.427084736060351e-05, 7.083155651343986e-05, 6.590658449567854e-05, 4.690170317189768e-05, 2.176927955588326e-05, 1.670992605795618e-05, 2.3799251721356995e-05, 1.3918854165240191e-05, 9.689718353911303e-06, 9.393807886226568e-06, 5.018039246351691e-06, 1.9068642131969682e-06, 3.120027031400241e-06, 7.562994142062962e-06, 2.744574203461525e-06, 2.094892721515862e-07, 6.765180415868599e-08, 8.703135279120033e-08, 2.8785720473933907e-07, 5.703647616428498e-07, 3.932383378923987e-07, 2.615784637782781e-07, 1.555010413767377e-07, 9.680080381713196e-08, 8.106035664923184e-08, 9.410835843937093e-08, 8.701533005250894e-08], "lowlevel.melbands.stdev": [0.00043702495167963207, 0.0006409627967514098, 0.00020112765196245164, 0.00041262840386480093, 0.0007615996291860938, 0.0008232213440351188, 0.000943414110224694, 0.0012139084283262491, 0.0019310207571834326, 0.0012277797795832157, 0.00046558756730519235, 0.000247485120780766, 0.00039937818655744195, 0.00023405300453305244, 0.00027365851565264165, 0.00022662163246423006, 0.00019842534675262868, 8.130617061397061e-05, 5.609991785604507e-05, 0.00011771350546041504, 4.2771545849973336e-05, 2.5693154384498484e-05, 2.4380191462114453e-05, 1.6783824321464635e-05, 5.476403657667106e-06, 9.369506187795196e-06, 2.0669482182711363e-05, 7.049495707178721e-06, 4.5392317815640126e-07, 1.9627728420346102e-07, 2.5371778633598296e-07, 1.1387709264454315e-06, 3.4753636555251433e-06, 2.223932824563235e-06, 1.4848856153548695e-06, 1.0158260010939557e-06, 5.306533239490818e-07, 3.7083827919559553e-07, 4.3940465843661514e-07, 3.630023002187954e-07], "lowlevel.melbands128.mean": [3.888399533025222e-06, 6.90136948833242e-05, 0.00041922208038158715, 0.0007457623723894358, 0.0008276485023088753, 0.0004603900306392461, 0.0001882827637018636, 8.655476995045319e-05, 0.0001144774432759732, 0.00033212624839507043, 0.0003765436413232237, 0.00042852305341511965, 0.0004207621095702052, 0.00040259206434711814, 0.00035688639036379755, 0.00020526499429252, 0.00023104686988517642, 0.0002279145992361009, 0.00017148115148302168, 0.00030462173162959516, 0.0004312245291657746, 0.0005240062600933015, 0.0007727440679445863, 0.0005396814667619765, 0.0003861650766339153, 0.0002761639188975096, 0.0001341425668215379, 0.00011890463065356016, 4.660077320295386e-05, 5.849331500940025e-05, 6.009414209984243e-05, 7.329987420234829e-05, 0.00011957809329032898, 0.0001511431619292125, 5.814684845972806e-05, 3.4970846172655e-05, 7.74863874539733e-05, 4.9896865675691515e-05, 9.585531370248646e-05, 7.300329889403656e-05, 5.1764585805358365e-05, 6.986786320339888e-05, 4.801928298547864e-05, 4.115005140192807e-05, 1.7818940250435844e-05, 1.968282049347181e-05, 2.530317215132527e-05, 1.060322938428726e-05, 1.4275624380388763e-05, 2.7165646315552294e-05, 2.853929254342802e-05, 1.7075775758712552e-05, 1.1865111446240917e-05, 1.5004941815277562e-05, 1.3088007108308375e-05, 8.46709735924378e-06, 6.755413778591901e-06, 1.0167188520426862e-05, 1.0139095138583798e-05, 8.474800779367797e-06, 4.8982819862430915e-06, 2.350411477891612e-06, 2.366386979701929e-06, 1.6386201195928152e-06, 1.4184381598170148e-06, 1.8721955257205991e-06, 4.8541874093643855e-06, 7.160118457250064e-06, 9.622393008612562e-06, 6.5366734816052485e-06, 2.5358860966662178e-06, 8.833371794025879e-07, 2.6388110541120113e-07, 1.215300784451756e-07, 8.567846521145839e-08, 7.622766418080573e-08, 5.295371607871857e-08, 5.4050886433287815e-08, 7.842392335533077e-08, 1.3006193455566972e-07, 1.9973909104464838e-07, 3.782619728553982e-07, 4.614313695583405e-07, 6.560052838722186e-07, 6.1284492858249e-07, 4.1318872945339535e-07, 3.1510788289779157e-07, 3.3962911061280465e-07, 2.429002847748052e-07, 2.4027718836805434e-07, 1.7628622117626946e-07, 1.3452068969854736e-07, 1.0928251015229762e-07, 9.716960391870089e-08, 8.852432387129738e-08, 7.675970437048818e-08, 6.977290212262233e-08, 1.054677980505403e-07, 8.791002414909599e-08, 8.975102616659569e-08, 1.096969839409212e-07, 7.842550786563152e-08, 7.64992407198406e-08, 5.791249790831898e-08, 4.9594898854365965e-08, 4.011004151038833e-08, 3.999197417670075e-08, 4.1285570517857195e-08, 2.8099883309096185e-08, 2.1494289015322465e-08, 1.779240044186281e-08, 1.1897788532166942e-08, 9.122809174755275e-09, 5.39056310699948e-09, 3.844671248032228e-09, 3.536053005959161e-09, 2.2482418149394334e-09, 1.5952609233593762e-09, 3.6166011851967994e-10, 1.0509516000511976e-11, 9.283507122759271e-12, 5.5518055430692215e-12, 2.3130052560771386e-12, 2.2659092484278442e-12, 2.2166209839857842e-12, 2.1588787615239857e-12, 2.123190295452715e-12, 2.1091184354560255e-12], "lowlevel.melbands128.stdev": [1.7278591258218512e-05, 0.0002000399399548769, 0.0007244758307933807, 0.0010389686794951558, 0.0009376904345117509, 0.0005930531187914312, 0.000346772198099643, 0.00019658461678773165, 0.00021190995175857097, 0.0004635617369785905, 0.0007492396398447454, 0.0011644127080217004, 0.0010469459230080247, 0.0009060206939466298, 0.0013324521714821458, 0.0008964601438492537, 0.0012018934357911348, 0.0014350790297612548, 0.0010528535349294543, 0.0013646484585478902, 0.0020270582754164934, 0.002263575792312622, 0.002959701232612133, 0.0024676648899912834, 0.0016764149768278003, 0.0017537075327709317, 0.000955027702730149, 0.0005859124357812107, 0.00025687512243166566, 0.00032799685141071677, 0.0003716304781846702, 0.0003864576283376664, 0.000576175341848284, 0.0007490711286664009, 0.00035861675860360265, 0.0001750151568558067, 0.0004866777453571558, 0.000343276682542637, 0.0004524208779912442, 0.0003361654235050082, 0.0002744656230788678, 0.00047406021622009575, 0.0002644454943947494, 0.00030664101359434426, 8.418813376920298e-05, 8.63739987835288e-05, 0.00017087678133975714, 5.075834269518964e-05, 6.515708810184151e-05, 0.00016888472600840032, 0.00018701479712035507, 0.00010001106420531869, 6.0602989833569154e-05, 6.297303480096161e-05, 4.3116710003232583e-05, 3.716193896252662e-05, 2.718704672588501e-05, 3.4268810850335285e-05, 3.579558324418031e-05, 4.0912931581260636e-05, 2.2760297724744305e-05, 8.759159754845314e-06, 1.1231458302063402e-05, 5.487170255946694e-06, 5.066708581580315e-06, 5.025171503802994e-06, 2.0857874915236607e-05, 2.9343955247895792e-05, 3.308023224235512e-05, 1.9600774976424873e-05, 8.986149623524398e-06, 2.6050990982184885e-06, 6.549188356075319e-07, 3.037967246655171e-07, 2.3110108315904654e-07, 2.4523035335732857e-07, 1.8747522290141205e-07, 1.8574645821445301e-07, 2.6565791699795227e-07, 4.0455518046655925e-07, 6.522038233924832e-07, 1.648961642786162e-06, 2.439249556118739e-06, 4.165058726357529e-06, 4.522424660535762e-06, 2.2424903818318853e-06, 1.6412112699981662e-06, 2.119930286426097e-06, 1.2656424814849743e-06, 1.6239017668340239e-06, 1.1173455050084158e-06, 9.817605359785375e-07, 7.854612249502679e-07, 5.46291801128973e-07, 4.244728586400015e-07, 3.839255668935948e-07, 3.1951191203916096e-07, 5.260453121991304e-07, 4.3725145815187716e-07, 4.3267175442451844e-07, 5.234916784502275e-07, 3.3139474453491857e-07, 3.169052433804609e-07, 2.386628352724074e-07, 2.085932777617927e-07, 1.6305365591051668e-07, 1.698523988125089e-07, 1.855589175647765e-07, 1.2843069896462112e-07, 9.889024710219019e-08, 7.543674485077645e-08, 4.6569947897978636e-08, 3.773872592205407e-08, 2.3025400253118278e-08, 1.660891157939659e-08, 1.4896040845258085e-08, 1.045790209985853e-08, 1.0567879016321058e-08, 2.5093502831197156e-09, 2.1751382639489947e-10, 1.6323832563447382e-10, 7.762101378316899e-11, 4.753801085416454e-12, 4.6723623234323775e-12, 4.6027283547023234e-12, 4.547887674094531e-12, 4.507498107403363e-12, 4.482729725613366e-12], "lowlevel.mfcc.mean": [-751.3074951171875, 183.20806884765625, -28.589250564575195, 26.117156982421875, 12.648581504821777, 1.2899625301361084, -1.0158233642578125, 4.379014492034912, -7.023909091949463, 2.0755653381347656, 1.0915533304214478, -11.845458984375, 8.190594673156738], "lowlevel.spectral_contrast_coeffs.mean": [-0.6518577337265015, -0.6895870566368103, -0.7540773153305054, -0.7684045433998108, -0.7563730478286743, -0.7634820938110352], "lowlevel.spectral_contrast_coeffs.stdev": [0.07473326474428177, 0.11294731497764587, 0.09528959542512894, 0.07701679319143295, 0.05819324031472206, 0.04824989661574364], "lowlevel.spectral_contrast_valleys.mean": [-7.543176174163818, -7.647313594818115, -8.189720153808594, -8.29811954498291, -8.947452545166016, -12.671137809753418], "lowlevel.spectral_contrast_valleys.stdev": [0.6500702500343323, 0.6499559879302979, 0.672070324420929, 0.6397143602371216, 0.8384106755256653, 1.2459657192230225], "rhythm.beats_loudness_band_ratio.mean": [0.21685148775577545, 0.2196471095085144, 0.3404446244239807, 0.17291580140590668, 0.07576884329319, 0.01309442613273859], "rhythm.beats_loudness_band_ratio.stdev": [0.2438489943742752, 0.2127162516117096, 0.2903576195240021, 0.2502284348011017, 0.09676425904035568, 0.016490552574396133], "tonal.hpcp.mean": [0.21239116787910461, 0.035529688000679016, 0.014140836894512177, 0.016485514119267464, 0.0551408976316452, 0.10548525303602219, 0.09102515876293182, 0.07734745740890503, 0.09485550224781036, 0.07684358209371567, 0.04900207370519638, 0.03216870129108429, 0.030398927628993988, 0.09362675249576569, 0.2595501244068146, 0.22608573734760284, 0.06753434985876083, 0.043908245861530304, 0.042478278279304504, 0.0732756033539772, 0.13242559134960175, 0.11228542029857635, 0.08573080599308014, 0.10708270967006683, 0.07230233401060104, 0.03559783846139908, 0.027457918971776962, 0.02369934879243374, 0.07255636900663376, 0.1208915188908577, 0.08067265897989273, 0.03563067689538002, 0.024228490889072418, 0.02275034785270691, 0.20379598438739777, 0.3769930303096771], "tonal.hpcp.stdev": [0.25842058658599854, 0.133064404129982, 0.06956161558628082, 0.08606463670730591, 0.15300270915031433, 0.245584636926651, 0.20691867172718048, 0.20519722998142242, 0.2325054556131363, 0.2011794000864029, 0.15822294354438782, 0.12296076118946075, 0.1192394271492958, 0.19488012790679932, 0.376959890127182, 0.33692505955696106, 0.18791735172271729, 0.15673701465129852, 0.15661107003688812, 0.17774011194705963, 0.24759750068187714, 0.23307454586029053, 0.2069704681634903, 0.26332834362983704, 0.19392089545726776, 0.1323150247335434, 0.11253815144300461, 0.09978128224611282, 0.17496904730796814, 0.2760177254676819, 0.19236084818840027, 0.14594151079654694, 0.10629383474588394, 0.09790632873773575, 0.25864115357398987, 0.41215845942497253], "rhythm.beats_position": [0.5804988741874695, 1.172607660293579, 1.7647165060043335, 2.356825351715088, 2.9489340782165527, 3.5526530742645264, 4.156371593475342, 4.748480796813965, 5.34058952331543, 5.9326982498168945, 6.51319694519043, 7.082086086273193, 7.650974750518799, 8.208253860473633, 8.777142524719238, 9.380861282348633, 9.984580039978027, 10.565078735351562, 11.145578384399414, 11.72607707977295, 12.318185806274414, 12.910294532775879, 13.479183197021484, 14.04807186126709, 14.628571510314941, 15.232290267944336, 15.83600902557373, 16.346847534179688, 16.86929702758789, 17.391746520996094, 17.890974044799805, 18.39020347595215, 18.889432907104492, 19.435102462768555, 19.980770111083984, 20.526439666748047, 21.07210922241211, 21.61777687072754, 22.17505645751953, 22.732336044311523, 23.278003692626953, 23.870113372802734, 24.473831176757812, 25.054330825805664, 25.634828567504883, 26.203718185424805, 26.807437896728516, 27.411155700683594, 28.014875411987305, 28.606983184814453, 29.199092864990234, 29.744760513305664, 30.290430068969727, 30.83609962463379, 31.39337730407715, 31.96226692199707, 32.53115463256836, 33.10004425048828, 33.69215393066406, 34.27265167236328], "rhythm.bpm_histogram": [0.0, 0.0, 0.0, 0.0, 0.0, 0.0, 0.0, 0.0, 0.0, 0.0, 0.0, 0.0, 0.0, 0.0, 0.0, 0.0, 0.0, 0.0, 0.0, 0.0, 0.0, 0.0, 0.0, 0.0, 0.0, 0.0, 0.0, 0.0, 0.0, 0.0, 0.0, 0.0, 0.0, 0.0, 0.0, 0.0, 0.0, 0.0, 0.0, 0.0, 0.0, 0.0, 0.0, 0.0, 0.0, 0.0, 0.0, 0.0, 0.0, 0.0, 0.0, 0.0, 0.0, 0.0, 0.0, 0.0, 0.0, 0.0, 0.0, 0.0, 0.0, 0.0, 0.0, 0.0, 0.0, 0.0, 0.0, 0.0, 0.0, 0.0, 0.0, 0.0, 0.0, 0.0, 0.0, 0.0, 0.0, 0.0, 0.0, 0.0, 0.0, 0.0, 0.0, 0.0, 0.0, 0.0, 0.0, 0.0, 0.0, 0.0, 0.0, 0.0, 0.0, 0.0, 0.0, 0.0, 0.0, 0.0, 0.0, 0.16949152946472168, 0.0, 0.22033898532390594, 0.0, 0.1355932205915451, 0.0, 0.1525423675775528, 0.0, 0.0, 0.06779661029577255, 0.0, 0.1525423675775528, 0.0, 0.0, 0.0, 0.0, 0.033898305147886276, 0.0, 0.016949152573943138, 0.0, 0.0, 0.050847455859184265, 0.0, 0.0, 0.0, 0.0, 0.0, 0.0, 0.0, 0.0, 0.0, 0.0, 0.0, 0.0, 0.0, 0.0, 0.0, 0.0, 0.0, 0.0, 0.0, 0.0, 0.0, 0.0, 0.0, 0.0, 0.0, 0.0, 0.0, 0.0, 0.0, 0.0, 0.0, 0.0, 0.0, 0.0, 0.0, 0.0, 0.0, 0.0, 0.0, 0.0, 0.0, 0.0, 0.0, 0.0, 0.0, 0.0, 0.0, 0.0, 0.0, 0.0, 0.0, 0.0, 0.0, 0.0, 0.0, 0.0, 0.0, 0.0, 0.0, 0.0, 0.0, 0.0, 0.0, 0.0, 0.0, 0.0, 0.0, 0.0, 0.0, 0.0, 0.0, 0.0, 0.0, 0.0, 0.0, 0.0, 0.0, 0.0, 0.0, 0.0, 0.0, 0.0, 0.0, 0.0, 0.0, 0.0, 0.0, 0.0, 0.0, 0.0, 0.0, 0.0, 0.0, 0.0, 0.0, 0.0, 0.0, 0.0, 0.0, 0.0, 0.0, 0.0, 0.0, 0.0, 0.0, 0.0, 0.0, 0.0, 0.0, 0.0, 0.0, 0.0, 0.0, 0.0, 0.0, 0.0, 0.0, 0.0, 0.0, 0.0, 0.0, 0.0, 0.0, 0.0, 0.0, 0.0, 0.0, 0.0, 0.0], "tonal.chords_histogram": [0.0, 0.0, 0.0, 0.0, 1.1968084573745728, 4.787233829498291, 0.0, 0.0, 0.0, 1.063829779624939, 20.345745086669922, 11.702127456665039, 32.04787063598633, 0.7978723645210266, 1.5957447290420532, 14.760638236999512, 2.3936169147491455, 2.127659559249878, 0.0, 7.180850982666016, 0.0, 0.0, 0.0, 0.0], "tonal.thpcp": [1.0, 0.5633822083473206, 0.09424494951963425, 0.03750954568386078, 0.043728962540626526, 0.14626502990722656, 0.279806911945343, 0.2414505034685135, 0.2051694691181183, 0.25161075592041016, 0.20383289456367493, 0.1299813836812973, 0.08532969653606415, 0.08063524961471558, 0.24835141003131866, 0.6884745955467224, 0.5997080206871033, 0.17913952469825745, 0.11646965146064758, 0.11267656087875366, 0.19436858594417572, 0.3512680232524872, 0.2978448271751404, 0.22740687429904938, 0.2840442657470703, 0.19178692996501923, 0.09442572295665741, 0.07283402234315872, 0.06286415457725525, 0.1924607753753662, 0.3206730782985687, 0.21398979425430298, 0.09451282769441605, 0.06426773965358734, 0.06034686416387558, 0.5405828952789307], "lowlevel.gfcc.cov": [[5620.79833984375, -1637.7530517578125, -522.5545654296875, 9.227517127990723, -742.31201171875, 223.58998107910156, 71.34217834472656, 460.4506530761719, -48.020774841308594, 292.7320556640625, -35.477256774902344, 166.86810302734375, -245.4715118408203], [-1637.7530517578125, 1660.3563232421875, -284.24029541015625, -199.55467224121094, 415.0779113769531, -462.51934814453125, 235.87156677246094, -211.45997619628906, 161.36338806152344, -145.85743713378906, 161.57530212402344, -182.16819763183594, 128.67262268066406], [-522.5545654296875, -284.24029541015625, 801.967041015625, 246.30307006835938, 20.371414184570312, 310.1636047363281, -200.7332305908203, 47.17340850830078, -12.46189022064209, 43.59427261352539, -43.12498474121094, 73.06647491455078, -17.44929313659668], [9.227517127990723, -199.55467224121094, 246.30307006835938, 480.0152282714844, 125.4697494506836, 98.96514129638672, -93.04293060302734, 61.79850769042969, 102.0912094116211, 60.95215606689453, 16.18207359313965, 60.03095245361328, 73.07266235351562], [-742.31201171875, 415.0779113769531, 20.371414184570312, 125.4697494506836, 376.7301025390625, -16.226163864135742, 26.366044998168945, -28.98747444152832, 79.78773498535156, 7.463657379150391, 46.762237548828125, -20.06542205810547, 80.7236328125], [223.58998107910156, -462.51934814453125, 310.1636047363281, 98.96514129638672, -16.226163864135742, 448.4891357421875, 12.809295654296875, 31.58746337890625, -86.4526138305664, 26.177289962768555, -52.54156494140625, 80.51313018798828, -63.5424919128418], [71.34217834472656, 235.87156677246094, -200.7332305908203, -93.04293060302734, 26.366044998168945, 12.809295654296875, 371.0451965332031, 29.733760833740234, 1.3087488412857056, -18.19366455078125, 62.97593688964844, -10.041955947875977, -40.57197570800781], [460.4506530761719, -211.45997619628906, 47.17340850830078, 61.79850769042969, -28.98747444152832, 31.58746337890625, 29.733760833740234, 214.93319702148438, 83.70635986328125, 90.29332733154297, 6.741391658782959, 10.175585746765137, -14.554819107055664], [-48.020774841308594, 161.36338806152344, -12.46189022064209, 102.0912094116211, 79.78773498535156, -86.4526138305664, 1.3087488412857056, 83.70635986328125, 236.9821319580078, 63.864383697509766, 22.244121551513672, -53.66256332397461, 37.631614685058594], [292.7320556640625, -145.85743713378906, 43.59427261352539, 60.95215606689453, 7.463657379150391, 26.177289962768555, -18.19366455078125, 90.29332733154297, 63.864383697509766, 134.56471252441406, 29.28874969482422, 14.321428298950195, -0.2083703875541687], [-35.477256774902344, 161.57530212402344, -43.12498474121094, 16.18207359313965, 46.762237548828125, -52.54156494140625, 62.97593688964844, 6.741391658782959, 22.244121551513672, 29.28874969482422, 130.58837890625, 21.284181594848633, 14.962362289428711], [166.86810302734375, -182.16819763183594, 73.06647491455078, 60.03095245361328, -20.06542205810547, 80.51313018798828, -10.041955947875977, 10.175585746765137, -53.66256332397461, 14.321428298950195, 21.284181594848633, 125.49699401855469, 16.775638580322266], [-245.4715118408203, 128.67262268066406, -17.44929313659668, 73.07266235351562, 80.7236328125, -63.5424919128418, -40.57197570800781, -14.554819107055664, 37.631614685058594, -0.2083703875541687, 14.962362289428711, 16.775638580322266, 117.64546966552734]], "lowlevel.gfcc.icov": [[0.0005186627968214452, -0.00020007413695566356, 0.0008921812986955047, -0.0004974473267793655, 0.0009916916023939848, -0.0005653130938299, 0.0004096291377209127, -0.0008783481316640973, 0.0002066069282591343, -0.0007769031217321754, 0.00015522177272941917, -0.0005907368031330407, 0.0007861782796680927], [-0.00020007413695566356, 0.004373372532427311, -0.0021769581362605095, 0.0024429287295788527, -0.003832979593425989, 0.003451367374509573, -0.0029317995067685843, 0.003241575788706541, -0.0023003274109214544, 0.0031763429287821054, -0.002988578984513879, 0.002876346930861473, -0.0024454896338284016], [0.0008921812986955047, -0.0021769581362605095, 0.004695133771747351, -0.0024347545113414526, 0.003019328461959958, -0.003895469242706895, 0.00328240217640996, -0.003151457291096449, 0.001116728875786066, -0.002081216312944889, 0.001037574838846922, -0.002256618347018957, 0.002846519462764263], [-0.0004974473267793655, 0.0024429287295788527, -0.0024347545113414526, 0.005229650065302849, -0.003447765950113535, 0.001607110956683755, -0.001319650444202125, 0.0019774772226810455, -0.0028835695702582598, 0.0022492092102766037, -0.0019288933835923672, 0.0005406509153544903, -0.0032013666350394487], [0.0009916916023939848, -0.003832979593425989, 0.003019328461959958, -0.003447765950113535, 0.008571925573050976, -0.004215306136757135, 0.0023654631804674864, -0.002957005985081196, 0.001457268139347434, -0.0039119538851082325, 0.0015171471750363708, -0.0017724097706377506, 0.0007289503118954599], [-0.0005653130938299, 0.003451367374509573, -0.003895469242706895, 0.001607110956683755, -0.004215306136757135, 0.007813408970832825, -0.003991695120930672, 0.003297241171821952, -0.00048807746497914195, 0.0015970944659784436, 0.0001617754460312426, 0.0006138667231425643, -0.0003357061359565705], [0.0004096291377209127, -0.0029317995067685843, 0.00328240217640996, -0.001319650444202125, 0.0023654631804674864, -0.003991695120930672, 0.006594134494662285, -0.003985116258263588, 0.0011081336997449398, -0.0004967956338077784, -0.0005614919937215745, -0.0021174491848796606, 0.0033878262620419264], [-0.0008783481316640973, 0.003241575788706541, -0.003151457291096449, 0.0019774772226810455, -0.002957005985081196, 0.003297241171821952, -0.003985116258263588, 0.011405616998672485, -0.00408948864787817, -0.0011704161297529936, -0.0009063236066140234, 0.0017436270136386156, -0.002054506679996848], [0.0002066069282591343, -0.0023003274109214544, 0.001116728875786066, -0.0028835695702582598, 0.001457268139347434, -0.00048807746497914195, 0.0011081336997449398, -0.00408948864787817, 0.00939384289085865, -0.004129740409553051, 0.0015386567683890462, 0.002311683725565672, -2.1068552086944692e-05], [-0.0007769031217321754, 0.0031763429287821054, -0.002081216312944889, 0.0022492092102766037, -0.0039119538851082325, 0.0015970944659784436, -0.0004967956338077784, -0.0011704161297529936, -0.004129740409553051, 0.015851430594921112, -0.005710000172257423, 0.0018125587375834584, -0.0017533022910356522], [0.00015522177272941917, -0.002988578984513879, 0.001037574838846922, -0.0019288933835923672, 0.0015171471750363708, 0.0001617754460312426, -0.0005614919937215745, -0.0009063236066140234, 0.0015386567683890462, -0.005710000172257423, 0.013449893333017826, -0.005328531842678785, 0.002232115948572755], [-0.0005907368031330407, 0.002876346930861473, -0.002256618347018957, 0.0005406509153544903, -0.0017724097706377506, 0.0006138667231425643, -0.0021174491848796606, 0.0017436270136386156, 0.002311683725565672, 0.0018125587375834584, -0.005328531842678785, 0.015522081404924393, -0.0062877763994038105], [0.0007861782796680927, -0.0024454896338284016, 0.002846519462764263, -0.0032013666350394487, 0.0007289503118954599, -0.0003357061359565705, 0.0033878262620419264, -0.002054506679996848, -2.1068552086944692e-05, -0.0017533022910356522, 0.002232115948572755, -0.0062877763994038105, 0.0160748902708292]], "lowlevel.mfcc.cov": [[4869.81005859375, -1609.2047119140625, -166.17990112304688, -222.30764770507812, -492.79669189453125, -170.27110290527344, -78.58055877685547, 208.95545959472656, -105.01339721679688, 206.95066833496094, 211.88552856445312, -76.821044921875, 278.3148498535156], [-1609.2047119140625, 1668.2861328125, -519.8096923828125, 161.0147705078125, -48.844783782958984, -117.6501235961914, 34.1580924987793, -85.30059051513672, -25.936161041259766, -5.98086404800415, -0.06711335480213165, -5.09072208404541, 17.058246612548828], [-166.17990112304688, -519.8096923828125, 796.3984985351562, -85.60961151123047, 186.79412841796875, 146.2740020751953, 9.536651611328125, 34.9996337890625, 37.635257720947266, -28.50244903564453, -25.89506721496582, 65.4786376953125, -45.461448669433594], [-222.30764770507812, 161.0147705078125, -85.60961151123047, 353.8995361328125, 133.54156494140625, -35.597015380859375, -53.6559944152832, -18.796873092651367, 55.47069549560547, 40.85231018066406, -24.875873565673828, 36.111812591552734, 102.1666030883789], [-492.79669189453125, -48.844783782958984, 186.79412841796875, 133.54156494140625, 443.0375061035156, 65.31201934814453, -72.8475341796875, -68.73501586914062, 82.97391510009766, 38.32767105102539, -58.45951843261719, 51.638675689697266, 13.1693696975708], [-170.27110290527344, -117.6501235961914, 146.2740020751953, -35.597015380859375, 65.31201934814453, 275.76324462890625, 101.21117401123047, 56.277774810791016, 20.73027801513672, -29.550708770751953, -3.390545129776001, 3.3399276733398438, -48.28955841064453], [-78.58055877685547, 34.1580924987793, 9.536651611328125, -53.6559944152832, -72.8475341796875, 101.21117401123047, 229.34207153320312, 91.44019317626953, -21.372791290283203, -39.8692741394043, 36.5564079284668, 13.155906677246094, -8.040637969970703], [208.95545959472656, -85.30059051513672, 34.9996337890625, -18.796873092651367, -68.73501586914062, 56.277774810791016, 91.44019317626953, 157.3827362060547, 15.365439414978027, 4.424281597137451, 44.51243209838867, -4.981213092803955, 33.1500244140625], [-105.01339721679688, -25.936161041259766, 37.635257720947266, 55.47069549560547, 82.97391510009766, 20.73027801513672, -21.372791290283203, 15.365439414978027, 152.97386169433594, 62.13270950317383, 2.7570011615753174, 22.247547149658203, 20.30050277709961], [206.95066833496094, -5.98086404800415, -28.50244903564453, 40.85231018066406, 38.32767105102539, -29.550708770751953, -39.8692741394043, 4.424281597137451, 62.13270950317383, 177.0343017578125, 61.52409362792969, 20.262771606445312, 59.59292221069336], [211.88552856445312, -0.06711335480213165, -25.89506721496582, -24.875873565673828, -58.45951843261719, -3.390545129776001, 36.5564079284668, 44.51243209838867, 2.7570011615753174, 61.52409362792969, 132.1738739013672, 25.238731384277344, 46.119544982910156], [-76.821044921875, -5.09072208404541, 65.4786376953125, 36.111812591552734, 51.638675689697266, 3.3399276733398438, 13.155906677246094, -4.981213092803955, 22.247547149658203, 20.262771606445312, 25.238731384277344, 101.49130249023438, 37.832279205322266], [278.3148498535156, 17.058246612548828, -45.461448669433594, 102.1666030883789, 13.1693696975708, -48.28955841064453, -8.040637969970703, 33.1500244140625, 20.30050277709961, 59.59292221069336, 46.119544982910156, 37.832279205322266, 179.45169067382812]], "lowlevel.mfcc.icov": [[0.0006383719737641513, 0.0007302825688384473, 0.000392482295865193, 0.00024134363047778606, 0.0004719437856692821, 0.00010512266453588381, 0.00029752886621281505, -0.0003037179121747613, 0.0004967577988281846, -0.0005688391393050551, -0.00014459039084613323, 0.00026759790489450097, -0.0009209137060679495], [0.0007302825688384473, 0.0016606721328571439, 0.0009418271365575492, -4.5013948692940176e-05, 0.0004751486412715167, 0.00030633420101366937, -0.00011289920803392306, 0.00010284125164616853, 0.0005566604086197913, -0.0005503044812940061, -0.00027282047085464, 0.00018556548457127064, -0.0008519661496393383], [0.000392482295865193, 0.0009418271365575492, 0.002359021920710802, 0.0007427552482113242, -0.0005467018927447498, -0.0004269419878255576, 0.0005141616566106677, -0.0009114813874475658, 0.0003059309092350304, 1.4749725778528955e-05, 0.00019772417726926506, -0.0012968633091077209, -0.00022374987020157278], [0.00024134363047778606, -4.5013948692940176e-05, 0.0007427552482113242, 0.004683321341872215, -0.0009621914359740913, -1.0116176781593822e-05, 0.0007405251963064075, -0.0005855259951204062, -0.0005271745030768216, -0.00014747749082744122, 0.0013855764409527183, -0.000785304990131408, -0.002720889635384083], [0.0004719437856692821, 0.0004751486412715167, -0.0005467018927447498, -0.0009621914359740913, 0.004374613985419273, -0.0011685033096000552, 0.0007598271477036178, 0.0014624790055677295, -0.0006807836471125484, -0.001189990434795618, 0.001181760453619063, -0.0007008695392869413, -0.0009231723961420357], [0.00010512266453588381, 0.00030633420101366937, -0.0004269419878255576, -1.0116176781593822e-05, -0.0011685033096000552, 0.0057275788858532906, -0.0023522605188190937, -0.0012183153303340077, -0.0004936179611831903, 0.00026993625215254724, -0.0002731642744038254, 0.0006430580979213119, 0.0013529539573937654], [0.00029752886621281505, -0.00011289920803392306, 0.0005141616566106677, 0.0007405251963064075, 0.0007598271477036178, -0.0023522605188190937, 0.008021158166229725, -0.0038543581031262875, 0.001071208855137229, 0.0011715422151610255, -0.000991901964880526, -0.0020693109836429358, -0.00017843744717538357], [-0.0003037179121747613, 0.00010284125164616853, -0.0009114813874475658, -0.0005855259951204062, 0.0014624790055677295, -0.0012183153303340077, -0.0038543581031262875, 0.011587531305849552, -0.002406927989795804, 0.0006421335274353623, -0.002021253574639559, 0.002644611056894064, -0.002163749886676669], [0.0004967577988281846, 0.0005566604086197913, 0.0003059309092350304, -0.0005271745030768216, -0.0006807836471125484, -0.0004936179611831903, 0.001071208855137229, -0.002406927989795804, 0.009527457877993584, -0.0036227384116500616, 0.0010508138220757246, -0.0011497228406369686, 6.163075158838183e-05], [-0.0005688391393050551, -0.0005503044812940061, 1.4749725778528955e-05, -0.00014747749082744122, -0.001189990434795618, 0.00026993625215254724, 0.0011715422151610255, 0.0006421335274353623, -0.0036227384116500616, 0.009921460412442684, -0.004533851519227028, 0.000246164359850809, -0.0006555414875037968], [-0.00014459039084613323, -0.00027282047085464, 0.00019772417726926506, 0.0013855764409527183, 0.001181760453619063, -0.0002731642744038254, -0.000991901964880526, -0.002021253574639559, 0.0010508138220757246, -0.004533851519227028, 0.01281370222568512, -0.0032432726584374905, -0.0015425242017954588], [0.00026759790489450097, 0.00018556548457127064, -0.0012968633091077209, -0.000785304990131408, -0.0007008695392869413, 0.0006430580979213119, -0.0020693109836429358, 0.002644611056894064, -0.0011497228406369686, 0.000246164359850809, -0.0032432726584374905, 0.013940844684839249, -0.0027280717622488737], [-0.0009209137060679495, -0.0008519661496393383, -0.00022374987020157278, -0.002720889635384083, -0.0009231723961420357, 0.0013529539573937654, -0.00017843744717538357, -0.002163749886676669, 6.16307