{"song_id": "1182276621714075729", "download": "https://cdn.discordapp.com/attachments/1128313332273782784/1182276621714075729/chirp.mp4?ex=65841be8&amp", "lyrics": "Semper sursum, we rise above,\nWeb design hustle, constant love,\nPromote the vision, make 'em all see,\nWe the architects, set the industry.\n\nSlayin' pixels, gotta make it pop,\nTurnin' dreams into pixels, non-stop,\nUX mastermind, we know what's next,\nNo limitations, never will we rest.", "style": ["reggaeton"], "essentia_features": {"lowlevel.average_loudness": 0.9843754768371582, "lowlevel.barkbands_crest.mean": 16.339401245117188, "lowlevel.barkbands_crest.stdev": 4.410665035247803, "lowlevel.barkbands_flatness_db.mean": 0.4471731185913086, "lowlevel.barkbands_flatness_db.stdev": 0.14016680419445038, "lowlevel.barkbands_kurtosis.mean": 120.34740447998047, "lowlevel.barkbands_kurtosis.stdev": 177.04254150390625, "lowlevel.barkbands_skewness.mean": 6.287268161773682, "lowlevel.barkbands_skewness.stdev": 4.8000874519348145, "lowlevel.barkbands_spread.mean": 4.324706554412842, "lowlevel.barkbands_spread.stdev": 6.715870380401611, "lowlevel.dissonance.mean": 0.44729936122894287, "lowlevel.dissonance.stdev": 0.05320475995540619, "lowlevel.dynamic_complexity": 2.960597038269043, "lowlevel.erbbands_crest.mean": 14.28023910522461, "lowlevel.erbbands_crest.stdev": 6.2682085037231445, "lowlevel.erbbands_flatness_db.mean": 0.2086171954870224, "lowlevel.erbbands_flatness_db.stdev": 0.07078979164361954, "lowlevel.erbbands_kurtosis.mean": 10.016425132751465, "lowlevel.erbbands_kurtosis.stdev": 21.544212341308594, "lowlevel.erbbands_skewness.mean": 1.2428011894226074, "lowlevel.erbbands_skewness.stdev": 2.6170082092285156, "lowlevel.erbbands_spread.mean": 52.542579650878906, "lowlevel.erbbands_spread.stdev": 47.619808197021484, "lowlevel.hfc.mean": 17.835853576660156, "lowlevel.hfc.stdev": 16.237220764160156, "lowlevel.loudness_ebu128.integrated": -13.656976699829102, "lowlevel.loudness_ebu128.loudness_range": 1.0102205276489258, "lowlevel.loudness_ebu128.momentary.mean": -13.909677505493164, "lowlevel.loudness_ebu128.momentary.stdev": 1.5292750597000122, "lowlevel.loudness_ebu128.short_term.mean": -13.684542655944824, "lowlevel.loudness_ebu128.short_term.stdev": 0.3348775804042816, "lowlevel.melbands_crest.mean": 35.47977828979492, "lowlevel.melbands_crest.stdev": 5.585506439208984, "lowlevel.melbands_flatness_db.mean": 0.5454312562942505, "lowlevel.melbands_flatness_db.stdev": 0.16078901290893555, "lowlevel.melbands_kurtosis.mean": 965.9591064453125, "lowlevel.melbands_kurtosis.stdev": 1685.5146484375, "lowlevel.melbands_skewness.mean": 18.400251388549805, "lowlevel.melbands_skewness.stdev": 16.39684295654297, "lowlevel.melbands_spread.mean": 2.547825813293457, "lowlevel.melbands_spread.stdev": 3.9990346431732178, "lowlevel.pitch_salience.mean": 0.1262260377407074, "lowlevel.pitch_salience.stdev": 0.14421261847019196, "lowlevel.silence_rate_20dB.mean": 0.929411768913269, "lowlevel.silence_rate_20dB.stdev": 0.25613507628440857, "lowlevel.silence_rate_30dB.mean": 0.05882352963089943, "lowlevel.silence_rate_30dB.stdev": 0.23529379069805145, "lowlevel.silence_rate_60dB.mean": 0.002139037474989891, "lowlevel.silence_rate_60dB.stdev": 0.04620038717985153, "lowlevel.spectral_centroid.mean": 1184.7938232421875, "lowlevel.spectral_centroid.stdev": 1366.95703125, "lowlevel.spectral_complexity.mean": 5.854545593261719, "lowlevel.spectral_complexity.stdev": 7.964914321899414, "lowlevel.spectral_decrease.mean": -4.894561200785574e-08, "lowlevel.spectral_decrease.stdev": 2.1338443900731363e-08, "lowlevel.spectral_energy.mean": 0.18634948134422302, "lowlevel.spectral_energy.stdev": 0.08082863688468933, "lowlevel.spectral_energyband_high.mean": 0.000834010832477361, "lowlevel.spectral_energyband_high.stdev": 0.001731865224428475, "lowlevel.spectral_energyband_low.mean": 0.1720673143863678, "lowlevel.spectral_energyband_low.stdev": 0.08191541582345963, "lowlevel.spectral_energyband_middle_high.mean": 0.0010220635449513793, "lowlevel.spectral_energyband_middle_high.stdev": 0.002319111255928874, "lowlevel.spectral_energyband_middle_low.mean": 0.007508742157369852, "lowlevel.spectral_energyband_middle_low.stdev": 0.02008519507944584, "lowlevel.spectral_entropy.mean": 6.993465423583984, "lowlevel.spectral_entropy.stdev": 1.1075358390808105, "lowlevel.spectral_flux.mean": 0.15054650604724884, "lowlevel.spectral_flux.stdev": 0.10792974382638931, "lowlevel.spectral_kurtosis.mean": 13.896744728088379, "lowlevel.spectral_kurtosis.stdev": 21.599929809570312, "lowlevel.spectral_rms.mean": 0.01316407136619091, "lowlevel.spectral_rms.stdev": 0.0029174622613936663, "lowlevel.spectral_rolloff.mean": 88.9651870727539, "lowlevel.spectral_rolloff.stdev": 126.86572265625, "lowlevel.spectral_skewness.mean": 2.1508803367614746, "lowlevel.spectral_skewness.stdev": 1.9079631567001343, "lowlevel.spectral_spread.mean": 5024833.0, "lowlevel.spectral_spread.stdev": 3037302.75, "lowlevel.spectral_strongpeak.mean": 0.6539275050163269, "lowlevel.spectral_strongpeak.stdev": 0.39940041303634644, "lowlevel.zerocrossingrate.mean": 0.010354695841670036, "lowlevel.zerocrossingrate.stdev": 0.009898830205202103, "metadata.audio_properties.analysis.equal_loudness": 0.0, "metadata.audio_properties.analysis.length": 21.67360496520996, "metadata.audio_properties.analysis.sample_rate": 44100.0, "metadata.audio_properties.analysis.start_time": 0.0, "metadata.audio_properties.bit_rate": 130139.0, "metadata.audio_properties.length": 21.674667358398438, "metadata.audio_properties.lossless": 0.0, "metadata.audio_properties.number_channels": 1.0, "metadata.audio_properties.replay_gain": -10.563257217407227, "metadata.audio_properties.sample_rate": 48000.0, "rhythm.beats_count": 28.0, "rhythm.beats_loudness.mean": 0.17856428027153015, "rhythm.beats_loudness.stdev": 0.0691877081990242, "rhythm.bpm": 79.89380645751953, "rhythm.bpm_histogram_first_peak_bpm": 80.0, "rhythm.bpm_histogram_first_peak_weight": 0.11538463830947876, "rhythm.bpm_histogram_second_peak_bpm": 75.0, "rhythm.bpm_histogram_second_peak_spread": 0.0, "rhythm.bpm_histogram_second_peak_weight": 0.03703703731298447, "rhythm.danceability": 1.9441015720367432, "rhythm.onset_rate": 5.994253635406494, "tonal.chords_changes_rate": 0.09829059988260269, "tonal.chords_number_rate": 0.014957264997065067, "tonal.chords_strength.mean": 0.5171306729316711, "tonal.chords_strength.stdev": 0.07731471210718155, "tonal.hpcp_crest.mean": 12.81110954284668, "tonal.hpcp_crest.stdev": 5.996639251708984, "tonal.hpcp_entropy.mean": 2.132552146911621, "tonal.hpcp_entropy.stdev": 0.8104971051216125, "tonal.key_edma.strength": 0.5491247773170471, "tonal.key_krumhansl.strength": 0.5463587641716003, "tonal.key_temperley.strength": 0.5514450073242188, "tonal.tuning_diatonic_strength": 0.5468428134918213, "tonal.tuning_equal_tempered_deviation": 0.20047473907470703, "tonal.tuning_frequency": 434.193115234375, "tonal.tuning_nontempered_energy_ratio": 0.8535090684890747, "lowlevel.barkbands.mean": [0.056432902812957764, 0.11460933089256287, 0.005973376799374819, 0.0024505460169166327, 0.0009679673821665347, 0.0014175968244671822, 0.001078686211258173, 0.0008809751598164439, 0.0006462068995460868, 0.00021968888177070767, 0.00014272808039095253, 0.00014290542458184063, 0.00010326679330319166, 6.296393985394388e-05, 5.7084016589215025e-05, 4.980871744919568e-05, 7.781007298035547e-05, 9.376793605042621e-05, 8.124684973154217e-05, 5.830540612805635e-05, 9.442637383472174e-05, 0.00019858754239976406, 0.0002496202941983938, 0.0001653380022617057, 6.987649976508692e-05, 2.4571341782575473e-05, 4.3051574039054685e-07], "lowlevel.barkbands.stdev": [0.02973187156021595, 0.0866166204214096, 0.024336738511919975, 0.012855617329478264, 0.004545198753476143, 0.003953930456191301, 0.003506213892251253, 0.003597024129703641, 0.0024835995864123106, 0.000785359472502023, 0.0004875386948697269, 0.0005201215390115976, 0.00043069515959359705, 0.00020580280397552997, 0.00021817238302901387, 0.00019686065206769854, 0.00027786579448729753, 0.00028654257766902447, 0.0002525819872971624, 0.00021181194460950792, 0.00025359034771099687, 0.0004855486622545868, 0.0006096092402003706, 0.0003403079754207283, 0.0001545822888147086, 7.157070649554953e-05, 2.1777625534014078e-06], "lowlevel.erbbands.mean": [7.092968463897705, 11.177361488342285, 7.757385730743408, 8.450901985168457, 5.432958126068115, 2.5104100704193115, 5.874660491943359, 13.161327362060547, 10.086498260498047, 28.859704971313477, 13.195901870727539, 15.994832038879395, 7.663688659667969, 6.469809055328369, 5.954564571380615, 5.906350612640381, 5.330840110778809, 3.605015993118286, 3.043358564376831, 2.84466814994812, 2.83815336227417, 4.549921989440918, 5.308621406555176, 4.875759124755859, 3.124260425567627, 2.760369062423706, 3.0886945724487305, 4.507906913757324, 7.388597011566162, 7.190131187438965, 6.704014301300049, 4.066700458526611, 2.3366122245788574, 1.0921213626861572, 0.339722603559494, 0.11489840596914291, 0.051046229898929596, 0.004621625412255526, 0.0001864307268988341, 0.0002077644458040595], "lowlevel.erbbands.stdev": [4.10295295715332, 16.485910415649414, 23.62717056274414, 39.69158935546875, 27.73090171813965, 11.146979331970215, 13.194937705993652, 42.632171630859375, 33.86326599121094, 105.76227569580078, 41.86574935913086, 66.68355560302734, 24.522966384887695, 21.112163543701172, 21.174665451049805, 21.917999267578125, 22.054853439331055, 11.291874885559082, 10.657278060913086, 10.404691696166992, 11.1670503616333, 15.29882526397705, 16.387353897094727, 14.718703269958496, 10.20676040649414, 9.93991756439209, 8.933996200561523, 12.314689636230469, 18.406105041503906, 17.521991729736328, 15.946423530578613, 8.488279342651367, 4.927245140075684, 2.3346471786499023, 0.8464807271957397, 0.321044385433197, 0.14947684109210968, 0.015213832259178162, 0.0003419342392589897, 8.659174636704847e-05], "lowlevel.gfcc.mean": [-115.68620300292969, 102.15874481201172, -43.47688293457031, 51.981231689453125, -36.66913986206055, 26.664257049560547, -1.1280022859573364, 22.882343292236328, 10.438556671142578, 7.0930328369140625, 9.803720474243164, 10.19052505493164, 3.886162519454956], "lowlevel.melbands.mean": [0.04872620478272438, 0.006624940317124128, 0.0013610942987725139, 0.000254729762673378, 0.00018137713777832687, 0.0002831124875228852, 0.00017213824321515858, 0.00030114236869849265, 0.00010219489922747016, 9.477208368480206e-05, 3.537190787028521e-05, 2.6368070393800735e-05, 1.978484397113789e-05, 1.6417672668467276e-05, 1.2801811863027979e-05, 1.0634891623340081e-05, 6.108185516495723e-06, 4.807534878636943e-06, 4.172925855527865e-06, 3.6247320167603903e-06, 3.1114886951399967e-06, 4.283355337975081e-06, 5.7240667956648394e-06, 4.057232672494138e-06, 4.022247594548389e-06, 2.748404085650691e-06, 1.890601765808242e-06, 1.7760686432666262e-06, 1.7523399264973705e-06, 2.307330532858032e-06, 2.6613572572387056e-06, 4.017068476969143e-06, 4.212081876175944e-06, 4.345250999904238e-06, 4.206602170597762e-06, 3.103927383563132e-06, 2.279619366163388e-06, 1.820168222366192e-06, 1.1627887488430133e-06, 8.445659887001966e-07], "lowlevel.melbands.stdev": [0.02748236432671547, 0.01221348624676466, 0.006290125194936991, 0.0012672676239162683, 0.0004205233999527991, 0.0008841993403621018, 0.0005553577793762088, 0.0011264155618846416, 0.0003446337941568345, 0.0003968441451434046, 0.00011827277921838686, 8.919902029447258e-05, 7.025452941888943e-05, 5.611375308944844e-05, 4.9720674724085256e-05, 4.433556387084536e-05, 2.014066922129132e-05, 1.685274764895439e-05, 1.6646839867462404e-05, 1.4037605069461279e-05, 1.2720033737423364e-05, 1.551854620629456e-05, 1.758137295837514e-05, 1.3061045137874316e-05, 1.2283045180083718e-05, 8.933644494391046e-06, 7.14247471478302e-06, 6.56606334814569e-06, 5.626022357319016e-06, 6.524106993310852e-06, 7.844416359148454e-06, 1.0749336979642976e-05, 1.0389971976110246e-05, 1.1360496500856243e-05, 1.0433322131575551e-05, 7.2324132815992925e-06, 4.822363280254649e-06, 3.904688128386624e-06, 2.582945398899028e-06, 1.8934275658466504e-06], "lowlevel.melbands128.mean": [0.04992155358195305, 0.07575912028551102, 0.04027337208390236, 0.012398950755596161, 0.0042233653366565704, 0.002803113078698516, 0.001820598030462861, 0.0010299566201865673, 0.0004936463083140552, 0.00020397389016579837, 0.00010294994717696682, 9.904904436552897e-05, 0.00017163310258183628, 0.0003177767212036997, 0.00036340486258268356, 0.00023270762176252902, 0.00012271347804926336, 0.00013057110481895506, 0.00024785767891444266, 0.00043543297215364873, 0.00026902652462013066, 7.744762842776254e-05, 7.864853250794113e-05, 0.00012210778368171304, 0.00013451947597786784, 6.83762482367456e-05, 3.878326970152557e-05, 3.274182017776184e-05, 3.341221599839628e-05, 2.896720434364397e-05, 2.4923747332650237e-05, 1.8537866708356887e-05, 2.107421460095793e-05, 1.9767687263083644e-05, 1.467796118959086e-05, 1.5831292330403812e-05, 1.8592607375467196e-05, 1.1062616067647468e-05, 9.523317203274928e-06, 1.5598287063767202e-05, 8.717742275621276e-06, 7.726510375505313e-06, 6.5577737586863805e-06, 5.052990218246123e-06, 4.951213213644223e-06, 4.486045781959547e-06, 5.175851129024522e-06, 4.236843324179063e-06, 3.7940881156828254e-06, 3.6687933970824815e-06, 3.6473704767558957e-06, 3.4782892726070713e-06, 3.265786062911502e-06, 2.8098565962864086e-06, 3.1435949949809583e-06, 4.341978183219908e-06, 5.032113676861627e-06, 6.3955499172152486e-06, 5.970522579445969e-06, 4.613485089066671e-06, 3.8565067370655015e-06, 3.665318217827007e-06, 3.697618467413122e-06, 4.4935845835425425e-06, 4.094696578249568e-06, 2.7897108338947874e-06, 1.8390066998108523e-06, 1.6415780237366562e-06, 2.0821917132707313e-06, 2.006905560847372e-06, 1.6839197769513703e-06, 1.7031674133249908e-06, 1.7850306903710589e-06, 1.7232010804946185e-06, 1.705178192423773e-06, 2.237222361145541e-06, 2.817004315147642e-06, 2.1698947421100456e-06, 2.741740445344476e-06, 2.8386295980453724e-06, 3.523212626532768e-06, 5.019379386794753e-06, 4.279253516870085e-06, 5.035310095991008e-06, 3.149550138914492e-06, 2.472370397299528e-06, 5.550918103836011e-06, 6.505301826109644e-06, 3.473825017863419e-06, 2.8417553039616905e-06, 4.353384156274842e-06, 2.5336430553579703e-06, 2.5757310595508898e-06, 2.135517433998757e-06, 2.208440037065884e-06, 2.3395348307531094e-06, 1.5650120985810645e-06, 1.2994289591006236e-06, 1.3145821640137e-06, 9.814914392336505e-07, 9.742833526615868e-07, 7.562371138192248e-07, 8.263453423751344e-07, 5.120159016769321e-07, 2.881624538986216e-07, 2.2659298792859772e-07, 2.4096092943182157e-07, 1.8415468616694852e-07, 2.029402423886495e-07, 1.7448515166051948e-07, 1.690159194822627e-07, 1.457183458342115e-07, 2.4389368036281667e-07, 1.3487731109762535e-07, 6.535036334298638e-08, 3.8503557675539923e-08, 1.6572471395193134e-08, 7.874800811435989e-10, 7.695472592494923e-10, 2.30411786872331e-10, 8.834313142136452e-11, 4.698310490658386e-11, 3.508170143273759e-11, 3.435808929030948e-11, 3.354097555252622e-11, 3.2665477961435485e-11, 3.215992402938461e-11, 3.1957155671724635e-11], "lowlevel.melbands128.stdev": [0.02544436790049076, 0.0404963344335556, 0.042568475008010864, 0.023241816088557243, 0.012621242552995682, 0.012092595919966698, 0.009042218327522278, 0.005419977940618992, 0.0026168508920818567, 0.001062524737790227, 0.0004803057527169585, 0.00036172184627503157, 0.0004375552525743842, 0.0008145932224579155, 0.0012392719509080052, 0.001124410075135529, 0.0006044131587259471, 0.0005856699426658452, 0.000944541476201266, 0.0017672133399173617, 0.0013096662005409598, 0.0003484784974716604, 0.0004090923466719687, 0.0005834689363837242, 0.0007016662275418639, 0.0003272919275332242, 0.00015062665625009686, 0.0001474859454901889, 0.000162115044076927, 0.00012109417730243877, 0.00010571046004770324, 7.430997357005253e-05, 9.495985432295129e-05, 0.00010141050006495789, 5.379560388973914e-05, 7.256797834997997e-05, 9.182927897199988e-05, 6.1134371208027e-05, 5.6919187045423314e-05, 8.992199582280591e-05, 3.795201700995676e-05, 3.701094101415947e-05, 2.4713435777812265e-05, 2.0386696633067913e-05, 1.9835726561723277e-05, 1.8360571630182676e-05, 2.424856756988447e-05, 2.2498872567666695e-05, 1.5152170817600563e-05, 1.6203533959924243e-05, 1.5177592104009818e-05, 1.5145747966016643e-05, 1.4201031262928154e-05, 1.30915086629102e-05, 1.4020611160958651e-05, 1.7914962882059626e-05, 1.7760603441274725e-05, 2.3050359232001938e-05, 1.9806673662969843e-05, 1.5874589735176414e-05, 1.5550955140497535e-05, 1.2441270882845856e-05, 1.2041064110235311e-05, 1.574497582623735e-05, 1.4020202797837555e-05, 9.641874385124538e-06, 6.602975645364495e-06, 6.601401310035726e-06, 8.38254618429346e-06, 8.468628948321566e-06, 6.940255843801424e-06, 6.296921128523536e-06, 7.198286766652018e-06, 5.7552197176846676e-06, 5.334599336492829e-06, 6.6398620219843e-06, 8.866211828717496e-06, 5.87221848036279e-06, 9.9242561191204e-06, 1.0618168744258583e-05, 1.0965239198412746e-05, 1.3941685210738797e-05, 1.1131354767712764e-05, 1.4034330888534896e-05, 7.723479939159006e-06, 6.811953880969668e-06, 1.6344643881893717e-05, 1.887126018118579e-05, 9.03591626411071e-06, 7.536267730756663e-06, 1.1485107279440854e-05, 5.914946541452082e-06, 6.085492259444436e-06, 4.9974296416621655e-06, 5.178203082323307e-06, 5.233556748862611e-06, 3.658639570858213e-06, 3.232145672882325e-06, 3.175865003868239e-06, 2.26241991185816e-06, 2.270062395837158e-06, 1.7632224853514344e-06, 2.200513790739933e-06, 1.5297879372155876e-06, 8.933956223700079e-07, 6.450453042816662e-07, 8.200739216590591e-07, 5.688568762707291e-07, 5.683994004357373e-07, 6.09068592893891e-07, 6.179698175401427e-07, 4.920422611576214e-07, 7.174320444391924e-07, 4.117198955100321e-07, 2.579163833615894e-07, 1.5906294947853894e-07, 8.219672764653296e-08, 7.594901596519321e-09, 1.3296925338579513e-08, 2.844403823587527e-09, 7.757563480481622e-10, 2.2538496069479663e-10, 3.947600232812043e-11, 3.730878800345394e-11, 3.422347127912673e-11, 3.1930517258027535e-11, 3.147320598584358e-11, 3.132216361279028e-11], "lowlevel.mfcc.mean": [-781.57421875, 135.1512908935547, 57.668148040771484, 42.94227600097656, 14.883722305297852, 19.679147720336914, 12.45407485961914, 28.48147201538086, 14.938196182250977, 12.923993110656738, 20.64415740966797, 15.209857940673828, 10.242715835571289], "lowlevel.spectral_contrast_coeffs.mean": [-0.7196225523948669, -0.7915863394737244, -0.817992627620697, -0.8413937091827393, -0.7948076128959656, -0.7741934061050415], "lowlevel.spectral_contrast_coeffs.stdev": [0.07712755352258682, 0.09703654795885086, 0.06329328566789627, 0.053300730884075165, 0.06225397437810898, 0.053756192326545715], "lowlevel.spectral_contrast_valleys.mean": [-7.14427375793457, -7.73777961730957, -8.726420402526855, -9.477009773254395, -9.351286888122559, -11.458343505859375], "lowlevel.spectral_contrast_valleys.stdev": [0.8299540877342224, 1.0029462575912476, 1.099213719367981, 1.2097432613372803, 1.3893704414367676, 2.2015411853790283], "rhythm.beats_loudness_band_ratio.mean": [0.9511209726333618, 0.013511001132428646, 0.0066476138308644295, 0.008551358245313168, 0.014151600189507008, 0.008790044113993645], "rhythm.beats_loudness_band_ratio.stdev": [0.045956436544656754, 0.01556280255317688, 0.01426467951387167, 0.009429863654077053, 0.017172954976558685, 0.01085617020726204], "tonal.hpcp.mean": [0.02967025712132454, 0.02455684170126915, 0.01958717219531536, 0.01407406572252512, 0.016805842518806458, 0.01964827999472618, 0.021722914651036263, 0.06566829234361649, 0.20314835011959076, 0.349217027425766, 0.28675132989883423, 0.18140387535095215, 0.1878146529197693, 0.1323898732662201, 0.059239357709884644, 0.03868947550654411, 0.02421238273382187, 0.014255035668611526, 0.01729677803814411, 0.02580154500901699, 0.025641165673732758, 0.015835601836442947, 0.022018689662218094, 0.023738857358694077, 0.021724261343479156, 0.023855581879615784, 0.03117934614419937, 0.030234383419156075, 0.02325890213251114, 0.02443920448422432, 0.02759696915745735, 0.028293782845139503, 0.034355174750089645, 0.03477153927087784, 0.027327727526426315, 0.032477907836437225], "tonal.hpcp.stdev": [0.14924947917461395, 0.13537544012069702, 0.11683878302574158, 0.09550467878580093, 0.10621503740549088, 0.11577636748552322, 0.11511658132076263, 0.19678764045238495, 0.34102824330329895, 0.4277764856815338, 0.3908802270889282, 0.3172539472579956, 0.3586352467536926, 0.29174306988716125, 0.19967375695705414, 0.1735001504421234, 0.13424716889858246, 0.10139359533786774, 0.10596093535423279, 0.13627566397190094, 0.14304739236831665, 0.0871594175696373, 0.1307397037744522, 0.12475056946277618, 0.11917336285114288, 0.12652556598186493, 0.1554381549358368, 0.14844106137752533, 0.12835733592510223, 0.13184510171413422, 0.14580458402633667, 0.14207172393798828, 0.16213259100914001, 0.163363978266716, 0.13257820904254913, 0.16241754591464996], "rhythm.beats_position": [0.8010883927345276, 1.6021767854690552, 2.3684353828430176, 3.1346938610076904, 3.877732276916504, 4.632380962371826, 5.38702917098999, 6.130067825317383, 6.884716510772705, 7.639364719390869, 8.382403373718262, 9.125441551208496, 9.880090713500977, 10.63473892211914, 11.389387130737305, 12.132426261901855, 12.87546443939209, 13.63011360168457, 14.384761810302734, 15.139410018920898, 15.88244915008545, 16.637096405029297, 17.391746520996094, 18.134784698486328, 18.877822875976562, 19.644081115722656, 20.38711929321289, 21.130157470703125], "rhythm.bpm_histogram": [0.0, 0.0, 0.0, 0.0, 0.0, 0.0, 0.0, 0.0, 0.0, 0.0, 0.0, 0.0, 0.0, 0.0, 0.0, 0.0, 0.0, 0.0, 0.0, 0.0, 0.0, 0.0, 0.0, 0.0, 0.0, 0.0, 0.0, 0.0, 0.0, 0.0, 0.0, 0.0, 0.0, 0.0, 0.0, 0.0, 0.0, 0.0, 0.0, 0.0, 0.0, 0.0, 0.0, 0.0, 0.0, 0.0, 0.0, 0.0, 0.0, 0.0, 0.0, 0.0, 0.0, 0.0, 0.0, 0.0, 0.0, 0.0, 0.0, 0.0, 0.0, 0.0, 0.0, 0.0, 0.0, 0.0, 0.0, 0.0, 0.0, 0.0, 0.0, 0.0, 0.0, 0.0, 0.0, 0.03703703731298447, 0.0, 0.0, 0.1111111119389534, 0.0, 0.4444444477558136, 0.40740740299224854, 0.0, 0.0, 0.0, 0.0, 0.0, 0.0, 0.0, 0.0, 0.0, 0.0, 0.0, 0.0, 0.0, 0.0, 0.0, 0.0, 0.0, 0.0, 0.0, 0.0, 0.0, 0.0, 0.0, 0.0, 0.0, 0.0, 0.0, 0.0, 0.0, 0.0, 0.0, 0.0, 0.0, 0.0, 0.0, 0.0, 0.0, 0.0, 0.0, 0.0, 0.0, 0.0, 0.0, 0.0, 0.0, 0.0, 0.0, 0.0, 0.0, 0.0, 0.0, 0.0, 0.0, 0.0, 0.0, 0.0, 0.0, 0.0, 0.0, 0.0, 0.0, 0.0, 0.0, 0.0, 0.0, 0.0, 0.0, 0.0, 0.0, 0.0, 0.0, 0.0, 0.0, 0.0, 0.0, 0.0, 0.0, 0.0, 0.0, 0.0, 0.0, 0.0, 0.0, 0.0, 0.0, 0.0, 0.0, 0.0, 0.0, 0.0, 0.0, 0.0, 0.0, 0.0, 0.0, 0.0, 0.0, 0.0, 0.0, 0.0, 0.0, 0.0, 0.0, 0.0, 0.0, 0.0, 0.0, 0.0, 0.0, 0.0, 0.0, 0.0, 0.0, 0.0, 0.0, 0.0, 0.0, 0.0, 0.0, 0.0, 0.0, 0.0, 0.0, 0.0, 0.0, 0.0, 0.0, 0.0, 0.0, 0.0, 0.0, 0.0, 0.0, 0.0, 0.0, 0.0, 0.0, 0.0, 0.0, 0.0, 0.0, 0.0, 0.0, 0.0, 0.0, 0.0, 0.0, 0.0, 0.0, 0.0, 0.0, 0.0, 0.0, 0.0, 0.0, 0.0, 0.0, 0.0, 0.0, 0.0, 0.0, 0.0, 0.0, 0.0, 0.0, 0.0, 0.0, 0.0], "tonal.chords_histogram": [24.572649002075195, 15.811965942382812, 39.10256576538086, 0.0, 0.0, 0.0, 0.0, 0.0, 0.0, 5.55555534362793, 0.0, 0.0, 6.410256385803223, 0.0, 4.487179279327393, 0.0, 0.0, 0.0, 0.0, 0.0, 0.0, 0.0, 0.0, 4.059829235076904], "tonal.thpcp": [1.0, 0.821126401424408, 0.5194588303565979, 0.5378164052963257, 0.3791048526763916, 0.16963478922843933, 0.11078920215368271, 0.06933333724737167, 0.04081999137997627, 0.04953016713261604, 0.07388398051261902, 0.07342472672462463, 0.04534601792693138, 0.06305158883333206, 0.06797737628221512, 0.06220848113298416, 0.06831162422895432, 0.08928357809782028, 0.0865776315331459, 0.06660300493240356, 0.0699828565120697, 0.0790252685546875, 0.08102063089609146, 0.09837771952152252, 0.09956999868154526, 0.07825428247451782, 0.0930020734667778, 0.08496222645044327, 0.07031971216201782, 0.056088823825120926, 0.04030177369713783, 0.04812435060739517, 0.05626380816102028, 0.06220462545752525, 0.18804435431957245, 0.5817252397537231], "lowlevel.gfcc.cov": [[10748.8701171875, -3103.640625, -1906.1939697265625, 942.2335815429688, -2730.929443359375, 507.47509765625, -1206.1263427734375, 125.53630828857422, -571.0025024414062, 457.62445068359375, -255.97755432128906, 402.82318115234375, -556.611572265625], [-3103.640625, 4439.74169921875, -420.5455017089844, -1593.4591064453125, 1615.6751708984375, -1173.191650390625, 368.48956298828125, -244.63088989257812, 423.7298889160156, -709.8409423828125, 404.34234619140625, -215.7647247314453, 95.6345443725586], [-1906.1939697265625, -420.5455017089844, 1635.6796875, 318.7618103027344, 15.216432571411133, 357.78717041015625, 81.66943359375, -97.65251159667969, -67.16722106933594, -21.45781898498535, -207.42361450195312, -70.93177032470703, 38.419891357421875], [942.2335815429688, -1593.4591064453125, 318.7618103027344, 1108.83544921875, -512.4071044921875, 291.1616516113281, -127.48617553710938, 30.98380470275879, -155.12384033203125, 152.1249237060547, -135.10523986816406, -22.388338088989258, 30.820449829101562], [-2730.929443359375, 1615.6751708984375, 15.216432571411133, -512.4071044921875, 1422.9232177734375, -387.3844909667969, 312.5191345214844, -31.223302841186523, 239.63433837890625, -216.20465087890625, 132.8243865966797, -138.62210083007812, 149.57693481445312], [507.47509765625, -1173.191650390625, 357.78717041015625, 291.1616516113281, -387.3844909667969, 629.53759765625, 25.405916213989258, 12.72144889831543, -138.918212890625, 171.7710418701172, -172.15122985839844, -28.498945236206055, -45.81989288330078], [-1206.1263427734375, 368.48956298828125, 81.66943359375, -127.48617553710938, 312.5191345214844, 25.405916213989258, 426.965576171875, 53.61144256591797, 49.376468658447266, -76.93130493164062, 62.6404914855957, -82.09741973876953, 74.04723358154297], [125.53630828857422, -244.63088989257812, -97.65251159667969, 30.98380470275879, -31.223302841186523, 12.72144889831543, 53.61144256591797, 156.74952697753906, 22.54995346069336, 43.529842376708984, 1.3603019714355469, 18.6408634185791, -5.885242938995361], [-571.0025024414062, 423.7298889160156, -67.16722106933594, -155.12384033203125, 239.63433837890625, -138.918212890625, 49.376468658447266, 22.54995346069336, 192.55357360839844, -16.934619903564453, 55.95340347290039, -34.576881408691406, 42.127872467041016], [457.62445068359375, -709.8409423828125, -21.45781898498535, 152.1249237060547, -216.20465087890625, 171.7710418701172, -76.93130493164062, 43.529842376708984, -16.934619903564453, 239.7846221923828, -26.26597023010254, 34.543365478515625, -4.969906806945801], [-255.97755432128906, 404.34234619140625, -207.42361450195312, -135.10523986816406, 132.8243865966797, -172.15122985839844, 62.6404914855957, 1.3603019714355469, 55.95340347290039, -26.26597023010254, 171.198486328125, 27.77109146118164, 48.07712936401367], [402.82318115234375, -215.7647247314453, -70.93177032470703, -22.388338088989258, -138.62210083007812, -28.498945236206055, -82.09741973876953, 18.6408634185791, -34.576881408691406, 34.543365478515625, 27.77109146118164, 197.92918395996094, 13.64920425415039], [-556.611572265625, 95.6345443725586, 38.419891357421875, 30.820449829101562, 149.57693481445312, -45.81989288330078, 74.04723358154297, -5.885242938995361, 42.127872467041016, -4.969906806945801, 48.07712936401367, 13.64920425415039, 147.8150634765625]], "lowlevel.gfcc.icov": [[0.0006904881447553635, -0.0012048764619976282, 0.0009899172000586987, -0.0012942840112373233, 0.00090852624271065, -0.0014454395277425647, 0.0011196861742064357, -0.0012615072773769498, 0.00084920838708058, -0.0011476767249405384, 0.0010025305673480034, -0.0013552522286772728, 0.0009321183897554874], [-0.0012048764619976282, 0.009416311979293823, -0.0022146175615489483, 0.008406421169638634, -0.002766733756288886, 0.008830245584249496, -0.002945937914773822, 0.00886802189052105, -0.00418986426666379, 0.011079419404268265, -0.005865027196705341, 0.008428468368947506, -0.0017447622958570719], [0.0009899172000586987, -0.0022146175615489483, 0.0023555730003863573, -0.0024861961137503386, 0.0012589087709784508, -0.0028875379357486963, 0.0014019326772540808, -0.0015842091524973512, 0.001156235346570611, -0.0019500887719914317, 0.002650100039318204, -0.002575537422671914, 0.0011130014900118113], [-0.0012942840112373233, 0.008406421169638634, -0.0024861961137503386, 0.00910921674221754, -0.0022660542745143175, 0.008049005642533302, -0.00247141532599926, 0.007264440879225731, -0.002924035070464015, 0.009376216679811478, -0.004994104150682688, 0.00857905950397253, -0.0032695778645575047], [0.00090852624271065, -0.002766733756288886, 0.0012589087709784508, -0.0022660542745143175, 0.0028385897167026997, -0.002288103336468339, 0.0010407535592094064, -0.0025511328130960464, 0.0009132756968028843, -0.002762610325589776, 0.002308271825313568, -0.002038162900134921, 0.00023609241179656237], [-0.0014454395277425647, 0.008830245584249496, -0.0028875379357486963, 0.008049005642533302, -0.002288103336468339, 0.01256583072245121, -0.004903317894786596, 0.008996015414595604, -0.002690791618078947, 0.007493970915675163, -0.002849290147423744, 0.008521946147084236, -0.0019000573083758354], [0.0011196861742064357, -0.002945937914773822, 0.0014019326772540808, -0.00247141532599926, 0.0010407535592094064, -0.004903317894786596, 0.006658243481069803, -0.005637990310788155, 0.0022648689337074757, -0.0012618073960766196, -0.0003935895801987499, -0.0012596937594935298, -0.0003033831308130175], [-0.0012615072773769498, 0.00886802189052105, -0.0015842091524973512, 0.007264440879225731, -0.0025511328130960464, 0.008996015414595604, -0.005637990310788155, 0.017297428101301193, -0.005922758020460606, 0.008510231040418148, -0.0037892835680395365, 0.006045327987521887, -5.9199504903517663e-05], [0.00084920838708058, -0.00418986426666379, 0.001156235346570611, -0.002924035070464015, 0.0009132756968028843, -0.002690791618078947, 0.0022648689337074757, -0.005922758020460606, 0.010694989003241062, -0.00629337877035141, 0.0020765583030879498, -0.0017400938086211681, -0.0006853630766272545], [-0.0011476767249405384, 0.011079419404268265, -0.0019500887719914317, 0.009376216679811478, -0.002762610325589776, 0.007493970915675163, -0.0012618073960766196, 0.008510231040418148, -0.00629337877035141, 0.02047823555767536, -0.008377336896955967, 0.009268875233829021, -0.0024975899141281843], [0.0010025305673480034, -0.005865027196705341, 0.002650100039318204, -0.004994104150682688, 0.002308271825313568, -0.002849290147423744, -0.0003935895801987499, -0.0037892835680395365, 0.0020765583030879498, -0.008377336896955967, 0.015267365612089634, -0.006935408338904381, -0.0004493151209317148], [-0.0013552522286772728, 0.008428468368947506, -0.002575537422671914, 0.00857905950397253, -0.002038162900134921, 0.008521946147084236, -0.0012596937594935298, 0.006045327987521887, -0.0017400938086211681, 0.009268875233829021, -0.006935408338904381, 0.015110719949007034, -0.0044319662265479565], [0.0009321183897554874, -0.0017447622958570719, 0.0011130014900118113, -0.0032695778645575047, 0.00023609241179656237, -0.0019000573083758354, -0.0003033831308130175, -5.9199504903517663e-05, -0.0006853630766272545, -0.0024975899141281843, -0.0004493151209317148, -0.0044319662265479565, 0.011784945614635944]], "lowlevel.mfcc.cov": [[13272.548828125, -4780.98388671875, 74.45046997070312, -685.0765380859375, -1277.9111328125, -454.667724609375, -827.4918212890625, -485.76690673828125, -824.1431884765625, -232.7171630859375, -35.592342376708984, -214.16551208496094, -75.40254974365234], [-4780.98388671875, 6108.033203125, -1898.726806640625, -72.95077514648438, 616.8956298828125, -547.0234375, -47.894805908203125, 331.7032165527344, -64.61075592041016, -279.0789794921875, 214.18348693847656, 7.738969326019287, -121.72737884521484], [74.45046997070312, -1898.726806640625, 1980.2421875, -2.9041759967803955, -220.49462890625, 386.72772216796875, 35.311561584472656, -62.32329177856445, 48.764801025390625, 86.91305541992188, -192.46180725097656, -60.94725799560547, -2.040335178375244], [-685.0765380859375, -72.95077514648438, -2.9041759967803955, 611.6709594726562, 182.4089813232422, -38.53082275390625, 40.695064544677734, 8.146321296691895, 63.168277740478516, -28.01304817199707, -47.092899322509766, 17.130115509033203, -18.608978271484375], [-1277.9111328125, 616.8956298828125, -220.49462890625, 182.4089813232422, 490.8302917480469, 63.26991271972656, -4.865883827209473, 2.2018308639526367, 76.18423461914062, 30.45244598388672, -51.448486328125, 15.241864204406738, 10.93676471710205], [-454.667724609375, -547.0234375, 386.72772216796875, -38.53082275390625, 63.26991271972656, 363.24029541015625, 155.47799682617188, -25.452465057373047, 113.01043701171875, 87.01815795898438, -56.01024627685547, 5.801639556884766, 16.923749923706055], [-827.4918212890625, -47.894805908203125, 35.311561584472656, 40.695064544677734, -4.865883827209473, 155.47799682617188, 336.6560974121094, 69.20057678222656, 120.96310424804688, 64.98716735839844, 0.737787663936615, 33.30936813354492, 9.337384223937988], [-485.76690673828125, 331.7032165527344, -62.32329177856445, 8.146321296691895, 2.2018308639526367, -25.452465057373047, 69.20057678222656, 198.51617431640625, 41.20785903930664, -33.59223937988281, 13.891201972961426, -5.255222797393799, -7.453549861907959], [-824.1431884765625, -64.61075592041016, 48.764801025390625, 63.168277740478516, 76.18423461914062, 113.01043701171875, 120.96310424804688, 41.20785903930664, 216.6725311279297, 98.82282257080078, -2.4445106983184814, 25.109304428100586, 10.924837112426758], [-232.7171630859375, -279.0789794921875, 86.91305541992188, -28.01304817199707, 30.45244598388672, 87.01815795898438, 64.98716735839844, -33.59223937988281, 98.82282257080078, 174.0907745361328, 23.184019088745117, 13.385082244873047, 13.251093864440918], [-35.592342376708984, 214.18348693847656, -192.46180725097656, -47.092899322509766, -51.448486328125, -56.01024627685547, 0.737787663936615, 13.891201972961426, -2.4445106983184814, 23.184019088745117, 149.24896240234375, 32.52846145629883, -17.76344108581543], [-214.16551208496094, 7.738969326019287, -60.94725799560547, 17.130115509033203, 15.241864204406738, 5.801639556884766, 33.30936813354492, -5.255222797393799, 25.109304428100586, 13.385082244873047, 32.52846145629883, 101.5646743774414, 27.263914108276367], [-75.40254974365234, -121.72737884521484, -2.040335178375244, -18.608978271484375, 10.93676471710205, 16.923749923706055, 9.337384223937988, -7.453549861907959, 10.924837112426758, 13.251093864440918, -17.76344108581543, 27.263914108276367, 97.1642074584961]], "lowlevel.mfcc.icov": [[0.00035499961813911796, 0.0003936329740099609, 0.000375743315089494, 0.0002897050289902836, 0.00036334831384010613, 0.00017958988610189408, 0.0004399303288664669, 8.005589188542217e-05, 0.0006815390079282224, 0.00017309670511167496, 0.0002814572071656585, 0.0002461924450471997, 0.000605833251029253], [0.0003936329740099609, 0.0008166304905898869, 0.0005512097850441933, 0.0006425341125577688, -0.00026476255152374506, 0.0007024678052403033, 0.00021659636695403606, -0.0001747842616168782, 0.0006059987936168909, 0.0007978330831974745, -5.2795203373534605e-05, 0.0003926049976143986, 0.0010396466823294759], [0.000375743315089494, 0.0005512097850441933, 0.001389127573929727, 0.0001083143288269639, 0.0009679136564955115, -0.0008560542482882738, 0.0009786112932488322, -0.00030571696697734296, 0.0009111877880059183, -0.00024308105639647692, 0.0012843409786000848, 0.0002457426453474909, 0.0010512678418308496], [0.0002897050289902836, 0.0006425341125577688, 0.0001083143288269639, 0.0027667537797242403, -0.001288325060158968, 0.0017912721959874034, -0.0006284089176915586, 0.0004456165770534426, -0.000562139437533915, 0.0016413017874583602, 0.0002629459777381271, -5.486185909830965e-05, 0.0013923743972554803], [0.00036334831384010613, -0.00026476255152374506, 0.0009679136564955115, -0.001288325060158968, 0.004837775602936745, -0.0022635392379015684, 0.002203112468123436, -5.918974056839943e-05, 0.0006495710695162416, -0.001858057570643723, 0.002548747230321169, -0.0005091805360279977, 0.0001465156819904223], [0.00017958988610189408, 0.0007024678052403033, -0.0008560542482882738, 0.0017912721959874034, -0.0022635392379015684, 0.007052506785839796, -0.002882392378523946, 0.0014092593919485807, -0.001576353912241757, 0.001104998867958784, 6.481637683464214e-06, 0.0005364440148696303, 0.0006332132616080344], [0.0004399303288664669, 0.00021659636695403606, 0.0009786112932488322, -0.0006284089176915586, 0.002203112468123436, -0.002882392378523946, 0.006114626303315163, -0.0018359909299761057, 0.0001277243427466601, -0.001445365371182561, 0.0012325462885200977, -0.001100583584047854, 0.0007554706535302103], [8.005589188542217e-05, -0.0001747842616168782, -0.00030571696697734296, 0.0004456165770534426, -5.918974056839943e-05, 0.0014092593919485807, -0.0018359909299761057, 0.0072845532558858395, -0.002325198845937848, 0.0028079035691916943, -0.0009602350182831287, 0.001417445600964129, -0.0002762535004876554], [0.0006815390079282224, 0.0006059987936168909, 0.0009111877880059183, -0.000562139437533915, 0.0006495710695162416, -0.001576353912241757, 0.0001277243427466601, -0.002325198845937848, 0.010484391823410988, -0.004638518672436476, 0.0013560644583776593, -0.0008618294959887862, 0.0011538726976141334], [0.00017309670511167496, 0.0007978330831974745, -0.00024308105639647692, 0.0016413017874583602, -0.001858057570643723, 0.001104998867958784, -0.001445365371182561, 0.0028079035691916943, -0.004638518672436476, 0.01151441503316164, -0.0036349697038531303, 0.001603774493560195, -0.00034926473745144904], [0.0002814572071656585, -5.2795203373534605e-05, 0.0012843409786000848, 0.0002629459777381271, 0.002548747230321169, 6.481637683464214e-06, 0.0012325462885200977, -0.0009602350182831287, 0.0013560644583776593, -0.0036349697038531303, 0.011368460953235626, -0.0038855986203998327, 0.0032613975927233696], [0.0002461924450471997, 0.0003926049976143986, 0.0002457426453474909, -5.486185909830965e-05, -0.0005091805360279977, 0.0005364440148696303, -0.001100583584047854, 0.001417445600964129, -0.0008618294959887862, 0.001603774493560195, -0.0038855986203998327, 0.013206478208303452, -0.0036819300148636103], [0.000605833251029253, 0.0010396466823294759, 0.0010512678418308496, 0.0013923743972554803, 0.0001465156819904223, 0.0006332132616080344, 0.0007554706535302103, -0.0002762535004876554, 0.0011538726976141334, -0.00034926473745144904, 0.0032613975927233696, -0.0036819300148636103, 0.01367991603910923]], "metadata.audio_properties.analysis.downmix": "mix", "metadata.audio_properties.codec": "mp3", "metadata.audio_properties.md5_encoded": "d955120bf11b2a5d2598dc77897f2b99", "metadata.tags.file_name": "1182276621714075729.mp3", "metadata.version.essentia": "2.1-beta6-dev", "metadata.version.essentia_git_sha": "v2.1_beta5-1110-g77a6a954", "metadata.version.extractor": "music 2.0", "tonal.chords_key": "C", "tonal.chords_scale": "minor", "tonal.key_edma.key": "F", "tonal.key_edma.scale": "minor", "tonal.key_krumhansl.key": "F", "tonal.key_krumhansl.scale": "minor", "tonal.key_temperley.key": "F", "tonal.key_temperley.scale": "minor", "metadata.tags.encoding": ["Lavf58.45.100"]}, "essentia_models": [{"model_name": "genre_dortmund", "activations": {"alternative": "0.0027814338", "blues": "0.0002284698", "electronic": "0.13732035", "folkcountry": "0.0002420632", "funksoulrnb": "0.0019561746", "jazz": "0.0026203163", "pop": "0.0017816788", "raphiphop": "0.92514676", "rock": "0.0007234017"}}, {"model_name": "genre_rosamerica", "activations": {"classic": "0.0015866334", "dance": "0.00048632946", "hip hop": "0.7581075", "jazz": "0.0004651575", "pop": "0.005762265", "rhythm and blues": "0.006104566", "rock": "0.00039181832", "speech": "0.23800513"}}, {"model_name": "genre_tzanetakis", "activations": {"blues": "0.000255346", "classic": "0.006379443", "country": "0.0014443963", "disco": "0.00059317664", "hip hop": "0.5885955", "jazz": "0.0018990062", "