{"song_id": "1182267117320548432", "download": "https://cdn.discordapp.com/attachments/1135911532732108921/1182267117320548432/chirp.mp4?ex=6584130e&amp", "lyrics": "(Verse 1)\nNeon lights blur, city's a haze\nPulse of the night, heartbeat ablaze\nLost in the rhythm, body takes flight\nTop of the world, shining so bright\n\n(Chorus)\nWe're the generation, free and alive\nDancing through darkness, taking the night\nNo hesitation, breaking the chains\nTop of the game, leaving our names", "style": ["Uptempo Electronic Dance Music </span><span>(EDM</span><span>)"], "essentia_features": {"lowlevel.average_loudness": 0.8317514657974243, "lowlevel.barkbands_crest.mean": 10.388374328613281, "lowlevel.barkbands_crest.stdev": 6.095506191253662, "lowlevel.barkbands_flatness_db.mean": 0.10238524526357651, "lowlevel.barkbands_flatness_db.stdev": 0.0685255229473114, "lowlevel.barkbands_kurtosis.mean": 5.0332350730896, "lowlevel.barkbands_kurtosis.stdev": 12.295330047607422, "lowlevel.barkbands_skewness.mean": 0.8777830600738525, "lowlevel.barkbands_skewness.stdev": 2.1444151401519775, "lowlevel.barkbands_spread.mean": 32.36678695678711, "lowlevel.barkbands_spread.stdev": 16.42894172668457, "lowlevel.dissonance.mean": 0.4799838662147522, "lowlevel.dissonance.stdev": 0.014803396537899971, "lowlevel.dynamic_complexity": 3.274327278137207, "lowlevel.erbbands_crest.mean": 7.892698764801025, "lowlevel.erbbands_crest.stdev": 3.393904447555542, "lowlevel.erbbands_flatness_db.mean": 0.13388179242610931, "lowlevel.erbbands_flatness_db.stdev": 0.04847182333469391, "lowlevel.erbbands_kurtosis.mean": 0.7444602251052856, "lowlevel.erbbands_kurtosis.stdev": 2.911790132522583, "lowlevel.erbbands_skewness.mean": -0.2925742268562317, "lowlevel.erbbands_skewness.stdev": 0.8821531534194946, "lowlevel.erbbands_spread.mean": 39.156494140625, "lowlevel.erbbands_spread.stdev": 15.881863594055176, "lowlevel.hfc.mean": 40.25223159790039, "lowlevel.hfc.stdev": 42.52747344970703, "lowlevel.loudness_ebu128.integrated": -13.243247032165527, "lowlevel.loudness_ebu128.loudness_range": 3.4542407989501953, "lowlevel.loudness_ebu128.momentary.mean": -16.945220947265625, "lowlevel.loudness_ebu128.momentary.stdev": 26.744186401367188, "lowlevel.loudness_ebu128.short_term.mean": -13.562922477722168, "lowlevel.loudness_ebu128.short_term.stdev": 1.1824251413345337, "lowlevel.melbands_crest.mean": 15.108251571655273, "lowlevel.melbands_crest.stdev": 9.309836387634277, "lowlevel.melbands_flatness_db.mean": 0.1422506719827652, "lowlevel.melbands_flatness_db.stdev": 0.08771238476037979, "lowlevel.melbands_kurtosis.mean": 18.201980590820312, "lowlevel.melbands_kurtosis.stdev": 42.63386154174805, "lowlevel.melbands_skewness.mean": 2.508800506591797, "lowlevel.melbands_skewness.stdev": 3.025195360183716, "lowlevel.melbands_spread.mean": 54.264739990234375, "lowlevel.melbands_spread.stdev": 48.46450424194336, "lowlevel.pitch_salience.mean": 0.5416569709777832, "lowlevel.pitch_salience.stdev": 0.19204697012901306, "lowlevel.silence_rate_20dB.mean": 1.0, "lowlevel.silence_rate_20dB.stdev": 0.0, "lowlevel.silence_rate_30dB.mean": 0.9454545378684998, "lowlevel.silence_rate_30dB.stdev": 0.22709129750728607, "lowlevel.silence_rate_60dB.mean": 0.05454545468091965, "lowlevel.silence_rate_60dB.stdev": 0.2270909696817398, "lowlevel.spectral_centroid.mean": 2578.3203125, "lowlevel.spectral_centroid.stdev": 1695.128173828125, "lowlevel.spectral_complexity.mean": 22.840641021728516, "lowlevel.spectral_complexity.stdev": 10.761953353881836, "lowlevel.spectral_decrease.mean": -8.737250922763451e-09, "lowlevel.spectral_decrease.stdev": 9.581475168829456e-09, "lowlevel.spectral_energy.mean": 0.036627430468797684, "lowlevel.spectral_energy.stdev": 0.03631437197327614, "lowlevel.spectral_energyband_high.mean": 0.003407298820093274, "lowlevel.spectral_energyband_high.stdev": 0.005873579531908035, "lowlevel.spectral_energyband_low.mean": 0.02109176479279995, "lowlevel.spectral_energyband_low.stdev": 0.03383024036884308, "lowlevel.spectral_energyband_middle_high.mean": 0.006138119846582413, "lowlevel.spectral_energyband_middle_high.stdev": 0.004996431525796652, "lowlevel.spectral_energyband_middle_low.mean": 0.006779474206268787, "lowlevel.spectral_energyband_middle_low.stdev": 0.010286302305758, "lowlevel.spectral_entropy.mean": 8.067377090454102, "lowlevel.spectral_entropy.stdev": 0.3730003833770752, "lowlevel.spectral_flux.mean": 0.10299845039844513, "lowlevel.spectral_flux.stdev": 0.07258075475692749, "lowlevel.spectral_kurtosis.mean": 2.877704381942749, "lowlevel.spectral_kurtosis.stdev": 1.6712019443511963, "lowlevel.spectral_rms.mean": 0.005250297021120787, "lowlevel.spectral_rms.stdev": 0.002858038293197751, "lowlevel.spectral_rolloff.mean": 3538.285400390625, "lowlevel.spectral_rolloff.stdev": 3625.1298828125, "lowlevel.spectral_skewness.mean": 1.2066594362258911, "lowlevel.spectral_skewness.stdev": 0.4525623321533203, "lowlevel.spectral_spread.mean": 6004295.0, "lowlevel.spectral_spread.stdev": 5700043.0, "lowlevel.spectral_strongpeak.mean": 1.2262567281723022, "lowlevel.spectral_strongpeak.stdev": 2.110520601272583, "lowlevel.zerocrossingrate.mean": 0.13025307655334473, "lowlevel.zerocrossingrate.stdev": 0.10164953768253326, "metadata.audio_properties.analysis.equal_loudness": 0.0, "metadata.audio_properties.analysis.length": 21.67360496520996, "metadata.audio_properties.analysis.sample_rate": 44100.0, "metadata.audio_properties.analysis.start_time": 0.0, "metadata.audio_properties.bit_rate": 114979.0, "metadata.audio_properties.length": 21.674667358398438, "metadata.audio_properties.lossless": 0.0, "metadata.audio_properties.number_channels": 1.0, "metadata.audio_properties.replay_gain": -12.760957717895508, "metadata.audio_properties.sample_rate": 48000.0, "rhythm.beats_count": 39.0, "rhythm.beats_loudness.mean": 0.0774412676692009, "rhythm.beats_loudness.stdev": 0.041081301867961884, "rhythm.bpm": 119.9852294921875, "rhythm.bpm_histogram_first_peak_bpm": 120.0, "rhythm.bpm_histogram_first_peak_weight": 0.23076921701431274, "rhythm.bpm_histogram_second_peak_bpm": 94.0, "rhythm.bpm_histogram_second_peak_spread": 0.5, "rhythm.bpm_histogram_second_peak_weight": 0.10526315867900848, "rhythm.danceability": 1.2365504503250122, "rhythm.onset_rate": 4.242087364196777, "tonal.chords_changes_rate": 0.061965811997652054, "tonal.chords_number_rate": 0.012820512987673283, "tonal.chords_strength.mean": 0.5530227422714233, "tonal.chords_strength.stdev": 0.05825722962617874, "tonal.hpcp_crest.mean": 12.317755699157715, "tonal.hpcp_crest.stdev": 5.586297512054443, "tonal.hpcp_entropy.mean": 2.046438455581665, "tonal.hpcp_entropy.stdev": 0.7885940074920654, "tonal.key_edma.strength": 0.6814438104629517, "tonal.key_krumhansl.strength": 0.6741442680358887, "tonal.key_temperley.strength": 0.6983826160430908, "tonal.tuning_diatonic_strength": 0.5486270189285278, "tonal.tuning_equal_tempered_deviation": 0.19959507882595062, "tonal.tuning_frequency": 434.193115234375, "tonal.tuning_nontempered_energy_ratio": 0.9519006013870239, "lowlevel.barkbands.mean": [0.0011084978468716145, 0.01591517962515354, 0.0033980621956288815, 0.0015053936513140798, 0.0015901756705716252, 0.0008142669685184956, 0.001171802170574665, 0.001084694522432983, 0.0003833623486571014, 0.0005769288400188088, 0.0008623338071629405, 0.0005324315279722214, 0.0004998524091206491, 0.0005691071855835617, 0.0006292794714681804, 0.0007248206529766321, 0.0006328331073746085, 0.0003120983310509473, 0.0006058970466256142, 0.0004646934394259006, 0.0003627790720202029, 0.000374882627511397, 0.0016006497899070382, 0.0006615926395170391, 8.717917080502957e-05, 0.00015104499470908195, 7.584219474665588e-06], "lowlevel.barkbands.stdev": [0.0019875795114785433, 0.02887231856584549, 0.01013280637562275, 0.00587276928126812, 0.003371461993083358, 0.0013019135221838951, 0.001969827339053154, 0.002156746806576848, 0.0006446681800298393, 0.0012032246449962258, 0.0010818528244271874, 0.0011695498833432794, 0.000777358771301806, 0.0010159272933378816, 0.0008161789155565202, 0.0008891046163626015, 0.0007716679247096181, 0.00033436997910030186, 0.000720762531273067, 0.0006361897685565054, 0.0005128827760927379, 0.0006654998287558556, 0.0036644556093961, 0.001274464069865644, 0.0001124208647524938, 0.00014663873298559338, 1.0554183063504752e-05], "lowlevel.erbbands.mean": [0.6136922240257263, 2.899616003036499, 4.463503360748291, 4.506080627441406, 5.471092700958252, 4.325366020202637, 5.684554100036621, 6.797769546508789, 17.77217674255371, 23.40108299255371, 14.756145477294922, 10.012598037719727, 14.401409149169922, 16.708721160888672, 41.76862716674805, 27.020620346069336, 23.33176612854004, 31.93490219116211, 29.671655654907227, 33.624027252197266, 42.65605926513672, 32.22920227050781, 18.260942459106445, 24.52475929260254, 35.304744720458984, 21.022809982299805, 15.032010078430176, 12.839207649230957, 13.39289379119873, 28.803192138671875, 46.95314407348633, 23.001480102539062, 6.962994575500488, 1.2240793704986572, 0.5147607922554016, 0.41039353609085083, 0.32454949617385864, 0.06450141966342926, 0.0012342656264081597, 8.652658289065585e-05], "lowlevel.erbbands.stdev": [1.2144650220870972, 5.580509662628174, 11.15709400177002, 16.504215240478516, 16.233787536621094, 9.276644706726074, 10.506102561950684, 10.621475219726562, 30.4958438873291, 44.71778869628906, 26.37860107421875, 15.883174896240234, 27.834115982055664, 34.87241744995117, 51.24543762207031, 57.0681266784668, 35.1849479675293, 52.886695861816406, 40.38138961791992, 41.93321990966797, 50.22679138183594, 36.533023834228516, 20.149965286254883, 25.856672286987305, 50.742408752441406, 26.051586151123047, 21.238222122192383, 18.48990821838379, 23.27177619934082, 61.41084671020508, 110.88777160644531, 49.75165939331055, 11.699026107788086, 1.5521737337112427, 0.724982500076294, 0.5009051561355591, 0.3146234452724457, 0.06869769841432571, 0.0012821381678804755, 6.14150776527822e-05], "lowlevel.gfcc.mean": [-3.1313204765319824, 27.427928924560547, -114.37515258789062, 30.81222152709961, -50.52354049682617, 23.52012062072754, -30.86979866027832, 16.414037704467773, -9.010709762573242, 12.107486724853516, -6.275732040405273, 14.670815467834473, -18.27328872680664], "lowlevel.melbands.mean": [0.004820752888917923, 0.002746504032984376, 0.0008217630675062537, 0.00033277395414188504, 0.00020690409292001277, 0.00016595989291090518, 0.00026202277513220906, 0.00026387901743873954, 0.00010625976574374363, 5.842462996952236e-05, 7.17192524462007e-05, 6.32851806585677e-05, 0.00011974685185123235, 8.855863416101784e-05, 5.4291016567731276e-05, 4.6574499720009044e-05, 6.251643208088353e-05, 4.568081203615293e-05, 4.078990241396241e-05, 4.933276795782149e-05, 5.026684812037274e-05, 3.527587978169322e-05, 2.1979551092954352e-05, 1.5568872186122462e-05, 1.9652850824058987e-05, 2.2905838704900816e-05, 2.5118944904534146e-05, 1.1207937859580852e-05, 9.095014320337214e-06, 8.717535820323974e-06, 7.112358616723213e-06, 6.9461611929000355e-06, 8.11406243883539e-06, 2.026837864832487e-05, 2.8076250600861385e-05, 2.18369132198859e-05, 1.2182472346466966e-05, 6.249787929846207e-06, 1.416935219822335e-06, 7.271352728821512e-07], "lowlevel.melbands.stdev": [0.009063377045094967, 0.005464110989123583, 0.0027876754757016897, 0.0008113069925457239, 0.00038723929901607335, 0.00026408975827507675, 0.0004463386721909046, 0.000524640257935971, 0.00019084560335613787, 9.618297190172598e-05, 0.00014077973901294172, 0.0001528269494883716, 0.00015064470062498003, 0.0001450844865757972, 9.009447967400774e-05, 7.046358950901777e-05, 0.00011477983935037628, 6.520494935102761e-05, 5.394426261773333e-05, 5.932015483267605e-05, 6.162967474665493e-05, 4.1071409214055166e-05, 3.6088069464312866e-05, 1.8603963326313533e-05, 2.2215359422261827e-05, 3.0705945391673595e-05, 4.257198816048913e-05, 1.4386281691258773e-05, 1.3310868780536111e-05, 1.2816464732168242e-05, 1.0974314136547036e-05, 1.1944741345359944e-05, 1.5955994967953302e-05, 4.5068150939187035e-05, 6.733627378707752e-05, 5.248211164143868e-05, 2.5529809136060067e-05, 1.0907099749601912e-05, 1.9552687717805384e-06, 1.0880164609261556e-06], "lowlevel.melbands128.mean": [0.0009528721566312015, 0.005363872740417719, 0.006185218691825867, 0.004361139610409737, 0.002687547355890274, 0.001460513798519969, 0.0009030660730786622, 0.0007105346885509789, 0.0005974892410449684, 0.00025256795925088227, 0.00020551233319565654, 0.00028627473511733115, 0.00020627450430765748, 0.00011829900176962838, 9.201246575685218e-05, 0.00023438993957825005, 0.00031468935776501894, 0.0002857848594430834, 0.0001669828488957137, 0.000281783111859113, 0.0003404257004149258, 0.00011833168537123129, 8.333923324244097e-05, 7.056059257593006e-05, 7.208962051663548e-05, 4.2638337617972866e-05, 5.170138319954276e-05, 9.791809861781076e-05, 4.86874851048924e-05, 9.897570998873562e-05, 4.56932102679275e-05, 4.163608173257671e-05, 0.00010715669486671686, 0.00024247086548712105, 4.5671396947000176e-05, 8.015886851353571e-05, 7.859960169298574e-05, 2.9893795726820827e-05, 6.630606367252767e-05, 4.796540451934561e-05, 4.362146137282252e-05, 4.0770992200123146e-05, 6.376644887495786e-05, 8.786394027993083e-05, 2.3088621674105525e-05, 4.881864515482448e-05, 5.6122113164747134e-05, 2.845788731065113e-05, 4.0252081817016006e-05, 5.2547398809110746e-05, 4.576131686917506e-05, 5.308507752488367e-05, 5.260933903628029e-05, 4.9625246901996434e-05, 4.4986805733060464e-05, 3.0840805266052485e-05, 2.6649420760804787e-05, 3.730749085661955e-05, 1.2606949894689023e-05, 1.0553027095738798e-05, 1.5542336768703535e-05, 1.6558171409997158e-05, 2.653509181982372e-05, 1.843325844674837e-05, 1.3285755812830757e-05, 2.0484323613345623e-05, 2.9910042940173298e-05, 3.200687933713198e-05, 2.4218757971539162e-05, 1.6820642485981807e-05, 9.747330295795109e-06, 9.509631127002649e-06, 8.485258149448782e-06, 9.099186172534246e-06, 9.03281761566177e-06, 1.0522117918299045e-05, 7.825042303011287e-06, 6.0857428252347745e-06, 8.419302503170911e-06, 6.110313279350521e-06, 6.172146640892606e-06, 7.629884748894256e-06, 8.020779205253348e-06, 7.201870630524354e-06, 8.405420885537751e-06, 1.570890708535444e-05, 2.5346407710458152e-05, 2.7500507712829858e-05, 2.54453370871488e-05, 3.1702886190032586e-05, 3.0449977202806622e-05, 1.699596396065317e-05, 1.1255831850576214e-05, 1.2352935300441459e-05, 1.3003831554669887e-05, 9.587414751877077e-06, 4.752931545226602e-06, 1.0902571148108109e-06, 1.5310065464291256e-06, 1.5963913710947963e-06, 7.423358283631387e-07, 6.614812946281745e-07, 5.315813496054034e-07, 4.695572783930402e-07, 4.618114246568439e-07, 7.260570669131994e-07, 6.151080356175953e-07, 4.589812476751831e-07, 5.820826345370733e-07, 7.574309393021394e-07, 1.3945115142632858e-06, 9.532084277452668e-07, 1.1640198636087007e-06, 9.990852731789346e-07, 1.029803115670802e-06, 9.333963930657774e-07, 3.248716211601277e-07, 1.0272729333848929e-09, 7.431484247422127e-12, 7.0170457985851975e-12, 6.775871964209701e-12, 6.598597102752679e-12, 6.437068326287099e-12, 6.252981205739916e-12, 5.78705833254034e-12, 5.1044550530843225e-12, 4.726876008664949e-12, 4.646969441191029e-12], "lowlevel.melbands128.stdev": [0.0018135813297703862, 0.010948974639177322, 0.013115248642861843, 0.00883914902806282, 0.006492374464869499, 0.004720763303339481, 0.003597873728722334, 0.002692141802981496, 0.0017558061517775059, 0.0006962257903069258, 0.0005252097616903484, 0.000653170223813504, 0.00044178555253893137, 0.0002921440463978797, 0.00019126207916997373, 0.0004981622332707047, 0.0005935424705967307, 0.0006899090367369354, 0.0003904369077645242, 0.000649488705676049, 0.0008012388716451824, 0.00026289193192496896, 0.00025343403103761375, 0.00015430914936587214, 0.0001354525302303955, 0.0001280360738746822, 0.00010717775876400992, 0.0002456672373227775, 0.00010017735621659085, 0.00031909809331409633, 0.0001093936589313671, 8.778249321039766e-05, 0.00016280259296763688, 0.00032361558987759054, 9.735421190271154e-05, 0.0002358453639317304, 0.0002267832460347563, 7.650218321941793e-05, 0.0001275802933378145, 0.00010084937821375206, 8.223480108426884e-05, 7.652114436496049e-05, 0.0001314843539148569, 0.0001961712259799242, 5.175889964448288e-05, 9.02023384696804e-05, 0.0001009935003821738, 5.909627361688763e-05, 6.704024417558685e-05, 8.794104360276833e-05, 7.060816278681159e-05, 7.761250162729993e-05, 8.892388723324984e-05, 6.712355389026925e-05, 6.747530278516933e-05, 4.91246028104797e-05, 3.7374833482317626e-05, 9.200792555930093e-05, 2.0505858628894202e-05, 1.2589001926244237e-05, 2.9968132366775535e-05, 2.090503039653413e-05, 4.03374906454701e-05, 2.5442968762945384e-05, 2.0440351363504305e-05, 3.203576852683909e-05, 4.9314032366964966e-05, 7.004923099884763e-05, 4.877949322690256e-05, 2.3804175725672394e-05, 1.4748828107258305e-05, 1.6639314708299935e-05, 1.1904227903869469e-05, 1.624197648197878e-05, 1.6493015209562145e-05, 1.724660069157835e-05, 1.2812710338039324e-05, 1.0321343324903864e-05, 1.4899266716383863e-05, 1.0382174878031947e-05, 1.1523971807037015e-05, 1.633722240512725e-05, 1.6852209228090942e-05, 1.5896566765150055e-05, 1.807054468372371e-05, 3.614369052229449e-05, 5.847943975823e-05, 6.855388346593827e-05, 6.692780880257487e-05, 8.057168452069163e-05, 7.784020999679342e-05, 4.265601091901772e-05, 2.8681111871264875e-05, 2.997899537149351e-05, 2.5721208658069372e-05, 1.7068441593437456e-05, 9.32607326831203e-06, 2.139260686817579e-06, 2.3869008600740926e-06, 2.3586057977809105e-06, 1.2468507293306175e-06, 1.3152387055015424e-06, 1.1683590628308593e-06, 8.347357152160839e-07, 7.842181162232009e-07, 1.183466451948334e-06, 1.136182390837348e-06, 9.112095540331211e-07, 1.083069946616888e-06, 9.468112125432526e-07, 1.7365083522236091e-06, 1.0208176490777987e-06, 1.234601541000302e-06, 1.153379798779497e-06, 1.2919371101816068e-06, 1.173759642369987e-06, 4.368560837519908e-07, 5.231811872619119e-09, 4.157725899678333e-11, 4.133158745811549e-11, 4.139975515182748e-11, 4.124385208359449e-11, 4.1181828780434415e-11, 3.9259189649198944e-11, 2.8994745840393854e-11, 1.3598302171791143e-11, 8.676420693021214e-12, 8.530389068728272e-12], "lowlevel.mfcc.mean": [-629.2631225585938, 67.86038208007812, -6.2800984382629395, 14.384537696838379, 5.89888334274292, 11.211627960205078, -4.984942436218262, 14.665349960327148, -7.193243503570557, 16.815799713134766, -3.851555347442627, 14.077980041503906, 10.831034660339355], "lowlevel.spectral_contrast_coeffs.mean": [-0.7530896663665771, -0.7671433687210083, -0.777891218662262, -0.7960922122001648, -0.7929427623748779, -0.7129310965538025], "lowlevel.spectral_contrast_coeffs.stdev": [0.09193483740091324, 0.07570754736661911, 0.06778079271316528, 0.05330435186624527, 0.04694078862667084, 0.0655006691813469], "lowlevel.spectral_contrast_valleys.mean": [-7.850353240966797, -7.433313846588135, -7.87495231628418, -7.649928092956543, -7.540500640869141, -10.346922874450684], "lowlevel.spectral_contrast_valleys.stdev": [3.412524938583374, 3.415125608444214, 3.309380292892456, 3.3223447799682617, 3.3069677352905273, 2.893261432647705], "rhythm.beats_loudness_band_ratio.mean": [0.7068734169006348, 0.02772541530430317, 0.04607052356004715, 0.05115300789475441, 0.054431360214948654, 0.1267082542181015], "rhythm.beats_loudness_band_ratio.stdev": [0.33098921179771423, 0.046636976301670074, 0.05036178231239319, 0.07400364428758621, 0.0790427178144455, 0.23502835631370544], "tonal.hpcp.mean": [0.24942518770694733, 0.22629673779010773, 0.11111140996217728, 0.08230091631412506, 0.07298895716667175, 0.06238027289509773, 0.08008419722318649, 0.09485527873039246, 0.0958925113081932, 0.342953622341156, 0.41830122470855713, 0.19463969767093658, 0.11624717712402344, 0.08937602490186691, 0.09517955780029297, 0.11025873571634293, 0.10672007501125336, 0.08183711022138596, 0.06653770804405212, 0.06950850039720535, 0.07088349014520645, 0.11907602846622467, 0.13444259762763977, 0.10850840061903, 0.14595581591129303, 0.14756789803504944, 0.11010178923606873, 0.1000189334154129, 0.08391807973384857, 0.09405090659856796, 0.22708864510059357, 0.263028085231781, 0.15401038527488708, 0.12622074782848358, 0.12395744025707245, 0.14996813237667084], "tonal.hpcp.stdev": [0.30691805481910706, 0.2922171950340271, 0.1939309537410736, 0.18125005066394806, 0.1634395718574524, 0.15287944674491882, 0.13515335321426392, 0.15057973563671112, 0.16425645351409912, 0.3403140604496002, 0.40702518820762634, 0.23935484886169434, 0.2013910859823227, 0.156373530626297, 0.17735221982002258, 0.16719657182693481, 0.1565960943698883, 0.14380180835723877, 0.13241517543792725, 0.13536617159843445, 0.1357884258031845, 0.1767038106918335, 0.20443961024284363, 0.19858761131763458, 0.2774534523487091, 0.26370733976364136, 0.20490829646587372, 0.19859281182289124, 0.16687454283237457, 0.16352009773254395, 0.29468488693237305, 0.3077806234359741, 0.22848057746887207, 0.23264195024967194, 0.2336641252040863, 0.23577353358268738], "rhythm.beats_position": [0.5340589284896851, 1.0797278881072998, 1.6253968477249146, 2.1246259212493896, 2.623854875564575, 3.1346938610076904, 3.6223127841949463, 4.133152008056641, 4.632380962371826, 5.143219947814941, 5.642448902130127, 6.1416778564453125, 6.640906810760498, 7.140135765075684, 7.639364719390869, 8.138593673706055, 8.637823104858398, 9.137051582336426, 9.63628101348877, 10.147119522094727, 10.63473892211914, 11.133968353271484, 11.633196830749512, 12.132426261901855, 12.631654739379883, 13.130884170532227, 13.63011360168457, 14.129342079162598, 14.628571510314941, 15.232290267944336, 15.85922908782959, 16.497777938842773, 17.13632583618164, 17.77487564086914, 18.436643600463867, 19.040363311767578, 19.667301177978516, 20.294239044189453, 20.932788848876953], "rhythm.bpm_histogram": [0.0, 0.0, 0.0, 0.0, 0.0, 0.0, 0.0, 0.0, 0.0, 0.0, 0.0, 0.0, 0.0, 0.0, 0.0, 0.0, 0.0, 0.0, 0.0, 0.0, 0.0, 0.0, 0.0, 0.0, 0.0, 0.0, 0.0, 0.0, 0.0, 0.0, 0.0, 0.0, 0.0, 0.0, 0.0, 0.0, 0.0, 0.0, 0.0, 0.0, 0.0, 0.0, 0.0, 0.0, 0.0, 0.0, 0.0, 0.0, 0.0, 0.0, 0.0, 0.0, 0.0, 0.0, 0.0, 0.0, 0.0, 0.0, 0.0, 0.0, 0.0, 0.0, 0.0, 0.0, 0.0, 0.0, 0.0, 0.0, 0.0, 0.0, 0.0, 0.0, 0.0, 0.0, 0.0, 0.0, 0.0, 0.0, 0.0, 0.0, 0.0, 0.0, 0.0, 0.0, 0.0, 0.0, 0.0, 0.0, 0.0, 0.0, 0.0, 0.02631578966975212, 0.0, 0.0, 0.10526315867900848, 0.0, 0.07894736528396606, 0.0, 0.0, 0.05263157933950424, 0.0, 0.0, 0.0, 0.0, 0.0, 0.0, 0.0, 0.0, 0.0, 0.0, 0.05263157933950424, 0.0, 0.0, 0.0, 0.0, 0.0, 0.0, 0.10526315867900848, 0.0, 0.0, 0.5263158082962036, 0.0, 0.0, 0.05263157933950424, 0.0, 0.0, 0.0, 0.0, 0.0, 0.0, 0.0, 0.0, 0.0, 0.0, 0.0, 0.0, 0.0, 0.0, 0.0, 0.0, 0.0, 0.0, 0.0, 0.0, 0.0, 0.0, 0.0, 0.0, 0.0, 0.0, 0.0, 0.0, 0.0, 0.0, 0.0, 0.0, 0.0, 0.0, 0.0, 0.0, 0.0, 0.0, 0.0, 0.0, 0.0, 0.0, 0.0, 0.0, 0.0, 0.0, 0.0, 0.0, 0.0, 0.0, 0.0, 0.0, 0.0, 0.0, 0.0, 0.0, 0.0, 0.0, 0.0, 0.0, 0.0, 0.0, 0.0, 0.0, 0.0, 0.0, 0.0, 0.0, 0.0, 0.0, 0.0, 0.0, 0.0, 0.0, 0.0, 0.0, 0.0, 0.0, 0.0, 0.0, 0.0, 0.0, 0.0, 0.0, 0.0, 0.0, 0.0, 0.0, 0.0, 0.0, 0.0, 0.0, 0.0, 0.0, 0.0, 0.0, 0.0, 0.0, 0.0, 0.0, 0.0, 0.0, 0.0, 0.0, 0.0, 0.0, 0.0, 0.0, 0.0, 0.0, 0.0, 0.0, 0.0, 0.0, 0.0, 0.0, 0.0, 0.0, 0.0, 0.0, 0.0, 0.0, 0.0, 0.0, 0.0, 0.0], "tonal.chords_histogram": [19.658119201660156, 0.0, 0.8547008633613586, 0.0, 0.0, 0.0, 0.0, 0.0, 0.0, 0.0, 0.0, 0.0, 0.0, 0.0, 1.7094017267227173, 4.059829235076904, 0.0, 1.923076868057251, 0.0, 0.0, 0.0, 0.0, 63.88888931274414, 7.905982971191406], "tonal.thpcp": [1.0, 0.46530988812446594, 0.2779030203819275, 0.21366426348686218, 0.2275383174419403, 0.26358693838119507, 0.25512734055519104, 0.19564157724380493, 0.15906649827957153, 0.16616852581501007, 0.1694556176662445, 0.2846657335758209, 0.3214013874530792, 0.2594025433063507, 0.3489251434803009, 0.3527790307998657, 0.263211727142334, 0.2391074299812317, 0.20061638951301575, 0.22484013438224792, 0.542883038520813, 0.628800630569458, 0.3681805729866028, 0.30174607038497925, 0.2963353395462036, 0.3585170805454254, 0.5962812900543213, 0.540989875793457, 0.26562535762786865, 0.19675035774707794, 0.17448899149894714, 0.14912763237953186, 0.1914510279893875, 0.22676308453083038, 0.2292427271604538, 0.8198723793029785], "lowlevel.gfcc.cov": [[51706.09765625, 3287.967041015625, -3660.435791015625, 1164.3212890625, -1546.70654296875, 681.70166015625, -1048.1580810546875, 612.5804443359375, -499.35076904296875, 488.1593017578125, -350.6827392578125, 505.1724853515625, -638.95166015625], [3287.967041015625, 2085.57763671875, 275.8658447265625, -27.801191329956055, 361.45025634765625, -78.08744812011719, 24.867982864379883, 134.9141845703125, -178.68565368652344, 43.61151123046875, -108.7102279663086, -51.73847961425781, 4.258152961730957], [-3660.435791015625, 275.8658447265625, 776.1712646484375, 116.05135345458984, 314.09735107421875, 54.53178405761719, 165.9632110595703, -33.01183319091797, -0.5008124113082886, -61.4322624206543, -41.4722785949707, -68.84762573242188, 80.16677856445312], [1164.3212890625, -27.801191329956055, 116.05135345458984, 402.844482421875, 65.2616195678711, 131.66407775878906, 31.12708282470703, 2.7034313678741455, 20.616241455078125, -13.826964378356934, -21.11880111694336, -22.1442928314209, 14.802525520324707], [-1546.70654296875, 361.45025634765625, 314.09735107421875, 65.2616195678711, 407.951416015625, 61.099220275878906, 129.42947387695312, 93.87159729003906, 42.64402389526367, 28.117382049560547, 2.8471078872680664, -37.93784713745117, 60.27793884277344], [681.70166015625, -78.08744812011719, 54.53178405761719, 131.66407775878906, 61.099220275878906, 225.90769958496094, 131.82398986816406, 83.55032348632812, 63.796024322509766, 41.83302307128906, 16.803577423095703, 15.485678672790527, 9.477495193481445], [-1048.1580810546875, 24.867982864379883, 165.9632110595703, 31.12708282470703, 129.42947387695312, 131.82398986816406, 253.06610107421875, 111.54515075683594, 86.48087310791016, 36.30535125732422, 33.35594177246094, 0.8032190203666687, 19.463638305664062], [612.5804443359375, 134.9141845703125, -33.01183319091797, 2.7034313678741455, 93.87159729003906, 83.55032348632812, 111.54515075683594, 172.1813201904297, 81.62186431884766, 77.8351058959961, 24.64337921142578, 17.17206382751465, 12.948432922363281], [-499.35076904296875, -178.68565368652344, -0.5008124113082886, 20.616241455078125, 42.64402389526367, 63.796024322509766, 86.48087310791016, 81.62186431884766, 211.2246856689453, 65.88365936279297, 94.28809356689453, 39.03929901123047, 13.137368202209473], [488.1593017578125, 43.61151123046875, -61.4322624206543, -13.826964378356934, 28.117382049560547, 41.83302307128906, 36.30535125732422, 77.8351058959961, 65.88365936279297, 125.70001220703125, 60.880760192871094, 43.93524169921875, 23.449935913085938], [-350.6827392578125, -108.7102279663086, -41.4722785949707, -21.11880111694336, 2.8471078872680664, 16.803577423095703, 33.35594177246094, 24.64337921142578, 94.28809356689453, 60.880760192871094, 117.12345123291016, 56.99364471435547, 19.937253952026367], [505.1724853515625, -51.73847961425781, -68.84762573242188, -22.1442928314209, -37.93784713745117, 15.485678672790527, 0.8032190203666687, 17.17206382751465, 39.03929901123047, 43.93524169921875, 56.99364471435547, 97.87229919433594, 30.78840446472168], [-638.95166015625, 4.258152961730957, 80.16677856445312, 14.802525520324707, 60.27793884277344, 9.477495193481445, 19.463638305664062, 12.948432922363281, 13.137368202209473, 23.449935913085938, 19.937253952026367, 30.78840446472168, 82.97106170654297]], "lowlevel.gfcc.icov": [[0.00019166991114616394, -0.00048758817138150334, 0.0006865105242468417, -0.0006993238348513842, 0.0005193247343413532, -0.0008934317156672478, 0.000741968338843435, -0.0004858684551436454, 6.429533823393285e-05, -0.00018796921358443797, 0.0006845868192613125, -0.0011180425062775612, 0.0008823692332953215], [-0.00048758817138150334, 0.002082443330436945, -0.0021201572380959988, 0.0016810469096526504, -0.0019627194851636887, 0.002943395869806409, -0.001615568995475769, 3.707331052282825e-05, 0.0009529986418783665, -0.00010221402772003785, -0.0014698206214234233, 0.002196652814745903, -0.0012342006666585803], [0.0006865105242468417, -0.0021201572380959988, 0.0057596247643232346, -0.002701027086004615, 0.00019509832782205194, -0.003334235865622759, 0.00019274299847893417, 0.0018776205834001303, -0.0008787817205302417, 3.277209179941565e-05, 0.003690051380544901, -0.002936453791335225, 0.0005461954278871417], [-0.0006993238348513842, 0.0016810469096526504, -0.002701027086004615, 0.0061499313451349735, -0.0020907435100525618, 0.00030578981386497617, -0.0015254878671839833, 0.002553252037614584, -0.0010156038915738463, 0.001249208697117865, -0.002057689009234309, 0.00502037862315774, -0.004076504614204168], [0.0005193247343413532, -0.0019627194851636887, 0.00019509832782205194, -0.0020907435100525618, 0.007075651548802853, -0.0026281303726136684, 0.0020595407113432884, -0.003959968686103821, -0.00016685703303664923, -0.0002614088880363852, 0.00023669419169891626, -5.960842463537119e-05, -0.00035531955654732883], [-0.0008934317156672478, 0.002943395869806409, -0.003334235865622759, 0.00030578981386497617, -0.0026281303726136684, 0.013856436125934124, -0.0073838685639202595, 0.00019161045202054083, 0.0003017504932358861, -0.0010971692390739918, -0.0015213546575978398, 0.0026549375616014004, -0.0021928134374320507], [0.000741968338843435, -0.001615568995475769, 0.00019274299847893417, -0.0015254878671839833, 0.0020595407113432884, -0.0073838685639202595, 0.012955413199961185, -0.007806386332958937, 0.0002437707589706406, 0.0011295478325337172, -0.0003883094759657979, -0.003431223565712571, 0.004417694639414549], [-0.0004858684551436454, 3.707331052282825e-05, 0.0018776205834001303, 0.002553252037614584, -0.003959968686103821, 0.00019161045202054083, -0.007806386332958937, 0.019352009519934654, -0.00548790255561471, -0.005328466184437275, 0.004441103897988796, 0.002807972952723503, -0.004081231076270342], [6.429533823393285e-05, 0.0009529986418783665, -0.0008787817205302417, -0.0010156038915738463, -0.00016685703303664923, 0.0003017504932358861, 0.0002437707589706406, -0.00548790255561471, 0.011043012142181396, -0.00043851087684743106, -0.007139289751648903, -0.0007358700386248529, 0.0027264959644526243], [-0.00018796921358443797, -0.00010221402772003785, 3.277209179941565e-05, 0.001249208697117865, -0.0002614088880363852, -0.0010971692390739918, 0.0011295478325337172, -0.005328466184437275, -0.00043851087684743106, 0.016603143885731697, -0.007266832981258631, 0.0003787459572777152, -0.0038324561901390553], [0.0006845868192613125, -0.0014698206214234233, 0.003690051380544901, -0.002057689009234309, 0.00023669419169891626, -0.0015213546575978398, -0.0003883094759657979, 0.004441103897988796, -0.007139289751648903, -0.007266832981258631, 0.024169553071260452, -0.011605329811573029, 0.0032318877056241035], [-0.0011180425062775612, 0.002196652814745903, -0.002936453791335225, 0.00502037862315774, -5.960842463537119e-05, 0.0026549375616014004, -0.003431223565712571, 0.002807972952723503, -0.0007358700386248529, 0.0003787459572777152, -0.011605329811573029, 0.02650722861289978, -0.01371239498257637], [0.0008823692332953215, -0.0012342006666585803, 0.0005461954278871417, -0.004076504614204168, -0.00035531955654732883, -0.0021928134374320507, 0.004417694639414549, -0.004081231076270342, 0.0027264959644526243, -0.0038324561901390553, 0.0032318877056241035, -0.01371239498257637, 0.024182692170143127]], "lowlevel.mfcc.cov": [[17027.796875, 2447.370361328125, -37.23128890991211, 537.465576171875, 142.20750427246094, 264.0990295410156, 22.055654525756836, 178.42694091796875, -48.47197723388672, 111.13748168945312, 71.43597412109375, 114.90811157226562, 201.4486083984375], [2447.370361328125, 1785.623779296875, -96.7456283569336, 200.57264709472656, 220.4498748779297, -35.96549606323242, 191.95358276367188, -16.567899703979492, 100.0421142578125, -48.15206527709961, 73.60979461669922, -57.15773391723633, 40.667110443115234], [-37.23128890991211, -96.7456283569336, 366.9822998046875, 103.28790283203125, 68.27393341064453, 128.85011291503906, 77.03545379638672, 26.593978881835938, 77.70770263671875, -75.17803192138672, 33.091033935546875, -31.479164123535156, -41.07633972167969], [537.465576171875, 200.57264709472656, 103.28790283203125, 282.0975036621094, 122.57023620605469, 87.35086822509766, 54.572147369384766, 35.812164306640625, 47.544803619384766, 9.101722717285156, -10.406573295593262, -15.021329879760742, -6.388981342315674], [142.20750427246094, 220.4498748779297, 68.27393341064453, 122.57023620605469, 254.29971313476562, 61.221866607666016, 76.5655517578125, 6.149260997772217, 83.17731475830078, 14.86230182647705, 21.132213592529297, -10.92800235748291, 23.44162940979004], [264.0990295410156, -35.96549606323242, 128.85011291503906, 87.35086822509766, 61.221866607666016, 161.33026123046875, 72.13526153564453, 70.92578887939453, 56.87326431274414, 27.890750885009766, 31.93345069885254, 36.50886917114258, 0.6817839741706848], [22.055654525756836, 191.95358276367188, 77.03545379638672, 54.572147369384766, 76.5655517578125, 72.13526153564453, 208.8356475830078, 45.789222717285156, 135.6766357421875, -21.834842681884766, 89.85946655273438, -8.682541847229004, -4.012189865112305], [178.42694091796875, -16.567899703979492, 26.593978881835938, 35.812164306640625, 6.149260997772217, 70.92578887939453, 45.789222717285156, 155.69342041015625, 53.07603073120117, 93.78482055664062, 18.23328399658203, 67.08596801757812, 29.713218688964844], [-48.47197723388672, 100.0421142578125, 77.70770263671875, 47.544803619384766, 83.17731475830078, 56.87326431274414, 135.6766357421875, 53.07603073120117, 203.97991943359375, 13.286026954650879, 94.6667251586914, 9.550293922424316, 19.084123611450195], [111.13748168945312, -48.15206527709961, -75.17803192138672, 9.101722717285156, 14.86230182647705, 27.890750885009766, -21.834842681884766, 93.78482055664062, 13.286026954650879, 186.65049743652344, 19.711437225341797, 92.53343963623047, 53.4625358581543], [71.43597412109375, 73.60979461669922, 33.091033935546875, -10.406573295593262, 21.132213592529297, 31.93345069885254, 89.85946655273438, 18.23328399658203, 94.6667251586914, 19.711437225341797, 136.61904907226562, 30.559133529663086, 27.803741455078125], [114.90811157226562, -57.15773391723633, -31.479164123535156, -15.021329879760742, -10.92800235748291, 36.50886917114258, -8.682541847229004, 67.08596801757812, 9.550293922424316, 92.53343963623047, 30.559133529663086, 128.83311462402344, 67.01802062988281], [201.4486083984375, 40.667110443115234, -41.07633972167969, -6.388981342315674, 23.44162940979004, 0.6817839741706848, -4.012189865112305, 29.713218688964844, 19.084123611450195, 53.4625358581543, 27.803741455078125, 67.01802062988281, 100.73479461669922]], "lowlevel.mfcc.icov": [[8.82186577655375e-05, -0.00014770122652407736, 1.8619590264279395e-05, -8.256993896793574e-05, 0.00012398454418871552, -0.0002839297230821103, 0.0002064184081973508, -6.44614192424342e-05, 6.52098169666715e-05, 2.595036494312808e-05, -8.905692084226757e-05, 7.185968570411205e-05, -0.00016348427743650973], [-0.00014770122652407736, 0.0010894504375755787, 0.0004694370145443827, -0.0005190789233893156, -0.0007483616354875267, 0.0011107075260952115, -0.0010716120013967156, -0.0001652372011449188, 0.0002457719820085913, 0.00042362327803857625, -0.00031973462319001555, 8.614703983766958e-05, -5.370892904466018e-05], [1.8619590264279395e-05, 0.0004694370145443827, 0.005626438185572624, -0.0009938942966982722, -0.0007892922731116414, -0.003638387890532613, 0.0013543369714170694, -0.0015689317369833589, -0.0008736648596823215, 0.0035907751880586147, -0.0016793339746072888, 0.0006899927975609899, 0.0009937750874087214], [-8.256993896793574e-05, -0.0005190789233893156, -0.0009938942966982722, 0.006012364290654659, -0.0015437831170856953, -0.0020973491482436657, -4.253336737747304e-05, -7.22557379049249e-05, -0.00044076377525925636, -0.0010439172619953752, 0.001982984598726034, 0.0010367179056629539, 0.00014428271970245987], [0.00012398454418871552, -0.0007483616354875267, -0.0007892922731116414, -0.0015437831170856953, 0.007191954646259546, -0.0021730465814471245, -0.001008176594041288, 0.002990143606439233, -0.0019375697011128068, -0.002483626827597618, 0.0019805908668786287, 0.0018100985325872898, -0.003012344241142273], [-0.0002839297230821103, 0.0011107075260952115, -0.003638387890532613, -0.0020973491482436657, -0.0021730465814471245, 0.015613244846463203, -0.004005091730505228, -0.0028006082866340876, 0.0013591420138254762, -0.0005894108908250928, -0.000397222931496799, -0.004974485840648413, 0.003043784759938717], [0.0002064184081973508, -0.0010716120013967156, 0.0013543369714170694, -4.253336737747304e-05, -0.001008176594041288, -0.004005091730505228, 0.01359787117689848, -0.004010381177067757, -0.004389921203255653, 0.0040775747038424015, -0.005410977639257908, 0.0015102573670446873, 0.0017119197873398662], [-6.44614192424342e-05, -0.0001652372011449188, -0.0015689317369833589, -7.22557379049249e-05, 0.002990143606439233, -0.0028006082866340876, -0.004010381177067757, 0.015182138420641422, -0.002688174368813634, -0.007198338396847248, 0.0050321100279688835, -0.0028933442663401365, -0.0008978991536423564], [6.52098169666715e-05, 0.0002457719820085913, -0.0008736648596823215, -0.00044076377525925636, -0.0019375697011128068, 0.0013591420138254762, -0.004389921203255653, -0.002688174368813634, 0.011553480289876461, -0.00016400475578848273, -0.0047980137169361115, 0.001395177561789751, -0.0012597357854247093], [2.595036494312808e-05, 0.00042362327803857625, 0.0035907751880586147, -0.0010439172619953752, -0.002483626827597618, -0.0005894108908250928, 0.0040775747038424015, -0.007198338396847248, -0.00016400475578848273, 0.013733169995248318, -0.0033947969786822796, -0.004528872203081846, 0.0007352270768024027], [-8.905692084226757e-05, -0.00031973462319001555, -0.0016793339746072888, 0.001982984598726034, 0.0019805908668786287, -0.000397222931496799, -0.005410977639257908, 0.0050321100279688835, -0.0047980137169361115, -0.0033947969786822796, 0.015641365200281143, -0.0027111275121569633, -0.0022126396652311087], [7.185968570411205e-05, 8.614703983766958e-05, 0.0006899927975609899, 0.0010367179056629539, 0.0018100985325872898, -0.004974485840648413, 0.0015102573670446873, -0.0028933442663401365, 0.001395177561789751, -0.004528872203081846, -0.0027111275121569633, 0.02007313258945942, -0.009772257879376411], [-0.00016348427743650973, -5.370892904466018e-05, 0.0009937750874087214, 0.00014428271970245987, -0.003012344241142273, 0.003043784759938717, 0.0017119197873398662, -0.0008978991536423564, -0.0012597357854247093, 0.0007352270768024027, -0.0022126396652311087, -0.009772257879376411, 0.0186640415340662]], "metadata.audio_properties.analysis.downmix": "mix", "metadata.audio_properties.codec": "mp3", "metadata.audio_properties.md5_encoded": "ceb673922b729c9a87cf907eb4429629", "metadata.tags.file_name": "1182267117320548432.mp3", "metadata.version.essentia": "2.1-beta6-dev", "metadata.version.essentia_git_sha": "v2.1_beta5-1110-g77a6a954", "metadata.version.extractor": "music 2.0", "tonal.chords_key": "F", "tonal.chords_scale": "major", "tonal.key_edma.key": "F", "tonal.key_edma.scale": "major", "tonal.key_krumhansl.key": "C", "tonal.key_krumhansl.scale": "major", "tonal.key_temperley.key": "C", "tonal.key_temperley.scale": "major", "metadata.tags.encoding": ["Lavf58.45.100"]}, "essentia_models": [{"model_name": "genre_dortmund", "activations": {"alternative": "0.016130747", "blues": "0.00030524042", "electronic": "0.082051344", "folkcountry": "0.0008536092", "funksoulrnb": "0.0041572577", "jazz": "0.0011916839", "pop": "0.048205186", "raphiphop": "0.56888574", "rock": "0.032341387"}}, {"model_name": "genre_rosamerica", "activations": {"classic": "0.0005955127", "dance": "0.272392", "hip hop": "0.36991787", "jazz": "0.0