{"song_id": "1182275779271340072", "download": "https://cdn.discordapp.com/attachments/1128313332273782784/1182275779271340072/chirp.mp4?ex=65841b1f&amp", "lyrics": "-", "style": ["random"], "essentia_features": {"lowlevel.average_loudness": 0.9510000944137573, "lowlevel.barkbands_crest.mean": 17.146236419677734, "lowlevel.barkbands_crest.stdev": 3.5695128440856934, "lowlevel.barkbands_flatness_db.mean": 0.5471949577331543, "lowlevel.barkbands_flatness_db.stdev": 0.10677025467157364, "lowlevel.barkbands_kurtosis.mean": 11.510210037231445, "lowlevel.barkbands_kurtosis.stdev": 21.60718536376953, "lowlevel.barkbands_skewness.mean": 2.2553679943084717, "lowlevel.barkbands_skewness.stdev": 1.5972816944122314, "lowlevel.barkbands_spread.mean": 1.6217608451843262, "lowlevel.barkbands_spread.stdev": 1.6628482341766357, "lowlevel.dissonance.mean": 0.2711838185787201, "lowlevel.dissonance.stdev": 0.08379653841257095, "lowlevel.dynamic_complexity": 2.1160881519317627, "lowlevel.erbbands_crest.mean": 14.076753616333008, "lowlevel.erbbands_crest.stdev": 5.396016597747803, "lowlevel.erbbands_flatness_db.mean": 0.4395042955875397, "lowlevel.erbbands_flatness_db.stdev": 0.0901908352971077, "lowlevel.erbbands_kurtosis.mean": 2.6222305297851562, "lowlevel.erbbands_kurtosis.stdev": 6.573459148406982, "lowlevel.erbbands_skewness.mean": 1.0477137565612793, "lowlevel.erbbands_skewness.stdev": 1.0356392860412598, "lowlevel.erbbands_spread.mean": 9.160039901733398, "lowlevel.erbbands_spread.stdev": 10.765491485595703, "lowlevel.hfc.mean": 7.939840793609619, "lowlevel.hfc.stdev": 5.239574432373047, "lowlevel.loudness_ebu128.integrated": -18.058170318603516, "lowlevel.loudness_ebu128.loudness_range": 1.9468936920166016, "lowlevel.loudness_ebu128.momentary.mean": -18.40810203552246, "lowlevel.loudness_ebu128.momentary.stdev": 1.7617098093032837, "lowlevel.loudness_ebu128.short_term.mean": -18.0610408782959, "lowlevel.loudness_ebu128.short_term.stdev": 0.7317016124725342, "lowlevel.melbands_crest.mean": 22.38671875, "lowlevel.melbands_crest.stdev": 4.473246097564697, "lowlevel.melbands_flatness_db.mean": 0.6874826550483704, "lowlevel.melbands_flatness_db.stdev": 0.1213693618774414, "lowlevel.melbands_kurtosis.mean": 19.16393280029297, "lowlevel.melbands_kurtosis.stdev": 43.09163284301758, "lowlevel.melbands_skewness.mean": 2.706831455230713, "lowlevel.melbands_skewness.stdev": 1.9204741716384888, "lowlevel.melbands_spread.mean": 1.9507285356521606, "lowlevel.melbands_spread.stdev": 3.3858582973480225, "lowlevel.pitch_salience.mean": 0.32566961646080017, "lowlevel.pitch_salience.stdev": 0.13876743614673615, "lowlevel.silence_rate_20dB.mean": 1.0, "lowlevel.silence_rate_20dB.stdev": 0.0, "lowlevel.silence_rate_30dB.mean": 0.9548088312149048, "lowlevel.silence_rate_30dB.stdev": 0.20772403478622437, "lowlevel.silence_rate_60dB.mean": 0.0023174970410764217, "lowlevel.silence_rate_60dB.stdev": 0.04808520898222923, "lowlevel.spectral_centroid.mean": 219.6659698486328, "lowlevel.spectral_centroid.stdev": 74.00751495361328, "lowlevel.spectral_complexity.mean": 5.752027988433838, "lowlevel.spectral_complexity.stdev": 1.90897536277771, "lowlevel.spectral_decrease.mean": -1.192560361573669e-08, "lowlevel.spectral_decrease.stdev": 7.871642893064745e-09, "lowlevel.spectral_energy.mean": 0.0457301028072834, "lowlevel.spectral_energy.stdev": 0.030162127688527107, "lowlevel.spectral_energyband_high.mean": 1.604604949534405e-05, "lowlevel.spectral_energyband_high.stdev": 6.882428715471178e-05, "lowlevel.spectral_energyband_low.mean": 0.033311329782009125, "lowlevel.spectral_energyband_low.stdev": 0.0261357631534338, "lowlevel.spectral_energyband_middle_high.mean": 0.0002845274284482002, "lowlevel.spectral_energyband_middle_high.stdev": 0.0006016471306793392, "lowlevel.spectral_energyband_middle_low.mean": 0.024145079776644707, "lowlevel.spectral_energyband_middle_low.stdev": 0.02362419106066227, "lowlevel.spectral_entropy.mean": 4.526119232177734, "lowlevel.spectral_entropy.stdev": 0.8064456582069397, "lowlevel.spectral_flux.mean": 0.03208031505346298, "lowlevel.spectral_flux.stdev": 0.04140235856175423, "lowlevel.spectral_kurtosis.mean": 306.33056640625, "lowlevel.spectral_kurtosis.stdev": 166.21250915527344, "lowlevel.spectral_rms.mean": 0.006342547480016947, "lowlevel.spectral_rms.stdev": 0.0020944802090525627, "lowlevel.spectral_rolloff.mean": 247.4038848876953, "lowlevel.spectral_rolloff.stdev": 410.67401123046875, "lowlevel.spectral_skewness.mean": 14.20385456085205, "lowlevel.spectral_skewness.stdev": 4.925692081451416, "lowlevel.spectral_spread.mean": 981764.375, "lowlevel.spectral_spread.stdev": 1329322.875, "lowlevel.spectral_strongpeak.mean": 0.9889509677886963, "lowlevel.spectral_strongpeak.stdev": 0.4440416991710663, "lowlevel.zerocrossingrate.mean": 0.00887138582766056, "lowlevel.zerocrossingrate.stdev": 0.014211617410182953, "metadata.audio_properties.analysis.equal_loudness": 0.0, "metadata.audio_properties.analysis.length": 40.04265213012695, "metadata.audio_properties.analysis.sample_rate": 44100.0, "metadata.audio_properties.analysis.start_time": 0.0, "metadata.audio_properties.bit_rate": 112699.0, "metadata.audio_properties.length": 40.042667388916016, "metadata.audio_properties.lossless": 0.0, "metadata.audio_properties.number_channels": 1.0, "metadata.audio_properties.replay_gain": -7.715290069580078, "metadata.audio_properties.sample_rate": 48000.0, "rhythm.beats_count": 48.0, "rhythm.beats_loudness.mean": 0.08276153355836868, "rhythm.beats_loudness.stdev": 0.03181929886341095, "rhythm.bpm": 72.08036041259766, "rhythm.bpm_histogram_first_peak_bpm": 72.0, "rhythm.bpm_histogram_first_peak_weight": 0.02127659320831299, "rhythm.bpm_histogram_second_peak_bpm": 0.0, "rhythm.bpm_histogram_second_peak_spread": 0.0, "rhythm.bpm_histogram_second_peak_weight": 0.0, "rhythm.danceability": 1.3030369281768799, "rhythm.onset_rate": 1.8474864959716797, "tonal.chords_changes_rate": 0.030092593282461166, "tonal.chords_number_rate": 0.010416666977107525, "tonal.chords_strength.mean": 0.4654488265514374, "tonal.chords_strength.stdev": 0.11436662822961807, "tonal.hpcp_crest.mean": 19.513837814331055, "tonal.hpcp_crest.stdev": 9.093215942382812, "tonal.hpcp_entropy.mean": 1.27538001537323, "tonal.hpcp_entropy.stdev": 0.7170140743255615, "tonal.key_edma.strength": 0.6200757622718811, "tonal.key_krumhansl.strength": 0.6309289336204529, "tonal.key_temperley.strength": 0.6245496869087219, "tonal.tuning_diatonic_strength": 0.5338030457496643, "tonal.tuning_equal_tempered_deviation": 0.06913452595472336, "tonal.tuning_frequency": 438.2245178222656, "tonal.tuning_nontempered_energy_ratio": 0.653587281703949, "lowlevel.barkbands.mean": [5.5103751037677284e-06, 0.0007759477011859417, 0.020516246557235718, 0.01688391901552677, 0.003554140217602253, 0.0020908499136567116, 0.0010496675968170166, 0.00039884302532300353, 0.00013842270709574223, 0.00010813454719027504, 0.00013590941671282053, 1.671322934271302e-05, 8.562411494494881e-06, 7.26052394384169e-06, 3.938289410143625e-06, 4.238260316924425e-06, 3.9149681470007636e-06, 5.2396476348803844e-06, 4.511337010626448e-06, 4.04030015488388e-06, 3.531884203766822e-06, 3.091462758675334e-06, 3.3553430967003806e-06, 2.1307432689354755e-06, 1.192033437291684e-06, 7.61944136229431e-07, 1.5008671994110045e-07], "lowlevel.barkbands.stdev": [1.5804376744199544e-05, 0.0017838689964264631, 0.018118171021342278, 0.022083217278122902, 0.004285188391804695, 0.0018171397969126701, 0.001359789283014834, 0.0006794097716920078, 0.0003868195926770568, 0.00024649404804222286, 0.00037882846663706005, 4.402777267387137e-05, 2.2815704141976312e-05, 1.9005836293217726e-05, 1.6732139556552283e-05, 1.8906803234131075e-05, 1.8834680304280482e-05, 2.4914024834288284e-05, 2.2090953279985115e-05, 1.8193089999840595e-05, 1.5902554878266528e-05, 1.3583184227172751e-05, 1.550839988340158e-05, 9.414951819053385e-06, 6.3566667449777015e-06, 4.9521254368301015e-06, 1.843878408180899e-06], "lowlevel.erbbands.mean": [0.009328670799732208, 0.537777841091156, 15.415079116821289, 53.28837585449219, 25.118623733520508, 12.324647903442383, 8.694947242736816, 18.626209259033203, 17.414478302001953, 13.534594535827637, 4.160165309906006, 4.049490451812744, 2.1818008422851562, 3.421635150909424, 6.530076503753662, 1.0723216533660889, 0.45057761669158936, 0.40408381819725037, 0.22529731690883636, 0.20787936449050903, 0.23068736493587494, 0.23858655989170074, 0.2711215913295746, 0.27286776900291443, 0.21439146995544434, 0.18839183449745178, 0.1563338190317154, 0.12315361946821213, 0.10869954526424408, 0.12448669970035553, 0.083936907351017, 0.05448513850569725, 0.02952255867421627, 0.017243118956685066, 0.0063471063040196896, 0.0029579277615994215, 0.001520712161436677, 0.0004597587394528091, 3.2077645300887525e-05, 5.013364352635108e-05], "lowlevel.erbbands.stdev": [0.014990521594882011, 0.7545566558837891, 13.742293357849121, 53.233882904052734, 36.174259185791016, 13.313506126403809, 8.625871658325195, 15.43659496307373, 20.975881576538086, 18.043550491333008, 6.950191497802734, 11.012009620666504, 5.387578964233398, 8.52741813659668, 18.381580352783203, 2.626166343688965, 1.1270655393600464, 1.030904769897461, 0.7722501754760742, 0.9206525683403015, 1.0153896808624268, 1.112859845161438, 1.2506903409957886, 1.46144437789917, 0.9532672762870789, 0.8344524502754211, 0.7121670842170715, 0.5463652014732361, 0.4799593985080719, 0.5660696625709534, 0.3901851177215576, 0.2423323392868042, 0.1329326331615448, 0.09427487105131149, 0.03431744873523712, 0.019364841282367706, 0.010252867825329304, 0.004119728226214647, 0.00011451741011114791, 3.33489770127926e-05], "lowlevel.gfcc.mean": [-259.72747802734375, 242.8826904296875, 11.696428298950195, -27.2911319732666, -55.32721710205078, -12.483811378479004, -23.29962158203125, -23.29586410522461, -18.60814666748047, -19.077720642089844, -9.30956745147705, -22.72653579711914, -12.68980884552002], "lowlevel.melbands.mean": [0.00011638380237855017, 0.006101624108850956, 0.008001924492418766, 0.0011746874079108238, 0.00032884516986086965, 0.00041550188325345516, 0.00025345879839733243, 0.00013743728050030768, 2.684961145860143e-05, 2.3640903236810118e-05, 1.0221766387985554e-05, 1.360635542368982e-05, 1.856212293205317e-05, 7.655696208530571e-06, 1.0372758652010816e-06, 7.577663723168371e-07, 7.805073209965485e-07, 3.5575172319113335e-07, 3.0104479264991824e-07, 2.71250399919154e-07, 2.657631341662636e-07, 2.34433997547967e-07, 2.458691312767769e-07, 2.473457527685241e-07, 2.212714349525413e-07, 1.602701047431765e-07, 1.5749121473618288e-07, 1.1319465187398237e-07, 1.015912260982077e-07, 7.957275016678977e-08, 6.80315324075309e-08, 6.170307642605621e-08, 5.998614227564758e-08, 7.370875465539939e-08, 5.0719215494154923e-08, 3.6218676058297206e-08, 3.226858424909551e-08, 2.1714630094038512e-08, 1.626756329642376e-08, 1.3855249392236146e-08], "lowlevel.melbands.stdev": [0.0002673304989002645, 0.005034464877098799, 0.007597777992486954, 0.001357791479676962, 0.00032069740700535476, 0.0003487266949377954, 0.0003138525353278965, 0.00019331267685629427, 5.181593951419927e-05, 6.427272455766797e-05, 2.6177205654676072e-05, 3.574722359189764e-05, 5.12900369358249e-05, 2.100059464282822e-05, 2.7631360808300087e-06, 2.0672798655141378e-06, 2.0180095816613175e-06, 1.1890363111888291e-06, 1.3178196240914986e-06, 1.2629294587895856e-06, 1.1952377008128678e-06, 1.1407561260057264e-06, 1.1870366734001436e-06, 1.175817487819586e-06, 1.243068936673808e-06, 7.542020057371701e-07, 7.212659056676785e-07, 5.060020384917152e-07, 4.815391889678722e-07, 3.5858471392202773e-07, 3.060074220684328e-07, 2.799052651880629e-07, 2.696385195122275e-07, 3.412847888739634e-07, 2.373665637378508e-07, 1.729185470367156e-07, 1.428571039241433e-07, 9.850013071854846e-08, 7.785874345245247e-08, 8.334674816978804e-08], "lowlevel.melbands128.mean": [3.0072947083681356e-06, 1.2906084521091543e-05, 4.435619121068157e-05, 0.0005255006835795939, 0.004573723766952753, 0.011914544738829136, 0.01261274702847004, 0.006375765427947044, 0.001691167475655675, 0.0011393992463126779, 0.0006110176327638328, 0.00019685988081619143, 0.00013028294779360294, 0.0006429166533052921, 0.0005066915764473379, 0.0002549064520280808, 0.0002462123811710626, 0.00033045318559743464, 0.00014514628855977207, 0.00015923708269838244, 0.0001426005328539759, 2.4935185138019733e-05, 1.1998396985291038e-05, 2.0134566511842422e-05, 3.655890395748429e-05, 2.100357596646063e-05, 6.015047802065965e-06, 1.1786308277805801e-05, 5.145212526258547e-06, 2.665549072844442e-05, 9.20371530810371e-06, 3.821333848463837e-06, 1.5449735656147823e-05, 4.280074790585786e-05, 4.043125500174938e-06, 1.5095163234946085e-06, 1.4285724319051951e-06, 4.295153530620155e-07, 1.5282034837582614e-06, 9.272812349081505e-07, 4.859435875914642e-07, 5.994938305775577e-07, 8.183944260053977e-07, 1.0110419452757924e-06, 3.044980019240029e-07, 2.4919108909671195e-07, 3.6591421803677804e-07, 3.0757357194488577e-07, 2.815640414155496e-07, 2.5851312557279016e-07, 2.6774233674586867e-07, 2.924215039001865e-07, 2.8129448992331163e-07, 2.62591697719472e-07, 1.8947514490719186e-07, 2.2861118509354128e-07, 2.856078253898886e-07, 2.3429382167705626e-07, 2.3779448099503497e-07, 2.5554803073646326e-07, 2.1672079242307518e-07, 2.926506965650333e-07, 2.2864996651605907e-07, 2.1043689457656e-07, 1.8156070780150912e-07, 1.7331419144284155e-07, 1.3273378840494843e-07, 1.3732932302445988e-07, 1.9636843262560433e-07, 1.333330743591432e-07, 1.1996579019069031e-07, 9.348634222305918e-08, 8.972877907353904e-08, 1.2459564402433898e-07, 8.71495728915761e-08, 7.27011482126727e-08, 8.546447816115688e-08, 6.740918223613335e-08, 6.969445109916705e-08, 5.631904542724442e-08, 7.394222478751544e-08, 5.806850822409615e-08, 5.069506059385276e-08, 5.966681726476963e-08, 6.557645093607789e-08, 7.809645552470101e-08, 7.961499193243071e-08, 6.005980424106383e-08, 4.865314551238953e-08, 4.484786586544942e-08, 3.820483129857166e-08, 3.2054369825118556e-08, 3.508339219138179e-08, 3.506096390992752e-08, 2.9246114863212824e-08, 2.4337449389122412e-08, 2.0790169585893636e-08, 1.654191272848493e-08, 1.6797455870687372e-08, 1.4554513150244475e-08, 1.731933352289161e-08, 1.4018114669056558e-08, 1.033036323150327e-08, 7.634049836724444e-09, 6.591562851099297e-09, 5.354362286880132e-09, 5.984096329569866e-09, 4.970191813669089e-09, 4.635140271602722e-09, 5.389396484645204e-09, 4.511599982492953e-09, 4.035972001048549e-09, 5.605184316692657e-09, 5.303157912806e-09, 3.386952052153447e-09, 4.9573545268799535e-09, 5.669117175699512e-09, 8.091576852997662e-10, 9.641698897611128e-12, 5.016897921400476e-12, 4.8842566276185995e-12, 4.791253765262793e-12, 4.700566758747415e-12, 4.609419183149166e-12, 4.471700787433974e-12, 4.2765435290248455e-12, 4.166468819261082e-12, 4.13366563201123e-12], "lowlevel.melbands128.stdev": [8.85768804437248e-06, 6.643390952376649e-05, 0.00024087115889415145, 0.0012394952354952693, 0.0059760380536317825, 0.01058071106672287, 0.013532604090869427, 0.009428038261830807, 0.003325101686641574, 0.0014447905123233795, 0.0008003252441994846, 0.00041704310569912195, 0.00022317976981867105, 0.0007355549605563283, 0.00047666122554801404, 0.0003678918001241982, 0.0003199643106199801, 0.0005915975198149681, 0.00020485349523369223, 0.00023136052186600864, 0.00026278733275830746, 5.045183206675574e-05, 4.1375402361154556e-05, 7.436711894115433e-05, 0.00011259357415838167, 6.439651770051569e-05, 1.974245606106706e-05, 4.739066571346484e-05, 1.1758858818211593e-05, 7.534140604548156e-05, 2.5590155928512104e-05, 2.2720840206602588e-05, 4.5127017074264586e-05, 0.00013153563486412168, 1.1521536180225667e-05, 6.8693511821038555e-06, 6.583484264410799e-06, 1.927573748616851e-06, 4.40786243416369e-06, 2.785315246001119e-06, 2.0124159618717385e-06, 2.6053469355247216e-06, 2.219453335783328e-06, 2.8270765142224263e-06, 1.2797086128557567e-06, 9.95015966509527e-07, 1.7560125797899673e-06, 1.5086023950061644e-06, 1.4203903901943704e-06, 1.465634341002442e-06, 1.429159738108865e-06, 1.5511590163441724e-06, 1.3969597603136208e-06, 1.3537526228901697e-06, 1.0446456144563854e-06, 1.2844972161474288e-06, 1.6002754819055554e-06, 1.2474469031076296e-06, 1.5717174619567231e-06, 1.3029579122303403e-06, 1.0806364798554569e-06, 1.6999455283439602e-06, 1.3435177379506058e-06, 1.2835437246394577e-06, 1.0380514368080185e-06, 8.971148304226517e-07, 6.344200755847851e-07, 6.501749112430844e-07, 9.915838745655492e-07, 6.345322844936163e-07, 5.72678573007579e-07, 4.4831023160440964e-07, 4.6192602098926727e-07, 6.620416002078855e-07, 4.169306748735835e-07, 3.586443142467033e-07, 4.1311841414426453e-07, 3.356830688971968e-07, 3.403861796869023e-07, 2.5368206024722895e-07, 3.7552166531895637e-07, 2.845252993211034e-07, 2.413129038814077e-07, 2.73040143383696e-07, 3.3713413927216607e-07, 3.8980820704637154e-07, 3.9220148551066814e-07, 2.98747949045719e-07, 2.3906289925434976e-07, 2.2185395209817216e-07, 2.0952018076059176e-07, 1.6264893076822773e-07, 1.7171596766729635e-07, 1.6822562542984087e-07, 1.3561738398948364e-07, 1.1320643267254127e-07, 1.0430451879983593e-07, 8.180136035207397e-08, 8.430401976511348e-08, 7.342129038079293e-08, 1.20940015335691e-07, 9.190792837898698e-08, 5.670697689197368e-08, 4.208282788908946e-08, 4.139959131066462e-08, 3.1715064352511035e-08, 4.045971735422427e-08, 3.3026921641976514e-08, 3.3255957987421425e-08, 4.297057643043445e-08, 3.105683887838495e-08, 2.5271395642789685e-08, 4.194242819721694e-08, 4.1470446632274616e-08, 2.140062171918089e-08, 3.821079985755205e-08, 6.824915743663951e-08, 1.00234895938911e-08, 6.812136271738822e-11, 7.108103168562696e-12, 6.940615616957135e-12, 6.778539535234884e-12, 6.641933964629532e-12, 6.531372664930757e-12, 6.434373433367169e-12, 6.354930904423073e-12, 6.299148702648694e-12, 6.2648341375703964e-12], "lowlevel.mfcc.mean": [-946.1262817382812, 284.45703125, 103.2159194946289, 10.693282127380371, -8.08716106414795, 0.2734202444553375, -2.770888328552246, -9.841715812683105, -12.741310119628906, -8.761322975158691, -7.155365467071533, -7.74929141998291, -8.911667823791504], "lowlevel.spectral_contrast_coeffs.mean": [-0.5049945712089539, -0.6732351779937744, -0.7045140266418457, -0.8229120373725891, -0.8926432728767395, -0.8854978084564209], "lowlevel.spectral_contrast_coeffs.stdev": [0.08206118643283844, 0.050858207046985626, 0.0705014318227768, 0.06254264712333679, 0.027816029265522957, 0.04811229929327965], "lowlevel.spectral_contrast_valleys.mean": [-7.322920799255371, -7.494882583618164, -10.097513198852539, -11.462421417236328, -12.242842674255371, -13.899087905883789], "lowlevel.spectral_contrast_valleys.stdev": [0.8623175621032715, 0.6951761841773987, 1.0055159330368042, 1.2673777341842651, 1.464181661605835, 1.163879632949829], "rhythm.beats_loudness_band_ratio.mean": [0.8901615738868713, 0.09005626291036606, 0.02675231546163559, 0.005452332552522421, 0.002043958520516753, 0.0023975952062755823], "rhythm.beats_loudness_band_ratio.stdev": [0.06914111226797104, 0.06090322509407997, 0.02511664852499962, 0.00932202860713005, 0.0022543331142514944, 0.002966999774798751], "tonal.hpcp.mean": [0.21791693568229675, 0.12175711989402771, 0.0022463758941739798, 0.0021386975422501564, 0.00343624921515584, 0.07621031999588013, 0.1694711297750473, 0.09930264204740524, 0.12204264849424362, 0.27348271012306213, 0.15636250376701355, 0.0016122997039929032, 0.0014242157340049744, 0.0037020775489509106, 0.04864754527807236, 0.23752343654632568, 0.20128881931304932, 0.011869256384670734, 0.0023114283103495836, 0.003287739120423794, 0.1007140725851059, 0.21527226269245148, 0.12208611518144608, 0.020921453833580017, 0.0333414264023304, 0.017096932977437973, 0.0004349861992523074, 0.00044382145279087126, 0.001059102127328515, 0.025508105754852295, 0.05622429400682449, 0.03205160051584244, 0.0007193622295744717, 0.0009373107459396124, 0.002498975954949856, 0.09910840541124344], "tonal.hpcp.stdev": [0.3589293956756592, 0.20297306776046753, 0.03558899462223053, 0.03887108713388443, 0.047445207834243774, 0.18541106581687927, 0.36448025703430176, 0.22333402931690216, 0.20289035141468048, 0.4345208406448364, 0.2517987787723541, 0.021058300510048866, 0.03407055884599686, 0.052849821746349335, 0.12866663932800293, 0.4178151488304138, 0.3604659140110016, 0.08108973503112793, 0.03563582897186279, 0.04169754683971405, 0.19422033429145813, 0.36125096678733826, 0.19730031490325928, 0.08530198037624359, 0.1207432821393013, 0.05288904905319214, 0.002615283476188779, 0.0029950272291898727, 0.008321327157318592, 0.06518422812223434, 0.13462013006210327, 0.0793043002486229, 0.010908360593020916, 0.019928958266973495, 0.042273856699466705, 0.18139515817165375], "rhythm.beats_position": [0.7894784212112427, 1.590566873550415, 2.4148752689361572, 3.250793695449829, 4.086711883544922, 4.922630310058594, 5.746938705444336, 6.571247100830078, 7.40716552734375, 8.243083953857422, 9.079002380371094, 9.914920806884766, 10.750839233398438, 11.586756706237793, 12.411065101623535, 13.235373497009277, 14.07129192352295, 14.907210350036621, 15.743128776550293, 16.57904815673828, 17.414966583251953, 18.250883102416992, 19.075191497802734, 19.911109924316406, 20.73541831970215, 21.57133674621582, 22.407255172729492, 23.243173599243164, 24.079092025756836, 24.915010452270508, 25.75092887878418, 26.58684730529785, 27.411155700683594, 28.247074127197266, 29.071382522583008, 29.90730094909668, 30.74321937561035, 31.579137802124023, 32.41505432128906, 33.250972747802734, 34.07528305053711, 34.89958953857422, 35.73550796508789, 36.57142639160156, 37.407344818115234, 38.243263244628906, 39.07918167114258, 39.91510009765625], "rhythm.bpm_histogram": [0.0, 0.0, 0.0, 0.0, 0.0, 0.0, 0.0, 0.0, 0.0, 0.0, 0.0, 0.0, 0.0, 0.0, 0.0, 0.0, 0.0, 0.0, 0.0, 0.0, 0.0, 0.0, 0.0, 0.0, 0.0, 0.0, 0.0, 0.0, 0.0, 0.0, 0.0, 0.0, 0.0, 0.0, 0.0, 0.0, 0.0, 0.0, 0.0, 0.0, 0.0, 0.0, 0.0, 0.0, 0.0, 0.0, 0.0, 0.0, 0.0, 0.0, 0.0, 0.0, 0.0, 0.0, 0.0, 0.0, 0.0, 0.0, 0.0, 0.0, 0.0, 0.0, 0.0, 0.0, 0.0, 0.0, 0.0, 0.0, 0.0, 0.0, 0.0, 0.0, 0.7446808218955994, 0.23404255509376526, 0.0, 0.021276595070958138, 0.0, 0.0, 0.0, 0.0, 0.0, 0.0, 0.0, 0.0, 0.0, 0.0, 0.0, 0.0, 0.0, 0.0, 0.0, 0.0, 0.0, 0.0, 0.0, 0.0, 0.0, 0.0, 0.0, 0.0, 0.0, 0.0, 0.0, 0.0, 0.0, 0.0, 0.0, 0.0, 0.0, 0.0, 0.0, 0.0, 0.0, 0.0, 0.0, 0.0, 0.0, 0.0, 0.0, 0.0, 0.0, 0.0, 0.0, 0.0, 0.0, 0.0, 0.0, 0.0, 0.0, 0.0, 0.0, 0.0, 0.0, 0.0, 0.0, 0.0, 0.0, 0.0, 0.0, 0.0, 0.0, 0.0, 0.0, 0.0, 0.0, 0.0, 0.0, 0.0, 0.0, 0.0, 0.0, 0.0, 0.0, 0.0, 0.0, 0.0, 0.0, 0.0, 0.0, 0.0, 0.0, 0.0, 0.0, 0.0, 0.0, 0.0, 0.0, 0.0, 0.0, 0.0, 0.0, 0.0, 0.0, 0.0, 0.0, 0.0, 0.0, 0.0, 0.0, 0.0, 0.0, 0.0, 0.0, 0.0, 0.0, 0.0, 0.0, 0.0, 0.0, 0.0, 0.0, 0.0, 0.0, 0.0, 0.0, 0.0, 0.0, 0.0, 0.0, 0.0, 0.0, 0.0, 0.0, 0.0, 0.0, 0.0, 0.0, 0.0, 0.0, 0.0, 0.0, 0.0, 0.0, 0.0, 0.0, 0.0, 0.0, 0.0, 0.0, 0.0, 0.0, 0.0, 0.0, 0.0, 0.0, 0.0, 0.0, 0.0, 0.0, 0.0, 0.0, 0.0, 0.0, 0.0, 0.0, 0.0, 0.0, 0.0, 0.0, 0.0, 0.0, 0.0, 0.0, 0.0, 0.0, 0.0, 0.0, 0.0, 0.0, 0.0], "tonal.chords_histogram": [20.370370864868164, 12.384259223937988, 14.004630088806152, 15.625, 0.8101851940155029, 0.0, 0.0, 0.0, 0.0, 0.0, 0.0, 0.0, 0.0, 0.0, 0.0, 0.0, 2.1990740299224854, 0.0, 0.0, 0.0, 2.430555582046509, 2.0833332538604736, 11.342592239379883, 18.75], "tonal.thpcp": [1.0, 0.5717454552650452, 0.005895435810089111, 0.005207699257880449, 0.013536788523197174, 0.1778816133737564, 0.8685135245323181, 0.7360202670097351, 0.043400391936302185, 0.008451825939118862, 0.012021743692457676, 0.3682648539543152, 0.7871512770652771, 0.4464125633239746, 0.07650009542703629, 0.12191420048475266, 0.06251558661460876, 0.0015905436594039202, 0.0016228501917794347, 0.0038726474158465862, 0.09327136725187302, 0.2055862843990326, 0.1171979010105133, 0.0026303755585104227, 0.003427312709391117, 0.009137601591646671, 0.36239367723464966, 0.7968215942382812, 0.4452095627784729, 0.008213959634304047, 0.007820229046046734, 0.012564776465296745, 0.2786659598350525, 0.6196776628494263, 0.3631039261817932, 0.44625362753868103], "lowlevel.gfcc.cov": [[7425.81982421875, -2462.7177734375, -2531.63525390625, 1292.747802734375, 223.62210083007812, 605.29638671875, -378.9707336425781, 263.1619873046875, -193.32432556152344, 288.87969970703125, -129.3974609375, 331.7642517089844, -228.06936645507812], [-2462.7177734375, 2148.663330078125, 746.7516479492188, -1508.8238525390625, 41.091529846191406, 32.275672912597656, 341.2306213378906, -222.44822692871094, 181.768798828125, -23.751773834228516, 214.97222900390625, -134.68994140625, 142.91957092285156], [-2531.63525390625, 746.7516479492188, 1475.9967041015625, -62.503726959228516, -66.48445892333984, -357.6033935546875, 145.81375122070312, -7.638617515563965, 88.56372833251953, -128.18116760253906, 14.326342582702637, -121.39066314697266, 78.45030975341797], [1292.747802734375, -1508.8238525390625, -62.503726959228516, 1496.057861328125, 15.754324913024902, -229.7642822265625, -227.91476440429688, 219.95542907714844, -62.315673828125, -11.828827857971191, -150.39695739746094, 72.84100341796875, -45.36283493041992], [223.62210083007812, 41.091529846191406, -66.48445892333984, 15.754324913024902, 165.70550537109375, 63.17789840698242, 25.393836975097656, 15.85998821258545, 27.907594680786133, 15.767608642578125, -3.672816514968872, 7.724538803100586, 18.418989181518555], [605.29638671875, 32.275672912597656, -357.6033935546875, -229.7642822265625, 63.17789840698242, 258.59600830078125, 36.140960693359375, -6.255039215087891, 9.551584243774414, 66.35213470458984, 36.160865783691406, 29.495763778686523, -11.671326637268066], [-378.9707336425781, 341.2306213378906, 145.81375122070312, -227.91476440429688, 25.393836975097656, 36.140960693359375, 132.1499786376953, 11.040888786315918, 46.521209716796875, 2.5492565631866455, 36.85911178588867, -22.854982376098633, 12.66656494140625], [263.1619873046875, -222.44822692871094, -7.638617515563965, 219.95542907714844, 15.85998821258545, -6.255039215087891, 11.040888786315918, 106.26358032226562, 33.27436447143555, 31.509157180786133, -8.75473403930664, 23.894821166992188, -14.95436954498291], [-193.32432556152344, 181.768798828125, 88.56372833251953, -62.315673828125, 27.907594680786133, 9.551584243774414, 46.521209716796875, 33.27436447143555, 85.68575286865234, 45.003231048583984, 41.381263732910156, -6.285887241363525, 15.56446361541748], [288.87969970703125, -23.751773834228516, -128.18116760253906, -11.828827857971191, 15.767608642578125, 66.35213470458984, 2.5492565631866455, 31.509157180786133, 45.003231048583984, 91.45276641845703, 47.837913513183594, 33.212158203125, -8.897401809692383], [-129.3974609375, 214.97222900390625, 14.326342582702637, -150.39695739746094, -3.672816514968872, 36.160865783691406, 36.85911178588867, -8.75473403930664, 41.381263732910156, 47.837913513183594, 75.34410858154297, 14.380560874938965, 12.347173690795898], [331.7642517089844, -134.68994140625, -121.39066314697266, 72.84100341796875, 7.724538803100586, 29.495763778686523, -22.854982376098633, 23.894821166992188, -6.285887241363525, 33.212158203125, 14.380560874938965, 54.87158966064453, 3.0449934005737305], [-228.06936645507812, 142.91957092285156, 78.45030975341797, -45.36283493041992, 18.418989181518555, -11.671326637268066, 12.66656494140625, -14.95436954498291, 15.56446361541748, -8.897401809692383, 12.347173690795898, 3.0449934005737305, 50.36262130737305]], "lowlevel.gfcc.icov": [[0.0008425647974945605, -0.0021620248444378376, 0.0011936705559492111, -0.0022491912823170424, 0.0003932694671675563, -0.0019915595185011625, 0.001040712115354836, -0.0009716200875118375, 0.0018676579929888248, -0.0012267392594367266, 0.0029796739108860493, -0.002925190841779113, 0.003562525613233447], [-0.0021620248444378376, 0.021411918103694916, -0.005227736663073301, 0.017771504819393158, -0.007374933455139399, 0.013378567062318325, -0.010594778694212437, 0.009296799078583717, -0.015754712745547295, 0.008312507532536983, -0.0247964970767498, 0.016841549426317215, -0.023781942203640938], [0.0011936705559492111, -0.005227736663073301, 0.0037410808727145195, -0.004949697759002447, 0.001721300184726715, -0.0018648655386641622, 0.000848390453029424, -0.0023323544301092625, 0.0030012018978595734, -0.0010939427884295583, 0.005501852836459875, -0.0038283169269561768, 0.005749277304857969], [-0.0022491912823170424, 0.017771504819393158, -0.004949697759002447, 0.01765073649585247, -0.007124919909983873, 0.013170208781957626, -0.0048064072616398335, 0.0013758657732978463, -0.010418755933642387, 0.006477396935224533, -0.020424723625183105, 0.0155839454382658, -0.021304339170455933], [0.0003932694671675563, -0.007374933455139399, 0.001721300184726715, -0.007124919909983873, 0.011739772744476795, -0.00700369430705905, 0.00025059617473743856, 0.0007312275702133775, -0.0006627091788686812, -0.002396180061623454, 0.01365645695477724, -0.007784679997712374, 0.0047522601671516895], [-0.0019915595185011625, 0.013378567062318325, -0.0018648655386641622, 0.013170208781957626, -0.00700369430705905, 0.019422175362706184, -0.009558812715113163, 0.004397841636091471, -0.006365599110722542, -4.6087759983493015e-05, -0.015537476167082787, 0.01220285426825285, -0.016414044424891472], [0.001040712115354836, -0.010594778694212437, 0.000848390453029424, -0.0048064072616398335, 0.00025059617473743856, -0.009558812715113163, 0.027898630127310753, -0.02054145187139511, 0.009835262782871723, 0.0030897678807377815, 0.001724360277876258, -0.00016764829342719167, 0.010798740200698376], [-0.0009716200875118375, 0.009296799078583717, -0.0023323544301092625, 0.0013758657732978463, 0.0007312275702133775, 0.004397841636091471, -0.02054145187139511, 0.04348069056868553, -0.030288798734545708, 0.002039715414866805, 0.005803094245493412, -0.014590331353247166, 0.0020992683712393045], [0.0018676579929888248, -0.015754712745547295, 0.0030012018978595734, -0.010418755933642387, -0.0006627091788686812, -0.006365599110722542, 0.009835262782871723, -0.030288798734545708, 0.060542572289705276, -0.029536083340644836, 0.004019090440124273, 0.015034379437565804, 0.0005840494995936751], [-0.0012267392594367266, 0.008312507532536983, -0.0010939427884295583, 0.006477396935224533, -0.002396180061623454, -4.6087759983493015e-05, 0.0030897678807377815, 0.002039715414866805, -0.029536083340644836, 0.04814038798213005, -0.02752658724784851, -0.007963277399539948, 0.003950870130211115], [0.0029796739108860493, -0.0247964970767498, 0.005501852836459875, -0.020424723625183105, 0.01365645695477724, -0.015537476167082787, 0.001724360277876258, 0.005803094245493412, 0.004019090440124273, -0.02752658724784851, 0.07335690408945084, -0.03862467035651207, 0.02783377282321453], [-0.002925190841779113, 0.016841549426317215, -0.0038283169269561768, 0.0155839454382658, -0.007784679997712374, 0.01220285426825285, -0.00016764829342719167, -0.014590331353247166, 0.015034379437565804, -0.007963277399539948, -0.03862467035651207, 0.06781741976737976, -0.040338996797800064], [0.003562525613233447, -0.023781942203640938, 0.005749277304857969, -0.021304339170455933, 0.0047522601671516895, -0.016414044424891472, 0.010798740200698376, 0.0020992683712393045, 0.0005840494995936751, 0.003950870130211115, 0.02783377282321453, -0.040338996797800064, 0.06383068859577179]], "lowlevel.mfcc.cov": [[8359.3583984375, -2957.031494140625, -2462.23779296875, 167.82196044921875, 531.3364868164062, 487.2381591796875, 27.311071395874023, 201.27609252929688, 9.417949676513672, 94.23051452636719, 10.56982135772705, 130.2819366455078, 225.20008850097656], [-2957.031494140625, 2883.126953125, 539.3993530273438, -1143.2489013671875, -412.947021484375, 54.49021911621094, 153.57894897460938, -100.80835723876953, 43.376190185546875, 24.248746871948242, 80.10549926757812, 57.1892204284668, 63.24542236328125], [-2462.23779296875, 539.3993530273438, 1066.0823974609375, 311.4239196777344, -101.6184310913086, -207.39358520507812, -35.293277740478516, -36.40982437133789, 3.489654064178467, -12.443099975585938, 12.760275840759277, -26.697769165039062, -66.0914535522461], [167.82196044921875, -1143.2489013671875, 311.4239196777344, 1062.94873046875, 310.9118957519531, -166.85537719726562, -116.49666595458984, 62.278465270996094, 35.31222915649414, 11.494117736816406, -21.355941772460938, -36.15332794189453, -63.16409683227539], [531.3364868164062, -412.947021484375, -101.6184310913086, 310.9118957519531, 213.84434509277344, 35.50110626220703, -23.373607635498047, 32.490478515625, 38.64210891723633, 31.904415130615234, 3.7010505199432373, -1.7793493270874023, -1.2854512929916382], [487.2381591796875, 54.49021911621094, -207.39358520507812, -166.85537719726562, 35.50110626220703, 140.85220336914062, 53.0023193359375, 5.762099266052246, 14.272119522094727, 32.001522064208984, 20.771318435668945, 22.05222511291504, 31.141843795776367], [27.311071395874023, 153.57894897460938, -35.293277740478516, -116.49666595458984, -23.373607635498047, 53.0023193359375, 67.70490264892578, 26.086835861206055, 16.242849349975586, 14.141167640686035, 17.732067108154297, 19.294130325317383, 22.30224609375], [201.27609252929688, -100.80835723876953, -36.40982437133789, 62.278465270996094, 32.490478515625, 5.762099266052246, 26.086835861206055, 62.49155807495117, 42.76243209838867, 17.123279571533203, 3.608595132827759, 10.517159461975098, 14.871867179870605], [9.417949676513672, 43.376190185546875, 3.489654064178467, 35.31222915649414, 38.64210891723633, 14.272119522094727, 16.242849349975586, 42.76243209838867, 72.81102752685547, 48.35422134399414, 20.305967330932617, 12.309988021850586, 18.40135383605957], [94.23051452636719, 24.248746871948242, -12.443099975585938, 11.494117736816406, 31.904415130615234, 32.001522064208984, 14.141167640686035, 17.123279571533203, 48.35422134399414, 67.9124755859375, 48.55967712402344, 28.39339256286621, 25.139230728149414], [10.56982135772705, 80.10549926757812, 12.760275840759277, -21.355941772460938, 3.7010505199432373, 20.771318435668945, 17.732067108154297, 3.608595132827759, 20.305967330932617, 48.55967712402344, 68.52853393554688, 51.99374008178711, 36.15434265136719], [130.2819366455078, 57.1892204284668, -26.697769165039062, -36.15332794189453, -1.7793493270874023, 22.05222511291504, 19.294130325317383, 10.517159461975098, 12.309988021850586, 28.39339256286621, 51.99374008178711, 69.76883697509766, 58.97380447387695], [225.20008850097656, 63.24542236328125, -66.0914535522461, -63.16409683227539, -1.2854512929916382, 31.141843795776367, 22.30224609375, 14.871867179870605, 18.40135383605957, 25.139230728149414, 36.15434265136719, 58.97380447387695, 79.04924774169922]], "lowlevel.mfcc.icov": [[0.0009132078266702592, 0.00047196034574881196, 0.0015627683605998755, -0.00030658068135380745, 0.0003570292901713401, -0.0014615074032917619, 0.0011461620451882482, -0.0021339820232242346, 0.0019229293102398515, -0.001297480659559369, 0.00022009588428772986, 6.889957876410335e-05, -0.0014449639711529016], [0.00047196034574881196, 0.001984188100323081, -0.0006306007271632552, 0.0027147165965288877, -0.0021039096172899008, 0.0015478278510272503, -0.002272386336699128, 0.002662176266312599, -0.003121629124507308, 0.001095619285479188, -0.00021898640261497349, -0.0007528553833253682, -0.0007537666242569685], [0.0015627683605998755, -0.0006306007271632552, 0.0060087270103394985, -0.004457996692508459, 0.004858990199863911, -0.0025919172912836075, 0.0009022892918437719, -0.001663503935560584, 0.0024357461370527744, -0.0018108022632077336, -0.0008218724397011101, 0.0006734976195730269, -0.0014451334718614817], [-0.00030658068135380745, 0.0027147165965288877, -0.004457996692508459, 0.010431911796331406, -0.013059786520898342, 0.010512711480259895, -0.002964263316243887, -0.00011933564383070916, 0.0003069572558160871, -0.0025620225351303816, 0.00229732901789248, -0.0029186673928052187, 0.0016846745274960995], [0.0003570292901713401, -0.0021039096172899008, 0.004858990199863911, -0.013059786520898342, 0.026323849335312843, -0.019769230857491493, 0.011180071160197258, -0.002369497437030077, -0.006847701966762543, 0.006238203961402178, -0.005830527748912573, 0.004313272424042225, -0.001139968167990446], [-0.0014615074032917619, 0.0015478278510272503, -0.0025919172912836075, 0.010512711480259895, -0.019769230857491493, 0.03680264204740524, -0.027718907222151756, 0.01717124879360199, 0.0004241954302415252, -0.014808318577706814, 0.012518760748207569, -0.007235290482640266, 0.003210918977856636], [0.0011461620451882482, -0.002272386336699128, 0.0009022892918437719, -0.002964263316243887, 0.011180071160197258, -0.027718907222151756, 0.05439149960875511, -0.040533509105443954, 0.01408360805362463, 0.005351873114705086, -0.01535683311522007, 0.009285063482820988, -0.0045631336979568005], [-0.0021339820232242346, 0.002662176266312599, -0.001663503935560584, -0.00011933564383070916, -0.002369497437030077, 0.01717124879360199, -0.040533509105443954, 0.07332275807857513, -0.051334165036678314, 0.01889924332499504, 0.008543307892978191, -0.014302284456789494, 0.0060033611953258514], [0.0019229293102398515, -0.003121629124507308, 0.0024357461370527744, 0.0003069572558160871, -0.006847701966762543, 0.0004241954302415252, 0.01408360805362463, -0.051334165036678314, 0.08084086328744888, -0.060183726251125336, 0.02194851264357567, 0.0046060881577432156, -0.008446628227829933], [-0.001297480659559369, 0.001095619285479188, -0.0018108022632077336, -0.0025620225351303816, 0.006238203961402178, -0.014808318577706814, 0.005351873114705086, 0.01889924332499504, -0.060183726251125336, 0.09618056565523148, -0.06673947721719742, 0.025259261950850487, -0.004769323859363794], [0.00022009588428772986, -0.00021898640261497349, -0.0008218724397011101, 0.00229732901789248, -0.005830527748912573, 0.012518760748207569, -0.01535683311522007, 0.008543307892978191, 0.02194851264357567, -0.06673947721719742, 0.09515026956796646, -0.06389781087636948, 0.018662508577108383], [6.889957876410335e-05, -0.0007528553833253682, 0.0006734976195730269, -0.0029186673928052187, 0.004313272424042225, -0.007235290482640266, 0.009285063482820988, -0.014302284456789494, 0.0046060881577432156, 0.025259261950850487, -0.06389781087636948, 0.09121736139059067, -0.046303581446409225], [-0.0014449639711529016, -0.0007537666242569685, -0.0014451334718614817, 0.0016846745274960995, -0.001139968167990446, 0.003210918977856636, -0.0045631336979568005, 0.0060033611953258514, -0.008446628227829933, -0.004769323859363794, 0.018662508577108383, -0.046303581446409225, 0.045873936265707016]], "metadata.audio_properties.analysis.downmix": "mix", "metadata.audio_properties.codec": "mp3", "metadata.audio_properties.md5_encoded": "9cb5f1502fca9079db35acd9f8c682e3", "metadata.tags.file_name": "1182275779271340072.mp3", "metadata.version.essentia": "2.1-beta6-dev", "metadata.version.essentia_git_sha": "v2.1_beta5-1110-g77a6a954", "metadata.version.extractor": "music 2.0", "tonal.chords_key": "A", "tonal.chords_scale": "minor", "tonal.key_edma.key": "A", "tonal.key_edma.scale": "minor", "tonal.key_krumhansl.key": "A", "tonal.key_krumhansl.scale": "minor", "tonal.key_temperley.key": "A", "tonal.key_temperley.scale": "minor", "metadata.tags.encoding": ["Lavf58.45.100"]}, "essentia_models": [{"model_name": "genre_dortmund", "activations": {"alternative": "0.20863463", "blues": "0.0031791504", "electronic": "0.5276878", "folkcountry": "0.019386418", "funksoulrnb": "0.0070709395", "jazz": "0.08460403", "pop": "0.028982112", "raphiphop": "0.00968182", "rock": "0.023632726"}}, {"model_name": "genre_rosamerica", "activations": {"classic": "0.18637739", "dance": "0.009401277", "hip hop": "0.016993383", "jazz": "0.12512527", "pop": "0.1326131", "rhythm and blues": "0.03602205", "rock": "0.11251092", "speech": "0.0071721454"}}, {"model_name": "genre_tzanetakis", "activations": {"blues": "0.011827567", "classic": "0.2628474", "country": "0.018379744", "di