{"song_id": "1182278389671927848", "download": "https://cdn.discordapp.com/attachments/1128313332273782784/1182278389671927848/chirp.mp4?ex=65841d8d&amp", "lyrics": "-", "style": ["match rock</span><span>, post hardcore"], "essentia_features": {"lowlevel.average_loudness": 0.9071161150932312, "lowlevel.barkbands_crest.mean": 13.73361873626709, "lowlevel.barkbands_crest.stdev": 5.006049633026123, "lowlevel.barkbands_flatness_db.mean": 0.17414724826812744, "lowlevel.barkbands_flatness_db.stdev": 0.07050370424985886, "lowlevel.barkbands_kurtosis.mean": 13.14067268371582, "lowlevel.barkbands_kurtosis.stdev": 19.81416130065918, "lowlevel.barkbands_skewness.mean": 2.587725877761841, "lowlevel.barkbands_skewness.stdev": 1.9723484516143799, "lowlevel.barkbands_spread.mean": 20.952667236328125, "lowlevel.barkbands_spread.stdev": 19.90276336669922, "lowlevel.dissonance.mean": 0.4474647641181946, "lowlevel.dissonance.stdev": 0.034413620829582214, "lowlevel.dynamic_complexity": 3.317997932434082, "lowlevel.erbbands_crest.mean": 8.639362335205078, "lowlevel.erbbands_crest.stdev": 3.282627820968628, "lowlevel.erbbands_flatness_db.mean": 0.14546097815036774, "lowlevel.erbbands_flatness_db.stdev": 0.05938173457980156, "lowlevel.erbbands_kurtosis.mean": 0.3557623326778412, "lowlevel.erbbands_kurtosis.stdev": 1.8377816677093506, "lowlevel.erbbands_skewness.mean": 0.42309850454330444, "lowlevel.erbbands_skewness.stdev": 0.7904874086380005, "lowlevel.erbbands_spread.mean": 46.5129280090332, "lowlevel.erbbands_spread.stdev": 27.019725799560547, "lowlevel.hfc.mean": 14.906135559082031, "lowlevel.hfc.stdev": 34.484962463378906, "lowlevel.loudness_ebu128.integrated": -21.20991325378418, "lowlevel.loudness_ebu128.loudness_range": 2.163837432861328, "lowlevel.loudness_ebu128.momentary.mean": -21.764108657836914, "lowlevel.loudness_ebu128.momentary.stdev": 2.3264577388763428, "lowlevel.loudness_ebu128.short_term.mean": -21.40592384338379, "lowlevel.loudness_ebu128.short_term.stdev": 0.7075091004371643, "lowlevel.melbands_crest.mean": 18.067110061645508, "lowlevel.melbands_crest.stdev": 5.5852508544921875, "lowlevel.melbands_flatness_db.mean": 0.2673596441745758, "lowlevel.melbands_flatness_db.stdev": 0.09568358957767487, "lowlevel.melbands_kurtosis.mean": 34.82746505737305, "lowlevel.melbands_kurtosis.stdev": 57.067195892333984, "lowlevel.melbands_skewness.mean": 3.955242395401001, "lowlevel.melbands_skewness.stdev": 2.883514642715454, "lowlevel.melbands_spread.mean": 17.46963119506836, "lowlevel.melbands_spread.stdev": 22.36507797241211, "lowlevel.pitch_salience.mean": 0.42407485842704773, "lowlevel.pitch_salience.stdev": 0.1338995397090912, "lowlevel.silence_rate_20dB.mean": 1.0, "lowlevel.silence_rate_20dB.stdev": 0.0, "lowlevel.silence_rate_30dB.mean": 0.9571263194084167, "lowlevel.silence_rate_30dB.stdev": 0.2025732696056366, "lowlevel.silence_rate_60dB.mean": 0.13209733366966248, "lowlevel.silence_rate_60dB.stdev": 0.33859822154045105, "lowlevel.spectral_centroid.mean": 1156.8616943359375, "lowlevel.spectral_centroid.stdev": 884.292236328125, "lowlevel.spectral_complexity.mean": 11.706836700439453, "lowlevel.spectral_complexity.stdev": 10.207182884216309, "lowlevel.spectral_decrease.mean": -5.290881510688905e-09, "lowlevel.spectral_decrease.stdev": 1.0469166866755586e-08, "lowlevel.spectral_energy.mean": 0.021321028470993042, "lowlevel.spectral_energy.stdev": 0.04099477082490921, "lowlevel.spectral_energyband_high.mean": 0.0011412458261474967, "lowlevel.spectral_energyband_high.stdev": 0.0035693359095603228, "lowlevel.spectral_energyband_low.mean": 0.014846197329461575, "lowlevel.spectral_energyband_low.stdev": 0.037847522646188736, "lowlevel.spectral_energyband_middle_high.mean": 0.0017830488504841924, "lowlevel.spectral_energyband_middle_high.stdev": 0.003800078062340617, "lowlevel.spectral_energyband_middle_low.mean": 0.0038333171978592873, "lowlevel.spectral_energyband_middle_low.stdev": 0.0037348943296819925, "lowlevel.spectral_entropy.mean": 7.302123546600342, "lowlevel.spectral_entropy.stdev": 0.6309382319450378, "lowlevel.spectral_flux.mean": 0.05621389299631119, "lowlevel.spectral_flux.stdev": 0.08406595885753632, "lowlevel.spectral_kurtosis.mean": 7.418684005737305, "lowlevel.spectral_kurtosis.stdev": 7.844934463500977, "lowlevel.spectral_rms.mean": 0.003739642444998026, "lowlevel.spectral_rms.stdev": 0.002610761672258377, "lowlevel.spectral_rolloff.mean": 1236.5240478515625, "lowlevel.spectral_rolloff.stdev": 1983.116943359375, "lowlevel.spectral_skewness.mean": 1.8429778814315796, "lowlevel.spectral_skewness.stdev": 0.9201379418373108, "lowlevel.spectral_spread.mean": 4782149.0, "lowlevel.spectral_spread.stdev": 2262041.0, "lowlevel.spectral_strongpeak.mean": 0.439117431640625, "lowlevel.spectral_strongpeak.stdev": 0.3919951021671295, "lowlevel.zerocrossingrate.mean": 0.057348717004060745, "lowlevel.zerocrossingrate.stdev": 0.052744556218385696, "metadata.audio_properties.analysis.equal_loudness": 0.0, "metadata.audio_properties.analysis.length": 40.04265213012695, "metadata.audio_properties.analysis.sample_rate": 44100.0, "metadata.audio_properties.analysis.start_time": 0.0, "metadata.audio_properties.bit_rate": 123669.0, "metadata.audio_properties.length": 40.042667388916016, "metadata.audio_properties.lossless": 0.0, "metadata.audio_properties.number_channels": 1.0, "metadata.audio_properties.replay_gain": -7.779256820678711, "metadata.audio_properties.sample_rate": 48000.0, "rhythm.beats_count": 74.0, "rhythm.beats_loudness.mean": 0.0539088100194931, "rhythm.beats_loudness.stdev": 0.035076696425676346, "rhythm.bpm": 111.98200225830078, "rhythm.bpm_histogram_first_peak_bpm": 112.0, "rhythm.bpm_histogram_first_peak_weight": 0.1527777910232544, "rhythm.bpm_histogram_second_peak_bpm": 120.0, "rhythm.bpm_histogram_second_peak_spread": 0.0, "rhythm.bpm_histogram_second_peak_weight": 0.013698630034923553, "rhythm.danceability": 1.4844682216644287, "rhythm.onset_rate": 3.8697352409362793, "tonal.chords_changes_rate": 0.039351850748062134, "tonal.chords_number_rate": 0.0069444444961845875, "tonal.chords_strength.mean": 0.5605866312980652, "tonal.chords_strength.stdev": 0.0948268249630928, "tonal.hpcp_crest.mean": 16.997262954711914, "tonal.hpcp_crest.stdev": 6.994905948638916, "tonal.hpcp_entropy.mean": 1.6889973878860474, "tonal.hpcp_entropy.stdev": 0.6737155318260193, "tonal.key_edma.strength": 0.7090031504631042, "tonal.key_krumhansl.strength": 0.7074689269065857, "tonal.key_temperley.strength": 0.6979939937591553, "tonal.tuning_diatonic_strength": 0.5367448329925537, "tonal.tuning_equal_tempered_deviation": 0.10949698090553284, "tonal.tuning_frequency": 437.7185363769531, "tonal.tuning_nontempered_energy_ratio": 0.7665835618972778, "lowlevel.barkbands.mean": [0.00023502105614170432, 0.01039966195821762, 0.003955227322876453, 0.0005733786383643746, 0.0004866417730227113, 0.0013851335970684886, 0.0007344637415371835, 0.0002796413900796324, 0.0003489368536975235, 0.0001142581386375241, 0.00021108936925884336, 8.953552605817094e-05, 0.00013302269508130848, 0.00011152260412927717, 0.00011512568016769364, 0.00012587429955601692, 0.0002007657167268917, 0.00016631845210213214, 0.00029254864784888923, 0.0005487437592819333, 0.0002757919137366116, 0.00011460780660854653, 9.19690792215988e-05, 4.56470952485688e-05, 5.1932995120296255e-05, 0.00020560740085784346, 2.858311199815944e-05], "lowlevel.barkbands.stdev": [0.0011438605142757297, 0.0340350866317749, 0.007837546989321709, 0.0010569954756647348, 0.0012733567273244262, 0.0017697816947475076, 0.0010021813213825226, 0.0006159440381452441, 0.0008615247206762433, 0.00024146381474565715, 0.00024050482898019254, 0.00016612064791843295, 0.00023303713533096015, 0.0002070533810183406, 0.00024161410692613572, 0.00035954249324277043, 0.0005522585706785321, 0.0006414946401491761, 0.0010458782780915499, 0.002133310306817293, 0.001013143453747034, 0.00038604947621934116, 0.00023558060638606548, 0.00011959117546211928, 0.00014966621529310942, 0.0006101141916587949, 8.460713434033096e-05], "lowlevel.erbbands.mean": [0.24541836977005005, 2.4938201904296875, 5.313009738922119, 2.6219561100006104, 1.8669984340667725, 1.6636097431182861, 3.92414927482605, 13.90286922454834, 13.269472122192383, 8.126269340515137, 4.140205383300781, 9.81987190246582, 3.03283429145813, 5.259849548339844, 8.731782913208008, 4.300248622894287, 6.587086200714111, 4.88369083404541, 7.391918182373047, 5.174926280975342, 8.562623023986816, 10.948310852050781, 9.218912124633789, 14.496846199035645, 16.267610549926758, 24.46540069580078, 17.284156799316406, 7.919432640075684, 4.501195907592773, 3.350201368331909, 2.22672700881958, 1.0844323635101318, 0.7815911769866943, 0.45363470911979675, 0.44482824206352234, 0.5860611200332642, 0.3945196866989136, 0.1264544576406479, 0.0028845681808888912, 9.149108518613502e-05], "lowlevel.erbbands.stdev": [1.0869758129119873, 7.169002532958984, 9.35783576965332, 4.61075496673584, 4.28174352645874, 4.065192699432373, 5.563843250274658, 17.01953125, 17.600500106811523, 12.823912620544434, 6.887490272521973, 23.88679313659668, 6.416660308837891, 9.215230941772461, 9.88037395477295, 6.892572402954102, 10.88628101348877, 9.043966293334961, 12.454838752746582, 12.325247764587402, 24.258203506469727, 31.475526809692383, 33.96730041503906, 50.50838851928711, 61.82876968383789, 98.68565368652344, 66.12939453125, 27.80838966369629, 15.237481117248535, 9.875866889953613, 5.66912841796875, 2.6916089057922363, 2.115128517150879, 1.3558062314987183, 1.3363853693008423, 1.8536038398742676, 1.164650797843933, 0.3638494908809662, 0.008088411763310432, 0.00021321795065887272], "lowlevel.gfcc.mean": [-61.819576263427734, 94.5865249633789, -88.37689208984375, 22.93523597717285, -39.353668212890625, 2.447603225708008, -20.049728393554688, 6.6971564292907715, -16.26782989501953, 14.838939666748047, -11.016478538513184, 11.858651161193848, -18.670942306518555], "lowlevel.melbands.mean": [0.002590891905128956, 0.002894485369324684, 0.00046381380525417626, 0.00012377332313917577, 0.00012786706793121994, 0.0002992460795212537, 0.00019215319480281323, 8.398797217523679e-05, 3.515841672196984e-05, 5.860515375388786e-05, 1.2933011930726934e-05, 2.0192068404867314e-05, 2.9089052986819297e-05, 1.3532369848689996e-05, 1.3049118933849968e-05, 1.2369471733109094e-05, 9.036396477313247e-06, 1.2350833458185662e-05, 7.553341674793046e-06, 7.235471002786653e-06, 1.0613644917611964e-05, 1.1990147868345957e-05, 9.079134542844258e-06, 7.795754754624795e-06, 1.251163484994322e-05, 9.663563105277717e-06, 1.5089016415004153e-05, 1.6939784472924657e-05, 1.2717503523163032e-05, 6.660434792138403e-06, 3.7683555547118885e-06, 2.741111075010849e-06, 1.7919021502166288e-06, 1.9268024971097475e-06, 1.3502778983820463e-06, 9.888415206660284e-07, 5.268774430078338e-07, 5.625928451991058e-07, 4.828052055927401e-07, 3.4351967315160437e-07], "lowlevel.melbands.stdev": [0.009759456850588322, 0.005514462478458881, 0.0008061202825047076, 0.00033104902831837535, 0.00017354641749989241, 0.00037290313048288226, 0.00025626260321587324, 0.00014966736489441246, 6.134436989668757e-05, 0.00014834743342362344, 2.7618407330010086e-05, 3.90861532650888e-05, 3.1981700885808095e-05, 2.0944111383869313e-05, 2.0122262867516838e-05, 2.3480226445826702e-05, 1.729342511680443e-05, 1.994199919863604e-05, 1.704848364170175e-05, 1.87657442438649e-05, 3.1378505809698254e-05, 3.3805252314778045e-05, 3.402470611035824e-05, 2.9447061024256982e-05, 4.407137748785317e-05, 3.976978769060224e-05, 6.07582442171406e-05, 7.155615458032116e-05, 5.007740401197225e-05, 2.501686140021775e-05, 1.3963161109131761e-05, 9.778682397154626e-06, 5.968850018689409e-06, 5.63932644581655e-06, 3.624093778853421e-06, 2.449647354296758e-06, 1.4209560958988732e-06, 1.5647531199647347e-06, 1.3712742656935006e-06, 1.102244254980178e-06], "lowlevel.melbands128.mean": [0.00021767349971923977, 0.0015971058746799827, 0.003690674901008606, 0.004318436607718468, 0.0033589762169867754, 0.0015841545537114143, 0.00047068341518752277, 0.0002942394930869341, 0.0001608530292287469, 0.00013043619401287287, 8.213963883463293e-05, 5.9624559071380645e-05, 7.185395952546969e-05, 0.0002854003105312586, 0.00039286920218728483, 0.0002587484195828438, 0.00020759353355970234, 0.0002276401501148939, 0.0001085906260414049, 7.56166409701109e-05, 9.39802048378624e-05, 2.5266055672545917e-05, 1.587038605066482e-05, 4.96803768328391e-05, 9.259070793632418e-05, 5.372743180487305e-05, 9.093051630770788e-06, 1.0970605217153206e-05, 7.280205863935407e-06, 2.701041375985369e-05, 1.792420334822964e-05, 2.087594839395024e-05, 3.255085903219879e-05, 4.003698632004671e-05, 1.0189398381044157e-05, 8.672664080222603e-06, 1.0432879207655787e-05, 8.985450222098734e-06, 2.0811356080230325e-05, 1.5142125448619481e-05, 1.0757520612969529e-05, 6.727697382302722e-06, 6.882517936901422e-06, 9.737528671394102e-06, 1.6177096767933108e-05, 1.0167716936848592e-05, 1.3949277672509197e-05, 6.503104486910161e-06, 4.774855369760189e-06, 7.81592279963661e-06, 6.302997917373432e-06, 8.256921319116373e-06, 1.0516143447603099e-05, 1.1878853911184706e-05, 1.125368544308003e-05, 1.4526816812576726e-05, 8.953502401709557e-06, 1.0357493010815233e-05, 8.513843567925505e-06, 7.6171854743734e-06, 6.888998541398905e-06, 7.913927220215555e-06, 1.4278534763434436e-05, 1.4006957826495636e-05, 8.464370694127865e-06, 9.746167052071542e-06, 9.766012226464227e-06, 1.2451935617718846e-05, 1.896893445518799e-05, 1.3864710126654245e-05, 1.787531073205173e-05, 1.6942542060860433e-05, 1.8000750060309656e-05, 1.16198934847489e-05, 7.593530426674988e-06, 7.04225658409996e-06, 6.525483058794634e-06, 3.907091468136059e-06, 3.747370328710531e-06, 2.908228225351195e-06, 3.3644271297816886e-06, 2.529993935240782e-06, 1.6511747844560887e-06, 1.8632056253409246e-06, 1.6535543636564398e-06, 1.904299210764293e-06, 2.1357043351599714e-06, 1.7552328017700347e-06, 1.3305749462233507e-06, 1.0186018926106044e-06, 1.0904168448178098e-06, 1.1034014733013464e-06, 5.527192570298212e-07, 4.7037033823471575e-07, 4.877269361713843e-07, 6.634004421357531e-07, 5.12655901729886e-07, 5.384937935559719e-07, 5.417470561042137e-07, 4.6184467805687746e-07, 2.74547460321628e-07, 3.7066814684294513e-07, 3.321191570648807e-07, 3.9515424532510224e-07, 4.4290121081758116e-07, 5.295259484228154e-07, 7.536207817793183e-07, 7.057610105221102e-07, 1.1735091902664863e-06, 1.2840764611610211e-06, 1.1745778465410694e-06, 9.439449968340341e-07, 1.3264021845316165e-06, 1.4644933798990678e-06, 1.4805563068875927e-06, 1.6313927062583389e-06, 1.1571689810807584e-06, 1.88504770903819e-07, 1.393599347032648e-09, 3.237241030795701e-10, 3.765038281144939e-10, 3.7008236752900103e-11, 2.585803316260127e-12, 2.4777296100259028e-12, 2.345169848247397e-12, 2.1654178016666803e-12, 2.06346311565353e-12, 2.035861063065525e-12], "lowlevel.melbands128.stdev": [0.0010838169837370515, 0.008054545149207115, 0.015144501812756062, 0.011100648902356625, 0.0057604070752859116, 0.0031825904734432697, 0.0008666301728226244, 0.0005550988134928048, 0.000452537031378597, 0.0005381925730034709, 0.00018718118371907622, 0.00011419536895118654, 0.0001573282788740471, 0.0004211240739095956, 0.0005242935731075704, 0.00044733102549798787, 0.0003995715524069965, 0.0004207543679513037, 0.00018366736185271293, 0.00015222355432342738, 0.00023728699306957424, 5.446658542496152e-05, 5.145887553226203e-05, 0.00013609739835374057, 0.00022932718275114894, 0.00019875011639669538, 2.798003697535023e-05, 3.0241251806728542e-05, 1.507059369032504e-05, 7.469404226867482e-05, 3.8014371966710314e-05, 3.29259128193371e-05, 4.51919186161831e-05, 6.390966882463545e-05, 2.4793918782961555e-05, 2.1300615117070265e-05, 2.3507333025918342e-05, 2.0082559785805643e-05, 4.178902236162685e-05, 2.7552521714824252e-05, 3.171746720909141e-05, 1.9256738596595824e-05, 1.717165287118405e-05, 2.0397363186930306e-05, 3.3212611015187576e-05, 2.0368035620776936e-05, 3.271200694143772e-05, 1.927544508362189e-05, 1.6979114661808126e-05, 2.0204406609991565e-05, 1.843418249336537e-05, 2.677638804016169e-05, 3.795351949520409e-05, 3.843072408926673e-05, 3.566090526874177e-05, 4.548310607788153e-05, 3.262585960328579e-05, 3.924964039470069e-05, 4.018639083369635e-05, 3.4657201467780396e-05, 2.8965883757336996e-05, 3.2547097362112254e-05, 5.8899622672470286e-05, 5.002632678952068e-05, 4.538668508757837e-05, 4.7032790462253615e-05, 4.097842611372471e-05, 5.7290279073640704e-05, 8.349584095412865e-05, 6.337789818644524e-05, 9.351076005259529e-05, 7.514050230383873e-05, 7.817023288225755e-05, 4.853007339988835e-05, 3.349124381202273e-05, 3.022802593477536e-05, 2.4390306862187572e-05, 1.527470158180222e-05, 1.5966657883836888e-05, 1.2628075637621805e-05, 1.4051351172383875e-05, 8.833886568027083e-06, 6.337368176900782e-06, 7.051301963656442e-06, 5.744448571931571e-06, 6.280031357164262e-06, 6.557243523275247e-06, 4.998892109142616e-06, 4.180069936410291e-06, 2.8628730888158316e-06, 2.786318191283499e-06, 3.077193468925543e-06, 1.578115643496858e-06, 1.4800710914641968e-06, 1.519212332823372e-06, 1.8421437744109426e-06, 1.6588684275120613e-06, 1.7005482959575602e-06, 1.6051865259214537e-06, 1.5490210216739797e-06, 1.056575797520054e-06, 1.3079226164336433e-06, 1.1581703347474104e-06, 1.3771106068816152e-06, 1.567106892252923e-06, 1.8925834410765674e-06, 2.5509616534691304e-06, 2.483144726284081e-06, 4.235464984958526e-06, 4.540718236967223e-06, 4.149694632360479e-06, 3.0731209790246794e-06, 4.022620032628765e-06, 4.52035101261572e-06, 4.713117050414439e-06, 4.933844593324466e-06, 3.5298644434078597e-06, 6.136281172075542e-07, 3.924305502778225e-08, 1.154273121528604e-08, 1.3265796461325863e-08, 9.739014039666927e-10, 6.2079135235149074e-12, 6.009600369422108e-12, 5.87038403998541e-12, 5.768315512744149e-12, 5.6959380788368374e-12, 5.6524836894444874e-12], "lowlevel.mfcc.mean": [-722.3501586914062, 142.8339080810547, 5.563769817352295, 34.86297607421875, -0.10541658103466034, 12.660855293273926, 1.272709608078003, 4.534411430358887, -3.1610782146453857, 8.046510696411133, -1.1999342441558838, 10.328125, 10.548575401306152], "lowlevel.spectral_contrast_coeffs.mean": [-0.6989138722419739, -0.6963570713996887, -0.755207359790802, -0.7970119714736938, -0.8010215163230896, -0.7280387282371521], "lowlevel.spectral_contrast_coeffs.stdev": [0.060426536947488785, 0.06636757403612137, 0.0625491663813591, 0.04897839576005936, 0.042968183755874634, 0.07167287915945053], "lowlevel.spectral_contrast_valleys.mean": [-7.342349052429199, -7.51166296005249, -8.444339752197266, -8.56844711303711, -8.40280818939209, -11.782962799072266], "lowlevel.spectral_contrast_valleys.stdev": [0.7989384531974792, 0.7113492488861084, 0.8120309710502625, 0.9096632599830627, 1.1919305324554443, 1.5297176837921143], "rhythm.beats_loudness_band_ratio.mean": [0.5987021923065186, 0.057209562510252, 0.03328857198357582, 0.029969559982419014, 0.0714624896645546, 0.23028483986854553], "rhythm.beats_loudness_band_ratio.stdev": [0.3319886326789856, 0.05364300683140755, 0.03613557666540146, 0.028211595490574837, 0.0802985280752182, 0.21763873100280762], "tonal.hpcp.mean": [0.31993600726127625, 0.1857365220785141, 0.017601458355784416, 0.037042099982500076, 0.03343716263771057, 0.015716372057795525, 0.03612777963280678, 0.03905895724892616, 0.06968798488378525, 0.15591786801815033, 0.11991080641746521, 0.03549125790596008, 0.026125123724341393, 0.023669056594371796, 0.03464886173605919, 0.05499116703867912, 0.03981266915798187, 0.0201705489307642, 0.023060159757733345, 0.01755269058048725, 0.057926107197999954, 0.28383341431617737, 0.267500102519989, 0.16643524169921875, 0.3306523859500885, 0.20880524814128876, 0.016964532434940338, 0.016436442732810974, 0.016807226464152336, 0.031284358352422714, 0.09982603788375854, 0.0856691300868988, 0.01585809700191021, 0.018099023029208183, 0.025434577837586403, 0.15540826320648193], "tonal.hpcp.stdev": [0.42353659868240356, 0.25182515382766724, 0.08874240517616272, 0.11930558830499649, 0.11291342973709106, 0.0853286013007164, 0.09443185478448868, 0.10713385790586472, 0.17020513117313385, 0.25891730189323425, 0.199365496635437, 0.1438310444355011, 0.12303651124238968, 0.10985349118709564, 0.12882539629936218, 0.13939209282398224, 0.10967420041561127, 0.09735950827598572, 0.0929364264011383, 0.0824596956372261, 0.10947488993406296, 0.3704582452774048, 0.36078715324401855, 0.23364591598510742, 0.4499225616455078, 0.3063142001628876, 0.0731043666601181, 0.08011573553085327, 0.08230423927307129, 0.08318383246660233, 0.21254223585128784, 0.1812812089920044, 0.04296477138996124, 0.05275769159197807, 0.09806229919195175, 0.24194146692752838], "rhythm.beats_position": [0.4527890980243683, 0.952018141746521, 1.486077070236206, 2.0201361179351807, 2.554194927215576, 3.0998640060424805, 3.633922815322876, 4.179591655731201, 4.713650703430176, 5.24770975112915, 5.781768798828125, 6.315827369689941, 6.849886417388916, 7.383945465087891, 7.918004512786865, 8.45206356048584, 8.986122131347656, 9.520181655883789, 10.054240226745605, 10.588298797607422, 11.133968353271484, 11.67963695526123, 12.213695526123047, 12.74775505065918, 13.281813621520996, 13.815873146057129, 14.349931716918945, 14.883990287780762, 15.418049812316895, 15.952108383178711, 16.486167907714844, 17.020225524902344, 17.554285049438477, 18.08834457397461, 18.622404098510742, 19.168071746826172, 19.702131271362305, 20.247800827026367, 20.781858444213867, 21.31591796875, 21.849977493286133, 22.384035110473633, 22.918094635009766, 23.4521541595459, 23.9862117767334, 24.52027130126953, 25.054330825805664, 25.588390350341797, 26.122447967529297, 26.66811752319336, 27.202177047729492, 27.747844696044922, 28.281904220581055, 28.815963745117188, 29.350021362304688, 29.88408088684082, 30.418140411376953, 30.952198028564453, 31.486257553100586, 32.02031707763672, 32.55437469482422, 33.088436126708984, 33.622493743896484, 34.16816329956055, 34.70222091674805, 35.24789047241211, 35.78194808959961, 36.316009521484375, 36.850067138671875, 37.384124755859375, 37.91818618774414, 38.45224380493164, 38.98630142211914, 39.5319709777832], "rhythm.bpm_histogram": [0.0, 0.0, 0.0, 0.0, 0.0, 0.0, 0.0, 0.0, 0.0, 0.0, 0.0, 0.0, 0.0, 0.0, 0.0, 0.0, 0.0, 0.0, 0.0, 0.0, 0.0, 0.0, 0.0, 0.0, 0.0, 0.0, 0.0, 0.0, 0.0, 0.0, 0.0, 0.0, 0.0, 0.0, 0.0, 0.0, 0.0, 0.0, 0.0, 0.0, 0.0, 0.0, 0.0, 0.0, 0.0, 0.0, 0.0, 0.0, 0.0, 0.0, 0.0, 0.0, 0.0, 0.0, 0.0, 0.0, 0.0, 0.0, 0.0, 0.0, 0.0, 0.0, 0.0, 0.0, 0.0, 0.0, 0.0, 0.0, 0.0, 0.0, 0.0, 0.0, 0.0, 0.0, 0.0, 0.0, 0.0, 0.0, 0.0, 0.0, 0.0, 0.0, 0.0, 0.0, 0.0, 0.0, 0.0, 0.0, 0.0, 0.0, 0.0, 0.0, 0.0, 0.0, 0.0, 0.0, 0.0, 0.0, 0.0, 0.0, 0.0, 0.0, 0.0, 0.0, 0.0, 0.0, 0.0, 0.0, 0.0, 0.0, 0.15068493783473969, 0.0, 0.835616409778595, 0.0, 0.0, 0.0, 0.0, 0.0, 0.0, 0.0, 0.013698630034923553, 0.0, 0.0, 0.0, 0.0, 0.0, 0.0, 0.0, 0.0, 0.0, 0.0, 0.0, 0.0, 0.0, 0.0, 0.0, 0.0, 0.0, 0.0, 0.0, 0.0, 0.0, 0.0, 0.0, 0.0, 0.0, 0.0, 0.0, 0.0, 0.0, 0.0, 0.0, 0.0, 0.0, 0.0, 0.0, 0.0, 0.0, 0.0, 0.0, 0.0, 0.0, 0.0, 0.0, 0.0, 0.0, 0.0, 0.0, 0.0, 0.0, 0.0, 0.0, 0.0, 0.0, 0.0, 0.0, 0.0, 0.0, 0.0, 0.0, 0.0, 0.0, 0.0, 0.0, 0.0, 0.0, 0.0, 0.0, 0.0, 0.0, 0.0, 0.0, 0.0, 0.0, 0.0, 0.0, 0.0, 0.0, 0.0, 0.0, 0.0, 0.0, 0.0, 0.0, 0.0, 0.0, 0.0, 0.0, 0.0, 0.0, 0.0, 0.0, 0.0, 0.0, 0.0, 0.0, 0.0, 0.0, 0.0, 0.0, 0.0, 0.0, 0.0, 0.0, 0.0, 0.0, 0.0, 0.0, 0.0, 0.0, 0.0, 0.0, 0.0, 0.0, 0.0, 0.0, 0.0, 0.0, 0.0, 0.0, 0.0, 0.0, 0.0, 0.0, 0.0, 0.0, 0.0, 0.0, 0.0, 0.0], "tonal.chords_histogram": [37.84722137451172, 0.6944444179534912, 16.203702926635742, 0.0, 0.0, 0.0, 0.0, 0.23148147761821747, 0.0, 0.8101851940155029, 0.0, 0.0, 0.0, 0.0, 0.0, 0.0, 3.3564815521240234, 0.0, 0.0, 0.0, 0.0, 6.712963104248047, 1.6203703880310059, 32.52314758300781], "tonal.thpcp": [1.0, 0.6314947605133057, 0.05130624398589134, 0.04970913007855415, 0.050830502063035965, 0.09461404383182526, 0.3019062876701355, 0.25909122824668884, 0.04796002432703972, 0.054737310856580734, 0.07692240923643112, 0.47000497579574585, 0.9675902128219604, 0.5617274641990662, 0.05323251709342003, 0.11202731728553772, 0.10112481564283371, 0.047531403601169586, 0.10926211625337601, 0.11812695115804672, 0.21075905859470367, 0.4715461730957031, 0.362649142742157, 0.10733707249164581, 0.07901084423065186, 0.07158289849758148, 0.10478939116001129, 0.166311115026474, 0.12040641903877258, 0.061002276837825775, 0.0697413980960846, 0.053085025399923325, 0.17518731951713562, 0.858404278755188, 0.8090070486068726, 0.5033541321754456], "lowlevel.gfcc.cov": [[6521.60693359375, -2428.248046875, -290.1511535644531, 991.9360961914062, -186.9043426513672, 66.67549896240234, -94.37796783447266, 178.80514526367188, -341.7525939941406, 114.18492889404297, -304.98382568359375, -120.5069808959961, -195.35281372070312], [-2428.248046875, 3315.09814453125, -1078.82861328125, -734.3765869140625, 403.5416259765625, -527.2454223632812, 222.5950164794922, -355.89453125, 375.7432556152344, -271.7411193847656, 253.6465606689453, -47.010440826416016, 238.5275421142578], [-290.1511535644531, -1078.82861328125, 1876.0882568359375, 57.000572204589844, 64.6302490234375, 662.81298828125, -144.1171417236328, 280.4261169433594, -195.2792510986328, 98.02018737792969, -141.67425537109375, -55.9610595703125, -187.55157470703125], [991.9360961914062, -734.3765869140625, 57.000572204589844, 443.55426025390625, -79.48987579345703, 98.89120483398438, 17.11343002319336, 54.99431610107422, -69.97569274902344, 5.490729331970215, -57.23311233520508, -37.30930709838867, -61.593360900878906], [-186.9043426513672, 403.5416259765625, 64.6302490234375, -79.48987579345703, 290.3001708984375, -33.21676254272461, 60.44990158081055, -32.77003860473633, 25.24700164794922, -16.240570068359375, 16.738739013671875, 10.210042953491211, 26.77589225769043], [66.67549896240234, -527.2454223632812, 662.81298828125, 98.89120483398438, -33.21676254272461, 345.1532287597656, -63.58298110961914, 122.18952178955078, -78.22315979003906, 19.710588455200195, -71.33877563476562, -62.78495407104492, -84.57376861572266], [-94.37796783447266, 222.5950164794922, -144.1171417236328, 17.11343002319336, 60.44990158081055, -63.58298110961914, 120.66034698486328, -21.78238296508789, 66.73809814453125, -13.13150691986084, 29.18719482421875, 6.236408710479736, 18.029680252075195], [178.80514526367188, -355.89453125, 280.4261169433594, 54.99431610107422, -32.77003860473633, 122.18952178955078, -21.78238296508789, 145.8180389404297, -24.610931396484375, 59.30848693847656, -14.014948844909668, -1.6240736246109009, -18.777687072753906], [-341.7525939941406, 375.7432556152344, -195.2792510986328, -69.97569274902344, 25.24700164794922, -78.22315979003906, 66.73809814453125, -24.610931396484375, 133.78445434570312, -8.735610961914062, 62.693031311035156, 25.26628875732422, 39.402889251708984], [114.18492889404297, -271.7411193847656, 98.02018737792969, 5.490729331970215, -16.240570068359375, 19.710588455200195, -13.13150691986084, 59.30848693847656, -8.735610961914062, 105.58723449707031, 33.113346099853516, 68.50385284423828, 25.82195281982422], [-304.98382568359375, 253.6465606689453, -141.67425537109375, -57.23311233520508, 16.738739013671875, -71.33877563476562, 29.18719482421875, -14.014948844909668, 62.693031311035156, 33.113346099853516, 135.83377075195312, 84.57388305664062, 91.78762817382812], [-120.5069808959961, -47.010440826416016, -55.9610595703125, -37.30930709838867, 10.210042953491211, -62.78495407104492, 6.236408710479736, -1.6240736246109009, 25.26628875732422, 68.50385284423828, 84.57388305664062, 158.45208740234375, 84.258544921875], [-195.35281372070312, 238.5275421142578, -187.55157470703125, -61.593360900878906, 26.77589225769043, -84.57376861572266, 18.029680252075195, -18.777687072753906, 39.402889251708984, 25.82195281982422, 91.78762817382812, 84.258544921875, 128.00619506835938]], "lowlevel.gfcc.icov": [[0.000340751139447093, 0.00016913001309148967, 0.0002925697772298008, -0.00045554223470389843, -0.0003536976291798055, 8.194292604457587e-05, 0.00024300043878611177, -0.00030082283774390817, 0.00029305790667422116, -0.00028800670406781137, 0.00032765083597041667, 0.00022481073392555118, 4.907524635200389e-05], [0.00016913001309148967, 0.0024246503598988056, 0.0001924264506669715, 0.002277691848576069, -0.0017358100740239024, 0.0009140411857515574, -0.0005617371061816812, 0.0007943721720948815, -0.0021122426260262728, 0.003973641432821751, -0.0026387376710772514, 0.003034760942682624, -0.001976301893591881], [0.0002925697772298008, 0.0001924264506669715, 0.002970724133774638, 0.0006678127101622522, -0.0016559918876737356, -0.004437786526978016, 0.00021635660959873348, -0.0016667544841766357, 0.0017560538835823536, -0.0005157775012776256, -0.0001291147491429001, -0.0015501277521252632, 0.002577697392553091], [-0.00045554223470389843, 0.002277691848576069, 0.0006678127101622522, 0.006807683035731316, -0.0006316588842310011, -0.0013071212451905012, -0.0036699625197798014, 0.00027299459907226264, -2.6099805836565793e-05, 0.004929178860038519, -0.003450472140684724, 0.0018754085758700967, -0.0006064391927793622], [-0.0003536976291798055, -0.0017358100740239024, -0.0016559918876737356, -0.0006316588842310011, 0.006408231798559427, 0.0009477921412326396, -0.002912728348746896, 0.0009787341114133596, 0.0016047949902713299, -0.0019487274112179875, 0.0021348274312913418, -0.0015558761078864336, -0.0008034733473323286], [8.194292604457587e-05, 0.0009140411857515574, -0.004437786526978016, -0.0013071212451905012, 0.0009477921412326396, 0.01339973695576191, 0.0016033018473535776, -0.0015994184650480747, -0.0023902670945972204, 0.0028930846601724625, -0.0009612556314095855, 0.00476491916924715, -0.0028097673784941435], [0.00024300043878611177, -0.0005617371061816812, 0.00021635660959873348, -0.0036699625197798014, -0.002912728348746896, 0.0016033018473535776, 0.01564691960811615, -0.0008365024696104228, -0.006522175390273333, -0.0010603629052639008, 0.0004833084240090102, 5.993364175083116e-05, 0.0011462450493127108], [-0.00030082283774390817, 0.0007943721720948815, -0.0016667544841766357, 0.00027299459907226264, 0.0009787341114133596, -0.0015994184650480747, -0.0008365024696104228, 0.01538585964590311, -0.003289561253041029, -0.006532368250191212, -0.00015495263505727053, 0.004273139871656895, -0.0035079997032880783], [0.00029305790667422116, -0.0021122426260262728, 0.0017560538835823536, -2.6099805836565793e-05, 0.0016047949902713299, -0.0023902670945972204, -0.006522175390273333, -0.003289561253041029, 0.018093056976795197, -0.0020931223407387733, -0.002673207549378276, -0.0036290099378675222, 0.004623149987310171], [-0.00028800670406781137, 0.003973641432821751, -0.0005157775012776256, 0.004929178860038519, -0.0019487274112179875, 0.0028930846601724625, -0.0010603629052639008, -0.006532368250191212, -0.0020931223407387733, 0.027826156467199326, -0.007528751157224178, -0.0034040899481624365, -0.002047428395599127], [0.00032765083597041667, -0.0026387376710772514, -0.0001291147491429001, -0.003450472140684724, 0.0021348274312913418, -0.0009612556314095855, 0.0004833084240090102, -0.00015495263505727053, -0.002673207549378276, -0.007528751157224178, 0.0224323570728302, -0.006443656049668789, -0.007107045967131853], [0.00022481073392555118, 0.003034760942682624, -0.0015501277521252632, 0.0018754085758700967, -0.0015558761078864336, 0.00476491916924715, 5.993364175083116e-05, 0.004273139871656895, -0.0036290099378675222, -0.0034040899481624365, -0.006443656049668789, 0.019625889137387276, -0.009082949720323086], [4.907524635200389e-05, -0.001976301893591881, 0.002577697392553091, -0.0006064391927793622, -0.0008034733473323286, -0.0028097673784941435, 0.0011462450493127108, -0.0035079997032880783, 0.004623149987310171, -0.002047428395599127, -0.007107045967131853, -0.009082949720323086, 0.022755060344934464]], "lowlevel.mfcc.cov": [[6674.72216796875, -2581.42236328125, -623.3277587890625, 706.1061401367188, -220.65374755859375, -5.441864967346191, 60.494781494140625, -58.433528900146484, 25.84541893005371, 1.357056736946106, 34.132408142089844, -83.40462493896484, -159.89239501953125], [-2581.42236328125, 3200.952392578125, -929.04443359375, -218.73822021484375, -57.16374969482422, -75.01335906982422, -209.7882537841797, -27.64113998413086, -14.766990661621094, -88.04299926757812, -74.29356384277344, -8.624433517456055, 10.908655166625977], [-623.3277587890625, -929.04443359375, 1516.8338623046875, -260.46783447265625, 412.05584716796875, 123.35565948486328, 288.8143310546875, 99.6519775390625, 79.87277221679688, 115.49406433105469, 74.89569091796875, 74.33401489257812, -2.4860458374023438], [706.1061401367188, -218.73822021484375, -260.46783447265625, 278.48089599609375, -77.58695983886719, 28.293447494506836, -8.007187843322754, 19.692474365234375, -6.942294597625732, -6.021571159362793, -6.541371822357178, -15.97564697265625, -4.750492572784424], [-220.65374755859375, -57.16374969482422, 412.05584716796875, -77.58695983886719, 273.72930908203125, 54.20090103149414, 133.86874389648438, 24.10310173034668, 54.572994232177734, 9.855220794677734, 28.342714309692383, 11.702853202819824, -6.581812381744385], [-5.441864967346191, -75.01335906982422, 123.35565948486328, 28.293447494506836, 54.20090103149414, 122.52630615234375, 34.002254486083984, 40.9886360168457, 6.061934471130371, 20.098949432373047, -7.060853004455566, 3.2693493366241455, -24.61699676513672], [60.494781494140625, -209.7882537841797, 288.8143310546875, -8.007187843322754, 133.86874389648438, 34.002254486083984, 151.490478515625, 16.444204330444336, 40.84307098388672, 17.769901275634766, 27.943452835083008, 7.894906044006348, -6.504547595977783], [-58.433528900146484, -27.64113998413086, 99.6519775390625, 19.692474365234375, 24.10310173034668, 40.9886360168457, 16.444204330444336, 79.52297973632812, 18.95615005493164, 28.121509552001953, 5.702712059020996, 14.934460639953613, -5.475292205810547], [25.84541893005371, -14.766990661621094, 79.87277221679688, -6.942294597625732, 54.572994232177734, 6.061934471130371, 40.84307098388672, 18.95615005493164, 82.28929138183594, 15.878288269042969, 24.648181915283203, 3.11453914642334, 6.943892478942871], [1.357056736946106, -88.04299926757812, 115.49406433105469, -6.021571159362793, 9.855220794677734, 20.098949432373047, 17.769901275634766, 28.121509552001953, 15.878288269042969, 85.84229278564453, 22.952749252319336, 20.04030418395996, -12.460803031921387], [34.132408142089844, -74.29356384277344, 74.89569091796875, -6.541371822357178, 28.342714309692383, -7.060853004455566, 27.943452835083008, 5.702712059020996, 24.648181915283203, 22.952749252319336, 64.05950164794922, 8.551283836364746, 1.890626311302185], [-83.40462493896484, -8.624433517456055, 74.33401489257812, -15.97564697265625, 11.702853202819824, 3.2693493366241455, 7.894906044006348, 14.934460639953613, 3.11453914642334, 20.04030418395996, 8.551283836364746, 53.66572570800781, 15.148327827453613], [-159.89239501953125, 10.908655166625977, -2.4860458374023438, -4.750492572784424, -6.581812381744385, -24.61699676513672, -6.504547595977783, -5.475292205810547, 6.943892478942871, -12.460803031921387, 1.890626311302185, 15.148327827453613, 88.69924926757812]], "lowlevel.mfcc.icov": [[0.00041498520295135677, 0.00043627203558571637, 0.0004946978879161179, -0.00037063812487758696, -0.00027910599601455033, 0.00018978271691594273, -0.00018932663078885525, 0.00016159951337613165, -0.0004013478755950928, -5.099356349091977e-05, 6.242762901820242e-05, -0.00023601307475473732, 0.0007797114085406065], [0.00043627203558571637, 0.001069006510078907, 0.0013322506565600634, 0.0006863198359496891, -0.0010631891200318933, 8.53922902024351e-05, -8.801249350653961e-05, -0.0005703330971300602, -0.00043006602209061384, -0.00011690069368341938, 0.0003530070243868977, -0.0005901784170418978, 0.0007427254458889365], [0.0004946978879161179, 0.0013322506565600634, 0.003552080364897847, 0.0024462142027914524, -0.0025634116027504206, -0.0005293035646900535, -0.0022849917877465487, -0.002042225794866681, 0.00044664894812740386, -0.001462452346459031, 0.00014980962441768497, -0.001303482218645513, 0.00030674299341626465], [-0.00037063812487758696, 0.0006863198359496891, 0.0024462142027914524, 0.007894810289144516, 0.00035760755417868495, -0.0023723668418824673, -0.002804457675665617, -0.0036999827716499567, 0.0009250300354324281, -0.00015236501349136233, -0.0002472772903274745, 0.0004697559925261885, -0.001495851087383926], [-0.00027910599601455033, -0.0010631891200318933, -0.0025634116027504206, 0.00035760755417868495, 0.010251941159367561, -0.0022044540382921696, -0.004657265264540911, 0.0010423202766105533, -0.0024109468795359135, 0.0029537833761423826, -0.0010962409432977438, 0.0005641777534037828, -2.2614520275965333e-05], [0.00018978271691594273, 8.53922902024351e-05, -0.0005293035646900535, -0.0023723668418824673, -0.0022044540382921696, 0.012643042020499706, -5.587762643699534e-05, -0.0042435601353645325, 0.0008608474163338542, -0.0013485342497006059, 0.003162867622449994, 0.00037159869680181146, 0.0028812349773943424], [-0.00018932663078885525, -8.801249350653961e-05, -0.0022849917877465487, -0.002804457675665617, -0.004657265264540911, -5.587762643699534e-05, 0.015693355351686478, 0.002248660894110799, -0.002813923405483365, 0.0003743873385246843, -0.0017071424517780542, 0.00021663919324055314, 0.0006561173941008747], [0.00016159951337613165, -0.0005703330971300602, -0.002042225794866681, -0.0036999827716499567, 0.0010423202766105533, -0.0042435601353645325, 0.002248660894110799, 0.01993190124630928, -0.004154739901423454, -0.0027750730514526367, 0.0005476045771501958, -0.0030059621203690767, 0.0008380325743928552], [-0.0004013478755950928, -0.00043006602209061384, 0.00044664894812740386, 0.0009250300354324281, -0.0024109468795359135, 0.0008608474163338542, -0.002813923405483365, -0.004154739901423454, 0.017547376453876495, -0.002034104196354747, -0.004189897328615189, 0.002253483282402158, -0.0029663562308996916], [-5.099356349091977e-05, -0.00011690069368341938, -0.001462452346459031, -0.00015236501349136233, 0.0029537833761423826, -0.0013485342497006059, 0.0003743873385246843, -0.0027750730514526367, -0.002034104196354747, 0.017420323565602303, -0.004740365315228701, -0.004453140776604414, 0.003042452037334442], [6.242762901820242e-05, 0.0003530070243868977, 0.00014980962441768497, -0.0002472772903274745, -0.0010962409432977438, 0.003162867622449994, -0.0017071424517780542, 0.0005476045771501958, -0.004189897328615189, -0.004740365315228701, 0.020799463614821434, -0.0013433546992018819, 0.00021329127775970846], [-0.00023601307475473732, -0.0005901784170418978, -0.001303482218645513, 0.0004697559925261885, 0.0005641777534037828, 0.00037159869680181146, 0.00021663919324055314, -0.0030059621203690767, 0.002253483282402158, -0.004453140776604414, -0.0013433546992018819, 0.024008186534047127, -0.005262476857751608], [0.0007797114085406065, 0.0007427254458889365, 0.00030674299341626465, -0.001495851087383926, -2.2614520275965333e-05, 0.0028812349773943424, 0.0006561173941008747, 0.0008380325743928552, -0.0029663562308996916, 0.003042452037334442, 0.00021329127775970846, -0.005262476857751608, 0.014968368224799633]], "metadata.audio_properties.analysis.downmix": "mix", "metadata.audio_properties.codec": "mp3", "metadata.audio_properties.md5_encoded": "e7093b4bc34190374e3ce326e829dbd0", "metadata.tags.file_name": "1182278389671927848.mp3", "metadata.version.essentia": "2.1-beta6-dev", "metadata.version.essentia_git_sha": "v2.1_beta5-1110-g77a6a954", "metadata.version.extractor": "music 2.0", "tonal.chords_key": "A", "tonal.chords_scale": "minor", "tonal.key_edma.key": "F", "tonal.key_edma.scale": "major", "tonal.key_krumhansl.key": "F", "tonal.key_krumhansl.scale": "major", "tonal.key_temperley.key": "A", "tonal.key_temperley.scale": "minor", "metadata.tags.encoding": ["Lavf58.45.100"]}, "essentia_models": [