{"song_id": "1182275958623977572", "download": "https://cdn.discordapp.com/attachments/1128313332273782784/1182275958623977572/chirp.mp4?ex=65841b4a&amp", "lyrics": "Semper sursum, we be risin' up high,\nWeb design flow, gotta catch your eye,\nPromote the game, we the kings of the net,\nStackin' them codes, no time to forget.\n\nCodin' genius, breakin' all the rules,\nHTML, CSS, it's our tools,\nFresh designs, yeah, we keep it real slick,\nWe be takin' over, ain't no lick.", "style": ["pop rock"], "essentia_features": {"lowlevel.average_loudness": 0.9790199398994446, "lowlevel.barkbands_crest.mean": 15.425536155700684, "lowlevel.barkbands_crest.stdev": 4.696425437927246, "lowlevel.barkbands_flatness_db.mean": 0.38527628779411316, "lowlevel.barkbands_flatness_db.stdev": 0.13829076290130615, "lowlevel.barkbands_kurtosis.mean": 98.51349639892578, "lowlevel.barkbands_kurtosis.stdev": 255.94361877441406, "lowlevel.barkbands_skewness.mean": 5.749978065490723, "lowlevel.barkbands_skewness.stdev": 4.842991352081299, "lowlevel.barkbands_spread.mean": 6.874969959259033, "lowlevel.barkbands_spread.stdev": 10.31344985961914, "lowlevel.dissonance.mean": 0.4326643645763397, "lowlevel.dissonance.stdev": 0.0621626079082489, "lowlevel.dynamic_complexity": 4.1739349365234375, "lowlevel.erbbands_crest.mean": 13.461010932922363, "lowlevel.erbbands_crest.stdev": 5.8528056144714355, "lowlevel.erbbands_flatness_db.mean": 0.20227953791618347, "lowlevel.erbbands_flatness_db.stdev": 0.06722155958414078, "lowlevel.erbbands_kurtosis.mean": 6.332001686096191, "lowlevel.erbbands_kurtosis.stdev": 14.539329528808594, "lowlevel.erbbands_skewness.mean": 0.8754016160964966, "lowlevel.erbbands_skewness.stdev": 2.0970592498779297, "lowlevel.erbbands_spread.mean": 47.90586853027344, "lowlevel.erbbands_spread.stdev": 41.837677001953125, "lowlevel.hfc.mean": 17.590368270874023, "lowlevel.hfc.stdev": 15.126241683959961, "lowlevel.loudness_ebu128.integrated": -13.756458282470703, "lowlevel.loudness_ebu128.loudness_range": 2.2136354446411133, "lowlevel.loudness_ebu128.momentary.mean": -15.382081031799316, "lowlevel.loudness_ebu128.momentary.stdev": 7.775626182556152, "lowlevel.loudness_ebu128.short_term.mean": -14.009594917297363, "lowlevel.loudness_ebu128.short_term.stdev": 0.7781955003738403, "lowlevel.melbands_crest.mean": 33.77268981933594, "lowlevel.melbands_crest.stdev": 7.060116291046143, "lowlevel.melbands_flatness_db.mean": 0.4743427038192749, "lowlevel.melbands_flatness_db.stdev": 0.15976954996585846, "lowlevel.melbands_kurtosis.mean": 512.5162963867188, "lowlevel.melbands_kurtosis.stdev": 1058.64013671875, "lowlevel.melbands_skewness.mean": 13.057467460632324, "lowlevel.melbands_skewness.stdev": 13.088363647460938, "lowlevel.melbands_spread.mean": 5.464141368865967, "lowlevel.melbands_spread.stdev": 9.86380386352539, "lowlevel.pitch_salience.mean": 0.18952135741710663, "lowlevel.pitch_salience.stdev": 0.17664866149425507, "lowlevel.silence_rate_20dB.mean": 0.9414893388748169, "lowlevel.silence_rate_20dB.stdev": 0.2347050905227661, "lowlevel.silence_rate_30dB.mean": 0.19255319237709045, "lowlevel.silence_rate_30dB.stdev": 0.39430561661720276, "lowlevel.silence_rate_60dB.mean": 0.042553190141916275, "lowlevel.silence_rate_60dB.stdev": 0.20184893906116486, "lowlevel.spectral_centroid.mean": 1249.1475830078125, "lowlevel.spectral_centroid.stdev": 1226.0335693359375, "lowlevel.spectral_complexity.mean": 6.928723335266113, "lowlevel.spectral_complexity.stdev": 7.2078776359558105, "lowlevel.spectral_decrease.mean": -4.129002206809673e-08, "lowlevel.spectral_decrease.stdev": 2.3199238086135665e-08, "lowlevel.spectral_energy.mean": 0.1574334055185318, "lowlevel.spectral_energy.stdev": 0.08792158961296082, "lowlevel.spectral_energyband_high.mean": 0.0007035767775960267, "lowlevel.spectral_energyband_high.stdev": 0.0014486899599432945, "lowlevel.spectral_energyband_low.mean": 0.14144033193588257, "lowlevel.spectral_energyband_low.stdev": 0.08814200013875961, "lowlevel.spectral_energyband_middle_high.mean": 0.0018932025413960218, "lowlevel.spectral_energyband_middle_high.stdev": 0.004239792935550213, "lowlevel.spectral_energyband_middle_low.mean": 0.009308414533734322, "lowlevel.spectral_energyband_middle_low.stdev": 0.02039499208331108, "lowlevel.spectral_entropy.mean": 7.100289821624756, "lowlevel.spectral_entropy.stdev": 0.9651345014572144, "lowlevel.spectral_flux.mean": 0.13781067728996277, "lowlevel.spectral_flux.stdev": 0.09957260638475418, "lowlevel.spectral_kurtosis.mean": 9.448498725891113, "lowlevel.spectral_kurtosis.stdev": 15.35485553741455, "lowlevel.spectral_rms.mean": 0.011758115142583847, "lowlevel.spectral_rms.stdev": 0.003916677553206682, "lowlevel.spectral_rolloff.mean": 343.2461242675781, "lowlevel.spectral_rolloff.stdev": 1248.4508056640625, "lowlevel.spectral_skewness.mean": 1.87382173538208, "lowlevel.spectral_skewness.stdev": 1.4598517417907715, "lowlevel.spectral_spread.mean": 4915021.0, "lowlevel.spectral_spread.stdev": 2829020.5, "lowlevel.spectral_strongpeak.mean": 0.5804384350776672, "lowlevel.spectral_strongpeak.stdev": 0.47488734126091003, "lowlevel.zerocrossingrate.mean": 0.018301716074347496, "lowlevel.zerocrossingrate.stdev": 0.03602786362171173, "metadata.audio_properties.analysis.equal_loudness": 0.0, "metadata.audio_properties.analysis.length": 21.80265235900879, "metadata.audio_properties.analysis.sample_rate": 44100.0, "metadata.audio_properties.analysis.start_time": 0.0, "metadata.audio_properties.bit_rate": 130004.0, "metadata.audio_properties.length": 21.80266761779785, "metadata.audio_properties.lossless": 0.0, "metadata.audio_properties.number_channels": 1.0, "metadata.audio_properties.replay_gain": -10.82002067565918, "metadata.audio_properties.sample_rate": 48000.0, "rhythm.beats_count": 38.0, "rhythm.beats_loudness.mean": 0.14634846150875092, "rhythm.beats_loudness.stdev": 0.06927289068698883, "rhythm.bpm": 106.60669708251953, "rhythm.bpm_histogram_first_peak_bpm": 108.0, "rhythm.bpm_histogram_first_peak_weight": 0.4117646813392639, "rhythm.bpm_histogram_second_peak_bpm": 103.0, "rhythm.bpm_histogram_second_peak_spread": 0.0, "rhythm.bpm_histogram_second_peak_weight": 0.0810810774564743, "rhythm.danceability": 1.1205267906188965, "rhythm.onset_rate": 5.271566390991211, "tonal.chords_changes_rate": 0.08917197585105896, "tonal.chords_number_rate": 0.014861995354294777, "tonal.chords_strength.mean": 0.5415216088294983, "tonal.chords_strength.stdev": 0.0806802287697792, "tonal.hpcp_crest.mean": 13.817975997924805, "tonal.hpcp_crest.stdev": 6.230956554412842, "tonal.hpcp_entropy.mean": 1.9199897050857544, "tonal.hpcp_entropy.stdev": 0.7770936489105225, "tonal.key_edma.strength": 0.5570249557495117, "tonal.key_krumhansl.strength": 0.5576679110527039, "tonal.key_temperley.strength": 0.5600070953369141, "tonal.tuning_diatonic_strength": 0.6586366891860962, "tonal.tuning_equal_tempered_deviation": 0.18387699127197266, "tonal.tuning_frequency": 434.193115234375, "tonal.tuning_nontempered_energy_ratio": 0.8614030480384827, "lowlevel.barkbands.mean": [0.04644566774368286, 0.09502965956926346, 0.004103769548237324, 0.0021152852568775415, 0.0007932391599752009, 0.002262626774609089, 0.0011810320429503918, 0.002020060084760189, 0.000861674954649061, 0.0007983524701558053, 0.00021689031564164907, 0.0001796094875317067, 0.00011968431499553844, 6.97238720022142e-05, 7.972052844706923e-05, 7.398640445899218e-05, 0.0001002420685836114, 0.0001556443894514814, 0.00010171801841352135, 4.232769788359292e-05, 7.880265184212476e-05, 0.0001656173262745142, 0.0002019720704993233, 0.00014535051013808697, 6.456075789174065e-05, 2.59491953329416e-05, 4.305760796796676e-07], "lowlevel.barkbands.stdev": [0.027626875787973404, 0.08635669946670532, 0.017839398235082626, 0.011745753698050976, 0.0043856436386704445, 0.004567108582705259, 0.0036019550170749426, 0.006822765804827213, 0.003046388039365411, 0.0031347456388175488, 0.0008085673907771707, 0.0007465689559467137, 0.0003953929408453405, 0.00018965310300700366, 0.000250315380981192, 0.0003016522678080946, 0.0003137638559564948, 0.00038272165693342686, 0.00028235779609531164, 0.000146074962685816, 0.00021925022883806378, 0.00037713319761678576, 0.0004732241795863956, 0.00035348793608136475, 0.00015505202463828027, 7.245823508128524e-05, 2.024210971285356e-06], "lowlevel.erbbands.mean": [5.914615154266357, 9.140938758850098, 5.479007244110107, 6.5637431144714355, 4.8106184005737305, 2.0101287364959717, 7.591843605041504, 22.16646385192871, 10.626395225524902, 46.258888244628906, 27.060527801513672, 23.299039840698242, 15.796801567077637, 22.096752166748047, 9.171359062194824, 7.484323978424072, 6.017275333404541, 4.103675842285156, 3.688603639602661, 4.591274261474609, 3.6541335582733154, 6.209887504577637, 9.075359344482422, 6.105038642883301, 3.7614521980285645, 2.0329606533050537, 2.4607768058776855, 3.799379825592041, 6.268570899963379, 5.678002834320068, 5.470376014709473, 3.5653719902038574, 2.1243786811828613, 0.9772148132324219, 0.32506924867630005, 0.1241079717874527, 0.051105622202157974, 0.005255417432636023, 0.00017804036906454712, 0.00017666269559413195], "lowlevel.erbbands.stdev": [4.300248622894287, 14.821228981018066, 17.606163024902344, 33.11970520019531, 26.539209365844727, 10.758842468261719, 16.82544708251953, 48.485504150390625, 26.35807991027832, 126.00312042236328, 83.4285888671875, 87.8122787475586, 58.33768081665039, 85.31420135498047, 27.506338119506836, 32.68336486816406, 20.153484344482422, 10.591747283935547, 10.477537155151367, 15.630139350891113, 12.999494552612305, 18.35639762878418, 22.823701858520508, 14.313385009765625, 11.60029411315918, 6.981134414672852, 7.5020246505737305, 10.140724182128906, 14.665327072143555, 12.489157676696777, 12.904606819152832, 8.352837562561035, 5.536895275115967, 2.3170881271362305, 0.8226892352104187, 0.32801157236099243, 0.14929118752479553, 0.018413284793496132, 0.0003552595735527575, 9.491521632298827e-05], "lowlevel.gfcc.mean": [-108.44441986083984, 101.7703628540039, -61.96680450439453, 48.08771896362305, -44.16295623779297, 19.572654724121094, -8.480029106140137, 24.651229858398438, 10.361329078674316, 7.063843727111816, 9.249056816101074, 9.985128402709961, 2.597689390182495], "lowlevel.melbands.mean": [0.04048679396510124, 0.005084706004709005, 0.0010794008849188685, 0.00021653850853908807, 0.00022940742201171815, 0.0004662654537241906, 0.00018100743182003498, 0.0005362225929275155, 0.0001945319672813639, 0.0001336753775831312, 8.131799404509366e-05, 0.00010027630196418613, 3.004169775522314e-05, 2.067149762297049e-05, 1.600139876245521e-05, 1.1964598343183752e-05, 6.994539944571443e-06, 5.585008238995215e-06, 6.390945145540172e-06, 5.871456323802704e-06, 3.6747414924320765e-06, 5.216816134634428e-06, 1.0221601769444533e-05, 6.107450644776691e-06, 4.89632657263428e-06, 3.6163812637823867e-06, 1.670041456236504e-06, 1.2167877230240265e-06, 1.3513763406081125e-06, 1.907504611153854e-06, 2.2383223949873354e-06, 3.459042773101828e-06, 3.405843699511024e-06, 3.374742618689197e-06, 3.3883641208376503e-06, 2.666456566657871e-06, 2.020851297857007e-06, 1.6399375226683333e-06, 1.0609368246150552e-06, 7.41356018352235e-07], "lowlevel.melbands.stdev": [0.028902221471071243, 0.009802466258406639, 0.005367828067392111, 0.001220859121531248, 0.0005249869427643716, 0.0009925909107550979, 0.0004868989926762879, 0.0015178215689957142, 0.0005797757767140865, 0.0005061160773038864, 0.0003187159891240299, 0.00039303035009652376, 9.870703797787428e-05, 7.629772881045938e-05, 6.594090518774465e-05, 4.033088407595642e-05, 1.9639885067590512e-05, 1.600296855031047e-05, 2.0662633687607013e-05, 2.430817039567046e-05, 1.3144745025783777e-05, 1.6398311345255934e-05, 2.7774593036156148e-05, 1.562693614687305e-05, 1.1626144441834185e-05, 1.2035915460728575e-05, 5.16745740242186e-06, 4.662618266593199e-06, 4.472613454709062e-06, 5.597512881649891e-06, 5.956968379905447e-06, 8.455519491690211e-06, 7.799709237588104e-06, 7.954867214721162e-06, 8.394571523240302e-06, 6.539284640894039e-06, 4.942203759128461e-06, 4.398395503812935e-06, 2.822060423568473e-06, 1.7279803614655975e-06], "lowlevel.melbands128.mean": [0.041031841188669205, 0.06313221156597137, 0.03372221067547798, 0.009843706153333187, 0.002942790975794196, 0.0019259925466030836, 0.0013991420855745673, 0.0009319270611740649, 0.00044065964175388217, 0.00016289552149828523, 7.604940765304491e-05, 7.550193549832329e-05, 0.0001741671294439584, 0.0005291429697535932, 0.0006714273476973176, 0.00033311755396425724, 0.00011865820124512538, 9.652155131334439e-05, 0.00030255888123065233, 0.0006069393130019307, 0.0006976964068599045, 0.00025729418848641217, 9.069040970643982e-05, 0.0001495577598689124, 0.00020766895613633096, 0.00010254145308863372, 2.8487174859037623e-05, 5.269979374133982e-05, 0.00015022534353192896, 0.00016398372827097774, 5.815280746901408e-05, 2.713751200644765e-05, 3.353946885908954e-05, 2.8701231713057496e-05, 1.883433469629381e-05, 1.7812142687034793e-05, 2.4252374714706093e-05, 1.541524034109898e-05, 1.113095731852809e-05, 1.5077383068273775e-05, 1.2217812582093757e-05, 7.651501618965995e-06, 7.22950335330097e-06, 6.730451787007041e-06, 5.167779363546288e-06, 5.29779299540678e-06, 5.868192147318041e-06, 6.785839559597662e-06, 6.371469225996407e-06, 6.362899512168951e-06, 5.881132437934866e-06, 5.550995410885662e-06, 3.750287305592792e-06, 2.9617995096486993e-06, 3.124127488263184e-06, 4.958091267326381e-06, 6.833113729953766e-06, 1.0632277735567186e-05, 1.1982229807472322e-05, 8.797297596174758e-06, 5.1185747906856705e-06, 4.718692252936307e-06, 4.816935415874468e-06, 5.170521944819484e-06, 4.649356014851946e-06, 4.2500132622080855e-06, 2.5209430987160886e-06, 1.626417770239641e-06, 1.6499043340445496e-06, 1.4041515896678902e-06, 1.1731048061847105e-06, 1.1343579444655916e-06, 1.2318135986788548e-06, 1.3859074670108384e-06, 1.453251002203615e-06, 1.827854703151388e-06, 2.2271171928878175e-06, 2.006843033086625e-06, 2.251745172543451e-06, 2.3303273337660357e-06, 3.0172514016157947e-06, 4.341359272075351e-06, 3.7854852052987553e-06, 3.7872212033107644e-06, 2.5497638489468955e-06, 2.1417336029116996e-06, 3.89924298360711e-06, 5.365083779906854e-06, 2.8041465611750027e-06, 2.2069489205023274e-06, 3.825126896117581e-06, 2.1604157609544927e-06, 2.2189765331859235e-06, 1.984667960641673e-06, 1.949108082044404e-06, 1.949573970705387e-06, 1.5265620731952367e-06, 1.260659132640285e-06, 1.081408640857262e-06, 9.538442782286438e-07, 8.99265671705507e-07, 6.448516955970263e-07, 6.737943749612896e-07, 4.209562121104682e-07, 2.8113007033425674e-07, 3.0204196832528396e-07, 2.5730255970302096e-07, 2.144477377896692e-07, 2.471115578828176e-07, 1.6143549430580606e-07, 1.4452230345796124e-07, 1.5992866053693433e-07, 2.3380616198664939e-07, 1.352734386728116e-07, 8.173669385769244e-08, 5.1960000746476e-08, 1.8249993516405993e-08, 2.6817575937698734e-10, 7.7234760254008e-11, 5.044572745638298e-11, 4.413067133945958e-11, 3.5006345044941156e-11, 2.8545032657034675e-11, 2.805648595394228e-11, 2.7586587528216633e-11, 2.712011171190909e-11, 2.682138539045198e-11, 2.6667680216863054e-11], "lowlevel.melbands128.stdev": [0.023895569145679474, 0.04251781851053238, 0.04105334356427193, 0.01955264061689377, 0.009456713683903217, 0.008819598704576492, 0.007479219697415829, 0.005125925410538912, 0.0025255135260522366, 0.001023797201924026, 0.0004645414592232555, 0.0003632830921560526, 0.0005240740720182657, 0.001211763359606266, 0.001612156629562378, 0.0009529023664072156, 0.0004901433712802827, 0.0003644088574219495, 0.0012044977629557252, 0.0017998773837462068, 0.0026097442023456097, 0.0011384093668311834, 0.0003849051136057824, 0.0006097292061895132, 0.0010255285305902362, 0.0003914244589395821, 9.507012146059424e-05, 0.00029329967219382524, 0.0007674525841139257, 0.000773416890297085, 0.0002851633180398494, 0.00015381943376269192, 0.00014332830323837698, 0.00011612248636083677, 8.933799108490348e-05, 8.15789244370535e-05, 0.000172863103216514, 7.077299960656092e-05, 5.3752279200125486e-05, 7.491129508707672e-05, 4.668593828682788e-05, 2.5530540369800292e-05, 2.476216650393326e-05, 2.7529064027476124e-05, 1.6736550605855882e-05, 1.8897753761848435e-05, 2.373043207626324e-05, 2.882401895476505e-05, 2.4183469577110372e-05, 3.6045814340468496e-05, 2.7435480660642497e-05, 2.9489210646715946e-05, 1.6390375094488263e-05, 1.0275533895764966e-05, 1.154599704022985e-05, 1.8109125448972918e-05, 2.600991319923196e-05, 3.602999640861526e-05, 3.351994382683188e-05, 2.66830284090247e-05, 1.4911323887645267e-05, 1.3491223398887087e-05, 1.2421934115991462e-05, 1.4054394341656007e-05, 1.3279187442094553e-05, 1.6326421246048994e-05, 1.0493752597540151e-05, 5.343745215213858e-06, 5.9734775277320296e-06, 5.415261966845719e-06, 5.285511178954039e-06, 4.567447376757627e-06, 4.593703124555759e-06, 4.8129927563422825e-06, 5.274088380247122e-06, 6.065741217753384e-06, 6.71330690238392e-06, 7.311978606594494e-06, 6.222010597412009e-06, 6.24405447524623e-06, 7.686261596973054e-06, 1.1979358532698825e-05, 9.22208528209012e-06, 9.155630323220976e-06, 6.77309071761556e-06, 5.474249974213308e-06, 1.0416732038720511e-05, 1.5645789972040802e-05, 7.807363544998225e-06, 5.767770744569134e-06, 1.0310026482329704e-05, 5.484631401486695e-06, 5.977582077321131e-06, 5.187823717278661e-06, 5.570593657466816e-06, 5.247010903985938e-06, 4.455042017070809e-06, 4.017713763460051e-06, 3.0918399716028944e-06, 2.740712488957797e-06, 2.2495682969747577e-06, 1.4770880625292193e-06, 1.8253047073812922e-06, 1.2437565146683482e-06, 8.68612971771654e-07, 8.697742259755614e-07, 7.925310114842432e-07, 6.381488901752164e-07, 7.268762942658213e-07, 4.790096568285662e-07, 3.73409250187251e-07, 4.869947929364571e-07, 7.601140623592073e-07, 4.3944083927272004e-07, 3.7183761492087797e-07, 2.0726596972053812e-07, 8.905459480956779e-08, 1.4196080977413317e-09, 1.1258566301464157e-09, 4.433773626022486e-10, 3.01182995210425e-10, 1.4218617949701695e-10, 3.0294815267506436e-11, 2.978135099640511e-11, 2.928947709368579e-11, 2.8867649590202937e-11, 2.8598325096940158e-11, 2.8443320615467726e-11], "lowlevel.mfcc.mean": [-765.7952880859375, 131.665283203125, 45.950897216796875, 40.056034088134766, 11.544702529907227, 10.380753517150879, 5.435260772705078, 25.188283920288086, 11.517715454101562, 12.301953315734863, 20.83030128479004, 11.352191925048828, 8.507472038269043], "lowlevel.spectral_contrast_coeffs.mean": [-0.7334617376327515, -0.7434776425361633, -0.7918490171432495, -0.8228859901428223, -0.782719075679779, -0.7689953446388245], "lowlevel.spectral_contrast_coeffs.stdev": [0.07622503489255905, 0.11259503662586212, 0.08317019045352936, 0.06195932999253273, 0.0725063681602478, 0.05602748692035675], "lowlevel.spectral_contrast_valleys.mean": [-7.303393363952637, -7.717116832733154, -8.740934371948242, -9.296595573425293, -9.1542387008667, -11.351696968078613], "lowlevel.spectral_contrast_valleys.stdev": [1.4649790525436401, 1.3454939126968384, 1.3375626802444458, 1.3458210229873657, 1.3816767930984497, 1.9509660005569458], "rhythm.beats_loudness_band_ratio.mean": [0.8676007986068726, 0.01782853528857231, 0.07156481593847275, 0.025021692737936974, 0.011197556741535664, 0.009210714139044285], "rhythm.beats_loudness_band_ratio.stdev": [0.19410589337348938, 0.021580224856734276, 0.1356067955493927, 0.05294797942042351, 0.03374738246202469, 0.031384993344545364], "tonal.hpcp.mean": [0.023487793281674385, 0.024550406262278557, 0.02693919837474823, 0.021343396976590157, 0.021931583061814308, 0.04511555656790733, 0.05809066444635391, 0.07779985666275024, 0.1966233104467392, 0.3459617495536804, 0.3020887076854706, 0.19110651314258575, 0.17400944232940674, 0.12180447578430176, 0.052498821169137955, 0.030042804777622223, 0.024792535230517387, 0.027942592278122902, 0.027098920196294785, 0.02529561147093773, 0.025969069451093674, 0.02875690907239914, 0.03709498047828674, 0.04195733740925789, 0.04977241903543472, 0.047709446400403976, 0.035065870732069016, 0.025829389691352844, 0.01767088659107685, 0.018940815702080727, 0.020944274961948395, 0.03139816224575043, 0.04164263978600502, 0.0389363057911396, 0.030475754290819168, 0.021705467253923416], "tonal.hpcp.stdev": [0.12147803604602814, 0.12334118783473969, 0.14303888380527496, 0.12085277587175369, 0.10875546932220459, 0.17632396519184113, 0.1998312771320343, 0.2197529375553131, 0.32929474115371704, 0.4254230558872223, 0.39439892768859863, 0.32181817293167114, 0.34501829743385315, 0.28430163860321045, 0.182317852973938, 0.1405603289604187, 0.11965866386890411, 0.1407712697982788, 0.13175706565380096, 0.12262208759784698, 0.1330312192440033, 0.1271640509366989, 0.1530434787273407, 0.1493990570306778, 0.1792408674955368, 0.1720685213804245, 0.14346732199192047, 0.12875811755657196, 0.1015821099281311, 0.10564501583576202, 0.10845567286014557, 0.14460955560207367, 0.17344924807548523, 0.17006950080394745, 0.14548319578170776, 0.10925903171300888], "rhythm.beats_position": [0.54566890001297, 1.09133780002594, 1.6486167907714844, 2.217505693435669, 2.774784564971924, 3.3320634365081787, 3.9009523391723633, 4.458230972290039, 5.027120113372803, 5.584399223327637, 6.153287887573242, 6.710566997528076, 7.267845630645752, 7.825124740600586, 8.382403373718262, 8.939682006835938, 9.50857162475586, 10.065850257873535, 10.63473892211914, 11.203627586364746, 11.772517204284668, 12.329795837402344, 12.88707447052002, 13.467573165893555, 14.024852752685547, 14.593741416931152, 15.162630081176758, 15.719908714294434, 16.27718734741211, 16.8344669342041, 17.391746520996094, 17.960634231567383, 18.517913818359375, 19.086801528930664, 19.644081115722656, 20.224580764770508, 20.805078506469727, 21.37396812438965], "rhythm.bpm_histogram": [0.0, 0.0, 0.0, 0.0, 0.0, 0.0, 0.0, 0.0, 0.0, 0.0, 0.0, 0.0, 0.0, 0.0, 0.0, 0.0, 0.0, 0.0, 0.0, 0.0, 0.0, 0.0, 0.0, 0.0, 0.0, 0.0, 0.0, 0.0, 0.0, 0.0, 0.0, 0.0, 0.0, 0.0, 0.0, 0.0, 0.0, 0.0, 0.0, 0.0, 0.0, 0.0, 0.0, 0.0, 0.0, 0.0, 0.0, 0.0, 0.0, 0.0, 0.0, 0.0, 0.0, 0.0, 0.0, 0.0, 0.0, 0.0, 0.0, 0.0, 0.0, 0.0, 0.0, 0.0, 0.0, 0.0, 0.0, 0.0, 0.0, 0.0, 0.0, 0.0, 0.0, 0.0, 0.0, 0.0, 0.0, 0.0, 0.0, 0.0, 0.0, 0.0, 0.0, 0.0, 0.0, 0.0, 0.0, 0.0, 0.0, 0.0, 0.0, 0.0, 0.0, 0.0, 0.0, 0.0, 0.0, 0.0, 0.0, 0.0, 0.0, 0.0, 0.0, 0.0810810774564743, 0.0, 0.3513513505458832, 0.0, 0.0, 0.5405405163764954, 0.0, 0.027027027681469917, 0.0, 0.0, 0.0, 0.0, 0.0, 0.0, 0.0, 0.0, 0.0, 0.0, 0.0, 0.0, 0.0, 0.0, 0.0, 0.0, 0.0, 0.0, 0.0, 0.0, 0.0, 0.0, 0.0, 0.0, 0.0, 0.0, 0.0, 0.0, 0.0, 0.0, 0.0, 0.0, 0.0, 0.0, 0.0, 0.0, 0.0, 0.0, 0.0, 0.0, 0.0, 0.0, 0.0, 0.0, 0.0, 0.0, 0.0, 0.0, 0.0, 0.0, 0.0, 0.0, 0.0, 0.0, 0.0, 0.0, 0.0, 0.0, 0.0, 0.0, 0.0, 0.0, 0.0, 0.0, 0.0, 0.0, 0.0, 0.0, 0.0, 0.0, 0.0, 0.0, 0.0, 0.0, 0.0, 0.0, 0.0, 0.0, 0.0, 0.0, 0.0, 0.0, 0.0, 0.0, 0.0, 0.0, 0.0, 0.0, 0.0, 0.0, 0.0, 0.0, 0.0, 0.0, 0.0, 0.0, 0.0, 0.0, 0.0, 0.0, 0.0, 0.0, 0.0, 0.0, 0.0, 0.0, 0.0, 0.0, 0.0, 0.0, 0.0, 0.0, 0.0, 0.0, 0.0, 0.0, 0.0, 0.0, 0.0, 0.0, 0.0, 0.0, 0.0, 0.0, 0.0, 0.0, 0.0, 0.0, 0.0, 0.0, 0.0, 0.0, 0.0, 0.0, 0.0, 0.0, 0.0, 0.0, 0.0], "tonal.chords_histogram": [42.46284484863281, 18.259023666381836, 5.307855606079102, 0.0, 0.0, 0.0, 0.0, 11.252654075622559, 6.581740856170654, 12.738853454589844, 0.0, 0.0, 0.0, 0.0, 0.0, 0.0, 0.21231421828269958, 0.0, 0.0, 0.0, 0.0, 0.0, 0.0, 3.184713363647461], "tonal.thpcp": [1.0, 0.8731852769851685, 0.5523920059204102, 0.5029730796813965, 0.3520749807357788, 0.15174748003482819, 0.08683851361274719, 0.07166264951229095, 0.08076786249876022, 0.07832923531532288, 0.07311678677797318, 0.07506341487169266, 0.0831216424703598, 0.107222780585289, 0.12127739191055298, 0.14386682212352753, 0.1379038244485855, 0.10135765373706818, 0.07465966790914536, 0.051077574491500854, 0.0547482930123806, 0.060539279133081436, 0.09075617045164108, 0.12036775797605515, 0.11254511773586273, 0.0880899503827095, 0.06273949891328812, 0.06789129972457886, 0.07096277922391891, 0.07786756008863449, 0.06169293820858002, 0.06339308619499207, 0.1304062008857727, 0.1679106503725052, 0.2248799353837967, 0.5683382749557495], "lowlevel.gfcc.cov": [[18327.775390625, -281.1295471191406, -336.5924072265625, 1031.011474609375, -1493.93505859375, 622.292236328125, -449.0014343261719, 374.9017333984375, 98.72673797607422, 91.13934326171875, 252.12588500976562, 593.03955078125, -144.22203063964844], [-281.1295471191406, 4230.37548828125, -459.0490417480469, -1003.4529418945312, 990.6959228515625, -1029.5892333984375, 388.2901916503906, -279.0232849121094, 500.9118347167969, -684.984619140625, 575.6028442382812, -201.33909606933594, 271.1560974121094], [-336.5924072265625, -459.0490417480469, 2225.13623046875, 662.4649658203125, 94.12580108642578, 412.3155212402344, 138.8435516357422, -146.83837890625, -69.77432250976562, 93.70352935791016, -121.45025634765625, 102.365966796875, 72.78600311279297], [1031.011474609375, -1003.4529418945312, 662.4649658203125, 1140.8709716796875, -28.277311325073242, 102.47886657714844, -62.41243362426758, 9.231481552124023, -34.164710998535156, 136.5744171142578, -82.11528015136719, 12.591593742370605, 84.87815856933594], [-1493.93505859375, 990.6959228515625, 94.12580108642578, -28.277311325073242, 1065.1348876953125, -260.0069580078125, 203.7600860595703, -44.78355026245117, 182.44699096679688, -80.82996368408203, 120.57345581054688, -147.21673583984375, 188.6586456298828], [622.292236328125, -1029.5892333984375, 412.3155212402344, 102.47886657714844, -260.0069580078125, 729.8319091796875, 89.33912658691406, 30.59137725830078, -165.19146728515625, 157.3756866455078, -188.1600799560547, 11.063127517700195, -85.59346771240234], [-449.0014343261719, 388.2901916503906, 138.8435516357422, -62.41243362426758, 203.7600860595703, 89.33912658691406, 469.98968505859375, 27.844501495361328, 24.034954071044922, -64.96343231201172, 80.2206802368164, -61.12803268432617, 83.27251434326172], [374.9017333984375, -279.0232849121094, -146.83837890625, 9.231481552124023, -44.78355026245117, 30.59137725830078, 27.844501495361328, 204.69544982910156, 26.578393936157227, 64.537841796875, -0.8268027901649475, 24.70337677001953, -21.941518783569336], [98.72673797607422, 500.9118347167969, -69.77432250976562, -34.164710998535156, 182.44699096679688, -165.19146728515625, 24.034954071044922, 26.578393936157227, 251.2138214111328, -33.388458251953125, 88.90099334716797, -21.422245025634766, 76.09854125976562], [91.13934326171875, -684.984619140625, 93.70352935791016, 136.5744171142578, -80.82996368408203, 157.3756866455078, -64.96343231201172, 64.537841796875, -33.388458251953125, 251.740966796875, -39.3710823059082, 22.956985473632812, -27.534902572631836], [252.12588500976562, 575.6028442382812, -121.45025634765625, -82.11528015136719, 120.57345581054688, -188.1600799560547, 80.2206802368164, -0.8268027901649475, 88.90099334716797, -39.3710823059082, 246.4070281982422, 32.581153869628906, 64.58321380615234], [593.03955078125, -201.33909606933594, 102.365966796875, 12.591593742370605, -147.21673583984375, 11.063127517700195, -61.12803268432617, 24.70337677001953, -21.422245025634766, 22.956985473632812, 32.581153869628906, 222.02102661132812, 13.441158294677734], [-144.22203063964844, 271.1560974121094, 72.78600311279297, 84.87815856933594, 188.6586456298828, -85.59346771240234, 83.27251434326172, -21.941518783569336, 76.09854125976562, -27.534902572631836, 64.58321380615234, 13.441158294677734, 175.939453125]], "lowlevel.gfcc.icov": [[0.00018313257896807045, -0.0006745185819454491, 0.0002366172702750191, -0.000707617960870266, 0.00030463701114058495, -0.0007402413757517934, 0.00032373788417316973, -0.0006357805104926229, 0.00024293613387271762, -0.0006250833394005895, 0.00028920097975060344, -0.0007412502309307456, 0.00026143548893742263], [-0.0006745185819454491, 0.004845981020480394, -0.0013356657000258565, 0.0041377185843884945, -0.0016175967175513506, 0.003945141099393368, -0.0015840122941881418, 0.0038259609136730433, -0.002778709167614579, 0.005800478160381317, -0.0038427182007580996, 0.0042264447547495365, -0.0013870670227333903], [0.0002366172702750191, -0.0013356657000258565, 0.0011574868112802505, -0.0016422413755208254, 0.00028934123110957444, -0.0015503860777243972, 0.00014282268239185214, -0.00032589625334367156, 0.0004622516280505806, -0.0015800298424437642, 0.0011942398268729448, -0.0019461202900856733, 0.0006562201888300478], [-0.000707617960870266, 0.0041377185843884945, -0.0016422413755208254, 0.005019184667617083, -0.001315262750722468, 0.003838588483631611, -0.0011508073657751083, 0.0029547098092734814, -0.001854941132478416, 0.004198169801384211, -0.0027291395235806704, 0.004337329417467117, -0.002378324745222926], [0.00030463701114058495, -0.0016175967175513506, 0.00028934123110957444, -0.001315262750722468, 0.002167685888707638, -0.0010231167543679476, 0.00029992067720741034, -0.0013602261897176504, 0.00043065103818662465, -0.001963082468137145, 0.0010052534053102136, -0.00047767028445377946, -0.0007021673955023289], [-0.0007402413757517934, 0.003945141099393368, -0.0015503860777243972, 0.003838588483631611, -0.0010231167543679476, 0.006401391699910164, -0.002699076198041439, 0.0033599205780774355, -0.0013106996193528175, 0.0028426595963537693, -0.0009938242146745324, 0.0037174252793192863, -0.0008970348862931132], [0.00032373788417316973, -0.0015840122941881418, 0.00014282268239185214, -0.0011508073657751083, 0.00029992067720741034, -0.002699076198041439, 0.004338508937507868, -0.0029444373212754726, 0.0014256653375923634, -0.00025810947408899665, -0.0008010403835214674, -9.132907871389762e-05, -0.0012085918569937348], [-0.0006357805104926229, 0.0038259609136730433, -0.00032589625334367156, 0.0029547098092734814, -0.0013602261897176504, 0.0033599205780774355, -0.0029444373212754726, 0.010056457482278347, -0.0036734032910317183, 0.0023945020511746407, -0.0019162220414727926, 0.0017966345185413957, 0.0005623210454359651], [0.00024293613387271762, -0.002778709167614579, 0.0004622516280505806, -0.001854941132478416, 0.00043065103818662465, -0.0013106996193528175, 0.0014256653375923634, -0.0036734032910317183, 0.007771414704620838, -0.0033508071210235357, 0.001324907992966473, -0.0011420645751059055, -0.0013318591518327594], [-0.0006250833394005895, 0.005800478160381317, -0.0015800298424437642, 0.004198169801384211, -0.001963082468137145, 0.0028426595963537693, -0.00025810947408899665, 0.0023945020511746407, -0.0033508071210235357, 0.013202003203332424, -0.005985716357827187, 0.004924955312162638, -0.001578552066348493], [0.00028920097975060344, -0.0038427182007580996, 0.0011942398268729448, -0.0027291395235806704, 0.0010052534053102136, -0.0009938242146745324, -0.0008010403835214674, -0.0019162220414727926, 0.001324907992966473, -0.005985716357827187, 0.010467596352100372, -0.004768353886902332, 0.0005727693205699325], [-0.0007412502309307456, 0.0042264447547495365, -0.0019461202900856733, 0.004337329417467117, -0.00047767028445377946, 0.0037174252793192863, -9.132907871389762e-05, 0.0017966345185413957, -0.0011420645751059055, 0.004924955312162638, -0.004768353886902332, 0.010539962910115719, -0.0036108505446463823], [0.00026143548893742263, -0.0013870670227333903, 0.0006562201888300478, -0.002378324745222926, -0.0007021673955023289, -0.0008970348862931132, -0.0012085918569937348, 0.0005623210454359651, -0.0013318591518327594, -0.001578552066348493, 0.0005727693205699325, -0.0036108505446463823, 0.010265014134347439]], "lowlevel.mfcc.cov": [[17274.916015625, -1195.454833984375, 298.0889892578125, -314.2350769042969, -578.7183837890625, -291.5778503417969, -551.1121215820312, 308.31280517578125, -351.7459411621094, -127.07193756103516, 279.61663818359375, 142.1188201904297, 42.40498352050781], [-1195.454833984375, 5017.10693359375, -1207.265869140625, 64.38317108154297, 243.0963592529297, -446.84893798828125, -104.42432403564453, 267.57421875, -112.42825317382812, -205.39703369140625, 149.46267700195312, 14.080785751342773, -45.616065979003906], [298.0889892578125, -1207.265869140625, 2107.873779296875, 198.38671875, -57.30757141113281, 503.7697448730469, 99.78422546386719, 61.45823287963867, 23.5665225982666, 42.73598861694336, -161.4869842529297, -11.602548599243164, 96.30558013916016], [-314.2350769042969, 64.38317108154297, 198.38671875, 1016.0896606445312, 332.9013977050781, 3.884096622467041, 10.076746940612793, -36.19404220581055, 87.22708129882812, 13.737170219421387, -47.16524124145508, -6.1332879066467285, 45.96495056152344], [-578.7183837890625, 243.0963592529297, -57.30757141113281, 332.9013977050781, 544.4592895507812, 95.54297637939453, -35.35470199584961, -59.60221862792969, 76.16131591796875, 62.29861831665039, -51.470767974853516, -1.476049780845642, 48.70014953613281], [-291.5778503417969, -446.84893798828125, 503.7697448730469, 3.884096622467041, 95.54297637939453, 466.7969970703125, 211.84083557128906, 2.4775514602661133, 122.32406616210938, 84.3774642944336, -62.26301956176758, 9.815893173217773, 9.562605857849121], [-551.1121215820312, -104.42432403564453, 99.78422546386719, 10.076746940612793, -35.35470199584961, 211.84083557128906, 420.59771728515625, 42.21547317504883, 105.78324127197266, 75.96410369873047, 16.41666603088379, 31.235774993896484, 0.12468831241130829], [308.31280517578125, 267.57421875, 61.45823287963867, -36.19404220581055, -59.60221862792969, 2.4775514602661133, 42.21547317504883, 233.84226989746094, 26.191152572631836, -24.321744918823242, 28.86996841430664, -22.2530460357666, 6.47525691986084], [-351.7459411621094, -112.42825317382812, 23.5665225982666, 87.22708129882812, 76.16131591796875, 122.32406616210938, 105.78324127197266, 26.191152572631836, 231.6919403076172, 109.44062805175781, -8.418712615966797, -4.708253860473633, 12.817680358886719], [-127.07193756103516, -205.39703369140625, 42.73598861694336, 13.737170219421387, 62.29861831665039, 84.3774642944336, 75.96410369873047, -24.321744918823242, 109.44062805175781, 190.00181579589844, 45.04621505737305, -3.600163698196411, 2.886162757873535], [279.61663818359375, 149.46267700195312, -161.4869842529297, -47.16524124145508, -51.470767974853516, -62.26301956176758, 16.41666603088379, 28.86996841430664, -8.418712615966797, 45.04621505737305, 163.74859619140625, 40.32903289794922, -9.522676467895508], [142.1188201904297, 14.080785751342773, -11.602548599243164, -6.1332879066467285, -1.476049780845642, 9.815893173217773, 31.235774993896484, -22.2530460357666, -4.708253860473633, -3.600163698196411, 40.32903289794922, 123.12342834472656, 46.695167541503906], [42.40498352050781, -45.616065979003906, 96.30558013916016, 45.96495056152344, 48.70014953613281, 9.562605857849121, 0.12468831241130829, 6.47525691986084, 12.817680358886719, 2.886162757873535, -9.522676467895508, 46.695167541503906, 119.52696990966797]], "lowlevel.mfcc.icov": [[7.160296809161082e-05, 2.8140970243839547e-05, 8.665494533488527e-06, -1.8947432181448676e-05, 5.562266960623674e-05, -3.544196079019457e-05, 0.00013105530524626374, -0.00015668707783333957, 9.877559205051512e-05, -3.67747234122362e-05, -8.256942237494513e-05, -0.0001154558194684796, 2.9874777283112053e-06], [2.8140970243839547e-05, 0.00030208981479518116, 0.00011212063691345975, 5.022678124078084e-06, -0.00024781437241472304, 0.00015182911010924727, -2.239515379187651e-05, -0.00044965706183575094, 9.442074951948598e-05, 0.0002680720645003021, -0.00017795560415834188, -0.0001330601517111063, 0.00014744765940122306], [8.665494533488527e-06, 0.00011212063691345975, 0.0009632102446630597, -0.0003918565344065428, 0.0005561444559134543, -0.0012378747342154384, 0.000421198143158108, -0.0005653166444972157, 0.0007610762258991599, -0.0005064543802291155, 0.0006108243251219392, 3.0378123483387753e-05, -0.0007156386855058372], [-1.8947432181448676e-05, 5.022678124078084e-06, -0.0003918565344065428, 0.0014795457245782018, -0.001113899052143097, 0.0008933761855587363, -0.00047129791346378624, 0.0003508263034746051, -0.0008155253017321229, 0.0007025719387456775, -0.0002323761145817116, 0.00018430640920996666, 9.923089965013787e-05], [5.562266960623674e-05, -0.00024781437241472304, 0.0005561444559134543, -0.001113899052143097, 0.003497128142043948, -0.0017033269396051764, 0.0011681971373036504, 0.00033054754021577537, 0.0003170992131344974, -0.0014761204365640879, 0.0009540755418129265, 8.917519880924374e-05, -0.0013989630388095975], [-3.544196079019457e-05, 0.00015182911010924727, -0.0012378747342154384, 0.0008933761855587363, -0.0017033269396051764, 0.005468212999403477, -0.0022345103789120913, 0.00021468178601935506, -0.001642319606617093, 0.00010654491052264348, 0.0008675312274135649, -0.0008260219474323094, 0.0015369342872872949], [0.00013105530524626374, -2.239515379187651e-05, 0.000421198143158108, -0.00047129791346378624, 0.0011681971373036504, -0.0022345103789120913, 0.004097726661711931, -0.0009399676928296685, -0.00018097631982527673, -0.0010455396259203553, -8.22298534330912e-05, -0.0011726978700608015, 3.251155067118816e-05], [-0.00015668707783333957, -0.00044965706183575094, -0.0005653166444972157, 0.0003508263034746051, 0.00033054754021577537, 0.00021468178601935506, -0.0009399676928296685, 0.00650208443403244, -0.0020926608704030514, 0.0023091896437108517, -0.002166145481169224, 0.0028276615776121616, -0.0014071570476517081], [9.877559205051512e-05, 9.442074951948598e-05, 0.0007610762258991599, -0.0008155253017321229, 0.0003170992131344974, -0.001642319606617093, -0.00018097631982527673, -0.0020926608704030514, 0.00810451339930296, -0.00463610514998436, 0.0019093984737992287, -0.0005206945352256298, -0.0005844758707098663], [-3.67747234122362e-05, 0.0002680720645003021, -0.0005064543802291155, 0.0007025719387456775, -0.0014761204365640879, 0.00010654491052264348, -0.0010455396259203553, 0.0023091896437108517, -0.00463610514998436, 0.0106659522280097, -0.005049524828791618, 0.0026200544089078903, -0.0004641103732865304], [-8.256942237494513e-05, -0.00017795560415834188, 0.0006108243251219392, -0.0002323761145817116, 0.0009540755418129265, 0.0008675312274135649, -8.22298534330912e-05, -0.002166145481169224, 0.0019093984737992287, -0.005049524828791618, 0.010660718195140362, -0.004493052139878273, 0.001739676808938384], [-0.0001154558194684796, -0.0001330601517111063, 3.0378123483387753e-05, 0.00018430640920996666, 8.917519880924374e-05, -0.0008260219474323094, -0.0011726978700608015, 0.0028276615776121616, -0.0005206945352256298, 0.0026200544089078903, -0.004493052139878273, 0.012808969244360924, -0.005596805363893509], [2.9874777283112053e-06, 0.00014744765940122306, -0.0007156386855058372, 9.923089965013787e-05, -0.0013989630388095975, 0.0015369342872872949, 3.251155067118816e-05, -0.0014071570476517081, -0.0005844758707098663, -0.0004641103732865304, 0.001739676808938384, -0.005596805363893509, 0.011882169172167778]], "metadata.audio_properties.analysis.downmix": "mix", "metadata.audio_properties.codec": "mp3", "metadata.audio_properties.md5_encoded": "bf8da4aa63af70d9e9373bb5f027409f", "metadata.tags.file_name": "1182275958623977572.mp3", "metadata.version.essentia": "2.1-beta6-dev", "metadata.version.essentia_git_sha": "v2.1_beta5-1110-g77a6a954", "metadata.version.extractor": "music 2.0", "tonal.chords_key": "F", "tonal.chords_scale": "minor", "tonal.key_edma.key": "F", "tonal.key_edma.scale": "minor", "tonal.key_krumhansl.key": "F", "tonal.key_krumhansl.scale": "minor", "tonal.key_temperley.key": "F", "tonal.key_temperley.scale": "minor", "metadata.tags.encoding": ["Lavf58.45.100"]}, "essentia_models": [{"model_name": "genre_dortmund", "activations": {"alternative": "0.0046361894", "blues": "0.00036475484", "electronic": "0.051225934", "folkcountry": "0.00033111815", "funksoulrnb": "0.0021434892", "jazz": "0.0016568468", "pop": "0.003015881", "raphiphop": "0.93923503", "rock": "0.0015480652"}}, {"model_name": "genre_rosamerica", "activations": {"classic": "0.00093361613", "dance": "0.0002727941", "hip hop": "0.7859496", "jazz"