{"song_id": "1182282617261936690", "download": "https://cdn.discordapp.com/attachments/1128313332273782784/1182282617261936690/chirp.mp4?ex=6584217d&amp", "lyrics": "[Verse]\nIt's 2023 and we're feeling the groove\nFunk is here to make you move, make you move\nThe bassline hits hard, the rhythm is tight\nGet ready to dance, we're taking flight\n\n[Chorus]\nCrie uma funk bem atualizado, oh yeah\nLet the music flow through your veins, no fear\nCrie uma funk bem atualizado, all night long\nFeel the funk's power, sing along, sing along", "style": ["pop"], "essentia_features": {"lowlevel.average_loudness": 0.9766360521316528, "lowlevel.barkbands_crest.mean": 11.203680038452148, "lowlevel.barkbands_crest.stdev": 4.3663153648376465, "lowlevel.barkbands_flatness_db.mean": 0.18993404507637024, "lowlevel.barkbands_flatness_db.stdev": 0.08074133098125458, "lowlevel.barkbands_kurtosis.mean": 17.255285263061523, "lowlevel.barkbands_kurtosis.stdev": 24.840707778930664, "lowlevel.barkbands_skewness.mean": 2.9016318321228027, "lowlevel.barkbands_skewness.stdev": 2.197697401046753, "lowlevel.barkbands_spread.mean": 17.93246841430664, "lowlevel.barkbands_spread.stdev": 15.902556419372559, "lowlevel.dissonance.mean": 0.45759835839271545, "lowlevel.dissonance.stdev": 0.035709746181964874, "lowlevel.dynamic_complexity": 2.874563455581665, "lowlevel.erbbands_crest.mean": 9.0610990524292, "lowlevel.erbbands_crest.stdev": 4.119421482086182, "lowlevel.erbbands_flatness_db.mean": 0.14810578525066376, "lowlevel.erbbands_flatness_db.stdev": 0.05847357213497162, "lowlevel.erbbands_kurtosis.mean": 1.3153005838394165, "lowlevel.erbbands_kurtosis.stdev": 5.324460506439209, "lowlevel.erbbands_skewness.mean": 0.5255404710769653, "lowlevel.erbbands_skewness.stdev": 1.1619415283203125, "lowlevel.erbbands_spread.mean": 55.451175689697266, "lowlevel.erbbands_spread.stdev": 31.468318939208984, "lowlevel.hfc.mean": 16.83133316040039, "lowlevel.hfc.stdev": 15.805736541748047, "lowlevel.loudness_ebu128.integrated": -13.687017440795898, "lowlevel.loudness_ebu128.loudness_range": 1.9439411163330078, "lowlevel.loudness_ebu128.momentary.mean": -13.920771598815918, "lowlevel.loudness_ebu128.momentary.stdev": 1.4813673496246338, "lowlevel.loudness_ebu128.short_term.mean": -13.687664985656738, "lowlevel.loudness_ebu128.short_term.stdev": 0.6602941155433655, "lowlevel.melbands_crest.mean": 17.704198837280273, "lowlevel.melbands_crest.stdev": 6.195378303527832, "lowlevel.melbands_flatness_db.mean": 0.2672366201877594, "lowlevel.melbands_flatness_db.stdev": 0.10875215381383896, "lowlevel.melbands_kurtosis.mean": 52.913978576660156, "lowlevel.melbands_kurtosis.stdev": 73.83687591552734, "lowlevel.melbands_skewness.mean": 4.831899166107178, "lowlevel.melbands_skewness.stdev": 3.3183486461639404, "lowlevel.melbands_spread.mean": 17.470932006835938, "lowlevel.melbands_spread.stdev": 26.485933303833008, "lowlevel.pitch_salience.mean": 0.5133528113365173, "lowlevel.pitch_salience.stdev": 0.13532203435897827, "lowlevel.silence_rate_20dB.mean": 1.0, "lowlevel.silence_rate_20dB.stdev": 0.0, "lowlevel.silence_rate_30dB.mean": 0.9294790625572205, "lowlevel.silence_rate_30dB.stdev": 0.25602421164512634, "lowlevel.silence_rate_60dB.mean": 0.09720457345247269, "lowlevel.silence_rate_60dB.stdev": 0.29623404145240784, "lowlevel.spectral_centroid.mean": 1104.356689453125, "lowlevel.spectral_centroid.stdev": 809.4022216796875, "lowlevel.spectral_complexity.mean": 12.78017807006836, "lowlevel.spectral_complexity.stdev": 9.085993766784668, "lowlevel.spectral_decrease.mean": -1.0959492868778398e-08, "lowlevel.spectral_decrease.stdev": 1.1243522557435881e-08, "lowlevel.spectral_energy.mean": 0.04289035126566887, "lowlevel.spectral_energy.stdev": 0.043090157210826874, "lowlevel.spectral_energyband_high.mean": 0.0008149443892762065, "lowlevel.spectral_energyband_high.stdev": 0.0014267591759562492, "lowlevel.spectral_energyband_low.mean": 0.02798355557024479, "lowlevel.spectral_energyband_low.stdev": 0.0390341691672802, "lowlevel.spectral_energyband_middle_high.mean": 0.0024464409798383713, "lowlevel.spectral_energyband_middle_high.stdev": 0.0030938531272113323, "lowlevel.spectral_energyband_middle_low.mean": 0.014905341900885105, "lowlevel.spectral_energyband_middle_low.stdev": 0.017298581078648567, "lowlevel.spectral_entropy.mean": 7.396731853485107, "lowlevel.spectral_entropy.stdev": 0.7040358781814575, "lowlevel.spectral_flux.mean": 0.09924531728029251, "lowlevel.spectral_flux.stdev": 0.08492229878902435, "lowlevel.spectral_kurtosis.mean": 5.772002220153809, "lowlevel.spectral_kurtosis.stdev": 11.482343673706055, "lowlevel.spectral_rms.mean": 0.005748722702264786, "lowlevel.spectral_rms.stdev": 0.0029658712446689606, "lowlevel.spectral_rolloff.mean": 1164.257568359375, "lowlevel.spectral_rolloff.stdev": 1970.984130859375, "lowlevel.spectral_skewness.mean": 1.646008014678955, "lowlevel.spectral_skewness.stdev": 1.0075589418411255, "lowlevel.spectral_spread.mean": 5424859.0, "lowlevel.spectral_spread.stdev": 2297074.5, "lowlevel.spectral_strongpeak.mean": 0.6263310313224792, "lowlevel.spectral_strongpeak.stdev": 0.6456498503684998, "lowlevel.zerocrossingrate.mean": 0.054715730249881744, "lowlevel.zerocrossingrate.stdev": 0.05209207907319069, "metadata.audio_properties.analysis.equal_loudness": 0.0, "metadata.audio_properties.analysis.length": 36.521610260009766, "metadata.audio_properties.analysis.sample_rate": 44100.0, "metadata.audio_properties.analysis.start_time": 0.0, "metadata.audio_properties.bit_rate": 118965.0, "metadata.audio_properties.length": 36.522666931152344, "metadata.audio_properties.lossless": 0.0, "metadata.audio_properties.number_channels": 1.0, "metadata.audio_properties.replay_gain": -12.614812850952148, "metadata.audio_properties.sample_rate": 48000.0, "rhythm.beats_count": 104.0, "rhythm.beats_loudness.mean": 0.08205898851156235, "rhythm.beats_loudness.stdev": 0.028035761788487434, "rhythm.bpm": 172.2655487060547, "rhythm.bpm_histogram_first_peak_bpm": 172.0, "rhythm.bpm_histogram_first_peak_weight": 0.0, "rhythm.bpm_histogram_second_peak_bpm": 167.0, "rhythm.bpm_histogram_second_peak_spread": 0.0, "rhythm.bpm_histogram_second_peak_weight": 0.03883495181798935, "rhythm.danceability": 1.3204246759414673, "rhythm.onset_rate": 3.8044044971466064, "tonal.chords_changes_rate": 0.07868020236492157, "tonal.chords_number_rate": 0.008883249014616013, "tonal.chords_strength.mean": 0.5052807927131653, "tonal.chords_strength.stdev": 0.08563023805618286, "tonal.hpcp_crest.mean": 12.569984436035156, "tonal.hpcp_crest.stdev": 5.72400426864624, "tonal.hpcp_entropy.mean": 2.1582460403442383, "tonal.hpcp_entropy.stdev": 0.7632344365119934, "tonal.key_edma.strength": 0.558081865310669, "tonal.key_krumhansl.strength": 0.559181809425354, "tonal.key_temperley.strength": 0.561385452747345, "tonal.tuning_diatonic_strength": 0.49883514642715454, "tonal.tuning_equal_tempered_deviation": 0.2319701910018921, "tonal.tuning_frequency": 434.193115234375, "tonal.tuning_nontempered_energy_ratio": 0.9379575252532959, "lowlevel.barkbands.mean": [0.0010900846682488918, 0.015379109419882298, 0.008301014080643654, 0.0061025191098451614, 0.004448368214070797, 0.0024691575672477484, 0.0005294777802191675, 0.0006029103533364832, 0.0006539731402881444, 0.00025276909582316875, 0.0002539826382417232, 0.0002931907365564257, 0.00019842850451823324, 0.00018986118084285408, 0.00022620189702138305, 0.00019446140504442155, 0.00018604306387715042, 0.00012017436529276893, 0.0005185225163586438, 0.00012332391634117812, 0.00013408531958702952, 0.0001598305971128866, 0.00020176863472443074, 0.00010075781756313518, 9.807098103919998e-05, 6.154466245789081e-05, 7.015867709014856e-07], "lowlevel.barkbands.stdev": [0.002991852117702365, 0.029754366725683212, 0.011073517613112926, 0.007405359297990799, 0.010529701597988605, 0.004895671270787716, 0.00115097570233047, 0.0012327443109825253, 0.002244655042886734, 0.00078893470345065, 0.0005721813067793846, 0.00096441141795367, 0.0005130576901137829, 0.0003745929861906916, 0.00048744637751951814, 0.0004261135181877762, 0.00031254568602889776, 0.0002260233013657853, 0.0009843086590990424, 0.00022119034838397056, 0.00028479876345954835, 0.0002989485510624945, 0.000551464210730046, 0.0002370686997892335, 0.00016644547577016056, 0.00011091296619269997, 2.234632802355918e-06], "lowlevel.erbbands.mean": [0.47109079360961914, 3.2893645763397217, 9.672928810119629, 15.977294921875, 20.010578155517578, 12.241579055786133, 14.688340187072754, 19.681936264038086, 8.89907169342041, 10.724191665649414, 13.0933198928833, 15.581631660461426, 9.607706069946289, 10.2305269241333, 10.259238243103027, 10.90462589263916, 10.139017105102539, 9.681151390075684, 9.977519035339355, 12.39976978302002, 11.202720642089844, 10.364286422729492, 6.902858257293701, 15.913148880004883, 24.46629524230957, 6.245555877685547, 5.522975921630859, 5.258376598358154, 5.487977981567383, 6.681507110595703, 5.206925868988037, 2.634458541870117, 1.527764916419983, 1.155390739440918, 0.6496661305427551, 0.3151502311229706, 0.10558788478374481, 0.011801686137914658, 0.00025169452419504523, 5.88937800785061e-05], "lowlevel.erbbands.stdev": [1.156480312347412, 6.222762584686279, 13.278088569641113, 17.783681869506836, 30.668359756469727, 41.754638671875, 31.79629135131836, 43.62498092651367, 21.37494468688965, 23.297765731811523, 27.477420806884766, 53.846248626708984, 24.631799697875977, 31.6306209564209, 24.19525146484375, 32.878543853759766, 26.399972915649414, 18.598724365234375, 20.388431549072266, 28.06427001953125, 21.30141258239746, 17.73619842529297, 11.463785171508789, 27.848190307617188, 50.822628021240234, 10.215563774108887, 11.160177230834961, 11.519133567810059, 10.236690521240234, 15.521946907043457, 14.416471481323242, 6.952190399169922, 3.296708106994629, 2.05743145942688, 1.1547107696533203, 0.5769883990287781, 0.19205711781978607, 0.024261796846985817, 0.0004561815585475415, 5.3850752010475844e-05], "lowlevel.gfcc.mean": [-25.63166046142578, 91.59334564208984, -85.21993255615234, 47.99198532104492, -54.499725341796875, 15.912059783935547, -38.9563102722168, 11.588360786437988, -25.683488845825195, 0.3164105713367462, -19.36949348449707, -3.3899834156036377, -16.836549758911133], "lowlevel.melbands.mean": [0.004148766398429871, 0.004818785469979048, 0.0029038558714091778, 0.0011397367343306541, 0.0004822079499717802, 0.000439902680227533, 0.00013352982932701707, 0.00012084032641723752, 0.00010421013575978577, 0.00010051704884972423, 4.5259777834871784e-05, 3.937951987609267e-05, 3.406298128538765e-05, 2.791174665617291e-05, 2.9514356356230564e-05, 1.974349834199529e-05, 1.803290615498554e-05, 1.5809388060006313e-05, 1.6600675735389814e-05, 1.5284338587662205e-05, 1.2591877748491243e-05, 1.143692043115152e-05, 7.456235380232101e-06, 5.319302090356359e-06, 1.2594897270901129e-05, 2.4107543140416965e-05, 7.86401596997166e-06, 3.2843868211784866e-06, 3.3762519251467893e-06, 3.356796014486463e-06, 2.9160476060496876e-06, 3.067619445573655e-06, 3.1781173674971797e-06, 4.036244263261324e-06, 3.2053549148258753e-06, 2.2368906229530694e-06, 1.3537342056224588e-06, 1.0524229310249211e-06, 9.97453184936603e-07, 9.759027079780935e-07], "lowlevel.melbands.stdev": [0.008849863894283772, 0.006895974278450012, 0.003072368213906884, 0.0027080753352493048, 0.0009890072979032993, 0.0009270826121792197, 0.000302391592413187, 0.0002669227251317352, 0.0002586001646704972, 0.0003692234749905765, 0.00012059575965395197, 0.00013109510473441333, 7.685025775572285e-05, 7.122212991816923e-05, 0.00011948647443205118, 5.089361729915254e-05, 3.680491499835625e-05, 3.360344635439105e-05, 3.626290708780289e-05, 3.743687193491496e-05, 2.327772745047696e-05, 2.0400169887579978e-05, 1.4325760275823995e-05, 9.801507076190319e-06, 2.3971673726919107e-05, 5.261930709821172e-05, 1.456709924241295e-05, 6.4377441049146e-06, 7.0572286858805455e-06, 7.233475571410963e-06, 6.681083505100105e-06, 5.964747742837062e-06, 6.194326488184743e-06, 1.062015780917136e-05, 9.218375453201588e-06, 6.311917331913719e-06, 3.622149961302057e-06, 2.3738327854516683e-06, 1.923454419738846e-06, 1.767329763424641e-06], "lowlevel.melbands128.mean": [0.0009583909413777292, 0.003949546255171299, 0.004874144680798054, 0.005691138561815023, 0.0053672934882342815, 0.0037536618765443563, 0.0033033154904842377, 0.002881428226828575, 0.0020598445553332567, 0.0010638706153258681, 0.0005826331907883286, 0.00032729728263802826, 0.0004991868627257645, 0.0006109282840043306, 0.0004965185653418303, 0.0003525230276864022, 0.00014983788423705846, 8.366549445781857e-05, 0.00012600439367815852, 0.00011401167284930125, 0.00013213252532295883, 9.935550042428076e-05, 0.00011926475417567417, 8.2122023741249e-05, 8.329191769007593e-05, 0.0001450274867238477, 5.2190393034834415e-05, 4.3025454942835495e-05, 1.9189865270163864e-05, 3.569043110474013e-05, 5.0129583542002365e-05, 4.080600047018379e-05, 2.507126919226721e-05, 3.895447662216611e-05, 3.1572282750857994e-05, 1.838671050791163e-05, 3.0550345400115475e-05, 4.180959876975976e-05, 1.6904614312807098e-05, 2.2013917259755544e-05, 2.236770887975581e-05, 1.3242915883893147e-05, 1.594769855728373e-05, 2.3960888938745484e-05, 1.6025680452003144e-05, 1.4342696886160411e-05, 1.538727337901946e-05, 1.3012280760449357e-05, 2.1882495275349356e-05, 1.5961448298185132e-05, 1.3327270607987884e-05, 1.6204328858293593e-05, 1.1333986549288966e-05, 1.2589931429829448e-05, 1.1580627869989257e-05, 1.3010018847126048e-05, 9.013738235807978e-06, 8.800821888144128e-06, 6.74320426696795e-06, 5.265271738608135e-06, 4.32961132901255e-06, 5.577285719482461e-06, 9.312896509072743e-06, 1.3822338587488048e-05, 1.886674181150738e-05, 3.1064577342476696e-05, 2.4193575882236473e-05, 9.52333903114777e-06, 4.820340564037906e-06, 3.726464456121903e-06, 2.8801316602766747e-06, 3.3064129638660233e-06, 3.493407348287292e-06, 3.2846821795828873e-06, 3.4190729820693377e-06, 3.390587835383485e-06, 3.442981551415869e-06, 2.985683750011958e-06, 2.756400590442354e-06, 2.805310259645921e-06, 3.35838740284089e-06, 3.0327892091008835e-06, 2.828207925631432e-06, 3.2380946777266217e-06, 3.2887373890844174e-06, 3.9650867620366625e-06, 4.375089247332653e-06, 4.088100922672311e-06, 3.0320043151732534e-06, 2.7280750600766623e-06, 2.548896645748755e-06, 2.1372165974753443e-06, 1.651230149946059e-06, 1.3224616850493476e-06, 1.1862626934089349e-06, 1.0669042467270629e-06, 1.0242207508781576e-06, 1.0212143024546094e-06, 9.902148576657055e-07, 1.0136882337974384e-06, 9.643455314289895e-07, 1.068537699211447e-06, 8.348633286914264e-07, 7.966572752593493e-07, 6.462674377871735e-07, 7.221638611554226e-07, 7.181152454904804e-07, 6.283186166911037e-07, 5.248323873274785e-07, 4.683159033902484e-07, 4.2489048723837186e-07, 4.030400191368244e-07, 3.3668354149085644e-07, 2.757551840204542e-07, 2.0782817955478095e-07, 1.3817810895488947e-07, 3.012892690890112e-08, 1.3390549780112337e-09, 8.587960897976643e-11, 7.830745600567734e-12, 7.79498514347221e-12, 6.637731597008978e-12, 6.3117952704694336e-12, 6.330672965015882e-12, 6.060541391655905e-12, 5.457030227001836e-12, 5.13970506779704e-12, 5.0772975233870365e-12], "lowlevel.melbands128.stdev": [0.0028100900817662477, 0.010850662365555763, 0.011628861539065838, 0.010642211884260178, 0.008153398521244526, 0.005036940332502127, 0.004045381676405668, 0.0037682887632399797, 0.003445805748924613, 0.00380311394110322, 0.0025479416362941265, 0.0008589844219386578, 0.0012907946947962046, 0.001658531604334712, 0.001300497562624514, 0.0011009054724127054, 0.0006086791399866343, 0.00020653223327826709, 0.0002990855136886239, 0.000342949089827016, 0.0004204570723231882, 0.00024694655439816415, 0.0003649472491815686, 0.00043274348718114197, 0.00034651850000955164, 0.0007051913999021053, 0.00021170135005377233, 0.00013788088108412921, 6.931855023140088e-05, 0.0001913528103614226, 0.00017645387561060488, 0.000137011767947115, 7.622977864230052e-05, 0.000125191145343706, 0.00013269232294987887, 4.5662840420845896e-05, 0.00010917575855273753, 0.0002446112339384854, 6.251653394429013e-05, 7.121486851247028e-05, 6.583421054529026e-05, 4.10682478104718e-05, 3.9579248550580814e-05, 6.143732025520876e-05, 3.844328603008762e-05, 4.3409043428255245e-05, 4.596394137479365e-05, 3.2581057894276455e-05, 7.086354162311181e-05, 4.1715411498444155e-05, 4.808587982552126e-05, 4.8120426072273403e-05, 2.6154639272135682e-05, 2.5971396098611876e-05, 2.2426042050938122e-05, 3.125796138192527e-05, 1.9880470063071698e-05, 2.3749384126858786e-05, 1.5117905604711268e-05, 1.14797448986792e-05, 9.064448022400029e-06, 1.2251976841071155e-05, 2.671375114005059e-05, 3.563662903616205e-05, 3.959122841479257e-05, 7.950682629598305e-05, 6.312742334557697e-05, 2.2976008040132e-05, 9.401526767760515e-06, 7.685471246077213e-06, 5.975643489364302e-06, 7.93394610809628e-06, 8.07611104391981e-06, 7.5356479101174045e-06, 7.88443776400527e-06, 7.641210686415434e-06, 8.504735887981951e-06, 7.52052756070043e-06, 6.995913736318471e-06, 6.837043656560127e-06, 7.4542517722875345e-06, 6.125289928604616e-06, 6.159440999908838e-06, 6.686210326733999e-06, 7.357276899710996e-06, 9.551004950481001e-06, 1.4479224773822352e-05, 1.2439018064469565e-05, 9.139146641246043e-06, 8.0731306297821e-06, 7.800142157066148e-06, 6.181939170346595e-06, 4.816581167688128e-06, 4.148044354224112e-06, 3.1181775739241857e-06, 2.5533424832246965e-06, 2.603491111585754e-06, 2.464008048264077e-06, 2.0841305286012357e-06, 1.9538560991350096e-06, 1.8792273976941942e-06, 2.0441295873752097e-06, 1.6836676195453038e-06, 1.461570491301245e-06, 1.4552964557879022e-06, 1.4066328049011645e-06, 1.3347694221010897e-06, 1.3223660744188237e-06, 1.1269286233073217e-06, 8.933161552704405e-07, 8.107300004667195e-07, 8.620642120149569e-07, 6.358152973007236e-07, 5.850305342391948e-07, 4.428214879226289e-07, 3.4673911386562395e-07, 8.515485916404941e-08, 9.766434772018329e-09, 1.4296674955005528e-09, 3.732592013250269e-11, 3.919351301839846e-11, 1.9365552564321042e-11, 1.7149063419319432e-11, 1.919173153730469e-11, 1.7348044875631352e-11, 9.811914301882663e-12, 7.842776775235372e-12, 7.748141538088671e-12], "lowlevel.mfcc.mean": [-677.312744140625, 119.73625946044922, 27.035608291625977, 35.63927459716797, 12.494565963745117, 8.270009994506836, 0.9997867345809937, 7.573652267456055, -1.9588717222213745, 4.28433084487915, 1.2283204793930054, -6.3042778968811035, 1.919590711593628], "lowlevel.spectral_contrast_coeffs.mean": [-0.6584791541099548, -0.755982518196106, -0.7934072613716125, -0.8156907558441162, -0.7925119400024414, -0.7650848627090454], "lowlevel.spectral_contrast_coeffs.stdev": [0.09282667934894562, 0.08191204816102982, 0.06392979621887207, 0.05588453635573387, 0.06433792412281036, 0.04389650747179985], "lowlevel.spectral_contrast_valleys.mean": [-6.703303813934326, -7.119488716125488, -7.910468101501465, -8.08267879486084, -7.9639058113098145, -10.444161415100098], "lowlevel.spectral_contrast_valleys.stdev": [1.04035484790802, 0.6471896767616272, 0.7996818423271179, 0.8834949731826782, 0.9779837131500244, 1.3025075197219849], "rhythm.beats_loudness_band_ratio.mean": [0.7735665440559387, 0.1483963131904602, 0.028798788785934448, 0.019434817135334015, 0.018897734582424164, 0.042711980640888214], "rhythm.beats_loudness_band_ratio.stdev": [0.2618197500705719, 0.19151364266872406, 0.047782253473997116, 0.02390964888036251, 0.022984441369771957, 0.0562371090054512], "tonal.hpcp.mean": [0.0620548389852047, 0.07102857530117035, 0.088890440762043, 0.13769985735416412, 0.13250598311424255, 0.06804808229207993, 0.061074186116456985, 0.07496308535337448, 0.0698961392045021, 0.0981130376458168, 0.10112617909908295, 0.05698433890938759, 0.03789803385734558, 0.03373116999864578, 0.03670548275113106, 0.11077086627483368, 0.1692284345626831, 0.13063114881515503, 0.1125069260597229, 0.10828647762537003, 0.08765441179275513, 0.06795478612184525, 0.05496304854750633, 0.07623037695884705, 0.17829185724258423, 0.20269671082496643, 0.11891315877437592, 0.0783199667930603, 0.06964784115552902, 0.10895586013793945, 0.30995023250579834, 0.3153970241546631, 0.11168385297060013, 0.06379173696041107, 0.05898745730519295, 0.0583757683634758], "tonal.hpcp.stdev": [0.16021107137203217, 0.18731030821800232, 0.2286185622215271, 0.2654617428779602, 0.2648792862892151, 0.159347802400589, 0.16848188638687134, 0.20479634404182434, 0.19096310436725616, 0.22567066550254822, 0.22103099524974823, 0.14426420629024506, 0.11923357099294662, 0.11554009467363358, 0.11112921684980392, 0.19670453667640686, 0.26472702622413635, 0.23137396574020386, 0.23707354068756104, 0.23879297077655792, 0.2050037384033203, 0.18754595518112183, 0.1563316136598587, 0.18295510113239288, 0.30504581332206726, 0.33212810754776, 0.24238775670528412, 0.1953040510416031, 0.18361814320087433, 0.21462751924991608, 0.37283721566200256, 0.3851839005947113, 0.2064010202884674, 0.15770073235034943, 0.15917755663394928, 0.1598901003599167], "rhythm.beats_position": [0.30185940861701965, 0.6269387602806091, 0.9752380847930908, 1.3235373497009277, 1.6718367338180542, 2.0201361179351807, 2.3684353828430176, 2.7167346477508545, 3.0650339126586914, 3.4133331775665283, 3.7616326808929443, 4.109931945800781, 4.458230972290039, 4.806530475616455, 5.154829978942871, 5.503129005432129, 5.851428508758545, 6.199728012084961, 6.548027038574219, 6.896326541900635, 7.244625568389893, 7.592925071716309, 7.941224575042725, 8.30113410949707, 8.661043167114258, 9.009342193603516, 9.357641220092773, 9.705941200256348, 10.054240226745605, 10.402539253234863, 10.750839233398438, 11.099138259887695, 11.447437286376953, 11.795736312866211, 12.144036293029785, 12.492335319519043, 12.8406343460083, 13.188934326171875, 13.537233352661133, 13.88553237915039, 14.233832359313965, 14.582131385803223, 14.93043041229248, 15.278729438781738, 15.627029418945312, 15.97532844543457, 16.323627471923828, 16.671926498413086, 17.020225524902344, 17.368526458740234, 17.716825485229492, 18.06512451171875, 18.413423538208008, 18.761722564697266, 19.110021591186523, 19.458322525024414, 19.806621551513672, 20.15492057800293, 20.503219604492188, 20.851518630981445, 21.199817657470703, 21.54811668395996, 21.89641761779785, 22.25632667541504, 22.616235733032227, 22.964534759521484, 23.312833786010742, 23.6611328125, 24.009431838989258, 24.35773277282715, 24.706031799316406, 25.054330825805664, 25.402629852294922, 25.75092887878418, 26.099227905273438, 26.447526931762695, 26.795827865600586, 27.144126892089844, 27.4924259185791, 27.84072494506836, 28.189023971557617, 28.537322998046875, 28.885623931884766, 29.233922958374023, 29.58222198486328, 29.93052101135254, 30.278820037841797, 30.627119064331055, 30.975418090820312, 31.323719024658203, 31.67201805114746, 32.02031707763672, 32.36861801147461, 32.716915130615234, 33.065216064453125, 33.41351318359375, 33.76181411743164, 34.110111236572266, 34.458412170410156, 34.80671310424805, 35.15501022338867, 35.50331115722656, 35.85160827636719, 36.19990921020508], "rhythm.bpm_histogram": [0.0, 0.0, 0.0, 0.0, 0.0, 0.0, 0.0, 0.0, 0.0, 0.0, 0.0, 0.0, 0.0, 0.0, 0.0, 0.0, 0.0, 0.0, 0.0, 0.0, 0.0, 0.0, 0.0, 0.0, 0.0, 0.0, 0.0, 0.0, 0.0, 0.0, 0.0, 0.0, 0.0, 0.0, 0.0, 0.0, 0.0, 0.0, 0.0, 0.0, 0.0, 0.0, 0.0, 0.0, 0.0, 0.0, 0.0, 0.0, 0.0, 0.0, 0.0, 0.0, 0.0, 0.0, 0.0, 0.0, 0.0, 0.0, 0.0, 0.0, 0.0, 0.0, 0.0, 0.0, 0.0, 0.0, 0.0, 0.0, 0.0, 0.0, 0.0, 0.0, 0.0, 0.0, 0.0, 0.0, 0.0, 0.0, 0.0, 0.0, 0.0, 0.0, 0.0, 0.0, 0.0, 0.0, 0.0, 0.0, 0.0, 0.0, 0.0, 0.0, 0.0, 0.0, 0.0, 0.0, 0.0, 0.0, 0.0, 0.0, 0.0, 0.0, 0.0, 0.0, 0.0, 0.0, 0.0, 0.0, 0.0, 0.0, 0.0, 0.0, 0.0, 0.0, 0.0, 0.0, 0.0, 0.0, 0.0, 0.0, 0.0, 0.0, 0.0, 0.0, 0.0, 0.0, 0.0, 0.0, 0.0, 0.0, 0.0, 0.0, 0.0, 0.0, 0.0, 0.0, 0.0, 0.0, 0.0, 0.0, 0.0, 0.0, 0.0, 0.0, 0.0, 0.0, 0.0, 0.0, 0.0, 0.0, 0.0, 0.0, 0.0, 0.0, 0.0, 0.0, 0.0, 0.0, 0.0, 0.0, 0.0, 0.0, 0.0, 0.0, 0.0, 0.0, 0.0, 0.03883495181798935, 0.0, 0.0, 0.0, 0.0, 0.9514563083648682, 0.0, 0.0, 0.0, 0.0, 0.0, 0.0, 0.0, 0.0, 0.0, 0.0, 0.0, 0.0, 0.009708737954497337, 0.0, 0.0, 0.0, 0.0, 0.0, 0.0, 0.0, 0.0, 0.0, 0.0, 0.0, 0.0, 0.0, 0.0, 0.0, 0.0, 0.0, 0.0, 0.0, 0.0, 0.0, 0.0, 0.0, 0.0, 0.0, 0.0, 0.0, 0.0, 0.0, 0.0, 0.0, 0.0, 0.0, 0.0, 0.0, 0.0, 0.0, 0.0, 0.0, 0.0, 0.0, 0.0, 0.0, 0.0, 0.0, 0.0, 0.0, 0.0, 0.0, 0.0, 0.0, 0.0, 0.0, 0.0, 0.0, 0.0, 0.0, 0.0, 0.0, 0.0, 0.0, 0.0, 0.0, 0.0], "tonal.chords_histogram": [47.08121871948242, 5.329949378967285, 0.7614213228225708, 10.406091690063477, 0.0, 0.8883248567581177, 0.0, 8.75634479522705, 0.0, 0.0, 0.0, 0.0, 0.0, 0.0, 0.3807106614112854, 0.0, 0.0, 0.0, 0.0, 0.0, 7.360405921936035, 0.0, 13.705583572387695, 5.329949378967285], "tonal.thpcp": [1.0, 0.3541055917739868, 0.20225852727890015, 0.1870260387659073, 0.18508662283420563, 0.19675150513648987, 0.22520369291305542, 0.2818366587162018, 0.43659213185310364, 0.4201243817806244, 0.2157537192106247, 0.1936422437429428, 0.23767848312854767, 0.22161318361759186, 0.31107789278030396, 0.32063135504722595, 0.1806749403476715, 0.12015976756811142, 0.10694827884435654, 0.11637865751981735, 0.35121089220046997, 0.5365568399429321, 0.41418004035949707, 0.35671523213386536, 0.3433338701725006, 0.27791768312454224, 0.21545791625976562, 0.17426621913909912, 0.2416965663433075, 0.5652934312820435, 0.6426715850830078, 0.37702688574790955, 0.24832183122634888, 0.2208259254693985, 0.34545621275901794, 0.9827303886413574], "lowlevel.gfcc.cov": [[7193.24267578125, -1781.225341796875, 130.3106689453125, 616.02490234375, 28.76348876953125, 331.1728820800781, -200.2956085205078, 157.6407012939453, -371.4864196777344, 142.518310546875, -212.26104736328125, 385.0395812988281, -418.0865783691406], [-1781.225341796875, 2386.438232421875, -85.95710754394531, -310.46746826171875, 496.4023742675781, -323.0041809082031, 348.365234375, -115.50059509277344, 304.4224548339844, -259.41522216796875, 267.74163818359375, -179.67626953125, 195.44564819335938], [130.3106689453125, -85.95710754394531, 1698.7030029296875, 247.77159118652344, 230.5203094482422, 244.23851013183594, 232.34149169921875, 154.5736083984375, 61.00738525390625, 112.4891128540039, -156.2229461669922, 28.917558670043945, -73.82002258300781], [616.02490234375, -310.46746826171875, 247.77159118652344, 593.5885009765625, 54.757930755615234, 35.92186737060547, -93.91181182861328, -60.50712203979492, 11.575690269470215, -3.2504348754882812, 0.7099356651306152, -7.943325042724609, 4.397124290466309], [28.76348876953125, 496.4023742675781, 230.5203094482422, 54.757930755615234, 490.627197265625, 22.424701690673828, 155.0397186279297, 31.368961334228516, 123.94960021972656, 41.639801025390625, 44.12739944458008, -15.270549774169922, 35.6497917175293], [331.1728820800781, -323.0041809082031, 244.23851013183594, 35.92186737060547, 22.424701690673828, 271.0517272949219, 109.167236328125, 84.43177795410156, -27.696388244628906, 84.30119323730469, -49.28713607788086, 28.733476638793945, -37.47279357910156], [-200.2956085205078, 348.365234375, 232.34149169921875, -93.91181182861328, 155.0397186279297, 109.167236328125, 345.6427917480469, 119.7404556274414, 57.137481689453125, 14.564988136291504, 25.32699203491211, -1.7831181287765503, 0.8743215799331665], [157.6407012939453, -115.50059509277344, 154.5736083984375, -60.50712203979492, 31.368961334228516, 84.43177795410156, 119.7404556274414, 201.7265625, 48.8621826171875, 59.59184265136719, -15.251036643981934, 42.151771545410156, -50.5533561706543], [-371.4864196777344, 304.4224548339844, 61.00738525390625, 11.575690269470215, 123.94960021972656, -27.696388244628906, 57.137481689453125, 48.8621826171875, 175.81578063964844, 29.635696411132812, 38.25088882446289, -34.66992950439453, 40.403038024902344], [142.518310546875, -259.41522216796875, 112.4891128540039, -3.2504348754882812, 41.639801025390625, 84.30119323730469, 14.564988136291504, 59.59184265136719, 29.635696411132812, 191.11119079589844, -13.86868953704834, 26.819795608520508, -20.204710006713867], [-212.26104736328125, 267.74163818359375, -156.2229461669922, 0.7099356651306152, 44.12739944458008, -49.28713607788086, 25.32699203491211, -15.251036643981934, 38.25088882446289, -13.86868953704834, 144.3432159423828, 13.641471862792969, 25.900188446044922], [385.0395812988281, -179.67626953125, 28.917558670043945, -7.943325042724609, -15.270549774169922, 28.733476638793945, -1.7831181287765503, 42.151771545410156, -34.66992950439453, 26.819795608520508, 13.641471862792969, 122.35464477539062, -12.073944091796875], [-418.0865783691406, 195.44564819335938, -73.82002258300781, 4.397124290466309, 35.6497917175293, -37.47279357910156, 0.8743215799331665, -50.5533561706543, 40.403038024902344, -20.204710006713867, 25.900188446044922, -12.073944091796875, 117.09747314453125]], "lowlevel.gfcc.icov": [[0.0003219854552298784, -0.00013390052481554449, 0.00021563195332419127, -0.0004838867171201855, -0.00021468494378495961, -0.00021068716887384653, 0.000124765356304124, -0.00010437826131237671, 0.00039340343209914863, -0.00014301807095762342, 0.0007123554241843522, -0.0010646545561030507, 0.0010514092864468694], [-0.00013390052481554449, 0.0029264807235449553, -0.0006328758900053799, 0.0019562372472137213, -0.0014816317707300186, 0.0019356285920366645, -0.002196315210312605, 0.0022888777311891317, -0.0028602508828043938, 0.0031361898873001337, -0.003519659163430333, 0.0023100103717297316, -0.0012152886483818293], [0.00021563195332419127, -0.0006328758900053799, 0.0012135320575907826, -0.0011223640758544207, -7.697856926824898e-05, -0.0007104933611117303, -0.00015983759658411145, -0.00040947840898297727, 0.0003409619675949216, -0.0008141364087350667, 0.002312928205356002, -0.0015234823804348707, 0.0013270835625007749], [-0.0004838867171201855, 0.0019562372472137213, -0.0011223640758544207, 0.004020180553197861, -0.000922731647733599, 0.0006049445946700871, -0.0002999392745550722, 0.002139453776180744, -0.0026322919875383377, 0.002561846049502492, -0.0037784669548273087, 0.0028423252515494823, -0.0019718341063708067], [-0.00021468494378495961, -0.0014816317707300186, -7.697856926824898e-05, -0.000922731647733599, 0.00404002983123064, -0.0006744115962646902, -0.0002513171930331737, -0.00021929258946329355, -0.0005184492911212146, -0.0021110628731548786, 0.0009586561354808509, -0.0006288608419708908, -0.0003082632611040026], [-0.00021068716887384653, 0.0019356285920366645, -0.0007104933611117303, 0.0006049445946700871, -0.0006744115962646902, 0.007793059106916189, -0.003593664849177003, 0.00025379419093951583, 0.0001841141056502238, -0.00038637177203781903, -0.001169331488199532, 0.0017971041379496455, -0.0013042389182373881], [0.000124765356304124, -0.002196315210312605, -0.00015983759658411145, -0.0002999392745550722, -0.0002513171930331737, -0.003593664849177003, 0.007661727722734213, -0.004747756756842136, 0.0026888276915997267, -0.0008508387254551053, 0.0003705975541379303, -0.00016544197569601238, -0.00033220468321815133], [-0.00010437826131237671, 0.0022888777311891317, -0.00040947840898297727, 0.002139453776180744, -0.00021929258946329355, 0.00025379419093951583, -0.004747756756842136, 0.012921814806759357, -0.007606531027704477, 0.0016603911062702537, -0.0007933281594887376, -0.0027149368543177843, 0.004037122242152691], [0.00039340343209914863, -0.0028602508828043938, 0.0003409619675949216, -0.0026322919875383377, -0.0005184492911212146, 0.0001841141056502238, 0.0026888276915997267, -0.007606531027704477, 0.01467439066618681, -0.004929057322442532, 0.001151307369582355, 0.001716960803605616, -0.002586126094684005], [-0.00014301807095762342, 0.0031361898873001337, -0.0008141364087350667, 0.002561846049502492, -0.0021110628731548786, -0.00038637177203781903, -0.0008508387254551053, 0.0016603911062702537, -0.004929057322442532, 0.010537096299231052, -0.0037765910383313894, 0.0013102878583595157, -0.0006231350125744939], [0.0007123554241843522, -0.003519659163430333, 0.002312928205356002, -0.0037784669548273087, 0.0009586561354808509, -0.001169331488199532, 0.0003705975541379303, -0.0007933281594887376, 0.001151307369582355, -0.0037765910383313894, 0.015582727268338203, -0.00774623267352581, 0.0037124224472790956], [-0.0010646545561030507, 0.0023100103717297316, -0.0015234823804348707, 0.0028423252515494823, -0.0006288608419708908, 0.0017971041379496455, -0.00016544197569601238, -0.0027149368543177843, 0.001716960803605616, 0.0013102878583595157, -0.00774623267352581, 0.016354013234376907, -0.006095043383538723], [0.0010514092864468694, -0.0012152886483818293, 0.0013270835625007749, -0.0019718341063708067, -0.0003082632611040026, -0.0013042389182373881, -0.00033220468321815133, 0.004037122242152691, -0.002586126094684005, -0.0006231350125744939, 0.0037124224472790956, -0.006095043383538723, 0.01599000208079815]], "lowlevel.mfcc.cov": [[7266.9365234375, -1930.907958984375, -255.07901000976562, 185.10902404785156, 96.442138671875, 169.5242156982422, -16.840906143188477, 173.78175354003906, -347.0195617675781, -85.34941864013672, 17.915456771850586, -294.3800964355469, 76.50923919677734], [-1930.907958984375, 2433.080078125, -273.7745056152344, 28.28753089904785, 72.68839263916016, -84.47053527832031, 105.57572937011719, 144.14044189453125, 119.95149230957031, 40.75751876831055, 54.59653091430664, 90.05904388427734, 94.3665771484375], [-255.07901000976562, -273.7745056152344, 1196.4149169921875, 206.87249755859375, 112.89533233642578, 158.21153259277344, 125.53559112548828, 84.63003540039062, 171.62484741210938, 41.66413116455078, 50.89175796508789, 69.94876861572266, -43.738746643066406], [185.10902404785156, 28.28753089904785, 206.87249755859375, 434.42437744140625, 210.034423828125, 81.93096160888672, -17.2480411529541, 18.20908546447754, 4.1960015296936035, 21.08852195739746, -1.8719347715377808, -37.075340270996094, 47.04115676879883], [96.442138671875, 72.68839263916016, 112.89533233642578, 210.034423828125, 310.9588317871094, 98.56233978271484, -13.27722454071045, -8.857829093933105, 36.526336669921875, 47.4936637878418, 17.605566024780273, -5.9202728271484375, 32.44742202758789], [169.5242156982422, -84.47053527832031, 158.21153259277344, 81.93096160888672, 98.56233978271484, 206.45176696777344, 101.59314727783203, -13.813559532165527, 70.41261291503906, 17.65500259399414, 22.786285400390625, 45.637611389160156, -28.811851501464844], [-16.840906143188477, 105.57572937011719, 125.53559112548828, -17.2480411529541, -13.27722454071045, 101.59314727783203, 237.94155883789062, 82.7408447265625, 81.03825378417969, 36.902557373046875, 52.0347900390625, 73.49163055419922, -6.9336137771606445], [173.78175354003906, 144.14044189453125, 84.63003540039062, 18.20908546447754, -8.857829093933105, -13.813559532165527, 82.7408447265625, 221.27401733398438, 26.29671859741211, 21.663578033447266, 35.24281692504883, -15.949687004089355, 59.48486328125], [-347.0195617675781, 119.95149230957031, 171.62484741210938, 4.1960015296936035, 36.526336669921875, 70.41261291503906, 81.03825378417969, 26.29671859741211, 222.44984436035156, 81.15438079833984, 29.25122833251953, 90.43199920654297, -28.231948852539062], [-85.34941864013672, 40.75751876831055, 41.66413116455078, 21.08852195739746, 47.4936637878418, 17.65500259399414, 36.902557373046875, 21.663578033447266, 81.15438079833984, 131.54493713378906, 61.77391815185547, 43.500892639160156, 5.793787479400635], [17.915456771850586, 54.59653091430664, 50.89175796508789, -1.8719347715377808, 17.605566024780273, 22.786285400390625, 52.0347900390625, 35.24281692504883, 29.25122833251953, 61.77391815185547, 111.46726989746094, 53.44641876220703, 24.558481216430664], [-294.3800964355469, 90.05904388427734, 69.94876861572266, -37.075340270996094, -5.9202728271484375, 45.637611389160156, 73.49163055419922, -15.949687004089355, 90.43199920654297, 43.500892639160156, 53.44641876220703, 138.3144073486328, -8.068512916564941], [76.50923919677734, 94.3665771484375, -43.738746643066406, 47.04115676879883, 32.44742202758789, -28.811851501464844, -6.9336137771606445, 59.48486328125, -28.231948852539062, 5.793787479400635, 24.558481216430664, -8.068512916564941, 128.86294555664062]], "lowlevel.mfcc.icov": [[0.00023588827752973884, 0.00020242633763700724, 0.00014284670760389417, -6.615320307901129e-05, -6.550581019837409e-05, -0.0002772801963146776, -3.1444476917386055e-05, -0.000341881241183728, 0.000178109054104425, 9.249930008081719e-05, -0.00025416325661353767, 0.00029873690800741315, -3.027328602911439e-06], [0.00020242633763700724, 0.000704038015101105, 0.00034362319274805486, -0.00019468687241896987, -0.00038392585702240467, 0.00036495766835287213, -0.00035614465014077723, -0.0005414702463895082, -0.00028349124477244914, 0.0004889393458142877, -0.0003482205793261528, -0.00010114932956639677, -6.305496935965493e-05], [0.00014284670760389417, 0.00034362319274805486, 0.0013263799482956529, -0.0006818801048211753, -0.00016065622912719846, -0.00022088874538894743, -0.0001720408326946199, -0.0007944516837596893, -0.0007712284568697214, 0.000764622469432652, -0.0007022020290605724, -0.0001354268315481022, 0.0006332123884931207], [-6.615320307901129e-05, -0.00019468687241896987, -0.0006818801048211753, 0.004051976837217808, -0.0019535450264811516, -0.0009806749876588583, 0.000454376102425158, 5.7592071243561804e-05, 0.0005304755177348852, -0.0006805480225011706, 0.0008416340569965541, 0.000893179327249527, -0.0012159217149019241], [-6.550581019837409e-05, -0.00038392585702240467, -0.00016065622912719846, -0.0019535450264811516, 0.006285608280450106, -0.0031095894519239664, 0.0016556272748857737, 0.0006358419777825475, -0.00024795596254989505, -0.0020582261495292187, 8.226098771046964e-07, 0.000883708824403584, -0.0014103507855907083], [-0.0002772801963146776, 0.00036495766835287213, -0.00022088874538894743, -0.0009806749876588583, -0.0031095894519239664, 0.01081776712089777, -0.004833664745092392, 0.0021613556891679764, -0.002127039944753051, 0.0026095162611454725, -0.0010882524074986577, -0.0007742251618765295, 0.0016998698702082038], [-3.1444476917386055e-05, -0.00035614465014077723, -0.0001720408326946199, 0.000454376102425158, 0.0016556272748857737, -0.004833664745092392, 0.008881124667823315, -0.0035402553621679544, 0.00031459436286240816, -0.000876881240401417, -0.00043460490996949375, -0.0028095971792936325, 0.0006849368801340461], [-0.000341881241183728, -0.0005414702463895082, -0.0007944516837596893, 5.7592071243561804e-05, 0.0006358419777825475, 0.0021613556891679764, -0.0035402553621679544, 0.008606134913861752, -0.0019887445960193872, 6.076427598600276e-05, -0.0015600158367305994, 0.0039137196727097034, -0.0034273057244718075], [0.000178109054104425, -0.00028349124477244914, -0.0007712284568697214, 0.0005304755177348852, -0.00024795596254989505, -0.002127039944753051, 0.00031459436286240816, -0.0019887445960193872, 0.009981054812669754, -0.005436398554593325, 0.0037687693256884813, -0.004789418075233698, 0.001581250922754407], [9.249930008081719e-05, 0.0004889393458142877, 0.000764622469432652, -0.0006805480225011706, -0.0020582261495292187, 0.0026095162611454725, -0.000876881240401417, 6.076427598600276e-05, -0.005436398554593325, 0.01467650942504406, -0.007691904436796904, 0.0007898309268057346, 0.000785927870310843], [-0.00025416325661353767, -0.0003482205793261528, -0.0007022020290605724, 0.0008416340569965541, 8.226098771046964e-07, -0.0010882524074986577, -0.00043460490996949375, -0.0015600158367305994, 0.0037687693256884813, -0.007691904436796904, 0.017113428562879562, -0.006107044406235218, -0.0021587710361927748], [0.00029873690800741315, -0.00010114932956639677, -0.0001354268315481022, 0.000893179327249527, 0.000883708824403584, -0.0007742251618765295, -0.0028095971792936325, 0.0039137196727097034, -0.004789418075233698, 0.0007898309268057346, -0.006107044406235218, 0.015616385266184807, -0.001771876704879105], [-3.027328602911439e-06, -6.305496935965493e-05, 0.0006332123884931207, -0.0012159217149019241, -0.0014103507855