{"song_id": "1182283839456940032", "download": "https://cdn.discordapp.com/attachments/1135911532732108921/1182283839456940032/chirp.mp4?ex=658422a1&amp", "lyrics": "-", "style": ["African soul rock dance"], "essentia_features": {"lowlevel.average_loudness": 0.06289142370223999, "lowlevel.barkbands_crest.mean": 18.64763832092285, "lowlevel.barkbands_crest.stdev": 5.688787460327148, "lowlevel.barkbands_flatness_db.mean": 0.3946186900138855, "lowlevel.barkbands_flatness_db.stdev": 0.10299855470657349, "lowlevel.barkbands_kurtosis.mean": 62.60757827758789, "lowlevel.barkbands_kurtosis.stdev": 213.63299560546875, "lowlevel.barkbands_skewness.mean": 2.5046823024749756, "lowlevel.barkbands_skewness.stdev": 5.328364849090576, "lowlevel.barkbands_spread.mean": 3.6881630420684814, "lowlevel.barkbands_spread.stdev": 5.2482099533081055, "lowlevel.dissonance.mean": 0.3509981632232666, "lowlevel.dissonance.stdev": 0.10259000211954117, "lowlevel.dynamic_complexity": 7.414611339569092, "lowlevel.erbbands_crest.mean": 21.28463363647461, "lowlevel.erbbands_crest.stdev": 7.574632167816162, "lowlevel.erbbands_flatness_db.mean": 0.44614431262016296, "lowlevel.erbbands_flatness_db.stdev": 0.1017245203256607, "lowlevel.erbbands_kurtosis.mean": 17.91373062133789, "lowlevel.erbbands_kurtosis.stdev": 26.383169174194336, "lowlevel.erbbands_skewness.mean": 2.245652675628662, "lowlevel.erbbands_skewness.stdev": 2.1075570583343506, "lowlevel.erbbands_spread.mean": 7.266300678253174, "lowlevel.erbbands_spread.stdev": 9.253329277038574, "lowlevel.hfc.mean": 12.336669921875, "lowlevel.hfc.stdev": 39.75664520263672, "lowlevel.loudness_ebu128.integrated": -29.32724380493164, "lowlevel.loudness_ebu128.loudness_range": 12.143280029296875, "lowlevel.loudness_ebu128.momentary.mean": -34.244503021240234, "lowlevel.loudness_ebu128.momentary.stdev": 6.946028232574463, "lowlevel.loudness_ebu128.short_term.mean": -31.689849853515625, "lowlevel.loudness_ebu128.short_term.stdev": 3.7964987754821777, "lowlevel.melbands_crest.mean": 23.032447814941406, "lowlevel.melbands_crest.stdev": 7.086797714233398, "lowlevel.melbands_flatness_db.mean": 0.4391796290874481, "lowlevel.melbands_flatness_db.stdev": 0.10452373325824738, "lowlevel.melbands_kurtosis.mean": 29.22252655029297, "lowlevel.melbands_kurtosis.stdev": 37.95994567871094, "lowlevel.melbands_skewness.mean": 2.1761608123779297, "lowlevel.melbands_skewness.stdev": 2.532409906387329, "lowlevel.melbands_spread.mean": 5.576104164123535, "lowlevel.melbands_spread.stdev": 10.0501127243042, "lowlevel.pitch_salience.mean": 0.36654233932495117, "lowlevel.pitch_salience.stdev": 0.17872284352779388, "lowlevel.silence_rate_20dB.mean": 0.9942062497138977, "lowlevel.silence_rate_20dB.stdev": 0.07589549571275711, "lowlevel.silence_rate_30dB.mean": 0.9710313081741333, "lowlevel.silence_rate_30dB.stdev": 0.16771870851516724, "lowlevel.silence_rate_60dB.mean": 0.4721900224685669, "lowlevel.silence_rate_60dB.stdev": 0.4992261230945587, "lowlevel.spectral_centroid.mean": 838.7137451171875, "lowlevel.spectral_centroid.stdev": 321.3510437011719, "lowlevel.spectral_complexity.mean": 3.6013906002044678, "lowlevel.spectral_complexity.stdev": 2.841482639312744, "lowlevel.spectral_decrease.mean": -3.454848629402818e-09, "lowlevel.spectral_decrease.stdev": 1.0663494087737035e-08, "lowlevel.spectral_energy.mean": 0.014158357866108418, "lowlevel.spectral_energy.stdev": 0.0438067764043808, "lowlevel.spectral_energyband_high.mean": 1.998396146518644e-05, "lowlevel.spectral_energyband_high.stdev": 8.341936336364597e-05, "lowlevel.spectral_energyband_low.mean": 1.0040375855169259e-05, "lowlevel.spectral_energyband_low.stdev": 6.046576891094446e-05, "lowlevel.spectral_energyband_middle_high.mean": 0.006912252865731716, "lowlevel.spectral_energyband_middle_high.stdev": 0.02361149899661541, "lowlevel.spectral_energyband_middle_low.mean": 0.008234797045588493, "lowlevel.spectral_energyband_middle_low.stdev": 0.02885086089372635, "lowlevel.spectral_entropy.mean": 5.404952526092529, "lowlevel.spectral_entropy.stdev": 1.039309024810791, "lowlevel.spectral_flux.mean": 0.0447508841753006, "lowlevel.spectral_flux.stdev": 0.06324760615825653, "lowlevel.spectral_kurtosis.mean": 49.15534210205078, "lowlevel.spectral_kurtosis.stdev": 36.094398498535156, "lowlevel.spectral_rms.mean": 0.0025280059780925512, "lowlevel.spectral_rms.stdev": 0.0027243748772889376, "lowlevel.spectral_rolloff.mean": 954.24951171875, "lowlevel.spectral_rolloff.stdev": 1029.3995361328125, "lowlevel.spectral_skewness.mean": 4.912230968475342, "lowlevel.spectral_skewness.stdev": 2.343583106994629, "lowlevel.spectral_spread.mean": 1833116.875, "lowlevel.spectral_spread.stdev": 1568640.625, "lowlevel.spectral_strongpeak.mean": 1.753024935722351, "lowlevel.spectral_strongpeak.stdev": 2.2771575450897217, "lowlevel.zerocrossingrate.mean": 0.03826812282204628, "lowlevel.zerocrossingrate.stdev": 0.03587236627936363, "metadata.audio_properties.analysis.equal_loudness": 0.0, "metadata.audio_properties.analysis.length": 40.04265213012695, "metadata.audio_properties.analysis.sample_rate": 44100.0, "metadata.audio_properties.analysis.start_time": 0.0, "metadata.audio_properties.bit_rate": 99004.0, "metadata.audio_properties.length": 40.042667388916016, "metadata.audio_properties.lossless": 0.0, "metadata.audio_properties.number_channels": 1.0, "metadata.audio_properties.replay_gain": 0.08011245727539062, "metadata.audio_properties.sample_rate": 48000.0, "rhythm.beats_count": 61.0, "rhythm.beats_loudness.mean": 0.019345052540302277, "rhythm.beats_loudness.stdev": 0.052807070314884186, "rhythm.bpm": 81.06623077392578, "rhythm.bpm_histogram_first_peak_bpm": 120.0, "rhythm.bpm_histogram_first_peak_weight": 0.30000001192092896, "rhythm.bpm_histogram_second_peak_bpm": 81.0, "rhythm.bpm_histogram_second_peak_spread": 0.3913043141365051, "rhythm.bpm_histogram_second_peak_weight": 0.23333334922790527, "rhythm.danceability": 1.010784387588501, "rhythm.onset_rate": 4.4938859939575195, "tonal.chords_changes_rate": 0.0833333358168602, "tonal.chords_number_rate": 0.012731481343507767, "tonal.chords_strength.mean": 0.47694602608680725, "tonal.chords_strength.stdev": 0.08908931165933609, "tonal.hpcp_crest.mean": 17.259328842163086, "tonal.hpcp_crest.stdev": 7.932745456695557, "tonal.hpcp_entropy.mean": 1.4593656063079834, "tonal.hpcp_entropy.stdev": 0.7134122252464294, "tonal.key_edma.strength": 0.7326039671897888, "tonal.key_krumhansl.strength": 0.7425450086593628, "tonal.key_temperley.strength": 0.7540909051895142, "tonal.tuning_diatonic_strength": 0.5374215245246887, "tonal.tuning_equal_tempered_deviation": 0.2583428919315338, "tonal.tuning_frequency": 433.6918029785156, "tonal.tuning_nontempered_energy_ratio": 0.898930013179779, "lowlevel.barkbands.mean": [3.227472916478291e-06, 8.266270015155897e-07, 6.05852619628422e-06, 2.563515863585053e-06, 1.5205378076643683e-05, 0.00019305817841086537, 0.0008955250377766788, 0.0022214020136743784, 0.003293959889560938, 0.003230433678254485, 0.0006375093944370747, 0.0016042202478274703, 0.001319047063589096, 0.00030550817609764636, 0.000175547887920402, 9.3194299552124e-05, 2.8541522624436766e-05, 6.0990969359409064e-05, 4.178324161330238e-05, 2.4661700081196614e-05, 2.964635768876178e-06, 1.8436297466450924e-07, 1.1686996685966733e-06, 6.363364946082584e-07, 1.4099555301072542e-07, 1.598627541454789e-08, 7.348809338836304e-10], "lowlevel.barkbands.stdev": [1.0196294169873e-05, 1.3470860267261742e-06, 4.780287781613879e-05, 1.5488569260924123e-05, 6.233515887288377e-05, 0.0006604109075851738, 0.004497514106333256, 0.011663943529129028, 0.020628202706575394, 0.01775483787059784, 0.003259918885305524, 0.00972304679453373, 0.011690129525959492, 0.0027508107014000416, 0.0014098255196586251, 0.0007575626950711012, 0.00014738460595253855, 0.00031166456756182015, 0.00022295776579994708, 0.00010908352123806253, 1.1807484952441882e-05, 1.2940191709276405e-06, 6.748622581653763e-06, 2.8024705898133107e-06, 1.1482990203148802e-06, 1.9680554430578923e-07, 1.795309789720534e-09], "lowlevel.erbbands.mean": [5.2947663789382204e-05, 0.00019142367818858474, 0.004091664683073759, 0.011079996824264526, 0.007983379065990448, 0.05859370902180672, 0.2930923104286194, 2.029750347137451, 8.415926933288574, 31.024507522583008, 63.71952438354492, 76.95223236083984, 98.69906616210938, 48.260047912597656, 22.30191421508789, 81.29779052734375, 65.26451110839844, 16.11493492126465, 11.742711067199707, 6.329241752624512, 4.671117782592773, 1.9399374723434448, 2.7482500076293945, 3.8773908615112305, 1.0974292755126953, 1.1513384580612183, 0.46606579422950745, 0.027498561888933182, 0.007886513136327267, 0.01096286065876484, 0.03875753656029701, 0.02271931804716587, 0.006995034404098988, 0.0024712777230888605, 0.0005863495171070099, 0.00011766404350055382, 3.3480391721241176e-05, 3.722442670550663e-06, 7.599471246066969e-06, 1.6684371075825766e-05], "lowlevel.erbbands.stdev": [0.00010257401299895719, 0.0006810861523263156, 0.03141195699572563, 0.07813216745853424, 0.03887754678726196, 0.24566511809825897, 1.0410375595092773, 6.7090044021606445, 26.434513092041016, 198.2292938232422, 299.28826904296875, 493.941162109375, 590.91357421875, 216.11288452148438, 102.4759292602539, 448.8374938964844, 486.4094543457031, 131.056884765625, 85.9399185180664, 33.07996368408203, 43.20307540893555, 10.050313949584961, 16.43532943725586, 18.6490421295166, 5.065078258514404, 5.479895114898682, 1.750390648841858, 0.09361142665147781, 0.049871038645505905, 0.06621312350034714, 0.23396939039230347, 0.10587120801210403, 0.032859526574611664, 0.017932849004864693, 0.005041954107582569, 0.0009209105046465993, 0.0005268350942060351, 3.68850669474341e-05, 2.3269234588951804e-05, 5.1712773711187765e-05], "lowlevel.gfcc.mean": [-295.08233642578125, 114.77561950683594, -191.00184631347656, -61.37582015991211, -68.13333129882812, 0.7761602401733398, -8.385239601135254, 13.81185245513916, 10.365693092346191, -6.689413547515869, 6.5652875900268555, -15.441288948059082, 4.366404056549072], "lowlevel.melbands.mean": [5.143672296981094e-07, 1.6318493862854666e-06, 1.715730377327418e-06, 1.9007289893124835e-06, 8.094598342722747e-06, 5.102127033751458e-05, 0.000138686373247765, 0.00036382288089953363, 0.0006238097557798028, 0.00042693893192335963, 0.000501730537507683, 0.00021447557082865387, 6.814824882894754e-05, 0.0001009755942504853, 0.0003292931942269206, 4.855738006881438e-05, 3.0574461561627686e-05, 1.9628563677542843e-05, 1.232732211065013e-05, 7.059705239953473e-06, 4.36072923548636e-06, 1.7240292891074205e-06, 2.3798918391548796e-06, 2.5811050363699906e-06, 3.4239769775012974e-06, 7.361499001490301e-07, 7.304453220058349e-07, 8.106606514957093e-07, 4.132608353302203e-07, 3.418780281094769e-08, 3.635650447364469e-09, 3.890865851730041e-09, 3.532584669230232e-09, 6.663462670530862e-09, 1.926904857896261e-08, 2.6767290606244387e-08, 9.36288202524338e-09, 5.370490718803467e-09, 2.9974518422903884e-09, 1.7021990483812033e-09], "lowlevel.melbands.stdev": [1.0628076552166021e-06, 1.2236836482770741e-05, 1.1041604011552408e-05, 8.942108252085745e-06, 2.9506943974411115e-05, 0.00017860889784060419, 0.00047020718920975924, 0.002343489322811365, 0.0031664480920881033, 0.002666084561496973, 0.00303515512496233, 0.001047587487846613, 0.00033435210934840143, 0.0004744859179481864, 0.0021476056426763535, 0.00043262037797831, 0.0002978300326503813, 0.00014664542686659843, 9.565727668814361e-05, 4.348334914539009e-05, 4.5601911551784724e-05, 1.0736618605733383e-05, 1.6945641618804075e-05, 1.1680828720272984e-05, 1.7367992768413387e-05, 4.44317174697062e-06, 3.7513073039008304e-06, 4.2209667299175635e-06, 1.6165693068614928e-06, 1.4052643848572188e-07, 2.930971731984755e-08, 2.800236664768363e-08, 2.4618991290026315e-08, 4.208592230270369e-08, 1.2058103493473027e-07, 1.46310810578143e-07, 3.964272465850627e-08, 2.6599341396149612e-08, 1.7520731532272293e-08, 1.4468658271482582e-08], "lowlevel.melbands128.mean": [1.352626213702024e-06, 5.786208134850312e-07, 2.799754383886466e-07, 1.6495772570124245e-07, 1.0158660188608337e-06, 3.703311222125194e-06, 2.5567912871338194e-06, 9.806690286495723e-07, 4.795596169060445e-07, 1.0740997140601394e-06, 3.046736082978896e-06, 5.704807335860096e-06, 9.386168130731676e-06, 1.0756422852864489e-05, 2.154634057660587e-05, 8.112278737826273e-05, 0.0001379726018058136, 0.00010407443187432364, 0.0001919239293783903, 0.0003796287055592984, 0.00046489964006468654, 0.0002985277969855815, 0.0006514705601148307, 0.0009796024532988667, 0.0005378493224270642, 0.00019294738012831658, 0.00016974758182186633, 0.0007443983922712505, 0.000583344604820013, 0.0002212256658822298, 0.00012217358744237572, 9.850767673924565e-05, 2.6256504497723654e-05, 0.00010493525769561529, 2.7781610697275028e-05, 4.4611610064748675e-05, 0.0002899219689425081, 0.0004633839416783303, 0.00030509199132211506, 4.537035056273453e-05, 7.480203294107923e-06, 5.069191047368804e-06, 2.7823578420793638e-05, 5.5382555729011074e-05, 1.7340233171125874e-05, 1.2646260984183755e-05, 2.1101810489199124e-05, 1.3209863936936017e-05, 9.047741514223162e-06, 5.360010163713014e-06, 5.782726930192439e-06, 1.0341741472075228e-05, 6.705160103592789e-06, 7.866899522923632e-07, 1.4372629948411486e-06, 2.009020136028994e-06, 1.7459307173339766e-06, 1.912658490255126e-06, 3.132079200440785e-06, 2.457418759149732e-06, 1.57172610215639e-06, 3.09059123537736e-06, 5.25565064890543e-06, 3.325063062220579e-06, 1.1249893532294664e-06, 3.934557923912507e-07, 5.6427120398439e-07, 8.520697178937553e-07, 7.207671046671749e-07, 6.848921998425794e-07, 8.97840834568342e-07, 7.685843570470752e-07, 7.429845254591783e-07, 3.297544708402711e-07, 9.209767171114436e-08, 3.3401416743572554e-08, 7.626391962389789e-09, 3.046254581917651e-09, 4.302442402348561e-09, 2.9220195152390716e-09, 3.3278713118534142e-09, 4.69565719640741e-09, 3.979957696742531e-09, 2.966702883355765e-09, 3.746821075623075e-09, 4.871333558753577e-09, 8.101888937517288e-09, 9.033695569371503e-09, 1.3575562007872577e-08, 3.419104999125011e-08, 3.21585496010357e-08, 2.6692061894095787e-08, 1.3902575091151448e-08, 7.755179609603147e-09, 7.023411185969053e-09, 7.3092585317624525e-09, 4.584655766137757e-09, 3.1090883201301267e-09, 3.7226677296331445e-09, 2.2680348710224507e-09, 2.2121517950779435e-09, 1.6502549327057636e-09, 1.1581421377471202e-09, 8.009533591923912e-10, 5.981929951381915e-10, 3.4850025643073934e-10, 2.782908903320447e-10, 2.361027484631961e-10, 1.602497856634244e-10, 1.0050477811107683e-10, 7.59055041044121e-11, 9.280529816857452e-11, 1.5084770932372038e-10, 3.322241787229174e-11, 2.7644329533837997e-11, 1.3066863563393483e-11, 3.5788368796252357e-12, 3.518107897018674e-12, 3.505710262016737e-12, 3.407377678621426e-12, 3.3105213449041715e-12, 3.2940800694797323e-12, 3.3192229347001057e-12, 3.185282116194288e-12, 2.7086080774119115e-12, 1.8605087089007544e-12, 1.404010696766378e-12, 1.3345923758484313e-12], "lowlevel.melbands128.stdev": [3.904345703631407e-06, 1.255151687473699e-06, 4.575304330955987e-07, 2.926801414560032e-07, 7.434469353029272e-06, 2.9418155463645235e-05, 1.910193168441765e-05, 6.284219580265926e-06, 2.9837551664968487e-06, 8.513299690093845e-06, 1.5739944501547143e-05, 2.543775917729363e-05, 4.3285192077746615e-05, 4.84359115944244e-05, 9.713038889458403e-05, 0.00032832007855176926, 0.0006062721367925406, 0.0004034508019685745, 0.001036826055496931, 0.0032284881453961134, 0.003556337207555771, 0.0025557391345500946, 0.003974615596234798, 0.006877718959003687, 0.005064940545707941, 0.0008579121204093099, 0.0011837825877591968, 0.005727189127355814, 0.0034148390404880047, 0.0015264792600646615, 0.0007942166412249207, 0.0007247572066262364, 0.00017227631178684533, 0.0007459237822331488, 0.0001726707414491102, 0.0002557028201408684, 0.001866983831860125, 0.0034779601264744997, 0.0030075078830122948, 0.0005289551336318254, 4.6324119466589764e-05, 3.78397926397156e-05, 0.0002852105535566807, 0.0006424302700906992, 0.00016973502351902425, 0.0001507174747530371, 0.00027019609115086496, 0.0001436616585124284, 7.160763198044151e-05, 4.179593815933913e-05, 4.3763298890553415e-05, 0.00010716284305090085, 9.935928392224014e-05, 5.7783904594543856e-06, 7.138080945878755e-06, 2.1319821826182306e-05, 1.1043953236367088e-05, 1.4711547009937931e-05, 3.650122380349785e-05, 2.1590834876406007e-05, 9.021014193422161e-06, 2.1680565623682924e-05, 3.0979892471805215e-05, 2.4074985049082898e-05, 1.1491139048303012e-05, 5.014189810026437e-06, 3.5049197322223336e-06, 5.638116817863192e-06, 5.311291261023143e-06, 4.136851657676743e-06, 6.67049289404531e-06, 4.5630986278411e-06, 3.574716401999467e-06, 1.4737090623384574e-06, 4.523246843746165e-07, 1.6143546588409663e-07, 4.5060776443506256e-08, 2.0618202256628138e-08, 4.023080890647179e-08, 2.924156206063344e-08, 2.371410445789479e-08, 3.570978179823214e-08, 3.4573201190823966e-08, 2.370711982280227e-08, 2.5916383705748558e-08, 3.1718734305741236e-08, 5.682741033297134e-08, 6.144031772237213e-08, 7.853984840267003e-08, 2.725507215473044e-07, 1.6382949752369314e-07, 1.6394400859098823e-07, 7.74067956399449e-08, 3.330353592900792e-08, 3.3758759343527345e-08, 3.8772661525854346e-08, 2.7635138621917577e-08, 2.0532295863517902e-08, 2.159532996870439e-08, 1.6166044503052035e-08, 1.8780387023298317e-08, 1.504903046622985e-08, 1.1134979160942748e-08, 7.371853349980029e-09, 5.930684388033569e-09, 3.156722439001669e-09, 3.062935682862644e-09, 2.540758936575571e-09, 1.2886371969500487e-09, 8.168491438809156e-10, 7.38103134168e-10, 1.408282823689433e-09, 4.102202133537958e-09, 8.538352802567317e-10, 6.152925391411657e-10, 2.992092129616708e-10, 8.734443723845686e-12, 8.40142799080068e-12, 8.185802730098501e-12, 7.964382625624822e-12, 7.748596035639377e-12, 7.606300138351951e-12, 7.45970386156758e-12, 7.328741780110448e-12, 7.21679790580132e-12, 7.12952700349101e-12, 7.0631226561923555e-12, 7.023826398971922e-12], "lowlevel.mfcc.mean": [-936.5927734375, 158.635986328125, -60.31601333618164, -46.9893684387207, -26.975534439086914, -25.773542404174805, -4.4610490798950195, 7.223929405212402, 7.404322147369385, 22.3190975189209, 2.60537052154541, 8.933003425598145, 0.9711471796035767], "lowlevel.spectral_contrast_coeffs.mean": [-0.813021183013916, -0.6309131383895874, -0.6312062740325928, -0.7519004344940186, -0.8017199039459229, -0.8221811652183533], "lowlevel.spectral_contrast_coeffs.stdev": [0.1012921929359436, 0.1421412080526352, 0.12995590269565582, 0.07945889234542847, 0.06320164352655411, 0.03598203510046005], "lowlevel.spectral_contrast_valleys.mean": [-10.842179298400879, -9.130282402038574, -9.394539833068848, -10.142849922180176, -10.792696952819824, -13.97585678100586], "lowlevel.spectral_contrast_valleys.stdev": [0.8124398589134216, 1.277944803237915, 1.1869019269943237, 1.2259371280670166, 1.3952292203903198, 0.9173722267150879], "rhythm.beats_loudness_band_ratio.mean": [0.021123360842466354, 0.0920754000544548, 0.7053096294403076, 0.2590479850769043, 0.017929794266819954, 0.00408767256885767], "rhythm.beats_loudness_band_ratio.stdev": [0.1260559856891632, 0.19743014872074127, 0.31310781836509705, 0.3122090697288513, 0.034758470952510834, 0.01073264516890049], "tonal.hpcp.mean": [0.021396778523921967, 0.025273039937019348, 0.02426806651055813, 0.07678068429231644, 0.12930892407894135, 0.07860573381185532, 0.023948190733790398, 0.019367266446352005, 0.02594737894833088, 0.069956474006176, 0.113568015396595, 0.08163594454526901, 0.03095758706331253, 0.011483574286103249, 0.013014196418225765, 0.07527752220630646, 0.15883265435695648, 0.1205892562866211, 0.13900288939476013, 0.19187618792057037, 0.10002212971448898, 0.046193934977054596, 0.035920649766922, 0.027054402977228165, 0.12039242684841156, 0.18774829804897308, 0.09329889714717865, 0.012338834814727306, 0.007482824381440878, 0.016637038439512253, 0.11663489043712616, 0.22490517795085907, 0.14323259890079498, 0.07502104341983795, 0.12416395545005798, 0.08064864575862885], "tonal.hpcp.stdev": [0.09766384214162827, 0.10943564027547836, 0.10644499212503433, 0.1978457272052765, 0.2918909788131714, 0.20268496870994568, 0.11924691498279572, 0.10084645450115204, 0.12390889972448349, 0.2028704434633255, 0.2659584879875183, 0.21723055839538574, 0.13388706743717194, 0.07656605541706085, 0.07469842582941055, 0.17929846048355103, 0.3134015202522278, 0.2504693269729614, 0.2538914382457733, 0.3471401333808899, 0.2052985578775406, 0.1638454645872116, 0.14389267563819885, 0.09198777377605438, 0.24966572225093842, 0.34733784198760986, 0.21302016079425812, 0.06716951727867126, 0.050712376832962036, 0.08405524492263794, 0.2286374717950821, 0.3729341924190521, 0.26970258355140686, 0.19361785054206848, 0.29959625005722046, 0.2138182818889618], "rhythm.beats_position": [0.6037188172340393, 1.2074376344680786, 1.8227664232254028, 2.4380950927734375, 2.9953742027282715, 3.5526530742645264, 4.121541976928711, 4.690430641174316, 5.25931978225708, 5.8282084465026855, 6.315827369689941, 6.815056800842285, 7.314285755157471, 7.813514709472656, 8.312743186950684, 8.811972618103027, 9.311202049255371, 9.798820495605469, 10.286439895629883, 10.78566837310791, 11.308117866516113, 11.888616561889648, 12.445895195007324, 13.014784812927246, 13.688162803649902, 14.373151779174805, 15.058140754699707, 15.743128776550293, 16.439727783203125, 17.12471580505371, 17.80970573425293, 18.494693756103516, 19.19129180908203, 19.887889862060547, 20.584489822387695, 21.31591796875, 22.035736083984375, 22.76716423034668, 23.498594284057617, 24.24163246154785, 24.973060607910156, 25.6812686920166, 26.40108871459961, 27.120906829833984, 27.8175048828125, 28.49088478088379, 29.187482833862305, 29.91891098022461, 30.638729095458984, 31.38176727294922, 32.136417388916016, 32.90267562866211, 33.6689338684082, 34.4351921081543, 35.20145034790039, 35.95610046386719, 36.71074676513672, 37.45378494262695, 38.19682312011719, 38.93986511230469, 39.68290328979492], "rhythm.bpm_histogram": [0.0, 0.0, 0.0, 0.0, 0.0, 0.0, 0.0, 0.0, 0.0, 0.0, 0.0, 0.0, 0.0, 0.0, 0.0, 0.0, 0.0, 0.0, 0.0, 0.0, 0.0, 0.0, 0.0, 0.0, 0.0, 0.0, 0.0, 0.0, 0.0, 0.0, 0.0, 0.0, 0.0, 0.0, 0.0, 0.0, 0.0, 0.0, 0.0, 0.0, 0.0, 0.0, 0.0, 0.0, 0.0, 0.0, 0.0, 0.0, 0.0, 0.0, 0.0, 0.0, 0.0, 0.0, 0.0, 0.0, 0.0, 0.0, 0.0, 0.0, 0.0, 0.0, 0.0, 0.0, 0.0, 0.0, 0.0, 0.0, 0.0, 0.0, 0.0, 0.0, 0.0, 0.0, 0.0, 0.0, 0.0, 0.0, 0.06666667014360428, 0.0, 0.05000000074505806, 0.10000000149011612, 0.0833333358168602, 0.06666667014360428, 0.0, 0.01666666753590107, 0.10000000149011612, 0.0, 0.10000000149011612, 0.03333333507180214, 0.0, 0.0, 0.0, 0.0, 0.0, 0.0, 0.0, 0.0, 0.03333333507180214, 0.01666666753590107, 0.0, 0.0, 0.0, 0.01666666753590107, 0.0, 0.0833333358168602, 0.0, 0.0, 0.05000000074505806, 0.0, 0.0, 0.0, 0.0, 0.0, 0.0, 0.01666666753590107, 0.0, 0.0, 0.0, 0.0, 0.11666666716337204, 0.0, 0.0, 0.05000000074505806, 0.0, 0.0, 0.0, 0.0, 0.0, 0.0, 0.0, 0.0, 0.0, 0.0, 0.0, 0.0, 0.0, 0.0, 0.0, 0.0, 0.0, 0.0, 0.0, 0.0, 0.0, 0.0, 0.0, 0.0, 0.0, 0.0, 0.0, 0.0, 0.0, 0.0, 0.0, 0.0, 0.0, 0.0, 0.0, 0.0, 0.0, 0.0, 0.0, 0.0, 0.0, 0.0, 0.0, 0.0, 0.0, 0.0, 0.0, 0.0, 0.0, 0.0, 0.0, 0.0, 0.0, 0.0, 0.0, 0.0, 0.0, 0.0, 0.0, 0.0, 0.0, 0.0, 0.0, 0.0, 0.0, 0.0, 0.0, 0.0, 0.0, 0.0, 0.0, 0.0, 0.0, 0.0, 0.0, 0.0, 0.0, 0.0, 0.0, 0.0, 0.0, 0.0, 0.0, 0.0, 0.0, 0.0, 0.0, 0.0, 0.0, 0.0, 0.0, 0.0, 0.0, 0.0, 0.0, 0.0, 0.0, 0.0, 0.0, 0.0, 0.0, 0.0, 0.0, 0.0, 0.0, 0.0, 0.0, 0.0, 0.0, 0.0, 0.0, 0.0, 0.0, 0.0, 0.0, 0.0, 0.0, 0.0, 0.0, 0.0, 0.0, 0.0, 0.0, 0.0, 0.0, 0.0], "tonal.chords_histogram": [31.828702926635742, 7.986111164093018, 10.532407760620117, 0.8101851940155029, 0.0, 0.0, 3.935185194015503, 1.6203703880310059, 0.5787037014961243, 0.0, 0.0, 0.0, 0.0, 0.0, 0.0, 1.7361111640930176, 0.0, 0.0, 0.0, 1.1574074029922485, 2.1990740299224854, 20.13888931274414, 3.0092592239379883, 14.467592239379883], "tonal.thpcp": [1.0, 0.6368577480316162, 0.33356744050979614, 0.5520724654197693, 0.3585895597934723, 0.09513688832521439, 0.11237198114395142, 0.10790354758501053, 0.34139135479927063, 0.5749486088752747, 0.34950610995292664, 0.10648127645254135, 0.08611302822828293, 0.11537030339241028, 0.3110487461090088, 0.5049595236778259, 0.36297938227653503, 0.13764728605747223, 0.051059626042842865, 0.05786525830626488, 0.3347078263759613, 0.7062205076217651, 0.5361782312393188, 0.6180511116981506, 0.8531426191329956, 0.4447302222251892, 0.20539294183254242, 0.15971463918685913, 0.12029248476028442, 0.5353030562400818, 0.8347886800765991, 0.414836585521698, 0.05486238747835159, 0.03327101841568947, 0.07397356629371643, 0.518595814704895], "lowlevel.gfcc.cov": [[11174.9111328125, -393.3518371582031, -3216.97802734375, 147.45867919921875, -618.58935546875, -1049.6519775390625, -711.1671752929688, -257.8385009765625, -440.1042175292969, -234.2847900390625, 1151.9835205078125, -686.8741455078125, -116.92875671386719], [-393.3518371582031, 2005.5341796875, 804.52392578125, -289.95068359375, -163.033447265625, -608.2638549804688, -341.2468566894531, -271.688232421875, 283.64892578125, 164.66934204101562, 90.7591323852539, 66.38627624511719, 33.6208610534668], [-3216.97802734375, 804.52392578125, 1572.8204345703125, 30.62006950378418, 15.889886856079102, 77.52182006835938, -23.487451553344727, -5.007685661315918, 164.52798461914062, 155.91671752929688, -282.58746337890625, 260.0215148925781, 34.06698226928711], [147.45867919921875, -289.95068359375, 30.62006950378418, 914.480712890625, 16.40707015991211, -105.29227447509766, -269.9735412597656, -44.0128173828125, -282.4381408691406, 3.0139589309692383, 191.36773681640625, -25.973426818847656, 42.73696517944336], [-618.58935546875, -163.033447265625, 15.889886856079102, 16.40707015991211, 328.4983825683594, 238.64132690429688, 170.02554321289062, 23.154762268066406, -54.190879821777344, -75.97256469726562, -126.26197814941406, 19.2131404876709, -14.283923149108887], [-1049.6519775390625, -608.2638549804688, 77.52182006835938, -105.29227447509766, 238.64132690429688, 737.3973388671875, 453.0590515136719, 170.17041015625, -83.02153015136719, -147.46917724609375, -313.4824523925781, 51.03893280029297, -2.6165812015533447], [-711.1671752929688, -341.2468566894531, -23.487451553344727, -269.9735412597656, 170.02554321289062, 453.0590515136719, 560.688720703125, 195.07275390625, -15.459574699401855, -202.4793243408203, -316.1134338378906, -21.47004508972168, 15.782947540283203], [-257.8385009765625, -271.688232421875, -5.007685661315918, -44.0128173828125, 23.154762268066406, 170.17041015625, 195.07275390625, 340.9841613769531, 208.06333923339844, -21.63407325744629, -234.25534057617188, -141.44859313964844, -47.13572311401367], [-440.1042175292969, 283.64892578125, 164.52798461914062, -282.4381408691406, -54.190879821777344, -83.02153015136719, -15.459574699401855, 208.06333923339844, 538.0531005859375, 226.17959594726562, -154.56968688964844, -141.9594268798828, -138.85955810546875], [-234.2847900390625, 164.66934204101562, 155.91671752929688, 3.0139589309692383, -75.97256469726562, -147.46917724609375, -202.4793243408203, -21.63407325744629, 226.17959594726562, 363.3379211425781, 154.64869689941406, -21.433250427246094, -160.75523376464844], [1151.9835205078125, 90.7591323852539, -282.58746337890625, 191.36773681640625, -126.26197814941406, -313.4824523925781, -316.1134338378906, -234.25534057617188, -154.56968688964844, 154.64869689941406, 494.6542053222656, 73.36949157714844, -39.13614273071289], [-686.8741455078125, 66.38627624511719, 260.0215148925781, -25.973426818847656, 19.2131404876709, 51.03893280029297, -21.47004508972168, -141.44859313964844, -141.9594268798828, -21.433250427246094, 73.36949157714844, 355.3208312988281, 175.79566955566406], [-116.92875671386719, 33.6208610534668, 34.06698226928711, 42.73696517944336, -14.283923149108887, -2.6165812015533447, 15.782947540283203, -47.13572311401367, -138.85955810546875, -160.75523376464844, -39.13614273071289, 175.79566955566406, 309.0183410644531]], "lowlevel.gfcc.icov": [[0.000468225684016943, -0.0003098722663708031, 0.0008879203232936561, 0.00014707721129525453, 0.0004917928599752486, -0.00014185936015564948, 0.0005679504829458892, -0.0005429133307188749, 0.0004264721064828336, 0.0004129526496399194, -0.0004794858687091619, 0.0003591397253330797, 0.00014379537606146187], [-0.0003098722663708031, 0.0018756213830783963, -0.0019107932457700372, 0.0005574468523263931, -0.0007199827814474702, 0.0009959004819393158, -0.00046767789172008634, 0.001886567217297852, -0.0016184949781745672, 0.0009351932094432414, -0.0009322779369540513, 0.0011677404399961233, -0.0009241187945008278], [0.0008879203232936561, -0.0019107932457700372, 0.004227589350193739, -0.0008908628951758146, 0.0017185964388772845, -0.000497258675750345, 0.0010130523005500436, -0.001532736700028181, 0.0017778839683160186, -0.001247093197889626, 0.002547635929659009, -0.0024718635249882936, 0.0018697143532335758], [0.00014707721129525453, 0.0005574468523263931, -0.0008908628951758146, 0.0029771788977086544, -0.0010145183186978102, 1.518798126198817e-05, 0.0021062151063233614, -0.0019053576979786158, 0.0021646914537996054, -4.493521191761829e-05, -0.0016783790197223425, 0.0023562752176076174, -0.001367164310067892], [0.0004917928599752486, -0.0007199827814474702, 0.0017185964388772845, -0.0010145183186978102, 0.005306491162627935, -0.0011507077142596245, -0.0003588497347664088, 0.0007310327491723001, 9.584104554960504e-05, 0.0004646447778213769, 0.0012863713782280684, -0.00112310447730124, 0.001667254720814526], [-0.00014185936015564948, 0.0009959004819393158, -0.000497258675750345, 1.518798126198817e-05, -0.0011507077142596245, 0.004629969131201506, -0.002372081857174635, 5.445530405268073e-05, 0.0008803491946309805, -0.001060801325365901, 0.0018811797490343451, -0.001341755734756589, 0.0008514587534591556], [0.0005679504829458892, -0.00046767789172008634, 0.0010130523005500436, 0.0021062151063233614, -0.0003588497347664088, -0.002372081857174635, 0.007164284586906433, -0.0034200958907604218, 0.002198296133428812, 0.0017328500980511308, -6.605455564567819e-05, 0.0008634859113954008, 0.00032823559013195336], [-0.0005429133307188749, 0.001886567217297852, -0.001532736700028181, -0.0019053576979786158, 0.0007310327491723001, 5.445530405268073e-05, -0.0034200958907604218, 0.010925231501460075, -0.006326604168862104, 0.0015282374806702137, 0.0012737177312374115, 0.0013525409158319235, -0.0007588306325487792], [0.0004264721064828336, -0.0016184949781745672, 0.0017778839683160186, 0.0021646914537996054, 9.584104554960504e-05, 0.0008803491946309805, 0.002198296133428812, -0.006326604168862104, 0.010034379549324512, -0.006063250824809074, 0.0035240394063293934, 0.00013408437371253967, 0.0005015446222387254], [0.0004129526496399194, 0.0009351932094432414, -0.001247093197889626, -4.493521191761829e-05, 0.0004646447778213769, -0.001060801325365901, 0.0017328500980511308, 0.0015282374806702137, -0.006063250824809074, 0.01118867564946413, -0.0058627622202038765, 0.0006904907641001046, 0.0023159212432801723], [-0.0004794858687091619, -0.0009322779369540513, 0.002547635929659009, -0.0016783790197223425, 0.0012863713782280684, 0.0018811797490343451, -6.605455564567819e-05, 0.0012737177312374115, 0.0035240394063293934, -0.0058627622202038765, 0.011507322080433369, -0.005518458783626556, 0.0032747050281614065], [0.0003591397253330797, 0.0011677404399961233, -0.0024718635249882936, 0.0023562752176076174, -0.00112310447730124, -0.001341755734756589, 0.0008634859113954008, 0.0013525409158319235, 0.00013408437371253967, 0.0006904907641001046, -0.005518458783626556, 0.010384468361735344, -0.006132591050118208], [0.00014379537606146187, -0.0009241187945008278, 0.0018697143532335758, -0.001367164310067892, 0.001667254720814526, 0.0008514587534591556, 0.00032823559013195336, -0.0007588306325487792, 0.0005015446222387254, 0.0023159212432801723, 0.0032747050281614065, -0.006132591050118208, 0.00865933671593666]], "lowlevel.mfcc.cov": [[10260.2724609375, -385.63800048828125, -2726.786865234375, 324.35955810546875, 10.060065269470215, -1395.4310302734375, 178.30459594726562, -783.027587890625, -1883.14794921875, 552.6911010742188, -832.7788696289062, 710.9642944335938, -34.651695251464844], [-385.63800048828125, 2030.1866455078125, 472.2250061035156, -219.6793975830078, -79.7514419555664, -191.4317169189453, -429.1983337402344, -340.7208557128906, -15.682014465332031, -40.847618103027344, 114.64883422851562, -67.78060150146484, -6.856696128845215], [-2726.786865234375, 472.2250061035156, 1304.729248046875, 68.0663833618164, 38.474430084228516, 289.809326171875, -179.13816833496094, 6.884572982788086, 305.6886901855469, -192.3072509765625, 214.3264617919922, -162.6952362060547, 8.387304306030273], [324.35955810546875, -219.6793975830078, 68.0663833618164, 550.9066162109375, 234.9127960205078, -159.9231414794922, 37.27064895629883, -154.66497802734375, -281.9170227050781, 28.002674102783203, -187.7099151611328, 96.41499328613281, 0.33618831634521484], [10.060065269470215, -79.7514419555664, 38.474430084228516, 234.9127960205078, 285.48956298828125, -24.5096435546875, -22.1435489654541, -106.9867172241211, -142.04226684570312, -4.51888370513916, -82.49455261230469, 77.80279541015625, 70.95987701416016], [-1395.4310302734375, -191.4317169189453, 289.809326171875, -159.9231414794922, -24.5096435546875, 497.45672607421875, 150.92518615722656, 262.3030700683594, 309.31146240234375, -213.2700653076172, 123.14834594726562, -136.052001953125, 56.014034271240234], [178.30459594726562, -429.1983337402344, -179.13816833496094, 37.27064895629883, -22.1435489654541, 150.92518615722656, 455.6655578613281, 224.621826171875, -44.20454788208008, -115.79410552978516, -222.1324462890625, -59.174903869628906, -71.32221984863281], [-783.027587890625, -340.7208557128906, 6.884572982788086, -154.66497802734375, -106.9867172241211, 262.3030700683594, 224.621826171875, 492.87445068359375, 449.7588195800781, -59.040992736816406, -20.502248764038086, -247.14968872070312, -141.64630126953125], [-1883.14794921875, -15.682014465332031, 305.6886901855469, -281.9170227050781, -142.04226684570312, 309.31146240234375, -44.20454788208008, 449.7588195800781, 876.1002197265625, 101.42851257324219, 262.3783874511719, -315.8276672363281, -193.06224060058594], [552.6911010742188, -40.847618103027344, -192.3072509765625, 28.002674102783203, -4.51888370513916, -213.2700653076172, -115.79410552978516, -59.040992736816406, 101.42851257324219, 457.8713073730469, 200.54342651367188, 75.6268539428711, -169.42445373535156], [-832.7788696289062, 114.64883422851562, 214.3264617919922, -187.7099151611328, -82.49455261230469, 123.14834594726562, -222.1324462890625, -20.502248764038086, 262.3783874511719, 200.54342651367188, 599.2178955078125, 147.84605407714844, 83.34273529052734], [710.9642944335938, -67.78060150146484, -162.6952362060547, 96.41499328613281, 77.80279541015625, -136.052001953125, -59.174903869628906, -247.14968872070312, -315.8276672363281, 75.6268539428711, 147.84605407714844, 408.03265380859375, 258.4685363769531], [-34.651695251464844, -6.856696128845215, 8.387304306030273, 0.33618831634521484, 70.95987701416016, 56.014034271240234, -71.32221984863281, -141.64630126953125, -193.06224060058594, -169.42445373535156, 83.34273529052734, 258.4685363769531, 436.83782958984375]], "lowlevel.mfcc.icov": [[0.0005560553981922567, -6.53399110888131e-05, 0.0007448911783285439, 7.953631575219333e-05, 0.0003656522312667221, 0.00010520221258047968, 0.00037735546356998384, -0.00043362099677324295, 0.0011033299379050732, -0.0005956425447948277, 0.00045289413537830114, -0.0002776382607407868, 0.00021131345420144498], [-6.53399110888131e-05, 0.000889963295776397, -0.00039961928268894553, 0.0006179485353641212, -0.00013729192141909152, 0.000633523624856025, 0.00010642300912877545, 0.0008737952448427677, -0.00034465748467482626, 0.0005023552221246064, -0.00012400730338413268, 0.0003491755633149296, 0.00011732813436537981], [0.0007448911783285439, -0.00039961928268894553, 0.0026544195134192705, -0.0010661890264600515, 0.0005755516467615962, -0.0005131513462401927, 0.0007164012058638036, 0.00018129151430912316, 0.000757572241127491, 0.000400206190533936, -0.00029247679049149156, 8.931306365411729e-05, 0.0006437134579755366], [7.953631575219333e-05, 0.0006179485353641212, -0.0010661890264600515, 0.004559878259897232, -0.0027085726615041494, 0.0014520003460347652, -0.000497612520121038, 3.5838329495163634e-05, 0.0007351061212830245, -0.0004852225538343191, 0.0008563438314013183, -0.0005764167872257531, 0.0005315106827765703], [0.0003656522312667221, -0.00013729192141909152, 0.0005755516467615962, -0.0027085726615041494, 0.007115999702364206, -0.0027517571579664946, 0.0018493368988856673, 0.0001453357544960454, 0.0007900121272541583, -0.0020589963532984257, 0.00244277180172503, -0.001190681243315339, -0.0006470878724940121], [0.00010520221258047968, 0.000633523624856025, -0.0005131513462401927, 0.0014520003460347652, -0.0027517571579664946, 0.008794021792709827, -0.003980179317295551, 0.00034994882298633456, -0.0014778063632547855, 0.004003059584647417, -0.004219413734972477, 0.0028519753832370043, -0.0011729897232726216], [0.00037735546356998384, 0.00010642300912877545, 0.0007164012058638036, -0.000497612520121038, 0.0018493368988856673, -0.003980179317295551, 0.007600180339068174, -0.0043836673721671104, 0.003069311147555709, -0.001345794415101409, 0.0034999095369130373, -0.00359598221257329, 0.002342120511457324], [-0.00043362099677324295, 0.0008737952448427677, 0.00018129151430912316, 3.5838329495163634e-05, 0.0001453357544960454, 0.00034994882298633456, -0.0043836673721671104, 0.010522175580263138, -0.005989586003124714, 0.0022612945176661015, -0.0007782489410601556, 0.0022328353952616453, -0.0003392753133084625], [0.0011033299379050732, -0.00034465748467482626, 0.000757572241127491, 0.0007351061212830245, 0.0007900121272541583, -0.0014778063632547855, 0.003069311147555709, -0.005989586003124714, 0.008169201202690601, -0.003976206760853529, 0.0003459967556409538, 0.00131238903850317, -8.711701957508922e-05], [-0.0005956425447948277, 0.0005023552221246064, 0.000400206190533936, -0.0004852225538343191, -0.0020589963532984257, 0.004003059584647417, -0.001345794415101409, 0.0022612945176661015, -0.003976206760853529, 0.009318514727056026, -0.004320985171943903, -0.0013157305074855685, 0.0037476951256394386], [0.00045289413537830114, -0.00012400730338413268, -0.00029247679049149156, 0.0008563438314013183, 0.00244277180172503, -0.004219413734972477, 0.0034999095369130373, -0.0007782489410601556, 0.0003459967556409538, -0.004320985171943903, 0.007620704360306263, -0.004942799918353558, 0.0004499325586948544], [-0.0002776382607407868, 0.0003491755633149296, 8.931306365411729e-05, -0.0005764167872257531, -0.001190681243315339, 0.0028519753832370043, -0.00359598221257329, 0.0022328353952616453, 0.00131238903850317, -0.0013157305074855685, -0.004942799918353558, 0.012181921862065792, -0.0062482766807079315], [0.00021131345420144498, 0.00011732813436537981, 0.0006437134579755366, 0.0005315106827765703, -0.0006470878724940121, -0.0011729897232726216, 0.002342120511457324, -0.0003392753133084625, -8.711701957508922e-05, 0.0037476951256394386, 0.0004499325586948544, -0.0062482766807079315, 0.007849079556763172]], "metadata.audio_properties.analysis.downmix": "mix", "metadata.audio_properties.codec": "mp3", "metadata.audio_properties.md5_encoded": "8a3dcbd9cc3f480932e809c87e89d2d5", "metadata.tags.file_name": "1182283839456940032.mp3", "metadata.version.essentia": "2.1-beta6-dev", "metadata.version.essentia_git_sha": "v2.1_beta5-1110-g77a6a954", "metadata.version.extractor": "music 2.0", "tonal.chords_key": "Eb", "tonal.chords_scale": "major", "tonal.key_edma.key": "Eb", "tonal.key_edma.scale": "major", "tonal.key_krumhansl.key": "Eb", "tonal.key_krumhansl.scale": "major", "tonal.key_temperley.key": "Eb", "tonal.key_temperley.sca