{"song_id": "1182278158498664498", "download": "https://cdn.discordapp.com/attachments/1128313332273782784/1182278158498664498/chirp.mp4?ex=65841d56&amp", "lyrics": "[Verse]\nIn this Canadian town, the snow starts to fall\nAs winter's enchantment embraces us all\nIndie rock melodies blend with the breeze\nDream pop harmonies dance through the trees\n\n[Chorus]\nMesmerizing winter, oh, how you captivate\nWith your icy whispers and magical fate\nTropical funk grooves melt away the cold\nAs we embrace the music that winter unfolds", "style": ["sertanejo"], "essentia_features": {"lowlevel.average_loudness": 0.9756685495376587, "lowlevel.barkbands_crest.mean": 13.504098892211914, "lowlevel.barkbands_crest.stdev": 4.574436664581299, "lowlevel.barkbands_flatness_db.mean": 0.20481470227241516, "lowlevel.barkbands_flatness_db.stdev": 0.0763474628329277, "lowlevel.barkbands_kurtosis.mean": 25.27000617980957, "lowlevel.barkbands_kurtosis.stdev": 27.829797744750977, "lowlevel.barkbands_skewness.mean": 3.781130313873291, "lowlevel.barkbands_skewness.stdev": 1.966385841369629, "lowlevel.barkbands_spread.mean": 14.328996658325195, "lowlevel.barkbands_spread.stdev": 16.260143280029297, "lowlevel.dissonance.mean": 0.4362388253211975, "lowlevel.dissonance.stdev": 0.04559876769781113, "lowlevel.dynamic_complexity": 2.393432378768921, "lowlevel.erbbands_crest.mean": 9.781510353088379, "lowlevel.erbbands_crest.stdev": 4.148284912109375, "lowlevel.erbbands_flatness_db.mean": 0.14290975034236908, "lowlevel.erbbands_flatness_db.stdev": 0.047261111438274384, "lowlevel.erbbands_kurtosis.mean": 1.7977864742279053, "lowlevel.erbbands_kurtosis.stdev": 3.7087786197662354, "lowlevel.erbbands_skewness.mean": 1.0524154901504517, "lowlevel.erbbands_skewness.stdev": 0.8650643229484558, "lowlevel.erbbands_spread.mean": 53.14250183105469, "lowlevel.erbbands_spread.stdev": 29.036088943481445, "lowlevel.hfc.mean": 11.993884086608887, "lowlevel.hfc.stdev": 9.749049186706543, "lowlevel.loudness_ebu128.integrated": -13.969208717346191, "lowlevel.loudness_ebu128.loudness_range": 1.9292182922363281, "lowlevel.loudness_ebu128.momentary.mean": -14.347375869750977, "lowlevel.loudness_ebu128.momentary.stdev": 2.008212089538574, "lowlevel.loudness_ebu128.short_term.mean": -14.108407974243164, "lowlevel.loudness_ebu128.short_term.stdev": 0.7229133248329163, "lowlevel.melbands_crest.mean": 18.629365921020508, "lowlevel.melbands_crest.stdev": 5.170287132263184, "lowlevel.melbands_flatness_db.mean": 0.295024037361145, "lowlevel.melbands_flatness_db.stdev": 0.09904208779335022, "lowlevel.melbands_kurtosis.mean": 54.23941421508789, "lowlevel.melbands_kurtosis.stdev": 52.43296432495117, "lowlevel.melbands_skewness.mean": 5.129376411437988, "lowlevel.melbands_skewness.stdev": 2.4710357189178467, "lowlevel.melbands_spread.mean": 10.054953575134277, "lowlevel.melbands_spread.stdev": 13.008593559265137, "lowlevel.pitch_salience.mean": 0.45352834463119507, "lowlevel.pitch_salience.stdev": 0.12995664775371552, "lowlevel.silence_rate_20dB.mean": 1.0, "lowlevel.silence_rate_20dB.stdev": 0.0, "lowlevel.silence_rate_30dB.mean": 0.9551872611045837, "lowlevel.silence_rate_30dB.stdev": 0.20689091086387634, "lowlevel.silence_rate_60dB.mean": 0.06629834324121475, "lowlevel.silence_rate_60dB.stdev": 0.24880114197731018, "lowlevel.spectral_centroid.mean": 664.78125, "lowlevel.spectral_centroid.stdev": 517.3848876953125, "lowlevel.spectral_complexity.mean": 9.241866111755371, "lowlevel.spectral_complexity.stdev": 4.989414691925049, "lowlevel.spectral_decrease.mean": -1.004353844535899e-08, "lowlevel.spectral_decrease.stdev": 9.289967017878098e-09, "lowlevel.spectral_energy.mean": 0.03899446129798889, "lowlevel.spectral_energy.stdev": 0.03557705134153366, "lowlevel.spectral_energyband_high.mean": 0.0005810782313346863, "lowlevel.spectral_energyband_high.stdev": 0.0008375465404242277, "lowlevel.spectral_energyband_low.mean": 0.025568874552845955, "lowlevel.spectral_energyband_low.stdev": 0.028223471716046333, "lowlevel.spectral_energyband_middle_high.mean": 0.0009185470989905298, "lowlevel.spectral_energyband_middle_high.stdev": 0.0011928861495107412, "lowlevel.spectral_energyband_middle_low.mean": 0.016764897853136063, "lowlevel.spectral_energyband_middle_low.stdev": 0.023177407681941986, "lowlevel.spectral_entropy.mean": 7.192716121673584, "lowlevel.spectral_entropy.stdev": 0.7396410703659058, "lowlevel.spectral_flux.mean": 0.08797865360975266, "lowlevel.spectral_flux.stdev": 0.07839968800544739, "lowlevel.spectral_kurtosis.mean": 5.282015323638916, "lowlevel.spectral_kurtosis.stdev": 8.910780906677246, "lowlevel.spectral_rms.mean": 0.005563695449382067, "lowlevel.spectral_rms.stdev": 0.0026624558959156275, "lowlevel.spectral_rolloff.mean": 881.8961181640625, "lowlevel.spectral_rolloff.stdev": 1761.2247314453125, "lowlevel.spectral_skewness.mean": 1.822755217552185, "lowlevel.spectral_skewness.stdev": 0.9847102165222168, "lowlevel.spectral_spread.mean": 6576253.5, "lowlevel.spectral_spread.stdev": 2127139.0, "lowlevel.spectral_strongpeak.mean": 0.6589366793632507, "lowlevel.spectral_strongpeak.stdev": 0.40524277091026306, "lowlevel.zerocrossingrate.mean": 0.047683704644441605, "lowlevel.zerocrossingrate.stdev": 0.04251335188746452, "metadata.audio_properties.analysis.equal_loudness": 0.0, "metadata.audio_properties.analysis.length": 37.80160903930664, "metadata.audio_properties.analysis.sample_rate": 44100.0, "metadata.audio_properties.analysis.start_time": 0.0, "metadata.audio_properties.bit_rate": 120502.0, "metadata.audio_properties.length": 37.80266571044922, "metadata.audio_properties.lossless": 0.0, "metadata.audio_properties.number_channels": 1.0, "metadata.audio_properties.replay_gain": -12.708637237548828, "metadata.audio_properties.sample_rate": 48000.0, "rhythm.beats_count": 66.0, "rhythm.beats_loudness.mean": 0.06046799197793007, "rhythm.beats_loudness.stdev": 0.030188361182808876, "rhythm.bpm": 105.11030578613281, "rhythm.bpm_histogram_first_peak_bpm": 105.0, "rhythm.bpm_histogram_first_peak_weight": 0.265625, "rhythm.bpm_histogram_second_peak_bpm": 112.0, "rhythm.bpm_histogram_second_peak_spread": 0.0, "rhythm.bpm_histogram_second_peak_weight": 0.015384615398943424, "rhythm.danceability": 1.5362467765808105, "rhythm.onset_rate": 4.9981889724731445, "tonal.chords_changes_rate": 0.05521472543478012, "tonal.chords_number_rate": 0.008588956668972969, "tonal.chords_strength.mean": 0.5229617357254028, "tonal.chords_strength.stdev": 0.10716447234153748, "tonal.hpcp_crest.mean": 14.258060455322266, "tonal.hpcp_crest.stdev": 5.650074005126953, "tonal.hpcp_entropy.mean": 1.778414249420166, "tonal.hpcp_entropy.stdev": 0.6057140231132507, "tonal.key_edma.strength": 0.5424953103065491, "tonal.key_krumhansl.strength": 0.5633164048194885, "tonal.key_temperley.strength": 0.5663837194442749, "tonal.tuning_diatonic_strength": 0.47438111901283264, "tonal.tuning_equal_tempered_deviation": 0.24182650446891785, "tonal.tuning_frequency": 434.193115234375, "tonal.tuning_nontempered_energy_ratio": 0.9585573673248291, "lowlevel.barkbands.mean": [0.000427112216129899, 0.009999804198741913, 0.010326582007110119, 0.00882531888782978, 0.0044903019443154335, 0.0016989486757665873, 0.0004835700092371553, 0.0003537134325597435, 0.0008516662055626512, 0.00021684651437681168, 7.393092528218403e-05, 6.489301449619234e-05, 8.962966967374086e-05, 0.00014132515934761614, 8.537662506569177e-05, 6.77773350616917e-05, 7.063910743454471e-05, 6.781968113500625e-05, 5.227931615081616e-05, 5.451632750919089e-05, 0.00010076625039801002, 9.07535504666157e-05, 0.0001188500173157081, 0.0001048009071382694, 8.682586485520005e-05, 4.941486622556113e-05, 9.9401586339809e-07], "lowlevel.barkbands.stdev": [0.0008897994994185865, 0.021617162972688675, 0.012068407610058784, 0.013313723728060722, 0.010922051966190338, 0.002430075081065297, 0.0007378531736321747, 0.000566188944503665, 0.0008661006577312946, 0.000556588580366224, 0.0002250148099847138, 0.00017545516311656684, 0.00021961024322081357, 0.0002525568415876478, 0.00025675224605947733, 0.00013854623830411583, 0.00013805598428007215, 0.00010606244904920459, 0.00010004017531173304, 9.820054401643574e-05, 0.00014599382120650262, 0.0001571145694470033, 0.00027302122907713056, 0.0001923344243550673, 0.0001474022719776258, 7.455240847775713e-05, 3.3318133318971377e-06], "lowlevel.erbbands.mean": [0.31509584188461304, 2.234600067138672, 9.53922176361084, 23.957414627075195, 25.063486099243164, 10.907629013061523, 7.63441801071167, 16.610788345336914, 8.322065353393555, 8.567842483520508, 9.288884162902832, 15.058161735534668, 15.880327224731445, 6.8457841873168945, 2.9144198894500732, 2.8918027877807617, 3.9395110607147217, 8.250138282775879, 5.0255022048950195, 3.4677207469940186, 4.4172186851501465, 3.7588582038879395, 3.62553334236145, 3.06190824508667, 2.654667377471924, 2.5870327949523926, 3.7909226417541504, 3.677088737487793, 3.245452880859375, 3.5895917415618896, 3.1949334144592285, 2.3718323707580566, 1.6797341108322144, 1.0552958250045776, 0.5411869287490845, 0.2559746205806732, 0.08272254467010498, 0.011821922846138477, 0.0002509143960196525, 5.282829442876391e-05], "lowlevel.erbbands.stdev": [0.7231707572937012, 4.732449054718018, 10.885257720947266, 25.104732513427734, 59.974708557128906, 21.97735595703125, 12.918753623962402, 25.859163284301758, 11.778654098510742, 13.325166702270508, 14.121806144714355, 15.56700325012207, 18.747072219848633, 19.413684844970703, 7.299717426300049, 7.862854957580566, 9.292828559875488, 14.904281616210938, 15.314349174499512, 7.817611217498779, 8.783177375793457, 6.822028636932373, 5.752904891967773, 5.0049333572387695, 5.3286871910095215, 4.506199836730957, 5.958285331726074, 5.356019020080566, 5.52119779586792, 7.6620612144470215, 7.1188578605651855, 4.810683727264404, 2.964263677597046, 1.8092718124389648, 0.9441068172454834, 0.4430641233921051, 0.11842881143093109, 0.01756429485976696, 0.00036940001882612705, 4.15351714764256e-05], "lowlevel.gfcc.mean": [-29.007610321044922, 84.19872283935547, -58.3061408996582, 33.53851318359375, -65.49821472167969, 17.110326766967773, -42.007240295410156, 9.693336486816406, -27.058717727661133, 1.981174349784851, -31.855018615722656, -9.65726089477539, -20.787288665771484], "lowlevel.melbands.mean": [0.0027789173182100058, 0.004388029221445322, 0.004210969898849726, 0.0012209253618493676, 0.00027976828278042376, 0.0003492456453386694, 0.00012993987184017897, 8.397414785576984e-05, 7.46599689591676e-05, 0.00011031147005269304, 7.984838157426566e-05, 2.7483514713821933e-05, 1.062762657966232e-05, 6.971996754145948e-06, 7.251097486005165e-06, 1.0662368367775343e-05, 1.5649298802600242e-05, 7.962048584886361e-06, 5.046170826972229e-06, 4.239019290253054e-06, 5.4546126193599775e-06, 3.932418621843681e-06, 3.4569093259051442e-06, 3.2769642075436423e-06, 2.3713951122772414e-06, 1.8863354398490628e-06, 1.8918864270744962e-06, 1.6255469290626934e-06, 2.1001296772737987e-06, 2.6965144570567645e-06, 1.939088406288647e-06, 1.783551056178112e-06, 1.8229927718493855e-06, 2.1327296053641476e-06, 1.892021259664034e-06, 1.622451122784696e-06, 1.3833854382028221e-06, 1.1856080845973338e-06, 1.059180021911743e-06, 8.338674888364039e-07], "lowlevel.melbands.stdev": [0.0061893220990896225, 0.005075599066913128, 0.005203309003263712, 0.002865095157176256, 0.0004610846226569265, 0.000527687428984791, 0.0001747554779285565, 0.0001293242530664429, 0.00011009364243363962, 0.0001114947663154453, 9.644200326874852e-05, 8.63166424096562e-05, 3.1532828870695084e-05, 1.7509244571556337e-05, 1.9316374164191075e-05, 2.363042403885629e-05, 2.9311111575225368e-05, 2.5160439690807834e-05, 1.231239457410993e-05, 8.594114660809282e-06, 1.1298963727313094e-05, 7.511132480431115e-06, 6.320899501588428e-06, 5.413055532699218e-06, 4.0583468035038095e-06, 3.952981387556065e-06, 3.833602477243403e-06, 2.9043217182334047e-06, 3.701572268255404e-06, 4.023290330223972e-06, 2.9750815428997157e-06, 3.0836959012958687e-06, 3.4684508136706427e-06, 5.0658645704970695e-06, 4.384021849546116e-06, 3.5582736472861143e-06, 2.7705953016265994e-06, 2.1808589281135937e-06, 1.8288412775291363e-06, 1.4709280549141113e-06], "lowlevel.melbands128.mean": [0.00039308538543991745, 0.0024535527918487787, 0.003808803390711546, 0.003392821177840233, 0.004104847088456154, 0.005423950497061014, 0.0050987680442631245, 0.004160203505307436, 0.002524489536881447, 0.0009683596435934305, 0.00048249904648400843, 0.00029266320052556694, 0.0002401193924015388, 0.0002272557030664757, 0.0003846022591460496, 0.00047594282659702003, 0.00013658656098414212, 7.009546243352816e-05, 8.947973401518539e-05, 0.0001327644131379202, 3.6125496990280226e-05, 7.240800186991692e-05, 9.008196502691135e-05, 5.7975823438027874e-05, 7.664268923690543e-05, 0.00012824519944842905, 0.00021194385772105306, 3.3992022508755326e-05, 1.5303879990824498e-05, 4.763141623698175e-05, 2.0091003534616902e-05, 1.3249878065835219e-05, 1.4245701095205732e-05, 4.719529442809289e-06, 5.957028861303115e-06, 7.993580766196828e-06, 8.64267803990515e-06, 5.599439646175597e-06, 8.001220521691721e-06, 8.011215868464205e-06, 6.517367182823364e-06, 2.3739637981634587e-05, 1.5293982869479805e-05, 1.5576259102090262e-05, 4.634566266759066e-06, 8.659284503664821e-06, 9.13679559744196e-06, 3.0720227641722886e-06, 4.515640739555238e-06, 5.388401859818259e-06, 3.1646450224798173e-06, 3.888179890054744e-06, 6.736800060025416e-06, 5.207102731219493e-06, 5.216114004724659e-06, 3.3700714539008914e-06, 3.2666321203578264e-06, 3.9579736039740965e-06, 3.401643198230886e-06, 2.7299033718009014e-06, 3.761997731999145e-06, 3.15050078825152e-06, 2.707583917072043e-06, 2.189159658883e-06, 1.7212125840160297e-06, 1.9029321265406907e-06, 1.9763178897846956e-06, 1.837243871705141e-06, 2.0602374206646346e-06, 1.680208924881299e-06, 1.594519062564359e-06, 1.5613155710525461e-06, 1.6704631207176135e-06, 2.2136789539217716e-06, 2.512177388780401e-06, 3.1198724173009396e-06, 2.6151089969062014e-06, 1.979987473532674e-06, 1.9765714114328148e-06, 1.664638148213271e-06, 1.806007162485912e-06, 1.875686393759679e-06, 1.6927136812228127e-06, 1.925831611515605e-06, 1.7512692238597083e-06, 1.956835831151693e-06, 2.3819411580916494e-06, 2.273146947118221e-06, 1.7420911717636045e-06, 1.7515236550025293e-06, 1.7066041664293152e-06, 1.6137923921633046e-06, 1.4430021337830112e-06, 1.4495342384179821e-06, 1.2802399851352675e-06, 1.2053035334247397e-06, 1.1500577556944336e-06, 1.1820005738627515e-06, 1.0541450592427282e-06, 1.0740086509031244e-06, 8.460321510028734e-07, 8.623058533885342e-07, 6.859214067844732e-07, 7.166165687522152e-07, 5.497273036780825e-07, 5.000350142836396e-07, 6.8595051061493e-07, 5.018553679292381e-07, 4.2373216047053575e-07, 3.9428883269465587e-07, 2.917124390933168e-07, 2.493944748493959e-07, 2.6913642159343e-07, 2.6126798502446036e-07, 2.0576629822244286e-07, 1.4746564147571917e-07, 4.059998559569067e-08, 3.66605124035857e-09, 3.743707427394938e-11, 1.8405815066513398e-11, 9.758111853275242e-12, 5.141238563349804e-12, 4.989581230824269e-12, 4.8950210204679045e-12, 4.7995166868597394e-12, 4.68957381608015e-12, 4.622605683651804e-12, 4.592793593355404e-12], "lowlevel.melbands128.stdev": [0.0008620203589089215, 0.005845759995281696, 0.009681953117251396, 0.0076568517833948135, 0.005555015057325363, 0.00639806455001235, 0.00542844133451581, 0.008038785308599472, 0.007145298179239035, 0.0024778679944574833, 0.0009348925086669624, 0.0005779691855423152, 0.0005347771802917123, 0.00036016901140101254, 0.0006451194640249014, 0.0008204563637264073, 0.0002446722937747836, 0.0001952647144207731, 0.00016659217362757772, 0.0002327465481357649, 9.836072422331199e-05, 0.0001321830932283774, 0.00017115338414441794, 0.00010785274935187772, 0.0001589174644323066, 0.00016518532356712967, 0.0002769699494820088, 6.894042599014938e-05, 3.46405831805896e-05, 0.00018331069441046566, 6.387743633240461e-05, 4.9044389015762135e-05, 4.96377979288809e-05, 1.5138447452045511e-05, 1.7578840925125405e-05, 2.3400765712722205e-05, 3.4370237699477e-05, 1.946536940522492e-05, 2.9920482120360248e-05, 3.034513611055445e-05, 1.6712852811906487e-05, 6.750441389158368e-05, 3.049496081075631e-05, 4.314545731176622e-05, 1.558990334160626e-05, 4.020281994598918e-05, 3.5610963095678017e-05, 7.2894654294941574e-06, 1.4054595339985099e-05, 1.6973466699710116e-05, 7.3170258474419825e-06, 9.075827620108612e-06, 1.9062612409470603e-05, 1.2140375474700704e-05, 1.3516462786355987e-05, 7.796264071657788e-06, 7.528173227910884e-06, 1.0421675142424647e-05, 6.3067163864616305e-06, 5.519084879779257e-06, 7.537488272646442e-06, 5.820340902573662e-06, 4.917594651487889e-06, 4.583322606777074e-06, 3.688915057864506e-06, 4.759629064210458e-06, 4.7801613618503325e-06, 4.442783847480314e-06, 4.615030320564983e-06, 3.273910806456115e-06, 3.0859066555422032e-06, 3.2299676604452543e-06, 3.6911355891788844e-06, 4.46469175585662e-06, 4.54239443570259e-06, 5.115894509799546e-06, 4.302769411879126e-06, 3.4021134069917025e-06, 3.381364649612806e-06, 2.9494156024156837e-06, 3.4698455237958115e-06, 3.7261147554090712e-06, 3.153814077450079e-06, 4.154278485657414e-06, 3.5549701351555996e-06, 4.39172390542808e-06, 6.813184427301167e-06, 6.158760243124561e-06, 4.298090971133206e-06, 4.031309345009504e-06, 4.205614914098987e-06, 3.889222625730326e-06, 3.32295780935965e-06, 3.28919782077719e-06, 2.5404403913853457e-06, 2.261462213937193e-06, 2.450815600241185e-06, 2.299744437550544e-06, 1.892968725769606e-06, 2.1024893612775486e-06, 1.6344768027920509e-06, 1.5532723409705795e-06, 1.4233221463655354e-06, 1.5972792652974022e-06, 1.0303600674888003e-06, 8.710251790944312e-07, 1.348718001281668e-06, 9.660192290539271e-07, 8.250381142715923e-07, 7.909876558187534e-07, 4.971053613189724e-07, 4.0347967456000333e-07, 4.2370572828076547e-07, 3.7821266118953645e-07, 3.0941092177272367e-07, 2.2228299201287882e-07, 1.260751787413028e-07, 2.388014408438721e-08, 6.769662608263616e-10, 5.227867583279533e-10, 1.8098172960279157e-10, 7.900019180495654e-12, 7.519289878243907e-12, 7.381903248393495e-12, 7.2703774424420775e-12, 7.178326943274582e-12, 7.112746589627017e-12, 7.07250751019739e-12], "lowlevel.mfcc.mean": [-692.9093017578125, 120.09004974365234, 54.2514533996582, 25.508344650268555, 7.464390754699707, 5.533549785614014, -3.655264377593994, -0.016813525930047035, 4.230996131896973, 4.664524555206299, 3.5732569694519043, -3.366049289703369, -17.393207550048828], "lowlevel.spectral_contrast_coeffs.mean": [-0.6335942149162292, -0.7195599675178528, -0.7387872338294983, -0.8066055774688721, -0.8315466642379761, -0.7896487712860107], "lowlevel.spectral_contrast_coeffs.stdev": [0.08474535495042801, 0.06987413018941879, 0.06943728029727936, 0.04462118074297905, 0.031006714329123497, 0.03372557461261749], "lowlevel.spectral_contrast_valleys.mean": [-6.7067484855651855, -7.250533103942871, -8.390159606933594, -8.577960014343262, -8.315146446228027, -10.154930114746094], "lowlevel.spectral_contrast_valleys.stdev": [0.8610974550247192, 0.671754777431488, 0.9350304007530212, 0.9844895601272583, 1.0187963247299194, 0.9812979698181152], "rhythm.beats_loudness_band_ratio.mean": [0.8046060800552368, 0.1272009015083313, 0.0540681891143322, 0.016822736710309982, 0.013206682167947292, 0.03003649227321148], "rhythm.beats_loudness_band_ratio.stdev": [0.17289836704730988, 0.09618209302425385, 0.07157531380653381, 0.0353630855679512, 0.011745531111955643, 0.041007183492183685], "tonal.hpcp.mean": [0.14217539131641388, 0.15061481297016144, 0.06315363943576813, 0.038310956209897995, 0.047007184475660324, 0.07495521008968353, 0.25080952048301697, 0.3066752552986145, 0.1267673373222351, 0.03322454169392586, 0.018408071249723434, 0.01690402440726757, 0.030631953850388527, 0.04362364113330841, 0.04155222326517105, 0.16155759990215302, 0.24117524921894073, 0.12603408098220825, 0.048665422946214676, 0.03311115503311157, 0.03688625618815422, 0.14532871544361115, 0.18988943099975586, 0.10546988993883133, 0.07852910459041595, 0.07608653604984283, 0.08203282207250595, 0.20830713212490082, 0.19742174446582794, 0.06403843313455582, 0.1016157940030098, 0.10868542641401291, 0.04400640353560448, 0.02305682748556137, 0.02685021050274372, 0.05159377679228783], "tonal.hpcp.stdev": [0.27663373947143555, 0.27301427721977234, 0.16701698303222656, 0.1455850899219513, 0.17076590657234192, 0.19642838835716248, 0.33974331617355347, 0.3910640478134155, 0.23220644891262054, 0.142793670296669, 0.10065998882055283, 0.09993702918291092, 0.11121281236410141, 0.1443641036748886, 0.13351966440677643, 0.2648254334926605, 0.3753499388694763, 0.22225990891456604, 0.17585675418376923, 0.13091397285461426, 0.12638740241527557, 0.24015682935714722, 0.2907380163669586, 0.19433821737766266, 0.21621868014335632, 0.21778109669685364, 0.19365465641021729, 0.2922866642475128, 0.276730477809906, 0.1461479663848877, 0.21320421993732452, 0.22620512545108795, 0.12745477259159088, 0.10624773055315018, 0.12161703407764435, 0.15491925179958344], "rhythm.beats_position": [0.5224489569664001, 1.05650794506073, 1.6137868165969849, 2.18267560005188, 2.7515645027160645, 3.320453405380249, 3.8893423080444336, 4.458230972290039, 5.027120113372803, 5.596008777618408, 6.164897918701172, 6.733786582946777, 7.302675724029541, 7.883174419403076, 8.45206356048584, 9.032562255859375, 9.60145092010498, 10.170339584350586, 10.739229202270508, 11.308117866516113, 11.877006530761719, 12.445895195007324, 13.02639389038086, 13.595283508300781, 14.164172172546387, 14.744670867919922, 15.313559532165527, 15.88244915008545, 16.451337814331055, 17.020225524902344, 17.600725173950195, 18.169614791870117, 18.738502502441406, 19.319002151489258, 19.887889862060547, 20.45677947998047, 21.02566909790039, 21.59455680847168, 22.17505645751953, 22.732336044311523, 23.312833786010742, 23.881723403930664, 24.450611114501953, 25.019500732421875, 25.600000381469727, 26.168888092041016, 26.737777709960938, 27.306665420532227, 27.87555503845215, 28.44444465637207, 29.02494239807129, 29.59383201599121, 30.1627197265625, 30.74321937561035, 31.312108993530273, 31.880996704101562, 32.449886322021484, 33.018775939941406, 33.599273681640625, 34.156551361083984, 34.725440979003906, 35.305938720703125, 35.87482833862305, 36.45532989501953, 37.02421569824219, 37.59310531616211], "rhythm.bpm_histogram": [0.0, 0.0, 0.0, 0.0, 0.0, 0.0, 0.0, 0.0, 0.0, 0.0, 0.0, 0.0, 0.0, 0.0, 0.0, 0.0, 0.0, 0.0, 0.0, 0.0, 0.0, 0.0, 0.0, 0.0, 0.0, 0.0, 0.0, 0.0, 0.0, 0.0, 0.0, 0.0, 0.0, 0.0, 0.0, 0.0, 0.0, 0.0, 0.0, 0.0, 0.0, 0.0, 0.0, 0.0, 0.0, 0.0, 0.0, 0.0, 0.0, 0.0, 0.0, 0.0, 0.0, 0.0, 0.0, 0.0, 0.0, 0.0, 0.0, 0.0, 0.0, 0.0, 0.0, 0.0, 0.0, 0.0, 0.0, 0.0, 0.0, 0.0, 0.0, 0.0, 0.0, 0.0, 0.0, 0.0, 0.0, 0.0, 0.0, 0.0, 0.0, 0.0, 0.0, 0.0, 0.0, 0.0, 0.0, 0.0, 0.0, 0.0, 0.0, 0.0, 0.0, 0.0, 0.0, 0.0, 0.0, 0.0, 0.0, 0.0, 0.0, 0.0, 0.0, 0.2153846174478531, 0.0, 0.7230769395828247, 0.0, 0.0, 0.04615384712815285, 0.0, 0.0, 0.0, 0.015384615398943424, 0.0, 0.0, 0.0, 0.0, 0.0, 0.0, 0.0, 0.0, 0.0, 0.0, 0.0, 0.0, 0.0, 0.0, 0.0, 0.0, 0.0, 0.0, 0.0, 0.0, 0.0, 0.0, 0.0, 0.0, 0.0, 0.0, 0.0, 0.0, 0.0, 0.0, 0.0, 0.0, 0.0, 0.0, 0.0, 0.0, 0.0, 0.0, 0.0, 0.0, 0.0, 0.0, 0.0, 0.0, 0.0, 0.0, 0.0, 0.0, 0.0, 0.0, 0.0, 0.0, 0.0, 0.0, 0.0, 0.0, 0.0, 0.0, 0.0, 0.0, 0.0, 0.0, 0.0, 0.0, 0.0, 0.0, 0.0, 0.0, 0.0, 0.0, 0.0, 0.0, 0.0, 0.0, 0.0, 0.0, 0.0, 0.0, 0.0, 0.0, 0.0, 0.0, 0.0, 0.0, 0.0, 0.0, 0.0, 0.0, 0.0, 0.0, 0.0, 0.0, 0.0, 0.0, 0.0, 0.0, 0.0, 0.0, 0.0, 0.0, 0.0, 0.0, 0.0, 0.0, 0.0, 0.0, 0.0, 0.0, 0.0, 0.0, 0.0, 0.0, 0.0, 0.0, 0.0, 0.0, 0.0, 0.0, 0.0, 0.0, 0.0, 0.0, 0.0, 0.0, 0.0, 0.0, 0.0, 0.0, 0.0, 0.0, 0.0, 0.0, 0.0, 0.0, 0.0, 0.0, 0.0], "tonal.chords_histogram": [58.650306701660156, 13.742331504821777, 0.3680981695652008, 10.184048652648926, 0.0, 7.607361793518066, 0.0, 1.3496932983398438, 0.0, 0.0, 0.0, 0.0, 0.0, 0.0, 0.0, 0.0, 0.0, 0.0, 0.0, 0.0, 2.2085888385772705, 0.0, 5.889570713043213, 0.0], "tonal.thpcp": [1.0, 0.4133601784706116, 0.10833786427974701, 0.06002463772892952, 0.05512027442455292, 0.09988401085138321, 0.1422470211982727, 0.13549257814884186, 0.5268034934997559, 0.7864190340042114, 0.41096919775009155, 0.15868715941905975, 0.10796813666820526, 0.12027790397405624, 0.4738847017288208, 0.6191872954368591, 0.3439139127731323, 0.2560659945011139, 0.24810132384300232, 0.26749083399772644, 0.6792433857917786, 0.6437485218048096, 0.20881512761116028, 0.3313465714454651, 0.35439908504486084, 0.1434951275587082, 0.0751831978559494, 0.08755258470773697, 0.1682358682155609, 0.4636024236679077, 0.4911215007305145, 0.20593000948429108, 0.12492353469133377, 0.15328000485897064, 0.24441231787204742, 0.817834198474884], "lowlevel.gfcc.cov": [[4467.2314453125, -953.5113525390625, -658.8339233398438, 613.7019653320312, 104.5578384399414, 93.01897430419922, -237.0297393798828, 132.54945373535156, -219.01126098632812, -115.90525817871094, -71.6407241821289, 326.361572265625, 183.66758728027344], [-953.5113525390625, 1337.817626953125, 398.8943176269531, -129.72103881835938, 476.10516357421875, 40.51546096801758, 269.8443603515625, -47.557682037353516, 129.14842224121094, -29.434688568115234, 105.1780014038086, -164.57106018066406, 12.301701545715332], [-658.8339233398438, 398.8943176269531, 847.9027099609375, 24.7285213470459, 170.83499145507812, 100.71029663085938, 203.6549072265625, 51.32250213623047, 96.21536254882812, 64.06893920898438, 31.695905685424805, -48.292236328125, -65.51073455810547], [613.7019653320312, -129.72103881835938, 24.7285213470459, 500.369140625, 90.06514739990234, 29.66927146911621, -4.850805282592773, 47.648616790771484, 40.66501235961914, -53.006988525390625, 19.49144744873047, 20.06053924560547, 23.126663208007812], [104.5578384399414, 476.10516357421875, 170.83499145507812, 90.06514739990234, 457.8419189453125, 77.7555923461914, 145.70970153808594, 81.1812515258789, 60.05576705932617, -20.88365936279297, 26.644222259521484, -23.43600082397461, 24.317245483398438], [93.01897430419922, 40.51546096801758, 100.71029663085938, 29.66927146911621, 77.7555923461914, 194.19439697265625, 107.88391876220703, 33.83206558227539, 44.82663345336914, 45.6964225769043, 17.928239822387695, -13.354512214660645, 1.7162163257598877], [-237.0297393798828, 269.8443603515625, 203.6549072265625, -4.850805282592773, 145.70970153808594, 107.88391876220703, 230.53475952148438, 49.131099700927734, 38.82571792602539, 47.370914459228516, 36.181400299072266, -35.917049407958984, -20.769533157348633], [132.54945373535156, -47.557682037353516, 51.32250213623047, 47.648616790771484, 81.1812515258789, 33.83206558227539, 49.131099700927734, 140.98507690429688, 50.563880920410156, 14.409626960754395, -2.821209192276001, 31.836551666259766, 7.230896949768066], [-219.01126098632812, 129.14842224121094, 96.21536254882812, 40.66501235961914, 60.05576705932617, 44.82663345336914, 38.82571792602539, 50.563880920410156, 154.29541015625, 47.782745361328125, 33.534873962402344, -15.958734512329102, 1.1633814573287964], [-115.90525817871094, -29.434688568115234, 64.06893920898438, -53.006988525390625, -20.88365936279297, 45.6964225769043, 47.370914459228516, 14.409626960754395, 47.782745361328125, 148.4213409423828, 70.55768585205078, 19.923295974731445, -11.449996948242188], [-71.6407241821289, 105.1780014038086, 31.695905685424805, 19.49144744873047, 26.644222259521484, 17.928239822387695, 36.181400299072266, -2.821209192276001, 33.534873962402344, 70.55768585205078, 115.83977508544922, 40.54460144042969, 23.25993537902832], [326.361572265625, -164.57106018066406, -48.292236328125, 20.06053924560547, -23.43600082397461, -13.354512214660645, -35.917049407958984, 31.836551666259766, -15.958734512329102, 19.923295974731445, 40.54460144042969, 142.14016723632812, 69.96123504638672], [183.66758728027344, 12.301701545715332, -65.51073455810547, 23.126663208007812, 24.317245483398438, 1.7162163257598877, -20.769533157348633, 7.230896949768066, 1.1633814573287964, -11.449996948242188, 23.25993537902832, 69.96123504638672, 111.11907196044922]], "lowlevel.gfcc.icov": [[0.0005394097534008324, -0.00016144657274708152, 0.0003728875599335879, -0.0007306304760277271, -0.00023962197883520275, -0.0007543385727331042, 0.0006033510435372591, -0.0003376859531272203, 0.0009692569728940725, -0.000562334549613297, 0.0009366364101879299, -0.0012727099237963557, 0.00023417873308062553], [-0.00016144657274708152, 0.004968808498233557, -0.00118692044634372, 0.0026610218919813633, -0.0036890681367367506, 0.002649100264534354, -0.0033266267273575068, 0.003482614178210497, -0.0034582067746669054, 0.004869937431067228, -0.006491694133728743, 0.0058089313097298145, -0.003379274858161807], [0.0003728875599335879, -0.00118692044634372, 0.0021496708504855633, -0.001116318628191948, 0.000366878550266847, -0.000999834737740457, -0.00016574995242990553, -0.0005553049850277603, 0.0005395754706114531, -0.001597301452420652, 0.002366916975006461, -0.002646756125614047, 0.001955770654603839], [-0.0007306304760277271, 0.0026610218919813633, -0.001116318628191948, 0.0046462733298540115, -0.0017424821853637695, 0.001540790544822812, -0.001723071443848312, 0.0013855361612513661, -0.003405944909900427, 0.004939456935971975, -0.005777797196060419, 0.004235033877193928, -0.0016791129019111395], [-0.00023962197883520275, -0.0036890681367367506, 0.000366878550266847, -0.0017424821853637695, 0.006431221030652523, -0.0017095125513151288, 0.0005968313198536634, -0.003976750653237104, 0.0017345320666208863, -0.001678064581938088, 0.003032408654689789, -0.002349219284951687, 0.0010260117705911398], [-0.0007543385727331042, 0.002649100264534354, -0.000999834737740457, 0.001540790544822812, -0.0017095125513151288, 0.009995312429964542, -0.005744222551584244, 0.0023826409596949816, -0.003816045355051756, 0.0007233169162645936, -0.0024831448681652546, 0.00471752043813467, -0.0033014616928994656], [0.0006033510435372591, -0.0033266267273575068, -0.00016574995242990553, -0.001723071443848312, 0.0005968313198536634, -0.005744222551584244, 0.012063062749803066, -0.005248289555311203, 0.005028605926781893, -0.0043085371144115925, 0.0019087839173153043, -0.0018527536885812879, 0.002456612652167678], [-0.0003376859531272203, 0.003482614178210497, -0.0005553049850277603, 0.0013855361612513661, -0.003976750653237104, 0.0023826409596949816, -0.005248289555311203, 0.014512212947010994, -0.006985223386436701, 0.0024907179176807404, 0.0002204560296377167, -0.0016888028476387262, -0.00018808289314620197], [0.0009692569728940725, -0.0034582067746669054, 0.0005395754706114531, -0.003405944909900427, 0.0017345320666208863, -0.003816045355051756, 0.005028605926781893, -0.006985223386436701, 0.014046707190573215, -0.006647157017141581, 0.002993769943714142, -0.0012517221039161086, 0.00021097845456097275], [-0.000562334549613297, 0.004869937431067228, -0.001597301452420652, 0.004939456935971975, -0.001678064581938088, 0.0007233169162645936, -0.0043085371144115925, 0.0024907179176807404, -0.006647157017141581, 0.018887659534811974, -0.014682759530842304, 0.004640242084860802, -2.2962152797845192e-05], [0.0009366364101879299, -0.006491694133728743, 0.002366916975006461, -0.005777797196060419, 0.003032408654689789, -0.0024831448681652546, 0.0019087839173153043, 0.0002204560296377167, 0.002993769943714142, -0.014682759530842304, 0.026932356879115105, -0.014246908016502857, 0.003273668000474572], [-0.0012727099237963557, 0.0058089313097298145, -0.002646756125614047, 0.004235033877193928, -0.002349219284951687, 0.00471752043813467, -0.0018527536885812879, -0.0016888028476387262, -0.0012517221039161086, 0.004640242084860802, -0.014246908016502857, 0.024775242432951927, -0.012901599518954754], [0.00023417873308062553, -0.003379274858161807, 0.001955770654603839, -0.0016791129019111395, 0.0010260117705911398, -0.0033014616928994656, 0.002456612652167678, -0.00018808289314620197, 0.00021097845456097275, -2.2962152797845192e-05, 0.003273668000474572, -0.012901599518954754, 0.018219852820038795]], "lowlevel.mfcc.cov": [[5569.5947265625, -1478.3516845703125, -872.6905517578125, 172.49119567871094, 219.22216796875, 1.0734565258026123, 9.368760108947754, 160.43856811523438, 41.51625442504883, -261.0748596191406, -474.37078857421875, -113.7705307006836, 182.99508666992188], [-1478.3516845703125, 1526.74560546875, 147.86366271972656, 11.094799995422363, 162.91873168945312, 121.93939208984375, 227.29220581054688, 34.003570556640625, 88.64495086669922, 102.33570861816406, 161.12759399414062, 75.96883392333984, -77.2408218383789], [-872.6905517578125, 147.86366271972656, 652.8512573242188, 70.53028869628906, -20.581043243408203, 89.00271606445312, 21.99767303466797, 13.454078674316406, 10.458822250366211, 78.41735076904297, 124.67839813232422, 56.48296356201172, 7.782660484313965], [172.49119567871094, 11.094799995422363, 70.53028869628906, 355.3267517089844, 151.96241760253906, 33.35236740112305, 43.97922134399414, 77.29251861572266, 22.47475814819336, 14.567375183105469, -2.111600875854492, 22.355667114257812, 34.45006561279297], [219.22216796875, 162.91873168945312, -20.581043243408203, 151.96241760253906, 268.3152160644531, 46.6268424987793, 41.574832916259766, 87.806884765625, 79.8397216796875, 29.508813858032227, -14.027775764465332, 24.8206729888916, 12.929604530334473], [1.0734565258026123, 121.93939208984375, 89.00271606445312, 33.35236740112305, 46.6268424987793, 174.23826599121094, 97.80643463134766, 32.97746658325195, 33.124874114990234, 50.859004974365234, 45.5399055480957, 31.366506576538086, 0.5473190546035767], [9.368760108947754, 227.29220581054688, 21.99767303466797, 43.97922134399414, 41.574832916259766, 97.80643463134766, 217.8500518798828, 63.56199645996094, 44.018550872802734, 26.977985382080078, 47.6225700378418, 28.268077850341797, 0.3050565719604492], [160.43856811523438, 34.003570556640625, 13.454078674316406, 77.29251861572266, 87.806884765625, 32.97746658325195, 63.56199645996094, 138.7754669189453, 73.58757019042969, 17.557071685791016, -3.612947702407837, 14.48253345489502, 6.076850891113281], [41.51625442504883, 88.64495086669922, 10.458822250366211, 22.47475814819336, 79.8397216796875, 33.124874114990234, 44.018550872802734, 73.58757019042969, 124.25953674316406, 46.913082122802734, 19.000240325927734, 22.600000381469727, -2.8249590396881104], [-261.0748596191406, 102.33570861816406, 78.41735076904297, 14.567375183105469, 29.508813858032227, 50.859004974365234, 26.977985382080078, 17.557071685791016, 46.913082122802734, 116.45649719238281, 87.80265045166016, 27.340431213378906, -10.676263809204102], [-474.37078857421875, 161.12759399414062, 124.67839813232422, -2.111600875854492, -14.027775764465332, 45.5399055480957, 47.6225700378418, -3.612947702407837, 19.000240325927734, 87.80265045166016, 156.4976348876953, 71.91027069091797, -0.2509075105190277], [-113.7705307006836, 75.96883392333984, 56.48296356201172, 22.355667114257812, 24.8206729888916, 31.366506576538086, 28.268077850341797, 14.48253345489502, 22.600000381469727, 27.340431213378906, 71.91027069091797, 118.92156982421875, 45.31840133666992], [182.99508666992188, -77.2408218383789, 7.782660484313965, 34.45006561279297, 12.929604530334473, 0.5473190546035767, 0.3050565719604492, 6.076850891113281, -2.8249590396881104, -10.676263809204102, -0.2509075105190277, 45.31840133666992, 110.79843139648438]], "lowlevel.mfcc.icov": [[0.0004716915136668831, 0.00044642487773671746, 0.00043326476588845253, -2.4320142983924598e-05, -0.0003603420336730778, -0.0004179334791842848, -0.00039762535016052425, -5.787754344055429e-05, -0.00019157574570272118, 0.0002399643271928653, 0.0007559341611340642, -7.467442628694698e-05, -0.00039182655746117234], [0.00044642487773671746, 0.0014290801482275128, 0.00023766695812810212, 0.00027286336990073323, -0.0012475091498345137, -0.00018356568762101233, -0.0013827221700921655, 0.0005548170302063227, -0.00032235123217105865, 0.0004113511531613767, 9.148782737611327e-06, -0.0002802729432005435, 0.0004233394283801317], [0.00043326476588845253, 0.00023766695812810212, 0.002446200465783477, -0.0006379514816217124, 0.00038847120595164597, -0.0014428617432713509, 0.0004987511783838272, -0.0005393783794716001, -0.00014073066995479167, 0.0002605282352305949, -0.0007854834548197687, 0.00012429538764990866, -0.0005644642515107989], [-2.4320142983924598e-05, 0.00027286336990073323, -0.0006379514816217124, 0.004416401032358408, -0.0026852635201066732, 0.00041844818042591214, -0.0007027504034340382, -0.0014578583650290966, 0.0019032933050766587, -0.000360725010978058, -4.2642015614546835e-05, 9.507551294518635e-05, -0.0007300066063180566], [-0.0003603420336730778, -0.0012475091498345137, 0.00038847120595164597, -0.0026852635201066732, 0.007912018336355686, -0.0008732714923098683, 0.0015870920615270734, -0.0016619525849819183, -0.0024197024758905172, -0.0017016148194670677, 0.0021077387500554323, -0.0012423660373315215, -1.1834322322101798e-05], [-0.0004179334791842848, -0.00018356568762101233, -0.0014428617432713509, 0.00041844818042591214, -0.0008732714923098683, 0.009746212512254715, -0.0038606540765613317, 0.0006203907541930676, 0.0008397569181397557, -0.0038102215621620417, 0.0010586847783997655, -0.0014571133069694042, 0.0008165479521267116], [-0.00039762535016052425, -0.0013827221700921655, 0.0004987511783838272, -0.0007027504034340382, 0.0015870920615270734, -0.0038606540765613317, 0.00895983912050724, -0.0032065152190625668, -0.0006481818272732198, 0.0023681335151195526, -0.0035404523368924856, 0.001232876442372799, -0.0004393087001517415], [-5.787754344055429e-05, 0.0005548170302063227, -0.0005393783794716001, -0.0014578583650290966, -0.0016619525849819183, 0.0006203907541930676, -0.0032065152190625668, 0.013832840137183666, -0.006505053024739027, 0.0004743055906146765, 0.0013988486025482416, -0.000534030725248158, 0.0005160140572115779], [-0.00019157574570272118, -0.00032235123217105865, -0.00014073066995479167, 0.0019032933050766587, -0.0024197024758905172, 0.0008397569181397557, -0.0006481818272732198, -0.006505053024739027, 0.015900136902928352, -0.0062996153719723225, 0.0020910350140184164, -0.002200039103627205, 0.0008495369693264365], [0.0002399643271928653, 0.0004113511531613767, 0.0002605282352305949, -0.000360725010978058, -0.0017016148194670677, -0.0038102215621620417, 0.0023681335151195526, 0.0004743055906146765, -0.0062996153719723225, 0.021423257887363434, -0.013143754564225674, 0.004847003612667322, 6.056049824110232e-05], [0.0007559341611340642, 9.148782737611327e-06, -0.0007854834548197687, -4.2642015614546835e-05, 0.0021077387500554323, 0.0010586847783997655, -0.0035404523368924856, 0.0013988486025482416, 0.0020910350140184164, -0.013143754564225674, 0.022150205448269844, -0.010315082967281342, 0.0015641559148207307], [-7.467442628694698e-05, -0.0002802729432005435, 0.00012429538764990866, 9.507551294518635e-05, -0.0012423660373315215, -0.0014571133069694042, 0.001232876442372799, -0.000534030725248158, -0.002200039103627205, 0.004847003612667322, -0.010315082967281342, 0.016849052160978317, -0.006436225026845932], [-0.00039182655746117234, 0.0004233394283801317, -0.0005644642515107989, -0.0007300066063180566, -1.1834322322101798e-05, 0.0008165479521267116, -0.0004393087001517415, 0.0005160140572115779, 0.0008495369693264365, 6.056049824110232e-05, 0.0015641559148207307, -0.006436225026845932, 0.012868106365203857]], "metadata.audio_properties.analysis.downmix": "mix", "metadata.audio_properties.codec": "mp3", "metadata.audio_properties.md5_encoded": "68d1ee584c4859ab7ee51536ae5ebf6e", "metadata.tags.file_name": "1182278158498664498.mp3", "metadata.version.essentia": "2.1-beta6-dev", "metadata.version.essentia_git_sha": "v2.1_beta5-1110-g77a6a954", "metadata.version.extractor": "music 2.0", "tonal.chords_key": "B", "tonal.chords_scale": "minor", "tonal.key_edma.key": "G", "tonal.key_edma.scale": "major", "tonal.key_krumhansl.key": "B", "tonal.key_krumhansl.scale": "minor", "tonal.key_tem