{"song_id": "1182269486468956180", "download": "https://cdn.discordapp.com/attachments/1128313332273782784/1182269486468956180/chirp.mp4?ex=65841543&amp", "lyrics": "[Verse]\nJay-M, you light up the room with your smile\nThe way you move, it drives me wild\nYou're the rhythm to my melody, baby can't you see\nYou make my heart go on, endlessly\n\n[Chorus]\nJay-M, you're my favorite melody\nYour love's got me singing in harmony\nJay-M, you're the beat to my soul\nWith you, I'm feeling whole, oh oh", "style": ["UK drill</span><span>, po polsku"], "essentia_features": {"lowlevel.average_loudness": 0.8597657084465027, "lowlevel.barkbands_crest.mean": 15.007009506225586, "lowlevel.barkbands_crest.stdev": 6.397401332855225, "lowlevel.barkbands_flatness_db.mean": 0.21364295482635498, "lowlevel.barkbands_flatness_db.stdev": 0.10178232192993164, "lowlevel.barkbands_kurtosis.mean": 40.116024017333984, "lowlevel.barkbands_kurtosis.stdev": 112.35908508300781, "lowlevel.barkbands_skewness.mean": 3.056997776031494, "lowlevel.barkbands_skewness.stdev": 4.265468120574951, "lowlevel.barkbands_spread.mean": 21.272418975830078, "lowlevel.barkbands_spread.stdev": 20.424413681030273, "lowlevel.dissonance.mean": 0.4470542073249817, "lowlevel.dissonance.stdev": 0.056792229413986206, "lowlevel.dynamic_complexity": 5.455035209655762, "lowlevel.erbbands_crest.mean": 11.241432189941406, "lowlevel.erbbands_crest.stdev": 6.106251239776611, "lowlevel.erbbands_flatness_db.mean": 0.1781402826309204, "lowlevel.erbbands_flatness_db.stdev": 0.0851178765296936, "lowlevel.erbbands_kurtosis.mean": 5.7295756340026855, "lowlevel.erbbands_kurtosis.stdev": 20.432743072509766, "lowlevel.erbbands_skewness.mean": 0.5899472832679749, "lowlevel.erbbands_skewness.stdev": 1.702186107635498, "lowlevel.erbbands_spread.mean": 45.87700271606445, "lowlevel.erbbands_spread.stdev": 31.141225814819336, "lowlevel.hfc.mean": 19.171815872192383, "lowlevel.hfc.stdev": 26.025564193725586, "lowlevel.loudness_ebu128.integrated": -19.276477813720703, "lowlevel.loudness_ebu128.loudness_range": 10.407032012939453, "lowlevel.loudness_ebu128.momentary.mean": -21.34975242614746, "lowlevel.loudness_ebu128.momentary.stdev": 4.666074275970459, "lowlevel.loudness_ebu128.short_term.mean": -20.540603637695312, "lowlevel.loudness_ebu128.short_term.stdev": 3.7694480419158936, "lowlevel.melbands_crest.mean": 21.034822463989258, "lowlevel.melbands_crest.stdev": 9.205160140991211, "lowlevel.melbands_flatness_db.mean": 0.25987231731414795, "lowlevel.melbands_flatness_db.stdev": 0.1290094554424286, "lowlevel.melbands_kurtosis.mean": 226.54434204101562, "lowlevel.melbands_kurtosis.stdev": 1618.3165283203125, "lowlevel.melbands_skewness.mean": 5.7679314613342285, "lowlevel.melbands_skewness.stdev": 11.153266906738281, "lowlevel.melbands_spread.mean": 27.275074005126953, "lowlevel.melbands_spread.stdev": 41.30071258544922, "lowlevel.pitch_salience.mean": 0.43255335092544556, "lowlevel.pitch_salience.stdev": 0.20843105018138885, "lowlevel.silence_rate_20dB.mean": 0.9993476867675781, "lowlevel.silence_rate_20dB.stdev": 0.025532107800245285, "lowlevel.silence_rate_30dB.mean": 0.8701891899108887, "lowlevel.silence_rate_30dB.stdev": 0.3360947072505951, "lowlevel.silence_rate_60dB.mean": 0.2230919748544693, "lowlevel.silence_rate_60dB.stdev": 0.41632282733917236, "lowlevel.spectral_centroid.mean": 1548.221923828125, "lowlevel.spectral_centroid.stdev": 1332.83642578125, "lowlevel.spectral_complexity.mean": 10.115459442138672, "lowlevel.spectral_complexity.stdev": 11.853336334228516, "lowlevel.spectral_decrease.mean": -9.961212299458566e-09, "lowlevel.spectral_decrease.stdev": 1.4206554155293816e-08, "lowlevel.spectral_energy.mean": 0.039334867149591446, "lowlevel.spectral_energy.stdev": 0.05458506569266319, "lowlevel.spectral_energyband_high.mean": 0.0010544818360358477, "lowlevel.spectral_energyband_high.stdev": 0.0019506207900121808, "lowlevel.spectral_energyband_low.mean": 0.027884332463145256, "lowlevel.spectral_energyband_low.stdev": 0.049197785556316376, "lowlevel.spectral_energyband_middle_high.mean": 0.0045707751996815205, "lowlevel.spectral_energyband_middle_high.stdev": 0.009463154710829258, "lowlevel.spectral_energyband_middle_low.mean": 0.006107683759182692, "lowlevel.spectral_energyband_middle_low.stdev": 0.008936196565628052, "lowlevel.spectral_entropy.mean": 7.628751277923584, "lowlevel.spectral_entropy.stdev": 0.8055307269096375, "lowlevel.spectral_flux.mean": 0.08564276248216629, "lowlevel.spectral_flux.stdev": 0.07998461276292801, "lowlevel.spectral_kurtosis.mean": 5.0364670753479, "lowlevel.spectral_kurtosis.stdev": 13.325258255004883, "lowlevel.spectral_rms.mean": 0.004825061187148094, "lowlevel.spectral_rms.stdev": 0.0038851310964673758, "lowlevel.spectral_rolloff.mean": 2327.6328125, "lowlevel.spectral_rolloff.stdev": 3407.9462890625, "lowlevel.spectral_skewness.mean": 1.5974442958831787, "lowlevel.spectral_skewness.stdev": 1.1628708839416504, "lowlevel.spectral_spread.mean": 6769069.0, "lowlevel.spectral_spread.stdev": 2516019.0, "lowlevel.spectral_strongpeak.mean": 0.7397275567054749, "lowlevel.spectral_strongpeak.stdev": 1.098016619682312, "lowlevel.zerocrossingrate.mean": 0.088263601064682, "lowlevel.zerocrossingrate.stdev": 0.09612629562616348, "metadata.audio_properties.analysis.equal_loudness": 0.0, "metadata.audio_properties.analysis.length": 35.562652587890625, "metadata.audio_properties.analysis.sample_rate": 44100.0, "metadata.audio_properties.analysis.start_time": 0.0, "metadata.audio_properties.bit_rate": 124305.0, "metadata.audio_properties.length": 35.56266784667969, "metadata.audio_properties.lossless": 0.0, "metadata.audio_properties.number_channels": 1.0, "metadata.audio_properties.replay_gain": -7.856054306030273, "metadata.audio_properties.sample_rate": 48000.0, "rhythm.beats_count": 68.0, "rhythm.beats_loudness.mean": 0.08805915713310242, "rhythm.beats_loudness.stdev": 0.06250520795583725, "rhythm.bpm": 115.98922729492188, "rhythm.bpm_histogram_first_peak_bpm": 115.0, "rhythm.bpm_histogram_first_peak_weight": 0.5, "rhythm.bpm_histogram_second_peak_bpm": 126.0, "rhythm.bpm_histogram_second_peak_spread": 0.3333333730697632, "rhythm.bpm_histogram_second_peak_weight": 0.02985074557363987, "rhythm.danceability": 1.3951095342636108, "rhythm.onset_rate": 4.833554267883301, "tonal.chords_changes_rate": 0.07561929523944855, "tonal.chords_number_rate": 0.011734028346836567, "tonal.chords_strength.mean": 0.5578671097755432, "tonal.chords_strength.stdev": 0.09038516134023666, "tonal.hpcp_crest.mean": 13.966793060302734, "tonal.hpcp_crest.stdev": 6.879886627197266, "tonal.hpcp_entropy.mean": 2.0029313564300537, "tonal.hpcp_entropy.stdev": 0.8910717964172363, "tonal.key_edma.strength": 0.6494307518005371, "tonal.key_krumhansl.strength": 0.658584475517273, "tonal.key_temperley.strength": 0.6600375771522522, "tonal.tuning_diatonic_strength": 0.5916973948478699, "tonal.tuning_equal_tempered_deviation": 0.2167576104402542, "tonal.tuning_frequency": 434.193115234375, "tonal.tuning_nontempered_energy_ratio": 0.9426844716072083, "lowlevel.barkbands.mean": [0.002144593745470047, 0.023433683440089226, 0.0021900455467402935, 0.000582743959967047, 0.0022206262219697237, 0.0008659495506435633, 0.0008057727827690542, 0.00047239987179636955, 0.0007450059638358653, 0.0008526357123628259, 0.0013021097984164953, 0.0006613943842239678, 0.00033442917629145086, 0.0004942695959471166, 0.00030634974245913327, 0.00022462700144387782, 0.0002709903346840292, 0.00016230662004090846, 0.00015313395124394447, 0.00012292894825804979, 0.00012413354124873877, 0.00012045013136230409, 0.00018326802819501609, 0.0002586477203294635, 0.0002201705501647666, 7.891393033787608e-05, 3.2449397622258402e-06], "lowlevel.barkbands.stdev": [0.007141822017729282, 0.04461153969168663, 0.007843698374927044, 0.0021432465873658657, 0.003806440392509103, 0.0022157784551382065, 0.002166197169572115, 0.0011019749799743295, 0.0027265490498393774, 0.0032490473240613937, 0.005225083790719509, 0.0018719409126788378, 0.0010349502554163337, 0.0014046301366761327, 0.0007609511376358569, 0.00064550043316558, 0.0008231985848397017, 0.0004619628598447889, 0.00035871475120075047, 0.0003063162148464471, 0.0002928368339780718, 0.00030809524469077587, 0.00036130272201262414, 0.0005268325330689549, 0.0005800875369459391, 0.00022897495364304632, 1.2465719009924214e-05], "lowlevel.erbbands.mean": [1.0336920022964478, 3.7862226963043213, 3.248171091079712, 2.208221912384033, 3.0082733631134033, 10.357349395751953, 7.3496904373168945, 6.814105987548828, 7.8464837074279785, 16.5456600189209, 10.158353805541992, 14.479012489318848, 29.922677993774414, 33.38540267944336, 46.9088249206543, 26.83420181274414, 16.63382339477539, 24.944116592407227, 18.205333709716797, 15.062599182128906, 13.018366813659668, 15.528717041015625, 9.108917236328125, 8.42560863494873, 6.967052936553955, 5.744143962860107, 5.993956089019775, 4.081839561462402, 4.185910701751709, 4.713504791259766, 5.386477470397949, 4.768692493438721, 4.7471747398376465, 3.1041128635406494, 1.1632421016693115, 0.39727699756622314, 0.142085999250412, 0.018735535442829132, 0.0005156324477866292, 6.268769357120618e-05], "lowlevel.erbbands.stdev": [2.0531978607177734, 7.79324197769165, 10.083788871765137, 7.409635543823242, 7.302848815917969, 19.425382614135742, 16.465450286865234, 18.909420013427734, 23.124540328979492, 43.71569061279297, 24.308517456054688, 44.03467559814453, 115.66390991210938, 114.9352798461914, 164.5355682373047, 72.57828521728516, 49.00511932373047, 69.74724578857422, 46.59620666503906, 38.73834991455078, 36.49824523925781, 47.85211944580078, 24.877178192138672, 21.352256774902344, 16.196788787841797, 13.63605785369873, 14.282819747924805, 10.309194564819336, 11.457855224609375, 10.800843238830566, 10.40096378326416, 9.135549545288086, 10.561519622802734, 8.06404972076416, 3.283625364303589, 1.13843834400177, 0.4192065894603729, 0.060237713158130646, 0.0016424631467089057, 7.776020356686786e-05], "lowlevel.gfcc.mean": [-81.06319427490234, 38.53755569458008, -102.16972351074219, 13.57425308227539, -69.7646484375, 26.248336791992188, -43.10944747924805, 17.287370681762695, -22.995939254760742, 6.736218452453613, -10.247754096984863, 2.6656880378723145, -5.306403160095215], "lowlevel.melbands.mean": [0.007665665354579687, 0.002628095680847764, 0.0003916739660780877, 0.00046695448691025376, 0.00032256776466965675, 0.0001582387340022251, 0.00013252516509965062, 0.00016214096103794873, 7.633335189893842e-05, 0.00010400771134300157, 0.00014734608703292906, 0.0001245931489393115, 0.00018869221094064415, 7.822298357496038e-05, 4.923734741169028e-05, 3.628637205110863e-05, 4.740475560538471e-05, 3.0483734008157626e-05, 2.1832827769685537e-05, 1.655492087593302e-05, 1.5129703569982667e-05, 1.7678848962532356e-05, 1.049914862960577e-05, 6.902684162923833e-06, 6.802405550843105e-06, 5.507387868419755e-06, 4.248579898558091e-06, 3.640775048552314e-06, 4.005445134680485e-06, 2.915874347309e-06, 2.2029194042261224e-06, 2.3072702788340393e-06, 2.4254659365396947e-06, 2.7008293272956507e-06, 3.0611165584559785e-06, 3.021527845703531e-06, 2.928103185695363e-06, 3.3563212582521373e-06, 3.182383579769521e-06, 2.4529083475499647e-06], "lowlevel.melbands.stdev": [0.014635189436376095, 0.00592796178534627, 0.001209006179124117, 0.00083491753321141, 0.0006018724525347352, 0.0004303639580029994, 0.00036737267510034144, 0.00041176716331392527, 0.0001834830327425152, 0.0003578720788937062, 0.0005687761586159468, 0.00045400793896988034, 0.0007409813115373254, 0.00023897380742710084, 0.0001506333937868476, 0.0001117299179895781, 0.00013650217442773283, 8.39576605358161e-05, 5.5443124438170344e-05, 4.3516633013496175e-05, 4.615759098669514e-05, 6.04684064455796e-05, 3.7909456295892596e-05, 1.8667109543457627e-05, 1.7990991182159632e-05, 1.3130237675795797e-05, 1.0450185072841123e-05, 9.088832484849263e-06, 9.918699106492568e-06, 7.392879069811897e-06, 5.951254024694208e-06, 6.747296083631227e-06, 6.011783625581302e-06, 6.228455731616123e-06, 6.051003765605856e-06, 5.8213759075442795e-06, 5.81848280489794e-06, 7.562979135400383e-06, 7.967442797962576e-06, 6.748890882590786e-06], "lowlevel.melbands128.mean": [0.0019145228434354067, 0.00935736671090126, 0.009856976568698883, 0.005041923839598894, 0.0020279590971767902, 0.0009274793555960059, 0.0004361245082691312, 0.0002597576822154224, 0.00024621112970635295, 0.00043775656376965344, 0.0007033527945168316, 0.00044413574505597353, 0.00021947332425042987, 0.00017537277017254382, 0.00013044802471995354, 0.00018181177438236773, 0.00014372846635524184, 7.280278077814728e-05, 0.0001649205369176343, 0.00027005752781406045, 8.493290806654841e-05, 7.698914851062e-05, 8.519552648067474e-05, 5.8860958233708516e-05, 7.280604040715843e-05, 0.00010655372898327187, 0.00022000698663759977, 0.0001739207946229726, 5.097993926028721e-05, 0.00011840448132716119, 9.526694339001551e-05, 0.00023842260998208076, 0.0002721073105931282, 8.750237611820921e-05, 7.637965609319508e-05, 8.269742829725146e-05, 7.063107477733865e-05, 5.1466966397129e-05, 3.3582968171685934e-05, 2.943294748547487e-05, 3.1237388611771166e-05, 5.61846281925682e-05, 4.639521284843795e-05, 4.921204163110815e-05, 3.5027307603741065e-05, 2.5768611521925777e-05, 2.692409725568723e-05, 1.968206743185874e-05, 2.0419271095306613e-05, 2.4090077204164118e-05, 1.3602245417132508e-05, 1.2151534065196756e-05, 1.5282244930858724e-05, 1.5761861504870467e-05, 1.6401210814365186e-05, 2.371851951465942e-05, 1.1390215149731375e-05, 1.2367290764814243e-05, 1.0495715287106577e-05, 5.887506631552242e-06, 6.981049409660045e-06, 6.778741408197675e-06, 7.99492590886075e-06, 6.614291123696603e-06, 5.280975074128946e-06, 5.922879154240945e-06, 5.438722837425303e-06, 4.196298505121376e-06, 4.042944965476636e-06, 4.265006737114163e-06, 3.2240093332802644e-06, 3.5036068766203243e-06, 4.249785888532642e-06, 4.336474376032129e-06, 3.399908791834605e-06, 3.4135537134716287e-06, 2.3419258923240704e-06, 2.0853194655501284e-06, 2.28988278649922e-06, 2.1907781047048047e-06, 2.2769886527385097e-06, 2.3492391392210266e-06, 2.401947995167575e-06, 2.355924152652733e-06, 2.5213134904333856e-06, 2.630687276905519e-06, 2.6753423298941925e-06, 3.0224744023144012e-06, 2.893025794037385e-06, 3.3243416055483976e-06, 3.3048713703465182e-06, 2.910004241130082e-06, 2.614432105474407e-06, 2.741834350672434e-06, 3.226133003408904e-06, 3.419566610318725e-06, 3.2776911211840343e-06, 3.483038881313405e-06, 3.22932669405418e-06, 3.0781252462475095e-06, 2.7464618597150547e-06, 2.332996018594713e-06, 2.114473090841784e-06, 1.9103360955341486e-06, 1.1115164397779154e-06, 8.411280418840761e-07, 8.491563789903012e-07, 8.327995715262659e-07, 6.535614147651359e-07, 5.371371685214399e-07, 5.011873440707859e-07, 4.790391017195361e-07, 5.214926659391494e-07, 3.9642435467612813e-07, 2.8729604650834517e-07, 1.69674308381218e-07, 9.522099020387031e-08, 4.440709489017536e-08, 8.92734597357503e-09, 2.7169008709471143e-10, 1.3022635747539368e-10, 4.0676902818281846e-11, 5.9979634106643864e-12, 5.85769020094995e-12, 5.692212760172177e-12, 5.481551410696506e-12, 5.3586748753609026e-12, 5.31717898877293e-12], "lowlevel.melbands128.stdev": [0.005143799819052219, 0.019243326038122177, 0.019845789298415184, 0.011514456942677498, 0.0065258643589913845, 0.0032595775555819273, 0.0016184181440621614, 0.0009376504458487034, 0.0007784998160786927, 0.0009121299372054636, 0.0014415279729291797, 0.0009100958122871816, 0.0007122392416931689, 0.0005625282065011561, 0.00045379079529084265, 0.0005871888715773821, 0.0005092928768135607, 0.000356954347807914, 0.0005383194657042623, 0.0007576704956591129, 0.00025066049420274794, 0.00024297235358972102, 0.00026502591208554804, 0.00017586608009878546, 0.0002681618498172611, 0.0005569321219809353, 0.000977270188741386, 0.0008962960564531386, 0.00016444895300082862, 0.000685561157297343, 0.0004472079745028168, 0.001175623619928956, 0.0012212635483592749, 0.0005435468046925962, 0.00029131706105545163, 0.0002946304448414594, 0.00023599293490406126, 0.00020796380704268813, 0.00011382728553144261, 0.00011453284969320521, 0.00011123402509838343, 0.0002103803853970021, 0.00013482071517501026, 0.00021333209588192403, 0.00013334288087207824, 7.769705553073436e-05, 8.365010580746457e-05, 6.045707414159551e-05, 6.034194302628748e-05, 8.35816899780184e-05, 3.853744419757277e-05, 3.727811781573109e-05, 6.05710556556005e-05, 5.5434054957004264e-05, 5.557425902225077e-05, 0.0001125152048189193, 3.577915776986629e-05, 6.49810244794935e-05, 4.109188375878148e-05, 1.650196463742759e-05, 2.3233704268932343e-05, 2.249488898087293e-05, 2.573849451437127e-05, 1.9175009583705105e-05, 1.3790080629405566e-05, 1.6185091226361692e-05, 1.4060919056646526e-05, 1.1879372323164716e-05, 1.1619179531408008e-05, 1.1665322745102458e-05, 8.37937113828957e-06, 1.1298164281470235e-05, 1.2943850379087962e-05, 1.1516938684508204e-05, 8.122030521917623e-06, 1.0171248504775576e-05, 6.35551168670645e-06, 5.698995209968416e-06, 6.953957381483633e-06, 6.6613433773454744e-06, 7.042094694043044e-06, 8.017336767807137e-06, 7.088862275850261e-06, 6.057768587197643e-06, 6.366817615344189e-06, 6.915448921063216e-06, 6.526816832774784e-06, 6.93279480401543e-06, 5.837996013724478e-06, 7.257680408656597e-06, 7.079853276081849e-06, 5.949784736003494e-06, 5.8336117945145816e-06, 6.285609742917586e-06, 6.528569883812452e-06, 8.604596587247215e-06, 8.19644355942728e-06, 9.210682947013993e-06, 8.538615475117695e-06, 8.326017450599466e-06, 7.065542376949452e-06, 6.9089796852495056e-06, 7.4023228080477566e-06, 6.622769888053881e-06, 3.4493418752390426e-06, 2.4321664113813313e-06, 2.517090706533054e-06, 2.5538370209687855e-06, 2.349849864913267e-06, 1.668063305260148e-06, 1.6136383464981918e-06, 1.657720190451073e-06, 1.7528933540233993e-06, 1.3627378621094977e-06, 8.442135026598407e-07, 7.550436293968232e-07, 3.791196547808795e-07, 2.4138259391293104e-07, 7.236552335143642e-08, 7.753702568891185e-09, 3.209709165119534e-09, 9.671513589992742e-10, 1.2936228477311573e-11, 1.267812504285315e-11, 1.2489820809535868e-11, 1.2334925615642423e-11, 1.2224727306830996e-11, 1.2157011508584503e-11], "lowlevel.mfcc.mean": [-729.8361206054688, 79.29347229003906, 16.921119689941406, -6.547746658325195, 4.258792400360107, -1.6294562816619873, 2.5697803497314453, 1.123022437095642, -0.27117252349853516, 5.323416233062744, -3.342965841293335, 3.64143443107605, 1.339905858039856], "lowlevel.spectral_contrast_coeffs.mean": [-0.6573958992958069, -0.7332109212875366, -0.7787107229232788, -0.8210123777389526, -0.823227047920227, -0.8107660412788391], "lowlevel.spectral_contrast_coeffs.stdev": [0.13618706166744232, 0.09945238381624222, 0.08718731999397278, 0.05318677797913551, 0.047571487724781036, 0.041547149419784546], "lowlevel.spectral_contrast_valleys.mean": [-8.644495964050293, -8.0716552734375, -8.183526039123535, -8.42477798461914, -8.41606616973877, -10.180105209350586], "lowlevel.spectral_contrast_valleys.stdev": [2.1569430828094482, 1.4004958868026733, 1.4915287494659424, 1.4835376739501953, 1.4634710550308228, 1.420169472694397], "rhythm.beats_loudness_band_ratio.mean": [0.6038844585418701, 0.05804494768381119, 0.07992888242006302, 0.19908440113067627, 0.054670996963977814, 0.022431695833802223], "rhythm.beats_loudness_band_ratio.stdev": [0.37622472643852234, 0.10421144217252731, 0.12223545461893082, 0.24873843789100647, 0.05139723792672157, 0.028579650446772575], "tonal.hpcp.mean": [0.10894206166267395, 0.11315944790840149, 0.08611264824867249, 0.08124890178442001, 0.0849158763885498, 0.09554737061262131, 0.20887750387191772, 0.24624350666999817, 0.14955122768878937, 0.1187637522816658, 0.09992021322250366, 0.06756860762834549, 0.05366941913962364, 0.04987562820315361, 0.04974310100078583, 0.11810493469238281, 0.14238271117210388, 0.07484327256679535, 0.05201214924454689, 0.05025218427181244, 0.04094471409916878, 0.061155013740062714, 0.08029518276453018, 0.07844282686710358, 0.0721011757850647, 0.05351482704281807, 0.04938964545726776, 0.07748018950223923, 0.10379081964492798, 0.11403697729110718, 0.22741356492042542, 0.2841894030570984, 0.1791822761297226, 0.10698378831148148, 0.08610570430755615, 0.08393911272287369], "tonal.hpcp.stdev": [0.23751957714557648, 0.24160760641098022, 0.20923350751399994, 0.20512822270393372, 0.21352195739746094, 0.20967315137386322, 0.30378279089927673, 0.34302178025245667, 0.2628626525402069, 0.24416279792785645, 0.21633771061897278, 0.1706969141960144, 0.14642934501171112, 0.1423739790916443, 0.13923169672489166, 0.23299239575862885, 0.28053492307662964, 0.16622394323349, 0.13026994466781616, 0.13724757730960846, 0.11671607941389084, 0.13773128390312195, 0.189038947224617, 0.18790513277053833, 0.19522839784622192, 0.13551831245422363, 0.13648051023483276, 0.17962031066417694, 0.21729008853435516, 0.21740898489952087, 0.32432806491851807, 0.37681153416633606, 0.28797662258148193, 0.22769662737846375, 0.20681066811084747, 0.19861167669296265], "rhythm.beats_position": [0.4643990993499756, 0.9404081702232361, 1.4164172410964966, 1.904036283493042, 2.4148752689361572, 2.9257142543792725, 3.4365532398223877, 3.9590022563934326, 4.481451034545898, 4.992290019989014, 5.514739036560059, 6.0371880531311035, 6.548027038574219, 7.058866024017334, 7.581315040588379, 8.103763580322266, 8.614603042602539, 9.137051582336426, 9.659501075744629, 10.170339584350586, 10.68117904663086, 11.203627586364746, 11.72607707977295, 12.236915588378906, 12.74775505065918, 13.270203590393066, 13.79265308380127, 14.303491592407227, 14.8143310546875, 15.336779594421387, 15.85922908782959, 16.370067596435547, 16.89251708984375, 17.414966583251953, 17.925804138183594, 18.436643600463867, 18.95909309387207, 19.48154067993164, 19.992380142211914, 20.503219604492188, 21.02566909790039, 21.54811668395996, 22.058956146240234, 22.569795608520508, 23.09224510192871, 23.61469268798828, 24.125532150268555, 24.647981643676758, 25.17043113708496, 25.6812686920166, 26.192108154296875, 26.70294761657715, 27.22539710998535, 27.747844696044922, 28.258684158325195, 28.7811336517334, 29.3035831451416, 29.814420700073242, 30.336870193481445, 30.85931968688965, 31.37015724182129, 31.880996704101562, 32.403446197509766, 32.92589569091797, 33.43673324584961, 33.947574615478516, 34.481632232666016, 35.015689849853516], "rhythm.bpm_histogram": [0.0, 0.0, 0.0, 0.0, 0.0, 0.0, 0.0, 0.0, 0.0, 0.0, 0.0, 0.0, 0.0, 0.0, 0.0, 0.0, 0.0, 0.0, 0.0, 0.0, 0.0, 0.0, 0.0, 0.0, 0.0, 0.0, 0.0, 0.0, 0.0, 0.0, 0.0, 0.0, 0.0, 0.0, 0.0, 0.0, 0.0, 0.0, 0.0, 0.0, 0.0, 0.0, 0.0, 0.0, 0.0, 0.0, 0.0, 0.0, 0.0, 0.0, 0.0, 0.0, 0.0, 0.0, 0.0, 0.0, 0.0, 0.0, 0.0, 0.0, 0.0, 0.0, 0.0, 0.0, 0.0, 0.0, 0.0, 0.0, 0.0, 0.0, 0.0, 0.0, 0.0, 0.0, 0.0, 0.0, 0.0, 0.0, 0.0, 0.0, 0.0, 0.0, 0.0, 0.0, 0.0, 0.0, 0.0, 0.0, 0.0, 0.0, 0.0, 0.0, 0.0, 0.0, 0.0, 0.0, 0.0, 0.0, 0.0, 0.0, 0.0, 0.0, 0.0, 0.0, 0.0, 0.0, 0.0, 0.0, 0.0, 0.0, 0.0, 0.0, 0.02985074557363987, 0.0, 0.0, 0.4776119291782379, 0.0, 0.447761207818985, 0.0, 0.0, 0.0, 0.0, 0.0, 0.014925372786819935, 0.0, 0.0, 0.02985074557363987, 0.0, 0.0, 0.0, 0.0, 0.0, 0.0, 0.0, 0.0, 0.0, 0.0, 0.0, 0.0, 0.0, 0.0, 0.0, 0.0, 0.0, 0.0, 0.0, 0.0, 0.0, 0.0, 0.0, 0.0, 0.0, 0.0, 0.0, 0.0, 0.0, 0.0, 0.0, 0.0, 0.0, 0.0, 0.0, 0.0, 0.0, 0.0, 0.0, 0.0, 0.0, 0.0, 0.0, 0.0, 0.0, 0.0, 0.0, 0.0, 0.0, 0.0, 0.0, 0.0, 0.0, 0.0, 0.0, 0.0, 0.0, 0.0, 0.0, 0.0, 0.0, 0.0, 0.0, 0.0, 0.0, 0.0, 0.0, 0.0, 0.0, 0.0, 0.0, 0.0, 0.0, 0.0, 0.0, 0.0, 0.0, 0.0, 0.0, 0.0, 0.0, 0.0, 0.0, 0.0, 0.0, 0.0, 0.0, 0.0, 0.0, 0.0, 0.0, 0.0, 0.0, 0.0, 0.0, 0.0, 0.0, 0.0, 0.0, 0.0, 0.0, 0.0, 0.0, 0.0, 0.0, 0.0, 0.0, 0.0, 0.0, 0.0, 0.0, 0.0, 0.0, 0.0, 0.0, 0.0, 0.0, 0.0, 0.0, 0.0, 0.0, 0.0, 0.0], "tonal.chords_histogram": [31.94263458251953, 11.342894554138184, 0.1303780972957611, 2.6075618267059326, 0.9126466512680054, 0.0, 0.0, 0.0, 0.3911342918872833, 0.0, 0.0, 1.5645371675491333, 0.0, 0.0, 0.0, 3.3898305892944336, 0.0, 1.0430247783660889, 1.1734029054641724, 0.0, 0.0, 0.9126466512680054, 9.256844520568848, 35.332462310791016], "tonal.thpcp": [1.0, 0.6305029988288879, 0.37645241618156433, 0.3029870390892029, 0.29536327719688416, 0.3833431601524353, 0.3981831967830658, 0.3030114769935608, 0.28589701652526855, 0.2988002896308899, 0.3362101912498474, 0.7349939942359924, 0.8664767146110535, 0.5262379050254822, 0.41790351271629333, 0.35159724950790405, 0.237759068608284, 0.18885087966918945, 0.17550136148929596, 0.1750350296497345, 0.4155852794647217, 0.501013457775116, 0.263357013463974, 0.18301931023597717, 0.1768263876438141, 0.1440754383802414, 0.2151910364627838, 0.28254109621047974, 0.2760230600833893, 0.2537081837654114, 0.18830691277980804, 0.17379130423069, 0.2726357579231262, 0.36521705985069275, 0.4012710452079773, 0.8002182841300964], "lowlevel.gfcc.cov": [[18774.884765625, 1862.1356201171875, 274.6781311035156, 2423.2978515625, 1122.1512451171875, 1351.770751953125, 184.54336547851562, -27.21038246154785, -425.9499816894531, -301.9454345703125, 320.7580261230469, 410.3448181152344, 292.2131042480469], [1862.1356201171875, 3726.740966796875, 564.5081787109375, 186.3692626953125, 694.0119018554688, 223.80630493164062, 483.8603210449219, 66.65699768066406, 378.4216613769531, -127.50615692138672, 273.5253601074219, -142.0767822265625, 209.37335205078125], [274.6781311035156, 564.5081787109375, 2093.199951171875, 1080.211669921875, 515.97802734375, 384.2766418457031, 226.13807678222656, 197.7688751220703, 143.77005004882812, 55.641971588134766, 188.93544006347656, 183.83770751953125, 56.65581512451172], [2423.2978515625, 186.3692626953125, 1080.211669921875, 2030.3668212890625, 810.8493041992188, 560.3335571289062, 348.4078674316406, 284.2948303222656, 197.71885681152344, -1.8556996583938599, 168.5133819580078, 168.3602752685547, 70.77752685546875], [1122.1512451171875, 694.0119018554688, 515.97802734375, 810.8493041992188, 1024.847900390625, 620.3053588867188, 536.0220947265625, 236.14340209960938, 272.68084716796875, 115.14261627197266, 194.4451446533203, 130.93927001953125, 125.7577896118164], [1351.770751953125, 223.80630493164062, 384.2766418457031, 560.3335571289062, 620.3053588867188, 848.3382568359375, 556.712890625, 210.44737243652344, 189.70245361328125, 133.68313598632812, 164.50265502929688, 68.26753997802734, 113.47132873535156], [184.54336547851562, 483.8603210449219, 226.13807678222656, 348.4078674316406, 536.0220947265625, 556.712890625, 789.4108276367188, 392.68212890625, 397.703125, 176.22254943847656, 154.50436401367188, 14.838757514953613, 71.1310806274414], [-27.21038246154785, 66.65699768066406, 197.7688751220703, 284.2948303222656, 236.14340209960938, 210.44737243652344, 392.68212890625, 500.22613525390625, 351.63665771484375, 115.38978576660156, 87.6052017211914, 62.878509521484375, 37.14753341674805], [-425.9499816894531, 378.4216613769531, 143.77005004882812, 197.71885681152344, 272.68084716796875, 189.70245361328125, 397.703125, 351.63665771484375, 461.87286376953125, 172.03274536132812, 112.73722839355469, 6.649620056152344, 33.68350601196289], [-301.9454345703125, -127.50615692138672, 55.641971588134766, -1.8556996583938599, 115.14261627197266, 133.68313598632812, 176.22254943847656, 115.38978576660156, 172.03274536132812, 239.7792510986328, 90.89949798583984, 28.920684814453125, -1.7195268869400024], [320.7580261230469, 273.5253601074219, 188.93544006347656, 168.5133819580078, 194.4451446533203, 164.50265502929688, 154.50436401367188, 87.6052017211914, 112.73722839355469, 90.89949798583984, 229.80323791503906, 84.85531616210938, 79.47879791259766], [410.3448181152344, -142.0767822265625, 183.83770751953125, 168.3602752685547, 130.93927001953125, 68.26753997802734, 14.838757514953613, 62.878509521484375, 6.649620056152344, 28.920684814453125, 84.85531616210938, 173.5310516357422, 56.66359329223633], [292.2131042480469, 209.37335205078125, 56.65581512451172, 70.77752685546875, 125.7577896118164, 113.47132873535156, 71.1310806274414, 37.14753341674805, 33.68350601196289, -1.7195268869400024, 79.47879791259766, 56.66359329223633, 160.71865844726562]], "lowlevel.gfcc.icov": [[0.00011325798550387844, -0.00016408068768214434, 0.000149317886098288, -0.00019119941862300038, 0.00015126238577067852, -0.0003018842835444957, 0.00014576295507140458, -0.00015114124107640237, 0.00032095456845127046, -0.00014027353608980775, 0.00010827753430930898, -0.0004113546456210315, 0.0001273129746550694], [-0.00016408068768214434, 0.0008692837436683476, -0.00043432958773337305, 0.0005011425237171352, -0.000764805416110903, 0.0007804858614690602, -0.0004321497108321637, 0.0006615955499000847, -0.0011534274090081453, 0.0013060154160484672, -0.001041166833601892, 0.0016854101559147239, -0.0006395899690687656], [0.000149317886098288, -0.00043432958773337305, 0.0009702147799544036, -0.0006353565258905292, 0.0003788111498579383, -0.0006098307785578072, 0.0003396115789655596, -0.0003609074919950217, 0.0006069521768949926, -0.0005513348733074963, 0.00021469162311404943, -0.0012660283828154206, 0.0005064550205133855], [-0.00019119941862300038, 0.0005011425237171352, -0.0006353565258905292, 0.001388533622957766, -0.0010406984947621822, 0.000301190564641729, 6.299263623077422e-05, 2.5422230464755557e-05, -0.0008809397113509476, 0.001212733332067728, -0.0006325424765236676, 0.0009669013088569045, 4.469407940632664e-05], [0.00015126238577067852, -0.000764805416110903, 0.0003788111498579383, -0.0010406984947621822, 0.003335080109536648, -0.001537658623419702, -0.0005846871645189822, 0.0003928302903659642, 9.749209129950032e-05, -0.0009111003600992262, 0.000943542632739991, -0.0027453370857983828, 0.00016120306099765003], [-0.0003018842835444957, 0.0007804858614690602, -0.0006098307785578072, 0.000301190564641729, -0.001537658623419702, 0.004346594680100679, -0.002584264148026705, 0.0007028801483102143, 0.0002915975928772241, -8.219756273319945e-05, -0.0008869562880136073, 0.0020920627284795046, -0.0016308528138324618], [0.00014576295507140458, -0.0004321497108321637, 0.0003396115789655596, 6.299263623077422e-05, -0.0005846871645189822, -0.002584264148026705, 0.00520324194803834, -0.0022112277802079916, -0.0008351663127541542, -0.0005797870107926428, -0.00016596639761701226, 0.0006931578973308206, 0.0006473051034845412], [-0.00015114124107640237, 0.0006615955499000847, -0.0003609074919950217, 2.5422230464755557e-05, 0.0003928302903659642, 0.0007028801483102143, -0.0022112277802079916, 0.006364137399941683, -0.004677976947277784, 0.0016723829321563244, 0.00024958589347079396, -0.00154068972915411, -0.00034892914118245244], [0.00032095456845127046, -0.0011534274090081453, 0.0006069521768949926, -0.0008809397113509476, 9.749209129950032e-05, 0.0002915975928772241, -0.0008351663127541542, -0.004677976947277784, 0.00932304747402668, -0.004504186101257801, 0.00018056915723718703, 0.0003797839453909546, 3.6443216231418774e-05], [-0.00014027353608980775, 0.0013060154160484672, -0.0005513348733074963, 0.001212733332067728, -0.0009111003600992262, -8.219756273319945e-05, -0.0005797870107926428, 0.0016723829321563244, -0.004504186101257801, 0.009392102248966694, -0.0034916887525469065, 0.0008539207046851516, 0.0013250717893242836], [0.00010827753430930898, -0.001041166833601892, 0.00021469162311404943, -0.0006325424765236676, 0.000943542632739991, -0.0008869562880136073, -0.00016596639761701226, 0.00024958589347079396, 0.00018056915723718703, -0.0034916887525469065, 0.00913077313452959, -0.0044817752204835415, -0.0017443947726860642], [-0.0004113546456210315, 0.0016854101559147239, -0.0012660283828154206, 0.0009669013088569045, -0.0027453370857983828, 0.0020920627284795046, 0.0006931578973308206, -0.00154068972915411, 0.0003797839453909546, 0.0008539207046851516, -0.0044817752204835415, 0.01336988341063261, -0.003274674294516444], [0.0001273129746550694, -0.0006395899690687656, 0.0005064550205133855, 4.469407940632664e-05, 0.00016120306099765003, -0.0016308528138324618, 0.0006473051034845412, -0.00034892914118245244, 3.6443216231418774e-05, 0.0013250717893242836, -0.0017443947726860642, -0.003274674294516444, 0.009468736127018929]], "lowlevel.mfcc.cov": [[18244.52734375, 804.2586669921875, 8.585334777832031, 1136.3621826171875, 1161.64501953125, 1159.7109375, 959.9150390625, 746.0714111328125, -54.52439498901367, -154.36077880859375, -373.9564208984375, -180.11412048339844, 1.4479281902313232], [804.2586669921875, 3063.417724609375, 90.0352783203125, -55.38435745239258, 182.43502807617188, 148.9887237548828, 174.69468688964844, 117.7908706665039, 122.50493621826172, 150.36256408691406, 70.1052474975586, 57.87940979003906, 7.762057304382324], [8.585334777832031, 90.0352783203125, 1657.4984130859375, 739.5805053710938, 484.6130065917969, 247.76736450195312, 231.3746337890625, 239.9054718017578, 57.72831726074219, 17.937397003173828, 92.72486877441406, 76.23621368408203, 75.3686752319336], [1136.3621826171875, -55.38435745239258, 739.5805053710938, 1294.3399658203125, 642.7833862304688, 334.96075439453125, 227.5552215576172, 404.0602111816406, 206.22787475585938, 59.40614700317383, 178.38119506835938, 150.9231719970703, 128.41737365722656], [1161.64501953125, 182.43502807617188, 484.6130065917969, 642.7833862304688, 714.0474853515625, 416.3663635253906, 302.9579772949219, 293.7823791503906, 135.7899932861328, 23.840572357177734, 64.99243927001953, 96.27749633789062, 103.08078002929688], [1159.7109375, 148.9887237548828, 247.76736450195312, 334.96075439453125, 416.3663635253906, 777.0145263671875, 475.02410888671875, 297.5788879394531, 214.00949096679688, 177.41555786132812, 155.99960327148438, 68.63034057617188, 137.69859313964844], [959.9150390625, 174.69468688964844, 231.3746337890625, 227.5552215576172, 302.9579772949219, 475.02410888671875, 524.9209594726562, 328.9106750488281, 207.9219970703125, 178.32386779785156, 122.6638412475586, 86.67652893066406, 115.77867889404297], [746.0714111328125, 117.7908706665039, 239.9054718017578, 404.0602111816406, 293.7823791503906, 297.5788879394531, 328.9106750488281, 516.2884521484375, 331.49005126953125, 219.0145263671875, 199.60609436035156, 134.01336669921875, 129.27784729003906], [-54.52439498901367, 122.50493621826172, 57.72831726074219, 206.22787475585938, 135.7899932861328, 214.00949096679688, 207.9219970703125, 331.49005126953125, 408.9439392089844, 306.84649658203125, 216.11363220214844, 138.97772216796875, 130.24533081054688], [-154.36077880859375, 150.36256408691406, 17.937397003173828, 59.40614700317383, 23.840572357177734, 177.41555786132812, 178.32386779785156, 219.0145263671875, 306.84649658203125, 360.4856872558594, 226.83677673339844, 131.89878845214844, 128.63385009765625], [-373.9564208984375, 70.1052474975586, 92.72486877441406, 178.38119506835938, 64.99243927001953, 155.99960327148438, 122.6638412475586, 199.60609436035156, 216.11363220214844, 226.83677673339844, 291.05224609375, 174.3350372314453, 135.92001342773438], [-180.11412048339844, 57.87940979003906, 76.23621368408203, 150.9231719970703, 96.27749633789062, 68.63034057617188, 86.67652893066406, 134.01336669921875, 138.97772216796875, 131.89878845214844, 174.3350372314453, 211.4368133544922, 142.2502899169922], [1.4479281902313232, 7.762057304382324, 75.3686752319336, 128.41737365722656, 103.08078002929688, 137.69859313964844, 115.77867889404297, 129.27784729003906, 130.24533081054688, 128.63385009765625, 135.92001342773438, 142.2502899169922, 211.32962036132812]], "lowlevel.mfcc.icov": [[8.252864790847525e-05, -1.8839115000446327e-05, 6.682023376924917e-05, -7.904526137281209e-05, -2.0191788280499168e-05, -8.779845666140318e-05, -3.407421172596514e-05, -0.0002006219729082659, 0.00024279947683680803, -0.00014107581228017807, 0.0002809109864756465, -1.599284769326914e-05, -8.95718869742268e-07], [-1.8839115000446327e-05, 0.0003566804516594857, -3.0062246878514998e-05, 0.00013758825662080199, -0.00019957458425778896, 5.618910654447973e-05, -3.9516613469459116e-05, 4.508144047576934e-05, -1.0095390280184802e-05, -0.00018344730779062957, -6.879965803818777e-05, -9.354718349641189e-05, 0.0001940513466252014], [6.682023376924917e-05, -3.0062246878514998e-05, 0.000926633074413985, -0.00046606193063780665, -0.00030869062175042927, 0.00011547785106813535, -0.0003112270205747336, -0.0001668562472332269, 0.0006311259348876774, -0.00031134209712035954, 9.840021448326297e-06, 0.0001958470093086362, -3.6330395232653245e-05], [-7.904526137281209e-05, 0.00013758825662080199, -0.00046606193063780665, 0.002008620649576187, -0.0013285994064062834, 5.393095489125699e-05, 0.0007078714552335441, -0.000630113179795444, -0.0004115248448215425, 0.0007098569767549634, -0.0011087614111602306, 1.7783353541744873e-05, 7.439567707479e-05], [-2.0191788280499168e-05, -0.00019957458425778896, -0.00030869062175042927, -0.0013285994064062834, 0.004214541055262089, -0.0014692581025883555, -0.00028075178852304816, -0.000492213002871722, -0.0005409792647697031, 0.0011950214393436909, 0.0017763052601367235, -0.0016964235110208392, -0.00011312092101434246], [-8.779845666140318e-05, 5.618910654447973e-05, 0.00011547785106813535, 5.393095489125699e-05, -0.0014692581025883555, 0.0040502119809389114, -0.00300296931527555, 0.0012873639352619648, -0.000686422863509506, 0.0002621562161948532, -0.002398911165073514, 0.0025889386888593435, -0.0010764142498373985], [-3.407421172596514e-05, -3.9516613469459116e-05, -0.0003112270205747336, 0.0007078714552335441, -0.00028075178852304816, -0.00300296931527555, 0.006456239614635706, -0.0030796541832387447, 0.001377869863063097, -0.0017932835035026073, 0.0018497069831937551, -0.0013907644897699356, 0.00011182067100889981], [-0.0002006219729082659, 4.508144047576934e-05, -0.0001668562472332269, -0.000630113179795444, -0.000492213002871722, 0.0012873639352619648, -0.0030796541832387447, 0.007567797787487507, -0.005362157244235277, 0.0021892827935516834, -0.0025172927416861057, 0.0009174437145702541, -0.00012522211181931198], [0.00024279947683680803, -1.0095390280184802e-05, 0.0006311259348876774, -0.0004115248448215425, -0.0005409792647697031, -0.000686422863509506, 0.001377869863063097, -0.005362157244235277, 0.012232368811964989, -0.008066504262387753, 0.001581846154294908, -0.000866337213665247, 0.00019694144430104643], [-0.00014107581228017807, -0.00018344730779062957, -0.00031134209712035954, 0.0007098569767549634, 0.0011950214393436909, 0.0002621562161948532, -0.0017932835035026073, 0.0021892827935516834, -0.008066504262387753, 0.012265659868717194, -0.005257776007056236, 0.0010969552677124739, -0.0012743513798341155], [0.0002809109864756465, -6.879965803818777e-05, 9.840021448326297e-06, -0.0011087614111602306, 0.0017763052601367235, -0.002398911165073514, 0.0018497069831937551, -0.0025172927416861057, 0.001581846154294908, -0.005257776007056236, 0.0133871054276824, -0.007171021308749914, 0.000336306169629097], [-1.599284769326914e-05, -9.354718349641189e-05, 0.0001958470093086362, 1.7783353541744873e-05, -0.0016964235110208392, 0.0025889386888593435, -0.0013907644897699356, 0.0009174437145702541, -0.000866337213665247, 0.0010969552677124739, -0.007171021308749914, 0.014363626949489117, -0.005925899371504784], [-8.95718869742268e-07, 0.0001940513466252014, -3.6330395232653245e-05, 7.439567707479e-05, -0.00011312092101434246, -0.0010764142498373985, 0.00011182067100889981, -0.00012522211181931198, 0.00019694144430104643, -0.0012743513798341155, 0.000336306169629097, -0.005925899371504784, 0.009891310706734657]], "metadata.audio_properties.analysis.downmix": "mix", "metadata.audio_properties.codec": "mp3", "metadata.audio_properties.md5_encoded": "bd75b722bcbed997d69033ed02cd789f", "metadata.tags.file_name": "1182269486468956180.mp3", "metadata.version.essentia": "2.1-beta6-dev", "metadata.version.essentia_git_sha": "v2.1_beta5-1110-g77a6a954", "metadata.version.extractor": "music 2.0", "tonal.chords_key": "E", "tonal.chords_scale": "minor", "tonal.key_edma.key": "G", "tonal.key_edma.scale": "major", "tonal.