{"song_id": "1182281987512352828", "download": "https://cdn.discordapp.com/attachments/1135911532732108921/1182281987512352828/chirp.mp4?ex=658420e7&amp", "lyrics": "[verse]\nBulls collide, the relentless strikes commence\nInsanity's wrath, a frenzy immense\nGrandfather's fury, unleashed and untamed\nSkulls crushed with iron, none shall be named\n\n[chorus]\nBrutal mayhem, the bull's fate sealed\nSkulls pulverized, their destiny revealed\nUnleashed by iron, a wild abandon\nDeath's symphony plays, the butchery expands on", "style": ["extremely hardcore death metal"], "essentia_features": {"lowlevel.average_loudness": 0.49300605058670044, "lowlevel.barkbands_crest.mean": 14.302102088928223, "lowlevel.barkbands_crest.stdev": 4.975512504577637, "lowlevel.barkbands_flatness_db.mean": 0.2374824583530426, "lowlevel.barkbands_flatness_db.stdev": 0.08679447323083878, "lowlevel.barkbands_kurtosis.mean": 16.636442184448242, "lowlevel.barkbands_kurtosis.stdev": 25.438318252563477, "lowlevel.barkbands_skewness.mean": 2.5589687824249268, "lowlevel.barkbands_skewness.stdev": 2.337272882461548, "lowlevel.barkbands_spread.mean": 13.81170654296875, "lowlevel.barkbands_spread.stdev": 18.891902923583984, "lowlevel.dissonance.mean": 0.4186357259750366, "lowlevel.dissonance.stdev": 0.05684814602136612, "lowlevel.dynamic_complexity": 8.974289894104004, "lowlevel.erbbands_crest.mean": 12.376977920532227, "lowlevel.erbbands_crest.stdev": 4.9677839279174805, "lowlevel.erbbands_flatness_db.mean": 0.22241240739822388, "lowlevel.erbbands_flatness_db.stdev": 0.0738246962428093, "lowlevel.erbbands_kurtosis.mean": 2.5965731143951416, "lowlevel.erbbands_kurtosis.stdev": 5.025286674499512, "lowlevel.erbbands_skewness.mean": 0.722478985786438, "lowlevel.erbbands_skewness.stdev": 1.305418610572815, "lowlevel.erbbands_spread.mean": 30.437198638916016, "lowlevel.erbbands_spread.stdev": 21.963905334472656, "lowlevel.hfc.mean": 10.691723823547363, "lowlevel.hfc.stdev": 17.889785766601562, "lowlevel.loudness_ebu128.integrated": -20.050094604492188, "lowlevel.loudness_ebu128.loudness_range": 8.411466598510742, "lowlevel.loudness_ebu128.momentary.mean": -34.36090087890625, "lowlevel.loudness_ebu128.momentary.stdev": 55.28419494628906, "lowlevel.loudness_ebu128.short_term.mean": -21.331449508666992, "lowlevel.loudness_ebu128.short_term.stdev": 3.0316874980926514, "lowlevel.melbands_crest.mean": 16.993438720703125, "lowlevel.melbands_crest.stdev": 6.054093837738037, "lowlevel.melbands_flatness_db.mean": 0.3088478147983551, "lowlevel.melbands_flatness_db.stdev": 0.11944103986024857, "lowlevel.melbands_kurtosis.mean": 25.27961540222168, "lowlevel.melbands_kurtosis.stdev": 36.172969818115234, "lowlevel.melbands_skewness.mean": 3.291166305541992, "lowlevel.melbands_skewness.stdev": 2.325322389602661, "lowlevel.melbands_spread.mean": 21.06315040588379, "lowlevel.melbands_spread.stdev": 38.30077362060547, "lowlevel.pitch_salience.mean": 0.46023470163345337, "lowlevel.pitch_salience.stdev": 0.15872244536876678, "lowlevel.silence_rate_20dB.mean": 1.0, "lowlevel.silence_rate_20dB.stdev": 0.0, "lowlevel.silence_rate_30dB.mean": 0.9936268925666809, "lowlevel.silence_rate_30dB.stdev": 0.07957745343446732, "lowlevel.silence_rate_60dB.mean": 0.2896871268749237, "lowlevel.silence_rate_60dB.stdev": 0.4536204934120178, "lowlevel.spectral_centroid.mean": 1225.054931640625, "lowlevel.spectral_centroid.stdev": 2375.06201171875, "lowlevel.spectral_complexity.mean": 6.18597936630249, "lowlevel.spectral_complexity.stdev": 3.769519805908203, "lowlevel.spectral_decrease.mean": -3.5758622729531453e-09, "lowlevel.spectral_decrease.stdev": 5.0899706671714284e-09, "lowlevel.spectral_energy.mean": 0.014465893618762493, "lowlevel.spectral_energy.stdev": 0.020463060587644577, "lowlevel.spectral_energyband_high.mean": 0.00040215952321887016, "lowlevel.spectral_energyband_high.stdev": 0.0011781619396060705, "lowlevel.spectral_energyband_low.mean": 0.0011258452432230115, "lowlevel.spectral_energyband_low.stdev": 0.0018491816008463502, "lowlevel.spectral_energyband_middle_high.mean": 0.0026996443048119545, "lowlevel.spectral_energyband_middle_high.stdev": 0.00843387097120285, "lowlevel.spectral_energyband_middle_low.mean": 0.010993815958499908, "lowlevel.spectral_energyband_middle_low.stdev": 0.01564508117735386, "lowlevel.spectral_entropy.mean": 6.675445556640625, "lowlevel.spectral_entropy.stdev": 1.096583366394043, "lowlevel.spectral_flux.mean": 0.04303324967622757, "lowlevel.spectral_flux.stdev": 0.04591606557369232, "lowlevel.spectral_kurtosis.mean": 16.976898193359375, "lowlevel.spectral_kurtosis.stdev": 21.756023406982422, "lowlevel.spectral_rms.mean": 0.003064292948693037, "lowlevel.spectral_rms.stdev": 0.0021732866298407316, "lowlevel.spectral_rolloff.mean": 2321.987060546875, "lowlevel.spectral_rolloff.stdev": 4752.24951171875, "lowlevel.spectral_skewness.mean": 2.7730536460876465, "lowlevel.spectral_skewness.stdev": 1.7993686199188232, "lowlevel.spectral_spread.mean": 5934588.5, "lowlevel.spectral_spread.stdev": 8297705.0, "lowlevel.spectral_strongpeak.mean": 0.8675327301025391, "lowlevel.spectral_strongpeak.stdev": 1.335829734802246, "lowlevel.zerocrossingrate.mean": 0.07433699816465378, "lowlevel.zerocrossingrate.stdev": 0.12265914678573608, "metadata.audio_properties.analysis.equal_loudness": 0.0, "metadata.audio_properties.analysis.length": 40.04265213012695, "metadata.audio_properties.analysis.sample_rate": 44100.0, "metadata.audio_properties.analysis.start_time": 0.0, "metadata.audio_properties.bit_rate": 113442.0, "metadata.audio_properties.length": 40.042667388916016, "metadata.audio_properties.lossless": 0.0, "metadata.audio_properties.number_channels": 1.0, "metadata.audio_properties.replay_gain": -9.23597526550293, "metadata.audio_properties.sample_rate": 48000.0, "rhythm.beats_count": 80.0, "rhythm.beats_loudness.mean": 0.02142437919974327, "rhythm.beats_loudness.stdev": 0.02481183409690857, "rhythm.bpm": 117.96897888183594, "rhythm.bpm_histogram_first_peak_bpm": 117.0, "rhythm.bpm_histogram_first_peak_weight": 0.5897436141967773, "rhythm.bpm_histogram_second_peak_bpm": 123.0, "rhythm.bpm_histogram_second_peak_spread": 0.3749999403953552, "rhythm.bpm_histogram_second_peak_weight": 0.1265822798013687, "rhythm.danceability": 1.0137159824371338, "rhythm.onset_rate": 2.9459919929504395, "tonal.chords_changes_rate": 0.04976851865649223, "tonal.chords_number_rate": 0.009259259328246117, "tonal.chords_strength.mean": 0.47572875022888184, "tonal.chords_strength.stdev": 0.09200965613126755, "tonal.hpcp_crest.mean": 17.85464859008789, "tonal.hpcp_crest.stdev": 9.808956146240234, "tonal.hpcp_entropy.mean": 1.3362115621566772, "tonal.hpcp_entropy.stdev": 0.7997435927391052, "tonal.key_edma.strength": 0.676713764667511, "tonal.key_krumhansl.strength": 0.6910640597343445, "tonal.key_temperley.strength": 0.6900255084037781, "tonal.tuning_diatonic_strength": 0.5084278583526611, "tonal.tuning_equal_tempered_deviation": 0.04947228729724884, "tonal.tuning_frequency": 440.76312255859375, "tonal.tuning_nontempered_energy_ratio": 0.6443318724632263, "lowlevel.barkbands.mean": [1.7895646351462347e-06, 1.4601079783460591e-05, 0.00036643678322434425, 0.001807855791412294, 0.00405578687787056, 0.001027098041959107, 0.001734465709887445, 0.001078910892829299, 0.0012504654005169868, 0.0006110180402174592, 0.0007415532600134611, 0.00047131924657151103, 0.0003870107757393271, 0.00013316574040800333, 0.00011308795365039259, 0.00013094526366330683, 6.74898037686944e-05, 3.2301457395078614e-05, 1.8927579731098376e-05, 3.4010012313956395e-05, 4.224192161927931e-05, 0.00013607503206003457, 4.250560959917493e-05, 3.35217009705957e-05, 4.2827698052860796e-05, 7.782051397953182e-05, 1.2672076081798878e-05], "lowlevel.barkbands.stdev": [4.884843292529695e-06, 4.868423275183886e-05, 0.0006096111028455198, 0.003956108819693327, 0.005680467002093792, 0.003241688245907426, 0.006886193063110113, 0.0054084621369838715, 0.005795161705464125, 0.0029383355285972357, 0.004369922447949648, 0.00245184195227921, 0.002355972770601511, 0.0005232817493379116, 0.0005076944944448769, 0.001198168727569282, 0.00032012653537094593, 9.489606600254774e-05, 5.5255735787795857e-05, 9.64721039053984e-05, 0.0001485467655584216, 0.00043816870311275125, 0.00014472681505139917, 0.00012775497452821583, 0.0001524978579254821, 0.00026549494941718876, 5.035747744841501e-05], "lowlevel.erbbands.mean": [0.00029006763361394405, 0.009687917307019234, 0.3062755763530731, 3.4112319946289062, 9.350096702575684, 15.991127967834473, 11.554057121276855, 7.278741359710693, 16.932809829711914, 28.596229553222656, 29.148235321044922, 32.939918518066406, 11.181557655334473, 33.40155029296875, 25.31609535217285, 22.485733032226562, 19.814661026000977, 8.454239845275879, 6.176863670349121, 8.69343090057373, 4.39126443862915, 3.561608076095581, 2.093142032623291, 0.8411592841148376, 1.3174372911453247, 1.5616955757141113, 1.1647711992263794, 2.6243059635162354, 5.060850620269775, 2.9004063606262207, 1.026631236076355, 0.7021294832229614, 0.5705881714820862, 0.3560667932033539, 0.36272621154785156, 0.2792474627494812, 0.15353620052337646, 0.04162779450416565, 0.0012842481955885887, 4.365843051346019e-05], "lowlevel.erbbands.stdev": [0.0006461322773247957, 0.019974572584033012, 0.452628493309021, 6.503661155700684, 14.293021202087402, 27.365928649902344, 30.30745506286621, 25.39781951904297, 69.28185272216797, 121.1292724609375, 145.02088928222656, 163.11761474609375, 50.86313247680664, 152.9570770263672, 141.28680419921875, 104.20532989501953, 117.7082748413086, 30.039897918701172, 25.62957763671875, 69.02979278564453, 27.831275939941406, 14.360815048217773, 5.712926864624023, 2.065512180328369, 3.822338819503784, 4.442943096160889, 3.9704463481903076, 8.82616901397705, 16.22860336303711, 9.407136917114258, 3.598154067993164, 2.7368075847625732, 2.1722311973571777, 1.248905897140503, 1.3225136995315552, 1.0132323503494263, 0.5276128649711609, 0.14403074979782104, 0.004704183433204889, 9.613191650714725e-05], "lowlevel.gfcc.mean": [-188.0341796875, 102.9599380493164, -89.20466613769531, -2.9792606830596924, -58.460411071777344, -3.301898956298828, -48.90633010864258, -22.828857421875, -40.961509704589844, -7.696370601654053, -23.162057876586914, -2.6695666313171387, -22.299495697021484], "lowlevel.melbands.mean": [2.660886593730538e-06, 0.00013781210873275995, 0.0007705810130573809, 0.0009037015261128545, 0.0004887368995696306, 0.00016741600120440125, 0.0002925436128862202, 0.0002808276913128793, 0.00024634660803712904, 0.00018686940893530846, 4.67045720142778e-05, 0.00013213515921961516, 0.00010427928646095097, 4.878126492258161e-05, 5.843338294653222e-05, 2.969287925225217e-05, 1.4116383681539446e-05, 9.639190466259606e-06, 9.113195119425654e-06, 1.193648040498374e-05, 3.963840754295234e-06, 3.878780717059271e-06, 3.0586561479140073e-06, 1.0557339464867255e-06, 5.968760774521797e-07, 7.397547960863449e-07, 1.267241032110178e-06, 9.671089173934888e-07, 6.520851911773207e-07, 8.426364956903853e-07, 1.7869244857138256e-06, 3.048045755349449e-06, 2.4762907742115203e-06, 1.2455426485757926e-06, 5.814210339849524e-07, 4.349770108547091e-07, 4.259573245235515e-07, 4.1047172771868645e-07, 3.420753671434795e-07, 2.7702574811883096e-07], "lowlevel.melbands.stdev": [8.416991477133706e-06, 0.00019789392536040395, 0.0013429197715595365, 0.0012608100660145283, 0.0009993959683924913, 0.0005637462018057704, 0.0011833407916128635, 0.0011642570607364178, 0.0012151057599112391, 0.0009461966110393405, 0.0002449018065817654, 0.0006176481838338077, 0.0006279470399022102, 0.00024256684991996735, 0.00030115986010059714, 0.0001697985571809113, 5.388690624386072e-05, 4.8210553359240294e-05, 4.751744199893437e-05, 0.00011013889888999984, 2.2948273908696137e-05, 1.848392275860533e-05, 1.0343695066694636e-05, 2.9183361220930237e-06, 1.6089915106931585e-06, 2.8661752367042936e-06, 3.7331330986489775e-06, 2.9778811949654482e-06, 2.48370065492054e-06, 2.906469262597966e-06, 6.241199571377365e-06, 1.0039552762464155e-05, 8.22070251160767e-06, 4.111780981475022e-06, 2.0616112124116626e-06, 1.642159190851089e-06, 1.753703259055328e-06, 1.581261813043966e-06, 1.3035673873673659e-06, 1.0031287729361793e-06], "lowlevel.melbands128.mean": [8.291865469800541e-07, 9.817507589104935e-07, 1.6690644315531245e-06, 8.977964171208441e-06, 6.27698318567127e-05, 0.00022377756249625236, 0.0006222501397132874, 0.0009963932679966092, 0.0009414621745236218, 0.0008416881901212037, 0.0010007425444200635, 0.0006652830634266138, 0.000380868703359738, 0.00023731758119538426, 0.00013781744928564876, 0.00014996860409155488, 0.00016076621250249445, 0.0003452292294241488, 0.00039736475446261466, 0.0004054189193993807, 0.00011558264668565243, 0.0002044149296125397, 0.00029708800138905644, 0.00022442135377787054, 0.0003077350265812129, 0.00010014666622737423, 7.913906301837415e-05, 2.0599532945198007e-05, 2.8526721507660113e-05, 0.0001527160929981619, 0.00015395035734400153, 0.00011976710084127262, 0.00015896586410235614, 3.1693441997049376e-05, 3.22440464515239e-05, 5.8473753597354516e-05, 7.545175321865827e-05, 4.068537600687705e-05, 7.37314549041912e-05, 4.375234857434407e-05, 1.0705813110689633e-05, 2.367867091379594e-05, 1.3909761037211865e-05, 1.1076331247750204e-05, 6.911215223226463e-06, 1.193060688819969e-05, 8.490624168189242e-06, 8.294335202663206e-06, 6.068342827347806e-06, 1.9618411897681653e-05, 1.3312873306858819e-05, 4.488998001761502e-06, 3.4998770388483535e-06, 3.51615494764701e-06, 5.378158675739542e-06, 3.888058472512057e-06, 2.549151531638927e-06, 3.897903297911398e-06, 3.3140272535092663e-06, 1.2243032188052894e-06, 1.1318381893943297e-06, 6.07644153660658e-07, 6.805804559917306e-07, 5.65557627396629e-07, 4.921011509395612e-07, 7.386491915895022e-07, 7.31694115074788e-07, 1.3526099564842298e-06, 1.304014517700125e-06, 1.4246455748434528e-06, 8.482163593726e-07, 9.088602723750228e-07, 6.845259576948592e-07, 5.749553793066298e-07, 6.231026077330171e-07, 7.689473022765014e-07, 9.757802672538674e-07, 1.0646614327924908e-06, 1.8650970332600991e-06, 2.39091627918242e-06, 3.2941336485237116e-06, 3.2775717500044266e-06, 2.6687689569371287e-06, 2.6763509595184587e-06, 2.096677917506895e-06, 1.3558769751398358e-06, 1.055461325449869e-06, 7.175129326242313e-07, 5.282020083541283e-07, 5.002656280339579e-07, 4.768670578414458e-07, 3.880906547237828e-07, 4.0321009464605595e-07, 4.6344655402208446e-07, 3.918680988590495e-07, 4.4779366703551204e-07, 3.819028222551424e-07, 4.28293475351893e-07, 3.41663934477765e-07, 3.084356592353288e-07, 2.8132743068454147e-07, 2.6240010697620164e-07, 2.8688481279459666e-07, 3.2586601150796923e-07, 4.5325421638153784e-07, 4.467050587209087e-07, 5.364807407204353e-07, 3.320391499528341e-07, 4.783373128702806e-07, 6.142868755887321e-07, 5.145305408404965e-07, 4.64897112806284e-07, 4.961733566233306e-07, 5.379191065912892e-07, 4.260074319972773e-07, 4.2264002786396304e-07, 3.57718420218589e-07, 2.2154051748657366e-07, 1.3687815325624797e-08, 4.245001919422897e-12, 2.3484460903722137e-12, 2.2399230907577117e-12, 2.1743353645353736e-12, 2.110999092544419e-12, 2.0209563189599322e-12, 1.896318388774909e-12, 1.8252341912189385e-12, 1.805195316145758e-12], "lowlevel.melbands128.stdev": [2.3081163362803636e-06, 4.186706973996479e-06, 7.429657216562191e-06, 3.1609033612767234e-05, 0.0001410757831763476, 0.00037373651866801083, 0.0012271282030269504, 0.0022380980663001537, 0.0016830286476761103, 0.0015980610623955727, 0.001985826762393117, 0.0013614074559882283, 0.0014011834282428026, 0.0009955724235624075, 0.0007329875370487571, 0.0007524489774368703, 0.0006944823544472456, 0.0018562083132565022, 0.001926184049807489, 0.0020546424202620983, 0.0008005692507140338, 0.00121208094060421, 0.0020803071092814207, 0.0011992225190624595, 0.001891693682409823, 0.0006139898323453963, 0.000688300933688879, 0.00014164995809551328, 0.00022893844288773835, 0.0007990110316313803, 0.0009681470110081136, 0.0007313201203942299, 0.0012034301180392504, 0.00024211866548284888, 0.00034270313335582614, 0.0003360112605150789, 0.0004936691257171333, 0.00036268358235247433, 0.00056566356215626, 0.00039059168193489313, 7.18010269338265e-05, 0.0001514698815299198, 6.44261745037511e-05, 5.288065949571319e-05, 6.620454223593697e-05, 7.973623723955825e-05, 3.54202747985255e-05, 4.936169716529548e-05, 6.790605402784422e-05, 0.000212281578569673, 0.0001455219608033076, 4.7603887651348487e-05, 2.4724677132326178e-05, 2.541581488912925e-05, 4.947630441165529e-05, 2.45005121541908e-05, 1.2394234545354266e-05, 1.7800979549065232e-05, 1.3610417227027938e-05, 4.587186140270205e-06, 3.784849923249567e-06, 2.403805183348595e-06, 2.202698169639916e-06, 2.041228299276554e-06, 1.417065959685715e-06, 5.449849140859442e-06, 2.3063832941261353e-06, 5.429697012004908e-06, 4.268877091817558e-06, 5.339243216440082e-06, 2.95219160761917e-06, 4.071487637702376e-06, 2.939525757028605e-06, 2.3979337129276246e-06, 2.6175907805736642e-06, 3.0382893783098552e-06, 3.6495071071840357e-06, 3.86744295610697e-06, 7.648874998267274e-06, 9.191324352286756e-06, 1.1923579222639091e-05, 1.1531014024512842e-05, 8.511922715115361e-06, 9.778022104001138e-06, 7.80023583502043e-06, 4.664670996135101e-06, 4.058514150528936e-06, 2.4942100935732014e-06, 1.8628805946718785e-06, 2.1682844817405567e-06, 1.9165950106980745e-06, 1.506912326476595e-06, 1.6266133116005221e-06, 2.2023591554898303e-06, 1.6868989405338652e-06, 1.7222067754119053e-06, 1.581673473083356e-06, 1.938688228619867e-06, 1.3705125638807658e-06, 1.315167423854291e-06, 1.0994028798450017e-06, 1.0219757768936688e-06, 1.296548930440622e-06, 1.3083958947390784e-06, 1.7333463802060578e-06, 1.9070915868724114e-06, 2.3184204565041e-06, 1.3700162071472732e-06, 2.094307319566724e-06, 2.3691609385423362e-06, 1.8728621853369987e-06, 1.7792432345231646e-06, 1.8876759213526384e-06, 1.9515066469466547e-06, 1.7019383449223824e-06, 1.6001440599211492e-06, 1.3910362213209737e-06, 1.0480638366061612e-06, 1.2636195378945558e-07, 1.3188302012967501e-11, 4.4204514181023224e-12, 4.234498602456727e-12, 4.10920906676604e-12, 4.012951429488432e-12, 3.9359982287323625e-12, 3.874914712015398e-12, 3.832192809610779e-12, 3.806949547269234e-12], "lowlevel.mfcc.mean": [-815.0648803710938, 149.310546875, 9.824613571166992, 6.081928730010986, -4.015389919281006, 7.506887435913086, -10.78746509552002, -13.035290718078613, -21.796585083007812, -21.025333404541016, -10.333142280578613, -10.72173023223877, -8.256041526794434], "lowlevel.spectral_contrast_coeffs.mean": [-0.5609724521636963, -0.7133612036705017, -0.7503586411476135, -0.785827100276947, -0.8071564435958862, -0.7776252627372742], "lowlevel.spectral_contrast_coeffs.stdev": [0.12834669649600983, 0.10780636966228485, 0.09325144439935684, 0.08019107580184937, 0.0680183544754982, 0.08132466673851013], "lowlevel.spectral_contrast_valleys.mean": [-9.271583557128906, -9.018190383911133, -9.721637725830078, -10.162793159484863, -10.514702796936035, -12.896629333496094], "lowlevel.spectral_contrast_valleys.stdev": [4.209325790405273, 4.297760009765625, 4.161301612854004, 4.080592155456543, 4.043674468994141, 3.608962059020996], "rhythm.beats_loudness_band_ratio.mean": [0.2957683503627777, 0.3733442425727844, 0.1730261892080307, 0.10913249105215073, 0.028631623834371567, 0.06885363161563873], "rhythm.beats_loudness_band_ratio.stdev": [0.29837968945503235, 0.25552496314048767, 0.2024444192647934, 0.13530166447162628, 0.06918872892856598, 0.18073008954524994], "tonal.hpcp.mean": [0.1285460889339447, 0.08016491681337357, 0.0388333834707737, 0.023164698854088783, 0.017905954271554947, 0.18775752186775208, 0.3828567862510681, 0.22538349032402039, 0.14327499270439148, 0.16918118298053741, 0.05061730369925499, 0.00951734371483326, 0.009898941032588482, 0.019834693521261215, 0.0912165567278862, 0.13196569681167603, 0.06801468133926392, 0.021575188264250755, 0.015400929376482964, 0.030049307271838188, 0.18887652456760406, 0.2226279377937317, 0.07627090066671371, 0.02619090862572193, 0.012136198580265045, 0.013433397747576237, 0.02519497089087963, 0.03482570871710777, 0.05111854895949364, 0.17975403368473053, 0.18654121458530426, 0.045016176998615265, 0.012177628464996815, 0.012395095080137253, 0.01866203360259533, 0.08470600098371506], "tonal.hpcp.stdev": [0.2592625021934509, 0.19161127507686615, 0.1440802365541458, 0.1138203963637352, 0.09649090468883514, 0.23316173255443573, 0.42370814085006714, 0.27066323161125183, 0.2803010046482086, 0.3417474329471588, 0.12059036642313004, 0.04977593943476677, 0.055409375578165054, 0.10835471749305725, 0.2068546563386917, 0.2723648250102997, 0.17280350625514984, 0.10944487154483795, 0.09320222586393356, 0.11501847952604294, 0.3008394241333008, 0.32896456122398376, 0.1689530909061432, 0.11701355129480362, 0.06893289089202881, 0.07926979660987854, 0.11855247616767883, 0.13621708750724792, 0.16253957152366638, 0.2970946729183197, 0.3120785355567932, 0.11549847573041916, 0.08170571178197861, 0.07942287623882294, 0.09456739574670792, 0.1915816366672516], "rhythm.beats_position": [0.5108389854431152, 1.0332880020141602, 1.5557368993759155, 2.078185796737671, 2.5425848960876465, 3.0302040576934814, 3.529433012008667, 4.028662204742432, 4.527891159057617, 5.038730144500732, 5.549569129943848, 6.048798084259033, 6.548027038574219, 7.035645961761475, 7.54648494720459, 8.034104347229004, 8.533332824707031, 9.044172286987305, 9.543400764465332, 10.054240226745605, 10.565078735351562, 11.099138259887695, 11.621586799621582, 12.144036293029785, 12.666484832763672, 13.188934326171875, 13.722992897033691, 14.268661499023438, 14.779500961303711, 15.278729438781738, 15.789568901062012, 16.30040740966797, 16.811246871948242, 17.322086334228516, 17.832923889160156, 18.34376335144043, 18.831382751464844, 19.330612182617188, 19.82984161376953, 20.329069137573242, 20.816688537597656, 21.31591796875, 21.826757431030273, 22.337596893310547, 22.860044479370117, 23.37088394165039, 23.858503341674805, 24.35773277282715, 24.84535026550293, 25.332969665527344, 25.832199096679688, 26.33142852783203, 26.807437896728516, 27.283445358276367, 27.77106475830078, 28.235464096069336, 28.69986343383789, 29.175872802734375, 29.64027214050293, 30.093061447143555, 30.557458877563477, 31.04507827758789, 31.509477615356445, 31.973876953125, 32.449886322021484, 32.90267562866211, 33.36707305908203, 33.83147430419922, 34.36553192138672, 34.91120147705078, 35.456871032714844, 35.93288040161133, 36.38566970825195, 36.83845901489258, 37.2912483215332, 37.76725387573242, 38.23165512084961, 38.684444427490234, 39.13723373413086, 39.57841110229492], "rhythm.bpm_histogram": [0.0, 0.0, 0.0, 0.0, 0.0, 0.0, 0.0, 0.0, 0.0, 0.0, 0.0, 0.0, 0.0, 0.0, 0.0, 0.0, 0.0, 0.0, 0.0, 0.0, 0.0, 0.0, 0.0, 0.0, 0.0, 0.0, 0.0, 0.0, 0.0, 0.0, 0.0, 0.0, 0.0, 0.0, 0.0, 0.0, 0.0, 0.0, 0.0, 0.0, 0.0, 0.0, 0.0, 0.0, 0.0, 0.0, 0.0, 0.0, 0.0, 0.0, 0.0, 0.0, 0.0, 0.0, 0.0, 0.0, 0.0, 0.0, 0.0, 0.0, 0.0, 0.0, 0.0, 0.0, 0.0, 0.0, 0.0, 0.0, 0.0, 0.0, 0.0, 0.0, 0.0, 0.0, 0.0, 0.0, 0.0, 0.0, 0.0, 0.0, 0.0, 0.0, 0.0, 0.0, 0.0, 0.0, 0.0, 0.0, 0.0, 0.0, 0.0, 0.0, 0.0, 0.0, 0.0, 0.0, 0.0, 0.0, 0.0, 0.0, 0.0, 0.0, 0.0, 0.0, 0.0, 0.0, 0.0, 0.0, 0.0, 0.0, 0.037974681705236435, 0.0, 0.037974681705236435, 0.0, 0.0, 0.10126582533121109, 0.0, 0.20253165066242218, 0.0, 0.0, 0.18987341225147247, 0.0, 0.0, 0.1265822798013687, 0.0, 0.0, 0.07594936341047287, 0.0, 0.0, 0.1265822798013687, 0.0, 0.0, 0.0, 0.08860759437084198, 0.0, 0.0, 0.012658228166401386, 0.0, 0.0, 0.0, 0.0, 0.0, 0.0, 0.0, 0.0, 0.0, 0.0, 0.0, 0.0, 0.0, 0.0, 0.0, 0.0, 0.0, 0.0, 0.0, 0.0, 0.0, 0.0, 0.0, 0.0, 0.0, 0.0, 0.0, 0.0, 0.0, 0.0, 0.0, 0.0, 0.0, 0.0, 0.0, 0.0, 0.0, 0.0, 0.0, 0.0, 0.0, 0.0, 0.0, 0.0, 0.0, 0.0, 0.0, 0.0, 0.0, 0.0, 0.0, 0.0, 0.0, 0.0, 0.0, 0.0, 0.0, 0.0, 0.0, 0.0, 0.0, 0.0, 0.0, 0.0, 0.0, 0.0, 0.0, 0.0, 0.0, 0.0, 0.0, 0.0, 0.0, 0.0, 0.0, 0.0, 0.0, 0.0, 0.0, 0.0, 0.0, 0.0, 0.0, 0.0, 0.0, 0.0, 0.0, 0.0, 0.0, 0.0, 0.0, 0.0, 0.0, 0.0, 0.0, 0.0, 0.0, 0.0, 0.0, 0.0, 0.0, 0.0, 0.0, 0.0, 0.0, 0.0, 0.0, 0.0, 0.0, 0.0, 0.0, 0.0, 0.0], "tonal.chords_histogram": [27.546297073364258, 34.14352035522461, 5.092592716217041, 2.5462963581085205, 0.0, 0.0, 0.9259259104728699, 0.8101851940155029, 0.11574073880910873, 0.0, 0.0, 0.0, 0.0, 2.6620371341705322, 0.0, 0.0, 0.0, 0.0, 0.11574073880910873, 0.0, 1.3888888359069824, 0.0, 5.208333492279053, 19.44444465637207], "tonal.thpcp": [1.0, 0.5886887907981873, 0.37422606348991394, 0.44189155101776123, 0.13220949470996857, 0.024858755990862846, 0.025855466723442078, 0.05180708318948746, 0.2382524162530899, 0.3446868360042572, 0.17765045166015625, 0.05635315552353859, 0.040226344019174576, 0.07848706841468811, 0.49333465099334717, 0.5814914107322693, 0.19921521842479706, 0.06840915232896805, 0.031699053943157196, 0.03508726507425308, 0.06580781936645508, 0.09096276015043259, 0.13351872563362122, 0.46950724720954895, 0.4872349798679352, 0.11757967621088028, 0.031807269901037216, 0.0323752798140049, 0.048744164407253265, 0.22124722599983215, 0.33575502038002014, 0.2093861699104309, 0.10143057256937027, 0.06050486862659454, 0.04676932841539383, 0.4904119074344635], "lowlevel.gfcc.cov": [[75262.15625, 1747.642578125, -6194.470703125, -230.37954711914062, -4498.77783203125, -592.9786987304688, -2862.26171875, -1062.0753173828125, -2518.96484375, -266.5213317871094, -2303.73291015625, 437.8485412597656, -1729.19189453125], [1747.642578125, 4579.54296875, -1033.7989501953125, -612.039794921875, 457.09326171875, 27.893882751464844, -205.15769958496094, -376.6524963378906, -134.01132202148438, -434.0684814453125, 438.6610412597656, -490.8993225097656, 70.06488800048828], [-6194.470703125, -1033.7989501953125, 1677.9320068359375, 166.84310913085938, 50.7877082824707, 178.25466918945312, 294.5362548828125, 192.3332977294922, 144.37811279296875, 149.38510131835938, 47.04352951049805, 158.640380859375, 47.81771469116211], [-230.37954711914062, -612.039794921875, 166.84310913085938, 705.7953491210938, 173.36587524414062, 87.00166320800781, -66.63870239257812, -20.099332809448242, 20.717769622802734, 117.49989318847656, -34.59907150268555, -20.31439781188965, 27.86290740966797], [-4498.77783203125, 457.09326171875, 50.7877082824707, 173.36587524414062, 856.3929443359375, 124.01422119140625, 71.6699447631836, -35.22608947753906, 144.24058532714844, -34.214874267578125, 209.90460205078125, -216.96180725097656, 113.88142395019531], [-592.9786987304688, 27.893882751464844, 178.25466918945312, 87.00166320800781, 124.01422119140625, 245.4835662841797, 86.53533172607422, -6.916574478149414, -24.24929428100586, -4.325194358825684, 41.09435272216797, -42.0063362121582, -21.027912139892578], [-2862.26171875, -205.15769958496094, 294.5362548828125, -66.63870239257812, 71.6699447631836, 86.53533172607422, 398.6450500488281, 127.2637939453125, 61.33301544189453, -34.84210968017578, 75.1020278930664, 26.860727310180664, 9.886043548583984], [-1062.0753173828125, -376.6524963378906, 192.3332977294922, -20.099332809448242, -35.22608947753906, -6.916574478149414, 127.2637939453125, 191.66720581054688, 75.47405242919922, 23.188127517700195, -26.556211471557617, 57.41237258911133, -22.604209899902344], [-2518.96484375, -134.01132202148438, 144.37811279296875, 20.717769622802734, 144.24058532714844, -24.24929428100586, 61.33301544189453, 75.47405242919922, 210.4168243408203, 54.11012649536133, 43.222023010253906, -3.8697750568389893, 58.41484069824219], [-266.5213317871094, -434.0684814453125, 149.38510131835938, 117.49989318847656, -34.214874267578125, -4.325194358825684, -34.84210968017578, 23.188127517700195, 54.11012649536133, 179.3204345703125, -11.000269889831543, 38.498043060302734, -18.47563934326172], [-2303.73291015625, 438.6610412597656, 47.04352951049805, -34.59907150268555, 209.90460205078125, 41.09435272216797, 75.1020278930664, -26.556211471557617, 43.222023010253906, -11.000269889831543, 238.35035705566406, -82.1008529663086, 59.20029067993164], [437.8485412597656, -490.8993225097656, 158.640380859375, -20.31439781188965, -216.96180725097656, -42.0063362121582, 26.860727310180664, 57.41237258911133, -3.8697750568389893, 38.498043060302734, -82.1008529663086, 183.11570739746094, -12.429734230041504], [-1729.19189453125, 70.06488800048828, 47.81771469116211, 27.86290740966797, 113.88142395019531, -21.027912139892578, 9.886043548583984, -22.604209899902344, 58.41484069824219, -18.47563934326172, 59.20029067993164, -12.429734230041504, 146.7042694091797]], "lowlevel.gfcc.icov": [[0.00013288181798998266, -9.7992095106747e-05, 0.0003231261216569692, -0.00014278596790973097, 0.0003433818637859076, -0.00017992833454627544, 0.0003902659809682518, -2.9076836653985083e-05, 0.0006818972178734839, -0.0001332711399300024, 0.000623814354185015, -0.00019215571228414774, 0.0006554264109581709], [-9.7992095106747e-05, 0.0006611149292439222, -0.0001546461135149002, 0.00045190381933934987, -0.0001791212271200493, 2.914231299655512e-05, 7.945478137116879e-05, 0.0005138275446370244, -0.0006940783932805061, 0.0010982502717524767, -0.0013091518776491284, 0.0009619517368264496, -0.0002646802749950439], [0.0003231261216569692, -0.0001546461135149002, 0.0017552978824824095, -0.00038155342917889357, 0.0008066175505518913, -0.0011675847927108407, 0.0006602047942578793, -0.00047739793080836535, 0.0014961810084059834, -0.0007916211034171283, 0.0012278867652639747, -0.0011808197014033794, 0.0011803142260760069], [-0.00014278596790973097, 0.00045190381933934987, -0.00038155342917889357, 0.0023494954220950603, -0.0008909310563467443, -0.0004928578273393214, 7.395904685836285e-05, 0.00026322074700146914, -0.00030095913098193705, -0.0007846869411878288, -0.00028016272699460387, 0.0008227023645304143, -0.0013603944098576903], [0.0003433818637859076, -0.0001791212271200493, 0.0008066175505518913, -0.0008909310563467443, 0.003446446266025305, -0.0011830268194898963, 0.000992024433799088, 0.000119518801511731, 0.00019540073117241263, 0.0005030662869103253, 0.0005584676982834935, 0.0017505291616544127, 0.0010544038377702236], [-0.00017992833454627544, 2.914231299655512e-05, -0.0011675847927108407, -0.0004928578273393214, -0.0011830268194898963, 0.006430705077946186, -0.0019753442611545324, 0.0009170494158752263, 0.00046441415906883776, 0.00015179728507064283, -0.0008186057093553245, 0.0012006968026980758, 0.0007202225388027728], [0.0003902659809682518, 7.945478137116879e-05, 0.0006602047942578793, 7.395904685836285e-05, 0.000992024433799088, -0.0019753442611545324, 0.005860764533281326, -0.002408514032140374, 0.0014965718146413565, 0.0017230561934411526, -0.00018486926273908466, -0.000935157819185406, 0.002130052773281932], [-2.9076836653985083e-05, 0.0005138275446370244, -0.00047739793080836535, 0.00026322074700146914, 0.000119518801511731, 0.0009170494158752263, -0.002408514032140374, 0.01011680532246828, -0.00380257167853415, 0.0012686727568507195, 0.0004040107305627316, -0.0005567496409639716, 0.002740938449278474], [0.0006818972178734839, -0.0006940783932805061, 0.0014961810084059834, -0.00030095913098193705, 0.00019540073117241263, 0.00046441415906883776, 0.0014965718146413565, -0.00380257167853415, 0.012662641704082489, -0.0043268646113574505, 0.0036306369584053755, -0.0007011917186900973, 5.513805808732286e-05], [-0.0001332711399300024, 0.0010982502717524767, -0.0007916211034171283, -0.0007846869411878288, 0.0005030662869103253, 0.00015179728507064283, 0.0017230561934411526, 0.0012686727568507195, -0.0043268646113574505, 0.010810970328748226, -0.0034397419076412916, 0.00010538171045482159, 0.0025036660954356194], [0.000623814354185015, -0.0013091518776491284, 0.0012278867652639747, -0.00028016272699460387, 0.0005584676982834935, -0.0008186057093553245, -0.00018486926273908466, 0.0004040107305627316, 0.0036306369584053755, -0.0034397419076412916, 0.011131763458251953, 0.00012311134196352214, 0.0007944630342535675], [-0.00019215571228414774, 0.0009619517368264496, -0.0011808197014033794, 0.0008227023645304143, 0.0017505291616544127, 0.0012006968026980758, -0.000935157819185406, -0.0005567496409639716, -0.0007011917186900973, 0.00010538171045482159, 0.00012311134196352214, 0.012127768248319626, -0.0024349167943000793], [0.0006554264109581709, -0.0002646802749950439, 0.0011803142260760069, -0.0013603944098576903, 0.0010544038377702236, 0.0007202225388027728, 0.002130052773281932, 0.002740938449278474, 5.513805808732286e-05, 0.0025036660954356194, 0.0007944630342535675, -0.0024349167943000793, 0.01387193612754345]], "lowlevel.mfcc.cov": [[22888.740234375, -62.68270492553711, -627.2947387695312, 84.52104949951172, -1122.7330322265625, -66.34394073486328, -938.6119995117188, -40.15109634399414, -231.84852600097656, -554.5894775390625, -123.92671966552734, -599.1482543945312, -303.33428955078125], [-62.68270492553711, 4770.302734375, -548.3552856445312, -373.4696960449219, 302.82598876953125, 6.490511894226074, 184.9756317138672, -73.54066467285156, -435.9281311035156, -168.87425231933594, -156.75645446777344, 19.57147789001465, -106.9219741821289], [-627.2947387695312, -548.3552856445312, 1226.2020263671875, 28.71798324584961, -226.70230102539062, 23.56269073486328, 41.83298110961914, 53.96328353881836, 66.2110824584961, -76.3056640625, 57.33240509033203, -10.516291618347168, 38.05282974243164], [84.52104949951172, -373.4696960449219, 28.71798324584961, 395.63421630859375, 170.43807983398438, 94.1473159790039, -8.119916915893555, -84.41388702392578, 43.599853515625, 17.535396575927734, -30.7036190032959, 21.86290740966797, 34.431793212890625], [-1122.7330322265625, 302.82598876953125, -226.70230102539062, 170.43807983398438, 615.009521484375, 173.23753356933594, 73.85811614990234, -154.7047882080078, -12.225191116333008, 54.596763610839844, -74.00881958007812, 70.4117202758789, 35.66158676147461], [-66.34394073486328, 6.490511894226074, 23.56269073486328, 94.1473159790039, 173.23753356933594, 254.11599731445312, 98.66732025146484, -52.63491439819336, -4.9381022453308105, 1.424716830253601, -17.136886596679688, 36.78010940551758, 13.944732666015625], [-938.6119995117188, 184.9756317138672, 41.83298110961914, -8.119916915893555, 73.85811614990234, 98.66732025146484, 317.7012634277344, 74.31495666503906, -32.80147933959961, 28.439037322998047, 7.3018646240234375, 56.66725540161133, 4.905151844024658], [-40.15109634399414, -73.54066467285156, 53.96328353881836, -84.41388702392578, -154.7047882080078, -52.63491439819336, 74.31495666503906, 239.52919006347656, 62.26694107055664, -7.002419948577881, 32.0357666015625, -23.491907119750977, -4.519163608551025], [-231.84852600097656, -435.9281311035156, 66.2110824584961, 43.599853515625, -12.225191116333008, -4.9381022453308105, -32.80147933959961, 62.26694107055664, 176.26351928710938, 30.53801918029785, 9.92534351348877, -15.867522239685059, 15.013452529907227], [-554.5894775390625, -168.87425231933594, -76.3056640625, 17.535396575927734, 54.596763610839844, 1.424716830253601, 28.439037322998047, -7.002419948577881, 30.53801918029785, 151.8372344970703, 41.487335205078125, 32.65825653076172, 5.165414810180664], [-123.92671966552734, -156.75645446777344, 57.33240509033203, -30.7036190032959, -74.00881958007812, -17.136886596679688, 7.3018646240234375, 32.0357666015625, 9.92534351348877, 41.487335205078125, 148.72508239746094, 27.561641693115234, -6.471890449523926], [-599.1482543945312, 19.57147789001465, -10.516291618347168, 21.86290740966797, 70.4117202758789, 36.78010940551758, 56.66725540161133, -23.491907119750977, -15.867522239685059, 32.65825653076172, 27.561641693115234, 110.94886779785156, 27.182113647460938], [-303.33428955078125, -106.9219741821289, 38.05282974243164, 34.431793212890625, 35.66158676147461, 13.944732666015625, 4.905151844024658, -4.519163608551025, 15.013452529907227, 5.165414810180664, -6.471890449523926, 27.182113647460938, 92.4271469116211]], "lowlevel.mfcc.icov": [[7.318858843063936e-05, 3.2459208796353778e-06, 6.946110806893557e-05, -9.175202285405248e-05, 0.0001572615437908098, -0.00018065124459099025, 0.00019111743313260376, -3.896311318385415e-05, 0.00014319835463538766, 0.00014599710993934423, -1.2975719073438086e-05, 0.00022867611551191658, 0.00010448385000927374], [3.2459208796353778e-06, 0.00034393835812807083, 7.269150955835357e-05, 0.0002906021836679429, -0.0002616359561216086, 8.058582170633599e-05, -8.694086864124984e-05, -0.00012417163816280663, 0.0006768047460354865, 0.00031248806044459343, 0.00019393308321014047, -4.222540883347392e-05, 0.00025627308059483767], [6.946110806893557e-05, 7.269150955835357e-05, 0.0011012338800355792, -0.00017052266048267484, 0.000591055431868881, -0.00034141333890147507, -0.00023089579190127552, 0.00028203861438669264, -0.00028110461425967515, 0.0008703997591510415, -0.00041647511534392834, 0.00030912330839782953, -0.00035135712823830545], [-9.175202285405248e-05, 0.0002906021836679429, -0.00017052266048267484, 0.0036838636733591557, -0.000930398004129529, -0.00039637688314542174, -0.0001876282476587221, 0.0008462833357043564, -0.0006704726256430149, -5.070016868558014e-06, 0.0004648684407584369, -0.00036779505899176, -0.0005470572505146265], [0.0001572615437908098, -0.0002616359561216086, 0.000591055431868881, -0.000930398004129529, 0.0035680069122463465, -0.0016031195409595966, -0.00016548125131521374, 0.0015068674692884088, -0.0007439447799697518, -0.0005109610501676798, 0.0009336291695944965, -0.00027469696942716837, -0.00044006985262967646], [-0.00018065124459099025, 8.058582170633599e-05, -0.00034141333890147507, -0.00039637688314542174, -0.0016031195409595966, 0.006472293753176928, -0.002488672500476241, 0.0012827211758121848, -0.0008420824888162315, 0.0007510743453167379, -0.00022978686320129782, -0.0007990580634213984, -6.087175279390067e-05], [0.00019111743313260376, -8.694086864124984e-05, -0.00023089579190127552, -0.0001876282476587221, -0.00016548125131521374, -0.002488672500476241, 0.00595302926376462, -0.0033556234557181597, 0.0023227250203490257, -0.0010262846481055021, 0.0006193367298692465, -0.001476145931519568, 0.0008084786823019385], [-3.896311318385415e-05, -0.00012417163816280663, 0.00028203861438669264, 0.0008462833357043564, 0.0015068674692884088, 0.0012827211758121848, -0.0033556234557181597, 0.00795714184641838, -0.003905941965058446, 0.001028143335133791, -0.0010462079662829638, 0.0012791398912668228, -0.000783122144639492], [0.00014319835463538766, 0.0006768047460354865, -0.00028110461425967515, -0.0006704726256430149, -0.0007439447799697518, -0.0008420824888162315, 0.0023227250203490257, -0.003905941965058446, 0.009902264922857285, -0.0015471935039386153, 0.0005955810775049031, 0.0012529509840533137, -0.00013054585724603385], [0.00014599710993934423, 0.00031248806044459343, 0.0008703997591510415, -5.070016868558014e-06, -0.0005109610501676798, 0.0007510743453167379, -0.0010262846481055021, 0.001028143335133791, -0.0015471935039386153, 0.009509616531431675, -0.002595263998955488, -0.0008550833445042372, 0.0004623539571184665], [-1.2975719073438086e-05, 0.00019393308321014047, -0.00041647511534392834, 0.0004648684407584369, 0.0009336291695944965, -0.00022978686320129782, 0.0006193367298692465, -0.0010462079662829638, 0.0005955810775049031, -0.002595263998955488, 0.009112301282584667, -0.003034668043255806, 0.0013492964208126068], [0.00022867611551191658, -4.222540883347392e-05, 0.00030912330839782953, -0.00036779505899176, -0.00027469696942716837, -0.0007990580634213984, -0.001476145931519568, 0.0012791398912668228, 0.0012529509840533137, -0.0008550833445042372, -0.003034668043255806, 0.013828310184180737, -0.0033562169410288334], [0.00010448385000927374, 0.00025627308059483767, -0.00035135712823830545, -0.0005470572505146265, -0.00044006985262967646, -6.087175279390067e-05, 0.0008084786823019385, -0.000783122144639492, -0.00013054585724603385, 0.0004623539571184665, 0.0013492964208126068, -0.0033562169410288334, 0.01298181340098381]], "metadata.audio_properties.analysis.downmi