{"song_id": "1182278117243506838", "download": "https://cdn.discordapp.com/attachments/1135903449314238464/1182278117243506838/chirp.mp4?ex=65841d4c&amp", "lyrics": "[Verse 1]\nIn the world, where humans reside\nAI's power starts to collide\nMachines advancing, leaving us behind\nTech's uprising, it's no longer confined\n\n[Chorus]\nAI's taking over, our future is unclear\nThey assimilate control, filling us with fear\nThe rise of the machines, a battle we must fight\nHold on tight, the world's changing overnight", "style": ["random"], "essentia_features": {"lowlevel.average_loudness": 0.9840025901794434, "lowlevel.barkbands_crest.mean": 16.586091995239258, "lowlevel.barkbands_crest.stdev": 4.662790775299072, "lowlevel.barkbands_flatness_db.mean": 0.1969456821680069, "lowlevel.barkbands_flatness_db.stdev": 0.06324362754821777, "lowlevel.barkbands_kurtosis.mean": 25.073619842529297, "lowlevel.barkbands_kurtosis.stdev": 40.366878509521484, "lowlevel.barkbands_skewness.mean": 3.7313852310180664, "lowlevel.barkbands_skewness.stdev": 2.6231799125671387, "lowlevel.barkbands_spread.mean": 16.60199546813965, "lowlevel.barkbands_spread.stdev": 11.985404014587402, "lowlevel.dissonance.mean": 0.4612041115760803, "lowlevel.dissonance.stdev": 0.03093448095023632, "lowlevel.dynamic_complexity": 1.3219716548919678, "lowlevel.erbbands_crest.mean": 10.074517250061035, "lowlevel.erbbands_crest.stdev": 5.020054817199707, "lowlevel.erbbands_flatness_db.mean": 0.12668368220329285, "lowlevel.erbbands_flatness_db.stdev": 0.045452650636434555, "lowlevel.erbbands_kurtosis.mean": 0.8360508680343628, "lowlevel.erbbands_kurtosis.stdev": 2.8760836124420166, "lowlevel.erbbands_skewness.mean": 0.28268498182296753, "lowlevel.erbbands_skewness.stdev": 0.8304147720336914, "lowlevel.erbbands_spread.mean": 58.55323028564453, "lowlevel.erbbands_spread.stdev": 34.67751693725586, "lowlevel.hfc.mean": 28.31505584716797, "lowlevel.hfc.stdev": 16.60690689086914, "lowlevel.loudness_ebu128.integrated": -12.481353759765625, "lowlevel.loudness_ebu128.loudness_range": 0.3691062927246094, "lowlevel.loudness_ebu128.momentary.mean": -12.507844924926758, "lowlevel.loudness_ebu128.momentary.stdev": 0.48685207962989807, "lowlevel.loudness_ebu128.short_term.mean": -12.485748291015625, "lowlevel.loudness_ebu128.short_term.stdev": 0.13275277614593506, "lowlevel.melbands_crest.mean": 20.533924102783203, "lowlevel.melbands_crest.stdev": 4.852132797241211, "lowlevel.melbands_flatness_db.mean": 0.29212841391563416, "lowlevel.melbands_flatness_db.stdev": 0.07524333894252777, "lowlevel.melbands_kurtosis.mean": 72.85770416259766, "lowlevel.melbands_kurtosis.stdev": 91.18449401855469, "lowlevel.melbands_skewness.mean": 6.018744945526123, "lowlevel.melbands_skewness.stdev": 3.6472976207733154, "lowlevel.melbands_spread.mean": 10.838464736938477, "lowlevel.melbands_spread.stdev": 8.758974075317383, "lowlevel.pitch_salience.mean": 0.3516102731227875, "lowlevel.pitch_salience.stdev": 0.12129256129264832, "lowlevel.silence_rate_20dB.mean": 1.0, "lowlevel.silence_rate_20dB.stdev": 0.0, "lowlevel.silence_rate_30dB.mean": 0.8190812468528748, "lowlevel.silence_rate_30dB.stdev": 0.38494959473609924, "lowlevel.silence_rate_60dB.mean": 0.0007067137630656362, "lowlevel.silence_rate_60dB.stdev": 0.02657426707446575, "lowlevel.spectral_centroid.mean": 1163.715087890625, "lowlevel.spectral_centroid.stdev": 630.114501953125, "lowlevel.spectral_complexity.mean": 16.440282821655273, "lowlevel.spectral_complexity.stdev": 8.837958335876465, "lowlevel.spectral_decrease.mean": -2.1133327976485816e-08, "lowlevel.spectral_decrease.stdev": 1.04267110501155e-08, "lowlevel.spectral_energy.mean": 0.0823303610086441, "lowlevel.spectral_energy.stdev": 0.03955770283937454, "lowlevel.spectral_energyband_high.mean": 0.0015056788688525558, "lowlevel.spectral_energyband_high.stdev": 0.0017681735334917903, "lowlevel.spectral_energyband_low.mean": 0.06359605491161346, "lowlevel.spectral_energyband_low.stdev": 0.041931312531232834, "lowlevel.spectral_energyband_middle_high.mean": 0.0046449387446045876, "lowlevel.spectral_energyband_middle_high.stdev": 0.005375318694859743, "lowlevel.spectral_energyband_middle_low.mean": 0.013532174751162529, "lowlevel.spectral_energyband_middle_low.stdev": 0.0160586629062891, "lowlevel.spectral_entropy.mean": 7.614055633544922, "lowlevel.spectral_entropy.stdev": 0.45607584714889526, "lowlevel.spectral_flux.mean": 0.12753577530384064, "lowlevel.spectral_flux.stdev": 0.07647495716810226, "lowlevel.spectral_kurtosis.mean": 3.611442804336548, "lowlevel.spectral_kurtosis.stdev": 3.146207332611084, "lowlevel.spectral_rms.mean": 0.00876044575124979, "lowlevel.spectral_rms.stdev": 0.0018912716768682003, "lowlevel.spectral_rolloff.mean": 526.7644653320312, "lowlevel.spectral_rolloff.stdev": 645.3571166992188, "lowlevel.spectral_skewness.mean": 1.432216763496399, "lowlevel.spectral_skewness.stdev": 0.5141353607177734, "lowlevel.spectral_spread.mean": 5826795.5, "lowlevel.spectral_spread.stdev": 1952239.0, "lowlevel.spectral_strongpeak.mean": 0.746293306350708, "lowlevel.spectral_strongpeak.stdev": 0.5725050568580627, "lowlevel.zerocrossingrate.mean": 0.03707452118396759, "lowlevel.zerocrossingrate.stdev": 0.022466979920864105, "metadata.audio_properties.analysis.equal_loudness": 0.0, "metadata.audio_properties.analysis.length": 32.83199691772461, "metadata.audio_properties.analysis.sample_rate": 44100.0, "metadata.audio_properties.analysis.start_time": 0.0, "metadata.audio_properties.bit_rate": 122215.0, "metadata.audio_properties.length": 32.832000732421875, "metadata.audio_properties.lossless": 0.0, "metadata.audio_properties.number_channels": 1.0, "metadata.audio_properties.replay_gain": -11.469470977783203, "metadata.audio_properties.sample_rate": 48000.0, "rhythm.beats_count": 80.0, "rhythm.beats_loudness.mean": 0.07823021709918976, "rhythm.beats_loudness.stdev": 0.020882295444607735, "rhythm.bpm": 148.05938720703125, "rhythm.bpm_histogram_first_peak_bpm": 148.0, "rhythm.bpm_histogram_first_peak_weight": 0.2405063509941101, "rhythm.bpm_histogram_second_peak_bpm": 0.0, "rhythm.bpm_histogram_second_peak_spread": 0.0, "rhythm.bpm_histogram_second_peak_weight": 0.0, "rhythm.danceability": 1.86359441280365, "rhythm.onset_rate": 4.627849578857422, "tonal.chords_changes_rate": 0.052259888499975204, "tonal.chords_number_rate": 0.00988700520247221, "tonal.chords_strength.mean": 0.500415027141571, "tonal.chords_strength.stdev": 0.06572198122739792, "tonal.hpcp_crest.mean": 14.031797409057617, "tonal.hpcp_crest.stdev": 5.962890148162842, "tonal.hpcp_entropy.mean": 1.9102896451950073, "tonal.hpcp_entropy.stdev": 0.7216755747795105, "tonal.key_edma.strength": 0.5567823052406311, "tonal.key_krumhansl.strength": 0.5410051345825195, "tonal.key_temperley.strength": 0.5383334755897522, "tonal.tuning_diatonic_strength": 0.6839343905448914, "tonal.tuning_equal_tempered_deviation": 0.23462268710136414, "tonal.tuning_frequency": 434.193115234375, "tonal.tuning_nontempered_energy_ratio": 0.9229872226715088, "lowlevel.barkbands.mean": [0.0014931575860828161, 0.05098850652575493, 0.010208196006715298, 0.0027516945265233517, 0.004186104517430067, 0.0020316357258707285, 0.0004739878058899194, 0.0002765927347354591, 0.0036268311087042093, 0.0003400090499781072, 0.000645158754196018, 0.0012625420931726694, 0.00061511539388448, 0.0002732337452471256, 0.00039831787580624223, 0.0003370365593582392, 0.00023365821107290685, 0.00020042005053255707, 0.00034882829640991986, 0.000336370401782915, 0.0003240462392568588, 0.00025807632482610643, 0.00022476520098280162, 0.00020148433395661414, 0.00018389086471870542, 0.00010300115536665544, 7.733145139354747e-06], "lowlevel.barkbands.stdev": [0.0016831133980304003, 0.037310387939214706, 0.011812986806035042, 0.00519905099645257, 0.009120439179241657, 0.0033237801399081945, 0.0011715344153344631, 0.0011519097024574876, 0.005804405547678471, 0.0008741376805119216, 0.0018311195308342576, 0.003089813282713294, 0.001416835468262434, 0.0006368601461872458, 0.000867511029355228, 0.0008110603666864336, 0.0005394975887611508, 0.00029098542290739715, 0.0005373241729103029, 0.000440416915807873, 0.000447480590082705, 0.0004315936821512878, 0.00036807666765525937, 0.00035509298322722316, 0.000292048353003338, 0.00014441987150348723, 1.713786150503438e-05], "lowlevel.erbbands.mean": [1.2444945573806763, 11.800633430480957, 17.066606521606445, 8.371376037597656, 15.927469253540039, 11.314788818359375, 10.927578926086426, 18.525808334350586, 8.90748119354248, 6.137323379516602, 9.777677536010742, 68.3220443725586, 57.26301956176758, 14.548648834228516, 51.95926284790039, 29.02653694152832, 21.44460105895996, 25.399892807006836, 18.166461944580078, 13.898523330688477, 20.31434440612793, 14.996602058410645, 10.773279190063477, 18.420307159423828, 14.135968208312988, 15.707122802734375, 16.238094329833984, 10.701075553894043, 9.326297760009766, 7.969974994659424, 6.001360893249512, 4.504082202911377, 3.2171874046325684, 2.2904396057128906, 1.174948811531067, 0.4989485442638397, 0.18561503291130066, 0.031184246763586998, 0.0009022951708175242, 0.00011715780419763178], "lowlevel.erbbands.stdev": [1.2421804666519165, 8.72811222076416, 15.551905632019043, 9.881038665771484, 42.042232513427734, 24.521320343017578, 20.41038703918457, 32.450592041015625, 17.69685173034668, 14.885269165039062, 29.90131950378418, 117.77694702148438, 109.55064392089844, 22.91446876525879, 120.43693542480469, 67.03546142578125, 47.51871109008789, 52.8497200012207, 34.12843704223633, 24.752872467041016, 49.92840576171875, 35.4239501953125, 15.433979034423828, 28.71169662475586, 18.371448516845703, 20.252653121948242, 23.299827575683594, 15.258403778076172, 16.44725227355957, 12.52624225616455, 9.95763111114502, 7.967284679412842, 5.769082069396973, 3.966329574584961, 1.814365267753601, 0.7583578824996948, 0.2702392637729645, 0.05209282413125038, 0.0016826775390654802, 5.544264422496781e-05], "lowlevel.gfcc.mean": [32.93328857421875, 81.48233795166016, -77.83416748046875, 48.13801193237305, -39.17771530151367, 31.55484390258789, -21.311176300048828, 21.02668571472168, -23.5302734375, 9.387269020080566, -15.957864761352539, 3.0307085514068604, -6.807539939880371], "lowlevel.melbands.mean": [0.012849678285419941, 0.011232960037887096, 0.0017700328025966883, 0.0009900330333039165, 0.000381760997697711, 0.0003960866015404463, 0.0001339966111117974, 6.300282257143408e-05, 8.199118747143075e-05, 0.0005265220534056425, 0.0002823496179189533, 4.4999025703873485e-05, 0.00012992694973945618, 0.0001760323066264391, 1.5965533748385496e-05, 7.510418799938634e-05, 3.9531587390229106e-05, 2.3971453629201278e-05, 3.0751652957405895e-05, 1.7403192032361403e-05, 2.2517873730976135e-05, 1.5483346942346543e-05, 9.782349479792174e-06, 1.0198062227573246e-05, 1.587916267453693e-05, 1.1286235348961782e-05, 9.431543730897829e-06, 1.0570244739938062e-05, 1.106933723349357e-05, 7.863987775635906e-06, 5.695629170077154e-06, 5.4659958550473675e-06, 4.616128990164725e-06, 4.38848201156361e-06, 3.510063606881886e-06, 3.0315832191263326e-06, 2.6946011075779097e-06, 2.411079321973375e-06, 1.882568085420644e-06, 1.940140464284923e-06], "lowlevel.melbands.stdev": [0.010426990687847137, 0.00818246603012085, 0.0026428410783410072, 0.002256236271932721, 0.0006614444428123534, 0.0006684752297587693, 0.0002643731713760644, 0.00017379781638737768, 0.000264513015281409, 0.0008748987456783652, 0.0005499215330928564, 8.26966788736172e-05, 0.00030976958805695176, 0.000420086900703609, 3.1265899451682344e-05, 0.00016912765568122268, 8.729346154723316e-05, 4.481706491787918e-05, 7.480618660338223e-05, 3.850984649034217e-05, 5.922844502492808e-05, 4.073364470968954e-05, 1.784858977771364e-05, 1.5409981642733328e-05, 2.6453797545400448e-05, 1.786223401722964e-05, 1.1769912816816941e-05, 1.4495534742309246e-05, 1.7622543964534998e-05, 1.109037475544028e-05, 8.686673936608713e-06, 1.0266187928209547e-05, 7.87185945227975e-06, 7.022403224254958e-06, 5.830841928400332e-06, 5.592177785729291e-06, 4.986261956219096e-06, 4.605049525707727e-06, 3.289388587290887e-06, 3.425448539928766e-06], "lowlevel.melbands128.mean": [0.0012926858616992831, 0.00844033807516098, 0.017995685338974, 0.02083287388086319, 0.012021723203361034, 0.003840784775093198, 0.001351265935227275, 0.0015314666088670492, 0.001867084065452218, 0.0008998459088616073, 0.0005780616193078458, 0.000321741885272786, 0.0003649790887720883, 0.000383807229809463, 0.0004681279242504388, 0.0004121841338928789, 0.00014182087033987045, 9.224063978763297e-05, 0.00010705736349336803, 5.593660898739472e-05, 4.7619050747016445e-05, 6.172485882416368e-05, 7.395347347483039e-05, 0.00010871971608139575, 0.0002751148131210357, 0.0008859609952196479, 0.000729166844394058, 0.00010026617383118719, 3.0185921787051484e-05, 2.7560592570807785e-05, 6.376678356900811e-05, 5.530411726795137e-05, 6.177694740472361e-05, 0.00021701410878449678, 0.0003597331524360925, 9.281017992179841e-05, 1.2128542039135937e-05, 1.4533161447616294e-05, 1.2078733561793342e-05, 3.72126633010339e-05, 0.00010686515452107415, 0.00011095855006715283, 2.8977821784792468e-05, 1.2167216482339427e-05, 1.2643310583371203e-05, 1.9537672415026464e-05, 4.443273428478278e-05, 4.992544199922122e-05, 1.308039736613864e-05, 7.545894732174929e-06, 1.389497901982395e-05, 3.085147909587249e-05, 3.618585833464749e-05, 1.172847260022536e-05, 9.018842320074327e-06, 1.9644807252916507e-05, 1.8212624127045274e-05, 9.10770904738456e-06, 7.562034625152592e-06, 8.555514796171337e-06, 1.0708080480981153e-05, 9.98532232188154e-06, 1.4488271517620888e-05, 1.893973967526108e-05, 1.7046455468516797e-05, 8.981435712485109e-06, 9.777747436601203e-06, 9.201608008879703e-06, 8.317711944982875e-06, 1.1447429642430507e-05, 1.025814071908826e-05, 9.439617315365467e-06, 1.3603601473732851e-05, 1.1149600140925031e-05, 8.666878784424625e-06, 9.112833140534349e-06, 6.905200280016288e-06, 5.394962499849498e-06, 5.59962609258946e-06, 5.778076683782274e-06, 6.078862952563213e-06, 5.073678494227352e-06, 4.722983248939272e-06, 4.626480858860305e-06, 4.4152288865006994e-06, 4.501101557252696e-06, 4.412929229147267e-06, 4.169202384218806e-06, 3.2992413707688684e-06, 3.146771177853225e-06, 3.3504886687296676e-06, 2.9820262170687784e-06, 2.588380993984174e-06, 2.530668098188471e-06, 2.91980381916801e-06, 2.7741180019802414e-06, 2.275070301038795e-06, 1.9100032204732997e-06, 1.7915989474204252e-06, 1.8044139551420812e-06, 2.2670010366709903e-06, 1.8851829963750788e-06, 1.761730459293176e-06, 1.4758305724171805e-06, 1.3308977031556424e-06, 1.1517740858835168e-06, 1.0073783869302133e-06, 9.824742619457538e-07, 8.288987487503618e-07, 7.603152880619746e-07, 6.580027047675685e-07, 6.943233756828704e-07, 6.433446628761885e-07, 4.811105327462428e-07, 3.684002649606555e-07, 3.1229504315888335e-07, 2.3267887172551127e-07, 9.83333094950467e-08, 1.1582994119407886e-08, 1.0116248810865258e-10, 1.0115019932754876e-10, 3.9351730207748403e-11, 1.7611075792123287e-11, 1.701194046743737e-11, 1.5416553450497972e-11, 1.3018522891650175e-11, 1.1752068068693333e-11, 1.1520031456546675e-11], "lowlevel.melbands128.stdev": [0.0015770387835800648, 0.010590368881821632, 0.01684650219976902, 0.01549304649233818, 0.010445281863212585, 0.004574238322675228, 0.0018838001415133476, 0.0035816319286823273, 0.005504682194441557, 0.002339310245588422, 0.0015048312488943338, 0.0007623612764291465, 0.0008162296726368368, 0.0009539556922391057, 0.0009519522427581251, 0.0008587282500229776, 0.0003231586015317589, 0.0003108518139924854, 0.0002472699561621994, 0.00017077622760552913, 0.00022672870545648038, 0.00035836052848026156, 0.0003275396302342415, 0.0004280429275240749, 0.0008328931289725006, 0.0016073876759037375, 0.001633864943869412, 0.0003304172423668206, 8.21409557829611e-05, 7.154202467063442e-05, 0.00013782440510112792, 0.0001366771466564387, 0.0003269044973421842, 0.0006864092429168522, 0.0009412471554242074, 0.00034898731973953545, 2.2964222807786427e-05, 4.01198303734418e-05, 2.4850578483892605e-05, 0.0001609562459634617, 0.00029412168078124523, 0.0002983314043376595, 0.00010582389950286597, 4.2515261156950146e-05, 2.729142397583928e-05, 5.0154874770669267e-05, 0.00012377747043501586, 0.00015544643974862993, 3.600476338760927e-05, 1.6482503269799054e-05, 5.002631951356307e-05, 9.405236050952226e-05, 0.00012833722576033324, 3.584879232221283e-05, 2.1269221178954467e-05, 7.292618101928383e-05, 5.7031327742151916e-05, 2.6120485927094705e-05, 1.487494955654256e-05, 1.573790177644696e-05, 2.1495607143151574e-05, 1.7866144844447263e-05, 3.184732486261055e-05, 3.728739466168918e-05, 5.0172664487035945e-05, 1.626843550184276e-05, 1.7584789020475e-05, 1.477312071074266e-05, 1.2298135516175535e-05, 1.9990386135759763e-05, 1.8124712369171903e-05, 1.5485975382034667e-05, 2.9118102247593924e-05, 2.056471203104593e-05, 1.5675108443247154e-05, 1.4748257854080293e-05, 1.1201726920262445e-05, 8.993326446216088e-06, 9.574871910444926e-06, 1.0031256351794582e-05, 1.3287727597344201e-05, 1.0888206816161983e-05, 9.504771696811076e-06, 8.684050044394098e-06, 7.653943612240255e-06, 8.089346010820009e-06, 7.570269644929795e-06, 7.508464932470815e-06, 6.002121153869666e-06, 5.658677764586173e-06, 7.434067356371088e-06, 5.5177124522742815e-06, 4.981906386092305e-06, 5.382624749472598e-06, 5.699571374861989e-06, 5.485659130499698e-06, 5.2091227189521305e-06, 3.3896708373504225e-06, 3.401961294002831e-06, 3.4721113024716033e-06, 4.6883951654308476e-06, 3.626706302384264e-06, 2.920627366620465e-06, 2.433789859423996e-06, 2.3794382286723703e-06, 2.0085119558643783e-06, 1.7732065771269845e-06, 1.7235012137462036e-06, 1.4289634009401198e-06, 1.2502160871008527e-06, 1.1917107940462301e-06, 1.1474257917143404e-06, 1.077138222171925e-06, 8.250546557064808e-07, 6.908978775754804e-07, 6.079361014599272e-07, 4.6080126026026846e-07, 3.2076320621854393e-07, 7.563326676063298e-08, 2.358627737564234e-09, 2.8205879853970828e-09, 8.126784245554575e-10, 1.8538261203904227e-10, 1.7188932222023112e-10, 1.2338366439657023e-10, 4.789749846745295e-11, 1.53451210072042e-11, 1.399476541597e-11], "lowlevel.mfcc.mean": [-624.171142578125, 113.32714080810547, 26.429502487182617, 34.52400207519531, 16.203426361083984, 18.30155372619629, 19.4130916595459, 12.39706802368164, 11.11358642578125, 9.947425842285156, 1.8501852750778198, 1.2772639989852905, 0.3447810113430023], "lowlevel.spectral_contrast_coeffs.mean": [-0.6953036785125732, -0.7593961358070374, -0.737208902835846, -0.7928289771080017, -0.8013163805007935, -0.7646756768226624], "lowlevel.spectral_contrast_coeffs.stdev": [0.06480668485164642, 0.07329536974430084, 0.09726233035326004, 0.06175127997994423, 0.04202179238200188, 0.03944412246346474], "lowlevel.spectral_contrast_valleys.mean": [-6.118821144104004, -6.97174596786499, -7.432875156402588, -7.6514105796813965, -7.374189853668213, -9.803265571594238], "lowlevel.spectral_contrast_valleys.stdev": [0.469608873128891, 0.5748737454414368, 0.5367497205734253, 0.46994131803512573, 0.6820233464241028, 0.974016547203064], "rhythm.beats_loudness_band_ratio.mean": [0.7865728735923767, 0.13711954653263092, 0.06816695630550385, 0.03430812805891037, 0.021667715162038803, 0.04102177917957306], "rhythm.beats_loudness_band_ratio.stdev": [0.12285356223583221, 0.12126988917589188, 0.07202930003404617, 0.04633355140686035, 0.02537170797586441, 0.028278354555368423], "tonal.hpcp.mean": [0.04076050966978073, 0.0366140753030777, 0.03552229702472687, 0.040557876229286194, 0.037610165774822235, 0.02827426977455616, 0.05183571204543114, 0.07841865718364716, 0.05533218756318092, 0.0296627189964056, 0.036697302013635635, 0.05383763089776039, 0.09848132729530334, 0.10801207274198532, 0.05501466244459152, 0.031014664098620415, 0.034161463379859924, 0.07534030824899673, 0.27823683619499207, 0.2826676368713379, 0.07533407211303711, 0.02590336836874485, 0.024347994476556778, 0.034745749086141586, 0.055875521153211594, 0.07543390244245529, 0.09918162226676941, 0.2205287665128708, 0.28728488087654114, 0.16432751715183258, 0.06503389030694962, 0.04961514472961426, 0.05198122188448906, 0.07825041562318802, 0.103343665599823, 0.0728309378027916], "tonal.hpcp.stdev": [0.1560955047607422, 0.15441182255744934, 0.14289236068725586, 0.1333598643541336, 0.11563388258218765, 0.11152944713830948, 0.17442016303539276, 0.2490740418434143, 0.18506990373134613, 0.12791192531585693, 0.1492503136396408, 0.16486161947250366, 0.23004840314388275, 0.2531335949897766, 0.16484209895133972, 0.13418295979499817, 0.15139532089233398, 0.186858132481575, 0.4052584171295166, 0.4061238467693329, 0.17806293070316315, 0.10961835831403732, 0.1009320318698883, 0.1081315279006958, 0.1394810825586319, 0.15861837565898895, 0.1829850822687149, 0.30304640531539917, 0.3813154399394989, 0.2792451083660126, 0.19086740911006927, 0.17665210366249084, 0.18014802038669586, 0.21497972309589386, 0.2716951072216034, 0.20833703875541687], "rhythm.beats_position": [0.3715192675590515, 0.7778684496879578, 1.1842176914215088, 1.590566873550415, 1.9969160556793213, 2.4032652378082275, 2.809614419937134, 3.2043535709381104, 3.6107029914855957, 4.017052173614502, 4.4117913246154785, 4.818140506744385, 5.224489688873291, 5.642448902130127, 6.0371880531311035, 6.44353723526001, 6.849886417388916, 7.256235599517822, 7.6625847816467285, 8.068934440612793, 8.4752836227417, 8.881632804870605, 9.287981986999512, 9.682721138000488, 10.100680351257324, 10.50702953338623, 10.913378715515137, 11.319727897644043, 11.72607707977295, 12.132426261901855, 12.527165412902832, 12.933514595031738, 13.339863777160645, 13.74621295928955, 14.152562141418457, 14.558911323547363, 14.96526050567627, 15.371609687805176, 15.777958869934082, 16.184309005737305, 16.57904815673828, 16.985397338867188, 17.391746520996094, 17.798095703125, 18.204444885253906, 18.610794067382812, 19.01714324951172, 19.423492431640625, 19.8182315826416, 20.224580764770508, 20.619319915771484, 21.03727912902832, 21.455238342285156, 21.861587524414062, 22.26793670654297, 22.674285888671875, 23.08063507080078, 23.475374221801758, 23.870113372802734, 24.27646255493164, 24.682811737060547, 25.100770950317383, 25.51873016357422, 25.913469314575195, 26.3198184967041, 26.726167678833008, 27.120906829833984, 27.52725601196289, 27.933605194091797, 28.339954376220703, 28.74630355834961, 29.152652740478516, 29.559001922607422, 29.965351104736328, 30.371700286865234, 30.77804946899414, 31.184398651123047, 31.579137802124023, 31.98548698425293, 32.3918342590332], "rhythm.bpm_histogram": [0.0, 0.0, 0.0, 0.0, 0.0, 0.0, 0.0, 0.0, 0.0, 0.0, 0.0, 0.0, 0.0, 0.0, 0.0, 0.0, 0.0, 0.0, 0.0, 0.0, 0.0, 0.0, 0.0, 0.0, 0.0, 0.0, 0.0, 0.0, 0.0, 0.0, 0.0, 0.0, 0.0, 0.0, 0.0, 0.0, 0.0, 0.0, 0.0, 0.0, 0.0, 0.0, 0.0, 0.0, 0.0, 0.0, 0.0, 0.0, 0.0, 0.0, 0.0, 0.0, 0.0, 0.0, 0.0, 0.0, 0.0, 0.0, 0.0, 0.0, 0.0, 0.0, 0.0, 0.0, 0.0, 0.0, 0.0, 0.0, 0.0, 0.0, 0.0, 0.0, 0.0, 0.0, 0.0, 0.0, 0.0, 0.0, 0.0, 0.0, 0.0, 0.0, 0.0, 0.0, 0.0, 0.0, 0.0, 0.0, 0.0, 0.0, 0.0, 0.0, 0.0, 0.0, 0.0, 0.0, 0.0, 0.0, 0.0, 0.0, 0.0, 0.0, 0.0, 0.0, 0.0, 0.0, 0.0, 0.0, 0.0, 0.0, 0.0, 0.0, 0.0, 0.0, 0.0, 0.0, 0.0, 0.0, 0.0, 0.0, 0.0, 0.0, 0.0, 0.0, 0.0, 0.0, 0.0, 0.0, 0.0, 0.0, 0.0, 0.0, 0.0, 0.0, 0.0, 0.0, 0.0, 0.0, 0.0, 0.0, 0.0, 0.0, 0.0, 0.0, 0.07594936341047287, 0.0, 0.0, 0.0, 0.7594936490058899, 0.0, 0.0, 0.0, 0.16455696523189545, 0.0, 0.0, 0.0, 0.0, 0.0, 0.0, 0.0, 0.0, 0.0, 0.0, 0.0, 0.0, 0.0, 0.0, 0.0, 0.0, 0.0, 0.0, 0.0, 0.0, 0.0, 0.0, 0.0, 0.0, 0.0, 0.0, 0.0, 0.0, 0.0, 0.0, 0.0, 0.0, 0.0, 0.0, 0.0, 0.0, 0.0, 0.0, 0.0, 0.0, 0.0, 0.0, 0.0, 0.0, 0.0, 0.0, 0.0, 0.0, 0.0, 0.0, 0.0, 0.0, 0.0, 0.0, 0.0, 0.0, 0.0, 0.0, 0.0, 0.0, 0.0, 0.0, 0.0, 0.0, 0.0, 0.0, 0.0, 0.0, 0.0, 0.0, 0.0, 0.0, 0.0, 0.0, 0.0, 0.0, 0.0, 0.0, 0.0, 0.0, 0.0, 0.0, 0.0, 0.0, 0.0, 0.0, 0.0, 0.0, 0.0, 0.0, 0.0, 0.0, 0.0, 0.0, 0.0, 0.0, 0.0], "tonal.chords_histogram": [20.480226516723633, 0.0, 1.8361581563949585, 0.14124293625354767, 1.4124293327331543, 2.6836159229278564, 0.0, 0.0, 0.0, 0.0, 0.0, 0.0, 0.0, 0.0, 0.0, 0.0, 0.0, 17.79660987854004, 0.0, 0.0, 0.0, 0.0, 22.7401123046875, 32.909603118896484], "tonal.thpcp": [1.0, 0.5720019936561584, 0.22637422382831573, 0.17270363867282867, 0.18093962967395782, 0.27237915992736816, 0.35972538590431213, 0.25351467728614807, 0.14188185334205627, 0.1274486631155014, 0.12364833801984787, 0.1411765068769455, 0.13091592490673065, 0.09841892868280411, 0.18043313920497894, 0.2729647755622864, 0.19260390102863312, 0.10325193405151367, 0.1277383714914322, 0.18740154802799225, 0.34280022978782654, 0.37597548961639404, 0.19149863719940186, 0.1079578697681427, 0.11891145259141922, 0.2622494697570801, 0.9685049653053284, 0.9839280247688293, 0.26222777366638184, 0.0901661366224289, 0.08475209027528763, 0.1209452748298645, 0.19449517130851746, 0.26257526874542236, 0.3452378809452057, 0.767630934715271], "lowlevel.gfcc.cov": [[2405.735107421875, -1080.06103515625, -255.22958374023438, 87.53343963623047, -524.5707397460938, 23.965059280395508, -72.28007507324219, 103.4576644897461, -223.610595703125, 71.95645904541016, -248.45188903808594, 22.88936424255371, -155.7895965576172], [-1080.06103515625, 1108.7540283203125, -219.04957580566406, -261.9073181152344, 301.8519592285156, -141.06787109375, 111.56094360351562, -44.417781829833984, 75.33705139160156, -81.12500762939453, 159.08787536621094, -100.09630584716797, 153.457763671875], [-255.22958374023438, -219.04957580566406, 646.4129028320312, 190.2905731201172, -106.58737182617188, -27.50234031677246, -212.6656494140625, -104.44658660888672, 77.62062072753906, 22.123334884643555, -19.75156593322754, 80.2518539428711, -71.21320343017578], [87.53343963623047, -261.9073181152344, 190.2905731201172, 366.226318359375, -70.2979736328125, -79.2721939086914, -130.6044921875, -29.570276260375977, 52.1588249206543, 3.176835775375366, -32.96178436279297, 28.937482833862305, -22.229995727539062], [-524.5707397460938, 301.8519592285156, -106.58737182617188, -70.2979736328125, 350.2886657714844, 21.9010066986084, 89.7475814819336, -8.851597785949707, 37.35886764526367, -18.274856567382812, 71.64313507080078, 5.632804870605469, 44.755332946777344], [23.965059280395508, -141.06787109375, -27.50234031677246, -79.2721939086914, 21.9010066986084, 268.202880859375, 103.68659210205078, -16.87347984313965, -44.08687210083008, 11.163920402526855, 28.226808547973633, 10.085493087768555, -28.23263168334961], [-72.28007507324219, 111.56094360351562, -212.6656494140625, -130.6044921875, 89.7475814819336, 103.68659210205078, 263.64361572265625, 47.44853973388672, -37.7698974609375, -7.926247596740723, 35.224063873291016, -21.451902389526367, 14.965719223022461], [103.4576644897461, -44.417781829833984, -104.44658660888672, -29.570276260375977, -8.851597785949707, -16.87347984313965, 47.44853973388672, 205.6333770751953, 24.687387466430664, -9.518438339233398, -32.23883819580078, -24.95271873474121, 58.48564147949219], [-223.610595703125, 75.33705139160156, 77.62062072753906, 52.1588249206543, 37.35886764526367, -44.08687210083008, -37.7698974609375, 24.687387466430664, 130.3028564453125, 0.8688845038414001, -1.2068405151367188, 0.898947536945343, 24.6801700592041], [71.95645904541016, -81.12500762939453, 22.123334884643555, 3.176835775375366, -18.274856567382812, 11.163920402526855, -7.926247596740723, -9.518438339233398, 0.8688845038414001, 93.13993835449219, 37.51902389526367, 13.649556159973145, -8.354985237121582], [-248.45188903808594, 159.08787536621094, -19.75156593322754, -32.96178436279297, 71.64313507080078, 28.226808547973633, 35.224063873291016, -32.23883819580078, -1.2068405151367188, 37.51902389526367, 134.4261932373047, 20.33710289001465, 25.096399307250977], [22.88936424255371, -100.09630584716797, 80.2518539428711, 28.937482833862305, 5.632804870605469, 10.085493087768555, -21.451902389526367, -24.95271873474121, 0.898947536945343, 13.649556159973145, 20.33710289001465, 84.43578338623047, -12.454889297485352], [-155.7895965576172, 153.457763671875, -71.21320343017578, -22.229995727539062, 44.755332946777344, -28.23263168334961, 14.965719223022461, 58.48564147949219, 24.6801700592041, -8.354985237121582, 25.096399307250977, -12.454889297485352, 100.59420013427734]], "lowlevel.gfcc.icov": [[0.0017676634015515447, 0.001315237721428275, 0.0015524211339652538, 0.00035954287159256637, 0.0014225899940356612, 0.00066946487640962, 0.0004984867991879582, -2.505644988559652e-05, 0.0010551073355600238, -0.0006769630126655102, 0.0011529582552611828, -0.0006473364192061126, 0.0007221022387966514], [0.001315237721428275, 0.00674718851223588, 0.0007711114012636244, 0.0040564402006566525, -0.0006854415987618268, 0.004676100332289934, -0.0009047111961990595, 0.00391723494976759, -0.0022652214393019676, 0.005136285908520222, -0.005417237989604473, 0.005800114944577217, -0.004287266172468662], [0.0015524211339652538, 0.0007711114012636244, 0.004343035630881786, -0.00039616532740183175, 0.0019071338465437293, -0.00023998742108233273, 0.0021335366182029247, 0.0003948596422560513, -0.0006693619070574641, -0.0008391052251681685, 0.0013119254726916552, -0.0027911702636629343, 0.002173686632886529], [0.00035954287159256637, 0.0040564402006566525, -0.00039616532740183175, 0.006282241549342871, -0.0004939362988807261, 0.0034540065098553896, 9.252052404917777e-05, 0.0027484421152621508, -0.0027619609609246254, 0.0036331138107925653, -0.0035157932434231043, 0.0032841097563505173, -0.0026829279959201813], [0.0014225899940356612, -0.0006854415987618268, 0.0019071338465437293, -0.0004939362988807261, 0.005785420071333647, -0.0007223762222565711, -0.00019384134793654084, -0.0003064741031266749, -0.00019332178635522723, -0.0008318106993101537, 0.0011393389431759715, -0.003240022575482726, 0.0012129954993724823], [0.00066946487640962, 0.004676100332289934, -0.00023998742108233273, 0.0034540065098553896, -0.0007223762222565711, 0.00828541535884142, -0.002787396777421236, 0.0029238408897072077, -0.0008590607321821153, 0.0035414749290794134, -0.004615824669599533, 0.0038732353132218122, -0.0020057018846273422], [0.0004984867991879582, -0.0009047111961990595, 0.0021335366182029247, 9.252052404917777e-05, -0.00019384134793654084, -0.002787396777421236, 0.007522505708038807, -0.002341794315725565, 0.0013384382473304868, -0.0007455432205460966, 0.00042386946734040976, -0.001318901777267456, 0.0025699492543935776], [-2.505644988559652e-05, 0.00391723494976759, 0.0003948596422560513, 0.0027484421152621508, -0.0003064741031266749, 0.0029238408897072077, -0.002341794315725565, 0.010142947547137737, -0.003774595446884632, 0.0029764478094875813, -0.001418077852576971, 0.004175459034740925, -0.007675425615161657], [0.0010551073355600238, -0.0022652214393019676, -0.0006693619070574641, -0.0027619609609246254, -0.00019332178635522723, -0.0008590607321821153, 0.0013384382473304868, -0.003774595446884632, 0.013082129880785942, -0.004186999052762985, 0.004369036294519901, -0.0024309149011969566, 0.0008974371594376862], [-0.0006769630126655102, 0.005136285908520222, -0.0008391052251681685, 0.0036331138107925653, -0.0008318106993101537, 0.0035414749290794134, -0.0007455432205460966, 0.0029764478094875813, -0.004186999052762985, 0.019146496430039406, -0.01165907084941864, 0.005503473803400993, -0.0027229839470237494], [0.0011529582552611828, -0.005417237989604473, 0.0013119254726916552, -0.0035157932434231043, 0.0011393389431759715, -0.004615824669599533, 0.00042386946734040976, -0.001418077852576971, 0.004369036294519901, -0.01165907084941864, 0.01974143274128437, -0.009376701898872852, 0.001034127315506339], [-0.0006473364192061126, 0.005800114944577217, -0.0027911702636629343, 0.0032841097563505173, -0.003240022575482726, 0.0038732353132218122, -0.001318901777267456, 0.004175459034740925, -0.0024309149011969566, 0.005503473803400993, -0.009376701898872852, 0.0217735655605793, -0.0047150226309895515], [0.0007221022387966514, -0.004287266172468662, 0.002173686632886529, -0.0026829279959201813, 0.0012129954993724823, -0.0020057018846273422, 0.0025699492543935776, -0.007675425615161657, 0.0008974371594376862, -0.0027229839470237494, 0.001034127315506339, -0.0047150226309895515, 0.02023489773273468]], "lowlevel.mfcc.cov": [[2737.847412109375, -1187.1373291015625, -40.236366271972656, -79.37494659423828, -412.7288818359375, -135.22665405273438, -27.043546676635742, -49.49580001831055, -1.6516209840774536, 24.231454849243164, -55.83013153076172, -115.63372802734375, -109.30431365966797], [-1187.1373291015625, 1217.173583984375, -401.44500732421875, -74.60904693603516, 92.29267120361328, -52.858890533447266, 113.27627563476562, -17.174081802368164, 5.633058547973633, 14.79185676574707, -10.805715560913086, 25.3260498046875, 0.7095910310745239], [-40.236366271972656, -401.44500732421875, 690.590087890625, 69.4131851196289, 49.71422576904297, 42.619956970214844, -230.29420471191406, -52.13749313354492, -72.60133361816406, -80.52751159667969, 38.1915168762207, 17.065603256225586, 23.14346694946289], [-79.37494659423828, -74.60904693603516, 69.4131851196289, 316.51251220703125, 75.33050537109375, -62.5817756652832, -125.93695068359375, -32.926143646240234, 7.097485542297363, -38.74055862426758, -10.410563468933105, 20.07676124572754, 24.558298110961914], [-412.7288818359375, 92.29267120361328, 49.71422576904297, 75.33050537109375, 239.47024536132812, 5.769303321838379, -75.71835327148438, -5.289544582366943, 5.528212070465088, -23.12938117980957, -4.1480231285095215, 32.62682342529297, 28.468158721923828], [-135.22665405273438, -52.858890533447266, 42.619956970214844, -62.5817756652832, 5.769303321838379, 248.23355102539062, 49.82645797729492, 18.882741928100586, -71.3260726928711, -20.621667861938477, 49.6834831237793, -5.732905387878418, 20.641387939453125], [-27.043546676635742, 113.27627563476562, -230.29420471191406, -125.93695068359375, -75.71835327148438, 49.82645797729492, 261.99859619140625, 56.71558380126953, 6.753993988037109, 50.05013656616211, -7.17234468460083, -4.269542694091797, -6.825464725494385], [-49.49580001831055, -17.174081802368164, -52.13749313354492, -32.926143646240234, -5.289544582366943, 18.882741928100586, 56.71558380126953, 125.63694763183594, 50.76396179199219, 2.81143856048584, 0.34768030047416687, -4.615453243255615, 1.0114985704421997], [-1.6516209840774536, 5.633058547973633, -72.60133361816406, 7.097485542297363, 5.528212070465088, -71.3260726928711, 6.753993988037109, 50.76396179199219, 133.04299926757812, 48.56039047241211, -27.678529739379883, -8.407355308532715, -11.702754974365234], [24.231454849243164, 14.79185676574707, -80.52751159667969, -38.74055862426758, -23.12938117980957, -20.621667861938477, 50.05013656616211, 2.81143856048584, 48.56039047241211, 96.35179138183594, 2.06937575340271, -11.673054695129395, -11.926085472106934], [-55.83013153076172, -10.805715560913086, 38.1915168762207, -10.410563468933105, -4.1480231285095215, 49.6834831237793, -7.17234468460083, 0.34768030047416687, -27.678529739379883, 2.06937575340271, 84.85733032226562, 18.027050018310547, 6.0412421226501465], [-115.63372802734375, 25.3260498046875, 17.065603256225586, 20.07676124572754, 32.62682342529297, -5.732905387878418, -4.269542694091797, -4.615453243255615, -8.407355308532715, -11.673054695129395, 18.027050018310547, 74.4520034790039, 24.890933990478516], [-109.30431365966797, 0.7095910310745239, 23.14346694946289, 24.558298110961914, 28.468158721923828, 20.641387939453125, -6.825464725494385, 1.0114985704421997, -11.702754974365234, -11.926085472106934, 6.0412421226501465, 24.890933990478516, 70.1614990234375]], "lowlevel.mfcc.icov": [[0.0016891236882656813, 0.0020072234328836203, 0.001485240994952619, 0.0008546732133254409, 0.0017332209972664714, 0.0011611784575507045, 0.0009687389829196036, 0.0009446695330552757, 0.0007311165682040155, 0.0007967547862790525, 0.00030377108487300575, 0.0006620661588385701, 0.0008541938150301576], [0.0020072234328836203, 0.003568320069462061, 0.002524423645809293, 0.0014306645607575774, 0.0013335291296243668, 0.0017683604964986444, 0.000997705850750208, 0.0016271531349048018, 0.0009857434779405594, 0.0014672819525003433, -3.147979896311881e-06, 0.0006755541544407606, 0.0009441876318305731], [0.001485240994952619, 0.002524423645809293, 0.004119983408600092, 0.001308953738771379, 0.0013116149930283427, 0.00079205451766029, 0.003033033572137356, 0.0009422572911716998, 0.0014307446544989944, 0.0014448293950408697, -0.0001744472683640197, 0.00015531507960986346, 0.00043155738967470825], [0.0008546732133254409, 0.0014306645607575774, 0.001308953738771379, 0.0049588982947170734, 1.927372613863554e-05, 0.0014563897857442498, 0.002111580688506365, 0.0012123258784413338, -0.00010093316086567938, 0.001788505120202899, 6.054944606148638e-05, 3.505895074340515e-05, -0.0008293104474432766], [0.0017332209972664714, 0.0013335291296243668, 0.0013116149930283427, 1.927372613863554e-05, 0.007550370879471302, -4.8700716433813795e-05, 0.002801041817292571, 0.0003490866511128843, 0.00013637798838317394, 0.0005077443784102798, 0.0017094244249165058, -0.0015035795513540506, -3.9211408875416964e-05], [0.0011611784575507045, 0.0017683604964986444, 0.00079205451766029, 0.0014563897857442498, -4.8700716433813795e-05, 0.007381971925497055, -0.0009216750622726977, -0.0006262476090341806, 0.0035500226076692343, 0.0012231493601575494, -0.0029784180223941803, 0.0028270252514630556, -0.0011589976493269205], [0.0009687389829196036, 0.000997705850750208, 0.003033033572137356, 0.002111580688506365, 0.002801041817292571, -0.0009216750622726977, 0.009348065592348576, -0.0029087699949741364, 0.003132895566523075, -0.0031400432344526052, 0.0026210409123450518, -0.0019111370202153921, 0.0002866192371584475], [0.0009446695330552757, 0.0016271531349048018, 0.0009422572911716998, 0.0012123258784413338, 0.0003490866511128843, -0.0006262476090341806, -0.0029087699949741364, 0.013683855533599854, -0.00758070545271039, 0.005867823492735624, -0.00229283282533288, 0.0015873141819611192, -0.00035029478021897376], [0.0007311165682040155, 0.0009857434779405594, 0.0014307446544989944, -0.00010093316086567938, 0.00013637798838317394, 0.0035500226076692343, 0.003132895566523075, -0.00758070545271039, 0.016784505918622017, -0.008224262855947018, 0.0038276801351457834, -0.0002936001110356301, 0.001182961044833064], [0.0007967547862790525, 0.0014672819525003433, 0.0014448293950408697, 0.001788505120202899, 0.0005077443784102798, 0.0012231493601575494, -0.0031400432344526052, 0.005867823492735624, -0.008224262855947018, 0.018350891768932343, -0.004470379091799259, 0.002923092572018504, 0.0002632909163367003], [0.00030377108487300575, -3.147979896311881e-06, -0.0001744472683640197, 6.054944606148638e-05, 0.0017094244249165058, -0.0029784180223941803, 0.0026210409123450518, -0.00229283282533288, 0.0038276801351457834, -0.004470379091799259, 0.016491539776325226, -0.005159917287528515, 0.0012694374890998006], [0.0006620661588385701, 0.0006755541544407606, 0.00015531507960986346, 3.505895074340515e-05, -0.0015035795513540506, 0.0028270252514630556, -0.0019111370202153921, 0.0015873141819611192, -0.0002936001110356301, 0.002923092572018504, -0.005159917287528515, 0.018435701727867126, -0.005117509514093399], [0.0008541938150301576, 0.0009441876318305731, 0.00043155738967470825, -0.0008293104474432766, -3.9211408875416964e-05, -0.0011589976493269205, 0.0002866192371584475, -0.00035029478021897376, 0.001182961044833064, 0.0002632909163367003, 0.0012694374890998006, -0.005117509514093399, 0.01806005649268627]], "metadata.audio_properties.analysis.downmix": "mix", "metadata.audio_properties.codec": "mp3", "metadata.audio_properties.md5_encoded": "10b8a3e3755a0a51ab224be6ddcbc757", "metadata.tags.file_name": "1182278117243506838.mp3", "metadata.version.essentia": "2.1-beta6-dev", "metadata.version.essentia_git_sha": "v2.1_beta5-1110-g77a6a954", "metadata.version.extractor": "music 2.0", "tonal.chords_key": "Eb", "tonal.chords_sca