{"song_id": "1182279771233730570", "download": "https://cdn.discordapp.com/attachments/1128313332273782784/1182279771233730570/chirp.mp4?ex=65841ed7&amp", "lyrics": "\u0443\u0441\u0441\u0441\u0430\u0430\u0430\u0430\u0430\u0430\u043b \u0443\u0441\u0442\u0430\u043b\n\u043b\u044b \u043b\u044b \u043b\u044b \u043b\u044b \u0432\u043f\u0435\u0440\u0435\u0434\u0438 \u043a\u0443\u043b\u044b\n\u0442\u0430\u0449\u0438\u043b \u0438\u0448\u0430\u043a \u0441\u043e\u043b\u043e\u043c\u0438\u043d\u0443\u0443\u0443\u0443\n\u0430 \u043c\u043d\u0435 \u0431\u044b\u043b \u0434\u0435\u0441\u044f\u0442\u044c \u043b\u0435\u0442\n(chorus) \n\u0420\u0430\u043a\u0430 \u043a\u0443\u0441\u0442 \u043c\u043d\u0435 \u0442\u0435\u043f\u0435\u0440\u044c \n\u043a\u0430\u043a \u043f\u0442\u0438\u0446\u0435 turbo \u0444\u043b\u044f\u043d\u0435\u0446\n\u0442\u044b \u043d\u0430 \u0441\u0435\u0434\u0438\u043d\u0443 \u0432 \u0440\u0435\u0431\u0440\u0435 \u043d\u0435 \u0441\u043c\u043e\u0442\u0440\u0438! \n(verse) \n\u0443\u043b\u0435\u0442\u0430\u044e\u0442 \u0436\u0443\u0440\u0430\u0432\u043b\u0438\n\u0430 \u0441\u0438\u043d\u0438\u0446\u0430 \u0441\u0434\u043e\u0445\u043b\u0430 \u0432 \u0441\u0438\u043d\u0435\u0432\u0435", "style": ["random"], "essentia_features": {"lowlevel.average_loudness": 0.9576516151428223, "lowlevel.barkbands_crest.mean": 10.209896087646484, "lowlevel.barkbands_crest.stdev": 4.139802932739258, "lowlevel.barkbands_flatness_db.mean": 0.1376260221004486, "lowlevel.barkbands_flatness_db.stdev": 0.048095762729644775, "lowlevel.barkbands_kurtosis.mean": 7.314550399780273, "lowlevel.barkbands_kurtosis.stdev": 11.719545364379883, "lowlevel.barkbands_skewness.mean": 2.1856088638305664, "lowlevel.barkbands_skewness.stdev": 1.412402868270874, "lowlevel.barkbands_spread.mean": 20.751874923706055, "lowlevel.barkbands_spread.stdev": 11.24122142791748, "lowlevel.dissonance.mean": 0.47467276453971863, "lowlevel.dissonance.stdev": 0.021207524463534355, "lowlevel.dynamic_complexity": 2.4117720127105713, "lowlevel.erbbands_crest.mean": 8.953364372253418, "lowlevel.erbbands_crest.stdev": 4.9667744636535645, "lowlevel.erbbands_flatness_db.mean": 0.13801346719264984, "lowlevel.erbbands_flatness_db.stdev": 0.04696638509631157, "lowlevel.erbbands_kurtosis.mean": -0.1797226369380951, "lowlevel.erbbands_kurtosis.stdev": 1.5446991920471191, "lowlevel.erbbands_skewness.mean": 0.1696012169122696, "lowlevel.erbbands_skewness.stdev": 0.7576875686645508, "lowlevel.erbbands_spread.mean": 53.549556732177734, "lowlevel.erbbands_spread.stdev": 26.401521682739258, "lowlevel.hfc.mean": 19.225221633911133, "lowlevel.hfc.stdev": 12.941936492919922, "lowlevel.loudness_ebu128.integrated": -14.39073371887207, "lowlevel.loudness_ebu128.loudness_range": 2.501026153564453, "lowlevel.loudness_ebu128.momentary.mean": -15.049854278564453, "lowlevel.loudness_ebu128.momentary.stdev": 2.9087600708007812, "lowlevel.loudness_ebu128.short_term.mean": -14.624993324279785, "lowlevel.loudness_ebu128.short_term.stdev": 1.126107096672058, "lowlevel.melbands_crest.mean": 14.846243858337402, "lowlevel.melbands_crest.stdev": 5.2222676277160645, "lowlevel.melbands_flatness_db.mean": 0.2156362235546112, "lowlevel.melbands_flatness_db.stdev": 0.0584767609834671, "lowlevel.melbands_kurtosis.mean": 27.071813583374023, "lowlevel.melbands_kurtosis.stdev": 34.42323684692383, "lowlevel.melbands_skewness.mean": 3.873857259750366, "lowlevel.melbands_skewness.stdev": 2.3036303520202637, "lowlevel.melbands_spread.mean": 17.757232666015625, "lowlevel.melbands_spread.stdev": 13.393235206604004, "lowlevel.pitch_salience.mean": 0.5885302424430847, "lowlevel.pitch_salience.stdev": 0.12003868073225021, "lowlevel.silence_rate_20dB.mean": 1.0, "lowlevel.silence_rate_20dB.stdev": 0.0, "lowlevel.silence_rate_30dB.mean": 0.9327731132507324, "lowlevel.silence_rate_30dB.stdev": 0.2504124343395233, "lowlevel.silence_rate_60dB.mean": 0.04021608829498291, "lowlevel.silence_rate_60dB.stdev": 0.1964658498764038, "lowlevel.spectral_centroid.mean": 1225.394287109375, "lowlevel.spectral_centroid.stdev": 558.07568359375, "lowlevel.spectral_complexity.mean": 19.65426254272461, "lowlevel.spectral_complexity.stdev": 10.09743595123291, "lowlevel.spectral_decrease.mean": -9.893342145517181e-09, "lowlevel.spectral_decrease.stdev": 9.801219391647464e-09, "lowlevel.spectral_energy.mean": 0.03908355161547661, "lowlevel.spectral_energy.stdev": 0.037579264491796494, "lowlevel.spectral_energyband_high.mean": 0.0007981237722560763, "lowlevel.spectral_energyband_high.stdev": 0.0009170303819701076, "lowlevel.spectral_energyband_low.mean": 0.02055998332798481, "lowlevel.spectral_energyband_low.stdev": 0.035425685346126556, "lowlevel.spectral_energyband_middle_high.mean": 0.003715172875672579, "lowlevel.spectral_energyband_middle_high.stdev": 0.003307458246126771, "lowlevel.spectral_energyband_middle_low.mean": 0.01636320911347866, "lowlevel.spectral_energyband_middle_low.stdev": 0.01290249451994896, "lowlevel.spectral_entropy.mean": 7.6536149978637695, "lowlevel.spectral_entropy.stdev": 0.34670907258987427, "lowlevel.spectral_flux.mean": 0.09788709133863449, "lowlevel.spectral_flux.stdev": 0.07822588086128235, "lowlevel.spectral_kurtosis.mean": 3.55521559715271, "lowlevel.spectral_kurtosis.stdev": 2.244333267211914, "lowlevel.spectral_rms.mean": 0.005676921457052231, "lowlevel.spectral_rms.stdev": 0.002429584041237831, "lowlevel.spectral_rolloff.mean": 1030.927978515625, "lowlevel.spectral_rolloff.stdev": 1251.797607421875, "lowlevel.spectral_skewness.mean": 1.338242769241333, "lowlevel.spectral_skewness.stdev": 0.39326605200767517, "lowlevel.spectral_spread.mean": 4654635.5, "lowlevel.spectral_spread.stdev": 1570225.5, "lowlevel.spectral_strongpeak.mean": 0.7174601554870605, "lowlevel.spectral_strongpeak.stdev": 0.8594462275505066, "lowlevel.zerocrossingrate.mean": 0.053971197456121445, "lowlevel.zerocrossingrate.stdev": 0.04252038151025772, "metadata.audio_properties.analysis.equal_loudness": 0.0, "metadata.audio_properties.analysis.length": 38.65494155883789, "metadata.audio_properties.analysis.sample_rate": 44100.0, "metadata.audio_properties.analysis.start_time": 0.0, "metadata.audio_properties.bit_rate": 119261.0, "metadata.audio_properties.length": 38.65599822998047, "metadata.audio_properties.lossless": 0.0, "metadata.audio_properties.number_channels": 1.0, "metadata.audio_properties.replay_gain": -11.768312454223633, "metadata.audio_properties.sample_rate": 48000.0, "rhythm.beats_count": 80.0, "rhythm.beats_loudness.mean": 0.06371931731700897, "rhythm.beats_loudness.stdev": 0.032796427607536316, "rhythm.bpm": 125.8258056640625, "rhythm.bpm_histogram_first_peak_bpm": 126.0, "rhythm.bpm_histogram_first_peak_weight": 0.23376625776290894, "rhythm.bpm_histogram_second_peak_bpm": 115.0, "rhythm.bpm_histogram_second_peak_spread": 0.0, "rhythm.bpm_histogram_second_peak_weight": 0.025316456332802773, "rhythm.danceability": 1.0679932832717896, "rhythm.onset_rate": 3.258100748062134, "tonal.chords_changes_rate": 0.053956832736730576, "tonal.chords_number_rate": 0.013189448043704033, "tonal.chords_strength.mean": 0.5603874325752258, "tonal.chords_strength.stdev": 0.08832812309265137, "tonal.hpcp_crest.mean": 11.843461990356445, "tonal.hpcp_crest.stdev": 6.339319229125977, "tonal.hpcp_entropy.mean": 2.318228244781494, "tonal.hpcp_entropy.stdev": 0.8162349462509155, "tonal.key_edma.strength": 0.7154626250267029, "tonal.key_krumhansl.strength": 0.7150221467018127, "tonal.key_temperley.strength": 0.7119122743606567, "tonal.tuning_diatonic_strength": 0.5782262682914734, "tonal.tuning_equal_tempered_deviation": 0.21796609461307526, "tonal.tuning_frequency": 434.193115234375, "tonal.tuning_nontempered_energy_ratio": 0.9389907121658325, "lowlevel.barkbands.mean": [0.0007526297704316676, 0.012081874534487724, 0.005469252355396748, 0.00475035747513175, 0.0049155051819980145, 0.0007997508510015905, 0.0023882719688117504, 0.0020619910210371017, 0.001245200983248651, 0.0005720455083064735, 0.00021710289001930505, 0.00020194429089315236, 0.00027878754190169275, 0.0003013318928424269, 0.0005181946326047182, 0.0006267502903938293, 0.00045802630484104156, 0.00020827417029067874, 0.000310509029077366, 0.00025237430236302316, 0.00018740729137789458, 0.00016537128249183297, 0.0001311029336648062, 0.00010491954162716866, 5.866540232091211e-05, 2.4015198505367152e-05, 1.953476157723344e-06], "lowlevel.barkbands.stdev": [0.0017138958210125566, 0.03010942041873932, 0.0068240659311413765, 0.004199774004518986, 0.007275733165442944, 0.0011833221651613712, 0.005474442150443792, 0.0045595900155603886, 0.0027837378438562155, 0.0016244000289589167, 0.00042262012721039355, 0.0004947431152686477, 0.0006014168611727655, 0.0004521541704889387, 0.0009543806663714349, 0.0012494362890720367, 0.0005243026535026729, 0.0002411406603641808, 0.00028399506118148565, 0.0002761974174063653, 0.0002650383103173226, 0.00023726526706013829, 0.00017523231508675963, 0.00017071628826670349, 0.00010601292888168246, 3.768338865484111e-05, 3.841888883471256e-06], "lowlevel.erbbands.mean": [0.38578879833221436, 2.5425193309783936, 5.681819438934326, 12.43906021118164, 16.625732421875, 17.57257080078125, 8.794365882873535, 6.95792818069458, 18.11212921142578, 62.39881896972656, 33.9891242980957, 26.83474349975586, 23.829587936401367, 14.32029914855957, 8.782434463500977, 8.443181037902832, 12.098684310913086, 14.946722984313965, 24.39396858215332, 28.127256393432617, 35.916141510009766, 25.53446388244629, 12.02571964263916, 16.282629013061523, 13.412200927734375, 11.723176956176758, 8.881157875061035, 6.682278156280518, 6.227585315704346, 4.988539695739746, 3.3834097385406494, 2.5027124881744385, 1.5310555696487427, 0.8490305542945862, 0.2807867228984833, 0.091954305768013, 0.04883961006999016, 0.010597558692097664, 0.00024656057939864695, 5.196274651098065e-05], "lowlevel.erbbands.stdev": [1.0196971893310547, 6.364860534667969, 8.564952850341797, 9.646714210510254, 21.60256004333496, 24.332054138183594, 12.44880485534668, 10.545186042785645, 52.792022705078125, 141.29234313964844, 69.38251495361328, 57.50348663330078, 64.98483276367188, 38.26753234863281, 15.882015228271484, 19.460336685180664, 23.4255313873291, 24.91046714782715, 41.6444206237793, 63.539798736572266, 54.323211669921875, 28.55774688720703, 13.577385902404785, 15.412909507751465, 12.475638389587402, 12.95012092590332, 11.305642127990723, 10.477619171142578, 8.863362312316895, 6.848213195800781, 4.79997444152832, 4.304881572723389, 2.4316256046295166, 1.5000141859054565, 0.5338146090507507, 0.16574698686599731, 0.07976341992616653, 0.017540540546178818, 0.0003717474464792758, 4.34237445006147e-05], "lowlevel.gfcc.mean": [10.069849014282227, 88.2164535522461, -103.00225830078125, 50.324344635009766, -52.083251953125, 10.05505657196045, -38.297115325927734, 11.842511177062988, -19.491655349731445, -0.7636047005653381, -23.31011390686035, -6.1479926109313965, -16.554645538330078], "lowlevel.melbands.mean": [0.0034165936522185802, 0.003162275068461895, 0.002302301349118352, 0.0012133092386648059, 0.0004189755709376186, 0.00015871445066295564, 0.00032288464717566967, 0.0006530485698021948, 0.00024421143461950123, 0.00016972830053418875, 0.000117272931674961, 5.914410940022208e-05, 2.9549315513577312e-05, 2.355324431846384e-05, 2.165717705793213e-05, 2.9618273401865736e-05, 2.6635736503521912e-05, 3.814615774899721e-05, 3.6112276575295255e-05, 3.971941623603925e-05, 4.281583096599206e-05, 2.8993639716645703e-05, 1.4056085092306603e-05, 9.039590622705873e-06, 1.3985344594402704e-05, 1.0263105650665238e-05, 9.239477549272124e-06, 7.4033446253451984e-06, 6.004695933370385e-06, 4.319854724599281e-06, 3.662255039671436e-06, 3.645166316346149e-06, 2.9351399462029804e-06, 2.751585725491168e-06, 2.005649776037899e-06, 1.56424289343704e-06, 1.5595750255670282e-06, 1.1510550166349276e-06, 9.436636219106731e-07, 6.13612655797624e-07], "lowlevel.melbands.stdev": [0.008680775761604309, 0.005440657027065754, 0.0016868909588083625, 0.001757261692546308, 0.0005230592214502394, 0.00024262508668471128, 0.0008266651420854032, 0.0014491790207102895, 0.0005057553062215447, 0.0003890897205565125, 0.00032803654903545976, 0.00016663466522004455, 5.301820419845171e-05, 6.437310366891325e-05, 4.857715975958854e-05, 6.192200089571998e-05, 4.507283665589057e-05, 6.724478589603677e-05, 7.007635576883331e-05, 9.60128745646216e-05, 6.285682320594788e-05, 3.444173853495158e-05, 1.928472556755878e-05, 1.0548628779361024e-05, 1.3661767297890037e-05, 1.0063201443699654e-05, 9.295563359046355e-06, 9.001490980153903e-06, 7.969325451995246e-06, 6.075608325772919e-06, 6.024674803484231e-06, 5.294096808938775e-06, 4.445793820195831e-06, 3.7288225485099247e-06, 2.8409426704456564e-06, 2.7251853680354543e-06, 2.816981123032747e-06, 1.8880053858083556e-06, 1.6170312164831557e-06, 1.1399649793020217e-06], "lowlevel.melbands128.mean": [0.000646174477878958, 0.0030390217434614897, 0.004671181086450815, 0.004024398513138294, 0.002804795978590846, 0.002852060366421938, 0.0025357413105666637, 0.0023824074305593967, 0.0015986115904524922, 0.0011428053257986903, 0.0010202375706285238, 0.0006373249925673008, 0.00022406673815567046, 0.0001975362392840907, 0.00014385637769009918, 0.00012504948244895786, 0.00022239101235754788, 0.00026866025291383266, 0.0005000540986657143, 0.0009702769457362592, 0.0005489175673574209, 0.00027943807072006166, 0.00022137686028145254, 0.00018558002193458378, 0.00015892226656433195, 0.00017030545859597623, 0.00017996117821894586, 0.00010122487583430484, 7.915626338217407e-05, 7.132858445402235e-05, 5.30468241777271e-05, 3.1094536097953096e-05, 3.046034362341743e-05, 2.5889567041303962e-05, 2.3335820515058003e-05, 2.494293403287884e-05, 2.008142473641783e-05, 1.9876406440744177e-05, 2.271112498419825e-05, 2.7984702683170326e-05, 3.131690391455777e-05, 3.336689405841753e-05, 2.2074244043324143e-05, 2.6034442271338776e-05, 3.137762541882694e-05, 4.28317507612519e-05, 4.438678297447041e-05, 3.1618426874047145e-05, 3.337732414365746e-05, 4.265247116563842e-05, 3.7400466680992395e-05, 4.002746209152974e-05, 4.90201564389281e-05, 4.009181066066958e-05, 3.770951661863364e-05, 2.9334323699004017e-05, 2.1532860046136193e-05, 1.5823332432773896e-05, 1.208120465889806e-05, 8.306048584927339e-06, 8.003182301763445e-06, 9.759157364896964e-06, 1.337647972832201e-05, 1.7024109183694236e-05, 1.1902649930561893e-05, 1.0192906302108895e-05, 8.70388339535566e-06, 9.116723049373832e-06, 1.0336111699871253e-05, 8.279633220809046e-06, 7.074927907524398e-06, 7.222377462312579e-06, 6.537635726999724e-06, 6.361591658787802e-06, 4.4991884351475164e-06, 4.248634013492847e-06, 4.5069705265632365e-06, 3.690111043397337e-06, 3.566316081560217e-06, 3.4151285035477486e-06, 3.820235633611446e-06, 3.790286200455739e-06, 3.260979838159983e-06, 2.7796563699666876e-06, 2.6376092137070373e-06, 3.017298695340287e-06, 2.6967607027472695e-06, 2.428083462291397e-06, 1.8779242054733913e-06, 1.8700252439884935e-06, 1.6042514516811934e-06, 1.4789853821639554e-06, 1.4622891058024834e-06, 1.5597022411384387e-06, 1.6086638652268448e-06, 1.5977702787495218e-06, 9.075566822502878e-07, 6.9940500679877e-07, 1.040712277244893e-06, 1.0818772580023506e-06, 7.428287176480808e-07, 5.474639124258829e-07, 4.0174955984184635e-07, 4.235629376125871e-07, 2.587030394352041e-07, 2.3869608867244096e-07, 2.773977598735655e-07, 1.8596969653117412e-07, 1.2150540840139001e-07, 1.0888809498510454e-07, 1.2145025607424031e-07, 1.4934806813471369e-07, 1.8323319750379596e-07, 1.740402950645148e-07, 1.344379967349596e-07, 1.3373733054322656e-07, 8.089136827038601e-08, 7.215280373173982e-09, 6.721356110572785e-12, 6.4292338813887184e-12, 6.240878473728895e-12, 6.084656650057196e-12, 5.929683393607332e-12, 5.779975022907058e-12, 5.534067128165621e-12, 5.210772785479989e-12, 5.03704543353134e-12, 4.990779057384431e-12], "lowlevel.melbands128.stdev": [0.0015964547637850046, 0.0083671435713768, 0.012804367579519749, 0.010184640996158123, 0.005488149356096983, 0.0032407832331955433, 0.002187448088079691, 0.0022660614922642708, 0.0025992877781391144, 0.002505551092326641, 0.001408943673595786, 0.000895993085578084, 0.0004975033807568252, 0.00031440096790902317, 0.0002834095503203571, 0.0002918009995482862, 0.0008048955351114273, 0.00121257861610502, 0.001367024378851056, 0.002500042784959078, 0.0014962409622967243, 0.0008124246378429234, 0.0006193798035383224, 0.0005499229300767183, 0.00044654536759480834, 0.0005633131950162351, 0.0006767418817616999, 0.0003871148801408708, 0.0003057030262425542, 0.0002516857930459082, 0.0001919168425956741, 8.1135549407918e-05, 5.862190664629452e-05, 5.6330300139961764e-05, 8.563746087020263e-05, 9.016584954224527e-05, 4.907783295493573e-05, 6.047416536603123e-05, 6.170685082906857e-05, 6.958779704291373e-05, 7.971448212629184e-05, 0.00010859245230676606, 5.1026290748268366e-05, 4.6375691454159096e-05, 6.030759686836973e-05, 0.00010040293273050338, 0.00010796634160215035, 7.653078500879928e-05, 9.177970059681684e-05, 0.00015228417760226876, 0.00012124811473768204, 8.526568853994831e-05, 9.03964537428692e-05, 7.465344970114529e-05, 5.424702976597473e-05, 4.4638167310040444e-05, 3.3390402677468956e-05, 2.6138895918847993e-05, 2.0605973986675963e-05, 1.1167490811203606e-05, 1.1966386409767438e-05, 1.276172770303674e-05, 1.5157013876887504e-05, 1.877498289104551e-05, 1.4724198081239592e-05, 1.2064412658219226e-05, 1.0311892765457742e-05, 1.0996346645697486e-05, 1.178141337732086e-05, 9.943017175828572e-06, 1.0306964213668834e-05, 1.104711463995045e-05, 9.808482900552917e-06, 9.740669156599324e-06, 6.627441507589538e-06, 6.183021014294354e-06, 7.798993465257809e-06, 8.332506695296615e-06, 6.299001142906491e-06, 5.742443590861512e-06, 6.348690021695802e-06, 5.790657723991899e-06, 5.248848083283519e-06, 4.892136530543212e-06, 4.860883109358838e-06, 4.6292248043755535e-06, 3.8520006455655675e-06, 3.512702051011729e-06, 2.89389276986185e-06, 3.174230187141802e-06, 3.08827748085605e-06, 2.916252469731262e-06, 2.87061084236484e-06, 3.1468957786273677e-06, 3.1224913072946947e-06, 2.9178306704125134e-06, 1.5892502460701508e-06, 1.2682892247539712e-06, 1.8266194956595427e-06, 2.1704317987314425e-06, 1.5188292081802501e-06, 1.0993315981977503e-06, 8.18374701339053e-07, 9.40405584515247e-07, 5.739918833569391e-07, 5.745001772083924e-07, 5.976256147732784e-07, 3.9077281144273e-07, 2.7970583005298977e-07, 2.394262992311269e-07, 2.6643846240403946e-07, 2.8561862563947216e-07, 3.2851085052243434e-07, 3.117377787020814e-07, 2.509215448753821e-07, 2.3757560541071143e-07, 1.5581780132833956e-07, 1.5135304565205843e-08, 2.7666769916723233e-11, 2.6401601391223828e-11, 2.5147797039215547e-11, 2.37837249894568e-11, 2.259356243761168e-11, 2.0614499690596588e-11, 1.5656094476401705e-11, 9.8889672492386e-12, 8.58218791172094e-12, 8.500499783237192e-12], "lowlevel.mfcc.mean": [-632.9766845703125, 111.76431274414062, 10.585769653320312, 39.19342803955078, 11.800217628479004, 4.825474739074707, -3.124082326889038, 5.486886024475098, 4.406672477722168, 6.514794826507568, -0.4511728584766388, -2.3022379875183105, -1.8375580310821533], "lowlevel.spectral_contrast_coeffs.mean": [-0.6965858340263367, -0.7609357237815857, -0.800048291683197, -0.7994375824928284, -0.8033313751220703, -0.7390051484107971], "lowlevel.spectral_contrast_coeffs.stdev": [0.0636201724410057, 0.08546264469623566, 0.060136668384075165, 0.05743924155831337, 0.032061804085969925, 0.03917607292532921], "lowlevel.spectral_contrast_valleys.mean": [-6.323625087738037, -6.678243160247803, -7.4861884117126465, -7.490402698516846, -7.247361660003662, -10.26159954071045], "lowlevel.spectral_contrast_valleys.stdev": [1.2574141025543213, 1.0557078123092651, 1.0100212097167969, 0.9907684922218323, 0.9686175584793091, 1.010079264640808], "rhythm.beats_loudness_band_ratio.mean": [0.6133824586868286, 0.17389443516731262, 0.16180206835269928, 0.037106987088918686, 0.05667895823717117, 0.04526841640472412], "rhythm.beats_loudness_band_ratio.stdev": [0.25140640139579773, 0.1597248911857605, 0.16438303887844086, 0.038357481360435486, 0.05110425502061844, 0.04813716933131218], "tonal.hpcp.mean": [0.0969594344496727, 0.0814555361866951, 0.05237983167171478, 0.04835084080696106, 0.046032678335905075, 0.09039127081632614, 0.34739401936531067, 0.4602833390235901, 0.237153559923172, 0.1481642723083496, 0.13115447759628296, 0.07074248045682907, 0.05720993131399155, 0.053539834916591644, 0.05317426472902298, 0.07784935086965561, 0.09732979536056519, 0.07060184329748154, 0.050218284130096436, 0.05358690023422241, 0.09013203531503677, 0.36738714575767517, 0.4663105607032776, 0.21176838874816895, 0.08099453151226044, 0.05267864465713501, 0.04252917319536209, 0.05696086585521698, 0.06589685380458832, 0.05623640492558479, 0.07347893714904785, 0.08817838132381439, 0.09641684591770172, 0.12452340871095657, 0.09447028487920761, 0.06653647124767303], "tonal.hpcp.stdev": [0.2344726026058197, 0.2066059708595276, 0.13870669901371002, 0.14075377583503723, 0.12408655881881714, 0.17241986095905304, 0.3150155246257782, 0.38069668412208557, 0.2672410309314728, 0.2844160199165344, 0.27833643555641174, 0.16172169148921967, 0.14309529960155487, 0.13779963552951813, 0.11324608325958252, 0.14895981550216675, 0.2130429744720459, 0.15275581181049347, 0.12494418025016785, 0.12908858060836792, 0.16591568291187286, 0.3512464463710785, 0.41974055767059326, 0.25201472640037537, 0.17004331946372986, 0.13593339920043945, 0.11070368438959122, 0.13782668113708496, 0.14655569195747375, 0.13510668277740479, 0.168067067861557, 0.1876092404127121, 0.19717691838741302, 0.19720111787319183, 0.13774244487285614, 0.149534672498703], "rhythm.beats_position": [0.5108389854431152, 1.0332880020141602, 1.5557368993759155, 2.043355941772461, 2.530975103378296, 3.006983995437622, 3.4829931259155273, 3.9590022563934326, 4.435011386871338, 4.911020278930664, 5.38702917098999, 5.874648571014404, 6.339047431945801, 6.815056800842285, 7.291065692901611, 7.778684616088867, 8.254693984985352, 8.73070240020752, 9.206711769104004, 9.682721138000488, 10.158729553222656, 10.63473892211914, 11.110748291015625, 11.586756706237793, 12.074376106262207, 12.538775444030762, 13.003174781799316, 13.490793228149414, 13.966802597045898, 14.442811965942383, 14.91882038116455, 15.394829750061035, 15.88244915008545, 16.358457565307617, 16.8344669342041, 17.310476303100586, 17.78648567199707, 18.262493133544922, 18.738502502441406, 19.21451187133789, 19.690521240234375, 20.16653060913086, 20.642539978027344, 21.118547439575195, 21.59455680847168, 22.070566177368164, 22.54657554626465, 23.022584915161133, 23.498594284057617, 23.962993621826172, 24.450611114501953, 24.938230514526367, 25.41423988342285, 25.890249252319336, 26.35464859008789, 26.830657958984375, 27.306665420532227, 27.78267478942871, 28.258684158325195, 28.74630355834961, 29.222312927246094, 29.698322296142578, 30.17432975769043, 30.650339126586914, 31.137958526611328, 31.613967895507812, 32.0899772644043, 32.56598663330078, 33.041996002197266, 33.51800537109375, 33.994014739990234, 34.47002029418945, 34.94602966308594, 35.42203903198242, 35.898048400878906, 36.37405776977539, 36.850067138671875, 37.3144645690918, 37.802085876464844, 38.27809524536133], "rhythm.bpm_histogram": [0.0, 0.0, 0.0, 0.0, 0.0, 0.0, 0.0, 0.0, 0.0, 0.0, 0.0, 0.0, 0.0, 0.0, 0.0, 0.0, 0.0, 0.0, 0.0, 0.0, 0.0, 0.0, 0.0, 0.0, 0.0, 0.0, 0.0, 0.0, 0.0, 0.0, 0.0, 0.0, 0.0, 0.0, 0.0, 0.0, 0.0, 0.0, 0.0, 0.0, 0.0, 0.0, 0.0, 0.0, 0.0, 0.0, 0.0, 0.0, 0.0, 0.0, 0.0, 0.0, 0.0, 0.0, 0.0, 0.0, 0.0, 0.0, 0.0, 0.0, 0.0, 0.0, 0.0, 0.0, 0.0, 0.0, 0.0, 0.0, 0.0, 0.0, 0.0, 0.0, 0.0, 0.0, 0.0, 0.0, 0.0, 0.0, 0.0, 0.0, 0.0, 0.0, 0.0, 0.0, 0.0, 0.0, 0.0, 0.0, 0.0, 0.0, 0.0, 0.0, 0.0, 0.0, 0.0, 0.0, 0.0, 0.0, 0.0, 0.0, 0.0, 0.0, 0.0, 0.0, 0.0, 0.0, 0.0, 0.0, 0.0, 0.0, 0.0, 0.0, 0.0, 0.0, 0.0, 0.025316456332802773, 0.0, 0.0, 0.0, 0.0, 0.0, 0.0, 0.0, 0.15189872682094574, 0.0, 0.0, 0.746835470199585, 0.0, 0.0, 0.07594936341047287, 0.0, 0.0, 0.0, 0.0, 0.0, 0.0, 0.0, 0.0, 0.0, 0.0, 0.0, 0.0, 0.0, 0.0, 0.0, 0.0, 0.0, 0.0, 0.0, 0.0, 0.0, 0.0, 0.0, 0.0, 0.0, 0.0, 0.0, 0.0, 0.0, 0.0, 0.0, 0.0, 0.0, 0.0, 0.0, 0.0, 0.0, 0.0, 0.0, 0.0, 0.0, 0.0, 0.0, 0.0, 0.0, 0.0, 0.0, 0.0, 0.0, 0.0, 0.0, 0.0, 0.0, 0.0, 0.0, 0.0, 0.0, 0.0, 0.0, 0.0, 0.0, 0.0, 0.0, 0.0, 0.0, 0.0, 0.0, 0.0, 0.0, 0.0, 0.0, 0.0, 0.0, 0.0, 0.0, 0.0, 0.0, 0.0, 0.0, 0.0, 0.0, 0.0, 0.0, 0.0, 0.0, 0.0, 0.0, 0.0, 0.0, 0.0, 0.0, 0.0, 0.0, 0.0, 0.0, 0.0, 0.0, 0.0, 0.0, 0.0, 0.0, 0.0, 0.0, 0.0, 0.0, 0.0, 0.0, 0.0, 0.0, 0.0, 0.0, 0.0, 0.0, 0.0, 0.0, 0.0, 0.0, 0.0, 0.0, 0.0], "tonal.chords_histogram": [22.062349319458008, 4.436450958251953, 3.836930513381958, 1.918465256690979, 0.0, 5.515587329864502, 4.916067123413086, 39.08872985839844, 0.0, 7.314148902893066, 0.0, 0.0, 0.0, 0.0, 0.0, 0.11990407854318619, 3.5971221923828125, 0.0, 0.0, 0.0, 0.35971224308013916, 0.0, 1.0791367292404175, 5.755395889282227], "tonal.thpcp": [1.0, 0.4541359543800354, 0.1736922562122345, 0.11296901851892471, 0.09120354056358337, 0.12215220928192139, 0.14131538569927216, 0.12059860676527023, 0.1575751155614853, 0.18909797072410583, 0.2067653089761734, 0.2670396566390991, 0.2025909125804901, 0.14268703758716583, 0.2079288810491562, 0.17468087375164032, 0.11232820898294449, 0.1036880686879158, 0.09871678054332733, 0.19384349882602692, 0.7449842691421509, 0.9870746731758118, 0.5085743069648743, 0.317737340927124, 0.2812599241733551, 0.15170679986476898, 0.12268632650375366, 0.11481583118438721, 0.11403186619281769, 0.16694743931293488, 0.20872312784194946, 0.1514052003622055, 0.10769278556108475, 0.11491676419973373, 0.19328756630420685, 0.7878593802452087], "lowlevel.gfcc.cov": [[7957.1923828125, 424.637451171875, 625.8553466796875, 513.8016967773438, 325.92376708984375, 216.7251434326172, -93.35588073730469, 98.93924713134766, -55.25217819213867, 64.27288055419922, -390.1245422363281, 24.29429054260254, -171.85272216796875], [424.637451171875, 809.554443359375, -75.97285461425781, -109.35092163085938, 183.0539093017578, -89.85799407958984, 92.90542602539062, 44.09225845336914, 77.89212036132812, -47.11174774169922, 27.480478286743164, -15.084057807922363, 12.711874961853027], [625.8553466796875, -75.97285461425781, 795.1484985351562, 272.44390869140625, 216.98873901367188, 94.73554992675781, -8.440264701843262, -25.578462600708008, -140.154052734375, -26.969242095947266, -92.46830749511719, 115.44843292236328, -34.257667541503906], [513.8016967773438, -109.35092163085938, 272.44390869140625, 368.0977478027344, 113.370361328125, 32.517032623291016, -46.19821548461914, -26.5281925201416, -18.796520233154297, 17.87949562072754, -40.39955520629883, 10.660442352294922, 34.40058135986328], [325.92376708984375, 183.0539093017578, 216.98873901367188, 113.370361328125, 328.4144287109375, 38.22394561767578, 3.626081943511963, 18.18999671936035, 13.64784049987793, 0.357896089553833, -47.51850891113281, 42.912105560302734, 18.229171752929688], [216.7251434326172, -89.85799407958984, 94.73554992675781, 32.517032623291016, 38.22394561767578, 146.00677490234375, 66.917236328125, 12.369817733764648, -45.655723571777344, -12.36962890625, -16.343385696411133, 7.51264762878418, -8.059927940368652], [-93.35588073730469, 92.90542602539062, -8.440264701843262, -46.19821548461914, 3.626081943511963, 66.917236328125, 229.50115966796875, 55.09648895263672, -32.42421340942383, -19.8485107421875, 33.8775749206543, 17.50614356994629, -15.049433708190918], [98.93924713134766, 44.09225845336914, -25.578462600708008, -26.5281925201416, 18.18999671936035, 12.369817733764648, 55.09648895263672, 108.8676528930664, 48.108455657958984, 12.927308082580566, 5.701420783996582, -14.82345199584961, -1.4609524011611938], [-55.25217819213867, 77.89212036132812, -140.154052734375, -18.796520233154297, 13.64784049987793, -45.655723571777344, -32.42421340942383, 48.108455657958984, 166.5296173095703, 70.71167755126953, 23.620023727416992, -48.229827880859375, 8.200811386108398], [64.27288055419922, -47.11174774169922, -26.969242095947266, 17.87949562072754, 0.357896089553833, -12.36962890625, -19.8485107421875, 12.927308082580566, 70.71167755126953, 112.25028991699219, 28.270795822143555, -8.9056978225708, -10.800116539001465], [-390.1245422363281, 27.480478286743164, -92.46830749511719, -40.39955520629883, -47.51850891113281, -16.343385696411133, 33.8775749206543, 5.701420783996582, 23.620023727416992, 28.270795822143555, 118.66763305664062, 20.017860412597656, 19.889057159423828], [24.29429054260254, -15.084057807922363, 115.44843292236328, 10.660442352294922, 42.912105560302734, 7.51264762878418, 17.50614356994629, -14.82345199584961, -48.229827880859375, -8.9056978225708, 20.017860412597656, 97.95325469970703, 21.375389099121094], [-171.85272216796875, 12.711874961853027, -34.257667541503906, 34.40058135986328, 18.229171752929688, -8.059927940368652, -15.049433708190918, -1.4609524011611938, 8.200811386108398, -10.800116539001465, 19.889057159423828, 21.375389099121094, 85.33480072021484]], "lowlevel.gfcc.icov": [[0.0002842645044438541, -0.0005966392927803099, 0.000272902863798663, -0.0007029566913843155, 0.00048826870624907315, -0.0008887494914233685, 0.0006002623122185469, -0.0006600228371098638, 0.00029745729989372194, -0.0006216366891749203, 0.0011061560362577438, -0.0010858462192118168, 0.0008675167337059975], [-0.0005966392927803099, 0.0037815875839442015, -0.0008832099847495556, 0.0024749934673309326, -0.0031714015640318394, 0.004251095931977034, -0.002913412172347307, 0.002014185069128871, -0.001737966202199459, 0.003092291299253702, -0.0033279513008892536, 0.003971580415964127, -0.0021782969124615192], [0.000272902863798663, -0.0008832099847495556, 0.0036357662174850702, -0.002872772980481386, -0.000219132358324714, -0.0018986101495102048, 0.0014981637941673398, -0.0017345374217256904, 0.00192340521607548, -0.0007336935959756374, 0.002236850094050169, -0.004875889513641596, 0.0038231343496590853], [-0.0007029566913843155, 0.0024749934673309326, -0.002872772980481386, 0.007047106046229601, -0.002605611924082041, 0.0030081174336373806, -0.0021126330830156803, 0.003139384090900421, -0.0009192418656311929, 0.0004729155043605715, -0.00290332967415452, 0.006440692115575075, -0.006045033223927021], [0.00048826870624907315, -0.0031714015640318394, -0.000219132358324714, -0.002605611924082041, 0.007333151530474424, -0.004311090800911188, 0.0019934691954404116, -0.0018220794154331088, -0.0011499831452965736, -0.0019656952936202288, 0.004608161747455597, -0.005469555500894785, 0.0009225961985066533], [-0.0008887494914233685, 0.004251095931977034, -0.0018986101495102048, 0.0030081174336373806, -0.004311090800911188, 0.01459630485624075, -0.006163625977933407, 0.0020196004770696163, 0.0008871865575201809, 0.002222368959337473, -0.00368256913498044, 0.007204506080597639, -0.003901130985468626], [0.0006002623122185469, -0.002913412172347307, 0.0014981637941673398, -0.0021126330830156803, 0.0019934691954404116, -0.006163625977933407, 0.009501822292804718, -0.0058243609964847565, 0.0031859262380748987, -0.001256641000509262, 0.00034661474637687206, -0.00466532725840807, 0.004286546725779772], [-0.0006600228371098638, 0.002014185069128871, -0.0017345374217256904, 0.003139384090900421, -0.0018220794154331088, 0.0020196004770696163, -0.0058243609964847565, 0.015577049925923347, -0.0064359186217188835, 0.002242587972432375, -0.0018593794666230679, 0.0044054738245904446, -0.0035394616425037384], [0.00029745729989372194, -0.001737966202199459, 0.00192340521607548, -0.0009192418656311929, -0.0011499831452965736, 0.0008871865575201809, 0.0031859262380748987, -0.0064359186217188835, 0.01609121635556221, -0.008818939328193665, 4.1877428884617984e-05, 0.0036735781468451023, -0.0008106946479529142], [-0.0006216366891749203, 0.003092291299253702, -0.0007336935959756374, 0.0004729155043605715, -0.0019656952936202288, 0.002222368959337473, -0.001256641000509262, 0.002242587972432375, -0.008818939328193665, 0.01755223236978054, -0.0063832784071564674, 0.0006813791114836931, 0.002634903881698847], [0.0011061560362577438, -0.0033279513008892536, 0.002236850094050169, -0.00290332967415452, 0.004608161747455597, -0.00368256913498044, 0.00034661474637687206, -0.0018593794666230679, 4.1877428884617984e-05, -0.0063832784071564674, 0.017896711826324463, -0.009602854959666729, 0.0009111647959798574], [-0.0010858462192118168, 0.003971580415964127, -0.004875889513641596, 0.006440692115575075, -0.005469555500894785, 0.007204506080597639, -0.00466532725840807, 0.0044054738245904446, 0.0036735781468451023, 0.0006813791114836931, -0.009602854959666729, 0.025644127279520035, -0.01068288553506136], [0.0008675167337059975, -0.0021782969124615192, 0.0038231343496590853, -0.006045033223927021, 0.0009225961985066533, -0.003901130985468626, 0.004286546725779772, -0.0035394616425037384, -0.0008106946479529142, 0.002634903881698847, 0.0009111647959798574, -0.01068288553506136, 0.02076658047735691]], "lowlevel.mfcc.cov": [[5687.53369140625, 263.1132507324219, 321.952880859375, 334.4942321777344, 312.1714172363281, 243.55850219726562, 4.117386817932129, 77.66336822509766, 163.27577209472656, 120.49797058105469, 45.40294647216797, -14.039169311523438, -164.46566772460938], [263.1132507324219, 899.255859375, -150.74639892578125, 25.722137451171875, 56.333126068115234, -33.928646087646484, 30.00747299194336, 104.33716583251953, 34.122802734375, -4.595554351806641, 70.14788055419922, -13.066773414611816, -17.253368377685547], [321.952880859375, -150.74639892578125, 496.5527648925781, 157.39627075195312, 106.07117462158203, 105.0626220703125, 86.64582061767578, 43.67707061767578, -36.236045837402344, -46.267066955566406, -52.28927230834961, -22.162368774414062, -73.84268188476562], [334.4942321777344, 25.722137451171875, 157.39627075195312, 298.54754638671875, 148.73326110839844, 71.12651824951172, 14.692893981933594, -0.7569892406463623, 24.390029907226562, 3.383265495300293, -30.09229278564453, -9.093006134033203, 4.1232123374938965], [312.1714172363281, 56.333126068115234, 106.07117462158203, 148.73326110839844, 312.8638916015625, 66.30432891845703, -36.840576171875, -17.122289657592773, 43.054161071777344, 1.4335893392562866, -35.25164794921875, -25.201766967773438, -1.5246278047561646], [243.55850219726562, -33.928646087646484, 105.0626220703125, 71.12651824951172, 66.30432891845703, 156.38217163085938, 69.55486297607422, 22.624296188354492, 1.0176515579223633, -7.8381123542785645, -11.213705062866211, -5.699711322784424, -38.69782257080078], [4.117386817932129, 30.00747299194336, 86.64582061767578, 14.692893981933594, -36.840576171875, 69.55486297607422, 204.4900360107422, 108.11429595947266, -7.409049987792969, -33.09717559814453, 3.7098875045776367, 1.382519245147705, -56.39229202270508], [77.66336822509766, 104.33716583251953, 43.67707061767578, -0.7569892406463623, -17.122289657592773, 22.624296188354492, 108.11429595947266, 136.06016540527344, 21.703622817993164, -14.353718757629395, 3.264270305633545, -8.114256858825684, -44.94289016723633], [163.27577209472656, 34.122802734375, -36.236045837402344, 24.390029907226562, 43.054161071777344, 1.0176515579223633, -7.409049987792969, 21.703622817993164, 95.95528411865234, 51.51047134399414, 12.96860122680664, -7.635705471038818, 3.7993268966674805], [120.49797058105469, -4.595554351806641, -46.267066955566406, 3.383265495300293, 1.4335893392562866, -7.8381123542785645, -33.09717559814453, -14.353718757629395, 51.51047134399414, 116.72264099121094, 39.20230484008789, 20.993045806884766, 10.870803833007812], [45.40294647216797, 70.14788055419922, -52.28927230834961, -30.09229278564453, -35.25164794921875, -11.213705062866211, 3.7098875045776367, 3.264270305633545, 12.96860122680664, 39.20230484008789, 99.90914916992188, 43.28349304199219, 5.9078874588012695], [-14.039169311523438, -13.066773414611816, -22.162368774414062, -9.093006134033203, -25.201766967773438, -5.699711322784424, 1.382519245147705, -8.114256858825684, -7.635705471038818, 20.993045806884766, 43.28349304199219, 82.01582336425781, 43.647274017333984], [-164.46566772460938, -17.253368377685547, -73.84268188476562, 4.1232123374938965, -1.5246278047561646, -38.69782257080078, -56.39229202270508, -44.94289016723633, 3.7993268966674805, 10.870803833007812, 5.9078874588012695, 43.647274017333984, 119.96778106689453]], "lowlevel.mfcc.icov": [[0.00022518367040902376, -7.237680983962491e-05, -9.896664414554834e-05, -0.00012614818115253001, -1.2227467777847778e-05, -0.0002657629083842039, 0.00024967407807707787, -4.913071097689681e-05, -0.0003168623079545796, -6.281986134126782e-05, -4.0479844756191596e-05, -0.0002258164167869836, 0.00035467129782773554], [-7.237680983962491e-05, 0.0016716053942218423, 0.0008238599984906614, -0.0005065295845270157, -0.000673543254379183, 0.0005116007523611188, 0.000233941143960692, -0.0018864150624722242, 0.0008007632568478584, 0.0003998938773293048, -0.0016613450134173036, 0.0009631197899580002, -0.00010475890303496271], [-9.896664414554834e-05, 0.0008238599984906614, 0.0036744060926139355, -0.0015372151974588633, -0.0008839662768878043, -0.00031475108698941767, -0.00036759849172085524, -0.001358494278974831, 0.0020658329594880342, 0.0002517033717595041, 0.0003278183576185256, -0.0003401032299734652, 0.0015221970388665795], [-0.00012614818115253001, -0.0005065295845270157, -0.0015372151974588633, 0.005576504394412041, -0.0014899293892085552, -0.0009319339878857136, -0.0008411818998865783, 0.0011515029473230243, -0.0010154590709134936, -0.000573033350519836, 0.001072751241736114, 7.77715104050003e-05, -0.0016642478294670582], [-1.2227467777847778e-05, -0.000673543254379183, -0.0008839662768878043, -0.0014899293892085552, 0.005557153839617968, -0.0019951537251472473, 0.0017859949730336666, 0.0009453491657041013, -0.0029461910016834736, 0.0010011697886511683, 0.001213806332089007, -3.639577334979549e-05, -2.974048584292177e-05], [-0.0002657629083842039, 0.0005116007523611188, -0.00031475108698941767, -0.0009319339878857136, -0.0019951537251472473, 0.010430676862597466, -0.004172950517386198, 0.0015978688606992364, 0.0005607074126601219, -0.000410937936976552, 0.00016992558084893972, -0.0006960499449633062, 0.0017881917301565409], [0.00024967407807707787, 0.000233941143960692, -0.00036759849172085524, -0.0008411818998865783, 0.0017859949730336666, -0.004172950517386198, 0.012034613639116287, -0.008119978941977024, 0.000359151279553771, 0.0020357854664325714, -0.0008497380185872316, -0.0019838109146803617, 0.00203803856857121], [-4.913071097689681e-05, -0.0018864150624722242, -0.001358494278974831, 0.0011515029473230243, 0.0009453491657041013, 0.0015978688606992364, -0.008119978941977024, 0.017488323152065277, -0.006445762701332569, 0.0015744003467261791, 0.0020604359451681376, -0.0017841446679085493, 0.002656809985637665], [-0.0003168623079545796, 0.0008007632568478584, 0.0020658329594880342, -0.0010154590709134936, -0.0029461910016834736, 0.0005607074126601219, 0.000359151279553771, -0.006445762701332569, 0.01972985453903675, -0.008168132975697517, -0.0020108683966100216, 0.0055521768517792225, -0.0029209379572421312], [-6.281986134126782e-05, 0.0003998938773293048, 0.0002517033717595041, -0.000573033350519836, 0.0010011697886511683, -0.000410937936976552, 0.0020357854664325714, 0.0015744003467261791, -0.008168132975697517, 0.014692832715809345, -0.003558553522452712, -0.0031558105256408453, 0.0018236420582979918], [-4.0479844756191596e-05, -0.0016613450134173036, 0.0003278183576185256, 0.001072751241736114, 0.001213806332089007, 0.00016992558084893972, -0.0008497380185872316, 0.0020604359451681376, -0.0020108683966100216, -0.003558553522452712, 0.017896482720971107, -0.010026826523244381, 0.003466010559350252], [-0.0002258164167869836, 0.0009631197899580002, -0.0003401032299734652, 7.77715104050003e-05, -3.639577334979549e-05, -0.0006960499449633062, -0.0019838109146803617, -0.0017841446679085493, 0.0055