{"song_id": "1182272071171055616", "download": "https://cdn.discordapp.com/attachments/1128313332273782784/1182272071171055616/chirp.mp4?ex=658417ab&amp", "lyrics": "\u041a\u0430\u0436\u0434\u044b\u0439 \u0434\u0435\u043d\u044c, \u043a\u043e\u0433\u0434\u0430 \u044f \u043f\u0440\u043e\u0441\u044b\u043f\u0430\u044e\u0441\u044c \u0440\u044f\u0434\u043e\u043c \u0441 \u0442\u043e\u0431\u043e\u0439,\n\u041f\u043e\u043d\u0438\u043c\u0430\u044e, \u043d\u0430\u0441\u043a\u043e\u043b\u044c\u043a\u043e \u0441\u0447\u0430\u0441\u0442\u043b\u0438\u0432\u0430 \u044f \u0432 \u044d\u0442\u043e\u043c \u043c\u0438\u0440\u0435.\n\u0422\u044b - \u043c\u043e\u0439 \u043a\u0430\u043c\u0435\u043d\u044c \u043e\u043f\u043e\u0440\u044b, \u043c\u043e\u0439 \u043b\u0443\u0447\u0448\u0438\u0439 \u0434\u0440\u0443\u0433,\n\u0421 \u0442\u043e\u0431\u043e\u0439 \u044f \u0432\u0441\u0435\u0433\u0434\u0430 \u0447\u0443\u0432\u0441\u0442\u0432\u0443\u044e \u0441\u0435\u0431\u044f \u043d\u0430 \u0432\u044b\u0441\u043e\u0442\u0435.\u044d\u044d\u044d\u044d\u044d\u044d\u044d\u044d\u044d\u044d\n\n(Chorus)\n\u0410\u0430\u0430\u0430\u0430\u0430\u0430 \u0410\u043b\u0438\u0447\u043a\u0430, \u043c\u043e\u044f \u043b\u044e\u0431\u043e\u0432\u044c,\n\u0422\u044b - \u043c\u043e\u0435 \u0441\u0447\u0430\u0441\u0442\u044c\u0435 \u0435\u0435\u0435, \u043c\u043e\u0439 \u0443\u044e\u0442.\n\u0417\u0430 \u0442\u0432\u043e\u044e \u043d\u0435\u0436\u043d\u043e\u0441\u0442\u044c \u0438 \u043b\u0430\u0441\u043a\u0443,\n\u042f \u0431\u043b\u0430\u0433\u043e\u0434\u0430\u0440\u044e \u043a\u0430\u0436\u0434\u044b\u0439 \u0434\u0435\u043d\u044c.\u044d\u044d\u044d\u044d\u044d\u044d\u044d", "style": ["mpb</span><span>, voice female"], "essentia_features": {"lowlevel.average_loudness": 0.8456815481185913, "lowlevel.barkbands_crest.mean": 16.95131492614746, "lowlevel.barkbands_crest.stdev": 5.318857192993164, "lowlevel.barkbands_flatness_db.mean": 0.2847825884819031, "lowlevel.barkbands_flatness_db.stdev": 0.11775419861078262, "lowlevel.barkbands_kurtosis.mean": 58.85581588745117, "lowlevel.barkbands_kurtosis.stdev": 87.72917938232422, "lowlevel.barkbands_skewness.mean": 4.993104934692383, "lowlevel.barkbands_skewness.stdev": 3.5640923976898193, "lowlevel.barkbands_spread.mean": 13.07623291015625, "lowlevel.barkbands_spread.stdev": 18.79717445373535, "lowlevel.dissonance.mean": 0.4556487500667572, "lowlevel.dissonance.stdev": 0.040823109447956085, "lowlevel.dynamic_complexity": 4.545389175415039, "lowlevel.erbbands_crest.mean": 11.001601219177246, "lowlevel.erbbands_crest.stdev": 5.813448429107666, "lowlevel.erbbands_flatness_db.mean": 0.17411598563194275, "lowlevel.erbbands_flatness_db.stdev": 0.07310800999403, "lowlevel.erbbands_kurtosis.mean": 6.539628505706787, "lowlevel.erbbands_kurtosis.stdev": 19.174699783325195, "lowlevel.erbbands_skewness.mean": 0.6809856295585632, "lowlevel.erbbands_skewness.stdev": 2.119859218597412, "lowlevel.erbbands_spread.mean": 48.208194732666016, "lowlevel.erbbands_spread.stdev": 30.63445281982422, "lowlevel.hfc.mean": 21.893089294433594, "lowlevel.hfc.stdev": 45.152767181396484, "lowlevel.loudness_ebu128.integrated": -18.55797004699707, "lowlevel.loudness_ebu128.loudness_range": 5.7867584228515625, "lowlevel.loudness_ebu128.momentary.mean": -20.58472442626953, "lowlevel.loudness_ebu128.momentary.stdev": 5.644929885864258, "lowlevel.loudness_ebu128.short_term.mean": -19.321096420288086, "lowlevel.loudness_ebu128.short_term.stdev": 2.2669265270233154, "lowlevel.melbands_crest.mean": 27.35580062866211, "lowlevel.melbands_crest.stdev": 7.787513732910156, "lowlevel.melbands_flatness_db.mean": 0.37378907203674316, "lowlevel.melbands_flatness_db.stdev": 0.1452389806509018, "lowlevel.melbands_kurtosis.mean": 124.0166015625, "lowlevel.melbands_kurtosis.stdev": 162.919189453125, "lowlevel.melbands_skewness.mean": 7.580913543701172, "lowlevel.melbands_skewness.stdev": 4.779097557067871, "lowlevel.melbands_spread.mean": 12.58614444732666, "lowlevel.melbands_spread.stdev": 28.014644622802734, "lowlevel.pitch_salience.mean": 0.29474321007728577, "lowlevel.pitch_salience.stdev": 0.1757756769657135, "lowlevel.silence_rate_20dB.mean": 0.9994008541107178, "lowlevel.silence_rate_20dB.stdev": 0.024470428004860878, "lowlevel.silence_rate_30dB.mean": 0.7938885688781738, "lowlevel.silence_rate_30dB.stdev": 0.4045111835002899, "lowlevel.silence_rate_60dB.mean": 0.09826242923736572, "lowlevel.silence_rate_60dB.stdev": 0.2976732850074768, "lowlevel.spectral_centroid.mean": 1223.6280517578125, "lowlevel.spectral_centroid.stdev": 1145.188232421875, "lowlevel.spectral_complexity.mean": 9.609347343444824, "lowlevel.spectral_complexity.stdev": 9.165094375610352, "lowlevel.spectral_decrease.mean": -1.5920532447921687e-08, "lowlevel.spectral_decrease.stdev": 1.4241893886435264e-08, "lowlevel.spectral_energy.mean": 0.06207350268959999, "lowlevel.spectral_energy.stdev": 0.05582776665687561, "lowlevel.spectral_energyband_high.mean": 0.001897661597467959, "lowlevel.spectral_energyband_high.stdev": 0.005194162484258413, "lowlevel.spectral_energyband_low.mean": 0.05237172544002533, "lowlevel.spectral_energyband_low.stdev": 0.048887163400650024, "lowlevel.spectral_energyband_middle_high.mean": 0.0017714215209707618, "lowlevel.spectral_energyband_middle_high.stdev": 0.004515073727816343, "lowlevel.spectral_energyband_middle_low.mean": 0.007732253521680832, "lowlevel.spectral_energyband_middle_low.stdev": 0.016872262582182884, "lowlevel.spectral_entropy.mean": 7.0437188148498535, "lowlevel.spectral_entropy.stdev": 1.1115455627441406, "lowlevel.spectral_flux.mean": 0.07692044973373413, "lowlevel.spectral_flux.stdev": 0.08285505324602127, "lowlevel.spectral_kurtosis.mean": 9.703207969665527, "lowlevel.spectral_kurtosis.stdev": 16.096027374267578, "lowlevel.spectral_rms.mean": 0.00684279203414917, "lowlevel.spectral_rms.stdev": 0.0037061735056340694, "lowlevel.spectral_rolloff.mean": 818.56298828125, "lowlevel.spectral_rolloff.stdev": 2083.838623046875, "lowlevel.spectral_skewness.mean": 1.9726085662841797, "lowlevel.spectral_skewness.stdev": 1.4777520895004272, "lowlevel.spectral_spread.mean": 4513608.5, "lowlevel.spectral_spread.stdev": 1989983.0, "lowlevel.spectral_strongpeak.mean": 0.5421789884567261, "lowlevel.spectral_strongpeak.stdev": 0.49380120635032654, "lowlevel.zerocrossingrate.mean": 0.035646285861730576, "lowlevel.zerocrossingrate.stdev": 0.06567841023206711, "metadata.audio_properties.analysis.equal_loudness": 0.0, "metadata.audio_properties.analysis.length": 38.71997833251953, "metadata.audio_properties.analysis.sample_rate": 44100.0, "metadata.audio_properties.analysis.start_time": 0.0, "metadata.audio_properties.bit_rate": 118177.0, "metadata.audio_properties.length": 38.720001220703125, "metadata.audio_properties.lossless": 0.0, "metadata.audio_properties.number_channels": 1.0, "metadata.audio_properties.replay_gain": -7.65397834777832, "metadata.audio_properties.sample_rate": 48000.0, "rhythm.beats_count": 68.0, "rhythm.beats_loudness.mean": 0.08589546382427216, "rhythm.beats_loudness.stdev": 0.068340003490448, "rhythm.bpm": 112.59088897705078, "rhythm.bpm_histogram_first_peak_bpm": 112.0, "rhythm.bpm_histogram_first_peak_weight": 0.34090906381607056, "rhythm.bpm_histogram_second_peak_bpm": 105.0, "rhythm.bpm_histogram_second_peak_spread": 0.125, "rhythm.bpm_histogram_second_peak_weight": 0.10447761416435242, "rhythm.danceability": 1.0349119901657104, "rhythm.onset_rate": 3.7426605224609375, "tonal.chords_changes_rate": 0.0682634711265564, "tonal.chords_number_rate": 0.015568862669169903, "tonal.chords_strength.mean": 0.5644406080245972, "tonal.chords_strength.stdev": 0.08163604885339737, "tonal.hpcp_crest.mean": 14.067495346069336, "tonal.hpcp_crest.stdev": 7.258453369140625, "tonal.hpcp_entropy.mean": 1.9918838739395142, "tonal.hpcp_entropy.stdev": 0.844728410243988, "tonal.key_edma.strength": 0.7131787538528442, "tonal.key_krumhansl.strength": 0.7034005522727966, "tonal.key_temperley.strength": 0.6805976629257202, "tonal.tuning_diatonic_strength": 0.5896702408790588, "tonal.tuning_equal_tempered_deviation": 0.19771708548069, "tonal.tuning_frequency": 434.193115234375, "tonal.tuning_nontempered_energy_ratio": 0.8587087392807007, "lowlevel.barkbands.mean": [0.010966550558805466, 0.03109104186296463, 0.008649126626551151, 0.004451089072972536, 0.0011470111785456538, 0.0007948993006721139, 0.0006479666335508227, 0.0003232471353840083, 0.0003013281093444675, 0.00019056507153436542, 0.00012705684639513493, 8.824231190374121e-05, 0.00017775007290765643, 0.0001843580394051969, 0.00011716573499143124, 0.0001305789191974327, 0.00019501049246173352, 9.938611765392125e-05, 0.000351888156728819, 0.00027634817524813116, 0.0002446712169330567, 0.0001954581239260733, 0.0008956696838140488, 0.0002885729190893471, 8.999215788207948e-05, 4.8401740059489384e-05, 1.924886134929693e-07], "lowlevel.barkbands.stdev": [0.013305047526955605, 0.03722550347447395, 0.018671292811632156, 0.012769806198775768, 0.003501829458400607, 0.0019152197055518627, 0.002367569599300623, 0.000937670876737684, 0.000804836570750922, 0.0004373072588350624, 0.0003754864155780524, 0.00035463576205074787, 0.000543437956366688, 0.0006723346887156367, 0.0005204156041145325, 0.0004424148646648973, 0.000516698055434972, 0.0004687554610427469, 0.0015618221368640661, 0.0009035500115714967, 0.0008273030398413539, 0.0007059455965645611, 0.0027271718718111515, 0.0008633154793642461, 0.00025516434106975794, 0.00014656942221336067, 1.128621647694672e-06], "lowlevel.erbbands.mean": [1.810102939605713, 3.5129730701446533, 7.747112274169922, 15.249972343444824, 7.307197570800781, 4.0082855224609375, 4.527416229248047, 6.821597576141357, 9.522186279296875, 10.033507347106934, 6.104420185089111, 6.293793678283691, 5.909675121307373, 5.991647243499756, 4.952330589294434, 4.303994178771973, 7.579941272735596, 9.278033256530762, 8.419418334960938, 4.9900665283203125, 9.28926944732666, 10.597352981567383, 5.704452037811279, 10.090576171875, 20.05200958251953, 13.545793533325195, 11.131988525390625, 7.899299144744873, 7.136123180389404, 17.43417739868164, 23.899789810180664, 10.243626594543457, 3.0868723392486572, 1.1824297904968262, 0.5751312971115112, 0.2657240331172943, 0.08387429267168045, 0.00678404001519084, 0.00017248131916858256, 7.971371087478474e-05], "lowlevel.erbbands.stdev": [2.069854736328125, 5.428458213806152, 17.110803604125977, 33.17666244506836, 25.830915451049805, 10.609910011291504, 13.109081268310547, 17.038616180419922, 28.825380325317383, 41.94078826904297, 16.098548889160156, 16.13643455505371, 15.427661895751953, 14.795092582702637, 15.277767181396484, 17.11882209777832, 22.823701858520508, 30.624189376831055, 31.490509033203125, 21.88054847717285, 27.15471649169922, 29.020042419433594, 25.556896209716797, 39.876861572265625, 83.71715545654297, 44.2240104675293, 37.27967071533203, 27.12233543395996, 24.983850479125977, 55.1848258972168, 73.25357818603516, 31.486488342285156, 8.89334774017334, 3.428422689437866, 1.7709476947784424, 0.8516026139259338, 0.24359692633152008, 0.019810525700449944, 0.00040397982229478657, 7.81676935730502e-05], "lowlevel.gfcc.mean": [-92.71784210205078, 97.37451171875, -72.86517333984375, 49.54484939575195, -34.01285171508789, 15.126852035522461, -31.70159149169922, 17.311262130737305, -18.0638484954834, 5.432208061218262, -9.746191024780273, -11.871243476867676, -12.561473846435547], "lowlevel.melbands.mean": [0.01232190802693367, 0.004034729208797216, 0.0023868917487561703, 0.00032610303605906665, 0.00016838617739267647, 0.00015688137500546873, 0.00014565492165274918, 0.00010171005123993382, 5.122887887409888e-05, 3.8294918340398e-05, 2.888140079448931e-05, 2.4038397896219976e-05, 1.665447052801028e-05, 1.0846395525732078e-05, 1.418036026734626e-05, 1.704531860013958e-05, 1.763589352776762e-05, 1.4759221812710166e-05, 7.294243005162571e-06, 6.647213012911379e-06, 1.2197660907986574e-05, 1.2628825970750768e-05, 5.577411229751306e-06, 4.7521361921099015e-06, 7.835706128389575e-06, 1.5694949979661033e-05, 1.1905272913281806e-05, 8.31702709547244e-06, 6.601039785891771e-06, 6.931411917321384e-06, 3.677224185594241e-06, 3.705996277858503e-06, 4.125688974454533e-06, 1.3657586350745987e-05, 1.5351977708633058e-05, 1.0655776350176893e-05, 4.62810976387118e-06, 2.2881431505084038e-06, 1.2609990562850726e-06, 8.883955047167547e-07], "lowlevel.melbands.stdev": [0.013687780126929283, 0.007089380174875259, 0.005378495901823044, 0.0010254146764054894, 0.0004227400349918753, 0.00037759210681542754, 0.0004502254305407405, 0.0004091900191269815, 0.00013652638881467283, 0.00010053369624074548, 7.680017733946443e-05, 6.077392754377797e-05, 5.022656841902062e-05, 4.203898424748331e-05, 5.220324237598106e-05, 5.1697526942007244e-05, 6.168760592117906e-05, 5.538070763577707e-05, 3.4235588827868924e-05, 2.689544271561317e-05, 3.4608030546223745e-05, 3.2327639928553253e-05, 2.565259455877822e-05, 2.4461784050799906e-05, 3.1032541301101446e-05, 7.580911187687889e-05, 3.998575994046405e-05, 2.8072863642591983e-05, 2.2930755221750587e-05, 2.4035956812440418e-05, 1.3209221833676565e-05, 1.3247168681118637e-05, 1.5174001418927219e-05, 4.347008143668063e-05, 4.8174173571169376e-05, 3.352948624524288e-05, 1.469957351218909e-05, 6.698586275888374e-06, 3.879230007441947e-06, 2.6696598069975153e-06], "lowlevel.melbands128.mean": [0.009796854108572006, 0.01884233020246029, 0.01125457976013422, 0.004000126849859953, 0.0031804463360458612, 0.004623244982212782, 0.003418098669499159, 0.0018734028562903404, 0.0005252881092019379, 0.0001756135025061667, 0.00022389975492842495, 0.00021223696239758283, 0.0001492900773882866, 0.00012645118113141507, 0.00012811017222702503, 0.00020716412109322846, 0.0001722836896078661, 0.00012801821867469698, 0.00011957819515373558, 0.00012774569040630013, 8.722693019080907e-05, 3.4149663406424224e-05, 4.858887768932618e-05, 6.688600842608139e-05, 4.056453690282069e-05, 2.3916947611724027e-05, 3.867833947879262e-05, 2.971586218336597e-05, 1.9239219909650274e-05, 2.9225213438621722e-05, 2.526569733163342e-05, 1.5672369045205414e-05, 1.6599256923655048e-05, 1.8828475731424987e-05, 8.926005648390856e-06, 1.0044924238172825e-05, 1.0187995940214023e-05, 1.3168812074582092e-05, 1.8339236703468487e-05, 1.596456604602281e-05, 1.9545785107766278e-05, 1.3609409506898373e-05, 1.6789579603937455e-05, 2.1351399482227862e-05, 1.578457340656314e-05, 1.5264742614817806e-05, 1.1294715477561112e-05, 6.679217221972067e-06, 5.817124929308193e-06, 6.265867341426201e-06, 5.734293608838925e-06, 8.054916179389693e-06, 1.124952996178763e-05, 1.289084229938453e-05, 1.681761750660371e-05, 1.3896847121941391e-05, 8.494743269693572e-06, 5.6005505939538125e-06, 4.903602075501112e-06, 4.530279056780273e-06, 4.588397132465616e-06, 5.054921530245338e-06, 5.408787274063798e-06, 8.066193004196975e-06, 1.2261555639270227e-05, 1.6923690054682083e-05, 1.8280492440680973e-05, 1.323861852142727e-05, 1.0275132808601484e-05, 1.0125216249434743e-05, 8.48333820613334e-06, 7.454220394720323e-06, 6.613024652324384e-06, 6.293351816566428e-06, 6.615005077037495e-06, 8.212543434638064e-06, 6.815824690420413e-06, 3.882025339407846e-06, 3.444979711275664e-06, 3.0190835786925163e-06, 3.428633135627024e-06, 4.348821676103398e-06, 3.8285497794277035e-06, 3.950802692997968e-06, 4.203100615995936e-06, 6.957260666240472e-06, 1.710399919829797e-05, 2.723114266700577e-05, 1.1221822205698118e-05, 1.0546736120886635e-05, 1.5804260328877717e-05, 8.873345905158203e-06, 6.456568826251896e-06, 4.604098194249673e-06, 3.5429980016488116e-06, 2.619172619233723e-06, 2.0694183149316814e-06, 1.6915471405809512e-06, 1.2450868780433666e-06, 1.0845493534361594e-06, 9.794079005587264e-07, 8.706047651685367e-07, 7.481124839614495e-07, 6.420457339118002e-07, 6.297685786194052e-07, 6.329672146421217e-07, 5.98016185904271e-07, 4.717800550224638e-07, 4.656869521113549e-07, 4.1426881125516957e-07, 3.7266693198034773e-07, 2.5754587795745465e-07, 3.120290443803242e-07, 2.147661319895633e-07, 1.300696652606348e-07, 5.1529866595956264e-08, 8.520603778094937e-09, 1.8105301979876032e-10, 6.761306792224531e-11, 4.9027202436713324e-11, 3.265409817543308e-11, 1.130277902522403e-11, 8.60758426340924e-12, 8.33399581984251e-12, 8.052060754271118e-12, 7.758892486831037e-12, 7.592476126971892e-12, 7.534559781641192e-12], "lowlevel.melbands128.stdev": [0.011537528596818447, 0.021401161327958107, 0.014969680458307266, 0.008214457891881466, 0.0084640271961689, 0.009681793861091137, 0.007489446550607681, 0.006301687564700842, 0.002234844723716378, 0.0007721739821135998, 0.000610769318882376, 0.000543261703569442, 0.0005618451978079975, 0.0004557860956992954, 0.0004062231455463916, 0.0005546549800783396, 0.0004951510345563293, 0.0005721012130379677, 0.000569622206967324, 0.000648799235932529, 0.000293895835056901, 0.00011929516040254384, 0.00017667673819232732, 0.00019323258311487734, 0.00011606674524955451, 9.223832603311166e-05, 0.00014759314944967628, 7.745815673843026e-05, 5.7997563999379054e-05, 8.66076661623083e-05, 6.788567407056689e-05, 6.094148920965381e-05, 5.294110451359302e-05, 6.86018101987429e-05, 3.7755999073851854e-05, 5.05959105794318e-05, 4.7989706217776984e-05, 5.6691009376663715e-05, 6.771118205506355e-05, 5.553829396376386e-05, 6.391054193954915e-05, 4.978499055141583e-05, 6.837117689428851e-05, 8.383749081986025e-05, 6.91564055159688e-05, 6.407227920135483e-05, 5.392173625295982e-05, 3.5326273064129055e-05, 3.061281313421205e-05, 3.273800030001439e-05, 2.4736942577874288e-05, 3.409387500141747e-05, 3.515445132507011e-05, 4.257277396391146e-05, 4.020231426693499e-05, 3.989089964306913e-05, 3.370215927134268e-05, 3.030266088899225e-05, 2.6864669052883983e-05, 2.2513124349643476e-05, 2.969114029838238e-05, 2.9675460609723814e-05, 2.1929028662270866e-05, 3.1776940886629745e-05, 6.661016959697008e-05, 9.79480319074355e-05, 8.214387344196439e-05, 5.1921622798545286e-05, 3.5857607144862413e-05, 3.4964949009008706e-05, 3.407104668440297e-05, 2.715403570618946e-05, 2.6072586479131132e-05, 2.3352158677880652e-05, 2.5822237148531713e-05, 3.050924715353176e-05, 2.5198602088494226e-05, 1.5564843124593608e-05, 1.412398796674097e-05, 1.1264767636021134e-05, 1.3476577805704437e-05, 1.6984609828796238e-05, 1.5405959857162088e-05, 1.5029811947897542e-05, 1.7788177501643077e-05, 2.5535025997669436e-05, 5.647049329127185e-05, 9.230438445229083e-05, 4.008221731055528e-05, 3.462859967839904e-05, 5.347946353140287e-05, 2.8289392503211275e-05, 2.2330597857944667e-05, 1.6976773622445762e-05, 1.0808483239088673e-05, 8.352742042916361e-06, 6.653568107140018e-06, 5.593318746832665e-06, 4.631571300706128e-06, 3.1838674203754636e-06, 3.0882310966262594e-06, 2.817496351781301e-06, 2.9746588552370667e-06, 2.1402788661362138e-06, 2.3119241632230114e-06, 2.2042499949748162e-06, 1.9013427845493425e-06, 1.706786406430183e-06, 1.6924602732615313e-06, 1.5588977930747205e-06, 1.2676649703280418e-06, 8.440742362836318e-07, 9.205768947140314e-07, 6.710504862894595e-07, 4.321629774040048e-07, 1.8683005009734188e-07, 4.020605004484423e-08, 2.111744112909264e-09, 9.62062207676695e-10, 7.071906948930007e-10, 4.686570020950853e-10, 6.015975911877192e-11, 1.743817937271963e-11, 1.4995987090982155e-11, 1.3828442731178558e-11, 1.3417626384959469e-11, 1.3257134105770785e-11, 1.3178123522972207e-11], "lowlevel.mfcc.mean": [-749.4194946289062, 130.5386962890625, 26.255205154418945, 41.89332580566406, 26.328102111816406, 5.462697505950928, 12.100552558898926, 4.3546013832092285, -1.457543969154358, 24.61606788635254, -8.442654609680176, 7.916060447692871, 2.5081539154052734], "lowlevel.spectral_contrast_coeffs.mean": [-0.652154266834259, -0.7786781191825867, -0.8174556493759155, -0.8188148140907288, -0.8016356229782104, -0.7820597290992737], "lowlevel.spectral_contrast_coeffs.stdev": [0.11552368849515915, 0.07326654344797134, 0.05089268088340759, 0.046168357133865356, 0.05311845615506172, 0.054763127118349075], "lowlevel.spectral_contrast_valleys.mean": [-7.450362205505371, -7.7097368240356445, -8.678486824035645, -8.66340446472168, -8.514719009399414, -11.489956855773926], "lowlevel.spectral_contrast_valleys.stdev": [1.4961556196212769, 1.4172711372375488, 1.5338857173919678, 1.4746143817901611, 1.6754052639007568, 1.93161940574646], "rhythm.beats_loudness_band_ratio.mean": [0.8087643384933472, 0.044995542615652084, 0.026073863729834557, 0.023628059774637222, 0.02906484715640545, 0.0744384229183197], "rhythm.beats_loudness_band_ratio.stdev": [0.23016990721225739, 0.07305166870355606, 0.03364633768796921, 0.03831367939710617, 0.054370734840631485, 0.1462935358285904], "tonal.hpcp.mean": [0.13737308979034424, 0.1396317332983017, 0.05487671494483948, 0.030387911945581436, 0.05002494901418686, 0.06188052520155907, 0.0604315809905529, 0.06628812849521637, 0.15978002548217773, 0.36607953906059265, 0.2915556728839874, 0.05749258026480675, 0.016734231263399124, 0.013559945859014988, 0.012256361544132233, 0.01708463951945305, 0.03136725351214409, 0.0375121533870697, 0.034854955971241, 0.040439486503601074, 0.04611695930361748, 0.06111975386738777, 0.05543673411011696, 0.057684481143951416, 0.13834428787231445, 0.11462276428937912, 0.02463134005665779, 0.017682960256934166, 0.020316142588853836, 0.029059171676635742, 0.05811309441924095, 0.05706612765789032, 0.027246834710240364, 0.024191437289118767, 0.028206374496221542, 0.05588333681225777], "tonal.hpcp.stdev": [0.2987540066242218, 0.31371355056762695, 0.15634343028068542, 0.132388174533844, 0.1843118667602539, 0.20609861612319946, 0.19104743003845215, 0.1835213303565979, 0.2518617510795593, 0.4458448588848114, 0.38557735085487366, 0.1516067087650299, 0.09406673163175583, 0.07617869973182678, 0.07421794533729553, 0.07935165613889694, 0.13378943502902985, 0.14371785521507263, 0.1357678323984146, 0.15861518681049347, 0.17732127010822296, 0.1969885230064392, 0.1966303437948227, 0.15104585886001587, 0.3264863193035126, 0.2731374204158783, 0.10067877918481827, 0.08382813632488251, 0.09935561567544937, 0.1205555722117424, 0.19497060775756836, 0.19198942184448242, 0.10948098450899124, 0.10619964450597763, 0.12320961058139801, 0.17428117990493774], "rhythm.beats_position": [0.7546485066413879, 1.486077070236206, 2.2291154861450195, 2.972154140472412, 3.703582763671875, 4.446621417999268, 5.166440010070801, 5.874648571014404, 6.5944671630859375, 7.314285755157471, 7.894784450531006, 8.46367359161377, 9.032562255859375, 9.60145092010498, 10.170339584350586, 10.739229202270508, 11.308117866516113, 11.877006530761719, 12.376235961914062, 12.87546443939209, 13.374693870544434, 13.862312316894531, 14.338321685791016, 14.8143310546875, 15.348389625549316, 15.894058227539062, 16.439727783203125, 16.985397338867188, 17.542675018310547, 18.08834457397461, 18.622404098510742, 19.156461715698242, 19.690521240234375, 20.224580764770508, 20.747028350830078, 21.26947784423828, 21.803537368774414, 22.337596893310547, 22.871654510498047, 23.40571403503418, 23.928163528442383, 24.450611114501953, 24.984670639038086, 25.51873016357422, 26.05278778076172, 26.58684730529785, 27.120906829833984, 27.654966354370117, 28.177413940429688, 28.69986343383789, 29.233922958374023, 29.767980575561523, 30.302040100097656, 30.83609962463379, 31.37015724182129, 31.904216766357422, 32.426666259765625, 32.94911575317383, 33.48317337036133, 34.017234802246094, 34.551292419433594, 35.085350036621094, 35.61941146850586, 36.15346908569336, 36.67591857910156, 37.198368072509766, 37.732425689697266, 38.266483306884766], "rhythm.bpm_histogram": [0.0, 0.0, 0.0, 0.0, 0.0, 0.0, 0.0, 0.0, 0.0, 0.0, 0.0, 0.0, 0.0, 0.0, 0.0, 0.0, 0.0, 0.0, 0.0, 0.0, 0.0, 0.0, 0.0, 0.0, 0.0, 0.0, 0.0, 0.0, 0.0, 0.0, 0.0, 0.0, 0.0, 0.0, 0.0, 0.0, 0.0, 0.0, 0.0, 0.0, 0.0, 0.0, 0.0, 0.0, 0.0, 0.0, 0.0, 0.0, 0.0, 0.0, 0.0, 0.0, 0.0, 0.0, 0.0, 0.0, 0.0, 0.0, 0.0, 0.0, 0.0, 0.0, 0.0, 0.0, 0.0, 0.0, 0.0, 0.0, 0.0, 0.0, 0.0, 0.0, 0.0, 0.0, 0.0, 0.0, 0.0, 0.0, 0.0, 0.0, 0.0, 0.04477611929178238, 0.02985074557363987, 0.04477611929178238, 0.0, 0.014925372786819935, 0.0, 0.0, 0.0, 0.0, 0.0, 0.0, 0.0, 0.0, 0.0, 0.0, 0.0, 0.0, 0.0, 0.0, 0.0, 0.0, 0.0, 0.014925372786819935, 0.0, 0.10447761416435242, 0.0, 0.0, 0.014925372786819935, 0.0, 0.05970149114727974, 0.0, 0.43283581733703613, 0.0, 0.0, 0.1492537260055542, 0.0, 0.0, 0.0, 0.0, 0.04477611929178238, 0.0, 0.0, 0.014925372786819935, 0.0, 0.0, 0.02985074557363987, 0.0, 0.0, 0.0, 0.0, 0.0, 0.0, 0.0, 0.0, 0.0, 0.0, 0.0, 0.0, 0.0, 0.0, 0.0, 0.0, 0.0, 0.0, 0.0, 0.0, 0.0, 0.0, 0.0, 0.0, 0.0, 0.0, 0.0, 0.0, 0.0, 0.0, 0.0, 0.0, 0.0, 0.0, 0.0, 0.0, 0.0, 0.0, 0.0, 0.0, 0.0, 0.0, 0.0, 0.0, 0.0, 0.0, 0.0, 0.0, 0.0, 0.0, 0.0, 0.0, 0.0, 0.0, 0.0, 0.0, 0.0, 0.0, 0.0, 0.0, 0.0, 0.0, 0.0, 0.0, 0.0, 0.0, 0.0, 0.0, 0.0, 0.0, 0.0, 0.0, 0.0, 0.0, 0.0, 0.0, 0.0, 0.0, 0.0, 0.0, 0.0, 0.0, 0.0, 0.0, 0.0, 0.0, 0.0, 0.0, 0.0, 0.0, 0.0, 0.0, 0.0, 0.0, 0.0, 0.0, 0.0, 0.0, 0.0, 0.0, 0.0, 0.0, 0.0, 0.0, 0.0, 0.0, 0.0, 0.0, 0.0, 0.0, 0.0, 0.0, 0.0, 0.0, 0.0, 0.0, 0.0, 0.0, 0.0, 0.0, 0.0, 0.0, 0.0], "tonal.chords_histogram": [8.5029935836792, 13.053892135620117, 16.04790496826172, 0.0, 0.0, 0.0, 1.7964072227478027, 1.077844262123108, 13.892215728759766, 0.0, 2.155688524246216, 4.55089807510376, 0.0, 0.0, 0.0, 0.0, 0.0, 15.08981990814209, 1.317365288734436, 15.08981990814209, 0.4790419042110443, 4.311377048492432, 0.0, 2.634730577468872], "tonal.thpcp": [1.0, 0.7964271306991577, 0.15704941749572754, 0.04571200907230377, 0.03704098239541054, 0.03348005190491676, 0.04666920006275177, 0.08568425476551056, 0.10246995091438293, 0.09521143138408661, 0.11046639084815979, 0.12597525119781494, 0.16695758700370789, 0.1514335721731186, 0.1575736254453659, 0.37790772318840027, 0.3131089210510254, 0.06728412210941315, 0.048303600400686264, 0.05549652501940727, 0.07937939465045929, 0.1587444543838501, 0.1558845043182373, 0.0744287297129631, 0.06608246266841888, 0.0770498514175415, 0.1526535451412201, 0.37525475025177, 0.38142457604408264, 0.149903804063797, 0.08300904184579849, 0.13665048778057098, 0.16903573274612427, 0.16507773101329803, 0.18107575178146362, 0.4364625811576843], "lowlevel.gfcc.cov": [[24219.591796875, -2711.20166015625, -1840.0152587890625, 1115.4017333984375, -1352.7122802734375, 994.877685546875, -30.222618103027344, 1327.25244140625, 75.43775939941406, 1082.96142578125, 356.951171875, 1101.6810302734375, -87.65262603759766], [-2711.20166015625, 3216.838134765625, 537.5948486328125, -660.0167846679688, 883.7776489257812, -513.6268310546875, 88.67816925048828, -218.80821228027344, 23.661474227905273, -440.20068359375, 125.6496810913086, -486.2876281738281, 174.05709838867188], [-1840.0152587890625, 537.5948486328125, 931.26123046875, 118.1766128540039, 179.8464813232422, 92.5592041015625, 144.2757568359375, -165.07302856445312, 154.83302307128906, -170.2573699951172, 8.237675666809082, -37.45921325683594, 96.81715393066406], [1115.4017333984375, -660.0167846679688, 118.1766128540039, 499.5654602050781, -148.3402862548828, 148.38232421875, -48.828102111816406, 2.9177052974700928, 89.06596374511719, 54.64072036743164, -29.8162841796875, 93.08901977539062, -11.253859519958496], [-1352.7122802734375, 883.7776489257812, 179.8464813232422, -148.3402862548828, 661.7127685546875, -166.96885681152344, 111.9559326171875, 39.31657791137695, 30.454742431640625, -64.49526977539062, 43.73051452636719, -153.07008361816406, 107.70506286621094], [994.877685546875, -513.6268310546875, 92.5592041015625, 148.38232421875, -166.96885681152344, 500.5794372558594, 278.2655029296875, 81.89280700683594, 159.49838256835938, 93.64785766601562, 79.29095458984375, 239.16839599609375, 29.52233123779297], [-30.222618103027344, 88.67816925048828, 144.2757568359375, -48.828102111816406, 111.9559326171875, 278.2655029296875, 488.9766540527344, 154.70924377441406, 135.61447143554688, 62.654075622558594, 165.7425079345703, 177.74424743652344, 92.1204833984375], [1327.25244140625, -218.80821228027344, -165.07302856445312, 2.9177052974700928, 39.31657791137695, 81.89280700683594, 154.70924377441406, 296.2746276855469, 44.996280670166016, 154.0194091796875, 110.68595123291016, 157.29251098632812, 48.25743865966797], [75.43775939941406, 23.661474227905273, 154.83302307128906, 89.06596374511719, 30.454742431640625, 159.49838256835938, 135.61447143554688, 44.996280670166016, 244.112060546875, 45.9221076965332, 86.93901062011719, 96.63114166259766, 69.29716491699219], [1082.96142578125, -440.20068359375, -170.2573699951172, 54.64072036743164, -64.49526977539062, 93.64785766601562, 62.654075622558594, 154.0194091796875, 45.9221076965332, 228.7252197265625, 75.08916473388672, 147.3192596435547, 17.146547317504883], [356.951171875, 125.6496810913086, 8.237675666809082, -29.8162841796875, 43.73051452636719, 79.29095458984375, 165.7425079345703, 110.68595123291016, 86.93901062011719, 75.08916473388672, 219.49497985839844, 144.8306884765625, 80.23486328125], [1101.6810302734375, -486.2876281738281, -37.45921325683594, 93.08901977539062, -153.07008361816406, 239.16839599609375, 177.74424743652344, 157.29251098632812, 96.63114166259766, 147.3192596435547, 144.8306884765625, 327.62994384765625, 64.76409912109375], [-87.65262603759766, 174.05709838867188, 96.81715393066406, -11.253859519958496, 107.70506286621094, 29.52233123779297, 92.1204833984375, 48.25743865966797, 69.29716491699219, 17.146547317504883, 80.23486328125, 64.76409912109375, 126.26526641845703]], "lowlevel.gfcc.icov": [[0.0001280803553527221, -0.00028578651836141944, 0.00019325855828355998, -0.00045309989945963025, 0.0002836835337802768, -0.0003638749767560512, 0.00024672099971212447, -0.0005772463628090918, 0.0002565124596003443, -0.00036154952249489725, 0.00017542099521961063, -0.00016496652096975595, 5.9472513385117054e-05], [-0.00028578651836141944, 0.0020276636350899935, -0.0007407339871861041, 0.002154212910681963, -0.0013367332285270095, 0.001311335014179349, -0.0005844906554557383, 0.0013973747845739126, -0.001231435569934547, 0.002385831670835614, -0.001999956090003252, 0.0016580714145675302, -0.000735294830519706], [0.00019325855828355998, -0.0007407339871861041, 0.0023453913163393736, -0.0015732721658423543, 0.0002207082143286243, -0.0006100706523284316, -0.0003586128877941519, 0.00032477479544468224, -0.00024155501159839332, 0.00026159247499890625, 0.0008521982235834002, -0.0007184173446148634, -0.0007674512453377247], [-0.00045309989945963025, 0.002154212910681963, -0.0015732721658423543, 0.005473891273140907, -0.001414761645719409, 0.0009239089558832347, 0.00030817146762274206, 0.00171675905585289, -0.0022546208929270506, 0.00201784772798419, -0.001205745036713779, 0.001001934171654284, -0.00026444648392498493], [0.0002836835337802768, -0.0013367332285270095, 0.0002207082143286243, -0.001414761645719409, 0.004062986932694912, -0.00015353017079178244, -0.0004957737983204424, -0.0024010990746319294, 0.000669873901642859, -0.001685464521870017, 0.001013741479255259, 0.0014116311213001609, -0.001913171843625605], [-0.0003638749767560512, 0.001311335014179349, -0.0006100706523284316, 0.0009239089558832347, -0.00015353017079178244, 0.006744478363543749, -0.0037598914932459593, 0.002591390861198306, -0.0027469657361507416, 0.0013581556268036366, 0.0005305386148393154, -0.0015066479099914432, 0.0005554317613132298], [0.00024672099971212447, -0.0005844906554557383, -0.0003586128877941519, 0.00030817146762274206, -0.0004957737983204424, -0.0037598914932459593, 0.006048568058758974, -0.0029545689467340708, 0.0005262530758045614, -9.90314656519331e-05, -0.0014539320254698396, -0.0007043760269880295, 0.0003075591230299324], [-0.0005772463628090918, 0.0013973747845739126, 0.00032477479544468224, 0.00171675905585289, -0.0024010990746319294, 0.002591390861198306, -0.0029545689467340708, 0.010263633914291859, -0.0011346315732225776, -0.001081107067875564, -0.001129445037804544, -0.001340297982096672, -0.0005731538985855877], [0.0002565124596003443, -0.001231435569934547, -0.00024155501159839332, -0.0022546208929270506, 0.000669873901642859, -0.0027469657361507416, 0.0005262530758045614, -0.0011346315732225776, 0.007924581877887249, -0.002473250962793827, -0.000591152289416641, -0.00015147817612159997, -0.0015795368235558271], [-0.00036154952249489725, 0.002385831670835614, 0.00026159247499890625, 0.00201784772798419, -0.001685464521870017, 0.0013581556268036366, -9.90314656519331e-05, -0.001081107067875564, -0.002473250962793827, 0.011698214337229729, -0.0028235295321792364, -0.00021994663984514773, -0.0002791968290694058], [0.00017542099521961063, -0.001999956090003252, 0.0008521982235834002, -0.001205745036713779, 0.001013741479255259, 0.0005305386148393154, -0.0014539320254698396, -0.001129445037804544, -0.000591152289416641, -0.0028235295321792364, 0.011569381691515446, -0.005092509090900421, -0.0014103464782238007], [-0.00016496652096975595, 0.0016580714145675302, -0.0007184173446148634, 0.001001934171654284, 0.0014116311213001609, -0.0015066479099914432, -0.0007043760269880295, -0.001340297982096672, -0.00015147817612159997, -0.00021994663984514773, -0.005092509090900421, 0.011720656417310238, -0.004248468205332756], [5.9472513385117054e-05, -0.000735294830519706, -0.0007674512453377247, -0.00026444648392498493, -0.001913171843625605, 0.0005554317613132298, 0.0003075591230299324, -0.0005731538985855877, -0.0015795368235558271, -0.0002791968290694058, -0.0014103464782238007, -0.004248468205332756, 0.015016493387520313]], "lowlevel.mfcc.cov": [[21098.26171875, -3232.238525390625, -710.0800170898438, -250.545654296875, -777.1093139648438, -130.0295867919922, -14.284394264221191, 548.9852905273438, -96.9325180053711, 733.6895751953125, 106.8853988647461, 710.9107666015625, 806.3211059570312], [-3232.238525390625, 3764.029296875, -346.22503662109375, 112.33917999267578, 559.3272094726562, -369.31427001953125, 337.4942626953125, -103.35382080078125, -43.92781448364258, 172.90402221679688, -273.1691589355469, -34.45976638793945, -89.26012420654297], [-710.0800170898438, -346.22503662109375, 943.3173828125, 35.302276611328125, -56.64494705200195, 371.93450927734375, -133.55856323242188, 179.77633666992188, 70.55868530273438, -140.00149536132812, 127.21195220947266, -68.43950653076172, -12.868102073669434], [-250.545654296875, 112.33917999267578, 35.302276611328125, 355.43780517578125, 193.71127319335938, -46.80302810668945, -16.1735782623291, -56.257511138916016, 14.611797332763672, 55.40281677246094, -73.30106353759766, -25.781217575073242, -38.4640998840332], [-777.1093139648438, 559.3272094726562, -56.64494705200195, 193.71127319335938, 401.59808349609375, -83.24079132080078, -1.384548544883728, -86.16352844238281, 5.0315470695495605, 113.13605499267578, -138.55638122558594, -13.680314064025879, -54.20298385620117], [-130.0295867919922, -369.31427001953125, 371.93450927734375, -46.80302810668945, -83.24079132080078, 450.32696533203125, 9.68621826171875, 199.04898071289062, 145.9989471435547, -106.49254608154297, 227.75006103515625, 4.870993137359619, 28.69426727294922], [-14.284394264221191, 337.4942626953125, -133.55856323242188, -16.1735782623291, -1.384548544883728, 9.68621826171875, 314.5001220703125, 131.3368682861328, 67.35475158691406, 52.930965423583984, 78.3086929321289, 70.136962890625, 93.37060546875], [548.9852905273438, -103.35382080078125, 179.77633666992188, -56.257511138916016, -86.16352844238281, 199.04898071289062, 131.3368682861328, 335.9888610839844, 115.31517791748047, 2.113722801208496, 180.63839721679688, 67.25598907470703, 139.7455291748047], [-96.9325180053711, -43.92781448364258, 70.55868530273438, 14.611797332763672, 5.0315470695495605, 145.9989471435547, 67.35475158691406, 115.31517791748047, 191.6891632080078, 17.167800903320312, 110.71414184570312, 33.74460220336914, 29.614261627197266], [733.6895751953125, 172.90402221679688, -140.00149536132812, 55.40281677246094, 113.13605499267578, -106.49254608154297, 52.930965423583984, 2.113722801208496, 17.167800903320312, 245.281982421875, -73.75894165039062, 87.51229858398438, 54.844425201416016], [106.8853988647461, -273.1691589355469, 127.21195220947266, -73.30106353759766, -138.55638122558594, 227.75006103515625, 78.3086929321289, 180.63839721679688, 110.71414184570312, -73.75894165039062, 305.7242126464844, 33.104801177978516, 103.8079605102539], [710.9107666015625, -34.45976638793945, -68.43950653076172, -25.781217575073242, -13.680314064025879, 4.870993137359619, 70.136962890625, 67.25598907470703, 33.74460220336914, 87.51229858398438, 33.104801177978516, 130.10971069335938, 86.02862548828125], [806.3211059570312, -89.26012420654297, -12.868102073669434, -38.4640998840332, -54.20298385620117, 28.69426727294922, 93.37060546875, 139.7455291748047, 29.614261627197266, 54.844425201416016, 103.8079605102539, 86.02862548828125, 245.7292938232422]], "lowlevel.mfcc.icov": [[8.909035386750475e-05, 5.72692442801781e-05, 9.332314948551357e-05, -5.87181348237209e-05, 0.00016569765284657478, -5.144433453097008e-05, 0.0001199931648443453, -0.00017629933427087963, 0.00014285808720160276, -0.00023895964841358364, 0.00010583078255876899, -0.0002183921606047079, -0.00011074657231802121], [5.72692442801781e-05, 0.0004823085619136691, -1.641293420107104e-05, 0.0002431098691886291, -0.0005743834772147238, 0.00030858087120577693, -0.0005357915651984513, -0.00017541227862238884, 0.00010108276183018461, -8.189798245439306e-05, 0.00013234469224698842, 0.00010525879770284519, 7.842059130780399e-05], [9.332314948551357e-05, -1.641293420107104e-05, 0.0021655543241649866, -0.0005992099759168923, 0.00037903781048953533, -0.0017100860131904483, 0.0011975003872066736, -0.0013093906454741955, 0.0005289173568598926, -3.882208329741843e-05, 0.0006405565654858947, 0.0005168961361050606, -0.0002262945636175573], [-5.87181348237209e-05, 0.0002431098691886291, -0.0005992099759168923, 0.004258403088897467, -0.0022717805113643408, 0.0007635829970240593, -0.0005559321725741029, 0.0004949884605593979, -0.0008013674523681402, -0.00015413752407766879, -0.0001265794417122379, 0.0009666921105235815, 0.00010165839921683073], [0.00016569765284657478, -0.0005743834772147238, 0.00037903781048953533, -0.0022717805113643408, 0.0056800576858222485, -0.001229380606673658, 0.0007263661245815456, 0.00024766771821305156, -0.00031979233608581126, -0.0021725385449826717, 0.0015604423824697733, 0.00016145767585840076, -0.00030079143471084535], [-5.144433453097008e-05, 0.00030858087120577693, -0.0017100860131904483, 0.0007635829970240593, -0.001229380606673658, 0.006710316054522991, -3.858142008539289e-05, -0.001131939934566617, -0.002352221170440316, 0.0015854111406952143, -0.0028133240994066, -0.0007588908192701638, 0.0012983063934370875], [0.0001199931648443453, -0.0005357915651984513, 0.0011975003872066736, -0.0005559321725741029, 0.0007263661245815456, -3.858142008539289e-05, 0.005954498425126076, -0.0022045362275093794, -0.0005483710556291044, -0.0002681045443750918, -0.0005207593785598874, -0.0014062045374885201, -0.0006185587262734771], [-0.00017629933427087963, -0.00017541227862238884, -0.0013093906454741955, 0.0004949884605593979, 0.00024766771821305156, -0.001131939934566617, -0.0022045362275093794, 0.007661908864974976, -0.0016273231012746692, -9.46103609749116e-05, -0.0011613675160333514, -0.00026943875127471983, -0.002006957307457924], [0.00014285808720160276, 0.00010108276183018461, 0.0005289173568598926, -0.0008013674523681402, -0.00031979233608581126, -0.002352221170440316, -0.0005483710556291044, -0.0016273231012746692, 0.009340799413621426, -0.0018913475796580315, -0.0018057548440992832, -0.0009208338451571763, 0.0011897998629137874], [-0.00023895964841358364, -8.189798245439306e-05, -3.882208329741843e-05, -0.00015413752407766879, -0.0021725385449826717, 0.0015854111406952143, -0.0002681045443750918, -9.46103609749116e-05, -0.0018913475796580315, 0.008843252435326576, 0.0014477083459496498, -0.004259670618921518, -0.0006465588812716305], [0.00010583078255876899, 0.00013234469224698842, 0.0006405