{"song_id": "1182270704415162418", "download": "https://cdn.discordapp.com/attachments/1128313332273782784/1182270704415162418/chirp.mp4?ex=65841665&amp", "lyrics": "[Verse]\nIvan, bljad, Jacky Dose on the rise\n10 tausend Euro couch, we living so high\nMercedes E-Klasse, V8 motor, that's the ride\nRiesen Haus mit Pool, we got it all on our side\n\n[Chorus]\nLiving lavish, no room for doubts\nWe balling hard, no limits in our accounts\nIvan, bljad, Jacky Dose, we taking over the game\nFrom the streets to the penthouse, we made it our fame", "style": ["korean pop"], "essentia_features": {"lowlevel.average_loudness": 0.8467013835906982, "lowlevel.barkbands_crest.mean": 15.959240913391113, "lowlevel.barkbands_crest.stdev": 5.890403747558594, "lowlevel.barkbands_flatness_db.mean": 0.318103551864624, "lowlevel.barkbands_flatness_db.stdev": 0.09738749265670776, "lowlevel.barkbands_kurtosis.mean": 28.97244644165039, "lowlevel.barkbands_kurtosis.stdev": 131.14175415039062, "lowlevel.barkbands_skewness.mean": 2.9762766361236572, "lowlevel.barkbands_skewness.stdev": 3.3872315883636475, "lowlevel.barkbands_spread.mean": 11.264982223510742, "lowlevel.barkbands_spread.stdev": 16.41923713684082, "lowlevel.dissonance.mean": 0.3958626389503479, "lowlevel.dissonance.stdev": 0.07417567074298859, "lowlevel.dynamic_complexity": 4.3481292724609375, "lowlevel.erbbands_crest.mean": 13.81674575805664, "lowlevel.erbbands_crest.stdev": 5.295588970184326, "lowlevel.erbbands_flatness_db.mean": 0.2743103504180908, "lowlevel.erbbands_flatness_db.stdev": 0.08548934012651443, "lowlevel.erbbands_kurtosis.mean": 4.239630222320557, "lowlevel.erbbands_kurtosis.stdev": 6.775981426239014, "lowlevel.erbbands_skewness.mean": 1.0067602396011353, "lowlevel.erbbands_skewness.stdev": 1.4242513179779053, "lowlevel.erbbands_spread.mean": 29.785734176635742, "lowlevel.erbbands_spread.stdev": 33.4675178527832, "lowlevel.hfc.mean": 11.256123542785645, "lowlevel.hfc.stdev": 19.593637466430664, "lowlevel.loudness_ebu128.integrated": -22.819936752319336, "lowlevel.loudness_ebu128.loudness_range": 6.586786270141602, "lowlevel.loudness_ebu128.momentary.mean": -24.473119735717773, "lowlevel.loudness_ebu128.momentary.stdev": 4.191374778747559, "lowlevel.loudness_ebu128.short_term.mean": -23.4245548248291, "lowlevel.loudness_ebu128.short_term.stdev": 2.5230553150177, "lowlevel.melbands_crest.mean": 20.380233764648438, "lowlevel.melbands_crest.stdev": 6.977989673614502, "lowlevel.melbands_flatness_db.mean": 0.37873268127441406, "lowlevel.melbands_flatness_db.stdev": 0.1380896121263504, "lowlevel.melbands_kurtosis.mean": 44.635528564453125, "lowlevel.melbands_kurtosis.stdev": 97.00255584716797, "lowlevel.melbands_skewness.mean": 3.7422428131103516, "lowlevel.melbands_skewness.stdev": 3.5638580322265625, "lowlevel.melbands_spread.mean": 13.381560325622559, "lowlevel.melbands_spread.stdev": 26.645263671875, "lowlevel.pitch_salience.mean": 0.4439237117767334, "lowlevel.pitch_salience.stdev": 0.18975892663002014, "lowlevel.silence_rate_20dB.mean": 0.9861711263656616, "lowlevel.silence_rate_20dB.stdev": 0.11678121984004974, "lowlevel.silence_rate_30dB.mean": 0.9230769276618958, "lowlevel.silence_rate_30dB.stdev": 0.2664700448513031, "lowlevel.silence_rate_60dB.mean": 0.15730337798595428, "lowlevel.silence_rate_60dB.stdev": 0.36408868432044983, "lowlevel.spectral_centroid.mean": 801.1863403320312, "lowlevel.spectral_centroid.stdev": 879.9205322265625, "lowlevel.spectral_complexity.mean": 6.585134029388428, "lowlevel.spectral_complexity.stdev": 5.713167667388916, "lowlevel.spectral_decrease.mean": -9.360959118964729e-09, "lowlevel.spectral_decrease.stdev": 1.926988346667713e-08, "lowlevel.spectral_energy.mean": 0.03635140135884285, "lowlevel.spectral_energy.stdev": 0.07385991513729095, "lowlevel.spectral_energyband_high.mean": 0.0004114609328098595, "lowlevel.spectral_energyband_high.stdev": 0.0011591750662773848, "lowlevel.spectral_energyband_low.mean": 0.022796018049120903, "lowlevel.spectral_energyband_low.stdev": 0.0604112483561039, "lowlevel.spectral_energyband_middle_high.mean": 0.0015431494684889913, "lowlevel.spectral_energyband_middle_high.stdev": 0.004139469936490059, "lowlevel.spectral_energyband_middle_low.mean": 0.01267995871603489, "lowlevel.spectral_energyband_middle_low.stdev": 0.03698805347084999, "lowlevel.spectral_entropy.mean": 6.580796718597412, "lowlevel.spectral_entropy.stdev": 0.9551231265068054, "lowlevel.spectral_flux.mean": 0.08984334021806717, "lowlevel.spectral_flux.stdev": 0.12174483388662338, "lowlevel.spectral_kurtosis.mean": 29.061861038208008, "lowlevel.spectral_kurtosis.stdev": 42.33500671386719, "lowlevel.spectral_rms.mean": 0.004634893964976072, "lowlevel.spectral_rms.stdev": 0.0037393271923065186, "lowlevel.spectral_rolloff.mean": 1045.7469482421875, "lowlevel.spectral_rolloff.stdev": 2037.7275390625, "lowlevel.spectral_skewness.mean": 3.378610849380493, "lowlevel.spectral_skewness.stdev": 2.5871028900146484, "lowlevel.spectral_spread.mean": 3991172.25, "lowlevel.spectral_spread.stdev": 3042601.0, "lowlevel.spectral_strongpeak.mean": 0.659439206123352, "lowlevel.spectral_strongpeak.stdev": 0.586575984954834, "lowlevel.zerocrossingrate.mean": 0.038988225162029266, "lowlevel.zerocrossingrate.stdev": 0.05239256098866463, "metadata.audio_properties.analysis.equal_loudness": 0.0, "metadata.audio_properties.analysis.length": 26.837324142456055, "metadata.audio_properties.analysis.sample_rate": 44100.0, "metadata.audio_properties.analysis.start_time": 0.0, "metadata.audio_properties.bit_rate": 102014.0, "metadata.audio_properties.length": 26.83733367919922, "metadata.audio_properties.lossless": 0.0, "metadata.audio_properties.number_channels": 1.0, "metadata.audio_properties.replay_gain": -4.4580078125, "metadata.audio_properties.sample_rate": 48000.0, "rhythm.beats_count": 58.0, "rhythm.beats_loudness.mean": 0.08586755394935608, "rhythm.beats_loudness.stdev": 0.13594555854797363, "rhythm.bpm": 131.85289001464844, "rhythm.bpm_histogram_first_peak_bpm": 133.0, "rhythm.bpm_histogram_first_peak_weight": 0.2399999499320984, "rhythm.bpm_histogram_second_peak_bpm": 117.0, "rhythm.bpm_histogram_second_peak_spread": 0.3333333134651184, "rhythm.bpm_histogram_second_peak_weight": 0.035087719559669495, "rhythm.danceability": 1.4050400257110596, "rhythm.onset_rate": 5.064445495605469, "tonal.chords_changes_rate": 0.07944732159376144, "tonal.chords_number_rate": 0.015544041059911251, "tonal.chords_strength.mean": 0.5572842359542847, "tonal.chords_strength.stdev": 0.09258565306663513, "tonal.hpcp_crest.mean": 13.663352012634277, "tonal.hpcp_crest.stdev": 5.894134998321533, "tonal.hpcp_entropy.mean": 1.9398735761642456, "tonal.hpcp_entropy.stdev": 0.72320955991745, "tonal.key_edma.strength": 0.6069356203079224, "tonal.key_krumhansl.strength": 0.5999550223350525, "tonal.key_temperley.strength": 0.5596413016319275, "tonal.tuning_diatonic_strength": 0.5572124719619751, "tonal.tuning_equal_tempered_deviation": 0.24168337881565094, "tonal.tuning_frequency": 446.6578369140625, "tonal.tuning_nontempered_energy_ratio": 0.9062017798423767, "lowlevel.barkbands.mean": [0.00039232621202245355, 0.017687266692519188, 0.003722160356119275, 0.0019629751332104206, 0.0031278454698622227, 0.0040230462327599525, 0.00152187782805413, 0.0010557735804468393, 0.0008040252723731101, 0.0004599610110744834, 0.00027477581170387566, 0.0003277556970715523, 0.00018702872330322862, 0.00012290004815440625, 6.939747981959954e-05, 7.600482058478519e-05, 4.8189023800659925e-05, 3.265109262429178e-05, 2.8030346584273502e-05, 2.7543721444089897e-05, 1.5470337530132383e-05, 4.6915080019971356e-05, 9.894349204842001e-05, 0.00013852192205376923, 9.994267747970298e-05, 9.795319755312448e-08, 4.586137691831027e-09], "lowlevel.barkbands.stdev": [0.0008379765204153955, 0.04578319191932678, 0.021188927814364433, 0.012088131159543991, 0.016829175874590874, 0.009577900171279907, 0.003578935982659459, 0.002791381673887372, 0.002219210844486952, 0.0011099897092208266, 0.0009745443239808083, 0.001272086170502007, 0.0008368545677512884, 0.0004956941120326519, 0.00031903255148790777, 0.00036733338492922485, 0.0001712390367174521, 0.00015959945449139923, 0.00011471458128653467, 9.770392352947965e-05, 5.76904603803996e-05, 0.0001525516272522509, 0.0003424998722039163, 0.0004525685799308121, 0.00032501708483323455, 1.1903701988558169e-06, 4.744190462702136e-08], "lowlevel.erbbands.mean": [0.5013617277145386, 3.9157755374908447, 5.318212032318115, 5.473104953765869, 7.5615692138671875, 10.300127983093262, 29.728500366210938, 27.43038558959961, 17.10260581970215, 33.6594352722168, 17.831459045410156, 19.350460052490234, 16.24593162536621, 10.7532377243042, 12.424981117248535, 13.79037857055664, 9.414183616638184, 6.57957649230957, 4.614595890045166, 3.7564003467559814, 3.876098871231079, 2.860065460205078, 2.126680612564087, 1.135569453239441, 1.6514346599578857, 1.2962111234664917, 0.7217825055122375, 0.6488072872161865, 1.690731167793274, 2.7290873527526855, 2.516876220703125, 2.227389097213745, 2.8182923793792725, 2.0885467529296875, 0.12883540987968445, 0.004384252708405256, 0.00037139063351787627, 4.807725053979084e-05, 2.4437631509499624e-05, 4.229453043080866e-05], "lowlevel.erbbands.stdev": [0.9922004342079163, 11.675541877746582, 25.949853897094727, 31.660539627075195, 42.62833023071289, 58.19209289550781, 82.0098876953125, 77.95338439941406, 51.67645263671875, 79.74421691894531, 41.29371643066406, 58.89787292480469, 36.553218841552734, 28.213613510131836, 46.809783935546875, 53.97679138183594, 40.6845817565918, 25.41720962524414, 20.45572280883789, 16.226945877075195, 18.890024185180664, 9.859792709350586, 9.776613235473633, 5.063408374786377, 6.255200386047363, 4.577423572540283, 2.8961005210876465, 2.1632394790649414, 5.722148418426514, 9.020236015319824, 8.761652946472168, 8.168163299560547, 8.689034461975098, 6.681940078735352, 0.4413171112537384, 0.017704607918858528, 0.0017964111175388098, 0.0002092350332532078, 4.470437852432951e-05, 8.196957787731662e-05], "lowlevel.gfcc.mean": [-155.64979553222656, 146.8693389892578, -101.10994720458984, 8.972018241882324, -77.72767639160156, 9.499457359313965, -39.38705062866211, 0.6902900338172913, -5.395134925842285, -16.414413452148438, 10.538814544677734, -11.481575965881348, 12.793000221252441], "lowlevel.melbands.mean": [0.004795755259692669, 0.0035664155147969723, 0.0010194567730650306, 0.0006027292110957205, 0.0009171564015559852, 0.0006453204550780356, 0.00027634872822090983, 0.0003476582933217287, 0.0001372863625874743, 0.00011724305659299716, 7.909093255875632e-05, 4.387732406030409e-05, 3.885692058247514e-05, 3.960241883760318e-05, 2.8937623937963508e-05, 1.5998475646483712e-05, 1.1971301319135819e-05, 7.95601044956129e-06, 4.8587776291242335e-06, 5.346535544958897e-06, 4.153644567850279e-06, 2.8160150122857885e-06, 2.7928274448640877e-06, 1.2120563042117283e-06, 8.38678204218013e-07, 1.1615925359365065e-06, 1.1901344123543822e-06, 7.773856509629695e-07, 4.6362126226995315e-07, 3.763322808936209e-07, 3.3776603913793224e-07, 8.820263701636577e-07, 1.084148493646353e-06, 1.8544483282312285e-06, 1.5583934782625875e-06, 1.1131055543955881e-06, 1.515192252554698e-06, 1.9049628008360742e-06, 2.176540647269576e-06, 1.5982625427568564e-06], "lowlevel.melbands.stdev": [0.011019757017493248, 0.013153196312487125, 0.005596618168056011, 0.0034799501299858093, 0.002843535039573908, 0.0017267512157559395, 0.0007567032007500529, 0.0008366676047444344, 0.00033489862107671797, 0.0003542898048181087, 0.00018157815793529153, 0.00011800749052781612, 0.0001416700688423589, 0.0001514217583462596, 0.00012693420285359025, 6.724380364175886e-05, 4.783552867593244e-05, 3.6124511098023504e-05, 2.168755599996075e-05, 2.6123600036953576e-05, 1.9788720237556845e-05, 1.0090364412462804e-05, 1.0981029845424928e-05, 6.2511066971637774e-06, 3.9371138882415835e-06, 4.732357410830446e-06, 4.2359988583484665e-06, 2.9153118248359533e-06, 2.0014026631542947e-06, 1.4560093859472545e-06, 1.1305171483400045e-06, 3.1612148632120807e-06, 3.4268070976395393e-06, 6.68368693368393e-06, 5.718896773032611e-06, 4.0426016312267166e-06, 6.00739167566644e-06, 6.314007350738393e-06, 6.455745278799441e-06, 5.442099791252986e-06], "lowlevel.melbands128.mean": [0.0003760805120691657, 0.0034972296562045813, 0.007252150680869818, 0.006254308391362429, 0.0033769700676202774, 0.001612432999536395, 0.0010754565009847283, 0.0009647091501392424, 0.0007601803517900407, 0.0005213332478888333, 0.0005239956662990153, 0.0006756673683412373, 0.0011156039545312524, 0.0011584084713831544, 0.0006222663796506822, 0.0004203191783744842, 0.0002500276896171272, 0.0002048567694146186, 0.00034727156162261963, 0.00047894922317937016, 0.00029398416518233716, 0.00012103199696866795, 0.00012200220953673124, 0.00014067601296119392, 0.0001446326496079564, 9.605623199604452e-05, 7.848595851100981e-05, 8.83627581060864e-05, 7.085904508130625e-05, 4.921458457829431e-05, 3.2367115636589006e-05, 3.535565338097513e-05, 3.948607627535239e-05, 4.4357333536027e-05, 3.370489503140561e-05, 4.509516293182969e-05, 3.6494624509941787e-05, 2.8525964808068238e-05, 2.4153276172000915e-05, 2.106083047692664e-05, 1.2855843124270905e-05, 1.0768991160148289e-05, 1.247862383024767e-05, 1.3018343452131376e-05, 9.591474736225791e-06, 7.48964066588087e-06, 5.357875124900602e-06, 4.359101694717538e-06, 4.80678954772884e-06, 5.257910288491985e-06, 4.745296337205218e-06, 6.844210929557448e-06, 4.407884262036532e-06, 3.4388799576845486e-06, 2.2581798475584947e-06, 2.9343439109652536e-06, 2.93331618195225e-06, 3.164688450851827e-06, 2.975158622575691e-06, 1.7502660512036528e-06, 1.0662970453267917e-06, 7.666340593459608e-07, 8.246337301898166e-07, 8.529052593075903e-07, 8.720056712263613e-07, 1.166993570222985e-06, 1.3734894537265063e-06, 1.1830899211418e-06, 1.2440611953934422e-06, 1.1006362683474435e-06, 7.299863113985339e-07, 6.773373684154649e-07, 5.311216000336572e-07, 4.2906165731437795e-07, 3.616107449033734e-07, 4.113533691452176e-07, 3.7465724744834006e-07, 2.8642929805755557e-07, 3.474499692401878e-07, 3.152620422497421e-07, 7.514729531976627e-07, 1.2064220982210827e-06, 1.035991317621665e-06, 1.1141291906824335e-06, 1.0154915344173787e-06, 1.3982136124468525e-06, 2.302759867234272e-06, 2.513637355150422e-06, 1.1695176453940803e-06, 1.2204249060232542e-06, 1.3911891301177093e-06, 9.335324762105301e-07, 9.104468290388468e-07, 1.5302098290703725e-06, 1.913893356686458e-06, 1.7578480537849828e-06, 1.906502461679338e-06, 2.1551468307734467e-06, 1.9143553799949586e-06, 2.297325181643828e-06, 2.65498306362133e-06, 1.6043053392422735e-06, 2.255212052659772e-07, 5.657319945839845e-08, 7.806894686268606e-09, 4.657653818185281e-09, 3.1670708278142e-09, 1.697970430925011e-09, 1.1335257177336189e-09, 7.871460150354892e-10, 5.471835207160325e-10, 4.3616113498679e-10, 2.654384489986228e-10, 1.9480056456799844e-10, 1.4853962504446372e-10, 1.161925902715133e-10, 7.666663831562559e-11, 4.491861743671777e-11, 2.5954809482198193e-11, 1.7257839254880558e-11, 1.2766290628796195e-11, 6.2749996171396205e-12, 5.4366138327321956e-12, 5.513981198718154e-12, 5.403521814023593e-12, 5.037839936883337e-12, 4.68396415403971e-12, 4.44224431545015e-12], "lowlevel.melbands128.stdev": [0.0008134452509693801, 0.0063705346547067165, 0.017756523564457893, 0.021295273676514626, 0.016271714121103287, 0.009183954447507858, 0.006831081584095955, 0.005636714398860931, 0.0043188659474253654, 0.0034953411668539047, 0.0032399208284914494, 0.003351162187755108, 0.0031665307469666004, 0.002513687126338482, 0.001994770485907793, 0.0017012563766911626, 0.001101848902180791, 0.0006756646325811744, 0.000881669286172837, 0.0012977896258234978, 0.0009454389801248908, 0.0003970888792537153, 0.0003966601216234267, 0.000496461580041796, 0.0005913071217946708, 0.0003583827055990696, 0.00022846649517305195, 0.00026554818032309413, 0.00020425101683940738, 0.00017054886848200113, 0.00011741131311282516, 0.00013527295959647745, 0.00016342279559466988, 0.00022683030692860484, 0.00014606607146561146, 0.00019441857875790447, 0.00016103277448564768, 0.00013826187932863832, 0.0001561049575684592, 0.0001003850411507301, 6.204315286595374e-05, 5.3104115067981184e-05, 5.092400169814937e-05, 6.035172555129975e-05, 4.8318004701286554e-05, 3.9604179619345814e-05, 2.9332153644645587e-05, 2.169970866816584e-05, 2.106990541506093e-05, 2.4553979528718628e-05, 2.6655416149878874e-05, 4.263760638423264e-05, 2.6605779567034915e-05, 1.5133331544348039e-05, 9.942134056473151e-06, 1.2430630704329815e-05, 9.9627304734895e-06, 1.2157551282143686e-05, 1.5999004972400144e-05, 9.831466741161421e-06, 6.173317615321139e-06, 3.841787929559359e-06, 4.084615738975117e-06, 4.4819930735684466e-06, 4.131657988182269e-06, 5.202306510909693e-06, 5.969775884295814e-06, 4.461368462216342e-06, 5.024958682042779e-06, 3.712598299898673e-06, 2.7919331841985695e-06, 3.721429948200239e-06, 2.2558542696060613e-06, 1.971282699742005e-06, 1.6770113688835409e-06, 1.7586946796654956e-06, 1.5182704373728484e-06, 1.0483349797141273e-06, 1.3154317457519937e-06, 1.058126031239226e-06, 2.8934016427228926e-06, 4.589667696563993e-06, 3.9088681660359725e-06, 3.4589686492836336e-06, 3.5476364246278536e-06, 5.365435299609089e-06, 9.204214620694984e-06, 1.0926749382633716e-05, 4.566419192997273e-06, 5.267022515909048e-06, 5.310988854034804e-06, 3.5605310131359147e-06, 3.4262629924342036e-06, 6.462024884967832e-06, 8.59308784129098e-06, 7.392111911030952e-06, 6.681506420136429e-06, 7.104417818482034e-06, 5.818274985358585e-06, 7.384941454802174e-06, 9.733176739246119e-06, 6.113672498031519e-06, 9.717736020320444e-07, 3.1262118227459723e-07, 7.152004855015548e-08, 5.215132503622044e-08, 3.433348538806058e-08, 2.0623097896077525e-08, 1.677589622772757e-08, 9.578877246951834e-09, 6.95431978670058e-09, 5.4656785763995686e-09, 3.1757894092265815e-09, 2.4162749578948706e-09, 1.8246401056742911e-09, 1.3928820319364377e-09, 8.946779983531883e-10, 6.656246109848496e-10, 3.367056633507559e-10, 1.9593569822173862e-10, 1.6985980677564072e-10, 2.5517846516387444e-11, 1.603919601300685e-11, 2.0923688129337314e-11, 2.4133549325622283e-11, 2.3158643405740698e-11, 1.8407251417551507e-11, 1.3878058424676709e-11], "lowlevel.mfcc.mean": [-796.3341674804688, 167.3402099609375, 33.404544830322266, -5.9203901290893555, 0.834457516670227, -11.781350135803223, -6.512252330780029, -0.6320756673812866, -4.358230113983154, -2.811399459838867, -3.5700106620788574, -5.812817573547363, 6.338418006896973], "lowlevel.spectral_contrast_coeffs.mean": [-0.6091252565383911, -0.741617739200592, -0.781822919845581, -0.8274939060211182, -0.8052912950515747, -0.8121397495269775], "lowlevel.spectral_contrast_coeffs.stdev": [0.11690381914377213, 0.09732578694820404, 0.06434262543916702, 0.054048094898462296, 0.053276386111974716, 0.04293118417263031], "lowlevel.spectral_contrast_valleys.mean": [-8.120560646057129, -7.38185453414917, -8.15371322631836, -9.10978889465332, -9.794393539428711, -11.939879417419434], "lowlevel.spectral_contrast_valleys.stdev": [1.5835798978805542, 0.9592335820198059, 1.0005799531936646, 1.0723375082015991, 1.4001059532165527, 1.9718409776687622], "rhythm.beats_loudness_band_ratio.mean": [0.4140564501285553, 0.18287670612335205, 0.1990697830915451, 0.11263958364725113, 0.0426861010491848, 0.0633237212896347], "rhythm.beats_loudness_band_ratio.stdev": [0.37782713770866394, 0.25482815504074097, 0.24729174375534058, 0.15340259671211243, 0.06803823262453079, 0.157194122672081], "tonal.hpcp.mean": [0.03415291756391525, 0.0392497293651104, 0.053741928189992905, 0.058759745210409164, 0.0565195232629776, 0.14589641988277435, 0.2414831519126892, 0.16753704845905304, 0.08287294954061508, 0.060757480561733246, 0.03856978937983513, 0.04513505473732948, 0.06093958392739296, 0.08041262626647949, 0.10125697404146194, 0.0945386067032814, 0.1368224322795868, 0.2700751721858978, 0.22905927896499634, 0.09835124015808105, 0.09152127802371979, 0.08356895297765732, 0.0726342499256134, 0.07185570895671844, 0.06401694566011429, 0.05820801854133606, 0.05344139412045479, 0.05523199215531349, 0.08999932557344437, 0.10674537718296051, 0.0893486887216568, 0.0775490403175354, 0.09530191868543625, 0.10752824693918228, 0.07009337842464447, 0.04037519544363022], "tonal.hpcp.stdev": [0.12044330686330795, 0.12491793185472488, 0.15034210681915283, 0.1612587571144104, 0.1631300151348114, 0.25605782866477966, 0.3927418887615204, 0.2859984338283539, 0.21682621538639069, 0.17299649119377136, 0.12050089240074158, 0.14890319108963013, 0.1808534860610962, 0.20413361489772797, 0.2342897206544876, 0.22360657155513763, 0.22948087751865387, 0.37850427627563477, 0.3252430856227875, 0.22279290854930878, 0.22184742987155914, 0.21000203490257263, 0.1812181919813156, 0.17040036618709564, 0.18099859356880188, 0.1626526564359665, 0.1660248041152954, 0.15680208802223206, 0.21205304563045502, 0.23546956479549408, 0.22375668585300446, 0.20401395857334137, 0.22493049502372742, 0.2690503001213074, 0.17469210922718048, 0.13497789204120636], "rhythm.beats_position": [0.4760090708732605, 0.9636281132698059, 1.4396371841430664, 1.9272562265396118, 2.4380950927734375, 2.9489340782165527, 3.4481632709503174, 3.9241721630096436, 4.388571262359619, 4.852970600128174, 5.305759429931641, 5.758548736572266, 6.211337566375732, 6.664126873016357, 7.128525733947754, 7.581315040588379, 8.034104347229004, 8.498503684997559, 8.951292037963867, 9.404081344604492, 9.856870651245117, 10.309659957885742, 10.76244831085205, 11.215237617492676, 11.67963695526123, 12.120816230773926, 12.58521556854248, 13.038003921508789, 13.490793228149414, 13.943582534790039, 14.396371841430664, 14.849161148071289, 15.301949501037598, 15.766348838806152, 16.21913719177246, 16.671926498413086, 17.12471580505371, 17.577505111694336, 18.04190444946289, 18.494693756103516, 18.94748306274414, 19.400272369384766, 19.85306167602539, 20.317459106445312, 20.770248413085938, 21.223037719726562, 21.675827026367188, 22.128616333007812, 22.581405639648438, 23.034194946289062, 23.486984252929688, 23.939773559570312, 24.392560958862305, 24.84535026550293, 25.309749603271484, 25.76253890991211, 26.215328216552734, 26.67972755432129], "rhythm.bpm_histogram": [0.0, 0.0, 0.0, 0.0, 0.0, 0.0, 0.0, 0.0, 0.0, 0.0, 0.0, 0.0, 0.0, 0.0, 0.0, 0.0, 0.0, 0.0, 0.0, 0.0, 0.0, 0.0, 0.0, 0.0, 0.0, 0.0, 0.0, 0.0, 0.0, 0.0, 0.0, 0.0, 0.0, 0.0, 0.0, 0.0, 0.0, 0.0, 0.0, 0.0, 0.0, 0.0, 0.0, 0.0, 0.0, 0.0, 0.0, 0.0, 0.0, 0.0, 0.0, 0.0, 0.0, 0.0, 0.0, 0.0, 0.0, 0.0, 0.0, 0.0, 0.0, 0.0, 0.0, 0.0, 0.0, 0.0, 0.0, 0.0, 0.0, 0.0, 0.0, 0.0, 0.0, 0.0, 0.0, 0.0, 0.0, 0.0, 0.0, 0.0, 0.0, 0.0, 0.0, 0.0, 0.0, 0.0, 0.0, 0.0, 0.0, 0.0, 0.0, 0.0, 0.0, 0.0, 0.0, 0.0, 0.0, 0.0, 0.0, 0.0, 0.0, 0.0, 0.0, 0.0, 0.0, 0.0, 0.0, 0.0, 0.0, 0.0, 0.0, 0.0, 0.0, 0.0, 0.0, 0.0, 0.0, 0.035087719559669495, 0.0, 0.0, 0.017543859779834747, 0.0, 0.0, 0.035087719559669495, 0.0, 0.0, 0.035087719559669495, 0.0, 0.0, 0.19298245012760162, 0.0, 0.0, 0.0, 0.6666666865348816, 0.0, 0.0, 0.017543859779834747, 0.0, 0.0, 0.0, 0.0, 0.0, 0.0, 0.0, 0.0, 0.0, 0.0, 0.0, 0.0, 0.0, 0.0, 0.0, 0.0, 0.0, 0.0, 0.0, 0.0, 0.0, 0.0, 0.0, 0.0, 0.0, 0.0, 0.0, 0.0, 0.0, 0.0, 0.0, 0.0, 0.0, 0.0, 0.0, 0.0, 0.0, 0.0, 0.0, 0.0, 0.0, 0.0, 0.0, 0.0, 0.0, 0.0, 0.0, 0.0, 0.0, 0.0, 0.0, 0.0, 0.0, 0.0, 0.0, 0.0, 0.0, 0.0, 0.0, 0.0, 0.0, 0.0, 0.0, 0.0, 0.0, 0.0, 0.0, 0.0, 0.0, 0.0, 0.0, 0.0, 0.0, 0.0, 0.0, 0.0, 0.0, 0.0, 0.0, 0.0, 0.0, 0.0, 0.0, 0.0, 0.0, 0.0, 0.0, 0.0, 0.0, 0.0, 0.0, 0.0, 0.0, 0.0, 0.0, 0.0, 0.0, 0.0, 0.0, 0.0, 0.0, 0.0, 0.0, 0.0, 0.0, 0.0, 0.0, 0.0, 0.0, 0.0, 0.0, 0.0, 0.0], "tonal.chords_histogram": [0.3454231321811676, 5.354058742523193, 0.0, 0.0, 0.1727115660905838, 3.799654483795166, 0.5181347131729126, 4.145077705383301, 1.0362694263458252, 0.0, 0.6908462643623352, 0.1727115660905838, 0.0, 0.0, 0.1727115660905838, 0.3454231321811676, 5.872193336486816, 18.480138778686523, 46.113990783691406, 8.117444038391113, 0.0, 0.0, 0.1727115660905838, 4.4905009269714355], "tonal.thpcp": [1.0, 0.848131537437439, 0.36416247487068176, 0.33887335658073425, 0.30942848324775696, 0.26894086599349976, 0.26605817675590515, 0.23703379929065704, 0.21552525460720062, 0.1978759914636612, 0.20450599491596222, 0.33323806524276733, 0.39524319767951965, 0.3308289647102356, 0.2871387302875519, 0.352871835231781, 0.39814192056655884, 0.2595328390598297, 0.1494961380958557, 0.126457080245018, 0.14532890915870667, 0.19898878037929535, 0.21756811439990997, 0.2092733085155487, 0.5402067303657532, 0.8941330909729004, 0.6203348636627197, 0.30685141682624817, 0.22496506571769714, 0.14281131327152252, 0.1671203374862671, 0.22563934326171875, 0.2977416515350342, 0.37492144107818604, 0.3500455319881439, 0.5066087245941162], "lowlevel.gfcc.cov": [[11958.224609375, -2702.742431640625, 313.39276123046875, 2740.306884765625, -634.7728271484375, 1878.7978515625, -156.63201904296875, 1006.57958984375, -173.7542724609375, 241.6072998046875, 346.928466796875, -240.8979034423828, -81.19326782226562], [-2702.742431640625, 4209.24560546875, 348.4970703125, -1657.2724609375, 1562.091552734375, -1043.5235595703125, 547.1449584960938, -244.80450439453125, 501.60137939453125, -152.8306427001953, 155.9808807373047, 88.23587799072266, 168.7737579345703], [313.39276123046875, 348.4970703125, 2291.11767578125, 929.5656127929688, 416.0074768066406, 848.9332275390625, 579.66064453125, 295.0195617675781, 240.03927612304688, 267.0236511230469, 256.8128662109375, 233.3079833984375, 230.0453643798828], [2740.306884765625, -1657.2724609375, 929.5656127929688, 2295.650634765625, -49.84585189819336, 1041.0643310546875, 283.5299377441406, 433.08453369140625, 73.11183166503906, 233.25994873046875, 212.36700439453125, 51.12657165527344, 87.44064331054688], [-634.7728271484375, 1562.091552734375, 416.0074768066406, -49.84585189819336, 1250.9603271484375, -4.866445064544678, 492.81097412109375, 141.0892333984375, 409.30194091796875, 118.3597412109375, 185.854248046875, 128.91683959960938, 144.41676330566406], [1878.7978515625, -1043.5235595703125, 848.9332275390625, 1041.0643310546875, -4.866445064544678, 1330.715087890625, 456.3609924316406, 421.364990234375, 65.00212860107422, 263.2995910644531, 202.67465209960938, 107.19139099121094, 102.56737518310547], [-156.63201904296875, 547.1449584960938, 579.66064453125, 283.5299377441406, 492.81097412109375, 456.3609924316406, 833.039306640625, 254.7474365234375, 216.28955078125, 156.6656494140625, 199.5253448486328, 154.9295196533203, 108.00041198730469], [1006.57958984375, -244.80450439453125, 295.0195617675781, 433.08453369140625, 141.0892333984375, 421.364990234375, 254.7474365234375, 417.0939025878906, 151.74337768554688, 142.60838317871094, 128.4347381591797, 48.36539077758789, 74.6629638671875], [-173.7542724609375, 501.60137939453125, 240.03927612304688, 73.11183166503906, 409.30194091796875, 65.00212860107422, 216.28955078125, 151.74337768554688, 362.30352783203125, 141.5619354248047, 84.16600799560547, 69.78771209716797, 80.88526916503906], [241.6072998046875, -152.8306427001953, 267.0236511230469, 233.25994873046875, 118.3597412109375, 263.2995910644531, 156.6656494140625, 142.60838317871094, 141.5619354248047, 264.4683837890625, 110.12378692626953, 69.31990051269531, 65.59326934814453], [346.928466796875, 155.9808807373047, 256.8128662109375, 212.36700439453125, 185.854248046875, 202.67465209960938, 199.5253448486328, 128.4347381591797, 84.16600799560547, 110.12378692626953, 208.2448272705078, 83.0128173828125, 86.37189483642578], [-240.8979034423828, 88.23587799072266, 233.3079833984375, 51.12657165527344, 128.91683959960938, 107.19139099121094, 154.9295196533203, 48.36539077758789, 69.78771209716797, 69.31990051269531, 83.0128173828125, 178.07540893554688, 96.34811401367188], [-81.19326782226562, 168.7737579345703, 230.0453643798828, 87.44064331054688, 144.41676330566406, 102.56737518310547, 108.00041198730469, 74.6629638671875, 80.88526916503906, 65.59326934814453, 86.37189483642578, 96.34811401367188, 180.7854766845703]], "lowlevel.gfcc.icov": [[0.00021343817934393883, -0.00032461961382068694, 0.00018933282990474254, -0.0003408928751014173, 0.0002328898845007643, -0.0003796331293415278, 0.0003976980224251747, -0.0005096277454867959, 0.0002906609734054655, -0.00016086305549833924, -4.2332841985626146e-05, -3.91838293580804e-05, 0.0002945275336969644], [-0.00032461961382068694, 0.0029670160729438066, -0.001228459645062685, 0.002032447373494506, -0.002194080501794815, 0.0019287967588752508, -0.0017743440112099051, 0.0017575366655364633, -0.0019070743583142757, 0.002376933814957738, -0.0023440474178642035, 0.002319799503311515, -0.0014685704372823238], [0.00018933282990474254, -0.001228459645062685, 0.0012481033336371183, -0.0010371711105108261, 0.0008216966525651515, -0.0011380548821762204, 0.000635978823993355, -0.0005810136790387332, 0.0006722970865666866, -0.0010014974977821112, 0.0008679379825480282, -0.0012123420601710677, 0.0002886490838136524], [-0.0003408928751014173, 0.002032447373494506, -0.0010371711105108261, 0.002222785260528326, -0.0014312932034954429, 0.0010090984869748354, -0.0011897357180714607, 0.001109322882257402, -0.0013711091596633196, 0.001575176720507443, -0.001721958047710359, 0.0016941131325438619, -0.0010206178994849324], [0.0002328898845007643, -0.002194080501794815, 0.0008216966525651515, -0.0014312932034954429, 0.003285615472123027, -0.0011493773199617863, 0.0006446717889048159, -0.0010430614929646254, -0.0001511555165052414, -0.0013000273611396551, 0.0009496671264059842, -0.0015212028520181775, 0.0007689871126785874], [-0.0003796331293415278, 0.0019287967588752508, -0.0011380548821762204, 0.0010090984869748354, -0.0011493773199617863, 0.003338676644489169, -0.001937531167641282, 0.0004343324981164187, -0.0005767010734416544, 0.0005656527355313301, -0.0012044931063428521, 0.0012583067873492837, -0.00105134432669729], [0.0003976980224251747, -0.0017743440112099051, 0.000635978823993355, -0.0011897357180714607, 0.0006446717889048159, -0.001937531167641282, 0.003689874429255724, -0.0019061414059251547, 0.0010560633381828666, -0.0010592808248475194, 0.0003411193029023707, -0.0021188335958868265, 0.0016464866930618882], [-0.0005096277454867959, 0.0017575366655364633, -0.0005810136790387332, 0.001109322882257402, -0.0010430614929646254, 0.0004343324981164187, -0.0019061414059251547, 0.006350924260914326, -0.002900058403611183, 0.0011206638300791383, -0.0018925697077065706, 0.0018383628921583295, -0.00174884800799191], [0.0002906609734054655, -0.0019070743583142757, 0.0006722970865666866, -0.0013711091596633196, -0.0001511555165052414, -0.0005767010734416544, 0.0010560633381828666, -0.002900058403611183, 0.007389262318611145, -0.0039681969210505486, 0.002532344311475754, -0.0016437144950032234, 0.0005332143045961857], [-0.00016086305549833924, 0.002376933814957738, -0.0010014974977821112, 0.001575176720507443, -0.0013000273611396551, 0.0005656527355313301, -0.0010592808248475194, 0.0011206638300791383, -0.0039681969210505486, 0.008682758547365665, -0.004025183152407408, 0.001292137079872191, -0.00103163649328053], [-4.2332841985626146e-05, -0.0023440474178642035, 0.0008679379825480282, -0.001721958047710359, 0.0009496671264059842, -0.0012044931063428521, 0.0003411193029023707, -0.0018925697077065706, 0.002532344311475754, -0.004025183152407408, 0.011331778950989246, -0.0035670220386236906, -0.0007851161062717438], [-3.91838293580804e-05, 0.002319799503311515, -0.0012123420601710677, 0.0016941131325438619, -0.0015212028520181775, 0.0012583067873492837, -0.0021188335958868265, 0.0018383628921583295, -0.0016437144950032234, 0.001292137079872191, -0.0035670220386236906, 0.01150202751159668, -0.0046112751588225365], [0.0002945275336969644, -0.0014685704372823238, 0.0002886490838136524, -0.0010206178994849324, 0.0007689871126785874, -0.00105134432669729, 0.0016464866930618882, -0.00174884800799191, 0.0005332143045961857, -0.00103163649328053, -0.0007851161062717438, -0.0046112751588225365, 0.009850247763097286]], "lowlevel.mfcc.cov": [[12216.8173828125, -3899.577392578125, 671.4210815429688, 548.39794921875, 619.4714965820312, 285.9515380859375, 739.2061767578125, 432.65228271484375, 130.9444580078125, 181.45269775390625, 452.2995300292969, 296.05816650390625, 299.6629333496094], [-3899.577392578125, 5761.23974609375, -1163.72216796875, -233.20315551757812, 237.67373657226562, -373.29876708984375, -191.1856689453125, -34.62264633178711, 179.09103393554688, -137.9015655517578, 12.132875442504883, 40.38282775878906, 32.402652740478516], [671.4210815429688, -1163.72216796875, 2171.1748046875, 426.03082275390625, 232.6028289794922, 662.3528442382812, 538.6417236328125, 337.5813293457031, 224.287841796875, 248.50111389160156, 114.94599151611328, 180.99853515625, 146.98489379882812], [548.39794921875, -233.20315551757812, 426.03082275390625, 1031.2076416015625, 387.7659912109375, 293.8758239746094, 255.93873596191406, 242.1035614013672, 163.01597595214844, 154.2960205078125, 134.313232421875, 85.05306243896484, 162.22691345214844], [619.4714965820312, 237.67373657226562, 232.6028289794922, 387.7659912109375, 687.9979248046875, 245.43165588378906, 160.2900390625, 167.86569213867188, 191.41244506835938, 151.09864807128906, 122.22787475585938, 141.06700134277344, 109.83740234375], [285.9515380859375, -373.29876708984375, 662.3528442382812, 293.8758239746094, 245.43165588378906, 724.242919921875, 464.996337890625, 309.6945495605469, 231.3317413330078, 228.24169921875, 179.84298706054688, 192.1418914794922, 90.72518920898438], [739.2061767578125, -191.1856689453125, 538.6417236328125, 255.93873596191406, 160.2900390625, 464.996337890625, 686.7882080078125, 392.3561706542969, 230.7432403564453, 196.43695068359375, 198.0627899169922, 198.65057373046875, 129.94007873535156], [432.65228271484375, -34.62264633178711, 337.5813293457031, 242.1035614013672, 167.86569213867188, 309.6945495605469, 392.3561706542969, 437.2500305175781, 229.4805908203125, 148.0045623779297, 155.94700622558594, 137.46141052246094, 115.86295318603516], [130.9444580078125, 179.09103393554688, 224.287841796875, 163.01597595214844, 191.41244506835938, 231.3317413330078, 230.7432403564453, 229.4805908203125, 343.9996643066406, 183.664306640625, 162.0808563232422, 149.32199096679688, 111.55867004394531], [181.45269775390625, -137.9015655517578, 248.50111389160156, 154.2960205078125, 151.09864807128906, 228.24169921875, 196.43695068359375, 148.0045623779297, 183.664306640625, 250.0004119873047, 161.89601135253906, 115.65623474121094, 81.84060668945312], [452.2995300292969, 12.132875442504883, 114.94599151611328, 134.313232421875, 122.22787475585938, 179.84298706054688, 198.0627899169922, 155.94700622558594, 162.0808563232422, 161.89601135253906, 252.1269989013672, 141.61822509765625, 86.55050659179688], [296.05816650390625, 40.38282775878906, 180.99853515625, 85.05306243896484, 141.06700134277344, 192.1418914794922, 198.65057373046875, 137.46141052246094, 149.32199096679688, 115.65623474121094, 141.61822509765625, 225.04051208496094, 101.90655517578125], [299.6629333496094, 32.402652740478516, 146.98489379882812, 162.22691345214844, 109.83740234375, 90.72518920898438, 129.94007873535156, 115.86295318603516, 111.55867004394531, 81.84060668945312, 86.55050659179688, 101.90655517578125, 168.78018188476562]], "lowlevel.mfcc.icov": [[0.00014831758744549006, 0.00012739402882289141, 2.80590720649343e-05, 3.823208680842072e-05, -0.0002114099625032395, 0.00015854266530368477, -0.00019291913486085832, 4.952255949319806e-06, 2.0704070266219787e-05, 0.00027037947438657284, -0.0003164895751979202, 2.2808842913946137e-05, -0.00014775693125557154], [0.00012739402882289141, 0.00033219021861441433, 0.0001357688888674602, 8.701544720679522e-05, -0.0003111410478595644, 0.0002137327246600762, -0.0001975290651898831, 1.8715621990850195e-05, -0.000263265217654407, 0.0004762943717651069, -0.0002844171249307692, -7.122373062884435e-06, -0.00017180510621983558], [2.80590720649343e-05, 0.0001357688888674602, 0.000758727896027267, -7.123395334929228e-05, -4.935316610499285e-05, -0.0004089886206202209, -0.00026616285322234035, 1.572210203448776e-05, -7.469979027519003e-05, -0.00015678421186748892, 0.0004225457669235766, -4.538209395832382e-05, -0.0002859642554540187], [3.823208680842072e-05, 8.701544720679522e-05, -7.123395334929228e-05, 0.0015377462841570377, -0.0007501875516027212, -0.00017074042989406735, -8.092362259048969e-05, -0.00029970152536407113, 0.00016815228445921093, 8.795993926469237e-05, -0.00039891572669148445, 0.0008911675540730357, -0.00113987410441041], [-0.0002114099625032395, -0.0003111410478595644, -4.935316610499285e-05, -0.0007501875516027212, 0.0025736691895872355, -0.0005795834003947675, 0.0006889016949571669, -0.00010908849799307063, -0.00036594277480617166, -0.0008741028723306954, 0.0007153401966206729, -0.0008472572080790997, 0.00019077221804764122], [0.00015854266530368477, 0.0002137327246600762, -0.0004089886206202209, -0.00017074042989406735, -0.0005795834003947675, 0.003590824082493782, -0.0014260414754971862, -0.0003473095712251961, -0.00018422940047457814, -0.0007384896744042635, -0.00022504257503896952, -0.0009670391445979476, 0.0011601895093917847], [-0.00019291913486085832, -0.0001975290651898831, -0.00026616285322234035, -8.092362259048969e-05, 0.0006889016949571669, -0.0014260414754971862, 0.004381719045341015, -0.002449087565764785, 0.00044140848331153393, -0.0005631698295474052, -7.172054029069841e-05, -0.0009759294334799051, -7.656293746549636e-05], [4.952255949319806e-06, 1.8715621990850195e-05, 1.572210203448776e-05, -0.00029970152536407113, -0.00010908849799307063, -0.0003473095712251961, -0.002449087565764785, 0.005964768119156361, -0.002132239518687129, 0.0008593240636400878, -0.00062224903376773, 0.0007017894531600177, -0.0008014551713131368], [2.0704070266219787e-05, -0.000263265217654407, -7.469979027519003e-05, 0.00016815228445921093, -0.00036594277480617166, -0.00018422940047457814, 0.00044140848331153393, -0.002132239518687129, 0.007035582792013884, -0.002900423016399145, -0.0005125643801875412, -0.0011194137623533607, -0.0009269040892831981], [0.00027037947438657284, 0.0004762943717651069, -0.00015678421186748892, 8.795993926469237e-05, -0.0008741028723306954, -0.0007384896744042635, -0.0005631698295474052, 0.0008593240636400878, -0.002900423016399145, 0.01029907539486885, -0.0044073062017560005, 0.0006137372110970318, -0.0008973901276476681], [-0.0003164895751979202, -0.0002844171249307692, 0.0004225457669235766, -0.00039891572669148445, 0.0007153401966206729, -0.00022504257503896952, -7.172054029069841e-05, -0.00062224903376773, -0.0005125643801875412, -0.0044073062017560005, 0.009657774120569229, -0.0030747870914638042, 0.00014964643924031407], [2.2808842913946137e-05, -7.122373062884435e-06, -4.538209395832382e-05, 0.0008911675540730357, -0.0008472572080790997, -0.0009670391445979476, -0.0009759294334799051, 0.0007017894531600177, -0.0011194137623533607, 0.0006137372110970318, -0.0030747870914638042, 0.009816818870604038, -0.003423570655286312], [-0.00014775693125557154, -0.00017180510621983558, -0.0002859642554540187, -0.00113987410441041, 0.00019077221804764122, 0.0011601895093917847, -7.656293746549636e-05, -0.0008014551713131368, -0.0009269040892831981, -0.0008973901276476681, 0.00014964643924031407, -0.003423570655286312, 0.010464318096637726]], "metadata.audio_properties.analysis.downmix": "mix", "metadata.audio_properties.codec": "mp3", "metadata.audio_properties.md5_encoded": "af951e3cf9e921ea3e1d845b8d4a42e6", "metadata.tags.file_name": "1182270704415162418.mp3", "metadata.version.essentia": "2.1-beta6-dev", "metadata.version.essentia_git_sha": "v2.1_beta5-1110-g77a6a954", "metadata.version.extractor": "music 2.0", "tonal.chords_key": "B", "tonal.chords_scale": "minor", "tonal.key_edma.key": "Ab", "tonal.key_edma.scale": "minor", "tonal.key_krumhansl.key": "Ab", "tonal.key_krumhansl.scale": 