{"song_id": "1182269024034377738", "download": "https://cdn.discordapp.com/attachments/1128313332273782784/1182269024034377738/chirp.mp4?ex=658414d4&amp", "lyrics": "Ivan, bljad, jacky dose, 10 tausend Euro couch, Mercedes e klasse, v8", "style": ["rock</span><span>, female vocal</span><span>, bas guitar</span><span>, drum"], "essentia_features": {"lowlevel.average_loudness": 0.9854766130447388, "lowlevel.barkbands_crest.mean": 11.706851959228516, "lowlevel.barkbands_crest.stdev": 3.311004400253296, "lowlevel.barkbands_flatness_db.mean": 0.20351997017860413, "lowlevel.barkbands_flatness_db.stdev": 0.057278722524642944, "lowlevel.barkbands_kurtosis.mean": 14.296134948730469, "lowlevel.barkbands_kurtosis.stdev": 13.436810493469238, "lowlevel.barkbands_skewness.mean": 2.862924575805664, "lowlevel.barkbands_skewness.stdev": 1.2983081340789795, "lowlevel.barkbands_spread.mean": 14.000517845153809, "lowlevel.barkbands_spread.stdev": 16.722021102905273, "lowlevel.dissonance.mean": 0.4029410183429718, "lowlevel.dissonance.stdev": 0.04434727504849434, "lowlevel.dynamic_complexity": 1.2241785526275635, "lowlevel.erbbands_crest.mean": 12.000649452209473, "lowlevel.erbbands_crest.stdev": 4.149834632873535, "lowlevel.erbbands_flatness_db.mean": 0.21596910059452057, "lowlevel.erbbands_flatness_db.stdev": 0.05058205872774124, "lowlevel.erbbands_kurtosis.mean": 3.8097221851348877, "lowlevel.erbbands_kurtosis.stdev": 4.683172225952148, "lowlevel.erbbands_skewness.mean": 1.4898401498794556, "lowlevel.erbbands_skewness.stdev": 1.0143955945968628, "lowlevel.erbbands_spread.mean": 35.270511627197266, "lowlevel.erbbands_spread.stdev": 28.959545135498047, "lowlevel.hfc.mean": 20.213748931884766, "lowlevel.hfc.stdev": 21.43212127685547, "lowlevel.loudness_ebu128.integrated": -14.32921028137207, "lowlevel.loudness_ebu128.loudness_range": 0.27591991424560547, "lowlevel.loudness_ebu128.momentary.mean": -14.419652938842773, "lowlevel.loudness_ebu128.momentary.stdev": 0.9339381456375122, "lowlevel.loudness_ebu128.short_term.mean": -14.338458061218262, "lowlevel.loudness_ebu128.short_term.stdev": 0.08756085485219955, "lowlevel.melbands_crest.mean": 15.9984712600708, "lowlevel.melbands_crest.stdev": 4.777369499206543, "lowlevel.melbands_flatness_db.mean": 0.25175341963768005, "lowlevel.melbands_flatness_db.stdev": 0.07260525226593018, "lowlevel.melbands_kurtosis.mean": 22.98996925354004, "lowlevel.melbands_kurtosis.stdev": 16.654617309570312, "lowlevel.melbands_skewness.mean": 3.432803153991699, "lowlevel.melbands_skewness.stdev": 1.3129688501358032, "lowlevel.melbands_spread.mean": 13.281679153442383, "lowlevel.melbands_spread.stdev": 16.204322814941406, "lowlevel.pitch_salience.mean": 0.5855981111526489, "lowlevel.pitch_salience.stdev": 0.09818974882364273, "lowlevel.silence_rate_20dB.mean": 1.0, "lowlevel.silence_rate_20dB.stdev": 0.0, "lowlevel.silence_rate_30dB.mean": 1.0, "lowlevel.silence_rate_30dB.stdev": 0.0, "lowlevel.silence_rate_60dB.mean": 0.008695651777088642, "lowlevel.silence_rate_60dB.stdev": 0.09284428507089615, "lowlevel.spectral_centroid.mean": 831.764404296875, "lowlevel.spectral_centroid.stdev": 637.0546875, "lowlevel.spectral_complexity.mean": 12.517391204833984, "lowlevel.spectral_complexity.stdev": 7.997672080993652, "lowlevel.spectral_decrease.mean": -6.409122121908695e-09, "lowlevel.spectral_decrease.stdev": 3.2120275328395564e-09, "lowlevel.spectral_energy.mean": 0.02602296508848667, "lowlevel.spectral_energy.stdev": 0.013022427447140217, "lowlevel.spectral_energyband_high.mean": 0.001337649766355753, "lowlevel.spectral_energyband_high.stdev": 0.0027267157565802336, "lowlevel.spectral_energyband_low.mean": 0.0001363966439384967, "lowlevel.spectral_energyband_low.stdev": 0.00018173769058194011, "lowlevel.spectral_energyband_middle_high.mean": 0.0024150190874934196, "lowlevel.spectral_energyband_middle_high.stdev": 0.0031234417110681534, "lowlevel.spectral_energyband_middle_low.mean": 0.022307902574539185, "lowlevel.spectral_energyband_middle_low.stdev": 0.011186315678060055, "lowlevel.spectral_entropy.mean": 7.058488368988037, "lowlevel.spectral_entropy.stdev": 0.6787106990814209, "lowlevel.spectral_flux.mean": 0.0657607838511467, "lowlevel.spectral_flux.stdev": 0.034661438316106796, "lowlevel.spectral_kurtosis.mean": 5.930869102478027, "lowlevel.spectral_kurtosis.stdev": 6.387848854064941, "lowlevel.spectral_rms.mean": 0.004888027440756559, "lowlevel.spectral_rms.stdev": 0.0012228722916916013, "lowlevel.spectral_rolloff.mean": 1362.3026123046875, "lowlevel.spectral_rolloff.stdev": 1802.7369384765625, "lowlevel.spectral_skewness.mean": 1.7995539903640747, "lowlevel.spectral_skewness.stdev": 0.9711838960647583, "lowlevel.spectral_spread.mean": 4751743.5, "lowlevel.spectral_spread.stdev": 1795637.375, "lowlevel.spectral_strongpeak.mean": 1.2581287622451782, "lowlevel.spectral_strongpeak.stdev": 0.5663438439369202, "lowlevel.zerocrossingrate.mean": 0.050929855555295944, "lowlevel.zerocrossingrate.stdev": 0.03768942505121231, "metadata.audio_properties.analysis.equal_loudness": 0.0, "metadata.audio_properties.analysis.length": 5.311995506286621, "metadata.audio_properties.analysis.sample_rate": 44100.0, "metadata.audio_properties.analysis.start_time": 0.0, "metadata.audio_properties.bit_rate": 122475.0, "metadata.audio_properties.length": 5.311999797821045, "metadata.audio_properties.lossless": 0.0, "metadata.audio_properties.number_channels": 1.0, "metadata.audio_properties.replay_gain": -12.744607925415039, "metadata.audio_properties.sample_rate": 48000.0, "rhythm.beats_count": 6.0, "rhythm.beats_loudness.mean": 0.02361648716032505, "rhythm.beats_loudness.stdev": 0.007662495132535696, "rhythm.bpm": 80.01167297363281, "rhythm.bpm_histogram_first_peak_bpm": 81.0, "rhythm.bpm_histogram_first_peak_weight": 0.19999998807907104, "rhythm.bpm_histogram_second_peak_bpm": 0.0, "rhythm.bpm_histogram_second_peak_spread": 0.0, "rhythm.bpm_histogram_second_peak_weight": 0.0, "rhythm.danceability": 1.7685191631317139, "rhythm.onset_rate": 4.878983020782471, "tonal.chords_changes_rate": 0.017241379246115685, "tonal.chords_number_rate": 0.017241379246115685, "tonal.chords_strength.mean": 0.5465681552886963, "tonal.chords_strength.stdev": 0.04957801476120949, "tonal.hpcp_crest.mean": 21.595888137817383, "tonal.hpcp_crest.stdev": 8.98178768157959, "tonal.hpcp_entropy.mean": 1.2020806074142456, "tonal.hpcp_entropy.stdev": 0.7844829559326172, "tonal.key_edma.strength": 0.7584696412086487, "tonal.key_krumhansl.strength": 0.762061595916748, "tonal.key_temperley.strength": 0.7503964900970459, "tonal.tuning_diatonic_strength": 0.596428632736206, "tonal.tuning_equal_tempered_deviation": 0.027694502845406532, "tonal.tuning_frequency": 449.5048828125, "tonal.tuning_nontempered_energy_ratio": 0.624537467956543, "lowlevel.barkbands.mean": [3.850529083138099e-06, 4.006654489785433e-05, 6.203541124705225e-05, 0.0003147454117424786, 0.004787363111972809, 0.010379845276474953, 0.0036676174495369196, 0.001822334830649197, 0.0011282414197921753, 0.0005885104765184224, 0.0006220588111318648, 0.0004732030793093145, 0.00011521258420543745, 0.00013063130609225482, 6.77406569593586e-05, 7.866244413889945e-05, 6.915487756486982e-05, 7.004146027611569e-05, 0.00018090158118866384, 0.0001613297499716282, 0.0002347472618566826, 0.0005108248442411423, 0.0002682244230527431, 0.00015962639008648694, 6.529835081892088e-05, 2.0277702788007446e-05, 4.2624304796845536e-07], "lowlevel.barkbands.stdev": [5.519243586604716e-06, 7.338017167057842e-05, 0.00010278179252054542, 0.00029396737227216363, 0.0029815465677529573, 0.006476919166743755, 0.004533722996711731, 0.0023437519557774067, 0.002250140765681863, 0.0007228926406241953, 0.0015750270104035735, 0.0011518768733367324, 0.00028072373243048787, 0.00025951230782084167, 0.00016578586655668914, 0.0002361657825531438, 0.00022632091713603586, 0.00020864912949036807, 0.00044337232247926295, 0.0003838010597974062, 0.0004948200657963753, 0.0010858018649742007, 0.000586253241635859, 0.0003762882261071354, 0.00018335689674131572, 5.8148994867224246e-05, 1.2834001381634152e-06], "lowlevel.erbbands.mean": [0.0003575180016923696, 0.012746020220220089, 0.08382651954889297, 0.5961403250694275, 9.223912239074707, 10.673880577087402, 90.37347412109375, 49.15394973754883, 75.71582794189453, 12.6134672164917, 56.17139434814453, 27.086471557617188, 17.952566146850586, 15.95681381225586, 33.262123107910156, 16.029569625854492, 6.36079216003418, 6.712040901184082, 4.45410680770874, 3.544210195541382, 4.144586086273193, 3.996971607208252, 4.002338886260986, 5.574426174163818, 10.331135749816895, 7.930423259735107, 8.412660598754883, 10.682929992675781, 18.006723403930664, 14.5220365524292, 6.4395880699157715, 4.227840423583984, 2.1927802562713623, 0.9638488292694092, 0.344313383102417, 0.12762190401554108, 0.030069436877965927, 0.003126604948192835, 8.75377154443413e-05, 3.565955557860434e-05], "lowlevel.erbbands.stdev": [0.0004027732356917113, 0.023432360962033272, 0.13350121676921844, 0.4614921510219574, 9.32496452331543, 9.016429901123047, 53.59526062011719, 49.564640045166016, 91.95789337158203, 17.99165916442871, 73.82540893554688, 56.0588264465332, 22.745031356811523, 21.020889282226562, 86.10757446289062, 27.981225967407227, 13.071691513061523, 12.52779769897461, 9.774432182312012, 9.229162216186523, 13.43355941772461, 12.487940788269043, 11.514643669128418, 15.495253562927246, 23.883886337280273, 18.017778396606445, 20.57278060913086, 21.900575637817383, 40.0787353515625, 29.38634490966797, 14.05942440032959, 10.406435012817383, 4.913881778717041, 2.5272374153137207, 1.0572131872177124, 0.45267918705940247, 0.0692685917019844, 0.006536786910146475, 0.00015419464034494013, 2.251442492706701e-05], "lowlevel.gfcc.mean": [-34.226226806640625, 91.23282623291016, -117.03875732421875, 4.657020092010498, -112.96402740478516, -13.335461616516113, -54.806976318359375, -17.74489402770996, -36.27688217163086, -6.289504528045654, -15.723779678344727, 0.5049625635147095, -6.958956241607666], "lowlevel.melbands.mean": [6.61027797832503e-06, 3.171282878611237e-05, 0.00034950312692672014, 0.0007101585506461561, 0.002378461416810751, 0.0014403448440134525, 0.0009909080108627677, 9.81822595349513e-05, 0.0005010380409657955, 0.00013572076568379998, 8.636611892143264e-05, 6.016827319399454e-05, 0.00010453284630784765, 6.224754906725138e-05, 2.3405433239531703e-05, 1.1737271961465012e-05, 1.264721777261002e-05, 7.59270551498048e-06, 5.043904366175411e-06, 5.17729131388478e-06, 4.59175953437807e-06, 3.869072770612547e-06, 4.3840432226716075e-06, 3.164181634929264e-06, 4.357023044576636e-06, 7.632898814335931e-06, 6.593346824956825e-06, 4.876574621448526e-06, 4.869927579420619e-06, 5.822762432217132e-06, 6.224507615115726e-06, 9.561426850268617e-06, 1.1186215488123707e-05, 7.022977570159128e-06, 3.724037014762871e-06, 2.9419411475828383e-06, 2.3808322566765128e-06, 1.653262302170333e-06, 1.0499096561034094e-06, 7.116647111615748e-07], "lowlevel.melbands.stdev": [1.0740393008745741e-05, 5.34078644705005e-05, 0.0003183541411999613, 0.0007172058685682714, 0.0014164408203214407, 0.0011995523236691952, 0.0012003254378214478, 0.00016334166866727173, 0.000667684362269938, 0.00031370986835099757, 0.00011565014574443921, 8.143617014866322e-05, 0.00027073072851635516, 0.0001573526387801394, 4.652752249967307e-05, 2.3229700673255138e-05, 2.4595503418822773e-05, 1.7195561667904258e-05, 1.2615676496352535e-05, 1.341651295660995e-05, 1.613011227163952e-05, 1.2501426681410521e-05, 1.2413046533765737e-05, 1.1261102372372989e-05, 1.2106138456147164e-05, 2.0022023818455637e-05, 1.2735498785332311e-05, 1.2319195775489789e-05, 1.3789485819870606e-05, 1.2683126442425419e-05, 1.3404695891949814e-05, 2.3186332327895798e-05, 2.279250657011289e-05, 1.4882865798426792e-05, 8.307954885822255e-06, 6.9627876655431464e-06, 6.0046950238756835e-06, 3.7146112390473718e-06, 2.5085091692744754e-06, 2.0020822830701945e-06], "lowlevel.melbands128.mean": [1.5480425190617098e-06, 1.5971392031133291e-06, 3.076118218814372e-06, 2.6177824111073278e-05, 4.434016955201514e-05, 2.3872938982094638e-05, 2.77211147476919e-05, 0.00022941682254895568, 0.0011908203596249223, 0.0008442082908004522, 0.00017552991630509496, 0.001044376753270626, 0.004448200110346079, 0.0022614644840359688, 0.0003908925282303244, 0.001382643124088645, 0.002259670291095972, 0.0005022896802984178, 0.00012801519187632948, 8.760642958804965e-05, 4.746075137518346e-05, 0.00020944215066265315, 0.0008966399473138154, 0.0003231287992093712, 0.0001293548702960834, 6.155792652862146e-05, 6.843754090368748e-05, 0.00010952535376418382, 8.452885231235996e-05, 5.9412042901385576e-05, 6.1017210100544617e-05, 3.337282032589428e-05, 0.00012960817548446357, 0.00013968638086225837, 7.799047307344154e-05, 3.118142922176048e-05, 4.92793733428698e-05, 2.0043675249326043e-05, 1.3049258996034041e-05, 1.1447247743490152e-05, 1.088931367121404e-05, 1.2978503036720213e-05, 1.1903783160960302e-05, 1.5011898540251423e-05, 9.393155778525397e-06, 4.5253786993271206e-06, 7.47401509215706e-06, 5.649402282870142e-06, 3.2138214010046795e-06, 4.873345460509881e-06, 5.279622200760059e-06, 5.917220732953865e-06, 5.726571544073522e-06, 2.9487023311958183e-06, 3.919212304026587e-06, 3.987517175119137e-06, 3.4720887924777344e-06, 5.978342869639164e-06, 3.6961071145924507e-06, 3.3835615340649383e-06, 2.8593308343261015e-06, 3.6253006783226738e-06, 2.8372876386129064e-06, 4.9036011660064105e-06, 6.1055893638695125e-06, 7.066675607347861e-06, 9.954679626389407e-06, 6.977445082156919e-06, 5.511103154276498e-06, 6.559234861924779e-06, 4.222176812618272e-06, 4.648720278055407e-06, 4.755519967147848e-06, 4.932616320729721e-06, 4.8966476242640056e-06, 6.124416358943563e-06, 6.05400691711111e-06, 5.338290975487325e-06, 6.126122116256738e-06, 7.14516772859497e-06, 8.312757017847616e-06, 1.0796691640280187e-05, 1.2154137948527932e-05, 1.3010831025894731e-05, 8.292653546959627e-06, 7.750492841296364e-06, 6.740183380316012e-06, 5.341988980944734e-06, 3.0099720333964797e-06, 3.2105017453432083e-06, 2.7985051929135807e-06, 3.028599849130842e-06, 2.8228894279891392e-06, 2.6210232135781553e-06, 1.8966895822813967e-06, 1.7067926592062577e-06, 1.7955397879632073e-06, 1.270141297027294e-06, 1.00090278465359e-06, 9.315463671555335e-07, 9.783794894246967e-07, 6.230179110389145e-07, 4.769561314788007e-07, 4.759499461215455e-07, 3.3162308454848244e-07, 3.5868953318640706e-07, 2.760347967978305e-07, 2.245156593971842e-07, 2.1135753058842965e-07, 2.2323408188640315e-07, 1.4687398675050645e-07, 7.900793264070671e-08, 1.0505635827939841e-07, 6.630079951719381e-08, 4.1413226625763855e-08, 3.118281455272154e-08, 1.5820935672650194e-08, 1.320294207296513e-09, 7.130968732171894e-11, 5.684888757656603e-12, 3.8448194281115455e-12, 2.870380365685432e-12, 2.6986425247232937e-12, 2.6493499234725437e-12, 2.5569353492155278e-12, 2.422145166727785e-12, 2.3419599592955365e-12, 2.318671730311417e-12], "lowlevel.melbands128.stdev": [2.0600102743628668e-06, 2.0396737454575486e-06, 4.526410066318931e-06, 5.079208131064661e-05, 8.542702562408522e-05, 3.523170744301751e-05, 3.9533173548989e-05, 0.00022161482775118202, 0.0012104754569008946, 0.0011304729850962758, 0.000508965749759227, 0.0006559197208844125, 0.0026509470771998167, 0.0013887063832953572, 0.0010575697524473071, 0.0019546509720385075, 0.002912207506597042, 0.0008048872696235776, 0.0005006825085729361, 0.00017486799333710223, 7.917199400253594e-05, 0.0003128960670437664, 0.001248922199010849, 0.0006378130638040602, 0.0006217985064722598, 0.00017788645345717669, 0.00015184834774117917, 0.00014518818352371454, 0.00017174298409372568, 0.0001082938615581952, 9.771132317837328e-05, 7.107781857484952e-05, 0.00042410093010403216, 0.0004391723487060517, 0.00029245190671645105, 7.946830737637356e-05, 0.00010105911496793851, 5.404337207437493e-05, 4.351222378318198e-05, 3.841950820060447e-05, 2.293179750267882e-05, 2.8968521291972138e-05, 2.9064956834190525e-05, 3.28964670188725e-05, 2.3687292923568748e-05, 1.8083157556247897e-05, 1.4827417544438504e-05, 1.769194204825908e-05, 9.604507795302197e-06, 1.5119217096071225e-05, 1.3744788702751976e-05, 1.8817239833879285e-05, 2.4202718122978695e-05, 1.1844529581139795e-05, 1.1818182429124136e-05, 1.4021758943272289e-05, 1.1409652870497666e-05, 2.3342474378296174e-05, 7.99856752564665e-06, 1.0290164937032387e-05, 1.179357695946237e-05, 1.5666993931517936e-05, 1.0277676665282343e-05, 1.2303043149586301e-05, 1.8388871467323042e-05, 2.2377975255949423e-05, 2.813476021401584e-05, 1.4188225577527191e-05, 1.249678371095797e-05, 1.3522449080483057e-05, 1.2159720427007414e-05, 1.4857521819067188e-05, 1.7528362150187604e-05, 1.3603927072836086e-05, 1.3331586160347797e-05, 1.5354438801296055e-05, 1.2769916793331504e-05, 1.227683878823882e-05, 1.283704477827996e-05, 2.0675168343586847e-05, 2.4057804694166407e-05, 2.4824970751069486e-05, 2.95645968435565e-05, 2.729005427681841e-05, 1.7198182831634767e-05, 1.7052789189619943e-05, 1.5748106307000853e-05, 1.3232232959126122e-05, 7.26366351955221e-06, 7.112489583960269e-06, 6.8487597673083656e-06, 7.971039849508088e-06, 7.3253409027529415e-06, 7.249927421071334e-06, 4.464228823053418e-06, 3.976228981628083e-06, 4.3807426663988736e-06, 2.891340045607649e-06, 2.5549097699695267e-06, 2.552395699240151e-06, 2.682247895791079e-06, 1.8016861531577888e-06, 1.5769248875585617e-06, 1.555525159346871e-06, 1.0770462495202082e-06, 1.311213850385684e-06, 8.00025702574203e-07, 6.532847578455403e-07, 1.0955765219478053e-06, 9.116618002735777e-07, 5.108259983899188e-07, 1.795820736560927e-07, 2.7382142775422835e-07, 1.6033654048897006e-07, 9.758187502484361e-08, 8.035100051984045e-08, 4.358308558494173e-08, 8.012840169158153e-09, 7.723281458815734e-10, 2.9685424257630544e-11, 1.1567225476072363e-11, 4.405326364115281e-12, 4.181533157926465e-12, 4.0937431396159685e-12, 3.794548876501214e-12, 3.4495498905245947e-12, 3.311258385541027e-12, 3.280790786611143e-12], "lowlevel.mfcc.mean": [-674.2097778320312, 122.82022857666016, 21.9710636138916, 2.469001531600952, -35.50931930541992, -11.503145217895508, -23.57350730895996, -18.518674850463867, -23.464914321899414, -17.82120704650879, -14.782814979553223, -16.327730178833008, -5.772263526916504], "lowlevel.spectral_contrast_coeffs.mean": [-0.46626362204551697, -0.6634275913238525, -0.7669411897659302, -0.8213163018226624, -0.8083118200302124, -0.7455253005027771], "lowlevel.spectral_contrast_coeffs.stdev": [0.0737781971693039, 0.07106075435876846, 0.04856269061565399, 0.03139811381697655, 0.039226122200489044, 0.051721010357141495], "lowlevel.spectral_contrast_valleys.mean": [-8.11439323425293, -6.69458532333374, -7.400346279144287, -8.234644889831543, -8.153518676757812, -10.421172142028809], "lowlevel.spectral_contrast_valleys.stdev": [0.6261856555938721, 0.5795921087265015, 0.6386199593544006, 0.6086297035217285, 0.835037887096405, 1.1602574586868286], "rhythm.beats_loudness_band_ratio.mean": [0.12143361568450928, 0.5492874979972839, 0.31742212176322937, 0.07283306121826172, 0.01446249708533287, 0.0938313826918602], "rhythm.beats_loudness_band_ratio.stdev": [0.06590548902750015, 0.12069305777549744, 0.09178463369607925, 0.0586068294942379, 0.007630186155438423, 0.056868258863687515], "tonal.hpcp.mean": [0.02792690508067608, 0.025889115408062935, 0.009745221585035324, 0.0039522782899439335, 0.007723374292254448, 0.02036064863204956, 0.029964707791805267, 0.019520897418260574, 0.012340495362877846, 0.016045017167925835, 0.00990118645131588, 0.005620322190225124, 0.0060020508244633675, 0.0069945016875863075, 0.37688204646110535, 0.8752135038375854, 0.5284795165061951, 0.029728960245847702, 0.00809933990240097, 0.011220437474548817, 0.01447820384055376, 0.013899600133299828, 0.012291410006582737, 0.017831766977906227, 0.028851952403783798, 0.0199081152677536, 0.014149121008813381, 0.022259505465626717, 0.037459846585989, 0.2549048066139221, 0.46227118372917175, 0.2739097476005554, 0.056100837886333466, 0.02495264820754528, 0.014487487263977528, 0.014943310059607029], "tonal.hpcp.stdev": [0.07362865656614304, 0.08512934297323227, 0.0478067547082901, 0.008570563979446888, 0.02189307101070881, 0.0360347144305706, 0.06261953711509705, 0.051270779222249985, 0.020437829196453094, 0.03528418764472008, 0.026462405920028687, 0.010792296379804611, 0.01247427612543106, 0.016880623996257782, 0.15392370522022247, 0.2536008954048157, 0.1794557273387909, 0.11420559138059616, 0.02637023851275444, 0.03942565247416496, 0.05371645838022232, 0.07684487849473953, 0.03879251703619957, 0.03470539674162865, 0.10245897620916367, 0.07746636122465134, 0.027348317205905914, 0.06985543668270111, 0.07604285329580307, 0.24287709593772888, 0.37255656719207764, 0.26613086462020874, 0.16597139835357666, 0.09230200946331024, 0.06519006937742233, 0.0409509614109993], "rhythm.beats_position": [0.7314285635948181, 1.4744670391082764, 2.217505693435669, 2.9605441093444824, 3.7268025875091553, 4.481451034545898], "rhythm.bpm_histogram": [0.0, 0.0, 0.0, 0.0, 0.0, 0.0, 0.0, 0.0, 0.0, 0.0, 0.0, 0.0, 0.0, 0.0, 0.0, 0.0, 0.0, 0.0, 0.0, 0.0, 0.0, 0.0, 0.0, 0.0, 0.0, 0.0, 0.0, 0.0, 0.0, 0.0, 0.0, 0.0, 0.0, 0.0, 0.0, 0.0, 0.0, 0.0, 0.0, 0.0, 0.0, 0.0, 0.0, 0.0, 0.0, 0.0, 0.0, 0.0, 0.0, 0.0, 0.0, 0.0, 0.0, 0.0, 0.0, 0.0, 0.0, 0.0, 0.0, 0.0, 0.0, 0.0, 0.0, 0.0, 0.0, 0.0, 0.0, 0.0, 0.0, 0.0, 0.0, 0.0, 0.0, 0.0, 0.0, 0.0, 0.0, 0.0, 0.20000000298023224, 0.0, 0.20000000298023224, 0.6000000238418579, 0.0, 0.0, 0.0, 0.0, 0.0, 0.0, 0.0, 0.0, 0.0, 0.0, 0.0, 0.0, 0.0, 0.0, 0.0, 0.0, 0.0, 0.0, 0.0, 0.0, 0.0, 0.0, 0.0, 0.0, 0.0, 0.0, 0.0, 0.0, 0.0, 0.0, 0.0, 0.0, 0.0, 0.0, 0.0, 0.0, 0.0, 0.0, 0.0, 0.0, 0.0, 0.0, 0.0, 0.0, 0.0, 0.0, 0.0, 0.0, 0.0, 0.0, 0.0, 0.0, 0.0, 0.0, 0.0, 0.0, 0.0, 0.0, 0.0, 0.0, 0.0, 0.0, 0.0, 0.0, 0.0, 0.0, 0.0, 0.0, 0.0, 0.0, 0.0, 0.0, 0.0, 0.0, 0.0, 0.0, 0.0, 0.0, 0.0, 0.0, 0.0, 0.0, 0.0, 0.0, 0.0, 0.0, 0.0, 0.0, 0.0, 0.0, 0.0, 0.0, 0.0, 0.0, 0.0, 0.0, 0.0, 0.0, 0.0, 0.0, 0.0, 0.0, 0.0, 0.0, 0.0, 0.0, 0.0, 0.0, 0.0, 0.0, 0.0, 0.0, 0.0, 0.0, 0.0, 0.0, 0.0, 0.0, 0.0, 0.0, 0.0, 0.0, 0.0, 0.0, 0.0, 0.0, 0.0, 0.0, 0.0, 0.0, 0.0, 0.0, 0.0, 0.0, 0.0, 0.0, 0.0, 0.0, 0.0, 0.0, 0.0, 0.0, 0.0, 0.0, 0.0, 0.0, 0.0, 0.0, 0.0, 0.0, 0.0, 0.0, 0.0, 0.0, 0.0, 0.0, 0.0, 0.0, 0.0, 0.0, 0.0, 0.0, 0.0, 0.0, 0.0, 0.0, 0.0, 0.0], "tonal.chords_histogram": [3.4482758045196533, 0.0, 0.0, 0.0, 0.0, 0.0, 0.0, 96.55172729492188, 0.0, 0.0, 0.0, 0.0, 0.0, 0.0, 0.0, 0.0, 0.0, 0.0, 0.0, 0.0, 0.0, 0.0, 0.0, 0.0], "tonal.thpcp": [1.0, 0.6038292646408081, 0.03396766632795334, 0.00925413053482771, 0.012820228934288025, 0.016542483121156693, 0.015881381928920746, 0.01404389925301075, 0.02037419006228447, 0.03296561539173126, 0.022746581584215164, 0.016166478395462036, 0.02543322928249836, 0.04280081018805504, 0.29124870896339417, 0.5281810164451599, 0.3129633367061615, 0.06409960240125656, 0.028510356321930885, 0.016553089022636414, 0.01707390323281288, 0.03190867602825165, 0.029580343514680862, 0.011134679429233074, 0.004515787586569786, 0.008824559859931469, 0.023263636976480484, 0.034237027168273926, 0.022304154932498932, 0.01409998256713152, 0.018332690000534058, 0.011312881484627724, 0.006421658676117659, 0.006857813335955143, 0.007991766557097435, 0.4306172728538513], "lowlevel.gfcc.cov": [[4118.57275390625, -1979.97119140625, -122.83551788330078, 657.9077758789062, -616.4222412109375, 206.571044921875, -83.12588500976562, 121.35177612304688, -195.82757568359375, 135.0888671875, -191.55615234375, 264.9700012207031, -366.1452331542969], [-1979.97119140625, 2116.199462890625, -118.54397583007812, -583.660400390625, 463.7354736328125, -246.8622283935547, 87.68099212646484, -151.93115234375, 163.38279724121094, -241.62454223632812, 226.49221801757812, -181.9357147216797, 301.9691162109375], [-122.83551788330078, -118.54397583007812, 374.8861083984375, 55.146331787109375, -43.68696212768555, 81.10001373291016, 12.688626289367676, 45.52605438232422, 10.444856643676758, 51.74423599243164, -28.435976028442383, 13.840654373168945, -31.59173011779785], [657.9077758789062, -583.660400390625, 55.146331787109375, 376.7274475097656, -123.3268051147461, 86.75788879394531, -4.325140476226807, 36.710819244384766, -10.90638256072998, 85.48651885986328, -12.414603233337402, 22.066862106323242, -59.76324462890625], [-616.4222412109375, 463.7354736328125, -43.68696212768555, -123.3268051147461, 248.1772918701172, -61.22894287109375, -37.08323669433594, -20.579753875732422, 32.74599075317383, -16.896581649780273, 55.84914016723633, -50.2976188659668, 63.09740447998047], [206.571044921875, -246.8622283935547, 81.10001373291016, 86.75788879394531, -61.22894287109375, 153.46920776367188, 31.315324783325195, 20.716903686523438, -5.14978551864624, 35.98598861694336, -4.480032920837402, 29.278182983398438, -20.5507869720459], [-83.12588500976562, 87.68099212646484, 12.688626289367676, -4.325140476226807, -37.08323669433594, 31.315324783325195, 142.83860778808594, 21.191129684448242, 4.292210578918457, -31.03787612915039, 20.23894691467285, 29.16790199279785, 27.184513092041016], [121.35177612304688, -151.93115234375, 45.52605438232422, 36.710819244384766, -20.579753875732422, 20.716903686523438, 21.191129684448242, 103.96771240234375, -12.9967679977417, 23.472688674926758, -19.76058578491211, 31.214275360107422, -23.09360122680664], [-195.82757568359375, 163.38279724121094, 10.444856643676758, -10.90638256072998, 32.74599075317383, -5.14978551864624, 4.292210578918457, -12.9967679977417, 80.60576629638672, 12.579310417175293, 38.392940521240234, -19.717918395996094, 29.114360809326172], [135.0888671875, -241.62454223632812, 51.74423599243164, 85.48651885986328, -16.896581649780273, 35.98598861694336, -31.03787612915039, 23.472688674926758, 12.579310417175293, 108.83943939208984, 8.427909851074219, 5.769278049468994, -32.33439254760742], [-191.55615234375, 226.49221801757812, -28.435976028442383, -12.414603233337402, 55.84914016723633, -4.480032920837402, 20.23894691467285, -19.76058578491211, 38.392940521240234, 8.427909851074219, 113.73619842529297, -11.992348670959473, 48.35818862915039], [264.9700012207031, -181.9357147216797, 13.840654373168945, 22.066862106323242, -50.2976188659668, 29.278182983398438, 29.16790199279785, 31.214275360107422, -19.717918395996094, 5.769278049468994, -11.992348670959473, 102.9194564819336, -26.101560592651367], [-366.1452331542969, 301.9691162109375, -31.59173011779785, -59.76324462890625, 63.09740447998047, -20.5507869720459, 27.184513092041016, -23.09360122680664, 29.114360809326172, -32.33439254760742, 48.35818862915039, -26.101560592651367, 101.8792495727539]], "lowlevel.gfcc.icov": [[0.0008360542124137282, -0.0004926728433929384, 0.0008533948566764593, -0.001161833992227912, 0.001645106473006308, -0.0006300305249169469, 0.001168783288449049, -0.00041507312562316656, 0.0009035950643010437, -0.0002855267084669322, 0.000214620609767735, -0.0014740795595571399, 0.0016677803359925747], [-0.0004926728433929384, 0.005447898525744677, -0.0021284797694534063, 0.004262969829142094, -0.005127729848027229, 0.0033495735842734575, -0.0035148814786225557, 0.0017745444783940911, -0.004813255742192268, 0.0066000898368656635, -0.004871697165071964, 0.004402242600917816, -0.003975391387939453], [0.0008533948566764593, -0.0021284797694534063, 0.0047220890410244465, -0.0020948986057192087, 0.003043191973119974, -0.003058615606278181, 0.0018037883564829826, -0.0018295939080417156, 0.0013027472887188196, -0.003368150442838669, 0.002709721215069294, -0.002252699574455619, 0.0029088277369737625], [-0.001161833992227912, 0.004262969829142094, -0.0020948986057192087, 0.008179747499525547, -0.0035006061661988497, 0.0017022320535033941, -0.00334277399815619, 0.0009930552914738655, -0.003996938932687044, 0.0026122485287487507, -0.004238472785800695, 0.005154036916792393, -0.003730152500793338], [0.001645106473006308, -0.005127729848027229, 0.003043191973119974, -0.0035006061661988497, 0.013391269370913506, -0.002848169067874551, 0.006881329230964184, -0.0034165570978075266, 0.0048027620650827885, -0.005878876894712448, 0.001800652127712965, -0.004208594094961882, 0.00335099664516747], [-0.0006300305249169469, 0.0033495735842734575, -0.003058615606278181, 0.0017022320535033941, -0.002848169067874551, 0.011540581472218037, -0.0044996715150773525, 0.0018270190339535475, -0.0024749566800892353, 0.00188076205085963, -0.0030917287804186344, 0.0018894786480814219, -0.003179781138896942], [0.001168783288449049, -0.0035148814786225557, 0.0018037883564829826, -0.00334277399815619, 0.006881329230964184, -0.0044996715150773525, 0.013959853909909725, -0.004356168210506439, 0.0027799238450825214, 0.00025453901616856456, 0.00025776270194910467, -0.0059445323422551155, 0.0009761627879925072], [-0.00041507312562316656, 0.0017745444783940911, -0.0018295939080417156, 0.0009930552914738655, -0.0034165570978075266, 0.0018270190339535475, -0.004356168210506439, 0.013381389901041985, -0.0004927872214466333, -0.0009043907048180699, 0.0007397279841825366, -0.000933126313611865, -0.0007925348472781479], [0.0009035950643010437, -0.004813255742192268, 0.0013027472887188196, -0.003996938932687044, 0.0048027620650827885, -0.0024749566800892353, 0.0027799238450825214, -0.0004927872214466333, 0.021223196759819984, -0.008743750862777233, 0.000539542525075376, -0.002755078487098217, 0.0014439212391152978], [-0.0002855267084669322, 0.0066000898368656635, -0.003368150442838669, 0.0026122485287487507, -0.005878876894712448, 0.00188076205085963, 0.00025453901616856456, -0.0009043907048180699, -0.008743750862777233, 0.023799927905201912, -0.009487241506576538, 0.004832597449421883, -0.0005596813280135393], [0.000214620609767735, -0.004871697165071964, 0.002709721215069294, -0.004238472785800695, 0.001800652127712965, -0.0030917287804186344, 0.00025776270194910467, 0.0007397279841825366, 0.000539542525075376, -0.009487241506576538, 0.018741833046078682, -0.004677480086684227, -0.0013346881605684757], [-0.0014740795595571399, 0.004402242600917816, -0.002252699574455619, 0.005154036916792393, -0.004208594094961882, 0.0018894786480814219, -0.0059445323422551155, -0.000933126313611865, -0.002755078487098217, 0.004832597449421883, -0.004677480086684227, 0.01787755638360977, -0.0025371559895575047], [0.0016677803359925747, -0.003975391387939453, 0.0029088277369737625, -0.003730152500793338, 0.00335099664516747, -0.003179781138896942, 0.0009761627879925072, -0.0007925348472781479, 0.0014439212391152978, -0.0005596813280135393, -0.0013346881605684757, -0.0025371559895575047, 0.022542594000697136]], "lowlevel.mfcc.cov": [[4553.25439453125, -2315.281494140625, 229.99571228027344, 195.9500732421875, -358.3065490722656, 87.22779083251953, -93.20427703857422, 139.50421142578125, -148.34967041015625, -92.98653411865234, 85.39147186279297, 56.42015075683594, -10.089903831481934], [-2315.281494140625, 2357.9697265625, -413.961181640625, -200.03077697753906, 210.54241943359375, -154.03929138183594, 29.47185516357422, -38.53398895263672, 52.360748291015625, -71.986328125, -88.39540100097656, -60.15318298339844, 38.12547302246094], [229.99571228027344, -413.961181640625, 462.7292175292969, 37.04362869262695, -62.637489318847656, 81.09199523925781, 23.33498191833496, 48.81430435180664, 30.2600040435791, 46.37081527709961, 53.116397857666016, 43.68390655517578, -13.402900695800781], [195.9500732421875, -200.03077697753906, 37.04362869262695, 172.51065063476562, 11.025200843811035, 7.444840908050537, 6.949167251586914, -11.841447830200195, -0.16030500829219818, 32.23325729370117, 12.933429718017578, 15.167179107666016, 8.265040397644043], [-358.3065490722656, 210.54241943359375, -62.637489318847656, 11.025200843811035, 206.08680725097656, 0.046144045889377594, -8.441073417663574, -69.76496887207031, -7.7014360427856445, 26.564971923828125, 7.578817367553711, 17.534841537475586, -9.316851615905762], [87.22779083251953, -154.03929138183594, 81.09199523925781, 7.444840908050537, 0.046144045889377594, 118.40128326416016, 13.865864753723145, -7.815535545349121, 0.903776228427887, 14.37717342376709, 18.821102142333984, 37.10144805908203, 4.756687641143799], [-93.20427703857422, 29.47185516357422, 23.33498191833496, 6.949167251586914, -8.441073417663574, 13.865864753723145, 105.58087158203125, 32.70013427734375, 19.296798706054688, 6.002842426300049, 1.1228861808776855, 17.8380126953125, 17.977266311645508], [139.50421142578125, -38.53398895263672, 48.81430435180664, -11.841447830200195, -69.76496887207031, -7.815535545349121, 32.70013427734375, 134.72293090820312, 24.64957618713379, -32.14310836791992, 3.7751095294952393, -6.603954315185547, 28.040935516357422], [-148.34967041015625, 52.360748291015625, 30.2600040435791, -0.16030500829219818, -7.7014360427856445, 0.903776228427887, 19.296798706054688, 24.64957618713379, 76.69377899169922, 9.63853931427002, -11.580574989318848, 3.0423684120178223, 11.970664024353027], [-92.98653411865234, -71.986328125, 46.37081527709961, 32.23325729370117, 26.564971923828125, 14.37717342376709, 6.002842426300049, -32.14310836791992, 9.63853931427002, 81.32852935791016, 22.386375427246094, 9.793063163757324, -7.851000785827637], [85.39147186279297, -88.39540100097656, 53.116397857666016, 12.933429718017578, 7.578817367553711, 18.821102142333984, 1.1228861808776855, 3.7751095294952393, -11.580574989318848, 22.386375427246094, 67.66691589355469, 34.30307388305664, -0.3974491357803345], [56.42015075683594, -60.15318298339844, 43.68390655517578, 15.167179107666016, 17.534841537475586, 37.10144805908203, 17.8380126953125, -6.603954315185547, 3.0423684120178223, 9.793063163757324, 34.30307388305664, 79.2534408569336, 21.902658462524414], [-10.089903831481934, 38.12547302246094, -13.402900695800781, 8.265040397644043, -9.316851615905762, 4.756687641143799, 17.977266311645508, 28.040935516357422, 11.970664024353027, -7.851000785827637, -0.3974491357803345, 21.902658462524414, 77.78120422363281]], "lowlevel.mfcc.icov": [[0.0005990880890749395, 0.0005603879690170288, 0.00020519286044873297, -0.000262221263255924, 0.00038921835948713124, 0.0001361154718324542, 0.0003670927253551781, -0.00036985697806812823, 0.0006288501317612827, 0.0008718742756173015, -0.00018172110139857978, -0.0003957072622142732, 5.47680574527476e-05], [0.0005603879690170288, 0.001214069314301014, 0.0005151134682819247, 0.0004560887173283845, -0.0003420413995627314, 0.0007012782734818757, -4.51943269581534e-05, -0.00014350055425893515, -3.979299435741268e-05, 0.0011891457252204418, -0.00011000887752743438, -0.0001044861419359222, -0.00034876420977525413], [0.00020519286044873297, 0.0005151134682819247, 0.003459271742030978, -0.00015623703075107187, 0.0006935842684470117, -0.0013716157991439104, 0.00017019434017129242, -0.001467983820475638, -0.001020372728817165, -0.0010973631870001554, -0.0011900505051016808, -0.0009906921768561006, 0.0013628271408379078], [-0.000262221263255924, 0.0004560887173283845, -0.00015623703075107187, 0.007262049242854118, -0.0009454071405343711, 0.0009331019828096032, -0.0007131673628464341, 0.0005686223157681525, -0.0002599744184408337, -0.002439840929582715, 0.0003702444664668292, -0.00025247724261134863, -0.0013999036746099591], [0.00038921835948713124, -0.0003420413995627314, 0.0006935842684470117, -0.0009454071405343711, 0.007291869726032019, -0.00024731134180910885, 0.000402811449021101, 0.002290859818458557, 0.0005479329847730696, -0.0008736581658013165, -0.0008341335342265666, -0.0018990369280800223, 0.0007656876114197075], [0.0001361154718324542, 0.0007012782734818757, -0.0013716157991439104, 0.0009331019828096032, -0.00024731134180910885, 0.011560655198991299, -0.001062115654349327, 0.0012874806998297572, 0.0003273555776104331, 8.018082735361531e-05, 0.0005061313859187067, -0.004100964870303869, -0.0005017627263441682], [0.0003670927253551781, -4.51943269581534e-05, 0.00017019434017129242, -0.0007131673628464341, 0.000402811449021101, -0.001062115654349327, 0.011947395280003548, -0.003843348240479827, -0.00031608634162694216, -0.0019223380368202925, 0.0020644923206418753, -0.0034269115421921015, -0.0002575481776148081], [-0.00036985697806812823, -0.00014350055425893515, -0.001467983820475638, 0.0005686223157681525, 0.002290859818458557, 0.0012874806998297572, -0.003843348240479827, 0.013993067666888237, -0.004355787765234709, 0.005833558272570372, -0.005038897041231394, 0.004595274571329355, -0.004312257282435894], [0.0006288501317612827, -3.979299435741268e-05, -0.001020372728817165, -0.0002599744184408337, 0.0005479329847730696, 0.0003273555776104331, -0.00031608634162694216, -0.004355787765234709, 0.017852578312158585, -0.004035942256450653, 0.006039757281541824, -0.0030614002607762814, -0.000620131497271359], [0.0008718742756173015, 0.0011891457252204418, -0.0010973631870001554, -0.002439840929582715, -0.0008736581658013165, 8.018082735361531e-05, -0.0019223380368202925, 0.005833558272570372, -0.004035942256450653, 0.020812049508094788, -0.007799987681210041, 0.0035193059593439102, -0.0004769430961459875], [-0.00018172110139857978, -0.00011000887752743438, -0.0011900505051016808, 0.0003702444664668292, -0.0008341335342265666, 0.0005061313859187067, 0.0020644923206418753, -0.005038897041231394, 0.006039757281541824, -0.007799987681210041, 0.025236178189516068, -0.011204913258552551, 0.002561836037784815], [-0.0003957072622142732, -0.0001044861419359222, -0.0009906921768561006, -0.00025247724261134863, -0.0018990369280800223, -0.004100964870303869, -0.0034269115421921015, 0.004595274571329355, -0.0030614002607762814, 0.0035193059593439102, -0.011204913258552551, 0.023315349593758583, -0.006781590171158314], [5.47680574527476e-05, -0.00034876420977525413, 0.0013628271408379078, -0.0013999036746099591, 0.0007656876114197075, -0.0005017627263441682, -0.0002575481776148081, -0.004312257282435894, -0.000620131497271359, -0.0004769430961459875, 0.002561836037784815, -0.006781590171158314, 0.017124801874160767]], "metadata.audio_properties.analysis.downmix": "mix", "metadata.audio_properties.codec": "mp3", "metadata.audio_properties.md5_encoded": "2648c561bf32118e26a7b7f8f8d3c146", "metadata.tags.file_name": "1182269024034377738.mp3", "metadata.version.essentia": "2.1-beta6-dev", "metadata.version.essentia_git_sha": "v2.1_beta5-1110-g77a6a954", "metadata.version.extractor": "music 2.0", "tonal.chords_key": "G", "tonal.chords_scale": "major", "tonal.key_edma.key": "G", "tonal.key_edma.scale": "minor", "tonal.key_krumhansl.key": "G", "tonal.key_krumhansl.scale": "minor", "tonal.key_temperley.key": "G", "tonal.key_temperley.scale": "minor", "metadata.tags.encoding": ["Lavf58.45.100"]}, "essentia_models": [{"model_name": "genre_dortmund", "activations": {"alternative": "0.008002456", "blues": "0.000102111466", "electronic": "0.015495797", "folkcountry": "0.0005170984", "funksoulrnb": "0.003403604", "jazz": "0.0005882742", "pop": "0.010226285", "raphiphop": "0.8846009", "rock": "0.0034379289"}}, {"model_name": "genre_rosamerica", "activations": {"classic": "0.0022127284", "dance": "0.00054817664", "hip hop": "0.9337149", "jazz": "0.0003570244", "pop": "0.0059582326", "rhythm and blues": "0.009330379", "rock": "0.0035469045", "speech": "0.04434322"}}, {"model_name": "genre_tzanetakis", "activations": {"blues": "0.020578034", "classic": "0.0033088822", "country": "0.0014675048", "disco": "0.001651272", "hip hop": "0.48678443", "jazz": "7.8039186e-05", "metal": "0.0008620425", "pop": "0.002797014", "reggae": "0.24236356", "rock": "0.015460199"}}, {"model_name": "genre_electronic", "activations": {"ambient": "0.16706511", "dnb": "0.6529794", "house": "0.17122436", "techno": "0.19045305", "trance": "0.014814547"}}, {"model_name": "mood_acoustic", "activations": {"acoustic": "0.8856234", "not acoustic": "0.1503977"}}, {"model_name": "mood_electronic", "activations": {"electronic": "0.42776018", "not electronic": "0.524131"}}, {"model_name": "mood_aggressive", "activations": {"aggressive": "0.040061437",