{"song_id": "1182272632964513854", "download": "https://cdn.discordapp.com/attachments/1135903449314238464/1182272632964513854/chirp.mp4?ex=65841831&amp", "lyrics": "Verse 2:\nRound and round your toothbrush sweeps,\nCleaning deep where the tiny bug creeps.\nTop to bottom, side to side,\nBrush them all, wide and wide.\n\nBridge:\nTeeth help us eat, and smile so bright,\nLet's keep them clean, morning and night.\nFloss in between, it's quite the scene,\nFor teeth so clean, and gums so lean.\n\nChorus:\nTra la la, sing with glee,\nBrushing's fun for you and me.\nWave goodbye to tooth decay,\nSmile bright, hip hip hooray!", "style": ["happy song for kids"], "essentia_features": {"lowlevel.average_loudness": 0.9846470952033997, "lowlevel.barkbands_crest.mean": 10.708984375, "lowlevel.barkbands_crest.stdev": 4.225630760192871, "lowlevel.barkbands_flatness_db.mean": 0.14981834590435028, "lowlevel.barkbands_flatness_db.stdev": 0.047055140137672424, "lowlevel.barkbands_kurtosis.mean": 6.6111602783203125, "lowlevel.barkbands_kurtosis.stdev": 11.881754875183105, "lowlevel.barkbands_skewness.mean": 1.850437045097351, "lowlevel.barkbands_skewness.stdev": 1.4492006301879883, "lowlevel.barkbands_spread.mean": 25.011646270751953, "lowlevel.barkbands_spread.stdev": 16.57518196105957, "lowlevel.dissonance.mean": 0.44671255350112915, "lowlevel.dissonance.stdev": 0.03167819604277611, "lowlevel.dynamic_complexity": 2.035874605178833, "lowlevel.erbbands_crest.mean": 11.726699829101562, "lowlevel.erbbands_crest.stdev": 5.469603061676025, "lowlevel.erbbands_flatness_db.mean": 0.160175159573555, "lowlevel.erbbands_flatness_db.stdev": 0.05151664838194847, "lowlevel.erbbands_kurtosis.mean": 1.3016383647918701, "lowlevel.erbbands_kurtosis.stdev": 3.8782200813293457, "lowlevel.erbbands_skewness.mean": 0.5750324130058289, "lowlevel.erbbands_skewness.stdev": 1.1023927927017212, "lowlevel.erbbands_spread.mean": 47.385536193847656, "lowlevel.erbbands_spread.stdev": 27.611713409423828, "lowlevel.hfc.mean": 24.587812423706055, "lowlevel.hfc.stdev": 16.22359275817871, "lowlevel.loudness_ebu128.integrated": -11.605691909790039, "lowlevel.loudness_ebu128.loudness_range": 1.0361804962158203, "lowlevel.loudness_ebu128.momentary.mean": -11.7461519241333, "lowlevel.loudness_ebu128.momentary.stdev": 1.13993501663208, "lowlevel.loudness_ebu128.short_term.mean": -11.611612319946289, "lowlevel.loudness_ebu128.short_term.stdev": 0.3278662860393524, "lowlevel.melbands_crest.mean": 14.712244987487793, "lowlevel.melbands_crest.stdev": 5.170942783355713, "lowlevel.melbands_flatness_db.mean": 0.21370147168636322, "lowlevel.melbands_flatness_db.stdev": 0.05592462047934532, "lowlevel.melbands_kurtosis.mean": 20.04986000061035, "lowlevel.melbands_kurtosis.stdev": 25.259075164794922, "lowlevel.melbands_skewness.mean": 3.1133975982666016, "lowlevel.melbands_skewness.stdev": 1.9521303176879883, "lowlevel.melbands_spread.mean": 24.308067321777344, "lowlevel.melbands_spread.stdev": 24.050994873046875, "lowlevel.pitch_salience.mean": 0.5204486846923828, "lowlevel.pitch_salience.stdev": 0.1341402530670166, "lowlevel.silence_rate_20dB.mean": 1.0, "lowlevel.silence_rate_20dB.stdev": 0.0, "lowlevel.silence_rate_30dB.mean": 1.0, "lowlevel.silence_rate_30dB.stdev": 0.0, "lowlevel.silence_rate_60dB.mean": 0.021541010588407516, "lowlevel.silence_rate_60dB.stdev": 0.14517900347709656, "lowlevel.spectral_centroid.mean": 1356.6783447265625, "lowlevel.spectral_centroid.stdev": 743.7792358398438, "lowlevel.spectral_complexity.mean": 13.755592346191406, "lowlevel.spectral_complexity.stdev": 5.96043586730957, "lowlevel.spectral_decrease.mean": -6.5168266338844205e-09, "lowlevel.spectral_decrease.stdev": 3.562792505462653e-09, "lowlevel.spectral_energy.mean": 0.026826174929738045, "lowlevel.spectral_energy.stdev": 0.01436307467520237, "lowlevel.spectral_energyband_high.mean": 0.0013521787477657199, "lowlevel.spectral_energyband_high.stdev": 0.0014337183674797416, "lowlevel.spectral_energyband_low.mean": 0.006595017854124308, "lowlevel.spectral_energyband_low.stdev": 0.007673910353332758, "lowlevel.spectral_energyband_middle_high.mean": 0.006063342094421387, "lowlevel.spectral_energyband_middle_high.stdev": 0.008115353062748909, "lowlevel.spectral_energyband_middle_low.mean": 0.014321079477667809, "lowlevel.spectral_energyband_middle_low.stdev": 0.010868260636925697, "lowlevel.spectral_entropy.mean": 7.405754089355469, "lowlevel.spectral_entropy.stdev": 0.4727698862552643, "lowlevel.spectral_flux.mean": 0.0796431303024292, "lowlevel.spectral_flux.stdev": 0.045322805643081665, "lowlevel.spectral_kurtosis.mean": 3.620792865753174, "lowlevel.spectral_kurtosis.stdev": 2.359046459197998, "lowlevel.spectral_rms.mean": 0.004895022138953209, "lowlevel.spectral_rms.stdev": 0.0014868078287690878, "lowlevel.spectral_rolloff.mean": 1711.382568359375, "lowlevel.spectral_rolloff.stdev": 1838.6256103515625, "lowlevel.spectral_skewness.mean": 1.4844063520431519, "lowlevel.spectral_skewness.stdev": 0.5271347165107727, "lowlevel.spectral_spread.mean": 6002620.0, "lowlevel.spectral_spread.stdev": 2082503.375, "lowlevel.spectral_strongpeak.mean": 1.5418857336044312, "lowlevel.spectral_strongpeak.stdev": 1.701573371887207, "lowlevel.zerocrossingrate.mean": 0.07309696078300476, "lowlevel.zerocrossingrate.stdev": 0.04121289402246475, "metadata.audio_properties.analysis.equal_loudness": 0.0, "metadata.audio_properties.analysis.length": 27.988277435302734, "metadata.audio_properties.analysis.sample_rate": 44100.0, "metadata.audio_properties.analysis.start_time": 0.0, "metadata.audio_properties.bit_rate": 118671.0, "metadata.audio_properties.length": 27.989334106445312, "metadata.audio_properties.lossless": 0.0, "metadata.audio_properties.number_channels": 1.0, "metadata.audio_properties.replay_gain": -15.283899307250977, "metadata.audio_properties.sample_rate": 48000.0, "rhythm.beats_count": 54.0, "rhythm.beats_loudness.mean": 0.03459339588880539, "rhythm.beats_loudness.stdev": 0.008250579237937927, "rhythm.bpm": 117.34757232666016, "rhythm.bpm_histogram_first_peak_bpm": 117.0, "rhythm.bpm_histogram_first_peak_weight": 0.08333331346511841, "rhythm.bpm_histogram_second_peak_bpm": 123.0, "rhythm.bpm_histogram_second_peak_spread": 0.5, "rhythm.bpm_histogram_second_peak_weight": 0.03773584961891174, "rhythm.danceability": 1.7649216651916504, "rhythm.onset_rate": 4.106663703918457, "tonal.chords_changes_rate": 0.04139072820544243, "tonal.chords_number_rate": 0.014900662004947662, "tonal.chords_strength.mean": 0.5276591777801514, "tonal.chords_strength.stdev": 0.05856449156999588, "tonal.hpcp_crest.mean": 18.6920108795166, "tonal.hpcp_crest.stdev": 7.875925540924072, "tonal.hpcp_entropy.mean": 1.3756369352340698, "tonal.hpcp_entropy.stdev": 0.6414581537246704, "tonal.key_edma.strength": 0.7498945593833923, "tonal.key_krumhansl.strength": 0.7489378452301025, "tonal.key_temperley.strength": 0.7469694018363953, "tonal.tuning_diatonic_strength": 0.639761209487915, "tonal.tuning_equal_tempered_deviation": 0.015033474192023277, "tonal.tuning_frequency": 440.2542419433594, "tonal.tuning_nontempered_energy_ratio": 0.6262959241867065, "lowlevel.barkbands.mean": [7.089941937010735e-05, 0.002213851548731327, 0.0030968114733695984, 0.002341785468161106, 0.002459332812577486, 0.0037591189611703157, 0.003202577820047736, 0.0013669527834281325, 0.0006236245390027761, 0.0009952476248145103, 0.0011192075908184052, 0.0009205970563925803, 0.0010614159982651472, 0.0003052632382605225, 0.0002260055480292067, 0.00018792515038512647, 0.0006642323569394648, 0.00039851455949246883, 0.0002579089195933193, 0.0006578110042028129, 0.0002362025115871802, 0.00010647728049661964, 0.00012916013656649739, 0.00016004883218556643, 0.00020010722801089287, 6.389993359334767e-05, 1.215030692947039e-06], "lowlevel.barkbands.stdev": [0.0001300859439652413, 0.004313996993005276, 0.004148233216255903, 0.002657018369063735, 0.003400955116376281, 0.006374644581228495, 0.007154777646064758, 0.003724007634446025, 0.0018760183593258262, 0.003113758284598589, 0.0032269638031721115, 0.0038632191717624664, 0.0038666552864015102, 0.0012519245501607656, 0.000583091052249074, 0.00042559177381917834, 0.0014974599471315742, 0.0009023415623232722, 0.0004635764635168016, 0.0010053011355921626, 0.00041942682582885027, 0.0003460786829236895, 0.00034155690809711814, 0.00036567638744600117, 0.0002180288574891165, 9.507586946710944e-05, 2.67782638729841e-06], "lowlevel.erbbands.mean": [0.02705998718738556, 0.6408876776695251, 3.1353514194488525, 6.347059726715088, 6.242271423339844, 9.056968688964844, 13.70965576171875, 38.133079528808594, 48.8858757019043, 45.87787628173828, 16.377527236938477, 16.32163429260254, 32.361331939697266, 32.411991119384766, 44.072608947753906, 43.05851364135742, 46.7089729309082, 26.74016571044922, 12.967988014221191, 10.572303771972656, 14.926933288574219, 32.542396545410156, 28.590578079223633, 15.323138236999512, 13.94243049621582, 29.01954460144043, 20.600099563598633, 5.1782684326171875, 3.986382007598877, 3.5890774726867676, 3.6471736431121826, 3.052696943283081, 2.9553964138031006, 2.8262569904327393, 1.0428615808486938, 0.3172505795955658, 0.11381708830595016, 0.015193319879472256, 0.0003063342592213303, 4.563286711345427e-05], "lowlevel.erbbands.stdev": [0.0712108463048935, 1.1734496355056763, 4.2664642333984375, 7.439774990081787, 6.26823091506958, 15.560938835144043, 26.27671241760254, 68.02488708496094, 97.9450454711914, 98.35832214355469, 49.9619026184082, 43.459205627441406, 109.8676986694336, 96.84088897705078, 131.1051483154297, 175.89622497558594, 165.91258239746094, 84.16851806640625, 34.902198791503906, 21.83340072631836, 29.88102912902832, 70.88847351074219, 61.25415802001953, 29.722291946411133, 22.826522827148438, 45.2582893371582, 30.94281768798828, 10.636029243469238, 12.610587120056152, 10.788641929626465, 9.585262298583984, 8.773200988769531, 5.55796480178833, 3.2636518478393555, 1.1880412101745605, 0.49561241269111633, 0.1618204414844513, 0.02163277007639408, 0.0004072976589668542, 2.6588688342599198e-05], "lowlevel.gfcc.mean": [5.997951984405518, 69.05769348144531, -97.53679656982422, 27.79139518737793, -65.7034912109375, 5.57199764251709, -48.0837516784668, 15.559908866882324, -40.89280700683594, 7.327544689178467, -16.655221939086914, -1.0122487545013428, -9.565532684326172], "lowlevel.melbands.mean": [0.0004267666954547167, 0.0014165405882522464, 0.0011079407995566726, 0.00047833813005127013, 0.0005119609995745122, 0.0008354446617886424, 0.000749037426430732, 0.0004747193306684494, 0.00010239666880806908, 0.00010934648889815435, 0.00015742448158562183, 0.00012050026998622343, 0.00013693618529941887, 0.000124453566968441, 8.20298446342349e-05, 0.00011558656842680648, 4.062601146870293e-05, 2.024424793489743e-05, 1.5707324564573355e-05, 1.394054834236158e-05, 1.935965701704845e-05, 3.159633342875168e-05, 4.107146742171608e-05, 1.3894752555643208e-05, 1.2461543519748375e-05, 8.133283699862659e-06, 1.271195196750341e-05, 2.1956622731522657e-05, 1.7234908227692358e-05, 5.18254455528222e-06, 2.1303883386281086e-06, 2.1512191779038403e-06, 2.2007570805726573e-06, 1.963927388715092e-06, 1.995545517274877e-06, 2.1330752133508213e-06, 1.8297309907211456e-06, 1.9823855836875737e-06, 2.432732117085834e-06, 2.395393494225573e-06], "lowlevel.melbands.stdev": [0.0008959919796325266, 0.0018460846040397882, 0.001062038354575634, 0.0005594821413978934, 0.0008742024074308574, 0.0014523406280204654, 0.0015039908466860652, 0.0010292708175256848, 0.00037027866346761584, 0.00030710158171132207, 0.0005472240736708045, 0.00038643780862912536, 0.0004001033375971019, 0.0004493884334806353, 0.0003336411900818348, 0.00043815659591928124, 0.00015227020776364952, 6.191301508806646e-05, 4.16296097682789e-05, 3.2217634725384414e-05, 4.5352830056799576e-05, 7.0122056058608e-05, 9.799661347642541e-05, 2.7507965569384396e-05, 2.7658110411721282e-05, 1.4435661796596833e-05, 2.612107346067205e-05, 3.63761828339193e-05, 2.761653195193503e-05, 1.084034374798648e-05, 5.979431534797186e-06, 6.895456408528844e-06, 8.232371328631416e-06, 6.014225164108211e-06, 5.303714715410024e-06, 6.356100129778497e-06, 5.397806035034591e-06, 4.522113613347756e-06, 3.2304324122378603e-06, 2.7693599804479163e-06], "lowlevel.melbands128.mean": [2.996405237354338e-05, 0.00011123331933049485, 0.00046237994683906436, 0.0012587695382535458, 0.0015446017496287823, 0.0015472015365958214, 0.0013310456415638328, 0.0011226247297599912, 0.0005756510072387755, 0.00025949932751245797, 0.0005402063834480941, 0.000666739942971617, 0.0003966209478676319, 0.00043193684541620314, 0.0008912518969736993, 0.001078432658687234, 0.0008653049590066075, 0.000662151025608182, 0.0006851981161162257, 0.0004842882335651666, 0.00046283466508612037, 0.0001265306054847315, 7.101603841874748e-05, 3.2188010663958266e-05, 9.321887046098709e-05, 0.0001448454859200865, 0.0001341217284789309, 0.0002395300252828747, 7.059258496155962e-05, 0.00010111344454344362, 0.00015707119018770754, 0.0001292255037697032, 9.616206079954281e-05, 0.0002211968385381624, 6.591802957700565e-05, 0.00014001982344780117, 0.00013673266221303493, 4.765806079376489e-05, 7.327005732804537e-05, 0.000111200257379096, 0.00016818441508803517, 4.979822551831603e-05, 3.2510695746168494e-05, 4.5124048483558e-05, 1.4240371456253342e-05, 1.9001448890776373e-05, 2.0537183445412666e-05, 1.6867174053913914e-05, 1.2893437087768689e-05, 1.196812627313193e-05, 1.638385765545536e-05, 1.4119813386059832e-05, 8.433447874267586e-06, 2.527846663724631e-05, 3.692703467095271e-05, 2.036954538198188e-05, 3.581629425752908e-05, 5.624914774671197e-05, 3.828467379207723e-05, 2.7943184250034392e-05, 5.932432031841017e-06, 6.827038760093274e-06, 2.0261815734556876e-05, 1.1724395335477311e-05, 5.1871174946427345e-06, 8.010345482034609e-06, 9.7478387033334e-06, 9.675552064436488e-06, 1.3405716345005203e-05, 1.6905065422179177e-05, 1.6015455912565812e-05, 3.1488383683608845e-05, 2.6836451070266776e-05, 1.2755493116856087e-05, 7.925915269879624e-06, 6.463425961555913e-06, 3.4549093470559455e-06, 2.108242824760964e-06, 2.187938889619545e-06, 1.6481270677104476e-06, 2.14024362321652e-06, 2.3419217995979125e-06, 2.2812946554040536e-06, 2.486831590431393e-06, 1.7931824913830496e-06, 1.7873087472253246e-06, 2.1866380848223343e-06, 1.9102374153590063e-06, 1.7905398408402107e-06, 2.1050543637102237e-06, 2.7111670988233527e-06, 1.929193331307033e-06, 1.6454049500680412e-06, 1.489156261413882e-06, 2.3321174467128003e-06, 2.148319026673562e-06, 1.7928026636582217e-06, 1.7464698203184525e-06, 2.6453194550413173e-06, 2.605753479656414e-06, 2.644613914526417e-06, 2.6482953217055183e-06, 1.7092094140025438e-06, 1.3187029708205955e-06, 1.0567455319687724e-06, 1.0163749948333134e-06, 7.225713716252358e-07, 7.448406336152402e-07, 4.895943561677996e-07, 3.4970523188349034e-07, 2.9575670623671613e-07, 4.08909642146682e-07, 4.10730820021854e-07, 3.3211694017154514e-07, 3.1456053761758085e-07, 1.6291619431285653e-07, 4.763806416008265e-08, 1.8332001194831804e-10, 4.082533356514206e-12, 4.039907297581635e-12, 3.629448738079466e-12, 3.482349174646626e-12, 3.4003383875963467e-12, 3.3246391750729742e-12, 3.223466198826186e-12, 3.102290993539647e-12, 3.031043081455631e-12, 3.006414995426754e-12], "lowlevel.melbands128.stdev": [8.747996616875753e-05, 0.0004700205463450402, 0.001177318743430078, 0.002368723973631859, 0.002459561452269554, 0.0020424704998731613, 0.0019147892016917467, 0.001242353580892086, 0.0007136862259358168, 0.00046775679220445454, 0.0010678409598767757, 0.0013757225824519992, 0.001134002348408103, 0.0011985359014943242, 0.0020598277915269136, 0.002287760842591524, 0.002198240254074335, 0.002058896701782942, 0.0021825062576681376, 0.0012824827572330832, 0.001394044142216444, 0.00048063340364024043, 0.0005820301594212651, 0.00015445442113559693, 0.0003178308834321797, 0.0005320763448253274, 0.0005531475762836635, 0.0010231707710772753, 0.0002515843079891056, 0.0004957566852681339, 0.0006086265784688294, 0.0005986250471323729, 0.00041807795059867203, 0.0008796869078651071, 0.00030918247648514807, 0.0008306928793899715, 0.0007642686832696199, 0.00032222794834524393, 0.0005164971807971597, 0.0005393080646172166, 0.0007949563441798091, 0.00026650138897821307, 0.00019314087694510818, 0.00023560480622109026, 8.008501026779413e-05, 8.012459147721529e-05, 9.726423013489693e-05, 7.76173037593253e-05, 3.671710510388948e-05, 4.9344344006385654e-05, 4.811448525288142e-05, 4.163146877544932e-05, 4.375294884084724e-05, 7.748931966489181e-05, 0.00011203033500351012, 7.36152651370503e-05, 0.00014039328380022198, 0.00020008176215924323, 0.00012890659854747355, 8.799417992122471e-05, 1.3248420145828277e-05, 1.534551483928226e-05, 5.819211946800351e-05, 3.271942841820419e-05, 1.4442191968555562e-05, 1.9692728528752923e-05, 2.3125305233406834e-05, 2.8288843168411404e-05, 3.821814971161075e-05, 3.799589103437029e-05, 4.3100622860947624e-05, 7.464869850082323e-05, 5.428442091215402e-05, 3.228438436053693e-05, 1.6389176380471326e-05, 2.0173099983367138e-05, 9.100293027586304e-06, 6.006562671245774e-06, 7.3036203502852e-06, 5.1079446166113485e-06, 7.970672413648572e-06, 8.008633813005872e-06, 8.990117748908233e-06, 1.1010188245563768e-05, 6.115004907769617e-06, 5.626860911434051e-06, 7.083385753503535e-06, 6.427504104067339e-06, 4.866640665568411e-06, 6.008529908285709e-06, 8.450640962109901e-06, 6.09326616540784e-06, 5.552072252612561e-06, 5.032261015003314e-06, 7.108326826710254e-06, 5.546648480958538e-06, 4.64219147033873e-06, 3.4715194487944245e-06, 3.841020770778414e-06, 3.4916472486656858e-06, 3.6922092476743273e-06, 3.143132744298782e-06, 2.2966919459577184e-06, 1.688004545030708e-06, 1.4405619594981545e-06, 1.556394636281766e-06, 1.1530913752721972e-06, 1.3372548437473597e-06, 9.592686183168553e-07, 6.915469725754519e-07, 5.629788688565895e-07, 6.841625008746632e-07, 5.988538305246038e-07, 5.006633045923081e-07, 4.7616805431971443e-07, 2.835003272139147e-07, 9.478270612817141e-08, 1.3052512404243544e-09, 1.0957639309805423e-11, 1.3893948491716657e-11, 7.282537420327806e-12, 6.885539881318348e-12, 6.754253406571209e-12, 6.498589860681747e-12, 5.7881564125006335e-12, 5.093181518894818e-12, 4.933108175425582e-12, 4.901259086087517e-12], "lowlevel.mfcc.mean": [-647.8523559570312, 106.24152374267578, 17.34622573852539, 23.358192443847656, 6.328133583068848, -12.004570007324219, 8.487034797668457, -10.335033416748047, -1.0823025703430176, -8.2544584274292, -8.0711030960083, 0.6853095889091492, 4.594478607177734], "lowlevel.spectral_contrast_coeffs.mean": [-0.6532818675041199, -0.6530823707580566, -0.7219788432121277, -0.7811219692230225, -0.7677238583564758, -0.7699829339981079], "lowlevel.spectral_contrast_coeffs.stdev": [0.08129291981458664, 0.0933307558298111, 0.08236496895551682, 0.06516113877296448, 0.06540137529373169, 0.04541910067200661], "lowlevel.spectral_contrast_valleys.mean": [-7.1027655601501465, -7.209348678588867, -7.864333152770996, -8.097270011901855, -7.640974521636963, -10.161772727966309], "lowlevel.spectral_contrast_valleys.stdev": [0.827556848526001, 0.5517469048500061, 0.5313055515289307, 0.5221661329269409, 0.6589669585227966, 0.800963282585144], "rhythm.beats_loudness_band_ratio.mean": [0.30279621481895447, 0.21491746604442596, 0.20192982256412506, 0.19113600254058838, 0.06813322752714157, 0.07453463971614838], "rhythm.beats_loudness_band_ratio.stdev": [0.16172948479652405, 0.19888737797737122, 0.18227839469909668, 0.20446890592575073, 0.060262128710746765, 0.04686068370938301], "tonal.hpcp.mean": [0.0744195207953453, 0.05918654426932335, 0.114944688975811, 0.2034485638141632, 0.1304943561553955, 0.030017578974366188, 0.021019084379076958, 0.03155826777219772, 0.1746959388256073, 0.2760563790798187, 0.1373010128736496, 0.03357010334730148, 0.04226832836866379, 0.0387323722243309, 0.08317863941192627, 0.15048548579216003, 0.09990962594747543, 0.04161684587597847, 0.04261615872383118, 0.026862412691116333, 0.03279898315668106, 0.05098288133740425, 0.0515194870531559, 0.2570016086101532, 0.38982418179512024, 0.18251653015613556, 0.04321722686290741, 0.039140485227108, 0.04477354884147644, 0.14231570065021515, 0.2177388221025467, 0.1229621022939682, 0.03787888213992119, 0.022541286423802376, 0.021337272599339485, 0.05094050243496895], "tonal.hpcp.stdev": [0.18411310017108917, 0.169145867228508, 0.21115300059318542, 0.33442550897598267, 0.23726797103881836, 0.1101384162902832, 0.08896351605653763, 0.11905701458454132, 0.26258713006973267, 0.35798755288124084, 0.21895535290241241, 0.11667909473180771, 0.17862962186336517, 0.13133451342582703, 0.18907612562179565, 0.2926153838634491, 0.2138897329568863, 0.13395075500011444, 0.1507185697555542, 0.08193545043468475, 0.0993918925523758, 0.14486077427864075, 0.14710931479930878, 0.2955014705657959, 0.4143211245536804, 0.22948598861694336, 0.13950522243976593, 0.1551019549369812, 0.1596721112728119, 0.2615876793861389, 0.34496378898620605, 0.22955653071403503, 0.1291426718235016, 0.10097501426935196, 0.08704111725091934, 0.14719504117965698], "rhythm.beats_position": [0.4527890980243683, 0.9287981986999512, 1.3931972980499268, 1.8692063093185425, 2.356825351715088, 2.8444442749023438, 3.3436734676361084, 3.8545124530792236, 4.36535120010376, 4.876190185546875, 5.38702917098999, 5.8978681564331055, 6.408707141876221, 6.919546127319336, 7.430385589599609, 7.941224575042725, 8.45206356048584, 8.962902069091797, 9.47374153137207, 9.984580039978027, 10.4954195022583, 11.006258010864258, 11.517097473144531, 12.027935981750488, 12.538775444030762, 13.049613952636719, 13.560453414916992, 14.07129192352295, 14.582131385803223, 15.09296989440918, 15.603809356689453, 16.114648818969727, 16.625486373901367, 17.13632583618164, 17.647165298461914, 18.158004760742188, 18.668842315673828, 19.1796817779541, 19.690521240234375, 20.20136070251465, 20.71219825744629, 21.234647750854492, 21.757097244262695, 22.26793670654297, 22.77877426147461, 23.289613723754883, 23.800453186035156, 24.31129264831543, 24.82213020324707, 25.332969665527344, 25.843809127807617, 26.35464859008789, 26.86548614501953, 27.387935638427734], "rhythm.bpm_histogram": [0.0, 0.0, 0.0, 0.0, 0.0, 0.0, 0.0, 0.0, 0.0, 0.0, 0.0, 0.0, 0.0, 0.0, 0.0, 0.0, 0.0, 0.0, 0.0, 0.0, 0.0, 0.0, 0.0, 0.0, 0.0, 0.0, 0.0, 0.0, 0.0, 0.0, 0.0, 0.0, 0.0, 0.0, 0.0, 0.0, 0.0, 0.0, 0.0, 0.0, 0.0, 0.0, 0.0, 0.0, 0.0, 0.0, 0.0, 0.0, 0.0, 0.0, 0.0, 0.0, 0.0, 0.0, 0.0, 0.0, 0.0, 0.0, 0.0, 0.0, 0.0, 0.0, 0.0, 0.0, 0.0, 0.0, 0.0, 0.0, 0.0, 0.0, 0.0, 0.0, 0.0, 0.0, 0.0, 0.0, 0.0, 0.0, 0.0, 0.0, 0.0, 0.0, 0.0, 0.0, 0.0, 0.0, 0.0, 0.0, 0.0, 0.0, 0.0, 0.0, 0.0, 0.0, 0.0, 0.0, 0.0, 0.0, 0.0, 0.0, 0.0, 0.0, 0.0, 0.0, 0.0, 0.0, 0.0, 0.0, 0.0, 0.0, 0.0, 0.0, 0.0, 0.0, 0.0, 0.056603774428367615, 0.0, 0.8301886916160583, 0.0, 0.0, 0.01886792480945587, 0.0, 0.0, 0.03773584961891174, 0.0, 0.0, 0.03773584961891174, 0.0, 0.0, 0.01886792480945587, 0.0, 0.0, 0.0, 0.0, 0.0, 0.0, 0.0, 0.0, 0.0, 0.0, 0.0, 0.0, 0.0, 0.0, 0.0, 0.0, 0.0, 0.0, 0.0, 0.0, 0.0, 0.0, 0.0, 0.0, 0.0, 0.0, 0.0, 0.0, 0.0, 0.0, 0.0, 0.0, 0.0, 0.0, 0.0, 0.0, 0.0, 0.0, 0.0, 0.0, 0.0, 0.0, 0.0, 0.0, 0.0, 0.0, 0.0, 0.0, 0.0, 0.0, 0.0, 0.0, 0.0, 0.0, 0.0, 0.0, 0.0, 0.0, 0.0, 0.0, 0.0, 0.0, 0.0, 0.0, 0.0, 0.0, 0.0, 0.0, 0.0, 0.0, 0.0, 0.0, 0.0, 0.0, 0.0, 0.0, 0.0, 0.0, 0.0, 0.0, 0.0, 0.0, 0.0, 0.0, 0.0, 0.0, 0.0, 0.0, 0.0, 0.0, 0.0, 0.0, 0.0, 0.0, 0.0, 0.0, 0.0, 0.0, 0.0, 0.0, 0.0, 0.0, 0.0, 0.0, 0.0, 0.0, 0.0, 0.0, 0.0, 0.0, 0.0, 0.0, 0.0, 0.0, 0.0, 0.0, 0.0, 0.0, 0.0, 0.0], "tonal.chords_histogram": [25.66225242614746, 0.0, 34.933773040771484, 1.6556291580200195, 10.430463790893555, 0.0, 0.0, 0.0, 0.0, 0.0, 0.0, 0.0, 0.0, 0.0, 0.0, 0.0, 0.0, 5.298013210296631, 0.0, 4.635761737823486, 0.0, 1.6556291580200195, 1.9867550134658813, 13.741722106933594], "tonal.thpcp": [1.0, 0.4682021737098694, 0.11086338013410568, 0.1004054844379425, 0.11485575139522552, 0.36507663130760193, 0.5585564970970154, 0.3154296278953552, 0.09716914594173431, 0.05782423913478851, 0.05473563075065613, 0.13067558407783508, 0.1909053474664688, 0.1518288105726242, 0.29486289620399475, 0.5218982696533203, 0.33475181460380554, 0.0770028680562973, 0.05391939729452133, 0.0809551328420639, 0.44814032316207886, 0.7081561088562012, 0.35221266746520996, 0.0861160084605217, 0.1084292083978653, 0.09935856610536575, 0.21337474882602692, 0.3860342502593994, 0.2562940716743469, 0.1067579910159111, 0.1093214824795723, 0.06890904903411865, 0.08413788676261902, 0.1307843029499054, 0.13216082751750946, 0.6592757105827332], "lowlevel.gfcc.cov": [[2435.2001953125, -259.3897705078125, -223.4789276123047, 126.01976013183594, 230.63873291015625, -46.425926208496094, 173.61427307128906, 173.67294311523438, -165.6698760986328, 179.89205932617188, 7.280838489532471, -1.1587598323822021, -91.62236022949219], [-259.3897705078125, 932.3787231445312, 110.0416030883789, 30.0030517578125, 210.23501586914062, -86.83435821533203, 70.11603546142578, 23.085636138916016, -45.346866607666016, -104.57994842529297, 5.9297614097595215, -101.21403503417969, 70.446533203125], [-223.4789276123047, 110.0416030883789, 946.259765625, 291.7242736816406, 43.0163459777832, 263.9651794433594, -124.74958801269531, -18.44878387451172, 78.59353637695312, -182.0570068359375, -166.09637451171875, 57.58742904663086, -80.29197692871094], [126.01976013183594, 30.0030517578125, 291.7242736816406, 568.2448120117188, 81.14395141601562, -39.66834259033203, -30.440027236938477, 53.335567474365234, 50.69035339355469, -149.77523803710938, -83.6211166381836, -7.196450233459473, -3.738624095916748], [230.63873291015625, 210.23501586914062, 43.0163459777832, 81.14395141601562, 327.9323425292969, 28.014785766601562, 53.17618942260742, 78.30396270751953, -70.05950927734375, 14.70493221282959, -25.614513397216797, -33.195220947265625, 5.833017826080322], [-46.425926208496094, -86.83435821533203, 263.9651794433594, -39.66834259033203, 28.014785766601562, 626.5390625, 130.20651245117188, -177.5884246826172, 13.842988967895508, -14.89580249786377, -33.014488220214844, -21.785659790039062, -80.48082733154297], [173.61427307128906, 70.11603546142578, -124.74958801269531, -30.440027236938477, 53.17618942260742, 130.20651245117188, 256.1791687011719, 0.3285149037837982, -83.87571716308594, 59.90448760986328, 61.394500732421875, -41.246395111083984, -1.467439889907837], [173.67294311523438, 23.085636138916016, -18.44878387451172, 53.335567474365234, 78.30396270751953, -177.5884246826172, 0.3285149037837982, 220.1715850830078, 23.358022689819336, 3.282093048095703, -2.852790355682373, 14.11328411102295, 24.91179656982422], [-165.6698760986328, -45.346866607666016, 78.59353637695312, 50.69035339355469, -70.05950927734375, 13.842988967895508, -83.87571716308594, 23.358022689819336, 194.9280242919922, -1.6616560220718384, -31.294475555419922, 30.533754348754883, 0.8072605133056641], [179.89205932617188, -104.57994842529297, -182.0570068359375, -149.77523803710938, 14.70493221282959, -14.89580249786377, 59.90448760986328, 3.282093048095703, -1.6616560220718384, 204.0795135498047, 81.6375961303711, 7.148827075958252, 7.473780155181885], [7.280838489532471, 5.9297614097595215, -166.09637451171875, -83.6211166381836, -25.614513397216797, -33.014488220214844, 61.394500732421875, -2.852790355682373, -31.294475555419922, 81.6375961303711, 146.716796875, 17.4179744720459, 22.474111557006836], [-1.1587598323822021, -101.21403503417969, 57.58742904663086, -7.196450233459473, -33.195220947265625, -21.785659790039062, -41.246395111083984, 14.11328411102295, 30.533754348754883, 7.148827075958252, 17.4179744720459, 107.7875747680664, 18.178815841674805], [-91.62236022949219, 70.446533203125, -80.29197692871094, -3.738624095916748, 5.833017826080322, -80.48082733154297, -1.467439889907837, 24.91179656982422, 0.8072605133056641, 7.473780155181885, 22.474111557006836, 18.178815841674805, 111.83475494384766]], "lowlevel.gfcc.icov": [[0.000664072809740901, -9.528233204036951e-05, 0.00038767463411204517, -0.0005557022523134947, 9.570272959535941e-05, -0.00034594436874613166, 0.0001405162620358169, -0.0007864105282351375, 0.0009451308287680149, -0.001030398067086935, 0.0006856059771962464, -0.0006584400543943048, 0.0008181900484487414], [-9.528233204036951e-05, 0.0030495277605950832, -0.0017063948325812817, 0.0018068287754431367, -0.0030552162788808346, 0.0025091362185776234, -0.002619395265355706, 0.0025111304130405188, -0.00275254063308239, 0.0035041894298046827, -0.002471343381330371, 0.003425176488235593, -0.002066865796223283], [0.00038767463411204517, -0.0017063948325812817, 0.0033844816498458385, -0.002141469158232212, 0.0017189194913953543, -0.0029007999692112207, 0.002715848386287689, -0.00249880226328969, 0.0024055226240307093, -0.0019094113958999515, 0.0027761957608163357, -0.0036326246336102486, 0.002308696275576949], [-0.0005557022523134947, 0.0018068287754431367, -0.002141469158232212, 0.004397094715386629, -0.0028593584429472685, 0.0028374753892421722, -0.0029288840014487505, 0.002646475564688444, -0.003853462403640151, 0.00472132908180356, -0.0020567707251757383, 0.0027588545344769955, -0.001743578934110701], [9.570272959535941e-05, -0.0030552162788808346, 0.0017189194913953543, -0.0028593584429472685, 0.007937923073768616, -0.0038984487764537334, 0.0034447540529072285, -0.005331958178430796, 0.005575727671384811, -0.005387305747717619, 0.0036897831596434116, -0.002309498842805624, 0.0011085668811574578], [-0.00034594436874613166, 0.0025091362185776234, -0.0029007999692112207, 0.0028374753892421722, -0.0038984487764537334, 0.006517959758639336, -0.005716901738196611, 0.0060751778073608875, -0.005068879574537277, 0.004134555347263813, -0.0020700881723314524, 0.0028346157632768154, -0.0006706020212732255], [0.0001405162620358169, -0.002619395265355706, 0.002715848386287689, -0.0029288840014487505, 0.0034447540529072285, -0.005716901738196611, 0.010654691606760025, -0.005384198389947414, 0.006224197801202536, -0.004977144300937653, 0.0003186299873050302, -0.0010807630605995655, 0.0010617723455652595], [-0.0007864105282351375, 0.0025111304130405188, -0.00249880226328969, 0.002646475564688444, -0.005331958178430796, 0.0060751778073608875, -0.005384198389947414, 0.011531393975019455, -0.006499283015727997, 0.004864195361733437, -0.0025038488674908876, 0.002144776051864028, -0.0020445329137146473], [0.0009451308287680149, -0.00275254063308239, 0.0024055226240307093, -0.003853462403640151, 0.005575727671384811, -0.005068879574537277, 0.006224197801202536, -0.006499283015727997, 0.012472962960600853, -0.0070327394641935825, 0.004490395542234182, -0.004300094675272703, 0.0018738028593361378], [-0.001030398067086935, 0.0035041894298046827, -0.0019094113958999515, 0.00472132908180356, -0.005387305747717619, 0.004134555347263813, -0.004977144300937653, 0.004864195361733437, -0.0070327394641935825, 0.014058874920010567, -0.006816522683948278, 0.0037979052867740393, -0.0022932877764105797], [0.0006856059771962464, -0.002471343381330371, 0.0027761957608163357, -0.0020567707251757383, 0.0036897831596434116, -0.0020700881723314524, 0.0003186299873050302, -0.0025038488674908876, 0.004490395542234182, -0.006816522683948278, 0.014094769954681396, -0.006117966957390308, 0.00150775455404073], [-0.0006584400543943048, 0.003425176488235593, -0.0036326246336102486, 0.0027588545344769955, -0.002309498842805624, 0.0028346157632768154, -0.0010807630605995655, 0.002144776051864028, -0.004300094675272703, 0.0037979052867740393, -0.006117966957390308, 0.01661740429699421, -0.005238897167146206], [0.0008181900484487414, -0.002066865796223283, 0.002308696275576949, -0.001743578934110701, 0.0011085668811574578, -0.0006706020212732255, 0.0010617723455652595, -0.0020445329137146473, 0.0018738028593361378, -0.0022932877764105797, 0.00150775455404073, -0.005238897167146206, 0.0131305493414402]], "lowlevel.mfcc.cov": [[2453.401611328125, -294.9965515136719, -418.25762939453125, 254.7609405517578, -62.11099624633789, -54.96378707885742, 220.5532989501953, -37.09114456176758, -1.957994818687439, 80.24366760253906, 50.853248596191406, 106.21012878417969, 46.47333526611328], [-294.9965515136719, 961.9235229492188, -113.35353088378906, 62.85977554321289, 85.6898193359375, -99.43009185791016, 146.0216522216797, -30.95111083984375, 43.9821662902832, -1.7347861528396606, 5.647110462188721, -74.39168548583984, -19.474313735961914], [-418.25762939453125, -113.35353088378906, 920.6611938476562, -46.46013259887695, 180.226806640625, 290.4037170410156, -171.2322998046875, 255.7352294921875, 7.194421768188477, -0.8207653760910034, -10.205145835876465, -105.6385498046875, -113.04635620117188], [254.7609405517578, 62.85977554321289, -46.46013259887695, 597.5682983398438, 123.2762222290039, -253.60574340820312, 25.786479949951172, 40.280738830566406, 67.99921417236328, -62.255855560302734, -48.938720703125, 56.24165725708008, -19.629804611206055], [-62.11099624633789, 85.6898193359375, 180.226806640625, 123.2762222290039, 302.2895812988281, 37.397647857666016, -46.898563385009766, 98.75536346435547, 64.61382293701172, -12.874141693115234, -13.344671249389648, -30.82921028137207, -34.6037712097168], [-54.96378707885742, -99.43009185791016, 290.4037170410156, -253.60574340820312, 37.397647857666016, 540.2670288085938, 74.54130554199219, 87.8366470336914, -24.398929595947266, 92.97732543945312, 35.165618896484375, -65.47443389892578, -63.63558578491211], [220.5532989501953, 146.0216522216797, -171.2322998046875, 25.786479949951172, -46.898563385009766, 74.54130554199219, 369.7224426269531, -19.333271026611328, -20.323867797851562, 53.83974075317383, 19.152149200439453, 5.162269115447998, 6.473527431488037], [-37.09114456176758, -30.95111083984375, 255.7352294921875, 40.280738830566406, 98.75536346435547, 87.8366470336914, -19.333271026611328, 220.63980102539062, 34.84599685668945, 12.58420467376709, -14.467144966125488, -33.32667922973633, -49.73946762084961], [-1.957994818687439, 43.9821662902832, 7.194421768188477, 67.99921417236328, 64.61382293701172, -24.398929595947266, -20.323867797851562, 34.84599685668945, 136.7481689453125, 20.232288360595703, 6.827897548675537, -12.274038314819336, 2.3110804557800293], [80.24366760253906, -1.7347861528396606, -0.8207653760910034, -62.255855560302734, -12.874141693115234, 92.97732543945312, 53.83974075317383, 12.58420467376709, 20.232288360595703, 130.9542694091797, 21.76202392578125, 5.766638278961182, -21.461612701416016], [50.853248596191406, 5.647110462188721, -10.205145835876465, -48.938720703125, -13.344671249389648, 35.165618896484375, 19.152149200439453, -14.467144966125488, 6.827897548675537, 21.76202392578125, 99.60558319091797, 21.480609893798828, 25.085168838500977], [106.21012878417969, -74.39168548583984, -105.6385498046875, 56.24165725708008, -30.82921028137207, -65.47443389892578, 5.162269115447998, -33.32667922973633, -12.274038314819336, 5.766638278961182, 21.480609893798828, 154.10572814941406, 45.36826705932617], [46.47333526611328, -19.474313735961914, -113.04635620117188, -19.629804611206055, -34.6037712097168, -63.63558578491211, 6.473527431488037, -49.73946762084961, 2.3110804557800293, -21.461612701416016, 25.085168838500977, 45.36826705932617, 122.10538482666016]], "lowlevel.mfcc.icov": [[0.0005499882390722632, 0.00024208406102843583, 0.0002998156123794615, -0.00033858499955385923, -2.670113099156879e-05, -7.522437226725742e-05, -0.00018155600992031395, -0.00016751869407016784, 0.00017476278299000114, -0.0003408649063203484, -0.0003340096154715866, 9.732993930811062e-05, -8.372239244636148e-05], [0.00024208406102843583, 0.0014390137512236834, 0.00015277300553862005, 1.9104720195173286e-05, -0.0005946597084403038, 0.0004927925765514374, -0.0007928462000563741, 0.000253592268563807, -0.0001898955670185387, -0.00010393778939032927, -0.00045065750600770116, 0.0007570644957013428, 0.00031213072361424565], [0.0002998156123794615, 0.00015277300553862005, 0.0025407138746231794, -0.0004036777245346457, -0.00042151796515099704, -0.0010877619497478008, 0.0010563837131485343, -0.0020344131626188755, 0.0007663115975446999, 0.00017367780674248934, -0.0006456879782490432, 0.0007304850150831044, 0.0005037709488533437], [-0.00033858499955385923, 1.9104720195173286e-05, -0.0004036777245346457, 0.0033007811289280653, -0.0010986268753185868, 0.001613952568732202, -0.0010106194531545043, -0.00012949356460012496, -0.0013374692061915994, 0.0012892965460196137, 0.000981890014372766, -0.0014761105412617326, 0.0014180801808834076], [-2.670113099156879e-05, -0.0005946597084403038, -0.00042151796515099704, -0.0010986268753185868, 0.005090366117656231, -0.0008523584110662341, 0.0007182161207310855, -0.001059607951901853, -0.001505076652392745, 0.0005952315405011177, 0.00011943463323405012, 0.00010302226291969419, -5.2592218708014116e-05], [-7.522437226725742e-05, 0.0004927925765514374, -0.0010877619497478008, 0.001613952568732202, -0.0008523584110662341, 0.003976768814027309, -0.001470878953114152, -2.678614873730112e-05, 0.00023021937522571534, -0.0012679052306339145, -0.0006228932761587203, 0.0003696227795444429, 0.0010210713371634483], [-0.00018155600992031395, -0.0007928462000563741, 0.0010563837131485343, -0.0010106194531545043, 0.0007182161207310855, -0.001470878953114152, 0.004296278115361929, -0.0007657069945707917, 0.0011752782156690955, -0.001209961366839707, -0.0003107151424046606, 0.0004250951751600951, -0.0006735257338732481], [-0.00016751869407016784, 0.000253592268563807, -0.0020344131626188755, -0.00012949356460012496, -0.001059607951901853, -2.678614873730112e-05, -0.0007657069945707917, 0.007860626094043255, -0.0015729102306067944, -0.00023245633929036558, 0.0008960547856986523, -0.0001385649520670995, 0.000984583399258554], [0.00017476278299000114, -0.0001898955670185387, 0.0007663115975446999, -0.0013374692061915994, -0.001505076652392745, 0.00023021937522571534, 0.0011752782156690955, -0.0015729102306067944, 0.010046595707535744, -0.003075777320191264, -0.0013681576820090413, 0.0018380695255473256, -0.0017445562407374382], [-0.0003408649063203484, -0.00010393778939032927, 0.00017367780674248934, 0.0012892965460196137, 0.0005952315405011177, -0.0012679052306339145, -0.001209961366839707, -0.00023245633929036558, -0.003075777320191264, 0.011136672459542751, -0.0009707090794108808, -0.001978851854801178, 0.002908879891037941], [-0.0003340096154715866, -0.00045065750600770116, -0.0006456879782490432, 0.000981890014372766, 0.00011943463323405012, -0.0006228932761587203, -0.0003107151424046606, 0.0008960547856986523, -0.0013681576820090413, -0.0009707090794108808, 0.012373455800116062, -0.001959017477929592, -0.002252813894301653], [9.732993930811062e-05, 0.0007570644957013428, 0.0007304850150831044, -0.0014761105412617326, 0.00010302226291969419, 0.0003696227795444429, 0.0004250951751600951, -0.0001385649520670995, 0.0018380695255473256, -0.001978851854801178, -0.001959017477929592, 0.00926556158810854, -0.0027572279796004295], [-8.372239244636148e-05, 0.00031213072361424565, 0.0005037709488533437, 0.0014180801808834076, -5.2592218708014116e-05, 0.0010210713371634483, -0.0006735257338732481, 0.000984583399258554, -0.0017445562407374382, 0.002908879891037941, -0.002252813894301653, -0.0027572279796004295, 0.011951223947107792]], "metadata.audio_properties.analysis.downmix": "mix", "metadata.audio_properties.codec": "mp3", "metadata.audio_properties.md5_encoded": "c354f16698179a9bad03dbf871ac61ac", "metadata.tags.file_name": "1182272632964513854.mp3", "metadata.version.essentia": "2.1-beta6-dev", "metadata.version.essentia_git_sha": "v2.1_beta5-1110-g77a6a954", "metadata.version.extractor": "music 2.0", "tonal.chords_key": "F", "tonal.chords_scale": "major", "tonal.key_edma.key": "Bb", "tonal.key_edma.scale": "major", "tonal.key_krumhansl.key": "Bb", "tonal.key_krumhansl.scale": "major", "tonal.key_temperley.key": "Bb", "tonal.key_temperley.scale": "major", "metadata.tags.encoding": ["Lavf58.45.100"]}, "es