{"song_id": "1182278159173947473", "download": "https://cdn.discordapp.com/attachments/1128313332273782784/1182278159173947473/chirp.mp4?ex=65841d56&amp", "lyrics": "[Verse]\nIn this Canadian town, the snow starts to fall\nAs winter's enchantment embraces us all\nIndie rock melodies blend with the breeze\nDream pop harmonies dance through the trees\n\n[Chorus]\nMesmerizing winter, oh, how you captivate\nWith your icy whispers and magical fate\nTropical funk grooves melt away the cold\nAs we embrace the music that winter unfolds", "style": ["sertanejo"], "essentia_features": {"lowlevel.average_loudness": 0.9863756895065308, "lowlevel.barkbands_crest.mean": 13.885467529296875, "lowlevel.barkbands_crest.stdev": 4.111051559448242, "lowlevel.barkbands_flatness_db.mean": 0.22929911315441132, "lowlevel.barkbands_flatness_db.stdev": 0.054496414959430695, "lowlevel.barkbands_kurtosis.mean": 28.412466049194336, "lowlevel.barkbands_kurtosis.stdev": 27.150529861450195, "lowlevel.barkbands_skewness.mean": 3.977686643600464, "lowlevel.barkbands_skewness.stdev": 1.796317458152771, "lowlevel.barkbands_spread.mean": 13.378695487976074, "lowlevel.barkbands_spread.stdev": 14.372114181518555, "lowlevel.dissonance.mean": 0.4284585118293762, "lowlevel.dissonance.stdev": 0.04156450927257538, "lowlevel.dynamic_complexity": 0.9970102310180664, "lowlevel.erbbands_crest.mean": 12.039989471435547, "lowlevel.erbbands_crest.stdev": 4.8477630615234375, "lowlevel.erbbands_flatness_db.mean": 0.15246276557445526, "lowlevel.erbbands_flatness_db.stdev": 0.04457927867770195, "lowlevel.erbbands_kurtosis.mean": 5.917562007904053, "lowlevel.erbbands_kurtosis.stdev": 8.41039752960205, "lowlevel.erbbands_skewness.mean": 1.8076146841049194, "lowlevel.erbbands_skewness.stdev": 1.3591161966323853, "lowlevel.erbbands_spread.mean": 49.55126190185547, "lowlevel.erbbands_spread.stdev": 35.82862091064453, "lowlevel.hfc.mean": 21.526063919067383, "lowlevel.hfc.stdev": 14.126666069030762, "lowlevel.loudness_ebu128.integrated": -10.871231079101562, "lowlevel.loudness_ebu128.loudness_range": 0.48323631286621094, "lowlevel.loudness_ebu128.momentary.mean": -10.908210754394531, "lowlevel.loudness_ebu128.momentary.stdev": 0.5749102830886841, "lowlevel.loudness_ebu128.short_term.mean": -10.87887954711914, "lowlevel.loudness_ebu128.short_term.stdev": 0.18339961767196655, "lowlevel.melbands_crest.mean": 17.140247344970703, "lowlevel.melbands_crest.stdev": 4.679284572601318, "lowlevel.melbands_flatness_db.mean": 0.31417742371559143, "lowlevel.melbands_flatness_db.stdev": 0.0696108415722847, "lowlevel.melbands_kurtosis.mean": 56.06283950805664, "lowlevel.melbands_kurtosis.stdev": 49.199920654296875, "lowlevel.melbands_skewness.mean": 4.840179443359375, "lowlevel.melbands_skewness.stdev": 2.4601213932037354, "lowlevel.melbands_spread.mean": 6.676967620849609, "lowlevel.melbands_spread.stdev": 9.145541191101074, "lowlevel.pitch_salience.mean": 0.5002182126045227, "lowlevel.pitch_salience.stdev": 0.11093878000974655, "lowlevel.silence_rate_20dB.mean": 1.0, "lowlevel.silence_rate_20dB.stdev": 0.0, "lowlevel.silence_rate_30dB.mean": 0.9993857741355896, "lowlevel.silence_rate_30dB.stdev": 0.024776186794042587, "lowlevel.silence_rate_60dB.mean": 0.0012285012053325772, "lowlevel.silence_rate_60dB.stdev": 0.03502817451953888, "lowlevel.spectral_centroid.mean": 535.4810180664062, "lowlevel.spectral_centroid.stdev": 448.4068908691406, "lowlevel.spectral_complexity.mean": 9.119778633117676, "lowlevel.spectral_complexity.stdev": 4.718985080718994, "lowlevel.spectral_decrease.mean": -1.2539484117723987e-08, "lowlevel.spectral_decrease.stdev": 4.825250421447436e-09, "lowlevel.spectral_energy.mean": 0.04927939921617508, "lowlevel.spectral_energy.stdev": 0.018376164138317108, "lowlevel.spectral_energyband_high.mean": 0.001127838040702045, "lowlevel.spectral_energyband_high.stdev": 0.0015105092898011208, "lowlevel.spectral_energyband_low.mean": 0.022046061232686043, "lowlevel.spectral_energyband_low.stdev": 0.017613761126995087, "lowlevel.spectral_energyband_middle_high.mean": 0.001101176138035953, "lowlevel.spectral_energyband_middle_high.stdev": 0.0018244741950184107, "lowlevel.spectral_energyband_middle_low.mean": 0.0278618186712265, "lowlevel.spectral_energyband_middle_low.stdev": 0.017611531540751457, "lowlevel.spectral_entropy.mean": 6.980538845062256, "lowlevel.spectral_entropy.stdev": 0.6577758193016052, "lowlevel.spectral_flux.mean": 0.08674634993076324, "lowlevel.spectral_flux.stdev": 0.046652525663375854, "lowlevel.spectral_kurtosis.mean": 5.5018110275268555, "lowlevel.spectral_kurtosis.stdev": 4.774777412414551, "lowlevel.spectral_rms.mean": 0.006803550291806459, "lowlevel.spectral_rms.stdev": 0.001337580499239266, "lowlevel.spectral_rolloff.mean": 571.1058349609375, "lowlevel.spectral_rolloff.stdev": 1137.231689453125, "lowlevel.spectral_skewness.mean": 2.0024161338806152, "lowlevel.spectral_skewness.stdev": 0.8057959675788879, "lowlevel.spectral_spread.mean": 7031398.0, "lowlevel.spectral_spread.stdev": 2502621.25, "lowlevel.spectral_strongpeak.mean": 1.0479340553283691, "lowlevel.spectral_strongpeak.stdev": 0.6051045060157776, "lowlevel.zerocrossingrate.mean": 0.049683816730976105, "lowlevel.zerocrossingrate.stdev": 0.0349157340824604, "metadata.audio_properties.analysis.equal_loudness": 0.0, "metadata.audio_properties.analysis.length": 37.75997543334961, "metadata.audio_properties.analysis.sample_rate": 44100.0, "metadata.audio_properties.analysis.start_time": 0.0, "metadata.audio_properties.bit_rate": 117201.0, "metadata.audio_properties.length": 37.7599983215332, "metadata.audio_properties.lossless": 0.0, "metadata.audio_properties.number_channels": 1.0, "metadata.audio_properties.replay_gain": -14.342742919921875, "metadata.audio_properties.sample_rate": 48000.0, "rhythm.beats_count": 64.0, "rhythm.beats_loudness.mean": 0.05744766816496849, "rhythm.beats_loudness.stdev": 0.0174558088183403, "rhythm.bpm": 102.15400695800781, "rhythm.bpm_histogram_first_peak_bpm": 101.0, "rhythm.bpm_histogram_first_peak_weight": 0.5166666507720947, "rhythm.bpm_histogram_second_peak_bpm": 110.0, "rhythm.bpm_histogram_second_peak_spread": 0.3333333730697632, "rhythm.bpm_histogram_second_peak_weight": 0.0317460335791111, "rhythm.danceability": 1.732465386390686, "rhythm.onset_rate": 5.479253768920898, "tonal.chords_changes_rate": 0.04171779006719589, "tonal.chords_number_rate": 0.009815950877964497, "tonal.chords_strength.mean": 0.5600354075431824, "tonal.chords_strength.stdev": 0.09353046119213104, "tonal.hpcp_crest.mean": 15.23392105102539, "tonal.hpcp_crest.stdev": 7.576622486114502, "tonal.hpcp_entropy.mean": 1.8306690454483032, "tonal.hpcp_entropy.stdev": 0.8108277916908264, "tonal.key_edma.strength": 0.5914798974990845, "tonal.key_krumhansl.strength": 0.5779053568840027, "tonal.key_temperley.strength": 0.5713961124420166, "tonal.tuning_diatonic_strength": 0.5261556506156921, "tonal.tuning_equal_tempered_deviation": 0.04264489933848381, "tonal.tuning_frequency": 440.76312255859375, "tonal.tuning_nontempered_energy_ratio": 0.6881786584854126, "lowlevel.barkbands.mean": [0.000107404230220709, 0.005501134786754847, 0.013630659319460392, 0.005020970944315195, 0.014809813350439072, 0.005327876191586256, 0.0014704408822581172, 0.000433721870649606, 0.0006539611495099962, 0.00023132962814997882, 0.00033449128386564553, 0.00011306980741210282, 8.304711082018912e-05, 0.00010153206676477566, 7.116049528121948e-05, 4.224414806230925e-05, 5.03030423715245e-05, 4.54958135378547e-05, 8.034063648665324e-05, 0.0001007873288472183, 0.00014077125524636358, 0.00010762760939542204, 0.00017164391465485096, 0.00011070430628024042, 0.0002179275470552966, 0.000320785358780995, 1.960094522246436e-07], "lowlevel.barkbands.stdev": [0.00012383898138068616, 0.007574125193059444, 0.013408093713223934, 0.0072395834140479565, 0.014832568354904652, 0.009020771831274033, 0.0021622711792588234, 0.0008423790568485856, 0.0013152710162103176, 0.000802158669102937, 0.0013121521333232522, 0.0003932668187189847, 0.0002010406751651317, 0.0003340512339491397, 0.00015238254854921252, 8.511894702678546e-05, 9.559702448314056e-05, 8.068484748946503e-05, 0.00015679767238907516, 0.000258574727922678, 0.0003930697566829622, 0.0002245289651909843, 0.0004141850513406098, 0.00021282699890434742, 0.00030902973958291113, 0.0005341360229067504, 1.2634073982553673e-06], "lowlevel.erbbands.mean": [0.10730726271867752, 1.6153395175933838, 12.244576454162598, 19.210206985473633, 33.41716766357422, 57.1242790222168, 33.49485397338867, 44.84095764160156, 25.107507705688477, 21.78748893737793, 7.548980712890625, 15.240234375, 11.16469955444336, 8.084166526794434, 10.877007484436035, 5.075070381164551, 4.257211685180664, 4.635666370391846, 3.935242176055908, 3.521528482437134, 2.6615846157073975, 2.74878191947937, 2.4775161743164062, 3.5280675888061523, 4.17752742767334, 4.758632659912109, 5.320333957672119, 5.6081929206848145, 4.0628981590271, 3.896509885787964, 4.960606098175049, 2.750357151031494, 1.7841951847076416, 1.5204654932022095, 2.0504562854766846, 1.7810336351394653, 0.5290109515190125, 0.03282586485147476, 0.0006845627794973552, 9.227159898728132e-05], "lowlevel.erbbands.stdev": [0.1613132655620575, 2.014190435409546, 11.508949279785156, 17.82373809814453, 44.20428466796875, 55.73595428466797, 47.24083709716797, 76.1364517211914, 45.8342399597168, 30.946834564208984, 14.29470443725586, 30.636327743530273, 37.532081604003906, 25.533056259155273, 38.083274841308594, 15.232364654541016, 10.27824592590332, 12.375513076782227, 9.831523895263672, 8.94752025604248, 5.343368053436279, 5.042121887207031, 4.314069747924805, 7.6073760986328125, 7.715953350067139, 12.070290565490723, 13.984491348266602, 16.10641098022461, 8.60547924041748, 8.827005386352539, 12.10628890991211, 5.6879658699035645, 3.3904435634613037, 2.2525458335876465, 3.1381518840789795, 2.9621667861938477, 0.8901914358139038, 0.05542556941509247, 0.0010888517135754228, 6.368447066051885e-05], "lowlevel.gfcc.mean": [-0.5814578533172607, 85.00203704833984, -43.4014892578125, 33.16551208496094, -61.81224060058594, 9.27631664276123, -50.44717025756836, 4.304598331451416, -42.734676361083984, 7.606146812438965, -25.558502197265625, 2.3042972087860107, -17.880189895629883], "lowlevel.melbands.mean": [0.0012440169230103493, 0.004925972782075405, 0.0036419695243239403, 0.0035035102628171444, 0.0014521394623443484, 0.0010165490675717592, 0.0003674112376756966, 0.00020740236504934728, 6.565810326719657e-05, 9.248051355825737e-05, 5.199781298870221e-05, 2.9066763090668246e-05, 4.491772051551379e-05, 1.5144470125960652e-05, 1.084062023437582e-05, 7.335540431085974e-06, 9.216250873578247e-06, 6.7795322138408665e-06, 5.029284693591762e-06, 3.443398099989281e-06, 3.2070925044536125e-06, 2.8804024623241276e-06, 2.5061847281904193e-06, 2.1326177375158295e-06, 2.8902588837809162e-06, 3.0625189992861124e-06, 2.981326360895764e-06, 3.219732889192528e-06, 3.187063157383818e-06, 3.5908174140786286e-06, 3.1070230761542916e-06, 2.391042471572291e-06, 1.8266497363583767e-06, 2.3670420432608807e-06, 2.9599671051983023e-06, 2.435068836348364e-06, 1.4329599480333854e-06, 1.2549216990009882e-06, 1.0822657259268453e-06, 1.3431053957901895e-06], "lowlevel.melbands.stdev": [0.0017583846347406507, 0.0043331533670425415, 0.0028373340610414743, 0.0037251897156238556, 0.001595173729583621, 0.001705944538116455, 0.0006386901368387043, 0.00030313216848298907, 0.00014009886945132166, 0.00017998288967646658, 0.00018402347632218152, 9.721152309793979e-05, 0.0001782548351911828, 4.922154766973108e-05, 3.0392169719561934e-05, 1.7637579730944708e-05, 2.7721160222426988e-05, 2.1780846509500407e-05, 1.113413327402668e-05, 7.919461495475844e-06, 6.987405868130736e-06, 5.439895630843239e-06, 4.994516075385036e-06, 3.9388919503835496e-06, 6.714825758535881e-06, 6.738611773471348e-06, 5.313190285960445e-06, 9.870719622995239e-06, 8.797693226370029e-06, 1.037319452734664e-05, 8.974050615506712e-06, 5.164935828361195e-06, 3.989226115663769e-06, 5.774739747721469e-06, 7.453612397512188e-06, 5.644190878228983e-06, 2.9718419227720005e-06, 2.6339700980315683e-06, 1.8329149042983772e-06, 2.0874858819297515e-06], "lowlevel.melbands128.mean": [5.384262840379961e-05, 0.0006040869047865272, 0.0016650290926918387, 0.002607299480587244, 0.005374870728701353, 0.006963843014091253, 0.003996910061687231, 0.002308191731572151, 0.0032570406328886747, 0.0043516140431165695, 0.0033187586814165115, 0.0016529333079233766, 0.0007288796477951109, 0.0014866883866488934, 0.0010648755123838782, 0.0008532243082299829, 0.0005459217354655266, 0.00018716843624133617, 0.0002500139526091516, 0.0003159831976518035, 0.00013761348964180797, 3.571867273421958e-05, 3.133224890916608e-05, 0.00011903615813935176, 0.0001401561457896605, 4.3051571992691606e-05, 8.82158346939832e-05, 6.080857201595791e-05, 1.538302421977278e-05, 2.0475177734624594e-05, 2.508674151613377e-05, 6.251993181649595e-05, 6.00016355747357e-05, 2.330600364075508e-05, 1.2553088708955329e-05, 1.685281313257292e-05, 1.1803220331785269e-05, 8.040396096475888e-06, 1.3553475582739338e-05, 9.523801963950973e-06, 4.2680089791247156e-06, 6.466028480645036e-06, 8.900519787857775e-06, 1.116854400606826e-05, 9.829524060478434e-06, 4.753714620164828e-06, 5.378268724598456e-06, 3.914610715582967e-06, 5.78546178076067e-06, 5.809177764604101e-06, 2.0616287201846717e-06, 2.437827561152517e-06, 3.044577397304238e-06, 3.814554247583146e-06, 3.1474467050429666e-06, 2.692392399694654e-06, 2.5983326850109734e-06, 2.9559901122411247e-06, 2.3707507352810353e-06, 1.888383849291131e-06, 2.0664758721977705e-06, 2.018037093876046e-06, 3.379590225449647e-06, 2.955972831841791e-06, 2.457002665323671e-06, 3.4340234833507566e-06, 3.1565450626658276e-06, 2.654205900398665e-06, 3.1418130674865097e-06, 3.223441353839007e-06, 2.688242830117815e-06, 3.865245162160136e-06, 3.221511406081845e-06, 2.8730678423016798e-06, 3.2630541682010517e-06, 3.582641511457041e-06, 3.911755811714102e-06, 3.4446250083419727e-06, 2.9683822049264563e-06, 2.7245755518379156e-06, 2.657510549397557e-06, 2.163604676752584e-06, 1.994346121136914e-06, 1.814266283872712e-06, 1.5856236359468312e-06, 2.0852723991993116e-06, 2.617480276967399e-06, 2.968093212984968e-06, 2.909319391619647e-06, 3.122832140434184e-06, 2.8393078537192196e-06, 2.3829363726690644e-06, 1.4866800484014675e-06, 1.3423784821497975e-06, 1.4215230521585909e-06, 1.3207339861764922e-06, 1.159962039309903e-06, 1.2951037433595047e-06, 1.0617268344503827e-06, 1.028894871524244e-06, 9.750411891218391e-07, 1.6722960936021991e-06, 1.2849867516706581e-06, 1.7516709931442165e-06, 1.8272950228492846e-06, 3.2855793961061863e-06, 3.1917447813611943e-06, 3.1521467462880537e-06, 3.7592606076941593e-06, 2.866617705876706e-06, 2.3985091957001714e-06, 2.235044121334795e-06, 1.5744955135232885e-06, 1.2419408221830963e-06, 7.187148298726243e-07, 1.1617596840096667e-07, 9.108912735200647e-09, 2.624005006335306e-11, 6.8289310838076656e-12, 6.527989520471733e-12, 6.29985733718863e-12, 6.123044345857087e-12, 5.957676192658301e-12, 5.828797080414949e-12, 5.717036653113405e-12, 5.596857612782946e-12, 5.522801400231758e-12, 5.4851574671221925e-12], "lowlevel.melbands128.stdev": [8.533104846719652e-05, 0.0010552587918937206, 0.002791908336803317, 0.0038382706698030233, 0.005715371575206518, 0.007255999371409416, 0.004268544260412455, 0.003979290835559368, 0.005449221003800631, 0.0062226420268416405, 0.0037672484759241343, 0.0025631028693169355, 0.001557786832563579, 0.003529780311509967, 0.002213325584307313, 0.0021130521781742573, 0.0013956647599115968, 0.00042554596439003944, 0.00047532355529256165, 0.000517072097864002, 0.00028342395671643317, 0.00013386733189690858, 0.0001277675764868036, 0.0003391061327420175, 0.0003391740610823035, 0.00012648019765038043, 0.0003612286236602813, 0.0002776775509119034, 5.804979082313366e-05, 9.548489470034838e-05, 0.00011071102926507592, 0.0003286526771262288, 0.00029976695077493787, 8.603945025242865e-05, 5.9246136515866965e-05, 7.812590774847195e-05, 5.1833136240020394e-05, 4.4045540562365204e-05, 3.511521572363563e-05, 3.9584152546012774e-05, 1.1434663974796422e-05, 2.434041198284831e-05, 2.720074735407252e-05, 5.648507794830948e-05, 5.61789856874384e-05, 1.0080114407173824e-05, 1.515665826445911e-05, 1.2088511539332103e-05, 2.0491132090683095e-05, 2.094679803121835e-05, 4.097567398275714e-06, 8.543146577721927e-06, 8.178574717021547e-06, 1.0508329069125466e-05, 7.568129149149172e-06, 6.1002820075373165e-06, 6.371340532496106e-06, 8.428540240856819e-06, 5.375971795729129e-06, 3.768593387576402e-06, 4.32560455010389e-06, 3.7191227875155164e-06, 1.3305640095495619e-05, 6.324920832412317e-06, 5.991078978695441e-06, 1.0713254596339539e-05, 8.626537237432785e-06, 5.558537395700114e-06, 7.020418252068339e-06, 6.8201502472220454e-06, 7.719101631664671e-06, 1.85253556992393e-05, 9.893109563563485e-06, 7.453566013282398e-06, 9.744175258674659e-06, 1.1174251085321885e-05, 1.2248252460267395e-05, 1.2954417798027862e-05, 9.355446309200488e-06, 7.011496563791297e-06, 6.130696874606656e-06, 4.957303644914646e-06, 5.071725354355294e-06, 4.169667590758763e-06, 3.6052181258128257e-06, 5.227263955021044e-06, 7.281245416379534e-06, 8.022999281820375e-06, 7.829430614947341e-06, 8.495730071444996e-06, 7.0424330260721035e-06, 5.591970420937287e-06, 3.5126693092024652e-06, 3.026873173439526e-06, 3.2545096928515704e-06, 3.404830522413249e-06, 2.5685235414130148e-06, 2.5843778530543204e-06, 1.956388359758421e-06, 1.8378608501734561e-06, 1.8197576991951792e-06, 2.789197196761961e-06, 2.337712430744432e-06, 2.995126806126791e-06, 3.1624008443031926e-06, 5.63405774300918e-06, 5.523160780285252e-06, 5.723452886741143e-06, 6.6691281972453e-06, 5.058258921053493e-06, 4.77242929264321e-06, 4.192430878902087e-06, 2.712526566028828e-06, 2.2466292648459785e-06, 1.3462589549817494e-06, 3.016884591033886e-07, 4.782089746413476e-08, 2.076382121796172e-10, 9.09314117059079e-12, 8.723127255250152e-12, 8.430091694155983e-12, 8.189845503159265e-12, 7.989471063896136e-12, 7.823364352177453e-12, 7.688372508085628e-12, 7.582890912405382e-12, 7.506841502580297e-12, 7.460287596017245e-12], "lowlevel.mfcc.mean": [-671.6949462890625, 128.8048095703125, 58.32450485229492, 33.58999252319336, 10.634147644042969, 6.704904079437256, 1.8897918462753296, -6.612502574920654, -9.588411331176758, -4.001300811767578, -9.641073226928711, -5.205522060394287, -4.2660369873046875], "lowlevel.spectral_contrast_coeffs.mean": [-0.5947612524032593, -0.6890657544136047, -0.7896965742111206, -0.8269180655479431, -0.8206303715705872, -0.779755711555481], "lowlevel.spectral_contrast_coeffs.stdev": [0.0797567367553711, 0.0835019126534462, 0.06637189537286758, 0.04321027919650078, 0.04466397315263748, 0.040940653532743454], "lowlevel.spectral_contrast_valleys.mean": [-6.286168575286865, -7.046642780303955, -7.97780179977417, -8.358321189880371, -8.111632347106934, -10.209166526794434], "lowlevel.spectral_contrast_valleys.stdev": [0.6109161376953125, 0.6158432364463806, 0.542602002620697, 0.594347357749939, 0.7028204798698425, 0.9104615449905396], "rhythm.beats_loudness_band_ratio.mean": [0.5423952341079712, 0.49190664291381836, 0.05328337848186493, 0.021608907729387283, 0.012592565268278122, 0.04511190578341484], "rhythm.beats_loudness_band_ratio.stdev": [0.1737351268529892, 0.2755067050457001, 0.05611215531826019, 0.03974311053752899, 0.013219134882092476, 0.053450778126716614], "tonal.hpcp.mean": [0.20264104008674622, 0.08377513289451599, 0.08165101706981659, 0.09629035741090775, 0.08762083202600479, 0.1352992057800293, 0.20248736441135406, 0.13768599927425385, 0.16576766967773438, 0.2424694150686264, 0.14268119633197784, 0.041531194001436234, 0.019193030893802643, 0.012648729607462883, 0.013724281452596188, 0.013930676504969597, 0.012420641258358955, 0.013727734796702862, 0.019232889637351036, 0.03856046125292778, 0.1225917711853981, 0.1752825826406479, 0.09658461809158325, 0.027904395014047623, 0.013821172527968884, 0.010628825053572655, 0.02310524694621563, 0.04035308584570885, 0.0508878193795681, 0.16041015088558197, 0.1944192498922348, 0.07347328215837479, 0.051336776465177536, 0.0753822848200798, 0.10111449658870697, 0.22192782163619995], "tonal.hpcp.stdev": [0.3514024019241333, 0.20209519565105438, 0.21554431319236755, 0.23233196139335632, 0.22078076004981995, 0.2308828979730606, 0.3341331481933594, 0.24399323761463165, 0.26858755946159363, 0.36803874373435974, 0.2544250786304474, 0.13572734594345093, 0.09157738089561462, 0.07091724127531052, 0.06053994223475456, 0.05597252398729324, 0.06316399574279785, 0.07565613836050034, 0.09234467893838882, 0.13424500823020935, 0.24364231526851654, 0.3197431266307831, 0.20679430663585663, 0.12447145581245422, 0.08026081323623657, 0.06829040497541428, 0.09754407405853271, 0.13669876754283905, 0.15004372596740723, 0.2935878336429596, 0.3370095193386078, 0.15088313817977905, 0.16866986453533173, 0.20821721851825714, 0.22672592103481293, 0.3728436529636383], "rhythm.beats_position": [0.5108389854431152, 1.05650794506073, 1.6021767854690552, 2.1594557762145996, 2.728344678878784, 3.2972335815429688, 3.877732276916504, 4.469841003417969, 5.061950206756592, 5.642448902130127, 6.2461676597595215, 6.826666355133057, 7.40716552734375, 7.999274253845215, 8.59138298034668, 9.171881675720215, 9.76399040222168, 10.344490051269531, 10.936598777770996, 11.54031753540039, 12.120816230773926, 12.701314926147461, 13.293423652648926, 13.88553237915039, 14.466031074523926, 15.058140754699707, 15.650249481201172, 16.24235725402832, 16.8344669342041, 17.414966583251953, 17.995464324951172, 18.587574005126953, 19.156461715698242, 19.760181427001953, 20.36389923095703, 20.944398880004883, 21.5248966217041, 22.117006301879883, 22.709115982055664, 23.301223754882812, 23.893333435058594, 24.473831176757812, 25.054330825805664, 25.646438598632812, 26.238548278808594, 26.819047927856445, 27.411155700683594, 28.003265380859375, 28.583763122558594, 29.175872802734375, 29.767980575561523, 30.371700286865234, 30.952198028564453, 31.532697677612305, 32.113197326660156, 32.70530700683594, 33.29741287231445, 33.889522552490234, 34.481632232666016, 35.062129974365234, 35.64263153076172, 36.234737396240234, 36.826847076416016, 37.407344818115234], "rhythm.bpm_histogram": [0.0, 0.0, 0.0, 0.0, 0.0, 0.0, 0.0, 0.0, 0.0, 0.0, 0.0, 0.0, 0.0, 0.0, 0.0, 0.0, 0.0, 0.0, 0.0, 0.0, 0.0, 0.0, 0.0, 0.0, 0.0, 0.0, 0.0, 0.0, 0.0, 0.0, 0.0, 0.0, 0.0, 0.0, 0.0, 0.0, 0.0, 0.0, 0.0, 0.0, 0.0, 0.0, 0.0, 0.0, 0.0, 0.0, 0.0, 0.0, 0.0, 0.0, 0.0, 0.0, 0.0, 0.0, 0.0, 0.0, 0.0, 0.0, 0.0, 0.0, 0.0, 0.0, 0.0, 0.0, 0.0, 0.0, 0.0, 0.0, 0.0, 0.0, 0.0, 0.0, 0.0, 0.0, 0.0, 0.0, 0.0, 0.0, 0.0, 0.0, 0.0, 0.0, 0.0, 0.0, 0.0, 0.0, 0.0, 0.0, 0.0, 0.0, 0.0, 0.0, 0.0, 0.0, 0.0, 0.0, 0.0, 0.0, 0.0, 0.0793650820851326, 0.0, 0.460317462682724, 0.0, 0.3650793731212616, 0.0, 0.0476190485060215, 0.0, 0.0, 0.01587301678955555, 0.0, 0.0317460335791111, 0.0, 0.0, 0.0, 0.0, 0.0, 0.0, 0.0, 0.0, 0.0, 0.0, 0.0, 0.0, 0.0, 0.0, 0.0, 0.0, 0.0, 0.0, 0.0, 0.0, 0.0, 0.0, 0.0, 0.0, 0.0, 0.0, 0.0, 0.0, 0.0, 0.0, 0.0, 0.0, 0.0, 0.0, 0.0, 0.0, 0.0, 0.0, 0.0, 0.0, 0.0, 0.0, 0.0, 0.0, 0.0, 0.0, 0.0, 0.0, 0.0, 0.0, 0.0, 0.0, 0.0, 0.0, 0.0, 0.0, 0.0, 0.0, 0.0, 0.0, 0.0, 0.0, 0.0, 0.0, 0.0, 0.0, 0.0, 0.0, 0.0, 0.0, 0.0, 0.0, 0.0, 0.0, 0.0, 0.0, 0.0, 0.0, 0.0, 0.0, 0.0, 0.0, 0.0, 0.0, 0.0, 0.0, 0.0, 0.0, 0.0, 0.0, 0.0, 0.0, 0.0, 0.0, 0.0, 0.0, 0.0, 0.0, 0.0, 0.0, 0.0, 0.0, 0.0, 0.0, 0.0, 0.0, 0.0, 0.0, 0.0, 0.0, 0.0, 0.0, 0.0, 0.0, 0.0, 0.0, 0.0, 0.0, 0.0, 0.0, 0.0, 0.0, 0.0, 0.0, 0.0, 0.0, 0.0, 0.0, 0.0, 0.0, 0.0, 0.0, 0.0, 0.0, 0.0, 0.0, 0.0, 0.0, 0.0], "tonal.chords_histogram": [45.03067398071289, 4.539877414703369, 0.0, 0.24539877474308014, 0.0, 0.0, 0.0, 0.0, 12.760736465454102, 1.3496932983398438, 6.625766754150391, 0.0, 0.0, 0.0, 0.0, 0.0, 0.0, 4.662576675415039, 0.0, 0.0, 0.0, 0.0, 2.0858895778656006, 22.699386596679688], "tonal.thpcp": [1.0, 0.5884503126144409, 0.1712842583656311, 0.07915650308132172, 0.05216629058122635, 0.0566021129488945, 0.05745333433151245, 0.05122559890151024, 0.05661635473370552, 0.07932089269161224, 0.15903227031230927, 0.5055968165397644, 0.7229059338569641, 0.39833733439445496, 0.11508418619632721, 0.057001713663339615, 0.04383573681116104, 0.0952913910150528, 0.16642546653747559, 0.20987315475940704, 0.6615685820579529, 0.801829993724823, 0.3030208349227905, 0.21172475814819336, 0.3108939826488495, 0.4170196056365967, 0.9152817130088806, 0.8357385396957397, 0.34550803899765015, 0.3367477059364319, 0.3971237242221832, 0.3613685965538025, 0.5580052733421326, 0.835104763507843, 0.5678489208221436, 0.6836642622947693], "lowlevel.gfcc.cov": [[2388.566650390625, -895.5104370117188, -266.17767333984375, 33.91370391845703, -115.53184509277344, 29.32003402709961, -77.90271759033203, 138.2438201904297, -85.6598892211914, 85.8622055053711, -126.47791290283203, 50.398895263671875, -69.3494644165039], [-895.5104370117188, 1318.0806884765625, -27.70192527770996, -315.29107666015625, 242.47320556640625, 20.423545837402344, 202.85658264160156, 57.45792770385742, 91.85326385498047, -66.42279815673828, 138.51312255859375, -143.71888732910156, 54.15928649902344], [-266.17767333984375, -27.70192527770996, 569.97705078125, 64.07866668701172, 80.5551528930664, 76.95600891113281, 17.2545223236084, 41.28950119018555, 10.690438270568848, 46.10792922973633, -14.924337387084961, 79.38314819335938, -39.00528335571289], [33.91370391845703, -315.29107666015625, 64.07866668701172, 515.8106079101562, -35.690425872802734, 38.11648178100586, -12.557707786560059, -65.68387603759766, 68.1810073852539, -20.580121994018555, -3.0820486545562744, 40.82559585571289, 56.42107391357422], [-115.53184509277344, 242.47320556640625, 80.5551528930664, -35.690425872802734, 307.8199462890625, 30.605560302734375, 55.02454376220703, 85.49597930908203, 23.493925094604492, 14.144682884216309, 10.848501205444336, 19.88694953918457, -3.2033743858337402], [29.32003402709961, 20.423545837402344, 76.95600891113281, 38.11648178100586, 30.605560302734375, 241.84939575195312, 140.61697387695312, 33.6238899230957, 31.226070404052734, 20.202163696289062, 14.1720552444458, -16.869125366210938, 2.8215525150299072], [-77.90271759033203, 202.85658264160156, 17.2545223236084, -12.557707786560059, 55.02454376220703, 140.61697387695312, 222.55479431152344, 67.77734375, 15.800450325012207, 9.633513450622559, 15.521031379699707, -27.979816436767578, 4.329030513763428], [138.2438201904297, 57.45792770385742, 41.28950119018555, -65.68387603759766, 85.49597930908203, 33.6238899230957, 67.77734375, 171.63368225097656, 38.41614532470703, 30.497865676879883, 6.279252529144287, 8.174653053283691, -23.568403244018555], [-85.6598892211914, 91.85326385498047, 10.690438270568848, 68.1810073852539, 23.493925094604492, 31.226070404052734, 15.800450325012207, 38.41614532470703, 121.73648071289062, 26.63795280456543, 15.660726547241211, -5.87000036239624, 3.8810462951660156], [85.8622055053711, -66.42279815673828, 46.10792922973633, -20.580121994018555, 14.144682884216309, 20.202163696289062, 9.633513450622559, 30.497865676879883, 26.63795280456543, 100.93938446044922, 12.776299476623535, 16.525236129760742, -15.945823669433594], [-126.47791290283203, 138.51312255859375, -14.924337387084961, -3.0820486545562744, 10.848501205444336, 14.1720552444458, 15.521031379699707, 6.279252529144287, 15.660726547241211, 12.776299476623535, 87.02279663085938, 1.9370996952056885, 19.388334274291992], [50.398895263671875, -143.71888732910156, 79.38314819335938, 40.82559585571289, 19.88694953918457, -16.869125366210938, -27.979816436767578, 8.174653053283691, -5.87000036239624, 16.525236129760742, 1.9370996952056885, 92.69384765625, 3.200531244277954], [-69.3494644165039, 54.15928649902344, -39.00528335571289, 56.42107391357422, -3.2033743858337402, 2.8215525150299072, 4.329030513763428, -23.568403244018555, 3.8810462951660156, -15.945823669433594, 19.388334274291992, 3.200531244277954, 83.38915252685547]], "lowlevel.gfcc.icov": [[0.0008076277445070446, 0.00011094164801761508, 0.0007075925241224468, -0.0003348910831846297, 0.0002470724284648895, -0.00071335444226861, 0.0007350284140557051, -0.0013234276557341218, 0.001097942003980279, -0.0008711304981261492, 0.0010198218515142798, -0.0003780001716222614, 0.0003383064176887274], [0.00011094164801761508, 0.005605993792414665, -0.001995246624574065, 0.004381541162729263, -0.003630267921835184, 0.004168621730059385, -0.005790899507701397, 0.0034842579625546932, -0.007011922542005777, 0.005685254465788603, -0.007317253388464451, 0.0067118494771420956, -0.0035844650119543076], [0.0007075925241224468, -0.001995246624574065, 0.0037577003240585327, -0.002239815192297101, 0.0011345711536705494, -0.0031551935244351625, 0.003112114267423749, -0.0026332682464271784, 0.003860344411805272, -0.0034425382036715746, 0.004068212583661079, -0.004679325968027115, 0.0027977507561445236], [-0.0003348910831846297, 0.004381541162729263, -0.002239815192297101, 0.006441788747906685, -0.002717418596148491, 0.003258042735978961, -0.005088233854621649, 0.004762150812894106, -0.008316894993185997, 0.005840339232236147, -0.005700725130736828, 0.003981773741543293, -0.004458446986973286], [0.0002470724284648895, -0.003630267921835184, 0.0011345711536705494, -0.002717418596148491, 0.0064653875306248665, -0.002855051774531603, 0.0034784837625920773, -0.0043645757250487804, 0.0045975688844919205, -0.003691969206556678, 0.004977626726031303, -0.005232835654169321, 0.001986928516998887], [-0.00071335444226861, 0.004168621730059385, -0.0031551935244351625, 0.003258042735978961, -0.002855051774531603, 0.011203826405107975, -0.009723331779241562, 0.004642106592655182, -0.0073881931602954865, 0.00442682346329093, -0.006940721999853849, 0.006420276593416929, -0.0030952005181461573], [0.0007350284140557051, -0.005790899507701397, 0.003112114267423749, -0.005088233854621649, 0.0034784837625920773, -0.009723331779241562, 0.015460916794836521, -0.00787575263530016, 0.009822606109082699, -0.006765591911971569, 0.008221684955060482, -0.005412627477198839, 0.003250050824135542], [-0.0013234276557341218, 0.0034842579625546932, -0.0026332682464271784, 0.004762150812894106, -0.0043645757250487804, 0.004642106592655182, -0.00787575263530016, 0.013839502818882465, -0.009667879901826382, 0.0044779544696211815, -0.006284977309405804, 0.003224363084882498, -0.0011779613560065627], [0.001097942003980279, -0.007011922542005777, 0.003860344411805272, -0.008316894993185997, 0.0045975688844919205, -0.0073881931602954865, 0.009822606109082699, -0.009667879901826382, 0.02218543365597725, -0.0113835409283638, 0.009424925781786442, -0.006558052264153957, 0.004935323726385832], [-0.0008711304981261492, 0.005685254465788603, -0.0034425382036715746, 0.005840339232236147, -0.003691969206556678, 0.00442682346329093, -0.006765591911971569, 0.0044779544696211815, -0.0113835409283638, 0.019245570525527, -0.010473489761352539, 0.004967825952917337, -0.002199055626988411], [0.0010198218515142798, -0.007317253388464451, 0.004068212583661079, -0.005700725130736828, 0.004977626726031303, -0.006940721999853849, 0.008221684955060482, -0.006284977309405804, 0.009424925781786442, -0.010473489761352539, 0.024260884150862694, -0.010276347398757935, 0.0018956756684929132], [-0.0003780001716222614, 0.0067118494771420956, -0.004679325968027115, 0.003981773741543293, -0.005232835654169321, 0.006420276593416929, -0.005412627477198839, 0.003224363084882498, -0.006558052264153957, 0.004967825952917337, -0.010276347398757935, 0.023148702457547188, -0.006026317831128836], [0.0003383064176887274, -0.0035844650119543076, 0.0027977507561445236, -0.004458446986973286, 0.001986928516998887, -0.0030952005181461573, 0.003250050824135542, -0.0011779613560065627, 0.004935323726385832, -0.002199055626988411, 0.0018956756684929132, -0.006026317831128836, 0.017746316269040108]], "lowlevel.mfcc.cov": [[2366.0390625, -1012.32275390625, -273.6931457519531, -45.14434814453125, -115.32818603515625, -71.00393676757812, -56.893978118896484, -33.8287239074707, 33.71316909790039, 43.90081024169922, 7.358406066894531, -63.048213958740234, -32.16482162475586], [-1012.32275390625, 1516.019775390625, -186.5803985595703, -212.93272399902344, 62.44306945800781, -101.61783599853516, 182.58106994628906, 64.15978240966797, 18.48341941833496, 123.48367309570312, 65.44239807128906, 44.542694091796875, 22.99334144592285], [-273.6931457519531, -186.5803985595703, 482.1640319824219, 58.731510162353516, 3.5145809650421143, 111.02178192138672, -9.331389427185059, 24.551076889038086, 20.757049560546875, -43.96717834472656, 12.471343040466309, 43.11597442626953, 23.527843475341797], [-45.14434814453125, -212.93272399902344, 58.731510162353516, 301.6670227050781, 82.70250701904297, 33.226768493652344, -51.490867614746094, 18.15125846862793, 16.272985458374023, -47.44944381713867, -29.413179397583008, 10.573319435119629, -0.8496810793876648], [-115.32818603515625, 62.44306945800781, 3.5145809650421143, 82.70250701904297, 210.5786590576172, -2.3545703887939453, -12.612398147583008, 31.38274574279785, 12.078132629394531, -2.174765110015869, 11.629085540771484, 11.252826690673828, 3.6623589992523193], [-71.00393676757812, -101.61783599853516, 111.02178192138672, 33.226768493652344, -2.3545703887939453, 211.68165588378906, 47.79304504394531, 31.154861450195312, 39.21223068237305, 16.11815071105957, 4.567150115966797, 16.84899139404297, 8.435833930969238], [-56.893978118896484, 182.58106994628906, -9.331389427185059, -51.490867614746094, -12.612398147583008, 47.79304504394531, 192.84849548339844, 65.87561798095703, 31.132339477539062, 62.883262634277344, 17.249269485473633, 7.899206161499023, 10.478652000427246], [-33.8287239074707, 64.15978240966797, 24.551076889038086, 18.15125846862793, 31.38274574279785, 31.154861450195312, 65.87561798095703, 139.99972534179688, 56.412078857421875, 22.90664291381836, 33.572425842285156, 32.51030349731445, 7.80676794052124], [33.71316909790039, 18.48341941833496, 20.757049560546875, 16.272985458374023, 12.078132629394531, 39.21223068237305, 31.132339477539062, 56.412078857421875, 115.41966247558594, 43.91083908081055, 35.70494842529297, 22.46993064880371, 12.366044998168945], [43.90081024169922, 123.48367309570312, -43.96717834472656, -47.44944381713867, -2.174765110015869, 16.11815071105957, 62.883262634277344, 22.90664291381836, 43.91083908081055, 130.73736572265625, 29.204662322998047, -0.4368583559989929, 10.454534530639648], [7.358406066894531, 65.44239807128906, 12.471343040466309, -29.413179397583008, 11.629085540771484, 4.567150115966797, 17.249269485473633, 33.572425842285156, 35.70494842529297, 29.204662322998047, 115.52605438232422, 57.5388069152832, 15.350053787231445], [-63.048213958740234, 44.542694091796875, 43.11597442626953, 10.573319435119629, 11.252826690673828, 16.84899139404297, 7.899206161499023, 32.51030349731445, 22.46993064880371, -0.4368583559989929, 57.5388069152832, 92.35492706298828, 19.97169303894043], [-32.16482162475586, 22.99334144592285, 23.527843475341797, -0.8496810793876648, 3.6623589992523193, 8.435833930969238, 10.478652000427246, 7.80676794052124, 12.366044998168945, 10.454534530639648, 15.350053787231445, 19.97169303894043, 61.93088150024414]], "lowlevel.mfcc.icov": [[0.0009013425442390144, 0.0008545235614292324, 0.0006502761389128864, 0.00041105321724899113, 9.583328937878832e-05, 0.00048527540639042854, -0.00025803549215197563, -5.740022970712744e-05, -0.000405982049414888, -0.00047879674821160734, -0.0002646853099577129, 3.324116187286563e-05, 0.00010536223999224603], [0.0008545235614292324, 0.0017678197473287582, 0.0008137820987030864, 0.0009618484182283282, -0.0004365892964415252, 0.0009668730781413615, -0.0010080577339977026, -7.976548658916727e-05, -0.0003152382851112634, -0.0008369895513169467, -9.275964112021029e-05, -0.000637451303191483, -9.681793926574755e-07], [0.0006502761389128864, 0.0008137820987030864, 0.0031231448519974947, 0.00026403748779557645, 7.384047785308212e-05, -0.0008846109849400818, -9.161759226117283e-05, -0.0002253659040434286, -0.00042439086246304214, 0.000587449234444648, -0.00017704420315567404, -0.0008318281034007668, -0.0006895344704389572], [0.00041105321724899113, 0.0009618484182283282, 0.00026403748779557645, 0.005071134772151709, -0.0018881905125454068, -0.00015603340580128133, 0.000556153419893235, -0.0006088172667659819, -0.001220941194333136, 0.0007044511148706079, 0.0018276150804013014, -0.001307618455030024, 3.477246718830429e-05], [9.583328937878832e-05, -0.0004365892964415252, 7.384047785308212e-05, -0.0018881905125454068, 0.005914223380386829, 7.920667121652514e-05, 0.0008486384758725762, -0.001295876340009272, 0.0003347947495058179, -0.0002610001538414508, -0.000928965862840414, 0.0006417161785066128, -0.00018234293384011835], [0.00048527540639042854, 0.0009668730781413615, -0.0008846109849400818, -0.00015603340580128133, 7.920667121652514e-05, 0.0066908891312778, -0.0020300557371228933, 0.0001383731432724744, -0.0016128021525219083, -0.0009115163702517748, 0.000580530206207186, -0.0008346857503056526, 0.00023814670566935092], [-0.00025803549215197563, -0.0010080577339977026, -9.161759226117283e-05, 0.000556153419893235, 0.0008486384758725762, -0.0020300557371228933, 0.008618710562586784, -0.003687116550281644, 0.0009286397835239768, -0.00242221774533391, 0.0006107473163865507, 0.0006322049302980304, -0.0006162578938528895], [-5.740022970712744e-05, -7.976548658916727e-05, -0.0002253659040434286, -0.0006088172667659819, -0.001295876340009272, 0.0001383731432724744, -0.003687116550281644, 0.011413807049393654, -0.004180970601737499, 0.0010352599201723933, -0.00077101681381464, -0.002074828604236245, 0.0008402031380683184], [-0.000405982049414888, -0.0003152382851112634, -0.00042439086246304214, -0.001220941194333136, 0.0003347947495058179, -0.0016128021525219083, 0.0009286397835239768, -0.004180970601737499, 0.013520313426852226, -0.0036509570199996233, -0.0021231817081570625, 8.292606071336195e-05, -0.0009633832378312945], [-0.00047879674821160734, -0.0008369895513169467, 0.000587449234444648, 0.0007044511148706079, -0.0002610001538414508, -0.0009115163702517748, -0.00242221774533391, 0.0010352599201723933, -0.0036509570199996233, 0.011954493820667267, -0.0021332704927772284, 0.002303879475221038, -0.001235741889104247], [-0.0002646853099577129, -9.275964112021029e-05, -0.00017704420315567404, 0.0018276150804013014, -0.000928965862840414, 0.000580530206207186, 0.0006107473163865507, -0.00077101681381464, -0.0021231817081570625, -0.0021332704927772284, 0.015046586282551289, -0.008877182379364967, -0.0001235875824932009], [3.324116187286563e-05, -0.000637451303191483, -0.0008318281034007668, -0.001307618455030024, 0.0006417161785066128, -0.0008346857503056526, 0.0006322049302980304, -0.002074828604236245, 8.292606071336195e-05, 0.002303879475221038, -0.008877182379364967, 0.018715588375926018, -0.0034583343658596277], [0.00010536223999224603, -9.681793926574755e-07, -0.0006895344704389572, 3.477246718830429e-05, -0.00018234293384011835, 0.00023814670566935092, -0.0006162578938528895, 0.0008402031380683184, -0.0009633832378312945, -0.001235741889104247, -0.0001235875824932009, -0.0034583343658596277, 0.017988108098506927]], "metadata.audio_properties.analysis.downmix": "mix", "metadata.audio_properties.codec": "mp3", "metadata.audio_properties.md5_encoded": "4267e6d8aa8b400bd258450087d54ce5", "metadata.tags.file_name": "1182278159173947473.mp3", "metadata.version.essentia": "2.1-beta6-dev", "metadata.version.essentia_git_sha": "v2.1_beta5-1110-g77a6a954", "metadata.version.extractor": "music 2.0", "tonal.chords_key": "C", "tonal.chords_scale": "major", "tonal.key_edma.key": "A", "tonal.key_edma.scale": "minor", "tonal.key_krumhansl.key": "A", "tonal.key_krumhansl.scale": "minor", "tonal.key_temperley.key": "C", "tonal.key_temperley.scale": "major", "metad