{"song_id": "1182280966874595388", "download": "https://cdn.discordapp.com/attachments/1135911532732108921/1182280966874595388/chirp.mp4?ex=65841ff4&amp", "lyrics": "\u5728\u7530\u91ce\u95f4\uff0c\u6f2b\u6b65\u7740\u5c0f\u8def\uff0c\n\u4e61\u8ff9\u5370\u8c61\uff0c\u5524\u9192\u5fc3\u4e2d\u7684\u601d\u6545\u4e61\u3002\n\u7eff\u6811\u6210\u836b\uff0c\u9e1f\u8bed\u82b1\u9999\uff0c\n\u513f\u65f6\u7684\u8bb0\u5fc6\uff0c\u5982\u4eca\u4ecd\u5728\u68a6\u4e2d\u8361\u6f3e\u3002\n\n\u4e61\u8ff9\u5370\u8c61\uff0c\u6211\u7684\u5fc3\u7075\u4e4b\u6240\uff0c\n\u5b88\u62a4\u7740\u8fd9\u7247\u571f\u5730\u7684\u7075\u9b42\u3002\n\u6e29\u6696\u7684\u6000\u62b1\uff0c\u629a\u6170\u6e38\u5b50\u7684\u601d\u5ff5\uff0c\n\u5728\u8fd9\u7247\u571f\u5730\u4e0a\uff0c\u71c3\u70e7\u7740\u4e61\u6101\u7684\u706b\u82d7\u3002\n\n\u65f6\u5149\u834f\u82d2\uff0c\u5c81\u6708\u5982\u68ad\u98de\u901d\uff0c\n\u4e61\u8ff9\u5370\u8c61\uff0c\u6c38\u8fdc\u4e0d\u4f1a\u6d88\u5931\u3002\n\u90a3\u719f\u6089\u7684\u4e61\u97f3\uff0c\u9b42\u7275\u68a6\u7ed5\uff0c\n\u5728\u8fd9\u7247\u571f\u5730\u4e0a\uff0c\u4f20\u5531\u7740\u5c81\u6708\u7684\u6b4c\u8c23\u3002\n\n\u4e61\u8ff9\u5370\u8c61\uff0c\u6211\u7684\u5fc3\u7075\u4e4b\u6240\uff0c\n\u5b88\u62a4\u7740\u8fd9\u7247\u571f\u5730\u7684\u7075\u9b42\u3002\n\u6e29\u6696\u7684\u6000\u62b1\uff0c\u629a\u6170\u6e38\u5b50\u7684\u601d\u5ff5\uff0c\n\u5728\u8fd9\u7247\u571f\u5730\u4e0a\uff0c\u71c3\u70e7\u7740\u4e61\u6101\u7684\u706b\u82d7\u3002\n\n\u4e00\u7816\u4e00\u74e6\uff0c\u7686\u662f\u5386\u53f2\u7684\u75d5\u8ff9\uff0c\n\u4e61\u8ff9\u5370\u8c61\uff0c\u627f\u8f7d\u7740\u6211\u4eec\u7684\u6839\u57fa\u3002\n\u65e0\u8bba\u8eab\u5728\u4f55\u65b9\uff0c\u5fc3\u4e2d\u6c38\u5b58\u8fd9\u4efd\u601d\u5ff5\uff0c\n\u613f\u8fd9\u4efd\u4e61\u6101\uff0c\u6c38\u8fdc\u5728\u6211\u4eec\u5fc3\u4e2d\u71c3\u8d77\u3002\n\n\u4e61\u8ff9\u5370\u8c61\uff0c\u6211\u7684\u5fc3\u7075\u4e4b\u6240\uff0c\n\u5b88\u62a4\u7740\u8fd9\u7247\u571f\u5730\u7684\u7075\u9b42\u3002\n\u6e29\u6696\u7684\u6000\u62b1\uff0c\u629a\u6170\u6e38\u5b50\u7684\u601d\u5ff5\uff0c\n\u5728\u8fd9\u7247\u571f\u5730\u4e0a\uff0c\u71c3\u70e7\u7740\u4e61\u6101\u7684\u706b\u82d7\u3002", "style": ["random"], "essentia_features": {"lowlevel.average_loudness": 0.9038453102111816, "lowlevel.barkbands_crest.mean": 15.381753921508789, "lowlevel.barkbands_crest.stdev": 3.441707134246826, "lowlevel.barkbands_flatness_db.mean": 0.4367537498474121, "lowlevel.barkbands_flatness_db.stdev": 0.09891502559185028, "lowlevel.barkbands_kurtosis.mean": 36.021820068359375, "lowlevel.barkbands_kurtosis.stdev": 44.67516326904297, "lowlevel.barkbands_skewness.mean": 3.4442901611328125, "lowlevel.barkbands_skewness.stdev": 2.290353775024414, "lowlevel.barkbands_spread.mean": 3.9050827026367188, "lowlevel.barkbands_spread.stdev": 7.309126853942871, "lowlevel.dissonance.mean": 0.44735124707221985, "lowlevel.dissonance.stdev": 0.04059929773211479, "lowlevel.dynamic_complexity": 4.346530437469482, "lowlevel.erbbands_crest.mean": 12.345234870910645, "lowlevel.erbbands_crest.stdev": 4.402198791503906, "lowlevel.erbbands_flatness_db.mean": 0.2574440538883209, "lowlevel.erbbands_flatness_db.stdev": 0.0454409085214138, "lowlevel.erbbands_kurtosis.mean": 6.268423080444336, "lowlevel.erbbands_kurtosis.stdev": 10.248220443725586, "lowlevel.erbbands_skewness.mean": 1.1730802059173584, "lowlevel.erbbands_skewness.stdev": 1.955567479133606, "lowlevel.erbbands_spread.mean": 24.845840454101562, "lowlevel.erbbands_spread.stdev": 20.881465911865234, "lowlevel.hfc.mean": 12.65665340423584, "lowlevel.hfc.stdev": 13.109650611877441, "lowlevel.loudness_ebu128.integrated": -22.19408416748047, "lowlevel.loudness_ebu128.loudness_range": 4.1257476806640625, "lowlevel.loudness_ebu128.momentary.mean": -23.70272445678711, "lowlevel.loudness_ebu128.momentary.stdev": 4.751749515533447, "lowlevel.loudness_ebu128.short_term.mean": -22.6262149810791, "lowlevel.loudness_ebu128.short_term.stdev": 2.437311887741089, "lowlevel.melbands_crest.mean": 29.130544662475586, "lowlevel.melbands_crest.stdev": 5.796360015869141, "lowlevel.melbands_flatness_db.mean": 0.5495786070823669, "lowlevel.melbands_flatness_db.stdev": 0.12061333656311035, "lowlevel.melbands_kurtosis.mean": 103.85824584960938, "lowlevel.melbands_kurtosis.stdev": 155.67005920410156, "lowlevel.melbands_skewness.mean": 6.031234264373779, "lowlevel.melbands_skewness.stdev": 4.2390007972717285, "lowlevel.melbands_spread.mean": 3.365084171295166, "lowlevel.melbands_spread.stdev": 9.451891899108887, "lowlevel.pitch_salience.mean": 0.28678232431411743, "lowlevel.pitch_salience.stdev": 0.13652847707271576, "lowlevel.silence_rate_20dB.mean": 0.987463116645813, "lowlevel.silence_rate_20dB.stdev": 0.11126367747783661, "lowlevel.silence_rate_30dB.mean": 0.40707963705062866, "lowlevel.silence_rate_30dB.stdev": 0.49128738045692444, "lowlevel.silence_rate_60dB.mean": 0.0199115052819252, "lowlevel.silence_rate_60dB.stdev": 0.1396971195936203, "lowlevel.spectral_centroid.mean": 583.4454956054688, "lowlevel.spectral_centroid.stdev": 871.0093383789062, "lowlevel.spectral_complexity.mean": 7.635693073272705, "lowlevel.spectral_complexity.stdev": 6.566208362579346, "lowlevel.spectral_decrease.mean": -3.2673721506171205e-08, "lowlevel.spectral_decrease.stdev": 2.1698145502568877e-08, "lowlevel.spectral_energy.mean": 0.12446613609790802, "lowlevel.spectral_energy.stdev": 0.08260543644428253, "lowlevel.spectral_energyband_high.mean": 0.0001647028693696484, "lowlevel.spectral_energyband_high.stdev": 0.0006799036054871976, "lowlevel.spectral_energyband_low.mean": 0.1037338599562645, "lowlevel.spectral_energyband_low.stdev": 0.07062472403049469, "lowlevel.spectral_energyband_middle_high.mean": 0.0014381674118340015, "lowlevel.spectral_energyband_middle_high.stdev": 0.003001674311235547, "lowlevel.spectral_energyband_middle_low.mean": 0.015491551719605923, "lowlevel.spectral_energyband_middle_low.stdev": 0.023123692721128464, "lowlevel.spectral_entropy.mean": 6.231715202331543, "lowlevel.spectral_entropy.stdev": 0.7219904661178589, "lowlevel.spectral_flux.mean": 0.14829763770103455, "lowlevel.spectral_flux.stdev": 0.06903963536024094, "lowlevel.spectral_kurtosis.mean": 30.33367919921875, "lowlevel.spectral_kurtosis.stdev": 25.897079467773438, "lowlevel.spectral_rms.mean": 0.010309858247637749, "lowlevel.spectral_rms.stdev": 0.0038906882982701063, "lowlevel.spectral_rolloff.mean": 209.8354034423828, "lowlevel.spectral_rolloff.stdev": 1025.65380859375, "lowlevel.spectral_skewness.mean": 3.5518276691436768, "lowlevel.spectral_skewness.stdev": 1.9688776731491089, "lowlevel.spectral_spread.mean": 1961748.625, "lowlevel.spectral_spread.stdev": 1082535.25, "lowlevel.spectral_strongpeak.mean": 0.3182322680950165, "lowlevel.spectral_strongpeak.stdev": 0.278347909450531, "lowlevel.zerocrossingrate.mean": 0.011422396637499332, "lowlevel.zerocrossingrate.stdev": 0.039884258061647415, "metadata.audio_properties.analysis.equal_loudness": 0.0, "metadata.audio_properties.analysis.length": 31.445329666137695, "metadata.audio_properties.analysis.sample_rate": 44100.0, "metadata.audio_properties.analysis.start_time": 0.0, "metadata.audio_properties.bit_rate": 107250.0, "metadata.audio_properties.length": 31.44533348083496, "metadata.audio_properties.lossless": 0.0, "metadata.audio_properties.number_channels": 1.0, "metadata.audio_properties.replay_gain": -2.614837646484375, "metadata.audio_properties.sample_rate": 48000.0, "rhythm.beats_count": 68.0, "rhythm.beats_loudness.mean": 0.1405872106552124, "rhythm.beats_loudness.stdev": 0.07897926867008209, "rhythm.bpm": 136.61468505859375, "rhythm.bpm_histogram_first_peak_bpm": 136.0, "rhythm.bpm_histogram_first_peak_weight": 0.59375, "rhythm.bpm_histogram_second_peak_bpm": 144.0, "rhythm.bpm_histogram_second_peak_spread": 0.46666663885116577, "rhythm.bpm_histogram_second_peak_weight": 0.11940298229455948, "rhythm.danceability": 1.0856304168701172, "rhythm.onset_rate": 4.2907490730285645, "tonal.chords_changes_rate": 0.05596465244889259, "tonal.chords_number_rate": 0.00736377015709877, "tonal.chords_strength.mean": 0.5492321848869324, "tonal.chords_strength.stdev": 0.044000592082738876, "tonal.hpcp_crest.mean": 11.016077041625977, "tonal.hpcp_crest.stdev": 4.76201057434082, "tonal.hpcp_entropy.mean": 2.332019805908203, "tonal.hpcp_entropy.stdev": 0.6806811094284058, "tonal.key_edma.strength": 0.6363049149513245, "tonal.key_krumhansl.strength": 0.6258666515350342, "tonal.key_temperley.strength": 0.6030092835426331, "tonal.tuning_diatonic_strength": 0.6086229085922241, "tonal.tuning_equal_tempered_deviation": 0.27349427342414856, "tonal.tuning_frequency": 434.193115234375, "tonal.tuning_nontempered_energy_ratio": 0.9480520486831665, "lowlevel.barkbands.mean": [0.03655163198709488, 0.06882408261299133, 0.0020379889756441116, 0.007304647471755743, 0.0037179661449044943, 0.0012071485398337245, 0.0016449318500235677, 0.0009057399001903832, 0.0006318788509815931, 0.0001701777073321864, 0.0001520517689641565, 0.00024829278117977083, 0.0001983472757274285, 9.041556040756404e-05, 3.394388477317989e-05, 3.7690439057769254e-05, 7.714963430771604e-05, 7.092508894857019e-05, 0.000257811596384272, 0.00017934184870682657, 6.481264426838607e-05, 3.547397136571817e-05, 1.814643655961845e-05, 4.672610884881578e-06, 1.037608512888255e-06, 3.424672812002427e-08, 5.693480353841096e-09], "lowlevel.barkbands.stdev": [0.022762611508369446, 0.055330920964479446, 0.002339652506634593, 0.013337569311261177, 0.006890073884278536, 0.0033740228973329067, 0.004871847108006477, 0.002696344396099448, 0.0024830475449562073, 0.0007770577212795615, 0.0005092750070616603, 0.00103739183396101, 0.0007042464567348361, 0.0003275065973866731, 0.00014579884009435773, 0.00017052784096449614, 0.00023573983344249427, 0.00027708662673830986, 0.0011146283941343427, 0.0009289747686125338, 0.0002911236078944057, 0.00016825723287183791, 0.00011307854583719745, 2.162844430131372e-05, 4.412908765516477e-06, 1.8480197638837126e-07, 3.457854447219688e-08], "lowlevel.erbbands.mean": [3.5589563846588135, 9.71882152557373, 4.744341850280762, 11.667423248291016, 22.50612449645996, 9.819772720336914, 9.408953666687012, 12.170473098754883, 20.367141723632812, 24.932415008544922, 18.783859252929688, 15.216595649719238, 6.809045314788818, 4.561690807342529, 7.5517802238464355, 10.799442291259766, 9.483136177062988, 5.957324028015137, 2.5725812911987305, 1.6988602876663208, 2.616039991378784, 4.507167339324951, 3.714329242706299, 7.709792613983154, 15.995044708251953, 7.603909492492676, 3.0504462718963623, 2.2270281314849854, 1.4351383447647095, 0.7344183921813965, 0.48141011595726013, 0.15409554541110992, 0.06576015800237656, 0.02023126184940338, 0.003771863877773285, 0.0005129740457050502, 6.617345934500918e-05, 9.46238560572965e-06, 5.634198896586895e-05, 0.000135100053739734], "lowlevel.erbbands.stdev": [2.923943519592285, 7.993887424468994, 4.203490257263184, 19.465139389038086, 41.57488250732422, 19.15705108642578, 22.778705596923828, 34.912322998046875, 56.626182556152344, 76.52506256103516, 61.24473571777344, 60.48935317993164, 30.69559669494629, 15.156697273254395, 24.543197631835938, 46.990943908691406, 33.00921630859375, 21.35662841796875, 8.804048538208008, 7.848496913909912, 10.928361892700195, 13.293044090270996, 11.7572021484375, 36.629398345947266, 70.40093231201172, 36.101341247558594, 12.91020393371582, 10.390124320983887, 6.814352512359619, 3.681912660598755, 3.058328628540039, 0.8509360551834106, 0.30489206314086914, 0.08722423762083054, 0.017913561314344406, 0.002307922812178731, 0.00020272879919502884, 7.269488560268655e-05, 3.698306318256073e-05, 8.948986942414194e-05], "lowlevel.gfcc.mean": [-160.68521118164062, 187.35145568847656, -63.764530181884766, 40.59713363647461, -8.501529693603516, 4.799723148345947, 0.6077804565429688, 0.3480554223060608, -0.8877497911453247, -5.312534332275391, 10.691010475158691, -8.649006843566895, 2.1878421306610107], "lowlevel.melbands.mean": [0.027995262295007706, 0.0055103846825659275, 0.00262703699991107, 0.0010108700953423977, 0.00038745312485843897, 0.00026317848823964596, 0.00031816252158023417, 0.0002547014446463436, 0.0001534859329694882, 8.590837387600914e-05, 3.113382263109088e-05, 1.7413616660633124e-05, 2.280561784573365e-05, 2.7677879188559018e-05, 2.516000677132979e-05, 1.861677628767211e-05, 1.0023817594628781e-05, 4.3104332689836156e-06, 2.31703029385244e-06, 2.1900361844018335e-06, 3.237508053643978e-06, 4.810563495993847e-06, 3.844545062747784e-06, 3.08468929688388e-06, 6.098910034779692e-06, 1.1258950507908594e-05, 1.111107940232614e-05, 3.52782558366016e-06, 1.741669507282495e-06, 1.7758050034899497e-06, 1.1221608247069526e-06, 8.940662610257277e-07, 5.039601091993973e-07, 3.726794375324971e-07, 3.026080150902999e-07, 1.6706168537439225e-07, 6.743373148765386e-08, 4.8819554621104544e-08, 2.9010642776938766e-08, 1.2602423993257617e-08], "lowlevel.melbands.stdev": [0.02072659134864807, 0.004387907218188047, 0.004511313047260046, 0.0017511076293885708, 0.0008640086161904037, 0.000727760954760015, 0.0008932147175073624, 0.0007634788053110242, 0.0005378450732678175, 0.00034757069079205394, 0.0001458351907785982, 6.0968977777520195e-05, 7.55305154598318e-05, 0.00010740473226178437, 0.00010160465899389237, 6.853419472463429e-05, 3.793645009864122e-05, 1.5526125935139135e-05, 1.0995860975526739e-05, 1.0649761861714069e-05, 1.4104629372013733e-05, 1.5357920347014442e-05, 1.2115518075006548e-05, 1.2869210877397563e-05, 3.12898337142542e-05, 5.117443288327195e-05, 5.631212115986273e-05, 1.681932553765364e-05, 7.357729828072479e-06, 8.569980309403036e-06, 5.2742570915143006e-06, 4.354285465524299e-06, 2.4470664357068017e-06, 2.041593461399316e-06, 1.91690560313873e-06, 1.2198196372992243e-06, 3.173531126776652e-07, 2.278680426570645e-07, 1.350903033880968e-07, 5.480179154915277e-08], "lowlevel.melbands128.mean": [0.030638139694929123, 0.03527452424168587, 0.02802572026848793, 0.012309904210269451, 0.0031756977550685406, 0.000829579308629036, 0.001792681054212153, 0.0044723814353346825, 0.002209522994235158, 0.0003560131008271128, 0.0005149018252268434, 0.0006176566239446402, 0.00027498803683556616, 0.0002188343642046675, 0.0003070644452236593, 0.00023481968673877418, 0.00029470265144482255, 0.00035199811100028455, 0.0003248991270083934, 0.0003050204541068524, 0.00020845991093665361, 0.0001274933893000707, 0.00016903423238545656, 0.00014642438327427953, 0.00011357317998772487, 5.32179547008127e-05, 3.401102003408596e-05, 3.615220703068189e-05, 2.064588807115797e-05, 1.756912752171047e-05, 1.5474872270715423e-05, 1.7898342775879428e-05, 2.368794048379641e-05, 2.74158337560948e-05, 2.209439298894722e-05, 2.9277314752107486e-05, 3.461258893366903e-05, 2.278388274135068e-05, 2.200605558755342e-05, 2.1656152966897935e-05, 1.890382009150926e-05, 1.2418868209351785e-05, 1.1904696293640882e-05, 7.462044777639676e-06, 5.251252787275007e-06, 4.102647835679818e-06, 2.8034842216584366e-06, 2.028983772106585e-06, 2.3333589069807203e-06, 2.2083390831539873e-06, 1.92854281522159e-06, 2.359014388275682e-06, 3.216164486730122e-06, 3.0686312584293773e-06, 4.476023150346009e-06, 5.4881334108358715e-06, 4.775965408043703e-06, 3.971601927332813e-06, 3.874158664984861e-06, 2.7572345970838796e-06, 2.5416914013476344e-06, 3.49399124388583e-06, 4.9049990593630355e-06, 6.772707365598762e-06, 8.192241693905089e-06, 1.1418480426073074e-05, 1.2646533832594287e-05, 1.4039343113836367e-05, 1.12377674668096e-05, 6.92214507580502e-06, 2.9390755571512273e-06, 2.1496957742783707e-06, 1.8900162785939756e-06, 1.3673693501914386e-06, 1.9757221707550343e-06, 2.0194402168272063e-06, 1.6824593558339984e-06, 1.2167450904598809e-06, 1.0577738294159644e-06, 9.556630402585142e-07, 9.9133035291743e-07, 9.32296757127915e-07, 5.672072234119696e-07, 4.800709234586975e-07, 4.030590048387239e-07, 3.7720988643741293e-07, 3.673777086987684e-07, 3.501305343434069e-07, 2.944673269666964e-07, 2.9502561460503784e-07, 2.039473940840253e-07, 1.3756685746102448e-07, 7.772321453103359e-08, 7.048023320521679e-08, 5.6206712173434425e-08, 4.9484984998571235e-08, 4.9981682792576976e-08, 4.5267423587347366e-08, 2.7470171914956154e-08, 2.3555518424700495e-08, 1.769797997042133e-08, 1.0978750353274336e-08, 5.85402837316451e-09, 3.7064316060764213e-09, 4.952137810931845e-09, 2.4342361459872564e-09, 1.4365054701315216e-09, 7.413791247579127e-10, 6.771357363710706e-10, 2.1949553286049195e-10, 1.487189676963041e-10, 5.46702058623616e-11, 4.313741724937259e-11, 4.026234207143986e-11, 3.729069136815255e-11, 3.895977637724535e-11, 4.363916172867022e-11, 4.338546535920251e-11, 2.231106618899581e-11, 2.1066455871410206e-11, 2.0568742889470748e-11, 2.020545016023778e-11, 1.978849029082852e-11, 1.9437567874702744e-11, 1.8921610805966438e-11, 1.823831710656698e-11, 1.7844389160748264e-11, 1.771483827683884e-11], "lowlevel.melbands128.stdev": [0.01862144097685814, 0.029474841430783272, 0.023012811318039894, 0.010450317524373531, 0.0030841808766126633, 0.0009142556809820235, 0.003089223289862275, 0.008358238264918327, 0.004327293951064348, 0.0008300765766762197, 0.0011371022555977106, 0.0015701507218182087, 0.0008793901070021093, 0.0006516927969641984, 0.0010601241374388337, 0.0008077445672824979, 0.0009873060043901205, 0.0011131800711154938, 0.0012903965543955564, 0.0010937239276245236, 0.0006827891920693219, 0.000475669075967744, 0.000744015269447118, 0.0006276992498897016, 0.0005362979718483984, 0.0002631936804391444, 0.00014207029016688466, 0.00022259948309510946, 9.473582031205297e-05, 7.82362258178182e-05, 5.6857879826566204e-05, 6.332670454867184e-05, 8.637068822281435e-05, 0.00010841602488653734, 7.884505612310022e-05, 0.00014792472939006984, 0.00019355975382495672, 0.00010055995517177507, 8.598253771197051e-05, 8.70466319611296e-05, 8.177005656762049e-05, 4.915096360491589e-05, 5.356635301723145e-05, 3.0435998269240372e-05, 2.078203033306636e-05, 1.7879057850223035e-05, 1.2748150766128674e-05, 1.1041006473533344e-05, 1.4167817425914109e-05, 1.3816154933010694e-05, 1.0926733011729084e-05, 1.164195691671921e-05, 2.015678364841733e-05, 1.4454007214226294e-05, 1.8500890291761607e-05, 2.0843161109951325e-05, 1.5346764485002495e-05, 1.3215462786320131e-05, 1.5906001863186248e-05, 1.0677943464543205e-05, 1.0770487278932706e-05, 2.0669027435360476e-05, 3.2173938961932436e-05, 3.8901660445844755e-05, 4.168351006228477e-05, 6.149287219159305e-05, 6.504120392492041e-05, 7.536623888881877e-05, 6.683906394755468e-05, 4.33872191933915e-05, 1.3717312867811415e-05, 1.0369104529672768e-05, 8.982618055597413e-06, 5.813484222016996e-06, 9.502263310423587e-06, 1.0194903552473988e-05, 9.554473763273563e-06, 6.327746177703375e-06, 5.112799954076763e-06, 4.762943262903718e-06, 5.2480427257250994e-06, 4.8821884774952196e-06, 2.8533754630188923e-06, 2.5093700060097035e-06, 2.0145546386629576e-06, 2.1206512883509276e-06, 2.3371596853394294e-06, 2.3418797354679555e-06, 1.7906371567733004e-06, 2.0340651190053904e-06, 1.7985476006288081e-06, 1.002999397314852e-06, 3.933298557967646e-07, 3.480469672467734e-07, 2.6887147441811976e-07, 2.3504343005242845e-07, 2.432375652006158e-07, 2.3565215201415413e-07, 1.448832023243085e-07, 1.0657977611572278e-07, 7.778385935353072e-08, 5.4525610693190174e-08, 3.0457446342779804e-08, 1.916582803573874e-08, 3.100228340713329e-08, 1.3466009640694665e-08, 8.941070994694655e-09, 4.021760258154927e-09, 4.566837574770943e-09, 1.5062339153715243e-09, 1.275361594110791e-09, 4.5782644342295953e-10, 6.048819778392556e-10, 5.387486567975941e-10, 4.6064577152726827e-10, 5.507997946629928e-10, 7.449021399708045e-10, 7.644807009654642e-10, 3.5180650059807306e-11, 2.569379604910882e-11, 2.5092284153260813e-11, 2.4550172658677205e-11, 2.406419161160578e-11, 2.365934184678231e-11, 2.3327494449998376e-11, 2.305564593407805e-11, 2.2851739597817833e-11, 2.2728553414341768e-11], "lowlevel.mfcc.mean": [-821.5811157226562, 218.0029754638672, 22.57660484313965, 55.518333435058594, 21.350994110107422, 21.717573165893555, 20.451271057128906, 14.58949089050293, 5.390598773956299, 6.875750541687012, 10.097905158996582, 12.644247055053711, 6.419678688049316], "lowlevel.spectral_contrast_coeffs.mean": [-0.7293911576271057, -0.8004134893417358, -0.8415324091911316, -0.8326583504676819, -0.8115336298942566, -0.7640841603279114], "lowlevel.spectral_contrast_coeffs.stdev": [0.07074948400259018, 0.08251199126243591, 0.04593212530016899, 0.05464627966284752, 0.05896073952317238, 0.06668752431869507], "lowlevel.spectral_contrast_valleys.mean": [-6.35961389541626, -7.474569797515869, -8.390864372253418, -9.21773624420166, -9.57875919342041, -13.390661239624023], "lowlevel.spectral_contrast_valleys.stdev": [1.0818654298782349, 1.2837042808532715, 1.2127748727798462, 1.1995911598205566, 1.5619832277297974, 1.3053392171859741], "rhythm.beats_loudness_band_ratio.mean": [0.9207528829574585, 0.03428514674305916, 0.03390355408191681, 0.009720784611999989, 0.003133427584543824, 0.007357028312981129], "rhythm.beats_loudness_band_ratio.stdev": [0.08197885751724243, 0.04586658626794815, 0.05020751431584358, 0.017752807587385178, 0.008527915924787521, 0.02488119527697563], "tonal.hpcp.mean": [0.004818363580852747, 0.005088852718472481, 0.003947932738810778, 0.00426922831684351, 0.01040202658623457, 0.10420733690261841, 0.5312213897705078, 0.8809614181518555, 0.6107339262962341, 0.20539435744285583, 0.04738215357065201, 0.0076747159473598, 0.0031228733714669943, 0.0045243301428854465, 0.004081913270056248, 0.0033340302761644125, 0.004838220309466124, 0.008893975988030434, 0.010406478308141232, 0.007240446284413338, 0.011047876439988613, 0.017326118424534798, 0.021888181567192078, 0.03949132189154625, 0.048879288136959076, 0.0351395383477211, 0.02291024662554264, 0.02705778181552887, 0.03015965037047863, 0.0167658943682909, 0.005907604470849037, 0.004595925100147724, 0.004824708681553602, 0.004906563088297844, 0.004950243514031172, 0.004651321098208427], "tonal.hpcp.stdev": [0.020175954326987267, 0.03595280647277832, 0.03230028972029686, 0.03159348666667938, 0.05905787646770477, 0.18923810124397278, 0.30376937985420227, 0.21561187505722046, 0.3147205412387848, 0.2850160002708435, 0.1393001824617386, 0.03705074265599251, 0.009879493154585361, 0.018438251689076424, 0.02372214011847973, 0.0257505364716053, 0.04070171341300011, 0.0326509028673172, 0.03473440930247307, 0.029397478327155113, 0.0548643134534359, 0.07278939336538315, 0.07691050320863724, 0.10593307018280029, 0.1179201751947403, 0.09835383296012878, 0.09123843163251877, 0.07395391911268234, 0.0589519664645195, 0.03803783282637596, 0.022951345890760422, 0.029085127636790276, 0.033657483756542206, 0.026068059727549553, 0.026322288438677788, 0.023749107494950294], "rhythm.beats_position": [0.5108389854431152, 1.0216779708862305, 1.5325169563293457, 2.0317459106445312, 2.5425848960876465, 3.076643943786621, 3.6107029914855957, 4.133152008056641, 4.667210578918457, 5.189659595489502, 5.6888885498046875, 6.2461676597595215, 6.768616676330566, 7.314285755157471, 7.7670745849609375, 8.231473922729492, 8.684263229370117, 9.125441551208496, 9.555010795593262, 9.984580039978027, 10.425759315490723, 10.843718528747559, 11.284897804260254, 11.71446704864502, 12.120816230773926, 12.538775444030762, 12.968344688415527, 13.374693870544434, 13.78104305267334, 14.187392234802246, 14.593741416931152, 15.023310661315918, 15.441269874572754, 15.85922908782959, 16.28879737854004, 16.695146560668945, 17.11310577392578, 17.531064987182617, 17.960634231567383, 18.401813507080078, 18.842992782592773, 19.28417205810547, 19.748571395874023, 20.20136070251465, 20.665760040283203, 21.130157470703125, 21.57133674621582, 22.024126052856445, 22.46530532836914, 22.918094635009766, 23.37088394165039, 23.777233123779297, 24.195192337036133, 24.61315155029297, 25.054330825805664, 25.541950225830078, 25.983129501342773, 26.447526931762695, 26.88870620727539, 27.318275451660156, 27.747844696044922, 28.200634002685547, 28.630203247070312, 29.059772491455078, 29.489341735839844, 29.93052101135254, 30.371700286865234, 30.83609962463379], "rhythm.bpm_histogram": [0.0, 0.0, 0.0, 0.0, 0.0, 0.0, 0.0, 0.0, 0.0, 0.0, 0.0, 0.0, 0.0, 0.0, 0.0, 0.0, 0.0, 0.0, 0.0, 0.0, 0.0, 0.0, 0.0, 0.0, 0.0, 0.0, 0.0, 0.0, 0.0, 0.0, 0.0, 0.0, 0.0, 0.0, 0.0, 0.0, 0.0, 0.0, 0.0, 0.0, 0.0, 0.0, 0.0, 0.0, 0.0, 0.0, 0.0, 0.0, 0.0, 0.0, 0.0, 0.0, 0.0, 0.0, 0.0, 0.0, 0.0, 0.0, 0.0, 0.0, 0.0, 0.0, 0.0, 0.0, 0.0, 0.0, 0.0, 0.0, 0.0, 0.0, 0.0, 0.0, 0.0, 0.0, 0.0, 0.0, 0.0, 0.0, 0.0, 0.0, 0.0, 0.0, 0.0, 0.0, 0.0, 0.0, 0.0, 0.0, 0.0, 0.0, 0.0, 0.0, 0.0, 0.0, 0.0, 0.0, 0.0, 0.0, 0.0, 0.0, 0.0, 0.0, 0.0, 0.0, 0.0, 0.0, 0.0, 0.0, 0.014925372786819935, 0.0, 0.014925372786819935, 0.0, 0.04477611929178238, 0.0, 0.0, 0.04477611929178238, 0.0, 0.04477611929178238, 0.0, 0.0, 0.02985074557363987, 0.0, 0.0, 0.014925372786819935, 0.0, 0.0, 0.0, 0.0, 0.0, 0.08955223858356476, 0.0, 0.0, 0.0, 0.10447761416435242, 0.0, 0.0, 0.19402985274791718, 0.0, 0.0, 0.0, 0.17910447716712952, 0.0, 0.0, 0.0, 0.11940298229455948, 0.0, 0.0, 0.0, 0.10447761416435242, 0.0, 0.0, 0.0, 0.0, 0.0, 0.0, 0.0, 0.0, 0.0, 0.0, 0.0, 0.0, 0.0, 0.0, 0.0, 0.0, 0.0, 0.0, 0.0, 0.0, 0.0, 0.0, 0.0, 0.0, 0.0, 0.0, 0.0, 0.0, 0.0, 0.0, 0.0, 0.0, 0.0, 0.0, 0.0, 0.0, 0.0, 0.0, 0.0, 0.0, 0.0, 0.0, 0.0, 0.0, 0.0, 0.0, 0.0, 0.0, 0.0, 0.0, 0.0, 0.0, 0.0, 0.0, 0.0, 0.0, 0.0, 0.0, 0.0, 0.0, 0.0, 0.0, 0.0, 0.0, 0.0, 0.0, 0.0, 0.0, 0.0, 0.0, 0.0, 0.0, 0.0, 0.0, 0.0, 0.0, 0.0, 0.0, 0.0, 0.0, 0.0, 0.0, 0.0, 0.0, 0.0, 0.0, 0.0, 0.0, 0.0, 0.0, 0.0, 0.0, 0.0, 0.0, 0.0, 0.0, 0.0, 0.0, 0.0, 0.0, 0.0], "tonal.chords_histogram": [26.067747116088867, 27.393224716186523, 0.0, 0.0, 0.0, 0.0, 0.0, 19.440353393554688, 5.449190139770508, 21.649484634399414, 0.0, 0.0, 0.0, 0.0, 0.0, 0.0, 0.0, 0.0, 0.0, 0.0, 0.0, 0.0, 0.0, 0.0], "tonal.thpcp": [1.0, 0.6932584047317505, 0.23314796388149261, 0.05378459393978119, 0.008711750619113445, 0.0035448470152914524, 0.005135673563927412, 0.004633475560694933, 0.003784536151215434, 0.00549197755753994, 0.01009576115757227, 0.011812637560069561, 0.008218800649046898, 0.012540703639388084, 0.019667284563183784, 0.0248457882553339, 0.044827528297901154, 0.05548402667045593, 0.03988771513104439, 0.026005959138274193, 0.030713923275470734, 0.03423492610454559, 0.019031360745429993, 0.006705860607326031, 0.005216942634433508, 0.005476640071719885, 0.00556955486536026, 0.0056191375479102135, 0.005279823672026396, 0.005469437688589096, 0.005776476114988327, 0.004481391049921513, 0.00484610116109252, 0.011807585135102272, 0.11828819662332535, 0.6030018925666809], "lowlevel.gfcc.cov": [[13024.150390625, -46.696876525878906, -2846.549560546875, 1711.9385986328125, -897.1621704101562, -612.6268310546875, -233.7504119873047, -50.961639404296875, 88.17040252685547, -46.63298797607422, 361.21917724609375, -150.310302734375, -65.25093078613281], [-46.696876525878906, 2401.36376953125, 458.1160583496094, -1649.2965087890625, 213.8024444580078, -278.0730895996094, -113.08650970458984, -247.0986785888672, 89.12062072753906, -123.06114959716797, -145.43682861328125, 47.89487838745117, 7.955632209777832], [-2846.549560546875, 458.1160583496094, 1268.9937744140625, -464.0702819824219, 343.8322448730469, 76.84003448486328, 70.15132904052734, -42.15532302856445, -18.521297454833984, -38.792091369628906, -99.69009399414062, 65.60086059570312, 69.4384765625], [1711.9385986328125, -1649.2965087890625, -464.0702819824219, 1717.2926025390625, -148.72125244140625, -71.73040771484375, -43.1961555480957, 93.68254089355469, -74.71527862548828, 15.233546257019043, 143.79922485351562, -41.05476379394531, 46.548316955566406], [-897.1621704101562, 213.8024444580078, 343.8322448730469, -148.72125244140625, 403.99322509765625, 34.15594482421875, 34.101463317871094, -2.200148105621338, 42.362300872802734, 12.769512176513672, -26.141183853149414, -12.869564056396484, 7.4852190017700195], [-612.6268310546875, -278.0730895996094, 76.84003448486328, -71.73040771484375, 34.15594482421875, 345.0498046875, 164.8970489501953, 57.61528396606445, 1.0570130348205566, 54.04452896118164, 13.780638694763184, -34.74198913574219, -28.444580078125], [-233.7504119873047, -113.08650970458984, 70.15132904052734, -43.1961555480957, 34.101463317871094, 164.8970489501953, 301.28070068359375, 84.65643310546875, 0.16601572930812836, 44.82709884643555, 31.922998428344727, -11.507636070251465, -41.125648498535156], [-50.961639404296875, -247.0986785888672, -42.15532302856445, 93.68254089355469, -2.200148105621338, 57.61528396606445, 84.65643310546875, 150.95330810546875, 24.748048782348633, 14.892223358154297, 21.47337532043457, -19.033058166503906, -8.669833183288574], [88.17040252685547, 89.12062072753906, -18.521297454833984, -74.71527862548828, 42.362300872802734, 1.0570130348205566, 0.16601572930812836, 24.748048782348633, 105.67903900146484, 30.85940170288086, 1.4248762130737305, -13.978120803833008, -3.1577770709991455], [-46.63298797607422, -123.06114959716797, -38.792091369628906, 15.233546257019043, 12.769512176513672, 54.04452896118164, 44.82709884643555, 14.892223358154297, 30.85940170288086, 97.29869842529297, 19.953039169311523, -25.76656150817871, -20.323204040527344], [361.21917724609375, -145.43682861328125, -99.69009399414062, 143.79922485351562, -26.141183853149414, 13.780638694763184, 31.922998428344727, 21.47337532043457, 1.4248762130737305, 19.953039169311523, 109.68907928466797, 21.57920265197754, -19.508583068847656], [-150.310302734375, 47.89487838745117, 65.60086059570312, -41.05476379394531, -12.869564056396484, -34.74198913574219, -11.507636070251465, -19.033058166503906, -13.978120803833008, -25.76656150817871, 21.57920265197754, 83.60135650634766, 17.067222595214844], [-65.25093078613281, 7.955632209777832, 69.4384765625, 46.548316955566406, 7.4852190017700195, -28.444580078125, -41.125648498535156, -8.669833183288574, -3.1577770709991455, -20.323204040527344, -19.508583068847656, 17.067222595214844, 86.74937438964844]], "lowlevel.gfcc.icov": [[0.0005171500379219651, -0.00183036457747221, 0.0009330639732070267, -0.001971747726202011, 0.0006706755375489593, -0.0010304372990503907, 0.00013957191549707204, -0.0010045756353065372, 5.924905781284906e-05, -0.0009474831749685109, 0.00011223040201002732, -0.0006431087385863066, 0.00036996154813095927], [-0.00183036457747221, 0.010902772657573223, -0.003336184425279498, 0.011296297423541546, -0.0032068935688585043, 0.007909071631729603, -0.0022781421430408955, 0.008243653923273087, -0.0025535239838063717, 0.00819886289536953, -0.0034436918795108795, 0.006670024711638689, -0.0034125500824302435], [0.0009330639732070267, -0.003336184425279498, 0.003067996818572283, -0.0033930568024516106, 0.00013530821888707578, -0.0021562031470239162, -6.148394459160045e-05, -0.0017526549054309726, 0.0007001436897553504, -0.0016792230308055878, 0.0011456224601715803, -0.00242627109400928, -0.0001832544949138537], [-0.001971747726202011, 0.011296297423541546, -0.0033930568024516106, 0.012610707432031631, -0.003382188966497779, 0.00832823570817709, -0.0020984476432204247, 0.007824101485311985, -0.0015549465315416455, 0.008145594969391823, -0.004676791373640299, 0.007640237454324961, -0.004463243763893843], [0.0006706755375489593, -0.0032068935688585043, 0.00013530821888707578, -0.003382188966497779, 0.004603173118084669, -0.0020641107112169266, 0.0003426223120186478, -0.0018926986958831549, -0.001010637148283422, -0.0021223179064691067, 0.0003831024223472923, -0.00038985631545074284, 0.0010332203237339854], [-0.0010304372990503907, 0.007909071631729603, -0.0021562031470239162, 0.00832823570817709, -0.0020641107112169266, 0.010519414208829403, -0.0038285385817289352, 0.005938941612839699, -0.0015622253995388746, 0.005170794203877449, -0.00370995607227087, 0.007164459675550461, -0.0029267172794789076], [0.00013957191549707204, -0.0022781421430408955, -6.148394459160045e-05, -0.0020984476432204247, 0.0003426223120186478, -0.0038285385817289352, 0.006417657248675823, -0.004753449931740761, 0.0020816230680793524, -0.003532970091328025, 0.00042232032865285873, -0.0025471136905252934, 0.002615762874484062], [-0.0010045756353065372, 0.008243653923273087, -0.0017526549054309726, 0.007824101485311985, -0.0018926986958831549, 0.005938941612839699, -0.004753449931740761, 0.016192132607102394, -0.005535457748919725, 0.008520963601768017, -0.004128494765609503, 0.007360526360571384, -0.003413384547457099], [5.924905781284906e-05, -0.0025535239838063717, 0.0007001436897553504, -0.0015549465315416455, -0.001010637148283422, -0.0015622253995388746, 0.0020816230680793524, -0.005535457748919725, 0.0140913100913167, -0.006842246279120445, 0.0008757873438298702, -0.001493100426159799, -3.8062782550696284e-05], [-0.0009474831749685109, 0.00819886289536953, -0.0016792230308055878, 0.008145594969391823, -0.0021223179064691067, 0.005170794203877449, -0.003532970091328025, 0.008520963601768017, -0.006842246279120445, 0.02155268006026745, -0.006076820194721222, 0.009648101404309273, -0.001900519011542201], [0.00011223040201002732, -0.0034436918795108795, 0.0011456224601715803, -0.004676791373640299, 0.0003831024223472923, -0.00370995607227087, 0.00042232032865285873, -0.004128494765609503, 0.0008757873438298702, -0.006076820194721222, 0.016612503677606583, -0.010404839180409908, 0.004921979270875454], [-0.0006431087385863066, 0.006670024711638689, -0.00242627109400928, 0.007640237454324961, -0.00038985631545074284, 0.007164459675550461, -0.0025471136905252934, 0.007360526360571384, -0.001493100426159799, 0.009648101404309273, -0.010404839180409908, 0.023538677021861076, -0.006106999237090349], [0.00036996154813095927, -0.0034125500824302435, -0.0001832544949138537, -0.004463243763893843, 0.0010332203237339854, -0.0029267172794789076, 0.002615762874484062, -0.003413384547457099, -3.8062782550696284e-05, -0.001900519011542201, 0.004921979270875454, -0.006106999237090349, 0.016372159123420715]], "lowlevel.mfcc.cov": [[13224.4189453125, -2142.454833984375, -1888.1854248046875, 1385.22802734375, -741.2062377929688, -363.85552978515625, -444.0786437988281, -229.2828826904297, -426.9017639160156, -174.80934143066406, 116.81291198730469, 280.8278503417969, 71.72981262207031], [-2142.454833984375, 4194.97119140625, 132.79803466796875, -1294.7005615234375, 46.69987487792969, -180.48968505859375, -253.3650360107422, -120.09002685546875, 147.22320556640625, -318.2950744628906, -11.309671401977539, 73.07520294189453, -75.8155517578125], [-1888.1854248046875, 132.79803466796875, 663.0325927734375, -47.49560546875, 92.92540740966797, 65.93125915527344, 62.81754684448242, 48.29976272583008, 33.31419372558594, 5.803516864776611, -96.83641815185547, -84.75911712646484, 4.528008460998535], [1385.22802734375, -1294.7005615234375, -47.49560546875, 1019.8998413085938, 119.78082275390625, -7.460166931152344, 14.429069519042969, -2.013301134109497, -86.2929458618164, 28.91290283203125, -97.34619140625, 14.743346214294434, 54.45283508300781], [-741.2062377929688, 46.69987487792969, 92.92540740966797, 119.78082275390625, 349.8832702636719, 30.11509132385254, -33.495304107666016, -21.233911514282227, 16.16577911376953, 25.360620498657227, -69.88703155517578, -16.058847427368164, 1.367262840270996], [-363.85552978515625, -180.48968505859375, 65.93125915527344, -7.460166931152344, 30.11509132385254, 220.67767333984375, 114.68607330322266, 20.351099014282227, 17.023193359375, 66.29936218261719, 46.65786361694336, -7.42371129989624, -6.489384174346924], [-444.0786437988281, -253.3650360107422, 62.81754684448242, 14.429069519042969, -33.495304107666016, 114.68607330322266, 249.1878662109375, 100.81037902832031, 23.40235710144043, 90.56510162353516, 75.65430450439453, -12.908355712890625, 3.608489990234375], [-229.2828826904297, -120.09002685546875, 48.29976272583008, -2.013301134109497, -21.233911514282227, 20.351099014282227, 100.81037902832031, 145.58474731445312, 15.574838638305664, 31.105125427246094, 39.81235122680664, -4.857468605041504, 5.87507438659668], [-426.9017639160156, 147.22320556640625, 33.31419372558594, -86.2929458618164, 16.16577911376953, 17.023193359375, 23.40235710144043, 15.574838638305664, 139.29672241210938, 47.42003631591797, 5.439088344573975, -11.847331047058105, -9.157615661621094], [-174.80934143066406, -318.2950744628906, 5.803516864776611, 28.91290283203125, 25.360620498657227, 66.29936218261719, 90.56510162353516, 31.105125427246094, 47.42003631591797, 173.92652893066406, 61.8531379699707, -19.0792236328125, 11.01362133026123], [116.81291198730469, -11.309671401977539, -96.83641815185547, -97.34619140625, -69.88703155517578, 46.65786361694336, 75.65430450439453, 39.81235122680664, 5.439088344573975, 61.8531379699707, 167.48468017578125, 31.39959716796875, -13.019692420959473], [280.8278503417969, 73.07520294189453, -84.75911712646484, 14.743346214294434, -16.058847427368164, -7.42371129989624, -12.908355712890625, -4.857468605041504, -11.847331047058105, -19.0792236328125, 31.39959716796875, 89.3681869506836, 27.726442337036133], [71.72981262207031, -75.8155517578125, 4.528008460998535, 54.45283508300781, 1.367262840270996, -6.489384174346924, 3.608489990234375, 5.87507438659668, -9.157615661621094, 11.01362133026123, -13.019692420959473, 27.726442337036133, 81.7835693359375]], "lowlevel.mfcc.icov": [[0.00023400237841997296, 1.995007323785103e-06, 0.0005287366802804172, -0.00032662609010003507, 0.000505797506775707, -6.516033317893744e-05, 0.0004031417774967849, -3.222826126147993e-05, 0.0002933620708063245, -7.355471461778507e-05, 3.2399515475844964e-05, -3.2373856811318547e-05, 1.4601272596337367e-05], [1.995007323785103e-06, 0.0006019935244694352, -0.00015371499466709793, 0.0007130788289941847, -0.00041560071986168623, 0.0003764862194657326, -4.6522298362106085e-05, 0.00035933920298703015, -0.0005711725098080933, 0.0010353344259783626, -0.00022675494255963713, -0.0005869753658771515, 6.262206443352625e-05], [0.0005287366802804172, -0.00015371499466709793, 0.003366420278325677, -0.0006668335990980268, 0.0008867637370713055, -0.0008524226141162217, 0.0004714075184892863, -0.0008606169139966369, 0.0006676216144114733, -0.00013011171540711075, 0.0014541734708473086, 0.0016173480544239283, -0.0006146098021417856], [-0.00032662609010003507, 0.0007130788289941847, -0.0006668335990980268, 0.0025868606753647327, -0.0015293110627681017, 0.0006172911962494254, -0.001006587757728994, 0.00031538913026452065, -0.00011075885413447395, 0.0006139553734101355, 0.0009328383603133261, -0.0011136892717331648, -0.00021064492466393858], [0.000505797506775707, -0.00041560071986168623, 0.0008867637370713055, -0.0015293110627681017, 0.004989895969629288, -0.0012361046392470598, 0.001881939941085875, -0.00042136412230320275, 0.0008017830550670624, -0.0021136675495654345, 0.0017797356704249978, -0.00028890653629787266, 0.0006616773316636682], [-6.516033317893744e-05, 0.0003764862194657326, -0.0008524226141162217, 0.0006172911962494254, -0.0012361046392470598, 0.007078878581523895, -0.003389332676306367, 0.002014334313571453, -0.0002997022238560021, -0.0002143941237591207, -0.0011762663489207625, -0.0009337431401945651, 0.0007541743107140064], [0.0004031417774967849, -4.6522298362106085e-05, 0.0004714075184892863, -0.001006587757728994, 0.001881939941085875, -0.003389332676306367, 0.009509827010333538, -0.004563683178275824, 0.0004944274551235139, -0.0021548934746533632, -0.0014677558792755008, 0.0007799789309501648, -0.00029729833477176726], [-3.222826126147993e-05, 0.00035933920298703015, -0.0008606169139966369, 0.00031538913026452065, -0.00042136412230320275, 0.002014334313571453, -0.004563683178275824, 0.010636537335813046, -0.0011756938183680177, 0.0015012831427156925, -0.0020817797631025314, 0.00012660144420806319, -0.000904970511328429], [0.0002933620708063245, -0.0005711725098080933, 0.0006676216144114733, -0.00011075885413447395, 0.0008017830550670624, -0.0002997022238560021, 0.0004944274551235139, -0.0011756938183680177, 0.0099123669788241