{"song_id": "1182271096930697227", "download": "https://cdn.discordapp.com/attachments/1135903449314238464/1182271096930697227/chirp.mp4?ex=658416c3&amp", "lyrics": "Intro:\nGululu, gululu, grab your brush, let's meet,\nIt's time for a dental cleaning treat!\n\nVerse 1:\nBrush on top, now brush below,\nGentle circles, round we go.\nInside, outside, don't forget the space,\nBrush every tooth, keep a happy face.\n\nChorus:\nTra la la, sing with glee,\nBrushing's fun for you and me.\nWave goodbye to tooth decay,\nSmile bright, hip hip hooray!", "style": ["happy song for kids"], "essentia_features": {"lowlevel.average_loudness": 0.9091842770576477, "lowlevel.barkbands_crest.mean": 11.479108810424805, "lowlevel.barkbands_crest.stdev": 5.130688190460205, "lowlevel.barkbands_flatness_db.mean": 0.19123589992523193, "lowlevel.barkbands_flatness_db.stdev": 0.07695958018302917, "lowlevel.barkbands_kurtosis.mean": 3.757084369659424, "lowlevel.barkbands_kurtosis.stdev": 7.51124382019043, "lowlevel.barkbands_skewness.mean": 1.2381089925765991, "lowlevel.barkbands_skewness.stdev": 1.4207777976989746, "lowlevel.barkbands_spread.mean": 23.095474243164062, "lowlevel.barkbands_spread.stdev": 15.984909057617188, "lowlevel.dissonance.mean": 0.4531595706939697, "lowlevel.dissonance.stdev": 0.044885024428367615, "lowlevel.dynamic_complexity": 4.674229145050049, "lowlevel.erbbands_crest.mean": 10.311760902404785, "lowlevel.erbbands_crest.stdev": 6.4391374588012695, "lowlevel.erbbands_flatness_db.mean": 0.21668146550655365, "lowlevel.erbbands_flatness_db.stdev": 0.0853893831372261, "lowlevel.erbbands_kurtosis.mean": 1.5184619426727295, "lowlevel.erbbands_kurtosis.stdev": 4.74581241607666, "lowlevel.erbbands_skewness.mean": 0.25443771481513977, "lowlevel.erbbands_skewness.stdev": 1.166723608970642, "lowlevel.erbbands_spread.mean": 39.661888122558594, "lowlevel.erbbands_spread.stdev": 23.014461517333984, "lowlevel.hfc.mean": 17.50124168395996, "lowlevel.hfc.stdev": 18.29121208190918, "lowlevel.loudness_ebu128.integrated": -19.753171920776367, "lowlevel.loudness_ebu128.loudness_range": 5.486351013183594, "lowlevel.loudness_ebu128.momentary.mean": -21.360225677490234, "lowlevel.loudness_ebu128.momentary.stdev": 7.563879013061523, "lowlevel.loudness_ebu128.short_term.mean": -20.189105987548828, "lowlevel.loudness_ebu128.short_term.stdev": 1.8513209819793701, "lowlevel.melbands_crest.mean": 15.037139892578125, "lowlevel.melbands_crest.stdev": 6.1628594398498535, "lowlevel.melbands_flatness_db.mean": 0.1932213306427002, "lowlevel.melbands_flatness_db.stdev": 0.0961037278175354, "lowlevel.melbands_kurtosis.mean": 11.59044361114502, "lowlevel.melbands_kurtosis.stdev": 18.344219207763672, "lowlevel.melbands_skewness.mean": 2.3965001106262207, "lowlevel.melbands_skewness.stdev": 1.818506121635437, "lowlevel.melbands_spread.mean": 30.755321502685547, "lowlevel.melbands_spread.stdev": 32.07691192626953, "lowlevel.pitch_salience.mean": 0.5568809509277344, "lowlevel.pitch_salience.stdev": 0.13844096660614014, "lowlevel.silence_rate_20dB.mean": 1.0, "lowlevel.silence_rate_20dB.stdev": 0.0, "lowlevel.silence_rate_30dB.mean": 1.0, "lowlevel.silence_rate_30dB.stdev": 0.0, "lowlevel.silence_rate_60dB.mean": 0.22164614498615265, "lowlevel.silence_rate_60dB.stdev": 0.4153589904308319, "lowlevel.spectral_centroid.mean": 1658.2659912109375, "lowlevel.spectral_centroid.stdev": 1303.3865966796875, "lowlevel.spectral_complexity.mean": 12.841866493225098, "lowlevel.spectral_complexity.stdev": 9.654212951660156, "lowlevel.spectral_decrease.mean": -4.368538419896595e-09, "lowlevel.spectral_decrease.stdev": 4.742734649454405e-09, "lowlevel.spectral_energy.mean": 0.01807529851794243, "lowlevel.spectral_energy.stdev": 0.019250700250267982, "lowlevel.spectral_energyband_high.mean": 0.0009017779375426471, "lowlevel.spectral_energyband_high.stdev": 0.0014753381256014109, "lowlevel.spectral_energyband_low.mean": 0.0024290326982736588, "lowlevel.spectral_energyband_low.stdev": 0.006721653509885073, "lowlevel.spectral_energyband_middle_high.mean": 0.005838169250637293, "lowlevel.spectral_energyband_middle_high.stdev": 0.00990276224911213, "lowlevel.spectral_energyband_middle_low.mean": 0.0095130056142807, "lowlevel.spectral_energyband_middle_low.stdev": 0.013106252998113632, "lowlevel.spectral_entropy.mean": 7.533108234405518, "lowlevel.spectral_entropy.stdev": 0.7671423554420471, "lowlevel.spectral_flux.mean": 0.07587143778800964, "lowlevel.spectral_flux.stdev": 0.058871954679489136, "lowlevel.spectral_kurtosis.mean": 4.845414638519287, "lowlevel.spectral_kurtosis.stdev": 11.167268753051758, "lowlevel.spectral_rms.mean": 0.003588785184547305, "lowlevel.spectral_rms.stdev": 0.0021806075237691402, "lowlevel.spectral_rolloff.mean": 2201.686767578125, "lowlevel.spectral_rolloff.stdev": 2570.724853515625, "lowlevel.spectral_skewness.mean": 1.215335488319397, "lowlevel.spectral_skewness.stdev": 1.0239568948745728, "lowlevel.spectral_spread.mean": 4477989.0, "lowlevel.spectral_spread.stdev": 4009920.0, "lowlevel.spectral_strongpeak.mean": 1.2731400728225708, "lowlevel.spectral_strongpeak.stdev": 1.6417841911315918, "lowlevel.zerocrossingrate.mean": 0.0793411135673523, "lowlevel.zerocrossingrate.stdev": 0.0715755820274353, "metadata.audio_properties.analysis.equal_loudness": 0.0, "metadata.audio_properties.analysis.length": 35.797325134277344, "metadata.audio_properties.analysis.sample_rate": 44100.0, "metadata.audio_properties.analysis.start_time": 0.0, "metadata.audio_properties.bit_rate": 103834.0, "metadata.audio_properties.length": 35.797332763671875, "metadata.audio_properties.lossless": 0.0, "metadata.audio_properties.number_channels": 1.0, "metadata.audio_properties.replay_gain": -8.557867050170898, "metadata.audio_properties.sample_rate": 48000.0, "rhythm.beats_count": 87.0, "rhythm.beats_loudness.mean": 0.03013485297560692, "rhythm.beats_loudness.stdev": 0.016317017376422882, "rhythm.bpm": 146.80755615234375, "rhythm.bpm_histogram_first_peak_bpm": 148.0, "rhythm.bpm_histogram_first_peak_weight": 0.37647056579589844, "rhythm.bpm_histogram_second_peak_bpm": 136.0, "rhythm.bpm_histogram_second_peak_spread": 0.0, "rhythm.bpm_histogram_second_peak_weight": 0.011627906933426857, "rhythm.danceability": 1.2169095277786255, "rhythm.onset_rate": 4.467179775238037, "tonal.chords_changes_rate": 0.05699481815099716, "tonal.chords_number_rate": 0.018134715035557747, "tonal.chords_strength.mean": 0.5539191365242004, "tonal.chords_strength.stdev": 0.07356284558773041, "tonal.hpcp_crest.mean": 15.034404754638672, "tonal.hpcp_crest.stdev": 7.7958245277404785, "tonal.hpcp_entropy.mean": 1.8132436275482178, "tonal.hpcp_entropy.stdev": 0.8718512058258057, "tonal.key_edma.strength": 0.5670835375785828, "tonal.key_krumhansl.strength": 0.5787065625190735, "tonal.key_temperley.strength": 0.5962200164794922, "tonal.tuning_diatonic_strength": 0.5187246799468994, "tonal.tuning_equal_tempered_deviation": 0.05236292630434036, "tonal.tuning_frequency": 440.0, "tonal.tuning_nontempered_energy_ratio": 0.7202550172805786, "lowlevel.barkbands.mean": [3.913035834557377e-05, 0.0012788239400833845, 0.0007281249854713678, 0.0010992017341777682, 0.0027434818912297487, 0.0015776294749230146, 0.0012419354170560837, 0.0007253106450662017, 0.0015507382340729237, 0.0012546565849334002, 0.0017137398244813085, 0.000619711703620851, 0.0008363058441318572, 0.00036462393472902477, 0.0002958797267638147, 0.00029248624923639, 0.0003112593258265406, 0.0002038081584032625, 0.0001861632481450215, 0.00023215526016429067, 0.0002856045321095735, 0.00024340943491552025, 0.0001679254783084616, 6.364203727571294e-05, 1.955008519871626e-05, 3.986197594230134e-09, 6.271919650302493e-10], "lowlevel.barkbands.stdev": [0.00017317148740403354, 0.005415844265371561, 0.001895296503789723, 0.0023611600045114756, 0.006754464935511351, 0.003645373973995447, 0.003843061625957489, 0.003410670906305313, 0.004301967564970255, 0.005393936298787594, 0.005723281763494015, 0.0025509174447506666, 0.002525338437408209, 0.0011062280973419547, 0.0009330058819614351, 0.0008320187916979194, 0.0008783005177974701, 0.0004183938435744494, 0.00036065647145733237, 0.0004792416584677994, 0.000512302212882787, 0.00045857985969632864, 0.0003534871793817729, 0.0001057767731253989, 2.5692266717669554e-05, 3.386268332405962e-08, 1.3941312548837459e-09], "lowlevel.erbbands.mean": [0.036585867404937744, 0.2914964556694031, 0.8311062455177307, 2.218194007873535, 8.218239784240723, 8.716451644897461, 8.810441970825195, 13.360158920288086, 16.124025344848633, 17.17462730407715, 20.572620391845703, 38.45256423950195, 38.907081604003906, 48.6607551574707, 57.99468231201172, 28.35089874267578, 37.55829620361328, 21.98806381225586, 18.97071075439453, 13.393433570861816, 17.774112701416016, 17.099750518798828, 12.557768821716309, 8.685721397399902, 10.709948539733887, 11.04832935333252, 10.305222511291504, 11.605303764343262, 9.490713119506836, 6.288405418395996, 4.528675556182861, 2.0498344898223877, 0.7784831523895264, 0.34451937675476074, 0.06669989228248596, 0.0022929778788238764, 0.00011399132199585438, 1.7188938727485947e-05, 1.3510159078577999e-05, 2.2982967493589967e-05], "lowlevel.erbbands.stdev": [0.1692061424255371, 1.1910427808761597, 2.222939968109131, 4.268231391906738, 22.86149024963379, 22.436630249023438, 20.719650268554688, 32.79140853881836, 50.376182556152344, 63.1176872253418, 78.05435180664062, 107.95657348632812, 175.4537811279297, 163.76864624023438, 184.26776123046875, 94.11698150634766, 115.69268798828125, 64.0589370727539, 59.27791213989258, 32.38116455078125, 46.35152053833008, 47.67720413208008, 27.13101577758789, 17.811893463134766, 19.637367248535156, 20.450326919555664, 21.740617752075195, 21.954748153686523, 18.092302322387695, 11.805641174316406, 9.70993423461914, 3.8677268028259277, 1.16092050075531, 0.4434528648853302, 0.09300999343395233, 0.003560262033715844, 0.00014256694703362882, 2.0190991563140415e-05, 1.2798276657122187e-05, 2.3257609427673742e-05], "lowlevel.gfcc.mean": [-88.93722534179688, 103.01654815673828, -161.38217163085938, 44.11269760131836, -86.03119659423828, 8.885368347167969, -36.141178131103516, -12.836379051208496, -14.382685661315918, -17.0023193359375, -6.371982574462891, -15.083283424377441, 2.9098334312438965], "lowlevel.melbands.mean": [0.0003439020656514913, 0.00041408665128983557, 0.0005744409281760454, 0.0006457154522649944, 0.00031367543851956725, 0.00030170398531481624, 0.00025285911397077143, 0.00017432145250495523, 0.00018424834706820548, 0.00023827634868212044, 0.0001863345823949203, 0.0001845194783527404, 0.00023592390061821789, 8.515450463164598e-05, 6.92090397933498e-05, 7.784919580444694e-05, 3.592213033698499e-05, 3.204108725185506e-05, 1.8712285964284092e-05, 1.8227379769086838e-05, 2.1104273400851525e-05, 1.7971608031075448e-05, 1.4686353097204119e-05, 9.055903319676872e-06, 6.593968919332838e-06, 7.249898771988228e-06, 8.00508769316366e-06, 7.161955181800295e-06, 6.2618805714009795e-06, 6.477329861809267e-06, 7.025096692814259e-06, 5.630688974633813e-06, 4.236461336404318e-06, 3.1971467251423746e-06, 2.8065107926522614e-06, 1.8842874851543456e-06, 1.0151919695999823e-06, 5.88894579323096e-07, 3.6226319366505777e-07, 2.625968420488789e-07], "lowlevel.melbands.stdev": [0.001524068065918982, 0.0011631626402959228, 0.0012337316293269396, 0.001643151743337512, 0.0006737894145771861, 0.0007239270489662886, 0.0007699208799749613, 0.0006670833681710064, 0.0006215571775101125, 0.0006815854576416314, 0.0008678879821673036, 0.0006834451924078166, 0.0007897655013948679, 0.00033567502396181226, 0.0002119589044013992, 0.0002449793682899326, 0.00011414921027608216, 0.00010227016173303127, 5.3228613978717476e-05, 5.330990461516194e-05, 5.650587991112843e-05, 5.209096343605779e-05, 4.562420872389339e-05, 1.7748359823599458e-05, 1.4737145647814032e-05, 1.3981086340209004e-05, 1.5045442523842212e-05, 1.5355346477008425e-05, 1.7145825040643103e-05, 1.1303998689982109e-05, 1.4431470845011063e-05, 1.1339454431436025e-05, 7.877895768615417e-06, 6.410953574231826e-06, 6.282641152210999e-06, 4.133263701078249e-06, 1.8268939356858027e-06, 9.63397042141878e-07, 4.726535394183884e-07, 3.564593100691127e-07], "lowlevel.melbands128.mean": [3.673546598292887e-05, 0.00026537387748248875, 0.000492617255076766, 0.0004626114678103477, 0.0004355059645604342, 0.00033356540370732546, 0.0003602357173804194, 0.0006445507751777768, 0.000925975211430341, 0.0007148329168558121, 0.0004622899868991226, 0.00024824266438372433, 0.0002494544314686209, 0.00042282699723728, 0.00032577369711361825, 0.00022985829855315387, 0.0002228905213996768, 0.00028040839242748916, 0.0002556703402660787, 0.00020186581241432577, 0.00010766705963760614, 0.00015224999515339732, 0.0001690290227998048, 0.00023855752078816295, 0.00031206730636768043, 0.00018485684995539486, 0.00020721320470329374, 0.000235566301853396, 9.439183486392722e-05, 0.00018111056124325842, 0.00015212949074339122, 0.0003193591837771237, 0.00031920583569444716, 0.00011629916116362438, 8.114363299682736e-05, 9.621460776543245e-05, 5.8841120335273445e-05, 4.1603168938308954e-05, 0.00010183055564993992, 9.42545011639595e-05, 7.384124182863161e-05, 5.28464479430113e-05, 2.904020220739767e-05, 3.227899287594482e-05, 3.365804877830669e-05, 3.373018262209371e-05, 2.9974868084536865e-05, 1.4625600670115091e-05, 1.5906389307929203e-05, 1.928654091898352e-05, 1.4953644495108165e-05, 2.1748608560301363e-05, 2.390540794294793e-05, 1.872457687568385e-05, 1.9714716472662985e-05, 1.7937991287908517e-05, 1.6014446373446845e-05, 1.8275235561304726e-05, 1.3209718417783733e-05, 1.0180526260228362e-05, 9.527142537990585e-06, 7.408267265418544e-06, 7.069381808832986e-06, 6.533008217957104e-06, 5.347766091290396e-06, 6.936392765055643e-06, 8.965781489678193e-06, 7.655966328456998e-06, 8.026000614336226e-06, 8.242677722591907e-06, 6.745415703335311e-06, 7.089935024851002e-06, 6.5689164330251515e-06, 6.376202691171784e-06, 5.196409347263398e-06, 7.5066736826556735e-06, 6.4928071878966875e-06, 5.282819984131493e-06, 9.270426744478755e-06, 5.5669979701633565e-06, 6.310195203695912e-06, 5.7051734074775595e-06, 3.7689535474783042e-06, 5.034773948864313e-06, 3.4005640827672323e-06, 3.2056586860562675e-06, 3.0642227102362085e-06, 3.2499647204531357e-06, 2.929433321696706e-06, 2.3526511085947277e-06, 2.3202721877169097e-06, 1.7271238448302029e-06, 1.237182118529745e-06, 1.031885517477349e-06, 8.560544415558979e-07, 7.070818242027599e-07, 5.573808721237583e-07, 3.687410128350166e-07, 3.6056894714420196e-07, 3.5897789985028794e-07, 3.250780196140113e-07, 2.521134092603461e-07, 1.6968448335319408e-07, 1.672176495048916e-07, 3.1856373539085325e-08, 1.9017848629232503e-08, 2.547417166098853e-09, 1.6422703474905376e-10, 4.878425094445582e-11, 2.122474938859309e-11, 7.092851913442777e-12, 6.050261420337266e-12, 4.917251068131678e-12, 4.311002076151649e-12, 3.945472854677279e-12, 3.599521722352783e-12, 3.265107368505271e-12, 3.132139946709911e-12, 3.0229061441511274e-12, 2.8412025336599367e-12, 2.6884586137171373e-12, 2.5961708911143022e-12, 2.5229850760671857e-12, 2.4675680335844996e-12, 2.3734284936710592e-12, 2.2324375421184373e-12, 2.1517967529333104e-12, 2.1312387618599438e-12], "lowlevel.melbands128.stdev": [0.00016984764079097658, 0.0012719942023977637, 0.0023754164576530457, 0.0019184339325875044, 0.0013298155972734094, 0.0008414334733970463, 0.0007867264212109149, 0.001513843541033566, 0.0028620983939617872, 0.0020571977365761995, 0.0014016893692314625, 0.0007735858089290559, 0.0008140889694914222, 0.0011829221621155739, 0.0009236750775016844, 0.0009816910605877638, 0.0008742660866118968, 0.001151787000708282, 0.0010604382259771228, 0.0009430664358660579, 0.0007801269530318677, 0.000828893156722188, 0.0008525243028998375, 0.000846020644530654, 0.0010628019226714969, 0.0008137311087921262, 0.001131686964072287, 0.0014860059600323439, 0.0005350098945200443, 0.0010679138358682394, 0.0007523802341893315, 0.001300830626860261, 0.0013189958408474922, 0.0005684031639248133, 0.0005105801392346621, 0.00048232919652946293, 0.00032806943636387587, 0.00017151277279481292, 0.00043484705383889377, 0.00042656707228161395, 0.000332982832333073, 0.00026038382202386856, 0.00015954927948769182, 0.00012914385297335684, 0.0001175997604150325, 0.00016590107406955212, 0.00016584142576903105, 5.89619594393298e-05, 5.2015740948263556e-05, 6.46305998088792e-05, 7.021740748314187e-05, 8.009071461856365e-05, 9.414165833732113e-05, 5.418657747213729e-05, 6.147384556243196e-05, 8.327680552611127e-05, 6.402921280823648e-05, 9.161232446786016e-05, 4.427314706845209e-05, 2.63033125520451e-05, 2.2146074115880765e-05, 1.6431911717518233e-05, 1.6829160813358612e-05, 1.93421910807956e-05, 1.3045915693510324e-05, 1.5666357285226695e-05, 1.9443899873294868e-05, 1.8776107026496902e-05, 1.829473148973193e-05, 1.5405566955450922e-05, 1.2657352272071876e-05, 2.375217627559323e-05, 2.6977782908943482e-05, 1.721958687994629e-05, 1.1586336768232286e-05, 1.3215054423199035e-05, 1.3365745871851686e-05, 1.1699753486027475e-05, 2.0615916582755744e-05, 1.2878593224741053e-05, 1.4172965165926144e-05, 1.1881765203725081e-05, 7.49985929360264e-06, 1.0115969416801818e-05, 7.132895007089246e-06, 6.529288384626852e-06, 7.040966011118144e-06, 8.204844561987557e-06, 7.04908961779438e-06, 5.376440185500542e-06, 5.895701633562567e-06, 4.020715095975902e-06, 2.5861779704428045e-06, 2.0072900497325463e-06, 1.572151177242631e-06, 1.3884070995118236e-06, 9.70022256296943e-07, 5.233557089923124e-07, 5.190183856029762e-07, 5.192380285734544e-07, 4.3977240693493513e-07, 4.003821629794402e-07, 2.7340786346030654e-07, 2.5200989739460056e-07, 8.595567635438783e-08, 5.802675318022921e-08, 8.752436997383484e-09, 1.1287046852714866e-09, 5.367354338758901e-10, 2.48265435986994e-10, 8.643633725435862e-11, 6.926506590509973e-11, 4.439257642041561e-11, 3.281066737748084e-11, 2.60171988120117e-11, 1.8641602150815118e-11, 1.1781856740222807e-11, 1.2267633089924068e-11, 1.0956451891586116e-11, 7.510009975009169e-12, 5.280873394825081e-12, 4.621357550110838e-12, 4.419569311214788e-12, 4.3408735807271e-12, 4.274431936873713e-12, 4.220920488129387e-12, 4.1825163124564746e-12, 4.159316120688761e-12], "lowlevel.mfcc.mean": [-696.2896728515625, 102.43229675292969, -11.63168716430664, 17.909643173217773, -16.17007827758789, 6.283867835998535, -12.285472869873047, -1.6103544235229492, -5.700378894805908, -5.191373825073242, -8.893321990966797, -4.170612812042236, -5.611578941345215], "lowlevel.spectral_contrast_coeffs.mean": [-0.671808123588562, -0.7275102734565735, -0.7532004117965698, -0.7915524840354919, -0.8035857081413269, -0.7151015996932983], "lowlevel.spectral_contrast_coeffs.stdev": [0.10328351706266403, 0.10096493363380432, 0.10894084721803665, 0.07212063670158386, 0.04898720607161522, 0.06332779675722122], "lowlevel.spectral_contrast_valleys.mean": [-8.062371253967285, -7.615817070007324, -8.097159385681152, -8.241902351379395, -8.104327201843262, -11.139361381530762], "lowlevel.spectral_contrast_valleys.stdev": [2.3946361541748047, 2.258657217025757, 2.2341463565826416, 2.2769501209259033, 2.409576177597046, 2.573333978652954], "rhythm.beats_loudness_band_ratio.mean": [0.2690621614456177, 0.2667025625705719, 0.23355403542518616, 0.17424798011779785, 0.08784325420856476, 0.07056547701358795], "rhythm.beats_loudness_band_ratio.stdev": [0.22997261583805084, 0.19481827318668365, 0.22442162036895752, 0.2156134396791458, 0.06352375447750092, 0.06538534164428711], "tonal.hpcp.mean": [0.2254178524017334, 0.13341110944747925, 0.0791114866733551, 0.09150414168834686, 0.1031835600733757, 0.15387451648712158, 0.1844712346792221, 0.129667729139328, 0.07416561245918274, 0.06533236056566238, 0.054549213498830795, 0.04733267053961754, 0.05930209159851074, 0.07366092503070831, 0.13829506933689117, 0.1800532191991806, 0.10444377362728119, 0.045200176537036896, 0.044646795839071274, 0.07266060262918472, 0.1770867109298706, 0.24252957105636597, 0.15498611330986023, 0.09381422400474548, 0.10557340085506439, 0.08588024228811264, 0.10079804062843323, 0.13966070115566254, 0.1293623447418213, 0.1730356514453888, 0.18533354997634888, 0.09425166249275208, 0.058372560888528824, 0.06685100495815277, 0.07986125349998474, 0.17023999989032745], "tonal.hpcp.stdev": [0.3170038163661957, 0.21082286536693573, 0.20126816630363464, 0.22547858953475952, 0.23038382828235626, 0.2602355182170868, 0.29462796449661255, 0.2329394668340683, 0.1836279332637787, 0.16390559077262878, 0.14666838943958282, 0.11237163841724396, 0.1406124383211136, 0.17435632646083832, 0.23229697346687317, 0.3000420331954956, 0.19325797259807587, 0.10864921659231186, 0.11062195152044296, 0.1694466918706894, 0.2794438600540161, 0.33828073740005493, 0.24484781920909882, 0.19100640714168549, 0.23230686783790588, 0.19275854527950287, 0.19805797934532166, 0.257382869720459, 0.2371976226568222, 0.2825871706008911, 0.3109239935874939, 0.1765536069869995, 0.14356878399848938, 0.16805002093315125, 0.19107794761657715, 0.25490477681159973], "rhythm.beats_position": [0.4760090708732605, 0.9171881675720215, 1.3351473808288574, 1.7414965629577637, 2.1594557762145996, 2.5774149894714355, 2.9953742027282715, 3.4017233848571777, 3.808072566986084, 4.22603178024292, 4.632380962371826, 5.038730144500732, 5.433469295501709, 5.851428508758545, 6.257777690887451, 6.664126873016357, 7.082086086273193, 7.4884352684021, 7.894784450531006, 8.30113410949707, 8.707483291625977, 9.113832473754883, 9.520181655883789, 9.926530838012695, 10.332880020141602, 10.750839233398438, 11.157188415527344, 11.56353759765625, 11.969886779785156, 12.376235961914062, 12.782585144042969, 13.188934326171875, 13.606893539428711, 14.001632690429688, 14.419591903686523, 14.82594108581543, 15.232290267944336, 15.650249481201172, 16.056598663330078, 16.462947845458984, 16.85768699645996, 17.275646209716797, 17.693605422973633, 18.09995460510254, 18.506303787231445, 18.92426300048828, 19.319002151489258, 19.725351333618164, 20.13170051574707, 20.549659729003906, 20.956008911132812, 21.36235809326172, 21.780317306518555, 22.18666648864746, 22.593015670776367, 23.010974884033203, 23.40571403503418, 23.812063217163086, 24.218412399291992, 24.636371612548828, 25.042720794677734, 25.44906997680664, 25.867029190063477, 26.273378372192383, 26.67972755432129, 27.086076736450195, 27.50403594970703, 27.910385131835938, 28.305124282836914, 28.72308349609375, 29.129432678222656, 29.535781860351562, 29.9537410736084, 30.360090255737305, 30.76643943786621, 31.172788619995117, 31.579137802124023, 31.98548698425293, 32.3918342590332, 32.80979537963867, 33.21614456176758, 33.622493743896484, 34.04045104980469, 34.4351921081543, 34.8531494140625, 35.259498596191406, 35.66584777832031], "rhythm.bpm_histogram": [0.0, 0.0, 0.0, 0.0, 0.0, 0.0, 0.0, 0.0, 0.0, 0.0, 0.0, 0.0, 0.0, 0.0, 0.0, 0.0, 0.0, 0.0, 0.0, 0.0, 0.0, 0.0, 0.0, 0.0, 0.0, 0.0, 0.0, 0.0, 0.0, 0.0, 0.0, 0.0, 0.0, 0.0, 0.0, 0.0, 0.0, 0.0, 0.0, 0.0, 0.0, 0.0, 0.0, 0.0, 0.0, 0.0, 0.0, 0.0, 0.0, 0.0, 0.0, 0.0, 0.0, 0.0, 0.0, 0.0, 0.0, 0.0, 0.0, 0.0, 0.0, 0.0, 0.0, 0.0, 0.0, 0.0, 0.0, 0.0, 0.0, 0.0, 0.0, 0.0, 0.0, 0.0, 0.0, 0.0, 0.0, 0.0, 0.0, 0.0, 0.0, 0.0, 0.0, 0.0, 0.0, 0.0, 0.0, 0.0, 0.0, 0.0, 0.0, 0.0, 0.0, 0.0, 0.0, 0.0, 0.0, 0.0, 0.0, 0.0, 0.0, 0.0, 0.0, 0.0, 0.0, 0.0, 0.0, 0.0, 0.0, 0.0, 0.0, 0.0, 0.0, 0.0, 0.0, 0.0, 0.0, 0.0, 0.0, 0.0, 0.0, 0.0, 0.0, 0.0, 0.0, 0.0, 0.0, 0.0, 0.0, 0.0, 0.0, 0.0, 0.0, 0.0, 0.0, 0.0, 0.011627906933426857, 0.0, 0.0, 0.0, 0.0, 0.0, 0.0, 0.0, 0.2906976640224457, 0.0, 0.0, 0.0, 0.6162790656089783, 0.0, 0.0, 0.0, 0.08139535039663315, 0.0, 0.0, 0.0, 0.0, 0.0, 0.0, 0.0, 0.0, 0.0, 0.0, 0.0, 0.0, 0.0, 0.0, 0.0, 0.0, 0.0, 0.0, 0.0, 0.0, 0.0, 0.0, 0.0, 0.0, 0.0, 0.0, 0.0, 0.0, 0.0, 0.0, 0.0, 0.0, 0.0, 0.0, 0.0, 0.0, 0.0, 0.0, 0.0, 0.0, 0.0, 0.0, 0.0, 0.0, 0.0, 0.0, 0.0, 0.0, 0.0, 0.0, 0.0, 0.0, 0.0, 0.0, 0.0, 0.0, 0.0, 0.0, 0.0, 0.0, 0.0, 0.0, 0.0, 0.0, 0.0, 0.0, 0.0, 0.0, 0.0, 0.0, 0.0, 0.0, 0.0, 0.0, 0.0, 0.0, 0.0, 0.0, 0.0, 0.0, 0.0, 0.0, 0.0, 0.0, 0.0, 0.0, 0.0, 0.0, 0.0, 0.0, 0.0, 0.0, 0.0, 0.0, 0.0, 0.0, 0.0], "tonal.chords_histogram": [9.974093437194824, 2.0725388526916504, 20.20725440979004, 0.6476684212684631, 2.4611399173736572, 0.0, 0.12953367829322815, 1.9430052042007446, 0.38860103487968445, 1.8134715557098389, 0.0, 0.0, 0.0, 1.165803074836731, 0.0, 0.0, 4.663212299346924, 0.9067357778549194, 2.5906736850738525, 10.492227554321289, 1.6839377880096436, 7.7720208168029785, 23.575130462646484, 7.512953281402588], "tonal.thpcp": [1.0, 0.6390400528907776, 0.38681560754776, 0.43530115485191345, 0.35410213470458984, 0.4156113564968109, 0.5758501887321472, 0.5333878993988037, 0.7134620547294617, 0.7641688585281372, 0.3886192739009857, 0.24068224430084229, 0.2756406366825104, 0.3292846083641052, 0.7019349932670593, 0.9294447898864746, 0.5500818490982056, 0.3261931538581848, 0.37729066610336304, 0.42544734477996826, 0.6344566941261292, 0.7606133818626404, 0.5346471071243286, 0.30580028891563416, 0.2693789601325989, 0.22491778433322906, 0.19516247510910034, 0.24451489746570587, 0.30371934175491333, 0.5702193975448608, 0.7423969507217407, 0.4306434690952301, 0.18636974692344666, 0.18408805131912231, 0.29959481954574585, 0.730165421962738], "lowlevel.gfcc.cov": [[27798.623046875, -308.5976257324219, -1566.180908203125, 2616.615966796875, -2088.69921875, 1439.5355224609375, -1353.24462890625, 143.27896118164062, -805.33349609375, -300.9380798339844, -104.5357894897461, -544.6668090820312, 123.29712677001953], [-308.5976257324219, 2168.32470703125, -408.6504821777344, -602.4561157226562, 634.0807495117188, -505.4075622558594, 328.15570068359375, -226.68972778320312, 232.27462768554688, -137.08731079101562, 5.4969682693481445, 24.775453567504883, -26.497087478637695], [-1566.180908203125, -408.6504821777344, 1297.5872802734375, 777.3394165039062, 105.70076751708984, 433.8059997558594, -213.95777893066406, 52.67177963256836, -105.55220794677734, 43.18181610107422, -45.05655288696289, -46.62081527709961, 20.101112365722656], [2616.615966796875, -602.4561157226562, 777.3394165039062, 1497.5025634765625, -145.55062866210938, 511.7903747558594, -459.6128845214844, 18.21918487548828, -221.33566284179688, -11.240060806274414, -85.1120376586914, -123.0969009399414, 29.17791748046875], [-2088.69921875, 634.0807495117188, 105.70076751708984, -145.55062866210938, 642.0006103515625, -105.9097671508789, 224.98672485351562, -6.0385003089904785, 99.55619812011719, -5.724768161773682, 1.0106327533721924, 40.50444412231445, -35.16588592529297], [1439.5355224609375, -505.4075622558594, 433.8059997558594, 511.7903747558594, -105.9097671508789, 705.7705688476562, -63.94551086425781, 133.82273864746094, -175.0471954345703, -6.932555675506592, 17.83816909790039, -71.87047576904297, 9.17363452911377], [-1353.24462890625, 328.15570068359375, -213.95777893066406, -459.6128845214844, 224.98672485351562, -63.94551086425781, 460.20062255859375, 44.33400344848633, 126.1244125366211, 5.030945301055908, 58.9827880859375, 62.630775451660156, -27.423351287841797], [143.27896118164062, -226.68972778320312, 52.67177963256836, 18.21918487548828, -6.0385003089904785, 133.82273864746094, 44.33400344848633, 251.98512268066406, 32.94401550292969, 51.17758560180664, 20.625688552856445, 17.103689193725586, -5.9730024337768555], [-805.33349609375, 232.27462768554688, -105.55220794677734, -221.33566284179688, 99.55619812011719, -175.0471954345703, 126.1244125366211, 32.94401550292969, 242.6006622314453, 61.99433135986328, 19.681880950927734, 49.34330368041992, 1.772300124168396], [-300.9380798339844, -137.08731079101562, 43.18181610107422, -11.240060806274414, -5.724768161773682, -6.932555675506592, 5.030945301055908, 51.17758560180664, 61.99433135986328, 165.90992736816406, 27.519779205322266, 17.22433090209961, 33.763954162597656], [-104.5357894897461, 5.4969682693481445, -45.05655288696289, -85.1120376586914, 1.0106327533721924, 17.83816909790039, 58.9827880859375, 20.625688552856445, 19.681880950927734, 27.519779205322266, 102.38088989257812, 51.197654724121094, 23.574792861938477], [-544.6668090820312, 24.775453567504883, -46.62081527709961, -123.0969009399414, 40.50444412231445, -71.87047576904297, 62.630775451660156, 17.103689193725586, 49.34330368041992, 17.22433090209961, 51.197654724121094, 105.10651397705078, 33.909873962402344], [123.29712677001953, -26.497087478637695, 20.101112365722656, 29.17791748046875, -35.16588592529297, 9.17363452911377, -27.423351287841797, -5.9730024337768555, 1.772300124168396, 33.763954162597656, 23.574792861938477, 33.909873962402344, 104.994140625]], "lowlevel.gfcc.icov": [[0.00020308821694925427, -0.0003920431190636009, 0.0005982862785458565, -0.0004715814138762653, 0.0006260003428906202, -0.00048146367771551013, 0.0002737328759394586, -0.000346239103237167, 0.00018902673036791384, -0.00012688500282820314, 4.2694991861935705e-05, 9.878953278530389e-05, -2.1265705072437413e-05], [-0.0003920431190636009, 0.0018219867488369346, -0.0009960606694221497, 0.001005310914479196, -0.002170840511098504, 0.00122735183686018, -0.0005907744634896517, 0.0012574665015563369, -0.001109001925215125, 0.0012837612302973866, -0.0006588746327906847, 0.0009331948822364211, -0.0006331386975944042], [0.0005982862785458565, -0.0009960606694221497, 0.0031662187539041042, -0.0018247304251417518, 0.0011758259497582912, -0.002081591635942459, 0.0011918310774490237, -0.0007778689614497125, 0.00032137977541424334, -0.0007155849016271532, 0.00058535992866382, -0.0001547165447846055, -6.706835119985044e-05], [-0.0004715814138762653, 0.001005310914479196, -0.0018247304251417518, 0.002678721910342574, -0.0016904942458495498, 0.00036560624721460044, 0.0005753929726779461, 0.000961674319114536, -0.0005194983095861971, 0.00045462074922397733, 0.00026489741867408156, 0.00016396533465012908, -0.00023058796068653464], [0.0006260003428906202, -0.002170840511098504, 0.0011758259497582912, -0.0016904942458495498, 0.005055426154285669, -0.0012504414189606905, -0.00043373656808398664, -0.0014526782324537635, 0.0010012423153966665, -0.001134642749093473, 0.0010124508989974856, -0.0011280776234343648, 0.0010532316518947482], [-0.00048146367771551013, 0.00122735183686018, -0.002081591635942459, 0.00036560624721460044, -0.0012504414189606905, 0.004636310040950775, -0.001964813331142068, -0.0007069348939694464, 0.0010874851141124964, 0.0010093423770740628, -0.0021243104711174965, 0.0022776806727051735, -0.0008068297174759209], [0.0002737328759394586, -0.0005907744634896517, 0.0011918310774490237, 0.0005753929726779461, -0.00043373656808398664, -0.001964813331142068, 0.0050774808041751385, -0.0005808595451526344, -0.0011026164283975959, 0.00011051471665268764, -0.0007941446383483708, -0.0007384983473457396, 0.0008608153439126909], [-0.000346239103237167, 0.0012574665015563369, -0.0007778689614497125, 0.000961674319114536, -0.0014526782324537635, -0.0007069348939694464, -0.0005808595451526344, 0.006326529197394848, -0.0018359407549723983, -0.0007603499689139426, 0.00024195613514166325, -0.001389328041113913, 0.0010589134180918336], [0.00018902673036791384, -0.001109001925215125, 0.00032137977541424334, -0.0005194983095861971, 0.0010012423153966665, 0.0010874851141124964, -0.0011026164283975959, -0.0018359407549723983, 0.007690569385886192, -0.002966606756672263, 0.0007447597454302013, -0.001591973123140633, 0.0005999983404763043], [-0.00012688500282820314, 0.0012837612302973866, -0.0007155849016271532, 0.00045462074922397733, -0.001134642749093473, 0.0010093423770740628, 0.00011051471665268764, -0.0007603499689139426, -0.002966606756672263, 0.009238176979124546, -0.0027293995954096317, 0.0026710652746260166, -0.003169523784890771], [4.2694991861935705e-05, -0.0006588746327906847, 0.00058535992866382, 0.00026489741867408156, 0.0010124508989974856, -0.0021243104711174965, -0.0007941446383483708, 0.00024195613514166325, 0.0007447597454302013, -0.0027293995954096317, 0.01570184901356697, -0.007961555384099483, -0.00016016695008147508], [9.878953278530389e-05, 0.0009331948822364211, -0.0001547165447846055, 0.00016396533465012908, -0.0011280776234343648, 0.0022776806727051735, -0.0007384983473457396, -0.001389328041113913, -0.001591973123140633, 0.0026710652746260166, -0.007961555384099483, 0.018651112914085388, -0.005813389550894499], [-2.1265705072437413e-05, -0.0006331386975944042, -6.706835119985044e-05, -0.00023058796068653464, 0.0010532316518947482, -0.0008068297174759209, 0.0008608153439126909, 0.0010589134180918336, 0.0005999983404763043, -0.003169523784890771, -0.00016016695008147508, -0.005813389550894499, 0.013097417540848255]], "lowlevel.mfcc.cov": [[14792.748046875, -1933.7545166015625, 1085.8133544921875, 829.1400756835938, 368.0404052734375, 632.9202880859375, 150.06588745117188, 84.72240447998047, -236.0760040283203, -234.5310821533203, -63.332584381103516, 21.608457565307617, -201.64369201660156], [-1933.7545166015625, 2597.076904296875, -924.4172973632812, -209.36170959472656, -68.27696228027344, -219.6228485107422, -53.681121826171875, 35.629051208496094, 104.90731048583984, -1.1156541109085083, 37.28395080566406, -40.30214309692383, 94.97592163085938], [1085.8133544921875, -924.4172973632812, 1188.758056640625, 318.89947509765625, 326.7017822265625, 329.6485595703125, 67.03630828857422, 23.1773738861084, -38.672000885009766, 18.869590759277344, -53.371849060058594, -26.534584045410156, -69.08134460449219], [829.1400756835938, -209.36170959472656, 318.89947509765625, 584.6912841796875, 284.8670959472656, 165.6204833984375, -39.57060241699219, -76.1375732421875, -0.6913766264915466, -33.16564178466797, -56.308563232421875, -51.31884765625, -4.331973552703857], [368.0404052734375, -68.27696228027344, 326.7017822265625, 284.8670959472656, 499.1531982421875, 186.15667724609375, 85.29277038574219, 9.88530158996582, 19.13445472717285, -28.928438186645508, -21.87315559387207, -4.350017547607422, 12.453386306762695], [632.9202880859375, -219.6228485107422, 329.6485595703125, 165.6204833984375, 186.15667724609375, 356.29510498046875, 132.36581420898438, 56.45753860473633, -3.880002737045288, -5.474161148071289, -4.711716651916504, -10.060493469238281, -47.673824310302734], [150.06588745117188, -53.681121826171875, 67.03630828857422, -39.57060241699219, 85.29277038574219, 132.36581420898438, 299.7830505371094, 125.76004028320312, 22.90456199645996, 8.08456802368164, 52.7595100402832, 28.78270721435547, -16.76640510559082], [84.72240447998047, 35.629051208496094, 23.1773738861084, -76.1375732421875, 9.88530158996582, 56.45753860473633, 125.76004028320312, 209.3165740966797, 45.9361686706543, -5.654694557189941, 38.16397476196289, 78.31181335449219, 24.287126541137695], [-236.0760040283203, 104.90731048583984, -38.672000885009766, -0.6913766264915466, 19.13445472717285, -3.880002737045288, 22.90456199645996, 45.9361686706543, 140.8855438232422, 69.90031433105469, 40.91007614135742, 28.484338760375977, 35.834007263183594], [-234.5310821533203, -1.1156541109085083, 18.869590759277344, -33.16564178466797, -28.928438186645508, -5.474161148071289, 8.08456802368164, -5.654694557189941, 69.90031433105469, 156.9524383544922, 62.81167984008789, -11.127457618713379, -11.604963302612305], [-63.332584381103516, 37.28395080566406, -53.371849060058594, -56.308563232421875, -21.87315559387207, -4.711716651916504, 52.7595100402832, 38.16397476196289, 40.91007614135742, 62.81167984008789, 120.70404052734375, 42.13457489013672, 2.8475470542907715], [21.608457565307617, -40.30214309692383, -26.534584045410156, -51.31884765625, -4.350017547607422, -10.060493469238281, 28.78270721435547, 78.31181335449219, 28.484338760375977, -11.127457618713379, 42.13457489013672, 157.10733032226562, 86.66752624511719], [-201.64369201660156, 94.97592163085938, -69.08134460449219, -4.331973552703857, 12.453386306762695, -47.673824310302734, -16.76640510559082, 24.287126541137695, 35.834007263183594, -11.604963302612305, 2.8475470542907715, 86.66752624511719, 152.20474243164062]], "lowlevel.mfcc.icov": [[8.620011794846505e-05, 4.5356046030065045e-05, 1.5631524092896143e-06, -0.0001130632808781229, 2.847151154128369e-05, -7.143559196265414e-05, 1.527777567389421e-05, -7.158014341257513e-05, 8.420259837293997e-05, 9.71676709013991e-05, -6.763193960068747e-05, -4.591323886415921e-05, 8.678252925164998e-05], [4.5356046030065045e-05, 0.0006369744660332799, 0.0005195776466280222, 6.339928950183094e-05, -0.0002989330096170306, -9.616301394999027e-05, 0.00023763747594784945, -0.00040888087823987007, -0.00017550209304317832, 0.00011042524420190603, -0.00017870870942715555, 0.0006961419130675495, -0.0003573092690203339], [1.5631524092896143e-06, 0.0005195776466280222, 0.0018316205823794007, -0.00022447384253609926, -0.0007811672985553741, -0.0008859509252943099, 0.00041430533747188747, -0.0006879373104311526, 0.0005929004983045161, -0.0010006846860051155, 0.0006827170727774501, 0.00011247308430029079, 0.00015191006241366267], [-0.0001130632808781229, 6.339928950183094e-05, -0.00022447384253609926, 0.003205689135938883, -0.001320816925726831, -0.0008735553128644824, 0.0008034673519432545, 0.0010076643666252494, -0.0009406265453435481, 0.0006636340403929353, 6.169434345792979e-05, 0.000863302790094167, -0.0006585019291378558], [2.847151154128369e-05, -0.0002989330096170306, -0.0007811672985553741, -0.001320816925726831, 0.00368860037997365, -0.0005916132358834147, -0.0010768953943625093, 0.000606649206019938, -0.0007487547700293362, 0.0009027384803630412, -7.17965594958514e-05, -0.00017739708709996194, -0.0005229574744589627], [-7.143559196265414e-05, -9.616301394999027e-05, -0.0008859509252943099, -0.0008735553128644824, -0.0005916132358834147, 0.005348008591681719, -0.0017948108725249767, -0.0006484559853561223, 0.00015085484483279288, -0.00020749130635522306, 0.00043276624637655914, -0.0003516022115945816, 0.0013084510574117303], [1.527777567389421e-05, 0.00023763747594784945, 0.00041430533747188747, 0.0008034673519432545, -0.0010768953943625093, -0.0017948108725249767, 0.005950174760073423, -0.0029357855673879385, 0.0002765526878647506, 0.0002519562840461731, -0.0020475953351706266, 0.0010740135330706835, 0.00011356417962815613], [-7.158014341257513e-05, -0.00040888087823987007, -0.0006879373104311526, 0.0010076643666252494, 0.000606649206019938, -0.0006484559853561223, -0.0029357855673879385, 0.009251048788428307, -0.003037262475118041, 0.0018925773911178112, 3.4900564060080796e-05, -0.0037593080196529627, 0.0008237565052695572], [8.420259837293997e-05, -0.00017550209304317832, 0.0005929004983045161, -0.0009406265453435481, -0.0007487547700293362, 0.00015085484483279288, 0.0002765526878647506, -0.003037262475118041, 0.012150350026786327, -0.005848442204296589, -0.00033318056375719607, -0.000172567117260769, -0.002114989561960101], [9.71676709013991e-05, 0.00011042524420190603, -0.0010006846860051155, 0.0006636340403929353, 0.0009027384803630412, -0.00020749130635522306, 0.0002519562840461731, 0.0018925773911178112, -0.005848442204296589, 0.012133370153605938, -0.005861820187419653, 0.0024512968957424164, 0.0002273333229823038], [-6.763193960068747e-05, -0.00017870870942715555, 0.0006827170727774501, 6.169434345792979e-05, -7.17965594958514e-05, 0.00043276624637655914, -0.0020475953351706266, 3.4900564060080796e-05, -0.00033318056375719607, -0.005861820187419653, 0.014418956823647022, -0.005134721752256155, 0.0025293626822531223], [-4.591323886415921e-05, 0.0006961419130675495, 0.00011247308430029079, 0.000863302790094167, -0.00017739708709996194, -0.0003516022115945816, 0.0010740135330706835, -0.0037593080196529627, -0.000172567117260769, 0.0024512968957424164, -0.005134721752256155, 0.014276658184826374, -0.00760277546942234], [8.678252925164998e-05, -0.0003573092690203339, 0.00015191006241366267, -0.0006585019291378558, -0.0005229574744589627, 0.0013084510574117303, 0.00011356417962815613, 0.0008237565052695572, -0.002114989561960101, 0.0002273333229823038, 0.00