{"song_id": "1182282516367949854", "download": "https://cdn.discordapp.com/attachments/1135911532732108921/1182282516367949854/chirp.mp4?ex=65842165&amp", "lyrics": "[verse]\nSavage punches, ruthless strikes, the fury ignites\nTerminator bulls, with feral might they fight\nFlying jackals, cheating reapers in sight\nA chilling symphony of the frozen night\n\n[chorus]\n\u044b\u044b\u044b\u044b \u0430\u0430 \u044b\u044b \u0430\u0430\u0430\nKulaki udary zverskiye\nTerminatovskiye bychiye\nBychiye otmorozki, shakaly letayushchiye, chiterily", "style": ["extremely hardcore death metal"], "essentia_features": {"lowlevel.average_loudness": 0.8564662337303162, "lowlevel.barkbands_crest.mean": 17.475385665893555, "lowlevel.barkbands_crest.stdev": 4.616091251373291, "lowlevel.barkbands_flatness_db.mean": 0.2609040439128876, "lowlevel.barkbands_flatness_db.stdev": 0.05689786747097969, "lowlevel.barkbands_kurtosis.mean": 17.926090240478516, "lowlevel.barkbands_kurtosis.stdev": 18.709070205688477, "lowlevel.barkbands_skewness.mean": 3.2950661182403564, "lowlevel.barkbands_skewness.stdev": 1.586389183998108, "lowlevel.barkbands_spread.mean": 6.626561164855957, "lowlevel.barkbands_spread.stdev": 8.226937294006348, "lowlevel.dissonance.mean": 0.41388940811157227, "lowlevel.dissonance.stdev": 0.04227060452103615, "lowlevel.dynamic_complexity": 2.829266309738159, "lowlevel.erbbands_crest.mean": 12.691879272460938, "lowlevel.erbbands_crest.stdev": 4.414836883544922, "lowlevel.erbbands_flatness_db.mean": 0.2444644570350647, "lowlevel.erbbands_flatness_db.stdev": 0.051785197108983994, "lowlevel.erbbands_kurtosis.mean": 2.547485828399658, "lowlevel.erbbands_kurtosis.stdev": 3.667288303375244, "lowlevel.erbbands_skewness.mean": 1.3570661544799805, "lowlevel.erbbands_skewness.stdev": 0.7248451709747314, "lowlevel.erbbands_spread.mean": 27.06575584411621, "lowlevel.erbbands_spread.stdev": 23.531221389770508, "lowlevel.hfc.mean": 8.365074157714844, "lowlevel.hfc.stdev": 6.722583770751953, "lowlevel.loudness_ebu128.integrated": -18.574871063232422, "lowlevel.loudness_ebu128.loudness_range": 4.374171257019043, "lowlevel.loudness_ebu128.momentary.mean": -19.240318298339844, "lowlevel.loudness_ebu128.momentary.stdev": 2.4540493488311768, "lowlevel.loudness_ebu128.short_term.mean": -18.87685203552246, "lowlevel.loudness_ebu128.short_term.stdev": 1.449680209159851, "lowlevel.melbands_crest.mean": 18.210506439208984, "lowlevel.melbands_crest.stdev": 4.124650478363037, "lowlevel.melbands_flatness_db.mean": 0.3195212781429291, "lowlevel.melbands_flatness_db.stdev": 0.06324644386768341, "lowlevel.melbands_kurtosis.mean": 27.01616668701172, "lowlevel.melbands_kurtosis.stdev": 24.21104621887207, "lowlevel.melbands_skewness.mean": 3.7531120777130127, "lowlevel.melbands_skewness.stdev": 1.8096575736999512, "lowlevel.melbands_spread.mean": 6.248261451721191, "lowlevel.melbands_spread.stdev": 5.368117809295654, "lowlevel.pitch_salience.mean": 0.42553770542144775, "lowlevel.pitch_salience.stdev": 0.11339498311281204, "lowlevel.silence_rate_20dB.mean": 1.0, "lowlevel.silence_rate_20dB.stdev": 0.0, "lowlevel.silence_rate_30dB.mean": 0.9994206428527832, "lowlevel.silence_rate_30dB.stdev": 0.024063244462013245, "lowlevel.silence_rate_60dB.mean": 0.019698726013302803, "lowlevel.silence_rate_60dB.stdev": 0.13896244764328003, "lowlevel.spectral_centroid.mean": 465.4749755859375, "lowlevel.spectral_centroid.stdev": 247.78594970703125, "lowlevel.spectral_complexity.mean": 9.150057792663574, "lowlevel.spectral_complexity.stdev": 3.310164451599121, "lowlevel.spectral_decrease.mean": -5.714897444164535e-09, "lowlevel.spectral_decrease.stdev": 4.8091060023125465e-09, "lowlevel.spectral_energy.mean": 0.022328071296215057, "lowlevel.spectral_energy.stdev": 0.018708691000938416, "lowlevel.spectral_energyband_high.mean": 0.00010939533967757598, "lowlevel.spectral_energyband_high.stdev": 0.00025937752798199654, "lowlevel.spectral_energyband_low.mean": 0.000645847525447607, "lowlevel.spectral_energyband_low.stdev": 0.0012980138417333364, "lowlevel.spectral_energyband_middle_high.mean": 0.0010767345083877444, "lowlevel.spectral_energyband_middle_high.stdev": 0.0012886538170278072, "lowlevel.spectral_energyband_middle_low.mean": 0.020747371017932892, "lowlevel.spectral_energyband_middle_low.stdev": 0.01799429953098297, "lowlevel.spectral_entropy.mean": 6.4489827156066895, "lowlevel.spectral_entropy.stdev": 0.5955274701118469, "lowlevel.spectral_flux.mean": 0.046572405844926834, "lowlevel.spectral_flux.stdev": 0.03382224589586258, "lowlevel.spectral_kurtosis.mean": 13.381267547607422, "lowlevel.spectral_kurtosis.stdev": 11.798053741455078, "lowlevel.spectral_rms.mean": 0.004307186231017113, "lowlevel.spectral_rms.stdev": 0.0017976759700104594, "lowlevel.spectral_rolloff.mean": 546.9744873046875, "lowlevel.spectral_rolloff.stdev": 667.2028198242188, "lowlevel.spectral_skewness.mean": 2.662196397781372, "lowlevel.spectral_skewness.stdev": 1.0685145854949951, "lowlevel.spectral_spread.mean": 3419269.0, "lowlevel.spectral_spread.stdev": 1790700.5, "lowlevel.spectral_strongpeak.mean": 0.9976420998573303, "lowlevel.spectral_strongpeak.stdev": 0.7079846858978271, "lowlevel.zerocrossingrate.mean": 0.026898469775915146, "lowlevel.zerocrossingrate.stdev": 0.020762309432029724, "metadata.audio_properties.analysis.equal_loudness": 0.0, "metadata.audio_properties.analysis.length": 40.04265213012695, "metadata.audio_properties.analysis.sample_rate": 44100.0, "metadata.audio_properties.analysis.start_time": 0.0, "metadata.audio_properties.bit_rate": 113734.0, "metadata.audio_properties.length": 40.042667388916016, "metadata.audio_properties.lossless": 0.0, "metadata.audio_properties.number_channels": 1.0, "metadata.audio_properties.replay_gain": -9.725109100341797, "metadata.audio_properties.sample_rate": 48000.0, "rhythm.beats_count": 70.0, "rhythm.beats_loudness.mean": 0.03615274280309677, "rhythm.beats_loudness.stdev": 0.022099968045949936, "rhythm.bpm": 105.65876007080078, "rhythm.bpm_histogram_first_peak_bpm": 105.0, "rhythm.bpm_histogram_first_peak_weight": 0.5230768918991089, "rhythm.bpm_histogram_second_peak_bpm": 110.0, "rhythm.bpm_histogram_second_peak_spread": 0.0, "rhythm.bpm_histogram_second_peak_weight": 0.05797101557254791, "rhythm.danceability": 1.278120994567871, "rhythm.onset_rate": 3.3204824924468994, "tonal.chords_changes_rate": 0.04976851865649223, "tonal.chords_number_rate": 0.009259259328246117, "tonal.chords_strength.mean": 0.5000256299972534, "tonal.chords_strength.stdev": 0.09015247970819473, "tonal.hpcp_crest.mean": 19.89102554321289, "tonal.hpcp_crest.stdev": 8.561654090881348, "tonal.hpcp_entropy.mean": 1.2948561906814575, "tonal.hpcp_entropy.stdev": 0.6506772041320801, "tonal.key_edma.strength": 0.6848353743553162, "tonal.key_krumhansl.strength": 0.704877495765686, "tonal.key_temperley.strength": 0.7300386428833008, "tonal.tuning_diatonic_strength": 0.6062279939651489, "tonal.tuning_equal_tempered_deviation": 0.0017786695389077067, "tonal.tuning_frequency": 440.5086364746094, "tonal.tuning_nontempered_energy_ratio": 0.6007411479949951, "lowlevel.barkbands.mean": [2.3383756797557e-06, 7.205175643321127e-05, 0.0004300125874578953, 0.0008156264084391296, 0.014859343878924847, 0.0012787844752892852, 0.0011444400297477841, 0.0022120189387351274, 0.00021406036103144288, 0.0003730794705916196, 0.00021229514095466584, 0.00010758297139545903, 0.00013230793410912156, 0.000107144660432823, 0.00011659243318717927, 5.1401737437117845e-05, 4.325429836171679e-05, 2.5728320906637236e-05, 1.0776946510304697e-05, 1.907935438794084e-05, 2.5289909899584018e-05, 1.714029895083513e-05, 1.9678667740663514e-05, 2.927340756286867e-05, 7.074712812027428e-06, 1.6354717899957905e-06, 9.240086029649319e-08], "lowlevel.barkbands.stdev": [1.3800269698549528e-05, 0.00017235949053429067, 0.0009949896484613419, 0.0015472390223294497, 0.014823776669800282, 0.001592286629602313, 0.0026463486719876528, 0.004801486618816853, 0.000476038025226444, 0.0006728064618073404, 0.00045068198232911527, 0.00033809381420724094, 0.00028350084903649986, 0.00020243090693838894, 0.00023795572633389384, 0.0001360165188089013, 9.323594713350758e-05, 5.451760080177337e-05, 2.1062722225906327e-05, 4.6202469093259424e-05, 6.111702532507479e-05, 5.081872586742975e-05, 5.542465441976674e-05, 8.96446654223837e-05, 1.9555898688849993e-05, 4.8495694500161335e-06, 3.536210897436831e-07], "lowlevel.erbbands.mean": [0.0005541926366277039, 0.031427375972270966, 0.4463065266609192, 1.6318918466567993, 19.160215377807617, 60.268310546875, 37.553741455078125, 10.532761573791504, 12.902036666870117, 41.92997741699219, 29.423503875732422, 7.36865234375, 10.949718475341797, 7.120546817779541, 10.512561798095703, 4.993709087371826, 6.685905933380127, 6.031196117401123, 5.355223655700684, 4.601757049560547, 2.7581372261047363, 2.11780047416687, 1.672603726387024, 0.6683747172355652, 0.665569543838501, 0.8712419867515564, 1.143451452255249, 0.7836073637008667, 0.6555312275886536, 0.5110388398170471, 0.5563225150108337, 0.6838948726654053, 0.4201928675174713, 0.13112960755825043, 0.022741571068763733, 0.007765850517898798, 0.0029772899579256773, 0.0005134765524417162, 2.246780422865413e-05, 2.5481334887444973e-05], "lowlevel.erbbands.stdev": [0.0009490230586379766, 0.07487396895885468, 1.0265079736709595, 2.5595343112945557, 30.56700325012207, 68.02735900878906, 45.232147216796875, 13.068512916564941, 31.230907440185547, 101.82914733886719, 51.8919792175293, 11.506333351135254, 21.638813018798828, 12.319820404052734, 21.484296798706055, 12.75944995880127, 14.37037467956543, 10.938399314880371, 10.631059646606445, 9.156862258911133, 7.102242946624756, 4.409932613372803, 3.3111860752105713, 0.8841605186462402, 1.7460212707519531, 2.010674476623535, 2.575214385986328, 2.1081318855285645, 1.9067304134368896, 1.4478486776351929, 1.6069079637527466, 2.139303684234619, 1.2918500900268555, 0.3788600564002991, 0.05940356105566025, 0.0238275695592165, 0.009612989611923695, 0.0016647306038066745, 3.882630335283466e-05, 2.067841705866158e-05], "lowlevel.gfcc.mean": [-96.21468353271484, 134.99722290039062, -121.2538833618164, 3.42857027053833, -83.11951446533203, -10.28943920135498, -59.17744064331055, -24.568273544311523, -31.018157958984375, -20.149019241333008, -15.040550231933594, -19.084199905395508, -2.9899239540100098], "lowlevel.melbands.mean": [1.0624806236592121e-05, 0.00015634080045856535, 0.0007273374358192086, 0.0028423818293958902, 0.0018763206899166107, 0.00021670387650374323, 0.00019863955094479024, 0.0004880631749983877, 0.00019842690380755812, 3.525893043843098e-05, 5.342165968613699e-05, 2.7377263904782012e-05, 3.075481072301045e-05, 1.7088736058212817e-05, 1.5776091458974406e-05, 1.1275031283730641e-05, 1.1581285434658639e-05, 7.724547685938887e-06, 8.66356185724726e-06, 4.573644673655508e-06, 3.053294676647056e-06, 2.363492285439861e-06, 1.7766263908924884e-06, 1.2088373750884784e-06, 4.499613339703501e-07, 4.000893056854693e-07, 6.357855113492406e-07, 5.345915496945963e-07, 7.532189556513913e-07, 5.902639372834528e-07, 3.92567045537362e-07, 3.8676236613355286e-07, 3.081781301261799e-07, 2.787318749142287e-07, 2.9735534212704806e-07, 3.857730916934088e-07, 4.3829703599840286e-07, 3.3917862651833275e-07, 1.8444544025442156e-07, 8.129681106083808e-08], "lowlevel.melbands.stdev": [2.373916322540026e-05, 0.00035606007440946996, 0.0012163376668468118, 0.002965338062494993, 0.0022855978459119797, 0.00028536879108287394, 0.0004781479074154049, 0.0011920069810003042, 0.000355076597770676, 6.210563151398674e-05, 0.00010782304889289662, 5.165184484212659e-05, 6.601183849852532e-05, 3.1020772439660504e-05, 5.390982187236659e-05, 2.2940259441384114e-05, 2.2586295017390512e-05, 1.6418571249232627e-05, 1.8063999959849752e-05, 1.1290223483229056e-05, 8.882879228622187e-06, 5.190231149754254e-06, 4.047615675517591e-06, 2.437691136947251e-06, 5.887266638637811e-07, 1.0159212706639664e-06, 2.0314971607149346e-06, 1.2235689155204454e-06, 1.655707251302374e-06, 1.5712480490037706e-06, 1.1228212315472774e-06, 1.1110580544482218e-06, 1.0457009693709551e-06, 7.687976335546409e-07, 8.647593290334044e-07, 1.1878559007527656e-06, 1.4249957303036354e-06, 1.0688540896808263e-06, 5.75066792407597e-07, 2.3011580196907744e-07], "lowlevel.melbands128.mean": [9.84432404038671e-07, 1.0893985518123372e-06, 2.9071579774608836e-06, 4.962710590916686e-05, 0.0002106104075210169, 0.00019150121079292148, 0.00014677818398922682, 0.0005610139342024922, 0.0020408297423273325, 0.002630186965689063, 0.003718643682077527, 0.0035994485951960087, 0.0010058177867904305, 0.0003563099598977715, 0.0002475484798196703, 0.00011107908358098939, 0.0001362437615171075, 0.0002502691058907658, 0.00019589294970501214, 0.0005671510007232428, 0.0006342314882203937, 0.0002366507687838748, 0.00020884245168417692, 4.323339817347005e-05, 4.2683197534643114e-05, 1.9081229766015895e-05, 3.886506601702422e-05, 9.102939657168463e-05, 1.9268418327555992e-05, 4.529008947429247e-05, 2.0960280380677432e-05, 1.0468044820299838e-05, 2.8711747290799394e-05, 5.9069709095638245e-05, 1.4523277059197426e-05, 7.47944750401075e-06, 1.0826540346897673e-05, 1.4604217540181708e-05, 2.255326216982212e-05, 1.4878969523124397e-05, 6.923093224031618e-06, 7.841897058824543e-06, 1.2678337952820584e-05, 1.527890890429262e-05, 4.330985120759578e-06, 5.904544650547905e-06, 1.0576269232842606e-05, 1.3598331861430779e-05, 3.704889650180121e-06, 6.370370101649314e-06, 4.7375165195262525e-06, 3.0229748517740518e-06, 2.7392131869419245e-06, 2.900314484577393e-06, 4.119050572626293e-06, 1.753399828885449e-06, 1.5014924201750546e-06, 2.137576530003571e-06, 1.7328636658930918e-06, 1.4770907910133246e-06, 1.5487830751226284e-06, 6.31570003406523e-07, 4.5583448127217707e-07, 4.4166858970129397e-07, 3.1777531717125385e-07, 4.7133877956184733e-07, 3.4125218917324673e-07, 5.137291623213969e-07, 8.546013532395591e-07, 5.930342013016343e-07, 4.388698471302632e-07, 5.967767719994299e-07, 5.311067639013345e-07, 1.0363746696384624e-06, 6.42216093638126e-07, 5.451551601254323e-07, 6.494705644399801e-07, 4.36378201129628e-07, 3.436401243561704e-07, 3.0735910172552394e-07, 4.702330897998763e-07, 3.889986146532465e-07, 2.980864621804358e-07, 3.4553426075945026e-07, 2.555575804308319e-07, 2.5830848926489125e-07, 2.7487354259392305e-07, 3.3654222875156847e-07, 2.815181687765289e-07, 2.836821124674316e-07, 3.623378006523126e-07, 4.0934941125669866e-07, 4.177761070423003e-07, 4.665043320528639e-07, 4.119923175949225e-07, 4.5484645738724794e-07, 3.1229549790623423e-07, 2.058421557649126e-07, 2.0139179923717165e-07, 1.7034641075497348e-07, 1.0719654852664462e-07, 6.951584197167904e-08, 4.3672745420053616e-08, 2.7191644491608713e-08, 1.611111954957778e-08, 1.619345191272714e-08, 1.9114732907610232e-08, 1.6642372813180373e-08, 1.1512630848642402e-08, 1.0127264360448862e-08, 1.0030069219624238e-08, 1.079634603939894e-08, 9.70298774660705e-09, 8.996455136411896e-09, 6.607436819905388e-09, 5.856157336836532e-09, 3.689905714310271e-09, 5.125845858877653e-10, 3.0930687698604853e-12, 3.001526110990582e-12, 2.922326443333123e-12, 2.862786830509778e-12, 2.8131466340425293e-12, 2.761794048664057e-12, 2.6805775481253402e-12, 2.5564069090766584e-12, 2.4873000794428668e-12, 2.4670311366686848e-12], "lowlevel.melbands128.stdev": [4.500552677200176e-06, 2.3111515474738553e-06, 6.169171683723107e-06, 0.00012251475709490478, 0.0005423552356660366, 0.00041806045919656754, 0.0003917752474080771, 0.001077922061085701, 0.004101277329027653, 0.0037815109826624393, 0.004777677822858095, 0.005060868337750435, 0.001374335028231144, 0.000616328208707273, 0.0004193280474282801, 0.00023463786055799574, 0.00040589619311504066, 0.0008132853545248508, 0.0005342926597222686, 0.001578376512043178, 0.001848749816417694, 0.0004846620140597224, 0.0004966908600181341, 0.00015107585932128131, 0.00010715883399825543, 5.7014880439965054e-05, 7.440005720127374e-05, 0.0002090674825012684, 4.135306517127901e-05, 9.816549572860822e-05, 4.596357757691294e-05, 3.398537955945358e-05, 9.049965592566878e-05, 0.0001371884427499026, 3.933824336854741e-05, 1.7039241356542334e-05, 3.6512690712697804e-05, 0.00010694383672671393, 6.29238347755745e-05, 3.879503856296651e-05, 2.4909079002100043e-05, 3.0737668566871434e-05, 2.9352057026699185e-05, 3.6718549381475896e-05, 2.064274303847924e-05, 2.436303475406021e-05, 2.748578663158696e-05, 3.7573539884760976e-05, 9.749456694407854e-06, 1.8217360775452107e-05, 1.6901334674912505e-05, 9.586732630850747e-06, 1.4283356904343236e-05, 1.256013274542056e-05, 9.902841156872455e-06, 6.2114736465446185e-06, 4.051083578815451e-06, 5.4503789215232246e-06, 6.822350769652985e-06, 3.38351355821942e-06, 3.720782615346252e-06, 2.1653045223501977e-06, 6.618822112613998e-07, 6.670622383353475e-07, 5.862108878318395e-07, 1.2531693300843472e-06, 1.287581653741654e-06, 1.601147914698231e-06, 3.5367215787118766e-06, 1.7800181240090751e-06, 1.1459142115199938e-06, 1.6595578244960052e-06, 1.2030058087475481e-06, 2.448470695526339e-06, 1.7996591168412124e-06, 1.56608962242899e-06, 2.070072696369607e-06, 1.281347749682027e-06, 1.1810147952928673e-06, 9.296679763792781e-07, 1.3874757769372081e-06, 1.360113856208045e-06, 1.0557797622823273e-06, 1.237229867001588e-06, 1.0077125125462771e-06, 8.04107060048409e-07, 7.829714263607457e-07, 9.877267075353302e-07, 8.529997899131558e-07, 9.333748494100291e-07, 1.21313701129111e-06, 1.280878450415912e-06, 1.421038291482546e-06, 1.7238796772289788e-06, 1.3487742762663402e-06, 1.5551273691016831e-06, 1.1114825611002743e-06, 6.850323188700713e-07, 6.60025193610636e-07, 5.601267503152485e-07, 3.3940139587684826e-07, 2.0994202998281253e-07, 1.3246496166630095e-07, 8.479282342932493e-08, 5.119757062743702e-08, 6.057678803017552e-08, 6.253140583112327e-08, 5.4812250738223156e-08, 4.471437620168217e-08, 3.5714631252403706e-08, 3.685504879058499e-08, 4.0177553728426574e-08, 3.7910826478082527e-08, 3.110813651119315e-08, 2.1560250473839915e-08, 2.0291674118766423e-08, 1.3993374459175811e-08, 2.500404328031891e-09, 4.67448258920089e-12, 4.550193121594104e-12, 4.439399368949548e-12, 4.3443026953582375e-12, 4.257484989556026e-12, 4.184881607915969e-12, 4.1248610430089094e-12, 4.074171989359998e-12, 4.038743298129255e-12, 4.016913104226694e-12], "lowlevel.mfcc.mean": [-737.4707641601562, 162.76385498046875, 6.616071701049805, 1.7426817417144775, -8.3694486618042, -7.513268947601318, -19.57697296142578, -19.744314193725586, -20.476594924926758, -10.771773338317871, -23.234325408935547, -10.619447708129883, -18.200227737426758], "lowlevel.spectral_contrast_coeffs.mean": [-0.4736497402191162, -0.6707680821418762, -0.7222203016281128, -0.7720385789871216, -0.8095439076423645, -0.7855561971664429], "lowlevel.spectral_contrast_coeffs.stdev": [0.0972772017121315, 0.06551521271467209, 0.05025076866149902, 0.04331532120704651, 0.03399210050702095, 0.03458736836910248], "lowlevel.spectral_contrast_valleys.mean": [-8.064827919006348, -7.418142318725586, -8.388718605041504, -8.689020156860352, -8.947112083435059, -11.66638469696045], "lowlevel.spectral_contrast_valleys.stdev": [0.8814042210578918, 0.6312137246131897, 0.6508190631866455, 0.6239720582962036, 0.6888691782951355, 1.0600849390029907], "rhythm.beats_loudness_band_ratio.mean": [0.18676918745040894, 0.6772141456604004, 0.1719588339328766, 0.04453166946768761, 0.015106875449419022, 0.006159318145364523], "rhythm.beats_loudness_band_ratio.stdev": [0.201165109872818, 0.15914037823677063, 0.15480783581733704, 0.04458148777484894, 0.01373288780450821, 0.013607713393867016], "tonal.hpcp.mean": [0.2982499301433563, 0.14720086753368378, 0.03337326645851135, 0.023960061371326447, 0.03205084055662155, 0.08243158459663391, 0.14644594490528107, 0.13330207765102386, 0.29637855291366577, 0.4392314553260803, 0.20901615917682648, 0.019387267529964447, 0.0043904539197683334, 0.0034162348601967096, 0.0734693631529808, 0.1385040581226349, 0.07173112034797668, 0.009121330454945564, 0.01082621980458498, 0.011289524845778942, 0.04826580733060837, 0.0930895283818245, 0.05229879915714264, 0.028060412034392357, 0.042763352394104004, 0.019052667543292046, 0.006397558376193047, 0.010796318762004375, 0.019607460126280785, 0.1621672660112381, 0.22963885962963104, 0.0880223736166954, 0.012848393060266972, 0.013212684541940689, 0.029075970873236656, 0.1945820152759552], "tonal.hpcp.stdev": [0.37602344155311584, 0.22752366960048676, 0.138299822807312, 0.1155136376619339, 0.15050853788852692, 0.21504175662994385, 0.31695860624313354, 0.2789512574672699, 0.2987767457962036, 0.39901795983314514, 0.25056740641593933, 0.09241492301225662, 0.038408312946558, 0.021253446117043495, 0.1416710913181305, 0.2572864890098572, 0.1448076069355011, 0.06239417940378189, 0.08307498693466187, 0.07483504712581635, 0.11377406120300293, 0.21987071633338928, 0.12116557359695435, 0.06658650934696198, 0.11892954260110855, 0.06591909378767014, 0.04583226516842842, 0.055453747510910034, 0.09569746255874634, 0.2763441503047943, 0.36104241013526917, 0.16237042844295502, 0.08467444777488708, 0.08029349893331528, 0.1311870962381363, 0.27633821964263916], "rhythm.beats_position": [0.5224489569664001, 1.0681178569793701, 1.6137868165969849, 2.1710658073425293, 2.739954710006714, 3.2972335815429688, 3.842902421951294, 4.4117913246154785, 4.9690704345703125, 5.526349067687988, 6.106847763061523, 6.687346935272217, 7.267845630645752, 7.848344326019287, 8.44045352935791, 9.020952224731445, 9.58984088897705, 10.170339584350586, 10.727619171142578, 11.284897804260254, 11.84217643737793, 12.422675132751465, 13.003174781799316, 13.583673477172852, 14.140952110290527, 14.709840774536133, 15.290339469909668, 15.87083911895752, 16.439727783203125, 17.008617401123047, 17.577505111694336, 18.146394729614258, 18.715282440185547, 19.28417205810547, 19.85306167602539, 20.42194938659668, 20.9908390045166, 21.55972671508789, 22.128616333007812, 22.697505950927734, 23.266393661499023, 23.846893310546875, 24.427391052246094, 24.996280670166016, 25.565170288085938, 26.134057998657227, 26.70294761657715, 27.26022720336914, 27.8175048828125, 28.39800453186035, 28.97850227355957, 29.559001922607422, 30.127891540527344, 30.685169219970703, 31.254058837890625, 31.822946548461914, 32.3918342590332, 32.94911575317383, 33.51800537109375, 34.086891174316406, 34.64417266845703, 35.21306228637695, 35.78194808959961, 36.339229583740234, 36.91972732543945, 37.465396881103516, 38.03428649902344, 38.5915641784668, 39.148841857910156, 39.71773147583008], "rhythm.bpm_histogram": [0.0, 0.0, 0.0, 0.0, 0.0, 0.0, 0.0, 0.0, 0.0, 0.0, 0.0, 0.0, 0.0, 0.0, 0.0, 0.0, 0.0, 0.0, 0.0, 0.0, 0.0, 0.0, 0.0, 0.0, 0.0, 0.0, 0.0, 0.0, 0.0, 0.0, 0.0, 0.0, 0.0, 0.0, 0.0, 0.0, 0.0, 0.0, 0.0, 0.0, 0.0, 0.0, 0.0, 0.0, 0.0, 0.0, 0.0, 0.0, 0.0, 0.0, 0.0, 0.0, 0.0, 0.0, 0.0, 0.0, 0.0, 0.0, 0.0, 0.0, 0.0, 0.0, 0.0, 0.0, 0.0, 0.0, 0.0, 0.0, 0.0, 0.0, 0.0, 0.0, 0.0, 0.0, 0.0, 0.0, 0.0, 0.0, 0.0, 0.0, 0.0, 0.0, 0.0, 0.0, 0.0, 0.0, 0.0, 0.0, 0.0, 0.0, 0.0, 0.0, 0.0, 0.0, 0.0, 0.0, 0.0, 0.0, 0.0, 0.0, 0.0, 0.014492753893136978, 0.0, 0.24637681245803833, 0.0, 0.4492753744125366, 0.0, 0.0, 0.23188406229019165, 0.0, 0.05797101557254791, 0.0, 0.0, 0.0, 0.0, 0.0, 0.0, 0.0, 0.0, 0.0, 0.0, 0.0, 0.0, 0.0, 0.0, 0.0, 0.0, 0.0, 0.0, 0.0, 0.0, 0.0, 0.0, 0.0, 0.0, 0.0, 0.0, 0.0, 0.0, 0.0, 0.0, 0.0, 0.0, 0.0, 0.0, 0.0, 0.0, 0.0, 0.0, 0.0, 0.0, 0.0, 0.0, 0.0, 0.0, 0.0, 0.0, 0.0, 0.0, 0.0, 0.0, 0.0, 0.0, 0.0, 0.0, 0.0, 0.0, 0.0, 0.0, 0.0, 0.0, 0.0, 0.0, 0.0, 0.0, 0.0, 0.0, 0.0, 0.0, 0.0, 0.0, 0.0, 0.0, 0.0, 0.0, 0.0, 0.0, 0.0, 0.0, 0.0, 0.0, 0.0, 0.0, 0.0, 0.0, 0.0, 0.0, 0.0, 0.0, 0.0, 0.0, 0.0, 0.0, 0.0, 0.0, 0.0, 0.0, 0.0, 0.0, 0.0, 0.0, 0.0, 0.0, 0.0, 0.0, 0.0, 0.0, 0.0, 0.0, 0.0, 0.0, 0.0, 0.0, 0.0, 0.0, 0.0, 0.0, 0.0, 0.0, 0.0, 0.0, 0.0, 0.0, 0.0, 0.0, 0.0, 0.0, 0.0, 0.0, 0.0, 0.0, 0.0, 0.0, 0.0, 0.0, 0.0, 0.0, 0.0, 0.0, 0.0], "tonal.chords_histogram": [12.037036895751953, 0.0, 22.337963104248047, 1.0416666269302368, 0.0, 0.0, 0.0, 0.0, 0.5787037014961243, 0.0, 0.0, 0.0, 0.0, 0.0, 0.0, 0.0, 0.0, 6.712963104248047, 0.0, 4.166666507720947, 0.0, 2.6620371341705322, 23.842592239379883, 26.620370864868164], "tonal.thpcp": [1.0, 0.4758679270744324, 0.0441390685737133, 0.009995764121413231, 0.007777755614370108, 0.16726799309253693, 0.3153327405452728, 0.16331052780151367, 0.020766569301486015, 0.024648098275065422, 0.025702906772494316, 0.10988695174455643, 0.2119372934103012, 0.11906888335943222, 0.06388524919748306, 0.09735949337482452, 0.043377283960580826, 0.014565346762537956, 0.02458002232015133, 0.04464038088917732, 0.36920684576034546, 0.5228196978569031, 0.20040088891983032, 0.029251987114548683, 0.03008137084543705, 0.06619738042354584, 0.44300565123558044, 0.6790267825126648, 0.33513280749320984, 0.07598105072975159, 0.054549966007471085, 0.07297027856111526, 0.18767231702804565, 0.33341407775878906, 0.3034893572330475, 0.6747662425041199], "lowlevel.gfcc.cov": [[3120.94482421875, -1147.7060546875, 82.69743347167969, 283.58221435546875, -288.1072082519531, 176.75814819335938, -176.89743041992188, 75.2327651977539, -105.88809204101562, 67.70425415039062, -164.36544799804688, 79.15645599365234, -167.4219970703125], [-1147.7060546875, 1784.4468994140625, -273.82598876953125, -336.3913269042969, 507.39556884765625, -213.6809844970703, 229.6016845703125, -100.85816192626953, 272.9210205078125, -234.41018676757812, 225.7184295654297, -207.87954711914062, 118.17708587646484], [82.69743347167969, -273.82598876953125, 526.4976196289062, 165.30088806152344, -24.18039894104004, 178.91184997558594, 29.977224349975586, 58.17747116088867, -78.01532745361328, 131.42776489257812, -32.50057601928711, 73.1800308227539, -54.83452606201172], [283.58221435546875, -336.3913269042969, 165.30088806152344, 397.40771484375, -35.98763656616211, 130.89915466308594, 16.511062622070312, 16.222749710083008, -20.500410079956055, 65.8273696899414, -30.19512939453125, 42.31388854980469, -1.640802025794983], [-288.1072082519531, 507.39556884765625, -24.18039894104004, -35.98763656616211, 305.9268493652344, -53.12702178955078, 63.2130241394043, 7.45631742477417, 69.59992218017578, -44.096290588378906, 28.73835563659668, -34.58191680908203, 2.146364688873291], [176.75814819335938, -213.6809844970703, 178.91184997558594, 130.89915466308594, -53.12702178955078, 230.79922485351562, 51.572784423828125, 14.62887191772461, -49.12548828125, 69.79166412353516, -9.74606704711914, 18.250471115112305, -24.17658233642578], [-176.89743041992188, 229.6016845703125, 29.977224349975586, 16.511062622070312, 63.2130241394043, 51.572784423828125, 146.79428100585938, 9.986237525939941, 30.638113021850586, 2.519031286239624, 23.324295043945312, -23.54327964782715, 14.265616416931152], [75.2327651977539, -100.85816192626953, 58.17747116088867, 16.222749710083008, 7.45631742477417, 14.62887191772461, 9.986237525939941, 123.20238494873047, 9.705718994140625, 48.68965148925781, -28.01437759399414, 24.350234985351562, -31.70882225036621], [-105.88809204101562, 272.9210205078125, -78.01532745361328, -20.500410079956055, 69.59992218017578, -49.12548828125, 30.638113021850586, 9.705718994140625, 146.8482208251953, -25.105140686035156, 25.82390594482422, -24.692834854125977, 17.04092025756836], [67.70425415039062, -234.41018676757812, 131.42776489257812, 65.8273696899414, -44.096290588378906, 69.79166412353516, 2.519031286239624, 48.68965148925781, -25.105140686035156, 154.11636352539062, -22.48232650756836, 34.87079620361328, -37.880348205566406], [-164.36544799804688, 225.7184295654297, -32.50057601928711, -30.19512939453125, 28.73835563659668, -9.74606704711914, 23.324295043945312, -28.01437759399414, 25.82390594482422, -22.48232650756836, 116.43115997314453, -19.982389450073242, 22.86587905883789], [79.15645599365234, -207.87954711914062, 73.1800308227539, 42.31388854980469, -34.58191680908203, 18.250471115112305, -23.54327964782715, 24.350234985351562, -24.692834854125977, 34.87079620361328, -19.982389450073242, 115.34882354736328, 9.660630226135254], [-167.4219970703125, 118.17708587646484, -54.83452606201172, -1.640802025794983, 2.146364688873291, -24.17658233642578, 14.265616416931152, -31.70882225036621, 17.04092025756836, -37.880348205566406, 22.86587905883789, 9.660630226135254, 100.65106964111328]], "lowlevel.gfcc.icov": [[0.00048463899292983115, 0.00033578299917280674, 0.00011655282287392765, -0.00012283232354093343, -5.1962866564281285e-05, -0.00027868631877936423, 0.00018140948668587953, -5.2012215746799484e-05, -0.00031534562003798783, 0.0004539320070762187, 3.157042010570876e-05, 7.273631490534171e-05, 0.0005755323800258338], [0.00033578299917280674, 0.006683577783405781, -0.001274823909625411, 0.0032226426992565393, -0.00651215948164463, 0.0016160353552550077, -0.005033024121075869, 0.002219197805970907, -0.005180938169360161, 0.00292413798160851, -0.005496931727975607, 0.005064338445663452, -0.0032509055454283953], [0.00011655282287392765, -0.001274823909625411, 0.0036819600500166416, -0.001226050197146833, 0.0007831156253814697, -0.0020082846749573946, 0.0008423572289757431, -0.0008613495738245547, 0.001983292866498232, -0.0017657235730439425, 0.0010749833891168237, -0.002360883168876171, 0.0017688404768705368], [-0.00012283232354093343, 0.0032226426992565393, -0.001226050197146833, 0.005105594173073769, -0.0033461395651102066, -0.0006263717659749091, -0.002382321050390601, 0.0014158805133774877, -0.0030589941889047623, 0.0007771400851197541, -0.002116113668307662, 0.0020840202923864126, -0.002777119167149067], [-5.1962866564281285e-05, -0.00651215948164463, 0.0007831156253814697, -0.0033461395651102066, 0.010892576538026333, -0.00044160085963085294, 0.0032407203689217567, -0.002564972499385476, 0.00374075910076499, -0.0015627087559551, 0.005121403839439154, -0.004638319835066795, 0.004386267624795437], [-0.00027868631877936423, 0.0016160353552550077, -0.0020082846749573946, -0.0006263717659749091, -0.00044160085963085294, 0.00884280912578106, -0.004819754511117935, 0.0012388043105602264, 0.00030260137282311916, -0.0005774165038019419, -0.001966017298400402, 0.0017503151902928948, -0.0002483520656824112], [0.00018140948668587953, -0.005033024121075869, 0.0008423572289757431, -0.002382321050390601, 0.0032407203689217567, -0.004819754511117935, 0.014139647595584393, -0.0031155068427324295, 0.00234710774384439, -0.0021031706128269434, 0.003471776144579053, -0.0018900545546784997, 0.0006226344266906381], [-5.2012215746799484e-05, 0.002219197805970907, -0.0008613495738245547, 0.0014158805133774877, -0.002564972499385476, 0.0012388043105602264, -0.0031155068427324295, 0.01177985966205597, -0.003424630966037512, -0.0015570521354675293, 6.635054887738079e-05, -0.00039220057078637183, 0.0013829921372234821], [-0.00031534562003798783, -0.005180938169360161, 0.001983292866498232, -0.0030589941889047623, 0.00374075910076499, 0.00030260137282311916, 0.00234710774384439, -0.003424630966037512, 0.013271181844174862, -0.0024818775709718466, 0.002907653572037816, -0.0030217086896300316, 0.0016190288588404655], [0.0004539320070762187, 0.00292413798160851, -0.0017657235730439425, 0.0007771400851197541, -0.0015627087559551, -0.0005774165038019419, -0.0021031706128269434, -0.0015570521354675293, -0.0024818775709718466, 0.01167367585003376, -0.0022628915030509233, 0.0007519894279539585, 0.001330181839875877], [3.157042010570876e-05, -0.005496931727975607, 0.0010749833891168237, -0.002116113668307662, 0.005121403839439154, -0.001966017298400402, 0.003471776144579053, 6.635054887738079e-05, 0.002907653572037816, -0.0022628915030509233, 0.014928475022315979, -0.003534893039613962, 0.0016090472927317023], [7.273631490534171e-05, 0.005064338445663452, -0.002360883168876171, 0.0020840202923864126, -0.004638319835066795, 0.0017503151902928948, -0.0018900545546784997, -0.00039220057078637183, -0.0030217086896300316, 0.0007519894279539585, -0.003534893039613962, 0.015550922602415085, -0.006308683659881353], [0.0005755323800258338, -0.0032509055454283953, 0.0017688404768705368, -0.002777119167149067, 0.004386267624795437, -0.0002483520656824112, 0.0006226344266906381, 0.0013829921372234821, 0.0016190288588404655, 0.001330181839875877, 0.0016090472927317023, -0.006308683659881353, 0.016288746148347855]], "lowlevel.mfcc.cov": [[3212.360595703125, -1247.8724365234375, 183.53672790527344, -41.32628631591797, -16.880197525024414, 23.960180282592773, -72.59476470947266, 8.590145111083984, 13.285090446472168, -24.48838233947754, -70.58474731445312, 96.47333526611328, -68.20539855957031], [-1247.8724365234375, 1898.171142578125, -546.1749267578125, -20.60264015197754, 146.7316436767578, -82.4552993774414, 11.634028434753418, 101.31243133544922, -8.136255264282227, 79.1414566040039, 65.41563415527344, 23.64057159423828, 41.70398712158203], [183.53672790527344, -546.1749267578125, 590.890380859375, 32.75457000732422, -10.499155044555664, 152.307373046875, 118.84566497802734, -13.259265899658203, 39.23045349121094, 1.1929982900619507, 37.3111457824707, 33.445308685302734, 37.805423736572266], [-41.32628631591797, -20.60264015197754, 32.75457000732422, 245.51873779296875, 71.3225326538086, 62.758262634277344, 9.626263618469238, 37.04798889160156, 50.87255096435547, 14.92387866973877, 32.05873107910156, 11.036466598510742, 20.99894905090332], [-16.880197525024414, 146.7316436767578, -10.499155044555664, 71.3225326538086, 166.7169952392578, 17.695337295532227, 7.850693702697754, 35.61079788208008, 18.521394729614258, 7.768056869506836, 26.690013885498047, 33.615440368652344, 22.169965744018555], [23.960180282592773, -82.4552993774414, 152.307373046875, 62.758262634277344, 17.695337295532227, 216.86996459960938, 80.90474700927734, 25.84087371826172, 30.84868812561035, 24.719879150390625, 36.212711334228516, -3.550685405731201, 20.331954956054688], [-72.59476470947266, 11.634028434753418, 118.84566497802734, 9.626263618469238, 7.850693702697754, 80.90474700927734, 178.48153686523438, 14.719377517700195, 2.6959099769592285, 29.09691619873047, 34.80332946777344, 5.58277702331543, 19.834218978881836], [8.590145111083984, 101.31243133544922, -13.259265899658203, 37.04798889160156, 35.61079788208008, 25.84087371826172, 14.719377517700195, 115.28218841552734, 33.824886322021484, 7.95472526550293, 1.3225288391113281, 14.769413948059082, 28.757675170898438], [13.285090446472168, -8.136255264282227, 39.23045349121094, 50.87255096435547, 18.521394729614258, 30.84868812561035, 2.6959099769592285, 33.824886322021484, 111.96527862548828, 27.765138626098633, 20.67428970336914, 7.627536773681641, 10.425145149230957], [-24.48838233947754, 79.1414566040039, 1.1929982900619507, 14.92387866973877, 7.768056869506836, 24.719879150390625, 29.09691619873047, 7.95472526550293, 27.765138626098633, 107.15955352783203, 41.949180603027344, 1.8696389198303223, 10.492077827453613], [-70.58474731445312, 65.41563415527344, 37.3111457824707, 32.05873107910156, 26.690013885498047, 36.212711334228516, 34.80332946777344, 1.3225288391113281, 20.67428970336914, 41.949180603027344, 118.8323974609375, 32.81778335571289, 8.439278602600098], [96.47333526611328, 23.64057159423828, 33.445308685302734, 11.036466598510742, 33.615440368652344, -3.550685405731201, 5.58277702331543, 14.769413948059082, 7.627536773681641, 1.8696389198303223, 32.81778335571289, 93.93537902832031, 21.35051155090332], [-68.20539855957031, 41.70398712158203, 37.805423736572266, 20.99894905090332, 22.169965744018555, 20.331954956054688, 19.834218978881836, 28.757675170898438, 10.425145149230957, 10.492077827453613, 8.439278602600098, 21.35051155090332, 92.76664733886719]], "lowlevel.mfcc.icov": [[0.0005159104475751519, 0.00045256345765665174, 0.0002591214724816382, 0.00024094199761748314, -0.0002678337914403528, -0.0001731779339024797, 8.84941327967681e-05, -0.00035298228613100946, 1.2702211279247422e-05, -0.00034520283224992454, 0.0003199984203092754, -0.000823036243673414, 0.000406118604587391], [0.00045256345765665174, 0.0013171815080568194, 0.0011883648112416267, 0.0005347022088244557, -0.0008626815979368985, -0.00014553578512277454, -0.00039004802238196135, -0.0007336384151130915, 4.1705392504809424e-05, -0.0006177758914418519, -0.00019054856966249645, -0.000751256535295397, -6.042923632776365e-05], [0.0002591214724816382, 0.0011883648112416267, 0.0036103620659559965, 0.0004701971774920821, -0.0003236734482925385, -0.0014890242600813508, -0.001592360669746995, 0.00050230702618137, -0.0009138087625615299, 0.000284287758404389, -0.0002443264820612967, -0.0014718815218657255, -0.000901521707419306], [0.00024094199761748314, 0.0005347022088244557, 0.0004701971774920821, 0.005620538257062435, -0.002216254360973835, -0.0012621029745787382, 0.00038516553468070924, -0.000771493127103895, -0.0016100492794066668, 2.8130687496741302e-05, -0.0007735199178569019, 0.00011210508819203824, -0.00034172378946095705], [-0.0002678337914403528, -0.0008626815979368985, -0.0003236734482925385, -0.002216254360973835, 0.008299148641526699, -8.854334737407044e-06, 0.00012173724826425314, -0.0008328668191097677, 9.308681183028966e-05, 0.0006158071337267756, -0.0006079805316403508, -0.0016569712897762656, -0.0005682357004843652], [-0.0001731779339024797, -0.00014553578512277454, -0.0014890242600813508, -0.0012621029745787382, -8.854334737407044e-06, 0.007156485691666603, -0.0019106470281258225, -0.0010346058988943696, -0.0003313261258881539, -0.00024574744747951627, -0.0011986620957031846, 0.0019577289931476116, -0.00028303658473305404], [8.84941327967681e-05, -0.00039004802238196135, -0.001592360669746995, 0.00038516553468070924, 0.00012173724826425314, -0.0019106470281258225, 0.008051813580095768, -0.0009148865938186646, 0.0014556919923052192, -0.0013888371177017689, -0.0009820939740166068, 0.00038848284748382866, -0.0002526679600123316], [-0.00035298228613100946, -0.0007336384151130915, 0.00050230702618137, -0.000771493127103895, -0.0008328668191097677, -0.0010346058988943696, -0.0009148865938186646, 0.011892317794263363, -0.0031455587595701218, 0.0006971577531658113, 0.0015965215861797333, -0.0007973612518981099, -0.002712066750973463], [1.2702211279247422e-05, 4.1705392504809424e-05, -0.0009138087625615299, -0.0016100492794066668, 9.308681183028966e-05, -0.0003313261258881539, 0.0014556919923052192, -0.0031455587595701218, 0.011728494428098202, -0.002671722322702408, -0.0007680402486585081, 0.00011574307427508757, 0.0004690669011324644], [-0.00034520283224992454, -0.0006177758914418519, 0.000284287758404389, 2.8130687496741302e-05, 0.0006158071337267756, -0.00024574744747951627, -0.0013888371177017689, 0.0006971577531658113, -0.002671722322702408, 0.012361354194581509, -0.00392661988735199, 0.0017780098132789135, -0.0012606269447132945], [0.0003199984203092754, -0.00019054856966249645, -0.0002443264820612967, -0.0007735199178569019, -0.0006079805316403508, -0.0011986620957031846, -0.0009820939740166068, 0.0015965215861797333, -0.0007680402486585081, -0.00392661988735199, 0.012476331554353237, -0.004608496092259884, 0.0011747427051886916], [-0.000823036243673414, -0.000751256535295397, -0.0014718815218657255, 0.00011210508819203824, -0.0016569712897762656, 0.0019577289931476116, 0.00038848284748382866, -0.0007973612518981099, 0.00011574307427508757, 0.0017780098132789135, -0.004608496092259884, 0.01517285406589508, -0.0028488258831202984], [0.000406118604587391, -6.042923632776365e-05, -0.000901521707419306, -0.00034172378946095705, -0.0005682357004843652, -0.00028303658473305404, -0.0002526679600123316, -0.002712066750973463, 0.0004690669011324644, -0.0012606269447132945, 0.0011747427051886916, -0.0028488258831202984, 0.013281507417559624]], "metadata.audio_properties.analysis.downmix": "mix", "metadata.audio_properties.codec": "mp3", "metadata.audio_properties.md5_encoded": "3aa4b49a735be1ef2070d4bcde8f13bd", "metadata.tags.file_name": "1182282516367949854.mp3", "metadata.version.essentia": "2.1-beta6-dev", "metadata.version.essentia_git_sha"