{"song_id": "1182269636855746642", "download": "https://cdn.discordapp.com/attachments/1128313332273782784/1182269636855746642/chirp.mp4?ex=65841566&amp", "lyrics": "[Verse]\nFar from home, I roam these foreign lands\nChasing dreams, with strength, I take a stand\nMissing family, their love, their touch\nBut I gotta grind, I gotta hustle, I must\n\n[Chorus]\nLiving abroad, it's a bittersweet melody\nMissing my fam, always in my memory", "style": ["\u0440\u043e\u0440"], "essentia_features": {"lowlevel.average_loudness": 0.7991209626197815, "lowlevel.barkbands_crest.mean": 16.518451690673828, "lowlevel.barkbands_crest.stdev": 6.601069927215576, "lowlevel.barkbands_flatness_db.mean": 0.2938765287399292, "lowlevel.barkbands_flatness_db.stdev": 0.12128157168626785, "lowlevel.barkbands_kurtosis.mean": 85.9312515258789, "lowlevel.barkbands_kurtosis.stdev": 252.2026824951172, "lowlevel.barkbands_skewness.mean": 5.0684356689453125, "lowlevel.barkbands_skewness.stdev": 6.0442705154418945, "lowlevel.barkbands_spread.mean": 15.81849193572998, "lowlevel.barkbands_spread.stdev": 21.986452102661133, "lowlevel.dissonance.mean": 0.4217509627342224, "lowlevel.dissonance.stdev": 0.05938199535012245, "lowlevel.dynamic_complexity": 3.930440664291382, "lowlevel.erbbands_crest.mean": 12.26452922821045, "lowlevel.erbbands_crest.stdev": 5.269368648529053, "lowlevel.erbbands_flatness_db.mean": 0.19808225333690643, "lowlevel.erbbands_flatness_db.stdev": 0.057113803923130035, "lowlevel.erbbands_kurtosis.mean": 3.524379253387451, "lowlevel.erbbands_kurtosis.stdev": 8.49963092803955, "lowlevel.erbbands_skewness.mean": 0.40857917070388794, "lowlevel.erbbands_skewness.stdev": 1.6864476203918457, "lowlevel.erbbands_spread.mean": 53.23722839355469, "lowlevel.erbbands_spread.stdev": 44.914180755615234, "lowlevel.hfc.mean": 24.598276138305664, "lowlevel.hfc.stdev": 29.993635177612305, "lowlevel.loudness_ebu128.integrated": -14.431385040283203, "lowlevel.loudness_ebu128.loudness_range": 7.550337791442871, "lowlevel.loudness_ebu128.momentary.mean": -16.167932510375977, "lowlevel.loudness_ebu128.momentary.stdev": 4.039094924926758, "lowlevel.loudness_ebu128.short_term.mean": -15.010746955871582, "lowlevel.loudness_ebu128.short_term.stdev": 2.72177791595459, "lowlevel.melbands_crest.mean": 24.0253849029541, "lowlevel.melbands_crest.stdev": 10.25129222869873, "lowlevel.melbands_flatness_db.mean": 0.3532539904117584, "lowlevel.melbands_flatness_db.stdev": 0.1586797535419464, "lowlevel.melbands_kurtosis.mean": 266.3374328613281, "lowlevel.melbands_kurtosis.stdev": 674.079833984375, "lowlevel.melbands_skewness.mean": 8.354593276977539, "lowlevel.melbands_skewness.stdev": 10.45007038116455, "lowlevel.melbands_spread.mean": 19.729707717895508, "lowlevel.melbands_spread.stdev": 36.50510025024414, "lowlevel.pitch_salience.mean": 0.3701223134994507, "lowlevel.pitch_salience.stdev": 0.24353507161140442, "lowlevel.silence_rate_20dB.mean": 0.8148688077926636, "lowlevel.silence_rate_20dB.stdev": 0.38840240240097046, "lowlevel.silence_rate_30dB.mean": 0.6413994431495667, "lowlevel.silence_rate_30dB.stdev": 0.4795927405357361, "lowlevel.silence_rate_60dB.mean": 0.07507288455963135, "lowlevel.silence_rate_60dB.stdev": 0.263509064912796, "lowlevel.spectral_centroid.mean": 1299.9364013671875, "lowlevel.spectral_centroid.stdev": 1251.66162109375, "lowlevel.spectral_complexity.mean": 8.855685234069824, "lowlevel.spectral_complexity.stdev": 9.647502899169922, "lowlevel.spectral_decrease.mean": -3.470804799121652e-08, "lowlevel.spectral_decrease.stdev": 4.5840359064186487e-08, "lowlevel.spectral_energy.mean": 0.13322709500789642, "lowlevel.spectral_energy.stdev": 0.17368771135807037, "lowlevel.spectral_energyband_high.mean": 0.0016206327127292752, "lowlevel.spectral_energyband_high.stdev": 0.0031753561925143003, "lowlevel.spectral_energyband_low.mean": 0.12187957763671875, "lowlevel.spectral_energyband_low.stdev": 0.1723044514656067, "lowlevel.spectral_energyband_middle_high.mean": 0.0034448103979229927, "lowlevel.spectral_energyband_middle_high.stdev": 0.007546233478933573, "lowlevel.spectral_energyband_middle_low.mean": 0.0058502377942204475, "lowlevel.spectral_energyband_middle_low.stdev": 0.010779302567243576, "lowlevel.spectral_entropy.mean": 7.242770671844482, "lowlevel.spectral_entropy.stdev": 0.7768803238868713, "lowlevel.spectral_flux.mean": 0.09030432999134064, "lowlevel.spectral_flux.stdev": 0.09948857873678207, "lowlevel.spectral_kurtosis.mean": 5.373426914215088, "lowlevel.spectral_kurtosis.stdev": 10.785135269165039, "lowlevel.spectral_rms.mean": 0.008835717104375362, "lowlevel.spectral_rms.stdev": 0.007204717956483364, "lowlevel.spectral_rolloff.mean": 1488.7926025390625, "lowlevel.spectral_rolloff.stdev": 2486.447509765625, "lowlevel.spectral_skewness.mean": 1.5781879425048828, "lowlevel.spectral_skewness.stdev": 1.306899070739746, "lowlevel.spectral_spread.mean": 6117101.5, "lowlevel.spectral_spread.stdev": 2591602.5, "lowlevel.spectral_strongpeak.mean": 1.0445318222045898, "lowlevel.spectral_strongpeak.stdev": 0.9630867838859558, "lowlevel.zerocrossingrate.mean": 0.053010545670986176, "lowlevel.zerocrossingrate.stdev": 0.06691902130842209, "metadata.audio_properties.analysis.equal_loudness": 0.0, "metadata.audio_properties.analysis.length": 31.828277587890625, "metadata.audio_properties.analysis.sample_rate": 44100.0, "metadata.audio_properties.analysis.start_time": 0.0, "metadata.audio_properties.bit_rate": 122976.0, "metadata.audio_properties.length": 31.829334259033203, "metadata.audio_properties.lossless": 0.0, "metadata.audio_properties.number_channels": 1.0, "metadata.audio_properties.replay_gain": -9.496696472167969, "metadata.audio_properties.sample_rate": 48000.0, "rhythm.beats_count": 75.0, "rhythm.beats_loudness.mean": 0.17769286036491394, "rhythm.beats_loudness.stdev": 0.1941925436258316, "rhythm.bpm": 143.14125061035156, "rhythm.bpm_histogram_first_peak_bpm": 144.0, "rhythm.bpm_histogram_first_peak_weight": 0.16216212511062622, "rhythm.bpm_histogram_second_peak_bpm": 0.0, "rhythm.bpm_histogram_second_peak_spread": 0.0, "rhythm.bpm_histogram_second_peak_weight": 0.0, "rhythm.danceability": 1.009956955909729, "rhythm.onset_rate": 4.992751121520996, "tonal.chords_changes_rate": 0.03639010339975357, "tonal.chords_number_rate": 0.008733624592423439, "tonal.chords_strength.mean": 0.5974376201629639, "tonal.chords_strength.stdev": 0.07811211049556732, "tonal.hpcp_crest.mean": 14.822403907775879, "tonal.hpcp_crest.stdev": 7.077984809875488, "tonal.hpcp_entropy.mean": 1.8257075548171997, "tonal.hpcp_entropy.stdev": 0.7658096551895142, "tonal.key_edma.strength": 0.7900488972663879, "tonal.key_krumhansl.strength": 0.7840725779533386, "tonal.key_temperley.strength": 0.7725662589073181, "tonal.tuning_diatonic_strength": 0.694206178188324, "tonal.tuning_equal_tempered_deviation": 0.1982559859752655, "tonal.tuning_frequency": 434.193115234375, "tonal.tuning_nontempered_energy_ratio": 0.9035689830780029, "lowlevel.barkbands.mean": [0.016020433977246284, 0.10342077910900116, 0.002932516159489751, 0.0012209453852847219, 0.001181798055768013, 0.0006007739575579762, 0.0013877768069505692, 0.0003156297607347369, 0.0010226198937743902, 0.0009247896377928555, 0.0003297569928690791, 0.0007370396633632481, 0.0004129618755541742, 0.00026638005510903895, 0.000185668162885122, 0.00014415255282074213, 0.00018884938617702574, 0.00015741874813102186, 0.00011648872896330431, 9.580339974490926e-05, 0.00018153770361095667, 0.0004637762322090566, 0.0006199493655003607, 0.00018397012900095433, 9.475908882450312e-05, 2.062886778730899e-05, 8.931259998234964e-08], "lowlevel.barkbands.stdev": [0.037156954407691956, 0.15253907442092896, 0.012529789470136166, 0.004492482170462608, 0.004315109923481941, 0.0015276860212907195, 0.002775255125015974, 0.0010633958736434579, 0.002322249813005328, 0.002511220518499613, 0.0012557654408738017, 0.002360452199354768, 0.001223450293764472, 0.000703240861184895, 0.0005078577669337392, 0.00044154515489935875, 0.0006821673014201224, 0.0007587467553094029, 0.0005125229363329709, 0.0004176027432549745, 0.0005731742712669075, 0.0011114681838080287, 0.0014458289369940758, 0.0003736221988219768, 0.00018982075562234968, 4.738887946587056e-05, 5.03635533277702e-07], "lowlevel.erbbands.mean": [4.9404377937316895, 15.41048526763916, 6.4371418952941895, 3.6905713081359863, 4.566969394683838, 3.5836527347564697, 2.448275327682495, 6.403151035308838, 21.46714973449707, 9.507609367370605, 12.030774116516113, 27.2315616607666, 13.84892749786377, 31.100679397583008, 22.36610984802246, 27.652503967285156, 20.363065719604492, 14.730459213256836, 10.692367553710938, 8.188338279724121, 8.767967224121094, 10.492676734924316, 9.238003730773926, 6.9343132972717285, 5.182992935180664, 4.5345282554626465, 6.433443069458008, 7.929011821746826, 15.286444664001465, 22.79710578918457, 14.43978500366211, 5.24946403503418, 2.715568780899048, 1.423936128616333, 0.4647006392478943, 0.1445818543434143, 0.028192898258566856, 0.0020021533127874136, 0.00011342357902321965, 0.0001517385389888659], "lowlevel.erbbands.stdev": [7.213520050048828, 26.97553825378418, 18.54899024963379, 14.354216575622559, 16.304960250854492, 13.577181816101074, 8.788601875305176, 14.519667625427246, 40.564544677734375, 21.9735164642334, 27.975658416748047, 63.00190353393555, 35.01317596435547, 89.490966796875, 66.35123443603516, 88.15472412109375, 56.04115295410156, 36.86829376220703, 27.28062629699707, 24.118074417114258, 26.191232681274414, 39.829647064208984, 41.652278900146484, 32.24320983886719, 22.686725616455078, 19.82204246520996, 22.28590202331543, 22.36332130432129, 35.758079528808594, 51.97743225097656, 33.861785888671875, 10.956974029541016, 5.985888957977295, 2.9256691932678223, 0.9496944546699524, 0.3338233232498169, 0.06408073008060455, 0.005606812424957752, 0.0001421046763425693, 0.0001867531827883795], "lowlevel.gfcc.mean": [-69.88683319091797, 79.8009033203125, -77.14848327636719, 35.213623046875, -71.2035903930664, 37.73384475708008, -30.86773681640625, 6.210464000701904, -3.6058809757232666, 4.036823749542236, -8.942234992980957, 11.852986335754395, -9.491220474243164], "lowlevel.melbands.mean": [0.03616739436984062, 0.008243180811405182, 0.0006607540417462587, 0.0003059797454625368, 9.131428669206798e-05, 0.00014098630344960839, 0.0003244183026254177, 8.714557770872489e-05, 0.00012983755732420832, 0.00014968276082072407, 6.826089520473033e-05, 0.00013384767225943506, 5.909684841753915e-05, 9.014537499751896e-05, 6.033910904079676e-05, 3.0812858312856406e-05, 2.7510288418852724e-05, 1.686625364527572e-05, 1.1835588338726666e-05, 1.0287010809406638e-05, 9.871126167126931e-06, 1.0544204997131601e-05, 1.08388148873928e-05, 6.764702902728459e-06, 5.545086878555594e-06, 4.2105807551706675e-06, 3.043466449526022e-06, 2.9817902031936683e-06, 3.511918748699827e-06, 4.9745631258701906e-06, 4.261012236383976e-06, 7.671235835005064e-06, 1.0929698873951565e-05, 1.4417380043596495e-05, 9.388664693688042e-06, 4.946248282067245e-06, 2.5625583930377616e-06, 1.993827027035877e-06, 1.4943624364605057e-06, 1.0982522553604213e-06], "lowlevel.melbands.stdev": [0.05208189785480499, 0.015950309112668037, 0.0023964603897184134, 0.0010986893903464079, 0.00032750252285040915, 0.00032092907349579036, 0.0006163654034025967, 0.00021513474348466843, 0.0002675610885489732, 0.0003474817785900086, 0.00018341724353376776, 0.00039587292121723294, 0.0001874062727438286, 0.0002741464413702488, 0.0001968534488696605, 8.482080738758668e-05, 7.082456431817263e-05, 4.579671804094687e-05, 3.467956412350759e-05, 3.127898889943026e-05, 2.9897315471316688e-05, 4.142286707065068e-05, 4.390901085571386e-05, 3.4603501262608916e-05, 2.6329527827329002e-05, 1.8819446268025786e-05, 1.4491368347080424e-05, 1.336968762188917e-05, 1.3010320799367037e-05, 1.644357507757377e-05, 1.2057054846081883e-05, 1.8490942238713615e-05, 2.776885958155617e-05, 3.392917642486282e-05, 2.2750355128664523e-05, 1.2154018804722e-05, 5.271889676805586e-06, 4.6903819566068705e-06, 3.2132581964106066e-06, 2.299867674082634e-06], "lowlevel.melbands128.mean": [0.014904572628438473, 0.04597867280244827, 0.044781070202589035, 0.018913520500063896, 0.004316625185310841, 0.0012237201444804668, 0.0006890231161378324, 0.0006039392901584506, 0.00043847758206538856, 0.00035611397470347583, 0.0001688213087618351, 8.703625644557178e-05, 7.388895755866542e-05, 7.835453288862482e-05, 0.00013183665578253567, 0.00016652222257107496, 0.0002628260408528149, 0.0004862849600613117, 0.0002297973696840927, 5.2336999942781404e-05, 4.1982453694799915e-05, 7.046869723126292e-05, 8.658166916575283e-05, 0.00025025298236869276, 0.00028364924946799874, 4.0060593164525926e-05, 3.239175202907063e-05, 5.637757567455992e-05, 8.118278492474928e-05, 0.00024489013594575226, 9.870452049653977e-05, 3.637378540588543e-05, 5.1772592996712774e-05, 6.759693496860564e-05, 0.00012165842053946108, 8.86171983438544e-05, 5.970347410766408e-05, 5.1514780352590606e-05, 7.775070116622373e-05, 3.6882491258438677e-05, 1.757623249432072e-05, 2.03188719751779e-05, 3.816529715550132e-05, 2.4082431991701014e-05, 1.5391609849757515e-05, 1.6322312148986384e-05, 1.9491857528919354e-05, 8.27921940071974e-06, 1.0927567927865312e-05, 1.257689200429013e-05, 7.048593943181913e-06, 1.2122063708375208e-05, 1.169744245999027e-05, 7.0530431912629865e-06, 1.0303110684617423e-05, 1.0652607670635916e-05, 1.0406460205558687e-05, 1.3810631571686827e-05, 9.75585680862423e-06, 8.01847727416316e-06, 5.560212230193429e-06, 7.480141903215554e-06, 5.605707883660216e-06, 5.162851266504731e-06, 4.8295669330400415e-06, 4.368905592855299e-06, 3.848430424113758e-06, 3.163193014188437e-06, 2.912600621129968e-06, 2.716784592848853e-06, 2.7352907636668533e-06, 3.4024396882159635e-06, 3.179398390784627e-06, 3.382060867807013e-06, 3.911320163751952e-06, 5.40651581104612e-06, 5.615401278191712e-06, 3.741693717529415e-06, 3.9294477574003395e-06, 4.539294423011597e-06, 6.56438578516827e-06, 9.54004190134583e-06, 9.596092240826692e-06, 1.1466598152765073e-05, 1.1905749488505535e-05, 1.087366217689123e-05, 1.7652197129791602e-05, 1.689768396317959e-05, 6.5821536736621056e-06, 5.924370270804502e-06, 7.561645361420233e-06, 3.634257609519409e-06, 2.9003465442656307e-06, 2.5780932446650695e-06, 2.3531019905931316e-06, 2.1683281374862418e-06, 1.959569999598898e-06, 1.6528227888557012e-06, 1.4692237755298265e-06, 1.5014703649285366e-06, 1.2581707551362342e-06, 1.103516410694283e-06, 7.793707936798455e-07, 5.937690730206668e-07, 4.6560211330870516e-07, 4.1425317931498284e-07, 3.6562050809152424e-07, 3.057125184113829e-07, 2.4180440050258767e-07, 1.761295891355985e-07, 1.4647930868250114e-07, 9.427877500911563e-08, 9.074064877268029e-08, 4.568421019257585e-08, 3.7098253358180955e-08, 1.3836616297169257e-08, 3.771104761796096e-09, 8.86455422954846e-11, 3.3823357309392676e-11, 2.9086798941646563e-11, 2.7408774902482058e-11, 2.4311462565318465e-11, 2.3061162354731657e-11, 2.2638226362947655e-11, 2.219062433805874e-11, 2.1733925423261802e-11, 2.14569698814282e-11, 2.132771563523317e-11], "lowlevel.melbands128.stdev": [0.03441183269023895, 0.0699140802025795, 0.0721220150589943, 0.03630371391773224, 0.012943955138325691, 0.005402592476457357, 0.0031097987666726112, 0.0020817553158849478, 0.0017413118621334434, 0.001285372651182115, 0.0007293637609109282, 0.0003772183845285326, 0.00031164573738351464, 0.00029417951009236276, 0.00039123708847910166, 0.00047381260083056986, 0.000564421119634062, 0.0010523287346586585, 0.0006048199138604105, 0.0002125726023223251, 0.00019199169764760882, 0.0002982447622343898, 0.00030617875745519996, 0.0006000290159136057, 0.0007350736996158957, 0.0001567816361784935, 0.0001753751130308956, 0.00026233933749608696, 0.00025017422740347683, 0.0008132324437610805, 0.00036386700230650604, 0.00014740267943125218, 0.00022672346676699817, 0.00031697977101430297, 0.0003993644204456359, 0.0003098243032582104, 0.0002701066550798714, 0.000244886294240132, 0.0002615891571622342, 0.00010917603503912687, 7.879318582126871e-05, 8.787694969214499e-05, 0.00010278391710016876, 8.556739339837804e-05, 6.432481313822791e-05, 5.102975046611391e-05, 6.0814905737061054e-05, 3.4026976209133863e-05, 4.331957097747363e-05, 3.924068369087763e-05, 2.9267705031088553e-05, 3.997893873020075e-05, 3.744005152839236e-05, 2.7629244868876413e-05, 3.688159995363094e-05, 5.28211057826411e-05, 4.415579678607173e-05, 5.145004251971841e-05, 4.9917318392544985e-05, 4.046277899760753e-05, 3.171147545799613e-05, 4.5721997594228014e-05, 2.7175157811143436e-05, 2.803948154905811e-05, 2.286054404976312e-05, 2.1863692381884903e-05, 1.8665672541828826e-05, 1.5796291336300783e-05, 1.733650606183801e-05, 1.2968230294063687e-05, 1.4702378393849358e-05, 1.6534368114662357e-05, 1.3566656889452133e-05, 1.315794543188531e-05, 1.4941090739739593e-05, 2.0014447727589868e-05, 1.9254162907600403e-05, 1.2086949027434457e-05, 1.2533931112557184e-05, 1.4170364920573775e-05, 1.7358941477141343e-05, 2.4958731955848634e-05, 2.3879540094640106e-05, 3.204567838110961e-05, 3.663479583337903e-05, 2.5597670173738152e-05, 4.6542099880753085e-05, 4.7944486141204834e-05, 1.663654802541714e-05, 1.5114283996808808e-05, 2.2842164980829693e-05, 8.101662388071418e-06, 7.143506536522182e-06, 5.5711916502332315e-06, 5.400844202085864e-06, 5.448187494039303e-06, 5.237129698798526e-06, 4.1699627217894886e-06, 3.3594792512303684e-06, 3.4350982787145767e-06, 2.8502140594355296e-06, 2.442168124616728e-06, 1.6572250842727954e-06, 1.3442856925394153e-06, 1.1444949450378772e-06, 9.698542271507904e-07, 9.466945130043314e-07, 7.75644537043263e-07, 6.541586117236875e-07, 4.7153324089777016e-07, 4.004516540589975e-07, 2.3807555749044695e-07, 2.321816765515905e-07, 1.2007443217498803e-07, 1.4474846921075368e-07, 5.740644581919696e-08, 2.0944536771594358e-08, 5.990842821823605e-10, 2.0618740048661266e-10, 1.1361554058675338e-10, 9.020077740284904e-11, 4.80541335889928e-11, 4.339409040432507e-11, 4.248595919520426e-11, 4.159408234505335e-11, 4.092848976400276e-11, 4.056443722588732e-11, 4.034635819882837e-11], "lowlevel.mfcc.mean": [-723.8731689453125, 108.77177429199219, 48.25551223754883, 7.563565731048584, 1.8193475008010864, 24.268596649169922, -10.239968299865723, 17.35572052001953, 3.8555548191070557, -5.245604991912842, 13.874672889709473, 6.911267280578613, 7.658408164978027], "lowlevel.spectral_contrast_coeffs.mean": [-0.7006400227546692, -0.6978843212127686, -0.765217661857605, -0.781138002872467, -0.7801592946052551, -0.7485321164131165], "lowlevel.spectral_contrast_coeffs.stdev": [0.09355723112821579, 0.09795814007520676, 0.09535624831914902, 0.06996571272611618, 0.06168975681066513, 0.05662921071052551], "lowlevel.spectral_contrast_valleys.mean": [-7.515785217285156, -7.718019485473633, -8.490559577941895, -9.004227638244629, -9.21367359161377, -10.481746673583984], "lowlevel.spectral_contrast_valleys.stdev": [1.6137113571166992, 0.8454267978668213, 1.0672435760498047, 1.2756624221801758, 1.2602659463882446, 1.365119218826294], "rhythm.beats_loudness_band_ratio.mean": [0.5657961368560791, 0.049068957567214966, 0.12427927553653717, 0.13628797233104706, 0.03212811052799225, 0.1075296401977539], "rhythm.beats_loudness_band_ratio.stdev": [0.42123496532440186, 0.0875585526227951, 0.19263650476932526, 0.22716408967971802, 0.05773302912712097, 0.18483519554138184], "tonal.hpcp.mean": [0.4147545099258423, 0.39755916595458984, 0.1272604912519455, 0.04837830737233162, 0.033620040863752365, 0.03288645297288895, 0.03495902568101883, 0.03462199121713638, 0.023082148283720016, 0.022215720266103745, 0.027503401041030884, 0.030549122020602226, 0.049709752202034, 0.05759916454553604, 0.08900049328804016, 0.2228638380765915, 0.24950188398361206, 0.11914634704589844, 0.048263877630233765, 0.03743251413106918, 0.05134878307580948, 0.11100608855485916, 0.1136285588145256, 0.0526931956410408, 0.06773564964532852, 0.0770120769739151, 0.03967048600316048, 0.030044758692383766, 0.03400396183133125, 0.04325217753648758, 0.06888262927532196, 0.06570452451705933, 0.04457787051796913, 0.0447961762547493, 0.04306444153189659, 0.13280631601810455], "tonal.hpcp.stdev": [0.41408202052116394, 0.3894093930721283, 0.24127084016799927, 0.1698460876941681, 0.1425989419221878, 0.14432823657989502, 0.12678392231464386, 0.13093054294586182, 0.09669379144906998, 0.09576155245304108, 0.11988567560911179, 0.10793286561965942, 0.13832175731658936, 0.16092947125434875, 0.21333573758602142, 0.350450724363327, 0.37751996517181396, 0.23857465386390686, 0.1592157632112503, 0.14274168014526367, 0.1598355621099472, 0.2391444593667984, 0.2378271222114563, 0.13694864511489868, 0.17725908756256104, 0.20173907279968262, 0.12762881815433502, 0.12237423658370972, 0.12000260502099991, 0.1354052722454071, 0.18920563161373138, 0.19160006940364838, 0.1492103487253189, 0.16096824407577515, 0.14575716853141785, 0.24094469845294952], "rhythm.beats_position": [0.39473921060562134, 0.8126984238624573, 1.2306575775146484, 1.6486167907714844, 2.0665760040283203, 2.4845352172851562, 2.902494192123413, 3.320453405380249, 3.738412618637085, 4.156371593475342, 4.574330806732178, 4.992290019989014, 5.41024923324585, 5.8282084465026855, 6.2461676597595215, 6.664126873016357, 7.082086086273193, 7.500045299530029, 7.918004512786865, 8.347573280334473, 8.777142524719238, 9.195101737976074, 9.60145092010498, 10.007800102233887, 10.437369346618652, 10.866938591003418, 11.284897804260254, 11.70285701751709, 12.120816230773926, 12.538775444030762, 12.956734657287598, 13.374693870544434, 13.8042631149292, 14.233832359313965, 14.6517915725708, 15.06974983215332, 15.487709045410156, 15.905668258666992, 16.323627471923828, 16.741586685180664, 17.1595458984375, 17.577505111694336, 17.995464324951172, 18.413423538208008, 18.831382751464844, 19.24934196472168, 19.667301177978516, 20.08526039123535, 20.503219604492188, 20.921178817749023, 21.33913803100586, 21.757097244262695, 22.18666648864746, 22.616235733032227, 23.034194946289062, 23.4521541595459, 23.870113372802734, 24.28807258605957, 24.706031799316406, 25.123991012573242, 25.541950225830078, 25.959909439086914, 26.37786865234375, 26.795827865600586, 27.22539710998535, 27.654966354370117, 28.072925567626953, 28.49088478088379, 28.908842086791992, 29.326801300048828, 29.744760513305664, 30.1627197265625, 30.580678939819336, 30.998638153076172, 31.416597366333008], "rhythm.bpm_histogram": [0.0, 0.0, 0.0, 0.0, 0.0, 0.0, 0.0, 0.0, 0.0, 0.0, 0.0, 0.0, 0.0, 0.0, 0.0, 0.0, 0.0, 0.0, 0.0, 0.0, 0.0, 0.0, 0.0, 0.0, 0.0, 0.0, 0.0, 0.0, 0.0, 0.0, 0.0, 0.0, 0.0, 0.0, 0.0, 0.0, 0.0, 0.0, 0.0, 0.0, 0.0, 0.0, 0.0, 0.0, 0.0, 0.0, 0.0, 0.0, 0.0, 0.0, 0.0, 0.0, 0.0, 0.0, 0.0, 0.0, 0.0, 0.0, 0.0, 0.0, 0.0, 0.0, 0.0, 0.0, 0.0, 0.0, 0.0, 0.0, 0.0, 0.0, 0.0, 0.0, 0.0, 0.0, 0.0, 0.0, 0.0, 0.0, 0.0, 0.0, 0.0, 0.0, 0.0, 0.0, 0.0, 0.0, 0.0, 0.0, 0.0, 0.0, 0.0, 0.0, 0.0, 0.0, 0.0, 0.0, 0.0, 0.0, 0.0, 0.0, 0.0, 0.0, 0.0, 0.0, 0.0, 0.0, 0.0, 0.0, 0.0, 0.0, 0.0, 0.0, 0.0, 0.0, 0.0, 0.0, 0.0, 0.0, 0.0, 0.0, 0.0, 0.0, 0.0, 0.0, 0.0, 0.0, 0.0, 0.0, 0.0, 0.0, 0.0, 0.0, 0.0, 0.0, 0.0, 0.0, 0.0, 0.0, 0.0, 0.0, 0.13513512909412384, 0.0, 0.0, 0.0, 0.837837815284729, 0.0, 0.0, 0.0, 0.027027027681469917, 0.0, 0.0, 0.0, 0.0, 0.0, 0.0, 0.0, 0.0, 0.0, 0.0, 0.0, 0.0, 0.0, 0.0, 0.0, 0.0, 0.0, 0.0, 0.0, 0.0, 0.0, 0.0, 0.0, 0.0, 0.0, 0.0, 0.0, 0.0, 0.0, 0.0, 0.0, 0.0, 0.0, 0.0, 0.0, 0.0, 0.0, 0.0, 0.0, 0.0, 0.0, 0.0, 0.0, 0.0, 0.0, 0.0, 0.0, 0.0, 0.0, 0.0, 0.0, 0.0, 0.0, 0.0, 0.0, 0.0, 0.0, 0.0, 0.0, 0.0, 0.0, 0.0, 0.0, 0.0, 0.0, 0.0, 0.0, 0.0, 0.0, 0.0, 0.0, 0.0, 0.0, 0.0, 0.0, 0.0, 0.0, 0.0, 0.0, 0.0, 0.0, 0.0, 0.0, 0.0, 0.0, 0.0, 0.0, 0.0, 0.0, 0.0, 0.0, 0.0, 0.0, 0.0, 0.0, 0.0, 0.0, 0.0, 0.0, 0.0, 0.0], "tonal.chords_histogram": [1.455604076385498, 0.0, 59.53420639038086, 0.0, 0.0, 0.0, 0.0, 0.0, 0.0, 0.0, 0.0, 0.0, 0.0, 0.0, 0.0, 2.911208152770996, 0.0, 21.688501358032227, 0.0, 11.062590599060059, 0.0, 0.14556041359901428, 3.20232892036438, 0.0], "tonal.thpcp": [1.0, 0.9585409164428711, 0.30683329701423645, 0.11664323508739471, 0.08106009662151337, 0.07929136604070663, 0.08428847789764404, 0.08347586542367935, 0.05565255507826805, 0.053563542664051056, 0.06631248444318771, 0.07365591078996658, 0.1198534369468689, 0.1388753205537796, 0.21458595991134644, 0.5373391509056091, 0.6015651822090149, 0.28726956248283386, 0.11636734008789062, 0.09025222063064575, 0.12380523979663849, 0.26764288544654846, 0.2739658057689667, 0.12704670429229736, 0.1633150428533554, 0.18568110466003418, 0.09564810991287231, 0.07243985682725906, 0.08198575675487518, 0.10428380221128464, 0.16608048975467682, 0.15841786563396454, 0.10748013108968735, 0.10800648480653763, 0.10383115708827972, 0.32020464539527893], "lowlevel.gfcc.cov": [[6838.052734375, -967.8596801757812, -914.4818725585938, 423.2643127441406, 163.5836181640625, 682.1681518554688, 382.1263732910156, 336.309814453125, 98.75370025634766, 207.89730834960938, -98.64608764648438, 45.921321868896484, -188.31544494628906], [-967.8596801757812, 3449.719970703125, 863.0108642578125, -236.82505798339844, 1254.146240234375, -86.75379180908203, 440.8631591796875, 47.0777702331543, 540.6765747070312, -214.16334533691406, 210.7695770263672, 19.394887924194336, 161.2989501953125], [-914.4818725585938, 863.0108642578125, 3203.61083984375, 1769.09716796875, 620.9610595703125, 697.9620971679688, 843.540771484375, 108.63319396972656, 414.38885498046875, 257.258056640625, 496.98687744140625, -34.22128677368164, 240.05145263671875], [423.2643127441406, -236.82505798339844, 1769.09716796875, 2086.59814453125, 515.4639282226562, 471.8122863769531, 441.1831359863281, 51.79527282714844, 361.8102111816406, 284.77691650390625, 370.23760986328125, -17.439666748046875, 265.2911376953125], [163.5836181640625, 1254.146240234375, 620.9610595703125, 515.4639282226562, 1329.49072265625, 295.2140197753906, 471.29522705078125, 224.90199279785156, 449.2110290527344, 73.72492980957031, 218.08287048339844, -39.99197769165039, 206.91477966308594], [682.1681518554688, -86.75379180908203, 697.9620971679688, 471.8122863769531, 295.2140197753906, 666.90869140625, 441.139404296875, 156.48597717285156, 149.8275604248047, 157.5124053955078, 160.1368865966797, -12.101479530334473, 26.229938507080078], [382.1263732910156, 440.8631591796875, 843.540771484375, 441.1831359863281, 471.29522705078125, 441.139404296875, 832.5281982421875, 296.64068603515625, 148.71868896484375, 56.45998001098633, 217.54107666015625, 6.8901519775390625, 65.39703369140625], [336.309814453125, 47.0777702331543, 108.63319396972656, 51.79527282714844, 224.90199279785156, 156.48597717285156, 296.64068603515625, 271.8050537109375, 68.97715759277344, 34.33197784423828, 50.51835632324219, 17.73817253112793, 16.769264221191406], [98.75370025634766, 540.6765747070312, 414.38885498046875, 361.8102111816406, 449.2110290527344, 149.8275604248047, 148.71868896484375, 68.97715759277344, 481.8470458984375, 88.4560317993164, 121.01036834716797, -9.952423095703125, 90.31187438964844], [207.89730834960938, -214.16334533691406, 257.258056640625, 284.77691650390625, 73.72492980957031, 157.5124053955078, 56.45998001098633, 34.33197784423828, 88.4560317993164, 218.50604248046875, 89.44673919677734, 1.7148597240447998, 21.2823429107666], [-98.64608764648438, 210.7695770263672, 496.98687744140625, 370.23760986328125, 218.08287048339844, 160.1368865966797, 217.54107666015625, 50.51835632324219, 121.01036834716797, 89.44673919677734, 257.9917297363281, 21.957843780517578, 41.235050201416016], [45.921321868896484, 19.394887924194336, -34.22128677368164, -17.439666748046875, -39.99197769165039, -12.101479530334473, 6.8901519775390625, 17.73817253112793, -9.952423095703125, 1.7148597240447998, 21.957843780517578, 151.30308532714844, 1.4387311935424805], [-188.31544494628906, 161.2989501953125, 240.05145263671875, 265.2911376953125, 206.91477966308594, 26.229938507080078, 65.39703369140625, 16.769264221191406, 90.31187438964844, 21.2823429107666, 41.235050201416016, 1.4387311935424805, 155.778564453125]], "lowlevel.gfcc.icov": [[0.00026762846391648054, -9.440619760425761e-05, 0.00031089450931176543, -0.00033717809128575027, 6.318479427136481e-05, -0.0003440281725488603, -0.0001212241331813857, -0.00016369395598303527, -3.282912302893237e-06, -0.0001795789721654728, 0.00035038337227888405, -7.74971122154966e-05, 0.0004933306481689215], [-9.440619760425761e-05, 0.0011537501122802496, -0.0006697074859403074, 0.000938263488933444, -0.0010728285415098071, 0.0007955877808853984, -0.0003682534152176231, 0.0010211305925622582, -0.0007422900525853038, 0.0010113201569765806, -0.0004536095366347581, -0.00047874078154563904, -0.00012224327656440437], [0.00031089450931176543, -0.0006697074859403074, 0.0014542153803631663, -0.0012281563831493258, 0.0007187608862295747, -0.0009197219624184072, -0.0005326390964910388, -0.00013096144539304078, 0.00019812599930446595, -0.0006459559663198888, 0.00012039260764140636, 0.0003349317121319473, 0.0002961962018162012], [-0.00033717809128575027, 0.000938263488933444, -0.0012281563831493258, 0.0022098880726844072, -0.0007881750352680683, 0.0007496499456465244, -6.679030047962442e-05, 0.0010822396725416183, -0.0006552984705194831, 0.000289120536763221, -0.0011503982823342085, -0.00017579154518898576, -0.001771237002685666], [6.318479427136481e-05, -0.0010728285415098071, 0.0007187608862295747, -0.0007881750352680683, 0.0025932923890650272, -0.0008567231125198305, -1.1147920304210857e-05, -0.001449103350751102, -0.00032675423426553607, -0.0006075333803892136, -0.00021873257355764508, 0.00100780522916466, -0.001396721345372498], [-0.0003440281725488603, 0.0007955877808853984, -0.0009197219624184072, 0.0007496499456465244, -0.0008567231125198305, 0.00382769713178277, -0.001342659117653966, 0.000748232938349247, -0.000540419016033411, -0.0007207350572571158, -0.0003028929641004652, -5.29985518369358e-05, 0.0003699486260302365], [-0.0001212241331813857, -0.0003682534152176231, -0.0005326390964910388, -6.679030047962442e-05, -1.1147920304210857e-05, -0.001342659117653966, 0.004069595132023096, -0.003319734474644065, 0.0007509019342251122, 0.001158612547442317, -0.0013093140441924334, 0.00027744818362407386, -0.00019051482377108186], [-0.00016369395598303527, 0.0010211305925622582, -0.00013096144539304078, 0.0010822396725416183, -0.001449103350751102, 0.000748232938349247, -0.003319734474644065, 0.008224439807236195, -0.0008858410874381661, -0.00037734367651864886, 0.000423167715780437, -0.0012365096481516957, -0.000124820347991772], [-3.282912302893237e-06, -0.0007422900525853038, 0.00019812599930446595, -0.0006552984705194831, -0.00032675423426553607, -0.000540419016033411, 0.0007509019342251122, -0.0008858410874381661, 0.0038775629363954067, -0.0011756314197555184, -9.020238212542608e-05, 0.00028873412520624697, -0.00018574627756606787], [-0.0001795789721654728, 0.0010113201569765806, -0.0006459559663198888, 0.000289120536763221, -0.0006075333803892136, -0.0007207350572571158, 0.001158612547442317, -0.00037734367651864886, -0.0011756314197555184, 0.007990410551428795, -0.002186803612858057, -0.0002641717146616429, -0.00010745084728114307], [0.00035038337227888405, -0.0004536095366347581, 0.00012039260764140636, -0.0011503982823342085, -0.00021873257355764508, -0.0003028929641004652, -0.0013093140441924334, 0.000423167715780437, -9.020238212542608e-05, -0.002186803612858057, 0.007821226492524147, -0.0013589662266895175, 0.0018058035057038069], [-7.74971122154966e-05, -0.00047874078154563904, 0.0003349317121319473, -0.00017579154518898576, 0.00100780522916466, -5.29985518369358e-05, 0.00027744818362407386, -0.0012365096481516957, 0.00028873412520624697, -0.0002641717146616429, -0.0013589662266895175, 0.007372506428509951, -0.0009674691827967763], [0.0004933306481689215, -0.00012224327656440437, 0.0002961962018162012, -0.001771237002685666, -0.001396721345372498, 0.0003699486260302365, -0.00019051482377108186, -0.000124820347991772, -0.00018574627756606787, -0.00010745084728114307, 0.0018058035057038069, -0.0009674691827967763, 0.01124193798750639]], "lowlevel.mfcc.cov": [[7898.01953125, -1687.3662109375, -1299.453369140625, -334.4621276855469, -184.68536376953125, 223.99786376953125, 100.07194519042969, 227.7651824951172, 131.7991943359375, 275.7631530761719, 110.3797607421875, 58.56742858886719, -53.89714813232422], [-1687.3662109375, 3930.94921875, -439.8562316894531, -70.67679595947266, 526.2464599609375, -30.154281616210938, 66.1482162475586, 387.61688232421875, 350.5441589355469, -158.95904541015625, 286.4446716308594, 13.979381561279297, 96.97142791748047], [-1299.453369140625, -439.8562316894531, 2930.34326171875, 1183.7730712890625, 294.6184387207031, 822.477294921875, 561.2560424804688, 254.9574432373047, 22.876569747924805, 479.9766540527344, 136.5101776123047, 267.7743835449219, 187.0794677734375], [-334.4621276855469, -70.67679595947266, 1183.7730712890625, 1473.733642578125, 617.607421875, 540.2133178710938, 362.934814453125, 193.1967010498047, 206.0966033935547, 312.28271484375, 75.94995880126953, 218.56439208984375, 221.27418518066406], [-184.68536376953125, 526.2464599609375, 294.6184387207031, 617.607421875, 879.2361450195312, 430.84747314453125, 105.61052703857422, 117.5599136352539, 226.3904571533203, 285.3631896972656, 87.86101531982422, 153.75257873535156, 166.7691192626953], [223.99786376953125, -30.154281616210938, 822.477294921875, 540.2133178710938, 430.84747314453125, 663.7830810546875, 345.6888122558594, 198.9697265625, 175.50901794433594, 311.1622619628906, 168.4381103515625, 186.92910766601562, 144.3896942138672], [100.07194519042969, 66.1482162475586, 561.2560424804688, 362.934814453125, 105.61052703857422, 345.6888122558594, 778.371337890625, 314.6231384277344, 180.36256408691406, 217.69691467285156, 223.0425567626953, 123.90191650390625, 53.0523567199707], [227.7651824951172, 387.61688232421875, 254.9574432373047, 193.1967010498047, 117.5599136352539, 198.9697265625, 314.6231384277344, 424.12908935546875, 192.59983825683594, 117.00736999511719, 196.830322265625, 105.2846450805664, 60.744625091552734], [131.7991943359375, 350.5441589355469, 22.876569747924805, 206.0966033935547, 226.3904571533203, 175.50901794433594, 180.36256408691406, 192.59983825683594, 386.1977233886719, 105.29497528076172, 140.20127868652344, 44.47600173950195, 64.71100616455078], [275.7631530761719, -158.95904541015625, 479.9766540527344, 312.28271484375, 285.3631896972656, 311.1622619628906, 217.69691467285156, 117.00736999511719, 105.29497528076172, 414.1860046386719, 137.5142059326172, 115.58081817626953, 61.632118225097656], [110.3797607421875, 286.4446716308594, 136.5101776123047, 75.94995880126953, 87.86101531982422, 168.4381103515625, 223.0425567626953, 196.830322265625, 140.20127868652344, 137.5142059326172, 284.9923400878906, 105.17695617675781, 44.8707275390625], [58.56742858886719, 13.979381561279297, 267.7743835449219, 218.56439208984375, 153.75257873535156, 186.92910766601562, 123.90191650390625, 105.2846450805664, 44.47600173950195, 115.58081817626953, 105.17695617675781, 190.08831787109375, 90.71896362304688], [-53.89714813232422, 96.97142791748047, 187.0794677734375, 221.27418518066406, 166.7691192626953, 144.3896942138672, 53.0523567199707, 60.744625091552734, 64.71100616455078, 61.632118225097656, 44.8707275390625, 90.71896362304688, 157.84146118164062]], "lowlevel.mfcc.icov": [[0.0002127305488102138, 9.922349272528663e-05, 0.00024051447689998895, -3.94971102650743e-05, 0.00017633987590670586, -0.0003327650192659348, 7.568371802335605e-05, -0.0002642530598677695, 1.5023041669337545e-05, -0.00022014450223650783, 7.737045962130651e-05, -1.8415597878629342e-05, 4.4724853069055825e-05], [9.922349272528663e-05, 0.00047282606828957796, 3.234598261769861e-05, 0.00013729097554460168, -0.00048744503874331713, 0.00016136709018610418, 3.6958412238163874e-05, -0.00044642010470852256, -7.165982970036566e-05, 0.0004132278554607183, -0.0004791422397829592, 0.00027531167143024504, -0.00011462454131105915], [0.00024051447689998895, 3.234598261769861e-05, 0.0010877419263124466, -0.0005920502007938921, 0.0008353545563295484, -0.001262693083845079, 6.881749141030014e-05, -0.0003985597286373377, 0.0004587831499520689, -0.0007390481769107282, 0.00037115265149623156, -6.858728738734499e-05, 4.013312718598172e-05], [-3.94971102650743e-05, 0.00013729097554460168, -0.0005920502007938921, 0.001679086941294372, -0.0010510013671591878, 0.00039202001062221825, -0.00039485839079134166, -1.5350451576523483e-05, -0.00041761124157346785, 0.0003104156639892608, 0.00042127110646106303, -0.0003371833881828934, -0.0007354849949479103], [0.00017633987590670586, -0.00048744503874331713, 0.0008353545563295484, -0.0010510013671591878, 0.0036346663255244493, -0.0020345430821180344, 0.0006740944227203727, 0.00019319530110806227, -0.0004864598158746958, -0.001884319237433374, 0.0011822546366602182, -0.0006435539107769728, -0.00046805746387690306], [-0.0003327650192659348, 0.00016136709018610418, -0.001262693083845079, 0.00039202001062221825, -0.0020345430821180344, 0.005351159255951643, -0.0009093376575037837, 0.00032688365899957716, -0.0005859856028109789, -1.3564545042754617e-06, -0.0008828386198729277, -0.0007172576151788235, -0.000927414745092392], [7.568371802335605e-05, 3.6958412238163874e-05, 6.881749141030014e-05, -0.00039485839079134166, 0.0006740944227203727, -0.0009093376575037837, 0.0024696870241314173, -0.0011342406505718827, -0.00017975510854739696, -0.0004270031349733472, -0.0006393907242454588, 7.77878231019713e-05, 0.0005786334513686597], [-0.0002642530598677695, -0.00044642010470852256, -0.0003985597286373377, -1.5350451576523483e-05, 0.00019319530110806227, 0.00032688365899957716, -0.0011342406505718827, 0.005146997515112162, -0.0012449919013306499, 0.00028908823151141405, -0.001313195563852787, -0.0010219502728432417, -6.65703701088205e-05], [1.5023041669337545e-05, -7.165982970036566e-05, 0.0004587831499520689, -0.00041761124157346785, -0.0004864598158746958, -0.0005859856028109789, -0.00017975510854739696, -0.0012449919013306499, 0.004499631002545357, -0.00013309229689184576, -0.0011862515239045024, 0.001637245062738657, -0.0007161490502767265], [-0.00022014450223650783, 0.0004132278554607183, -0.0007390481769107282, 0.0003104156639892608, -0.001884319237433374, -1.3564545042754617e-06, -0.0004270031349733472, 0.00028908823151141405, -0.00013309229689184576, 0.005397504195570946, -0.0019365695770829916, -0.00016035890439525247, 0.0007258434779942036], [7.737045962130651e-05, -0.0004791422397829592, 0.00037115265149623156, 0.00042127110646106303, 0.0011822546366602182, -0.0008828386198729277, -0.0006393907242454588, -0.001313195563852787, -0.0011862515239045024, -0.0019365695770829916, 0.007789804600179195, -0.002928701229393482, 0.00028037381707690656], [-1.8415597878629342e-05, 0.00027531167143024504, -6.858728738734499e-05, -0.0003371833881828934, -0.0006435539107769728, -0.0007172576151788235, 7.77878231019713e-05, -0.0010219502728432417, 0.001637245062738657, -0.00016035890439525247, -0.002928701229393482, 0.01061885803937912, -0.0037974263541400433], [4.4724853069055825e-05, -0.00011462454131105915, 4.013312718598172e-05, -0.0007354849949479103, -0.00046805746387690306, -0.000927414745092392, 0.0005786334513686597, -6.65703701088205e-05, -0.0007161490502767265, 0.0007258434779942036, 0.00028037381707690656, -0.0037974263541400433, 0.010691738687455654]], "metadata.audio_properties.analysis.downmix": "mix", "metadata.audio_properties.codec": "mp3", "metadata.audio_properties.md5_encoded": "7192b88677b1924904455213e3112786", "metadata.tags.file_name": "1182269636855746642.mp3", "metadata.version.essentia": "2.1-beta6-dev", "metadata.version.essentia_git_sha": "v2.1_beta5-1110-g77a6a954", "metadata.version.extractor": "music 2.0", "tonal.chords_key": "A", "tonal.chords_scale": "major", "tonal.key_edma.key": "D", "tonal.key_edma.scale": "major", "tonal.