{"song_id": "1182267023112282112", "download": "https://cdn.discordapp.com/attachments/1135903449314238464/1182267023112282112/chirp.mp4?ex=658412f7&amp", "lyrics": "[Verse]\nI can't deny this feeling inside\nEvery day, my heart feels so alive\nIn your arms, I found my paradise\nCan't help but smile, love's got me hypnotized\n\n[Chorus]\nI'm in love so much, I can't explain\nYou're the sunlight that eases the pain\nWhen I'm with you, nothing else matters\nYou're the one, my heart forever shatters", "style": ["female pop"], "essentia_features": {"lowlevel.average_loudness": 0.9697733521461487, "lowlevel.barkbands_crest.mean": 11.590377807617188, "lowlevel.barkbands_crest.stdev": 5.691929817199707, "lowlevel.barkbands_flatness_db.mean": 0.13713842630386353, "lowlevel.barkbands_flatness_db.stdev": 0.056874342262744904, "lowlevel.barkbands_kurtosis.mean": 5.250296592712402, "lowlevel.barkbands_kurtosis.stdev": 13.061325073242188, "lowlevel.barkbands_skewness.mean": 1.4254522323608398, "lowlevel.barkbands_skewness.stdev": 1.8772776126861572, "lowlevel.barkbands_spread.mean": 30.869718551635742, "lowlevel.barkbands_spread.stdev": 18.28553581237793, "lowlevel.dissonance.mean": 0.46910741925239563, "lowlevel.dissonance.stdev": 0.024658849462866783, "lowlevel.dynamic_complexity": 2.887073278427124, "lowlevel.erbbands_crest.mean": 10.766570091247559, "lowlevel.erbbands_crest.stdev": 5.871307373046875, "lowlevel.erbbands_flatness_db.mean": 0.1560596525669098, "lowlevel.erbbands_flatness_db.stdev": 0.05897520110011101, "lowlevel.erbbands_kurtosis.mean": 0.641047477722168, "lowlevel.erbbands_kurtosis.stdev": 2.214047908782959, "lowlevel.erbbands_skewness.mean": 0.36887648701667786, "lowlevel.erbbands_skewness.stdev": 0.8238734006881714, "lowlevel.erbbands_spread.mean": 43.6106071472168, "lowlevel.erbbands_spread.stdev": 23.299707412719727, "lowlevel.hfc.mean": 36.95290756225586, "lowlevel.hfc.stdev": 23.647043228149414, "lowlevel.loudness_ebu128.integrated": -14.62587833404541, "lowlevel.loudness_ebu128.loudness_range": 4.118463516235352, "lowlevel.loudness_ebu128.momentary.mean": -15.081966400146484, "lowlevel.loudness_ebu128.momentary.stdev": 2.218696355819702, "lowlevel.loudness_ebu128.short_term.mean": -14.935050010681152, "lowlevel.loudness_ebu128.short_term.stdev": 1.5243589878082275, "lowlevel.melbands_crest.mean": 18.4334659576416, "lowlevel.melbands_crest.stdev": 9.627045631408691, "lowlevel.melbands_flatness_db.mean": 0.17060807347297668, "lowlevel.melbands_flatness_db.stdev": 0.08358492702245712, "lowlevel.melbands_kurtosis.mean": 25.71604347229004, "lowlevel.melbands_kurtosis.stdev": 58.7666015625, "lowlevel.melbands_skewness.mean": 3.1161482334136963, "lowlevel.melbands_skewness.stdev": 3.26367449760437, "lowlevel.melbands_spread.mean": 38.25478744506836, "lowlevel.melbands_spread.stdev": 32.79633331298828, "lowlevel.pitch_salience.mean": 0.49615174531936646, "lowlevel.pitch_salience.stdev": 0.18403688073158264, "lowlevel.silence_rate_20dB.mean": 1.0, "lowlevel.silence_rate_20dB.stdev": 0.0, "lowlevel.silence_rate_30dB.mean": 0.8693251609802246, "lowlevel.silence_rate_30dB.stdev": 0.33704298734664917, "lowlevel.silence_rate_60dB.mean": 0.06564417481422424, "lowlevel.silence_rate_60dB.stdev": 0.24765974283218384, "lowlevel.spectral_centroid.mean": 2215.7998046875, "lowlevel.spectral_centroid.stdev": 745.8656616210938, "lowlevel.spectral_complexity.mean": 15.174233436584473, "lowlevel.spectral_complexity.stdev": 7.653404712677002, "lowlevel.spectral_decrease.mean": -1.0691067586776626e-08, "lowlevel.spectral_decrease.stdev": 1.4153693328466943e-08, "lowlevel.spectral_energy.mean": 0.04370233789086342, "lowlevel.spectral_energy.stdev": 0.053953174501657486, "lowlevel.spectral_energyband_high.mean": 0.0021610583644360304, "lowlevel.spectral_energyband_high.stdev": 0.0019453122513368726, "lowlevel.spectral_energyband_low.mean": 0.026794832199811935, "lowlevel.spectral_energyband_low.stdev": 0.05197535827755928, "lowlevel.spectral_energyband_middle_high.mean": 0.009431754238903522, "lowlevel.spectral_energyband_middle_high.stdev": 0.010061251930892467, "lowlevel.spectral_energyband_middle_low.mean": 0.0064356205984950066, "lowlevel.spectral_energyband_middle_low.stdev": 0.012709129601716995, "lowlevel.spectral_entropy.mean": 7.926825523376465, "lowlevel.spectral_entropy.stdev": 0.41382741928100586, "lowlevel.spectral_flux.mean": 0.12087298184633255, "lowlevel.spectral_flux.stdev": 0.10271665453910828, "lowlevel.spectral_kurtosis.mean": 2.365032196044922, "lowlevel.spectral_kurtosis.stdev": 1.3062119483947754, "lowlevel.spectral_rms.mean": 0.005572868045419455, "lowlevel.spectral_rms.stdev": 0.003402874106541276, "lowlevel.spectral_rolloff.mean": 3503.886474609375, "lowlevel.spectral_rolloff.stdev": 3381.454345703125, "lowlevel.spectral_skewness.mean": 1.3221136331558228, "lowlevel.spectral_skewness.stdev": 0.2647605240345001, "lowlevel.spectral_spread.mean": 6857632.0, "lowlevel.spectral_spread.stdev": 1662519.375, "lowlevel.spectral_strongpeak.mean": 1.6438652276992798, "lowlevel.spectral_strongpeak.stdev": 2.0228142738342285, "lowlevel.zerocrossingrate.mean": 0.12488137185573578, "lowlevel.zerocrossingrate.stdev": 0.07989098876714706, "metadata.audio_properties.analysis.equal_loudness": 0.0, "metadata.audio_properties.analysis.length": 37.82398986816406, "metadata.audio_properties.analysis.sample_rate": 44100.0, "metadata.audio_properties.analysis.start_time": 0.0, "metadata.audio_properties.bit_rate": 120644.0, "metadata.audio_properties.length": 37.82400131225586, "metadata.audio_properties.lossless": 0.0, "metadata.audio_properties.number_channels": 1.0, "metadata.audio_properties.replay_gain": -11.322736740112305, "metadata.audio_properties.sample_rate": 48000.0, "rhythm.beats_count": 80.0, "rhythm.beats_loudness.mean": 0.14872881770133972, "rhythm.beats_loudness.stdev": 0.06624001264572144, "rhythm.bpm": 128.26002502441406, "rhythm.bpm_histogram_first_peak_bpm": 129.0, "rhythm.bpm_histogram_first_peak_weight": 0.3246753215789795, "rhythm.bpm_histogram_second_peak_bpm": 123.0, "rhythm.bpm_histogram_second_peak_spread": 0.0, "rhythm.bpm_histogram_second_peak_weight": 0.025316456332802773, "rhythm.danceability": 1.5072141885757446, "rhythm.onset_rate": 4.228674411773682, "tonal.chords_changes_rate": 0.06985294073820114, "tonal.chords_number_rate": 0.013480392284691334, "tonal.chords_strength.mean": 0.5942603349685669, "tonal.chords_strength.stdev": 0.11046049743890762, "tonal.hpcp_crest.mean": 15.774853706359863, "tonal.hpcp_crest.stdev": 7.879918575286865, "tonal.hpcp_entropy.mean": 1.7651673555374146, "tonal.hpcp_entropy.stdev": 0.8186936974525452, "tonal.key_edma.strength": 0.7329517006874084, "tonal.key_krumhansl.strength": 0.7514330744743347, "tonal.key_temperley.strength": 0.759597659111023, "tonal.tuning_diatonic_strength": 0.6631389856338501, "tonal.tuning_equal_tempered_deviation": 0.24996399879455566, "tonal.tuning_frequency": 434.193115234375, "tonal.tuning_nontempered_energy_ratio": 0.9307292699813843, "lowlevel.barkbands.mean": [0.002593653043732047, 0.019538862630724907, 0.0036976225674152374, 0.001784906955435872, 0.0009468417265452445, 0.0011020733509212732, 0.0012030131183564663, 0.00040286354487761855, 0.000681892444845289, 0.0013117000926285982, 0.0015401170821860433, 0.001590048079378903, 0.0011316613527014852, 0.001029893639497459, 0.0011171204969286919, 0.00044302092283032835, 0.00027583405608311296, 0.0002165092882933095, 0.0005566171021200716, 0.0006858626729808748, 0.00027555524138733745, 0.00013149852748028934, 0.0002276026934850961, 0.00046562886564061046, 0.00044832073035649955, 0.00029391335556283593, 9.651635991758667e-06], "lowlevel.barkbands.stdev": [0.00522947171702981, 0.04180818423628807, 0.015151597559452057, 0.008409734815359116, 0.003125569550320506, 0.0031749822665005922, 0.0025982591323554516, 0.001203753869049251, 0.0022378077264875174, 0.0032604585867375135, 0.003948405385017395, 0.004994354676455259, 0.002984032966196537, 0.002645210362970829, 0.002835365943610668, 0.0010874364525079727, 0.0006362975691445172, 0.0005977248656563461, 0.0007674501975998282, 0.0008733737049624324, 0.0002970440255012363, 0.00010391714022262022, 0.00026959393289871514, 0.0006465029437094927, 0.0006674647447653115, 0.0004102795210201293, 1.3417940863291733e-05], "lowlevel.erbbands.mean": [0.8687329292297363, 3.110006809234619, 4.6155104637146, 5.573917865753174, 4.220408916473389, 2.9500691890716553, 4.529191970825195, 10.332046508789062, 13.135961532592773, 21.168798446655273, 6.429900169372559, 13.999749183654785, 28.503522872924805, 58.30625534057617, 59.42950439453125, 72.16822052001953, 54.4316520690918, 59.45630645751953, 54.21041488647461, 44.79097366333008, 24.804147720336914, 16.619794845581055, 12.148533821105957, 15.287843704223633, 35.93132019042969, 35.372459411621094, 18.594018936157227, 5.813896179199219, 4.758933067321777, 5.525740623474121, 6.607849597930908, 8.193066596984863, 8.49372386932373, 5.645328521728516, 2.7670767307281494, 1.2671751976013184, 0.5401502251625061, 0.08726310729980469, 0.0017155478708446026, 0.00011220401938771829], "lowlevel.erbbands.stdev": [1.7849925756454468, 8.45557689666748, 16.827634811401367, 25.15338897705078, 18.95368766784668, 9.078579902648926, 12.864396095275879, 31.286775588989258, 27.85859489440918, 57.08879470825195, 14.09614372253418, 52.07669448852539, 68.20878601074219, 140.96173095703125, 128.6957550048828, 220.13330078125, 136.74867248535156, 144.38894653320312, 145.00665283203125, 115.7266845703125, 59.36330032348633, 37.10094451904297, 34.361488342285156, 25.827686309814453, 45.22236251831055, 45.95454788208008, 21.646076202392578, 4.655649662017822, 3.807417631149292, 5.204095840454102, 8.161359786987305, 11.274953842163086, 12.360665321350098, 8.494297981262207, 4.335141181945801, 2.0567572116851807, 0.7421889901161194, 0.10346946865320206, 0.0019436595030128956, 9.767426672624424e-05], "lowlevel.gfcc.mean": [18.719682693481445, -2.9386701583862305, -124.87750244140625, 4.848079204559326, -66.58705139160156, 20.683753967285156, -40.53578567504883, 16.880855560302734, -33.252349853515625, 20.723957061767578, -6.826114177703857, 7.756453037261963, -6.206452369689941], "lowlevel.melbands.mean": [0.006406137719750404, 0.002888995222747326, 0.0009230338619090617, 0.00023132424394134432, 0.00015576770238112658, 0.0002282956993440166, 0.00021685879619326442, 0.00020346121164038777, 4.623661516234279e-05, 9.807049355003983e-05, 0.00014093292702455074, 0.00023019449145067483, 0.00021890121570322663, 0.0001948681747308001, 0.00013202136324252933, 0.00011365616956027225, 0.000107862229924649, 8.37330226204358e-05, 6.828823825344443e-05, 4.053508018841967e-05, 2.8145457690698095e-05, 1.7515398212708533e-05, 1.3101546755933668e-05, 9.033900823851582e-06, 1.1049148270103615e-05, 2.6052868633996695e-05, 2.5701725462567993e-05, 2.2202899344847538e-05, 1.3517229490389582e-05, 5.693368166248547e-06, 2.466034857206978e-06, 2.5973590709327254e-06, 2.6621737561072223e-06, 3.3089872886193916e-06, 3.6202291084919125e-06, 4.2048773138958495e-06, 5.385309577832231e-06, 6.138632670626976e-06, 5.577064257522579e-06, 4.500676823226968e-06], "lowlevel.melbands.stdev": [0.013075956143438816, 0.008688228204846382, 0.00411051232367754, 0.0008609158685430884, 0.00041727611096575856, 0.0006615715101361275, 0.00043875290430150926, 0.0005528224864974618, 0.00013062558718957007, 0.00034243345726281404, 0.00034289254108443856, 0.0005865006241947412, 0.000548219250049442, 0.0006271596648730338, 0.00033252028515562415, 0.00028817172278650105, 0.0002878343511838466, 0.00023225840413942933, 0.00016818245057947934, 0.00010701434803195298, 8.118589175865054e-05, 4.487880505621433e-05, 4.4205618905834854e-05, 2.2087675461079925e-05, 2.209777812822722e-05, 4.356611316325143e-05, 3.3117543353000656e-05, 3.256892887293361e-05, 1.8933094906969927e-05, 5.863590558874421e-06, 2.098821596518974e-06, 2.1750415726273786e-06, 2.3059453724272316e-06, 3.55525503437093e-06, 4.674042429542169e-06, 5.657995643559843e-06, 7.617643859703094e-06, 9.36085416469723e-06, 7.725221621512901e-06, 7.411060323647689e-06], "lowlevel.melbands128.mean": [0.0024705801624804735, 0.00822044350206852, 0.0072520882822573185, 0.004549671895802021, 0.0026683281175792217, 0.001696340856142342, 0.0011906955623999238, 0.0007795144920237362, 0.00038856337778270245, 0.00017009253497235477, 0.00015636332682333887, 0.0001399480679538101, 0.00012212397996336222, 0.00022138554777484387, 0.00023737420269753784, 0.0002482542477082461, 0.00018738795188255608, 0.00019639628590084612, 0.0002530913916416466, 0.00032053457107394934, 0.00011732611164916307, 3.801227649091743e-05, 3.0583170882891864e-05, 5.782920925412327e-05, 8.520366827724501e-05, 0.00010007991659222171, 0.00016905351367313415, 0.00014045678835827857, 9.629959822632372e-05, 0.00025814547552727163, 0.00022591406013816595, 0.0002740503696259111, 0.0002983802114613354, 0.00010282011498929933, 0.0001257983094546944, 0.0002905850124079734, 0.00020998058607801795, 6.301901885308325e-05, 0.00014375551836565137, 0.0001283549499930814, 6.976210715947673e-05, 0.00016053490980993956, 0.00010773732356028631, 9.749347373144701e-05, 5.511246854439378e-05, 8.716342563275248e-05, 0.0001187276720884256, 3.646381082944572e-05, 6.860072608105838e-05, 8.292389247799292e-05, 1.9588909708545543e-05, 1.8793094568536617e-05, 3.7051351682748646e-05, 2.878631858038716e-05, 1.686411997070536e-05, 2.028993003477808e-05, 1.2707686437352095e-05, 1.3929924534750171e-05, 1.3893040886614472e-05, 1.0144547559320927e-05, 7.949332029966172e-06, 8.307913958560675e-06, 1.1054165042878594e-05, 1.0843936252058484e-05, 1.1661951248242985e-05, 3.1345269235316664e-05, 3.222326631657779e-05, 2.217399378423579e-05, 2.185728408221621e-05, 3.472790922387503e-05, 2.5125602405751124e-05, 1.3612167094834149e-05, 1.4859355360385962e-05, 1.630122642382048e-05, 8.403576430282556e-06, 5.975842213956639e-06, 4.811207418242702e-06, 2.3553400296805194e-06, 2.2479919152829098e-06, 2.191505700466223e-06, 2.574478457972873e-06, 2.8476531497290125e-06, 2.6157219963351963e-06, 2.6704001356847584e-06, 2.5557171738910256e-06, 3.105582891294034e-06, 3.5836087590723764e-06, 3.675968855532119e-06, 3.4092674923158484e-06, 3.679920837384998e-06, 4.34169714935706e-06, 3.890843800036237e-06, 4.851167886954499e-06, 5.02230159327155e-06, 6.085514087317279e-06, 6.575173756573349e-06, 5.9380026868893765e-06, 5.78753406443866e-06, 5.874856469745282e-06, 5.478850198414875e-06, 4.600865850079572e-06, 4.755610007123323e-06, 3.619963081291644e-06, 3.999449290859047e-06, 2.804361656671972e-06, 2.563367615948664e-06, 2.7598205178946955e-06, 2.575627149781212e-06, 2.008526280405931e-06, 1.945208396136877e-06, 1.754054096636537e-06, 1.7638725466895266e-06, 1.854311335591774e-06, 1.7209779343829723e-06, 1.4156601082504494e-06, 1.1305619409540668e-06, 3.990830066413764e-07, 1.5868407032826326e-08, 6.9142005489075675e-12, 6.302724401413551e-12, 6.035178867075386e-12, 5.841774113057863e-12, 5.6668346230803746e-12, 5.520256127211631e-12, 5.3060997436127355e-12, 5.022270793686445e-12, 4.858315139077973e-12, 4.806522801298341e-12], "lowlevel.melbands128.stdev": [0.005025472026318312, 0.017277929931879044, 0.017358876764774323, 0.014082181267440319, 0.009809245355427265, 0.007184222806245089, 0.005568834021687508, 0.0036628192756325006, 0.0017994422232732177, 0.0006939633167348802, 0.0005238013691268861, 0.0004662361752707511, 0.0003784355358220637, 0.0009969731327146292, 0.0008836279739625752, 0.0008737763855606318, 0.0005076222587376833, 0.0006415741518139839, 0.0006582291680388153, 0.0010405537905171514, 0.0004161072720307857, 0.0001320249430136755, 8.045681897783652e-05, 0.00030492013320326805, 0.0005148681229911745, 0.00044270040234550834, 0.0006123082712292671, 0.0004899538471363485, 0.0003001365694217384, 0.0008749159169383347, 0.000839063199236989, 0.0008634548867121339, 0.0009192344732582569, 0.00044893950689584017, 0.0005271725240163505, 0.0012137532467022538, 0.0008775428868830204, 0.00024112852406688035, 0.0005632393877021968, 0.0005143507733009756, 0.0002820455702021718, 0.0006316177314147353, 0.0003794918011408299, 0.000415088317822665, 0.0002701295888982713, 0.0003504312189761549, 0.0004990870365872979, 0.00015254481695592403, 0.0002616309793666005, 0.0002919111866503954, 8.895655628293753e-05, 6.332559860311449e-05, 0.00014049441961105913, 0.00011368626292096451, 5.274379509501159e-05, 7.938405906315893e-05, 3.780800398089923e-05, 6.51886803098023e-05, 6.235356704564765e-05, 5.4288542742142454e-05, 2.079163823509589e-05, 2.0352610590634868e-05, 3.5759196180151775e-05, 3.212777301087044e-05, 2.890342875616625e-05, 8.592433732701465e-05, 5.623487595585175e-05, 4.507373887463473e-05, 4.7244629968190566e-05, 6.485410267487168e-05, 5.6551732996013016e-05, 2.8173713872092776e-05, 3.080631358898245e-05, 3.066663339268416e-05, 1.1159953828610014e-05, 9.056318958755583e-06, 5.881458037038101e-06, 2.967242608065135e-06, 2.5562251266819658e-06, 2.2323292796500027e-06, 2.570479637142853e-06, 3.020887106686132e-06, 2.4201867745432537e-06, 2.9149275633244542e-06, 2.4875148483261e-06, 3.154342493871809e-06, 4.9450200094725005e-06, 5.4867832659510896e-06, 5.047899321652949e-06, 5.402641818363918e-06, 6.10979986959137e-06, 6.0633610701188445e-06, 8.23946265882114e-06, 8.178931238944642e-06, 9.172832506010309e-06, 9.530093848297838e-06, 1.114151473302627e-05, 1.0473377187736332e-05, 8.534684639016632e-06, 7.681589522690047e-06, 7.954405191412661e-06, 8.87037367647281e-06, 6.742208370269509e-06, 7.564949100924423e-06, 4.7017770157253835e-06, 4.442129466042388e-06, 5.111427071824437e-06, 4.534820163826225e-06, 4.157448074693093e-06, 3.1626025247533107e-06, 3.198356125722057e-06, 3.0141507068037754e-06, 2.6387342586531304e-06, 2.5823264877544716e-06, 1.786704160622321e-06, 1.4802471923758276e-06, 5.214334350966965e-07, 4.556004995492913e-08, 1.7983392552878286e-11, 1.7498570301088812e-11, 1.7366596008483448e-11, 1.703016200282903e-11, 1.6954583570427673e-11, 1.621880060809211e-11, 1.3782733634948308e-11, 1.0755112078708606e-11, 1.003427549384206e-11, 9.944247682247553e-12], "lowlevel.mfcc.mean": [-630.6551513671875, 49.37748336791992, -7.761938095092773, -7.440422058105469, -3.469621181488037, -4.420736312866211, 9.909313201904297, -9.987080574035645, -5.440306186676025, 8.51975154876709, -6.572606086730957, 1.6219067573547363, 10.279414176940918], "lowlevel.spectral_contrast_coeffs.mean": [-0.6851599216461182, -0.738605797290802, -0.7205930948257446, -0.7588719725608826, -0.7687957286834717, -0.7906180620193481], "lowlevel.spectral_contrast_coeffs.stdev": [0.1119842529296875, 0.08783269673585892, 0.09439073503017426, 0.07702396810054779, 0.05588337406516075, 0.027764631435275078], "lowlevel.spectral_contrast_valleys.mean": [-8.37004566192627, -7.311856746673584, -7.494236469268799, -7.560859203338623, -7.2357282638549805, -9.214401245117188], "lowlevel.spectral_contrast_valleys.stdev": [1.6430188417434692, 0.6375620365142822, 0.5286297798156738, 0.4614887535572052, 0.41024619340896606, 0.45804086327552795], "rhythm.beats_loudness_band_ratio.mean": [0.7900514602661133, 0.021278101950883865, 0.026168808341026306, 0.07497994601726532, 0.03408250957727432, 0.057690687477588654], "rhythm.beats_loudness_band_ratio.stdev": [0.3335999846458435, 0.061344992369413376, 0.051049549132585526, 0.13718073070049286, 0.06503984332084656, 0.1201903373003006], "tonal.hpcp.mean": [0.13439834117889404, 0.1583051234483719, 0.1163768470287323, 0.08118949830532074, 0.06995214521884918, 0.08943220973014832, 0.19553832709789276, 0.2193843126296997, 0.1096598282456398, 0.08305907994508743, 0.08776025474071503, 0.07088150084018707, 0.07606863230466843, 0.07659438252449036, 0.08011139184236526, 0.10648920387029648, 0.11260806769132614, 0.07897258549928665, 0.06354747712612152, 0.08369796723127365, 0.11300762742757797, 0.19011719524860382, 0.25379037857055664, 0.19810785353183746, 0.10919614136219025, 0.0721416249871254, 0.07834414392709732, 0.12240154296159744, 0.12420254945755005, 0.09844135493040085, 0.13558107614517212, 0.14089570939540863, 0.08866655826568604, 0.06428896635770798, 0.06973746418952942, 0.08414720743894577], "tonal.hpcp.stdev": [0.23835669457912445, 0.28066229820251465, 0.23596422374248505, 0.19323426485061646, 0.18344928324222565, 0.19856080412864685, 0.30559825897216797, 0.339019238948822, 0.20989632606506348, 0.19155462086200714, 0.20857179164886475, 0.17729401588439941, 0.18660514056682587, 0.17890594899654388, 0.1820124238729477, 0.2038739025592804, 0.21387246251106262, 0.17685465514659882, 0.14886648952960968, 0.19269388914108276, 0.23350313305854797, 0.28740793466567993, 0.3459775447845459, 0.3068085312843323, 0.2246357500553131, 0.172967329621315, 0.1927400678396225, 0.24043850600719452, 0.23005713522434235, 0.19841384887695312, 0.2529012858867645, 0.25430670380592346, 0.1839529275894165, 0.1521458923816681, 0.16848261654376984, 0.1773441731929779], "rhythm.beats_position": [0.42956915497779846, 0.8823582530021667, 1.3467572927474976, 1.8111563920974731, 2.2755556106567383, 2.739954710006714, 3.2043535709381104, 3.6803627014160156, 4.156371593475342, 4.6207709312438965, 5.085169792175293, 5.549569129943848, 6.025578022003174, 6.501587390899658, 6.965986251831055, 7.430385589599609, 7.894784450531006, 8.370793342590332, 8.846802711486816, 9.311202049255371, 9.77560043334961, 10.239999771118164, 10.704399108886719, 11.180407524108887, 11.656416893005371, 12.120816230773926, 12.58521556854248, 13.049613952636719, 13.525623321533203, 14.001632690429688, 14.466031074523926, 14.93043041229248, 15.394829750061035, 15.87083911895752, 16.346847534179688, 16.811246871948242, 17.275646209716797, 17.74004554748535, 18.204444885253906, 18.668842315673828, 19.144851684570312, 19.620861053466797, 20.08526039123535, 20.549659729003906, 21.01405906677246, 21.501678466796875, 21.966075897216797, 22.43047523498535, 22.894874572753906, 23.35927391052246, 23.835283279418945, 24.31129264831543, 24.775691986083984, 25.240089416503906, 25.70448875427246, 26.192108154296875, 26.65650749206543, 27.120906829833984, 27.58530616760254, 28.049705505371094, 28.525712966918945, 29.00172233581543, 29.466121673583984, 29.93052101135254, 30.394920349121094, 30.870929718017578, 31.346939086914062, 31.822946548461914, 32.28734588623047, 32.751747131347656, 33.227752685546875, 33.69215393066406, 34.156551361083984, 34.62095260620117, 35.085350036621094, 35.56135940551758, 36.03736877441406, 36.501766204833984, 36.96616744995117, 37.430564880371094], "rhythm.bpm_histogram": [0.0, 0.0, 0.0, 0.0, 0.0, 0.0, 0.0, 0.0, 0.0, 0.0, 0.0, 0.0, 0.0, 0.0, 0.0, 0.0, 0.0, 0.0, 0.0, 0.0, 0.0, 0.0, 0.0, 0.0, 0.0, 0.0, 0.0, 0.0, 0.0, 0.0, 0.0, 0.0, 0.0, 0.0, 0.0, 0.0, 0.0, 0.0, 0.0, 0.0, 0.0, 0.0, 0.0, 0.0, 0.0, 0.0, 0.0, 0.0, 0.0, 0.0, 0.0, 0.0, 0.0, 0.0, 0.0, 0.0, 0.0, 0.0, 0.0, 0.0, 0.0, 0.0, 0.0, 0.0, 0.0, 0.0, 0.0, 0.0, 0.0, 0.0, 0.0, 0.0, 0.0, 0.0, 0.0, 0.0, 0.0, 0.0, 0.0, 0.0, 0.0, 0.0, 0.0, 0.0, 0.0, 0.0, 0.0, 0.0, 0.0, 0.0, 0.0, 0.0, 0.0, 0.0, 0.0, 0.0, 0.0, 0.0, 0.0, 0.0, 0.0, 0.0, 0.0, 0.0, 0.0, 0.0, 0.0, 0.0, 0.0, 0.0, 0.0, 0.0, 0.0, 0.0, 0.0, 0.0, 0.0, 0.0, 0.0, 0.0, 0.0, 0.0, 0.0, 0.025316456332802773, 0.0, 0.0, 0.3037974536418915, 0.0, 0.0, 0.6582278609275818, 0.0, 0.0, 0.0, 0.012658228166401386, 0.0, 0.0, 0.0, 0.0, 0.0, 0.0, 0.0, 0.0, 0.0, 0.0, 0.0, 0.0, 0.0, 0.0, 0.0, 0.0, 0.0, 0.0, 0.0, 0.0, 0.0, 0.0, 0.0, 0.0, 0.0, 0.0, 0.0, 0.0, 0.0, 0.0, 0.0, 0.0, 0.0, 0.0, 0.0, 0.0, 0.0, 0.0, 0.0, 0.0, 0.0, 0.0, 0.0, 0.0, 0.0, 0.0, 0.0, 0.0, 0.0, 0.0, 0.0, 0.0, 0.0, 0.0, 0.0, 0.0, 0.0, 0.0, 0.0, 0.0, 0.0, 0.0, 0.0, 0.0, 0.0, 0.0, 0.0, 0.0, 0.0, 0.0, 0.0, 0.0, 0.0, 0.0, 0.0, 0.0, 0.0, 0.0, 0.0, 0.0, 0.0, 0.0, 0.0, 0.0, 0.0, 0.0, 0.0, 0.0, 0.0, 0.0, 0.0, 0.0, 0.0, 0.0, 0.0, 0.0, 0.0, 0.0, 0.0, 0.0, 0.0, 0.0, 0.0, 0.0, 0.0, 0.0, 0.0, 0.0, 0.0, 0.0, 0.0, 0.0, 0.0, 0.0, 0.0, 0.0], "tonal.chords_histogram": [25.85784339904785, 9.803921699523926, 7.352941036224365, 5.147058963775635, 6.004901885986328, 8.333333015441895, 1.593137264251709, 1.470588207244873, 0.0, 0.12254901975393295, 0.0, 0.0, 0.0, 0.0, 0.0, 0.0, 0.0, 0.0, 0.0, 0.2450980395078659, 1.1029411554336548, 0.0, 10.29411792755127, 22.671567916870117], "tonal.thpcp": [1.0, 0.7805963754653931, 0.43026116490364075, 0.2842567265033722, 0.30869626998901367, 0.48229387402534485, 0.4893903136253357, 0.3878844976425171, 0.5342246294021606, 0.555165708065033, 0.34936925768852234, 0.2533152103424072, 0.274783730506897, 0.3315618634223938, 0.529564380645752, 0.6237633228302002, 0.4585550129413605, 0.31990769505500793, 0.27562960982322693, 0.35238611698150635, 0.7704718112945557, 0.8644311428070068, 0.4320881962776184, 0.327274352312088, 0.34579819440841675, 0.2792915105819702, 0.2997301518917084, 0.30180177092552185, 0.31565970182418823, 0.4195951223373413, 0.4437050223350525, 0.3111724853515625, 0.2503935694694519, 0.32979172468185425, 0.44527938961982727, 0.7491111159324646], "lowlevel.gfcc.cov": [[2212.209716796875, 1201.810546875, 822.6389770507812, 742.5704956054688, 694.3151245117188, 429.2403259277344, 358.548583984375, 232.5347442626953, 238.92718505859375, 17.82304573059082, -28.823339462280273, -19.85727882385254, -83.68364715576172], [1201.810546875, 1473.3519287109375, 988.5194091796875, 827.3719482421875, 714.7490234375, 467.7647399902344, 422.5687561035156, 221.13551330566406, 238.13336181640625, 43.816917419433594, 9.684957504272461, -11.500289916992188, -66.07217407226562], [822.6389770507812, 988.5194091796875, 1507.761962890625, 963.6849365234375, 644.1834106445312, 452.41851806640625, 291.56903076171875, 326.1776123046875, 335.445556640625, 12.313263893127441, -20.26925277709961, 109.29584503173828, -87.73927307128906], [742.5704956054688, 827.3719482421875, 963.6849365234375, 894.4991455078125, 676.198974609375, 426.197998046875, 319.7633056640625, 303.6517333984375, 284.24566650390625, 46.3526611328125, 26.321964263916016, 64.92864990234375, -30.715084075927734], [694.3151245117188, 714.7490234375, 644.1834106445312, 676.198974609375, 724.9359741210938, 524.2275390625, 393.94549560546875, 232.70570373535156, 201.47735595703125, 95.99547576904297, 49.48643112182617, -5.376740455627441, -9.048404693603516], [429.2403259277344, 467.7647399902344, 452.41851806640625, 426.197998046875, 524.2275390625, 610.7919921875, 446.78045654296875, 190.58544921875, 177.25050354003906, 162.47218322753906, 116.8590087890625, 6.150986671447754, 29.05754280090332], [358.548583984375, 422.5687561035156, 291.56903076171875, 319.7633056640625, 393.94549560546875, 446.78045654296875, 475.7018737792969, 241.90380859375, 167.08970642089844, 157.48831176757812, 146.69381713867188, 39.9348030090332, 53.456607818603516], [232.5347442626953, 221.13551330566406, 326.1776123046875, 303.6517333984375, 232.70570373535156, 190.58544921875, 241.90380859375, 324.1640930175781, 239.47268676757812, 92.0045394897461, 92.13961791992188, 100.25264739990234, 52.63544464111328], [238.92718505859375, 238.13336181640625, 335.445556640625, 284.24566650390625, 201.47735595703125, 177.25050354003906, 167.08970642089844, 239.47268676757812, 295.05621337890625, 134.03956604003906, 90.42015075683594, 99.27682495117188, 43.74458694458008], [17.82304573059082, 43.816917419433594, 12.313263893127441, 46.3526611328125, 95.99547576904297, 162.47218322753906, 157.48831176757812, 92.0045394897461, 134.03956604003906, 207.5462646484375, 151.99990844726562, 34.171966552734375, 42.52311325073242], [-28.823339462280273, 9.684957504272461, -20.26925277709961, 26.321964263916016, 49.48643112182617, 116.8590087890625, 146.69381713867188, 92.13961791992188, 90.42015075683594, 151.99990844726562, 186.72799682617188, 75.47747039794922, 49.25989532470703], [-19.85727882385254, -11.500289916992188, 109.29584503173828, 64.92864990234375, -5.376740455627441, 6.150986671447754, 39.9348030090332, 100.25264739990234, 99.27682495117188, 34.171966552734375, 75.47747039794922, 147.99237060546875, 70.87247467041016], [-83.68364715576172, -66.07217407226562, -87.73927307128906, -30.715084075927734, -9.048404693603516, 29.05754280090332, 53.456607818603516, 52.63544464111328, 43.74458694458008, 42.52311325073242, 49.25989532470703, 70.87247467041016, 133.0235137939453]], "lowlevel.gfcc.icov": [[0.0008791900472715497, -0.0006519960588775575, 0.00016940409841481596, 0.00018100423039868474, -0.0004456664028111845, -8.757381147006527e-05, 0.00016233694623224437, -0.00020218457211740315, -0.0002470797917339951, 0.00013142862007953227, 0.0003214496828150004, -0.0003114207647740841, 0.00047247600741684437], [-0.0006519960588775575, 0.0028280969709157944, -0.0012021923903375864, -0.000587918795645237, -0.0009497182909399271, 0.0023074692580848932, -0.0032641063444316387, 0.0029220031574368477, -0.0019134609028697014, 0.0014139435952529311, -0.0011846403358504176, 0.0019892100244760513, -0.0007911591092124581], [0.00016940409841481596, -0.0012021923903375864, 0.0037376713007688522, -0.0034014168195426464, 0.0022383409086614847, -0.002928633475676179, 0.00183062010910362, -0.0015028733760118484, 0.0008301585330627859, -0.0014155363896861672, 0.003026575781404972, -0.003780319821089506, 0.002913157921284437], [0.00018100423039868474, -0.000587918795645237, -0.0034014168195426464, 0.011010079644620419, -0.008118226192891598, 0.0020973430946469307, 0.0010453586000949144, -0.0011394413886591792, -0.0025064204819500446, 0.003407364012673497, -0.002884965855628252, 0.00021542745525948703, -0.0001704316819086671], [-0.0004456664028111845, -0.0009497182909399271, 0.0022383409086614847, -0.008118226192891598, 0.012363837100565434, -0.006173986475914717, 0.0007536838529631495, -0.0018945063930004835, 0.002887049922719598, -0.0027400492690503597, 0.0028017433360219, 0.0008702973136678338, -8.851775783114135e-05], [-8.757381147006527e-05, 0.0023074692580848932, -0.002928633475676179, 0.0020973430946469307, -0.006173986475914717, 0.01250741071999073, -0.0098101906478405, 0.006541951093822718, -0.004190165549516678, 0.0008684052736498415, -0.00199573184363544, 0.0035723454784601927, -0.0022185936104506254], [0.00016233694623224437, -0.0032641063444316387, 0.00183062010910362, 0.0010453586000949144, 0.0007536838529631495, -0.0098101906478405, 0.01639341190457344, -0.010881400667130947, 0.006686624605208635, -0.0028600674122571945, -0.0015524934278801084, -0.0017149444902315736, 4.561628520605154e-05], [-0.00020218457211740315, 0.0029220031574368477, -0.0015028733760118484, -0.0011394413886591792, -0.0018945063930004835, 0.006541951093822718, -0.010881400667130947, 0.01728963851928711, -0.012271052226424217, 0.006735294125974178, -0.003673602594062686, 0.0021278816275298595, -0.0018476160475984216], [-0.0002470797917339951, -0.0019134609028697014, 0.0008301585330627859, -0.0025064204819500446, 0.002887049922719598, -0.004190165549516678, 0.006686624605208635, -0.012271052226424217, 0.01977269910275936, -0.014460236765444279, 0.008078522980213165, -0.007580827455967665, 0.0013106490951031446], [0.00013142862007953227, 0.0014139435952529311, -0.0014155363896861672, 0.003407364012673497, -0.0027400492690503597, 0.0008684052736498415, -0.0028600674122571945, 0.006735294125974178, -0.014460236765444279, 0.025865528732538223, -0.019119208678603172, 0.010904873721301556, -0.003496699733659625], [0.0003214496828150004, -0.0011846403358504176, 0.003026575781404972, -0.002884965855628252, 0.0028017433360219, -0.00199573184363544, -0.0015524934278801084, -0.003673602594062686, 0.008078522980213165, -0.019119208678603172, 0.025930318981409073, -0.014712417498230934, 0.005339344032108784], [-0.0003114207647740841, 0.0019892100244760513, -0.003780319821089506, 0.00021542745525948703, 0.0008702973136678338, 0.0035723454784601927, -0.0017149444902315736, 0.0021278816275298595, -0.007580827455967665, 0.010904873721301556, -0.014712417498230934, 0.023653563112020493, -0.010672505013644695], [0.00047247600741684437, -0.0007911591092124581, 0.002913157921284437, -0.0001704316819086671, -8.851775783114135e-05, -0.0022185936104506254, 4.561628520605154e-05, -0.0018476160475984216, 0.0013106490951031446, -0.003496699733659625, 0.005339344032108784, -0.010672505013644695, 0.014890856109559536]], "lowlevel.mfcc.cov": [[1874.0145263671875, 732.2971801757812, 340.9155578613281, 478.100830078125, 401.23797607421875, 337.04888916015625, 208.2421112060547, 287.3510437011719, 237.09359741210938, 137.4081573486328, 126.59510040283203, 93.52083587646484, 82.34766387939453], [732.2971801757812, 904.955322265625, 506.22119140625, 481.0997619628906, 380.6054382324219, 382.00177001953125, 252.4190673828125, 275.2084655761719, 202.59869384765625, 139.23361206054688, 159.5659942626953, 75.18385314941406, 36.36361312866211], [340.9155578613281, 506.22119140625, 875.5664672851562, 526.2465209960938, 467.3218688964844, 312.61883544921875, 131.52064514160156, 366.68719482421875, 232.08395385742188, 87.33393096923828, 237.77728271484375, 146.59593200683594, 15.546144485473633], [478.100830078125, 481.0997619628906, 526.2465209960938, 631.328369140625, 479.6888122558594, 259.65655517578125, 170.5344696044922, 322.684814453125, 236.9923858642578, 93.56390380859375, 160.47276306152344, 139.83447265625, 68.04209899902344], [401.23797607421875, 380.6054382324219, 467.3218688964844, 479.6888122558594, 524.8509521484375, 338.2638854980469, 196.2161865234375, 287.8077087402344, 237.78167724609375, 127.02234649658203, 143.38356018066406, 117.87813568115234, 70.2317886352539], [337.04888916015625, 382.00177001953125, 312.61883544921875, 259.65655517578125, 338.2638854980469, 512.7719116210938, 346.79473876953125, 212.85409545898438, 195.2141876220703, 203.65147399902344, 142.16835021972656, 98.78346252441406, 99.15155792236328], [208.2421112060547, 252.4190673828125, 131.52064514160156, 170.5344696044922, 196.2161865234375, 346.79473876953125, 417.7355041503906, 191.2540740966797, 165.88009643554688, 198.25550842285156, 103.48095703125, 108.18217468261719, 126.69719696044922], [287.3510437011719, 275.2084655761719, 366.68719482421875, 322.684814453125, 287.8077087402344, 212.85409545898438, 191.2540740966797, 351.3445739746094, 232.6419219970703, 106.85721588134766, 152.926025390625, 118.87257385253906, 62.097999572753906], [237.09359741210938, 202.59869384765625, 232.08395385742188, 236.9923858642578, 237.78167724609375, 195.2141876220703, 165.88009643554688, 232.6419219970703, 267.8409423828125, 153.66098022460938, 110.38822937011719, 98.30410766601562, 89.25082397460938], [137.4081573486328, 139.23361206054688, 87.33393096923828, 93.56390380859375, 127.02234649658203, 203.65147399902344, 198.25550842285156, 106.85721588134766, 153.66098022460938, 224.25045776367188, 113.89483642578125, 87.82408905029297, 109.89167022705078], [126.59510040283203, 159.5659942626953, 237.77728271484375, 160.47276306152344, 143.38356018066406, 142.16835021972656, 103.48095703125, 152.926025390625, 110.38822937011719, 113.89483642578125, 208.35671997070312, 136.86822509765625, 65.19461822509766], [93.52083587646484, 75.18385314941406, 146.59593200683594, 139.83447265625, 117.87813568115234, 98.78346252441406, 108.18217468261719, 118.87257385253906, 98.30410766601562, 87.82408905029297, 136.86822509765625, 184.7314453125, 114.30165100097656], [82.34766387939453, 36.36361312866211, 15.546144485473633, 68.04209899902344, 70.2317886352539, 99.15155792236328, 126.69719696044922, 62.097999572753906, 89.25082397460938, 109.89167022705078, 65.19461822509766, 114.30165100097656, 170.99366760253906]], "lowlevel.mfcc.icov": [[0.0008591667283326387, -0.0006856594700366259, 0.00040134479058906436, -0.00013874754949938506, -0.00018469479982741177, -0.00017917138757184148, 0.00039054633816704154, -0.00036403999547474086, -4.9035734264180064e-05, -1.0409321475890465e-05, 0.00013353176473174244, -0.00011304159852443263, -0.0001697065308690071], [-0.0006856594700366259, 0.0031026965007185936, -0.0008367467671632767, -0.001956877764314413, 0.0013284973101690412, -0.0011245299829170108, -0.0006081581814214587, 0.0004898763727396727, 9.002513979794458e-05, -0.00024686375400051475, -0.000580908905249089, 0.0012932978570461273, 0.00037289521424099803], [0.00040134479058906436, -0.0008367467671632767, 0.003952307626605034, -0.0009445436298847198, -0.0009414123487658799, -0.001225201180204749, 0.001611118670552969, -0.0018970611272379756, 0.00026394211454316974, 0.0006731619942001998, -0.0017956881783902645, -0.0005438168300315738, 0.0010712472721934319], [-0.00013874754949938506, -0.001956877764314413, -0.0009445436298847198, 0.008536254987120628, -0.0061949449591338634, 0.002911243587732315, -0.0009272136958315969, -0.0010332140373066068, -0.00038664156454615295, 0.0013597795041278005, 0.0001523332903161645, -0.001330849714577198, -0.0007498860359191895], [-0.00018469479982741177, 0.0013284973101690412, -0.0009414123487658799, -0.0061949449591338634, 0.010791006498038769, -0.004941933322697878, 0.0018417551182210445, -0.0005017973599024117, -0.0015620251651853323, -0.0005709995166398585, 0.0015576430596411228, -0.00031135461176745594, 0.00040466568316332996], [-0.00017917138757184148, -0.0011245299829170108, -0.001225201180204749, 0.002911243587732315, -0.004941933322697878, 0.008962915278971195, -0.005397091154009104, 0.0017708115046843886, -0.0001534337061457336, -0.0008947617025114596, -0.001565739163197577, 0.0015706026460975409, -0.0003309543535578996], [0.00039054633816704154, -0.0006081581814214587, 0.001611118670552969, -0.0009272136958315969, 0.0018417551182210445, -0.005397091154009104, 0.009330565109848976, -0.00477574672549963, 0.0024274655152112246, -0.004140382632613182, 0.0031776868272572756, -0.0023238249123096466, -0.0009066154016181827], [-0.00036403999547474086, 0.0004898763727396727, -0.0018970611272379756, -0.0010332140373066068, -0.0005017973599024117, 0.0017708115046843886, -0.00477574672549963, 0.01326077338308096, -0.008538350462913513, 0.0049794684164226055, -0.004410428460687399, 0.0007306108600459993, 0.0010065090609714389], [-4.9035734264180064e-05, 9.002513979794458e-05, 0.00026394211454316974, -0.00038664156454615295, -0.0015620251651853323, -0.0001534337061457336, 0.0024274655152112246, -0.008538350462913513, 0.01527391280978918, -0.008402492851018906, 0.0036405744031071663, -0.0008493393543176353, -0.0012255599722266197], [-1.0409321475890465e-05, -0.00024686375400051475, 0.0006731619942001998, 0.0013597795041278005, -0.0005709995166398585, -0.0008947617025114596, -0.004140382632613182, 0.0049794684164226055, -0.008402492851018906, 0.016677556559443474, -0.007980589754879475, 0.0037313580978661776, -0.00431582098826766], [0.00013353176473174244, -0.000580908905249089, -0.0017956881783902645, 0.0001523332903161645, 0.0015576430596411228, -0.001565739163197577, 0.0031776868272572756, -0.004410428460687399, 0.0036405744031071663, -0.007980589754879475, 0.017116352915763855, -0.010719536803662777, 0.003545427694916725], [-0.00011304159852443263, 0.0012932978570461273, -0.0005438168300315738, -0.001330849714577198, -0.00031135461176745594, 0.0015706026460975409, -0.0023238249123096466, 0.0007306108600459993, -0.0008493393543176353, 0.0037313580978661776, -0.010719536803662777, 0.0192614383995533, -0.009710999205708504], [-0.0001697065308690071, 0.00037289521424099803, 0.0010712472721934319, -0.0007498860359191895, 0.00040466568316332996, -0.0003309543535578996, -0.0009066154016181827, 0.0010065090609714389, -0.0012255599722266197, -0.00431582098826766, 0.003545427694916725, -0.009710999205708504, 0.014936449937522411]], "metadata.audio_properties.analysis.downmix": "mix", "metadata.audio_properties.codec": "mp3", "metadata.audio_properties.md5_encoded": "4fe83bc1aaf639ce231627248fcb2ccf", "metadata.tags.file_name": "1182267023112282112.mp3", "metadata.version.essentia": "2.1-beta6-dev", "metadata.version.essentia_git_sha": "v2.1_beta5-1110-g77a6a954", "metadata.version.extractor": "music 2.0", "tonal.chords_key": "E", "ton