{"song_id": "1182267299735031848", "download": "https://cdn.discordapp.com/attachments/1135903449314238464/1182267299735031848/chirp.mp4?ex=65841339&amp", "lyrics": "gululugululu, let's go brush our teeth\n\nBrush your teeth up and down\n\nClean along gaps with care\nCavities go buzz buzz away\n\nTooth by tooth ding ding hooray\n\nChorus:\nHappily sing tra la la\nBrush diligently everyday\nFight tooth decay\nSmile bright, hip hip hooray\n\nVerse 2:\nCircle round those whites\n\nShoo away tiny bugs\n\nTooth by tooth make bright\nRinse and gargle after right\n\nChorus:\n\nHappily sing tra la la\nBrush diligently everyday\nFight tooth decay\nSmile bright, hip hip hooray", "style": ["random"], "essentia_features": {"lowlevel.average_loudness": 0.9625330567359924, "lowlevel.barkbands_crest.mean": 13.444092750549316, "lowlevel.barkbands_crest.stdev": 4.430691719055176, "lowlevel.barkbands_flatness_db.mean": 0.1395811289548874, "lowlevel.barkbands_flatness_db.stdev": 0.049794845283031464, "lowlevel.barkbands_kurtosis.mean": 10.709837913513184, "lowlevel.barkbands_kurtosis.stdev": 17.347949981689453, "lowlevel.barkbands_skewness.mean": 2.6475472450256348, "lowlevel.barkbands_skewness.stdev": 1.9162532091140747, "lowlevel.barkbands_spread.mean": 31.581729888916016, "lowlevel.barkbands_spread.stdev": 20.369482040405273, "lowlevel.dissonance.mean": 0.47463881969451904, "lowlevel.dissonance.stdev": 0.023023078218102455, "lowlevel.dynamic_complexity": 3.1435556411743164, "lowlevel.erbbands_crest.mean": 8.831390380859375, "lowlevel.erbbands_crest.stdev": 4.336476802825928, "lowlevel.erbbands_flatness_db.mean": 0.1015704944729805, "lowlevel.erbbands_flatness_db.stdev": 0.04248391464352608, "lowlevel.erbbands_kurtosis.mean": 1.1865615844726562, "lowlevel.erbbands_kurtosis.stdev": 3.76187801361084, "lowlevel.erbbands_skewness.mean": 0.03408455476164818, "lowlevel.erbbands_skewness.stdev": 1.071694016456604, "lowlevel.erbbands_spread.mean": 56.27543640136719, "lowlevel.erbbands_spread.stdev": 28.644607543945312, "lowlevel.hfc.mean": 24.334012985229492, "lowlevel.hfc.stdev": 19.604381561279297, "lowlevel.loudness_ebu128.integrated": -16.4803524017334, "lowlevel.loudness_ebu128.loudness_range": 3.5651473999023438, "lowlevel.loudness_ebu128.momentary.mean": -16.760271072387695, "lowlevel.loudness_ebu128.momentary.stdev": 1.6127593517303467, "lowlevel.loudness_ebu128.short_term.mean": -16.6295223236084, "lowlevel.loudness_ebu128.short_term.stdev": 1.2058249711990356, "lowlevel.melbands_crest.mean": 22.858797073364258, "lowlevel.melbands_crest.stdev": 7.310876846313477, "lowlevel.melbands_flatness_db.mean": 0.2334783673286438, "lowlevel.melbands_flatness_db.stdev": 0.06290074437856674, "lowlevel.melbands_kurtosis.mean": 55.283164978027344, "lowlevel.melbands_kurtosis.stdev": 84.27719116210938, "lowlevel.melbands_skewness.mean": 5.402779579162598, "lowlevel.melbands_skewness.stdev": 3.9257616996765137, "lowlevel.melbands_spread.mean": 20.491558074951172, "lowlevel.melbands_spread.stdev": 21.000333786010742, "lowlevel.pitch_salience.mean": 0.3958531320095062, "lowlevel.pitch_salience.stdev": 0.1397046148777008, "lowlevel.silence_rate_20dB.mean": 1.0, "lowlevel.silence_rate_20dB.stdev": 0.0, "lowlevel.silence_rate_30dB.mean": 0.9872537851333618, "lowlevel.silence_rate_30dB.stdev": 0.11217649281024933, "lowlevel.silence_rate_60dB.mean": 0.0011587485205382109, "lowlevel.silence_rate_60dB.stdev": 0.03402106463909149, "lowlevel.spectral_centroid.mean": 1758.7889404296875, "lowlevel.spectral_centroid.stdev": 850.7442016601562, "lowlevel.spectral_complexity.mean": 13.291425704956055, "lowlevel.spectral_complexity.stdev": 8.391511917114258, "lowlevel.spectral_decrease.mean": -9.268009470986271e-09, "lowlevel.spectral_decrease.stdev": 8.82699691118205e-09, "lowlevel.spectral_energy.mean": 0.03718676418066025, "lowlevel.spectral_energy.stdev": 0.03420146182179451, "lowlevel.spectral_energyband_high.mean": 0.0017861470114439726, "lowlevel.spectral_energyband_high.stdev": 0.0021413457579910755, "lowlevel.spectral_energyband_low.mean": 0.022487720474600792, "lowlevel.spectral_energyband_low.stdev": 0.028043368831276894, "lowlevel.spectral_energyband_middle_high.mean": 0.0038931206800043583, "lowlevel.spectral_energyband_middle_high.stdev": 0.005929599050432444, "lowlevel.spectral_energyband_middle_low.mean": 0.008757248520851135, "lowlevel.spectral_energyband_middle_low.stdev": 0.01997108943760395, "lowlevel.spectral_entropy.mean": 8.019349098205566, "lowlevel.spectral_entropy.stdev": 0.3144039511680603, "lowlevel.spectral_flux.mean": 0.11303167045116425, "lowlevel.spectral_flux.stdev": 0.07607078552246094, "lowlevel.spectral_kurtosis.mean": 2.634796142578125, "lowlevel.spectral_kurtosis.stdev": 1.6672159433364868, "lowlevel.spectral_rms.mean": 0.005579614546149969, "lowlevel.spectral_rms.stdev": 0.0022688626777380705, "lowlevel.spectral_rolloff.mean": 1191.8768310546875, "lowlevel.spectral_rolloff.stdev": 1725.5931396484375, "lowlevel.spectral_skewness.mean": 1.3160794973373413, "lowlevel.spectral_skewness.stdev": 0.38902339339256287, "lowlevel.spectral_spread.mean": 7071585.0, "lowlevel.spectral_spread.stdev": 1797425.5, "lowlevel.spectral_strongpeak.mean": 0.5213379263877869, "lowlevel.spectral_strongpeak.stdev": 0.9312006831169128, "lowlevel.zerocrossingrate.mean": 0.08069738745689392, "lowlevel.zerocrossingrate.stdev": 0.03944943845272064, "metadata.audio_properties.analysis.equal_loudness": 0.0, "metadata.audio_properties.analysis.length": 40.04265213012695, "metadata.audio_properties.analysis.sample_rate": 44100.0, "metadata.audio_properties.analysis.start_time": 0.0, "metadata.audio_properties.bit_rate": 122798.0, "metadata.audio_properties.length": 40.042667388916016, "metadata.audio_properties.lossless": 0.0, "metadata.audio_properties.number_channels": 1.0, "metadata.audio_properties.replay_gain": -10.803306579589844, "metadata.audio_properties.sample_rate": 48000.0, "rhythm.beats_count": 69.0, "rhythm.beats_loudness.mean": 0.04521865025162697, "rhythm.beats_loudness.stdev": 0.0177508145570755, "rhythm.bpm": 104.22177124023438, "rhythm.bpm_histogram_first_peak_bpm": 103.0, "rhythm.bpm_histogram_first_peak_weight": 0.30000001192092896, "rhythm.bpm_histogram_second_peak_bpm": 108.0, "rhythm.bpm_histogram_second_peak_spread": 0.5, "rhythm.bpm_histogram_second_peak_weight": 0.05882352963089943, "rhythm.danceability": 1.399495005607605, "rhythm.onset_rate": 4.76851224899292, "tonal.chords_changes_rate": 0.08564814925193787, "tonal.chords_number_rate": 0.0173611119389534, "tonal.chords_strength.mean": 0.46315956115722656, "tonal.chords_strength.stdev": 0.1092340499162674, "tonal.hpcp_crest.mean": 11.663459777832031, "tonal.hpcp_crest.stdev": 5.314087867736816, "tonal.hpcp_entropy.mean": 2.285573720932007, "tonal.hpcp_entropy.stdev": 0.7436826825141907, "tonal.key_edma.strength": 0.630534291267395, "tonal.key_krumhansl.strength": 0.6267726421356201, "tonal.key_temperley.strength": 0.6292165517807007, "tonal.tuning_diatonic_strength": 0.45477166771888733, "tonal.tuning_equal_tempered_deviation": 0.2012414187192917, "tonal.tuning_frequency": 434.193115234375, "tonal.tuning_nontempered_energy_ratio": 0.8801201581954956, "lowlevel.barkbands.mean": [0.004573364742100239, 0.015916643664240837, 0.002346042077988386, 0.000531705329194665, 0.0046376194804906845, 0.0008668104419484735, 0.0009501386084593832, 0.0004931119037792087, 0.0011082073906436563, 0.0005650970269925892, 0.0005269187386147678, 0.000984902260825038, 0.0005490891635417938, 0.0003148243995383382, 0.0002004905545618385, 0.00029846662073396146, 0.0003109562094323337, 0.00010306486365152523, 7.775595440762118e-05, 0.00016899638285394758, 0.00047893516602925956, 0.0003338237293064594, 0.00017065645079128444, 0.00013994700566399843, 0.00017322698840871453, 0.0002855823840945959, 8.041994442464784e-05], "lowlevel.barkbands.stdev": [0.003999639302492142, 0.021826496347784996, 0.0054146908223629, 0.0012983232736587524, 0.01685361936688423, 0.0025824657641351223, 0.002778052818030119, 0.0013555417535826564, 0.0033687730319797993, 0.0018389015458524227, 0.0016614677151665092, 0.0033210315741598606, 0.0017571746138855815, 0.0008695914875715971, 0.0005731159471906722, 0.0006629579584114254, 0.0004182618868071586, 0.00015714301844127476, 0.00014317961176857352, 0.0003145652881357819, 0.0009737563086673617, 0.0006977108423598111, 0.00027418724494054914, 0.00017214196850545704, 0.00016598812362644821, 0.0002593616081867367, 8.822914242045954e-05], "lowlevel.erbbands.mean": [0.6828747391700745, 2.639657497406006, 3.6784307956695557, 1.934029459953308, 12.34643268585205, 14.398747444152832, 4.122570514678955, 9.130462646484375, 15.43266773223877, 9.170342445373535, 13.470162391662598, 22.59442710876465, 23.04066276550293, 20.23337745666504, 27.559043884277344, 34.58417510986328, 23.34547996520996, 22.07113265991211, 11.471136093139648, 11.500242233276367, 18.760208129882812, 17.340986251831055, 6.607451438903809, 4.554104328155518, 3.893953561782837, 7.450448989868164, 20.15028953552246, 15.677512168884277, 12.613941192626953, 8.247068405151367, 4.278849124908447, 2.971463203430176, 2.4060633182525635, 1.86715567111969, 1.2565257549285889, 0.711937665939331, 0.6421398520469666, 0.21436640620231628, 0.0077466038055717945, 0.00018586809164844453], "lowlevel.erbbands.stdev": [0.7788121700286865, 4.6224236488342285, 7.831265926361084, 3.782512903213501, 41.493045806884766, 57.362159729003906, 13.562800407409668, 27.73944091796875, 45.57831954956055, 20.08600425720215, 33.943939208984375, 72.6369400024414, 64.77291870117188, 56.06653594970703, 73.47439575195312, 120.42342376708984, 68.19178771972656, 64.01323699951172, 31.376279830932617, 25.738840103149414, 36.858604431152344, 23.170146942138672, 8.6441068649292, 8.579379081726074, 6.198620796203613, 12.661744117736816, 39.70747375488281, 34.73209762573242, 27.96027946472168, 14.149226188659668, 6.982476711273193, 3.91408634185791, 2.8647098541259766, 1.9483147859573364, 1.2037502527236938, 0.6833292245864868, 0.6074337363243103, 0.20858930051326752, 0.008126497268676758, 0.00015215067833196372], "lowlevel.gfcc.mean": [17.618572235107422, 36.02084732055664, -72.11231994628906, 30.986371994018555, -36.87934875488281, 29.697643280029297, -19.941112518310547, 18.078460693359375, -13.156197547912598, 16.66816520690918, -21.619464874267578, 16.501815795898438, -11.02357006072998], "lowlevel.melbands.mean": [0.00541021628305316, 0.002373783616349101, 0.0006091956747695804, 0.0011577762197703123, 0.00019064184743911028, 0.00020167825277894735, 0.000224591392907314, 9.597385360393673e-05, 0.00011512256605783477, 0.0001543518592370674, 0.00011480012472020462, 7.992205792106688e-05, 8.1046593550127e-05, 0.00011294399882899597, 6.438034324673936e-05, 5.585707913269289e-05, 3.7226080166874453e-05, 1.8162945707445033e-05, 1.4864635886624455e-05, 1.7743910575518385e-05, 2.2272650312515907e-05, 2.014179335674271e-05, 8.906775292416569e-06, 4.166144663031446e-06, 3.6219805679138517e-06, 2.7865269203175558e-06, 2.93200287160289e-06, 5.087809313408798e-06, 1.2452373084670398e-05, 1.2386084563331679e-05, 8.156071999110281e-06, 7.430038749589585e-06, 5.772736130893463e-06, 4.113705472263973e-06, 2.484032165739336e-06, 1.9827405139949406e-06, 1.729223299662408e-06, 1.669268385739997e-06, 1.6163968439286691e-06, 1.5466846434719628e-06], "lowlevel.melbands.stdev": [0.006392172072082758, 0.004593396093696356, 0.0014050999889150262, 0.004281170200556517, 0.0006954800919629633, 0.000585931702516973, 0.0006492134998552501, 0.0002225090138381347, 0.00029569826438091695, 0.000516237283591181, 0.0003326944133732468, 0.00023369010887108743, 0.00022920616902410984, 0.00039031810592859983, 0.0002696709125302732, 0.00017650383233558387, 0.00010895296145463362, 5.3921739890938625e-05, 4.3065509089501575e-05, 4.2815103370230645e-05, 4.188259845250286e-05, 2.839911940100137e-05, 1.2338427040958777e-05, 6.750855845893966e-06, 7.393661690002773e-06, 5.105579020892037e-06, 4.9926993597182445e-06, 9.30601072468562e-06, 2.489077451173216e-05, 2.771273284452036e-05, 1.9398026779526845e-05, 1.761667590471916e-05, 1.1390567124180961e-05, 6.826304343121592e-06, 4.232384981150972e-06, 2.9630862172780326e-06, 2.3049240098771406e-06, 2.123501644746284e-06, 1.7862363392850966e-06, 1.6607023098913487e-06], "lowlevel.melbands128.mean": [0.004041570704430342, 0.006598821375519037, 0.005413328297436237, 0.004242281429469585, 0.0024900047574192286, 0.0008922215783968568, 0.0002644527703523636, 0.00031347115873359144, 0.0013618608936667442, 0.00174994848202914, 0.000643703097011894, 0.00019205734133720398, 9.685549593996257e-05, 0.00011421355156926438, 0.00020271315588615835, 0.00023977679666131735, 0.0002747369871940464, 0.0002488068421371281, 0.00013234243670012802, 8.084584987955168e-05, 8.694865391589701e-05, 0.0001031391293508932, 0.00012258044444024563, 0.0001257416734006256, 0.00011633874237304553, 0.00019847594376187772, 0.00017141197167802602, 8.883596456144005e-05, 8.730497938813642e-05, 7.330042717512697e-05, 8.133326628012583e-05, 8.48394920467399e-05, 6.53498645988293e-05, 7.697282126173377e-05, 0.00015300419181585312, 0.00010665388981578872, 7.990885205799714e-05, 7.883891521487385e-05, 4.082901796209626e-05, 3.813190051005222e-05, 6.1451704823412e-05, 8.367730333702639e-05, 2.968851367768366e-05, 2.107314685417805e-05, 2.1980917153996415e-05, 1.5319468730012886e-05, 1.7549175026942976e-05, 1.5077054740686435e-05, 1.3584665794041939e-05, 1.4586948054784443e-05, 1.605847864993848e-05, 2.293711258971598e-05, 2.5566092517692596e-05, 1.9504404917825013e-05, 2.1639640181092545e-05, 2.4117773136822507e-05, 1.5092576177266892e-05, 1.027033431455493e-05, 7.360768449871102e-06, 4.3681143324647564e-06, 3.843388185487129e-06, 3.9894830479170196e-06, 4.0209706639871e-06, 3.5288244362163823e-06, 2.9742268452537246e-06, 2.859431106116972e-06, 2.58574209510698e-06, 2.5140213892882457e-06, 2.8706090233754367e-06, 3.7944234918541042e-06, 3.5415246202319395e-06, 5.58771444048034e-06, 1.1627231288002804e-05, 1.4293867025116924e-05, 1.2309201338212006e-05, 1.521818103356054e-05, 1.140193944593193e-05, 7.007293788774405e-06, 8.595025065005757e-06, 7.937444024719298e-06, 7.537453711847775e-06, 7.587475465697935e-06, 6.4059117903525475e-06, 5.7642118918010965e-06, 5.007438630855177e-06, 4.558930413622875e-06, 3.876215942000272e-06, 3.032680297110346e-06, 2.3090976810635766e-06, 2.1414375623862725e-06, 2.207017359978636e-06, 1.7677092500889557e-06, 1.9234305455029244e-06, 1.6984588455670746e-06, 1.6723921589800739e-06, 1.67142832196987e-06, 1.6102294466691092e-06, 1.7870258943730732e-06, 1.535458181933791e-06, 1.5813371874173754e-06, 1.6551675798837095e-06, 1.5009125036158366e-06, 1.4692614058731124e-06, 1.6610862303423346e-06, 1.6235297835009987e-06, 1.2722139217657968e-06, 1.0358618283135002e-06, 7.657210971956374e-07, 8.75457828897197e-07, 1.727124185890716e-06, 1.7162582253149594e-06, 1.7834423715612502e-06, 2.1983137230563443e-06, 2.5644578727224143e-06, 2.1813514194946038e-06, 1.8873369072025525e-06, 1.9545764189388137e-06, 1.4406214177142829e-06, 2.2156442014420463e-07, 5.554436424692888e-11, 1.771852248255712e-10, 7.0191866208269e-11, 8.925311878460462e-12, 8.563189220212042e-12, 7.69797420252516e-12, 6.410071258511341e-12, 5.703811121332558e-12, 5.56891989120234e-12], "lowlevel.melbands128.stdev": [0.0035110970493406057, 0.007146322634071112, 0.008176525123417377, 0.007907900959253311, 0.005238002166152, 0.002088560489937663, 0.0006349582690745592, 0.0008403641986660659, 0.004470211453735828, 0.00681290403008461, 0.0028913046699017286, 0.000826556293759495, 0.00037197969504632056, 0.0003868950589094311, 0.000793366925790906, 0.000781998154707253, 0.0009239239734597504, 0.0009621317149139941, 0.00046050004311837256, 0.00021223670046310872, 0.0003177097823936492, 0.0003879193973261863, 0.00038715629489161074, 0.00045409423182718456, 0.000477347057312727, 0.0009293707553297281, 0.0006679308135062456, 0.0003792867355514318, 0.00038949106237851083, 0.0003171901043970138, 0.00029447482666000724, 0.0003661673399619758, 0.0002680836187209934, 0.00028001394821330905, 0.0006325424183160067, 0.0005159986321814358, 0.0004402512568049133, 0.0004259699780959636, 0.00021892211225349456, 0.0001731847005430609, 0.000244204857153818, 0.00035228501656092703, 0.00010497643961571157, 8.684115164214745e-05, 8.619316213298589e-05, 5.9751899243565276e-05, 7.110549631761387e-05, 7.09884989191778e-05, 4.5652446715394035e-05, 4.5106964535079896e-05, 5.4365835239877924e-05, 7.587554136989638e-05, 7.108865975169465e-05, 3.83343685825821e-05, 4.16921975556761e-05, 4.2530999053269625e-05, 2.894901263061911e-05, 2.033463715633843e-05, 1.2871021681348793e-05, 7.373321295744972e-06, 7.136975000321399e-06, 8.5375413618749e-06, 8.88402973941993e-06, 9.296496500610374e-06, 6.435993782361038e-06, 6.550121725013014e-06, 4.626607733371202e-06, 4.561767582345055e-06, 5.490270268637687e-06, 8.106678251351696e-06, 7.027917035884457e-06, 1.1805768735939637e-05, 2.815271909639705e-05, 3.184855813742615e-05, 3.0837327358312905e-05, 4.038864790345542e-05, 2.9295699278009124e-05, 1.936433181981556e-05, 2.20131769310683e-05, 2.0656925698858686e-05, 1.7764754375093617e-05, 2.0389241399243474e-05, 1.527092172182165e-05, 1.2484253602451645e-05, 9.874265742837451e-06, 8.074589459283743e-06, 6.543090876220958e-06, 5.714236067433376e-06, 4.219253241899423e-06, 4.076653567608446e-06, 4.139806151215453e-06, 2.5967390229197918e-06, 2.7185699309484335e-06, 2.425669663352892e-06, 2.5321871817141073e-06, 2.1988171283737756e-06, 2.4589742224634392e-06, 2.3366740151686827e-06, 1.9039392782360665e-06, 1.8515487454351387e-06, 2.165153318856028e-06, 1.754258278197085e-06, 1.7522069128972362e-06, 1.938950390467653e-06, 1.7048611198333674e-06, 1.4782176549488213e-06, 1.3600678130387678e-06, 1.1574931022551027e-06, 1.1515090818647877e-06, 1.931314045577892e-06, 2.0026886886626016e-06, 2.0046245481353253e-06, 2.457342361594783e-06, 2.912428726631333e-06, 2.559303084126441e-06, 2.2036249447410228e-06, 2.170804918932845e-06, 1.8040672102870303e-06, 4.2365195440652315e-07, 9.363968489495278e-10, 6.9624932486078706e-09, 2.53500198610368e-09, 7.70975019936948e-11, 7.659980288954316e-11, 5.873320579885544e-11, 2.5081645094182647e-11, 9.343658659288767e-12, 8.634638143378837e-12], "lowlevel.mfcc.mean": [-646.3796997070312, 86.4079360961914, 23.339645385742188, 21.16252899169922, 12.256633758544922, 22.585025787353516, 6.764126300811768, 13.341643333435059, 18.98678970336914, 1.3554366827011108, 5.453434944152832, 13.831379890441895, 6.2763190269470215], "lowlevel.spectral_contrast_coeffs.mean": [-0.7507946491241455, -0.7775261998176575, -0.7909841537475586, -0.8079245090484619, -0.8036802411079407, -0.7578451037406921], "lowlevel.spectral_contrast_coeffs.stdev": [0.08183352649211884, 0.08122507482767105, 0.07349776476621628, 0.04919743910431862, 0.03885864466428757, 0.05263934284448624], "lowlevel.spectral_contrast_valleys.mean": [-6.808642864227295, -7.161770820617676, -7.5062575340271, -7.712604522705078, -7.607501029968262, -9.610353469848633], "lowlevel.spectral_contrast_valleys.stdev": [0.5738290548324585, 0.7017820477485657, 0.7050585150718689, 0.5805367827415466, 0.5797072649002075, 0.6385323405265808], "rhythm.beats_loudness_band_ratio.mean": [0.6215102672576904, 0.3890981078147888, 0.07508818805217743, 0.05117953568696976, 0.025454582646489143, 0.06583844125270844], "rhythm.beats_loudness_band_ratio.stdev": [0.1600179672241211, 0.26772844791412354, 0.08503308147192001, 0.07494816184043884, 0.022400999441742897, 0.035577744245529175], "tonal.hpcp.mean": [0.07827538251876831, 0.05296018347144127, 0.03458835557103157, 0.03925871476531029, 0.03976678475737572, 0.042586106806993484, 0.06418652087450027, 0.0865321084856987, 0.09554470330476761, 0.11317425966262817, 0.15100453794002533, 0.21914155781269073, 0.27187487483024597, 0.25410598516464233, 0.1970541775226593, 0.15182454884052277, 0.12855422496795654, 0.10186194628477097, 0.08819208294153214, 0.08324865251779556, 0.07392914593219757, 0.08521798998117447, 0.08656894415616989, 0.06484992057085037, 0.07634340971708298, 0.09548676759004593, 0.09264306724071503, 0.09939594566822052, 0.1008324921131134, 0.07707066088914871, 0.07020293176174164, 0.07487913221120834, 0.07915415614843369, 0.09896785765886307, 0.0982331708073616, 0.08638647943735123], "tonal.hpcp.stdev": [0.20941385626792908, 0.15971122682094574, 0.10943026840686798, 0.1267186999320984, 0.11798205226659775, 0.11945003271102905, 0.16128617525100708, 0.1914704293012619, 0.20657934248447418, 0.23764853179454803, 0.27346551418304443, 0.33277302980422974, 0.3587666153907776, 0.3546692132949829, 0.3116840422153473, 0.2850719094276428, 0.2592225670814514, 0.22698137164115906, 0.20441372692584991, 0.20129205286502838, 0.1902657151222229, 0.20986434817314148, 0.21915806829929352, 0.1714012622833252, 0.2004438042640686, 0.22615185379981995, 0.20263084769248962, 0.21802175045013428, 0.21623612940311432, 0.18370366096496582, 0.16913487017154694, 0.18669191002845764, 0.19525682926177979, 0.2386515885591507, 0.22925472259521484, 0.22160498797893524], "rhythm.beats_position": [0.5224489569664001, 1.0797278881072998, 1.6253968477249146, 2.18267560005188, 2.728344678878784, 3.2624034881591797, 3.808072566986084, 4.36535120010376, 4.934240341186523, 5.503129005432129, 6.083628177642822, 6.664126873016357, 7.244625568389893, 7.813514709472656, 8.394013404846191, 8.962902069091797, 9.543400764465332, 10.123900413513184, 10.704399108886719, 11.284897804260254, 11.85378646850586, 12.422675132751465, 12.979954719543457, 13.560453414916992, 14.140952110290527, 14.721450805664062, 15.301949501037598, 15.88244915008545, 16.462947845458984, 17.043445587158203, 17.612335205078125, 18.192834854125977, 18.773332595825195, 19.342222213745117, 19.922719955444336, 20.503219604492188, 21.08371925354004, 21.664216995239258, 22.24471664428711, 22.8136043548584, 23.38249397277832, 23.962993621826172, 24.54349136352539, 25.123991012573242, 25.70448875427246, 26.284988403320312, 26.86548614501953, 27.445985794067383, 28.014875411987305, 28.583763122558594, 29.164262771606445, 29.744760513305664, 30.325260162353516, 30.905759811401367, 31.474647521972656, 32.04353713989258, 32.6240348815918, 33.20453643798828, 33.7850341796875, 34.35392379760742, 34.92280960083008, 35.50331115722656, 36.08380889892578, 36.664306640625, 37.244808197021484, 37.8253059387207, 38.394195556640625, 38.96308135986328, 39.543582916259766], "rhythm.bpm_histogram": [0.0, 0.0, 0.0, 0.0, 0.0, 0.0, 0.0, 0.0, 0.0, 0.0, 0.0, 0.0, 0.0, 0.0, 0.0, 0.0, 0.0, 0.0, 0.0, 0.0, 0.0, 0.0, 0.0, 0.0, 0.0, 0.0, 0.0, 0.0, 0.0, 0.0, 0.0, 0.0, 0.0, 0.0, 0.0, 0.0, 0.0, 0.0, 0.0, 0.0, 0.0, 0.0, 0.0, 0.0, 0.0, 0.0, 0.0, 0.0, 0.0, 0.0, 0.0, 0.0, 0.0, 0.0, 0.0, 0.0, 0.0, 0.0, 0.0, 0.0, 0.0, 0.0, 0.0, 0.0, 0.0, 0.0, 0.0, 0.0, 0.0, 0.0, 0.0, 0.0, 0.0, 0.0, 0.0, 0.0, 0.0, 0.0, 0.0, 0.0, 0.0, 0.0, 0.0, 0.0, 0.0, 0.0, 0.0, 0.0, 0.0, 0.0, 0.0, 0.0, 0.0, 0.0, 0.0, 0.0, 0.0, 0.0, 0.0, 0.0, 0.0, 0.0, 0.0, 0.6176470518112183, 0.0, 0.2647058963775635, 0.0, 0.0, 0.05882352963089943, 0.0, 0.04411764815449715, 0.0, 0.014705882407724857, 0.0, 0.0, 0.0, 0.0, 0.0, 0.0, 0.0, 0.0, 0.0, 0.0, 0.0, 0.0, 0.0, 0.0, 0.0, 0.0, 0.0, 0.0, 0.0, 0.0, 0.0, 0.0, 0.0, 0.0, 0.0, 0.0, 0.0, 0.0, 0.0, 0.0, 0.0, 0.0, 0.0, 0.0, 0.0, 0.0, 0.0, 0.0, 0.0, 0.0, 0.0, 0.0, 0.0, 0.0, 0.0, 0.0, 0.0, 0.0, 0.0, 0.0, 0.0, 0.0, 0.0, 0.0, 0.0, 0.0, 0.0, 0.0, 0.0, 0.0, 0.0, 0.0, 0.0, 0.0, 0.0, 0.0, 0.0, 0.0, 0.0, 0.0, 0.0, 0.0, 0.0, 0.0, 0.0, 0.0, 0.0, 0.0, 0.0, 0.0, 0.0, 0.0, 0.0, 0.0, 0.0, 0.0, 0.0, 0.0, 0.0, 0.0, 0.0, 0.0, 0.0, 0.0, 0.0, 0.0, 0.0, 0.0, 0.0, 0.0, 0.0, 0.0, 0.0, 0.0, 0.0, 0.0, 0.0, 0.0, 0.0, 0.0, 0.0, 0.0, 0.0, 0.0, 0.0, 0.0, 0.0, 0.0, 0.0, 0.0, 0.0, 0.0, 0.0, 0.0, 0.0, 0.0, 0.0, 0.0, 0.0, 0.0, 0.0, 0.0, 0.0, 0.0, 0.0, 0.0, 0.0], "tonal.chords_histogram": [10.300926208496094, 4.976851940155029, 16.782407760620117, 0.0, 0.23148147761821747, 14.583333015441895, 0.6944444179534912, 6.25, 0.3472222089767456, 14.004630088806152, 1.6203703880310059, 4.0509257316589355, 6.365740776062012, 0.0, 1.7361111640930176, 3.2407407760620117, 3.819444417953491, 0.0, 0.0, 0.5787037014961243, 0.0, 3.3564815521240234, 3.7037036418914795, 3.3564815521240234], "tonal.thpcp": [1.0, 0.9346431493759155, 0.7247973084449768, 0.5584353804588318, 0.47284334897994995, 0.3746648132801056, 0.32438480854034424, 0.30620208382606506, 0.2719234228134155, 0.3134456276893616, 0.3184146583080292, 0.2385285496711731, 0.28080347180366516, 0.3512158691883087, 0.34075626730918884, 0.36559444665908813, 0.37087830901145935, 0.28347840905189514, 0.25821781158447266, 0.27541762590408325, 0.2911418676376343, 0.36401987075805664, 0.36131757497787476, 0.3177435100078583, 0.287909597158432, 0.19479615986347198, 0.12722159922122955, 0.14439994096755981, 0.14626869559288025, 0.15663862228393555, 0.23608845472335815, 0.3182791769504547, 0.35142895579338074, 0.4162733256816864, 0.5554192662239075, 0.8060382604598999], "lowlevel.gfcc.cov": [[2551.732421875, 55.579586029052734, -268.66607666015625, -227.27499389648438, -391.954833984375, -200.42784118652344, -55.49635314941406, -219.47698974609375, -202.72872924804688, 6.977189064025879, -174.38340759277344, -76.83700561523438, 4.214485168457031], [55.579586029052734, 851.9744873046875, -271.6629333496094, -172.7752227783203, -33.494224548339844, -120.92242431640625, -37.04222869873047, -55.725711822509766, -14.765256881713867, -39.727508544921875, 32.86112594604492, -22.975040435791016, 28.2373104095459], [-268.66607666015625, -271.6629333496094, 597.4325561523438, 144.54110717773438, 106.44925689697266, -14.149694442749023, -124.48872375488281, 16.03125, -44.10161590576172, -67.84361267089844, -1.8467704057693481, 3.5684077739715576, -69.07133483886719], [-227.27499389648438, -172.7752227783203, 144.54110717773438, 526.5303344726562, 79.90541076660156, -66.8438949584961, -76.38268280029297, -20.7934513092041, 10.932245254516602, -19.506132125854492, -20.34947395324707, -18.265705108642578, 1.1630431413650513], [-391.954833984375, -33.494224548339844, 106.44925689697266, 79.90541076660156, 324.27288818359375, 79.69715881347656, -24.383270263671875, 66.28472900390625, 41.32263946533203, -23.83920669555664, 26.889286041259766, 0.9296910166740417, -17.957189559936523], [-200.42784118652344, -120.92242431640625, -14.149694442749023, -66.8438949584961, 79.69715881347656, 269.5205993652344, 148.1877899169922, 46.99983215332031, 2.5928544998168945, 16.201234817504883, 32.86450958251953, -6.919744491577148, -20.195022583007812], [-55.49635314941406, -37.04222869873047, -124.48872375488281, -76.38268280029297, -24.383270263671875, 148.1877899169922, 252.1000518798828, 77.10232543945312, 33.50050354003906, 37.592594146728516, 20.67610740661621, 13.300741195678711, 7.215100288391113], [-219.47698974609375, -55.725711822509766, 16.03125, -20.7934513092041, 66.28472900390625, 46.99983215332031, 77.10232543945312, 167.9993896484375, 98.14794158935547, 6.111941814422607, 5.183779239654541, 21.300607681274414, 18.00844383239746], [-202.72872924804688, -14.765256881713867, -44.10161590576172, 10.932245254516602, 41.32263946533203, 2.5928544998168945, 33.50050354003906, 98.14794158935547, 172.49716186523438, 75.8902816772461, 25.102062225341797, 26.834169387817383, 33.50638198852539], [6.977189064025879, -39.727508544921875, -67.84361267089844, -19.506132125854492, -23.83920669555664, 16.201234817504883, 37.592594146728516, 6.111941814422607, 75.8902816772461, 135.12655639648438, 54.291568756103516, 19.87165069580078, 13.533056259155273], [-174.38340759277344, 32.86112594604492, -1.8467704057693481, -20.34947395324707, 26.889286041259766, 32.86450958251953, 20.67610740661621, 5.183779239654541, 25.102062225341797, 54.291568756103516, 108.54792022705078, 39.97718811035156, -5.468981742858887], [-76.83700561523438, -22.975040435791016, 3.5684077739715576, -18.265705108642578, 0.9296910166740417, -6.919744491577148, 13.300741195678711, 21.300607681274414, 26.834169387817383, 19.87165069580078, 39.97718811035156, 78.88497161865234, 31.63887596130371], [4.214485168457031, 28.2373104095459, -69.07133483886719, 1.1630431413650513, -17.957189559936523, -20.195022583007812, 7.215100288391113, 18.00844383239746, 33.50638198852539, 13.533056259155273, -5.468981742858887, 31.63887596130371, 80.35943603515625]], "lowlevel.gfcc.icov": [[0.0006746395956724882, 0.00010458180622663349, 0.00021471954823937267, 0.00028166480478830636, 0.00029211031505838037, 0.0004334796394687146, -2.5700070182210766e-05, 0.00022130704019218683, 0.0007900911150500178, -0.0007508084527216852, 0.0010708209592849016, 6.860520807094872e-05, 7.814889977453277e-05], [0.00010458180622663349, 0.002140223514288664, 0.000892857788130641, 0.000820272951386869, -0.00037631511804647744, 0.0015796555671840906, -0.00033406750299036503, 0.0009167955722659826, -0.0006184736848808825, 0.002082785125821829, -0.0023999062832444906, 0.002110089873895049, -0.0009515212732367218], [0.00021471954823937267, 0.000892857788130641, 0.003068950492888689, -0.00025949376868084073, -0.00015797959349583834, 0.00012750552559737116, 0.0016352097736671567, -0.0011158350389450788, 0.0008531807688996196, 0.000885798130184412, -0.0003675838524941355, -0.0009201681823469698, 0.0022489463444799185], [0.00028166480478830636, 0.000820272951386869, -0.00025949376868084073, 0.002728354651480913, -0.0007632043561898172, 0.0014841858064755797, -0.0005290695698931813, 0.0013968865387141705, -0.0006332439952529967, 0.0006345275323837996, -0.0003824650193564594, 0.0017300598556175828, -0.001178637845441699], [0.00029211031505838037, -0.00037631511804647744, -0.00015797959349583834, -0.0007632043561898172, 0.005008222069591284, -0.0024114164989441633, 0.002134612761437893, -0.0017748989630490541, -0.0007091191364452243, 0.0009094925480894744, -0.0005641255411319435, -0.0002077420795103535, 0.0008973040385171771], [0.0004334796394687146, 0.0015796555671840906, 0.00012750552559737116, 0.0014841858064755797, -0.0024114164989441633, 0.00870549213141203, -0.005052588414400816, 0.0011608803179115057, 0.0010524479439482093, 0.000581802218221128, -0.002556374529376626, 0.003662536386400461, -0.0008000711677595973], [-2.5700070182210766e-05, -0.00033406750299036503, 0.0016352097736671567, -0.0005290695698931813, 0.002134612761437893, -0.005052588414400816, 0.009277253411710262, -0.004859582055360079, 0.0016439533792436123, -0.00184055813588202, 0.0008843450923450291, -0.002203619107604027, 0.0015475043328478932], [0.00022130704019218683, 0.0009167955722659826, -0.0011158350389450788, 0.0013968865387141705, -0.0017748989630490541, 0.0011608803179115057, -0.004859582055360079, 0.014747099950909615, -0.009214288555085659, 0.005474376957863569, -0.00013449284597299993, 0.00022779895516578108, -0.001465241308324039], [0.0007900911150500178, -0.0006184736848808825, 0.0008531807688996196, -0.0006332439952529967, -0.0007091191364452243, 0.0010524479439482093, 0.0016439533792436123, -0.009214288555085659, 0.01664036512374878, -0.010426292195916176, 0.0030950065702199936, -0.0012736881617456675, -0.0015286204870790243], [-0.0007508084527216852, 0.002082785125821829, 0.000885798130184412, 0.0006345275323837996, 0.0009094925480894744, 0.000581802218221128, -0.00184055813588202, 0.005474376957863569, -0.010426292195916176, 0.018554694950580597, -0.010264446027576923, 0.003539446974173188, -0.0015219252090901136], [0.0010708209592849016, -0.0023999062832444906, -0.0003675838524941355, -0.0003824650193564594, -0.0005641255411319435, -0.002556374529376626, 0.0008843450923450291, -0.00013449284597299993, 0.0030950065702199936, -0.010264446027576923, 0.021447475999593735, -0.011897645890712738, 0.006241025868803263], [6.860520807094872e-05, 0.002110089873895049, -0.0009201681823469698, 0.0017300598556175828, -0.0002077420795103535, 0.003662536386400461, -0.002203619107604027, 0.00022779895516578108, -0.0012736881617456675, 0.003539446974173188, -0.011897645890712738, 0.024430491030216217, -0.01103360578417778], [7.814889977453277e-05, -0.0009515212732367218, 0.0022489463444799185, -0.001178637845441699, 0.0008973040385171771, -0.0008000711677595973, 0.0015475043328478932, -0.001465241308324039, -0.0015286204870790243, -0.0015219252090901136, 0.006241025868803263, -0.01103360578417778, 0.020575832575559616]], "lowlevel.mfcc.cov": [[2775.740966796875, 58.46398162841797, -212.21678161621094, -97.99085998535156, -486.5379943847656, -45.41195297241211, -128.30584716796875, -256.9361877441406, -44.94862747192383, -103.34705352783203, -132.39785766601562, -139.5282745361328, -150.13424682617188], [58.46398162841797, 833.2804565429688, -208.4000244140625, -191.06736755371094, -54.889060974121094, -107.18959045410156, -32.70417404174805, -33.7485237121582, -54.93889617919922, -30.472627639770508, -26.428972244262695, -19.50857925415039, 15.667860984802246], [-212.21678161621094, -208.4000244140625, 422.7428283691406, 113.91634368896484, 82.34968566894531, -20.293087005615234, -6.514614582061768, 2.8529412746429443, -64.371337890625, -33.25282287597656, -8.763063430786133, -27.6362361907959, -11.774017333984375], [-97.99085998535156, -191.06736755371094, 113.91634368896484, 450.8174133300781, 146.5559539794922, -23.055377960205078, -87.1371841430664, -35.07209396362305, -32.884033203125, -17.181167602539062, -34.83982467651367, -40.71037292480469, -18.43223762512207], [-486.5379943847656, -54.889060974121094, 82.34968566894531, 146.5559539794922, 394.0935363769531, 1.667121410369873, -8.242570877075195, 30.291677474975586, -27.6345157623291, 24.286006927490234, -0.44539186358451843, -28.090978622436523, 11.184572219848633], [-45.41195297241211, -107.18959045410156, -20.293087005615234, -23.055377960205078, 1.667121410369873, 168.4412841796875, 83.21990203857422, 4.5614118576049805, -6.361486434936523, 19.669143676757812, 23.473278045654297, 19.291950225830078, 0.07558313012123108], [-128.30584716796875, -32.70417404174805, -6.514614582061768, -87.1371841430664, -8.242570877075195, 83.21990203857422, 190.78651428222656, 84.63130187988281, -6.4969282150268555, 18.05031967163086, 26.71436882019043, 4.0403218269348145, 6.962512969970703], [-256.9361877441406, -33.7485237121582, 2.8529412746429443, -35.07209396362305, 30.291677474975586, 4.5614118576049805, 84.63130187988281, 159.75341796875, 69.54694366455078, 18.801559448242188, 16.60633087158203, 19.89322280883789, 18.837507247924805], [-44.94862747192383, -54.93889617919922, -64.371337890625, -32.884033203125, -27.6345157623291, -6.361486434936523, -6.4969282150268555, 69.54694366455078, 167.1007843017578, 54.8243293762207, 11.355655670166016, 40.96354675292969, 18.036396026611328], [-103.34705352783203, -30.472627639770508, -33.25282287597656, -17.181167602539062, 24.286006927490234, 19.669143676757812, 18.05031967163086, 18.801559448242188, 54.8243293762207, 93.92607116699219, 42.95506286621094, 16.81080436706543, 8.502204895019531], [-132.39785766601562, -26.428972244262695, -8.763063430786133, -34.83982467651367, -0.44539186358451843, 23.473278045654297, 26.71436882019043, 16.60633087158203, 11.355655670166016, 42.95506286621094, 99.954833984375, 54.9615364074707, 21.21259117126465], [-139.5282745361328, -19.50857925415039, -27.6362361907959, -40.71037292480469, -28.090978622436523, 19.291950225830078, 4.0403218269348145, 19.89322280883789, 40.96354675292969, 16.81080436706543, 54.9615364074707, 125.30553436279297, 58.006690979003906], [-150.13424682617188, 15.667860984802246, -11.774017333984375, -18.43223762512207, 11.184572219848633, 0.07558313012123108, 6.962512969970703, 18.837507247924805, 18.036396026611328, 8.502204895019531, 21.21259117126465, 58.006690979003906, 85.07230377197266]], "lowlevel.mfcc.icov": [[0.0006580280605703592, 0.00015859334962442517, 0.00031240627868101, 7.55081491661258e-05, 0.0006522306357510388, 0.00016512212459929287, -3.642364026745781e-05, 0.0008926507434807718, -0.00021928177739027888, 0.0003960863105021417, 0.00026631090440787375, 0.0004947894485667348, 0.000514219980686903], [0.00015859334962442517, 0.0019524424569681287, 0.0010859980247914791, 0.0008302424685098231, 3.931995888706297e-05, 0.001364914351142943, 0.00019315583631396294, 0.00011345963866915554, 0.0011901520192623138, 6.206928082974628e-05, 0.00044668250484392047, 0.00036255523446016014, -0.0004139456432312727], [0.00031240627868101, 0.0010859980247914791, 0.00347257312387228, -9.808698086999357e-05, -5.1600618462543935e-05, 0.001073152176104486, 7.141861715354025e-05, -0.00022968334087636322, 0.0015096068382263184, 0.0007746636983938515, -5.312395660439506e-05, 0.00045772697194479406, 0.00016518498887307942], [7.55081491661258e-05, 0.0008302424685098231, -9.808698086999357e-05, 0.0033602884504944086, -0.0009063397301360965, 9.327224688604474e-05, 0.0015868605114519596, -6.99413285474293e-05, 0.0006680312217213213, 7.341296441154554e-05, 0.0006591720157302916, 0.00048174019320867956, 5.7715598813956603e-05], [0.0006522306357510388, 3.931995888706297e-05, -5.1600618462543935e-05, -0.0009063397301360965, 0.004089541733264923, -0.00037902515032328665, 0.0008848666911944747, -0.0008852952159941196, 0.0012621644418686628, -0.0015667916741222143, 0.00046446494525298476, 0.0014156419783830643, -0.0006654987810179591], [0.00016512212459929287, 0.001364914351142943, 0.001073152176104486, 9.327224688604474e-05, -0.00037902515032328665, 0.009752411395311356, -0.005226809531450272, 0.003143230453133583, 0.0002511129714548588, -0.0006122253835201263, 0.00035072877653874457, -0.0019903185311704874, 0.0012592930579558015], [-3.642364026745781e-05, 0.00019315583631396294, 7.141861715354025e-05, 0.0015868605114519596, 0.0008848666911944747, -0.005226809531450272, 0.01226449478417635, -0.007958896458148956, 0.004523507319390774, -0.002187809906899929, -0.0005824662512168288, 0.0019299068953841925, -0.001010325038805604], [0.0008926507434807718, 0.00011345963866915554, -0.00022968334087636322, -6.99413285474293e-05, -0.0008852952159941196, 0.003143230453133583, -0.007958896458148956, 0.014942714013159275, -0.00775058614090085, 0.003939819056540728, -0.0010785899357870221, 0.0005776151083409786, 8.828337013255805e-05], [-0.00021928177739027888, 0.0011901520192623138, 0.0015096068382263184, 0.0006680312217213213, 0.0012621644418686628, 0.0002511129714548588, 0.004523507319390774, -0.00775058614090085, 0.013996201567351818, -0.00845170859247446, 0.004423321690410376, -0.003649901831522584, 0.00019037153106182814], [0.0003960863105021417, 6.206928082974628e-05, 0.0007746636983938515, 7.341296441154554e-05, -0.0015667916741222143, -0.0006122253835201263, -0.002187809906899929, 0.003939819056540728, -0.00845170859247446, 0.019941339269280434, -0.009068812243640423, 0.004084497224539518, -0.00040092947892844677], [0.00026631090440787375, 0.00044668250484392047, -5.312395660439506e-05, 0.0006591720157302916, 0.00046446494525298476, 0.00035072877653874457, -0.0005824662512168288, -0.0010785899357870221, 0.004423321690410376, -0.009068812243640423, 0.018592510372400284, -0.0084188561886549, 0.0018212649738416076], [0.0004947894485667348, 0.00036255523446016014, 0.00045772697194479406, 0.00048174019320867956, 0.0014156419783830643, -0.0019903185311704874, 0.0019299068953841925, 0.0005776151083409786, -0.003649901831522584, 0.004084497224539518, -0.0084188561886549, 0.017942111939191818, -0.00926506519317627], [0.000514219980686903, -0.0004139456432312727, 0.00016518498887307942, 5.7715598813956603e-05, -0.0006654987810179591, 0.0012592930579558015, -0.001010325038805604, 8.828337013255805e-05, 0.00019037153106182814, -0.00040092947892844677, 0.0018212649738416076, -0.00926506519317627, 0.018786290660500526]], "metadata.audio_properties.analysis.downmix": "mix", "metadata.audio_properties.codec": "mp3", "metadata.audio_properties.md5_encoded": "41a35101508e1c13e3af9ebd2da6048a", "metadata.tags.file_name": "1182267299735031848.m