{"song_id": "1182281709069279312", "download": "https://cdn.discordapp.com/attachments/1135911532732108921/1182281709069279312/chirp.mp4?ex=658420a5&amp", "lyrics": "\u4e61\u8ff9\u5370\u8c61\uff0c\u6211\u7684\u5fc3\u7075\u4e4b\u6240\uff0c\n\u5b88\u62a4\u7740\u8fd9\u7247\u571f\u5730\u7684\u7075\u9b42\u3002\n\u6e29\u6696\u7684\u6000\u62b1\uff0c\u629a\u6170\u6e38\u5b50\u7684\u601d\u5ff5\uff0c\n\u5728\u8fd9\u7247\u571f\u5730\u4e0a\uff0c\u71c3\u70e7\u7740\u4e61\u6101\u7684\u706b\u82d7\u3002", "style": ["random"], "essentia_features": {"lowlevel.average_loudness": 0.9768778085708618, "lowlevel.barkbands_crest.mean": 11.109787940979004, "lowlevel.barkbands_crest.stdev": 4.532153129577637, "lowlevel.barkbands_flatness_db.mean": 0.09631839394569397, "lowlevel.barkbands_flatness_db.stdev": 0.03558005765080452, "lowlevel.barkbands_kurtosis.mean": 1.2099130153656006, "lowlevel.barkbands_kurtosis.stdev": 3.5350921154022217, "lowlevel.barkbands_skewness.mean": 1.0439382791519165, "lowlevel.barkbands_skewness.stdev": 1.0961484909057617, "lowlevel.barkbands_spread.mean": 43.33070373535156, "lowlevel.barkbands_spread.stdev": 17.813232421875, "lowlevel.dissonance.mean": 0.4782218933105469, "lowlevel.dissonance.stdev": 0.017368344590067863, "lowlevel.dynamic_complexity": 1.3510308265686035, "lowlevel.erbbands_crest.mean": 8.052300453186035, "lowlevel.erbbands_crest.stdev": 3.9292662143707275, "lowlevel.erbbands_flatness_db.mean": 0.12096165120601654, "lowlevel.erbbands_flatness_db.stdev": 0.03708849474787712, "lowlevel.erbbands_kurtosis.mean": 0.5168304443359375, "lowlevel.erbbands_kurtosis.stdev": 1.7312514781951904, "lowlevel.erbbands_skewness.mean": -0.39003822207450867, "lowlevel.erbbands_skewness.stdev": 0.7492132186889648, "lowlevel.erbbands_spread.mean": 44.07354736328125, "lowlevel.erbbands_spread.stdev": 16.70574188232422, "lowlevel.hfc.mean": 47.29188919067383, "lowlevel.hfc.stdev": 22.088775634765625, "lowlevel.loudness_ebu128.integrated": -13.655933380126953, "lowlevel.loudness_ebu128.loudness_range": 0.9846572875976562, "lowlevel.loudness_ebu128.momentary.mean": -13.72096061706543, "lowlevel.loudness_ebu128.momentary.stdev": 0.7526577711105347, "lowlevel.loudness_ebu128.short_term.mean": -13.720807075500488, "lowlevel.loudness_ebu128.short_term.stdev": 0.32388293743133545, "lowlevel.melbands_crest.mean": 19.877399444580078, "lowlevel.melbands_crest.stdev": 7.783110618591309, "lowlevel.melbands_flatness_db.mean": 0.1539432257413864, "lowlevel.melbands_flatness_db.stdev": 0.05162264034152031, "lowlevel.melbands_kurtosis.mean": 11.945164680480957, "lowlevel.melbands_kurtosis.stdev": 15.377643585205078, "lowlevel.melbands_skewness.mean": 2.8010199069976807, "lowlevel.melbands_skewness.stdev": 1.7579251527786255, "lowlevel.melbands_spread.mean": 42.88328170776367, "lowlevel.melbands_spread.stdev": 29.127609252929688, "lowlevel.pitch_salience.mean": 0.4846540093421936, "lowlevel.pitch_salience.stdev": 0.13675262033939362, "lowlevel.silence_rate_20dB.mean": 1.0, "lowlevel.silence_rate_20dB.stdev": 0.0, "lowlevel.silence_rate_30dB.mean": 0.9844760894775391, "lowlevel.silence_rate_30dB.stdev": 0.12362422794103622, "lowlevel.silence_rate_60dB.mean": 0.0025873221457004547, "lowlevel.silence_rate_60dB.stdev": 0.05079969763755798, "lowlevel.spectral_centroid.mean": 2419.04150390625, "lowlevel.spectral_centroid.stdev": 577.661865234375, "lowlevel.spectral_complexity.mean": 26.958602905273438, "lowlevel.spectral_complexity.stdev": 8.683347702026367, "lowlevel.spectral_decrease.mean": -1.0119201476754824e-08, "lowlevel.spectral_decrease.stdev": 6.550732400967263e-09, "lowlevel.spectral_energy.mean": 0.04248178005218506, "lowlevel.spectral_energy.stdev": 0.025136051699519157, "lowlevel.spectral_energyband_high.mean": 0.0034134245943278074, "lowlevel.spectral_energyband_high.stdev": 0.002408751752227545, "lowlevel.spectral_energyband_low.mean": 0.022409582510590553, "lowlevel.spectral_energyband_low.stdev": 0.023369351401925087, "lowlevel.spectral_energyband_middle_high.mean": 0.007914695888757706, "lowlevel.spectral_energyband_middle_high.stdev": 0.005185582209378481, "lowlevel.spectral_energyband_middle_low.mean": 0.009087258949875832, "lowlevel.spectral_energyband_middle_low.stdev": 0.008150357753038406, "lowlevel.spectral_entropy.mean": 8.010372161865234, "lowlevel.spectral_entropy.stdev": 0.2675645649433136, "lowlevel.spectral_flux.mean": 0.10907735675573349, "lowlevel.spectral_flux.stdev": 0.05610128492116928, "lowlevel.spectral_kurtosis.mean": 2.4283883571624756, "lowlevel.spectral_kurtosis.stdev": 1.139156699180603, "lowlevel.spectral_rms.mean": 0.0061732749454677105, "lowlevel.spectral_rms.stdev": 0.0018265533726662397, "lowlevel.spectral_rolloff.mean": 2978.464111328125, "lowlevel.spectral_rolloff.stdev": 2364.233154296875, "lowlevel.spectral_skewness.mean": 1.110114336013794, "lowlevel.spectral_skewness.stdev": 0.23311245441436768, "lowlevel.spectral_spread.mean": 5544348.5, "lowlevel.spectral_spread.stdev": 1598117.875, "lowlevel.spectral_strongpeak.mean": 0.8832794427871704, "lowlevel.spectral_strongpeak.stdev": 1.3850406408309937, "lowlevel.zerocrossingrate.mean": 0.10290985554456711, "lowlevel.zerocrossingrate.stdev": 0.053586363792419434, "metadata.audio_properties.analysis.equal_loudness": 0.0, "metadata.audio_properties.analysis.length": 17.918956756591797, "metadata.audio_properties.analysis.sample_rate": 44100.0, "metadata.audio_properties.analysis.start_time": 0.0, "metadata.audio_properties.bit_rate": 124021.0, "metadata.audio_properties.length": 17.920000076293945, "metadata.audio_properties.lossless": 0.0, "metadata.audio_properties.number_channels": 1.0, "metadata.audio_properties.replay_gain": -11.92662239074707, "metadata.audio_properties.sample_rate": 48000.0, "rhythm.beats_count": 37.0, "rhythm.beats_loudness.mean": 0.05345863103866577, "rhythm.beats_loudness.stdev": 0.021776096895337105, "rhythm.bpm": 124.96843719482422, "rhythm.bpm_histogram_first_peak_bpm": 126.0, "rhythm.bpm_histogram_first_peak_weight": 0.4166666865348816, "rhythm.bpm_histogram_second_peak_bpm": 0.0, "rhythm.bpm_histogram_second_peak_spread": 0.0, "rhythm.bpm_histogram_second_peak_weight": 0.0, "rhythm.danceability": 1.5522300004959106, "rhythm.onset_rate": 3.2892143726348877, "tonal.chords_changes_rate": 0.0671834647655487, "tonal.chords_number_rate": 0.018087854608893394, "tonal.chords_strength.mean": 0.5591323375701904, "tonal.chords_strength.stdev": 0.10830821841955185, "tonal.hpcp_crest.mean": 14.285215377807617, "tonal.hpcp_crest.stdev": 5.741786003112793, "tonal.hpcp_entropy.mean": 1.8743419647216797, "tonal.hpcp_entropy.stdev": 0.6881398558616638, "tonal.key_edma.strength": 0.6273961663246155, "tonal.key_krumhansl.strength": 0.6371995210647583, "tonal.key_temperley.strength": 0.6414689421653748, "tonal.tuning_diatonic_strength": 0.5481456518173218, "tonal.tuning_equal_tempered_deviation": 0.21708378195762634, "tonal.tuning_frequency": 434.193115234375, "tonal.tuning_nontempered_energy_ratio": 0.9300543665885925, "lowlevel.barkbands.mean": [0.002996633527800441, 0.017760418355464935, 0.001478452468290925, 0.0012321575777605176, 0.0024905847385525703, 0.0007731941295787692, 0.0009039864526130259, 0.0017017920035868883, 0.001700689666904509, 0.000535346451215446, 0.0011313734576106071, 0.0004599610692821443, 0.00039621294126845896, 0.00042010340257547796, 0.00043588821426965296, 0.0008302471251226962, 0.0012396969832479954, 0.0009230425930581987, 0.0012679941719397902, 0.0006813860381953418, 0.0005646659410558641, 0.0007377167348749936, 0.0005595995462499559, 0.0005951951025053859, 0.00040406922926194966, 0.00023197913833428174, 2.9400775019894354e-05], "lowlevel.barkbands.stdev": [0.0039109038189053535, 0.019897375255823135, 0.004500766284763813, 0.0020883551333099604, 0.003945228643715382, 0.0016596302157267928, 0.0018092856043949723, 0.00334397261030972, 0.004109489265829325, 0.0012851001229137182, 0.0027938205748796463, 0.001204711734317243, 0.0006651145522482693, 0.0009755379869602621, 0.0007770084193907678, 0.0011176898842677474, 0.0017191434744745493, 0.0010026124073192477, 0.0010964025277644396, 0.0006733687478117645, 0.000508034136146307, 0.0006828964105807245, 0.00042456062510609627, 0.0006884320755489171, 0.0007465021917596459, 0.0003103799535892904, 3.3145690395031124e-05], "lowlevel.erbbands.mean": [0.8243477940559387, 2.6965067386627197, 2.3805084228515625, 2.713376760482788, 5.830414772033691, 9.258885383605957, 8.2008056640625, 6.485918998718262, 8.993602752685547, 35.81346893310547, 24.780563354492188, 43.29256820678711, 24.945751190185547, 22.638790130615234, 41.478050231933594, 18.483001708984375, 18.287960052490234, 21.745807647705078, 21.794239044189453, 31.105712890625, 49.66197204589844, 65.52700805664062, 56.475860595703125, 58.905601501464844, 56.60570526123047, 31.619590759277344, 24.246795654296875, 21.248310089111328, 27.808034896850586, 23.31296730041504, 13.893824577331543, 12.599212646484375, 9.54869270324707, 5.846121311187744, 1.9933879375457764, 0.8105627298355103, 0.4408966600894928, 0.12624403834342957, 0.0028533327858895063, 0.0001280794822378084], "lowlevel.erbbands.stdev": [0.7076002955436707, 4.699413776397705, 6.653797149658203, 4.178288459777832, 13.497788429260254, 15.213875770568848, 11.873605728149414, 13.304652214050293, 17.240798950195312, 67.78192138671875, 46.8175048828125, 114.06336212158203, 45.78820037841797, 56.656211853027344, 110.81733703613281, 36.99177169799805, 26.800933837890625, 44.29863357543945, 35.09286880493164, 41.148681640625, 59.15142822265625, 81.81974029541016, 63.079383850097656, 53.7518424987793, 50.8388671875, 31.60887336730957, 22.10941505432129, 18.70463752746582, 26.787981033325195, 19.41803741455078, 10.66407299041748, 12.764871597290039, 12.956252098083496, 10.792760848999023, 3.7597968578338623, 1.3442020416259766, 0.6046581864356995, 0.13342750072479248, 0.0028921333141624928, 8.689068636158481e-05], "lowlevel.gfcc.mean": [64.85346221923828, 30.51505470275879, -103.46794128417969, 47.21498489379883, -52.71467590332031, 17.63245391845703, -30.442323684692383, 20.49856948852539, -18.775758743286133, 5.702171325683594, -14.84460735321045, 12.296205520629883, -13.672049522399902], "lowlevel.melbands.mean": [0.006045533809810877, 0.0019188241567462683, 0.0005846984568051994, 0.0005139405839145184, 0.0003517314908094704, 0.00014758403995074332, 0.0001409644028171897, 0.00041353219421580434, 0.0001923633535625413, 0.00027872761711478233, 0.00011496911611175165, 8.084162982413545e-05, 0.0001444825902581215, 6.183092045830563e-05, 4.319728395785205e-05, 4.204955985187553e-05, 4.137056021136232e-05, 3.30571856466122e-05, 3.755802754312754e-05, 5.964017691439949e-05, 5.6856777518987656e-05, 7.300509605556726e-05, 5.396272536017932e-05, 4.5547181798610836e-05, 4.77514804515522e-05, 4.556672865874134e-05, 3.2557265512878075e-05, 1.8111109966412187e-05, 1.529455403215252e-05, 1.4508692402159795e-05, 1.0984722393914126e-05, 1.5517014617216773e-05, 1.4931939404050354e-05, 1.254615835932782e-05, 7.946580808493309e-06, 7.095616183505626e-06, 8.115490345517173e-06, 7.144551545934519e-06, 6.303157988440944e-06, 4.352835276222322e-06], "lowlevel.melbands.stdev": [0.005653007887303829, 0.004219880327582359, 0.0009869170607998967, 0.000857143197208643, 0.0005227354122325778, 0.00030408083694055676, 0.0002669351233635098, 0.0007936049369163811, 0.0004181663680355996, 0.0007539442158304155, 0.000227075390284881, 0.00021365996508393437, 0.00036702529178000987, 0.0001588656596140936, 9.887145279208198e-05, 8.109604095807299e-05, 9.668961865827441e-05, 6.174277950776741e-05, 7.305581675609574e-05, 9.47680528042838e-05, 8.217752474592999e-05, 0.00010132492025149986, 6.653566379100084e-05, 5.4363921663025394e-05, 4.741668817587197e-05, 4.59867951576598e-05, 3.432016455917619e-05, 2.0261328245396726e-05, 1.5995372450561263e-05, 1.4275119610829279e-05, 1.0069948984892108e-05, 1.5543275367235765e-05, 1.55206198542146e-05, 1.0369424671807792e-05, 6.275467512750765e-06, 6.78304786561057e-06, 9.04778698895825e-06, 9.742119800648652e-06, 1.0631441000441555e-05, 8.688121852173936e-06], "lowlevel.melbands128.mean": [0.0026922805700451136, 0.007834668271243572, 0.006915062200278044, 0.003744394052773714, 0.0015439849812537432, 0.0006143416976556182, 0.0004672225040849298, 0.00069565320154652, 0.0006094440468586981, 0.0003835260577034205, 0.000556973391212523, 0.0005548299523070455, 0.00023025409609545022, 0.00021331210155040026, 0.00015353350318036973, 9.347165178041905e-05, 0.000140629374072887, 0.00011221803288208321, 0.0001797732402337715, 0.00047971942694857717, 0.0005619903095066547, 0.00013804026821162552, 0.0001644151343498379, 0.00019505289674270898, 0.00028739660046994686, 0.00038005522219464183, 8.70087169460021e-05, 0.00013287877663969994, 7.795489364070818e-05, 2.9636577892233618e-05, 9.831243369262666e-05, 0.00014939137327019125, 0.00013312259397935122, 0.0001869330881163478, 5.780325227533467e-05, 2.816360029100906e-05, 4.733357855002396e-05, 5.8622175856726244e-05, 2.6662979507818818e-05, 3.61419006367214e-05, 5.720629633287899e-05, 2.9299557354534045e-05, 3.5163866414222866e-05, 5.503146894625388e-05, 3.902117532561533e-05, 1.9219009118387476e-05, 3.510964597808197e-05, 5.846903513884172e-05, 2.3568907636217773e-05, 2.33583396038739e-05, 9.155482257483527e-05, 6.395745003828779e-05, 3.865372855216265e-05, 6.365711305988953e-05, 7.516534969909117e-05, 8.153164526447654e-05, 5.868262451258488e-05, 6.083843982196413e-05, 4.4496100599644706e-05, 5.904761201236397e-05, 4.6298013330670074e-05, 2.714294896577485e-05, 6.4958912844304e-05, 4.252354119671509e-05, 4.061223444296047e-05, 5.578531272476539e-05, 3.658591231214814e-05, 4.4586067815544084e-05, 2.824341572704725e-05, 2.5261273549403995e-05, 1.3844659406458959e-05, 1.9118017007713206e-05, 1.5690266081946902e-05, 1.5553549019386992e-05, 1.2248068742337637e-05, 1.5514300685026683e-05, 1.622935087652877e-05, 1.0889186341955792e-05, 1.0468983418832067e-05, 9.542073712509591e-06, 1.4739723155798856e-05, 1.859623080235906e-05, 1.6852096450747922e-05, 1.5284655091818422e-05, 1.1928666026506107e-05, 1.3794934602628928e-05, 1.2956011232745368e-05, 9.860737009148579e-06, 7.337395800277591e-06, 6.75781393510988e-06, 7.095750788721489e-06, 7.121107046259567e-06, 7.171827292040689e-06, 7.6056489888287615e-06, 9.227140253642574e-06, 9.280782251153141e-06, 6.32507590125897e-06, 4.20689866587054e-06, 7.1474087235401385e-06, 7.266595730470726e-06, 4.819949481316144e-06, 4.322296263126191e-06, 2.9281532079039607e-06, 2.706317900447175e-06, 1.991982344407006e-06, 1.747661713125126e-06, 1.6319391988872667e-06, 1.7901286355481716e-06, 1.4636502783105243e-06, 9.366248718833958e-07, 8.820658194963471e-07, 1.2739142221107613e-06, 1.6145976360348868e-06, 1.6780843452579575e-06, 1.3137630503479159e-06, 1.6058287428677431e-06, 1.2204840231788694e-06, 1.2181128283828002e-07, 2.8546699726295088e-11, 1.1834071049487971e-11, 6.550933406845871e-12, 6.253122585703208e-12, 5.9865901298750135e-12, 5.820415330259898e-12, 5.616785682394099e-12, 5.36754538385531e-12, 5.221366741747779e-12, 5.171631352329786e-12], "lowlevel.melbands128.stdev": [0.0034908896777778864, 0.006939257960766554, 0.008253143168985844, 0.008221244439482689, 0.0046164910309016705, 0.00181032984983176, 0.0007621793774887919, 0.001391092431731522, 0.0016762622399255633, 0.0008565850439481437, 0.0010232991771772504, 0.0010655156802386045, 0.00033282837830483913, 0.0006291201571002603, 0.0003909309161826968, 0.00019824925402645022, 0.00038367448723874986, 0.00026880059158429503, 0.00047831732081249356, 0.0010014984291046858, 0.0012541157193481922, 0.00039218232268467546, 0.0006099027814343572, 0.0006870819488540292, 0.0009348963503725827, 0.0012510739034041762, 0.0001588449813425541, 0.00038586571463383734, 0.00028213829500600696, 9.193999721901491e-05, 0.0003638636553660035, 0.0005514109507203102, 0.0004680775455199182, 0.000642225204501301, 0.00030108224018476903, 8.061526023084298e-05, 0.00014772750728297979, 0.0001911384897539392, 4.564916525851004e-05, 6.940375169506297e-05, 0.00013669516192749143, 9.660175419412553e-05, 0.0001153933844761923, 0.00016027934907469898, 0.00014225674385670573, 3.5647892218548805e-05, 8.543473086319864e-05, 0.00015417442773468792, 4.3980566260870546e-05, 5.942890857113525e-05, 0.00018290415755473077, 0.00011352261935826391, 7.611623732373118e-05, 0.00014949016622267663, 0.00015822076238691807, 0.00016352281090803444, 9.33317860472016e-05, 0.00011805110989371315, 8.871755562722683e-05, 8.980242273537442e-05, 8.816595072858036e-05, 3.4349130146438256e-05, 9.448096534470096e-05, 5.2406336180865765e-05, 5.556227552006021e-05, 7.859110337449238e-05, 4.3532669224077836e-05, 6.644144741585478e-05, 3.592173015931621e-05, 4.4967215217184275e-05, 1.9338869606144726e-05, 2.912425588874612e-05, 1.8923767129308544e-05, 2.359080099267885e-05, 1.1898853699676692e-05, 1.6441961633972824e-05, 2.1669669877155684e-05, 1.3139875591150485e-05, 1.037018319038907e-05, 1.1201110282854643e-05, 1.645957127038855e-05, 2.3494869310525246e-05, 2.2807575078331865e-05, 1.8513765098759905e-05, 1.2274823347979691e-05, 1.8548300431575626e-05, 1.1107478712801822e-05, 8.74254237714922e-06, 6.886795745231211e-06, 7.095728506101295e-06, 7.664903023396619e-06, 8.208582585211843e-06, 8.302152309624944e-06, 9.591988600732293e-06, 1.2058908396284096e-05, 1.3205298273533117e-05, 1.0209082574874628e-05, 6.861490874143783e-06, 1.2646200957533438e-05, 1.3802265129925217e-05, 1.0757452400866896e-05, 9.603343642083928e-06, 6.23912455921527e-06, 6.6596289798326325e-06, 4.149877440795535e-06, 3.1061990739544854e-06, 3.299320269434247e-06, 3.628824515544693e-06, 2.9367574825300835e-06, 1.4132403975963825e-06, 1.4661380873803864e-06, 2.218802364950534e-06, 2.7226410566072445e-06, 2.2687165710522095e-06, 1.7166529460155289e-06, 1.7646100332058268e-06, 1.3611371514343773e-06, 1.7006462371682574e-07, 5.466571639800577e-10, 1.3485380867539476e-10, 1.028408001119141e-11, 1.0000127462217456e-11, 9.704907016905295e-12, 9.414152617182037e-12, 8.783088839559028e-12, 8.153476158123674e-12, 7.998181977830754e-12, 7.951584703180803e-12], "lowlevel.mfcc.mean": [-581.9542846679688, 63.690467834472656, 8.873553276062012, 31.837751388549805, 8.519793510437012, 5.137351036071777, 3.4792094230651855, 15.200361251831055, 2.7691731452941895, 3.694965362548828, 3.346921682357788, 2.6212520599365234, 3.6712894439697266], "lowlevel.spectral_contrast_coeffs.mean": [-0.7379506230354309, -0.735724151134491, -0.763552725315094, -0.7786429524421692, -0.7615485787391663, -0.7220036387443542], "lowlevel.spectral_contrast_coeffs.stdev": [0.08632631599903107, 0.07919824123382568, 0.07226483523845673, 0.05020317807793617, 0.050171367824077606, 0.03708532825112343], "lowlevel.spectral_contrast_valleys.mean": [-6.611929893493652, -6.941258907318115, -7.3148112297058105, -7.328583717346191, -6.71394157409668, -9.181577682495117], "lowlevel.spectral_contrast_valleys.stdev": [0.8124578595161438, 0.6231703162193298, 0.5481418967247009, 0.5042862892150879, 0.4370802938938141, 0.5723803043365479], "rhythm.beats_loudness_band_ratio.mean": [0.5776011347770691, 0.07954046130180359, 0.09333183616399765, 0.05519509315490723, 0.11596443504095078, 0.10596323013305664], "rhythm.beats_loudness_band_ratio.stdev": [0.17362836003303528, 0.08142790198326111, 0.0901268795132637, 0.07501228898763657, 0.09121423214673996, 0.0635513961315155], "tonal.hpcp.mean": [0.055375706404447556, 0.02936953864991665, 0.03295314311981201, 0.06141430139541626, 0.07223504781723022, 0.06366316974163055, 0.07781820744276047, 0.08547460287809372, 0.09875229001045227, 0.20545655488967896, 0.2159423679113388, 0.10148977488279343, 0.06547246873378754, 0.05499570816755295, 0.04202914983034134, 0.06473258137702942, 0.0745551809668541, 0.08713895082473755, 0.19084571301937103, 0.22089411318302155, 0.13731636106967926, 0.08546309918165207, 0.05126970261335373, 0.07959921658039093, 0.24553343653678894, 0.239974245429039, 0.08757039904594421, 0.06100360304117203, 0.04594741761684418, 0.03416846692562103, 0.06339360028505325, 0.08277986943721771, 0.07412102073431015, 0.1492646187543869, 0.24485978484153748, 0.1691087782382965], "tonal.hpcp.stdev": [0.13832026720046997, 0.10320176184177399, 0.11654450744390488, 0.14873608946800232, 0.1634804755449295, 0.15946508944034576, 0.20543357729911804, 0.22716978192329407, 0.2036694884300232, 0.29013198614120483, 0.2986018657684326, 0.1871068924665451, 0.1878901720046997, 0.17056827247142792, 0.1329316645860672, 0.17281875014305115, 0.19708217680454254, 0.18342654407024384, 0.29285746812820435, 0.3230043649673462, 0.2553264796733856, 0.20040683448314667, 0.13122422993183136, 0.17616939544677734, 0.36346232891082764, 0.3501278758049011, 0.14457954466342926, 0.13908584415912628, 0.12205532938241959, 0.09400401264429092, 0.12179962545633316, 0.14491018652915955, 0.15361540019512177, 0.2467629760503769, 0.3725469410419464, 0.2767663598060608], "rhythm.beats_position": [0.4643990993499756, 0.9404081702232361, 1.4164172410964966, 1.904036283493042, 2.391655206680298, 2.867664337158203, 3.3436734676361084, 3.8312923908233643, 4.318911552429199, 4.794920444488525, 5.27092981338501, 5.758548736572266, 6.222947597503662, 6.6989569664001465, 7.174965858459473, 7.6625847816467285, 8.138593673706055, 8.614603042602539, 9.102222442626953, 9.58984088897705, 10.065850257873535, 10.54185962677002, 11.029478073120117, 11.505487442016602, 11.981496810913086, 12.469115257263184, 12.956734657287598, 13.432743072509766, 13.90875244140625, 14.384761810302734, 14.860771179199219, 15.348389625549316, 15.83600902557373, 16.3120174407959, 16.788026809692383, 17.275646209716797, 17.75165557861328], "rhythm.bpm_histogram": [0.0, 0.0, 0.0, 0.0, 0.0, 0.0, 0.0, 0.0, 0.0, 0.0, 0.0, 0.0, 0.0, 0.0, 0.0, 0.0, 0.0, 0.0, 0.0, 0.0, 0.0, 0.0, 0.0, 0.0, 0.0, 0.0, 0.0, 0.0, 0.0, 0.0, 0.0, 0.0, 0.0, 0.0, 0.0, 0.0, 0.0, 0.0, 0.0, 0.0, 0.0, 0.0, 0.0, 0.0, 0.0, 0.0, 0.0, 0.0, 0.0, 0.0, 0.0, 0.0, 0.0, 0.0, 0.0, 0.0, 0.0, 0.0, 0.0, 0.0, 0.0, 0.0, 0.0, 0.0, 0.0, 0.0, 0.0, 0.0, 0.0, 0.0, 0.0, 0.0, 0.0, 0.0, 0.0, 0.0, 0.0, 0.0, 0.0, 0.0, 0.0, 0.0, 0.0, 0.0, 0.0, 0.0, 0.0, 0.0, 0.0, 0.0, 0.0, 0.0, 0.0, 0.0, 0.0, 0.0, 0.0, 0.0, 0.0, 0.0, 0.0, 0.0, 0.0, 0.0, 0.0, 0.0, 0.0, 0.0, 0.0, 0.0, 0.0, 0.0, 0.0, 0.0, 0.0, 0.0, 0.0, 0.0, 0.0, 0.0, 0.0, 0.0, 0.0, 0.3888888955116272, 0.0, 0.0, 0.5833333134651184, 0.0, 0.0, 0.02777777798473835, 0.0, 0.0, 0.0, 0.0, 0.0, 0.0, 0.0, 0.0, 0.0, 0.0, 0.0, 0.0, 0.0, 0.0, 0.0, 0.0, 0.0, 0.0, 0.0, 0.0, 0.0, 0.0, 0.0, 0.0, 0.0, 0.0, 0.0, 0.0, 0.0, 0.0, 0.0, 0.0, 0.0, 0.0, 0.0, 0.0, 0.0, 0.0, 0.0, 0.0, 0.0, 0.0, 0.0, 0.0, 0.0, 0.0, 0.0, 0.0, 0.0, 0.0, 0.0, 0.0, 0.0, 0.0, 0.0, 0.0, 0.0, 0.0, 0.0, 0.0, 0.0, 0.0, 0.0, 0.0, 0.0, 0.0, 0.0, 0.0, 0.0, 0.0, 0.0, 0.0, 0.0, 0.0, 0.0, 0.0, 0.0, 0.0, 0.0, 0.0, 0.0, 0.0, 0.0, 0.0, 0.0, 0.0, 0.0, 0.0, 0.0, 0.0, 0.0, 0.0, 0.0, 0.0, 0.0, 0.0, 0.0, 0.0, 0.0, 0.0, 0.0, 0.0, 0.0, 0.0, 0.0, 0.0, 0.0, 0.0, 0.0, 0.0, 0.0, 0.0, 0.0, 0.0, 0.0, 0.0, 0.0, 0.0, 0.0, 0.0], "tonal.chords_histogram": [34.10852813720703, 10.852713584899902, 5.426356792449951, 0.0, 0.0, 0.0, 0.0, 0.0, 0.0, 0.0, 0.0, 2.3255813121795654, 0.0, 0.0, 0.0, 0.0, 0.0, 0.7751938104629517, 3.359173059463501, 0.0, 0.0, 0.0, 2.583979368209839, 40.56847381591797], "tonal.thpcp": [1.0, 0.9773586988449097, 0.3566536605358124, 0.24845334887504578, 0.1871330440044403, 0.1391601413488388, 0.2581872344017029, 0.3371429741382599, 0.301877498626709, 0.6079197525978088, 0.9972563982009888, 0.6887403130531311, 0.22553224861621857, 0.11961522698402405, 0.13421040773391724, 0.25012603402137756, 0.29419636726379395, 0.2592851221561432, 0.316935271024704, 0.34811797738075256, 0.40219488739967346, 0.8367762565612793, 0.8794825077056885, 0.41334399580955505, 0.26665398478507996, 0.22398459911346436, 0.17117485404014587, 0.2636405825614929, 0.3036457300186157, 0.3548964858055115, 0.777269721031189, 0.8996497988700867, 0.5592572689056396, 0.3480711281299591, 0.20880945026874542, 0.3241889178752899], "lowlevel.gfcc.cov": [[1596.67578125, 272.5005798339844, 232.38372802734375, 58.84539031982422, 85.8952865600586, 49.11333084106445, 43.04384231567383, 116.5414810180664, 71.3399429321289, 52.37197494506836, -12.646662712097168, -45.56556701660156, -38.055057525634766], [272.5005798339844, 688.45703125, 32.41301345825195, -29.615568161010742, 157.0780792236328, 76.06249237060547, 245.84327697753906, 8.651195526123047, 100.31937408447266, 74.25849914550781, 26.04743194580078, -45.35999298095703, -36.29099655151367], [232.38372802734375, 32.41301345825195, 493.5588684082031, 109.89344024658203, 93.33380126953125, 122.34843444824219, -12.328539848327637, 19.50465202331543, -0.5073757767677307, 72.40359497070312, -3.9460301399230957, 2.1000730991363525, 23.36989402770996], [58.84539031982422, -29.615568161010742, 109.89344024658203, 420.09649658203125, 122.7918930053711, 4.870023727416992, -34.0157356262207, 49.42575454711914, 58.755767822265625, -17.40761947631836, 31.312633514404297, 65.8188705444336, 66.32856750488281], [85.8952865600586, 157.0780792236328, 93.33380126953125, 122.7918930053711, 247.6284637451172, 112.45001983642578, 90.37989807128906, 58.37649154663086, 77.49907684326172, 41.96830749511719, 15.567091941833496, 6.034156322479248, 15.856100082397461], [49.11333084106445, 76.06249237060547, 122.34843444824219, 4.870023727416992, 112.45001983642578, 231.8887176513672, 175.98751831054688, 34.99641036987305, 9.83563232421875, 35.021583557128906, 16.002893447875977, -37.741302490234375, -13.537927627563477], [43.04384231567383, 245.84327697753906, -12.328539848327637, -34.0157356262207, 90.37989807128906, 175.98751831054688, 330.4183044433594, 65.4209976196289, 35.30143737792969, 13.035112380981445, 25.84349250793457, -40.07022476196289, -39.10358428955078], [116.5414810180664, 8.651195526123047, 19.50465202331543, 49.42575454711914, 58.37649154663086, 34.99641036987305, 65.4209976196289, 156.46292114257812, 83.2996826171875, 15.77425765991211, 12.747437477111816, 3.460409164428711, 0.41833916306495667], [71.3399429321289, 100.31937408447266, -0.5073757767677307, 58.755767822265625, 77.49907684326172, 9.83563232421875, 35.30143737792969, 83.2996826171875, 145.60501098632812, 62.48927688598633, 17.26533317565918, -1.3188315629959106, -5.700813293457031], [52.37197494506836, 74.25849914550781, 72.40359497070312, -17.40761947631836, 41.96830749511719, 35.021583557128906, 13.035112380981445, 15.77425765991211, 62.48927688598633, 118.39389038085938, 34.84682846069336, -17.982891082763672, -10.447405815124512], [-12.646662712097168, 26.04743194580078, -3.9460301399230957, 31.312633514404297, 15.567091941833496, 16.002893447875977, 25.84349250793457, 12.747437477111816, 17.26533317565918, 34.84682846069336, 77.31324005126953, 33.73350143432617, 11.588643074035645], [-45.56556701660156, -45.35999298095703, 2.1000730991363525, 65.8188705444336, 6.034156322479248, -37.741302490234375, -40.07022476196289, 3.460409164428711, -1.3188315629959106, -17.982891082763672, 33.73350143432617, 98.19904327392578, 61.00249099731445], [-38.055057525634766, -36.29099655151367, 23.36989402770996, 66.32856750488281, 15.856100082397461, -13.537927627563477, -39.10358428955078, 0.41833916306495667, -5.700813293457031, -10.447405815124512, 11.588643074035645, 61.00249099731445, 87.73199462890625]], "lowlevel.gfcc.icov": [[0.0008112475625239313, -0.0005339559284038842, -0.00028753423248417675, -0.00011321340571157634, 0.00019035649893339723, -0.00016259029507637024, 0.0004993884940631688, -0.000942212762311101, 0.00033678754698485136, 1.0343143912905362e-05, 0.0001548328436911106, 7.030179403955117e-05, 0.0004145687271375209], [-0.0005339559284038842, 0.003685235045850277, -0.0007764531765133142, 0.0008036635699681938, -0.002188745653256774, 0.0032712388783693314, -0.003956416621804237, 0.0031251469627022743, -0.0024418430402874947, 0.00016165999113582075, -0.0012403809232637286, 0.001758027938194573, -0.001183913554996252], [-0.00028753423248417675, -0.0007764531765133142, 0.003936623223125935, -0.001390873920172453, 0.000517482403665781, -0.003316889051347971, 0.0019148496212437749, -0.001379336346872151, 0.002859329804778099, -0.003986741416156292, 0.003239299403503537, -0.002399110933765769, 0.0007630436448380351], [-0.00011321340571157634, 0.0008036635699681938, -0.001390873920172453, 0.004322491120547056, -0.0022470080293715, 0.0012933328980579972, -0.0001397982705384493, 0.0008831340819597244, -0.002945140702649951, 0.0038396858144551516, -0.0032653091475367546, 0.0011256415164098144, -0.002160469302907586], [0.00019035649893339723, -0.002188745653256774, 0.000517482403665781, -0.0022470080293715, 0.008956297300755978, -0.005365167744457722, 0.0018190271221101284, -0.0015793052734807134, -0.0013530649011954665, -0.0013899566838517785, 0.0027012899518013, -0.0026594900991767645, 0.00034880966995842755], [-0.00016259029507637024, 0.0032712388783693314, -0.003316889051347971, 0.0012933328980579972, -0.005365167744457722, 0.014988998882472515, -0.008731688372790813, 0.002218798967078328, 0.0003698549116961658, -6.918142025824636e-05, -0.003649435006082058, 0.006464993115514517, -0.0034288663882762194], [0.0004993884940631688, -0.003956416621804237, 0.0019148496212437749, -0.0001397982705384493, 0.0018190271221101284, -0.008731688372790813, 0.011021239683032036, -0.004572678357362747, 0.0014971381751820445, 0.0019125925609841943, -0.0009087457437999547, -0.0014733277494087815, 0.002903163665905595], [-0.000942212762311101, 0.0031251469627022743, -0.001379336346872151, 0.0008831340819597244, -0.0015793052734807134, 0.002218798967078328, -0.004572678357362747, 0.013650469481945038, -0.00947476364672184, 0.0038664857856929302, -0.002575682708993554, 0.0016748462803661823, -0.0018711835145950317], [0.00033678754698485136, -0.0024418430402874947, 0.002859329804778099, -0.002945140702649951, -0.0013530649011954665, 0.0003698549116961658, 0.0014971381751820445, -0.00947476364672184, 0.019785987213253975, -0.011633184738457203, 0.0054124826565384865, -0.003714304883033037, 0.0033831552136689425], [1.0343143912905362e-05, 0.00016165999113582075, -0.003986741416156292, 0.0038396858144551516, -0.0013899566838517785, -6.918142025824636e-05, 0.0019125925609841943, 0.0038664857856929302, -0.011633184738457203, 0.02237415499985218, -0.013692800886929035, 0.008910450153052807, -0.0031735480297356844], [0.0001548328436911106, -0.0012403809232637286, 0.003239299403503537, -0.0032653091475367546, 0.0027012899518013, -0.003649435006082058, -0.0009087457437999547, -0.002575682708993554, 0.0054124826565384865, -0.013692800886929035, 0.026582853868603706, -0.015218122862279415, 0.005507098976522684], [7.030179403955117e-05, 0.001758027938194573, -0.002399110933765769, 0.0011256415164098144, -0.0026594900991767645, 0.006464993115514517, -0.0014733277494087815, 0.0016748462803661823, -0.003714304883033037, 0.008910450153052807, -0.015218122862279415, 0.02908182702958584, -0.016032127663493156], [0.0004145687271375209, -0.001183913554996252, 0.0007630436448380351, -0.002160469302907586, 0.00034880966995842755, -0.0034288663882762194, 0.002903163665905595, -0.0018711835145950317, 0.0033831552136689425, -0.0031735480297356844, 0.005507098976522684, -0.016032127663493156, 0.023491399362683296]], "lowlevel.mfcc.cov": [[1497.9886474609375, 220.04959106445312, 63.03837585449219, 100.00543212890625, 60.24790573120117, -22.708301544189453, -7.443754196166992, 39.174339294433594, 62.381195068359375, 72.7263412475586, 60.242733001708984, 28.0799560546875, 17.39335060119629], [220.04959106445312, 702.03271484375, -44.06989669799805, -73.2626724243164, -64.69695281982422, 142.4896240234375, 90.17237854003906, -1.5510904788970947, 63.591426849365234, 149.92567443847656, 107.50493621826172, -3.3009114265441895, -19.569231033325195], [63.03837585449219, -44.06989669799805, 368.2482604980469, 42.7026481628418, 83.86662292480469, 53.84619903564453, 40.0014533996582, -32.957862854003906, 25.963958740234375, -10.278903007507324, -16.438247680664062, 38.664180755615234, 18.330801010131836], [100.00543212890625, -73.2626724243164, 42.7026481628418, 314.5030212402344, 129.1083984375, -3.6241748332977295, -38.68948745727539, 60.81748580932617, 28.30206871032715, -26.608043670654297, -21.869441986083984, 46.23261260986328, 57.42962646484375], [60.24790573120117, -64.69695281982422, 83.86662292480469, 129.1083984375, 247.62451171875, 21.540382385253906, -26.633129119873047, 0.09681490063667297, 55.479225158691406, -6.53505802154541, 3.8487701416015625, 43.550968170166016, 42.21902084350586], [-22.708301544189453, 142.4896240234375, 53.84619903564453, -3.6241748332977295, 21.540382385253906, 217.88133239746094, 129.3802490234375, 19.918825149536133, 35.99879837036133, 64.97455596923828, 43.46200942993164, 3.6654598712921143, -25.697500228881836], [-7.443754196166992, 90.17237854003906, 40.0014533996582, -38.68948745727539, -26.633129119873047, 129.3802490234375, 202.3316650390625, 79.3943099975586, 29.501440048217773, 66.11529541015625, 43.02830123901367, -11.077736854553223, -26.790498733520508], [39.174339294433594, -1.5510904788970947, -32.957862854003906, 60.81748580932617, 0.09681490063667297, 19.918825149536133, 79.3943099975586, 172.68785095214844, 52.81777572631836, 26.775312423706055, 24.573848724365234, 5.401144504547119, -6.42563533782959], [62.381195068359375, 63.591426849365234, 25.963958740234375, 28.30206871032715, 55.479225158691406, 35.99879837036133, 29.501440048217773, 52.81777572631836, 123.2597427368164, 61.310951232910156, 41.220069885253906, 22.509347915649414, 0.5840668678283691], [72.7263412475586, 149.92567443847656, -10.278903007507324, -26.608043670654297, -6.53505802154541, 64.97455596923828, 66.11529541015625, 26.775312423706055, 61.310951232910156, 148.3793182373047, 95.03652954101562, 12.050285339355469, -15.159602165222168], [60.242733001708984, 107.50493621826172, -16.438247680664062, -21.869441986083984, 3.8487701416015625, 43.46200942993164, 43.02830123901367, 24.573848724365234, 41.220069885253906, 95.03652954101562, 132.7936553955078, 29.425750732421875, -7.593474864959717], [28.0799560546875, -3.3009114265441895, 38.664180755615234, 46.23261260986328, 43.550968170166016, 3.6654598712921143, -11.077736854553223, 5.401144504547119, 22.509347915649414, 12.050285339355469, 29.425750732421875, 77.71367645263672, 40.1707763671875], [17.39335060119629, -19.569231033325195, 18.330801010131836, 57.42962646484375, 42.21902084350586, -25.697500228881836, -26.790498733520508, -6.42563533782959, 0.5840668678283691, -15.159602165222168, -7.593474864959717, 40.1707763671875, 96.43622589111328]], "lowlevel.mfcc.icov": [[0.0007699845009483397, -0.00031828336068429053, -0.00021707237465307117, -0.00025462955818511546, -0.00013082337682135403, 0.00044422855717130005, 3.452975579421036e-05, -0.00014159001875668764, -1.2059122127539013e-06, -0.0002067086024908349, -0.00015121971955522895, 7.909187843324617e-05, 8.790162246441469e-05], [-0.00031828336068429053, 0.0022508488036692142, 0.0003415796672925353, 0.00013675795344170183, 0.0007878778269514441, -0.0013775791740044951, 0.00021155188733246177, 0.0005951811908744276, -0.0007200923282653093, -0.0011453243205323815, -0.0004621751722879708, 0.00047074639587663114, -0.0006539617897942662], [-0.00021707237465307117, 0.0003415796672925353, 0.003715296508744359, -0.00027680443599820137, -0.0006414009840227664, -0.00024677588953636587, -0.0019377322169020772, 0.001946136704646051, -0.0010425783693790436, 0.0005577804986387491, 0.0009880609577521682, -0.001981451641768217, 0.00037067566881887615], [-0.00025462955818511546, 0.00013675795344170183, -0.00027680443599820137, 0.005557084456086159, -0.002099743578583002, -0.0013336252886801958, 0.0023227687925100327, -0.0033280246425420046, 0.0009708670550026, -0.0003027588245458901, 0.0013181651011109352, -0.001137872226536274, -0.0016713476506993175], [-0.00013082337682135403, 0.0007878778269514441, -0.0006414009840227664, -0.002099743578583002, 0.006845178082585335, -0.0013784560142084956, 0.0007624810677953064, 0.0014150708448141813, -0.0033298747148364782, 0.0010662657441571355, -0.0010024582734331489, -0.0002711593406274915, -0.001280343858525157], [0.00044422855717130005, -0.0013775791740044951, -0.00024677588953636587, -0.0013336252886801958, -0.0013784560142084956, 0.009959530085325241, -0.006655517965555191, 0.002582172630354762, -0.0005367315607145429, -0.0004365666245575994, 1.0250893865304533e-05, -0.0011998441768810153, 0.0024971922393888235], [3.452975579421036e-05, 0.00021155188733246177, -0.0019377322169020772, 0.0023227687925100327, 0.0007624810677953064, -0.006655517965555191, 0.013326650485396385, -0.00686401454731822, 0.002111844951286912, -0.0027548428624868393, -0.00023266335483640432, 0.0024254643358290195, -0.0013151793973520398], [-0.00014159001875668764, 0.0005951811908744276, 0.001946136704646051, -0.0033280246425420046, 0.0014150708448141813, 0.002582172630354762, -0.00686401454731822, 0.011721145361661911, -0.005103021394461393, 0.0018680981593206525, -0.0010984139516949654, -0.0006383490399457514, 0.0012049743672832847], [-1.2059122127539013e-06, -0.0007200923282653093, -0.0010425783693790436, 0.0009708670550026, -0.0033298747148364782, -0.0005367315607145429, 0.002111844951286912, -0.005103021394461393, 0.014543392695486546, -0.005542634055018425, 0.0010359722655266523, -0.0017442888347432017, 0.0008843183168210089], [-0.0002067086024908349, -0.0011453243205323815, 0.0005577804986387491, -0.0003027588245458901, 0.0010662657441571355, -0.0004365666245575994, -0.0027548428624868393, 0.0018680981593206525, -0.005542634055018425, 0.017156008630990982, -0.009092620573937893, 0.001110080280341208, 0.00020726557704620063], [-0.00015121971955522895, -0.0004621751722879708, 0.0009880609577521682, 0.0013181651011109352, -0.0010024582734331489, 1.0250893865304533e-05, -0.00023266335483640432, -0.0010984139516949654, 0.0010359722655266523, -0.009092620573937893, 0.016404855996370316, -0.00673325452953577, 0.001925329677760601], [7.909187843324617e-05, 0.00047074639587663114, -0.001981451641768217, -0.001137872226536274, -0.0002711593406274915, -0.0011998441768810153, 0.0024254643358290195, -0.0006383490399457514, -0.0017442888347432017, 0.001110080280341208, -0.00673325452953577, 0.022139178588986397, -0.00800146721303463], [8.790162246441469e-05, -0.0006539617897942662, 0.00037067566881887615, -0.0016713476506993175, -0.001280343858525157, 0.0024971922393888235, -0.0013151793973520398, 0.0012049743672832847, 0.0008843183168210089, 0.00020726557704620063, 0.001925329677760601, -0.00800146721303463, 0.015598590485751629]], "metadata.audio_properties.analysis.downmix": "mix", "metadata.audio_properties.codec": "mp3", "metadata.audio_properties.md5_encoded": "f1c20711e46ad2020077a124db5b8ecc", "metadata.tags.file_name": "1182281709069279312.mp3", "metadata.version.essentia": "2.1-beta6-dev", "metadata.version.essentia_git_sha": "v2.1_beta5-1110-g77a6a954", "metadata.version.extractor": "music 2.0", "tonal.chords_key": "F", "tonal.chords_scale": "minor", "tonal.key_edma.key": "Ab", "tonal.key_edma.scale": "major", "tonal.key_krumhansl.key": "Ab", "tonal.key_krumhansl.scale": "major", "tonal.key_temperley.key": "Ab", "tonal.key_temperley.scale": "major", "metadata.tags.encoding": ["Lavf58.45.100"]}, "essentia_models": [{"model_name": "genre_dortmund", "activations": {"alternative": "0.052167982", "blues": "0.046838824", "electronic": "0.0193226", "folkcountry": "0.05016338", "funksoulrnb": "0.06488527", "jazz": "0.023913648", "pop": "0.16478217", "raphiphop": "0.10978846", "rock": "0.65147597"}}, {"model_name": "genre_rosamerica", "activations": {"classic": "0.044938605", "dance": "0.059386205", "hip hop": "0.1214659", "jazz": "0.035688218", "pop": "0.2934625", "rhythm and blues": "0.060539246", "rock": "0.35495558", "speech": "0.021519473"}}, {"model_name": "genre_tzanetakis",