{"song_id": "1182267022529265715", "download": "https://cdn.discordapp.com/attachments/1135903449314238464/1182267022529265715/chirp.mp4?ex=658412f7&amp", "lyrics": "[Verse]\nI can't deny this feeling inside\nEvery day, my heart feels so alive\nIn your arms, I found my paradise\nCan't help but smile, love's got me hypnotized\n\n[Chorus]\nI'm in love so much, I can't explain\nYou're the sunlight that eases the pain\nWhen I'm with you, nothing else matters\nYou're the one, my heart forever shatters", "style": ["female pop"], "essentia_features": {"lowlevel.average_loudness": 0.9709730744361877, "lowlevel.barkbands_crest.mean": 13.065657615661621, "lowlevel.barkbands_crest.stdev": 4.865322113037109, "lowlevel.barkbands_flatness_db.mean": 0.1871488094329834, "lowlevel.barkbands_flatness_db.stdev": 0.06024584919214249, "lowlevel.barkbands_kurtosis.mean": 7.47490119934082, "lowlevel.barkbands_kurtosis.stdev": 14.87484073638916, "lowlevel.barkbands_skewness.mean": 1.5436040163040161, "lowlevel.barkbands_skewness.stdev": 1.7091913223266602, "lowlevel.barkbands_spread.mean": 18.487300872802734, "lowlevel.barkbands_spread.stdev": 17.02773094177246, "lowlevel.dissonance.mean": 0.4253014028072357, "lowlevel.dissonance.stdev": 0.05354628339409828, "lowlevel.dynamic_complexity": 3.2448129653930664, "lowlevel.erbbands_crest.mean": 14.937414169311523, "lowlevel.erbbands_crest.stdev": 6.94293212890625, "lowlevel.erbbands_flatness_db.mean": 0.19900624454021454, "lowlevel.erbbands_flatness_db.stdev": 0.06630298495292664, "lowlevel.erbbands_kurtosis.mean": 4.667909622192383, "lowlevel.erbbands_kurtosis.stdev": 7.255657196044922, "lowlevel.erbbands_skewness.mean": 0.8387523293495178, "lowlevel.erbbands_skewness.stdev": 1.0662494897842407, "lowlevel.erbbands_spread.mean": 32.51372146606445, "lowlevel.erbbands_spread.stdev": 31.067232131958008, "lowlevel.hfc.mean": 26.862916946411133, "lowlevel.hfc.stdev": 18.459890365600586, "lowlevel.loudness_ebu128.integrated": -11.899100303649902, "lowlevel.loudness_ebu128.loudness_range": 1.4616289138793945, "lowlevel.loudness_ebu128.momentary.mean": -12.423922538757324, "lowlevel.loudness_ebu128.momentary.stdev": 2.447425127029419, "lowlevel.loudness_ebu128.short_term.mean": -12.032255172729492, "lowlevel.loudness_ebu128.short_term.stdev": 0.55555260181427, "lowlevel.melbands_crest.mean": 16.134658813476562, "lowlevel.melbands_crest.stdev": 5.792305946350098, "lowlevel.melbands_flatness_db.mean": 0.24699559807777405, "lowlevel.melbands_flatness_db.stdev": 0.07643953710794449, "lowlevel.melbands_kurtosis.mean": 17.888151168823242, "lowlevel.melbands_kurtosis.stdev": 36.20164489746094, "lowlevel.melbands_skewness.mean": 2.3178317546844482, "lowlevel.melbands_skewness.stdev": 2.5709002017974854, "lowlevel.melbands_spread.mean": 20.638614654541016, "lowlevel.melbands_spread.stdev": 22.13320541381836, "lowlevel.pitch_salience.mean": 0.47452887892723083, "lowlevel.pitch_salience.stdev": 0.13751384615898132, "lowlevel.silence_rate_20dB.mean": 1.0, "lowlevel.silence_rate_20dB.stdev": 0.0, "lowlevel.silence_rate_30dB.mean": 0.9863429665565491, "lowlevel.silence_rate_30dB.stdev": 0.11606302112340927, "lowlevel.silence_rate_60dB.mean": 0.09559939056634903, "lowlevel.silence_rate_60dB.stdev": 0.2940419912338257, "lowlevel.spectral_centroid.mean": 1089.5164794921875, "lowlevel.spectral_centroid.stdev": 805.769287109375, "lowlevel.spectral_complexity.mean": 10.691198348999023, "lowlevel.spectral_complexity.stdev": 6.415164947509766, "lowlevel.spectral_decrease.mean": -8.505455895146952e-09, "lowlevel.spectral_decrease.stdev": 6.4236975738651836e-09, "lowlevel.spectral_energy.mean": 0.034538112580776215, "lowlevel.spectral_energy.stdev": 0.025274472311139107, "lowlevel.spectral_energyband_high.mean": 0.0006530064856633544, "lowlevel.spectral_energyband_high.stdev": 0.0009710189769975841, "lowlevel.spectral_energyband_low.mean": 0.010064387694001198, "lowlevel.spectral_energyband_low.stdev": 0.01817944087088108, "lowlevel.spectral_energyband_middle_high.mean": 0.011274385266005993, "lowlevel.spectral_energyband_middle_high.stdev": 0.014219383709132671, "lowlevel.spectral_energyband_middle_low.mean": 0.015519816428422928, "lowlevel.spectral_energyband_middle_low.stdev": 0.014307775534689426, "lowlevel.spectral_entropy.mean": 7.153479099273682, "lowlevel.spectral_entropy.stdev": 0.679487943649292, "lowlevel.spectral_flux.mean": 0.09402337670326233, "lowlevel.spectral_flux.stdev": 0.05893682315945625, "lowlevel.spectral_kurtosis.mean": 6.01863431930542, "lowlevel.spectral_kurtosis.stdev": 4.383392333984375, "lowlevel.spectral_rms.mean": 0.0053049796260893345, "lowlevel.spectral_rms.stdev": 0.0023564717266708612, "lowlevel.spectral_rolloff.mean": 1707.2889404296875, "lowlevel.spectral_rolloff.stdev": 2602.943359375, "lowlevel.spectral_skewness.mean": 2.084299087524414, "lowlevel.spectral_skewness.stdev": 0.7264160513877869, "lowlevel.spectral_spread.mean": 6172658.0, "lowlevel.spectral_spread.stdev": 3401413.0, "lowlevel.spectral_strongpeak.mean": 2.25718092918396, "lowlevel.spectral_strongpeak.stdev": 2.3426713943481445, "lowlevel.zerocrossingrate.mean": 0.06870836019515991, "lowlevel.zerocrossingrate.stdev": 0.06630682945251465, "metadata.audio_properties.analysis.equal_loudness": 0.0, "metadata.audio_properties.analysis.length": 30.57065773010254, "metadata.audio_properties.analysis.sample_rate": 44100.0, "metadata.audio_properties.analysis.start_time": 0.0, "metadata.audio_properties.bit_rate": 120232.0, "metadata.audio_properties.length": 30.570667266845703, "metadata.audio_properties.lossless": 0.0, "metadata.audio_properties.number_channels": 1.0, "metadata.audio_properties.replay_gain": -14.16172981262207, "metadata.audio_properties.sample_rate": 48000.0, "rhythm.beats_count": 62.0, "rhythm.beats_loudness.mean": 0.056708917021751404, "rhythm.beats_loudness.stdev": 0.034092992544174194, "rhythm.bpm": 124.87703704833984, "rhythm.bpm_histogram_first_peak_bpm": 126.0, "rhythm.bpm_histogram_first_peak_weight": 0.5, "rhythm.bpm_histogram_second_peak_bpm": 117.0, "rhythm.bpm_histogram_second_peak_spread": 0.6000000238418579, "rhythm.bpm_histogram_second_peak_weight": 0.032786883413791656, "rhythm.danceability": 1.5014309883117676, "rhythm.onset_rate": 5.099323749542236, "tonal.chords_changes_rate": 0.05303030461072922, "tonal.chords_number_rate": 0.010606060735881329, "tonal.chords_strength.mean": 0.5707308053970337, "tonal.chords_strength.stdev": 0.08789154142141342, "tonal.hpcp_crest.mean": 18.034912109375, "tonal.hpcp_crest.stdev": 8.854944229125977, "tonal.hpcp_entropy.mean": 1.4414139986038208, "tonal.hpcp_entropy.stdev": 0.7788751125335693, "tonal.key_edma.strength": 0.6984691619873047, "tonal.key_krumhansl.strength": 0.704502284526825, "tonal.key_temperley.strength": 0.6913378834724426, "tonal.tuning_diatonic_strength": 0.5971165299415588, "tonal.tuning_equal_tempered_deviation": 0.08143432438373566, "tonal.tuning_frequency": 440.2542419433594, "tonal.tuning_nontempered_energy_ratio": 0.7666248083114624, "lowlevel.barkbands.mean": [8.600817091064528e-05, 0.0052671292796730995, 0.0027298375498503447, 0.002738835057243705, 0.0007823228952474892, 0.004299233667552471, 0.0018902968149632215, 0.001157249673269689, 0.0025402894243597984, 0.0037898565642535686, 0.0037838052958250046, 0.0019488399848341942, 0.0005814238684251904, 0.00042602556641213596, 0.0006447962950915098, 0.00033175968565046787, 0.00047619189717806876, 0.0002065624576061964, 0.00016392463294323534, 7.900120544945821e-05, 5.135303581482731e-05, 4.693466689786874e-05, 6.806923920521513e-05, 0.00014082218694966286, 0.00021551323879975826, 9.128652163781226e-05, 7.61560670525796e-07], "lowlevel.barkbands.stdev": [0.00024368450976908207, 0.01696523278951645, 0.003917472902685404, 0.004020193591713905, 0.002048599300906062, 0.007623804733157158, 0.004255781881511211, 0.0041556572541594505, 0.005975640844553709, 0.008268149569630623, 0.009161770343780518, 0.005694862920790911, 0.002601123182103038, 0.0016676742816343904, 0.0017684155609458685, 0.0008886912255547941, 0.0012795340735465288, 0.000538105028681457, 0.0002960114798042923, 0.00013060704804956913, 0.00011284888023510575, 0.0001177854064735584, 0.00013313857198227197, 0.00022120164067018777, 0.0004115847696084529, 0.0002047463203780353, 2.9999916932865744e-06], "lowlevel.erbbands.mean": [0.1530289649963379, 1.1843096017837524, 2.5043728351593018, 8.21930980682373, 3.5079290866851807, 2.8776702880859375, 13.857379913330078, 38.84510040283203, 34.94020080566406, 21.24526023864746, 38.16431427001953, 54.005619049072266, 123.53540802001953, 129.5078887939453, 123.27951049804688, 80.53334045410156, 29.256567001342773, 28.337739944458008, 24.215850830078125, 29.137996673583984, 22.79961585998535, 23.82756996154785, 13.387655258178711, 10.560013771057129, 5.7310028076171875, 3.6591174602508545, 2.5976290702819824, 1.7820615768432617, 1.7063626050949097, 1.5349825620651245, 2.089662790298462, 2.4173057079315186, 2.6472690105438232, 2.5662734508514404, 1.4415301084518433, 0.5589746832847595, 0.13883884251117706, 0.010549451224505901, 0.00025757652474567294, 5.395486004999839e-05], "lowlevel.erbbands.stdev": [0.5472983121871948, 3.6572980880737305, 4.231068134307861, 9.237744331359863, 5.525388717651367, 7.544609069824219, 38.61505126953125, 74.723876953125, 68.92817687988281, 53.614418029785156, 128.75198364257812, 123.77771759033203, 264.1131896972656, 318.7119445800781, 330.65106201171875, 238.30941772460938, 106.67549896240234, 90.27509307861328, 66.31869506835938, 77.01425170898438, 54.84892272949219, 60.93974304199219, 35.02354049682617, 23.173734664916992, 9.508437156677246, 6.004333972930908, 5.1662421226501465, 4.1441192626953125, 4.399899482727051, 3.3924801349639893, 4.0545220375061035, 3.8729546070098877, 4.410226345062256, 4.839780330657959, 3.0383503437042236, 1.2278045415878296, 0.332832396030426, 0.02329357899725437, 0.0005310390843078494, 3.807702159974724e-05], "lowlevel.gfcc.mean": [-24.768877029418945, 71.03900146484375, -105.30242156982422, -1.301885962486267, -59.073246002197266, 19.932056427001953, -52.85829544067383, 25.486278533935547, -38.1701545715332, -2.8528542518615723, -18.020030975341797, -2.134673833847046, -9.672720909118652], "lowlevel.melbands.mean": [0.001459368853829801, 0.001483996631577611, 0.0012062352616339922, 0.0001770223752828315, 0.00039903391734696925, 0.0008770941058173776, 0.0005187919596210122, 0.0002094014489557594, 0.00034582801163196564, 0.0003619916969910264, 0.0006079804734326899, 0.0004907638067379594, 0.00041872632573358715, 0.00028114262386225164, 9.479535947320983e-05, 6.864543684059754e-05, 5.04173367517069e-05, 3.310732063255273e-05, 5.001480894861743e-05, 2.8422817194950767e-05, 2.7450991183286533e-05, 2.786222830764018e-05, 1.6259466065093875e-05, 8.285925105155911e-06, 8.906262337404769e-06, 4.598330178851029e-06, 3.185187551935087e-06, 2.2481267478724476e-06, 1.7471337514507468e-06, 1.250582727152505e-06, 9.56044573285908e-07, 9.80195409283624e-07, 8.761023195802409e-07, 8.369129318452906e-07, 1.1391530279070139e-06, 1.3430483249976533e-06, 1.5813677691767225e-06, 1.828242716328532e-06, 1.9478773083392298e-06, 2.27578061640088e-06], "lowlevel.melbands.stdev": [0.004911293741315603, 0.0026817298494279385, 0.0013596761273220181, 0.000405362545279786, 0.0010489573469385505, 0.0015894565731287003, 0.0009992060950025916, 0.0005531786591745913, 0.001165728084743023, 0.0008638688595965505, 0.0013376339338719845, 0.0012651230208575726, 0.0010229642502963543, 0.0007545894477516413, 0.00031090760603547096, 0.0003229919238947332, 0.0001869187835836783, 9.875130490399897e-05, 0.00014549838670063764, 7.026304956525564e-05, 7.572664617327973e-05, 7.263458974193782e-05, 5.6685890740482137e-05, 2.4410232072114013e-05, 2.0552983187371865e-05, 7.881198143877555e-06, 6.115858468547231e-06, 4.134316895942902e-06, 3.501741502986988e-06, 2.9173900202295044e-06, 2.345364237044123e-06, 2.6368727503722766e-06, 2.236966793134343e-06, 1.8486837234377163e-06, 2.3689378849667264e-06, 2.483275466147461e-06, 2.506486680431408e-06, 3.0836097266728757e-06, 3.572949708541273e-06, 4.480761162994895e-06], "lowlevel.melbands128.mean": [6.748201121808961e-05, 0.0010231374762952328, 0.002348952228203416, 0.0017629096983000636, 0.00101334264036268, 0.001578632858581841, 0.001969411736354232, 0.0010049260454252362, 0.00020874639449175447, 0.0001256840769201517, 0.00013586644490715116, 0.0001962309324881062, 0.0004711934889201075, 0.0006408778135664761, 0.0008358857594430447, 0.0011487638112157583, 0.0007619976531714201, 0.00030794201302342117, 0.00036997601273469627, 0.00020052403851877898, 0.00014618308341596276, 0.00016046460950747132, 0.00048429533489979804, 0.0004094908363185823, 0.00020219535508658737, 0.000422303652158007, 0.0004961092490702868, 0.0008983987499959767, 0.0003840340068563819, 0.0003049989463761449, 0.000710250053089112, 0.0005303374491631985, 0.000228317643632181, 0.0005932413041591644, 0.00021457549883052707, 0.00026004944811575115, 0.00024904488236643374, 5.7432505855103955e-05, 2.268342905153986e-05, 5.576493276748806e-05, 0.00011037052900064737, 3.441721491981298e-05, 4.7889545385260135e-05, 7.128660945454612e-05, 1.5013336451374926e-05, 2.7044241505791433e-05, 4.817709850613028e-05, 5.5254273320315406e-05, 5.278425305732526e-05, 3.0788127332925797e-05, 2.4556813514209352e-05, 2.888082235585898e-05, 1.6448122551082633e-05, 3.4809399949153885e-05, 3.53774412360508e-05, 2.872176810342353e-05, 1.8059990907204337e-05, 1.8922552044386975e-05, 1.582746881467756e-05, 1.2536645954241976e-05, 5.653471362165874e-06, 5.4557463045057375e-06, 1.2777631127391942e-05, 8.810678991721943e-06, 5.32148260390386e-06, 4.4490975597000215e-06, 4.222561528877122e-06, 3.534921688697068e-06, 2.953592002086225e-06, 2.7474368380353553e-06, 2.0021007003379054e-06, 2.2307926883513574e-06, 2.123573040080373e-06, 1.572774408487021e-06, 1.4391537206392968e-06, 1.3435366099656676e-06, 1.1713200365193188e-06, 9.103027878154535e-07, 9.59617864282336e-07, 9.276337777919252e-07, 1.0146989097847836e-06, 1.0176075875278912e-06, 8.793678603069566e-07, 8.999382430374681e-07, 8.442770536021271e-07, 7.349411248469551e-07, 8.267593329946976e-07, 1.025559640766005e-06, 1.1387406857465976e-06, 1.2038000249958714e-06, 1.4240866903492133e-06, 1.3963195897304104e-06, 1.2141578054070123e-06, 1.4060353805689374e-06, 1.9792832972598262e-06, 1.893690750875976e-06, 1.7380012877765694e-06, 1.7765022448656964e-06, 2.009660875046393e-06, 1.859759095168556e-06, 2.340808350709267e-06, 2.3333775516221067e-06, 2.295471404067939e-06, 1.9776409772020997e-06, 1.6298466789521626e-06, 1.3067424333712552e-06, 1.1623834552665357e-06, 1.2437907344065025e-06, 9.914612064676476e-07, 7.221595410555892e-07, 6.383996264958114e-07, 5.005879870623176e-07, 4.788404908140365e-07, 2.929419906649855e-07, 1.534804709990567e-07, 8.467372225595682e-08, 2.7964730975327257e-08, 5.548775217079083e-09, 2.5104926471009037e-10, 1.0258500646176394e-11, 7.595899603751732e-12, 4.928352431016192e-12, 4.4140147266447105e-12, 4.322183236316057e-12, 4.217788011212642e-12, 4.100911450699574e-12, 4.028834991315344e-12, 4.00029271860336e-12], "lowlevel.melbands128.stdev": [0.00022787039051763713, 0.00391666404902935, 0.008200256153941154, 0.005542881786823273, 0.0027245525270700455, 0.0020849520806223154, 0.002236679894849658, 0.0016212747432291508, 0.00043507214286364615, 0.0004943279782310128, 0.0004493424203246832, 0.0005833349423483014, 0.0016362370224669576, 0.0018988093361258507, 0.0022343096788972616, 0.002496491651982069, 0.0018936584237962961, 0.0009976648725569248, 0.0012842200230807066, 0.0006735578645020723, 0.0006062241736799479, 0.001034560496918857, 0.001860582735389471, 0.0015262940432876348, 0.0007007767562754452, 0.0016559241339564323, 0.001315196161158383, 0.002420057076960802, 0.0014991050120443106, 0.00130207440815866, 0.0023040627129375935, 0.0017673507099971175, 0.000969679793342948, 0.0022728326730430126, 0.0009686353150755167, 0.0010307616321370006, 0.0009732128237374127, 0.0003456022823229432, 0.0001909539569169283, 0.0003523118793964386, 0.0006308460142463446, 0.0001563302066642791, 0.00023840239737182856, 0.00036742610973306, 7.952681335154921e-05, 0.00010698418918764219, 0.0002521966816857457, 0.00019935680029448122, 0.00023590438649989665, 0.0001249827182618901, 8.048623567447066e-05, 0.0001234613882843405, 8.012334728846326e-05, 0.00014096833183430135, 0.00011692428233800456, 0.00011303466453682631, 8.634568803245202e-05, 0.00013367607607506216, 5.525828601093963e-05, 4.8647401854395866e-05, 3.155170998070389e-05, 2.3277680156752467e-05, 4.0512608393328264e-05, 2.173526445403695e-05, 1.5267763956217095e-05, 1.0337512321711984e-05, 8.99462520465022e-06, 1.3270856470626313e-05, 6.500454674096545e-06, 5.0376793296891265e-06, 4.69844599138014e-06, 5.048855200584512e-06, 4.5913384383311495e-06, 3.8097261949587846e-06, 3.3142889606097015e-06, 3.422680947551271e-06, 3.2075870421977015e-06, 2.285849632244208e-06, 2.5251715669583064e-06, 2.7302542093821103e-06, 3.0438216072070645e-06, 3.029843355761841e-06, 2.5102190193138085e-06, 2.397541493337485e-06, 2.304518829987501e-06, 1.7466018107370473e-06, 1.982525873245322e-06, 2.4829853373375954e-06, 2.5868166630971245e-06, 2.557125526436721e-06, 2.8220802050782368e-06, 2.7903920454264153e-06, 2.399830918875523e-06, 2.66861320596945e-06, 3.1388130992127117e-06, 3.1421516268892447e-06, 3.6250280572858173e-06, 3.4882834825111786e-06, 4.1531407077854965e-06, 3.7390998386399588e-06, 4.513681233220268e-06, 5.030623015045421e-06, 5.2261657401686534e-06, 4.649314632843016e-06, 4.14059468312189e-06, 2.9583184186776634e-06, 2.441294327582e-06, 2.5930714855348924e-06, 2.413372840237571e-06, 1.870282744675933e-06, 2.025423555096495e-06, 1.3840055999025935e-06, 1.2137453495597583e-06, 7.46749094560073e-07, 3.2640252811688697e-07, 2.2196437043930928e-07, 9.773126663503717e-08, 4.424774502354012e-08, 6.209974756643533e-09, 1.3870793402759318e-10, 7.838707460905425e-11, 1.6760787202585448e-11, 7.407959662364405e-12, 7.2289474753461924e-12, 6.947907960769273e-12, 6.676219473089606e-12, 6.589113803190383e-12, 6.553221073429816e-12], "lowlevel.mfcc.mean": [-680.512451171875, 117.37969207763672, 5.555824279785156, -7.337909698486328, 16.259374618530273, -17.37642478942871, 8.073668479919434, 1.645861268043518, -0.8350570797920227, -2.0254294872283936, -12.38776683807373, -4.595766067504883, -1.6905754804611206], "lowlevel.spectral_contrast_coeffs.mean": [-0.6430855393409729, -0.673851728439331, -0.675585150718689, -0.7683449983596802, -0.7781835198402405, -0.7954596877098083], "lowlevel.spectral_contrast_coeffs.stdev": [0.09223295748233795, 0.10684734582901001, 0.12236243486404419, 0.07847970724105835, 0.059611473232507706, 0.03749966248869896], "lowlevel.spectral_contrast_valleys.mean": [-7.771888256072998, -7.432681083679199, -7.814860820770264, -8.195409774780273, -8.30410385131836, -10.498699188232422], "lowlevel.spectral_contrast_valleys.stdev": [1.58372163772583, 1.4361846446990967, 1.4221141338348389, 1.382694959640503, 1.4508585929870605, 1.4362835884094238], "rhythm.beats_loudness_band_ratio.mean": [0.44902727007865906, 0.10818986594676971, 0.15092287957668304, 0.19139419496059418, 0.06677892804145813, 0.05846719071269035], "rhythm.beats_loudness_band_ratio.stdev": [0.3235026001930237, 0.1676417589187622, 0.1782551109790802, 0.24108289182186127, 0.07565143704414368, 0.10543522983789444], "tonal.hpcp.mean": [0.04940341040492058, 0.05148936063051224, 0.09704358875751495, 0.16175179183483124, 0.13068640232086182, 0.06640443205833435, 0.049046434462070465, 0.07051394134759903, 0.2324671447277069, 0.2625584602355957, 0.10040627419948578, 0.037651509046554565, 0.029035739600658417, 0.03626773878931999, 0.06488741189241409, 0.09494919329881668, 0.12797659635543823, 0.26802316308021545, 0.26964348554611206, 0.0934777483344078, 0.030698534101247787, 0.029445825144648552, 0.03225567564368248, 0.06280136108398438, 0.11523111164569855, 0.10647084563970566, 0.056267332285642624, 0.04287015646696091, 0.05453689396381378, 0.1583346575498581, 0.23988136649131775, 0.13593769073486328, 0.051637399941682816, 0.06168616935610771, 0.05315954610705376, 0.043630339205265045], "tonal.hpcp.stdev": [0.1559697836637497, 0.1635282039642334, 0.21322143077850342, 0.30655255913734436, 0.2646828293800354, 0.18447661399841309, 0.14383886754512787, 0.1657760739326477, 0.3328564763069153, 0.35618481040000916, 0.20045126974582672, 0.12509256601333618, 0.1037534698843956, 0.12411127239465714, 0.17338991165161133, 0.2124738097190857, 0.2164677232503891, 0.3570367395877838, 0.3527180254459381, 0.17839953303337097, 0.11323392391204834, 0.10978452116250992, 0.11562713980674744, 0.15859486162662506, 0.24237099289894104, 0.2329527884721756, 0.16098017990589142, 0.1456117033958435, 0.16270650923252106, 0.2635945677757263, 0.35995373129844666, 0.22848033905029297, 0.15460525453090668, 0.19018980860710144, 0.1637638658285141, 0.1353350430727005], "rhythm.beats_position": [0.5340589284896851, 1.0448979139328003, 1.5557368993759155, 2.078185796737671, 2.5774149894714355, 3.0650339126586914, 3.5526530742645264, 4.040272235870361, 4.5162811279296875, 4.992290019989014, 5.479909420013428, 5.967528343200684, 6.44353723526001, 6.919546127319336, 7.40716552734375, 7.883174419403076, 8.359183311462402, 8.835192680358887, 9.3228120803833, 9.798820495605469, 10.286439895629883, 10.76244831085205, 11.238457679748535, 11.72607707977295, 12.202085494995117, 12.678094863891602, 13.165714263916016, 13.653332710266113, 14.117732048034668, 14.605351448059082, 15.08135986328125, 15.557369232177734, 16.04498863220215, 16.520998001098633, 16.997007369995117, 17.4846248626709, 17.972244262695312, 18.448253631591797, 18.92426300048828, 19.400272369384766, 19.87628173828125, 20.36389923095703, 20.851518630981445, 21.32752799987793, 21.803537368774414, 22.2795467376709, 22.75555419921875, 23.243173599243164, 23.71918296813965, 24.195192337036133, 24.682811737060547, 25.17043113708496, 25.634828567504883, 26.122447967529297, 26.61006736755371, 27.074466705322266, 27.56208610534668, 28.038095474243164, 28.514102935791016, 29.00172233581543, 29.489341735839844, 29.988571166992188], "rhythm.bpm_histogram": [0.0, 0.0, 0.0, 0.0, 0.0, 0.0, 0.0, 0.0, 0.0, 0.0, 0.0, 0.0, 0.0, 0.0, 0.0, 0.0, 0.0, 0.0, 0.0, 0.0, 0.0, 0.0, 0.0, 0.0, 0.0, 0.0, 0.0, 0.0, 0.0, 0.0, 0.0, 0.0, 0.0, 0.0, 0.0, 0.0, 0.0, 0.0, 0.0, 0.0, 0.0, 0.0, 0.0, 0.0, 0.0, 0.0, 0.0, 0.0, 0.0, 0.0, 0.0, 0.0, 0.0, 0.0, 0.0, 0.0, 0.0, 0.0, 0.0, 0.0, 0.0, 0.0, 0.0, 0.0, 0.0, 0.0, 0.0, 0.0, 0.0, 0.0, 0.0, 0.0, 0.0, 0.0, 0.0, 0.0, 0.0, 0.0, 0.0, 0.0, 0.0, 0.0, 0.0, 0.0, 0.0, 0.0, 0.0, 0.0, 0.0, 0.0, 0.0, 0.0, 0.0, 0.0, 0.0, 0.0, 0.0, 0.0, 0.0, 0.0, 0.0, 0.0, 0.0, 0.0, 0.0, 0.0, 0.0, 0.0, 0.0, 0.0, 0.0, 0.0, 0.0, 0.0, 0.0, 0.016393441706895828, 0.0, 0.032786883413791656, 0.0, 0.0, 0.032786883413791656, 0.0, 0.0, 0.4098360538482666, 0.0, 0.0, 0.4590163826942444, 0.0, 0.0, 0.04918032884597778, 0.0, 0.0, 0.0, 0.0, 0.0, 0.0, 0.0, 0.0, 0.0, 0.0, 0.0, 0.0, 0.0, 0.0, 0.0, 0.0, 0.0, 0.0, 0.0, 0.0, 0.0, 0.0, 0.0, 0.0, 0.0, 0.0, 0.0, 0.0, 0.0, 0.0, 0.0, 0.0, 0.0, 0.0, 0.0, 0.0, 0.0, 0.0, 0.0, 0.0, 0.0, 0.0, 0.0, 0.0, 0.0, 0.0, 0.0, 0.0, 0.0, 0.0, 0.0, 0.0, 0.0, 0.0, 0.0, 0.0, 0.0, 0.0, 0.0, 0.0, 0.0, 0.0, 0.0, 0.0, 0.0, 0.0, 0.0, 0.0, 0.0, 0.0, 0.0, 0.0, 0.0, 0.0, 0.0, 0.0, 0.0, 0.0, 0.0, 0.0, 0.0, 0.0, 0.0, 0.0, 0.0, 0.0, 0.0, 0.0, 0.0, 0.0, 0.0, 0.0, 0.0, 0.0, 0.0, 0.0, 0.0, 0.0, 0.0, 0.0, 0.0, 0.0, 0.0, 0.0, 0.0, 0.0, 0.0, 0.0, 0.0, 0.0, 0.0, 0.0, 0.0, 0.0, 0.0, 0.0, 0.0, 0.0, 0.0, 0.0], "tonal.chords_histogram": [25.606060028076172, 2.2727272510528564, 0.0, 3.3333332538604736, 0.0, 0.0, 0.0, 0.0, 3.4848484992980957, 0.7575757503509521, 4.696969509124756, 0.0, 0.0, 0.0, 0.0, 0.0, 0.0, 1.9696969985961914, 0.0, 0.0, 0.0, 0.7575757503509521, 0.0, 57.121212005615234], "tonal.thpcp": [1.0, 0.3466716408729553, 0.11384860426187515, 0.1092028021812439, 0.11962342262268066, 0.23290516436100006, 0.4273461699485779, 0.39485785365104675, 0.20867305994033813, 0.15898828208446503, 0.20225556194782257, 0.5871999859809875, 0.8896241784095764, 0.5041385889053345, 0.19150249660015106, 0.22876936197280884, 0.19714753329753876, 0.16180750727653503, 0.18321752548217773, 0.19095347821712494, 0.3598959147930145, 0.5998727679252625, 0.4846636652946472, 0.24626751244068146, 0.18189363181591034, 0.261508047580719, 0.8621277809143066, 0.9737244844436646, 0.3723667860031128, 0.1396344155073166, 0.10768195986747742, 0.1345025599002838, 0.2406414896249771, 0.35212862491607666, 0.47461408376693726, 0.9939908981323242], "lowlevel.gfcc.cov": [[12583.986328125, 81.60552978515625, -588.9324951171875, 306.5398254394531, -233.34925842285156, 234.47459411621094, -232.3487548828125, 450.53704833984375, -96.22108459472656, 173.93724060058594, -42.590476989746094, 145.17550659179688, -45.221317291259766], [81.60552978515625, 1463.876708984375, 112.60111999511719, 29.11444664001465, 217.91903686523438, -9.49938678741455, 133.13523864746094, 9.98684310913086, 20.48410987854004, -125.63622283935547, 60.0496826171875, -194.7031707763672, 47.25721740722656], [-588.9324951171875, 112.60111999511719, 1188.3140869140625, 565.020263671875, 150.30264282226562, 47.3468132019043, 34.064823150634766, 74.3978271484375, 63.376220703125, -15.794890403747559, -112.61885070800781, -55.44152069091797, -122.30660247802734], [306.5398254394531, 29.11444664001465, 565.020263671875, 935.0936889648438, 91.71914672851562, -50.10580825805664, 12.118656158447266, 28.298147201538086, 166.63221740722656, -4.378405570983887, -102.19329071044922, 4.083273410797119, -68.51670837402344], [-233.34925842285156, 217.91903686523438, 150.30264282226562, 91.71914672851562, 434.098388671875, 175.63558959960938, 98.61048126220703, 118.1654052734375, -8.96805477142334, -9.050691604614258, 31.215152740478516, -48.16318130493164, -0.1919090449810028], [234.47459411621094, -9.49938678741455, 47.3468132019043, -50.10580825805664, 175.63558959960938, 396.1424865722656, 217.45802307128906, -46.035614013671875, -40.68779754638672, 76.52110290527344, 23.121170043945312, 6.52380895614624, -18.947553634643555], [-232.3487548828125, 133.13523864746094, 34.064823150634766, 12.118656158447266, 98.61048126220703, 217.45802307128906, 340.0632019042969, -5.881039142608643, 17.5765323638916, 78.09103393554688, 50.497581481933594, 32.3607063293457, 1.7884596586227417], [450.53704833984375, 9.98684310913086, 74.3978271484375, 28.298147201538086, 118.1654052734375, -46.035614013671875, -5.881039142608643, 336.5097351074219, 63.78702926635742, -34.095794677734375, 31.34276008605957, 4.815771102905273, 25.870098114013672], [-96.22108459472656, 20.48410987854004, 63.376220703125, 166.63221740722656, -8.96805477142334, -40.68779754638672, 17.5765323638916, 63.78702926635742, 203.90403747558594, 57.37630081176758, 12.729541778564453, 36.58666229248047, 35.38865661621094], [173.93724060058594, -125.63622283935547, -15.794890403747559, -4.378405570983887, -9.050691604614258, 76.52110290527344, 78.09103393554688, -34.095794677734375, 57.37630081176758, 205.80014038085938, 89.64834594726562, 71.81513214111328, 20.25963592529297], [-42.590476989746094, 60.0496826171875, -112.61885070800781, -102.19329071044922, 31.215152740478516, 23.121170043945312, 50.497581481933594, 31.34276008605957, 12.729541778564453, 89.64834594726562, 207.8756866455078, 77.39089965820312, 58.15849304199219], [145.17550659179688, -194.7031707763672, -55.44152069091797, 4.083273410797119, -48.16318130493164, 6.52380895614624, 32.3607063293457, 4.815771102905273, 36.58666229248047, 71.81513214111328, 77.39089965820312, 185.62460327148438, 69.35063934326172], [-45.221317291259766, 47.25721740722656, -122.30660247802734, -68.51670837402344, -0.1919090449810028, -18.947553634643555, 1.7884596586227417, 25.870098114013672, 35.38865661621094, 20.25963592529297, 58.15849304199219, 69.35063934326172, 156.42637634277344]], "lowlevel.gfcc.icov": [[0.00016793995746411383, -0.0002559722342994064, 0.00024512282107025385, -0.0002840778324753046, 0.000411345245083794, -0.0005562694859690964, 0.0005067705060355365, -0.0006521946634165943, 0.0004886077949777246, -0.0005416915519163013, 0.0003616722533479333, -0.0003871372027788311, 0.00022508518304675817], [-0.0002559722342994064, 0.0016490358393639326, -0.0005658444715663791, 0.0004751010565087199, -0.0010927108814939857, 0.0014117463724687696, -0.0016776449047029018, 0.0015763402916491032, -0.0012476162519305944, 0.0019022653577849269, -0.0016938450280576944, 0.0023544745054095984, -0.0012565606739372015], [0.00024512282107025385, -0.0005658444715663791, 0.0017067001899704337, -0.001153418212197721, 0.0004996167845092714, -0.0010567443678155541, 0.000895043951459229, -0.0013595388736575842, 0.0009585413499735296, -0.001146601396612823, 0.0010308068012818694, -0.0007708889315836132, 0.0010484217200428247], [-0.0002840778324753046, 0.0004751010565087199, -0.001153418212197721, 0.002486658748239279, -0.0013877629535272717, 0.0015647625550627708, -0.0010695327073335648, 0.0016452730633318424, -0.0024014892987906933, 0.0011784478556364775, 2.4275228497572243e-05, -5.279943798086606e-05, 0.0002947114990092814], [0.000411345245083794, -0.0010927108814939857, 0.0004996167845092714, -0.0013877629535272717, 0.005231183487921953, -0.003683508140966296, 0.0016413724515587091, -0.0033340947702527046, 0.0020081973634660244, -0.001195610617287457, 0.0001049463971867226, 3.254528928664513e-05, -2.8227541406522505e-05], [-0.0005562694859690964, 0.0014117463724687696, -0.0010567443678155541, 0.0015647625550627708, -0.003683508140966296, 0.007600899785757065, -0.004786954261362553, 0.003402317175641656, -0.0009849279886111617, 0.0007634441135451198, -0.0006114880088716745, 0.0014755999436601996, -0.0006228663842193782], [0.0005067705060355365, -0.0016776449047029018, 0.000895043951459229, -0.0010695327073335648, 0.0016413724515587091, -0.004786954261362553, 0.007066499907523394, -0.002536896150559187, 0.0012223250232636929, -0.002726898295804858, 0.0011825616238638759, -0.0026627760380506516, 0.0014631218509748578], [-0.0006521946634165943, 0.0015763402916491032, -0.0013595388736575842, 0.0016452730633318424, -0.0033340947702527046, 0.003402317175641656, -0.002536896150559187, 0.006979437544941902, -0.0038574838545173407, 0.0038461610674858093, -0.00258931377902627, 0.001790897804312408, -0.0011810942087322474], [0.0004886077949777246, -0.0012476162519305944, 0.0009585413499735296, -0.0024014892987906933, 0.0020081973634660244, -0.0009849279886111617, 0.0012223250232636929, -0.0038574838545173407, 0.009572545066475868, -0.0048169298097491264, 0.0022114510647952557, -0.0014874114422127604, -0.0009816313395276666], [-0.0005416915519163013, 0.0019022653577849269, -0.001146601396612823, 0.0011784478556364775, -0.001195610617287457, 0.0007634441135451198, -0.002726898295804858, 0.0038461610674858093, -0.0048169298097491264, 0.011038457974791527, -0.005278388503938913, 0.0011622256133705378, -0.0005182083114050329], [0.0003616722533479333, -0.0016938450280576944, 0.0010308068012818694, 2.4275228497572243e-05, 0.0001049463971867226, -0.0006114880088716745, 0.0011825616238638759, -0.00258931377902627, 0.0022114510647952557, -0.005278388503938913, 0.009813595563173294, -0.0044293696992099285, 0.00027206301456317306], [-0.0003871372027788311, 0.0023544745054095984, -0.0007708889315836132, -5.279943798086606e-05, 3.254528928664513e-05, 0.0014755999436601996, -0.0026627760380506516, 0.001790897804312408, -0.0014874114422127604, 0.0011622256133705378, -0.0044293696992099285, 0.01184642780572176, -0.004955296404659748], [0.00022508518304675817, -0.0012565606739372015, 0.0010484217200428247, 0.0002947114990092814, -2.8227541406522505e-05, -0.0006228663842193782, 0.0014631218509748578, -0.0011810942087322474, -0.0009816313395276666, -0.0005182083114050329, 0.00027206301456317306, -0.004955296404659748, 0.010274356231093407]], "lowlevel.mfcc.cov": [[6676.42529296875, -296.1939392089844, -74.83468627929688, 276.1225891113281, 59.49205017089844, -25.966751098632812, -27.93845558166504, 78.90869140625, 95.78184509277344, 83.95742797851562, 47.37919616699219, 136.47669982910156, 133.2080535888672], [-296.1939392089844, 1379.0872802734375, -45.81874465942383, -78.57456970214844, 105.1803207397461, -61.424827575683594, 207.7357635498047, 6.959788799285889, 4.195481777191162, 81.55335998535156, -54.403385162353516, -41.412349700927734, -55.502071380615234], [-74.83468627929688, -45.81874465942383, 898.0441284179688, 424.4689025878906, 115.60777282714844, 136.44366455078125, -54.289642333984375, 84.38996887207031, 53.929954528808594, 45.039024353027344, 80.75526428222656, 29.250486373901367, -81.4053726196289], [276.1225891113281, -78.57456970214844, 424.4689025878906, 677.6486206054688, 176.09068298339844, 15.186979293823242, -74.0889663696289, 101.41542053222656, 105.72225189208984, 3.697112560272217, 68.4349136352539, 82.39717102050781, -37.69765853881836], [59.49205017089844, 105.1803207397461, 115.60777282714844, 176.09068298339844, 450.2708435058594, -113.32156372070312, 93.50238037109375, 63.66135025024414, 93.26585388183594, 9.336172103881836, -12.569048881530762, 27.352018356323242, 0.6416555047035217], [-25.966751098632812, -61.424827575683594, 136.44366455078125, 15.186979293823242, -113.32156372070312, 557.1566772460938, 88.7767333984375, 15.51207447052002, -6.176839828491211, 65.4195327758789, 80.81873321533203, -39.80901336669922, 56.2755012512207], [-27.93845558166504, 207.7357635498047, -54.289642333984375, -74.0889663696289, 93.50238037109375, 88.7767333984375, 337.7822570800781, 59.338035583496094, 15.591531753540039, 55.31827163696289, 19.594938278198242, 21.770877838134766, 53.8107795715332], [78.90869140625, 6.959788799285889, 84.38996887207031, 101.41542053222656, 63.66135025024414, 15.51207447052002, 59.338035583496094, 189.1669921875, 84.17500305175781, 11.878973007202148, 20.363107681274414, 38.96874237060547, 19.451461791992188], [95.78184509277344, 4.195481777191162, 53.929954528808594, 105.72225189208984, 93.26585388183594, -6.176839828491211, 15.591531753540039, 84.17500305175781, 179.42984008789062, 45.499141693115234, 19.015316009521484, 19.223346710205078, 19.3399600982666], [83.95742797851562, 81.55335998535156, 45.039024353027344, 3.697112560272217, 9.336172103881836, 65.4195327758789, 55.31827163696289, 11.878973007202148, 45.499141693115234, 157.04031372070312, 37.33831787109375, -5.439905643463135, 6.6208624839782715], [47.37919616699219, -54.403385162353516, 80.75526428222656, 68.4349136352539, -12.569048881530762, 80.81873321533203, 19.594938278198242, 20.363107681274414, 19.015316009521484, 37.33831787109375, 156.50035095214844, 58.71483612060547, 29.45049476623535], [136.47669982910156, -41.412349700927734, 29.250486373901367, 82.39717102050781, 27.352018356323242, -39.80901336669922, 21.770877838134766, 38.96874237060547, 19.223346710205078, -5.439905643463135, 58.71483612060547, 155.82814025878906, 62.911827087402344], [133.2080535888672, -55.502071380615234, -81.4053726196289, -37.69765853881836, 0.6416555047035217, 56.2755012512207, 53.8107795715332, 19.451461791992188, 19.3399600982666, 6.6208624839782715, 29.45049476623535, 62.911827087402344, 168.20591735839844]], "lowlevel.mfcc.icov": [[0.00016085119568742812, 3.2232383091468364e-05, 5.7623616157798097e-05, -9.370550105813891e-05, 1.541930600978958e-06, 1.1169327081006486e-05, 2.3477350623579696e-05, -2.8982969524804503e-05, 1.1132681720482651e-05, -0.0001405997754773125, 4.6124412619974464e-05, -7.255766104208305e-05, -9.444676106795669e-05], [3.2232383091468364e-05, 0.0008828506688587368, 1.4847747479507234e-05, -2.7862811293744016e-06, -6.191122520249337e-05, 0.00015314998745452613, -0.000578048056922853, 6.505654164357111e-05, 5.491922274813987e-05, -0.0004373220435809344, 0.00028429875965230167, 5.3135518101044e-05, 0.0003399922279641032], [5.7623616157798097e-05, 1.4847747479507234e-05, 0.0018676600884646177, -0.0009319217642769217, -0.0003372482897248119, -0.000539095257408917, 0.0003604741650633514, -0.00046608931734226644, 0.00038398956530727446, -0.0004797668952960521, -0.0003186893300153315, -0.0002187441714340821, 0.0008868576260283589], [-9.370550105813891e-05, -2.7862811293744016e-06, -0.0009319217642769217, 0.002817551838234067, -0.0008057418745011091, -0.0002987458137795329, 0.0007940689101815224, -0.00047266785986721516, -0.0007877426687628031, 0.0004214852524455637, -0.0003620027855504304, -0.0012154425494372845, 0.000749344821088016], [1.541930600978958e-06, -6.191122520249337e-05, -0.0003372482897248119, -0.0008057418745011091, 0.003378529567271471, 0.0009570791735313833, -0.00141301064286381, 0.0002693052520044148, -0.0012815833324566483, 0.00032766611548140645, 0.00041456465260125697, 0.00041642488213256, -0.00037152072764001787], [1.1169327081006486e-05, 0.00015314998745452613, -0.000539095257408917, -0.0002987458137795329, 0.0009570791735313833, 0.0028241262771189213, -0.0010084867244586349, -5.031426189816557e-05, 0.00022297404939308763, -0.00045220929314382374, -0.001180794439278543, 0.001983771799132228, -0.001449283678084612], [2.3477350623579696e-05, -0.000578048056922853, 0.0003604741650633514, 0.0007940689101815224, -0.00141301064286381, -0.0010084867244586349, 0.004786920268088579, -0.0016150311566889286, 0.0009169297991320491, -0.0011244792258366942, -0.00015834880468901247, -0.0007876986055634916, -0.0005975649692118168], [-2.8982969524804503e-05, 6.505654164357111e-05, -0.00046608931734226644, -0.00047266785986721516, 0.0002693052520044148, -5.031426189816557e-05, -0.0016150311566889286, 0.007818574085831642, -0.003407000796869397, 0.0009884822648018599, 0.00028609487344510853, -0.0010823082411661744, 4.877329774899408e-05], [1.1132681720482651e-05, 5.491922274813987e-05, 0.00038398956530727446, -0.0007877426687628031, -0.0012815833324566483, 0.00022297404939308763, 0.0009169297991320491, -0.003407000796869397, 0.008844787254929543, -0.0026467996649444103, -0.00022749167692381889, 0.0006946396315470338, -0.001083209877833724], [-0.0001405997754773125, -0.0004373220435809344, -0.0004797668952960521, 0.0004214852524455637, 0.00032766611548140645, -0.00045220929314382374, -0.0011244792258366942, 0.0009884822648018599, -0.0026467996649444103, 0.008513017557561398, -0.001838968601077795, 0.0008471905603073537, 0.00019913443247787654], [4.6124412619974464e-05, 0.00028429875965230167, -0.0003186893300153315, -0.0003620027855504304, 0.00041456465260125697, -0.001180794439278543, -0.00015834880468901247, 0.00028609487344510853, -0.00022749167692381889, -0.001838968601077795, 0.009260126389563084, -0.003700818167999387, 9.43498671404086e-05], [-7.255766104208305e-05, 5.3135518101044e-05, -0.0002187441714340821, -0.0012154425494372845, 0.00041642488213256, 0.001983771799132228, -0.0007876986055634916, -0.0010823082411661744, 0.0006946396315470338, 0.0008471905603073537, -0.003700818167999387, 0.011018075048923492, -0.004177602473646402], [-9.444676106795669e-05, 0.0003399922279641032, 0.0008868576260283589, 0.000749344821088016, -0.00037152072764001787, -0.001449283678084612, -0.0005975649692118168, 4.877329774899408e-05, -0.001083209877833724, 0.00019913443247787654, 9.43498671404086e-05, -0.004177602473646402, 0.009063723497092724]], "metadata.audio_properties.analysis.downmix": "mix", "metadata.audio_properties.codec": "mp3", "metadata.audio_properties.md5_encoded": "d20f90047a13752df902ee9bf289d4c0", "metadata.tags.file_name": "1182267022529265715.mp3", "metadata.version.essentia": "2.1-beta6-dev", "metadata.version.essentia_git_sha": "v2.1_beta5-1110-g77a6a954", "metadata.version.extractor": "music 2.0", "tonal.chords_key": "C", "tonal.chords_scale": "minor", "tonal.key_edma.key": "C", "tonal.key_edma.scale": "minor", "tonal.key_krumhansl.key": "C", "tonal.key_krumhansl.scale": "minor", "tonal.key_temperley.key": "Eb", "tonal.key_temperley.scale": "major",