{"song_id": "1182286546947289198", "download": "https://cdn.discordapp.com/attachments/1135911532732108921/1182286546947289198/chirp.mp4?ex=65842526&amp", "lyrics": "Aujourd'hui on est l\u00e0 pour f\u00eater ton anniversaire \nAlison 30 \u00e7a se f\u00eate.\nBouteille de champagne \u00e0 la main, Lisa et Chlo\u00e9 sont l\u00e0 sur cette journ\u00e9e pour t'accompagner. \nla journ\u00e9e ne fait que commencer. \nJoyeux anniversaire alison !! \n30 ans \u00e7a se f\u00eate ! \nSexe alcool est drogue aujourd'hui tout est permis. \nC'est pour toi, c'est ta surprise mais qu'est ce qui t'attend pour la suite. \nune journ\u00e9e entre fille pour s'amuser et f\u00eatez \u00e7a. \nJoyeux anniversaire Alison. \n30 ans c'est qu'une fois et \u00e7a se f\u00eate. \nimmortalisons cette journ\u00e9e pour toujours s'en rappeler. \nGros dossier en fin de soir\u00e9e pour en rigoler. \nce soir tu vas boire et danser en soir\u00e9e \u00e7a va t'emmener. Sur le dance floor Alison Lisa et Chlo\u00e9 pour s'ambiances", "style": ["pop"], "essentia_features": {"lowlevel.average_loudness": 0.9453288912773132, "lowlevel.barkbands_crest.mean": 11.920276641845703, "lowlevel.barkbands_crest.stdev": 4.699094772338867, "lowlevel.barkbands_flatness_db.mean": 0.18340180814266205, "lowlevel.barkbands_flatness_db.stdev": 0.06254493445158005, "lowlevel.barkbands_kurtosis.mean": 11.385368347167969, "lowlevel.barkbands_kurtosis.stdev": 17.151443481445312, "lowlevel.barkbands_skewness.mean": 2.312878131866455, "lowlevel.barkbands_skewness.stdev": 1.712319016456604, "lowlevel.barkbands_spread.mean": 17.88316535949707, "lowlevel.barkbands_spread.stdev": 20.642318725585938, "lowlevel.dissonance.mean": 0.41223210096359253, "lowlevel.dissonance.stdev": 0.053576141595840454, "lowlevel.dynamic_complexity": 4.332729816436768, "lowlevel.erbbands_crest.mean": 11.795244216918945, "lowlevel.erbbands_crest.stdev": 4.7564215660095215, "lowlevel.erbbands_flatness_db.mean": 0.18248243629932404, "lowlevel.erbbands_flatness_db.stdev": 0.054297421127557755, "lowlevel.erbbands_kurtosis.mean": 2.6340279579162598, "lowlevel.erbbands_kurtosis.stdev": 4.340798377990723, "lowlevel.erbbands_skewness.mean": 0.9951670169830322, "lowlevel.erbbands_skewness.stdev": 1.0859209299087524, "lowlevel.erbbands_spread.mean": 38.9051399230957, "lowlevel.erbbands_spread.stdev": 28.573644638061523, "lowlevel.hfc.mean": 14.085550308227539, "lowlevel.hfc.stdev": 14.570326805114746, "lowlevel.loudness_ebu128.integrated": -18.171995162963867, "lowlevel.loudness_ebu128.loudness_range": 3.6327171325683594, "lowlevel.loudness_ebu128.momentary.mean": -19.62030601501465, "lowlevel.loudness_ebu128.momentary.stdev": 3.8307251930236816, "lowlevel.loudness_ebu128.short_term.mean": -18.5445613861084, "lowlevel.loudness_ebu128.short_term.stdev": 1.1323424577713013, "lowlevel.melbands_crest.mean": 15.483894348144531, "lowlevel.melbands_crest.stdev": 5.427653789520264, "lowlevel.melbands_flatness_db.mean": 0.25537726283073425, "lowlevel.melbands_flatness_db.stdev": 0.07775808870792389, "lowlevel.melbands_kurtosis.mean": 21.61676597595215, "lowlevel.melbands_kurtosis.stdev": 30.342735290527344, "lowlevel.melbands_skewness.mean": 3.030614137649536, "lowlevel.melbands_skewness.stdev": 1.9394817352294922, "lowlevel.melbands_spread.mean": 17.077295303344727, "lowlevel.melbands_spread.stdev": 24.222497940063477, "lowlevel.pitch_salience.mean": 0.5516493916511536, "lowlevel.pitch_salience.stdev": 0.13160723447799683, "lowlevel.silence_rate_20dB.mean": 1.0, "lowlevel.silence_rate_20dB.stdev": 0.0, "lowlevel.silence_rate_30dB.mean": 0.9749835133552551, "lowlevel.silence_rate_30dB.stdev": 0.1561746597290039, "lowlevel.silence_rate_60dB.mean": 0.21658986806869507, "lowlevel.silence_rate_60dB.stdev": 0.41191866993904114, "lowlevel.spectral_centroid.mean": 877.4105224609375, "lowlevel.spectral_centroid.stdev": 674.6166381835938, "lowlevel.spectral_complexity.mean": 8.894009590148926, "lowlevel.spectral_complexity.stdev": 4.44081449508667, "lowlevel.spectral_decrease.mean": -5.764610122582781e-09, "lowlevel.spectral_decrease.stdev": 7.354501008194347e-09, "lowlevel.spectral_energy.mean": 0.023034583777189255, "lowlevel.spectral_energy.stdev": 0.028594275936484337, "lowlevel.spectral_energyband_high.mean": 0.00040860509034246206, "lowlevel.spectral_energyband_high.stdev": 0.0006873152451589704, "lowlevel.spectral_energyband_low.mean": 0.005331805441528559, "lowlevel.spectral_energyband_low.stdev": 0.02100221812725067, "lowlevel.spectral_energyband_middle_high.mean": 0.0033651029225438833, "lowlevel.spectral_energyband_middle_high.stdev": 0.0067758155055344105, "lowlevel.spectral_energyband_middle_low.mean": 0.015047667548060417, "lowlevel.spectral_energyband_middle_low.stdev": 0.015696391463279724, "lowlevel.spectral_entropy.mean": 7.104603290557861, "lowlevel.spectral_entropy.stdev": 0.6682058572769165, "lowlevel.spectral_flux.mean": 0.06796696782112122, "lowlevel.spectral_flux.stdev": 0.062415651977062225, "lowlevel.spectral_kurtosis.mean": 6.880427360534668, "lowlevel.spectral_kurtosis.stdev": 7.930703639984131, "lowlevel.spectral_rms.mean": 0.004048915114253759, "lowlevel.spectral_rms.stdev": 0.002465570578351617, "lowlevel.spectral_rolloff.mean": 1678.4139404296875, "lowlevel.spectral_rolloff.stdev": 2780.33349609375, "lowlevel.spectral_skewness.mean": 2.016998767852783, "lowlevel.spectral_skewness.stdev": 0.9081665277481079, "lowlevel.spectral_spread.mean": 5431715.0, "lowlevel.spectral_spread.stdev": 2500609.5, "lowlevel.spectral_strongpeak.mean": 1.172156810760498, "lowlevel.spectral_strongpeak.stdev": 1.4952142238616943, "lowlevel.zerocrossingrate.mean": 0.06502272933721542, "lowlevel.zerocrossingrate.stdev": 0.0682058110833168, "metadata.audio_properties.analysis.equal_loudness": 0.0, "metadata.audio_properties.analysis.length": 35.24161148071289, "metadata.audio_properties.analysis.sample_rate": 44100.0, "metadata.audio_properties.analysis.start_time": 0.0, "metadata.audio_properties.bit_rate": 118971.0, "metadata.audio_properties.length": 35.24266815185547, "metadata.audio_properties.lossless": 0.0, "metadata.audio_properties.number_channels": 1.0, "metadata.audio_properties.replay_gain": -9.646936416625977, "metadata.audio_properties.sample_rate": 48000.0, "rhythm.beats_count": 76.0, "rhythm.beats_loudness.mean": 0.03826180472970009, "rhythm.beats_loudness.stdev": 0.02957451157271862, "rhythm.bpm": 130.09030151367188, "rhythm.bpm_histogram_first_peak_bpm": 129.0, "rhythm.bpm_histogram_first_peak_weight": 0.3239436149597168, "rhythm.bpm_histogram_second_peak_bpm": 140.0, "rhythm.bpm_histogram_second_peak_spread": 0.2500000596046448, "rhythm.bpm_histogram_second_peak_weight": 0.03999999910593033, "rhythm.danceability": 1.2444024085998535, "rhythm.onset_rate": 4.055644512176514, "tonal.chords_changes_rate": 0.03947368264198303, "tonal.chords_number_rate": 0.00657894741743803, "tonal.chords_strength.mean": 0.5784886479377747, "tonal.chords_strength.stdev": 0.07166460901498795, "tonal.hpcp_crest.mean": 17.82826042175293, "tonal.hpcp_crest.stdev": 7.065304279327393, "tonal.hpcp_entropy.mean": 1.4783039093017578, "tonal.hpcp_entropy.stdev": 0.6196028590202332, "tonal.key_edma.strength": 0.742142915725708, "tonal.key_krumhansl.strength": 0.7442530393600464, "tonal.key_temperley.strength": 0.734460175037384, "tonal.tuning_diatonic_strength": 0.5073750615119934, "tonal.tuning_equal_tempered_deviation": 0.21949584782123566, "tonal.tuning_frequency": 434.193115234375, "tonal.tuning_nontempered_energy_ratio": 0.9799486398696899, "lowlevel.barkbands.mean": [9.66248699114658e-05, 0.002970110159367323, 0.0012206961400806904, 0.0023390355054289103, 0.0038860910572111607, 0.003168860450387001, 0.002194809028878808, 0.002713848138228059, 0.0006120122270658612, 0.00042936348472721875, 0.000371303380234167, 0.0005201790481805801, 0.0008304434013552964, 0.0004691867798101157, 0.0001601892727194354, 0.00019196054199710488, 0.0002099278790410608, 0.00011928461026400328, 8.936207450460643e-05, 4.395595897221938e-05, 6.32184965070337e-05, 6.084131382522173e-05, 8.934001380112022e-05, 7.777872815495357e-05, 4.833707134821452e-05, 5.582886660704389e-05, 2.0039608443767065e-06], "lowlevel.barkbands.stdev": [0.0003424586320761591, 0.016097554937005043, 0.005537356715649366, 0.003826291998848319, 0.006720620207488537, 0.007294784300029278, 0.0051241349428892136, 0.007685952354222536, 0.0018570274114608765, 0.001437486382201314, 0.001468457980081439, 0.002036742167547345, 0.003793885465711355, 0.002739828545600176, 0.0005817361525259912, 0.0006640192004851997, 0.0005467107403092086, 0.0002822790411300957, 0.0003252709866501391, 0.00012009513739030808, 0.0001411267730873078, 0.00010188423766521737, 0.00021420978009700775, 0.0001853784779086709, 9.116510773310438e-05, 0.00011351026478223503, 4.449855168786598e-06], "lowlevel.erbbands.mean": [0.0924282893538475, 0.634978711605072, 1.3125815391540527, 5.014200210571289, 11.827887535095215, 12.682555198669434, 12.914066314697266, 29.767244338989258, 33.927398681640625, 49.91645050048828, 43.23271560668945, 16.284893035888672, 11.844184875488281, 14.544736862182617, 15.82088565826416, 24.531381607055664, 35.6832160949707, 31.851444244384766, 10.425841331481934, 10.089232444763184, 10.360054969787598, 11.491904258728027, 8.420019149780273, 3.0291476249694824, 5.448929309844971, 1.9866704940795898, 1.3611749410629272, 3.3818812370300293, 2.442110300064087, 1.7387179136276245, 2.6309804916381836, 2.415423631668091, 0.8353665471076965, 0.43889689445495605, 0.40424174070358276, 0.2902815341949463, 0.09004814922809601, 0.012822181917726994, 0.0002827155403792858, 3.619482595240697e-05], "lowlevel.erbbands.stdev": [0.43609440326690674, 3.781724452972412, 6.809349060058594, 8.540302276611328, 17.308195114135742, 30.1095027923584, 28.43525505065918, 73.27851867675781, 78.7914810180664, 133.3771514892578, 124.8448257446289, 45.85849380493164, 37.62646484375, 62.608184814453125, 47.55788803100586, 91.2962646484375, 162.55162048339844, 157.75607299804688, 39.37064743041992, 36.94392395019531, 32.47312545776367, 26.342782974243164, 19.140899658203125, 6.241695880889893, 21.843536376953125, 4.8043084144592285, 2.95784068107605, 7.464018821716309, 4.062301158905029, 3.309187889099121, 6.525047302246094, 6.062114238739014, 1.863694429397583, 0.8812925815582275, 0.8050695657730103, 0.6014823317527771, 0.18733809888362885, 0.028254451230168343, 0.0005764993256889284, 3.6221317714080215e-05], "lowlevel.gfcc.mean": [-56.623714447021484, 78.65592193603516, -90.70596313476562, 9.929354667663574, -79.21675109863281, -5.749439239501953, -61.4147834777832, -0.5738727450370789, -27.40644073486328, -0.8597776889801025, -25.0799617767334, -0.21989703178405762, -28.25454330444336], "lowlevel.melbands.mean": [0.0008307714015245438, 0.0007682163850404322, 0.0010758972493931651, 0.000910949194803834, 0.0004805854696314782, 0.000668749213218689, 0.0004969064029864967, 0.0005778992199338973, 0.0003108821401838213, 8.483022975269705e-05, 5.771788346464746e-05, 5.834889452671632e-05, 5.068121390650049e-05, 5.4358355555450544e-05, 7.972819003043696e-05, 7.388924859696999e-05, 5.7776742323767394e-05, 1.7054791896953247e-05, 1.1977193025813904e-05, 1.4238960829970893e-05, 1.1568295121833216e-05, 1.133829300670186e-05, 1.2059441360179335e-05, 4.3158283915545326e-06, 2.001504981308244e-06, 3.7712677567469655e-06, 3.3165190416184487e-06, 8.620216362942301e-07, 6.658185611740919e-07, 1.3062797279417282e-06, 2.1849539280083263e-06, 1.5226830782921752e-06, 8.73675674029073e-07, 1.013193468679674e-06, 1.3724591099162353e-06, 1.832168436521897e-06, 1.3773103546554921e-06, 6.466343620559201e-07, 3.7525222751355614e-07, 3.4835088058571273e-07], "lowlevel.melbands.stdev": [0.0042522926814854145, 0.0038675705436617136, 0.0014982352731749415, 0.001561644021421671, 0.0010006779339164495, 0.0015536677092313766, 0.0011351985158398747, 0.001603223499841988, 0.0009023967431858182, 0.00026432552840560675, 0.00019367890490684658, 0.0002491216582711786, 0.00016168395814020187, 0.00019961540238000453, 0.0003337036760058254, 0.0003324368444737047, 0.0003209203714504838, 8.159534627338871e-05, 4.671037822845392e-05, 5.392790262703784e-05, 3.913668842869811e-05, 2.7647625756799243e-05, 3.144351649098098e-05, 9.504721674602479e-06, 4.333959623181727e-06, 1.4321056369226426e-05, 1.296176287723938e-05, 1.984469463423011e-06, 1.6948572465480538e-06, 2.7972344014415285e-06, 5.064955075795297e-06, 2.5300303150288528e-06, 1.6895961607588106e-06, 1.983363517865655e-06, 3.3547260045452276e-06, 4.891227945336141e-06, 3.6302253647590987e-06, 1.510840093033039e-06, 9.061840842150559e-07, 6.871750883874483e-07], "lowlevel.melbands128.mean": [9.175013838103041e-05, 0.0006957256700843573, 0.0012054324615746737, 0.0009857130935415626, 0.0006209901766851544, 0.000647143111564219, 0.0009572061244398355, 0.001239041448570788, 0.0012467914493754506, 0.0009661326184868813, 0.0006597761530429125, 0.0004902431974187493, 0.00031044904608279467, 0.0006272015743888915, 0.0006902958848513663, 0.0007157503860071301, 0.0006431431975215673, 0.0004322208114899695, 0.0003269281587563455, 0.0006105340435169637, 0.0007281666621565819, 0.00040825174073688686, 0.00029768343665637076, 0.0001452578726457432, 0.00010205464059254155, 5.6969096476677805e-05, 3.924602424376644e-05, 6.567399395862594e-05, 6.434104579966515e-05, 5.6598142691655084e-05, 6.192159344209358e-05, 5.122136644786224e-05, 4.676673052017577e-05, 5.343990051187575e-05, 4.8075915401568636e-05, 4.7746703785378486e-05, 7.92102437117137e-05, 6.13462834735401e-05, 0.00011330583947710693, 6.68265565764159e-05, 6.58911230857484e-05, 8.252739644376561e-05, 5.511826748261228e-05, 6.013683378114365e-05, 1.5074337170517538e-05, 1.2498803698690608e-05, 1.099215296562761e-05, 1.0213972927886061e-05, 1.3641468285641167e-05, 1.4263302546169143e-05, 1.544472797831986e-05, 1.2390853953547776e-05, 1.2650448297790717e-05, 9.800172847462818e-06, 1.194401647808263e-05, 9.993672392738517e-06, 1.1952231943723746e-05, 1.59865685418481e-05, 1.1094033652625512e-05, 6.8726571953448e-06, 4.283467205823399e-06, 1.963648855962674e-06, 1.9761700968956575e-06, 1.87490843472915e-06, 2.276597342643072e-06, 3.3667397474346217e-06, 4.939778591506183e-06, 5.29201633980847e-06, 2.4924033823481295e-06, 1.5148420970945153e-06, 7.361736038546951e-07, 6.085701897973195e-07, 6.015224585098622e-07, 7.060688176352414e-07, 6.668801688647363e-07, 9.340617452835431e-07, 1.703493239801901e-06, 2.2862152491143206e-06, 2.4846901851560688e-06, 1.734026227495633e-06, 1.8409358517601504e-06, 1.3369281077757478e-06, 9.750634717420326e-07, 8.551478458684869e-07, 7.314777690226038e-07, 8.740286716601986e-07, 1.149919512499764e-06, 1.213481709783082e-06, 1.2048808457620908e-06, 1.584291567269247e-06, 2.056176299447543e-06, 1.8615924091136549e-06, 1.5578701777485549e-06, 1.4644698467236594e-06, 1.2204185395603417e-06, 9.533833917885204e-07, 4.4685671696242935e-07, 2.883072625081695e-07, 4.238032715875306e-07, 4.002368996225414e-07, 3.325282307287125e-07, 3.525532576986734e-07, 3.2251543302663777e-07, 4.366733037386439e-07, 4.4377634367265273e-07, 5.325699135028117e-07, 4.802193984687619e-07, 5.027178531236132e-07, 6.110862500463554e-07, 4.799209136763238e-07, 3.962188657169463e-07, 3.6876190279144794e-07, 2.4016659949666064e-07, 2.1991893106587668e-07, 1.761004995159965e-07, 1.5263566410794738e-07, 8.112269966886743e-08, 5.875224307061444e-09, 3.3769627719171247e-12, 3.102596738552288e-12, 3.0008146575249972e-12, 2.926329534594374e-12, 2.8662601805895527e-12, 2.806652263029341e-12, 2.7143059935091918e-12, 2.587682672305913e-12, 2.5159431829568923e-12, 2.4941227468738836e-12], "lowlevel.melbands128.stdev": [0.0003290776221547276, 0.0030614989809691906, 0.006717041600495577, 0.00632516061887145, 0.004163788631558418, 0.002524241339415312, 0.0018956095445901155, 0.0020549276378005743, 0.0021862350404262543, 0.002351590897887945, 0.002088240347802639, 0.0015639950288459659, 0.0008720022742636502, 0.0021172307897359133, 0.002329014940187335, 0.0020648259669542313, 0.0017492874758318067, 0.001631044433452189, 0.0011026463471353054, 0.001959396991878748, 0.002586308168247342, 0.0016296101966872811, 0.0012456511612981558, 0.0005614632973447442, 0.0004111980088055134, 0.0003216364420950413, 0.00018236359755974263, 0.0002834951155818999, 0.0003211055009160191, 0.00027786212740466, 0.0004445711092557758, 0.00030599479214288294, 0.00019388679356779903, 0.00020803746883757412, 0.0002970985369756818, 0.0002302781940670684, 0.00045799207873642445, 0.00027448113542050123, 0.0007830880349501967, 0.0004222634597681463, 0.0004376231227070093, 0.0006143874488770962, 0.00032196566462516785, 0.0006072343676351011, 0.0001212946226587519, 6.706808926537633e-05, 4.592745244735852e-05, 5.6834585848264396e-05, 7.796088175382465e-05, 7.978575740708038e-05, 8.41112487250939e-05, 4.830109901377e-05, 6.52091548545286e-05, 3.606353493523784e-05, 4.946742410538718e-05, 2.9028138669673353e-05, 3.379283589310944e-05, 6.184705853229389e-05, 3.578673204174265e-05, 1.9370079826330766e-05, 1.1838385034934618e-05, 4.47701904704445e-06, 4.965901553077856e-06, 4.744981652038405e-06, 6.882323759782594e-06, 1.2821499694837257e-05, 2.5145798645098694e-05, 2.998836134793237e-05, 9.092894288187381e-06, 3.7136862829356687e-06, 1.9710719243448693e-06, 1.752759544615401e-06, 1.675057205829944e-06, 2.1152864064788446e-06, 1.846880422817776e-06, 2.2548310880665667e-06, 4.182160409982316e-06, 5.808913101645885e-06, 7.416373136948096e-06, 3.25698215419834e-06, 3.3132487260445487e-06, 2.5540221031405963e-06, 2.0157472135906573e-06, 1.8888121076088282e-06, 1.656024210205942e-06, 1.781019477675727e-06, 2.451366981404135e-06, 2.6263883228239138e-06, 3.2138102596945828e-06, 4.569507837004494e-06, 6.1400110098475125e-06, 5.3725557336292695e-06, 3.8466096157208085e-06, 4.230601007293444e-06, 3.7466600133484462e-06, 2.220906708316761e-06, 1.1939963542317855e-06, 7.820329415153537e-07, 1.0779359627122176e-06, 1.1110777222711476e-06, 9.515609917798429e-07, 7.163899908846361e-07, 5.99661120759265e-07, 9.893224159895908e-07, 1.121027821682219e-06, 1.2454142961360049e-06, 1.1738737839550595e-06, 1.138151674240362e-06, 1.3769557654086384e-06, 1.0819909448400722e-06, 9.125114388552902e-07, 7.758263222967798e-07, 5.801242650704808e-07, 5.503235911419324e-07, 4.32676017680933e-07, 3.8111082290015474e-07, 1.7906721438976092e-07, 2.552977029779413e-08, 6.414168241680729e-12, 5.847220711091561e-12, 5.698215770760795e-12, 5.56881624147465e-12, 5.455306779228453e-12, 5.359324095621787e-12, 5.27779512801696e-12, 5.214507645123767e-12, 5.168735665167512e-12, 5.1401309424103925e-12], "lowlevel.mfcc.mean": [-714.4550170898438, 123.87092590332031, 23.768531799316406, 10.947421073913574, -3.1426796913146973, -10.005273818969727, -27.579160690307617, -6.018805980682373, -17.723569869995117, -9.49102783203125, -4.070058345794678, 0.6005278825759888, -9.492241859436035], "lowlevel.spectral_contrast_coeffs.mean": [-0.5915380120277405, -0.6656911969184875, -0.7759262323379517, -0.7902550101280212, -0.7743450403213501, -0.7542985081672668], "lowlevel.spectral_contrast_coeffs.stdev": [0.10457945615053177, 0.07977675646543503, 0.08114936947822571, 0.07587214559316635, 0.07019159197807312, 0.053586192429065704], "lowlevel.spectral_contrast_valleys.mean": [-7.832330703735352, -7.220893383026123, -8.376856803894043, -8.559425354003906, -8.778116226196289, -10.942621231079102], "lowlevel.spectral_contrast_valleys.stdev": [0.7427065968513489, 0.6439892649650574, 0.8090193271636963, 0.7506133317947388, 0.8833293914794922, 1.0468145608901978], "rhythm.beats_loudness_band_ratio.mean": [0.4488220810890198, 0.2562994062900543, 0.2343786656856537, 0.07849302887916565, 0.032206639647483826, 0.027723541483283043], "rhythm.beats_loudness_band_ratio.stdev": [0.30503901839256287, 0.19954632222652435, 0.1965150386095047, 0.1266484558582306, 0.06814704090356827, 0.058243490755558014], "tonal.hpcp.mean": [0.05956128612160683, 0.05513470247387886, 0.040301501750946045, 0.028883306309580803, 0.02706952393054962, 0.034664880484342575, 0.037649720907211304, 0.04084264487028122, 0.06961861997842789, 0.3457662761211395, 0.4073723256587982, 0.13738764822483063, 0.054441001266241074, 0.05372091010212898, 0.05411077290773392, 0.053981680423021317, 0.06296983361244202, 0.057583823800086975, 0.04548689350485802, 0.05504583194851875, 0.08461912721395493, 0.14761291444301605, 0.14380407333374023, 0.09200703352689743, 0.07528401166200638, 0.05856514349579811, 0.06574273854494095, 0.07482412457466125, 0.06986159086227417, 0.09534388780593872, 0.28476712107658386, 0.2834315299987793, 0.08680086582899094, 0.04964056611061096, 0.046243321150541306, 0.051267750561237335], "tonal.hpcp.stdev": [0.19123876094818115, 0.19082213938236237, 0.15381181240081787, 0.11392214894294739, 0.11922299116849899, 0.12668564915657043, 0.1332038789987564, 0.13485467433929443, 0.18896456062793732, 0.34538811445236206, 0.4069063067436218, 0.2049974948167801, 0.16431021690368652, 0.17663578689098358, 0.1811680644750595, 0.17099563777446747, 0.18651609122753143, 0.18618078529834747, 0.15457673370838165, 0.1783408671617508, 0.22366173565387726, 0.25880447030067444, 0.23857933282852173, 0.2181556224822998, 0.2109239101409912, 0.16904908418655396, 0.19184286892414093, 0.20276159048080444, 0.20524606108665466, 0.20819656550884247, 0.3406928777694702, 0.3362908363342285, 0.186867356300354, 0.16630131006240845, 0.1558905392885208, 0.1711244285106659], "rhythm.beats_position": [0.41795918345451355, 0.847528338432312, 1.2887074947357178, 1.7182766199111938, 2.14784574508667, 2.600634813308716, 3.0534238815307617, 3.5062131881713867, 3.9590022563934326, 4.4117913246154785, 4.876190185546875, 5.34058952331543, 5.804988384246826, 6.269387722015381, 6.733786582946777, 7.186575889587402, 7.639364719390869, 8.103763580322266, 8.56816291809082, 9.032562255859375, 9.49696159362793, 9.961359977722168, 10.437369346618652, 10.890158653259277, 11.354557991027832, 11.81895637512207, 12.283355712890625, 12.73614501953125, 13.188934326171875, 13.653332710266113, 14.117732048034668, 14.582131385803223, 15.058140754699707, 15.510929107666016, 15.96371841430664, 16.416507720947266, 16.88090705871582, 17.345306396484375, 17.80970573425293, 18.27410316467285, 18.738502502441406, 19.20290184020996, 19.667301177978516, 20.13170051574707, 20.584489822387695, 21.03727912902832, 21.501678466796875, 21.966075897216797, 22.43047523498535, 22.894874572753906, 23.35927391052246, 23.823673248291016, 24.27646255493164, 24.740861892700195, 25.19365119934082, 25.658048629760742, 26.122447967529297, 26.58684730529785, 27.051246643066406, 27.51564598083496, 27.980045318603516, 28.44444465637207, 28.897233963012695, 29.350021362304688, 29.814420700073242, 30.278820037841797, 30.74321937561035, 31.207618713378906, 31.67201805114746, 32.12480545043945, 32.57759475708008, 33.041996002197266, 33.50639343261719, 33.970794677734375, 34.4351921081543, 34.89958953857422], "rhythm.bpm_histogram": [0.0, 0.0, 0.0, 0.0, 0.0, 0.0, 0.0, 0.0, 0.0, 0.0, 0.0, 0.0, 0.0, 0.0, 0.0, 0.0, 0.0, 0.0, 0.0, 0.0, 0.0, 0.0, 0.0, 0.0, 0.0, 0.0, 0.0, 0.0, 0.0, 0.0, 0.0, 0.0, 0.0, 0.0, 0.0, 0.0, 0.0, 0.0, 0.0, 0.0, 0.0, 0.0, 0.0, 0.0, 0.0, 0.0, 0.0, 0.0, 0.0, 0.0, 0.0, 0.0, 0.0, 0.0, 0.0, 0.0, 0.0, 0.0, 0.0, 0.0, 0.0, 0.0, 0.0, 0.0, 0.0, 0.0, 0.0, 0.0, 0.0, 0.0, 0.0, 0.0, 0.0, 0.0, 0.0, 0.0, 0.0, 0.0, 0.0, 0.0, 0.0, 0.0, 0.0, 0.0, 0.0, 0.0, 0.0, 0.0, 0.0, 0.0, 0.0, 0.0, 0.0, 0.0, 0.0, 0.0, 0.0, 0.0, 0.0, 0.0, 0.0, 0.0, 0.0, 0.0, 0.0, 0.0, 0.0, 0.0, 0.0, 0.0, 0.0, 0.0, 0.0, 0.0, 0.0, 0.0, 0.0, 0.0, 0.0, 0.0, 0.0, 0.0, 0.0, 0.0, 0.0, 0.0, 0.02666666731238365, 0.0, 0.0, 0.6399999856948853, 0.0, 0.0, 0.0, 0.2800000011920929, 0.0, 0.0, 0.013333333656191826, 0.0, 0.0, 0.0, 0.03999999910593033, 0.0, 0.0, 0.0, 0.0, 0.0, 0.0, 0.0, 0.0, 0.0, 0.0, 0.0, 0.0, 0.0, 0.0, 0.0, 0.0, 0.0, 0.0, 0.0, 0.0, 0.0, 0.0, 0.0, 0.0, 0.0, 0.0, 0.0, 0.0, 0.0, 0.0, 0.0, 0.0, 0.0, 0.0, 0.0, 0.0, 0.0, 0.0, 0.0, 0.0, 0.0, 0.0, 0.0, 0.0, 0.0, 0.0, 0.0, 0.0, 0.0, 0.0, 0.0, 0.0, 0.0, 0.0, 0.0, 0.0, 0.0, 0.0, 0.0, 0.0, 0.0, 0.0, 0.0, 0.0, 0.0, 0.0, 0.0, 0.0, 0.0, 0.0, 0.0, 0.0, 0.0, 0.0, 0.0, 0.0, 0.0, 0.0, 0.0, 0.0, 0.0, 0.0, 0.0, 0.0, 0.0, 0.0, 0.0, 0.0, 0.0, 0.0, 0.0, 0.0, 0.0, 0.0, 0.0, 0.0, 0.0, 0.0, 0.0, 0.0, 0.0, 0.0, 0.0, 0.0, 0.0, 0.0, 0.0, 0.0, 0.0], "tonal.chords_histogram": [71.0526351928711, 0.0, 0.0, 0.0, 0.0, 0.0, 0.0, 0.0, 0.0, 0.0, 0.0, 0.0, 0.0, 0.0, 0.0, 0.0, 2.236842155456543, 16.710525512695312, 0.0, 0.0, 0.0, 0.0, 5.263157844543457, 4.736842155456543], "tonal.thpcp": [1.0, 0.33725327253341675, 0.13363942503929138, 0.1318717747926712, 0.13282878696918488, 0.1325118988752365, 0.1545756310224533, 0.1413542777299881, 0.11165926605463028, 0.13512413203716278, 0.20771938562393188, 0.3623538017272949, 0.3530040383338928, 0.22585488855838776, 0.18480394780635834, 0.14376318454742432, 0.16138243675231934, 0.18367503583431244, 0.17149321734905243, 0.2340460568666458, 0.6990340352058411, 0.6957554817199707, 0.21307501196861267, 0.12185551971197128, 0.11351610720157623, 0.1258498579263687, 0.1462084800004959, 0.1353422850370407, 0.09893038868904114, 0.07090149074792862, 0.06644909828901291, 0.08509385585784912, 0.09242091327905655, 0.10025876015424728, 0.17089678347110748, 0.8487721085548401], "lowlevel.gfcc.cov": [[5862.22509765625, -1656.64013671875, -619.1211547851562, 175.63096618652344, -115.8880386352539, 191.89044189453125, -11.298469543457031, 60.633121490478516, -191.80484008789062, 108.374755859375, 22.846755981445312, 364.5378112792969, -126.29791259765625], [-1656.64013671875, 2121.836669921875, -112.8218994140625, -250.0555877685547, 334.7744445800781, 1.1222424507141113, 190.80441284179688, 8.040425300598145, 175.59144592285156, -291.01861572265625, 168.2237091064453, -80.99738311767578, 103.5964126586914], [-619.1211547851562, -112.8218994140625, 810.3765869140625, 323.0525817871094, 47.995445251464844, 105.10388946533203, 83.31399536132812, 78.21231842041016, 41.56037902832031, 70.94063568115234, -28.85981559753418, -11.033909797668457, 60.69511795043945], [175.63096618652344, -250.0555877685547, 323.0525817871094, 785.8214111328125, 155.89805603027344, -53.14339828491211, -39.927581787109375, 47.808162689208984, 137.58396911621094, 71.01819610595703, -31.40132713317871, -2.512601137161255, 122.53268432617188], [-115.8880386352539, 334.7744445800781, 47.995445251464844, 155.89805603027344, 386.3279113769531, 65.46543884277344, -11.056785583496094, 41.78584671020508, 122.83484649658203, 48.48195266723633, 32.521400451660156, -14.831856727600098, 53.794960021972656], [191.89044189453125, 1.1222424507141113, 105.10388946533203, -53.14339828491211, 65.46543884277344, 326.630859375, 208.38409423828125, 34.76837921142578, 8.062417984008789, 90.42951202392578, 53.10454177856445, 4.754953861236572, -53.39152145385742], [-11.298469543457031, 190.80441284179688, 83.31399536132812, -39.927581787109375, -11.056785583496094, 208.38409423828125, 340.2413635253906, 86.85379791259766, -13.179198265075684, 13.77971076965332, 74.01177978515625, 33.803672790527344, -30.681848526000977], [60.633121490478516, 8.040425300598145, 78.21231842041016, 47.808162689208984, 41.78584671020508, 34.76837921142578, 86.85379791259766, 151.1380157470703, 58.147239685058594, 12.8761568069458, 26.205102920532227, 41.81108093261719, 29.49684715270996], [-191.80484008789062, 175.59144592285156, 41.56037902832031, 137.58396911621094, 122.83484649658203, 8.062417984008789, -13.179198265075684, 58.147239685058594, 193.64865112304688, 42.24407196044922, 6.3472490310668945, -11.072600364685059, 53.1793327331543], [108.374755859375, -291.01861572265625, 70.94063568115234, 71.01819610595703, 48.48195266723633, 90.42951202392578, 13.77971076965332, 12.8761568069458, 42.24407196044922, 199.259033203125, 15.066585540771484, -22.534914016723633, -27.286941528320312], [22.846755981445312, 168.2237091064453, -28.85981559753418, -31.40132713317871, 32.521400451660156, 53.10454177856445, 74.01177978515625, 26.205102920532227, 6.3472490310668945, 15.066585540771484, 110.37356567382812, 17.549142837524414, -9.124979019165039], [364.5378112792969, -80.99738311767578, -11.033909797668457, -2.512601137161255, -14.831856727600098, 4.754953861236572, 33.803672790527344, 41.81108093261719, -11.072600364685059, -22.534914016723633, 17.549142837524414, 133.96238708496094, 24.441125869750977], [-126.29791259765625, 103.5964126586914, 60.69511795043945, 122.53268432617188, 53.794960021972656, -53.39152145385742, -30.681848526000977, 29.49684715270996, 53.1793327331543, -27.286941528320312, -9.124979019165039, 24.441125869750977, 109.60041809082031]], "lowlevel.gfcc.icov": [[0.0003775433578994125, 0.000303992215776816, 0.0004235394881106913, -0.00026980353868566453, -0.00014141567226033658, -0.00048477848758921027, 0.0001858463801909238, -0.00016494122974108905, 0.00017063249833881855, 0.0003738925443030894, -0.00023366179084405303, -0.0007554237963631749, 0.00030378226074390113], [0.000303992215776816, 0.002520772162824869, -5.9935544413747266e-05, 0.0011908103479072452, -0.0021939831785857677, 0.0009025674662552774, -0.0022815281990915537, 0.002160431118682027, -0.0025846492499113083, 0.004015794023871422, -0.003096511820331216, 0.0014569786144420505, -0.0013629021123051643], [0.0004235394881106913, -5.9935544413747266e-05, 0.0023253830149769783, -0.0012404501903802156, 0.0004416103183757514, -0.0016036478336900473, 0.0006013780948705971, -0.0014248039806261659, 0.0012280475348234177, -0.0004776011046487838, 0.0009116454166360199, -0.0006666254485026002, -0.0002925958833657205], [-0.00026980353868566453, 0.0011908103479072452, -0.0012404501903802156, 0.003147500567138195, -0.0016704724403098226, 0.0019965737592428923, -0.0020598380360752344, 0.0019882682245224714, -0.002496155211701989, 0.0011824002722278237, -0.0012433069059625268, 0.0016768872737884521, -0.0025595533661544323], [-0.00014141567226033658, -0.0021939831785857677, 0.0004416103183757514, -0.0016704724403098226, 0.005842628423124552, -0.0026648042257875204, 0.003330908715724945, -0.0025284523144364357, 0.0009706137934699655, -0.0033931282814592123, 0.0014962435234338045, -0.0009327363804914057, -2.2293252186500467e-06], [-0.00048477848758921027, 0.0009025674662552774, -0.0016036478336900473, 0.0019965737592428923, -0.0026648042257875204, 0.008865408599376678, -0.006082653068006039, 0.0031759643461555243, -0.0023423591628670692, -0.0008641332387924194, -0.0011781880166381598, 0.0013678179820999503, 0.0008316125022247434], [0.0001858463801909238, -0.0022815281990915537, 0.0006013780948705971, -0.0020598380360752344, 0.003330908715724945, -0.006082653068006039, 0.009750978089869022, -0.005888695828616619, 0.0038391088601201773, -0.002068775938823819, 0.00044635971426032484, -0.002412692876532674, 0.002254414837807417], [-0.00016494122974108905, 0.002160431118682027, -0.0014248039806261659, 0.0019882682245224714, -0.0025284523144364357, 0.0031759643461555243, -0.005888695828616619, 0.013295842334628105, -0.005963822826743126, 0.0028562203515321016, -0.0032468715216964483, -0.00048284855438396335, -0.0026624391321092844], [0.00017063249833881855, -0.0025846492499113083, 0.0012280475348234177, -0.002496155211701989, 0.0009706137934699655, -0.0023423591628670692, 0.0038391088601201773, -0.005963822826743126, 0.01197792124003172, -0.00550352456048131, 0.0033674652222543955, -0.0011130091734230518, -0.0008408478461205959], [0.0003738925443030894, 0.004015794023871422, -0.0004776011046487838, 0.0011824002722278237, -0.0033931282814592123, -0.0008641332387924194, -0.002068775938823819, 0.0028562203515321016, -0.00550352456048131, 0.013627378270030022, -0.005891882814466953, 0.0032287207432091236, 0.00032686154008843005], [-0.00023366179084405303, -0.003096511820331216, 0.0009116454166360199, -0.0012433069059625268, 0.0014962435234338045, -0.0011781880166381598, 0.00044635971426032484, -0.0032468715216964483, 0.0033674652222543955, -0.005891882814466953, 0.015611807815730572, -0.0032269321382045746, 0.002151799388229847], [-0.0007554237963631749, 0.0014569786144420505, -0.0006666254485026002, 0.0016768872737884521, -0.0009327363804914057, 0.0013678179820999503, -0.002412692876532674, -0.00048284855438396335, -0.0011130091734230518, 0.0032287207432091236, -0.0032269321382045746, 0.012761719524860382, -0.004945247899740934], [0.00030378226074390113, -0.0013629021123051643, -0.0002925958833657205, -0.0025595533661544323, -2.2293252186500467e-06, 0.0008316125022247434, 0.002254414837807417, -0.0026624391321092844, -0.0008408478461205959, 0.00032686154008843005, 0.002151799388229847, -0.004945247899740934, 0.01731114275753498]], "lowlevel.mfcc.cov": [[6164.50244140625, -1601.6617431640625, -583.3895263671875, -87.87875366210938, -176.97935485839844, 95.23294067382812, 24.392864227294922, 203.74905395507812, -188.1214141845703, -209.893798828125, 74.83758544921875, 38.4532585144043, -37.22402572631836], [-1601.6617431640625, 1992.0899658203125, -280.97808837890625, -266.38189697265625, 57.369266510009766, -46.34895706176758, 68.73133087158203, 238.8836669921875, -19.86704444885254, -75.91104125976562, 80.3985595703125, -0.3879587650299072, -33.39517593383789], [-583.3895263671875, -280.97808837890625, 716.0897827148438, 209.56503295898438, 14.265912055969238, 70.55839538574219, 96.54669952392578, 0.8577786684036255, 113.2908935546875, 81.46284484863281, -64.81610107421875, 21.033235549926758, 68.96353912353516], [-87.87875366210938, -266.38189697265625, 209.56503295898438, 631.2923583984375, 255.9895477294922, 3.1075279712677, -91.7211685180664, -7.283661842346191, 113.24138641357422, 93.64629364013672, -96.19873046875, -30.131208419799805, 106.77771759033203], [-176.97935485839844, 57.369266510009766, 14.265912055969238, 255.9895477294922, 458.8536376953125, 40.170143127441406, -89.9652099609375, -64.64423370361328, 100.94596862792969, 70.83057403564453, -5.308755874633789, -16.516998291015625, 69.02357482910156], [95.23294067382812, -46.34895706176758, 70.55839538574219, 3.1075279712677, 40.170143127441406, 273.95599365234375, 123.99070739746094, 1.8534059524536133, 50.82259750366211, 75.1678237915039, 84.97799682617188, 106.49443054199219, 0.2085736095905304], [24.392864227294922, 68.73133087158203, 96.54669952392578, -91.7211685180664, -89.9652099609375, 123.99070739746094, 299.64971923828125, 81.12825775146484, 13.388360977172852, 33.20427703857422, 86.5318374633789, 81.8104248046875, 12.174947738647461], [203.74905395507812, 238.8836669921875, 0.8577786684036255, -7.283661842346191, -64.64423370361328, 1.8534059524536133, 81.12825775146484, 270.6745300292969, 30.925399780273438, -26.56481170654297, 22.848453521728516, 35.5877799987793, 24.548620223999023], [-188.1214141845703, -19.86704444885254, 113.2908935546875, 113.24138641357422, 100.94596862792969, 50.82259750366211, 13.388360977172852, 30.925399780273438, 175.98402404785156, 63.96681594848633, 3.364142417907715, 23.456945419311523, 46.87503433227539], [-209.893798828125, -75.91104125976562, 81.46284484863281, 93.64629364013672, 70.83057403564453, 75.1678237915039, 33.20427703857422, -26.56481170654297, 63.96681594848633, 218.1702423095703, 58.052982330322266, 29.318344116210938, 21.2314510345459], [74.83758544921875, 80.3985595703125, -64.81610107421875, -96.19873046875, -5.308755874633789, 84.97799682617188, 86.5318374633789, 22.848453521728516, 3.364142417907715, 58.052982330322266, 155.74539184570312, 70.38844299316406, -13.511478424072266], [38.4532585144043, -0.3879587650299072, 21.033235549926758, -30.131208419799805, -16.516998291015625, 106.49443054199219, 81.8104248046875, 35.5877799987793, 23.456945419311523, 29.318344116210938, 70.38844299316406, 156.21890258789062, 24.851531982421875], [-37.22402572631836, -33.39517593383789, 68.96353912353516, 106.77771759033203, 69.02357482910156, 0.2085736095905304, 12.174947738647461, 24.548620223999023, 46.87503433227539, 21.2314510345459, -13.511478424072266, 24.851531982421875, 117.7370376586914]], "lowlevel.mfcc.icov": [[0.00036813883343711495, 0.00046690087765455246, 0.00039903473225422204, 4.514136162470095e-05, -0.00015191512648016214, -0.00028457536245696247, -3.909426959580742e-05, -0.0007235984085127711, 0.00032093210029415786, 0.00034189477446489036, -0.00017354617011733353, 0.00019984426035080105, -3.289216328994371e-05], [0.00046690087765455246, 0.0012726308777928352, 0.0006492892280220985, 0.00041357107693329453, -0.00065580103546381, -0.0001886501268018037, -0.00019376270938664675, -0.0016031337436288595, 0.00044062576489523053, 0.00046522138291038573, -0.000262551533523947, 0.0003508642257656902, 0.00012878199049737304], [0.00039903473225422204, 0.0006492892280220985, 0.0025024302303791046, -0.000358453078661114, 0.00017877935897558928, -0.0005392607417888939, -0.000998327392153442, -0.0005783141823485494, -0.0005613783723674715, -9.526140638627112e-05, 0.0011704325443133712, 0.00017234876577276736, -0.00037178315687924623], [4.514136162470095e-05, 0.00041357107693329453, -0.000358453078661114, 0.003156817751005292, -0.0014131880598142743, -0.00022883419296704233, 0.0005365180550143123, -0.0009664425160735846, -7.0530193625018e-05, -0.0010329601354897022, 0.001661328598856926, 0.00023832361330278218, -0.0011918132659047842], [-0.00015191512648016214, -0.00065580103546381, 0.00017877935897558928, -0.0014131880598142743, 0.00409520510584116, -0.0008517889655195177, 0.0010350362863391638, 0.0016256512608379126, -0.0015626309905201197, -5.0912731239805e-05, -0.0010411294642835855, 0.0008018355001695454, -0.001559827825985849], [-0.00028457536245696247, -0.0001886501268018037, -0.0005392607417888939, -0.00022883419296704233, -0.0008517889655195177, 0.006994124501943588, -0.0019882044289261103, 0.001118566025979817, -0.0011550665367394686, -0.00088592863176018, -0.000883832632098347, -0.0035714516416192055, 0.0021113145630806684], [-3.909426959580742e-05, -0.00019376270938664675, -0.000998327392153442, 0.0005365180550143123, 0.0010350362863391638, -0.0019882044289261103, 0.005947070196270943, -0.0010498474584892392, 0.00037314463406801224, -6.89085281919688e-05, -0.002063187537714839, -6.572370330104604e-05, -0.0013275148812681437], [-0.0007235984085127711, -0.0016031337436288595, -0.0005783141823485494, -0.0009664425160735846, 0.0016256512608379126, 0.001118566025979817, -0.0010498474584892392, 0.006838962435722351, -0.0021262671798467636, 0.00038459879579022527, -0.0003504718479234725, -0.0010022023925557733, -0.0007921700016595423], [0.00032093210029415786, 0.00044062576489523053, -0.0005613783723674715, -7.0530193625018e-05, -0.0015626309905201197, -0.0011550665367394686, 0.00037314463406801224, -0.0021262671798467636, 0.008861677721142769, -0.0012226245598867536, 0.00021401647245511413, -9.212912118528038e-05, -0.0013215217040851712], [0.00034189477446489036, 0.00046522138291038573, -9.526140638627112e-05, -0.0010329601354897022, -5.0912731239805e-05, -0.00088592863176018, -6.89085281919688e-05, 0.00038459879579022527, -0.0012226245598867536, 0.007172740530222654, -0.00363831571303308, 0.0007860703626647592, -0.00019913121650461107], [-0.00017354617011733353, -0.000262551533523947, 0.0011704325443133712, 0.001661328598856926, -0.0010411294642835855, -0.000883832632098347, -0.002063187537714839, -0.0003504718479234725, 0.00021401647245511413, -0.00363831571303308, 0.012847188860177994, -0.003496648045256734, 0.001360046211630106], [0.00019984426035080105, 0.0003508642257656902, 0.00017234876577276736, 0.00023832361330278218, 0.0008018355001695454, -0.0035714516416192055, -6.572370330104604e-05, -0.0010022023925557733, -9.212912118528038e-05, 0.0007860703626647592, -0.003496648045256734, 0.011117564514279366, -0.0032553840428590775], [-3.289216328994371e-05, 0.00012878199049737304, -0.00037178315687924623, -0.0011918132659047842, -0.001559827825985849, 0.0021113145630806684, -0.0013275148812681437, -0.0007921700016595423,