{"song_id": "1182276563073515551", "download": "https://cdn.discordapp.com/attachments/1128313332273782784/1182276563073515551/chirp.mp4?ex=65841bda&amp", "lyrics": "Lucie est rentr\u00e9e du coll\u00e8ge\nAm\u00e9lie est rentr\u00e9e du coll\u00e8ge\nElle a deux heures pour manger, tranquille.\nAlors elles ont les tablettes.\nC'est cool. Elles adorent.\nGenshin impact et Roblox, la vie est belle.", "style": ["afrobeat"], "essentia_features": {"lowlevel.average_loudness": 0.9722756743431091, "lowlevel.barkbands_crest.mean": 15.66820240020752, "lowlevel.barkbands_crest.stdev": 4.719367027282715, "lowlevel.barkbands_flatness_db.mean": 0.324484258890152, "lowlevel.barkbands_flatness_db.stdev": 0.13800375163555145, "lowlevel.barkbands_kurtosis.mean": 36.238033294677734, "lowlevel.barkbands_kurtosis.stdev": 56.683692932128906, "lowlevel.barkbands_skewness.mean": 3.5814030170440674, "lowlevel.barkbands_skewness.stdev": 2.856497049331665, "lowlevel.barkbands_spread.mean": 7.683254718780518, "lowlevel.barkbands_spread.stdev": 11.133928298950195, "lowlevel.dissonance.mean": 0.42016538977622986, "lowlevel.dissonance.stdev": 0.06636559963226318, "lowlevel.dynamic_complexity": 3.100348949432373, "lowlevel.erbbands_crest.mean": 13.365334510803223, "lowlevel.erbbands_crest.stdev": 5.187810897827148, "lowlevel.erbbands_flatness_db.mean": 0.21923546493053436, "lowlevel.erbbands_flatness_db.stdev": 0.08949705958366394, "lowlevel.erbbands_kurtosis.mean": 11.679792404174805, "lowlevel.erbbands_kurtosis.stdev": 18.85711669921875, "lowlevel.erbbands_skewness.mean": 2.035167694091797, "lowlevel.erbbands_skewness.stdev": 1.849088430404663, "lowlevel.erbbands_spread.mean": 35.49289321899414, "lowlevel.erbbands_spread.stdev": 37.53845977783203, "lowlevel.hfc.mean": 13.125150680541992, "lowlevel.hfc.stdev": 15.128890037536621, "lowlevel.loudness_ebu128.integrated": -15.2763032913208, "lowlevel.loudness_ebu128.loudness_range": 2.0629796981811523, "lowlevel.loudness_ebu128.momentary.mean": -15.733198165893555, "lowlevel.loudness_ebu128.momentary.stdev": 2.322493076324463, "lowlevel.loudness_ebu128.short_term.mean": -15.194272994995117, "lowlevel.loudness_ebu128.short_term.stdev": 0.7276049852371216, "lowlevel.melbands_crest.mean": 18.723634719848633, "lowlevel.melbands_crest.stdev": 5.1238484382629395, "lowlevel.melbands_flatness_db.mean": 0.4223369061946869, "lowlevel.melbands_flatness_db.stdev": 0.16153660416603088, "lowlevel.melbands_kurtosis.mean": 75.5954818725586, "lowlevel.melbands_kurtosis.stdev": 110.6856918334961, "lowlevel.melbands_skewness.mean": 4.511685371398926, "lowlevel.melbands_skewness.stdev": 4.150324821472168, "lowlevel.melbands_spread.mean": 7.5294623374938965, "lowlevel.melbands_spread.stdev": 17.02265167236328, "lowlevel.pitch_salience.mean": 0.4270087778568268, "lowlevel.pitch_salience.stdev": 0.13594740629196167, "lowlevel.silence_rate_20dB.mean": 1.0, "lowlevel.silence_rate_20dB.stdev": 0.0, "lowlevel.silence_rate_30dB.mean": 0.890038788318634, "lowlevel.silence_rate_30dB.stdev": 0.3128418028354645, "lowlevel.silence_rate_60dB.mean": 0.0802069827914238, "lowlevel.silence_rate_60dB.stdev": 0.271611750125885, "lowlevel.spectral_centroid.mean": 518.8080444335938, "lowlevel.spectral_centroid.stdev": 657.4148559570312, "lowlevel.spectral_complexity.mean": 6.685640335083008, "lowlevel.spectral_complexity.stdev": 7.055551052093506, "lowlevel.spectral_decrease.mean": -1.4935899628198968e-08, "lowlevel.spectral_decrease.stdev": 1.2294867346440697e-08, "lowlevel.spectral_energy.mean": 0.0575619675219059, "lowlevel.spectral_energy.stdev": 0.047120142728090286, "lowlevel.spectral_energyband_high.mean": 0.00031504209619015455, "lowlevel.spectral_energyband_high.stdev": 0.000816871237475425, "lowlevel.spectral_energyband_low.mean": 0.04408116266131401, "lowlevel.spectral_energyband_low.stdev": 0.04181655868887901, "lowlevel.spectral_energyband_middle_high.mean": 0.0019899869803339243, "lowlevel.spectral_energyband_middle_high.stdev": 0.005248792003840208, "lowlevel.spectral_energyband_middle_low.mean": 0.015488062985241413, "lowlevel.spectral_energyband_middle_low.stdev": 0.015547016635537148, "lowlevel.spectral_entropy.mean": 6.375585556030273, "lowlevel.spectral_entropy.stdev": 1.1669096946716309, "lowlevel.spectral_flux.mean": 0.09737689048051834, "lowlevel.spectral_flux.stdev": 0.07783662527799606, "lowlevel.spectral_kurtosis.mean": 21.24054718017578, "lowlevel.spectral_kurtosis.stdev": 40.416133880615234, "lowlevel.spectral_rms.mean": 0.006837393157184124, "lowlevel.spectral_rms.stdev": 0.0030672624707221985, "lowlevel.spectral_rolloff.mean": 520.4723510742188, "lowlevel.spectral_rolloff.stdev": 1355.53125, "lowlevel.spectral_skewness.mean": 3.0115904808044434, "lowlevel.spectral_skewness.stdev": 2.423973798751831, "lowlevel.spectral_spread.mean": 4512286.0, "lowlevel.spectral_spread.stdev": 2806208.0, "lowlevel.spectral_strongpeak.mean": 0.7350220680236816, "lowlevel.spectral_strongpeak.stdev": 0.7193059921264648, "lowlevel.zerocrossingrate.mean": 0.026707658544182777, "lowlevel.zerocrossingrate.stdev": 0.05480184406042099, "metadata.audio_properties.analysis.equal_loudness": 0.0, "metadata.audio_properties.analysis.length": 17.918956756591797, "metadata.audio_properties.analysis.sample_rate": 44100.0, "metadata.audio_properties.analysis.start_time": 0.0, "metadata.audio_properties.bit_rate": 121925.0, "metadata.audio_properties.length": 17.920000076293945, "metadata.audio_properties.lossless": 0.0, "metadata.audio_properties.number_channels": 1.0, "metadata.audio_properties.replay_gain": -10.116325378417969, "metadata.audio_properties.sample_rate": 48000.0, "rhythm.beats_count": 30.0, "rhythm.beats_loudness.mean": 0.06513528525829315, "rhythm.beats_loudness.stdev": 0.05378751456737518, "rhythm.bpm": 102.93065643310547, "rhythm.bpm_histogram_first_peak_bpm": 103.0, "rhythm.bpm_histogram_first_peak_weight": 0.1428571343421936, "rhythm.bpm_histogram_second_peak_bpm": 94.0, "rhythm.bpm_histogram_second_peak_spread": 0.0, "rhythm.bpm_histogram_second_peak_weight": 0.03448275849223137, "rhythm.danceability": 1.419933557510376, "rhythm.onset_rate": 5.6306891441345215, "tonal.chords_changes_rate": 0.07751937955617905, "tonal.chords_number_rate": 0.01550387591123581, "tonal.chords_strength.mean": 0.4907449185848236, "tonal.chords_strength.stdev": 0.06822340935468674, "tonal.hpcp_crest.mean": 12.238615989685059, "tonal.hpcp_crest.stdev": 5.953644752502441, "tonal.hpcp_entropy.mean": 2.2020559310913086, "tonal.hpcp_entropy.stdev": 0.8020849823951721, "tonal.key_edma.strength": 0.7002584934234619, "tonal.key_krumhansl.strength": 0.7161270976066589, "tonal.key_temperley.strength": 0.7261684536933899, "tonal.tuning_diatonic_strength": 0.7126187086105347, "tonal.tuning_equal_tempered_deviation": 0.14838005602359772, "tonal.tuning_frequency": 439.74591064453125, "tonal.tuning_nontempered_energy_ratio": 0.7998697757720947, "lowlevel.barkbands.mean": [0.0005097888060845435, 0.030033698305487633, 0.00931092631071806, 0.006860983557999134, 0.0028329817578196526, 0.000432405126048252, 0.002999334130436182, 0.0010254320222884417, 0.0011215225094929338, 0.0005842159152962267, 0.0004813028499484062, 0.0001795943535398692, 0.00015137814625632018, 0.00016406670329160988, 0.0001769376831362024, 0.00017103028949350119, 7.112145249266177e-05, 7.855473086237907e-05, 3.888447463396005e-05, 5.3531395678874105e-05, 5.903883356950246e-05, 5.137985135661438e-05, 3.81036770704668e-05, 7.088686106726527e-05, 4.312332748668268e-05, 2.066550587187521e-05, 1.1623587852227502e-06], "lowlevel.barkbands.stdev": [0.0014157482655718923, 0.036780908703804016, 0.01326665561646223, 0.00779359694570303, 0.004744901787489653, 0.001709604635834694, 0.008273343555629253, 0.004413658287376165, 0.004205535165965557, 0.0023678389843553305, 0.002222494687885046, 0.00066230638185516, 0.0006880149012431502, 0.0006535588181577623, 0.0005850732559338212, 0.0007436292944476008, 0.0002381640806561336, 0.00021109124645590782, 0.00011689272650983185, 0.00016707094619050622, 0.00016810139641165733, 0.00016449009126517922, 0.00011267697118455544, 0.00017763454525265843, 0.00012495038390625268, 7.286355685209855e-05, 4.777069534611655e-06], "lowlevel.erbbands.mean": [0.6005913615226746, 7.453706741333008, 13.119897842407227, 18.57280921936035, 11.746171951293945, 13.979016304016113, 4.4408464431762695, 4.532310485839844, 28.296985626220703, 47.50270462036133, 19.91712188720703, 22.332029342651367, 21.534208297729492, 20.264070510864258, 15.94836711883545, 7.379463195800781, 6.387457370758057, 8.3018798828125, 8.965450286865234, 9.280698776245117, 8.571937561035156, 4.087035655975342, 4.0482964515686035, 2.9281866550445557, 1.9986687898635864, 2.4393367767333984, 2.628711700439453, 2.165736198425293, 1.919535756111145, 1.4641132354736328, 0.9937381744384766, 1.4583046436309814, 1.115154504776001, 0.6364064812660217, 0.2017347365617752, 0.07947202026844025, 0.041093092411756516, 0.00770183140411973, 0.00018622864445205778, 6.860050052637234e-05], "lowlevel.erbbands.stdev": [1.161473274230957, 8.079912185668945, 12.875570297241211, 19.326841354370117, 12.03915023803711, 26.3231143951416, 16.375499725341797, 11.710516929626465, 83.82937622070312, 139.91065979003906, 67.64562225341797, 75.50798034667969, 104.08023834228516, 75.93867492675781, 88.33734130859375, 26.5637149810791, 26.197059631347656, 35.8798713684082, 29.637033462524414, 26.668323516845703, 38.36390686035156, 13.389098167419434, 10.839537620544434, 8.114315032958984, 6.447610378265381, 7.938316822052002, 7.7802534103393555, 6.089327812194824, 6.170868873596191, 4.5938873291015625, 2.757573127746582, 3.3539786338806152, 3.08976149559021, 1.8787397146224976, 0.6197441816329956, 0.2838180363178253, 0.14763839542865753, 0.02699209749698639, 0.0005603376775979996, 5.636221976601519e-05], "lowlevel.gfcc.mean": [-109.584716796875, 125.03695678710938, -53.5268669128418, 52.33221435546875, -36.46178436279297, 25.150493621826172, -25.911718368530273, 3.4740355014801025, -15.857029914855957, -9.162163734436035, -14.695518493652344, -13.5718412399292, -4.747164726257324], "lowlevel.melbands.mean": [0.007074813824146986, 0.008153591305017471, 0.002942789811640978, 0.0008408735739067197, 0.0002442252589389682, 0.00010233523062197492, 0.0004968289285898209, 0.00046813918743282557, 0.00015966531645972282, 0.00014443274994846433, 0.00010479472257429734, 8.002590766409412e-05, 5.680229514837265e-05, 2.743188088061288e-05, 1.4433414435188752e-05, 1.4460486454481725e-05, 1.564944614074193e-05, 1.413999325450277e-05, 1.4046815522306133e-05, 1.2623547263501678e-05, 9.008846063807141e-06, 4.389256901049521e-06, 3.2321688649972202e-06, 3.849098902719561e-06, 2.213086645497242e-06, 1.342218979516474e-06, 1.5537267472609528e-06, 1.6198214325413574e-06, 1.7291246194872656e-06, 1.4816799875916331e-06, 1.153687321675534e-06, 1.1431643542891834e-06, 8.8427316313755e-07, 7.896991292000166e-07, 5.256838448985945e-07, 6.480418619503325e-07, 1.0180132221648819e-06, 8.114794241009804e-07, 7.537419151049107e-07, 4.440321959009452e-07], "lowlevel.melbands.stdev": [0.010460300371050835, 0.006625243462622166, 0.002958206692710519, 0.001216357690282166, 0.0005542971775867045, 0.00030938340933062136, 0.0014072268968448043, 0.0014034513151273131, 0.0006234113243408501, 0.0005030488246120512, 0.0005164906615391374, 0.00031096089514903724, 0.00027157863951288164, 0.00011828554852399975, 5.7998051488539204e-05, 6.813084473833442e-05, 7.202057167887688e-05, 4.9077862058766186e-05, 4.920007995679043e-05, 4.672347495215945e-05, 4.340383384260349e-05, 1.5464753232663497e-05, 9.22483468457358e-06, 1.0327261406928301e-05, 6.418705652322387e-06, 4.649068614526186e-06, 4.8788961066748016e-06, 5.410307494457811e-06, 5.391758350015152e-06, 4.22256016463507e-06, 3.3796202387748053e-06, 3.778701739065582e-06, 2.884172090489301e-06, 2.5984604690165725e-06, 1.5423685226778616e-06, 1.6594499356870074e-06, 2.4115033738780767e-06, 2.286269364049076e-06, 2.280467924720142e-06, 1.3300930277182488e-06], "lowlevel.melbands128.mean": [0.00046220014337450266, 0.003396646585315466, 0.010140287689864635, 0.013583741150796413, 0.008326943963766098, 0.004184321500360966, 0.004073311109095812, 0.0029427011031657457, 0.0007123040268197656, 0.0007570433081127703, 0.0009741506073623896, 0.0002722501230891794, 0.00011018214718205854, 8.477549272356555e-05, 8.093786163954064e-05, 7.90926133049652e-05, 0.0002705865481402725, 0.0005727966781705618, 0.0008107162429951131, 0.0005613213288597763, 0.00032156254746951163, 0.00011925072612939402, 0.00013301374565344304, 0.00021205171651672572, 0.0001182006744784303, 0.00013829149247612804, 0.00014969070616643876, 0.00010093280434375629, 6.816719542257488e-05, 7.09341184119694e-05, 9.571146802045405e-05, 7.630865729879588e-05, 4.030755735584535e-05, 6.679231591988355e-05, 2.7435937226982787e-05, 1.916357723530382e-05, 1.7196320186485536e-05, 1.257974417967489e-05, 1.5284749679267406e-05, 1.1956973139604088e-05, 1.4788415683142375e-05, 1.772030555002857e-05, 1.3839982784702443e-05, 1.6090467397589236e-05, 1.562144279887434e-05, 1.3039849363849498e-05, 1.2892320228274912e-05, 1.732175405777525e-05, 1.2903889000881463e-05, 9.62933245318709e-06, 1.2793570022040512e-05, 1.653824256209191e-05, 8.93645210453542e-06, 6.791949545004172e-06, 6.130004749138607e-06, 4.242991508363048e-06, 2.81538473245746e-06, 2.930477194240666e-06, 3.3284145501966123e-06, 3.841359557554824e-06, 4.217732566758059e-06, 3.635610937635647e-06, 2.9685786557820393e-06, 1.5828428558961605e-06, 1.327581799159816e-06, 1.2994836424695677e-06, 1.3878136542189168e-06, 1.3889178944737068e-06, 1.6817180039652158e-06, 1.6990254607662791e-06, 1.4713526752530015e-06, 1.58291572915914e-06, 1.9745627923839493e-06, 1.8571026885183528e-06, 1.3184411500333226e-06, 1.4837910384812858e-06, 1.6801943729660707e-06, 1.1546455880306894e-06, 1.0832612815647735e-06, 1.0591121508696233e-06, 1.2712854413621244e-06, 1.1812589946202934e-06, 9.004257321976183e-07, 8.756004490351188e-07, 8.159078674907505e-07, 8.624697898085287e-07, 7.864309736760333e-07, 6.307690227913554e-07, 4.786076601703826e-07, 4.6218102056627686e-07, 5.72847227431339e-07, 6.729091523993702e-07, 8.047608730521461e-07, 1.0798639777931385e-06, 1.1299666766717564e-06, 1.0137567869605846e-06, 6.712910476380785e-07, 5.806821832265996e-07, 8.305242431561055e-07, 8.695918154444371e-07, 5.54630162241665e-07, 3.7712288758484647e-07, 2.675935206752911e-07, 2.727990704443073e-07, 2.0479774320847355e-07, 1.8387018485555018e-07, 1.823352562269065e-07, 1.4741458187472745e-07, 1.1767498619974504e-07, 1.1544391043116775e-07, 1.2845370633840503e-07, 1.3081216820864938e-07, 1.5728279834092973e-07, 1.2509050861808646e-07, 1.037008843240983e-07, 1.0290978735838507e-07, 4.868489966725065e-08, 3.7161407284713732e-09, 8.883033197903956e-11, 7.065318469168247e-11, 4.808610454265505e-11, 2.4631904155247852e-11, 7.683808450620333e-12, 7.542833545259864e-12, 7.392826802121721e-12, 7.221265252432829e-12, 7.116186979960748e-12, 7.071704766908882e-12], "lowlevel.melbands128.stdev": [0.001315050758421421, 0.008739189244806767, 0.01702958159148693, 0.013040199875831604, 0.007138766814023256, 0.006426158361136913, 0.00448682950809598, 0.003366151824593544, 0.0008817025809548795, 0.001472489908337593, 0.0019884195644408464, 0.0005455667269416153, 0.0007474398007616401, 0.0004936258774250746, 0.00022727229224983603, 0.0004110859881620854, 0.0012232268927618861, 0.0020027642603963614, 0.002668892266228795, 0.002104549901559949, 0.0016644259449094534, 0.0006082255858927965, 0.000738329894375056, 0.0012359598185867071, 0.0004982672398909926, 0.0006350210169330239, 0.0011060929391533136, 0.0006325484137050807, 0.0003146767558064312, 0.00039548720815218985, 0.0004580231907311827, 0.0004100291116628796, 0.00021777281654067338, 0.0005893112393096089, 0.00012661819346249104, 7.595439092256129e-05, 9.8183132649865e-05, 5.87653303227853e-05, 8.569603960495442e-05, 6.508605292765424e-05, 8.691621042089537e-05, 0.00012241018703207374, 9.170230623567477e-05, 8.930232434067875e-05, 6.261605449253693e-05, 6.109053356340155e-05, 6.0412912716856226e-05, 8.786114631220698e-05, 4.6600016503361985e-05, 3.393364750081673e-05, 5.864823833690025e-05, 8.289355901069939e-05, 4.585098213283345e-05, 4.459073898033239e-05, 2.3672466340940446e-05, 1.6800746379885823e-05, 1.10524752017227e-05, 8.626369890407659e-06, 1.1572143193916418e-05, 1.3153184227121528e-05, 1.1639666809060145e-05, 1.2764790881192312e-05, 9.542077350488398e-06, 4.698444172390737e-06, 4.741300017485628e-06, 5.3973126341588795e-06, 5.664874151989352e-06, 4.76007153338287e-06, 5.474340468936134e-06, 6.082533673179569e-06, 5.716811301681446e-06, 5.73921033719671e-06, 6.255737844185205e-06, 7.027480478427606e-06, 4.398777036840329e-06, 4.577146228257334e-06, 4.884438567387406e-06, 3.2640355129842646e-06, 3.624850933192647e-06, 3.5655268675327534e-06, 4.639648977899924e-06, 4.208931841276353e-06, 3.197161731804954e-06, 3.109115823463071e-06, 2.9878640361857833e-06, 3.0674843856104417e-06, 2.7438090910436586e-06, 2.0445424979698146e-06, 1.5489117686229292e-06, 1.3566464076575357e-06, 1.6279458350254572e-06, 2.1014525373175275e-06, 1.8065223912344663e-06, 2.6238590180582833e-06, 3.0965722999098944e-06, 2.8113688586017815e-06, 2.1588418803730747e-06, 1.8060085267279646e-06, 2.6502518721827073e-06, 2.8867630135209765e-06, 2.0067038803972537e-06, 1.087373902919353e-06, 8.74757859037345e-07, 1.1056692983402172e-06, 6.706410431434051e-07, 6.221938519956893e-07, 6.100240739215224e-07, 5.3950083156451e-07, 4.24174743329786e-07, 5.773742941528326e-07, 6.611616072405013e-07, 5.314997792993381e-07, 5.867704544471053e-07, 4.397831219193904e-07, 3.9178138422357733e-07, 3.8683188563481963e-07, 2.0580571913342283e-07, 2.348643235450254e-08, 1.4058787467519096e-09, 1.1340915984092703e-09, 6.29136465146729e-10, 2.687456090999518e-10, 1.1447912062756416e-11, 1.1255467044501977e-11, 1.1097477103927389e-11, 1.096875628520122e-11, 1.0874045587583314e-11, 1.0816060720675313e-11], "lowlevel.mfcc.mean": [-769.5159912109375, 150.39878845214844, 50.112613677978516, 39.58303451538086, 27.03670310974121, 21.977588653564453, 13.539304733276367, 9.339841842651367, 11.218385696411133, 4.923194885253906, -6.069062232971191, 2.6608879566192627, -4.316317081451416], "lowlevel.spectral_contrast_coeffs.mean": [-0.6240187883377075, -0.7455804944038391, -0.801588237285614, -0.8246588706970215, -0.8319195508956909, -0.7847455739974976], "lowlevel.spectral_contrast_coeffs.stdev": [0.07785356044769287, 0.1303820163011551, 0.08834930509328842, 0.06959076225757599, 0.049769192934036255, 0.049333859235048294], "lowlevel.spectral_contrast_valleys.mean": [-6.903158187866211, -8.058014869689941, -8.695489883422852, -9.043028831481934, -9.155719757080078, -11.527149200439453], "lowlevel.spectral_contrast_valleys.stdev": [1.3651286363601685, 1.3392969369888306, 1.3242759704589844, 1.351984977722168, 1.5122638940811157, 1.602718710899353], "rhythm.beats_loudness_band_ratio.mean": [0.7415686249732971, 0.0816907063126564, 0.08267303556203842, 0.0437399223446846, 0.028813671320676804, 0.03490899130702019], "rhythm.beats_loudness_band_ratio.stdev": [0.2320413887500763, 0.12566757202148438, 0.12436412274837494, 0.090110182762146, 0.02934798039495945, 0.043228618800640106], "tonal.hpcp.mean": [0.043124038726091385, 0.058759886771440506, 0.11867903918027878, 0.21659693121910095, 0.17843182384967804, 0.05967940017580986, 0.026283396407961845, 0.02066434547305107, 0.0323505662381649, 0.05601898580789566, 0.04740452021360397, 0.021456705406308174, 0.018475431948900223, 0.02125009149312973, 0.020815180614590645, 0.025868985801935196, 0.07154464721679688, 0.26201120018959045, 0.4505177438259125, 0.303144633769989, 0.09068634361028671, 0.05928315222263336, 0.048875562846660614, 0.08662387728691101, 0.1633126139640808, 0.12449419498443604, 0.039186518639326096, 0.02060709148645401, 0.012119781225919724, 0.009427088312804699, 0.016766974702477455, 0.02490808255970478, 0.03349943459033966, 0.0392814539372921, 0.04326436296105385, 0.04526200890541077], "tonal.hpcp.stdev": [0.15051455795764923, 0.17865264415740967, 0.23347212374210358, 0.3590835630893707, 0.30948394536972046, 0.15705281496047974, 0.10904967039823532, 0.09339068830013275, 0.12130384892225266, 0.17686066031455994, 0.15172402560710907, 0.0783352479338646, 0.09610538184642792, 0.11191152781248093, 0.10191530734300613, 0.11429042369127274, 0.19394904375076294, 0.3231346011161804, 0.44423943758010864, 0.3472241759300232, 0.20413804054260254, 0.1928010880947113, 0.16235807538032532, 0.21102827787399292, 0.3368479013442993, 0.2711550295352936, 0.1423875093460083, 0.10089030116796494, 0.06736044585704803, 0.03516916558146477, 0.07674529403448105, 0.11132882535457611, 0.1272827535867691, 0.14102914929389954, 0.14693796634674072, 0.16635838150978088], "rhythm.beats_position": [0.6153287887573242, 1.2538775205612183, 1.8575963973999023, 2.4380950927734375, 3.0185940265655518, 3.599092960357666, 4.179591655731201, 4.7600908279418945, 5.34058952331543, 5.9326982498168945, 6.524806976318359, 7.105306148529053, 7.685804843902588, 8.266304016113281, 8.846802711486816, 9.427301406860352, 10.031020164489746, 10.611518859863281, 11.192017555236816, 11.772517204284668, 12.353015899658203, 12.933514595031738, 13.514013290405273, 14.094511985778809, 14.675010681152344, 15.255510330200195, 15.83600902557373, 16.416507720947266, 16.997007369995117, 17.577505111694336], "rhythm.bpm_histogram": [0.0, 0.0, 0.0, 0.0, 0.0, 0.0, 0.0, 0.0, 0.0, 0.0, 0.0, 0.0, 0.0, 0.0, 0.0, 0.0, 0.0, 0.0, 0.0, 0.0, 0.0, 0.0, 0.0, 0.0, 0.0, 0.0, 0.0, 0.0, 0.0, 0.0, 0.0, 0.0, 0.0, 0.0, 0.0, 0.0, 0.0, 0.0, 0.0, 0.0, 0.0, 0.0, 0.0, 0.0, 0.0, 0.0, 0.0, 0.0, 0.0, 0.0, 0.0, 0.0, 0.0, 0.0, 0.0, 0.0, 0.0, 0.0, 0.0, 0.0, 0.0, 0.0, 0.0, 0.0, 0.0, 0.0, 0.0, 0.0, 0.0, 0.0, 0.0, 0.0, 0.0, 0.0, 0.0, 0.0, 0.0, 0.0, 0.0, 0.0, 0.0, 0.0, 0.0, 0.0, 0.0, 0.0, 0.0, 0.0, 0.0, 0.0, 0.0, 0.0, 0.0, 0.0, 0.03448275849223137, 0.0, 0.0, 0.0, 0.0, 0.06896551698446274, 0.0, 0.06896551698446274, 0.0, 0.8275862336158752, 0.0, 0.0, 0.0, 0.0, 0.0, 0.0, 0.0, 0.0, 0.0, 0.0, 0.0, 0.0, 0.0, 0.0, 0.0, 0.0, 0.0, 0.0, 0.0, 0.0, 0.0, 0.0, 0.0, 0.0, 0.0, 0.0, 0.0, 0.0, 0.0, 0.0, 0.0, 0.0, 0.0, 0.0, 0.0, 0.0, 0.0, 0.0, 0.0, 0.0, 0.0, 0.0, 0.0, 0.0, 0.0, 0.0, 0.0, 0.0, 0.0, 0.0, 0.0, 0.0, 0.0, 0.0, 0.0, 0.0, 0.0, 0.0, 0.0, 0.0, 0.0, 0.0, 0.0, 0.0, 0.0, 0.0, 0.0, 0.0, 0.0, 0.0, 0.0, 0.0, 0.0, 0.0, 0.0, 0.0, 0.0, 0.0, 0.0, 0.0, 0.0, 0.0, 0.0, 0.0, 0.0, 0.0, 0.0, 0.0, 0.0, 0.0, 0.0, 0.0, 0.0, 0.0, 0.0, 0.0, 0.0, 0.0, 0.0, 0.0, 0.0, 0.0, 0.0, 0.0, 0.0, 0.0, 0.0, 0.0, 0.0, 0.0, 0.0, 0.0, 0.0, 0.0, 0.0, 0.0, 0.0, 0.0, 0.0, 0.0, 0.0, 0.0, 0.0, 0.0, 0.0, 0.0, 0.0, 0.0, 0.0, 0.0, 0.0, 0.0, 0.0, 0.0, 0.0, 0.0, 0.0, 0.0, 0.0, 0.0, 0.0, 0.0, 0.0, 0.0, 0.0, 0.0], "tonal.chords_histogram": [29.19896697998047, 0.0, 0.7751938104629517, 0.0, 1.2919896841049194, 39.276485443115234, 5.426356792449951, 16.53746795654297, 0.0, 7.493540287017822, 0.0, 0.0, 0.0, 0.0, 0.0, 0.0, 0.0, 0.0, 0.0, 0.0, 0.0, 0.0, 0.0, 0.0], "tonal.thpcp": [1.0, 0.6728805899620056, 0.20129361748695374, 0.13158893585205078, 0.10848753899335861, 0.19227628409862518, 0.362499862909317, 0.27633583545684814, 0.08698108047246933, 0.04574090987443924, 0.02690189518034458, 0.0209250096231699, 0.03721712529659271, 0.0552876852452755, 0.07435763627290726, 0.08719180524349213, 0.0960325375199318, 0.10046665370464325, 0.09572106599807739, 0.13042746484279633, 0.26342812180519104, 0.48077335953712463, 0.39605948328971863, 0.13246847689151764, 0.05834042280912399, 0.04586799442768097, 0.07180752605199814, 0.12434357404708862, 0.10522231459617615, 0.04762677103281021, 0.0410093329846859, 0.04716815799474716, 0.04620279744267464, 0.05742057040333748, 0.15880538523197174, 0.5815779566764832], "lowlevel.gfcc.cov": [[15693.9765625, -2218.69775390625, -2054.32763671875, -258.575439453125, -1631.27685546875, -49.07814407348633, -778.2828979492188, 1369.0947265625, -153.78477478027344, 863.9136352539062, -228.68333435058594, 47.62631607055664, -392.3286437988281], [-2218.69775390625, 3067.52001953125, 689.0126953125, -273.8121032714844, 699.358154296875, -378.5028381347656, 415.9461669921875, -405.6556396484375, 476.3518371582031, -400.3991394042969, 389.3482971191406, -335.6732177734375, 386.0665588378906], [-2054.32763671875, 689.0126953125, 2060.691650390625, 646.87841796875, 745.1435546875, 87.28815460205078, 246.125732421875, -277.1405029296875, 30.45214080810547, -124.19696044921875, 40.44752502441406, 143.1836700439453, 99.39772033691406], [-258.575439453125, -273.8121032714844, 646.87841796875, 736.278564453125, 324.4508361816406, 125.22323608398438, 28.13572120666504, 9.319920539855957, 27.066856384277344, -24.41217803955078, -29.696529388427734, 43.519222259521484, 2.1553421020507812], [-1631.27685546875, 699.358154296875, 745.1435546875, 324.4508361816406, 857.1255493164062, 167.85421752929688, 252.31565856933594, -196.81227111816406, 143.04348754882812, -191.60745239257812, 8.40043830871582, 12.748201370239258, 117.26124572753906], [-49.07814407348633, -378.5028381347656, 87.28815460205078, 125.22323608398438, 167.85421752929688, 485.5912780761719, 202.65536499023438, -19.007810592651367, -95.50968170166016, -29.670032501220703, -76.14774322509766, 46.97042465209961, -38.84346008300781], [-778.2828979492188, 415.9461669921875, 246.125732421875, 28.13572120666504, 252.31565856933594, 202.65536499023438, 390.50274658203125, -79.60931396484375, 23.937339782714844, -131.8031768798828, 37.21590042114258, -28.83293914794922, 63.44813919067383], [1369.0947265625, -405.6556396484375, -277.1405029296875, 9.319920539855957, -196.81227111816406, -19.007810592651367, -79.60931396484375, 385.4555969238281, 67.38772583007812, 155.60415649414062, -30.144895553588867, -22.864614486694336, -46.68576431274414], [-153.78477478027344, 476.3518371582031, 30.45214080810547, 27.066856384277344, 143.04348754882812, -95.50968170166016, 23.937339782714844, 67.38772583007812, 265.63031005859375, 11.904008865356445, 81.88912963867188, -107.61901092529297, 70.43989562988281], [863.9136352539062, -400.3991394042969, -124.19696044921875, -24.41217803955078, -191.60745239257812, -29.670032501220703, -131.8031768798828, 155.60415649414062, 11.904008865356445, 228.70120239257812, -8.234090805053711, 14.266825675964355, -69.16958618164062], [-228.68333435058594, 389.3482971191406, 40.44752502441406, -29.696529388427734, 8.40043830871582, -76.14774322509766, 37.21590042114258, -30.144895553588867, 81.88912963867188, -8.234090805053711, 159.5569610595703, -64.0577621459961, 55.7944221496582], [47.62631607055664, -335.6732177734375, 143.1836700439453, 43.519222259521484, 12.748201370239258, 46.97042465209961, -28.83293914794922, -22.864614486694336, -107.61901092529297, 14.266825675964355, -64.0577621459961, 160.36105346679688, -37.47457504272461], [-392.3286437988281, 386.0665588378906, 99.39772033691406, 2.1553421020507812, 117.26124572753906, -38.84346008300781, 63.44813919067383, -46.68576431274414, 70.43989562988281, -69.16958618164062, 55.7944221496582, -37.47457504272461, 110.70892333984375]], "lowlevel.gfcc.icov": [[0.00013593974290415645, -0.0002810864243656397, 0.00014634242688771337, -0.0002278182073496282, 0.00019710494962055236, -0.00023137796961236745, 0.0001960915105883032, -0.0004289780044928193, 0.00026476080529391766, -0.00035309247323311865, 0.00021250496502034366, -0.0003449729993008077, 0.00013882943312637508], [-0.0002810864243656397, 0.0032339715398848057, -0.0011825632536783814, 0.0023136495146900415, -0.001424512010999024, 0.0020799688063561916, -0.0013856145087629557, 0.0016826186329126358, -0.0022326833568513393, 0.0026653679087758064, -0.002430615248158574, 0.003605827922001481, -0.0019833347760140896], [0.00014634242688771337, -0.0011825632536783814, 0.001558375544846058, -0.001628683297894895, -4.188898310530931e-05, -0.0002620246377773583, -0.0001280492142541334, -0.00018588718376122415, 0.0010597854852676392, -0.001739157480187714, 0.000595209829043597, -0.0022397516295313835, 0.00040342684951610863], [-0.0002278182073496282, 0.0023136495146900415, -0.001628683297894895, 0.0040114023722708225, -0.0015633851289749146, 0.0008022433030419052, -1.8212958821095526e-05, 0.0003973598650190979, -0.0015819285763427615, 0.002541943220421672, -0.0018230827990919352, 0.0030054126400500536, -0.0008451652829535306], [0.00019710494962055236, -0.001424512010999024, -4.188898310530931e-05, -0.0015633851289749146, 0.00400074478238821, -0.0018907437333837152, 0.0001938507193699479, 0.00010483796359039843, -0.001765367342159152, 2.1419746190076694e-05, 0.0022362193558365107, -0.002611776115372777, -0.00010812676191562787], [-0.00023137796961236745, 0.0020799688063561916, -0.0002620246377773583, 0.0008022433030419052, -0.0018907437333837152, 0.005395107436925173, -0.0034851485397666693, 0.0012260207440704107, 0.00020662523456849158, 0.0004953834577463567, -0.0005238765152171254, 0.002398009644821286, -0.00018989398085977882], [0.0001960915105883032, -0.0013856145087629557, -0.0001280492142541334, -1.8212958821095526e-05, 0.0001938507193699479, -0.0034851485397666693, 0.00617243954911828, -0.0017721682088449597, 0.0009635625756345689, 0.001244442188180983, -0.0004728799976874143, -0.0005996559048071504, 0.0001290238433284685], [-0.0004289780044928193, 0.0016826186329126358, -0.00018588718376122415, 0.0003973598650190979, 0.00010483796359039843, 0.0012260207440704107, -0.0017721682088449597, 0.006461209151893854, -0.003524885280057788, -0.0009191359276883304, 0.00041055341716855764, 0.0015462873270735145, -0.0011842760723084211], [0.00026476080529391766, -0.0022326833568513393, 0.0010597854852676392, -0.0015819285763427615, -0.001765367342159152, 0.00020662523456849158, 0.0009635625756345689, -0.003524885280057788, 0.011136380024254322, -0.004063072148710489, -0.00015596640878356993, 0.001981301000341773, -0.0011678555747494102], [-0.00035309247323311865, 0.0026653679087758064, -0.001739157480187714, 0.002541943220421672, 2.1419746190076694e-05, 0.0004953834577463567, 0.001244442188180983, -0.0009191359276883304, -0.004063072148710489, 0.01185046136379242, -0.0037924095522612333, 0.0017862959066405892, 0.0025214250199496746], [0.00021250496502034366, -0.002430615248158574, 0.000595209829043597, -0.0018230827990919352, 0.0022362193558365107, -0.0005238765152171254, -0.0004728799976874143, 0.00041055341716855764, -0.00015596640878356993, -0.0037924095522612333, 0.012167216278612614, -0.0006096590077504516, -0.0019865189678967], [-0.0003449729993008077, 0.003605827922001481, -0.0022397516295313835, 0.0030054126400500536, -0.002611776115372777, 0.002398009644821286, -0.0005996559048071504, 0.0015462873270735145, 0.001981301000341773, 0.0017862959066405892, -0.0006096590077504516, 0.015160679817199707, -0.0019464537035673857], [0.00013882943312637508, -0.0019833347760140896, 0.00040342684951610863, -0.0008451652829535306, -0.00010812676191562787, -0.00018989398085977882, 0.0001290238433284685, -0.0011842760723084211, -0.0011678555747494102, 0.0025214250199496746, -0.0019865189678967, -0.0019464537035673857, 0.018230503425002098]], "lowlevel.mfcc.cov": [[14758.5048828125, -2964.15087890625, -1483.3883056640625, -1057.944091796875, -879.5166625976562, -1595.481689453125, -329.2072448730469, -550.5325317382812, 177.03030395507812, 341.4636535644531, 295.36566162109375, 486.1515197753906, -279.8155822753906], [-2964.15087890625, 3150.715576171875, 267.5072021484375, 256.9535827636719, 263.84149169921875, 156.50555419921875, 51.99979782104492, 37.257537841796875, 64.4455795288086, 5.057199001312256, -61.546470642089844, 20.575382232666016, -19.261791229248047], [-1483.3883056640625, 267.5072021484375, 1196.380859375, 563.0958251953125, 303.3854675292969, 328.32611083984375, 140.0723419189453, 102.7206802368164, -14.930827140808105, -72.87918090820312, -3.1606597900390625, -49.27301788330078, 121.09074401855469], [-1057.944091796875, 256.9535827636719, 563.0958251953125, 724.9699096679688, 416.7880859375, 168.504638671875, 25.044450759887695, 90.54843139648438, 60.898006439208984, -36.803993225097656, -24.847463607788086, 12.065054893493652, 97.69305419921875], [-879.5166625976562, 263.84149169921875, 303.3854675292969, 416.7880859375, 569.5855712890625, 241.21131896972656, 38.17311096191406, 103.17788696289062, 111.49707794189453, 2.3159894943237305, -10.314416885375977, 28.91985321044922, 74.50726318359375], [-1595.481689453125, 156.50555419921875, 328.32611083984375, 168.504638671875, 241.21131896972656, 675.1297607421875, 227.49337768554688, 254.5489959716797, -1.6829073429107666, -49.257328033447266, -33.426605224609375, -157.78854370117188, 66.79698944091797], [-329.2072448730469, 51.99979782104492, 140.0723419189453, 25.044450759887695, 38.17311096191406, 227.49337768554688, 288.8635559082031, 149.32696533203125, 56.21635055541992, 22.340511322021484, -1.8388662338256836, -19.40903091430664, 4.624587059020996], [-550.5325317382812, 37.257537841796875, 102.7206802368164, 90.54843139648438, 103.17788696289062, 254.5489959716797, 149.32696533203125, 281.10430908203125, 65.79773712158203, 6.996914863586426, -22.816041946411133, -84.16309356689453, 45.34166717529297], [177.03030395507812, 64.4455795288086, -14.930827140808105, 60.898006439208984, 111.49707794189453, -1.6829073429107666, 56.21635055541992, 65.79773712158203, 204.1060791015625, 92.83979034423828, 38.06136703491211, 67.09236145019531, 7.438360691070557], [341.4636535644531, 5.057199001312256, -72.87918090820312, -36.803993225097656, 2.3159894943237305, -49.257328033447266, 22.340511322021484, 6.996914863586426, 92.83979034423828, 141.3810272216797, 69.95223236083984, 70.82918548583984, -28.251590728759766], [295.36566162109375, -61.546470642089844, -3.1606597900390625, -24.847463607788086, -10.314416885375977, -33.426605224609375, -1.8388662338256836, -22.816041946411133, 38.06136703491211, 69.95223236083984, 103.2793960571289, 64.97888946533203, -4.33090877532959], [486.1515197753906, 20.575382232666016, -49.27301788330078, 12.065054893493652, 28.91985321044922, -157.78854370117188, -19.40903091430664, -84.16309356689453, 67.09236145019531, 70.82918548583984, 64.97888946533203, 192.25885009765625, -9.404975891113281], [-279.8155822753906, -19.261791229248047, 121.09074401855469, 97.69305419921875, 74.50726318359375, 66.79698944091797, 4.624587059020996, 45.34166717529297, 7.438360691070557, -28.251590728759766, -4.33090877532959, -9.404975891113281, 126.66930389404297]], "lowlevel.mfcc.icov": [[0.0001283341844100505, 0.00010221727279713377, 3.7131434510229155e-05, 6.359473627526313e-05, -9.340952601633035e-06, 0.00024495957768522203, -7.976192136993632e-05, 1.2233102097525261e-05, -9.153782593784854e-05, -1.5056387383083347e-05, -0.00013572059106081724, -4.27267950726673e-05, 8.35501923575066e-05], [0.00010221727279713377, 0.0004268020566087216, -2.995027716679033e-05, 2.1969610315863974e-05, -8.792832522885874e-05, 0.00010864558134926483, -3.181389911333099e-05, 6.676481280010194e-05, -0.00013665773440152407, -0.00014180368452798575, 0.00026608724147081375, -0.00016268578474409878, 0.0002474952780175954], [3.7131434510229155e-05, -2.995027716679033e-05, 0.0016655903309583664, -0.0012567815138027072, 0.00013649604807142168, -0.00023854502069298178, -0.0008136730757541955, 0.0004980146186426282, 0.00035410936106927693, 0.0004355437704361975, -0.0010252740466967225, 0.00036872984492219985, -0.0005798651836812496], [6.359473627526313e-05, 2.1969610315863974e-05, -0.0012567815138027072, 0.003568544751033187, -0.0019246760057285428, 0.0006362544954754412, 0.00046201085206121206, -0.0006732408655807376, -0.00016783084720373154, 0.000275139493169263, 0.0006539526511915028, -0.0004252555372659117, -0.000324257998727262], [-9.340952601633035e-06, -8.792832522885874e-05, 0.00013649604807142168, -0.0019246760057285428, 0.004281563218683004, -0.0018387773307040334, 0.001182987354695797, 0.00010220029071206227, -0.0018176239682361484, 0.00015617735334672034, 0.0009176894091069698, -0.0015458340058103204, -0.0002504753938410431], [0.00024495957768522203, 0.00010864558134926483, -0.00023854502069298178, 0.0006362544954754412, -0.0018387773307040334, 0.004529580939561129, -0.0023222581949084997, -0.0014702576445415616, 0.0010485120583325624, 0.0004141927638556808, -0.0017998997354879975, 0.002461555413901806, -0.00024895110982470214], [-7.976192136993632e-05, -3.181389911333099e-05, -0.0008136730757541955, 0.00046201085206121206, 0.001182987354695797, -0.0023222581949084997, 0.006750008091330528, -0.00240671937353909, -0.0012465158943086863, -0.00037176537443883717, 0.0015003543812781572, -0.0023623660672456026, 0.001250484143383801], [1.2233102097525261e-05, 6.676481280010194e-05, 0.0004980146186426282, -0.0006732408655807376, 0.00010220029071206227, -0.0014702576445415616, -0.00240671937353909, 0.008057582192122936, -0.0023049514275044203, -0.0013214017963036895, 0.0008383447420783341, 0.0031089424155652523, -0.0019007076043635607], [-9.153782593784854e-05, -0.00013665773440152407, 0.00035410936106927693, -0.00016783084720373154, -0.0018176239682361484, 0.0010485120583325624, -0.0012465158943086863, -0.0023049514275044203, 0.009938864968717098, -0.005140562076121569, 0.00045627326471731067, -0.001424643094651401, -0.0008656107820570469], [-1.5056387383083347e-05, -0.00014180368452798575, 0.0004355437704361975, 0.000275139493169263, 0.00015617735334672034, 0.0004141927638556808, -0.00037176537443883717, -0.0013214017963036895, -0.005140562076121569, 0.01654873415827751, -0.008366981521248817, -0.0014756874879822135, 0.0030900670681148767], [-0.00013572059106081724, 0.00026608724147081375, -0.0010252740466967225, 0.0006539526511915028, 0.0009176894091069698, -0.0017998997354879975, 0.0015003543812781572, 0.0008383447420783341, 0.00045627326471731067, -0.008366981521248817, 0.018294431269168854, -0.004410496912896633, -0.0013239792315289378], [-4.27267950726673e-05, -0.00016268578474409878, 0.00036872984492219985, -0.0004252555372659117, -0.0015458340058103204, 0.002461555413901806, -0.0023623660672456026, 0.0031089424155652523, -0.001424643094651401, -0.0014756874879822135, -0.004410496912896633, 0.011300028301775455, -0.001116302446462214], [8.35501923575066e-05, 0.0002474952780175954, -0.0005798651836812496, -0.000324257998727262, -0.0002504753938410431, -0.00024895110982470214, 0.001250484143383801, -0.0019007076043635607, -0.0008656107820570469, 0.0030900670681148767, -0.0013239792315289378, -0.001116302446462214, 0.010446373373270035]], "metadata.audio_properties.analysis.downmix": "mix", "metadata.audio_properties.codec": "mp3", "metadata.audio_properties.md5_encoded": "d94ab5d60b319e24f28aaeb4653ddeca", "metadata.tags.file_name": "1182276563073515551.mp3", "metadata.version.essentia": "2.1-beta6-dev", "metadata.version.essentia_git_sha": "v2.1_beta5-1110-g77a6a954", "metadata.version.extractor": "music 2.0", "tonal.chords_key": "Ab", "tonal.chords_scale": "major", "tonal.key_edma.key": "Eb", "tonal.key_edma.scale": "minor", "tonal.key_krumhansl.key": "Eb", "tonal.key_krumhansl.scale": "minor", "tonal.key_temperley.key": "Eb", "tonal.key_temperley.scale": "minor", "metadata.tags.encoding": ["Lavf58.45.100"]}, "essentia_models": [{"model_name": "genre_dortmund", "activations": {"alternative": "0.0077034915", "blues": "0.010455413", "electronic": "0.06981439", "folkcountry": "0.0073444173", "funksoulrnb": "0.050690852", "jazz": "0.24894801", "pop": "0.09339227", "raphiphop": "0.4184958", "rock": "0.0073490357"}}, {"model_name": "genre_rosamerica", "activations": {"classic": "0.0030877546", "dance": "0.0013297478", "hip hop": "0.16290663", "jazz": "0.08559293", "pop": "0.15941435", "rhythm and blues": "0.35968214", "rock": "0.0041323933", "speech": "0.040410876"}}, {"model_name": "genre_tzanetakis", "activations": {"blues": "0.014173949", "classic": "0.00033356855", "country": "0.004308586", "d