{"song_id": "1182275920766173226", "download": "https://cdn.discordapp.com/attachments/1135911532732108921/1182275920766173226/chirp.mp4?ex=65841b41&amp", "lyrics": "-", "style": ["Afrikaans style Acoustic guitar </span><span>,piano</span><span>,sad</span><span>,emotional</span><span>, Johny cash"], "essentia_features": {"lowlevel.average_loudness": 0.9619420170783997, "lowlevel.barkbands_crest.mean": 12.664769172668457, "lowlevel.barkbands_crest.stdev": 3.7867536544799805, "lowlevel.barkbands_flatness_db.mean": 0.24683807790279388, "lowlevel.barkbands_flatness_db.stdev": 0.0602845661342144, "lowlevel.barkbands_kurtosis.mean": 28.685466766357422, "lowlevel.barkbands_kurtosis.stdev": 27.84092903137207, "lowlevel.barkbands_skewness.mean": 3.5528361797332764, "lowlevel.barkbands_skewness.stdev": 1.912152886390686, "lowlevel.barkbands_spread.mean": 11.32699203491211, "lowlevel.barkbands_spread.stdev": 17.92555809020996, "lowlevel.dissonance.mean": 0.3813532888889313, "lowlevel.dissonance.stdev": 0.054473668336868286, "lowlevel.dynamic_complexity": 2.7452778816223145, "lowlevel.erbbands_crest.mean": 13.620590209960938, "lowlevel.erbbands_crest.stdev": 5.003506660461426, "lowlevel.erbbands_flatness_db.mean": 0.21861757338047028, "lowlevel.erbbands_flatness_db.stdev": 0.050950706005096436, "lowlevel.erbbands_kurtosis.mean": 9.530157089233398, "lowlevel.erbbands_kurtosis.stdev": 10.689116477966309, "lowlevel.erbbands_skewness.mean": 2.2008087635040283, "lowlevel.erbbands_skewness.stdev": 1.4943033456802368, "lowlevel.erbbands_spread.mean": 32.492855072021484, "lowlevel.erbbands_spread.stdev": 34.30197525024414, "lowlevel.hfc.mean": 13.434453010559082, "lowlevel.hfc.stdev": 11.21960163116455, "lowlevel.loudness_ebu128.integrated": -14.992327690124512, "lowlevel.loudness_ebu128.loudness_range": 2.435049057006836, "lowlevel.loudness_ebu128.momentary.mean": -15.497097969055176, "lowlevel.loudness_ebu128.momentary.stdev": 2.265873908996582, "lowlevel.loudness_ebu128.short_term.mean": -15.0791015625, "lowlevel.loudness_ebu128.short_term.stdev": 0.8032473921775818, "lowlevel.melbands_crest.mean": 14.677750587463379, "lowlevel.melbands_crest.stdev": 4.411974906921387, "lowlevel.melbands_flatness_db.mean": 0.314616858959198, "lowlevel.melbands_flatness_db.stdev": 0.07046137750148773, "lowlevel.melbands_kurtosis.mean": 36.902076721191406, "lowlevel.melbands_kurtosis.stdev": 36.361839294433594, "lowlevel.melbands_skewness.mean": 3.608368396759033, "lowlevel.melbands_skewness.stdev": 2.0858521461486816, "lowlevel.melbands_spread.mean": 8.454594612121582, "lowlevel.melbands_spread.stdev": 11.67634105682373, "lowlevel.pitch_salience.mean": 0.5642181038856506, "lowlevel.pitch_salience.stdev": 0.10791128128767014, "lowlevel.silence_rate_20dB.mean": 1.0, "lowlevel.silence_rate_20dB.stdev": 0.0, "lowlevel.silence_rate_30dB.mean": 0.9993706941604614, "lowlevel.silence_rate_30dB.stdev": 0.025078527629375458, "lowlevel.silence_rate_60dB.mean": 0.021397104486823082, "lowlevel.silence_rate_60dB.stdev": 0.14470386505126953, "lowlevel.spectral_centroid.mean": 554.1943359375, "lowlevel.spectral_centroid.stdev": 408.10394287109375, "lowlevel.spectral_complexity.mean": 7.705475330352783, "lowlevel.spectral_complexity.stdev": 3.4288747310638428, "lowlevel.spectral_decrease.mean": -6.816553099753264e-09, "lowlevel.spectral_decrease.stdev": 4.68703920120106e-09, "lowlevel.spectral_energy.mean": 0.0269458070397377, "lowlevel.spectral_energy.stdev": 0.01821746863424778, "lowlevel.spectral_energyband_high.mean": 0.0005117236287333071, "lowlevel.spectral_energyband_high.stdev": 0.0011941251577809453, "lowlevel.spectral_energyband_low.mean": 0.002505418611690402, "lowlevel.spectral_energyband_low.stdev": 0.0031152628362178802, "lowlevel.spectral_energyband_middle_high.mean": 0.0012168260291218758, "lowlevel.spectral_energyband_middle_high.stdev": 0.002085247775539756, "lowlevel.spectral_energyband_middle_low.mean": 0.023777183145284653, "lowlevel.spectral_energyband_middle_low.stdev": 0.017377963289618492, "lowlevel.spectral_entropy.mean": 6.59353494644165, "lowlevel.spectral_entropy.stdev": 0.7294918894767761, "lowlevel.spectral_flux.mean": 0.053080882877111435, "lowlevel.spectral_flux.stdev": 0.03644212335348129, "lowlevel.spectral_kurtosis.mean": 7.99229621887207, "lowlevel.spectral_kurtosis.stdev": 7.690523147583008, "lowlevel.spectral_rms.mean": 0.004827630706131458, "lowlevel.spectral_rms.stdev": 0.0017270029056817293, "lowlevel.spectral_rolloff.mean": 990.597412109375, "lowlevel.spectral_rolloff.stdev": 1794.57861328125, "lowlevel.spectral_skewness.mean": 2.217925786972046, "lowlevel.spectral_skewness.stdev": 0.992069661617279, "lowlevel.spectral_spread.mean": 5210881.0, "lowlevel.spectral_spread.stdev": 2578151.5, "lowlevel.spectral_strongpeak.mean": 1.1212656497955322, "lowlevel.spectral_strongpeak.stdev": 0.7919891476631165, "lowlevel.zerocrossingrate.mean": 0.04124271124601364, "lowlevel.zerocrossingrate.stdev": 0.043035510927438736, "metadata.audio_properties.analysis.equal_loudness": 0.0, "metadata.audio_properties.analysis.length": 36.86294937133789, "metadata.audio_properties.analysis.sample_rate": 44100.0, "metadata.audio_properties.analysis.start_time": 0.0, "metadata.audio_properties.bit_rate": 116258.0, "metadata.audio_properties.length": 36.86399841308594, "metadata.audio_properties.lossless": 0.0, "metadata.audio_properties.number_channels": 1.0, "metadata.audio_properties.replay_gain": -12.39021110534668, "metadata.audio_properties.sample_rate": 48000.0, "rhythm.beats_count": 69.0, "rhythm.beats_loudness.mean": 0.03749736770987511, "rhythm.beats_loudness.stdev": 0.020360104739665985, "rhythm.bpm": 108.81158447265625, "rhythm.bpm_histogram_first_peak_bpm": 108.0, "rhythm.bpm_histogram_first_peak_weight": 0.6521739363670349, "rhythm.bpm_histogram_second_peak_bpm": 136.0, "rhythm.bpm_histogram_second_peak_spread": 0.3333333730697632, "rhythm.bpm_histogram_second_peak_weight": 0.1764705926179886, "rhythm.danceability": 1.15488862991333, "rhythm.onset_rate": 3.117807149887085, "tonal.chords_changes_rate": 0.0389937125146389, "tonal.chords_number_rate": 0.011320754885673523, "tonal.chords_strength.mean": 0.5009391903877258, "tonal.chords_strength.stdev": 0.09061519801616669, "tonal.hpcp_crest.mean": 19.815658569335938, "tonal.hpcp_crest.stdev": 8.923863410949707, "tonal.hpcp_entropy.mean": 1.3255748748779297, "tonal.hpcp_entropy.stdev": 0.740973949432373, "tonal.key_edma.strength": 0.763340175151825, "tonal.key_krumhansl.strength": 0.7715771198272705, "tonal.key_temperley.strength": 0.7786945700645447, "tonal.tuning_diatonic_strength": 0.6587766408920288, "tonal.tuning_equal_tempered_deviation": 0.07271340489387512, "tonal.tuning_frequency": 441.7826843261719, "tonal.tuning_nontempered_energy_ratio": 0.6886411905288696, "lowlevel.barkbands.mean": [3.2257037219096674e-06, 6.585349910892546e-05, 0.0014475038042291999, 0.0024366588331758976, 0.010169776156544685, 0.006107026245445013, 0.0031058762688189745, 0.000877514888998121, 0.0008312698337249458, 0.0003757645608857274, 0.0002463875862304121, 0.00019043873180635273, 0.0001328799407929182, 6.588863470824435e-05, 6.39877762296237e-05, 9.624988888390362e-05, 7.747708878014237e-05, 8.078130485955626e-05, 3.327316153445281e-05, 4.0407969208899885e-05, 4.491763684200123e-05, 0.0001352088584098965, 0.000134719317429699, 7.430528057739139e-05, 6.485302583314478e-05, 4.2632094846339896e-05, 9.231387707586691e-07], "lowlevel.barkbands.stdev": [5.233800038695335e-06, 0.00020368819241411984, 0.0020031847525388002, 0.003101938869804144, 0.009122965857386589, 0.008155344054102898, 0.0063588060438632965, 0.0019990410655736923, 0.0023361044004559517, 0.001251586596481502, 0.0005954178050160408, 0.0006573186838068068, 0.0004429274413269013, 0.00021012249635532498, 0.00026246727793477476, 0.00038023656816221774, 0.00026089721359312534, 0.0002103856240864843, 9.374536602990702e-05, 0.00010128130816156045, 9.715382475405931e-05, 0.00032090008608065546, 0.0003741677792277187, 0.0002497857785783708, 0.00017345637024845928, 0.00010674454097170383, 3.344084234413458e-06], "lowlevel.erbbands.mean": [0.0008160289144143462, 0.03830752521753311, 1.0482248067855835, 5.727456092834473, 22.422794342041016, 33.35099792480469, 46.110843658447266, 42.23279571533203, 56.220909118652344, 32.328102111816406, 21.340559005737305, 17.002811431884766, 19.59564208984375, 8.9600191116333, 8.510138511657715, 7.667494297027588, 6.029508113861084, 3.956484079360962, 3.390698194503784, 3.5457119941711426, 5.936894416809082, 4.356856346130371, 5.229395866394043, 1.5746718645095825, 2.361788511276245, 1.7527791261672974, 1.5481407642364502, 2.1917476654052734, 4.879395961761475, 5.12197208404541, 3.3582398891448975, 1.862235426902771, 1.0925527811050415, 0.7747323513031006, 0.42020684480667114, 0.23660823702812195, 0.06805837899446487, 0.007621250115334988, 0.00017568097973708063, 3.77278083760757e-05], "lowlevel.erbbands.stdev": [0.0011386319529265165, 0.07095540314912796, 1.3941013813018799, 6.294195175170898, 30.37788200378418, 36.81205368041992, 46.968387603759766, 75.42760467529297, 102.06468963623047, 85.2582778930664, 48.078651428222656, 47.690677642822266, 58.82693862915039, 20.70287322998047, 21.876432418823242, 23.563966751098633, 18.65563201904297, 11.191970825195312, 14.109743118286133, 14.1266508102417, 23.96177864074707, 13.0143461227417, 13.530622482299805, 3.0031847953796387, 7.753655910491943, 3.674375057220459, 3.3702850341796875, 4.715635299682617, 11.294858932495117, 13.562670707702637, 9.892701148986816, 5.962867736816406, 3.7321250438690186, 2.1200661659240723, 1.1442792415618896, 0.6140355467796326, 0.16887527704238892, 0.020303936675190926, 0.0004286183975636959, 2.5783025193959475e-05], "lowlevel.gfcc.mean": [-63.72323989868164, 101.57246398925781, -75.827880859375, 23.34296417236328, -93.89854431152344, -12.551018714904785, -62.79328155517578, -14.758069038391113, -35.87611389160156, -10.915637969970703, -23.42323875427246, -0.4911961853504181, -17.718847274780273], "lowlevel.melbands.mean": [1.046573197527323e-05, 0.000426884536864236, 0.0014732616255059838, 0.001987273106351495, 0.0015924823237583041, 0.0010374282719567418, 0.0008382698288187385, 0.0003012940869666636, 0.00016144273104146123, 0.00010980883962474763, 9.613981819711626e-05, 3.36034718202427e-05, 3.296650538686663e-05, 2.2439971871790476e-05, 1.676999090705067e-05, 1.086257634597132e-05, 6.508902060886612e-06, 5.549444722419139e-06, 3.99813734475174e-06, 5.588219210039824e-06, 6.8058348006161395e-06, 3.67370193998795e-06, 6.688125267828582e-06, 3.032850599993253e-06, 9.768194786374806e-07, 1.419497834831418e-06, 1.9449075807642657e-06, 9.525913924335327e-07, 8.900458396965405e-07, 1.0944648920485633e-06, 1.2624843748199055e-06, 2.658983930814429e-06, 2.9156740311009344e-06, 2.9411255582090234e-06, 2.040167373706936e-06, 1.4219082231647917e-06, 1.0423267440273776e-06, 7.705094731136342e-07, 7.207706289591442e-07, 6.261569751586649e-07], "lowlevel.melbands.stdev": [2.9634160455316305e-05, 0.0005508061149157584, 0.001560758799314499, 0.0020632303785532713, 0.001450970652513206, 0.0017299102619290352, 0.001470282324589789, 0.0007704736199229956, 0.00038117970689199865, 0.0003044706827495247, 0.00028987854602746665, 8.546943718101829e-05, 7.808618829585612e-05, 7.830010872567073e-05, 5.662921830662526e-05, 3.024895158887375e-05, 1.882405013020616e-05, 2.5089138944167644e-05, 1.8647455362952314e-05, 2.1449355699587613e-05, 2.9837043257430196e-05, 1.2270639672351535e-05, 1.973846519831568e-05, 7.705302778049372e-06, 1.9504882402543444e-06, 4.746606919070473e-06, 6.387925168382935e-06, 1.8530774923419813e-06, 2.030059476965107e-06, 2.478080432410934e-06, 2.842802132363431e-06, 6.273791314015398e-06, 7.596760042360984e-06, 7.978939720487688e-06, 6.163098532852018e-06, 4.3472346078488044e-06, 3.5438642953522503e-06, 2.818715529429028e-06, 2.1586099592241226e-06, 1.7120057691499824e-06], "lowlevel.melbands128.mean": [1.2826403690269217e-06, 1.5357992424469558e-06, 5.234031505096937e-06, 4.355345299700275e-05, 0.00025464483769610524, 0.0008820894872769713, 0.0010217389790341258, 0.0013498703483492136, 0.002719659823924303, 0.0017543871654197574, 0.0018669458804652095, 0.0018549493979662657, 0.001935791689902544, 0.0007601135293953121, 0.00051571597578004, 0.00168828503228724, 0.0012641502544283867, 0.0005371830775402486, 0.000483442738186568, 0.0004042231594212353, 0.00013730497448705137, 0.00020211904484312981, 0.00016306051111314446, 0.00013594483607448637, 8.781777432886884e-05, 9.744424460222945e-05, 0.00016981565568130463, 0.00010205691069131717, 2.718260839174036e-05, 3.395356543478556e-05, 2.231710277555976e-05, 6.18063859292306e-05, 3.080568421864882e-05, 1.7603171727387235e-05, 2.409975786576979e-05, 2.604623296065256e-05, 1.840458389779087e-05, 1.2569319551403169e-05, 2.1193947759456933e-05, 1.1525564332259819e-05, 6.323723482637433e-06, 1.3356656381802168e-05, 7.186675247794483e-06, 2.3545896965515567e-06, 4.559263288683724e-06, 8.737933058000635e-06, 3.357970854267478e-06, 2.256326524729957e-06, 5.491560386872152e-06, 5.037845767219551e-06, 3.1317579214373836e-06, 8.930502190196421e-06, 9.642250915931072e-06, 4.849255219596671e-06, 3.591540917113889e-06, 2.828930746545666e-06, 3.4207425869681174e-06, 8.776226422924083e-06, 6.983399089222075e-06, 4.710110715677729e-06, 3.195149247403606e-06, 1.490938871029357e-06, 1.035638547364215e-06, 8.606594406046497e-07, 7.485350010938419e-07, 1.4117694036031025e-06, 1.6253320609393995e-06, 2.3952229639689904e-06, 2.0746970221807715e-06, 1.3900632893637521e-06, 7.943964419609983e-07, 8.47859439545573e-07, 7.997381885616051e-07, 9.847126420936547e-07, 8.189420555027027e-07, 1.0914567383224494e-06, 1.283876031266118e-06, 1.0394441005701083e-06, 1.1431009170337347e-06, 1.4515097745970706e-06, 2.358023266424425e-06, 3.532617256496451e-06, 2.876690132325166e-06, 2.9821710541000357e-06, 2.6735237952379975e-06, 2.8320655474090017e-06, 3.3033140880434075e-06, 2.676676785995369e-06, 1.7643052387938951e-06, 1.786630264177802e-06, 1.6118864323289017e-06, 1.3316812328412198e-06, 1.096629830499296e-06, 1.0636397291818867e-06, 9.493154493611655e-07, 9.60566580943123e-07, 6.447313012358791e-07, 6.297926802290021e-07, 7.767513352519018e-07, 7.553726391051896e-07, 6.512848926831794e-07, 6.895148203511781e-07, 4.6517087071151764e-07, 4.533666526640445e-07, 4.4689448941426235e-07, 4.724009841083898e-07, 5.081312224319845e-07, 4.219171785280196e-07, 4.249288281243935e-07, 4.03662767212154e-07, 3.2741743893893727e-07, 2.591713723631983e-07, 1.9222484581860044e-07, 1.6083225773400045e-07, 1.1516090836494186e-07, 7.958747261227472e-08, 3.846914964356074e-08, 2.3968713680488918e-09, 4.83568393661038e-12, 4.126711559276908e-12, 4.008637172203677e-12, 3.910277917434923e-12, 3.831016667094067e-12, 3.754724829663214e-12, 3.676494005067088e-12, 3.579930622776839e-12, 3.5218624891419914e-12, 3.4979098610665726e-12], "lowlevel.melbands128.stdev": [2.0915088043693686e-06, 3.2060604553407757e-06, 1.2189752851554658e-05, 0.00014065687719266862, 0.00042913714423775673, 0.0012186345411464572, 0.0014219227014109492, 0.0018786076689139009, 0.00420366320759058, 0.0025426759384572506, 0.002738906303420663, 0.0017989036859944463, 0.0023627704940736294, 0.0010789291700348258, 0.0013754259562119842, 0.003652278333902359, 0.002658157842233777, 0.0017979798140004277, 0.0015917917480692267, 0.0013682361459359527, 0.00037863256875425577, 0.000620896986220032, 0.00046206582919694483, 0.0006305738934315741, 0.0004130962479393929, 0.00042114403913728893, 0.0005769244744442403, 0.0004367899091448635, 0.00011379539500921965, 0.000164642435265705, 6.31507282378152e-05, 0.0001746208727126941, 9.454324754187837e-05, 8.382349915336818e-05, 0.00015118176816031337, 0.0001095398620236665, 7.914988964330405e-05, 6.634859164478257e-05, 0.00011021031241398305, 4.150592576479539e-05, 3.056042260141112e-05, 5.880133539903909e-05, 2.5130389985861257e-05, 7.131573056540219e-06, 3.0162411349010654e-05, 4.4366333895595744e-05, 2.197067442466505e-05, 2.074195617751684e-05, 3.005957478308119e-05, 3.3018299291143194e-05, 2.1281866793287918e-05, 4.341781459515914e-05, 4.9244386900682e-05, 4.464312587515451e-05, 1.554961272631772e-05, 1.2140911167080048e-05, 1.3064667655271478e-05, 3.4158532798755914e-05, 2.5483968784101307e-05, 1.8802677004714496e-05, 9.222438166034408e-06, 4.34834555562702e-06, 2.308228431502357e-06, 2.1854689293832052e-06, 1.7337304143438814e-06, 5.51211996935308e-06, 7.282847036549356e-06, 9.8576701930142e-06, 8.461055585939903e-06, 3.3726810215739533e-06, 1.7362469861836871e-06, 2.0873658286291175e-06, 1.9822855392703786e-06, 2.5106207885983167e-06, 2.0924999262206256e-06, 2.8928679967066273e-06, 3.0559513106709346e-06, 2.3832908482290804e-06, 2.7884002520295326e-06, 3.76882053387817e-06, 6.099076927057467e-06, 9.833914191403892e-06, 6.931192274350906e-06, 8.91333729668986e-06, 8.415188858634792e-06, 8.309857548738364e-06, 9.515006240690127e-06, 8.002473805390764e-06, 5.779907951364294e-06, 6.4107225625775754e-06, 5.268419954518322e-06, 4.053229986311635e-06, 3.989601736975601e-06, 4.058269496454159e-06, 3.385171112313401e-06, 3.5203688639739994e-06, 2.6733248432719847e-06, 2.608825752759003e-06, 2.5341360014863312e-06, 2.258308768432471e-06, 1.8249347704113461e-06, 2.0022387161588995e-06, 1.4500618590318481e-06, 1.305186174249684e-06, 1.3836136076861294e-06, 1.353426227979071e-06, 1.5534543535977718e-06, 1.233462512573169e-06, 1.1532106327649672e-06, 1.1627943194980617e-06, 8.776910931374005e-07, 6.65684581235837e-07, 5.088659236207604e-07, 4.802008106707945e-07, 3.288431571490946e-07, 2.3354465383818024e-07, 1.3950165111964452e-07, 1.2841351093584308e-08, 2.5011510224048905e-11, 1.5133796993360704e-11, 1.4593286648545423e-11, 1.4195288174090326e-11, 1.3911132662469683e-11, 1.3601199159996025e-11, 1.3388973089945022e-11, 1.3249122285396986e-11, 1.3130038722941606e-11, 1.3050796554558985e-11], "lowlevel.mfcc.mean": [-720.1484985351562, 133.50784301757812, 47.931854248046875, 22.632070541381836, -12.227560997009277, -8.609354972839355, -27.054515838623047, -11.76318359375, -23.309675216674805, -22.76262664794922, -11.164061546325684, -15.237600326538086, -8.339722633361816], "lowlevel.spectral_contrast_coeffs.mean": [-0.5341798067092896, -0.6281043291091919, -0.750828742980957, -0.7978819012641907, -0.7991554141044617, -0.7588765025138855], "lowlevel.spectral_contrast_coeffs.stdev": [0.0771392285823822, 0.07331519573926926, 0.07967923581600189, 0.06579206138849258, 0.051028091460466385, 0.05444732680916786], "lowlevel.spectral_contrast_valleys.mean": [-7.304202079772949, -7.449654579162598, -8.565266609191895, -9.078008651733398, -8.836753845214844, -10.889115333557129], "lowlevel.spectral_contrast_valleys.stdev": [0.8184264302253723, 0.7672820687294006, 0.772857129573822, 0.6950404644012451, 0.7604443430900574, 1.0558992624282837], "rhythm.beats_loudness_band_ratio.mean": [0.303456574678421, 0.5945770740509033, 0.21456795930862427, 0.03309027850627899, 0.010829668492078781, 0.028781253844499588], "rhythm.beats_loudness_band_ratio.stdev": [0.1931193470954895, 0.1736588329076767, 0.16359491646289825, 0.05734684690833092, 0.018700217828154564, 0.08993565291166306], "tonal.hpcp.mean": [0.05008880794048309, 0.025698352605104446, 0.01876929961144924, 0.021590689197182655, 0.058453965932130814, 0.1806594729423523, 0.23487871885299683, 0.10483848303556442, 0.178696870803833, 0.24711987376213074, 0.08043479174375534, 0.00896056741476059, 0.01218771655112505, 0.02212096005678177, 0.22645562887191772, 0.35203254222869873, 0.1435505449771881, 0.006840690970420837, 0.008614664897322655, 0.0281919464468956, 0.07516702264547348, 0.07448560744524002, 0.02763391099870205, 0.011194486171007156, 0.014159295707941055, 0.02044004201889038, 0.03931836411356926, 0.07265867292881012, 0.16587969660758972, 0.3720245659351349, 0.3298463821411133, 0.08799897134304047, 0.013538967818021774, 0.01671474054455757, 0.059323739260435104, 0.08342785388231277], "tonal.hpcp.stdev": [0.169777050614357, 0.12598811089992523, 0.11492495983839035, 0.10375982522964478, 0.18675288558006287, 0.2823658585548401, 0.37810927629470825, 0.18816548585891724, 0.26434004306793213, 0.3707937002182007, 0.12905585765838623, 0.04588573798537254, 0.06916425377130508, 0.08253180235624313, 0.25243061780929565, 0.3921288549900055, 0.17766818404197693, 0.04369373247027397, 0.06519593298435211, 0.1159294992685318, 0.17705640196800232, 0.170870840549469, 0.10332062840461731, 0.06070628762245178, 0.09360862523317337, 0.1008480042219162, 0.13082937896251678, 0.18667778372764587, 0.2839736044406891, 0.37266045808792114, 0.3395039439201355, 0.16332030296325684, 0.08127951622009277, 0.08263373374938965, 0.20358815789222717, 0.2440946251153946], "rhythm.beats_position": [0.41795918345451355, 0.8591383099555969, 1.300317406654358, 1.7414965629577637, 2.1942856311798096, 2.6470746994018555, 3.0998640060424805, 3.5410430431365967, 3.9938321113586426, 4.435011386871338, 4.876190185546875, 5.305759429931641, 5.746938705444336, 6.176507949829102, 6.617686748504639, 7.058866024017334, 7.500045299530029, 7.941224575042725, 8.382403373718262, 8.916461944580078, 9.450521469116211, 9.984580039978027, 10.53024959564209, 11.087528228759766, 11.656416893005371, 12.236915588378906, 12.794195175170898, 13.363083839416504, 13.93197250366211, 14.477641105651855, 15.046530723571777, 15.615419387817383, 16.184309005737305, 16.741586685180664, 17.298866271972656, 17.856143951416016, 18.413423538208008, 18.99392318725586, 19.55120086669922, 20.10848045349121, 20.665760040283203, 21.199817657470703, 21.745487213134766, 22.291156768798828, 22.848434448242188, 23.40571403503418, 23.951383590698242, 24.497051239013672, 25.054330825805664, 25.611610412597656, 26.168888092041016, 26.726167678833008, 27.295055389404297, 27.85233497619629, 28.514102935791016, 29.175872802734375, 29.721542358398438, 30.255599975585938, 30.78965950012207, 31.323719024658203, 31.857776641845703, 32.3918342590332, 32.937503814697266, 33.48317337036133, 34.017234802246094, 34.551292419433594, 35.096961975097656, 35.64263153076172, 36.188297271728516], "rhythm.bpm_histogram": [0.0, 0.0, 0.0, 0.0, 0.0, 0.0, 0.0, 0.0, 0.0, 0.0, 0.0, 0.0, 0.0, 0.0, 0.0, 0.0, 0.0, 0.0, 0.0, 0.0, 0.0, 0.0, 0.0, 0.0, 0.0, 0.0, 0.0, 0.0, 0.0, 0.0, 0.0, 0.0, 0.0, 0.0, 0.0, 0.0, 0.0, 0.0, 0.0, 0.0, 0.0, 0.0, 0.0, 0.0, 0.0, 0.0, 0.0, 0.0, 0.0, 0.0, 0.0, 0.0, 0.0, 0.0, 0.0, 0.0, 0.0, 0.0, 0.0, 0.0, 0.0, 0.0, 0.0, 0.0, 0.0, 0.0, 0.0, 0.0, 0.0, 0.0, 0.0, 0.0, 0.0, 0.0, 0.0, 0.0, 0.0, 0.0, 0.0, 0.0, 0.0, 0.0, 0.0, 0.0, 0.0, 0.0, 0.0, 0.0, 0.0, 0.0, 0.0, 0.029411764815449715, 0.0, 0.0, 0.0, 0.0, 0.0, 0.0, 0.0, 0.0, 0.0, 0.0, 0.0, 0.029411764815449715, 0.0, 0.10294117778539658, 0.0, 0.0, 0.23529411852359772, 0.0, 0.1764705926179886, 0.0, 0.1617647111415863, 0.0, 0.0, 0.0, 0.0, 0.0, 0.0, 0.0, 0.0, 0.0, 0.0, 0.0, 0.0, 0.0, 0.0, 0.0, 0.0, 0.0, 0.0, 0.0, 0.0, 0.05882352963089943, 0.0, 0.0, 0.1764705926179886, 0.0, 0.0, 0.0, 0.029411764815449715, 0.0, 0.0, 0.0, 0.0, 0.0, 0.0, 0.0, 0.0, 0.0, 0.0, 0.0, 0.0, 0.0, 0.0, 0.0, 0.0, 0.0, 0.0, 0.0, 0.0, 0.0, 0.0, 0.0, 0.0, 0.0, 0.0, 0.0, 0.0, 0.0, 0.0, 0.0, 0.0, 0.0, 0.0, 0.0, 0.0, 0.0, 0.0, 0.0, 0.0, 0.0, 0.0, 0.0, 0.0, 0.0, 0.0, 0.0, 0.0, 0.0, 0.0, 0.0, 0.0, 0.0, 0.0, 0.0, 0.0, 0.0, 0.0, 0.0, 0.0, 0.0, 0.0, 0.0, 0.0, 0.0, 0.0, 0.0, 0.0, 0.0, 0.0, 0.0, 0.0, 0.0, 0.0, 0.0, 0.0, 0.0, 0.0, 0.0, 0.0, 0.0, 0.0, 0.0, 0.0, 0.0, 0.0, 0.0, 0.0, 0.0, 0.0, 0.0, 0.0, 0.0, 0.0, 0.0, 0.0, 0.0, 0.0, 0.0, 0.0, 0.0, 0.0, 0.0, 0.0, 0.0, 0.0, 0.0, 0.0, 0.0], "tonal.chords_histogram": [33.08176040649414, 24.150943756103516, 4.654088020324707, 0.0, 0.0, 0.0, 0.0, 0.0, 2.389937162399292, 0.0, 2.264150857925415, 0.0, 0.0, 0.0, 1.6352201700210571, 9.433961868286133, 0.0, 8.553459167480469, 0.0, 0.0, 0.0, 0.0, 13.836478233337402, 0.0], "tonal.thpcp": [1.0, 0.8866252899169922, 0.236540749669075, 0.03639267012476921, 0.044929131865501404, 0.1594618856906891, 0.2242536097764969, 0.1346384435892105, 0.0690770298242569, 0.05045177415013313, 0.058035653084516525, 0.15712393820285797, 0.4856116771697998, 0.6313527226448059, 0.28180527687072754, 0.4803362190723419, 0.6642568707466125, 0.21620827913284302, 0.024085955694317818, 0.03276051580905914, 0.059461019933223724, 0.6087114810943604, 0.9462615251541138, 0.3858630657196045, 0.01838774047791958, 0.023156171664595604, 0.07577979564666748, 0.20204854011535645, 0.20021690428256989, 0.0742798000574112, 0.03009071759879589, 0.038060110062360764, 0.054942719638347626, 0.10568755120038986, 0.19530612230300903, 0.44588372111320496], "lowlevel.gfcc.cov": [[4579.1025390625, -1601.4168701171875, -543.483642578125, -119.43450927734375, -333.39739990234375, 87.32173919677734, -67.38426971435547, 286.7420349121094, -135.0067596435547, 201.47743225097656, -333.7204284667969, 349.4541015625, -408.3713073730469], [-1601.4168701171875, 2203.575927734375, -517.7052612304688, -286.7865905761719, 402.0613098144531, -84.88794708251953, 214.2061004638672, -142.43792724609375, 155.52902221679688, -352.54302978515625, 322.99444580078125, -192.83517456054688, 159.7684783935547], [-543.483642578125, -517.7052612304688, 872.38720703125, 300.1382751464844, -49.629234313964844, 63.7164192199707, -62.93330383300781, -25.627227783203125, -50.61399459838867, 127.26991271972656, -20.420557022094727, 9.77397346496582, 44.775821685791016], [-119.43450927734375, -286.7865905761719, 300.1382751464844, 606.0187377929688, 147.22216796875, -123.8803939819336, -147.0334930419922, -0.7152568697929382, 92.20037078857422, 56.96699523925781, -10.889413833618164, -29.85321617126465, 126.08531951904297], [-333.39739990234375, 402.0613098144531, -49.629234313964844, 147.22216796875, 352.81878662109375, -59.60170364379883, -67.41059112548828, 14.750446319580078, 81.7908706665039, -30.366737365722656, 53.7100830078125, -57.39372253417969, 85.72975158691406], [87.32173919677734, -84.88794708251953, 63.7164192199707, -123.8803939819336, -59.60170364379883, 268.192138671875, 96.8443832397461, -2.7334935665130615, -64.30779266357422, 12.916516304016113, 14.938690185546875, -5.693758010864258, -62.37770462036133], [-67.38426971435547, 214.2061004638672, -62.93330383300781, -147.0334930419922, -67.41059112548828, 96.8443832397461, 196.17588806152344, -14.451875686645508, -68.03524017333984, -59.201416015625, 51.45609664916992, 8.11678695678711, -40.9062614440918], [286.7420349121094, -142.43792724609375, -25.627227783203125, -0.7152568697929382, 14.750446319580078, -2.7334935665130615, -14.451875686645508, 109.63419342041016, 14.472168922424316, 18.81645965576172, -35.10300064086914, 31.564926147460938, -25.313791275024414], [-135.0067596435547, 155.52902221679688, -50.61399459838867, 92.20037078857422, 81.7908706665039, -64.30779266357422, -68.03524017333984, 14.472168922424316, 143.84764099121094, 12.532781600952148, 5.648891448974609, -34.49599838256836, 36.52760314941406], [201.47743225097656, -352.54302978515625, 127.26991271972656, 56.96699523925781, -30.366737365722656, 12.916516304016113, -59.201416015625, 18.81645965576172, 12.532781600952148, 157.13052368164062, -41.56630325317383, 11.728048324584961, -37.68891525268555], [-333.7204284667969, 322.99444580078125, -20.420557022094727, -10.889413833618164, 53.7100830078125, 14.938690185546875, 51.45609664916992, -35.10300064086914, 5.648891448974609, -41.56630325317383, 123.85984802246094, -29.345661163330078, 34.8142204284668], [349.4541015625, -192.83517456054688, 9.77397346496582, -29.85321617126465, -57.39372253417969, -5.693758010864258, 8.11678695678711, 31.564926147460938, -34.49599838256836, 11.728048324584961, -29.345661163330078, 115.91735076904297, -27.457632064819336], [-408.3713073730469, 159.7684783935547, 44.775821685791016, 126.08531951904297, 85.72975158691406, -62.37770462036133, -40.9062614440918, -25.313791275024414, 36.52760314941406, -37.68891525268555, 34.8142204284668, -27.457632064819336, 131.9558563232422]], "lowlevel.gfcc.icov": [[0.0006750721950083971, 0.00015976076247170568, 0.0007506757974624634, -0.0005764352972619236, 0.00012401833373587579, -0.0003292932524345815, 0.00040768124745227396, -0.0005956402746960521, 0.00046679555089212954, -0.00013285400927998126, 0.00036123968311585486, -0.0012143529020249844, 0.0014525455189868808], [0.00015976076247170568, 0.003789418376982212, 4.4475800677901134e-05, 0.0025195139460265636, -0.003410094417631626, 0.0017160208662971854, -0.003502003848552704, 0.0027594096027314663, -0.004521993454545736, 0.004091551527380943, -0.0036654004361480474, 0.0015919990837574005, -0.00032710592495277524], [0.0007506757974624634, 4.4475800677901134e-05, 0.0027423191349953413, -0.001765235560014844, 0.0007147760479710996, -0.0012103607878088951, 0.0008742541540414095, -0.0005305000231601298, 0.0018272929592058063, -0.0015657233307138085, 0.00033160793827846646, -0.0015212994767352939, 0.0008011219906620681], [-0.0005764352972619236, 0.0025195139460265636, -0.001765235560014844, 0.005538193508982658, -0.003263483988121152, 0.002314580837264657, -0.0024806407745927572, 0.002469114027917385, -0.004621435422450304, 0.0024640660267323256, -0.002472915221005678, 0.0024316373746842146, -0.003466774709522724], [0.00012401833373587579, -0.003410094417631626, 0.0007147760479710996, -0.003263483988121152, 0.007682072464376688, -0.0019778187852352858, 0.004737044218927622, -0.004454165697097778, 0.003749887691810727, -0.0032028809655457735, 0.0014459012309089303, -0.0006467648781836033, -0.0003923374752048403], [-0.0003292932524345815, 0.0017160208662971854, -0.0012103607878088951, 0.002314580837264657, -0.0019778187852352858, 0.006660388316959143, -0.004114009905606508, 0.0012886275071650743, -0.0015041694277897477, 0.0012094056000933051, -0.0022135968320071697, 0.002803705632686615, 0.00043682698742486537], [0.00040768124745227396, -0.003502003848552704, 0.0008742541540414095, -0.0024806407745927572, 0.004737044218927622, -0.004114009905606508, 0.01408537570387125, -0.0036731366999447346, 0.007099770475178957, -0.0008360825595445931, -0.0005479438696056604, -0.002700208919122815, 0.0035934685729444027], [-0.0005956402746960521, 0.0027594096027314663, -0.0005305000231601298, 0.002469114027917385, -0.004454165697097778, 0.0012886275071650743, -0.0036731366999447346, 0.014838235452771187, -0.0059457095339894295, 0.0028977133333683014, -0.00018978897423949093, -0.0009271823801100254, 0.00017780646157916635], [0.00046679555089212954, -0.004521993454545736, 0.0018272929592058063, -0.004621435422450304, 0.003749887691810727, -0.0015041694277897477, 0.007099770475178957, -0.0059457095339894295, 0.017081066966056824, -0.00646427646279335, 0.0035108814481645823, -0.0005009853048250079, 0.0010233812499791384], [-0.00013285400927998126, 0.004091551527380943, -0.0015657233307138085, 0.0024640660267323256, -0.0032028809655457735, 0.0012094056000933051, -0.0008360825595445931, 0.0028977133333683014, -0.00646427646279335, 0.014838210307061672, -0.003793279640376568, 0.0020954078063368797, 0.003225306747481227], [0.00036123968311585486, -0.0036654004361480474, 0.00033160793827846646, -0.002472915221005678, 0.0014459012309089303, -0.0022135968320071697, -0.0005479438696056604, -0.00018978897423949093, 0.0035108814481645823, -0.003793279640376568, 0.01674790494143963, -0.0017769619589671493, -0.001229455810971558], [-0.0012143529020249844, 0.0015919990837574005, -0.0015212994767352939, 0.0024316373746842146, -0.0006467648781836033, 0.002803705632686615, -0.002700208919122815, -0.0009271823801100254, -0.0005009853048250079, 0.0020954078063368797, -0.0017769619589671493, 0.01453919243067503, -0.002530967351049185], [0.0014525455189868808, -0.00032710592495277524, 0.0008011219906620681, -0.003466774709522724, -0.0003923374752048403, 0.00043682698742486537, 0.0035934685729444027, 0.00017780646157916635, 0.0010233812499791384, 0.003225306747481227, -0.001229455810971558, -0.002530967351049185, 0.01755543239414692]], "lowlevel.mfcc.cov": [[4736.72314453125, -1251.140869140625, -607.675048828125, -269.5909423828125, -378.4378967285156, -119.13111114501953, -205.86181640625, 239.32962036132812, -20.549854278564453, -6.282070159912109, 184.6506805419922, -8.793783187866211, 7.1717987060546875], [-1251.140869140625, 1991.3499755859375, -595.2271118164062, -233.12118530273438, -5.770009517669678, -4.518795967102051, 160.22499084472656, 204.16175842285156, -96.21219635009766, -90.45195770263672, 105.0356216430664, -4.618504524230957, -6.6409478187561035], [-607.675048828125, -595.2271118164062, 831.9401245117188, 128.34202575683594, 36.56117248535156, 101.47517395019531, 70.91992950439453, -121.43570709228516, 35.74626922607422, 16.06409454345703, -75.92752075195312, 27.533931732177734, 29.240812301635742], [-269.5909423828125, -233.12118530273438, 128.34202575683594, 597.2294311523438, 304.73114013671875, -56.013729095458984, -103.72838592529297, -122.10923767089844, 113.15003204345703, -13.6050386428833, -125.50849914550781, 29.079824447631836, 133.08843994140625], [-378.4378967285156, -5.770009517669678, 36.56117248535156, 304.73114013671875, 461.40106201171875, -3.0368645191192627, -56.642066955566406, -100.50733947753906, 95.12405395507812, 63.69179916381836, -107.1179428100586, 64.06356811523438, 83.422119140625], [-119.13111114501953, -4.518795967102051, 101.47517395019531, -56.013729095458984, -3.0368645191192627, 162.09732055664062, 76.25384521484375, -8.09459400177002, -23.807159423828125, 25.23592758178711, 9.929682731628418, 23.442699432373047, -18.346477508544922], [-205.86181640625, 160.22499084472656, 70.91992950439453, -103.72838592529297, -56.642066955566406, 76.25384521484375, 237.3583526611328, 59.61400604248047, -50.683868408203125, -2.459207773208618, 12.814598083496094, -3.8547070026397705, -14.286111831665039], [239.32962036132812, 204.16175842285156, -121.43570709228516, -122.10923767089844, -100.50733947753906, -8.09459400177002, 59.61400604248047, 206.03082275390625, -24.173494338989258, -30.453685760498047, 32.04220962524414, -11.8453369140625, -8.748441696166992], [-20.549854278564453, -96.21219635009766, 35.74626922607422, 113.15003204345703, 95.12405395507812, -23.807159423828125, -50.683868408203125, -24.173494338989258, 110.36675262451172, 13.19754695892334, -30.95015525817871, 3.0457911491394043, 43.974266052246094], [-6.282070159912109, -90.45195770263672, 16.06409454345703, -13.6050386428833, 63.69179916381836, 25.23592758178711, -2.459207773208618, -30.453685760498047, 13.19754695892334, 139.35205078125, 2.2617831230163574, 17.655067443847656, -31.669803619384766], [184.6506805419922, 105.0356216430664, -75.92752075195312, -125.50849914550781, -107.1179428100586, 9.929682731628418, 12.814598083496094, 32.04220962524414, -30.95015525817871, 2.2617831230163574, 142.1450958251953, -4.520427703857422, -26.523040771484375], [-8.793783187866211, -4.618504524230957, 27.533931732177734, 29.079824447631836, 64.06356811523438, 23.442699432373047, -3.8547070026397705, -11.8453369140625, 3.0457911491394043, 17.655067443847656, -4.520427703857422, 95.0041732788086, 31.0782527923584], [7.1717987060546875, -6.6409478187561035, 29.240812301635742, 133.08843994140625, 83.422119140625, -18.346477508544922, -14.286111831665039, -8.748441696166992, 43.974266052246094, -31.669803619384766, -26.523040771484375, 31.0782527923584, 145.72674560546875]], "lowlevel.mfcc.icov": [[0.0005789563874714077, 0.0007149805314838886, 0.0007595873321406543, 0.00016262356075458229, 0.00011351878492860124, -4.997147334506735e-05, 0.00011503963469294831, -0.0007282361038960516, 0.00011752006685128435, 0.0001434335281373933, -0.0005575036047957838, -0.00023998158576432616, -0.0004551418824121356], [0.0007149805314838886, 0.0017061089165508747, 0.001473591080866754, 0.00040481166797690094, -0.00038519504596479237, -9.006159962154925e-05, -0.00044394549331627786, -0.001182655105367303, 0.00043500674655660987, 0.0008101041312329471, -0.0010644112480804324, -0.00029992058989591897, -0.000613155250903219], [0.0007595873321406543, 0.001473591080866754, 0.003000251716002822, 1.428765244781971e-05, 0.00043265303247608244, -0.0009548187372274697, -0.0009069984080269933, -0.0001351434038951993, -0.00041443679947406054, 0.0005522568826563656, -0.00020595971727743745, -0.0007151407189667225, -0.0006900997250340879], [0.00016262356075458229, 0.00040481166797690094, 1.428765244781971e-05, 0.003718277672305703, -0.0016694065416231751, 0.0006145990919321775, 0.00045769260032102466, 0.0005870999884791672, -0.000720563402865082, 0.0010188375599682331, 0.0008144095772877336, 0.00041172682540491223, -0.0017758030444383621], [0.00011351878492860124, -0.00038519504596479237, 0.00043265303247608244, -0.0016694065416231751, 0.005084233824163675, -0.0004644427099265158, 1.56058777065482e-05, 0.0009718419169075787, -0.00188453181181103, -0.0022176012862473726, 0.0019836302381008863, -0.0020482277031987906, -0.0006098459707573056], [-4.997147334506735e-05, -9.006159962154925e-05, -0.0009548187372274697, 0.0006145990919321775, -0.0004644427099265158, 0.008667918853461742, -0.0023269853554666042, 0.0006985265645198524, 0.0006524586351588368, -0.0007802139152772725, -0.0005057855742052197, -0.0018973241094499826, 0.0007457236642949283], [0.00011503963469294831, -0.00044394549331627786, -0.0009069984080269933, 0.00045769260032102466, 1.56058777065482e-05, -0.0023269853554666042, 0.006689509842544794, -0.001852308982051909, 0.002141393953934312, -0.0005670160753652453, 0.0004208299797028303, 0.0010810549138113856, -0.0009425599710084498], [-0.0007282361038960516, -0.001182655105367303, -0.0001351434038951993, 0.0005870999884791672, 0.0009718419169075787, 0.0006985265645198524, -0.001852308982051909, 0.007933203130960464, -0.0013122307136654854, 0.0005465845461003482, 0.0010360393207520247, -0.00020444746769499034, 4.607901064446196e-05], [0.00011752006685128435, 0.00043500674655660987, -0.00041443679947406054, -0.000720563402865082, -0.00188453181181103, 0.0006524586351588368, 0.002141393953934312, -0.0013122307136654854, 0.014102878049015999, -0.0015477340202778578, -9.521042375126854e-05, 0.002230402547866106, -0.003037637798115611], [0.0001434335281373933, 0.0008101041312329471, 0.0005522568826563656, 0.0010188375599682331, -0.0022176012862473726, -0.0007802139152772725, -0.0005670160753652453, 0.0005465845461003482, -0.0015477340202778578, 0.010016885586082935, -0.0012883540475741029, -0.0014968212926760316, 0.002865720773115754], [-0.0005575036047957838, -0.0010644112480804324, -0.00020595971727743745, 0.0008144095772877336, 0.0019836302381008863, -0.0005057855742052197, 0.0004208299797028303, 0.0010360393207520247, -9.521042375126854e-05, -0.0012883540475741029, 0.010384493507444859, -0.0006061496678739786, -5.124266317579895e-05], [-0.00023998158576432616, -0.00029992058989591897, -0.0007151407189667225, 0.00041172682540491223, -0.0020482277031987906, -0.0018973241094499826, 0.0010810549138113856, -0.00020444746769499034, 0.002230402547866106, -0.0014968212926760316, -0.0006061496678739786, 0.013672970235347748, -0.003231630427762866], [-0.0004551418824121356, -0.000613155250903219, -0.0006900997250340879, -0.0017758030444383621, -0.0006098459707573056, 0.0007457236642949283, -0.0009425599710084498, 4.607901064446196e-05, -0.003037637798115611, 0.002865720773115754, -5.124266317579895e-05, -0.003231630427762866, 0.011189524084329605]], "metadata.audio_properties.analysis.downmix": "mix", "metadata.audio_properties.codec": "mp3", "metadata.audio_properties.md5_encoded": "0c4f511b8c5bc5105536d06e1c8ebfe1", "metadata.tags.file_name": "1182275920766173226.mp3", "metadata.version.essentia": "2.1-beta6-dev", "metadata.version.essentia_git_sha": "v2.1_beta5-1110-g77a6a954", "metadata.version.extractor": "music 2.0", "tonal.chords_key": "G", "tonal.chords_scale": "major", "tonal.key_edma.key": "C", "tonal.key_edma.scale": "minor", "tonal.key_krumhansl.key": "G", "tonal.key_krumhansl.sca