{"song_id": "1182287065308737566", "download": "https://cdn.discordapp.com/attachments/1135911532732108921/1182287065308737566/chirp.mp4?ex=658425a2&amp", "lyrics": "Aujourd'hui on est l\u00e0 pour f\u00eater ton anniversaire \nAlison 30 \u00e7a se f\u00eate.\nBouteille de champagne \u00e0 la main, Lisa et Chlo\u00e9 sont l\u00e0 sur cette journ\u00e9e pour t'accompagner, la journ\u00e9e ne fait que commencer. \nJoyeux anniversaire alison !! \nSexe alcool est drogue aujourd'hui c'est la f\u00eate.<br>C'est pour toi, c'est ta surprise, une journ\u00e9e entre fille pour s'amuser et f\u00eatez \u00e7a. \nJoyeux anniversaire Alison. \nimmortalisons cette journ\u00e9e pour toujours s'en rappeler. \nGros dossier en fin de soir\u00e9e pour en rigoler. \nce soir tu vas boire et danser en soir\u00e9e \u00e7a va t'emmener. Sur le dance floor Alison Lisa et Chlo\u00e9 pour s'ambiancer.", "style": ["Pop"], "essentia_features": {"lowlevel.average_loudness": 0.8949698209762573, "lowlevel.barkbands_crest.mean": 18.968318939208984, "lowlevel.barkbands_crest.stdev": 3.807145357131958, "lowlevel.barkbands_flatness_db.mean": 0.38073644042015076, "lowlevel.barkbands_flatness_db.stdev": 0.10017313063144684, "lowlevel.barkbands_kurtosis.mean": 35.635379791259766, "lowlevel.barkbands_kurtosis.stdev": 35.95314407348633, "lowlevel.barkbands_skewness.mean": 2.9905970096588135, "lowlevel.barkbands_skewness.stdev": 2.886336088180542, "lowlevel.barkbands_spread.mean": 3.7136452198028564, "lowlevel.barkbands_spread.stdev": 6.661843299865723, "lowlevel.dissonance.mean": 0.37138694524765015, "lowlevel.dissonance.stdev": 0.0864582508802414, "lowlevel.dynamic_complexity": 3.0744099617004395, "lowlevel.erbbands_crest.mean": 20.422189712524414, "lowlevel.erbbands_crest.stdev": 5.735409736633301, "lowlevel.erbbands_flatness_db.mean": 0.31164097785949707, "lowlevel.erbbands_flatness_db.stdev": 0.09101425856351852, "lowlevel.erbbands_kurtosis.mean": 12.2383451461792, "lowlevel.erbbands_kurtosis.stdev": 15.619678497314453, "lowlevel.erbbands_skewness.mean": 2.5873281955718994, "lowlevel.erbbands_skewness.stdev": 1.8073807954788208, "lowlevel.erbbands_spread.mean": 22.371044158935547, "lowlevel.erbbands_spread.stdev": 24.78961944580078, "lowlevel.hfc.mean": 7.043106555938721, "lowlevel.hfc.stdev": 5.281264305114746, "lowlevel.loudness_ebu128.integrated": -22.70979118347168, "lowlevel.loudness_ebu128.loudness_range": 4.078729629516602, "lowlevel.loudness_ebu128.momentary.mean": -24.50191307067871, "lowlevel.loudness_ebu128.momentary.stdev": 6.2383317947387695, "lowlevel.loudness_ebu128.short_term.mean": -23.157529830932617, "lowlevel.loudness_ebu128.short_term.stdev": 1.5828381776809692, "lowlevel.melbands_crest.mean": 19.225910186767578, "lowlevel.melbands_crest.stdev": 3.481924533843994, "lowlevel.melbands_flatness_db.mean": 0.4742817282676697, "lowlevel.melbands_flatness_db.stdev": 0.1368376612663269, "lowlevel.melbands_kurtosis.mean": 60.67423629760742, "lowlevel.melbands_kurtosis.stdev": 56.243080139160156, "lowlevel.melbands_skewness.mean": 4.504026412963867, "lowlevel.melbands_skewness.stdev": 3.07890248298645, "lowlevel.melbands_spread.mean": 4.167011737823486, "lowlevel.melbands_spread.stdev": 13.59023380279541, "lowlevel.pitch_salience.mean": 0.3473011255264282, "lowlevel.pitch_salience.stdev": 0.14505796134471893, "lowlevel.silence_rate_20dB.mean": 1.0, "lowlevel.silence_rate_20dB.stdev": 0.0, "lowlevel.silence_rate_30dB.mean": 0.9895591735839844, "lowlevel.silence_rate_30dB.stdev": 0.1016453206539154, "lowlevel.silence_rate_60dB.mean": 0.07482598721981049, "lowlevel.silence_rate_60dB.stdev": 0.26311227679252625, "lowlevel.spectral_centroid.mean": 425.5505676269531, "lowlevel.spectral_centroid.stdev": 1034.694091796875, "lowlevel.spectral_complexity.mean": 5.864269256591797, "lowlevel.spectral_complexity.stdev": 3.1446516513824463, "lowlevel.spectral_decrease.mean": -7.749683561542042e-09, "lowlevel.spectral_decrease.stdev": 5.612476705607605e-09, "lowlevel.spectral_energy.mean": 0.029887918382883072, "lowlevel.spectral_energy.stdev": 0.021588783711194992, "lowlevel.spectral_energyband_high.mean": 9.423448500456288e-05, "lowlevel.spectral_energyband_high.stdev": 0.00033009215258061886, "lowlevel.spectral_energyband_low.mean": 0.0027844535652548075, "lowlevel.spectral_energyband_low.stdev": 0.004118795972317457, "lowlevel.spectral_energyband_middle_high.mean": 0.0004230386402923614, "lowlevel.spectral_energyband_middle_high.stdev": 0.0006665943074040115, "lowlevel.spectral_energyband_middle_low.mean": 0.027055758982896805, "lowlevel.spectral_energyband_middle_low.stdev": 0.019800011068582535, "lowlevel.spectral_entropy.mean": 5.5041351318359375, "lowlevel.spectral_entropy.stdev": 1.084222435951233, "lowlevel.spectral_flux.mean": 0.02713017724454403, "lowlevel.spectral_flux.stdev": 0.02347269468009472, "lowlevel.spectral_kurtosis.mean": 64.99217987060547, "lowlevel.spectral_kurtosis.stdev": 104.43000030517578, "lowlevel.spectral_rms.mean": 0.005015761125832796, "lowlevel.spectral_rms.stdev": 0.0020002678502351046, "lowlevel.spectral_rolloff.mean": 470.2503662109375, "lowlevel.spectral_rolloff.stdev": 1882.1126708984375, "lowlevel.spectral_skewness.mean": 4.874447345733643, "lowlevel.spectral_skewness.stdev": 4.264895439147949, "lowlevel.spectral_spread.mean": 2867156.75, "lowlevel.spectral_spread.stdev": 3936085.5, "lowlevel.spectral_strongpeak.mean": 1.1795649528503418, "lowlevel.spectral_strongpeak.stdev": 0.5533084869384766, "lowlevel.zerocrossingrate.mean": 0.019558722153306007, "lowlevel.zerocrossingrate.stdev": 0.052650876343250275, "metadata.audio_properties.analysis.equal_loudness": 0.0, "metadata.audio_properties.analysis.length": 39.999977111816406, "metadata.audio_properties.analysis.sample_rate": 44100.0, "metadata.audio_properties.analysis.start_time": 0.0, "metadata.audio_properties.bit_rate": 102321.0, "metadata.audio_properties.length": 40.0, "metadata.audio_properties.lossless": 0.0, "metadata.audio_properties.number_channels": 1.0, "metadata.audio_properties.replay_gain": -4.378049850463867, "metadata.audio_properties.sample_rate": 48000.0, "rhythm.beats_count": 79.0, "rhythm.beats_loudness.mean": 0.04280296340584755, "rhythm.beats_loudness.stdev": 0.03022138774394989, "rhythm.bpm": 120.09677124023438, "rhythm.bpm_histogram_first_peak_bpm": 120.0, "rhythm.bpm_histogram_first_peak_weight": 0.4305555820465088, "rhythm.bpm_histogram_second_peak_bpm": 115.0, "rhythm.bpm_histogram_second_peak_spread": 0.0, "rhythm.bpm_histogram_second_peak_weight": 0.07692307978868484, "rhythm.danceability": 1.090066909790039, "rhythm.onset_rate": 3.298384428024292, "tonal.chords_changes_rate": 0.009269988164305687, "tonal.chords_number_rate": 0.0023174970410764217, "tonal.chords_strength.mean": 0.47932639718055725, "tonal.chords_strength.stdev": 0.07422371208667755, "tonal.hpcp_crest.mean": 19.79850959777832, "tonal.hpcp_crest.stdev": 7.189436912536621, "tonal.hpcp_entropy.mean": 1.2628618478775024, "tonal.hpcp_entropy.stdev": 0.5768106579780579, "tonal.key_edma.strength": 0.6186357140541077, "tonal.key_krumhansl.strength": 0.6063241362571716, "tonal.key_temperley.strength": 0.5792447328567505, "tonal.tuning_diatonic_strength": 0.5331645607948303, "tonal.tuning_equal_tempered_deviation": 0.055809468030929565, "tonal.tuning_frequency": 439.2381896972656, "tonal.tuning_nontempered_energy_ratio": 0.6262674331665039, "lowlevel.barkbands.mean": [7.171106699388474e-05, 0.0011845907429233193, 0.0010767843341454864, 0.003966829273849726, 0.022014733403921127, 0.0005938452668488026, 0.00032228612690232694, 9.547913214191794e-05, 2.872286677302327e-05, 0.00011448705481598154, 1.7127757018897682e-05, 7.190158066805452e-05, 2.6344221623730846e-05, 4.5209028030512854e-05, 5.545924068428576e-05, 3.099359673797153e-05, 1.3035963092988823e-05, 5.836130185343791e-06, 2.985594437632244e-05, 4.361707760835998e-05, 4.334917321102694e-05, 1.1011096830770839e-05, 9.831110219238326e-06, 7.484728030249244e-06, 7.406069016724359e-06, 9.235260556295088e-09, 3.7544096720409925e-09], "lowlevel.barkbands.stdev": [8.683284977450967e-05, 0.0014142101863399148, 0.002096090465784073, 0.0034431484527885914, 0.016380038112401962, 0.0008945976151153445, 0.0009592815767973661, 0.00029998895479366183, 9.483737085247412e-05, 0.00017027290596161038, 4.568764052237384e-05, 0.00017898398800753057, 0.00011826021363958716, 0.00015440933930221945, 0.00016140055959112942, 0.00010178703087149188, 3.5852750443154946e-05, 1.5384803191409446e-05, 0.00012921866436954588, 0.0002349752321606502, 0.00018337639630772173, 3.673502214951441e-05, 4.087268825969659e-05, 2.9238470233394764e-05, 2.4887738618417643e-05, 1.0255528337665965e-07, 1.2421487838309986e-07], "lowlevel.erbbands.mean": [0.03975098580121994, 0.24850031733512878, 1.231027603149414, 7.361447811126709, 92.24894714355469, 32.55897521972656, 5.631566524505615, 4.469137191772461, 7.0420002937316895, 1.9737496376037598, 2.200584650039673, 0.8263519406318665, 2.119749069213867, 3.1611251831054688, 1.1071138381958008, 3.433300495147705, 1.3000133037567139, 2.387409210205078, 1.6882754564285278, 3.7770602703094482, 1.4247181415557861, 0.6506755948066711, 0.3708334267139435, 0.5007270574569702, 2.38411283493042, 2.156903028488159, 1.602659821510315, 1.492972731590271, 0.4870058596134186, 0.24677643179893494, 0.29021120071411133, 0.22115083038806915, 0.10030487179756165, 0.10923537611961365, 0.037866126745939255, 0.0015679039061069489, 6.232404848560691e-05, 7.148696113290498e-06, 1.483892719988944e-05, 3.3051182981580496e-05], "lowlevel.erbbands.stdev": [0.03638076037168503, 0.3947455585002899, 2.239908456802368, 7.180890083312988, 68.84029388427734, 26.5743465423584, 10.760080337524414, 7.465723514556885, 16.914377212524414, 6.719208240509033, 5.797776222229004, 2.1767663955688477, 3.300358772277832, 5.25131893157959, 2.802461862564087, 7.980341911315918, 4.594616413116455, 8.192669868469238, 4.93039608001709, 11.171342849731445, 3.8114373683929443, 1.8450524806976318, 0.9104979634284973, 1.822951078414917, 11.200203895568848, 11.026993751525879, 6.72105598449707, 6.504637718200684, 1.6353987455368042, 0.9258337020874023, 1.2196108102798462, 0.9348207116127014, 0.359432578086853, 0.38310134410858154, 0.12826743721961975, 0.00568253081291914, 0.0002225440985057503, 6.533179839607328e-05, 2.066803426714614e-05, 2.3634473109268583e-05], "lowlevel.gfcc.mean": [-183.67042541503906, 184.7995147705078, -74.41926574707031, 29.300748825073242, -37.569580078125, -2.589273691177368, -33.24492263793945, -25.7918643951416, -28.519601821899414, -19.463586807250977, -13.107844352722168, -23.388975143432617, 12.004315376281738], "lowlevel.melbands.mean": [0.0003172720316797495, 0.0005081085837446153, 0.003902437863871455, 0.005106255877763033, 0.00019782497838605195, 0.00011024597188225016, 9.829879127210006e-05, 1.8422904759063385e-05, 1.5965491911629215e-05, 4.601271029969212e-06, 1.0781454875541385e-05, 1.3575338925875258e-05, 2.7987775865767617e-06, 7.77825425757328e-06, 5.3578160077449866e-06, 2.733772134888568e-06, 4.740314579976257e-06, 2.6190427888650447e-06, 3.7978504678903846e-06, 4.363450898381416e-06, 1.2213321269882726e-06, 7.383182492048945e-07, 4.2293635260648443e-07, 2.4250678620774124e-07, 3.092794145231892e-07, 1.4291272236732766e-06, 1.9726110167539446e-06, 1.2258308288437547e-06, 8.353166549568414e-07, 1.2381808573991293e-06, 7.180540251283674e-07, 2.8220193826200557e-07, 1.5838261901990336e-07, 1.2250593783846853e-07, 1.516420837788246e-07, 1.9235881154600065e-07, 1.1381928999298907e-07, 6.641541716589927e-08, 6.863462687078936e-08, 1.033488388202386e-07], "lowlevel.melbands.stdev": [0.0003041965246666223, 0.0009264779509976506, 0.0029333303682506084, 0.0038044587709009647, 0.0004230113700032234, 0.00017592687800060958, 0.00023520748072769493, 6.744571146555245e-05, 4.064906170242466e-05, 1.2996537407161668e-05, 1.6753116142353974e-05, 2.3054968551150523e-05, 7.722621376160532e-06, 1.9163479009876028e-05, 1.4026180906512309e-05, 1.2827376849600114e-05, 1.6661413610563613e-05, 8.657774742459878e-06, 1.121039440477034e-05, 1.3128902537573595e-05, 3.5350799407751765e-06, 2.257929736515507e-06, 1.0735433306763298e-06, 6.501581424345204e-07, 1.2393091992635163e-06, 6.222092906682519e-06, 1.1743750292225741e-05, 6.02949103267747e-06, 3.7577556213364005e-06, 5.180379957892001e-06, 3.349258804519195e-06, 1.0131986982742092e-06, 5.318922262631531e-07, 5.392391244640748e-07, 6.521569844153419e-07, 8.592100471105368e-07, 4.784031943927403e-07, 2.4873256165847124e-07, 2.327534076584925e-07, 3.839500664071238e-07], "lowlevel.melbands128.mean": [6.741586548741907e-05, 0.00036513141822069883, 0.00031031720573082566, 0.00043323030695319176, 0.0005979667766951025, 0.0004951612208969891, 0.00044979562517255545, 0.0028665827121585608, 0.012972277589142323, 0.0055517652072012424, 0.0004366812645457685, 0.0002608342911116779, 0.0001732145028654486, 6.0931943153264e-05, 4.687133332481608e-05, 0.00018818485841620713, 0.00018039665883406997, 6.183492951095104e-05, 2.5644631023169495e-05, 1.82177154783858e-05, 1.2973863704246469e-05, 2.205259988841135e-05, 2.075170232274104e-05, 4.120416633668356e-06, 3.676577307487605e-06, 4.006863946415251e-06, 7.316090432141209e-06, 1.4123253095021937e-05, 6.563259375980124e-06, 2.5257319066440687e-05, 1.0474672308191657e-05, 2.5373926746397046e-06, 3.0270975912571885e-06, 2.3970001166162547e-06, 2.7606331514107296e-06, 1.1919121789105702e-05, 1.3209983990236651e-05, 3.3940507364604855e-06, 2.132871486537624e-06, 2.017717406488373e-06, 2.7409300855651964e-06, 4.189163973933319e-06, 4.492909283726476e-06, 6.238087735255249e-06, 2.440816842863569e-06, 2.166383410440176e-06, 2.417055611658725e-06, 1.2382431577862008e-06, 5.853673428646289e-06, 7.934420864330605e-06, 3.43471788255556e-06, 1.947060127349687e-06, 1.116173734772019e-06, 9.470102781961032e-07, 1.2818187542507076e-06, 5.848760338267311e-07, 4.84162285374623e-07, 3.975096376507281e-07, 5.168730012883316e-07, 2.774613108158519e-07, 1.9925046501612087e-07, 1.6518859524694562e-07, 3.9599575529791764e-07, 2.872130551168084e-07, 2.7971037752649863e-07, 1.0892456430156017e-06, 2.910447392423521e-06, 1.272925260309421e-06, 2.04609455067839e-06, 2.435726401017746e-06, 1.1704717053362401e-06, 6.228306119737681e-07, 7.721576480435033e-07, 8.324250302393921e-07, 8.374807407562912e-07, 1.6805759059934644e-06, 1.096168830372335e-06, 9.744563840285991e-07, 7.91599177318858e-07, 2.511433763174864e-07, 4.3700904939214524e-07, 1.9171696408193384e-07, 1.7390328821420553e-07, 1.706960404135316e-07, 1.329019312379387e-07, 1.2078622546596307e-07, 1.2198921695016907e-07, 1.1781132513988268e-07, 1.3668538656474993e-07, 1.8006464586051152e-07, 2.3391567083308473e-07, 1.782853331633305e-07, 1.645378659986818e-07, 1.0838011377245493e-07, 8.946320662062135e-08, 7.438342919385832e-08, 5.7577032919198246e-08, 6.297346999417641e-08, 5.840682959501464e-08, 7.422080017249755e-08, 1.025220583983355e-07, 1.326841356785735e-07, 6.175137201580583e-08, 8.530673767381813e-08, 4.34025011486483e-08, 1.4315049590152285e-08, 3.641992485370338e-09, 4.787258367500158e-10, 2.8762985049279877e-11, 1.9080636376456184e-11, 1.632275391239002e-11, 1.5559135577158933e-11, 1.5384259838269188e-11, 1.503449795214884e-11, 1.4271145029609578e-11, 1.416672074788794e-11, 1.4785856566890132e-11, 1.7730893142609006e-11, 2.1235910599437524e-11, 1.8222525918765164e-11, 1.672129448793136e-11, 1.5457685478836858e-11, 1.4498793658723752e-11, 1.43602256821862e-11, 1.4635570533272357e-11, 1.5116026486072798e-11, 1.540924506049368e-11, 1.5241164233459337e-11], "lowlevel.melbands128.stdev": [7.032851135591045e-05, 0.00034834470716305077, 0.0003007913182955235, 0.0008391702431254089, 0.0012633133446797729, 0.001053264015354216, 0.0013453501742333174, 0.002319752937182784, 0.00970405898988247, 0.004150762222707272, 0.000935253978241235, 0.000700584554579109, 0.00045467543532140553, 0.00013456304441206157, 0.00013441425107885152, 0.0003307331062387675, 0.00035953233600594103, 0.00033257403993047774, 0.0001284659083466977, 8.924118446884677e-05, 7.966558041516691e-05, 9.216757462127134e-05, 4.2717168980743736e-05, 2.1031675714766607e-05, 1.7637788914726116e-05, 1.450153831683565e-05, 1.7908396330312826e-05, 2.5613218895159662e-05, 1.4304981959867291e-05, 4.5235319703351706e-05, 1.849305408541113e-05, 6.006184776197188e-06, 9.922227945935447e-06, 1.0370201380283106e-05, 1.7286103684455156e-05, 2.9632165023940615e-05, 3.141462366329506e-05, 1.988931035157293e-05, 1.015064844978042e-05, 1.006181446427945e-05, 2.0813386072404683e-05, 1.8556758732302114e-05, 1.9031012925552204e-05, 2.490085353201721e-05, 1.2046620213368442e-05, 8.66849677549908e-06, 1.0278185072820634e-05, 6.589528311451431e-06, 1.93338291865075e-05, 2.667296394065488e-05, 1.7134119843831286e-05, 6.003074304317124e-06, 4.157035618845839e-06, 3.1628721899323864e-06, 4.030192030768376e-06, 2.9120287763362285e-06, 1.8234738945466233e-06, 1.1678770306389197e-06, 1.7991445702136843e-06, 7.841855449441937e-07, 7.223089824037743e-07, 5.562022238336795e-07, 1.5290667079170817e-06, 1.3164182064429042e-06, 1.8437618791722343e-06, 5.292836704029469e-06, 1.243237784365192e-05, 8.904721653379966e-06, 1.556686584081035e-05, 1.481763320043683e-05, 5.501936811924679e-06, 3.178173528795014e-06, 3.625869794632308e-06, 4.184774297755212e-06, 3.970468696934404e-06, 7.4679501267382875e-06, 4.6865611693647224e-06, 5.949440037511522e-06, 3.801666252911673e-06, 9.984800044549047e-07, 1.8845647673515487e-06, 7.061810265440727e-07, 6.566771162397345e-07, 6.066031801310601e-07, 5.520789159163542e-07, 5.15665647071728e-07, 7.027122137515107e-07, 5.818615136377048e-07, 6.002643999636348e-07, 8.368787689505552e-07, 1.138477500717272e-06, 8.114042771012464e-07, 8.203506354220735e-07, 4.631283729850111e-07, 3.8453489992207324e-07, 2.812438140153972e-07, 2.3597317522217054e-07, 2.523241278140631e-07, 2.2010090106050484e-07, 2.7679959657689324e-07, 3.4907819213003677e-07, 5.896309289710189e-07, 2.1090286850267148e-07, 2.876662392736762e-07, 2.017063991388568e-07, 5.987215700997695e-08, 1.722526654646117e-08, 2.9475359930586364e-09, 5.569592564924619e-10, 5.057346208481306e-10, 4.615717530409569e-10, 4.5181147712014536e-10, 4.660831165459456e-10, 4.624383931339793e-10, 4.3546172223685176e-10, 4.3888390144353195e-10, 4.663340269495109e-10, 5.86057646856375e-10, 7.209872143754126e-10, 6.10258010791398e-10, 5.550387927044653e-10, 5.07597186505393e-10, 4.718533896941324e-10, 4.684922449982309e-10, 4.858328739310025e-10, 5.16735265687629e-10, 5.344518161365386e-10, 5.292735694162332e-10], "lowlevel.mfcc.mean": [-828.8203125, 198.14266967773438, 33.38786315917969, 36.7109260559082, 14.811323165893555, 16.596891403198242, 5.745686054229736, -12.362496376037598, -0.5507065057754517, -6.267976760864258, -21.557289123535156, -16.509063720703125, -4.774749279022217], "lowlevel.spectral_contrast_coeffs.mean": [-0.5559247732162476, -0.6986380815505981, -0.747403085231781, -0.7897334694862366, -0.8116124272346497, -0.7975510358810425], "lowlevel.spectral_contrast_coeffs.stdev": [0.09844998270273209, 0.07599446177482605, 0.0750313550233841, 0.05629630386829376, 0.05678072199225426, 0.07565181702375412], "lowlevel.spectral_contrast_valleys.mean": [-7.310012340545654, -8.611665725708008, -9.337217330932617, -9.860189437866211, -10.340555191040039, -13.045588493347168], "lowlevel.spectral_contrast_valleys.stdev": [2.0878689289093018, 2.007556915283203, 2.008629322052002, 2.1822214126586914, 2.414212703704834, 2.3190860748291016], "rhythm.beats_loudness_band_ratio.mean": [0.7988126873970032, 0.6200697422027588, 0.03887438401579857, 0.011513511650264263, 0.006093147676438093, 0.004984610248357058], "rhythm.beats_loudness_band_ratio.stdev": [0.10319306701421738, 0.10109607130289078, 0.07082176208496094, 0.014328891411423683, 0.008806508965790272, 0.013438212685286999], "tonal.hpcp.mean": [0.00915093906223774, 0.008403494022786617, 0.005530640482902527, 0.005951254162937403, 0.007714748848229647, 0.014745216816663742, 0.01997249759733677, 0.01228141039609909, 0.005190322175621986, 0.006125112064182758, 0.005635264795273542, 0.00570234190672636, 0.006866114679723978, 0.012095334939658642, 0.034672729671001434, 0.07515528798103333, 0.0559007003903389, 0.008199147880077362, 0.0022217808291316032, 0.0012475310359150171, 0.0007001172634772956, 0.0011235005222260952, 0.0015393364010378718, 0.0024774426128715277, 0.0027822842821478844, 0.0019884957000613213, 0.0018233009614050388, 0.002113234018906951, 0.0061874352395534515, 0.4585264325141907, 0.9652157425880432, 0.526333212852478, 0.01658325083553791, 0.0030959746800363064, 0.002767194528132677, 0.004889550153166056], "tonal.hpcp.stdev": [0.05641256645321846, 0.05845482274889946, 0.04645894095301628, 0.04425683245062828, 0.048241835087537766, 0.06304065883159637, 0.06304944306612015, 0.05035851523280144, 0.026952585205435753, 0.030531100928783417, 0.03404337912797928, 0.05314723774790764, 0.05082876607775688, 0.06699959933757782, 0.10630416125059128, 0.19165454804897308, 0.1614716351032257, 0.03801584988832474, 0.020086616277694702, 0.009645706973969936, 0.0032456759363412857, 0.006856312043964863, 0.010603489354252815, 0.02904674969613552, 0.03617783635854721, 0.015195378102362156, 0.010043064132332802, 0.01114113349467516, 0.04471578449010849, 0.13078360259532928, 0.1529134213924408, 0.1391589641571045, 0.06233959645032883, 0.01571275107562542, 0.022255508229136467, 0.02667992375791073], "rhythm.beats_position": [0.5108389854431152, 1.0332880020141602, 1.5557368993759155, 2.078185796737671, 2.600634813308716, 3.111473798751831, 3.633922815322876, 4.14476203918457, 4.667210578918457, 5.178049564361572, 5.6888885498046875, 6.199728012084961, 6.710566997528076, 7.221405982971191, 7.709024906158447, 8.219863891601562, 8.707483291625977, 9.206711769104004, 9.705941200256348, 10.193559646606445, 10.704399108886719, 11.203627586364746, 11.70285701751709, 12.213695526123047, 12.72453498840332, 13.223763465881348, 13.722992897033691, 14.222222328186035, 14.721450805664062, 15.232290267944336, 15.743128776550293, 16.24235725402832, 16.741586685180664, 17.252426147460938, 17.76326560974121, 18.250883102416992, 18.738502502441406, 19.22612190246582, 19.725351333618164, 20.224580764770508, 20.73541831970215, 21.234647750854492, 21.733877182006836, 22.23310661315918, 22.732336044311523, 23.231563568115234, 23.730792999267578, 24.218412399291992, 24.717641830444336, 25.216869354248047, 25.70448875427246, 26.203718185424805, 26.70294761657715, 27.202177047729492, 27.701404571533203, 28.200634002685547, 28.71147346496582, 29.210702896118164, 29.698322296142578, 30.19754981994629, 30.696779251098633, 31.196008682250977, 31.69523811340332, 32.19446563720703, 32.693695068359375, 33.18131637573242, 33.6805419921875, 34.179771423339844, 34.67900085449219, 35.166622161865234, 35.654239654541016, 36.1418571472168, 36.64108657836914, 37.140316009521484, 37.63954544067383, 38.12716293334961, 38.62639236450195, 39.1256217956543, 39.62485122680664], "rhythm.bpm_histogram": [0.0, 0.0, 0.0, 0.0, 0.0, 0.0, 0.0, 0.0, 0.0, 0.0, 0.0, 0.0, 0.0, 0.0, 0.0, 0.0, 0.0, 0.0, 0.0, 0.0, 0.0, 0.0, 0.0, 0.0, 0.0, 0.0, 0.0, 0.0, 0.0, 0.0, 0.0, 0.0, 0.0, 0.0, 0.0, 0.0, 0.0, 0.0, 0.0, 0.0, 0.0, 0.0, 0.0, 0.0, 0.0, 0.0, 0.0, 0.0, 0.0, 0.0, 0.0, 0.0, 0.0, 0.0, 0.0, 0.0, 0.0, 0.0, 0.0, 0.0, 0.0, 0.0, 0.0, 0.0, 0.0, 0.0, 0.0, 0.0, 0.0, 0.0, 0.0, 0.0, 0.0, 0.0, 0.0, 0.0, 0.0, 0.0, 0.0, 0.0, 0.0, 0.0, 0.0, 0.0, 0.0, 0.0, 0.0, 0.0, 0.0, 0.0, 0.0, 0.0, 0.0, 0.0, 0.0, 0.0, 0.0, 0.0, 0.0, 0.0, 0.0, 0.0, 0.0, 0.0, 0.0, 0.0, 0.0, 0.0, 0.0, 0.0, 0.0, 0.0, 0.0, 0.0, 0.0, 0.07692307978868484, 0.0, 0.21794871985912323, 0.0, 0.0, 0.5256410241127014, 0.0, 0.0, 0.1794871836900711, 0.0, 0.0, 0.0, 0.0, 0.0, 0.0, 0.0, 0.0, 0.0, 0.0, 0.0, 0.0, 0.0, 0.0, 0.0, 0.0, 0.0, 0.0, 0.0, 0.0, 0.0, 0.0, 0.0, 0.0, 0.0, 0.0, 0.0, 0.0, 0.0, 0.0, 0.0, 0.0, 0.0, 0.0, 0.0, 0.0, 0.0, 0.0, 0.0, 0.0, 0.0, 0.0, 0.0, 0.0, 0.0, 0.0, 0.0, 0.0, 0.0, 0.0, 0.0, 0.0, 0.0, 0.0, 0.0, 0.0, 0.0, 0.0, 0.0, 0.0, 0.0, 0.0, 0.0, 0.0, 0.0, 0.0, 0.0, 0.0, 0.0, 0.0, 0.0, 0.0, 0.0, 0.0, 0.0, 0.0, 0.0, 0.0, 0.0, 0.0, 0.0, 0.0, 0.0, 0.0, 0.0, 0.0, 0.0, 0.0, 0.0, 0.0, 0.0, 0.0, 0.0, 0.0, 0.0, 0.0, 0.0, 0.0, 0.0, 0.0, 0.0, 0.0, 0.0, 0.0, 0.0, 0.0, 0.0, 0.0, 0.0, 0.0, 0.0, 0.0, 0.0, 0.0, 0.0, 0.0, 0.0, 0.0, 0.0, 0.0, 0.0, 0.0, 0.0, 0.0, 0.0, 0.0], "tonal.chords_histogram": [0.0, 0.0, 6.0254926681518555, 0.0, 0.0, 0.0, 0.0, 0.0, 0.0, 93.9745101928711, 0.0, 0.0, 0.0, 0.0, 0.0, 0.0, 0.0, 0.0, 0.0, 0.0, 0.0, 0.0, 0.0, 0.0], "tonal.thpcp": [1.0, 0.545301079750061, 0.017180874943733215, 0.003207546891644597, 0.002866918221116066, 0.005065758712589741, 0.009480718523263931, 0.00870633777230978, 0.005729952827095985, 0.0061657242476940155, 0.007992771454155445, 0.01527660246938467, 0.020692262798547745, 0.012724005617201328, 0.005377369932830334, 0.006345847621560097, 0.005838347598910332, 0.005907841958105564, 0.007113554514944553, 0.012531224638223648, 0.03592225909233093, 0.07786372303962708, 0.05791524052619934, 0.008494626730680466, 0.0023018489591777325, 0.0012924893526360393, 0.0007253479561768472, 0.0011639890726655722, 0.0015948107466101646, 0.002566724317148328, 0.002882551634684205, 0.0020601567812263966, 0.0018890086794272065, 0.0021893903613090515, 0.006410416681319475, 0.4750507175922394], "lowlevel.gfcc.cov": [[22414.828125, -2299.10107421875, -3529.463623046875, 3666.2841796875, -1902.296142578125, 620.1531372070312, -1373.4779052734375, -379.388427734375, -1020.4390869140625, -466.9013977050781, -323.92523193359375, -667.730712890625, 611.3231201171875], [-2299.10107421875, 3421.9482421875, 919.5306396484375, -1781.50146484375, 1155.445556640625, -603.23486328125, 547.913818359375, -167.58721923828125, 364.2744140625, -38.352569580078125, 104.968505859375, 175.97642517089844, -135.224853515625], [-3529.463623046875, 919.5306396484375, 1505.49169921875, -948.8181762695312, 222.0150604248047, 77.16553497314453, 81.9754409790039, 161.39724731445312, 250.43795776367188, 141.31956481933594, 85.2603988647461, 82.16112518310547, -133.21395874023438], [3666.2841796875, -1781.50146484375, -948.8181762695312, 1552.0679931640625, -543.1320190429688, 211.8468017578125, -280.47650146484375, -45.307437896728516, -271.4158935546875, -53.65734100341797, -85.74557495117188, -97.74873352050781, 186.47320556640625], [-1902.296142578125, 1155.445556640625, 222.0150604248047, -543.1320190429688, 884.5222778320312, -392.08807373046875, 273.1351318359375, -118.7337646484375, 93.85296630859375, -71.32556915283203, -8.206140518188477, 135.1214141845703, -8.289596557617188], [620.1531372070312, -603.23486328125, 77.16553497314453, 211.8468017578125, -392.08807373046875, 408.3944396972656, -169.51998901367188, 113.03974151611328, 4.07348108291626, 86.25730895996094, 25.437074661254883, -66.95645904541016, -0.6012442111968994], [-1373.4779052734375, 547.913818359375, 81.9754409790039, -280.47650146484375, 273.1351318359375, -169.51998901367188, 370.7755432128906, -47.47650909423828, 46.59284591674805, 14.663317680358887, 27.396944046020508, 90.46441650390625, -58.809967041015625], [-379.388427734375, -167.58721923828125, 161.39724731445312, -45.307437896728516, -118.7337646484375, 113.03974151611328, -47.47650909423828, 201.25704956054688, 45.880943298339844, 70.40709686279297, 41.195682525634766, 2.292100191116333, -36.388145446777344], [-1020.4390869140625, 364.2744140625, 250.43795776367188, -271.4158935546875, 93.85296630859375, 4.07348108291626, 46.59284591674805, 45.880943298339844, 216.855224609375, 84.79256439208984, 30.21573257446289, 38.212745666503906, -38.31315612792969], [-466.9013977050781, -38.352569580078125, 141.31956481933594, -53.65734100341797, -71.32556915283203, 86.25730895996094, 14.663317680358887, 70.40709686279297, 84.79256439208984, 187.46868896484375, 54.83515930175781, 5.95460319519043, -45.188446044921875], [-323.92523193359375, 104.968505859375, 85.2603988647461, -85.74557495117188, -8.206140518188477, 25.437074661254883, 27.396944046020508, 41.195682525634766, 30.21573257446289, 54.83515930175781, 113.14615631103516, 23.32382583618164, -54.153892517089844], [-667.730712890625, 175.97642517089844, 82.16112518310547, -97.74873352050781, 135.1214141845703, -66.95645904541016, 90.46441650390625, 2.292100191116333, 38.212745666503906, 5.95460319519043, 23.32382583618164, 123.64982604980469, -2.783013343811035], [611.3231201171875, -135.224853515625, -133.21395874023438, 186.47320556640625, -8.289596557617188, -0.6012442111968994, -58.809967041015625, -36.388145446777344, -38.31315612792969, -45.188446044921875, -54.153892517089844, -2.783013343811035, 118.36910247802734]], "lowlevel.gfcc.icov": [[0.0008925326401367784, -0.002904571359977126, 0.0013699649134650826, -0.0028580063953995705, 0.0016866219229996204, -0.0015280477236956358, 0.002835361985489726, -0.0006675310432910919, 0.0028828089125454426, -0.0004933880409225821, 0.002131095388904214, -0.00019196986977476627, 0.0011454925406724215], [-0.002904571359977126, 0.010882634669542313, -0.004540922120213509, 0.010489942505955696, -0.006041338201612234, 0.005623336881399155, -0.009789148345589638, 0.003003033110871911, -0.010366913862526417, 0.0020751506090164185, -0.008339855819940567, 0.00145692378282547, -0.00488213961943984], [0.0013699649134650826, -0.004540922120213509, 0.0034706757869571447, -0.003655943088233471, 0.0024129319936037064, -0.003046642290428281, 0.004664975684136152, -0.0015122260665521026, 0.004272535443305969, -0.0011283166240900755, 0.0035647256299853325, -0.0009012541850097477, 0.0019707386381924152], [-0.0028580063953995705, 0.010489942505955696, -0.003655943088233471, 0.011872687377035618, -0.005385349038988352, 0.00499986857175827, -0.009162220172584057, 0.002886914648115635, -0.009037486277520657, 0.0013525593094527721, -0.007803437765687704, 0.0007577864453196526, -0.00605160603299737], [0.0016866219229996204, -0.006041338201612234, 0.0024129319936037064, -0.005385349038988352, 0.006162745412439108, -0.001336501445621252, 0.004983749706298113, -0.0009986144723370671, 0.005288295913487673, -0.0007098577334545553, 0.004495028406381607, -0.001651595812290907, 0.0016393618425354362], [-0.0015280477236956358, 0.005623336881399155, -0.003046642290428281, 0.00499986857175827, -0.001336501445621252, 0.00839005783200264, -0.004423250909894705, 0.0005371351726353168, -0.005790967959910631, 0.00010898854088736698, -0.0049498784355819225, 0.0015996209112927318, -0.0031327442266047], [0.002835361985489726, -0.009789148345589638, 0.004664975684136152, -0.009162220172584057, 0.004983749706298113, -0.004423250909894705, 0.013884760439395905, -0.0016174452612176538, 0.009895323775708675, -0.00274872500449419, 0.0076385438442230225, -0.003297150833532214, 0.006155674811452627], [-0.0006675310432910919, 0.003003033110871911, -0.0015122260665521026, 0.002886914648115635, -0.0009986144723370671, 0.0005371351726353168, -0.0016174452612176538, 0.008253607898950577, -0.003166759852319956, -0.00038200346170924604, -0.003191932337358594, -0.0005879073869436979, -0.0003501420433167368], [0.0028828089125454426, -0.010366913862526417, 0.004272535443305969, -0.009037486277520657, 0.005288295913487673, -0.005790967959910631, 0.009895323775708675, -0.003166759852319956, 0.01768217794597149, -0.005043574143201113, 0.00850321538746357, -0.0024876887910068035, 0.0042273965664207935], [-0.0004933880409225821, 0.0020751506090164185, -0.0011283166240900755, 0.0013525593094527721, -0.0007098577334545553, 0.00010898854088736698, -0.00274872500449419, -0.00038200346170924604, -0.005043574143201113, 0.009252174757421017, -0.004032474011182785, 0.0009292472386732697, 6.255199696170166e-05], [0.002131095388904214, -0.008339855819940567, 0.0035647256299853325, -0.007803437765687704, 0.004495028406381607, -0.0049498784355819225, 0.0076385438442230225, -0.003191932337358594, 0.00850321538746357, -0.004032474011182785, 0.01968817040324211, -0.004226703196763992, 0.00899568758904934], [-0.00019196986977476627, 0.00145692378282547, -0.0009012541850097477, 0.0007577864453196526, -0.001651595812290907, 0.0015996209112927318, -0.003297150833532214, -0.0005879073869436979, -0.0024876887910068035, 0.0009292472386732697, -0.004226703196763992, 0.012710393406450748, -0.003563981270417571], [0.0011454925406724215, -0.00488213961943984, 0.0019707386381924152, -0.00605160603299737, 0.0016393618425354362, -0.0031327442266047, 0.006155674811452627, -0.0003501420433167368, 0.0042273965664207935, 6.255199696170166e-05, 0.00899568758904934, -0.003563981270417571, 0.017179686576128006]], "lowlevel.mfcc.cov": [[12985.3291015625, -3900.09814453125, -1488.43359375, 1015.9249267578125, -49.1362419128418, 288.14996337890625, -38.687137603759766, -542.9409790039062, -70.82466888427734, -388.79327392578125, -667.8650512695312, -208.38397216796875, -347.5411682128906], [-3900.09814453125, 4232.76806640625, 262.4909973144531, -314.087158203125, 339.81011962890625, -12.651933670043945, 36.665225982666016, 212.3571014404297, 48.81572723388672, 43.74796676635742, 83.77422332763672, -13.8694429397583, 282.1648254394531], [-1488.43359375, 262.4909973144531, 1246.4918212890625, -405.3916931152344, -33.36863708496094, -27.682401657104492, -37.936614990234375, 42.98312759399414, 1.8990299701690674, 155.76699829101562, 241.69644165039062, 254.6586151123047, -46.30936050415039], [1015.9249267578125, -314.087158203125, -405.3916931152344, 543.597412109375, 24.63001251220703, 93.85547637939453, 52.95073699951172, -2.703939199447632, 20.484943389892578, -49.99614715576172, -93.60765075683594, -164.8556365966797, 39.0759162902832], [-49.1362419128418, 339.81011962890625, -33.36863708496094, 24.63001251220703, 345.4060363769531, 39.806396484375, -29.43284797668457, 3.423685312271118, 15.487441062927246, -5.811734676361084, -69.78370666503906, -29.450063705444336, 24.424448013305664], [288.14996337890625, -12.651933670043945, -27.682401657104492, 93.85547637939453, 39.806396484375, 199.1596221923828, 21.968645095825195, -24.34467124938965, 24.95326042175293, -18.14103126525879, -14.839981079101562, -30.82666778564453, -1.5172505378723145], [-38.687137603759766, 36.665225982666016, -37.936614990234375, 52.95073699951172, -29.43284797668457, 21.968645095825195, 158.30372619628906, 42.57198715209961, -30.835308074951172, 10.364602088928223, 18.549400329589844, -24.256248474121094, 13.2977294921875], [-542.9409790039062, 212.3571014404297, 42.98312759399414, -2.703939199447632, 3.423685312271118, -24.34467124938965, 42.57198715209961, 156.12461853027344, 5.565695285797119, 4.27840518951416, 48.58845520019531, -18.94478988647461, 56.78242111206055], [-70.82466888427734, 48.81572723388672, 1.8990299701690674, 20.484943389892578, 15.487441062927246, 24.95326042175293, -30.835308074951172, 5.565695285797119, 131.80929565429688, 4.5145063400268555, -11.599889755249023, 14.591303825378418, 6.34138822555542], [-388.79327392578125, 43.74796676635742, 155.76699829101562, -49.99614715576172, -5.811734676361084, -18.14103126525879, 10.364602088928223, 4.27840518951416, 4.5145063400268555, 157.58079528808594, 106.16670227050781, 50.779502868652344, 4.793154716491699], [-667.8650512695312, 83.77422332763672, 241.69644165039062, -93.60765075683594, -69.78370666503906, -14.839981079101562, 18.549400329589844, 48.58845520019531, -11.599889755249023, 106.16670227050781, 272.35406494140625, 140.3296356201172, -1.3903284072875977], [-208.38397216796875, -13.8694429397583, 254.6586151123047, -164.8556365966797, -29.450063705444336, -30.82666778564453, -24.256248474121094, -18.94478988647461, 14.591303825378418, 50.779502868652344, 140.3296356201172, 224.68104553222656, -14.59472942352295], [-347.5411682128906, 282.1648254394531, -46.30936050415039, 39.0759162902832, 24.424448013305664, -1.5172505378723145, 13.2977294921875, 56.78242111206055, 6.34138822555542, 4.793154716491699, -1.3903284072875977, -14.59472942352295, 133.27455139160156]], "lowlevel.mfcc.icov": [[0.00016371806850656867, 9.860905265668407e-05, 0.00010259227565256879, -0.0002069428883260116, -1.9034820070373826e-05, -0.00013439622125588357, 3.889156687364448e-06, 0.00016147119458764791, 0.0001558155781822279, 7.007602835074067e-05, 0.0003168910334352404, -0.0003276690549682826, 0.0002047439629677683], [9.860905265668407e-05, 0.0004103508254047483, 1.677056025073398e-05, 0.00021329244191292673, -0.00036760096554644406, -5.7891335018211976e-05, -0.00017483306874055415, 0.0001109746954170987, -0.00013183857663534582, 0.0002105771709466353, -0.00011587797780521214, 0.00018209232075605541, -0.0006140448385849595], [0.00010259227565256879, 1.677056025073398e-05, 0.001439961139112711, 0.0004924645181745291, 6.106281216489151e-05, -0.0005865826969966292, 0.0003352777275722474, -0.0006752632325515151, 0.0002984116435982287, -0.0008564396994188428, 0.00016045337542891502, -0.0011472373735159636, 0.0007170052267611027], [-0.0002069428883260116, 0.00021329244191292673, 0.0004924645181745291, 0.003635213477537036, -0.0003297459043096751, -0.0006987872766330838, -0.0008262888877652586, 0.00036183116026222706, -0.001117098145186901, 0.00021060126891825348, -0.0012994357384741306, 0.002464942866936326, -0.0016032287385314703], [-1.9034820070373826e-05, -0.00036760096554644406, 6.106281216489151e-05, -0.0003297459043096751, 0.0037064654752612114, -0.0009405118762515485, 0.0010606563882902265, -0.0008572352235205472, 0.00046123028732836246, -0.0010551128070801497, 0.0017203696770593524, -0.0007949054706841707, 0.0003628653648775071], [-0.00013439622125588357, -5.7891335018211976e-05, -0.0005865826969966292, -0.0006987872766330838, -0.0009405118762515485, 0.006584875285625458, -0.001574464957229793, 0.0021988432854413986, -0.0018869810737669468, 0.001507470034994185, -0.001711159711703658, 0.0016335502732545137, -0.00056263996521011], [3.889156687364448e-06, -0.00017483306874055415, 0.0003352777275722474, -0.0008262888877652586, 0.0010606563882902265, -0.001574464957229793, 0.008300150744616985, -0.0030264209490269423, 0.0025673757772892714, -0.0014808002160862088, 0.0006478959694504738, -0.0006104946951381862, 0.0008590176003053784], [0.00016147119458764791, 0.0001109746954170987, -0.0006752632325515151, 0.00036183116026222706, -0.0008572352235205472, 0.0021988432854413986, -0.0030264209490269423, 0.011420108377933502, -0.002177047310397029, 0.002968982793390751, -0.0040426068007946014, 0.0037372340448200703, -0.004172216635197401], [0.0001558155781822279, -0.00013183857663534582, 0.0002984116435982287, -0.001117098145186901, 0.00046123028732836246, -0.0018869810737669468, 0.0025673757772892714, -0.002177047310397029, 0.009432856924831867, -0.0016096120234578848, 0.002524525625631213, -0.002886854112148285, 0.0010012986604124308], [7.007602835074067e-05, 0.0002105771709466353, -0.0008564396994188428, 0.00021060126891825348, -0.0010551128070801497, 0.001507470034994185, -0.0014808002160862088, 0.002968982793390751, -0.0016096120234578848, 0.010180404409766197, -0.0047746384516358376, 0.002041175728663802, -0.0016449333634227514], [0.0003168910334352404, -0.00011587797780521214, 0.00016045337542891502, -0.0012994357384741306, 0.0017203696770593524, -0.001711159711703658, 0.0006478959694504738, -0.0040426068007946014, 0.002524525625631213, -0.0047746384516358376, 0.01022436935454607, -0.006451140157878399, 0.0022832101676613092], [-0.0003276690549682826, 0.00018209232075605541, -0.0011472373735159636, 0.002464942866936326, -0.0007949054706841707, 0.0016335502732545137, -0.0006104946951381862, 0.0037372340448200703, -0.002886854112148285, 0.002041175728663802, -0.006451140157878399, 0.011228983290493488, -0.0025020972825586796], [0.0002047439629677683, -0.0006140448385849595, 0.0007170052267611027, -0.0016032287385314703, 0.0003628653648775071, -0.00056263996521011, 0.0008590176003053784, -0.004172216635197401, 0.0010012986604124308, -0.0016449333634227514, 0.0022832101676613092, -0.0025020