{"song_id": "1182271551056379965", "download": "https://cdn.discordapp.com/attachments/1128313332273782784/1182271551056379965/chirp.mp4?ex=6584172f&amp", "lyrics": "[Verse 1]\nIvan ist der Mann, der reich ist, was f\u00fcr ein Gl\u00fcck\nMit seiner Couch f\u00fcr 10 tausend Euro, das ist f\u00fcr ihn ein St\u00fcck\nEin Haus mit Pool, ein Mercedes E-Klasse V8\nEr lebt ein Leben in Luxus, er hat auf sich acht\n\n[Chorus]\nIvan, der reiche Mann, er hat alles, was er will\nMit seiner Couch, seinem Haus und dem teuren Autospiel\nEr sagt oft \"bljad\" und trinkt Jacky-Dosen ohne Ende\nIvan, der reiche Mann, lebt das Leben in Vollst\u00e4nde", "style": ["rock</span><span>, female vocal</span><span>, piano"], "essentia_features": {"lowlevel.average_loudness": 0.9079546332359314, "lowlevel.barkbands_crest.mean": 13.073704719543457, "lowlevel.barkbands_crest.stdev": 5.655538558959961, "lowlevel.barkbands_flatness_db.mean": 0.2297498881816864, "lowlevel.barkbands_flatness_db.stdev": 0.09432931989431381, "lowlevel.barkbands_kurtosis.mean": 18.59473991394043, "lowlevel.barkbands_kurtosis.stdev": 33.34107208251953, "lowlevel.barkbands_skewness.mean": 2.8222310543060303, "lowlevel.barkbands_skewness.stdev": 2.4711835384368896, "lowlevel.barkbands_spread.mean": 16.185426712036133, "lowlevel.barkbands_spread.stdev": 17.979082107543945, "lowlevel.dissonance.mean": 0.4432409405708313, "lowlevel.dissonance.stdev": 0.042609114199876785, "lowlevel.dynamic_complexity": 3.1805343627929688, "lowlevel.erbbands_crest.mean": 11.340603828430176, "lowlevel.erbbands_crest.stdev": 5.291070938110352, "lowlevel.erbbands_flatness_db.mean": 0.19237563014030457, "lowlevel.erbbands_flatness_db.stdev": 0.07899748533964157, "lowlevel.erbbands_kurtosis.mean": 2.0840563774108887, "lowlevel.erbbands_kurtosis.stdev": 5.339972972869873, "lowlevel.erbbands_skewness.mean": 0.5169517993927002, "lowlevel.erbbands_skewness.stdev": 1.3015996217727661, "lowlevel.erbbands_spread.mean": 38.70379638671875, "lowlevel.erbbands_spread.stdev": 26.580881118774414, "lowlevel.hfc.mean": 17.514659881591797, "lowlevel.hfc.stdev": 13.822531700134277, "lowlevel.loudness_ebu128.integrated": -15.437952041625977, "lowlevel.loudness_ebu128.loudness_range": 3.9062461853027344, "lowlevel.loudness_ebu128.momentary.mean": -16.24051856994629, "lowlevel.loudness_ebu128.momentary.stdev": 3.0716822147369385, "lowlevel.loudness_ebu128.short_term.mean": -15.805898666381836, "lowlevel.loudness_ebu128.short_term.stdev": 1.6298550367355347, "lowlevel.melbands_crest.mean": 17.77851676940918, "lowlevel.melbands_crest.stdev": 7.361070156097412, "lowlevel.melbands_flatness_db.mean": 0.29994162917137146, "lowlevel.melbands_flatness_db.stdev": 0.11970093846321106, "lowlevel.melbands_kurtosis.mean": 37.73051071166992, "lowlevel.melbands_kurtosis.stdev": 56.243125915527344, "lowlevel.melbands_skewness.mean": 4.057061195373535, "lowlevel.melbands_skewness.stdev": 2.790581703186035, "lowlevel.melbands_spread.mean": 18.66562271118164, "lowlevel.melbands_spread.stdev": 31.597900390625, "lowlevel.pitch_salience.mean": 0.5347242951393127, "lowlevel.pitch_salience.stdev": 0.1648457795381546, "lowlevel.silence_rate_20dB.mean": 1.0, "lowlevel.silence_rate_20dB.stdev": 0.0, "lowlevel.silence_rate_30dB.mean": 0.8425760269165039, "lowlevel.silence_rate_30dB.stdev": 0.36419981718063354, "lowlevel.silence_rate_60dB.mean": 0.10286225378513336, "lowlevel.silence_rate_60dB.stdev": 0.30378010869026184, "lowlevel.spectral_centroid.mean": 929.5529174804688, "lowlevel.spectral_centroid.stdev": 868.024169921875, "lowlevel.spectral_complexity.mean": 11.703041076660156, "lowlevel.spectral_complexity.stdev": 6.8603129386901855, "lowlevel.spectral_decrease.mean": -1.4344984755609858e-08, "lowlevel.spectral_decrease.stdev": 1.6868758834220898e-08, "lowlevel.spectral_energy.mean": 0.0557299479842186, "lowlevel.spectral_energy.stdev": 0.06428500264883041, "lowlevel.spectral_energyband_high.mean": 0.0004083336389157921, "lowlevel.spectral_energyband_high.stdev": 0.000581099244300276, "lowlevel.spectral_energyband_low.mean": 0.03428671881556511, "lowlevel.spectral_energyband_low.stdev": 0.06131088361144066, "lowlevel.spectral_energyband_middle_high.mean": 0.004396251402795315, "lowlevel.spectral_energyband_middle_high.stdev": 0.006200158968567848, "lowlevel.spectral_energyband_middle_low.mean": 0.018888605758547783, "lowlevel.spectral_energyband_middle_low.stdev": 0.01694515347480774, "lowlevel.spectral_entropy.mean": 7.078881740570068, "lowlevel.spectral_entropy.stdev": 0.81452476978302, "lowlevel.spectral_flux.mean": 0.0888080894947052, "lowlevel.spectral_flux.stdev": 0.06767740845680237, "lowlevel.spectral_kurtosis.mean": 19.466354370117188, "lowlevel.spectral_kurtosis.stdev": 67.05400848388672, "lowlevel.spectral_rms.mean": 0.0063093435019254684, "lowlevel.spectral_rms.stdev": 0.003816126147285104, "lowlevel.spectral_rolloff.mean": 1359.134765625, "lowlevel.spectral_rolloff.stdev": 2444.1533203125, "lowlevel.spectral_skewness.mean": 2.533294916152954, "lowlevel.spectral_skewness.stdev": 2.7281076908111572, "lowlevel.spectral_spread.mean": 4839271.5, "lowlevel.spectral_spread.stdev": 2565106.0, "lowlevel.spectral_strongpeak.mean": 0.81350177526474, "lowlevel.spectral_strongpeak.stdev": 0.9112417697906494, "lowlevel.zerocrossingrate.mean": 0.05243083834648132, "lowlevel.zerocrossingrate.stdev": 0.06849357485771179, "metadata.audio_properties.analysis.equal_loudness": 0.0, "metadata.audio_properties.analysis.length": 25.91997718811035, "metadata.audio_properties.analysis.sample_rate": 44100.0, "metadata.audio_properties.analysis.start_time": 0.0, "metadata.audio_properties.bit_rate": 118912.0, "metadata.audio_properties.length": 25.920000076293945, "metadata.audio_properties.lossless": 0.0, "metadata.audio_properties.number_channels": 1.0, "metadata.audio_properties.replay_gain": -10.271085739135742, "metadata.audio_properties.sample_rate": 48000.0, "rhythm.beats_count": 64.0, "rhythm.beats_loudness.mean": 0.09148009866476059, "rhythm.beats_loudness.stdev": 0.08767541497945786, "rhythm.bpm": 149.1292266845703, "rhythm.bpm_histogram_first_peak_bpm": 148.0, "rhythm.bpm_histogram_first_peak_weight": 0.5438596606254578, "rhythm.bpm_histogram_second_peak_bpm": 161.0, "rhythm.bpm_histogram_second_peak_spread": 0.25, "rhythm.bpm_histogram_second_peak_weight": 0.0476190485060215, "rhythm.danceability": 1.2148538827896118, "rhythm.onset_rate": 4.588095188140869, "tonal.chords_changes_rate": 0.06071428582072258, "tonal.chords_number_rate": 0.012500000186264515, "tonal.chords_strength.mean": 0.5477015972137451, "tonal.chords_strength.stdev": 0.07934238761663437, "tonal.hpcp_crest.mean": 11.866528511047363, "tonal.hpcp_crest.stdev": 5.406548976898193, "tonal.hpcp_entropy.mean": 2.230393886566162, "tonal.hpcp_entropy.stdev": 0.701455295085907, "tonal.key_edma.strength": 0.5999937653541565, "tonal.key_krumhansl.strength": 0.593085765838623, "tonal.key_temperley.strength": 0.5796501040458679, "tonal.tuning_diatonic_strength": 0.4971641004085541, "tonal.tuning_equal_tempered_deviation": 0.238265261054039, "tonal.tuning_frequency": 434.193115234375, "tonal.tuning_nontempered_energy_ratio": 0.9288177490234375, "lowlevel.barkbands.mean": [0.003365033073350787, 0.02591499127447605, 0.0027904114685952663, 0.0040032630786299706, 0.009061348624527454, 0.002024748595431447, 0.0025361506268382072, 0.000700885197147727, 0.000473896914627403, 0.0002901981642935425, 0.0005599440191872418, 0.0006867495831102133, 0.0008750621927902102, 0.0007405666983686388, 0.00043227418791502714, 0.00022000980970915407, 0.0003013013338204473, 0.00024619270698167384, 7.292647933354601e-05, 4.6457789721898735e-05, 5.739653352065943e-05, 8.359711500816047e-05, 7.901297794887796e-05, 5.108078403281979e-05, 8.173962123692036e-05, 3.4598535421537235e-05, 1.340183644060744e-07], "lowlevel.barkbands.stdev": [0.008077500388026237, 0.05271042883396149, 0.0060771675780415535, 0.004825305659323931, 0.012254925444722176, 0.004327602218836546, 0.004002831876277924, 0.0026656503323465586, 0.0013145921984687448, 0.0015231581637635827, 0.0019500644411891699, 0.002308836206793785, 0.0022794476244598627, 0.0017415615729987621, 0.0013696716632694006, 0.0006246791454032063, 0.0006039310246706009, 0.00041014549788087606, 0.00015268583956640214, 0.00011742183414753526, 0.00011600708239711821, 0.0001298955612583086, 0.00011651536624412984, 0.0001000682168523781, 0.00015484959294553846, 7.006988016655669e-05, 1.50202356508089e-06], "lowlevel.erbbands.mean": [1.1847527027130127, 3.9704768657684326, 3.878607988357544, 9.644993782043457, 12.323161125183105, 48.853092193603516, 18.240848541259766, 18.681655883789062, 26.462594985961914, 43.64417266845703, 9.835447311401367, 8.699104309082031, 11.35017204284668, 15.400752067565918, 20.1160888671875, 28.846359252929688, 35.53432846069336, 42.333404541015625, 32.733917236328125, 17.438650131225586, 12.67769718170166, 17.652021408081055, 15.849510192871094, 4.913346290588379, 3.62869930267334, 2.1648688316345215, 2.2779455184936523, 2.2410411834716797, 2.9825377464294434, 3.1169588565826416, 1.9531404972076416, 0.9747908711433411, 1.009233832359314, 0.9436582326889038, 0.5475130081176758, 0.2210341989994049, 0.05100271478295326, 0.002960728481411934, 9.725301060825586e-05, 6.682333332719281e-05], "lowlevel.erbbands.stdev": [2.5997257232666016, 8.890532493591309, 8.309261322021484, 11.570448875427246, 13.87468147277832, 66.40171813964844, 35.5150032043457, 44.1623649597168, 49.33805847167969, 99.80156707763672, 25.720937728881836, 22.602310180664062, 42.96281433105469, 61.387882232666016, 62.482276916503906, 89.61028289794922, 83.3841552734375, 92.00445556640625, 91.83772277832031, 59.25138854980469, 31.410181045532227, 31.993412017822266, 25.117197036743164, 8.52806568145752, 8.808669090270996, 5.469883918762207, 4.932852745056152, 4.178457736968994, 4.852123260498047, 4.5552568435668945, 2.950946569442749, 1.8596935272216797, 2.02903151512146, 1.796064853668213, 1.0791813135147095, 0.42736780643463135, 0.11633627861738205, 0.008934484794735909, 0.00020161070278845727, 6.986030348343775e-05], "lowlevel.gfcc.mean": [-47.53807830810547, 105.77666473388672, -88.35079193115234, 31.884517669677734, -54.71482849121094, 12.894584655761719, -57.603939056396484, -5.612972259521484, -29.073148727416992, -1.8546123504638672, -14.2561616897583, 1.8999054431915283, -16.735231399536133], "lowlevel.melbands.mean": [0.008634566329419613, 0.003070825943723321, 0.00162147032096982, 0.0021381720434874296, 0.001026590121909976, 0.0004216926172375679, 0.0004346324712969363, 0.00041000035707838833, 5.943448195466772e-05, 6.181185744935647e-05, 5.6237269745906815e-05, 5.7931290939450264e-05, 7.858394383220002e-05, 5.6352604588028044e-05, 8.34065504022874e-05, 9.605618834029883e-05, 7.272689254023135e-05, 5.846114072483033e-05, 2.6793421056936495e-05, 1.690053250058554e-05, 1.4112985809333622e-05, 1.7069733075913973e-05, 2.0318861061241478e-05, 9.515380043012556e-06, 3.216981212972314e-06, 2.763335260169697e-06, 2.114264134434052e-06, 1.2496334420575295e-06, 1.2830946616304573e-06, 1.5578691545670154e-06, 1.1986858226009645e-06, 1.6706186443116167e-06, 1.702435497463739e-06, 1.7872430362331215e-06, 1.2307940551181673e-06, 7.294905799426488e-07, 5.249144692243135e-07, 6.510769594569865e-07, 8.027855074033141e-07, 7.941652597764914e-07], "lowlevel.melbands.stdev": [0.017989937216043472, 0.006130998954176903, 0.0018735810881480575, 0.0027092427480965853, 0.0016831856919452548, 0.0009403505828231573, 0.0007219554972834885, 0.0010120125953108072, 0.0001803954946808517, 0.00017033902986440808, 0.00021249885321594775, 0.00024767950526438653, 0.00027488378691487014, 0.00017971474153455347, 0.0002888741728384048, 0.0002526462485548109, 0.0001594488276168704, 0.00017739277973305434, 9.586039959685877e-05, 5.581938967225142e-05, 3.8202582800295204e-05, 3.5771143302554265e-05, 3.3165390050271526e-05, 1.8288035789737478e-05, 6.256298092921497e-06, 6.3914249039953575e-06, 5.973428415018134e-06, 3.15934471473156e-06, 2.968870376207633e-06, 3.3986727885348955e-06, 2.2822748633188894e-06, 2.9069706215523183e-06, 2.6554230316833127e-06, 2.6965226425090805e-06, 1.8871436395784258e-06, 1.2596840406331467e-06, 1.1510581998663838e-06, 1.4139837958282442e-06, 1.5407150613100384e-06, 1.5666406625314266e-06], "lowlevel.melbands128.mean": [0.003221071558073163, 0.01121541392058134, 0.009970497339963913, 0.005614715162664652, 0.0022431567776948214, 0.0013939077034592628, 0.0021052828524261713, 0.001794319716282189, 0.0006662270752713084, 0.0020789909176528454, 0.0035720050800591707, 0.0014561951393261552, 0.0003801899147219956, 0.0003731730976141989, 0.00037060389877296984, 0.00048768441774882376, 0.00048128661001101136, 0.000287570059299469, 0.0005414800834842026, 0.0006768603343516588, 0.00020491429313551635, 4.76210807391908e-05, 5.8347788581158966e-05, 4.9450893129687756e-05, 3.092975384788588e-05, 8.170340151991695e-05, 0.00010013641440309584, 4.210390034131706e-05, 3.00427036563633e-05, 4.5930308260722086e-05, 5.573960152105428e-05, 0.00010425803338875994, 0.00010784244659589604, 3.0289798814919777e-05, 4.736465780297294e-05, 5.087469980935566e-05, 9.046245395438746e-05, 0.00011780158092733473, 4.9590958951739594e-05, 5.417860302259214e-05, 0.00012168160174041986, 0.00013989457511343062, 5.931320629315451e-05, 4.227010504109785e-05, 7.432913116645068e-05, 6.906330963829532e-05, 3.21736115438398e-05, 2.3846472686273046e-05, 2.4487411792506464e-05, 2.8014546842314303e-05, 9.951317224476952e-06, 1.3427130397758447e-05, 1.752392199705355e-05, 1.1213784091523848e-05, 1.4092158380663022e-05, 1.813852577470243e-05, 1.7974824004340917e-05, 2.438527917547617e-05, 2.0876455891993828e-05, 1.319456259807339e-05, 1.0556650522630662e-05, 5.073816737422021e-06, 3.450813437666511e-06, 2.897970489357249e-06, 2.3140860321291257e-06, 2.8764939088432584e-06, 2.994353735630284e-06, 2.5258036657760385e-06, 1.8626681139721768e-06, 1.6338922250724863e-06, 1.1945505775656784e-06, 1.0514862651689327e-06, 1.2024395346088568e-06, 1.2308358918744489e-06, 1.4859567727398826e-06, 1.8212641634818283e-06, 1.4872100564389257e-06, 1.1168372111569624e-06, 1.1131191968161147e-06, 1.2496956287577632e-06, 1.7130280411947751e-06, 1.878243324426876e-06, 1.6203772474909783e-06, 1.7156756939584739e-06, 1.6804475535536767e-06, 1.8291603964826209e-06, 1.9041308405576274e-06, 1.563904788781656e-06, 1.2356887282294338e-06, 9.556151780998334e-07, 8.139016358654771e-07, 6.881792842250434e-07, 5.352652010515158e-07, 5.485723022502498e-07, 4.749243771584588e-07, 5.178798687666131e-07, 7.345802259806078e-07, 7.847495453461306e-07, 7.406803206322365e-07, 8.600581509199401e-07, 8.60220723097882e-07, 7.541969466728915e-07, 7.663051633244322e-07, 7.316167511817184e-07, 6.451743956858991e-07, 5.240598284217413e-07, 4.803317779078498e-07, 4.410127871778968e-07, 3.6921176160831237e-07, 3.3988899872383627e-07, 2.838457930920413e-07, 1.9685708707584126e-07, 1.5030862243747833e-07, 9.408732637439243e-08, 4.4185732406276657e-08, 1.52895651694962e-08, 4.885146953625963e-09, 1.1849782266537545e-09, 1.7695466619782607e-11, 7.024385413612055e-12, 6.8348373835624976e-12, 6.700193785208475e-12, 6.546416186914428e-12, 6.434272819405562e-12, 6.302327149737552e-12, 6.140839572954526e-12, 6.046226887213013e-12, 6.007187802747893e-12], "lowlevel.melbands128.stdev": [0.007746539078652859, 0.025822317227721214, 0.022531474009156227, 0.013024522922933102, 0.005601551849395037, 0.0027134676929563284, 0.002620348008349538, 0.002123998710885644, 0.0011224228655919433, 0.0033273727167397738, 0.004982465412467718, 0.003268896834924817, 0.0012242565862834454, 0.0007725468021817505, 0.0010226807789877057, 0.0016483748331665993, 0.0012409333139657974, 0.0006508028018288314, 0.0010175122879445553, 0.0017371753929182887, 0.0009498545550741255, 0.00016896575107239187, 0.00022141140652820468, 0.00020441673405002803, 0.00010193507478106767, 0.00028178811771795154, 0.00038260433939285576, 0.0002949954941868782, 0.00013985649275127798, 0.00032639785786159337, 0.00031626506824977696, 0.0003973884740844369, 0.0004732759261969477, 9.672129090176895e-05, 0.0002157830458600074, 0.00017447106074541807, 0.00034352170769125223, 0.0005483368295244873, 0.00019233573402743787, 0.00017881725216284394, 0.0004230255144648254, 0.00043389323400333524, 0.00019050294940825552, 0.00012534935376606882, 0.0002722839417401701, 0.00029724673368036747, 0.0001343184703728184, 0.00014439756341744214, 0.00012080596206942573, 0.00013963475066702813, 3.747874143300578e-05, 3.909485167241655e-05, 5.46902374480851e-05, 4.4285250623943284e-05, 5.7673001720104367e-05, 4.603797060553916e-05, 4.0798313420964405e-05, 5.57521270820871e-05, 4.066338442498818e-05, 3.273995025665499e-05, 2.6856509066419676e-05, 1.1620588338701054e-05, 8.128794434014708e-06, 6.638907507294789e-06, 4.72535202789004e-06, 7.507294867536984e-06, 9.368539394927211e-06, 8.010801138880197e-06, 5.674442036252003e-06, 5.260618763713865e-06, 3.891699179803254e-06, 2.2916774469194934e-06, 3.487224830678315e-06, 3.2116495276568457e-06, 3.4937202144647017e-06, 4.558833552437136e-06, 3.2552936772844987e-06, 2.438438059471082e-06, 2.3799616428732406e-06, 2.5428421395190526e-06, 3.3012113362929085e-06, 3.5156313060724642e-06, 2.806196107485448e-06, 2.9416057714115595e-06, 3.070607135668979e-06, 2.887926257244544e-06, 3.2358241242036456e-06, 2.5146189273073105e-06, 2.0747459075209918e-06, 1.7892117512019468e-06, 1.6068424883997068e-06, 1.2447421795513947e-06, 1.1837022384497686e-06, 1.462631530557701e-06, 1.1204218708371627e-06, 1.1984026286882e-06, 1.895813056762563e-06, 1.690400949883042e-06, 1.51755432398204e-06, 1.8346721617490402e-06, 1.7093794895117753e-06, 1.6499917592227575e-06, 1.6949655901044025e-06, 1.6777070186435594e-06, 1.4313350220618304e-06, 1.1198518450328265e-06, 1.0481959407115937e-06, 8.735036090001813e-07, 7.755299975542584e-07, 7.863046675993246e-07, 6.123623279563617e-07, 4.772074362335843e-07, 4.199287104711402e-07, 3.0769430736654613e-07, 1.432706682180651e-07, 7.354665854109044e-08, 4.501160333347798e-08, 1.6341049402512908e-08, 2.0963339397717107e-10, 1.494610164798349e-11, 1.46063005440622e-11, 1.4307693051163195e-11, 1.402067524580719e-11, 1.3790611881614456e-11, 1.3592292222308622e-11, 1.3432986493977506e-11, 1.3319075876927489e-11, 1.3248359007067556e-11], "lowlevel.mfcc.mean": [-699.5060424804688, 137.6512451171875, 23.853349685668945, 21.40522003173828, 19.167587280273438, 10.78460693359375, -9.225797653198242, -3.211888313293457, -14.514325141906738, -16.393056869506836, 1.7472964525222778, -2.168893575668335, -3.570291519165039], "lowlevel.spectral_contrast_coeffs.mean": [-0.6342044472694397, -0.7086517810821533, -0.7920592427253723, -0.7856307625770569, -0.7811859250068665, -0.7772653698921204], "lowlevel.spectral_contrast_coeffs.stdev": [0.1090901643037796, 0.0846312865614891, 0.07774054259061813, 0.06543200463056564, 0.05783497914671898, 0.052272651344537735], "lowlevel.spectral_contrast_valleys.mean": [-6.839361667633057, -7.328210830688477, -7.992818355560303, -8.208305358886719, -8.524578094482422, -10.79114818572998], "lowlevel.spectral_contrast_valleys.stdev": [1.4604424238204956, 1.1356828212738037, 1.147794485092163, 1.360477328300476, 1.3559846878051758, 1.49513578414917], "rhythm.beats_loudness_band_ratio.mean": [0.43261954188346863, 0.27549314498901367, 0.1285463571548462, 0.09474674612283707, 0.04892631992697716, 0.04199080169200897], "rhythm.beats_loudness_band_ratio.stdev": [0.3415631949901581, 0.2911859452724457, 0.152138814330101, 0.1276102066040039, 0.08041619509458542, 0.13962328433990479], "tonal.hpcp.mean": [0.03613818436861038, 0.04729399457573891, 0.07087470591068268, 0.15310990810394287, 0.225910022854805, 0.18663430213928223, 0.21595963835716248, 0.2312915027141571, 0.11319176852703094, 0.04785044491291046, 0.03482310473918915, 0.02695097029209137, 0.019011767581105232, 0.012819042429327965, 0.015305762179195881, 0.020005790516734123, 0.021874336525797844, 0.06504994630813599, 0.2879025340080261, 0.29092171788215637, 0.09557005017995834, 0.239833801984787, 0.32262492179870605, 0.17840182781219482, 0.10387199372053146, 0.08393141627311707, 0.06660488247871399, 0.05695652216672897, 0.056743744760751724, 0.04715258255600929, 0.03397545590996742, 0.030294520780444145, 0.0383557453751564, 0.07325739413499832, 0.06714045256376266, 0.03412298113107681], "tonal.hpcp.stdev": [0.11554720997810364, 0.16672639548778534, 0.20332962274551392, 0.2709757089614868, 0.32816407084465027, 0.29093506932258606, 0.28481146693229675, 0.33004966378211975, 0.21835502982139587, 0.16522204875946045, 0.14490261673927307, 0.11782954633235931, 0.08997265249490738, 0.04167134687304497, 0.055856116116046906, 0.07212726771831512, 0.07111462205648422, 0.1243400126695633, 0.38748133182525635, 0.38484153151512146, 0.15523268282413483, 0.3292080760002136, 0.411994069814682, 0.278748095035553, 0.22877155244350433, 0.20089846849441528, 0.16242200136184692, 0.1402154415845871, 0.14546175301074982, 0.14171135425567627, 0.09570672363042831, 0.09135089069604874, 0.10364415496587753, 0.13496731221675873, 0.12935402989387512, 0.10130873322486877], "rhythm.beats_position": [0.40634921193122864, 0.8126984238624573, 1.2190475463867188, 1.6253968477249146, 2.0317459106445312, 2.4380950927734375, 2.8444442749023438, 3.250793695449829, 3.6571428775787354, 4.0634918212890625, 4.469841003417969, 4.852970600128174, 5.24770975112915, 5.642448902130127, 6.048798084259033, 6.44353723526001, 6.838276386260986, 7.244625568389893, 7.650974750518799, 8.068934440612793, 8.486893653869629, 8.904852867126465, 9.264761924743652, 9.63628101348877, 10.007800102233887, 10.379319190979004, 10.77405834197998, 11.180407524108887, 11.586756706237793, 12.004715919494629, 12.434285163879395, 12.8406343460083, 13.235373497009277, 13.63011360168457, 14.036462783813477, 14.442811965942383, 14.849161148071289, 15.255510330200195, 15.650249481201172, 16.04498863220215, 16.439727783203125, 16.8344669342041, 17.229206085205078, 17.635555267333984, 18.03029441833496, 18.436643600463867, 18.831382751464844, 19.22612190246582, 19.644081115722656, 20.038820266723633, 20.43355941772461, 20.828298568725586, 21.223037719726562, 21.6409969329834, 22.035736083984375, 22.43047523498535, 22.825214385986328, 23.231563568115234, 23.62630271911621, 24.032651901245117, 24.427391052246094, 24.833740234375, 25.240089416503906, 25.634828567504883], "rhythm.bpm_histogram": [0.0, 0.0, 0.0, 0.0, 0.0, 0.0, 0.0, 0.0, 0.0, 0.0, 0.0, 0.0, 0.0, 0.0, 0.0, 0.0, 0.0, 0.0, 0.0, 0.0, 0.0, 0.0, 0.0, 0.0, 0.0, 0.0, 0.0, 0.0, 0.0, 0.0, 0.0, 0.0, 0.0, 0.0, 0.0, 0.0, 0.0, 0.0, 0.0, 0.0, 0.0, 0.0, 0.0, 0.0, 0.0, 0.0, 0.0, 0.0, 0.0, 0.0, 0.0, 0.0, 0.0, 0.0, 0.0, 0.0, 0.0, 0.0, 0.0, 0.0, 0.0, 0.0, 0.0, 0.0, 0.0, 0.0, 0.0, 0.0, 0.0, 0.0, 0.0, 0.0, 0.0, 0.0, 0.0, 0.0, 0.0, 0.0, 0.0, 0.0, 0.0, 0.0, 0.0, 0.0, 0.0, 0.0, 0.0, 0.0, 0.0, 0.0, 0.0, 0.0, 0.0, 0.0, 0.0, 0.0, 0.0, 0.0, 0.0, 0.0, 0.0, 0.0, 0.0, 0.0, 0.0, 0.0, 0.0, 0.0, 0.0, 0.0, 0.0, 0.0, 0.0, 0.0, 0.0, 0.0, 0.0, 0.0, 0.0, 0.0, 0.0, 0.0, 0.0, 0.0, 0.0, 0.0, 0.0, 0.0, 0.0, 0.0, 0.0, 0.0, 0.0, 0.0, 0.0, 0.0, 0.0, 0.0, 0.0, 0.0, 0.01587301678955555, 0.0, 0.0, 0.0, 0.095238097012043, 0.0, 0.0, 0.0, 0.4126984179019928, 0.0, 0.0, 0.0, 0.3968254029750824, 0.0, 0.0, 0.0, 0.0, 0.01587301678955555, 0.0, 0.0, 0.0, 0.0476190485060215, 0.0, 0.0, 0.0, 0.0, 0.0, 0.01587301678955555, 0.0, 0.0, 0.0, 0.0, 0.0, 0.0, 0.0, 0.0, 0.0, 0.0, 0.0, 0.0, 0.0, 0.0, 0.0, 0.0, 0.0, 0.0, 0.0, 0.0, 0.0, 0.0, 0.0, 0.0, 0.0, 0.0, 0.0, 0.0, 0.0, 0.0, 0.0, 0.0, 0.0, 0.0, 0.0, 0.0, 0.0, 0.0, 0.0, 0.0, 0.0, 0.0, 0.0, 0.0, 0.0, 0.0, 0.0, 0.0, 0.0, 0.0, 0.0, 0.0, 0.0, 0.0, 0.0, 0.0, 0.0, 0.0, 0.0, 0.0, 0.0, 0.0, 0.0, 0.0, 0.0, 0.0, 0.0, 0.0, 0.0, 0.0, 0.0, 0.0, 0.0, 0.0, 0.0, 0.0, 0.0, 0.0, 0.0, 0.0, 0.0, 0.0], "tonal.chords_histogram": [2.142857074737549, 0.0, 1.0714285373687744, 0.0, 0.0, 0.0, 0.0, 6.785714149475098, 0.0, 0.0, 0.0, 0.0, 0.0, 0.0, 39.82143020629883, 8.214285850524902, 21.785715103149414, 20.178571701049805, 0.0, 0.0, 0.0, 0.0, 0.0, 0.0], "tonal.thpcp": [1.0, 0.552969753742218, 0.321958988904953, 0.2601516842842102, 0.2064467966556549, 0.17654098570346832, 0.17588146030902863, 0.14615294337272644, 0.10530945658683777, 0.09390012919902802, 0.11888649314641953, 0.2270667552947998, 0.2081068456172943, 0.10576672106981277, 0.11201299726963043, 0.14659126102924347, 0.21968144178390503, 0.47457557916641235, 0.7002249360084534, 0.5784869194030762, 0.6693829894065857, 0.7169052362442017, 0.3508463203907013, 0.14831602573394775, 0.1079368069767952, 0.0835365429520607, 0.058928392827510834, 0.03973357751965523, 0.047441352158784866, 0.06200943887233734, 0.06780114024877548, 0.20162716507911682, 0.8923753499984741, 0.9017335772514343, 0.29622650146484375, 0.7433827519416809], "lowlevel.gfcc.cov": [[11979.1240234375, -1698.1146240234375, -1108.9276123046875, 1042.16357421875, 520.8504638671875, 1177.084716796875, -143.9590301513672, 989.2235717773438, 343.37518310546875, 664.9508056640625, -55.560665130615234, 656.65283203125, -132.62852478027344], [-1698.1146240234375, 3971.4677734375, 333.5988464355469, -776.618896484375, 655.5194702148438, -447.6981506347656, 689.2880249023438, -137.81285095214844, 745.3318481445312, -312.57672119140625, 490.3888854980469, -119.00454711914062, 332.13427734375], [-1108.9276123046875, 333.5988464355469, 1212.7021484375, 56.0809326171875, -137.95689392089844, -65.7202377319336, 152.0692901611328, 22.940969467163086, 64.75506591796875, -12.597270965576172, -3.1667399406433105, 9.648619651794434, 95.42351531982422], [1042.16357421875, -776.618896484375, 56.0809326171875, 901.73486328125, 297.922607421875, 256.9356994628906, -22.762371063232422, 154.7550506591797, 113.55670928955078, 170.4026336669922, -58.254852294921875, 75.75189208984375, 68.68543243408203], [520.8504638671875, 655.5194702148438, -137.95689392089844, 297.922607421875, 770.7024536132812, 188.07525634765625, 250.71421813964844, 111.48955535888672, 351.55902099609375, 136.234375, 128.1028289794922, 13.437592506408691, 155.4412384033203], [1177.084716796875, -447.6981506347656, -65.7202377319336, 256.9356994628906, 188.07525634765625, 457.6692810058594, 94.5255126953125, 197.21119689941406, 57.68665313720703, 182.62191772460938, -5.221227645874023, 76.8252944946289, -24.69300079345703], [-143.9590301513672, 689.2880249023438, 152.0692901611328, -22.762371063232422, 250.71421813964844, 94.5255126953125, 664.724609375, 252.696533203125, 147.741943359375, 47.458255767822266, 163.56642150878906, 67.00091552734375, 42.72254943847656], [989.2235717773438, -137.81285095214844, 22.940969467163086, 154.7550506591797, 111.48955535888672, 197.21119689941406, 252.696533203125, 379.30706787109375, 102.56758117675781, 90.54204559326172, 29.528581619262695, 126.29203796386719, -23.673763275146484], [343.37518310546875, 745.3318481445312, 64.75506591796875, 113.55670928955078, 351.55902099609375, 57.68665313720703, 147.741943359375, 102.56758117675781, 441.57745361328125, 45.71703338623047, 90.22675323486328, 18.070240020751953, 127.83235168457031], [664.9508056640625, -312.57672119140625, -12.597270965576172, 170.4026336669922, 136.234375, 182.62191772460938, 47.458255767822266, 90.54204559326172, 45.71703338623047, 229.5186309814453, 8.977339744567871, 20.74228286743164, -20.009334564208984], [-55.560665130615234, 490.3888854980469, -3.1667399406433105, -58.254852294921875, 128.1028289794922, -5.221227645874023, 163.56642150878906, 29.528581619262695, 90.22675323486328, 8.977339744567871, 172.59036254882812, 15.255735397338867, 26.307743072509766], [656.65283203125, -119.00454711914062, 9.648619651794434, 75.75189208984375, 13.437592506408691, 76.8252944946289, 67.00091552734375, 126.29203796386719, 18.070240020751953, 20.74228286743164, 15.255735397338867, 162.19131469726562, 1.2270317077636719], [-132.62852478027344, 332.13427734375, 95.42351531982422, 68.68543243408203, 155.4412384033203, -24.69300079345703, 42.72254943847656, -23.673763275146484, 127.83235168457031, -20.009334564208984, 26.307743072509766, 1.2270317077636719, 150.34185791015625]], "lowlevel.gfcc.icov": [[0.00020674745610449463, -0.00020338015747256577, 0.00021434722293633968, -0.00017898782971315086, 0.00016318642883561552, -0.00027048977790400386, 0.0003606668906286359, -0.00043847609777003527, 0.00011730923870345578, -0.0004942256491631269, 0.00020798572222702205, -0.0005777820479124784, -4.467080998438178e-06], [-0.00020338015747256577, 0.002225275384262204, -0.0006510353996418417, 0.0016876044683158398, -0.0013129169819876552, 0.0009478186257183552, -0.0013794626574963331, 0.001412121462635696, -0.002552978228777647, 0.0025685231667011976, -0.002596544334664941, 0.0010397644946351647, -0.00036731368163600564], [0.00021434722293633968, -0.0006510353996418417, 0.0013950091088190675, -0.0007173781050369143, 0.0011755028972402215, -0.00032888835994526744, 0.0001042694493662566, -0.0005526231252588332, 0.00036000466207042336, -0.0012723990948870778, 0.0008904328569769859, -0.0006018118001520634, -0.0009427223703823984], [-0.00017898782971315086, 0.0016876044683158398, -0.0007173781050369143, 0.0030722995288670063, -0.001732538570649922, 0.00039918196853250265, -0.0005451163160614669, 0.0005362796946428716, -0.0016463885549455881, 0.0013591527240350842, -0.0012122609186917543, 0.00046353397192433476, -0.0009490880183875561], [0.00016318642883561552, -0.0013129169819876552, 0.0011755028972402215, -0.001732538570649922, 0.004381699487566948, -0.0012659793719649315, -5.209234223002568e-05, -0.00039228846435435116, -0.00011688296945067123, -0.0025106642860919237, 0.0005482491105794907, -2.3275380954146385e-05, -0.002025859896093607], [-0.00027048977790400386, 0.0009478186257183552, -0.00032888835994526744, 0.00039918196853250265, -0.0012659793719649315, 0.004731340799480677, -0.0007527018897235394, -0.000317130412440747, -0.0007092037703841925, -0.0007901918143033981, -0.0004930151044391096, 0.0002678133314475417, 0.0005257586599327624], [0.0003606668906286359, -0.0013794626574963331, 0.0001042694493662566, -0.0005451163160614669, -5.209234223002568e-05, -0.0007527018897235394, 0.004332346376031637, -0.003539510304108262, 0.002057301113381982, -0.0017116600647568703, -0.000512519502080977, -0.0008573852828703821, -0.00019011189579032362], [-0.00043847609777003527, 0.001412121462635696, -0.0005526231252588332, 0.0005362796946428716, -0.00039228846435435116, -0.000317130412440747, -0.003539510304108262, 0.007883044891059399, -0.00304803135804832, 0.00183851458132267, -0.0003626815159805119, -0.0017770039848983288, 0.002114259172230959], [0.00011730923870345578, -0.002552978228777647, 0.00036000466207042336, -0.0016463885549455881, -0.00011688296945067123, -0.0007092037703841925, 0.002057301113381982, -0.00304803135804832, 0.007533558644354343, -0.002872840967029333, 0.0019148773280903697, -0.0003690513258334249, -0.0019130711443722248], [-0.0004942256491631269, 0.0025685231667011976, -0.0012723990948870778, 0.0013591527240350842, -0.0025106642860919237, -0.0007901918143033981, -0.0017116600647568703, 0.00183851458132267, -0.002872840967029333, 0.010591242462396622, -0.0034070159308612347, 0.0024570724926888943, 0.001746693393215537], [0.00020798572222702205, -0.002596544334664941, 0.0008904328569769859, -0.0012122609186917543, 0.0005482491105794907, -0.0004930151044391096, -0.000512519502080977, -0.0003626815159805119, 0.0019148773280903697, -0.0034070159308612347, 0.012191626243293285, -0.00248487526550889, 0.0011544199660420418], [-0.0005777820479124784, 0.0010397644946351647, -0.0006018118001520634, 0.00046353397192433476, -2.3275380954146385e-05, 0.0002678133314475417, -0.0008573852828703821, -0.0017770039848983288, -0.0003690513258334249, 0.0024570724926888943, -0.00248487526550889, 0.010672779753804207, -0.0016161417588591576], [-4.467080998438178e-06, -0.00036731368163600564, -0.0009427223703823984, -0.0009490880183875561, -0.002025859896093607, 0.0005257586599327624, -0.00019011189579032362, 0.002114259172230959, -0.0019130711443722248, 0.001746693393215537, 0.0011544199660420418, -0.0016161417588591576, 0.012729163281619549]], "lowlevel.mfcc.cov": [[10997.2158203125, -1875.0772705078125, -1281.901123046875, 82.71038818359375, 751.8114624023438, 512.301513671875, 28.803470611572266, 615.0194091796875, 418.90301513671875, 281.6886901855469, 637.9421997070312, 229.8556365966797, 370.4052734375], [-1875.0772705078125, 3862.676025390625, -10.938030242919922, -127.16040802001953, -72.11555480957031, -174.09683227539062, 9.537063598632812, 241.3368377685547, 106.42644500732422, 84.04865264892578, 120.86116790771484, 151.736572265625, 160.7501220703125], [-1281.901123046875, -10.938030242919922, 1223.1507568359375, 76.25501251220703, -187.6350555419922, -98.26940155029297, -34.6684455871582, -13.938797950744629, 18.007278442382812, -29.914745330810547, -79.11429595947266, -46.60057830810547, -26.95208168029785], [82.71038818359375, -127.16040802001953, 76.25501251220703, 586.3162231445312, 212.30093383789062, 143.03280639648438, 59.959075927734375, 97.7746353149414, 170.34527587890625, 102.5183334350586, 36.57726287841797, 10.619429588317871, 99.85171508789062], [751.8114624023438, -72.11555480957031, -187.6350555419922, 212.30093383789062, 602.4879150390625, 262.9047546386719, -116.9916000366211, -21.539518356323242, 155.85748291015625, 128.02496337890625, 17.93474006652832, 66.0328140258789, 35.835506439208984], [512.301513671875, -174.09683227539062, -98.26940155029297, 143.03280639648438, 262.9047546386719, 373.3013916015625, 74.92478942871094, 16.57210922241211, 153.7582244873047, 96.8662338256836, 99.03211212158203, 80.49691772460938, 41.611873626708984], [28.803470611572266, 9.537063598632812, -34.6684455871582, 59.959075927734375, -116.9916000366211, 74.92478942871094, 425.7803955078125, 133.77403259277344, 62.93510818481445, 75.3403549194336, 122.71601867675781, 56.86300277709961, 80.78370666503906], [615.0194091796875, 241.3368377685547, -13.938797950744629, 97.7746353149414, -21.539518356323242, 16.57210922241211, 133.77403259277344, 392.4940185546875, 159.02960205078125, 67.1232681274414, 158.83114624023438, 43.24923324584961, 119.73794555664062], [418.90301513671875, 106.42644500732422, 18.007278442382812, 170.34527587890625, 155.85748291015625, 153.7582244873047, 62.93510818481445, 159.02960205078125, 300.2662048339844, 138.3292236328125, 99.45606994628906, 44.41236877441406, 89.79816436767578], [281.6886901855469, 84.04865264892578, -29.914745330810547, 102.5183334350586, 128.02496337890625, 96.8662338256836, 75.3403549194336, 67.1232681274414, 138.3292236328125, 232.18661499023438, 114.92880249023438, 37.86140823364258, 42.52133560180664], [637.9421997070312, 120.86116790771484, -79.11429595947266, 36.57726287841797, 17.93474006652832, 99.03211212158203, 122.71601867675781, 158.83114624023438, 99.45606994628906, 114.92880249023438, 247.1470489501953, 70.53004455566406, 74.03404998779297], [229.8556365966797, 151.736572265625, -46.60057830810547, 10.619429588317871, 66.0328140258789, 80.49691772460938, 56.86300277709961, 43.24923324584961, 44.41236877441406, 37.86140823364258, 70.53004455566406, 122.14431762695312, 47.88180160522461], [370.4052734375, 160.7501220703125, -26.95208168029785, 99.85171508789062, 35.835506439208984, 41.611873626708984, 80.78370666503906, 119.73794555664062, 89.79816436767578, 42.52133560180664, 74.03404998779297, 47.88180160522461, 156.37484741210938]], "lowlevel.mfcc.icov": [[0.00018179348262492567, 0.0001318036374868825, 0.00013013982970733196, 0.0001410312979714945, -0.00017956442025024444, 4.632370109902695e-05, 0.00015248059935402125, -0.00020140242122579366, -3.811831265920773e-05, 4.273330341675319e-05, -0.0003501333121675998, -6.845692405477166e-05, -0.0003324649587739259], [0.0001318036374868825, 0.00040690205059945583, 9.51452529989183e-05, 0.00019893950957339257, -0.00011713448475347832, 0.0003067598445340991, 0.00020409248827490956, -0.00023444615362677723, -0.0001351626415271312, -8.511859050486237e-05, -0.00022966779943089932, -0.0004967967979609966, -0.00046021121670491993], [0.00013013982970733196, 9.51452529989183e-05, 0.001041363226249814, -0.00017845006368588656, 0.0003962807240895927, 7.233941141748801e-05, 0.0003047030186280608, -9.826212772168219e-05, -0.000383911159588024, -7.405783253489062e-05, 8.879855158738792e-05, -0.00018898441339842975, -4.8445894208271056e-05], [0.0001410312979714945, 0.00019893950957339257, -0.00017845006368588656, 0.0026699465233832598, -0.0009236456244252622, -0.00024506295449100435, -0.00023396240430884063, -0.0004314884718041867, -0.00048044437426142395, -0.00030098887509666383, 0.00019265386799816042, 0.0008729032124392688, -0.0015468058409169316], [-0.00017956442025024444, -0.00011713448475347832, 0.0003962807240895927, -0.0009236456244252622, 0.004137459676712751, -0.0022342761512845755, 0.0016624266281723976, 0.0001993493497138843, -0.00026277598226442933, -0.001699163462035358, 0.0016648039454594254, -0.0012512593530118465, 4.664965672418475e-05], [4.632370109902695e-05, 0.0003067598445340991, 7.233941141748801e-05, -0.00024506295449100435, -0.0022342761512845755, 0.006143264472484589, -0.0012718683574348688, 0.0014210467925295234, -0.0023249885998666286, 0.0012174284784123302, -0.002144105266779661, -0.001758123398758471, 0.0007476142491213977], [0.00015248059935402125, 0.00020409248827490956, 0.0003047030186280608, -0.00023396240430884063, 0.0016624266281723976, -0.0012718683574348688, 0.003966040909290314, -0.0008432077593170106, 0.0004484708479139954, -0.0012505478225648403, -0.00030527531635016203, -0.0011238352162763476, -0.001243646489456296], [-0.00020140242122579366, -0.00023444615362677723, -9.826212772168219e-05, -0.0004314884718041867, 0.0001993493497138843, 0.0014210467925295234, -0.0008432077593170106, 0.0053406828083097935, -0.002411958761513233, 0.0012600846821442246, -0.002334063872694969, 0.000381218473194167, -0.0010702559957280755], [-3.811831265920773e-05, -0.0001351626415271312, -0.000383911159588024, -0.00048044437426142395, -0.00026277598226442933, -0.0023249885998666286, 0.0004484708479139954, -0.002411958761513233, 0.007607980631291866, -0.002908528782427311, 0.0009399259579367936, 0.0006143105565570295, -0.0014471551403403282], [4.273330341675319e-05, -8.511859050486237e-05, -7.405783253489062e-05, -0.00030098887509666383, -0.001699163462035358, 0.0012174284784123302, -0.0012505478225648403, 0.0012600846821442246, -0.002908528782427311, 0.00816599652171135, -0.0036639939062297344, 0.000554126629140228, 0.0009270444279536605], [-0.0003501333121675998, -0.00022966779943089932, 8.879855158738792e-05, 0.00019265386799816042, 0.0016648039454594254, -0.002144105266779661, -0.00030527531635016203, -0.002334063872694969, 0.0009399259579367936, -0.0036639939062297344, 0.009467686526477337, -0.0021181118208914995, -0.0002855486236512661], [-6.845692405477166e-05, -0.0004967967979609966, -0.00018898441339842975, 0.0008729032124392688, -0.0012512593530118465, -0.001758123398758471, -0.0011238352162763476, 0.000381218473194167, 0.0006143105565570295, 0.000554126629140228, -0.0021181118208914995, 0.01272667944431305, -0.002271388191729784], [-0.0003324649587739259, -0.00046021121670491993, -4.8445894208271056e-05, -0.0015468058409169316, 4.664965672418475e-05, 0.0007476142491213977, -0.001243646489456296, -0.0010702559957280755, -0.0014471551403403282, 0.0009270444279536605, -0.0002855486236512661, -0.002271388191729784, 0.011296815238893032]], "metadata.audio_properties.analysis.downmix": "mix", "metadata.audio_properties.codec": "mp3", "metadata.audio_properties.md5_encoded": "063d1dcbd23bed4abc6f29ceaa1e506c", "metadata.tags.file_name": "1182271551056379965.mp3", "metadata.version.essentia": "2.1-beta6-dev", "metadata.version.essentia_git_sha": "v2.1_beta5-1110-g77a6a954", "metadata.version.extractor": "music 2.0", "tonal.chords_key": "E", "tonal.ch