{"song_id": "1182267250493882378", "download": "https://cdn.discordapp.com/attachments/1135911532732108921/1182267250493882378/chirp.mp4?ex=6584132d&amp", "lyrics": "(Verse 1)\nNeon lights blur, city's a haze\nPulse of the night, heartbeat ablaze\nLost in the rhythm, body takes flight\nTop of the world, shining so bright\n\n(Chorus)\nWe're the generation, free and alive\nDancing through darkness, taking the night\nNo hesitation, breaking the chains\nTop of the game, leaving our names", "style": ["Uptempo Electronic Dance Music </span><span>(EDM</span><span>)"], "essentia_features": {"lowlevel.average_loudness": 0.9373928904533386, "lowlevel.barkbands_crest.mean": 15.448050498962402, "lowlevel.barkbands_crest.stdev": 4.807277679443359, "lowlevel.barkbands_flatness_db.mean": 0.23896524310112, "lowlevel.barkbands_flatness_db.stdev": 0.08074984699487686, "lowlevel.barkbands_kurtosis.mean": 21.745450973510742, "lowlevel.barkbands_kurtosis.stdev": 34.677005767822266, "lowlevel.barkbands_skewness.mean": 3.419891119003296, "lowlevel.barkbands_skewness.stdev": 2.1420485973358154, "lowlevel.barkbands_spread.mean": 13.917452812194824, "lowlevel.barkbands_spread.stdev": 12.274188041687012, "lowlevel.dissonance.mean": 0.42395099997520447, "lowlevel.dissonance.stdev": 0.052255600690841675, "lowlevel.dynamic_complexity": 1.736624836921692, "lowlevel.erbbands_crest.mean": 12.78235912322998, "lowlevel.erbbands_crest.stdev": 5.420933246612549, "lowlevel.erbbands_flatness_db.mean": 0.19800695776939392, "lowlevel.erbbands_flatness_db.stdev": 0.07991612702608109, "lowlevel.erbbands_kurtosis.mean": 4.177034378051758, "lowlevel.erbbands_kurtosis.stdev": 11.212878227233887, "lowlevel.erbbands_skewness.mean": 1.2737096548080444, "lowlevel.erbbands_skewness.stdev": 1.4695531129837036, "lowlevel.erbbands_spread.mean": 46.02654266357422, "lowlevel.erbbands_spread.stdev": 26.773731231689453, "lowlevel.hfc.mean": 20.043306350708008, "lowlevel.hfc.stdev": 13.354575157165527, "lowlevel.loudness_ebu128.integrated": -12.726085662841797, "lowlevel.loudness_ebu128.loudness_range": 2.025859832763672, "lowlevel.loudness_ebu128.momentary.mean": -12.859292984008789, "lowlevel.loudness_ebu128.momentary.stdev": 1.1157402992248535, "lowlevel.loudness_ebu128.short_term.mean": -12.787068367004395, "lowlevel.loudness_ebu128.short_term.stdev": 0.7973663210868835, "lowlevel.melbands_crest.mean": 22.962594985961914, "lowlevel.melbands_crest.stdev": 7.4026384353637695, "lowlevel.melbands_flatness_db.mean": 0.299576997756958, "lowlevel.melbands_flatness_db.stdev": 0.0929887667298317, "lowlevel.melbands_kurtosis.mean": 46.89834213256836, "lowlevel.melbands_kurtosis.stdev": 56.836753845214844, "lowlevel.melbands_skewness.mean": 4.745768070220947, "lowlevel.melbands_skewness.stdev": 2.69559907913208, "lowlevel.melbands_spread.mean": 11.825522422790527, "lowlevel.melbands_spread.stdev": 14.556489944458008, "lowlevel.pitch_salience.mean": 0.4054664373397827, "lowlevel.pitch_salience.stdev": 0.13887259364128113, "lowlevel.silence_rate_20dB.mean": 1.0, "lowlevel.silence_rate_20dB.stdev": 0.0, "lowlevel.silence_rate_30dB.mean": 0.9670710563659668, "lowlevel.silence_rate_30dB.stdev": 0.17844969034194946, "lowlevel.silence_rate_60dB.mean": 0.008318890817463398, "lowlevel.silence_rate_60dB.stdev": 0.09082625806331635, "lowlevel.spectral_centroid.mean": 982.1784057617188, "lowlevel.spectral_centroid.stdev": 675.54052734375, "lowlevel.spectral_complexity.mean": 10.44055461883545, "lowlevel.spectral_complexity.stdev": 6.907942295074463, "lowlevel.spectral_decrease.mean": -1.2984927799664092e-08, "lowlevel.spectral_decrease.stdev": 8.162700737557316e-09, "lowlevel.spectral_energy.mean": 0.05082617327570915, "lowlevel.spectral_energy.stdev": 0.0311605092138052, "lowlevel.spectral_energyband_high.mean": 0.0010860803304240108, "lowlevel.spectral_energyband_high.stdev": 0.0014110516058281064, "lowlevel.spectral_energyband_low.mean": 0.02767258696258068, "lowlevel.spectral_energyband_low.stdev": 0.03244863450527191, "lowlevel.spectral_energyband_middle_high.mean": 0.002589842537418008, "lowlevel.spectral_energyband_middle_high.stdev": 0.004189412575215101, "lowlevel.spectral_energyband_middle_low.mean": 0.01958148367702961, "lowlevel.spectral_energyband_middle_low.stdev": 0.015552121214568615, "lowlevel.spectral_entropy.mean": 7.222322940826416, "lowlevel.spectral_entropy.stdev": 0.7453528046607971, "lowlevel.spectral_flux.mean": 0.08575095981359482, "lowlevel.spectral_flux.stdev": 0.05764371529221535, "lowlevel.spectral_kurtosis.mean": 8.353432655334473, "lowlevel.spectral_kurtosis.stdev": 52.98001480102539, "lowlevel.spectral_rms.mean": 0.006654166616499424, "lowlevel.spectral_rms.stdev": 0.002304044319316745, "lowlevel.spectral_rolloff.mean": 788.0631103515625, "lowlevel.spectral_rolloff.stdev": 1235.0313720703125, "lowlevel.spectral_skewness.mean": 1.5861399173736572, "lowlevel.spectral_skewness.stdev": 1.939552903175354, "lowlevel.spectral_spread.mean": 5564818.0, "lowlevel.spectral_spread.stdev": 1564894.5, "lowlevel.spectral_strongpeak.mean": 0.9932422637939453, "lowlevel.spectral_strongpeak.stdev": 0.8371524810791016, "lowlevel.zerocrossingrate.mean": 0.041303008794784546, "lowlevel.zerocrossingrate.stdev": 0.030811570584774017, "metadata.audio_properties.analysis.equal_loudness": 0.0, "metadata.audio_properties.analysis.length": 66.96533203125, "metadata.audio_properties.analysis.sample_rate": 44100.0, "metadata.audio_properties.analysis.start_time": 0.0, "metadata.audio_properties.bit_rate": 127324.0, "metadata.audio_properties.length": 66.96533203125, "metadata.audio_properties.lossless": 0.0, "metadata.audio_properties.number_channels": 1.0, "metadata.audio_properties.replay_gain": -13.52155876159668, "metadata.audio_properties.sample_rate": 48000.0, "rhythm.beats_count": 131.0, "rhythm.beats_loudness.mean": 0.06081463769078255, "rhythm.beats_loudness.stdev": 0.026677045971155167, "rhythm.bpm": 117.87401580810547, "rhythm.bpm_histogram_first_peak_bpm": 117.0, "rhythm.bpm_histogram_first_peak_weight": 0.1538461446762085, "rhythm.bpm_histogram_second_peak_bpm": 0.0, "rhythm.bpm_histogram_second_peak_spread": 0.0, "rhythm.bpm_histogram_second_peak_weight": 0.0, "rhythm.danceability": 1.5332958698272705, "rhythm.onset_rate": 5.3599724769592285, "tonal.chords_changes_rate": 0.03672903776168823, "tonal.chords_number_rate": 0.0048510050401091576, "tonal.chords_strength.mean": 0.5618080496788025, "tonal.chords_strength.stdev": 0.09515053778886795, "tonal.hpcp_crest.mean": 16.795740127563477, "tonal.hpcp_crest.stdev": 7.519888401031494, "tonal.hpcp_entropy.mean": 1.5710607767105103, "tonal.hpcp_entropy.stdev": 0.6962346434593201, "tonal.key_edma.strength": 0.7140056490898132, "tonal.key_krumhansl.strength": 0.708497166633606, "tonal.key_temperley.strength": 0.6957057118415833, "tonal.tuning_diatonic_strength": 0.4874938428401947, "tonal.tuning_equal_tempered_deviation": 0.22674135863780975, "tonal.tuning_frequency": 434.193115234375, "tonal.tuning_nontempered_energy_ratio": 0.9812142252922058, "lowlevel.barkbands.mean": [0.004406273830682039, 0.022090304642915726, 0.0011150306090712547, 0.0003982911293860525, 0.006050748284906149, 0.006588670890778303, 0.0029655592516064644, 0.0019260996486991644, 0.00155037478543818, 0.0005874757771380246, 0.0002885587455239147, 0.00032958536758087575, 0.00037382697337307036, 0.0002642511681187898, 0.0002644300402607769, 0.00010453582217451185, 6.567445961991325e-05, 0.00014606867625843734, 0.0001605157885933295, 0.00016514700837433338, 0.0001300789590459317, 0.0003195121244061738, 0.0003908867947757244, 6.022681554895826e-05, 4.692096626968123e-05, 3.517230288707651e-05, 1.930833832375356e-06], "lowlevel.barkbands.stdev": [0.005357164423912764, 0.02802024595439434, 0.005702320020645857, 0.0022323313169181347, 0.007471013814210892, 0.008433872833848, 0.006228954531252384, 0.004162644501775503, 0.0039747110567986965, 0.0016605438431724906, 0.0007646474987268448, 0.0008999387500807643, 0.0012105389032512903, 0.0008184043690562248, 0.0006159680197015405, 0.0002352143928874284, 0.00018153709243051708, 0.00032637445838190615, 0.00026936488575302064, 0.00034761131973937154, 0.0002564663300290704, 0.0005717120948247612, 0.0004981039674021304, 0.0001044843447743915, 8.924087887862697e-05, 5.7135479437420145e-05, 4.0416048250335734e-06], "lowlevel.erbbands.mean": [1.209458589553833, 2.6532905101776123, 1.587030053138733, 1.585519790649414, 4.478471755981445, 23.151103973388672, 45.46234130859375, 58.94454574584961, 52.83380126953125, 34.75290298461914, 37.54829788208008, 29.156095504760742, 30.706279754638672, 17.694089889526367, 13.569902420043945, 12.633787155151367, 16.67021942138672, 15.406302452087402, 12.469130516052246, 11.991561889648438, 6.116753578186035, 4.179574489593506, 5.668303966522217, 11.477219581604004, 6.021092891693115, 8.100116729736328, 6.432502269744873, 4.747209072113037, 9.107958793640137, 18.178747177124023, 8.24107551574707, 1.7191721200942993, 0.9240702986717224, 0.5473117232322693, 0.3208548426628113, 0.15929874777793884, 0.06561733782291412, 0.010627624578773975, 0.00030892298673279583, 6.621115608140826e-05], "lowlevel.erbbands.stdev": [1.4251627922058105, 4.633962631225586, 5.680348873138428, 7.998619079589844, 11.362543106079102, 30.855072021484375, 76.00415802001953, 82.146240234375, 99.93928527832031, 61.445281982421875, 74.82279205322266, 72.927978515625, 76.05906677246094, 53.748043060302734, 31.410362243652344, 35.55446243286133, 51.278724670410156, 50.5357666015625, 30.23520851135254, 30.074363708496094, 13.30524730682373, 10.911824226379395, 12.375051498413086, 19.742319107055664, 11.632108688354492, 17.431211471557617, 12.506546020507812, 9.251851081848145, 16.68522834777832, 26.898046493530273, 10.252240180969238, 2.6577212810516357, 1.7398589849472046, 1.1457828283309937, 0.5821636319160461, 0.263249933719635, 0.10985087603330612, 0.019216744229197502, 0.0005706873489543796, 4.091628943569958e-05], "lowlevel.gfcc.mean": [-24.757568359375, 69.19047546386719, -99.52578735351562, 19.9773006439209, -96.21955108642578, -8.03555965423584, -43.58934020996094, -5.25153923034668, -15.058145523071289, 9.556978225708008, -7.483179569244385, 15.696776390075684, -8.537421226501465], "lowlevel.melbands.mean": [0.008168371394276619, 0.0015414702938869596, 0.00030401861295104027, 0.0009706203127279878, 0.0015456642722710967, 0.0012732567265629768, 0.0007770118536427617, 0.0004139314405620098, 0.0002672682167030871, 0.00020001221855636686, 0.00015506253112107515, 7.394863496301696e-05, 4.503301897784695e-05, 3.790271148318425e-05, 3.156396633130498e-05, 3.932911567972042e-05, 2.6326375518692657e-05, 2.012420736718923e-05, 1.7705617210594937e-05, 1.0503415069251787e-05, 6.416640644602012e-06, 4.19141179008875e-06, 3.8046648569434183e-06, 6.917905921000056e-06, 1.0005847798311152e-05, 4.7722664930915926e-06, 4.113831437280169e-06, 5.753279765485786e-06, 4.3657669266394805e-06, 3.1531096738035558e-06, 2.50295579462545e-06, 4.042773525725352e-06, 8.32277783047175e-06, 1.1301586710033007e-05, 5.851053174410481e-06, 1.517595933364646e-06, 7.710314093856141e-07, 6.459095516220259e-07, 5.607576554211846e-07, 4.218528033561597e-07], "lowlevel.melbands.stdev": [0.00979611836373806, 0.0031788800843060017, 0.0012305221753194928, 0.0014552228385582566, 0.002275459235534072, 0.0016859789611771703, 0.001433951547369361, 0.0007343750330619514, 0.0005116106476634741, 0.0005127754993736744, 0.0003891219384968281, 0.00023504461569245905, 0.00011026836727978662, 0.00010403017950011417, 9.864685853244737e-05, 0.0001320599694736302, 8.998571865959093e-05, 5.2845876780338585e-05, 4.272449587006122e-05, 2.3278467779164203e-05, 1.5222691217786632e-05, 1.1934257599932607e-05, 1.0374699741078075e-05, 1.5000597159087192e-05, 1.7287939044763334e-05, 9.318290722148959e-06, 9.430401405552402e-06, 1.2847129255533218e-05, 8.503903700329829e-06, 7.160852419474395e-06, 5.1558322411437985e-06, 7.85920383350458e-06, 1.5241610526572913e-05, 1.590005194884725e-05, 7.340624051721534e-06, 2.441189735691296e-06, 1.3449055131786736e-06, 1.219991304424184e-06, 1.220432750415057e-06, 9.014462420964264e-07], "lowlevel.melbands128.mean": [0.004190477076917887, 0.012159018777310848, 0.00854781735688448, 0.0031128053087741137, 0.0009072870598174632, 0.0005282518686726689, 0.0003319971146993339, 0.00015426214667968452, 0.0002971891954075545, 0.0010183266131207347, 0.0013072220608592033, 0.001717893173918128, 0.0016898266039788723, 0.001224796986207366, 0.001329246792010963, 0.0014262243639677763, 0.000749141676351428, 0.0009158439352177083, 0.00040451521635986865, 0.00027214217698201537, 0.0005042115226387978, 0.0006027776398696005, 8.569104102207348e-05, 0.00014778703916817904, 0.00017868433496914804, 0.00019388711370993406, 0.0003485751512926072, 7.060420466586947e-05, 9.952893014997244e-05, 9.880847210297361e-05, 5.369263453758322e-05, 4.391638867673464e-05, 5.374897227738984e-05, 3.197525438736193e-05, 5.085660086479038e-05, 3.3798271033447236e-05, 2.8624344849959016e-05, 3.05298381135799e-05, 3.3269552659476176e-05, 3.898256181855686e-05, 4.0800954593578354e-05, 4.067398913321085e-05, 2.7101292289444245e-05, 1.7515805666334927e-05, 2.1583180568995886e-05, 2.2972239094087854e-05, 1.667721699050162e-05, 1.0907819159911014e-05, 2.6679583243094385e-05, 1.6234129361691885e-05, 5.074824002804235e-06, 6.864357601443771e-06, 1.00458346423693e-05, 4.078973688592669e-06, 3.5819173263007542e-06, 5.061297997599468e-06, 3.82088410333381e-06, 3.3544617963343626e-06, 4.167432052781805e-06, 3.882588771375595e-06, 5.0641265261219814e-06, 1.1184428331034724e-05, 1.1449660632933956e-05, 9.899752512865234e-06, 7.465049748134334e-06, 4.073633135703858e-06, 3.5591826872405363e-06, 3.5487876175466226e-06, 3.834046310657868e-06, 5.647271336783888e-06, 5.725687060476048e-06, 6.2176541177905165e-06, 5.0543653742352035e-06, 4.213302418065723e-06, 3.0632820653409e-06, 3.657736215245677e-06, 3.0011751732672565e-06, 2.2455694761447376e-06, 2.488423433533171e-06, 2.471731704645208e-06, 3.5015084449696587e-06, 4.445361810212489e-06, 6.04614297117223e-06, 8.889391210686881e-06, 1.0033022590505425e-05, 1.0446829946886282e-05, 1.3172313629183918e-05, 1.0551721061347052e-05, 5.287013209454017e-06, 2.5943079435819527e-06, 1.733249064272968e-06, 1.3053798966211616e-06, 9.453301004214154e-07, 7.346438906097319e-07, 6.728338917127985e-07, 6.63370258280338e-07, 6.280976094785728e-07, 6.407208843484113e-07, 5.835024694533786e-07, 5.061395427219395e-07, 4.899533792013244e-07, 3.9678812413512787e-07, 3.6321424090601795e-07, 3.5011825616493297e-07, 3.7039902167634864e-07, 3.742477474588668e-07, 3.521184908095165e-07, 2.585931895282556e-07, 2.546871087361069e-07, 2.8781877858818916e-07, 2.340975555625846e-07, 2.3086336398137064e-07, 2.1588408571915352e-07, 1.872391379720284e-07, 1.7029705645654758e-07, 1.1544681655095701e-07, 5.322863572132519e-08, 2.5137335768476987e-08, 6.020475229462363e-09, 7.454005190865587e-10, 3.4652472558072134e-10, 4.4332777032751736e-11, 1.061091058768282e-11, 9.645752079012748e-12, 8.020170465250498e-12, 5.909982139090664e-12, 4.855839254996885e-12, 4.683250315329346e-12], "lowlevel.melbands128.stdev": [0.005074677057564259, 0.014304183423519135, 0.012421919032931328, 0.0063840048387646675, 0.0031158793717622757, 0.0027973726391792297, 0.0018910251092165709, 0.0008848505094647408, 0.0011779175838455558, 0.0022546907421201468, 0.002098643686622381, 0.0026854167226701975, 0.0037466830108314753, 0.001964335795491934, 0.0019795442931354046, 0.002861055312678218, 0.0017294683493673801, 0.0022624656558036804, 0.0009222254157066345, 0.0009368971805088222, 0.0011463627452030778, 0.001388995093293488, 0.00024571316316723824, 0.0005524830776266754, 0.000686467916239053, 0.0006295027560554445, 0.0011426408309489489, 0.00019383386825211346, 0.0003562168567441404, 0.0003810749913100153, 0.00027046017930842936, 0.00012878378038294613, 0.0001531916350359097, 0.00010407734225736931, 0.0001533877511974424, 0.00011270015966147184, 0.00010638945968821645, 0.00011245401401538402, 0.00011455270578153431, 0.00013476485037244856, 0.00016655292711220682, 0.0001606860023457557, 0.00011634401744231582, 6.95686467224732e-05, 7.502369408030063e-05, 7.910067506600171e-05, 5.457749648485333e-05, 3.351498526171781e-05, 9.473528916714713e-05, 4.660393460653722e-05, 1.5385270671686158e-05, 1.934730426000897e-05, 2.809583929774817e-05, 1.1402999916754197e-05, 1.100885583582567e-05, 1.633397550904192e-05, 1.2864948985225055e-05, 1.0278704394295346e-05, 1.3016137017984875e-05, 1.3737067092733923e-05, 1.1653150068013929e-05, 3.0058967240620404e-05, 2.930863956862595e-05, 1.7931510228663683e-05, 1.6437832528026775e-05, 1.0020599802373908e-05, 9.005831998365466e-06, 9.221865184372291e-06, 1.0598330845823511e-05, 1.4881052265991457e-05, 1.591673026268836e-05, 1.4726063454872929e-05, 1.1882065336976666e-05, 8.316099410876632e-06, 7.80443679104792e-06, 1.0201539225818124e-05, 7.006189662206452e-06, 4.7638518481107894e-06, 6.025460152159212e-06, 5.446760951599572e-06, 7.726906915195286e-06, 9.442184818908572e-06, 1.2660686479648575e-05, 1.7986943930736743e-05, 1.9694905859068967e-05, 1.818770033423789e-05, 1.9273929865448736e-05, 1.4614138308388647e-05, 7.453207672369899e-06, 4.117249773116782e-06, 3.1827132715989137e-06, 2.32399656852067e-06, 1.7468169062340166e-06, 1.424200718247448e-06, 1.2962460687049315e-06, 1.3347806770980242e-06, 1.2777419442500104e-06, 1.3763659580945387e-06, 1.391718910781492e-06, 1.1857696335937362e-06, 1.1214655160074471e-06, 8.924226904127863e-07, 7.814241484993545e-07, 7.518160032304877e-07, 7.158319590416795e-07, 6.91311299760855e-07, 6.461513066824409e-07, 4.937542712468712e-07, 4.5049011987430276e-07, 5.164149570191512e-07, 4.1005338857758034e-07, 4.040958572204545e-07, 3.866357474180404e-07, 3.705701487888291e-07, 3.588438914903236e-07, 2.2608716676586482e-07, 1.0089650714917298e-07, 6.590865808675517e-08, 2.1435504038436193e-08, 1.1208533656770214e-08, 7.338011087654195e-09, 5.921457768565119e-10, 9.161320313477717e-11, 7.516585270872511e-11, 4.900728781120911e-11, 1.8549425884195614e-11, 7.752138340977321e-12, 7.383812311578808e-12], "lowlevel.mfcc.mean": [-674.4697265625, 103.6259765625, 27.3546085357666, 18.407264709472656, -27.30984878540039, -2.815563678741455, -27.564363479614258, -6.946427345275879, -21.53097152709961, 0.7772920727729797, -1.6047474145889282, -9.390767097473145, 5.487593650817871], "lowlevel.spectral_contrast_coeffs.mean": [-0.5405703186988831, -0.6357392072677612, -0.7607313394546509, -0.8077085614204407, -0.7953625321388245, -0.7190536260604858], "lowlevel.spectral_contrast_coeffs.stdev": [0.15692658722400665, 0.08590487390756607, 0.08358976244926453, 0.05714870244264603, 0.04622741788625717, 0.05842524394392967], "lowlevel.spectral_contrast_valleys.mean": [-8.18143367767334, -7.061251640319824, -7.913332939147949, -8.236815452575684, -8.045951843261719, -10.426115989685059], "lowlevel.spectral_contrast_valleys.stdev": [1.4946157932281494, 0.759637713432312, 0.9066320061683655, 0.931702733039856, 1.0011917352676392, 1.0146368741989136], "rhythm.beats_loudness_band_ratio.mean": [0.39120957255363464, 0.33130934834480286, 0.22362679243087769, 0.030588936060667038, 0.016117176041007042, 0.0220774058252573], "rhythm.beats_loudness_band_ratio.stdev": [0.38736847043037415, 0.28116774559020996, 0.2032037377357483, 0.054878074675798416, 0.022495822980999947, 0.02158002182841301], "tonal.hpcp.mean": [0.12934072315692902, 0.15786467492580414, 0.07397372275590897, 0.031087836250662804, 0.020588943734765053, 0.020398983731865883, 0.09654371440410614, 0.11968335509300232, 0.043615031987428665, 0.017857203260064125, 0.025572890415787697, 0.03908658027648926, 0.1735144704580307, 0.2048967182636261, 0.06336186826229095, 0.05380941182374954, 0.06185729056596756, 0.021701104938983917, 0.010385140776634216, 0.010520477779209614, 0.03494873270392418, 0.22499223053455353, 0.40437373518943787, 0.24798519909381866, 0.048204127699136734, 0.02042924426496029, 0.02619309164583683, 0.16414587199687958, 0.18307191133499146, 0.0439068041741848, 0.01733303628861904, 0.014823732897639275, 0.02021845616400242, 0.047887541353702545, 0.055224936455488205, 0.047244902700185776], "tonal.hpcp.stdev": [0.2551632523536682, 0.29993531107902527, 0.19331838190555573, 0.14055311679840088, 0.11165067553520203, 0.09685023128986359, 0.22770380973815918, 0.2846457064151764, 0.12792788445949554, 0.10417184233665466, 0.1305306851863861, 0.15215487778186798, 0.28644534945487976, 0.339445561170578, 0.15392963588237762, 0.18051418662071228, 0.21233594417572021, 0.0895475372672081, 0.06803818047046661, 0.06530915945768356, 0.13978518545627594, 0.31844404339790344, 0.43011319637298584, 0.3569892942905426, 0.14600870013237, 0.10957861691713333, 0.11524462699890137, 0.27881455421447754, 0.3033013939857483, 0.11433428525924683, 0.08988330513238907, 0.08353014290332794, 0.1010497510433197, 0.14716553688049316, 0.16451123356819153, 0.1399502158164978], "rhythm.beats_position": [0.4643990993499756, 0.9752380847930908, 1.4744670391082764, 1.9736961126327515, 2.4845352172851562, 2.9953742027282715, 3.5062131881713867, 4.017052173614502, 4.5162811279296875, 5.015510082244873, 5.526349067687988, 6.0371880531311035, 6.548027038574219, 7.058866024017334, 7.569705009460449, 8.080544471740723, 8.59138298034668, 9.102222442626953, 9.61306095123291, 10.123900413513184, 10.63473892211914, 11.145578384399414, 11.656416893005371, 12.167256355285645, 12.678094863891602, 13.177324295043945, 13.676552772521973, 14.187392234802246, 14.698230743408203, 15.209070205688477, 15.719908714294434, 16.23074722290039, 16.741586685180664, 17.252426147460938, 17.76326560974121, 18.27410316467285, 18.773332595825195, 19.28417205810547, 19.783401489257812, 20.294239044189453, 20.805078506469727, 21.31591796875, 21.826757431030273, 22.337596893310547, 22.848434448242188, 23.35927391052246, 23.870113372802734, 24.380952835083008, 24.89179039001465, 25.402629852294922, 25.913469314575195, 26.42430877685547, 26.92353630065918, 27.422765731811523, 27.933605194091797, 28.44444465637207, 28.95528221130371, 29.466121673583984, 29.976961135864258, 30.48780059814453, 30.998638153076172, 31.509477615356445, 32.02031707763672, 32.53115463256836, 33.041996002197266, 33.552833557128906, 34.06367111206055, 34.57451248168945, 35.085350036621094, 35.59619140625, 36.09541702270508, 36.59464645385742, 37.10548782348633, 37.61632537841797, 38.12716293334961, 38.638004302978516, 39.148841857910156, 39.65968322753906, 40.1705207824707, 40.681358337402344, 41.19219970703125, 41.70303726196289, 42.2138786315918, 42.72471618652344, 43.22394561767578, 43.723175048828125, 44.234012603759766, 44.744850158691406, 45.25569152832031, 45.76652908325195, 46.27737045288086, 46.7882080078125, 47.29904556274414, 47.80988693237305, 48.32072448730469, 48.81995391845703, 49.33079147338867, 49.830020904541016, 50.34086227416992, 50.85169982910156, 51.3625373840332, 51.87337875366211, 52.38421630859375, 52.89505386352539, 53.4058952331543, 53.91673278808594, 54.427574157714844, 54.938411712646484, 55.43764114379883, 55.93687057495117, 56.44770812988281, 56.95854949951172, 57.46938705444336, 57.980224609375, 58.491065979003906, 59.00190353393555, 59.51274108886719, 60.023582458496094, 60.534420013427734, 61.04526138305664, 61.54448699951172, 62.04371643066406, 62.55455780029297, 63.06539535522461, 63.57623291015625, 64.08707427978516, 64.59791564941406, 65.10874938964844, 65.61959075927734, 66.13043212890625, 66.64126586914062], "rhythm.bpm_histogram": [0.0, 0.0, 0.0, 0.0, 0.0, 0.0, 0.0, 0.0, 0.0, 0.0, 0.0, 0.0, 0.0, 0.0, 0.0, 0.0, 0.0, 0.0, 0.0, 0.0, 0.0, 0.0, 0.0, 0.0, 0.0, 0.0, 0.0, 0.0, 0.0, 0.0, 0.0, 0.0, 0.0, 0.0, 0.0, 0.0, 0.0, 0.0, 0.0, 0.0, 0.0, 0.0, 0.0, 0.0, 0.0, 0.0, 0.0, 0.0, 0.0, 0.0, 0.0, 0.0, 0.0, 0.0, 0.0, 0.0, 0.0, 0.0, 0.0, 0.0, 0.0, 0.0, 0.0, 0.0, 0.0, 0.0, 0.0, 0.0, 0.0, 0.0, 0.0, 0.0, 0.0, 0.0, 0.0, 0.0, 0.0, 0.0, 0.0, 0.0, 0.0, 0.0, 0.0, 0.0, 0.0, 0.0, 0.0, 0.0, 0.0, 0.0, 0.0, 0.0, 0.0, 0.0, 0.0, 0.0, 0.0, 0.0, 0.0, 0.0, 0.0, 0.0, 0.0, 0.0, 0.0, 0.0, 0.0, 0.0, 0.0, 0.0, 0.0, 0.0, 0.0, 0.0, 0.0, 0.0, 0.0, 0.8461538553237915, 0.0, 0.0, 0.1538461595773697, 0.0, 0.0, 0.0, 0.0, 0.0, 0.0, 0.0, 0.0, 0.0, 0.0, 0.0, 0.0, 0.0, 0.0, 0.0, 0.0, 0.0, 0.0, 0.0, 0.0, 0.0, 0.0, 0.0, 0.0, 0.0, 0.0, 0.0, 0.0, 0.0, 0.0, 0.0, 0.0, 0.0, 0.0, 0.0, 0.0, 0.0, 0.0, 0.0, 0.0, 0.0, 0.0, 0.0, 0.0, 0.0, 0.0, 0.0, 0.0, 0.0, 0.0, 0.0, 0.0, 0.0, 0.0, 0.0, 0.0, 0.0, 0.0, 0.0, 0.0, 0.0, 0.0, 0.0, 0.0, 0.0, 0.0, 0.0, 0.0, 0.0, 0.0, 0.0, 0.0, 0.0, 0.0, 0.0, 0.0, 0.0, 0.0, 0.0, 0.0, 0.0, 0.0, 0.0, 0.0, 0.0, 0.0, 0.0, 0.0, 0.0, 0.0, 0.0, 0.0, 0.0, 0.0, 0.0, 0.0, 0.0, 0.0, 0.0, 0.0, 0.0, 0.0, 0.0, 0.0, 0.0, 0.0, 0.0, 0.0, 0.0, 0.0, 0.0, 0.0, 0.0, 0.0, 0.0, 0.0, 0.0, 0.0, 0.0, 0.0, 0.0, 0.0, 0.0, 0.0, 0.0, 0.0, 0.0, 0.0, 0.0], "tonal.chords_histogram": [51.28205108642578, 12.47401237487793, 2.0790021419525146, 0.0, 3.1185030937194824, 0.0, 0.41580042243003845, 0.0, 0.0, 0.0, 0.0, 0.0, 0.0, 0.0, 0.0, 0.0, 0.0, 0.0, 0.0, 0.9702009558677673, 0.0, 4.365904331207275, 1.1781011819839478, 24.116424560546875], "tonal.thpcp": [1.0, 0.6132574081420898, 0.11920686811208725, 0.050520699471235275, 0.06477446109056473, 0.4059261381626129, 0.4527294933795929, 0.10857976227998734, 0.04286390170454979, 0.03665849566459656, 0.049999430775642395, 0.11842396855354309, 0.1365690529346466, 0.11683474481105804, 0.31985440850257874, 0.3903929889202118, 0.18293404579162598, 0.07687897235155106, 0.05091563239693642, 0.05044586583971977, 0.2387487292289734, 0.29597213864326477, 0.10785821825265884, 0.044160146266222, 0.06324072927236557, 0.09665954113006592, 0.4290943145751953, 0.5067013502120972, 0.15669135749340057, 0.1330685168504715, 0.1529705971479416, 0.05366596207022667, 0.025682035833597183, 0.0260167196393013, 0.08642680943012238, 0.5563967227935791], "lowlevel.gfcc.cov": [[5324.7333984375, -864.9148559570312, 104.82903289794922, 1214.9033203125, 926.8541259765625, 1086.586669921875, 517.0838623046875, 826.0115966796875, 41.94297409057617, 370.8117980957031, -51.2275390625, 283.85821533203125, -123.80656433105469], [-864.9148559570312, 1435.3653564453125, 481.0552673339844, -307.3333435058594, 444.1322326660156, 92.3659439086914, 259.98345947265625, -4.111473560333252, 157.27391052246094, -45.010738372802734, 113.1272201538086, -111.85633850097656, 98.21627807617188], [104.82903289794922, 481.0552673339844, 1976.5069580078125, 895.8423461914062, 756.177001953125, 705.8147583007812, 677.5038452148438, 668.5706787109375, 423.4175720214844, 472.9313049316406, 186.0050506591797, 211.067138671875, 126.54322052001953], [1214.9033203125, -307.3333435058594, 895.8423461914062, 1228.8221435546875, 531.400634765625, 470.6096496582031, 382.4173583984375, 516.447021484375, 253.2639617919922, 290.8194885253906, 53.53101348876953, 200.14427185058594, 46.84111785888672], [926.8541259765625, 444.1322326660156, 756.177001953125, 531.400634765625, 1013.7578125, 681.7047729492188, 487.85418701171875, 468.0079650878906, 239.049560546875, 319.0850830078125, 158.3529510498047, 142.34664916992188, 81.96380615234375], [1086.586669921875, 92.3659439086914, 705.8147583007812, 470.6096496582031, 681.7047729492188, 845.4586791992188, 521.0460815429688, 410.06103515625, 192.0016632080078, 370.5412292480469, 161.31741333007812, 160.94390869140625, 73.03886413574219], [517.0838623046875, 259.98345947265625, 677.5038452148438, 382.4173583984375, 487.85418701171875, 521.0460815429688, 558.0316772460938, 402.7137756347656, 220.04000854492188, 294.16900634765625, 150.16799926757812, 132.27334594726562, 69.5167007446289], [826.0115966796875, -4.111473560333252, 668.5706787109375, 516.447021484375, 468.0079650878906, 410.06103515625, 402.7137756347656, 565.3924560546875, 247.16136169433594, 274.2496643066406, 94.5850830078125, 148.99583435058594, 52.04808807373047], [41.94297409057617, 157.27391052246094, 423.4175720214844, 253.2639617919922, 239.049560546875, 192.0016632080078, 220.04000854492188, 247.16136169433594, 286.4593811035156, 193.36851501464844, 72.6742935180664, 60.15531921386719, 58.851016998291016], [370.8117980957031, -45.010738372802734, 472.9313049316406, 290.8194885253906, 319.0850830078125, 370.5412292480469, 294.16900634765625, 274.2496643066406, 193.36851501464844, 375.59552001953125, 166.04205322265625, 108.64861297607422, 34.736228942871094], [-51.2275390625, 113.1272201538086, 186.0050506591797, 53.53101348876953, 158.3529510498047, 161.31741333007812, 150.16799926757812, 94.5850830078125, 72.6742935180664, 166.04205322265625, 180.134521484375, 80.99597930908203, 40.49631881713867], [283.85821533203125, -111.85633850097656, 211.067138671875, 200.14427185058594, 142.34664916992188, 160.94390869140625, 132.27334594726562, 148.99583435058594, 60.15531921386719, 108.64861297607422, 80.99597930908203, 160.95912170410156, 42.47298812866211], [-123.80656433105469, 98.21627807617188, 126.54322052001953, 46.84111785888672, 81.96380615234375, 73.03886413574219, 69.5167007446289, 52.04808807373047, 58.851016998291016, 34.736228942871094, 40.49631881713867, 42.47298812866211, 129.18064880371094]], "lowlevel.gfcc.icov": [[0.0007427616510540247, -0.0005611767992377281, 0.0009072086540982127, -0.0007507803966291249, 0.000301096384646371, -0.001202948740683496, 0.0006404459127224982, -0.001382574555464089, 0.0010590197052806616, -0.0009397353860549629, 0.001572096487507224, -0.001040944829583168, 0.0008432363974861801], [-0.0005611767992377281, 0.004447184968739748, -0.002191513776779175, 0.0023433552123606205, -0.0031719794496893883, 0.0024805059656500816, -0.0034127405378967524, 0.003126331139355898, -0.0033594141714274883, 0.005376284476369619, -0.005077659618109465, 0.004810791928321123, -0.0013401348842307925], [0.0009072086540982127, -0.002191513776779175, 0.002817540429532528, -0.001970586832612753, 0.001383944065310061, -0.002056339057162404, 0.001274503767490387, -0.0026607278268784285, 0.001795052899979055, -0.003138648346066475, 0.003406753297895193, -0.002647027838975191, 0.000989472959190607], [-0.0007507803966291249, 0.0023433552123606205, -0.001970586832612753, 0.0032400949858129025, -0.0018603524658828974, 0.0018338579684495926, -0.0016541052609682083, 0.001651863451115787, -0.0023412248119711876, 0.002610079711303115, -0.0020622885785996914, 0.0015297671779990196, -0.000869338633492589], [0.000301096384646371, -0.0031719794496893883, 0.001383944065310061, -0.0018603524658828974, 0.0048907361924648285, -0.0033598763402551413, 0.0024884601589292288, -0.002964973682537675, 0.0018951579695567489, -0.0029249736107885838, 0.002332598203793168, -0.002599970204755664, 0.00071788823697716], [-0.001202948740683496, 0.0024805059656500816, -0.002056339057162404, 0.0018338579684495926, -0.0033598763402551413, 0.007183282170444727, -0.004701104015111923, 0.003626406891271472, -0.0011700318427756429, 0.0006900454754941165, -0.0025261854752898216, 0.002377901691943407, -0.0021927698981016874], [0.0006404459127224982, -0.0034127405378967524, 0.001274503767490387, -0.0016541052609682083, 0.0024884601589292288, -0.004701104015111923, 0.009425961412489414, -0.00492017762735486, 0.0018338779918849468, -0.0036411629989743233, 0.0021440619602799416, -0.003415375016629696, 0.0011432935716584325], [-0.001382574555464089, 0.003126331139355898, -0.0026607278268784285, 0.001651863451115787, -0.002964973682537675, 0.003626406891271472, -0.00492017762735486, 0.009563246741890907, -0.004890783689916134, 0.003077860688790679, -0.003071795916184783, 0.0018779118545353413, -0.0013230973854660988], [0.0010590197052806616, -0.0033594141714274883, 0.001795052899979055, -0.0023412248119711876, 0.0018951579695567489, -0.0011700318427756429, 0.0018338779918849468, -0.004890783689916134, 0.010949299670755863, -0.007411805447191, 0.005507639609277248, -0.002807577373459935, -0.0006962452316656709], [-0.0009397353860549629, 0.005376284476369619, -0.003138648346066475, 0.002610079711303115, -0.0029249736107885838, 0.0006900454754941165, -0.0036411629989743233, 0.003077860688790679, -0.007411805447191, 0.01604854129254818, -0.012583681382238865, 0.006523846182972193, 0.00018602072668727487], [0.001572096487507224, -0.005077659618109465, 0.003406753297895193, -0.0020622885785996914, 0.002332598203793168, -0.0025261854752898216, 0.0021440619602799416, -0.003071795916184783, 0.005507639609277248, -0.012583681382238865, 0.02030414529144764, -0.010658358223736286, 0.0008238526061177254], [-0.001040944829583168, 0.004810791928321123, -0.002647027838975191, 0.0015297671779990196, -0.002599970204755664, 0.002377901691943407, -0.003415375016629696, 0.0018779118545353413, -0.002807577373459935, 0.006523846182972193, -0.010658358223736286, 0.017003195360302925, -0.003954892512410879], [0.0008432363974861801, -0.0013401348842307925, 0.000989472959190607, -0.000869338633492589, 0.00071788823697716, -0.0021927698981016874, 0.0011432935716584325, -0.0013230973854660988, -0.0006962452316656709, 0.00018602072668727487, 0.0008238526061177254, -0.003954892512410879, 0.010925478301942348]], "lowlevel.mfcc.cov": [[5450.64208984375, -954.6824951171875, -495.3529968261719, 399.70855712890625, 610.9043579101562, 491.8000183105469, 661.9608154296875, 596.8494873046875, 408.1260070800781, 341.70111083984375, 292.53070068359375, 47.27613067626953, 202.7590789794922], [-954.6824951171875, 1534.386474609375, 142.4288330078125, -186.0711212158203, 182.25990295410156, 131.19784545898438, 220.48777770996094, 69.82887268066406, 85.73715209960938, 145.18043518066406, 75.72795104980469, 48.14457321166992, 0.41089192032814026], [-495.3529968261719, 142.4288330078125, 1363.2564697265625, 600.8726806640625, 389.6227111816406, 351.53173828125, 383.1357116699219, 319.1683349609375, 472.74176025390625, 251.89242553710938, 390.1695556640625, 296.3591003417969, 237.63058471679688], [399.70855712890625, -186.0711212158203, 600.8726806640625, 842.3193359375, 411.9199523925781, 197.42347717285156, 242.13670349121094, 312.5738830566406, 348.3849792480469, 187.1938934326172, 228.88380432128906, 186.19012451171875, 198.8333282470703], [610.9043579101562, 182.25990295410156, 389.6227111816406, 411.9199523925781, 697.030517578125, 390.6513671875, 435.98565673828125, 318.46533203125, 379.7790832519531, 246.866455078125, 242.46987915039062, 218.57955932617188, 200.41786193847656], [491.8000183105469, 131.19784545898438, 351.53173828125, 197.42347717285156, 390.6513671875, 575.51611328125, 452.465576171875, 240.78170776367188, 281.04718017578125, 234.87689208984375, 253.18702697753906, 171.29135131835938, 183.2859344482422], [661.9608154296875, 220.48777770996094, 383.1357116699219, 242.13670349121094, 435.98565673828125, 452.465576171875, 654.7306518554688, 336.75848388671875, 344.63641357421875, 261.1227111816406, 325.7593688964844, 220.06236267089844, 193.4773712158203], [596.8494873046875, 69.82887268066406, 319.1683349609375, 312.5738830566406, 318.46533203125, 240.78170776367188, 336.75848388671875, 388.825927734375, 301.2601318359375, 198.59942626953125, 196.03944396972656, 115.39714813232422, 137.27218627929688], [408.1260070800781, 85.73715209960938, 472.74176025390625, 348.3849792480469, 379.7790832519531, 281.04718017578125, 344.63641357421875, 301.2601318359375, 450.72064208984375, 272.8802795410156, 264.2275695800781, 189.27748107910156, 187.98391723632812], [341.70111083984375, 145.18043518066406, 251.89242553710938, 187.1938934326172, 246.866455078125, 234.87689208984375, 261.1227111816406, 198.59942626953125, 272.8802795410156, 336.9945983886719, 192.65451049804688, 76.67877960205078, 147.80233764648438], [292.53070068359375, 75.72795104980469, 390.1695556640625, 228.88380432128906, 242.46987915039062, 253.18702697753906, 325.7593688964844, 196.03944396972656, 264.2275695800781, 192.65451049804688, 366.6558532714844, 241.0470428466797, 169.57293701171875], [47.27613067626953, 48.14457321166992, 296.3591003417969, 186.19012451171875, 218.57955932617188, 171.29135131835938, 220.06236267089844, 115.39714813232422, 189.27748107910156, 76.67877960205078, 241.0470428466797, 305.9087219238281, 150.73341369628906], [202.7590789794922, 0.41089192032814026, 237.63058471679688, 198.8333282470703, 200.41786193847656, 183.2859344482422, 193.4773712158203, 137.27218627929688, 187.98391723632812, 147.80233764648438, 169.57293701171875, 150.73341369628906, 222.57791137695312]], "lowlevel.mfcc.icov": [[0.00041237659752368927, 0.00031374176614917815, 0.00044233884545974433, -2.328646405658219e-05, -0.00021467593614943326, -5.831228554598056e-05, -0.000232320002396591, -0.00045218784362077713, -0.00011752088175853714, -2.226654760306701e-05, -0.00037621628143824637, 0.00033858855022117496, 6.582702189916745e-05], [0.00031374176614917815, 0.001070006168447435, 0.00010259373812004924, 0.00048009681631810963, -0.0005415435298345983, 0.00017043873958755285, -0.0004233203362673521, -0.00040222486131824553, 0.00019111741858068854, -0.0005542055005207658, -0.00011327402899041772, 5.599286305368878e-05, 0.000392109650420025], [0.00044233884545974433, 0.00010259373812004924, 0.002009785734117031, -0.0008421826059930027, 0.0002331408322788775, -0.0004884466179646552, -9.948352817445993e-05, -0.0002492170315235853, -0.0013079005293548107, 0.000448203383712098, -0.0010944108944386244, 0.0002647976216394454, 9.741584653966129e-05], [-2.328646405658219e-05, 0.00048009681631810963, -0.0008421826059930027, 0.002838743617758155, -0.001222748076543212, 0.0005943602882325649, 0.0006036857375875115, -0.0012138303136453032, -5.695414074580185e-06, -3.332049527671188e-05, -0.00013052845315542072, 2.6902411264018156e-05, -0.0006728495936840773], [-0.00021467593614943326, -0.0005415435298345983, 0.0002331408322788775, -0.001222748076543212, 0.0042954618111252785, -0.0012020017020404339, -0.0007484650705009699, -4.078561323694885e-05, -0.0015294088516384363, -7.951391307869926e-05, 0.0016207469161599874, -0.0014975395752117038, -3.8390055124182254e-05], [-5.831228554598056e-05, 0.00017043873958755285, -0.0004884466179646552, 0.0005943602882325649, -0.0012020017020404339, 0.004573739133775234, -0.0021549162920564413, 0.0003569838881958276, 0.00048041698755696416, -0.0007524352986365557, -0.00020444481924641877, 0.00033479041303507984, -0.0009647232946008444], [-0.000232320002396591, -0.0004233203362673521, -9.948352817445993e-05, 0.0006036857375875115, -0.0007484650705009699, -0.0021549162920564413, 0.0058034872636199, -0.00209096004255116, 0.0001296523114433512, -4.307699418859556e-05, -0.0018807705491781235, -0.0004715887480415404, 0.00014400143118109554], [-0.00045218784362077713, -0.00040222486131824553, -0.0002492170315235853, -0.0012138303136453032, -4.078561323694885e-05, 0.0003569838881958276, -0.00209096004255116, 0.007810880430042744, -0.002761645009741187, 0.00030782795511186123, 9.325812425231561e-05, 0.0011721199844032526, -0.00023066849098540843], [-0.00011752088175853714, 0.00019111741858068854, -0.0013079005293548107, -5.695414074580185e-06, -0.0015294088516384363, 0.00048041698755696416, 0.0001296523114433512, -0.002761645009741187, 0.009715528227388859, -0.00394486216828227, -0.00022094779706094414, -0.0017387500265613198, -0.00015989829262252897], [-2.226654760306701e-05, -0.0005542055005207658, 0.000448203383712098, -3.332049527671188e-05, -7.951391307869926e-05, -0.0007524352986365557, -4.307699418859556e-05, 0.00030782795511186123, -0.00394486216828227, 0.00842531118541956, -0.002809471683576703, 0.003929167985916138, -0.0026721907779574394], [-0.00037621628143824637, -0.00011327402899041772, -0.0010944108944386244, -0.00013052845315542072, 0.0016207469161599874, -0.00020444481924641877, -0.0018807705491781235, 9.325812425231561e-05, -0.00022094779706094414, -0.002809471683576703, 0.01057280134409666, -0.005981772672384977, -3.751513941097073e-05], [0.00033858855022117496, 5.599286305368878e-05, 0.0002647976216394454, 2.6902411264018156e-05, -0.0014975395752117