{"song_id": "1182281863864258630", "download": "https://cdn.discordapp.com/attachments/1128313332273782784/1182281863864258630/chirp.mp4?ex=658420ca&amp", "lyrics": "[verse]\nElias and Bobo, friends so true\nEmbark on adventures, away they flew\nExploring the world, with hearts so pure\nTogether they'll conquer, of that they're sure\n\n[chorus]\nElias und Bobo, on Abenteuertour\nWith laughter and joy, their spirits will soar\nHand in hand, they'll face all the unknown\nBound by friendship, forever they'll roam", "style": ["random"], "essentia_features": {"lowlevel.average_loudness": 0.9062644243240356, "lowlevel.barkbands_crest.mean": 13.692268371582031, "lowlevel.barkbands_crest.stdev": 4.589306831359863, "lowlevel.barkbands_flatness_db.mean": 0.32693442702293396, "lowlevel.barkbands_flatness_db.stdev": 0.07253529876470566, "lowlevel.barkbands_kurtosis.mean": 15.748917579650879, "lowlevel.barkbands_kurtosis.stdev": 26.58076286315918, "lowlevel.barkbands_skewness.mean": 2.4603707790374756, "lowlevel.barkbands_skewness.stdev": 1.718220591545105, "lowlevel.barkbands_spread.mean": 5.358734607696533, "lowlevel.barkbands_spread.stdev": 6.602097511291504, "lowlevel.dissonance.mean": 0.36632585525512695, "lowlevel.dissonance.stdev": 0.060127489268779755, "lowlevel.dynamic_complexity": 3.371181011199951, "lowlevel.erbbands_crest.mean": 14.707194328308105, "lowlevel.erbbands_crest.stdev": 5.329614162445068, "lowlevel.erbbands_flatness_db.mean": 0.29446667432785034, "lowlevel.erbbands_flatness_db.stdev": 0.0573708601295948, "lowlevel.erbbands_kurtosis.mean": 4.529408931732178, "lowlevel.erbbands_kurtosis.stdev": 8.327420234680176, "lowlevel.erbbands_skewness.mean": 1.377539038658142, "lowlevel.erbbands_skewness.stdev": 1.1458245515823364, "lowlevel.erbbands_spread.mean": 18.689172744750977, "lowlevel.erbbands_spread.stdev": 16.43795394897461, "lowlevel.hfc.mean": 8.896233558654785, "lowlevel.hfc.stdev": 9.321354866027832, "lowlevel.loudness_ebu128.integrated": -14.231609344482422, "lowlevel.loudness_ebu128.loudness_range": 5.271215438842773, "lowlevel.loudness_ebu128.momentary.mean": -14.9193115234375, "lowlevel.loudness_ebu128.momentary.stdev": 2.5280354022979736, "lowlevel.loudness_ebu128.short_term.mean": -14.769763946533203, "lowlevel.loudness_ebu128.short_term.stdev": 1.928122639656067, "lowlevel.melbands_crest.mean": 18.197107315063477, "lowlevel.melbands_crest.stdev": 5.40358829498291, "lowlevel.melbands_flatness_db.mean": 0.41093939542770386, "lowlevel.melbands_flatness_db.stdev": 0.08785703778266907, "lowlevel.melbands_kurtosis.mean": 18.654510498046875, "lowlevel.melbands_kurtosis.stdev": 21.564390182495117, "lowlevel.melbands_skewness.mean": 2.656019687652588, "lowlevel.melbands_skewness.stdev": 1.5918998718261719, "lowlevel.melbands_spread.mean": 6.273300647735596, "lowlevel.melbands_spread.stdev": 6.46901798248291, "lowlevel.pitch_salience.mean": 0.4531503915786743, "lowlevel.pitch_salience.stdev": 0.11867938935756683, "lowlevel.silence_rate_20dB.mean": 1.0, "lowlevel.silence_rate_20dB.stdev": 0.0, "lowlevel.silence_rate_30dB.mean": 0.9982216954231262, "lowlevel.silence_rate_30dB.stdev": 0.042132407426834106, "lowlevel.silence_rate_60dB.mean": 0.056312981992959976, "lowlevel.silence_rate_60dB.stdev": 0.23052754998207092, "lowlevel.spectral_centroid.mean": 445.10675048828125, "lowlevel.spectral_centroid.stdev": 245.1399383544922, "lowlevel.spectral_complexity.mean": 7.102549076080322, "lowlevel.spectral_complexity.stdev": 2.7801642417907715, "lowlevel.spectral_decrease.mean": -6.440723065992415e-09, "lowlevel.spectral_decrease.stdev": 5.061766561453851e-09, "lowlevel.spectral_energy.mean": 0.02511565387248993, "lowlevel.spectral_energy.stdev": 0.019783230498433113, "lowlevel.spectral_energyband_high.mean": 4.008353062090464e-05, "lowlevel.spectral_energyband_high.stdev": 0.00019508684636093676, "lowlevel.spectral_energyband_low.mean": 0.0055219437927007675, "lowlevel.spectral_energyband_low.stdev": 0.007597800809890032, "lowlevel.spectral_energyband_middle_high.mean": 0.0019901785999536514, "lowlevel.spectral_energyband_middle_high.stdev": 0.005362521391361952, "lowlevel.spectral_energyband_middle_low.mean": 0.018536904826760292, "lowlevel.spectral_energyband_middle_low.stdev": 0.017785940319299698, "lowlevel.spectral_entropy.mean": 5.764334678649902, "lowlevel.spectral_entropy.stdev": 0.6437867879867554, "lowlevel.spectral_flux.mean": 0.046697016805410385, "lowlevel.spectral_flux.stdev": 0.04364122822880745, "lowlevel.spectral_kurtosis.mean": 33.709720611572266, "lowlevel.spectral_kurtosis.stdev": 27.48769760131836, "lowlevel.spectral_rms.mean": 0.004552357364445925, "lowlevel.spectral_rms.stdev": 0.0019439974566921592, "lowlevel.spectral_rolloff.mean": 520.5615844726562, "lowlevel.spectral_rolloff.stdev": 663.6619262695312, "lowlevel.spectral_skewness.mean": 4.045745849609375, "lowlevel.spectral_skewness.stdev": 1.7990269660949707, "lowlevel.spectral_spread.mean": 2300364.0, "lowlevel.spectral_spread.stdev": 1667170.25, "lowlevel.spectral_strongpeak.mean": 1.049573540687561, "lowlevel.spectral_strongpeak.stdev": 0.8920880556106567, "lowlevel.zerocrossingrate.mean": 0.02131013385951519, "lowlevel.zerocrossingrate.stdev": 0.01897873915731907, "metadata.audio_properties.analysis.equal_loudness": 0.0, "metadata.audio_properties.analysis.length": 39.146644592285156, "metadata.audio_properties.analysis.sample_rate": 44100.0, "metadata.audio_properties.analysis.start_time": 0.0, "metadata.audio_properties.bit_rate": 118065.0, "metadata.audio_properties.length": 39.14666748046875, "metadata.audio_properties.lossless": 0.0, "metadata.audio_properties.number_channels": 1.0, "metadata.audio_properties.replay_gain": -13.708459854125977, "metadata.audio_properties.sample_rate": 48000.0, "rhythm.beats_count": 88.0, "rhythm.beats_loudness.mean": 0.04108138754963875, "rhythm.beats_loudness.stdev": 0.021104468032717705, "rhythm.bpm": 138.5205078125, "rhythm.bpm_histogram_first_peak_bpm": 140.0, "rhythm.bpm_histogram_first_peak_weight": 0.513888955116272, "rhythm.bpm_histogram_second_peak_bpm": 133.0, "rhythm.bpm_histogram_second_peak_spread": 0.15384620428085327, "rhythm.bpm_histogram_second_peak_weight": 0.12643678486347198, "rhythm.danceability": 1.2626017332077026, "rhythm.onset_rate": 4.2645063400268555, "tonal.chords_changes_rate": 0.04857819899916649, "tonal.chords_number_rate": 0.009478673338890076, "tonal.chords_strength.mean": 0.5210174918174744, "tonal.chords_strength.stdev": 0.11212944984436035, "tonal.hpcp_crest.mean": 18.053970336914062, "tonal.hpcp_crest.stdev": 7.149735927581787, "tonal.hpcp_entropy.mean": 1.3632893562316895, "tonal.hpcp_entropy.stdev": 0.5871846079826355, "tonal.key_edma.strength": 0.7190788388252258, "tonal.key_krumhansl.strength": 0.7159271836280823, "tonal.key_temperley.strength": 0.7460273504257202, "tonal.tuning_diatonic_strength": 0.5777036547660828, "tonal.tuning_equal_tempered_deviation": 0.02755330689251423, "tonal.tuning_frequency": 438.2245178222656, "tonal.tuning_nontempered_energy_ratio": 0.6316187977790833, "lowlevel.barkbands.mean": [3.681849193526432e-06, 0.0007710569771006703, 0.0038472204469144344, 0.0019908410031348467, 0.00936620868742466, 0.003331360872834921, 0.0015967019135132432, 0.0009370981715619564, 0.0011764051159843802, 0.0007295357063412666, 0.0004375961434561759, 0.00038099256926216185, 0.00012415162927936763, 9.696345659904182e-05, 0.00012849962513428181, 4.088340574526228e-05, 3.612838554545306e-05, 4.652067582355812e-05, 2.8790809665224515e-05, 8.975406672107056e-06, 5.45812781638233e-06, 6.3701645558467135e-06, 6.857620064693037e-06, 1.0926022696367e-05, 5.195229732635198e-06, 1.2227654906382668e-06, 5.1313683968601254e-08], "lowlevel.barkbands.stdev": [6.381122602761025e-06, 0.0016027732053771615, 0.006229482125490904, 0.0030249792616814375, 0.013705132529139519, 0.006080730818212032, 0.00265023997053504, 0.0023125987499952316, 0.004013248719274998, 0.00349101098254323, 0.0020180391147732735, 0.0010267759207636118, 0.00037446722853928804, 0.000486465374706313, 0.0005138725973665714, 0.00017701562319416553, 0.00015042515587992966, 0.00019094556046184152, 9.28804074646905e-05, 2.817195672832895e-05, 1.8804770661517978e-05, 2.9784394428133965e-05, 4.73527870781254e-05, 8.136014366755262e-05, 3.539795216056518e-05, 6.9858342612860724e-06, 4.266204598479817e-07], "lowlevel.erbbands.mean": [0.004048304632306099, 0.31727898120880127, 3.9959816932678223, 5.490805625915527, 18.601245880126953, 33.74976348876953, 31.07340431213379, 25.81456756591797, 25.64842987060547, 14.964149475097656, 26.710752487182617, 29.2678279876709, 19.493791580200195, 23.37766456604004, 17.443660736083984, 14.58292293548584, 6.222628593444824, 4.9954938888549805, 7.728753566741943, 4.134675025939941, 2.034503936767578, 1.686645746231079, 2.519972562789917, 1.7989119291305542, 1.416210412979126, 0.5146013498306274, 0.2650408148765564, 0.2235448956489563, 0.21694615483283997, 0.16212880611419678, 0.20057468116283417, 0.26500794291496277, 0.15552090108394623, 0.07913343608379364, 0.024992413818836212, 0.008098548278212547, 0.0017546023009344935, 0.0002299983607372269, 1.8623217329150066e-05, 2.825428600772284e-05], "lowlevel.erbbands.stdev": [0.007447611074894667, 0.6140164136886597, 6.7395782470703125, 5.4736456871032715, 28.185152053833008, 56.30986022949219, 68.31083679199219, 46.391357421875, 37.662498474121094, 47.707462310791016, 62.35371398925781, 99.01513671875, 80.23141479492188, 101.88449096679688, 68.66736602783203, 34.77302169799805, 16.61099624633789, 20.76420021057129, 30.057165145874023, 16.27801513671875, 6.117140293121338, 5.682461261749268, 8.56046199798584, 6.832538604736328, 5.623623371124268, 1.5770596265792847, 0.8543201088905334, 0.8756834268569946, 1.004852056503296, 0.9948570728302002, 1.4439219236373901, 2.21532940864563, 1.1498628854751587, 0.5758320689201355, 0.15775273740291595, 0.04885007068514824, 0.009790701791644096, 0.0012251134030520916, 4.6353878133231774e-05, 2.203799522249028e-05], "lowlevel.gfcc.mean": [-141.04150390625, 178.06484985351562, -102.65736389160156, 2.484031915664673, -49.86067581176758, -20.915666580200195, -44.6355094909668, -13.980350494384766, -29.236764907836914, -14.985160827636719, -7.231949329376221, -17.046154022216797, -13.745945930480957], "lowlevel.melbands.mean": [0.0001065825272235088, 0.0014357955660670996, 0.0012801639968529344, 0.0021213258150964975, 0.001140162697993219, 0.0005991255166009068, 0.0003570032131392509, 0.00015091168461367488, 0.00023255239648278803, 0.00016597207286395133, 9.708131983643398e-05, 9.892272646538913e-05, 6.430515350075439e-05, 4.494410677580163e-05, 2.2909958715899847e-05, 1.0984738764818758e-05, 8.812225132714957e-06, 1.2601160960912239e-05, 7.462244866474066e-06, 3.5876423680747394e-06, 2.2511721908813342e-06, 1.5038042420201236e-06, 2.266383717142162e-06, 2.666539103302057e-06, 1.24128098377696e-06, 1.2612812270162976e-06, 4.927523491460306e-07, 3.096891418863379e-07, 1.7358652826260368e-07, 1.1782636022417137e-07, 1.4380793800228275e-07, 1.374823597188879e-07, 9.764960395841626e-08, 8.329559619824067e-08, 9.362797470657824e-08, 1.6580473527483264e-07, 1.6334493579961418e-07, 1.1420308254628253e-07, 8.304795784397356e-08, 6.171676147914695e-08], "lowlevel.melbands.stdev": [0.0002208850928582251, 0.002352082869037986, 0.0013040028279647231, 0.0032288790680468082, 0.002301171189174056, 0.0010148141300305724, 0.0005088199977762997, 0.00046133965952321887, 0.0005554420640692115, 0.0005634325207211077, 0.00042410174501128495, 0.00045604296610690653, 0.0002833204925991595, 0.00012671042350120842, 6.391685019480065e-05, 3.8230249629123136e-05, 4.1963488911278546e-05, 4.981977690476924e-05, 3.145031223539263e-05, 1.6674961443641223e-05, 8.091289600997698e-06, 4.352903943072306e-06, 1.1176897714904044e-05, 1.1932471352338325e-05, 5.3843714340473525e-06, 4.924165750708198e-06, 1.687697817942535e-06, 1.0701623978093266e-06, 5.868813559573027e-07, 4.218221079099749e-07, 6.826923026892473e-07, 6.420304430321266e-07, 5.921550041421142e-07, 5.376027729653288e-07, 6.362016051753017e-07, 1.460108478568145e-06, 1.3554694078266039e-06, 8.455442639387911e-07, 6.772786491637817e-07, 4.4027049739270296e-07], "lowlevel.melbands128.mean": [1.5967731314958655e-06, 2.3961911210790277e-06, 1.468021855544066e-05, 0.0005459677777253091, 0.0020359100308269262, 0.001649943646043539, 0.0009960320312529802, 0.0010493835434317589, 0.0016932112630456686, 0.0029924327973276377, 0.001729136216454208, 0.0012048992794007063, 0.0010828700615093112, 0.0009088807855732739, 0.0005756792379543185, 0.0004044543602503836, 0.000512790575157851, 0.00035417801700532436, 0.00015590371913276613, 0.0001804967614589259, 9.219638741342351e-05, 0.00021825353906024247, 0.0002494184300303459, 0.00024278179625980556, 0.00025034244754351676, 8.720783807802945e-05, 0.00010398650192655623, 7.67304518376477e-05, 0.00011190007353434339, 0.00013618635421153158, 6.737349758623168e-05, 8.003481343621388e-05, 8.334551239386201e-05, 2.838137515936978e-05, 5.571931615122594e-05, 4.497623740462586e-05, 4.204114156891592e-05, 1.81868344952818e-05, 1.787832661648281e-05, 9.5412578957621e-06, 8.384344255318865e-06, 1.4835854926786851e-05, 5.4270162763714325e-06, 8.15988278191071e-06, 1.1515444384713192e-05, 1.2891439837403595e-05, 1.684673952695448e-05, 4.702632395492401e-06, 5.001409590477124e-06, 7.1180293161887676e-06, 2.4782386844890425e-06, 1.1093815146523411e-06, 3.0056710329517955e-06, 2.354440539420466e-06, 1.7328990224996232e-06, 9.422252560398192e-07, 9.357798376186111e-07, 4.319240360928234e-06, 1.5522464309469797e-06, 1.297073708883545e-06, 3.73960074284696e-06, 2.681597379705636e-06, 1.3253248880573665e-06, 8.035316909626999e-07, 1.1816490541605162e-06, 1.038042228174163e-06, 1.9716301267180825e-06, 3.1528708177575027e-07, 2.3011934047190152e-07, 4.458335354229348e-07, 2.9797689649058157e-07, 3.165036446262093e-07, 1.3313670876868855e-07, 1.903931661217939e-07, 1.4005800608174468e-07, 1.2504331436957727e-07, 1.1121666432245547e-07, 7.635394894123237e-08, 1.5444156531430053e-07, 2.1379948123012582e-07, 1.4922829905117396e-07, 1.0150819917953413e-07, 9.827928693084687e-08, 1.0194479216352192e-07, 9.254674893099946e-08, 9.478379325855713e-08, 7.42602921377511e-08, 7.369525434341995e-08, 7.665884282914703e-08, 1.1586618597902998e-07, 1.7282080477798445e-07, 1.7311162991973106e-07, 1.6822964710172528e-07, 1.816426760115064e-07, 1.4658145630619401e-07, 1.247409215920925e-07, 1.0637131708790548e-07, 1.0276539796905126e-07, 8.14426073247887e-08, 7.445258631832985e-08, 7.27935045574668e-08, 6.242043326665225e-08, 4.618134852307776e-08, 3.5136331177909597e-08, 2.313720592894697e-08, 1.7510361161043875e-08, 2.329687198709962e-08, 1.8935152112931064e-08, 1.2884778577415545e-08, 9.201547079840111e-09, 6.934537388758599e-09, 6.8767365135613545e-09, 4.94522245375606e-09, 3.951485805231414e-09, 2.9578395288609727e-09, 2.018502254230725e-09, 1.4664696124100374e-09, 6.954361531086306e-10, 1.1069235111849096e-10, 3.66811095386943e-12, 3.5272488055348994e-12, 3.4373595549780367e-12, 3.331812039805704e-12, 3.268367564437935e-12, 3.2066762439830754e-12, 3.1299578814175666e-12, 3.0846562283637358e-12, 3.0649890177952832e-12], "lowlevel.melbands128.stdev": [3.053199407077045e-06, 7.11907205186435e-06, 4.205280129099265e-05, 0.001136317732743919, 0.003745383583009243, 0.002502250485122204, 0.0011667012004181743, 0.0018367975717410445, 0.0029854115564376116, 0.00548437749966979, 0.003569649299606681, 0.0035169143229722977, 0.0030764900147914886, 0.002133524976670742, 0.0012562609044834971, 0.00116960727609694, 0.0009773776400834322, 0.0005550982314161956, 0.0005263620987534523, 0.0008917538798414171, 0.00030940541182644665, 0.0006086669745855033, 0.0007528869318775833, 0.001113053527660668, 0.0010816763387992978, 0.0004075632314197719, 0.0006131870322860777, 0.0005454215570352972, 0.0006966523360460997, 0.000866506015881896, 0.0004451656714081764, 0.0004181771364528686, 0.0004890856216661632, 0.00022579151846002787, 0.0002571591467130929, 0.00012767090811394155, 0.0001455829624319449, 9.788502939045429e-05, 6.04172091698274e-05, 5.1206970965722576e-05, 4.672402064898051e-05, 7.276280666701496e-05, 3.5638648114399984e-05, 8.923835412133485e-05, 6.968418165342882e-05, 7.001734047662467e-05, 8.736924064578488e-05, 4.921621075482108e-05, 3.136347368126735e-05, 4.037701728520915e-05, 1.8232822185382247e-05, 4.457175236893818e-06, 1.1317104508634657e-05, 1.4284344615589362e-05, 6.567058335349429e-06, 3.99958935304312e-06, 3.1786948966328055e-06, 3.0210065233404748e-05, 8.43887755763717e-06, 7.29695648260531e-06, 2.0571424101945013e-05, 1.5233374142553657e-05, 1.1563477528397925e-05, 2.6409431939100614e-06, 6.25807933829492e-06, 4.722787707578391e-06, 1.0756832125480287e-05, 1.4771071619179565e-06, 1.2146975905125146e-06, 1.9231576970923925e-06, 1.1306844953651307e-06, 1.7328882222500397e-06, 4.308014354137413e-07, 9.300230772169016e-07, 7.081070521053334e-07, 5.810980496789853e-07, 4.564311097965401e-07, 3.077142025631474e-07, 8.989302386908093e-07, 1.1969676734224777e-06, 9.269372185372049e-07, 5.491853016792447e-07, 5.475604893945274e-07, 6.916161510162055e-07, 6.678610589005984e-07, 6.662648388555681e-07, 4.6754385607528093e-07, 5.788143653262523e-07, 5.069003350399726e-07, 8.621324241175898e-07, 1.5227712992782472e-06, 1.7720586811265093e-06, 1.643412133489619e-06, 1.6515714378328994e-06, 1.1517480515976786e-06, 9.835472383201704e-07, 8.246879588114098e-07, 8.831090099192807e-07, 7.462999178642349e-07, 6.194555908223265e-07, 5.558832185670326e-07, 4.5699371753471496e-07, 3.126377805529046e-07, 2.5870585318443773e-07, 1.505880931063075e-07, 1.0852411946871143e-07, 1.5143544374041085e-07, 1.2017687822662992e-07, 8.311447174946807e-08, 6.524416562569968e-08, 5.0933174122747005e-08, 4.636627792820036e-08, 3.0951206042573176e-08, 2.1638349778640986e-08, 1.8094231890586343e-08, 1.139629723923008e-08, 9.449347082579607e-09, 9.792677779785208e-09, 1.8226924414221912e-09, 7.099226588536123e-12, 6.280024677368656e-12, 5.83606643914103e-12, 5.526498963320803e-12, 5.419426626213086e-12, 5.3418567312613074e-12, 5.279875928826394e-12, 5.235130037806179e-12, 5.206014005304516e-12], "lowlevel.mfcc.mean": [-801.3840942382812, 215.3954315185547, 4.766298294067383, 25.60102081298828, 4.577308654785156, -9.915310859680176, -6.2849931716918945, -12.606524467468262, -20.334924697875977, -10.796993255615234, -6.477512359619141, -4.253643035888672, -8.377224922180176], "lowlevel.spectral_contrast_coeffs.mean": [-0.5431357026100159, -0.6325826048851013, -0.7226150035858154, -0.7560561895370483, -0.7678242325782776, -0.7890897989273071], "lowlevel.spectral_contrast_coeffs.stdev": [0.09181147068738937, 0.07631886750459671, 0.07685049623250961, 0.05555231496691704, 0.060959592461586, 0.057561349123716354], "lowlevel.spectral_contrast_valleys.mean": [-7.618682384490967, -7.651025295257568, -8.898823738098145, -9.499710083007812, -9.979278564453125, -13.088227272033691], "lowlevel.spectral_contrast_valleys.stdev": [0.8464027643203735, 0.7747130393981934, 0.9499605298042297, 0.9008452892303467, 0.9839702844619751, 1.2289496660232544], "rhythm.beats_loudness_band_ratio.mean": [0.41510459780693054, 0.46517470479011536, 0.1645205318927765, 0.054826438426971436, 0.01824057847261429, 0.004864727612584829], "rhythm.beats_loudness_band_ratio.stdev": [0.26401421427726746, 0.25645536184310913, 0.15973886847496033, 0.08316545188426971, 0.028406277298927307, 0.010413909330964088], "tonal.hpcp.mean": [0.3509956896305084, 0.16488271951675415, 0.01942010596394539, 0.019198652356863022, 0.02405397593975067, 0.048485785722732544, 0.08332692086696625, 0.059786755591630936, 0.02102760411798954, 0.012825410813093185, 0.0132123539224267, 0.03963556885719299, 0.08875040709972382, 0.06954152137041092, 0.09684960544109344, 0.2203049510717392, 0.1470257043838501, 0.020940596237778664, 0.01465604081749916, 0.013504219241440296, 0.11271675676107407, 0.20866018533706665, 0.10923399776220322, 0.008583057671785355, 0.0053926631808280945, 0.007643785327672958, 0.10927890986204147, 0.16209377348423004, 0.06508247554302216, 0.011580699123442173, 0.008261258713901043, 0.012523752637207508, 0.09949731081724167, 0.21073606610298157, 0.14925894141197205, 0.22711314260959625], "tonal.hpcp.stdev": [0.42417111992836, 0.23306410014629364, 0.09902196377515793, 0.11285138875246048, 0.1344277411699295, 0.16183626651763916, 0.22869640588760376, 0.17927533388137817, 0.11391867697238922, 0.09237062186002731, 0.08912615478038788, 0.14223423600196838, 0.23884014785289764, 0.19311664998531342, 0.1997828334569931, 0.3712925910949707, 0.2584449350833893, 0.09571041166782379, 0.08675722777843475, 0.07140673696994781, 0.19955530762672424, 0.3174963891506195, 0.18614113330841064, 0.04996206983923912, 0.03853638097643852, 0.04512647166848183, 0.2351701259613037, 0.3321314752101898, 0.14289778470993042, 0.07361365109682083, 0.06089626997709274, 0.06967492401599884, 0.19089488685131073, 0.3599124848842621, 0.2536378800868988, 0.2943401038646698], "rhythm.beats_position": [0.5224489569664001, 0.9868480563163757, 1.4396371841430664, 1.904036283493042, 2.391655206680298, 2.832834482192993, 3.2740135192871094, 3.7268025875091553, 4.2028117179870605, 4.6556010246276855, 5.108389854431152, 5.561179161071777, 6.013967990875244, 6.4551472663879395, 6.896326541900635, 7.337505340576172, 7.778684616088867, 8.219863891601562, 8.649433135986328, 9.079002380371094, 9.49696159362793, 9.926530838012695, 10.356099128723145, 10.79727840423584, 11.226847648620605, 11.656416893005371, 12.097596168518066, 12.550385475158691, 13.003174781799316, 13.444353103637695, 13.88553237915039, 14.338321685791016, 14.779500961303711, 15.220680236816406, 15.650249481201172, 16.079818725585938, 16.509387969970703, 16.93895721435547, 17.368526458740234, 17.798095703125, 18.227664947509766, 18.6572322845459, 19.086801528930664, 19.52798080444336, 19.969160079956055, 20.39872932434082, 20.839908599853516, 21.26947784423828, 21.710657119750977, 22.151836395263672, 22.593015670776367, 23.034194946289062, 23.463764190673828, 23.893333435058594, 24.33451271057129, 24.775691986083984, 25.228479385375977, 25.658048629760742, 26.099227905273438, 26.528797149658203, 26.95836639404297, 27.399545669555664, 27.85233497619629, 28.281904220581055, 28.69986343383789, 29.141042709350586, 29.559001922607422, 30.000181198120117, 30.429750442504883, 30.85931968688965, 31.288888931274414, 31.71845817565918, 32.14802551269531, 32.57759475708008, 33.018775939941406, 33.44834518432617, 33.87791442871094, 34.3074836730957, 34.725440979003906, 35.15501022338867, 35.57297134399414, 36.002540588378906, 36.43210983276367, 36.850067138671875, 37.268028259277344, 37.709205627441406, 38.15038299560547, 38.5915641784668], "rhythm.bpm_histogram": [0.0, 0.0, 0.0, 0.0, 0.0, 0.0, 0.0, 0.0, 0.0, 0.0, 0.0, 0.0, 0.0, 0.0, 0.0, 0.0, 0.0, 0.0, 0.0, 0.0, 0.0, 0.0, 0.0, 0.0, 0.0, 0.0, 0.0, 0.0, 0.0, 0.0, 0.0, 0.0, 0.0, 0.0, 0.0, 0.0, 0.0, 0.0, 0.0, 0.0, 0.0, 0.0, 0.0, 0.0, 0.0, 0.0, 0.0, 0.0, 0.0, 0.0, 0.0, 0.0, 0.0, 0.0, 0.0, 0.0, 0.0, 0.0, 0.0, 0.0, 0.0, 0.0, 0.0, 0.0, 0.0, 0.0, 0.0, 0.0, 0.0, 0.0, 0.0, 0.0, 0.0, 0.0, 0.0, 0.0, 0.0, 0.0, 0.0, 0.0, 0.0, 0.0, 0.0, 0.0, 0.0, 0.0, 0.0, 0.0, 0.0, 0.0, 0.0, 0.0, 0.0, 0.0, 0.0, 0.0, 0.0, 0.0, 0.0, 0.0, 0.0, 0.0, 0.0, 0.0, 0.0, 0.0, 0.0, 0.0, 0.0, 0.0, 0.0, 0.0, 0.0, 0.0, 0.0, 0.0, 0.0, 0.0, 0.0, 0.0, 0.0, 0.0, 0.0, 0.01149425283074379, 0.0, 0.0, 0.01149425283074379, 0.0, 0.0, 0.02298850566148758, 0.0, 0.0, 0.0, 0.12643678486347198, 0.0, 0.0, 0.3448275923728943, 0.0, 0.0, 0.0, 0.40229883790016174, 0.0, 0.0, 0.0, 0.08045977354049683, 0.0, 0.0, 0.0, 0.0, 0.0, 0.0, 0.0, 0.0, 0.0, 0.0, 0.0, 0.0, 0.0, 0.0, 0.0, 0.0, 0.0, 0.0, 0.0, 0.0, 0.0, 0.0, 0.0, 0.0, 0.0, 0.0, 0.0, 0.0, 0.0, 0.0, 0.0, 0.0, 0.0, 0.0, 0.0, 0.0, 0.0, 0.0, 0.0, 0.0, 0.0, 0.0, 0.0, 0.0, 0.0, 0.0, 0.0, 0.0, 0.0, 0.0, 0.0, 0.0, 0.0, 0.0, 0.0, 0.0, 0.0, 0.0, 0.0, 0.0, 0.0, 0.0, 0.0, 0.0, 0.0, 0.0, 0.0, 0.0, 0.0, 0.0, 0.0, 0.0, 0.0, 0.0, 0.0, 0.0, 0.0, 0.0, 0.0, 0.0, 0.0, 0.0, 0.0, 0.0, 0.0, 0.0, 0.0, 0.0, 0.0, 0.0, 0.0, 0.0, 0.0, 0.0, 0.0, 0.0, 0.0, 0.0, 0.0, 0.0, 0.0, 0.0, 0.0, 0.0, 0.0], "tonal.chords_histogram": [24.052133560180664, 15.639810562133789, 12.085308074951172, 0.0, 0.0, 0.0, 0.0, 0.0, 1.5402843952178955, 0.0, 0.0, 0.0, 0.0, 0.0, 0.0, 0.0, 0.0, 2.962085247039795, 0.0, 0.0, 0.0, 6.635071277618408, 34.004737854003906, 3.080568790435791], "tonal.thpcp": [1.0, 0.4697571098804474, 0.0553286150097847, 0.05469768866896629, 0.06853068619966507, 0.1381378322839737, 0.23740154504776, 0.17033472657203674, 0.059908438473939896, 0.03654007986187935, 0.037642497569322586, 0.11292323470115662, 0.25285327434539795, 0.198126420378685, 0.27592819929122925, 0.6276571154594421, 0.4188818037509918, 0.05966055020689964, 0.041755616664886475, 0.038474030792713165, 0.3211342990398407, 0.5944807529449463, 0.31121179461479187, 0.024453455582261086, 0.015363901853561401, 0.021777434274554253, 0.31133973598480225, 0.4618113040924072, 0.18542243540287018, 0.032993849366903305, 0.023536639288067818, 0.03568064421415329, 0.28347161412239075, 0.6003950238227844, 0.42524436116218567, 0.6470539569854736], "lowlevel.gfcc.cov": [[5173.4111328125, -1266.6368408203125, -838.503173828125, -20.244068145751953, -713.6653442382812, 226.1353759765625, -280.3607482910156, 66.13358306884766, -476.4193115234375, -145.29393005371094, -254.4230194091797, 67.64910125732422, 285.1153869628906], [-1266.6368408203125, 1931.80615234375, 70.81775665283203, -37.24272918701172, 866.36181640625, -429.0240173339844, 373.24017333984375, -147.82933044433594, 217.11924743652344, -132.63595581054688, 339.4036865234375, -135.0514678955078, 1.9908742904663086], [-838.503173828125, 70.81775665283203, 1126.311279296875, 206.51429748535156, 139.22555541992188, 302.2558898925781, -34.60319137573242, 18.370393753051758, 74.00102996826172, 69.76112365722656, 24.658689498901367, 131.4243927001953, -79.64473724365234], [-20.244068145751953, -37.24272918701172, 206.51429748535156, 826.9783325195312, 202.06455993652344, -67.20069885253906, 165.05039978027344, -40.225914001464844, 180.50173950195312, 85.79177856445312, 59.527565002441406, 40.38636016845703, -139.45021057128906], [-713.6653442382812, 866.36181640625, 139.22555541992188, 202.06455993652344, 667.1896362304688, -158.47303771972656, 224.6827392578125, -15.83739948272705, 176.2177734375, -12.073512077331543, 160.4402618408203, -41.32019805908203, -53.092201232910156], [226.1353759765625, -429.0240173339844, 302.2558898925781, -67.20069885253906, -158.47303771972656, 458.51519775390625, -46.67142105102539, 132.9416046142578, -10.07758617401123, 41.628684997558594, -116.13388061523438, 20.95980453491211, 44.1095085144043], [-280.3607482910156, 373.24017333984375, -34.60319137573242, 165.05039978027344, 224.6827392578125, -46.67142105102539, 326.0420227050781, 32.896881103515625, 99.89083099365234, 21.126211166381836, 56.71957778930664, -51.444732666015625, -77.55877685546875], [66.13358306884766, -147.82933044433594, 18.370393753051758, -40.225914001464844, -15.83739948272705, 132.9416046142578, 32.896881103515625, 219.95030212402344, 44.97801208496094, 23.438987731933594, -52.675106048583984, -14.497714042663574, -15.140263557434082], [-476.4193115234375, 217.11924743652344, 74.00102996826172, 180.50173950195312, 176.2177734375, -10.07758617401123, 99.89083099365234, 44.97801208496094, 244.73765563964844, 64.40789794921875, 12.83339786529541, -48.575984954833984, -67.45382690429688], [-145.29393005371094, -132.63595581054688, 69.76112365722656, 85.79177856445312, -12.073512077331543, 41.628684997558594, 21.126211166381836, 23.438987731933594, 64.40789794921875, 148.83041381835938, 4.02394437789917, -0.46458277106285095, -66.72503662109375], [-254.4230194091797, 339.4036865234375, 24.658689498901367, 59.527565002441406, 160.4402618408203, -116.13388061523438, 56.71957778930664, -52.675106048583984, 12.83339786529541, 4.02394437789917, 214.0472412109375, 27.56661033630371, -44.41701126098633], [67.64910125732422, -135.0514678955078, 131.4243927001953, 40.38636016845703, -41.32019805908203, 20.95980453491211, -51.444732666015625, -14.497714042663574, -48.575984954833984, -0.46458277106285095, 27.56661033630371, 140.73988342285156, 8.483108520507812], [285.1153869628906, 1.9908742904663086, -79.64473724365234, -139.45021057128906, -53.092201232910156, 44.1095085144043, -77.55877685546875, -15.140263557434082, -67.45382690429688, -66.72503662109375, -44.41701126098633, 8.483108520507812, 197.71876525878906]], "lowlevel.gfcc.icov": [[0.0003792725328821689, -0.0002077921963064, 0.00046409122296608984, -0.00047746740165166557, 0.00019407582294661552, -0.00048107514157891273, 0.0003285209822934121, -0.00024407087767031044, 0.0008067747694440186, -9.361800039187074e-06, 0.00026947405422106385, -0.00022385743795894086, -8.280116890091449e-05], [-0.0002077921963064, 0.005098103079944849, -0.0020725023932754993, 0.002707068808376789, -0.0032587333116680384, 0.0033207228407263756, -0.003666745964437723, 0.0018888283520936966, -0.0033638125751167536, 0.00313540268689394, -0.004018367733806372, 0.0033539573196321726, -0.002722935052588582], [0.00046409122296608984, -0.0020725023932754993, 0.002936257515102625, -0.0016333855455741286, 0.000570775824598968, -0.003306502941995859, 0.002295574638992548, -0.00026833012816496193, 0.0017834824975579977, -0.0011186854681000113, 0.0017330239061266184, -0.002855401486158371, 0.0018960072193294764], [-0.00047746740165166557, 0.002707068808376789, -0.0016333855455741286, 0.0036472927313297987, -0.001842801459133625, 0.0022809177171438932, -0.0028068525716662407, 0.0018141497857868671, -0.003540230682119727, 0.0012306749122217298, -0.0019234783248975873, 0.0007839659228920937, -0.0006482931785285473], [0.00019407582294661552, -0.0032587333116680384, 0.000570775824598968, -0.001842801459133625, 0.005349764600396156, -0.0010531684383749962, 0.0008737627067603171, -0.0015756151406094432, 0.0006509833037853241, -0.0010598073713481426, 0.0009459901484660804, -0.0013469092082232237, 0.0007114746840670705], [-0.00048107514157891273, 0.0033207228407263756, -0.003306502941995859, 0.0022809177171438932, -0.0010531684383749962, 0.007255309261381626, -0.003201692597940564, -0.0009311984176747501, -0.0025262515991926193, 0.0008496087975800037, -0.0016765500186011195, 0.002857058774679899, -0.003365895478054881], [0.0003285209822934121, -0.003666745964437723, 0.002295574638992548, -0.0028068525716662407, 0.0008737627067603171, -0.003201692597940564, 0.007763867732137442, -0.0020477529615163803, 0.0027253329753875732, -0.002030326519161463, 0.0024887758772820234, -0.0014012990286573768, 0.003209647024050355], [-0.00024407087767031044, 0.0018888283520936966, -0.00026833012816496193, 0.0018141497857868671, -0.0015756151406094432, -0.0009311984176747501, -0.0020477529615163803, 0.007389470003545284, -0.002955770818516612, 0.0012198074255138636, -0.0005573810776695609, 0.00042280557681806386, 0.0003114994615316391], [0.0008067747694440186, -0.0033638125751167536, 0.0017834824975579977, -0.003540230682119727, 0.0006509833037853241, -0.0025262515991926193, 0.0027253329753875732, -0.002955770818516612, 0.010980374179780483, -0.004208258353173733, 0.0035629202611744404, -3.6584555346053094e-05, 0.0018009671475738287], [-9.361800039187074e-06, 0.00313540268689394, -0.0011186854681000113, 0.0012306749122217298, -0.0010598073713481426, 0.0008496087975800037, -0.002030326519161463, 0.0012198074255138636, -0.004208258353173733, 0.01138401497155428, -0.0031190223526209593, 0.0017952542984858155, 0.0008505586883984506], [0.00026947405422106385, -0.004018367733806372, 0.0017330239061266184, -0.0019234783248975873, 0.0009459901484660804, -0.0016765500186011195, 0.0024887758772820234, -0.0005573810776695609, 0.0035629202611744404, -0.0031190223526209593, 0.010408462025225163, -0.004687709268182516, 0.0032572755590081215], [-0.00022385743795894086, 0.0033539573196321726, -0.002855401486158371, 0.0007839659228920937, -0.0013469092082232237, 0.002857058774679899, -0.0014012990286573768, 0.00042280557681806386, -3.6584555346053094e-05, 0.0017952542984858155, -0.004687709268182516, 0.012665065005421638, -0.0028277214150875807], [-8.280116890091449e-05, -0.002722935052588582, 0.0018960072193294764, -0.0006482931785285473, 0.0007114746840670705, -0.003365895478054881, 0.003209647024050355, 0.0003114994615316391, 0.0018009671475738287, 0.0008505586883984506, 0.0032572755590081215, -0.0028277214150875807, 0.009490386582911015]], "lowlevel.mfcc.cov": [[5954.0244140625, -1554.748779296875, -581.8507080078125, -510.7049865722656, -467.78314208984375, -216.02911376953125, 20.397096633911133, -134.54864501953125, 26.510948181152344, -120.4306640625, -514.255126953125, -312.07391357421875, -351.79815673828125], [-1554.748779296875, 2083.123779296875, -366.114990234375, 271.3265075683594, 300.5426940917969, -57.419795989990234, 222.83485412597656, 73.2943344116211, -80.69847869873047, -60.20263671875, 123.77660369873047, 68.6823501586914, 98.5166015625], [-581.8507080078125, -366.114990234375, 938.2884521484375, -58.131309509277344, 143.0127410888672, 244.41671752929688, -27.27183723449707, 120.3196792602539, 52.61493682861328, 11.31567668914795, 63.48200225830078, 51.30220031738281, 66.12454986572266], [-510.7049865722656, 271.3265075683594, -58.131309509277344, 951.7849731445312, 128.2973175048828, 173.5944366455078, 24.652233123779297, 72.98788452148438, -42.2544059753418, 32.01527404785156, 249.8186492919922, 168.6887664794922, 170.52972412109375], [-467.78314208984375, 300.5426940917969, 143.0127410888672, 128.2973175048828, 376.3204650878906, 89.9651107788086, 33.85910415649414, 78.53070068359375, 37.96577453613281, 12.613451957702637, 81.5307846069336, 37.74079132080078, 20.750930786132812], [-216.02911376953125, -57.419795989990234, 244.41671752929688, 173.5944366455078, 89.9651107788086, 280.8634948730469, 31.243406295776367, 55.0290641784668, 55.69156265258789, 46.96693801879883, 75.5698013305664, 43.49515151977539, 55.45576477050781], [20.397096633911133, 222.83485412597656, -27.27183723449707, 24.652233123779297, 33.85910415649414, 31.243406295776367, 223.03076171875, 82.00926971435547, -3.4720542430877686, 16.6455020904541, 14.301885604858398, -1.1060810089111328, 22.268417358398438], [-134.54864501953125, 73.2943344116211, 120.3196792602539, 72.98788452148438, 78.53070068359375, 55.0290641784668, 82.00926971435547, 195.62916564941406, 44.27392578125, 28.226091384887695, 62.10871887207031, 32.91526794433594, 37.62663650512695], [26.510948181152344, -80.69847869873047, 52.61493682861328, -42.2544059753418, 37.96577453613281, 55.69156265258789, -3.4720542430877686, 44.27392578125, 270.1170349121094, 104.35466766357422, -10.608516693115234, 38.073760986328125, 17.438514709472656], [-120.4306640625, -60.20263671875, 11.31567668914795, 32.01527404785156, 12.613451957702637, 46.96693801879883, 16.6455020904541, 28.226091384887695, 104.35466766357422, 232.6253662109375, 100.82274627685547, 22.40691566467285, 45.345123291015625], [-514.255126953125, 123.77660369873047, 63.48200225830078, 249.8186492919922, 81.5307846069336, 75.5698013305664, 14.301885604858398, 62.10871887207031, -10.608516693115234, 100.82274627685547, 260.52801513671875, 96.75762939453125, 56.6416015625], [-312.07391357421875, 68.6823501586914, 51.30220031738281, 168.6887664794922, 37.74079132080078, 43.49515151977539, -1.1060810089111328, 32.91526794433594, 38.073760986328125, 22.40691566467285, 96.75762939453125, 174.25347900390625, 98.99267578125], [-351.79815673828125, 98.5166015625, 66.12454986572266, 170.52972412109375, 20.750930786132812, 55.45576477050781, 22.268417358398438, 37.62663650512695, 17.438514709472656, 45.345123291015625, 56.6416015625, 98.99267578125, 251.16348266601562]], "lowlevel.mfcc.icov": [[0.00031678308732807636, 0.00028196166385896504, 0.0002681412152014673, -3.692315294756554e-05, 2.7196983864996582e-05, -3.291044777142815e-05, -0.0002831949677783996, -0.00010748736531240866, -1.858938230725471e-05, 5.304936348693445e-05, 0.00040434926631860435, 9.459604189032689e-05, 0.00019706017337739468], [0.00028196166385896504, 0.0010155230993404984, 0.0006057472201064229, -8.808273378235754e-06, -0.0006527398945763707, 0.00015987777442205697, -0.0009038022253662348, -2.418926442260272e-06, 1.5077255739015527e-05, 0.0004831670376006514, -3.715692582773045e-05, 8.309674740303308e-05, -0.00017041664978023618], [0.0002681412152014673, 0.0006057472201064229, 0.002202841220423579, 0.0006856886320747435, -0.0006106972577981651, -0.001652900013141334, 0.00028420379385352135, -0.001063962234184146, 0.0002485273580532521, 0.0006027340423315763, -0.0001206664092023857, -0.0001656412787269801, -0.00039149721851572394], [-3.692315294756554e-05, -8.808273378235754e-06, 0.0006856886320747435, 0.002000144449993968, -0.0002755191526375711, -0.0012799992691725492, 0.00034086572122760117, -0.00031178700737655163, 0.000379977747797966, 0.0006382860010489821, -0.001450866460800171, -0.0006531038670800626, -0.000821945141069591], [2.7196983864996582e-05, -0.0006527398945763707, -0.0006106972577981651, -0.0002755191526375711, 0.0038714136462658644, -0.00047820230247452855, 0.000289237592369318, -0.0006847905460745096, -0.000616595905739814, 0.0002112969959853217, -0.0004534611653070897, 0.00022739105043001473, 0.0005219506565481424], [-3.291044777142815e-05, 0.00015987777442205697, -0.001652900013141334, -0.0012799992691725492, -0.00047820230247452855, 0.006275924853980541, -0.0012419781414791942, 0.0007260654820129275, -0.001173853175714612, -0.0002783342788461596, -0.0004188514139968902, 0.00061466742772609, -0.00016547253471799195], [-0.0002831949677783996, -0.0009038022253662348, 0.00028420379385352135, 0.00034086572122760117, 0.000289237592369318, -0.0012419781414791942, 0.006694040726870298, -0.0029198755510151386, 0.0009093215921893716, -0.0009009670466184616, 0.0004891021526418626, 9.392907668370754e-05, -0.0003019579453393817], [-0.00010748736531240866, -2.418926442260272e-06, -0.001063962234184146, -0.00031178700737655163, -0.0006847905460745096, 0.0007260654820129275, -0.0029198755510151386, 0.007945437915623188, -0.0015848614275455475, 0.0006983548519201577, -0.0017522280104458332, 0.0003594623412936926, -0.00045552258961834013], [-1.858938230725471e-05, 1.5077255739015527e-05, 0.0002485273580532521, 0.000379977747797966, -0.000616595905739814, -0.001173853175714612, 0.0009093215921893716, -0.0015848614275455475, 0.006111308000981808, -0.003522532992064953, 0.0028148465789854527, -0.0025987669359892607, 0.0007126769633032382], [5.304936348693445e-05, 0.0004831670376006514, 0.0006027340423315763, 0.0006382860010489821, 0.0002112969959853217, -0.0002783342788461596, -0.0009009670466184616, 0.0006983548519201577, -0.003522532992064953, 0.008122475817799568, -0.004770075436681509, 0.0023747719824314117, -0.0017701212782412767], [0.00040434926631860435, -3.715692582773045e-05, -0.0001206664092023857, -0.001450866460800171, -0.0004534611653070897, -0.0004188514139968902, 0.0004891021526418626, -0.0017522280104458332, 0.0028148465789854527, -0.004770075436681509, 0.0096619613468647, -0.0037332032807171345, 0.0019050735281780362], [9.459604189032689e-05, 8.309674740303308e-05, -0.0001656412787269801, -0.0006531038670800626, 0.00022739105043001473, 0.00061466742772609, 9.392907668370754e-05, 0.0003594623412936926, -0.0025987669359892607, 0.0023747719824314117, -0.0037332032807171345, 0.010403765365481377, -0.00313664716668427], [0.00019706017337739468, -0.00017041664978023618, -0.00039149721851572394, -0.000821945141069591, 0.0005219506565481424, -0.00016547253471799195, -0.0003019579453393817, -0.00045552258961834013, 0.0007126769633032382, -0.0017701212782412767, 0.0019050735281780362, -0.00313664716668427, 0.006150632631033659]], "metadata.audio_properties.analysis.downmix": "mix", "metadata.audio_pr