{"song_id": "1182269595864797234", "download": "https://cdn.discordapp.com/attachments/1128313332273782784/1182269595864797234/chirp.mp4?ex=6584155d&amp", "lyrics": "G\u00f6ky\u00fcz\u00fc a\u011flad\u0131 o gece, toprak titredi Mara\u015f'ta,\nBir an \u00f6nce uyand\u0131k, ger\u00e7ekle y\u00fczle\u015ftik sabahla.\nEvler y\u0131k\u0131lm\u0131\u015f, kalpler parampar\u00e7a,\nMara\u015f'\u0131n topra\u011f\u0131 salland\u0131, dertleri y\u00fckseldi da\u011flarla.\nK\u0131r\u0131k camlar ard\u0131nda, hayaller toz olmu\u015f,\nDepremin izleriyle dolu sokaklar karanl\u0131k.\nMara\u015f'ta sevda y\u0131k\u0131lm\u0131\u015f, umutlar yerle bir,\nAma yine de ayakta, direniyor bu \u015fehir.", "style": ["rock</span><span>, female vocal</span><span>, bas guitar</span><span>, piano"], "essentia_features": {"lowlevel.average_loudness": 0.870093822479248, "lowlevel.barkbands_crest.mean": 14.919677734375, "lowlevel.barkbands_crest.stdev": 5.541622161865234, "lowlevel.barkbands_flatness_db.mean": 0.3220018744468689, "lowlevel.barkbands_flatness_db.stdev": 0.06896384060382843, "lowlevel.barkbands_kurtosis.mean": 8.670076370239258, "lowlevel.barkbands_kurtosis.stdev": 17.543310165405273, "lowlevel.barkbands_skewness.mean": 1.5917643308639526, "lowlevel.barkbands_skewness.stdev": 2.3122785091400146, "lowlevel.barkbands_spread.mean": 9.751020431518555, "lowlevel.barkbands_spread.stdev": 8.256980895996094, "lowlevel.dissonance.mean": 0.44892218708992004, "lowlevel.dissonance.stdev": 0.04662160947918892, "lowlevel.dynamic_complexity": 6.566160678863525, "lowlevel.erbbands_crest.mean": 14.787367820739746, "lowlevel.erbbands_crest.stdev": 5.38355016708374, "lowlevel.erbbands_flatness_db.mean": 0.36763885617256165, "lowlevel.erbbands_flatness_db.stdev": 0.06030351296067238, "lowlevel.erbbands_kurtosis.mean": 2.5092246532440186, "lowlevel.erbbands_kurtosis.stdev": 5.799532890319824, "lowlevel.erbbands_skewness.mean": 0.27202722430229187, "lowlevel.erbbands_skewness.stdev": 1.4148321151733398, "lowlevel.erbbands_spread.mean": 19.86518096923828, "lowlevel.erbbands_spread.stdev": 12.513946533203125, "lowlevel.hfc.mean": 12.100547790527344, "lowlevel.hfc.stdev": 22.529037475585938, "lowlevel.loudness_ebu128.integrated": -21.328895568847656, "lowlevel.loudness_ebu128.loudness_range": 5.142965316772461, "lowlevel.loudness_ebu128.momentary.mean": -23.666818618774414, "lowlevel.loudness_ebu128.momentary.stdev": 4.94825553894043, "lowlevel.loudness_ebu128.short_term.mean": -21.825456619262695, "lowlevel.loudness_ebu128.short_term.stdev": 1.9778718948364258, "lowlevel.melbands_crest.mean": 18.145524978637695, "lowlevel.melbands_crest.stdev": 6.733377456665039, "lowlevel.melbands_flatness_db.mean": 0.34690985083580017, "lowlevel.melbands_flatness_db.stdev": 0.08972618728876114, "lowlevel.melbands_kurtosis.mean": 13.82530689239502, "lowlevel.melbands_kurtosis.stdev": 20.857389450073242, "lowlevel.melbands_skewness.mean": 2.2870821952819824, "lowlevel.melbands_skewness.stdev": 2.4260997772216797, "lowlevel.melbands_spread.mean": 16.983844757080078, "lowlevel.melbands_spread.stdev": 18.36959457397461, "lowlevel.pitch_salience.mean": 0.5174612998962402, "lowlevel.pitch_salience.stdev": 0.17476101219654083, "lowlevel.silence_rate_20dB.mean": 1.0, "lowlevel.silence_rate_20dB.stdev": 0.0, "lowlevel.silence_rate_30dB.mean": 0.9877589344978333, "lowlevel.silence_rate_30dB.stdev": 0.1099596917629242, "lowlevel.silence_rate_60dB.mean": 0.46045199036598206, "lowlevel.silence_rate_60dB.stdev": 0.49843358993530273, "lowlevel.spectral_centroid.mean": 1075.1607666015625, "lowlevel.spectral_centroid.stdev": 765.5028686523438, "lowlevel.spectral_complexity.mean": 7.330508708953857, "lowlevel.spectral_complexity.stdev": 7.112691402435303, "lowlevel.spectral_decrease.mean": -3.1638887065810195e-09, "lowlevel.spectral_decrease.stdev": 5.914617240421194e-09, "lowlevel.spectral_energy.mean": 0.013038798235356808, "lowlevel.spectral_energy.stdev": 0.024135595187544823, "lowlevel.spectral_energyband_high.mean": 4.6740919060539454e-05, "lowlevel.spectral_energyband_high.stdev": 0.00022861464822199196, "lowlevel.spectral_energyband_low.mean": 2.314787025170517e-06, "lowlevel.spectral_energyband_low.stdev": 7.123326668079244e-06, "lowlevel.spectral_energyband_middle_high.mean": 0.006181125529110432, "lowlevel.spectral_energyband_middle_high.stdev": 0.014024936594069004, "lowlevel.spectral_energyband_middle_low.mean": 0.006873433943837881, "lowlevel.spectral_energyband_middle_low.stdev": 0.016506005078554153, "lowlevel.spectral_entropy.mean": 6.630184650421143, "lowlevel.spectral_entropy.stdev": 0.6023563742637634, "lowlevel.spectral_flux.mean": 0.06731270998716354, "lowlevel.spectral_flux.stdev": 0.06933598965406418, "lowlevel.spectral_kurtosis.mean": 24.379257202148438, "lowlevel.spectral_kurtosis.stdev": 19.46449089050293, "lowlevel.spectral_rms.mean": 0.0026192273944616318, "lowlevel.spectral_rms.stdev": 0.0024208303075283766, "lowlevel.spectral_rolloff.mean": 1323.6448974609375, "lowlevel.spectral_rolloff.stdev": 1219.833984375, "lowlevel.spectral_skewness.mean": 2.655496597290039, "lowlevel.spectral_skewness.stdev": 1.5224357843399048, "lowlevel.spectral_spread.mean": 1680247.625, "lowlevel.spectral_spread.stdev": 715978.6875, "lowlevel.spectral_strongpeak.mean": 1.0401674509048462, "lowlevel.spectral_strongpeak.stdev": 1.4853383302688599, "lowlevel.zerocrossingrate.mean": 0.04700971394777298, "lowlevel.zerocrossingrate.stdev": 0.04845430329442024, "metadata.audio_properties.analysis.equal_loudness": 0.0, "metadata.audio_properties.analysis.length": 24.618661880493164, "metadata.audio_properties.analysis.sample_rate": 44100.0, "metadata.audio_properties.analysis.start_time": 0.0, "metadata.audio_properties.bit_rate": 108339.0, "metadata.audio_properties.length": 24.618667602539062, "metadata.audio_properties.lossless": 0.0, "metadata.audio_properties.number_channels": 1.0, "metadata.audio_properties.replay_gain": -7.936456680297852, "metadata.audio_properties.sample_rate": 48000.0, "rhythm.beats_count": 50.0, "rhythm.beats_loudness.mean": 0.024580754339694977, "rhythm.beats_loudness.stdev": 0.031407397240400314, "rhythm.bpm": 132.45388793945312, "rhythm.bpm_histogram_first_peak_bpm": 133.0, "rhythm.bpm_histogram_first_peak_weight": 0.6333333253860474, "rhythm.bpm_histogram_second_peak_bpm": 101.0, "rhythm.bpm_histogram_second_peak_spread": 0.25, "rhythm.bpm_histogram_second_peak_weight": 0.06122449040412903, "rhythm.danceability": 1.5553542375564575, "rhythm.onset_rate": 5.236160755157471, "tonal.chords_changes_rate": 0.05639097839593887, "tonal.chords_number_rate": 0.016917293891310692, "tonal.chords_strength.mean": 0.5759710669517517, "tonal.chords_strength.stdev": 0.08928398042917252, "tonal.hpcp_crest.mean": 12.518115997314453, "tonal.hpcp_crest.stdev": 5.396698951721191, "tonal.hpcp_entropy.mean": 2.123732805252075, "tonal.hpcp_entropy.stdev": 0.7162197232246399, "tonal.key_edma.strength": 0.49641498923301697, "tonal.key_krumhansl.strength": 0.4764038622379303, "tonal.key_temperley.strength": 0.45563459396362305, "tonal.tuning_diatonic_strength": 0.3705415427684784, "tonal.tuning_equal_tempered_deviation": 0.2070188969373703, "tonal.tuning_frequency": 435.44891357421875, "tonal.tuning_nontempered_energy_ratio": 0.8911755084991455, "lowlevel.barkbands.mean": [4.2968039792867785e-07, 8.777797688708233e-08, 4.058110221194511e-07, 8.235037057602312e-06, 0.0006509560626000166, 0.003705487120896578, 0.0006747488514520228, 0.0008894372149370611, 0.0008088101167231798, 0.0004890529089607298, 0.0009782001143321395, 0.0012113311095163226, 0.0014133076183497906, 0.0008415600168518722, 0.0006185360252857208, 0.00024223554646596313, 0.0001852827990660444, 7.39554816391319e-05, 0.00015486417396459728, 7.933314191177487e-05, 9.489328476774972e-06, 2.593885483292979e-06, 3.6859114516119007e-07, 7.831990700424285e-08, 1.5775826867070464e-08, 6.714168110377727e-10, 4.545569753933165e-10], "lowlevel.barkbands.stdev": [6.539157197948953e-07, 1.968257237194848e-07, 8.563737310396391e-07, 3.534241477609612e-05, 0.0023095773067325354, 0.012633539736270905, 0.0034028782974928617, 0.005409210920333862, 0.003130892524495721, 0.002463388489559293, 0.004702826961874962, 0.005530317779630423, 0.006567777134478092, 0.0030200148466974497, 0.002078810939565301, 0.0006782668060623109, 0.0005336387548595667, 0.00037843576865270734, 0.0007417388842441142, 0.0003605051606427878, 4.2909297917503864e-05, 1.3025381122133695e-05, 1.5341188372985926e-06, 3.7467435731741716e-07, 7.026447690350324e-08, 2.528044218408354e-09, 1.1718963577322938e-09], "lowlevel.erbbands.mean": [6.06073717790423e-06, 4.6477965952362865e-05, 0.0006990780238993466, 0.0188390351831913, 0.47627779841423035, 3.205082654953003, 10.527610778808594, 37.96824264526367, 14.351913452148438, 14.943365097045898, 18.954925537109375, 19.00341796875, 13.905435562133789, 23.36552619934082, 44.604801177978516, 52.08639907836914, 64.04755401611328, 47.794158935546875, 43.098506927490234, 19.72361946105957, 14.768502235412598, 10.04924201965332, 4.218738079071045, 6.796403884887695, 7.143983840942383, 3.553982973098755, 1.0095314979553223, 0.27244147658348083, 0.11124353110790253, 0.03084348700940609, 0.009090005420148373, 0.002560062799602747, 0.0010228455066680908, 0.00031591710285283625, 7.725635805400088e-05, 1.6158293874468654e-05, 6.73071281198645e-06, 2.2839415123598883e-06, 7.172035566327395e-06, 1.55601701408159e-05], "lowlevel.erbbands.stdev": [1.0844815733435098e-05, 9.074115951079875e-05, 0.001438454957678914, 0.055025164037942886, 1.9632904529571533, 13.537888526916504, 28.2897891998291, 141.70057678222656, 65.72689056396484, 69.56209564208984, 95.3431396484375, 77.12152862548828, 66.40579986572266, 111.08165740966797, 210.55484008789062, 215.4232177734375, 294.9072265625, 171.9194793701172, 146.0121307373047, 72.51217651367188, 40.484718322753906, 27.705963134765625, 18.800790786743164, 28.93211555480957, 37.219993591308594, 15.95598316192627, 4.968214511871338, 1.246903896331787, 0.5566949248313904, 0.1539258062839508, 0.03700863569974899, 0.010855315253138542, 0.005171900615096092, 0.0012773297494277358, 0.00036754956818185747, 3.812226714217104e-05, 1.1215960512345191e-05, 4.007837560493499e-06, 1.2812697605113499e-05, 2.84017496596789e-05], "lowlevel.gfcc.mean": [-242.9362030029297, 144.4595489501953, -208.57252502441406, -22.75067901611328, -50.52273941040039, -49.408721923828125, -56.13203430175781, -42.65767288208008, -26.083908081054688, -19.368234634399414, 5.4467926025390625, -8.77511215209961, 9.241997718811035], "lowlevel.melbands.mean": [4.102152928453506e-08, 2.1879580458517012e-07, 9.640119969844818e-06, 0.00012848000915255398, 0.0003227284469176084, 0.0007914917077869177, 0.00020707624207716435, 0.0001776297140168026, 0.0001568607403896749, 0.00011309150431770831, 6.640741048613563e-05, 8.734766743145883e-05, 0.0001436193415429443, 0.0001323136530118063, 0.00014073577767703682, 0.00013768544886261225, 8.165599865606055e-05, 7.440443732775748e-05, 3.713998739840463e-05, 1.7537884559715167e-05, 1.7408476196578704e-05, 1.178778984467499e-05, 4.581975645123748e-06, 3.369672185726813e-06, 5.67977031096234e-06, 6.038742867531255e-06, 3.855555860354798e-06, 2.09992003874504e-06, 8.114149068205734e-07, 2.3213424071855115e-07, 1.2590777487275773e-07, 6.959841414300172e-08, 3.1003903444570824e-08, 1.112872727304648e-08, 5.715933060201905e-09, 2.314573199768688e-09, 1.1612235617519673e-09, 7.543045077440524e-10, 4.140219278525592e-10, 1.9761273173379834e-10], "lowlevel.melbands.stdev": [6.284093245767508e-08, 5.411961865320336e-07, 3.0351058740052395e-05, 0.0005870960303582251, 0.0008402274106629193, 0.0028879998717457056, 0.0009366057929582894, 0.0009185496019199491, 0.0007073766319081187, 0.00045793369645252824, 0.0003285240672994405, 0.00043274214840494096, 0.0006819599075242877, 0.0006364895962178707, 0.0006212688749656081, 0.0006528465310111642, 0.0003070928796660155, 0.000272109784418717, 0.00013299743295647204, 6.16866018390283e-05, 4.8680703912395984e-05, 3.4580571082187817e-05, 1.5316871213144623e-05, 1.8861557691707276e-05, 2.4592325644334778e-05, 3.162484790664166e-05, 1.9106073523289524e-05, 1.0058749467134476e-05, 4.4012622311129235e-06, 1.1247891507082386e-06, 6.053876973055594e-07, 3.5313371427037055e-07, 1.8537241430749418e-07, 4.872885384088477e-08, 2.3477621624579115e-08, 9.861587102477642e-09, 5.379324097276594e-09, 4.048755997132503e-09, 2.0651884646838425e-09, 8.350105606957925e-10], "lowlevel.melbands128.mean": [1.0948151185630195e-07, 3.0483629842592563e-08, 2.3466244059022756e-08, 3.912803592243108e-08, 7.904454690788043e-08, 2.4780439389360254e-07, 1.3430998251351411e-06, 5.508274171006633e-06, 2.0997022147639655e-05, 0.00014553287473972887, 0.00020929775200784206, 0.00011818973871413618, 0.00027405735454522073, 0.0006229964201338589, 0.0010905921226367354, 0.0007846064982004464, 0.00026315412833355367, 9.207279072143137e-05, 0.00013173045590519905, 0.00015440615243278444, 0.00023081069230102003, 0.00017867377027869225, 0.00012746201537083834, 0.0001603843120392412, 0.00014313447172753513, 8.224194607464597e-05, 6.769701576558873e-05, 6.523426418425515e-05, 6.381519051501527e-05, 7.523474778281525e-05, 8.926384907681495e-05, 0.00012525390775408596, 0.0001534375624032691, 0.00015990929387044162, 0.00012098201113985851, 0.00011973336950177327, 0.00015622346836607903, 0.0001360284659313038, 0.0001362248440273106, 0.0001500881917309016, 0.0001521656522527337, 0.00010026353265857324, 7.080117939040065e-05, 8.27178155304864e-05, 7.237309182528406e-05, 8.39325730339624e-05, 6.206231046235189e-05, 3.5563843994168565e-05, 2.9009379431954585e-05, 2.24674804485403e-05, 1.2562667507154401e-05, 1.6217276424868032e-05, 1.9479093680274673e-05, 1.6877676898729987e-05, 1.5810883269296028e-05, 1.1986346180492546e-05, 8.108897418424021e-06, 5.033811703469837e-06, 3.4518652682891116e-06, 3.3074995826609666e-06, 2.7935968773817876e-06, 3.4346328448009444e-06, 5.77784385313862e-06, 5.96498784943833e-06, 6.540898084494984e-06, 6.4247010413964745e-06, 5.545222393266158e-06, 4.615244506567251e-06, 3.8511839193233754e-06, 2.287693860125728e-06, 1.659394570197037e-06, 2.7039225187763805e-06, 1.2696417570623453e-06, 3.3569705237823655e-07, 3.2303609032169334e-07, 2.8416866371117067e-07, 1.6301137861773896e-07, 1.3163842993435537e-07, 1.384458556685786e-07, 1.0239523362542968e-07, 7.941736868133376e-08, 5.478910125589209e-08, 4.1401470696200704e-08, 3.324552366734679e-08, 1.8253539124657436e-08, 1.0772382097457012e-08, 9.876001350050956e-09, 8.259680939204372e-09, 5.8370832611842616e-09, 3.6436755834756696e-09, 2.7638102917393326e-09, 1.9224810632323397e-09, 1.5288287302794856e-09, 1.1132929023105476e-09, 1.0113848647463897e-09, 8.192533873518926e-10, 7.066105478514828e-10, 6.401603136474421e-10, 4.423672816944446e-10, 2.876402449558668e-10, 2.358904460653122e-10, 1.9621668179148344e-10, 1.3784090535651217e-10, 7.610927166279424e-11, 8.874095902555723e-11, 2.6395829966219253e-11, 2.2544915587174863e-11, 1.0593467943131873e-11, 6.606930714331272e-12, 4.487300288291696e-12, 3.682130989002275e-12, 3.1343627780039407e-12, 2.8666678406064072e-12, 2.6866000743530627e-12, 2.515886370763054e-12, 2.430700172389999e-12, 2.305186857370911e-12, 2.183885017270626e-12, 2.146899628560628e-12, 2.079700127388673e-12, 2.0204094473841305e-12, 1.9205268885630344e-12, 1.867798884308547e-12, 1.826878925914599e-12, 1.725723513743005e-12, 1.578729876862417e-12, 1.4948007024881416e-12, 1.4767655414499314e-12], "lowlevel.melbands128.stdev": [1.7416932962532883e-07, 5.211931153326077e-08, 6.443674038791869e-08, 9.097352915432566e-08, 1.461554575143964e-07, 5.563634886129876e-07, 4.93785319122253e-06, 2.487194797140546e-05, 6.727433355990797e-05, 0.0007238860125653446, 0.0010351374512538314, 0.00023505747958552092, 0.0007640414405614138, 0.002412555506452918, 0.004450847394764423, 0.0036523935850709677, 0.0018219291232526302, 0.0004588048323057592, 0.0010316623374819756, 0.0007967585697770119, 0.0016858919989317656, 0.0015447366749867797, 0.0006024095928296447, 0.0008258369052782655, 0.0007299002027139068, 0.00041069870349019766, 0.0003559475007932633, 0.0004852652200497687, 0.00033864594297483563, 0.0005065472796559334, 0.00048492851783521473, 0.0009140309412032366, 0.0008470925968140364, 0.0009864940075203776, 0.0008807332487776875, 0.000701721350196749, 0.000799778790678829, 0.0007009242544882, 0.000967026106081903, 0.0009465047623962164, 0.00081639364361763, 0.0005580436554737389, 0.0003599243354983628, 0.0003810562484432012, 0.00034107844112440944, 0.00039304461097344756, 0.0002753486332949251, 0.00016289645282085985, 0.00013185018906369805, 0.00013050821144133806, 3.8604008295806125e-05, 5.312952634994872e-05, 6.416937685571611e-05, 6.097000004956499e-05, 5.4233376431511715e-05, 4.184153658570722e-05, 2.5428169465158135e-05, 2.2154523321660236e-05, 1.418585452483967e-05, 2.6496190912439488e-05, 1.6506275642313994e-05, 1.955457446456421e-05, 2.8707310775644146e-05, 2.9180959245422855e-05, 3.238269346184097e-05, 3.549244502210058e-05, 3.5839715565089136e-05, 2.7438843972049654e-05, 1.701585642877035e-05, 9.445266186958179e-06, 6.641050731559517e-06, 1.7802381989895366e-05, 7.407115390378749e-06, 1.5358479004135006e-06, 1.5470340031242813e-06, 1.584332380843989e-06, 7.940149657770235e-07, 6.04990930241911e-07, 7.997002740012249e-07, 5.081957965558104e-07, 4.2496739638409053e-07, 2.8733575163641945e-07, 2.830335859016486e-07, 2.40721647060127e-07, 9.297323799728474e-08, 4.7496381938572085e-08, 4.584083157510577e-08, 3.550609761759915e-08, 2.4632885953224104e-08, 1.7311588607071826e-08, 1.2490146694688065e-08, 9.20513620883412e-09, 7.68402674822255e-09, 4.9912705080146225e-09, 6.319228695872425e-09, 4.373702733317941e-09, 3.952854044086962e-09, 4.2422145796194854e-09, 2.5330306741011555e-09, 1.3870473658528226e-09, 1.0193051958040655e-09, 9.187344773842199e-10, 6.971497823471395e-10, 3.7030811750327075e-10, 7.809667912361817e-10, 1.835312873899042e-10, 1.7442429445235774e-10, 6.482429870668938e-11, 3.563518924387665e-11, 2.0709980605437828e-11, 1.7462574788962293e-11, 1.1865048873960227e-11, 1.0646156699267717e-11, 9.216944048262565e-12, 7.735408667775001e-12, 7.224838782793341e-12, 6.877271321870104e-12, 5.9171860120055264e-12, 5.9496344483045416e-12, 5.65985583053652e-12, 5.644353907874322e-12, 4.7937491649829855e-12, 4.598113556575356e-12, 4.5178366256393154e-12, 4.45332572901469e-12, 4.399023680046188e-12, 4.3596450234606454e-12, 4.336179852681976e-12], "lowlevel.mfcc.mean": [-861.1447143554688, 179.2746124267578, -92.83921813964844, 0.9667028784751892, -8.852517127990723, -20.907007217407227, -25.256006240844727, -33.00098419189453, -35.35801315307617, -21.510805130004883, -23.392526626586914, -19.50002098083496, -5.222797870635986], "lowlevel.spectral_contrast_coeffs.mean": [-0.5002081990242004, -0.7087063193321228, -0.7980616092681885, -0.8022547960281372, -0.7749502658843994, -0.7672423720359802], "lowlevel.spectral_contrast_coeffs.stdev": [0.08763441443443298, 0.1113789826631546, 0.06954929977655411, 0.07015968859195709, 0.050990257412195206, 0.0710318461060524], "lowlevel.spectral_contrast_valleys.mean": [-10.6391019821167, -8.345355987548828, -8.391305923461914, -8.20042610168457, -9.44063663482666, -14.116777420043945], "lowlevel.spectral_contrast_valleys.stdev": [0.9425451159477234, 1.4242422580718994, 1.2894729375839233, 1.1115490198135376, 1.4306583404541016, 0.8376632928848267], "rhythm.beats_loudness_band_ratio.mean": [0.006514406763017178, 0.41225963830947876, 0.13903358578681946, 0.341312050819397, 0.1118783950805664, 0.018022077158093452], "rhythm.beats_loudness_band_ratio.stdev": [0.015202656388282776, 0.3685562312602997, 0.1767389476299286, 0.3389265835285187, 0.17615580558776855, 0.06043059006333351], "tonal.hpcp.mean": [0.14639262855052948, 0.14118212461471558, 0.11502655595541, 0.17876262962818146, 0.16016988456249237, 0.08839976042509079, 0.14599581062793732, 0.1406649947166443, 0.08008889108896255, 0.08196210861206055, 0.08358693867921829, 0.07294639199972153, 0.06800425052642822, 0.07459073513746262, 0.09823647141456604, 0.2565247416496277, 0.27941665053367615, 0.13653531670570374, 0.10212672501802444, 0.09900619834661484, 0.09757769107818604, 0.08883097767829895, 0.1035546287894249, 0.1312544196844101, 0.1463215947151184, 0.16009773313999176, 0.18191970884799957, 0.2537303566932678, 0.21595919132232666, 0.10592620074748993, 0.10354990512132645, 0.11212362349033356, 0.10735918581485748, 0.09599432349205017, 0.08501897752285004, 0.10177288204431534], "tonal.hpcp.stdev": [0.24615398049354553, 0.24419090151786804, 0.20250532031059265, 0.30700770020484924, 0.28994157910346985, 0.14962932467460632, 0.2706311345100403, 0.25446662306785583, 0.15678012371063232, 0.16479890048503876, 0.17658087611198425, 0.15117362141609192, 0.14277797937393188, 0.15268324315547943, 0.1787477433681488, 0.3433931767940521, 0.3562244474887848, 0.24276018142700195, 0.20426374673843384, 0.2009204924106598, 0.20326507091522217, 0.1857530027627945, 0.21742556989192963, 0.24674442410469055, 0.2608611285686493, 0.2778056859970093, 0.256984680891037, 0.3107808530330658, 0.27471575140953064, 0.19365659356117249, 0.21031083166599274, 0.2080705612897873, 0.20239917933940887, 0.19566896557807922, 0.1745433658361435, 0.1859542429447174], "rhythm.beats_position": [0.5804988741874695, 1.172607660293579, 1.7647165060043335, 2.3684353828430176, 2.9605441093444824, 3.4829931259155273, 3.9938321113586426, 4.527891159057617, 5.073559761047363, 5.619228839874268, 6.153287887573242, 6.675736904144287, 7.198185920715332, 7.697414875030518, 8.185033798217773, 8.661043167114258, 9.125441551208496, 9.58984088897705, 10.054240226745605, 10.51863956451416, 10.983037948608398, 11.447437286376953, 11.900226593017578, 12.353015899658203, 12.817414283752441, 13.270203590393066, 13.734602928161621, 14.187392234802246, 14.6517915725708, 15.10457992553711, 15.557369232177734, 16.03337860107422, 16.520998001098633, 16.973787307739258, 17.42657470703125, 17.890974044799805, 18.34376335144043, 18.796552658081055, 19.24934196472168, 19.725351333618164, 20.16653060913086, 20.596099853515625, 21.03727912902832, 21.478458404541016, 21.91963768005371, 22.360815048217773, 22.80199432373047, 23.243173599243164, 23.68435287475586, 24.125532150268555], "rhythm.bpm_histogram": [0.0, 0.0, 0.0, 0.0, 0.0, 0.0, 0.0, 0.0, 0.0, 0.0, 0.0, 0.0, 0.0, 0.0, 0.0, 0.0, 0.0, 0.0, 0.0, 0.0, 0.0, 0.0, 0.0, 0.0, 0.0, 0.0, 0.0, 0.0, 0.0, 0.0, 0.0, 0.0, 0.0, 0.0, 0.0, 0.0, 0.0, 0.0, 0.0, 0.0, 0.0, 0.0, 0.0, 0.0, 0.0, 0.0, 0.0, 0.0, 0.0, 0.0, 0.0, 0.0, 0.0, 0.0, 0.0, 0.0, 0.0, 0.0, 0.0, 0.0, 0.0, 0.0, 0.0, 0.0, 0.0, 0.0, 0.0, 0.0, 0.0, 0.0, 0.0, 0.0, 0.0, 0.0, 0.0, 0.0, 0.0, 0.0, 0.0, 0.0, 0.0, 0.0, 0.0, 0.0, 0.0, 0.0, 0.0, 0.0, 0.0, 0.0, 0.0, 0.0, 0.0, 0.0, 0.0, 0.0, 0.0, 0.0, 0.0, 0.020408162847161293, 0.0, 0.06122449040412903, 0.0, 0.0, 0.0, 0.0, 0.0, 0.0, 0.0, 0.0, 0.040816325694322586, 0.0, 0.040816325694322586, 0.0, 0.0, 0.06122449040412903, 0.0, 0.020408162847161293, 0.0, 0.0, 0.020408162847161293, 0.0, 0.0, 0.040816325694322586, 0.0, 0.0, 0.06122449040412903, 0.0, 0.0, 0.20408163964748383, 0.0, 0.0, 0.0, 0.22448979318141937, 0.0, 0.0, 0.18367347121238708, 0.0, 0.0, 0.0, 0.020408162847161293, 0.0, 0.0, 0.0, 0.0, 0.0, 0.0, 0.0, 0.0, 0.0, 0.0, 0.0, 0.0, 0.0, 0.0, 0.0, 0.0, 0.0, 0.0, 0.0, 0.0, 0.0, 0.0, 0.0, 0.0, 0.0, 0.0, 0.0, 0.0, 0.0, 0.0, 0.0, 0.0, 0.0, 0.0, 0.0, 0.0, 0.0, 0.0, 0.0, 0.0, 0.0, 0.0, 0.0, 0.0, 0.0, 0.0, 0.0, 0.0, 0.0, 0.0, 0.0, 0.0, 0.0, 0.0, 0.0, 0.0, 0.0, 0.0, 0.0, 0.0, 0.0, 0.0, 0.0, 0.0, 0.0, 0.0, 0.0, 0.0, 0.0, 0.0, 0.0, 0.0, 0.0, 0.0, 0.0, 0.0, 0.0, 0.0, 0.0, 0.0, 0.0, 0.0, 0.0, 0.0, 0.0, 0.0, 0.0, 0.0, 0.0, 0.0, 0.0, 0.0, 0.0, 0.0, 0.0, 0.0, 0.0, 0.0, 0.0, 0.0, 0.0, 0.0, 0.0, 0.0, 0.0, 0.0, 0.0, 0.0, 0.0], "tonal.chords_histogram": [12.781954765319824, 0.7518796920776367, 0.0, 0.0, 7.330827236175537, 0.0, 9.210526466369629, 38.345863342285156, 0.37593984603881836, 0.0, 0.0, 2.067669153213501, 0.18796992301940918, 8.64661693572998, 14.473684310913086, 3.7593984603881836, 0.0, 0.0, 0.0, 0.0, 0.0, 0.0, 0.0, 2.067669153213501], "tonal.thpcp": [1.0, 0.48864418268203735, 0.3654997944831848, 0.3543317914009094, 0.34921932220458984, 0.31791582703590393, 0.3706100881099701, 0.4697444438934326, 0.523668110370636, 0.5729713439941406, 0.651069700717926, 0.9080716967582703, 0.7728930711746216, 0.37909767031669617, 0.37059319019317627, 0.4012775421142578, 0.38422614336013794, 0.3435526192188263, 0.3042731285095215, 0.36423343420028687, 0.523922324180603, 0.5052745342254639, 0.41166678071022034, 0.6397708654403687, 0.5732295513153076, 0.3163725435733795, 0.5225021839141846, 0.503423810005188, 0.2866289019584656, 0.29333293437957764, 0.2991480231285095, 0.261066734790802, 0.2433793842792511, 0.26695165038108826, 0.3515770137310028, 0.918072521686554], "lowlevel.gfcc.cov": [[10471.7626953125, -104.03958892822266, -2198.94921875, -465.763671875, -291.90533447265625, -1083.01611328125, 778.0413818359375, 133.9226837158203, 341.9615783691406, 462.0751037597656, 158.3182373046875, -17.623445510864258, -314.12164306640625], [-104.03958892822266, 1718.2501220703125, 859.2614135742188, -1004.2521362304688, -29.11444091796875, -115.57808685302734, -136.21046447753906, 32.1764030456543, 12.123897552490234, -270.3134460449219, -36.43412780761719, -2.173797130584717, 2.7845356464385986], [-2198.94921875, 859.2614135742188, 1386.11865234375, -138.66534423828125, 9.562052726745605, 133.30104064941406, -423.4162292480469, -59.95085144042969, -55.35448455810547, -260.4119873046875, -89.79813385009766, 20.860849380493164, 135.71144104003906], [-465.763671875, -1004.2521362304688, -138.66534423828125, 1487.8875732421875, 106.26959228515625, 15.970699310302734, -285.9637756347656, -261.48931884765625, -68.8741455078125, 54.8390007019043, -48.809730529785156, -56.20726013183594, 102.9487075805664], [-291.90533447265625, -29.11444091796875, 9.562052726745605, 106.26959228515625, 288.6559143066406, 80.81224060058594, -138.1374969482422, -108.78761291503906, 46.72899627685547, 21.66168212890625, -50.504302978515625, -49.846614837646484, -4.029378890991211], [-1083.01611328125, -115.57808685302734, 133.30104064941406, 15.970699310302734, 80.81224060058594, 444.3435974121094, -42.60490036010742, -80.51869201660156, -114.3750228881836, -71.3953628540039, -68.42178344726562, -69.72752380371094, -5.823540687561035], [778.0413818359375, -136.21046447753906, -423.4162292480469, -285.9637756347656, -138.1374969482422, -42.60490036010742, 547.9163818359375, 195.04380798339844, -120.04351806640625, -5.610069751739502, 35.23161697387695, 15.14144229888916, -129.29635620117188], [133.9226837158203, 32.1764030456543, -59.95085144042969, -261.48931884765625, -108.78761291503906, -80.51869201660156, 195.04380798339844, 248.51333618164062, 7.672813415527344, -37.26392364501953, 5.503164291381836, 16.051063537597656, -52.20168685913086], [341.9615783691406, 12.123897552490234, -55.35448455810547, -68.8741455078125, 46.72899627685547, -114.3750228881836, -120.04351806640625, 7.672813415527344, 235.83766174316406, 126.4845962524414, -3.8306221961975098, -0.6057572960853577, -5.518544673919678], [462.0751037597656, -270.3134460449219, -260.4119873046875, 54.8390007019043, 21.66168212890625, -71.3953628540039, -5.610069751739502, -37.26392364501953, 126.4845962524414, 227.45411682128906, 59.3232307434082, 3.527836799621582, -25.267637252807617], [158.3182373046875, -36.43412780761719, -89.79813385009766, -48.809730529785156, -50.504302978515625, -68.42178344726562, 35.23161697387695, 5.503164291381836, -3.8306221961975098, 59.3232307434082, 120.84423065185547, 65.59358215332031, -3.846226215362549], [-17.623445510864258, -2.173797130584717, 20.860849380493164, -56.20726013183594, -49.846614837646484, -69.72752380371094, 15.14144229888916, 16.051063537597656, -0.6057572960853577, 3.527836799621582, 65.59358215332031, 122.07086944580078, 49.16084289550781], [-314.12164306640625, 2.7845356464385986, 135.71144104003906, 102.9487075805664, -4.029378890991211, -5.823540687561035, -129.29635620117188, -52.20168685913086, -5.518544673919678, -25.267637252807617, -3.846226215362549, 49.16084289550781, 129.9987335205078]], "lowlevel.gfcc.icov": [[0.00025248771999031305, -0.0001239781704498455, 0.0004368078080005944, 7.533863390563056e-05, 0.0002881761174649, 0.0005292373243719339, -1.7393902453477494e-05, 0.0004176150250714272, -3.090743484790437e-05, -2.695407602004707e-05, 0.00038939816295169294, 4.492390507948585e-05, 0.0002681048063095659], [-0.0001239781704498455, 0.004117065574973822, -0.001763610984198749, 0.00312039814889431, 9.595636220183223e-05, 0.0027876892127096653, 0.0005777934566140175, 0.0035292429383844137, -0.000360438774805516, 0.004370758775621653, -0.0011719157919287682, 0.0030968443024903536, 0.00073040317511186], [0.0004368078080005944, -0.001763610984198749, 0.0029329087119549513, -0.0006647463887929916, 0.0008384708780795336, -0.00028124087839387357, 0.001620446564629674, -0.0009441465954296291, 0.0009145864169113338, -0.0006919089937582612, 0.0019921010825783014, -0.0019144219113513827, 0.0004910861607640982], [7.533863390563056e-05, 0.00312039814889431, -0.0006647463887929916, 0.0036015119403600693, 0.00038895951001904905, 0.0029812236316502094, 0.0014601617585867643, 0.0034869909286499023, 0.0012292616302147508, 0.0026536507066339254, 0.0004661708080675453, 0.002501365030184388, 0.000590984767768532], [0.0002881761174649, 9.595636220183223e-05, 0.0008384708780795336, 0.00038895951001904905, 0.005516276229172945, 0.00028585040126927197, 0.001174433040432632, 0.0024755995254963636, -0.0006716761854477227, 0.0003843362210318446, 0.0023153333459049463, -3.401348658371717e-05, 0.0019844532944262028], [0.0005292373243719339, 0.0027876892127096653, -0.00028124087839387357, 0.0029812236316502094, 0.00028585040126927197, 0.006885793525725603, 0.0011083411518484354, 0.004316441249102354, 0.0024110896047204733, 0.002367638284340501, 0.0019345094915479422, 0.0030882814899086952, 0.0017566849710419774], [-1.7393902453477494e-05, 0.0005777934566140175, 0.001620446564629674, 0.0014601617585867643, 0.001174433040432632, 0.0011083411518484354, 0.007582194171845913, -0.0024664674419909716, 0.006001496687531471, -0.0014656935818493366, 0.003719781758263707, -0.0030235997401177883, 0.004957818891853094], [0.0004176150250714272, 0.0035292429383844137, -0.0009441465954296291, 0.0034869909286499023, 0.0024755995254963636, 0.004316441249102354, -0.0024664674419909716, 0.012555588968098164, -0.003651516744866967, 0.00680712191388011, -0.00024782566470094025, 0.00313826953060925, 0.0019904067739844322], [-3.090743484790437e-05, -0.000360438774805516, 0.0009145864169113338, 0.0012292616302147508, -0.0006716761854477227, 0.0024110896047204733, 0.006001496687531471, -0.003651516744866967, 0.014179791323840618, -0.008656459860503674, 0.007404262199997902, -0.003678843379020691, 0.0031244319397956133], [-2.695407602004707e-05, 0.004370758775621653, -0.0006919089937582612, 0.0026536507066339254, 0.0003843362210318446, 0.002367638284340501, -0.0014656935818493366, 0.00680712191388011, -0.008656459860503674, 0.016918646171689034, -0.008331841789186, 0.006059067789465189, 0.000238862878177315], [0.00038939816295169294, -0.0011719157919287682, 0.0019921010825783014, 0.0004661708080675453, 0.0023153333459049463, 0.0019345094915479422, 0.003719781758263707, -0.00024782566470094025, 0.007404262199997902, -0.008331841789186, 0.0211046040058136, -0.012001820839941502, 0.006133743561804295], [4.492390507948585e-05, 0.0030968443024903536, -0.0019144219113513827, 0.002501365030184388, -3.401348658371717e-05, 0.0030882814899086952, -0.0030235997401177883, 0.00313826953060925, -0.003678843379020691, 0.006059067789465189, -0.012001820839941502, 0.02130051515996456, -0.008938559330999851], [0.0002681048063095659, 0.00073040317511186, 0.0004910861607640982, 0.000590984767768532, 0.0019844532944262028, 0.0017566849710419774, 0.004957818891853094, 0.0019904067739844322, 0.0031244319397956133, 0.000238862878177315, 0.006133743561804295, -0.008938559330999851, 0.016955165192484856]], "lowlevel.mfcc.cov": [[8842.779296875, -53.49138641357422, -2513.712158203125, 944.9578857421875, -1522.3385009765625, -160.00750732421875, -197.34414672851562, 27.316272735595703, 54.743492126464844, 501.2833557128906, 393.4010925292969, 507.1038513183594, 670.6851806640625], [-53.49138641357422, 2621.155029296875, 394.53363037109375, -1031.0963134765625, -146.0003662109375, -557.9230346679688, -89.20143127441406, 130.85592651367188, -26.629837036132812, -120.36654663085938, 10.726181030273438, -27.410869598388672, 12.253366470336914], [-2513.712158203125, 394.53363037109375, 1306.3865966796875, -223.36749267578125, 469.32781982421875, -50.42781066894531, -77.35900115966797, -19.66437530517578, -79.77753448486328, -240.5208740234375, -219.44931030273438, -238.0990753173828, -260.19036865234375], [944.9578857421875, -1031.0963134765625, -223.36749267578125, 990.705322265625, 63.41793441772461, 122.45430755615234, -116.19612121582031, -134.05311584472656, -35.064186096191406, 59.7268180847168, -62.80714797973633, -32.50058364868164, 65.37281799316406], [-1522.3385009765625, -146.0003662109375, 469.32781982421875, 63.41793441772461, 773.2594604492188, 240.23403930664062, -237.17428588867188, -209.15806579589844, -43.37821960449219, -70.48545837402344, -130.63406372070312, -161.8159637451172, -207.62939453125], [-160.00750732421875, -557.9230346679688, -50.42781066894531, 122.45430755615234, 240.23403930664062, 451.59588623046875, 19.135387420654297, -139.2134246826172, -7.0565385818481445, -1.9847826957702637, -18.036483764648438, 8.820446014404297, -99.90491485595703], [-197.34414672851562, -89.20143127441406, -77.35900115966797, -116.19612121582031, -237.17428588867188, 19.135387420654297, 411.002197265625, 183.8762969970703, -6.749125003814697, -39.50406265258789, 27.282297134399414, 27.2291202545166, -19.52016830444336], [27.316272735595703, 130.85592651367188, -19.66437530517578, -134.05311584472656, -209.15806579589844, -139.2134246826172, 183.8762969970703, 256.6927795410156, 42.34085464477539, -20.77482795715332, 32.56780242919922, -4.0904083251953125, 9.665169715881348], [54.743492126464844, -26.629837036132812, -79.77753448486328, -35.064186096191406, -43.37821960449219, -7.0565385818481445, -6.749125003814697, 42.34085464477539, 126.46160888671875, 59.8770866394043, 19.40346908569336, 12.995377540588379, 6.191394805908203], [501.2833557128906, -120.36654663085938, -240.5208740234375, 59.7268180847168, -70.48545837402344, -1.9847826957702637, -39.50406265258789, -20.77482795715332, 59.8770866394043, 179.9896240234375, 98.40849304199219, 46.30731964111328, 49.95013427734375], [393.4010925292969, 10.726181030273438, -219.44931030273438, -62.80714797973633, -130.63406372070312, -18.036483764648438, 27.282297134399414, 32.56780242919922, 19.40346908569336, 98.40849304199219, 163.86859130859375, 88.99221801757812, 44.41447067260742], [507.1038513183594, -27.410869598388672, -238.0990753173828, -32.50058364868164, -161.8159637451172, 8.820446014404297, 27.2291202545166, -4.0904083251953125, 12.995377540588379, 46.30731964111328, 88.99221801757812, 182.3714599609375, 125.5124282836914], [670.6851806640625, 12.253366470336914, -260.19036865234375, 65.37281799316406, -207.62939453125, -99.90491485595703, -19.52016830444336, 9.665169715881348, 6.191394805908203, 49.95013427734375, 44.41447067260742, 125.5124282836914, 230.0201416015625]], "lowlevel.mfcc.icov": [[0.0008831405430100858, -0.0007044555968604982, 0.0011934118811041117, -0.0011223605833947659, 0.0017884812550619245, -0.0012675125617533922, 0.0017203218303620815, -0.0011386688565835357, 0.001289251376874745, -0.0010001107584685087, 0.0009084425400942564, -0.0006270307931117713, 0.000738332630135119], [-0.0007044555968604982, 0.0015919951256364584, -0.0008995333919301629, 0.0019302364671602845, -0.0013457800960168242, 0.0020767427049577236, -0.00097928277682513, 0.0012628958793357015, -0.0007156040519475937, 0.0011828748974949121, -0.0006656317855231464, 0.0006881846929900348, -0.0005304277292452753], [0.0011934118811041117, -0.0008995333919301629, 0.0032926832791417837, -0.0011886092834174633, 0.001721594831906259, -0.0009253201424144208, 0.002408150117844343, -0.0015845588641241193, 0.00205166544765234, -0.0003526452637743205, 0.0021198270842432976, -0.0006834968808107078, 0.00203863182105124], [-0.0011223605833947659, 0.0019302364671602845, -0.0011886092834174633, 0.0038424208760261536, -0.002078109188005328, 0.0021844119764864445, -0.0015192866558209062, 0.0018997059669345617, -0.0006056568818166852, 0.0008697058656252921, -9.841786231845617e-05, 0.0017886821879073977, -0.001532210735604167], [0.0017884812550619245, -0.0013457800960168242, 0.001721594831906259, -0.002078109188005328, 0.007112883031368256, -0.0040704673156142235, 0.00515011278912425, -0.0016335753025487065, 0.0030482786241918802, -0.0021699233911931515, 0.002332547679543495, -0.00018418919353280216, 0.002592444885522127], [-0.0012675125617533922, 0.0020767427049577236, -0.0009253201424144208, 0.0021844119764864445, -0.0040704673156142235, 0.007643559947609901, -0.004074534866958857, 0.004598722793161869, -0.002673286711797118, 0.002459446433931589, -0.0010622866684570909, -0.0011140791466459632, 0.001375119318254292], [0.0017203218303620815, -0.00097928277682513, 0.002408150117844343, -0.0015192866558209062, 0.00515011278912425, -0.004074534866958857, 0.008981485851109028, -0.006204745266586542, 0.004798602778464556, -0.0019735749810934067, 0.002910063834860921, -0.002069286536425352, 0.0029605405870825052], [-0.0011386688565835357, 0.0012628958793357015, -0.0015845588641241193, 0.0018997059669345617, -0.0016335753025487065, 0.004598722793161869, -0.006204745266586542, 0.011964106932282448, -0.006208824459463358, 0.004763147793710232, -0.004599316511303186, 0.003725879592821002, -0.0015981432516127825], [0.001289251376874745, -0.0007156040519475937, 0.00205166544765234, -0.0006056568818166852, 0.0030482786241918802, -0.002673286711797118, 0.004798602778464556, -0.006208824459463358, 0.014431364834308624, -0.007574052084237337, 0.005734101869165897, -0.0029762357007712126, 0.0028035484720021486], [-0.0010001107584685087, 0.0011828748974949121, -0.0003526452637743205, 0.0008697058656252921, -0.0021699233911931515, 0.002459446433931589, -0.0019735749810934067, 0.004763147793710232, -0.007574052084237337, 0.015081826597452164, -0.009626459330320358, 0.0041627706959843636, -0.002535020001232624], [0.0009084425400942564, -0.0006656317855231464, 0.0021198270842432976, -9.841786231845617e-05, 0.002332547679543495, -0.0010622866684570909, 0.002910063834860921, -0.004599316511303186, 0.005734101869165897, -0.009626459330320358, 0.017016379162669182, -0.007906065322458744, 0.0048612370155751705], [-0.0006270307931117713, 0.0006881846929900348, -0.0006834968808107078, 0.0017886821879073977, -0.00018418919353280216, -0.0011140791466459632, -0.002069286536425352, 0.003725879592821002, -0.0029762357007712126, 0.0041627706959843636, -0.007906065322458744, 0.015844007954001427, -0.008414880372583866], [0.000738332630135119, -0.0005304277292452753, 0.00203863182105124, -0.001532210735604167, 0.002592444885522127, 0.001375119318254292, 0.0029605405870825052, -0.0015981432516127825, 0.0028035484720021486, -0.002535020001232624, 0.0048612370155751705, -0.008414880372583866, 0.01234814990311861]], "metadata.audio_properties.analysis.downmix": "mix", "metadata.audio_properties.codec": "mp3", "metadata.audio_properties.md5_encoded": "12607e2df6460680342365117420c991", "metadata.tags.file_name": "1182269595864797234.mp3", "metadata.version.essentia": "2.1-beta6-dev", "metadata.version.essentia_git_sha": "v2.1_beta5-1110-g77a6a954", "metadata.version.extractor": "music 2.0", "tonal.chords_key": "D", "tonal.ch