{"song_id": "1182281364809203784", "download": "https://cdn.discordapp.com/attachments/1135911532732108921/1182281364809203784/chirp.mp4?ex=65842053&amp", "lyrics": "\u4e61\u8ff9\u5370\u8c61\uff0c\u6211\u7684\u5fc3\u7075\u4e4b\u6240\uff0c\n\u5b88\u62a4\u7740\u8fd9\u7247\u571f\u5730\u7684\u7075\u9b42\u3002\n\u6e29\u6696\u7684\u6000\u62b1\uff0c\u629a\u6170\u6e38\u5b50\u7684\u601d\u5ff5\uff0c\n\u5728\u8fd9\u7247\u571f\u5730\u4e0a\uff0c\u71c3\u70e7\u7740\u4e61\u6101\u7684\u706b\u82d7\u3002", "style": ["random"], "essentia_features": {"lowlevel.average_loudness": 0.9744514226913452, "lowlevel.barkbands_crest.mean": 10.28416919708252, "lowlevel.barkbands_crest.stdev": 5.430047988891602, "lowlevel.barkbands_flatness_db.mean": 0.11152441799640656, "lowlevel.barkbands_flatness_db.stdev": 0.04046926274895668, "lowlevel.barkbands_kurtosis.mean": 1.5659515857696533, "lowlevel.barkbands_kurtosis.stdev": 4.767992973327637, "lowlevel.barkbands_skewness.mean": 1.3325726985931396, "lowlevel.barkbands_skewness.stdev": 1.063363790512085, "lowlevel.barkbands_spread.mean": 43.459537506103516, "lowlevel.barkbands_spread.stdev": 15.035835266113281, "lowlevel.dissonance.mean": 0.4903533458709717, "lowlevel.dissonance.stdev": 0.009118564426898956, "lowlevel.dynamic_complexity": 1.5642731189727783, "lowlevel.erbbands_crest.mean": 6.245987892150879, "lowlevel.erbbands_crest.stdev": 2.718510150909424, "lowlevel.erbbands_flatness_db.mean": 0.11822714656591415, "lowlevel.erbbands_flatness_db.stdev": 0.022435568273067474, "lowlevel.erbbands_kurtosis.mean": 0.48276492953300476, "lowlevel.erbbands_kurtosis.stdev": 1.1328904628753662, "lowlevel.erbbands_skewness.mean": -0.6564792394638062, "lowlevel.erbbands_skewness.stdev": 0.5931312441825867, "lowlevel.erbbands_spread.mean": 47.841617584228516, "lowlevel.erbbands_spread.stdev": 15.444133758544922, "lowlevel.hfc.mean": 41.439109802246094, "lowlevel.hfc.stdev": 18.241065979003906, "lowlevel.loudness_ebu128.integrated": -10.704522132873535, "lowlevel.loudness_ebu128.loudness_range": 1.434213638305664, "lowlevel.loudness_ebu128.momentary.mean": -11.046015739440918, "lowlevel.loudness_ebu128.momentary.stdev": 1.9584447145462036, "lowlevel.loudness_ebu128.short_term.mean": -10.885247230529785, "lowlevel.loudness_ebu128.short_term.stdev": 0.8738275170326233, "lowlevel.melbands_crest.mean": 18.500247955322266, "lowlevel.melbands_crest.stdev": 5.796886444091797, "lowlevel.melbands_flatness_db.mean": 0.15508918464183807, "lowlevel.melbands_flatness_db.stdev": 0.05337674543261528, "lowlevel.melbands_kurtosis.mean": 17.408296585083008, "lowlevel.melbands_kurtosis.stdev": 25.021747589111328, "lowlevel.melbands_skewness.mean": 3.463831663131714, "lowlevel.melbands_skewness.stdev": 2.118649482727051, "lowlevel.melbands_spread.mean": 35.955528259277344, "lowlevel.melbands_spread.stdev": 19.27215576171875, "lowlevel.pitch_salience.mean": 0.5359452962875366, "lowlevel.pitch_salience.stdev": 0.14089253544807434, "lowlevel.silence_rate_20dB.mean": 1.0, "lowlevel.silence_rate_20dB.stdev": 0.0, "lowlevel.silence_rate_30dB.mean": 0.9953461289405823, "lowlevel.silence_rate_30dB.stdev": 0.06806042790412903, "lowlevel.silence_rate_60dB.mean": 0.033158812671899796, "lowlevel.silence_rate_60dB.stdev": 0.1790505051612854, "lowlevel.spectral_centroid.mean": 2385.7666015625, "lowlevel.spectral_centroid.stdev": 464.7821350097656, "lowlevel.spectral_complexity.mean": 37.596858978271484, "lowlevel.spectral_complexity.stdev": 10.464367866516113, "lowlevel.spectral_decrease.mean": -1.0468020228415753e-08, "lowlevel.spectral_decrease.stdev": 6.72617028740774e-09, "lowlevel.spectral_energy.mean": 0.04326744005084038, "lowlevel.spectral_energy.stdev": 0.02577255293726921, "lowlevel.spectral_energyband_high.mean": 0.003267430467531085, "lowlevel.spectral_energyband_high.stdev": 0.0019517703913152218, "lowlevel.spectral_energyband_low.mean": 0.02429232932627201, "lowlevel.spectral_energyband_low.stdev": 0.02570521831512451, "lowlevel.spectral_energyband_middle_high.mean": 0.007642222102731466, "lowlevel.spectral_energyband_middle_high.stdev": 0.005240903235971928, "lowlevel.spectral_energyband_middle_low.mean": 0.00793355330824852, "lowlevel.spectral_energyband_middle_low.stdev": 0.010819788090884686, "lowlevel.spectral_entropy.mean": 8.127538681030273, "lowlevel.spectral_entropy.stdev": 0.1471518725156784, "lowlevel.spectral_flux.mean": 0.12597057223320007, "lowlevel.spectral_flux.stdev": 0.056642163544893265, "lowlevel.spectral_kurtosis.mean": 2.449845314025879, "lowlevel.spectral_kurtosis.stdev": 1.0555659532546997, "lowlevel.spectral_rms.mean": 0.006215461064130068, "lowlevel.spectral_rms.stdev": 0.001892130938358605, "lowlevel.spectral_rolloff.mean": 2421.996337890625, "lowlevel.spectral_rolloff.stdev": 1600.69580078125, "lowlevel.spectral_skewness.mean": 1.0882501602172852, "lowlevel.spectral_skewness.stdev": 0.2699177861213684, "lowlevel.spectral_spread.mean": 5186095.0, "lowlevel.spectral_spread.stdev": 712505.625, "lowlevel.spectral_strongpeak.mean": 0.488059401512146, "lowlevel.spectral_strongpeak.stdev": 0.46040672063827515, "lowlevel.zerocrossingrate.mean": 0.09159406274557114, "lowlevel.zerocrossingrate.stdev": 0.029975032433867455, "metadata.audio_properties.analysis.equal_loudness": 0.0, "metadata.audio_properties.analysis.length": 39.87199401855469, "metadata.audio_properties.analysis.sample_rate": 44100.0, "metadata.audio_properties.analysis.start_time": 0.0, "metadata.audio_properties.bit_rate": 120890.0, "metadata.audio_properties.length": 39.87200164794922, "metadata.audio_properties.lossless": 0.0, "metadata.audio_properties.number_channels": 1.0, "metadata.audio_properties.replay_gain": -14.515031814575195, "metadata.audio_properties.sample_rate": 48000.0, "rhythm.beats_count": 113.0, "rhythm.beats_loudness.mean": 0.05194145813584328, "rhythm.beats_loudness.stdev": 0.0226848553866148, "rhythm.bpm": 172.2655029296875, "rhythm.bpm_histogram_first_peak_bpm": 172.0, "rhythm.bpm_histogram_first_peak_weight": 0.0, "rhythm.bpm_histogram_second_peak_bpm": 178.0, "rhythm.bpm_histogram_second_peak_spread": 0.0, "rhythm.bpm_histogram_second_peak_weight": 0.1428571492433548, "rhythm.danceability": 0.9954816102981567, "rhythm.onset_rate": 2.983062982559204, "tonal.chords_changes_rate": 0.11279069632291794, "tonal.chords_number_rate": 0.011627906933426857, "tonal.chords_strength.mean": 0.45046916604042053, "tonal.chords_strength.stdev": 0.07757539302110672, "tonal.hpcp_crest.mean": 9.159133911132812, "tonal.hpcp_crest.stdev": 4.56507682800293, "tonal.hpcp_entropy.mean": 2.896425724029541, "tonal.hpcp_entropy.stdev": 0.760977029800415, "tonal.key_edma.strength": 0.6495513916015625, "tonal.key_krumhansl.strength": 0.6467817425727844, "tonal.key_temperley.strength": 0.6340742111206055, "tonal.tuning_diatonic_strength": 0.48121675848960876, "tonal.tuning_equal_tempered_deviation": 0.15060846507549286, "tonal.tuning_frequency": 448.7266540527344, "tonal.tuning_nontempered_energy_ratio": 0.8509442210197449, "lowlevel.barkbands.mean": [0.0016003299970179796, 0.015802938491106033, 0.0071554589085280895, 0.0011287915986031294, 0.0037005108315497637, 0.0012189372209832072, 0.0004458189650904387, 0.0004251824284438044, 0.0007719305576756597, 0.0008449330925941467, 0.0005133927334100008, 0.0006536059081554413, 0.0007228311151266098, 0.0006166330422274768, 0.0006429304485209286, 0.0011566912289708853, 0.0006764106219634414, 0.0006490671657957137, 0.0008712176932021976, 0.0009269563015550375, 0.000772301631513983, 0.0007148570730350912, 0.00047935862676240504, 0.00030058459378778934, 0.0003035341505892575, 0.00017220270819962025, 1.807765848127474e-08], "lowlevel.barkbands.stdev": [0.0010732837254181504, 0.023729383945465088, 0.0075952741317451, 0.0022021012846380472, 0.009093603119254112, 0.001499638194218278, 0.0009933413239195943, 0.0008267456432804465, 0.0015393071807920933, 0.0016686562448740005, 0.001074024592526257, 0.0012677278136834502, 0.0013091929722577333, 0.0009934137342497706, 0.0010938908671960235, 0.001366755343042314, 0.0006751521141268313, 0.000498310721013695, 0.0004655453085433692, 0.0004733084060717374, 0.0004359005542937666, 0.0005953105865046382, 0.0004974605399183929, 0.0002349721034988761, 0.00025718301185406744, 0.00017248802760150284, 1.6879566544503177e-07], "lowlevel.erbbands.mean": [0.40575462579727173, 3.6800074577331543, 8.808910369873047, 5.875916004180908, 6.470028400421143, 15.242288589477539, 13.20678997039795, 7.474008560180664, 6.201895236968994, 7.089301586151123, 11.791464805603027, 16.109420776367188, 24.713869094848633, 23.995023727416992, 22.235584259033203, 28.6031551361084, 32.92380905151367, 29.229228973388672, 35.688758850097656, 40.946327209472656, 64.47473907470703, 40.635013580322266, 33.72005844116211, 47.52757263183594, 38.66793441772461, 42.69219207763672, 37.252437591552734, 27.321989059448242, 26.83230209350586, 20.126502990722656, 12.20678997039795, 6.741085529327393, 4.996309757232666, 3.3465139865875244, 2.1102089881896973, 1.2089484930038452, 0.2241237908601761, 0.008496370166540146, 0.000259476451901719, 7.375766290351748e-05], "lowlevel.erbbands.stdev": [0.7972525358200073, 5.056644916534424, 7.969485759735107, 8.743022918701172, 14.934036254882812, 39.85371017456055, 17.188861846923828, 9.731231689453125, 14.961355209350586, 12.92394733428955, 21.750349044799805, 30.973541259765625, 50.16499710083008, 50.53521728515625, 38.5143928527832, 54.363311767578125, 57.07386779785156, 43.767459869384766, 58.01514434814453, 63.89370346069336, 69.5474853515625, 40.925228118896484, 25.91153907775879, 29.3277645111084, 19.924449920654297, 21.526256561279297, 19.306081771850586, 17.40646743774414, 22.249927520751953, 20.128305435180664, 12.17141056060791, 5.525651454925537, 3.94752836227417, 2.841597318649292, 1.879326581954956, 1.1731446981430054, 0.24889037013053894, 0.011687641963362694, 0.0002576661645434797, 3.373962681507692e-05], "lowlevel.gfcc.mean": [60.308860778808594, 49.201358795166016, -114.27903747558594, 65.95308685302734, -52.16316223144531, 28.601797103881836, -39.62156295776367, 15.813005447387695, -32.26704406738281, 9.031965255737305, -22.21588897705078, 3.9622578620910645, -9.047636985778809], "lowlevel.melbands.mean": [0.00405023992061615, 0.004616382531821728, 0.0010217909002676606, 0.0008151063811965287, 0.0005117413238622248, 0.00018393760547041893, 9.27894507185556e-05, 7.88962934166193e-05, 0.00010341066081309691, 0.00010374631528975442, 0.00012569937098305672, 9.987301746150479e-05, 7.091012957971543e-05, 7.421492773573846e-05, 7.902627839939669e-05, 6.506671343231574e-05, 5.339220297173597e-05, 5.95180899836123e-05, 4.649080437957309e-05, 6.860685243736953e-05, 7.408667443087325e-05, 4.250843994668685e-05, 3.115980507573113e-05, 3.0241613785619847e-05, 4.026646274724044e-05, 2.93462162517244e-05, 2.782734554784838e-05, 2.889360985136591e-05, 2.476551162544638e-05, 1.9249197066528723e-05, 1.4416365957004018e-05, 1.5567175069008954e-05, 1.315862755291164e-05, 1.0600449968478642e-05, 7.4965323619835544e-06, 4.861679826717591e-06, 3.885109435941558e-06, 3.526667569531128e-06, 3.047270638489863e-06, 2.8200336146255722e-06], "lowlevel.melbands.stdev": [0.006948674097657204, 0.004119459539651871, 0.0013051031855866313, 0.002221684670075774, 0.0007660117116756737, 0.00023162868455983698, 0.0002134744863724336, 0.0001426065427949652, 0.0001944592222571373, 0.00020785602100659162, 0.0002574060927145183, 0.00021522169117815793, 0.00013485139061231166, 0.0001463268417865038, 0.00015736689965706319, 0.00011928191088372841, 8.414277544943616e-05, 0.00010295370884705335, 8.034058555494994e-05, 9.800115367397666e-05, 7.991800521267578e-05, 4.780650488100946e-05, 2.6901421733782627e-05, 2.3555032385047525e-05, 2.6213938326691277e-05, 1.6229399989242665e-05, 1.6784588297014125e-05, 1.5782154150656424e-05, 1.363901719741989e-05, 1.184814300358994e-05, 1.0082359040097799e-05, 1.3028489775024354e-05, 1.2110867828596383e-05, 1.1995603927061893e-05, 7.930905667308252e-06, 4.562671165331267e-06, 3.178933638992021e-06, 2.8694464617728954e-06, 2.5515648758300813e-06, 2.5446129257034045e-06], "lowlevel.melbands128.mean": [0.0005816856864839792, 0.0028906932566314936, 0.005483168177306652, 0.006339183542877436, 0.005260389763861895, 0.003089912235736847, 0.0011842686217278242, 0.00045581351150758564, 0.0005548106273636222, 0.0009865809697657824, 0.0009185310918837786, 0.0005711864796467125, 0.00044021039502695203, 0.0004014448495581746, 0.0001373151026200503, 0.00010100133658852428, 0.00010274754458805546, 9.090964158531278e-05, 8.009314478840679e-05, 7.87463432061486e-05, 7.339187141042203e-05, 9.321043762611225e-05, 0.00010296557593392208, 0.0001256779651157558, 9.679966751718894e-05, 9.061423043021932e-05, 0.0001271323999390006, 0.00012243611854501069, 0.0001386418880429119, 0.00011674196139210835, 8.429986337432638e-05, 6.951354589546099e-05, 7.311224908335134e-05, 6.954488344490528e-05, 6.684453546768054e-05, 8.42319059302099e-05, 6.852771912235767e-05, 8.133576193358749e-05, 8.515500667272136e-05, 7.147049473132938e-05, 6.334199133561924e-05, 5.1022278057644144e-05, 4.349559094407596e-05, 6.256277993088588e-05, 6.445899634854868e-05, 6.0806498368037865e-05, 5.232362309470773e-05, 3.8798149034846574e-05, 4.7498011554125696e-05, 5.6136203056667e-05, 6.247073179110885e-05, 9.182584472000599e-05, 9.424233576282859e-05, 5.9105823311256245e-05, 4.449997140909545e-05, 4.55309527751524e-05, 3.7070618418511e-05, 3.016568189195823e-05, 3.0295113901956938e-05, 2.8776596082025208e-05, 2.771166509774048e-05, 3.2298303267452866e-05, 4.133952097618021e-05, 4.500513387029059e-05, 3.52808965544682e-05, 2.9811641070409678e-05, 2.3792315914761275e-05, 2.5548926714691333e-05, 3.170095442328602e-05, 2.7435418815002777e-05, 2.5662082407507114e-05, 3.3138632716145366e-05, 2.87333477899665e-05, 2.224578202003613e-05, 2.102867074427195e-05, 2.0919813323416747e-05, 1.7794087398215197e-05, 1.5712599633843638e-05, 1.299202904192498e-05, 1.4242616089177318e-05, 1.549988883198239e-05, 1.6848978702910244e-05, 1.4481656762654893e-05, 1.3436282642942388e-05, 1.0913907317444682e-05, 1.1520211955939885e-05, 9.981917173718102e-06, 9.84178223006893e-06, 6.995463536441093e-06, 6.5184012782992795e-06, 5.492495802172925e-06, 4.402795184432762e-06, 3.7386430449259933e-06, 3.930916591343703e-06, 3.951532562496141e-06, 3.4514748676883755e-06, 3.478928874756093e-06, 3.668693580038962e-06, 2.9431212169583887e-06, 3.023196541107609e-06, 2.353893250983674e-06, 3.263014377807849e-06, 2.600409516162472e-06, 2.345174834772479e-06, 1.820884108383325e-06, 2.7582352686295053e-06, 2.652479224707349e-06, 2.2262388483795803e-06, 2.3554550807602936e-06, 1.958097755050403e-06, 1.3719624121222296e-06, 8.931635875342181e-07, 5.859649263584288e-07, 2.9525324407586595e-07, 1.0077391010554493e-07, 5.770152800010919e-09, 6.022787268911145e-10, 1.2513863556495863e-10, 8.373313327425524e-12, 8.098151489666083e-12, 7.786183156555104e-12, 7.594400802668488e-12, 7.420140890612714e-12, 7.242010376801167e-12, 6.897266178335082e-12, 6.410020517849668e-12, 6.134961462456179e-12, 6.065599411630984e-12], "lowlevel.melbands128.stdev": [0.0007469747797586024, 0.006036262959241867, 0.011322748847305775, 0.007839348167181015, 0.0047228471376001835, 0.0036967741325497627, 0.0020968930330127478, 0.000842122477479279, 0.0012899249559268355, 0.0033078475389629602, 0.002478416543453932, 0.001077100052498281, 0.0005929713370278478, 0.0005667482619173825, 0.0002394248585915193, 0.00017314877186436206, 0.00028897245647385716, 0.0002771531289909035, 0.00017376001051161438, 0.0001756385318003595, 0.00016668866737745702, 0.00022674848150927573, 0.00023845184477977455, 0.0003160978085361421, 0.000254658778430894, 0.00025864201597869396, 0.0004449023981578648, 0.0003165949019603431, 0.0003414193051867187, 0.0003096844593528658, 0.00026732805417850614, 0.0001945579278981313, 0.0001687904295977205, 0.00015312364848796278, 0.00015722103125881404, 0.00021539964654948562, 0.00017712402041070163, 0.00020881611271761358, 0.00019509324920363724, 0.00015041872393339872, 0.0001494095049565658, 0.00011525819718372077, 8.914169302443042e-05, 0.00012201921344967559, 0.00012878385314252228, 0.00012711774616036564, 0.00012211065040901303, 7.77828972786665e-05, 0.00012367004819680005, 0.00011898700904566795, 0.00011919072858290747, 0.00013629406748805195, 0.0001260538847418502, 7.326204649871215e-05, 5.101242277305573e-05, 7.227098103612661e-05, 4.682679718825966e-05, 2.9348280804697424e-05, 3.3066859032260254e-05, 3.0198705644579604e-05, 2.7763184334617108e-05, 3.0237610189942643e-05, 3.8787213270552456e-05, 3.578269388526678e-05, 2.519260669942014e-05, 2.1932177332928404e-05, 1.8201862985733896e-05, 1.9955488824052736e-05, 2.4601105906185694e-05, 2.014006531680934e-05, 1.9018236343981698e-05, 2.423781916149892e-05, 2.0661762391682714e-05, 1.605298530193977e-05, 1.5042595805425663e-05, 1.522014008514816e-05, 1.405012244504178e-05, 1.3335189578356221e-05, 1.0585016752884258e-05, 1.3061962818028405e-05, 1.4000181181472726e-05, 1.7732623746269383e-05, 1.4705992725794204e-05, 1.4236923561838921e-05, 1.1454133527877275e-05, 1.3976581612951122e-05, 1.353237712464761e-05, 1.3522980225388892e-05, 7.2711650318524335e-06, 7.728133823547978e-06, 6.1353284763754345e-06, 4.293541678634938e-06, 3.88046782973106e-06, 3.6258873024053173e-06, 3.4838183182728244e-06, 3.3613455343584064e-06, 3.1211861823976506e-06, 3.665619715320645e-06, 2.8480044420575723e-06, 2.783920990623301e-06, 2.5392630504939007e-06, 3.2215521059697494e-06, 2.675867790458142e-06, 2.5712770366226323e-06, 1.977950432774378e-06, 2.666069804035942e-06, 2.82038649856986e-06, 2.2239921690925257e-06, 2.6198865725746145e-06, 2.105358134940616e-06, 1.6081188505268074e-06, 1.1356779623383773e-06, 8.232395316554175e-07, 5.779347702628002e-07, 2.767347950793919e-07, 2.1915376180459134e-08, 6.262661500500144e-09, 1.383672509902567e-09, 2.923725150871803e-11, 2.9129195583399436e-11, 2.8799055154515862e-11, 2.862865847164109e-11, 2.8581812264172335e-11, 2.709484893392844e-11, 2.0481167109509535e-11, 1.0777806598583073e-11, 8.00671681733256e-12, 7.903928379848768e-12], "lowlevel.mfcc.mean": [-576.8485107421875, 69.7450942993164, 3.490553140640259, 39.87777328491211, 13.359670639038086, 17.4146785736084, 8.720161437988281, 6.116641044616699, 5.038915157318115, 1.0296138525009155, -1.7274028062820435, -1.8749698400497437, 1.8917858600616455], "lowlevel.spectral_contrast_coeffs.mean": [-0.7135822176933289, -0.8159657120704651, -0.8165280818939209, -0.7971634268760681, -0.8035223484039307, -0.7304593920707703], "lowlevel.spectral_contrast_coeffs.stdev": [0.07077053934335709, 0.051565252244472504, 0.04737637937068939, 0.03948751091957092, 0.019937418401241302, 0.024226445704698563], "lowlevel.spectral_contrast_valleys.mean": [-6.272154808044434, -6.765823841094971, -6.973327159881592, -6.844907283782959, -6.379570007324219, -9.0704345703125], "lowlevel.spectral_contrast_valleys.stdev": [0.7087172865867615, 0.6751601696014404, 0.652934730052948, 0.5351847410202026, 0.4198950529098511, 0.6109440326690674], "rhythm.beats_loudness_band_ratio.mean": [0.5756371021270752, 0.13658848404884338, 0.041706230491399765, 0.06412547826766968, 0.09304656088352203, 0.11908014118671417], "rhythm.beats_loudness_band_ratio.stdev": [0.2698245048522949, 0.15743565559387207, 0.0441821813583374, 0.06480008363723755, 0.07735220342874527, 0.08148178458213806], "tonal.hpcp.mean": [0.14926832914352417, 0.11651156097650528, 0.07689160853624344, 0.06964120268821716, 0.09737313538789749, 0.19511140882968903, 0.25299379229545593, 0.17835427820682526, 0.09931592643260956, 0.07246318459510803, 0.06949993968009949, 0.08464115858078003, 0.08657878637313843, 0.059638626873493195, 0.04476747289299965, 0.04594404622912407, 0.05724552646279335, 0.1189279779791832, 0.13984470069408417, 0.0835535079240799, 0.05253594368696213, 0.04841155931353569, 0.0503123477101326, 0.06090366467833519, 0.06714372336864471, 0.09784836322069168, 0.26870957016944885, 0.4479728937149048, 0.35352420806884766, 0.1673879474401474, 0.0986686423420906, 0.0824512392282486, 0.09911841154098511, 0.11913178861141205, 0.15140974521636963, 0.1663074642419815], "tonal.hpcp.stdev": [0.27228641510009766, 0.23967231810092926, 0.18161340057849884, 0.16915573179721832, 0.1955847293138504, 0.24921147525310516, 0.2895890772342682, 0.24350182712078094, 0.18682049214839935, 0.15278835594654083, 0.13444045186042786, 0.1353989690542221, 0.13851764798164368, 0.11092466861009598, 0.09618567675352097, 0.10348764061927795, 0.1061192974448204, 0.17183302342891693, 0.2060866802930832, 0.14183610677719116, 0.11872458457946777, 0.11809824407100677, 0.11750561743974686, 0.14735561609268188, 0.1614285260438919, 0.18563427031040192, 0.33073657751083374, 0.42045995593070984, 0.367155522108078, 0.2688000202178955, 0.1865180879831314, 0.14600248634815216, 0.18175432085990906, 0.20669502019882202, 0.2586747109889984, 0.2832986116409302], "rhythm.beats_position": [0.31346938014030457, 0.650158703327179, 0.9868480563163757, 1.3467572927474976, 1.695056676864624, 2.0549659729003906, 2.4032652378082275, 2.763174533843994, 3.1230838298797607, 3.4829931259155273, 3.8312923908233643, 4.179591655731201, 4.527891159057617, 4.876190185546875, 5.224489688873291, 5.584399223327637, 5.944308280944824, 6.304217338562012, 6.664126873016357, 7.035645961761475, 7.40716552734375, 7.790294647216797, 8.173423767089844, 8.56816291809082, 8.916461944580078, 9.276371955871582, 9.63628101348877, 9.996190071105957, 10.356099128723145, 10.704399108886719, 11.052698135375977, 11.400997161865234, 11.749297142028809, 12.097596168518066, 12.445895195007324, 12.794195175170898, 13.142494201660156, 13.490793228149414, 13.839092254638672, 14.187392234802246, 14.535691261291504, 14.883990287780762, 15.232290267944336, 15.580589294433594, 15.928888320922852, 16.27718734741211, 16.625486373901367, 16.973787307739258, 17.322086334228516, 17.670385360717773, 18.01868438720703, 18.36698341369629, 18.715282440185547, 19.063581466674805, 19.411882400512695, 19.760181427001953, 20.10848045349121, 20.45677947998047, 20.805078506469727, 21.153377532958984, 21.501678466796875, 21.838367462158203, 22.18666648864746, 22.52335548400879, 22.871654510498047, 23.219953536987305, 23.568254470825195, 23.916553497314453, 24.26485252380371, 24.61315155029297, 24.961450576782227, 25.298139572143555, 25.634828567504883, 25.983129501342773, 26.33142852783203, 26.67972755432129, 27.028026580810547, 27.364715576171875, 27.701404571533203, 28.049705505371094, 28.39800453186035, 28.73469352722168, 29.071382522583008, 29.419681549072266, 29.767980575561523, 30.116281509399414, 30.464580535888672, 30.81287956237793, 31.149568557739258, 31.497867584228516, 31.834556579589844, 32.182857513427734, 32.53115463256836, 32.87945556640625, 33.227752685546875, 33.576053619384766, 33.924354553222656, 34.261043548583984, 34.60934066772461, 34.9576416015625, 35.31755065917969, 35.66584777832031, 36.0141487121582, 36.339229583740234, 36.68752670288086, 37.03582763671875, 37.384124755859375, 37.732425689697266, 38.09233474731445, 38.42902374267578, 38.76571273803711, 39.10240173339844, 39.45070266723633], "rhythm.bpm_histogram": [0.0, 0.0, 0.0, 0.0, 0.0, 0.0, 0.0, 0.0, 0.0, 0.0, 0.0, 0.0, 0.0, 0.0, 0.0, 0.0, 0.0, 0.0, 0.0, 0.0, 0.0, 0.0, 0.0, 0.0, 0.0, 0.0, 0.0, 0.0, 0.0, 0.0, 0.0, 0.0, 0.0, 0.0, 0.0, 0.0, 0.0, 0.0, 0.0, 0.0, 0.0, 0.0, 0.0, 0.0, 0.0, 0.0, 0.0, 0.0, 0.0, 0.0, 0.0, 0.0, 0.0, 0.0, 0.0, 0.0, 0.0, 0.0, 0.0, 0.0, 0.0, 0.0, 0.0, 0.0, 0.0, 0.0, 0.0, 0.0, 0.0, 0.0, 0.0, 0.0, 0.0, 0.0, 0.0, 0.0, 0.0, 0.0, 0.0, 0.0, 0.0, 0.0, 0.0, 0.0, 0.0, 0.0, 0.0, 0.0, 0.0, 0.0, 0.0, 0.0, 0.0, 0.0, 0.0, 0.0, 0.0, 0.0, 0.0, 0.0, 0.0, 0.0, 0.0, 0.0, 0.0, 0.0, 0.0, 0.0, 0.0, 0.0, 0.0, 0.0, 0.0, 0.0, 0.0, 0.0, 0.0, 0.0, 0.0, 0.0, 0.0, 0.0, 0.0, 0.0, 0.0, 0.0, 0.0, 0.0, 0.0, 0.0, 0.0, 0.0, 0.0, 0.0, 0.0, 0.0, 0.0, 0.0, 0.0, 0.0, 0.0, 0.0, 0.0, 0.0, 0.0, 0.0, 0.0, 0.0, 0.0, 0.0, 0.0, 0.0, 0.008928571827709675, 0.0, 0.0, 0.0, 0.0, 0.01785714365541935, 0.0, 0.0, 0.0, 0.01785714365541935, 0.0, 0.0, 0.0, 0.0, 0.0, 0.1339285671710968, 0.0, 0.0, 0.0, 0.0, 0.6696428656578064, 0.0, 0.0, 0.0, 0.0, 0.0, 0.1428571492433548, 0.0, 0.0, 0.0, 0.0, 0.0, 0.0, 0.008928571827709675, 0.0, 0.0, 0.0, 0.0, 0.0, 0.0, 0.0, 0.0, 0.0, 0.0, 0.0, 0.0, 0.0, 0.0, 0.0, 0.0, 0.0, 0.0, 0.0, 0.0, 0.0, 0.0, 0.0, 0.0, 0.0, 0.0, 0.0, 0.0, 0.0, 0.0, 0.0, 0.0, 0.0, 0.0, 0.0, 0.0, 0.0, 0.0, 0.0, 0.0, 0.0, 0.0, 0.0, 0.0, 0.0, 0.0, 0.0, 0.0, 0.0, 0.0, 0.0, 0.0, 0.0, 0.0, 0.0, 0.0, 0.0, 0.0, 0.0, 0.0, 0.0, 0.0, 0.0, 0.0], "tonal.chords_histogram": [53.488372802734375, 0.0, 1.0465116500854492, 0.0, 0.11627907305955887, 5.930232524871826, 1.2790697813034058, 13.255813598632812, 0.0, 0.0, 0.0, 0.0, 0.0, 0.0, 2.5581395626068115, 0.5813953280448914, 3.4883720874786377, 3.1395349502563477, 0.0, 13.837209701538086, 0.0, 0.0, 0.0, 1.2790697813034058], "tonal.thpcp": [1.0, 0.7891643047332764, 0.37365642189979553, 0.22025583684444427, 0.18405407667160034, 0.22125984728336334, 0.2659352719783783, 0.33798864483833313, 0.37124449014663696, 0.3332083821296692, 0.26008617877960205, 0.1716434359550476, 0.15545852482318878, 0.2173638939857483, 0.43554288148880005, 0.564752459526062, 0.39813631772994995, 0.2217007428407669, 0.1617579609155655, 0.15514318645000458, 0.18894259631633759, 0.19326791167259216, 0.13312998414039612, 0.0999334380030632, 0.1025598794221878, 0.12778791785240173, 0.26548030972480774, 0.3121722340583801, 0.18651464581489563, 0.11727482825517654, 0.1080680564045906, 0.11231113970279694, 0.1359539031982422, 0.1498834490776062, 0.2184247374534607, 0.5998344421386719], "lowlevel.gfcc.cov": [[2794.572265625, -70.18638610839844, 233.1916961669922, -266.59759521484375, 131.3567657470703, 270.6123352050781, 132.40684509277344, 324.3490295410156, 100.2593765258789, 194.4915008544922, -110.41966247558594, 95.56002807617188, -195.50726318359375], [-70.18638610839844, 285.5213623046875, -102.81018829345703, 11.64769172668457, -28.504228591918945, -19.522485733032227, 22.306182861328125, -27.61553192138672, 18.470970153808594, -66.15296936035156, 21.957258224487305, -69.72220611572266, 44.622135162353516], [233.1916961669922, -102.81018829345703, 322.15533447265625, 126.34982299804688, 134.90769958496094, 54.472320556640625, 43.74025344848633, 60.924320220947266, 24.522598266601562, 94.05819702148438, 6.1935715675354, 53.36310958862305, -52.912261962890625], [-266.59759521484375, 11.64769172668457, 126.34982299804688, 380.82598876953125, 51.79718017578125, 35.72974395751953, -17.87582015991211, -39.57852554321289, 84.76795959472656, -11.63693904876709, 87.71937561035156, -45.46198272705078, 59.33668518066406], [131.3567657470703, -28.504228591918945, 134.90769958496094, 51.79718017578125, 230.94107055664062, 79.64384460449219, 112.19347381591797, 102.30354309082031, 28.72220802307129, 68.92024993896484, -19.580413818359375, 32.84416961669922, -24.86650276184082], [270.6123352050781, -19.522485733032227, 54.472320556640625, 35.72974395751953, 79.64384460449219, 194.55709838867188, 132.04847717285156, 80.80708312988281, 44.47505569458008, 32.83736038208008, 37.267791748046875, 11.934545516967773, -4.174057960510254], [132.40684509277344, 22.306182861328125, 43.74025344848633, -17.87582015991211, 112.19347381591797, 132.04847717285156, 188.9643096923828, 110.24714660644531, 19.9090518951416, 31.272308349609375, 10.446366310119629, 24.330242156982422, -8.778420448303223], [324.3490295410156, -27.61553192138672, 60.924320220947266, -39.57852554321289, 102.30354309082031, 80.80708312988281, 110.24714660644531, 179.9877471923828, 86.60102844238281, 76.9567642211914, -9.572674751281738, 36.267974853515625, -22.998796463012695], [100.2593765258789, 18.470970153808594, 24.522598266601562, 84.76795959472656, 28.72220802307129, 44.47505569458008, 19.9090518951416, 86.60102844238281, 142.76527404785156, 53.59804916381836, 36.200927734375, -15.198670387268066, 12.940900802612305], [194.4915008544922, -66.15296936035156, 94.05819702148438, -11.63693904876709, 68.92024993896484, 32.83736038208008, 31.272308349609375, 76.9567642211914, 53.59804916381836, 114.58154296875, 19.435997009277344, 41.637699127197266, -35.24448776245117], [-110.41966247558594, 21.957258224487305, 6.1935715675354, 87.71937561035156, -19.580413818359375, 37.267791748046875, 10.446366310119629, -9.572674751281738, 36.200927734375, 19.435997009277344, 93.48593139648438, 10.434843063354492, 33.57044219970703], [95.56002807617188, -69.72220611572266, 53.36310958862305, -45.46198272705078, 32.84416961669922, 11.934545516967773, 24.330242156982422, 36.267974853515625, -15.198670387268066, 41.637699127197266, 10.434843063354492, 80.3092269897461, 0.3779221177101135], [-195.50726318359375, 44.622135162353516, -52.912261962890625, 59.33668518066406, -24.86650276184082, -4.174057960510254, -8.778420448303223, -22.998796463012695, 12.940900802612305, -35.24448776245117, 33.57044219970703, 0.3779221177101135, 80.34970092773438]], "lowlevel.gfcc.icov": [[0.0009518567239865661, -0.0015414200024679303, 0.0001038157643051818, -0.0006738955853506923, 0.0011214491678401828, -0.0028436356224119663, 0.0021665142849087715, -0.0017789383418858051, 0.0007291250512935221, -0.0012434381060302258, 0.0026062740944325924, -0.0023753659334033728, 0.0019243683200329542], [-0.0015414200024679303, 0.0104596558958292, -0.0022149865981191397, 0.005861138924956322, -0.004606686998158693, 0.008670513518154621, -0.007066922727972269, 0.00427882419899106, -0.004596608225256205, 0.007523632608354092, -0.011552669107913971, 0.013272406533360481, -0.007064095698297024], [0.0001038157643051818, -0.0022149865981191397, 0.01016018632799387, -0.008195944130420685, 0.0009088224614970386, -0.002424927894026041, 0.0009144912473857403, -0.0011849076254293323, 0.0034961216151714325, -0.006738502066582441, 0.006968294270336628, -0.009977125562727451, 0.007758714258670807], [-0.0006738955853506923, 0.005861138924956322, -0.008195944130420685, 0.01479408610612154, -0.007441386580467224, 0.004878247156739235, -0.0016074173618108034, 0.005728099960833788, -0.008764242753386497, 0.01103471964597702, -0.015494674444198608, 0.014606080949306488, -0.009145808406174183], [0.0011214491678401828, -0.004606686998158693, 0.0009088224614970386, -0.007441386580467224, 0.014005709439516068, -0.005265861749649048, -0.0015390595654025674, -0.004616822116076946, 0.005256750155240297, -0.01070733368396759, 0.014230514876544476, -0.007858839817345142, 0.0025002164766192436], [-0.0028436356224119663, 0.008670513518154621, -0.002424927894026041, 0.004878247156739235, -0.005265861749649048, 0.0221862755715847, -0.015910761430859566, 0.006505962461233139, -0.006446091458201408, 0.008385260589420795, -0.015796339139342308, 0.012536071240901947, -0.006029762327671051], [0.0021665142849087715, -0.007066922727972269, 0.0009144912473857403, -0.0016074173618108034, -0.0015390595654025674, -0.015910761430859566, 0.025389093905687332, -0.01574789546430111, 0.010344401933252811, -0.001346731442026794, 0.0024379377719014883, -0.005499882157891989, 0.00469936104491353], [-0.0017789383418858051, 0.00427882419899106, -0.0011849076254293323, 0.005728099960833788, -0.004616822116076946, 0.006505962461233139, -0.01574789546430111, 0.030173180624842644, -0.02107354626059532, 0.002016985323280096, 0.001850296393968165, -0.003335848916321993, -0.002368487883359194], [0.0007291250512935221, -0.004596608225256205, 0.0034961216151714325, -0.008764242753386497, 0.005256750155240297, -0.006446091458201408, 0.010344401933252811, -0.02107354626059532, 0.03019814006984234, -0.015448732301592827, 0.002193659543991089, 0.006502698175609112, -0.0030956300906836987], [-0.0012434381060302258, 0.007523632608354092, -0.006738502066582441, 0.01103471964597702, -0.01070733368396759, 0.008385260589420795, -0.001346731442026794, 0.002016985323280096, -0.015448732301592827, 0.03687812015414238, -0.022371681407094002, 0.0022014316637068987, 0.005762859713286161], [0.0026062740944325924, -0.011552669107913971, 0.006968294270336628, -0.015494674444198608, 0.014230514876544476, -0.015796339139342308, 0.0024379377719014883, 0.001850296393968165, 0.002193659543991089, -0.022371681407094002, 0.04482010379433632, -0.025409245863556862, 0.004395173862576485], [-0.0023753659334033728, 0.013272406533360481, -0.009977125562727451, 0.014606080949306488, -0.007858839817345142, 0.012536071240901947, -0.005499882157891989, -0.003335848916321993, 0.006502698175609112, 0.0022014316637068987, -0.025409245863556862, 0.04972423240542412, -0.023543138056993484], [0.0019243683200329542, -0.007064095698297024, 0.007758714258670807, -0.009145808406174183, 0.0025002164766192436, -0.006029762327671051, 0.00469936104491353, -0.002368487883359194, -0.0030956300906836987, 0.005762859713286161, 0.004395173862576485, -0.023543138056993484, 0.034511126577854156]], "lowlevel.mfcc.cov": [[2379.1904296875, 143.16580200195312, 54.29914474487305, -265.3038635253906, 24.98867416381836, 11.011624336242676, 34.66729736328125, 165.957763671875, 137.42604064941406, 164.03330993652344, 201.12705993652344, 73.67274475097656, 31.518787384033203], [143.16580200195312, 280.07403564453125, -112.92683410644531, -78.90898132324219, -57.68669891357422, -47.98503875732422, 34.47034454345703, 16.07268714904785, 36.90155792236328, -1.0469295978546143, 5.901866436004639, -12.853699684143066, -22.19719886779785], [54.29914474487305, -112.92683410644531, 224.24659729003906, 101.61245727539062, 62.736083984375, 57.060062408447266, -8.743446350097656, -4.540493011474609, -27.200258255004883, 17.948535919189453, 26.1865291595459, 37.65047836303711, 28.482421875], [-265.3038635253906, -78.90898132324219, 101.61245727539062, 243.18753051757812, 113.44436645507812, 34.19246292114258, -13.343820571899414, -25.735109329223633, 4.193840980529785, 5.306615829467773, -6.069845199584961, 17.480289459228516, 25.37813949584961], [24.98867416381836, -57.68669891357422, 62.736083984375, 113.44436645507812, 137.04139709472656, 46.984188079833984, 0.7228690981864929, 10.945061683654785, 33.56882858276367, 45.763702392578125, 32.44775390625, 23.374908447265625, 22.206199645996094], [11.011624336242676, -47.98503875732422, 57.060062408447266, 34.19246292114258, 46.984188079833984, 118.01068878173828, 78.99127960205078, 34.38884353637695, 5.258769512176514, 23.97648048400879, 22.45511817932129, 13.790173530578613, 5.714934349060059], [34.66729736328125, 34.47034454345703, -8.743446350097656, -13.343820571899414, 0.7228690981864929, 78.99127960205078, 162.651611328125, 83.78993225097656, 38.769256591796875, 17.974895477294922, 28.55516815185547, 18.13577651977539, 11.610968589782715], [165.957763671875, 16.07268714904785, -4.540493011474609, -25.735109329223633, 10.945061683654785, 34.38884353637695, 83.78993225097656, 114.46283721923828, 73.2880859375, 46.714805603027344, 34.96492385864258, 21.689016342163086, 20.68783187866211], [137.42604064941406, 36.90155792236328, -27.200258255004883, 4.193840980529785, 33.56882858276367, 5.258769512176514, 38.769256591796875, 73.2880859375, 111.5907974243164, 69.08050537109375, 48.51259231567383, 20.111621856689453, 20.0775089263916], [164.03330993652344, -1.0469295978546143, 17.948535919189453, 5.306615829467773, 45.763702392578125, 23.97648048400879, 17.974895477294922, 46.714805603027344, 69.08050537109375, 100.4978256225586, 68.0323257446289, 34.13595962524414, 16.620302200317383], [201.12705993652344, 5.901866436004639, 26.1865291595459, -6.069845199584961, 32.44775390625, 22.45511817932129, 28.55516815185547, 34.96492385864258, 48.51259231567383, 68.0323257446289, 107.9729995727539, 57.001190185546875, 26.327226638793945], [73.67274475097656, -12.853699684143066, 37.65047836303711, 17.480289459228516, 23.374908447265625, 13.790173530578613, 18.13577651977539, 21.689016342163086, 20.111621856689453, 34.13595962524414, 57.001190185546875, 74.54315948486328, 40.145362854003906], [31.518787384033203, -22.19719886779785, 28.482421875, 25.37813949584961, 22.206199645996094, 5.714934349060059, 11.610968589782715, 20.68783187866211, 20.0775089263916, 16.620302200317383, 26.327226638793945, 40.145362854003906, 67.4690170288086]], "lowlevel.mfcc.icov": [[0.0007190651376731694, -0.0004433565482031554, -0.0006703796098008752, 0.0011708199745044112, -0.0007789763039909303, 6.173035217216238e-05, 0.0005509033217094839, -0.0008763487567193806, -1.3375927665038034e-05, 5.648384103551507e-05, -0.000928003981243819, 0.00035865811514668167, -7.533667667303234e-05], [-0.0004433565482031554, 0.005711930803954601, 0.0016222461126744747, -0.00023749156389385462, 0.0011733757564797997, 0.002574807032942772, -0.0030614607967436314, 0.0023454013280570507, -0.002250314224511385, 0.00028443941846489906, -3.6908499168930575e-05, -0.00047364929923787713, 0.0015900403959676623], [-0.0006703796098008752, 0.0016222461126744747, 0.009044462814927101, -0.004125823732465506, 0.0012674492318183184, -0.0031640201341360807, 0.0020886207930743694, -0.0023706285282969475, 0.005048330873250961, -0.001433409284800291, -0.0009975380962714553, -0.001730048912577331, -0.0009315796778537333], [0.0011708199745044112, -0.00023749156389385462, -0.004125823732465506, 0.011385288089513779, -0.008431822061538696, 0.0011400151997804642, -0.0013246121816337109, 0.0036792822647839785, -0.004322010558098555, 0.0023031667806208134, 0.0023164297454059124, -0.0013423854252323508, -0.0007738354615867138], [-0.0007789763039909303, 0.0011733757564797997, 0.0012674492318183184, -0.008431822061538696, 0.01871168240904808, -0.006365427281707525, 0.003327786922454834, 0.0005097829853184521, -0.0027385361026972532, -0.0035954678896814585, -0.001318664290010929, 0.0006728810840286314, -0.0011471343459561467], [6.173035217216238e-05, 0.002574807032942772, -0.0031640201341360807, 0.0011400151997804642, -0.006365427281707525, 0.02190384455025196, -0.012805026024580002, 0.0009278819197788835, 0.005012763664126396, -0.004559243563562632, 4.181786789558828e-05, 0.0019454171415418386, 0.0023415624164044857], [0.0005509033217094839, -0.0030614607967436314, 0.0020886207930743694, -0.0013246121816337109, 0.003327786922454834, -0.012805026024580002, 0.01925249770283699, -0.012132852338254452, 0.0005402892711572349, 0.005083536729216576, -0.0037533086724579334, -0.0008865346317179501, -0.0006726186256855726], [-0.0008763487567193806, 0.0023454013280570507, -0.0023706285282969475, 0.0036792822647839785, 0.0005097829853184521, 0.0009278819197788835, -0.012132852338254452, 0.02903945930302143, -0.016103792935609818, -0.0019048437243327498, 0.006010737735778093, -0.002648075809702277, -0.0017732094274833798], [-1.3375927665038034e-05, -0.002250314224511385, 0.005048330873250961, -0.004322010558098555, -0.0027385361026972532, 0.005012763664126396, 0.0005402892711572349, -0.016103792935609818, 0.032050516456365585, -0.013624784536659718, -0.004222043789923191, 0.005353907123208046, -0.0036374523770064116], [5.648384103551507e-05, 0.00028443941846489906, -0.001433409284800291, 0.0023031667806208134, -0.0035954678896814585, -0.004559243563562632, 0.005083536729216576, -0.0019048437243327498, -0.013624784536659718, 0.02922331728041172, -0.010319946333765984, -0.0020736230071634054, 0.0032012229785323143], [-0.000928003981243819, -3.6908499168930575e-05, -0.0009975380962714553, 0.0023164297454059124, -0.001318664290010929, 4.181786789558828e-05, -0.0037533086724579334, 0.006010737735778093, -0.004222043789923191, -0.010319946333765984, 0.026708628982305527, -0.014894352294504642, 0.001443531597033143], [0.00035865811514668167, -0.00047364929923787713, -0.001730048912577331, -0.0013423854252323508, 0.0006728810840286314, 0.0019454171415418386, -0.0008865346317179501, -0.002648075809702277, 0.005353907123208046, -0.0020736230071634054, -0.014894352294504642, 0.032562024891376495, -0.013155292719602585], [-7.533667667303234e-05, 0.0015900403959676623, -0.0009315796778537333, -0.000773