{"song_id": "1182268349548351518", "download": "https://cdn.discordapp.com/attachments/1135903449314238464/1182268349548351518/chirp.mp4?ex=65841434&amp", "lyrics": "gululu gululu, let's go brush our teeth\n\nBrush your teeth up and down\n\nClean along gaps with care\nCavities go buzz buzz away\n\nTooth by tooth ding ding hooray\n\nChorus:\nHappily sing tra la la\nBrush diligently everyday\nFight tooth decay\nSmile bright, hip hip hooray\n\nVerse 2:\nCircle round those whites\n\nShoo away tiny bugs\n\nTooth by tooth make bright\nRinse and gargle after right\n\nChorus:\n\nHappily sing tra la la\nBrush diligently everyday\nFight tooth decay\nSmile bright, hip hip hooray", "style": ["happy song for kids"], "essentia_features": {"lowlevel.average_loudness": 0.96213698387146, "lowlevel.barkbands_crest.mean": 11.647904396057129, "lowlevel.barkbands_crest.stdev": 4.834179401397705, "lowlevel.barkbands_flatness_db.mean": 0.16285422444343567, "lowlevel.barkbands_flatness_db.stdev": 0.06448189169168472, "lowlevel.barkbands_kurtosis.mean": 3.571686029434204, "lowlevel.barkbands_kurtosis.stdev": 18.97414779663086, "lowlevel.barkbands_skewness.mean": 0.6194525957107544, "lowlevel.barkbands_skewness.stdev": 1.6167439222335815, "lowlevel.barkbands_spread.mean": 24.320186614990234, "lowlevel.barkbands_spread.stdev": 14.889558792114258, "lowlevel.dissonance.mean": 0.45636093616485596, "lowlevel.dissonance.stdev": 0.03837113827466965, "lowlevel.dynamic_complexity": 3.5610711574554443, "lowlevel.erbbands_crest.mean": 13.391597747802734, "lowlevel.erbbands_crest.stdev": 6.550896644592285, "lowlevel.erbbands_flatness_db.mean": 0.2126942127943039, "lowlevel.erbbands_flatness_db.stdev": 0.0733732134103775, "lowlevel.erbbands_kurtosis.mean": 2.965683937072754, "lowlevel.erbbands_kurtosis.stdev": 7.2833170890808105, "lowlevel.erbbands_skewness.mean": 0.37827011942863464, "lowlevel.erbbands_skewness.stdev": 1.3070306777954102, "lowlevel.erbbands_spread.mean": 31.0197811126709, "lowlevel.erbbands_spread.stdev": 22.067472457885742, "lowlevel.hfc.mean": 27.17970085144043, "lowlevel.hfc.stdev": 21.58509635925293, "lowlevel.loudness_ebu128.integrated": -13.952643394470215, "lowlevel.loudness_ebu128.loudness_range": 2.170909881591797, "lowlevel.loudness_ebu128.momentary.mean": -14.278441429138184, "lowlevel.loudness_ebu128.momentary.stdev": 1.7096017599105835, "lowlevel.loudness_ebu128.short_term.mean": -13.987482070922852, "lowlevel.loudness_ebu128.short_term.stdev": 0.7763925790786743, "lowlevel.melbands_crest.mean": 15.245027542114258, "lowlevel.melbands_crest.stdev": 6.525069236755371, "lowlevel.melbands_flatness_db.mean": 0.17602623999118805, "lowlevel.melbands_flatness_db.stdev": 0.07562380284070969, "lowlevel.melbands_kurtosis.mean": 7.038219451904297, "lowlevel.melbands_kurtosis.stdev": 21.49077033996582, "lowlevel.melbands_skewness.mean": 1.465865135192871, "lowlevel.melbands_skewness.stdev": 1.6716110706329346, "lowlevel.melbands_spread.mean": 40.2166633605957, "lowlevel.melbands_spread.stdev": 33.88204574584961, "lowlevel.pitch_salience.mean": 0.5412131547927856, "lowlevel.pitch_salience.stdev": 0.13138996064662933, "lowlevel.silence_rate_20dB.mean": 1.0, "lowlevel.silence_rate_20dB.stdev": 0.0, "lowlevel.silence_rate_30dB.mean": 1.0, "lowlevel.silence_rate_30dB.stdev": 0.0, "lowlevel.silence_rate_60dB.mean": 0.1993047446012497, "lowlevel.silence_rate_60dB.stdev": 0.3994758725166321, "lowlevel.spectral_centroid.mean": 2083.74169921875, "lowlevel.spectral_centroid.stdev": 950.1908569335938, "lowlevel.spectral_complexity.mean": 10.73580551147461, "lowlevel.spectral_complexity.stdev": 7.657855987548828, "lowlevel.spectral_decrease.mean": -4.410773524199385e-09, "lowlevel.spectral_decrease.stdev": 4.674070464005808e-09, "lowlevel.spectral_energy.mean": 0.01911257393658161, "lowlevel.spectral_energy.stdev": 0.019082656130194664, "lowlevel.spectral_energyband_high.mean": 0.0010592079488560557, "lowlevel.spectral_energyband_high.stdev": 0.0012516815913841128, "lowlevel.spectral_energyband_low.mean": 0.0029256322886794806, "lowlevel.spectral_energyband_low.stdev": 0.009580283425748348, "lowlevel.spectral_energyband_middle_high.mean": 0.010584267787635326, "lowlevel.spectral_energyband_middle_high.stdev": 0.013648285530507565, "lowlevel.spectral_energyband_middle_low.mean": 0.0047924029640853405, "lowlevel.spectral_energyband_middle_low.stdev": 0.007334813475608826, "lowlevel.spectral_entropy.mean": 7.565860748291016, "lowlevel.spectral_entropy.stdev": 0.6553086638450623, "lowlevel.spectral_flux.mean": 0.08808194845914841, "lowlevel.spectral_flux.stdev": 0.05720384791493416, "lowlevel.spectral_kurtosis.mean": 4.669363975524902, "lowlevel.spectral_kurtosis.stdev": 3.627328395843506, "lowlevel.spectral_rms.mean": 0.0037327820900827646, "lowlevel.spectral_rms.stdev": 0.002170884283259511, "lowlevel.spectral_rolloff.mean": 3922.838134765625, "lowlevel.spectral_rolloff.stdev": 3822.16552734375, "lowlevel.spectral_skewness.mean": 1.5845153331756592, "lowlevel.spectral_skewness.stdev": 0.5434974431991577, "lowlevel.spectral_spread.mean": 6006503.0, "lowlevel.spectral_spread.stdev": 2792377.0, "lowlevel.spectral_strongpeak.mean": 2.271376132965088, "lowlevel.spectral_strongpeak.stdev": 2.4535279273986816, "lowlevel.zerocrossingrate.mean": 0.13663727045059204, "lowlevel.zerocrossingrate.stdev": 0.09794614464044571, "metadata.audio_properties.analysis.equal_loudness": 0.0, "metadata.audio_properties.analysis.length": 40.04265213012695, "metadata.audio_properties.analysis.sample_rate": 44100.0, "metadata.audio_properties.analysis.start_time": 0.0, "metadata.audio_properties.bit_rate": 125020.0, "metadata.audio_properties.length": 40.042667388916016, "metadata.audio_properties.lossless": 0.0, "metadata.audio_properties.number_channels": 1.0, "metadata.audio_properties.replay_gain": -13.793546676635742, "metadata.audio_properties.sample_rate": 48000.0, "rhythm.beats_count": 72.0, "rhythm.beats_loudness.mean": 0.019971812143921852, "rhythm.beats_loudness.stdev": 0.008727497421205044, "rhythm.bpm": 109.3439712524414, "rhythm.bpm_histogram_first_peak_bpm": 110.0, "rhythm.bpm_histogram_first_peak_weight": 0.46153849363327026, "rhythm.bpm_histogram_second_peak_bpm": 101.0, "rhythm.bpm_histogram_second_peak_spread": 0.1666666865348816, "rhythm.bpm_histogram_second_peak_weight": 0.07042253762483597, "rhythm.danceability": 1.7750688791275024, "rhythm.onset_rate": 5.991847991943359, "tonal.chords_changes_rate": 0.11342592537403107, "tonal.chords_number_rate": 0.013888888992369175, "tonal.chords_strength.mean": 0.45492681860923767, "tonal.chords_strength.stdev": 0.09797156602144241, "tonal.hpcp_crest.mean": 17.221206665039062, "tonal.hpcp_crest.stdev": 8.463065147399902, "tonal.hpcp_entropy.mean": 1.5573550462722778, "tonal.hpcp_entropy.stdev": 0.77165687084198, "tonal.key_edma.strength": 0.6290170550346375, "tonal.key_krumhansl.strength": 0.6449906229972839, "tonal.key_temperley.strength": 0.6688501834869385, "tonal.tuning_diatonic_strength": 0.633085310459137, "tonal.tuning_equal_tempered_deviation": 0.20868173241615295, "tonal.tuning_frequency": 434.193115234375, "tonal.tuning_nontempered_energy_ratio": 0.9185461401939392, "lowlevel.barkbands.mean": [0.00026737444568425417, 0.002424610313028097, 0.0001698703708825633, 0.00021451835345942527, 0.0013474487932398915, 0.0005276933079585433, 0.0008525332668796182, 0.000525813375134021, 0.0008729900000616908, 0.0012574028223752975, 0.00240282341837883, 0.0016308691119775176, 0.0012423472944647074, 0.0009085502242669463, 0.0011144784511998296, 0.0005732914432883263, 0.0004648248141165823, 0.0005149543867446482, 0.0005936631350778043, 0.00026219410938210785, 0.00026511296164244413, 0.00012163998326286674, 0.0001297944545513019, 0.00011027530126739293, 0.00015825216541998088, 0.00015307062130887061, 6.16538227404817e-06], "lowlevel.barkbands.stdev": [0.0008964076987467706, 0.008281929418444633, 0.0009769978933036327, 0.0009552761330269277, 0.00434617605060339, 0.001228709239512682, 0.0019482005154713988, 0.0016176954377442598, 0.003187860595062375, 0.003892432665452361, 0.006706455256789923, 0.005385229829698801, 0.004383155610412359, 0.003403824521228671, 0.003333649132400751, 0.001783518586307764, 0.0011029104935005307, 0.0012221606448292732, 0.00117236387450248, 0.0004765269404742867, 0.00045573298120871186, 0.0002933771174866706, 0.0003074502747040242, 0.00020658683206420392, 0.0002608100476209074, 0.00023736005823593587, 1.1255623576289508e-05], "lowlevel.erbbands.mean": [0.11582189053297043, 0.3584590554237366, 0.2425260990858078, 0.4985889494419098, 3.0541932582855225, 4.798430442810059, 2.22194766998291, 5.121811866760254, 11.29570484161377, 14.173271179199219, 10.290985107421875, 19.27393341064453, 34.36777877807617, 59.34776306152344, 91.40081024169922, 76.03693389892578, 53.46100997924805, 61.25428771972656, 51.71469497680664, 42.4698486328125, 36.32435989379883, 27.126197814941406, 25.739458084106445, 27.541032791137695, 28.83066749572754, 13.126139640808105, 13.0634765625, 7.108194828033447, 4.417235851287842, 4.640042304992676, 3.289522409439087, 1.9644925594329834, 2.127469062805176, 1.7706341743469238, 1.1050935983657837, 0.5857802033424377, 0.28989389538764954, 0.053217995911836624, 0.0010314967948943377, 5.718880129279569e-05], "lowlevel.erbbands.stdev": [0.40202727913856506, 1.273108720779419, 1.1898632049560547, 2.2076077461242676, 10.834623336791992, 15.888154029846191, 5.314392566680908, 11.828383445739746, 25.466867446899414, 39.56217956542969, 32.055259704589844, 70.45561981201172, 110.43155670166016, 171.9480743408203, 243.1279296875, 234.0311279296875, 166.64805603027344, 195.42410278320312, 157.49937438964844, 130.10084533691406, 108.15955352783203, 61.90538024902344, 60.04602813720703, 57.33972930908203, 57.328224182128906, 23.942955017089844, 23.110986709594727, 12.72578239440918, 10.104314804077148, 12.533178329467773, 7.28598690032959, 3.7650537490844727, 4.0773234367370605, 3.136974334716797, 1.8685100078582764, 0.9805328249931335, 0.4515719711780548, 0.08177794516086578, 0.001537707750685513, 5.338172923075035e-05], "lowlevel.gfcc.mean": [-44.461891174316406, -9.168465614318848, -148.2486114501953, -14.989433288574219, -72.00675964355469, 5.531131267547607, -42.1695442199707, 11.100066184997559, -38.25402069091797, 13.149463653564453, -14.61587142944336, 13.565495491027832, -12.150724411010742], "lowlevel.melbands.mean": [0.000828260206617415, 0.00022504929802380502, 0.00015136627189349383, 0.00032012470182962716, 9.932378452504054e-05, 0.000117180694360286, 0.00017767419922165573, 0.0001480946084484458, 8.423277904512361e-05, 0.00012912298552691936, 0.00016803650942165405, 0.00022251377231441438, 0.0003189233539160341, 0.00023185019381344318, 0.00011669555533444509, 0.0001338804286206141, 0.00010680894047254696, 7.650742190890014e-05, 7.347184146055952e-05, 3.989143078797497e-05, 4.2613297409843653e-05, 2.8399997972883284e-05, 2.5516297682770528e-05, 2.1838510292582214e-05, 2.1206164092291147e-05, 2.608420436445158e-05, 1.2184629667899571e-05, 7.490662028430961e-06, 8.264071766461711e-06, 7.281311354745412e-06, 2.984670572914183e-06, 2.4623827812320087e-06, 2.3239970232680207e-06, 2.7508335733728018e-06, 2.003816916840151e-06, 1.3893820778321242e-06, 1.1210055390620255e-06, 1.4570474604624906e-06, 1.5825193031560048e-06, 1.4660176930192392e-06], "lowlevel.melbands.stdev": [0.002837388776242733, 0.0008545099408365786, 0.0005381056689657271, 0.0010884565999731421, 0.00026151342899538577, 0.00027714428142644465, 0.0003950074897147715, 0.0004287521878723055, 0.0002947396133095026, 0.0004720045253634453, 0.0005579449934884906, 0.0006893902318552136, 0.0008893066551536322, 0.0006894156686030328, 0.000373470684280619, 0.0004851017438340932, 0.0003628730191849172, 0.00025914516299963, 0.0002462817938067019, 0.00011094675573986024, 0.00013335658877622336, 7.65263321227394e-05, 6.727520667482167e-05, 5.4947351600276306e-05, 4.782934774993919e-05, 5.5465890909545124e-05, 2.3795722881914116e-05, 1.428230734745739e-05, 1.637844616197981e-05, 1.3127641068422236e-05, 6.157623829494696e-06, 5.89048613619525e-06, 6.099726761021884e-06, 7.78196317696711e-06, 4.735004949907307e-06, 2.8051088065694785e-06, 2.2509923383040586e-06, 2.998384843522217e-06, 2.80854669654218e-06, 2.7335893264535116e-06], "lowlevel.melbands128.mean": [0.0002522807917557657, 0.001081604976207018, 0.0010276326211169362, 0.00044460903154686093, 0.00013740637223236263, 8.139928831951693e-05, 7.82040151534602e-05, 0.0001236716634593904, 0.0003185751265846193, 0.0004347089270595461, 0.00025509888655506074, 0.00012857062392868102, 5.6108707212843e-05, 5.789464194094762e-05, 8.73969474923797e-05, 0.00017802313959691674, 0.00017807450785767287, 0.00018165465735364705, 0.00017156373360194266, 0.0001746845809975639, 0.00013146661513019353, 7.21799151506275e-05, 7.322066812776029e-05, 9.367048915009946e-05, 0.00013261228741612285, 0.0001118232830776833, 0.00019763928139582276, 0.00019387573411222547, 0.00010497539915377274, 0.00020524751744233072, 0.00022544308740179986, 0.0003401964786462486, 0.0003715729690156877, 0.0003099854220636189, 0.00013173671322874725, 0.0003174933954142034, 0.00020405305258464068, 5.523161598830484e-05, 0.00011469260061858222, 9.955812129192054e-05, 0.00014776540047023445, 0.00016983255045488477, 0.00011626903142314404, 7.382632611552253e-05, 4.604949936037883e-05, 9.261347440769896e-05, 9.740201494423673e-05, 5.7359353377250955e-05, 8.915602666093037e-05, 4.241814531269483e-05, 2.6186588002019562e-05, 3.785035733017139e-05, 5.673984196619131e-05, 3.731364631676115e-05, 3.09712158923503e-05, 3.176825339323841e-05, 1.9746305042644963e-05, 2.475690962455701e-05, 3.2531021133763716e-05, 1.8551572793512605e-05, 1.957968925125897e-05, 2.1715635739383288e-05, 3.0963354220148176e-05, 1.4885703421896324e-05, 1.7220223526237532e-05, 3.332289998070337e-05, 2.91113174171187e-05, 1.0295880201738328e-05, 9.914408110489603e-06, 1.1774362974392716e-05, 5.963235707895365e-06, 6.284336905082455e-06, 7.9567334978492e-06, 9.305249477620237e-06, 7.705124517087825e-06, 8.247291589214001e-06, 7.530240509368014e-06, 2.8141637358203297e-06, 2.7271626095171086e-06, 2.3675252123211976e-06, 2.586095206424943e-06, 2.529465064071701e-06, 2.182451908083749e-06, 2.2819517653260846e-06, 2.4050384581641993e-06, 2.7292985578242224e-06, 3.002982111866004e-06, 2.5205163183272816e-06, 1.8697722907745629e-06, 1.7084927321775467e-06, 1.6534062297068886e-06, 1.2104613915653317e-06, 1.1144176141897333e-06, 9.876910098682856e-07, 1.1712364766935934e-06, 1.5286332200048491e-06, 1.4083445876167389e-06, 1.5159547501752968e-06, 1.6868669945324655e-06, 1.5915883295747335e-06, 1.4597449080611113e-06, 1.5497173535550246e-06, 1.285991857002955e-06, 1.4170923350320663e-06, 1.1784464959418983e-06, 1.1763086149585433e-06, 1.2329011269684997e-06, 1.0834785371116595e-06, 8.93846845428925e-07, 1.0052469860966085e-06, 9.527087172500615e-07, 9.063185757440806e-07, 9.609682365407934e-07, 9.711766324471682e-07, 8.958597845776239e-07, 7.100391599124123e-07, 2.5418449922653963e-07, 1.1732559812571708e-08, 3.1579719395047334e-10, 3.060951015224078e-12, 2.8586245783696063e-12, 2.7356198903372153e-12, 2.652204194111829e-12, 2.5852304238321855e-12, 2.5155309692909134e-12, 2.4418537938192264e-12, 2.395857384013267e-12, 2.3767001821467515e-12], "lowlevel.melbands128.stdev": [0.000855203892569989, 0.003789572510868311, 0.0036246348172426224, 0.0016452106647193432, 0.000690897402819246, 0.00047225659363903105, 0.0004358759615570307, 0.0005272382986731827, 0.001160943997092545, 0.0016407945659011602, 0.0009084625053219497, 0.0004246992466505617, 0.0001633024658076465, 0.0001891166903078556, 0.00023554236395284534, 0.0005397006752900779, 0.0005042681586928666, 0.0005749808042310178, 0.0005218894802965224, 0.0005974608357064426, 0.0005209390074014664, 0.0002879587991628796, 0.00037758625694550574, 0.0005141268484294415, 0.0006518311565741897, 0.0005771625437773764, 0.000897612189874053, 0.0008199765579774976, 0.0006471706437878311, 0.0008306968375109136, 0.001062549534253776, 0.0013317808043211699, 0.001302082440815866, 0.0013108332641422749, 0.0006317705265246332, 0.0012349954340606928, 0.0008766421233303845, 0.0003857612900901586, 0.0005695678410120308, 0.0005205918569117785, 0.0007811224786564708, 0.0008507934398949146, 0.0005523049621842802, 0.00036890499177388847, 0.00033486614120192826, 0.00042654358549043536, 0.00044321638415567577, 0.0003445712791290134, 0.0004201899573672563, 0.00021145133359823376, 0.00012217549374327064, 0.00016231289191637188, 0.00027582451002672315, 0.0001373143750242889, 9.980548929888755e-05, 0.00013617626973427832, 9.495660924585536e-05, 9.016777767101303e-05, 0.00012551511463243514, 7.0983573095873e-05, 8.418631477979943e-05, 7.097255002008751e-05, 9.646372927818447e-05, 4.662211358663626e-05, 6.803438736824319e-05, 8.551009523216635e-05, 8.482413977617398e-05, 3.030703737749718e-05, 3.2134874345501885e-05, 3.349129474372603e-05, 1.6585478078923188e-05, 1.4514313988911454e-05, 1.7960228433366865e-05, 2.769388993328903e-05, 1.839674405346159e-05, 1.7583477529115044e-05, 1.9640932805486955e-05, 6.714134542562533e-06, 6.390027920133434e-06, 5.852594767929986e-06, 6.851073067082325e-06, 6.7785149440169334e-06, 5.464146397571312e-06, 6.409415618691128e-06, 7.71561826695688e-06, 8.153743692673743e-06, 8.960971172200516e-06, 7.119861038518138e-06, 4.7803732741158456e-06, 4.035951860714704e-06, 3.5159710023435764e-06, 2.599504114186857e-06, 2.5321801331301685e-06, 2.3468239760404686e-06, 2.500496520951856e-06, 3.3396511298633413e-06, 3.459267873040517e-06, 3.3196231470355997e-06, 3.1958606996340677e-06, 2.852564193744911e-06, 3.151543069179752e-06, 3.2437585559819127e-06, 2.403281314400374e-06, 2.9087334496580297e-06, 2.269428250656347e-06, 2.164067382182111e-06, 2.5785845991777023e-06, 2.0284367110434687e-06, 1.9305139176140074e-06, 1.7001997321131057e-06, 1.9169597180734854e-06, 1.546629846416181e-06, 1.6835676888149465e-06, 1.6425686908405623e-06, 1.5049040484882426e-06, 1.2261742767805117e-06, 4.3314551589901384e-07, 7.024058845672698e-08, 4.495565697482107e-09, 5.746449323329461e-12, 5.312271022378523e-12, 5.1213516934212056e-12, 5.002893065098046e-12, 4.906112408692431e-12, 4.8241150657490905e-12, 4.761260396363154e-12, 4.715605510241527e-12, 4.687646104617471e-12], "lowlevel.mfcc.mean": [-693.631591796875, 50.80807876586914, -32.929378509521484, -14.01233959197998, -16.80718994140625, -12.548238754272461, -0.15738986432552338, -8.182164192199707, -8.631495475769043, -9.246747970581055, -4.055581092834473, -1.4247510433197021, 7.269205570220947], "lowlevel.spectral_contrast_coeffs.mean": [-0.6916298270225525, -0.707781970500946, -0.6866249442100525, -0.749192476272583, -0.7654361128807068, -0.7484005689620972], "lowlevel.spectral_contrast_coeffs.stdev": [0.12592729926109314, 0.09825170785188675, 0.10233858227729797, 0.09217076003551483, 0.06759253144264221, 0.06035267934203148], "lowlevel.spectral_contrast_valleys.mean": [-9.420153617858887, -7.958366394042969, -8.069674491882324, -8.177349090576172, -7.850022315979004, -10.325675010681152], "lowlevel.spectral_contrast_valleys.stdev": [1.476244330406189, 0.8827547430992126, 0.7653830051422119, 0.7231621742248535, 0.8567659258842468, 0.912720799446106], "rhythm.beats_loudness_band_ratio.mean": [0.09729456156492233, 0.2091652899980545, 0.17004428803920746, 0.2499137669801712, 0.1855349987745285, 0.16942839324474335], "rhythm.beats_loudness_band_ratio.stdev": [0.11933503299951553, 0.15646368265151978, 0.13542558252811432, 0.1749657243490219, 0.15873301029205322, 0.09417332708835602], "tonal.hpcp.mean": [0.20335324108600616, 0.16631118953227997, 0.10311226546764374, 0.0793880820274353, 0.07763849943876266, 0.08960332721471786, 0.1514700949192047, 0.15930189192295074, 0.10677981376647949, 0.20991092920303345, 0.2309272140264511, 0.09248021990060806, 0.060167327523231506, 0.07084353268146515, 0.07324542105197906, 0.13683152198791504, 0.14332611858844757, 0.07287362217903137, 0.055452682077884674, 0.047075700014829636, 0.04400179162621498, 0.09995900839567184, 0.12234330922365189, 0.08734188228845596, 0.09553965926170349, 0.09719261527061462, 0.0853562280535698, 0.10152613371610641, 0.11485543847084045, 0.12775811553001404, 0.2131733000278473, 0.2095128297805786, 0.10239200294017792, 0.08101868629455566, 0.11357726156711578, 0.16778239607810974], "tonal.hpcp.stdev": [0.31219062209129333, 0.29066506028175354, 0.22852744162082672, 0.2002560943365097, 0.19428247213363647, 0.21222969889640808, 0.2678372859954834, 0.28538164496421814, 0.21304336190223694, 0.31408801674842834, 0.351480633020401, 0.1598629504442215, 0.14697329699993134, 0.1674182415008545, 0.17987848818302155, 0.24893848598003387, 0.2695887088775635, 0.14678119122982025, 0.14482642710208893, 0.127873033285141, 0.11775428801774979, 0.19074057042598724, 0.23185127973556519, 0.15636444091796875, 0.1949026882648468, 0.20873387157917023, 0.1774422973394394, 0.20150421559810638, 0.22195442020893097, 0.22188055515289307, 0.29585716128349304, 0.29722219705581665, 0.18027405440807343, 0.18981406092643738, 0.2288520783185959, 0.2907213866710663], "rhythm.beats_position": [0.5804988741874695, 1.1377778053283691, 1.695056676864624, 2.2639455795288086, 2.8560543060302734, 3.4481632709503174, 4.040272235870361, 4.632380962371826, 5.224489688873291, 5.781768798828125, 6.339047431945801, 6.896326541900635, 7.441995143890381, 7.987664222717285, 8.544942855834961, 9.079002380371094, 9.63628101348877, 10.181949615478516, 10.727619171142578, 11.284897804260254, 11.83056640625, 12.376235961914062, 12.921904563903809, 13.467573165893555, 14.024852752685547, 14.558911323547363, 15.10457992553711, 15.650249481201172, 16.1959171295166, 16.741586685180664, 17.298866271972656, 17.844533920288086, 18.39020347595215, 18.94748306274414, 19.48154067993164, 20.038820266723633, 20.584489822387695, 21.130157470703125, 21.687437057495117, 22.22149658203125, 22.77877426147461, 23.3360538482666, 23.881723403930664, 24.427391052246094, 24.961450576782227, 25.51873016357422, 26.06439781188965, 26.61006736755371, 27.167346954345703, 27.701404571533203, 28.258684158325195, 28.804353713989258, 29.350021362304688, 29.89569091796875, 30.441360473632812, 30.998638153076172, 31.544307708740234, 32.0899772644043, 32.6240348815918, 33.18131637573242, 33.73859405517578, 34.284263610839844, 34.829933166503906, 35.3755989074707, 35.921268463134766, 36.47854995727539, 37.02421569824219, 37.56988525390625, 38.11555480957031, 38.661224365234375, 39.218502044677734, 39.7641716003418], "rhythm.bpm_histogram": [0.0, 0.0, 0.0, 0.0, 0.0, 0.0, 0.0, 0.0, 0.0, 0.0, 0.0, 0.0, 0.0, 0.0, 0.0, 0.0, 0.0, 0.0, 0.0, 0.0, 0.0, 0.0, 0.0, 0.0, 0.0, 0.0, 0.0, 0.0, 0.0, 0.0, 0.0, 0.0, 0.0, 0.0, 0.0, 0.0, 0.0, 0.0, 0.0, 0.0, 0.0, 0.0, 0.0, 0.0, 0.0, 0.0, 0.0, 0.0, 0.0, 0.0, 0.0, 0.0, 0.0, 0.0, 0.0, 0.0, 0.0, 0.0, 0.0, 0.0, 0.0, 0.0, 0.0, 0.0, 0.0, 0.0, 0.0, 0.0, 0.0, 0.0, 0.0, 0.0, 0.0, 0.0, 0.0, 0.0, 0.0, 0.0, 0.0, 0.0, 0.0, 0.0, 0.0, 0.0, 0.0, 0.0, 0.0, 0.0, 0.0, 0.0, 0.0, 0.0, 0.0, 0.0, 0.0, 0.0, 0.0, 0.0, 0.0, 0.0, 0.0, 0.07042253762483597, 0.0, 0.0, 0.0, 0.014084506779909134, 0.0, 0.0, 0.3239436745643616, 0.0, 0.49295774102211, 0.0, 0.09859155118465424, 0.0, 0.0, 0.0, 0.0, 0.0, 0.0, 0.0, 0.0, 0.0, 0.0, 0.0, 0.0, 0.0, 0.0, 0.0, 0.0, 0.0, 0.0, 0.0, 0.0, 0.0, 0.0, 0.0, 0.0, 0.0, 0.0, 0.0, 0.0, 0.0, 0.0, 0.0, 0.0, 0.0, 0.0, 0.0, 0.0, 0.0, 0.0, 0.0, 0.0, 0.0, 0.0, 0.0, 0.0, 0.0, 0.0, 0.0, 0.0, 0.0, 0.0, 0.0, 0.0, 0.0, 0.0, 0.0, 0.0, 0.0, 0.0, 0.0, 0.0, 0.0, 0.0, 0.0, 0.0, 0.0, 0.0, 0.0, 0.0, 0.0, 0.0, 0.0, 0.0, 0.0, 0.0, 0.0, 0.0, 0.0, 0.0, 0.0, 0.0, 0.0, 0.0, 0.0, 0.0, 0.0, 0.0, 0.0, 0.0, 0.0, 0.0, 0.0, 0.0, 0.0, 0.0, 0.0, 0.0, 0.0, 0.0, 0.0, 0.0, 0.0, 0.0, 0.0, 0.0, 0.0, 0.0, 0.0, 0.0, 0.0, 0.0, 0.0, 0.0, 0.0, 0.0, 0.0, 0.0, 0.0, 0.0, 0.0, 0.0, 0.0, 0.0, 0.0, 0.0, 0.0, 0.0, 0.0, 0.0, 0.0, 0.0, 0.0, 0.0, 0.0, 0.0, 0.0, 0.0, 0.0], "tonal.chords_histogram": [0.0, 0.0, 0.0, 0.0, 0.0, 5.208333492279053, 0.3472222089767456, 4.0509257316589355, 0.23148147761821747, 2.8935184478759766, 0.0, 3.7037036418914795, 19.675926208496094, 3.2407407760620117, 12.847222328186035, 10.185185432434082, 19.675926208496094, 2.430555582046509, 3.125, 12.037036895751953, 0.23148147761821747, 0.0, 0.0, 0.11574073880910873], "tonal.thpcp": [1.0, 0.4004734456539154, 0.2605467140674591, 0.30677860975265503, 0.31717967987060547, 0.5925309658050537, 0.6206549406051636, 0.315569669008255, 0.24013055860996246, 0.20385514199733734, 0.1905439794063568, 0.4328593611717224, 0.5297916531562805, 0.3782225549221039, 0.4137219488620758, 0.42087987065315247, 0.36962395906448364, 0.43964558839797974, 0.49736639857292175, 0.5532397627830505, 0.9231190085411072, 0.9072678089141846, 0.44339513778686523, 0.3508407771587372, 0.4918314218521118, 0.7265596389770508, 0.8805945515632629, 0.7201887965202332, 0.4465141296386719, 0.34377968311309814, 0.33620333671569824, 0.3880154490470886, 0.6559213995933533, 0.6898359656333923, 0.46239596605300903, 0.9089917540550232], "lowlevel.gfcc.cov": [[4891.92822265625, 1497.19677734375, 307.4796447753906, 1014.708984375, 631.3809204101562, 44.03907012939453, 121.20713806152344, 70.11949157714844, 14.486856460571289, -38.34907150268555, -133.90789794921875, -134.1820068359375, -14.786215782165527], [1497.19677734375, 2294.864990234375, 381.3393859863281, 465.956298828125, 505.1396484375, 169.20443725585938, 162.39735412597656, -10.158970832824707, -38.985870361328125, -67.8863754272461, 5.395908832550049, -137.77749633789062, -2.3916072845458984], [307.4796447753906, 381.3393859863281, 1655.7105712890625, 471.07080078125, -22.42466926574707, 210.642578125, -244.70144653320312, -167.49635314941406, -123.30740356445312, -191.26416015625, -120.53279876708984, -15.197699546813965, -145.93601989746094], [1014.708984375, 465.956298828125, 471.07080078125, 937.5796508789062, 370.1480407714844, -74.88374328613281, 45.298648834228516, 120.14273834228516, 47.433685302734375, -5.542445659637451, -18.154340744018555, 13.100475311279297, 39.247623443603516], [631.3809204101562, 505.1396484375, -22.42466926574707, 370.1480407714844, 847.193603515625, 443.0801086425781, 327.4051818847656, 215.740478515625, 129.29115295410156, 161.18043518066406, 20.601848602294922, -1.758913278579712, 123.10391998291016], [44.03907012939453, 169.20443725585938, 210.642578125, -74.88374328613281, 443.0801086425781, 792.8587036132812, 319.5677795410156, -0.03276269510388374, 77.66480255126953, 86.61609649658203, -18.121347427368164, -65.55796813964844, 13.027624130249023], [121.20713806152344, 162.39735412597656, -244.70144653320312, 45.298648834228516, 327.4051818847656, 319.5677795410156, 463.2840270996094, 209.5371551513672, 94.14325714111328, 140.21481323242188, 81.63925170898438, 15.592384338378906, 68.0014877319336], [70.11949157714844, -10.158970832824707, -167.49635314941406, 120.14273834228516, 215.740478515625, -0.03276269510388374, 209.5371551513672, 361.3044128417969, 173.79598999023438, 81.95050048828125, 58.42056655883789, 51.57195281982422, 45.45960998535156], [14.486856460571289, -38.985870361328125, -123.30740356445312, 47.433685302734375, 129.29115295410156, 77.66480255126953, 94.14325714111328, 173.79598999023438, 257.2382507324219, 131.6778106689453, 21.485069274902344, -3.8534388542175293, 32.30026626586914], [-38.34907150268555, -67.8863754272461, -191.26416015625, -5.542445659637451, 161.18043518066406, 86.61609649658203, 140.21481323242188, 81.95050048828125, 131.6778106689453, 302.26226806640625, 112.83456420898438, 22.332040786743164, 99.13971710205078], [-133.90789794921875, 5.395908832550049, -120.53279876708984, -18.154340744018555, 20.601848602294922, -18.121347427368164, 81.63925170898438, 58.42056655883789, 21.485069274902344, 112.83456420898438, 172.83999633789062, 70.49432373046875, 18.401227951049805], [-134.1820068359375, -137.77749633789062, -15.197699546813965, 13.100475311279297, -1.758913278579712, -65.55796813964844, 15.592384338378906, 51.57195281982422, -3.8534388542175293, 22.332040786743164, 70.49432373046875, 146.0261688232422, 57.58964538574219], [-14.786215782165527, -2.3916072845458984, -145.93601989746094, 39.247623443603516, 123.10391998291016, 13.027624130249023, 68.0014877319336, 45.45960998535156, 32.30026626586914, 99.13971710205078, 18.401227951049805, 57.58964538574219, 186.3297576904297]], "lowlevel.gfcc.icov": [[0.0003315561334602535, -0.00018974613340105861, 0.0001532828318886459, -0.0003737748775165528, 4.082238956470974e-05, -0.00011444211850175634, 0.0001043658921844326, -7.707782788202167e-05, 0.00018167897360399365, -0.0002716663293540478, 0.00047977783833630383, -0.00016351633530575782, 0.0003006139013450593], [-0.00018974613340105861, 0.0008762181969359517, -0.0005048008169978857, 0.0004072475712746382, -0.0009224711102433503, 0.0008927359594963491, -0.0008549343328922987, 0.0008753383881412446, -0.000627084169536829, 0.0011496678926050663, -0.0013721085852012038, 0.001465375884436071, -0.0006598682375624776], [0.0001532828318886459, -0.0005048008169978857, 0.0018457946134731174, -0.0016373137477785349, 0.0014969861367717385, -0.0024213821161538363, 0.002190269296988845, -0.0014193441020324826, 0.0015386019367724657, -0.0011943202698603272, 0.001439738436602056, -0.0017829814460128546, 0.0013010518159717321], [-0.0003737748775165528, 0.0004072475712746382, -0.0016373137477785349, 0.003292803419753909, -0.0024388281162828207, 0.0029504336416721344, -0.0019985756371170282, 0.0015094684204086661, -0.001793118892237544, 0.0015222873771563172, -0.0012452425435185432, 0.0012666383991017938, -0.001001902506686747], [4.082238956470974e-05, -0.0009224711102433503, 0.0014969861367717385, -0.0024388281162828207, 0.005159658379852772, -0.004292359109967947, 0.0022728294134140015, -0.0035846044775098562, 0.0024455098900943995, -0.0025628425646573305, 0.002028557937592268, -0.0017852045129984617, -9.502477041678503e-05], [-0.00011444211850175634, 0.0008927359594963491, -0.0024213821161538363, 0.0029504336416721344, -0.004292359109967947, 0.006931005511432886, -0.0055433656089007854, 0.004953575320541859, -0.003840930527076125, 0.0024756190832704306, -0.001441505504772067, 0.0026000100187957287, -0.0006623607478104532], [0.0001043658921844326, -0.0008549343328922987, 0.002190269296988845, -0.0019985756371170282, 0.0022728294134140015, -0.0055433656089007854, 0.008618824183940887, -0.005908853840082884, 0.003949861042201519, -0.0027576268184930086, 0.0003404699091333896, -0.0014374102465808392, 0.0005090149352326989], [-7.707782788202167e-05, 0.0008753383881412446, -0.0014193441020324826, 0.0015094684204086661, -0.0035846044775098562, 0.004953575320541859, -0.005908853840082884, 0.01000221911817789, -0.006775548681616783, 0.00368810398504138, -0.002166077960282564, 0.0001783222396625206, -0.00031535400194115937], [0.00018167897360399365, -0.000627084169536829, 0.0015386019367724657, -0.001793118892237544, 0.0024455098900943995, -0.003840930527076125, 0.003949861042201519, -0.006775548681616783, 0.010256187058985233, -0.005537210498005152, 0.003331082174554467, -0.0009428868652321398, 0.001584222773090005], [-0.0002716663293540478, 0.0011496678926050663, -0.0011943202698603272, 0.0015222873771563172, -0.0025628425646573305, 0.0024756190832704306, -0.0027576268184930086, 0.00368810398504138, -0.005537210498005152, 0.010216130875051022, -0.007601077202707529, 0.004479238297790289, -0.004745672456920147], [0.00047977783833630383, -0.0013721085852012038, 0.001439738436602056, -0.0012452425435185432, 0.002028557937592268, -0.001441505504772067, 0.0003404699091333896, -0.002166077960282564, 0.003331082174554467, -0.007601077202707529, 0.014655428007245064, -0.008352196775376797, 0.005176111590117216], [-0.00016351633530575782, 0.001465375884436071, -0.0017829814460128546, 0.0012666383991017938, -0.0017852045129984617, 0.0026000100187957287, -0.0014374102465808392, 0.0001783222396625206, -0.0009428868652321398, 0.004479238297790289, -0.008352196775376797, 0.014759297482669353, -0.006135362666100264], [0.0003006139013450593, -0.0006598682375624776, 0.0013010518159717321, -0.001001902506686747, -9.502477041678503e-05, -0.0006623607478104532, 0.0005090149352326989, -0.00031535400194115937, 0.001584222773090005, -0.004745672456920147, 0.005176111590117216, -0.006135362666100264, 0.010248007252812386]], "lowlevel.mfcc.cov": [[4868.142578125, 851.032470703125, -64.6521987915039, 1058.205322265625, 395.6767883300781, 208.1205291748047, 134.988037109375, 126.20577239990234, 136.39903259277344, 136.68528747558594, -64.41493225097656, -31.154335021972656, -92.17948150634766], [851.032470703125, 1690.03857421875, 232.77061462402344, 184.2160186767578, 292.9908447265625, 262.8304748535156, 234.86346435546875, 95.2852783203125, 37.391014099121094, 62.4814567565918, 42.78328323364258, -31.221826553344727, -44.8168830871582], [-64.6521987915039, 232.77061462402344, 1463.8087158203125, 62.99993133544922, 192.9918975830078, 159.61143493652344, -119.74745178222656, 26.314279556274414, -207.97511291503906, -118.13568878173828, -72.26129913330078, -110.28134155273438, -167.2510986328125], [1058.205322265625, 184.2160186767578, 62.99993133544922, 1044.5548095703125, 284.15167236328125, -88.60094451904297, 79.30021667480469, 56.0136604309082, 98.51374053955078, -7.878353118896484, -24.480072021484375, 102.06529235839844, 25.369918823242188], [395.6767883300781, 292.9908447265625, 192.9918975830078, 284.15167236328125, 539.859619140625, 282.1825866699219, 146.36143493652344, 115.52629852294922, 155.12046813964844, 97.30307006835938, 14.457189559936523, 15.591353416442871, 7.362976551055908], [208.1205291748047, 262.8304748535156, 159.61143493652344, -88.60094451904297, 282.1825866699219, 619.7926635742188, 282.4734191894531, 55.529754638671875, 151.2224578857422, 151.30894470214844, 48.739131927490234, -20.022188186645508, 19.713794708251953], [134.988037109375, 234.86346435546875, -119.74745178222656, 79.30021667480469, 146.36143493652344, 282.4734191894531, 407.6296081542969, 134.63169860839844, 149.51724243164062, 102.42036437988281, 92.26007843017578, 53.0652961730957, 58.172996520996094], [126.20577239990234, 95.2852783203125, 26.314279556274414, 56.0136604309082, 115.52629852294922, 55.529754638671875, 134.63169860839844, 323.2083435058594, 109.53304290771484, 55.721675872802734, 74.68431854248047, 36.16039276123047, 11.778145790100098], [136.39903259277344, 37.391014099121094, -207.97511291503906, 98.51374053955078, 155.12046813964844, 151.2224578857422, 149.51724243164062, 109.53304290771484, 337.1778869628906, 172.02256774902344, 59.73942184448242, 65.77935791015625, 58.906280517578125], [136.68528747558594, 62.4814567565918, -118.13568878173828, -7.878353118896484, 97.30307006835938, 151.30894470214844, 102.42036437988281, 55.721675872802734, 172.02256774902344, 286.451171875, 94.14948272705078, 40.40450668334961, 66.9888687133789], [-64.41493225097656, 42.78328323364258, -72.26129913330078, -24.480072021484375, 14.457189559936523, 48.739131927490234, 92.26007843017578, 74.68431854248047, 59.73942184448242, 94.14948272705078, 191.18751525878906, 89.27399444580078, 47.434444427490234], [-31.154335021972656, -31.221826553344727, -110.28134155273438, 102.06529235839844, 15.591353416442871, -20.022188186645508, 53.0652961730957, 36.16039276123047, 65.77935791015625, 40.40450668334961, 89.27399444580078, 189.01646423339844, 104.20418548583984], [-92.17948150634766, -44.8168830871582, -167.2510986328125, 25.369918823242188, 7.362976551055908, 19.713794708251953, 58.172996520996094, 11.778145790100098, 58.906280517578125, 66.9888687133789, 47.434444427490234, 104.20418548583984, 196.1140899658203]], "lowlevel.mfcc.icov": [[0.00032595236552879214, -0.00012606613745447248, 0.00013009611575398594, -0.0003998579632025212, 0.000103014062915463, -0.0002794916508719325, 0.00022426375653594732, -0.00017300072067882866, 0.000146885693538934, -0.00021024611487518996, 0.00013014599971938878, 7.145071867853403e-05, 0.00021342163381632417], [-0.00012606613745447248, 0.0007671474013477564, -0.00010717001714510843, 8.709721441846341e-05, -0.00030822548433206975, 8.183940371964127e-05, -0.0004644608125090599, 7.696322427364066e-05, 0.0001572370674693957, -1.1309914953017142e-05, -0.0001714533573249355, 0.00013185896386858076, 7.792965334374458e-05], [0.00013009611575398594, -0.00010717001714510843, 0.0011039921082556248, -0.0002987557672895491, -0.0002403956459602341, -0.0007627569721080363, 0.0007461633067578077, -0.00048683094792068005, 0.0008827490382827818, 2.2164327674545348e-05, 7.645950972801074e-05, -8.139489364111796e-05, 0.0006624582456424832], [-0.0003998579632025212, 8.709721441846341e-05, -0.0002987557672895491, 0.001991887344047427, -0.0011531778145581484, 0.0013440314214676619, -0.0009480727603659034, 0.0004937829216942191, -0.0004629354225471616, 0.00031062145717442036, 0.00046236399793997407, -0.0009692276944406331, -8.463463746011257e-05], [0.000103014062915463, -0.00030822548433206975, -0.0002403956459602341, -0.0011531778145581484, 0.003802193095907569, -0.0017566882306709886, 0.0006837208056822419, -0.0008627461502328515, -0.0007690360071137547, -0.00021114220726303756, 0.00034265645081177354, 8.33151934784837e-05, -1.9048167814617045e-05], [-0.0002794916508719325, 8.183940371964127e-05, -0.0007627569721080363, 0.0013440314214676619, -0.0017566882306709886, 0.0044478001073002815, -0.0028944960795342922, 0.001305770012550056, -0.0008060071268118918, -0.0006585405790247023, 5.662884359480813e-05, 0.0005893746856600046, -0.0003978287277277559], [0.00022426375653594732, -0.0004644608125090599, 0.0007461633067578077, -0.0009480727603659034, 0.0006837208056822419, -0.0028944960795342922, 0.005639398004859686, -0.0016673867357894778, -0.00026654903194867074, 0.0004913773736916482, -0.0011084744473919272, -7.272469702002127e-06, -0.0003649221616797149], [-0.00017300072067882866, 7.696322427364066e-05, -0.00048683094792068005, 0.0004937829216942191, -0.0008627461502328515, 0.001305770012550056, -0.0016673867357894778, 0.0045301541686058044, -0.0013135636691004038, 0.00037618420901708305, -0.0013167861616238952, 0.0002148487401427701, 5.125858660903759e-05], [0.000146885693538934, 0.0001572370674693957, 0.0008827490382827818, -0.0004629354225471616, -0.0007690360071137547, -0.0008060071268118918, -0.00026654903194867074, -0.0013135636691004038, 0.0061837052926421165, -0.002760971197858453, 0.00107108848169446, -0.0013506605755537748, 0.0007298532291315496], [-0.00021024611487518996, -1.1309914953017142e-05, 2.2164327674545348e-05, 0.00031062145717442036, -0.00021114220726303756, -0.0006585405790247023, 0.0004913773736916482, 0.00037618420901708305, -0.002760971197858453, 0.006561832036823034, -0.002805091207846999, 0.0013484987430274487, -0.0016670490149408579], [0.00013014599971938878, -0.0001714533573249355, 7.645950972801074e-05, 0.00046236399793997407, 0.00034265645081177354, 5.662884359480813e-05, -0.0011084744473919272, -0.0013167861616238952, 0.00107108848169446, -0.002805091207846999, 0.00924742128700018, -0.004468243103474379, 0.001190649694763124], [7.145071867853403e-05, 0.00013185896386858076, -8.139489364111796e-05, -0.0009692276944406331, 8.33151934784837e-05, 0.0005893746856600046, -7.272469702002127e-06, 0.0002148487401427701, -0.0013506605755537748, 0.0013484987430274487, -0.004468243103474379, 0.010631809011101723, -0.00457677710801363], [0.00021342163381632417, 7.792965334374458e-05, 0.0006624582456424832, -8.463463746011257e-05, -1.9048167814617045e-05, -0.0003978287277277559, -0.0003649221616797149, 5.125858660903759e-05, 0.0007298532291315496, -0.0016670490149408579, 0.001190649694763124, -0.00457677710801363, 0.00843304954469204]], "metadata.audio_properties.analysis.downmix": "mix", "metadata.audio_properties.codec": "mp3", "metadata.audio_properties.md5_encoded": "9422050b66292242b3d44aadd2c830b2", "metadata.tags.file_name": "1182268349