{"song_id": "1182271290346848286", "download": "https://cdn.discordapp.com/attachments/1128313332273782784/1182271290346848286/chirp.mp4?ex=658416f1&amp", "lyrics": "[intro]", "style": ["deutsch rap"], "essentia_features": {"lowlevel.average_loudness": 0.7705260515213013, "lowlevel.barkbands_crest.mean": 15.033258438110352, "lowlevel.barkbands_crest.stdev": 4.080358505249023, "lowlevel.barkbands_flatness_db.mean": 0.38205450773239136, "lowlevel.barkbands_flatness_db.stdev": 0.03327542170882225, "lowlevel.barkbands_kurtosis.mean": 10.060319900512695, "lowlevel.barkbands_kurtosis.stdev": 5.776031017303467, "lowlevel.barkbands_skewness.mean": 2.1132123470306396, "lowlevel.barkbands_skewness.stdev": 0.9637714624404907, "lowlevel.barkbands_spread.mean": 2.493966579437256, "lowlevel.barkbands_spread.stdev": 1.166977047920227, "lowlevel.dissonance.mean": 0.37447378039360046, "lowlevel.dissonance.stdev": 0.06224620342254639, "lowlevel.dynamic_complexity": 2.7530322074890137, "lowlevel.erbbands_crest.mean": 16.389524459838867, "lowlevel.erbbands_crest.stdev": 4.594615936279297, "lowlevel.erbbands_flatness_db.mean": 0.41418424248695374, "lowlevel.erbbands_flatness_db.stdev": 0.028573879972100258, "lowlevel.erbbands_kurtosis.mean": 4.418392181396484, "lowlevel.erbbands_kurtosis.stdev": 3.8041138648986816, "lowlevel.erbbands_skewness.mean": 1.7538973093032837, "lowlevel.erbbands_skewness.stdev": 0.6444032192230225, "lowlevel.erbbands_spread.mean": 7.492867946624756, "lowlevel.erbbands_spread.stdev": 3.032639980316162, "lowlevel.hfc.mean": 11.15427303314209, "lowlevel.hfc.stdev": 8.646718978881836, "lowlevel.loudness_ebu128.integrated": -26.299470901489258, "lowlevel.loudness_ebu128.loudness_range": 6.766300201416016, "lowlevel.loudness_ebu128.momentary.mean": -27.139911651611328, "lowlevel.loudness_ebu128.momentary.stdev": 2.817554235458374, "lowlevel.loudness_ebu128.short_term.mean": -26.922809600830078, "lowlevel.loudness_ebu128.short_term.stdev": 2.4595999717712402, "lowlevel.melbands_crest.mean": 17.72681427001953, "lowlevel.melbands_crest.stdev": 5.061522483825684, "lowlevel.melbands_flatness_db.mean": 0.47963693737983704, "lowlevel.melbands_flatness_db.stdev": 0.03987932577729225, "lowlevel.melbands_kurtosis.mean": 11.156526565551758, "lowlevel.melbands_kurtosis.stdev": 7.20593786239624, "lowlevel.melbands_skewness.mean": 1.8908898830413818, "lowlevel.melbands_skewness.stdev": 1.0779584646224976, "lowlevel.melbands_spread.mean": 3.797656297683716, "lowlevel.melbands_spread.stdev": 3.2787728309631348, "lowlevel.pitch_salience.mean": 0.5165224671363831, "lowlevel.pitch_salience.stdev": 0.1240081712603569, "lowlevel.silence_rate_20dB.mean": 1.0, "lowlevel.silence_rate_20dB.stdev": 0.0, "lowlevel.silence_rate_30dB.mean": 0.9965237379074097, "lowlevel.silence_rate_30dB.stdev": 0.05885617807507515, "lowlevel.silence_rate_60dB.mean": 0.016222478821873665, "lowlevel.silence_rate_60dB.stdev": 0.12633030116558075, "lowlevel.spectral_centroid.mean": 467.10009765625, "lowlevel.spectral_centroid.stdev": 62.98326873779297, "lowlevel.spectral_complexity.mean": 9.96639633178711, "lowlevel.spectral_complexity.stdev": 2.6693055629730225, "lowlevel.spectral_decrease.mean": -6.1922249550150354e-09, "lowlevel.spectral_decrease.stdev": 4.647626283826867e-09, "lowlevel.spectral_energy.mean": 0.024382557719945908, "lowlevel.spectral_energy.stdev": 0.018313704058527946, "lowlevel.spectral_energyband_high.mean": 7.215271011773439e-07, "lowlevel.spectral_energyband_high.stdev": 2.6960508421325358e-06, "lowlevel.spectral_energyband_low.mean": 0.0004249892372172326, "lowlevel.spectral_energyband_low.stdev": 0.0008315084269270301, "lowlevel.spectral_energyband_middle_high.mean": 0.0010835705325007439, "lowlevel.spectral_energyband_middle_high.stdev": 0.0009079845040105283, "lowlevel.spectral_energyband_middle_low.mean": 0.023148369044065475, "lowlevel.spectral_energyband_middle_low.stdev": 0.017485270276665688, "lowlevel.spectral_entropy.mean": 5.457179546356201, "lowlevel.spectral_entropy.stdev": 0.2934417128562927, "lowlevel.spectral_flux.mean": 0.03293537348508835, "lowlevel.spectral_flux.stdev": 0.028284700587391853, "lowlevel.spectral_kurtosis.mean": 102.1121597290039, "lowlevel.spectral_kurtosis.stdev": 45.63115310668945, "lowlevel.spectral_rms.mean": 0.0045706601813435555, "lowlevel.spectral_rms.stdev": 0.0017020381055772305, "lowlevel.spectral_rolloff.mean": 529.2225341796875, "lowlevel.spectral_rolloff.stdev": 408.71673583984375, "lowlevel.spectral_skewness.mean": 7.037437438964844, "lowlevel.spectral_skewness.stdev": 2.159672260284424, "lowlevel.spectral_spread.mean": 921526.9375, "lowlevel.spectral_spread.stdev": 617036.4375, "lowlevel.spectral_strongpeak.mean": 1.628737211227417, "lowlevel.spectral_strongpeak.stdev": 0.8939529657363892, "lowlevel.zerocrossingrate.mean": 0.022460371255874634, "lowlevel.zerocrossingrate.stdev": 0.01424176711589098, "metadata.audio_properties.analysis.equal_loudness": 0.0, "metadata.audio_properties.analysis.length": 40.04265213012695, "metadata.audio_properties.analysis.sample_rate": 44100.0, "metadata.audio_properties.analysis.start_time": 0.0, "metadata.audio_properties.bit_rate": 88709.0, "metadata.audio_properties.length": 40.042667388916016, "metadata.audio_properties.lossless": 0.0, "metadata.audio_properties.number_channels": 1.0, "metadata.audio_properties.replay_gain": -1.5659046173095703, "metadata.audio_properties.sample_rate": 48000.0, "rhythm.beats_count": 66.0, "rhythm.beats_loudness.mean": 0.03899106755852699, "rhythm.beats_loudness.stdev": 0.028201790526509285, "rhythm.bpm": 99.86705017089844, "rhythm.bpm_histogram_first_peak_bpm": 99.0, "rhythm.bpm_histogram_first_peak_weight": 0.29230767488479614, "rhythm.bpm_histogram_second_peak_bpm": 0.0, "rhythm.bpm_histogram_second_peak_spread": 0.0, "rhythm.bpm_histogram_second_peak_weight": 0.0, "rhythm.danceability": 0.9857451915740967, "rhythm.onset_rate": 3.5202107429504395, "tonal.chords_changes_rate": 0.02777777798473835, "tonal.chords_number_rate": 0.010416666977107525, "tonal.chords_strength.mean": 0.48557358980178833, "tonal.chords_strength.stdev": 0.09315884113311768, "tonal.hpcp_crest.mean": 19.196298599243164, "tonal.hpcp_crest.stdev": 7.518921375274658, "tonal.hpcp_entropy.mean": 1.2817541360855103, "tonal.hpcp_entropy.stdev": 0.5492390990257263, "tonal.key_edma.strength": 0.7220067977905273, "tonal.key_krumhansl.strength": 0.7252255082130432, "tonal.key_temperley.strength": 0.7310176491737366, "tonal.tuning_diatonic_strength": 0.47716784477233887, "tonal.tuning_equal_tempered_deviation": 0.0005354512250050902, "tonal.tuning_frequency": 440.2542419433594, "tonal.tuning_nontempered_energy_ratio": 0.5694659948348999, "lowlevel.barkbands.mean": [3.5292553093313472e-06, 5.3545845730695873e-05, 0.00018033100059255958, 0.0004477243055589497, 0.0012503803009167314, 0.008695987984538078, 0.00758062768727541, 0.00418818648904562, 0.0007998783839866519, 0.00030807111761532724, 0.0001556998904561624, 0.0002987227635458112, 0.00018374262435827404, 0.0001095613552024588, 6.287277210503817e-05, 3.810162888839841e-05, 1.2981896361452527e-05, 7.1861641117720865e-06, 4.442924819159089e-06, 6.962580982872169e-07, 2.2248791253787203e-07, 9.733378902865297e-08, 2.346762606464381e-08, 3.5570455469979834e-09, 2.016613542821233e-09, 1.8906631815696073e-09, 1.215255340802912e-09], "lowlevel.barkbands.stdev": [6.928020866325824e-06, 0.00013281687279231846, 0.00044943546527065337, 0.0008357092156074941, 0.0020158838015049696, 0.008874315768480301, 0.009120880626142025, 0.007932450622320175, 0.0020948583260178566, 0.00035518856020644307, 0.0001895505702123046, 0.0004291216318961233, 0.00030714942840859294, 0.00015024775348138064, 9.98249597614631e-05, 7.907360122771934e-05, 2.1384834326454438e-05, 1.533862632641103e-05, 9.601604688214138e-06, 2.1989769720676122e-06, 9.299390058004064e-07, 4.904782144876663e-07, 1.3780952201614127e-07, 4.625657723522636e-08, 2.777940011355895e-08, 2.30318484284453e-08, 2.03754724203975e-09], "lowlevel.erbbands.mean": [0.0007637577364221215, 0.01745567098259926, 0.17020219564437866, 0.9012313485145569, 2.2854864597320557, 3.1184048652648926, 27.868120193481445, 75.63614654541016, 129.186279296875, 97.30724334716797, 71.85662841796875, 26.622854232788086, 10.626018524169922, 5.891856670379639, 8.356712341308594, 14.937967300415039, 10.373109817504883, 6.3342180252075195, 2.7632522583007812, 4.265183448791504, 1.2610870599746704, 0.6675498485565186, 0.41176295280456543, 0.3906457722187042, 0.11514230817556381, 0.030481766909360886, 0.014008269645273685, 0.00839568767696619, 0.004684038460254669, 0.0011684370692819357, 0.00041433912701904774, 0.00021228623518254608, 6.190988642629236e-05, 3.7104753573657945e-05, 2.9334893042687327e-05, 2.0647779820137657e-05, 1.0302430382580496e-05, 2.3184031761047663e-06, 1.1750538760679774e-05, 2.737395334406756e-05], "lowlevel.erbbands.stdev": [0.001567952218465507, 0.043106190860271454, 0.4140477180480957, 1.6635240316390991, 3.5198545455932617, 4.405320644378662, 41.55796813964844, 77.09215545654297, 147.1023712158203, 99.86994171142578, 178.23367309570312, 59.98302459716797, 12.66262149810791, 6.545653820037842, 10.3064603805542, 20.12500762939453, 15.978950500488281, 7.819585800170898, 3.395732879638672, 10.276535034179688, 2.0691542625427246, 1.114946961402893, 0.6521663069725037, 0.7670363187789917, 0.34537526965141296, 0.08586255460977554, 0.05691082403063774, 0.035648413002491, 0.02253957837820053, 0.0047157518565654755, 0.0022972039878368378, 0.0019461708143353462, 0.0005256292060948908, 0.00032101396936923265, 0.00021696397743653506, 0.00013733025116380304, 3.2198793633142486e-05, 7.112698767741676e-06, 8.818084097583778e-06, 2.0576389943016693e-05], "lowlevel.gfcc.mean": [-192.14297485351562, 238.21951293945312, -143.37545776367188, -61.092350006103516, -36.42165756225586, -51.98832702636719, -34.32524108886719, -22.219886779785156, -5.751791477203369, -3.562582492828369, 4.139435768127441, -6.92612361907959, -8.972278594970703], "lowlevel.melbands.mean": [1.0623533853504341e-05, 7.185099821072072e-05, 0.00020142202265560627, 0.0001685408060438931, 0.0007825036300346255, 0.0017609870992600918, 0.0019138520583510399, 0.0010093358578160405, 0.0005146271432749927, 0.00012512636021710932, 4.7518151404801756e-05, 2.2624180928687565e-05, 2.380872319918126e-05, 3.777009987970814e-05, 2.9117343729012646e-05, 1.4516393093799707e-05, 1.2276482266315725e-05, 4.167005954514025e-06, 4.350383278506342e-06, 4.586522663885262e-06, 1.0282163884767215e-06, 7.139624358387664e-07, 4.929735837322369e-07, 3.4959435879500234e-07, 3.385311231340893e-07, 6.978647348887534e-08, 4.9764018683617905e-08, 1.6205909503241855e-08, 9.435961345616306e-09, 8.318043143162868e-09, 3.0898881231422592e-09, 3.3748921435261536e-09, 7.064933083000824e-10, 6.230727045419826e-10, 1.792509751741278e-10, 2.704567958478066e-10, 6.007731118140569e-11, 3.3092157486480644e-11, 2.1074674991239384e-11, 1.738519571359287e-11], "lowlevel.melbands.stdev": [2.414469054201618e-05, 0.00016162695828825235, 0.00032421323703601956, 0.00023337302263826132, 0.001163350883871317, 0.0018158149905502796, 0.0021979641169309616, 0.0011326295789331198, 0.001318360329605639, 0.00031114675221033394, 6.17945333942771e-05, 2.815113839460537e-05, 2.7800435418612324e-05, 5.1357506890781224e-05, 3.5836354072671384e-05, 2.1575599021161906e-05, 1.7202577510033734e-05, 5.229907856119098e-06, 8.041582077567e-06, 1.0912913239735644e-05, 2.2123342660052003e-06, 1.3382577890297398e-06, 9.270632972402382e-07, 9.070256510312902e-07, 6.721109571117267e-07, 2.205362932272692e-07, 1.5409564468882309e-07, 5.7362893102208545e-08, 4.567741740402198e-08, 3.999534925469561e-08, 1.2798760273824428e-08, 1.7990682721347184e-08, 3.3272271604545267e-09, 2.563313561410041e-09, 7.119031475433246e-10, 3.1395717137172596e-09, 9.5368746233504e-10, 3.974982842880337e-10, 2.5216642662861943e-10, 2.787647057633791e-10], "lowlevel.melbands128.mean": [1.7677509731583996e-06, 3.6820474633714184e-06, 1.0820453098858707e-05, 3.0070124921621755e-05, 6.598106119781733e-05, 9.495113044977188e-05, 0.00016628763114567846, 0.00024381624825764447, 0.00025591376470401883, 0.00013535657490137964, 8.662596519570798e-05, 0.0003576266171876341, 0.0009378321701660752, 0.001370122074149549, 0.0013389778323471546, 0.002493235981091857, 0.0021933824755251408, 0.0021444945596158504, 0.0010116850025951862, 0.0011615739203989506, 0.0009442312875762582, 0.0005947522004134953, 0.000602398649789393, 0.00019478618924040347, 0.0002240476751467213, 3.464433757471852e-05, 4.0247603465104476e-05, 7.604325946886092e-05, 1.780209640855901e-05, 3.606584505178034e-05, 1.4576064131688327e-05, 1.4666038623545319e-05, 2.7788390070782043e-05, 3.030658081115689e-05, 2.0005911210319027e-05, 5.0578968512127176e-05, 5.462945409817621e-05, 3.0483906812150963e-06, 4.342944885138422e-05, 2.4076676709228195e-05, 2.225762045782176e-06, 8.325956514454447e-06, 1.2667966984736267e-05, 1.8848002582672052e-05, 7.699726438659127e-07, 2.5530691800668137e-06, 6.057342488929862e-06, 9.139539542957209e-07, 3.0307685392472195e-06, 1.3568490430770908e-05, 1.5944767710607266e-06, 1.0004883961300948e-06, 1.5443297343153972e-06, 6.526033757836558e-07, 8.302694141093525e-07, 8.85086251400935e-07, 3.170781042172166e-07, 8.126506259031885e-07, 4.0969069914353895e-07, 1.8885303632032446e-07, 2.818150619532389e-07, 5.937421292401268e-07, 4.0852620486475644e-07, 3.107316217665357e-07, 5.9323415513290456e-08, 2.7409832625835406e-08, 1.2873734078766574e-07, 7.492266007602666e-08, 2.969608736691498e-08, 3.771066570124049e-09, 2.0980406745252367e-08, 1.5339733039354542e-08, 2.2252782727605336e-08, 3.898433575955096e-09, 3.086793931572629e-09, 8.271516804825296e-09, 1.2854664888095613e-08, 3.021778605116765e-09, 2.0338042361345288e-09, 1.4491027267027334e-09, 5.790870893918054e-09, 2.8991220535345974e-09, 1.0974663400276086e-09, 4.69410899039957e-10, 4.0836428683022064e-10, 5.787898493814225e-10, 9.072964601841704e-10, 2.635069662471068e-10, 1.3336506898831146e-10, 7.43840683492536e-11, 2.729533821188568e-10, 4.0277570168001375e-10, 5.844034284274713e-11, 5.674179529013834e-11, 6.052075507412269e-11, 3.435009915397913e-11, 2.911045363096498e-11, 2.58081282039635e-11, 2.10597841249216e-11, 1.805450060288205e-11, 1.8924783615204e-11, 1.7162627222178095e-11, 1.5836099792609915e-11, 1.5246467283125398e-11, 1.368214656155553e-11, 2.2304023211683344e-11, 1.752613158767513e-11, 2.2037073554859177e-11, 1.4881198703853293e-11, 1.2043402733419306e-11, 9.291067915029316e-12, 9.375742369976958e-12, 9.758025117101443e-12, 9.080081304901899e-12, 9.45992069401047e-12, 8.947321182561918e-12, 7.35810891383526e-12, 5.518336222004594e-12, 5.4348955891292405e-12, 5.309337171299777e-12, 5.1514235585581325e-12, 5.072780303455593e-12, 5.0327190331822536e-12, 4.908392269020734e-12, 4.545386202842172e-12, 3.928491212890073e-12, 3.5908962435493574e-12, 3.5289989246817255e-12], "lowlevel.melbands128.stdev": [3.833578830381157e-06, 8.1983007476083e-06, 2.602779022709001e-05, 8.114725642371923e-05, 0.00019082364451605827, 0.0002326517424080521, 0.0003514420532155782, 0.00044994556810706854, 0.00043349602492526174, 0.0002387665881542489, 0.00019193698244635016, 0.0007497611804865301, 0.0019128423882648349, 0.002511062426492572, 0.0017791226273402572, 0.003078031586483121, 0.0026885978877544403, 0.003718840191140771, 0.0014271497493609786, 0.0014174645766615868, 0.0016451175324618816, 0.0017403605161234736, 0.0020468656439334154, 0.0005465957801789045, 0.0006829244666732848, 8.689019887242466e-05, 5.528016481548548e-05, 0.00012268783757463098, 2.4981287424452603e-05, 5.76057645957917e-05, 2.3190670617623255e-05, 2.1821721020387486e-05, 3.253539034631103e-05, 6.532391853397712e-05, 6.247564306249842e-05, 7.598730735480785e-05, 8.673064439790323e-05, 4.460762738744961e-06, 7.857342279748991e-05, 4.2353520257165655e-05, 6.37270704828552e-06, 1.5130296560528222e-05, 1.7512464182800613e-05, 3.3551732485648245e-05, 1.7195280861415085e-06, 4.718912350654136e-06, 1.253882783203153e-05, 3.2642712994856993e-06, 7.4119479904766195e-06, 3.810024281847291e-05, 3.407855501791346e-06, 2.6553029783826787e-06, 4.774906756210839e-06, 2.2900360363564687e-06, 2.1277101041050628e-06, 2.4276059775729664e-06, 9.026704788084317e-07, 1.9864924070134293e-06, 8.000310458555759e-07, 4.0142603552340006e-07, 9.29869372612302e-07, 2.0223085357429227e-06, 1.1681649993988685e-06, 7.03503928889404e-07, 3.352709256887465e-07, 9.062406292059677e-08, 5.759272880823119e-07, 2.4477947135892464e-07, 1.1590891091373123e-07, 1.4494457190039611e-08, 8.12442877418107e-08, 8.979222343441506e-08, 1.2460682796699984e-07, 1.4867832298648409e-08, 1.0684620299628023e-08, 4.394128438889311e-08, 6.763733040315856e-08, 1.261263093965681e-08, 6.847217459693411e-09, 8.227479142419725e-09, 3.9644476146349916e-08, 1.2246501590595926e-08, 4.551628407511998e-09, 4.071175840891783e-09, 3.029896555872824e-09, 2.2162307544704163e-09, 4.4458965398064265e-09, 1.1174966507709883e-09, 5.564390614942738e-10, 4.492999028382627e-10, 3.0191824595959815e-09, 5.1959800906331566e-09, 7.585307382207418e-10, 1.1585340464748128e-09, 1.1559962986851247e-09, 3.8858630202476263e-10, 2.9900773523827695e-10, 3.165976925068037e-10, 2.3604920795783357e-10, 2.2123433640608425e-10, 3.2210542566524225e-10, 2.770119411632521e-10, 2.455021186342776e-10, 2.4376287099947547e-10, 1.9296506059696128e-10, 4.4547213140511133e-10, 2.835742196616309e-10, 4.741295134280676e-10, 2.2695839652087102e-10, 1.4055345776142758e-10, 9.296515640633274e-11, 1.0176627596170107e-10, 1.0041328185605991e-10, 9.876100631744933e-11, 1.0043419568228629e-10, 1.0899806057729222e-10, 4.939729181252517e-11, 7.619876084274946e-12, 7.423449008281402e-12, 7.223189928129425e-12, 7.0480899762304094e-12, 6.8884745997588315e-12, 6.754622902671592e-12, 6.649692081694969e-12, 6.542604999437707e-12, 6.455906555874469e-12, 6.405402683956618e-12, 6.3707394394596495e-12], "lowlevel.mfcc.mean": [-837.712890625, 286.0465393066406, -39.68082046508789, -13.286436080932617, -5.2825164794921875, -26.121782302856445, -24.074745178222656, -22.564716339111328, -19.76799964904785, -11.884699821472168, 3.1156139373779297, 3.3818933963775635, 2.7632596492767334], "lowlevel.spectral_contrast_coeffs.mean": [-0.6013752818107605, -0.6021727323532104, -0.6840167045593262, -0.7072739601135254, -0.7402151823043823, -0.8230108618736267], "lowlevel.spectral_contrast_coeffs.stdev": [0.0784502625465393, 0.08154882490634918, 0.05473629757761955, 0.04579770937561989, 0.03526576608419418, 0.06178441271185875], "lowlevel.spectral_contrast_valleys.mean": [-8.036528587341309, -6.616327285766602, -8.528851509094238, -9.49251937866211, -11.029118537902832, -14.30019760131836], "lowlevel.spectral_contrast_valleys.stdev": [0.7076245546340942, 0.6734907031059265, 0.626140832901001, 0.6281183362007141, 0.756184995174408, 0.8671164512634277], "rhythm.beats_loudness_band_ratio.mean": [0.05587415397167206, 0.43148109316825867, 0.5837329626083374, 0.03635386377573013, 0.006149182561784983, 0.00022775240358896554], "rhythm.beats_loudness_band_ratio.stdev": [0.055043622851371765, 0.26913368701934814, 0.21447698771953583, 0.016381002962589264, 0.005459181498736143, 0.00030907068867236376], "tonal.hpcp.mean": [0.30689769983291626, 0.15290319919586182, 0.00150640110950917, 0.0015136776491999626, 0.0015377886593341827, 0.10656140744686127, 0.2087223082780838, 0.10406864434480667, 0.10364512354135513, 0.22350353002548218, 0.1215284988284111, 0.00817667692899704, 0.015033679082989693, 0.007827453315258026, 0.1334557980298996, 0.2452981323003769, 0.11297886818647385, 0.011370711028575897, 0.01813196763396263, 0.008932200260460377, 0.12742769718170166, 0.23743543028831482, 0.11219573765993118, 0.061610203236341476, 0.10313291847705841, 0.042939309030771255, 0.07993873953819275, 0.12764088809490204, 0.055352624505758286, 0.21696603298187256, 0.3601585924625397, 0.15076944231987, 0.0017884968547150493, 0.0018038068665191531, 0.002680382691323757, 0.1567922979593277], "tonal.hpcp.stdev": [0.38330572843551636, 0.1930965930223465, 0.009058210998773575, 0.012883752584457397, 0.01316782645881176, 0.1712564378976822, 0.3261324465274811, 0.16269294917583466, 0.16398826241493225, 0.3545486629009247, 0.19657430052757263, 0.04002181440591812, 0.07525549083948135, 0.03630837798118591, 0.1847527176141739, 0.33654242753982544, 0.15613842010498047, 0.06874192506074905, 0.1132378801703453, 0.05090215057134628, 0.1909216344356537, 0.34946516156196594, 0.16693930327892303, 0.15812835097312927, 0.26525986194610596, 0.11107148975133896, 0.1851096749305725, 0.28786104917526245, 0.12817558646202087, 0.25581595301628113, 0.4172145426273346, 0.1845988780260086, 0.005823585670441389, 0.00433006789535284, 0.016749154776334763, 0.19854344427585602], "rhythm.beats_position": [0.6269387602806091, 1.2538775205612183, 1.8575963973999023, 2.461315155029297, 3.0650339126586914, 3.668752670288086, 4.2724714279174805, 4.876190185546875, 5.479909420013428, 6.083628177642822, 6.675736904144287, 7.267845630645752, 7.8715643882751465, 8.4752836227417, 9.079002380371094, 9.682721138000488, 10.274829864501953, 10.866938591003418, 11.470657348632812, 12.074376106262207, 12.678094863891602, 13.281813621520996, 13.88553237915039, 14.477641105651855, 15.06974983215332, 15.673469543457031, 16.27718734741211, 16.88090705871582, 17.4846248626709, 18.07673454284668, 18.668842315673828, 19.27256202697754, 19.87628173828125, 20.4683895111084, 21.07210922241211, 21.664216995239258, 22.26793670654297, 22.871654510498047, 23.475374221801758, 24.079092025756836, 24.682811737060547, 25.274919509887695, 25.878639221191406, 26.470746994018555, 27.074466705322266, 27.678184509277344, 28.281904220581055, 28.874013900756836, 29.477731704711914, 30.069841384887695, 30.673559188842773, 31.277278900146484, 31.869386672973633, 32.46149444580078, 33.065216064453125, 33.6689338684082, 34.27265167236328, 34.87636947631836, 35.4800910949707, 36.08380889892578, 36.67591857910156, 37.268028259277344, 37.87174606323242, 38.4754638671875, 39.07918167114258, 39.68290328979492], "rhythm.bpm_histogram": [0.0, 0.0, 0.0, 0.0, 0.0, 0.0, 0.0, 0.0, 0.0, 0.0, 0.0, 0.0, 0.0, 0.0, 0.0, 0.0, 0.0, 0.0, 0.0, 0.0, 0.0, 0.0, 0.0, 0.0, 0.0, 0.0, 0.0, 0.0, 0.0, 0.0, 0.0, 0.0, 0.0, 0.0, 0.0, 0.0, 0.0, 0.0, 0.0, 0.0, 0.0, 0.0, 0.0, 0.0, 0.0, 0.0, 0.0, 0.0, 0.0, 0.0, 0.0, 0.0, 0.0, 0.0, 0.0, 0.0, 0.0, 0.0, 0.0, 0.0, 0.0, 0.0, 0.0, 0.0, 0.0, 0.0, 0.0, 0.0, 0.0, 0.0, 0.0, 0.0, 0.0, 0.0, 0.0, 0.0, 0.0, 0.0, 0.0, 0.0, 0.0, 0.0, 0.0, 0.0, 0.0, 0.0, 0.0, 0.0, 0.0, 0.0, 0.0, 0.0, 0.0, 0.0, 0.0, 0.0, 0.015384615398943424, 0.0, 0.0, 0.7076923251152039, 0.0, 0.2769230902194977, 0.0, 0.0, 0.0, 0.0, 0.0, 0.0, 0.0, 0.0, 0.0, 0.0, 0.0, 0.0, 0.0, 0.0, 0.0, 0.0, 0.0, 0.0, 0.0, 0.0, 0.0, 0.0, 0.0, 0.0, 0.0, 0.0, 0.0, 0.0, 0.0, 0.0, 0.0, 0.0, 0.0, 0.0, 0.0, 0.0, 0.0, 0.0, 0.0, 0.0, 0.0, 0.0, 0.0, 0.0, 0.0, 0.0, 0.0, 0.0, 0.0, 0.0, 0.0, 0.0, 0.0, 0.0, 0.0, 0.0, 0.0, 0.0, 0.0, 0.0, 0.0, 0.0, 0.0, 0.0, 0.0, 0.0, 0.0, 0.0, 0.0, 0.0, 0.0, 0.0, 0.0, 0.0, 0.0, 0.0, 0.0, 0.0, 0.0, 0.0, 0.0, 0.0, 0.0, 0.0, 0.0, 0.0, 0.0, 0.0, 0.0, 0.0, 0.0, 0.0, 0.0, 0.0, 0.0, 0.0, 0.0, 0.0, 0.0, 0.0, 0.0, 0.0, 0.0, 0.0, 0.0, 0.0, 0.0, 0.0, 0.0, 0.0, 0.0, 0.0, 0.0, 0.0, 0.0, 0.0, 0.0, 0.0, 0.0, 0.0, 0.0, 0.0, 0.0, 0.0, 0.0, 0.0, 0.0, 0.0, 0.0, 0.0, 0.0, 0.0, 0.0, 0.0, 0.0, 0.0, 0.0, 0.0, 0.0, 0.0, 0.0, 0.0, 0.0, 0.0, 0.0, 0.0, 0.0, 0.0], "tonal.chords_histogram": [24.30555534362793, 18.40277862548828, 9.953703880310059, 3.472222328186035, 15.046296119689941, 2.8935184478759766, 0.0, 0.0, 0.0, 0.0, 0.0, 0.0, 0.0, 0.0, 0.0, 0.0, 0.0, 0.0, 0.0, 0.0, 0.0, 14.004630088806152, 10.185185432434082, 1.7361111640930176], "tonal.thpcp": [1.0, 0.4186196029186249, 0.0049658589996397495, 0.005008368287235498, 0.007442228961735964, 0.43534237146377563, 0.852118194103241, 0.424544095993042, 0.004182605072855949, 0.00420280871912837, 0.00426975404843688, 0.2958735525608063, 0.5795288681983948, 0.2889522612094879, 0.2877763509750366, 0.6205697655677795, 0.33743050694465637, 0.022702990099787712, 0.04174182936549187, 0.021733351051807404, 0.3705473244190216, 0.6810836791992188, 0.31369200348854065, 0.0315713994204998, 0.050344400107860565, 0.0248007420450449, 0.3538099527359009, 0.6592524647712708, 0.311517596244812, 0.171064093708992, 0.2863541841506958, 0.11922333389520645, 0.22195427119731903, 0.3544018864631653, 0.15368957817554474, 0.602418065071106], "lowlevel.gfcc.cov": [[3052.991943359375, -85.99048614501953, -527.6079711914062, 406.4827880859375, -126.67274475097656, -183.89541625976562, 247.24658203125, -113.38529968261719, 21.640378952026367, 129.48873901367188, 32.20611572265625, -1.5131622552871704, -85.16578674316406], [-85.99048614501953, 325.149169921875, 189.96768188476562, -75.77639770507812, 83.17333984375, 30.693984985351562, -23.75811195373535, -47.443660736083984, -63.974308013916016, -66.04877471923828, -71.06354522705078, -49.721763610839844, 10.559795379638672], [-527.6079711914062, 189.96768188476562, 351.3144836425781, -69.05936431884766, 32.173213958740234, 98.93488311767578, -61.30532455444336, -32.318965911865234, -65.91658020019531, -63.93314743041992, -55.707984924316406, -35.91569137573242, 13.516134262084961], [406.4827880859375, -75.77639770507812, -69.05936431884766, 278.61962890625, 4.434154033660889, -7.137031078338623, 93.93502807617188, 6.787776947021484, 26.89055633544922, -1.455171823501587, -40.522979736328125, -28.19075584411621, -49.85908126831055], [-126.67274475097656, 83.17333984375, 32.173213958740234, 4.434154033660889, 111.98395538330078, 17.236953735351562, -27.537044525146484, 13.101099014282227, 0.590106189250946, -14.451214790344238, -8.100571632385254, -3.4225611686706543, -9.564009666442871], [-183.89541625976562, 30.693984985351562, 98.93488311767578, -7.137031078338623, 17.236953735351562, 101.03711700439453, 5.238631248474121, -14.908489227294922, -14.380630493164062, -16.306297302246094, -8.977988243103027, -1.05097234249115, -3.927276134490967], [247.24658203125, -23.75811195373535, -61.30532455444336, 93.93502807617188, -27.537044525146484, 5.238631248474121, 143.34649658203125, 22.88620376586914, -2.311929702758789, 28.934925079345703, -14.824187278747559, -29.73137855529785, -28.356075286865234], [-113.38529968261719, -47.443660736083984, -32.318965911865234, 6.787776947021484, 13.101099014282227, -14.908489227294922, 22.88620376586914, 108.98056030273438, 55.8989372253418, 17.72234344482422, 18.849136352539062, -13.17349624633789, -22.556917190551758], [21.640378952026367, -63.974308013916016, -65.91658020019531, 26.89055633544922, 0.590106189250946, -14.380630493164062, -2.311929702758789, 55.8989372253418, 90.83438110351562, 32.35773468017578, 28.542699813842773, 12.78997802734375, -13.70552921295166], [129.48873901367188, -66.04877471923828, -63.93314743041992, -1.455171823501587, -14.451214790344238, -16.306297302246094, 28.934925079345703, 17.72234344482422, 32.35773468017578, 73.72321319580078, 50.208560943603516, 11.493189811706543, -3.7029426097869873], [32.20611572265625, -71.06354522705078, -55.707984924316406, -40.522979736328125, -8.100571632385254, -8.977988243103027, -14.824187278747559, 18.849136352539062, 28.542699813842773, 50.208560943603516, 95.30188751220703, 47.12417984008789, -1.230593204498291], [-1.5131622552871704, -49.721763610839844, -35.91569137573242, -28.19075584411621, -3.4225611686706543, -1.05097234249115, -29.73137855529785, -13.17349624633789, 12.78997802734375, 11.493189811706543, 47.12417984008789, 75.85884857177734, 36.44388961791992], [-85.16578674316406, 10.559795379638672, 13.516134262084961, -49.85908126831055, -9.564009666442871, -3.927276134490967, -28.356075286865234, -22.556917190551758, -13.70552921295166, -3.7029426097869873, -1.230593204498291, 36.44388961791992, 73.74736785888672]], "lowlevel.gfcc.icov": [[0.001084210816770792, -0.002764097647741437, 0.0023578309919685125, -0.0023290133103728294, 0.0028550876304507256, -0.00045046446030028164, 0.0014854344772174954, -0.00033693070872686803, 0.0018082385649904609, -0.003194916294887662, 0.00047084997640922666, -0.0017222082242369652, 0.0014900651294738054], [-0.002764097647741437, 0.01999846287071705, -0.012796981260180473, 0.012121172621846199, -0.019181637093424797, 0.008858785033226013, -0.014713862910866737, 0.012154366821050644, -0.01278973650187254, 0.019518865272402763, -0.004847942851483822, 0.012806753627955914, -0.007277567405253649], [0.0023578309919685125, -0.012796981260180473, 0.015082518570125103, -0.008228137157857418, 0.012792117893695831, -0.011182708665728569, 0.012867672368884087, -0.008525488898158073, 0.011999741196632385, -0.012950045987963676, 0.0043409052304923534, -0.0047827064990997314, 0.0036473367363214493], [-0.0023290133103728294, 0.012121172621846199, -0.008228137157857418, 0.014475676231086254, -0.013102910481393337, 0.006002962589263916, -0.013246924616396427, 0.008968992158770561, -0.012031421065330505, 0.014136585406959057, 0.0001821436599129811, 0.005555771756917238, -0.0011288771638646722], [0.0028550876304507256, -0.019181637093424797, 0.012792117893695831, -0.013102910481393337, 0.02946341224014759, -0.010956747457385063, 0.018646102398633957, -0.015309763140976429, 0.01544944103807211, -0.020899368450045586, 0.007588151376694441, -0.014242683537304401, 0.009551643393933773], [-0.00045046446030028164, 0.008858785033226013, -0.011182708665728569, 0.006002962589263916, -0.010956747457385063, 0.022087082266807556, -0.013938839547336102, 0.011407447047531605, -0.010508311912417412, 0.012154222466051579, -0.004796893801540136, 0.0020956394728273153, -0.0002540576388128102], [0.0014854344772174954, -0.014713862910866737, 0.012867672368884087, -0.013246924616396427, 0.018646102398633957, -0.013938839547336102, 0.029553113505244255, -0.018476836383342743, 0.020612522959709167, -0.026562927290797234, 0.011603315360844135, -0.009604469873011112, 0.007332468871027231], [-0.00033693070872686803, 0.012154366821050644, -0.008525488898158073, 0.008968992158770561, -0.015309763140976429, 0.011407447047531605, -0.018476836383342743, 0.03010515123605728, -0.023467645049095154, 0.019762905314564705, -0.012309250421822071, 0.015797488391399384, -0.005158477462828159], [0.0018082385649904609, -0.01278973650187254, 0.011999741196632385, -0.012031421065330505, 0.01544944103807211, -0.010508311912417412, 0.020612522959709167, -0.023467645049095154, 0.036862727254629135, -0.027094371616840363, 0.011344379745423794, -0.01631208136677742, 0.009518220089375973], [-0.003194916294887662, 0.019518865272402763, -0.012950045987963676, 0.014136585406959057, -0.020899368450045586, 0.012154222466051579, -0.026562927290797234, 0.019762905314564705, -0.027094371616840363, 0.0573878176510334, -0.03011498600244522, 0.02666357345879078, -0.016618117690086365], [0.00047084997640922666, -0.004847942851483822, 0.0043409052304923534, 0.0001821436599129811, 0.007588151376694441, -0.004796893801540136, 0.011603315360844135, -0.012309250421822071, 0.011344379745423794, -0.03011498600244522, 0.04137266054749489, -0.03014039807021618, 0.018171710893511772], [-0.0017222082242369652, 0.012806753627955914, -0.0047827064990997314, 0.005555771756917238, -0.014242683537304401, 0.0020956394728273153, -0.009604469873011112, 0.015797488391399384, -0.01631208136677742, 0.02666357345879078, -0.03014039807021618, 0.0499536469578743, -0.026667768135666847], [0.0014900651294738054, -0.007277567405253649, 0.0036473367363214493, -0.0011288771638646722, 0.009551643393933773, -0.0002540576388128102, 0.007332468871027231, -0.005158477462828159, 0.009518220089375973, -0.016618117690086365, 0.018171710893511772, -0.026667768135666847, 0.0317738801240921]], "lowlevel.mfcc.cov": [[2367.176513671875, 55.7015495300293, -734.8309326171875, 648.1266479492188, -406.4563903808594, 120.0640869140625, 80.25496673583984, -101.8464584350586, 31.189794540405273, 22.402729034423828, 136.37313842773438, 27.558183670043945, 54.06760025024414], [55.7015495300293, 303.7213134765625, 88.88763427734375, -81.6972885131836, 60.891212463378906, 14.813024520874023, 24.10377311706543, -27.014076232910156, -7.685224533081055, -33.407188415527344, -34.387657165527344, -37.31991958618164, -74.14163208007812], [-734.8309326171875, 88.88763427734375, 436.0, -172.97235107421875, 126.69805908203125, 37.22542953491211, -5.601465702056885, 46.034847259521484, 7.037396430969238, -18.275691986083984, -72.24024200439453, -43.946693420410156, -81.02063751220703], [648.1266479492188, -81.6972885131836, -172.97235107421875, 328.093994140625, -101.0621109008789, 26.007911682128906, 37.60744857788086, -4.876346588134766, 39.42255401611328, 34.472129821777344, 44.68577575683594, 11.377320289611816, 33.579376220703125], [-406.4563903808594, 60.891212463378906, 126.69805908203125, -101.0621109008789, 193.4731903076172, -12.569478988647461, -27.4854793548584, 38.820701599121094, -16.87735366821289, -11.336365699768066, -26.19002914428711, -20.63469696044922, -6.653608798980713], [120.0640869140625, 14.813024520874023, 37.22542953491211, 26.007911682128906, -12.569478988647461, 120.22270202636719, 28.170278549194336, 2.7802982330322266, 4.349143028259277, -23.39594841003418, -1.3384506702423096, -22.02949333190918, -27.704416275024414], [80.25496673583984, 24.10377311706543, -5.601465702056885, 37.60744857788086, -27.4854793548584, 28.170278549194336, 83.8700180053711, 6.990036964416504, 11.894977569580078, 14.96364688873291, 2.408123016357422, -3.9249603748321533, -12.71791934967041], [-101.8464584350586, -27.014076232910156, 46.034847259521484, -4.876346588134766, 38.820701599121094, 2.7802982330322266, 6.990036964416504, 73.59402465820312, 14.980792999267578, 4.468353748321533, 5.433115482330322, -2.125946044921875, 8.318474769592285], [31.189794540405273, -7.685224533081055, 7.037396430969238, 39.42255401611328, -16.87735366821289, 4.349143028259277, 11.894977569580078, 14.980792999267578, 75.75320434570312, 23.926563262939453, -16.091535568237305, 12.686205863952637, -5.198299884796143], [22.402729034423828, -33.407188415527344, -18.275691986083984, 34.472129821777344, -11.336365699768066, -23.39594841003418, 14.96364688873291, 4.468353748321533, 23.926563262939453, 92.52525329589844, 37.56927490234375, 13.327799797058105, 32.616336822509766], [136.37313842773438, -34.387657165527344, -72.24024200439453, 44.68577575683594, -26.19002914428711, -1.3384506702423096, 2.408123016357422, 5.433115482330322, -16.091535568237305, 37.56927490234375, 106.09539031982422, 31.341955184936523, 22.665082931518555], [27.558183670043945, -37.31991958618164, -43.946693420410156, 11.377320289611816, -20.63469696044922, -22.02949333190918, -3.9249603748321533, -2.125946044921875, 12.686205863952637, 13.327799797058105, 31.341955184936523, 76.13408660888672, 44.75675582885742], [54.06760025024414, -74.14163208007812, -81.02063751220703, 33.579376220703125, -6.653608798980713, -27.704416275024414, -12.71791934967041, 8.318474769592285, -5.198299884796143, 32.616336822509766, 22.665082931518555, 44.75675582885742, 105.82010650634766]], "lowlevel.mfcc.icov": [[0.01619860716164112, -0.02027750387787819, 0.021195221692323685, -0.022109229117631912, 0.020046429708600044, -0.01936037465929985, 0.01619972474873066, -0.014563150703907013, 0.013330359943211079, -0.010769033804535866, 0.008156385272741318, -0.006699425633996725, 0.005104338750243187], [-0.02027750387787819, 0.030449798330664635, -0.026752924546599388, 0.02840108424425125, -0.027183599770069122, 0.024826865643262863, -0.023004820570349693, 0.021704763174057007, -0.01807926781475544, 0.01513406727463007, -0.011144334450364113, 0.009511712938547134, -0.004670005291700363], [0.021195221692323685, -0.026752924546599388, 0.032514218240976334, -0.027529088780283928, 0.024882830679416656, -0.027540957555174828, 0.022308096289634705, -0.02222611755132675, 0.01896131969988346, -0.017444446682929993, 0.014218020252883434, -0.01084090769290924, 0.01068698987364769], [-0.022109229117631912, 0.02840108424425125, -0.027529088780283928, 0.03532992675900459, -0.02650214545428753, 0.02554395981132984, -0.02365303970873356, 0.020358441397547722, -0.02159302681684494, 0.015209580771625042, -0.013003585860133171, 0.011506468988955021, -0.008345306850969791], [0.020046429708600044, -0.027183599770069122, 0.024882830679416656, -0.02650214545428753, 0.033837396651506424, -0.023624951019883156, 0.023095345124602318, -0.0233057402074337, 0.0189703069627285, -0.014505633153021336, 0.011465368792414665, -0.007594603579491377, 0.0048823244869709015], [-0.01936037465929985, 0.024826865643262863, -0.027540957555174828, 0.02554395981132984, -0.023624951019883156, 0.035197436809539795, -0.024008475244045258, 0.01983623206615448, -0.019693585112690926, 0.01955932378768921, -0.014507072046399117, 0.013130389153957367, -0.00806341040879488], [0.01619972474873066, -0.023004820570349693, 0.022308096289634705, -0.02365303970873356, 0.023095345124602318, -0.024008475244045258, 0.033800870180130005, -0.02079562097787857, 0.01746797189116478, -0.018177488818764687, 0.012839303351938725, -0.01074027456343174, 0.009307771921157837], [-0.014563150703907013, 0.021704763174057007, -0.02222611755132675, 0.020358441397547722, -0.0233057402074337, 0.01983623206615448, -0.02079562097787857, 0.0365169495344162, -0.0225189458578825, 0.01748466305434704, -0.01599152199923992, 0.013232204131782055, -0.011138360016047955], [0.013330359943211079, -0.01807926781475544, 0.01896131969988346, -0.02159302681684494, 0.0189703069627285, -0.019693585112690926, 0.01746797189116478, -0.0225189458578825, 0.038299378007650375, -0.023012259975075722, 0.020741276443004608, -0.01918352209031582, 0.014443659223616123], [-0.010769033804535866, 0.01513406727463007, -0.017444446682929993, 0.015209580771625042, -0.014505633153021336, 0.01955932378768921, -0.018177488818764687, 0.01748466305434704, -0.023012259975075722, 0.03185645118355751, -0.01946858875453472, 0.015106375329196453, -0.014595991000533104], [0.008156385272741318, -0.011144334450364113, 0.014218020252883434, -0.013003585860133171, 0.011465368792414665, -0.014507072046399117, 0.012839303351938725, -0.01599152199923992, 0.020741276443004608, -0.01946858875453472, 0.026202339679002762, -0.016535524278879166, 0.011160941794514656], [-0.006699425633996725, 0.009511712938547134, -0.01084090769290924, 0.011506468988955021, -0.007594603579491377, 0.013130389153957367, -0.01074027456343174, 0.013232204131782055, -0.01918352209031582, 0.015106375329196453, -0.016535524278879166, 0.03073926642537117, -0.016293274238705635], [0.005104338750243187, -0.004670005291700363, 0.01068698987364769, -0.008345306850969791, 0.0048823244869709015, -0.00806341040879488, 0.009307771921157837, -0.011138360016047955, 0.014443659223616123, -0.014595991000533104, 0.011160941794514656, -0.016293274238705635, 0.02429991029202938]], "metadata.audio_properties.analysis.downmix": "mix", "metadata.audio_properties.codec": "mp3", "metadata.audio_properties.md5_encoded": "434d1bcddd760e25e32a357c0c9d845d", "metadata.tags.file_name": "1182271290346848286.mp3", "metadata.version.essentia": "2.1-beta6-dev", "metadata.version.essentia_git_sha": "v2.1_beta5-1110-g77a6a954", "metadata.version.extractor": "music 2.0", "tonal.chords_key": "C", "tonal.chords_scale": "major", "tonal.key_edma.key": "C", "tonal.key_edma.scale": "major", "tonal.key_krumhansl.key": "C", "tonal.key_krumhansl.scale": "major", "tonal.key_temperley.key": "C", "tonal.key_temperley.scale": "major", "metadata.tags.encoding": ["Lavf58.45.100"]}, "essentia_models": [{"model_name": "genre_dortmund", "activations": {"alternative": "0.0863306", "blues": "0.013304083", "electronic": "0.023842083", "folkcountry": "0.35053602", "funksoulrnb": "0.008435411", "jazz": "0.40000963", "pop": "0.043687973", "raphiphop": "0.014862908", "rock": "0.017547995"}}, {"model_name": "genre_rosamerica", "activations"