{"song_id": "1182271285796020234", "download": "https://cdn.discordapp.com/attachments/1128313332273782784/1182271285796020234/chirp.mp4?ex=658416f0&amp", "lyrics": "it's not TV it's live you can also watch it on TV when it's live but it's not TV it's just live if you're ready for this live show, do like us, turn on the TV but not and a TV is a live show twich, facebook and instagram, from smartphone, tablet and TV. I don't know how to tell you anymore, it's not TV, you can watch it on TV but it's live, it's not TV. Now live, remember, it's not TV.", "style": ["\u0440\u043e\u0440 female voice"], "essentia_features": {"lowlevel.average_loudness": 0.9716765880584717, "lowlevel.barkbands_crest.mean": 12.625255584716797, "lowlevel.barkbands_crest.stdev": 5.495076656341553, "lowlevel.barkbands_flatness_db.mean": 0.1396089792251587, "lowlevel.barkbands_flatness_db.stdev": 0.06330928206443787, "lowlevel.barkbands_kurtosis.mean": 13.687472343444824, "lowlevel.barkbands_kurtosis.stdev": 21.434621810913086, "lowlevel.barkbands_skewness.mean": 2.708422899246216, "lowlevel.barkbands_skewness.stdev": 2.2174606323242188, "lowlevel.barkbands_spread.mean": 26.289901733398438, "lowlevel.barkbands_spread.stdev": 20.888750076293945, "lowlevel.dissonance.mean": 0.4738927185535431, "lowlevel.dissonance.stdev": 0.021829349920153618, "lowlevel.dynamic_complexity": 2.6476564407348633, "lowlevel.erbbands_crest.mean": 7.594193458557129, "lowlevel.erbbands_crest.stdev": 3.908951997756958, "lowlevel.erbbands_flatness_db.mean": 0.10846667736768723, "lowlevel.erbbands_flatness_db.stdev": 0.034366022795438766, "lowlevel.erbbands_kurtosis.mean": 0.13379156589508057, "lowlevel.erbbands_kurtosis.stdev": 2.002902030944824, "lowlevel.erbbands_skewness.mean": 0.044762469828128815, "lowlevel.erbbands_skewness.stdev": 0.7840578556060791, "lowlevel.erbbands_spread.mean": 59.24180603027344, "lowlevel.erbbands_spread.stdev": 23.948732376098633, "lowlevel.hfc.mean": 32.953128814697266, "lowlevel.hfc.stdev": 32.63721466064453, "lowlevel.loudness_ebu128.integrated": -11.679616928100586, "lowlevel.loudness_ebu128.loudness_range": 1.3249883651733398, "lowlevel.loudness_ebu128.momentary.mean": -12.115504264831543, "lowlevel.loudness_ebu128.momentary.stdev": 2.1636812686920166, "lowlevel.loudness_ebu128.short_term.mean": -11.689396858215332, "lowlevel.loudness_ebu128.short_term.stdev": 0.4569423198699951, "lowlevel.melbands_crest.mean": 19.86266326904297, "lowlevel.melbands_crest.stdev": 7.5854411125183105, "lowlevel.melbands_flatness_db.mean": 0.21357205510139465, "lowlevel.melbands_flatness_db.stdev": 0.08825841546058655, "lowlevel.melbands_kurtosis.mean": 48.53339767456055, "lowlevel.melbands_kurtosis.stdev": 58.14202880859375, "lowlevel.melbands_skewness.mean": 5.082916736602783, "lowlevel.melbands_skewness.stdev": 3.282398223876953, "lowlevel.melbands_spread.mean": 24.560287475585938, "lowlevel.melbands_spread.stdev": 32.697696685791016, "lowlevel.pitch_salience.mean": 0.4625183641910553, "lowlevel.pitch_salience.stdev": 0.1571846604347229, "lowlevel.silence_rate_20dB.mean": 1.0, "lowlevel.silence_rate_20dB.stdev": 0.0, "lowlevel.silence_rate_30dB.mean": 0.8304383754730225, "lowlevel.silence_rate_30dB.stdev": 0.3752445578575134, "lowlevel.silence_rate_60dB.mean": 0.06617038697004318, "lowlevel.silence_rate_60dB.stdev": 0.24858073890209198, "lowlevel.spectral_centroid.mean": 1526.77001953125, "lowlevel.spectral_centroid.stdev": 898.3630981445312, "lowlevel.spectral_complexity.mean": 18.277088165283203, "lowlevel.spectral_complexity.stdev": 10.542760848999023, "lowlevel.spectral_decrease.mean": -1.528251303284378e-08, "lowlevel.spectral_decrease.stdev": 1.3820115718488069e-08, "lowlevel.spectral_energy.mean": 0.060668736696243286, "lowlevel.spectral_energy.stdev": 0.05261703208088875, "lowlevel.spectral_energyband_high.mean": 0.0023314051795750856, "lowlevel.spectral_energyband_high.stdev": 0.0034228411968797445, "lowlevel.spectral_energyband_low.mean": 0.04051424562931061, "lowlevel.spectral_energyband_low.stdev": 0.0498562827706337, "lowlevel.spectral_energyband_middle_high.mean": 0.004441062919795513, "lowlevel.spectral_energyband_middle_high.stdev": 0.006226785015314817, "lowlevel.spectral_energyband_middle_low.mean": 0.014862527139484882, "lowlevel.spectral_energyband_middle_low.stdev": 0.017596185207366943, "lowlevel.spectral_entropy.mean": 7.945958614349365, "lowlevel.spectral_entropy.stdev": 0.4280437231063843, "lowlevel.spectral_flux.mean": 0.12671692669391632, "lowlevel.spectral_flux.stdev": 0.09111874550580978, "lowlevel.spectral_kurtosis.mean": 2.6049911975860596, "lowlevel.spectral_kurtosis.stdev": 1.8536404371261597, "lowlevel.spectral_rms.mean": 0.006909087300300598, "lowlevel.spectral_rms.stdev": 0.003384289564564824, "lowlevel.spectral_rolloff.mean": 1841.5247802734375, "lowlevel.spectral_rolloff.stdev": 2804.53759765625, "lowlevel.spectral_skewness.mean": 1.3608211278915405, "lowlevel.spectral_skewness.stdev": 0.4286983013153076, "lowlevel.spectral_spread.mean": 6699939.0, "lowlevel.spectral_spread.stdev": 1704668.125, "lowlevel.spectral_strongpeak.mean": 0.6765846610069275, "lowlevel.spectral_strongpeak.stdev": 0.7220204472541809, "lowlevel.zerocrossingrate.mean": 0.07727202028036118, "lowlevel.zerocrossingrate.stdev": 0.06666048616170883, "metadata.audio_properties.analysis.equal_loudness": 0.0, "metadata.audio_properties.analysis.length": 28.03199577331543, "metadata.audio_properties.analysis.sample_rate": 44100.0, "metadata.audio_properties.analysis.start_time": 0.0, "metadata.audio_properties.bit_rate": 119062.0, "metadata.audio_properties.length": 28.031999588012695, "metadata.audio_properties.lossless": 0.0, "metadata.audio_properties.number_channels": 1.0, "metadata.audio_properties.replay_gain": -13.480453491210938, "metadata.audio_properties.sample_rate": 48000.0, "rhythm.beats_count": 48.0, "rhythm.beats_loudness.mean": 0.0670965239405632, "rhythm.beats_loudness.stdev": 0.03793981671333313, "rhythm.bpm": 103.95016479492188, "rhythm.bpm_histogram_first_peak_bpm": 103.0, "rhythm.bpm_histogram_first_peak_weight": 0.20454543828964233, "rhythm.bpm_histogram_second_peak_bpm": 108.0, "rhythm.bpm_histogram_second_peak_spread": 0.0, "rhythm.bpm_histogram_second_peak_weight": 0.06382978707551956, "rhythm.danceability": 1.482539415359497, "rhythm.onset_rate": 5.5972065925598145, "tonal.chords_changes_rate": 0.06942148506641388, "tonal.chords_number_rate": 0.00991735514253378, "tonal.chords_strength.mean": 0.5196357369422913, "tonal.chords_strength.stdev": 0.07989656180143356, "tonal.hpcp_crest.mean": 13.588850975036621, "tonal.hpcp_crest.stdev": 6.720339775085449, "tonal.hpcp_entropy.mean": 2.0547971725463867, "tonal.hpcp_entropy.stdev": 0.743940532207489, "tonal.key_edma.strength": 0.8241843581199646, "tonal.key_krumhansl.strength": 0.8184353709220886, "tonal.key_temperley.strength": 0.8184478878974915, "tonal.tuning_diatonic_strength": 0.6673346161842346, "tonal.tuning_equal_tempered_deviation": 0.2501012086868286, "tonal.tuning_frequency": 434.193115234375, "tonal.tuning_nontempered_energy_ratio": 0.9480948448181152, "lowlevel.barkbands.mean": [0.004767135716974735, 0.026880599558353424, 0.007430960889905691, 0.006090703420341015, 0.005609632469713688, 0.001450817217119038, 0.000603460764978081, 0.00043662847019732, 0.0005722346832044423, 0.0005509600159712136, 0.0008510677726007998, 0.0006412824150174856, 0.0003788050089497119, 0.0004776150162797421, 0.0002996804832946509, 0.0002794066967908293, 0.0002774310705717653, 0.0002884975401684642, 0.0003106778603978455, 0.00029036685009486973, 0.0002604338515084237, 0.00025457493029534817, 0.0004068231792189181, 0.0005156805273145437, 0.0004840940819121897, 0.0002526962198317051, 6.486769507318968e-06], "lowlevel.barkbands.stdev": [0.008354872465133667, 0.03433755785226822, 0.020744850859045982, 0.008856954984366894, 0.009247318841516972, 0.0027625071816146374, 0.0012296177446842194, 0.0008026438299566507, 0.0011199022410437465, 0.0012123777996748686, 0.002442344557493925, 0.001261314726434648, 0.0010433070128783584, 0.0011150165228173137, 0.0005824455292895436, 0.0004280639404896647, 0.0004226882883813232, 0.0004758425347972661, 0.00047138359514065087, 0.00042631899123080075, 0.0003938178124371916, 0.0004055708704981953, 0.0007757574203424156, 0.0010900449706241488, 0.0008195052505470812, 0.0003926017670892179, 1.9114213500870392e-05], "lowlevel.erbbands.mean": [1.1207926273345947, 4.6755475997924805, 8.869903564453125, 13.683253288269043, 31.450870513916016, 8.531510353088379, 6.219478607177734, 14.292078971862793, 10.897892951965332, 8.64470100402832, 9.265125274658203, 11.5922269821167, 15.779359817504883, 28.84197998046875, 33.89483642578125, 19.841066360473633, 16.03920555114746, 25.10005760192871, 18.764232635498047, 15.005770683288574, 15.968473434448242, 16.786439895629883, 15.942488670349121, 14.741276741027832, 15.678472518920898, 13.859123229980469, 12.80760383605957, 8.429769515991211, 8.872323989868164, 10.41288948059082, 11.656250953674316, 10.647178649902344, 8.691113471984863, 5.962699890136719, 3.1070005893707275, 1.4171046018600464, 0.404351145029068, 0.04604272544384003, 0.0010685171000659466, 0.00011364318197593093], "lowlevel.erbbands.stdev": [1.5484353303909302, 6.916225910186768, 22.85481834411621, 22.818429946899414, 47.992774963378906, 15.92297649383545, 11.098471641540527, 29.78957748413086, 20.37409210205078, 19.15366554260254, 15.09737491607666, 20.896087646484375, 33.57138442993164, 73.88201141357422, 82.53887176513672, 35.51571273803711, 39.82858657836914, 64.99407958984375, 38.357975006103516, 22.847509384155273, 23.573684692382812, 25.179407119750977, 25.923433303833008, 22.152650833129883, 23.916868209838867, 20.072214126586914, 18.73525619506836, 13.282665252685547, 14.72249698638916, 17.518857955932617, 22.625999450683594, 23.110830307006836, 17.975818634033203, 10.569084167480469, 5.146319389343262, 2.263538122177124, 0.6396432518959045, 0.08341243863105774, 0.0019919476471841335, 9.384982695337385e-05], "lowlevel.gfcc.mean": [31.91643714904785, 52.61111831665039, -88.44254302978516, 39.659263610839844, -52.053768157958984, 27.823469161987305, -42.026329040527344, 16.92349624633789, -34.27604675292969, 4.663520812988281, -21.199575424194336, 2.7644309997558594, -14.16285228729248], "lowlevel.melbands.mean": [0.00875232182443142, 0.004966640844941139, 0.003119067056104541, 0.0014279766473919153, 0.00020300628966651857, 0.00030847714515402913, 0.00015754278865642846, 9.722542017698288e-05, 7.213688513729721e-05, 7.815971184754744e-05, 7.835254655219615e-05, 0.00011234907287871465, 0.000118822674266994, 8.544379670638591e-05, 2.7758656869991682e-05, 4.406968946568668e-05, 4.558682121569291e-05, 3.161482163704932e-05, 2.127326479239855e-05, 1.8650913261808455e-05, 1.8295677364221774e-05, 1.6829810192575678e-05, 1.675387829891406e-05, 1.244915256393142e-05, 1.1697756235662382e-05, 1.20807126222644e-05, 1.0255641427647788e-05, 8.872556463757064e-06, 8.366108886548318e-06, 6.3799534473218955e-06, 4.370614078652579e-06, 4.803501724381931e-06, 5.2532573135977145e-06, 6.124303126853192e-06, 6.506276349682594e-06, 7.036127499304712e-06, 6.3686502471682616e-06, 6.342405868053902e-06, 5.2765485634154174e-06, 4.990842171537224e-06], "lowlevel.melbands.stdev": [0.011163393966853619, 0.009906782768666744, 0.004239762667566538, 0.002268186304718256, 0.00038273283280432224, 0.0006136389565654099, 0.00029431190341711044, 0.0002030254399869591, 0.00011694030399667099, 0.00015087980136740953, 0.00016847481310833246, 0.0002839575463440269, 0.0003198905324097723, 0.0001669064222369343, 5.895599679206498e-05, 0.00012659549247473478, 0.00011956052912864834, 6.944943743292242e-05, 3.745442518265918e-05, 2.9790822736686096e-05, 2.8028489396092482e-05, 2.6377263566246256e-05, 2.8001624741591513e-05, 2.0989733457099646e-05, 1.7969030523090623e-05, 1.9030288967769593e-05, 1.6228656022576615e-05, 1.3116963600623421e-05, 1.2008143130515236e-05, 1.0092348020407371e-05, 7.14965653969557e-06, 8.148769666149747e-06, 8.535149390809238e-06, 1.1138478839711752e-05, 1.2578137102536857e-05, 1.5469460777239874e-05, 1.4190743058861699e-05, 1.389839599141851e-05, 1.014828376355581e-05, 8.869021257851273e-06], "lowlevel.melbands128.mean": [0.004065325018018484, 0.010277336463332176, 0.01023613940924406, 0.0068792072124779224, 0.004951874725520611, 0.0033376100473105907, 0.002311265328899026, 0.0035702241584658623, 0.003823651000857353, 0.0010342936730012298, 0.00020145020971540362, 0.00018343083502259105, 0.00019452204287517816, 0.00022541343059856445, 0.0003416535328142345, 0.00036669414839707315, 0.00021740740339737386, 0.00011413879110477865, 8.156913099810481e-05, 9.599422628525645e-05, 0.00010535204637562856, 0.00010797256982186809, 4.805952266906388e-05, 6.453984678955749e-05, 6.755040521966293e-05, 8.505995356244966e-05, 0.00010728093184297904, 5.577815682045184e-05, 8.308226824738085e-05, 8.296222222270444e-05, 0.00013632423360832036, 0.00014300724433269352, 0.00012020402209600434, 8.437575888819993e-05, 0.0001411657576682046, 7.01451426721178e-05, 2.5143737730104476e-05, 2.786400909826625e-05, 2.599510298750829e-05, 3.1453684641746804e-05, 4.3166295654373243e-05, 7.293137605302036e-05, 4.6589197154389694e-05, 2.8262553314561956e-05, 4.293164602131583e-05, 3.087312143179588e-05, 2.276490158692468e-05, 2.0846859115408733e-05, 2.1411919078673236e-05, 1.9483290088828653e-05, 1.737741331453435e-05, 1.81198374775704e-05, 2.1992771507939324e-05, 1.6670628610881977e-05, 1.3612499969894998e-05, 1.8665677998797037e-05, 1.749914554238785e-05, 1.648339457460679e-05, 1.8520588128012605e-05, 1.348758269159589e-05, 1.162156604550546e-05, 1.1628959327936172e-05, 1.1928709682251792e-05, 1.1230247764615342e-05, 1.2403009350236971e-05, 1.2225315913383383e-05, 1.2205864550196566e-05, 1.0421247679914813e-05, 9.603723810869269e-06, 1.0673938959371299e-05, 8.038366104301531e-06, 8.863702532835305e-06, 8.430656635027844e-06, 8.394947144552134e-06, 8.097148565866519e-06, 7.155510957090883e-06, 5.2594418775697704e-06, 4.494560471357545e-06, 4.260084551788168e-06, 4.164054189459421e-06, 4.628954229701776e-06, 5.08394759890507e-06, 5.309024800226325e-06, 5.248681191005744e-06, 5.178017090656795e-06, 5.59450609216583e-06, 6.770158051949693e-06, 6.617637609451776e-06, 6.136516731203301e-06, 6.44418742012931e-06, 7.82250936026685e-06, 6.963393389014527e-06, 6.400328857125714e-06, 6.0876936913700774e-06, 6.541945822391426e-06, 6.667745765298605e-06, 6.319064141280251e-06, 5.896350558032282e-06, 5.137860625836765e-06, 4.96018355988781e-06, 5.382884864957305e-06, 4.981836355000269e-06, 4.6887480493751355e-06, 3.90206469091936e-06, 3.2869359074538806e-06, 2.980944600494695e-06, 3.2047164495452307e-06, 2.998453965119552e-06, 2.354740672672051e-06, 2.0912707441311795e-06, 1.7951678046301822e-06, 1.4691388514620485e-06, 1.3247213246359024e-06, 9.197262897941982e-07, 6.702848054374044e-07, 4.7288943960666074e-07, 2.3058228748595866e-07, 4.2687993584422657e-08, 2.574775503916271e-09, 4.43154922480371e-11, 3.055256048156707e-11, 2.9803385453996967e-11, 2.8622892250806942e-11, 2.7775500649473983e-11, 2.1491562002262654e-11, 1.2966549708948172e-11, 7.660214476623572e-12, 6.930608430905094e-12], "lowlevel.melbands128.stdev": [0.007312856614589691, 0.015391497872769833, 0.014077864587306976, 0.011774757876992226, 0.013001742772758007, 0.009185215458273888, 0.004977670032531023, 0.00512693403288722, 0.006375922821462154, 0.0021509663201868534, 0.0006535351858474314, 0.00042290479177609086, 0.0004097582132089883, 0.00046314558130688965, 0.0008038002415560186, 0.0009384421864524484, 0.00048156335833482444, 0.000253272068221122, 0.0002778512716758996, 0.0002637911820784211, 0.00022702717978972942, 0.00020397758635226637, 0.00010056258906843141, 0.00015269698633346707, 0.0001515900221420452, 0.00023584795417264104, 0.0003377411630935967, 0.00015797179366927594, 0.00023691562819294631, 0.00022297858959063888, 0.0004840945184696466, 0.000466070108814165, 0.0004444147343747318, 0.00027223979122936726, 0.0003285174898337573, 0.00015427652397193015, 6.582195055671036e-05, 7.590572931803763e-05, 7.025114609859884e-05, 0.00011391461885068566, 0.00016862290794961154, 0.0002543524606153369, 0.00017658129218034446, 9.442074951948598e-05, 0.00010048680269392207, 0.00011032928887289017, 6.021576700732112e-05, 4.534382969723083e-05, 4.9473110266262665e-05, 3.114820356131531e-05, 4.039587656734511e-05, 4.040668864035979e-05, 3.795401789830066e-05, 2.915660479629878e-05, 2.4560153178754263e-05, 3.5719192965188995e-05, 3.2036339689511806e-05, 3.434339669183828e-05, 3.6839650420006365e-05, 2.5430554160266183e-05, 2.3890162992756814e-05, 2.0785249944310635e-05, 2.090163434331771e-05, 1.9294540834380314e-05, 2.1234956875559874e-05, 2.1024221496190876e-05, 2.2069973056204617e-05, 1.9278335457784124e-05, 1.9124345271848142e-05, 1.7968841348192655e-05, 1.3666042832483072e-05, 1.4661061868537217e-05, 1.3185464922571555e-05, 1.2562427400553133e-05, 1.5458528650924563e-05, 1.2311314094404224e-05, 8.097311365418136e-06, 9.633791705709882e-06, 7.574205028504366e-06, 7.0313903961505275e-06, 8.061713742790744e-06, 1.0321350600861479e-05, 9.933223736879881e-06, 8.925870133680291e-06, 8.932732271205168e-06, 1.0385794666945003e-05, 1.4636266314482782e-05, 1.377049193251878e-05, 1.314751170866657e-05, 1.3020929145568516e-05, 1.925710603245534e-05, 1.6259280528174713e-05, 1.5890333088464104e-05, 1.4766756066819653e-05, 1.5033850104373414e-05, 1.6614763808320276e-05, 1.4326335076475516e-05, 1.3094864698359743e-05, 1.0469648259459063e-05, 1.030664407153381e-05, 9.915834198181983e-06, 9.55492396315094e-06, 8.874158993421588e-06, 7.371696938207606e-06, 6.042660970706493e-06, 5.155686721991515e-06, 5.648927526635816e-06, 4.976795025868341e-06, 4.146424544160254e-06, 3.876319169648923e-06, 3.2346740681532538e-06, 2.5691281280160183e-06, 2.3171617158368463e-06, 1.6192958582905703e-06, 1.2754090903399629e-06, 1.0508701961953193e-06, 6.191089028106944e-07, 2.6898197802438517e-07, 3.242245583123804e-08, 5.908428191148118e-10, 4.5154294192606415e-10, 4.356326688270684e-10, 4.2280498546709566e-10, 3.915305024637661e-10, 2.7195209972852297e-10, 1.059239154721503e-10, 1.724884818310457e-11, 1.0930362517869163e-11], "lowlevel.mfcc.mean": [-619.7476806640625, 89.03877258300781, 21.374414443969727, 20.984134674072266, 16.2552433013916, 8.500879287719727, 10.663067817687988, 6.818299770355225, 1.9288966655731201, 0.9680378437042236, -3.8988263607025146, -2.3560678958892822, 1.4099270105361938], "lowlevel.spectral_contrast_coeffs.mean": [-0.6681264042854309, -0.7723206281661987, -0.7819018959999084, -0.8093064427375793, -0.8144567012786865, -0.791420578956604], "lowlevel.spectral_contrast_coeffs.stdev": [0.11528141796588898, 0.061527419835329056, 0.05946311354637146, 0.04081852361559868, 0.027655422687530518, 0.028923191130161285], "lowlevel.spectral_contrast_valleys.mean": [-6.732443809509277, -6.938473224639893, -7.302669525146484, -7.462887287139893, -7.17501163482666, -9.301719665527344], "lowlevel.spectral_contrast_valleys.stdev": [1.0782253742218018, 0.6988217234611511, 0.6794987916946411, 0.5849446058273315, 0.6379609107971191, 0.8038492202758789], "rhythm.beats_loudness_band_ratio.mean": [0.6191348433494568, 0.07709890604019165, 0.05469706282019615, 0.07866910845041275, 0.05837756767868996, 0.15452833473682404], "rhythm.beats_loudness_band_ratio.stdev": [0.28210774064064026, 0.08277161419391632, 0.045914020389318466, 0.08948756754398346, 0.05194556340575218, 0.1448538601398468], "tonal.hpcp.mean": [0.10561331361532211, 0.08454171568155289, 0.052122872322797775, 0.04637846350669861, 0.04845684766769409, 0.054915428161621094, 0.09586241841316223, 0.1149473562836647, 0.07219503074884415, 0.05258624255657196, 0.05453110486268997, 0.08102761954069138, 0.20684736967086792, 0.25847503542900085, 0.14882948994636536, 0.06804904341697693, 0.05254372954368591, 0.05399594083428383, 0.07039552927017212, 0.08247499912977219, 0.07560838758945465, 0.09181947261095047, 0.08919169753789902, 0.07845661044120789, 0.11167708784341812, 0.1246626153588295, 0.1451435089111328, 0.19849793612957, 0.18297983705997467, 0.12670762836933136, 0.09733480960130692, 0.0710940808057785, 0.06909099221229553, 0.12703093886375427, 0.15907448530197144, 0.1218375712633133], "tonal.hpcp.stdev": [0.23571434617042542, 0.2040603905916214, 0.1494196206331253, 0.12738129496574402, 0.13604359328746796, 0.15281817317008972, 0.20196744799613953, 0.2428828328847885, 0.18354815244674683, 0.16380463540554047, 0.15676487982273102, 0.18532389402389526, 0.3104231357574463, 0.3576521873474121, 0.2431597262620926, 0.17845559120178223, 0.1630982756614685, 0.1639275848865509, 0.1882186084985733, 0.1949782818555832, 0.19696739315986633, 0.20522890985012054, 0.2016087919473648, 0.17355877161026, 0.24811968207359314, 0.24966280162334442, 0.268118679523468, 0.31816840171813965, 0.2899523973464966, 0.2556277811527252, 0.22372780740261078, 0.1869989037513733, 0.176126629114151, 0.23115795850753784, 0.2711939513683319, 0.2285792976617813], "rhythm.beats_position": [0.6153287887573242, 1.2074376344680786, 1.7879364490509033, 2.3684353828430176, 2.937324285507202, 3.5062131881713867, 4.086711883544922, 4.667210578918457, 5.24770975112915, 5.8282084465026855, 6.408707141876221, 6.989206314086914, 7.5580949783325195, 8.138593673706055, 8.707483291625977, 9.287981986999512, 9.868480682373047, 10.448979377746582, 11.006258010864258, 11.586756706237793, 12.167256355285645, 12.74775505065918, 13.328253746032715, 13.90875244140625, 14.489251136779785, 15.06974983215332, 15.627029418945312, 16.20752716064453, 16.788026809692383, 17.368526458740234, 17.949024200439453, 18.517913818359375, 19.086801528930664, 19.667301177978516, 20.247800827026367, 20.828298568725586, 21.408798217773438, 21.989295959472656, 22.54657554626465, 23.1270751953125, 23.70757293701172, 24.28807258605957, 24.86857032775879, 25.44906997680664, 26.017959594726562, 26.58684730529785, 27.167346954345703, 27.747844696044922], "rhythm.bpm_histogram": [0.0, 0.0, 0.0, 0.0, 0.0, 0.0, 0.0, 0.0, 0.0, 0.0, 0.0, 0.0, 0.0, 0.0, 0.0, 0.0, 0.0, 0.0, 0.0, 0.0, 0.0, 0.0, 0.0, 0.0, 0.0, 0.0, 0.0, 0.0, 0.0, 0.0, 0.0, 0.0, 0.0, 0.0, 0.0, 0.0, 0.0, 0.0, 0.0, 0.0, 0.0, 0.0, 0.0, 0.0, 0.0, 0.0, 0.0, 0.0, 0.0, 0.0, 0.0, 0.0, 0.0, 0.0, 0.0, 0.0, 0.0, 0.0, 0.0, 0.0, 0.0, 0.0, 0.0, 0.0, 0.0, 0.0, 0.0, 0.0, 0.0, 0.0, 0.0, 0.0, 0.0, 0.0, 0.0, 0.0, 0.0, 0.0, 0.0, 0.0, 0.0, 0.0, 0.0, 0.0, 0.0, 0.0, 0.0, 0.0, 0.0, 0.0, 0.0, 0.0, 0.0, 0.0, 0.0, 0.0, 0.0, 0.0, 0.0, 0.0, 0.0, 0.021276595070958138, 0.0, 0.7446808218955994, 0.0, 0.1702127605676651, 0.0, 0.0, 0.06382978707551956, 0.0, 0.0, 0.0, 0.0, 0.0, 0.0, 0.0, 0.0, 0.0, 0.0, 0.0, 0.0, 0.0, 0.0, 0.0, 0.0, 0.0, 0.0, 0.0, 0.0, 0.0, 0.0, 0.0, 0.0, 0.0, 0.0, 0.0, 0.0, 0.0, 0.0, 0.0, 0.0, 0.0, 0.0, 0.0, 0.0, 0.0, 0.0, 0.0, 0.0, 0.0, 0.0, 0.0, 0.0, 0.0, 0.0, 0.0, 0.0, 0.0, 0.0, 0.0, 0.0, 0.0, 0.0, 0.0, 0.0, 0.0, 0.0, 0.0, 0.0, 0.0, 0.0, 0.0, 0.0, 0.0, 0.0, 0.0, 0.0, 0.0, 0.0, 0.0, 0.0, 0.0, 0.0, 0.0, 0.0, 0.0, 0.0, 0.0, 0.0, 0.0, 0.0, 0.0, 0.0, 0.0, 0.0, 0.0, 0.0, 0.0, 0.0, 0.0, 0.0, 0.0, 0.0, 0.0, 0.0, 0.0, 0.0, 0.0, 0.0, 0.0, 0.0, 0.0, 0.0, 0.0, 0.0, 0.0, 0.0, 0.0, 0.0, 0.0, 0.0, 0.0, 0.0, 0.0, 0.0, 0.0, 0.0, 0.0, 0.0, 0.0, 0.0, 0.0, 0.0, 0.0, 0.0, 0.0, 0.0, 0.0, 0.0, 0.0, 0.0, 0.0, 0.0, 0.0, 0.0, 0.0, 0.0, 0.0, 0.0, 0.0], "tonal.chords_histogram": [16.5289249420166, 5.950413227081299, 22.97520637512207, 0.0, 0.3305785059928894, 0.3305785059928894, 0.0, 33.71900939941406, 2.1487603187561035, 17.520660400390625, 0.3305785059928894, 0.1652892529964447, 0.0, 0.0, 0.0, 0.0, 0.0, 0.0, 0.0, 0.0, 0.0, 0.0, 0.0, 0.0], "tonal.thpcp": [1.0, 0.5757983326911926, 0.2632712423801422, 0.20328357815742493, 0.20890195667743683, 0.27234944701194763, 0.319083034992218, 0.29251718521118164, 0.35523536801338196, 0.34506890177726746, 0.3035365045070648, 0.43206140398979187, 0.48230040073394775, 0.5615378022193909, 0.767957866191864, 0.7079207301139832, 0.49021226167678833, 0.3765733540058136, 0.275052011013031, 0.26730239391326904, 0.4914630949497223, 0.6154346466064453, 0.47137075662612915, 0.4086016118526459, 0.32707884907722473, 0.2016553431749344, 0.17943111062049866, 0.18747206032276154, 0.21245931088924408, 0.37087690830230713, 0.4447135627269745, 0.2793114185333252, 0.20344805717468262, 0.21097242832183838, 0.3134833574295044, 0.8002605438232422], "lowlevel.gfcc.cov": [[3776.566162109375, -116.89189147949219, 530.4359741210938, 235.0758514404297, 200.91534423828125, 214.46885681152344, 274.52593994140625, 251.79249572753906, 131.05026245117188, 119.50664520263672, 52.892539978027344, 132.62484741210938, 61.6992301940918], [-116.89189147949219, 1264.8280029296875, 123.1492919921875, -11.03147029876709, 290.25811767578125, -6.027397632598877, 123.6186752319336, -43.738346099853516, 24.76715850830078, -11.89979362487793, 56.5584716796875, -55.803871154785156, 64.71438598632812], [530.4359741210938, 123.1492919921875, 688.4930419921875, 305.9297180175781, 223.49844360351562, 159.79776000976562, 130.993408203125, 122.42100524902344, 151.35147094726562, 96.53163146972656, 66.66129302978516, 42.97381591796875, 24.9764347076416], [235.0758514404297, -11.03147029876709, 305.9297180175781, 421.5328674316406, 146.20497131347656, 104.30933380126953, 122.92949676513672, 99.56486511230469, 141.26438903808594, 63.60072708129883, 75.71340942382812, 59.9364013671875, 61.70878219604492], [200.91534423828125, 290.25811767578125, 223.49844360351562, 146.20497131347656, 320.5290832519531, 155.99241638183594, 142.4829864501953, 101.2993392944336, 92.43980407714844, 73.70787811279297, 64.08321380615234, 20.746849060058594, 52.05717086791992], [214.46885681152344, -6.027397632598877, 159.79776000976562, 104.30933380126953, 155.99241638183594, 286.2088928222656, 191.82315063476562, 110.38334655761719, 120.91543579101562, 110.52207946777344, 91.55245208740234, 45.79839324951172, 54.52819061279297], [274.52593994140625, 123.6186752319336, 130.993408203125, 122.92949676513672, 142.4829864501953, 191.82315063476562, 286.1429443359375, 127.04410552978516, 125.31303405761719, 111.94317626953125, 89.55644226074219, 69.96934509277344, 60.43037414550781], [251.79249572753906, -43.738346099853516, 122.42100524902344, 99.56486511230469, 101.2993392944336, 110.38334655761719, 127.04410552978516, 164.74635314941406, 121.90447998046875, 78.84908294677734, 52.739013671875, 39.682159423828125, 36.24945068359375], [131.05026245117188, 24.76715850830078, 151.35147094726562, 141.26438903808594, 92.43980407714844, 120.91543579101562, 125.31303405761719, 121.90447998046875, 192.68821716308594, 123.20965576171875, 75.93875122070312, 39.9892692565918, 40.92768096923828], [119.50664520263672, -11.89979362487793, 96.53163146972656, 63.60072708129883, 73.70787811279297, 110.52207946777344, 111.94317626953125, 78.84908294677734, 123.20965576171875, 153.8231964111328, 83.29844665527344, 39.9200439453125, 25.336742401123047], [52.892539978027344, 56.5584716796875, 66.66129302978516, 75.71340942382812, 64.08321380615234, 91.55245208740234, 89.55644226074219, 52.739013671875, 75.93875122070312, 83.29844665527344, 114.25433349609375, 60.33418655395508, 40.60886001586914], [132.62484741210938, -55.803871154785156, 42.97381591796875, 59.9364013671875, 20.746849060058594, 45.79839324951172, 69.96934509277344, 39.682159423828125, 39.9892692565918, 39.9200439453125, 60.33418655395508, 91.84439086914062, 43.404930114746094], [61.6992301940918, 64.71438598632812, 24.9764347076416, 61.70878219604492, 52.05717086791992, 54.52819061279297, 60.43037414550781, 36.24945068359375, 40.92768096923828, 25.336742401123047, 40.60886001586914, 43.404930114746094, 75.84156799316406]], "lowlevel.gfcc.icov": [[0.0003399626293685287, -2.492215935490094e-05, -0.00022901645570527762, -5.949096248514252e-06, 7.962271047290415e-05, -6.0938131355214864e-05, -9.78568205027841e-05, -0.0005111348582431674, 0.0004078623896930367, -0.00023160081764217466, 0.00044615831575356424, -0.00046789011685177684, 2.254988248751033e-05], [-2.492215935490094e-05, 0.002538020722568035, -0.0007153362967073917, 0.0017696355935186148, -0.002825937932357192, 0.0030463566072285175, -0.0029536436777561903, 0.0033984798938035965, -0.0024466728791594505, 0.002910570241510868, -0.0038793126586824656, 0.004411593079566956, -0.002970767207443714], [-0.00022901645570527762, -0.0007153362967073917, 0.0030511890072375536, -0.002042333595454693, -0.0004310312506277114, -0.0015007295878604054, 0.0014206450432538986, -0.0007948018610477448, -5.1880746468668804e-05, -0.0010547394631430507, 0.0015949404332786798, -0.0019411194371059537, 0.0027136649005115032], [-5.949096248514252e-06, 0.0017696355935186148, -0.002042333595454693, 0.005917099304497242, -0.0024584908969700336, 0.0028159760404378176, -0.002583061344921589, 0.0028483683709055185, -0.004670511931180954, 0.004326601047068834, -0.003836461342871189, 0.002411832567304373, -0.0035384935326874256], [7.962271047290415e-05, -0.002825937932357192, -0.0004310312506277114, -0.0024584908969700336, 0.008948840200901031, -0.004512036684900522, 0.0022522893268615007, -0.005418031942099333, 0.004315140191465616, -0.003682041075080633, 0.0031108937691897154, -0.0018030967330560088, 0.0006531228427775204], [-6.0938131355214864e-05, 0.0030463566072285175, -0.0015007295878604054, 0.0028159760404378176, -0.004512036684900522, 0.011679324321448803, -0.006903314497321844, 0.003548166947439313, -0.0034112234134227037, 0.0026091686449944973, -0.007122197188436985, 0.007203930057585239, -0.005182445049285889], [-9.78568205027841e-05, -0.0029536436777561903, 0.0014206450432538986, -0.002583061344921589, 0.0022522893268615007, -0.006903314497321844, 0.012085971422493458, -0.0062322006560862064, 0.0028873502742499113, -0.005171406082808971, 0.005044437944889069, -0.007967871613800526, 0.0030283844098448753], [-0.0005111348582431674, 0.0033984798938035965, -0.0007948018610477448, 0.0028483683709055185, -0.005418031942099333, 0.003548166947439313, -0.0062322006560862064, 0.019189981743693352, -0.01127175148576498, 0.0054666344076395035, -0.004049841780215502, 0.004063504282385111, -0.003478941973298788], [0.0004078623896930367, -0.0024466728791594505, -5.1880746468668804e-05, -0.004670511931180954, 0.004315140191465616, -0.0034112234134227037, 0.0028873502742499113, -0.01127175148576498, 0.02127772569656372, -0.013080780394375324, 0.003622381715103984, -0.0015614680014550686, -7.732061021670233e-06], [-0.00023160081764217466, 0.002910570241510868, -0.0010547394631430507, 0.004326601047068834, -0.003682041075080633, 0.0026091686449944973, -0.005171406082808971, 0.0054666344076395035, -0.013080780394375324, 0.02256813459098339, -0.01246394868940115, 0.004924076143652201, 6.618572660954669e-05], [0.00044615831575356424, -0.0038793126586824656, 0.0015949404332786798, -0.003836461342871189, 0.0031108937691897154, -0.007122197188436985, 0.005044437944889069, -0.004049841780215502, 0.003622381715103984, -0.01246394868940115, 0.028394607827067375, -0.016731062904000282, 0.0030258975457400084], [-0.00046789011685177684, 0.004411593079566956, -0.0019411194371059537, 0.002411832567304373, -0.0018030967330560088, 0.007203930057585239, -0.007967871613800526, 0.004063504282385111, -0.0015614680014550686, 0.004924076143652201, -0.016731062904000282, 0.030689142644405365, -0.01364962663501501], [2.254988248751033e-05, -0.002970767207443714, 0.0027136649005115032, -0.0035384935326874256, 0.0006531228427775204, -0.005182445049285889, 0.0030283844098448753, -0.003478941973298788, -7.732061021670233e-06, 6.618572660954669e-05, 0.0030258975457400084, -0.01364962663501501, 0.026388613507151604]], "lowlevel.mfcc.cov": [[3327.967041015625, -211.10189819335938, 238.14772033691406, 132.27146911621094, 40.580684661865234, 82.83978271484375, 168.51124572753906, 198.38565063476562, 130.4902801513672, 145.03553771972656, 76.95632934570312, 80.72550201416016, 23.296066284179688], [-211.10189819335938, 1180.2254638671875, -71.23554992675781, 41.492279052734375, 101.13735961914062, 56.68901443481445, 106.7304916381836, -30.533536911010742, 25.150562286376953, -15.693733215332031, 23.6066837310791, -47.700714111328125, 8.083032608032227], [238.14772033691406, -71.23554992675781, 470.5980529785156, 182.6612548828125, 131.88990783691406, 107.88194274902344, 38.32063293457031, 77.95764923095703, 60.76396942138672, 92.19303894042969, 55.52703857421875, 84.74136352539062, 45.75016784667969], [132.27146911621094, 41.492279052734375, 182.6612548828125, 326.37213134765625, 111.0592269897461, 54.77189254760742, 27.59549331665039, 65.71907043457031, 55.24198532104492, 41.37150192260742, 20.920814514160156, 59.91005325317383, 34.52873611450195], [40.580684661865234, 101.13735961914062, 131.88990783691406, 111.0592269897461, 244.8372344970703, 72.41044616699219, 55.713897705078125, 41.8227653503418, 49.98600769042969, 62.04987716674805, 32.636112213134766, 35.22981643676758, 18.420583724975586], [82.83978271484375, 56.68901443481445, 107.88194274902344, 54.77189254760742, 72.41044616699219, 204.8240966796875, 117.06499481201172, 67.99858093261719, 67.44720458984375, 87.67522430419922, 76.40647888183594, 52.36964416503906, 43.027381896972656], [168.51124572753906, 106.7304916381836, 38.32063293457031, 27.59549331665039, 55.713897705078125, 117.06499481201172, 171.91314697265625, 85.9656753540039, 59.71829605102539, 56.4412841796875, 56.922935485839844, 31.062421798706055, 32.08625030517578], [198.38565063476562, -30.533536911010742, 77.95764923095703, 65.71907043457031, 41.8227653503418, 67.99858093261719, 85.9656753540039, 135.01019287109375, 79.20096588134766, 58.880889892578125, 39.771018981933594, 49.02169418334961, 31.19554901123047], [130.4902801513672, 25.150562286376953, 60.76396942138672, 55.24198532104492, 49.98600769042969, 67.44720458984375, 59.71829605102539, 79.20096588134766, 126.48106384277344, 94.46527862548828, 56.53297805786133, 45.95797348022461, 34.9066162109375], [145.03553771972656, -15.693733215332031, 92.19303894042969, 41.37150192260742, 62.04987716674805, 87.67522430419922, 56.4412841796875, 58.880889892578125, 94.46527862548828, 167.08364868164062, 97.12297058105469, 62.26449203491211, 36.99071502685547], [76.95632934570312, 23.6066837310791, 55.52703857421875, 20.920814514160156, 32.636112213134766, 76.40647888183594, 56.922935485839844, 39.771018981933594, 56.53297805786133, 97.12297058105469, 120.66302490234375, 62.57724380493164, 36.946781158447266], [80.72550201416016, -47.700714111328125, 84.74136352539062, 59.91005325317383, 35.22981643676758, 52.36964416503906, 31.062421798706055, 49.02169418334961, 45.95797348022461, 62.26449203491211, 62.57724380493164, 100.71998596191406, 55.08523941040039], [23.296066284179688, 8.083032608032227, 45.75016784667969, 34.52873611450195, 18.420583724975586, 43.027381896972656, 32.08625030517578, 31.19554901123047, 34.9066162109375, 36.99071502685547, 36.946781158447266, 55.08523941040039, 92.0011978149414]], "lowlevel.mfcc.icov": [[0.0003512591647449881, 5.87199283472728e-05, -0.000137189359520562, -5.7851721066981554e-05, 0.00011800247011706233, 0.0002362255909247324, -0.0003834266681224108, -0.00024955961271189153, -2.829558252415154e-05, -0.0002081681595882401, 5.577635965892114e-05, -6.708246019115904e-06, 0.00015611950948368758], [5.87199283472728e-05, 0.0011058901436626911, 0.0001806339860195294, -0.00030967307975515723, -0.0004306394257582724, 8.560105925425887e-05, -0.0010179999517276883, 0.0009987934026867151, -0.0006770174368284643, 0.0006060067098587751, -0.0006326938164420426, 0.0009466648916713893, -0.0003225878463126719], [-0.000137189359520562, 0.0001806339860195294, 0.0034988762345165014, -0.0011691147228702903, -0.000997350551187992, -0.0013160278322175145, 0.0011281749466434121, -0.0008171148947440088, 0.0008721246849745512, -0.0007876034360378981, 0.00025053255376406014, -0.0009735938510857522, -0.00011539409752003849], [-5.7851721066981554e-05, -0.00030967307975515723, -0.0011691147228702903, 0.004689029883593321, -0.0012061545858159661, -0.000167407255503349, 0.0009194589802064002, -0.001206358545459807, -0.0007842616178095341, 0.0007197756203822792, 0.0009150276309810579, -0.0017158439150080085, -6.037775528966449e-05], [0.00011800247011706233, -0.0004306394257582724, -0.000997350551187992, -0.0012061545858159661, 0.005937277805060148, -0.000359339959686622, -0.0011781181674450636, 0.0005417367210611701, -0.0003438396379351616, -0.001520129619166255, 0.0011065343860536814, -0.0005573310772888362, 0.0007940502837300301], [0.0002362255909247324, 8.560105925425887e-05, -0.0013160278322175145, -0.000167407255503349, -0.000359339959686622, 0.010406055487692356, -0.005953424144536257, 0.0008920397376641631, -0.0005274155410006642, -0.0015421620337292552, -0.0017093215137720108, -0.0001431458949809894, -0.0007787044742144644], [-0.0003834266681224108, -0.0010179999517276883, 0.0011281749466434121, 0.0009194589802064002, -0.0011781181674450636, -0.005953424144536257, 0.014639663510024548, -0.007516400422900915, 0.0010308516211807728, 0.001096305320970714, -0.0026896726340055466, 0.0022415698040276766, -0.0013503324007615447], [-0.00024955961271189153, 0.0009987934026867151, -0.0008171148947440088, -0.001206358545459807, 0.0005417367210611701, 0.0008920397376641631, -0.007516400422900915, 0.0180573258548975, -0.00814469438046217, 0.001273290254175663, 0.001918633934110403, -0.003793547861278057, 0.0008865786949172616], [-2.829558252415154e-05, -0.0006770174368284643, 0.0008721246849745512, -0.0007842616178095341, -0.0003438396379351616, -0.0005274155410006642, 0.0010308516211807728, -0.00814469438046217, 0.019445626065135002, -0.008485193364322186, 0.0005165243055671453, 0.0005401140660978854, -0.0018521881429478526], [-0.0002081681595882401, 0.0006060067098587751, -0.0007876034360378981, 0.0007197756203822792, -0.001520129619166255, -0.0015421620337292552, 0.001096305320970714, 0.001273290254175663, -0.008485193364322186, 0.017116636037826538, -0.009121006354689598, -0.0002389187429798767, 0.0004758221621159464], [5.577635965892114e-05, -0.0006326938164420426, 0.00025053255376406014, 0.0009150276309810579, 0.0011065343860536814, -0.0017093215137720108, -0.0026896726340055466, 0.001918633934110403, 0.0005165243055671453, -0.009121006354689598, 0.020901907235383987, -0.008673364296555519, 0.0007092291489243507], [-6.708246019115904e-06, 0.0009466648916713893, -0.0009735938510857522, -0.0017158439150080085, -0.0005573310772888362, -0.0001431458949809894, 0.0022415698040276766, -0.003793547861278057, 0.0005401140660978854, -0.0002389187429798767, -0.008673364296555519, 0.02400604449212551, -0.009269503876566887], [0.00015611950948368758, -0.0003225878463126719, -0.00011539409752003849, -6.037775528966449e-05, 0.0007940502837300301, -0.0007787044742144644, -0.0013503324007615447, 0.0008865786949172616, -0.0018521881429478526, 0.0004758221621159464, 0.0007092291489243507, -0.009269503876566887, 0.017090482637286186]], "metadata.audio_properties.analysis.downmix": "mix", "metadata.audio_properties.codec": "mp3", "metadata.audio_properties.md5_encoded": "1c324e9ffc6aeb31a428549ef22b46a3", "metadata.tags.file_name": "1182271285796020234.mp3", "metadata.version.essentia": "2.1-beta6-dev", "metadata.version.essentia_git_sha": "v2.1_beta5-1110-g77a6a954", "metadata.version.extractor": "music 2.0", "tonal.chords_key": "F#", "tonal.chords_scale": "major", "tonal.key_edma.key": "F#", "tonal.key_edma.scale": "minor", "tonal.key_krumhansl.key": "F#", "tonal.key_krumhansl.scale": "minor", "tonal.key_temperley.key": "F#", "tonal.key_temperley.scale": "minor", "metadata.tags.encoding": ["Lavf58.45.100"]}, "essentia_models": [{"model_name": "genre_dortmund", "activations": {"alternative": "0.0006188874", "blues": "6.6170374e-05", "electronic": "0.0035751227", "folkcountry": "0.00032678022", "funksoulrnb": "0.0077558705", "jazz": "0.00033445738", "pop": "0.044667926", "ra