{"song_id": "1182269618417586186", "download": "https://cdn.discordapp.com/attachments/1128313332273782784/1182269618417586186/chirp.mp4?ex=65841562&amp", "lyrics": "[Verse 1]\nIn the jungle, with my friend so dear\nWe laugh and sing, banishing all fear\nEating bananas, our favorite delight\nUnderneath the sun, shining ever so bright\n\n[Chorus]\nBeautiful faces all around\nDancing together, feeling so profound\nWe're wild and free, having fun\nIn the jungle, our adventure's just begun", "style": ["punk"], "essentia_features": {"lowlevel.average_loudness": 0.8685731291770935, "lowlevel.barkbands_crest.mean": 15.469340324401855, "lowlevel.barkbands_crest.stdev": 5.584386348724365, "lowlevel.barkbands_flatness_db.mean": 0.2169949859380722, "lowlevel.barkbands_flatness_db.stdev": 0.09546950459480286, "lowlevel.barkbands_kurtosis.mean": 26.665233612060547, "lowlevel.barkbands_kurtosis.stdev": 58.820987701416016, "lowlevel.barkbands_skewness.mean": 3.155184030532837, "lowlevel.barkbands_skewness.stdev": 3.060309648513794, "lowlevel.barkbands_spread.mean": 19.662240982055664, "lowlevel.barkbands_spread.stdev": 23.47431755065918, "lowlevel.dissonance.mean": 0.455821692943573, "lowlevel.dissonance.stdev": 0.03137994930148125, "lowlevel.dynamic_complexity": 2.7983524799346924, "lowlevel.erbbands_crest.mean": 9.90954875946045, "lowlevel.erbbands_crest.stdev": 5.045333385467529, "lowlevel.erbbands_flatness_db.mean": 0.15283645689487457, "lowlevel.erbbands_flatness_db.stdev": 0.06355150789022446, "lowlevel.erbbands_kurtosis.mean": 1.675506830215454, "lowlevel.erbbands_kurtosis.stdev": 4.802630424499512, "lowlevel.erbbands_skewness.mean": 0.4187197685241699, "lowlevel.erbbands_skewness.stdev": 0.9453186988830566, "lowlevel.erbbands_spread.mean": 44.200523376464844, "lowlevel.erbbands_spread.stdev": 27.50259017944336, "lowlevel.hfc.mean": 32.89710998535156, "lowlevel.hfc.stdev": 36.06487274169922, "lowlevel.loudness_ebu128.integrated": -22.238719940185547, "lowlevel.loudness_ebu128.loudness_range": 5.240894317626953, "lowlevel.loudness_ebu128.momentary.mean": -23.013164520263672, "lowlevel.loudness_ebu128.momentary.stdev": 2.7754733562469482, "lowlevel.loudness_ebu128.short_term.mean": -22.497413635253906, "lowlevel.loudness_ebu128.short_term.stdev": 1.8481203317642212, "lowlevel.melbands_crest.mean": 21.094974517822266, "lowlevel.melbands_crest.stdev": 6.930893898010254, "lowlevel.melbands_flatness_db.mean": 0.3003406524658203, "lowlevel.melbands_flatness_db.stdev": 0.11578410863876343, "lowlevel.melbands_kurtosis.mean": 49.524513244628906, "lowlevel.melbands_kurtosis.stdev": 81.52050018310547, "lowlevel.melbands_skewness.mean": 4.480839252471924, "lowlevel.melbands_skewness.stdev": 3.317784070968628, "lowlevel.melbands_spread.mean": 14.7756986618042, "lowlevel.melbands_spread.stdev": 16.987199783325195, "lowlevel.pitch_salience.mean": 0.4008426368236542, "lowlevel.pitch_salience.stdev": 0.1448192149400711, "lowlevel.silence_rate_20dB.mean": 0.9265502691268921, "lowlevel.silence_rate_20dB.stdev": 0.260871946811676, "lowlevel.silence_rate_30dB.mean": 0.74413001537323, "lowlevel.silence_rate_30dB.stdev": 0.43634551763534546, "lowlevel.silence_rate_60dB.mean": 0.0042143287137150764, "lowlevel.silence_rate_60dB.stdev": 0.06478004157543182, "lowlevel.spectral_centroid.mean": 992.7535400390625, "lowlevel.spectral_centroid.stdev": 708.0371704101562, "lowlevel.spectral_complexity.mean": 14.645394325256348, "lowlevel.spectral_complexity.stdev": 6.596763610839844, "lowlevel.spectral_decrease.mean": -2.570697255066534e-08, "lowlevel.spectral_decrease.stdev": 3.0905599857078414e-08, "lowlevel.spectral_energy.mean": 0.10000799596309662, "lowlevel.spectral_energy.stdev": 0.11730743944644928, "lowlevel.spectral_energyband_high.mean": 0.0016920153284445405, "lowlevel.spectral_energyband_high.stdev": 0.0039306944236159325, "lowlevel.spectral_energyband_low.mean": 0.08009651303291321, "lowlevel.spectral_energyband_low.stdev": 0.11501741409301758, "lowlevel.spectral_energyband_middle_high.mean": 0.006795946508646011, "lowlevel.spectral_energyband_middle_high.stdev": 0.009961286559700966, "lowlevel.spectral_energyband_middle_low.mean": 0.012383640743792057, "lowlevel.spectral_energyband_middle_low.stdev": 0.010834605433046818, "lowlevel.spectral_entropy.mean": 7.38929557800293, "lowlevel.spectral_entropy.stdev": 0.6671550273895264, "lowlevel.spectral_flux.mean": 0.10877198725938797, "lowlevel.spectral_flux.stdev": 0.09518066793680191, "lowlevel.spectral_kurtosis.mean": 7.42341947555542, "lowlevel.spectral_kurtosis.stdev": 10.23609447479248, "lowlevel.spectral_rms.mean": 0.008657761849462986, "lowlevel.spectral_rms.stdev": 0.004755191504955292, "lowlevel.spectral_rolloff.mean": 1207.2840576171875, "lowlevel.spectral_rolloff.stdev": 2308.15478515625, "lowlevel.spectral_skewness.mean": 1.9385021924972534, "lowlevel.spectral_skewness.stdev": 0.925241231918335, "lowlevel.spectral_spread.mean": 5486684.0, "lowlevel.spectral_spread.stdev": 2786377.75, "lowlevel.spectral_strongpeak.mean": 1.0387756824493408, "lowlevel.spectral_strongpeak.stdev": 1.471288800239563, "lowlevel.zerocrossingrate.mean": 0.04669979587197304, "lowlevel.zerocrossingrate.stdev": 0.05053924396634102, "metadata.audio_properties.analysis.equal_loudness": 0.0, "metadata.audio_properties.analysis.length": 38.52798080444336, "metadata.audio_properties.analysis.sample_rate": 44100.0, "metadata.audio_properties.analysis.start_time": 0.0, "metadata.audio_properties.bit_rate": 113892.0, "metadata.audio_properties.length": 38.52799987792969, "metadata.audio_properties.lossless": 0.0, "metadata.audio_properties.number_channels": 1.0, "metadata.audio_properties.replay_gain": -1.5013656616210938, "metadata.audio_properties.sample_rate": 48000.0, "rhythm.beats_count": 78.0, "rhythm.beats_loudness.mean": 0.25394129753112793, "rhythm.beats_loudness.stdev": 0.18692485988140106, "rhythm.bpm": 123.628173828125, "rhythm.bpm_histogram_first_peak_bpm": 123.0, "rhythm.bpm_histogram_first_peak_weight": 0.27397263050079346, "rhythm.bpm_histogram_second_peak_bpm": 117.0, "rhythm.bpm_histogram_second_peak_spread": 0.3333333134651184, "rhythm.bpm_histogram_second_peak_weight": 0.025974025949835777, "rhythm.danceability": 1.32550847530365, "rhythm.onset_rate": 3.709937572479248, "tonal.chords_changes_rate": 0.0445246696472168, "tonal.chords_number_rate": 0.008423586376011372, "tonal.chords_strength.mean": 0.5661875605583191, "tonal.chords_strength.stdev": 0.08219224959611893, "tonal.hpcp_crest.mean": 12.55305004119873, "tonal.hpcp_crest.stdev": 4.658561706542969, "tonal.hpcp_entropy.mean": 2.031012535095215, "tonal.hpcp_entropy.stdev": 0.5991927981376648, "tonal.key_edma.strength": 0.7101930975914001, "tonal.key_krumhansl.strength": 0.7287614345550537, "tonal.key_temperley.strength": 0.7496015429496765, "tonal.tuning_diatonic_strength": 0.6383417248725891, "tonal.tuning_equal_tempered_deviation": 0.2491549700498581, "tonal.tuning_frequency": 434.193115234375, "tonal.tuning_nontempered_energy_ratio": 0.9631563425064087, "lowlevel.barkbands.mean": [0.003257427830249071, 0.07066193968057632, 0.00529607804492116, 0.0019117012852802873, 0.004767138510942459, 0.0016326014883816242, 0.0009750391473062336, 0.0011843540705740452, 0.0017987157916650176, 0.0009490245138294995, 0.0016347281634807587, 0.0010493776062503457, 0.0009380092960782349, 0.000755084038246423, 0.0004789099039044231, 0.00037407950730994344, 0.0003890740335918963, 0.00014173757517710328, 8.533137588528916e-05, 8.311037527164444e-05, 0.00013986841076985002, 0.0003478741564322263, 0.00035085182753391564, 0.00020646650227718055, 0.00034586506080813706, 0.00025323929730802774, 4.864061224907346e-07], "lowlevel.barkbands.stdev": [0.005671598482877016, 0.10828018933534622, 0.01296406053006649, 0.003668346209451556, 0.004952970426529646, 0.002710147527977824, 0.0029064638074487448, 0.003338053124025464, 0.005687500815838575, 0.0034334748052060604, 0.0043787602335214615, 0.0029828432016074657, 0.0032648122869431973, 0.0019042178755626082, 0.0012615013401955366, 0.0007928494014777243, 0.0008748452528379858, 0.00025109914713539183, 0.0002231806138297543, 0.00018204945081379265, 0.0002608566137496382, 0.00099171360488981, 0.00109876471105963, 0.0006963334162719548, 0.000951714813709259, 0.0007362728356383741, 5.4103579714137595e-06], "lowlevel.erbbands.mean": [2.9388718605041504, 12.101818084716797, 8.656466484069824, 5.979984760284424, 9.084134101867676, 15.136850357055664, 22.764259338378906, 13.354364395141602, 12.437579154968262, 16.84187889099121, 34.67325210571289, 40.48250198364258, 26.1008358001709, 62.04155349731445, 39.14113998413086, 39.502052307128906, 49.04745864868164, 40.976837158203125, 25.980600357055664, 23.555343627929688, 24.026376724243164, 23.536863327026367, 9.20945930480957, 5.057359218597412, 3.91115403175354, 4.022508144378662, 4.958688259124756, 6.222325325012207, 12.06639289855957, 13.811971664428711, 8.794950485229492, 4.200131893157959, 3.782463788986206, 3.424633502960205, 2.781996965408325, 1.6373472213745117, 0.3391796350479126, 0.017784446477890015, 0.0004731561930384487, 0.0001403126516379416], "lowlevel.erbbands.stdev": [4.727205276489258, 20.040252685546875, 19.720212936401367, 11.013410568237305, 14.422616004943848, 18.064422607421875, 28.506227493286133, 24.480703353881836, 33.72980880737305, 40.16501235961914, 99.24433135986328, 138.4120330810547, 84.25814056396484, 172.12977600097656, 90.96075439453125, 105.37332916259766, 150.40203857421875, 100.71783447265625, 55.909664154052734, 57.90812683105469, 47.75503921508789, 46.40616226196289, 15.723652839660645, 11.60927963256836, 9.504996299743652, 8.586816787719727, 9.643339157104492, 12.195599555969238, 36.007511138916016, 40.37814712524414, 28.65496826171875, 14.262992858886719, 12.863142013549805, 10.371881484985352, 7.584930419921875, 4.650484561920166, 1.0642025470733643, 0.06817658990621567, 0.0014624901814386249, 0.0001462212239857763], "lowlevel.gfcc.mean": [6.276669979095459, 106.77145385742188, -86.32543182373047, 35.62057113647461, -39.87094497680664, 33.28952407836914, -34.34526062011719, 10.659295082092285, -15.871613502502441, 6.190667152404785, -16.89354705810547, 12.12670612335205, -1.644392967224121], "lowlevel.melbands.mean": [0.022400513291358948, 0.007871848531067371, 0.0011352485744282603, 0.0008630029042251408, 0.0008245529024861753, 0.000289228861220181, 0.0001953869650606066, 0.00020096037769690156, 0.0003070381935685873, 0.00024757449864409864, 0.00012498427531681955, 0.0002443198172841221, 0.0001533183822175488, 9.24793494050391e-05, 0.00012731492461171, 9.937626600731164e-05, 7.580951933050528e-05, 4.137809810345061e-05, 4.1190945921698585e-05, 2.4113802282954566e-05, 2.7610532924882136e-05, 2.7704774765879847e-05, 1.1044090570067056e-05, 5.3457360991160385e-06, 3.990812274423661e-06, 3.031921551155392e-06, 2.5689271296869265e-06, 2.684738547031884e-06, 2.688531139938277e-06, 3.698899035953218e-06, 3.444846242928179e-06, 6.411000867956318e-06, 7.601385732414201e-06, 8.01087935542455e-06, 5.6539774959674105e-06, 3.094615067311679e-06, 2.342150310141733e-06, 2.5855274543573614e-06, 2.5562219434505096e-06, 3.031115511475946e-06], "lowlevel.melbands.stdev": [0.034664954990148544, 0.01386730931699276, 0.0018946757772937417, 0.0011376837501302361, 0.0009248669957742095, 0.0005089357146061957, 0.0005353619926609099, 0.00048352827434428036, 0.0009422935545444489, 0.0009075665730051696, 0.000455250934464857, 0.0006667507695965469, 0.0003597289905883372, 0.0002446614671498537, 0.00044238584814593196, 0.00038121407851576805, 0.0002125840837834403, 0.00010466997628100216, 0.0001184534266940318, 6.114588177297264e-05, 6.291440513450652e-05, 5.904868885409087e-05, 2.015215613937471e-05, 9.512918950349558e-06, 1.0151293281523976e-05, 8.075548066699412e-06, 6.364349246723577e-06, 5.836638592882082e-06, 5.908120328967925e-06, 6.984954325162107e-06, 7.2353172981820535e-06, 1.8751270545180887e-05, 2.3502103431383148e-05, 2.4451646822853945e-05, 1.8956025087391026e-05, 1.0556626875768416e-05, 8.479052667098586e-06, 8.963023901742417e-06, 9.03291493159486e-06, 8.942158274294343e-06], "lowlevel.melbands128.mean": [0.003212887095287442, 0.025418763980269432, 0.03108172118663788, 0.016106443479657173, 0.005588977597653866, 0.002228128956630826, 0.0011106808669865131, 0.0009732728940434754, 0.0008784083183854818, 0.0008647518698126078, 0.0007628074963577092, 0.001116339466534555, 0.0009001099388115108, 0.00035731028765439987, 0.00034046315704472363, 0.0001987876312341541, 0.00017854194447863847, 0.0001855331938713789, 0.0002553711528889835, 0.00012400560081005096, 0.00023324458743445575, 0.00025742678553797305, 0.0003305391292087734, 0.0003725815040525049, 0.00022548595734406263, 0.0002888005692511797, 4.4805576180806383e-05, 9.204365778714418e-05, 0.0002227256918558851, 0.00010968311107717454, 0.0003803026338573545, 0.0002792186860460788, 6.471060623880476e-05, 0.00013573731121141464, 0.00010338511492591351, 6.033649333403446e-05, 8.080301631707698e-05, 0.0002230166137451306, 5.308382969815284e-05, 0.00011874722258653492, 0.00013296393444761634, 2.8128350095357746e-05, 9.141377813648432e-05, 8.400424849241972e-05, 6.092523835832253e-05, 3.0162433176883496e-05, 2.1195026420173235e-05, 5.7858625950757414e-05, 4.439558324520476e-05, 1.6839263480505906e-05, 2.0535115254460834e-05, 3.1195810151984915e-05, 3.1012379622552544e-05, 2.641912578837946e-05, 1.9526325559127145e-05, 4.1380608308827505e-05, 1.9674791474244557e-05, 8.14661689219065e-06, 1.1189486940565985e-05, 9.097580914385617e-06, 3.73577108803147e-06, 3.6968492622690974e-06, 4.497718691709451e-06, 3.9418478081643116e-06, 3.557010586519027e-06, 3.025805199285969e-06, 2.7435535230324604e-06, 2.4950361421360867e-06, 2.611087893455988e-06, 2.5147385258605937e-06, 2.7265152766631218e-06, 2.892572410928551e-06, 2.2672325030725915e-06, 2.5009051114466274e-06, 3.271517698522075e-06, 3.929763352061855e-06, 4.081030510860728e-06, 2.839942681021057e-06, 3.2834900594025385e-06, 3.86393412554753e-06, 5.5253544815059286e-06, 7.92468745203223e-06, 7.738302883808501e-06, 7.444622497132514e-06, 7.78408139012754e-06, 7.459972493961686e-06, 8.606899427832104e-06, 7.830576578271575e-06, 5.600183158094296e-06, 4.09500034947996e-06, 3.6030330647918163e-06, 2.827792059179046e-06, 2.123228114214726e-06, 2.3554985091323033e-06, 2.5391418603248894e-06, 2.139304797310615e-06, 2.810627847793512e-06, 2.871892093025963e-06, 2.461761596350698e-06, 2.3311044969887007e-06, 2.8091722015233245e-06, 3.284387048552162e-06, 3.191038786098943e-06, 3.1031381695356686e-06, 3.3739436275936896e-06, 3.057773028558586e-06, 2.9214754704298684e-06, 3.082773673668271e-06, 3.3077965326810954e-06, 2.767104660961195e-06, 1.9115334453090327e-06, 1.3114635066813207e-06, 9.661798685556278e-07, 5.216326144363848e-07, 2.143370636531472e-07, 1.1754060125213073e-07, 1.977848818057737e-08, 3.161011896679611e-09, 6.478087510863872e-11, 2.5296037833855145e-11, 2.3968738452340155e-11, 2.2469333685326554e-11, 2.1810326114590772e-11, 2.1319149570708795e-11, 2.0545258203052974e-11, 1.9659725236653713e-11, 1.911735700299566e-11, 1.892960441174374e-11], "lowlevel.melbands128.stdev": [0.005615718197077513, 0.042907364666461945, 0.050009194761514664, 0.03013264387845993, 0.014235584065318108, 0.005122029688209295, 0.002321276580914855, 0.0018858329858630896, 0.0016011031111702323, 0.001693032099865377, 0.0011619104770943522, 0.0013325618347153068, 0.0012563702184706926, 0.0008055256330408156, 0.0008395188488066196, 0.00042608234798535705, 0.0007174714701250196, 0.0005756841856054962, 0.00103080365806818, 0.0003703766269609332, 0.0007437985041178763, 0.0009609844419173896, 0.0013389767846092582, 0.0014818882336840034, 0.0009546058718115091, 0.0015118286246433854, 0.00020197549019940197, 0.00041841575875878334, 0.0011132803047075868, 0.0004418277821969241, 0.001315042027272284, 0.0009111864492297173, 0.00027127075009047985, 0.0005197091377340257, 0.00044488153071142733, 0.00023938840604387224, 0.000284725014353171, 0.0009207089897245169, 0.0003653992898762226, 0.0005265208892524242, 0.000611903436947614, 0.00010875517182284966, 0.000341779668815434, 0.00027125608175992966, 0.0002157637500204146, 0.00012150644761277363, 7.913725130492821e-05, 0.00021994249254930764, 0.00016023848729673773, 7.37266891519539e-05, 7.779142470099032e-05, 0.00010878611647058278, 7.512574666179717e-05, 0.00011693312262650579, 6.63559912936762e-05, 0.00010678467515390366, 4.4633001380134374e-05, 2.0377063265186734e-05, 2.5964382075471804e-05, 1.9096456526312977e-05, 9.579617653798778e-06, 8.358216291526332e-06, 1.011984386423137e-05, 1.2844255252275616e-05, 1.2551286090456415e-05, 8.335534403158817e-06, 8.891567631508224e-06, 6.467422281275503e-06, 7.811005161784124e-06, 6.486652182502439e-06, 6.451613444369286e-06, 7.19155241313274e-06, 5.914645498705795e-06, 6.870353445265209e-06, 8.139431884046644e-06, 7.238358648464782e-06, 1.0099143764819019e-05, 6.273981398408068e-06, 7.486477898055455e-06, 1.055675693351077e-05, 1.4234027730708476e-05, 2.8109236154705286e-05, 3.0410083127208054e-05, 2.4701401343918405e-05, 2.5422630642424338e-05, 2.411679997749161e-05, 2.8239443054189906e-05, 2.7931064323638566e-05, 2.0926974684698507e-05, 1.5232011719490401e-05, 1.271457858820213e-05, 1.0119272701558657e-05, 7.75952503317967e-06, 9.334187780041248e-06, 9.979316928365733e-06, 7.650463885511272e-06, 1.048549802362686e-05, 1.0671255950001068e-05, 9.721820788399782e-06, 8.854581210471224e-06, 9.225169378623832e-06, 9.785689144337084e-06, 9.656250767875463e-06, 9.450189281778876e-06, 1.0427903362142388e-05, 8.660695129947271e-06, 8.438601980742533e-06, 8.98429425433278e-06, 1.0835092325578444e-05, 8.321238055941649e-06, 6.25209304416785e-06, 4.310806616558693e-06, 3.7403435726446332e-06, 1.964785496966215e-06, 1.025332608151075e-06, 7.219301778604859e-07, 2.0679654255673086e-07, 4.6020090849197004e-08, 8.077168933695589e-10, 2.484847605455087e-10, 2.334046012020252e-10, 2.2133270216606604e-10, 2.120607855982115e-10, 2.0533279243561964e-10, 1.9750678870167349e-10, 1.9317050736766816e-10, 1.8929469103312613e-10, 1.8697207671003468e-10], "lowlevel.mfcc.mean": [-649.1162109375, 140.17626953125, 19.02457046508789, 21.132314682006836, 20.05913543701172, 25.010995864868164, 0.7371143698692322, 13.77474308013916, 8.875097274780273, -2.208242893218994, 1.5842198133468628, 0.033451393246650696, 5.373520851135254], "lowlevel.spectral_contrast_coeffs.mean": [-0.7459747791290283, -0.7353349328041077, -0.7512308359146118, -0.7808343172073364, -0.7986165881156921, -0.7545880079269409], "lowlevel.spectral_contrast_coeffs.stdev": [0.06483063101768494, 0.07645653933286667, 0.0836886316537857, 0.06296703964471817, 0.03726527467370033, 0.04549575224518776], "lowlevel.spectral_contrast_valleys.mean": [-5.9068121910095215, -7.010970115661621, -7.470630645751953, -7.664163589477539, -8.063577651977539, -10.454728126525879], "lowlevel.spectral_contrast_valleys.stdev": [0.727090060710907, 0.6559163331985474, 0.6293361783027649, 0.6505116820335388, 0.9241992235183716, 1.5347360372543335], "rhythm.beats_loudness_band_ratio.mean": [0.754663348197937, 0.06059575080871582, 0.06070641428232193, 0.07713475078344345, 0.026593798771500587, 0.028300682082772255], "rhythm.beats_loudness_band_ratio.stdev": [0.2828175723552704, 0.08594994246959686, 0.0965534970164299, 0.15005610883235931, 0.05915449187159538, 0.08681410551071167], "tonal.hpcp.mean": [0.057163845747709274, 0.04052319750189781, 0.06548089534044266, 0.1977470964193344, 0.22354300320148468, 0.08582721650600433, 0.026158247143030167, 0.01985851302742958, 0.016059987246990204, 0.044151049107313156, 0.0614008866250515, 0.052644841372966766, 0.17575745284557343, 0.22238177061080933, 0.08893797546625137, 0.02435758337378502, 0.014937628991901875, 0.021468274295330048, 0.06624960154294968, 0.07849833369255066, 0.04118791222572327, 0.01871339976787567, 0.015729598701000214, 0.027145132422447205, 0.09015969187021255, 0.10744217783212662, 0.09327204525470734, 0.17413562536239624, 0.16157035529613495, 0.06695923954248428, 0.04225165396928787, 0.05010109394788742, 0.09039919823408127, 0.2129359394311905, 0.27841916680336, 0.16378886997699738], "tonal.hpcp.stdev": [0.18466070294380188, 0.16392672061920166, 0.18538181483745575, 0.3221037685871124, 0.3471739590167999, 0.17893555760383606, 0.11687247455120087, 0.10920001566410065, 0.08571963757276535, 0.14329518377780914, 0.17897987365722656, 0.1488494873046875, 0.26372194290161133, 0.30404049158096313, 0.17142412066459656, 0.11376858502626419, 0.07231804728507996, 0.1046442836523056, 0.16144752502441406, 0.18854112923145294, 0.13028424978256226, 0.09830028563737869, 0.08924280852079391, 0.10849231481552124, 0.1764056384563446, 0.19897408783435822, 0.19578197598457336, 0.3399340510368347, 0.31200289726257324, 0.1764090210199356, 0.1439783275127411, 0.16345524787902832, 0.2338980734348297, 0.31735461950302124, 0.394254595041275, 0.29422616958618164], "rhythm.beats_position": [0.4992290139198303, 1.0216779708862305, 1.5325169563293457, 2.043355941772461, 2.530975103378296, 3.0185940265655518, 3.5062131881713867, 3.982222080230713, 4.469841003417969, 4.957460403442383, 5.433469295501709, 5.921088218688965, 6.408707141876221, 6.896326541900635, 7.383945465087891, 7.8715643882751465, 8.359183311462402, 8.846802711486816, 9.3228120803833, 9.798820495605469, 10.286439895629883, 10.77405834197998, 11.261677742004395, 11.749297142028809, 12.236915588378906, 12.72453498840332, 13.212154388427734, 13.688162803649902, 14.164172172546387, 14.6517915725708, 15.139410018920898, 15.627029418945312, 16.114648818969727, 16.60226821899414, 17.089885711669922, 17.577505111694336, 18.06512451171875, 18.552743911743164, 19.02875328063965, 19.51637077331543, 20.003990173339844, 20.491609573364258, 20.967618942260742, 21.455238342285156, 21.942855834960938, 22.418865203857422, 22.894874572753906, 23.38249397277832, 23.870113372802734, 24.35773277282715, 24.84535026550293, 25.321359634399414, 25.7973690032959, 26.273378372192383, 26.737777709960938, 27.22539710998535, 27.713014602661133, 28.212244033813477, 28.68825340270996, 29.164262771606445, 29.65188217163086, 30.13949966430664, 30.627119064331055, 31.11473846435547, 31.613967895507812, 32.113197326660156, 32.60081481933594, 33.088436126708984, 33.576053619384766, 34.06367111206055, 34.551292419433594, 35.038909912109375, 35.52653121948242, 36.002540588378906, 36.47854995727539, 36.96616744995117, 37.45378494262695, 37.94140625], "rhythm.bpm_histogram": [0.0, 0.0, 0.0, 0.0, 0.0, 0.0, 0.0, 0.0, 0.0, 0.0, 0.0, 0.0, 0.0, 0.0, 0.0, 0.0, 0.0, 0.0, 0.0, 0.0, 0.0, 0.0, 0.0, 0.0, 0.0, 0.0, 0.0, 0.0, 0.0, 0.0, 0.0, 0.0, 0.0, 0.0, 0.0, 0.0, 0.0, 0.0, 0.0, 0.0, 0.0, 0.0, 0.0, 0.0, 0.0, 0.0, 0.0, 0.0, 0.0, 0.0, 0.0, 0.0, 0.0, 0.0, 0.0, 0.0, 0.0, 0.0, 0.0, 0.0, 0.0, 0.0, 0.0, 0.0, 0.0, 0.0, 0.0, 0.0, 0.0, 0.0, 0.0, 0.0, 0.0, 0.0, 0.0, 0.0, 0.0, 0.0, 0.0, 0.0, 0.0, 0.0, 0.0, 0.0, 0.0, 0.0, 0.0, 0.0, 0.0, 0.0, 0.0, 0.0, 0.0, 0.0, 0.0, 0.0, 0.0, 0.0, 0.0, 0.0, 0.0, 0.0, 0.0, 0.0, 0.0, 0.0, 0.0, 0.0, 0.0, 0.0, 0.0, 0.0, 0.0, 0.0, 0.0, 0.012987012974917889, 0.0, 0.025974025949835777, 0.0, 0.0, 0.03896103799343109, 0.0, 0.0, 0.6883116960525513, 0.0, 0.0, 0.22077922523021698, 0.0, 0.0, 0.012987012974917889, 0.0, 0.0, 0.0, 0.0, 0.0, 0.0, 0.0, 0.0, 0.0, 0.0, 0.0, 0.0, 0.0, 0.0, 0.0, 0.0, 0.0, 0.0, 0.0, 0.0, 0.0, 0.0, 0.0, 0.0, 0.0, 0.0, 0.0, 0.0, 0.0, 0.0, 0.0, 0.0, 0.0, 0.0, 0.0, 0.0, 0.0, 0.0, 0.0, 0.0, 0.0, 0.0, 0.0, 0.0, 0.0, 0.0, 0.0, 0.0, 0.0, 0.0, 0.0, 0.0, 0.0, 0.0, 0.0, 0.0, 0.0, 0.0, 0.0, 0.0, 0.0, 0.0, 0.0, 0.0, 0.0, 0.0, 0.0, 0.0, 0.0, 0.0, 0.0, 0.0, 0.0, 0.0, 0.0, 0.0, 0.0, 0.0, 0.0, 0.0, 0.0, 0.0, 0.0, 0.0, 0.0, 0.0, 0.0, 0.0, 0.0, 0.0, 0.0, 0.0, 0.0, 0.0, 0.0, 0.0, 0.0, 0.0, 0.0, 0.0, 0.0, 0.0, 0.0, 0.0, 0.0, 0.0, 0.0, 0.0, 0.0, 0.0, 0.0, 0.0, 0.0, 0.0, 0.0, 0.0, 0.0, 0.0, 0.0, 0.0], "tonal.chords_histogram": [22.02165985107422, 18.892900466918945, 6.137184143066406, 0.0, 5.415162563323975, 0.0, 0.0, 0.0, 0.0, 0.0, 0.0, 0.0, 0.0, 0.0, 0.0, 0.0, 0.0, 0.12033694237470627, 0.0, 0.0, 0.0, 9.145607948303223, 9.50661849975586, 28.760528564453125], "tonal.thpcp": [1.0, 0.5882815718650818, 0.20531576871871948, 0.14554743468761444, 0.23518817126750946, 0.7102496027946472, 0.8029009103775024, 0.30826619267463684, 0.09395275264978409, 0.07132595777511597, 0.057682763785123825, 0.15857762098312378, 0.22053398191928864, 0.18908482789993286, 0.6312692165374756, 0.7987301349639893, 0.3194391131401062, 0.08748529851436615, 0.053651582449674606, 0.0771077424287796, 0.23794914782047272, 0.2819429934024811, 0.1479348987340927, 0.0672130435705185, 0.05649610608816147, 0.09749735891819, 0.32382717728614807, 0.3859007954597473, 0.33500581979751587, 0.6254441142082214, 0.5803133249282837, 0.24049794673919678, 0.15175555646419525, 0.17994843423366547, 0.3246874213218689, 0.7648034691810608], "lowlevel.gfcc.cov": [[6988.607421875, -3196.084228515625, 257.8822021484375, 392.05010986328125, -1064.7109375, 827.5089111328125, -501.76080322265625, 716.5896606445312, -320.1955871582031, 868.6227416992188, -604.3740844726562, 608.230224609375, -446.9202880859375], [-3196.084228515625, 2931.74658203125, -358.31488037109375, -321.12860107421875, 858.4990844726562, -494.8430480957031, 477.0792236328125, -467.15234375, 339.364013671875, -558.0941162109375, 414.9105529785156, -401.9947814941406, 330.267822265625], [257.8822021484375, -358.31488037109375, 818.0870971679688, 344.5072326660156, 140.21380615234375, 33.67372131347656, -59.937496185302734, 112.1745834350586, 4.706165313720703, 108.18827819824219, -22.517980575561523, 25.13269805908203, -31.101110458374023], [392.05010986328125, -321.12860107421875, 344.5072326660156, 548.302001953125, 53.10457992553711, 3.3637430667877197, -107.24922943115234, 69.0689697265625, 30.334505081176758, 59.62262725830078, -7.744122505187988, 1.545087456703186, 25.22211456298828], [-1064.7109375, 858.4990844726562, 140.21380615234375, 53.10457992553711, 551.4048461914062, -134.62672424316406, 165.07806396484375, -121.53205871582031, 145.67974853515625, -151.85546875, 155.13290405273438, -129.66534423828125, 112.67218780517578], [827.5089111328125, -494.8430480957031, 33.67372131347656, 3.3637430667877197, -134.62672424316406, 269.15216064453125, -6.723494529724121, 80.64016723632812, -50.585716247558594, 135.31106567382812, -73.2201919555664, 100.49996185302734, -75.62879180908203], [-501.76080322265625, 477.0792236328125, -59.937496185302734, -107.24922943115234, 165.07806396484375, -6.723494529724121, 267.3875427246094, -42.86774826049805, 68.058349609375, -87.51852416992188, 89.36338806152344, -49.38603210449219, 39.2121696472168], [716.5896606445312, -467.15234375, 112.1745834350586, 69.0689697265625, -121.53205871582031, 80.64016723632812, -42.86774826049805, 189.35061645507812, -16.327634811401367, 125.50226593017578, -88.50164794921875, 69.49652099609375, -60.94346237182617], [-320.1955871582031, 339.364013671875, 4.706165313720703, 30.334505081176758, 145.67974853515625, -50.585716247558594, 68.058349609375, -16.327634811401367, 169.66165161132812, -26.739084243774414, 47.772850036621094, -58.74324035644531, 52.77238845825195], [868.6227416992188, -558.0941162109375, 108.18827819824219, 59.62262725830078, -151.85546875, 135.31106567382812, -87.51852416992188, 125.50226593017578, -26.739084243774414, 227.13790893554688, -71.19344329833984, 106.86883544921875, -86.09708404541016], [-604.3740844726562, 414.9105529785156, -22.517980575561523, -7.744122505187988, 155.13290405273438, -73.2201919555664, 89.36338806152344, -88.50164794921875, 47.772850036621094, -71.19344329833984, 160.53143310546875, -48.64131164550781, 57.395450592041016], [608.230224609375, -401.9947814941406, 25.13269805908203, 1.545087456703186, -129.66534423828125, 100.49996185302734, -49.38603210449219, 69.49652099609375, -58.74324035644531, 106.86883544921875, -48.64131164550781, 153.07972717285156, -37.55107116699219], [-446.9202880859375, 330.267822265625, -31.101110458374023, 25.22211456298828, 112.67218780517578, -75.62879180908203, 39.2121696472168, -60.94346237182617, 52.77238845825195, -86.09708404541016, 57.395450592041016, -37.55107116699219, 125.66839599609375]], "lowlevel.gfcc.icov": [[0.0005077387904748321, -0.0001254288654308766, 0.00018387754971627146, -0.0003840732970274985, 0.0001808572851587087, -0.0006636085454374552, 0.00019808521028608084, -0.0006995873409323394, 0.0001843194040702656, -0.0006286496063694358, 0.0006383394938893616, -0.0006136575248092413, 0.00031231832690536976], [-0.0001254288654308766, 0.0021929736249148846, 0.00024840180412866175, 0.0008759135962463915, -0.0013050950365141034, 0.0014543967554345727, -0.001288103056140244, 0.0017457413487136364, -0.0014002263778820634, 0.0008952347561717033, -0.0008956530946306884, 0.0012345751747488976, -0.0010504843667149544], [0.00018387754971627146, 0.00024840180412866175, 0.002214418025687337, -0.001115467632189393, -0.0012691126903519034, 8.07890246505849e-05, -5.173975296202116e-05, -0.0008481900440528989, 0.0006063959444873035, -0.0008743053185753524, 0.0003437529085204005, -0.00011020255624316633, 0.0005207473295740783], [-0.0003840732970274985, 0.0008759135962463915, -0.001115467632189393, 0.0035772633273154497, -0.0006347278249450028, 0.000455342058558017, 0.0009256811463274062, 8.314081787830219e-05, -0.0011131932260468602, 0.0008114695083349943, -0.0015279494691640139, 0.0014490957837551832, -0.0019130435539409518], [0.0001808572851587087, -0.0013050950365141034, -0.0012691126903519034, -0.0006347278249450028, 0.0050644525326788425, -0.0007575708441436291, -0.00043639884097501636, -1.7756818124325946e-05, -0.0010596851352602243, 0.00019750937644857913, -0.0007531340816058218, -8.06979660410434e-05, -8.248570520663634e-05], [-0.0006636085454374552, 0.0014543967554345727, 8.07890246505849e-05, 0.000455342058558017, -0.0007575708441436291, 0.008604064583778381, -0.003566273022443056, 0.0030379751697182655, -0.0002012980548897758, -0.002055684570223093, 0.0009573557763360441, -0.0006634510355070233, 0.00023028010036796331], [0.00019808521028608084, -0.001288103056140244, -5.173975296202116e-05, 0.0009256811463274062, -0.00043639884097501636, -0.003566273022443056, 0.008075157180428505, -0.0036620073951780796, -0.0008616673294454813, 0.0025630942545831203, -0.002788337878882885, -0.0006851975340396166, 0.0010271710343658924], [-0.0006995873409323394, 0.0017457413487136364, -0.0008481900440528989, 8.314081787830219e-05, -1.7756818124325946e-05, 0.0030379751697182655, -0.0036620073951780796, 0.013662884943187237, -0.002386263571679592, -0.0027862421702593565, 0.0032478440552949905, 0.00016245595179498196, -3.143462890875526e-05], [0.0001843194040702656, -0.0014002263778820634, 0.0006063959444873035, -0.0011131932260468602, -0.0010596851352602243, -0.0002012980548897758, -0.0008616673294454813, -0.002386263571679592, 0.010858992114663124, -0.00423547113314271, 0.0009513681288808584, 0.002343747764825821, -0.002546498319134116], [-0.0006286496063694358, 0.0008952347561717033, -0.0008743053185753524, 0.0008114695083349943, 0.00019750937644857913, -0.002055684570223093, 0.0025630942545831203, -0.0027862421702593565, -0.00423547113314271, 0.014500432647764683, -0.003535408526659012, -0.003348245983943343, 0.003794384654611349], [0.0006383394938893616, -0.0008956530946306884, 0.0003437529085204005, -0.0015279494691640139, -0.0007531340816058218, 0.0009573557763360441, -0.002788337878882885, 0.0032478440552949905, 0.0009513681288808584, -0.003535408526659012, 0.013318379409611225, -0.0016745851607993245, -0.0006925936322659254], [-0.0006136575248092413, 0.0012345751747488976, -0.00011020255624316633, 0.0014490957837551832, -8.06979660410434e-05, -0.0006634510355070233, -0.0006851975340396166, 0.00016245595179498196, 0.002343747764825821, -0.003348245983943343, -0.0016745851607993245, 0.013984302058815956, -0.004114068113267422], [0.00031231832690536976, -0.0010504843667149544, 0.0005207473295740783, -0.0019130435539409518, -8.248570520663634e-05, 0.00023028010036796331, 0.0010271710343658924, -3.143462890875526e-05, -0.002546498319134116, 0.003794384654611349, -0.0006925936322659254, -0.004114068113267422, 0.014974488876760006]], "lowlevel.mfcc.cov": [[6465.3740234375, -3189.504638671875, 651.9259033203125, -427.5025329589844, -351.1249694824219, 62.063140869140625, -232.34783935546875, 3.187808036804199, 194.71022033691406, -67.13809204101562, 343.8654479980469, 109.12490844726562, 23.502899169921875], [-3189.504638671875, 2780.284912109375, -727.237060546875, 192.39117431640625, 173.64483642578125, 62.594661712646484, 161.32669067382812, 84.71839141845703, -53.0015754699707, 70.55427551269531, -144.60960388183594, -22.552825927734375, -13.460405349731445], [651.9259033203125, -727.237060546875, 630.1480712890625, 149.8543243408203, 113.19866180419922, 12.932852745056152, -7.513808250427246, -25.334077835083008, 39.03633117675781, 19.54166030883789, 68.94451904296875, 13.20254135131836, 26.967388153076172], [-427.5025329589844, 192.39117431640625, 149.8543243408203, 479.5363464355469, 251.11541748046875, 4.718109130859375, 29.070724487304688, 6.5857672691345215, 17.686010360717773, 72.10784149169922, -25.43332290649414, 4.277116775512695, 15.496709823608398], [-351.1249694824219, 173.64483642578125, 113.19866180419922, 251.11541748046875, 324.6403503417969, 44.88389205932617, 13.4699068069458, -15.394935607910156, 12.487502098083496, 62.96864700317383, -7.211386203765869, -9.642001152038574, -0.8931702375411987], [62.063140869140625, 62.594661712646484, 12.932852745056152, 4.718109130859375, 44.88389205932617, 176.8107452392578, 44.70979690551758, 39.80307388305664, 11.054259300231934, 12.91326904296875, 45.9245719909668, 14.651884078979492, -0.4663010835647583], [-232.34783935546875, 161.32669067382812, -7.513808250427246, 29.070724487304688, 13.4699068069458, 44.70979690551758, 154.4693145751953, 46.23237991333008, -22.47452735900879, 14.261443138122559, 6.385018825531006, 6.920599937438965, -1.0188148021697998], [3.187808036804199, 84.71839141845703, -25.334077835083008, 6.5857672691345215, -15.394935607910156, 39.80307388305664, 46.23237991333008, 111.70509338378906, 29.203813552856445, 11.431031227111816, 11.526740074157715, 10.8023099899292, 6.552478313446045], [194.71022033691406, -53.0015754699707, 39.03633117675781, 17.686010360717773, 12.487502098083496, 11.054259300231934, -22.47452735900879, 29.203813552856445, 113.18753814697266, 37.59560012817383, 26.239601135253906, -4.562671661376953, 5.567009925842285], [-67.13809204101562, 70.55427551269531, 19.54166030883789, 72.10784149169922, 62.96864700317383, 12.91326904296875, 14.261443138122559, 11.431031227111816, 37.59560012817383, 115.96772766113281, 31.76638412475586, -0.39842429757118225, -16.202669143676758], [343.8654479980469, -144.60960388183594, 68.94451904296875, -25.43332290649414, -7.211386203765869, 45.9245719909668, 6.385018825531006, 11.526740074157715, 26.239601135253906, 31.76638412475586, 129.91574096679688, 36.470882415771484, 11.92598819732666], [109.12490844726562, -22.552825927734375, 13.20254135131836, 4.277116775512695, -9.642001152038574, 14.651884078979492, 6.920599937438965, 10.8023099899292, -4.562671661376953, -0.39842429757118225, 36.470882415771484, 81.1692123413086, 25.23859214782715], [23.502899169921875, -13.460405349731445, 26.967388153076172, 15.496709823608398, -0.8931702375411987, -0.4663010835647583, -1.0188148021697998, 6.552478313446045, 5.567009925842285, -16.202669143676758, 11.92598819732666, 25.23859214782715, 78.12264251708984]], "lowlevel.mfcc.icov": [[0.0004593138874042779, 0.0005205611232668161, 0.00017478072550147772, 5.0799790187738836e-05, 9.896594565361738e-05, -0.00022280840494204313, 0.00020980177214369178, -0.00018728697614278644, -0.00046787786413915455, 0.0001599465758772567, -0.0005054350476711988, -0.000285424233879894, 0.00013522773224394768], [0.0005205611232668161, 0.0012949445517733693, 0.001109926961362362, -0.00019402797624934465, -0.0002934936492238194, -0.0003877005074173212, -0.000281952612567693, -0.0003290371678303927, -0.00047557512880302966, -9.702386159915477e-05, -0.0001800277823349461, -0.00031765474705025554, -0.0001160198007710278], [0.00017478072550147772, 0.001109926961362362, 0.003236854448914528, -0.0008851895108819008, -0.0008572228252887726, -8.4323160990607e-05, -0.0007197681698016822, 0.0004400669422466308, -0.00076557497959584, 0.0004079413483850658, -0.0010675729718059301, 0.00013538022176362574, -0.0006012958474457264], [5.0799790187738836e-05, -0.00019402797624934465, -0.0008851895108819008, 0.004170472268015146, -0.0026338165625929832, 0.0007317793788388371, -0.00022676253865938634, -0.0006923868204466999, -3.243968967581168e-05, -0.0012815090594813228, 0.0012336582876741886, -0.0008728518732823431, -0.0007108656573109329], [9.896594565361738e-05, -0.0002934936492238194, -0.0008572228252887726, -0.0026338165625929832, 0.006323471199721098, -0.0019412259571254253, 0.0005587243940681219, 0.001543763093650341, 4.924536915495992e-05, -0.001528608612716198, 0.0003802102291956544, 0.0007157900254242122, 6.670178117929026e-05], [-0.00022280840494204313, -0.0003877005074173212, -8.4323160990607e-05, 0.0007317793788388371, -0.0019412259571254253, 0.007794773671776056, -0.0015263499226421118, -0.002046458190307021, -2.0526067601167597e-06, 0.0010361068416386843, -0.0025382039602845907, -0.00014319295587483793, 0.0007090225699357688], [0.00020980177214369178, -0.000281952612567693, -0.0007197681698016822, -0.00022676253865938634, 0.0005587243940681219, -0.0015263499226421118, 0.009225462563335896, -0.0038315539713948965, 0.003217756748199463, -0.0012215187307447195, -0.0004907278926111758, 0.00018121203174814582, 0.0001544294209452346], [-0.00018728697614278644, -0.0003290371678303927, 0.0004400669422466308, -0.0006923868204466999, 0.001543763093650341, -0.002046458190307021, -0.0038315539713948965, 0.013026831671595573, -0.004197742324322462, 7.866493979236111e-05, 0.0008056342485360801, -0.0011429103324189782, -0.000590367941185832], [-0.00046787786413915455, -0.00047557512880302966, -0.00076557497959584, -3.243968967581168e-05, 4.924536915495992e-05, -2.0526067601167597e-06, 0.003217756748199463, -0.004197742324322462, 0.013162689283490181, -0.004101003985852003, -0.000892173673491925, 0.0025822895113378763, -0.0017624477623030543], [0.0001599465758772567, -9.702386159915477e-05, 0.0004079413483850658, -0.0012815090594813228, -0.001528608612716198, 0.0010361068416386843, -0.0012215187307447195, 7.866493979236111e-05, -0.004101003985852003, 0.013353481888771057, -0.004187365528196096, 5.044646604801528e-05, 0.0036994193214923143], [-0.0005054350476711988, -0.0001800277823349461, -0.0010675729718059301, 0.0012336582876741886, 0.0003802102291956544, -0.0025382039602845907, -0.0004907278926111758, 0.0008056342485360801, -0.000892173673491925, -0.004187365528196096, 0.013060414232313633, -0.004382729064673185, -0.0012226811377331614], [-0.000285424233879894, -0.00031765474705025554, 0.00013538022176362574, -0.0008728518732823431, 0.0007157900254242122, -0.00014319295587483793, 0.00018121203174814582, -0.0011429103324189782, 0.0025822895113378763, 5.044646604801528e-05, -0.004382729064673185, 0.016414569690823555, -0.004544347058981657], [0.00013522773224394768, -0.0001160198007710278, -0.0006012958474457264, -0.0007108656573109329, 6.670178117929026e-05, 0.0007090225699357688, 0.0001544294209452346, -0.000590367941185832, -0.0017624477623030543, 0.0036994193214923143, -0.0012226811377331614, -0.004544347058981657, 0.01569242961704731]], "metadata.audio_properties.analysis.downmix": "mix", "metadata.audio_properties.codec": "mp3", "metadata.audio_properties.md5_encoded": "0e4aa00a56ac9a491366b210e9d5d25a", "metadata.tags.file_name": "1182269618417586186.mp3", "metadata.version.essentia": "2.1-beta6-dev", "metadata.version.essentia_git_sha": "v2.1_beta5-1110-g77a6a95