{"song_id": "1182267656200527904", "download": "https://cdn.discordapp.com/attachments/1135903449314238464/1182267656200527904/chirp.mp4?ex=6584138e&amp", "lyrics": "gululu gululu, let's go brush our teeth\n\nBrush your teeth up and down\n\nClean along gaps with care\nCavities go buzz buzz away\n\nTooth by tooth ding ding hooray\n\nChorus:\nHappily sing tra la la\nBrush diligently everyday\nFight tooth decay\nSmile bright, hip hip hooray\n\nVerse 2:\nCircle round those whites\n\nShoo away tiny bugs\n\nTooth by tooth make bright\nRinse and gargle after right\n\nChorus:\n\nHappily sing tra la la\nBrush diligently everyday\nFight tooth decay\nSmile bright, hip hip hooray", "style": ["kid song easy to learn"], "essentia_features": {"lowlevel.average_loudness": 0.9710432291030884, "lowlevel.barkbands_crest.mean": 13.06345272064209, "lowlevel.barkbands_crest.stdev": 4.865146160125732, "lowlevel.barkbands_flatness_db.mean": 0.1789407879114151, "lowlevel.barkbands_flatness_db.stdev": 0.0608060322701931, "lowlevel.barkbands_kurtosis.mean": 7.461203098297119, "lowlevel.barkbands_kurtosis.stdev": 14.918027877807617, "lowlevel.barkbands_skewness.mean": 1.5462923049926758, "lowlevel.barkbands_skewness.stdev": 1.704551339149475, "lowlevel.barkbands_spread.mean": 18.547508239746094, "lowlevel.barkbands_spread.stdev": 16.89369010925293, "lowlevel.dissonance.mean": 0.42391401529312134, "lowlevel.dissonance.stdev": 0.054040055721998215, "lowlevel.dynamic_complexity": 3.3426673412323, "lowlevel.erbbands_crest.mean": 14.956999778747559, "lowlevel.erbbands_crest.stdev": 6.912405490875244, "lowlevel.erbbands_flatness_db.mean": 0.19869464635849, "lowlevel.erbbands_flatness_db.stdev": 0.06654734909534454, "lowlevel.erbbands_kurtosis.mean": 4.6937642097473145, "lowlevel.erbbands_kurtosis.stdev": 7.348316669464111, "lowlevel.erbbands_skewness.mean": 0.8454135060310364, "lowlevel.erbbands_skewness.stdev": 1.0656161308288574, "lowlevel.erbbands_spread.mean": 32.75175094604492, "lowlevel.erbbands_spread.stdev": 31.497835159301758, "lowlevel.hfc.mean": 27.279829025268555, "lowlevel.hfc.stdev": 18.58785629272461, "lowlevel.loudness_ebu128.integrated": -11.539368629455566, "lowlevel.loudness_ebu128.loudness_range": 1.5187797546386719, "lowlevel.loudness_ebu128.momentary.mean": -12.042196273803711, "lowlevel.loudness_ebu128.momentary.stdev": 2.3947246074676514, "lowlevel.loudness_ebu128.short_term.mean": -11.658601760864258, "lowlevel.loudness_ebu128.short_term.stdev": 0.5686153173446655, "lowlevel.melbands_crest.mean": 16.146034240722656, "lowlevel.melbands_crest.stdev": 5.775715351104736, "lowlevel.melbands_flatness_db.mean": 0.2478940486907959, "lowlevel.melbands_flatness_db.stdev": 0.07662501186132431, "lowlevel.melbands_kurtosis.mean": 18.011808395385742, "lowlevel.melbands_kurtosis.stdev": 36.224246978759766, "lowlevel.melbands_skewness.mean": 2.329838514328003, "lowlevel.melbands_skewness.stdev": 2.5774784088134766, "lowlevel.melbands_spread.mean": 20.578222274780273, "lowlevel.melbands_spread.stdev": 21.762861251831055, "lowlevel.pitch_salience.mean": 0.47476521134376526, "lowlevel.pitch_salience.stdev": 0.13806410133838654, "lowlevel.silence_rate_20dB.mean": 1.0, "lowlevel.silence_rate_20dB.stdev": 0.0, "lowlevel.silence_rate_30dB.mean": 0.9863221645355225, "lowlevel.silence_rate_30dB.stdev": 0.11614939570426941, "lowlevel.silence_rate_60dB.mean": 0.09346504509449005, "lowlevel.silence_rate_60dB.stdev": 0.29108303785324097, "lowlevel.spectral_centroid.mean": 1089.253173828125, "lowlevel.spectral_centroid.stdev": 797.0343017578125, "lowlevel.spectral_complexity.mean": 10.746200561523438, "lowlevel.spectral_complexity.stdev": 6.642709732055664, "lowlevel.spectral_decrease.mean": -8.557822006594051e-09, "lowlevel.spectral_decrease.stdev": 6.398642948823863e-09, "lowlevel.spectral_energy.mean": 0.034773606806993484, "lowlevel.spectral_energy.stdev": 0.025188598781824112, "lowlevel.spectral_energyband_high.mean": 0.0006830533384345472, "lowlevel.spectral_energyband_high.stdev": 0.000997440773062408, "lowlevel.spectral_energyband_low.mean": 0.010080426931381226, "lowlevel.spectral_energyband_low.stdev": 0.018123263493180275, "lowlevel.spectral_energyband_middle_high.mean": 0.0113552650436759, "lowlevel.spectral_energyband_middle_high.stdev": 0.014242894016206264, "lowlevel.spectral_energyband_middle_low.mean": 0.01564996875822544, "lowlevel.spectral_energyband_middle_low.stdev": 0.01441462617367506, "lowlevel.spectral_entropy.mean": 7.141274929046631, "lowlevel.spectral_entropy.stdev": 0.6975041031837463, "lowlevel.spectral_flux.mean": 0.09448695927858353, "lowlevel.spectral_flux.stdev": 0.059151582419872284, "lowlevel.spectral_kurtosis.mean": 6.108439922332764, "lowlevel.spectral_kurtosis.stdev": 4.6610493659973145, "lowlevel.spectral_rms.mean": 0.005331665743142366, "lowlevel.spectral_rms.stdev": 0.0023449482396245003, "lowlevel.spectral_rolloff.mean": 1709.86572265625, "lowlevel.spectral_rolloff.stdev": 2590.442138671875, "lowlevel.spectral_skewness.mean": 2.0986406803131104, "lowlevel.spectral_skewness.stdev": 0.7472822070121765, "lowlevel.spectral_spread.mean": 6242555.0, "lowlevel.spectral_spread.stdev": 3485649.25, "lowlevel.spectral_strongpeak.mean": 2.262470006942749, "lowlevel.spectral_strongpeak.stdev": 2.3201828002929688, "lowlevel.zerocrossingrate.mean": 0.06894300878047943, "lowlevel.zerocrossingrate.stdev": 0.06585012376308441, "metadata.audio_properties.analysis.equal_loudness": 0.0, "metadata.audio_properties.analysis.length": 30.527982711791992, "metadata.audio_properties.analysis.sample_rate": 44100.0, "metadata.audio_properties.analysis.start_time": 0.0, "metadata.audio_properties.bit_rate": 125914.0, "metadata.audio_properties.length": 30.527999877929688, "metadata.audio_properties.lossless": 0.0, "metadata.audio_properties.number_channels": 1.0, "metadata.audio_properties.replay_gain": -14.502492904663086, "metadata.audio_properties.sample_rate": 48000.0, "rhythm.beats_count": 62.0, "rhythm.beats_loudness.mean": 0.06003544107079506, "rhythm.beats_loudness.stdev": 0.03778412938117981, "rhythm.bpm": 124.90022277832031, "rhythm.bpm_histogram_first_peak_bpm": 126.0, "rhythm.bpm_histogram_first_peak_weight": 0.5263158082962036, "rhythm.bpm_histogram_second_peak_bpm": 117.0, "rhythm.bpm_histogram_second_peak_spread": 0.5, "rhythm.bpm_histogram_second_peak_weight": 0.032786883413791656, "rhythm.danceability": 1.4915019273757935, "rhythm.onset_rate": 5.172552108764648, "tonal.chords_changes_rate": 0.07738998532295227, "tonal.chords_number_rate": 0.0075872535817325115, "tonal.chords_strength.mean": 0.5597937107086182, "tonal.chords_strength.stdev": 0.08199521899223328, "tonal.hpcp_crest.mean": 18.09871482849121, "tonal.hpcp_crest.stdev": 8.323552131652832, "tonal.hpcp_entropy.mean": 1.4444037675857544, "tonal.hpcp_entropy.stdev": 0.7573265433311462, "tonal.key_edma.strength": 0.6655771732330322, "tonal.key_krumhansl.strength": 0.6663475632667542, "tonal.key_temperley.strength": 0.6430031061172485, "tonal.tuning_diatonic_strength": 0.6053702235221863, "tonal.tuning_equal_tempered_deviation": 0.14327697455883026, "tonal.tuning_frequency": 443.0604248046875, "tonal.tuning_nontempered_energy_ratio": 0.867077648639679, "lowlevel.barkbands.mean": [8.306885865749791e-05, 0.005237109027802944, 0.0027575867716223, 0.0027691503055393696, 0.0008025670540519059, 0.004340808372944593, 0.0018946200143545866, 0.0011586108012124896, 0.002568882890045643, 0.003795347409322858, 0.0038194258231669664, 0.0019728296902030706, 0.0005824960535392165, 0.0004279988643247634, 0.0006448635831475258, 0.0003365029115229845, 0.00047943726531229913, 0.00021215254673734307, 0.00016421607870142907, 8.37530751596205e-05, 5.487057569553144e-05, 4.9583926738705486e-05, 7.034055306576192e-05, 0.00014928317978046834, 0.0002227726363344118, 9.258992940885946e-05, 2.716050857998198e-06], "lowlevel.barkbands.stdev": [0.00022535894822794944, 0.016879979521036148, 0.003975979518145323, 0.004091916140168905, 0.0021411075722426176, 0.007662348449230194, 0.004170167725533247, 0.004191054496914148, 0.0060745528899133205, 0.008226018399000168, 0.009203705005347729, 0.005761869717389345, 0.0025431993417441845, 0.0016816244460642338, 0.0017357387114316225, 0.0008882036781869829, 0.0012751769972965121, 0.0005433212500065565, 0.00028631146415136755, 0.00014157172699924558, 0.00012757153308484703, 0.0001311142841586843, 0.00014334275329019874, 0.00022982487280387431, 0.00039504290907643735, 0.00020881892123725265, 6.942622349015437e-06], "lowlevel.erbbands.mean": [0.15053226053714752, 1.1837314367294312, 2.5316202640533447, 8.304539680480957, 3.5641050338745117, 2.9622457027435303, 14.020185470581055, 39.17529296875, 35.05603790283203, 21.330978393554688, 38.414024353027344, 54.564292907714844, 123.8868408203125, 130.18531799316406, 124.532958984375, 81.39852905273438, 29.389751434326172, 28.40987777709961, 24.615324020385742, 28.834678649902344, 23.058303833007812, 24.095849990844727, 13.679862976074219, 10.542304039001465, 5.875214099884033, 3.834324598312378, 2.818472146987915, 1.8714008331298828, 1.7966034412384033, 1.6180213689804077, 2.1560537815093994, 2.572756052017212, 2.804647207260132, 2.6877386569976807, 1.473008155822754, 0.5696717500686646, 0.1369578093290329, 0.013424808159470558, 0.00044657476246356964, 5.703420174540952e-05], "lowlevel.erbbands.stdev": [0.5374117493629456, 3.668253183364868, 4.326634883880615, 9.387236595153809, 5.700301170349121, 7.988949775695801, 39.170310974121094, 74.52884674072266, 67.26929473876953, 53.599220275878906, 129.99703979492188, 126.0443115234375, 262.986328125, 317.3346862792969, 333.1574401855469, 240.78787231445312, 104.34619903564453, 90.61662292480469, 67.21687316894531, 72.56108093261719, 54.73463821411133, 61.03997802734375, 34.93954849243164, 22.121315002441406, 9.660052299499512, 6.412970066070557, 5.915812015533447, 4.571107387542725, 4.789916515350342, 3.893808364868164, 4.355981349945068, 4.173930644989014, 4.485342979431152, 4.674439430236816, 2.885401725769043, 1.2713333368301392, 0.3212589621543884, 0.028575073927640915, 0.0009541874751448631, 4.160318349022418e-05], "lowlevel.gfcc.mean": [-22.487258911132812, 69.86051177978516, -103.76545715332031, -3.1952617168426514, -57.67915725708008, 19.215221405029297, -52.63447952270508, 25.30042266845703, -37.86717987060547, -3.7486634254455566, -17.17521095275879, -2.4087765216827393, -9.767367362976074], "lowlevel.melbands.mean": [0.0014448760775849223, 0.00149509496986866, 0.0012192160356789827, 0.0001818914315663278, 0.0004041614884044975, 0.0008847105782479048, 0.0005206806235946715, 0.00021009620104450732, 0.0003484267508611083, 0.0003657297638710588, 0.0006096431752666831, 0.0004930999712087214, 0.00042321078944951296, 0.0002844305709004402, 9.566712833475322e-05, 6.867500633234158e-05, 5.0574304623296484e-05, 3.381758870091289e-05, 4.97851797263138e-05, 2.8318547265371308e-05, 2.782959745672997e-05, 2.817145286826417e-05, 1.654576772125438e-05, 8.453860573354177e-06, 8.862664799380582e-06, 4.664291736844461e-06, 3.337176394779817e-06, 2.353409399802331e-06, 1.9193014395568753e-06, 1.338086576652131e-06, 9.887825171972509e-07, 1.0270274515278288e-06, 9.387314889863774e-07, 8.701186402504391e-07, 1.1713192407114548e-06, 1.3898279576096684e-06, 1.6987070239338209e-06, 1.9299138784845127e-06, 2.0585716811183374e-06, 2.381593048994546e-06], "lowlevel.melbands.stdev": [0.00485699949786067, 0.0027235220186412334, 0.0013834891142323613, 0.0004326774214860052, 0.0010636913357302547, 0.001588326063938439, 0.000979186617769301, 0.0005524280131794512, 0.0011730692349374294, 0.0008795242756605148, 0.0013321875594556332, 0.001259325072169304, 0.0010320587316527963, 0.0007640693802386522, 0.0003123945789411664, 0.00031504180515185, 0.000188533216714859, 0.00010020796617027372, 0.00014282211486715823, 6.803580617997795e-05, 7.588176231365651e-05, 7.310228102141991e-05, 5.608684659819119e-05, 2.4183906134567223e-05, 1.9493581930873916e-05, 7.961774826981127e-06, 6.547012617375003e-06, 4.365085715107853e-06, 4.049016297358321e-06, 3.2222051231656224e-06, 2.5476267637714045e-06, 2.8192980607855134e-06, 2.6453303689777385e-06, 2.0473069071158534e-06, 2.5344793357362505e-06, 2.5880992780003e-06, 2.739574483712204e-06, 3.1477718493988505e-06, 3.531342599671916e-06, 4.305630227463553e-06], "lowlevel.melbands128.mean": [6.434795068344101e-05, 0.0009985535871237516, 0.002328196307644248, 0.001769646187312901, 0.001026230864226818, 0.0015935663832351565, 0.0019895380828529596, 0.0010164520936086774, 0.0002122889127349481, 0.00013133745233062655, 0.00014065894356463104, 0.00019938632613047957, 0.0004765444027725607, 0.0006483756587840617, 0.0008424150291830301, 0.0011593480594456196, 0.0007658794638700783, 0.0003063364129047841, 0.00037172503652982414, 0.0002021568943746388, 0.00014514417853206396, 0.00016172189498320222, 0.00048672541743144393, 0.00041527883149683475, 0.00020464022236410528, 0.00042696515447460115, 0.000498722365591675, 0.0008996337419375777, 0.00038490392034873366, 0.00030525928013958037, 0.0007135544437915087, 0.0005362449446693063, 0.00023260510351974517, 0.0005973256775178015, 0.00021768291480839252, 0.0002643464249558747, 0.0002504244912415743, 5.827348286402412e-05, 2.289425174240023e-05, 5.609341314993799e-05, 0.00011019646626664326, 3.4440370654920116e-05, 4.786098361364566e-05, 7.164499402279034e-05, 1.5413443179568276e-05, 2.7952481104875915e-05, 4.9130187107948586e-05, 5.558417979045771e-05, 5.119955676491372e-05, 3.044569348276127e-05, 2.4659086193423718e-05, 2.9182632715674117e-05, 1.669896846578922e-05, 3.5379162000026554e-05, 3.575507435016334e-05, 2.9107884984114207e-05, 1.8198512407252565e-05, 1.8910779544967227e-05, 1.6450252587674186e-05, 1.2880836948170327e-05, 5.678968591382727e-06, 5.6376279644609895e-06, 1.2738769328279886e-05, 8.672437616041861e-06, 5.272848284221254e-06, 4.549669483822072e-06, 4.354043994680978e-06, 3.6306560105003882e-06, 3.187928541592555e-06, 2.844835080395569e-06, 2.0775960365426727e-06, 2.2940839699003845e-06, 2.4075311557680834e-06, 1.744667429193214e-06, 1.5321096498155384e-06, 1.4313333167592646e-06, 1.2631070376301068e-06, 9.643870271247579e-07, 9.761672572494717e-07, 9.413574844074901e-07, 1.0753166179711116e-06, 1.0644700978446053e-06, 9.327610541731701e-07, 9.74079512161552e-07, 8.996619271783857e-07, 8.011936074581172e-07, 8.404744562540145e-07, 1.01295415788627e-06, 1.1922603562197764e-06, 1.2537797147160745e-06, 1.4491623687717947e-06, 1.4309387097455328e-06, 1.2972265039934427e-06, 1.5572870779578807e-06, 2.0878892428299878e-06, 2.0091333681193646e-06, 1.8001294392888667e-06, 1.9380652247491525e-06, 2.091369424306322e-06, 1.982207322726026e-06, 2.4506978206773056e-06, 2.4355015284527326e-06, 2.374903260715655e-06, 2.063880856439937e-06, 1.6359917935915291e-06, 1.3314661373442505e-06, 1.1455603043941665e-06, 1.2572935474963742e-06, 1.040528900375648e-06, 7.240205945890921e-07, 6.555628715432249e-07, 5.203086743676977e-07, 4.352090456904989e-07, 2.774942231553723e-07, 1.6156664628397266e-07, 1.0753774404292926e-07, 6.56638121654396e-08, 4.4214850447588105e-08, 1.0001178551988232e-08, 1.6332096786086936e-09, 7.111023436756625e-10, 1.546267142105151e-10, 6.836968057671866e-12, 6.461777293798043e-12, 5.615617779813897e-12, 4.293432363106087e-12, 3.575310186798575e-12, 3.4536943617491378e-12], "lowlevel.melbands128.stdev": [0.00021141163597349077, 0.0038207939360290766, 0.008129154331982136, 0.005608775187283754, 0.0027945400215685368, 0.0021052807569503784, 0.002271069912239909, 0.001651886384934187, 0.00044953139149583876, 0.0005347260157577693, 0.0004762698954436928, 0.0005820681108161807, 0.001658789929933846, 0.0019378747092559934, 0.0022218513768166304, 0.0025059166364371777, 0.0018694837344810367, 0.0009741610265336931, 0.0012833744985982776, 0.0006767819286324084, 0.0005878598312847316, 0.0010798772564157844, 0.0018540762830525637, 0.0015467650955542922, 0.0007186139118857682, 0.0016831636894494295, 0.0013160541420802474, 0.002407359890639782, 0.0015042313607409596, 0.0012940069427713752, 0.002293766476213932, 0.001781417173333466, 0.0009867849294096231, 0.002289106138050556, 0.0009775639045983553, 0.0010514138266444206, 0.000975539383944124, 0.0003510144306346774, 0.000185500510269776, 0.0003466657653916627, 0.0006156075978651643, 0.00015530003292951733, 0.00024027854669839144, 0.0003724119160324335, 8.134880044963211e-05, 0.00010997904610121623, 0.00025362122687511146, 0.000203880641493015, 0.00021933839889243245, 0.00011880486999871209, 7.933344022603706e-05, 0.00012313724437262863, 7.957799971336499e-05, 0.00014149733760859817, 0.0001194333890452981, 0.00011334590089973062, 8.694431744515896e-05, 0.0001299260911764577, 5.841042002430186e-05, 4.946208355249837e-05, 2.966287502204068e-05, 2.5805329642025754e-05, 3.774962169700302e-05, 2.0237843273207545e-05, 1.4410929907171521e-05, 1.090765272238059e-05, 8.92674142960459e-06, 1.3180825590097811e-05, 7.489882591471542e-06, 5.253242761682486e-06, 5.173260888113873e-06, 5.170681106392294e-06, 5.308259915182134e-06, 4.474123215914005e-06, 3.876797109114705e-06, 3.6283913686929736e-06, 3.581076953196316e-06, 2.6059799438371556e-06, 2.7677137950377073e-06, 2.836295834640623e-06, 3.278044914623024e-06, 3.188626124028815e-06, 2.8937395200046012e-06, 3.1079939617484342e-06, 2.6932405035040574e-06, 2.175371719204122e-06, 2.089039526254055e-06, 2.491171471774578e-06, 2.878076884371694e-06, 2.8077590741304448e-06, 2.97196470455674e-06, 2.7941400730924215e-06, 2.768741751424386e-06, 3.0963410608819686e-06, 3.3468429592176108e-06, 3.2407019716629293e-06, 3.5358166314836126e-06, 3.6234373510524165e-06, 3.918844868167071e-06, 3.8096188745839754e-06, 4.626318514056038e-06, 4.635908680938883e-06, 5.113217412144877e-06, 4.312727014621487e-06, 3.7391203022707487e-06, 2.9831794563506264e-06, 2.401869551249547e-06, 2.5372460186190438e-06, 2.76162859336182e-06, 1.8923711877505411e-06, 1.8828419570127153e-06, 1.3365003042054013e-06, 1.0901428595389007e-06, 7.107478836587688e-07, 3.156628167744202e-07, 2.3050378672451188e-07, 1.5478052262096753e-07, 1.33198909679777e-07, 3.651389590686449e-08, 1.3128030218467757e-08, 6.664881091467123e-09, 1.6469032804167227e-09, 4.2116119619572956e-11, 4.087765889670969e-11, 3.1287316487604855e-11, 1.3396643169794054e-11, 5.639081215869091e-12, 5.330530288005786e-12], "lowlevel.mfcc.mean": [-679.634521484375, 117.48441314697266, 6.000586032867432, -8.464174270629883, 17.359451293945312, -18.066213607788086, 8.363616943359375, 2.097768783569336, -1.584864616394043, -1.7659155130386353, -12.817486763000488, -4.697017192840576, -1.2936897277832031], "lowlevel.spectral_contrast_coeffs.mean": [-0.6420434713363647, -0.6720969080924988, -0.6747829914093018, -0.7672455310821533, -0.766016960144043, -0.809852659702301], "lowlevel.spectral_contrast_coeffs.stdev": [0.09160149097442627, 0.108443483710289, 0.12327883392572403, 0.08031774312257767, 0.07046137005090714, 0.032713692635297775], "lowlevel.spectral_contrast_valleys.mean": [-7.76163911819458, -7.432859897613525, -7.7998433113098145, -8.191962242126465, -8.406523704528809, -10.33435344696045], "lowlevel.spectral_contrast_valleys.stdev": [1.5410501956939697, 1.3903720378875732, 1.3768645524978638, 1.3576545715332031, 1.4255576133728027, 1.3910210132598877], "rhythm.beats_loudness_band_ratio.mean": [0.44802144169807434, 0.10915771126747131, 0.14346250891685486, 0.1888521909713745, 0.07023216038942337, 0.06281058490276337], "rhythm.beats_loudness_band_ratio.stdev": [0.3289119303226471, 0.17101958394050598, 0.18155647814273834, 0.23628345131874084, 0.07993508130311966, 0.10781186819076538], "tonal.hpcp.mean": [0.05046534165740013, 0.0591801293194294, 0.1296054720878601, 0.16820108890533447, 0.09740111976861954, 0.05187169089913368, 0.0414113886654377, 0.1065673828125, 0.2635074257850647, 0.22471866011619568, 0.06927939504384995, 0.02925289236009121, 0.02100939303636551, 0.033066119998693466, 0.0781322792172432, 0.09522785991430283, 0.1698160469532013, 0.3026983141899109, 0.21843938529491425, 0.05837130919098854, 0.02825895883142948, 0.026333188638091087, 0.03403400629758835, 0.08222921937704086, 0.11770067363977432, 0.08441684395074844, 0.04650159552693367, 0.04616256803274155, 0.07777691632509232, 0.21092060208320618, 0.22561921179294586, 0.08581758290529251, 0.05027047544717789, 0.059007678180933, 0.048235658556222916, 0.04342145845293999], "tonal.hpcp.stdev": [0.16379956901073456, 0.17296510934829712, 0.2653101682662964, 0.3176843225955963, 0.22723393142223358, 0.1483585685491562, 0.13436563313007355, 0.18001443147659302, 0.3651275038719177, 0.3138998746871948, 0.1650698482990265, 0.09630494564771652, 0.06845856457948685, 0.11433127522468567, 0.1897493302822113, 0.20779937505722046, 0.2566409409046173, 0.381295770406723, 0.30422860383987427, 0.14256437122821808, 0.0999298244714737, 0.10242477804422379, 0.11545401066541672, 0.19361737370491028, 0.24569164216518402, 0.20258411765098572, 0.15552352368831635, 0.1560584008693695, 0.19100260734558105, 0.3203519582748413, 0.34568727016448975, 0.17510388791561127, 0.159047931432724, 0.18111634254455566, 0.13883520662784576, 0.13468213379383087], "rhythm.beats_position": [0.5108389854431152, 1.0216779708862305, 1.5325169563293457, 2.0549659729003906, 2.554194927215576, 3.041814088821411, 3.529433012008667, 4.017052173614502, 4.493061065673828, 4.9690704345703125, 5.456689357757568, 5.944308280944824, 6.42031717300415, 6.896326541900635, 7.383945465087891, 7.859954357147217, 8.335963249206543, 8.823582649230957, 9.299592018127441, 9.77560043334961, 10.263219833374023, 10.739229202270508, 11.215237617492676, 11.70285701751709, 12.178866386413574, 12.654874801635742, 13.142494201660156, 13.63011360168457, 14.094511985778809, 14.582131385803223, 15.058140754699707, 15.534149169921875, 16.02176856994629, 16.497777938842773, 16.973787307739258, 17.46140480041504, 17.949024200439453, 18.413423538208008, 18.901042938232422, 19.388662338256836, 19.86467170715332, 20.340679168701172, 20.828298568725586, 21.30430793762207, 21.780317306518555, 22.25632667541504, 22.732336044311523, 23.219953536987305, 23.69596290588379, 24.171972274780273, 24.659591674804688, 25.1472110748291, 25.611610412597656, 26.099227905273438, 26.58684730529785, 27.051246643066406, 27.53886604309082, 28.014875411987305, 28.49088478088379, 28.97850227355957, 29.466121673583984, 29.94213104248047], "rhythm.bpm_histogram": [0.0, 0.0, 0.0, 0.0, 0.0, 0.0, 0.0, 0.0, 0.0, 0.0, 0.0, 0.0, 0.0, 0.0, 0.0, 0.0, 0.0, 0.0, 0.0, 0.0, 0.0, 0.0, 0.0, 0.0, 0.0, 0.0, 0.0, 0.0, 0.0, 0.0, 0.0, 0.0, 0.0, 0.0, 0.0, 0.0, 0.0, 0.0, 0.0, 0.0, 0.0, 0.0, 0.0, 0.0, 0.0, 0.0, 0.0, 0.0, 0.0, 0.0, 0.0, 0.0, 0.0, 0.0, 0.0, 0.0, 0.0, 0.0, 0.0, 0.0, 0.0, 0.0, 0.0, 0.0, 0.0, 0.0, 0.0, 0.0, 0.0, 0.0, 0.0, 0.0, 0.0, 0.0, 0.0, 0.0, 0.0, 0.0, 0.0, 0.0, 0.0, 0.0, 0.0, 0.0, 0.0, 0.0, 0.0, 0.0, 0.0, 0.0, 0.0, 0.0, 0.0, 0.0, 0.0, 0.0, 0.0, 0.0, 0.0, 0.0, 0.0, 0.0, 0.0, 0.0, 0.0, 0.0, 0.0, 0.0, 0.0, 0.0, 0.0, 0.0, 0.0, 0.0, 0.0, 0.016393441706895828, 0.0, 0.032786883413791656, 0.0, 0.0, 0.016393441706895828, 0.0, 0.0, 0.4262295067310333, 0.0, 0.0, 0.44262295961380005, 0.0, 0.0, 0.06557376682758331, 0.0, 0.0, 0.0, 0.0, 0.0, 0.0, 0.0, 0.0, 0.0, 0.0, 0.0, 0.0, 0.0, 0.0, 0.0, 0.0, 0.0, 0.0, 0.0, 0.0, 0.0, 0.0, 0.0, 0.0, 0.0, 0.0, 0.0, 0.0, 0.0, 0.0, 0.0, 0.0, 0.0, 0.0, 0.0, 0.0, 0.0, 0.0, 0.0, 0.0, 0.0, 0.0, 0.0, 0.0, 0.0, 0.0, 0.0, 0.0, 0.0, 0.0, 0.0, 0.0, 0.0, 0.0, 0.0, 0.0, 0.0, 0.0, 0.0, 0.0, 0.0, 0.0, 0.0, 0.0, 0.0, 0.0, 0.0, 0.0, 0.0, 0.0, 0.0, 0.0, 0.0, 0.0, 0.0, 0.0, 0.0, 0.0, 0.0, 0.0, 0.0, 0.0, 0.0, 0.0, 0.0, 0.0, 0.0, 0.0, 0.0, 0.0, 0.0, 0.0, 0.0, 0.0, 0.0, 0.0, 0.0, 0.0, 0.0, 0.0, 0.0, 0.0, 0.0, 0.0, 0.0, 0.0, 0.0, 0.0, 0.0, 0.0, 0.0, 0.0, 0.0, 0.0, 0.0, 0.0, 0.0, 0.0, 0.0, 0.0], "tonal.chords_histogram": [17.29893684387207, 13.960546493530273, 0.7587253451347351, 0.0, 7.4355082511901855, 0.0, 0.0, 0.0, 0.0, 0.45523521304130554, 42.18512725830078, 17.90591812133789, 0.0, 0.0, 0.0, 0.0, 0.0, 0.0, 0.0, 0.0, 0.0, 0.0, 0.0, 0.0], "tonal.thpcp": [1.0, 0.7216405868530273, 0.19283658266067505, 0.09335684031248093, 0.08699483424425125, 0.11243540048599243, 0.27165403962135315, 0.3888382315635681, 0.27888110280036926, 0.153623566031456, 0.15250355005264282, 0.25694531202316284, 0.6968013644218445, 0.7453600168228149, 0.28350862860679626, 0.16607451438903809, 0.19493891298770905, 0.15935225784778595, 0.14344796538352966, 0.1667182743549347, 0.19550861418247223, 0.4281671345233917, 0.5556723475456238, 0.32177621126174927, 0.17136432230472565, 0.13680745661258698, 0.3520580530166626, 0.8705282211303711, 0.7423849105834961, 0.22887274622917175, 0.09664042294025421, 0.06940703839063644, 0.10923787206411362, 0.2581193149089813, 0.31459659337997437, 0.561007559299469], "lowlevel.gfcc.cov": [[11445.615234375, -96.6543960571289, -522.105224609375, 306.14459228515625, -220.8728790283203, 210.3259735107422, -206.17953491210938, 412.46966552734375, -62.14796829223633, 195.90219116210938, -25.661148071289062, 152.9482421875, -35.41162109375], [-96.6543960571289, 1469.2513427734375, 109.67577362060547, 30.678071975708008, 227.64141845703125, -17.88252067565918, 130.6222381591797, 20.317277908325195, 16.7567081451416, -115.82140350341797, 50.02866744995117, -188.15576171875, 36.04020309448242], [-522.105224609375, 109.67577362060547, 1200.5035400390625, 564.8941040039062, 136.3264923095703, 71.00508117675781, 20.856660842895508, 73.09781646728516, 55.68017578125, -17.424774169921875, -109.66590881347656, -59.806434631347656, -121.52845764160156], [306.14459228515625, 30.678071975708008, 564.8941040039062, 956.0179443359375, 87.27015686035156, -57.25609588623047, 24.943553924560547, 22.9591064453125, 167.31622314453125, -2.0121724605560303, -106.10459899902344, 3.803288698196411, -63.29605484008789], [-220.8728790283203, 227.64141845703125, 136.3264923095703, 87.27015686035156, 431.80108642578125, 185.66397094726562, 90.15129852294922, 118.99888610839844, -16.109975814819336, -5.969006061553955, 29.793502807617188, -48.58266830444336, 0.8024008274078369], [210.3259735107422, -17.88252067565918, 71.00508117675781, -57.25609588623047, 185.66397094726562, 398.9508056640625, 219.62005615234375, -37.59003829956055, -37.81867980957031, 77.3838882446289, 27.385866165161133, 10.228540420532227, -16.355253219604492], [-206.17953491210938, 130.6222381591797, 20.856660842895508, 24.943553924560547, 90.15129852294922, 219.62005615234375, 344.9983215332031, -15.281042098999023, 17.28692626953125, 79.8974380493164, 44.74553298950195, 31.838565826416016, 6.5472798347473145], [412.46966552734375, 20.317277908325195, 73.09781646728516, 22.9591064453125, 118.99888610839844, -37.59003829956055, -15.281042098999023, 350.6726379394531, 63.05513381958008, -33.784698486328125, 36.39718246459961, 3.607800245285034, 24.58571434020996], [-62.14796829223633, 16.7567081451416, 55.68017578125, 167.31622314453125, -16.109975814819336, -37.81867980957031, 17.28692626953125, 63.05513381958008, 205.49261474609375, 58.71628952026367, 9.246599197387695, 40.42534637451172, 37.656864166259766], [195.90219116210938, -115.82140350341797, -17.424774169921875, -2.0121724605560303, -5.969006061553955, 77.3838882446289, 79.8974380493164, -33.784698486328125, 58.71628952026367, 204.5850067138672, 92.37828063964844, 64.63470458984375, 26.111854553222656], [-25.661148071289062, 50.02866744995117, -109.66590881347656, -106.10459899902344, 29.793502807617188, 27.385866165161133, 44.74553298950195, 36.39718246459961, 9.246599197387695, 92.37828063964844, 208.8519287109375, 78.64485168457031, 57.1778678894043], [152.9482421875, -188.15576171875, -59.806434631347656, 3.803288698196411, -48.58266830444336, 10.228540420532227, 31.838565826416016, 3.607800245285034, 40.42534637451172, 64.63470458984375, 78.64485168457031, 179.7601318359375, 76.00890350341797], [-35.41162109375, 36.04020309448242, -121.52845764160156, -63.29605484008789, 0.8024008274078369, -16.355253219604492, 6.5472798347473145, 24.58571434020996, 37.656864166259766, 26.111854553222656, 57.1778678894043, 76.00890350341797, 157.0864715576172]], "lowlevel.gfcc.icov": [[0.00017873867182061076, -0.00024247397959697992, 0.0002674291899893433, -0.00031943400972522795, 0.00046529670362360775, -0.0006169144180603325, 0.0005397220375016332, -0.0006341664702631533, 0.0005248170346021652, -0.0005879428936168551, 0.00039898179238662124, -0.0003997502208221704, 0.0002043786516878754], [-0.00024247397959697992, 0.0015983026241883636, -0.0005856197676621377, 0.0005445681163109839, -0.001229367800988257, 0.001532897586002946, -0.0017001337837427855, 0.0014517313102260232, -0.0013368577929213643, 0.0019449952524155378, -0.001735322060994804, 0.0023798588663339615, -0.0011681924806907773], [0.0002674291899893433, -0.0005856197676621377, 0.0017526785377413034, -0.0012685327092185616, 0.0007925385143607855, -0.0014917792286723852, 0.0011951744090765715, -0.0014232818502932787, 0.0010864663636311889, -0.0012234380701556802, 0.0010429840767756104, -0.0007995020714588463, 0.00100316118914634], [-0.00031943400972522795, 0.0005445681163109839, -0.0012685327092185616, 0.0026154397055506706, -0.0017301923362538218, 0.002125159604474902, -0.0014971049968153238, 0.001738222548738122, -0.002488780068233609, 0.001242358237504959, -4.691221329267137e-05, 1.4439530787058175e-05, 0.00029615979292429984], [0.00046529670362360775, -0.001229367800988257, 0.0007925385143607855, -0.0017301923362538218, 0.005731282290071249, -0.004367975052446127, 0.002133432310074568, -0.003458524588495493, 0.0024168093223124743, -0.0015361078549176455, 0.00041093945037573576, 2.6710957172326744e-05, -0.00021527342323679477], [-0.0006169144180603325, 0.001532897586002946, -0.0014917792286723852, 0.002125159604474902, -0.004367975052446127, 0.00833985023200512, -0.005212568212300539, 0.0034608813002705574, -0.0015583966160193086, 0.0011981670977547765, -0.0009520783205516636, 0.001253127702511847, -0.0003077238507103175], [0.0005397220375016332, -0.0017001337837427855, 0.0011951744090765715, -0.0014971049968153238, 0.002133432310074568, -0.005212568212300539, 0.0071994345635175705, -0.0024709098506718874, 0.0016670258482918143, -0.003087391145527363, 0.0015594876604154706, -0.0026045935228466988, 0.0011723908828571439], [-0.0006341664702631533, 0.0014517313102260232, -0.0014232818502932787, 0.001738222548738122, -0.003458524588495493, 0.0034608813002705574, -0.0024709098506718874, 0.006572162266820669, -0.0039638327434659, 0.0039306264370679855, -0.0028632255271077156, 0.0018729509320110083, -0.0009916020790114999], [0.0005248170346021652, -0.0013368577929213643, 0.0010864663636311889, -0.002488780068233609, 0.0024168093223124743, -0.0015583966160193086, 0.0016670258482918143, -0.0039638327434659, 0.009742692112922668, -0.005091662518680096, 0.002724218415096402, -0.0021107345819473267, -0.0008203954203054309], [-0.0005879428936168551, 0.0019449952524155378, -0.0012234380701556802, 0.001242358237504959, -0.0015361078549176455, 0.0011981670977547765, -0.003087391145527363, 0.0039306264370679855, -0.005091662518680096, 0.011377272196114063, -0.005851651541888714, 0.0020964734721928835, -0.0009336888324469328], [0.00039898179238662124, -0.001735322060994804, 0.0010429840767756104, -4.691221329267137e-05, 0.00041093945037573576, -0.0009520783205516636, 0.0015594876604154706, -0.0028632255271077156, 0.002724218415096402, -0.005851651541888714, 0.010227781720459461, -0.005109852179884911, 0.0006272923201322556], [-0.0003997502208221704, 0.0023798588663339615, -0.0007995020714588463, 1.4439530787058175e-05, 2.6710957172326744e-05, 0.001253127702511847, -0.0026045935228466988, 0.0018729509320110083, -0.0021107345819473267, 0.0020964734721928835, -0.005109852179884911, 0.012750509195029736, -0.005455190781503916], [0.0002043786516878754, -0.0011681924806907773, 0.00100316118914634, 0.00029615979292429984, -0.00021527342323679477, -0.0003077238507103175, 0.0011723908828571439, -0.0009916020790114999, -0.0008203954203054309, -0.0009336888324469328, 0.0006272923201322556, -0.005455190781503916, 0.010413948446512222]], "lowlevel.mfcc.cov": [[6253.65869140625, -451.01123046875, -72.72584533691406, 296.07147216796875, 33.67451095581055, -6.710624694824219, -29.635147094726562, 71.60360717773438, 110.91935729980469, 68.98516845703125, 61.57418441772461, 148.0741424560547, 137.4186248779297], [-451.01123046875, 1370.9295654296875, -51.700191497802734, -84.13427734375, 109.30397033691406, -57.56388854980469, 197.0961456298828, 9.262117385864258, 2.249258279800415, 77.95401000976562, -41.75535202026367, -47.302921295166016, -56.56763458251953], [-72.72584533691406, -51.700191497802734, 917.841064453125, 414.3353576660156, 119.96246337890625, 133.64939880371094, -40.83060073852539, 78.41304779052734, 55.127464294433594, 41.22274398803711, 76.65823364257812, 39.997615814208984, -87.21806335449219], [296.07147216796875, -84.13427734375, 414.3353576660156, 694.9061889648438, 159.6621856689453, 24.92998695373535, -75.30994415283203, 91.55219268798828, 108.76746368408203, 2.9116194248199463, 59.94903564453125, 90.61065673828125, -47.14993667602539], [33.67451095581055, 109.30397033691406, 119.96246337890625, 159.6621856689453, 458.6543273925781, -112.08531188964844, 90.52932739257812, 71.29975891113281, 81.47848510742188, 13.887569427490234, -10.732942581176758, 21.650083541870117, 9.479992866516113], [-6.710624694824219, -57.56388854980469, 133.64939880371094, 24.92998695373535, -112.08531188964844, 551.3145141601562, 101.88292694091797, 2.060265302658081, 14.132766723632812, 56.03691864013672, 78.08704376220703, -30.032630920410156, 44.540584564208984], [-29.635147094726562, 197.0961456298828, -40.83060073852539, -75.30994415283203, 90.52932739257812, 101.88292694091797, 333.8414306640625, 65.2928695678711, 10.698979377746582, 55.522560119628906, 26.315610885620117, 14.498941421508789, 68.2046127319336], [71.60360717773438, 9.262117385864258, 78.41304779052734, 91.55219268798828, 71.29975891113281, 2.060265302658081, 65.2928695678711, 190.85089111328125, 89.23245239257812, 8.32996654510498, 17.597131729125977, 43.3003044128418, 17.34258460998535], [110.91935729980469, 2.249258279800415, 55.127464294433594, 108.76746368408203, 81.47848510742188, 14.132766723632812, 10.698979377746582, 89.23245239257812, 179.058349609375, 47.881019592285156, 18.863178253173828, 19.67160987854004, 20.860511779785156], [68.98516845703125, 77.95401000976562, 41.22274398803711, 2.9116194248199463, 13.887569427490234, 56.03691864013672, 55.522560119628906, 8.32996654510498, 47.881019592285156, 154.1025848388672, 43.374473571777344, -8.981597900390625, 7.562038898468018], [61.57418441772461, -41.75535202026367, 76.65823364257812, 59.94903564453125, -10.732942581176758, 78.08704376220703, 26.315610885620117, 17.597131729125977, 18.863178253173828, 43.374473571777344, 153.78799438476562, 62.759132385253906, 22.15500831604004], [148.0741424560547, -47.302921295166016, 39.997615814208984, 90.61065673828125, 21.650083541870117, -30.032630920410156, 14.498941421508789, 43.3003044128418, 19.67160987854004, -8.981597900390625, 62.759132385253906, 154.5226287841797, 68.59017181396484], [137.4186248779297, -56.56763458251953, -87.21806335449219, -47.14993667602539, 9.479992866516113, 44.540584564208984, 68.2046127319336, 17.34258460998535, 20.860511779785156, 7.562038898468018, 22.15500831604004, 68.59017181396484, 164.35430908203125]], "lowlevel.mfcc.icov": [[0.00017468082660343498, 5.431481258710846e-05, 5.9038648032583296e-05, -9.825023880694062e-05, 9.444115676160436e-06, 9.836015124164987e-06, 7.706898031756282e-06, -1.5168399841059e-05, -1.3907684660807718e-05, -0.00013243740249890834, 3.649409700301476e-05, -8.48111740197055e-05, -9.068888175534084e-05], [5.431481258710846e-05, 0.0009025618783198297, 5.359274291549809e-05, 2.212309482274577e-05, -8.647353388369083e-05, 0.00012519705342128873, -0.000617250450886786, 0.00013721728464588523, -4.4844979129265994e-05, -0.00042711501009762287, 0.0003107086813542992, -0.00013777597632724792, 0.0005537061952054501], [5.9038648032583296e-05, 5.359274291549809e-05, 0.0017588356276974082, -0.0008039182866923511, -0.00037770348717458546, -0.0005362642114050686, 0.000276845385087654, -0.00046678195940330625, 0.00042820401722565293, -0.0004954349133186042, -0.00021197002206463367, -0.0003800668055191636, 0.000928934314288199], [-9.825023880694062e-05, 2.212309482274577e-05, -0.0008039182866923511, 0.0026502085383981466, -0.0006855626706965268, -0.0003532297268975526, 0.0006317610968835652, -0.00017292913980782032, -0.0009537310106679797, 0.00033638474997133017, -4.580455060931854e-05, -0.0015443000011146069, 0.0010710167698562145], [9.444115676160436e-06, -8.647353388369083e-05, -0.00037770348717458546, -0.0006855626706965268, 0.003209378570318222, 0.00105465913657099, -0.0013104946119710803, 0.0001124385089497082, -0.0010995084885507822, 0.00029398908372968435, 0.00020280302851460874, 0.0006232651649042964, -0.0005351501167751849], [9.836015124164987e-06, 0.00012519705342128873, -0.0005362642114050686, -0.0003532297268975526, 0.00105465913657099, 0.002804666059091687, -0.001113881473429501, 0.00028654010384343565, -0.0003288883017376065, 1.2203549886180554e-05, -0.0013340477598831058, 0.0019774693064391613, -0.0013441933551803231], [7.706898031756282e-06, -0.000617250450886786, 0.000276845385087654, 0.0006317610968835652, -0.0013104946119710803, -0.001113881473429501, 0.005153557751327753, -0.002141152508556843, 0.0015406907768920064, -0.0013165953569114208, -0.0003037522255908698, -3.619115523179062e-05, -0.001504921936430037], [-1.5168399841059e-05, 0.00013721728464588523, -0.00046678195940330625, -0.00017292913980782032, 0.0001124385089497082, 0.00028654010384343565, -0.002141152508556843, 0.00837215967476368, -0.0041586593724787235, 0.001327658537775278, 0.0003334119392093271, -0.0017208055360242724, 0.0008235234417952597], [-1.3907684660807718e-05, -4.4844979129265994e-05, 0.00042820401722565293, -0.0009537310106679797, -0.0010995084885507822, -0.0003288883017376065, 0.0015406907768920064, -0.0041586593724787235, 0.009428693912923336, -0.002987700281664729, 1.0445627594890539e-05, 0.0008531260536983609, -0.0015148777747526765], [-0.00013243740249890834, -0.00042711501009762287, -0.0004954349133186042, 0.00033638474997133017, 0.00029398908372968435, 1.2203549886180554e-05, -0.0013165953569114208, 0.001327658537775278, -0.002987700281664729, 0.009074370376765728, -0.0027376527432352304, 0.0017567779868841171, -0.00021910207578912377], [3.649409700301476e-05, 0.0003107086813542992, -0.00021197002206463367, -4.580455060931854e-05, 0.00020280302851460874, -0.0013340477598831058, -0.0003037522255908698, 0.0003334119392093271, 1.0445627594890539e-05, -0.0027376527432352304, 0.010032654739916325, -0.005001209210604429, 0.0012508960207924247], [-8.48111740197055e-05, -0.00013777597632724792, -0.0003800668055191636, -0.0015443000011146069, 0.0006232651649042964, 0.0019774693064391613, -3.619115523179062e-05, -0.0017208055360242724, 0.0008531260536983609, 0.0017567779868841171, -0.005001209210604429, 0.01294741127640009, -0.005914787296205759], [-9.068888175534084e-05, 0.0005537061952054501, 0.000928934314288199, 0.0010710167698562145, -0.0005351501167751849, -0.0013441933551803231, -0.001504921936430037, 0.0008235234417952597, -0.0015148777747526765, -0.00021910207578912377, 0.0012508960207924247, -0.005914787296205759, 0.010585959069430828]], "metadata.audio_properties.analysis.downmix": "mix", "metadata.audio_properties.codec": "mp3", "metadata.audio_properties.md5_encoded": "73c7be5cecd2a42edf4ecc647b19ab3d", "metadata.tags.file_name": "1182267656200527904.mp3", "metadata.version.essentia": "2.1-beta6-dev", "metadata.version.essentia_git_sha": "v2.1_beta5-1110-g77a6a954", "metadata.version.extractor": "music 2.0", "tonal.chords_key": "B", "tonal.chords_scale": "minor", "tonal.key_edma.key": "C", "tonal.key_edma.scale": "minor", "ton