{"song_id": "1182275467278041169", "download": "https://cdn.discordapp.com/attachments/1135911532732108921/1182275467278041169/chirp.mp4?ex=65841ad5&amp", "lyrics": "\u0421 \u043b\u044e\u0431\u043e\u0432\u044c\u044e \u0432\u0441\u0442\u0440\u0435\u0442\u0438\u0442\u044c\u0441\u044f - \u043f\u0440\u043e\u0431\u043b\u0435\u043c\u0430 \u0442\u0440\u0443\u0434\u043d\u0430\u044f\n\u041f\u043b\u0430\u043d\u0435\u0442\u0430 \u0432\u0435\u0440\u0442\u0438\u0442\u0441\u044f, \u043a\u0440\u0443\u0433\u043b\u0430\u044f, \u043a\u0440\u0443\u0433\u043b\u0430\u044f\n\u041b\u0435\u0442\u0438\u0442 \u043f\u043b\u0430\u043d\u0435\u0442\u0430 \u0432\u0434\u0430\u043b\u044c \u0441\u043a\u0432\u043e\u0437\u044c \u0441\u0443\u043c\u0430\u0442\u043e\u0445\u0443 \u0434\u043d\u0435\u0439\n\u041d\u0435\u043b\u0435\u0433\u043a\u043e, \u043d\u0435\u043b\u0435\u0433\u043a\u043e \u043f\u043e\u043b\u044e\u0431\u0438\u0442\u044c \u043d\u0430 \u043d\u0435\u0439\n\u0417\u0432\u0435\u043d\u0438\u0442 \u044f\u043d\u0432\u0430\u0440\u0441\u043a\u0430\u044f \u0432\u044c\u044e\u0433\u0430\n\u0418 \u043b\u0438\u0432\u043d\u0438 \u0445\u043b\u0435\u0449\u0443\u0442 \u0443\u043f\u0440\u0443\u0433\u043e\n\u0418 \u0437\u0432\u0451\u0437\u0434\u044b \u043c\u0447\u0430\u0442\u0441\u044f \u043f\u043e \u043a\u0440\u0443\u0433\u0443\n\u0418 \u0448\u0443\u043c\u044f\u0442 \u0433\u043e\u0440\u043e\u0434\u0430\n\u041d\u0435 \u0432\u0438\u0434\u044f\u0442 \u043b\u044e\u0434\u0438 \u0434\u0440\u0443\u0433 \u0434\u0440\u0443\u0433\u0430\n\u041f\u0440\u043e\u0445\u043e\u0434\u044f\u0442 \u043c\u0438\u043c\u043e \u0434\u0440\u0443\u0433 \u0434\u0440\u0443\u0433\u0430\n\u0422\u0435\u0440\u044f\u044e\u0442 \u043b\u044e\u0434\u0438 \u0434\u0440\u0443\u0433 \u0434\u0440\u0443\u0433\u0430\n\u0410 \u043f\u043e\u0442\u043e\u043c \u043d\u0435 \u043d\u0430\u0439\u0434\u0443\u0442 \u043d\u0438\u043a\u043e\u0433\u0434\u0430\n\u0412 \u043b\u044e\u0431\u0432\u0438 \u0435\u0449\u0451 \u043e\u0434\u043d\u0430 \u0437\u0430\u0434\u0430\u0447\u0430 \u0441\u043b\u043e\u0436\u043d\u0430\u044f\n\u041d\u0430\u0439\u0434\u0451\u0448\u044c, \u0430 \u0432\u0434\u0440\u0443\u0433 \u043e\u043d\u0430 \u043b\u043e\u0436\u043d\u0430\u044f, \u043b\u043e\u0436\u043d\u0430\u044f\n\u041d\u0430\u0439\u0434\u0451\u0448\u044c \u043e\u0431\u043c\u0430\u043d\u043d\u0443\u044e, \u043d\u043e \u0432 \u0441\u0443\u043c\u0430\u0442\u043e\u0445\u0435 \u0434\u043d\u0435\u0439\n\u041d\u0435\u043b\u0435\u0433\u043a\u043e, \u043d\u0435\u043b\u0435\u0433\u043a\u043e \u0440\u0430\u0437\u043e\u0431\u0440\u0430\u0442\u044c\u0441\u044f \u0432 \u043d\u0435\u0439\n\u0417\u0432\u0435\u043d\u0438\u0442 \u044f\u043d\u0432\u0430\u0440\u0441\u043a\u0430\u044f \u0432\u044c\u044e\u0433\u0430\n\u0418 \u043b\u0438\u0432\u043d\u0438 \u0445\u043b\u0435\u0449\u0443\u0442 \u0443\u043f\u0440\u0443\u0433\u043e\n\u0418 \u0437\u0432\u0451\u0437\u0434\u044b \u043c\u0447\u0430\u0442\u0441\u044f \u043f\u043e \u043a\u0440\u0443\u0433\u0443\n\u0418 \u0448\u0443\u043c\u044f\u0442 \u0433\u043e\u0440\u043e\u0434\u0430\n\u041d\u0435 \u0432\u0438\u0434\u044f\u0442 \u043b\u044e\u0434\u0438 \u0434\u0440\u0443\u0433 \u0434\u0440\u0443\u0433\u0430\n\u041f\u0440\u043e\u0445\u043e\u0434\u044f\u0442 \u043c\u0438\u043c\u043e \u0434\u0440\u0443\u0433 \u0434\u0440\u0443\u0433\u0430\n\u0422\u0435\u0440\u044f\u044e\u0442 \u043b\u044e\u0434\u0438 \u0434\u0440\u0443\u0433 \u0434\u0440\u0443\u0433\u0430\n\u0410 \u043f\u043e\u0442\u043e\u043c \u043d\u0435 \u043d\u0430\u0439\u0434\u0443\u0442 \u043d\u0438\u043a\u043e\u0433\u0434\u0430\n\u0410 \u0433\u0434\u0435-\u0442\u043e \u0435\u0441\u0442\u044c \u043c\u043e\u044f \u043b\u044e\u0431\u043e\u0432\u044c \u0441\u0435\u0440\u0434\u0435\u0447\u043d\u0430\u044f\n\u041d\u0435\u043f\u043e\u0432\u0442\u043e\u0440\u0438\u043c\u0430\u044f, \u0432\u0435\u0447\u043d\u0430\u044f, \u0432\u0435\u0447\u043d\u0430\u044f\n\u0415\u0451 \u0434\u0430\u0432\u043d\u043e \u0438\u0449\u0443, \u043d\u043e \u0432 \u0441\u0443\u043c\u0430\u0442\u043e\u0445\u0435", "style": ["pop"], "essentia_features": {"lowlevel.average_loudness": 0.9587847590446472, "lowlevel.barkbands_crest.mean": 16.364641189575195, "lowlevel.barkbands_crest.stdev": 4.90998649597168, "lowlevel.barkbands_flatness_db.mean": 0.41221320629119873, "lowlevel.barkbands_flatness_db.stdev": 0.08748940378427505, "lowlevel.barkbands_kurtosis.mean": 30.95333480834961, "lowlevel.barkbands_kurtosis.stdev": 43.07782745361328, "lowlevel.barkbands_skewness.mean": 2.7515652179718018, "lowlevel.barkbands_skewness.stdev": 2.5364789962768555, "lowlevel.barkbands_spread.mean": 2.734673261642456, "lowlevel.barkbands_spread.stdev": 6.2464375495910645, "lowlevel.dissonance.mean": 0.3351064920425415, "lowlevel.dissonance.stdev": 0.0820080041885376, "lowlevel.dynamic_complexity": 3.4972214698791504, "lowlevel.erbbands_crest.mean": 17.63787841796875, "lowlevel.erbbands_crest.stdev": 5.247183799743652, "lowlevel.erbbands_flatness_db.mean": 0.3667221665382385, "lowlevel.erbbands_flatness_db.stdev": 0.07534012198448181, "lowlevel.erbbands_kurtosis.mean": 13.903629302978516, "lowlevel.erbbands_kurtosis.stdev": 13.467772483825684, "lowlevel.erbbands_skewness.mean": 2.665872573852539, "lowlevel.erbbands_skewness.stdev": 1.4593762159347534, "lowlevel.erbbands_spread.mean": 10.734883308410645, "lowlevel.erbbands_spread.stdev": 14.027420043945312, "lowlevel.hfc.mean": 6.7065582275390625, "lowlevel.hfc.stdev": 6.23541784286499, "lowlevel.loudness_ebu128.integrated": -14.721643447875977, "lowlevel.loudness_ebu128.loudness_range": 3.2406845092773438, "lowlevel.loudness_ebu128.momentary.mean": -15.600975036621094, "lowlevel.loudness_ebu128.momentary.stdev": 3.17952036857605, "lowlevel.loudness_ebu128.short_term.mean": -14.907869338989258, "lowlevel.loudness_ebu128.short_term.stdev": 1.2724692821502686, "lowlevel.melbands_crest.mean": 17.564485549926758, "lowlevel.melbands_crest.stdev": 4.154550552368164, "lowlevel.melbands_flatness_db.mean": 0.5154244303703308, "lowlevel.melbands_flatness_db.stdev": 0.10992921143770218, "lowlevel.melbands_kurtosis.mean": 25.72776222229004, "lowlevel.melbands_kurtosis.stdev": 28.02048110961914, "lowlevel.melbands_skewness.mean": 2.492095947265625, "lowlevel.melbands_skewness.stdev": 1.8888694047927856, "lowlevel.melbands_spread.mean": 3.2297818660736084, "lowlevel.melbands_spread.stdev": 8.292482376098633, "lowlevel.pitch_salience.mean": 0.49166497588157654, "lowlevel.pitch_salience.stdev": 0.12806589901447296, "lowlevel.silence_rate_20dB.mean": 1.0, "lowlevel.silence_rate_20dB.stdev": 0.0, "lowlevel.silence_rate_30dB.mean": 0.9953650236129761, "lowlevel.silence_rate_30dB.stdev": 0.06792272627353668, "lowlevel.silence_rate_60dB.mean": 0.07068365812301636, "lowlevel.silence_rate_60dB.stdev": 0.256297767162323, "lowlevel.spectral_centroid.mean": 332.2881774902344, "lowlevel.spectral_centroid.stdev": 380.0458984375, "lowlevel.spectral_complexity.mean": 5.065469264984131, "lowlevel.spectral_complexity.stdev": 2.3234384059906006, "lowlevel.spectral_decrease.mean": -6.221910098247463e-09, "lowlevel.spectral_decrease.stdev": 5.399932945238106e-09, "lowlevel.spectral_energy.mean": 0.024091189727187157, "lowlevel.spectral_energy.stdev": 0.02087670937180519, "lowlevel.spectral_energyband_high.mean": 1.0486387509445194e-05, "lowlevel.spectral_energyband_high.stdev": 5.869191591045819e-05, "lowlevel.spectral_energyband_low.mean": 0.003238534787669778, "lowlevel.spectral_energyband_low.stdev": 0.005050660111010075, "lowlevel.spectral_energyband_middle_high.mean": 0.0005418743821792305, "lowlevel.spectral_energyband_middle_high.stdev": 0.0014164511812850833, "lowlevel.spectral_energyband_middle_low.mean": 0.021262841299176216, "lowlevel.spectral_energyband_middle_low.stdev": 0.018994266167283058, "lowlevel.spectral_entropy.mean": 5.029051303863525, "lowlevel.spectral_entropy.stdev": 0.8043727874755859, "lowlevel.spectral_flux.mean": 0.038670673966407776, "lowlevel.spectral_flux.stdev": 0.03849570453166962, "lowlevel.spectral_kurtosis.mean": 99.62486267089844, "lowlevel.spectral_kurtosis.stdev": 81.67871856689453, "lowlevel.spectral_rms.mean": 0.004414945840835571, "lowlevel.spectral_rms.stdev": 0.0020029619336128235, "lowlevel.spectral_rolloff.mean": 385.1772155761719, "lowlevel.spectral_rolloff.stdev": 784.9761352539062, "lowlevel.spectral_skewness.mean": 7.321468353271484, "lowlevel.spectral_skewness.stdev": 3.635962963104248, "lowlevel.spectral_spread.mean": 1653503.0, "lowlevel.spectral_spread.stdev": 1688685.25, "lowlevel.spectral_strongpeak.mean": 1.0266121625900269, "lowlevel.spectral_strongpeak.stdev": 0.7119618058204651, "lowlevel.zerocrossingrate.mean": 0.01718885824084282, "lowlevel.zerocrossingrate.stdev": 0.03219778463244438, "metadata.audio_properties.analysis.equal_loudness": 0.0, "metadata.audio_properties.analysis.length": 40.04265213012695, "metadata.audio_properties.analysis.sample_rate": 44100.0, "metadata.audio_properties.analysis.start_time": 0.0, "metadata.audio_properties.bit_rate": 112853.0, "metadata.audio_properties.length": 40.042667388916016, "metadata.audio_properties.lossless": 0.0, "metadata.audio_properties.number_channels": 1.0, "metadata.audio_properties.replay_gain": -13.37409782409668, "metadata.audio_properties.sample_rate": 48000.0, "rhythm.beats_count": 88.0, "rhythm.beats_loudness.mean": 0.04525710642337799, "rhythm.beats_loudness.stdev": 0.028706740587949753, "rhythm.bpm": 134.93496704101562, "rhythm.bpm_histogram_first_peak_bpm": 136.0, "rhythm.bpm_histogram_first_peak_weight": 0.45454543828964233, "rhythm.bpm_histogram_second_peak_bpm": 129.0, "rhythm.bpm_histogram_second_peak_spread": 0.16129034757614136, "rhythm.bpm_histogram_second_peak_weight": 0.29885056614875793, "rhythm.danceability": 1.2297453880310059, "rhythm.onset_rate": 3.8947012424468994, "tonal.chords_changes_rate": 0.03356481343507767, "tonal.chords_number_rate": 0.004629629664123058, "tonal.chords_strength.mean": 0.526957631111145, "tonal.chords_strength.stdev": 0.09071233123540878, "tonal.hpcp_crest.mean": 20.090757369995117, "tonal.hpcp_crest.stdev": 8.505416870117188, "tonal.hpcp_entropy.mean": 1.2903183698654175, "tonal.hpcp_entropy.stdev": 0.6845718622207642, "tonal.key_edma.strength": 0.7930465340614319, "tonal.key_krumhansl.strength": 0.7798498272895813, "tonal.key_temperley.strength": 0.7673371434211731, "tonal.tuning_diatonic_strength": 0.6210235357284546, "tonal.tuning_equal_tempered_deviation": 0.06733599305152893, "tonal.tuning_frequency": 440.0, "tonal.tuning_nontempered_energy_ratio": 0.639228105545044, "lowlevel.barkbands.mean": [2.1687008029402932e-06, 0.0006645179819315672, 0.0016213536728173494, 0.002407254185527563, 0.012557977810502052, 0.004601289518177509, 0.0013647553278133273, 0.00022870332759339362, 7.433725841110572e-05, 5.525173764908686e-05, 6.822985596954823e-05, 0.00015571214316878468, 9.43126724450849e-05, 0.00011962610733462498, 1.773189433151856e-05, 9.254969882022124e-06, 1.9539680579327978e-05, 5.158660314918961e-06, 1.188070837088162e-05, 2.933259565907065e-06, 1.767729941093421e-06, 1.4514447457258939e-06, 1.9960782537964405e-06, 1.8804694263963029e-06, 1.6212356968026143e-06, 5.399047608989349e-07, 2.5155608707194688e-09], "lowlevel.barkbands.stdev": [4.085550244781189e-06, 0.0021472612861543894, 0.00267913774587214, 0.0031771871726959944, 0.01395341195166111, 0.007468611933290958, 0.005196594633162022, 0.0014489113818854094, 0.0003136071318294853, 0.00024594872957095504, 0.0004246626340318471, 0.0005393014871515334, 0.000437693961430341, 0.0005982458824291825, 8.500535477651283e-05, 3.3058277040254325e-05, 6.347502494463697e-05, 3.264174665673636e-05, 5.584866812569089e-05, 1.8927148630609736e-05, 9.759502972883638e-06, 9.96089875116013e-06, 1.0278277841280214e-05, 1.2973935554327909e-05, 1.1769351658585947e-05, 4.0267445911013056e-06, 3.221205346903844e-08], "lowlevel.erbbands.mean": [0.0033937289845198393, 0.21803425252437592, 1.6314743757247925, 5.542107105255127, 28.738157272338867, 37.76816177368164, 49.1151008605957, 31.739639282226562, 25.24928855895996, 12.743328094482422, 4.019564151763916, 1.526391625404358, 2.452906370162964, 1.7721551656723022, 3.0174996852874756, 7.928305149078369, 5.63134241104126, 6.886704444885254, 1.1434342861175537, 0.7214322686195374, 0.7562035322189331, 0.9501928091049194, 0.3534204363822937, 0.4993198812007904, 0.46931201219558716, 0.1738455444574356, 0.07629961520433426, 0.0694381594657898, 0.05499748885631561, 0.04792473837733269, 0.05664520338177681, 0.038588594645261765, 0.03456192836165428, 0.02113194391131401, 0.009668399579823017, 0.0037134645972400904, 0.0007680357666686177, 5.2634448366006836e-05, 1.2320205314608756e-05, 2.6640769647201523e-05], "lowlevel.erbbands.stdev": [0.009716512635350227, 0.6686557531356812, 3.3453145027160645, 6.653796195983887, 56.21833419799805, 38.02086639404297, 54.18666458129883, 74.83454132080078, 83.19892883300781, 49.60836410522461, 34.86454772949219, 7.08851432800293, 9.290668487548828, 8.077157974243164, 14.177774429321289, 26.966327667236328, 23.307353973388672, 33.76776123046875, 3.4398903846740723, 3.3612449169158936, 2.2689929008483887, 3.1870028972625732, 1.86480712890625, 2.714329719543457, 2.182391405105591, 1.1352351903915405, 0.41607868671417236, 0.4354371726512909, 0.3839600086212158, 0.2452247440814972, 0.3048211932182312, 0.2517376244068146, 0.2538440525531769, 0.15270958840847015, 0.07193348556756973, 0.028813565149903297, 0.005609872750937939, 0.00044930039439350367, 1.3165128621039912e-05, 2.294480145792477e-05], "lowlevel.gfcc.mean": [-215.5432586669922, 200.18336486816406, -68.26930236816406, -6.214118480682373, -38.33540725708008, -14.715646743774414, -58.11592483520508, -37.90021514892578, -33.1906623840332, -20.163198471069336, -1.5863375663757324, -12.306395530700684, -4.804240703582764], "lowlevel.melbands.mean": [9.707272693049163e-05, 0.0006844757008366287, 0.0016339014982804656, 0.0023723505437374115, 0.0018021287396550179, 0.0007335011614486575, 0.00036735209869220853, 0.00011308357352390885, 2.4140739697031677e-05, 9.864037565421313e-06, 1.2108584087400232e-05, 6.4819246290426236e-06, 1.049545517162187e-05, 1.6846986909513362e-05, 1.520941896160366e-05, 1.257480926142307e-05, 1.184426037070807e-05, 1.4768951359656057e-06, 1.1753492117350106e-06, 6.601178483833792e-07, 9.954736697181943e-07, 1.1143798701596097e-06, 5.227196879786788e-07, 2.4458418579342833e-07, 4.0364298570239043e-07, 5.153972892912861e-07, 1.3258258491077868e-07, 1.016059059111285e-07, 4.728509850338014e-08, 4.24048849367864e-08, 3.6101305056490673e-08, 3.462122677433399e-08, 2.232806473045912e-08, 2.8180474842542935e-08, 3.353673250217071e-08, 2.8654222106183624e-08, 2.2368801921857084e-08, 2.4689274624734026e-08, 2.137188737094675e-08, 1.6535354419033865e-08], "lowlevel.melbands.stdev": [0.0003110317047685385, 0.0013823873596265912, 0.002334212651476264, 0.0031367710325866938, 0.0018306917045265436, 0.0015547326765954494, 0.0012061209417879581, 0.0004538003704510629, 0.00024357278016395867, 4.216616434860043e-05, 4.616037040250376e-05, 3.314179048174992e-05, 6.48137356620282e-05, 5.7564939197618514e-05, 4.9226946430280805e-05, 5.0903228839160874e-05, 5.779722414445132e-05, 4.431395154824713e-06, 6.844693416496739e-06, 2.896049409173429e-06, 3.0002272524143336e-06, 3.7805168631166453e-06, 2.772853349597426e-06, 1.6003094742700341e-06, 2.377539431108744e-06, 2.7345720354787773e-06, 6.070549716241658e-07, 7.432413440255914e-07, 2.687702647108381e-07, 2.512589389880304e-07, 2.4037618118200044e-07, 2.7757513976212067e-07, 1.414748993511239e-07, 1.328618424167871e-07, 1.7290923892687715e-07, 1.9516058102908573e-07, 1.5442502387941204e-07, 1.8372094245933113e-07, 1.552681681005197e-07, 1.2141822480771225e-07], "lowlevel.melbands128.mean": [9.713329518490355e-07, 1.3687279079022119e-06, 3.6958961572963744e-05, 0.00045710327685810626, 0.0007573367329314351, 0.000807593110948801, 0.0009125825017690659, 0.0013492678990587592, 0.0037323941942304373, 0.0019659921526908875, 0.001979515654966235, 0.002460569143295288, 0.001865952624939382, 0.0009397550020366907, 0.0006420714780688286, 0.0007295956602320075, 0.00045542779844254255, 0.0003414127859286964, 0.00017749625840224326, 0.0001635186781641096, 5.0365339120617136e-05, 3.972204649471678e-05, 2.3520116883446462e-05, 6.261610451474553e-06, 6.558379936905112e-06, 9.430464160686824e-06, 2.1613737771986052e-05, 1.2469056855479721e-05, 4.124464339838596e-06, 7.098841706465464e-06, 4.311914381105453e-06, 1.0666431080608163e-05, 1.7523441783851013e-05, 3.3241656183236046e-06, 5.4113033911562525e-06, 2.4907612896640785e-05, 3.299262607470155e-05, 3.847022526315413e-06, 1.6245352526311763e-05, 1.256274390470935e-05, 2.346457449675654e-06, 2.871352990041487e-05, 1.400528708472848e-05, 4.532455022854265e-06, 6.597505830541195e-07, 1.2818962886740337e-06, 1.6723191720302566e-06, 1.0537567050050711e-06, 1.0044543614640133e-06, 1.1484046353871236e-06, 3.478314738458721e-07, 4.6474889359160443e-07, 9.728453278512461e-07, 9.774410045793047e-07, 1.687128587946063e-06, 9.656262136559235e-07, 8.573648528908961e-07, 8.588854711888416e-07, 2.736304907102749e-07, 1.6847305062128726e-07, 2.1698912178180763e-07, 2.986533615967346e-07, 3.960665821978182e-07, 3.827310877113632e-07, 5.000201213078981e-07, 7.350396913352597e-07, 3.6998892483097734e-07, 1.1030748225948628e-07, 7.428369031003967e-08, 1.6663653923387756e-07, 1.3298482315349247e-07, 5.316685047773717e-08, 4.0326060712914114e-08, 6.08307502147909e-08, 3.266112358346618e-08, 3.2994222465276835e-08, 4.994777924594018e-08, 5.87298565335459e-08, 1.9568629383570624e-08, 2.84780110604288e-08, 5.005689729387086e-08, 3.075757604165119e-08, 2.094695794596646e-08, 2.0375317433263263e-08, 2.2463016335905195e-08, 2.88809349768826e-08, 2.6946018749640643e-08, 3.3396382548289694e-08, 3.613274657254806e-08, 3.115594893188245e-08, 3.501049761212016e-08, 2.7712125927337183e-08, 1.69398983729252e-08, 2.2957671319545625e-08, 2.4859664549126137e-08, 2.4151342259415287e-08, 2.4741728665844676e-08, 2.6749731318886916e-08, 1.957456419177106e-08, 1.9912258508725245e-08, 2.0262252320435437e-08, 1.5876324255259533e-08, 1.2347951106050914e-08, 1.2420285244729712e-08, 1.0346317580456343e-08, 9.699794745188228e-09, 9.855042115702872e-09, 7.516994138256905e-09, 6.208690894737856e-09, 5.321483698139673e-09, 3.4622311684273654e-09, 2.6723228074843064e-09, 2.3558206496687717e-09, 1.6201879837751676e-09, 7.749812458435201e-10, 3.8230835164299037e-10, 8.23303925034935e-11, 4.947812992650569e-12, 3.351549723515368e-12, 3.259599621469045e-12, 3.1806829305786044e-12, 3.114626178496449e-12, 3.0551186580574097e-12, 3.001176130529304e-12, 2.943228343335602e-12, 2.8649066625974218e-12, 2.8201015741385893e-12, 2.801937718302505e-12], "lowlevel.melbands128.stdev": [1.9090382465947187e-06, 3.2689274576114258e-06, 0.00011521085980348289, 0.001483147032558918, 0.002147854771465063, 0.0011633157264441252, 0.0015325801214203238, 0.002028839197009802, 0.007940213195979595, 0.0035524945706129074, 0.0025446871295571327, 0.0031824554316699505, 0.0025764198508113623, 0.001811344875022769, 0.002050030278041959, 0.002365099499002099, 0.0014472424518316984, 0.0019338609417900443, 0.0009156109299510717, 0.0008133581723086536, 0.00023415411124005914, 0.00046635171747766435, 0.0003005044418387115, 4.676805474446155e-05, 6.440881406888366e-05, 4.137336873100139e-05, 0.00010576889326330274, 5.457841689349152e-05, 3.7527319364016876e-05, 6.083701373427175e-05, 2.862691144400742e-05, 6.740944081684574e-05, 0.00012675671314354986, 1.4175496289681178e-05, 3.606085374485701e-05, 9.27843721001409e-05, 0.0001276558468816802, 3.3446620363974944e-05, 9.444679017178714e-05, 7.256479875650257e-05, 1.0449422916281037e-05, 0.00017347752873320132, 7.094455213518813e-05, 1.9326796973473392e-05, 2.3626537313248264e-06, 5.063506705482723e-06, 8.742294994590338e-06, 1.1546847417776007e-05, 6.75222736390424e-06, 6.148228294478031e-06, 1.9163915112585528e-06, 2.8453389404603513e-06, 4.043047283630585e-06, 3.128003982055816e-06, 7.585448202007683e-06, 5.164412868907675e-06, 4.359284048405243e-06, 5.310477718012407e-06, 2.203065378125757e-06, 1.228956421073235e-06, 1.4525874121318338e-06, 1.8888696331487154e-06, 3.6227263535693055e-06, 2.210516640843707e-06, 3.94134440284688e-06, 4.788105798070319e-06, 1.7001323158183368e-06, 5.074513751424092e-07, 3.960214485232427e-07, 1.397329697283567e-06, 1.0974856650136644e-06, 4.753490543407679e-07, 3.192593567291624e-07, 3.5098469197691884e-07, 2.3257540249232989e-07, 2.3733092291422508e-07, 3.4459915809748054e-07, 4.399352917516808e-07, 1.6456739615478e-07, 2.6061118774123315e-07, 5.571504857471155e-07, 2.2740756833172782e-07, 1.5656534912977804e-07, 1.3439412782645377e-07, 1.571818017964688e-07, 1.6019362192309927e-07, 1.1496737073457552e-07, 1.5351106696925854e-07, 2.002442869297738e-07, 1.944643059914597e-07, 2.542927290960506e-07, 2.190370622656701e-07, 1.1703646407568158e-07, 1.781954068746927e-07, 1.8210158714282443e-07, 1.8121568245987874e-07, 2.0227044217335788e-07, 2.1307532449554856e-07, 1.411073498047699e-07, 1.5436447142747056e-07, 1.5060864200222568e-07, 1.323312375234309e-07, 8.917457705592824e-08, 1.0103268976990876e-07, 8.620823876981376e-08, 8.653245231471374e-08, 7.73593029634867e-08, 6.420825116038031e-08, 5.1414442481245715e-08, 4.555497312708212e-08, 2.783324148936117e-08, 2.2091224849418722e-08, 1.9570308040783857e-08, 1.3248429908685466e-08, 8.139946494623018e-09, 6.308245925623623e-09, 1.5305312572877483e-09, 3.7037647254711814e-11, 5.2685568581456454e-12, 5.1315340865443204e-12, 5.010330692001297e-12, 4.901410440710796e-12, 4.8054893397875276e-12, 4.723208803236734e-12, 4.6556031599309655e-12, 4.5994570999075e-12, 4.559815199034478e-12, 4.535283606998952e-12], "lowlevel.mfcc.mean": [-882.5317993164062, 240.43023681640625, 30.13629722595215, 15.15505599975586, 22.65973663330078, 7.611989974975586, -9.094847679138184, -20.07908821105957, -31.636491775512695, -20.97134780883789, -15.925841331481934, -12.851543426513672, -7.101939678192139], "lowlevel.spectral_contrast_coeffs.mean": [-0.5332230925559998, -0.6687629222869873, -0.7502434253692627, -0.7774142622947693, -0.807300865650177, -0.8417049050331116], "lowlevel.spectral_contrast_coeffs.stdev": [0.08303598314523697, 0.10445603728294373, 0.07284539192914963, 0.0641111508011818, 0.06153639778494835, 0.052748821675777435], "lowlevel.spectral_contrast_valleys.mean": [-7.40169095993042, -8.478188514709473, -9.427730560302734, -10.081168174743652, -11.06912612915039, -13.52466106414795], "lowlevel.spectral_contrast_valleys.stdev": [1.0673316717147827, 1.048828363418579, 1.039770245552063, 1.0915093421936035, 1.2736666202545166, 1.1744862794876099], "rhythm.beats_loudness_band_ratio.mean": [0.4521949589252472, 0.6411409974098206, 0.08383072167634964, 0.025428391993045807, 0.002202077070251107, 0.0007238790858536959], "rhythm.beats_loudness_band_ratio.stdev": [0.2817980647087097, 0.1560564637184143, 0.1337021291255951, 0.05580557882785797, 0.004214253276586533, 0.0023521778639405966], "tonal.hpcp.mean": [0.026225153356790543, 0.01837683469057083, 0.0059244511649012566, 0.005820326041430235, 0.007195867132395506, 0.1019962877035141, 0.273764044046402, 0.18527854979038239, 0.13576814532279968, 0.21055810153484344, 0.08740735799074173, 0.007580763194710016, 0.007872091606259346, 0.010352146811783314, 0.12186332792043686, 0.2977549135684967, 0.18784822523593903, 0.007722008973360062, 0.004021995235234499, 0.005000498611479998, 0.028982868418097496, 0.07260388135910034, 0.05164303258061409, 0.010648204013705254, 0.010642367415130138, 0.018795179203152657, 0.03143921494483948, 0.05151978135108948, 0.05611972510814667, 0.2552388310432434, 0.41393834352493286, 0.19302508234977722, 0.016643675044178963, 0.007509290240705013, 0.008440716192126274, 0.01595996506512165], "tonal.hpcp.stdev": [0.09741661697626114, 0.07952374964952469, 0.057226818054914474, 0.05940089747309685, 0.05729366093873978, 0.16986612975597382, 0.37776339054107666, 0.2621104121208191, 0.25662970542907715, 0.38936930894851685, 0.1787499040365219, 0.05963332951068878, 0.06177934259176254, 0.06434864550828934, 0.18004187941551208, 0.38215702772140503, 0.2445133626461029, 0.04119716212153435, 0.03894229605793953, 0.051241904497146606, 0.09982133656740189, 0.21827788650989532, 0.16178232431411743, 0.07302911579608917, 0.07422615587711334, 0.10613022744655609, 0.137416809797287, 0.17109724879264832, 0.1648513227701187, 0.2868279814720154, 0.43849921226501465, 0.22994981706142426, 0.0949908196926117, 0.05397846922278404, 0.07224088162183762, 0.08752325922250748], "rhythm.beats_position": [0.41795918345451355, 0.847528338432312, 1.277097463607788, 1.7182766199111938, 2.1594557762145996, 2.600634813308716, 3.0534238815307617, 3.5062131881713867, 3.9706122875213623, 4.423401355743408, 4.887800216674805, 5.34058952331543, 5.804988384246826, 6.2809977531433105, 6.733786582946777, 7.186575889587402, 7.650974750518799, 8.103763580322266, 8.56816291809082, 9.032562255859375, 9.49696159362793, 9.938140869140625, 10.402539253234863, 10.866938591003418, 11.331337928771973, 11.795736312866211, 12.260135650634766, 12.72453498840332, 13.188934326171875, 13.653332710266113, 14.094511985778809, 14.558911323547363, 15.023310661315918, 15.499319076538086, 15.97532844543457, 16.439727783203125, 16.90412712097168, 17.368526458740234, 17.80970573425293, 18.250883102416992, 18.692062377929688, 19.144851684570312, 19.597640991210938, 20.050430297851562, 20.503219604492188, 20.967618942260742, 21.443628311157227, 21.91963768005371, 22.384035110473633, 22.848434448242188, 23.301223754882812, 23.765623092651367, 24.218412399291992, 24.659591674804688, 25.089160919189453, 25.53034019470215, 25.983129501342773, 26.42430877685547, 26.87709617614746, 27.329885482788086, 27.77106475830078, 28.223854064941406, 28.6650333404541, 29.106212615966797, 29.547391891479492, 30.000181198120117, 30.441360473632812, 30.882539749145508, 31.323719024658203, 31.7648983001709, 32.206077575683594, 32.6240348815918, 33.065216064453125, 33.50639343261719, 33.947574615478516, 34.41197204589844, 34.8531494140625, 35.305938720703125, 35.73550796508789, 36.17668914794922, 36.61786651611328, 37.05904769897461, 37.50022506713867, 37.94140625, 38.38258361816406, 38.83537292480469, 39.299774169921875, 39.7525634765625], "rhythm.bpm_histogram": [0.0, 0.0, 0.0, 0.0, 0.0, 0.0, 0.0, 0.0, 0.0, 0.0, 0.0, 0.0, 0.0, 0.0, 0.0, 0.0, 0.0, 0.0, 0.0, 0.0, 0.0, 0.0, 0.0, 0.0, 0.0, 0.0, 0.0, 0.0, 0.0, 0.0, 0.0, 0.0, 0.0, 0.0, 0.0, 0.0, 0.0, 0.0, 0.0, 0.0, 0.0, 0.0, 0.0, 0.0, 0.0, 0.0, 0.0, 0.0, 0.0, 0.0, 0.0, 0.0, 0.0, 0.0, 0.0, 0.0, 0.0, 0.0, 0.0, 0.0, 0.0, 0.0, 0.0, 0.0, 0.0, 0.0, 0.0, 0.0, 0.0, 0.0, 0.0, 0.0, 0.0, 0.0, 0.0, 0.0, 0.0, 0.0, 0.0, 0.0, 0.0, 0.0, 0.0, 0.0, 0.0, 0.0, 0.0, 0.0, 0.0, 0.0, 0.0, 0.0, 0.0, 0.0, 0.0, 0.0, 0.0, 0.0, 0.0, 0.0, 0.0, 0.0, 0.0, 0.0, 0.0, 0.0, 0.0, 0.0, 0.0, 0.0, 0.0, 0.0, 0.0, 0.0, 0.0, 0.0, 0.0, 0.0, 0.0, 0.0, 0.0, 0.0, 0.0, 0.0, 0.0, 0.0, 0.05747126415371895, 0.0, 0.0, 0.29885056614875793, 0.0, 0.0, 0.0, 0.24137930572032928, 0.0, 0.0, 0.3448275923728943, 0.0, 0.0, 0.0, 0.04597701132297516, 0.0, 0.0, 0.0, 0.01149425283074379, 0.0, 0.0, 0.0, 0.0, 0.0, 0.0, 0.0, 0.0, 0.0, 0.0, 0.0, 0.0, 0.0, 0.0, 0.0, 0.0, 0.0, 0.0, 0.0, 0.0, 0.0, 0.0, 0.0, 0.0, 0.0, 0.0, 0.0, 0.0, 0.0, 0.0, 0.0, 0.0, 0.0, 0.0, 0.0, 0.0, 0.0, 0.0, 0.0, 0.0, 0.0, 0.0, 0.0, 0.0, 0.0, 0.0, 0.0, 0.0, 0.0, 0.0, 0.0, 0.0, 0.0, 0.0, 0.0, 0.0, 0.0, 0.0, 0.0, 0.0, 0.0, 0.0, 0.0, 0.0, 0.0, 0.0, 0.0, 0.0, 0.0, 0.0, 0.0, 0.0, 0.0, 0.0, 0.0, 0.0, 0.0, 0.0, 0.0, 0.0, 0.0, 0.0, 0.0, 0.0, 0.0, 0.0, 0.0, 0.0, 0.0, 0.0, 0.0, 0.0, 0.0, 0.0, 0.0, 0.0, 0.0, 0.0, 0.0, 0.0, 0.0, 0.0, 0.0, 0.0, 0.0], "tonal.chords_histogram": [21.412036895751953, 6.25, 60.64814758300781, 11.574073791503906, 0.0, 0.0, 0.0, 0.0, 0.0, 0.0, 0.0, 0.0, 0.11574073880910873, 0.0, 0.0, 0.0, 0.0, 0.0, 0.0, 0.0, 0.0, 0.0, 0.0, 0.0], "tonal.thpcp": [1.0, 0.46631360054016113, 0.04020810127258301, 0.018141083419322968, 0.02039124071598053, 0.038556382060050964, 0.0633552148938179, 0.04439510032534599, 0.014312400482594967, 0.01406085304915905, 0.017383910715579987, 0.24640454351902008, 0.6613643169403076, 0.4475993812084198, 0.32799121737480164, 0.5086702108383179, 0.2111603319644928, 0.018313748762011528, 0.019017545506358147, 0.0250089094042778, 0.2943997085094452, 0.7193219065666199, 0.4538072645664215, 0.018654974177479744, 0.009716411121189594, 0.0120802978053689, 0.07001735270023346, 0.1753978133201599, 0.124760203063488, 0.025724129751324654, 0.025710029527544975, 0.04540574550628662, 0.07595144212245941, 0.12446245551109314, 0.1355750858783722, 0.6166107654571533], "lowlevel.gfcc.cov": [[9152.5078125, -602.8812866210938, -1960.57177734375, 601.2318115234375, -644.7348022460938, -470.1717834472656, -364.4961853027344, 402.9808654785156, -36.83439636230469, -142.6705322265625, 247.30445861816406, 45.6318359375, -259.1458740234375], [-602.8812866210938, 2156.939208984375, 471.1716613769531, -864.2875366210938, 773.9283447265625, -24.443012237548828, 310.203369140625, -412.2942810058594, 203.9984588623047, -94.3992691040039, 124.50672912597656, -82.33858489990234, 103.93856048583984], [-1960.57177734375, 471.1716613769531, 1458.4434814453125, -158.3169708251953, 80.51997375488281, 283.0052795410156, 62.64754867553711, -104.91786193847656, 27.780366897583008, -70.28771209716797, -135.08323669433594, -76.24717712402344, 39.70063781738281], [601.2318115234375, -864.2875366210938, -158.3169708251953, 717.6707763671875, -207.36831665039062, 12.922601699829102, -63.524696350097656, 192.10794067382812, -77.68050384521484, 12.477991104125977, -38.029075622558594, 4.27591609954834, -12.987210273742676], [-644.7348022460938, 773.9283447265625, 80.51997375488281, -207.36831665039062, 743.5397338867188, 75.90991973876953, 143.06759643554688, -214.2092742919922, 64.0344467163086, 55.77341842651367, 13.19372272491455, -2.9311413764953613, 62.34318542480469], [-470.1717834472656, -24.443012237548828, 283.0052795410156, 12.922601699829102, 75.90991973876953, 267.16497802734375, 63.56594467163086, 8.348913192749023, -5.230636119842529, 20.41727066040039, -46.806884765625, 2.301222801208496, 6.211860656738281], [-364.4961853027344, 310.203369140625, 62.64754867553711, -63.524696350097656, 143.06759643554688, 63.56594467163086, 264.24090576171875, -20.87407684326172, -0.4300200641155243, -13.332234382629395, 25.59659194946289, 1.8808209896087646, 23.516202926635742], [402.9808654785156, -412.2942810058594, -104.91786193847656, 192.10794067382812, -214.2092742919922, 8.348913192749023, -20.87407684326172, 276.5378112792969, 28.036901473999023, -20.61360740661621, 18.131351470947266, 39.13856506347656, -43.41986083984375], [-36.83439636230469, 203.9984588623047, 27.780366897583008, -77.68050384521484, 64.0344467163086, -5.230636119842529, -0.4300200641155243, 28.036901473999023, 141.54759216308594, 11.15911865234375, 18.61586570739746, 0.32779616117477417, 1.0843217372894287], [-142.6705322265625, -94.3992691040039, -70.28771209716797, 12.477991104125977, 55.77341842651367, 20.41727066040039, -13.332234382629395, -20.61360740661621, 11.15911865234375, 159.27928161621094, 8.963300704956055, 22.11778450012207, -12.43842887878418], [247.30445861816406, 124.50672912597656, -135.08323669433594, -38.029075622558594, 13.19372272491455, -46.806884765625, 25.59659194946289, 18.131351470947266, 18.61586570739746, 8.963300704956055, 110.07612609863281, 29.203649520874023, -6.099076747894287], [45.6318359375, -82.33858489990234, -76.24717712402344, 4.27591609954834, -2.9311413764953613, 2.301222801208496, 1.8808209896087646, 39.13856506347656, 0.32779616117477417, 22.11778450012207, 29.203649520874023, 83.64659118652344, 13.070491790771484], [-259.1458740234375, 103.93856048583984, 39.70063781738281, -12.987210273742676, 62.34318542480469, 6.211860656738281, 23.516202926635742, -43.41986083984375, 1.0843217372894287, -12.43842887878418, -6.099076747894287, 13.070491790771484, 85.84986114501953]], "lowlevel.gfcc.icov": [[0.0003082944022025913, -0.0008494241046719253, 0.000570204108953476, -0.0007266682223416865, 0.0005304397200234234, -0.0003425339236855507, 0.0007511132280342281, -0.00036296239704824984, 0.0005378741188906133, 4.9108737584901974e-05, 0.0005135704996064305, -0.0006117431912571192, 0.0009656082838773727], [-0.0008494241046719253, 0.006646712310612202, -0.002580610802397132, 0.004730395972728729, -0.0037807105109095573, 0.002351873554289341, -0.004458419047296047, 0.003310362109914422, -0.00494400504976511, 0.0024452228099107742, -0.006077517755329609, 0.004884297959506512, -0.003990071825683117], [0.000570204108953476, -0.002580610802397132, 0.0023623055312782526, -0.0018041542498394847, 0.0016975209582597017, -0.002077963901683688, 0.0019167425343766809, -0.0008451067842543125, 0.0013708395417779684, -2.8019139790558256e-05, 0.002759054535999894, -0.0013840822502970695, 0.0018307386199012399], [-0.0007266682223416865, 0.004730395972728729, -0.0018041542498394847, 0.005628611892461777, -0.002782190917059779, 0.0016034876462072134, -0.0029090193565934896, 0.00026943060220219195, -0.001886736019514501, 0.0008405420812778175, -0.0035418153274804354, 0.004596775397658348, -0.004203185439109802], [0.0005304397200234234, -0.0037807105109095573, 0.0016975209582597017, -0.002782190917059779, 0.004488457925617695, -0.002031422220170498, 0.0016174429329112172, 0.00012225567479617894, 0.0012908215867355466, -0.0016335035907104611, 0.0032876525074243546, -0.0032275773119181395, 0.0019508880795910954], [-0.0003425339236855507, 0.002351873554289341, -0.002077963901683688, 0.0016034876462072134, -0.002031422220170498, 0.0067299832589924335, -0.002792301122099161, -0.00010042857320513576, -0.0009435105603188276, -0.00047233779332600534, -0.00018145967624150217, 0.0007524181855842471, -0.0011595268733799458], [0.0007511132280342281, -0.004458419047296047, 0.0019167425343766809, -0.0029090193565934896, 0.0016174429329112172, -0.002792301122099161, 0.008072433061897755, -0.0030172602273523808, 0.0042179664596915245, -0.0007448340766131878, 0.002027909504249692, -0.0023747263476252556, 0.001973322592675686], [-0.00036296239704824984, 0.003310362109914422, -0.0008451067842543125, 0.00026943060220219195, 0.00012225567479617894, -0.00010042857320513576, -0.0030172602273523808, 0.010124544613063335, -0.006440183613449335, 0.0033234371803700924, -0.003470362164080143, -0.0019133415771648288, 0.0018013155786320567], [0.0005378741188906133, -0.00494400504976511, 0.0013708395417779684, -0.001886736019514501, 0.0012908215867355466, -0.0009435105603188276, 0.0042179664596915245, -0.006440183613449335, 0.013513772748410702, -0.0033625527285039425, 0.0033492508810013533, -0.0013439338654279709, 0.0011929390020668507], [4.9108737584901974e-05, 0.0024452228099107742, -2.8019139790558256e-05, 0.0008405420812778175, -0.0016335035907104611, -0.00047233779332600534, -0.0007448340766131878, 0.0033234371803700924, -0.0033625527285039425, 0.009370720945298672, -0.002821290399879217, -0.0010301527800038457, 0.0017897908110171556], [0.0005135704996064305, -0.006077517755329609, 0.002759054535999894, -0.0035418153274804354, 0.0032876525074243546, -0.00018145967624150217, 0.002027909504249692, -0.003470362164080143, 0.0033492508810013533, -0.002821290399879217, 0.018738992512226105, -0.008391722105443478, 0.004569455049932003], [-0.0006117431912571192, 0.004884297959506512, -0.0013840822502970695, 0.004596775397658348, -0.0032275773119181395, 0.0007524181855842471, -0.0023747263476252556, -0.0019133415771648288, -0.0013439338654279709, -0.0010301527800038457, -0.008391722105443478, 0.020929884165525436, -0.008367400616407394], [0.0009656082838773727, -0.003990071825683117, 0.0018307386199012399, -0.004203185439109802, 0.0019508880795910954, -0.0011595268733799458, 0.001973322592675686, 0.0018013155786320567, 0.0011929390020668507, 0.0017897908110171556, 0.004569455049932003, -0.008367400616407394, 0.018791839480400085]], "lowlevel.mfcc.cov": [[8563.3330078125, -1486.7113037109375, -1499.7904052734375, 477.98883056640625, -331.3500061035156, -986.5972900390625, -382.67950439453125, 220.1319580078125, -379.0158386230469, -22.414766311645508, -44.85430145263672, 126.91139221191406, 268.8534851074219], [-1486.7113037109375, 2976.730224609375, 0.6409264802932739, -446.2611083984375, 317.71539306640625, 489.0887756347656, 111.00897979736328, -114.35482025146484, 80.16350555419922, -83.64997863769531, 104.03727722167969, 94.07102966308594, -22.07427978515625], [-1499.7904052734375, 0.6409264802932739, 1253.31201171875, -111.35095977783203, -12.863039016723633, 105.38066864013672, 48.25957107543945, 74.13858032226562, 72.91060638427734, 68.92205047607422, -36.86073684692383, -46.656402587890625, -49.422607421875], [477.98883056640625, -446.2611083984375, -111.35095977783203, 405.4698486328125, 17.002058029174805, -33.37256622314453, 53.8352165222168, 30.72983169555664, 6.702578544616699, 19.286212921142578, 3.4686801433563232, -27.56941795349121, -15.611570358276367], [-331.3500061035156, 317.71539306640625, -12.863039016723633, 17.002058029174805, 352.80694580078125, 185.39083862304688, 8.689579010009766, -9.537169456481934, 57.486656188964844, 35.931617736816406, 27.156612396240234, -8.510828971862793, 12.601792335510254], [-986.5972900390625, 489.0887756347656, 105.38066864013672, -33.37256622314453, 185.39083862304688, 465.2038269042969, 148.63751220703125, -87.630615234375, 114.90618133544922, -8.008078575134277, 40.68665313720703, 30.5935001373291, -61.845829010009766], [-382.67950439453125, 111.00897979736328, 48.25957107543945, 53.8352165222168, 8.689579010009766, 148.63751220703125, 217.8739013671875, 61.79126739501953, 46.903778076171875, -4.303184509277344, 21.03851890563965, 34.473758697509766, -46.57670593261719], [220.1319580078125, -114.35482025146484, 74.13858032226562, 30.72983169555664, -9.537169456481934, -87.630615234375, 61.79126739501953, 222.5801239013672, 43.28873062133789, 23.024686813354492, 14.447434425354004, 21.973928451538086, 15.593257904052734], [-379.0158386230469, 80.16350555419922, 72.91060638427734, 6.702578544616699, 57.486656188964844, 114.90618133544922, 46.903778076171875, 43.28873062133789, 142.1722412109375, 32.672584533691406, 12.733842849731445, 17.23301887512207, -8.705606460571289], [-22.414766311645508, -83.64997863769531, 68.92205047607422, 19.286212921142578, 35.931617736816406, -8.008078575134277, -4.303184509277344, 23.024686813354492, 32.672584533691406, 111.89714050292969, 28.23150062561035, -21.736722946166992, 8.630935668945312], [-44.85430145263672, 104.03727722167969, -36.86073684692383, 3.4686801433563232, 27.156612396240234, 40.68665313720703, 21.03851890563965, 14.447434425354004, 12.733842849731445, 28.23150062561035, 135.86827087402344, 61.866485595703125, -12.294337272644043], [126.91139221191406, 94.07102966308594, -46.656402587890625, -27.56941795349121, -8.510828971862793, 30.5935001373291, 34.473758697509766, 21.973928451538086, 17.23301887512207, -21.736722946166992, 61.866485595703125, 158.42425537109375, 29.868942260742188], [268.8534851074219, -22.07427978515625, -49.422607421875, -15.611570358276367, 12.601792335510254, -61.845829010009766, -46.57670593261719, 15.593257904052734, -8.705606460571289, 8.630935668945312, -12.294337272644043, 29.868942260742188, 109.7930679321289]], "lowlevel.mfcc.icov": [[0.00025266161537729204, 1.5469981008209288e-05, 0.0002634057600516826, -0.00026949989842250943, 0.00013153321924619377, -4.188646926195361e-06, 0.0004683966690208763, -0.00047169651952572167, 0.0005687793018296361, -0.00029482596437446773, 0.00029112931224517524, -0.00041154935024678707, -7.426288357237354e-05], [1.5469981008209288e-05, 0.0005535025265999138, 5.193043398321606e-05, 0.0006117697339504957, -0.0003883164608851075, -0.00022814517433289438, -0.00027227404643781483, 0.00011735890439013019, -3.019509676960297e-05, 0.0004960991791449487,