{"song_id": "1182282951795429467", "download": "https://cdn.discordapp.com/attachments/1135911532732108921/1182282951795429467/chirp.mp4?ex=658421cd&amp", "lyrics": "\u5728\u7530\u91ce\u95f4\uff0c\u6f2b\u6b65\u7740\u5c0f\u8def\uff0c\n\u4e61\u8ff9\u5370\u8c61\uff0c\u5524\u9192\u5fc3\u4e2d\u7684\u601d\u6545\u4e61\u3002\n\u7eff\u6811\u6210\u836b\uff0c\u9e1f\u8bed\u82b1\u9999\uff0c\n\u513f\u65f6\u7684\u8bb0\u5fc6\uff0c\u5982\u4eca\u4ecd\u5728\u68a6\u4e2d\u8361\u6f3e\u3002", "style": ["Chinese folk singing"], "essentia_features": {"lowlevel.average_loudness": 0.9860247373580933, "lowlevel.barkbands_crest.mean": 13.630102157592773, "lowlevel.barkbands_crest.stdev": 5.56129789352417, "lowlevel.barkbands_flatness_db.mean": 0.1161905974149704, "lowlevel.barkbands_flatness_db.stdev": 0.05210212618112564, "lowlevel.barkbands_kurtosis.mean": 7.758826732635498, "lowlevel.barkbands_kurtosis.stdev": 17.399629592895508, "lowlevel.barkbands_skewness.mean": 2.233339786529541, "lowlevel.barkbands_skewness.stdev": 1.729454517364502, "lowlevel.barkbands_spread.mean": 37.75932312011719, "lowlevel.barkbands_spread.stdev": 22.470653533935547, "lowlevel.dissonance.mean": 0.4725733697414398, "lowlevel.dissonance.stdev": 0.020466791465878487, "lowlevel.dynamic_complexity": 1.5201804637908936, "lowlevel.erbbands_crest.mean": 8.172597885131836, "lowlevel.erbbands_crest.stdev": 4.723268985748291, "lowlevel.erbbands_flatness_db.mean": 0.09038614481687546, "lowlevel.erbbands_flatness_db.stdev": 0.026759644970297813, "lowlevel.erbbands_kurtosis.mean": 0.03974585607647896, "lowlevel.erbbands_kurtosis.stdev": 1.5565237998962402, "lowlevel.erbbands_skewness.mean": 0.2423025518655777, "lowlevel.erbbands_skewness.stdev": 0.7663159370422363, "lowlevel.erbbands_spread.mean": 61.895172119140625, "lowlevel.erbbands_spread.stdev": 21.172758102416992, "lowlevel.hfc.mean": 54.73554229736328, "lowlevel.hfc.stdev": 32.18647003173828, "lowlevel.loudness_ebu128.integrated": -17.208478927612305, "lowlevel.loudness_ebu128.loudness_range": 0.7615966796875, "lowlevel.loudness_ebu128.momentary.mean": -17.275562286376953, "lowlevel.loudness_ebu128.momentary.stdev": 0.7828681468963623, "lowlevel.loudness_ebu128.short_term.mean": -17.14565658569336, "lowlevel.loudness_ebu128.short_term.stdev": 0.2541276812553406, "lowlevel.melbands_crest.mean": 20.927717208862305, "lowlevel.melbands_crest.stdev": 6.780002593994141, "lowlevel.melbands_flatness_db.mean": 0.19507381319999695, "lowlevel.melbands_flatness_db.stdev": 0.06282488256692886, "lowlevel.melbands_kurtosis.mean": 36.98804473876953, "lowlevel.melbands_kurtosis.stdev": 63.529666900634766, "lowlevel.melbands_skewness.mean": 4.44317626953125, "lowlevel.melbands_skewness.stdev": 2.907465696334839, "lowlevel.melbands_spread.mean": 23.967363357543945, "lowlevel.melbands_spread.stdev": 17.904525756835938, "lowlevel.pitch_salience.mean": 0.4482114613056183, "lowlevel.pitch_salience.stdev": 0.1347125917673111, "lowlevel.silence_rate_20dB.mean": 1.0, "lowlevel.silence_rate_20dB.stdev": 0.0, "lowlevel.silence_rate_30dB.mean": 0.7649301290512085, "lowlevel.silence_rate_30dB.stdev": 0.424043208360672, "lowlevel.silence_rate_60dB.mean": 0.002541295951232314, "lowlevel.silence_rate_60dB.stdev": 0.050346966832876205, "lowlevel.spectral_centroid.mean": 1782.6593017578125, "lowlevel.spectral_centroid.stdev": 703.4041748046875, "lowlevel.spectral_complexity.mean": 25.29224967956543, "lowlevel.spectral_complexity.stdev": 9.639413833618164, "lowlevel.spectral_decrease.mean": -1.8285446046206744e-08, "lowlevel.spectral_decrease.stdev": 1.5276995668500604e-08, "lowlevel.spectral_energy.mean": 0.0739782378077507, "lowlevel.spectral_energy.stdev": 0.05773105099797249, "lowlevel.spectral_energyband_high.mean": 0.004378997255116701, "lowlevel.spectral_energyband_high.stdev": 0.003750695614144206, "lowlevel.spectral_energyband_low.mean": 0.051086388528347015, "lowlevel.spectral_energyband_low.stdev": 0.057251494377851486, "lowlevel.spectral_energyband_middle_high.mean": 0.006888116709887981, "lowlevel.spectral_energyband_middle_high.stdev": 0.0072507658042013645, "lowlevel.spectral_energyband_middle_low.mean": 0.012667232193052769, "lowlevel.spectral_energyband_middle_low.stdev": 0.0098313819617033, "lowlevel.spectral_entropy.mean": 8.174416542053223, "lowlevel.spectral_entropy.stdev": 0.21564330160617828, "lowlevel.spectral_flux.mean": 0.1259160041809082, "lowlevel.spectral_flux.stdev": 0.08477503061294556, "lowlevel.spectral_kurtosis.mean": 1.5542317628860474, "lowlevel.spectral_kurtosis.stdev": 0.7178986668586731, "lowlevel.spectral_rms.mean": 0.007998350076377392, "lowlevel.spectral_rms.stdev": 0.0028636171482503414, "lowlevel.spectral_rolloff.mean": 1854.6483154296875, "lowlevel.spectral_rolloff.stdev": 2304.160400390625, "lowlevel.spectral_skewness.mean": 1.1568299531936646, "lowlevel.spectral_skewness.stdev": 0.21873079240322113, "lowlevel.spectral_spread.mean": 7682226.5, "lowlevel.spectral_spread.stdev": 1184081.625, "lowlevel.spectral_strongpeak.mean": 0.7651228308677673, "lowlevel.spectral_strongpeak.stdev": 1.1263020038604736, "lowlevel.zerocrossingrate.mean": 0.09206800162792206, "lowlevel.zerocrossingrate.stdev": 0.04600367322564125, "metadata.audio_properties.analysis.equal_loudness": 0.0, "metadata.audio_properties.analysis.length": 18.23997688293457, "metadata.audio_properties.analysis.sample_rate": 44100.0, "metadata.audio_properties.analysis.start_time": 0.0, "metadata.audio_properties.bit_rate": 118181.0, "metadata.audio_properties.length": 18.239999771118164, "metadata.audio_properties.lossless": 0.0, "metadata.audio_properties.number_channels": 1.0, "metadata.audio_properties.replay_gain": -6.917110443115234, "metadata.audio_properties.sample_rate": 48000.0, "rhythm.beats_count": 38.0, "rhythm.beats_loudness.mean": 0.17755258083343506, "rhythm.beats_loudness.stdev": 0.054330095648765564, "rhythm.bpm": 126.66445922851562, "rhythm.bpm_histogram_first_peak_bpm": 126.0, "rhythm.bpm_histogram_first_peak_weight": 0.45945942401885986, "rhythm.bpm_histogram_second_peak_bpm": 0.0, "rhythm.bpm_histogram_second_peak_spread": 0.0, "rhythm.bpm_histogram_second_peak_weight": 0.0, "rhythm.danceability": 2.7213940620422363, "rhythm.onset_rate": 3.6687209606170654, "tonal.chords_changes_rate": 0.04568528011441231, "tonal.chords_number_rate": 0.015228426083922386, "tonal.chords_strength.mean": 0.5693167448043823, "tonal.chords_strength.stdev": 0.10690788179636002, "tonal.hpcp_crest.mean": 12.399003982543945, "tonal.hpcp_crest.stdev": 5.1996283531188965, "tonal.hpcp_entropy.mean": 2.121225357055664, "tonal.hpcp_entropy.stdev": 0.7444044947624207, "tonal.key_edma.strength": 0.5181654691696167, "tonal.key_krumhansl.strength": 0.5314704775810242, "tonal.key_temperley.strength": 0.5554565191268921, "tonal.tuning_diatonic_strength": 0.6881871223449707, "tonal.tuning_equal_tempered_deviation": 0.20102909207344055, "tonal.tuning_frequency": 434.193115234375, "tonal.tuning_nontempered_energy_ratio": 0.9222453832626343, "lowlevel.barkbands.mean": [0.0021068337373435497, 0.04256922006607056, 0.005415376741439104, 0.001802080892957747, 0.00245602591894567, 0.0033275317400693893, 0.0011446216376498342, 0.0020053768530488014, 0.0018311066087335348, 0.0010893131839111447, 0.0009227095870301127, 0.001205966342240572, 0.0008274554857052863, 0.0007427342352457345, 0.0006627123802900314, 0.00028125723474659026, 0.0002940630947705358, 0.00024289735301863402, 0.0004267791809979826, 0.0005096356617286801, 0.0007795887649990618, 0.0005733579164370894, 0.0005946721066720784, 0.0007762161549180746, 0.0008210185333155096, 0.0005528943729586899, 1.678700209595263e-05], "lowlevel.barkbands.stdev": [0.0026513985358178616, 0.05149421840906143, 0.01326401624828577, 0.004300854634493589, 0.002907862886786461, 0.004197143949568272, 0.0038986620493233204, 0.0045690531842410564, 0.004427521955221891, 0.0031366327311843634, 0.0033753346651792526, 0.0027552808169275522, 0.0015131059335544705, 0.001739725237712264, 0.001306080725044012, 0.0003170507261529565, 0.0006210116553120315, 0.0003725419519469142, 0.0005524494918063283, 0.0005496976082213223, 0.0010969184804707766, 0.000641548540443182, 0.0005542874569073319, 0.0009179979097098112, 0.000973380112554878, 0.00040399565477855504, 2.021651016548276e-05], "lowlevel.erbbands.mean": [1.7757831811904907, 7.368898868560791, 6.8387274742126465, 6.707370758056641, 4.725629806518555, 6.853272914886475, 32.287147521972656, 19.994813919067383, 17.15559196472168, 17.01636505126953, 56.15822219848633, 43.47175598144531, 26.998779296875, 46.53031539916992, 45.45226287841797, 46.010536193847656, 33.74720001220703, 43.243343353271484, 42.10429763793945, 20.666112899780273, 16.839523315429688, 15.617310523986816, 13.454569816589355, 18.458757400512695, 22.703306198120117, 24.622997283935547, 32.09507369995117, 25.886486053466797, 22.319700241088867, 18.989490509033203, 15.876594543457031, 14.789828300476074, 13.65385913848877, 9.744845390319824, 5.381316661834717, 2.6288704872131348, 0.9408495426177979, 0.15480460226535797, 0.003087043995037675, 0.0001962396636372432], "lowlevel.erbbands.stdev": [2.0498523712158203, 9.991314888000488, 14.729666709899902, 16.3890438079834, 7.889820575714111, 7.95782995223999, 51.12773513793945, 29.925687789916992, 57.707237243652344, 28.12998390197754, 122.14155578613281, 101.50898742675781, 67.5620346069336, 117.08844757080078, 114.9210205078125, 92.77713775634766, 58.85361862182617, 79.1390151977539, 88.07634735107422, 28.679338455200195, 23.755207061767578, 26.80646324157715, 20.543088912963867, 24.122783660888672, 27.31568717956543, 26.859663009643555, 45.29914855957031, 35.258026123046875, 24.912349700927734, 20.112550735473633, 14.431377410888672, 16.662151336669922, 17.51556396484375, 13.204373359680176, 5.878766059875488, 2.234766721725464, 0.6707562804222107, 0.11466747522354126, 0.00228271447122097, 9.210041025653481e-05], "lowlevel.gfcc.mean": [83.59127044677734, 39.18993377685547, -77.3314437866211, 35.78128433227539, -53.8934211730957, 36.667423248291016, -28.596071243286133, 20.442750930786133, -23.818628311157227, 22.635662078857422, -13.640030860900879, 11.338005065917969, -8.913142204284668], "lowlevel.melbands.mean": [0.013598558492958546, 0.005296419840306044, 0.001103907241486013, 0.00034892643452621996, 0.0009436794207431376, 0.0004716210823971778, 0.00026423687813803554, 0.0002092767390422523, 0.00045340476208366454, 0.00025551344151608646, 0.00013297874829731882, 0.0001910673890961334, 0.0001533700997242704, 0.00015390403859782964, 6.979176396271214e-05, 8.765620441408828e-05, 7.52279011067003e-05, 6.853382365079597e-05, 3.991456833318807e-05, 2.0092014892725274e-05, 1.9940503989346325e-05, 1.6656580555718392e-05, 1.313280881731771e-05, 1.1953736247960478e-05, 1.501098904554965e-05, 1.6624388081254438e-05, 1.6792746464489028e-05, 1.559938937134575e-05, 1.952662569237873e-05, 1.9780029106186703e-05, 1.3042859791312367e-05, 1.2672266166191548e-05, 1.0685884262784384e-05, 1.0896616913669277e-05, 9.010490430227946e-06, 8.914683348848484e-06, 9.096123903873377e-06, 9.793419849302154e-06, 8.97894369700225e-06, 8.05959825811442e-06], "lowlevel.melbands.stdev": [0.016072630882263184, 0.008073966950178146, 0.0025038537569344044, 0.00042259448673576117, 0.0014329422265291214, 0.0006547952652908862, 0.0008878032676875591, 0.00033083235030062497, 0.0009252619929611683, 0.0006329611642286181, 0.0003493772237561643, 0.0005124311428517103, 0.0004988781292922795, 0.0003711394965648651, 0.00012505824270192534, 0.00014520506374537945, 0.00014273630222305655, 0.00016271998174488544, 7.518677011830732e-05, 2.2524167434312403e-05, 3.491534516797401e-05, 3.435373946558684e-05, 2.230265090474859e-05, 2.2150368749862537e-05, 2.0611021682270803e-05, 2.2901420379639603e-05, 2.0542656784527935e-05, 1.6900774426176213e-05, 3.148469113511965e-05, 2.7265983590041287e-05, 1.8264236132381484e-05, 1.4339183508127462e-05, 1.2889153367723338e-05, 1.1845312656078022e-05, 8.69725045049563e-06, 9.59639874054119e-06, 1.0693389413063414e-05, 1.304212764807744e-05, 1.178614820673829e-05, 1.1304998224659357e-05], "lowlevel.melbands128.mean": [0.0019976419862359762, 0.015206951647996902, 0.019248126074671745, 0.00948300026357174, 0.003839720506221056, 0.0025314956437796354, 0.0014136792160570621, 0.0007836631848476827, 0.00043596551404334605, 0.00023016208433546126, 0.0002878143859561533, 0.0007376102148555219, 0.0014784245286136866, 0.0007446986273862422, 0.00040388619527220726, 0.00039019950781948864, 0.00018988657393492758, 0.0003340620605740696, 0.00020302101620472968, 0.00016463322390336543, 0.00012943329056724906, 0.0005437483196146786, 0.000551483768504113, 0.0002804239047691226, 0.00033099105348810554, 0.00017996014503296465, 0.0002557470870669931, 5.406193304224871e-05, 7.392201223410666e-05, 0.0003132544516120106, 0.00013184476119931787, 0.0001605158904567361, 0.00021335540805011988, 6.611007847823203e-05, 0.0001898892514873296, 0.00018884714518208057, 0.00010235807712888345, 3.0069515560171567e-05, 8.913268538890406e-05, 5.9515667089726776e-05, 6.014572863932699e-05, 0.00018291641026735306, 5.2311756007838994e-05, 3.717427534866147e-05, 7.416895823553205e-05, 7.079158240230754e-05, 7.749779615551233e-05, 3.861447112285532e-05, 2.4882159777916968e-05, 2.4393462808802724e-05, 1.8908043784904294e-05, 1.533767681394238e-05, 2.138515264960006e-05, 2.044626307906583e-05, 2.1278197891660966e-05, 1.4678935258416459e-05, 1.4360205568664242e-05, 1.6005495126591995e-05, 1.1767625437641982e-05, 9.30434362089727e-06, 1.4197148630046286e-05, 1.1161024303874001e-05, 1.21738712550723e-05, 1.8330472812522203e-05, 1.5741077731945552e-05, 1.7388259948347695e-05, 1.64092725754017e-05, 1.5081425772223156e-05, 1.8231054127682e-05, 1.7314036085736006e-05, 1.5542553228442557e-05, 1.4424244909605477e-05, 1.5453004380105995e-05, 2.3589434931636788e-05, 1.9262894056737423e-05, 2.1029049094067886e-05, 2.1317549908417277e-05, 1.3366156053962186e-05, 1.3015094737056643e-05, 1.0253778782498557e-05, 1.1574175005080178e-05, 1.560751479701139e-05, 1.1698528396664187e-05, 1.0159741577808745e-05, 9.344046702608466e-06, 1.0491929060663097e-05, 1.209184938488761e-05, 1.0331707926525269e-05, 8.29824148240732e-06, 8.503046956320759e-06, 8.918120329326484e-06, 9.09537175175501e-06, 8.865241397870705e-06, 8.651782991364598e-06, 9.394289008923806e-06, 1.056528344633989e-05, 9.42902079259511e-06, 9.292183676734567e-06, 9.407163815922104e-06, 9.03327963897027e-06, 7.401625225611497e-06, 9.123849849856924e-06, 6.878157364553772e-06, 6.8298832047730684e-06, 5.601504199148621e-06, 5.2148466238577385e-06, 6.3412057897949126e-06, 5.4629717851639725e-06, 4.492786956689088e-06, 3.7018605780758662e-06, 3.2733078114688396e-06, 2.974620429085917e-06, 3.058052698179381e-06, 2.9991997507750057e-06, 2.399611958026071e-06, 2.098903678415809e-06, 6.935919145689695e-07, 4.629240635267706e-08, 9.194461303430046e-10, 1.3990073856329222e-11, 1.3422497488480012e-11, 1.3031201118174351e-11, 1.2662868149881934e-11, 1.2379025755848705e-11, 1.2058639677070548e-11, 1.1707944509720125e-11, 1.1495030621810898e-11, 1.1406777432332316e-11], "lowlevel.melbands128.stdev": [0.0025585924740880728, 0.017440784722566605, 0.02464703470468521, 0.014445456676185131, 0.008445097133517265, 0.006204386241734028, 0.003711750265210867, 0.0016308360500261188, 0.0007626315345987678, 0.0003717192739713937, 0.0004192011256236583, 0.0011491773184388876, 0.0025977587793022394, 0.0011283064959570765, 0.0007483045919798315, 0.001020199852064252, 0.0005702178459614515, 0.0016274298541247845, 0.0007485016249120235, 0.00030857513775117695, 0.0003614104352891445, 0.0013181695248931646, 0.0014288127422332764, 0.0007608638261444867, 0.0011292137205600739, 0.0006648624548688531, 0.0010203783167526126, 0.00015821322449482977, 0.00025903197820298374, 0.0010267538018524647, 0.00041383752250112593, 0.000666907406412065, 0.0008765514357946813, 0.0002189550141338259, 0.0006807648460380733, 0.0005174733232706785, 0.0002490571641828865, 4.867550887865946e-05, 0.0003019896103069186, 0.00013068661792203784, 0.00012602553761098534, 0.00044877827167510986, 0.0001302894379477948, 0.0001099355285987258, 0.0003418771375436336, 0.00021606807422358543, 0.0001869113912107423, 0.00013739462883677334, 6.439613207476214e-05, 3.6072284274268895e-05, 2.5497458409518003e-05, 2.3187170882010832e-05, 3.703483525896445e-05, 4.675533637055196e-05, 8.560300193494186e-05, 2.990384200529661e-05, 2.261512418044731e-05, 3.3388227166142315e-05, 2.317464168299921e-05, 1.4307878700492438e-05, 4.260615969542414e-05, 1.5972658729879186e-05, 1.791633985703811e-05, 3.143206413369626e-05, 2.8320777346380055e-05, 2.8084268706152216e-05, 2.3857159249018878e-05, 2.256759580632206e-05, 2.5109002308454365e-05, 2.674152892723214e-05, 1.9818800865323283e-05, 1.6012072592275217e-05, 1.9190645616617985e-05, 5.865854473086074e-05, 2.7971062081633136e-05, 2.8919466785737313e-05, 3.6724191886605695e-05, 2.0568848412949592e-05, 2.0076508008060046e-05, 1.4114459190750495e-05, 1.4971130440244451e-05, 1.9918470570701174e-05, 1.550403976580128e-05, 1.4330305930343457e-05, 1.3407462574832607e-05, 1.2118941413064022e-05, 1.3696647329197731e-05, 1.5150752005865797e-05, 8.64633057062747e-06, 7.82927054387983e-06, 9.61816022027051e-06, 1.1956401067436673e-05, 1.1522665772645269e-05, 1.1226047718082555e-05, 1.2610636986210011e-05, 1.3056635907560121e-05, 1.7720689356792718e-05, 1.3416527508525178e-05, 1.2753186638292391e-05, 1.2609852092282381e-05, 1.4128729162621312e-05, 1.2247383892827202e-05, 1.0934168130916078e-05, 1.1076106602558866e-05, 7.353299224632792e-06, 4.915767476632027e-06, 6.1486343838623725e-06, 5.687587872671429e-06, 4.814405201614136e-06, 3.366384817127255e-06, 3.3528617677802686e-06, 2.6071074898936786e-06, 2.4494547687936574e-06, 2.5006859232235e-06, 2.0151301214355044e-06, 1.7129677871707827e-06, 7.569971103293938e-07, 1.4362268530021538e-07, 2.4331690440249076e-08, 2.0608287645829115e-11, 1.984403960597625e-11, 1.9240978602064196e-11, 1.8723066499970464e-11, 1.831661558537867e-11, 1.7992784345777224e-11, 1.7733937582309345e-11, 1.7549149633477867e-11, 1.743713680391057e-11], "lowlevel.mfcc.mean": [-573.5111694335938, 79.8294906616211, 31.213520050048828, 15.872769355773926, 8.501387596130371, 17.83390998840332, 13.266334533691406, 3.4806039333343506, 6.372357368469238, 9.462821960449219, 5.761898517608643, 5.6206955909729, 4.292496204376221], "lowlevel.spectral_contrast_coeffs.mean": [-0.7434131503105164, -0.7354931831359863, -0.7638062834739685, -0.8038075566291809, -0.8094559907913208, -0.7690749168395996], "lowlevel.spectral_contrast_coeffs.stdev": [0.0665152296423912, 0.07658342272043228, 0.07390359044075012, 0.0444030836224556, 0.029758870601654053, 0.029520900920033455], "lowlevel.spectral_contrast_valleys.mean": [-6.0768232345581055, -6.644434928894043, -7.008272647857666, -7.122177600860596, -6.853583812713623, -8.70898151397705], "lowlevel.spectral_contrast_valleys.stdev": [0.5667151808738708, 0.5264489650726318, 0.4755083918571472, 0.45084017515182495, 0.4472033977508545, 0.45811426639556885], "rhythm.beats_loudness_band_ratio.mean": [0.8840618133544922, 0.017930541187524796, 0.033493056893348694, 0.02995416708290577, 0.016616765409708023, 0.019439395517110825], "rhythm.beats_loudness_band_ratio.stdev": [0.07804124057292938, 0.017377179116010666, 0.04670067876577377, 0.03146759048104286, 0.031649623066186905, 0.011850912123918533], "tonal.hpcp.mean": [0.2932605445384979, 0.236310213804245, 0.09582468122243881, 0.06363203376531601, 0.061075810343027115, 0.06935865432024002, 0.163389191031456, 0.20135124027729034, 0.10844165831804276, 0.04462744668126106, 0.030044756829738617, 0.025086401030421257, 0.033761538565158844, 0.03599045053124428, 0.039362069219350815, 0.16338050365447998, 0.17586331069469452, 0.049891844391822815, 0.017433935776352882, 0.010919061489403248, 0.01863776333630085, 0.0870668813586235, 0.1197965145111084, 0.07372812926769257, 0.0389883853495121, 0.0199807770550251, 0.027501625940203667, 0.085207998752594, 0.09562736004590988, 0.05059658735990524, 0.08236474543809891, 0.12398959696292877, 0.11180935055017471, 0.10480322688817978, 0.13688722252845764, 0.20414942502975464], "tonal.hpcp.stdev": [0.39322128891944885, 0.340305894613266, 0.23046429455280304, 0.20514914393424988, 0.20283421874046326, 0.20180077850818634, 0.2768087387084961, 0.3327099084854126, 0.22600603103637695, 0.14699672162532806, 0.13660408556461334, 0.11340455710887909, 0.1073678582906723, 0.10204186290502548, 0.10728523135185242, 0.24257688224315643, 0.25895825028419495, 0.13211140036582947, 0.09387492388486862, 0.04408114776015282, 0.07289806753396988, 0.17344124615192413, 0.2379947453737259, 0.20044676959514618, 0.13991579413414001, 0.09206069260835648, 0.09418055415153503, 0.14896266162395477, 0.16085022687911987, 0.12942706048488617, 0.21079131960868835, 0.28337329626083374, 0.25704842805862427, 0.24155038595199585, 0.2894251048564911, 0.32528504729270935], "rhythm.beats_position": [0.4876190423965454, 0.9752380847930908, 1.4396371841430664, 1.9156461954116821, 2.391655206680298, 2.8560543060302734, 3.320453405380249, 3.808072566986084, 4.29569149017334, 4.7600908279418945, 5.224489688873291, 5.700498580932617, 6.176507949829102, 6.652516841888428, 7.128525733947754, 7.604535102844238, 8.080544471740723, 8.544942855834961, 9.020952224731445, 9.49696159362793, 9.961359977722168, 10.437369346618652, 10.913378715515137, 11.389387130737305, 11.865396499633789, 12.329795837402344, 12.805805206298828, 13.281813621520996, 13.74621295928955, 14.233832359313965, 14.698230743408203, 15.174240112304688, 15.650249481201172, 16.114648818969727, 16.60226821899414, 17.066665649414062, 17.542675018310547, 18.01868438720703], "rhythm.bpm_histogram": [0.0, 0.0, 0.0, 0.0, 0.0, 0.0, 0.0, 0.0, 0.0, 0.0, 0.0, 0.0, 0.0, 0.0, 0.0, 0.0, 0.0, 0.0, 0.0, 0.0, 0.0, 0.0, 0.0, 0.0, 0.0, 0.0, 0.0, 0.0, 0.0, 0.0, 0.0, 0.0, 0.0, 0.0, 0.0, 0.0, 0.0, 0.0, 0.0, 0.0, 0.0, 0.0, 0.0, 0.0, 0.0, 0.0, 0.0, 0.0, 0.0, 0.0, 0.0, 0.0, 0.0, 0.0, 0.0, 0.0, 0.0, 0.0, 0.0, 0.0, 0.0, 0.0, 0.0, 0.0, 0.0, 0.0, 0.0, 0.0, 0.0, 0.0, 0.0, 0.0, 0.0, 0.0, 0.0, 0.0, 0.0, 0.0, 0.0, 0.0, 0.0, 0.0, 0.0, 0.0, 0.0, 0.0, 0.0, 0.0, 0.0, 0.0, 0.0, 0.0, 0.0, 0.0, 0.0, 0.0, 0.0, 0.0, 0.0, 0.0, 0.0, 0.0, 0.0, 0.0, 0.0, 0.0, 0.0, 0.0, 0.0, 0.0, 0.0, 0.0, 0.0, 0.0, 0.0, 0.0, 0.0, 0.0, 0.0, 0.0, 0.0, 0.0, 0.0, 0.13513512909412384, 0.0, 0.0, 0.5405405163764954, 0.0, 0.0, 0.3243243098258972, 0.0, 0.0, 0.0, 0.0, 0.0, 0.0, 0.0, 0.0, 0.0, 0.0, 0.0, 0.0, 0.0, 0.0, 0.0, 0.0, 0.0, 0.0, 0.0, 0.0, 0.0, 0.0, 0.0, 0.0, 0.0, 0.0, 0.0, 0.0, 0.0, 0.0, 0.0, 0.0, 0.0, 0.0, 0.0, 0.0, 0.0, 0.0, 0.0, 0.0, 0.0, 0.0, 0.0, 0.0, 0.0, 0.0, 0.0, 0.0, 0.0, 0.0, 0.0, 0.0, 0.0, 0.0, 0.0, 0.0, 0.0, 0.0, 0.0, 0.0, 0.0, 0.0, 0.0, 0.0, 0.0, 0.0, 0.0, 0.0, 0.0, 0.0, 0.0, 0.0, 0.0, 0.0, 0.0, 0.0, 0.0, 0.0, 0.0, 0.0, 0.0, 0.0, 0.0, 0.0, 0.0, 0.0, 0.0, 0.0, 0.0, 0.0, 0.0, 0.0, 0.0, 0.0, 0.0, 0.0, 0.0, 0.0, 0.0, 0.0, 0.0, 0.0, 0.0, 0.0, 0.0, 0.0, 0.0, 0.0, 0.0, 0.0, 0.0, 0.0, 0.0, 0.0, 0.0, 0.0, 0.0, 0.0, 0.0, 0.0], "tonal.chords_histogram": [0.0, 0.0, 3.045685291290283, 0.0, 0.0, 0.0, 0.0, 0.0, 0.0, 0.0, 0.0, 0.0, 0.0, 0.25380709767341614, 0.0, 15.482233047485352, 0.0, 0.0, 0.0, 0.0, 8.883248329162598, 22.58883285522461, 32.23350143432617, 17.5126895904541], "tonal.thpcp": [1.0, 0.8058029413223267, 0.3267561197280884, 0.21698123216629028, 0.20826466381549835, 0.23650865256786346, 0.5571468472480774, 0.68659508228302, 0.36977922916412354, 0.15217678248882294, 0.10245072841644287, 0.08554305136203766, 0.11512472480535507, 0.12272517383098602, 0.13422217965126038, 0.557117223739624, 0.5996828079223633, 0.17012804746627808, 0.05944862216711044, 0.03723331168293953, 0.06355360150337219, 0.29689258337020874, 0.4084985852241516, 0.25140827894210815, 0.13294793665409088, 0.06813319027423859, 0.0937788113951683, 0.2905539274215698, 0.3260832726955414, 0.17253117263317108, 0.2808586061000824, 0.42279672622680664, 0.3812628388404846, 0.3573724031448364, 0.4667768180370331, 0.6961367130279541], "lowlevel.gfcc.cov": [[1579.2010498046875, -38.230857849121094, -73.65863800048828, -60.675743103027344, -54.10066604614258, -57.11256408691406, -17.80905532836914, -22.162311553955078, -81.39891052246094, -1.7509777545928955, -40.74968338012695, -25.575803756713867, -33.64756774902344], [-38.230857849121094, 324.7607727050781, 28.043869018554688, -22.486913681030273, 54.6190299987793, -20.00741958618164, -7.104201316833496, -15.839812278747559, 11.59058952331543, -32.46517562866211, -10.019441604614258, -22.53594970703125, -9.901382446289062], [-73.65863800048828, 28.043869018554688, 217.69268798828125, 88.68104553222656, -4.5153913497924805, -23.735301971435547, -42.96254348754883, -5.795497894287109, -17.04267120361328, -37.658145904541016, -13.240849494934082, 1.818466067314148, -0.9448675513267517], [-60.675743103027344, -22.486913681030273, 88.68104553222656, 245.6479034423828, 88.1488265991211, -27.641345977783203, -43.178260803222656, -24.350980758666992, -8.439957618713379, -47.75452423095703, -23.119979858398438, -21.804561614990234, -26.50185203552246], [-54.10066604614258, 54.6190299987793, -4.5153913497924805, 88.1488265991211, 181.41416931152344, 70.68570709228516, 15.574939727783203, -11.540322303771973, 7.334414482116699, -20.171831130981445, -7.62907600402832, -16.541555404663086, -16.296154022216797], [-57.11256408691406, -20.00741958618164, -23.735301971435547, -27.641345977783203, 70.68570709228516, 170.58326721191406, 98.9692153930664, 12.796850204467773, 19.179786682128906, 26.029438018798828, 16.85017204284668, -18.3681697845459, 10.008686065673828], [-17.80905532836914, -7.104201316833496, -42.96254348754883, -43.178260803222656, 15.574939727783203, 98.9692153930664, 153.0514678955078, 55.52276611328125, 28.272565841674805, 25.626420974731445, 15.35025691986084, -10.60070514678955, 8.47470760345459], [-22.162311553955078, -15.839812278747559, -5.795497894287109, -24.350980758666992, -11.540322303771973, 12.796850204467773, 55.52276611328125, 86.28226470947266, 48.960758209228516, 18.298370361328125, 6.466827869415283, -5.093188285827637, 9.114625930786133], [-81.39891052246094, 11.59058952331543, -17.04267120361328, -8.439957618713379, 7.334414482116699, 19.179786682128906, 28.272565841674805, 48.960758209228516, 97.15914916992188, 55.30026626586914, 21.688602447509766, -8.209304809570312, 11.787038803100586], [-1.7509777545928955, -32.46517562866211, -37.658145904541016, -47.75452423095703, -20.171831130981445, 26.029438018798828, 25.626420974731445, 18.298370361328125, 55.30026626586914, 94.80593872070312, 52.00690460205078, 6.009007930755615, 17.801128387451172], [-40.74968338012695, -10.019441604614258, -13.240849494934082, -23.119979858398438, -7.62907600402832, 16.85017204284668, 15.35025691986084, 6.466827869415283, 21.688602447509766, 52.00690460205078, 83.52870178222656, 43.6256217956543, 24.908245086669922], [-25.575803756713867, -22.53594970703125, 1.818466067314148, -21.804561614990234, -16.541555404663086, -18.3681697845459, -10.60070514678955, -5.093188285827637, -8.209304809570312, 6.009007930755615, 43.6256217956543, 79.48930358886719, 45.650699615478516], [-33.64756774902344, -9.901382446289062, -0.9448675513267517, -26.50185203552246, -16.296154022216797, 10.008686065673828, 8.47470760345459, 9.114625930786133, 11.787038803100586, 17.801128387451172, 24.908245086669922, 45.650699615478516, 69.60997009277344]], "lowlevel.gfcc.icov": [[0.0007261196151375771, -4.7284986067097634e-05, 0.00022598654322791845, 1.81856539711589e-05, -1.106298668673844e-06, 0.00024515119730494916, -1.5110615549929207e-06, -0.0003688989672809839, 0.0011788361007347703, -0.0009464389295317233, 0.0005878248484805226, 1.4178481251292396e-05, 0.0001900118077173829], [-4.7284986067097634e-05, 0.005781624000519514, -0.0020694176200777292, 0.004230641759932041, -0.004207107238471508, 0.005004109814763069, -0.002832219935953617, 0.0050308601930737495, -0.004769315477460623, 0.00658002495765686, -0.005176639184355736, 0.006638433318585157, -0.0030125100165605545], [0.00022598654322791845, -0.0020694176200777292, 0.007089783437550068, -0.004203366581350565, 0.003520888974890113, -0.0036622898187488317, 0.0034036184661090374, -0.003779721911996603, 0.002396383322775364, -0.0006245183176361024, 0.0014970896299928427, -0.002664483617991209, 0.0007078006165102124], [1.81856539711589e-05, 0.004230641759932041, -0.004203366581350565, 0.010633859783411026, -0.007309657521545887, 0.0069249277003109455, -0.002868933603167534, 0.005929868668317795, -0.0053079817444086075, 0.007692874409258366, -0.005989104975014925, 0.008007887750864029, -0.002709115855395794], [-1.106298668673844e-06, -0.004207107238471508, 0.003520888974890113, -0.007309657521545887, 0.013610485009849072, -0.010274779051542282, 0.004113620612770319, -0.0032046083360910416, 0.000681624747812748, -0.0015107836807146668, 0.003935365471988916, -0.007245238404721022, 0.004862566012889147], [0.00024515119730494916, 0.005004109814763069, -0.0036622898187488317, 0.0069249277003109455, -0.010274779051542282, 0.020121116191148758, -0.012167505919933319, 0.009463269263505936, -0.003638193244114518, 0.004598316736519337, -0.007838205434381962, 0.01316490676254034, -0.008027973584830761], [-1.5110615549929207e-06, -0.002832219935953617, 0.0034036184661090374, -0.002868933603167534, 0.004113620612770319, -0.012167505919933319, 0.017687343060970306, -0.012887305580079556, 0.004931172821670771, -0.003473581513389945, 0.0021848203614354134, -0.004102489445358515, 0.002758889924734831], [-0.0003688989672809839, 0.0050308601930737495, -0.003779721911996603, 0.005929868668317795, -0.0032046083360910416, 0.009463269263505936, -0.012887305580079556, 0.029362143948674202, -0.017891567200422287, 0.01201548706740141, -0.00631064223125577, 0.008152573369443417, -0.004774454981088638], [0.0011788361007347703, -0.004769315477460623, 0.002396383322775364, -0.0053079817444086075, 0.000681624747812748, -0.003638193244114518, 0.004931172821670771, -0.017891567200422287, 0.03053656965494156, -0.021666616201400757, 0.007240191102027893, -0.002833634614944458, -3.429685239098035e-05], [-0.0009464389295317233, 0.00658002495765686, -0.0006245183176361024, 0.007692874409258366, -0.0015107836807146668, 0.004598316736519337, -0.003473581513389945, 0.01201548706740141, -0.021666616201400757, 0.04060974344611168, -0.025760628283023834, 0.018328899517655373, -0.008285018615424633], [0.0005878248484805226, -0.005176639184355736, 0.0014970896299928427, -0.005989104975014925, 0.003935365471988916, -0.007838205434381962, 0.0021848203614354134, -0.00631064223125577, 0.007240191102027893, -0.025760628283023834, 0.03803841769695282, -0.027985135093331337, 0.009999984875321388], [1.4178481251292396e-05, 0.006638433318585157, -0.002664483617991209, 0.008007887750864029, -0.007245238404721022, 0.01316490676254034, -0.004102489445358515, 0.008152573369443417, -0.002833634614944458, 0.018328899517655373, -0.027985135093331337, 0.04602604731917381, -0.02457113191485405], [0.0001900118077173829, -0.0030125100165605545, 0.0007078006165102124, -0.002709115855395794, 0.004862566012889147, -0.008027973584830761, 0.002758889924734831, -0.004774454981088638, -3.429685239098035e-05, -0.008285018615424633, 0.009999984875321388, -0.02457113191485405, 0.03024938888847828]], "lowlevel.mfcc.cov": [[1586.574462890625, -50.92302322387695, -94.04824829101562, -10.587774276733398, -75.73582458496094, -39.356258392333984, 2.8128204345703125, -55.894771575927734, -28.73479461669922, -30.0158634185791, -9.53768253326416, -41.619178771972656, -32.9473762512207], [-50.92302322387695, 322.1258239746094, -14.975668907165527, -34.59556579589844, 15.691283226013184, -8.516276359558105, -9.394295692443848, 4.204598426818848, -7.857156753540039, 8.203989028930664, -6.026236534118652, -16.24407196044922, -6.465906620025635], [-94.04824829101562, -14.975668907165527, 205.5428924560547, 45.60098648071289, -1.3303037881851196, -28.898286819458008, -21.707069396972656, -3.0081777572631836, -13.013713836669922, -22.667747497558594, -12.067583084106445, -7.505904197692871, -16.294641494750977], [-10.587774276733398, -34.59556579589844, 45.60098648071289, 214.85484313964844, 88.05284118652344, -15.883891105651855, -32.82419967651367, 15.373259544372559, -16.180753707885742, -37.2793083190918, -20.925344467163086, -14.34805965423584, -6.753511905670166], [-75.73582458496094, 15.691283226013184, -1.3303037881851196, 88.05284118652344, 165.1243133544922, 50.58225631713867, -5.428990364074707, 14.661816596984863, -5.010959148406982, -14.558309555053711, -13.06406021118164, -9.916423797607422, -0.09198196232318878], [-39.356258392333984, -8.516276359558105, -28.898286819458008, -15.883891105651855, 50.58225631713867, 136.22003173828125, 67.4586410522461, 16.46630096435547, 17.017683029174805, 24.171106338500977, 12.016349792480469, 10.106451988220215, 5.04209041595459], [2.8128204345703125, -9.394295692443848, -21.707069396972656, -32.82419967651367, -5.428990364074707, 67.4586410522461, 109.84837341308594, 43.44297790527344, 17.876474380493164, 22.985071182250977, 15.405900955200195, 9.467203140258789, 5.471935749053955], [-55.894771575927734, 4.204598426818848, -3.0081777572631836, 15.373259544372559, 14.661816596984863, 16.46630096435547, 43.44297790527344, 84.321044921875, 34.105621337890625, 7.844912528991699, -1.9420017004013062, 0.190950408577919, 4.484286308288574], [-28.73479461669922, -7.857156753540039, -13.013713836669922, -16.180753707885742, -5.010959148406982, 17.017683029174805, 17.876474380493164, 34.105621337890625, 89.2612533569336, 50.366371154785156, 13.851840019226074, 10.517762184143066, 2.477285861968994], [-30.0158634185791, 8.203989028930664, -22.667747497558594, -37.2793083190918, -14.558309555053711, 24.171106338500977, 22.985071182250977, 7.844912528991699, 50.366371154785156, 101.02143859863281, 47.99916458129883, 20.4625186920166, 5.190988063812256], [-9.53768253326416, -6.026236534118652, -12.067583084106445, -20.925344467163086, -13.06406021118164, 12.016349792480469, 15.405900955200195, -1.9420017004013062, 13.851840019226074, 47.99916458129883, 74.09503173828125, 38.2237663269043, 7.225399017333984], [-41.619178771972656, -16.24407196044922, -7.505904197692871, -14.34805965423584, -9.916423797607422, 10.106451988220215, 9.467203140258789, 0.190950408577919, 10.517762184143066, 20.4625186920166, 38.2237663269043, 63.601806640625, 27.321086883544922], [-32.9473762512207, -6.465906620025635, -16.294641494750977, -6.753511905670166, -0.09198196232318878, 5.04209041595459, 5.471935749053955, 4.484286308288574, 2.477285861968994, 5.190988063812256, 7.225399017333984, 27.321086883544922, 52.370670318603516]], "lowlevel.mfcc.icov": [[0.0007255400414578617, 9.647394472267479e-05, 0.00043758712126873434, -0.00020758942991960794, 0.0003310559259261936, 0.00023241403687279671, -0.0004460824129637331, 0.0006614506128244102, -0.00014418482896871865, 0.00034010206582024693, -0.00024779688101261854, 0.0005271610571071506, 0.0002782041556201875], [9.647394472267479e-05, 0.0034224886912852526, 0.0001941753289429471, 0.00106481509283185, -0.0009040611330419779, 0.0005345963872969151, 0.0005197362625040114, -0.0008341360953636467, 0.0009824746521189809, -0.0008838006760925055, 0.00020170591596979648, 0.0007957956404425204, 0.00024318449140992016], [0.00043758712126873434, 0.0001941753289429471, 0.00569875119253993, -0.0012212999863550067, 0.0006972329574637115, 0.0007141447858884931, 2.9685870686080307e-05, 0.0001903064112411812, 0.00021371767797973007, 0.0005986536270938814, 0.0003292641486041248, -0.0005651690880768001, 0.002007924485951662], [-0.00020758942991960794, 0.00106481509283185, -0.0012212999863550067, 0.007602888159453869, -0.004339674953371286, 0.0014508498134091496, 0.0016781665617600083, -0.0024515436962246895, 0.0008259705500677228, 0.0008709036628715694, -0.00022716971579939127, 0.00013894464063923806, 0.000322038889862597], [0.0003310559259261936, -0.0009040611330419779, 0.0006972329574637115, -0.004339674953371286, 0.010874524712562561, -0.006082624197006226, 0.0033797775395214558, -0.0016318348934873939, 0.0005802345112897456, 0.0006411786307580769, -0.00010502287477720529, 0.0012684736866503954, -0.0005929836770519614], [0.00023241403687279671, 0.0005345963872969151, 0.0007141447858884931, 0.0014508498134091496, -0.006082624197006226, 0.01484200544655323, -0.009870775043964386, 0.003836915595456958, -0.0014716979349032044, -0.0012614054139703512, 0.001023258431814611, -0.001402278896421194, 0.000669715169351548], [-0.0004460824129637331, 0.0005197362625040114, 2.9685870686080307e-05, 0.0016781665617600083, 0.0033797775395214558, -0.009870775043964386, 0.020194964483380318, -0.010994290001690388, 0.0034690904431045055, -0.0014158084522932768, -0.0017091833287850022, 0.00032292804098688066, -0.00015964888734743], [0.0006614506128244102, -0.0008341360953636467, 0.0001903064112411812, -0.0024515436962246895, -0.0016318348934873939, 0.003836915595456958, -0.010994290001690388, 0.02146746776998043, -0.00911796372383833, 0.003280340926721692, 0.0003341013507451862, 0.0013596138451248407, -0.0016547217965126038], [-0.00014418482896871865, 0.0009824746521189809, 0.00021371767797973007, 0.0008259705500677228, 0.0005802345112897456, -0.0014716979349032044, 0.0034690904431045055, -0.00911796372383833, 0.020502585917711258, -0.011301917023956776, 0.004647060763090849, -0.003172239288687706, 0.001928769750520587], [0.00034010206582024693, -0.0008838006760925055, 0.0005986536270938814, 0.0008709036628715694, 0.0006411786307580769, -0.0012614054139703512, -0.0014158084522932768, 0.003280340926721692, -0.011301917023956776, 0.02213512361049652, -0.013183992356061935, 0.004122636280953884, -0.001598159084096551], [-0.00024779688101261854, 0.00020170591596979648, 0.0003292641486041248, -0.00022716971579939127, -0.00010502287477720529, 0.001023258431814611, -0.0017091833287850022, 0.0003341013507451862, 0.004647060763090849, -0.013183992356061935, 0.029373660683631897, -0.01669258438050747, 0.005736136808991432], [0.0005271610571071506, 0.0007957956404425204, -0.0005651690880768001, 0.00013894464063923806, 0.0012684736866503954, -0.001402278896421194, 0.00032292804098688066, 0.0013596138451248407, -0.003172239288687706, 0.004122636280953884, -0.01669258438050747, 0.03202061355113983, -0.014401248656213284], [0.0002782041556201875, 0.00024318449140992016, 0.002007924485951662, 0.000322038889862597, -0.0005929836770519614, 0.000669715169351548, -0.00015964888734743, -0.0016547217965126038, 0.001928769750520587, -0.001598159084096551, 0.005736136808991432, -0.014401248656213284, 0.02684754878282547]], "metadata.audio_properties.analysis.downmix": "mix", "metadata.audio_properties.codec": "mp3", "metadata.audio_properties.md5_encoded": "d0d7d87cb9dc4b5218897da92b1cbe8b", "metadata.tags.file_name": "1182282951795429467.mp3", "metadata.version.essentia": "2.1-beta6-dev", "metadata.version.essentia_git_sha": "v2.1_beta5-1110-g77a6a954", "metadata.version.extractor": "music 2.0", "tonal.chords_key": "D", "tonal.chords_scale": "major", "tonal.key_edma.key": "A", "tonal.key_edma.scale": "major", "tonal.key_krumhansl.key": "A", "tonal.key_krumhansl.scale": "major", "tonal.key_temperley.key": "A", "tonal.key_temperley.scale": "major", "metadata.tags.encoding": ["Lavf58.45.100"]}, "essentia_models": [{"model_name": "genre_dortmund", "activations": {"alternative": "0.035100248", "blues": "0.0007406498", "electronic": "0.3764545", "folkcountry": "0.001790449", "funksoulrnb": "0.015103993", "jazz": "0.0033940233", "pop": "0.3125089", "raphiphop": "0.00522613", "rock": "0.054207306"}}, {"model_name": "genre_rosamerica", "activations": {"classic": "0.00480862", "dance": "0.765409", "hip hop": "0.042275313", "jazz": "0.01605281", "pop": "0.088781126", "rhythm and blues": "0.0071596093", "rock": "0.15261798", "speech": "0.006013205