{"song_id": "1182274476910587964", "download": "https://cdn.discordapp.com/attachments/1128313332273782784/1182274476910587964/chirp.mp4?ex=658419e8&amp", "lyrics": "[Verse]\n\u0412 \u0421\u0422\u041e \u043e\u043d - \u043a\u043e\u0440\u043e\u043b\u044c, \u0432\u043b\u0430\u0434\u044b\u043a\u0430 \u0441\u0432\u0430\u0440\u043a\u0438, \u0432\u044b\u0445\u043b\u043e\u043f\u043d\u044b\u0445 \u0438 \u0448\u0438\u043d\n\u041d\u043e \u043f\u043e\u043a\u0430 \u043e\u043d \u043a\u0440\u0443\u0442\u0438\u0442 \u0433\u0430\u0439\u043a\u0438, \u0435\u043c\u0443 \u0442\u043e\u043b\u044c\u043a\u043e \u043f\u0440\u0435\u0434\u0441\u0442\u043e\u0438\u0442 \u0434\u043e\u0441\u0442\u0438\u0447\u044c \u0432\u0435\u0440\u0448\u0438\u043d (brr yeah)\n'\u0421\u0442\u0430\u0440\u044b\u0439 \u0433\u043e\u043b\u044c\u0444 \u0438\u043b\u0438 \u043b\u0443\u043f\u0430\u200c\u0442\u044b\u0439 \u043c\u0435\u0440\u0441', \u2013 \u0432\u0438\u0442\u0430\u0435\u0442 \u0432 \u0443\u043c\u0435 \u043b\u0435\u043f\u043e\u0442\u0430 \n\u041f\u0435\u0440\u0435\u0434 \u0433\u043b\u0430\u0437\u0430\u043c\u0430 \u0435\u0437\u0434\u0438\u0442 \u043c\u0435\u0447\u0442\u0430, \u0430 \u043d\u0430 \u0441\u0442\u0435\u043d\u0430\u0445 \u0433\u0430\u0440\u0430\u0436\u0430 \u0432\u0438\u0441\u0438\u0442 \u0441\u0440\u0430\u043c\u043e\u0442\u0430 (scr)\n\u041d\u043e \u0440\u0435\u0430\u043b\u044c\u043d\u043e\u0441\u0442\u044c \u0431\u043e\u043b\u0435\u0435 \u0441\u0430\u0442\u0438\u0440\u0438\u0441\u0442\u0438\u200c\u0447\u043d\u0430, \u043e\u043d \u0441\u043d\u043e\u0432\u0430 \u0438\u0434\u0451\u0442 \u043d\u0430 \u0440\u0430\u0431\u043e\u0442\u0443 \u0441 \u0443\u0442\u0440\u0430\u200c (nah nah)\n\n[Chorus]\n\u0418 \u0442\u043e\u043b\u044c\u043a\u043e \u043e\u0434\u0438\u043d \u043f\u0440\u0438\u043d\u0446\u0438\u043f \u0437\u043d\u0430\u0435\u0442 \u041c\u0430\u043a\u0441 \u043f\u043e \u0436\u0438\u0437\u043d\u0438\nWork hard, pays off! (yeah)\n\u041f\u043e\u0436\u0435\u043b\u0430\u0435\u043c \u0436\u0435 \u0435\u043c\u0443 \u0443\u0434\u0430\u0447\u0438, \u0447\u0442\u043e\u0431\u044b \u043d\u0435 \u0432\u0441\u0442\u0440\u0435\u0447\u0430\u043b\u0438\u0441\u044c \u043d\u0430 \u043f\u0443\u0442\u0438 \u0440\u0430\u0437\u043d\u044b\u0435 \u0441\u043b\u0438\u0437\u043d\u0438. (scr)", "style": ["rock"], "essentia_features": {"lowlevel.average_loudness": 0.9742185473442078, "lowlevel.barkbands_crest.mean": 15.860533714294434, "lowlevel.barkbands_crest.stdev": 5.376425266265869, "lowlevel.barkbands_flatness_db.mean": 0.21807339787483215, "lowlevel.barkbands_flatness_db.stdev": 0.08617240190505981, "lowlevel.barkbands_kurtosis.mean": 20.101900100708008, "lowlevel.barkbands_kurtosis.stdev": 40.27255630493164, "lowlevel.barkbands_skewness.mean": 3.094964027404785, "lowlevel.barkbands_skewness.stdev": 2.6093084812164307, "lowlevel.barkbands_spread.mean": 19.44915008544922, "lowlevel.barkbands_spread.stdev": 17.368009567260742, "lowlevel.dissonance.mean": 0.4570305049419403, "lowlevel.dissonance.stdev": 0.04149053990840912, "lowlevel.dynamic_complexity": 1.373183012008667, "lowlevel.erbbands_crest.mean": 9.470154762268066, "lowlevel.erbbands_crest.stdev": 3.6619346141815186, "lowlevel.erbbands_flatness_db.mean": 0.1663021594285965, "lowlevel.erbbands_flatness_db.stdev": 0.0701272040605545, "lowlevel.erbbands_kurtosis.mean": 1.1685752868652344, "lowlevel.erbbands_kurtosis.stdev": 3.2354493141174316, "lowlevel.erbbands_skewness.mean": 0.06934741884469986, "lowlevel.erbbands_skewness.stdev": 1.0702295303344727, "lowlevel.erbbands_spread.mean": 44.71587371826172, "lowlevel.erbbands_spread.stdev": 29.570863723754883, "lowlevel.hfc.mean": 28.493032455444336, "lowlevel.hfc.stdev": 23.396486282348633, "lowlevel.loudness_ebu128.integrated": -13.16263198852539, "lowlevel.loudness_ebu128.loudness_range": 2.1197423934936523, "lowlevel.loudness_ebu128.momentary.mean": -13.369071006774902, "lowlevel.loudness_ebu128.momentary.stdev": 1.35089111328125, "lowlevel.loudness_ebu128.short_term.mean": -13.168325424194336, "lowlevel.loudness_ebu128.short_term.stdev": 0.7879010438919067, "lowlevel.melbands_crest.mean": 24.141096115112305, "lowlevel.melbands_crest.stdev": 9.708161354064941, "lowlevel.melbands_flatness_db.mean": 0.2876666188240051, "lowlevel.melbands_flatness_db.stdev": 0.10736387223005295, "lowlevel.melbands_kurtosis.mean": 55.5865478515625, "lowlevel.melbands_kurtosis.stdev": 99.16661071777344, "lowlevel.melbands_skewness.mean": 5.12260103225708, "lowlevel.melbands_skewness.stdev": 3.9503984451293945, "lowlevel.melbands_spread.mean": 15.635761260986328, "lowlevel.melbands_spread.stdev": 16.896087646484375, "lowlevel.pitch_salience.mean": 0.38229894638061523, "lowlevel.pitch_salience.stdev": 0.21698826551437378, "lowlevel.silence_rate_20dB.mean": 1.0, "lowlevel.silence_rate_20dB.stdev": 0.0, "lowlevel.silence_rate_30dB.mean": 0.7374517321586609, "lowlevel.silence_rate_30dB.stdev": 0.44002360105514526, "lowlevel.silence_rate_60dB.mean": 0.010810811072587967, "lowlevel.silence_rate_60dB.stdev": 0.10341227054595947, "lowlevel.spectral_centroid.mean": 1432.9462890625, "lowlevel.spectral_centroid.stdev": 816.1207885742188, "lowlevel.spectral_complexity.mean": 18.026254653930664, "lowlevel.spectral_complexity.stdev": 10.246428489685059, "lowlevel.spectral_decrease.mean": -1.761442192105278e-08, "lowlevel.spectral_decrease.stdev": 1.1906705843500731e-08, "lowlevel.spectral_energy.mean": 0.06906531006097794, "lowlevel.spectral_energy.stdev": 0.04491303861141205, "lowlevel.spectral_energyband_high.mean": 0.0014809666899964213, "lowlevel.spectral_energyband_high.stdev": 0.00243464601226151, "lowlevel.spectral_energyband_low.mean": 0.051871318370103836, "lowlevel.spectral_energyband_low.stdev": 0.04841754212975502, "lowlevel.spectral_energyband_middle_high.mean": 0.00496661476790905, "lowlevel.spectral_energyband_middle_high.stdev": 0.005372567567974329, "lowlevel.spectral_energyband_middle_low.mean": 0.010928168892860413, "lowlevel.spectral_energyband_middle_low.stdev": 0.013509849086403847, "lowlevel.spectral_entropy.mean": 7.5161285400390625, "lowlevel.spectral_entropy.stdev": 0.6954089403152466, "lowlevel.spectral_flux.mean": 0.09488534927368164, "lowlevel.spectral_flux.stdev": 0.06076027452945709, "lowlevel.spectral_kurtosis.mean": 8.931417465209961, "lowlevel.spectral_kurtosis.stdev": 23.65435791015625, "lowlevel.spectral_rms.mean": 0.007672072853893042, "lowlevel.spectral_rms.stdev": 0.0029189246706664562, "lowlevel.spectral_rolloff.mean": 1165.53857421875, "lowlevel.spectral_rolloff.stdev": 1753.1512451171875, "lowlevel.spectral_skewness.mean": 1.9620096683502197, "lowlevel.spectral_skewness.stdev": 1.3885396718978882, "lowlevel.spectral_spread.mean": 5273323.0, "lowlevel.spectral_spread.stdev": 2786068.25, "lowlevel.spectral_strongpeak.mean": 0.6815317273139954, "lowlevel.spectral_strongpeak.stdev": 0.5647907257080078, "lowlevel.zerocrossingrate.mean": 0.04889863356947899, "lowlevel.zerocrossingrate.stdev": 0.04436173662543297, "metadata.audio_properties.analysis.equal_loudness": 0.0, "metadata.audio_properties.analysis.length": 30.03628158569336, "metadata.audio_properties.analysis.sample_rate": 44100.0, "metadata.audio_properties.analysis.start_time": 0.0, "metadata.audio_properties.bit_rate": 121883.0, "metadata.audio_properties.length": 30.03733253479004, "metadata.audio_properties.lossless": 0.0, "metadata.audio_properties.number_channels": 1.0, "metadata.audio_properties.replay_gain": -12.37977409362793, "metadata.audio_properties.sample_rate": 48000.0, "rhythm.beats_count": 62.0, "rhythm.beats_loudness.mean": 0.0741427019238472, "rhythm.beats_loudness.stdev": 0.04143047332763672, "rhythm.bpm": 125.82792663574219, "rhythm.bpm_histogram_first_peak_bpm": 126.0, "rhythm.bpm_histogram_first_peak_weight": 0.4833333492279053, "rhythm.bpm_histogram_second_peak_bpm": 120.0, "rhythm.bpm_histogram_second_peak_spread": 0.0, "rhythm.bpm_histogram_second_peak_weight": 0.016393441706895828, "rhythm.danceability": 1.1833906173706055, "rhythm.onset_rate": 5.2231950759887695, "tonal.chords_changes_rate": 0.10648148506879807, "tonal.chords_number_rate": 0.013888888992369175, "tonal.chords_strength.mean": 0.4179292321205139, "tonal.chords_strength.stdev": 0.11193854361772537, "tonal.hpcp_crest.mean": 13.900735855102539, "tonal.hpcp_crest.stdev": 6.033938884735107, "tonal.hpcp_entropy.mean": 1.9729491472244263, "tonal.hpcp_entropy.stdev": 0.7590618133544922, "tonal.key_edma.strength": 0.7893633246421814, "tonal.key_krumhansl.strength": 0.7934185266494751, "tonal.key_temperley.strength": 0.7972644567489624, "tonal.tuning_diatonic_strength": 0.5053185820579529, "tonal.tuning_equal_tempered_deviation": 0.25927188992500305, "tonal.tuning_frequency": 434.193115234375, "tonal.tuning_nontempered_energy_ratio": 0.9722496271133423, "lowlevel.barkbands.mean": [0.008440250530838966, 0.04168315976858139, 0.0016443646745756269, 0.0010060843778774142, 0.0017426194390282035, 0.0040209172293543816, 0.0017950873589143157, 0.0008737809839658439, 0.001334836706519127, 0.0004879480111412704, 0.0004423442587722093, 0.00042040832340717316, 0.0004394710704218596, 0.0003710768069140613, 0.00043424408067949116, 0.0006852276274003088, 0.0008274518186226487, 0.0005105672753416002, 0.00030967037309892476, 0.00019575328042265028, 0.00020102434791624546, 0.00024054685491137207, 0.00023045751731842756, 0.00032401876524090767, 0.00022940732014831156, 0.0001732526143314317, 1.3731047374676564e-06], "lowlevel.barkbands.stdev": [0.01312203612178564, 0.04091034457087517, 0.008842180483043194, 0.0049852365627884865, 0.004454238805919886, 0.004940892104059458, 0.0038324149791151285, 0.001972818747162819, 0.0020249553490430117, 0.0013780291192233562, 0.0011422031093388796, 0.0013429074315354228, 0.0011584693565964699, 0.0008720479090698063, 0.0010313926031813025, 0.0014354416634887457, 0.001221562852151692, 0.0007655775989405811, 0.0005060273688286543, 0.00047131325118243694, 0.0005525336600840092, 0.00047484878450632095, 0.00041200753184966743, 0.0005688513047061861, 0.00046112152631394565, 0.00035228178603574634, 4.7376247493957635e-06], "lowlevel.erbbands.mean": [2.170677900314331, 5.505818843841553, 2.652341604232788, 3.0834639072418213, 3.0687930583953857, 7.7606706619262695, 16.718839645385742, 39.13994598388672, 21.630739212036133, 26.720699310302734, 21.18686294555664, 33.32442855834961, 20.18995475769043, 15.061802864074707, 19.642885208129883, 17.07109832763672, 19.064254760742188, 20.86461067199707, 21.04338836669922, 26.191085815429688, 41.96791076660156, 48.35801696777344, 28.666963577270508, 21.83323860168457, 13.677877426147461, 8.80678653717041, 7.389588832855225, 8.567949295043945, 9.506087303161621, 6.5587687492370605, 6.448317050933838, 7.227921962738037, 4.931264400482178, 2.8640244007110596, 1.4768438339233398, 0.8865087032318115, 0.30391842126846313, 0.026758134365081787, 0.0005640345043502748, 0.00010423690400784835], "lowlevel.erbbands.stdev": [2.1757853031158447, 7.3294525146484375, 8.669748306274414, 15.410819053649902, 13.533402442932129, 16.33899688720703, 26.87473487854004, 46.16227340698242, 44.6267204284668, 50.685035705566406, 45.84920883178711, 47.433250427246094, 38.969451904296875, 41.00300598144531, 54.28364181518555, 48.39040756225586, 48.20744705200195, 47.58642578125, 49.27513885498047, 55.80058670043945, 78.90837860107422, 70.9941635131836, 41.799560546875, 32.601341247558594, 25.36620330810547, 20.76871109008789, 21.197999954223633, 22.26388168334961, 19.22417449951172, 12.34053897857666, 11.476409912109375, 11.601056098937988, 9.999857902526855, 6.0763139724731445, 2.9848082065582275, 1.854255199432373, 0.606654703617096, 0.05850778892636299, 0.001108230440877378, 7.02810866641812e-05], "lowlevel.gfcc.mean": [-0.1387535035610199, 74.21813201904297, -91.94307708740234, 26.13808822631836, -58.2717170715332, 7.457893371582031, -49.266334533691406, 26.2685604095459, -10.843348503112793, 5.567354202270508, -9.824544906616211, 12.038764953613281, -8.038681030273438], "lowlevel.melbands.mean": [0.015247147530317307, 0.0030286277178674936, 0.0005056746886111796, 0.00036819171509705484, 0.0005443913396447897, 0.0008182163583114743, 0.0003581171913538128, 0.00027153166593052447, 0.00016177685756701976, 0.0002187720820074901, 9.737667278386652e-05, 6.004290480632335e-05, 6.185406527947634e-05, 5.3028084948891774e-05, 3.894747351296246e-05, 4.5522814616560936e-05, 3.699473018059507e-05, 3.245694824727252e-05, 3.1754374504089355e-05, 4.220733171678148e-05, 4.822156915906817e-05, 5.4119445849210024e-05, 3.1781120924279094e-05, 2.2369305952452123e-05, 1.73612788785249e-05, 1.0737784577941056e-05, 8.53114943311084e-06, 5.089399110147497e-06, 4.446580987860216e-06, 4.756760972668417e-06, 4.967526820109924e-06, 5.610321295534959e-06, 4.273144440958276e-06, 3.581685859899153e-06, 3.4481233797123423e-06, 4.24648123953375e-06, 4.6034829210839234e-06, 3.8220850910875015e-06, 2.6164345854340354e-06, 2.3286052055482287e-06], "lowlevel.melbands.stdev": [0.014792400412261486, 0.005017334129661322, 0.0024131599348038435, 0.0009767728624865413, 0.0008898742380551994, 0.0009788507595658302, 0.0007271418580785394, 0.0005025696009397507, 0.0003649422724265605, 0.0003148410760331899, 0.00019895013247150928, 0.00017770433623809367, 0.00016545197286177427, 0.00017185407341457903, 0.00010988096619257703, 0.00011949670442845672, 8.884436829248443e-05, 8.189686923287809e-05, 7.703755545662716e-05, 9.399541158927605e-05, 8.966717723524198e-05, 8.368318958673626e-05, 4.936072218697518e-05, 3.4762517316266894e-05, 2.7092621166957542e-05, 1.9405106286285445e-05, 1.9200668248231523e-05, 1.2865149983554147e-05, 1.3504536582331639e-05, 1.3019711332162842e-05, 1.2982953194295987e-05, 1.1669621926557738e-05, 8.374328899662942e-06, 6.9536795308522414e-06, 6.59070747133228e-06, 7.3657224675116595e-06, 7.4693120950541925e-06, 7.521203315263847e-06, 6.205978024809156e-06, 4.9948312152992e-06], "lowlevel.melbands128.mean": [0.007908820174634457, 0.021206539124250412, 0.01707981713116169, 0.006520305760204792, 0.001563187688589096, 0.0007944697281345725, 0.0006665238179266453, 0.0004267927724868059, 0.0002351435978198424, 0.000357913231709972, 0.0004932256415486336, 0.00032880069920793176, 0.0005009190645068884, 0.0008258775342255831, 0.001202912419103086, 0.0005922553245909512, 0.0002436249196762219, 0.0002999854914378375, 0.0005523246363736689, 0.0002595066907815635, 0.00016505003441125154, 0.0001902816875372082, 0.00017065851716324687, 0.00011986690515186638, 0.00019228382734581828, 0.00033924178569577634, 9.424365271115676e-05, 7.703781011514366e-05, 7.915409514680505e-05, 6.216127803782001e-05, 5.320097625372e-05, 5.5544809583807364e-05, 5.6818702432792634e-05, 7.746708433842286e-05, 5.5862750741653144e-05, 4.901361171505414e-05, 4.041398278786801e-05, 3.889548679580912e-05, 3.7063797208247706e-05, 3.926564022549428e-05, 5.396671986090951e-05, 4.349497248767875e-05, 4.077547419001348e-05, 2.942437095043715e-05, 3.039336297661066e-05, 3.40350488841068e-05, 3.531926267896779e-05, 2.767244222923182e-05, 3.351567647769116e-05, 3.320192627143115e-05, 3.906942220055498e-05, 5.545851308852434e-05, 5.6301592849195004e-05, 3.7587426049867645e-05, 4.821131005883217e-05, 6.845341704320163e-05, 4.6569595724577084e-05, 3.356025990797207e-05, 2.7858453904627822e-05, 2.4250308342743665e-05, 1.9931818314944394e-05, 2.3513650376116857e-05, 2.1378342353273183e-05, 1.504986357758753e-05, 1.1978707334492356e-05, 1.1160695976286661e-05, 9.35946445679292e-06, 8.905005415726919e-06, 9.353041605209e-06, 6.6622683334571775e-06, 4.412485395732801e-06, 4.833793809666531e-06, 4.4089706534578e-06, 4.501916919252835e-06, 4.169413386989618e-06, 4.717022875411203e-06, 5.078572485217592e-06, 4.923674623569241e-06, 5.109778157930123e-06, 4.477476977626793e-06, 5.9586541283351835e-06, 6.022938578098547e-06, 5.222748313826742e-06, 4.3953382373729255e-06, 3.143602498312248e-06, 2.988388587255031e-06, 4.0663571780896746e-06, 4.05120636060019e-06, 2.7728108307201182e-06, 3.4062620670738397e-06, 4.679704488808056e-06, 4.193091626802925e-06, 4.199683189654024e-06, 4.6618920350738335e-06, 4.926768269797321e-06, 4.470431576919509e-06, 3.699854687511106e-06, 2.5753163299668813e-06, 2.623340833451948e-06, 2.652389412105549e-06, 2.508895704522729e-06, 2.6047282517538406e-06, 1.6252409977823845e-06, 1.3581122857431183e-06, 1.453632421544171e-06, 2.056089670077199e-06, 1.520616365269234e-06, 1.519634224678157e-06, 1.772937253008422e-06, 1.395529920955596e-06, 1.2633181540877558e-06, 1.2771710089509725e-06, 9.382980579175637e-07, 7.602855589539104e-07, 5.042251132181264e-07, 2.295802232765709e-07, 5.807451941564068e-08, 7.165353865801194e-10, 1.0427619184794068e-10, 9.85524648000613e-11, 6.804643654101383e-11, 2.4528963929459913e-11, 8.884148625099009e-12, 8.643698604093863e-12, 8.249511317115488e-12, 7.675325652822806e-12, 7.356519907131265e-12, 7.276380886711564e-12], "lowlevel.melbands128.stdev": [0.01232882309705019, 0.02307114005088806, 0.01885562762618065, 0.01025551836937666, 0.004871690645813942, 0.004573579411953688, 0.0035971077159047127, 0.0021429643966257572, 0.001367822289466858, 0.0011239812010899186, 0.0009740828536450863, 0.001066340017132461, 0.0009689214057289064, 0.0012563628843054175, 0.0014256421709433198, 0.0008515493245795369, 0.0006724651320837438, 0.0008544722222723067, 0.001057998975738883, 0.0006018027197569609, 0.0004594023048412055, 0.0005046842852607369, 0.0004910045536234975, 0.0003904101613443345, 0.00032486996497027576, 0.0005230801762081683, 0.0002742861397564411, 0.00022652953339274973, 0.0002576338592916727, 0.00027176449657417834, 0.00016835331916809082, 0.0001665393210714683, 0.00018789262685459107, 0.00027381922700442374, 0.0002725104277487844, 0.00018613408610690385, 0.0001516197808086872, 0.0001381713809678331, 0.00012478188727982342, 0.00013190781464800239, 0.00017336680321022868, 0.00013783328176941723, 0.00012453299132175744, 7.320816075662151e-05, 9.681205847300589e-05, 0.00010698008554754779, 0.00010816934809554368, 8.737183088669553e-05, 9.975204739021137e-05, 9.096471330849454e-05, 0.00010780798766063526, 0.00014320886111818254, 0.0001422153291059658, 7.02569232089445e-05, 8.720697223907337e-05, 0.0001228156907018274, 7.96440290287137e-05, 6.246382690733299e-05, 5.007552317692898e-05, 4.477196489460766e-05, 3.551263580447994e-05, 4.523525421973318e-05, 3.637323243310675e-05, 2.78686002275208e-05, 2.4132141334121116e-05, 2.21562495426042e-05, 2.1007488612667657e-05, 2.2707408788846806e-05, 2.317595499334857e-05, 1.6538189811399207e-05, 1.291428088734392e-05, 1.4064929018786643e-05, 1.3693156688532326e-05, 1.6377534848288633e-05, 1.3925448001828045e-05, 1.2959010746271815e-05, 1.4542492863256484e-05, 1.544865153846331e-05, 1.441519725631224e-05, 1.1521562555572018e-05, 1.3373548426898196e-05, 1.3569131624535657e-05, 1.1070842447225004e-05, 9.159396540781017e-06, 7.0838964347785804e-06, 6.227828180271899e-06, 8.25441657070769e-06, 8.936222002375871e-06, 6.211206709849648e-06, 6.891649263707222e-06, 9.52607842918951e-06, 7.739042303001042e-06, 7.725876457698178e-06, 8.199055628210772e-06, 9.061246601049788e-06, 8.222878932429012e-06, 8.25041024654638e-06, 7.329034360736841e-06, 7.343832294282038e-06, 6.082665549911326e-06, 6.1064424698997755e-06, 6.045684131095186e-06, 3.5639334328152472e-06, 2.961165364467888e-06, 3.400572040845873e-06, 4.593843641487183e-06, 3.4065083127643447e-06, 3.6458056911214953e-06, 4.092428753210697e-06, 3.141998831779347e-06, 2.526528305679676e-06, 2.878560508179362e-06, 1.890283215288946e-06, 1.7889940409077099e-06, 1.3350397694011917e-06, 6.12951509992854e-07, 1.8256733369526046e-07, 6.310052924618503e-09, 3.104686285837488e-09, 3.191272357483399e-09, 2.0988260018839355e-09, 5.534888103397861e-10, 3.6770995970325515e-11, 3.469179804538314e-11, 2.6407979969444995e-11, 1.3723625534589612e-11, 1.0034193094476951e-11, 9.88000306567649e-12], "lowlevel.mfcc.mean": [-653.8009643554688, 114.41378784179688, 18.696325302124023, 20.155473709106445, 16.496990203857422, -13.124374389648438, -13.376776695251465, 10.194095611572266, -0.2930595576763153, 2.8807168006896973, 3.2375142574310303, 6.31817626953125, 1.2103444337844849], "lowlevel.spectral_contrast_coeffs.mean": [-0.68340003490448, -0.7228453159332275, -0.7658753991127014, -0.7897980213165283, -0.7538899183273315, -0.7768145799636841], "lowlevel.spectral_contrast_coeffs.stdev": [0.11742328852415085, 0.06492500007152557, 0.06480342894792557, 0.06799294054508209, 0.06959414482116699, 0.048127174377441406], "lowlevel.spectral_contrast_valleys.mean": [-7.017847537994385, -6.602283954620361, -7.66166353225708, -7.794648170471191, -7.88154935836792, -10.156723976135254], "lowlevel.spectral_contrast_valleys.stdev": [0.9142484664916992, 0.6765261888504028, 0.9234595894813538, 1.0269076824188232, 1.098630666732788, 1.3095557689666748], "rhythm.beats_loudness_band_ratio.mean": [0.5702832341194153, 0.14940911531448364, 0.09856917709112167, 0.053213611245155334, 0.071544349193573, 0.06721919029951096], "rhythm.beats_loudness_band_ratio.stdev": [0.3706197738647461, 0.22034862637519836, 0.11810100078582764, 0.11013568192720413, 0.08672261983156204, 0.13426554203033447], "tonal.hpcp.mean": [0.03285575285553932, 0.028402693569660187, 0.044454753398895264, 0.177083820104599, 0.26398903131484985, 0.18096978962421417, 0.0910457894206047, 0.04352012649178505, 0.03177164867520332, 0.04059300944209099, 0.043079037219285965, 0.04036650061607361, 0.04659481719136238, 0.0500246100127697, 0.04144623130559921, 0.04251802712678909, 0.04967740550637245, 0.05861576274037361, 0.2516428530216217, 0.42701786756515503, 0.24604536592960358, 0.049299973994493484, 0.0269846823066473, 0.029410306364297867, 0.1726466715335846, 0.2906396985054016, 0.19669945538043976, 0.11126508563756943, 0.0730057880282402, 0.05407356843352318, 0.07384058088064194, 0.05832317844033241, 0.02949155680835247, 0.040193524211645126, 0.06180063262581825, 0.05475476756691933], "tonal.hpcp.stdev": [0.11086005717515945, 0.10519334673881531, 0.12864534556865692, 0.27108919620513916, 0.31984591484069824, 0.28854304552078247, 0.22873546183109283, 0.1416175663471222, 0.11571098864078522, 0.13676829636096954, 0.12270354479551315, 0.11343280971050262, 0.1222979798913002, 0.14579060673713684, 0.12772031128406525, 0.11688460409641266, 0.14384540915489197, 0.14640653133392334, 0.29561588168144226, 0.42351865768432617, 0.31143835186958313, 0.13974428176879883, 0.09216601401567459, 0.09354294091463089, 0.2533870339393616, 0.39009207487106323, 0.2702121138572693, 0.27365851402282715, 0.19577698409557343, 0.13656803965568542, 0.15656925737857819, 0.12833838164806366, 0.10385038703680038, 0.1277288794517517, 0.19576050341129303, 0.17630933225154877], "rhythm.beats_position": [0.4643990993499756, 0.9287981986999512, 1.404807209968567, 1.8924262523651123, 2.356825351715088, 2.8212244510650635, 3.2972335815429688, 3.7616326808929443, 4.249251842498779, 4.736870765686035, 5.212879657745361, 5.6888885498046875, 6.164897918701172, 6.640906810760498, 7.128525733947754, 7.604535102844238, 8.080544471740723, 8.55655288696289, 9.032562255859375, 9.531790733337402, 9.996190071105957, 10.460589408874512, 10.936598777770996, 11.424217224121094, 11.900226593017578, 12.376235961914062, 12.8406343460083, 13.316643714904785, 13.79265308380127, 14.268661499023438, 14.744670867919922, 15.232290267944336, 15.708298683166504, 16.184309005737305, 16.660316467285156, 17.13632583618164, 17.623945236206055, 18.11156463623047, 18.599184036254883, 19.075191497802734, 19.56281089782715, 20.038820266723633, 20.526439666748047, 20.9908390045166, 21.455238342285156, 21.942855834960938, 22.43047523498535, 22.894874572753906, 23.38249397277832, 23.846893310546875, 24.33451271057129, 24.81052017211914, 25.286529541015625, 25.77414894104004, 26.261768341064453, 26.726167678833008, 27.202177047729492, 27.678184509277344, 28.154193878173828, 28.630203247070312, 29.106212615966797, 29.58222198486328], "rhythm.bpm_histogram": [0.0, 0.0, 0.0, 0.0, 0.0, 0.0, 0.0, 0.0, 0.0, 0.0, 0.0, 0.0, 0.0, 0.0, 0.0, 0.0, 0.0, 0.0, 0.0, 0.0, 0.0, 0.0, 0.0, 0.0, 0.0, 0.0, 0.0, 0.0, 0.0, 0.0, 0.0, 0.0, 0.0, 0.0, 0.0, 0.0, 0.0, 0.0, 0.0, 0.0, 0.0, 0.0, 0.0, 0.0, 0.0, 0.0, 0.0, 0.0, 0.0, 0.0, 0.0, 0.0, 0.0, 0.0, 0.0, 0.0, 0.0, 0.0, 0.0, 0.0, 0.0, 0.0, 0.0, 0.0, 0.0, 0.0, 0.0, 0.0, 0.0, 0.0, 0.0, 0.0, 0.0, 0.0, 0.0, 0.0, 0.0, 0.0, 0.0, 0.0, 0.0, 0.0, 0.0, 0.0, 0.0, 0.0, 0.0, 0.0, 0.0, 0.0, 0.0, 0.0, 0.0, 0.0, 0.0, 0.0, 0.0, 0.0, 0.0, 0.0, 0.0, 0.0, 0.0, 0.0, 0.0, 0.0, 0.0, 0.0, 0.0, 0.0, 0.0, 0.0, 0.0, 0.0, 0.0, 0.0, 0.0, 0.0, 0.0, 0.0, 0.016393441706895828, 0.0, 0.0, 0.2786885201931, 0.0, 0.0, 0.5081967115402222, 0.0, 0.0, 0.19672131538391113, 0.0, 0.0, 0.0, 0.0, 0.0, 0.0, 0.0, 0.0, 0.0, 0.0, 0.0, 0.0, 0.0, 0.0, 0.0, 0.0, 0.0, 0.0, 0.0, 0.0, 0.0, 0.0, 0.0, 0.0, 0.0, 0.0, 0.0, 0.0, 0.0, 0.0, 0.0, 0.0, 0.0, 0.0, 0.0, 0.0, 0.0, 0.0, 0.0, 0.0, 0.0, 0.0, 0.0, 0.0, 0.0, 0.0, 0.0, 0.0, 0.0, 0.0, 0.0, 0.0, 0.0, 0.0, 0.0, 0.0, 0.0, 0.0, 0.0, 0.0, 0.0, 0.0, 0.0, 0.0, 0.0, 0.0, 0.0, 0.0, 0.0, 0.0, 0.0, 0.0, 0.0, 0.0, 0.0, 0.0, 0.0, 0.0, 0.0, 0.0, 0.0, 0.0, 0.0, 0.0, 0.0, 0.0, 0.0, 0.0, 0.0, 0.0, 0.0, 0.0, 0.0, 0.0, 0.0, 0.0, 0.0, 0.0, 0.0, 0.0, 0.0, 0.0, 0.0, 0.0, 0.0, 0.0, 0.0, 0.0, 0.0, 0.0, 0.0, 0.0, 0.0, 0.0, 0.0, 0.0, 0.0, 0.0, 0.0, 0.0], "tonal.chords_histogram": [14.814814567565918, 1.5432099103927612, 33.48765563964844, 3.395061731338501, 8.641975402832031, 0.7716049551963806, 5.864197731018066, 3.395061731338501, 0.0, 18.209877014160156, 0.0, 0.15432098507881165, 0.0, 0.0, 0.0, 0.0, 0.0, 0.0, 0.0, 0.0, 0.0, 0.0, 0.0, 9.722222328186035], "tonal.thpcp": [1.0, 0.5761945247650146, 0.11545178294181824, 0.06319333612918854, 0.06887371093034744, 0.40430784225463867, 0.6806265711784363, 0.4606351852416992, 0.26056307554244995, 0.17096659541130066, 0.12663069367408752, 0.17292152345180511, 0.13658252358436584, 0.06906399130821228, 0.09412609785795212, 0.14472609758377075, 0.12822593748569489, 0.0769423395395279, 0.06651405990123749, 0.1041051372885704, 0.41469883918762207, 0.6182154417037964, 0.4237990975379944, 0.21321307122707367, 0.10191641002893448, 0.0744035616517067, 0.09506161510944366, 0.10088345408439636, 0.09453117102384567, 0.10911678522825241, 0.1171487495303154, 0.0970597118139267, 0.09956967085599899, 0.1163356602191925, 0.13726770877838135, 0.5893028378486633], "lowlevel.gfcc.cov": [[5653.91748046875, -2177.855712890625, -323.96600341796875, 1153.87939453125, 386.8544616699219, 957.0905151367188, 176.61744689941406, 470.63720703125, -8.11920166015625, 750.2720336914062, 123.33940124511719, 486.25390625, -109.39656829833984], [-2177.855712890625, 2383.670654296875, -81.61758422851562, -686.9749145507812, 339.98736572265625, -333.3333740234375, 95.7113265991211, -63.1231575012207, 222.606689453125, -446.0580139160156, 198.76731872558594, -208.3819580078125, 120.96702575683594], [-323.96600341796875, -81.61758422851562, 1497.5794677734375, 494.2206726074219, -76.576171875, 251.77798461914062, 396.06982421875, 186.96800231933594, 253.40704345703125, 312.15203857421875, 103.43147277832031, 176.8184814453125, 203.32369995117188], [1153.87939453125, -686.9749145507812, 494.2206726074219, 1024.9959716796875, 372.08551025390625, 388.8835144042969, 269.26690673828125, 299.38421630859375, 299.0093994140625, 394.7957763671875, 134.8976593017578, 241.5221405029297, 140.72239685058594], [386.8544616699219, 339.98736572265625, -76.576171875, 372.08551025390625, 973.9673461914062, 533.4076538085938, 315.85919189453125, 330.3471374511719, 356.2350769042969, 206.85443115234375, 250.68243408203125, 155.07078552246094, 112.61486053466797], [957.0905151367188, -333.3333740234375, 251.77798461914062, 388.8835144042969, 533.4076538085938, 802.24072265625, 453.3138427734375, 284.8508605957031, 206.50697326660156, 351.02032470703125, 210.05918884277344, 231.21986389160156, 66.562255859375], [176.61744689941406, 95.7113265991211, 396.06982421875, 269.26690673828125, 315.85919189453125, 453.3138427734375, 621.3723754882812, 293.04656982421875, 188.76441955566406, 225.45631408691406, 233.8795928955078, 192.76681518554688, 101.0383529663086], [470.63720703125, -63.1231575012207, 186.96800231933594, 299.38421630859375, 330.3471374511719, 284.8508605957031, 293.04656982421875, 400.0768737792969, 216.21530151367188, 158.27584838867188, 161.55429077148438, 154.59771728515625, 82.14221954345703], [-8.11920166015625, 222.606689453125, 253.40704345703125, 299.0093994140625, 356.2350769042969, 206.50697326660156, 188.76441955566406, 216.21530151367188, 376.9396057128906, 173.8217315673828, 149.00003051757812, 99.80194091796875, 140.59945678710938], [750.2720336914062, -446.0580139160156, 312.15203857421875, 394.7957763671875, 206.85443115234375, 351.02032470703125, 225.45631408691406, 158.27584838867188, 173.8217315673828, 397.0433349609375, 126.33181762695312, 159.98081970214844, 64.98943328857422], [123.33940124511719, 198.76731872558594, 103.43147277832031, 134.8976593017578, 250.68243408203125, 210.05918884277344, 233.8795928955078, 161.55429077148438, 149.00003051757812, 126.33181762695312, 231.64804077148438, 109.06563568115234, 71.41128540039062], [486.25390625, -208.3819580078125, 176.8184814453125, 241.5221405029297, 155.07078552246094, 231.21986389160156, 192.76681518554688, 154.59771728515625, 99.80194091796875, 159.98081970214844, 109.06563568115234, 207.66519165039062, 75.9953842163086], [-109.39656829833984, 120.96702575683594, 203.32369995117188, 140.72239685058594, 112.61486053466797, 66.562255859375, 101.0383529663086, 82.14221954345703, 140.59945678710938, 64.98943328857422, 71.41128540039062, 75.9953842163086, 150.96609497070312]], "lowlevel.gfcc.icov": [[0.0005776071920990944, -0.00022503834043163806, 0.0004841269983444363, -0.0006630870047956705, 0.0005110129131935537, -0.0007125107804313302, 0.0006437395350076258, -0.0007585952407680452, 0.000704275444149971, -0.0009269827278330922, 0.00031052183476276696, -0.0008037227089516819, 0.00048066393355838954], [-0.00022503834043163806, 0.002555187325924635, -0.0009253433090634644, 0.0018744146218523383, -0.0019887215457856655, 0.001760204671882093, -0.0014535156078636646, 0.001752929762005806, -0.002218294655904174, 0.0030492525547742844, -0.0027511438820511103, 0.0017218998400494456, -0.0007971588056534529], [0.0004841269983444363, -0.0009253433090634644, 0.0019400615710765123, -0.0013739955611526966, 0.0018010918283835053, -0.0012185628293082118, 0.00015196690219454467, -0.0010086260735988617, 0.0005631324602290988, -0.0019390499219298363, 0.001426776172593236, -0.0008186960476450622, -0.000551534176338464], [-0.0006630870047956705, 0.0018744146218523383, -0.0013739955611526966, 0.003919562324881554, -0.002250331686809659, 0.0020418718922883272, -0.0012529458617791533, 0.0012364680878818035, -0.0023523522540926933, 0.0014114576624706388, -0.001230404945090413, 0.0007736352272331715, -0.0010655764490365982], [0.0005110129131935537, -0.0019887215457856655, 0.0018010918283835053, -0.002250331686809659, 0.004851164296269417, -0.0034745626617223024, 0.0015957228606566787, -0.0022206169087439775, 0.00012915991828776896, -0.0019251910271123052, 0.001091943820938468, -0.0009798862738534808, 0.0003744280256796628], [-0.0007125107804313302, 0.001760204671882093, -0.0012185628293082118, 0.0020418718922883272, -0.0034745626617223024, 0.00586254708468914, -0.003081047674641013, 0.001899032387882471, -0.0012991500552743673, 0.0006963868509046733, -0.0012992643751204014, 0.00030030193738639355, 0.0002205231285188347], [0.0006437395350076258, -0.0014535156078636646, 0.00015196690219454467, -0.0012529458617791533, 0.0015957228606566787, -0.003081047674641013, 0.005746081937104464, -0.0029774431604892015, 0.0022762103471904993, -0.0019966543186455965, -0.0007584194536320865, -0.0018881413852795959, 0.0005857286159880459], [-0.0007585952407680452, 0.001752929762005806, -0.0010086260735988617, 0.0012364680878818035, -0.0022206169087439775, 0.001899032387882471, -0.0029774431604892015, 0.007496116682887077, -0.0038690431974828243, 0.003589201718568802, -0.0024331407621502876, -1.9167964637745172e-05, 0.00020361410861369222], [0.000704275444149971, -0.002218294655904174, 0.0005631324602290988, -0.0023523522540926933, 0.00012915991828776896, -0.0012991500552743673, 0.0022762103471904993, -0.0038690431974828243, 0.010015788488090038, -0.0048284693621098995, 0.0012786502484232187, -0.00017352549184579402, -0.0029865331016480923], [-0.0009269827278330922, 0.0030492525547742844, -0.0019390499219298363, 0.0014114576624706388, -0.0019251910271123052, 0.0006963868509046733, -0.0019966543186455965, 0.003589201718568802, -0.0048284693621098995, 0.010922039858996868, -0.0046274736523628235, 0.0014370533172041178, -4.612662087311037e-05], [0.00031052183476276696, -0.0027511438820511103, 0.001426776172593236, -0.001230404945090413, 0.001091943820938468, -0.0012992643751204014, -0.0007584194536320865, -0.0024331407621502876, 0.0012786502484232187, -0.0046274736523628235, 0.012514044530689716, -0.0037525256630033255, 1.5313069525291212e-05], [-0.0008037227089516819, 0.0017218998400494456, -0.0008186960476450622, 0.0007736352272331715, -0.0009798862738534808, 0.00030030193738639355, -0.0018881413852795959, -1.9167964637745172e-05, -0.00017352549184579402, 0.0014370533172041178, -0.0037525256630033255, 0.013171154074370861, -0.005020232405513525], [0.00048066393355838954, -0.0007971588056534529, -0.000551534176338464, -0.0010655764490365982, 0.0003744280256796628, 0.0002205231285188347, 0.0005857286159880459, 0.00020361410861369222, -0.0029865331016480923, -4.612662087311037e-05, 1.5313069525291212e-05, -0.005020232405513525, 0.01378902979195118]], "lowlevel.mfcc.cov": [[6228.97705078125, -2508.16552734375, -638.58740234375, 277.64776611328125, 360.70941162109375, 621.5551147460938, 444.5936584472656, 191.74551391601562, 138.67916870117188, 169.37667846679688, 271.1868896484375, 252.81639099121094, 316.1515197753906], [-2508.16552734375, 2632.361083984375, -371.91845703125, -388.87396240234375, 63.28764343261719, -356.4071960449219, -98.85376739501953, 141.1201629638672, -127.5645751953125, -53.507835388183594, -36.09489059448242, -57.18991470336914, -130.75848388671875], [-638.58740234375, -371.91845703125, 1518.3128662109375, 357.7087097167969, -229.4435577392578, 151.2150115966797, 51.310447692871094, -37.94749069213867, 202.71664428710938, 89.73467254638672, 52.02812957763672, 74.49436950683594, 159.02439880371094], [277.64776611328125, -388.87396240234375, 357.7087097167969, 647.6187133789062, 179.21054077148438, 116.36711883544922, 28.43370246887207, 95.69805908203125, 182.90286254882812, 153.01243591308594, 72.75152587890625, 89.75762939453125, 197.12477111816406], [360.70941162109375, 63.28764343261719, -229.4435577392578, 179.21054077148438, 646.6843872070312, 245.2692413330078, 93.76443481445312, 196.30322265625, 192.06631469726562, 194.82334899902344, 128.51260375976562, 122.79668426513672, 184.54026794433594], [621.5551147460938, -356.4071960449219, 151.2150115966797, 116.36711883544922, 245.2692413330078, 620.0858154296875, 315.17803955078125, 152.4203643798828, 218.59176635742188, 163.51104736328125, 204.29002380371094, 205.06723022460938, 210.5325469970703], [444.5936584472656, -98.85376739501953, 51.310447692871094, 28.43370246887207, 93.76443481445312, 315.17803955078125, 505.4980773925781, 274.50067138671875, 164.58424377441406, 113.62669372558594, 201.28250122070312, 208.1119384765625, 170.3208465576172], [191.74551391601562, 141.1201629638672, -37.94749069213867, 95.69805908203125, 196.30322265625, 152.4203643798828, 274.50067138671875, 402.8773498535156, 182.50625610351562, 104.97612762451172, 134.8784942626953, 161.88002014160156, 186.36746215820312], [138.67916870117188, -127.5645751953125, 202.71664428710938, 182.90286254882812, 192.06631469726562, 218.59176635742188, 164.58424377441406, 182.50625610351562, 293.6742858886719, 162.30442810058594, 129.9173583984375, 140.65609741210938, 160.04368591308594], [169.37667846679688, -53.507835388183594, 89.73467254638672, 153.01243591308594, 194.82334899902344, 163.51104736328125, 113.62669372558594, 104.97612762451172, 162.30442810058594, 220.41702270507812, 141.2797393798828, 101.31229400634766, 120.6898422241211], [271.1868896484375, -36.09489059448242, 52.02812957763672, 72.75152587890625, 128.51260375976562, 204.29002380371094, 201.28250122070312, 134.8784942626953, 129.9173583984375, 141.2797393798828, 234.991455078125, 149.85435485839844, 114.53178405761719], [252.81639099121094, -57.18991470336914, 74.49436950683594, 89.75762939453125, 122.79668426513672, 205.06723022460938, 208.1119384765625, 161.88002014160156, 140.65609741210938, 101.31229400634766, 149.85435485839844, 214.39100646972656, 164.24624633789062], [316.1515197753906, -130.75848388671875, 159.02439880371094, 197.12477111816406, 184.54026794433594, 210.5325469970703, 170.3208465576172, 186.36746215820312, 160.04368591308594, 120.6898422241211, 114.53178405761719, 164.24624633789062, 287.5128173828125]], "lowlevel.mfcc.icov": [[0.0003770995244849473, 0.0003907721256837249, 0.00024937884882092476, 1.0517551345401444e-05, -4.851409903494641e-05, -5.465603680931963e-05, -7.908085535746068e-05, -0.00012218410847708583, 0.00024444234441034496, -3.647772973636165e-05, -0.00023016845807433128, -1.3520877928385744e-06, -0.0002131722285412252], [0.0003907721256837249, 0.0009232662850990891, 0.00018673893646337092, 0.0003689038858283311, -0.0002610292285680771, 0.0002828577416948974, 8.829641592456028e-05, -0.0005999273271299899, 0.0004991364548914135, -0.0002102892758557573, -0.0003312566550448537, -0.0001549957087263465, -3.809768895735033e-05], [0.00024937884882092476, 0.00018673893646337092, 0.001294344081543386, -0.0004831386322621256, 0.0008919510873965919, -0.00025634074700064957, -9.416706234333105e-06, 0.0004660826234612614, -0.0008609069045633078, -8.912831253837794e-05, -0.00013952825975138694, 0.000226820950047113, -0.0008126370958052576], [1.0517551345401444e-05, 0.0003689038858283311, -0.0004831386322621256, 0.002726116916164756, -0.00047739356523379683, 0.0004853388527408242, 0.0005237230798229575, -0.0002875367063097656, -0.0003262794343754649, -0.0009263340034522116, 0.00010243506403639913, 7.975708285812289e-05, -0.0011343867518007755], [-4.851409903494641e-05, -0.0002610292285680771, 0.0008919510873965919, -0.00047739356523379683, 0.003407162381336093, -0.0010694897500798106, 0.0010423220228403807, -0.0005818297504447401, -0.0008746938547119498, -0.001648743636906147, 0.00021653290605172515, 0.00031617211061529815, -0.0009633494773879647], [-5.465603680931963e-05, 0.0002828577416948974, -0.00025634074700064957, 0.0004853388527408242, -0.0010694897500798106, 0.0037747921887785196, -0.0016099660424515605, 0.001272127847187221, -0.001005489961244166, 0.0002553441736381501, -0.000840374268591404, -0.0006263903342187405, -0.0008056361111812294], [-7.908085535746068e-05, 8.829641592456028e-05, -9.416706234333105e-06, 0.0005237230798229575, 0.0010423220228403807, -0.0016099660424515605, 0.005491182208061218, -0.0028446605429053307, 0.00036818537046201527, -0.0002191224048146978, -0.001422483823262155, -0.0017203474417328835, 0.0003105783252976835], [-0.00012218410847708583, -0.0005999273271299899, 0.0004660826234612614, -0.0002875367063097656, -0.0005818297504447401, 0.001272127847187221, -0.0028446605429053307, 0.006702444516122341, -0.0028284844011068344, 0.0013009225949645042, -0.0001971325691556558, -0.00016418732411693782, -0.0022159102372825146], [0.00024444234441034496, 0.0004991364548914135, -0.0008609069045633078, -0.0003262794343754649, -0.0008746938547119498, -0.001005489961244166, 0.00036818537046201527, -0.0028284844011068344, 0.009483295492827892, -0.003678775392472744, 0.0005946248420514166, -0.0019036212470382452, 0.0006870973738841712], [-3.647772973636165e-05, -0.0002102892758557573, -8.912831253837794e-05, -0.0009263340034522116, -0.001648743636906147, 0.00