{"song_id": "1182286084747558982", "download": "https://cdn.discordapp.com/attachments/1135911532732108921/1182286084747558982/chirp.mp4?ex=658424b8&amp", "lyrics": "FATTO E DIRETTO DA ZAC\nFATTO E DIRETTO DA ZAC\nFATTO E DIRETTO DA ZAC\nFATTO E DIRETTO DA ZAC\nFATTO E DIRETTO DA ZAC\nFATTO E DIRETTO DA ZAC\nFATTO E DIRETTO DA ZAC", "style": ["random"], "essentia_features": {"lowlevel.average_loudness": 0.8104875087738037, "lowlevel.barkbands_crest.mean": 9.563122749328613, "lowlevel.barkbands_crest.stdev": 4.218112468719482, "lowlevel.barkbands_flatness_db.mean": 0.2098943144083023, "lowlevel.barkbands_flatness_db.stdev": 0.07225838303565979, "lowlevel.barkbands_kurtosis.mean": 3.1496315002441406, "lowlevel.barkbands_kurtosis.stdev": 9.009818077087402, "lowlevel.barkbands_skewness.mean": 1.1992837190628052, "lowlevel.barkbands_skewness.stdev": 1.2608340978622437, "lowlevel.barkbands_spread.mean": 16.682086944580078, "lowlevel.barkbands_spread.stdev": 13.06717586517334, "lowlevel.dissonance.mean": 0.43146634101867676, "lowlevel.dissonance.stdev": 0.03970497474074364, "lowlevel.dynamic_complexity": 4.317566394805908, "lowlevel.erbbands_crest.mean": 9.876032829284668, "lowlevel.erbbands_crest.stdev": 4.147158145904541, "lowlevel.erbbands_flatness_db.mean": 0.2476877123117447, "lowlevel.erbbands_flatness_db.stdev": 0.07880110293626785, "lowlevel.erbbands_kurtosis.mean": 0.48749569058418274, "lowlevel.erbbands_kurtosis.stdev": 2.0999033451080322, "lowlevel.erbbands_skewness.mean": 0.2932366132736206, "lowlevel.erbbands_skewness.stdev": 0.6831510066986084, "lowlevel.erbbands_spread.mean": 28.440704345703125, "lowlevel.erbbands_spread.stdev": 18.985883712768555, "lowlevel.hfc.mean": 19.11260414123535, "lowlevel.hfc.stdev": 26.044631958007812, "lowlevel.loudness_ebu128.integrated": -17.330244064331055, "lowlevel.loudness_ebu128.loudness_range": 7.216996192932129, "lowlevel.loudness_ebu128.momentary.mean": -18.780492782592773, "lowlevel.loudness_ebu128.momentary.stdev": 3.762380361557007, "lowlevel.loudness_ebu128.short_term.mean": -18.22714614868164, "lowlevel.loudness_ebu128.short_term.stdev": 2.9734342098236084, "lowlevel.melbands_crest.mean": 12.465855598449707, "lowlevel.melbands_crest.stdev": 5.266613483428955, "lowlevel.melbands_flatness_db.mean": 0.23230516910552979, "lowlevel.melbands_flatness_db.stdev": 0.08806461095809937, "lowlevel.melbands_kurtosis.mean": 8.070048332214355, "lowlevel.melbands_kurtosis.stdev": 17.128480911254883, "lowlevel.melbands_skewness.mean": 1.9142524003982544, "lowlevel.melbands_skewness.stdev": 1.5367485284805298, "lowlevel.melbands_spread.mean": 24.283292770385742, "lowlevel.melbands_spread.stdev": 24.305438995361328, "lowlevel.pitch_salience.mean": 0.5740886330604553, "lowlevel.pitch_salience.stdev": 0.10656159371137619, "lowlevel.silence_rate_20dB.mean": 1.0, "lowlevel.silence_rate_20dB.stdev": 0.0, "lowlevel.silence_rate_30dB.mean": 1.0, "lowlevel.silence_rate_30dB.stdev": 0.0, "lowlevel.silence_rate_60dB.mean": 0.160115048289299, "lowlevel.silence_rate_60dB.stdev": 0.36671119928359985, "lowlevel.spectral_centroid.mean": 1182.0478515625, "lowlevel.spectral_centroid.stdev": 770.8163452148438, "lowlevel.spectral_complexity.mean": 13.72770881652832, "lowlevel.spectral_complexity.stdev": 8.180883407592773, "lowlevel.spectral_decrease.mean": -4.189740998583602e-09, "lowlevel.spectral_decrease.stdev": 4.1332812728001045e-09, "lowlevel.spectral_energy.mean": 0.01754661463201046, "lowlevel.spectral_energy.stdev": 0.017297867685556412, "lowlevel.spectral_energyband_high.mean": 0.0007416747394017875, "lowlevel.spectral_energyband_high.stdev": 0.0018721913220360875, "lowlevel.spectral_energyband_low.mean": 0.0023269029334187508, "lowlevel.spectral_energyband_low.stdev": 0.005478392355144024, "lowlevel.spectral_energyband_middle_high.mean": 0.0063675930723547935, "lowlevel.spectral_energyband_middle_high.stdev": 0.010949461720883846, "lowlevel.spectral_energyband_middle_low.mean": 0.008314267732203007, "lowlevel.spectral_energyband_middle_low.stdev": 0.008773964829742908, "lowlevel.spectral_entropy.mean": 7.16276216506958, "lowlevel.spectral_entropy.stdev": 0.6154637336730957, "lowlevel.spectral_flux.mean": 0.05406094342470169, "lowlevel.spectral_flux.stdev": 0.04483318701386452, "lowlevel.spectral_kurtosis.mean": 11.33536434173584, "lowlevel.spectral_kurtosis.stdev": 13.625251770019531, "lowlevel.spectral_rms.mean": 0.0036044828593730927, "lowlevel.spectral_rms.stdev": 0.002031337469816208, "lowlevel.spectral_rolloff.mean": 1820.268310546875, "lowlevel.spectral_rolloff.stdev": 1871.6719970703125, "lowlevel.spectral_skewness.mean": 2.1501529216766357, "lowlevel.spectral_skewness.stdev": 1.0330100059509277, "lowlevel.spectral_spread.mean": 3685964.75, "lowlevel.spectral_spread.stdev": 2281636.25, "lowlevel.spectral_strongpeak.mean": 1.3282140493392944, "lowlevel.spectral_strongpeak.stdev": 1.7908967733383179, "lowlevel.zerocrossingrate.mean": 0.06384078413248062, "lowlevel.zerocrossingrate.stdev": 0.04987616464495659, "metadata.audio_properties.analysis.equal_loudness": 0.0, "metadata.audio_properties.analysis.length": 24.19199562072754, "metadata.audio_properties.analysis.sample_rate": 44100.0, "metadata.audio_properties.analysis.start_time": 0.0, "metadata.audio_properties.bit_rate": 118279.0, "metadata.audio_properties.length": 24.191999435424805, "metadata.audio_properties.lossless": 0.0, "metadata.audio_properties.number_channels": 1.0, "metadata.audio_properties.replay_gain": -11.071561813354492, "metadata.audio_properties.sample_rate": 48000.0, "rhythm.beats_count": 37.0, "rhythm.beats_loudness.mean": 0.024584656581282616, "rhythm.beats_loudness.stdev": 0.018365779891610146, "rhythm.bpm": 93.92507934570312, "rhythm.bpm_histogram_first_peak_bpm": 94.0, "rhythm.bpm_histogram_first_peak_weight": 0.3055555820465088, "rhythm.bpm_histogram_second_peak_bpm": 0.0, "rhythm.bpm_histogram_second_peak_spread": 0.0, "rhythm.bpm_histogram_second_peak_weight": 0.0, "rhythm.danceability": 1.1492528915405273, "rhythm.onset_rate": 4.1723809242248535, "tonal.chords_changes_rate": 0.04214559495449066, "tonal.chords_number_rate": 0.01149425283074379, "tonal.chords_strength.mean": 0.5230444669723511, "tonal.chords_strength.stdev": 0.08472520858049393, "tonal.hpcp_crest.mean": 17.70619773864746, "tonal.hpcp_crest.stdev": 7.730618953704834, "tonal.hpcp_entropy.mean": 1.4819762706756592, "tonal.hpcp_entropy.stdev": 0.6634618639945984, "tonal.key_edma.strength": 0.7015416622161865, "tonal.key_krumhansl.strength": 0.7056965827941895, "tonal.key_temperley.strength": 0.7078315615653992, "tonal.tuning_diatonic_strength": 0.45146965980529785, "tonal.tuning_equal_tempered_deviation": 0.035442594438791275, "tonal.tuning_frequency": 440.76312255859375, "tonal.tuning_nontempered_energy_ratio": 0.6209591627120972, "lowlevel.barkbands.mean": [1.8111488316208124e-05, 0.0013065132079645991, 0.0008639385341666639, 0.0004034923331346363, 0.0026796290185302496, 0.0015118721639737487, 0.0015389740001410246, 0.0015174337895587087, 0.000531520287040621, 0.0004462577635422349, 0.0008862504619173706, 0.0012503364123404026, 0.0012822411954402924, 0.0005078790709376335, 0.000576732971239835, 0.00037571124266833067, 0.0005048501188866794, 0.0002720116754062474, 0.00027764198603108525, 7.87488097557798e-05, 6.106358341639861e-05, 0.00015766052820254117, 0.0002461367112118751, 0.00015238380001392215, 6.620633939746767e-05, 3.242743696318939e-05, 5.96987888457079e-07], "lowlevel.barkbands.stdev": [5.055368455941789e-05, 0.0033919792622327805, 0.0021350772585719824, 0.0010511652799323201, 0.004775513894855976, 0.002143117366358638, 0.0038167957682162523, 0.004025873728096485, 0.001220201957039535, 0.001118446933105588, 0.0016266752500087023, 0.00359559478238225, 0.005377400666475296, 0.001974951708689332, 0.0016888089012354612, 0.001116416067816317, 0.0011992506915703416, 0.0007658147951588035, 0.0006450481596402824, 0.0002448728773742914, 0.00022769669885747135, 0.0005008545122109354, 0.0006799957482144237, 0.0003853067464660853, 0.000213430670555681, 0.0001483451487729326, 3.5150656003679615e-06], "lowlevel.erbbands.mean": [0.044807069003582, 0.2824666202068329, 0.7765275835990906, 1.2840837240219116, 4.147568225860596, 11.236221313476562, 10.20358657836914, 13.282553672790527, 20.418874740600586, 24.668886184692383, 32.82081604003906, 15.827845573425293, 10.04920482635498, 25.205860137939453, 37.907264709472656, 60.44369125366211, 64.19225311279297, 32.591773986816406, 26.007465362548828, 25.110200881958008, 23.49162483215332, 26.001394271850586, 18.321813583374023, 12.75624942779541, 12.85045051574707, 3.4926416873931885, 2.1423871517181396, 2.9749937057495117, 5.403881549835205, 7.366959571838379, 6.2623291015625, 4.129528999328613, 2.0242443084716797, 0.9935728907585144, 0.34392616152763367, 0.16842013597488403, 0.05194922164082527, 0.006796363741159439, 0.00014717981684952974, 2.809833677019924e-05], "lowlevel.erbbands.stdev": [0.11653020232915878, 0.7290641069412231, 1.9378256797790527, 2.6694936752319336, 7.890287399291992, 23.679616928100586, 16.552942276000977, 23.958709716796875, 45.49018096923828, 48.315460205078125, 105.72305297851562, 35.30556869506836, 22.346996307373047, 66.06108856201172, 61.64670944213867, 170.83935546875, 255.7924346923828, 109.88878631591797, 70.99163055419922, 66.24984741210938, 65.26764678955078, 61.8944091796875, 48.205101013183594, 29.34838104248047, 30.517831802368164, 10.548942565917969, 7.437205791473389, 11.566298484802246, 18.424823760986328, 18.587812423706055, 17.67131805419922, 10.402880668640137, 5.641177177429199, 2.9973995685577393, 1.27312433719635, 0.7465335726737976, 0.24235209822654724, 0.03604350611567497, 0.0006912210374139249, 3.877437120536342e-05], "lowlevel.gfcc.mean": [-93.74628448486328, 96.18302917480469, -170.77821350097656, -13.369519233703613, -86.83108520507812, -11.837374687194824, -63.887508392333984, -14.688504219055176, -22.971302032470703, -14.296788215637207, -4.155980110168457, 0.9392600655555725, -9.75245189666748], "lowlevel.melbands.mean": [0.00039260226185433567, 0.0003794550721067935, 0.0002939079131465405, 0.000586076988838613, 0.00038690329529345036, 0.0002907213056460023, 0.0003288614971097559, 0.00027512002270668745, 0.00024454836966469884, 8.679043821757659e-05, 4.61974304926116e-05, 9.540357859805226e-05, 0.00010552220192039385, 0.00015340649406425655, 0.00013994358596391976, 0.00012444077583495528, 5.483620770974085e-05, 3.832827860605903e-05, 4.35806650784798e-05, 2.914409378718119e-05, 2.7027528631151654e-05, 2.7950069124926813e-05, 2.1605674191960134e-05, 1.2344608876446728e-05, 9.571004738972988e-06, 1.2150860129622743e-05, 4.903963144897716e-06, 1.6570531897741603e-06, 1.2270147635717876e-06, 1.3982568134451867e-06, 1.8172838736063568e-06, 2.8248414309928194e-06, 3.5267808016214985e-06, 4.660231297748396e-06, 3.719769438248477e-06, 3.182497948728269e-06, 2.2950016500544734e-06, 1.5384971447929274e-06, 1.0128519534191582e-06, 7.748851658107014e-07], "lowlevel.melbands.stdev": [0.0010180536191910505, 0.0009050350054167211, 0.0005439714877866209, 0.0011567745823413134, 0.0006207089754752815, 0.0004777154535986483, 0.0007386127253994346, 0.0004916011239401996, 0.0007864312501624227, 0.00020397178013809025, 0.00011035008355975151, 0.0002578949206508696, 0.00017001471132971346, 0.0003916116547770798, 0.0005226010689511895, 0.0005236979923211038, 0.00022110842110123485, 0.00011270774120930582, 0.00014960691623855382, 7.861852645874023e-05, 7.803301559761167e-05, 6.71826783218421e-05, 5.379471622291021e-05, 3.6482742871157825e-05, 2.326142566744238e-05, 3.089936217293143e-05, 1.3143539035809226e-05, 6.27222289040219e-06, 4.349334631115198e-06, 5.256464191916166e-06, 7.437055955961114e-06, 1.034962224366609e-05, 1.0817670954565983e-05, 1.206116212415509e-05, 1.0376771570008714e-05, 9.862995284493081e-06, 5.622838216368109e-06, 4.377798632049235e-06, 3.0858673198963515e-06, 2.435011310808477e-06], "lowlevel.melbands128.mean": [1.4706755791848991e-05, 0.0003156377060804516, 0.0006606679526157677, 0.00035027117701247334, 0.00033062047441489995, 0.0004499575588852167, 0.0002296793245477602, 0.0002364321844652295, 0.00034858466824516654, 0.0007199117681011558, 0.0006869425997138023, 0.00041424884693697095, 0.00036927798646502197, 0.00023444199177902192, 0.00032479839865118265, 0.00030626749503426254, 0.0002521885035093874, 0.00037066283402964473, 0.0003997228341177106, 0.00022544099192600697, 0.00024043368466664106, 0.00028892315458506346, 0.0003254068433307111, 8.574310049880296e-05, 9.61818004725501e-05, 9.490649972576648e-05, 2.818159555317834e-05, 5.4880416428204626e-05, 2.8540987841552123e-05, 9.043249156093225e-05, 0.00013690043124370277, 8.457282820018008e-05, 5.4730408010073006e-05, 0.00019787898054346442, 7.791967072989792e-05, 0.00019438262097537518, 0.00018676268518902361, 8.746860839892179e-05, 0.0001660732232267037, 0.00015950477973092347, 0.00013775912520941347, 1.59855426318245e-05, 5.3874930017627776e-05, 8.632330718683079e-05, 2.7982536266790703e-05, 3.1954517908161506e-05, 4.2531650251476094e-05, 5.571885412791744e-05, 3.8258858694462106e-05, 2.1681449652533047e-05, 3.128061507595703e-05, 3.565694350982085e-05, 1.9102073565591127e-05, 2.9346265364438295e-05, 3.0477563996100798e-05, 2.453969318594318e-05, 2.9099348466843367e-05, 2.658977246028371e-05, 1.5851801435928792e-05, 1.953555693035014e-05, 1.0711996765166987e-05, 8.490913387504406e-06, 1.0240417395834811e-05, 9.878064702206757e-06, 9.008212146000005e-06, 1.572931978444103e-05, 1.1157088010804728e-05, 6.206552825460676e-06, 3.96509040001547e-06, 2.2693454866384855e-06, 1.6471757362523931e-06, 1.3466516293192399e-06, 1.2504831374826608e-06, 1.157063366008515e-06, 1.2389608627927373e-06, 1.4201366411725758e-06, 1.4771028418181231e-06, 1.4310687674878864e-06, 1.931808583321981e-06, 1.968651531569776e-06, 2.679459839782794e-06, 3.157692844979465e-06, 3.353317424625857e-06, 3.899693183484487e-06, 3.3328469726257026e-06, 3.617076572481892e-06, 5.639036317006685e-06, 5.585373401117977e-06, 2.9737050226685824e-06, 2.7718670025933534e-06, 4.047346465085866e-06, 2.956685875687981e-06, 2.579574584160582e-06, 2.3828158646210795e-06, 2.0625304841814796e-06, 1.841085918385943e-06, 1.422592163180525e-06, 1.0485088068890036e-06, 1.0895723789872136e-06, 9.544847898723674e-07, 8.805695301816741e-07, 8.209976272155473e-07, 5.284421149553964e-07, 4.0948458490674966e-07, 3.2240350833490083e-07, 3.30606383158738e-07, 3.166329634041176e-07, 3.178399481384986e-07, 3.0608310908064595e-07, 2.681692023998039e-07, 2.505771590222139e-07, 1.75973283944586e-07, 1.6522959356279898e-07, 1.1270768851545654e-07, 1.1803659560882807e-07, 8.535225504147093e-08, 2.6974067424134773e-08, 4.160070621317402e-10, 3.683044147440029e-11, 1.037491273447877e-11, 6.888413884437172e-12, 3.0519861811406646e-12, 2.59105150529626e-12, 2.538100372234675e-12, 2.46500671437222e-12, 2.3674595270306575e-12, 2.30990877467252e-12, 2.2910159012956566e-12], "lowlevel.melbands128.stdev": [4.45054356532637e-05, 0.0008409435395151377, 0.0017263740301132202, 0.0009368056198582053, 0.0008683678461238742, 0.0010864018695428967, 0.0005221241735853255, 0.000675988441798836, 0.0008000346133485436, 0.0017651623347774148, 0.0016498416662216187, 0.001066743629053235, 0.0007582303369417787, 0.0003542234771884978, 0.0008509927429258823, 0.000512345926836133, 0.0005393716273829341, 0.0011892368784174323, 0.0011785117676481605, 0.0005548700573854148, 0.0005289397668093443, 0.0010759379947558045, 0.001239991863258183, 0.0002612973330542445, 0.0003327328304294497, 0.00025809413637034595, 0.00012163903011241928, 0.00017702845798339695, 8.198765135603026e-05, 0.0003359694092068821, 0.00047010413254611194, 0.0002682422928046435, 0.00011563368025235832, 0.0003570838598534465, 0.0003523461928125471, 0.0007529280846938491, 0.0005991018260829151, 0.0005392548628151417, 0.0011048436863347888, 0.0007328086066991091, 0.0007470523705706, 4.368380177766085e-05, 0.00026747386436909437, 0.0003884775214828551, 0.00016612056060694158, 0.0001482929365010932, 0.0001481770450482145, 0.0002732394787017256, 0.00014250344247557223, 7.12983965058811e-05, 9.589947876520455e-05, 0.00014609815843869, 7.277630356838927e-05, 9.748154116095975e-05, 8.635702397441491e-05, 7.22703553037718e-05, 9.50582034420222e-05, 8.18999033072032e-05, 4.851727862842381e-05, 6.410032801795751e-05, 4.081060615135357e-05, 2.532004873501137e-05, 3.199935599695891e-05, 2.9095135687384754e-05, 2.5026689399965107e-05, 4.730908767669462e-05, 2.9780276236124337e-05, 1.8657408872968517e-05, 1.3127645615895744e-05, 8.08622735348763e-06, 7.347289283643477e-06, 5.4218171499087475e-06, 5.032469744037371e-06, 4.079116934008198e-06, 4.770937721332302e-06, 6.156722065497888e-06, 6.092172043281607e-06, 6.736603609169833e-06, 9.057347597263288e-06, 8.256911314674653e-06, 1.0838556590897497e-05, 1.2004465133941267e-05, 1.4034700143383816e-05, 1.202188832394313e-05, 9.640481948736124e-06, 9.5170444183168e-06, 1.6394134945585392e-05, 1.7277014194405638e-05, 7.918458322819788e-06, 8.395413715334143e-06, 1.7932583432411775e-05, 8.059560059336945e-06, 7.0397372837760486e-06, 6.183475761645241e-06, 5.527451776288217e-06, 5.2845789468847215e-06, 4.7270627874240745e-06, 3.6748585898749297e-06, 3.658064997580368e-06, 2.883865363401128e-06, 2.656521473909379e-06, 2.8805372949136654e-06, 1.8121496623280109e-06, 1.7558772924530786e-06, 1.1806013162640738e-06, 1.3426015357254073e-06, 1.5361098348876112e-06, 1.4703326769449632e-06, 1.4495062714559026e-06, 1.4030775901119341e-06, 1.2457271623134147e-06, 8.791716368250491e-07, 7.969698572196648e-07, 5.477296554090572e-07, 6.972766755097837e-07, 5.037479127167899e-07, 1.5759380289637193e-07, 4.4942662924540855e-09, 1.093160117981995e-09, 2.433874768392741e-10, 1.344583888673867e-10, 1.4027184795650793e-11, 5.150719260826886e-12, 5.048763490611563e-12, 4.967511211401154e-12, 4.902677222529128e-12, 4.855271133058503e-12, 4.826461279250349e-12], "lowlevel.mfcc.mean": [-719.9851684570312, 129.1559600830078, -36.95146179199219, -19.49258041381836, -14.453852653503418, -20.318811416625977, -32.41775894165039, -11.15661334991455, -30.64348793029785, -17.784534454345703, -12.4454927444458, -6.997676372528076, 2.792440176010132], "lowlevel.spectral_contrast_coeffs.mean": [-0.5223041772842407, -0.6916064620018005, -0.7163280844688416, -0.7568890452384949, -0.7620151042938232, -0.7680428624153137], "lowlevel.spectral_contrast_coeffs.stdev": [0.12892962992191315, 0.06374675035476685, 0.06351353228092194, 0.06103596091270447, 0.06433072686195374, 0.03777679055929184], "lowlevel.spectral_contrast_valleys.mean": [-9.378097534179688, -7.196852684020996, -7.960815906524658, -8.166109085083008, -8.637821197509766, -11.45992660522461], "lowlevel.spectral_contrast_valleys.stdev": [1.8901110887527466, 1.0492737293243408, 1.0619271993637085, 1.0528489351272583, 1.2517818212509155, 2.042344570159912], "rhythm.beats_loudness_band_ratio.mean": [0.08369137346744537, 0.2725219428539276, 0.27705568075180054, 0.22253510355949402, 0.11553428322076797, 0.07573169469833374], "rhythm.beats_loudness_band_ratio.stdev": [0.15285253524780273, 0.18276149034500122, 0.16699591279029846, 0.17725446820259094, 0.11055407673120499, 0.07461666315793991], "tonal.hpcp.mean": [0.11973383277654648, 0.08561869710683823, 0.22739048302173615, 0.3439801335334778, 0.16930396854877472, 0.03204734995961189, 0.024346398189663887, 0.022960860282182693, 0.21468044817447662, 0.3790794610977173, 0.1908586174249649, 0.025420894846320152, 0.021692296490073204, 0.025599250569939613, 0.27548590302467346, 0.4003082513809204, 0.15440358221530914, 0.08649581670761108, 0.12443912029266357, 0.0652930811047554, 0.05255122855305672, 0.06382673978805542, 0.036639198660850525, 0.14663636684417725, 0.2279428094625473, 0.10856789350509644, 0.033028438687324524, 0.02539701573550701, 0.020188884809613228, 0.13735322654247284, 0.20749859511852264, 0.09403803944587708, 0.025939196348190308, 0.020756786689162254, 0.024128921329975128, 0.08687183260917664], "tonal.hpcp.stdev": [0.24639059603214264, 0.18140196800231934, 0.2751716375350952, 0.3791995644569397, 0.224732905626297, 0.08704353123903275, 0.0756814181804657, 0.06995868682861328, 0.25485897064208984, 0.3837716579437256, 0.2032708078622818, 0.07919258624315262, 0.06586539000272751, 0.08534491807222366, 0.3038548529148102, 0.4266751706600189, 0.16087551414966583, 0.14298881590366364, 0.21053367853164673, 0.11563234031200409, 0.11719849705696106, 0.15926049649715424, 0.09736493974924088, 0.18916045129299164, 0.27924293279647827, 0.15894827246665955, 0.1068192645907402, 0.08592677116394043, 0.07608075439929962, 0.20947524905204773, 0.3082091510295868, 0.1495538055896759, 0.07566028088331223, 0.07129339128732681, 0.09634651243686676, 0.19434642791748047], "rhythm.beats_position": [0.6733786463737488, 1.3235373497009277, 1.9736961126327515, 2.6122448444366455, 3.250793695449829, 3.8893423080444336, 4.527891159057617, 5.166440010070801, 5.804988384246826, 6.44353723526001, 7.082086086273193, 7.720634937286377, 8.359183311462402, 8.997732162475586, 9.63628101348877, 10.263219833374023, 10.913378715515137, 11.55192756652832, 12.190476417541504, 12.817414283752441, 13.455963134765625, 14.094511985778809, 14.733060836791992, 15.371609687805176, 16.01015853881836, 16.648706436157227, 17.298866271972656, 17.925804138183594, 18.575963973999023, 19.21451187133789, 19.85306167602539, 20.479999542236328, 21.118547439575195, 21.757097244262695, 22.407255172729492, 23.034194946289062, 23.67274284362793], "rhythm.bpm_histogram": [0.0, 0.0, 0.0, 0.0, 0.0, 0.0, 0.0, 0.0, 0.0, 0.0, 0.0, 0.0, 0.0, 0.0, 0.0, 0.0, 0.0, 0.0, 0.0, 0.0, 0.0, 0.0, 0.0, 0.0, 0.0, 0.0, 0.0, 0.0, 0.0, 0.0, 0.0, 0.0, 0.0, 0.0, 0.0, 0.0, 0.0, 0.0, 0.0, 0.0, 0.0, 0.0, 0.0, 0.0, 0.0, 0.0, 0.0, 0.0, 0.0, 0.0, 0.0, 0.0, 0.0, 0.0, 0.0, 0.0, 0.0, 0.0, 0.0, 0.0, 0.0, 0.0, 0.0, 0.0, 0.0, 0.0, 0.0, 0.0, 0.0, 0.0, 0.0, 0.0, 0.0, 0.0, 0.0, 0.0, 0.0, 0.0, 0.0, 0.0, 0.0, 0.0, 0.0, 0.0, 0.0, 0.0, 0.0, 0.0, 0.0, 0.0, 0.0, 0.0, 0.1666666716337204, 0.0, 0.6944444179534912, 0.0, 0.1388888955116272, 0.0, 0.0, 0.0, 0.0, 0.0, 0.0, 0.0, 0.0, 0.0, 0.0, 0.0, 0.0, 0.0, 0.0, 0.0, 0.0, 0.0, 0.0, 0.0, 0.0, 0.0, 0.0, 0.0, 0.0, 0.0, 0.0, 0.0, 0.0, 0.0, 0.0, 0.0, 0.0, 0.0, 0.0, 0.0, 0.0, 0.0, 0.0, 0.0, 0.0, 0.0, 0.0, 0.0, 0.0, 0.0, 0.0, 0.0, 0.0, 0.0, 0.0, 0.0, 0.0, 0.0, 0.0, 0.0, 0.0, 0.0, 0.0, 0.0, 0.0, 0.0, 0.0, 0.0, 0.0, 0.0, 0.0, 0.0, 0.0, 0.0, 0.0, 0.0, 0.0, 0.0, 0.0, 0.0, 0.0, 0.0, 0.0, 0.0, 0.0, 0.0, 0.0, 0.0, 0.0, 0.0, 0.0, 0.0, 0.0, 0.0, 0.0, 0.0, 0.0, 0.0, 0.0, 0.0, 0.0, 0.0, 0.0, 0.0, 0.0, 0.0, 0.0, 0.0, 0.0, 0.0, 0.0, 0.0, 0.0, 0.0, 0.0, 0.0, 0.0, 0.0, 0.0, 0.0, 0.0, 0.0, 0.0, 0.0, 0.0, 0.0, 0.0, 0.0, 0.0, 0.0, 0.0, 0.0, 0.0, 0.0, 0.0, 0.0, 0.0, 0.0, 0.0, 0.0, 0.0, 0.0, 0.0, 0.0, 0.0, 0.0, 0.0, 0.0, 0.0, 0.0, 0.0, 0.0, 0.0, 0.0, 0.0, 0.0, 0.0, 0.0], "tonal.chords_histogram": [47.12643814086914, 1.7241379022598267, 4.214559555053711, 4.214559555053711, 0.0, 0.0, 0.0, 0.0, 0.0, 0.0, 0.0, 0.0, 0.0, 0.0, 0.0, 0.0, 0.0, 0.0, 0.0, 0.0, 0.0, 32.18390655517578, 0.7662835121154785, 9.77011489868164], "tonal.thpcp": [1.0, 0.3857117295265198, 0.21607303619384766, 0.31085824966430664, 0.1631070077419281, 0.1312769055366516, 0.15944397449493408, 0.09152746200561523, 0.36630862951278687, 0.56941819190979, 0.2712107300758362, 0.08250751346349716, 0.06344364583492279, 0.05043334513902664, 0.3431186378002167, 0.5183470249176025, 0.23491406440734863, 0.06479805707931519, 0.05185200646519661, 0.0602758526802063, 0.21701234579086304, 0.29910409450531006, 0.21388192474842072, 0.5680384635925293, 0.8592881560325623, 0.42293399572372437, 0.08005668222904205, 0.060819126665592194, 0.057357948273420334, 0.5362878441810608, 0.9469689130783081, 0.47677913308143616, 0.06350330263376236, 0.05418898165225983, 0.0639488473534584, 0.6881844401359558], "lowlevel.gfcc.cov": [[14505.56640625, -3644.381591796875, 2793.458740234375, 2401.5048828125, 3.756436586380005, 2163.39306640625, -699.157470703125, 1502.7666015625, -626.9478759765625, -165.3005828857422, -641.4482421875, 210.28604125976562, -1101.6292724609375], [-3644.381591796875, 4048.94921875, -737.4205322265625, -876.361083984375, 839.6137084960938, -662.562255859375, 765.47705078125, -531.421875, 519.75927734375, -208.49810791015625, 503.4006652832031, -306.9140319824219, 448.1198425292969], [2793.458740234375, -737.4205322265625, 1827.2227783203125, 1274.7838134765625, 282.7638854980469, 973.7130126953125, -51.4759407043457, 591.2445678710938, -77.08167266845703, -27.355329513549805, -240.7692413330078, 85.86693572998047, -288.3977355957031], [2401.5048828125, -876.361083984375, 1274.7838134765625, 1437.397705078125, 249.20449829101562, 836.2196655273438, -133.60267639160156, 522.374267578125, -16.719873428344727, -60.340816497802734, -202.45887756347656, 59.56654357910156, -213.8265380859375], [3.756436586380005, 839.6137084960938, 282.7638854980469, 249.20449829101562, 645.9857788085938, 182.45657348632812, 269.80255126953125, 115.58682250976562, 132.6298370361328, -28.62108612060547, 66.23052978515625, -51.1696662902832, 16.157033920288086], [2163.39306640625, -662.562255859375, 973.7130126953125, 836.2196655273438, 182.45657348632812, 850.9923706054688, -7.504870891571045, 447.1830139160156, -71.13872528076172, 24.122337341308594, -98.60411834716797, 35.34060287475586, -208.4552459716797], [-699.157470703125, 765.47705078125, -51.4759407043457, -133.60267639160156, 269.80255126953125, -7.504870891571045, 391.8654479980469, -23.439905166625977, 104.81204986572266, 50.427833557128906, 133.99371337890625, -54.05550765991211, 61.04484558105469], [1502.7666015625, -531.421875, 591.2445678710938, 522.374267578125, 115.58682250976562, 447.1830139160156, -23.439905166625977, 393.056640625, -40.558650970458984, 13.974835395812988, -78.31080627441406, 37.182010650634766, -145.82383728027344], [-626.9478759765625, 519.75927734375, -77.08167266845703, -16.719873428344727, 132.6298370361328, -71.13872528076172, 104.81204986572266, -40.558650970458984, 225.30743408203125, 30.349266052246094, 73.90758514404297, -43.145233154296875, 104.73355102539062], [-165.3005828857422, -208.49810791015625, -27.355329513549805, -60.340816497802734, -28.62108612060547, 24.122337341308594, 50.427833557128906, 13.974835395812988, 30.349266052246094, 187.20877075195312, 12.534499168395996, 37.006805419921875, 24.823999404907227], [-641.4482421875, 503.4006652832031, -240.7692413330078, -202.45887756347656, 66.23052978515625, -98.60411834716797, 133.99371337890625, -78.31080627441406, 73.90758514404297, 12.534499168395996, 182.52052307128906, -18.843788146972656, 86.35399627685547], [210.28604125976562, -306.9140319824219, 85.86693572998047, 59.56654357910156, -51.1696662902832, 35.34060287475586, -54.05550765991211, 37.182010650634766, -43.145233154296875, 37.006805419921875, -18.843788146972656, 97.89656829833984, -7.957151412963867], [-1101.6292724609375, 448.1198425292969, -288.3977355957031, -213.8265380859375, 16.157033920288086, -208.4552459716797, 61.04484558105469, -145.82383728027344, 104.73355102539062, 24.823999404907227, 86.35399627685547, -7.957151412963867, 178.26712036132812]], "lowlevel.gfcc.icov": [[0.00017834597383625805, -3.559578908607364e-05, 3.3912790968315676e-05, -1.3975135289001628e-06, 1.5451269064215012e-05, -0.0002044143620878458, 0.00020829614368267357, -0.0002610623778309673, -3.3305273063888308e-06, 5.844242332386784e-05, 4.1041686927201226e-05, -0.0001875267771538347, 0.000685040489770472], [-3.559578908607364e-05, 0.0020187566988170147, -0.0010033237049356103, 0.0010160461533814669, -0.00156651739962399, 0.0004399871686473489, -0.0012340982211753726, 0.0013262724969536066, -0.0014711159747093916, 0.0024978136643767357, -0.0020260396413505077, 0.0023648713249713182, -0.0019316395046189427], [3.3912790968315676e-05, -0.0010033237049356103, 0.0027051090728491545, -0.0012828164035454392, 0.0006456589326262474, -0.00153319351375103, -5.557404801947996e-05, -0.0009045993210747838, 0.0002415887574898079, -0.0006244499236345291, 0.002539936685934663, -0.002645698608830571, 0.001593535067513585], [-1.3975135289001628e-06, 0.0010160461533814669, -0.0012828164035454392, 0.0033278269693255424, -0.0011911297915503383, -0.001249779248610139, 0.0002611945674289018, -0.00016350243822671473, -0.0019810115918517113, 0.002348355483263731, 2.7582000257098116e-05, 0.0004560163361020386, -0.0013792173704132438], [1.5451269064215012e-05, -0.00156651739962399, 0.0006456589326262474, -0.0011911297915503383, 0.0041960361413657665, -0.0003849018830806017, -0.0011290914844721556, -0.0014618843561038375, 0.00017379569180775434, -0.0008705209475010633, 0.0016423185588791966, -0.001706114038825035, 0.001156965154223144], [-0.0002044143620878458, 0.0004399871686473489, -0.00153319351375103, -0.001249779248610139, -0.0003849018830806017, 0.005691595375537872, -0.0004796068533323705, -0.0016433510463684797, 0.0013193158665671945, -0.0014127908507362008, -0.002633301541209221, 0.002633933210745454, -2.363050043641124e-05], [0.00020829614368267357, -0.0012340982211753726, -5.557404801947996e-05, 0.0002611945674289018, -0.0011290914844721556, -0.0004796068533323705, 0.006745173130184412, -0.0009641575743444264, 0.0009536125580780208, -0.0034019560553133488, -0.0018317033536732197, 0.000754383101593703, 0.0018902841256931424], [-0.0002610623778309673, 0.0013262724969536066, -0.0009045993210747838, -0.00016350243822671473, -0.0014618843561038375, -0.0016433510463684797, -0.0009641575743444264, 0.008951757103204727, -0.0016868195962160826, 0.0008575895335525274, -0.0015276082558557391, 0.00021820438269060105, 0.0008781852666288614], [-3.3305273063888308e-06, -0.0014711159747093916, 0.0002415887574898079, -0.0019810115918517113, 0.00017379569180775434, 0.0013193158665671945, 0.0009536125580780208, -0.0016868195962160826, 0.01027621515095234, -0.00425776606425643, -0.00048707943642511964, 0.002925283508375287, -0.0035652390215545893], [5.844242332386784e-05, 0.0024978136643767357, -0.0006244499236345291, 0.002348355483263731, -0.0008705209475010633, -0.0014127908507362008, -0.0034019560553133488, 0.0008575895335525274, -0.00425776606425643, 0.01116500236093998, -0.0004025505331810564, -0.001723364694043994, -0.0027530440129339695], [4.1041686927201226e-05, -0.0020260396413505077, 0.002539936685934663, 2.7582000257098116e-05, 0.0016423185588791966, -0.002633301541209221, -0.0018317033536732197, -0.0015276082558557391, -0.00048707943642511964, -0.0004025505331810564, 0.013309056870639324, -0.004862978123128414, -0.0006835494423285127], [-0.0001875267771538347, 0.0023648713249713182, -0.002645698608830571, 0.0004560163361020386, -0.001706114038825035, 0.002633933210745454, 0.000754383101593703, 0.00021820438269060105, 0.002925283508375287, -0.001723364694043994, -0.004862978123128414, 0.019086703658103943, -0.005953009240329266], [0.000685040489770472, -0.0019316395046189427, 0.001593535067513585, -0.0013792173704132438, 0.001156965154223144, -2.363050043641124e-05, 0.0018902841256931424, 0.0008781852666288614, -0.0035652390215545893, -0.0027530440129339695, -0.0006835494423285127, -0.005953009240329266, 0.018104149028658867]], "lowlevel.mfcc.cov": [[12147.498046875, -3539.694091796875, 2370.054443359375, 610.590576171875, 1306.93994140625, 426.73114013671875, 495.95184326171875, 1378.818603515625, -78.10221099853516, 483.8353271484375, 143.7474365234375, -189.26223754882812, -139.75802612304688], [-3539.694091796875, 3947.122314453125, -1288.78662109375, -228.67050170898438, -314.13037109375, -68.82984161376953, 109.11560821533203, -299.96038818359375, 46.67485427856445, 24.600139617919922, 57.159629821777344, 59.96065902709961, 128.6954803466797], [2370.054443359375, -1288.78662109375, 1705.4248046875, 507.61529541015625, 706.5302734375, 393.7107238769531, 271.9891052246094, 597.650634765625, 178.4356231689453, 169.88165283203125, 55.45302200317383, 35.70942306518555, 26.433753967285156], [610.590576171875, -228.67050170898438, 507.61529541015625, 524.08447265625, 430.81982421875, 216.86770629882812, 130.39625549316406, 283.4423522949219, 165.84555053710938, 87.85404205322266, 48.0422248840332, 16.5327205657959, 52.58046340942383], [1306.93994140625, -314.13037109375, 706.5302734375, 430.81982421875, 738.5294799804688, 277.2243347167969, 230.26551818847656, 445.69927978515625, 159.06951904296875, 179.7044219970703, 58.81217575073242, 9.791881561279297, 33.968048095703125], [426.73114013671875, -68.82984161376953, 393.7107238769531, 216.86770629882812, 277.2243347167969, 339.3954162597656, 201.58920288085938, 191.7085418701172, 132.31784057617188, 130.24163818359375, 94.89678192138672, 50.15483856201172, 41.16167449951172], [495.95184326171875, 109.11560821533203, 271.9891052246094, 130.39625549316406, 230.26551818847656, 201.58920288085938, 389.3956604003906, 258.1738586425781, 73.91459655761719, 149.36399841308594, 116.81712341308594, 44.35825729370117, 14.991914749145508], [1378.818603515625, -299.96038818359375, 597.650634765625, 283.4423522949219, 445.69927978515625, 191.7085418701172, 258.1738586425781, 466.14727783203125, 78.33723449707031, 164.64915466308594, 71.5858154296875, -1.486914873123169, 15.076825141906738], [-78.10221099853516, 46.67485427856445, 178.4356231689453, 165.84555053710938, 159.06951904296875, 132.31784057617188, 73.91459655761719, 78.33723449707031, 193.06654357910156, 94.69313049316406, 56.81455993652344, 41.44783020019531, 35.91257095336914], [483.8353271484375, 24.600139617919922, 169.88165283203125, 87.85404205322266, 179.7044219970703, 130.24163818359375, 149.36399841308594, 164.64915466308594, 94.69313049316406, 226.6264190673828, 98.80715942382812, 16.227914810180664, 22.89324951171875], [143.7474365234375, 57.159629821777344, 55.45302200317383, 48.0422248840332, 58.81217575073242, 94.89678192138672, 116.81712341308594, 71.5858154296875, 56.81455993652344, 98.80715942382812, 131.70030212402344, 41.2787971496582, 17.992990493774414], [-189.26223754882812, 59.96065902709961, 35.70942306518555, 16.5327205657959, 9.791881561279297, 50.15483856201172, 44.35825729370117, -1.486914873123169, 41.44783020019531, 16.227914810180664, 41.2787971496582, 92.98622131347656, 45.45734786987305], [-139.75802612304688, 128.6954803466797, 26.433753967285156, 52.58046340942383, 33.968048095703125, 41.16167449951172, 14.991914749145508, 15.076825141906738, 35.91257095336914, 22.89324951171875, 17.992990493774414, 45.45734786987305, 99.1112289428711]], "lowlevel.mfcc.icov": [[0.0001852785935625434, 0.00011023659317288548, -5.647964644595049e-05, 7.82879869802855e-05, -7.619551615789533e-05, -7.482646196876885e-06, 7.933607412269339e-05, -0.0003829381021205336, 0.0003080203023273498, -0.00018944665498565882, -0.00014377485786098987, 0.00023226303164847195, 1.8849515981855802e-05], [0.00011023659317288548, 0.0004822637129109353, 0.0003888979263138026, 0.00011619197903200984, -0.00010956679761875421, -8.703355706529692e-05, -0.0003086771466769278, -0.00022297492250800133, -0.00010961812222376466, -6.711537571391091e-05, 6.671578739769757e-05, 0.0002461820258758962, -0.0005516285309568048], [-5.647964644595049e-05, 0.0003888979263138026, 0.001824178616516292, -8.916441584005952e-05, -0.0002090780617436394, -0.0010411255061626434, 0.0001648512261454016, -0.001517473254352808, -0.0005859112716279924, 0.0004356607678346336, 0.0008430618327111006, -0.0007543133106082678, -9.312923793913797e-06], [7.82879869802855e-05, 0.00011619197903200984, -8.916441584005952e-05, 0.005117998458445072, -0.001690780627541244, -0.0008118434343487024, 0.0005683231283910573, -0.0015983784105628729, -0.00271006696857512, 0.002098514698445797, -0.0009417063556611538, 0.001639206544496119, -0.0017416839255020022], [-7.619551615789533e-05, -0.00010956679761875421, -0.0002090780617436394, -0.001690780627541244, 0.00474420003592968, -0.0010212702909484506, 0.0003688601718749851, -0.0026980109978467226, -0.0006417033146135509, -0.000928834080696106, 0.0016178363002836704, -0.00036740695941261947, 0.0004622579144779593], [-7.482646196876885e-06, -8.703355706529692e-05, -0.0010411255061626434, -0.0008118434343487024, -0.0010212702909484506, 0.007131354883313179, -0.002147466177120805, 0.001756225829012692, -0.0012220406206324697, -0.0006770238978788257, -0.0017157066613435745, -0.00034789458732120693, -0.0006729575106874108], [7.933607412269339e-05, -0.0003086771466769278, 0.0001648512261454016, 0.0005683231283910573, 0.0003688601718749851, -0.002147466177120805, 0.00643770769238472, -0.003701118752360344, 0.00061400281265378, -0.0004674728843383491, -0.0020943298004567623, -0.001884560682810843, 0.001651944243349135], [-0.0003829381021205336, -0.00022297492250800133, -0.001517473254352808, -0.0015983784105628729, -0.0026980109978467226, 0.001756225829012692, -0.003701118752360344, 0.010473313741385937, 0.001768374815583229, -0.0020816680043935776, -0.0003285830025561154, 0.0015350650064647198, -0.0006401478312909603], [0.0003080203023273498, -0.00010961812222376466, -0.0005859112716279924, -0.00271006696857512, -0.0006417033146135509, -0.0012220406206324697, 0.00061400281265378, 0.001768374815583229, 0.011111405678093433, -0.003923413809388876, -0.0005556994583457708, -0.0024734209291636944, 0.000651657348498702], [-0.00018944665498565882, -6.711537571391091e-05, 0.0004356607678346336, 0.002098514698445797, -0.000928834080696106, -0.0006770238978788257, -0.0004674728843383491, -0.0020816680043935776, -0.003923413809388876, 0.010449965484440327, -0.005048269871622324, 0.0028096840251237154, -0.0017869416624307632], [-0.00014377485786098987, 6.671578739769757e-05, 0.0008430618327111006, -0.0009417063556611538, 0.0016178363002836704, -0.0017157066613435745, -0.0020943298004567623, -0.0003285830025561154, -0.0005556994583457708, -0.005048269871622324, 0.015755383297801018, -0.005321335047483444, 0.0014580002753064036], [0.00023226303164847195, 0.0002461820258758962, -0.0007543133106082678, 0.001639206544496119, -0.00036740695941261947, -0.00034789458732120693, -0.001884560682810843, 0.0015350650064647198, -0.0024734209291636944, 0.0028096840251237154, -0.005321335047483444, 0.01903011091053486, -0.007853510789573193], [1.8849515981855802e-05, -0.0005516285309568048, -9.312923793913797e-06, -0.0017416839255020022, 0.0004622579144779593, -0.0006729575106874108, 0.001651944243349135, -0.0006401478312909603, 0.000651657348498702, -0.0017869416624307632, 0.0014580002753064036, -0.007853510789573193, 0.01524153258651495]], "metadata.audio_properties.analysis.downmix": "mix", "metadata.audio_properties.codec": "mp3", "metadata.audio_properties.md5_encoded": "df4ab3229514de095b4d29b256294216", "metadata.tags.file_name": "1182286084747558982.mp3", "metadata.version.essentia": "2.1-beta6-dev", "metadata.version.essentia_git_sha": "v2.1_beta5-1110-g77a6a954", "metadata.version.extractor": "music 2.0", "tonal.chords_key": "Bb", "tonal.chords_scale": "major", "tonal.key_edma.key": "Bb", "tonal.key_edma.scale": "major", "tonal.key_krumhansl.key": "Bb", "tonal.key_krumhansl.scale": "major", "tonal.key_temperley.key": "Bb", "tonal.key_temperley.scale": "major", "metadata.tags.encoding": ["Lavf58.45.100"]}, "essentia_models": [{"model_name": "genre_dortmund", "activations": {"alternative": "0.15034884", "blues": "0.116400965", "electronic": "0.02110664", "folkcountry": "0.26681447", "funksoulrnb": "0.06645904", "jazz": "0.16779043", "pop": "0.13246779", "raphiphop": "0.14983663", "rock": "0.17466706"}}, {"model_name": "genre_rosamerica", "activations": {"classic": "0.07891228", "dance": "0.039647628", "hip hop": "0.038988017", "jazz": "0.09574339", "pop": "0.14323804", "rhythm and blues": "0.19025496", "rock": "0.09431383", "speech": "0.20544723"}}, {"model_name": "genre_tzanetakis", "activations": {"blues": "0.17188297", "classic": "0.03963653", "country": "0.16846667", "disco": "0.020664962", "hip hop": "0.015625535", "jazz": "0.032208912", "metal"