{"song_id": "1182279349039280178", "download": "https://cdn.discordapp.com/attachments/1135903449314238464/1182279349039280178/chirp.mp4?ex=65841e72&amp", "lyrics": "In the dimming glow of day's retreat,\nWe walk a road with no clear sign.\nEchoes of tomorrow, subtly sweet,\nLost in the maze of the grand design.\n\nUnknown futures, silently they beckon,\nThrough the strings of destiny's play.\nIn this dance of life, a mystery to reckon,\nIn our wordless song, we find our way.", "style": ["acoustic grunge</span><span>, alice in chains"], "essentia_features": {"lowlevel.average_loudness": 0.9753273129463196, "lowlevel.barkbands_crest.mean": 9.805708885192871, "lowlevel.barkbands_crest.stdev": 3.1064798831939697, "lowlevel.barkbands_flatness_db.mean": 0.10188596695661545, "lowlevel.barkbands_flatness_db.stdev": 0.02714921534061432, "lowlevel.barkbands_kurtosis.mean": 2.643157958984375, "lowlevel.barkbands_kurtosis.stdev": 4.125693321228027, "lowlevel.barkbands_skewness.mean": 1.6096198558807373, "lowlevel.barkbands_skewness.stdev": 0.903984010219574, "lowlevel.barkbands_spread.mean": 32.254547119140625, "lowlevel.barkbands_spread.stdev": 15.232429504394531, "lowlevel.dissonance.mean": 0.47476524114608765, "lowlevel.dissonance.stdev": 0.015709994360804558, "lowlevel.dynamic_complexity": 1.8190175294876099, "lowlevel.erbbands_crest.mean": 7.86638069152832, "lowlevel.erbbands_crest.stdev": 4.205565929412842, "lowlevel.erbbands_flatness_db.mean": 0.10968461632728577, "lowlevel.erbbands_flatness_db.stdev": 0.033830076456069946, "lowlevel.erbbands_kurtosis.mean": -0.048617489635944366, "lowlevel.erbbands_kurtosis.stdev": 1.4881961345672607, "lowlevel.erbbands_skewness.mean": -0.2825814187526703, "lowlevel.erbbands_skewness.stdev": 0.5720574855804443, "lowlevel.erbbands_spread.mean": 52.187862396240234, "lowlevel.erbbands_spread.stdev": 21.257699966430664, "lowlevel.hfc.mean": 29.657855987548828, "lowlevel.hfc.stdev": 21.02828598022461, "lowlevel.loudness_ebu128.integrated": -15.368139266967773, "lowlevel.loudness_ebu128.loudness_range": 1.2773447036743164, "lowlevel.loudness_ebu128.momentary.mean": -15.533135414123535, "lowlevel.loudness_ebu128.momentary.stdev": 1.2112834453582764, "lowlevel.loudness_ebu128.short_term.mean": -15.424128532409668, "lowlevel.loudness_ebu128.short_term.stdev": 0.44180771708488464, "lowlevel.melbands_crest.mean": 13.625163078308105, "lowlevel.melbands_crest.stdev": 3.5261733531951904, "lowlevel.melbands_flatness_db.mean": 0.18594689667224884, "lowlevel.melbands_flatness_db.stdev": 0.03546494245529175, "lowlevel.melbands_kurtosis.mean": 16.488718032836914, "lowlevel.melbands_kurtosis.stdev": 15.447381019592285, "lowlevel.melbands_skewness.mean": 3.415846109390259, "lowlevel.melbands_skewness.stdev": 1.5210740566253662, "lowlevel.melbands_spread.mean": 24.558761596679688, "lowlevel.melbands_spread.stdev": 13.400211334228516, "lowlevel.pitch_salience.mean": 0.5581216216087341, "lowlevel.pitch_salience.stdev": 0.08949018269777298, "lowlevel.silence_rate_20dB.mean": 1.0, "lowlevel.silence_rate_20dB.stdev": 0.0, "lowlevel.silence_rate_30dB.mean": 0.9855156540870667, "lowlevel.silence_rate_30dB.stdev": 0.11947623640298843, "lowlevel.silence_rate_60dB.mean": 0.0011587485205382109, "lowlevel.silence_rate_60dB.stdev": 0.03402106463909149, "lowlevel.spectral_centroid.mean": 1585.801513671875, "lowlevel.spectral_centroid.stdev": 450.04840087890625, "lowlevel.spectral_complexity.mean": 23.00811195373535, "lowlevel.spectral_complexity.stdev": 7.883709907531738, "lowlevel.spectral_decrease.mean": -8.939450069078703e-09, "lowlevel.spectral_decrease.stdev": 5.911365175137462e-09, "lowlevel.spectral_energy.mean": 0.036429621279239655, "lowlevel.spectral_energy.stdev": 0.023325838148593903, "lowlevel.spectral_energyband_high.mean": 0.0016839569434523582, "lowlevel.spectral_energyband_high.stdev": 0.0020846056286245584, "lowlevel.spectral_energyband_low.mean": 0.01624712161719799, "lowlevel.spectral_energyband_low.stdev": 0.018098877742886543, "lowlevel.spectral_energyband_middle_high.mean": 0.006890326272696257, "lowlevel.spectral_energyband_middle_high.stdev": 0.007878599688410759, "lowlevel.spectral_energyband_middle_low.mean": 0.013311782851815224, "lowlevel.spectral_energyband_middle_low.stdev": 0.009282039478421211, "lowlevel.spectral_entropy.mean": 7.818065643310547, "lowlevel.spectral_entropy.stdev": 0.272188663482666, "lowlevel.spectral_flux.mean": 0.07931550592184067, "lowlevel.spectral_flux.stdev": 0.05234615132212639, "lowlevel.spectral_kurtosis.mean": 3.303271770477295, "lowlevel.spectral_kurtosis.stdev": 1.642188549041748, "lowlevel.spectral_rms.mean": 0.005759118590503931, "lowlevel.spectral_rms.stdev": 0.0015406659804284573, "lowlevel.spectral_rolloff.mean": 1611.9478759765625, "lowlevel.spectral_rolloff.stdev": 1560.8829345703125, "lowlevel.spectral_skewness.mean": 1.2840183973312378, "lowlevel.spectral_skewness.stdev": 0.29024070501327515, "lowlevel.spectral_spread.mean": 5237891.5, "lowlevel.spectral_spread.stdev": 1479006.375, "lowlevel.spectral_strongpeak.mean": 0.7946347594261169, "lowlevel.spectral_strongpeak.stdev": 1.3934818506240845, "lowlevel.zerocrossingrate.mean": 0.07305914908647537, "lowlevel.zerocrossingrate.stdev": 0.03223124146461487, "metadata.audio_properties.analysis.equal_loudness": 0.0, "metadata.audio_properties.analysis.length": 40.04265213012695, "metadata.audio_properties.analysis.sample_rate": 44100.0, "metadata.audio_properties.analysis.start_time": 0.0, "metadata.audio_properties.bit_rate": 121691.0, "metadata.audio_properties.length": 40.042667388916016, "metadata.audio_properties.lossless": 0.0, "metadata.audio_properties.number_channels": 1.0, "metadata.audio_properties.replay_gain": -10.611730575561523, "metadata.audio_properties.sample_rate": 48000.0, "rhythm.beats_count": 60.0, "rhythm.beats_loudness.mean": 0.047730956226587296, "rhythm.beats_loudness.stdev": 0.015590477734804153, "rhythm.bpm": 90.73170471191406, "rhythm.bpm_histogram_first_peak_bpm": 91.0, "rhythm.bpm_histogram_first_peak_weight": 0.17241382598876953, "rhythm.bpm_histogram_second_peak_bpm": 96.0, "rhythm.bpm_histogram_second_peak_spread": 0.0, "rhythm.bpm_histogram_second_peak_weight": 0.016949152573943138, "rhythm.danceability": 1.3424761295318604, "rhythm.onset_rate": 3.4453125, "tonal.chords_changes_rate": 0.0347222238779068, "tonal.chords_number_rate": 0.008101851679384708, "tonal.chords_strength.mean": 0.5116145610809326, "tonal.chords_strength.stdev": 0.08063449710607529, "tonal.hpcp_crest.mean": 14.601401329040527, "tonal.hpcp_crest.stdev": 5.601329326629639, "tonal.hpcp_entropy.mean": 1.8696829080581665, "tonal.hpcp_entropy.stdev": 0.622272789478302, "tonal.key_edma.strength": 0.564424455165863, "tonal.key_krumhansl.strength": 0.5725268125534058, "tonal.key_temperley.strength": 0.5885546207427979, "tonal.tuning_diatonic_strength": 0.5857081413269043, "tonal.tuning_equal_tempered_deviation": 0.08984331786632538, "tonal.tuning_frequency": 438.7310485839844, "tonal.tuning_nontempered_energy_ratio": 0.7271770238876343, "lowlevel.barkbands.mean": [0.000329657195834443, 0.010778887197375298, 0.003584487596526742, 0.004625749308615923, 0.004847552161663771, 0.0011754125589504838, 0.0005020342650823295, 0.0008664020569995046, 0.0010112951276823878, 0.0009588986868038774, 0.0006163427606225014, 0.0006217704503796995, 0.0009209476411342621, 0.0006896224804222584, 0.0008108050096780062, 0.0006904422189109027, 0.0006064698682166636, 0.000553549500182271, 0.0004053135053254664, 0.00030105546466074884, 0.0003371000348124653, 0.00031593331368640065, 0.0003284186532255262, 0.00023739975586067885, 0.0001436502643628046, 0.00014249021478462964, 2.796706212393474e-05], "lowlevel.barkbands.stdev": [0.00048661776236258447, 0.009606743231415749, 0.008428859524428844, 0.0049384101293981075, 0.004708497319370508, 0.0012739932863041759, 0.0011828206479549408, 0.001607386628165841, 0.0023767973762005568, 0.0029491237364709377, 0.0017869536532089114, 0.00197390909306705, 0.003337183967232704, 0.0018646812532097101, 0.0019514699233695865, 0.0012992835836485028, 0.0012148673413321376, 0.0007108509307727218, 0.0004319415893405676, 0.00028183675021864474, 0.000364924781024456, 0.0004243869334459305, 0.0005831827875226736, 0.0005332000437192619, 0.00028981297509744763, 0.00019513197185005993, 4.7656350943725556e-05], "lowlevel.erbbands.mean": [0.19862012565135956, 2.6979575157165527, 5.520127773284912, 8.787166595458984, 20.53272247314453, 13.67487907409668, 10.673184394836426, 8.573857307434082, 6.744741439819336, 11.69227409362793, 19.606996536254883, 27.75962257385254, 23.06250762939453, 38.52234649658203, 18.40913200378418, 29.477970123291016, 37.47391891479492, 45.94312286376953, 45.4387092590332, 32.731101989746094, 39.63494110107422, 28.71919822692871, 30.763036727905273, 28.60321044921875, 15.41257095336914, 13.556562423706055, 15.932628631591797, 10.724103927612305, 11.082776069641113, 13.101129531860352, 7.640829086303711, 5.021618366241455, 3.9357106685638428, 2.094059705734253, 0.7172362208366394, 0.35428789258003235, 0.28774741291999817, 0.10790915042161942, 0.0025667280424386263, 0.0001016584865283221], "lowlevel.erbbands.stdev": [0.1831722855567932, 2.7192835807800293, 9.629551887512207, 10.63914966583252, 19.40961265563965, 16.922443389892578, 12.826957702636719, 8.74083423614502, 10.010472297668457, 21.83142852783203, 40.964866638183594, 65.34991455078125, 76.31136322021484, 107.91648864746094, 31.988697052001953, 94.83306121826172, 128.7095184326172, 111.3448715209961, 107.468505859375, 61.63701248168945, 71.78067016601562, 46.8710823059082, 40.972232818603516, 33.167388916015625, 13.691588401794434, 12.013007164001465, 15.869644165039062, 13.514448165893555, 15.157517433166504, 20.746116638183594, 13.84825325012207, 11.06674861907959, 9.02491283416748, 4.692338466644287, 1.2773127555847168, 0.6105132102966309, 0.38242167234420776, 0.15419895946979523, 0.0037437784485518932, 9.238486381946132e-05], "lowlevel.gfcc.mean": [53.525352478027344, 65.87957000732422, -93.22984313964844, 43.44963455200195, -39.35108184814453, 16.284072875976562, -30.2725772857666, 7.037398338317871, -23.182506561279297, 2.689854860305786, -25.54683494567871, 3.737969398498535, -19.05525779724121], "lowlevel.melbands.mean": [0.002399997552856803, 0.00321202096529305, 0.0020067428704351187, 0.0012105165515094995, 0.0004039101768285036, 0.00019661278929561377, 0.00010712099174270406, 0.0001367999066133052, 0.00015195600281003863, 0.00017797159671317786, 0.00011038623051717877, 0.00015591512783430517, 6.231109000509605e-05, 7.066223042784259e-05, 5.37080159119796e-05, 0.00011466430441942066, 7.874237053329125e-05, 6.969532114453614e-05, 5.0333506806055084e-05, 5.3335115808295086e-05, 4.45312871306669e-05, 3.301674951217137e-05, 2.334647433599457e-05, 2.9154889489291236e-05, 2.3172135115601122e-05, 1.1528703907970339e-05, 1.019720275508007e-05, 8.355857062269934e-06, 1.1040202480216976e-05, 7.757550520182122e-06, 5.401583166531054e-06, 6.11636596659082e-06, 6.451474291679915e-06, 7.88176021160325e-06, 4.476507911022054e-06, 3.391865220692125e-06, 2.979302507810644e-06, 2.955935315185343e-06, 2.4729285996727413e-06, 1.4948456055208226e-06], "lowlevel.melbands.stdev": [0.0020095498766750097, 0.004407299682497978, 0.0019695323426276445, 0.0011625662446022034, 0.0004248876648489386, 0.0001953944592969492, 0.0001882876385934651, 0.00023927951406221837, 0.00032859487691894174, 0.00043673120671883225, 0.0003835689858533442, 0.00044907108531333506, 0.00013611724716611207, 0.00020659527217503637, 0.00016591348685324192, 0.00043121891212649643, 0.00020441717060748488, 0.0001735807745717466, 0.0001192838026327081, 0.00010652613127604127, 8.790587162366137e-05, 6.179809133755043e-05, 3.33381503878627e-05, 3.875828770105727e-05, 2.9876286134822294e-05, 1.1258211088716052e-05, 9.653091183281504e-06, 8.395608347200323e-06, 1.1600287507462781e-05, 9.470975783187896e-06, 7.557677690783748e-06, 8.807551239442546e-06, 9.070977284864057e-06, 1.3719332855544053e-05, 8.154801435011905e-06, 7.066704711178318e-06, 6.948906047909986e-06, 7.011381967458874e-06, 5.737595529353712e-06, 3.4705033158388687e-06], "lowlevel.melbands128.mean": [0.000257457752013579, 0.0012226764811202884, 0.002948139328509569, 0.0052753351628780365, 0.003675135551020503, 0.001428135554306209, 0.0014370849821716547, 0.0027097761631011963, 0.0022380296140909195, 0.0009927826467901468, 0.0007188882445916533, 0.0004450894775800407, 0.00038629971095360816, 0.00025060269399546087, 0.00019535314640961587, 0.00017667541396804154, 0.00011545262532308698, 7.02617471688427e-05, 0.0001382185728289187, 0.00011972791980952024, 0.00014624370669480413, 0.0001499724166933447, 0.00020146839960943907, 7.434686267515644e-05, 0.0001737110869726166, 0.00026553976931609213, 7.131892925826833e-05, 0.00012351655459497124, 7.066898979246616e-05, 0.00018901102885138243, 0.000191660292330198, 9.67737432802096e-05, 2.9274848202476278e-05, 7.11129468982108e-05, 2.9496359275071882e-05, 9.105057688429952e-05, 0.00010711371578508988, 3.694932456710376e-05, 2.8602926249732263e-05, 7.831664697732776e-05, 0.00016551229055039585, 0.00011769449338316917, 5.682302435161546e-05, 8.801717194728553e-05, 4.3922736949753016e-05, 6.906621274538338e-05, 0.00010098888742504641, 4.939266000292264e-05, 3.0523788154823706e-05, 2.810278419929091e-05, 7.245176675496623e-05, 6.056372876628302e-05, 3.3635929867159575e-05, 4.395281939650886e-05, 5.5446311307605356e-05, 2.5548089979565702e-05, 2.123430931533221e-05, 2.1994161215843633e-05, 2.1704317987314425e-05, 3.2286181522067636e-05, 3.1186078558675945e-05, 2.3432919988408685e-05, 3.163781366311014e-05, 2.2527319742948748e-05, 1.1112265383417252e-05, 1.2390842130116653e-05, 1.0490938620932866e-05, 9.143881470663473e-06, 1.1497418199724052e-05, 9.897712516249157e-06, 6.429512268368853e-06, 8.777470611676108e-06, 1.0420253602205776e-05, 1.403617443429539e-05, 7.791703865223099e-06, 7.69795042288024e-06, 8.381219231523573e-06, 5.775023510068422e-06, 4.968401299265679e-06, 4.596041435434017e-06, 6.24148924543988e-06, 6.9426446316356305e-06, 5.551604317588499e-06, 6.852462320239283e-06, 6.426602794817882e-06, 8.068994247878436e-06, 9.21880200621672e-06, 5.659850103256758e-06, 4.035525762446923e-06, 3.665826397991623e-06, 3.6705771435663337e-06, 3.366585588082671e-06, 2.8700499115075218e-06, 2.4806902274576714e-06, 3.469810962997144e-06, 3.6359624573378824e-06, 2.6837067252927227e-06, 2.1134633243491407e-06, 2.7913781650568126e-06, 2.649886937433621e-06, 1.6513300806764164e-06, 1.4409430377781973e-06, 1.061959892467712e-06, 7.569862532363913e-07, 7.778151029924629e-07, 6.582642981811659e-07, 7.484315460715152e-07, 6.423916261155682e-07, 5.496912081071059e-07, 5.636360924654582e-07, 5.13616384978377e-07, 6.775632073185989e-07, 1.0253638720314484e-06, 1.2315030062381993e-06, 1.0852792229343322e-06, 1.3772277043244685e-06, 1.0904537930400693e-06, 1.926374295635469e-07, 5.795666169206015e-10, 6.339167472196872e-12, 5.824625070455225e-12, 5.574754199932919e-12, 5.348599601412429e-12, 5.121985301170806e-12, 4.74173825204538e-12, 4.2457287685593315e-12, 3.987625334100908e-12, 3.930582855721232e-12], "lowlevel.melbands128.stdev": [0.0004196874797344208, 0.001602765405550599, 0.0027910685166716576, 0.005435251165181398, 0.005616000387817621, 0.0037357318215072155, 0.002252096077427268, 0.0029639769345521927, 0.0024395338259637356, 0.0014788947300985456, 0.0011706497753039002, 0.0005647599464282393, 0.000589879578910768, 0.00039224454667419195, 0.00028436252614483237, 0.00021543397451750934, 0.00019184843404218554, 0.0001716744009172544, 0.0004632070194929838, 0.00027805048739537597, 0.0003240587539039552, 0.0003932224935851991, 0.0005398864159360528, 0.0002351716539124027, 0.0005361743387766182, 0.000719653267879039, 0.00036969015491195023, 0.000620831036940217, 0.0003272712347097695, 0.0007360854069702327, 0.0006254622712731361, 0.0003749042807612568, 6.884668255224824e-05, 0.00017811568977776915, 8.219704614020884e-05, 0.00036336560151539743, 0.00042212940752506256, 0.00020707068324554712, 0.00016979443898890167, 0.00034280880936421454, 0.0008122835424728692, 0.00048713781870901585, 0.0001915051689138636, 0.00036703236401081085, 0.00017050006135832518, 0.0002676492731552571, 0.0002821992093231529, 0.0001840328477555886, 0.000118833857413847, 8.734886068850756e-05, 0.00018644571537151933, 0.0001499549689469859, 0.0001093152241082862, 0.0001234175724675879, 0.00014979462139308453, 5.4595100664300844e-05, 4.560493107419461e-05, 3.87321415473707e-05, 4.692746006185189e-05, 6.248863792279735e-05, 6.291895260801539e-05, 3.653450039564632e-05, 5.612853783532046e-05, 3.516716242302209e-05, 1.225448795594275e-05, 1.4890124475641642e-05, 1.3153168765711598e-05, 1.1842592357425019e-05, 1.3030669833824504e-05, 1.1710511898854747e-05, 8.897453881218098e-06, 1.1065501894336194e-05, 1.582209370099008e-05, 1.7019310689647682e-05, 9.553663403494284e-06, 1.0980970728269313e-05, 1.2740913007291965e-05, 9.40355039347196e-06, 8.122799954435322e-06, 8.45395425130846e-06, 9.418845365871675e-06, 1.1779838132497389e-05, 8.537132998753805e-06, 1.0351200216973666e-05, 1.0389672752353363e-05, 1.4690253010485321e-05, 1.8455506506143138e-05, 1.1321129932184704e-05, 7.660982191737276e-06, 7.853002898627892e-06, 7.971828381414525e-06, 7.645393452548888e-06, 6.854791081423173e-06, 6.354332526825601e-06, 8.710986548976507e-06, 8.882881957106292e-06, 7.033206202322617e-06, 5.90330091654323e-06, 6.641333129664417e-06, 6.419964847736992e-06, 4.120667654206045e-06, 3.2488462693436304e-06, 3.283586693214602e-06, 1.6992798919091001e-06, 1.478164676882443e-06, 1.3074006801616633e-06, 1.5438760101460502e-06, 1.5053612969495589e-06, 1.2114106766603072e-06, 1.0812054824782535e-06, 9.195836128128576e-07, 9.831321676756488e-07, 1.4200840041667107e-06, 1.8087467879013275e-06, 1.779700482984481e-06, 1.9860740394506138e-06, 1.87147395536158e-06, 3.5698508327186573e-07, 1.2145274119745864e-08, 3.485035870998132e-11, 3.187474589827488e-11, 2.902748701127944e-11, 2.621469707975166e-11, 2.267130407018758e-11, 1.5932774197202626e-11, 8.158322975515553e-12, 6.000748509205067e-12, 5.8681852779796095e-12], "lowlevel.mfcc.mean": [-599.120849609375, 101.98162841796875, 9.242546081542969, 35.825286865234375, 14.255167961120605, 16.92276954650879, 3.3309428691864014, 9.438103675842285, 3.704887628555298, 4.5772385597229, 1.2811998128890991, -4.936898231506348, -4.783267974853516], "lowlevel.spectral_contrast_coeffs.mean": [-0.6892412900924683, -0.7441046237945557, -0.7537742257118225, -0.7681018114089966, -0.7833092212677002, -0.7251370549201965], "lowlevel.spectral_contrast_coeffs.stdev": [0.054774586111307144, 0.05499706417322159, 0.057221900671720505, 0.04907612130045891, 0.03666151687502861, 0.03137359395623207], "lowlevel.spectral_contrast_valleys.mean": [-6.214524745941162, -6.9104905128479, -7.404002666473389, -7.3321213722229, -7.050185680389404, -9.846335411071777], "lowlevel.spectral_contrast_valleys.stdev": [0.44797176122665405, 0.5049619078636169, 0.5134568214416504, 0.4444856643676758, 0.4280984401702881, 0.7315704822540283], "rhythm.beats_loudness_band_ratio.mean": [0.5174726247787476, 0.1812535673379898, 0.07911365479230881, 0.08901992440223694, 0.09742095321416855, 0.10329247266054153], "rhythm.beats_loudness_band_ratio.stdev": [0.14317668974399567, 0.11393669247627258, 0.06496492773294449, 0.10707516968250275, 0.07118556648492813, 0.07854697108268738], "tonal.hpcp.mean": [0.05839710682630539, 0.05075625702738762, 0.05676618590950966, 0.12687450647354126, 0.09590751677751541, 0.021126003935933113, 0.015017814002931118, 0.01491819228976965, 0.03831001743674278, 0.08326644450426102, 0.06299657374620438, 0.019896818324923515, 0.015120546333491802, 0.01080930233001709, 0.03224560245871544, 0.0964956134557724, 0.10323568433523178, 0.1797313541173935, 0.24307505786418915, 0.1092156246304512, 0.022957786917686462, 0.025168025866150856, 0.044675491750240326, 0.2694755792617798, 0.4628966152667999, 0.24902817606925964, 0.04718876630067825, 0.03965584561228752, 0.04043290764093399, 0.14489024877548218, 0.26844897866249084, 0.1746664047241211, 0.04469239339232445, 0.021245906129479408, 0.01131970901042223, 0.026464466005563736], "tonal.hpcp.stdev": [0.12155544757843018, 0.1079697236418724, 0.1341175138950348, 0.22474250197410583, 0.17033518850803375, 0.07787350565195084, 0.055812448263168335, 0.06153269484639168, 0.11073335260152817, 0.15416531264781952, 0.09850676357746124, 0.05858009681105614, 0.05890559405088425, 0.04641679674386978, 0.08299362659454346, 0.18248425424098969, 0.1997414529323578, 0.29343679547309875, 0.40520185232162476, 0.20268765091896057, 0.08831702917814255, 0.10553434491157532, 0.13893552124500275, 0.3110317885875702, 0.4532943069934845, 0.2771817743778229, 0.12272723764181137, 0.12824873626232147, 0.13531795144081116, 0.245656818151474, 0.39892107248306274, 0.2648871839046478, 0.11648048460483551, 0.07251904904842377, 0.045359838753938675, 0.07358743995428085], "rhythm.beats_position": [0.6037188172340393, 1.2306575775146484, 1.8692063093185425, 2.5077550411224365, 3.1579136848449707, 3.808072566986084, 4.458230972290039, 5.119999885559082, 5.781768798828125, 6.44353723526001, 7.105306148529053, 7.7670745849609375, 8.42884349822998, 9.102222442626953, 9.77560043334961, 10.437369346618652, 11.099138259887695, 11.749297142028809, 12.422675132751465, 13.084444046020508, 13.74621295928955, 14.407981872558594, 15.06974983215332, 15.731518745422363, 16.393287658691406, 17.055055618286133, 17.716825485229492, 18.37859344482422, 19.040363311767578, 19.702131271362305, 20.36389923095703, 21.03727912902832, 21.710657119750977, 22.372425079345703, 23.034194946289062, 23.69596290588379, 24.35773277282715, 25.019500732421875, 25.6812686920166, 26.34303855895996, 27.004806518554688, 27.654966354370117, 28.328344345092773, 28.9901123046875, 29.65188217163086, 30.325260162353516, 30.987028121948242, 31.637187957763672, 32.29895782470703, 32.960723876953125, 33.622493743896484, 34.284263610839844, 34.94602966308594, 35.61941146850586, 36.28117752075195, 36.94294738769531, 37.60471725463867, 38.266483306884766, 38.928253173828125, 39.590023040771484], "rhythm.bpm_histogram": [0.0, 0.0, 0.0, 0.0, 0.0, 0.0, 0.0, 0.0, 0.0, 0.0, 0.0, 0.0, 0.0, 0.0, 0.0, 0.0, 0.0, 0.0, 0.0, 0.0, 0.0, 0.0, 0.0, 0.0, 0.0, 0.0, 0.0, 0.0, 0.0, 0.0, 0.0, 0.0, 0.0, 0.0, 0.0, 0.0, 0.0, 0.0, 0.0, 0.0, 0.0, 0.0, 0.0, 0.0, 0.0, 0.0, 0.0, 0.0, 0.0, 0.0, 0.0, 0.0, 0.0, 0.0, 0.0, 0.0, 0.0, 0.0, 0.0, 0.0, 0.0, 0.0, 0.0, 0.0, 0.0, 0.0, 0.0, 0.0, 0.0, 0.0, 0.0, 0.0, 0.0, 0.0, 0.0, 0.0, 0.0, 0.0, 0.0, 0.0, 0.0, 0.0, 0.0, 0.0, 0.0, 0.0, 0.0, 0.0, 0.0, 0.1355932205915451, 0.0, 0.7118644118309021, 0.10169491171836853, 0.0, 0.033898305147886276, 0.0, 0.016949152573943138, 0.0, 0.0, 0.0, 0.0, 0.0, 0.0, 0.0, 0.0, 0.0, 0.0, 0.0, 0.0, 0.0, 0.0, 0.0, 0.0, 0.0, 0.0, 0.0, 0.0, 0.0, 0.0, 0.0, 0.0, 0.0, 0.0, 0.0, 0.0, 0.0, 0.0, 0.0, 0.0, 0.0, 0.0, 0.0, 0.0, 0.0, 0.0, 0.0, 0.0, 0.0, 0.0, 0.0, 0.0, 0.0, 0.0, 0.0, 0.0, 0.0, 0.0, 0.0, 0.0, 0.0, 0.0, 0.0, 0.0, 0.0, 0.0, 0.0, 0.0, 0.0, 0.0, 0.0, 0.0, 0.0, 0.0, 0.0, 0.0, 0.0, 0.0, 0.0, 0.0, 0.0, 0.0, 0.0, 0.0, 0.0, 0.0, 0.0, 0.0, 0.0, 0.0, 0.0, 0.0, 0.0, 0.0, 0.0, 0.0, 0.0, 0.0, 0.0, 0.0, 0.0, 0.0, 0.0, 0.0, 0.0, 0.0, 0.0, 0.0, 0.0, 0.0, 0.0, 0.0, 0.0, 0.0, 0.0, 0.0, 0.0, 0.0, 0.0, 0.0, 0.0, 0.0, 0.0, 0.0, 0.0, 0.0, 0.0, 0.0, 0.0, 0.0, 0.0, 0.0, 0.0, 0.0, 0.0, 0.0, 0.0, 0.0, 0.0, 0.0, 0.0, 0.0, 0.0, 0.0, 0.0, 0.0, 0.0, 0.0, 0.0, 0.0, 0.0, 0.0, 0.0, 0.0, 0.0, 0.0, 0.0, 0.0, 0.0, 0.0, 0.0], "tonal.chords_histogram": [6.018518447875977, 13.19444465637207, 35.532405853271484, 0.0, 0.0, 0.0, 1.7361111640930176, 0.0, 0.0, 0.0, 0.0, 0.0, 0.0, 0.0, 0.0, 0.0, 0.0, 0.0, 0.0, 1.9675925970077515, 0.0, 0.6944444179534912, 19.560184478759766, 21.296297073364258], "tonal.thpcp": [1.0, 0.537977933883667, 0.10194234549999237, 0.0856689065694809, 0.0873475968837738, 0.31300780177116394, 0.5799329280853271, 0.37733352184295654, 0.09654940664768219, 0.04589773342013359, 0.02445407584309578, 0.05717144161462784, 0.126155823469162, 0.10964922606945038, 0.12263253331184387, 0.27408820390701294, 0.20718993246555328, 0.045638710260391235, 0.032443128526210785, 0.03222791478037834, 0.0827614963054657, 0.17988130450248718, 0.13609209656715393, 0.0429832860827446, 0.03266506269574165, 0.023351440206170082, 0.069660484790802, 0.20846040546894073, 0.22302104532718658, 0.3882753551006317, 0.5251173973083496, 0.23593956232070923, 0.04959592595696449, 0.05437072739005089, 0.09651289135217667, 0.5821506977081299], "lowlevel.gfcc.cov": [[1395.69140625, -283.5575256347656, 17.883819580078125, -70.83983612060547, -92.80016326904297, 63.81006622314453, -56.960304260253906, 14.228785514831543, -33.548912048339844, 3.693535089492798, -20.137187957763672, -31.697187423706055, -39.5895881652832], [-283.5575256347656, 537.7857666015625, -251.1389923095703, -88.13008880615234, 114.86724090576172, -111.332275390625, 98.88249206542969, 6.314535617828369, -3.2298903465270996, -40.28028106689453, 25.211668014526367, -16.52496337890625, -14.535643577575684], [17.883819580078125, -251.1389923095703, 341.72412109375, 93.65918731689453, -82.79570770263672, 43.940338134765625, -73.4749526977539, -30.734933853149414, -7.838001728057861, 29.443761825561523, -17.61277961730957, 29.69072723388672, 25.010066986083984], [-70.83983612060547, -88.13008880615234, 93.65918731689453, 168.06126403808594, 26.930458068847656, -44.01876449584961, -72.50404357910156, 2.2727622985839844, 40.2934684753418, -2.733017921447754, -25.237123489379883, 13.706515312194824, 41.13615798950195], [-92.80016326904297, 114.86724090576172, -82.79570770263672, 26.930458068847656, 153.08734130859375, -52.350929260253906, 21.894248962402344, 4.6649885177612305, 16.006431579589844, -7.856136322021484, -17.65791130065918, -2.9249114990234375, 1.5458909273147583], [63.81006622314453, -111.332275390625, 43.940338134765625, -44.01876449584961, -52.350929260253906, 178.88380432128906, 47.56875991821289, -26.091224670410156, -36.67572784423828, 3.0298874378204346, 27.91873550415039, -16.812883377075195, -23.360353469848633], [-56.960304260253906, 98.88249206542969, -73.4749526977539, -72.50404357910156, 21.894248962402344, 47.56875991821289, 151.5308380126953, -2.84186053276062, -41.779170989990234, -9.19010066986084, 10.986266136169434, -12.949872016906738, -43.6081657409668], [14.228785514831543, 6.314535617828369, -30.734933853149414, 2.2727622985839844, 4.6649885177612305, -26.091224670410156, -2.84186053276062, 80.779541015625, 33.84292221069336, -8.902412414550781, -13.024898529052734, -3.5601296424865723, 1.6485601663589478], [-33.548912048339844, -3.2298903465270996, -7.838001728057861, 40.2934684753418, 16.006431579589844, -36.67572784423828, -41.779170989990234, 33.84292221069336, 87.06901550292969, 11.099875450134277, -11.803125381469727, -6.227960586547852, 12.76097297668457], [3.693535089492798, -40.28028106689453, 29.443761825561523, -2.733017921447754, -7.856136322021484, 3.0298874378204346, -9.19010066986084, -8.902412414550781, 11.099875450134277, 88.60191345214844, 18.088590621948242, -6.146871566772461, -2.745741605758667], [-20.137187957763672, 25.211668014526367, -17.61277961730957, -25.237123489379883, -17.65791130065918, 27.91873550415039, 10.986266136169434, -13.024898529052734, -11.803125381469727, 18.088590621948242, 72.73147583007812, 14.956827163696289, -14.213440895080566], [-31.697187423706055, -16.52496337890625, 29.69072723388672, 13.706515312194824, -2.9249114990234375, -16.812883377075195, -12.949872016906738, -3.5601296424865723, -6.227960586547852, -6.146871566772461, 14.956827163696289, 55.35673141479492, 21.097414016723633], [-39.5895881652832, -14.535643577575684, 25.010066986083984, 41.13615798950195, 1.5458909273147583, -23.360353469848633, -43.6081657409668, 1.6485601663589478, 12.76097297668457, -2.745741605758667, -14.213440895080566, 21.097414016723633, 67.36640930175781]], "lowlevel.gfcc.icov": [[0.0009506985079497099, 0.0007179661770351231, 0.00033330972655676305, 0.0006457266281358898, 7.192738848971203e-05, 0.0002011835458688438, 0.0005956232780590653, -0.00019397702999413013, 0.0005237777950242162, 0.0001858081523096189, 0.00016279106785077602, 0.00047688710037618876, 0.00044735061237588525], [0.0007179661770351231, 0.005357758607715368, 0.001209456822834909, 0.0025957832112908363, -0.0017828753916546702, 0.004245172720402479, -0.0025023489724844694, 0.0013061219360679388, -0.000474233616841957, 0.0026743519119918346, -0.003850295441225171, 0.0035852212458848953, -0.002331250347197056], [0.00033330972655676305, 0.001209456822834909, 0.006416484713554382, -0.003061908297240734, 0.002648764755576849, -0.0013574687764048576, 0.0012336547952145338, 0.0013236729428172112, 0.0014027515426278114, -0.0021785839926451445, 0.0032078607473522425, -0.003601892851293087, 0.0016294014640152454], [0.0006457266281358898, 0.0025957832112908363, -0.003061908297240734, 0.01265095267444849, -0.004171609878540039, 0.0031656695064157248, 0.0011612236266955733, 0.0011410507140681148, -0.0034263289999216795, 0.0032392290886491537, -0.0020730262622237206, 0.0029138317331671715, -0.00430038757622242], [7.192738848971203e-05, -0.0017828753916546702, 0.002648764755576849, -0.004171609878540039, 0.010628849267959595, 0.00010686262976378202, -0.0013108729617670178, 0.0011508507886901498, -0.0005323944496922195, -0.0017762461211532354, 0.004008323885500431, -0.0025473018176853657, 0.0018098658183589578], [0.0002011835458688438, 0.004245172720402479, -0.0013574687764048576, 0.0031656695064157248, 0.00010686262976378202, 0.012422867119312286, -0.0052800714038312435, 0.002512113656848669, -6.838077388238162e-05, 0.0036891393829137087, -0.007306066807359457, 0.007686096243560314, -0.003354183631017804], [0.0005956232780590653, -0.0025023489724844694, 0.0012336547952145338, 0.0011612236266955733, -0.0013108729617670178, -0.0052800714038312435, 0.014090252108871937, -0.002513773739337921, 0.00500254612416029, -0.0017466876888647676, 0.004131912253797054, -0.003271631198003888, 0.006902249995619059], [-0.00019397702999413013, 0.0013061219360679388, 0.0013236729428172112, 0.0011410507140681148, 0.0011508507886901498, 0.002512113656848669, -0.002513773739337921, 0.01702461764216423, -0.007508092559874058, 0.002363916952162981, 0.0010777618736028671, -8.627245551906526e-05, -0.00044651381904259324], [0.0005237777950242162, -0.000474233616841957, 0.0014027515426278114, -0.0034263289999216795, -0.0005323944496922195, -6.838077388238162e-05, 0.00500254612416029, -0.007508092559874058, 0.019370362162590027, -0.00356215494684875, 0.0010582985123619437, 0.00202382355928421, 0.0009625003440305591], [0.0001858081523096189, 0.0026743519119918346, -0.0021785839926451445, 0.0032392290886491537, -0.0017762461211532354, 0.0036891393829137087, -0.0017466876888647676, 0.002363916952162981, -0.00356215494684875, 0.015480812638998032, -0.007728546857833862, 0.006478647701442242, -0.0027052639052271843], [0.00016279106785077602, -0.003850295441225171, 0.0032078607473522425, -0.0020730262622237206, 0.004008323885500431, -0.007306066807359457, 0.004131912253797054, 0.0010777618736028671, 0.0010582985123619437, -0.007728546857833862, 0.025186801329255104, -0.014040851965546608, 0.008558519184589386], [0.00047688710037618876, 0.0035852212458848953, -0.003601892851293087, 0.0029138317331671715, -0.0025473018176853657, 0.007686096243560314, -0.003271631198003888, -8.627245551906526e-05, 0.00202382355928421, 0.006478647701442242, -0.014040851965546608, 0.03122454509139061, -0.011640668846666813], [0.00044735061237588525, -0.002331250347197056, 0.0016294014640152454, -0.00430038757622242, 0.0018098658183589578, -0.003354183631017804, 0.006902249995619059, -0.00044651381904259324, 0.0009625003440305591, -0.0027052639052271843, 0.008558519184589386, -0.011640668846666813, 0.025058120489120483]], "lowlevel.mfcc.cov": [[1376.777099609375, -215.24954223632812, -0.11651508510112762, -133.60342407226562, -29.34992218017578, -30.134788513183594, -7.01133394241333, -12.107839584350586, -30.95762825012207, 25.64375877380371, 20.516849517822266, -29.944198608398438, -43.597068786621094], [-215.24954223632812, 544.8240966796875, -310.2021789550781, 38.738922119140625, -79.73170471191406, -33.58747100830078, 57.25323486328125, 35.631526947021484, -25.309810638427734, 9.256314277648926, 22.129133224487305, -1.1820391416549683, -1.180124044418335], [-0.11651508510112762, -310.2021789550781, 412.77392578125, -50.98933029174805, 25.897029876708984, 36.344261169433594, -33.740875244140625, -42.14992904663086, -5.15104341506958, -35.479984283447266, -27.802579879760742, 19.642131805419922, 11.90337085723877], [-133.60342407226562, 38.738922119140625, -50.98933029174805, 232.23245239257812, 75.57811737060547, -55.447689056396484, -74.25878143310547, -17.372337341308594, 56.297340393066406, -23.37553596496582, -45.187286376953125, 21.35131072998047, 38.13712692260742], [-29.34992218017578, -79.73170471191406, 25.897029876708984, 75.57811737060547, 143.8954315185547, -22.791093826293945, -71.75233459472656, -14.064312934875488, 30.58053970336914, -2.9270949363708496, -35.5135383605957, -1.735512614250183, 28.682199478149414], [-30.134788513183594, -33.58747100830078, 36.344261169433594, -55.447689056396484, -22.791093826293945, 127.33599853515625, 66.79161834716797, -10.923259735107422, -23.329166412353516, 6.848443031311035, 19.28182029724121, -22.66943359375, -26.129257202148438], [-7.01133394241333, 57.25323486328125, -33.740875244140625, -74.25878143310547, -71.75233459472656, 66.79161834716797, 136.86805725097656, 29.97603416442871, -38.78816223144531, -0.8106958270072937, 35.6390266418457, -14.580890655517578, -30.24345588684082], [-12.107839584350586, 35.631526947021484, -42.14992904663086, -17.372337341308594, -14.064312934875488, -10.923259735107422, 29.97603416442871, 102.50337219238281, 9.921462059020996, -14.1874418258667, -5.375206470489502, 0.8275702595710754, 1.9897897243499756], [-30.95762825012207, -25.309810638427734, -5.15104341506958, 56.297340393066406, 30.58053970336914, -23.329166412353516, -38.78816223144531, 9.921462059020996, 89.34446716308594, 12.169200897216797, -20.33493423461914, -5.288618087768555, 6.963907718658447], [25.64375877380371, 9.256314277648926, -35.479984283447266, -23.37553596496582, -2.9270949363708496, 6.848443031311035, -0.8106958270072937, -14.1874418258667, 12.169200897216797, 77.80945587158203, 28.637834548950195, -16.602031707763672, -15.748006820678711], [20.516849517822266, 22.129133224487305, -27.802579879760742, -45.187286376953125, -35.5135383605957, 19.28182029724121, 35.6390266418457, -5.375206470489502, -20.33493423461914, 28.637834548950195, 77.70742797851562, 12.776084899902344, -19.985315322875977], [-29.944198608398438, -1.1820391416549683, 19.642131805419922, 21.35131072998047, -1.735512614250183, -22.66943359375, -14.580890655517578, 0.8275702595710754, -5.288618087768555, -16.602031707763672, 12.776084899902344, 80.51164245605469, 27.961576461791992], [-43.597068786621094, -1.180124044418335, 11.90337085723877, 38.13712692260742, 28.682199478149414, -26.129257202148438, -30.24345588684082, 1.9897897243499756, 6.963907718658447, -15.748006820678711, -19.985315322875977, 27.961576461791992, 65.87449645996094]], "lowlevel.mfcc.icov": [[0.0009301086538471282, 0.0007098378846421838, 0.0005557718686759472, 0.0005279131582938135, 0.0002858639054466039, 0.0006222175434231758, 0.000123345191241242, 0.00022133009042590857, 0.0003259495715610683, 2.5633202312747017e-05, 0.0001252009387826547, 0.00017434913024771959, 0.0003301552787888795], [0.0007098378846421838, 0.0043062311597168446, 0.0030199075117707253, -0.0003571409615688026, 0.0020434088073670864, 0.0010436702286824584, -0.000596784520894289, 0.0002504910225979984, 0.0013342141173779964, 2.6120776965399273e-05, 0.0006098513840697706, 9.620385390007868e-05, -0.0005399103392846882], [0.0005557718686759472, 0.0030199075117707253, 0.005489134695380926, 0.0016253209905698895, 0.0008971976349130273, -0.0006963540217839181, 0.0008148163906298578, 0.00171593576669693, 9.263347601518035e-05, 0.0018764209235087037, 0.0016924545634537935, -0.0013228110037744045, -0.0003417676780372858], [0.0005279131582938135, -0.0003571409615688026, 0.0016253209905698895, 0.008439221419394016, -0.0025068975519388914, 0.0009551384137012064, 0.0008383420645259321, 0.0027077796403318644, -0.0039878604002296925, 0.002862324705347419, 0.0019367117201909423, -0.0018860007403418422, -0.0005690405960194767], [0.0002858639054466039, 0.0020434088073670864, 0.0008971976349130273, -0.0025068975519388914, 0.01204650104045868, -0.0012706948909908533, 0.004474671091884375, -0.0006074568955227733, 0.0006539380992762744, -0.000973362650256604, 0.0014182116137817502, 0.001904810662381351, -0.0028415294364094734], [0.0006222175434231758, 0.0010436702286824584, -0.0006963540217839181, 0.0009551384137012064, -0.0012706948909908533, 0.013476516120135784, -0.007183564826846123, 0.002800782909616828, 0.00037806236650794744, -0.0003510877722874284, -0.0003576566814444959, 0.0021295524202287197, 0.0013831586111336946], [0.000123345191241242, -0.000596784520894289, 0.0008148163906298578, 0.0008383420645259321, 0.004474671091884375, -0.007183564826846123, 0.017299754545092583, -0.004708992782980204, 0.002917924430221319, 0.002218899317085743, -0.0035492845345288515, 0.001682003028690815, 0.0011565915774554014], [0.00022133009042590857, 0.0002504910225979984, 0.00171593576669693, 0.0027077796403318644, -0.0006074568955227733, 0.002800782909616828, -0.004708992782980204, 0.013410146348178387, -0.004058280028402805, 0.0032163774594664574, 0.0018762359395623207, -0.0008997910772450268, -0.0007692151120863855], [0.0003259495715610683, 0.0013342141173779964, 9.263347601518035e-05, -0.0039878604002296925, 0.0006539380992762744, 0.00037806236650794744, 0.002917924430221319, -0.004058280028402805, 0.017002301290631294, -0.0051634302362799644, 0.0022403604816645384, 0.0012194786686450243, 0.0009893478127196431], [2.5633202312747017e-05, 2.6120776965399273e-05, 0.0018764209235087037, 0.002862324705347419, -0.000973362650256604, -0.0003510877722874284, 0.002218899317085743, 0.0032163774594664574, -0.0051634302362799644, 0.01984645053744316, -0.008036107756197453, 0.003927181009203196, 0.0004127384163439274], [0.0001252009387826547, 0.0006098513840697706, 0.0016924545634537935, 0.0019367117201909423, 0.0014182116137817502, -0.0003576566814444959, -0.0035492845345288515, 0.0018762359395623207, 0.0022403604816645384, -0.008036107756197453, 0.022988077253103256, -0.008352651260793209, 0.004582894034683704], [0.00017434913024771959, 9.620385390007868e-05, -0.0013228110037744045, -0.0018860007403418422, 0.001904810662381351, 0.0021295524202287197, 0.001682003028690815, -0.0008997910772450268, 0.0012194786686450243, 0.003927181009203196, -0.008352651260793209, 0.019109636545181274, -0.007572829723358154], [0.0003301552787888795, -0.0005399103392846882, -0.0003417676780372858, -0.0005690405960194767, -0.0028415294364094734, 0.0013831586111336946, 0.0011565915774554014, -0.0007692151120863855, 0.0009893478127196431, 0.0004127384163439274, 0.004582894034683704, -0.007572829723358154, 0.022719375789165497]], "metadata.audio_properties.analysis.downmix": "mix", "metadata.audio_properties.codec": "mp3", "metadata.audio_properties.md5_encoded": "c3c525d4e98e33ef0d5f024b2287cfd1", "metadata.tags.file_name": "1182279349039280178.mp3", "metadata.version.essentia": "2.1-beta6-dev", "metadata.version.essentia_git_sha": "v2.1_beta5-1110-g77a6a954", "metadata.version.extractor": "music 2.0", "tonal.chords_key": "F", "tonal.chords_scale": "major", "tonal.key_edma.key": "Eb", "tonal.key_edma.scale": "major", "tonal.key_krumhansl.key": "Bb", "tonal.key_krumhansl.scale": "major", "tonal.key_temperley.key": "Bb", "tonal.key_temperley.scale": "major", "metadata.tags.encod