{"song_id": "1182275265305514084", "download": "https://cdn.discordapp.com/attachments/1128313332273782784/1182275265305514084/chirp.mp4?ex=65841aa4&amp", "lyrics": "[Verse]\nThere was a man from White Church, his name was Philly More (Philly More)\nBy the age of only twenty, he had his hair no more (no more hair)\nHe's Arsenal's number one fan, he's got a fire in his soul (oh yeah)\nWhen he's in the stands, you know he's gonna lose control (lose control, yeah yeah)\n\n[Chorus]\nPhilly More, rockin' on the floor (rockin', rockin')\nHe's the king of football, you can't ignore (can't ignore)\nWith his chants and cheers, he'll bring you to the core (bring you to the core)\nPhilly More, gotta hear him roar (oh yeah)\nPhilly More, yeah yeah yeah\nPhilly More, gonna win the score (win the score)", "style": ["random"], "essentia_features": {"lowlevel.average_loudness": 0.9081700444221497, "lowlevel.barkbands_crest.mean": 17.39653205871582, "lowlevel.barkbands_crest.stdev": 6.215596675872803, "lowlevel.barkbands_flatness_db.mean": 0.2686600685119629, "lowlevel.barkbands_flatness_db.stdev": 0.09349775314331055, "lowlevel.barkbands_kurtosis.mean": 48.06635284423828, "lowlevel.barkbands_kurtosis.stdev": 89.33943176269531, "lowlevel.barkbands_skewness.mean": 4.48753547668457, "lowlevel.barkbands_skewness.stdev": 3.7401950359344482, "lowlevel.barkbands_spread.mean": 11.360692024230957, "lowlevel.barkbands_spread.stdev": 13.87366008758545, "lowlevel.dissonance.mean": 0.4280802309513092, "lowlevel.dissonance.stdev": 0.05408354476094246, "lowlevel.dynamic_complexity": 1.8216321468353271, "lowlevel.erbbands_crest.mean": 11.740935325622559, "lowlevel.erbbands_crest.stdev": 5.408392906188965, "lowlevel.erbbands_flatness_db.mean": 0.17783598601818085, "lowlevel.erbbands_flatness_db.stdev": 0.05991378799080849, "lowlevel.erbbands_kurtosis.mean": 3.076387643814087, "lowlevel.erbbands_kurtosis.stdev": 5.224905490875244, "lowlevel.erbbands_skewness.mean": 0.837338387966156, "lowlevel.erbbands_skewness.stdev": 1.05568528175354, "lowlevel.erbbands_spread.mean": 44.161590576171875, "lowlevel.erbbands_spread.stdev": 35.10163116455078, "lowlevel.hfc.mean": 26.30987548828125, "lowlevel.hfc.stdev": 24.346595764160156, "lowlevel.loudness_ebu128.integrated": -14.538350105285645, "lowlevel.loudness_ebu128.loudness_range": 4.431380271911621, "lowlevel.loudness_ebu128.momentary.mean": -14.967205047607422, "lowlevel.loudness_ebu128.momentary.stdev": 2.058504819869995, "lowlevel.loudness_ebu128.short_term.mean": -14.94609260559082, "lowlevel.loudness_ebu128.short_term.stdev": 1.6824148893356323, "lowlevel.melbands_crest.mean": 24.796403884887695, "lowlevel.melbands_crest.stdev": 9.080227851867676, "lowlevel.melbands_flatness_db.mean": 0.33784911036491394, "lowlevel.melbands_flatness_db.stdev": 0.1273796707391739, "lowlevel.melbands_kurtosis.mean": 111.51065826416016, "lowlevel.melbands_kurtosis.stdev": 241.3900604248047, "lowlevel.melbands_skewness.mean": 6.277626037597656, "lowlevel.melbands_skewness.stdev": 5.857185363769531, "lowlevel.melbands_spread.mean": 10.91158676147461, "lowlevel.melbands_spread.stdev": 18.016551971435547, "lowlevel.pitch_salience.mean": 0.35661551356315613, "lowlevel.pitch_salience.stdev": 0.2191925197839737, "lowlevel.silence_rate_20dB.mean": 0.9813953638076782, "lowlevel.silence_rate_20dB.stdev": 0.13512374460697174, "lowlevel.silence_rate_30dB.mean": 0.47054263949394226, "lowlevel.silence_rate_30dB.stdev": 0.49912914633750916, "lowlevel.silence_rate_60dB.mean": 0.020930232480168343, "lowlevel.silence_rate_60dB.stdev": 0.14315161108970642, "lowlevel.spectral_centroid.mean": 1049.93017578125, "lowlevel.spectral_centroid.stdev": 790.4137573242188, "lowlevel.spectral_complexity.mean": 12.46589183807373, "lowlevel.spectral_complexity.stdev": 9.62744426727295, "lowlevel.spectral_decrease.mean": -2.8960615239270737e-08, "lowlevel.spectral_decrease.stdev": 2.4059241710006063e-08, "lowlevel.spectral_energy.mean": 0.11169032752513885, "lowlevel.spectral_energy.stdev": 0.09086791425943375, "lowlevel.spectral_energyband_high.mean": 0.0013328506611287594, "lowlevel.spectral_energyband_high.stdev": 0.002480879193171859, "lowlevel.spectral_energyband_low.mean": 0.0925353392958641, "lowlevel.spectral_energyband_low.stdev": 0.09540721029043198, "lowlevel.spectral_energyband_middle_high.mean": 0.004140833392739296, "lowlevel.spectral_energyband_middle_high.stdev": 0.006888278294354677, "lowlevel.spectral_energyband_middle_low.mean": 0.013980282470583916, "lowlevel.spectral_energyband_middle_low.stdev": 0.01374510396271944, "lowlevel.spectral_entropy.mean": 7.2704057693481445, "lowlevel.spectral_entropy.stdev": 0.6783928275108337, "lowlevel.spectral_flux.mean": 0.11108508706092834, "lowlevel.spectral_flux.stdev": 0.07917122542858124, "lowlevel.spectral_kurtosis.mean": 4.939662456512451, "lowlevel.spectral_kurtosis.stdev": 4.947877407073975, "lowlevel.spectral_rms.mean": 0.009383665397763252, "lowlevel.spectral_rms.stdev": 0.0045730601996183395, "lowlevel.spectral_rolloff.mean": 929.72119140625, "lowlevel.spectral_rolloff.stdev": 1857.6068115234375, "lowlevel.spectral_skewness.mean": 1.7827954292297363, "lowlevel.spectral_skewness.stdev": 0.8370341062545776, "lowlevel.spectral_spread.mean": 5995081.0, "lowlevel.spectral_spread.stdev": 2398610.0, "lowlevel.spectral_strongpeak.mean": 1.1824289560317993, "lowlevel.spectral_strongpeak.stdev": 1.0691205263137817, "lowlevel.zerocrossingrate.mean": 0.040258221328258514, "lowlevel.zerocrossingrate.stdev": 0.0467667356133461, "metadata.audio_properties.analysis.equal_loudness": 0.0, "metadata.audio_properties.analysis.length": 29.909318923950195, "metadata.audio_properties.analysis.sample_rate": 44100.0, "metadata.audio_properties.analysis.start_time": 0.0, "metadata.audio_properties.bit_rate": 121474.0, "metadata.audio_properties.length": 29.909334182739258, "metadata.audio_properties.lossless": 0.0, "metadata.audio_properties.number_channels": 1.0, "metadata.audio_properties.replay_gain": -9.643533706665039, "metadata.audio_properties.sample_rate": 48000.0, "rhythm.beats_count": 79.0, "rhythm.beats_loudness.mean": 0.10543818771839142, "rhythm.beats_loudness.stdev": 0.07247868180274963, "rhythm.bpm": 161.49899291992188, "rhythm.bpm_histogram_first_peak_bpm": 161.0, "rhythm.bpm_histogram_first_peak_weight": 0.26923078298568726, "rhythm.bpm_histogram_second_peak_bpm": 0.0, "rhythm.bpm_histogram_second_peak_spread": 0.0, "rhythm.bpm_histogram_second_peak_weight": 0.0, "rhythm.danceability": 1.0048242807388306, "rhythm.onset_rate": 4.978196144104004, "tonal.chords_changes_rate": 0.08668730407953262, "tonal.chords_number_rate": 0.015479875728487968, "tonal.chords_strength.mean": 0.5189330577850342, "tonal.chords_strength.stdev": 0.09101652354001999, "tonal.hpcp_crest.mean": 14.674507141113281, "tonal.hpcp_crest.stdev": 5.514160633087158, "tonal.hpcp_entropy.mean": 1.7211264371871948, "tonal.hpcp_entropy.stdev": 0.6555363535881042, "tonal.key_edma.strength": 0.6020491123199463, "tonal.key_krumhansl.strength": 0.6153404116630554, "tonal.key_temperley.strength": 0.63704913854599, "tonal.tuning_diatonic_strength": 0.5815671682357788, "tonal.tuning_equal_tempered_deviation": 0.2227983921766281, "tonal.tuning_frequency": 434.193115234375, "tonal.tuning_nontempered_energy_ratio": 0.9487871527671814, "lowlevel.barkbands.mean": [0.01008419506251812, 0.0807347372174263, 0.001870902138762176, 0.0008373794844374061, 0.004211342427879572, 0.0012462943559512496, 0.002843704540282488, 0.001414577360264957, 0.002391035668551922, 0.0014059803215786815, 0.0008966021123342216, 0.0008672148687765002, 0.00046398458653129637, 0.0002161265874747187, 0.00016504019731655717, 0.00013242175919003785, 0.0001379874156555161, 0.00018381576228421181, 0.00015941556193865836, 0.00022683867427986115, 0.000273616926278919, 0.00017285477952100337, 0.00022364822507370263, 0.00022164203983265907, 0.00020991962810512632, 9.771295299287885e-05, 1.214325379805814e-06], "lowlevel.barkbands.stdev": [0.01675296388566494, 0.08565574139356613, 0.008283819071948528, 0.002982810838147998, 0.007070109713822603, 0.002207493642345071, 0.006335083395242691, 0.002810221863910556, 0.004145239479839802, 0.004284619353711605, 0.0023420637007802725, 0.002765393815934658, 0.001802224782295525, 0.000599410617724061, 0.0005569058703258634, 0.0003805146843660623, 0.00039497658144682646, 0.00046571565326303244, 0.00047660720883868635, 0.0005444816779345274, 0.0005616076523438096, 0.0005395974731072783, 0.0005523647996596992, 0.000497652858030051, 0.0004903516382910311, 0.0002644125488586724, 5.710412096959772e-06], "lowlevel.erbbands.mean": [3.9977710247039795, 11.451607704162598, 3.987173080444336, 2.565234422683716, 8.761507034301758, 16.8901424407959, 6.113759994506836, 13.689241409301758, 35.81547927856445, 40.75432586669922, 34.238525390625, 56.86703109741211, 58.92390823364258, 26.425996780395508, 34.26756286621094, 40.65391159057617, 22.400936126708984, 11.414711952209473, 10.3612699508667, 8.187861442565918, 6.874824523925781, 8.010476112365723, 9.826930046081543, 8.609002113342285, 8.555805206298828, 10.493891716003418, 13.655275344848633, 7.604998588562012, 6.085097312927246, 7.611546993255615, 5.615925312042236, 4.125857353210449, 4.126607894897461, 2.8085365295410156, 1.202690601348877, 0.4967482388019562, 0.1696755290031433, 0.019991658627986908, 0.0004441292257979512, 0.00014121178537607193], "lowlevel.erbbands.stdev": [4.508344650268555, 13.227843284606934, 9.91061782836914, 9.669875144958496, 15.432859420776367, 34.26015090942383, 10.661733627319336, 24.023279190063477, 74.20072937011719, 101.89967346191406, 61.088741302490234, 107.35191345214844, 170.83935546875, 60.65340042114258, 92.15393829345703, 128.99365234375, 76.36459350585938, 30.523534774780273, 31.444255828857422, 24.509798049926758, 19.5506534576416, 21.762975692749023, 24.601362228393555, 23.136985778808594, 27.126649856567383, 26.08868408203125, 27.44914436340332, 17.22981834411621, 18.244029998779297, 22.517911911010742, 13.526021003723145, 10.511605262756348, 9.001409530639648, 6.806493282318115, 2.9323196411132812, 1.3745959997177124, 0.4617762267589569, 0.05833001434803009, 0.0011149682104587555, 0.00010664574074326083], "lowlevel.gfcc.mean": [-17.734466552734375, 74.64010620117188, -81.3184814453125, 12.6469087600708, -76.65726470947266, 13.397778511047363, -28.639144897460938, 19.465198516845703, -26.021520614624023, 10.898943901062012, -10.267204284667969, -0.8789413571357727, -6.203461647033691], "lowlevel.melbands.mean": [0.028338676318526268, 0.005725361406803131, 0.000588452210649848, 0.001011383137665689, 0.0003122506896033883, 0.0003197623882442713, 0.0005541814607568085, 0.0004079999343957752, 0.00029777619056403637, 0.00036746764089912176, 0.0002814986219163984, 9.455606050323695e-05, 0.00011229894880671054, 0.00010679935076041147, 8.251552935689688e-05, 3.512997136567719e-05, 1.9928756955778226e-05, 1.7588101400178857e-05, 1.2422503459674772e-05, 1.0054231097456068e-05, 7.662505595362745e-06, 7.720463145233225e-06, 9.789722753339447e-06, 8.019342203624547e-06, 6.825966465839883e-06, 5.9822859839187e-06, 6.425727406167425e-06, 6.973119070607936e-06, 8.677035111759324e-06, 7.381545856333105e-06, 3.3919843644980574e-06, 3.206109795428347e-06, 3.668586941785179e-06, 4.6665581976412795e-06, 3.368173111084616e-06, 2.609627472338616e-06, 2.479579279679456e-06, 2.9336811167013366e-06, 2.782110641419422e-06, 2.223929641331779e-06], "lowlevel.melbands.stdev": [0.030342403799295425, 0.007345080375671387, 0.0015742998803034425, 0.001796529977582395, 0.0005574558163061738, 0.000560784072149545, 0.0011303025530651212, 0.0009894657414406538, 0.0005730229313485324, 0.000703421130310744, 0.0008431236492469907, 0.0002312369178980589, 0.0002998466952703893, 0.0003357904788572341, 0.0002731419517658651, 0.0001293485693167895, 5.443035115604289e-05, 5.5099662858992815e-05, 3.943953197449446e-05, 3.0079285352258012e-05, 2.4169277821783908e-05, 2.2765949324821122e-05, 2.668578235898167e-05, 2.023266461037565e-05, 1.9022112610400654e-05, 1.9945227904827334e-05, 1.9189286831533536e-05, 1.745895679050591e-05, 1.779300691850949e-05, 1.552526191517245e-05, 8.77766615303699e-06, 9.942156793840695e-06, 1.184401389764389e-05, 1.3411019608611241e-05, 8.301633897644933e-06, 6.659841801592847e-06, 6.536435648740735e-06, 6.573576229129685e-06, 6.463951194746187e-06, 5.691721526090987e-06], "lowlevel.melbands128.mean": [0.009568833746016026, 0.03753639757633209, 0.03529725968837738, 0.013255849480628967, 0.002499657217413187, 0.0008161797886714339, 0.00043586641550064087, 0.0004521337687037885, 0.0008523046271875501, 0.0012941911118105054, 0.0010210805339738727, 0.00040295725921168923, 0.0001359705493086949, 0.00013374620175454766, 0.00026120475376956165, 0.000390009256079793, 0.0006638585473410785, 0.0004968289867974818, 0.0005841039237566292, 0.0004780126619152725, 0.0003327213053125888, 0.0001468112604925409, 0.0003572004206944257, 0.000369284680346027, 0.00032652149093337357, 0.00044369971146807075, 0.00023969399626366794, 0.0004256612155586481, 0.0001206866727443412, 5.699169560102746e-05, 0.00011155823449371383, 0.00011339289630996063, 0.0001082142407540232, 0.0001327128557022661, 5.722161949961446e-05, 0.00014070479664951563, 0.00011609496141318232, 7.819673919584602e-05, 6.840634159743786e-05, 3.715031925821677e-05, 3.416299296077341e-05, 1.8206335880677216e-05, 1.56407622853294e-05, 2.428606057947036e-05, 2.233051782241091e-05, 1.4637392268923577e-05, 1.4135092897049617e-05, 1.4497753909381572e-05, 1.0263127478538081e-05, 9.942370525095612e-06, 1.1719929716491606e-05, 8.43384532345226e-06, 6.205208137544105e-06, 8.611310477135703e-06, 7.7631821113755e-06, 6.5729900597943924e-06, 8.76317426445894e-06, 9.537882760923821e-06, 1.0842361007235013e-05, 9.081930329557508e-06, 7.109656507964246e-06, 7.826209184713662e-06, 8.277445886051282e-06, 5.974145096843131e-06, 5.451237939269049e-06, 5.872815108887153e-06, 6.75368437441648e-06, 5.54735743207857e-06, 6.4801101871125866e-06, 7.455474587914068e-06, 6.1972991716174874e-06, 6.9460534177778754e-06, 8.77873844729038e-06, 8.744152182771359e-06, 9.031105946633033e-06, 8.947278729465324e-06, 6.211681011336623e-06, 3.561733137757983e-06, 3.2846787689777557e-06, 2.6904760943580186e-06, 3.041154741367791e-06, 3.5185457818442956e-06, 3.4993229292012984e-06, 3.6645149066316662e-06, 3.812908516920288e-06, 4.182096745353192e-06, 5.5138875723059755e-06, 4.531484592007473e-06, 2.935121301561594e-06, 2.7460932869871613e-06, 2.9997213459864724e-06, 2.385382686043158e-06, 2.3104482806957094e-06, 2.4292712623719126e-06, 2.5512879346933914e-06, 2.9502700726879993e-06, 3.1180902624328155e-06, 2.784115395115805e-06, 2.7787939416157315e-06, 2.8206118258822244e-06, 2.607512897156994e-06, 2.1978839868097566e-06, 1.6659435004839906e-06, 1.3958575664219097e-06, 1.3396946769717033e-06, 1.243487531610299e-06, 1.081242430700513e-06, 9.257980764232343e-07, 8.598167369200382e-07, 7.324431408051169e-07, 6.733679924764147e-07, 5.096379140923091e-07, 5.953105528533342e-07, 5.035532808506105e-07, 3.665950885078928e-07, 2.1868194721719192e-07, 5.4376744884621075e-08, 3.747099519557651e-09, 1.2083965772458072e-10, 1.46447021176499e-11, 1.503577470862716e-11, 1.4146479127008504e-11, 1.3592229772263487e-11, 1.3359604221496735e-11, 1.311667441328268e-11, 1.2850994574042929e-11, 1.2689431103107829e-11, 1.2612082385399237e-11], "lowlevel.melbands128.stdev": [0.015755658969283104, 0.04504658281803131, 0.038951415568590164, 0.016513539478182793, 0.006218975875526667, 0.0036918879486620426, 0.0021950548980385065, 0.001377771608531475, 0.0017362989019602537, 0.0026623806916177273, 0.0024468943011015654, 0.0009289296576753259, 0.00033319584326818585, 0.0003145045193377882, 0.0006191225838847458, 0.0008200277225114405, 0.0016951360739767551, 0.001285270438529551, 0.0019414661219343543, 0.001476647681556642, 0.0009063878678716719, 0.0004371177637949586, 0.000885044049937278, 0.0008975197561085224, 0.0009041710873134434, 0.0011396566405892372, 0.0008003752445802093, 0.0015962659381330013, 0.00040102159255184233, 0.00018232373986393213, 0.00039450678741559386, 0.0003857318661175668, 0.0003646539116743952, 0.0005167690687812865, 0.00022435447317548096, 0.0006351529154926538, 0.0004211538180243224, 0.0003543476341292262, 0.000365172658348456, 0.00014775569434277713, 0.00016973726451396942, 8.182427700376138e-05, 4.649383117794059e-05, 8.471543696941808e-05, 9.176140883937478e-05, 5.8880574215436354e-05, 6.718606891809031e-05, 4.815254214918241e-05, 3.978811582783237e-05, 3.913145701517351e-05, 4.154810812906362e-05, 2.7962489184574224e-05, 2.106586362060625e-05, 3.737440420081839e-05, 3.213042873539962e-05, 2.1106541680637747e-05, 2.7282632800051942e-05, 3.089806705247611e-05, 3.44687323377002e-05, 2.4913357265177183e-05, 1.997247636609245e-05, 2.6818497644853778e-05, 2.332112671865616e-05, 1.876654823718127e-05, 1.696749313850887e-05, 2.1470388674060814e-05, 2.7505240723257884e-05, 1.881501157185994e-05, 2.0741614207508974e-05, 2.3514958229498006e-05, 1.831372173910495e-05, 1.8004706362262368e-05, 1.9795024854829535e-05, 1.9168806829839014e-05, 2.17167707887711e-05, 1.9858656742144376e-05, 1.4485422070720233e-05, 9.389852493768558e-06, 9.735202183946967e-06, 7.758150786685292e-06, 9.898399184748996e-06, 1.2495375813159626e-05, 1.1232671567995567e-05, 1.1718039786501322e-05, 1.5832134522497654e-05, 1.3793449397780932e-05, 1.5756319044157863e-05, 1.288401381316362e-05, 7.616239599883556e-06, 7.0983596742735244e-06, 8.265084034064785e-06, 6.337195827654796e-06, 7.1854433372209314e-06, 7.502886546717491e-06, 6.578980901394971e-06, 7.345790891122306e-06, 7.732749509159476e-06, 6.122510512795998e-06, 7.0788532866572496e-06, 7.197215381893329e-06, 7.225925401144195e-06, 6.124206265667453e-06, 4.200554030830972e-06, 3.6847416140517453e-06, 3.8287021197902504e-06, 3.3250330488954205e-06, 2.8830725113948574e-06, 2.592011469459976e-06, 2.8903841666760854e-06, 2.3354627955995966e-06, 2.2939029804547317e-06, 1.4537801007463713e-06, 1.667964852458681e-06, 1.5704479210398858e-06, 9.892889920593007e-07, 7.737534133411827e-07, 2.2851105541121797e-07, 2.778389962543315e-08, 2.409689559002004e-09, 2.3341429483680898e-11, 3.748157687000209e-11, 2.342970435720293e-11, 2.1605136082958332e-11, 2.1242058459436386e-11, 2.093306430972497e-11, 2.0680483367452318e-11, 2.050144776166718e-11, 2.0390463623121136e-11], "lowlevel.mfcc.mean": [-676.0001220703125, 117.10348510742188, 35.16264343261719, 6.604504108428955, -12.558011054992676, -8.772194862365723, 9.676854133605957, -3.0323822498321533, 3.3056647777557373, 2.5440309047698975, 3.4421281814575195, 3.466553211212158, -0.8135214447975159], "lowlevel.spectral_contrast_coeffs.mean": [-0.6082649230957031, -0.7004992365837097, -0.7389156222343445, -0.799971878528595, -0.8034940361976624, -0.7812522053718567], "lowlevel.spectral_contrast_coeffs.stdev": [0.1314537227153778, 0.08060111850500107, 0.08519609272480011, 0.05532635375857353, 0.0465543158352375, 0.041659437119960785], "lowlevel.spectral_contrast_valleys.mean": [-7.667999267578125, -6.827622890472412, -7.696475505828857, -8.444025993347168, -8.064157485961914, -10.194679260253906], "lowlevel.spectral_contrast_valleys.stdev": [1.499379277229309, 0.7188680171966553, 0.8975002765655518, 1.0007922649383545, 0.9914831519126892, 1.081351399421692], "rhythm.beats_loudness_band_ratio.mean": [0.5172794461250305, 0.12488454580307007, 0.2028244584798813, 0.09058652818202972, 0.03849628195166588, 0.05865445360541344], "rhythm.beats_loudness_band_ratio.stdev": [0.40275612473487854, 0.1619318276643753, 0.22949008643627167, 0.11941725015640259, 0.05900677293539047, 0.09375840425491333], "tonal.hpcp.mean": [0.06622261554002762, 0.062291331589221954, 0.13082900643348694, 0.21126718819141388, 0.15958434343338013, 0.06960797309875488, 0.038189664483070374, 0.0352572537958622, 0.04928119480609894, 0.12872225046157837, 0.13863079249858856, 0.05152533948421478, 0.025182310491800308, 0.024223599582910538, 0.03568761423230171, 0.06359664350748062, 0.059931930154561996, 0.03661537915468216, 0.07796461880207062, 0.10235443711280823, 0.05635152757167816, 0.034843288362026215, 0.03898598998785019, 0.05856435373425484, 0.15783990919589996, 0.17642123997211456, 0.07674179971218109, 0.034428950399160385, 0.026970651000738144, 0.03526477888226509, 0.13292545080184937, 0.1638736128807068, 0.08389510214328766, 0.11466925591230392, 0.14204004406929016, 0.09372802078723907], "tonal.hpcp.stdev": [0.2123340219259262, 0.18366147577762604, 0.27012771368026733, 0.3591923117637634, 0.28872984647750854, 0.19969850778579712, 0.1367270052433014, 0.15155278146266937, 0.15889276564121246, 0.2753501236438751, 0.2911325693130493, 0.1595081388950348, 0.11270280182361603, 0.10913956165313721, 0.1379924714565277, 0.19498082995414734, 0.17592893540859222, 0.1317485123872757, 0.1877329796552658, 0.23704150319099426, 0.15582290291786194, 0.1334211379289627, 0.14810879528522491, 0.18386556208133698, 0.2907743453979492, 0.3169386386871338, 0.18297766149044037, 0.13574492931365967, 0.12199505418539047, 0.1279846578836441, 0.2671796679496765, 0.3120310306549072, 0.1849103420972824, 0.24554535746574402, 0.30282604694366455, 0.2192879021167755], "rhythm.beats_position": [0.3482993245124817, 0.7198185920715332, 1.09133780002594, 1.4628571271896362, 1.834376335144043, 2.217505693435669, 2.600634813308716, 2.972154140472412, 3.3436734676361084, 3.7151927947998047, 4.086711883544922, 4.458230972290039, 4.841360569000244, 5.224489688873291, 5.596008777618408, 5.967528343200684, 6.339047431945801, 6.710566997528076, 7.082086086273193, 7.4536051750183105, 7.836734771728516, 8.219863891601562, 8.59138298034668, 8.962902069091797, 9.334421157836914, 9.705941200256348, 10.077460289001465, 10.448979377746582, 10.8204984664917, 11.192017555236816, 11.56353759765625, 11.935056686401367, 12.306575775146484, 12.689704895019531, 13.072834014892578, 13.444353103637695, 13.815873146057129, 14.187392234802246, 14.558911323547363, 14.93043041229248, 15.301949501037598, 15.673469543457031, 16.056598663330078, 16.439727783203125, 16.811246871948242, 17.18276596069336, 17.554285049438477, 17.925804138183594, 18.29732322692871, 18.668842315673828, 19.051973342895508, 19.435102462768555, 19.806621551513672, 20.17814064025879, 20.549659729003906, 20.932788848876953, 21.31591796875, 21.687437057495117, 22.058956146240234, 22.43047523498535, 22.80199432373047, 23.185123443603516, 23.568254470825195, 23.939773559570312, 24.31129264831543, 24.682811737060547, 25.054330825805664, 25.42584991455078, 25.7973690032959, 26.180498123168945, 26.563627243041992, 26.93514633178711, 27.306665420532227, 27.678184509277344, 28.049705505371094, 28.42122459411621, 28.804353713989258, 29.187482833862305, 29.57061195373535], "rhythm.bpm_histogram": [0.0, 0.0, 0.0, 0.0, 0.0, 0.0, 0.0, 0.0, 0.0, 0.0, 0.0, 0.0, 0.0, 0.0, 0.0, 0.0, 0.0, 0.0, 0.0, 0.0, 0.0, 0.0, 0.0, 0.0, 0.0, 0.0, 0.0, 0.0, 0.0, 0.0, 0.0, 0.0, 0.0, 0.0, 0.0, 0.0, 0.0, 0.0, 0.0, 0.0, 0.0, 0.0, 0.0, 0.0, 0.0, 0.0, 0.0, 0.0, 0.0, 0.0, 0.0, 0.0, 0.0, 0.0, 0.0, 0.0, 0.0, 0.0, 0.0, 0.0, 0.0, 0.0, 0.0, 0.0, 0.0, 0.0, 0.0, 0.0, 0.0, 0.0, 0.0, 0.0, 0.0, 0.0, 0.0, 0.0, 0.0, 0.0, 0.0, 0.0, 0.0, 0.0, 0.0, 0.0, 0.0, 0.0, 0.0, 0.0, 0.0, 0.0, 0.0, 0.0, 0.0, 0.0, 0.0, 0.0, 0.0, 0.0, 0.0, 0.0, 0.0, 0.0, 0.0, 0.0, 0.0, 0.0, 0.0, 0.0, 0.0, 0.0, 0.0, 0.0, 0.0, 0.0, 0.0, 0.0, 0.0, 0.0, 0.0, 0.0, 0.0, 0.0, 0.0, 0.0, 0.0, 0.0, 0.0, 0.0, 0.0, 0.0, 0.0, 0.0, 0.0, 0.0, 0.0, 0.0, 0.0, 0.0, 0.0, 0.0, 0.0, 0.0, 0.0, 0.0, 0.0, 0.0, 0.0, 0.0, 0.0, 0.0, 0.0, 0.0, 0.0, 0.0, 0.0, 0.0, 0.0, 0.26923078298568726, 0.0, 0.0, 0.0, 0.7307692170143127, 0.0, 0.0, 0.0, 0.0, 0.0, 0.0, 0.0, 0.0, 0.0, 0.0, 0.0, 0.0, 0.0, 0.0, 0.0, 0.0, 0.0, 0.0, 0.0, 0.0, 0.0, 0.0, 0.0, 0.0, 0.0, 0.0, 0.0, 0.0, 0.0, 0.0, 0.0, 0.0, 0.0, 0.0, 0.0, 0.0, 0.0, 0.0, 0.0, 0.0, 0.0, 0.0, 0.0, 0.0, 0.0, 0.0, 0.0, 0.0, 0.0, 0.0, 0.0, 0.0, 0.0, 0.0, 0.0, 0.0, 0.0, 0.0, 0.0, 0.0, 0.0, 0.0, 0.0, 0.0, 0.0, 0.0, 0.0, 0.0, 0.0, 0.0, 0.0, 0.0, 0.0, 0.0, 0.0, 0.0, 0.0, 0.0, 0.0, 0.0, 0.0, 0.0, 0.0, 0.0, 0.0, 0.0, 0.0, 0.0], "tonal.chords_histogram": [5.263157844543457, 1.083591341972351, 10.216718673706055, 0.0, 0.0, 0.0, 0.6191950440406799, 0.0, 0.0, 0.0, 0.0, 0.0, 0.0, 1.083591341972351, 0.0, 4.024767875671387, 0.0, 8.823529243469238, 0.0, 19.19504737854004, 6.501547813415527, 24.76780128479004, 18.421052932739258, 0.0], "tonal.thpcp": [1.0, 0.7553673982620239, 0.32947838306427, 0.18076476454734802, 0.1668846607208252, 0.23326478898525238, 0.6092865467071533, 0.6561870574951172, 0.24388708174228668, 0.11919650435447693, 0.11465860158205032, 0.16892170906066895, 0.3010247051715851, 0.2836783528327942, 0.17331314086914062, 0.36903324723243713, 0.484478622674942, 0.2667310833930969, 0.164925217628479, 0.18453405797481537, 0.2772051692008972, 0.7471103668212891, 0.8350622057914734, 0.36324524879455566, 0.16296401619911194, 0.12766133248806, 0.16692028939723969, 0.6291816830635071, 0.7756699919700623, 0.39710426330566406, 0.5427688956260681, 0.6723241806030273, 0.4436468482017517, 0.3134543299674988, 0.29484620690345764, 0.6192585229873657], "lowlevel.gfcc.cov": [[4740.10400390625, -945.5159301757812, -428.3815002441406, 842.2296142578125, 29.239669799804688, 373.02081298828125, 1.985958456993103, 149.55319213867188, 137.7450714111328, 208.8171844482422, -41.017845153808594, 249.63954162597656, -66.02021789550781], [-945.5159301757812, 2152.068359375, 900.8307495117188, 208.7676239013672, 872.4795532226562, 272.674560546875, 572.36474609375, 115.65084075927734, 373.39471435546875, 57.97416687011719, 289.0716247558594, -45.408531188964844, 214.35244750976562], [-428.3815002441406, 900.8307495117188, 2381.281005859375, 1288.2352294921875, 1034.4443359375, 830.451904296875, 925.7954711914062, 529.8496704101562, 660.01806640625, 497.0980529785156, 376.79608154296875, 125.23025512695312, 183.6514434814453], [842.2296142578125, 208.7676239013672, 1288.2352294921875, 1816.7025146484375, 972.35693359375, 596.0419921875, 654.8129272460938, 483.5111083984375, 675.587646484375, 464.96856689453125, 279.71929931640625, 112.65727996826172, 185.14344787597656], [29.239669799804688, 872.4795532226562, 1034.4443359375, 972.35693359375, 1186.1351318359375, 549.4290771484375, 586.601318359375, 418.9826965332031, 539.4880981445312, 337.88018798828125, 293.2085876464844, 71.14260864257812, 221.86253356933594], [373.02081298828125, 272.674560546875, 830.451904296875, 596.0419921875, 549.4290771484375, 721.2215576171875, 570.605712890625, 284.9820251464844, 350.87664794921875, 266.36138916015625, 255.96620178222656, 112.43037414550781, 75.69267272949219], [1.985958456993103, 572.36474609375, 925.7954711914062, 654.8129272460938, 586.601318359375, 570.605712890625, 784.2220458984375, 386.3078918457031, 399.39190673828125, 252.39785766601562, 299.29437255859375, 108.98334503173828, 115.62604522705078], [149.55319213867188, 115.65084075927734, 529.8496704101562, 483.5111083984375, 418.9826965332031, 284.9820251464844, 386.3078918457031, 423.84783935546875, 331.1602783203125, 204.56942749023438, 147.69134521484375, 61.65224838256836, 94.53780364990234], [137.7450714111328, 373.39471435546875, 660.01806640625, 675.587646484375, 539.4880981445312, 350.87664794921875, 399.39190673828125, 331.1602783203125, 521.7060546875, 295.8419494628906, 184.62318420410156, 45.29788589477539, 132.72677612304688], [208.8171844482422, 57.97416687011719, 497.0980529785156, 464.96856689453125, 337.88018798828125, 266.36138916015625, 252.39785766601562, 204.56942749023438, 295.8419494628906, 307.7962341308594, 145.30484008789062, 35.829898834228516, 68.88402557373047], [-41.017845153808594, 289.0716247558594, 376.79608154296875, 279.71929931640625, 293.2085876464844, 255.96620178222656, 299.29437255859375, 147.69134521484375, 184.62318420410156, 145.30484008789062, 255.72454833984375, 76.7820053100586, 51.468727111816406], [249.63954162597656, -45.408531188964844, 125.23025512695312, 112.65727996826172, 71.14260864257812, 112.43037414550781, 108.98334503173828, 61.65224838256836, 45.29788589477539, 35.829898834228516, 76.7820053100586, 142.26141357421875, 16.654787063598633], [-66.02021789550781, 214.35244750976562, 183.6514434814453, 185.14344787597656, 221.86253356933594, 75.69267272949219, 115.62604522705078, 94.53780364990234, 132.72677612304688, 68.88402557373047, 51.468727111816406, 16.654787063598633, 140.17880249023438]], "lowlevel.gfcc.icov": [[0.00043604779057204723, -0.000299740640912205, 0.0004471392894629389, -0.0005570626235567033, 0.0003659826470538974, -0.0007036225870251656, 0.0004409746325109154, -0.000500816386193037, 0.00047244245070032775, -0.0006822015857324004, 0.0006793872453272343, -0.0009460503933951259, 0.00033922449802048504], [-0.000299740640912205, 0.0023741747718304396, -0.0009472745005041361, 0.0015685446560382843, -0.0021762901451438665, 0.0019148339051753283, -0.002185165649279952, 0.002866531955078244, -0.0025364772882312536, 0.0027536731213331223, -0.0017400746000930667, 0.0020382613874971867, -0.0008773424779064953], [0.0004471392894629389, -0.0009472745005041361, 0.0016718173865228891, -0.0011595386313274503, 0.0006965880165807903, -0.0013786167837679386, 0.0003317051159683615, -0.0011520326370373368, 0.001218444318510592, -0.0019141475204378366, 0.0012882070150226355, -0.001327509875409305, 0.0006172292632982135], [-0.0005570626235567033, 0.0015685446560382843, -0.0011595386313274503, 0.0027452288195490837, -0.002061819890514016, 0.001803841907531023, -0.0017342994688078761, 0.002079093363136053, -0.0026133183855563402, 0.0015137357404455543, -0.0010778020368888974, 0.0014486624859273434, -0.0004957786295562983], [0.0003659826470538974, -0.0021762901451438665, 0.0006965880165807903, -0.002061819890514016, 0.004552226513624191, -0.002567635616287589, 0.0023424949031323195, -0.0031948895193636417, 0.0018721682718023658, -0.002143275458365679, 0.0006686284905299544, -0.001262943260371685, -0.0011000471422448754], [-0.0007036225870251656, 0.0019148339051753283, -0.0013786167837679386, 0.001803841907531023, -0.002567635616287589, 0.0062481132335960865, -0.004117326345294714, 0.0031751315109431744, -0.002458699746057391, 0.0013784863986074924, -0.0019892817363142967, 0.0012243004748597741, 0.00034465768840163946], [0.0004409746325109154, -0.002185165649279952, 0.0003317051159683615, -0.0017342994688078761, 0.0023424949031323195, -0.004117326345294714, 0.007417700719088316, -0.0048728156834840775, 0.002033473225310445, -0.0010413886047899723, -0.000851589604280889, -0.00182774115819484, 0.00020488067821133882], [-0.000500816386193037, 0.002866531955078244, -0.0011520326370373368, 0.002079093363136053, -0.0031948895193636417, 0.0031751315109431744, -0.0048728156834840775, 0.009534438140690327, -0.005225067492574453, 0.0025502191856503487, -0.0011815241305157542, 0.0016258497489616275, -0.0009897940326482058], [0.00047244245070032775, -0.0025364772882312536, 0.001218444318510592, -0.0026133183855563402, 0.0018721682718023658, -0.002458699746057391, 0.002033473225310445, -0.005225067492574453, 0.010206840001046658, -0.006257141940295696, 0.0017597331898286939, -0.001447168760932982, -0.0008961891871877015], [-0.0006822015857324004, 0.0027536731213331223, -0.0019141475204378366, 0.0015137357404455543, -0.002143275458365679, 0.0013784863986074924, -0.0010413886047899723, 0.0025502191856503487, -0.006257141940295696, 0.01232598815113306, -0.004621326457709074, 0.003750364063307643, -0.0011179175926372409], [0.0006793872453272343, -0.0017400746000930667, 0.0012882070150226355, -0.0010778020368888974, 0.0006686284905299544, -0.0019892817363142967, -0.000851589604280889, -0.0011815241305157542, 0.0017597331898286939, -0.004621326457709074, 0.010722502134740353, -0.004984109662473202, 0.001491753151640296], [-0.0009460503933951259, 0.0020382613874971867, -0.001327509875409305, 0.0014486624859273434, -0.001262943260371685, 0.0012243004748597741, -0.00182774115819484, 0.0016258497489616275, -0.001447168760932982, 0.003750364063307643, -0.004984109662473202, 0.01217036135494709, -0.0020762605126947165], [0.00033922449802048504, -0.0008773424779064953, 0.0006172292632982135, -0.0004957786295562983, -0.0011000471422448754, 0.00034465768840163946, 0.00020488067821133882, -0.0009897940326482058, -0.0008961891871877015, -0.0011179175926372409, 0.001491753151640296, -0.0020762605126947165, 0.011631586588919163]], "lowlevel.mfcc.cov": [[5292.80517578125, -1654.275390625, -673.1569213867188, 172.2080535888672, -48.07278060913086, 172.70974731445312, -257.8296203613281, 101.63090515136719, -70.8811264038086, -2.200255870819092, -65.64837646484375, 63.70167541503906, 97.83760070800781], [-1654.275390625, 2204.993896484375, 274.61737060546875, 51.94906997680664, 339.22930908203125, 214.0096435546875, 375.062744140625, 162.5353240966797, 239.30001831054688, 34.70256805419922, 180.29336547851562, 81.68370819091797, 126.83234405517578], [-673.1569213867188, 274.61737060546875, 1628.8916015625, 797.3516845703125, 444.8426208496094, 723.1732177734375, 515.6563110351562, 435.425048828125, 415.77117919921875, 506.7345275878906, 426.43377685546875, 311.5587158203125, 297.1100769042969], [172.2080535888672, 51.94906997680664, 797.3516845703125, 1343.4033203125, 741.8336791992188, 599.5516967773438, 358.47564697265625, 369.939453125, 495.8890075683594, 525.2390747070312, 320.32183837890625, 338.6844787597656, 257.1619567871094], [-48.07278060913086, 339.22930908203125, 444.8426208496094, 741.8336791992188, 819.184326171875, 489.5101318359375, 295.7851867675781, 253.60781860351562, 399.89215087890625, 392.51904296875, 259.6897277832031, 216.0265655517578, 209.42227172851562], [172.70974731445312, 214.0096435546875, 723.1732177734375, 599.5516967773438, 489.5101318359375, 772.8265380859375, 419.6880798339844, 349.51611328125, 324.484130859375, 393.0925598144531, 344.2596435546875, 235.0038299560547, 250.69400024414062], [-257.8296203613281, 375.062744140625, 515.6563110351562, 358.47564697265625, 295.7851867675781, 419.6880798339844, 565.9476318359375, 355.9194030761719, 257.43475341796875, 263.15399169921875, 292.1468200683594, 176.5681610107422, 225.51654052734375], [101.63090515136719, 162.5353240966797, 435.425048828125, 369.939453125, 253.60781860351562, 349.51611328125, 355.9194030761719, 452.3980407714844, 261.02490234375, 242.22119140625, 242.46954345703125, 173.01963806152344, 216.7989501953125], [-70.8811264038086, 239.30001831054688, 415.77117919921875, 495.8890075683594, 399.89215087890625, 324.484130859375, 257.43475341796875, 261.02490234375, 472.64599609375, 345.79168701171875, 246.1976318359375, 176.21031188964844, 182.95162963867188], [-2.200255870819092, 34.70256805419922, 506.7345275878906, 525.2390747070312, 392.51904296875, 393.0925598144531, 263.15399169921875, 242.22119140625, 345.79168701171875, 483.45098876953125, 300.7217102050781, 188.2565155029297, 180.7618865966797], [-65.64837646484375, 180.29336547851562, 426.43377685546875, 320.32183837890625, 259.6897277832031, 344.2596435546875, 292.1468200683594, 242.46954345703125, 246.1976318359375, 300.7217102050781, 349.5397033691406, 175.38845825195312, 180.7958221435547], [63.70167541503906, 81.68370819091797, 311.5587158203125, 338.6844787597656, 216.0265655517578, 235.0038299560547, 176.5681610107422, 173.01963806152344, 176.21031188964844, 188.2565155029297, 175.38845825195312, 240.71429443359375, 150.3560028076172], [97.83760070800781, 126.83234405517578, 297.1100769042969, 257.1619567871094, 209.42227172851562, 250.69400024414062, 225.51654052734375, 216.7989501953125, 182.95162963867188, 180.7618865966797, 180.7958221435547, 150.3560028076172, 241.35848999023438]], "lowlevel.mfcc.icov": [[0.00033975933911278844, 0.00024020324053708464, 0.00030159158632159233, -7.451695273630321e-05, 8.144948515109718e-05, -0.00039460579864680767, 0.00023374469310510904, -0.00021139452292118222, -3.2706608180888e-05, 0.000134020927362144, 1.2075598533556331e-05, -7.855308649595827e-05, -0.00028082457720302045], [0.00024020324053708464, 0.0008016998181119561, 0.00011432752944529057, 0.00019279951811768115, -0.00036403947160579264, -0.00018110631208401173, -0.0002988354244735092, 3.950226164306514e-05, -0.00044408044777810574, 0.0007355990237556398, -0.0002454436325933784, -6.508162914542481e-05, -0.00010699784616008401], [0.00030159158632159233, 0.00011432752944529057, 0.0015763265546411276, -0.0004885565722361207, 0.0006294302875176072, -0.0010610922472551465, -3.255588671891019e-05, -0.00024225912056863308, -2.3603392037330195e-05, -0.00034064959618262947, -0.00012618301843758672, -0.00025825953343883157, -0.0002697922755032778], [-7.451695273630321e-05, 0.00019279951811768115, -0.0004885565722361207, 0.002332425443455577, -0.001320331241004169, -2.4591607143520378e-05, -2.2518104742630385e-05, -0.00028887888765893877, -0.0005153429228812456, -0.0006440057186409831, 0.0008866467978805304, -0.0013803669717162848, 0.0005655440618284047], [8.144948515109718e-05, -0.00036403947160579264, 0.0006294302875176072, -0.001320331241004169, 0.003645199816673994, -0.0012496630661189556, 8.176927804015577e-05, 0.00044272959348745644, -0.0008859027875587344, -0.0008353184093721211, 0.00039891208871267736, 0.00011524924775585532, -0.0006222011870704591], [-0.00039460579864680767, -0.00018110631208401173, -0.0010610922472551465, -2.4591607143520378e-05, -0.0012496630661189556, 0.004334356170147657, -0.0010571994353085756, -0.0001651828788453713, 0.000674462819006294, -0.0005685526411980391, -0.0009864196181297302, 8.674334094393998e-05, -9.456067346036434e-05], [0.00023374469310510904, -0.0002988354244735092, -3.255588671891019e-05, -2.2518104742630385e-05, 8.176927804015577e-05, -0.0010571994353085756, 0.005145209841430187, -0.002244774717837572, 0.00023221470473799855, 0.00022143145906738937, -0.001450158073566854, 0.0002993508824147284, -0.0010797071736305952], [-0.00021139452292118222, 3.950226164306514e-05, -0.00024225912056863308, -0.00028887888765893877, 0.00044272959348745644, -0.0001651828788453713, -0.002244774717837572, 0.005986423697322607, -0.0012189712142571807, 0.000452263600891456, -0.0004837333399336785, -0.0001118090731324628, -0.0018041889416053891], [-3.2706608180888e-05, -0.00044408044777810574, -2.3603392037330195e-05, -0.0005153429228812456, -0.0008859027875587344, 0.000674462819006294, 0.00023221470473799855, -0.0012189712142571807, 0.006063222419470549, -0.002641733270138502, -0.00030828980379737914, -9.541436156723648e-06, -0.0006097530131228268], [0.000134020927362144, 0.0007355990237556398, -0.00034064959618262947, -0.0006440057186409831, -0.0008353184093721211, -0.0005685526411980391, 0.00022143145906738937, 0.000452263600891456, -0.002641733270138502, 0.00804210640490055, -0.00394020788371563, 0.00034107291139662266, 8.530157356290147e-05], [1.2075598533556331e-05, -0.0002454436325933784, -0.00012618301843758672, 0.0008866467978805304, 0.00039891208871267736, -0.0009864196181297302, -0.001450158073566854, -0.0004837333399336785, -0.00030828980379737914, -0.00394020788371563, 0.00975409522652626, -0.0021915349643677473, -0.0009540359606035054], [-7.855308649595827e-05, -6.508162914542481e-05, -0.00025825953343883157, -0.0013803669717162848, 0.00011524924775585532, 8.674334094393998e-05, 0.0002993508824147284, -0.0001118090731324628, -9.541436156723648e-06, 0.00034107291139662266, -0.0021915349643677473, 0.009306447580456734, -0.0029187630861997604], [-0.00028082457720302045, -0.00010699784616008401, -0.0002697922755032778, 0.0005655440618284047, -0.0006222011870704591, -9.456067346036434e-05, -0.0010797071736305952, -0.0018041889416053891, -0.0006097530131228268, 8.530157356290147e-05, -0.0009540359606035054, -0.0029187630861997604, 0.010241569019854069]], "metadata.audio_properties.analysis.downmix": "mix", "metadata.audio_properties.codec": "mp3", "metadata.audio_properties.md5_encoded": "6459d3c9a877a708adcd42cdbcd80ffb", "metadata