{"song_id": "1182273778068242526", "download": "https://cdn.discordapp.com/attachments/1128313332273782784/1182273778068242526/chirp.mp4?ex=65841942&amp", "lyrics": "-", "style": ["pop"], "essentia_features": {"lowlevel.average_loudness": 0.9526715278625488, "lowlevel.barkbands_crest.mean": 20.379976272583008, "lowlevel.barkbands_crest.stdev": 7.089113712310791, "lowlevel.barkbands_flatness_db.mean": 0.5370387434959412, "lowlevel.barkbands_flatness_db.stdev": 0.2490159273147583, "lowlevel.barkbands_kurtosis.mean": 564.4378051757812, "lowlevel.barkbands_kurtosis.stdev": 1692.001953125, "lowlevel.barkbands_skewness.mean": 8.42251205444336, "lowlevel.barkbands_skewness.stdev": 14.902017593383789, "lowlevel.barkbands_spread.mean": 9.56593132019043, "lowlevel.barkbands_spread.stdev": 23.475313186645508, "lowlevel.dissonance.mean": 0.24964873492717743, "lowlevel.dissonance.stdev": 0.13199815154075623, "lowlevel.dynamic_complexity": 6.7664103507995605, "lowlevel.erbbands_crest.mean": 17.83024024963379, "lowlevel.erbbands_crest.stdev": 7.460046291351318, "lowlevel.erbbands_flatness_db.mean": 0.42240652441978455, "lowlevel.erbbands_flatness_db.stdev": 0.16476547718048096, "lowlevel.erbbands_kurtosis.mean": 57.155948638916016, "lowlevel.erbbands_kurtosis.stdev": 95.7464828491211, "lowlevel.erbbands_skewness.mean": 3.026153564453125, "lowlevel.erbbands_skewness.stdev": 3.608741283416748, "lowlevel.erbbands_spread.mean": 13.964241981506348, "lowlevel.erbbands_spread.stdev": 24.950590133666992, "lowlevel.hfc.mean": 4.747548580169678, "lowlevel.hfc.stdev": 9.01766300201416, "lowlevel.loudness_ebu128.integrated": -26.72804832458496, "lowlevel.loudness_ebu128.loudness_range": 4.541719436645508, "lowlevel.loudness_ebu128.momentary.mean": -27.830121994018555, "lowlevel.loudness_ebu128.momentary.stdev": 3.522164821624756, "lowlevel.loudness_ebu128.short_term.mean": -27.040569305419922, "lowlevel.loudness_ebu128.short_term.stdev": 1.5833642482757568, "lowlevel.melbands_crest.mean": 21.213268280029297, "lowlevel.melbands_crest.stdev": 6.617278575897217, "lowlevel.melbands_flatness_db.mean": 0.651861846446991, "lowlevel.melbands_flatness_db.stdev": 0.29148849844932556, "lowlevel.melbands_kurtosis.mean": 53.26865768432617, "lowlevel.melbands_kurtosis.stdev": 127.73304748535156, "lowlevel.melbands_skewness.mean": 2.8434531688690186, "lowlevel.melbands_skewness.stdev": 3.6274197101593018, "lowlevel.melbands_spread.mean": 14.043647766113281, "lowlevel.melbands_spread.stdev": 38.67647171020508, "lowlevel.pitch_salience.mean": 0.25589224696159363, "lowlevel.pitch_salience.stdev": 0.25727781653404236, "lowlevel.silence_rate_20dB.mean": 1.0, "lowlevel.silence_rate_20dB.stdev": 0.0, "lowlevel.silence_rate_30dB.mean": 0.9426419734954834, "lowlevel.silence_rate_30dB.stdev": 0.2325238585472107, "lowlevel.silence_rate_60dB.mean": 0.37775203585624695, "lowlevel.silence_rate_60dB.stdev": 0.4848289489746094, "lowlevel.spectral_centroid.mean": 557.2855224609375, "lowlevel.spectral_centroid.stdev": 963.4130249023438, "lowlevel.spectral_complexity.mean": 2.080533027648926, "lowlevel.spectral_complexity.stdev": 2.572234869003296, "lowlevel.spectral_decrease.mean": -6.851872402791059e-09, "lowlevel.spectral_decrease.stdev": 1.0544942696810722e-08, "lowlevel.spectral_energy.mean": 0.02629116177558899, "lowlevel.spectral_energy.stdev": 0.04049665853381157, "lowlevel.spectral_energyband_high.mean": 2.2781351916023596e-08, "lowlevel.spectral_energyband_high.stdev": 1.0510646575312421e-07, "lowlevel.spectral_energyband_low.mean": 0.01637532003223896, "lowlevel.spectral_energyband_low.stdev": 0.029516061767935753, "lowlevel.spectral_energyband_middle_high.mean": 0.0005140931461937726, "lowlevel.spectral_energyband_middle_high.stdev": 0.0019200423266738653, "lowlevel.spectral_energyband_middle_low.mean": 0.010353260673582554, "lowlevel.spectral_energyband_middle_low.stdev": 0.025833485648036003, "lowlevel.spectral_entropy.mean": 4.5374650955200195, "lowlevel.spectral_entropy.stdev": 2.009925365447998, "lowlevel.spectral_flux.mean": 0.06201757490634918, "lowlevel.spectral_flux.stdev": 0.08266589045524597, "lowlevel.spectral_kurtosis.mean": 199.40835571289062, "lowlevel.spectral_kurtosis.stdev": 184.71266174316406, "lowlevel.spectral_rms.mean": 0.003588515566661954, "lowlevel.spectral_rms.stdev": 0.003573858179152012, "lowlevel.spectral_rolloff.mean": 1790.1591796875, "lowlevel.spectral_rolloff.stdev": 4432.1298828125, "lowlevel.spectral_skewness.mean": 10.503891944885254, "lowlevel.spectral_skewness.stdev": 6.454371929168701, "lowlevel.spectral_spread.mean": 3170038.0, "lowlevel.spectral_spread.stdev": 4318615.5, "lowlevel.spectral_strongpeak.mean": 0.5293089747428894, "lowlevel.spectral_strongpeak.stdev": 0.7013116478919983, "lowlevel.zerocrossingrate.mean": 0.11042030900716782, "lowlevel.zerocrossingrate.stdev": 0.2026866227388382, "metadata.audio_properties.analysis.equal_loudness": 0.0, "metadata.audio_properties.analysis.length": 40.04265213012695, "metadata.audio_properties.analysis.sample_rate": 44100.0, "metadata.audio_properties.analysis.start_time": 0.0, "metadata.audio_properties.bit_rate": 87248.0, "metadata.audio_properties.length": 40.042667388916016, "metadata.audio_properties.lossless": 0.0, "metadata.audio_properties.number_channels": 1.0, "metadata.audio_properties.replay_gain": -1.7572154998779297, "metadata.audio_properties.sample_rate": 48000.0, "rhythm.beats_count": 82.0, "rhythm.beats_loudness.mean": 0.062219467014074326, "rhythm.beats_loudness.stdev": 0.0450434535741806, "rhythm.bpm": 123.93606567382812, "rhythm.bpm_histogram_first_peak_bpm": 123.0, "rhythm.bpm_histogram_first_peak_weight": 0.29629629850387573, "rhythm.bpm_histogram_second_peak_bpm": 0.0, "rhythm.bpm_histogram_second_peak_spread": 0.0, "rhythm.bpm_histogram_second_peak_weight": 0.0, "rhythm.danceability": 2.130375862121582, "rhythm.onset_rate": 4.044497489929199, "tonal.chords_changes_rate": 0.06712962687015533, "tonal.chords_number_rate": 0.005787036847323179, "tonal.chords_strength.mean": 0.5420258641242981, "tonal.chords_strength.stdev": 0.029897788539528847, "tonal.hpcp_crest.mean": 20.072969436645508, "tonal.hpcp_crest.stdev": 9.650066375732422, "tonal.hpcp_entropy.mean": 1.2625495195388794, "tonal.hpcp_entropy.stdev": 0.8209003210067749, "tonal.key_edma.strength": 0.6208459734916687, "tonal.key_krumhansl.strength": 0.6085488200187683, "tonal.key_temperley.strength": 0.5815581679344177, "tonal.tuning_diatonic_strength": 0.6184036731719971, "tonal.tuning_equal_tempered_deviation": 0.14917153120040894, "tonal.tuning_frequency": 436.960693359375, "tonal.tuning_nontempered_energy_ratio": 0.7714484333992004, "lowlevel.barkbands.mean": [2.594633770058863e-05, 0.009259730577468872, 0.006308478768914938, 0.0009088788647204638, 0.007909338921308517, 0.0006262714159674942, 0.00010941509390249848, 0.00038671359652653337, 9.14169941097498e-05, 0.00043366587487980723, 0.00012779516691807657, 5.860515739186667e-05, 2.5093377189477906e-05, 1.0339518667024095e-05, 5.8365640143165365e-06, 2.981506440846715e-06, 4.554413237656263e-07, 1.224540397970486e-07, 4.088611760266758e-08, 1.65837636956212e-08, 6.569797150746126e-09, 3.265493209170245e-09, 1.8598734774499803e-09, 1.4473413578741656e-09, 1.4230705502882302e-09, 1.0247352966175072e-09, 7.21781134860322e-10], "lowlevel.barkbands.stdev": [0.00010771302913781255, 0.023216089233756065, 0.013563818298280239, 0.0028911889530718327, 0.022017288953065872, 0.0024978036526590586, 0.00044652100768871605, 0.0012791116023436189, 0.00038720262818969786, 0.0016229449538514018, 0.0005078424583189189, 0.00029654285754077137, 0.0001263457234017551, 4.9095477152150124e-05, 3.265075065428391e-05, 1.7984524674830027e-05, 2.1415335140773095e-06, 6.738968636454956e-07, 1.8677214086437743e-07, 8.855496957949072e-08, 2.8543031049821366e-08, 1.776947300413667e-08, 1.6388662871236193e-08, 1.7801367491188103e-08, 1.829899431982085e-08, 2.1709642972211896e-09, 1.1325945736828658e-09], "lowlevel.erbbands.mean": [0.17834672331809998, 2.423285722732544, 6.92112922668457, 5.822262287139893, 2.1063761711120605, 31.978055953979492, 38.01810073852539, 3.9463422298431396, 1.4517414569854736, 7.016946792602539, 4.045979022979736, 2.2663707733154297, 15.918054580688477, 4.206781387329102, 6.383464336395264, 1.9453562498092651, 1.2336457967758179, 0.579206645488739, 0.3644409775733948, 0.24633806943893433, 0.11002074927091599, 0.025769421830773354, 0.010788163170218468, 0.0033986198250204325, 0.0014498314121738076, 0.0007705719326622784, 0.0003603160148486495, 0.00021750200539827347, 0.00013385099009610713, 8.869010343914852e-05, 5.952018909738399e-05, 4.4073196477256715e-05, 3.593237488530576e-05, 3.0543578759534284e-05, 2.216167195001617e-05, 1.5044063729874324e-05, 8.814580723992549e-06, 1.3106491678627208e-06, 1.1889825145772193e-05, 2.868199226213619e-05], "lowlevel.erbbands.stdev": [0.5351333618164062, 5.769049167633057, 14.364700317382812, 14.71051025390625, 5.481207847595215, 87.55502319335938, 110.93766784667969, 13.831350326538086, 5.874500751495361, 22.876422882080078, 13.81389045715332, 8.253727912902832, 56.22277069091797, 20.545358657836914, 26.034757614135742, 9.258462905883789, 5.881903171539307, 2.845743417739868, 1.7417616844177246, 1.3352575302124023, 0.6554805040359497, 0.12131767719984055, 0.052867591381073, 0.015631314367055893, 0.0069130402989685535, 0.0040564644150435925, 0.001688322052359581, 0.00092322938144207, 0.0006801306735724211, 0.0005151205696165562, 0.00045640082680620253, 0.0003752624033950269, 0.00030896614771336317, 0.0002617728605400771, 0.000102506201073993, 2.349613350816071e-05, 1.2070081538695376e-05, 1.8805648096531513e-06, 1.8251010260428302e-05, 4.42171331087593e-05], "lowlevel.gfcc.mean": [-476.6750793457031, 154.06809997558594, -0.6755409240722656, -7.246698379516602, -31.12615966796875, -6.240830898284912, -28.3089656829834, -20.022939682006836, -26.451004028320312, -18.633569717407227, -11.418401718139648, -3.607179641723633, 4.450450420379639], "lowlevel.melbands.mean": [0.002173007233068347, 0.0034559634514153004, 0.0008669841336086392, 0.0009907059138640761, 0.0016949432902038097, 7.281090074684471e-05, 1.9722026991075836e-05, 8.758351032156497e-05, 2.5748167900019325e-05, 1.572030123497825e-05, 7.994113548193127e-05, 1.57333051902242e-05, 1.8743647160590626e-05, 1.0398087397334166e-05, 3.475256335150334e-06, 1.7347834955216968e-06, 1.0534879493206972e-06, 5.920749686083582e-07, 4.682289329593914e-07, 2.827623575285543e-07, 8.178308519291022e-08, 2.3671118398738145e-08, 1.9595095324120848e-08, 4.221314853225522e-09, 2.5199653475027617e-09, 1.1979600644806965e-09, 7.473767715815427e-10, 4.4101591822887087e-10, 2.3872739896013684e-10, 1.5808676590012283e-10, 1.0674187228554288e-10, 7.161868320615383e-11, 5.839259631379434e-11, 3.9513042143779487e-11, 2.9510425353374004e-11, 2.3594081549616064e-11, 1.8225457601439565e-11, 1.6298587479646187e-11, 1.527258354505623e-11, 1.448324186276162e-11], "lowlevel.melbands.stdev": [0.0058048483915627, 0.006524031516164541, 0.00210361834615469, 0.00264570489525795, 0.004837374668568373, 0.00030221158522181213, 8.576827531214803e-05, 0.0002867580624297261, 8.998648991109803e-05, 5.88243747188244e-05, 0.00028426857898011804, 8.648316725157201e-05, 7.581165118608624e-05, 4.69828701170627e-05, 2.0664479961851612e-05, 8.241526302299462e-06, 5.232619059825083e-06, 2.9224866011645645e-06, 2.871931201298139e-06, 1.6604520851615234e-06, 4.863968570134602e-07, 1.1193529303454852e-07, 1.020308673105319e-07, 2.092806106190892e-08, 1.206558053468143e-08, 6.100805194364511e-09, 3.85076459608058e-09, 2.404755061746755e-09, 1.1776413177955192e-09, 7.020654613221211e-10, 4.721396051898807e-10, 4.039368561858936e-10, 3.1690128299288745e-10, 2.8342128643998876e-10, 2.5851037976920566e-10, 2.663847198380864e-10, 2.031891876974612e-10, 2.0647558662822973e-10, 2.2017039580379816e-10, 2.208563054661994e-10], "lowlevel.melbands128.mean": [2.3367114408756606e-05, 0.0008726998930796981, 0.0033447688911110163, 0.0041718920692801476, 0.0037924498319625854, 0.002968583256006241, 0.0012892382219433784, 0.000264077156316489, 8.582777081755921e-05, 0.00025026232469826937, 0.0019431865075603127, 0.003440133761614561, 0.0012739145895466208, 0.00015746905410196632, 5.406148193287663e-05, 3.1718573154648766e-05, 2.042296364379581e-05, 1.482924199081026e-05, 1.9276021703262813e-05, 8.44828609842807e-05, 0.0001445891975890845, 3.8560199755011126e-05, 9.377440619573463e-06, 7.477705821656855e-06, 7.171319339249749e-06, 9.61877503868891e-06, 5.523278014152311e-05, 0.00013902790669817477, 4.5577067794511095e-05, 1.3357373973121867e-05, 8.90293358679628e-06, 8.816348781692795e-06, 1.5052114576974418e-05, 3.572579225874506e-05, 1.2749665074807126e-05, 3.6970304790884256e-06, 2.48099468080909e-06, 3.363336645634263e-06, 4.718745913123712e-06, 2.356359118493856e-06, 1.0002580665968708e-06, 7.223665079436614e-07, 1.1053225534851663e-06, 1.3344483704713639e-06, 6.607631348742871e-07, 4.0173480897465197e-07, 4.867699203714437e-07, 7.450966563737893e-07, 2.9081303409839165e-07, 1.688506472419249e-07, 3.9090735981517355e-07, 2.9474051643774146e-07, 4.7042750139780765e-08, 3.090175937359163e-08, 2.7069557262393573e-08, 1.8261859580093187e-08, 2.3016351491378373e-08, 3.454866259744449e-08, 1.1726323023708574e-08, 5.926014345902786e-09, 3.826357897196431e-09, 2.5849749007988976e-09, 3.727419706223145e-09, 2.0913186737914202e-09, 1.3815810717687782e-09, 1.3850077751342837e-09, 8.672905171813738e-10, 8.570404386176733e-10, 7.399211243708237e-10, 6.023782583852721e-10, 4.32517327508819e-10, 3.904083445416262e-10, 2.775087937223475e-10, 2.2182550241112153e-10, 1.6794678148190911e-10, 1.7692319831397185e-10, 1.3520544406286916e-10, 1.3889289718349573e-10, 1.0669525679629643e-10, 7.319498479541053e-11, 6.992641882197503e-11, 7.355537706699167e-11, 6.841414240676968e-11, 5.826432392108671e-11, 5.002988995306268e-11, 3.979990989555482e-11, 3.6894792776465124e-11, 3.587067448629355e-11, 2.8237308324907673e-11, 2.671843649104666e-11, 2.371647322974013e-11, 2.3571339324846008e-11, 2.1391968058059874e-11, 1.8553724528969084e-11, 1.5921262572216044e-11, 1.5605716371935863e-11, 1.7166885968311618e-11, 1.6124688390073416e-11, 1.5038612716233857e-11, 1.4176848063540692e-11, 1.663607966662095e-11, 1.4052118843532746e-11, 1.2802538543188469e-11, 1.2584461250852996e-11, 1.0720177349987647e-11, 8.759493130838791e-12, 8.270563053858204e-12, 7.312143078530564e-12, 6.587137519470376e-12, 6.407294399907171e-12, 6.0719376575313344e-12, 6.131644671170111e-12, 6.0080625370606544e-12, 6.0934022584613334e-12, 6.163059645958313e-12, 5.637907675437592e-12, 4.976390827193811e-12, 3.986659526805658e-12, 3.2556195152938505e-12, 3.0586971757479153e-12, 2.973034145259401e-12, 2.9292518931300915e-12, 2.8913850480538628e-12, 2.792564356840499e-12, 2.477422130289786e-12, 1.920432996654897e-12, 1.6230655057805632e-12, 1.573945075834804e-12], "lowlevel.melbands128.stdev": [9.771540499059483e-05, 0.003046141006052494, 0.009937477298080921, 0.010478814132511616, 0.008513798005878925, 0.006463097874075174, 0.003547859378159046, 0.0008903553243726492, 0.0004193306958768517, 0.0007206862210296094, 0.0052843173034489155, 0.009843497537076473, 0.003911190666258335, 0.0006576378946192563, 0.00027046591276302934, 0.00016833680274430662, 9.892058733385056e-05, 7.57324742153287e-05, 8.782004442764446e-05, 0.00028275803197175264, 0.00048582415911369026, 0.00014726950030308217, 4.79880218335893e-05, 3.623899829108268e-05, 3.491663665045053e-05, 4.9739002861315385e-05, 0.00019909563707187772, 0.0004863465146627277, 0.00021418787946458906, 9.752067853696644e-05, 5.842066093464382e-05, 4.7452904254896566e-05, 6.908177601872012e-05, 0.00014979262778069824, 6.779365503462031e-05, 2.1903548258705996e-05, 1.5897207049420103e-05, 2.8628795917029493e-05, 2.2298328985925764e-05, 1.046476245392114e-05, 7.4368008426972665e-06, 4.54507744507282e-06, 6.240238690224942e-06, 6.568192929989891e-06, 4.1568373490008526e-06, 2.3452475943486206e-06, 2.616900701468694e-06, 5.131656962475972e-06, 1.994547801587032e-06, 9.811037671170197e-07, 2.390034978816402e-06, 2.030963287324994e-06, 3.0546576113010815e-07, 1.6737327257487777e-07, 1.3248963171008654e-07, 9.483062513027107e-08, 1.2429723028617445e-07, 1.8816501778928796e-07, 7.649819622201903e-08, 2.99236226908306e-08, 1.9288734165456844e-08, 1.6345943265605456e-08, 1.8331167694896067e-08, 1.0343087275543894e-08, 7.21271042891658e-09, 7.888725228610838e-09, 4.816395726692235e-09, 4.53388260268639e-09, 3.841312157248922e-09, 4.133705377995511e-09, 2.322321446257547e-09, 2.29416019514872e-09, 1.4903603906546437e-09, 1.0755034640652639e-09, 8.990402866615455e-10, 8.295362730059708e-10, 6.00443250675653e-10, 6.274691877194982e-10, 4.755713600701483e-10, 4.373986173256128e-10, 4.246644147443135e-10, 4.252194152343236e-10, 3.8811215352652084e-10, 3.0459124111814617e-10, 2.9322272387943826e-10, 2.785355002199452e-10, 2.8830754450481777e-10, 2.997881665134372e-10, 2.3658972003737233e-10, 2.6022628496491507e-10, 2.5146315585367063e-10, 2.8412044938974645e-10, 2.6461915991760065e-10, 2.104796753554794e-10, 1.570797658612122e-10, 1.6556978010839885e-10, 2.464979886873664e-10, 2.1953092121940188e-10, 2.1464673094495623e-10, 1.912584535190831e-10, 2.923666031495742e-10, 2.0235685349589971e-10, 1.7575671473757382e-10, 1.7720223899342358e-10, 1.1950600231624975e-10, 5.5292000145090725e-11, 5.3096031044086445e-11, 3.124871889026437e-11, 1.5235826489323756e-11, 1.3820766579797361e-11, 1.2027713026940834e-11, 1.2491822680427145e-11, 1.2847148692096688e-11, 1.1883776948606872e-11, 1.0126139510235888e-11, 1.1998809931745846e-11, 1.1035130274839045e-11, 9.04992400463378e-12, 5.04336633219693e-12, 4.82069158896925e-12, 4.649118329896895e-12, 4.5553756079785845e-12, 4.425065782548421e-12, 4.314638923919034e-12, 4.237783735039358e-12, 4.1836386785454316e-12, 4.145889794665569e-12, 4.123552194146285e-12], "lowlevel.mfcc.mean": [-1094.987060546875, 170.18487548828125, 65.31431579589844, 24.719196319580078, 17.40270233154297, 13.314875602722168, 7.409922122955322, 1.6301289796829224, -4.079082012176514, -10.576918601989746, -13.6014404296875, -11.864398002624512, -8.515244483947754], "lowlevel.spectral_contrast_coeffs.mean": [-0.570905864238739, -0.8201938271522522, -0.804402768611908, -0.8759346008300781, -0.8970906138420105, -0.9052578806877136], "lowlevel.spectral_contrast_coeffs.stdev": [0.1591152399778366, 0.0932026281952858, 0.12138267606496811, 0.0672842487692833, 0.0398058146238327, 0.03114645928144455], "lowlevel.spectral_contrast_valleys.mean": [-10.124197959899902, -11.11932373046875, -12.139575958251953, -12.983314514160156, -13.522911071777344, -15.087692260742188], "lowlevel.spectral_contrast_valleys.stdev": [2.98142409324646, 2.7348792552948, 2.7018609046936035, 2.183715343475342, 1.237770438194275, 0.8530409932136536], "rhythm.beats_loudness_band_ratio.mean": [0.4011576473712921, 0.551840603351593, 0.04316512122750282, 0.01269552018493414, 0.0001052790685207583, 2.031892336162855e-06], "rhythm.beats_loudness_band_ratio.stdev": [0.41774314641952515, 0.39839938282966614, 0.0582750029861927, 0.018043799325823784, 0.0001769013615557924, 1.0373923942097463e-06], "tonal.hpcp.mean": [0.08963939547538757, 0.042626094073057175, 0.011277676559984684, 0.007003500126302242, 0.00710948184132576, 0.00979529693722725, 0.013478221371769905, 0.032959237694740295, 0.36245933175086975, 0.6582285761833191, 0.40354806184768677, 0.11494852602481842, 0.04324302822351456, 0.019089393317699432, 0.014683683402836323, 0.01049197930842638, 0.008939818479120731, 0.008280656300485134, 0.007019439712166786, 0.006495549343526363, 0.006480645854026079, 0.00773488637059927, 0.019196251407265663, 0.0800127163529396, 0.08642806857824326, 0.02609596960246563, 0.007676383014768362, 0.006578196305781603, 0.007329544983804226, 0.009666175581514835, 0.01907397247850895, 0.020325014367699623, 0.014002553187310696, 0.012391473166644573, 0.017015155404806137, 0.06587778031826019], "tonal.hpcp.stdev": [0.2744937241077423, 0.1455598622560501, 0.08275265991687775, 0.05187743529677391, 0.06040892377495766, 0.07488471269607544, 0.09064330160617828, 0.12328160554170609, 0.33767470717430115, 0.4239765703678131, 0.3384326696395874, 0.25700223445892334, 0.1687292456626892, 0.11019855737686157, 0.09721427410840988, 0.08745354413986206, 0.07255026698112488, 0.07380510121583939, 0.0597691535949707, 0.0548214428126812, 0.053099170327186584, 0.06604110449552536, 0.09319703280925751, 0.24784478545188904, 0.26151615381240845, 0.11597568541765213, 0.06454845517873764, 0.06209336221218109, 0.06348556280136108, 0.06850165128707886, 0.07600320875644684, 0.06926548480987549, 0.07905712723731995, 0.08163335919380188, 0.10421770066022873, 0.20458896458148956], "rhythm.beats_position": [0.4876190423965454, 0.9752380847930908, 1.4628571271896362, 1.9504761695861816, 2.4380950927734375, 2.9257142543792725, 3.4017233848571777, 3.877732276916504, 4.36535120010376, 4.852970600128174, 5.34058952331543, 5.8282084465026855, 6.304217338562012, 6.780226707458496, 7.267845630645752, 7.755464553833008, 8.243083953857422, 8.73070240020752, 9.218321800231934, 9.694331169128418, 10.170339584350586, 10.657958984375, 11.145578384399414, 11.633196830749512, 12.120816230773926, 12.59682559967041, 13.072834014892578, 13.560453414916992, 14.04807186126709, 14.535691261291504, 15.023310661315918, 15.510929107666016, 15.9869384765625, 16.462947845458984, 16.9505672454834, 17.43818473815918, 17.925804138183594, 18.413423538208008, 18.889432907104492, 19.365442276000977, 19.85306167602539, 20.340679168701172, 20.828298568725586, 21.31591796875, 21.791927337646484, 22.26793670654297, 22.75555419921875, 23.243173599243164, 23.730792999267578, 24.218412399291992, 24.694421768188477, 25.17043113708496, 25.658048629760742, 26.145668029785156, 26.63328742980957, 27.109296798706055, 27.58530616760254, 28.072925567626953, 28.560543060302734, 29.04816246032715, 29.535781860351562, 30.023401260375977, 30.51102066040039, 30.987028121948242, 31.463037490844727, 31.95065689086914, 32.43827438354492, 32.92589569091797, 33.41351318359375, 33.889522552490234, 34.36553192138672, 34.8531494140625, 35.34077072143555, 35.82838821411133, 36.316009521484375, 36.79201889038086, 37.268028259277344, 37.755645751953125, 38.243263244628906, 38.73088455200195, 39.218502044677734, 39.70612335205078], "rhythm.bpm_histogram": [0.0, 0.0, 0.0, 0.0, 0.0, 0.0, 0.0, 0.0, 0.0, 0.0, 0.0, 0.0, 0.0, 0.0, 0.0, 0.0, 0.0, 0.0, 0.0, 0.0, 0.0, 0.0, 0.0, 0.0, 0.0, 0.0, 0.0, 0.0, 0.0, 0.0, 0.0, 0.0, 0.0, 0.0, 0.0, 0.0, 0.0, 0.0, 0.0, 0.0, 0.0, 0.0, 0.0, 0.0, 0.0, 0.0, 0.0, 0.0, 0.0, 0.0, 0.0, 0.0, 0.0, 0.0, 0.0, 0.0, 0.0, 0.0, 0.0, 0.0, 0.0, 0.0, 0.0, 0.0, 0.0, 0.0, 0.0, 0.0, 0.0, 0.0, 0.0, 0.0, 0.0, 0.0, 0.0, 0.0, 0.0, 0.0, 0.0, 0.0, 0.0, 0.0, 0.0, 0.0, 0.0, 0.0, 0.0, 0.0, 0.0, 0.0, 0.0, 0.0, 0.0, 0.0, 0.0, 0.0, 0.0, 0.0, 0.0, 0.0, 0.0, 0.0, 0.0, 0.0, 0.0, 0.0, 0.0, 0.0, 0.0, 0.0, 0.0, 0.0, 0.0, 0.0, 0.0, 0.0, 0.0, 0.0, 0.0, 0.0, 0.0, 0.0, 0.0, 0.7037037014961243, 0.0, 0.0, 0.29629629850387573, 0.0, 0.0, 0.0, 0.0, 0.0, 0.0, 0.0, 0.0, 0.0, 0.0, 0.0, 0.0, 0.0, 0.0, 0.0, 0.0, 0.0, 0.0, 0.0, 0.0, 0.0, 0.0, 0.0, 0.0, 0.0, 0.0, 0.0, 0.0, 0.0, 0.0, 0.0, 0.0, 0.0, 0.0, 0.0, 0.0, 0.0, 0.0, 0.0, 0.0, 0.0, 0.0, 0.0, 0.0, 0.0, 0.0, 0.0, 0.0, 0.0, 0.0, 0.0, 0.0, 0.0, 0.0, 0.0, 0.0, 0.0, 0.0, 0.0, 0.0, 0.0, 0.0, 0.0, 0.0, 0.0, 0.0, 0.0, 0.0, 0.0, 0.0, 0.0, 0.0, 0.0, 0.0, 0.0, 0.0, 0.0, 0.0, 0.0, 0.0, 0.0, 0.0, 0.0, 0.0, 0.0, 0.0, 0.0, 0.0, 0.0, 0.0, 0.0, 0.0, 0.0, 0.0, 0.0, 0.0, 0.0, 0.0, 0.0, 0.0, 0.0, 0.0, 0.0, 0.0, 0.0, 0.0, 0.0, 0.0, 0.0, 0.0, 0.0, 0.0, 0.0, 0.0, 0.0, 0.0, 0.0, 0.0, 0.0, 0.0, 0.0, 0.0, 0.0], "tonal.chords_histogram": [11.574073791503906, 0.0, 26.04166603088379, 0.0, 0.0, 0.0, 0.0, 8.564814567565918, 4.861111164093018, 48.95833206176758, 0.0, 0.0, 0.0, 0.0, 0.0, 0.0, 0.0, 0.0, 0.0, 0.0, 0.0, 0.0, 0.0, 0.0], "tonal.thpcp": [1.0, 0.6130819320678711, 0.17463314533233643, 0.06569606810808182, 0.029001161456108093, 0.022307878360152245, 0.01593971997499466, 0.013581632636487484, 0.012580214068293571, 0.010664137080311775, 0.009868227876722813, 0.009845585562288761, 0.011751064099371433, 0.029163504019379616, 0.12155764549970627, 0.1313040405511856, 0.039645757526159286, 0.01166218426078558, 0.009993786923587322, 0.01113525778055191, 0.014685135334730148, 0.028977733105421066, 0.030878353863954544, 0.021273085847496986, 0.018825486302375793, 0.025849919766187668, 0.10008344054222107, 0.1361827701330185, 0.06475879997015, 0.017133373767137527, 0.010639920830726624, 0.010800931602716446, 0.014881299808621407, 0.020476505160331726, 0.05007263273000717, 0.5506587624549866], "lowlevel.gfcc.cov": [[40272.5703125, 19614.728515625, -958.5933837890625, -5426.181640625, 1868.9029541015625, -170.32437133789062, 1927.8900146484375, -1129.94091796875, 948.1221923828125, -1507.7740478515625, 393.8548278808594, -1036.117431640625, 665.904541015625], [19614.728515625, 10682.6982421875, 1117.9783935546875, -2297.185302734375, 1065.4737548828125, -60.75077438354492, 1038.6732177734375, -697.7061157226562, 397.7650451660156, -923.35498046875, 206.2879180908203, -616.7941284179688, 317.88916015625], [-958.5933837890625, 1117.9783935546875, 5238.7470703125, 2794.180908203125, 1724.2947998046875, 792.5509643554688, 800.21533203125, 278.4429016113281, 392.86083984375, -105.0045394897461, 122.21669006347656, -419.8938903808594, -222.30874633789062], [-5426.181640625, -2297.185302734375, 2794.180908203125, 2866.596923828125, 1232.01220703125, 667.442626953125, 328.63885498046875, 532.2581787109375, 320.76068115234375, 313.0611572265625, 34.4008903503418, -143.3745880126953, -298.4651794433594], [1868.9029541015625, 1065.4737548828125, 1724.2947998046875, 1232.01220703125, 1558.949951171875, 795.5202026367188, 836.1129760742188, 423.34295654296875, 584.412109375, 93.45844268798828, 140.675048828125, -299.3634338378906, -173.25576782226562], [-170.32437133789062, -60.75077438354492, 792.5509643554688, 667.442626953125, 795.5202026367188, 636.7205810546875, 574.3555297851562, 365.9953918457031, 341.4107666015625, 140.9980926513672, 100.62184143066406, -103.9616470336914, -118.74797821044922], [1927.8900146484375, 1038.6732177734375, 800.21533203125, 328.63885498046875, 836.1129760742188, 574.3555297851562, 736.409423828125, 321.0396728515625, 402.3970642089844, 28.18033790588379, 121.82839965820312, -172.0628662109375, -66.3158950805664], [-1129.94091796875, -697.7061157226562, 278.4429016113281, 532.2581787109375, 423.34295654296875, 365.9953918457031, 321.0396728515625, 375.031005859375, 269.65350341796875, 179.46304321289062, 43.24637985229492, -25.046497344970703, -75.47096252441406], [948.1221923828125, 397.7650451660156, 392.86083984375, 320.76068115234375, 584.412109375, 341.4107666015625, 402.3970642089844, 269.65350341796875, 346.6700744628906, 104.57354736328125, 78.82251739501953, -102.57402801513672, -46.13023376464844], [-1507.7740478515625, -923.35498046875, -105.0045394897461, 313.0611572265625, 93.45844268798828, 140.9980926513672, 28.18033790588379, 179.46304321289062, 104.57354736328125, 196.05377197265625, 46.80625915527344, 62.671024322509766, -34.5319709777832], [393.8548278808594, 206.2879180908203, 122.21669006347656, 34.4008903503418, 140.675048828125, 100.62184143066406, 121.82839965820312, 43.24637985229492, 78.82251739501953, 46.80625915527344, 87.91938781738281, 20.970504760742188, 20.50441551208496], [-1036.117431640625, -616.7941284179688, -419.8938903808594, -143.3745880126953, -299.3634338378906, -103.9616470336914, -172.0628662109375, -25.046497344970703, -102.57402801513672, 62.671024322509766, 20.970504760742188, 155.67124938964844, 74.40399169921875], [665.904541015625, 317.88916015625, -222.30874633789062, -298.4651794433594, -173.25576782226562, -118.74797821044922, -66.3158950805664, -75.47096252441406, -46.13023376464844, -34.5319709777832, 20.50441551208496, 74.40399169921875, 120.70673370361328]], "lowlevel.gfcc.icov": [[0.0006325916619971395, -0.0011735752923414111, 0.0006668061832897365, -0.00026619239361025393, -0.00044826552039012313, 0.00021893669327255338, -0.00011440771777415648, -7.284766070370097e-06, -0.00011756541789509356, 1.0801888493006118e-05, -0.00014474225463345647, 0.0005268147215247154, -0.0006666886038146913], [-0.0011735752923414111, 0.002965240040794015, -0.001568752690218389, 0.0014739864272996783, -0.00022308257757686079, 0.0005640737363137305, -0.0004290716315153986, 0.0012147955130785704, -0.0005815592594444752, 0.000917108147405088, -0.00040812845691107213, -0.0001454962184652686, 0.0003782180428970605], [0.0006668061832897365, -0.001568752690218389, 0.002437390387058258, -0.003141817869618535, 0.001956694293767214, -0.00261465716175735, 0.0011878609657287598, 0.00010345121700083837, -0.0014271781546995044, 0.004687048960477114, -0.004888284485787153, 0.004534962121397257, -0.00304271187633276], [-0.00026619239361025393, 0.0014739864272996783, -0.003141817869618535, 0.0064725871197879314, -0.0064106350764632225, 0.005400718189775944, -0.0011577621335163713, -0.0024394504725933075, 0.005502492655068636, -0.007954676635563374, 0.006036285776644945, -0.00437952671200037, 0.0032563733402639627], [-0.00044826552039012313, -0.00022308257757686079, 0.001956694293767214, -0.0064106350764632225, 0.012410043738782406, -0.011127028614282608, 0.004533520434051752, 0.0030704187229275703, -0.011516810394823551, 0.010749134235084057, -0.009298914112150669, 0.008026749826967716, -0.0026047416031360626], [0.00021893669327255338, 0.0005640737363137305, -0.00261465716175735, 0.005400718189775944, -0.011127028614282608, 0.024128558114171028, -0.017601091414690018, 0.0003177523030899465, 0.01038328092545271, -0.01763344369828701, 0.015135924331843853, -0.01617162674665451, 0.010460490360856056], [-0.00011440771777415648, -0.0004290716315153986, 0.0011878609657287598, -0.0011577621335163713, 0.004533520434051752, -0.017601091414690018, 0.026254894211888313, -0.014727949164807796, -0.005124298855662346, 0.02159525267779827, -0.025479314848780632, 0.01803259737789631, -0.007073892280459404], [-7.284766070370097e-06, 0.0012147955130785704, 0.00010345121700083837, -0.0024394504725933075, 0.0030704187229275703, 0.0003177523030899465, -0.014727949164807796, 0.03336659446358681, -0.021515460684895515, -0.007269318215548992, 0.02303563803434372, -0.019299441948533058, 0.006171037908643484], [-0.00011756541789509356, -0.0005815592594444752, -0.0014271781546995044, 0.005502492655068636, -0.011516810394823551, 0.01038328092545271, -0.005124298855662346, -0.021515460684895515, 0.046128831803798676, -0.027988433837890625, -0.0027435095980763435, 0.02198617346584797, -0.012890375219285488], [1.0801888493006118e-05, 0.000917108147405088, 0.004687048960477114, -0.007954676635563374, 0.010749134235084057, -0.01763344369828701, 0.02159525267779827, -0.007269318215548992, -0.027988433837890625, 0.059855468571186066, -0.036928508430719376, 0.0012171037960797548, 0.0038390601985156536], [-0.00014474225463345647, -0.00040812845691107213, -0.004888284485787153, 0.006036285776644945, -0.009298914112150669, 0.015135924331843853, -0.025479314848780632, 0.02303563803434372, -0.0027435095980763435, -0.036928508430719376, 0.06853458285331726, -0.045580100268125534, 0.014584534801542759], [0.0005268147215247154, -0.0001454962184652686, 0.004534962121397257, -0.00437952671200037, 0.008026749826967716, -0.01617162674665451, 0.01803259737789631, -0.019299441948533058, 0.02198617346584797, 0.0012171037960797548, -0.045580100268125534, 0.08050606399774551, -0.0446787066757679], [-0.0006666886038146913, 0.0003782180428970605, -0.00304271187633276, 0.0032563733402639627, -0.0026047416031360626, 0.010460490360856056, -0.007073892280459404, 0.006171037908643484, -0.012890375219285488, 0.0038390601985156536, 0.014584534801542759, -0.0446787066757679, 0.04117310792207718]], "lowlevel.mfcc.cov": [[18942.392578125, 14245.392578125, -1364.0965576171875, -3180.0888671875, -1268.850830078125, -429.3180847167969, -223.55052185058594, 27.560192108154297, 188.6702423095703, -196.4120635986328, -415.101806640625, -224.94105529785156, 50.31095886230469], [14245.392578125, 11824.65234375, 590.3049926757812, -1703.0789794921875, -604.469482421875, 49.993343353271484, 196.84681701660156, 297.2850646972656, 293.50054931640625, -64.28836822509766, -274.3148498535156, -137.88369750976562, 53.4437255859375], [-1364.0965576171875, 590.3049926757812, 2997.1328125, 2111.63134765625, 1172.4305419921875, 921.2305297851562, 794.6455078125, 589.8681640625, 373.5807189941406, 301.45892333984375, 240.5077667236328, 156.29763793945312, 64.79727935791016], [-3180.0888671875, -1703.0789794921875, 2111.63134765625, 2633.84375, 1681.0640869140625, 1031.6680908203125, 758.4033813476562, 564.9541625976562, 444.8067321777344, 469.0007629394531, 444.2301330566406, 282.5792236328125, 120.98484802246094], [-1268.850830078125, -604.469482421875, 1172.4305419921875, 1681.0640869140625, 1328.7796630859375, 855.330810546875, 587.710205078125, 466.96551513671875, 422.446044921875, 434.19061279296875, 396.29425048828125, 279.6073303222656, 164.16921997070312], [-429.3180847167969, 49.993343353271484, 921.2305297851562, 1031.6680908203125, 855.330810546875, 698.437255859375, 540.554443359375, 416.1099853515625, 352.241455078125, 337.6772766113281, 309.5846252441406, 245.3692169189453, 170.97483825683594], [-223.55052185058594, 196.84681701660156, 794.6455078125, 758.4033813476562, 587.710205078125, 540.554443359375, 503.70391845703125, 404.4661560058594, 316.6387023925781, 285.6129455566406, 260.8971252441406, 216.18296813964844, 158.03756713867188], [27.560192108154297, 297.2850646972656, 589.8681640625, 564.9541625976562, 466.96551513671875, 416.1099853515625, 404.4661560058594, 379.5238342285156, 328.29998779296875, 283.03802490234375, 240.03309631347656, 195.57615661621094, 148.9705047607422], [188.6702423095703, 293.50054931640625, 373.5807189941406, 444.8067321777344, 422.446044921875, 352.241455078125, 316.6387023925781, 328.29998779296875, 339.8738708496094, 308.10125732421875, 248.92601013183594, 191.40452575683594, 145.40451049804688], [-196.4120635986328, -64.28836822509766, 301.45892333984375, 469.0007629394531, 434.19061279296875, 337.6772766113281, 285.6129455566406, 283.03802490234375, 308.10125732421875, 321.81036376953125, 279.7222595214844, 204.55831909179688, 143.18954467773438], [-415.101806640625, -274.3148498535156, 240.5077667236328, 444.2301330566406, 396.29425048828125, 309.5846252441406, 260.8971252441406, 240.03309631347656, 248.92601013183594, 279.7222595214844, 273.7665710449219, 210.755126953125, 141.74307250976562], [-224.94105529785156, -137.88369750976562, 156.29763793945312, 282.5792236328125, 279.6073303222656, 245.3692169189453, 216.18296813964844, 195.57615661621094, 191.40452575683594, 204.55831909179688, 210.755126953125, 190.67251586914062, 143.78163146972656], [50.31095886230469, 53.4437255859375, 64.79727935791016, 120.98484802246094, 164.16921997070312, 170.97483825683594, 158.03756713867188, 148.9705047607422, 145.40451049804688, 143.18954467773438, 141.74307250976562, 143.78163146972656, 133.2642822265625]], "lowlevel.mfcc.icov": [[0.02336720936000347, -0.033271674066782, 0.03357822075486183, -0.034263841807842255, 0.03478223830461502, -0.036168698221445084, 0.03928382694721222, -0.040953267365694046, 0.04062582179903984, -0.03397546336054802, 0.021671002730727196, -0.01001583319157362, 0.001985292648896575], [-0.033271674066782, 0.04766422510147095, -0.04850685968995094, 0.05035419017076492, -0.05152062699198723, 0.05366245284676552, -0.05894472450017929, 0.06220303475856781, -0.06291349232196808, 0.05322374030947685, -0.03447488695383072, 0.01692505180835724, -0.003829095745459199], [0.03357822075486183, -0.04850685968995094, 0.05179242044687271, -0.05565209686756134, 0.05893639102578163, -0.06276597827672958, 0.06865950673818588, -0.07568537443876266, 0.07732664048671722, -0.06841728836297989, 0.04868348687887192, -0.02523663640022278, 0.007812097668647766], [-0.034263841807842255, 0.05035419017076492, -0.05565209686756134, 0.0658419132232666, -0.07367587834596634, 0.07809914648532867, -0.08751515299081802, 0.09378889948129654, -0.09657026827335358, 0.08940360695123672, -0.06677229702472687, 0.03706876561045647, -0.010137905366718769], [0.03478223830461502, -0.05152062699198723, 0.05893639102578163, -0.07367587834596634, 0.09220867604017258, -0.10515743494033813, 0.11640288680791855, -0.12195437401533127, 0.12144942581653595, -0.11223159730434418, 0.08230220526456833, -0.04773758351802826, 0.017412127926945686], [-0.036168698221445084, 0.05366245284676552, -0.06276597827672958, 0.07809914648532867, -0.10515743494033813, 0.14071832597255707, -0.16231127083301544, 0.16929470002651215, -0.16092193126678467, 0.13772167265415192, -0.09884975850582123, 0.05735166743397713, -0.02514314092695713], [0.03928382694721222, -0.05894472450017929, 0.06865950673818588, -0.08751515299081802, 0.11640288680791855, -0.16231127083301544, 0.22027431428432465, -0.24482053518295288, 0.22565004229545593, -0.18085196614265442, 0.12510047852993011, -0.0766679048538208, 0.02994469553232193], [-0.040953267365694046, 0.06220303475856781, -0.07568537443876266, 0.09378889948129654, -0.12195437401533127, 0.16929470002651215, -0.24482053518295288, 0.31855514645576477, -0.3154458701610565, 0.25721654295921326, -0.17888972163200378, 0.10216714441776276, -0.042712874710559845], [0.04062582179903984, -0.06291349232196808, 0.07732664048671722, -0.09657026827335358, 0.12144942581653595, -0.16092193126678467, 0.22565004229545593, -0.3154458701610565, 0.3815966844558716, -0.36217933893203735, 0.2651054263114929, -0.14870712161064148, 0.05310196802020073], [-0.03397546336054802, 0.05322374030947685, -0.06841728836297989, 0.08940360695123672, -0.11223159730434418, 0.13772167265415192, -0.18085196614265442, 0.25721654295921326, -0.36217933893203735, 0.4290645718574524, -0.3637731969356537, 0.2167900651693344, -0.08073996752500534], [0.021671002730727196, -0.03447488695383072, 0.04868348687887192, -0.06677229702472687, 0.08230220526456833, -0.09884975850582123, 0.12510047852993011, -0.17888972163200378, 0.2651054263114929, -0.3637731969356537, 0.3792450726032257, -0.26746973395347595, 0.10645744204521179], [-0.01001583319157362, 0.01692505180835724, -0.02523663640022278, 0.03706876561045647, -0.04773758351802826, 0.05735166743397713, -0.0766679048538208, 0.10216714441776276, -0.14870712161064148, 0.2167900651693344, -0.26746973395347595, 0.2572617530822754, -0.12620915472507477], [0.001985292648896575, -0.003829095745459199, 0.007812097668647766, -0.010137905366718769, 0.017412127926945686, -0.02514314092695713, 0.02994469553232193, -0.042712874710559845, 0.05310196802020073, -0.08073996752500534, 0.10645744204521179, -0.12620915472507477, 0.08849166333675385]], "metadata.audio_properties.analysis.downmix": "mix", "metadata.audio_properties.codec": "mp3", "metadata.audio_properties.md5_encoded": "c003becda9fe9e090f28be3d39fcd911", "metadata.tags.file_name": "1182273778068242526.mp3", "metadata.version.essentia": "2.1-beta6-dev", "metadata.version.essentia_git_sha": "v2.1_beta5-1110-g77a6a954", "metadata.version.extractor": "music 2.0", "tonal.chords_key": "C", "tonal.chords_scale": "major", "tonal.key_edma.key": "F", "tonal.key_edma.scale": "minor", "tonal.key_krumhansl.key": "F", "tonal.key_krumhansl.scale": "minor", "tonal.key_temperley.key": "F", "tonal.key_temperley.scale": "minor", "metadata.tags.encoding": ["Lavf58.45.100"]}, "essentia_models": [{"model_name": "genre_dortmund", "activations": {"alternative": "0.0075382516", "blues": "9.94536e-05", "electronic": "0.8939706", "folkcountry": "8.26617e-05", "funksoulrnb": "0.00041417644", "jazz": "0.008361898", "pop": "0.020513473", "raphiphop": "0.00029202146", "rock": "0.00040463844"}}, {"model_name": "genre_rosamerica", "ac