{"song_id": "1182268834749612083", "download": "https://cdn.discordapp.com/attachments/1128313332273782784/1182268834749612083/chirp.mp4?ex=658414a7&amp", "lyrics": "[Chorus]\nNari vindzan\u00e9 (ri vindzan\u00e9), rissi soukouman\u00e9 (ch\u00e9riy\u00e9)\nMch\u00e9wangou (waw\u00e9 wangou) nari vindzan\u00e9 (za kw\u00e9li)\nRi vindzan\u00e9, ri paran\u00e9 (mch\u00e9wangou ri vindzan\u00e9 eh-eh-eh)\nZa kw\u00e9li ri paran\u00e9 (ri paran\u00e9), wami na waw\u00e9 (ri vindzan\u00e9)", "style": ["sertanejo"], "essentia_features": {"lowlevel.average_loudness": 0.9327945709228516, "lowlevel.barkbands_crest.mean": 10.382843017578125, "lowlevel.barkbands_crest.stdev": 3.43203067779541, "lowlevel.barkbands_flatness_db.mean": 0.18459530174732208, "lowlevel.barkbands_flatness_db.stdev": 0.04906698688864708, "lowlevel.barkbands_kurtosis.mean": 3.300171375274658, "lowlevel.barkbands_kurtosis.stdev": 3.442366361618042, "lowlevel.barkbands_skewness.mean": 1.3330886363983154, "lowlevel.barkbands_skewness.stdev": 0.7900673151016235, "lowlevel.barkbands_spread.mean": 11.084478378295898, "lowlevel.barkbands_spread.stdev": 5.775047302246094, "lowlevel.dissonance.mean": 0.45200398564338684, "lowlevel.dissonance.stdev": 0.03028266131877899, "lowlevel.dynamic_complexity": 2.7776715755462646, "lowlevel.erbbands_crest.mean": 10.421067237854004, "lowlevel.erbbands_crest.stdev": 4.05637264251709, "lowlevel.erbbands_flatness_db.mean": 0.23560351133346558, "lowlevel.erbbands_flatness_db.stdev": 0.06443776935338974, "lowlevel.erbbands_kurtosis.mean": 1.0109847784042358, "lowlevel.erbbands_kurtosis.stdev": 1.9958504438400269, "lowlevel.erbbands_skewness.mean": 0.9010419845581055, "lowlevel.erbbands_skewness.stdev": 0.5586419105529785, "lowlevel.erbbands_spread.mean": 21.63301658630371, "lowlevel.erbbands_spread.stdev": 10.783233642578125, "lowlevel.hfc.mean": 15.174493789672852, "lowlevel.hfc.stdev": 11.325976371765137, "lowlevel.loudness_ebu128.integrated": -16.95318603515625, "lowlevel.loudness_ebu128.loudness_range": 2.807493209838867, "lowlevel.loudness_ebu128.momentary.mean": -17.67459487915039, "lowlevel.loudness_ebu128.momentary.stdev": 2.6826364994049072, "lowlevel.loudness_ebu128.short_term.mean": -16.952001571655273, "lowlevel.loudness_ebu128.short_term.stdev": 0.973045289516449, "lowlevel.melbands_crest.mean": 13.429692268371582, "lowlevel.melbands_crest.stdev": 4.2616167068481445, "lowlevel.melbands_flatness_db.mean": 0.21640658378601074, "lowlevel.melbands_flatness_db.stdev": 0.042338281869888306, "lowlevel.melbands_kurtosis.mean": 6.550185680389404, "lowlevel.melbands_kurtosis.stdev": 5.808598518371582, "lowlevel.melbands_skewness.mean": 1.7041376829147339, "lowlevel.melbands_skewness.stdev": 0.9183990955352783, "lowlevel.melbands_spread.mean": 14.182716369628906, "lowlevel.melbands_spread.stdev": 6.206541538238525, "lowlevel.pitch_salience.mean": 0.5872365236282349, "lowlevel.pitch_salience.stdev": 0.09919870644807816, "lowlevel.silence_rate_20dB.mean": 1.0, "lowlevel.silence_rate_20dB.stdev": 0.0, "lowlevel.silence_rate_30dB.mean": 1.0, "lowlevel.silence_rate_30dB.stdev": 0.0, "lowlevel.silence_rate_60dB.mean": 0.033117931336164474, "lowlevel.silence_rate_60dB.stdev": 0.17894625663757324, "lowlevel.spectral_centroid.mean": 963.5248413085938, "lowlevel.spectral_centroid.stdev": 403.2443542480469, "lowlevel.spectral_complexity.mean": 17.09612274169922, "lowlevel.spectral_complexity.stdev": 5.032811641693115, "lowlevel.spectral_decrease.mean": -5.583282725041272e-09, "lowlevel.spectral_decrease.stdev": 4.409173470776295e-09, "lowlevel.spectral_energy.mean": 0.022448960691690445, "lowlevel.spectral_energy.stdev": 0.017537757754325867, "lowlevel.spectral_energyband_high.mean": 0.00016782891179900616, "lowlevel.spectral_energyband_high.stdev": 0.00024051494256127626, "lowlevel.spectral_energyband_low.mean": 0.002472148509696126, "lowlevel.spectral_energyband_low.stdev": 0.006213481537997723, "lowlevel.spectral_energyband_middle_high.mean": 0.004795581568032503, "lowlevel.spectral_energyband_middle_high.stdev": 0.005078163463622332, "lowlevel.spectral_energyband_middle_low.mean": 0.015416901558637619, "lowlevel.spectral_energyband_middle_low.stdev": 0.014370194636285305, "lowlevel.spectral_entropy.mean": 7.330865383148193, "lowlevel.spectral_entropy.stdev": 0.3023296594619751, "lowlevel.spectral_flux.mean": 0.0575987808406353, "lowlevel.spectral_flux.stdev": 0.033916521817445755, "lowlevel.spectral_kurtosis.mean": 7.708269119262695, "lowlevel.spectral_kurtosis.stdev": 4.139659404754639, "lowlevel.spectral_rms.mean": 0.004345839377492666, "lowlevel.spectral_rms.stdev": 0.001736398320645094, "lowlevel.spectral_rolloff.mean": 1124.23046875, "lowlevel.spectral_rolloff.stdev": 661.9777221679688, "lowlevel.spectral_skewness.mean": 1.9672541618347168, "lowlevel.spectral_skewness.stdev": 0.3604235053062439, "lowlevel.spectral_spread.mean": 3332521.5, "lowlevel.spectral_spread.stdev": 1769205.875, "lowlevel.spectral_strongpeak.mean": 1.4393730163574219, "lowlevel.spectral_strongpeak.stdev": 1.066146731376648, "lowlevel.zerocrossingrate.mean": 0.04776400327682495, "lowlevel.zerocrossingrate.stdev": 0.030029792338609695, "metadata.audio_properties.analysis.equal_loudness": 0.0, "metadata.audio_properties.analysis.length": 28.714649200439453, "metadata.audio_properties.analysis.sample_rate": 44100.0, "metadata.audio_properties.analysis.start_time": 0.0, "metadata.audio_properties.bit_rate": 112067.0, "metadata.audio_properties.length": 28.71466636657715, "metadata.audio_properties.lossless": 0.0, "metadata.audio_properties.number_channels": 1.0, "metadata.audio_properties.replay_gain": -10.915044784545898, "metadata.audio_properties.sample_rate": 48000.0, "rhythm.beats_count": 56.0, "rhythm.beats_loudness.mean": 0.030093077570199966, "rhythm.beats_loudness.stdev": 0.02082587033510208, "rhythm.bpm": 120.39630126953125, "rhythm.bpm_histogram_first_peak_bpm": 120.0, "rhythm.bpm_histogram_first_peak_weight": 0.37777775526046753, "rhythm.bpm_histogram_second_peak_bpm": 115.0, "rhythm.bpm_histogram_second_peak_spread": 0.0, "rhythm.bpm_histogram_second_peak_weight": 0.16363635659217834, "rhythm.danceability": 1.0130383968353271, "rhythm.onset_rate": 2.296875, "tonal.chords_changes_rate": 0.04677419364452362, "tonal.chords_number_rate": 0.012903225608170033, "tonal.chords_strength.mean": 0.4892447590827942, "tonal.chords_strength.stdev": 0.1060793325304985, "tonal.hpcp_crest.mean": 15.071955680847168, "tonal.hpcp_crest.stdev": 5.0062360763549805, "tonal.hpcp_entropy.mean": 1.6146430969238281, "tonal.hpcp_entropy.stdev": 0.516914427280426, "tonal.key_edma.strength": 0.6299280524253845, "tonal.key_krumhansl.strength": 0.6448844075202942, "tonal.key_temperley.strength": 0.6410072445869446, "tonal.tuning_diatonic_strength": 0.46785473823547363, "tonal.tuning_equal_tempered_deviation": 0.029162578284740448, "tonal.tuning_frequency": 441.7826843261719, "tonal.tuning_nontempered_energy_ratio": 0.6053768396377563, "lowlevel.barkbands.mean": [3.787877631111769e-06, 0.0011619137367233634, 0.0010824182536453009, 0.0005742661305703223, 0.0017434017499908805, 0.002660317812114954, 0.002660169964656234, 0.005759993102401495, 0.0016376342391595244, 0.0006535010179504752, 0.0009993913117796183, 0.001292731729336083, 0.0006483891047537327, 0.0003800797858275473, 0.00029966820147819817, 0.0003658071509562433, 0.00017123589350376278, 9.824959852267057e-05, 6.654341268585995e-05, 4.659832484321669e-05, 3.467587157501839e-05, 2.7430200134404004e-05, 2.0480687453527935e-05, 2.2711528799845837e-05, 3.306320286355913e-05, 4.500521299632965e-06, 3.1570795755442305e-08], "lowlevel.barkbands.stdev": [1.1142871699121315e-05, 0.004489958751946688, 0.002458600327372551, 0.0016719716368243098, 0.004106118343770504, 0.0051424563862383366, 0.004041398875415325, 0.007497320882976055, 0.0036895719822496176, 0.001987338764593005, 0.001942344824783504, 0.002266201889142394, 0.0012545381905511022, 0.0008117800462059677, 0.0002562395529821515, 0.0003518929588608444, 0.00015888914640527219, 8.401806553592905e-05, 4.799235466634855e-05, 3.9844162529334426e-05, 4.524709947872907e-05, 4.341442763688974e-05, 3.6847381124971434e-05, 5.116953980177641e-05, 9.430168574908748e-05, 1.46226811921224e-05, 2.0266088540665805e-07], "lowlevel.erbbands.mean": [0.009896744042634964, 0.3407689332962036, 1.2539372444152832, 1.5795838832855225, 4.139219760894775, 6.085377216339111, 7.884389400482178, 25.254837036132812, 41.31869888305664, 85.66182708740234, 99.99213409423828, 37.012657165527344, 22.932689666748047, 26.949121475219727, 38.671485900878906, 54.31977081298828, 34.33884811401367, 26.266496658325195, 12.806358337402344, 19.91693687438965, 17.086008071899414, 10.015005111694336, 6.143776893615723, 4.172365665435791, 2.7323806285858154, 2.229306221008301, 1.6930351257324219, 1.1989872455596924, 1.0427665710449219, 0.7308134436607361, 0.5596365928649902, 0.42806246876716614, 0.4397543966770172, 0.4596461057662964, 0.1690903753042221, 0.03843044489622116, 0.0037820786237716675, 0.0002585846814326942, 2.024122113652993e-05, 2.6884439648711123e-05], "lowlevel.erbbands.stdev": [0.043248940259218216, 1.243675947189331, 2.785949945449829, 4.13688325881958, 11.056360244750977, 17.07313346862793, 22.222949981689453, 53.64720153808594, 61.93648147583008, 104.92211151123047, 171.48947143554688, 73.88336181640625, 78.33793640136719, 87.23638916015625, 44.42749786376953, 89.27088928222656, 55.84505844116211, 55.706886291503906, 11.967018127441406, 15.533437728881836, 14.892386436462402, 8.8023681640625, 5.250329971313477, 2.9973154067993164, 2.0593271255493164, 1.9183642864227295, 1.929456114768982, 1.6391375064849854, 1.644609808921814, 1.309316635131836, 1.0175076723098755, 0.9546192288398743, 1.0447242259979248, 1.2837131023406982, 0.49795976281166077, 0.11736904084682465, 0.01394075620919466, 0.0010884515941143036, 3.225088585168123e-05, 2.022566695814021e-05], "lowlevel.gfcc.mean": [-47.454307556152344, 113.20671081542969, -169.13645935058594, 2.377150535583496, -74.11780548095703, 7.174410343170166, -42.18601608276367, 7.757165431976318, -13.03360652923584, 2.44455885887146, -3.5807344913482666, -10.95565128326416, -9.222976684570312], "lowlevel.melbands.mean": [0.00020674111146945506, 0.0005962142604403198, 0.00035497022327035666, 0.0003768721653614193, 0.0002703097416087985, 0.0005931886262260377, 0.0006072034011594951, 0.0010282874573022127, 0.0007807003566995263, 0.00019442621851339936, 0.00010583603580016643, 9.778596722753718e-05, 0.0001164820059784688, 0.0001281935692531988, 0.0001327392819803208, 6.279383524088189e-05, 4.5830136514268816e-05, 1.84671825991245e-05, 2.2272193746175617e-05, 3.06726542476099e-05, 1.711722325126175e-05, 1.0521604053792544e-05, 7.331486358452821e-06, 4.179118604952237e-06, 3.3586493373150006e-06, 2.1534881398110883e-06, 1.6427400169050088e-06, 1.4578189393432694e-06, 1.1111491176052368e-06, 8.289953825624252e-07, 6.508635124191642e-07, 6.306928526100819e-07, 4.619685682882846e-07, 3.8966024362707685e-07, 3.3364574392180657e-07, 2.720944394241087e-07, 2.5758831156963424e-07, 2.9155938818803406e-07, 3.654024567367742e-07, 3.988607204519212e-07], "lowlevel.melbands.stdev": [0.0008407976711168885, 0.0014738132013007998, 0.0007776317070238292, 0.0009114413987845182, 0.0007326765335164964, 0.0011580608552321792, 0.0008959552505984902, 0.0012581251794472337, 0.0014394150348380208, 0.00043892732355743647, 0.00038644694723188877, 0.0003273982147220522, 0.00015561132750008255, 0.00017461729294154793, 0.00028714968357235193, 0.00014204511535353959, 0.0001006788297672756, 1.7415166439604945e-05, 1.8608438040246256e-05, 2.9923365218564868e-05, 1.50010118886712e-05, 1.0250375453324523e-05, 6.879495686007431e-06, 3.4612985473359004e-06, 2.5957247089536395e-06, 1.70574219282571e-06, 1.308512423747743e-06, 1.3859889804734848e-06, 1.2167035947641125e-06, 1.2137780913690221e-06, 9.271087719753268e-07, 9.929802899932838e-07, 8.559796356166771e-07, 7.123500722627796e-07, 6.121632054600923e-07, 5.272103749121015e-07, 6.332672910502879e-07, 7.167708986344223e-07, 9.290968705499836e-07, 1.1647339306364302e-06], "lowlevel.melbands128.mean": [1.8626150222189608e-06, 1.1293168427073397e-05, 0.00022137793712317944, 0.0007037480245344341, 0.000716273847501725, 0.0004957971395924687, 0.00027992698596790433, 0.00032249934156425297, 0.00044783440534956753, 0.0003951636317651719, 0.0003408777411095798, 0.00025877240113914013, 0.0002562263107392937, 0.00025846975040622056, 0.000445077836047858, 0.0008970816852524877, 0.0008940646657720208, 0.0003946277138311416, 0.0005093195359222591, 0.000972541281953454, 0.0014765601372346282, 0.0006140230689197779, 0.0010121737141162157, 0.0004824306524824351, 0.00012325910211075097, 0.00015623736544512212, 7.774469122523442e-05, 0.00016079760098364204, 5.317694740369916e-05, 4.5579356083180755e-05, 0.00016601136303506792, 0.00010428642417537048, 6.597204628633335e-05, 0.00019765508477576077, 8.060001709964126e-05, 0.00011624068429227918, 0.00017094680515583605, 0.00019135836919303983, 5.5201322538778186e-05, 5.828534995089285e-05, 7.0214293373283e-05, 6.0800870414823294e-05, 5.029603198636323e-05, 4.145709681324661e-05, 1.380436424369691e-05, 1.5626743333996274e-05, 2.110117748088669e-05, 1.7959007891477086e-05, 2.4338187358807772e-05, 3.0169860110618174e-05, 3.3171534596476704e-05, 3.3000458643073216e-05, 1.5558443919871934e-05, 1.3051478163106367e-05, 1.1087114216934424e-05, 1.0728633242251817e-05, 9.890041837934405e-06, 8.00045017967932e-06, 6.717557425872656e-06, 5.3462367759493645e-06, 3.880345047946321e-06, 3.352669182277168e-06, 3.903396645910107e-06, 3.403177515792777e-06, 2.2879999050928745e-06, 2.278071633554646e-06, 1.9645940483314916e-06, 1.65855612976884e-06, 1.6631207699902006e-06, 1.5090839724507532e-06, 1.4628813005401753e-06, 1.43848842526495e-06, 1.2189227618364384e-06, 1.0665796708053676e-06, 9.64475589171343e-07, 9.342901421405259e-07, 6.980353077779e-07, 6.69188864321768e-07, 6.39168774796417e-07, 6.247788064683846e-07, 7.241900448207161e-07, 5.922369155086926e-07, 5.080925120637403e-07, 4.711380370281404e-07, 4.0595719497105165e-07, 3.7191301771599683e-07, 3.9038030763549614e-07, 4.0244086108032207e-07, 3.2477325362378906e-07, 2.9036692694717203e-07, 3.002561754783528e-07, 2.557596303631726e-07, 2.483568266598013e-07, 2.3596017229010613e-07, 2.8530106988000625e-07, 2.852802651887032e-07, 3.1073432182893157e-07, 2.710098669922445e-07, 3.3484602113276196e-07, 4.1768990399759787e-07, 4.6858329483256966e-07, 3.641680450527929e-07, 3.816711853232846e-07, 2.6824784526979784e-07, 1.6517290646334004e-07, 1.0884602374972019e-07, 1.0205089751025298e-07, 1.1789133935735663e-07, 5.638598565838038e-08, 2.613295002618088e-08, 1.8493400588681652e-08, 1.2239693703008925e-08, 8.923085381695728e-09, 4.435801059798905e-09, 2.2705703983660896e-09, 1.891597545267132e-09, 1.25892629654345e-09, 1.8245260857696621e-10, 3.817475415640592e-12, 3.71596330095425e-12, 3.6227815452399836e-12, 3.5438275577948097e-12, 3.47863513168456e-12, 3.414998752532261e-12, 3.3286990785280635e-12, 3.2240291165941404e-12, 3.160285184586331e-12, 3.1379100706718788e-12], "lowlevel.melbands128.stdev": [5.76672209717799e-06, 6.567625678144395e-05, 0.001080589834600687, 0.0026306677609682083, 0.0018053522799164057, 0.0012273347238078713, 0.0009615833405405283, 0.0009603083017282188, 0.001374927000142634, 0.0011589794885367155, 0.0011865658452734351, 0.0010083653032779694, 0.000982524361461401, 0.0008079633698798716, 0.0015652788570150733, 0.001810832996852696, 0.0016707329778000712, 0.0008876265492290258, 0.0011721714399755, 0.001475723460316658, 0.00200486253015697, 0.0012553397100418806, 0.0024814102798700333, 0.0013253375655040145, 0.00036789843579754233, 0.0006817514076828957, 0.00034163586678914726, 0.0007102271192707121, 0.0001898800110211596, 0.00010133182513527572, 0.0007341900491155684, 0.000319998012855649, 9.677193156676367e-05, 0.0002905701694544405, 0.0001260494173038751, 0.00029179625562392175, 0.0002996654948219657, 0.0006072436226531863, 9.952334949048236e-05, 0.00016563906683586538, 0.00020880541705992073, 0.00023009517462924123, 0.00017074111383408308, 6.754091737093404e-05, 2.060308906948194e-05, 1.7409476640750654e-05, 3.800167905865237e-05, 2.266792580485344e-05, 2.5726581952767447e-05, 3.236228440073319e-05, 4.6463141188723966e-05, 4.3413732782937586e-05, 1.8584958525025286e-05, 1.4755476513528265e-05, 1.4711280527990311e-05, 1.5285486369975843e-05, 1.139783580583753e-05, 1.0080127140099648e-05, 7.846770131436642e-06, 6.841932190582156e-06, 3.966506028518779e-06, 3.2116565762407845e-06, 4.015929334855173e-06, 3.1625336305296514e-06, 2.2758338218409335e-06, 2.1481428120750934e-06, 2.057993924609036e-06, 1.726673303892312e-06, 1.5178416106209625e-06, 1.5478470913876663e-06, 1.7902798390423413e-06, 1.783584934855753e-06, 1.6009328192012617e-06, 1.3202402442402672e-06, 1.5311218248825753e-06, 1.7209346196978004e-06, 1.1515745654833154e-06, 1.049020738719264e-06, 1.0422642162666307e-06, 9.739575261846767e-07, 1.202722046400595e-06, 1.1123220247100107e-06, 1.016903638628719e-06, 9.658034514359315e-07, 7.891936775195063e-07, 7.346684469666798e-07, 7.363008194261056e-07, 8.072269679360033e-07, 6.333964961413585e-07, 5.822740831717965e-07, 5.880056619389507e-07, 4.981838515050185e-07, 6.096649940445786e-07, 6.399616268026875e-07, 7.844278684387973e-07, 7.605349878758716e-07, 8.474686978843238e-07, 6.313933340607036e-07, 8.457425906271965e-07, 1.1833094504254404e-06, 1.4030778174856096e-06, 1.1020575811926392e-06, 1.2915025990878348e-06, 8.818027481538593e-07, 5.081070639789687e-07, 3.123102203517192e-07, 3.1861983984526887e-07, 3.8417894643316686e-07, 1.858782496810818e-07, 9.436599412993019e-08, 8.331455347843075e-08, 5.7576649226120935e-08, 4.174814094426438e-08, 2.3632376056070825e-08, 1.0359336499732308e-08, 1.1649144759928731e-08, 7.614320729487645e-09, 1.5491353755336945e-09, 6.3046221888962695e-12, 6.139726747844687e-12, 5.99149852995029e-12, 5.8586208800948114e-12, 5.74203011527441e-12, 5.64271199210431e-12, 5.56173640128832e-12, 5.496031581231353e-12, 5.4479814756702716e-12, 5.418550157176849e-12], "lowlevel.mfcc.mean": [-671.4467163085938, 140.59622192382812, -38.42241668701172, -7.218043804168701, -12.343939781188965, -8.996005058288574, -11.535006523132324, -5.6954345703125, -4.683049201965332, -0.3466770350933075, 2.2633585929870605, 10.042609214782715, 9.986454963684082], "lowlevel.spectral_contrast_coeffs.mean": [-0.6871621608734131, -0.6729586720466614, -0.7604255080223083, -0.7987084984779358, -0.8097447156906128, -0.767923891544342], "lowlevel.spectral_contrast_coeffs.stdev": [0.08856693655252457, 0.07151840627193451, 0.05462468042969704, 0.037660688161849976, 0.022725986316800117, 0.03870812803506851], "lowlevel.spectral_contrast_valleys.mean": [-8.04671859741211, -6.6055402755737305, -7.016275882720947, -7.25198221206665, -7.789942741394043, -11.073009490966797], "lowlevel.spectral_contrast_valleys.stdev": [1.4456862211227417, 1.1133331060409546, 0.7611172199249268, 0.7034024000167847, 0.6869887113571167, 1.1564857959747314], "rhythm.beats_loudness_band_ratio.mean": [0.11831220239400864, 0.22169555723667145, 0.45812174677848816, 0.19803738594055176, 0.06308754533529282, 0.010507263243198395], "rhythm.beats_loudness_band_ratio.stdev": [0.16295723617076874, 0.2019367665052414, 0.22131051123142242, 0.18292374908924103, 0.036530476063489914, 0.008461001329123974], "tonal.hpcp.mean": [0.04411725327372551, 0.043023671954870224, 0.1638583540916443, 0.23861359059810638, 0.11776504665613174, 0.04901569336652756, 0.04525713995099068, 0.04441528022289276, 0.32800185680389404, 0.5836879014968872, 0.3149043321609497, 0.06590785086154938, 0.06121710315346718, 0.0540769100189209, 0.14963342249393463, 0.23275533318519592, 0.15278609097003937, 0.1932273805141449, 0.25557348132133484, 0.12432311475276947, 0.03719302639365196, 0.03473538160324097, 0.04424348473548889, 0.16479933261871338, 0.22277137637138367, 0.11280202865600586, 0.053010985255241394, 0.03940865769982338, 0.03379426151514053, 0.1652839481830597, 0.2720094919204712, 0.15751786530017853, 0.08249878138303757, 0.08576636016368866, 0.04382112994790077, 0.03309648856520653], "tonal.hpcp.stdev": [0.13642121851444244, 0.1130358949303627, 0.23980377614498138, 0.33715641498565674, 0.1856028139591217, 0.11294622719287872, 0.09679461270570755, 0.11447195708751678, 0.22643333673477173, 0.3751359283924103, 0.2236241102218628, 0.165939599275589, 0.15867185592651367, 0.14301978051662445, 0.20250637829303741, 0.29996612668037415, 0.1999329924583435, 0.2509101331233978, 0.30236977338790894, 0.169871985912323, 0.07126212120056152, 0.08870881795883179, 0.11015740782022476, 0.22135309875011444, 0.29178377985954285, 0.19162528216838837, 0.14737388491630554, 0.11944030225276947, 0.09336743503808975, 0.2128976434469223, 0.3246842324733734, 0.20347243547439575, 0.1940162032842636, 0.19819170236587524, 0.10897044837474823, 0.0828598216176033], "rhythm.beats_position": [0.5108389854431152, 1.0216779708862305, 1.5441269874572754, 2.0665760040283203, 2.589024782180786, 3.111473798751831, 3.633922815322876, 4.156371593475342, 4.667210578918457, 5.189659595489502, 5.712108612060547, 6.234557628631592, 6.733786582946777, 7.233015537261963, 7.732244968414307, 8.219863891601562, 8.707483291625977, 9.206711769104004, 9.694331169128418, 10.193559646606445, 10.692789077758789, 11.192017555236816, 11.69124698638916, 12.190476417541504, 12.678094863891602, 13.165714263916016, 13.664942741394043, 14.164172172546387, 14.6517915725708, 15.151020050048828, 15.650249481201172, 16.149478912353516, 16.660316467285156, 17.17115592956543, 17.670385360717773, 18.181224822998047, 18.680452346801758, 19.1796817779541, 19.667301177978516, 20.15492057800293, 20.654150009155273, 21.130157470703125, 21.62938690185547, 22.128616333007812, 22.616235733032227, 23.11546516418457, 23.61469268798828, 24.125532150268555, 24.6247615814209, 25.123991012573242, 25.611610412597656, 26.110837936401367, 26.61006736755371, 27.109296798706055, 27.6085262298584, 28.11936378479004], "rhythm.bpm_histogram": [0.0, 0.0, 0.0, 0.0, 0.0, 0.0, 0.0, 0.0, 0.0, 0.0, 0.0, 0.0, 0.0, 0.0, 0.0, 0.0, 0.0, 0.0, 0.0, 0.0, 0.0, 0.0, 0.0, 0.0, 0.0, 0.0, 0.0, 0.0, 0.0, 0.0, 0.0, 0.0, 0.0, 0.0, 0.0, 0.0, 0.0, 0.0, 0.0, 0.0, 0.0, 0.0, 0.0, 0.0, 0.0, 0.0, 0.0, 0.0, 0.0, 0.0, 0.0, 0.0, 0.0, 0.0, 0.0, 0.0, 0.0, 0.0, 0.0, 0.0, 0.0, 0.0, 0.0, 0.0, 0.0, 0.0, 0.0, 0.0, 0.0, 0.0, 0.0, 0.0, 0.0, 0.0, 0.0, 0.0, 0.0, 0.0, 0.0, 0.0, 0.0, 0.0, 0.0, 0.0, 0.0, 0.0, 0.0, 0.0, 0.0, 0.0, 0.0, 0.0, 0.0, 0.0, 0.0, 0.0, 0.0, 0.0, 0.0, 0.0, 0.0, 0.0, 0.0, 0.0, 0.0, 0.0, 0.0, 0.0, 0.0, 0.0, 0.0, 0.0, 0.0, 0.0, 0.0, 0.16363635659217834, 0.0, 0.12727272510528564, 0.0, 0.0, 0.5090909004211426, 0.0, 0.0, 0.1818181872367859, 0.0, 0.0, 0.0181818176060915, 0.0, 0.0, 0.0, 0.0, 0.0, 0.0, 0.0, 0.0, 0.0, 0.0, 0.0, 0.0, 0.0, 0.0, 0.0, 0.0, 0.0, 0.0, 0.0, 0.0, 0.0, 0.0, 0.0, 0.0, 0.0, 0.0, 0.0, 0.0, 0.0, 0.0, 0.0, 0.0, 0.0, 0.0, 0.0, 0.0, 0.0, 0.0, 0.0, 0.0, 0.0, 0.0, 0.0, 0.0, 0.0, 0.0, 0.0, 0.0, 0.0, 0.0, 0.0, 0.0, 0.0, 0.0, 0.0, 0.0, 0.0, 0.0, 0.0, 0.0, 0.0, 0.0, 0.0, 0.0, 0.0, 0.0, 0.0, 0.0, 0.0, 0.0, 0.0, 0.0, 0.0, 0.0, 0.0, 0.0, 0.0, 0.0, 0.0, 0.0, 0.0, 0.0, 0.0, 0.0, 0.0, 0.0, 0.0, 0.0, 0.0, 0.0, 0.0, 0.0, 0.0, 0.0, 0.0, 0.0, 0.0, 0.0, 0.0, 0.0, 0.0, 0.0, 0.0, 0.0, 0.0, 0.0, 0.0, 0.0, 0.0, 0.0, 0.0, 0.0, 0.0, 0.0, 0.0, 0.0, 0.0, 0.0, 0.0, 0.0, 0.0, 0.0, 0.0], "tonal.chords_histogram": [47.41935348510742, 2.4193549156188965, 5.806451797485352, 11.129032135009766, 0.0, 9.516129493713379, 0.0, 1.9354838132858276, 0.0, 0.0, 0.8064516186714172, 0.0, 0.0, 0.0, 0.0, 0.0, 0.0, 0.0, 0.0, 0.0, 0.0, 0.0, 18.70967674255371, 2.2580645084381104], "tonal.thpcp": [1.0, 0.539508044719696, 0.1129162535071373, 0.10487985610961914, 0.09264696389436722, 0.25635862350463867, 0.39876675605773926, 0.2617599070072174, 0.3310457170009613, 0.43785983324050903, 0.21299587190151215, 0.06372074037790298, 0.05951019749045372, 0.07579989731311798, 0.28234153985977173, 0.3816618025302887, 0.1932574361562729, 0.09082077443599701, 0.06751666218042374, 0.05789782851934433, 0.28317180275917053, 0.4660187363624573, 0.26986658573150635, 0.14134056866168976, 0.1469387263059616, 0.07507630437612534, 0.056702371686697006, 0.07558363676071167, 0.07371006160974503, 0.28072941303253174, 0.40880337357521057, 0.20176030695438385, 0.08397585898637772, 0.07753653824329376, 0.07609422504901886, 0.5619473457336426], "lowlevel.gfcc.cov": [[5174.01513671875, 1000.2050170898438, 1976.9525146484375, 642.9299926757812, -346.348876953125, -11.482272148132324, -745.9317626953125, -31.25965690612793, -103.97811126708984, 140.18289184570312, -352.4886779785156, -84.93623352050781, -187.3032684326172], [1000.2050170898438, 1726.18212890625, 642.896240234375, 300.37310791015625, 152.9615478515625, -271.07470703125, 48.05009078979492, -14.258156776428223, 336.700927734375, 34.807945251464844, 112.94721221923828, -184.80821228027344, -79.94166564941406], [1976.9525146484375, 642.896240234375, 1796.78271484375, 612.1294555664062, -47.7346076965332, 65.49213409423828, -510.13201904296875, 97.23828125, -56.4916877746582, 169.24798583984375, -236.3951416015625, -13.698445320129395, -173.82302856445312], [642.9299926757812, 300.37310791015625, 612.1294555664062, 342.13336181640625, 64.8526840209961, 57.86241912841797, -138.64613342285156, 35.66687774658203, -10.871581077575684, 48.11494827270508, -64.93865203857422, -11.022504806518555, -60.49166488647461], [-346.348876953125, 152.9615478515625, -47.7346076965332, 64.8526840209961, 234.25921630859375, 89.23780822753906, 192.43087768554688, 77.92878723144531, 85.4842300415039, 29.069547653198242, 60.709625244140625, -0.9155805110931396, -20.30503273010254], [-11.482272148132324, -271.07470703125, 65.49213409423828, 57.86241912841797, 89.23780822753906, 232.11660766601562, 83.11206817626953, 85.85737609863281, -57.598758697509766, 32.5439338684082, -36.83208084106445, 31.758459091186523, -20.768108367919922], [-745.9317626953125, 48.05009078979492, -510.13201904296875, -138.64613342285156, 192.43087768554688, 83.11206817626953, 406.1180419921875, 67.92359161376953, 129.16213989257812, -4.560301303863525, 114.37236022949219, -20.72414779663086, 8.57680892944336], [-31.25965690612793, -14.258156776428223, 97.23828125, 35.66687774658203, 77.92878723144531, 85.85737609863281, 67.92359161376953, 139.23410034179688, 74.51420593261719, 84.8812484741211, 28.96636962890625, 33.03089141845703, -24.995018005371094], [-103.97811126708984, 336.700927734375, -56.4916877746582, -10.871581077575684, 85.4842300415039, -57.598758697509766, 129.16213989257812, 74.51420593261719, 199.80123901367188, 70.01392364501953, 101.50859069824219, -15.851164817810059, -11.380900382995605], [140.18289184570312, 34.807945251464844, 169.24798583984375, 48.11494827270508, 29.069547653198242, 32.5439338684082, -4.560301303863525, 84.8812484741211, 70.01392364501953, 133.09022521972656, 40.49306869506836, 53.04005432128906, -26.154932022094727], [-352.4886779785156, 112.94721221923828, -236.3951416015625, -64.93865203857422, 60.709625244140625, -36.83208084106445, 114.37236022949219, 28.96636962890625, 101.50859069824219, 40.49306869506836, 154.08123779296875, 38.283145904541016, 41.245094299316406], [-84.93623352050781, -184.80821228027344, -13.698445320129395, -11.022504806518555, -0.9155805110931396, 31.758459091186523, -20.72414779663086, 33.03089141845703, -15.851164817810059, 53.04005432128906, 38.283145904541016, 102.25921630859375, 35.90377426147461], [-187.3032684326172, -79.94166564941406, -173.82302856445312, -60.49166488647461, -20.30503273010254, -20.768108367919922, 8.57680892944336, -24.995018005371094, -11.380900382995605, -26.154932022094727, 41.245094299316406, 35.90377426147461, 81.7518539428711]], "lowlevel.gfcc.icov": [[0.0005476067308336496, -0.0008618584834039211, 0.00025516588357277215, -6.164865772007033e-05, 0.0011142106959596276, -0.001411947887390852, 0.0008015704806894064, 9.715502528706565e-05, -8.776319737080485e-05, -0.0004836935841012746, 0.0011456813663244247, -0.0008240066235885024, 0.0003893501707352698], [-0.0008618584834039211, 0.005967490840703249, -0.004091263748705387, -0.00127408595290035, -0.0023421631194651127, 0.006128895562142134, -0.004941048566251993, 0.0035416230093687773, -0.004330557305365801, 0.002818918554112315, -0.006627722643315792, 0.0065118358470499516, -0.002421613782644272], [0.00025516588357277215, -0.004091263748705387, 0.006218119990080595, -0.0024767122231423855, 0.0009799014078453183, -0.0036768848076462746, 0.00580626493319869, -0.004197160247713327, 0.002900919411331415, -0.004147248808294535, 0.006675682496279478, -0.0038034175522625446, 0.0027687763795256615], [-6.164865772007033e-05, -0.00127408595290035, -0.0024767122231423855, 0.011516607366502285, -0.005223162472248077, -0.004031188786029816, 0.004054967314004898, 0.001984718954190612, -0.0005235354183241725, 0.0012351969489827752, -0.00037351291393861175, -0.0008563334122300148, 0.0006152973510324955], [0.0011142106959596276, -0.0023421631194651127, 0.0009799014078453183, -0.005223162472248077, 0.015435752458870411, -0.00502173462882638, -0.004225960932672024, -0.0016724341548979282, -0.001289568841457367, 0.0021218364126980305, 0.0003370521299075335, -0.005014017689973116, 0.003502614563331008], [-0.001411947887390852, 0.006128895562142134, -0.0036768848076462746, -0.004031188786029816, -0.00502173462882638, 0.02368091605603695, -0.012345479801297188, -0.008102518506348133, 0.010895412415266037, -0.0029599815607070923, -0.0036770766600966454, 0.008283579722046852, -0.005669036880135536], [0.0008015704806894064, -0.004941048566251993, 0.00580626493319869, 0.004054967314004898, -0.004225960932672024, -0.012345479801297188, 0.01790613681077957, -0.001161991967819631, -0.0044419108889997005, 0.0001883765944512561, 0.004134186543524265, -0.0032355794683098793, 0.004708173684775829], [9.715502528706565e-05, 0.0035416230093687773, -0.004197160247713327, 0.001984718954190612, -0.0016724341548979282, -0.008102518506348133, -0.001161991967819631, 0.027242757380008698, -0.01683713309466839, -0.0005680584581568837, -0.0021378393284976482, -0.0025807262863963842, 0.0018939882284030318], [-8.776319737080485e-05, -0.004330557305365801, 0.002900919411331415, -0.0005235354183241725, -0.001289568841457367, 0.010895412415266037, -0.0044419108889997005, -0.01683713309466839, 0.03217644244432449, -0.014380424283444881, -0.0016254120273515582, 0.00791902281343937, -0.003668571589514613], [-0.0004836935841012746, 0.002818918554112315, -0.004147248808294535, 0.0012351969489827752, 0.0021218364126980305, -0.0029599815607070923, 0.0001883765944512561, -0.0005680584581568837, -0.014380424283444881, 0.030602244660258293, -0.008912722580134869, -0.013366146013140678, 0.011481311172246933], [0.0011456813663244247, -0.006627722643315792, 0.006675682496279478, -0.00037351291393861175, 0.0003370521299075335, -0.0036770766600966454, 0.004134186543524265, -0.0021378393284976482, -0.0016254120273515582, -0.008912722580134869, 0.027798814699053764, -0.01227553654462099, -0.0035876973997801542], [-0.0008240066235885024, 0.0065118358470499516, -0.0038034175522625446, -0.0008563334122300148, -0.005014017689973116, 0.008283579722046852, -0.0032355794683098793, -0.0025807262863963842, 0.00791902281343937, -0.013366146013140678, -0.01227553654462099, 0.03648940473794937, -0.016837431117892265], [0.0003893501707352698, -0.002421613782644272, 0.0027687763795256615, 0.0006152973510324955, 0.003502614563331008, -0.005669036880135536, 0.004708173684775829, 0.0018939882284030318, -0.003668571589514613, 0.011481311172246933, -0.0035876973997801542, -0.016837431117892265, 0.0289806816726923]], "lowlevel.mfcc.cov": [[3623.73291015625, 639.1918334960938, 1626.0601806640625, 417.11627197265625, 409.2412414550781, -25.389495849609375, -329.6922912597656, -303.4128112792969, 24.949974060058594, -156.07838439941406, 66.66726684570312, -61.376705169677734, -213.91091918945312], [639.1918334960938, 1307.0611572265625, 400.1077575683594, 436.23876953125, 135.76622009277344, -27.831926345825195, -149.02197265625, -39.473262786865234, 35.2281608581543, 145.4618377685547, 150.27853393554688, 146.30519104003906, 49.08958053588867], [1626.0601806640625, 400.1077575683594, 1649.1539306640625, 471.8378601074219, 546.5585327148438, 1.8207529783248901, -208.48509216308594, -221.46389770507812, 34.47061538696289, -110.9206771850586, 89.40494537353516, -61.09501266479492, -126.44609832763672], [417.11627197265625, 436.23876953125, 471.8378601074219, 333.9956359863281, 214.03895568847656, 31.695106506347656, -67.20010375976562, -39.86006546020508, 18.951871871948242, 22.452877044677734, 62.440948486328125, 34.45759201049805, 3.6182332038879395], [409.2412414550781, 135.76622009277344, 546.5585327148438, 214.03895568847656, 299.0946350097656, 40.129119873046875, -20.04705047607422, -33.11948013305664, 31.58188819885254, -11.240139961242676, 51.76348876953125, -7.317381381988525, -7.09332275390625], [-25.389495849609375, -27.831926345825195, 1.8207529783248901, 31.695106506347656, 40.129119873046875, 132.20274353027344, 110.45208740234375, 67.7197036743164, 45.298343658447266, 28.519454956054688, 34.296165466308594, 4.303642272949219, -9.161303520202637], [-329.6922912597656, -149.02197265625, -208.48509216308594, -67.20010375976562, -20.04705047607422, 110.45208740234375, 194.99554443359375, 125.46300506591797, 48.18817901611328, 44.70795822143555, 27.76803207397461, 11.762385368347168, 18.473604202270508], [-303.4128112792969, -39.473262786865234, -221.46389770507812, -39.86006546020508, -33.11948013305664, 67.7197036743164, 125.46300506591797, 137.8114471435547, 61.075862884521484, 68.37401580810547, 38.22609329223633, 38.57123565673828, 36.41686248779297], [24.949974060058594, 35.2281608581543, 34.47061538696289, 18.951871871948242, 31.58188819885254, 45.298343658447266, 48.18817901611328, 61.075862884521484, 89.88967895507812, 61.72969055175781, 54.97138977050781, 34.9063720703125, 14.070502281188965], [-156.07838439941406, 145.4618377685547, -110.9206771850586, 22.452877044677734, -11.240139961242676, 28.519454956054688, 44.70795822143555, 68.37401580810547, 61.72969055175781, 122.16194915771484, 83.1258544921875, 73.4505844116211, 47.816776275634766], [66.66726684570312, 150.27853393554688, 89.40494537353516, 62.440948486328125, 51.76348876953125, 34.296165466308594, 27.76803207397461, 38.22609329223633, 54.97138977050781, 83.1258544921875, 129.90777587890625, 84.20160675048828, 44.613548278808594], [-61.376705169677734, 146.30519104003906, -61.09501266479492, 34.45759201049805, -7.317381381988525, 4.303642272949219, 11.762385368347168, 38.57123565673828, 34.9063720703125, 73.4505844116211, 84.20160675048828, 117.17530059814453, 79.50325775146484], [-213.91091918945312, 49.08958053588867, -126.44609832763672, 3.6182332038879395, -7.09332275390625, -9.161303520202637, 18.473604202270508, 36.41686248779297, 14.070502281188965, 47.816776275634766, 44.613548278808594, 79.50325775146484, 114.1483154296875]], "lowlevel.mfcc.icov": [[0.0006342458073049784, -0.00030140383751131594, -0.0005343336379155517, 0.0005229925736784935, 0.00013632405898533762, -0.0006145163206383586, 0.0005822815583087504, 0.00027426271117292345, -0.0005924885044805706, 0.0008208898361772299, -0.00010410480172140524, -0.0005291751003824174, 0.0006255345069803298], [-0.00030140383751131594, 0.0022874341811984777, 0.00010621982073644176, -0.003530140733346343, 0.0013463112991303205, 0.0011736314045265317, 0.00019599107326939702, -0.00034266116563230753, 0.0009956524008885026, -0.00256039178930223, -0.0001715296384645626, -0.0006126107182353735, 0.0003800182603299618], [-0.0005343336379155517, 0.00010621982073644176, 0.004291699267923832, -0.0019897499587386847, -0.00433800183236599, 0.00156101631000638, -0.00020026721176691353, 0.0034727577585726976, -0.0036569738294929266, 0.0038257932756096125, -0.003660963848233223, 0.0006850292556919158, 0.0023522169794887304], [0.0005229925736784935, -0.003530140733346343, -0.0019897499587386847, 0.014564814046025276, -0.005915141198784113, -0.007187568582594395, 0.005357951857149601, -0.002600020496174693, 0.0034235112834721804, -0.0010722603183239698, 0.0032882685773074627, -0.0028501846827566624, -0.0004225247830618173], [0.00013632405898533762, 0.0013463112991303205, -0.00433800183236599, -0.005915141198784113, 0.014524629339575768, 0.00014260056195780635, -0.0025869684759527445, -0.001046150689944625, -0.00016767594206612557, -0.0013714269734919071, -0.0010190518805757165, 0.004860859829932451, -0.005667025223374367], [-0.0006145163206383586, 0.0011736314045265317, 0.00156101631000638, -0.007187568582594395, 0.00014260056195780635, 0.02267751842737198, -0.014391996897757053, 0.002160492353141308, -0.004794339649379253, 0.0019428280647844076, -0.0035175438970327377, 0.0008506587473675609, 0.004328979179263115], [0.0005822815583087504, 0.00019599107326939702, -0.00020026721176691353, 0.005357951857149601, -0.0025869684759527445, -0.014391996897757053, 0.024732856079936028, -0.015324165113270283, 0.004342311527580023, 0.00032908268622122705, -0.0017487691948190331, 0.0017684957711026073, -0.0010358210420235991], [0.00027426271117292345, -0.00034266116563230753, 0.0034727577585726976, -0.002600020496174693, -0.001046150689944625, 0.002160492353141308, -0.015324165113270283, 0.03224905952811241, -0.014208175241947174, -0.0006619623163715005, 0.00018159934552386403, -0.0014726887457072735, -0.00012598400644492358], [-0.0005924885044805706, 0.0009956524008885026, -0.0036569738294929266, 0.0034235112834721804, -0.00016767594206612557, -0.004794339649379253, 0.004342311527580023, -0.014208175241947174, 0.030718808993697166, -0.014190448448061943, 0.0017815144965425134, -0.0019956238102167845, 0.0005884056445211172], [0.0008208898361772299, -0.00256039178930223, 0.0038257932756096125, -0.0010722603183239698, -0.0013714269734919071, 0.0019428280647844076, 0.00032908268622122705, -0.0006619623163715005, -0.014190448448061943, 0.032325614243745804, -0.013884962536394596, -0.0011735260486602783, 0.001592111773788929], [-0.00010410480172140524, -0.0001715296384645626, -0.003660963848233223, 0.0032882685773074627, -0.0010190518805757165, -0.0035175438970327377, -0.0017487691948190331, 0.00018159934552386403, 0.0017815144965425134, -0.013884962536394596, 0.0282402653247118, -0.015124883502721786, 0.0006922947941347957], [-0.0005291751003824174, -0.0006126107182353735, 0.0006850292556919158, -0.0028501846827566624, 0.004860859829932451, 0.0008506587473675609, 0.0017684957711026073, -0.0014726887457072735, -0.0019956238102167845, -0.0011735260486602783, -0.015124883502721786, 0.03417758643627167, -0.01648048497736454], [0.0006255345069803298, 0.0003800182603299618, 0.0023522169794887304, -0.0004225247830618173, -0.005667025223374367, 0.004328979179263115, -0.0010358210420235991, -0.00012598400644492358, 0.0005884056445211172, 0.001592111773788929, 0.0006922947941347957, -0.01648048497736454, 0.023059939965605736]], "metadata.audio_properties.analysis.downmix": "mix", "metadata.audio_properties.codec": "mp3", "metadata.audio_properties.md5_encoded": "41858ead50cfbc78710ff80330ff44b8", "metadata.tags.file_name": "1182268834749612083.mp3", "metadata.version.essentia": "2.1-beta6-dev", "metadata.version.essentia_git_sha": "v2.1_beta5-1110-g77a6a954", "metadata.version.extractor": "music 2.0", "tonal.chords_key": "C", "tonal.chords_scale": "minor", "tonal.key_edma.key": "C", "tonal.key_edma.scale": "minor", "tonal.key_krumhansl.key": "C", "tonal.key_krumhansl.scale": "minor", "tonal.key_temperley.key": "C", "tonal.key_temperley.scale": "minor", "metadata.tags.encoding": ["Lavf58.45.100"]}, "essentia_models": [{"model_name": "genre_dortmund", "activations": {"alternative": "0.24065815", "blues": "0.032866772", "electronic": "0.28116226", "folkcountry": 