{"song_id": "1182281986862223410", "download": "https://cdn.discordapp.com/attachments/1135911532732108921/1182281986862223410/chirp.mp4?ex=658420e7&amp", "lyrics": "[verse]\nBulls collide, the relentless strikes commence\nInsanity's wrath, a frenzy immense\nGrandfather's fury, unleashed and untamed\nSkulls crushed with iron, none shall be named\n\n[chorus]\nBrutal mayhem, the bull's fate sealed\nSkulls pulverized, their destiny revealed\nUnleashed by iron, a wild abandon\nDeath's symphony plays, the butchery expands on", "style": ["extremely hardcore death metal"], "essentia_features": {"lowlevel.average_loudness": 0.9699050188064575, "lowlevel.barkbands_crest.mean": 13.185612678527832, "lowlevel.barkbands_crest.stdev": 3.9861135482788086, "lowlevel.barkbands_flatness_db.mean": 0.2809475362300873, "lowlevel.barkbands_flatness_db.stdev": 0.08990669250488281, "lowlevel.barkbands_kurtosis.mean": 35.815853118896484, "lowlevel.barkbands_kurtosis.stdev": 46.58803939819336, "lowlevel.barkbands_skewness.mean": 3.874141216278076, "lowlevel.barkbands_skewness.stdev": 2.4025678634643555, "lowlevel.barkbands_spread.mean": 8.61809253692627, "lowlevel.barkbands_spread.stdev": 16.848264694213867, "lowlevel.dissonance.mean": 0.4375578463077545, "lowlevel.dissonance.stdev": 0.044499337673187256, "lowlevel.dynamic_complexity": 2.5360326766967773, "lowlevel.erbbands_crest.mean": 11.11099910736084, "lowlevel.erbbands_crest.stdev": 3.9634432792663574, "lowlevel.erbbands_flatness_db.mean": 0.18206727504730225, "lowlevel.erbbands_flatness_db.stdev": 0.0644206777215004, "lowlevel.erbbands_kurtosis.mean": 5.028118133544922, "lowlevel.erbbands_kurtosis.stdev": 6.2032151222229, "lowlevel.erbbands_skewness.mean": 1.6616841554641724, "lowlevel.erbbands_skewness.stdev": 1.3807884454727173, "lowlevel.erbbands_spread.mean": 38.190208435058594, "lowlevel.erbbands_spread.stdev": 31.801069259643555, "lowlevel.hfc.mean": 14.400786399841309, "lowlevel.hfc.stdev": 18.524747848510742, "lowlevel.loudness_ebu128.integrated": -14.967543601989746, "lowlevel.loudness_ebu128.loudness_range": 3.3057823181152344, "lowlevel.loudness_ebu128.momentary.mean": -15.296588897705078, "lowlevel.loudness_ebu128.momentary.stdev": 1.764259934425354, "lowlevel.loudness_ebu128.short_term.mean": -15.088550567626953, "lowlevel.loudness_ebu128.short_term.stdev": 1.1113377809524536, "lowlevel.melbands_crest.mean": 17.739261627197266, "lowlevel.melbands_crest.stdev": 4.3158769607543945, "lowlevel.melbands_flatness_db.mean": 0.3953775465488434, "lowlevel.melbands_flatness_db.stdev": 0.10470231622457504, "lowlevel.melbands_kurtosis.mean": 64.60298919677734, "lowlevel.melbands_kurtosis.stdev": 77.36993408203125, "lowlevel.melbands_skewness.mean": 4.758511066436768, "lowlevel.melbands_skewness.stdev": 2.669675827026367, "lowlevel.melbands_spread.mean": 6.271919250488281, "lowlevel.melbands_spread.stdev": 17.786487579345703, "lowlevel.pitch_salience.mean": 0.5082521438598633, "lowlevel.pitch_salience.stdev": 0.10842727869749069, "lowlevel.silence_rate_20dB.mean": 0.9994206428527832, "lowlevel.silence_rate_20dB.stdev": 0.024063225835561752, "lowlevel.silence_rate_30dB.mean": 0.9049826264381409, "lowlevel.silence_rate_30dB.stdev": 0.29323843121528625, "lowlevel.silence_rate_60dB.mean": 0.0075318654999136925, "lowlevel.silence_rate_60dB.stdev": 0.0864575058221817, "lowlevel.spectral_centroid.mean": 488.4604797363281, "lowlevel.spectral_centroid.stdev": 704.7251586914062, "lowlevel.spectral_complexity.mean": 7.647740364074707, "lowlevel.spectral_complexity.stdev": 6.218021869659424, "lowlevel.spectral_decrease.mean": -1.4961175409666794e-08, "lowlevel.spectral_decrease.stdev": 1.4686273530628569e-08, "lowlevel.spectral_energy.mean": 0.05777311325073242, "lowlevel.spectral_energy.stdev": 0.05593414977192879, "lowlevel.spectral_energyband_high.mean": 0.0007174534257501364, "lowlevel.spectral_energyband_high.stdev": 0.002112040761858225, "lowlevel.spectral_energyband_low.mean": 0.042385876178741455, "lowlevel.spectral_energyband_low.stdev": 0.05294091999530792, "lowlevel.spectral_energyband_middle_high.mean": 0.0009661606745794415, "lowlevel.spectral_energyband_middle_high.stdev": 0.0023366971872746944, "lowlevel.spectral_energyband_middle_low.mean": 0.018448233604431152, "lowlevel.spectral_energyband_middle_low.stdev": 0.018341705203056335, "lowlevel.spectral_entropy.mean": 6.5432024002075195, "lowlevel.spectral_entropy.stdev": 0.8519667387008667, "lowlevel.spectral_flux.mean": 0.0911996141076088, "lowlevel.spectral_flux.stdev": 0.0895501896739006, "lowlevel.spectral_kurtosis.mean": 15.898735046386719, "lowlevel.spectral_kurtosis.stdev": 18.066272735595703, "lowlevel.spectral_rms.mean": 0.006938104517757893, "lowlevel.spectral_rms.stdev": 0.0028682176489382982, "lowlevel.spectral_rolloff.mean": 562.2962646484375, "lowlevel.spectral_rolloff.stdev": 1605.6502685546875, "lowlevel.spectral_skewness.mean": 2.832413673400879, "lowlevel.spectral_skewness.stdev": 1.5394731760025024, "lowlevel.spectral_spread.mean": 4661083.5, "lowlevel.spectral_spread.stdev": 2802036.0, "lowlevel.spectral_strongpeak.mean": 0.5421499609947205, "lowlevel.spectral_strongpeak.stdev": 0.4283464550971985, "lowlevel.zerocrossingrate.mean": 0.029012562707066536, "lowlevel.zerocrossingrate.stdev": 0.05182267352938652, "metadata.audio_properties.analysis.equal_loudness": 0.0, "metadata.audio_properties.analysis.length": 40.04265213012695, "metadata.audio_properties.analysis.sample_rate": 44100.0, "metadata.audio_properties.analysis.start_time": 0.0, "metadata.audio_properties.bit_rate": 119957.0, "metadata.audio_properties.length": 40.042667388916016, "metadata.audio_properties.lossless": 0.0, "metadata.audio_properties.number_channels": 1.0, "metadata.audio_properties.replay_gain": -10.483985900878906, "metadata.audio_properties.sample_rate": 48000.0, "rhythm.beats_count": 101.0, "rhythm.beats_loudness.mean": 0.0962490513920784, "rhythm.beats_loudness.stdev": 0.05901375412940979, "rhythm.bpm": 153.2972412109375, "rhythm.bpm_histogram_first_peak_bpm": 152.0, "rhythm.bpm_histogram_first_peak_weight": 0.014705896377563477, "rhythm.bpm_histogram_second_peak_bpm": 157.0, "rhythm.bpm_histogram_second_peak_spread": 0.034482717514038086, "rhythm.bpm_histogram_second_peak_weight": 0.2800000011920929, "rhythm.danceability": 1.487731695175171, "rhythm.onset_rate": 3.8697352409362793, "tonal.chords_changes_rate": 0.05671296268701553, "tonal.chords_number_rate": 0.010416666977107525, "tonal.chords_strength.mean": 0.4839819371700287, "tonal.chords_strength.stdev": 0.08979777246713638, "tonal.hpcp_crest.mean": 12.89995002746582, "tonal.hpcp_crest.stdev": 5.663402557373047, "tonal.hpcp_entropy.mean": 2.057400703430176, "tonal.hpcp_entropy.stdev": 0.6665579676628113, "tonal.key_edma.strength": 0.7702622413635254, "tonal.key_krumhansl.strength": 0.7599959969520569, "tonal.key_temperley.strength": 0.7473362684249878, "tonal.tuning_diatonic_strength": 0.6125330924987793, "tonal.tuning_equal_tempered_deviation": 0.22916829586029053, "tonal.tuning_frequency": 434.193115234375, "tonal.tuning_nontempered_energy_ratio": 0.9746451377868652, "lowlevel.barkbands.mean": [0.0010191290639340878, 0.024240894243121147, 0.012433045543730259, 0.009040473029017448, 0.005581864155828953, 0.0022976109758019447, 0.0007798309670761228, 0.00032070238376036286, 0.00032944598933681846, 0.00022708444157615304, 0.00022081186762079597, 0.0001140893655247055, 6.937338184798136e-05, 7.128805737011135e-05, 6.348297756630927e-05, 3.909539736923762e-05, 3.9993719838093966e-05, 6.601067434530705e-05, 6.772523920517415e-05, 6.712666800012812e-05, 9.26536085898988e-05, 0.00012983573833480477, 0.00019288546172901988, 0.00010172362090088427, 0.00011450521560618654, 4.9774953367887065e-05, 2.7349526590114692e-06], "lowlevel.barkbands.stdev": [0.0014429637230932713, 0.043124742805957794, 0.015329383313655853, 0.011169553734362125, 0.006443103775382042, 0.005065515637397766, 0.002635645680129528, 0.0008912943885661662, 0.0011114421067759395, 0.0007818724261596799, 0.0010861350456252694, 0.00030631592380814254, 0.00018588348757475615, 0.00019429974781814963, 0.00023312050325330347, 0.00012923179019708186, 0.00016155029879882932, 0.00024305582337547094, 0.00037393547245301306, 0.0002525001182220876, 0.0003036967245861888, 0.00044888214324600995, 0.0007415986037813127, 0.00034474043059162796, 0.0004053838492836803, 0.0001097971253329888, 7.571296919195447e-06], "lowlevel.erbbands.mean": [0.7427485585212708, 5.235640048980713, 13.187373161315918, 24.751434326171875, 25.703771591186523, 15.6284818649292, 20.22076416015625, 17.395782470703125, 8.939187049865723, 13.63500690460205, 8.169240951538086, 6.068838596343994, 7.977241039276123, 9.285658836364746, 5.224976062774658, 4.097686290740967, 3.391476631164551, 3.700124502182007, 3.3221230506896973, 2.776327133178711, 2.380242347717285, 2.529583215713501, 3.6192121505737305, 3.036630630493164, 3.731417655944824, 3.159719467163086, 3.264495372772217, 3.9359774589538574, 4.577669620513916, 6.39087438583374, 4.683908462524414, 1.9266245365142822, 1.9983882904052734, 1.646840214729309, 0.5646021962165833, 0.2019888311624527, 0.09662677347660065, 0.0191576536744833, 0.0004115814808756113, 7.66948505770415e-05], "lowlevel.erbbands.stdev": [1.313825011253357, 9.630849838256836, 16.88669776916504, 26.73340606689453, 30.36311149597168, 22.119184494018555, 30.027729034423828, 52.272857666015625, 32.031227111816406, 47.688350677490234, 23.47053337097168, 19.26350212097168, 26.4580135345459, 40.709083557128906, 14.537274360656738, 11.628332138061523, 8.294791221618652, 10.259841918945312, 8.635065078735352, 11.4005708694458, 8.040449142456055, 9.421501159667969, 13.023974418640137, 13.340439796447754, 22.50480079650879, 12.047953605651855, 11.576098442077637, 12.293893814086914, 15.583198547363281, 24.038707733154297, 18.24584197998047, 7.083302974700928, 6.927478313446045, 6.133207321166992, 1.856994390487671, 0.5092756152153015, 0.21017922461032867, 0.045017682015895844, 0.0008964618318714201, 6.955408753128722e-05], "lowlevel.gfcc.mean": [-70.18663787841797, 129.69149780273438, -47.30000686645508, 41.77360534667969, -36.223388671875, 22.51813507080078, -29.390514373779297, -0.962388277053833, -25.319923400878906, -4.462201118469238, -17.465679168701172, -3.1021525859832764, -8.863709449768066], "lowlevel.melbands.mean": [0.006668650079518557, 0.006968068424612284, 0.004400727339088917, 0.0013080392964184284, 0.0007308298372663558, 0.00038914219476282597, 0.00015188548422884196, 0.0001336563436780125, 6.81363744661212e-05, 3.670593650895171e-05, 3.927187935914844e-05, 3.622529766289517e-05, 2.2164720576256514e-05, 1.2810829502996057e-05, 9.02126976143336e-06, 6.84136466588825e-06, 6.947200290596811e-06, 5.339705239748582e-06, 4.5726137614110485e-06, 2.7707917524821823e-06, 2.6809784685610794e-06, 2.388036364209256e-06, 3.2794887374620885e-06, 2.9424440981529187e-06, 2.3259797217178857e-06, 2.784985554171726e-06, 2.4927676349761896e-06, 1.977093234017957e-06, 1.8418545550957788e-06, 2.391245971011813e-06, 2.2177869141160045e-06, 2.5401113816769794e-06, 2.6164566406805534e-06, 4.155918759352062e-06, 3.026824970220332e-06, 1.6176298913705978e-06, 9.804836054172483e-07, 1.2943249885211117e-06, 1.754305230861064e-06, 1.2396950523907435e-06], "lowlevel.melbands.stdev": [0.012032913975417614, 0.00919951219111681, 0.004404880106449127, 0.0014369345735758543, 0.0009915195405483246, 0.0010739777935668826, 0.0004955988260917366, 0.0004443306243047118, 0.00023507339938078076, 0.00011094284855062142, 0.00013330760702956468, 0.00015275816258508712, 8.138835255522281e-05, 3.593336441554129e-05, 2.7783706173067912e-05, 1.886854079202749e-05, 2.1126968931639567e-05, 1.3466917152982205e-05, 1.948413046193309e-05, 1.0440963706059847e-05, 9.257105375581887e-06, 9.495034646533895e-06, 1.1803258530562744e-05, 1.1182049092894886e-05, 1.0598580956866499e-05, 1.7763723008101806e-05, 1.2809232430299744e-05, 7.312408797588432e-06, 6.827478955528932e-06, 8.069055184023455e-06, 7.306874067580793e-06, 8.599400644015986e-06, 1.007632636174094e-05, 1.597440495970659e-05, 1.197491383209126e-05, 6.42246732240892e-06, 3.6024166547576897e-06, 4.568477379507385e-06, 6.390416729118442e-06, 4.734280992124695e-06], "lowlevel.melbands128.mean": [0.0009632691508159041, 0.005765159148722887, 0.009100450202822685, 0.008426210843026638, 0.006716045085340738, 0.006215591914951801, 0.0051346407271921635, 0.004388165660202503, 0.0026474413461983204, 0.0006748447776772082, 0.000859129533637315, 0.0008605489856563509, 0.0007035271846689284, 0.0005900623509660363, 0.0003981201443821192, 0.0003239840443711728, 0.00010976361227221787, 0.00010111059236805886, 0.00022492064454127103, 0.0001737925922498107, 7.557660137536004e-05, 5.799390419269912e-05, 6.813055370002985e-05, 8.594281098339707e-05, 2.753583794401493e-05, 2.10241305467207e-05, 4.095449185115285e-05, 4.7339599404949695e-05, 3.506505163386464e-05, 1.833884925872553e-05, 5.116949250805192e-05, 4.4637603423325345e-05, 1.4399243809748441e-05, 9.311801477451809e-06, 1.76533249032218e-05, 1.2255027286300901e-05, 7.444646598742111e-06, 1.2496991075749975e-05, 6.477938313764753e-06, 6.7568462327471934e-06, 7.877714779169764e-06, 5.0176286094938405e-06, 7.213234766823007e-06, 8.331438948516734e-06, 5.041216809331672e-06, 5.501453415490687e-06, 4.5677752495976165e-06, 4.735182756121503e-06, 4.745391834148904e-06, 3.3672963581921067e-06, 1.9679659999383148e-06, 2.532613279981888e-06, 3.839332748611923e-06, 1.9620931652752915e-06, 2.023952220042702e-06, 2.622783767947112e-06, 2.499030870239949e-06, 2.611315721878782e-06, 4.076074674230767e-06, 3.653977046269574e-06, 2.830824314514757e-06, 2.3914224129839567e-06, 2.504686108295573e-06, 2.1508494683075696e-06, 2.2762467324355384e-06, 3.045820903935237e-06, 2.9222112516436027e-06, 2.5830668164417148e-06, 2.487709252818604e-06, 2.2447757146437652e-06, 1.9607855392678175e-06, 1.8812316966432263e-06, 1.7477062783655128e-06, 1.890779799396114e-06, 1.8332896161155077e-06, 2.431169605188188e-06, 2.776008159344201e-06, 2.0059615053469315e-06, 2.2777292087994283e-06, 2.0876532289548777e-06, 2.6691664061218034e-06, 2.697418040042976e-06, 2.408945874776691e-06, 2.612048774608411e-06, 2.5333563371532364e-06, 3.884307261614595e-06, 5.037993105361238e-06, 4.273565537005197e-06, 2.7487767511047423e-06, 2.3010056793282274e-06, 2.013317953242222e-06, 1.3717024103243602e-06, 1.0485664461157285e-06, 8.922963843360776e-07, 8.782296276876878e-07, 1.423662070010323e-06, 1.2307722272453248e-06, 1.273734255846648e-06, 1.975530722120311e-06, 1.9210733626096044e-06, 1.6180607644855627e-06, 1.0932571967714466e-06, 7.923078442217957e-07, 7.950496296871279e-07, 5.842356358698453e-07, 4.953921006745077e-07, 4.881722475147399e-07, 3.560455752449343e-07, 3.5721993185688916e-07, 2.489778978542745e-07, 2.690948406325333e-07, 2.9430984227474255e-07, 3.4720008557087567e-07, 3.250240183660935e-07, 2.9602389872707136e-07, 2.491509576429962e-07, 1.1396064536484118e-07, 7.136609525559834e-09, 1.2122146168802583e-11, 9.142603341061317e-12, 8.102356459371851e-12, 7.695389464545954e-12, 7.514087442539452e-12, 7.380207556195728e-12, 7.232317175698277e-12, 7.064043794358099e-12, 6.962309635066832e-12, 6.917969235659127e-12], "lowlevel.melbands128.stdev": [0.0013637742958962917, 0.009714984335005283, 0.01910661906003952, 0.015550034120678902, 0.009977979585528374, 0.007505274843424559, 0.006098812911659479, 0.00558825209736824, 0.0035810323897749186, 0.001086272532120347, 0.0015816534869372845, 0.001417508814483881, 0.0012490994995459914, 0.0012870174832642078, 0.0014555248199030757, 0.001570354332216084, 0.0007894921582192183, 0.0004437016323208809, 0.0008231471292674541, 0.0008049047319218516, 0.0002845786511898041, 0.00018047539924737066, 0.00032247923081740737, 0.00041290526860393584, 0.00011412995809223503, 8.98363723536022e-05, 0.00013866719382349402, 0.00021725632541347295, 0.0001362040638923645, 7.986065611476079e-05, 0.00029801821801811457, 0.0002451244508847594, 5.84964182053227e-05, 3.609964551287703e-05, 4.9542199121788144e-05, 4.9402497097617015e-05, 3.128981188638136e-05, 5.1703191275009885e-05, 2.2255484509514645e-05, 1.9521514332154766e-05, 2.7054245947510935e-05, 1.8667959011509083e-05, 2.7165375286131166e-05, 2.964371014968492e-05, 1.4142159670882393e-05, 1.5848459952394478e-05, 1.81197356141638e-05, 2.526915523048956e-05, 2.4110011509037577e-05, 1.7569545889273286e-05, 8.398935278819408e-06, 9.55694486037828e-06, 1.5871548384893686e-05, 8.104838343570009e-06, 8.645606612844858e-06, 1.1650720807665493e-05, 1.0160335477849003e-05, 1.2403310392983258e-05, 1.496523600508226e-05, 1.4971505152061582e-05, 1.2245501238794532e-05, 1.1559993254195433e-05, 1.2690489711530972e-05, 1.0089904208143707e-05, 1.2227088518557139e-05, 2.1436566385091282e-05, 2.2724745576852e-05, 1.90091068361653e-05, 1.1634751899691764e-05, 9.940021300280932e-06, 8.43158250063425e-06, 7.007266049186001e-06, 6.254460913623916e-06, 8.12068992672721e-06, 8.517776223015971e-06, 8.996958968054969e-06, 9.578666322340723e-06, 6.895932983752573e-06, 8.57583563629305e-06, 7.561139227618696e-06, 9.40495101531269e-06, 9.977859008358791e-06, 1.0205561011389364e-05, 1.1302575330773834e-05, 9.666318874224089e-06, 1.5846841051825322e-05, 2.0785289962077513e-05, 1.7458138245274313e-05, 1.1363299563527107e-05, 9.72988891589921e-06, 8.915431862988044e-06, 5.598202278633835e-06, 4.5991619117558e-06, 3.7800666632392677e-06, 3.2001000818127068e-06, 5.313368092174642e-06, 4.609679308487102e-06, 5.205749857850606e-06, 6.936381396371871e-06, 7.9491410360788e-06, 6.887822564749513e-06, 3.999297405243851e-06, 3.3278950013482245e-06, 2.9880777674407e-06, 2.1594921690848423e-06, 1.7618817764741834e-06, 1.541371489111043e-06, 1.0166240826947615e-06, 1.1036747764592292e-06, 6.934124598956259e-07, 7.868393936405482e-07, 7.142928097891854e-07, 8.070234116530628e-07, 7.662338248337619e-07, 7.186841344264394e-07, 6.72415922053915e-07, 3.1067318673194677e-07, 2.933030174290252e-08, 1.272117550188412e-10, 3.079726751398226e-11, 1.3853335145697088e-11, 1.1768796874533916e-11, 1.1522959669774124e-11, 1.1321089898874703e-11, 1.1153949291964338e-11, 1.1019284443247734e-11, 1.0922316003025845e-11, 1.0862628505026173e-11], "lowlevel.mfcc.mean": [-736.366943359375, 163.85076904296875, 50.55400466918945, 35.97438049316406, 21.55246925354004, 23.872323989868164, 11.03697395324707, 8.267960548400879, 2.023913621902466, -0.6848260760307312, -2.3135554790496826, -6.831568241119385, -3.0703206062316895], "lowlevel.spectral_contrast_coeffs.mean": [-0.6778402328491211, -0.7619019746780396, -0.7949420213699341, -0.8226697444915771, -0.8238548636436462, -0.7788558602333069], "lowlevel.spectral_contrast_coeffs.stdev": [0.07000637799501419, 0.0844230055809021, 0.059917595237493515, 0.04584268853068352, 0.042819857597351074, 0.04097229614853859], "lowlevel.spectral_contrast_valleys.mean": [-5.996403694152832, -7.634149074554443, -8.197131156921387, -8.789240837097168, -9.000823974609375, -11.3335542678833], "lowlevel.spectral_contrast_valleys.stdev": [0.9332391023635864, 0.9845013618469238, 0.9029425382614136, 0.9551985263824463, 1.2412947416305542, 1.63492751121521], "rhythm.beats_loudness_band_ratio.mean": [0.8477765321731567, 0.1156889945268631, 0.027997415512800217, 0.012392944656312466, 0.007764752488583326, 0.01978033035993576], "rhythm.beats_loudness_band_ratio.stdev": [0.14209119975566864, 0.10632175207138062, 0.04085672274231911, 0.027193378657102585, 0.010015799663960934, 0.0287613682448864], "tonal.hpcp.mean": [0.022250982001423836, 0.01576799713075161, 0.016496691852808, 0.02512950822710991, 0.031210882589221, 0.06258173286914825, 0.297301322221756, 0.3476449251174927, 0.12057013064622879, 0.04053664207458496, 0.03405021131038666, 0.03367695212364197, 0.09624182432889938, 0.11645681411027908, 0.04341110587120056, 0.012516754679381847, 0.020969867706298828, 0.04753541201353073, 0.12188947945833206, 0.135856032371521, 0.1033535897731781, 0.17667418718338013, 0.18435755372047424, 0.0775759220123291, 0.028632966801524162, 0.03632235899567604, 0.10235152393579483, 0.30438268184661865, 0.28049299120903015, 0.06773170828819275, 0.0180678628385067, 0.013772749342024326, 0.016323046758770943, 0.1000945121049881, 0.16671514511108398, 0.0904303640127182], "tonal.hpcp.stdev": [0.10899824649095535, 0.0944395363330841, 0.09080789983272552, 0.10434723645448685, 0.1140323281288147, 0.13975189626216888, 0.3249271810054779, 0.3775307536125183, 0.2018643617630005, 0.1624346673488617, 0.14759206771850586, 0.15234814584255219, 0.18321533501148224, 0.21348631381988525, 0.10899707674980164, 0.06863570213317871, 0.10717353969812393, 0.1564563810825348, 0.24179282784461975, 0.2545090615749359, 0.2232375591993332, 0.3205784857273102, 0.35714974999427795, 0.1769827902317047, 0.1076946035027504, 0.1318625509738922, 0.19570095837116241, 0.3721717894077301, 0.34825578331947327, 0.14993131160736084, 0.08721858263015747, 0.07334672659635544, 0.07570067793130875, 0.22287780046463013, 0.355215847492218, 0.20560123026371002], "rhythm.beats_position": [0.42956915497779846, 0.8707482814788818, 1.3119274377822876, 1.729886531829834, 2.1362357139587402, 2.530975103378296, 2.9257142543792725, 3.320453405380249, 3.7151927947998047, 4.109931945800781, 4.493061065673828, 4.876190185546875, 5.27092981338501, 5.665668964385986, 6.048798084259033, 6.43192720413208, 6.826666355133057, 7.221405982971191, 7.616145133972168, 8.010884284973145, 8.405623435974121, 8.800362586975098, 9.171881675720215, 9.566620826721191, 9.961359977722168, 10.356099128723145, 10.750839233398438, 11.133968353271484, 11.517097473144531, 11.911836624145508, 12.306575775146484, 12.701314926147461, 13.096054077148438, 13.490793228149414, 13.873922348022461, 14.257051467895508, 14.6517915725708, 15.046530723571777, 15.441269874572754, 15.83600902557373, 16.21913719177246, 16.60226821899414, 16.997007369995117, 17.391746520996094, 17.78648567199707, 18.181224822998047, 18.575963973999023, 18.970703125, 19.353832244873047, 19.736961364746094, 20.13170051574707, 20.526439666748047, 20.921178817749023, 21.31591796875, 21.699047088623047, 22.082176208496094, 22.47691535949707, 22.871654510498047, 23.266393661499023, 23.64952278137207, 24.032651901245117, 24.427391052246094, 24.82213020324707, 25.216869354248047, 25.611610412597656, 26.006349563598633, 26.40108871459961, 26.784217834472656, 27.178956985473633, 27.56208610534668, 27.956825256347656, 28.351564407348633, 28.74630355834961, 29.141042709350586, 29.524171829223633, 29.90730094909668, 30.302040100097656, 30.696779251098633, 31.07990837097168, 31.474647521972656, 31.869386672973633, 32.25251770019531, 32.647254943847656, 33.041996002197266, 33.43673324584961, 33.819862365722656, 34.2029914855957, 34.59773254394531, 34.992469787597656, 35.387210845947266, 35.78194808959961, 36.165077209472656, 36.5482063293457, 36.94294738769531, 37.337684631347656, 37.732425689697266, 38.12716293334961, 38.52190399169922, 38.905033111572266, 39.28816223144531, 39.68290328979492], "rhythm.bpm_histogram": [0.0, 0.0, 0.0, 0.0, 0.0, 0.0, 0.0, 0.0, 0.0, 0.0, 0.0, 0.0, 0.0, 0.0, 0.0, 0.0, 0.0, 0.0, 0.0, 0.0, 0.0, 0.0, 0.0, 0.0, 0.0, 0.0, 0.0, 0.0, 0.0, 0.0, 0.0, 0.0, 0.0, 0.0, 0.0, 0.0, 0.0, 0.0, 0.0, 0.0, 0.0, 0.0, 0.0, 0.0, 0.0, 0.0, 0.0, 0.0, 0.0, 0.0, 0.0, 0.0, 0.0, 0.0, 0.0, 0.0, 0.0, 0.0, 0.0, 0.0, 0.0, 0.0, 0.0, 0.0, 0.0, 0.0, 0.0, 0.0, 0.0, 0.0, 0.0, 0.0, 0.0, 0.0, 0.0, 0.0, 0.0, 0.0, 0.0, 0.0, 0.0, 0.0, 0.0, 0.0, 0.0, 0.0, 0.0, 0.0, 0.0, 0.0, 0.0, 0.0, 0.0, 0.0, 0.0, 0.0, 0.0, 0.0, 0.0, 0.0, 0.0, 0.0, 0.0, 0.0, 0.0, 0.0, 0.0, 0.0, 0.0, 0.0, 0.0, 0.0, 0.0, 0.0, 0.0, 0.0, 0.0, 0.0, 0.0, 0.0, 0.0, 0.0, 0.0, 0.0, 0.0, 0.0, 0.0, 0.0, 0.0, 0.0, 0.0, 0.0, 0.0, 0.0, 0.0, 0.0, 0.019999999552965164, 0.0, 0.0, 0.0, 0.0, 0.0, 0.0, 0.0, 0.009999999776482582, 0.0, 0.0, 0.0, 0.009999999776482582, 0.0, 0.0, 0.0, 0.6700000166893005, 0.0, 0.0, 0.0, 0.0, 0.2800000011920929, 0.0, 0.0, 0.0, 0.009999999776482582, 0.0, 0.0, 0.0, 0.0, 0.0, 0.0, 0.0, 0.0, 0.0, 0.0, 0.0, 0.0, 0.0, 0.0, 0.0, 0.0, 0.0, 0.0, 0.0, 0.0, 0.0, 0.0, 0.0, 0.0, 0.0, 0.0, 0.0, 0.0, 0.0, 0.0, 0.0, 0.0, 0.0, 0.0, 0.0, 0.0, 0.0, 0.0, 0.0, 0.0, 0.0, 0.0, 0.0, 0.0, 0.0, 0.0, 0.0, 0.0, 0.0, 0.0, 0.0, 0.0, 0.0, 0.0, 0.0, 0.0, 0.0, 0.0, 0.0, 0.0, 0.0, 0.0, 0.0, 0.0, 0.0, 0.0, 0.0, 0.0, 0.0, 0.0, 0.0, 0.0, 0.0, 0.0, 0.0, 0.0, 0.0, 0.0, 0.0, 0.0, 0.0, 0.0, 0.0, 0.0, 0.0, 0.0, 0.0, 0.0], "tonal.chords_histogram": [1.8518518209457397, 5.3240742683410645, 39.23611068725586, 3.7037036418914795, 14.004630088806152, 0.0, 6.365740776062012, 0.0, 4.282407283782959, 0.0, 0.0, 0.0, 0.0, 0.0, 0.0, 0.0, 0.0, 2.8935184478759766, 0.0, 0.0, 0.0, 0.8101851940155029, 0.0, 21.52777862548828], "tonal.thpcp": [1.0, 0.34681975841522217, 0.11660357564687729, 0.09794536978006363, 0.09687168896198273, 0.2768394351005554, 0.3349878191947937, 0.12487196922302246, 0.03600442409515381, 0.06031978502869606, 0.13673552870750427, 0.35061487555503845, 0.39078962802886963, 0.297296404838562, 0.5082029700279236, 0.5303041934967041, 0.22314700484275818, 0.08236267417669296, 0.10448119789361954, 0.2944139838218689, 0.875556230545044, 0.8068375587463379, 0.19483013451099396, 0.051972173154354095, 0.03961728885769844, 0.046953216195106506, 0.2879216969013214, 0.47955581545829773, 0.26012277603149414, 0.06400491297245026, 0.045356616377830505, 0.04745270311832428, 0.07228498160839081, 0.08977805078029633, 0.18001623451709747, 0.8551867008209229], "lowlevel.gfcc.cov": [[10792.5263671875, -3230.91748046875, 240.8238067626953, 672.8563232421875, -1381.708251953125, 149.3978271484375, -542.6718139648438, 641.1202392578125, -380.2515563964844, 547.2623291015625, -352.8634338378906, 492.07177734375, -575.2897338867188], [-3230.91748046875, 3569.102783203125, -628.0914916992188, -800.8170776367188, 949.2618408203125, -294.592529296875, 334.3004455566406, -348.8388366699219, 338.36480712890625, -445.8016357421875, 308.8308410644531, -404.4746398925781, 437.00115966796875], [240.8238067626953, -628.0914916992188, 595.5033569335938, 253.4894256591797, -127.47900390625, 154.95591735839844, -20.482999801635742, 49.53164291381836, -70.0190658569336, 89.13558959960938, -35.019710540771484, 80.79451751708984, -75.42778778076172], [672.8563232421875, -800.8170776367188, 253.4894256591797, 447.9435729980469, -102.91703033447266, 89.9313735961914, -18.937734603881836, 39.71965026855469, -34.47080993652344, 90.73491668701172, -64.29479217529297, 73.1851806640625, -60.68021011352539], [-1381.708251953125, 949.2618408203125, -127.47900390625, -102.91703033447266, 575.9271240234375, -19.204343795776367, 208.01995849609375, -104.2900619506836, 118.64411163330078, -111.1668930053711, 54.456905364990234, -114.11050415039062, 131.9406280517578], [149.3978271484375, -294.592529296875, 154.95591735839844, 89.9313735961914, -19.204343795776367, 193.45957946777344, 62.06470489501953, -0.6555824875831604, -34.36050796508789, 37.599945068359375, -24.729433059692383, 23.5495548248291, -24.100858688354492], [-542.6718139648438, 334.3004455566406, -20.482999801635742, -18.937734603881836, 208.01995849609375, 62.06470489501953, 239.35739135742188, -38.93074417114258, 37.0435676574707, -36.82731246948242, 27.147462844848633, -45.27381896972656, 54.1287727355957], [641.1202392578125, -348.8388366699219, 49.53164291381836, 39.71965026855469, -104.2900619506836, -0.6555824875831604, -38.93074417114258, 151.56736755371094, -13.683708190917969, 64.42206573486328, -16.589628219604492, 53.947242736816406, -62.810733795166016], [-380.2515563964844, 338.36480712890625, -70.0190658569336, -34.47080993652344, 118.64411163330078, -34.36050796508789, 37.0435676574707, -13.683708190917969, 129.0181121826172, -23.410778045654297, 36.66765213012695, -41.75440216064453, 48.96833801269531], [547.2623291015625, -445.8016357421875, 89.13558959960938, 90.73491668701172, -111.1668930053711, 37.599945068359375, -36.82731246948242, 64.42206573486328, -23.410778045654297, 133.60720825195312, -24.683197021484375, 58.22129821777344, -58.03105545043945], [-352.8634338378906, 308.8308410644531, -35.019710540771484, -64.29479217529297, 54.456905364990234, -24.729433059692383, 27.147462844848633, -16.589628219604492, 36.66765213012695, -24.683197021484375, 100.6501693725586, -20.020837783813477, 47.074398040771484], [492.07177734375, -404.4746398925781, 80.79451751708984, 73.1851806640625, -114.11050415039062, 23.5495548248291, -45.27381896972656, 53.947242736816406, -41.75440216064453, 58.22129821777344, -20.020837783813477, 118.43743133544922, -38.84439468383789], [-575.2897338867188, 437.00115966796875, -75.42778778076172, -60.68021011352539, 131.9406280517578, -24.100858688354492, 54.1287727355957, -62.810733795166016, 48.96833801269531, -58.03105545043945, 47.074398040771484, -38.84439468383789, 125.36735534667969]], "lowlevel.gfcc.icov": [[0.0002521078858990222, -0.00046534210559912026, 0.000345844600815326, -0.0006731124594807625, 0.000561941065825522, -0.0004460154741536826, 0.00020329776452854276, -0.0008058329694904387, 0.0004658448160625994, -0.0005868346197530627, 0.0006886849296279252, -0.000619655882474035, 0.0005883870180696249], [-0.00046534210559912026, 0.0037912558764219284, -0.0011301222257316113, 0.004090821370482445, -0.002755872905254364, 0.0026749949902296066, -0.001065378892235458, 0.00294465571641922, -0.002718182746320963, 0.003459216095507145, -0.003952542785555124, 0.0037489524111151695, -0.003392105922102928], [0.000345844600815326, -0.0011301222257316113, 0.003329881001263857, -0.002528376644477248, 0.0009548249654471874, -0.0026409716811031103, 0.000839980726595968, -0.0015599392354488373, 0.0015361207770183682, -0.0013243346475064754, 0.0005576665280386806, -0.001682705245912075, 0.001705399714410305], [-0.0006731124594807625, 0.004090821370482445, -0.002528376644477248, 0.008009294047951698, -0.003066303674131632, 0.002783119911327958, -0.0014280483592301607, 0.003956423606723547, -0.003740211483091116, 0.002750442596152425, -0.0028167981654405594, 0.0032867994159460068, -0.003821941325441003], [0.000561941065825522, -0.002755872905254364, 0.0009548249654471874, -0.003066303674131632, 0.005934267770498991, -0.0015557368751615286, -0.0015800653491169214, -0.0020256948191672564, 0.0003985640069004148, -0.001926350756548345, 0.0036459872499108315, -0.0020076511427760124, 0.001359661458991468], [-0.0004460154741536826, 0.0026749949902296066, -0.0026409716811031103, 0.002783119911327958, -0.0015557368751615286, 0.010404052212834358, -0.0040541584603488445, 0.0036343007814139128, -0.0009906161576509476, 0.0010522701777517796, -0.0017226298805326223, 0.002442313591018319, -0.0021267104893922806], [0.00020329776452854276, -0.001065378892235458, 0.000839980726595968, -0.0014280483592301607, -0.0015800653491169214, -0.0040541584603488445, 0.007838696241378784, -0.00167910719756037, 0.001068571931682527, -0.0007506950641982257, 9.086250065593049e-05, -0.0002923847350757569, 0.00022898349561728537], [-0.0008058329694904387, 0.00294465571641922, -0.0015599392354488373, 0.003956423606723547, -0.0020256948191672564, 0.0036343007814139128, -0.00167910719756037, 0.013638323172926903, -0.004112710244953632, 0.00046127973473630846, -0.00386696495115757, 0.00042996733100153506, 0.0008079364197328687], [0.0004658448160625994, -0.002718182746320963, 0.0015361207770183682, -0.003740211483091116, 0.0003985640069004148, -0.0009906161576509476, 0.001068571931682527, -0.004112710244953632, 0.013713303953409195, -0.0039190188981592655, 0.0006410832284018397, -0.0001810613612178713, 0.0001274294627364725], [-0.0005868346197530627, 0.003459216095507145, -0.0013243346475064754, 0.002750442596152425, -0.001926350756548345, 0.0010522701777517796, -0.0007506950641982257, 0.00046127973473630846, -0.0039190188981592655, 0.016066357493400574, -0.003928067162632942, 0.0006961463950574398, -0.0007732091471552849], [0.0006886849296279252, -0.003952542785555124, 0.0005576665280386806, -0.0028167981654405594, 0.0036459872499108315, -0.0017226298805326223, 9.086250065593049e-05, -0.00386696495115757, 0.0006410832284018397, -0.003928067162632942, 0.01793707348406315, -0.0042784851975739, -0.0003644635435193777], [-0.000619655882474035, 0.0037489524111151695, -0.001682705245912075, 0.0032867994159460068, -0.0020076511427760124, 0.002442313591018319, -0.0002923847350757569, 0.00042996733100153506, -0.0001810613612178713, 0.0006961463950574398, -0.0042784851975739, 0.017439011484384537, -0.005006026476621628], [0.0005883870180696249, -0.003392105922102928, 0.001705399714410305, -0.003821941325441003, 0.001359661458991468, -0.0021267104893922806, 0.00022898349561728537, 0.0008079364197328687, 0.0001274294627364725, -0.0007732091471552849, -0.0003644635435193777, -0.005006026476621628, 0.018321026116609573]], "lowlevel.mfcc.cov": [[9055.41015625, -3532.94677734375, 855.383056640625, -18.70816993713379, -467.6784362792969, -567.2429809570312, -232.9939422607422, -159.43496704101562, -82.91717529296875, -152.14036560058594, 313.4253234863281, 125.126220703125, 77.25987243652344], [-3532.94677734375, 3686.919921875, -1059.0650634765625, -165.72679138183594, 257.9048156738281, 68.5326156616211, 83.89764404296875, 96.18962097167969, 57.97503662109375, 117.69902038574219, -176.5562744140625, -71.88487243652344, -20.175626754760742], [855.383056640625, -1059.0650634765625, 794.1700439453125, 26.695045471191406, -59.331085205078125, 7.435078144073486, 7.604500770568848, -35.74755859375, -40.65416717529297, -58.21857833862305, 52.22242736816406, 44.75002670288086, 26.049047470092773], [-18.70816993713379, -165.72679138183594, 26.695045471191406, 263.27392578125, 68.30864715576172, 70.15895080566406, 12.818817138671875, 18.871967315673828, 48.55447006225586, 6.732346057891846, -1.572906732559204, 20.48430633544922, 7.772464275360107], [-467.6784362792969, 257.9048156738281, -59.331085205078125, 68.30864715576172, 190.74244689941406, 46.81320571899414, -0.6946912407875061, 20.850387573242188, 30.108810424804688, 8.756863594055176, -0.9396076202392578, 0.19229109585285187, -2.0621707439422607], [-567.2429809570312, 68.5326156616211, 7.435078144073486, 70.15895080566406, 46.81320571899414, 287.4997863769531, 93.63670349121094, 51.86326217651367, 47.19690704345703, 49.911067962646484, -20.449047088623047, -18.555892944335938, -33.5800666809082], [-232.9939422607422, 83.89764404296875, 7.604500770568848, 12.818817138671875, -0.6946912407875061, 93.63670349121094, 160.8646697998047, 48.43021774291992, 16.42830467224121, 32.221431732177734, -1.4747264385223389, 1.645500898361206, -10.438823699951172], [-159.43496704101562, 96.18962097167969, -35.74755859375, 18.871967315673828, 20.850387573242188, 51.86326217651367, 48.43021774291992, 105.02564239501953, 26.33275604248047, 14.507987976074219, -0.031363070011138916, 0.7696007490158081, -9.310667991638184], [-82.91717529296875, 57.97503662109375, -40.65416717529297, 48.55447006225586, 30.108810424804688, 47.19690704345703, 16.42830467224121, 26.33275604248047, 92.00505065917969, 29.928735733032227, 3.2754693031311035, 0.1914270669221878, -8.010221481323242], [-152.14036560058594, 117.69902038574219, -58.21857833862305, 6.732346057891846, 8.756863594055176, 49.911067962646484, 32.221431732177734, 14.507987976074219, 29.928735733032227, 93.20159149169922, 14.475221633911133, -6.482388496398926, -5.751131057739258], [313.4253234863281, -176.5562744140625, 52.22242736816406, -1.572906732559204, -0.9396076202392578, -20.449047088623047, -1.4747264385223389, -0.031363070011138916, 3.2754693031311035, 14.475221633911133, 97.89183807373047, 16.441591262817383, -0.9013636708259583], [125.126220703125, -71.88487243652344, 44.75002670288086, 20.48430633544922, 0.19229109585285187, -18.555892944335938, 1.645500898361206, 0.7696007490158081, 0.1914270669221878, -6.482388496398926, 16.441591262817383, 66.41410064697266, 20.818740844726562], [77.25987243652344, -20.175626754760742, 26.049047470092773, 7.772464275360107, -2.0621707439422607, -33.5800666809082, -10.438823699951172, -9.310667991638184, -8.010221481323242, -5.751131057739258, -0.9013636708259583, 20.818740844726562, 68.8660659790039]], "lowlevel.mfcc.icov": [[0.00022704534057993442, 0.00019120305660180748, 4.498148337006569e-05, 9.995150321628898e-06, 0.00025019460008479655, 0.00033616676228120923, 4.172837725491263e-05, -1.979760236281436e-05, -0.00016126842820085585, 3.637892223196104e-05, -0.00032216310501098633, -6.482850585598499e-05, -4.212330895825289e-05], [0.00019120305660180748, 0.0007507023983635008, 0.0006798407412134111, 0.0005519409896805882, -0.000565607042517513, 0.00032930931774899364, -0.00027495992253534496, -0.00013097714690957218, -0.00011935386282857507, -0.00032712891697883606, 0.0005259413155727088, -0.00016905700613278896, -0.00021298245701473206], [4.498148337006569e-05, 0.0006798407412134111, 0.0022689676843583584, 0.00036552120582200587, -0.00028567767003551126, -0.00041590380715206265, -0.000542421592399478, 0.0004010550619568676, 0.00040605629328638315, 0.0007926758844405413, -0.00022915154113434255, -0.0007604320999234915, -0.0006498377188108861], [9.995150321628898e-06, 0.0005519409896805882, 0.00036552120582200587, 0.005403152666985989, -0.0020000478252768517, -0.0009267044370062649, -4.464777521206997e-05, -4.2534051317488775e-05, -0.0020564058795571327, 0.00022128094860818237, 0.0009240477229468524, -0.0015133281704038382, -0.0008730025147087872], [0.00025019460008479655, -0.000565607042517513, -0.00028567767003551126, -0.0020000478252768517, 0.0075487904250621796, -0.0005493317148648202, 0.0012277618516236544, -0.0005268529639579356, -0.000997738679870963, 0.0009392363717779517, -0.0018522617174312472, 0.0001226563472300768, -0.0001384827628498897], [0.00033616676228120923, 0.00032930931774899364, -0.00041590380715206265, -0.0009267044370062649, -0.0005493317148648202, 0.006215669680386782, -0.002278680447489023, -0.000944103579968214, -0.00114734610542655, -0.00202641892246902, 0.0011701002949848771, 0.0010052064899355173, 0.001931345323100686], [4.172837725491263e-05, -0.00027495992253534496, -0.000542421592399478, -4.464777521206997e-05, 0.0012277618516236544, -0.002278680447489023, 0.008979398757219315, -0.0030162923503667116, 0.0005870807217434049, -0.0016516207251697779, -0.0002806482370942831, -0.0009756259387359023, 0.00018342472321819514], [-1.979760236281436e-05, -0.00013097714690957218, 0.0004010550619568676, -4.2534051317488775e-05, -0.0005268529639579356, -0.000944103579968214, -0.0030162923503667116, 0.012213075533509254, -0.0022549061104655266, 0.0008873566403053701, -0.0005767358234152198, -0.0006266802665777504, 0.0005485166911967099], [-0.00016126842820085585, -0.00011935386282857507, 0.00040605629328638315, -0.0020564058795571327, -0.000997738679870963, -0.00114734610542655, 0.0005870807217434049, -0.0022549061104655266, 0.014763765968382359, -0.0035545630380511284, -7.401374023174867e-05, -0.00044724359759129584, 0.0009738961234688759], [3.637892223196104e-05, -0.00032712891697883606, 0.0007926758844405413, 0.00022128094860818237, 0.0009392363717779517, -0.00202641892246902, -0.0016516207251697779, 0.0008873566403053701, -0.0035545630380511284, 0.014865289442241192, -0.0038576656952500343, 0.0012103989720344543, -0.0011402607196941972], [-0.00032216310501098633, 0.0005259413155727088, -0.00022915154113434255, 0.0009240477229468524, -0.0018522617174312472, 0.0011701002949848771, -0.0002806482370942831, -0.0005767358234152198, -7.401374023174867e-05, -0.0038576656952500343, 0.013622839003801346, -0.0028602848760783672, 0.0016046991804614663], [-6.482850585598499e-05, -0.00016905700613278896, -0.0007604320999234915, -0.0015133281704038382, 0.0001226563472300768, 0.0010052064899355173, -0.0009756259387359023, -0.0006266802665777504, -0.00044724359759129584, 0.0012103989720344543, -0.0028602848760783672, 0.018645187839865685, -0.004882108420133591], [-4.212330895825289e-05, -0.00021298245701473206, -0