{"song_id": "1182262565737353237", "download": "https://cdn.discordapp.com/attachments/1135903449314238464/1182262565737353237/chirp.mp4?ex=65840ed1&amp", "lyrics": "\u0411\u043e\u043b\u044c\u0448\u043e\u0435 \u0420\u044b\u043b\u043e, \u0441\u0432\u0438\u043d\u043a\u0430 \u043e\u0433\u0440\u043e\u043c\u043d\u0430\u044f,\n\u0416\u0438\u0440\u043d\u0430\u044f \u0436\u043e\u043f\u0430 \u0435\u0451 \u043d\u0435 \u0431\u0435\u0437\u0434\u043e\u043c\u043d\u0430\u044f\n\u0421\u043c\u0435\u0448\u043d\u0430\u044f, \u0432\u0435\u0441\u0435\u043b\u0430\u044f, \u0442\u0430\u043a\u0430\u044f,\n\u0411\u043e\u043b\u044c\u0448\u043e\u0435 \u0420\u044b\u043b\u043e, \u043e\u043d\u0430 \u043e\u0447\u0435\u043d\u044c \u043a\u0440\u0443\u0442\u0430\u044f!\n\n\u0411\u043e\u043b\u044c\u0448\u043e\u0435 \u0420\u044b\u043b\u043e, \u0432\u0435\u0441\u044c \u043c\u0438\u0440 \u0442\u0432\u043e\u0439 \u043f\u0443\u0442\u044c,\n\u0421\u0432\u043e\u0438\u043c \u0432\u0435\u0441\u0435\u043b\u044c\u0435\u043c \u0441\u0432\u0435\u0442\u0438\u0448\u044c,\u0441 \u0433\u043e\u0440\u044b \u0431\u044b \u0441\u0438\u0433\u0430\u043d\u0443\u0442\u044c.\n\u0421\u0432\u0438\u043d\u043a\u0430-\u0433\u0438\u0433\u0430\u043d\u0442, \u0440\u0430\u0434\u043e\u0441\u0442\u044c \u0438 \u0441\u043c\u0435\u0445,\n\u0411\u043e\u043b\u044c\u0448\u043e\u0435 \u0420\u044b\u043b\u043e, \u0442\u044b \u043f\u0440\u043e\u0441\u0442\u043e \u0443\u0441\u043f\u0435\u0445!", "style": ["Pank</span><span>-rok"], "essentia_features": {"lowlevel.average_loudness": 0.044387560337781906, "lowlevel.barkbands_crest.mean": 11.760401725769043, "lowlevel.barkbands_crest.stdev": 4.005242347717285, "lowlevel.barkbands_flatness_db.mean": 0.2508765757083893, "lowlevel.barkbands_flatness_db.stdev": 0.09161604940891266, "lowlevel.barkbands_kurtosis.mean": 6.720613479614258, "lowlevel.barkbands_kurtosis.stdev": 9.438423156738281, "lowlevel.barkbands_skewness.mean": 1.5684311389923096, "lowlevel.barkbands_skewness.stdev": 1.5437875986099243, "lowlevel.barkbands_spread.mean": 15.06809139251709, "lowlevel.barkbands_spread.stdev": 13.778462409973145, "lowlevel.dissonance.mean": 0.4226718544960022, "lowlevel.dissonance.stdev": 0.06662630289793015, "lowlevel.dynamic_complexity": 13.177188873291016, "lowlevel.erbbands_crest.mean": 14.569217681884766, "lowlevel.erbbands_crest.stdev": 6.391882419586182, "lowlevel.erbbands_flatness_db.mean": 0.3051670491695404, "lowlevel.erbbands_flatness_db.stdev": 0.08118219673633575, "lowlevel.erbbands_kurtosis.mean": 3.6766512393951416, "lowlevel.erbbands_kurtosis.stdev": 7.081180095672607, "lowlevel.erbbands_skewness.mean": 0.9646497964859009, "lowlevel.erbbands_skewness.stdev": 1.4463216066360474, "lowlevel.erbbands_spread.mean": 27.523704528808594, "lowlevel.erbbands_spread.stdev": 20.550601959228516, "lowlevel.hfc.mean": 10.599634170532227, "lowlevel.hfc.stdev": 24.292863845825195, "lowlevel.loudness_ebu128.integrated": -34.62873840332031, "lowlevel.loudness_ebu128.loudness_range": 12.136720657348633, "lowlevel.loudness_ebu128.momentary.mean": -45.179290771484375, "lowlevel.loudness_ebu128.momentary.stdev": 14.242115020751953, "lowlevel.loudness_ebu128.short_term.mean": -41.53813934326172, "lowlevel.loudness_ebu128.short_term.stdev": 9.745302200317383, "lowlevel.melbands_crest.mean": 14.777290344238281, "lowlevel.melbands_crest.stdev": 4.92124080657959, "lowlevel.melbands_flatness_db.mean": 0.29856473207473755, "lowlevel.melbands_flatness_db.stdev": 0.09837272763252258, "lowlevel.melbands_kurtosis.mean": 11.059150695800781, "lowlevel.melbands_kurtosis.stdev": 13.21728229522705, "lowlevel.melbands_skewness.mean": 2.109280824661255, "lowlevel.melbands_skewness.stdev": 1.4354256391525269, "lowlevel.melbands_spread.mean": 22.754100799560547, "lowlevel.melbands_spread.stdev": 27.960514068603516, "lowlevel.pitch_salience.mean": 0.6344267725944519, "lowlevel.pitch_salience.stdev": 0.11870801448822021, "lowlevel.silence_rate_20dB.mean": 0.9991967678070068, "lowlevel.silence_rate_20dB.stdev": 0.028329627588391304, "lowlevel.silence_rate_30dB.mean": 0.9807229042053223, "lowlevel.silence_rate_30dB.stdev": 0.13749738037586212, "lowlevel.silence_rate_60dB.mean": 0.5244979858398438, "lowlevel.silence_rate_60dB.stdev": 0.4993991255760193, "lowlevel.spectral_centroid.mean": 1293.882080078125, "lowlevel.spectral_centroid.stdev": 1033.4449462890625, "lowlevel.spectral_complexity.mean": 5.478714942932129, "lowlevel.spectral_complexity.stdev": 6.003925800323486, "lowlevel.spectral_decrease.mean": -3.042748053516675e-09, "lowlevel.spectral_decrease.stdev": 7.439983296109176e-09, "lowlevel.spectral_energy.mean": 0.012445451691746712, "lowlevel.spectral_energy.stdev": 0.030095873400568962, "lowlevel.spectral_energyband_high.mean": 0.00041760699241422117, "lowlevel.spectral_energyband_high.stdev": 0.0015440603019669652, "lowlevel.spectral_energyband_low.mean": 4.784000338986516e-06, "lowlevel.spectral_energyband_low.stdev": 1.0791979548230302e-05, "lowlevel.spectral_energyband_middle_high.mean": 0.0025112309958785772, "lowlevel.spectral_energyband_middle_high.stdev": 0.008457847870886326, "lowlevel.spectral_energyband_middle_low.mean": 0.009541790001094341, "lowlevel.spectral_energyband_middle_low.stdev": 0.02316710539162159, "lowlevel.spectral_entropy.mean": 6.896973133087158, "lowlevel.spectral_entropy.stdev": 0.680142879486084, "lowlevel.spectral_flux.mean": 0.044626448303461075, "lowlevel.spectral_flux.stdev": 0.05731911584734917, "lowlevel.spectral_kurtosis.mean": 7.957189559936523, "lowlevel.spectral_kurtosis.stdev": 10.20776081085205, "lowlevel.spectral_rms.mean": 0.00228440435603261, "lowlevel.spectral_rms.stdev": 0.002631233772262931, "lowlevel.spectral_rolloff.mean": 2015.8648681640625, "lowlevel.spectral_rolloff.stdev": 2070.0986328125, "lowlevel.spectral_skewness.mean": 1.8236277103424072, "lowlevel.spectral_skewness.stdev": 1.226095199584961, "lowlevel.spectral_spread.mean": 3456000.0, "lowlevel.spectral_spread.stdev": 1463980.25, "lowlevel.spectral_strongpeak.mean": 0.9533849954605103, "lowlevel.spectral_strongpeak.stdev": 1.3184561729431152, "lowlevel.zerocrossingrate.mean": 0.07967769354581833, "lowlevel.zerocrossingrate.stdev": 0.06875049322843552, "metadata.audio_properties.analysis.equal_loudness": 0.0, "metadata.audio_properties.analysis.length": 28.88532829284668, "metadata.audio_properties.analysis.sample_rate": 44100.0, "metadata.audio_properties.analysis.start_time": 0.0, "metadata.audio_properties.bit_rate": 91293.0, "metadata.audio_properties.length": 28.885334014892578, "metadata.audio_properties.lossless": 0.0, "metadata.audio_properties.number_channels": 1.0, "metadata.audio_properties.replay_gain": 5.907159805297852, "metadata.audio_properties.sample_rate": 48000.0, "rhythm.beats_count": 56.0, "rhythm.beats_loudness.mean": 0.01836799643933773, "rhythm.beats_loudness.stdev": 0.04695647582411766, "rhythm.bpm": 136.5511932373047, "rhythm.bpm_histogram_first_peak_bpm": 136.0, "rhythm.bpm_histogram_first_peak_weight": 0.4285714626312256, "rhythm.bpm_histogram_second_peak_bpm": 96.0, "rhythm.bpm_histogram_second_peak_spread": 0.6666666865348816, "rhythm.bpm_histogram_second_peak_weight": 0.1090909093618393, "rhythm.danceability": 1.1205934286117554, "rhythm.onset_rate": 3.2875118255615234, "tonal.chords_changes_rate": 0.08667736500501633, "tonal.chords_number_rate": 0.019261637702584267, "tonal.chords_strength.mean": 0.4957391619682312, "tonal.chords_strength.stdev": 0.0720648542046547, "tonal.hpcp_crest.mean": 15.081047058105469, "tonal.hpcp_crest.stdev": 7.827315807342529, "tonal.hpcp_entropy.mean": 1.8478599786758423, "tonal.hpcp_entropy.stdev": 0.8639802932739258, "tonal.key_edma.strength": 0.7072358131408691, "tonal.key_krumhansl.strength": 0.6937102675437927, "tonal.key_temperley.strength": 0.6598305702209473, "tonal.tuning_diatonic_strength": 0.4538106322288513, "tonal.tuning_equal_tempered_deviation": 0.0663524940609932, "tonal.tuning_frequency": 440.2542419433594, "tonal.tuning_nontempered_energy_ratio": 0.66986483335495, "lowlevel.barkbands.mean": [8.50295009513502e-07, 6.865753903184668e-07, 2.7105811568617355e-06, 5.0937014748342335e-06, 0.0010490439599379897, 0.0006049712537787855, 0.004558240529149771, 0.002352057956159115, 0.0008978521800599992, 0.00022949585400056094, 0.0005352901644073427, 0.00029913417529314756, 0.00033755338517948985, 0.0005202267784625292, 0.000392471207305789, 0.00011709519458236173, 7.558825018350035e-05, 2.9290102247614413e-05, 1.019187766360119e-05, 1.2128948583267629e-05, 3.552670750650577e-05, 0.00037370994687080383, 6.183931418490829e-06, 2.570958734793294e-08, 3.151919258925773e-08, 5.124812130219425e-09, 2.0180752624554543e-09], "lowlevel.barkbands.stdev": [2.127699872289668e-06, 1.7178819007312995e-06, 8.089432412816677e-06, 1.132878151111072e-05, 0.0024003826547414064, 0.0028625952545553446, 0.012332852929830551, 0.009774754755198956, 0.0037722357083112, 0.0012511385139077902, 0.004453869070857763, 0.0015869361814111471, 0.001613872591406107, 0.0026016284245997667, 0.002883384469896555, 0.0006390244816429913, 0.00028325620223768055, 0.00019661597616504878, 5.981542562949471e-05, 6.416883843485266e-05, 0.00025550060672685504, 0.0013973593013361096, 4.9427326302975416e-05, 2.7202435148865334e-07, 2.2060919491195818e-07, 6.302454380602285e-08, 4.285819255045453e-09], "lowlevel.erbbands.mean": [1.2818978575523943e-05, 0.00025272928178310394, 0.0027154316194355488, 0.01584637723863125, 0.4393363893032074, 6.163120746612549, 2.5459907054901123, 6.717007160186768, 23.26044464111328, 111.2023696899414, 44.297279357910156, 19.172056198120117, 10.836475372314453, 10.494861602783203, 22.246450424194336, 11.437749862670898, 16.106889724731445, 23.93251609802246, 24.95139503479004, 14.167774200439453, 6.075173854827881, 4.613974094390869, 2.098322868347168, 0.3915799856185913, 0.8521907925605774, 0.48161694407463074, 0.4511229991912842, 4.2743024826049805, 17.55487632751465, 2.7475204467773438, 0.15455281734466553, 0.0076491269282996655, 0.001104232156649232, 0.0006048053037375212, 0.0001890212151920423, 5.792676893179305e-05, 1.6235606381087564e-05, 4.770506620843662e-06, 7.632494998688344e-06, 1.5066598280100152e-05], "lowlevel.erbbands.stdev": [2.2076434106566012e-05, 0.0005632833926938474, 0.006813100539147854, 0.025052983313798904, 0.9185278415679932, 14.42509651184082, 5.948431015014648, 30.66929054260254, 69.13068389892578, 315.8892822265625, 197.2518310546875, 79.29255676269531, 44.98244094848633, 55.98935317993164, 183.70208740234375, 52.943931579589844, 75.67364501953125, 103.30194854736328, 138.97216796875, 117.21078491210938, 32.31163787841797, 18.485559463500977, 11.716082572937012, 2.464599132537842, 4.488358974456787, 2.3964598178863525, 3.1241836547851562, 20.370914459228516, 65.92227172851562, 11.45021915435791, 0.9226711392402649, 0.036261264234781265, 0.005245004314929247, 0.0034624445252120495, 0.0012493550311774015, 0.00046710812603123486, 7.304629980353639e-05, 1.0804361409100238e-05, 1.6449965187348425e-05, 3.5185021260986105e-05], "lowlevel.gfcc.mean": [-259.2835388183594, 116.85672760009766, -173.77235412597656, -14.06046199798584, -93.8184814453125, -27.001745223999023, -25.563194274902344, -43.28724670410156, 12.720208168029785, 3.047757863998413, -24.53923225402832, 4.861868381500244, -18.518075942993164], "lowlevel.melbands.mean": [1.6269402181023906e-07, 9.71585905062966e-07, 5.8749628806253895e-06, 0.00021469805506058037, 0.00014931782789062709, 0.00014651731180492789, 0.0005016836803406477, 0.0010781357996165752, 0.00030560221057385206, 0.00010775842383736745, 5.1760609494522214e-05, 3.786059096455574e-05, 8.28127158456482e-05, 3.578626274247654e-05, 2.8341650249785744e-05, 3.799443584284745e-05, 4.524779069470242e-05, 4.351634925114922e-05, 2.642390609253198e-05, 1.0824873243109323e-05, 6.00501653025276e-06, 4.748407718579983e-06, 3.5674495393323014e-06, 7.362738756455656e-07, 2.2903225271875272e-07, 4.3761883716797456e-07, 7.724729016445053e-07, 1.9941381879107212e-07, 1.4440820450545289e-07, 4.5746000409963017e-07, 2.951276428575511e-06, 1.17467043310171e-05, 4.771441126649734e-06, 4.084520526248525e-07, 5.676655234765349e-08, 2.1606008093755236e-09, 3.9306538579531036e-10, 2.548636024446438e-10, 3.1449651216597374e-10, 4.287641075517712e-10], "lowlevel.melbands.stdev": [3.2574561714682204e-07, 2.4724320155655732e-06, 1.0594681953079998e-05, 0.0004985632840543985, 0.0003274591872468591, 0.0006682784296572208, 0.0013580124359577894, 0.003104299074038863, 0.0014808388659730554, 0.0004335573175922036, 0.00022180360974743962, 0.00020119480905123055, 0.0006884220638312399, 0.00022674247156828642, 0.0001433097932022065, 0.000167110949405469, 0.00021526172349695116, 0.00025256635854020715, 0.0002592496166471392, 6.506221689051017e-05, 3.40156075253617e-05, 1.927371158672031e-05, 1.8810838810168207e-05, 4.726671704702312e-06, 1.6682839714121656e-06, 2.5762176392163383e-06, 4.195743713353295e-06, 1.0292316119375755e-06, 1.0995380534950527e-06, 3.974224000558024e-06, 1.5014076780062169e-05, 4.418167009134777e-05, 2.0025090634590015e-05, 2.3151515051722527e-06, 6.04507818025013e-07, 1.9071535461989697e-08, 4.7266723868233385e-09, 2.487676953322193e-09, 2.2067072613651817e-09, 3.013109539651282e-09], "lowlevel.melbands128.mean": [2.151101483605089e-07, 6.791502471514832e-08, 9.972873016295125e-08, 4.1140719986287877e-07, 1.0369968777013128e-06, 1.3959163425170118e-06, 1.246054580406053e-06, 3.3417848044337006e-06, 1.276077819056809e-05, 0.00013754826795775443, 0.00047906709369271994, 0.0002505074080545455, 3.4080901968991384e-05, 5.557283293455839e-05, 0.00012443351442925632, 0.00021251157158985734, 0.00022617784270551056, 0.00024106542696245015, 0.0010941338259726763, 0.001909511280246079, 0.0005315652815625072, 0.00034078341559506953, 0.0003371731436345726, 0.00020798525656573474, 0.00010113529424415901, 6.985269283177331e-05, 9.784470603335649e-05, 3.732958066393621e-05, 2.844741175067611e-05, 3.7155328755034134e-05, 2.3166139726527035e-05, 7.213756907731295e-05, 0.0001234573865076527, 5.555708412430249e-05, 4.583776535582729e-05, 2.565772047091741e-05, 2.6186611648881808e-05, 2.8128581107011996e-05, 2.664739076863043e-05, 4.208852260489948e-05, 3.6880064726574346e-05, 3.948940138798207e-05, 3.986374940723181e-05, 5.926748417550698e-05, 4.115655610803515e-05, 5.3599284001393244e-05, 2.4443423171760514e-05, 2.7958061764365993e-05, 2.8480508262873627e-05, 1.345224791293731e-05, 7.563401595689356e-06, 9.106472134590149e-06, 7.777468454150949e-06, 3.6098194868827704e-06, 4.073504896950908e-06, 5.4243923841568176e-06, 5.033256002207054e-06, 3.9705059862171765e-06, 3.686100399136194e-06, 1.2807589655494667e-06, 4.955978170073649e-07, 3.0659563776680443e-07, 2.5187173946505936e-07, 1.8804107071446197e-07, 2.2456880799381906e-07, 3.096710088357213e-07, 5.91556386098091e-07, 1.0214504300165572e-06, 8.663419066579081e-07, 3.9378056726491195e-07, 1.734914718554137e-07, 1.107782736653462e-07, 7.440709737238649e-08, 1.1097716168251281e-07, 2.7697842597262934e-07, 3.4897851719506434e-07, 4.797195742867189e-07, 9.739119377627503e-07, 2.557380412326893e-06, 4.925888333673356e-06, 1.1886806532857008e-05, 1.670427263888996e-05, 8.088947652140632e-06, 3.838940301648108e-06, 1.1963037422901834e-06, 4.3294249962855247e-07, 2.0104673126297712e-07, 1.2342778177298896e-07, 4.688263999241826e-08, 1.1537914623716006e-08, 1.693071682851155e-09, 5.250460621830655e-10, 4.357196548010478e-10, 4.6272624620868896e-10, 3.220190225583508e-10, 2.3051435760201855e-10, 2.440457003149987e-10, 2.819120492603133e-10, 2.6178872958304567e-10, 3.522647729070627e-10, 4.496683858601358e-10, 5.137146263933801e-10, 3.261854952807397e-10, 1.6274662173465515e-10, 1.3436290968726894e-10, 9.390877658832508e-11, 1.3824059952316503e-10, 6.155481679925856e-11, 4.7462658803176794e-11, 5.851066853246323e-11, 5.33428926030588e-11, 1.966976928557962e-11, 1.3079760365075632e-11, 1.289684158078952e-11, 1.2273761000602956e-11, 1.1895410004236773e-11, 1.1084952400430836e-11, 1.0283182291792592e-11, 9.846888929243569e-12, 9.549457578861276e-12, 9.116953719745524e-12, 9.134941067467928e-12, 9.047485850788295e-12, 8.63929761063531e-12, 6.816981874824268e-12, 3.5471584437091197e-12, 1.792027463920487e-12, 1.5189227913631198e-12], "lowlevel.melbands128.stdev": [5.405079264164669e-07, 1.6031680161177064e-07, 2.3173598151515762e-07, 1.1127170864710934e-06, 2.771071194729302e-06, 4.350937160779722e-06, 2.9677948987227865e-06, 8.164631253748666e-06, 2.904290522565134e-05, 0.0003264077240601182, 0.001134914462454617, 0.0005682298797182739, 9.17995857889764e-05, 0.0003631295985542238, 0.0007241264102049172, 0.0011663573095574975, 0.0011412668973207474, 0.0012639426859095693, 0.003253795439377427, 0.00559120811522007, 0.0021688418928533792, 0.002194841392338276, 0.0018415827071294188, 0.001124330679886043, 0.0004986505955457687, 0.0002819629735313356, 0.0004721182049252093, 0.00018321687821298838, 0.00013840230531059206, 0.0003188858099747449, 0.00013964121171738952, 0.0004704781458713114, 0.0011405952973291278, 0.0006820480339229107, 0.0003373665676917881, 0.00015632239228580147, 0.0001540506782475859, 0.00015407543105538934, 0.00017210678197443485, 0.00024409222532995045, 0.00018119378364644945, 0.00015886110486462712, 0.00016118331404868513, 0.000424222118454054, 0.00025735292001627386, 0.00038353452691808343, 0.00016721799329388887, 0.00036734496825374663, 0.00031818615389056504, 9.103504999075085e-05, 4.306788832764141e-05, 5.7763718359638005e-05, 5.44068607268855e-05, 2.267114177811891e-05, 1.8407316019874997e-05, 2.9448074201354757e-05, 2.0112036509090103e-05, 1.9433629859122448e-05, 2.841595050995238e-05, 9.50824141909834e-06, 3.4985482670890633e-06, 2.5571591777406866e-06, 2.0124994080106262e-06, 1.3102857110425248e-06, 1.8562988088888233e-06, 2.239323521280312e-06, 3.8627467802143656e-06, 6.180497621244285e-06, 4.967767836205894e-06, 2.224373929493595e-06, 1.0362533657826134e-06, 8.038692840273143e-07, 5.685789119524998e-07, 8.826105499792902e-07, 2.5560386802681023e-06, 2.474274651831365e-06, 5.4176275625650305e-06, 8.966479981609154e-06, 1.7697162547847256e-05, 2.270031654916238e-05, 4.9326179578201845e-05, 6.539894820889458e-05, 3.4386506740702316e-05, 1.9615035853348672e-05, 6.280436082306551e-06, 2.6973059448209824e-06, 1.5364482806035085e-06, 1.546689873066498e-06, 4.950254606228555e-07, 1.168568601883635e-07, 1.9504955872662322e-08, 7.286032666087294e-09, 4.923820906554965e-09, 5.195321062245739e-09, 4.776233630821025e-09, 2.1449595433153945e-09, 2.200433391053025e-09, 2.940230947601208e-09, 2.073376359490453e-09, 2.398155896088383e-09, 3.4498202072796857e-09, 3.822754557347707e-09, 2.2348309869357763e-09, 1.5845762479926861e-09, 1.4473963139138846e-09, 1.0249000537143615e-09, 1.2736430798909737e-09, 8.383471694628497e-10, 7.755431852274342e-10, 7.940145207996352e-10, 1.0061490529622574e-09, 2.030196150082375e-10, 5.517068052407481e-11, 5.482233417231086e-11, 4.636951933534306e-11, 4.1671711220603314e-11, 3.423335226404589e-11, 3.132790901694271e-11, 2.7162704377414748e-11, 2.3162976744983688e-11, 2.02570720614359e-11, 1.6212198250542542e-11, 1.4152063201877674e-11, 1.093445126110204e-11, 8.597384956732235e-12, 7.399389261031342e-12, 6.521685101679164e-12, 6.161945086124998e-12], "lowlevel.mfcc.mean": [-893.0560302734375, 159.0087127685547, -43.08919143676758, -2.5858895778656006, -53.18723678588867, 11.600750923156738, -53.64405822753906, -20.59030532836914, 0.05751645937561989, -23.89510154724121, 25.257539749145508, -16.24976348876953, 3.575658082962036], "lowlevel.spectral_contrast_coeffs.mean": [-0.6573317646980286, -0.7344477772712708, -0.8200705647468567, -0.8043453693389893, -0.7991131544113159, -0.599192202091217], "lowlevel.spectral_contrast_coeffs.stdev": [0.14982405304908752, 0.12391024082899094, 0.07652861624956131, 0.08090125769376755, 0.07285365462303162, 0.13777795433998108], "lowlevel.spectral_contrast_valleys.mean": [-10.302629470825195, -7.890076160430908, -8.88522720336914, -9.255125999450684, -10.493194580078125, -14.46377182006836], "lowlevel.spectral_contrast_valleys.stdev": [1.1899566650390625, 1.5319141149520874, 1.5853111743927002, 1.4858139753341675, 1.2098382711410522, 0.7338821887969971], "rhythm.beats_loudness_band_ratio.mean": [0.025765109807252884, 0.15898260474205017, 0.58762127161026, 0.1412549763917923, 0.0671447142958641, 0.059247054159641266], "rhythm.beats_loudness_band_ratio.stdev": [0.07263556122779846, 0.1342114806175232, 0.1843702793121338, 0.12345679104328156, 0.08819034695625305, 0.14010678231716156], "tonal.hpcp.mean": [0.08999981731176376, 0.06416159123182297, 0.08563702553510666, 0.10901007801294327, 0.09613882005214691, 0.3074616491794586, 0.5097306370735168, 0.29049259424209595, 0.11443217098712921, 0.13358797132968903, 0.10465692728757858, 0.0853523537516594, 0.09326691180467606, 0.09446994215250015, 0.12024585902690887, 0.15652944147586823, 0.13014285266399384, 0.16584908962249756, 0.23396001756191254, 0.16192898154258728, 0.12528645992279053, 0.18039542436599731, 0.14982761442661285, 0.10408644378185272, 0.09950762987136841, 0.09245116263628006, 0.10563383996486664, 0.1203140914440155, 0.11436054855585098, 0.1399652659893036, 0.16801373660564423, 0.14409083127975464, 0.14174509048461914, 0.15382415056228638, 0.1229836717247963, 0.10159877687692642], "tonal.hpcp.stdev": [0.1668585240840912, 0.11911167949438095, 0.1653526872396469, 0.2103954255580902, 0.18384255468845367, 0.26079249382019043, 0.41624560952186584, 0.24672313034534454, 0.2081880420446396, 0.2522285580635071, 0.18259155750274658, 0.16552214324474335, 0.18295718729496002, 0.17842978239059448, 0.19819997251033783, 0.26684847474098206, 0.21175473928451538, 0.23376813530921936, 0.3456239700317383, 0.23750147223472595, 0.1994381695985794, 0.28069719672203064, 0.22139205038547516, 0.18422994017601013, 0.17344118654727936, 0.16636574268341064, 0.1752977967262268, 0.19745995104312897, 0.19375759363174438, 0.20807424187660217, 0.24091628193855286, 0.21837681531906128, 0.21905617415905, 0.2410946935415268, 0.19207929074764252, 0.16920088231563568], "rhythm.beats_position": [0.3366893231868744, 0.6849886775016785, 1.0448979139328003, 1.404807209968567, 1.7647165060043335, 2.1362357139587402, 2.5077550411224365, 2.867664337158203, 3.2624034881591797, 3.6455328464508057, 4.028662204742432, 4.4117913246154785, 4.806530475616455, 5.201269626617432, 5.572789192199707, 6.0023579597473145, 6.43192720413208, 6.861496448516846, 7.291065692901611, 7.732244968414307, 8.173423767089844, 8.626213073730469, 9.067392349243164, 9.50857162475586, 9.949749946594238, 10.402539253234863, 10.843718528747559, 11.284897804260254, 11.72607707977295, 12.248525619506836, 12.782585144042969, 13.316643714904785, 14.001632690429688, 14.675010681152344, 15.359999656677246, 16.04498863220215, 16.695146560668945, 17.333696365356445, 17.960634231567383, 18.575963973999023, 19.21451187133789, 19.84145164489746, 20.479999542236328, 21.09532928466797, 21.710657119750977, 22.349205017089844, 22.987754821777344, 23.61469268798828, 24.24163246154785, 24.86857032775879, 25.49551010131836, 26.110837936401367, 26.726167678833008, 27.318275451660156, 27.921995162963867, 28.514102935791016], "rhythm.bpm_histogram": [0.0, 0.0, 0.0, 0.0, 0.0, 0.0, 0.0, 0.0, 0.0, 0.0, 0.0, 0.0, 0.0, 0.0, 0.0, 0.0, 0.0, 0.0, 0.0, 0.0, 0.0, 0.0, 0.0, 0.0, 0.0, 0.0, 0.0, 0.0, 0.0, 0.0, 0.0, 0.0, 0.0, 0.0, 0.0, 0.0, 0.0, 0.0, 0.0, 0.0, 0.0, 0.0, 0.0, 0.0, 0.0, 0.0, 0.0, 0.0, 0.0, 0.0, 0.0, 0.0, 0.0, 0.0, 0.0, 0.0, 0.0, 0.0, 0.0, 0.0, 0.0, 0.0, 0.0, 0.0, 0.0, 0.0, 0.0, 0.0, 0.0, 0.0, 0.0, 0.0, 0.0, 0.0, 0.0, 0.0, 0.0, 0.0, 0.0, 0.0, 0.0, 0.0, 0.0, 0.0, 0.0, 0.0, 0.0, 0.0, 0.05454545468091965, 0.0181818176060915, 0.0, 0.0, 0.0181818176060915, 0.0, 0.09090909361839294, 0.0, 0.1090909093618393, 0.0, 0.09090909361839294, 0.0181818176060915, 0.0, 0.036363635212183, 0.0, 0.0, 0.0, 0.0, 0.0, 0.0, 0.0, 0.0, 0.0, 0.0, 0.036363635212183, 0.0, 0.0, 0.0181818176060915, 0.0, 0.0, 0.0, 0.0, 0.0, 0.0, 0.0, 0.0, 0.0, 0.0, 0.0, 0.0, 0.0, 0.0, 0.0, 0.0, 0.0, 0.036363635212183, 0.0, 0.0, 0.145454540848732, 0.0, 0.0, 0.0, 0.072727270424366, 0.0, 0.0, 0.0, 0.0, 0.0, 0.0, 0.0, 0.0, 0.0, 0.0, 0.0, 0.05454545468091965, 0.0, 0.0, 0.0, 0.0, 0.05454545468091965, 0.0, 0.0, 0.0, 0.05454545468091965, 0.0, 0.0, 0.0, 0.0, 0.0, 0.072727270424366, 0.0, 0.0, 0.0, 0.0, 0.0181818176060915, 0.0, 0.0, 0.0, 0.0, 0.0, 0.0, 0.0, 0.0, 0.0, 0.0, 0.0, 0.0, 0.0, 0.0, 0.0, 0.0, 0.0, 0.0, 0.0, 0.0, 0.0, 0.0, 0.0, 0.0, 0.0, 0.0, 0.0, 0.0, 0.0, 0.0, 0.0, 0.0, 0.0, 0.0, 0.0, 0.0, 0.0, 0.0, 0.0, 0.0, 0.0, 0.0, 0.0, 0.0, 0.0, 0.0, 0.0, 0.0, 0.0, 0.0, 0.0, 0.0, 0.0, 0.0, 0.0, 0.0, 0.0, 0.0, 0.0, 0.0, 0.0, 0.0, 0.0, 0.0, 0.0, 0.0, 0.0, 0.0, 0.0, 0.0, 0.0, 0.0, 0.0, 0.0, 0.0, 0.0, 0.0], "tonal.chords_histogram": [15.730337142944336, 13.162118911743164, 21.669342041015625, 0.0, 0.0, 0.0, 0.0, 11.396469116210938, 7.5441412925720215, 9.309791564941406, 1.926163673400879, 2.2471909523010254, 0.0, 0.0, 6.9020867347717285, 5.296950340270996, 0.0, 2.2471909523010254, 1.1235954761505127, 0.0, 0.0, 0.0, 0.642054557800293, 0.8025681972503662], "tonal.thpcp": [1.0, 0.5698943138122559, 0.22449538111686707, 0.26207560300827026, 0.20531810820102692, 0.16744600236415863, 0.18297293782234192, 0.18533307313919067, 0.23590078949928284, 0.3070826530456543, 0.25531691312789917, 0.32536613941192627, 0.4589875638484955, 0.3176755905151367, 0.2457895427942276, 0.3539034426212311, 0.2939348816871643, 0.2041989117860794, 0.195216104388237, 0.18137258291244507, 0.20723463594913483, 0.23603464663028717, 0.22435486316680908, 0.2745867371559143, 0.3296127915382385, 0.28268033266067505, 0.2780784070491791, 0.30177536606788635, 0.24127188324928284, 0.1993185579776764, 0.17656348645687103, 0.12587352097034454, 0.16800446808338165, 0.2138582020998001, 0.1886071115732193, 0.6031845808029175], "lowlevel.gfcc.cov": [[19480.677734375, 4103.98095703125, -3822.710205078125, 46.354122161865234, -1288.5196533203125, -1548.2073974609375, 154.1179962158203, -3271.4453125, 1013.03564453125, -1197.7939453125, -582.5271606445312, -38.951622009277344, -61.54585647583008], [4103.98095703125, 2475.71484375, -511.677490234375, -754.7802124023438, -63.31492233276367, -498.7837219238281, 72.91468048095703, -775.0540771484375, 149.35467529296875, -447.6672058105469, -136.14492797851562, 58.48056411743164, -25.12113380432129], [-3822.710205078125, -511.677490234375, 1266.22900390625, -162.65811157226562, 210.50340270996094, 228.7103271484375, -103.41558837890625, 627.481689453125, -332.0390930175781, 123.67729187011719, 115.05956268310547, 24.630647659301758, 78.11286926269531], [46.354122161865234, -754.7802124023438, -162.65811157226562, 842.537841796875, -81.89493560791016, -15.168379783630371, -51.75238800048828, -61.846656799316406, 76.6728286743164, 82.06781005859375, -59.92502212524414, -3.1199545860290527, 23.284832000732422], [-1288.5196533203125, -63.31492233276367, 210.50340270996094, -81.89493560791016, 446.9350280761719, 45.386531829833984, -118.4540023803711, 341.6914367675781, -86.58413696289062, 40.04135513305664, 63.040645599365234, -39.1888313293457, 6.635064125061035], [-1548.2073974609375, -498.7837219238281, 228.7103271484375, -15.168379783630371, 45.386531829833984, 370.001953125, 107.80750274658203, 249.9359130859375, -68.82233428955078, 151.9893798828125, 51.20265197753906, -36.355224609375, -52.5404052734375], [154.1179962158203, 72.91468048095703, -103.41558837890625, -51.75238800048828, -118.4540023803711, 107.80750274658203, 251.2641143798828, -26.260665893554688, 6.240602493286133, 1.4467724561691284, -4.3241753578186035, 4.20302152633667, -63.347599029541016], [-3271.4453125, -775.0540771484375, 627.481689453125, -61.846656799316406, 341.6914367675781, 249.9359130859375, -26.260665893554688, 810.2266845703125, -208.5404052734375, 177.59576416015625, 145.89242553710938, -36.72649002075195, 16.041475296020508], [1013.03564453125, 149.35467529296875, -332.0390930175781, 76.6728286743164, -86.58413696289062, -68.82233428955078, 6.240602493286133, -208.5404052734375, 237.57342529296875, 23.405420303344727, -66.02789306640625, 5.2007598876953125, -23.261865615844727], [-1197.7939453125, -447.6672058105469, 123.67729187011719, 82.06781005859375, 40.04135513305664, 151.9893798828125, 1.4467724561691284, 177.59576416015625, 23.405420303344727, 219.55636596679688, 54.03862380981445, -18.950424194335938, -20.534622192382812], [-582.5271606445312, -136.14492797851562, 115.05956268310547, -59.92502212524414, 63.040645599365234, 51.20265197753906, -4.3241753578186035, 145.89242553710938, -66.02789306640625, 54.03862380981445, 121.35216522216797, 7.539227485656738, -5.0493974685668945], [-38.951622009277344, 58.48056411743164, 24.630647659301758, -3.1199545860290527, -39.1888313293457, -36.355224609375, 4.20302152633667, -36.72649002075195, 5.2007598876953125, -18.950424194335938, 7.539227485656738, 114.5676498413086, 36.36323165893555], [-61.54585647583008, -25.12113380432129, 78.11286926269531, 23.284832000732422, 6.635064125061035, -52.5404052734375, -63.347599029541016, 16.041475296020508, -23.261865615844727, -20.534622192382812, -5.0493974685668945, 36.36323165893555, 85.96658325195312]], "lowlevel.gfcc.icov": [[0.000528933247551322, -0.00023360116756521165, 0.000832086312584579, -8.746342791710049e-05, 0.0004991026944480836, 0.00026857011835090816, 5.6586959544802085e-05, 0.0007738676504231989, -0.00042601567110978067, 0.0013396379072219133, -0.000785504758823663, 0.0011420088121667504, -0.0007235287921503186], [-0.00023360116756521165, 0.002473673550412059, -0.0010691474890336394, 0.0018536068964749575, -0.0021894637029618025, 0.0019456807058304548, -0.0020739128813147545, 0.0020522952545434237, -0.0009450499201193452, 0.0011091564083471894, 0.0004097319033462554, -0.0004854284634348005, 0.0007105728727765381], [0.000832086312584579, -0.0010691474890336394, 0.0036214198917150497, -0.0002620602317620069, 0.0019644461572170258, -0.0006754261557944119, 0.0019135265611112118, -0.0006417461554519832, 0.0019021930638700724, 0.0007689735502935946, -8.69833747856319e-05, 0.0007816760335117579, -0.0016082767397165298], [-8.746342791710049e-05, 0.0018536068964749575, -0.0002620602317620069, 0.0028819115832448006, -0.0011809079442173243, 0.0015973626868799329, -0.0010283406591042876, 0.00147341622505337, -0.00036162047763355076, -1.825778554120916e-06, 0.0012905312469229102, -0.00032415849273093045, 8.589779463363811e-05], [0.0004991026944480836, -0.0021894637029618025, 0.0019644461572170258, -0.0011809079442173243, 0.0065889060497283936, -0.0015969043597579002, 0.0043735867366194725, -0.0035876051988452673, 0.0008277869783341885, 0.0005933709908276796, -0.0006566850352101028, 0.0012240976793691516, 0.0004695311072282493], [0.00026857011835090816, 0.0019456807058304548, -0.0006754261557944119, 0.0015973626868799329, -0.0015969043597579002, 0.007932362146675587, -0.004219089634716511, 0.0019491291604936123, 0.00015588627138640732, -0.001438681734725833, 0.0006084332708269358, 0.0012267157435417175, 0.0016558704664930701], [5.6586959544802085e-05, -0.0020739128813147545, 0.0019135265611112118, -0.0010283406591042876, 0.0043735867366194725, -0.004219089634716511, 0.009749618358910084, -0.0033898218534886837, 0.0019534530583769083, -3.4763830626616254e-05, 0.0009507328504696488, -0.0021958518773317337, 0.004380007740110159], [0.0007738676504231989, 0.0020522952545434237, -0.0006417461554519832, 0.00147341622505337, -0.0035876051988452673, 0.0019491291604936123, -0.0033898218534886837, 0.007591542322188616, -0.0012126598739996552, 0.002237331587821245, -0.00276398123241961, 0.00264259846881032, -0.002182425931096077], [-0.00042601567110978067, -0.0009450499201193452, 0.0019021930638700724, -0.00036162047763355076, 0.0008277869783341885, 0.00015588627138640732, 0.0019534530583769083, -0.0012126598739996552, 0.0111242001876235, -0.007030544802546501, 0.005413743667304516, -0.0029953131452202797, 0.0024012478534132242], [0.0013396379072219133, 0.0011091564083471894, 0.0007689735502935946, -1.825778554120916e-06, 0.0005933709908276796, -0.001438681734725833, -3.4763830626616254e-05, 0.002237331587821245, -0.007030544802546501, 0.015320631675422192, -0.006371150724589825, 0.003778318874537945, -0.000998441711999476], [-0.000785504758823663, 0.0004097319033462554, -8.69833747856319e-05, 0.0012905312469229102, -0.0006566850352101028, 0.0006084332708269358, 0.0009507328504696488, -0.00276398123241961, 0.005413743667304516, -0.006371150724589825, 0.01533779688179493, -0.004903800319880247, 0.003843956394121051], [0.0011420088121667504, -0.0004854284634348005, 0.0007816760335117579, -0.00032415849273093045, 0.0012240976793691516, 0.0012267157435417175, -0.0021958518773317337, 0.00264259846881032, -0.0029953131452202797, 0.003778318874537945, -0.004903800319880247, 0.014455033466219902, -0.007713063154369593], [-0.0007235287921503186, 0.0007105728727765381, -0.0016082767397165298, 8.589779463363811e-05, 0.0004695311072282493, 0.0016558704664930701, 0.004380007740110159, -0.002182425931096077, 0.0024012478534132242, -0.000998441711999476, 0.003843956394121051, -0.007713063154369593, 0.02127036638557911]], "lowlevel.mfcc.cov": [[18462.01171875, 4349.09130859375, -3539.43701171875, 1112.0107421875, -2336.805419921875, 1454.175048828125, -2377.17431640625, -623.0911254882812, -264.03228759765625, -1893.2005615234375, 566.3632202148438, -1547.615234375, 233.5443115234375], [4349.09130859375, 3024.332763671875, -692.9815673828125, -455.1282653808594, -405.4844665527344, 29.561838150024414, -516.8810424804688, -94.17481231689453, -157.2939910888672, -624.9367065429688, 3.4901554584503174, -376.9124450683594, -37.772743225097656], [-3539.43701171875, -692.9815673828125, 1145.5299072265625, -270.0451965332031, 334.46185302734375, -268.4496765136719, 433.5857238769531, 123.24728393554688, -8.614358901977539, 280.807861328125, -197.73143005371094, 237.30496215820312, -40.07312774658203], [1112.0107421875, -455.1282653808594, -270.0451965332031, 692.4520874023438, -38.695350646972656, 126.61015319824219, -211.8167266845703, -78.08002471923828, 24.498451232910156, -102.81393432617188, -2.4299914836883545, -124.89391326904297, 70.81110382080078], [-2336.805419921875, -405.4844665527344, 334.46185302734375, -38.695350646972656, 681.3203125, -296.6562805175781, 234.1387176513672, 72.39306640625, 14.39301586151123, 286.43603515625, -184.453857421875, 181.55242919921875, -22.731616973876953], [1454.175048828125, 29.561838150024414, -268.4496765136719, 126.61015319824219, -296.6562805175781, 419.3946838378906, -202.45571899414062, -109.9886703491211, 19.42582130432129, -157.33424377441406, 173.91390991210938, -118.30655670166016, 19.177839279174805], [-2377.17431640625, -516.8810424804688, 433.5857238769531, -211.8167266845703, 234.1387176513672, -202.45571899414062, 564.0031127929688, 173.14352416992188, 1.777124285697937, 288.96661376953125, -77.21435546875, 271.412109375, -78.68699645996094], [-623.0911254882812, -94.17481231689453, 123.24728393554688, -78.08002471923828, 72.39306640625, -109.9886703491211, 173.14352416992188, 171.24542236328125, 24.94215965270996, 71.36557006835938, -42.947715759277344, 78.3654556274414, -18.514846801757812], [-264.03228759765625, -157.2939910888672, -8.614358901977539, 24.498451232910156, 14.39301586151123, 19.42582130432129, 1.777124285697937, 24.94215965270996, 131.50897216796875, 49.513282775878906, 36.08160400390625, 22.97648048400879, -12.522586822509766], [-1893.2005615234375, -624.9367065429688, 280.807861328125, -102.81393432617188, 286.43603515625, -157.33424377441406, 288.96661376953125, 71.36557006835938, 49.513282775878906, 405.8819580078125, -12.993553161621094, 195.1324920654297, -37.749656677246094], [566.3632202148438, 3.4901554584503174, -197.73143005371094, -2.4299914836883545, -184.453857421875, 173.91390991210938, -77.21435546875, -42.947715759277344, 36.08160400390625, -12.993553161621094, 228.41041564941406, 5.633072376251221, -20.601001739501953], [-1547.615234375, -376.9124450683594, 237.30496215820312, -124.89391326904297, 181.55242919921875, -118.30655670166016, 271.412109375, 78.3654556274414, 22.97648048400879, 195.1324920654297, 5.633072376251221, 256.8417663574219, -8.698115348815918], [233.5443115234375, -37.772743225097656, -40.07312774658203, 70.81110382080078, -22.731616973876953, 19.177839279174805, -78.68699645996094, -18.514846801757812, -12.522586822509766, -37.749656677246094, -20.601001739501953, -8.698115348815918, 124.19964599609375]], "lowlevel.mfcc.icov": [[0.0009711249731481075, -0.0008141581201925874, 0.0013608229346573353, -0.0010471140267327428, 0.0017356238095089793, -0.0012530924286693335, 0.0016538976924493909, -0.0011733289575204253, 0.0014270697720348835, -0.0007727487827651203, 0.0012350353645160794, 0.00014480657409876585, 0.00047044845996424556], [-0.0008141581201925874, 0.0016778582939878106, -0.0006408829358406365, 0.001941555761732161, -0.0015510760713368654, 0.0016110569704324007, -0.00098658527713269, 0.0009289525914937258, -0.0007630032487213612, 0.0018770734313875437, -0.0009543968481011689, 0.00035575925721786916, 6.84651531628333e-05], [0.0013608229346573353, -0.0006408829358406365, 0.0036880611442029476, -0.0006057554273866117, 0.0024529690854251385, -0.0016334466636180878, 0.0020333498250693083, -0.0014160024002194405, 0.002122322330251336, -0.000867406721226871, 0.003180402098223567, -0.00021180082694627345, 0.0010228926548734307], [-0.0010471140267327428, 0.001941555761732161, -0.0006057554273866117, 0.004151404835283756, -0.0022925029043108225, 0.001451912336051464, -0.0013044360093772411, 0.0014943619025871158, -0.001640612492337823, 0.0021043086890131235, -0.0007485015084967017, 0.0008659185259602964, -0.0008396284538321197], [0.0017356238095089793, -0.0015510760713368654, 0.0024529690854251385, -0.0022925029043108225, 0.006630540359765291, -0.0016835140995681286, 0.0041222344152629375, -0.0018475528340786695, 0.002484130673110485, -0.003446880728006363, 0.005152871832251549, -0.0020999261178076267, 0.0020833038724958897], [-0.0012530924286693335, 0.0016110569704324007, -0.0016334466636180878, 0.001451912336051464, -0.0016835140995681286, 0.007347471080720425, -0.0029777796007692814, 0.0034959809854626656, -0.002569778123870492, 0.0027918610721826553, -0.00523250550031662, 0.001857243594713509, -0.0014650088269263506], [0.0016538976924493909, -0.00098658527713269, 0.0020333498250693083, -0.0013044360093772411, 0.0041222344152629375, -0.0029777796007692814, 0.010615047067403793, -0.005822750274091959, 0.004715377930551767, -0.0034434390254318714, 0.005395658779889345, -0.00547593180090189, 0.005001494660973549], [-0.0011733289575204253, 0.0009289525914937258, -0.0014160024002194405, 0.0014943619025871158, -0.0018475528340786695, 0.0034959809854626656, -0.005822750274091959, 0.011633405461907387, -0.004708569031208754, 0.002146362094208598, -0.0015512257814407349, 0.0006154429283924401, -0.0016893569845706224], [0.0014270697720348835, -0.0007630032487213612, 0.002122322330251336, -0.001640612492337823, 0.002484130673110485, -0.002569778123870492, 0.004715377930551767, -0.004708569031208754, 0.011919498443603516, -0.0024194251745939255, 0.0011869203299283981, -0.0009369269828312099, 0.0024393084459006786], [-0.0007727487827651203, 0.0018770734313875437, -0.000867406721226871, 0.0021043086890131235, -0.003446880728006363, 0.0027918610721826553, -0.0034434390254318714, 0.002146362094208598, -0.0024194251745939255, 0.008293810300529003, -0.0037330242339521646, 0.0006035748519934714, -0.0006792872445657849], [0.0012350353645160794, -0.0009543968481011689, 0.003180402098223567, -0.0007485015084967017, 0.005152871832251549, -0.00523250550031662, 0.005395658779889345, -0.0015512257814407349, 0.0011869203299283981, -0.0037330242339521646, 0.013920181430876255, -0.00595998577773571, 0.004655133467167616], [0.00014480657409876585, 0.00035575925721786916, -0.0002118