{"song_id": "1182270517521174538", "download": "https://cdn.discordapp.com/attachments/1135903449314238464/1182270517521174538/chirp.mp4?ex=65841638&amp", "lyrics": "\u05d9\u05d5\u05dd \u05d4\u05d5\u05dc\u05d3\u05ea \u05e9\u05de\u05d7\n\u05dc\u05d0\u05dc\u05d9\u05df \u05d5\u05d9\u05d5\u05d1\u05dc\n\u05de\u05d6\u05dc \u05d8\u05d5\u05d1 \u05de\u05db\u05dc \u05d4\u05db\u05d9\u05ea\u05d4, \n\u05e1\u05d5\u05e4\u05d2\u05e0\u05d9\u05ea \u05d4\u05e1\u05d5\u05db\u05d4 \n\u05d7\u05e8\u05d8\u05d4 \u05e9\u05de\u05d7 \n\u05de\u05d4 \u05e0\u05e7\u05e0\u05d4 \u05dc\u05d5 \u05de\u05ea\u05e0\u05d4 \n\u05e9\u05d5\u05dd \u05d3\u05d1\u05e8", "style": ["rap"], "essentia_features": {"lowlevel.average_loudness": 0.9787742495536804, "lowlevel.barkbands_crest.mean": 14.488837242126465, "lowlevel.barkbands_crest.stdev": 5.10162353515625, "lowlevel.barkbands_flatness_db.mean": 0.22703513503074646, "lowlevel.barkbands_flatness_db.stdev": 0.08659251034259796, "lowlevel.barkbands_kurtosis.mean": 39.43582534790039, "lowlevel.barkbands_kurtosis.stdev": 102.220947265625, "lowlevel.barkbands_skewness.mean": 3.8856139183044434, "lowlevel.barkbands_skewness.stdev": 3.8970208168029785, "lowlevel.barkbands_spread.mean": 21.062829971313477, "lowlevel.barkbands_spread.stdev": 21.56827735900879, "lowlevel.dissonance.mean": 0.4554345905780792, "lowlevel.dissonance.stdev": 0.03477856516838074, "lowlevel.dynamic_complexity": 3.3407230377197266, "lowlevel.erbbands_crest.mean": 9.854316711425781, "lowlevel.erbbands_crest.stdev": 3.857318878173828, "lowlevel.erbbands_flatness_db.mean": 0.14963646233081818, "lowlevel.erbbands_flatness_db.stdev": 0.04794129729270935, "lowlevel.erbbands_kurtosis.mean": 1.7165887355804443, "lowlevel.erbbands_kurtosis.stdev": 3.8489439487457275, "lowlevel.erbbands_skewness.mean": 0.1775086224079132, "lowlevel.erbbands_skewness.stdev": 1.266858458518982, "lowlevel.erbbands_spread.mean": 48.34549331665039, "lowlevel.erbbands_spread.stdev": 33.56906509399414, "lowlevel.hfc.mean": 26.75105857849121, "lowlevel.hfc.stdev": 27.58006477355957, "lowlevel.loudness_ebu128.integrated": -14.653932571411133, "lowlevel.loudness_ebu128.loudness_range": 0.2591075897216797, "lowlevel.loudness_ebu128.momentary.mean": -15.151422500610352, "lowlevel.loudness_ebu128.momentary.stdev": 2.243604898452759, "lowlevel.loudness_ebu128.short_term.mean": -14.675771713256836, "lowlevel.loudness_ebu128.short_term.stdev": 0.10095951706171036, "lowlevel.melbands_crest.mean": 26.755847930908203, "lowlevel.melbands_crest.stdev": 9.030064582824707, "lowlevel.melbands_flatness_db.mean": 0.2942715287208557, "lowlevel.melbands_flatness_db.stdev": 0.10500948131084442, "lowlevel.melbands_kurtosis.mean": 89.48995971679688, "lowlevel.melbands_kurtosis.stdev": 164.76930236816406, "lowlevel.melbands_skewness.mean": 5.946502208709717, "lowlevel.melbands_skewness.stdev": 4.970235347747803, "lowlevel.melbands_spread.mean": 19.89812660217285, "lowlevel.melbands_spread.stdev": 29.857864379882812, "lowlevel.pitch_salience.mean": 0.3345246911048889, "lowlevel.pitch_salience.stdev": 0.1742667853832245, "lowlevel.silence_rate_20dB.mean": 0.97826087474823, "lowlevel.silence_rate_20dB.stdev": 0.14583057165145874, "lowlevel.silence_rate_30dB.mean": 0.752173900604248, "lowlevel.silence_rate_30dB.stdev": 0.4317496716976166, "lowlevel.silence_rate_60dB.mean": 0.04565217345952988, "lowlevel.silence_rate_60dB.stdev": 0.20872952044010162, "lowlevel.spectral_centroid.mean": 1492.364501953125, "lowlevel.spectral_centroid.stdev": 1207.954345703125, "lowlevel.spectral_complexity.mean": 11.745652198791504, "lowlevel.spectral_complexity.stdev": 8.714712142944336, "lowlevel.spectral_decrease.mean": -2.273898047633338e-08, "lowlevel.spectral_decrease.stdev": 2.3407535465480578e-08, "lowlevel.spectral_energy.mean": 0.08824849128723145, "lowlevel.spectral_energy.stdev": 0.08871301263570786, "lowlevel.spectral_energyband_high.mean": 0.0019923090003430843, "lowlevel.spectral_energyband_high.stdev": 0.003259963821619749, "lowlevel.spectral_energyband_low.mean": 0.06812754273414612, "lowlevel.spectral_energyband_low.stdev": 0.08759309351444244, "lowlevel.spectral_energyband_middle_high.mean": 0.0031853802502155304, "lowlevel.spectral_energyband_middle_high.stdev": 0.004979847464710474, "lowlevel.spectral_energyband_middle_low.mean": 0.009177700616419315, "lowlevel.spectral_energyband_middle_low.stdev": 0.0165642611682415, "lowlevel.spectral_entropy.mean": 7.714510440826416, "lowlevel.spectral_entropy.stdev": 0.5656970143318176, "lowlevel.spectral_flux.mean": 0.14656756818294525, "lowlevel.spectral_flux.stdev": 0.1183793768286705, "lowlevel.spectral_kurtosis.mean": 4.063468933105469, "lowlevel.spectral_kurtosis.stdev": 5.289211273193359, "lowlevel.spectral_rms.mean": 0.008297163061797619, "lowlevel.spectral_rms.stdev": 0.004153707064688206, "lowlevel.spectral_rolloff.mean": 1041.78515625, "lowlevel.spectral_rolloff.stdev": 2028.135498046875, "lowlevel.spectral_skewness.mean": 1.515228033065796, "lowlevel.spectral_skewness.stdev": 0.8478037714958191, "lowlevel.spectral_spread.mean": 6276761.5, "lowlevel.spectral_spread.stdev": 2525797.75, "lowlevel.spectral_strongpeak.mean": 0.4209934175014496, "lowlevel.spectral_strongpeak.stdev": 0.6893436312675476, "lowlevel.zerocrossingrate.mean": 0.04395592585206032, "lowlevel.zerocrossingrate.stdev": 0.04564626142382622, "metadata.audio_properties.analysis.equal_loudness": 0.0, "metadata.audio_properties.analysis.length": 10.645328521728516, "metadata.audio_properties.analysis.sample_rate": 44100.0, "metadata.audio_properties.analysis.start_time": 0.0, "metadata.audio_properties.bit_rate": 123973.0, "metadata.audio_properties.length": 10.645333290100098, "metadata.audio_properties.lossless": 0.0, "metadata.audio_properties.number_channels": 1.0, "metadata.audio_properties.replay_gain": -10.91240119934082, "metadata.audio_properties.sample_rate": 48000.0, "rhythm.beats_count": 18.0, "rhythm.beats_loudness.mean": 0.10295900702476501, "rhythm.beats_loudness.stdev": 0.08206307888031006, "rhythm.bpm": 106.8905029296875, "rhythm.bpm_histogram_first_peak_bpm": 108.0, "rhythm.bpm_histogram_first_peak_weight": 0.3529411554336548, "rhythm.bpm_histogram_second_peak_bpm": 0.0, "rhythm.bpm_histogram_second_peak_spread": 0.0, "rhythm.bpm_histogram_second_peak_weight": 0.0, "rhythm.danceability": 1.948001742362976, "rhythm.onset_rate": 5.4419426918029785, "tonal.chords_changes_rate": 0.06493506580591202, "tonal.chords_number_rate": 0.03030303120613098, "tonal.chords_strength.mean": 0.4149658679962158, "tonal.chords_strength.stdev": 0.07423578947782516, "tonal.hpcp_crest.mean": 13.189979553222656, "tonal.hpcp_crest.stdev": 4.951566219329834, "tonal.hpcp_entropy.mean": 1.947745680809021, "tonal.hpcp_entropy.stdev": 0.679079532623291, "tonal.key_edma.strength": 0.6267762184143066, "tonal.key_krumhansl.strength": 0.6118935346603394, "tonal.key_temperley.strength": 0.5901274085044861, "tonal.tuning_diatonic_strength": 0.44897010922431946, "tonal.tuning_equal_tempered_deviation": 0.1742514669895172, "tonal.tuning_frequency": 434.193115234375, "tonal.tuning_nontempered_energy_ratio": 0.7441003322601318, "lowlevel.barkbands.mean": [0.02673216722905636, 0.041820403188467026, 0.005398259032517672, 0.0023036529310047626, 0.001832823152653873, 0.0005887658335268497, 0.0010598936351016164, 0.0018376054940745234, 0.0014004056574776769, 0.00035755749559029937, 0.00047330246889032423, 0.0006606514798477292, 0.0005271738045848906, 0.00037554671871475875, 0.00021305469272192568, 0.00022263875871431082, 0.0001819669414544478, 0.0001093818063964136, 0.00013129330181982368, 7.214368088170886e-05, 0.00014618202112615108, 0.0003398653061594814, 0.0008368549752049148, 0.00036980645381845534, 0.000160899042384699, 9.476829291088507e-05, 1.5581540537823457e-06], "lowlevel.barkbands.stdev": [0.022417854517698288, 0.07879183441400528, 0.021264156326651573, 0.010800252668559551, 0.004872542805969715, 0.0012063859030604362, 0.002046876586973667, 0.0033276474568992853, 0.0029797067400068045, 0.0008382652304135263, 0.0014745112275704741, 0.0015255705220624804, 0.0011702830670401454, 0.0008917039376683533, 0.000575782498344779, 0.000495833286549896, 0.0003561862977221608, 0.00031217228388413787, 0.00048275550943799317, 0.0002455092326272279, 0.0002889813913498074, 0.0005787001573480666, 0.0016464346554130316, 0.0006802099524065852, 0.00029907282441854477, 0.00020948861492797732, 5.049080755270552e-06], "lowlevel.erbbands.mean": [2.1030306816101074, 6.153504371643066, 6.921951770782471, 7.875032424926758, 5.300545692443848, 7.1404805183410645, 5.1171650886535645, 5.5724639892578125, 9.07347583770752, 34.893802642822266, 37.667667388916016, 29.9865779876709, 17.107336044311523, 11.8931245803833, 24.230632781982422, 26.249080657958984, 23.961444854736328, 21.942018508911133, 13.979918479919434, 10.907617568969727, 13.346501350402832, 9.769505500793457, 5.607544422149658, 7.8866376876831055, 4.677656173706055, 3.427807569503784, 4.564455986022949, 7.280029296875, 13.421309471130371, 17.235715866088867, 22.90848159790039, 12.017380714416504, 4.10011625289917, 2.057602882385254, 1.0102653503417969, 0.4576469361782074, 0.1789187490940094, 0.019810806959867477, 0.00043889950029551983, 0.00011750747944461182], "lowlevel.erbbands.stdev": [3.3742315769195557, 14.982970237731934, 22.63150405883789, 33.64659881591797, 23.562593460083008, 16.592985153198242, 11.954408645629883, 11.175844192504883, 15.186199188232422, 71.88520050048828, 66.09033966064453, 64.89825439453125, 38.98570251464844, 26.632022857666016, 72.65299224853516, 58.250186920166016, 51.58026123046875, 47.611717224121094, 34.417720794677734, 27.11425018310547, 25.67316436767578, 19.549829483032227, 16.83251953125, 24.722543716430664, 16.99308967590332, 11.555855751037598, 11.47667121887207, 12.848058700561523, 23.98172378540039, 31.79295539855957, 45.56789016723633, 22.90206527709961, 7.620728969573975, 3.7426507472991943, 2.120084762573242, 0.9791463613510132, 0.41893288493156433, 0.04709796607494354, 0.000904243323020637, 0.00010052319703390822], "lowlevel.gfcc.mean": [-18.697614669799805, 74.37431335449219, -80.94422912597656, 32.482810974121094, -57.56424331665039, 39.978118896484375, -26.950498580932617, 21.78537368774414, 0.29084134101867676, 13.598113059997559, -8.026288986206055, 9.212638854980469, -12.395940780639648], "lowlevel.melbands.mean": [0.016805510967969894, 0.004892631899565458, 0.0012622083304449916, 0.00040500800241716206, 0.0002289238036610186, 0.00012161387712694705, 0.00015773391351103783, 0.00039434005157090724, 0.00031209338339976966, 0.0001784872729331255, 8.137464465107769e-05, 4.400769103085622e-05, 7.137153443181887e-05, 7.750806253170595e-05, 6.179136107675731e-05, 4.8120909923454747e-05, 4.024044392281212e-05, 2.3775341105647385e-05, 1.5269122741301544e-05, 1.4038381777936593e-05, 1.6174581105588004e-05, 1.1681715477607213e-05, 5.162459274288267e-06, 4.941408860759111e-06, 6.764219051547116e-06, 4.259137767803622e-06, 2.270336835863418e-06, 2.262651833007112e-06, 2.442888899167883e-06, 3.6357798762765015e-06, 4.353385065769544e-06, 7.473555797332665e-06, 6.779097475373419e-06, 1.2331445759627968e-05, 1.4158710655465256e-05, 1.1522411114128772e-05, 5.684592906618491e-06, 2.9733430437772768e-06, 1.973601911231526e-06, 1.6377382507926086e-06], "lowlevel.melbands.stdev": [0.024981020018458366, 0.012250082567334175, 0.005362572148442268, 0.0012112506665289402, 0.0005126473843120039, 0.0002444261044729501, 0.000260692264419049, 0.0007943871314637363, 0.0005713173886761069, 0.00039206468500196934, 0.0001922124793054536, 0.00010201796976616606, 0.00020961035625077784, 0.00018893102242145687, 0.00013443986244965345, 0.00010770216613309458, 9.437004337087274e-05, 6.221952935447916e-05, 4.344995249994099e-05, 3.5416062019066885e-05, 2.952259274024982e-05, 2.304412737430539e-05, 1.7426764316041954e-05, 1.3307829249242786e-05, 2.171133746742271e-05, 1.6765330656198785e-05, 7.3689666351128835e-06, 8.259562491730321e-06, 6.790016414015554e-06, 7.965975783008616e-06, 7.534000815212494e-06, 1.3306928849488031e-05, 1.2484544640756212e-05, 2.4336881324416026e-05, 2.9003746021771803e-05, 2.3936592697282322e-05, 1.0607315743982326e-05, 5.612620498141041e-06, 3.915015895472607e-06, 3.0202907055354444e-06], "lowlevel.melbands128.mean": [0.019401349127292633, 0.02101019397377968, 0.015964318066835403, 0.008450367487967014, 0.004011498764157295, 0.0025351187214255333, 0.0017164525343105197, 0.0009461752488277853, 0.0004544158582575619, 0.0003088187368120998, 0.00044450705172494054, 0.000370688212569803, 0.0001531014422653243, 8.016044012038037e-05, 0.00011030008317902684, 0.00016359658911824226, 0.00012266442354302853, 0.00011069609900005162, 0.00023433819296769798, 0.00048557412810623646, 0.00043354969238862395, 0.0002635361743159592, 0.000338405545335263, 0.0003088667872361839, 0.0001805763313313946, 0.00013810668315272778, 0.0001337944995611906, 7.063482917146757e-05, 4.286690091248602e-05, 4.058981721755117e-05, 4.393944618641399e-05, 5.189794683246873e-05, 6.35814867564477e-05, 9.861170110525563e-05, 8.445326966466382e-05, 6.700645462842658e-05, 7.144134724512696e-05, 6.202065560501069e-05, 5.7589542848290876e-05, 5.047014565207064e-05, 4.600887041306123e-05, 4.797891597263515e-05, 3.799055775743909e-05, 4.2244017095072195e-05, 2.523273360566236e-05, 2.3755303118377924e-05, 1.5736319255665876e-05, 1.5877762052696198e-05, 1.4284660210250877e-05, 1.4657386600447353e-05, 1.2687306480074767e-05, 1.4642224414274096e-05, 1.6927000615396537e-05, 1.6351736121578142e-05, 1.648544093768578e-05, 1.2840347153542098e-05, 5.991004400129896e-06, 4.7409448598045856e-06, 5.509403763426235e-06, 4.374902346171439e-06, 4.2515275708865374e-06, 5.908637831453234e-06, 6.575395673280582e-06, 7.855886906327214e-06, 5.729410986532457e-06, 4.336013716965681e-06, 3.276493089288124e-06, 2.360284497626708e-06, 2.045742576228804e-06, 2.022924718403374e-06, 2.3790048544469755e-06, 2.1650346297974465e-06, 2.503794121366809e-06, 2.2971496491663856e-06, 2.5826866476563737e-06, 3.9413312151737045e-06, 3.994759481429355e-06, 3.322402108096867e-06, 4.529371835815255e-06, 5.015470378566533e-06, 6.204985766089521e-06, 1.0053266123577487e-05, 7.700137757638004e-06, 7.1161712185130455e-06, 4.923718734062277e-06, 5.935493845754536e-06, 1.5676308976253495e-05, 2.3957210942171514e-05, 9.817914360610303e-06, 1.0514678251638543e-05, 1.6712738215574063e-05, 9.388363650941756e-06, 8.882514521246776e-06, 5.446504019346321e-06, 4.074790467711864e-06, 3.2705761441320647e-06, 2.8558870326378383e-06, 2.2658582565782126e-06, 1.9726126083696727e-06, 1.8215722548120539e-06, 1.8019378558165045e-06, 1.5849220744712511e-06, 1.5208429431368131e-06, 1.2056351579303737e-06, 1.0470738516232814e-06, 1.0887700909734122e-06, 9.979736432796926e-07, 7.146282996473019e-07, 7.938510293570289e-07, 7.706941573815129e-07, 6.737691364833154e-07, 6.249688340176363e-07, 6.433866133193078e-07, 5.020165758651274e-07, 3.043069227715023e-07, 2.2702556634612847e-07, 6.352183135049927e-08, 3.1999254357373275e-09, 9.15741926732494e-11, 2.975219029477394e-11, 1.965078794130548e-11, 1.2051385930855751e-11, 1.1265492878831385e-11, 1.1063272693789816e-11, 1.0864765684348576e-11, 1.065486501111712e-11, 1.0522330402829017e-11, 1.0457780474926182e-11], "lowlevel.melbands128.stdev": [0.015677371993660927, 0.031124528497457504, 0.03606489673256874, 0.02244742400944233, 0.013008126057684422, 0.010240796953439713, 0.007606597617268562, 0.004557336214929819, 0.0022012246772646904, 0.0010062805376946926, 0.0010174830676987767, 0.000890000956133008, 0.00041100828093476593, 0.00025375018594786525, 0.0002504907897673547, 0.0003769116010516882, 0.00030844093998894095, 0.00024592585396021605, 0.0005162484594620764, 0.001209948561154306, 0.0010761655867099762, 0.0006478055147454143, 0.0008434411138296127, 0.0007850010297261178, 0.0005758266779594123, 0.000443782948423177, 0.0004010701086372137, 0.0002171528321923688, 0.00011077467206632718, 0.00010579391528153792, 0.00012745664571411908, 0.00015441207506228238, 0.00019944550876971334, 0.00042316134204156697, 0.0002406163839623332, 0.00018567479855846614, 0.00020502941333688796, 0.0001662796421442181, 0.00015030479698907584, 0.0001591474429005757, 0.0001307616475969553, 0.00012922841415274888, 0.00011129170161439106, 0.00013432819105219096, 7.125234697014093e-05, 9.000731370178983e-05, 4.817129229195416e-05, 6.192683940753341e-05, 4.5836277422495186e-05, 4.3932857806794345e-05, 3.572144851204939e-05, 4.527263081399724e-05, 3.4334207157371566e-05, 3.162080611218698e-05, 3.2894797186600044e-05, 2.9061407985864207e-05, 1.561419412610121e-05, 1.773153962858487e-05, 2.2080304916016757e-05, 1.6200425307033584e-05, 1.2095774764020462e-05, 1.7234706319868565e-05, 1.598085873411037e-05, 3.279105658293702e-05, 2.4424360162811354e-05, 1.718879684631247e-05, 1.4077548257773742e-05, 8.632719072920736e-06, 6.022660727467155e-06, 6.7759833655145485e-06, 1.076011176337488e-05, 7.360047675319947e-06, 9.792438504518941e-06, 5.846013209520606e-06, 7.482188266294543e-06, 9.701360795588698e-06, 8.693338713783305e-06, 6.476082944573136e-06, 8.763347068452276e-06, 9.507264621788636e-06, 1.1105626981589012e-05, 2.215530548710376e-05, 1.6367159332730807e-05, 1.401674762746552e-05, 1.0010383448388893e-05, 1.1822208762168884e-05, 3.518556331982836e-05, 5.583034362643957e-05, 2.2507956600748003e-05, 2.082685023196973e-05, 3.958782326662913e-05, 1.91382259799866e-05, 1.935622640303336e-05, 1.0784387086459901e-05, 8.110144335660152e-06, 6.394347110472154e-06, 5.4976817409624346e-06, 5.585425242315978e-06, 4.343230557424249e-06, 3.7343975236581173e-06, 3.526005457388237e-06, 3.3440269362472463e-06, 3.1400625175592722e-06, 2.6459683795110323e-06, 2.7460196179163177e-06, 2.6204247660643887e-06, 2.1814801129949046e-06, 1.6435869838460349e-06, 1.7417428352928255e-06, 2.0964407667634077e-06, 1.4227201745597995e-06, 1.946473958014394e-06, 1.5308671663660789e-06, 1.2470459296309855e-06, 8.32251089377678e-07, 6.067793947295286e-07, 1.8632778164828778e-07, 2.5591857522044847e-08, 1.54104062843885e-09, 3.262669856507472e-10, 1.3754124228437803e-10, 2.2861167819909767e-11, 2.165117390928728e-11, 2.1271082117912954e-11, 2.094784068429334e-11, 2.06837342392463e-11, 2.0498514344269303e-11, 2.038390289893499e-11], "lowlevel.mfcc.mean": [-671.259033203125, 109.36798095703125, 35.91625213623047, 8.247448921203613, 10.010032653808594, 19.18171501159668, -2.9649908542633057, 18.847057342529297, 9.350746154785156, 12.254087448120117, 14.400457382202148, 16.902511596679688, 7.308986663818359], "lowlevel.spectral_contrast_coeffs.mean": [-0.7655534744262695, -0.7602490186691284, -0.8064541220664978, -0.8092424869537354, -0.7996499538421631, -0.7667283415794373], "lowlevel.spectral_contrast_coeffs.stdev": [0.07719945162534714, 0.08502782136201859, 0.06032128259539604, 0.056542567908763885, 0.05330265685915947, 0.044170551002025604], "lowlevel.spectral_contrast_valleys.mean": [-6.848682880401611, -6.837777137756348, -7.551087379455566, -7.953370094299316, -8.339424133300781, -10.01113510131836], "lowlevel.spectral_contrast_valleys.stdev": [0.9445653557777405, 0.7770616412162781, 0.9049762487411499, 0.8968879580497742, 1.0104154348373413, 1.3402265310287476], "rhythm.beats_loudness_band_ratio.mean": [0.748525083065033, 0.024922404438257217, 0.09391830116510391, 0.04218459501862526, 0.03405727446079254, 0.06495721638202667], "rhythm.beats_loudness_band_ratio.stdev": [0.28901728987693787, 0.05494095757603645, 0.1666734367609024, 0.05575939267873764, 0.0594116672873497, 0.13666820526123047], "tonal.hpcp.mean": [0.04020329564809799, 0.035893309861421585, 0.027259325608611107, 0.019694563001394272, 0.024622676894068718, 0.03561702370643616, 0.04883280023932457, 0.0635078102350235, 0.07593591511249542, 0.13563458621501923, 0.16450563073158264, 0.0952262431383133, 0.0384652316570282, 0.03472820296883583, 0.04412765055894852, 0.09186752140522003, 0.17499981820583344, 0.14999540150165558, 0.0737379714846611, 0.046077046543359756, 0.030624249950051308, 0.03412296995520592, 0.038441188633441925, 0.3168409466743469, 0.5813732147216797, 0.29095616936683655, 0.023708203807473183, 0.034654028713703156, 0.033130522817373276, 0.02370063029229641, 0.02488914504647255, 0.029876407235860825, 0.029674703255295753, 0.032628461718559265, 0.049480218440294266, 0.052990466356277466], "tonal.hpcp.stdev": [0.13966558873653412, 0.15064914524555206, 0.11690900474786758, 0.08873161673545837, 0.09587753564119339, 0.12361043691635132, 0.11997878551483154, 0.17638970911502838, 0.177659273147583, 0.27651870250701904, 0.304086834192276, 0.2261698693037033, 0.1172027513384819, 0.11885136365890503, 0.1446930468082428, 0.19042044878005981, 0.2923053801059723, 0.26324594020843506, 0.17764824628829956, 0.15172091126441956, 0.11368893831968307, 0.12900209426879883, 0.1399160623550415, 0.2458369880914688, 0.45518526434898376, 0.23033112287521362, 0.08035236597061157, 0.12356960028409958, 0.11865030974149704, 0.08565905690193176, 0.07280806452035904, 0.09468788653612137, 0.10276831686496735, 0.125558003783226, 0.16760769486427307, 0.1784452348947525], "rhythm.beats_position": [0.5340589284896851, 1.09133780002594, 1.6486167907714844, 2.2058956623077393, 2.763174533843994, 3.3320634365081787, 3.9009523391723633, 4.458230972290039, 5.015510082244873, 5.572789192199707, 6.130067825317383, 6.6989569664001465, 7.267845630645752, 7.825124740600586, 8.382403373718262, 8.951292037963867, 9.520181655883789, 10.077460289001465], "rhythm.bpm_histogram": [0.0, 0.0, 0.0, 0.0, 0.0, 0.0, 0.0, 0.0, 0.0, 0.0, 0.0, 0.0, 0.0, 0.0, 0.0, 0.0, 0.0, 0.0, 0.0, 0.0, 0.0, 0.0, 0.0, 0.0, 0.0, 0.0, 0.0, 0.0, 0.0, 0.0, 0.0, 0.0, 0.0, 0.0, 0.0, 0.0, 0.0, 0.0, 0.0, 0.0, 0.0, 0.0, 0.0, 0.0, 0.0, 0.0, 0.0, 0.0, 0.0, 0.0, 0.0, 0.0, 0.0, 0.0, 0.0, 0.0, 0.0, 0.0, 0.0, 0.0, 0.0, 0.0, 0.0, 0.0, 0.0, 0.0, 0.0, 0.0, 0.0, 0.0, 0.0, 0.0, 0.0, 0.0, 0.0, 0.0, 0.0, 0.0, 0.0, 0.0, 0.0, 0.0, 0.0, 0.0, 0.0, 0.0, 0.0, 0.0, 0.0, 0.0, 0.0, 0.0, 0.0, 0.0, 0.0, 0.0, 0.0, 0.0, 0.0, 0.0, 0.0, 0.0, 0.0, 0.0, 0.0, 0.3529411852359772, 0.0, 0.0, 0.6470588445663452, 0.0, 0.0, 0.0, 0.0, 0.0, 0.0, 0.0, 0.0, 0.0, 0.0, 0.0, 0.0, 0.0, 0.0, 0.0, 0.0, 0.0, 0.0, 0.0, 0.0, 0.0, 0.0, 0.0, 0.0, 0.0, 0.0, 0.0, 0.0, 0.0, 0.0, 0.0, 0.0, 0.0, 0.0, 0.0, 0.0, 0.0, 0.0, 0.0, 0.0, 0.0, 0.0, 0.0, 0.0, 0.0, 0.0, 0.0, 0.0, 0.0, 0.0, 0.0, 0.0, 0.0, 0.0, 0.0, 0.0, 0.0, 0.0, 0.0, 0.0, 0.0, 0.0, 0.0, 0.0, 0.0, 0.0, 0.0, 0.0, 0.0, 0.0, 0.0, 0.0, 0.0, 0.0, 0.0, 0.0, 0.0, 0.0, 0.0, 0.0, 0.0, 0.0, 0.0, 0.0, 0.0, 0.0, 0.0, 0.0, 0.0, 0.0, 0.0, 0.0, 0.0, 0.0, 0.0, 0.0, 0.0, 0.0, 0.0, 0.0, 0.0, 0.0, 0.0, 0.0, 0.0, 0.0, 0.0, 0.0, 0.0, 0.0, 0.0, 0.0, 0.0, 0.0, 0.0, 0.0, 0.0, 0.0, 0.0, 0.0, 0.0, 0.0, 0.0, 0.0, 0.0, 0.0, 0.0, 0.0, 0.0, 0.0, 0.0, 0.0, 0.0, 0.0, 0.0, 0.0, 0.0, 0.0, 0.0, 0.0, 0.0], "tonal.chords_histogram": [3.0303030014038086, 21.212121963500977, 16.45021629333496, 3.0303030014038086, 11.688311576843262, 0.0, 0.0, 0.0, 0.0, 0.0, 0.0, 0.0, 0.0, 0.0, 0.0, 0.0, 0.0, 1.298701286315918, 0.0, 43.290042877197266, 0.0, 0.0, 0.0, 0.0], "tonal.thpcp": [1.0, 0.5004636645317078, 0.040779661387205124, 0.05960720032453537, 0.05698666721582413, 0.0407666377723217, 0.04281095787882805, 0.05138937756419182, 0.05104243382811546, 0.05612308904528618, 0.08510921895503998, 0.09114707261323929, 0.06915230304002762, 0.06173884496092796, 0.046887826174497604, 0.03387593850493431, 0.04235261678695679, 0.061263613402843475, 0.08399561047554016, 0.10923758894205093, 0.1306147426366806, 0.2333003729581833, 0.282960444688797, 0.1637953668832779, 0.06616272032260895, 0.059734784066677094, 0.07590244710445404, 0.15801815688610077, 0.3010111451148987, 0.2580019235610962, 0.12683413922786713, 0.07925553619861603, 0.05267571657896042, 0.058693744242191315, 0.06612136214971542, 0.5449872016906738], "lowlevel.gfcc.cov": [[8130.0595703125, -1418.2801513671875, 44.714866638183594, 752.8361206054688, -580.5258178710938, 336.3374938964844, -330.6335144042969, -81.38543701171875, -242.0745849609375, 32.43544006347656, -288.6588439941406, 150.06288146972656, -222.9650115966797], [-1418.2801513671875, 2395.35791015625, -402.7337951660156, -561.6531372070312, 515.3031005859375, -384.69683837890625, 67.59674072265625, -20.268939971923828, 187.2523956298828, -228.16571044921875, 209.85459899902344, -184.888671875, 182.8189239501953], [44.714866638183594, -402.7337951660156, 1110.8424072265625, 479.66302490234375, -15.776036262512207, 130.73471069335938, 7.673343181610107, -150.9578094482422, -35.443572998046875, -25.59058380126953, -62.03855514526367, 21.486194610595703, -54.76422882080078], [752.8361206054688, -561.6531372070312, 479.66302490234375, 662.4285278320312, -60.93675231933594, 45.590049743652344, -154.11354064941406, -153.7079620361328, -9.683992385864258, -17.56165885925293, -55.10317611694336, 7.356008052825928, 6.197137355804443], [-580.5258178710938, 515.3031005859375, -15.776036262512207, -60.93675231933594, 441.676025390625, -124.64517211914062, 13.074484825134277, 45.67462921142578, 33.59503173828125, -3.2462358474731445, 74.19374084472656, -67.49401092529297, 99.17240142822266], [336.3374938964844, -384.69683837890625, 130.73471069335938, 45.590049743652344, -124.64517211914062, 279.07293701171875, 150.21316528320312, -3.8661768436431885, 14.399995803833008, 39.24658203125, -22.14919662475586, 22.537250518798828, -57.79681396484375], [-330.6335144042969, 67.59674072265625, 7.673343181610107, -154.11354064941406, 13.074484825134277, 150.21316528320312, 431.78594970703125, 133.24147033691406, 3.036343812942505, -16.874061584472656, 51.15949249267578, 30.38553810119629, 0.3332185745239258], [-81.38543701171875, -20.268939971923828, -150.9578094482422, -153.7079620361328, 45.67462921142578, -3.8661768436431885, 133.24147033691406, 210.361328125, 21.835693359375, 38.234169006347656, 25.47773551940918, 23.236568450927734, 15.755459785461426], [-242.0745849609375, 187.2523956298828, -35.443572998046875, -9.683992385864258, 33.59503173828125, 14.399995803833008, 3.036343812942505, 21.835693359375, 186.2554473876953, 35.867374420166016, 41.01404571533203, -53.27981948852539, 12.752642631530762], [32.43544006347656, -228.16571044921875, -25.59058380126953, -17.56165885925293, -3.2462358474731445, 39.24658203125, -16.874061584472656, 38.234169006347656, 35.867374420166016, 170.17840576171875, 27.042173385620117, -27.11048126220703, -44.97696304321289], [-288.6588439941406, 209.85459899902344, -62.03855514526367, -55.10317611694336, 74.19374084472656, -22.14919662475586, 51.15949249267578, 25.47773551940918, 41.01404571533203, 27.042173385620117, 143.71080017089844, 6.77575159072876, 28.269760131835938], [150.06288146972656, -184.888671875, 21.486194610595703, 7.356008052825928, -67.49401092529297, 22.537250518798828, 30.38553810119629, 23.236568450927734, -53.27981948852539, -27.11048126220703, 6.77575159072876, 122.5723876953125, 23.594768524169922], [-222.9650115966797, 182.8189239501953, -54.76422882080078, 6.197137355804443, 99.17240142822266, -57.79681396484375, 0.3332185745239258, 15.755459785461426, 12.752642631530762, -44.97696304321289, 28.269760131835938, 23.594768524169922, 134.4154510498047]], "lowlevel.gfcc.icov": [[0.00021716338233090937, -0.00026375032030045986, 0.0001985570415854454, -0.0005677057197317481, 0.00015092999092303216, -0.0005835569463670254, 0.0003240942896809429, -0.0004881767963524908, 0.0004510098078753799, -0.00025989164714701474, 0.0003560844052117318, -0.00041781269828788936, 0.000388862012187019], [-0.00026375032030045986, 0.002592010423541069, -0.0004467858234420419, 0.00267802644520998, -0.0011601197766140103, 0.0027420232072472572, -0.0010850371327251196, 0.0024481131695210934, -0.0024067857302725315, 0.003468853421509266, -0.0023859438952058554, 0.00288323312997818, -0.0011329420376569033], [0.0001985570415854454, -0.0004467858234420419, 0.0018052906962111592, -0.0018174921860918403, -0.0004383339546620846, -0.0009246388217434287, -0.0002250390243716538, 0.00019164771947544068, 0.0004517903144005686, -0.0005028313607908785, 0.0010038464097306132, -0.0014333778526633978, 0.0014896360225975513], [-0.0005677057197317481, 0.00267802644520998, -0.0018174921860918403, 0.005994411651045084, -0.0008471112232655287, 0.0028071149718016386, -0.000500966387335211, 0.003508465364575386, -0.0028651212342083454, 0.0033255235757678747, -0.0025154489558190107, 0.0033482795115560293, -0.0028530447743833065], [0.00015092999092303216, -0.0011601197766140103, -0.0004383339546620846, -0.0008471112232655287, 0.004661402199417353, -0.0002086847962345928, 0.00042354295146651566, -0.00211349013261497, 0.001868326566182077, -0.0017588547198101878, -0.0005169582436792552, 0.0020479008089751005, -0.002610092516988516], [-0.0005835569463670254, 0.0027420232072472572, -0.0009246388217434287, 0.0028071149718016386, -0.0002086847962345928, 0.010511577129364014, -0.005008697975426912, 0.005062015261501074, -0.004386407323181629, 0.0010600031819194555, -0.0008196234703063965, 0.0015356928342953324, -0.00043702873517759144], [0.0003240942896809429, -0.0010850371327251196, -0.0002250390243716538, -0.000500966387335211, 0.00042354295146651566, -0.005008697975426912, 0.005929506849497557, -0.0047208573669195175, 0.0021847249008715153, 0.0010237476089969277, -0.0012117574224248528, -0.00022778661514166743, 0.00044738210272043943], [-0.0004881767963524908, 0.0024481131695210934, 0.00019164771947544068, 0.003508465364575386, -0.00211349013261497, 0.005062015261501074, -0.0047208573669195175, 0.011690731160342693, -0.004245338030159473, -8.095826342469081e-05, -0.0001286697224713862, -0.00069613684900105, -0.0013208718737587333], [0.0004510098078753799, -0.0024067857302725315, 0.0004517903144005686, -0.0028651212342083454, 0.001868326566182077, -0.004386407323181629, 0.0021847249008715153, -0.004245338030159473, 0.010053449310362339, -0.003294479101896286, -0.00033839658135548234, 0.00181074149440974, -0.0007374598062597215], [-0.00025989164714701474, 0.003468853421509266, -0.0005028313607908785, 0.0033255235757678747, -0.0017588547198101878, 0.0010600031819194555, 0.0010237476089969277, -8.095826342469081e-05, -0.003294479101896286, 0.013595044612884521, -0.0059636980295181274, 0.0056777223944664, 0.0013723814627155662], [0.0003560844052117318, -0.0023859438952058554, 0.0010038464097306132, -0.0025154489558190107, -0.0005169582436792552, -0.0008196234703063965, -0.0012117574224248528, -0.0001286697224713862, -0.00033839658135548234, -0.0059636980295181274, 0.012557021342217922, -0.006201085634529591, 0.0008919849060475826], [-0.00041781269828788936, 0.00288323312997818, -0.0014333778526633978, 0.0033482795115560293, 0.0020479008089751005, 0.0015356928342953324, -0.00022778661514166743, -0.00069613684900105, 0.00181074149440974, 0.0056777223944664, -0.006201085634529591, 0.017680875957012177, -0.00619278522208333], [0.000388862012187019, -0.0011329420376569033, 0.0014896360225975513, -0.0028530447743833065, -0.002610092516988516, -0.00043702873517759144, 0.00044738210272043943, -0.0013208718737587333, -0.0007374598062597215, 0.0013723814627155662, 0.0008919849060475826, -0.00619278522208333, 0.013684206642210484]], "lowlevel.mfcc.cov": [[6988.71875, -1816.5693359375, 295.82684326171875, 90.52069854736328, -131.32298278808594, 177.83482360839844, -211.96385192871094, 19.608299255371094, -135.3000946044922, -110.59075164794922, -69.3000259399414, -130.0284881591797, -167.16171264648438], [-1816.5693359375, 2611.147705078125, -782.682861328125, -142.50067138671875, 167.8349151611328, -329.8184509277344, 61.931095123291016, 5.302433490753174, 110.92306518554688, -114.05380249023438, 69.62127685546875, 145.23553466796875, -52.931663513183594], [295.82684326171875, -782.682861328125, 1114.6490478515625, 258.0109558105469, 19.29738998413086, 321.9170837402344, -53.30354690551758, 61.20176696777344, -96.87676239013672, 35.25119400024414, -85.74840545654297, -84.03307342529297, 58.54058074951172], [90.52069854736328, -142.50067138671875, 258.0109558105469, 461.8159484863281, 235.06417846679688, 32.1114501953125, -37.57353210449219, -54.517513275146484, -36.03345489501953, -18.47389793395996, -72.57903289794922, -98.97882080078125, -20.76667594909668], [-131.32298278808594, 167.8349151611328, 19.29738998413086, 235.06417846679688, 403.1763916015625, -8.808252334594727, -104.74280548095703, -138.8225555419922, -30.188610076904297, 23.59634017944336, -34.368194580078125, -81.42603302001953, -26.463274002075195], [177.83482360839844, -329.8184509277344, 321.9170837402344, 32.1114501953125, -8.808252334594727, 276.2490234375, 24.037355422973633, 20.38007164001465, -24.54935073852539, 53.84858703613281, -5.453061103820801, -7.564189910888672, 19.69977378845215], [-211.96385192871094, 61.931095123291016, -53.30354690551758, -37.57353210449219, -104.74280548095703, 24.037355422973633, 291.26177978515625, 104.03221893310547, 62.48099899291992, -9.21860122680664, 38.359832763671875, 73.5616683959961, 26.398534774780273], [19.608299255371094, 5.302433490753174, 61.20176696777344, -54.517513275146484, -138.8225555419922, 20.38007164001465, 104.03221893310547, 231.13739013671875, 69.65645599365234, -42.171165466308594, -17.403409957885742, 48.4208869934082, 28.421615600585938], [-135.3000946044922, 110.92306518554688, -96.87676239013672, -36.03345489501953, -30.188610076904297, -24.54935073852539, 62.48099899291992, 69.65645599365234, 161.73878479003906, 28.206626892089844, 15.61555004119873, 40.45192337036133, 0.25556886196136475], [-110.59075164794922, -114.05380249023438, 35.25119400024414, -18.47389793395996, 23.59634017944336, 53.84858703613281, -9.21860122680664, -42.171165466308594, 28.206626892089844, 163.07656860351562, 79.85881042480469, 4.535572052001953, 7.500150203704834], [-69.3000259399414, 69.62127685546875, -85.74840545654297, -72.57903289794922, -34.368194580078125, -5.453061103820801, 38.359832763671875, -17.403409957885742, 15.61555004119873, 79.85881042480469, 173.08804321289062, 71.12600708007812, 1.283177137374878], [-130.0284881591797, 145.23553466796875, -84.03307342529297, -98.97882080078125, -81.42603302001953, -7.564189910888672, 73.5616683959961, 48.4208869934082, 40.45192337036133, 4.535572052001953, 71.12600708007812, 139.6656036376953, 38.40924072265625], [-167.16171264648438, -52.931663513183594, 58.54058074951172, -20.76667594909668, -26.463274002075195, 19.69977378845215, 26.398534774780273, 28.421615600585938, 0.25556886196136475, 7.500150203704834, 1.283177137374878, 38.40924072265625, 101.18146514892578]], "lowlevel.mfcc.icov": [[0.00020636958652175963, 0.0001772860559867695, 7.511397416237742e-05, -1.9556095139705576e-05, -1.5108152183529455e-05, -0.00010049542470369488, 0.00017376287723891437, -0.00012257143680471927, 4.335821722634137e-05, 0.0002936854143626988, -0.00011890664609381929, -9.78277312242426e-05, 0.0004076895711477846], [0.0001772860559867695, 0.0007533324533142149, 0.0002774725144263357, 0.00017619352729525417, -0.0006023317109793425, 0.0002379047655267641, 8.86973793967627e-05, -0.0002991727669723332, -6.742656114511192e-05, 0.0006406829343177378, -0.0001957387721631676, -0.0006838474655523896, 0.0006344099529087543], [7.511397416237742e-05, 0.0002774725144263357, 0.0020641712471842766, -0.0010852748528122902, 0.0003211272123735398, -0.0018067711498588324, 0.0006570646655745804, -0.000975690723862499, 0.0007839159807190299, -0.00019071011047344655, 0.0001866170932771638, 0.00020632064843084663, -0.0006778901442885399], [-1.9556095139705576e-05, 0.00017619352729525417, -0.0010852748528122902, 0.0042789108119904995, -0.0025312851648777723, 0.000789869693107903, -0.0009503090404905379, 9.555039287079126e-05, -0.0002891329349949956, 0.0008496817899867892, 0.00010857952293008566, 0.0010759880533441901, 0.0004991746973246336], [-1.5108152183529455e-05, -0.0006023317109793425, 0.0003211272123735398, -0.0025312851648777723, 0.005332539789378643, -0.0006307191215455532, 0.0008974575903266668, 0.0020560696721076965, -0.0004453300207387656, -0.0008916512597352266, 0.00041285756742581725, 0.0010326964547857642, -0.0006696255877614021], [-0.00010049542470369488, 0.0002379047655267641, -0.0018067711498588324, 0.000789869693107903, -0.0006307191215455532, 0.006540559697896242, -0.0012363417772576213, -0.00017670125816948712, 0.0008259711321443319, -0.002248653443530202, 0.0010192691115662456, -0.0010313910897821188, 0.000642890518065542], [0.00017376287723891437, 8.86973793967627e-05, 0.0006570646655745804, -0.0009503090404905379, 0.0008974575903266668, -0.0012363417772576213, 0.0051496936939656734, -0.0014780082274228334, -0.0008699060999788344, 0.0008161246660165489, -0.0010263174772262573, -0.0011172769591212273, -0.00031584850512444973], [-0.00012257143680471927, -0.0002991727669723332, -0.000975690723862499, 9.555039287079126e-05, 0.0020560696721076965, -0.00017670125816948712, -0.0014780082274228334, 0.0081971799954772, -0.003406907431781292, 0.0020440148655325174, 0.0006806682795286179, -0.00030515322578139603, -0.001155391219072044], [4.335821722634137e-05, -6.742656114511192e-05, 0.0007839159807190299, -0.0002891329349949956, -0.0004453300207387656, 0.0008259711321443319, -0.0008699060999788344, -0.003406907431781292, 0.009594636969268322, -0.004015093669295311, 0.002021157881245017, -0.0023030214942991734, 0.0015521306777372956], [0.0002936854143626988, 0.0006406829343177378, -0.00019071011047344655, 0.0008496817899867892, -0.0008916512597352266, -0.002248653443530202, 0.0008161246660165489, 0.0020440148655325174, -0.004015093669295311, 0.012228499166667461, -0.0065063550136983395, 0.0027621265035122633, -0.0013397103175520897], [-0.00011890664609381929, -0.0001957387721631676, 0.0001866170932771638, 0.00010857952293008566, 0.00041285756742581725, 0.0010192691115662456, -0.0010263174772262573, 0.0006806682795286179, 0.002021157881245017, -0.0065063550136983395, 0.011636612936854362, -0.006027970928698778, 0.0022194439079612494], [-9.78277312242426e-05, -0.0006838474655523896, 0.00020632064843084663, 0.0010759880533441901, 0.0010326964547857642, -0.0010313910897821188, -0.0011172769591212273, -0.00030515322578139603, -0.0023030214942991734, 0.0027621265035122633, -0.006027970928698778, 0.01503972802311182, -0.005401453003287315], [0.0004076895711477846, 0.0006344099529087543, -0.0006778901442885399, 0.0004991746973246336, -0.0006696255877614021, 0.000642890518065542, -0.00031584850512444973, -0.001155391219072044, 0.0015521306777372956, -0.0013397103175520897, 0.0022194439079612494, -0.005401453003287315, 0.013607636094093323]], "metadata.audio_properties.analysis.downmix": "mix", "metadata.audio_properties.codec": "mp3", "metadata.audio_properties.md5_encoded": "4deb0738f00c3f7f9a7231fb9e9c3686", "metadata.tags.file_name": "1182270517521174538.mp3", "metadata.version.essentia": "2.1-beta6-dev", "metadata.version.essentia_git_sha": "v2.1_beta5-1110-g77a6a954", "metadata.version.extractor": "music 2.0", "tonal.chords_key": "F", "tonal.chords_scale": "minor", "tonal.key_edma.key": "Bb", "tonal.key_edma.scale": "major", "tonal.key_krumhansl.key": "Bb", "tonal.key_krumhansl.scale": "major", "tonal.key_temperley.key": "Bb", "tonal.key_temperley.scale": "major", "metadata.tags.encoding": ["Lavf58.45.100"]}, "essentia_models": [{"model_name": "genre_dortmund", "activations": {"alternative": "0.00015063888", "blues": "1.6760994e-05", "electronic": "0.00018218883", "folkcountry": "1.3513968e-05", "funksoulrnb": "0.00089334295", "jazz": "3.0433666e-05", "pop": "9.4766205e-05", "raphiphop": "0.9997165", "rock": "0.00068473426"}}, {"model_name": "genre_rosamerica", "activations": {"classic": "9.6705255e-05", "dance": "1.9076922e-06", "hip hop": "0.99310416", "jazz": "6.3900475e-06", "pop": "0.0005003186", "rhythm and blues": "0.007493086", "rock": "0.00011468001", "speech": "0.0016406662"}}, {"model_name": "genre_tzanetakis", "activations": {"blues": "2.6838947e-05", "classic": "6.916472e-05", "country": "0.000226445