{"song_id": "1182269409046310983", "download": "https://cdn.discordapp.com/attachments/1128313332273782784/1182269409046310983/chirp.mp4?ex=65841530&amp", "lyrics": "[Verse]\nSnowflakes falling from the sky\nPainting the world in white\nSilent whispers in the cold\nA moment frozen, untold\n\n[Chorus]\nWelcome changes, winter's here\nEmbracing warmth with hearts sincere\nIn this season, dreams take flight\nUnderneath the pale moonlight", "style": ["pop"], "essentia_features": {"lowlevel.average_loudness": 0.8492164611816406, "lowlevel.barkbands_crest.mean": 16.611082077026367, "lowlevel.barkbands_crest.stdev": 4.584867477416992, "lowlevel.barkbands_flatness_db.mean": 0.26727673411369324, "lowlevel.barkbands_flatness_db.stdev": 0.04651534557342529, "lowlevel.barkbands_kurtosis.mean": 15.047019004821777, "lowlevel.barkbands_kurtosis.stdev": 19.107603073120117, "lowlevel.barkbands_skewness.mean": 2.656235456466675, "lowlevel.barkbands_skewness.stdev": 1.7747399806976318, "lowlevel.barkbands_spread.mean": 8.789976119995117, "lowlevel.barkbands_spread.stdev": 7.786213397979736, "lowlevel.dissonance.mean": 0.3805185854434967, "lowlevel.dissonance.stdev": 0.06645137816667557, "lowlevel.dynamic_complexity": 2.0914225578308105, "lowlevel.erbbands_crest.mean": 15.666315078735352, "lowlevel.erbbands_crest.stdev": 6.606492519378662, "lowlevel.erbbands_flatness_db.mean": 0.22618059813976288, "lowlevel.erbbands_flatness_db.stdev": 0.06374430656433105, "lowlevel.erbbands_kurtosis.mean": 6.97144889831543, "lowlevel.erbbands_kurtosis.stdev": 9.236473083496094, "lowlevel.erbbands_skewness.mean": 1.1839690208435059, "lowlevel.erbbands_skewness.stdev": 1.1384357213974, "lowlevel.erbbands_spread.mean": 25.653034210205078, "lowlevel.erbbands_spread.stdev": 26.302000045776367, "lowlevel.hfc.mean": 18.475799560546875, "lowlevel.hfc.stdev": 11.308996200561523, "lowlevel.loudness_ebu128.integrated": -13.709070205688477, "lowlevel.loudness_ebu128.loudness_range": 3.590264320373535, "lowlevel.loudness_ebu128.momentary.mean": -14.113466262817383, "lowlevel.loudness_ebu128.momentary.stdev": 2.0022332668304443, "lowlevel.loudness_ebu128.short_term.mean": -13.89706802368164, "lowlevel.loudness_ebu128.short_term.stdev": 1.2663358449935913, "lowlevel.melbands_crest.mean": 20.987884521484375, "lowlevel.melbands_crest.stdev": 5.853143692016602, "lowlevel.melbands_flatness_db.mean": 0.3462676703929901, "lowlevel.melbands_flatness_db.stdev": 0.05453857034444809, "lowlevel.melbands_kurtosis.mean": 26.347156524658203, "lowlevel.melbands_kurtosis.stdev": 38.236106872558594, "lowlevel.melbands_skewness.mean": 3.1334850788116455, "lowlevel.melbands_skewness.stdev": 2.5580482482910156, "lowlevel.melbands_spread.mean": 8.526220321655273, "lowlevel.melbands_spread.stdev": 5.8848185539245605, "lowlevel.pitch_salience.mean": 0.37431684136390686, "lowlevel.pitch_salience.stdev": 0.10927145183086395, "lowlevel.silence_rate_20dB.mean": 1.0, "lowlevel.silence_rate_20dB.stdev": 0.0, "lowlevel.silence_rate_30dB.mean": 0.8665469884872437, "lowlevel.silence_rate_30dB.stdev": 0.3400624096393585, "lowlevel.silence_rate_60dB.mean": 0.001196888042613864, "lowlevel.silence_rate_60dB.stdev": 0.03457533195614815, "lowlevel.spectral_centroid.mean": 589.715576171875, "lowlevel.spectral_centroid.stdev": 238.62200927734375, "lowlevel.spectral_complexity.mean": 9.581687927246094, "lowlevel.spectral_complexity.stdev": 3.578697681427002, "lowlevel.spectral_decrease.mean": -1.4940580328470787e-08, "lowlevel.spectral_decrease.stdev": 9.346202922699831e-09, "lowlevel.spectral_energy.mean": 0.058064915239810944, "lowlevel.spectral_energy.stdev": 0.035808973014354706, "lowlevel.spectral_energyband_high.mean": 0.000289921707008034, "lowlevel.spectral_energyband_high.stdev": 0.0005692082922905684, "lowlevel.spectral_energyband_low.mean": 0.03324875980615616, "lowlevel.spectral_energyband_low.stdev": 0.03434430807828903, "lowlevel.spectral_energyband_middle_high.mean": 0.005149295087903738, "lowlevel.spectral_energyband_middle_high.stdev": 0.007334868423640728, "lowlevel.spectral_energyband_middle_low.mean": 0.021479612216353416, "lowlevel.spectral_energyband_middle_low.stdev": 0.01623125746846199, "lowlevel.spectral_entropy.mean": 6.567955017089844, "lowlevel.spectral_entropy.stdev": 0.6171112060546875, "lowlevel.spectral_flux.mean": 0.06091085448861122, "lowlevel.spectral_flux.stdev": 0.03723479434847832, "lowlevel.spectral_kurtosis.mean": 8.833261489868164, "lowlevel.spectral_kurtosis.stdev": 5.074012279510498, "lowlevel.spectral_rms.mean": 0.007108552381396294, "lowlevel.spectral_rms.stdev": 0.002473294036462903, "lowlevel.spectral_rolloff.mean": 579.217041015625, "lowlevel.spectral_rolloff.stdev": 721.9110717773438, "lowlevel.spectral_skewness.mean": 2.579759359359741, "lowlevel.spectral_skewness.stdev": 0.7163358330726624, "lowlevel.spectral_spread.mean": 5000458.0, "lowlevel.spectral_spread.stdev": 2555836.0, "lowlevel.spectral_strongpeak.mean": 1.3989760875701904, "lowlevel.spectral_strongpeak.stdev": 1.3816405534744263, "lowlevel.zerocrossingrate.mean": 0.028923138976097107, "lowlevel.zerocrossingrate.stdev": 0.021060742437839508, "metadata.audio_properties.analysis.equal_loudness": 0.0, "metadata.audio_properties.analysis.length": 38.76265335083008, "metadata.audio_properties.analysis.sample_rate": 44100.0, "metadata.audio_properties.analysis.start_time": 0.0, "metadata.audio_properties.bit_rate": 118887.0, "metadata.audio_properties.length": 38.762664794921875, "metadata.audio_properties.lossless": 0.0, "metadata.audio_properties.number_channels": 1.0, "metadata.audio_properties.replay_gain": -11.651447296142578, "metadata.audio_properties.sample_rate": 48000.0, "rhythm.beats_count": 67.0, "rhythm.beats_loudness.mean": 0.06434516608715057, "rhythm.beats_loudness.stdev": 0.034536510705947876, "rhythm.bpm": 104.03902435302734, "rhythm.bpm_histogram_first_peak_bpm": 103.0, "rhythm.bpm_histogram_first_peak_weight": 0.4888889193534851, "rhythm.bpm_histogram_second_peak_bpm": 108.0, "rhythm.bpm_histogram_second_peak_spread": 0.3125, "rhythm.bpm_histogram_second_peak_weight": 0.1666666716337204, "rhythm.danceability": 1.0360383987426758, "rhythm.onset_rate": 2.785132884979248, "tonal.chords_changes_rate": 0.037081338465213776, "tonal.chords_number_rate": 0.008373205550014973, "tonal.chords_strength.mean": 0.550705075263977, "tonal.chords_strength.stdev": 0.09212847799062729, "tonal.hpcp_crest.mean": 19.18455696105957, "tonal.hpcp_crest.stdev": 7.655024528503418, "tonal.hpcp_entropy.mean": 1.279502511024475, "tonal.hpcp_entropy.stdev": 0.5962243676185608, "tonal.key_edma.strength": 0.756173849105835, "tonal.key_krumhansl.strength": 0.7608112096786499, "tonal.key_temperley.strength": 0.7671714425086975, "tonal.tuning_diatonic_strength": 0.6117356419563293, "tonal.tuning_equal_tempered_deviation": 0.08630453795194626, "tonal.tuning_frequency": 438.2245178222656, "tonal.tuning_nontempered_energy_ratio": 0.7424015998840332, "lowlevel.barkbands.mean": [0.0007935869507491589, 0.02832452394068241, 0.0026546786539256573, 0.0023145161103457212, 0.002995762974023819, 0.006178198382258415, 0.005358322523534298, 0.0016124758403748274, 0.0017581928987056017, 0.0024460875429213047, 0.002274557016789913, 0.00042382683022879064, 0.00013778831635136157, 0.00025660754181444645, 7.519271457567811e-05, 4.548803553916514e-05, 5.119077832205221e-05, 3.5163142456440255e-05, 2.9157659810152836e-05, 1.716354745440185e-05, 9.309917004429735e-06, 1.0135176125913858e-05, 7.01389853929868e-06, 0.00013203393609728664, 0.00011330847337376326, 1.0585465133772232e-05, 1.0612783540864257e-07], "lowlevel.barkbands.stdev": [0.0019081938080489635, 0.03396650776267052, 0.004563012160360813, 0.004421469755470753, 0.005295521579682827, 0.009809115901589394, 0.009641939774155617, 0.00507404375821352, 0.004809437785297632, 0.005918699782341719, 0.006176962982863188, 0.001118310960009694, 0.0004193768836557865, 0.00043902595643885434, 0.00013863274944014847, 7.726387411821634e-05, 0.00010682414722396061, 8.473835623590276e-05, 5.788372072856873e-05, 4.500243812799454e-05, 3.521366306813434e-05, 3.797510726144537e-05, 1.903699740068987e-05, 0.00025722908321768045, 0.0002992138615809381, 2.919147300417535e-05, 4.827460884371249e-07], "lowlevel.erbbands.mean": [0.964073657989502, 5.637621879577637, 4.425175666809082, 6.504990577697754, 7.891695499420166, 9.815425872802734, 26.100217819213867, 51.7689323425293, 69.18672180175781, 87.70573425292969, 22.879255294799805, 41.848636627197266, 73.33110046386719, 69.55992889404297, 79.68048858642578, 18.38205909729004, 7.602002143859863, 13.068502426147461, 5.308598518371582, 4.544142723083496, 2.521085500717163, 2.4596621990203857, 1.814090371131897, 2.325308084487915, 0.9786256551742554, 0.8267520070075989, 0.5244829654693604, 0.28386902809143066, 0.3456076681613922, 0.29357650876045227, 0.208595871925354, 0.6548849940299988, 3.443908929824829, 2.077589750289917, 0.3527509570121765, 0.05246874690055847, 0.021517563611268997, 0.0029882523231208324, 8.577279368182644e-05, 6.821586430305615e-05], "lowlevel.erbbands.stdev": [1.341323971748352, 7.2331719398498535, 7.319937229156494, 11.094931602478027, 11.266600608825684, 23.22130584716797, 66.76673889160156, 88.26307678222656, 126.4355239868164, 194.80667114257812, 47.5900993347168, 116.7750015258789, 203.6492462158203, 137.36715698242188, 200.51417541503906, 37.110801696777344, 16.109102249145508, 25.93659782409668, 8.431760787963867, 8.620750427246094, 4.255707263946533, 4.554310321807861, 4.268704891204834, 4.83876895904541, 2.428656578063965, 2.12703537940979, 1.5842666625976562, 1.3582779169082642, 1.4810864925384521, 0.9573732614517212, 0.5448456406593323, 1.4291729927062988, 6.948931694030762, 5.169478893280029, 1.0976812839508057, 0.21298548579216003, 0.0523688904941082, 0.00609430531039834, 0.0001159771709353663, 3.9803286199457943e-05], "lowlevel.gfcc.mean": [-38.779693603515625, 121.52462768554688, -85.43995666503906, -2.831355571746826, -63.919029235839844, 21.071544647216797, -43.50824737548828, 18.064119338989258, -28.86873435974121, -3.5028514862060547, 2.465404987335205, -10.166817665100098, 2.5649280548095703], "lowlevel.melbands.mean": [0.00828149076551199, 0.004027083050459623, 0.0011110928608104587, 0.0005936241359449923, 0.0008165008621290326, 0.0011972346110269427, 0.001089018420316279, 0.0008367300033569336, 0.000174476153915748, 0.00025922819622792304, 0.00036051293136551976, 0.0002658295270521194, 0.000342916464433074, 6.151929846964777e-05, 2.112717993441038e-05, 1.3078995834803209e-05, 2.689839675440453e-05, 9.362130185763817e-06, 5.4889746934350114e-06, 4.491073013923597e-06, 2.9713703497691313e-06, 2.522253453207668e-06, 2.4723833575990284e-06, 1.4149582057143562e-06, 2.015724021475762e-06, 6.797565106353431e-07, 6.634141413996986e-07, 5.033036813983927e-07, 3.6935600178367167e-07, 2.1430324181892502e-07, 1.4343129350891104e-07, 1.8666565892999643e-07, 2.1406731320894323e-07, 1.3410355848009203e-07, 1.005495349204466e-07, 1.2410117733452353e-07, 4.590601463405619e-07, 2.294496653121314e-06, 2.7476385184854735e-06, 1.4469072766587487e-06], "lowlevel.melbands.stdev": [0.010144397616386414, 0.005446382332593203, 0.0016306667821481824, 0.0009192784782499075, 0.0019354887772351503, 0.0019550842698663473, 0.0019120845245197415, 0.001935273758135736, 0.000418239418650046, 0.0006843277951702476, 0.0010186125291511416, 0.0005832184106111526, 0.0009216379839926958, 0.00016134516044985503, 4.352738687884994e-05, 4.082880695932545e-05, 5.162761954125017e-05, 1.7001731976051815e-05, 1.0649669093254488e-05, 8.19589968159562e-06, 5.926273843215313e-06, 5.020597200200427e-06, 6.4245245994243305e-06, 2.86835097540461e-06, 4.3707254917535465e-06, 1.350263687527331e-06, 2.1610574094665935e-06, 1.3779963410343044e-06, 1.017241743284103e-06, 8.765508709984715e-07, 7.894491886872856e-07, 9.04144201285817e-07, 7.05139939327637e-07, 4.4017122036166256e-07, 2.6749299308903574e-07, 4.221589335884346e-07, 1.0744350902314181e-06, 4.8534252528043e-06, 5.459509338834323e-06, 4.3818886297231074e-06], "lowlevel.melbands128.mean": [0.0007595543866045773, 0.007441857364028692, 0.01239559892565012, 0.008323867805302143, 0.0028989471029490232, 0.0012830341001972556, 0.0014335495652630925, 0.0009533501579426229, 0.000840850465465337, 0.0004915702738799155, 0.0005252078990451992, 0.0005663100746460259, 0.0008338404004462063, 0.0012436388060450554, 0.0010277507826685905, 0.0014350346755236387, 0.0011522506829351187, 0.0009935308480635285, 0.0009269966394640505, 0.0013484425144270062, 0.0005306134698912501, 0.00010569232836132869, 7.279112469404936e-05, 0.00028159102657809854, 0.0003673849569167942, 0.00011432069004513323, 0.000367423752322793, 0.0005321245989762247, 0.0001495949982199818, 0.0003461351152509451, 0.00016022581257857382, 0.00038081457023508847, 0.0005895940121263266, 9.246038825949654e-05, 6.809604383306578e-05, 6.532336556119844e-05, 3.8063768442953005e-05, 7.071972049743636e-06, 2.4895696697058156e-05, 1.4907192962709814e-05, 4.746920694742585e-06, 1.9016761143575422e-05, 2.9483911930583417e-05, 3.431670484133065e-05, 1.2299080481170677e-05, 4.945241471432382e-06, 4.9928157750400715e-06, 3.5232574191468302e-06, 6.13352040090831e-06, 9.914425390888937e-06, 2.5159633878502063e-06, 1.651936713642499e-06, 2.4396720164077124e-06, 4.078724032297032e-06, 3.408298198337434e-06, 1.6346967868230422e-06, 2.06832760341058e-06, 3.894903784384951e-06, 2.273727204737952e-06, 7.456515049852896e-07, 9.352713163934823e-07, 1.7447783875468303e-06, 3.6004041703563416e-06, 1.520059754511749e-06, 7.193678470684972e-07, 5.941000722486933e-07, 7.275075404322706e-07, 5.880076514586108e-07, 6.502586984424852e-07, 8.043436992011266e-07, 4.579905521495675e-07, 3.6931839986209525e-07, 4.565280562474072e-07, 3.820672702659067e-07, 2.6405697894915647e-07, 2.2230214824503491e-07, 2.0611048512364505e-07, 1.3127561260262155e-07, 1.3412859800610022e-07, 1.4496426103960403e-07, 1.757215386533062e-07, 2.1079345913221914e-07, 2.0743026141190057e-07, 2.1678916084511002e-07, 2.241007877046286e-07, 1.6493267196437955e-07, 9.369325937313988e-08, 8.571174703320139e-08, 8.315248578583123e-08, 1.2356515810552082e-07, 1.5282287790796545e-07, 1.1824531043203024e-07, 9.277663082229992e-08, 1.3744362092893425e-07, 6.41284202629322e-07, 2.0791749193449505e-06, 2.520262569305487e-06, 2.922490011769696e-06, 3.178044607921038e-06, 2.513453182473313e-06, 1.7829477201303234e-06, 1.4105052059676382e-06, 7.6884009558853e-07, 6.416694304789416e-07, 2.2012885381172964e-07, 1.5486813254028675e-07, 1.442924997263617e-07, 1.0470427724840192e-07, 7.923749478777609e-08, 3.3715519265342664e-08, 3.702069761857274e-08, 6.495422155694541e-08, 8.863009526294263e-08, 7.066513063591628e-08, 7.205601804116668e-08, 3.120602798389882e-08, 4.309955503600804e-09, 3.401264339619736e-11, 7.276711351533738e-12, 7.072357456616718e-12, 6.903560188786795e-12, 6.765627988403189e-12, 6.607415135861938e-12, 6.492066433050336e-12, 6.36624216884818e-12, 6.228013330750182e-12, 6.1423856452524905e-12, 6.10412284954287e-12], "lowlevel.melbands128.stdev": [0.0018644353840500116, 0.012321923859417439, 0.01507188193500042, 0.012728138826787472, 0.005984986666589975, 0.0023176465183496475, 0.0027665365487337112, 0.0019246592419221997, 0.0014594413805752993, 0.0007853973656892776, 0.0017175220418721437, 0.001689690863713622, 0.0031404513865709305, 0.0028136419132351875, 0.0022436652798205614, 0.003469697432592511, 0.0023902372922748327, 0.0032232392113655806, 0.002149199601262808, 0.0035141075495630503, 0.0019870430696755648, 0.0003617050242610276, 0.0003015201073139906, 0.0010586401913315058, 0.0013525717658922076, 0.0004697442054748535, 0.0012060047592967749, 0.0019246768206357956, 0.00045142564340494573, 0.0011368438135832548, 0.00048321959911845624, 0.0011645231861621141, 0.0017217850545421243, 0.0003540374164003879, 0.00025085051311179996, 0.00020610993669833988, 0.00010215507063549012, 4.126353087485768e-05, 7.291343354154378e-05, 4.09131680498831e-05, 3.618425034801476e-05, 0.00011757263564504683, 5.585311373579316e-05, 7.724739407422021e-05, 3.743542038137093e-05, 1.1403327334846836e-05, 1.1898010598088149e-05, 1.3733495507040061e-05, 1.554747905174736e-05, 2.269292417622637e-05, 5.251966740615899e-06, 3.9057681533449795e-06, 8.174803951987997e-06, 1.0190903594775591e-05, 1.1414257642172743e-05, 4.1931334635592066e-06, 4.572616489895154e-06, 1.1961037671426311e-05, 9.385120392835233e-06, 3.377963594175526e-06, 1.9733772660401883e-06, 3.964697953051655e-06, 9.956137546396349e-06, 3.6181218092679046e-06, 1.6688117057128693e-06, 1.0046032912214287e-06, 1.7832982166510192e-06, 3.197035539415083e-06, 2.263979467898025e-06, 1.9368781067896634e-06, 1.5249846683218493e-06, 1.406665660397266e-06, 1.3093988400214585e-06, 9.320539788859605e-07, 1.2671278000198072e-06, 9.079708434001077e-07, 7.964982273733767e-07, 7.150532042032864e-07, 9.102547551265161e-07, 7.971908644321957e-07, 8.487248237543099e-07, 1.2296749218876357e-06, 6.448407248171861e-07, 7.088589768500242e-07, 8.50598041779449e-07, 6.298914172475634e-07, 2.811371473399049e-07, 3.0461788469438034e-07, 2.4756798211456044e-07, 3.622931501467974e-07, 5.282199140310695e-07, 4.446936259228096e-07, 4.307604228870332e-07, 8.18032901861443e-07, 1.5032616147436784e-06, 5.0701023610599805e-06, 6.098733592807548e-06, 7.077237114572199e-06, 6.065252819098532e-06, 6.001714154990623e-06, 5.312399025569903e-06, 5.174992566026049e-06, 2.8053709684172645e-06, 2.4034302441577893e-06, 8.581259862694424e-07, 6.863388080091681e-07, 8.080716042968561e-07, 4.834515721086063e-07, 3.886931381202885e-07, 1.902075865700681e-07, 2.0695462410458276e-07, 2.969682668663154e-07, 1.9175382703906507e-07, 1.6328591811998194e-07, 1.4937307923901244e-07, 7.828252535091451e-08, 1.702270502335068e-08, 3.3767569296294653e-10, 1.1138299484125813e-11, 1.0847428857929664e-11, 1.0591693321015949e-11, 1.0367113417730778e-11, 1.015441550289431e-11, 9.981802710778975e-12, 9.83871751430998e-12, 9.72022896200686e-12, 9.636167731807976e-12, 9.584115619187816e-12], "lowlevel.mfcc.mean": [-699.422119140625, 161.61151123046875, 30.261859893798828, -10.139317512512207, 15.374338150024414, -18.22715187072754, 18.153608322143555, -9.29973030090332, 3.745743989944458, -7.859467506408691, 0.25655633211135864, -5.108950138092041, 2.646022319793701], "lowlevel.spectral_contrast_coeffs.mean": [-0.6070805191993713, -0.6163238883018494, -0.6613571047782898, -0.7889859676361084, -0.8045170903205872, -0.7544733285903931], "lowlevel.spectral_contrast_coeffs.stdev": [0.11137471348047256, 0.09703637659549713, 0.08199377357959747, 0.04278576374053955, 0.03580920770764351, 0.04834728315472603], "lowlevel.spectral_contrast_valleys.mean": [-7.283949375152588, -7.228157997131348, -7.866390228271484, -8.423969268798828, -8.739977836608887, -11.37971305847168], "lowlevel.spectral_contrast_valleys.stdev": [0.9383049607276917, 0.5755870938301086, 0.5951109528541565, 0.5848001837730408, 0.5062582492828369, 0.8898056745529175], "rhythm.beats_loudness_band_ratio.mean": [0.4587916135787964, 0.22884614765644073, 0.2769380509853363, 0.09427112340927124, 0.0072863162495195866, 0.005559483543038368], "rhythm.beats_loudness_band_ratio.stdev": [0.30177292227745056, 0.2333420068025589, 0.23608069121837616, 0.10029330104589462, 0.010286846198141575, 0.006568525452166796], "tonal.hpcp.mean": [0.2383255958557129, 0.14694860577583313, 0.01288893073797226, 0.0033702075015753508, 0.00841492973268032, 0.06198836490511894, 0.19027958810329437, 0.16884052753448486, 0.1200551837682724, 0.17706860601902008, 0.0944923385977745, 0.006396531593054533, 0.006830440368503332, 0.007145419716835022, 0.0194554440677166, 0.11877353489398956, 0.1318913847208023, 0.032218657433986664, 0.005512977484613657, 0.007416737265884876, 0.05104745179414749, 0.17274820804595947, 0.14561736583709717, 0.025488561019301414, 0.009535172954201698, 0.006446705665439367, 0.017279479652643204, 0.04352240636944771, 0.039396993815898895, 0.10496512800455093, 0.26949504017829895, 0.19809837639331818, 0.02612844482064247, 0.005262115970253944, 0.0060675316490232944, 0.10601525008678436], "tonal.hpcp.stdev": [0.397271066904068, 0.26188620924949646, 0.06879887729883194, 0.037324827164411545, 0.059927765280008316, 0.15535488724708557, 0.3261343538761139, 0.3048129379749298, 0.22396890819072723, 0.3658232092857361, 0.20805735886096954, 0.04541366919875145, 0.037934038788080215, 0.047090303152799606, 0.09207681566476822, 0.267819344997406, 0.30149126052856445, 0.10986944288015366, 0.057867929339408875, 0.059432048350572586, 0.14634442329406738, 0.32669422030448914, 0.28662464022636414, 0.09569910913705826, 0.07248277217149734, 0.06097730994224548, 0.07803638279438019, 0.16244445741176605, 0.14036615192890167, 0.18623846769332886, 0.36696135997772217, 0.296001672744751, 0.09542109072208405, 0.052065033465623856, 0.042705975472927094, 0.21310868859291077], "rhythm.beats_position": [0.54566890001297, 1.1029478311538696, 1.6602267026901245, 2.2058956623077393, 2.763174533843994, 3.320453405380249, 3.8893423080444336, 4.446621417999268, 5.015510082244873, 5.596008777618408, 6.1416778564453125, 6.6989569664001465, 7.256235599517822, 7.859954357147217, 8.45206356048584, 9.044172286987305, 9.61306095123291, 10.193559646606445, 10.78566837310791, 11.377777099609375, 11.958276748657227, 12.538775444030762, 13.107664108276367, 13.699772834777832, 14.280271530151367, 14.849161148071289, 15.359999656677246, 15.87083911895752, 16.393287658691406, 16.89251708984375, 17.403356552124023, 17.937414169311523, 18.483083724975586, 19.02875328063965, 19.586030960083008, 20.15492057800293, 20.71219825744629, 21.26947784423828, 21.826757431030273, 22.407255172729492, 22.987754821777344, 23.568254470825195, 24.148752212524414, 24.729251861572266, 25.309749603271484, 25.890249252319336, 26.459136962890625, 27.039636611938477, 27.631746292114258, 28.212244033813477, 28.792743682861328, 29.361631393432617, 29.9537410736084, 30.53424072265625, 31.11473846435547, 31.69523811340332, 32.27573776245117, 32.86784362792969, 33.45995330810547, 34.05206298828125, 34.62095260620117, 35.20145034790039, 35.78194808959961, 36.37405776977539, 36.95455551147461, 37.535057067871094, 38.12716293334961], "rhythm.bpm_histogram": [0.0, 0.0, 0.0, 0.0, 0.0, 0.0, 0.0, 0.0, 0.0, 0.0, 0.0, 0.0, 0.0, 0.0, 0.0, 0.0, 0.0, 0.0, 0.0, 0.0, 0.0, 0.0, 0.0, 0.0, 0.0, 0.0, 0.0, 0.0, 0.0, 0.0, 0.0, 0.0, 0.0, 0.0, 0.0, 0.0, 0.0, 0.0, 0.0, 0.0, 0.0, 0.0, 0.0, 0.0, 0.0, 0.0, 0.0, 0.0, 0.0, 0.0, 0.0, 0.0, 0.0, 0.0, 0.0, 0.0, 0.0, 0.0, 0.0, 0.0, 0.0, 0.0, 0.0, 0.0, 0.0, 0.0, 0.0, 0.0, 0.0, 0.0, 0.0, 0.0, 0.0, 0.0, 0.0, 0.0, 0.0, 0.0, 0.0, 0.0, 0.0, 0.0, 0.0, 0.0, 0.0, 0.0, 0.0, 0.0, 0.0, 0.0, 0.0, 0.0, 0.0, 0.0, 0.0, 0.0, 0.0, 0.0, 0.0, 0.01515151560306549, 0.0, 0.1818181872367859, 0.0, 0.3484848439693451, 0.0, 0.13636364042758942, 0.0, 0.0, 0.1666666716337204, 0.0, 0.06060606241226196, 0.0, 0.01515151560306549, 0.0, 0.0, 0.01515151560306549, 0.0, 0.04545454680919647, 0.0, 0.0, 0.01515151560306549, 0.0, 0.0, 0.0, 0.0, 0.0, 0.0, 0.0, 0.0, 0.0, 0.0, 0.0, 0.0, 0.0, 0.0, 0.0, 0.0, 0.0, 0.0, 0.0, 0.0, 0.0, 0.0, 0.0, 0.0, 0.0, 0.0, 0.0, 0.0, 0.0, 0.0, 0.0, 0.0, 0.0, 0.0, 0.0, 0.0, 0.0, 0.0, 0.0, 0.0, 0.0, 0.0, 0.0, 0.0, 0.0, 0.0, 0.0, 0.0, 0.0, 0.0, 0.0, 0.0, 0.0, 0.0, 0.0, 0.0, 0.0, 0.0, 0.0, 0.0, 0.0, 0.0, 0.0, 0.0, 0.0, 0.0, 0.0, 0.0, 0.0, 0.0, 0.0, 0.0, 0.0, 0.0, 0.0, 0.0, 0.0, 0.0, 0.0, 0.0, 0.0, 0.0, 0.0, 0.0, 0.0, 0.0, 0.0, 0.0, 0.0, 0.0, 0.0, 0.0, 0.0, 0.0, 0.0, 0.0, 0.0, 0.0, 0.0, 0.0, 0.0, 0.0, 0.0, 0.0, 0.0, 0.0, 0.0, 0.0, 0.0, 0.0, 0.0, 0.0, 0.0, 0.0, 0.0, 0.0, 0.0, 0.0, 0.0, 0.0, 0.0, 0.0, 0.0, 0.0, 0.0, 0.0, 0.0, 0.0, 0.0], "tonal.chords_histogram": [17.58373260498047, 30.382774353027344, 18.421052932739258, 2.0334928035736084, 8.01435375213623, 0.0, 12.679426193237305, 0.0, 0.0, 0.0, 0.0, 0.0, 0.0, 0.0, 0.0, 0.0, 0.0, 0.9569377899169922, 0.0, 0.0, 0.0, 0.0, 0.0, 9.928229331970215], "tonal.thpcp": [1.0, 0.7350724339485168, 0.09695333987474442, 0.019525835290551186, 0.022514445707201958, 0.39338478446006775, 0.884341299533844, 0.5452739000320435, 0.04782622680068016, 0.012505638413131237, 0.031224803999066353, 0.23001672327518463, 0.7060596942901611, 0.6265069842338562, 0.4454819858074188, 0.6570384502410889, 0.3506273627281189, 0.023735247552394867, 0.025345329195261, 0.02651410549879074, 0.07219221442937851, 0.44072625041007996, 0.4894019067287445, 0.11955194920301437, 0.020456694066524506, 0.027520867064595222, 0.18941889703273773, 0.6410070061683655, 0.5403341054916382, 0.09457895904779434, 0.03538162633776665, 0.023921426385641098, 0.06411799043416977, 0.1614961326122284, 0.14618819952011108, 0.389488160610199], "lowlevel.gfcc.cov": [[2121.48828125, -209.4085693359375, 281.4631042480469, 148.57730102539062, 444.6273193359375, 501.3374328613281, 99.03907012939453, 369.8111877441406, 284.05645751953125, 333.7158203125, 178.7882080078125, 272.6873474121094, 76.67493438720703], [-209.4085693359375, 887.980224609375, -175.0552520751953, 113.96833801269531, 301.0578918457031, -37.8944091796875, 235.0543670654297, -40.311553955078125, 234.32131958007812, -12.680252075195312, 214.40464782714844, -82.96018981933594, 174.3665008544922], [281.4631042480469, -175.0552520751953, 430.6629943847656, 14.553218841552734, 50.93142318725586, 166.11968994140625, -33.139923095703125, 127.0108642578125, 5.785024166107178, 92.50792694091797, 7.622752666473389, 65.7917251586914, -80.4052505493164], [148.57730102539062, 113.96833801269531, 14.553218841552734, 673.0252075195312, 378.2684020996094, 136.69198608398438, 101.15066528320312, 72.93222045898438, 220.30801391601562, 74.70145416259766, 82.99462127685547, 52.54940414428711, 77.57546997070312], [444.6273193359375, 301.0578918457031, 50.93142318725586, 378.2684020996094, 655.315185546875, 366.95233154296875, 271.8866271972656, 230.59832763671875, 387.6501159667969, 213.25515747070312, 247.12503051757812, 135.47811889648438, 116.54559326171875], [501.3374328613281, -37.8944091796875, 166.11968994140625, 136.69198608398438, 366.95233154296875, 489.9225158691406, 231.89096069335938, 207.9447784423828, 257.5888366699219, 220.49459838867188, 163.11709594726562, 120.36322784423828, 19.164033889770508], [99.03907012939453, 235.0543670654297, -33.139923095703125, 101.15066528320312, 271.8866271972656, 231.89096069335938, 354.4505920410156, 112.1270523071289, 214.10150146484375, 136.9383087158203, 147.35777282714844, 48.36688995361328, 47.317996978759766], [369.8111877441406, -40.311553955078125, 127.0108642578125, 72.93222045898438, 230.59832763671875, 207.9447784423828, 112.1270523071289, 287.5722961425781, 201.16049194335938, 134.3663330078125, 111.50334167480469, 100.47218322753906, 25.61418342590332], [284.05645751953125, 234.32131958007812, 5.785024166107178, 220.30801391601562, 387.6501159667969, 257.5888366699219, 214.10150146484375, 201.16049194335938, 437.3644714355469, 213.67474365234375, 244.2254180908203, 114.24360656738281, 90.14694213867188], [333.7158203125, -12.680252075195312, 92.50792694091797, 74.70145416259766, 213.25515747070312, 220.49459838867188, 136.9383087158203, 134.3663330078125, 213.67474365234375, 239.8980712890625, 142.05015563964844, 101.74476623535156, 1.8012938499450684], [178.7882080078125, 214.40464782714844, 7.622752666473389, 82.99462127685547, 247.12503051757812, 163.11709594726562, 147.35777282714844, 111.50334167480469, 244.2254180908203, 142.05015563964844, 279.5865173339844, 119.27993774414062, 83.50213623046875], [272.6873474121094, -82.96018981933594, 65.7917251586914, 52.54940414428711, 135.47811889648438, 120.36322784423828, 48.36688995361328, 100.47218322753906, 114.24360656738281, 101.74476623535156, 119.27993774414062, 210.89585876464844, 63.71099853515625], [76.67493438720703, 174.3665008544922, -80.4052505493164, 77.57546997070312, 116.54559326171875, 19.164033889770508, 47.317996978759766, 25.61418342590332, 90.14694213867188, 1.8012938499450684, 83.50213623046875, 63.71099853515625, 197.8505859375]], "lowlevel.gfcc.icov": [[0.000831209181342274, -0.00024456987739540637, 0.00013406577636487782, -2.4460750864818692e-05, -8.007564611034468e-05, -0.0007057749899104238, 0.000696117989718914, -0.0007029337575659156, 0.0004927358822897077, -0.0009351886692456901, 0.00039977458072826266, -0.0005562027217820287, -0.0002080697740893811], [-0.00024456987739540637, 0.005653759464621544, -0.0017961828270927072, 0.0014785114908590913, -0.0036532958038151264, 0.004020918160676956, -0.003475002245977521, 0.0033157297875732183, -0.0027101205196231604, 0.0030176311265677214, -0.0035711706150323153, 0.004909568000584841, -0.002899629296734929], [0.00013406577636487782, -0.0017961828270927072, 0.004566065967082977, -0.0008266991353593767, 0.0013544452376663685, -0.0027918226551264524, 0.0024841041304171085, -0.0027529497165232897, 0.002309452975168824, -0.001997864106670022, 0.000852063181810081, -0.002072884002700448, 0.0022194860503077507], [-2.4460750864818692e-05, 0.0014785114908590913, -0.0008266991353593767, 0.002970890374854207, -0.0029502930119633675, 0.0014834925532341003, -0.0006393652292899787, 0.0017118070973083377, -0.0017723239725455642, 0.0012092766119167209, 0.0001636944798519835, 0.0010614851489663124, -0.0008832495077513158], [-8.007564611034468e-05, -0.0036532958038151264, 0.0013544452376663685, -0.0029502930119633675, 0.008287095464766026, -0.00438437145203352, 0.0011720245238393545, -0.0031654327176511288, 0.0003963518829550594, -0.0016490372363477945, 0.0010002846829593182, -0.002881124848499894, 0.0009705349802970886], [-0.0007057749899104238, 0.004020918160676956, -0.0027918226551264524, 0.0014834925532341003, -0.00438437145203352, 0.00894718524068594, -0.004637688864022493, 0.002234237501397729, -0.00228056195192039, 0.0008076190715655684, -0.0021116638090461493, 0.003217332763597369, -0.0015635293675586581], [0.000696117989718914, -0.003475002245977521, 0.0024841041304171085, -0.0006393652292899787, 0.0011720245238393545, -0.004637688864022493, 0.008021206595003605, -0.0026299271266907454, 0.001680666347965598, -0.0032336092554032803, 0.0014922465197741985, -0.0022509368136525154, 0.0015926320338621736], [-0.0007029337575659156, 0.0033157297875732183, -0.0027529497165232897, 0.0017118070973083377, -0.0031654327176511288, 0.002234237501397729, -0.0026299271266907454, 0.009485163725912571, -0.004552600439637899, 0.0025966463144868612, -0.0010873606661334634, 0.0017532802885398269, -0.001445499248802662], [0.0004927358822897077, -0.0027101205196231604, 0.002309452975168824, -0.0017723239725455642, 0.0003963518829550594, -0.00228056195192039, 0.001680666347965598, -0.004552600439637899, 0.010538452304899693, -0.005623233504593372, -0.0018021996365860105, -0.0012551252730190754, 0.0004201376286800951], [-0.0009351886692456901, 0.0030176311265677214, -0.001997864106670022, 0.0012092766119167209, -0.0016490372363477945, 0.0008076190715655684, -0.0032336092554032803, 0.0025966463144868612, -0.005623233504593372, 0.013683547265827656, -0.0030433216597884893, 0.0006017177365720272, 0.0012754451017826796], [0.00039977458072826266, -0.0035711706150323153, 0.000852063181810081, 0.0001636944798519835, 0.0010002846829593182, -0.0021116638090461493, 0.0014922465197741985, -0.0010873606661334634, -0.0018021996365860105, -0.0030433216597884893, 0.011339152231812477, -0.005624225828796625, 0.0005479326355271041], [-0.0005562027217820287, 0.004909568000584841, -0.002072884002700448, 0.0010614851489663124, -0.002881124848499894, 0.003217332763597369, -0.0022509368136525154, 0.0017532802885398269, -0.0012551252730190754, 0.0006017177365720272, -0.005624225828796625, 0.012475493364036083, -0.004750233609229326], [-0.0002080697740893811, -0.002899629296734929, 0.0022194860503077507, -0.0008832495077513158, 0.0009705349802970886, -0.0015635293675586581, 0.0015926320338621736, -0.001445499248802662, 0.0004201376286800951, 0.0012754451017826796, 0.0005479326355271041, -0.004750233609229326, 0.009420052170753479]], "lowlevel.mfcc.cov": [[1970.9609375, -120.27649688720703, 7.490581035614014, 47.92207717895508, 446.75079345703125, 280.39007568359375, 135.06439208984375, 221.71377563476562, 224.40187072753906, 226.67578125, 218.53768920898438, 258.9212341308594, 125.04701232910156], [-120.27649688720703, 782.266845703125, -179.30929565429688, 27.012880325317383, 56.00707244873047, 34.785701751708984, 128.64060974121094, -12.015971183776855, 110.80365753173828, 38.02853012084961, 120.71851348876953, 62.31191635131836, 65.55147552490234], [7.490581035614014, -179.30929565429688, 372.6357727050781, -103.31866455078125, -3.6948435306549072, -41.03293991088867, -15.281219482421875, -11.229180335998535, -59.55610656738281, -41.62303924560547, -2.3502516746520996, -13.277456283569336, -5.542910099029541], [47.92207717895508, 27.012880325317383, -103.31866455078125, 452.0245361328125, 139.1547088623047, 127.41070556640625, 1.5506223440170288, 75.88912200927734, 64.48822784423828, 22.077865600585938, 53.188926696777344, 62.87727355957031, -39.63321304321289], [446.75079345703125, 56.00707244873047, -3.6948435306549072, 139.1547088623047, 487.9294128417969, 185.90081787109375, 106.68226623535156, 182.9918975830078, 161.22662353515625, 135.81979370117188, 192.6378631591797, 205.56959533691406, 96.51051330566406], [280.39007568359375, 34.785701751708984, -41.03293991088867, 127.41070556640625, 185.90081787109375, 412.347412109375, 125.09747314453125, 147.42861938476562, 129.4012451171875, 146.8591766357422, 204.05690002441406, 155.44273376464844, 137.8856964111328], [135.06439208984375, 128.64060974121094, -15.281219482421875, 1.5506223440170288, 106.68226623535156, 125.09747314453125, 234.39369201660156, 79.87930297851562, 120.00418853759766, 60.238121032714844, 135.93951416015625, 73.79261779785156, 82.02247619628906], [221.71377563476562, -12.015971183776855, -11.229180335998535, 75.88912200927734, 182.9918975830078, 147.42861938476562, 79.87930297851562, 232.10092163085938, 104.35499572753906, 114.78294372558594, 117.60045623779297, 138.54275512695312, 91.61698913574219], [224.40187072753906, 110.80365753173828, -59.55610656738281, 64.48822784423828, 161.22662353515625, 129.4012451171875, 120.00418853759766, 104.35499572753906, 247.5257110595703, 112.64608001708984, 152.18568420410156, 101.16961669921875, 81.4173355102539], [226.67578125, 38.02853012084961, -41.62303924560547, 22.077865600585938, 135.81979370117188, 146.8591766357422, 60.238121032714844, 114.78294372558594, 112.64608001708984, 209.19677734375, 131.35592651367188, 136.45156860351562, 111.1369857788086], [218.53768920898438, 120.71851348876953, -2.3502516746520996, 53.188926696777344, 192.6378631591797, 204.05690002441406, 135.93951416015625, 117.60045623779297, 152.18568420410156, 131.35592651367188, 299.4437255859375, 201.24911499023438, 162.10427856445312], [258.9212341308594, 62.31191635131836, -13.277456283569336, 62.87727355957031, 205.56959533691406, 155.44273376464844, 73.79261779785156, 138.54275512695312, 101.16961669921875, 136.45156860351562, 201.24911499023438, 264.6287536621094, 160.79495239257812], [125.04701232910156, 65.55147552490234, -5.542910099029541, -39.63321304321289, 96.51051330566406, 137.8856964111328, 82.02247619628906, 91.61698913574219, 81.4173355102539, 111.1369857788086, 162.10427856445312, 160.79495239257812, 236.03033447265625]], "lowlevel.mfcc.icov": [[0.0007264475570991635, 0.00020421580120455474, 3.204255335731432e-05, 0.00022787722991779447, -0.0004699371929746121, -0.00022233465278986841, -8.848188008414581e-05, 7.546410051872954e-05, -0.00030443849391303957, -0.0002365918189752847, 0.0001923939271364361, -0.00041237761615775526, 0.00028614018810912967], [0.00020421580120455474, 0.0017944793216884136, 0.0008391635492444038, 5.185026748222299e-05, -0.00019767263438552618, 0.0003166566602885723, -0.0008040003012865782, 0.0007015067967586219, -0.0003175732272211462, 6.397028482751921e-05, -0.0005636265850625932, -0.00021195737645030022, -6.429368659155443e-05], [3.204255335731432e-05, 0.0008391635492444038, 0.003543814178556204, 0.0008393978932872415, -0.0004577163781505078, 0.0002362254890613258, -0.00015993675333447754, -0.00013960419164504856, 0.0007693649968132377, 0.000805290590506047, -0.0011686105281114578, 0.0001474012533435598, 0.00019067405082751065], [0.00022787722991779447, 5.185026748222299e-05, 0.0008393978932872415, 0.003365122713148594, -0.0006295847124420106, -0.0012019003042951226, 0.0007777201244607568, -0.0005579270655289292, -0.0005415015621110797, 0.0009465666371397674, -0.0001671810168772936, -0.0010448418324813247, 0.0019232090562582016], [-0.0004699371929746121, -0.00019767263438552618, -0.0004577163781505078, -0.0006295847124420106, 0.004250789992511272, -5.090580089017749e-05, -0.00017608549387659878, -0.0013236277736723423, -0.0008255303255282342, -1.4274774912337307e-05, -0.0004001024062745273, -0.0017731842817738652, 0.0008282486232928932], [-0.00022233465278986841, 0.0003166566602885723, 0.0002362254890613258, -0.0012019003042951226, -5.090580089017749e-05, 0.004872078541666269, -0.00100912363268435, -0.0007806539651937783, 0.0005739103071391582, -0.0014179848367348313, -0.00201443862169981, 0.0011032337788492441, -0.0012364803114905953], [-8.848188008414581e-05, -0.0008040003012865782, -0.00015993675333447754, 0.0007777201244607568, -0.00017608549387659878, -0.00100912363268435, 0.007366629783064127, -0.001334423664957285, -0.0018822283018380404, 0.0011817555641755462, -0.0020099447574466467, 0.0013620337704196572, -0.0004381172184366733], [7.546410051872954e-05, 0.0007015067967586219, -0.00013960419164504856, -0.0005579270655289292, -0.0013236277736723423, -0.0007806539651937783, -0.001334423664957285, 0.0085534006357193, -0.0009648183477111161, -0.0017179204151034355, 0.001413759309798479, -0.002261899644508958, -0.0004791912215296179], [-0.00030443849391303957, -0.0003175732272211462, 0.0007693649968132377, -0.0005415015621110797, -0.0008255303255282342, 0.0005739103071391582, -0.0018822283018380404, -0.0009648183477111161, 0.008182038553059101, -0.002149529056623578, -0.0026131081394851208, 0.0019066267414018512, -0.000106939158285968], [-0.0002365918189752847, 6.397028482751921e-05, 0.000805290590506047, 0.0009465666371397674, -1.4274774912337307e-05, -0.0014179848367348313, 0.0011817555641755462, -0.0017179204151034355, -0.002149529056623578, 0.009840565733611584, -0.00022681127302348614, -0.002047204179689288, -0.0009658342460170388], [0.0001923939271364361, -0.0005636265850625932, -0.0011686105281114578, -0.0001671810168772936, -0.0004001024062745273, -0.00201443862169981, -0.0020099447574466467, 0.001413759309798479, -0.0026131081394851208, -0.00022681127302348614, 0.011264625005424023, -0.005165630020201206, -0.0017200324218720198], [-0.00041237761615775526, -0.00021195737645030022, 0.0001474012533435598, -0.0010448418324813247, -0.0017731842817738652, 0.0011032337788492441, 0.0013620337704196572, -0.002261899644508958, 0.0019066267414018512, -0.002047204179689288, -0.005165630020201206, 0.012927455827593803, -0.004362245090305805], [0.00028614018810912967, -6.429368659155443e-05, 0.00019067405082751065, 0.0019232090562582016, 0.0008282486232928932, -0.0012364803114905953, -0.0004381172184366733, -0.0004791912215296179, -0.000106939158285968, -0.0009658342460170388, -0.0017200324218720198, -0.004362245090305805, 0.009797077625989914]], "metadata.audio_properties.analysis.downmix": "mix", "metadata.audio_properties.codec": "mp3", "metadata.audio_properties.md5_encoded": "d6ae8166460a99c4e63d450e9332d4b9", "metadata.tags.file_name": "1182269409046310983.mp3", "metadata.version.essentia": "2.1-beta6-dev", "metadata.version.essentia_git_sha": "v2.1_beta5-1110-g77a6a954", "metadata.version.extractor": "music 2.0", "tonal.chords_key": "E", "tonal.chords_scale": "minor", "tonal.key_edma.key": "C", "tonal.key_edma.scale": "major", "tonal.key_krumhansl.key": "C", "tonal.key_krumhansl.scale": "maj