{"song_id": "1182270252294357094", "download": "https://cdn.discordapp.com/attachments/1128313332273782784/1182270252294357094/chirp.mp4?ex=658415f9&amp", "lyrics": "[intro]\n[verse 1]\n\u042f \u043d\u0430\u0432\u0441\u0435\u0433\u0434\u0430 \u0437\u0430\u043f\u043e\u043c\u043d\u044e \u043d\u043e\u0447\u044c, \n\u041a\u043e\u0433\u0434\u0430 \u0432\u0441\u0451 \u044d\u0442\u043e \u043d\u0430\u0447\u0430\u043b\u043e\u0441\u044c \n\u041f\u043e\u0434 \u0443\u0442\u0440\u043e \u044f \u0441 \u0443\u043c\u0430 \u0441\u043e\u0448\u043b\u0430 \n\u0417\u0430\u0447\u0435\u043c \u0436\u0435 \u044f \u0442\u0435\u0431\u044f \u043d\u0430\u0448\u043b\u0430!?", "style": ["60s rock"], "essentia_features": {"lowlevel.average_loudness": 0.9786046147346497, "lowlevel.barkbands_crest.mean": 10.12673282623291, "lowlevel.barkbands_crest.stdev": 3.2329399585723877, "lowlevel.barkbands_flatness_db.mean": 0.22971858084201813, "lowlevel.barkbands_flatness_db.stdev": 0.05165322124958038, "lowlevel.barkbands_kurtosis.mean": 5.999660968780518, "lowlevel.barkbands_kurtosis.stdev": 7.2349629402160645, "lowlevel.barkbands_skewness.mean": 1.735158920288086, "lowlevel.barkbands_skewness.stdev": 1.2249395847320557, "lowlevel.barkbands_spread.mean": 10.542269706726074, "lowlevel.barkbands_spread.stdev": 8.54577350616455, "lowlevel.dissonance.mean": 0.4233972728252411, "lowlevel.dissonance.stdev": 0.04016127064824104, "lowlevel.dynamic_complexity": 2.1802351474761963, "lowlevel.erbbands_crest.mean": 10.604349136352539, "lowlevel.erbbands_crest.stdev": 4.632261753082275, "lowlevel.erbbands_flatness_db.mean": 0.22187486290931702, "lowlevel.erbbands_flatness_db.stdev": 0.05720822140574455, "lowlevel.erbbands_kurtosis.mean": 1.089536428451538, "lowlevel.erbbands_kurtosis.stdev": 2.3046581745147705, "lowlevel.erbbands_skewness.mean": 0.4827187955379486, "lowlevel.erbbands_skewness.stdev": 0.6540201306343079, "lowlevel.erbbands_spread.mean": 27.613374710083008, "lowlevel.erbbands_spread.stdev": 21.898401260375977, "lowlevel.hfc.mean": 17.169111251831055, "lowlevel.hfc.stdev": 10.952167510986328, "lowlevel.loudness_ebu128.integrated": -17.831127166748047, "lowlevel.loudness_ebu128.loudness_range": 1.20465087890625, "lowlevel.loudness_ebu128.momentary.mean": -18.279232025146484, "lowlevel.loudness_ebu128.momentary.stdev": 2.18227481842041, "lowlevel.loudness_ebu128.short_term.mean": -17.761642456054688, "lowlevel.loudness_ebu128.short_term.stdev": 0.4144783914089203, "lowlevel.melbands_crest.mean": 13.224666595458984, "lowlevel.melbands_crest.stdev": 3.7069921493530273, "lowlevel.melbands_flatness_db.mean": 0.3119323253631592, "lowlevel.melbands_flatness_db.stdev": 0.06980462372303009, "lowlevel.melbands_kurtosis.mean": 12.962653160095215, "lowlevel.melbands_kurtosis.stdev": 17.234411239624023, "lowlevel.melbands_skewness.mean": 2.465873956680298, "lowlevel.melbands_skewness.stdev": 1.6673870086669922, "lowlevel.melbands_spread.mean": 12.650814056396484, "lowlevel.melbands_spread.stdev": 13.36742877960205, "lowlevel.pitch_salience.mean": 0.5297832489013672, "lowlevel.pitch_salience.stdev": 0.09490729868412018, "lowlevel.silence_rate_20dB.mean": 1.0, "lowlevel.silence_rate_20dB.stdev": 0.0, "lowlevel.silence_rate_30dB.mean": 0.9952606558799744, "lowlevel.silence_rate_30dB.stdev": 0.06867928057909012, "lowlevel.silence_rate_60dB.mean": 0.017377566546201706, "lowlevel.silence_rate_60dB.stdev": 0.1306748390197754, "lowlevel.spectral_centroid.mean": 623.4214477539062, "lowlevel.spectral_centroid.stdev": 395.2186584472656, "lowlevel.spectral_complexity.mean": 13.57345962524414, "lowlevel.spectral_complexity.stdev": 3.8265762329101562, "lowlevel.spectral_decrease.mean": -9.609031792479072e-09, "lowlevel.spectral_decrease.stdev": 4.984974211197368e-09, "lowlevel.spectral_energy.mean": 0.03782399371266365, "lowlevel.spectral_energy.stdev": 0.019562451168894768, "lowlevel.spectral_energyband_high.mean": 0.0001678768894635141, "lowlevel.spectral_energyband_high.stdev": 0.00035133352503180504, "lowlevel.spectral_energyband_low.mean": 0.009955186396837234, "lowlevel.spectral_energyband_low.stdev": 0.006871200166642666, "lowlevel.spectral_energyband_middle_high.mean": 0.0069921426475048065, "lowlevel.spectral_energyband_middle_high.stdev": 0.008670976385474205, "lowlevel.spectral_energyband_middle_low.mean": 0.023546984419226646, "lowlevel.spectral_energyband_middle_low.stdev": 0.01487844530493021, "lowlevel.spectral_entropy.mean": 6.690158367156982, "lowlevel.spectral_entropy.stdev": 0.5275717973709106, "lowlevel.spectral_flux.mean": 0.06907868385314941, "lowlevel.spectral_flux.stdev": 0.03642875701189041, "lowlevel.spectral_kurtosis.mean": 18.20213508605957, "lowlevel.spectral_kurtosis.stdev": 19.840286254882812, "lowlevel.spectral_rms.mean": 0.005825579632073641, "lowlevel.spectral_rms.stdev": 0.001721651409752667, "lowlevel.spectral_rolloff.mean": 818.67041015625, "lowlevel.spectral_rolloff.stdev": 1517.056640625, "lowlevel.spectral_skewness.mean": 2.9623608589172363, "lowlevel.spectral_skewness.stdev": 1.3404327630996704, "lowlevel.spectral_spread.mean": 3333522.5, "lowlevel.spectral_spread.stdev": 2254365.25, "lowlevel.spectral_strongpeak.mean": 1.2115123271942139, "lowlevel.spectral_strongpeak.stdev": 1.3868284225463867, "lowlevel.zerocrossingrate.mean": 0.03875703364610672, "lowlevel.zerocrossingrate.stdev": 0.06438615918159485, "metadata.audio_properties.analysis.equal_loudness": 0.0, "metadata.audio_properties.analysis.length": 14.655986785888672, "metadata.audio_properties.analysis.sample_rate": 44100.0, "metadata.audio_properties.analysis.start_time": 0.0, "metadata.audio_properties.bit_rate": 111948.0, "metadata.audio_properties.length": 14.656000137329102, "metadata.audio_properties.lossless": 0.0, "metadata.audio_properties.number_channels": 1.0, "metadata.audio_properties.replay_gain": -8.075828552246094, "metadata.audio_properties.sample_rate": 48000.0, "rhythm.beats_count": 31.0, "rhythm.beats_loudness.mean": 0.04248684272170067, "rhythm.beats_loudness.stdev": 0.020343119278550148, "rhythm.bpm": 134.33139038085938, "rhythm.bpm_histogram_first_peak_bpm": 136.0, "rhythm.bpm_histogram_first_peak_weight": 0.47826087474823, "rhythm.bpm_histogram_second_peak_bpm": 123.0, "rhythm.bpm_histogram_second_peak_spread": 0.0, "rhythm.bpm_histogram_second_peak_weight": 0.10000000149011612, "rhythm.danceability": 1.3347595930099487, "rhythm.onset_rate": 3.066437005996704, "tonal.chords_changes_rate": 0.06940063089132309, "tonal.chords_number_rate": 0.025236593559384346, "tonal.chords_strength.mean": 0.45598676800727844, "tonal.chords_strength.stdev": 0.10128273069858551, "tonal.hpcp_crest.mean": 12.938396453857422, "tonal.hpcp_crest.stdev": 5.032135963439941, "tonal.hpcp_entropy.mean": 1.829438328742981, "tonal.hpcp_entropy.stdev": 0.5570021271705627, "tonal.key_edma.strength": 0.652376651763916, "tonal.key_krumhansl.strength": 0.6619212627410889, "tonal.key_temperley.strength": 0.6705486178398132, "tonal.tuning_diatonic_strength": 0.5562039017677307, "tonal.tuning_equal_tempered_deviation": 0.03628653660416603, "tonal.tuning_frequency": 441.5275573730469, "tonal.tuning_nontempered_energy_ratio": 0.6546366214752197, "lowlevel.barkbands.mean": [7.392450697807362e-06, 0.0008059790707193315, 0.0065874685533344746, 0.005971998441964388, 0.009226389229297638, 0.003259773598983884, 0.0015442856820300221, 0.0011049866443499923, 0.002044605789706111, 0.002128341468051076, 0.001984833274036646, 0.001328461105003953, 0.0006962141487747431, 0.00042247309465892613, 0.00015938353317324072, 6.975247379159555e-05, 4.6928915253374726e-05, 0.0001243712758878246, 9.014255920192227e-05, 8.741726924199611e-05, 1.690667158982251e-05, 1.61081461556023e-05, 3.741260661627166e-05, 2.5145342078758404e-05, 2.5154775357805192e-05, 1.2090647032891866e-05, 1.8495944331675673e-08], "lowlevel.barkbands.stdev": [1.151151900558034e-05, 0.0008532233769074082, 0.005930384621024132, 0.006882445886731148, 0.0073100910522043705, 0.0029476219788193703, 0.0025010136887431145, 0.002465540310367942, 0.004347601439803839, 0.004166081547737122, 0.0051283580251038074, 0.002046405104920268, 0.001445060595870018, 0.0008778739720582962, 0.00032742394250817597, 0.0001640521950321272, 7.83695577410981e-05, 0.00021714495960623026, 0.0001643828727537766, 0.00014141853898763657, 4.7366142098326236e-05, 5.237132063484751e-05, 0.00012437452096492052, 7.762841414660215e-05, 6.415174721041694e-05, 3.8447582483058795e-05, 3.156750665311847e-07], "lowlevel.erbbands.mean": [0.009875145740807056, 0.3598328232765198, 5.959575653076172, 14.525023460388184, 31.378042221069336, 28.852346420288086, 20.623350143432617, 24.935853958129883, 23.4732608795166, 21.482574462890625, 33.918033599853516, 51.142181396484375, 50.059173583984375, 90.02032470703125, 62.085697174072266, 51.29347229003906, 35.2938232421875, 22.08960723876953, 14.152937889099121, 6.362751483917236, 3.3318746089935303, 2.9903035163879395, 5.84962272644043, 5.823739528656006, 4.577532768249512, 4.024916648864746, 1.245233416557312, 0.5569559931755066, 0.5669094920158386, 0.8783079385757446, 1.0314489603042603, 0.6363593935966492, 0.38716772198677063, 0.28239086270332336, 0.17693786323070526, 0.07742154598236084, 0.01741466484963894, 0.00107096997089684, 4.24126410507597e-05, 4.430674744071439e-05], "lowlevel.erbbands.stdev": [0.011925257742404938, 0.3052889108657837, 5.276461124420166, 12.026056289672852, 28.951988220214844, 23.518381118774414, 25.826309204101562, 26.713579177856445, 28.09894561767578, 42.350772857666016, 68.86015319824219, 114.87156677246094, 100.82037353515625, 158.8573455810547, 171.01649475097656, 78.17662048339844, 61.28347396850586, 44.466827392578125, 24.091690063476562, 12.243156433105469, 5.646527290344238, 4.677922248840332, 11.518767356872559, 9.370895385742188, 8.726165771484375, 6.439210414886475, 2.8395838737487793, 1.8022444248199463, 1.869940996170044, 2.7895545959472656, 3.473959445953369, 2.1375818252563477, 1.0457550287246704, 0.6764683127403259, 0.5062112808227539, 0.21913450956344604, 0.06577508896589279, 0.004553504288196564, 9.206586400978267e-05, 2.1832302081747912e-05], "lowlevel.gfcc.mean": [-48.91878128051758, 153.30572509765625, -102.26564025878906, 0.2229575663805008, -48.964027404785156, 9.859172821044922, -45.2927360534668, 7.15875244140625, -47.85428237915039, -13.735918045043945, -7.050670146942139, -17.085193634033203, -11.368249893188477], "lowlevel.melbands.mean": [0.00014172728697303683, 0.002195628359913826, 0.0030726550612598658, 0.002343021100386977, 0.0007499316125176847, 0.0005837942007929087, 0.0003620977804530412, 0.00022173846082296222, 0.00030625617364421487, 0.00030572255491279066, 0.0002457778318785131, 0.0003632292791735381, 0.00023859624343458563, 0.00014663882029708475, 0.0001077365959645249, 6.295966159086674e-05, 3.934685082640499e-05, 2.617189966258593e-05, 1.0712523362599313e-05, 5.986796622892143e-06, 3.474089226074284e-06, 2.6968175461661303e-06, 4.776643891091226e-06, 5.520585091289831e-06, 4.745263595395954e-06, 2.9706841360166436e-06, 3.7189263366599334e-06, 2.4341188691323623e-06, 8.79664980857342e-07, 4.229007117828587e-07, 2.785498622870364e-07, 2.945570543033682e-07, 3.4966558359883493e-07, 5.784390850749332e-07, 6.288578902058362e-07, 5.119261459185509e-07, 3.3840160540421493e-07, 2.679390718185459e-07, 2.4983825142044225e-07, 2.355641726126123e-07], "lowlevel.melbands.stdev": [0.0001574600610183552, 0.001786306849680841, 0.002603208879008889, 0.0018795988289639354, 0.0008700494654476643, 0.0005572545924223959, 0.000463025935459882, 0.0004362792824395001, 0.0006361841806210577, 0.0007086736150085926, 0.000548914133105427, 0.0006362404092215002, 0.0007068324484862387, 0.0002366193220950663, 0.000221340567804873, 0.00012589010293595493, 9.059128205990419e-05, 4.7216486564138904e-05, 1.9648516172310337e-05, 1.53026503539877e-05, 5.807219622511184e-06, 4.287045612727525e-06, 1.3059458069619723e-05, 8.321565474034287e-06, 8.325505405082367e-06, 5.403218438004842e-06, 7.300007837329758e-06, 4.321745564084267e-06, 2.3914001303637633e-06, 1.313771122113394e-06, 1.002897761281929e-06, 1.0302665032213554e-06, 1.1728182016668143e-06, 1.9313624761707615e-06, 2.1881485281483037e-06, 1.7206210713993642e-06, 1.1578634939723997e-06, 7.810666602381389e-07, 5.814330847897509e-07, 5.939565426160698e-07], "lowlevel.melbands128.mean": [4.300753971619997e-06, 3.385684613022022e-05, 0.00011849894508486614, 0.0004906344693154097, 0.002521045971661806, 0.003276539035141468, 0.0027403344865888357, 0.0032337468583136797, 0.0032157355453819036, 0.002853711834177375, 0.0013876527082175016, 0.0006728126318193972, 0.0006816738750785589, 0.0007129160221666098, 0.0004644459404516965, 0.0006652766023762524, 0.0004482840304262936, 0.0002535842068027705, 0.0003381290880497545, 0.00022946801618672907, 0.00015711640298832208, 0.00020569154003169388, 0.00035252419183962047, 0.0003777036035899073, 0.0003669047437142581, 0.00030033118673600256, 8.297664317069575e-05, 0.00024993083206936717, 0.00040024443296715617, 0.0002479530521668494, 0.00048644866910763085, 0.00031361717265099287, 0.0002354957105126232, 0.00014025783457327634, 0.00017603705055080354, 0.00013308088819030672, 0.00013962690718472004, 0.00012328301090747118, 6.60723089822568e-05, 8.739355689613149e-05, 6.199078779900447e-05, 2.853832847904414e-05, 3.7364101444836706e-05, 4.829879617318511e-05, 3.943311457987875e-05, 1.932914528879337e-05, 1.5015830285847187e-05, 1.0763842510641553e-05, 8.809341125015635e-06, 8.355033969564829e-06, 5.617863735096762e-06, 3.6443359476834303e-06, 3.84266559194657e-06, 3.0763221730012447e-06, 3.1784015845914837e-06, 2.7311484700476285e-06, 2.133807583959424e-06, 3.375362666702131e-06, 7.245433607749874e-06, 4.7586086111550685e-06, 4.8410579438495915e-06, 6.711262813041685e-06, 5.491022875503404e-06, 4.2854644561884925e-06, 3.150535121676512e-06, 2.5220776933565503e-06, 3.1344786748377373e-06, 3.540231546139694e-06, 4.315835667512147e-06, 3.451524435149622e-06, 2.4381520233873744e-06, 1.9558162875910057e-06, 1.3342507827474037e-06, 6.243932944016706e-07, 4.2622255591595604e-07, 5.031946557210176e-07, 3.903926142356795e-07, 2.4505732199031627e-07, 3.029147421784728e-07, 2.554765501372458e-07, 2.6686660703489906e-07, 3.363775533671287e-07, 3.143956064377562e-07, 3.801644083978317e-07, 3.170351874359767e-07, 4.7181356421788223e-07, 6.685356765956385e-07, 7.894297482380352e-07, 6.19583602201601e-07, 5.244947374194453e-07, 5.779883736067859e-07, 5.060131229583931e-07, 4.047419963626453e-07, 3.4266676607330737e-07, 2.8953019182154094e-07, 2.80121668083666e-07, 2.5528569835842063e-07, 2.6498932470531145e-07, 2.552008879774803e-07, 2.3727302789211535e-07, 2.3982849484127655e-07, 2.4310588742082473e-07, 2.1900666524743428e-07, 2.0781050125151523e-07, 2.0446820769848273e-07, 1.957253488171773e-07, 1.8000120860506286e-07, 1.5341800008172868e-07, 1.3447747448935843e-07, 1.1514445219518166e-07, 9.108779153166324e-08, 6.360512116998507e-08, 5.4371977142864125e-08, 3.2909927227819935e-08, 1.660491122379426e-08, 7.713570226997035e-09, 7.504835641825025e-10, 6.852931416778674e-12, 5.6697615352652164e-12, 5.516819640005721e-12, 5.378990221988067e-12, 5.276651945246291e-12, 5.179864349946772e-12, 5.081825151659336e-12, 4.948082742151083e-12, 4.757288313284036e-12, 4.648545437468954e-12, 4.6137932883938415e-12], "lowlevel.melbands128.stdev": [8.062846973189153e-06, 7.240776903927326e-05, 0.000218711604247801, 0.0005400842637754977, 0.002410543616861105, 0.0028922019992023706, 0.002363126026466489, 0.004211153835058212, 0.0031579029746353626, 0.0031905421055853367, 0.0014616199769079685, 0.001316451234742999, 0.001043671160005033, 0.0010087875416502357, 0.000650679343380034, 0.0010135777993127704, 0.000522588612511754, 0.0006405964959412813, 0.0007860260084271431, 0.0006899310392327607, 0.0004532311868388206, 0.000653557654004544, 0.0009453273960389197, 0.0010973312892019749, 0.0011338440235704184, 0.0008998033008538187, 0.0002599320141598582, 0.000737783673685044, 0.001196639728732407, 0.0006144893704913557, 0.0012095981510356069, 0.0008627640781924129, 0.0013484690571203828, 0.00044172987691126764, 0.0004737917915917933, 0.0002965060411952436, 0.0003597803006414324, 0.00037002211320213974, 0.0002569624921306968, 0.00022357313719112426, 0.000171959531144239, 0.00010461077181389555, 0.0001489096030127257, 0.00013364903861656785, 9.963991760741919e-05, 5.275955845718272e-05, 5.6022730859695e-05, 2.6337043891544454e-05, 2.441029755573254e-05, 2.9974929930176586e-05, 2.302285429323092e-05, 8.088389222393744e-06, 8.606515621067956e-06, 6.353080607368611e-06, 8.726005944481585e-06, 5.620266620098846e-06, 3.357440391482669e-06, 8.699273166712373e-06, 3.2181458664126694e-05, 1.0488245607120916e-05, 1.0952024240395986e-05, 1.3109417523082811e-05, 1.2910737495985813e-05, 1.0794777153932955e-05, 8.664525012136437e-06, 5.150057859282242e-06, 8.979109225037973e-06, 1.30613962028292e-05, 1.0623953130561858e-05, 7.4597273851395585e-06, 6.438961008825572e-06, 5.019115178583888e-06, 5.771788437414216e-06, 1.4989657302066917e-06, 1.208464254887076e-06, 1.6506877500432893e-06, 1.484628569414781e-06, 9.784180292626843e-07, 1.2197207297504065e-06, 9.454465725866612e-07, 9.829543614614522e-07, 1.3214073533163173e-06, 1.0863089983104146e-06, 1.5424144521603012e-06, 1.1876493317686254e-06, 1.5889075939412578e-06, 2.4192549972212873e-06, 2.872576942536398e-06, 2.317004600627115e-06, 1.860350494098384e-06, 2.0488407699303934e-06, 1.757662516865821e-06, 1.9348969999555266e-06, 1.1387776339688571e-06, 9.89849127108755e-07, 9.293344760408218e-07, 7.448987844327348e-07, 7.612671311107988e-07, 6.492911666100554e-07, 5.408229526437935e-07, 6.552993454533862e-07, 6.268275569709658e-07, 5.813259917886171e-07, 5.977565820103337e-07, 7.018235805844597e-07, 6.251651711863815e-07, 4.983917847312114e-07, 4.001599052116944e-07, 3.8386318124139507e-07, 3.734901952157088e-07, 3.9484831404479337e-07, 2.72492911790323e-07, 2.2296505619578966e-07, 1.4917763735411427e-07, 7.861135031816957e-08, 4.4095251894304965e-08, 9.040761028700217e-09, 1.2631951908093075e-11, 7.906826235415387e-12, 7.699223203427863e-12, 7.51769306528427e-12, 7.358040392257958e-12, 7.209232776722585e-12, 7.0925136423649615e-12, 6.9901892434109936e-12, 6.903573632893734e-12, 6.844216599716235e-12, 6.807217550058864e-12], "lowlevel.mfcc.mean": [-702.4671020507812, 195.8482666015625, 4.189155578613281, 2.1663267612457275, 15.801376342773438, -13.751855850219727, 21.16592025756836, -1.175281286239624, -19.779539108276367, 0.4911750555038452, -15.772233963012695, -5.928023815155029, -4.582736968994141], "lowlevel.spectral_contrast_coeffs.mean": [-0.6265084147453308, -0.7021750211715698, -0.7142186164855957, -0.777665913105011, -0.770439863204956, -0.8144386410713196], "lowlevel.spectral_contrast_coeffs.stdev": [0.07023464143276215, 0.07009360939264297, 0.09134957939386368, 0.0650155171751976, 0.05439234524965286, 0.03586025908589363], "lowlevel.spectral_contrast_valleys.mean": [-6.472509860992432, -6.854391098022461, -7.368969440460205, -8.220453262329102, -8.734834671020508, -11.715928077697754], "lowlevel.spectral_contrast_valleys.stdev": [1.194495439529419, 1.133485198020935, 1.0864447355270386, 1.039979100227356, 1.2133547067642212, 1.2859611511230469], "rhythm.beats_loudness_band_ratio.mean": [0.41581642627716064, 0.2750833332538605, 0.15042763948440552, 0.2022976130247116, 0.02883284166455269, 0.009038250893354416], "rhythm.beats_loudness_band_ratio.stdev": [0.18007060885429382, 0.14736981689929962, 0.09680653363466263, 0.16154123842716217, 0.03197992220520973, 0.013791009783744812], "tonal.hpcp.mean": [0.026121996343135834, 0.05122983828186989, 0.2305615246295929, 0.3957555294036865, 0.23421239852905273, 0.10460168123245239, 0.13775284588336945, 0.09122004359960556, 0.0984460636973381, 0.11638187617063522, 0.06096082553267479, 0.05459901690483093, 0.0658273994922638, 0.04044736549258232, 0.030422160401940346, 0.04424252361059189, 0.04410576820373535, 0.1400413066148758, 0.2620700001716614, 0.16918592154979706, 0.039774954319000244, 0.021435542032122612, 0.03042961098253727, 0.12123990058898926, 0.19374506175518036, 0.11015317589044571, 0.06625094264745712, 0.08866623044013977, 0.048947691917419434, 0.09243030101060867, 0.13900068402290344, 0.08509765565395355, 0.19409194588661194, 0.30165520310401917, 0.151746466755867, 0.0260850228369236], "tonal.hpcp.stdev": [0.10826324671506882, 0.13684333860874176, 0.28733697533607483, 0.4371224641799927, 0.2796190679073334, 0.2158680558204651, 0.30899864435195923, 0.21270833909511566, 0.22496798634529114, 0.26764410734176636, 0.13403965532779694, 0.13643492758274078, 0.1989566534757614, 0.11757180839776993, 0.07528003305196762, 0.10730442404747009, 0.11272763460874557, 0.19696708023548126, 0.33678367733955383, 0.23983913660049438, 0.13965074717998505, 0.08736085891723633, 0.09185267984867096, 0.194654181599617, 0.31275108456611633, 0.20695385336875916, 0.15917520225048065, 0.22130411863327026, 0.11935679614543915, 0.15810908377170563, 0.2453850358724594, 0.1720438450574875, 0.2701767385005951, 0.41308438777923584, 0.21412719786167145, 0.0852559357881546], "rhythm.beats_position": [0.4876190423965454, 0.9984580278396606, 1.486077070236206, 1.9736961126327515, 2.461315155029297, 2.9257142543792725, 3.3785033226013184, 3.8312923908233643, 4.2724714279174805, 4.736870765686035, 5.189659595489502, 5.642448902130127, 6.083628177642822, 6.524806976318359, 6.977596282958984, 7.430385589599609, 7.8715643882751465, 8.312743186950684, 8.753922462463379, 9.195101737976074, 9.63628101348877, 10.077460289001465, 10.53024959564209, 10.983037948608398, 11.424217224121094, 11.865396499633789, 12.318185806274414, 12.770975112915039, 13.212154388427734, 13.676552772521973, 14.129342079162598], "rhythm.bpm_histogram": [0.0, 0.0, 0.0, 0.0, 0.0, 0.0, 0.0, 0.0, 0.0, 0.0, 0.0, 0.0, 0.0, 0.0, 0.0, 0.0, 0.0, 0.0, 0.0, 0.0, 0.0, 0.0, 0.0, 0.0, 0.0, 0.0, 0.0, 0.0, 0.0, 0.0, 0.0, 0.0, 0.0, 0.0, 0.0, 0.0, 0.0, 0.0, 0.0, 0.0, 0.0, 0.0, 0.0, 0.0, 0.0, 0.0, 0.0, 0.0, 0.0, 0.0, 0.0, 0.0, 0.0, 0.0, 0.0, 0.0, 0.0, 0.0, 0.0, 0.0, 0.0, 0.0, 0.0, 0.0, 0.0, 0.0, 0.0, 0.0, 0.0, 0.0, 0.0, 0.0, 0.0, 0.0, 0.0, 0.0, 0.0, 0.0, 0.0, 0.0, 0.0, 0.0, 0.0, 0.0, 0.0, 0.0, 0.0, 0.0, 0.0, 0.0, 0.0, 0.0, 0.0, 0.0, 0.0, 0.0, 0.0, 0.0, 0.0, 0.0, 0.0, 0.0, 0.0, 0.0, 0.0, 0.0, 0.0, 0.0, 0.0, 0.0, 0.0, 0.0, 0.0, 0.0, 0.0, 0.0, 0.0, 0.03333333507180214, 0.0, 0.0, 0.0, 0.0, 0.0, 0.10000000149011612, 0.0, 0.0, 0.0, 0.0, 0.0, 0.10000000149011612, 0.0, 0.0, 0.0, 0.36666667461395264, 0.0, 0.0, 0.4000000059604645, 0.0, 0.0, 0.0, 0.0, 0.0, 0.0, 0.0, 0.0, 0.0, 0.0, 0.0, 0.0, 0.0, 0.0, 0.0, 0.0, 0.0, 0.0, 0.0, 0.0, 0.0, 0.0, 0.0, 0.0, 0.0, 0.0, 0.0, 0.0, 0.0, 0.0, 0.0, 0.0, 0.0, 0.0, 0.0, 0.0, 0.0, 0.0, 0.0, 0.0, 0.0, 0.0, 0.0, 0.0, 0.0, 0.0, 0.0, 0.0, 0.0, 0.0, 0.0, 0.0, 0.0, 0.0, 0.0, 0.0, 0.0, 0.0, 0.0, 0.0, 0.0, 0.0, 0.0, 0.0, 0.0, 0.0, 0.0, 0.0, 0.0, 0.0, 0.0, 0.0, 0.0, 0.0, 0.0, 0.0, 0.0, 0.0, 0.0, 0.0, 0.0, 0.0, 0.0, 0.0, 0.0, 0.0, 0.0, 0.0, 0.0, 0.0, 0.0, 0.0, 0.0, 0.0, 0.0, 0.0, 0.0, 0.0, 0.0, 0.0, 0.0, 0.0, 0.0, 0.0, 0.0, 0.0, 0.0, 0.0, 0.0, 0.0, 0.0, 0.0, 0.0], "tonal.chords_histogram": [19.873817443847656, 1.2618296146392822, 17.66561508178711, 0.0, 0.0, 0.0, 0.0, 0.0, 0.0, 0.0, 0.0, 0.0, 0.0, 0.0, 0.0, 22.712934494018555, 4.416403770446777, 8.201892852783203, 0.31545740365982056, 5.678233623504639, 0.0, 0.0, 19.873817443847656, 0.0], "tonal.thpcp": [1.0, 0.5918108224868774, 0.2643088400363922, 0.34807559847831726, 0.23049594461917877, 0.24875473976135254, 0.2940751612186432, 0.15403656661510468, 0.1379614770412445, 0.16633349657058716, 0.10220290720462799, 0.07687109708786011, 0.11179255694150925, 0.11144700646400452, 0.3538581132888794, 0.6622017621994019, 0.4275010824203491, 0.1005038470029831, 0.05416359379887581, 0.07688991725444794, 0.3063504993915558, 0.4895574450492859, 0.27833640575408936, 0.1674037128686905, 0.22404293715953827, 0.12368163466453552, 0.23355403542518616, 0.35122865438461304, 0.21502581238746643, 0.490433931350708, 0.7622261047363281, 0.38343486189842224, 0.06591196358203888, 0.06600538641214371, 0.12944819033145905, 0.5825857520103455], "lowlevel.gfcc.cov": [[13537.08203125, 459.9756164550781, -671.4500122070312, 429.3855285644531, -655.5681762695312, 81.53426361083984, -357.6643981933594, 245.01937866210938, -910.5665283203125, -46.228675842285156, -79.26122283935547, -370.8365173339844, -235.4496612548828], [459.9756164550781, 2179.676513671875, -416.6225891113281, -623.685302734375, 563.0587158203125, -270.22808837890625, 99.38911437988281, 19.446882247924805, 163.36293029785156, -258.2546081542969, 294.8038024902344, -273.2884826660156, 172.99295043945312], [-671.4500122070312, -416.6225891113281, 742.8563842773438, 176.7807159423828, -217.96981811523438, 148.81919860839844, -127.34518432617188, -196.11721801757812, 182.44436645507812, 81.75287628173828, -201.4038848876953, 280.642578125, -91.52980041503906], [429.3855285644531, -623.685302734375, 176.7807159423828, 400.0767517089844, -236.9705810546875, 49.9061279296875, -53.113948822021484, -53.93414306640625, -19.016084671020508, 63.197853088378906, -115.63717651367188, 103.95306396484375, -68.14745330810547], [-655.5681762695312, 563.0587158203125, -217.96981811523438, -236.9705810546875, 367.0756530761719, -106.41580200195312, 56.82362365722656, 62.79423141479492, 38.16167068481445, -37.41896438598633, 81.2519760131836, -106.8768081665039, 83.14677429199219], [81.53426361083984, -270.22808837890625, 148.81919860839844, 49.9061279296875, -106.41580200195312, 187.1251220703125, 0.8190385699272156, -65.8297119140625, -6.663148403167725, 22.860836029052734, -54.53522872924805, 57.1552619934082, -10.24880313873291], [-357.6643981933594, 99.38911437988281, -127.34518432617188, -53.113948822021484, 56.82362365722656, 0.8190385699272156, 179.2413330078125, 10.88213062286377, -41.02435302734375, -28.883695602416992, 46.60786437988281, -46.330326080322266, 16.801498413085938], [245.01937866210938, 19.446882247924805, -196.11721801757812, -53.93414306640625, 62.79423141479492, -65.8297119140625, 10.88213062286377, 204.15074157714844, -42.02969741821289, 13.613258361816406, 35.4979248046875, -108.77142333984375, 0.9572184085845947], [-910.5665283203125, 163.36293029785156, 182.44436645507812, -19.016084671020508, 38.16167068481445, -6.663148403167725, -41.02435302734375, -42.02969741821289, 292.32232666015625, 30.1633358001709, -57.94951629638672, 88.79534149169922, 14.34188461303711], [-46.228675842285156, -258.2546081542969, 81.75287628173828, 63.197853088378906, -37.41896438598633, 22.860836029052734, -28.883695602416992, 13.613258361816406, 30.1633358001709, 127.58970642089844, -68.07682037353516, 55.72516632080078, -26.657161712646484], [-79.26122283935547, 294.8038024902344, -201.4038848876953, -115.63717651367188, 81.2519760131836, -54.53522872924805, 46.60786437988281, 35.4979248046875, -57.94951629638672, -68.07682037353516, 166.47471618652344, -102.17101287841797, 30.845537185668945], [-370.8365173339844, -273.2884826660156, 280.642578125, 103.95306396484375, -106.8768081665039, 57.1552619934082, -46.330326080322266, -108.77142333984375, 88.79534149169922, 55.72516632080078, -102.17101287841797, 217.04983520507812, -20.733036041259766], [-235.4496612548828, 172.99295043945312, -91.52980041503906, -68.14745330810547, 83.14677429199219, -10.24880313873291, 16.801498413085938, 0.9572184085845947, 14.34188461303711, -26.657161712646484, 30.845537185668945, -20.733036041259766, 87.26316833496094]], "lowlevel.gfcc.icov": [[0.0005345210083760321, -0.0016425291541963816, 0.001151524600572884, -0.0012132048141211271, 0.0015413182554766536, -0.0016268703620880842, 0.0015642738435417414, -0.0009248682181350887, 0.0022262779530137777, -0.0009995652362704277, 0.0018885914469137788, -0.0006248204153962433, 0.0015208153054118156], [-0.0016425291541963816, 0.006824254523962736, -0.0036707103718072176, 0.0052131665870547295, -0.005483623594045639, 0.006457854062318802, -0.004764389246702194, 0.004094976000487804, -0.007999860681593418, 0.004724809899926186, -0.006340887397527695, 0.00325673446059227, -0.005110324826091528], [0.001151524600572884, -0.0036707103718072176, 0.007158153690397739, -0.0023241390008479357, 0.0035643521696329117, -0.0052587795071303844, 0.004847633186727762, -0.0003870528598781675, 0.0033728526905179024, -0.0016124019166454673, 0.005925740115344524, -0.004327208735048771, 0.006964471191167831], [-0.0012132048141211271, 0.0052131665870547295, -0.0023241390008479357, 0.008884766139090061, -0.001385236857458949, 0.006012391299009323, -0.0034386110492050648, 0.003959494177252054, -0.0055801584385335445, 0.0028391890227794647, -0.00243786396458745, 0.0023203352466225624, -0.003265323117375374], [0.0015413182554766536, -0.005483623594045639, 0.0035643521696329117, -0.001385236857458949, 0.011259988881647587, -0.0026459847576916218, 0.0034857417922466993, -0.002716085407882929, 0.006059526931494474, -0.004664846695959568, 0.0066410843282938, -0.0006437257979996502, 0.0010841756593436003], [-0.0016268703620880842, 0.006457854062318802, -0.0052587795071303844, 0.006012391299009323, -0.0026459847576916218, 0.014646991156041622, -0.006277177948504686, 0.005431848112493753, -0.006620913278311491, 0.0029732456896454096, -0.004534923937171698, 0.004545760806649923, -0.007942470721900463], [0.0015642738435417414, -0.004764389246702194, 0.004847633186727762, -0.0034386110492050648, 0.0034857417922466993, -0.006277177948504686, 0.01153406873345375, -0.002054681768640876, 0.0066829100251197815, -0.002160151256248355, 0.005008731037378311, -0.0024224105291068554, 0.005704001523554325], [-0.0009248682181350887, 0.004094976000487804, -0.0003870528598781675, 0.003959494177252054, -0.002716085407882929, 0.005431848112493753, -0.002054681768640876, 0.01123956311494112, -0.004871577024459839, 0.00011762153008021414, -0.0021757532376796007, 0.005397523753345013, -0.0015409729676321149], [0.0022262779530137777, -0.007999860681593418, 0.0033728526905179024, -0.0055801584385335445, 0.006059526931494474, -0.006620913278311491, 0.0066829100251197815, -0.004871577024459839, 0.015064877457916737, -0.005737907253205776, 0.008812778629362583, -0.004319394007325172, 0.004891278687864542], [-0.0009995652362704277, 0.004724809899926186, -0.0016124019166454673, 0.0028391890227794647, -0.004664846695959568, 0.0029732456896454096, -0.002160151256248355, 0.00011762153008021414, -0.005737907253205776, 0.015224342234432697, -0.0010477815521880984, -0.0006192444707266986, -0.0005119498819112778], [0.0018885914469137788, -0.006340887397527695, 0.005925740115344524, -0.00243786396458745, 0.0066410843282938, -0.004534923937171698, 0.005008731037378311, -0.0021757532376796007, 0.008812778629362583, -0.0010477815521880984, 0.019215937703847885, -0.0005758639890700579, 0.005479089915752411], [-0.0006248204153962433, 0.00325673446059227, -0.004327208735048771, 0.0023203352466225624, -0.0006437257979996502, 0.004545760806649923, -0.0024224105291068554, 0.005397523753345013, -0.004319394007325172, -0.0006192444707266986, -0.0005758639890700579, 0.013948836363852024, -0.005275972653180361], [0.0015208153054118156, -0.005110324826091528, 0.006964471191167831, -0.003265323117375374, 0.0010841756593436003, -0.007942470721900463, 0.005704001523554325, -0.0015409729676321149, 0.004891278687864542, -0.0005119498819112778, 0.005479089915752411, -0.005275972653180361, 0.023251067847013474]], "lowlevel.mfcc.cov": [[8076.7529296875, -392.7416687011719, -139.35800170898438, 278.7682800292969, -96.67603302001953, -347.36322021484375, 546.1577758789062, -155.98526000976562, -418.4046630859375, 243.11219787597656, -197.4752960205078, -110.85542297363281, -159.77671813964844], [-392.7416687011719, 2533.0107421875, -764.9557495117188, -245.33590698242188, 348.65191650390625, -347.513427734375, 214.09996032714844, 23.209075927734375, -31.83270835876465, 110.57794189453125, -30.860387802124023, 36.116607666015625, 11.123861312866211], [-139.35800170898438, -764.9557495117188, 983.5562744140625, 37.80098342895508, -164.42298889160156, 423.6761779785156, -434.4905090332031, 70.57415771484375, 82.24439239501953, -233.6350555419922, 63.47127151489258, -26.421077728271484, 76.32637023925781], [278.7682800292969, -245.33590698242188, 37.80098342895508, 250.2405242919922, -54.159767150878906, 23.154483795166016, -69.40572357177734, -0.8864515423774719, 18.58868980407715, -37.18880844116211, 25.047779083251953, -10.44953441619873, 44.331565856933594], [-96.67603302001953, 348.65191650390625, -164.42298889160156, -54.159767150878906, 208.41793823242188, -111.22295379638672, 17.942066192626953, -28.720787048339844, 4.699871063232422, 59.61498260498047, -26.897958755493164, 5.5401530265808105, 5.614179611206055], [-347.36322021484375, -347.513427734375, 423.6761779785156, 23.154483795166016, -111.22295379638672, 399.896240234375, -233.93930053710938, 27.283447265625, 107.66021728515625, -184.18820190429688, 52.72147750854492, -23.682897567749023, 23.494503021240234], [546.1577758789062, 214.09996032714844, -434.4905090332031, -69.40572357177734, 17.942066192626953, -233.93930053710938, 501.94036865234375, -36.99945831298828, -164.26788330078125, 153.84776306152344, -93.69560241699219, 7.964968204498291, -122.46013641357422], [-155.98526000976562, 23.209075927734375, 70.57415771484375, -0.8864515423774719, -28.720787048339844, 27.283447265625, -36.99945831298828, 93.63533782958984, 3.3899338245391846, -26.980140686035156, 1.1680653095245361, -3.99234676361084, 22.3314151763916], [-418.4046630859375, -31.83270835876465, 82.24439239501953, 18.58868980407715, 4.699871063232422, 107.66021728515625, -164.26788330078125, 3.3899338245391846, 221.66761779785156, -69.09033966064453, 71.44945526123047, 13.13741397857666, 15.729532241821289], [243.11219787597656, 110.57794189453125, -233.6350555419922, -37.18880844116211, 59.61498260498047, -184.18820190429688, 153.84776306152344, -26.980140686035156, -69.09033966064453, 192.04579162597656, -37.77626037597656, 17.483476638793945, -25.354297637939453], [-197.4752960205078, -30.860387802124023, 63.47127151489258, 25.047779083251953, -26.897958755493164, 52.72147750854492, -93.69560241699219, 1.1680653095245361, 71.44945526123047, -37.77626037597656, 106.37063598632812, 7.092779636383057, 14.320429801940918], [-110.85542297363281, 36.116607666015625, -26.421077728271484, -10.44953441619873, 5.5401530265808105, -23.682897567749023, 7.964968204498291, -3.99234676361084, 13.13741397857666, 17.483476638793945, 7.092779636383057, 66.94190979003906, 5.2980875968933105], [-159.77671813964844, 11.123861312866211, 76.32637023925781, 44.331565856933594, 5.614179611206055, 23.494503021240234, -122.46013641357422, 22.3314151763916, 15.729532241821289, -25.354297637939453, 14.320429801940918, 5.2980875968933105, 121.3592300415039]], "lowlevel.mfcc.icov": [[0.00017114036018028855, -3.362797724548727e-05, -0.00017389756976626813, -0.00028754494269378483, 9.356733062304556e-05, 0.00013281907013151795, -0.0001428934483556077, 0.0002836949424818158, 0.00011279666068730876, -0.00014681271568406373, 0.0001443950750399381, 0.00025077955797314644, 0.000143093362567015], [-3.362797724548727e-05, 0.0007606888539157808, 0.0006697856588289142, 0.0006872868398204446, -0.0008897401276044548, 5.623772813123651e-05, 8.555482054362074e-05, -0.0007288381457328796, 0.00017791619757190347, 0.0006678951322101057, -0.0003931077662855387, -0.00019344198517501354, -0.00036428074236027896], [-0.00017389756976626813, 0.0006697856588289142, 0.0034847520291805267, 0.001192843192256987, 0.00022874295245856047, -0.0017238202271983027, 0.002284345915541053, -0.0013672553468495607, 0.0012912740930914879, 0.001085604657419026, 3.129622427877621e-06, -0.0006109409150667489, 4.780263043357991e-05], [-0.00028754494269378483, 0.0006872868398204446, 0.001192843192256987, 0.005924345459789038, 0.0008964622393250465, 0.0005017390940338373, 0.000859085819683969, -2.0042609321535565e-05, -0.0001416322193108499, 0.0015400227857753634, -0.0007957522175274789, 0.0004332184325903654, -0.002208851743489504], [9.356733062304556e-05, -0.0008897401276044548, 0.00022874295245856047, 0.0008964622393250465, 0.008576086722314358, 0.001691334298811853, 0.0016828618245199323, 0.0027912897057831287, -0.0011853890027850866, -0.0011704094940796494, 0.002699251053854823, 0.0009928548242896795, -0.00025900089531205595], [0.00013281907013151795, 5.623772813123651e-05, -0.0017238202271983027, 0.0005017390940338373, 0.001691334298811853, 0.00702305231243372, 0.00038760725874453783, 0.0010614116908982396, -0.0015615064185112715, 0.0033547692000865936, 0.0005223857006058097, 0.0012756887590512633, 0.0006144649814814329], [-0.0001428934483556077, 8.555482054362074e-05, 0.002284345915541053, 0.000859085819683969, 0.0016828618245199323, 0.00038760725874453783, 0.006660368759185076, -0.00020916022185701877, 0.002516303677111864, -0.0005351267755031586, 0.0019354397663846612, -0.0009326059371232986, 0.004034299403429031], [0.0002836949424818158, -0.0007288381457328796, -0.0013672553468495607, -2.0042609321535565e-05, 0.0027912897057831287, 0.0010614116908982396, -0.00020916022185701877, 0.013429840095341206, -0.0002825329138431698, 0.00044152201735414565, 0.0014929842436686158, 0.0012157615274190903, -0.0018097556894645095], [0.00011279666068730876, 0.00017791619757190347, 0.0012912740930914879, -0.0001416322193108499, -0.0011853890027850866, -0.0015615064185112715, 0.002516303677111864, -0.0002825329138431698, 0.008178728632628918, 0.0008624111651442945, -0.0031008387450128794, -0.0018433240475133061, 0.0018865597667172551], [-0.00014681271568406373, 0.0006678951322101057, 0.001085604657419026, 0.0015400227857753634, -0.0011704094940796494, 0.0033547692000865936, -0.0005351267755031586, 0.00044152201735414565, 0.0008624111651442945, 0.011096606962382793, 3.0036953830858693e-06, -0.0015937058487907052, -0.0004406424122862518], [0.0001443950750399381, -0.0003931077662855387, 3.129622427877621e-06, -0.0007957522175274789, 0.002699251053854823, 0.0005223857006058097, 0.0019354397663846612, 0.0014929842436686158, -0.0031008387450128794, 3.0036953830858693e-06, 0.013885317370295525, -0.0007755975238978863, 0.0007650410407222807], [0.00025077955797314644, -0.00019344198517501354, -0.0006109409150667489, 0.0004332184325903654, 0.0009928548242896795, 0.0012756887590512633, -0.0009326059371232986, 0.0012157615274190903, -0.0018433240475133061, -0.0015937058487907052, -0.0007755975238978863, 0.016825541853904724, -0.0016208509914577007], [0.000143093362567015, -0.00036428074236027896, 4.780263043357991e-05, -0.002208851743489504, -0.00025900089531205595, 0.0006144649814814329, 0.004034299403429031, -0.0018097556894645095, 0.0018865597667172551, -0.0004406424122862518, 0.0007650410407222807, -0.0016208509914577007, 0.013179434463381767]], "metadata.audio_properties.analysis.downmix": "mix", "metadata.audio_properties.codec": "mp3", "metadata.audio_properties.md5_encoded": "d06e57191e0c103bdbbd26a304c2d04c", "metadata.tags.file_name": "1182270252294357094.mp3", "metadata.version.essentia": "2.1-beta6-dev", "metadata.version.essentia_git_sha": "v2.1_beta5-1110-g77a6a954", "metadata.version.extractor": "music 2.0", "tonal.chords_key": "Ab", "tonal.chords_scale": "minor", "tonal.key_edma.key": "Eb", "tonal.key_edma.scale": "major", "tonal.key_krumhansl.key": "Eb", "tonal.key_krumhansl.scale": "major", "tonal.key_temperley.key": "Eb", "tonal.key_temperley.scale": "major", "metadata.tags.encoding": ["Lavf58.45.100"]}, "essentia_models": [{"model_name": "genre_dortmund", "activations": {"alternative": "0.19114442", "blues": "0.019575646", "electronic": "0.011225839", "folkcountry": "0.5019112", "funksoulrnb": "0.011274092", "jazz": "0.099831745", "pop": "0.1920225", "raphiphop": "0.0050919517", "rock": "0.18851551"}}, {"model_name": "genre_rosamerica", "activations": {"classic": "0.022151032", "dance": "0.00563