{"song_id": "1182281569847738438", "download": "https://cdn.discordapp.com/attachments/1128313332273782784/1182281569847738438/chirp.mp4?ex=65842083&amp", "lyrics": "[Verse]\nI'm stepping into a brand new world\nWhere beauty and style are unfurled\nLearning the art of aesthetics so fine\nThrough training courses, I'll surely shine\n\n[Chorus]\nAesthetics training, take me higher\nUnlock the secrets, set my heart on fire\nOh, the colors and the contours I will explore\nAesthetics training, I want more, more, more", "style": ["Euphoric DnB"], "essentia_features": {"lowlevel.average_loudness": 0.9639595150947571, "lowlevel.barkbands_crest.mean": 15.034274101257324, "lowlevel.barkbands_crest.stdev": 5.240576267242432, "lowlevel.barkbands_flatness_db.mean": 0.19740772247314453, "lowlevel.barkbands_flatness_db.stdev": 0.07108952105045319, "lowlevel.barkbands_kurtosis.mean": 18.448997497558594, "lowlevel.barkbands_kurtosis.stdev": 27.509397506713867, "lowlevel.barkbands_skewness.mean": 2.9193663597106934, "lowlevel.barkbands_skewness.stdev": 2.1568832397460938, "lowlevel.barkbands_spread.mean": 12.930649757385254, "lowlevel.barkbands_spread.stdev": 13.933009147644043, "lowlevel.dissonance.mean": 0.43565645813941956, "lowlevel.dissonance.stdev": 0.05030041188001633, "lowlevel.dynamic_complexity": 2.8303205966949463, "lowlevel.erbbands_crest.mean": 10.49612045288086, "lowlevel.erbbands_crest.stdev": 5.4779438972473145, "lowlevel.erbbands_flatness_db.mean": 0.148155078291893, "lowlevel.erbbands_flatness_db.stdev": 0.05529797822237015, "lowlevel.erbbands_kurtosis.mean": 3.2188851833343506, "lowlevel.erbbands_kurtosis.stdev": 4.7452168464660645, "lowlevel.erbbands_skewness.mean": 1.026807427406311, "lowlevel.erbbands_skewness.stdev": 0.9865119457244873, "lowlevel.erbbands_spread.mean": 35.17239761352539, "lowlevel.erbbands_spread.stdev": 23.66115951538086, "lowlevel.hfc.mean": 18.318267822265625, "lowlevel.hfc.stdev": 15.481558799743652, "lowlevel.loudness_ebu128.integrated": -15.926750183105469, "lowlevel.loudness_ebu128.loudness_range": 1.8874015808105469, "lowlevel.loudness_ebu128.momentary.mean": -16.16455078125, "lowlevel.loudness_ebu128.momentary.stdev": 1.4955207109451294, "lowlevel.loudness_ebu128.short_term.mean": -15.980178833007812, "lowlevel.loudness_ebu128.short_term.stdev": 0.7084203362464905, "lowlevel.melbands_crest.mean": 20.470293045043945, "lowlevel.melbands_crest.stdev": 6.582756042480469, "lowlevel.melbands_flatness_db.mean": 0.30221572518348694, "lowlevel.melbands_flatness_db.stdev": 0.0915168821811676, "lowlevel.melbands_kurtosis.mean": 32.3652229309082, "lowlevel.melbands_kurtosis.stdev": 49.54568862915039, "lowlevel.melbands_skewness.mean": 3.608245611190796, "lowlevel.melbands_skewness.stdev": 2.5867562294006348, "lowlevel.melbands_spread.mean": 12.229262351989746, "lowlevel.melbands_spread.stdev": 21.403757095336914, "lowlevel.pitch_salience.mean": 0.43071240186691284, "lowlevel.pitch_salience.stdev": 0.14522436261177063, "lowlevel.silence_rate_20dB.mean": 0.9988186359405518, "lowlevel.silence_rate_20dB.stdev": 0.03435012698173523, "lowlevel.silence_rate_30dB.mean": 0.7909037470817566, "lowlevel.silence_rate_30dB.stdev": 0.40666255354881287, "lowlevel.silence_rate_60dB.mean": 0.03839338570833206, "lowlevel.silence_rate_60dB.stdev": 0.19214150309562683, "lowlevel.spectral_centroid.mean": 822.9761352539062, "lowlevel.spectral_centroid.stdev": 671.41845703125, "lowlevel.spectral_complexity.mean": 13.637920379638672, "lowlevel.spectral_complexity.stdev": 8.900541305541992, "lowlevel.spectral_decrease.mean": -1.762011336836622e-08, "lowlevel.spectral_decrease.stdev": 1.7217622882981232e-08, "lowlevel.spectral_energy.mean": 0.0681639090180397, "lowlevel.spectral_energy.stdev": 0.06576182693243027, "lowlevel.spectral_energyband_high.mean": 0.0005849566659890115, "lowlevel.spectral_energyband_high.stdev": 0.0010167331201955676, "lowlevel.spectral_energyband_low.mean": 0.04903561994433403, "lowlevel.spectral_energyband_low.stdev": 0.06067900359630585, "lowlevel.spectral_energyband_middle_high.mean": 0.002887555630877614, "lowlevel.spectral_energyband_middle_high.stdev": 0.004267560318112373, "lowlevel.spectral_energyband_middle_low.mean": 0.016656143590807915, "lowlevel.spectral_energyband_middle_low.stdev": 0.015526252798736095, "lowlevel.spectral_entropy.mean": 7.265979766845703, "lowlevel.spectral_entropy.stdev": 0.6213039755821228, "lowlevel.spectral_flux.mean": 0.1222086176276207, "lowlevel.spectral_flux.stdev": 0.09690065681934357, "lowlevel.spectral_kurtosis.mean": 7.506556034088135, "lowlevel.spectral_kurtosis.stdev": 6.266475200653076, "lowlevel.spectral_rms.mean": 0.0072885011322796345, "lowlevel.spectral_rms.stdev": 0.0036577503196895123, "lowlevel.spectral_rolloff.mean": 680.3373413085938, "lowlevel.spectral_rolloff.stdev": 1296.999267578125, "lowlevel.spectral_skewness.mean": 2.1645379066467285, "lowlevel.spectral_skewness.stdev": 0.8619813323020935, "lowlevel.spectral_spread.mean": 5149985.0, "lowlevel.spectral_spread.stdev": 1843242.0, "lowlevel.spectral_strongpeak.mean": 0.7344359755516052, "lowlevel.spectral_strongpeak.stdev": 0.904402494430542, "lowlevel.zerocrossingrate.mean": 0.03680019825696945, "lowlevel.zerocrossingrate.stdev": 0.036946315318346024, "metadata.audio_properties.analysis.equal_loudness": 0.0, "metadata.audio_properties.analysis.length": 39.2746467590332, "metadata.audio_properties.analysis.sample_rate": 44100.0, "metadata.audio_properties.analysis.start_time": 0.0, "metadata.audio_properties.bit_rate": 124943.0, "metadata.audio_properties.length": 39.27466583251953, "metadata.audio_properties.lossless": 0.0, "metadata.audio_properties.number_channels": 1.0, "metadata.audio_properties.replay_gain": -9.385049819946289, "metadata.audio_properties.sample_rate": 48000.0, "rhythm.beats_count": 91.0, "rhythm.beats_loudness.mean": 0.09977751225233078, "rhythm.beats_loudness.stdev": 0.05932871997356415, "rhythm.bpm": 140.0924072265625, "rhythm.bpm_histogram_first_peak_bpm": 140.0, "rhythm.bpm_histogram_first_peak_weight": 0.3483145833015442, "rhythm.bpm_histogram_second_peak_bpm": 148.0, "rhythm.bpm_histogram_second_peak_spread": 0.0, "rhythm.bpm_histogram_second_peak_weight": 0.011111111380159855, "rhythm.danceability": 1.2994459867477417, "rhythm.onset_rate": 6.032351493835449, "tonal.chords_changes_rate": 0.07674144208431244, "tonal.chords_number_rate": 0.011806375347077847, "tonal.chords_strength.mean": 0.525077760219574, "tonal.chords_strength.stdev": 0.09283715486526489, "tonal.hpcp_crest.mean": 14.267159461975098, "tonal.hpcp_crest.stdev": 6.597685813903809, "tonal.hpcp_entropy.mean": 1.9040056467056274, "tonal.hpcp_entropy.stdev": 0.7319196462631226, "tonal.key_edma.strength": 0.6128547191619873, "tonal.key_krumhansl.strength": 0.6127289533615112, "tonal.key_temperley.strength": 0.6125611662864685, "tonal.tuning_diatonic_strength": 0.5128082633018494, "tonal.tuning_equal_tempered_deviation": 0.1911623477935791, "tonal.tuning_frequency": 434.193115234375, "tonal.tuning_nontempered_energy_ratio": 0.8933921456336975, "lowlevel.barkbands.mean": [0.002933190204203129, 0.0411248505115509, 0.004105525556951761, 0.0017908562440425158, 0.003462347900494933, 0.004050033167004585, 0.002410170855000615, 0.0035051291342824697, 0.0011770663550123572, 0.0006149886175990105, 0.0004951499868184328, 0.00038701429730281234, 0.0004667003231588751, 0.00027443261933512986, 0.00022988644195720553, 0.00017710823158267885, 0.00014192401431500912, 8.29845157568343e-05, 9.276647324441001e-05, 0.00010894440492847934, 9.945875353878364e-05, 8.17457985249348e-05, 0.00013663196295965463, 8.156828698702157e-05, 5.7768971601035446e-05, 7.265313615789637e-05, 2.9984717002662364e-06], "lowlevel.barkbands.stdev": [0.0037349704653024673, 0.05407174304127693, 0.009281905367970467, 0.0034542924258857965, 0.0051157656125724316, 0.005635861773043871, 0.0054863132536411285, 0.0078046247363090515, 0.0027028201147913933, 0.001473974552936852, 0.0010066913673654199, 0.0008327228133566678, 0.0011065233265981078, 0.0006890013464726508, 0.0005925234290771186, 0.00047692228690721095, 0.00032023884705267847, 0.0002160505682695657, 0.00020622684678528458, 0.00017785017553251237, 0.00019809982040897012, 0.00017781950009521097, 0.00036663192440755665, 0.0002002595574595034, 9.133466664934531e-05, 0.00011002913379343227, 6.893991667311639e-06], "lowlevel.erbbands.mean": [1.657050371170044, 7.268519878387451, 6.217019557952881, 5.5999674797058105, 6.745983600616455, 10.963851928710938, 24.514371871948242, 37.09865188598633, 42.852989196777344, 38.995582580566406, 74.3154525756836, 33.39757537841797, 21.70471954345703, 17.118061065673828, 22.27593231201172, 16.941986083984375, 21.12135124206543, 16.615623474121094, 13.232954978942871, 10.161514282226562, 10.16430377960205, 7.8244452476501465, 4.952242374420166, 4.457904815673828, 5.030116081237793, 5.09758996963501, 4.414915561676025, 3.420527219772339, 2.9896397590637207, 3.7610511779785156, 3.639216899871826, 1.9859302043914795, 1.2546566724777222, 0.6256362795829773, 0.43018707633018494, 0.24504651129245758, 0.15089888870716095, 0.025837544351816177, 0.0005207631620578468, 9.128492820309475e-05], "lowlevel.erbbands.stdev": [2.173187732696533, 10.28324031829834, 11.877242088317871, 11.433878898620605, 12.416271209716797, 18.975614547729492, 37.311744689941406, 60.02216339111328, 101.5906753540039, 87.717041015625, 180.277099609375, 72.9059829711914, 52.87053298950195, 30.54851722717285, 46.67734146118164, 33.38362503051758, 48.0024528503418, 37.49124526977539, 29.14144515991211, 27.54629135131836, 25.21533203125, 17.4691104888916, 12.860066413879395, 10.942438125610352, 9.499014854431152, 8.4909029006958, 8.608369827270508, 7.021120548248291, 6.379513263702393, 8.973339080810547, 10.204089164733887, 5.549554824829102, 2.8225162029266357, 1.153880000114441, 0.6463244557380676, 0.3825920522212982, 0.2372393161058426, 0.04115314781665802, 0.000790839025285095, 8.322385110659525e-05], "lowlevel.gfcc.mean": [-7.505740642547607, 102.59596252441406, -64.28506469726562, 20.39702606201172, -55.096954345703125, 18.586095809936523, -27.25572395324707, 15.612549781799316, -15.804181098937988, 18.656753540039062, -10.816756248474121, 10.475693702697754, -12.06307601928711], "lowlevel.melbands.mean": [0.012989938259124756, 0.005140514113008976, 0.0009948016377165914, 0.0005858351360075176, 0.000822870060801506, 0.0008247412624768913, 0.0006081910687498748, 0.0004780703457072377, 0.0005545365274883807, 0.00018677506886888295, 0.00010367216600570828, 6.663415842922404e-05, 7.070780702633783e-05, 4.9102654884336516e-05, 4.163784615229815e-05, 4.780280141858384e-05, 2.8924756406922825e-05, 2.1616708181682043e-05, 1.5518964573857374e-05, 1.2150866496085655e-05, 1.1886194442922715e-05, 8.630549928057007e-06, 5.402640908869216e-06, 3.737065526365768e-06, 3.5599177863332443e-06, 3.4909633086499525e-06, 3.940250735467998e-06, 3.2005448247218737e-06, 2.8624790502362885e-06, 2.399730874458328e-06, 1.797572849682183e-06, 1.6837710745676304e-06, 1.5620902331647812e-06, 2.4065293473540805e-06, 2.2138876829558285e-06, 1.5746613826195244e-06, 1.136368268817023e-06, 1.0077567367261508e-06, 6.301575012912508e-07, 4.727284022010281e-07], "lowlevel.melbands.stdev": [0.016896096989512444, 0.007710444740951061, 0.0018403497524559498, 0.0008740382618270814, 0.0012292600004002452, 0.001320948009379208, 0.0013716152170673013, 0.0011145217576995492, 0.0013760494766756892, 0.00043833660311065614, 0.0002611420350149274, 0.00012928349315188825, 0.0001499703648732975, 9.911152301356196e-05, 8.93864271347411e-05, 0.00013054252485744655, 7.440399349434301e-05, 4.814349449588917e-05, 4.395922951516695e-05, 3.517828736221418e-05, 2.9808614272042178e-05, 1.9120652723358944e-05, 1.4102382010605652e-05, 9.981888979382347e-06, 9.081959433387965e-06, 7.624214049428701e-06, 6.606919214391382e-06, 5.6646958910278045e-06, 5.85101179240155e-06, 4.841533154831268e-06, 3.894978817697847e-06, 3.6293295124778524e-06, 3.554083377821371e-06, 6.051656782801729e-06, 6.173309884616174e-06, 4.7801490836718585e-06, 3.2006057608668925e-06, 2.509667865524534e-06, 1.2744967534672469e-06, 8.89405271209398e-07], "lowlevel.melbands128.mean": [0.0027723140083253384, 0.014228134416043758, 0.017787199467420578, 0.010016590356826782, 0.003919859416782856, 0.0017949582543224096, 0.0011366413673385978, 0.000815902603790164, 0.0006926077185198665, 0.0004492270527407527, 0.0005521212588064373, 0.0009409592603333294, 0.00093926239060238, 0.0005881247925572097, 0.0008936203084886074, 0.0008958568796515465, 0.0008377092308364809, 0.0005787318223156035, 0.0003012204251717776, 0.0003778483369387686, 0.0005754678277298808, 0.0007003284408710897, 0.0007199180545285344, 0.0001686819305177778, 0.00018296684720553458, 0.00021778930386062711, 0.00010539359209360555, 0.00011574672680580989, 5.9887584939133376e-05, 8.568208431825042e-05, 6.080245293560438e-05, 4.677662582253106e-05, 7.609337626490742e-05, 9.395297092851251e-05, 4.24743520852644e-05, 4.1089009755523875e-05, 4.662265200749971e-05, 3.984227078035474e-05, 3.830734203802422e-05, 5.141799192642793e-05, 5.936600791756064e-05, 2.6574542062007822e-05, 2.5770379579626024e-05, 3.5483812098391354e-05, 1.9661996702780016e-05, 2.0755953300977126e-05, 2.1677453332813457e-05, 1.3697802387468982e-05, 1.5108748812053818e-05, 1.2455614523787517e-05, 1.146598151535727e-05, 1.1706785699061584e-05, 1.285558937524911e-05, 1.1814827303169295e-05, 1.0089932402479462e-05, 8.839770998747554e-06, 6.819254394940799e-06, 6.014081918692682e-06, 4.842310772801284e-06, 4.330382580519654e-06, 3.563021209629369e-06, 3.4163867894676514e-06, 3.477093741821591e-06, 3.7731870179413818e-06, 3.367519184394041e-06, 3.515347998472862e-06, 3.3994438126683235e-06, 3.767140924537671e-06, 4.4204357436683495e-06, 3.829460183624178e-06, 3.0492731184494914e-06, 2.977827762151719e-06, 2.8428125915525015e-06, 3.1993472475733142e-06, 2.3231705199577846e-06, 2.4569412744313013e-06, 2.5679662485345034e-06, 1.8560194803285412e-06, 1.7845837874119752e-06, 1.5166110642894637e-06, 1.7188905303555657e-06, 1.8026751149591291e-06, 1.533337808723445e-06, 1.4462244735113927e-06, 1.5848492012082716e-06, 2.204070369771216e-06, 2.795523869281169e-06, 2.661702637851704e-06, 1.9510837319103302e-06, 2.1891241885896306e-06, 1.963323484233115e-06, 1.368996208839235e-06, 9.516228942629823e-07, 1.0472166422914597e-06, 1.309064600718557e-06, 1.3202920854382683e-06, 9.300403576162353e-07, 5.323305458659888e-07, 7.184477794908162e-07, 6.583950948879647e-07, 4.448735921869229e-07, 5.071694886282785e-07, 3.5320277902428643e-07, 5.397929498940357e-07, 4.732733316359372e-07, 5.746520059801696e-07, 3.921965969766461e-07, 3.518248377076816e-07, 4.0124430711330206e-07, 4.3299706931065884e-07, 4.815900069843337e-07, 6.150214630906703e-07, 4.960664341524534e-07, 4.2767956642819627e-07, 4.451241295555519e-07, 3.4227852552248805e-07, 1.2357368461834994e-07, 2.2811779132325682e-09, 4.552166629756549e-11, 2.1844326694719918e-11, 1.7857840206580988e-11, 1.1672994168487882e-11, 9.31858409880526e-12, 9.149170136779627e-12, 8.960670747071298e-12, 8.75041272080379e-12, 8.622568804794728e-12, 8.567370771150884e-12], "lowlevel.melbands128.stdev": [0.0035703012254089117, 0.018810713663697243, 0.0250961035490036, 0.014780635014176369, 0.007451616693288088, 0.004149793181568384, 0.0025600160006433725, 0.001495247590355575, 0.0015467982739210129, 0.000905839551705867, 0.0012142452178522944, 0.0019190751481801271, 0.001763631822541356, 0.0009040047880262136, 0.0017826156690716743, 0.002042894484475255, 0.0028318993281573057, 0.0015081751625984907, 0.0007382212206721306, 0.001147697796113789, 0.0019024547655135393, 0.0018532393733039498, 0.002268809825181961, 0.0006350180483423173, 0.0006437425618059933, 0.0006294523482210934, 0.00026866604457609355, 0.0004687551117967814, 0.0001680339191807434, 0.00023788616817910224, 0.00012922695896122605, 0.00010385676432633772, 0.00020597298862412572, 0.00022868282394483685, 0.00012023896852042526, 0.00010571203893050551, 0.00010825290519278497, 0.0001215815864270553, 0.00010165908315684646, 0.00015904543397482485, 0.00022033523418940604, 7.615637878188863e-05, 9.129290992859751e-05, 0.00011058360541937873, 5.591494118561968e-05, 5.435514322016388e-05, 6.0067013691877946e-05, 5.034871355746873e-05, 5.005983985029161e-05, 3.7490732211153954e-05, 4.591096148942597e-05, 3.505743370624259e-05, 3.813764487858862e-05, 3.245389962103218e-05, 2.495540502422955e-05, 2.1443152945721522e-05, 1.8752782125375234e-05, 1.7837750419857912e-05, 1.355929362034658e-05, 1.4357760846905876e-05, 1.0448291504872032e-05, 9.916742783389054e-06, 9.680533366918098e-06, 1.0977057172567584e-05, 8.770388376433402e-06, 8.770993190410081e-06, 8.10302299214527e-06, 7.513534001191147e-06, 8.212237844418269e-06, 6.848888915556017e-06, 6.333357760013314e-06, 6.198551091074478e-06, 6.2424146562989336e-06, 7.398658908641664e-06, 4.985524810763309e-06, 5.458685336634517e-06, 5.70972906643874e-06, 4.345739853306441e-06, 4.298680323699955e-06, 3.799320893449476e-06, 3.9250057852768805e-06, 4.234215793985641e-06, 3.7635484204656677e-06, 3.54069129571144e-06, 4.144746071688132e-06, 5.804001830256311e-06, 7.798937986081e-06, 7.095975433912827e-06, 5.352504558686633e-06, 7.68329937272938e-06, 6.261969701881753e-06, 4.655128122976748e-06, 3.47860418514756e-06, 3.1359161312138895e-06, 4.0265622374136e-06, 3.728466253960505e-06, 2.3917855287436396e-06, 1.2219986729178345e-06, 1.521886815680773e-06, 1.5306757177313557e-06, 1.0469981361893588e-06, 9.986410987039562e-07, 7.297254001059628e-07, 1.1068789262935752e-06, 7.82858990078239e-07, 9.860376621873002e-07, 6.975988071644679e-07, 6.180887908158184e-07, 7.300643574126298e-07, 8.142148431034002e-07, 8.965883466771629e-07, 1.0931171345873736e-06, 8.92414675490727e-07, 7.097951311152428e-07, 7.300199627024995e-07, 5.838973606842046e-07, 2.6940224984173256e-07, 8.464147605025119e-09, 9.920373411631545e-10, 3.0586630450635255e-10, 2.1597217070290498e-10, 7.025983961295168e-11, 1.4333111954256683e-11, 1.4088707631088049e-11, 1.3883531477243416e-11, 1.3715008295722697e-11, 1.359552227742089e-11, 1.3521758365775405e-11], "lowlevel.mfcc.mean": [-672.2584838867188, 147.2510986328125, 38.65570068359375, 19.440893173217773, 1.9950127601623535, 10.37806224822998, 2.0853946208953857, 4.3408427238464355, 1.0169991254806519, 10.895730972290039, 2.675464391708374, 8.858160018920898, 8.860528945922852], "lowlevel.spectral_contrast_coeffs.mean": [-0.7498376369476318, -0.7238366603851318, -0.7904895544052124, -0.819282054901123, -0.8241233825683594, -0.7697331309318542], "lowlevel.spectral_contrast_coeffs.stdev": [0.06786320358514786, 0.09204422682523727, 0.06522490829229355, 0.05479610711336136, 0.040245991200208664, 0.042789608240127563], "lowlevel.spectral_contrast_valleys.mean": [-6.184267997741699, -6.5122246742248535, -7.41643762588501, -8.007057189941406, -8.177804946899414, -10.659018516540527], "lowlevel.spectral_contrast_valleys.stdev": [0.8017302751541138, 0.6905143857002258, 0.7769704461097717, 0.918250322341919, 0.9578989148139954, 0.9927525520324707], "rhythm.beats_loudness_band_ratio.mean": [0.6492993831634521, 0.12122119963169098, 0.09819744527339935, 0.07286194711923599, 0.04342270269989967, 0.039168260991573334], "rhythm.beats_loudness_band_ratio.stdev": [0.230633944272995, 0.11577378958463669, 0.08291443437337875, 0.07215118408203125, 0.05577603727579117, 0.055988162755966187], "tonal.hpcp.mean": [0.09839526563882828, 0.09957289695739746, 0.09361767023801804, 0.1377280354499817, 0.12374117970466614, 0.06853093206882477, 0.052808597683906555, 0.04649881273508072, 0.0572219081223011, 0.10183798521757126, 0.10873261094093323, 0.06936286389827728, 0.05270032957196236, 0.06369603425264359, 0.11418617516756058, 0.22755318880081177, 0.23705771565437317, 0.11619646102190018, 0.048616912215948105, 0.033630967140197754, 0.03379225358366966, 0.0433170385658741, 0.04899023473262787, 0.08292143791913986, 0.16517490148544312, 0.16361919045448303, 0.08086336404085159, 0.047521524131298065, 0.04383563622832298, 0.06416520476341248, 0.1274411529302597, 0.14677780866622925, 0.09527027606964111, 0.06209775060415268, 0.05608408525586128, 0.06350193917751312], "tonal.hpcp.stdev": [0.20738498866558075, 0.214681938290596, 0.21696427464485168, 0.3027944266796112, 0.2804180383682251, 0.19447457790374756, 0.1841808259487152, 0.1601448506116867, 0.1650378257036209, 0.22951087355613708, 0.2303309142589569, 0.18116213381290436, 0.15940745174884796, 0.18209658563137054, 0.24013540148735046, 0.33635032176971436, 0.34242308139801025, 0.2174571454524994, 0.1434994637966156, 0.12620246410369873, 0.12476449459791183, 0.14865849912166595, 0.15736694633960724, 0.19469521939754486, 0.30148229002952576, 0.2962384521961212, 0.1925465166568756, 0.14069552719593048, 0.13897638022899628, 0.16717571020126343, 0.26555895805358887, 0.2914789915084839, 0.23200424015522003, 0.18682214617729187, 0.18328861892223358, 0.17123432457447052], "rhythm.beats_position": [0.3599092960357666, 0.7662584781646729, 1.1842176914215088, 1.6021767854690552, 2.043355941772461, 2.461315155029297, 2.902494192123413, 3.320453405380249, 3.7616326808929443, 4.179591655731201, 4.6207709312438965, 5.038730144500732, 5.468299388885498, 5.8978681564331055, 6.327437400817871, 6.757006645202637, 7.174965858459473, 7.604535102844238, 8.034104347229004, 8.46367359161377, 8.893242835998535, 9.3228120803833, 9.75238037109375, 10.181949615478516, 10.611518859863281, 11.041088104248047, 11.470657348632812, 11.888616561889648, 12.329795837402344, 12.74775505065918, 13.188934326171875, 13.606893539428711, 14.036462783813477, 14.466031074523926, 14.895600318908691, 15.325169563293457, 15.754738807678223, 16.172698974609375, 16.60226821899414, 17.043445587158203, 17.46140480041504, 17.890974044799805, 18.32054328918457, 18.750112533569336, 19.1796817779541, 19.609251022338867, 20.038820266723633, 20.4683895111084, 20.897958755493164, 21.31591796875, 21.757097244262695, 22.18666648864746, 22.616235733032227, 23.034194946289062, 23.463764190673828, 23.893333435058594, 24.32290267944336, 24.752471923828125, 25.19365119934082, 25.611610412597656, 26.029569625854492, 26.459136962890625, 26.88870620727539, 27.318275451660156, 27.747844696044922, 28.177413940429688, 28.606983184814453, 29.03655242919922, 29.466121673583984, 29.89569091796875, 30.325260162353516, 30.75482940673828, 31.184398651123047, 31.602357864379883, 32.04353713989258, 32.473106384277344, 32.90267562866211, 33.32063293457031, 33.76181411743164, 34.179771423339844, 34.60934066772461, 35.038909912109375, 35.46847915649414, 35.898048400878906, 36.32761764526367, 36.75718688964844, 37.175148010253906, 37.60471725463867, 38.03428649902344, 38.4638557434082, 38.89342498779297], "rhythm.bpm_histogram": [0.0, 0.0, 0.0, 0.0, 0.0, 0.0, 0.0, 0.0, 0.0, 0.0, 0.0, 0.0, 0.0, 0.0, 0.0, 0.0, 0.0, 0.0, 0.0, 0.0, 0.0, 0.0, 0.0, 0.0, 0.0, 0.0, 0.0, 0.0, 0.0, 0.0, 0.0, 0.0, 0.0, 0.0, 0.0, 0.0, 0.0, 0.0, 0.0, 0.0, 0.0, 0.0, 0.0, 0.0, 0.0, 0.0, 0.0, 0.0, 0.0, 0.0, 0.0, 0.0, 0.0, 0.0, 0.0, 0.0, 0.0, 0.0, 0.0, 0.0, 0.0, 0.0, 0.0, 0.0, 0.0, 0.0, 0.0, 0.0, 0.0, 0.0, 0.0, 0.0, 0.0, 0.0, 0.0, 0.0, 0.0, 0.0, 0.0, 0.0, 0.0, 0.0, 0.0, 0.0, 0.0, 0.0, 0.0, 0.0, 0.0, 0.0, 0.0, 0.0, 0.0, 0.0, 0.0, 0.0, 0.0, 0.0, 0.0, 0.0, 0.0, 0.0, 0.0, 0.0, 0.0, 0.0, 0.0, 0.0, 0.0, 0.0, 0.0, 0.0, 0.0, 0.0, 0.0, 0.0, 0.0, 0.0, 0.0, 0.0, 0.0, 0.0, 0.0, 0.0, 0.0, 0.0, 0.0, 0.0, 0.0, 0.0, 0.0, 0.0, 0.0, 0.0, 0.0, 0.0, 0.12222222238779068, 0.0, 0.0, 0.0, 0.644444465637207, 0.0, 0.0, 0.0, 0.2222222238779068, 0.0, 0.0, 0.0, 0.011111111380159855, 0.0, 0.0, 0.0, 0.0, 0.0, 0.0, 0.0, 0.0, 0.0, 0.0, 0.0, 0.0, 0.0, 0.0, 0.0, 0.0, 0.0, 0.0, 0.0, 0.0, 0.0, 0.0, 0.0, 0.0, 0.0, 0.0, 0.0, 0.0, 0.0, 0.0, 0.0, 0.0, 0.0, 0.0, 0.0, 0.0, 0.0, 0.0, 0.0, 0.0, 0.0, 0.0, 0.0, 0.0, 0.0, 0.0, 0.0, 0.0, 0.0, 0.0, 0.0, 0.0, 0.0, 0.0, 0.0, 0.0, 0.0, 0.0, 0.0, 0.0, 0.0, 0.0, 0.0, 0.0, 0.0, 0.0, 0.0, 0.0, 0.0, 0.0, 0.0, 0.0, 0.0, 0.0, 0.0, 0.0, 0.0, 0.0, 0.0, 0.0, 0.0, 0.0, 0.0, 0.0, 0.0, 0.0, 0.0, 0.0, 0.0, 0.0, 0.0, 0.0, 0.0, 0.0, 0.0, 0.0, 0.0, 0.0, 0.0, 0.0, 0.0], "tonal.chords_histogram": [14.16765022277832, 9.445100784301758, 0.0, 9.208972930908203, 0.0, 23.73081398010254, 3.6599764823913574, 3.1877212524414062, 0.0, 0.0, 0.0, 0.0, 0.0, 0.0, 0.0, 0.0, 0.5903187990188599, 0.0, 4.722550392150879, 0.0, 1.062573790550232, 0.0, 5.9031877517700195, 24.32113265991211], "tonal.thpcp": [1.0, 0.49016106128692627, 0.20508471131324768, 0.14186826348304749, 0.14254863560199738, 0.18272781372070312, 0.20665952563285828, 0.34979429841041565, 0.6967708468437195, 0.6902082562446594, 0.34111255407333374, 0.2004639357328415, 0.1849154531955719, 0.27067333459854126, 0.5375954508781433, 0.6191648840904236, 0.4018864035606384, 0.2619520425796509, 0.23658409714698792, 0.26787543296813965, 0.4150688052177429, 0.42003652453422546, 0.3949151039123535, 0.5809894800186157, 0.5219875574111938, 0.2890896499156952, 0.22276683151721954, 0.19614975154399872, 0.2413838654756546, 0.4295915365219116, 0.45867568254470825, 0.29259905219078064, 0.2223101258277893, 0.2686941921710968, 0.48168089985847473, 0.959906280040741], "lowlevel.gfcc.cov": [[5161.75830078125, -629.5615844726562, -844.219482421875, 319.3602600097656, 284.6559753417969, 153.86575317382812, -10.309711456298828, 135.39633178710938, 29.990385055541992, 79.77632141113281, 15.084378242492676, 79.01297760009766, -26.87624168395996], [-629.5615844726562, 1435.2906494140625, 259.90240478515625, -398.2787780761719, 133.2859344482422, -236.75827026367188, 97.1317138671875, -47.96898651123047, 80.19039916992188, -69.03581237792969, 73.81836700439453, -94.48343658447266, 41.40701675415039], [-844.219482421875, 259.90240478515625, 954.7177124023438, -1.158921718597412, -33.28847122192383, 76.6285629272461, 101.17471313476562, 7.690834045410156, 17.787843704223633, 24.941604614257812, -14.660080909729004, 42.27862548828125, 9.493473052978516], [319.3602600097656, -398.2787780761719, -1.158921718597412, 472.4652099609375, 56.09563064575195, 38.414329528808594, -67.35356903076172, -11.127673149108887, 14.77582836151123, -24.784204483032227, -23.98002052307129, 6.340890884399414, 29.25020408630371], [284.6559753417969, 133.2859344482422, -33.28847122192383, 56.09563064575195, 243.3389129638672, 11.15180492401123, -19.282123565673828, 2.8743951320648193, 22.914094924926758, 1.6920969486236572, -19.830211639404297, -5.83522367477417, 18.08070945739746], [153.86575317382812, -236.75827026367188, 76.6285629272461, 38.414329528808594, 11.15180492401123, 266.3498840332031, 102.75584411621094, 5.6898651123046875, -21.922882080078125, 25.96666145324707, -5.880939960479736, 8.063529968261719, -34.457122802734375], [-10.309711456298828, 97.1317138671875, 101.17471313476562, -67.35356903076172, -19.282123565673828, 102.75584411621094, 223.38099670410156, 55.72298812866211, 8.254255294799805, 11.935903549194336, 29.169113159179688, -11.512060165405273, -38.22454833984375], [135.39633178710938, -47.96898651123047, 7.690834045410156, -11.127673149108887, 2.8743951320648193, 5.6898651123046875, 55.72298812866211, 107.03211212158203, 39.61861038208008, 19.209667205810547, -2.7119693756103516, -0.6396834850311279, -5.41707181930542], [29.990385055541992, 80.19039916992188, 17.787843704223633, 14.77582836151123, 22.914094924926758, -21.922882080078125, 8.254255294799805, 39.61861038208008, 129.81060791015625, 35.440860748291016, 5.411533355712891, -23.360809326171875, 17.756656646728516], [79.77632141113281, -69.03581237792969, 24.941604614257812, -24.784204483032227, 1.6920969486236572, 25.96666145324707, 11.935903549194336, 19.209667205810547, 35.440860748291016, 89.27401733398438, 21.485700607299805, 4.400285720825195, -8.886017799377441], [15.084378242492676, 73.81836700439453, -14.660080909729004, -23.98002052307129, -19.830211639404297, -5.880939960479736, 29.169113159179688, -2.7119693756103516, 5.411533355712891, 21.485700607299805, 93.21392059326172, 22.881254196166992, 4.065101146697998], [79.01297760009766, -94.48343658447266, 42.27862548828125, 6.340890884399414, -5.83522367477417, 8.063529968261719, -11.512060165405273, -0.6396834850311279, -23.360809326171875, 4.400285720825195, 22.881254196166992, 89.12960052490234, 24.793601989746094], [-26.87624168395996, 41.40701675415039, 9.493473052978516, 29.25020408630371, 18.08070945739746, -34.457122802734375, -38.22454833984375, -5.41707181930542, 17.756656646728516, -8.886017799377441, 4.065101146697998, 24.793601989746094, 83.3124008178711]], "lowlevel.gfcc.icov": [[0.00029848149279132485, -0.00017390851280651987, 0.00036664490471594036, -0.00033600759343244135, -0.00012752557813655585, -0.00027681206120178103, 5.965457603451796e-05, -0.00046673364704474807, 9.465917537454516e-05, -0.00045386169222183526, 0.0002351396542508155, -0.0006714295013807714, 0.00028888415545225143], [-0.00017390851280651987, 0.0041951644234359264, -0.0018426827155053616, 0.003682255046442151, -0.0034880186431109905, 0.0036073692608624697, -0.0024268680717796087, 0.0035604764707386494, -0.002381879836320877, 0.005070746876299381, -0.004514353349804878, 0.005253659561276436, -0.0021516908891499043], [0.00036664490471594036, -0.0018426827155053616, 0.0023115379735827446, -0.0018689349526539445, 0.0014730675611644983, -0.001722088549286127, 0.00017533441132400185, -0.0013310706708580256, 0.0006853818194940686, -0.002877915045246482, 0.0028716973029077053, -0.0036362772807478905, 0.0008778388728387654], [-0.00033600759343244135, 0.003682255046442151, -0.0018689349526539445, 0.005851400084793568, -0.003260563826188445, 0.0022508674301207066, -0.0009172623394988477, 0.0030361043754965067, -0.0027050317730754614, 0.005745545960962772, -0.004088460933417082, 0.004891109652817249, -0.002431547502055764], [-0.00012752557813655585, -0.0034880186431109905, 0.0014730675611644983, -0.003260563826188445, 0.007616600953042507, -0.0032500545494258404, 0.0021473898086696863, -0.0025874741841107607, 0.0012812648201361299, -0.004199920687824488, 0.004650457762181759, -0.0038408334366977215, 0.0006842441507615149], [-0.00027681206120178103, 0.0036073692608624697, -0.001722088549286127, 0.0022508674301207066, -0.0032500545494258404, 0.008913873694837093, -0.0054435040801763535, 0.004690887872129679, -0.0009017091360874474, 0.0019176991190761328, -0.0019924177322536707, 0.003442602464929223, -0.0008072961936704814], [5.965457603451796e-05, -0.0024268680717796087, 0.00017533441132400185, -0.0009172623394988477, 0.0021473898086696863, -0.0054435040801763535, 0.01015812624245882, -0.006594160106033087, 0.0012304458068683743, -0.0004221260023768991, -0.0014440130908042192, -0.0008852363098412752, 0.0030685921665281057], [-0.00046673364704474807, 0.0035604764707386494, -0.0013310706708580256, 0.0030361043754965067, -0.0025874741841107607, 0.004690887872129679, -0.006594160106033087, 0.016817336902022362, -0.005810998845845461, 0.002539415378123522, -0.0005934826331213117, 0.0021638490725308657, -0.0013703963486477733], [9.465917537454516e-05, -0.002381879836320877, 0.0006853818194940686, -0.0027050317730754614, 0.0012812648201361299, -0.0009017091360874474, 0.0012304458068683743, -0.005810998845845461, 0.013359183445572853, -0.007582115475088358, 0.0016049937112256885, 0.0017362883081659675, -0.0026293527334928513], [-0.00045386169222183526, 0.005070746876299381, -0.002877915045246482, 0.005745545960962772, -0.004199920687824488, 0.0019176991190761328, -0.0004221260023768991, 0.002539415378123522, -0.007582115475088358, 0.02198476903140545, -0.009486117400228977, 0.005589551758021116, 8.046777657000348e-05], [0.0002351396542508155, -0.004514353349804878, 0.0028716973029077053, -0.004088460933417082, 0.004650457762181759, -0.0019924177322536707, -0.0014440130908042192, -0.0005934826331213117, 0.0016049937112256885, -0.009486117400228977, 0.019526610150933266, -0.010359677486121655, 0.001669693854637444], [-0.0006714295013807714, 0.005253659561276436, -0.0036362772807478905, 0.004891109652817249, -0.0038408334366977215, 0.003442602464929223, -0.0008852363098412752, 0.0021638490725308657, 0.0017362883081659675, 0.005589551758021116, -0.010359677486121655, 0.023254424333572388, -0.008327540941536427], [0.00028888415545225143, -0.0021516908891499043, 0.0008778388728387654, -0.002431547502055764, 0.0006842441507615149, -0.0008072961936704814, 0.0030685921665281057, -0.0013703963486477733, -0.0026293527334928513, 8.046777657000348e-05, 0.001669693854637444, -0.008327540941536427, 0.01772146485745907]], "lowlevel.mfcc.cov": [[5909.78369140625, -1060.57177734375, -1044.54345703125, 115.85962677001953, 202.68190002441406, 88.34097290039062, 50.50995635986328, 73.55553436279297, 37.861881256103516, 49.434940338134766, 47.28742980957031, -4.507113456726074, 81.74755096435547], [-1060.57177734375, 1772.1898193359375, 121.82860565185547, -104.19586944580078, -79.02897644042969, -139.0015106201172, -19.539148330688477, -13.903105735778809, -43.184112548828125, 68.17182159423828, 6.663362979888916, -10.838285446166992, 20.15513038635254], [-1044.54345703125, 121.82860565185547, 790.5186157226562, 35.90940475463867, -46.95882797241211, 77.94938659667969, 56.656185150146484, 41.48945999145508, 47.3901481628418, -24.02968978881836, 26.241004943847656, 42.00851821899414, -16.638465881347656], [115.85962677001953, -104.19586944580078, 35.90940475463867, 305.89312744140625, 118.98896789550781, -16.916141510009766, -54.635162353515625, -6.358980655670166, 21.869834899902344, -8.692950248718262, -53.67964553833008, -5.05120325088501, 32.30705261230469], [202.68190002441406, -79.02897644042969, -46.95882797241211, 118.98896789550781, 252.29598999023438, 37.93682861328125, -46.54848098754883, -35.926212310791016, 38.8571662902832, -21.289268493652344, -36.406005859375, -24.323123931884766, 14.102815628051758], [88.34097290039062, -139.0015106201172, 77.94938659667969, -16.916141510009766, 37.93682861328125, 191.97119140625, 74.22695922851562, 32.68882369995117, 18.690866470336914, 0.9902470111846924, 38.30022430419922, 15.010501861572266, -48.24247360229492], [50.50995635986328, -19.539148330688477, 56.656185150146484, -54.635162353515625, -46.54848098754883, 74.22695922851562, 172.09515380859375, 67.12625122070312, -0.5480741858482361, -11.894983291625977, 52.5759391784668, 14.05251407623291, -16.08350944519043], [73.55553436279297, -13.903105735778809, 41.48945999145508, -6.358980655670166, -35.926212310791016, 32.68882369995117, 67.12625122070312, 115.7817611694336, 25.88048553466797, 8.014609336853027, 20.99586296081543, 11.520744323730469, -3.673680305480957], [37.861881256103516, -43.184112548828125, 47.3901481628418, 21.869834899902344, 38.8571662902832, 18.690866470336914, -0.5480741858482361, 25.88048553466797, 121.64762115478516, 37.53081512451172, 10.390689849853516, 3.3593368530273438, -2.1179580688476562], [49.434940338134766, 68.17182159423828, -24.02968978881836, -8.692950248718262, -21.289268493652344, 0.9902470111846924, -11.894983291625977, 8.014609336853027, 37.53081512451172, 130.35350036621094, 34.98409652709961, 28.512399673461914, -5.788461685180664], [47.28742980957031, 6.663362979888916, 26.241004943847656, -53.67964553833008, -36.406005859375, 38.30022430419922, 52.5759391784668, 20.99586296081543, 10.390689849853516, 34.98409652709961, 108.36190795898438, 33.751529693603516, -12.18366527557373], [-4.507113456726074, -10.838285446166992, 42.00851821899414, -5.05120325088501, -24.323123931884766, 15.010501861572266, 14.05251407623291, 11.520744323730469, 3.3593368530273438, 28.512399673461914, 33.751529693603516, 78.62293243408203, 20.55195426940918], [81.74755096435547, 20.15513038635254, -16.638465881347656, 32.30705261230469, 14.102815628051758, -48.24247360229492, -16.08350944519043, -3.673680305480957, -2.1179580688476562, -5.788461685180664, -12.18366527557373, 20.55195426940918, 94.32308197021484]], "lowlevel.mfcc.icov": [[0.00027312058955430984, 0.00012051398516632617, 0.00036909335176460445, -9.613851580070332e-05, -9.515357669442892e-05, -0.00014781068603042513, -8.14945888123475e-05, -0.00020424198010005057, -3.9032540371408686e-05, -7.873817958170548e-05, -0.00018567941151559353, 5.7885492424247786e-05, -0.00028995057800784707], [0.00012051398516632617, 0.0007283116574399173, -7.973525498528033e-05, 0.0002671708934940398, -0.00023296038853004575, 0.0005630020168609917, -0.00014892886974848807, -0.0001659563567955047, 0.00042183848563581705, -0.0006530120153911412, -7.493665179936215e-05, 0.0003387698088772595, -0.0001888186961878091], [0.00036909335176460445, -7.973525498528033e-05, 0.0020936192013323307, -0.0006839600391685963, 0.0006145423394627869, -0.0009801549604162574, -0.0001761845196597278, -0.0001528496213722974, -0.0010857335291802883, 0.0009085836936719716, -0.0002759813505690545, -0.0008471777546219528, -0.00014813625602982938], [-9.613851580070332e-05, 0.0002671708934940398, -0.0006839600391685963, 0.004801120143383741, -0.0022653292398899794, 0.0008111649658530951, 0.0006925849011167884, -0.0010506738908588886, 0.0004152545880060643, -0.0006454813410528004, 0.0016218172386288643, -0.0004343775217421353, -0.0006342694396153092], [-9.515357669442892e-05, -0.00023296038853004575, 0.0006145423394627869, -0.0022653292398899794, 0.006988666485995054, -0.003123554168269038, 0.00113025086466223, 0.0023128020111471415, -0.0026938922237604856, 0.0015206930693238974, 0.00034857584978453815, 0.001538362237624824, -0.0016004607314243913], [-0.00014781068603042513, 0.0005630020168609917, -0.0009801549604162574, 0.0008111649658530951, -0.003123554168269038, 0.009601494297385216, -0.0031166882254183292, -0.0008888919255696237, 0.0005189445219002664, -0.0004181062977295369, -0.0007709679193794727, -0.0022470266558229923, 0.004744815640151501], [-8.14945888123475e-05, -0.00014892886974848807, -0.0001761845196597278, 0.0006925849011167884, 0.00113025086466223, -0.0031166882254183292, 0.010567762888967991, -0.004532127641141415, 0.0006520739989355206, 0.002109649358317256, -0.0033783516846597195, 0.0006855287356302142, -0.0007450929842889309], [-0.00020424198010005057, -0.0001659563567955047, -0.0001528496213722974, -0.0010506738908588886, 0.0023128020111471415, -0.0008888919255696237, -0.004532127641141415, 0.012931509874761105, -0.003184891538694501, 2.871757715183776e-06, 0.0007468205294571817, -0.00029177049873396754, -0.0004354912380222231], [-3.9032540371408686e-05, 0.00042183848563581705, -0.0010857335291802883, 0.0004152545880060643, -0.0026938922237604856, 0.0005189445219002664, 0.0006520739989355206, -0.003184891538694501, 0.011435464955866337, -0.003999834414571524, -0.000545658462215215, 0.001296507311053574, -7.638558599865064e-05], [-7.873817958170548e-05, -0.0006530120153911412, 0.0009085836936719716, -0.0006454813410528004, 0.0015206930693238974, -0.0004181062977295369, 0.002109649358317256, 2.871757715183776e-06, -0.003999834414571524, 0.011375169269740582, -0.0028294401708990335, -0.003588919062167406, 0.0015325348358601332], [-0.00018567941151559353, -7.493665179936215e-05, -0.0002759813505690545, 0.0016218172386288643, 0.00034857584978453815, -0.0007709679193794727, -0.0033783516846597195, 0.0007468205294571817, -0.000545658462215215, -0.0028294401708990335, 0.014601591974496841, -0.004572207108139992, 0.001275770366191864], [5.7885492424247786e-05, 0.0003387698088772595, -0.0008471777546219528, -0.0004343775217421353, 0.001538362237624824, -0.0022470266558229923, 0.0006855287356302142, -0.00029177049873396754, 0.001296507311053574, -0.003588919062167406, -0.004572207108139992, 0.018872108310461044, -0.006290709599852562], [-0.00028995057800784707, -0.0001888186961878091, -0.00014813625602982938, -0.0006342694396153092, -0.0016004607314243913, 0.004744815640151501, -0.0007450929842889309, -0.0004354912380222231, -7.638558599865064e-05, 0.0015325348358601332, 0.001275770366191864, -0.006290709599852562, 0.015234481543302536]], "metadata.audio