{"song_id": "1182268733750784070", "download": "https://cdn.discordapp.com/attachments/1128313332273782784/1182268733750784070/chirp.mp4?ex=6584148f&amp", "lyrics": "(Pre-Chorus)\n\u041a\u0430\u0436\u0434\u044b\u0439 \u0434\u0435\u043d\u044c, \u043a\u043e\u0433\u0434\u0430 \u044f \u043f\u0440\u043e\u0441\u044b\u043f\u0430\u044e\u0441\u044c \u0440\u044f\u0434\u043e\u043c \u0441 \u0442\u043e\u0431\u043e\u0439,\n\u041f\u043e\u043d\u0438\u043c\u0430\u044e, \u043d\u0430\u0441\u043a\u043e\u043b\u044c\u043a\u043e \u0441\u0447\u0430\u0441\u0442\u043b\u0438\u0432\u0430 \u044f \u0432 \u044d\u0442\u043e\u043c \u043c\u0438\u0440\u0435.\n\u0422\u044b - \u043c\u043e\u0439 \u043a\u0430\u043c\u0435\u043d\u044c \u043e\u043f\u043e\u0440\u044b, \u043c\u043e\u0439 \u043b\u0443\u0447\u0448\u0438\u0439 \u0434\u0440\u0443\u0433,\n\u0421 \u0442\u043e\u0431\u043e\u0439 \u044f \u0432\u0441\u0435\u0433\u0434\u0430 \u0447\u0443\u0432\u0441\u0442\u0432\u0443\u044e \u0441\u0435\u0431\u044f \u043d\u0430 \u0432\u044b\u0441\u043e\u0442\u0435.\n\n(Chorus)\n\u0410\u043b\u0438\u0447\u043a\u0430, \u043c\u043e\u044f \u043b\u044e\u0431\u043e\u0432\u044c,\n\u0422\u044b - \u043c\u043e\u0435 \u0441\u0447\u0430\u0441\u0442\u044c\u0435, \u043c\u043e\u0439 \u0443\u044e\u0442.\n\u0417\u0430 \u0442\u0432\u043e\u044e \u043d\u0435\u0436\u043d\u043e\u0441\u0442\u044c \u0438 \u043b\u0430\u0441\u043a\u0443,\n\u042f \u0431\u043b\u0430\u0433\u043e\u0434\u0430\u0440\u044e \u043a\u0430\u0436\u0434\u044b\u0439 \u0434\u0435\u043d\u044c.\n\n(Verse 2)\n\u041c\u044b \u043f\u0440\u043e\u0448\u043b\u0438 \u0432\u043c\u0435\u0441\u0442\u0435 \u043c\u043d\u043e\u0433\u043e \u0438\u0441\u043f\u044b\u0442\u0430\u043d\u0438\u0439,\n\u0418 \u0432\u0441\u0435\u0433\u0434\u0430 \u0442\u044b \u0431\u044b\u043b \u0440\u044f\u0434\u043e\u043c, \u043f\u043e\u0434\u0434\u0435\u0440\u0436\u043a\u043e\u0439 \u043c\u043e\u0435\u0439.\n\u0422\u0432\u043e\u044f \u0443\u043b\u044b\u0431\u043a\u0430 \u043e\u0441\u0432\u0435\u0449\u0430\u0435\u0442 \u043c\u043e\u0438 \u0434\u043d\u0438,\n\u0421 \u0442\u043e\u0431\u043e\u0439 \u044f \u0447\u0443\u0432\u0441\u0442\u0432\u0443\u044e, \u0447\u0442\u043e \u043f\u043e\u0431\u0435\u0436\u0434\u0430\u044e \u0432\u0441\u0435 \u0442\u0440\u0443\u0434\u043d\u043e\u0441\u0442\u0438.", "style": ["\u0440\u043e\u0440"], "essentia_features": {"lowlevel.average_loudness": 0.959125280380249, "lowlevel.barkbands_crest.mean": 10.446599960327148, "lowlevel.barkbands_crest.stdev": 2.7803478240966797, "lowlevel.barkbands_flatness_db.mean": 0.43854692578315735, "lowlevel.barkbands_flatness_db.stdev": 0.13274338841438293, "lowlevel.barkbands_kurtosis.mean": 2.5041897296905518, "lowlevel.barkbands_kurtosis.stdev": 5.681941509246826, "lowlevel.barkbands_skewness.mean": 0.8602607250213623, "lowlevel.barkbands_skewness.stdev": 0.9613263607025146, "lowlevel.barkbands_spread.mean": 3.9911623001098633, "lowlevel.barkbands_spread.stdev": 2.9158947467803955, "lowlevel.dissonance.mean": 0.30445003509521484, "lowlevel.dissonance.stdev": 0.09393642097711563, "lowlevel.dynamic_complexity": 1.684199333190918, "lowlevel.erbbands_crest.mean": 15.475398063659668, "lowlevel.erbbands_crest.stdev": 5.1217217445373535, "lowlevel.erbbands_flatness_db.mean": 0.40831097960472107, "lowlevel.erbbands_flatness_db.stdev": 0.10863029211759567, "lowlevel.erbbands_kurtosis.mean": 1.239200234413147, "lowlevel.erbbands_kurtosis.stdev": 3.1785950660705566, "lowlevel.erbbands_skewness.mean": 0.1462034285068512, "lowlevel.erbbands_skewness.stdev": 0.8791586756706238, "lowlevel.erbbands_spread.mean": 9.508659362792969, "lowlevel.erbbands_spread.stdev": 7.58294153213501, "lowlevel.hfc.mean": 13.667314529418945, "lowlevel.hfc.stdev": 7.072324275970459, "lowlevel.loudness_ebu128.integrated": -11.787030220031738, "lowlevel.loudness_ebu128.loudness_range": 2.6500463485717773, "lowlevel.loudness_ebu128.momentary.mean": -12.182578086853027, "lowlevel.loudness_ebu128.momentary.stdev": 2.057659149169922, "lowlevel.loudness_ebu128.short_term.mean": -11.882171630859375, "lowlevel.loudness_ebu128.short_term.stdev": 0.9708684682846069, "lowlevel.melbands_crest.mean": 14.154335021972656, "lowlevel.melbands_crest.stdev": 3.7527074813842773, "lowlevel.melbands_flatness_db.mean": 0.5621277093887329, "lowlevel.melbands_flatness_db.stdev": 0.16064725816249847, "lowlevel.melbands_kurtosis.mean": 3.898380994796753, "lowlevel.melbands_kurtosis.stdev": 10.893506050109863, "lowlevel.melbands_skewness.mean": 1.2848196029663086, "lowlevel.melbands_skewness.stdev": 1.0096670389175415, "lowlevel.melbands_spread.mean": 6.169851303100586, "lowlevel.melbands_spread.stdev": 5.186836242675781, "lowlevel.pitch_salience.mean": 0.49823805689811707, "lowlevel.pitch_salience.stdev": 0.08811946958303452, "lowlevel.silence_rate_20dB.mean": 1.0, "lowlevel.silence_rate_20dB.stdev": 0.0, "lowlevel.silence_rate_30dB.mean": 0.9971031546592712, "lowlevel.silence_rate_30dB.stdev": 0.053744714707136154, "lowlevel.silence_rate_60dB.mean": 0.008690614253282547, "lowlevel.silence_rate_60dB.stdev": 0.09281650185585022, "lowlevel.spectral_centroid.mean": 382.1514587402344, "lowlevel.spectral_centroid.stdev": 287.33612060546875, "lowlevel.spectral_complexity.mean": 7.775202751159668, "lowlevel.spectral_complexity.stdev": 2.6242876052856445, "lowlevel.spectral_decrease.mean": -1.100548541188573e-08, "lowlevel.spectral_decrease.stdev": 5.439482197999723e-09, "lowlevel.spectral_energy.mean": 0.04277687519788742, "lowlevel.spectral_energy.stdev": 0.020977027714252472, "lowlevel.spectral_energyband_high.mean": 3.856631155940704e-05, "lowlevel.spectral_energyband_high.stdev": 0.00017935146752279252, "lowlevel.spectral_energyband_low.mean": 0.013464217074215412, "lowlevel.spectral_energyband_low.stdev": 0.014504783786833286, "lowlevel.spectral_energyband_middle_high.mean": 0.0019229425815865397, "lowlevel.spectral_energyband_middle_high.stdev": 0.0028269055765122175, "lowlevel.spectral_energyband_middle_low.mean": 0.031906504184007645, "lowlevel.spectral_energyband_middle_low.stdev": 0.015238192863762379, "lowlevel.spectral_entropy.mean": 5.230583667755127, "lowlevel.spectral_entropy.stdev": 0.7352098226547241, "lowlevel.spectral_flux.mean": 0.05623415857553482, "lowlevel.spectral_flux.stdev": 0.037402115762233734, "lowlevel.spectral_kurtosis.mean": 262.4444274902344, "lowlevel.spectral_kurtosis.stdev": 259.6883544921875, "lowlevel.spectral_rms.mean": 0.006240257527679205, "lowlevel.spectral_rms.stdev": 0.0016711398493498564, "lowlevel.spectral_rolloff.mean": 539.7025756835938, "lowlevel.spectral_rolloff.stdev": 669.14599609375, "lowlevel.spectral_skewness.mean": 11.566859245300293, "lowlevel.spectral_skewness.stdev": 6.899237155914307, "lowlevel.spectral_spread.mean": 1400827.75, "lowlevel.spectral_spread.stdev": 1991645.25, "lowlevel.spectral_strongpeak.mean": 1.2544074058532715, "lowlevel.spectral_strongpeak.stdev": 0.9693548083305359, "lowlevel.zerocrossingrate.mean": 0.0199151411652565, "lowlevel.zerocrossingrate.stdev": 0.030207054689526558, "metadata.audio_properties.analysis.equal_loudness": 0.0, "metadata.audio_properties.analysis.length": 40.04265213012695, "metadata.audio_properties.analysis.sample_rate": 44100.0, "metadata.audio_properties.analysis.start_time": 0.0, "metadata.audio_properties.bit_rate": 107890.0, "metadata.audio_properties.length": 40.042667388916016, "metadata.audio_properties.lossless": 0.0, "metadata.audio_properties.number_channels": 1.0, "metadata.audio_properties.replay_gain": -13.929859161376953, "metadata.audio_properties.sample_rate": 48000.0, "rhythm.beats_count": 75.0, "rhythm.beats_loudness.mean": 0.05366652086377144, "rhythm.beats_loudness.stdev": 0.02163134701550007, "rhythm.bpm": 112.83466339111328, "rhythm.bpm_histogram_first_peak_bpm": 112.0, "rhythm.bpm_histogram_first_peak_weight": 0.3150685429573059, "rhythm.bpm_histogram_second_peak_bpm": 117.0, "rhythm.bpm_histogram_second_peak_spread": 0.0, "rhythm.bpm_histogram_second_peak_weight": 0.013513513840734959, "rhythm.danceability": 0.9650094509124756, "rhythm.onset_rate": 2.49660325050354, "tonal.chords_changes_rate": 0.039351850748062134, "tonal.chords_number_rate": 0.008101851679384708, "tonal.chords_strength.mean": 0.41360822319984436, "tonal.chords_strength.stdev": 0.08986901491880417, "tonal.hpcp_crest.mean": 20.34027862548828, "tonal.hpcp_crest.stdev": 8.63917350769043, "tonal.hpcp_entropy.mean": 1.282407283782959, "tonal.hpcp_entropy.stdev": 0.6674730181694031, "tonal.key_edma.strength": 0.6239342093467712, "tonal.key_krumhansl.strength": 0.6147900819778442, "tonal.key_temperley.strength": 0.6004806160926819, "tonal.tuning_diatonic_strength": 0.43979746103286743, "tonal.tuning_equal_tempered_deviation": 0.04107372462749481, "tonal.tuning_frequency": 441.0177917480469, "tonal.tuning_nontempered_energy_ratio": 0.6175719499588013, "lowlevel.barkbands.mean": [7.32604303266271e-06, 0.001344135613180697, 0.0075733857229352, 0.00934701319783926, 0.008527390658855438, 0.004349229857325554, 0.0009614130249246955, 0.008075627498328686, 0.0006135009462013841, 0.0015101708704605699, 0.0001377021981170401, 9.280192170990631e-05, 7.752390956738964e-05, 6.966742512304336e-05, 2.12588238355238e-05, 9.774733371159527e-06, 1.1792399163823575e-05, 2.8427386951079825e-06, 4.148255356994923e-06, 3.545899062373792e-06, 8.824303222354501e-06, 6.033283625583863e-06, 6.959483926038956e-06, 4.060651463078102e-06, 5.837429853272624e-06, 4.853176051256014e-06, 1.1477650474489565e-07], "lowlevel.barkbands.stdev": [1.9746066755033098e-05, 0.001391171128489077, 0.01085040532052517, 0.00866617076098919, 0.006480810698121786, 0.003485047956928611, 0.0019019945757463574, 0.006480434909462929, 0.0012345766881480813, 0.0025738065596669912, 0.00039578735595569015, 0.0003272565663792193, 0.00025495432782918215, 0.0003040344163309783, 7.636606460437179e-05, 2.5966728571802378e-05, 3.53000323229935e-05, 1.0663335160643328e-05, 2.0441275410121307e-05, 2.0815206880797632e-05, 4.6013643441256136e-05, 3.090559403062798e-05, 3.127600211882964e-05, 2.099439370795153e-05, 3.6759804061148316e-05, 2.8764168746420182e-05, 8.909539701562608e-07], "lowlevel.erbbands.mean": [0.010859563015401363, 0.5071933269500732, 6.440471172332764, 22.37337875366211, 28.490093231201172, 23.300561904907227, 60.76227951049805, 18.671537399291992, 8.858680725097656, 41.852081298828125, 201.63502502441406, 29.398574829101562, 16.95050811767578, 55.65292739868164, 7.220224857330322, 4.021747589111328, 3.21105694770813, 4.045851230621338, 1.9133086204528809, 0.7316226363182068, 0.5648300051689148, 0.6473035216331482, 0.22469142079353333, 0.160366490483284, 0.2280856966972351, 0.1705605536699295, 0.3040428161621094, 0.3329322338104248, 0.22298790514469147, 0.22419531643390656, 0.18208661675453186, 0.09767132997512817, 0.0660788044333458, 0.054163362830877304, 0.04643060639500618, 0.024225307628512383, 0.008552107959985733, 0.001045386423356831, 4.202380296192132e-05, 4.819724563276395e-05], "lowlevel.erbbands.stdev": [0.013197014108300209, 0.5025392770767212, 8.333187103271484, 21.5256404876709, 25.860401153564453, 25.017770767211914, 44.08281707763672, 20.257553100585938, 15.63129997253418, 54.10017776489258, 172.3946533203125, 30.38290786743164, 25.784027099609375, 97.10089874267578, 16.442644119262695, 12.096853256225586, 10.283486366271973, 16.728464126586914, 6.563880443572998, 2.3254892826080322, 1.3814442157745361, 1.9879668951034546, 0.7528659701347351, 0.7425447702407837, 1.1737048625946045, 1.0671019554138184, 1.5518707036972046, 1.8134171962738037, 1.146891713142395, 1.0692532062530518, 0.8038432598114014, 0.47034719586372375, 0.37169888615608215, 0.3401661813259125, 0.29908785223960876, 0.149947851896286, 0.05051426216959953, 0.006642230320721865, 0.00013595173368230462, 2.3766706362948753e-05], "lowlevel.gfcc.mean": [-182.479736328125, 238.50143432617188, -30.675283432006836, -42.62949752807617, -64.36439514160156, -8.761677742004395, -21.82533836364746, -10.611492156982422, -15.8941068649292, -20.089920043945312, -20.95836067199707, -22.650325775146484, -9.115102767944336], "lowlevel.melbands.mean": [0.00021931991796009243, 0.0026041853707283735, 0.004154698457568884, 0.0016690840711817145, 0.001898519229143858, 0.0004874203004874289, 0.00014072693011257797, 0.0006520660244859755, 0.0014802293153479695, 9.492142999079078e-05, 8.657024591229856e-05, 0.0002444485144224018, 2.1096680939081125e-05, 1.2353727470326703e-05, 7.257362995005678e-06, 8.124173291435e-06, 6.984842002566438e-06, 3.2840964649949456e-06, 1.4127554095466621e-06, 6.906873295520199e-07, 6.388287943082105e-07, 7.53236633954657e-07, 3.464631959104736e-07, 1.1618862316709055e-07, 1.2518376024672762e-07, 1.652722403377993e-07, 1.440249377537839e-07, 1.0363359592702182e-07, 1.5571234257549804e-07, 2.4669898834872583e-07, 1.7397864837676025e-07, 1.2823360862057598e-07, 1.0787401549805509e-07, 1.321319444969049e-07, 1.1334820726460748e-07, 7.876003138562737e-08, 5.183556339716233e-08, 4.492671124012304e-08, 4.3180047981650205e-08, 4.635873196434659e-08], "lowlevel.melbands.stdev": [0.0002418726508039981, 0.0031216845382004976, 0.003512050723657012, 0.001404604292474687, 0.0013194233179092407, 0.0004761951568070799, 0.0002536115061957389, 0.0006456264527514577, 0.0012862698640674353, 0.000160353840328753, 0.00013474642764776945, 0.00042812881292775273, 5.632856846204959e-05, 4.621511834557168e-05, 2.1932752133579925e-05, 2.767507976386696e-05, 2.881460022763349e-05, 1.2655997124966234e-05, 5.466637958306819e-06, 2.1075925360491965e-06, 1.636370029700629e-06, 2.4005535124160815e-06, 1.2155484228060232e-06, 4.631326078197162e-07, 6.176818487801938e-07, 8.465516430078424e-07, 7.654215892216598e-07, 7.18117064479884e-07, 8.158021387316694e-07, 1.3239612144388957e-06, 1.0075119689645362e-06, 6.835560952822561e-07, 5.512696361620328e-07, 6.256770461732231e-07, 5.032454168940603e-07, 3.810804969361925e-07, 2.582242188964301e-07, 2.5565560690665734e-07, 2.584504272817867e-07, 3.043537617486436e-07], "lowlevel.melbands128.mean": [3.4499717003200203e-06, 1.0988235771947075e-05, 0.00016842545301187783, 0.0008656698628328741, 0.002396500203758478, 0.0041328477673232555, 0.0045654308050870895, 0.004748811945319176, 0.0028519914485514164, 0.0010827522492036223, 0.0010916241444647312, 0.00183956534601748, 0.002760409377515316, 0.001154415775090456, 0.00033354072365909815, 0.00017081364057958126, 0.0001193879361380823, 9.332859917776659e-05, 0.00018826924497261643, 0.0003745608264580369, 0.0006167544634081423, 0.0022049900144338608, 0.0020779077894985676, 0.00014155199460219592, 6.89557782607153e-05, 5.659747330355458e-05, 8.815749606583267e-05, 2.488892641849816e-05, 8.66829213919118e-05, 0.0004651499621104449, 0.0002047577581834048, 1.919632632052526e-05, 2.1626996385748498e-05, 1.097678887163056e-05, 1.2922212590638082e-05, 1.4756020391359925e-05, 9.070028681890108e-06, 4.327264832681976e-06, 9.654667337599676e-06, 4.9283821681456175e-06, 4.907943548460025e-06, 1.803958002710715e-05, 6.046224370948039e-06, 2.1883306544623338e-06, 5.309289917931892e-06, 2.6444438390171854e-06, 2.579880856501404e-06, 1.6096090575956623e-06, 8.252944780906546e-07, 7.456733328581322e-07, 7.56045096750313e-07, 4.369486248378962e-07, 7.928201171125693e-07, 5.432045213638048e-07, 7.291916972462786e-07, 1.00522595403163e-06, 4.69461781449354e-07, 5.56038230570266e-07, 2.1041967102064518e-07, 1.4286847260791546e-07, 1.036915335816957e-07, 1.0129445371376278e-07, 1.190522382898962e-07, 1.347769540416266e-07, 1.3080523331154836e-07, 1.5682267928696092e-07, 2.0002239864425064e-07, 1.7596600798697182e-07, 1.2932395065945457e-07, 1.0326631638690742e-07, 9.556421787237923e-08, 1.0726049737286303e-07, 1.1468888061472171e-07, 1.5099817574082408e-07, 2.1817453443873092e-07, 2.771270430912409e-07, 2.4413083110630396e-07, 2.027018695116567e-07, 1.648102596618628e-07, 1.5030337863208842e-07, 1.2392926862503373e-07, 1.3918615593411232e-07, 9.847514803595914e-08, 9.884569607265803e-08, 1.0845545261872758e-07, 1.490791419200832e-07, 1.2495644341470324e-07, 1.34351253677778e-07, 1.2288100492696685e-07, 9.277619028580375e-08, 7.555680525683783e-08, 9.289361457831546e-08, 5.22727141571977e-08, 5.0657131822617885e-08, 4.9347057995419163e-08, 4.253412555499381e-08, 4.232459005493183e-08, 5.277595249708611e-08, 3.9280653396644993e-08, 4.038178147425242e-08, 4.5215536204068485e-08, 4.7938826241988863e-08, 4.793193042473831e-08, 5.1380997234673487e-08, 5.304979922016173e-08, 5.497806654375381e-08, 5.954465720492408e-08, 4.5864684494745234e-08, 3.352534250211647e-08, 4.058054869915395e-08, 4.3877346200815737e-08, 2.7754154530157393e-08, 2.9586841421291865e-08, 1.9703476183963176e-08, 1.6188442586440033e-08, 1.1889445872270699e-08, 4.724757030061255e-09, 7.266270918293571e-10, 3.990691110900002e-11, 6.993015975315098e-12, 6.819026246440707e-12, 6.670346566761687e-12, 6.540192866444361e-12, 6.426717231305945e-12, 6.319298383183902e-12, 6.206135431952031e-12, 6.134784520661629e-12, 6.099181056040681e-12], "lowlevel.melbands128.stdev": [9.617593605071306e-06, 2.5500594347249717e-05, 0.0002868255542125553, 0.000874923774972558, 0.0030251776333898306, 0.006090674549341202, 0.0049791280180215836, 0.004450313746929169, 0.003156989114359021, 0.0014629471115767956, 0.0018442703876644373, 0.0016943472437560558, 0.00219072587788105, 0.0011567744659259915, 0.0005745472153648734, 0.0003345550212543458, 0.0003057197609450668, 0.0002620261220727116, 0.00043214031029492617, 0.0009150499827228487, 0.0008644923800602555, 0.001861846772953868, 0.0021410135086625814, 0.000261493754805997, 0.00022988332784734666, 0.00017828025738708675, 0.000313066178932786, 6.674205360468477e-05, 0.00017491930339019746, 0.0008502454729750752, 0.00037033582339063287, 5.6214339565485716e-05, 8.648984658066183e-05, 5.653685366269201e-05, 6.659428618149832e-05, 6.273697363212705e-05, 3.109794852207415e-05, 1.8645769159775227e-05, 4.063843880430795e-05, 2.7361757020116784e-05, 1.8531864043325186e-05, 8.451329631498083e-05, 3.556343654054217e-05, 9.427228178537916e-06, 2.6549116228125058e-05, 1.310408151766751e-05, 1.0492817636986729e-05, 9.822164429351687e-06, 3.447808239798178e-06, 2.8667891456279904e-06, 2.901893367379671e-06, 1.3153686495570582e-06, 2.4312980713148136e-06, 1.6552592114749132e-06, 2.2792969502916094e-06, 4.2071483221661765e-06, 1.6794200519143487e-06, 2.2964061372476863e-06, 7.541437980762566e-07, 6.204439841894782e-07, 4.504349249145889e-07, 4.933784225613635e-07, 6.317577572190203e-07, 7.351719659709488e-07, 6.653802415712562e-07, 8.155345767590916e-07, 1.3723195024795132e-06, 7.832884421077324e-07, 7.236676538013853e-07, 7.082517186063342e-07, 8.645430966680578e-07, 7.424532100230863e-07, 6.234149054762383e-07, 8.489810738865344e-07, 1.2457935554266442e-06, 1.6029647440518602e-06, 1.4241563803807367e-06, 1.2062279211022542e-06, 1.0511532764212461e-06, 9.366089557261148e-07, 7.331142342081876e-07, 7.627965032952488e-07, 5.395589255385858e-07, 5.461814112095453e-07, 5.717834596907778e-07, 7.768623504489369e-07, 6.100784730733722e-07, 6.653136210843513e-07, 5.569162908614089e-07, 4.2090607621503295e-07, 3.496017200177448e-07, 5.344970190890308e-07, 2.8353588277241215e-07, 2.7184844952898857e-07, 2.6652043061403674e-07, 2.49830179654964e-07, 2.6893596327681735e-07, 3.314765706363687e-07, 2.522719739772583e-07, 2.6628870841705066e-07, 2.8903494353471615e-07, 3.403697235171421e-07, 3.881575878494914e-07, 3.925037788121699e-07, 3.6600712860490603e-07, 3.761962261705776e-07, 4.0975069737214653e-07, 3.2242323300124553e-07, 2.095005982027942e-07, 2.694185354812362e-07, 3.0472838830064575e-07, 1.7261511686683662e-07, 1.8888688657625607e-07, 1.2707769769804145e-07, 1.21341344083703e-07, 8.216701985475083e-08, 3.4972099882679686e-08, 7.3275745471335085e-09, 5.344718556621331e-10, 9.470656897603291e-12, 9.2438435378428e-12, 9.037671652722956e-12, 8.862808056897542e-12, 8.714296645395692e-12, 8.590077434089682e-12, 8.490627471935408e-12, 8.418242665453324e-12, 8.373504147007882e-12], "lowlevel.mfcc.mean": [-854.1555786132812, 281.42999267578125, 73.451416015625, -4.945591926574707, -16.19234848022461, -3.9481210708618164, -6.768055438995361, -1.1648253202438354, -1.9425321817398071, 6.024372577667236, -8.134430885314941, -9.525833129882812, -9.67045783996582], "lowlevel.spectral_contrast_coeffs.mean": [-0.6115973591804504, -0.633647620677948, -0.6960226893424988, -0.8027923703193665, -0.8625527620315552, -0.86788010597229], "lowlevel.spectral_contrast_coeffs.stdev": [0.05789853632450104, 0.08151958882808685, 0.08358670771121979, 0.05304428189992905, 0.058180250227451324, 0.08549865335226059], "lowlevel.spectral_contrast_valleys.mean": [-6.267697334289551, -6.970713138580322, -8.624051094055176, -10.304105758666992, -11.427602767944336, -13.359355926513672], "lowlevel.spectral_contrast_valleys.stdev": [0.8604245185852051, 1.005972981452942, 1.128785252571106, 1.6607378721237183, 1.969704508781433, 1.4509328603744507], "rhythm.beats_loudness_band_ratio.mean": [0.4167931377887726, 0.28563162684440613, 0.27338916063308716, 0.07523877173662186, 0.002028426621109247, 0.0002677714510355145], "rhythm.beats_loudness_band_ratio.stdev": [0.2033364176750183, 0.11555551737546921, 0.13090555369853973, 0.0893537774682045, 0.0055933184921741486, 0.000682758807670325], "tonal.hpcp.mean": [0.1395610272884369, 0.057899221777915955, 0.005218300502747297, 0.0044384244829416275, 0.006178256589919329, 0.15466468036174774, 0.23378951847553253, 0.08973278105258942, 0.06858713179826736, 0.08640898019075394, 0.02649356611073017, 0.07614299654960632, 0.15689998865127563, 0.09054635465145111, 0.3814372718334198, 0.6842223405838013, 0.3123737871646881, 0.004603974055498838, 0.0028382970485836267, 0.019356654956936836, 0.24357646703720093, 0.3024493455886841, 0.08415551483631134, 0.011665292084217072, 0.013218088075518608, 0.037690695375204086, 0.13707274198532104, 0.15623746812343597, 0.05637037009000778, 0.11064019799232483, 0.1453065723180771, 0.04514564573764801, 0.011331621557474136, 0.01166427694261074, 0.005155716557055712, 0.0860554650425911], "tonal.hpcp.stdev": [0.20807908475399017, 0.0827178806066513, 0.03554028272628784, 0.03060498833656311, 0.03887332230806351, 0.250581830739975, 0.36243578791618347, 0.1451217234134674, 0.1576332151889801, 0.20958474278450012, 0.0735311210155487, 0.1479540914297104, 0.28186020255088806, 0.17222875356674194, 0.22973966598510742, 0.39142391085624695, 0.1937129944562912, 0.0370711050927639, 0.030434295535087585, 0.05902641639113426, 0.28496575355529785, 0.33433669805526733, 0.13631120324134827, 0.06688570231199265, 0.08019217103719711, 0.13403992354869843, 0.24282461404800415, 0.2831842005252838, 0.13795159757137299, 0.1798652559518814, 0.24390023946762085, 0.08292926847934723, 0.03014945797622204, 0.027928238734602928, 0.019283290952444077, 0.14468902349472046], "rhythm.beats_position": [0.5572788715362549, 1.1145577430725098, 1.6486167907714844, 2.18267560005188, 2.7167346477508545, 3.250793695449829, 3.7848525047302246, 4.318911552429199, 4.852970600128174, 5.375419616699219, 5.8978681564331055, 6.43192720413208, 6.965986251831055, 7.500045299530029, 8.034104347229004, 8.56816291809082, 9.102222442626953, 9.63628101348877, 10.170339584350586, 10.704399108886719, 11.226847648620605, 11.749297142028809, 12.283355712890625, 12.817414283752441, 13.339863777160645, 13.862312316894531, 14.396371841430664, 14.94204044342041, 15.476099014282227, 16.01015853881836, 16.532608032226562, 17.066665649414062, 17.589115142822266, 18.11156463623047, 18.6456241607666, 19.1796817779541, 19.713741302490234, 20.247800827026367, 20.770248413085938, 21.31591796875, 21.826757431030273, 22.360815048217773, 22.894874572753906, 23.42893409729004, 23.962993621826172, 24.497051239013672, 25.019500732421875, 25.541950225830078, 26.06439781188965, 26.59845733642578, 27.144126892089844, 27.678184509277344, 28.212244033813477, 28.74630355834961, 29.280363082885742, 29.814420700073242, 30.336870193481445, 30.85931968688965, 31.39337730407715, 31.92743682861328, 32.46149444580078, 32.99555587768555, 33.52961349487305, 34.05206298828125, 34.58612060546875, 35.10857009887695, 35.64263153076172, 36.17668914794922, 36.69913864135742, 37.221588134765625, 37.755645751953125, 38.289703369140625, 38.82376480102539, 39.35782241821289, 39.89188003540039], "rhythm.bpm_histogram": [0.0, 0.0, 0.0, 0.0, 0.0, 0.0, 0.0, 0.0, 0.0, 0.0, 0.0, 0.0, 0.0, 0.0, 0.0, 0.0, 0.0, 0.0, 0.0, 0.0, 0.0, 0.0, 0.0, 0.0, 0.0, 0.0, 0.0, 0.0, 0.0, 0.0, 0.0, 0.0, 0.0, 0.0, 0.0, 0.0, 0.0, 0.0, 0.0, 0.0, 0.0, 0.0, 0.0, 0.0, 0.0, 0.0, 0.0, 0.0, 0.0, 0.0, 0.0, 0.0, 0.0, 0.0, 0.0, 0.0, 0.0, 0.0, 0.0, 0.0, 0.0, 0.0, 0.0, 0.0, 0.0, 0.0, 0.0, 0.0, 0.0, 0.0, 0.0, 0.0, 0.0, 0.0, 0.0, 0.0, 0.0, 0.0, 0.0, 0.0, 0.0, 0.0, 0.0, 0.0, 0.0, 0.0, 0.0, 0.0, 0.0, 0.0, 0.0, 0.0, 0.0, 0.0, 0.0, 0.0, 0.0, 0.0, 0.0, 0.0, 0.0, 0.0, 0.0, 0.0, 0.0, 0.0, 0.0, 0.0, 0.013513513840734959, 0.0, 0.04054053872823715, 0.0, 0.6756756901741028, 0.0, 0.0, 0.2567567527294159, 0.0, 0.013513513840734959, 0.0, 0.0, 0.0, 0.0, 0.0, 0.0, 0.0, 0.0, 0.0, 0.0, 0.0, 0.0, 0.0, 0.0, 0.0, 0.0, 0.0, 0.0, 0.0, 0.0, 0.0, 0.0, 0.0, 0.0, 0.0, 0.0, 0.0, 0.0, 0.0, 0.0, 0.0, 0.0, 0.0, 0.0, 0.0, 0.0, 0.0, 0.0, 0.0, 0.0, 0.0, 0.0, 0.0, 0.0, 0.0, 0.0, 0.0, 0.0, 0.0, 0.0, 0.0, 0.0, 0.0, 0.0, 0.0, 0.0, 0.0, 0.0, 0.0, 0.0, 0.0, 0.0, 0.0, 0.0, 0.0, 0.0, 0.0, 0.0, 0.0, 0.0, 0.0, 0.0, 0.0, 0.0, 0.0, 0.0, 0.0, 0.0, 0.0, 0.0, 0.0, 0.0, 0.0, 0.0, 0.0, 0.0, 0.0, 0.0, 0.0, 0.0, 0.0, 0.0, 0.0, 0.0, 0.0, 0.0, 0.0, 0.0, 0.0, 0.0, 0.0, 0.0, 0.0, 0.0, 0.0, 0.0, 0.0, 0.0, 0.0, 0.0, 0.0, 0.0, 0.0, 0.0, 0.0, 0.0, 0.0, 0.0, 0.0, 0.0, 0.0, 0.0, 0.0, 0.0, 0.0, 0.0, 0.0, 0.0, 0.0, 0.0, 0.0, 0.0], "tonal.chords_histogram": [34.375, 35.87963104248047, 16.203702926635742, 3.5879628658294678, 0.0, 3.7037036418914795, 0.0, 0.0, 0.0, 0.0, 0.0, 0.3472222089767456, 0.0, 0.0, 0.0, 0.0, 0.0, 0.5787037014961243, 0.0, 0.23148147761821747, 0.0, 0.0, 2.1990740299224854, 2.8935184478759766], "tonal.thpcp": [1.0, 0.4565384089946747, 0.006728768814355135, 0.004148208536207676, 0.028290007263422012, 0.3559902310371399, 0.44203370809555054, 0.12299440056085587, 0.017048979178071022, 0.019318411126732826, 0.055085450410842896, 0.2003336250782013, 0.22834312915802002, 0.08238603919744492, 0.16170211136341095, 0.2123674750328064, 0.0659809559583664, 0.016561314463615417, 0.017047494649887085, 0.007535147946327925, 0.1257711946964264, 0.2039702832698822, 0.08462047576904297, 0.00762661499902606, 0.006486815866082907, 0.009029603563249111, 0.22604447603225708, 0.341686487197876, 0.131145641207695, 0.10024099797010422, 0.12628786265850067, 0.03872069716453552, 0.11128399521112442, 0.22931140661239624, 0.13233469426631927, 0.5574756264686584], "lowlevel.gfcc.cov": [[12912.4013671875, -4722.4189453125, -4071.3193359375, 2647.6611328125, -605.2062377929688, 729.982177734375, -992.3262329101562, 724.8277587890625, -279.6859130859375, 333.1330871582031, -230.455322265625, 403.6913146972656, -368.4571838378906], [-4722.4189453125, 3638.03564453125, 1608.273681640625, -1942.6016845703125, 612.3435668945312, -348.9902648925781, 525.64892578125, -499.24383544921875, 228.1554718017578, -350.401123046875, 208.8382110595703, -321.2249755859375, 245.38160705566406], [-4071.3193359375, 1608.273681640625, 2480.395263671875, -690.5022583007812, -80.33735656738281, -305.426025390625, 481.576171875, -271.2479248046875, -19.68743133544922, -19.62408447265625, 15.668760299682617, -122.00652313232422, 60.79078674316406], [2647.6611328125, -1942.6016845703125, -690.5022583007812, 1533.429443359375, -308.2064208984375, 5.615637302398682, -276.9874572753906, 293.4862976074219, -113.93787384033203, 152.2451629638672, -45.389652252197266, 164.30136108398438, -182.94290161132812], [-605.2062377929688, 612.3435668945312, -80.33735656738281, -308.2064208984375, 349.9055480957031, -14.46031379699707, -7.518512725830078, -67.21853637695312, 84.34030151367188, -56.87371063232422, 40.596405029296875, -68.9821548461914, 56.887020111083984], [729.982177734375, -348.9902648925781, -305.426025390625, 5.615637302398682, -14.46031379699707, 236.13340759277344, -47.98874282836914, 34.263710021972656, -9.440882682800293, 60.626338958740234, -27.67127799987793, 25.339399337768555, -3.7263529300689697], [-992.3262329101562, 525.64892578125, 481.576171875, -276.9874572753906, -7.518512725830078, -47.98874282836914, 229.21104431152344, -70.57463836669922, -4.957581996917725, -46.08072280883789, 24.72651481628418, -27.203489303588867, 41.55781555175781], [724.8277587890625, -499.24383544921875, -271.2479248046875, 293.4862976074219, -67.21853637695312, 34.263710021972656, -70.57463836669922, 139.97427368164062, -17.30338478088379, 31.702167510986328, -20.521202087402344, 45.861968994140625, -31.783428192138672], [-279.6859130859375, 228.1554718017578, -19.68743133544922, -113.93787384033203, 84.34030151367188, -9.440882682800293, -4.957581996917725, -17.30338478088379, 83.01697540283203, -16.272998809814453, 6.852181434631348, -24.50119972229004, 28.364776611328125], [333.1330871582031, -350.401123046875, -19.62408447265625, 152.2451629638672, -56.87371063232422, 60.626338958740234, -46.08072280883789, 31.702167510986328, -16.272998809814453, 119.36528015136719, -46.93135452270508, 19.026100158691406, -12.624964714050293], [-230.455322265625, 208.8382110595703, 15.668760299682617, -45.389652252197266, 40.596405029296875, -27.67127799987793, 24.72651481628418, -20.521202087402344, 6.852181434631348, -46.93135452270508, 103.1317367553711, -10.956881523132324, -24.250452041625977], [403.6913146972656, -321.2249755859375, -122.00652313232422, 164.30136108398438, -68.9821548461914, 25.339399337768555, -27.203489303588867, 45.861968994140625, -24.50119972229004, 19.026100158691406, -10.956881523132324, 76.7386474609375, -16.466567993164062], [-368.4571838378906, 245.38160705566406, 60.79078674316406, -182.94290161132812, 56.887020111083984, -3.7263529300689697, 41.55781555175781, -31.783428192138672, 28.364776611328125, -12.624964714050293, -24.250452041625977, -16.466567993164062, 87.38790130615234]], "lowlevel.gfcc.icov": [[0.000493575178552419, -0.001443238346837461, 0.0009425196913070977, -0.0012089854571968317, 0.0012319429079070687, -0.0014261463657021523, 0.0008969907066784799, -0.0007318002753891051, 0.0017335193697363138, -0.000885081710293889, 0.0017339695477858186, -0.0009827269241213799, 0.0009969804668799043], [-0.001443238346837461, 0.010748437605798244, -0.004279724787920713, 0.007357688620686531, -0.007478648796677589, 0.00786356721073389, -0.005712207406759262, 0.005679058376699686, -0.009714949876070023, 0.007192827295511961, -0.009960408322513103, 0.007912904024124146, -0.004981042351573706], [0.0009425196913070977, -0.004279724787920713, 0.003243822604417801, -0.0029621704015880823, 0.0035973768681287766, -0.0023010012228041887, 0.0005978859844617546, -0.0012970509706065059, 0.0044393413700163364, -0.004186930134892464, 0.004805134609341621, -0.002577560255303979, 0.00313949235714972], [-0.0012089854571968317, 0.007357688620686531, -0.0029621704015880823, 0.007138712797313929, -0.004826562479138374, 0.006990775000303984, -0.003293565707281232, 0.0017997905379161239, -0.006275747902691364, 0.0032663848251104355, -0.007177986670285463, 0.004047594033181667, -0.0018117703730240464], [0.0012319429079070687, -0.007478648796677589, 0.0035973768681287766, -0.004826562479138374, 0.010693389922380447, -0.0056189545430243015, 0.005280840210616589, -0.003129313001409173, 0.004362466279417276, -0.0044913459569215775, 0.005356897134333849, -0.002905502449721098, 0.00161137490067631], [-0.0014261463657021523, 0.00786356721073389, -0.0023010012228041887, 0.006990775000303984, -0.0056189545430243015, 0.013397801667451859, -0.005484052933752537, 0.0035089687444269657, -0.0068313670344650745, 0.00042172317625954747, -0.0073895263485610485, 0.00435752933844924, -0.0026960810646414757], [0.0008969907066784799, -0.005712207406759262, 0.0005978859844617546, -0.003293565707281232, 0.005280840210616589, -0.005484052933752537, 0.013386071659624577, -0.0036484564188867807, 0.007104204036295414, -0.0008464310085400939, 0.002892307937145233, -0.004539100453257561, -0.0013343861792236567], [-0.0007318002753891051, 0.005679058376699686, -0.0012970509706065059, 0.0017997905379161239, -0.003129313001409173, 0.0035089687444269657, -0.0036484564188867807, 0.017300138249993324, -0.006539116147905588, 0.004060835111886263, -0.0036412826739251614, 0.0020446660928428173, -0.002064118627458811], [0.0017335193697363138, -0.009714949876070023, 0.0044393413700163364, -0.006275747902691364, 0.004362466279417276, -0.0068313670344650745, 0.007104204036295414, -0.006539116147905588, 0.027013316750526428, -0.006669118069112301, 0.008472445420920849, -0.004950087517499924, 0.0011609626235440373], [-0.000885081710293889, 0.007192827295511961, -0.004186930134892464, 0.0032663848251104355, -0.0044913459569215775, 0.00042172317625954747, -0.0008464310085400939, 0.004060835111886263, -0.006669118069112301, 0.020240016281604767, -0.0021736356429755688, 0.005948392674326897, -0.0037506823427975178], [0.0017339695477858186, -0.009960408322513103, 0.004805134609341621, -0.007177986670285463, 0.005356897134333849, -0.0073895263485610485, 0.002892307937145233, -0.0036412826739251614, 0.008472445420920849, -0.0021736356429755688, 0.0249730683863163, -0.007793021388351917, 0.012805473059415817], [-0.0009827269241213799, 0.007912904024124146, -0.002577560255303979, 0.004047594033181667, -0.002905502449721098, 0.00435752933844924, -0.004539100453257561, 0.0020446660928428173, -0.004950087517499924, 0.005948392674326897, -0.007793021388351917, 0.02625133842229843, -0.00586656853556633], [0.0009969804668799043, -0.004981042351573706, 0.00313949235714972, -0.0018117703730240464, 0.00161137490067631, -0.0026960810646414757, -0.0013343861792236567, -0.002064118627458811, 0.0011609626235440373, -0.0037506823427975178, 0.012805473059415817, -0.00586656853556633, 0.02390591986477375]], "lowlevel.mfcc.cov": [[12003.3115234375, -4690.3818359375, -3641.330810546875, 613.1815795898438, 625.3556518554688, -3.166295051574707, -433.9106140136719, 399.2505798339844, -274.9190673828125, 440.143798828125, -305.149169921875, 317.0565490722656, 160.4247589111328], [-4690.3818359375, 3900.640380859375, 971.4971313476562, -925.7015380859375, -189.87196350097656, 68.24479675292969, 207.9624481201172, -156.1610107421875, 63.08401870727539, -121.50191497802734, 54.606231689453125, -200.0621795654297, -55.53444290161133], [-3641.330810546875, 971.4971313476562, 2123.934814453125, 125.8843002319336, -435.6065673828125, 35.763832092285156, 206.32470703125, -161.4386749267578, 133.3402862548828, -235.55369567871094, 160.7603759765625, -49.2847785949707, -76.63838195800781], [613.1815795898438, -925.7015380859375, 125.8843002319336, 794.2251586914062, 70.97541809082031, -148.96336364746094, -41.78838348388672, 78.02198028564453, -34.72260284423828, -77.84741973876953, 24.248287200927734, 110.07682037353516, 53.001129150390625], [625.3556518554688, -189.87196350097656, -435.6065673828125, 70.97541809082031, 269.0185546875, -3.81117844581604, -66.28594970703125, 15.868971824645996, -30.87652587890625, 76.51077270507812, -23.172210693359375, 21.28519058227539, 27.377681732177734], [-3.166295051574707, 68.24479675292969, 35.763832092285156, -148.96336364746094, -3.81117844581604, 166.96707153320312, 20.264894485473633, -60.33454132080078, 48.596588134765625, 26.026897430419922, 16.957374572753906, -32.369911193847656, -20.88531494140625], [-433.9106140136719, 207.9624481201172, 206.32470703125, -41.78838348388672, -66.28594970703125, 20.264894485473633, 126.6556167602539, 2.2810380458831787, 1.1912198066711426, -32.092750549316406, 17.609060287475586, 20.018997192382812, -16.821977615356445], [399.2505798339844, -156.1610107421875, -161.4386749267578, 78.02198028564453, 15.868971824645996, -60.33454132080078, 2.2810380458831787, 140.04409790039062, -51.22233200073242, 1.132622480392456, -33.76676940917969, 52.942527770996094, 39.862186431884766], [-274.9190673828125, 63.08401870727539, 133.3402862548828, -34.72260284423828, -30.87652587890625, 48.596588134765625, 1.1912198066711426, -51.22233200073242, 152.55801391601562, -2.9865455627441406, 20.798095703125, -63.74189376831055, -35.77275085449219], [440.143798828125, -121.50191497802734, -235.55369567871094, -77.84741973876953, 76.51077270507812, 26.026897430419922, -32.092750549316406, 1.132622480392456, -2.9865455627441406, 127.17564392089844, -18.891887664794922, -18.5571346282959, -8.662799835205078], [-305.149169921875, 54.606231689453125, 160.7603759765625, 24.248287200927734, -23.172210693359375, 16.957374572753906, 17.609060287475586, -33.76676940917969, 20.798095703125, -18.891887664794922, 79.9021224975586, 0.9024534225463867, -16.33264923095703], [317.0565490722656, -200.0621795654297, -49.2847785949707, 110.07682037353516, 21.28519058227539, -32.369911193847656, 20.018997192382812, 52.942527770996094, -63.74189376831055, -18.5571346282959, 0.9024534225463867, 116.88739776611328, 30.738140106201172], [160.4247589111328, -55.53444290161133, -76.63838195800781, 53.001129150390625, 27.377681732177734, -20.88531494140625, -16.821977615356445, 39.862186431884766, -35.77275085449219, -8.662799835205078, -16.33264923095703, 30.738140106201172, 73.58129119873047]], "lowlevel.mfcc.icov": [[0.00036717168404720724, 0.0002552975493017584, 0.0005222140462137759, -0.000151264583109878, 0.0003835915122181177, -0.0004742922610603273, 0.00019354670075699687, -0.00010151370952371508, 6.260575901251286e-05, -0.00024347238650079817, 0.0003030967782251537, -0.00042098117410205305, 0.0001118354921345599], [0.0002552975493017584, 0.0007764308829791844, 8.899321073840838e-06, 0.0008168522617779672, -0.0004682211729232222, 0.0003155740851070732, -0.0004255969251971692, -0.00010779128933791071, 0.0002044504799414426, 0.0005358570488169789, 2.153020068362821e-05, 0.00045288458932191133, -0.000346769840689376], [0.0005222140462137759, 8.899321073840838e-06, 0.0020266901701688766, -0.001144744805060327, 0.0022120517678558826, -0.0010250030318275094, -0.00044894538586959243, 0.0008313642465509474, -0.0002107334730681032, -0.0001249969791388139, -0.00035753496922552586, -0.0006417732802219689, 0.00020818819757550955], [-0.000151264583109878, 0.0008168522617779672, -0.001144744805060327, 0.0035913907922804356, -0.0023692261893302202, 0.0025417273864150047, 0.00015705640544183552, -0.0006766114383935928, -0.00047869799891486764, 0.0020568976178765297, -0.0010415283031761646, -0.0003280826495029032, -0.0009121795301325619], [0.0003835915122181177, -0.0004682211729232222, 0.0022120517678558826, -0.0023692261893302202, 0.008271160535514355, -0.0017452177125960588, 0.001527238986454904, 0.0016124516259878874, 5.089321348350495e-05, -0.003703306894749403, 0.00013336182746570557, -0.00200483575463295, -0.000820546702016145], [-0.0004742922610603273, 0.0003155740851070732, -0.0010250030318275094, 0.0025417273864150047, -0.0017452177125960588, 0.010415850207209587, -0.0024823478888720274, 0.0030042643193155527, -0.0021774263586848974, -0.0004733750829473138, -0.0015742756659165025, 0.0005153067759238183, -0.0018944586627185345], [0.00019354670075699687, -0.0004255969251971692, -0.00044894538586959243, 0.00015705640544183552, 0.001527238986454904, -0.0024823478888720274, 0.012595279142260551, -0.0023902575485408306, 0.0001748736685840413, 0.0005741733475588262, -6.66194100631401e-05, -0.00437547592446208, 0.0035433124285191298], [-0.00010151370952371508, -0.00010779128933791071, 0.0008313642465509474, -0.0006766114383935928, 0.0016124516259878874, 0.0030042643193155527, -0.0023902575485408306, 0.012745772488415241, 0.00011218986037420109, -0.0011840038932859898, 0.0028755716048181057, -0.0028544627130031586, -0.003959504887461662], [6.260575901251286e-05, 0.0002044504799414426, -0.0002107334730681032, -0.00047869799891486764, 5.0893213483