{"song_id": "1182277806135201792", "download": "https://cdn.discordapp.com/attachments/1128313332273782784/1182277806135201792/chirp.mp4?ex=65841d02&amp", "lyrics": "[Chorus]\nNari vindzan\u00e9 (ri vindzan\u00e9), rissi soukouman\u00e9 (ch\u00e9riy\u00e9)\nMch\u00e9wangou (waw\u00e9 wangou) nari vindzan\u00e9 (za kw\u00e9li)\nRi vindzan\u00e9, ri paran\u00e9 (mch\u00e9wangou ri vindzan\u00e9 eh-eh-eh)\nZa kw\u00e9li ri paran\u00e9 (ri paran\u00e9), wami na waw\u00e9 (ri vindzan\u00e9)", "style": ["a blend of indie rock</span><span>, dream pop</span><span>, and tropical funk</span><span>."], "essentia_features": {"lowlevel.average_loudness": 0.5662362575531006, "lowlevel.barkbands_crest.mean": 11.635722160339355, "lowlevel.barkbands_crest.stdev": 4.7730889320373535, "lowlevel.barkbands_flatness_db.mean": 0.15758541226387024, "lowlevel.barkbands_flatness_db.stdev": 0.04403785616159439, "lowlevel.barkbands_kurtosis.mean": 5.5496039390563965, "lowlevel.barkbands_kurtosis.stdev": 8.09428882598877, "lowlevel.barkbands_skewness.mean": 1.756675124168396, "lowlevel.barkbands_skewness.stdev": 1.3429780006408691, "lowlevel.barkbands_spread.mean": 18.918447494506836, "lowlevel.barkbands_spread.stdev": 13.417021751403809, "lowlevel.dissonance.mean": 0.45824432373046875, "lowlevel.dissonance.stdev": 0.03138286620378494, "lowlevel.dynamic_complexity": 5.276020050048828, "lowlevel.erbbands_crest.mean": 11.178775787353516, "lowlevel.erbbands_crest.stdev": 5.276932239532471, "lowlevel.erbbands_flatness_db.mean": 0.18082578480243683, "lowlevel.erbbands_flatness_db.stdev": 0.03983279690146446, "lowlevel.erbbands_kurtosis.mean": 0.9535111784934998, "lowlevel.erbbands_kurtosis.stdev": 2.9788267612457275, "lowlevel.erbbands_skewness.mean": 0.43673235177993774, "lowlevel.erbbands_skewness.stdev": 0.9540238380432129, "lowlevel.erbbands_spread.mean": 35.40261459350586, "lowlevel.erbbands_spread.stdev": 16.401256561279297, "lowlevel.hfc.mean": 9.677449226379395, "lowlevel.hfc.stdev": 13.625869750976562, "lowlevel.loudness_ebu128.integrated": -19.94654655456543, "lowlevel.loudness_ebu128.loudness_range": 8.388542175292969, "lowlevel.loudness_ebu128.momentary.mean": -22.816486358642578, "lowlevel.loudness_ebu128.momentary.stdev": 4.989212989807129, "lowlevel.loudness_ebu128.short_term.mean": -21.073875427246094, "lowlevel.loudness_ebu128.short_term.stdev": 2.662156105041504, "lowlevel.melbands_crest.mean": 15.519432067871094, "lowlevel.melbands_crest.stdev": 5.756111145019531, "lowlevel.melbands_flatness_db.mean": 0.2092510610818863, "lowlevel.melbands_flatness_db.stdev": 0.05127131566405296, "lowlevel.melbands_kurtosis.mean": 13.446412086486816, "lowlevel.melbands_kurtosis.stdev": 15.631153106689453, "lowlevel.melbands_skewness.mean": 2.650897741317749, "lowlevel.melbands_skewness.stdev": 1.6094998121261597, "lowlevel.melbands_spread.mean": 22.505847930908203, "lowlevel.melbands_spread.stdev": 20.672779083251953, "lowlevel.pitch_salience.mean": 0.5207468867301941, "lowlevel.pitch_salience.stdev": 0.1262376606464386, "lowlevel.silence_rate_20dB.mean": 1.0, "lowlevel.silence_rate_20dB.stdev": 0.0, "lowlevel.silence_rate_30dB.mean": 0.9895712733268738, "lowlevel.silence_rate_30dB.stdev": 0.1015871986746788, "lowlevel.silence_rate_60dB.mean": 0.29374274611473083, "lowlevel.silence_rate_60dB.stdev": 0.455476313829422, "lowlevel.spectral_centroid.mean": 1210.15380859375, "lowlevel.spectral_centroid.stdev": 690.3265380859375, "lowlevel.spectral_complexity.mean": 9.936848640441895, "lowlevel.spectral_complexity.stdev": 4.935273170471191, "lowlevel.spectral_decrease.mean": -3.956256655612833e-09, "lowlevel.spectral_decrease.stdev": 5.907300870688914e-09, "lowlevel.spectral_energy.mean": 0.015809599310159683, "lowlevel.spectral_energy.stdev": 0.023387307301163673, "lowlevel.spectral_energyband_high.mean": 0.00021953071700409055, "lowlevel.spectral_energyband_high.stdev": 0.0005020031239837408, "lowlevel.spectral_energyband_low.mean": 0.0014445916749536991, "lowlevel.spectral_energyband_low.stdev": 0.0025802564341574907, "lowlevel.spectral_energyband_middle_high.mean": 0.0024814230855554342, "lowlevel.spectral_energyband_middle_high.stdev": 0.0056275660172104836, "lowlevel.spectral_energyband_middle_low.mean": 0.011893273331224918, "lowlevel.spectral_energyband_middle_low.stdev": 0.02086799032986164, "lowlevel.spectral_entropy.mean": 7.39130163192749, "lowlevel.spectral_entropy.stdev": 0.36601755023002625, "lowlevel.spectral_flux.mean": 0.04433354362845421, "lowlevel.spectral_flux.stdev": 0.041650209575891495, "lowlevel.spectral_kurtosis.mean": 5.165166854858398, "lowlevel.spectral_kurtosis.stdev": 2.2446062564849854, "lowlevel.spectral_rms.mean": 0.003220408223569393, "lowlevel.spectral_rms.stdev": 0.0022478809114545584, "lowlevel.spectral_rolloff.mean": 1433.3978271484375, "lowlevel.spectral_rolloff.stdev": 1591.230224609375, "lowlevel.spectral_skewness.mean": 1.6938235759735107, "lowlevel.spectral_skewness.stdev": 0.40580475330352783, "lowlevel.spectral_spread.mean": 4416235.5, "lowlevel.spectral_spread.stdev": 1688508.125, "lowlevel.spectral_strongpeak.mean": 0.8789116144180298, "lowlevel.spectral_strongpeak.stdev": 1.120215892791748, "lowlevel.zerocrossingrate.mean": 0.05802908539772034, "lowlevel.zerocrossingrate.stdev": 0.0418434776365757, "metadata.audio_properties.analysis.equal_loudness": 0.0, "metadata.audio_properties.analysis.length": 40.04265213012695, "metadata.audio_properties.analysis.sample_rate": 44100.0, "metadata.audio_properties.analysis.start_time": 0.0, "metadata.audio_properties.bit_rate": 115669.0, "metadata.audio_properties.length": 40.042667388916016, "metadata.audio_properties.lossless": 0.0, "metadata.audio_properties.number_channels": 1.0, "metadata.audio_properties.replay_gain": -9.218400955200195, "metadata.audio_properties.sample_rate": 48000.0, "rhythm.beats_count": 81.0, "rhythm.beats_loudness.mean": 0.022119812667369843, "rhythm.beats_loudness.stdev": 0.02888915315270424, "rhythm.bpm": 123.39833068847656, "rhythm.bpm_histogram_first_peak_bpm": 123.0, "rhythm.bpm_histogram_first_peak_weight": 0.5357142686843872, "rhythm.bpm_histogram_second_peak_bpm": 133.0, "rhythm.bpm_histogram_second_peak_spread": 0.4736841917037964, "rhythm.bpm_histogram_second_peak_weight": 0.125, "rhythm.danceability": 0.9533272981643677, "rhythm.onset_rate": 2.49660325050354, "tonal.chords_changes_rate": 0.046296294778585434, "tonal.chords_number_rate": 0.012731481343507767, "tonal.chords_strength.mean": 0.5257792472839355, "tonal.chords_strength.stdev": 0.0905672237277031, "tonal.hpcp_crest.mean": 15.622867584228516, "tonal.hpcp_crest.stdev": 7.533266544342041, "tonal.hpcp_entropy.mean": 1.8127530813217163, "tonal.hpcp_entropy.stdev": 0.7738629579544067, "tonal.key_edma.strength": 0.8273957371711731, "tonal.key_krumhansl.strength": 0.8286686539649963, "tonal.key_temperley.strength": 0.8329077959060669, "tonal.tuning_diatonic_strength": 0.6222385168075562, "tonal.tuning_equal_tempered_deviation": 0.09594283998012543, "tonal.tuning_frequency": 438.98455810546875, "tonal.tuning_nontempered_energy_ratio": 0.686532735824585, "lowlevel.barkbands.mean": [1.8250435687150457e-06, 0.00032269410439766943, 0.0009410643833689392, 0.0009203742956742644, 0.00504521606490016, 0.0017533352365717292, 0.002631636569276452, 0.0007514845347031951, 0.0006953919655643404, 0.000647710869088769, 0.00029199442360550165, 0.0004294115351513028, 0.0003595365851651877, 0.00016441488696727902, 7.766010094201192e-05, 0.00011152135994052514, 0.00012111410615034401, 9.233751188730821e-05, 0.0002018228842644021, 5.161641092854552e-05, 2.2326681573758833e-05, 1.9844364942400716e-05, 3.6137193092145026e-05, 4.619549144990742e-05, 5.941912604612298e-05, 1.277489627682371e-05, 7.628489129274385e-07], "lowlevel.barkbands.stdev": [3.385936452104943e-06, 0.0008970706257969141, 0.001907303580082953, 0.0027454160153865814, 0.009002473205327988, 0.005389038939028978, 0.010650869458913803, 0.0050505646504461765, 0.002583007561042905, 0.003528560046106577, 0.001202333252876997, 0.0010396087309345603, 0.001244553946889937, 0.0005839869263581932, 0.00021201900381129235, 0.0003562730271369219, 0.00026746158255264163, 0.0001647770986892283, 0.0003950379032175988, 0.00010042983922176063, 5.520200284081511e-05, 4.2633135308278725e-05, 8.943439752329141e-05, 0.0001642108109081164, 0.00016635138308629394, 4.1626735765021294e-05, 2.4326955099240877e-06], "lowlevel.erbbands.mean": [0.002033914439380169, 0.11412891000509262, 1.0142747163772583, 1.8369942903518677, 12.318142890930176, 16.341768264770508, 11.249593734741211, 17.431724548339844, 36.94180679321289, 29.188825607299805, 16.668859481811523, 15.976640701293945, 15.630324363708496, 17.280925750732422, 14.71983528137207, 17.090116500854492, 16.257959365844727, 11.200054168701172, 4.63474702835083, 5.446407318115234, 6.398172378540039, 7.299747943878174, 5.455801963806152, 11.20169448852539, 5.255453586578369, 2.4104909896850586, 1.2681140899658203, 0.7205586433410645, 0.6860305666923523, 0.8580595850944519, 1.0440266132354736, 0.8224989175796509, 0.9071214199066162, 0.8455586433410645, 0.30393221974372864, 0.08233615010976791, 0.01735830307006836, 0.0028070134576410055, 9.132644481724128e-05, 2.132358349626884e-05], "lowlevel.erbbands.stdev": [0.0051914420910179615, 0.2784418761730194, 2.0376498699188232, 3.769890308380127, 25.280628204345703, 34.597530364990234, 33.75880432128906, 58.69436264038086, 134.74900817871094, 212.5447540283203, 75.2091064453125, 65.98025512695312, 77.93473815917969, 80.37513732910156, 55.98842239379883, 42.745582580566406, 50.22101974487305, 39.74988555908203, 9.410757064819336, 18.09651756286621, 18.11481475830078, 16.404102325439453, 9.866368293762207, 19.12765884399414, 9.652772903442383, 4.553440093994141, 2.811828851699829, 1.890071988105774, 1.4824516773223877, 1.7621166706085205, 2.7940430641174316, 3.1182963848114014, 3.038686752319336, 2.426297903060913, 0.876567006111145, 0.25862520933151245, 0.06546645611524582, 0.009188078343868256, 0.00025531818391755223, 2.949422378151212e-05], "lowlevel.gfcc.mean": [-68.19829559326172, 82.85704803466797, -128.5666961669922, 14.628728866577148, -64.44445037841797, 3.8374221324920654, -53.712955474853516, -1.4215667247772217, -43.675594329833984, -11.487685203552246, -8.018492698669434, -0.8713598251342773, -17.506866455078125], "lowlevel.melbands.mean": [4.942860687151551e-05, 0.0003799152618739754, 0.0006291200406849384, 0.0011630558874458075, 0.000440863921539858, 0.00039814342744648457, 0.0005479572573676705, 0.0002753712178673595, 0.00013676939124707133, 9.100542956730351e-05, 8.052994962781668e-05, 7.597856892971322e-05, 4.5171425881562755e-05, 4.931307921651751e-05, 3.8875878090038896e-05, 3.56291129719466e-05, 1.8179982362198643e-05, 7.633568202436436e-06, 6.201298219821183e-06, 7.297803222172661e-06, 7.465710496035172e-06, 7.575365998491179e-06, 6.3474822127318475e-06, 3.7109600725671044e-06, 1.0366127753513865e-05, 5.5750742831151e-06, 2.2063641154090874e-06, 1.4235715752874967e-06, 8.613474165031221e-07, 5.610472726402804e-07, 3.694493386774411e-07, 3.8191757312233676e-07, 3.886372610395483e-07, 5.204203148423403e-07, 6.128590825937863e-07, 5.658923782903003e-07, 4.813589953300834e-07, 6.224317985470407e-07, 6.989058078943344e-07, 7.253190688061295e-07], "lowlevel.melbands.stdev": [0.00013928176485933363, 0.0007418959867209196, 0.0012826425954699516, 0.0021702793892472982, 0.001214983407407999, 0.0013068424304947257, 0.0019354367395862937, 0.00206009391695261, 0.0005694314022548497, 0.00038387501263059676, 0.0004266569740138948, 0.00038133468478918076, 0.00019210120080970228, 0.00013780036533717066, 0.00010080346692120656, 0.00012702493404503912, 6.631117139477283e-05, 1.924213211168535e-05, 1.7054217096301727e-05, 2.5620780434110202e-05, 2.1335779820219614e-05, 1.813890594348777e-05, 1.415196675225161e-05, 5.295230039337184e-06, 1.8575017747934908e-05, 1.4124763765721582e-05, 4.228082616464235e-06, 2.913959406214417e-06, 1.914349923026748e-06, 1.7506324638816295e-06, 9.929616453518975e-07, 8.637068731331965e-07, 8.152992450050078e-07, 1.0811279480549274e-06, 1.5691051657995558e-06, 1.9288575003884034e-06, 1.9796384549408685e-06, 2.231654889328638e-06, 2.0573970687109977e-06, 2.136209332093131e-06], "lowlevel.melbands128.mean": [8.866882694746892e-07, 1.6282100432363222e-06, 2.695274815778248e-05, 0.00021621353516820818, 0.0005311925779096782, 0.00040229709702543914, 0.00021282218222040683, 0.000622189836576581, 0.0013233533827587962, 0.0015440912684425712, 0.0008061021217145026, 0.0005180427106097341, 0.00035393223515711725, 0.00030088555649854243, 0.0003467570641078055, 0.0004371662507764995, 0.0006491331732831895, 0.0006064769113436341, 0.0003572050773072988, 0.00039177018334157765, 0.0001660706620896235, 0.00012243867968209088, 0.0001283597230212763, 0.0001620914408704266, 0.00012477209384087473, 4.296782208257355e-05, 5.8136000006925315e-05, 6.286840653046966e-05, 0.00013322249287739396, 0.00010100861254613847, 5.092393621453084e-05, 3.258938158978708e-05, 5.2561361371772364e-05, 4.249332414474338e-05, 5.29703866050113e-05, 5.237123332335614e-05, 4.223608266329393e-05, 3.8762973417760804e-05, 3.784801810979843e-05, 3.315184949315153e-05, 3.575015580281615e-05, 3.964638744946569e-05, 1.6032079656724818e-05, 8.099046681309119e-06, 1.3039857549301814e-05, 5.800098733743653e-06, 4.647574314731173e-06, 4.964863819623133e-06, 7.056865797494538e-06, 9.480735570832621e-06, 6.182112883834634e-06, 6.413701612473233e-06, 8.706000699021388e-06, 7.378928785328753e-06, 6.204454621183686e-06, 8.59307692735456e-06, 7.842449122108519e-06, 6.148003649286693e-06, 7.01795124768978e-06, 4.164006440987578e-06, 2.5906044811563333e-06, 3.1164825031737564e-06, 9.175590093946084e-06, 1.1391343832656275e-05, 1.4876946806907654e-05, 3.29427143697103e-06, 2.447995711918338e-06, 2.622776491989498e-06, 2.011888909692061e-06, 1.9744259134313324e-06, 1.375381202706194e-06, 1.1596442845984711e-06, 1.1661949201879906e-06, 7.649774147466815e-07, 5.629232759929437e-07, 7.321460202547314e-07, 4.5338853738030593e-07, 3.3486256256765046e-07, 3.743392653632327e-07, 3.776842731895158e-07, 3.969358601807471e-07, 3.7575918554466625e-07, 3.742935348327592e-07, 3.7579647482743894e-07, 4.006336382644804e-07, 4.804238642464043e-07, 5.401488465395232e-07, 6.5529616222193e-07, 6.2160103198039e-07, 5.759081886935746e-07, 6.225503170753655e-07, 5.85048042012204e-07, 4.3658960180437134e-07, 4.191704761069559e-07, 5.224896426625492e-07, 6.651956709902151e-07, 6.096294100643718e-07, 6.269980303841294e-07, 6.465226078944397e-07, 7.559416985714051e-07, 8.594277574047737e-07, 6.731785902047704e-07, 6.432107966247713e-07, 5.58352951429697e-07, 2.70627623422115e-07, 1.7524746454000706e-07, 1.8143474278531357e-07, 2.017903426576595e-07, 1.3714067392811558e-07, 9.571259340646066e-08, 7.21815851534302e-08, 5.30709876045421e-08, 5.5474753679618516e-08, 3.9558734954425745e-08, 3.281343907701739e-08, 2.4618124427888688e-08, 2.3502447987766573e-08, 9.024422098491414e-09, 1.1625469475973205e-09, 1.782710958020406e-11, 8.604864216998909e-12, 2.5014042486642962e-12, 2.2593220697086913e-12, 2.2105791589593915e-12, 2.1241764857488077e-12, 2.0004911355925303e-12, 1.9307522160921797e-12, 1.912365231448998e-12], "lowlevel.melbands128.stdev": [1.923775698742247e-06, 4.4035009523213375e-06, 9.415209933649749e-05, 0.0005971469217911363, 0.0011248078662902117, 0.0007907176623120904, 0.0005030762404203415, 0.0019051323179155588, 0.003102470887824893, 0.003510122885927558, 0.0021790878381580114, 0.0019199730595573783, 0.001518299337476492, 0.0006045660702511668, 0.0012875377433374524, 0.002302099484950304, 0.0030598570592701435, 0.0025261053815484047, 0.002290514763444662, 0.0038208873011171818, 0.0016450167167931795, 0.0009728278964757919, 0.0007393376436084509, 0.0006555129075422883, 0.0006898764404468238, 0.00029000360518693924, 0.0003835215466096997, 0.0003964478673879057, 0.0010101557709276676, 0.0006770443287678063, 0.0003223953244742006, 8.766927203396335e-05, 0.00034071586560457945, 0.0002301965287188068, 0.0001534558250568807, 0.00023553283244837075, 0.00013050608686171472, 0.00011063679266953841, 0.00018921079754363745, 0.00015344220446422696, 0.00018621749768499285, 0.00020159683481324464, 7.848623499739915e-05, 2.670803587534465e-05, 5.502972271642648e-05, 1.1634668226179201e-05, 1.4246984392229933e-05, 1.4372195437317714e-05, 2.8009146262775175e-05, 4.955278564011678e-05, 2.664143539732322e-05, 2.760933966783341e-05, 3.462063250481151e-05, 2.559636595833581e-05, 1.4652971913164947e-05, 2.5983326850109734e-05, 1.9920229533454403e-05, 1.5245854228851385e-05, 2.1746138372691348e-05, 1.0188598025706597e-05, 4.447607352631167e-06, 4.874449132330483e-06, 1.6890066035557538e-05, 2.253563616250176e-05, 5.74875739403069e-05, 5.883325229660841e-06, 5.011598659621086e-06, 6.920860869286116e-06, 3.909111001121346e-06, 4.757835085911211e-06, 3.680486315715825e-06, 2.5453120997553924e-06, 3.740871761692688e-06, 1.4955454616938368e-06, 1.5609859929099912e-06, 2.7095074983662926e-06, 1.754946424625814e-06, 8.33176898140664e-07, 1.0326087931389338e-06, 1.2262345308045042e-06, 9.407300467501045e-07, 8.910238875614596e-07, 8.898295504877751e-07, 8.272696163658111e-07, 9.639365998737048e-07, 1.053867435985012e-06, 1.1500769687700085e-06, 1.59584431003168e-06, 1.7785609998099972e-06, 1.6711484249753994e-06, 1.9486672044877196e-06, 2.293647185069858e-06, 1.7353390830976423e-06, 2.1578302948910277e-06, 1.9826775314868428e-06, 2.639217200339772e-06, 2.26165047934046e-06, 2.415100198049913e-06, 1.9324529603181873e-06, 2.302691655131639e-06, 2.5086148980335565e-06, 2.291040573254577e-06, 1.9132801298837876e-06, 1.8221106756755034e-06, 8.159376534422336e-07, 5.111047585160122e-07, 6.338527782645542e-07, 7.031211453067954e-07, 4.481269684220024e-07, 3.571256570467085e-07, 2.5022188765433384e-07, 1.850272184356072e-07, 3.329223261516745e-07, 2.1019455687110167e-07, 1.1277428058065198e-07, 1.075476916412299e-07, 7.059771434114737e-08, 4.472803638577716e-08, 7.306308003052209e-09, 6.290283849352818e-10, 2.5933175051839896e-10, 9.966137290429167e-12, 5.285879373095881e-12, 5.1933782795055006e-12, 5.114466575945054e-12, 5.052729502158515e-12, 5.007188674105434e-12, 4.979381056785526e-12], "lowlevel.mfcc.mean": [-708.9344482421875, 118.1215591430664, -10.11740779876709, 6.193398475646973, 3.636838912963867, -8.249604225158691, 2.5757687091827393, -1.9772677421569824, -24.86846923828125, -14.763562202453613, -9.269458770751953, -7.453927993774414, -4.2563676834106445], "lowlevel.spectral_contrast_coeffs.mean": [-0.5817956328392029, -0.7015615105628967, -0.7897858619689941, -0.8123495578765869, -0.7881075739860535, -0.8068505525588989], "lowlevel.spectral_contrast_coeffs.stdev": [0.10927097499370575, 0.08451858162879944, 0.05838576331734657, 0.04543997719883919, 0.039406027644872665, 0.03152592107653618], "lowlevel.spectral_contrast_valleys.mean": [-8.31771469116211, -7.723214626312256, -7.608473300933838, -8.045827865600586, -8.128427505493164, -10.777838706970215], "lowlevel.spectral_contrast_valleys.stdev": [1.055528998374939, 0.9110317230224609, 0.6963790655136108, 0.6086826324462891, 0.6356776356697083, 0.9288602471351624], "rhythm.beats_loudness_band_ratio.mean": [0.27317845821380615, 0.38796913623809814, 0.17339617013931274, 0.15754425525665283, 0.05744599550962448, 0.051120392978191376], "rhythm.beats_loudness_band_ratio.stdev": [0.22177182137966156, 0.2616335153579712, 0.19647586345672607, 0.17643165588378906, 0.06530220806598663, 0.09468785673379898], "tonal.hpcp.mean": [0.2883143126964569, 0.15234333276748657, 0.04223563149571419, 0.02968715876340866, 0.02768375538289547, 0.1261610984802246, 0.22442367672920227, 0.13921959698200226, 0.041735678911209106, 0.03473861515522003, 0.040143661201000214, 0.06532903015613556, 0.11211830377578735, 0.09836822748184204, 0.06490528583526611, 0.06335872411727905, 0.05656015872955322, 0.062396034598350525, 0.06577259302139282, 0.05688278004527092, 0.14599089324474335, 0.299892395734787, 0.20111452043056488, 0.042276278138160706, 0.04238048195838928, 0.042241163551807404, 0.07913342118263245, 0.14390265941619873, 0.11081100255250931, 0.05618632584810257, 0.06460756063461304, 0.07786303758621216, 0.16574536263942719, 0.25146225094795227, 0.17260462045669556, 0.20397239923477173], "tonal.hpcp.stdev": [0.403624564409256, 0.23269648849964142, 0.13808482885360718, 0.09144945442676544, 0.08252730965614319, 0.22376345098018646, 0.3569975197315216, 0.22933700680732727, 0.11893508583307266, 0.09473802894353867, 0.1246214210987091, 0.14842545986175537, 0.2176867574453354, 0.18331600725650787, 0.14486239850521088, 0.1444510519504547, 0.12790341675281525, 0.1282811015844345, 0.13155047595500946, 0.13530442118644714, 0.19243869185447693, 0.3667745888233185, 0.25275179743766785, 0.1137867122888565, 0.11713603883981705, 0.1134985163807869, 0.16077494621276855, 0.28174057602882385, 0.21014322340488434, 0.14451740682125092, 0.14738284051418304, 0.17344233393669128, 0.256765216588974, 0.36874309182167053, 0.26174795627593994, 0.28367504477500916], "rhythm.beats_position": [0.42956915497779846, 0.8707482814788818, 1.3119274377822876, 1.7647165060043335, 2.217505693435669, 2.670294761657715, 3.1695237159729004, 3.668752670288086, 4.156371593475342, 4.643990993499756, 5.131609916687012, 5.619228839874268, 6.083628177642822, 6.559637069702148, 7.035645961761475, 7.500045299530029, 7.964444160461426, 8.44045352935791, 8.904852867126465, 9.299592018127441, 9.694331169128418, 10.089070320129395, 10.483809471130371, 10.890158653259277, 11.284897804260254, 11.67963695526123, 12.085986137390137, 12.480725288391113, 12.88707447052002, 13.293423652648926, 13.78104305267334, 14.268661499023438, 14.744670867919922, 15.232290267944336, 15.719908714294434, 16.1959171295166, 16.695146560668945, 17.19437599182129, 17.832923889160156, 18.471473693847656, 19.110021591186523, 19.736961364746094, 20.36389923095703, 20.9908390045166, 21.61777687072754, 22.24471664428711, 22.871654510498047, 23.498594284057617, 24.021041870117188, 24.54349136352539, 25.065940856933594, 25.576780319213867, 26.099227905273438, 26.62167739868164, 27.144126892089844, 27.666576385498047, 28.189023971557617, 28.641813278198242, 29.094602584838867, 29.547391891479492, 30.000181198120117, 30.441360473632812, 30.894149780273438, 31.335329055786133, 31.788116455078125, 32.24090576171875, 32.774967193603516, 33.309024810791016, 33.83147430419922, 34.3074836730957, 34.795101165771484, 35.27111053466797, 35.75872802734375, 36.2463493347168, 36.73396682739258, 37.23319625854492, 37.732425689697266, 38.19682312011719, 38.67283248901367, 39.148841857910156, 39.6364631652832], "rhythm.bpm_histogram": [0.0, 0.0, 0.0, 0.0, 0.0, 0.0, 0.0, 0.0, 0.0, 0.0, 0.0, 0.0, 0.0, 0.0, 0.0, 0.0, 0.0, 0.0, 0.0, 0.0, 0.0, 0.0, 0.0, 0.0, 0.0, 0.0, 0.0, 0.0, 0.0, 0.0, 0.0, 0.0, 0.0, 0.0, 0.0, 0.0, 0.0, 0.0, 0.0, 0.0, 0.0, 0.0, 0.0, 0.0, 0.0, 0.0, 0.0, 0.0, 0.0, 0.0, 0.0, 0.0, 0.0, 0.0, 0.0, 0.0, 0.0, 0.0, 0.0, 0.0, 0.0, 0.0, 0.0, 0.0, 0.0, 0.0, 0.0, 0.0, 0.0, 0.0, 0.0, 0.0, 0.0, 0.0, 0.0, 0.0, 0.0, 0.0, 0.0, 0.0, 0.0, 0.0, 0.0, 0.0, 0.0, 0.0, 0.0, 0.0, 0.0, 0.0, 0.0, 0.0, 0.0, 0.0, 0.03750000149011612, 0.0, 0.08749999850988388, 0.0, 0.0, 0.0, 0.0, 0.0, 0.0, 0.0, 0.0, 0.0, 0.0, 0.0, 0.0, 0.0, 0.0, 0.0, 0.02500000037252903, 0.0, 0.0, 0.11249999701976776, 0.0, 0.012500000186264515, 0.0, 0.0, 0.07500000298023224, 0.0, 0.0, 0.16249999403953552, 0.0, 0.0, 0.11249999701976776, 0.0, 0.0, 0.0625, 0.0, 0.0, 0.0, 0.125, 0.0, 0.0, 0.05000000074505806, 0.0, 0.0, 0.0, 0.0, 0.0, 0.0, 0.0, 0.0, 0.0, 0.0, 0.0, 0.05000000074505806, 0.0, 0.0, 0.0, 0.08749999850988388, 0.0, 0.0, 0.0, 0.0, 0.0, 0.0, 0.0, 0.0, 0.0, 0.0, 0.0, 0.0, 0.0, 0.0, 0.0, 0.0, 0.0, 0.0, 0.0, 0.0, 0.0, 0.0, 0.0, 0.0, 0.0, 0.0, 0.0, 0.0, 0.0, 0.0, 0.0, 0.0, 0.0, 0.0, 0.0, 0.0, 0.0, 0.0, 0.0, 0.0, 0.0, 0.0, 0.0, 0.0, 0.0, 0.0, 0.0, 0.0, 0.0, 0.0, 0.0, 0.0, 0.0, 0.0, 0.0, 0.0, 0.0, 0.0, 0.0, 0.0, 0.0, 0.0, 0.0, 0.0, 0.0, 0.0, 0.0, 0.0, 0.0, 0.0, 0.0, 0.0, 0.0, 0.0, 0.0, 0.0, 0.0, 0.0, 0.0, 0.0, 0.0, 0.0, 0.0, 0.0, 0.0, 0.0, 0.0, 0.0, 0.0, 0.0, 0.0, 0.0, 0.0, 0.0, 0.0, 0.0, 0.0], "tonal.chords_histogram": [30.324073791503906, 21.064815521240234, 13.773148536682129, 2.430555582046509, 1.3888888359069824, 0.5787037014961243, 4.0509257316589355, 0.0, 0.0, 0.0, 0.8101851940155029, 0.0, 0.0, 0.0, 0.0, 0.0, 0.0, 0.0, 0.0, 8.101851463317871, 1.3888888359069824, 4.398148059844971, 1.9675925970077515, 9.722222328186035], "tonal.thpcp": [1.0, 0.6706222891807556, 0.14097149670124054, 0.14131896197795868, 0.14085440337657928, 0.2638727128505707, 0.47984763979911804, 0.36950254440307617, 0.1873549520969391, 0.21543580293655396, 0.2596365809440613, 0.5526827573776245, 0.8385082483291626, 0.575555145740509, 0.6801519393920898, 0.9613925218582153, 0.5079933404922485, 0.1408359557390213, 0.09899270534515381, 0.0923122987151146, 0.42068788409233093, 0.7483473420143127, 0.46423184871673584, 0.139168843626976, 0.11583693325519562, 0.13386021554470062, 0.21784156560897827, 0.37386178970336914, 0.32801175117492676, 0.21642857789993286, 0.2112715244293213, 0.1886015087366104, 0.20806141197681427, 0.2193206399679184, 0.18967729806900024, 0.48681092262268066], "lowlevel.gfcc.cov": [[5384.36181640625, 237.24542236328125, 696.4535522460938, -132.07920837402344, -702.4574584960938, -92.3975601196289, -584.1187133789062, 114.75299835205078, 0.6929107308387756, 86.05254364013672, -386.4926452636719, -188.6279754638672, 27.75283432006836], [237.24542236328125, 915.3905639648438, 64.93385314941406, 174.7107391357422, 168.08493041992188, -13.515731811523438, 205.329833984375, 2.3230879306793213, 96.45714569091797, -25.661483764648438, 138.3499298095703, -60.270774841308594, -0.5177293419837952], [696.4535522460938, 64.93385314941406, 826.647705078125, 81.72750091552734, -27.183300018310547, 47.324039459228516, -230.14698791503906, 38.815452575683594, 97.72349548339844, 80.05297088623047, -90.67729949951172, 6.824273109436035, -51.61679458618164], [-132.07920837402344, 174.7107391357422, 81.72750091552734, 433.55401611328125, 259.9940490722656, 99.392578125, 142.77420043945312, 23.202571868896484, -31.096548080444336, -19.833419799804688, 86.38801574707031, 16.076005935668945, -37.11654281616211], [-702.4574584960938, 168.08493041992188, -27.183300018310547, 259.9940490722656, 452.9110107421875, 185.7750244140625, 263.7794494628906, 12.924281120300293, -8.755032539367676, -20.687108993530273, 109.82666778564453, 53.23330307006836, -47.11244201660156], [-92.3975601196289, -13.515731811523438, 47.324039459228516, 99.392578125, 185.7750244140625, 298.0631408691406, 188.76730346679688, 86.72264862060547, 13.303162574768066, 24.213335037231445, 39.15469741821289, 2.421839952468872, -34.605411529541016], [-584.1187133789062, 205.329833984375, -230.14698791503906, 142.77420043945312, 263.7794494628906, 188.76730346679688, 421.00140380859375, 67.31013488769531, -10.36807632446289, -16.920141220092773, 145.24093627929688, -0.4583500921726227, -46.81235122680664], [114.75299835205078, 2.3230879306793213, 38.815452575683594, 23.202571868896484, 12.924281120300293, 86.72264862060547, 67.31013488769531, 145.86190795898438, 85.08344268798828, 49.56443405151367, -2.924428701400757, -21.882572174072266, -16.901636123657227], [0.6929107308387756, 96.45714569091797, 97.72349548339844, -31.096548080444336, -8.755032539367676, 13.303162574768066, -10.36807632446289, 85.08344268798828, 205.02699279785156, 83.39089965820312, -6.016810894012451, -11.93436050415039, 19.16756248474121], [86.05254364013672, -25.661483764648438, 80.05297088623047, -19.833419799804688, -20.687108993530273, 24.213335037231445, -16.920141220092773, 49.56443405151367, 83.39089965820312, 105.98262023925781, 8.555562019348145, 2.587812900543213, 2.6379778385162354], [-386.4926452636719, 138.3499298095703, -90.67729949951172, 86.38801574707031, 109.82666778564453, 39.15469741821289, 145.24093627929688, -2.924428701400757, -6.016810894012451, 8.555562019348145, 146.7700653076172, 26.381086349487305, -8.878427505493164], [-188.6279754638672, -60.270774841308594, 6.824273109436035, 16.076005935668945, 53.23330307006836, 2.421839952468872, -0.4583500921726227, -21.882572174072266, -11.93436050415039, 2.587812900543213, 26.381086349487305, 80.63399505615234, 25.301454544067383], [27.75283432006836, -0.5177293419837952, -51.61679458618164, -37.11654281616211, -47.11244201660156, -34.605411529541016, -46.81235122680664, -16.901636123657227, 19.16756248474121, 2.6379778385162354, -8.878427505493164, 25.301454544067383, 95.47248840332031]], "lowlevel.gfcc.icov": [[0.0004442799836397171, -0.0006296955980360508, 2.5505891244392842e-05, -0.0002813600585795939, 0.0008164628525264561, -0.0005682561313733459, 0.0004613985656760633, -0.0004946661647409201, 0.0008463229751214385, -0.0007467696559615433, 0.0011616349220275879, -0.00030821783002465963, 0.000147859871503897], [-0.0006296955980360508, 0.003379774745553732, -0.0011919948738068342, 0.00026272854302078485, -0.0018386665033176541, 0.0023165626917034388, -0.002251916565001011, 0.0014734790893271565, -0.0027176591102033854, 0.0027479026466608047, -0.0038640813436359167, 0.004106526728719473, -0.0022298316471278667], [2.5505891244392842e-05, -0.0011919948738068342, 0.002835232997313142, -0.000874240358825773, 0.0005479029496200383, -0.0019569527357816696, 0.002716671209782362, -3.801170896622352e-05, -0.00044770314707420766, -0.001397157902829349, 0.0016143888933584094, -0.002704830141738057, 0.003060897346585989], [-0.0002813600585795939, 0.00026272854302078485, -0.000874240358825773, 0.004530024249106646, -0.003269613953307271, 0.001029916456900537, 0.00015673995949327946, -0.0015902731101959944, 0.0011691604740917683, 0.0009682063246145844, -0.002589765703305602, 0.0017187142511829734, -0.0010309233330190182], [0.0008164628525264561, -0.0018386665033176541, 0.0005479029496200383, -0.003269613953307271, 0.008584149181842804, -0.003788258880376816, -0.0014254043344408274, 0.001922735944390297, -0.0005013900808990002, -0.0005409938166849315, 0.003502191975712776, -0.006153691094368696, 0.003354252316057682], [-0.0005682561313733459, 0.0023165626917034388, -0.0019569527357816696, 0.001029916456900537, -0.003788258880376816, 0.008824588730931282, -0.004313939716666937, -0.0022398843429982662, 0.0003278362564742565, 0.00015099358279258013, -0.0015635478775948286, 0.0033925718162208796, -0.0027768686413764954], [0.0004613985656760633, -0.002251916565001011, 0.002716671209782362, 0.00015673995949327946, -0.0014254043344408274, -0.004313939716666937, 0.010389506816864014, -0.004034044686704874, 0.0017679498996585608, 8.915288344724104e-05, -0.0028649158775806427, -0.0005839290679432452, 0.0030272980220615864], [-0.0004946661647409201, 0.0014734790893271565, -3.801170896622352e-05, -0.0015902731101959944, 0.001922735944390297, -0.0022398843429982662, -0.004034044686704874, 0.015276116319000721, -0.006734186317771673, -0.001290836837142706, 0.0013330228393897414, 0.001310263411141932, 0.0015406680759042501], [0.0008463229751214385, -0.0027176591102033854, -0.00044770314707420766, 0.0011691604740917683, -0.0005013900808990002, 0.0003278362564742565, 0.0017679498996585608, -0.006734186317771673, 0.012956839054822922, -0.007907388731837273, 0.0030082801822572947, 0.00028538829064927995, -0.0026808329857885838], [-0.0007467696559615433, 0.0027479026466608047, -0.001397157902829349, 0.0009682063246145844, -0.0005409938166849315, 0.00015099358279258013, 8.915288344724104e-05, -0.001290836837142706, -0.007907388731837273, 0.01922648213803768, -0.007391355000436306, 0.0010043627116829157, -0.0004412576090544462], [0.0011616349220275879, -0.0038640813436359167, 0.0016143888933584094, -0.002589765703305602, 0.003502191975712776, -0.0015635478775948286, -0.0028649158775806427, 0.0013330228393897414, 0.0030082801822572947, -0.007391355000436306, 0.018897905945777893, -0.008158784359693527, 0.0030199619941413403], [-0.00030821783002465963, 0.004106526728719473, -0.002704830141738057, 0.0017187142511829734, -0.006153691094368696, 0.0033925718162208796, -0.0005839290679432452, 0.001310263411141932, 0.00028538829064927995, 0.0010043627116829157, -0.008158784359693527, 0.024749672040343285, -0.009946374222636223], [0.000147859871503897, -0.0022298316471278667, 0.003060897346585989, -0.0010309233330190182, 0.003354252316057682, -0.0027768686413764954, 0.0030272980220615864, 0.0015406680759042501, -0.0026808329857885838, -0.0004412576090544462, 0.0030199619941413403, -0.009946374222636223, 0.017546184360980988]], "lowlevel.mfcc.cov": [[4416.181640625, 179.31800842285156, 742.1553344726562, -176.88429260253906, -147.47491455078125, -357.4968566894531, -399.4442138671875, -290.2591857910156, 160.74893188476562, 14.447774887084961, -95.78495788574219, -68.67906951904297, -39.867652893066406], [179.31800842285156, 725.4729614257812, 92.04512786865234, 128.84490966796875, 24.408893585205078, 49.61408615112305, 53.79270553588867, 57.529720306396484, 14.652158737182617, 89.90699005126953, 74.26222229003906, 63.059539794921875, 33.018001556396484], [742.1553344726562, 92.04512786865234, 757.6924438476562, 1.3880422115325928, 164.87693786621094, -71.14014434814453, -205.9384307861328, -98.3522720336914, 75.56460571289062, 8.5400390625, 47.46672821044922, 55.01412582397461, 18.90728187561035], [-176.88429260253906, 128.84490966796875, 1.3880422115325928, 361.93878173828125, 117.65412902832031, 116.9491195678711, 114.08916473388672, 77.26514434814453, -42.65879821777344, 2.897660970687866, 21.686885833740234, 3.386732339859009, 33.40043258666992], [-147.47491455078125, 24.408893585205078, 164.87693786621094, 117.65412902832031, 269.71185302734375, 117.20902252197266, 15.091012954711914, 45.49048614501953, 54.28228759765625, -7.274233818054199, 22.5914249420166, 42.76246643066406, 41.77711868286133], [-357.4968566894531, 49.61408615112305, -71.14014434814453, 116.9491195678711, 117.20902252197266, 256.88409423828125, 236.51953125, 142.9284210205078, 13.486383438110352, 39.76485824584961, 41.440093994140625, 44.17252731323242, 38.5516471862793], [-399.4442138671875, 53.79270553588867, -205.9384307861328, 114.08916473388672, 15.091012954711914, 236.51953125, 406.9554443359375, 212.7167205810547, -42.509117126464844, 56.99018096923828, 63.88520812988281, 12.367985725402832, 23.13628387451172], [-290.2591857910156, 57.529720306396484, -98.3522720336914, 77.26514434814453, 45.49048614501953, 142.9284210205078, 212.7167205810547, 199.5873260498047, 34.6754150390625, 59.425445556640625, 58.30967712402344, 27.62739372253418, 33.93334197998047], [160.74893188476562, 14.652158737182617, 75.56460571289062, -42.65879821777344, 54.28228759765625, 13.486383438110352, -42.509117126464844, 34.6754150390625, 165.20693969726562, 77.61936950683594, 28.70488739013672, 50.18437194824219, 37.88824462890625], [14.447774887084961, 89.90699005126953, 8.5400390625, 2.897660970687866, -7.274233818054199, 39.76485824584961, 56.99018096923828, 59.425445556640625, 77.61936950683594, 188.116455078125, 90.37036895751953, 49.124183654785156, 48.534610748291016], [-95.78495788574219, 74.26222229003906, 47.46672821044922, 21.686885833740234, 22.5914249420166, 41.440093994140625, 63.88520812988281, 58.30967712402344, 28.70488739013672, 90.37036895751953, 122.00816345214844, 49.433563232421875, 32.84086608886719], [-68.67906951904297, 63.059539794921875, 55.01412582397461, 3.386732339859009, 42.76246643066406, 44.17252731323242, 12.367985725402832, 27.62739372253418, 50.18437194824219, 49.124183654785156, 49.433563232421875, 100.38677215576172, 47.45558547973633], [-39.867652893066406, 33.018001556396484, 18.90728187561035, 33.40043258666992, 41.77711868286133, 38.5516471862793, 23.13628387451172, 33.93334197998047, 37.88824462890625, 48.534610748291016, 32.84086608886719, 47.45558547973633, 92.35750579833984]], "lowlevel.mfcc.icov": [[0.0003722451801877469, -0.00012178423639852554, -0.00043041614117100835, -6.681661761831492e-05, 0.0003766599402297288, 0.00029591459315270185, -0.0003905766934622079, 0.0004813392006326467, -0.0006785135483369231, -1.2794405847671442e-05, 0.0003865044272970408, 0.0004045649548061192, -0.00011664182238746434], [-0.00012178423639852554, 0.0017189288046211004, -0.0001009533298201859, -0.0006417916156351566, 0.00023836959735490382, -8.490570326102898e-05, 0.00029094659839756787, -0.0005325921229086816, 0.000527471536770463, -0.0006095969001762569, -0.00024471475626342, -0.001060217502526939, 0.0003718328953254968], [-0.00043041614117100835, -0.0001009533298201859, 0.0026092936750501394, 0.00012749378220178187, -0.001975121907889843, 0.00026609149063006043, 0.000883677217643708, 0.00036393082700669765, 0.00039210484828799963, 0.00019928874098695815, -0.001706782029941678, -0.0008207393693737686, 0.00046033228863961995], [-6.681661761831492e-05, -0.0006417916156351566, 0.00012749378220178187, 0.004344400949776173, -0.0019286846509203315, -0.0007364521734416485, 0.00023389363195747137, -0.001080577727407217, 0.002265902468934655, -0.00039236611337400973, 0.00015218589396681637, 0.0011221128515899181, -0.0012324090348556638], [0.0003766599402297288, 0.00023836959735490382, -0.001975121907889843, -0.0019286846509203315, 0.008957793936133385, -0.005253919400274754, 0.0024040862917900085, -0.0005010689492337406, -0.0027404690627008677, 0.0025443010963499546, -0.0008072280324995518, 0.0007918378105387092, -0.0014304770156741142], [0.00029591459315270185, -8.490570326102898e-05, 0.00026609149063006043, -0.0007364521734416485, -0.005253919400274754, 0.015087837353348732, -0.008649266324937344, 0.0006315847276709974, -0.0015178632456809282, -0.0007485453970730305, 0.002724939491599798, -0.003763139946386218, 0.0003639388014562428], [-0.0003905766934622079, 0.00029094659839756787, 0.000883677217643708, 0.00023389363195747137, 0.0024040862917900085, -0.008649266324937344, 0.012823272496461868, -0.008577236905694008, 0.005415342282503843, -0.0010598601074889302, -0.0021008115727454424, 0.0013084077509120107, 0.00033396820072084665], [0.0004813392006326467, -0.0005325921229086816, 0.00036393082700669765, -0.001080577727407217, -0.0005010689492337406, 0.0006315847276709974, -0.008577236905694008, 0.016791684553027153, -0.006844701245427132, 0.001310762600041926, -0.0025513116270303726, 0.0013980191433802247, -0.0010353497928008437], [-0.0006785135483369231, 0.000527471536770463, 0.00039210484828799963, 0.002265902468934655, -0.0027404690627008677, -0.0015178632456809282, 0.005415342282503843, -0.006844701245427132, 0.01422691997140646, -0.0054809460416436195, 0.002234147395938635, -0.0033977788407355547, -0.0003543840139172971], [-1.2794405847671442e-05, -0.0006095969001762569, 0.00019928874098695815, -0.00039236611337400973, 0.0025443010963499546, -0.0007485453970730305, -0.0010598601074889302, 0.001310762600041926, -0.0054809460416436195, 0.011896484531462193, -0.007133969571441412, 0.001015177695080638, -0.0027291378937661648], [0.0003865044272970408, -0.00024471475626342, -0.001706782029941678, 0.00015218589396681637, -0.0008072280324995518, 0.002724939491599798, -0.0021008115727454424, -0.0025513116270303726, 0.002234147395938635, -0.007133969571441412, 0.01749471202492714, -0.004980928730219603, 0.0004109759465791285], [0.0004045649548061192, -0.001060217502526939, -0.0008207393693737686, 0.0011221128515899181, 0.0007918378105387092, -0.003763139946386218, 0.0013084077509120107, 0.0013980191433802247, -0.0033977788407355547, 0.001015177695080638, -0.004980928730219603, 0.01872214674949646, -0.006301276385784149], [-0.00011664182238746434, 0.0003718328953254968, 0.00046033228863961995, -0.0012324090348556638, -0.0014304770156741142, 0.0003639388014562428, 0.00033396820072084665, -0.0010353497928008437, -0.0003543840139172971, -0.0027291378937661648, 0.0004109759465791285, -0.006301276385784149, 0.016458731144666672]], "metadata.audio_properties.analysis.downmix": "