{"song_id": "1182284151685136505", "download": "https://cdn.discordapp.com/attachments/1135911532732108921/1182284151685136505/chirp.mp4?ex=658422eb&amp", "lyrics": "[Verse]\nHaunted whispers in the night\nSilent specters bathed in moonlight\nPhantoms dance in ethereal glow\nLost souls yearning to let go\n\n[Chorus]\nGho-sts, in the neon haze we glide\nGho-sts, shadows caught in time's tide\nGho-sts, drifting through the synthwave\nForever bound, yet longing to stray", "style": ["synthwave"], "essentia_features": {"lowlevel.average_loudness": 0.981123149394989, "lowlevel.barkbands_crest.mean": 10.86099910736084, "lowlevel.barkbands_crest.stdev": 4.557553768157959, "lowlevel.barkbands_flatness_db.mean": 0.11916586011648178, "lowlevel.barkbands_flatness_db.stdev": 0.041260331869125366, "lowlevel.barkbands_kurtosis.mean": 2.3651111125946045, "lowlevel.barkbands_kurtosis.stdev": 5.355466365814209, "lowlevel.barkbands_skewness.mean": 1.5725703239440918, "lowlevel.barkbands_skewness.stdev": 1.0471000671386719, "lowlevel.barkbands_spread.mean": 39.75700378417969, "lowlevel.barkbands_spread.stdev": 17.93376350402832, "lowlevel.dissonance.mean": 0.4908837676048279, "lowlevel.dissonance.stdev": 0.011141551658511162, "lowlevel.dynamic_complexity": 0.9071722626686096, "lowlevel.erbbands_crest.mean": 6.874194145202637, "lowlevel.erbbands_crest.stdev": 2.8220925331115723, "lowlevel.erbbands_flatness_db.mean": 0.12019846588373184, "lowlevel.erbbands_flatness_db.stdev": 0.03716055303812027, "lowlevel.erbbands_kurtosis.mean": 0.8578361868858337, "lowlevel.erbbands_kurtosis.stdev": 1.4607614278793335, "lowlevel.erbbands_skewness.mean": -0.6169975996017456, "lowlevel.erbbands_skewness.stdev": 0.6654595136642456, "lowlevel.erbbands_spread.mean": 44.16827392578125, "lowlevel.erbbands_spread.stdev": 13.726554870605469, "lowlevel.hfc.mean": 51.860450744628906, "lowlevel.hfc.stdev": 26.950702667236328, "lowlevel.loudness_ebu128.integrated": -11.281549453735352, "lowlevel.loudness_ebu128.loudness_range": 1.2312602996826172, "lowlevel.loudness_ebu128.momentary.mean": -11.337762832641602, "lowlevel.loudness_ebu128.momentary.stdev": 0.7518141269683838, "lowlevel.loudness_ebu128.short_term.mean": -11.319028854370117, "lowlevel.loudness_ebu128.short_term.stdev": 0.3933740258216858, "lowlevel.melbands_crest.mean": 19.087373733520508, "lowlevel.melbands_crest.stdev": 5.724942684173584, "lowlevel.melbands_flatness_db.mean": 0.17398574948310852, "lowlevel.melbands_flatness_db.stdev": 0.049462877213954926, "lowlevel.melbands_kurtosis.mean": 18.754405975341797, "lowlevel.melbands_kurtosis.stdev": 22.614877700805664, "lowlevel.melbands_skewness.mean": 3.6942076683044434, "lowlevel.melbands_skewness.stdev": 1.9456628561019897, "lowlevel.melbands_spread.mean": 30.226459503173828, "lowlevel.melbands_spread.stdev": 17.64816665649414, "lowlevel.pitch_salience.mean": 0.5150692462921143, "lowlevel.pitch_salience.stdev": 0.12354827672243118, "lowlevel.silence_rate_20dB.mean": 1.0, "lowlevel.silence_rate_20dB.stdev": 0.0, "lowlevel.silence_rate_30dB.mean": 0.913274347782135, "lowlevel.silence_rate_30dB.stdev": 0.2814337909221649, "lowlevel.silence_rate_60dB.mean": 0.0017699114978313446, "lowlevel.silence_rate_60dB.stdev": 0.04203337803483009, "lowlevel.spectral_centroid.mean": 2300.859130859375, "lowlevel.spectral_centroid.stdev": 506.23150634765625, "lowlevel.spectral_complexity.mean": 40.58230209350586, "lowlevel.spectral_complexity.stdev": 7.137763500213623, "lowlevel.spectral_decrease.mean": -1.4844001583469435e-08, "lowlevel.spectral_decrease.stdev": 8.34940028227038e-09, "lowlevel.spectral_energy.mean": 0.06072858348488808, "lowlevel.spectral_energy.stdev": 0.03159419819712639, "lowlevel.spectral_energyband_high.mean": 0.0039051887579262257, "lowlevel.spectral_energyband_high.stdev": 0.003379862755537033, "lowlevel.spectral_energyband_low.mean": 0.03975210711359978, "lowlevel.spectral_energyband_low.stdev": 0.032826147973537445, "lowlevel.spectral_energyband_middle_high.mean": 0.009379593655467033, "lowlevel.spectral_energyband_middle_high.stdev": 0.004955318756401539, "lowlevel.spectral_energyband_middle_low.mean": 0.00815499946475029, "lowlevel.spectral_energyband_middle_low.stdev": 0.008004205301404, "lowlevel.spectral_entropy.mean": 8.096094131469727, "lowlevel.spectral_entropy.stdev": 0.17369882762432098, "lowlevel.spectral_flux.mean": 0.14526554942131042, "lowlevel.spectral_flux.stdev": 0.06066415458917618, "lowlevel.spectral_kurtosis.mean": 2.653038263320923, "lowlevel.spectral_kurtosis.stdev": 1.1162242889404297, "lowlevel.spectral_rms.mean": 0.007460254710167646, "lowlevel.spectral_rms.stdev": 0.0018952542450278997, "lowlevel.spectral_rolloff.mean": 2070.4853515625, "lowlevel.spectral_rolloff.stdev": 1824.1968994140625, "lowlevel.spectral_skewness.mean": 1.1901826858520508, "lowlevel.spectral_skewness.stdev": 0.24256019294261932, "lowlevel.spectral_spread.mean": 5322076.0, "lowlevel.spectral_spread.stdev": 1183115.5, "lowlevel.spectral_strongpeak.mean": 0.5371679067611694, "lowlevel.spectral_strongpeak.stdev": 0.5836421847343445, "lowlevel.zerocrossingrate.mean": 0.08340621739625931, "lowlevel.zerocrossingrate.stdev": 0.03602827712893486, "metadata.audio_properties.analysis.equal_loudness": 0.0, "metadata.audio_properties.analysis.length": 26.19628143310547, "metadata.audio_properties.analysis.sample_rate": 44100.0, "metadata.audio_properties.analysis.start_time": 0.0, "metadata.audio_properties.bit_rate": 114928.0, "metadata.audio_properties.length": 26.19733238220215, "metadata.audio_properties.lossless": 0.0, "metadata.audio_properties.number_channels": 1.0, "metadata.audio_properties.replay_gain": -12.989179611206055, "metadata.audio_properties.sample_rate": 48000.0, "rhythm.beats_count": 68.0, "rhythm.beats_loudness.mean": 0.06817874312400818, "rhythm.beats_loudness.stdev": 0.024987658485770226, "rhythm.bpm": 155.68385314941406, "rhythm.bpm_histogram_first_peak_bpm": 157.0, "rhythm.bpm_histogram_first_peak_weight": 0.3333333134651184, "rhythm.bpm_histogram_second_peak_bpm": 152.0, "rhythm.bpm_histogram_second_peak_spread": 0.0, "rhythm.bpm_histogram_second_peak_weight": 0.13432836532592773, "rhythm.danceability": 1.1088637113571167, "rhythm.onset_rate": 3.1660866737365723, "tonal.chords_changes_rate": 0.11130741983652115, "tonal.chords_number_rate": 0.019434629008173943, "tonal.chords_strength.mean": 0.5386437773704529, "tonal.chords_strength.stdev": 0.11108646541833878, "tonal.hpcp_crest.mean": 9.035445213317871, "tonal.hpcp_crest.stdev": 4.58312463760376, "tonal.hpcp_entropy.mean": 2.8916518688201904, "tonal.hpcp_entropy.stdev": 0.752036452293396, "tonal.key_edma.strength": 0.7455604672431946, "tonal.key_krumhansl.strength": 0.753138542175293, "tonal.key_temperley.strength": 0.7556921243667603, "tonal.tuning_diatonic_strength": 0.6434540748596191, "tonal.tuning_equal_tempered_deviation": 0.2624722719192505, "tonal.tuning_frequency": 434.193115234375, "tonal.tuning_nontempered_energy_ratio": 0.9067475199699402, "lowlevel.barkbands.mean": [0.0038646026514470577, 0.02343910187482834, 0.012088848277926445, 0.0028677659574896097, 0.0019043717766180634, 0.0005581412115134299, 0.0012272984022274613, 0.0007760592270642519, 0.000673712813295424, 0.0005068410537205637, 0.0007941118674352765, 0.0009952507680281997, 0.0009153898572549224, 0.0011346301762387156, 0.0007867972017265856, 0.0010504602687433362, 0.0010474339360371232, 0.0006115928408689797, 0.0009724214905872941, 0.0012942764442414045, 0.0007282872102223337, 0.0005547733162529767, 0.0005621163290925324, 0.0006508587393909693, 0.0005279243923723698, 0.00019492708088364452, 5.978041031085013e-07], "lowlevel.barkbands.stdev": [0.0049197799526154995, 0.029727553948760033, 0.009512911550700665, 0.0033094766549766064, 0.004297507461160421, 0.0011168716009706259, 0.0022404452320188284, 0.0014546186430379748, 0.0011168906930834055, 0.0009542646002955735, 0.00179762439802289, 0.0020968313328921795, 0.0015397948445752263, 0.0015690308064222336, 0.0010455830488353968, 0.0013102211523801088, 0.0006942327599972486, 0.00037556045572273433, 0.0005936147645115852, 0.0007833731942810118, 0.000654421397484839, 0.0006623141816817224, 0.0007947932463139296, 0.0008788023260422051, 0.0006064435583539307, 0.00024026876781135798, 3.0670328214910114e-06], "lowlevel.erbbands.mean": [0.8241651058197021, 4.684658050537109, 12.544252395629883, 13.370438575744629, 8.845765113830566, 5.087551116943359, 3.658609390258789, 5.209680080413818, 13.247968673706055, 20.8874454498291, 16.022523880004883, 14.62698745727539, 15.945844650268555, 23.411787033081055, 36.56559371948242, 38.67194366455078, 43.44347381591797, 51.17707443237305, 53.42376708984375, 38.998470306396484, 64.98702239990234, 59.64886474609375, 35.34796905517578, 44.37186050415039, 51.23600769042969, 60.9898796081543, 42.39043045043945, 20.93494987487793, 19.472209930419922, 20.532493591308594, 14.83592414855957, 10.95280933380127, 12.496880531311035, 7.451603889465332, 2.8454034328460693, 1.1992493867874146, 0.29126158356666565, 0.022597620263695717, 0.0005173258832655847, 0.00010496877803234383], "lowlevel.erbbands.stdev": [1.4051475524902344, 5.079614162445068, 9.131135940551758, 10.43069076538086, 19.41250228881836, 10.30593490600586, 5.739002227783203, 12.10602855682373, 25.177169799804688, 36.867889404296875, 27.085613250732422, 23.490848541259766, 26.664945602416992, 53.39759063720703, 66.92940521240234, 75.44339752197266, 71.01383972167969, 68.60585021972656, 65.8163070678711, 48.46803665161133, 72.96688079833984, 38.44193649291992, 19.607179641723633, 30.716693878173828, 28.786802291870117, 37.86027145385742, 30.347497940063477, 22.070539474487305, 23.043134689331055, 26.11585807800293, 21.95648193359375, 16.277576446533203, 16.402755737304688, 8.935272216796875, 3.122743844985962, 1.4703422784805298, 0.35228630900382996, 0.038902249187231064, 0.0007458641775883734, 5.363019954529591e-05], "lowlevel.gfcc.mean": [73.08213806152344, 45.913394927978516, -111.85498046875, 60.4833984375, -42.41276168823242, 34.46866226196289, -34.422454833984375, 23.623830795288086, -28.40828514099121, 11.539510726928711, -19.06424903869629, -3.4412355422973633, -16.425649642944336], "lowlevel.melbands.mean": [0.006946759298443794, 0.006346913054585457, 0.0022165237460285425, 0.00047231142525561154, 0.00014165010361466557, 0.00011722928320523351, 0.000219122608541511, 0.0002193996770074591, 0.000123679667012766, 9.26549473660998e-05, 7.816391735104844e-05, 8.957210957305506e-05, 0.00011627963976934552, 0.00012054885155521333, 9.080148447537795e-05, 8.912765770219266e-05, 9.88698739092797e-05, 9.245981345884502e-05, 5.563166632782668e-05, 5.474859426612966e-05, 8.108959445962682e-05, 6.456178380176425e-05, 4.251081554684788e-05, 2.554469756432809e-05, 3.700702291098423e-05, 3.6122033634455875e-05, 4.081559382029809e-05, 4.041997453896329e-05, 3.0088216590229422e-05, 1.712280027277302e-05, 1.0107712114404421e-05, 1.0578289220575243e-05, 1.1438698493293487e-05, 1.159999465016881e-05, 8.993551091407426e-06, 6.62363618175732e-06, 6.70267263558344e-06, 8.80550123838475e-06, 8.273461389762815e-06, 5.655913810187485e-06], "lowlevel.melbands.stdev": [0.01002281904220581, 0.004303151275962591, 0.0017915358766913414, 0.001065050601027906, 0.00022201788669917732, 0.0002490500046405941, 0.0004095132171642035, 0.0003849106142297387, 0.0002138029522029683, 0.0001525295665487647, 0.00013537377526517957, 0.00021115902927704155, 0.00022987766715232283, 0.00026457407511770725, 0.00017381510406266898, 0.00014620384899899364, 0.00014117691898718476, 0.0001218554243678227, 7.61975534260273e-05, 7.095508772181347e-05, 9.367393067805097e-05, 4.547079515759833e-05, 2.7301681257085875e-05, 1.595472713233903e-05, 2.7990156013402157e-05, 2.272095844091382e-05, 2.551672514528036e-05, 2.6916179194813594e-05, 2.167150887544267e-05, 1.7950656911125407e-05, 1.1271838957327418e-05, 1.2643423360714223e-05, 1.474129476264352e-05, 1.5370449546026066e-05, 1.3295199096319266e-05, 1.1018640179827344e-05, 9.837966899794992e-06, 1.2232545486767776e-05, 1.019596129481215e-05, 6.87120018483256e-06], "lowlevel.melbands128.mean": [0.00245134299620986, 0.007086333353072405, 0.00847097672522068, 0.007440367713570595, 0.0064806281588971615, 0.00595081178471446, 0.0028378467541188, 0.0012379457475617528, 0.000914710049983114, 0.00039678989560343325, 0.00024903257144615054, 0.00016667204909026623, 0.00011277372686890885, 0.00010914669110206887, 0.00010848139936570078, 0.00011669548985082656, 0.00016469207184854895, 0.00024144575581885874, 0.0002848212607204914, 0.00025156146148219705, 0.00017947584274224937, 0.00014253047993406653, 0.00011932430788874626, 0.00010223814751952887, 8.729230466997251e-05, 9.070250962395221e-05, 9.8683092801366e-05, 7.190573523985222e-05, 6.674731412203982e-05, 7.263322913786396e-05, 9.640873759053648e-05, 0.00012735143536701798, 0.0001062972514773719, 0.00011599733988987282, 0.0001419168256688863, 0.0001249001652467996, 8.297547901747748e-05, 8.26615359983407e-05, 9.41887337830849e-05, 0.00011355624883435667, 7.933437882456928e-05, 6.958824815228581e-05, 8.940062252804637e-05, 0.00012501291348598897, 0.0001132322649937123, 7.853504939703271e-05, 8.175504626706243e-05, 5.485011206474155e-05, 4.408866152516566e-05, 4.957840428687632e-05, 5.005962520954199e-05, 6.447153282351792e-05, 9.05137785593979e-05, 8.510530460625887e-05, 6.844356539659202e-05, 6.620014028158039e-05, 5.8878147683572024e-05, 4.7625642764614895e-05, 3.855272734654136e-05, 2.672747905307915e-05, 2.0870524167548865e-05, 2.6533334676059894e-05, 3.686483978526667e-05, 4.062434527440928e-05, 3.663290408439934e-05, 3.6975387047277763e-05, 3.449848009040579e-05, 3.5526016290532425e-05, 4.424871804076247e-05, 4.6086883230600506e-05, 4.059358252561651e-05, 3.705310882651247e-05, 3.729439777089283e-05, 2.9113167329342104e-05, 2.1541633032029495e-05, 1.9042767235077918e-05, 1.4617481610912364e-05, 1.1283562344033271e-05, 9.139021130977198e-06, 9.111267900152598e-06, 1.0262144314765465e-05, 1.1317030839563813e-05, 1.1352999536029529e-05, 1.136686660174746e-05, 1.1591759175644256e-05, 1.1617992640822195e-05, 1.1785710739786737e-05, 1.126801817008527e-05, 8.402862476941664e-06, 8.124092346406542e-06, 6.779786417610012e-06, 6.397246579581406e-06, 5.950664672127459e-06, 6.353050139296101e-06, 7.03072464602883e-06, 8.560252354072873e-06, 9.061015589395538e-06, 9.698210305941757e-06, 8.505394362146035e-06, 7.547681889263913e-06, 6.793387910875026e-06, 5.267283086141106e-06, 4.424854523676913e-06, 3.83220549338148e-06, 2.5933341021300294e-06, 2.648156169016147e-06, 2.937060344265774e-06, 2.607891474326607e-06, 1.956962478288915e-06, 1.6689481299181352e-06, 1.4941330164219835e-06, 9.9879559911642e-07, 8.88206272975367e-07, 6.805470889048593e-07, 3.9137054841376084e-07, 1.9723754007827665e-07, 2.7500195898255697e-08, 2.0612812845488548e-10, 9.70938520555853e-12, 9.385664120897808e-12, 9.171505568894567e-12, 8.950107148464337e-12, 8.664036502126216e-12, 8.450602197174195e-12, 8.005499908814162e-12, 7.384716102509792e-12, 7.036445644897915e-12, 6.951465011256763e-12], "lowlevel.melbands128.stdev": [0.004008907824754715, 0.013374495320022106, 0.013169027864933014, 0.007522270083427429, 0.004970928654074669, 0.004845415707677603, 0.0023978876415640116, 0.001906264224089682, 0.0024655337911099195, 0.001105544506572187, 0.0005136333638802171, 0.00029900670051574707, 0.0002052202180493623, 0.0002237762964796275, 0.0003650813305284828, 0.0002664478961378336, 0.00034303843858651817, 0.0005857421201653779, 0.0006436319672502577, 0.0005211213720031083, 0.00044267793418839574, 0.00032072971225716174, 0.0002589744981378317, 0.00024305439728777856, 0.00017991760978475213, 0.00019243895076215267, 0.00024225114611908793, 0.00014625147741753608, 0.0001671098725637421, 0.0001961726084118709, 0.00026065032579936087, 0.0004494489694479853, 0.0002481976989656687, 0.00025633248151279986, 0.0003838155244011432, 0.00032602553255856037, 0.00023036549100652337, 0.00021032465156167746, 0.00020809556008316576, 0.00023516645887866616, 0.00014850871230009943, 0.00013294977543409914, 0.00016941261128522456, 0.0002112101938109845, 0.00019873116980306804, 0.0001258972188225016, 0.00013900197518523782, 9.188553667627275e-05, 7.620500400662422e-05, 8.005942800082266e-05, 7.889488188084215e-05, 9.038816642714664e-05, 0.00014002346142660826, 0.00011318002361804247, 6.789391773054376e-05, 5.9618429077090696e-05, 4.902410364593379e-05, 4.0199105569627136e-05, 3.3166903449455276e-05, 2.065866101474967e-05, 1.7454209228162654e-05, 2.3609964046045206e-05, 3.3763222745619714e-05, 4.179730240139179e-05, 3.1202329410007223e-05, 2.982632940984331e-05, 2.8238873710506596e-05, 2.873566154448781e-05, 3.523558916640468e-05, 3.785701119340956e-05, 3.568336251191795e-05, 2.9997674573678523e-05, 3.1083091016625986e-05, 2.6482404791750014e-05, 1.9594537661760114e-05, 2.2467569579021074e-05, 2.1183488570386544e-05, 1.4458245459536556e-05, 1.0850752914848272e-05, 1.1659625670290552e-05, 1.3587751709565055e-05, 1.496775439591147e-05, 1.6213389244512655e-05, 1.6120908185257576e-05, 1.62374708452262e-05, 1.6742073057685047e-05, 1.7161877622129396e-05, 1.693338890618179e-05, 1.2743927982228342e-05, 1.4826536244072486e-05, 1.1678006558213383e-05, 1.1740171430574264e-05, 1.085396343114553e-05, 1.0351447599532548e-05, 1.0084394489240367e-05, 1.3610097084892914e-05, 1.3784338989353273e-05, 1.3206179573899135e-05, 1.1083307072112802e-05, 1.0162799298996106e-05, 9.422410585102625e-06, 6.783050139347324e-06, 5.6988842516148e-06, 4.92864501211443e-06, 3.1312360988522414e-06, 3.1581071198161226e-06, 3.671067133836914e-06, 3.25970859194058e-06, 2.9151985927455826e-06, 2.4171404220396653e-06, 2.0443926587176975e-06, 1.2319130746618612e-06, 1.1228208904867643e-06, 1.0708354238886386e-06, 7.568785349576501e-07, 5.65916991490667e-07, 1.094767938525365e-07, 1.6040466732647474e-09, 2.63122214988476e-11, 2.6267285221925896e-11, 2.6385076415391673e-11, 2.613572205878434e-11, 2.5853244892126703e-11, 2.4680825091993874e-11, 1.896289548997121e-11, 1.123005161085544e-11, 9.201749605336484e-12, 9.096123160245995e-12], "lowlevel.mfcc.mean": [-566.7420654296875, 70.38390350341797, 0.6272096633911133, 33.235801696777344, 20.491722106933594, 15.095298767089844, 16.93012046813965, 7.376524448394775, 8.347005844116211, 9.283919334411621, 3.633725643157959, 4.906189918518066, 5.606837749481201], "lowlevel.spectral_contrast_coeffs.mean": [-0.6952754855155945, -0.8002867102622986, -0.8135910034179688, -0.7982498407363892, -0.7976970672607422, -0.7629504799842834], "lowlevel.spectral_contrast_coeffs.stdev": [0.07059973478317261, 0.06284856796264648, 0.0516878217458725, 0.041470274329185486, 0.019596876576542854, 0.03201243281364441], "lowlevel.spectral_contrast_valleys.mean": [-6.381951808929443, -6.62717342376709, -6.843457221984863, -6.6914238929748535, -6.2694830894470215, -8.88090705871582], "lowlevel.spectral_contrast_valleys.stdev": [0.8250514268875122, 0.6958085298538208, 0.6050764918327332, 0.535461962223053, 0.5028414130210876, 0.7128153443336487], "rhythm.beats_loudness_band_ratio.mean": [0.6907089352607727, 0.04697549715638161, 0.04414533078670502, 0.0809212327003479, 0.07851242274045944, 0.09088824689388275], "rhythm.beats_loudness_band_ratio.stdev": [0.20499075949192047, 0.06826045364141464, 0.04330245777964592, 0.10139695554971695, 0.07507113367319107, 0.07804760336875916], "tonal.hpcp.mean": [0.2015567272901535, 0.19445471465587616, 0.12645262479782104, 0.09183357656002045, 0.10182616859674454, 0.1385175883769989, 0.2731133699417114, 0.28923189640045166, 0.14992181956768036, 0.07706765830516815, 0.05115911364555359, 0.05659373477101326, 0.06117326766252518, 0.0674690455198288, 0.08048998564481735, 0.08856607228517532, 0.09670127183198929, 0.10443104803562164, 0.09947682917118073, 0.0838027074933052, 0.08510041981935501, 0.20081952214241028, 0.2900403141975403, 0.19476953148841858, 0.09229259192943573, 0.062405314296483994, 0.05705022066831589, 0.08011063933372498, 0.11815636605024338, 0.12123435735702515, 0.0974375531077385, 0.09251922369003296, 0.09778925776481628, 0.100226491689682, 0.12211820483207703, 0.15780289471149445], "tonal.hpcp.stdev": [0.32077041268348694, 0.3090665340423584, 0.24353352189064026, 0.1883746087551117, 0.22638732194900513, 0.2444571554660797, 0.3551653027534485, 0.36095935106277466, 0.24450121819972992, 0.16162486374378204, 0.11999353021383286, 0.1244601458311081, 0.13564519584178925, 0.13274472951889038, 0.15525765717029572, 0.17371249198913574, 0.18973924219608307, 0.20006898045539856, 0.20484624803066254, 0.17227594554424286, 0.1622263789176941, 0.2728039622306824, 0.36811602115631104, 0.2685384452342987, 0.16424980759620667, 0.13064320385456085, 0.13839583098888397, 0.18000738322734833, 0.2523399591445923, 0.24286861717700958, 0.2101476788520813, 0.1989918202161789, 0.2110052853822708, 0.19835980236530304, 0.22593677043914795, 0.2655915915966034], "rhythm.beats_position": [0.3831292390823364, 0.7778684496879578, 1.160997748374939, 1.5441269874572754, 1.9272562265396118, 2.3103854656219482, 2.6819047927856445, 3.0650339126586914, 3.4133331775665283, 3.7616326808929443, 4.109931945800781, 4.458230972290039, 4.852970600128174, 5.24770975112915, 5.630838871002197, 6.013967990875244, 6.397097587585449, 6.780226707458496, 7.163355827331543, 7.54648494720459, 7.941224575042725, 8.324353218078613, 8.707483291625977, 9.079002380371094, 9.46213150024414, 9.845260620117188, 10.228389739990234, 10.611518859863281, 10.994647979736328, 11.377777099609375, 11.760907173156738, 12.144036293029785, 12.527165412902832, 12.910294532775879, 13.305033683776855, 13.699772834777832, 14.07129192352295, 14.442811965942383, 14.8143310546875, 15.197460174560547, 15.580589294433594, 15.97532844543457, 16.346847534179688, 16.718366622924805, 17.089885711669922, 17.46140480041504, 17.844533920288086, 18.227664947509766, 18.599184036254883, 18.970703125, 19.342222213745117, 19.713741302490234, 20.08526039123535, 20.45677947998047, 20.828298568725586, 21.211427688598633, 21.59455680847168, 21.977685928344727, 22.372425079345703, 22.76716423034668, 23.15029525756836, 23.533424377441406, 23.916553497314453, 24.2996826171875, 24.671201705932617, 25.054330825805664, 25.42584991455078, 25.808979034423828], "rhythm.bpm_histogram": [0.0, 0.0, 0.0, 0.0, 0.0, 0.0, 0.0, 0.0, 0.0, 0.0, 0.0, 0.0, 0.0, 0.0, 0.0, 0.0, 0.0, 0.0, 0.0, 0.0, 0.0, 0.0, 0.0, 0.0, 0.0, 0.0, 0.0, 0.0, 0.0, 0.0, 0.0, 0.0, 0.0, 0.0, 0.0, 0.0, 0.0, 0.0, 0.0, 0.0, 0.0, 0.0, 0.0, 0.0, 0.0, 0.0, 0.0, 0.0, 0.0, 0.0, 0.0, 0.0, 0.0, 0.0, 0.0, 0.0, 0.0, 0.0, 0.0, 0.0, 0.0, 0.0, 0.0, 0.0, 0.0, 0.0, 0.0, 0.0, 0.0, 0.0, 0.0, 0.0, 0.0, 0.0, 0.0, 0.0, 0.0, 0.0, 0.0, 0.0, 0.0, 0.0, 0.0, 0.0, 0.0, 0.0, 0.0, 0.0, 0.0, 0.0, 0.0, 0.0, 0.0, 0.0, 0.0, 0.0, 0.0, 0.0, 0.0, 0.0, 0.0, 0.0, 0.0, 0.0, 0.0, 0.0, 0.0, 0.0, 0.0, 0.0, 0.0, 0.0, 0.0, 0.0, 0.0, 0.0, 0.0, 0.0, 0.0, 0.0, 0.0, 0.0, 0.0, 0.0, 0.0, 0.0, 0.0, 0.0, 0.0, 0.0, 0.0, 0.0, 0.0, 0.0, 0.0, 0.0, 0.0, 0.0, 0.0, 0.0, 0.0, 0.0, 0.0, 0.0, 0.0, 0.0, 0.0, 0.0, 0.0, 0.0, 0.0, 0.0, 0.13432836532592773, 0.0, 0.0, 0.0, 0.0, 0.5373134613037109, 0.0, 0.0, 0.0, 0.26865673065185547, 0.0, 0.0, 0.0, 0.0, 0.0, 0.0, 0.0, 0.0, 0.0, 0.0, 0.05970149114727974, 0.0, 0.0, 0.0, 0.0, 0.0, 0.0, 0.0, 0.0, 0.0, 0.0, 0.0, 0.0, 0.0, 0.0, 0.0, 0.0, 0.0, 0.0, 0.0, 0.0, 0.0, 0.0, 0.0, 0.0, 0.0, 0.0, 0.0, 0.0, 0.0, 0.0, 0.0, 0.0, 0.0, 0.0, 0.0, 0.0, 0.0, 0.0, 0.0, 0.0, 0.0, 0.0, 0.0, 0.0, 0.0, 0.0, 0.0, 0.0, 0.0, 0.0, 0.0, 0.0, 0.0, 0.0, 0.0, 0.0, 0.0, 0.0, 0.0, 0.0, 0.0, 0.0, 0.0, 0.0, 0.0, 0.0, 0.0, 0.0, 0.0, 0.0, 0.0, 0.0, 0.0, 0.0, 0.0, 0.0, 0.0], "tonal.chords_histogram": [15.371025085449219, 0.5300353169441223, 0.0, 0.0, 4.416961193084717, 0.0, 1.2367491722106934, 0.0, 8.480565071105957, 0.0, 0.35335689783096313, 1.0600706338882446, 0.0, 4.416961193084717, 0.0, 0.0, 0.0, 29.505300521850586, 0.17667844891548157, 0.0, 1.2367491722106934, 4.2402825355529785, 1.94346284866333, 27.031801223754883], "tonal.thpcp": [1.0, 0.6715257167816162, 0.3182060718536377, 0.21516083180904388, 0.19669754803180695, 0.2762051820755005, 0.4073791205883026, 0.41799139976501465, 0.33594486117362976, 0.3189874589443207, 0.3371574580669403, 0.34556055068969727, 0.4210387170314789, 0.5440722703933716, 0.6949266195297241, 0.6704403162002563, 0.43598291277885437, 0.3166234791278839, 0.3510759174823761, 0.4775804579257965, 0.9416393637657166, 0.9972127676010132, 0.5168999433517456, 0.2657136023044586, 0.17638622224330902, 0.19512368738651276, 0.21091298758983612, 0.2326195389032364, 0.2775130867958069, 0.30535781383514404, 0.3334062993526459, 0.36005699634552, 0.3429758846759796, 0.2889346778392792, 0.29340893030166626, 0.6923848390579224], "lowlevel.gfcc.cov": [[3039.298828125, 26.883853912353516, 484.6426086425781, 146.31344604492188, -56.79572677612305, 118.08482360839844, -182.19729614257812, 87.20403289794922, -31.937580108642578, 208.6129913330078, 27.87146759033203, 75.90922546386719, -260.5232849121094], [26.883853912353516, 528.0901489257812, 3.580862283706665, 19.12945556640625, 61.746150970458984, -61.5831413269043, 79.91557312011719, 10.753589630126953, 47.88108444213867, 53.81810760498047, 54.64370346069336, -22.091075897216797, -21.12607765197754], [484.6426086425781, 3.580862283706665, 673.8375244140625, 295.8809814453125, 129.6178741455078, 68.32106018066406, -36.196956634521484, 44.192405700683594, 26.03911018371582, 138.37551879882812, 66.17393493652344, 74.03224182128906, -148.0153350830078], [146.31344604492188, 19.12945556640625, 295.8809814453125, 425.1864013671875, 162.77310180664062, 58.964778900146484, 42.93840408325195, 2.7041831016540527, 42.72534942626953, 33.262168884277344, 34.79924011230469, 6.324198246002197, -23.996706008911133], [-56.79572677612305, 61.746150970458984, 129.6178741455078, 162.77310180664062, 189.68434143066406, 41.97553253173828, 46.61453628540039, 32.57062911987305, 47.54435348510742, 53.611236572265625, 25.443525314331055, -3.6967251300811768, -8.040849685668945], [118.08482360839844, -61.5831413269043, 68.32106018066406, 58.964778900146484, 41.97553253173828, 123.28922271728516, 85.70382690429688, 39.718936920166016, 3.0914106369018555, 0.3669399917125702, 3.6255056858062744, 1.3836662769317627, -23.352588653564453], [-182.19729614257812, 79.91557312011719, -36.196956634521484, 42.93840408325195, 46.61453628540039, 85.70382690429688, 226.55984497070312, 54.22199249267578, 9.16523265838623, -36.11735534667969, -2.433926582336426, -10.771903991699219, 6.164029598236084], [87.20403289794922, 10.753589630126953, 44.192405700683594, 2.7041831016540527, 32.57062911987305, 39.718936920166016, 54.22199249267578, 93.14928436279297, 54.01446533203125, 37.399986267089844, 12.343631744384766, -0.23236091434955597, -10.59232234954834], [-31.937580108642578, 47.88108444213867, 26.03911018371582, 42.72534942626953, 47.54435348510742, 3.0914106369018555, 9.16523265838623, 54.01446533203125, 117.81110382080078, 75.41487121582031, 33.727291107177734, -13.031379699707031, -2.438261032104492], [208.6129913330078, 53.81810760498047, 138.37551879882812, 33.262168884277344, 53.611236572265625, 0.3669399917125702, -36.11735534667969, 37.399986267089844, 75.41487121582031, 137.88168334960938, 61.24485778808594, 18.598661422729492, -56.09086608886719], [27.87146759033203, 54.64370346069336, 66.17393493652344, 34.79924011230469, 25.443525314331055, 3.6255056858062744, -2.433926582336426, 12.343631744384766, 33.727291107177734, 61.24485778808594, 81.30389404296875, 42.51534652709961, -1.3086357116699219], [75.90922546386719, -22.091075897216797, 74.03224182128906, 6.324198246002197, -3.6967251300811768, 1.3836662769317627, -10.771903991699219, -0.23236091434955597, -13.031379699707031, 18.598661422729492, 42.51534652709961, 88.05501556396484, 20.143856048583984], [-260.5232849121094, -21.12607765197754, -148.0153350830078, -23.996706008911133, -8.040849685668945, -23.352588653564453, 6.164029598236084, -10.59232234954834, -2.438261032104492, -56.09086608886719, -1.3086357116699219, 20.143856048583984, 125.11603546142578]], "lowlevel.gfcc.icov": [[0.0007653494831174612, -0.0006828808109275997, 0.000570629199501127, -0.0010705860331654549, 0.0011814648751169443, -0.0016661727568134665, 0.0015431975480169058, -0.0017677433788776398, 0.0015266024274751544, -0.0017617561388760805, 0.0016473972937092185, -0.0013930655550211668, 0.0009687902638688684], [-0.0006828808109275997, 0.003877334063872695, -0.0008691918919794261, 0.0014438391663134098, -0.0020487974397838116, 0.005251568742096424, -0.004034695215523243, 0.002168012550100684, -0.0012649710988625884, 0.001314737950451672, -0.004535744432359934, 0.0033272283617407084, -0.0003061181923840195], [0.000570629199501127, -0.0008691918919794261, 0.005716855637729168, -0.004136484581977129, 0.0003670656296890229, -0.002054954878985882, 0.0032044609542936087, -0.00435960479080677, 0.002868403447791934, -0.0028141920920461416, 0.0026144073344767094, -0.006401783786714077, 0.005976639688014984], [-0.0010705860331654549, 0.0014438391663134098, -0.004136484581977129, 0.007774344179779291, -0.0050916047766804695, 0.001932289800606668, -0.0033251778222620487, 0.006642520893365145, -0.005760654807090759, 0.006220872513949871, -0.004765117075294256, 0.004322498105466366, -0.0026974522043019533], [0.0011814648751169443, -0.0020487974397838116, 0.0003670656296890229, -0.0050916047766804695, 0.012605409137904644, -0.00468187453225255, 0.0012244724202901125, -0.003586453152820468, 0.003993297927081585, -0.009305872954428196, 0.004951870534569025, 9.997529559768736e-05, -0.0029142394196242094], [-0.0016661727568134665, 0.005251568742096424, -0.002054954878985882, 0.001932289800606668, -0.00468187453225255, 0.02151121385395527, -0.010123117826879025, 4.17613991885446e-05, -0.0011074141366407275, 0.004874661099165678, -0.007665910758078098, 0.004878395237028599, 0.0008714476134628057], [0.0015431975480169058, -0.004034695215523243, 0.0032044609542936087, -0.0033251778222620487, 0.0012244724202901125, -0.010123117826879025, 0.013794784434139729, -0.008780919946730137, 0.002487921854481101, 0.00216105324216187, 0.003106942167505622, -0.005515535827726126, 0.004389303270727396], [-0.0017677433788776398, 0.002168012550100684, -0.00435960479080677, 0.006642520893365145, -0.003586453152820468, 4.17613991885446e-05, -0.008780919946730137, 0.027270454913377762, -0.01406414806842804, 0.002135181101039052, -0.0008469173335470259, 0.0030062163714319468, -0.004489424638450146], [0.0015266024274751544, -0.0012649710988625884, 0.002868403447791934, -0.005760654807090759, 0.003993297927081585, -0.0011074141366407275, 0.002487921854481101, -0.01406414806842804, 0.027649980038404465, -0.018666407093405724, 0.001180947059765458, 0.005358218215405941, -0.004689433611929417], [-0.0017617561388760805, 0.001314737950451672, -0.0028141920920461416, 0.006220872513949871, -0.009305872954428196, 0.004874661099165678, 0.00216105324216187, 0.002135181101039052, -0.018666407093405724, 0.036956608295440674, -0.017606910318136215, -0.0010099232895299792, 0.01098624523729086], [0.0016473972937092185, -0.004535744432359934, 0.0026144073344767094, -0.004765117075294256, 0.004951870534569025, -0.007665910758078098, 0.003106942167505622, -0.0008469173335470259, 0.001180947059765458, -0.017606910318136215, 0.03505045548081398, -0.01642792671918869, -0.0013527678092941642], [-0.0013930655550211668, 0.0033272283617407084, -0.006401783786714077, 0.004322498105466366, 9.997529559768736e-05, 0.004878395237028599, -0.005515535827726126, 0.0030062163714319468, 0.005358218215405941, -0.0010099232895299792, -0.01642792671918869, 0.029620667919516563, -0.012929268181324005], [0.0009687902638688684, -0.0003061181923840195, 0.005976639688014984, -0.0026974522043019533, -0.0029142394196242094, 0.0008714476134628057, 0.004389303270727396, -0.004489424638450146, -0.004689433611929417, 0.01098624523729086, -0.0013527678092941642, -0.012929268181324005, 0.022791698575019836]], "lowlevel.mfcc.cov": [[1562.710693359375, 57.81635665893555, 401.1776428222656, 12.065446853637695, 118.08516693115234, 19.14096450805664, -22.580291748046875, -46.925201416015625, -88.3717041015625, 15.143264770507812, 119.96244049072266, 139.6214141845703, 85.3580093383789], [57.81635665893555, 498.1064453125, -50.221595764160156, 12.01174259185791, -44.1732292175293, -39.105674743652344, 8.279556274414062, -39.1002197265625, -2.188232898712158, 4.767100811004639, 74.70138549804688, 72.27250671386719, 40.5947380065918], [401.1776428222656, -50.221595764160156, 478.172607421875, 180.10377502441406, 146.6194610595703, 74.43134307861328, 22.41912078857422, 10.128686904907227, -67.91112518310547, 11.357268333435059, 79.09732818603516, 121.78335571289062, 56.192039489746094], [12.065446853637695, 12.01174259185791, 180.10377502441406, 332.34130859375, 148.3170928955078, 106.55216217041016, 36.102996826171875, 19.842512130737305, -3.6688215732574463, 36.71482467651367, 49.36775207519531, 51.615108489990234, 12.018441200256348], [118.08516693115234, -44.1732292175293, 146.6194610595703, 148.3170928955078, 222.89459228515625, 44.720664978027344, -20.70771026611328, -46.595577239990234, -9.923526763916016, 37.06227493286133, 42.90757751464844, 55.964805603027344, 29.973739624023438], [19.14096450805664, -39.105674743652344, 74.43134307861328, 106.55216217041016, 44.720664978027344, 122.30328369140625, 66.64684295654297, 46.37752914428711, 0.7302780747413635, 22.819604873657227, 36.6525993347168, 23.245683670043945, -14.051789283752441], [-22.580291748046875, 8.279556274414062, 22.41912078857422, 36.102996826171875, -20.70771026611328, 66.64684295654297, 132.50379943847656, 88.23780059814453, 24.465099334716797, 9.28840160369873, 12.345000267028809, 14.695338249206543, -11.046541213989258], [-46.925201416015625, -39.1002197265625, 10.128686904907227, 19.842512130737305, -46.595577239990234, 46.37752914428711, 88.23780059814453, 123.72834014892578, 47.4082145690918, 8.82042407989502, -3.904451370239258, -6.070769309997559, -12.756382942199707], [-88.3717041015625, -2.188232898712158, -67.91112518310547, -3.6688215732574463, -9.923526763916016, 0.7302780747413635, 24.465099334716797, 47.4082145690918, 95.55642700195312, 43.37458038330078, 8.408323287963867, -17.494470596313477, -9.728743553161621], [15.143264770507812, 4.767100811004639, 11.357268333435059, 36.71482467651367, 37.06227493286133, 22.819604873657227, 9.28840160369873, 8.82042407989502, 43.37458038330078, 92.18982696533203, 65.48857879638672, 30.214019775390625, -2.6575191020965576], [119.96244049072266, 74.70138549804688, 79.09732818603516, 49.36775207519531, 42.90757751464844, 36.6525993347168, 12.345000267028809, -3.904451370239258, 8.408323287963867, 65.48857879638672, 131.81690979003906, 86.26421356201172, 19.746007919311523], [139.6214141845703, 72.27250671386719, 121.78335571289062, 51.615108489990234, 55.964805603027344, 23.245683670043945, 14.695338249206543, -6.070769309997559, -17.494470596313477, 30.214019775390625, 86.26421356201172, 121.57926177978516, 57.49452209472656], [85.3580093383789, 40.5947380065918, 56.192039489746094, 12.018441200256348, 29.973739624023438, -14.051789283752441, -11.046541213989258, -12.756382942199707, -9.728743553161621, -2.6575191020965576, 19.746007919311523, 57.49452209472656, 83.08892059326172]], "lowlevel.mfcc.icov": [[0.0009334346395917237, -0.00019565349793992937, -0.0008584202150814235, 0.0006428237538784742, -0.0002857473446056247, -0.00013153624604456127, 9.616838360670954e-05, -4.066648398293182e-05, 0.0003670470032375306, -9.285794658353552e-05, -0.0005436070496216416, 0.00043448168435133994, -0.00041985049028880894], [-0.00019565349793992937, 0.003250644076615572, 0.0009573333081789315, -0.0015251864679157734, 0.0016288693295791745, 0.0019441739423200488, -0.0019111612346023321, 0.0024328110739588737, -0.0009627254330553114, 0.00166069355327636, -0.0020917728543281555, -0.001691990066319704, -0.0003450892399996519], [-0.0008584202150814235, 0.0009573333081789315, 0.005242405459284782, -0.0018618173198774457, -0.0013495908351615071, 0.0008181234588846564, 0.00028835624107159674, -0.00259001855738461, 0.0031133636366575956, 0.0007905305246822536, -0.0007527269190177321, -0.0029714445117861032, 2.8819578801630996e-05], [0.0006428237538784742, -0.0015251864679157734, -0.0018618173198774457, 0.006863787304610014, -0.0035755313001573086, -0.004468080587685108, 0.0013015149161219597, -0.001780391321517527, 0.0003424460592214018, -0.0010961018269881606, 0.0007992812898010015, 0.001254724687896669, -0.0002681305049918592], [-0.0002857473446056247, 0.0016288693295791745, -0.0013495908351615071, -0.0035755313001573086, 0.010745356790721416, -0.0018636637832969427, -0.0005217884317971766, 0.007638393435627222, -0.0039697191677987576, -0.0015111290849745274, 0.0018493649549782276, -0.002900568535551429, -0.00110608187969774], [-0.00013153624604456127, 0.0019441739423200488, 0.0008181234588846564, -0.004468080587685108, -0.0018636637832969427, 0.019915062934160233, -0.0074278791435062885, -0.0031590384896844625, 0.004375041928142309, 0.00013090930588077754, -0.005574806593358517, 0.0009984449716284871, 0.002996444934979081], [9.616838360670954e-05, -0.0019111612346023321, 0.00028835624107159674, 0.0013015149161219597, -0.0005217884317971766, -0.0074278791435062885, 0.019201291725039482, -0.012036499567329884, 0.0006596752209588885, -1.382822392770322e-05, 0.002567441202700138, -0.003850075416266918, 0.0022193340118974447], [-4.066648398293182e-05, 0.0024328110739588737, -0.00259001855738461, -0.001780391321517527, 0.007638393435627222, -0.0031590384896844625, -0.012036499567329884, 0.026670407503843307, -0.012929236516356468, 0.002474612556397915, 0.002084903186187148, -0.001855520880781114, -0.000579287763684988], [0.0003670470032375306, -0.0009627254330553114, 0.0031133636366575956, 0.0003424460592214018, -0.0039697191677987576, 0.004375041928142309, 0.0006596752209588885, -0.012929236516356468, 0.02507510408759117, -0.011660633608698845, -0.0016212854534387589, 0.006331227719783783, -0.0032197493128478527], [-9.285794658353552e-05, 0.00166069355327636, 0.0007905305246822536, -0.0010961018269881606, -0.0015111290849745274, 0.00013090930588077754, -1.382822392770322e-05, 0.002474612556397915, -0.011660633608698845, 0.026152558624744415, -0.012131281197071075, -0.0015232283622026443, 0.0032614455558359623], [-0.0005436070496216416, -0.0020917728543281555, -0.0007527269190177321, 0.0007992812898010015, 0.0018493649549782276, -0.005574806593358517, 0.002567441202700138, 0.002084903186187148, -0.0016212854534387589, -0.012131281197071075, 0.02580714039504528, -0.0156814344227314, 0.005165460053831339], [0.00043448168435133994, -0.001691990066319704, -0.0029714445117861032, 0.001254724687896669, -0.002900568535551429, 0.0009984449716284871, -0.003850075416266918, -0.001855520880781114, 0.006331227719783783, -0.0015232283622026443, -0.0156814344227314, 0.032368458807468414, -0.015351677313446999], [-0.00041985049028880894, -0.0003450892399996519, 2.8819578801630996e-05, -0.0002681305049918592, -0.00110608187969774, 0.002996444934979081, 0.0022193340118974447, -0.000579287763684988, -0.0032197493128478527, 0.0032614455558359623, 0.005165460053831339, -0.015351677313446999, 0.022888949140906334]], "metadata.audio_properties.analysis.downmix": "mix", "metadata.audio_properties.codec": "mp3", "metadata.audio_properties.md5_encoded": "eee55b461576426dba8f9771082e41ec", "metadata.tags.file_name": "1182284151685136505.mp3", "metadata.version.essentia": "2.1-beta6-dev", "metadata.version.essentia_git_sha": "v2.1_beta5-1110-g77a6a954", "metadata.version.extractor": "music 2.0", "tonal.chords_key": "E", "tonal.chords_scale": "minor", "tonal.key_edma.key": "E", "tonal.key_edma.scale": "major", "tonal.key_krumhansl.key": "E", "tonal.key_krumhansl.scale": "major", "tonal.key_temperley.key": "E", "tonal.key_temperley.scale": "major", "metadata.tags.