{"song_id": "1182272003986702336", "download": "https://cdn.discordapp.com/attachments/1128313332273782784/1182272003986702336/chirp.mp4?ex=6584179b&amp", "lyrics": "\u0414\u043e\u0440\u043e\u0433\u0430\u044f, \u0443 \u043d\u0430\u0441 \u0437\u0430\u0432\u0435\u043b\u0441\u044f \u0411\u0430\u0431\u0430\u0431\u0443\u043a!\n\u041e\u043d \u043f\u043e\u0434\u043b\u0438\u043b \u043d\u0430\u043c \u0413\u0435\u043a\u0442\u043e\u0440 \u0432 \u0441\u0443\u043f.\n\u041e\u043d \u0437\u0430\u0431\u0440\u0430\u043b \u043d\u0430\u0448\u0443 \u0440\u0430\u0431\u043e\u0442\u0443.\n\u041e\u043d \u043d\u043e\u0447\u0430\u043c\u0438 \u0437\u0430\u0432\u044b\u0432\u0430\u0435\u0442 \"\u0428\u043e\u043e\u043e\u043e\u043e\u043e\u043e\u043e\"", "style": ["rock</span><span>, piano"], "essentia_features": {"lowlevel.average_loudness": 0.8900665640830994, "lowlevel.barkbands_crest.mean": 10.656876564025879, "lowlevel.barkbands_crest.stdev": 5.101643085479736, "lowlevel.barkbands_flatness_db.mean": 0.19509823620319366, "lowlevel.barkbands_flatness_db.stdev": 0.06588569283485413, "lowlevel.barkbands_kurtosis.mean": 4.05887508392334, "lowlevel.barkbands_kurtosis.stdev": 14.865386962890625, "lowlevel.barkbands_skewness.mean": 0.6745787262916565, "lowlevel.barkbands_skewness.stdev": 1.9171366691589355, "lowlevel.barkbands_spread.mean": 22.13865089416504, "lowlevel.barkbands_spread.stdev": 14.312213897705078, "lowlevel.dissonance.mean": 0.47034284472465515, "lowlevel.dissonance.stdev": 0.02901357226073742, "lowlevel.dynamic_complexity": 4.580965995788574, "lowlevel.erbbands_crest.mean": 10.956560134887695, "lowlevel.erbbands_crest.stdev": 5.073455810546875, "lowlevel.erbbands_flatness_db.mean": 0.23532350361347198, "lowlevel.erbbands_flatness_db.stdev": 0.06985577195882797, "lowlevel.erbbands_kurtosis.mean": 1.4180934429168701, "lowlevel.erbbands_kurtosis.stdev": 6.026029586791992, "lowlevel.erbbands_skewness.mean": -0.33487215638160706, "lowlevel.erbbands_skewness.stdev": 1.227600336074829, "lowlevel.erbbands_spread.mean": 32.515995025634766, "lowlevel.erbbands_spread.stdev": 21.345012664794922, "lowlevel.hfc.mean": 12.876274108886719, "lowlevel.hfc.stdev": 17.815155029296875, "lowlevel.loudness_ebu128.integrated": -28.96891212463379, "lowlevel.loudness_ebu128.loudness_range": 4.7179412841796875, "lowlevel.loudness_ebu128.momentary.mean": -30.80472183227539, "lowlevel.loudness_ebu128.momentary.stdev": 4.757061958312988, "lowlevel.loudness_ebu128.short_term.mean": -30.2528018951416, "lowlevel.loudness_ebu128.short_term.stdev": 1.465187430381775, "lowlevel.melbands_crest.mean": 13.924176216125488, "lowlevel.melbands_crest.stdev": 6.817734718322754, "lowlevel.melbands_flatness_db.mean": 0.1756981909275055, "lowlevel.melbands_flatness_db.stdev": 0.07218438386917114, "lowlevel.melbands_kurtosis.mean": 10.650997161865234, "lowlevel.melbands_kurtosis.stdev": 26.010862350463867, "lowlevel.melbands_skewness.mean": 1.7795984745025635, "lowlevel.melbands_skewness.stdev": 2.2482268810272217, "lowlevel.melbands_spread.mean": 41.423221588134766, "lowlevel.melbands_spread.stdev": 33.67719650268555, "lowlevel.pitch_salience.mean": 0.5733227133750916, "lowlevel.pitch_salience.stdev": 0.15692934393882751, "lowlevel.silence_rate_20dB.mean": 1.0, "lowlevel.silence_rate_20dB.stdev": 0.0, "lowlevel.silence_rate_30dB.mean": 1.0, "lowlevel.silence_rate_30dB.stdev": 0.0, "lowlevel.silence_rate_60dB.mean": 0.3139841556549072, "lowlevel.silence_rate_60dB.stdev": 0.4641106426715851, "lowlevel.spectral_centroid.mean": 2043.6837158203125, "lowlevel.spectral_centroid.stdev": 895.63427734375, "lowlevel.spectral_complexity.mean": 9.240105628967285, "lowlevel.spectral_complexity.stdev": 7.6422576904296875, "lowlevel.spectral_decrease.mean": -1.9096177972244277e-09, "lowlevel.spectral_decrease.stdev": 2.204040505660032e-09, "lowlevel.spectral_energy.mean": 0.008375260047614574, "lowlevel.spectral_energy.stdev": 0.009701332077383995, "lowlevel.spectral_energyband_high.mean": 0.00019857460574712604, "lowlevel.spectral_energyband_high.stdev": 0.0007507578702643514, "lowlevel.spectral_energyband_low.mean": 0.0002623139589559287, "lowlevel.spectral_energyband_low.stdev": 0.0005583813763223588, "lowlevel.spectral_energyband_middle_high.mean": 0.004898230079561472, "lowlevel.spectral_energyband_middle_high.stdev": 0.0076073878444731236, "lowlevel.spectral_energyband_middle_low.mean": 0.0031859716400504112, "lowlevel.spectral_energyband_middle_low.stdev": 0.005403006449341774, "lowlevel.spectral_entropy.mean": 7.464807510375977, "lowlevel.spectral_entropy.stdev": 0.5222183465957642, "lowlevel.spectral_flux.mean": 0.05662752687931061, "lowlevel.spectral_flux.stdev": 0.03945519030094147, "lowlevel.spectral_kurtosis.mean": 5.926985740661621, "lowlevel.spectral_kurtosis.stdev": 5.052453517913818, "lowlevel.spectral_rms.mean": 0.002409712877124548, "lowlevel.spectral_rms.stdev": 0.0015376163646578789, "lowlevel.spectral_rolloff.mean": 2825.339599609375, "lowlevel.spectral_rolloff.stdev": 2097.198974609375, "lowlevel.spectral_skewness.mean": 1.4728789329528809, "lowlevel.spectral_skewness.stdev": 0.5178027153015137, "lowlevel.spectral_spread.mean": 3607794.75, "lowlevel.spectral_spread.stdev": 1372792.125, "lowlevel.spectral_strongpeak.mean": 1.2956358194351196, "lowlevel.spectral_strongpeak.stdev": 1.9139348268508911, "lowlevel.zerocrossingrate.mean": 0.09495202451944351, "lowlevel.zerocrossingrate.stdev": 0.05779559910297394, "metadata.audio_properties.analysis.equal_loudness": 0.0, "metadata.audio_properties.analysis.length": 8.76798152923584, "metadata.audio_properties.analysis.sample_rate": 44100.0, "metadata.audio_properties.analysis.start_time": 0.0, "metadata.audio_properties.bit_rate": 101711.0, "metadata.audio_properties.length": 8.767999649047852, "metadata.audio_properties.lossless": 0.0, "metadata.audio_properties.number_channels": 1.0, "metadata.audio_properties.replay_gain": -1.4293441772460938, "metadata.audio_properties.sample_rate": 48000.0, "rhythm.beats_count": 20.0, "rhythm.beats_loudness.mean": 0.010411588475108147, "rhythm.beats_loudness.stdev": 0.007217274978756905, "rhythm.bpm": 144.4907684326172, "rhythm.bpm_histogram_first_peak_bpm": 144.0, "rhythm.bpm_histogram_first_peak_weight": 0.4444444179534912, "rhythm.bpm_histogram_second_peak_bpm": 152.0, "rhythm.bpm_histogram_second_peak_spread": 0.0, "rhythm.bpm_histogram_second_peak_weight": 0.05263157933950424, "rhythm.danceability": 0.9526760578155518, "rhythm.onset_rate": 5.006398677825928, "tonal.chords_changes_rate": 0.09473684430122375, "tonal.chords_number_rate": 0.03684210404753685, "tonal.chords_strength.mean": 0.4867013990879059, "tonal.chords_strength.stdev": 0.07054025679826736, "tonal.hpcp_crest.mean": 14.741995811462402, "tonal.hpcp_crest.stdev": 8.379390716552734, "tonal.hpcp_entropy.mean": 2.0443506240844727, "tonal.hpcp_entropy.stdev": 0.9509322643280029, "tonal.key_edma.strength": 0.4190216362476349, "tonal.key_krumhansl.strength": 0.4102585017681122, "tonal.key_temperley.strength": 0.3669004440307617, "tonal.tuning_diatonic_strength": 0.4808565676212311, "tonal.tuning_equal_tempered_deviation": 0.2649919092655182, "tonal.tuning_frequency": 431.19390869140625, "tonal.tuning_nontempered_energy_ratio": 0.8909035921096802, "lowlevel.barkbands.mean": [3.798532759446971e-07, 2.66950837612967e-06, 0.00013537806808017194, 0.0002769427082967013, 0.0008632392855361104, 0.0003056022396776825, 0.0004129177541472018, 0.00029961526161059737, 0.0009317165240645409, 0.000577957252971828, 0.00023178241099230945, 0.0003620523202698678, 0.0004733788373414427, 0.00026206858456134796, 0.00028261487022973597, 0.0001629262260394171, 0.000892520765773952, 0.001425633323378861, 0.00025271475897170603, 3.847413609037176e-05, 7.270462810993195e-05, 5.917897215113044e-05, 2.2949117919779383e-05, 1.9480601622490212e-05, 1.0335261322325096e-05, 2.389019115867086e-08, 2.627229545026921e-09], "lowlevel.barkbands.stdev": [5.170924168851343e-07, 1.0022142305388115e-05, 0.0003486528294160962, 0.0005356467445380986, 0.0014854880282655358, 0.00106207060161978, 0.0011422124225646257, 0.0013535842299461365, 0.004521391354501247, 0.0013596256030723453, 0.0008208915241993964, 0.0010126411216333508, 0.0017164747696369886, 0.0007518469938077033, 0.0016514287563040853, 0.00040294034988619387, 0.0020983328577131033, 0.0029825225938111544, 0.0005005707498639822, 9.052544191945344e-05, 0.0003608745464589447, 0.00027833893545903265, 7.17909715604037e-05, 3.9897775423014536e-05, 1.883218646980822e-05, 1.461329190988181e-07, 2.7817140590968847e-08], "lowlevel.erbbands.mean": [6.502496398752555e-05, 0.0025209938175976276, 0.0963342934846878, 0.63239586353302, 2.195610284805298, 3.0355746746063232, 1.195177674293518, 3.5565102100372314, 6.828684329986572, 4.430715560913086, 9.970274925231934, 22.595598220825195, 14.869243621826172, 15.917094230651855, 12.740851402282715, 14.789294242858887, 20.120695114135742, 15.574544906616211, 12.280409812927246, 14.915579795837402, 13.702498435974121, 55.63532257080078, 86.16700744628906, 28.103574752807617, 7.436798572540283, 2.036919116973877, 1.5912425518035889, 3.802849769592285, 2.5046117305755615, 0.9359427094459534, 0.6401070356369019, 0.5025493502616882, 0.27143439650535583, 0.15239857137203217, 0.053266558796167374, 0.0026453828904777765, 0.00010302251030225307, 1.534763396193739e-05, 7.036454007902648e-06, 1.1278228157607373e-05], "lowlevel.erbbands.stdev": [0.00011068211460951716, 0.006457614246755838, 0.2321276068687439, 1.0992467403411865, 3.253716468811035, 6.250417232513428, 2.669349193572998, 12.629413604736328, 18.830751419067383, 10.834228515625, 47.12418746948242, 125.32929229736328, 36.475887298583984, 39.25596618652344, 29.004322052001953, 41.71422576904297, 63.11394119262695, 48.518280029296875, 41.556209564208984, 94.605712890625, 30.759796142578125, 119.24275970458984, 177.82293701171875, 48.983646392822266, 13.04482650756836, 4.2042975425720215, 5.582000732421875, 20.571834564208984, 11.681654930114746, 4.193188190460205, 1.9193577766418457, 1.1306629180908203, 0.5523014068603516, 0.2921085059642792, 0.0918244943022728, 0.0050253900699317455, 0.00027238705661147833, 7.781755266478285e-05, 7.89556997915497e-06, 1.2873914783995133e-05], "lowlevel.gfcc.mean": [-131.57550048828125, 62.10310745239258, -175.56309509277344, 38.37782287597656, -79.20521545410156, 1.8636983633041382, -60.20893859863281, 1.5799119472503662, -34.40926742553711, -28.011865615844727, -9.639176368713379, -15.649105072021484, -9.214343070983887], "lowlevel.melbands.mean": [4.901951342617394e-07, 4.033889854326844e-05, 0.00014835702313575894, 0.00021775889035779983, 5.3605512221110985e-05, 7.570011803181842e-05, 9.856181713985279e-05, 4.7198449465213344e-05, 0.00010160449892282486, 0.00013570416194852442, 7.494111196137965e-05, 7.031168206594884e-05, 3.613199442042969e-05, 4.3152922444278374e-05, 4.117981734452769e-05, 4.488171907723881e-05, 2.6015080948127434e-05, 2.01657967409119e-05, 1.968048127309885e-05, 1.4555836060026195e-05, 1.569789310451597e-05, 4.617573358700611e-05, 9.399131522513926e-05, 5.83718647249043e-05, 1.9433002307778224e-05, 6.405209660442779e-06, 2.510975946279359e-06, 1.0147887223865837e-06, 7.200786740213516e-07, 1.5430869098054245e-06, 2.494430873412057e-06, 1.6010397985155578e-06, 7.280245881702285e-07, 4.192773133127048e-07, 3.6561030469783873e-07, 3.478596966033365e-07, 2.940091690106783e-07, 2.069070745847057e-07, 1.3564637413310265e-07, 1.279514947327698e-07], "lowlevel.melbands.stdev": [1.4539637049892917e-06, 9.44358398555778e-05, 0.00020312702690716833, 0.00039019976975396276, 0.00011421598173910752, 0.000252149417065084, 0.0002641940372996032, 0.00013967868289910257, 0.000500745780300349, 0.0007127622375264764, 0.0001855077571235597, 0.0001772997493389994, 0.00011011732567567378, 0.00012716279888991266, 0.00010294066305505112, 0.00019009492825716734, 7.968803402036428e-05, 7.061948417685926e-05, 0.00012099838204449043, 6.92476169206202e-05, 3.68263317795936e-05, 0.00010483629012014717, 0.00019845605129376054, 0.000121560093248263, 3.821988502750173e-05, 1.1227303730265703e-05, 5.319005595083581e-06, 2.2801511931902496e-06, 2.3876204977568705e-06, 6.855775154690491e-06, 1.4153081792755984e-05, 7.432646270899568e-06, 3.441473381826654e-06, 1.7462785990574048e-06, 1.119160287998966e-06, 1.048289732352714e-06, 6.022767138347263e-07, 4.38691273529912e-07, 2.6361985305811686e-07, 2.666040757048904e-07], "lowlevel.melbands128.mean": [1.4020925220847857e-07, 1.6628841592591925e-07, 3.427425951940677e-07, 1.6279825558740413e-06, 1.981072455237154e-05, 8.426827844232321e-05, 0.00011986889876425266, 0.00014676387945655733, 0.00020804652012884617, 0.0003171561111230403, 0.00015176052693277597, 6.151104753371328e-05, 2.7353462428436615e-05, 3.433936581132002e-05, 8.193049870897084e-05, 9.075651178136468e-05, 0.00010493477020645514, 0.0001292539236601442, 4.7939542128005996e-05, 3.838412158074789e-05, 5.3938347264193e-05, 5.001570752938278e-05, 9.212209261022508e-05, 0.00016348362260032445, 0.00019861817418131977, 9.605532977730036e-05, 6.80432713124901e-05, 5.211190728005022e-05, 0.00010057080362457782, 0.00011436476779635996, 3.8360081816790625e-05, 3.058389120269567e-05, 2.8650092644966207e-05, 4.9025351472664624e-05, 4.871601049671881e-05, 4.305324546294287e-05, 3.059733353438787e-05, 4.031841308460571e-05, 4.8400288505945355e-05, 4.328976501710713e-05, 4.766770507558249e-05, 4.249969788361341e-05, 2.5042887500603683e-05, 1.5734847693238407e-05, 2.5354647732456215e-05, 2.412659887340851e-05, 1.1293186616967432e-05, 9.790902367967647e-06, 3.64597472071182e-05, 1.8092528989654966e-05, 7.955544788273983e-06, 1.41622722367174e-05, 1.0558051144471392e-05, 1.7186352124554105e-05, 2.6110446924576536e-05, 3.544624269125052e-05, 7.913084846222773e-05, 8.266550139524043e-05, 0.00011825271212728694, 8.494802023051307e-05, 5.63075409445446e-05, 3.808780456893146e-05, 2.1957446733722463e-05, 1.7285052308579907e-05, 6.945791028556414e-06, 6.367137302731862e-06, 6.280105480982456e-06, 2.8371121061354643e-06, 1.7337085864710389e-06, 1.715749590402993e-06, 9.520448998046049e-07, 7.175742098297633e-07, 6.781460228921787e-07, 6.245413146643841e-07, 8.223464647016954e-07, 1.509109779362916e-06, 1.7698721421766095e-06, 2.1919563550909515e-06, 3.2588568501523696e-06, 1.8798060636981972e-06, 1.8238438315165695e-06, 1.598461608409707e-06, 7.747431141069683e-07, 7.25616189356515e-07, 5.426251163953566e-07, 4.617225215497456e-07, 3.4361744383204496e-07, 3.9945379626260547e-07, 3.741544389868068e-07, 3.023335750640399e-07, 4.3450501152619836e-07, 3.064614872982929e-07, 3.2307460173797153e-07, 3.2181290521293704e-07, 2.4405287035733636e-07, 2.6363565552856016e-07, 1.8972235693581752e-07, 1.4795651281929167e-07, 1.2863397103046736e-07, 1.3968589485102711e-07, 1.217385374729929e-07, 1.4835892159226205e-07, 1.0336083988704559e-07, 7.672890944832034e-08, 7.938022150710822e-08, 3.0708758202990794e-08, 7.039179017453989e-09, 1.3952794475358132e-09, 5.301399250146055e-11, 3.246432636605512e-11, 5.892159676834652e-11, 7.282228986493777e-11, 4.9560012344018745e-11, 5.5668282483711806e-11, 5.666821178973436e-11, 5.846774453477366e-11, 4.586708096665504e-11, 4.951450360834997e-11, 5.298349866483809e-12, 2.6932147918073968e-12, 2.575893491563175e-12, 2.5616991167209946e-12, 2.5888388655026517e-12, 2.4844095964510204e-12, 2.142958987344512e-12, 1.5341410867369953e-12, 1.2179285358016045e-12, 1.1671292187917515e-12], "lowlevel.melbands128.stdev": [1.931402522359349e-07, 2.90351010789891e-07, 7.48757088331331e-07, 6.974746156629408e-06, 5.910894469707273e-05, 0.0002175644476665184, 0.000252953585004434, 0.0003143495414406061, 0.00033005638397298753, 0.0006926257628947496, 0.0003694838669616729, 0.000205180054763332, 9.696586494101211e-05, 0.00010839651804417372, 0.00033197097945958376, 0.0003987274831160903, 0.00031155787291936576, 0.00042649381794035435, 0.00015963104669936, 0.00012210049317218363, 0.00022205719142220914, 0.0003384615702088922, 0.0006119770114310086, 0.0010454272851347923, 0.0014947355957701802, 0.0004355201090220362, 0.0003663771494757384, 0.00019662828708533198, 0.00026880507357418537, 0.00034955842420458794, 0.0001470715506002307, 0.00018247999832965434, 0.0001552271714899689, 0.00011950215412070975, 0.00016088834672700614, 0.00020729754760395736, 0.00014055520296096802, 0.00012665534450206906, 0.00015799769607838243, 0.00016864133067429066, 0.0003223121166229248, 0.000195591856027022, 9.562414197716862e-05, 6.876083352835849e-05, 0.00011256797006353736, 0.00011065849685110152, 4.9467354983789846e-05, 3.7216810596873984e-05, 0.0003024500038009137, 0.0001311873784288764, 2.758070513664279e-05, 4.465814708964899e-05, 2.617023892526049e-05, 5.353928281692788e-05, 7.744959293631837e-05, 7.829530659364536e-05, 0.0002398468932369724, 0.00020076999498996884, 0.000340049882652238, 0.00023056549252942204, 0.00014622505113948137, 9.503966430202127e-05, 4.620929394150153e-05, 4.824358984478749e-05, 1.661049827816896e-05, 1.1917074516532011e-05, 1.7264912457903847e-05, 6.1417131291818805e-06, 5.060906460130354e-06, 4.7774537961231545e-06, 1.8079207393384422e-06, 1.7156636431536754e-06, 2.6168413569394033e-06, 2.3581185359944357e-06, 2.89542663267639e-06, 5.534305728360778e-06, 1.0116452358488459e-05, 1.3374990885495208e-05, 2.010544812947046e-05, 9.75469720287947e-06, 8.544581760361325e-06, 7.607244242535671e-06, 3.7839774904568912e-06, 3.445825086600962e-06, 2.7656599286274286e-06, 2.704873850234435e-06, 1.1000845461239805e-06, 1.2240878959346446e-06, 1.3053020211373223e-06, 9.058594514499418e-07, 1.814000029298768e-06, 8.313317607644422e-07, 7.864804274504422e-07, 6.728558332724788e-07, 5.166683649804327e-07, 5.877806756870996e-07, 4.325953284478601e-07, 3.252160922784242e-07, 2.792846487409406e-07, 3.141831825814734e-07, 2.212242264931774e-07, 3.61161482942407e-07, 2.6425075816405297e-07, 1.0564964014747602e-07, 1.7365876203712105e-07, 5.653440027231227e-08, 2.0815551948771827e-08, 5.87923532080481e-09, 6.70266842028866e-10, 4.171654965912097e-10, 8.142183594017638e-10, 9.850361637475658e-10, 6.200728264182942e-10, 7.348726072109457e-10, 7.689250347553411e-10, 7.907967058962129e-10, 6.17272233327526e-10, 6.336515756544259e-10, 4.257044022848433e-11, 4.139133914088378e-12, 4.012202896308548e-12, 3.961596242024745e-12, 3.8355403922385456e-12, 3.768539733745024e-12, 3.7255975214589565e-12, 3.659723132182213e-12, 3.6230378506335592e-12, 3.6022350467096453e-12], "lowlevel.mfcc.mean": [-749.0751342773438, 73.91346740722656, -35.10279083251953, 12.348892211914062, -0.3854312598705292, -17.51080322265625, -10.67947769165039, 3.221370220184326, -18.257381439208984, -20.956056594848633, -5.474100589752197, -8.192449569702148, -19.61276626586914], "lowlevel.spectral_contrast_coeffs.mean": [-0.6062286496162415, -0.7500801086425781, -0.7827144265174866, -0.8082988262176514, -0.7389944195747375, -0.784347414970398], "lowlevel.spectral_contrast_coeffs.stdev": [0.12424936145544052, 0.11014242470264435, 0.09765693545341492, 0.062493663281202316, 0.0975562259554863, 0.036394938826560974], "lowlevel.spectral_contrast_valleys.mean": [-9.560091018676758, -8.34835433959961, -8.467557907104492, -8.389100074768066, -8.207037925720215, -10.845511436462402], "lowlevel.spectral_contrast_valleys.stdev": [0.9532259702682495, 1.150692105293274, 1.1420681476593018, 0.9858625531196594, 0.8185270428657532, 0.7264733910560608], "rhythm.beats_loudness_band_ratio.mean": [0.1324528455734253, 0.11759413778781891, 0.16691768169403076, 0.29890426993370056, 0.2871977686882019, 0.04462704807519913], "rhythm.beats_loudness_band_ratio.stdev": [0.20324508845806122, 0.12997326254844666, 0.17289938032627106, 0.2243826538324356, 0.18222688138484955, 0.05294288694858551], "tonal.hpcp.mean": [0.24728022515773773, 0.15424273908138275, 0.09034543484449387, 0.07491191476583481, 0.05440819263458252, 0.06390860676765442, 0.08106096088886261, 0.08179845660924911, 0.0790683925151825, 0.11462650448083878, 0.16869673132896423, 0.1592932939529419, 0.1153969094157219, 0.10667034238576889, 0.10846033692359924, 0.1111711785197258, 0.11359946429729462, 0.11249496787786484, 0.1348065584897995, 0.17602840065956116, 0.19402959942817688, 0.20175108313560486, 0.20466236770153046, 0.20504431426525116, 0.2322205752134323, 0.24264851212501526, 0.22283993661403656, 0.213830828666687, 0.1876150667667389, 0.1601586490869522, 0.1432141661643982, 0.12714073061943054, 0.13825179636478424, 0.14939552545547485, 0.165053591132164, 0.22589382529258728], "tonal.hpcp.stdev": [0.3315006196498871, 0.24221642315387726, 0.20643557608127594, 0.16874131560325623, 0.1166091337800026, 0.14678847789764404, 0.18750102818012238, 0.18753251433372498, 0.17221607267856598, 0.2186756134033203, 0.27061763405799866, 0.2426292896270752, 0.22088807821273804, 0.209385484457016, 0.20126782357692719, 0.20716798305511475, 0.21513783931732178, 0.19680316746234894, 0.227289617061615, 0.2532028555870056, 0.23756791651248932, 0.26797348260879517, 0.2729262113571167, 0.26171591877937317, 0.2950277328491211, 0.3025377690792084, 0.30097681283950806, 0.26571205258369446, 0.24781621992588043, 0.21757303178310394, 0.20734165608882904, 0.18897490203380585, 0.21099890768527985, 0.22953681647777557, 0.24497489631175995, 0.29663756489753723], "rhythm.beats_position": [0.41795918345451355, 0.847528338432312, 1.265487551689148, 1.6834466457366943, 2.0897958278656006, 2.5077550411224365, 2.9257142543792725, 3.3436734676361084, 3.7616326808929443, 4.156371593475342, 4.562720775604248, 4.9690704345703125, 5.375419616699219, 5.781768798828125, 6.199728012084961, 6.617686748504639, 7.047255992889404, 7.46521520614624, 7.8715643882751465, 8.28952407836914], "rhythm.bpm_histogram": [0.0, 0.0, 0.0, 0.0, 0.0, 0.0, 0.0, 0.0, 0.0, 0.0, 0.0, 0.0, 0.0, 0.0, 0.0, 0.0, 0.0, 0.0, 0.0, 0.0, 0.0, 0.0, 0.0, 0.0, 0.0, 0.0, 0.0, 0.0, 0.0, 0.0, 0.0, 0.0, 0.0, 0.0, 0.0, 0.0, 0.0, 0.0, 0.0, 0.0, 0.0, 0.0, 0.0, 0.0, 0.0, 0.0, 0.0, 0.0, 0.0, 0.0, 0.0, 0.0, 0.0, 0.0, 0.0, 0.0, 0.0, 0.0, 0.0, 0.0, 0.0, 0.0, 0.0, 0.0, 0.0, 0.0, 0.0, 0.0, 0.0, 0.0, 0.0, 0.0, 0.0, 0.0, 0.0, 0.0, 0.0, 0.0, 0.0, 0.0, 0.0, 0.0, 0.0, 0.0, 0.0, 0.0, 0.0, 0.0, 0.0, 0.0, 0.0, 0.0, 0.0, 0.0, 0.0, 0.0, 0.0, 0.0, 0.0, 0.0, 0.0, 0.0, 0.0, 0.0, 0.0, 0.0, 0.0, 0.0, 0.0, 0.0, 0.0, 0.0, 0.0, 0.0, 0.0, 0.0, 0.0, 0.0, 0.0, 0.0, 0.0, 0.0, 0.0, 0.0, 0.0, 0.0, 0.0, 0.0, 0.0, 0.0, 0.0, 0.0, 0.0, 0.0, 0.0, 0.0, 0.0, 0.0, 0.0, 0.0, 0.10526315867900848, 0.0, 0.0, 0.0, 0.5263158082962036, 0.0, 0.0, 0.0, 0.31578946113586426, 0.0, 0.0, 0.0, 0.05263157933950424, 0.0, 0.0, 0.0, 0.0, 0.0, 0.0, 0.0, 0.0, 0.0, 0.0, 0.0, 0.0, 0.0, 0.0, 0.0, 0.0, 0.0, 0.0, 0.0, 0.0, 0.0, 0.0, 0.0, 0.0, 0.0, 0.0, 0.0, 0.0, 0.0, 0.0, 0.0, 0.0, 0.0, 0.0, 0.0, 0.0, 0.0, 0.0, 0.0, 0.0, 0.0, 0.0, 0.0, 0.0, 0.0, 0.0, 0.0, 0.0, 0.0, 0.0, 0.0, 0.0, 0.0, 0.0, 0.0, 0.0, 0.0, 0.0, 0.0, 0.0, 0.0, 0.0, 0.0, 0.0, 0.0, 0.0, 0.0, 0.0, 0.0, 0.0, 0.0, 0.0, 0.0, 0.0, 0.0, 0.0, 0.0, 0.0, 0.0, 0.0, 0.0, 0.0, 0.0, 0.0, 0.0, 0.0, 0.0, 0.0, 0.0, 0.0, 0.0, 0.0, 0.0, 0.0, 0.0, 0.0, 0.0], "tonal.chords_histogram": [36.842105865478516, 0.5263158082962036, 0.0, 0.0, 0.0, 0.0, 8.947368621826172, 22.63157844543457, 4.210526466369629, 2.1052632331848145, 0.0, 0.0, 0.0, 0.0, 0.5263158082962036, 1.0526316165924072, 0.0, 0.0, 0.0, 0.0, 0.0, 0.0, 0.0, 23.157894134521484], "tonal.thpcp": [1.0, 0.6237568855285645, 0.3653564751148224, 0.3029434084892273, 0.22002646327018738, 0.2584460973739624, 0.3278101086616516, 0.33079254627227783, 0.31975218653678894, 0.46354901790618896, 0.6822087168693542, 0.6441813111305237, 0.46666452288627625, 0.43137434124946594, 0.43861305713653564, 0.4495756924152374, 0.4593956768512726, 0.45492908358573914, 0.5451570749282837, 0.7118579745292664, 0.7846547365188599, 0.8158803582191467, 0.8276535868644714, 0.8291981816291809, 0.9390988349914551, 0.981269359588623, 0.9011635780334473, 0.8647308349609375, 0.7587143778800964, 0.6476807594299316, 0.5791573524475098, 0.5141564607620239, 0.5590896010398865, 0.6041547656059265, 0.6674758791923523, 0.9135134816169739], "lowlevel.gfcc.cov": [[8879.5146484375, 1635.1209716796875, -1551.4613037109375, -1400.3670654296875, -183.41786193847656, -1043.148681640625, -144.17478942871094, 199.77786254882812, -92.14788055419922, -838.1852416992188, 221.7305450439453, -95.03903198242188, -177.01158142089844], [1635.1209716796875, 1830.44775390625, 178.64955139160156, -419.0991516113281, 40.36827087402344, -280.82061767578125, 21.830867767333984, -59.27670669555664, -65.8558578491211, -191.0804443359375, 116.326904296875, -70.75191497802734, -56.829193115234375], [-1551.4613037109375, 178.64955139160156, 1473.226806640625, 879.095458984375, -36.120765686035156, 296.23504638671875, -119.86444854736328, -159.9310302734375, -87.88310241699219, 339.83367919921875, -60.93267059326172, -53.86463928222656, -89.88691711425781], [-1400.3670654296875, -419.0991516113281, 879.095458984375, 972.031005859375, 136.8406219482422, 270.0036315917969, -156.9429931640625, -154.7692108154297, -7.226050853729248, 305.4352111816406, -122.4835205078125, -103.63147735595703, -39.844024658203125], [-183.41786193847656, 40.36827087402344, -36.120765686035156, 136.8406219482422, 302.33575439453125, 95.70020294189453, -31.06622886657715, -57.0828742980957, 18.86558723449707, -15.281411170959473, -74.82415008544922, -88.44586181640625, -6.225383281707764], [-1043.148681640625, -280.82061767578125, 296.23504638671875, 270.0036315917969, 95.70020294189453, 377.125732421875, 115.97959899902344, -11.662492752075195, -18.781892776489258, 128.1455078125, -57.47907257080078, -27.606983184814453, -34.80347442626953], [-144.17478942871094, 21.830867767333984, -119.86444854736328, -156.9429931640625, -31.06622886657715, 115.97959899902344, 271.2239990234375, 94.76119232177734, -16.52379035949707, -53.832149505615234, 42.06715393066406, 59.112640380859375, 25.582199096679688], [199.77786254882812, -59.27670669555664, -159.9310302734375, -154.7692108154297, -57.0828742980957, -11.662492752075195, 94.76119232177734, 184.697021484375, 61.079654693603516, -29.631866455078125, 27.06540298461914, 29.630577087402344, -10.344579696655273], [-92.14788055419922, -65.8558578491211, -87.88310241699219, -7.226050853729248, 18.86558723449707, -18.781892776489258, -16.52379035949707, 61.079654693603516, 217.20323181152344, 67.7264404296875, -18.91710662841797, -10.172714233398438, 39.602203369140625], [-838.1852416992188, -191.0804443359375, 339.83367919921875, 305.4352111816406, -15.281411170959473, 128.1455078125, -53.832149505615234, -29.631866455078125, 67.7264404296875, 266.430908203125, 2.6489932537078857, -26.413326263427734, -37.67145538330078], [221.7305450439453, 116.326904296875, -60.93267059326172, -122.4835205078125, -74.82415008544922, -57.47907257080078, 42.06715393066406, 27.06540298461914, -18.91710662841797, 2.6489932537078857, 157.60723876953125, 80.6397705078125, 1.8704437017440796], [-95.03903198242188, -70.75191497802734, -53.86463928222656, -103.63147735595703, -88.44586181640625, -27.606983184814453, 59.112640380859375, 29.630577087402344, -10.172714233398438, -26.413326263427734, 80.6397705078125, 138.89407348632812, 59.551788330078125], [-177.01158142089844, -56.829193115234375, -89.88691711425781, -39.844024658203125, -6.225383281707764, -34.80347442626953, 25.582199096679688, -10.344579696655273, 39.602203369140625, -37.67145538330078, 1.8704437017440796, 59.551788330078125, 138.7716064453125]], "lowlevel.gfcc.icov": [[0.0003038113936781883, -0.0002479027898516506, 0.0003660515649244189, -0.0003295631322544068, 0.0004407977103255689, 0.00011391066800570115, 0.0003060448507312685, -0.00015652667207177728, -0.00015655532479286194, 0.0008564938325434923, -0.00035785333602689207, 0.0003028867649845779, 0.0005607736529782414], [-0.0002479027898516506, 0.0023786521051079035, -0.002843348076567054, 0.0027880133129656315, -0.002373060444369912, 0.002399285789579153, -0.002042639534920454, 0.001416456769220531, -0.0006175035960040987, 0.00020903744734823704, -0.001736748032271862, 0.002684654900804162, -0.0003016398404724896], [0.0003660515649244189, -0.002843348076567054, 0.005353094544261694, -0.0049133007414639, 0.003987675067037344, -0.00330857140943408, 0.002548336051404476, -0.001171073061414063, 0.0010933679295703769, -0.00033999281004071236, 0.0018444793531671166, -0.00328082125633955, 0.0011299672769382596], [-0.0003295631322544068, 0.0027880133129656315, -0.0049133007414639, 0.007138813845813274, -0.004320576321333647, 0.002224448835477233, -0.0013079019263386726, 0.0015214092563837767, 0.00012877768313046545, -0.0023170465137809515, -0.0006888073403388262, 0.0032562068663537502, -0.001746687456034124], [0.0004407977103255689, -0.002373060444369912, 0.003987675067037344, -0.004320576321333647, 0.008820410817861557, -0.004856903571635485, 0.0030175368301570415, 0.00025613862089812756, -0.0011954838410019875, 0.0034963947255164385, 0.00013860756007488817, 0.0010483355727046728, 0.00041185764712281525], [0.00011391066800570115, 0.002399285789579153, -0.00330857140943408, 0.002224448835477233, -0.004856903571635485, 0.010555915534496307, -0.0070913927629590034, 0.0016383238835260272, 0.0004214666550979018, -0.002543170703575015, 0.001007168204523623, 0.0014379722997546196, 0.002041056752204895], [0.0003060448507312685, -0.002042639534920454, 0.002548336051404476, -0.0013079019263386726, 0.0030175368301570415, -0.0070913927629590034, 0.010627735406160355, -0.00455811433494091, 0.0012238000053912401, 0.0021971967071294785, -0.0010901340283453465, -0.001831505331210792, -0.0020652322564274073], [-0.00015652667207177728, 0.001416456769220531, -0.001171073061414063, 0.0015214092563837767, 0.00025613862089812756, 0.0016383238835260272, -0.00455811433494091, 0.01085937861353159, -0.004554132465273142, 0.0015014789532870054, -0.0007224236615002155, 0.00015816530503798276, 0.0037799447309225798], [-0.00015655532479286194, -0.0006175035960040987, 0.0010933679295703769, 0.00012877768313046545, -0.0011954838410019875, 0.0004214666550979018, 0.0012238000053912401, -0.004554132465273142, 0.00921375397592783, -0.006023670081049204, 0.0026109698228538036, -0.00021676984033547342, -0.004427172243595123], [0.0008564938325434923, 0.00020903744734823704, -0.00033999281004071236, -0.0023170465137809515, 0.0034963947255164385, -0.002543170703575015, 0.0021971967071294785, 0.0015014789532870054, -0.006023670081049204, 0.014187896624207497, -0.006275921128690243, 0.003651724196970463, 0.0036065520253032446], [-0.00035785333602689207, -0.001736748032271862, 0.0018444793531671166, -0.0006888073403388262, 0.00013860756007488817, 0.001007168204523623, -0.0010901340283453465, -0.0007224236615002155, 0.0026109698228538036, -0.006275921128690243, 0.015003896318376064, -0.010660636238753796, 0.002159022493287921], [0.0003028867649845779, 0.002684654900804162, -0.00328082125633955, 0.0032562068663537502, 0.0010483355727046728, 0.0014379722997546196, -0.001831505331210792, 0.00015816530503798276, -0.00021676984033547342, 0.003651724196970463, -0.010660636238753796, 0.021487968042492867, -0.006971706636250019], [0.0005607736529782414, -0.0003016398404724896, 0.0011299672769382596, -0.001746687456034124, 0.00041185764712281525, 0.002041056752204895, -0.0020652322564274073, 0.0037799447309225798, -0.004427172243595123, 0.0036065520253032446, 0.002159022493287921, -0.006971706636250019, 0.014426291920244694]], "lowlevel.mfcc.cov": [[9285.638671875, 1768.9864501953125, -1749.4556884765625, -713.041259765625, -501.69915771484375, -1331.7908935546875, -325.4193420410156, 346.9241943359375, -411.432861328125, -636.4175415039062, 107.80122375488281, -11.516397476196289, -406.0633544921875], [1768.9864501953125, 1922.58203125, -187.02333068847656, -246.38758850097656, -174.47511291503906, -362.61602783203125, -3.5722265243530273, 71.82059478759766, -179.86102294921875, -218.77786254882812, -3.2143383026123047, -29.290651321411133, -85.88720703125], [-1749.4556884765625, -187.02333068847656, 1404.3040771484375, 553.9923706054688, 177.52745056152344, 429.02142333984375, 101.60369110107422, -231.41183471679688, -30.55849838256836, 153.0917510986328, -74.300537109375, 76.66411590576172, 256.2635498046875], [-713.041259765625, -246.38758850097656, 553.9923706054688, 514.1399536132812, 252.8934326171875, 244.63131713867188, -20.353307723999023, -197.66387939453125, 13.195560455322266, 101.27928924560547, -61.21853256225586, -8.174951553344727, 101.8805160522461], [-501.69915771484375, -174.47511291503906, 177.52745056152344, 252.8934326171875, 368.77301025390625, 227.10400390625, -58.10740280151367, -118.69752502441406, 59.7579460144043, 126.73609924316406, -19.781919479370117, -25.25681495666504, 7.315547943115234], [-1331.7908935546875, -362.61602783203125, 429.02142333984375, 244.63131713867188, 227.10400390625, 491.476318359375, 116.33068084716797, -107.97908020019531, 96.14911651611328, 150.7640380859375, -18.932382583618164, 17.333877563476562, 58.902259826660156], [-325.4193420410156, -3.5722265243530273, 101.60369110107422, -20.353307723999023, -58.10740280151367, 116.33068084716797, 261.8468322753906, 91.68549346923828, -25.185073852539062, -10.013728141784668, 3.9581716060638428, 19.59709358215332, 9.43156909942627], [346.9241943359375, 71.82059478759766, -231.41183471679688, -197.66387939453125, -118.69752502441406, -107.97908020019531, 91.68549346923828, 244.18959045410156, 58.73466491699219, -65.34162902832031, 27.018924713134766, 11.930157661437988, -51.71388626098633], [-411.432861328125, -179.86102294921875, -30.55849838256836, 13.195560455322266, 59.7579460144043, 96.14911651611328, -25.185073852539062, 58.73466491699219, 216.48179626464844, 117.55946350097656, 5.795162200927734, -11.050053596496582, -11.884668350219727], [-636.4175415039062, -218.77786254882812, 153.0917510986328, 101.27928924560547, 126.73609924316406, 150.7640380859375, -10.013728141784668, -65.34162902832031, 117.55946350097656, 221.1732635498047, 58.333404541015625, 9.691934585571289, 26.21902084350586], [107.80122375488281, -3.2143383026123047, -74.300537109375, -61.21853256225586, -19.781919479370117, -18.932382583618164, 3.9581716060638428, 27.018924713134766, 5.795162200927734, 58.333404541015625, 145.11146545410156, 71.81953430175781, -21.432764053344727], [-11.516397476196289, -29.290651321411133, 76.66411590576172, -8.174951553344727, -25.25681495666504, 17.333877563476562, 19.59709358215332, 11.930157661437988, -11.050053596496582, 9.691934585571289, 71.81953430175781, 131.80618286132812, 62.30799865722656], [-406.0633544921875, -85.88720703125, 256.2635498046875, 101.8805160522461, 7.315547943115234, 58.902259826660156, 9.43156909942627, -51.71388626098633, -11.884668350219727, 26.21902084350586, -21.432764053344727, 62.30799865722656, 157.001953125]], "lowlevel.mfcc.icov": [[0.00024190166732296348, -0.00012064585462212563, 0.00019684372819028795, -0.0002671567490324378, 2.8313461370998994e-05, 0.00031205095001496375, 0.0001982806425075978, -0.00023387149849440902, 0.00031827104976400733, 4.245592936058529e-05, 0.00012342509580776095, -0.00041478671482764184, 0.0004028407856822014], [-0.00012064585462212563, 0.0007717536063864827, -0.00042533123632892966, 0.0006473443936556578, -0.0004795368295162916, 0.0006199174677021801, -0.0005908072926104069, 0.0006928562070243061, -0.0004816656291950494, 0.0007913839071989059, -0.00043424611794762313, 0.0004173301567789167, 4.427480962476693e-05], [0.00019684372819028795, -0.00042533123632892966, 0.0023790919221937656, -0.002340960316359997, 0.0014828816056251526, -0.0014897852670401335, 0.0008668950758874416, -0.00145648920442909, 0.0022178287617862225, -0.0020654257386922836, 0.00150111666880548, -0.0011520684929564595, -0.0009547735680826008], [-0.0002671567490324378, 0.0006473443936556578, -0.002340960316359997, 0.006926181726157665, -0.0039035684894770384, 0.0015014222590252757, -0.0023214854300022125, 0.004661280661821365, -0.003492595860734582, 0.0031290834303945303, -0.0014339081244543195, 0.0018201015191152692, -0.0014219293370842934], [2.8313461370998994e-05, -0.0004795368295162916, 0.0014828816056251526, -0.0039035684894770384, 0.007770315278321505, -0.0042997077107429504, 0.004207252990454435, -0.003575120121240616, 0.004032098688185215, -0.005046440754085779, 0.002768565434962511, -0.0010538599453866482, 0.0016884432407096028], [0.00031205095001496375, 0.0006199174677021801, -0.0014897852670401335, 0.0015014222590252757, -0.0042997077107429504, 0.008686346933245659, -0.006188350263983011, 0.005952460691332817, -0.005885927006602287, 0.003162489039823413, -0.0009620973723940551, -0.0012643974041566253, 0.001274248119443655], [0.0001982806425075978, -0.0005908072926104069, 0.0008668950758874416, -0.0023214854300022125, 0.004207252990454435, -0.006188350263983011, 0.011246975511312485, -0.009762989357113838, 0.008642194792628288, -0.00557058397680521, 0.003015213180333376, -0.0008385727414861321, 0.000844205787871033], [-0.00023387149849440902, 0.0006928562070243061, -0.00145648920442909, 0.004661280661821365, -0.003575120121240616, 0.005952460691332817, -0.009762989357113838, 0.017470771446824074, -0.013126799836754799, 0.009944976307451725, -0.005205259192734957, 0.0008119042031466961, -0.00028605881379917264], [0.00031827104976400733, -0.0004816656291950494, 0.0022178287617862225, -0.003492595860734582, 0.004032098688185215, -0.005885927006602287, 0.008642194792628288, -0.013126799836754799, 0.018353527411818504, -0.013200576417148113, 0.007706165313720703, -0.002846069633960724, 0.002158745424821973], [4.245592936058529e-05, 0.0007913839071989059, -0.0020654257386922836, 0.0031290834303945303, -0.005046440754085779, 0.003162489039823413, -0.00557058397680521, 0.009944976307451725, -0.013200576417148113, 0.019428137689828873, -0.012793893925845623, 0.006450720131397247, -0.004007774870842695], [0.00012342509580776095, -0.00043424611794762313, 0.00150111666880548, -0.0014339081244543195, 0.002768565434962511, -0.0009620973723940551, 0.003015213180333376, -0.005205259192734957, 0.007706165313720703, -0.012793893925845623, 0.021108580753207207, -0.014112084172666073, 0.008100289851427078], [-0.00041478671482764184, 0.0004173301567789167, -0.0011520684929564595, 0.0018201015191152692, -0.0010538599453866482, -0.0012643974041566253, -0.0008385727414861321, 0.0008119042031466961, -0.002846069633960724, 0.006450720131397247, -0.014112084172666073, 0.02044718898832798, -0.01063773687928915], [0.0004028407856822014, 4.427480962476693e-05, -0.0009547735680826008, -0.0014219293370842934, 0.0016884432407096028, 0.001274248119443655, 0.000844205787871033, -0.00028605881379917264, 0.002158745424821973, -0.004007774870842695, 0.008100289851427078, -0.01063773687928915, 0.015375110320746899]], "metadata.audio_properties.analysis.downmix": "mix", "metadata.audio_properties.codec": "mp3", "metadata.audio_properties.md5_encoded": "dd5eb7b1940431c56136ab1d270182d0", "metadata.tags.file_name": "1182272003986702336.mp3", "metadata.version.essentia": "2.1-beta6-dev", "metadata.version.essentia_git_sha": "v2.1_beta5-1110-g77a6a954", "metadata.version.extractor": "music 2.0", "tonal.chords_key": "F", "tonal.chords_scale": "minor", "tonal.key_edma.key": "F", "tonal.key_edma.scale": "minor", "tonal.key_krumhansl.key": "F", "tonal.key_krumhansl.scale": "minor", "tonal.key_temperley.key": "F", "tonal.key_temperley.scale": "minor", "metadata.tags.encoding": ["Lavf58.45.100"]}, "essentia_models": [{"model_name": "genre_dortmund", "activations": {"alternative": "0.025597662", "blues": "0.005934354", "electronic": "0.12214712", "folkcountry": "0.00894603", "funksoulrnb": "0.06688854", "jazz": "0.03143472", "pop": "0.0050567915", "raphiphop": "0.8888433", "rock": "0.072960556"}}, {"model_name": "genre_rosamerica", "activations": {"classic": "0.12764217", "dance": "0.0013138272", "hip hop": "0.11760871", "jazz": "0.006513361", "pop": "0.0031701843", "rhythm and blues": "0.012402363", "rock": "0.0119