{"song_id": "1182273662544510997", "download": "https://cdn.discordapp.com/attachments/1128313332273782784/1182273662544510997/chirp.mp4?ex=65841926&amp", "lyrics": "Text\nEddy, der Barketing-Star,\nmit einem Bellen, leuchtet der Raum.\nIn Meetings und Pausen, er ist immer da,\nsein fr\u00f6hliches Wesen, wie ein lebendiger Traum.\n\nEddy, der s\u00fc\u00dfeste Hund der Welt,\nmit seinen Augen, so rein und so hell.\nEr ist mehr als nur ein Haustier, er ist ein Freund,\nEddy, der Barketing-Star, ein Wunder, das sich lohnt.", "style": ["minimal ambient electronica positive vibes"], "essentia_features": {"lowlevel.average_loudness": 0.9808251857757568, "lowlevel.barkbands_crest.mean": 18.115507125854492, "lowlevel.barkbands_crest.stdev": 4.643761157989502, "lowlevel.barkbands_flatness_db.mean": 0.28313905000686646, "lowlevel.barkbands_flatness_db.stdev": 0.14293141663074493, "lowlevel.barkbands_kurtosis.mean": 30.462482452392578, "lowlevel.barkbands_kurtosis.stdev": 54.568016052246094, "lowlevel.barkbands_skewness.mean": 3.78233003616333, "lowlevel.barkbands_skewness.stdev": 2.4921374320983887, "lowlevel.barkbands_spread.mean": 13.166234016418457, "lowlevel.barkbands_spread.stdev": 17.176837921142578, "lowlevel.dissonance.mean": 0.46634477376937866, "lowlevel.dissonance.stdev": 0.03237967938184738, "lowlevel.dynamic_complexity": 3.649237871170044, "lowlevel.erbbands_crest.mean": 9.079719543457031, "lowlevel.erbbands_crest.stdev": 4.241903305053711, "lowlevel.erbbands_flatness_db.mean": 0.1753249615430832, "lowlevel.erbbands_flatness_db.stdev": 0.0811869204044342, "lowlevel.erbbands_kurtosis.mean": 2.76224684715271, "lowlevel.erbbands_kurtosis.stdev": 8.316299438476562, "lowlevel.erbbands_skewness.mean": 0.5614498257637024, "lowlevel.erbbands_skewness.stdev": 1.4089882373809814, "lowlevel.erbbands_spread.mean": 46.91130065917969, "lowlevel.erbbands_spread.stdev": 28.38409996032715, "lowlevel.hfc.mean": 24.352394104003906, "lowlevel.hfc.stdev": 29.105533599853516, "lowlevel.loudness_ebu128.integrated": -13.3893404006958, "lowlevel.loudness_ebu128.loudness_range": 1.3494071960449219, "lowlevel.loudness_ebu128.momentary.mean": -17.137834548950195, "lowlevel.loudness_ebu128.momentary.stdev": 30.230697631835938, "lowlevel.loudness_ebu128.short_term.mean": -13.398205757141113, "lowlevel.loudness_ebu128.short_term.stdev": 0.5133876204490662, "lowlevel.melbands_crest.mean": 23.136154174804688, "lowlevel.melbands_crest.stdev": 6.207165718078613, "lowlevel.melbands_flatness_db.mean": 0.36891236901283264, "lowlevel.melbands_flatness_db.stdev": 0.17319157719612122, "lowlevel.melbands_kurtosis.mean": 63.10962677001953, "lowlevel.melbands_kurtosis.stdev": 79.42168426513672, "lowlevel.melbands_skewness.mean": 5.469050407409668, "lowlevel.melbands_skewness.stdev": 3.1825363636016846, "lowlevel.melbands_spread.mean": 11.679944038391113, "lowlevel.melbands_spread.stdev": 24.093671798706055, "lowlevel.pitch_salience.mean": 0.3832491636276245, "lowlevel.pitch_salience.stdev": 0.1445455700159073, "lowlevel.silence_rate_20dB.mean": 1.0, "lowlevel.silence_rate_20dB.stdev": 0.0, "lowlevel.silence_rate_30dB.mean": 0.8137890100479126, "lowlevel.silence_rate_30dB.stdev": 0.3892732858657837, "lowlevel.silence_rate_60dB.mean": 0.028285209089517593, "lowlevel.silence_rate_60dB.stdev": 0.16578948497772217, "lowlevel.spectral_centroid.mean": 1242.7286376953125, "lowlevel.spectral_centroid.stdev": 1740.6143798828125, "lowlevel.spectral_complexity.mean": 14.533883094787598, "lowlevel.spectral_complexity.stdev": 11.517986297607422, "lowlevel.spectral_decrease.mean": -2.1643561609607787e-08, "lowlevel.spectral_decrease.stdev": 1.3819581923257829e-08, "lowlevel.spectral_energy.mean": 0.08389662206172943, "lowlevel.spectral_energy.stdev": 0.05269613862037659, "lowlevel.spectral_energyband_high.mean": 0.0016522153746336699, "lowlevel.spectral_energyband_high.stdev": 0.003714706050232053, "lowlevel.spectral_energyband_low.mean": 0.06854230165481567, "lowlevel.spectral_energyband_low.stdev": 0.05186125636100769, "lowlevel.spectral_energyband_middle_high.mean": 0.0026130732148885727, "lowlevel.spectral_energyband_middle_high.stdev": 0.0038026629481464624, "lowlevel.spectral_energyband_middle_low.mean": 0.012846834026277065, "lowlevel.spectral_energyband_middle_low.stdev": 0.012921902351081371, "lowlevel.spectral_entropy.mean": 7.175575256347656, "lowlevel.spectral_entropy.stdev": 1.1014403104782104, "lowlevel.spectral_flux.mean": 0.11449973285198212, "lowlevel.spectral_flux.stdev": 0.09162327647209167, "lowlevel.spectral_kurtosis.mean": 15.159690856933594, "lowlevel.spectral_kurtosis.stdev": 38.80482482910156, "lowlevel.spectral_rms.mean": 0.008614888414740562, "lowlevel.spectral_rms.stdev": 0.002762969583272934, "lowlevel.spectral_rolloff.mean": 1022.1635131835938, "lowlevel.spectral_rolloff.stdev": 3080.287109375, "lowlevel.spectral_skewness.mean": 2.1530275344848633, "lowlevel.spectral_skewness.stdev": 2.3163022994995117, "lowlevel.spectral_spread.mean": 5153628.0, "lowlevel.spectral_spread.stdev": 5774864.5, "lowlevel.spectral_strongpeak.mean": 0.5687245726585388, "lowlevel.spectral_strongpeak.stdev": 0.40139833092689514, "lowlevel.zerocrossingrate.mean": 0.04203736037015915, "lowlevel.zerocrossingrate.stdev": 0.08232758194208145, "metadata.audio_properties.analysis.equal_loudness": 0.0, "metadata.audio_properties.analysis.length": 39.35997772216797, "metadata.audio_properties.analysis.sample_rate": 44100.0, "metadata.audio_properties.analysis.start_time": 0.0, "metadata.audio_properties.bit_rate": 118533.0, "metadata.audio_properties.length": 39.36000061035156, "metadata.audio_properties.lossless": 0.0, "metadata.audio_properties.number_channels": 1.0, "metadata.audio_properties.replay_gain": -10.934747695922852, "metadata.audio_properties.sample_rate": 48000.0, "rhythm.beats_count": 73.0, "rhythm.beats_loudness.mean": 0.1926913559436798, "rhythm.beats_loudness.stdev": 0.0582934245467186, "rhythm.bpm": 112.1251220703125, "rhythm.bpm_histogram_first_peak_bpm": 112.0, "rhythm.bpm_histogram_first_peak_weight": 0.2916666865348816, "rhythm.bpm_histogram_second_peak_bpm": 0.0, "rhythm.bpm_histogram_second_peak_spread": 0.0, "rhythm.bpm_histogram_second_peak_weight": 0.0, "rhythm.danceability": 1.7777363061904907, "rhythm.onset_rate": 4.545334339141846, "tonal.chords_changes_rate": 0.07302708923816681, "tonal.chords_number_rate": 0.010600706562399864, "tonal.chords_strength.mean": 0.5219690799713135, "tonal.chords_strength.stdev": 0.08957100659608841, "tonal.hpcp_crest.mean": 12.562602043151855, "tonal.hpcp_crest.stdev": 5.84223747253418, "tonal.hpcp_entropy.mean": 2.1017067432403564, "tonal.hpcp_entropy.stdev": 0.8746277093887329, "tonal.key_edma.strength": 0.5770881175994873, "tonal.key_krumhansl.strength": 0.5698078870773315, "tonal.key_temperley.strength": 0.5662803649902344, "tonal.tuning_diatonic_strength": 0.5478788018226624, "tonal.tuning_equal_tempered_deviation": 0.2071487307548523, "tonal.tuning_frequency": 434.193115234375, "tonal.tuning_nontempered_energy_ratio": 0.9246642589569092, "lowlevel.barkbands.mean": [0.002566765761002898, 0.05718305706977844, 0.007109016180038452, 0.003038741648197174, 0.006003578193485737, 0.0009890551446005702, 0.0011149680940434337, 0.000696243136189878, 0.0008836838533170521, 0.0003360955452080816, 0.0003150972770527005, 0.00027578778099268675, 0.0002525417075958103, 0.00019624656124506146, 0.0002565183967817575, 0.0002447252336423844, 0.00026442439411766827, 0.0002182687312597409, 0.00014770675625186414, 0.0003989340621046722, 0.00028326097526587546, 0.0001480555656598881, 0.0003761534171644598, 0.00047030168934725225, 9.192139987135306e-05, 3.510136593831703e-05, 3.4585778507789655e-07], "lowlevel.barkbands.stdev": [0.0036097595002502203, 0.044697098433971405, 0.016209959983825684, 0.004539813380688429, 0.008074716664850712, 0.0029037506319582462, 0.003445338224992156, 0.002183520467951894, 0.0018889042548835278, 0.001064520445652306, 0.0012875017710030079, 0.0009564089123159647, 0.0007642848649993539, 0.00044530999730341136, 0.0006046208436600864, 0.0005566974286921322, 0.0004881774075329304, 0.0004264004237484187, 0.000328103982610628, 0.0007748844218440354, 0.0008005333947949111, 0.0003721382818184793, 0.0010245090816169977, 0.0012653458397835493, 0.0002301157801412046, 0.00010033985017798841, 1.95843472283741e-06], "lowlevel.erbbands.mean": [2.0485756397247314, 11.162198066711426, 9.944143295288086, 10.45272445678711, 16.306663513183594, 20.216270446777344, 9.658724784851074, 9.600464820861816, 15.136002540588379, 17.425975799560547, 15.821531295776367, 22.90928840637207, 11.144225120544434, 11.486875534057617, 12.10446834564209, 11.268970489501953, 11.525431632995605, 10.43718433380127, 12.277763366699219, 13.11215877532959, 14.309685707092285, 15.43869686126709, 13.029284477233887, 8.091228485107422, 9.370841026306152, 19.59476661682129, 15.045827865600586, 8.613210678100586, 5.555454730987549, 6.8146820068359375, 11.427001953125, 11.561622619628906, 6.428536415100098, 1.5266002416610718, 0.48080170154571533, 0.1881261020898819, 0.061640795320272446, 0.006380818318575621, 0.0001737111888360232, 0.00010212780034635216], "lowlevel.erbbands.stdev": [1.6054084300994873, 10.502510070800781, 19.72054672241211, 16.179969787597656, 17.147600173950195, 36.79771041870117, 20.402734756469727, 30.219890594482422, 51.60444641113281, 54.75465774536133, 41.67784881591797, 47.219154357910156, 33.66904830932617, 41.18997573852539, 41.38290786743164, 35.75545883178711, 33.218624114990234, 23.151546478271484, 26.997848510742188, 30.972795486450195, 31.59036636352539, 28.572938919067383, 24.26109504699707, 17.905017852783203, 18.20453643798828, 38.82610321044922, 36.89988708496094, 26.561979293823242, 14.262483596801758, 15.974810600280762, 32.64854431152344, 31.832534790039062, 17.428373336791992, 3.816868782043457, 1.2559274435043335, 0.5202732682228088, 0.18665608763694763, 0.02472284436225891, 0.0004718890995718539, 6.456636037910357e-05], "lowlevel.gfcc.mean": [-66.84402465820312, 118.90773010253906, -71.0833969116211, 62.41183853149414, -34.39789581298828, 24.941850662231445, -22.029449462890625, 9.834283828735352, -12.377304077148438, -5.9559125900268555, -5.7233710289001465, -10.735544204711914, -0.805860698223114], "lowlevel.melbands.mean": [0.017298784106969833, 0.008153660222887993, 0.0019336800323799253, 0.0013495456660166383, 0.0004724377940874547, 0.00021341173851396888, 0.0002340091741643846, 0.00018416122475173324, 0.00013973993191029876, 0.0001300562871620059, 5.178836363484152e-05, 4.5421718823490664e-05, 4.010241900687106e-05, 3.2990876206895337e-05, 2.7469044653116725e-05, 2.4005477825994603e-05, 1.8683558664633892e-05, 1.9113236703560688e-05, 1.8900225768447854e-05, 1.595781941432506e-05, 1.6919939298531972e-05, 1.574933594383765e-05, 1.4992068827268668e-05, 9.007996595755685e-06, 6.232364739844343e-06, 5.296976269164588e-06, 9.55501582211582e-06, 1.401332065142924e-05, 1.0142023711523507e-05, 6.93550873620552e-06, 4.26106043960317e-06, 3.119440179943922e-06, 2.7437315566203324e-06, 4.263873961463105e-06, 6.4071896304085385e-06, 7.079955594235798e-06, 7.302738140424481e-06, 5.313718702382175e-06, 2.1562107122008456e-06, 9.506027822681062e-07], "lowlevel.melbands.stdev": [0.012618329375982285, 0.010337237268686295, 0.002613876946270466, 0.0018657827749848366, 0.0009665439138188958, 0.0006831984501332045, 0.0007460000924766064, 0.000570904347114265, 0.0003288287844043225, 0.0002828842552844435, 0.00016902123752515763, 0.00016244860307779163, 0.00014445383567363024, 0.00011494273348944262, 8.96031124284491e-05, 7.554838521173224e-05, 4.284086389816366e-05, 4.358732621767558e-05, 4.6372992073884234e-05, 3.739134990610182e-05, 3.863603342324495e-05, 3.060337621718645e-05, 2.8785778340534307e-05, 1.8229988199891523e-05, 1.4732796444150154e-05, 1.2038343811582308e-05, 1.7820637367549352e-05, 2.9547178201028146e-05, 2.5068209652090445e-05, 2.1148058294784278e-05, 1.3574862350651529e-05, 8.295754014397971e-06, 6.743887752236333e-06, 1.0122525054612197e-05, 1.860327392932959e-05, 2.119465352734551e-05, 2.0061308532604016e-05, 1.4422913409362081e-05, 6.075751571188448e-06, 2.367830575167318e-06], "lowlevel.melbands128.mean": [0.002437170362100005, 0.016056299209594727, 0.025966089218854904, 0.015644621104002, 0.006026655435562134, 0.0033757907804101706, 0.0021573184058070183, 0.0013496120227500796, 0.0017977820243686438, 0.0013989369617775083, 0.0011393653694540262, 0.0007745033944956958, 0.0002464496938046068, 0.0001526859705336392, 0.00019054629956372082, 0.00026958665694110096, 0.00026468420401215553, 0.0002128463820554316, 0.00021901521540712565, 0.00020683211914729327, 0.00016068671538960189, 0.00012862628500442952, 0.00010180918616242707, 0.0001894351007649675, 0.00021323314285837114, 6.978872988838702e-05, 4.3132255086675286e-05, 5.8792560594156384e-05, 5.080622577224858e-05, 3.6920857382938266e-05, 5.190445881453343e-05, 4.570719102048315e-05, 3.2609666959615424e-05, 4.51295891252812e-05, 3.4428387152729556e-05, 2.989878885273356e-05, 2.8305479645496234e-05, 2.8581920560100116e-05, 2.6188312403974123e-05, 2.451965156069491e-05, 2.636919634824153e-05, 1.88485919352388e-05, 1.7431500964448787e-05, 2.0101981135667302e-05, 1.6686608432792127e-05, 1.9383833205210976e-05, 2.1077532437629998e-05, 1.874728695838712e-05, 1.7980102711590007e-05, 1.887649341369979e-05, 1.356194115942344e-05, 1.551846980873961e-05, 1.869015977717936e-05, 1.6519981727469712e-05, 1.5129910025279969e-05, 1.6271009371848777e-05, 1.5544090274488553e-05, 1.5972520486684516e-05, 1.5454286767635494e-05, 1.1799503226939123e-05, 8.357565093319863e-06, 7.158096650528023e-06, 7.059014478727477e-06, 5.923776370764244e-06, 4.954943960910896e-06, 4.849924152949825e-06, 5.376297394832363e-06, 7.475177426385926e-06, 9.889698958431836e-06, 1.3381262760958634e-05, 1.5609568436047994e-05, 1.3670219232153613e-05, 1.1548907423275523e-05, 9.458627573621925e-06, 8.495982910972089e-06, 7.752239071123768e-06, 5.835666343045887e-06, 5.1577821977844e-06, 4.150384484091774e-06, 3.1866925382928457e-06, 3.2911316338868346e-06, 3.1156218938122038e-06, 2.732627763180062e-06, 2.593544195406139e-06, 2.707957946768147e-06, 3.6175292734696995e-06, 4.68153257315862e-06, 5.83039945922792e-06, 6.441076493501896e-06, 6.9775428528373595e-06, 7.173772701207781e-06, 7.1217182266991585e-06, 6.695165666315006e-06, 7.710269528615754e-06, 7.485311925847782e-06, 6.402200142474612e-06, 4.9459777073934674e-06, 3.7147335660847602e-06, 1.9920942122553242e-06, 1.5338208640969242e-06, 1.2253717613930348e-06, 8.456776754428574e-07, 6.392654654518992e-07, 5.025317477702629e-07, 5.510516984941205e-07, 4.862430387220229e-07, 4.2474042061257933e-07, 3.4564482120913453e-07, 3.063686335735838e-07, 2.8163853471596667e-07, 2.5568027695044293e-07, 2.245136982992335e-07, 2.0687055268808763e-07, 1.5433779765317013e-07, 1.124232369420497e-07, 7.103857768697708e-08, 1.3962213607499052e-08, 9.619381957648443e-10, 3.2000631311479566e-11, 2.2375388000761554e-11, 1.7204305688411914e-11, 1.1062649060700203e-11, 9.765836576913767e-12, 9.406210185747277e-12, 8.78810652721329e-12, 7.979292573900842e-12, 7.564690193695434e-12, 7.474723097422586e-12], "lowlevel.melbands128.stdev": [0.003496381687000394, 0.015127718448638916, 0.01951090805232525, 0.01865397021174431, 0.012576005421578884, 0.007010566536337137, 0.0035943163093179464, 0.0019607702270150185, 0.001861332100816071, 0.0026493112090975046, 0.0025342334993183613, 0.0019221033435314894, 0.0006724772392772138, 0.0003883401514030993, 0.0006456765113398433, 0.0012119575403630733, 0.0013023240026086569, 0.000833956990391016, 0.000809338060207665, 0.0008131806971505284, 0.0006332577322609723, 0.0004999424563720822, 0.0003662504896055907, 0.0004629181348718703, 0.0004445415688678622, 0.00034035349381156266, 0.00015353414346463978, 0.00025103174266405404, 0.00021198274043854326, 0.0001257416734006256, 0.00024838303215801716, 0.0002300023625139147, 0.00011852959141833708, 0.00018981369794346392, 0.00016559923824388534, 0.0001176400255644694, 0.0001151583346654661, 0.00012024665920762345, 9.122952178586274e-05, 8.333455480169505e-05, 0.00011188239295734093, 5.714318831451237e-05, 4.336980782682076e-05, 5.4233965784078464e-05, 4.341355452197604e-05, 5.5357584642479196e-05, 5.8029298088513315e-05, 5.647080979542807e-05, 5.5052652896847576e-05, 5.647937723551877e-05, 3.3590222301427275e-05, 4.59786897408776e-05, 4.99106063216459e-05, 4.4308941141935065e-05, 3.401853973628022e-05, 3.734117854037322e-05, 3.3156946301460266e-05, 3.435039252508432e-05, 3.574757283786312e-05, 2.5669269234640524e-05, 1.9382359823794104e-05, 1.74325850821333e-05, 1.9577339116949588e-05, 1.5081731362442952e-05, 1.2374575817375444e-05, 1.3104070603731088e-05, 1.3935221431893297e-05, 1.6511909052496776e-05, 1.9408907974138856e-05, 2.8505124646471813e-05, 3.7262529076542705e-05, 3.7044996133772656e-05, 2.8738048058585264e-05, 2.6900455850409344e-05, 2.552936894062441e-05, 2.6607744075590745e-05, 2.054488140856847e-05, 2.0338131434982643e-05, 1.2986497495148797e-05, 1.0186002327827737e-05, 9.171280908049084e-06, 8.788246304902714e-06, 7.390045539068524e-06, 6.673613825114444e-06, 7.213754997792421e-06, 9.245101864507888e-06, 1.1541439562279265e-05, 1.5975916539900936e-05, 2.0823305021622218e-05, 2.205691816925537e-05, 2.2937001631362364e-05, 2.2550546418642625e-05, 2.0949000827386044e-05, 2.2632846594206057e-05, 2.0467594367801212e-05, 1.877731119748205e-05, 1.4219735930964816e-05, 1.1886483662237879e-05, 5.991907528368756e-06, 4.4332368815958034e-06, 3.290927224952611e-06, 2.260547034893534e-06, 1.7268299643546925e-06, 1.42852877615951e-06, 1.7387746993335895e-06, 1.4286738405644428e-06, 1.3565121435021865e-06, 9.872380815068027e-07, 9.16055853394937e-07, 9.332457011623774e-07, 8.658646493131528e-07, 6.789346684854536e-07, 7.068610443639045e-07, 5.5560292366863e-07, 4.7082809828680183e-07, 3.559004255748732e-07, 7.645090249752684e-08, 7.414451719256476e-09, 4.713065493433533e-10, 3.154185246323493e-10, 1.7360690662826528e-10, 6.399840379867072e-11, 4.860399929751402e-11, 4.378853876718658e-11, 3.1863334887249906e-11, 1.642756590480854e-11, 1.2261260583235067e-11, 1.2111427312444523e-11], "lowlevel.mfcc.mean": [-703.383056640625, 135.94810485839844, 34.33913040161133, 45.71083068847656, 25.58824920654297, 19.203638076782227, 14.626106262207031, 13.778688430786133, 5.412184238433838, 15.097762107849121, -4.832611083984375, 7.93191385269165, -3.315401792526245], "lowlevel.spectral_contrast_coeffs.mean": [-0.7396489977836609, -0.7840083241462708, -0.8293411731719971, -0.8316282033920288, -0.8173538446426392, -0.7750710248947144], "lowlevel.spectral_contrast_coeffs.stdev": [0.07385224848985672, 0.081781305372715, 0.0539885014295578, 0.05488754063844681, 0.05430430546402931, 0.050554417073726654], "lowlevel.spectral_contrast_valleys.mean": [-6.341830730438232, -7.644914150238037, -8.325831413269043, -8.519505500793457, -8.434139251708984, -11.221274375915527], "lowlevel.spectral_contrast_valleys.stdev": [3.260169506072998, 3.1537184715270996, 3.114004135131836, 3.1326141357421875, 3.225876569747925, 3.0806963443756104], "rhythm.beats_loudness_band_ratio.mean": [0.926754891872406, 0.021774902939796448, 0.015622531063854694, 0.010828652419149876, 0.007874658331274986, 0.011313884519040585], "rhythm.beats_loudness_band_ratio.stdev": [0.1517186015844345, 0.03897842764854431, 0.03633410856127739, 0.05283878743648529, 0.008587116375565529, 0.01253910269588232], "tonal.hpcp.mean": [0.0310855433344841, 0.037981197237968445, 0.08575217425823212, 0.16324858367443085, 0.12930117547512054, 0.04988976567983627, 0.03641165420413017, 0.03641904145479202, 0.0832611620426178, 0.3850572109222412, 0.37953266501426697, 0.06954048573970795, 0.02481302246451378, 0.021478945389389992, 0.017250820994377136, 0.028644664213061333, 0.03686179220676422, 0.0217711441218853, 0.013340678066015244, 0.01801486127078533, 0.023172184824943542, 0.03612756356596947, 0.05015261471271515, 0.04615173116326332, 0.04639377444982529, 0.04851800948381424, 0.04057203233242035, 0.0403464175760746, 0.04120418801903725, 0.04967216029763222, 0.14132572710514069, 0.19613336026668549, 0.10103929042816162, 0.029828611761331558, 0.027405142784118652, 0.030051760375499725], "tonal.hpcp.stdev": [0.13405559957027435, 0.1466316282749176, 0.21817201375961304, 0.3401382267475128, 0.28639137744903564, 0.1506742388010025, 0.1485946923494339, 0.13591553270816803, 0.1898428499698639, 0.43971505761146545, 0.4441193640232086, 0.15155933797359467, 0.11244077235460281, 0.10290943831205368, 0.08017051219940186, 0.08463667333126068, 0.10646764934062958, 0.08531695604324341, 0.08254604041576385, 0.0981583297252655, 0.11852937191724777, 0.12305834889411926, 0.16916629672050476, 0.1696331650018692, 0.14790940284729004, 0.14857271313667297, 0.15867896378040314, 0.16219928860664368, 0.1649360954761505, 0.17248503863811493, 0.24464300274848938, 0.3383833169937134, 0.22457826137542725, 0.1286689043045044, 0.12348531931638718, 0.1255647838115692], "rhythm.beats_position": [0.5108389854431152, 1.0332880020141602, 1.5673469305038452, 2.11301589012146, 2.6470746994018555, 3.18113374710083, 3.7151927947998047, 4.249251842498779, 4.783310413360596, 5.31736946105957, 5.851428508758545, 6.3854875564575195, 6.919546127319336, 7.4536051750183105, 7.987664222717285, 8.521722793579102, 9.055782318115234, 9.58984088897705, 10.123900413513184, 10.66956901550293, 11.215237617492676, 11.749297142028809, 12.283355712890625, 12.817414283752441, 13.351473808288574, 13.89714241027832, 14.442811965942383, 14.96526050567627, 15.499319076538086, 16.03337860107422, 16.555828094482422, 17.089885711669922, 17.623945236206055, 18.169614791870117, 18.715282440185547, 19.24934196472168, 19.783401489257812, 20.317459106445312, 20.863128662109375, 21.385578155517578, 21.91963768005371, 22.46530532836914, 23.010974884033203, 23.545034408569336, 24.079092025756836, 24.61315155029297, 25.1472110748291, 25.6812686920166, 26.215328216552734, 26.737777709960938, 27.283445358276367, 27.8175048828125, 28.351564407348633, 28.885623931884766, 29.419681549072266, 29.9537410736084, 30.48780059814453, 31.02185821533203, 31.555917739868164, 32.101585388183594, 32.647254943847656, 33.18131637573242, 33.71537399291992, 34.24943161010742, 34.78349304199219, 35.329158782958984, 35.85160827636719, 36.38566970825195, 36.91972732543945, 37.45378494262695, 37.98784637451172, 38.52190399169922, 39.04435348510742], "rhythm.bpm_histogram": [0.0, 0.0, 0.0, 0.0, 0.0, 0.0, 0.0, 0.0, 0.0, 0.0, 0.0, 0.0, 0.0, 0.0, 0.0, 0.0, 0.0, 0.0, 0.0, 0.0, 0.0, 0.0, 0.0, 0.0, 0.0, 0.0, 0.0, 0.0, 0.0, 0.0, 0.0, 0.0, 0.0, 0.0, 0.0, 0.0, 0.0, 0.0, 0.0, 0.0, 0.0, 0.0, 0.0, 0.0, 0.0, 0.0, 0.0, 0.0, 0.0, 0.0, 0.0, 0.0, 0.0, 0.0, 0.0, 0.0, 0.0, 0.0, 0.0, 0.0, 0.0, 0.0, 0.0, 0.0, 0.0, 0.0, 0.0, 0.0, 0.0, 0.0, 0.0, 0.0, 0.0, 0.0, 0.0, 0.0, 0.0, 0.0, 0.0, 0.0, 0.0, 0.0, 0.0, 0.0, 0.0, 0.0, 0.0, 0.0, 0.0, 0.0, 0.0, 0.0, 0.0, 0.0, 0.0, 0.0, 0.0, 0.0, 0.0, 0.0, 0.0, 0.0, 0.0, 0.0, 0.0, 0.0, 0.0, 0.0, 0.0, 0.0, 0.1944444477558136, 0.0, 0.7083333134651184, 0.0, 0.0, 0.0972222238779068, 0.0, 0.0, 0.0, 0.0, 0.0, 0.0, 0.0, 0.0, 0.0, 0.0, 0.0, 0.0, 0.0, 0.0, 0.0, 0.0, 0.0, 0.0, 0.0, 0.0, 0.0, 0.0, 0.0, 0.0, 0.0, 0.0, 0.0, 0.0, 0.0, 0.0, 0.0, 0.0, 0.0, 0.0, 0.0, 0.0, 0.0, 0.0, 0.0, 0.0, 0.0, 0.0, 0.0, 0.0, 0.0, 0.0, 0.0, 0.0, 0.0, 0.0, 0.0, 0.0, 0.0, 0.0, 0.0, 0.0, 0.0, 0.0, 0.0, 0.0, 0.0, 0.0, 0.0, 0.0, 0.0, 0.0, 0.0, 0.0, 0.0, 0.0, 0.0, 0.0, 0.0, 0.0, 0.0, 0.0, 0.0, 0.0, 0.0, 0.0, 0.0, 0.0, 0.0, 0.0, 0.0, 0.0, 0.0, 0.0, 0.0, 0.0, 0.0, 0.0, 0.0, 0.0, 0.0, 0.0, 0.0, 0.0, 0.0, 0.0, 0.0, 0.0, 0.0, 0.0, 0.0, 0.0, 0.0, 0.0, 0.0, 0.0, 0.0, 0.0, 0.0, 0.0, 0.0, 0.0, 0.0, 0.0, 0.0, 0.0, 0.0, 0.0, 0.0, 0.0, 0.0, 0.0, 0.0, 0.0, 0.0, 0.0, 0.0, 0.0, 0.0, 0.0], "tonal.chords_histogram": [9.187278747558594, 2.237926959991455, 1.766784429550171, 2.1201412677764893, 8.598350524902344, 7.067137718200684, 0.0, 0.11778563261032104, 14.60541820526123, 49.94110870361328, 0.0, 0.35335689783096313, 0.0, 0.0, 0.0, 0.4711425304412842, 0.0, 0.0, 0.0, 0.0, 0.0, 0.0, 3.533568859100342, 0.0], "tonal.thpcp": [1.0, 0.9856526851654053, 0.18059779703617096, 0.06443983316421509, 0.055781178176403046, 0.04480066895484924, 0.07439067214727402, 0.09573069214820862, 0.056540023535490036, 0.034645963460206985, 0.0467848964035511, 0.06017855182290077, 0.0938238874077797, 0.13024717569351196, 0.1198568120598793, 0.12048540264368057, 0.12600207328796387, 0.10536624491214752, 0.10478031635284424, 0.1070079654455185, 0.12899942696094513, 0.3670252561569214, 0.5093616247177124, 0.26240071654319763, 0.07746540009975433, 0.07117161154747009, 0.07804492115974426, 0.08072967827320099, 0.09863780438899994, 0.2226998209953308, 0.42395928502082825, 0.3357973098754883, 0.1295645534992218, 0.09456167370080948, 0.09458085894584656, 0.2162306308746338], "lowlevel.gfcc.cov": [[47424.38671875, -1301.568603515625, -4953.72998046875, 2427.505126953125, -2797.441650390625, 1786.1123046875, -1921.0772705078125, 1437.6904296875, -795.2445678710938, 553.5223999023438, -493.558837890625, 68.5475082397461, -739.4008178710938], [-1301.568603515625, 4152.6318359375, 574.478759765625, -659.8922729492188, 843.1882934570312, -663.8023071289062, 707.1981201171875, -484.1290283203125, 345.4176330566406, -502.71356201171875, 258.730224609375, -324.1398620605469, 348.5422668457031], [-4953.72998046875, 574.478759765625, 1699.8863525390625, -65.81692504882812, 404.00946044921875, -236.3187255859375, 205.04547119140625, -288.2040100097656, 78.79205322265625, -74.99921417236328, 75.36737060546875, 64.59957885742188, 173.2921905517578], [2427.505126953125, -659.8922729492188, -65.81692504882812, 695.7479248046875, -72.54662322998047, 175.39808654785156, -191.386962890625, 41.52696990966797, -91.28297424316406, 61.932735443115234, -43.42961502075195, 34.01991653442383, 22.166858673095703], [-2797.441650390625, 843.1882934570312, 404.00946044921875, -72.54662322998047, 775.5833129882812, -153.03390502929688, 313.88104248046875, -193.940673828125, 100.92800903320312, -95.67493438720703, -3.7165958881378174, -36.83392333984375, 109.74163818359375], [1786.1123046875, -663.8023071289062, -236.3187255859375, 175.39808654785156, -153.03390502929688, 386.4993591308594, -32.98844909667969, 122.76567077636719, -115.21271514892578, 68.18946838378906, -59.68918991088867, 32.64921951293945, -83.57461547851562], [-1921.0772705078125, 707.1981201171875, 205.04547119140625, -191.386962890625, 313.88104248046875, -32.98844909667969, 448.6874694824219, -112.4322509765625, 57.174888610839844, -113.27086639404297, 13.413362503051758, -91.34196472167969, 55.85719299316406], [1437.6904296875, -484.1290283203125, -288.2040100097656, 41.52696990966797, -193.940673828125, 122.76567077636719, -112.4322509765625, 235.81048583984375, -3.3861286640167236, 76.9626235961914, -43.79351043701172, 16.88774299621582, -90.88170623779297], [-795.2445678710938, 345.4176330566406, 78.79205322265625, -91.28297424316406, 100.92800903320312, -115.21271514892578, 57.174888610839844, -3.3861286640167236, 152.47897338867188, -22.778522491455078, 28.661766052246094, -53.73676300048828, 36.78593063354492], [553.5223999023438, -502.71356201171875, -74.99921417236328, 61.932735443115234, -95.67493438720703, 68.18946838378906, -113.27086639404297, 76.9626235961914, -22.778522491455078, 159.657958984375, -40.91619110107422, 46.8670768737793, -73.98905181884766], [-493.558837890625, 258.730224609375, 75.36737060546875, -43.42961502075195, -3.7165958881378174, -59.68918991088867, 13.413362503051758, -43.79351043701172, 28.661766052246094, -40.91619110107422, 137.76585388183594, -4.520505428314209, 45.74952697753906], [68.5475082397461, -324.1398620605469, 64.59957885742188, 34.01991653442383, -36.83392333984375, 32.64921951293945, -91.34196472167969, 16.88774299621582, -53.73676300048828, 46.8670768737793, -4.520505428314209, 135.0052490234375, -13.889284133911133], [-739.4008178710938, 348.5422668457031, 173.2921905517578, 22.166858673095703, 109.74163818359375, -83.57461547851562, 55.85719299316406, -90.88170623779297, 36.78593063354492, -73.98905181884766, 45.74952697753906, -13.889284133911133, 119.5690689086914]], "lowlevel.gfcc.icov": [[0.0002007973671425134, -0.0007231345516629517, 0.00030363252153620124, -0.0007945856195874512, 0.0005650265957228839, -0.0006871069199405611, 0.0005343027878552675, -0.0005231042741797864, 0.00037273374618962407, -0.0005687262746505439, 0.0006914069526828825, -0.0006043081521056592, 0.0006094911368563771], [-0.0007231345516629517, 0.0033989192452281713, -0.0010166900465264916, 0.0031745354644954205, -0.002347712405025959, 0.002955969423055649, -0.002194684464484453, 0.00225811661221087, -0.0016734320670366287, 0.003087641904130578, -0.0030431123450398445, 0.002984672784805298, -0.0025956190656870604], [0.00030363252153620124, -0.0010166900465264916, 0.0013523440575227141, -0.001240018056705594, 0.0007575264316983521, -0.0008228512015193701, 0.0004525946278590709, -9.426464202988427e-06, 0.00011581518629100174, -0.0010707695037126541, 0.0009672328014858067, -0.0017302226042374969, 0.00035289739025756717], [-0.0007945856195874512, 0.0031745354644954205, -0.001240018056705594, 0.005591546650975943, -0.0027774740010499954, 0.0017579199047759175, -0.0008972378564067185, 0.0019506613025441766, -0.0005294719594530761, 0.0018735267221927643, -0.002521651331335306, 0.00371482502669096, -0.005008500535041094], [0.0005650265957228839, -0.002347712405025959, 0.0007575264316983521, -0.0027774740010499954, 0.004203167278319597, -0.0017688751686364412, 3.22826235787943e-05, -0.00035625931923277676, -0.00031860507442615926, -0.001999364700168371, 0.0031959526240825653, -0.0031009595841169357, 0.0016524512320756912], [-0.0006871069199405611, 0.002955969423055649, -0.0008228512015193701, 0.0017579199047759175, -0.0017688751686364412, 0.007788191083818674, -0.003688351484015584, -7.200369145721197e-05, 0.0015110962558537722, 0.0019593643955886364, -0.00258414214476943, 0.002248705830425024, -0.001265958184376359], [0.0005343027878552675, -0.002194684464484453, 0.0004525946278590709, -0.0008972378564067185, 3.22826235787943e-05, -0.003688351484015584, 0.006521980743855238, -0.0009222403168678284, 0.0011210106313228607, -0.00028662843396887183, 0.0021567216608673334, 0.0006790145998820662, 0.0015879498096182942], [-0.0005231042741797864, 0.00225811661221087, -9.426464202988427e-06, 0.0019506613025441766, -0.00035625931923277676, -7.200369145721197e-05, -0.0009222403168678284, 0.010991569608449936, -0.00587956327944994, 0.0019169885199517012, -0.0009042113088071346, 0.0003195026074536145, 0.0022749369964003563], [0.00037273374618962407, -0.0016734320670366287, 0.00011581518629100174, -0.0005294719594530761, -0.00031860507442615926, 0.0015110962558537722, 0.0011210106313228607, -0.00587956327944994, 0.01409947033971548, -0.0038787510711699724, -0.00011993075167993084, 0.0035782784689217806, -0.0028070819098502398], [-0.0005687262746505439, 0.003087641904130578, -0.0010707695037126541, 0.0018735267221927643, -0.001999364700168371, 0.0019593643955886364, -0.00028662843396887183, 0.0019169885199517012, -0.0038787510711699724, 0.014593117870390415, -0.001509430818259716, 7.033329893602058e-05, 0.004291900899261236], [0.0006914069526828825, -0.0030431123450398445, 0.0009672328014858067, -0.002521651331335306, 0.0031959526240825653, -0.00258414214476943, 0.0021567216608673334, -0.0009042113088071346, -0.00011993075167993084, -0.001509430818259716, 0.012111189775168896, -0.003550860332325101, -0.00016600261733401567], [-0.0006043081521056592, 0.002984672784805298, -0.0017302226042374969, 0.00371482502669096, -0.0031009595841169357, 0.002248705830425024, 0.0006790145998820662, 0.0003195026074536145, 0.0035782784689217806, 7.033329893602058e-05, -0.003550860332325101, 0.014642765745520592, -0.00427261833101511], [0.0006094911368563771, -0.0025956190656870604, 0.00035289739025756717, -0.005008500535041094, 0.0016524512320756912, -0.001265958184376359, 0.0015879498096182942, 0.0022749369964003563, -0.0028070819098502398, 0.004291900899261236, -0.00016600261733401567, -0.00427261833101511, 0.02178809605538845]], "lowlevel.mfcc.cov": [[22954.03515625, -4025.302490234375, -1181.784912109375, -719.2891845703125, -132.2739715576172, -485.3048400878906, -276.32568359375, 94.20601654052734, -257.6445007324219, 628.8889770507812, -236.50489807128906, 632.25732421875, 114.1198501586914], [-4025.302490234375, 4860.330078125, 136.1670684814453, 444.5097351074219, 96.67455291748047, 137.1426544189453, 209.54855346679688, 158.76980590820312, 155.07945251464844, -71.34593963623047, 109.71182250976562, -166.1539306640625, -13.64100456237793], [-1181.784912109375, 136.1670684814453, 1141.292236328125, 190.7355194091797, 99.31370544433594, 58.07947540283203, 8.53195858001709, -40.24924087524414, -41.95310592651367, -55.989131927490234, -98.72652435302734, -5.3978753089904785, 7.54470157623291], [-719.2891845703125, 444.5097351074219, 190.7355194091797, 563.7930908203125, 235.054443359375, 169.84829711914062, 36.59163284301758, -8.794620513916016, 68.88232421875, -53.91560745239258, -3.254427909851074, -43.08644104003906, -29.95869255065918], [-132.2739715576172, 96.67455291748047, 99.31370544433594, 235.054443359375, 341.7251892089844, 86.95016479492188, -3.537564754486084, -2.4238650798797607, 26.849727630615234, -13.018072128295898, -26.04969024658203, -2.7945749759674072, 13.712672233581543], [-485.3048400878906, 137.1426544189453, 58.07947540283203, 169.84829711914062, 86.95016479492188, 337.7677917480469, 165.0398406982422, 50.96238327026367, 87.80387115478516, -63.14487075805664, 71.8133544921875, -69.16873931884766, -57.04932403564453], [-276.32568359375, 209.54855346679688, 8.53195858001709, 36.59163284301758, -3.537564754486084, 165.0398406982422, 228.32296752929688, 95.9613265991211, 44.793853759765625, -21.07406997680664, 60.722232818603516, -37.55255126953125, -29.449825286865234], [94.20601654052734, 158.76980590820312, -40.24924087524414, -8.794620513916016, -2.4238650798797607, 50.96238327026367, 95.9613265991211, 139.12789916992188, 53.42094039916992, 1.5076431035995483, 27.260019302368164, -11.889223098754883, -0.7886671423912048], [-257.6445007324219, 155.07945251464844, -41.95310592651367, 68.88232421875, 26.849727630615234, 87.80387115478516, 44.793853759765625, 53.42094039916992, 143.7416534423828, 25.084274291992188, 49.66714096069336, -27.35666847229004, -26.96419334411621], [628.8889770507812, -71.34593963623047, -55.989131927490234, -53.91560745239258, -13.018072128295898, -63.14487075805664, -21.07406997680664, 1.5076431035995483, 25.084274291992188, 150.45350646972656, 22.25006675720215, 49.63733673095703, -2.503692388534546], [-236.50489807128906, 109.71182250976562, -98.72652435302734, -3.254427909851074, -26.04969024658203, 71.8133544921875, 60.722232818603516, 27.260019302368164, 49.66714096069336, 22.25006675720215, 133.793212890625, -18.572341918945312, -17.417274475097656], [632.25732421875, -166.1539306640625, -5.3978753089904785, -43.08644104003906, -2.7945749759674072, -69.16873931884766, -37.55255126953125, -11.889223098754883, -27.35666847229004, 49.63733673095703, -18.572341918945312, 97.94316864013672, 24.97637176513672], [114.1198501586914, -13.64100456237793, 7.54470157623291, -29.95869255065918, 13.712672233581543, -57.04932403564453, -29.449825286865234, -0.7886671423912048, -26.96419334411621, -2.503692388534546, -17.417274475097656, 24.97637176513672, 86.16603088378906]], "lowlevel.mfcc.icov": [[7.150936289690435e-05, 4.3371117499191314e-05, 7.380057650152594e-05, -1.3783375834464096e-05, 1.635547960177064e-05, -0.00010151539754588157, 6.203808152349666e-05, -0.0001954826439032331, 0.0001612553169252351, -0.00025171885499730706, 0.00016057076572906226, -0.0002584046742413193, 1.010141204460524e-06], [4.3371117499191314e-05, 0.0002801780356094241, 1.866546881501563e-05, -0.00024410831974819303, 4.3301715777488425e-05, 0.00019625129061751068, -0.00015767908189445734, -0.0002843724796548486, -1.0799742085509934e-05, -0.00011910939065273851, -7.51597763155587e-05, 0.00020620798750314862, -0.00011484905553516], [7.380057650152594e-05, 1.866546881501563e-05, 0.0011066293809562922, -0.00029396210447885096, 3.207261033821851e-05, -0.0003618932969402522, -0.00014076204388402402, 7.991364691406488e-05, 0.0004153426270931959, -0.00027529429644346237, 0.0009973242413252592, -0.0003244198742322624, -0.0001683695736574009], [-1.3783375834464096e-05, -0.00024410831974819303, -0.00029396210447885096, 0.003270528744906187, -0.00178894295822829, -0.0008056875667534769, 0.00014890824968460947, 0.0009236198966391385, -0.0010774070397019386, 0.0007413207786157727, 0.0002143279416486621, -0.00017601675062905997, 0.0007318034768104553], [1.635547960177064e-05, 4.3301715777488425e-05, 3.207261033821851e-05, -0.00178894295822829, 0.004629877395927906, -0.0014650841476395726, 0.0009104601922444999, -0.0004891339922323823, 0.00015502606402151287, -0.000896541285328567, 0.0011799628846347332, -0.00027554258122108877, -0.0016988808056339622], [-0.00010151539754588157, 0.00019625129061751068, -0.0003618932969402522, -0.0008056875667534769, -0.0014650841476395726, 0.008214982226490974, -0.004799329675734043, 0.0016984358662739396, -0.0030653902795165777, 0.003235078416764736, -0.0024279437493532896, 0.0012076052371412516, 0.0022584146354347467], [6.203808152349666e-05, -0.00015767908189445734, -0.00014076204388402402, 0.00014890824968460947, 0.0009104601922444999, -0.004799329675734043, 0.010463585145771503, -0.006094496231526136, 0.002738783834502101, -0.0010434663854539394, -0.0013490369310602546, 0.00016807233623694628, 0.0006603007204830647], [-0.0001954826439032331, -0.0002843724796548486, 7.991364691406488e-05, 0.0009236198966391385, -0.0004891339922323823, 0.0016984358662739396, -0.006094496231526136, 0.013152913190424442, -0.0051526702009141445, 0.0015005464665591717, 0.0004857790772803128, -4.069416536367498e-05, -0.0016910741105675697], [0.0001612553169252351, -1.0799742085509934e-05, 0.0004153426270931959, -0.0010774070397019386, 0.00015502606402151287, -0.0030653902795165777, 0.002738783834502101, -0.0051526702009141445, 0.012633631005883217, -0.004210038110613823, -0.0015238020569086075, 0.0018202454084530473, 0.0012039433931931853], [-0.00025171885499730706, -0.00011910939065273851, -0.00027529429644346237, 0.0007413207786157727, -0.000896541285328567, 0.003235078416764736, -0.0010434663854539394, 0.0015005464665591717, -0.004210038110613823, 0.011544727720320225, -0.002950347727164626, -0.004379705525934696, 0.002229186939075589], [0.00016057076572906226, -7.51597763155587e-05, 0.0009973242413252592, 0.0002143279416486621, 0.0011799628846347332, -0.0024279437493532896, -0.0013490369310602546, 0.0004857790772803128, -0.0015238020569086075, -0.002950347727164626, 0.011603737249970436, 0.00031966439564712346, -0.0007989842561073601], [-0.0002584046742413193, 0.00020620798750314862, -0.0003244198742322624, -0.00017601675062905997, -0.00027554258122108877, 0.0012076052371412516, 0.00016807233623694628, -4.069416536367498e-05, 0.0018202454084530473, -0.004379705525934696, 0.00031966439564712346, 0.016607139259576797, -0.003064280841499567], [1.010141204460524e-06, -0.00011484905553516, -0.0001683695736574009, 0.0007318034768104553, -0.0016988808056339622, 0.0022584146354347467, 0.0006603007204830647, -0.0016910741105675697, 0.0012039433931931853, 0.002229186939075589, -0.0007989842561073601, -0.003064280841499567, 0.014999235048890114]], "metadata.audio_properties.analysis.downmix": "mix", "metadata.audio_properties.codec": "mp3", "metadata.audio_properties.md5_encoded": "0c563f776ea51c329f90ff2a328b5fcb", "metadata.tags.file_name": "1182273662544510997.mp3", "metadata.version.essentia": "2.1-beta6-dev", "metadata.version.essentia_git_sha": "v2.1_beta5-1110-g77a6a954", "metadata.version.extractor"