{"song_id": "1182269406840115251", "download": "https://cdn.discordapp.com/attachments/1128313332273782784/1182269406840115251/chirp.mp4?ex=65841530&amp", "lyrics": "Tu discendi dalle stelle del cielo,\nPortando speranza e amore come i giorni passano,\nUn umile dono avvolto nella luce celeste,\nGuidandoci attraverso la notte invernale pi\u00f9 buia.In una mangiatoia, hai trovato il tuo modesto letto,\nUn salvatore nato, il filo della salvezza,\nDai campi di Betlemme alla sabbia rovente del deserto,\nLa tua presenza brilla, come una mano guida.", "style": ["slow wintery"], "essentia_features": {"lowlevel.average_loudness": 0.9397046566009521, "lowlevel.barkbands_crest.mean": 11.913456916809082, "lowlevel.barkbands_crest.stdev": 5.076951503753662, "lowlevel.barkbands_flatness_db.mean": 0.2513217628002167, "lowlevel.barkbands_flatness_db.stdev": 0.09494468569755554, "lowlevel.barkbands_kurtosis.mean": 31.010347366333008, "lowlevel.barkbands_kurtosis.stdev": 133.8621368408203, "lowlevel.barkbands_skewness.mean": 2.2218286991119385, "lowlevel.barkbands_skewness.stdev": 4.1796417236328125, "lowlevel.barkbands_spread.mean": 10.397306442260742, "lowlevel.barkbands_spread.stdev": 14.028985023498535, "lowlevel.dissonance.mean": 0.43002381920814514, "lowlevel.dissonance.stdev": 0.05958148464560509, "lowlevel.dynamic_complexity": 7.817176342010498, "lowlevel.erbbands_crest.mean": 11.782180786132812, "lowlevel.erbbands_crest.stdev": 4.669762134552002, "lowlevel.erbbands_flatness_db.mean": 0.24538394808769226, "lowlevel.erbbands_flatness_db.stdev": 0.0830443799495697, "lowlevel.erbbands_kurtosis.mean": 5.218227863311768, "lowlevel.erbbands_kurtosis.stdev": 8.880756378173828, "lowlevel.erbbands_skewness.mean": 1.098602056503296, "lowlevel.erbbands_skewness.stdev": 1.4273563623428345, "lowlevel.erbbands_spread.mean": 21.007381439208984, "lowlevel.erbbands_spread.stdev": 20.895462036132812, "lowlevel.hfc.mean": 8.60348129272461, "lowlevel.hfc.stdev": 13.847366333007812, "lowlevel.loudness_ebu128.integrated": -30.67253303527832, "lowlevel.loudness_ebu128.loudness_range": 1.3171215057373047, "lowlevel.loudness_ebu128.momentary.mean": -32.99673080444336, "lowlevel.loudness_ebu128.momentary.stdev": 7.4423346519470215, "lowlevel.loudness_ebu128.short_term.mean": -31.03066635131836, "lowlevel.loudness_ebu128.short_term.stdev": 0.5966801643371582, "lowlevel.melbands_crest.mean": 14.904778480529785, "lowlevel.melbands_crest.stdev": 7.889540672302246, "lowlevel.melbands_flatness_db.mean": 0.3235379457473755, "lowlevel.melbands_flatness_db.stdev": 0.12861374020576477, "lowlevel.melbands_kurtosis.mean": 56.65035629272461, "lowlevel.melbands_kurtosis.stdev": 321.15972900390625, "lowlevel.melbands_skewness.mean": 2.729520082473755, "lowlevel.melbands_skewness.stdev": 5.957437992095947, "lowlevel.melbands_spread.mean": 17.215810775756836, "lowlevel.melbands_spread.stdev": 27.09817123413086, "lowlevel.pitch_salience.mean": 0.6228080987930298, "lowlevel.pitch_salience.stdev": 0.19536305963993073, "lowlevel.silence_rate_20dB.mean": 1.0, "lowlevel.silence_rate_20dB.stdev": 0.0, "lowlevel.silence_rate_30dB.mean": 0.9878419637680054, "lowlevel.silence_rate_30dB.stdev": 0.10959123820066452, "lowlevel.silence_rate_60dB.mean": 0.32826748490333557, "lowlevel.silence_rate_60dB.stdev": 0.4695810377597809, "lowlevel.spectral_centroid.mean": 1088.698486328125, "lowlevel.spectral_centroid.stdev": 1147.3203125, "lowlevel.spectral_complexity.mean": 6.760891437530518, "lowlevel.spectral_complexity.stdev": 5.527268409729004, "lowlevel.spectral_decrease.mean": -4.328015279497777e-09, "lowlevel.spectral_decrease.stdev": 6.405929120489873e-09, "lowlevel.spectral_energy.mean": 0.01711527444422245, "lowlevel.spectral_energy.stdev": 0.02522212825715542, "lowlevel.spectral_energyband_high.mean": 0.00017475923232268542, "lowlevel.spectral_energyband_high.stdev": 0.0008384496904909611, "lowlevel.spectral_energyband_low.mean": 0.0011819683713838458, "lowlevel.spectral_energyband_low.stdev": 0.002375697484239936, "lowlevel.spectral_energyband_middle_high.mean": 0.001251615583896637, "lowlevel.spectral_energyband_middle_high.stdev": 0.002624207641929388, "lowlevel.spectral_energyband_middle_low.mean": 0.014866230078041553, "lowlevel.spectral_energyband_middle_low.stdev": 0.0229180958122015, "lowlevel.spectral_entropy.mean": 6.694497585296631, "lowlevel.spectral_entropy.stdev": 1.0110896825790405, "lowlevel.spectral_flux.mean": 0.06892631202936172, "lowlevel.spectral_flux.stdev": 0.05513148009777069, "lowlevel.spectral_kurtosis.mean": 21.251863479614258, "lowlevel.spectral_kurtosis.stdev": 22.413476943969727, "lowlevel.spectral_rms.mean": 0.0031481890473514795, "lowlevel.spectral_rms.stdev": 0.002605137648060918, "lowlevel.spectral_rolloff.mean": 1253.5733642578125, "lowlevel.spectral_rolloff.stdev": 2062.882568359375, "lowlevel.spectral_skewness.mean": 3.220637083053589, "lowlevel.spectral_skewness.stdev": 1.8222930431365967, "lowlevel.spectral_spread.mean": 3279160.25, "lowlevel.spectral_spread.stdev": 1987719.875, "lowlevel.spectral_strongpeak.mean": 0.7663606405258179, "lowlevel.spectral_strongpeak.stdev": 0.9685691595077515, "lowlevel.zerocrossingrate.mean": 0.04680623486638069, "lowlevel.zerocrossingrate.stdev": 0.06202191114425659, "metadata.audio_properties.analysis.equal_loudness": 0.0, "metadata.audio_properties.analysis.length": 22.890657424926758, "metadata.audio_properties.analysis.sample_rate": 44100.0, "metadata.audio_properties.analysis.start_time": 0.0, "metadata.audio_properties.bit_rate": 120209.0, "metadata.audio_properties.length": 22.890666961669922, "metadata.audio_properties.lossless": 0.0, "metadata.audio_properties.number_channels": 1.0, "metadata.audio_properties.replay_gain": 1.6703662872314453, "metadata.audio_properties.sample_rate": 48000.0, "rhythm.beats_count": 37.0, "rhythm.beats_loudness.mean": 0.02345413714647293, "rhythm.beats_loudness.stdev": 0.02435111813247204, "rhythm.bpm": 99.11408233642578, "rhythm.bpm_histogram_first_peak_bpm": 99.0, "rhythm.bpm_histogram_first_peak_weight": 0.4166666865348816, "rhythm.bpm_histogram_second_peak_bpm": 115.0, "rhythm.bpm_histogram_second_peak_spread": 0.5454545617103577, "rhythm.bpm_histogram_second_peak_weight": 0.1388888955116272, "rhythm.danceability": 1.963720679283142, "rhythm.onset_rate": 5.369658470153809, "tonal.chords_changes_rate": 0.08097165822982788, "tonal.chords_number_rate": 0.010121457278728485, "tonal.chords_strength.mean": 0.5938041806221008, "tonal.chords_strength.stdev": 0.12446687370538712, "tonal.hpcp_crest.mean": 11.668485641479492, "tonal.hpcp_crest.stdev": 5.569599151611328, "tonal.hpcp_entropy.mean": 2.2876017093658447, "tonal.hpcp_entropy.stdev": 0.7511201500892639, "tonal.key_edma.strength": 0.6564841866493225, "tonal.key_krumhansl.strength": 0.6595733165740967, "tonal.key_temperley.strength": 0.6740380525588989, "tonal.tuning_diatonic_strength": 0.6230167746543884, "tonal.tuning_equal_tempered_deviation": 0.20861779153347015, "tonal.tuning_frequency": 435.9522705078125, "tonal.tuning_nontempered_energy_ratio": 0.848302960395813, "lowlevel.barkbands.mean": [2.623945511004422e-05, 0.00036557778366841376, 0.00048322079237550497, 0.0019854360725730658, 0.0037987481337040663, 0.002463824115693569, 0.0032175665255635977, 0.002274257130920887, 0.0010287644108757377, 0.0002626357018016279, 0.00024529703659936786, 0.00023038359358906746, 0.00014619996363762766, 0.00015055113181006163, 7.278968405444175e-05, 2.2391672246158123e-05, 5.452811092254706e-05, 3.7932812119834125e-05, 4.2689713154686615e-05, 3.988808748545125e-05, 1.7937745724339038e-05, 6.104289059294388e-05, 4.294453174225055e-05, 2.1722009478253312e-05, 1.5080971934366971e-05, 7.4741747084772214e-06, 1.7047292999450292e-07], "lowlevel.barkbands.stdev": [7.48280217521824e-05, 0.0005075418739579618, 0.0018521581077948213, 0.002554630860686302, 0.005984813440591097, 0.006469071842730045, 0.00881222728639841, 0.008908532559871674, 0.005545174237340689, 0.0008391092997044325, 0.0008964440203271806, 0.0008814423927105963, 0.0005889422609470785, 0.0007194836507551372, 0.0002814066829159856, 0.00013562507228925824, 0.00017777943867258728, 0.00012089523079339415, 0.00021680185454897583, 0.0001558896037749946, 8.896252984413877e-05, 0.00031732689240016043, 0.00024318022769875824, 0.00013505025708582252, 9.33978080865927e-05, 5.499934559338726e-05, 2.1660584934579674e-06], "lowlevel.erbbands.mean": [0.002684776671230793, 0.11193756014108658, 0.5812625288963318, 2.8616275787353516, 13.197842597961426, 8.666177749633789, 17.097211837768555, 22.811721801757812, 39.9417839050293, 54.77283477783203, 40.85361099243164, 20.748382568359375, 9.977312088012695, 7.9902262687683105, 11.166546821594238, 8.981032371520996, 7.1325178146362305, 8.001914978027344, 5.375725269317627, 2.2883822917938232, 1.285656452178955, 3.2192273139953613, 2.532701015472412, 1.3108772039413452, 2.9272854328155518, 1.8157312870025635, 0.7269430756568909, 0.9333382844924927, 2.0810186862945557, 2.066720724105835, 1.0339667797088623, 0.4357682168483734, 0.4035435914993286, 0.21594171226024628, 0.0865926668047905, 0.02709932066500187, 0.016295069828629494, 0.0022469060495495796, 5.2523493650369346e-05, 2.1193092834437266e-05], "lowlevel.erbbands.stdev": [0.0031947186216712, 0.15788312256336212, 1.5255661010742188, 3.9114503860473633, 20.055334091186523, 15.848194122314453, 53.863529205322266, 50.59878158569336, 93.97755432128906, 163.17294311523438, 153.97584533691406, 98.68640899658203, 35.92716979980469, 23.826629638671875, 40.793479919433594, 36.382080078125, 27.536640167236328, 40.41984176635742, 16.619264602661133, 9.77874755859375, 6.431675910949707, 10.386341094970703, 7.657987594604492, 5.808769226074219, 12.543329238891602, 7.238285541534424, 3.719322443008423, 4.521724700927734, 10.84127140045166, 11.590875625610352, 5.847014427185059, 2.527440309524536, 2.55519962310791, 1.3143060207366943, 0.5911913514137268, 0.20292633771896362, 0.1301620751619339, 0.01885983720421791, 0.0003646555414889008, 3.068150908802636e-05], "lowlevel.gfcc.mean": [-190.3499755859375, 119.71265411376953, -89.23062133789062, 14.39590835571289, -60.66075897216797, -1.429071307182312, -45.91264343261719, 5.7285003662109375, -25.324430465698242, -5.950894355773926, -3.422635316848755, -3.377283811569214, -18.013822555541992], "lowlevel.melbands.mean": [6.125411164248362e-05, 0.0002525009331293404, 0.0009162458009086549, 0.0007540915976278484, 0.00057546969037503, 0.0004870251868851483, 0.0006540769245475531, 0.0006101996405050159, 0.000319587328704074, 0.00011799093044828624, 4.7379515308421105e-05, 3.108528471784666e-05, 3.6491073842626065e-05, 2.733899418672081e-05, 1.9792238163063303e-05, 1.4877260582579765e-05, 1.4528007341141347e-05, 9.159790351986885e-06, 4.644209639081964e-06, 1.8280065887665842e-06, 1.3381282997215749e-06, 3.033589337064768e-06, 3.7416600662254496e-06, 1.3013685702389921e-06, 9.318511047240463e-07, 1.8386010651738616e-06, 2.3552154289063765e-06, 8.695562314642302e-07, 4.2264471744601906e-07, 3.969840065565222e-07, 5.821121931148809e-07, 1.2102973414584994e-06, 1.179335299639206e-06, 1.1147800478283898e-06, 6.39536324342771e-07, 3.7276109310369065e-07, 2.229716358215228e-07, 2.7506544597599714e-07, 2.604126621008618e-07, 1.6115517098569399e-07], "lowlevel.melbands.stdev": [8.01822025096044e-05, 0.0005668021040037274, 0.0011861881939694285, 0.001164336921647191, 0.0015258523635566235, 0.0011186685878783464, 0.0016317112604156137, 0.0019475623266771436, 0.0013233504723757505, 0.0005709403194487095, 0.0001724696921883151, 9.547529043629766e-05, 0.00013673913781531155, 9.49093300732784e-05, 9.5874369435478e-05, 6.719005614286289e-05, 7.547446875832975e-05, 2.878945269912947e-05, 2.0896508431178518e-05, 9.99670010060072e-06, 6.777029739168938e-06, 1.1316023119434249e-05, 1.1796691978815943e-05, 4.262618858774658e-06, 4.469265149964485e-06, 9.731270438351203e-06, 8.768351108301431e-06, 3.795723387156613e-06, 2.2868878204462817e-06, 2.0891945951007074e-06, 2.9480120247171726e-06, 6.542085429828148e-06, 6.327260962279979e-06, 6.487869995908113e-06, 3.6602434647647897e-06, 2.1712535271944944e-06, 1.4300964039648534e-06, 1.8484131487639388e-06, 1.658397309256543e-06, 9.980864206227125e-07], "lowlevel.melbands128.mean": [1.1014675692422315e-05, 5.451562628877582e-06, 4.339182123658247e-05, 0.00023606664035469294, 0.0003047004865948111, 0.0002159184223273769, 0.00028451072284951806, 0.0013803576584905386, 0.0016179989324882627, 0.0004867684911005199, 0.0003545357321854681, 0.0006971288239583373, 0.0006463491008616984, 0.0004095879849046469, 0.0005412283353507519, 0.0005174537072889507, 0.00038949589361436665, 0.0008287308155559003, 0.0008221462485380471, 0.0004997691139578819, 0.0006999386241659522, 0.00034760654671117663, 0.0002747519174590707, 0.00028843441396020353, 9.576504089636728e-05, 8.776936738286167e-05, 5.427582800621167e-05, 4.7126857680268586e-05, 3.4021646570181474e-05, 3.2944168196991086e-05, 2.820201189024374e-05, 2.997678893734701e-05, 4.041998545289971e-05, 3.965400537708774e-05, 2.992468398588244e-05, 2.3406439140671864e-05, 2.278637475683354e-05, 2.257727646792773e-05, 1.5746229109936394e-05, 1.376123236696003e-05, 1.4004301192471758e-05, 1.659412373555824e-05, 1.7330003174720332e-05, 1.2298540241317824e-05, 9.635833521315362e-06, 9.495482117927168e-06, 7.254256161104422e-06, 5.304013939166907e-06, 3.2227130759565625e-06, 2.3426596271747258e-06, 1.5000902067185962e-06, 1.5649391116312472e-06, 1.1548220300028333e-06, 1.2370267086225795e-06, 1.6978916619336815e-06, 3.1394895358971553e-06, 4.111263024242362e-06, 4.665334472520044e-06, 3.7141903703741264e-06, 1.8250063931191107e-06, 1.1534843906702008e-06, 8.441342060905299e-07, 8.087214951046917e-07, 8.454676390101667e-07, 1.3025003227085108e-06, 1.636048182263039e-06, 2.274137159474776e-06, 2.7703374598786468e-06, 2.3488159968110267e-06, 1.992564421016141e-06, 8.182240662790718e-07, 3.1164731240096444e-07, 3.9485951219830895e-07, 4.670612838708621e-07, 4.1716396026458824e-07, 4.088078071617929e-07, 3.689741561174742e-07, 4.1726539734554535e-07, 4.905843411506794e-07, 8.604130243838881e-07, 1.2186789035695256e-06, 1.3927408417657716e-06, 1.164096943284676e-06, 9.815486237130244e-07, 1.4123253322395612e-06, 1.278305262530921e-06, 1.0117572628587368e-06, 8.102506967588852e-07, 6.440325250878232e-07, 4.923760457131721e-07, 4.295696953704464e-07, 3.7181149536991143e-07, 2.0426546143426094e-07, 2.002706338544158e-07, 2.4958745825642836e-07, 2.3436027163370454e-07, 2.6417362164465885e-07, 3.611210956933064e-07, 2.8708973331958987e-07, 1.9990520172541437e-07, 1.7275512220749079e-07, 1.6037624561704433e-07, 1.403098508490075e-07, 1.0768385294568361e-07, 1.2684081696079375e-07, 6.285220166546424e-08, 4.759214888849783e-08, 2.916529773244747e-08, 3.809711657254411e-08, 4.8353328452321875e-08, 6.900682336663522e-08, 5.2637410874467605e-08, 5.768626110125297e-08, 5.012837434037465e-08, 4.048884605367675e-08, 2.7748107811476075e-08, 7.1568604376182066e-09, 5.170087136185941e-10, 2.06631975419036e-10, 7.318767120123582e-12, 5.363783202316785e-12, 4.6955395301140346e-12, 4.693868124044931e-12, 4.516741581445105e-12, 3.843969847289186e-12, 2.6052298339462876e-12, 1.9524971917039835e-12, 1.8522342947607795e-12], "lowlevel.melbands128.stdev": [2.670294816198293e-05, 9.272072020394262e-06, 6.212905282154679e-05, 0.0003345742588862777, 0.0006665980909019709, 0.0010111021110787988, 0.0006693574832752347, 0.0018265597755089402, 0.0026665886398404837, 0.0013121854281052947, 0.0009250186267308891, 0.001393912360072136, 0.0025526429526507854, 0.0016038338653743267, 0.0013138940557837486, 0.0014094571815803647, 0.001178011647425592, 0.0023199631832540035, 0.0029529936145991087, 0.0016969091957435012, 0.003182436106726527, 0.0014811750734224916, 0.001439552754163742, 0.001862762263044715, 0.00044756123679690063, 0.0004242008726578206, 0.0002650386013556272, 0.00017683583428151906, 0.00011652236571535468, 0.00013092064182274044, 8.67858252604492e-05, 0.00011210868979105726, 0.0001838884491007775, 0.0001720295549603179, 0.00012914935359731317, 9.1995854745619e-05, 0.00013949349522590637, 0.00012641145440284163, 7.797677244525403e-05, 6.454356480389833e-05, 7.570698653580621e-05, 0.00010197195661021397, 0.0001157726437668316, 5.4803786042612046e-05, 3.600377749535255e-05, 3.5994489735458046e-05, 3.0721144867129624e-05, 3.120877590845339e-05, 1.7008507711580023e-05, 1.2419202903402038e-05, 8.08352433523396e-06, 1.506627904745983e-05, 6.116164968261728e-06, 5.586759471043479e-06, 8.047023584367707e-06, 1.60429462994216e-05, 1.3626851796288975e-05, 1.751276977302041e-05, 1.4776082025491633e-05, 6.806254987168359e-06, 4.6610471144958865e-06, 2.894149702115101e-06, 3.2329503483197186e-06, 4.156836894253502e-06, 1.0083173037855886e-05, 1.0397957339591812e-05, 1.0888684300880414e-05, 1.2007731129415333e-05, 9.43281611398561e-06, 8.843408068059944e-06, 4.485279987420654e-06, 1.4253387234930415e-06, 2.2134977371024434e-06, 2.8106317131459946e-06, 2.2354154225467937e-06, 2.8377078251651255e-06, 1.9000571001015487e-06, 2.1965036012261407e-06, 2.7344151476427214e-06, 4.690587502409471e-06, 7.317189101740951e-06, 8.010784767975565e-06, 6.423309969250113e-06, 5.0502117119322065e-06, 9.253764801542275e-06, 7.764321708236821e-06, 6.383460004144581e-06, 4.8502542995265685e-06, 3.902707248926163e-06, 3.2409923278464703e-06, 2.586969230833347e-06, 2.240919457108248e-06, 1.2689599770965287e-06, 1.313740085606696e-06, 1.871887207016698e-06, 1.8864587900679908e-06, 1.7774599427866633e-06, 2.2515175714943325e-06, 1.953695345946471e-06, 1.4594462527384167e-06, 1.034914475894766e-06, 1.0438060371598112e-06, 9.715125770526356e-07, 8.514401770298718e-07, 1.000940756057389e-06, 4.6282454491120006e-07, 3.5801207332042395e-07, 2.0568919012475817e-07, 3.1762564844939334e-07, 4.6732907321711536e-07, 7.007330395936151e-07, 4.348126196873636e-07, 5.30751663063711e-07, 4.231498280660162e-07, 3.3395963328075595e-07, 2.69200938873837e-07, 8.151461372563062e-08, 1.087146106470982e-08, 5.276571179990697e-09, 5.1823927094130084e-11, 1.3926386085993947e-11, 5.0857499635237335e-12, 4.91459867593691e-12, 4.841653120091216e-12, 4.767489354684518e-12, 4.699926212103911e-12, 4.660034944731217e-12, 4.6343632056911055e-12], "lowlevel.mfcc.mean": [-846.0040283203125, 160.62635803222656, 23.908111572265625, 14.67286205291748, 9.603099822998047, -12.26309585571289, -3.425382375717163, 4.649517059326172, -19.47990608215332, -2.8000457286834717, 9.738865852355957, -12.136740684509277, 7.216678619384766], "lowlevel.spectral_contrast_coeffs.mean": [-0.6932575106620789, -0.7591953873634338, -0.8264261484146118, -0.8113669753074646, -0.758198618888855, -0.8073481321334839], "lowlevel.spectral_contrast_coeffs.stdev": [0.12614589929580688, 0.10980355739593506, 0.07109548151493073, 0.06885527819395065, 0.08189544081687927, 0.05369384214282036], "lowlevel.spectral_contrast_valleys.mean": [-8.104473114013672, -7.759933948516846, -8.81546688079834, -9.648959159851074, -10.187972068786621, -12.456175804138184], "lowlevel.spectral_contrast_valleys.stdev": [1.786514163017273, 1.9919458627700806, 1.7463759183883667, 1.4921669960021973, 1.399241328239441, 1.322213888168335], "rhythm.beats_loudness_band_ratio.mean": [0.30493491888046265, 0.33646923303604126, 0.30642232298851013, 0.067378930747509, 0.019945478066802025, 0.03666192665696144], "rhythm.beats_loudness_band_ratio.stdev": [0.20816972851753235, 0.2612464427947998, 0.23606835305690765, 0.08830082416534424, 0.04056287556886673, 0.161664679646492], "tonal.hpcp.mean": [0.13860541582107544, 0.1405964195728302, 0.134930819272995, 0.12351159751415253, 0.1051725223660469, 0.07985880970954895, 0.07544168829917908, 0.08100444823503494, 0.08717247098684311, 0.11886927485466003, 0.16735701262950897, 0.16423504054546356, 0.11412785947322845, 0.08678444474935532, 0.0697137638926506, 0.06099723279476166, 0.06876188516616821, 0.08483376353979111, 0.09503386169672012, 0.08529117703437805, 0.07288333773612976, 0.06968371570110321, 0.08796268701553345, 0.24798612296581268, 0.3898230493068695, 0.339434951543808, 0.3170071244239807, 0.29965072870254517, 0.21756306290626526, 0.16301874816417694, 0.13212552666664124, 0.12343260645866394, 0.11409401148557663, 0.09579502046108246, 0.10144645720720291, 0.12423857301473618], "tonal.hpcp.stdev": [0.23407769203186035, 0.22598427534103394, 0.23602132499217987, 0.2308310866355896, 0.22005751729011536, 0.17944805324077606, 0.1628110706806183, 0.17927131056785583, 0.17023397982120514, 0.20682570338249207, 0.23144026100635529, 0.23907820880413055, 0.17950382828712463, 0.1753532588481903, 0.13682705163955688, 0.129553884267807, 0.161139577627182, 0.17895500361919403, 0.18527890741825104, 0.17255394160747528, 0.1497994065284729, 0.14272890985012054, 0.1799681931734085, 0.30158403515815735, 0.40527111291885376, 0.31440672278404236, 0.333469957113266, 0.3405258059501648, 0.29391875863075256, 0.2628965675830841, 0.2300204336643219, 0.22779592871665955, 0.22200645506381989, 0.1883826106786728, 0.20706461369991302, 0.22251395881175995], "rhythm.beats_position": [0.7662584781646729, 1.5325169563293457, 2.287165403366089, 3.0302040576934814, 3.7848525047302246, 4.458230972290039, 5.131609916687012, 5.804988384246826, 6.4551472663879395, 7.116916179656982, 7.743854522705078, 8.382403373718262, 8.916461944580078, 9.427301406860352, 9.938140869140625, 10.460589408874512, 10.983037948608398, 11.505487442016602, 12.039546012878418, 12.550385475158691, 13.072834014892578, 13.595283508300781, 14.129342079162598, 14.675010681152344, 15.278729438781738, 15.85922908782959, 16.428117752075195, 17.020225524902344, 17.589115142822266, 18.181224822998047, 18.784942626953125, 19.411882400512695, 20.015600204467773, 20.619319915771484, 21.223037719726562, 21.838367462158203, 22.45369529724121], "rhythm.bpm_histogram": [0.0, 0.0, 0.0, 0.0, 0.0, 0.0, 0.0, 0.0, 0.0, 0.0, 0.0, 0.0, 0.0, 0.0, 0.0, 0.0, 0.0, 0.0, 0.0, 0.0, 0.0, 0.0, 0.0, 0.0, 0.0, 0.0, 0.0, 0.0, 0.0, 0.0, 0.0, 0.0, 0.0, 0.0, 0.0, 0.0, 0.0, 0.0, 0.0, 0.0, 0.0, 0.0, 0.0, 0.0, 0.0, 0.0, 0.0, 0.0, 0.0, 0.0, 0.0, 0.0, 0.0, 0.0, 0.0, 0.0, 0.0, 0.0, 0.0, 0.0, 0.0, 0.0, 0.0, 0.0, 0.0, 0.0, 0.0, 0.0, 0.0, 0.0, 0.0, 0.0, 0.0, 0.0, 0.0, 0.0, 0.0, 0.0, 0.02777777798473835, 0.0, 0.0555555559694767, 0.02777777798473835, 0.0, 0.0, 0.0, 0.0, 0.0, 0.0, 0.0, 0.0833333358168602, 0.0, 0.02777777798473835, 0.02777777798473835, 0.0, 0.02777777798473835, 0.0, 0.0555555559694767, 0.0, 0.0555555559694767, 0.1388888955116272, 0.0, 0.0555555559694767, 0.0, 0.02777777798473835, 0.0, 0.0555555559694767, 0.0, 0.0, 0.0, 0.0, 0.02777777798473835, 0.0, 0.0833333358168602, 0.0, 0.0, 0.1388888955116272, 0.0, 0.0833333358168602, 0.0, 0.0, 0.0, 0.0, 0.0, 0.0, 0.0, 0.0, 0.0, 0.0, 0.0, 0.0, 0.0, 0.0, 0.0, 0.0, 0.0, 0.0, 0.0, 0.0, 0.0, 0.0, 0.0, 0.0, 0.0, 0.0, 0.0, 0.0, 0.0, 0.0, 0.0, 0.0, 0.0, 0.0, 0.0, 0.0, 0.0, 0.0, 0.0, 0.0, 0.0, 0.0, 0.0, 0.0, 0.0, 0.0, 0.0, 0.0, 0.0, 0.0, 0.0, 0.0, 0.0, 0.0, 0.0, 0.0, 0.0, 0.0, 0.0, 0.0, 0.0, 0.0, 0.0, 0.0, 0.0, 0.0, 0.0, 0.0, 0.0, 0.0, 0.0, 0.0, 0.0, 0.0, 0.0, 0.0, 0.0, 0.0, 0.0, 0.0, 0.0, 0.0, 0.0, 0.0, 0.0, 0.0, 0.0, 0.0, 0.0, 0.0, 0.0, 0.0, 0.0, 0.0, 0.0, 0.0, 0.0, 0.0, 0.0, 0.0, 0.0, 0.0, 0.0, 0.0, 0.0, 0.0, 0.0, 0.0, 0.0, 0.0, 0.0, 0.0, 0.0, 0.0, 0.0, 0.0, 0.0, 0.0, 0.0, 0.0, 0.0, 0.0, 0.0, 0.0, 0.0, 0.0, 0.0, 0.0, 0.0, 0.0, 0.0, 0.0], "tonal.chords_histogram": [2.6315789222717285, 6.275303840637207, 44.33198547363281, 0.0, 0.0, 0.0, 0.0, 0.0, 6.4777326583862305, 40.28340148925781, 0.0, 0.0, 0.0, 0.0, 0.0, 0.0, 0.0, 0.0, 0.0, 0.0, 0.0, 0.0, 0.0, 0.0], "tonal.thpcp": [1.0, 0.8707411289215088, 0.813207745552063, 0.7686839699745178, 0.5581072568893433, 0.4181865155696869, 0.3389371931552887, 0.3166375160217285, 0.2926815450191498, 0.24573975801467896, 0.2602371871471405, 0.3187050521373749, 0.3555598258972168, 0.36066728830337524, 0.3461335003376007, 0.31684017181396484, 0.2697955369949341, 0.20485912263393402, 0.19352804124355316, 0.20779798924922943, 0.22362062335014343, 0.3049313724040985, 0.42931532859802246, 0.42130663990974426, 0.29276835918426514, 0.2226252257823944, 0.17883437871932983, 0.15647415816783905, 0.1763925552368164, 0.21762120723724365, 0.24378718435764313, 0.21879459917545319, 0.1869651824235916, 0.17875729501247406, 0.2256477326154709, 0.6361504793167114], "lowlevel.gfcc.cov": [[22277.23046875, 3992.2099609375, -1023.3721923828125, -1323.3199462890625, -1001.5150756835938, -1742.08837890625, -1650.0946044921875, -570.0642700195312, -458.620361328125, -700.14892578125, -13.448723793029785, -708.9426879882812, -986.4866333007812], [3992.2099609375, 6503.169921875, 1423.513427734375, -1650.3824462890625, -150.85855102539062, -1210.4156494140625, -379.5016174316406, -415.58880615234375, -456.6551513671875, -1092.0887451171875, 289.3697814941406, -389.9931945800781, -75.4664077758789], [-1023.3721923828125, 1423.513427734375, 1612.76513671875, -141.50274658203125, -43.96419906616211, -362.564697265625, -43.07220458984375, -159.66029357910156, -129.57281494140625, -307.4970397949219, -44.27906036376953, 12.043441772460938, 129.28369140625], [-1323.3199462890625, -1650.3824462890625, -141.50274658203125, 1222.121826171875, 201.9784393310547, 169.3142547607422, -214.30177307128906, -192.53570556640625, 267.47003173828125, 259.6655578613281, -110.29545593261719, 84.37399291992188, 213.03990173339844], [-1001.5150756835938, -150.85855102539062, -43.96419906616211, 201.9784393310547, 375.80755615234375, 77.77603149414062, -93.13800048828125, -50.994564056396484, 115.42765808105469, 72.30403900146484, -6.76897668838501, -2.559354305267334, 62.30204772949219], [-1742.08837890625, -1210.4156494140625, -362.564697265625, 169.3142547607422, 77.77603149414062, 551.938720703125, 249.07406616210938, 150.19004821777344, 68.82862854003906, 230.8874969482422, -9.19224739074707, 81.71570587158203, 33.02543258666992], [-1650.0946044921875, -379.5016174316406, -43.07220458984375, -214.30177307128906, -93.13800048828125, 249.07406616210938, 703.0059814453125, 249.52235412597656, -216.7632293701172, 35.8696174621582, 69.14897918701172, 64.13304138183594, 6.097734451293945], [-570.0642700195312, -415.58880615234375, -159.66029357910156, -192.53570556640625, -50.994564056396484, 150.19004821777344, 249.52235412597656, 367.13653564453125, -11.206146240234375, 47.54385757446289, 5.0267510414123535, 35.76805877685547, -43.033851623535156], [-458.620361328125, -456.6551513671875, -129.57281494140625, 267.47003173828125, 115.42765808105469, 68.82862854003906, -216.7632293701172, -11.206146240234375, 365.06842041015625, 113.7675552368164, -66.68017578125, 32.82801055908203, 39.80091094970703], [-700.14892578125, -1092.0887451171875, -307.4970397949219, 259.6655578613281, 72.30403900146484, 230.8874969482422, 35.8696174621582, 47.54385757446289, 113.7675552368164, 344.36102294921875, -43.77714920043945, 46.48331832885742, -20.257064819335938], [-13.448723793029785, 289.3697814941406, -44.27906036376953, -110.29545593261719, -6.76897668838501, -9.19224739074707, 69.14897918701172, 5.0267510414123535, -66.68017578125, -43.77714920043945, 167.0572509765625, 3.070725679397583, -21.821496963500977], [-708.9426879882812, -389.9931945800781, 12.043441772460938, 84.37399291992188, -2.559354305267334, 81.71570587158203, 64.13304138183594, 35.76805877685547, 32.82801055908203, 46.48331832885742, 3.070725679397583, 182.36123657226562, 32.85868835449219], [-986.4866333007812, -75.4664077758789, 129.28369140625, 213.03990173339844, 62.30204772949219, 33.02543258666992, 6.097734451293945, -43.033851623535156, 39.80091094970703, -20.257064819335938, -21.821496963500977, 32.85868835449219, 210.66171264648438]], "lowlevel.gfcc.icov": [[0.0001374292914988473, -2.597237289592158e-05, 0.00018200714839622378, -8.39891526993597e-06, 0.0002759506169240922, 0.00021883130830246955, 0.00029366539092734456, 3.232714516343549e-05, 0.00020658478024415672, 8.029642776818946e-05, 0.0001494682946940884, 0.00013891130220144987, 0.0003757376398425549], [-2.597237289592158e-05, 0.0009765424765646458, -0.00031794761889614165, 0.0011196747655048966, -0.00040891082608141005, 0.0007389174425043166, 7.443150389008224e-05, 0.0008020857349038124, -0.0002403595863142982, 0.001198616810142994, -0.0009462942834943533, 0.0008335629245266318, -0.0006095634307712317], [0.00018200714839622378, -0.00031794761889614165, 0.0012365133734419942, -0.00023459344811271876, 0.000380247161956504, 0.0005370437866076827, 0.00015620914928149432, 9.528313239570707e-05, 0.0004511550650931895, 0.00021526595810428262, 0.0009783008135855198, -0.0004321022133808583, 0.0001392857520841062], [-8.39891526993597e-06, 0.0011196747655048966, -0.00023459344811271876, 0.002922612242400646, -0.0005650913226418197, 0.0008103847503662109, 0.0003092849219683558, 0.0017050261376425624, -0.0006322257686406374, 0.000344185798894614, -0.0006763733690604568, 0.000624082691501826, -0.0020852922461926937], [0.0002759506169240922, -0.00040891082608141005, 0.000380247161956504, -0.0005650913226418197, 0.004013343248516321, -0.0003462796739768237, 0.0008659182349219918, 3.3477169836260146e-06, -0.00016106209659483284, -0.0006700697122141719, 2.2498443286167458e-05, 0.0005012610927224159, 0.00021696975454688072], [0.00021883130830246955, 0.0007389174425043166, 0.0005370437866076827, 0.0008103847503662109, -0.0003462796739768237, 0.004676826763898134, -0.000671103538479656, 0.0002868641458917409, -0.0002840542292688042, -0.00040390208596363664, -0.00036200604517944157, 0.00034811784280464053, -0.0004893881850875914], [0.00029366539092734456, 7.443150389008224e-05, 0.00015620914928149432, 0.0003092849219683558, 0.0008659182349219918, -0.000671103538479656, 0.003871891414746642, -0.001386766554787755, 0.0023253995459526777, -3.704612754518166e-05, -0.0005095209344290197, -2.1812111299368553e-05, -4.5329565182328224e-05], [3.232714516343549e-05, 0.0008020857349038124, 9.528313239570707e-05, 0.0017050261376425624, 3.3477169836260146e-06, 0.0002868641458917409, -0.001386766554787755, 0.005242525599896908, -0.001236736192367971, 0.0009916627313941717, -4.4956268538953736e-05, 0.00034900964237749577, -8.991231879917905e-06], [0.00020658478024415672, -0.0002403595863142982, 0.0004511550650931895, -0.0006322257686406374, -0.00016106209659483284, -0.0002840542292688042, 0.0023253995459526777, -0.001236736192367971, 0.005266902502626181, -0.000805448682513088, 0.0011132698273286223, -0.0006899463478475809, 0.0001663856382947415], [8.029642776818946e-05, 0.001198616810142994, 0.00021526595810428262, 0.000344185798894614, -0.0006700697122141719, -0.00040390208596363664, -3.704612754518166e-05, 0.0009916627313941717, -0.000805448682513088, 0.007334635592997074, -6.118665623944253e-05, 0.0006922702887095511, 0.001533506903797388], [0.0001494682946940884, -0.0009462942834943533, 0.0009783008135855198, -0.0006763733690604568, 2.2498443286167458e-05, -0.00036200604517944157, -0.0005095209344290197, -4.4956268538953736e-05, 0.0011132698273286223, -6.118665623944253e-05, 0.008275290951132774, -0.00141328654717654, 0.0013616455253213644], [0.00013891130220144987, 0.0008335629245266318, -0.0004321022133808583, 0.000624082691501826, 0.0005012610927224159, 0.00034811784280464053, -2.1812111299368553e-05, 0.00034900964237749577, -0.0006899463478475809, 0.0006922702887095511, -0.00141328654717654, 0.007425989490002394, -0.0006555019062943757], [0.0003757376398425549, -0.0006095634307712317, 0.0001392857520841062, -0.0020852922461926937, 0.00021696975454688072, -0.0004893881850875914, -4.5329565182328224e-05, -8.991231879917905e-06, 0.0001663856382947415, 0.001533506903797388, 0.0013616455253213644, -0.0006555019062943757, 0.008682782761752605]], "lowlevel.mfcc.cov": [[20097.345703125, 3266.58056640625, -970.5333862304688, -405.7615966796875, -55.91103744506836, -1426.2071533203125, -1236.7369384765625, -633.5220947265625, -1328.4676513671875, -511.6674499511719, 298.5010070800781, -649.553955078125, -155.82618713378906], [3266.58056640625, 7413.85888671875, 1170.83544921875, -568.111083984375, -77.21235656738281, -1359.2491455078125, -7.359710693359375, 108.58133697509766, -797.3696899414062, -745.3484497070312, -216.5494842529297, -473.28985595703125, 105.69979858398438], [-970.5333862304688, 1170.83544921875, 1274.3150634765625, 242.23202514648438, 12.209527015686035, -165.23985290527344, -75.69686126708984, 22.906782150268555, -71.27560424804688, -174.8182373046875, -295.39202880859375, -133.548095703125, 34.3792839050293], [-405.7615966796875, -568.111083984375, 242.23202514648438, 692.2569580078125, 241.75424194335938, 203.4028778076172, -216.77145385742188, -154.99005126953125, 21.495054244995117, -12.981112480163574, -175.33834838867188, -57.5508918762207, -31.367433547973633], [-55.91103744506836, -77.21235656738281, 12.209527015686035, 241.75424194335938, 734.2362670898438, 130.62400817871094, -458.9062805175781, -144.4156036376953, -38.93791961669922, 68.03401184082031, -77.86911010742188, -73.34640502929688, -38.80944061279297], [-1426.2071533203125, -1359.2491455078125, -165.23985290527344, 203.4028778076172, 130.62400817871094, 609.22216796875, -16.739347457885742, -123.78785705566406, 169.9838104248047, 118.427490234375, -16.075023651123047, 134.17478942871094, -62.86572265625], [-1236.7369384765625, -7.359710693359375, -75.69686126708984, -216.77145385742188, -458.9062805175781, -16.739347457885742, 722.79541015625, 180.14321899414062, 60.59014892578125, -7.861953258514404, 56.38377380371094, 102.47245025634766, 35.82247543334961], [-633.5220947265625, 108.58133697509766, 22.906782150268555, -154.99005126953125, -144.4156036376953, -123.78785705566406, 180.14321899414062, 285.6002197265625, 60.49312210083008, -24.542009353637695, 29.524717330932617, 3.9943864345550537, 65.22496795654297], [-1328.4676513671875, -797.3696899414062, -71.27560424804688, 21.495054244995117, -38.93791961669922, 169.9838104248047, 60.59014892578125, 60.49312210083008, 333.49310302734375, 132.0826873779297, -10.305597305297852, 68.31391143798828, 0.8430639505386353], [-511.6674499511719, -745.3484497070312, -174.8182373046875, -12.981112480163574, 68.03401184082031, 118.427490234375, -7.861953258514404, -24.542009353637695, 132.0826873779297, 299.82733154296875, 50.624202728271484, 9.863264083862305, -48.60694885253906], [298.5010070800781, -216.5494842529297, -295.39202880859375, -175.33834838867188, -77.86911010742188, -16.075023651123047, 56.38377380371094, 29.524717330932617, -10.305597305297852, 50.624202728271484, 273.959716796875, 82.07018280029297, -11.331753730773926], [-649.553955078125, -473.28985595703125, -133.548095703125, -57.5508918762207, -73.34640502929688, 134.17478942871094, 102.47245025634766, 3.9943864345550537, 68.31391143798828, 9.863264083862305, 82.07018280029297, 239.25958251953125, 14.155350685119629], [-155.82618713378906, 105.69979858398438, 34.3792839050293, -31.367433547973633, -38.80944061279297, -62.86572265625, 35.82247543334961, 65.22496795654297, 0.8430639505386353, -48.60694885253906, -11.331753730773926, 14.155350685119629, 139.11737060546875]], "lowlevel.mfcc.icov": [[0.00012725770648103207, 2.58508043771144e-05, 0.00016077699547167867, 5.165443872101605e-05, 0.00018395193910691887, 0.0002569353673607111, 0.0002523107687011361, 0.00025258728419430554, 0.00030394058558158576, 0.00013685922021977603, 7.738283784419764e-06, 0.00019750244973693043, 0.0001053547312039882], [2.58508043771144e-05, 0.00042575382394716144, -0.00021305738482624292, 0.0004234883817844093, -0.0002120111312251538, 0.0006415722309611738, -0.0001368885423289612, 0.0003336088266223669, 0.0003258952929172665, 0.0006686191773042083, 0.00010829173697857186, 0.00035593504435382783, 0.00016746370238251984], [0.00016077699547167867, -0.00021305738482624292, 0.0015344928251579404, -0.00045995201799087226, 0.0005075804074294865, 0.00028052800917066634, 0.000520689005497843, -8.153078670147806e-05, 0.00029595402884297073, 0.00011387193080736324, 0.001051449216902256, 7.897455361671746e-05, 0.0001471663999836892], [5.165443872101605e-05, 0.0004234883817844093, -0.00045995201799087226, 0.0027283644303679466, -0.0004609772586263716, -2.5096516765188426e-05, 0.00011190598161192611, 0.001080170040950179, 0.00016305901226587594, 0.0009743269765749574, 0.0008481311379000545, 0.0007997312932275236, 0.00011689575330819935], [0.00018395193910691887, -0.0002120111312251538, 0.0005075804074294865, -0.0004609772586263716, 0.0030146397184580564, -0.0004802452167496085, 0.001994166988879442, -5.887557563255541e-05, 0.0009262717794626951, -0.0008771168650127947, 0.0004405420331750065, 0.0002147098712157458, -2.2198808437678963e-05], [0.0002569353673607111, 0.0006415722309611738, 0.00028052800917066634, -2.5096516765188426e-05, -0.0004802452167496085, 0.004402579739689827, -0.00017769812257029116, 0.0018699381034821272, -0.00019779107242356986, 0.0009243058739230037, 0.000549483927898109, -0.0006945400382392108, 0.001189473201520741], [0.0002523107687011361, -0.0001368885423289612, 0.000520689005497843, 0.00011190598161192611, 0.001994166988879442, -0.00017769812257029116, 0.0032979045063257217, -0.0008351838332600892, 0.0008970877970568836, -0.000385180173907429, 0.000440312986029312, -0.00036093502421863377, 0.0002341337240068242], [0.00025258728419430554, 0.0003336088266223669, -8.153078670147806e-05, 0.001080170040950179, -5.887557563255541e-05, 0.0018699381034821272, -0.0008351838332600892, 0.006553280632942915, -0.001094228122383356, 0.0013549827272072434, -0.0005848530563525856, 0.0012835935922339559, -0.0014338948531076312], [0.00030394058558158576, 0.0003258952929172665, 0.00029595402884297073, 0.00016305901226587594, 0.0009262717794626951, -0.00019779107242356986, 0.0008970877970568836, -0.001094228122383356, 0.005981861613690853, -0.0014938295353204012, 0.0011406642151996493, -0.00033901556162163615, 7.673241634620354e-05], [0.00013685922021977603, 0.0006686191773042083, 0.00011387193080736324, 0.0009743269765749574, -0.0008771168650127947, 0.0009243058739230037, -0.000385180173907429, 0.0013549827272072434, -0.0014938295353204012, 0.006241973955184221, -0.0007977462955750525, 0.0017057444201782346, 0.001425157766789198], [7.738283784419764e-06, 0.00010829173697857186, 0.001051449216902256, 0.0008481311379000545, 0.0004405420331750065, 0.000549483927898109, 0.000440312986029312, -0.0005848530563525856, 0.0011406642151996493, -0.0007977462955750525, 0.00630519725382328, -0.00182893977034837, 0.0008038565865717828], [0.00019750244973693043, 0.00035593504435382783, 7.897455361671746e-05, 0.0007997312932275236, 0.0002147098712157458, -0.0006945400382392108, -0.00036093502421863377, 0.0012835935922339559, -0.00033901556162163615, 0.0017057444201782346, -0.00182893977034837, 0.006952407769858837, -0.0009095956920646131], [0.0001053547312039882, 0.00016746370238251984, 0.0001471663999836892, 0.00011689575330819935, -2.2198808437678963e-05, 0.001189473201520741, 0.0002341337240068242, -0.0014338948531076312, 7.673241634620354e-05, 0.001425157766789198, 0.0008038565865717828, -0.0009095956920646131, 0.008967751637101173]], "metadata.audio_properties.analysis.downmix": "mix", "metadata.audio_properties.codec": "mp3", "metadata.audio_properties.md5_encoded": "28556c946df3ab0d36232b3df4717b4c", "metadata.tags.file_name": "1182269406840115251.mp3", "metadata.version.essentia": "2.1-beta6-dev", "metadata.version.essentia_git_sha": "v2.1_beta5-1110-g77a6a954", "metadata.version.extractor": "music 2.0", "tonal.chords_key": "F", "tonal.chords_scale": "minor", "tonal.key_edma.key": "Bb", "tonal.key_edma.scale": "minor", "tonal.key_krumhansl.key": "Bb", "tonal.key_krumhansl.scale": "minor", "tonal.key_temperley.key": "Bb", "tonal.key_temperley.scale": "minor", "metadata.tags.encoding": ["Lavf58.45.100"]}, "essentia_models": [{"model_name": "genre_dortmund", "activations": {"alternative": "0.065738566", "blues": "0.022747863", "electronic": "0.2146052", "folkcount