{"song_id": "1182278610208424006", "download": "https://cdn.discordapp.com/attachments/1128313332273782784/1182278610208424006/chirp.mp4?ex=65841dc2&amp", "lyrics": "For the second year we are on twich our live show is called it's not TV\nwith Mario Daniel and Pendola\nbut Kike isn't there?\nYou can find him hiding behind a tree\n\n[chorus]\n you can watch us on TV but it's not TV \nwe are live connect twitch to your tv \nbut remember it's not a TV\n\nI'll tell you what I think\n you tell me what you think\n Strange things happen out there\n Even stranger things happen in here\n\n[chorus]\n you can watch us on TV but it's not TV we are live connect twitch to your tv\nbut remember it's not a TV \n\nOne couch, four assholes. It's not the start of a gangbang, it's not TV. \nlike Baldo dog or wolf no one knows what he is. \nbut sure it's not TV.", "style": ["beatles"], "essentia_features": {"lowlevel.average_loudness": 0.9653881788253784, "lowlevel.barkbands_crest.mean": 12.754510879516602, "lowlevel.barkbands_crest.stdev": 4.6908369064331055, "lowlevel.barkbands_flatness_db.mean": 0.2066572904586792, "lowlevel.barkbands_flatness_db.stdev": 0.0695253238081932, "lowlevel.barkbands_kurtosis.mean": 18.22474479675293, "lowlevel.barkbands_kurtosis.stdev": 29.106937408447266, "lowlevel.barkbands_skewness.mean": 2.6523261070251465, "lowlevel.barkbands_skewness.stdev": 2.4282045364379883, "lowlevel.barkbands_spread.mean": 21.145692825317383, "lowlevel.barkbands_spread.stdev": 24.46883201599121, "lowlevel.dissonance.mean": 0.45831817388534546, "lowlevel.dissonance.stdev": 0.043170467019081116, "lowlevel.dynamic_complexity": 2.6217901706695557, "lowlevel.erbbands_crest.mean": 10.64459228515625, "lowlevel.erbbands_crest.stdev": 4.7882304191589355, "lowlevel.erbbands_flatness_db.mean": 0.16382700204849243, "lowlevel.erbbands_flatness_db.stdev": 0.04951173812150955, "lowlevel.erbbands_kurtosis.mean": 2.4644737243652344, "lowlevel.erbbands_kurtosis.stdev": 6.149505615234375, "lowlevel.erbbands_skewness.mean": 0.3062356114387512, "lowlevel.erbbands_skewness.stdev": 1.4036459922790527, "lowlevel.erbbands_spread.mean": 49.67124938964844, "lowlevel.erbbands_spread.stdev": 32.37019729614258, "lowlevel.hfc.mean": 34.394107818603516, "lowlevel.hfc.stdev": 65.57047271728516, "lowlevel.loudness_ebu128.integrated": -14.483037948608398, "lowlevel.loudness_ebu128.loudness_range": 1.7662286758422852, "lowlevel.loudness_ebu128.momentary.mean": -14.968923568725586, "lowlevel.loudness_ebu128.momentary.stdev": 2.4570798873901367, "lowlevel.loudness_ebu128.short_term.mean": -14.536866188049316, "lowlevel.loudness_ebu128.short_term.stdev": 0.5811119079589844, "lowlevel.melbands_crest.mean": 18.02186393737793, "lowlevel.melbands_crest.stdev": 6.111241817474365, "lowlevel.melbands_flatness_db.mean": 0.28007134795188904, "lowlevel.melbands_flatness_db.stdev": 0.09552641212940216, "lowlevel.melbands_kurtosis.mean": 48.168556213378906, "lowlevel.melbands_kurtosis.stdev": 63.46771240234375, "lowlevel.melbands_skewness.mean": 4.543150901794434, "lowlevel.melbands_skewness.stdev": 3.2168869972229004, "lowlevel.melbands_spread.mean": 24.14957618713379, "lowlevel.melbands_spread.stdev": 42.37718963623047, "lowlevel.pitch_salience.mean": 0.4865906834602356, "lowlevel.pitch_salience.stdev": 0.1436476856470108, "lowlevel.silence_rate_20dB.mean": 1.0, "lowlevel.silence_rate_20dB.stdev": 0.0, "lowlevel.silence_rate_30dB.mean": 0.9961389899253845, "lowlevel.silence_rate_30dB.stdev": 0.062017034739255905, "lowlevel.silence_rate_60dB.mean": 0.05250965431332588, "lowlevel.silence_rate_60dB.stdev": 0.22305411100387573, "lowlevel.spectral_centroid.mean": 1202.8753662109375, "lowlevel.spectral_centroid.stdev": 1218.4501953125, "lowlevel.spectral_complexity.mean": 11.046332359313965, "lowlevel.spectral_complexity.stdev": 7.2266764640808105, "lowlevel.spectral_decrease.mean": -9.540848111555533e-09, "lowlevel.spectral_decrease.stdev": 6.101648519774017e-09, "lowlevel.spectral_energy.mean": 0.03912902995944023, "lowlevel.spectral_energy.stdev": 0.023650040850043297, "lowlevel.spectral_energyband_high.mean": 0.0025893524289131165, "lowlevel.spectral_energyband_high.stdev": 0.007841930724680424, "lowlevel.spectral_energyband_low.mean": 0.015813585370779037, "lowlevel.spectral_energyband_low.stdev": 0.013014782220125198, "lowlevel.spectral_energyband_middle_high.mean": 0.004701934289187193, "lowlevel.spectral_energyband_middle_high.stdev": 0.009007235988974571, "lowlevel.spectral_energyband_middle_low.mean": 0.018265223130583763, "lowlevel.spectral_energyband_middle_low.stdev": 0.018718615174293518, "lowlevel.spectral_entropy.mean": 7.374074935913086, "lowlevel.spectral_entropy.stdev": 0.6783179044723511, "lowlevel.spectral_flux.mean": 0.09559135138988495, "lowlevel.spectral_flux.stdev": 0.05181063711643219, "lowlevel.spectral_kurtosis.mean": 4.784762382507324, "lowlevel.spectral_kurtosis.stdev": 4.036725997924805, "lowlevel.spectral_rms.mean": 0.005793891381472349, "lowlevel.spectral_rms.stdev": 0.002146043349057436, "lowlevel.spectral_rolloff.mean": 1784.4591064453125, "lowlevel.spectral_rolloff.stdev": 3047.024169921875, "lowlevel.spectral_skewness.mean": 1.7238820791244507, "lowlevel.spectral_skewness.stdev": 0.7982726693153381, "lowlevel.spectral_spread.mean": 5959424.0, "lowlevel.spectral_spread.stdev": 2705882.75, "lowlevel.spectral_strongpeak.mean": 0.9177738428115845, "lowlevel.spectral_strongpeak.stdev": 1.2349404096603394, "lowlevel.zerocrossingrate.mean": 0.06727045029401779, "lowlevel.zerocrossingrate.stdev": 0.07692958414554596, "metadata.audio_properties.analysis.equal_loudness": 0.0, "metadata.audio_properties.analysis.length": 30.03628158569336, "metadata.audio_properties.analysis.sample_rate": 44100.0, "metadata.audio_properties.analysis.start_time": 0.0, "metadata.audio_properties.bit_rate": 122765.0, "metadata.audio_properties.length": 30.03733253479004, "metadata.audio_properties.lossless": 0.0, "metadata.audio_properties.number_channels": 1.0, "metadata.audio_properties.replay_gain": -11.400957107543945, "metadata.audio_properties.sample_rate": 48000.0, "rhythm.beats_count": 49.0, "rhythm.beats_loudness.mean": 0.04344620183110237, "rhythm.beats_loudness.stdev": 0.02450500801205635, "rhythm.bpm": 98.6297378540039, "rhythm.bpm_histogram_first_peak_bpm": 99.0, "rhythm.bpm_histogram_first_peak_weight": 0.464285671710968, "rhythm.bpm_histogram_second_peak_bpm": 110.0, "rhythm.bpm_histogram_second_peak_spread": 0.6363636255264282, "rhythm.bpm_histogram_second_peak_weight": 0.0833333358168602, "rhythm.danceability": 1.2986005544662476, "rhythm.onset_rate": 5.256463527679443, "tonal.chords_changes_rate": 0.09567901492118835, "tonal.chords_number_rate": 0.020061727613210678, "tonal.chords_strength.mean": 0.5235661864280701, "tonal.chords_strength.stdev": 0.08860199898481369, "tonal.hpcp_crest.mean": 13.032026290893555, "tonal.hpcp_crest.stdev": 6.109218120574951, "tonal.hpcp_entropy.mean": 2.1177966594696045, "tonal.hpcp_entropy.stdev": 0.7474822998046875, "tonal.key_edma.strength": 0.5444467663764954, "tonal.key_krumhansl.strength": 0.5554659962654114, "tonal.key_temperley.strength": 0.5700783729553223, "tonal.tuning_diatonic_strength": 0.4719046652317047, "tonal.tuning_equal_tempered_deviation": 0.1701243668794632, "tonal.tuning_frequency": 434.193115234375, "tonal.tuning_nontempered_energy_ratio": 0.8657398819923401, "lowlevel.barkbands.mean": [0.000425128877395764, 0.010712901130318642, 0.002488480182364583, 0.00798114761710167, 0.006705580744892359, 0.0011381269432604313, 0.0005349460407160223, 0.0009526750654913485, 0.0008138137636706233, 0.0007268352201208472, 0.0005929097533226013, 0.0007745771436020732, 0.0006830845377407968, 0.0005460439715534449, 0.00031420279992744327, 0.000344003172358498, 0.0003916774585377425, 0.00015276101476047188, 0.0001584205310791731, 0.00019246475130785257, 0.00019278853142168373, 0.00028088007820770144, 0.0004448886902537197, 0.0008278343011625111, 0.0006128577515482903, 0.00013883414794690907, 1.1847284895338817e-06], "lowlevel.barkbands.stdev": [0.0004847569507546723, 0.009626832790672779, 0.0032711103558540344, 0.01179354079067707, 0.010145753622055054, 0.002648869063705206, 0.0025074277073144913, 0.0029240078292787075, 0.0027007379103451967, 0.0025743390433490276, 0.002176510402932763, 0.0031702560372650623, 0.0024467604234814644, 0.0017579620471224189, 0.0009817237732931972, 0.0010075237369164824, 0.0008554974338039756, 0.0003175894671585411, 0.0005347907426767051, 0.0009619406773708761, 0.0006649902206845582, 0.0011147160548716784, 0.0017028949223458767, 0.002906589303165674, 0.001882971148006618, 0.0003968409146182239, 5.354364020604407e-06], "lowlevel.erbbands.mean": [0.4382275640964508, 1.91752028465271, 3.145840883255005, 12.87595272064209, 38.07160949707031, 11.369436264038086, 7.351727485656738, 11.31408405303955, 9.284228324890137, 12.555750846862793, 18.037378311157227, 17.245058059692383, 19.347511291503906, 32.90797805786133, 29.15614128112793, 26.340465545654297, 28.180326461791992, 29.531126022338867, 21.176002502441406, 17.099454879760742, 19.812685012817383, 22.183996200561523, 10.468921661376953, 6.136845588684082, 9.66115665435791, 8.654738426208496, 8.316337585449219, 7.323841094970703, 9.54309368133545, 12.023879051208496, 12.630228042602539, 14.371129989624023, 15.21174430847168, 9.085081100463867, 3.0753989219665527, 0.8842762112617493, 0.20234417915344238, 0.020118294283747673, 0.00046905584167689085, 7.560824451502413e-05], "lowlevel.erbbands.stdev": [0.43087831139564514, 1.6920279264450073, 3.521402359008789, 17.83877944946289, 52.782318115234375, 17.449308395385742, 10.376914978027344, 29.425418853759766, 42.40156173706055, 39.110652923583984, 60.651222229003906, 57.839439392089844, 62.155120849609375, 127.5602798461914, 111.56075286865234, 98.08393096923828, 94.37621307373047, 89.67422485351562, 65.82921600341797, 46.88561248779297, 49.922054290771484, 45.710655212402344, 20.255840301513672, 17.513519287109375, 45.229244232177734, 37.90105438232422, 26.934555053710938, 28.074600219726562, 37.72615051269531, 47.6461067199707, 48.5826301574707, 55.44736099243164, 50.58072280883789, 28.936508178710938, 9.233461380004883, 2.5358941555023193, 0.5726938843727112, 0.06352884322404861, 0.0013368109939619899, 9.582433267496526e-05], "lowlevel.gfcc.mean": [-27.257925033569336, 76.7135009765625, -81.80878448486328, 44.108211517333984, -39.8486442565918, 21.589876174926758, -51.29832458496094, 12.323406219482422, -36.83469009399414, 0.8043585419654846, -18.410587310791016, -5.004305362701416, -5.088508129119873], "lowlevel.melbands.mean": [0.0033653753343969584, 0.0018536883872002363, 0.003312423126772046, 0.0017818222986534238, 0.00026122716371901333, 0.00024334731278941035, 0.00013204757124185562, 0.0001604381832294166, 0.00013177399523556232, 0.00011942058335989714, 9.479578875470906e-05, 0.00013090007996652275, 8.553232328267768e-05, 9.376671368954703e-05, 6.175111775519326e-05, 6.38856363366358e-05, 5.459183012135327e-05, 3.713911064551212e-05, 2.2947533580008894e-05, 2.333837801415939e-05, 2.303413384652231e-05, 2.4406621378147975e-05, 1.5844419976929203e-05, 5.079262791696237e-06, 4.699298187915701e-06, 6.501680672954535e-06, 7.495321369788144e-06, 5.2564855650416575e-06, 5.119481102155987e-06, 4.835546405956848e-06, 4.100524620298529e-06, 5.292592959449394e-06, 5.677413355442695e-06, 7.191873010015115e-06, 7.018412361503579e-06, 7.805863788235001e-06, 9.200557542499155e-06, 1.1071787412220147e-05, 9.662149750511162e-06, 7.033464498817921e-06], "lowlevel.melbands.stdev": [0.0031476286239922047, 0.0016550981672480702, 0.0041788010857999325, 0.0025477204471826553, 0.0003708491858560592, 0.0006236068438738585, 0.0005894725327380002, 0.0004898589686490595, 0.00046497309813275933, 0.00041653559310361743, 0.00030898090335540473, 0.0005125644383952022, 0.00030387105653062463, 0.00039824401028454304, 0.00026419234927743673, 0.00023241617600433528, 0.00017108823521994054, 0.00012470832734834403, 7.176918734330684e-05, 7.53408094169572e-05, 5.914046414545737e-05, 5.547617911361158e-05, 3.1610859878128394e-05, 1.0597141226753592e-05, 1.4754629773960914e-05, 2.1272548110573553e-05, 5.2436196710914373e-05, 1.9310895368107595e-05, 1.6580448573222384e-05, 1.6521486031706445e-05, 1.718646672088653e-05, 2.200322887802031e-05, 2.2702690330334008e-05, 2.941056118288543e-05, 2.7694395612343214e-05, 3.11888252326753e-05, 3.624408054747619e-05, 3.710456076078117e-05, 3.2098396332003176e-05, 2.2657075533061288e-05], "lowlevel.melbands128.mean": [0.00039352563908323646, 0.0037303389981389046, 0.004761942196637392, 0.002489308826625347, 0.001633178093470633, 0.001069685909897089, 0.0018504041945561767, 0.005014882888644934, 0.004347616340965033, 0.001396428793668747, 0.0002779702772386372, 0.00031821918673813343, 0.000232793390750885, 0.0002036698570009321, 0.0002822965616360307, 0.000255648948950693, 0.00018135321442969143, 0.00010656500671757385, 6.951802788535133e-05, 0.0001262925798073411, 0.00023067773145157844, 0.00020186742767691612, 0.00012035930558340624, 5.6284505262738094e-05, 7.456402818206698e-05, 0.0001822443591663614, 0.00014461316459346563, 6.523635966004804e-05, 6.027628478477709e-05, 0.0001335315901087597, 0.00018315757915843278, 7.681827992200851e-05, 4.761873060488142e-05, 0.00011100678966613486, 0.00014091843331698328, 7.46133373468183e-05, 4.19745447288733e-05, 7.149614248191938e-05, 6.703423423459753e-05, 4.8463683924637735e-05, 7.811729301465675e-05, 6.291265890467912e-05, 4.3466923671076074e-05, 6.166748062241822e-05, 5.029471140005626e-05, 2.749078703345731e-05, 2.8709247999358922e-05, 2.1953816030872986e-05, 2.1336361896828748e-05, 2.307782597199548e-05, 2.3210037397802807e-05, 2.478038913977798e-05, 2.1567671865341254e-05, 2.270086952194106e-05, 2.4695245883776806e-05, 2.7491938453749754e-05, 2.1161393306101672e-05, 1.9184337361366488e-05, 1.4756218661204912e-05, 7.152232228690991e-06, 4.125350642425474e-06, 3.5760233458859148e-06, 4.2714459596027154e-06, 4.874782007391332e-06, 5.72418002775521e-06, 6.152774403744843e-06, 7.601526704092976e-06, 7.26128837413853e-06, 8.477985829813406e-06, 6.052284334145952e-06, 4.963165338267572e-06, 4.843491296924185e-06, 5.367101948650088e-06, 4.915653789794305e-06, 5.061338924861047e-06, 5.844103725394234e-06, 4.268930752004962e-06, 3.3111598440882517e-06, 4.218718459014781e-06, 4.5902893361926544e-06, 5.0632534112082794e-06, 5.982354196021333e-06, 5.078459253127221e-06, 5.340956249710871e-06, 6.409928573702928e-06, 6.537552962981863e-06, 7.918893061287235e-06, 7.92214814282488e-06, 6.208475952007575e-06, 6.654857770627132e-06, 8.491071639582515e-06, 7.36001311452128e-06, 8.26052109914599e-06, 8.872081707522739e-06, 9.847119144978933e-06, 1.1461081157904118e-05, 1.1449330486357212e-05, 1.0384790584794246e-05, 9.990432772610802e-06, 9.411415703652892e-06, 7.92160426499322e-06, 6.705935902573401e-06, 5.966795924905455e-06, 4.412147973198444e-06, 3.1972917895473074e-06, 2.2388319393940037e-06, 2.0974009657948045e-06, 1.9538977085176157e-06, 1.4916087138772127e-06, 1.012513507703261e-06, 9.390902278028079e-07, 6.077984266994463e-07, 6.428271603908797e-07, 5.208818265600712e-07, 3.4152824923694425e-07, 2.0204005579671502e-07, 5.1735529638108346e-08, 6.352645520735223e-09, 3.322149222384496e-10, 5.5937955656393257e-11, 5.994968410583112e-11, 2.890777894837271e-11, 2.1428855218053044e-11, 2.010641653171774e-11, 1.5803261477209674e-11, 9.252244803636955e-12, 5.848539534614172e-12, 5.331029888366867e-12], "lowlevel.melbands128.stdev": [0.0004635053046513349, 0.003802229417487979, 0.004638653248548508, 0.002207256853580475, 0.0019179690862074494, 0.0013888630783185363, 0.0032116654329001904, 0.007375920657068491, 0.006705073174089193, 0.0030556609854102135, 0.0004770087543874979, 0.000570298929233104, 0.0004159066593274474, 0.0003980328037869185, 0.0007673515938222408, 0.00102553132455796, 0.0009991909610107541, 0.0006920560263097286, 0.00046153823495842516, 0.0005351445870473981, 0.0007912038126960397, 0.0007769474177621305, 0.0006504094926640391, 0.00033943908056244254, 0.00035840371856465936, 0.0008215687703341246, 0.0006046397611498833, 0.0003449481737334281, 0.00030833022901788354, 0.0006122880731709301, 0.0008948081522248685, 0.0003233754832763225, 0.0002582166052889079, 0.0005835211486555636, 0.0007734111277386546, 0.0004692223737947643, 0.00017530375043861568, 0.00042440983816049993, 0.00034117544419132173, 0.00021303232642821968, 0.00038990125176496804, 0.0002891479234676808, 0.00018021732103079557, 0.00024032786313910037, 0.00022452650591731071, 0.00014208686479832977, 0.00013736524851992726, 9.117844456341118e-05, 8.304265065817162e-05, 7.858230674173683e-05, 0.00011594019451877102, 9.264931577490643e-05, 6.409521301975474e-05, 6.85372797306627e-05, 8.89979928615503e-05, 7.085310789989308e-05, 4.713694943347946e-05, 4.247754259267822e-05, 3.5645927709992975e-05, 1.810617141018156e-05, 1.0165649655391462e-05, 8.34149159345543e-06, 1.5288385839085095e-05, 1.966779018403031e-05, 2.0609664716175757e-05, 1.716312181088142e-05, 3.2330564863514155e-05, 4.641672785510309e-05, 8.136019459925592e-05, 2.5069368348340504e-05, 2.1436850147438236e-05, 1.6403088011429645e-05, 1.8460577848600224e-05, 1.7446172932977788e-05, 1.8005595848080702e-05, 2.2424212147598155e-05, 1.517657256044913e-05, 1.3509136806533206e-05, 1.8946635464089923e-05, 2.255705294373911e-05, 2.3373899239231832e-05, 2.6593037546263076e-05, 1.9826500647468492e-05, 2.3025229893391952e-05, 2.892267184506636e-05, 2.6935904315905645e-05, 3.716659193742089e-05, 3.391041900613345e-05, 2.669646346475929e-05, 3.055189154110849e-05, 3.5581055271904916e-05, 3.143992944387719e-05, 3.5156514059053734e-05, 3.87611762562301e-05, 4.001273919129744e-05, 4.17192823078949e-05, 3.973791899625212e-05, 3.8936959754209965e-05, 3.431468576309271e-05, 3.2975254725897685e-05, 2.5200273739756085e-05, 2.3268865334102884e-05, 2.0829404093092307e-05, 1.4687922885059379e-05, 1.1107520549558103e-05, 6.9488451117649674e-06, 6.040235803084215e-06, 5.8840587371378206e-06, 4.840384008275578e-06, 3.6089838886255166e-06, 3.258915512560634e-06, 1.7568390831002034e-06, 1.9902547592209885e-06, 1.7009048178806552e-06, 1.2392824828566518e-06, 7.827491685929999e-07, 2.1680490647213446e-07, 3.4746051369438646e-08, 5.190435192758969e-09, 7.679446523134459e-10, 1.0208035527980996e-09, 4.4205195059987545e-10, 4.0415826241257946e-10, 3.700010020590838e-10, 2.6068694425340766e-10, 9.666228234506136e-11, 1.4699247027905038e-11, 7.912569037482609e-12], "lowlevel.mfcc.mean": [-683.59423828125, 111.01680755615234, 21.31727409362793, 28.403573989868164, 32.0383186340332, 5.019689083099365, 13.60776424407959, -4.666854381561279, 4.89363956451416, -7.634735584259033, -6.678196430206299, -2.5586612224578857, -2.7497730255126953], "lowlevel.spectral_contrast_coeffs.mean": [-0.6650312542915344, -0.7504841089248657, -0.7910394072532654, -0.7916520833969116, -0.7943050861358643, -0.7780395150184631], "lowlevel.spectral_contrast_coeffs.stdev": [0.13157746195793152, 0.08777330815792084, 0.07863688468933105, 0.0637013241648674, 0.04863133653998375, 0.051241274923086166], "lowlevel.spectral_contrast_valleys.mean": [-6.806142807006836, -7.618598461151123, -8.062538146972656, -8.020809173583984, -7.937764644622803, -10.365485191345215], "lowlevel.spectral_contrast_valleys.stdev": [1.4041588306427002, 0.9103028774261475, 0.9636610150337219, 0.8071052432060242, 0.8593120574951172, 1.356971025466919], "rhythm.beats_loudness_band_ratio.mean": [0.585186779499054, 0.12307494133710861, 0.05235282704234123, 0.10061581432819366, 0.05246691778302193, 0.15530012547969818], "rhythm.beats_loudness_band_ratio.stdev": [0.3107946813106537, 0.1335270255804062, 0.1146506518125534, 0.20286019146442413, 0.0719442144036293, 0.25122031569480896], "tonal.hpcp.mean": [0.41380608081817627, 0.3550952076911926, 0.06256678700447083, 0.029444074258208275, 0.01690775528550148, 0.013840806670486927, 0.01540775503963232, 0.016303114593029022, 0.027209820225834846, 0.07199592143297195, 0.07495705038309097, 0.04596039652824402, 0.0791555717587471, 0.08422942459583282, 0.04085223376750946, 0.02620912715792656, 0.027490347623825073, 0.031688105314970016, 0.03635578230023384, 0.04814332351088524, 0.07133650779724121, 0.12922795116901398, 0.1775819957256317, 0.1593364030122757, 0.13627997040748596, 0.12298354506492615, 0.14805562794208527, 0.1793520301580429, 0.14644557237625122, 0.09766240417957306, 0.07925420254468918, 0.07142756879329681, 0.06171026825904846, 0.05960840731859207, 0.05510958284139633, 0.1279752254486084], "tonal.hpcp.stdev": [0.44573432207107544, 0.3930189907550812, 0.14353440701961517, 0.11004945635795593, 0.06029285490512848, 0.04093548655509949, 0.04200556501746178, 0.0423736535012722, 0.08351730555295944, 0.20853497087955475, 0.20729246735572815, 0.12783630192279816, 0.15364331007003784, 0.18708698451519012, 0.10492301732301712, 0.09723807126283646, 0.10556169599294662, 0.11236974596977234, 0.12937073409557343, 0.13228510320186615, 0.18876130878925323, 0.2164240926504135, 0.29541799426078796, 0.26575571298599243, 0.27498114109039307, 0.2483861893415451, 0.28568390011787415, 0.3179328143596649, 0.2889178395271301, 0.22583897411823273, 0.20847703516483307, 0.2068905383348465, 0.17691028118133545, 0.17990124225616455, 0.15633068978786469, 0.19477064907550812], "rhythm.beats_position": [0.6153287887573242, 1.2422676086425781, 1.8808163404464722, 2.5077550411224365, 3.1346938610076904, 3.738412618637085, 4.353741645812988, 4.9690704345703125, 5.572789192199707, 6.130067825317383, 6.675736904144287, 7.221405982971191, 7.755464553833008, 8.28952407836914, 8.823582649230957, 9.380861282348633, 9.938140869140625, 10.51863956451416, 11.110748291015625, 11.70285701751709, 12.283355712890625, 12.88707447052002, 13.490793228149414, 14.082901954650879, 14.6517915725708, 15.232290267944336, 15.801178932189941, 16.416507720947266, 17.043445587158203, 17.670385360717773, 18.29732322692871, 18.901042938232422, 19.446712493896484, 19.992380142211914, 20.526439666748047, 21.130157470703125, 21.733877182006836, 22.349205017089844, 22.964534759521484, 23.568254470825195, 24.183582305908203, 24.798912048339844, 25.42584991455078, 26.06439781188965, 26.714557647705078, 27.399545669555664, 28.072925567626953, 28.74630355834961, 29.431291580200195], "rhythm.bpm_histogram": [0.0, 0.0, 0.0, 0.0, 0.0, 0.0, 0.0, 0.0, 0.0, 0.0, 0.0, 0.0, 0.0, 0.0, 0.0, 0.0, 0.0, 0.0, 0.0, 0.0, 0.0, 0.0, 0.0, 0.0, 0.0, 0.0, 0.0, 0.0, 0.0, 0.0, 0.0, 0.0, 0.0, 0.0, 0.0, 0.0, 0.0, 0.0, 0.0, 0.0, 0.0, 0.0, 0.0, 0.0, 0.0, 0.0, 0.0, 0.0, 0.0, 0.0, 0.0, 0.0, 0.0, 0.0, 0.0, 0.0, 0.0, 0.0, 0.0, 0.0, 0.0, 0.0, 0.0, 0.0, 0.0, 0.0, 0.0, 0.0, 0.0, 0.0, 0.0, 0.0, 0.0, 0.0, 0.0, 0.0, 0.0, 0.0, 0.0, 0.0, 0.0, 0.0, 0.0, 0.0, 0.0, 0.0, 0.0, 0.0, 0.0416666679084301, 0.0416666679084301, 0.0, 0.0, 0.02083333395421505, 0.0, 0.0416666679084301, 0.0, 0.1458333283662796, 0.0, 0.1458333283662796, 0.1666666716337204, 0.0, 0.0625, 0.0, 0.0625, 0.0, 0.0416666679084301, 0.0, 0.0, 0.0625, 0.0, 0.0833333358168602, 0.0, 0.0833333358168602, 0.0, 0.0, 0.0, 0.0, 0.0, 0.0, 0.0, 0.0, 0.0, 0.0, 0.0, 0.0, 0.0, 0.0, 0.0, 0.0, 0.0, 0.0, 0.0, 0.0, 0.0, 0.0, 0.0, 0.0, 0.0, 0.0, 0.0, 0.0, 0.0, 0.0, 0.0, 0.0, 0.0, 0.0, 0.0, 0.0, 0.0, 0.0, 0.0, 0.0, 0.0, 0.0, 0.0, 0.0, 0.0, 0.0, 0.0, 0.0, 0.0, 0.0, 0.0, 0.0, 0.0, 0.0, 0.0, 0.0, 0.0, 0.0, 0.0, 0.0, 0.0, 0.0, 0.0, 0.0, 0.0, 0.0, 0.0, 0.0, 0.0, 0.0, 0.0, 0.0, 0.0, 0.0, 0.0, 0.0, 0.0, 0.0, 0.0, 0.0, 0.0, 0.0, 0.0, 0.0, 0.0, 0.0, 0.0, 0.0, 0.0, 0.0, 0.0, 0.0, 0.0, 0.0, 0.0, 0.0, 0.0, 0.0, 0.0, 0.0, 0.0, 0.0, 0.0, 0.0, 0.0, 0.0, 0.0, 0.0, 0.0, 0.0, 0.0, 0.0, 0.0, 0.0, 0.0, 0.0, 0.0, 0.0, 0.0, 0.0, 0.0, 0.0, 0.0, 0.0, 0.0, 0.0, 0.0, 0.0, 0.0, 0.0, 0.0, 0.0, 0.0, 0.0, 0.0, 0.0, 0.0], "tonal.chords_histogram": [41.66666793823242, 3.8580245971679688, 0.9259259104728699, 0.0, 0.7716049551963806, 1.080246925354004, 2.777777671813965, 0.0, 6.790123462677002, 4.629629611968994, 0.0, 0.0, 0.0, 0.0, 0.0, 2.932098865509033, 5.4012346267700195, 8.024691581726074, 5.092592716217041, 0.0, 0.0, 2.314814805984497, 7.561728477478027, 6.172839641571045], "tonal.thpcp": [1.0, 0.8581198453903198, 0.15119832754135132, 0.07115428149700165, 0.040859125554561615, 0.033447567373514175, 0.037234239280223846, 0.0393979586660862, 0.06575500220060349, 0.17398469150066376, 0.18114052712917328, 0.11106747388839722, 0.19128663837909698, 0.20354805886745453, 0.09872313588857651, 0.06333673745393753, 0.06643292307853699, 0.07657718658447266, 0.08785705268383026, 0.11634271591901779, 0.1723911613225937, 0.31229108572006226, 0.4291430413722992, 0.385050892829895, 0.32933294773101807, 0.29720091819763184, 0.35778987407684326, 0.43342047929763794, 0.3538990318775177, 0.23601007461547852, 0.19152498245239258, 0.17261120676994324, 0.14912846684455872, 0.14404913783073425, 0.13317731022834778, 0.30926376581192017], "lowlevel.gfcc.cov": [[6502.74267578125, -712.0958862304688, 92.99305725097656, -38.928123474121094, -196.31802368164062, 417.1561584472656, -63.1145133972168, 502.7626037597656, -7.952341079711914, 149.6945037841797, -147.1001434326172, 70.44253540039062, -14.87878131866455], [-712.0958862304688, 3627.531982421875, -132.7325439453125, -305.55926513671875, 618.4134521484375, -269.7744140625, 585.7022094726562, -129.4013671875, 251.16168212890625, 17.901615142822266, 267.29046630859375, -211.16917419433594, 310.10919189453125], [92.99305725097656, -132.7325439453125, 1253.588623046875, 644.5549926757812, 224.7340545654297, 183.56272888183594, 15.31096076965332, 45.46725082397461, 58.732872009277344, 72.9289779663086, 49.5590934753418, 134.21299743652344, 41.35803985595703], [-38.928123474121094, -305.55926513671875, 644.5549926757812, 1513.386962890625, 159.513671875, 11.675589561462402, 120.10746765136719, -120.7819595336914, 270.7666015625, 5.756297588348389, 166.22775268554688, 186.2525634765625, 198.38839721679688], [-196.31802368164062, 618.4134521484375, 224.7340545654297, 159.513671875, 466.7893981933594, 43.198333740234375, 90.54784393310547, 17.126270294189453, 54.146583557128906, -4.182807922363281, 32.0504150390625, -3.0230884552001953, 85.18527221679688], [417.1561584472656, -269.7744140625, 183.56272888183594, 11.675589561462402, 43.198333740234375, 366.3604736328125, 151.56385803222656, 81.35144805908203, 4.605777263641357, 96.46646881103516, 27.579612731933594, 21.429887771606445, -1.801194667816162], [-63.1145133972168, 585.7022094726562, 15.31096076965332, 120.10746765136719, 90.54784393310547, 151.56385803222656, 520.01708984375, -15.941496849060059, 92.21233367919922, 102.17666625976562, 133.64913940429688, 27.076416015625, 120.41571807861328], [502.7626037597656, -129.4013671875, 45.46725082397461, -120.7819595336914, 17.126270294189453, 81.35144805908203, -15.941496849060059, 256.8529052734375, 32.059669494628906, 28.8289794921875, -36.67198181152344, 7.377407550811768, -12.051689147949219], [-7.952341079711914, 251.16168212890625, 58.732872009277344, 270.7666015625, 54.146583557128906, 4.605777263641357, 92.21233367919922, 32.059669494628906, 251.7273406982422, 92.1626968383789, 100.3622817993164, 0.9841488599777222, 92.323974609375], [149.6945037841797, 17.901615142822266, 72.9289779663086, 5.756297588348389, -4.182807922363281, 96.46646881103516, 102.17666625976562, 28.8289794921875, 92.1626968383789, 220.66871643066406, 87.71566772460938, 27.807174682617188, 27.261953353881836], [-147.1001434326172, 267.29046630859375, 49.5590934753418, 166.22775268554688, 32.0504150390625, 27.579612731933594, 133.64913940429688, -36.67198181152344, 100.3622817993164, 87.71566772460938, 172.61497497558594, 34.81386184692383, 67.0065689086914], [70.44253540039062, -211.16917419433594, 134.21299743652344, 186.2525634765625, -3.0230884552001953, 21.429887771606445, 27.076416015625, 7.377407550811768, 0.9841488599777222, 27.807174682617188, 34.81386184692383, 154.3787841796875, 39.97114181518555], [-14.87878131866455, 310.10919189453125, 41.35803985595703, 198.38839721679688, 85.18527221679688, -1.801194667816162, 120.41571807861328, -12.051689147949219, 92.323974609375, 27.261953353881836, 67.0065689086914, 39.97114181518555, 147.30328369140625]], "lowlevel.gfcc.icov": [[0.0002182265161536634, -0.00012774104834534228, 9.322130790678784e-05, -0.0001938267087098211, 0.0002480782277416438, -0.00035049463622272015, 0.0001938995555974543, -0.00044424502993933856, 0.00023241891176439822, -0.0002507062745280564, 0.00033839247771538794, -0.000102495432656724, -4.215108492644504e-05], [-0.00012774104834534228, 0.0012643053196370602, -0.0004603860143106431, 0.0010482921497896314, -0.0013185970019549131, 0.0016272302018478513, -0.001263051643036306, 0.0006440630531869829, -0.0008325576200149953, 0.0008177035488188267, -0.001513372641056776, 0.00142877665348351, -0.0014183216262608767], [9.322130790678784e-05, -0.0004603860143106431, 0.0015276031335815787, -0.0010587720898911357, -6.91834939061664e-05, -0.0011029742890968919, 0.0007301068981178105, -0.0006195806199684739, 0.0008010928868316114, -0.000878768740221858, 0.0006561294430866838, -0.0009142609778791666, 0.0009648510604165494], [-0.0001938267087098211, 0.0010482921497896314, -0.0010587720898911357, 0.002528401790186763, -0.0010747717460617423, 0.0012374260695651174, -0.0010000350885093212, 0.0017267706571146846, -0.002672384725883603, 0.0019673036877065897, -0.0015223195077851415, -0.00027121391030959785, -0.001662101480178535], [0.0002480782277416438, -0.0013185970019549131, -6.91834939061664e-05, -0.0010747717460617423, 0.004217544570565224, -0.0019093395676463842, 0.0011636700946837664, -0.0010978877544403076, 0.0009884287137538195, -0.0004191119805909693, 0.0015810768818482757, -0.0005623133620247245, -0.0003440501750446856], [-0.00035049463622272015, 0.0016272302018478513, -0.0011029742890968919, 0.0012374260695651174, -0.0019093395676463842, 0.00646743131801486, -0.003038265975192189, -0.00014637180720455945, -0.00012133645213907585, -0.000353460171027109, -0.0019565089605748653, 0.00214702938683331, -0.0007141893147490919], [0.0001938995555974543, -0.001263051643036306, 0.0007301068981178105, -0.0010000350885093212, 0.0011636700946837664, -0.003038265975192189, 0.0045102681033313274, -0.00044942431850358844, 0.0010686606401577592, -0.0011483337730169296, 5.812958988826722e-05, -0.0011814520694315434, -0.0007765157497487962], [-0.00044424502993933856, 0.0006440630531869829, -0.0006195806199684739, 0.0017267706571146846, -0.0010978877544403076, -0.00014637180720455945, -0.00044942431850358844, 0.006558149587363005, -0.0034708199091255665, 0.00106232357211411, 0.0008479488897137344, -0.0010194138158112764, -0.0001457110047340393], [0.00023241891176439822, -0.0008325576200149953, 0.0008010928868316114, -0.002672384725883603, 0.0009884287137538195, -0.00012133645213907585, 0.0010686606401577592, -0.0034708199091255665, 0.010266488417983055, -0.004025057423859835, -0.001482976134866476, 0.0029088405426591635, -0.0023846251424402], [-0.0002507062745280564, 0.0008177035488188267, -0.000878768740221858, 0.0019673036877065897, -0.0004191119805909693, -0.000353460171027109, -0.0011483337730169296, 0.00106232357211411, -0.004025057423859835, 0.00870745349675417, -0.003773240139707923, -0.000871290743816644, -2.1876250684726983e-05], [0.00033839247771538794, -0.001513372641056776, 0.0006561294430866838, -0.0015223195077851415, 0.0015810768818482757, -0.0019565089605748653, 5.812958988826722e-05, 0.0008479488897137344, -0.001482976134866476, -0.003773240139707923, 0.012980238534510136, -0.003137253923341632, 0.000744378543458879], [-0.000102495432656724, 0.00142877665348351, -0.0009142609778791666, -0.00027121391030959785, -0.0005623133620247245, 0.00214702938683331, -0.0011814520694315434, -0.0010194138158112764, 0.0029088405426591635, -0.000871290743816644, -0.003137253923341632, 0.011568034067749977, -0.004536285996437073], [-4.215108492644504e-05, -0.0014183216262608767, 0.0009648510604165494, -0.001662101480178535, -0.0003440501750446856, -0.0007141893147490919, -0.0007765157497487962, -0.0001457110047340393, -0.0023846251424402, -2.1876250684726983e-05, 0.000744378543458879, -0.004536285996437073, 0.014942040666937828]], "lowlevel.mfcc.cov": [[6393.79150390625, -802.7839965820312, 44.62543487548828, -316.7007141113281, -34.8304443359375, -144.0539093017578, 87.398193359375, 133.51820373535156, 291.72564697265625, 124.26191711425781, 149.19281005859375, -6.044495582580566, 20.337190628051758], [-802.7839965820312, 3652.716064453125, -647.5637817382812, -197.44863891601562, -93.330078125, -71.9268569946289, 333.07440185546875, -168.5128631591797, 264.5520324707031, 18.689376831054688, 172.08274841308594, -6.908802509307861, 42.453128814697266], [44.62543487548828, -647.5637817382812, 1122.75927734375, 528.9935302734375, 261.27349853515625, 279.9804992675781, 15.817817687988281, 152.17921447753906, -18.925138473510742, 105.82364654541016, -32.370147705078125, 119.69219970703125, 87.49954986572266], [-316.7007141113281, -197.44863891601562, 528.9935302734375, 1149.0164794921875, 253.17300415039062, 339.2875671386719, -74.98072814941406, 175.6737823486328, -1.584769606590271, 71.65882873535156, -110.35527038574219, 138.70164489746094, 117.11682891845703], [-34.8304443359375, -93.330078125, 261.27349853515625, 253.17300415039062, 544.689453125, 7.367805004119873, -43.981868743896484, 49.03049850463867, 30.71916961669922, 20.702878952026367, -62.04975509643555, 48.65911102294922, -43.30184555053711], [-144.0539093017578, -71.9268569946289, 279.9804992675781, 339.2875671386719, 7.367805004119873, 480.09564208984375, 137.1470184326172, 85.00080871582031, 6.368342876434326, 118.32785034179688, 48.07941818237305, 47.5478515625, 91.67999267578125], [87.398193359375, 333.07440185546875, 15.817817687988281, -74.98072814941406, -43.981868743896484, 137.1470184326172, 303.08233642578125, 74.32814025878906, 83.0737075805664, 26.01190948486328, 93.19011688232422, -10.427831649780273, 25.957801818847656], [133.51820373535156, -168.5128631591797, 152.17921447753906, 175.6737823486328, 49.03049850463867, 85.00080871582031, 74.32814025878906, 222.3396453857422, 57.43269348144531, 24.353002548217773, -7.29720401763916, 26.32784080505371, 39.207733154296875], [291.72564697265625, 264.5520324707031, -18.925138473510742, -1.584769606590271, 30.71916961669922, 6.368342876434326, 83.0737075805664, 57.43269348144531, 204.8573760986328, 63.93635177612305, 56.679718017578125, -8.399658203125, 23.81551742553711], [124.26191711425781, 18.689376831054688, 105.82364654541016, 71.65882873535156, 20.702878952026367, 118.32785034179688, 26.01190948486328, 24.353002548217773, 63.93635177612305, 250.05552673339844, 92.03522491455078, 28.305137634277344, 56.31153869628906], [149.19281005859375, 172.08274841308594, -32.370147705078125, -110.35527038574219, -62.04975509643555, 48.07941818237305, 93.19011688232422, -7.29720401763916, 56.679718017578125, 92.03522491455078, 182.6028594970703, 12.544465065002441, 37.76262283325195], [-6.044495582580566, -6.908802509307861, 119.69219970703125, 138.70164489746094, 48.65911102294922, 47.5478515625, -10.427831649780273, 26.32784080505371, -8.399658203125, 28.305137634277344, 12.544465065002441, 104.70440673828125, 45.707374572753906], [20.337190628051758, 42.453128814697266, 87.49954986572266, 117.11682891845703, -43.30184555053711, 91.67999267578125, 25.957801818847656, 39.207733154296875, 23.81551742553711, 56.31153869628906, 37.76262283325195, 45.707374572753906, 152.3802490234375]], "lowlevel.mfcc.icov": [[0.00018776262004394084, 7.651779742445797e-05, -8.263269251074234e-07, 4.052244548802264e-05, 2.2131724108476192e-05, 8.308924589073285e-05, -5.077133755548857e-05, -9.266552297049202e-06, -0.00032539438689127564, -2.4861843485268764e-05, -6.90781234879978e-05, -9.721633250592276e-05, -3.3932669794012327e-06], [7.651779742445797e-05, 0.0004647125315386802, 0.00025609618751332164, -0.00015674081805627793, -2.9264598197187297e-05, 0.00020509642490651459, -0.0006688295397907495, 0.0006229179562069476, -0.0005857876385562122, 4.720118340628687e-06, -1.3911595488025341e-05, -0.00033348979195579886, -0.00015103637997526675], [-8.263269251074234e-07, 0.00025609618751332164, 0.0015395034570246935, -0.0003191897412762046, -0.0004993201000615954, -0.0003058271249756217, -0.0004193122440483421, -9.301385580329224e-05, 0.0001338879083050415, -0.0002846497227437794, 0.00017756878514774144, -0.0007696817629039288, -0.0003013217938132584], [4.052244548802264e-05, -0.00015674081805627793, -0.0003191897412762046, 0.001977137289941311, -0.0004044884699396789, -0.0013099320931360126, 0.0012067488860338926, -0.0009923850884661078, -0.000280583743005991, 0.0001191401606774889, 0.0010096903424710035, -0.001064377254806459, -0.0005062228883616626], [2.2131724108476192e-05, -2.9264598197187297e-05, -0.0004993201000615954, -0.0004044884699396789, 0.0025810683146119118, 0.00036928264307789505, 5.1797997002722695e-05, -8.451778739981819e-06, -0.000728599785361439, -0.00032884677057154477, 0.0005797682097181678, -0.0009394428343512118, 0.001480944687500596], [8.308924589073285e-05, 0.00020509642490651459, -0.0003058271249756217, -0.0013099320931360126, 0.00036928264307789505, 0.004363164771348238, -0.002570797223597765, 0.0004595709906425327, 0.0009212217992171645, -0.0014518711250275373, -0.0002249397657578811, 0.00040327481110580266, -0.0007589785964228213], [-5.077133755548857e-05, -0.0006688295397907495, -0.0004193122440483421, 0.0012067488860338926, 5.1797997002722695e-05, -0.002570797223597765, 0.007046440150588751, -0.0027106960769742727, -0.0009717126959003508, 0.0015452514635398984, -0.002315584337338805, 0.0009527913643978536, 0.000433839246397838], [-9.266552297049202e-06, 0.0006229179562069476, -9.301385580329224e-05, -0.0009923850884661078, -8.451778739981819e-06, 0.0004595709906425327, -0.0027106960769742727, 0.007369157858192921, -0.0020618156995624304, -2.421229328319896e-05, 0.0012317863292992115, -0.0008251701947301626, -0.0007959619397297502], [-0.00032539438689127564, -0.0005857876385562122, 0.0001338879083050415, -0.000280583743005991, -0.000728599785361439, 0.0009212217992171645, -0.0009717126959003508, -0.0020618156995624304, 0.008136565797030926, -0.0015753416810184717, -0.0011226269416511059, 0.002040697494521737, -0.0007432774291373789], [-2.4861843485268764e-05, 4.720118340628687e-06, -0.0002846497227437794, 0.0001191401606774889, -0.00032884677057154477, -0.0014518711250275373, 0.0015452514635398984, -2.421229328319896e-05, -0.0015753416810184717, 0.006342113949358463, -0.003034294117242098, -1.3779044820694253e-05, -0.0007444496150128543], [-6.90781234879978e-05, -1.3911595488025341e-05, 0.00017756878514774144, 0.0010096903424710035, 0.0005797682097181678, -0.0002249397657578811, -0.002315584337338805, 0.0012317863292992115, -0.0011226269416511059, -0.003034294117242098, 0.009908268228173256, -0.0022914595901966095, -0.0009586408850736916], [-9.721633250592276e-05, -0.00033348979195579886, -0.0007696817629039288, -0.001064377254806459, -0.0009394428343512118, 0.00040327481110580266, 0.0009527913643978536, -0.0008251701947301626, 0.002040697494521737, -1.3779044820694253e-05, -0.0022914595901966095, 0.014158067293465137, -0.0030864498112350702], [-3.3932669794012327e-06, -0.00015103637997526675, -0.0003013217938132584, -0.0005062228883616626, 0.001480944687500596, -0.0007589785964228213, 0.000433839246397838, -0.0007959619397297502, -0.0007432774291373789, -0.0007444496150128543, -0.0009586408850736916, -0.0030864498112350702, 0.009730183519423008]], "metadata.audio_properties.analysis.downmix": "mix", "metadata.audio_properties.codec": "mp3", "metadata.audio_properties.md5_encoded": "170173f4bc47bc1dd3f143c87c426677", "metadata.tags.file_name": "1182278610208424006.mp3", "metadata.version.essentia": "2.1-beta6-dev", "metadata.version.essentia_git_sha": "v2.1_beta5-1110-g77a6a954", "metadata.version.extractor": "music