{"song_id": "1182287039127891999", "download": "https://cdn.discordapp.com/attachments/1135911532732108921/1182287039127891999/chirp.mp4?ex=6584259b&amp", "lyrics": "[Verse]\nCristina and her loyal friend Ron\nTogether they'll conquer the world, from dusk till dawn\nThrough ups and downs, they stand strong\nA bond so tight, a love that's never gone\n\n[Chorus]\nOh, Cristina and Ron, their love shines so bright\nThey're inseparable, like day and night\nIn each other's hearts, they find pure delight\nUna canci\u00f3n de amor, unidos para siempre en su sentir", "style": ["lofi pure music"], "essentia_features": {"lowlevel.average_loudness": 0.9766383767127991, "lowlevel.barkbands_crest.mean": 14.365413665771484, "lowlevel.barkbands_crest.stdev": 4.588653087615967, "lowlevel.barkbands_flatness_db.mean": 0.2590335011482239, "lowlevel.barkbands_flatness_db.stdev": 0.07330681383609772, "lowlevel.barkbands_kurtosis.mean": 36.89167785644531, "lowlevel.barkbands_kurtosis.stdev": 47.79799270629883, "lowlevel.barkbands_skewness.mean": 4.057857990264893, "lowlevel.barkbands_skewness.stdev": 2.60871958732605, "lowlevel.barkbands_spread.mean": 11.092635154724121, "lowlevel.barkbands_spread.stdev": 19.7305908203125, "lowlevel.dissonance.mean": 0.43801990151405334, "lowlevel.dissonance.stdev": 0.037879351526498795, "lowlevel.dynamic_complexity": 2.527878522872925, "lowlevel.erbbands_crest.mean": 12.318490028381348, "lowlevel.erbbands_crest.stdev": 5.829942226409912, "lowlevel.erbbands_flatness_db.mean": 0.19263091683387756, "lowlevel.erbbands_flatness_db.stdev": 0.04595094174146652, "lowlevel.erbbands_kurtosis.mean": 4.009065628051758, "lowlevel.erbbands_kurtosis.stdev": 6.821206092834473, "lowlevel.erbbands_skewness.mean": 1.2057169675827026, "lowlevel.erbbands_skewness.stdev": 1.5164369344711304, "lowlevel.erbbands_spread.mean": 34.523651123046875, "lowlevel.erbbands_spread.stdev": 20.839406967163086, "lowlevel.hfc.mean": 12.326228141784668, "lowlevel.hfc.stdev": 9.883832931518555, "lowlevel.loudness_ebu128.integrated": -15.123930931091309, "lowlevel.loudness_ebu128.loudness_range": 0.9310283660888672, "lowlevel.loudness_ebu128.momentary.mean": -15.69577407836914, "lowlevel.loudness_ebu128.momentary.stdev": 3.6620144844055176, "lowlevel.loudness_ebu128.short_term.mean": -15.112319946289062, "lowlevel.loudness_ebu128.short_term.stdev": 0.3259393572807312, "lowlevel.melbands_crest.mean": 21.023935317993164, "lowlevel.melbands_crest.stdev": 5.421902656555176, "lowlevel.melbands_flatness_db.mean": 0.34734874963760376, "lowlevel.melbands_flatness_db.stdev": 0.09280265122652054, "lowlevel.melbands_kurtosis.mean": 66.12088012695312, "lowlevel.melbands_kurtosis.stdev": 70.91619110107422, "lowlevel.melbands_skewness.mean": 5.407717704772949, "lowlevel.melbands_skewness.stdev": 2.7996509075164795, "lowlevel.melbands_spread.mean": 11.827492713928223, "lowlevel.melbands_spread.stdev": 27.150793075561523, "lowlevel.pitch_salience.mean": 0.4147258400917053, "lowlevel.pitch_salience.stdev": 0.16044029593467712, "lowlevel.silence_rate_20dB.mean": 1.0, "lowlevel.silence_rate_20dB.stdev": 0.0, "lowlevel.silence_rate_30dB.mean": 0.9860248565673828, "lowlevel.silence_rate_30dB.stdev": 0.11738766729831696, "lowlevel.silence_rate_60dB.mean": 0.0357142873108387, "lowlevel.silence_rate_60dB.stdev": 0.18557819724082947, "lowlevel.spectral_centroid.mean": 666.2259521484375, "lowlevel.spectral_centroid.stdev": 850.5772094726562, "lowlevel.spectral_complexity.mean": 10.048136711120605, "lowlevel.spectral_complexity.stdev": 5.912078857421875, "lowlevel.spectral_decrease.mean": -1.1147760048402233e-08, "lowlevel.spectral_decrease.stdev": 6.931910601082336e-09, "lowlevel.spectral_energy.mean": 0.04319225624203682, "lowlevel.spectral_energy.stdev": 0.026370052248239517, "lowlevel.spectral_energyband_high.mean": 0.00033275538589805365, "lowlevel.spectral_energyband_high.stdev": 0.0009186756797134876, "lowlevel.spectral_energyband_low.mean": 0.01885394938290119, "lowlevel.spectral_energyband_low.stdev": 0.0175275020301342, "lowlevel.spectral_energyband_middle_high.mean": 0.0013630419271066785, "lowlevel.spectral_energyband_middle_high.stdev": 0.0016959233907982707, "lowlevel.spectral_energyband_middle_low.mean": 0.03007185086607933, "lowlevel.spectral_energyband_middle_low.stdev": 0.025026315823197365, "lowlevel.spectral_entropy.mean": 6.624861240386963, "lowlevel.spectral_entropy.stdev": 0.7232096195220947, "lowlevel.spectral_flux.mean": 0.06593699753284454, "lowlevel.spectral_flux.stdev": 0.04318884387612343, "lowlevel.spectral_kurtosis.mean": 11.652276039123535, "lowlevel.spectral_kurtosis.stdev": 11.05826187133789, "lowlevel.spectral_rms.mean": 0.006074451841413975, "lowlevel.spectral_rms.stdev": 0.0022890649270266294, "lowlevel.spectral_rolloff.mean": 797.9663696289062, "lowlevel.spectral_rolloff.stdev": 1710.0709228515625, "lowlevel.spectral_skewness.mean": 2.488318920135498, "lowlevel.spectral_skewness.stdev": 1.0819189548492432, "lowlevel.spectral_spread.mean": 3983628.25, "lowlevel.spectral_spread.stdev": 1611639.375, "lowlevel.spectral_strongpeak.mean": 0.9701030850410461, "lowlevel.spectral_strongpeak.stdev": 0.6160811185836792, "lowlevel.zerocrossingrate.mean": 0.03181258589029312, "lowlevel.zerocrossingrate.stdev": 0.045553889125585556, "metadata.audio_properties.analysis.equal_loudness": 0.0, "metadata.audio_properties.analysis.length": 14.911995887756348, "metadata.audio_properties.analysis.sample_rate": 44100.0, "metadata.audio_properties.analysis.start_time": 0.0, "metadata.audio_properties.bit_rate": 115531.0, "metadata.audio_properties.length": 14.911999702453613, "metadata.audio_properties.lossless": 0.0, "metadata.audio_properties.number_channels": 1.0, "metadata.audio_properties.replay_gain": -10.586610794067383, "metadata.audio_properties.sample_rate": 48000.0, "rhythm.beats_count": 31.0, "rhythm.beats_loudness.mean": 0.05616343766450882, "rhythm.beats_loudness.stdev": 0.028848296031355858, "rhythm.bpm": 129.52976989746094, "rhythm.bpm_histogram_first_peak_bpm": 129.0, "rhythm.bpm_histogram_first_peak_weight": 0.45454543828964233, "rhythm.bpm_histogram_second_peak_bpm": 123.0, "rhythm.bpm_histogram_second_peak_spread": 0.16666662693023682, "rhythm.bpm_histogram_second_peak_weight": 0.1666666716337204, "rhythm.danceability": 1.4707505702972412, "rhythm.onset_rate": 3.1479332447052, "tonal.chords_changes_rate": 0.046439629048109055, "tonal.chords_number_rate": 0.012383900582790375, "tonal.chords_strength.mean": 0.5885077714920044, "tonal.chords_strength.stdev": 0.07011662423610687, "tonal.hpcp_crest.mean": 13.18995189666748, "tonal.hpcp_crest.stdev": 6.609539031982422, "tonal.hpcp_entropy.mean": 2.081906795501709, "tonal.hpcp_entropy.stdev": 0.7088356614112854, "tonal.key_edma.strength": 0.5192676186561584, "tonal.key_krumhansl.strength": 0.5228675603866577, "tonal.key_temperley.strength": 0.5298886895179749, "tonal.tuning_diatonic_strength": 0.4939577281475067, "tonal.tuning_equal_tempered_deviation": 0.20310674607753754, "tonal.tuning_frequency": 435.44891357421875, "tonal.tuning_nontempered_energy_ratio": 0.9145029783248901, "lowlevel.barkbands.mean": [1.3253602446638979e-05, 0.005874017719179392, 0.005554655566811562, 0.019153565168380737, 0.008144010789692402, 0.0013603039551526308, 0.0007733309757895768, 0.00032151761115528643, 0.00028912219568155706, 0.0002388882712693885, 0.00013404605851974338, 0.00010748982458608225, 7.92869323049672e-05, 0.00010341161396354437, 5.3152922191657126e-05, 5.847037027706392e-05, 8.298939792439342e-05, 0.00019317884289193898, 0.0002700551995076239, 9.007793414639309e-05, 6.000703797326423e-05, 4.1999817767646164e-05, 9.503994806436822e-05, 5.3248641052050516e-05, 2.7508185667102225e-05, 1.9444918507360853e-05, 2.1109130443619506e-07], "lowlevel.barkbands.stdev": [2.6385660021333024e-05, 0.007948807440698147, 0.009158683009445667, 0.01910923235118389, 0.011158924549818039, 0.0025067906826734543, 0.0008610232034698129, 0.0005811372539028525, 0.0007333518005907536, 0.0003741176624316722, 0.00029139360412955284, 0.0002557643165346235, 0.00021593814017251134, 0.0002233352861367166, 0.0001182763371616602, 0.00011910683679161593, 0.00019204495765734464, 0.0005435508792288601, 0.0007940722280181944, 0.0003011031949426979, 0.00018585506768431515, 0.00027263464289717376, 0.0002869160962291062, 0.00016059898189269006, 7.285416359081864e-05, 5.345371027942747e-05, 9.944741350409458e-07], "lowlevel.erbbands.mean": [0.04304654151201248, 1.7366069555282593, 6.989206314086914, 34.04975128173828, 61.77604675292969, 13.12851619720459, 7.753291130065918, 12.286867141723633, 10.923929214477539, 10.748074531555176, 6.573741912841797, 6.252146244049072, 7.044253349304199, 7.32304573059082, 5.467706680297852, 3.850229263305664, 3.5927858352661133, 5.824090003967285, 3.200455665588379, 2.993730306625366, 3.2372372150421143, 5.368680000305176, 10.70966911315918, 10.162890434265137, 13.394384384155273, 4.496515274047852, 3.238100528717041, 1.5026222467422485, 1.2640429735183716, 2.3079710006713867, 2.7814371585845947, 1.5604819059371948, 0.6820849776268005, 0.3371647596359253, 0.17613573372364044, 0.10373376309871674, 0.03317065164446831, 0.0033895543310791254, 8.829117723507807e-05, 5.121817594044842e-05], "lowlevel.erbbands.stdev": [0.06068648397922516, 2.295772075653076, 9.082404136657715, 34.076297760009766, 68.15682220458984, 16.857341766357422, 11.830652236938477, 22.154905319213867, 13.743590354919434, 13.77763557434082, 13.891741752624512, 16.24303436279297, 13.671188354492188, 11.50218677520752, 10.653899192810059, 8.728827476501465, 9.091796875, 13.205371856689453, 6.3031744956970215, 5.995388507843018, 6.735406875610352, 11.627602577209473, 27.62482452392578, 35.98067092895508, 37.320465087890625, 14.560684204101562, 10.735393524169922, 4.784196376800537, 7.89802360534668, 9.602221488952637, 8.550657272338867, 4.8188090324401855, 2.030099630355835, 0.9576288461685181, 0.45052218437194824, 0.29221904277801514, 0.0922447070479393, 0.011145043186843395, 0.00021272143931128085, 2.7559017325984314e-05], "lowlevel.gfcc.mean": [-65.53646087646484, 120.45783233642578, -71.20758819580078, 39.94743728637695, -47.4537353515625, 5.50605583190918, -43.5759391784668, 8.943327903747559, -34.16777038574219, -13.499883651733398, -14.882234573364258, -10.567221641540527, -20.350595474243164], "lowlevel.melbands.mean": [0.0009879227727651596, 0.0034691505134105682, 0.007232775446027517, 0.0024638804607093334, 0.0002761884534265846, 0.0002687723026610911, 0.0001660686102695763, 0.00010879967157961801, 4.823948256671429e-05, 3.950524842366576e-05, 3.6120243748882785e-05, 3.160764026688412e-05, 1.883804361568764e-05, 1.3556233170675114e-05, 8.157644515449647e-06, 8.137245458783582e-06, 1.1062347766710445e-05, 5.002571015211288e-06, 3.902423031831859e-06, 3.893432221957482e-06, 3.6522740174405044e-06, 4.628948772733565e-06, 9.52643677010201e-06, 8.426883141510189e-06, 7.823878149793018e-06, 1.1460439964139368e-05, 5.993133981974097e-06, 2.285630216647405e-06, 1.96188966583577e-06, 1.6605744121989119e-06, 6.217005648068152e-07, 5.915463816563715e-07, 1.0377337957834243e-06, 1.3967548966320464e-06, 1.6938254248088924e-06, 1.328380221821135e-06, 8.070651915659255e-07, 5.044357749284245e-07, 3.2619817602608236e-07, 2.6819139975486905e-07], "lowlevel.melbands.stdev": [0.0013422624906525016, 0.003984770737588406, 0.006376051343977451, 0.0028106453828513622, 0.0003962764167226851, 0.0004828904930036515, 0.0002017908846028149, 0.00013497374311555177, 0.00011692282714648172, 0.00010201745317317545, 7.00278251315467e-05, 4.828900273423642e-05, 3.872093293466605e-05, 2.877872611861676e-05, 2.6228643037029542e-05, 2.0728894014609978e-05, 2.6047318897326477e-05, 1.0497416951693594e-05, 8.882524525688495e-06, 8.227714715758339e-06, 8.336444807355292e-06, 1.1538884791661985e-05, 2.0291272448957898e-05, 2.6272613467881456e-05, 3.037595161003992e-05, 3.399717024876736e-05, 1.8215072486782447e-05, 8.282553608296439e-06, 6.719112661812687e-06, 5.144293936609756e-06, 2.462888232912519e-06, 3.4632155347935623e-06, 7.5869202191825025e-06, 4.93436482429388e-06, 5.405081083154073e-06, 4.073006948601687e-06, 2.577495251898654e-06, 1.5389809959742706e-06, 9.92282252809673e-07, 7.686687126806646e-07], "lowlevel.melbands128.mean": [6.819096142862691e-06, 3.73512229998596e-05, 0.0008841726230457425, 0.0037051073741167784, 0.003694548737257719, 0.002578006125986576, 0.006068751681596041, 0.01082447450608015, 0.0065186950378119946, 0.0012668580748140812, 0.0003895397239830345, 0.0002751313732005656, 0.00020599793060682714, 0.0003328696475364268, 0.0002982245059683919, 0.00024113377730827779, 0.00015690053987782449, 0.00018033427477348596, 0.00011958952381974086, 0.0001442237407900393, 7.9456323874183e-05, 8.120222628349438e-05, 2.6714580599218607e-05, 4.120266385143623e-05, 4.337281279731542e-05, 3.5440178180579096e-05, 4.278242704458535e-05, 2.2642485419055447e-05, 5.0400180043652654e-05, 3.609335544751957e-05, 2.4825467335176654e-05, 2.0735385987791233e-05, 2.097916694765445e-05, 1.365732077829307e-05, 1.8894979803008027e-05, 1.299740506510716e-05, 5.823978426633403e-06, 8.70332405611407e-06, 9.42882525123423e-06, 6.122879767644918e-06, 6.315727659966797e-06, 1.3318898709258065e-05, 1.4756605196453165e-05, 7.168876436480787e-06, 5.3543117246590555e-06, 5.432229500001995e-06, 3.882014880218776e-06, 3.6423498386284336e-06, 3.6783533232664922e-06, 4.834592346014688e-06, 3.356862862347043e-06, 3.7353897823777515e-06, 4.030024228995899e-06, 3.2667933282937156e-06, 3.661171149360598e-06, 4.915210411127191e-06, 4.7851958697719965e-06, 7.804397682775743e-06, 1.1854192052851431e-05, 1.207230434374651e-05, 7.550238478870597e-06, 6.2333110690815374e-06, 7.988327524799388e-06, 7.409826594084734e-06, 8.809943210508209e-06, 1.2964967936568428e-05, 1.2876358596258797e-05, 8.062626875471324e-06, 4.3144145820406266e-06, 3.153785428366973e-06, 2.3036081984173506e-06, 1.7422916016585077e-06, 1.7830241176852724e-06, 1.905637077470601e-06, 2.341307435926865e-06, 2.0891689018753823e-06, 1.2559347624119255e-06, 6.279181548052293e-07, 5.355167900233937e-07, 5.521475259229192e-07, 6.336993578770489e-07, 5.080891014586086e-07, 7.324808279918216e-07, 1.2252298802195583e-06, 1.1276965778961312e-06, 1.232889189850539e-06, 1.4800535836911877e-06, 1.732968939904822e-06, 1.7394219185007387e-06, 1.69308805197943e-06, 1.470692495786352e-06, 1.2446757864381652e-06, 1.0412634310341673e-06, 8.27896940336359e-07, 6.474439260273357e-07, 5.474446993503079e-07, 4.88010869048594e-07, 4.324554083723342e-07, 2.9590276540147897e-07, 2.92622218012184e-07, 3.0803337836005085e-07, 2.7926887469220674e-07, 2.015712254888058e-07, 1.766595119079284e-07, 1.6925520185395726e-07, 1.9528042116689903e-07, 2.676287635949848e-07, 1.9485129598706408e-07, 1.758353960212844e-07, 1.5992137036846543e-07, 1.534558720095447e-07, 1.0536811601014051e-07, 1.1158581258996492e-07, 9.044529036827953e-08, 6.029939925156214e-08, 3.413284588305032e-08, 8.637476511808018e-09, 7.265541501766393e-10, 7.719947944795358e-12, 7.481196218073194e-12, 7.30064533133179e-12, 7.152620076084082e-12, 7.0077650279887216e-12, 6.8820461482377304e-12, 6.751046336544997e-12, 6.591923187859727e-12, 6.4969939150838485e-12, 6.4563766659364585e-12], "lowlevel.melbands128.stdev": [1.437646642443724e-05, 0.00010199328971793875, 0.001425903639756143, 0.005062111187726259, 0.005270909518003464, 0.0047725411131978035, 0.007633537985384464, 0.01093356404453516, 0.008741018362343311, 0.002168918028473854, 0.0009650781285017729, 0.0005219615413807333, 0.00039600589661858976, 0.0009051596862263978, 0.0006400808924809098, 0.0006412631482817233, 0.00029083460685797036, 0.0002738983603194356, 0.0001459850464016199, 0.00026210679789073765, 0.0001351443788735196, 0.00018521033052820712, 0.00014924340939614922, 0.0001649920450290665, 0.00014189313515089452, 0.00012083355250069872, 0.00014534502406604588, 5.543031875276938e-05, 0.000110771092295181, 6.036854756530374e-05, 5.956882887403481e-05, 5.7590426877141e-05, 5.4784297390142456e-05, 4.316250124247745e-05, 5.0326449127169326e-05, 3.138039755867794e-05, 2.1056130208307877e-05, 4.291828736313619e-05, 3.335154542583041e-05, 1.936004809977021e-05, 2.395834235358052e-05, 4.4158921809867024e-05, 4.370000533526763e-05, 1.869140578492079e-05, 1.2294124644540716e-05, 1.6269721527351066e-05, 1.1986619028903078e-05, 1.1543156688276213e-05, 1.092675120162312e-05, 1.2227286788402125e-05, 9.200789463648107e-06, 9.92781133390963e-06, 1.032648651744239e-05, 1.0440279766044114e-05, 1.0079262210638262e-05, 1.5771676771692e-05, 1.3178570952732116e-05, 1.8801332771545276e-05, 2.7281608709017746e-05, 3.462975291768089e-05, 2.6627370971255004e-05, 2.516435233701486e-05, 3.282456600572914e-05, 3.32827985403128e-05, 3.5627715988084674e-05, 4.540456575341523e-05, 4.0105176594806835e-05, 2.6980627808370627e-05, 1.7087921150960028e-05, 1.308779428654816e-05, 1.0474577720742673e-05, 6.135538569651544e-06, 6.851406851637876e-06, 7.240240847750101e-06, 8.392925337830093e-06, 6.980706530157477e-06, 4.071334842592478e-06, 2.0559600670821965e-06, 2.241510401290725e-06, 3.489452865323983e-06, 3.538001692504622e-06, 2.6869427074416308e-06, 5.712564870918868e-06, 1.1542217180249281e-05, 6.667881280009169e-06, 4.592617642629193e-06, 5.001518275093986e-06, 5.986485120956786e-06, 6.023931746312883e-06, 5.686657914338866e-06, 4.598398845701013e-06, 3.92810397897847e-06, 3.610785825003404e-06, 2.873413677662029e-06, 2.0574559584929375e-06, 1.747834858178976e-06, 1.506886974311783e-06, 1.4858724171062931e-06, 9.726103371576755e-07, 1.035486548062181e-06, 1.0466571893630316e-06, 8.474675041725277e-07, 5.53235508959915e-07, 5.039809138907003e-07, 4.5582558527712536e-07, 5.68337043205247e-07, 8.31362456210627e-07, 5.842662744726113e-07, 5.508887852556654e-07, 5.329322902980493e-07, 5.101366582493938e-07, 3.3457303061368293e-07, 3.3220425166291534e-07, 2.695271916763886e-07, 2.078013068285145e-07, 1.5289020893760608e-07, 3.740857223988314e-08, 6.254945894568209e-09, 9.85427017763385e-12, 9.596487667018483e-12, 9.367605649512889e-12, 9.16373400772219e-12, 8.982795410283906e-12, 8.829556877310019e-12, 8.703313243707544e-12, 8.599887295346331e-12, 8.525130254510849e-12, 8.479154878227035e-12], "lowlevel.mfcc.mean": [-723.50439453125, 152.4110107421875, 34.32045364379883, 38.25362777709961, 21.151023864746094, -3.5944321155548096, 8.319430351257324, 9.8411865234375, -12.233266830444336, 3.0632152557373047, -7.362324237823486, -6.1697096824646, -5.080087661743164], "lowlevel.spectral_contrast_coeffs.mean": [-0.5926054120063782, -0.7231631875038147, -0.7747795581817627, -0.8094903230667114, -0.7956567406654358, -0.8028773665428162], "lowlevel.spectral_contrast_coeffs.stdev": [0.10374635457992554, 0.06462553143501282, 0.061116285622119904, 0.04903353378176689, 0.0452483668923378, 0.04585852473974228], "lowlevel.spectral_contrast_valleys.mean": [-6.788656711578369, -7.446224689483643, -8.307892799377441, -8.707680702209473, -8.486440658569336, -11.18893051147461], "lowlevel.spectral_contrast_valleys.stdev": [0.8898230791091919, 0.9140322804450989, 0.918793797492981, 0.9770515561103821, 1.2183457612991333, 1.160152554512024], "rhythm.beats_loudness_band_ratio.mean": [0.8072177171707153, 0.150980606675148, 0.04284470155835152, 0.018559429794549942, 0.02316822111606598, 0.03489559516310692], "rhythm.beats_loudness_band_ratio.stdev": [0.1528438925743103, 0.131172314286232, 0.045779503881931305, 0.020413188263773918, 0.043724797666072845, 0.08087049424648285], "tonal.hpcp.mean": [0.04087071493268013, 0.03416644409298897, 0.013720913790166378, 0.012831264175474644, 0.013253366574645042, 0.013809996657073498, 0.05893455073237419, 0.06395859271287918, 0.014158641919493675, 0.008841798640787601, 0.011332868598401546, 0.01847626268863678, 0.058300282806158066, 0.07597685605287552, 0.05008840933442116, 0.0412471629679203, 0.046451590955257416, 0.04865073785185814, 0.051851846277713776, 0.07874447107315063, 0.1465141773223877, 0.2843419313430786, 0.280679851770401, 0.139030322432518, 0.07471867650747299, 0.06002609804272652, 0.12734249234199524, 0.3041183054447174, 0.28059473633766174, 0.10619726032018661, 0.05623551085591316, 0.03007054142653942, 0.023525439202785492, 0.0923219844698906, 0.0987895131111145, 0.03455352783203125], "tonal.hpcp.stdev": [0.10792622715234756, 0.08738100528717041, 0.08472185581922531, 0.08076702058315277, 0.09720645099878311, 0.07643434405326843, 0.14366550743579865, 0.1545005738735199, 0.07944741100072861, 0.06976450234651566, 0.07625622302293777, 0.09489473700523376, 0.17795026302337646, 0.20913168787956238, 0.17448563873767853, 0.1510646939277649, 0.18291495740413666, 0.1729501634836197, 0.18408843874931335, 0.2276180237531662, 0.28092318773269653, 0.380825012922287, 0.377871572971344, 0.26693302392959595, 0.22498147189617157, 0.18401135504245758, 0.2597538232803345, 0.40074875950813293, 0.3702493906021118, 0.225943461060524, 0.19397209584712982, 0.12101101875305176, 0.06750203669071198, 0.2194686233997345, 0.22897782921791077, 0.10691492259502411], "rhythm.beats_position": [0.4876190423965454, 0.952018141746521, 1.4164172410964966, 1.8692063093185425, 2.3336052894592285, 2.809614419937134, 3.3436734676361084, 3.8661224842071533, 4.4117913246154785, 4.899410247802734, 5.38702917098999, 5.874648571014404, 6.3854875564575195, 6.884716510772705, 7.360725402832031, 7.825124740600586, 8.28952407836914, 8.777142524719238, 9.241541862487793, 9.729161262512207, 10.181949615478516, 10.63473892211914, 11.075918197631836, 11.517097473144531, 11.946666717529297, 12.387845993041992, 12.817414283752441, 13.246983528137207, 13.688162803649902, 14.117732048034668, 14.558911323547363], "rhythm.bpm_histogram": [0.0, 0.0, 0.0, 0.0, 0.0, 0.0, 0.0, 0.0, 0.0, 0.0, 0.0, 0.0, 0.0, 0.0, 0.0, 0.0, 0.0, 0.0, 0.0, 0.0, 0.0, 0.0, 0.0, 0.0, 0.0, 0.0, 0.0, 0.0, 0.0, 0.0, 0.0, 0.0, 0.0, 0.0, 0.0, 0.0, 0.0, 0.0, 0.0, 0.0, 0.0, 0.0, 0.0, 0.0, 0.0, 0.0, 0.0, 0.0, 0.0, 0.0, 0.0, 0.0, 0.0, 0.0, 0.0, 0.0, 0.0, 0.0, 0.0, 0.0, 0.0, 0.0, 0.0, 0.0, 0.0, 0.0, 0.0, 0.0, 0.0, 0.0, 0.0, 0.0, 0.0, 0.0, 0.0, 0.0, 0.0, 0.0, 0.0, 0.0, 0.0, 0.0, 0.0, 0.0, 0.0, 0.0, 0.0, 0.0, 0.0, 0.0, 0.0, 0.0, 0.0, 0.0, 0.0, 0.0, 0.0, 0.0, 0.0, 0.0, 0.0, 0.0, 0.0, 0.0, 0.0, 0.0, 0.0, 0.0, 0.0, 0.0, 0.03333333507180214, 0.0, 0.03333333507180214, 0.0, 0.0, 0.03333333507180214, 0.0, 0.03333333507180214, 0.0, 0.0, 0.03333333507180214, 0.0, 0.0, 0.1666666716337204, 0.0, 0.0, 0.06666667014360428, 0.0, 0.0, 0.20000000298023224, 0.0, 0.0, 0.0, 0.10000000149011612, 0.0, 0.0, 0.1666666716337204, 0.0, 0.0, 0.0, 0.13333334028720856, 0.0, 0.0, 0.0, 0.0, 0.0, 0.0, 0.0, 0.0, 0.0, 0.0, 0.0, 0.0, 0.0, 0.0, 0.0, 0.0, 0.0, 0.0, 0.0, 0.0, 0.0, 0.0, 0.0, 0.0, 0.0, 0.0, 0.0, 0.0, 0.0, 0.0, 0.0, 0.0, 0.0, 0.0, 0.0, 0.0, 0.0, 0.0, 0.0, 0.0, 0.0, 0.0, 0.0, 0.0, 0.0, 0.0, 0.0, 0.0, 0.0, 0.0, 0.0, 0.0, 0.0, 0.0, 0.0, 0.0, 0.0, 0.0, 0.0, 0.0, 0.0, 0.0, 0.0, 0.0, 0.0, 0.0, 0.0, 0.0, 0.0, 0.0, 0.0, 0.0, 0.0, 0.0, 0.0, 0.0, 0.0, 0.0, 0.0, 0.0, 0.0, 0.0, 0.0, 0.0, 0.0, 0.0, 0.0, 0.0, 0.0, 0.0, 0.0, 0.0, 0.0, 0.0, 0.0, 0.0, 0.0, 0.0, 0.0, 0.0, 0.0, 0.0, 0.0, 0.0, 0.0, 0.0, 0.0, 0.0, 0.0], "tonal.chords_histogram": [28.17337417602539, 0.0, 0.0, 0.0, 0.0, 0.0, 0.0, 0.0, 0.0, 0.0, 0.0, 0.0, 0.0, 0.0, 0.0, 0.0, 0.0, 0.0, 0.0, 0.0, 0.0, 44.27244567871094, 7.430340766906738, 20.123838424682617], "tonal.thpcp": [1.0, 0.9226499199867249, 0.3491972088813782, 0.1849132776260376, 0.09887777268886566, 0.07735621184110641, 0.3035725951194763, 0.3248390853404999, 0.11361870169639587, 0.13439084589481354, 0.11234589666128159, 0.045117028057575226, 0.04219168797135353, 0.04357964172959328, 0.045409947633743286, 0.19378824532032013, 0.2103082686662674, 0.04655636101961136, 0.029073549434542656, 0.03726467117667198, 0.060753535479307175, 0.19170264899730682, 0.24982663989067078, 0.16470040380954742, 0.13562867045402527, 0.15274184942245483, 0.15997307002544403, 0.17049893736839294, 0.2589271068572998, 0.48176705837249756, 0.9349714517593384, 0.9229298233985901, 0.4571586847305298, 0.2456895112991333, 0.19737745821475983, 0.4187268316745758], "lowlevel.gfcc.cov": [[9474.041015625, -1571.800048828125, -635.448974609375, 756.116455078125, 167.30943298339844, -98.92451477050781, -183.27093505859375, 505.6432189941406, -86.50089263916016, -39.51966857910156, -219.6083984375, 92.90345764160156, -340.28485107421875], [-1571.800048828125, 2763.906982421875, 111.07874298095703, -1133.8416748046875, 295.2696838378906, 85.7827377319336, 256.7055969238281, -283.5662536621094, 162.31138610839844, -91.50123596191406, 258.7202453613281, -268.2588806152344, 276.6104431152344], [-635.448974609375, 111.07874298095703, 367.22869873046875, -14.638625144958496, -25.592668533325195, 5.522005081176758, -21.01876449584961, -75.80096435546875, -8.648014068603516, 8.71985912322998, -2.096759557723999, 31.03418731689453, 15.692992210388184], [756.116455078125, -1133.8416748046875, -14.638625144958496, 702.71630859375, -77.84970092773438, -147.5640411376953, -153.55450439453125, 120.74151611328125, -31.83687973022461, -2.7163262367248535, -122.7584457397461, 131.43592834472656, -79.5482406616211], [167.30943298339844, 295.2696838378906, -25.592668533325195, -77.84970092773438, 242.4501190185547, 3.1993110179901123, -37.50612258911133, 9.549363136291504, 95.70608520507812, 11.56486701965332, -5.436912536621094, -28.20602035522461, 49.795345306396484], [-98.92451477050781, 85.7827377319336, 5.522005081176758, -147.5640411376953, 3.1993110179901123, 197.0166015625, 75.07575225830078, -7.126302242279053, 39.716670989990234, 91.28195190429688, 44.640228271484375, -11.49372386932373, 3.174797773361206], [-183.27093505859375, 256.7055969238281, -21.01876449584961, -153.55450439453125, -37.50612258911133, 75.07575225830078, 249.52627563476562, 19.0947208404541, -34.752044677734375, 20.87422752380371, 53.068397521972656, -34.5406494140625, -2.708183765411377], [505.6432189941406, -283.5662536621094, -75.80096435546875, 120.74151611328125, 9.549363136291504, -7.126302242279053, 19.0947208404541, 193.45166015625, 35.25080108642578, 41.49654769897461, -14.980073928833008, 16.535316467285156, -14.06377124786377], [-86.50089263916016, 162.31138610839844, -8.648014068603516, -31.83687973022461, 95.70608520507812, 39.716670989990234, -34.752044677734375, 35.25080108642578, 206.374267578125, 81.70418548583984, 5.103937149047852, 14.939061164855957, 72.49115753173828], [-39.51966857910156, -91.50123596191406, 8.71985912322998, -2.7163262367248535, 11.56486701965332, 91.28195190429688, 20.87422752380371, 41.49654769897461, 81.70418548583984, 147.28720092773438, 25.676477432250977, 25.043317794799805, 10.537757873535156], [-219.6083984375, 258.7202453613281, -2.096759557723999, -122.7584457397461, -5.436912536621094, 44.640228271484375, 53.068397521972656, -14.980073928833008, 5.103937149047852, 25.676477432250977, 114.07109069824219, -4.087126731872559, 22.497005462646484], [92.90345764160156, -268.2588806152344, 31.03418731689453, 131.43592834472656, -28.20602035522461, -11.49372386932373, -34.5406494140625, 16.535316467285156, 14.939061164855957, 25.043317794799805, -4.087126731872559, 131.1970672607422, -8.440934181213379], [-340.28485107421875, 276.6104431152344, 15.692992210388184, -79.5482406616211, 49.795345306396484, 3.174797773361206, -2.708183765411377, -14.06377124786377, 72.49115753173828, 10.537757873535156, 22.497005462646484, -8.440934181213379, 108.32219696044922]], "lowlevel.gfcc.icov": [[0.00016931087884586304, -0.00014193527749739587, 0.000245462084421888, -0.00021130697859916836, -0.00013464325456880033, -0.00022796966368332505, 0.0001913757441798225, -0.00040838855784386396, 0.0001721514418022707, 3.5138786188326776e-05, 0.00023595536185894161, -0.00018765244749374688, 0.0005416686763055623], [-0.00014193527749739587, 0.0037496897857636213, -0.0012395922094583511, 0.003916244488209486, -0.001981370383873582, 0.0028409496881067753, -0.002464636694639921, 0.002615473000332713, -0.0029686708003282547, 0.0025939017068594694, -0.004054510034620762, 0.0024996199645102024, -0.0030887878965586424], [0.000245462084421888, -0.0012395922094583511, 0.0038028773851692677, -0.0012640774948522449, 0.0006700726808048785, -0.0009738554363138974, 0.001059079892002046, 6.276845670072362e-05, 0.0014590636128559709, -0.00147757597733289, 0.00196124822832644, -0.001781298080459237, 0.0008335949387401342], [-0.00021130697859916836, 0.003916244488209486, -0.0012640774948522449, 0.0074410950765013695, -0.0012639922788366675, 0.004817138891667128, -0.001454438199289143, 0.0013293339870870113, -0.0026078391820192337, 0.0014519775286316872, -0.002128342632204294, 0.0004028090334031731, -0.0023631840012967587], [-0.00013464325456880033, -0.001981370383873582, 0.0006700726808048785, -0.0012639922788366675, 0.007033905014395714, -0.00109622604213655, 0.002071407623589039, -0.0014460034435614944, -0.0008904252899810672, -0.0010407259687781334, 0.0026838548947125673, -0.00029560946859419346, 0.0003907408390659839], [-0.00022796966368332505, 0.0028409496881067753, -0.0009738554363138974, 0.004817138891667128, -0.00109622604213655, 0.012088879942893982, -0.003322359872981906, 0.0031069209799170494, -0.002645354252308607, -0.004185742698609829, -0.003255692310631275, 0.0018777857767418027, -0.0008221946773119271], [0.0001913757441798225, -0.002464636694639921, 0.001059079892002046, -0.001454438199289143, 0.002071407623589039, -0.003322359872981906, 0.007627906743437052, -0.003635407891124487, 0.0035612352658063173, -0.0019211554899811745, 0.001639212598092854, -0.0012128257658332586, 0.0019059051992371678], [-0.00040838855784386396, 0.002615473000332713, 6.276845670072362e-05, 0.0013293339870870113, -0.0014460034435614944, 0.0031069209799170494, -0.003635407891124487, 0.009957871399819851, -0.003467409173026681, -0.0003872522502206266, -0.002835198538377881, 0.002285322407260537, -0.0020939672831445932], [0.0001721514418022707, -0.0029686708003282547, 0.0014590636128559709, -0.0026078391820192337, -0.0008904252899810672, -0.002645354252308607, 0.0035612352658063173, -0.003467409173026681, 0.01301692146807909, -0.007022774778306484, 0.004666339606046677, -0.0031703475397080183, -0.0031233658082783222], [3.5138786188326776e-05, 0.0025939017068594694, -0.00147757597733289, 0.0014519775286316872, -0.0010407259687781334, -0.004185742698609829, -0.0019211554899811745, -0.0003872522502206266, -0.007022774778306484, 0.016293305903673172, -0.005078635644167662, 0.0006247300188988447, -0.0005120703135617077], [0.00023595536185894161, -0.004054510034620762, 0.00196124822832644, -0.002128342632204294, 0.0026838548947125673, -0.003255692310631275, 0.001639212598092854, -0.002835198538377881, 0.004666339606046677, -0.005078635644167662, 0.016946036368608475, -0.004660625942051411, 0.0012708429712802172], [-0.00018765244749374688, 0.0024996199645102024, -0.001781298080459237, 0.0004028090334031731, -0.00029560946859419346, 0.0018777857767418027, -0.0012128257658332586, 0.002285322407260537, -0.0031703475397080183, 0.0006247300188988447, -0.004660625942051411, 0.012340090237557888, -0.0020809639245271683], [0.0005416686763055623, -0.0030887878965586424, 0.0008335949387401342, -0.0023631840012967587, 0.0003907408390659839, -0.0008221946773119271, 0.0019059051992371678, -0.0020939672831445932, -0.0031233658082783222, -0.0005120703135617077, 0.0012708429712802172, -0.0020809639245271683, 0.018298804759979248]], "lowlevel.mfcc.cov": [[8768.9296875, -1567.78271484375, -783.0774536132812, 537.660888671875, 265.73016357421875, -274.2594909667969, -34.18046951293945, 332.6988830566406, -78.70706176757812, 383.1755065917969, -69.45885467529297, 15.930706977844238, -125.43768310546875], [-1567.78271484375, 3271.95361328125, -100.43623352050781, -841.454345703125, -11.381108283996582, 104.489013671875, 185.45233154296875, -144.51734924316406, 82.03356170654297, 10.587806701660156, 127.57110595703125, -48.76749801635742, -37.24467086791992], [-783.0774536132812, -100.43623352050781, 382.0720520019531, 13.280278205871582, -57.12318420410156, 47.27951431274414, -13.261902809143066, -41.882301330566406, -28.4370174407959, -81.57826232910156, -12.688957214355469, -8.397994995117188, 20.53476905822754], [537.660888671875, -841.454345703125, 13.280278205871582, 522.1814575195312, 81.23023986816406, -90.53485870361328, -127.4742660522461, 74.3790283203125, 6.150262832641602, -66.75166320800781, -66.87996673583984, -31.428007125854492, 12.686670303344727], [265.73016357421875, -11.381108283996582, -57.12318420410156, 81.23023986816406, 317.611328125, -20.853002548217773, -147.5038604736328, -30.321609497070312, 44.45717239379883, 46.39942169189453, -48.1904411315918, -14.13147258758545, 18.22456169128418], [-274.2594909667969, 104.489013671875, 47.27951431274414, -90.53485870361328, -20.853002548217773, 192.3246612548828, -6.568737506866455, -37.179447174072266, 9.42607593536377, -12.283143043518066, 36.91493606567383, 21.528793334960938, -10.020864486694336], [-34.18046951293945, 185.45233154296875, -13.261902809143066, -127.4742660522461, -147.5038604736328, -6.568737506866455, 243.087158203125, 12.807588577270508, -45.37801742553711, 20.42842674255371, 32.32576370239258, 21.309797286987305, -13.023972511291504], [332.6988830566406, -144.51734924316406, -41.882301330566406, 74.3790283203125, -30.321609497070312, -37.179447174072266, 12.807588577270508, 106.0075912475586, 2.6058382987976074, -9.785195350646973, 0.4917084276676178, 4.546308994293213, 5.1225056648254395], [-78.70706176757812, 82.03356170654297, -28.4370174407959, 6.150262832641602, 44.45717239379883, 9.42607593536377, -45.37801742553711, 2.6058382987976074, 164.36500549316406, 66.23883056640625, 31.063308715820312, 6.292356967926025, 27.375364303588867], [383.1755065917969, 10.587806701660156, -81.57826232910156, -66.75166320800781, 46.39942169189453, -12.283143043518066, 20.42842674255371, -9.785195350646973, 66.23883056640625, 158.58242797851562, 30.900671005249023, 26.724151611328125, 11.625718116760254], [-69.45885467529297, 127.57110595703125, -12.688957214355469, -66.87996673583984, -48.1904411315918, 36.91493606567383, 32.32576370239258, 0.4917084276676178, 31.063308715820312, 30.900671005249023, 130.76856994628906, 26.063806533813477, 1.143757700920105], [15.930706977844238, -48.76749801635742, -8.397994995117188, -31.428007125854492, -14.13147258758545, 21.528793334960938, 21.309797286987305, 4.546308994293213, 6.292356967926025, 26.724151611328125, 26.063806533813477, 78.53247833251953, 22.629064559936523], [-125.43768310546875, -37.24467086791992, 20.53476905822754, 12.686670303344727, 18.22456169128418, -10.020864486694336, -13.023972511291504, 5.1225056648254395, 27.375364303588867, 11.625718116760254, 1.143757700920105, 22.629064559936523, 81.77483367919922]], "lowlevel.mfcc.icov": [[0.00021313020261004567, 4.0707011066842824e-05, 0.0002579126157797873, -0.00015393081412184983, -9.300946112489328e-05, -2.260636210849043e-05, 3.749797906493768e-05, -0.0005303262732923031, 0.0003822265425696969, -0.0006601063068956137, 3.7238438380882144e-05, 4.9333997594658285e-05, 0.0003134522994514555], [4.0707011066842824e-05, 0.0007060743519105017, 0.0002801620867103338, 0.0012089014053344727, -0.000503654417116195, 0.0002286540111526847, -0.0004069463175255805, 0.0001550859014969319, -0.0006805041921325028, 0.0009655923349782825, -0.00038255463005043566, 0.0007194469217211008, 8.865678682923317e-05], [0.0002579126157797873, 0.0002801620867103338, 0.00380624714307487, -2.2317744878819212e-05, 0.0005284936050884426, -0.0005377471097745001, 0.00010344150359742343, 0.0011558617698028684, 0.00026099837850779295, 0.0010164239211007953, 0.0001335102424491197, 0.0005609558429569006, -0.0010576958302408457], [-0.00015393081412184983, 0.0012089014053344727, -2.2317744878819212e-05, 0.005250965710729361, -0.0011674778070300817, 0.0014623163733631372, 0.0004607647133525461, -0.0011247387155890465, -0.0018815501825883985, 0.0034238367807120085, -0.0001463867665734142, 0.0012788918102160096, -0.0001200710394186899], [-9.300946112489328e-05, -0.000503654417116195, 0.0005284936050884426, -0.0011674778070300817, 0.005911081098020077, -4.251172413205495e-06, 0.0032959124073386192, 0.0017341590719297528, 0.00045285961823537946, -0.0024440649431198835, 0.0017590756760910153, -0.00012952346878591925, -0.0010181298712268472], [-2.260636210849043e-05, 0.0002286540111526847, -0.0005377471097745001, 0.0014623163733631372, -4.251172413205495e-06, 0.00700664846226573, 0.0007320231525227427, 0.0017421131487935781, -0.001186093664728105, 0.001955681014806032, -0.0014872762840241194, -0.0020725736394524574, 0.0015580110484734178], [3.749797906493768e-05, -0.0004069463175255805, 0.00010344150359742343, 0.0004607647133525461, 0.0032959124073386192, 0.0007320231525227427, 0.007512290496379137, -0.0009301891550421715, 0.002417714800685644, -0.0026120743714272976, 6.768425373593345e-05, -0.0010526455007493496, 0.00023693661205470562], [-0.0005303262732923031, 0.0001550859014969319, 0.0011558617698028684, -0.0011247387155890465, 0.0017341590719297528, 0.0017421131487935781, -0.0009301891550421715, 0.014257424511015415, -0.0020605388563126326, 0.0033103881869465113, -0.0006166890379972756, -0.0011803129455074668, -0.0015184520743787289], [0.0003822265425696969, -0.0006805041921325028, 0.00026099837850779295, -0.0018815501825883985, 0.00045285961823537946, -0.001186093664728105, 0.002417714800685644, -0.0020605388563126326, 0.010483531281352043, -0.006333651952445507, -0.0013344073668122292, 0.0010076066246256232, -0.0020986427552998066], [-0.0006601063068956137, 0.0009655923349782825, 0.0010164239211007953, 0.0034238367807120085, -0.0024440649431198835, 0.001955681014806032, -0.0026120743714272976, 0.0033103881869465113, -0.006333651952445507, 0.014574525877833366, -0.0018127004150301218, -0.0019264641450718045, -0.0005915209767408669], [3.7238438380882144e-05, -0.00038255463005043566, 0.0001335102424491197, -0.0001463867665734142, 0.0017590756760910153, -0.0014872762840241194, 6.768425373593345e-05, -0.0006166890379972756, -0.0013344073668122292, -0.0018127004150301218, 0.010248441249132156, -0.002389471046626568, 0.0005694963620044291], [4.9333997594658285e-05, 0.0007194469217211008, 0.0005609558429569006, 0.0012788918102160096, -0.00012952346878591925, -0.0020725736394524574, -0.0010526455007493496, -0.0011803129455074668, 0.0010076066246256232, -0.0019264641450718045, -0.002389471046626568, 0.017485100775957108, -0.00512330699712038], [0.0003134522994514555, 8.865678682923317e-05, -0.0010576958302408457, -0.0001200710394186899, -0.0010181298712268472, 0.0015580110484734178, 0.00023693661205470562, -0.0015184520743787289, -0.0020986427552998066, -0.0005915209767408669, 0.0005694963620044291, -0.00512330699712038, 0.015781231224536896]], "metadata.audio_properties.analysis.downmix": "mix", "metadata.audio_properties.codec": "mp3", "metadata.audio_properties.md5_encoded": "d732c4a5ef5eaee0bb70a22d85a5f93e", "metadata.tags.file_name": "1182287039127891999.mp3", "metadata.version.essentia": "2.1-beta6-dev", "metadata.version.essentia_git_sha": "v2.1_beta5-1110-g77a6a954", "metadata.version.extractor": "music 2.0", "tonal.chords_key": "F#", "tonal.chords_scale": "minor", "tonal.key_edma.key": "E", "tonal.key_edma.scale": "major", "tonal.key_krumhansl.key": "E", "tonal.key_krumhansl.scale": "major", "tonal.key_temperley.key": "E", "tonal.key_temperley.scale": "major", "metadata.tags.encoding": ["Lavf58.45.100"]}, "essentia_models": [{"model_name": "genre_dortmund", "activations": {"alternative": "0.20816003", "blues": "0.012909927", "electronic": "0.0003261653", "folkcountry": "0.5122009", "funksoulrnb": "0.005225064", "jazz": "0.021343086", "pop": "0.08968791", "raphiphop": "0.0028268555", "rock": "0.08567069"}}, {"model_name": "genre_rosamerica", "activations": {"classic": "0.023962416", "dance": "0.0007576669", "hip hop": "0.0018443114", "jazz": "0