{"song_id": "1182286562604634112", "download": "https://cdn.discordapp.com/attachments/1135911532732108921/1182286562604634112/chirp.mp4?ex=6584252a&amp", "lyrics": "Beneath the city lights, dreams take flight,\n(2) Freedom in the air, shining just as bright.\n(3) Streets alive with stories, never to be told,\n(4) In the heart of the city, a melody unfolds.\n\n(5) Sunset whispers secrets, memories align,\n(6) This American dream, every moment, divine.\n(7) Dancing with the sunrise, singing through the night,\n(8) Love in America, an endless, timeless light.", "style": ["House"], "essentia_features": {"lowlevel.average_loudness": 0.9553894400596619, "lowlevel.barkbands_crest.mean": 14.407081604003906, "lowlevel.barkbands_crest.stdev": 5.521313667297363, "lowlevel.barkbands_flatness_db.mean": 0.14943696558475494, "lowlevel.barkbands_flatness_db.stdev": 0.06902608275413513, "lowlevel.barkbands_kurtosis.mean": 14.313652038574219, "lowlevel.barkbands_kurtosis.stdev": 22.50581169128418, "lowlevel.barkbands_skewness.mean": 3.0431501865386963, "lowlevel.barkbands_skewness.stdev": 2.269618511199951, "lowlevel.barkbands_spread.mean": 26.355308532714844, "lowlevel.barkbands_spread.stdev": 16.436079025268555, "lowlevel.dissonance.mean": 0.48970144987106323, "lowlevel.dissonance.stdev": 0.011256332509219646, "lowlevel.dynamic_complexity": 1.3190959692001343, "lowlevel.erbbands_crest.mean": 7.873992919921875, "lowlevel.erbbands_crest.stdev": 2.3776113986968994, "lowlevel.erbbands_flatness_db.mean": 0.12775197625160217, "lowlevel.erbbands_flatness_db.stdev": 0.01219327375292778, "lowlevel.erbbands_kurtosis.mean": -0.6719892621040344, "lowlevel.erbbands_kurtosis.stdev": 0.6959949135780334, "lowlevel.erbbands_skewness.mean": -0.3026173710823059, "lowlevel.erbbands_skewness.stdev": 0.41624969244003296, "lowlevel.erbbands_spread.mean": 69.70953369140625, "lowlevel.erbbands_spread.stdev": 24.38504409790039, "lowlevel.hfc.mean": 27.244455337524414, "lowlevel.hfc.stdev": 9.54478645324707, "lowlevel.loudness_ebu128.integrated": -11.957477569580078, "lowlevel.loudness_ebu128.loudness_range": 1.6090450286865234, "lowlevel.loudness_ebu128.momentary.mean": -12.037920951843262, "lowlevel.loudness_ebu128.momentary.stdev": 0.8272318243980408, "lowlevel.loudness_ebu128.short_term.mean": -12.04222583770752, "lowlevel.loudness_ebu128.short_term.stdev": 0.48043420910835266, "lowlevel.melbands_crest.mean": 22.42645835876465, "lowlevel.melbands_crest.stdev": 5.949731349945068, "lowlevel.melbands_flatness_db.mean": 0.247816264629364, "lowlevel.melbands_flatness_db.stdev": 0.08124328404664993, "lowlevel.melbands_kurtosis.mean": 64.55443572998047, "lowlevel.melbands_kurtosis.stdev": 79.09236907958984, "lowlevel.melbands_skewness.mean": 6.203549861907959, "lowlevel.melbands_skewness.stdev": 3.8376314640045166, "lowlevel.melbands_spread.mean": 19.809913635253906, "lowlevel.melbands_spread.stdev": 17.84597396850586, "lowlevel.pitch_salience.mean": 0.35237863659858704, "lowlevel.pitch_salience.stdev": 0.18873965740203857, "lowlevel.silence_rate_20dB.mean": 1.0, "lowlevel.silence_rate_20dB.stdev": 0.0, "lowlevel.silence_rate_30dB.mean": 0.7961089611053467, "lowlevel.silence_rate_30dB.stdev": 0.4028867185115814, "lowlevel.silence_rate_60dB.mean": 0.0015564202331006527, "lowlevel.silence_rate_60dB.stdev": 0.039421044290065765, "lowlevel.spectral_centroid.mean": 1655.7706298828125, "lowlevel.spectral_centroid.stdev": 620.0885009765625, "lowlevel.spectral_complexity.mean": 22.63657569885254, "lowlevel.spectral_complexity.stdev": 7.887506484985352, "lowlevel.spectral_decrease.mean": -1.713073061182513e-08, "lowlevel.spectral_decrease.stdev": 1.613054223525978e-08, "lowlevel.spectral_energy.mean": 0.06712648272514343, "lowlevel.spectral_energy.stdev": 0.061089251190423965, "lowlevel.spectral_energyband_high.mean": 0.0017770171398296952, "lowlevel.spectral_energyband_high.stdev": 0.0009178573964163661, "lowlevel.spectral_energyband_low.mean": 0.054117824882268906, "lowlevel.spectral_energyband_low.stdev": 0.0626087412238121, "lowlevel.spectral_energyband_middle_high.mean": 0.004446753766387701, "lowlevel.spectral_energyband_middle_high.stdev": 0.002432476729154587, "lowlevel.spectral_energyband_middle_low.mean": 0.008434957824647427, "lowlevel.spectral_energyband_middle_low.stdev": 0.01637856848537922, "lowlevel.spectral_entropy.mean": 7.719575881958008, "lowlevel.spectral_entropy.stdev": 0.1739100068807602, "lowlevel.spectral_flux.mean": 0.13425332307815552, "lowlevel.spectral_flux.stdev": 0.09590689837932587, "lowlevel.spectral_kurtosis.mean": 2.5260794162750244, "lowlevel.spectral_kurtosis.stdev": 0.7674678564071655, "lowlevel.spectral_rms.mean": 0.007444927003234625, "lowlevel.spectral_rms.stdev": 0.0031721119303256273, "lowlevel.spectral_rolloff.mean": 1289.0753173828125, "lowlevel.spectral_rolloff.stdev": 1563.77587890625, "lowlevel.spectral_skewness.mean": 0.9967387914657593, "lowlevel.spectral_skewness.stdev": 0.1602364331483841, "lowlevel.spectral_spread.mean": 4725833.5, "lowlevel.spectral_spread.stdev": 816850.1875, "lowlevel.spectral_strongpeak.mean": 0.7857622504234314, "lowlevel.spectral_strongpeak.stdev": 0.4303588271141052, "lowlevel.zerocrossingrate.mean": 0.05945935845375061, "lowlevel.zerocrossingrate.stdev": 0.0354134701192379, "metadata.audio_properties.analysis.equal_loudness": 0.0, "metadata.audio_properties.analysis.length": 29.80265235900879, "metadata.audio_properties.analysis.sample_rate": 44100.0, "metadata.audio_properties.analysis.start_time": 0.0, "metadata.audio_properties.bit_rate": 122619.0, "metadata.audio_properties.length": 29.80266761779785, "metadata.audio_properties.lossless": 0.0, "metadata.audio_properties.number_channels": 1.0, "metadata.audio_properties.replay_gain": -12.285877227783203, "metadata.audio_properties.sample_rate": 48000.0, "rhythm.beats_count": 52.0, "rhythm.beats_loudness.mean": 0.08115968108177185, "rhythm.beats_loudness.stdev": 0.0376388244330883, "rhythm.bpm": 106.79235076904297, "rhythm.bpm_histogram_first_peak_bpm": 108.0, "rhythm.bpm_histogram_first_peak_weight": 0.29787230491638184, "rhythm.bpm_histogram_second_peak_bpm": 103.0, "rhythm.bpm_histogram_second_peak_spread": 0.25, "rhythm.bpm_histogram_second_peak_weight": 0.05882352963089943, "rhythm.danceability": 1.427170753479004, "rhythm.onset_rate": 2.3478569984436035, "tonal.chords_changes_rate": 0.09953343868255615, "tonal.chords_number_rate": 0.015552099794149399, "tonal.chords_strength.mean": 0.5687041282653809, "tonal.chords_strength.stdev": 0.1127793937921524, "tonal.hpcp_crest.mean": 10.044236183166504, "tonal.hpcp_crest.stdev": 4.864140033721924, "tonal.hpcp_entropy.mean": 2.7110331058502197, "tonal.hpcp_entropy.stdev": 0.7677666544914246, "tonal.key_edma.strength": 0.7409679889678955, "tonal.key_krumhansl.strength": 0.746484100818634, "tonal.key_temperley.strength": 0.7466860413551331, "tonal.tuning_diatonic_strength": 0.7072390913963318, "tonal.tuning_equal_tempered_deviation": 0.30487462878227234, "tonal.tuning_frequency": 441.0177917480469, "tonal.tuning_nontempered_energy_ratio": 0.9141356348991394, "lowlevel.barkbands.mean": [0.0002444132405798882, 0.02887190878391266, 0.02341555431485176, 0.004501283168792725, 0.0025894343852996826, 0.00014851003652438521, 9.134713764069602e-05, 0.00018411480414215475, 0.0007855418371036649, 0.00037061524926684797, 0.0003515083226375282, 0.0007046894752420485, 0.0007072658045217395, 0.0005001792451366782, 0.00033839402021840215, 0.00027192814741283655, 0.00018779888341668993, 0.00012490701919887215, 0.0006854069652035832, 0.0003168538096360862, 0.00018390663899481297, 0.0012469174107536674, 3.0294588214019313e-05, 0.00010116798512171954, 4.310529766371474e-05, 9.417969704372808e-05, 3.527051376295276e-05], "lowlevel.barkbands.stdev": [0.00022540142526850104, 0.05361837148666382, 0.019989756867289543, 0.008381939493119717, 0.008425991982221603, 0.0002520897542126477, 0.00012413332297001034, 0.0002623514155857265, 0.0010643870336934924, 0.000497711356729269, 0.0005157398991286755, 0.0008241957984864712, 0.0008213012479245663, 0.0005811115261167288, 0.0002918278914876282, 0.00020678470900747925, 0.00014484190614894032, 8.372864976990968e-05, 0.00043491486576385796, 0.00020475916971918195, 0.0001449070405215025, 0.0007212088094092906, 3.9463528082706034e-05, 7.739464490441605e-05, 4.123456164961681e-05, 4.6229823055909947e-05, 2.2547175831277855e-05], "lowlevel.erbbands.mean": [0.33842164278030396, 8.293557167053223, 29.088321685791016, 16.999231338500977, 17.631237030029297, 4.0219035148620605, 1.3151072263717651, 1.262603759765625, 1.2012053728103638, 2.151945114135742, 5.8802490234375, 18.88341522216797, 14.39134407043457, 11.339923858642578, 19.88980484008789, 28.988061904907227, 33.28580093383789, 28.604522705078125, 21.114099502563477, 17.53684425354004, 12.078978538513184, 10.399845123291016, 6.724793434143066, 17.42877769470215, 43.495941162109375, 13.128325462341309, 6.013905048370361, 13.988158226013184, 60.078163146972656, 9.556201934814453, 0.7253732085227966, 1.201757550239563, 2.129699468612671, 0.8246312141418457, 0.03840423747897148, 0.023258674889802933, 0.21019071340560913, 0.12406358867883682, 0.002979624317958951, 0.00013628930901177227], "lowlevel.erbbands.stdev": [0.6769046783447266, 14.46442985534668, 27.326824188232422, 13.505239486694336, 50.033199310302734, 12.268043518066406, 3.1165852546691895, 2.0275816917419434, 1.662252426147461, 2.8396339416503906, 7.5661396980285645, 26.999971389770508, 17.38296127319336, 17.10818862915039, 24.44533920288086, 32.7335319519043, 36.190731048583984, 34.758914947509766, 18.314725875854492, 12.406017303466797, 9.043304443359375, 7.59887170791626, 4.240738391876221, 10.78809642791748, 27.841203689575195, 7.217775821685791, 4.469189643859863, 8.90023136138916, 36.395538330078125, 6.415737628936768, 0.8148594498634338, 1.0108596086502075, 1.6645779609680176, 0.7280895113945007, 0.061732202768325806, 0.021420719102025032, 0.11346040666103363, 0.05837881937623024, 0.0014878116780892015, 6.019019565428607e-05], "lowlevel.gfcc.mean": [32.74551773071289, 54.543190002441406, -102.20394134521484, 48.22962188720703, -22.938234329223633, 28.512083053588867, 1.1547296047210693, -2.8612613677978516, -21.642663955688477, -1.961560845375061, -28.429916381835938, -8.81753921508789, -29.603261947631836], "lowlevel.melbands.mean": [0.00567058427259326, 0.013486407697200775, 0.0032656488474458456, 0.0007291215588338673, 4.973394243279472e-05, 2.779469832603354e-05, 1.8354045096202753e-05, 2.5873107006191276e-05, 5.632304964819923e-05, 0.00012336579675320536, 6.931092502782121e-05, 4.372248440631665e-05, 5.655351196764968e-05, 8.310886187246069e-05, 6.332777411444113e-05, 7.417480082949623e-05, 5.055377914686687e-05, 3.407305484870449e-05, 2.609727016533725e-05, 2.221882459707558e-05, 1.2415880519256461e-05, 1.1495978469611146e-05, 6.911570835654857e-06, 5.910284471610794e-06, 1.392613830830669e-05, 2.7536652851267718e-05, 2.84075977106113e-05, 4.2975643737008795e-06, 2.762763188002282e-06, 5.457986389956204e-06, 7.4280492299294565e-06, 4.05147802666761e-05, 1.5180288755800575e-05, 1.8495546783015016e-06, 2.78357674687868e-07, 1.196673906633805e-07, 1.0384169399912935e-06, 1.725478000480507e-06, 1.429144617759448e-06, 3.723177428582858e-07], "lowlevel.melbands.stdev": [0.010961576364934444, 0.014902892522513866, 0.003598014824092388, 0.0022217663936316967, 0.00012747842993121594, 4.43628232460469e-05, 2.5240575268981047e-05, 3.420850043767132e-05, 7.347830251092091e-05, 0.0001764040789566934, 8.594854443799704e-05, 6.927527283551171e-05, 7.723771705059335e-05, 9.919438161887228e-05, 6.65510815451853e-05, 8.934061042964458e-05, 6.459140422521159e-05, 3.136713712592609e-05, 2.1526380805880763e-05, 1.7605138054932468e-05, 1.0573432518867776e-05, 9.289310582971666e-06, 5.0436351557436865e-06, 3.8450634747277945e-06, 9.400609997101128e-06, 2.0134157239226624e-05, 1.6359254004782997e-05, 3.072767412959365e-06, 2.9488064683391713e-06, 3.75193553736608e-06, 5.97804319113493e-06, 2.47996867983602e-05, 1.0219319847237784e-05, 1.910244918690296e-06, 4.653132918974734e-07, 2.6792739049597003e-07, 8.85524457316933e-07, 1.4212503174348967e-06, 1.2456296190066496e-06, 3.8176619909791043e-07], "lowlevel.melbands128.mean": [8.541804709238932e-05, 0.0009187512914650142, 0.00723625160753727, 0.016064058989286423, 0.017643079161643982, 0.009466101415455341, 0.002934651216492057, 0.0025430060923099518, 0.0019518432673066854, 0.00045267361565493047, 0.00010806093632709235, 5.429564043879509e-05, 3.975261279265396e-05, 3.2641000871080905e-05, 3.1003648473415524e-05, 2.3339238396147266e-05, 1.909012826217804e-05, 1.6755588148953393e-05, 1.797793447622098e-05, 2.276897976116743e-05, 2.9455753974616528e-05, 3.640473005361855e-05, 4.9887097702594474e-05, 8.168636122718453e-05, 0.00013953394955024123, 0.0001436955644749105, 8.735284791328013e-05, 6.442130688810721e-05, 4.847375021199696e-05, 4.551490201265551e-05, 4.174162677372806e-05, 3.922907853848301e-05, 5.69205149076879e-05, 6.71177840558812e-05, 7.841888873372227e-05, 9.564722859067842e-05, 7.992878818186e-05, 4.968683060724288e-05, 5.0543294491944835e-05, 0.00010070608550449833, 7.228601316455752e-05, 5.482791311806068e-05, 5.63308822165709e-05, 4.436167728272267e-05, 3.883353201672435e-05, 2.666636100912001e-05, 3.7017754948465154e-05, 2.8593360184459016e-05, 1.853866342571564e-05, 2.4321747332578525e-05, 2.8029588065692224e-05, 1.3534707250073552e-05, 1.1705863471433986e-05, 1.1741822163457982e-05, 1.3783796930511016e-05, 1.1501919289003126e-05, 1.0109364666277543e-05, 8.171477929863613e-06, 5.509061793418368e-06, 4.6167524487827905e-06, 4.638044174498646e-06, 6.922523425600957e-06, 1.3891651178710163e-05, 1.6343139577656984e-05, 1.3181266695028171e-05, 1.992806573980488e-05, 4.471807915251702e-05, 4.066123437951319e-05, 2.6093306587426923e-05, 9.26943448575912e-06, 2.752152568064048e-06, 2.0768545709870523e-06, 2.4066816877166275e-06, 3.1810957352718106e-06, 2.4908663363021333e-06, 5.344723376765614e-06, 8.35851278679911e-06, 2.8767062758561224e-06, 4.091181381227216e-06, 1.0533239219512325e-05, 4.27364902861882e-05, 6.0949751059524715e-05, 2.5098153855651617e-05, 1.0393377124273684e-05, 4.665226242650533e-06, 2.43979388869775e-06, 8.668252462484816e-07, 4.310821850594948e-07, 2.884145828829787e-07, 1.259160740119114e-07, 6.326134638356962e-08, 5.430839422615463e-08, 3.0846331355860457e-07, 5.997556513648306e-07, 1.7140995396403014e-06, 2.662525048435782e-06, 1.5318410078180023e-06, 6.604513487218355e-07, 1.75025820681185e-06, 1.8196564042227692e-06, 6.221142712092842e-07, 9.445158610787985e-08, 2.860978121077551e-08, 3.7019589171904954e-08, 1.1316330095212379e-08, 1.9281749530364323e-09, 1.5059081093227178e-08, 1.2562880513655728e-08, 8.701018239243297e-10, 1.1501811059133615e-08, 1.0645944570342181e-07, 8.529274708735102e-08, 7.886239359322644e-07, 1.3797294968753704e-06, 8.551483574592567e-07, 1.6873410686457646e-06, 1.4400457075680606e-06, 2.0301244774145744e-07, 1.5377496151436354e-11, 1.0430850627685118e-11, 1.003195530119294e-11, 9.77426906773049e-12, 9.503868178550867e-12, 9.314257698456174e-12, 9.13923017126228e-12, 8.965502819313631e-12, 8.85461669264398e-12, 8.798939875320766e-12], "lowlevel.melbands128.stdev": [0.00011591790826059878, 0.0019454500870779157, 0.015979818999767303, 0.029076119884848595, 0.019121110439300537, 0.007721157278865576, 0.002344083273783326, 0.005705583840608597, 0.00625530444085598, 0.001729334588162601, 0.0003498755977489054, 0.0001593051420059055, 0.00010689922055462375, 6.781552656320855e-05, 5.6014498113654554e-05, 4.100655496586114e-05, 3.267684587626718e-05, 2.6883302780333906e-05, 2.9516097129089758e-05, 3.8035697798477486e-05, 4.850469122175127e-05, 6.15252647548914e-05, 8.737552707316354e-05, 0.0001455278688808903, 0.00023778466857038438, 0.00026309589156880975, 0.00013567449059337378, 9.522793698124588e-05, 7.638634997420013e-05, 9.045720798894763e-05, 8.201053424272686e-05, 8.041060209507123e-05, 0.00010034453589469194, 0.00010603296686895192, 0.00011195761180715635, 0.00014575150271411985, 0.0001112717654905282, 6.948925147298723e-05, 6.403831503121182e-05, 0.00013625275460071862, 0.00011554919183254242, 9.059131843969226e-05, 9.762588888406754e-05, 5.887314910069108e-05, 4.623680069926195e-05, 2.986775871249847e-05, 4.647518653655425e-05, 2.8496762752183713e-05, 1.693814374448266e-05, 2.3114667783374898e-05, 2.762871008599177e-05, 1.3614825547847431e-05, 1.1796072612924036e-05, 1.211977632920025e-05, 1.6641899492242374e-05, 1.1247104339418001e-05, 8.847899152897298e-06, 7.472098786820425e-06, 5.539799985854188e-06, 4.29230112786172e-06, 3.979931079811649e-06, 5.704368959413841e-06, 1.1440753041824792e-05, 1.2916883861180395e-05, 1.3625225619762205e-05, 2.2533227820531465e-05, 3.736938742804341e-05, 2.9936079954495654e-05, 1.8530672605265863e-05, 7.407291832350893e-06, 2.9786758659611223e-06, 2.40149665842182e-06, 3.6431126773095457e-06, 3.951489816245157e-06, 2.5467018076597014e-06, 4.144720605836483e-06, 6.632134954998037e-06, 4.23685742134694e-06, 6.861217116238549e-06, 8.729407454666216e-06, 3.203568485332653e-05, 4.396662916406058e-05, 1.9335129763931036e-05, 9.57920292421477e-06, 4.949861249770038e-06, 3.119701204923331e-06, 1.0711883078329265e-06, 6.728417929480202e-07, 5.601062866844586e-07, 3.9293090026149e-07, 2.117697164294441e-07, 2.990566940752615e-07, 4.48138365527484e-07, 6.935434271326812e-07, 1.6332044197042705e-06, 2.4306823434017133e-06, 1.4358930684466031e-06, 7.605457312820363e-07, 1.6517742551513948e-06, 1.7131619642896112e-06, 6.984080869187892e-07, 1.7584646627710754e-07, 1.269058316211158e-07, 1.8164234916184796e-07, 4.8551299869359354e-08, 1.2777997326907098e-08, 3.463008013682156e-08, 3.3538043453518185e-08, 1.2403404525684891e-08, 3.291655659154458e-08, 2.1800086358325643e-07, 1.138190341976042e-07, 5.211213078837318e-07, 8.66262723775435e-07, 5.159751594874251e-07, 9.212797067448264e-07, 8.640270721116394e-07, 2.1696378382785042e-07, 6.2328302241621e-11, 1.4342561860392067e-11, 1.3868982351450398e-11, 1.3507655063915713e-11, 1.3190918843331012e-11, 1.2939040464066132e-11, 1.2733295320921378e-11, 1.2570594738747776e-11, 1.245400137184216e-11, 1.2382275760280947e-11], "lowlevel.mfcc.mean": [-620.4539794921875, 95.2457275390625, -7.475555419921875, 35.094512939453125, 9.621676445007324, 34.3770866394043, 30.061098098754883, 8.458802223205566, 21.318218231201172, -1.4934589862823486, 22.00409507751465, -14.890488624572754, -2.419132947921753], "lowlevel.spectral_contrast_coeffs.mean": [-0.5887425541877747, -0.8163343667984009, -0.8173640966415405, -0.8238400220870972, -0.7564502954483032, -0.5675774812698364], "lowlevel.spectral_contrast_coeffs.stdev": [0.07861775159835815, 0.05342429131269455, 0.03761523589491844, 0.02757706679403782, 0.033041007816791534, 0.05289633572101593], "lowlevel.spectral_contrast_valleys.mean": [-6.983290672302246, -7.162553787231445, -6.910976886749268, -6.992059707641602, -7.307332992553711, -11.319125175476074], "lowlevel.spectral_contrast_valleys.stdev": [0.6601132750511169, 0.6133201718330383, 0.592075765132904, 0.5032026171684265, 0.5220932960510254, 0.8066984415054321], "rhythm.beats_loudness_band_ratio.mean": [0.8752074837684631, 0.026131315156817436, 0.0186599213629961, 0.040591079741716385, 0.01954551413655281, 0.04265208542346954], "rhythm.beats_loudness_band_ratio.stdev": [0.11683749407529831, 0.04786728322505951, 0.027724040672183037, 0.042071882635354996, 0.019291192293167114, 0.03455273061990738], "tonal.hpcp.mean": [0.20541206002235413, 0.13528043031692505, 0.18291068077087402, 0.23018355667591095, 0.11740997433662415, 0.023009857162833214, 0.018759068101644516, 0.0246502123773098, 0.030008800327777863, 0.026735955849289894, 0.02215985767543316, 0.02427699789404869, 0.029166564345359802, 0.05619918927550316, 0.11343105882406235, 0.1531461626291275, 0.13209748268127441, 0.07902209460735321, 0.05033639073371887, 0.04896368458867073, 0.050900787115097046, 0.06749796122312546, 0.10119525343179703, 0.1507636457681656, 0.19417232275009155, 0.15906749665737152, 0.09382155537605286, 0.05873836949467659, 0.049305230379104614, 0.10793635249137878, 0.13176754117012024, 0.07006243616342545, 0.031077994033694267, 0.03133001551032066, 0.054051145911216736, 0.16111916303634644], "tonal.hpcp.stdev": [0.3530190587043762, 0.24793100357055664, 0.3032751977443695, 0.378337562084198, 0.2367665022611618, 0.07913525402545929, 0.07719425857067108, 0.06956201046705246, 0.08828819543123245, 0.08884145319461823, 0.05857075750827789, 0.06755596399307251, 0.09864681214094162, 0.1477796584367752, 0.24627803266048431, 0.28797972202301025, 0.2590215802192688, 0.20475956797599792, 0.15888077020645142, 0.16548685729503632, 0.15372738242149353, 0.1828017234802246, 0.2177945226430893, 0.26394012570381165, 0.31583094596862793, 0.2753152847290039, 0.20986612141132355, 0.17915578186511993, 0.14549003541469574, 0.24218128621578217, 0.29973605275154114, 0.17041483521461487, 0.09801504015922546, 0.0974932536482811, 0.1514081209897995, 0.2927253842353821], "rhythm.beats_position": [0.5921088457107544, 1.1842176914215088, 1.7414965629577637, 2.2987754344940186, 2.867664337158203, 3.4365532398223877, 3.9938321113586426, 4.551111221313477, 5.119999885559082, 5.6888885498046875, 6.2461676597595215, 6.815056800842285, 7.372335433959961, 7.929614543914795, 8.498503684997559, 9.055782318115234, 9.61306095123291, 10.170339584350586, 10.750839233398438, 11.308117866516113, 11.865396499633789, 12.422675132751465, 13.003174781799316, 13.560453414916992, 14.117732048034668, 14.675010681152344, 15.232290267944336, 15.812788963317871, 16.370067596435547, 16.92734718322754, 17.4846248626709, 18.04190444946289, 18.610794067382812, 19.1796817779541, 19.748571395874023, 20.305849075317383, 20.874738693237305, 21.432018280029297, 21.989295959472656, 22.558185577392578, 23.11546516418457, 23.67274284362793, 24.24163246154785, 24.798912048339844, 25.356189727783203, 25.913469314575195, 26.482357025146484, 27.051246643066406, 27.6085262298584, 28.165803909301758, 28.72308349609375, 29.280363082885742], "rhythm.bpm_histogram": [0.0, 0.0, 0.0, 0.0, 0.0, 0.0, 0.0, 0.0, 0.0, 0.0, 0.0, 0.0, 0.0, 0.0, 0.0, 0.0, 0.0, 0.0, 0.0, 0.0, 0.0, 0.0, 0.0, 0.0, 0.0, 0.0, 0.0, 0.0, 0.0, 0.0, 0.0, 0.0, 0.0, 0.0, 0.0, 0.0, 0.0, 0.0, 0.0, 0.0, 0.0, 0.0, 0.0, 0.0, 0.0, 0.0, 0.0, 0.0, 0.0, 0.0, 0.0, 0.0, 0.0, 0.0, 0.0, 0.0, 0.0, 0.0, 0.0, 0.0, 0.0, 0.0, 0.0, 0.0, 0.0, 0.0, 0.0, 0.0, 0.0, 0.0, 0.0, 0.0, 0.0, 0.0, 0.0, 0.0, 0.0, 0.0, 0.0, 0.0, 0.0, 0.0, 0.0, 0.0, 0.0, 0.0, 0.0, 0.0, 0.0, 0.0, 0.0, 0.0, 0.0, 0.0, 0.0, 0.0, 0.0, 0.0, 0.0, 0.0, 0.0, 0.019607843831181526, 0.0, 0.05882352963089943, 0.0, 0.27450981736183167, 0.0, 0.0, 0.6470588445663452, 0.0, 0.0, 0.0, 0.0, 0.0, 0.0, 0.0, 0.0, 0.0, 0.0, 0.0, 0.0, 0.0, 0.0, 0.0, 0.0, 0.0, 0.0, 0.0, 0.0, 0.0, 0.0, 0.0, 0.0, 0.0, 0.0, 0.0, 0.0, 0.0, 0.0, 0.0, 0.0, 0.0, 0.0, 0.0, 0.0, 0.0, 0.0, 0.0, 0.0, 0.0, 0.0, 0.0, 0.0, 0.0, 0.0, 0.0, 0.0, 0.0, 0.0, 0.0, 0.0, 0.0, 0.0, 0.0, 0.0, 0.0, 0.0, 0.0, 0.0, 0.0, 0.0, 0.0, 0.0, 0.0, 0.0, 0.0, 0.0, 0.0, 0.0, 0.0, 0.0, 0.0, 0.0, 0.0, 0.0, 0.0, 0.0, 0.0, 0.0, 0.0, 0.0, 0.0, 0.0, 0.0, 0.0, 0.0, 0.0, 0.0, 0.0, 0.0, 0.0, 0.0, 0.0, 0.0, 0.0, 0.0, 0.0, 0.0, 0.0, 0.0, 0.0, 0.0, 0.0, 0.0, 0.0, 0.0, 0.0, 0.0, 0.0, 0.0, 0.0, 0.0, 0.0, 0.0, 0.0, 0.0, 0.0, 0.0, 0.0, 0.0, 0.0, 0.0, 0.0, 0.0, 0.0, 0.0, 0.0, 0.0, 0.0, 0.0, 0.0, 0.0, 0.0, 0.0, 0.0, 0.0, 0.0, 0.0, 0.0, 0.0], "tonal.chords_histogram": [29.393468856811523, 22.55054473876953, 0.0, 1.555209994316101, 8.864696502685547, 3.2659409046173096, 0.1555209904909134, 0.0, 2.799377918243408, 1.0886470079421997, 22.395023345947266, 5.443234920501709, 1.8662519454956055, 0.0, 0.0, 0.0, 0.0, 0.0, 0.0, 0.0, 0.1555209904909134, 0.0, 0.0, 0.46656298637390137], "tonal.thpcp": [1.0, 0.5100710988044739, 0.09996307641267776, 0.08149612694978714, 0.10708937048912048, 0.13036900758743286, 0.11615058779716492, 0.0962703749537468, 0.10546799004077911, 0.12671002745628357, 0.24414944648742676, 0.49278524518013, 0.6653218865394592, 0.5738788843154907, 0.34330034255981445, 0.21867935359477997, 0.21271581947803497, 0.22113129496574402, 0.2932353615760803, 0.4396285116672516, 0.6549714207649231, 0.8435542583465576, 0.6910462975502014, 0.4075945019721985, 0.25518056750297546, 0.21419961750507355, 0.468914270401001, 0.5724455118179321, 0.30437636375427246, 0.13501396775245667, 0.13610883057117462, 0.23481757938861847, 0.6999594569206238, 0.8923837542533875, 0.5877067446708679, 0.7946296334266663], "lowlevel.gfcc.cov": [[2186.41552734375, 126.15377807617188, -238.06222534179688, -84.92489624023438, -212.57272338867188, -68.59734344482422, -113.8944091796875, -79.75342559814453, -72.21244812011719, -78.15594482421875, -79.95099639892578, 3.674915075302124, -27.289569854736328], [126.15377807617188, 204.01609802246094, 41.277488708496094, 45.1549186706543, 52.83893585205078, -0.9352680444717407, 42.857330322265625, 11.197270393371582, 45.512813568115234, 25.143648147583008, 36.0836296081543, 22.13071632385254, 31.978302001953125], [-238.06222534179688, 41.277488708496094, 212.37660217285156, 174.5913848876953, 134.92288208007812, 61.125816345214844, 38.222618103027344, 25.923158645629883, 38.732521057128906, 21.748029708862305, 50.154266357421875, -2.110422372817993, 26.467243194580078], [-84.92489624023438, 45.1549186706543, 174.5913848876953, 235.2730712890625, 162.47540283203125, 56.29054641723633, 23.657733917236328, 3.4394166469573975, 43.27455520629883, 22.532920837402344, 51.91074752807617, -4.349137306213379, 22.680877685546875], [-212.57272338867188, 52.83893585205078, 134.92288208007812, 162.47540283203125, 248.82635498046875, 124.34996795654297, 111.79792022705078, 65.543212890625, 90.12548828125, 71.76448822021484, 62.364559173583984, -8.584739685058594, 20.313976287841797], [-68.59734344482422, -0.9352680444717407, 61.125816345214844, 56.29054641723633, 124.34996795654297, 150.71640014648438, 116.74110412597656, 93.04418182373047, 61.08232498168945, 34.73659133911133, 25.587242126464844, -12.48193645477295, 11.90230655670166], [-113.8944091796875, 42.857330322265625, 38.222618103027344, 23.657733917236328, 111.79792022705078, 116.74110412597656, 177.2041778564453, 111.39472961425781, 65.99796295166016, 37.985965728759766, 26.732431411743164, 9.492143630981445, 16.15281867980957], [-79.75342559814453, 11.197270393371582, 25.923158645629883, 3.4394166469573975, 65.543212890625, 93.04418182373047, 111.39472961425781, 124.25300598144531, 65.62197875976562, 39.37210464477539, 21.000988006591797, -0.6603752970695496, 17.969985961914062], [-72.21244812011719, 45.512813568115234, 38.732521057128906, 43.27455520629883, 90.12548828125, 61.08232498168945, 65.99796295166016, 65.62197875976562, 101.77188110351562, 66.72603607177734, 41.33244323730469, 2.4109089374542236, 12.76561450958252], [-78.15594482421875, 25.143648147583008, 21.748029708862305, 22.532920837402344, 71.76448822021484, 34.73659133911133, 37.985965728759766, 39.37210464477539, 66.72603607177734, 87.3711929321289, 48.84642028808594, 8.709381103515625, 7.029761791229248], [-79.95099639892578, 36.0836296081543, 50.154266357421875, 51.91074752807617, 62.364559173583984, 25.587242126464844, 26.732431411743164, 21.000988006591797, 41.33244323730469, 48.84642028808594, 72.49842834472656, 23.751449584960938, 21.434179306030273], [3.674915075302124, 22.13071632385254, -2.110422372817993, -4.349137306213379, -8.584739685058594, -12.48193645477295, 9.492143630981445, -0.6603752970695496, 2.4109089374542236, 8.709381103515625, 23.751449584960938, 54.614219665527344, 28.624794006347656], [-27.289569854736328, 31.978302001953125, 26.467243194580078, 22.680877685546875, 20.313976287841797, 11.90230655670166, 16.15281867980957, 17.969985961914062, 12.76561450958252, 7.029761791229248, 21.434179306030273, 28.624794006347656, 50.01168441772461]], "lowlevel.gfcc.icov": [[0.0007731791120022535, -0.0011650659143924713, 0.001597351860255003, -0.0014225555351004004, 0.0010732918744906783, -0.001473345560953021, 0.0008626661729067564, -0.00031401554588228464, 0.00048422240070067346, -0.00021731034212280065, 0.0005597859271802008, -0.0005484448047354817, 0.0006964856875129044], [-0.0011650659143924713, 0.009153356775641441, -0.002834394806995988, 0.0021141567267477512, -0.0018483573803678155, 0.006191976368427277, -0.005590942222625017, 0.003655187087133527, -0.005093154031783342, 0.0017943733837455511, -0.00247720954939723, 0.0024527523200958967, -0.005472123622894287], [0.001597351860255003, -0.002834394806995988, 0.016748812049627304, -0.011819755658507347, 0.001548686996102333, -0.0034155191387981176, 0.002213837578892708, -0.003515728050842881, 0.0030216530431061983, 0.0007064417004585266, -0.00218003848567605, 0.0007100221700966358, -0.00043006191845051944], [-0.0014225555351004004, 0.0021141567267477512, -0.011819755658507347, 0.019617395475506783, -0.010455445386469364, 0.0029575079679489136, 0.0017515450017526746, 0.0036741348449140787, -0.004303724505007267, 0.0065755825489759445, -0.004012448247522116, 0.0009170667617581785, -0.0017433911561965942], [0.0010732918744906783, -0.0018483573803678155, 0.001548686996102333, -0.010455445386469364, 0.020028118044137955, -0.008683151565492153, -0.0063575254753232, 0.0060725025832653046, -0.0011746091768145561, -0.008990640752017498, 0.0007697382825426757, 0.0043090349063277245, -0.0017402549274265766], [-0.001473345560953021, 0.006191976368427277, -0.0034155191387981176, 0.0029575079679489136, -0.008683151565492153, 0.02603413723409176, -0.009276807308197021, -0.006119986996054649, -0.002794969594106078, 0.004126929212361574, -0.0031813255045562983, 0.006870400160551071, -0.00420614005997777], [0.0008626661729067564, -0.005590942222625017, 0.002213837578892708, 0.0017515450017526746, -0.0063575254753232, -0.009276807308197021, 0.02412460371851921, -0.015043656341731548, 0.0025143842212855816, 0.003814757103100419, 0.002268101554363966, -0.011414904147386551, 0.008866842836141586], [-0.00031401554588228464, 0.003655187087133527, -0.003515728050842881, 0.0036741348449140787, 0.0060725025832653046, -0.006119986996054649, -0.015043656341731548, 0.03153029829263687, -0.011207747273147106, -0.003008500672876835, 6.319006206467748e-05, 0.008031751029193401, -0.011135240085422993], [0.00048422240070067346, -0.005093154031783342, 0.0030216530431061983, -0.004303724505007267, -0.0011746091768145561, -0.002794969594106078, 0.0025143842212855816, -0.011207747273147106, 0.03173419460654259, -0.01656174659729004, 0.0007683071889914572, 0.00028491095872595906, 0.0019662075210362673], [-0.00021731034212280065, 0.0017943733837455511, 0.0007064417004585266, 0.0065755825489759445, -0.008990640752017498, 0.004126929212361574, 0.003814757103100419, -0.003008500672876835, -0.01656174659729004, 0.03572992607951164, -0.01608377881348133, -0.0019955949392169714, 0.0051372903399169445], [0.0005597859271802008, -0.00247720954939723, -0.00218003848567605, -0.004012448247522116, 0.0007697382825426757, -0.0031813255045562983, 0.002268101554363966, 6.319006206467748e-05, 0.0007683071889914572, -0.01608377881348133, 0.03437534719705582, -0.012288443744182587, -0.001082553411833942], [-0.0005484448047354817, 0.0024527523200958967, 0.0007100221700966358, 0.0009170667617581785, 0.0043090349063277245, 0.006870400160551071, -0.011414904147386551, 0.008031751029193401, 0.00028491095872595906, -0.0019955949392169714, -0.012288443744182587, 0.03901558741927147, -0.022100389003753662], [0.0006964856875129044, -0.005472123622894287, -0.00043006191845051944, -0.0017433911561965942, -0.0017402549274265766, -0.00420614005997777, 0.008866842836141586, -0.011135240085422993, 0.0019662075210362673, 0.0051372903399169445, -0.001082553411833942, -0.022100389003753662, 0.03962711989879608]], "lowlevel.mfcc.cov": [[1338.04248046875, 86.8983383178711, -44.18318557739258, -107.2016372680664, -141.3456268310547, -97.34146118164062, -144.61026000976562, -46.98685073852539, -92.38864135742188, -93.73943328857422, -93.18426513671875, -79.75133514404297, -68.1512451171875], [86.8983383178711, 222.53878784179688, -54.089744567871094, 17.705209732055664, -26.137420654296875, -7.269322872161865, 25.159297943115234, -18.231447219848633, 50.13972473144531, -20.346309661865234, 47.705055236816406, 9.074972152709961, 11.753889083862305], [-44.18318557739258, -54.089744567871094, 165.86473083496094, 87.28358459472656, 71.70374298095703, 43.71528625488281, 2.553410530090332, 42.352970123291016, -32.66712951660156, 39.84788513183594, -39.45978546142578, 25.953815460205078, 12.19780445098877], [-107.2016372680664, 17.705209732055664, 87.28358459472656, 189.3722686767578, 117.53916931152344, 75.93193054199219, 23.90775489807129, 3.766207218170166, -4.438841819763184, 24.17822265625, -0.31972572207450867, 28.448732376098633, 26.50589942932129], [-141.3456268310547, -26.137420654296875, 71.70374298095703, 117.53916931152344, 179.1791229248047, 102.5549545288086, 45.03058624267578, 20.80541229248047, 15.26605224609375, 76.69337463378906, 30.052831649780273, 41.879058837890625, 26.619016647338867], [-97.34146118164062, -7.269322872161865, 43.71528625488281, 75.93193054199219, 102.5549545288086, 113.86857604980469, 61.10356903076172, 44.505889892578125, 28.745786666870117, 65.1480941772461, 31.189668655395508, 38.611053466796875, 20.397275924682617], [-144.61026000976562, 25.159297943115234, 2.553410530090332, 23.90775489807129, 45.03058624267578, 61.10356903076172, 132.15847778320312, 68.4221420288086, 80.16444396972656, 42.30731964111328, 50.111358642578125, 34.40188217163086, 21.449098587036133], [-46.98685073852539, -18.231447219848633, 42.352970123291016, 3.766207218170166, 20.80541229248047, 44.505889892578125, 68.4221420288086, 124.52791595458984, 52.43029022216797, 60.89394760131836, 7.144628047943115, 32.38337707519531, 13.499350547790527], [-92.38864135742188, 50.13972473144531, -32.66712951660156, -4.438841819763184, 15.26605224609375, 28.745786666870117, 80.16444396972656, 52.43029022216797, 124.0306167602539, 45.82975387573242, 60.02273178100586, 24.20402717590332, 18.5771541595459], [-93.73943328857422, -20.346309661865234, 39.84788513183594, 24.17822265625, 76.69337463378906, 65.1480941772461, 42.30731964111328, 60.89394760131836, 45.82975387573242, 130.33860778808594, 43.39558029174805, 60.34766387939453, 18.193275451660156], [-93.18426513671875, 47.705055236816406, -39.45978546142578, -0.31972572207450867, 30.052831649780273, 31.189668655395508, 50.111358642578125, 7.144628047943115, 60.02273178100586, 43.39558029174805, 97.57342529296875, 33.31271743774414, 22.65423583984375], [-79.75133514404297, 9.074972152709961, 25.953815460205078, 28.448732376098633, 41.879058837890625, 38.611053466796875, 34.40188217163086, 32.38337707519531, 24.20402717590332, 60.34766387939453, 33.31271743774414, 79.62614440917969, 29.256759643554688], [-68.1512451171875, 11.753889083862305, 12.19780445098877, 26.50589942932129, 26.619016647338867, 20.397275924682617, 21.449098587036133, 13.499350547790527, 18.5771541595459, 18.193275451660156, 22.65423583984375, 29.256759643554688, 55.33076095581055]], "lowlevel.mfcc.icov": [[0.0010251114144921303, -0.0008314181468449533, 1.4245531929191202e-05, 0.0005422570975497365, 7.94682782725431e-05, -0.0004295976832509041, 0.0010221441043540835, -0.0005157286650501192, 0.00033926768810488284, 7.390210521407425e-05, 0.0005646549980156124, 0.0002744150988291949, 0.0005115771200507879], [-0.0008314181468449533, 0.007243577390909195, 0.0010280127171427011, -0.0031758153345435858, 0.00231411075219512, 0.00043703929986804724, -0.000718439172487706, 0.0013145930133759975, -0.002658007899299264, 0.0015114865964278579, -0.0029844706878066063, -0.0015458427369594574, -0.0001499618956586346], [1.4245531929191202e-05, 0.0010280127171427011, 0.013309827074408531, -0.004787541925907135, -0.001869075233116746, 0.0015868420014157891, -0.000124514612252824, -0.00447942316532135, 0.003830947680398822, -0.0027728183194994926, 0.004930177237838507, -0.001381919253617525, -0.0010485941311344504], [0.0005422570975497365, -0.0031758153345435858, -0.004787541925907135, 0.013622607104480267, -0.006511592771857977, -0.004416217561811209, 0.0010382587788626552, 0.0018603202188387513, -0.000917217053938657, 0.003926488105207682, 0.0025290881749242544, -0.001206089393235743, -0.0016044381773099303], [7.94682782725431e-05, 0.00231411075219512, -0.001869075233116746, -0.006511592771857977, 0.018687643110752106, -0.00902228057384491, -0.0014935784274712205, 0.004810483660548925, 0.00019895007426384836, -0.006155464798212051, -0.002019547624513507, 0.0019364140462130308, -0.0013612445909529924], [-0.0004295976832509041, 0.00043703929986804724, 0.0015868420014157891, -0.004416217561811209, -0.00902228057384491, 0.026038561016321182, -0.006654529366642237, -0.003954931627959013, 0.003295775270089507, -0.004126007668673992, -0.002158275805413723, 5.060251623945078e-06, 0.000561026216018945], [0.0010221441043540835, -0.000718439172487706, -0.000124514612252824, 0.0010382587788626552, -0.0014935784274712205, -0.006654529366642237, 0.020560741424560547, -0.007650046609342098, -0.0075111547484993935, 0.006450518500059843, -0.0038393959403038025, -0.002453792141750455, 0.0012796722585335374], [-0.0005157286650501192, 0.0013145930133759975, -0.00447942316532135, 0.0018603202188387513, 0.004810483660548925, -0.003954931627959013, -0.007650046609342098, 0.019591357558965683, -0.00522243557497859, -0.006265111267566681, 0.005971040576696396, -0.0006567736272700131, -0.0017727462109178305], [0.00033926768810488284, -0.002658007899299264, 0.003830947680398822, -0.000917217053938657, 0.00019895007426384836, 0.003295775270089507, -0.0075111547484993935, -0.00522243557497859, 0.020406315103173256, -0.005091140512377024, -0.004864629358053207, 0.0036994770634919405, -0.0016892002895474434], [7.390210521407425e-05, 0.0015114865964278579, -0.0027728183194994926, 0.003926488105207682, -0.006155464798212051, -0.004126007668673992, 0.006450518500059843, -0.006265111267566681, -0.005091140512377024, 0.022426381707191467, -0.005739432759582996, -0.010136068798601627, 0.00405538035556674], [0.0005646549980156124, -0.0029844706878066063, 0.004930177237838507, 0.0025290881749242544, -0.002019547624513507, -0.002158275805413723, -0.0038393959403038025, 0.005971040576696396, -0.004864629358053207, -0.005739432759582996, 0.024698611348867416, -0.0032927740830928087, -0.004021027125418186], [0.0002744150988291949, -0.0015458427369594574, -0.001381919253617525, -0.001206089393235743, 0.0019364140462130308, 5.060251623945078e-06, -0.002453792141750455, -0.0006567736272700131, 0.0036994770634919405, -0.010136068798601627, -0.0032927740830928087, 0.02511349692940712, -0.008113325573503971], [0.0005115771200507879, -0.0001499618956586346, -0.0010485941311344504, -0.0016044381773099303, -0.0013612445909529924, 0.000561026216018945, 0.0012796722585335374, -0.0017727462109178305, -0.0016892002895474434, 0.00405538035556674, -0.004021027125418186, -0.008113325573503971, 0.02528941072523594]], "metadata.audio_properties.analysis.downmix": "mix", "metadata.audio_properties.codec": "mp3", "metadata.audio_properties.md5_encoded": "b724b368fe8c3c90a4f2cae8f46a2c8e", "metadata.tags.file_name": "1182286562604634112.mp3", "metadata.version.essentia": "2.1-beta6-dev", "metadata.version.essentia_git_sha": "v2.1_beta5-1110-g77a6a954", "metadata.version.extractor": "music 2.0", "tonal.chords_key": "Bb", "tonal.chords_scale": "major", "tonal.key_edma.key": "Bb", "tonal.key_edma.scale": "major", "tonal.key_krumhansl.key": "Bb", "tonal.key_krumhansl.scale": "major", "tonal.key_temperley.key": "Bb", "tonal.key_temperley.scale": "major", "metadata.tags.encoding": ["Lavf58.45.100"]}, "essentia_models": [{"model_name": "genre_dortmund", "activations": {"alternative": "0.042000666", "blues": "0.0009159842", "electronic": "0.05195517", "folkcountry": "0