{"song_id": "1182261564653457498", "download": "https://cdn.discordapp.com/attachments/1135903449314238464/1182261564653457498/chirp.mp4?ex=65840de2&amp", "lyrics": "\u0411\u043e\u043b\u044c\u0448\u043e\u0435 \u0420\u044b\u043b\u043e, \u0441\u0432\u0438\u043d\u043a\u0430 \u043e\u0433\u0440\u043e\u043c\u043d\u0430\u044f,\n\u0416\u0438\u0440\u043d\u0430\u044f \u0436\u043e\u043f\u0430 \u0435\u0451 \u043d\u0435 \u0431\u0435\u0437\u0434\u043e\u043c\u043d\u0430\u044f\n\u0421\u043c\u0435\u0448\u043d\u0430\u044f, \u0432\u0435\u0441\u0435\u043b\u0430\u044f, \u0442\u0430\u043a\u0430\u044f,\n\u0411\u043e\u043b\u044c\u0448\u043e\u0435 \u0420\u044b\u043b\u043e, \u043e\u043d\u0430 \u043e\u0447\u0435\u043d\u044c \u043a\u0440\u0443\u0442\u0430\u044f!\n\n\u0411\u043e\u043b\u044c\u0448\u043e\u0435 \u0420\u044b\u043b\u043e, \u0432\u0435\u0441\u044c \u043c\u0438\u0440 \u0442\u0432\u043e\u0439 \u043f\u0443\u0442\u044c,\n\u0421\u0432\u043e\u0438\u043c \u0432\u0435\u0441\u0435\u043b\u044c\u0435\u043c \u0441\u0432\u0435\u0442\u0438\u0448\u044c,\u0441 \u0433\u043e\u0440\u044b \u0431\u044b \u0441\u0438\u0433\u0430\u043d\u0443\u0442\u044c.\n\u0421\u0432\u0438\u043d\u043a\u0430-\u0433\u0438\u0433\u0430\u043d\u0442, \u0440\u0430\u0434\u043e\u0441\u0442\u044c \u0438 \u0441\u043c\u0435\u0445,\n\u0411\u043e\u043b\u044c\u0448\u043e\u0435 \u0420\u044b\u043b\u043e, \u0442\u044b \u043f\u0440\u043e\u0441\u0442\u043e \u0443\u0441\u043f\u0435\u0445!", "style": ["clasick"], "essentia_features": {"lowlevel.average_loudness": 0.9304801225662231, "lowlevel.barkbands_crest.mean": 11.935905456542969, "lowlevel.barkbands_crest.stdev": 4.767928600311279, "lowlevel.barkbands_flatness_db.mean": 0.2191665917634964, "lowlevel.barkbands_flatness_db.stdev": 0.06688867509365082, "lowlevel.barkbands_kurtosis.mean": 5.542130470275879, "lowlevel.barkbands_kurtosis.stdev": 12.708466529846191, "lowlevel.barkbands_skewness.mean": 1.4102144241333008, "lowlevel.barkbands_skewness.stdev": 1.6154799461364746, "lowlevel.barkbands_spread.mean": 15.543020248413086, "lowlevel.barkbands_spread.stdev": 13.678415298461914, "lowlevel.dissonance.mean": 0.4261549115180969, "lowlevel.dissonance.stdev": 0.05386314541101456, "lowlevel.dynamic_complexity": 6.8177385330200195, "lowlevel.erbbands_crest.mean": 12.243825912475586, "lowlevel.erbbands_crest.stdev": 5.046365261077881, "lowlevel.erbbands_flatness_db.mean": 0.2451239824295044, "lowlevel.erbbands_flatness_db.stdev": 0.06121254339814186, "lowlevel.erbbands_kurtosis.mean": 1.4732517004013062, "lowlevel.erbbands_kurtosis.stdev": 3.833657741546631, "lowlevel.erbbands_skewness.mean": 0.3981584906578064, "lowlevel.erbbands_skewness.stdev": 1.041361689567566, "lowlevel.erbbands_spread.mean": 28.897279739379883, "lowlevel.erbbands_spread.stdev": 19.542081832885742, "lowlevel.hfc.mean": 13.792341232299805, "lowlevel.hfc.stdev": 15.614965438842773, "lowlevel.loudness_ebu128.integrated": -14.51076602935791, "lowlevel.loudness_ebu128.loudness_range": 2.5516510009765625, "lowlevel.loudness_ebu128.momentary.mean": -17.287174224853516, "lowlevel.loudness_ebu128.momentary.stdev": 8.48396110534668, "lowlevel.loudness_ebu128.short_term.mean": -14.836222648620605, "lowlevel.loudness_ebu128.short_term.stdev": 1.666169285774231, "lowlevel.melbands_crest.mean": 15.238099098205566, "lowlevel.melbands_crest.stdev": 6.0984625816345215, "lowlevel.melbands_flatness_db.mean": 0.24424371123313904, "lowlevel.melbands_flatness_db.stdev": 0.08001367002725601, "lowlevel.melbands_kurtosis.mean": 12.730406761169434, "lowlevel.melbands_kurtosis.stdev": 40.15940856933594, "lowlevel.melbands_skewness.mean": 2.1612889766693115, "lowlevel.melbands_skewness.stdev": 2.1371889114379883, "lowlevel.melbands_spread.mean": 25.926715850830078, "lowlevel.melbands_spread.stdev": 37.25994110107422, "lowlevel.pitch_salience.mean": 0.5432112812995911, "lowlevel.pitch_salience.stdev": 0.14401240646839142, "lowlevel.silence_rate_20dB.mean": 1.0, "lowlevel.silence_rate_20dB.stdev": 0.0, "lowlevel.silence_rate_30dB.mean": 0.9987623691558838, "lowlevel.silence_rate_30dB.stdev": 0.035158127546310425, "lowlevel.silence_rate_60dB.mean": 0.2741336524486542, "lowlevel.silence_rate_60dB.stdev": 0.4460754096508026, "lowlevel.spectral_centroid.mean": 1183.8299560546875, "lowlevel.spectral_centroid.stdev": 926.241455078125, "lowlevel.spectral_complexity.mean": 8.706064224243164, "lowlevel.spectral_complexity.stdev": 6.308570861816406, "lowlevel.spectral_decrease.mean": -4.397912700682127e-09, "lowlevel.spectral_decrease.stdev": 5.010504899871648e-09, "lowlevel.spectral_energy.mean": 0.017849737778306007, "lowlevel.spectral_energy.stdev": 0.019961725920438766, "lowlevel.spectral_energyband_high.mean": 0.0003106778021901846, "lowlevel.spectral_energyband_high.stdev": 0.0010420631151646376, "lowlevel.spectral_energyband_low.mean": 0.0005965213058516383, "lowlevel.spectral_energyband_low.stdev": 0.003166571259498596, "lowlevel.spectral_energyband_middle_high.mean": 0.0041152299381792545, "lowlevel.spectral_energyband_middle_high.stdev": 0.006229531951248646, "lowlevel.spectral_energyband_middle_low.mean": 0.013369613327085972, "lowlevel.spectral_energyband_middle_low.stdev": 0.01656769961118698, "lowlevel.spectral_entropy.mean": 7.006164073944092, "lowlevel.spectral_entropy.stdev": 0.6268735527992249, "lowlevel.spectral_flux.mean": 0.0632113665342331, "lowlevel.spectral_flux.stdev": 0.05124382674694061, "lowlevel.spectral_kurtosis.mean": 7.88484525680542, "lowlevel.spectral_kurtosis.stdev": 9.271489143371582, "lowlevel.spectral_rms.mean": 0.003452419303357601, "lowlevel.spectral_rms.stdev": 0.0023441812954843044, "lowlevel.spectral_rolloff.mean": 1770.157470703125, "lowlevel.spectral_rolloff.stdev": 2157.167724609375, "lowlevel.spectral_skewness.mean": 2.027040958404541, "lowlevel.spectral_skewness.stdev": 0.8177674412727356, "lowlevel.spectral_spread.mean": 3901976.5, "lowlevel.spectral_spread.stdev": 2175600.75, "lowlevel.spectral_strongpeak.mean": 1.4373964071273804, "lowlevel.spectral_strongpeak.stdev": 1.5674567222595215, "lowlevel.zerocrossingrate.mean": 0.0636584609746933, "lowlevel.zerocrossingrate.stdev": 0.06765037029981613, "metadata.audio_properties.analysis.equal_loudness": 0.0, "metadata.audio_properties.analysis.length": 37.4826545715332, "metadata.audio_properties.analysis.sample_rate": 44100.0, "metadata.audio_properties.analysis.start_time": 0.0, "metadata.audio_properties.bit_rate": 108898.0, "metadata.audio_properties.length": 37.482666015625, "metadata.audio_properties.lossless": 0.0, "metadata.audio_properties.number_channels": 1.0, "metadata.audio_properties.replay_gain": -13.860620498657227, "metadata.audio_properties.sample_rate": 48000.0, "rhythm.beats_count": 69.0, "rhythm.beats_loudness.mean": 0.027465904131531715, "rhythm.beats_loudness.stdev": 0.02123054675757885, "rhythm.bpm": 113.88296508789062, "rhythm.bpm_histogram_first_peak_bpm": 115.0, "rhythm.bpm_histogram_first_peak_weight": 0.6000000238418579, "rhythm.bpm_histogram_second_peak_bpm": 123.0, "rhythm.bpm_histogram_second_peak_spread": 0.4285714626312256, "rhythm.bpm_histogram_second_peak_weight": 0.11764705926179886, "rhythm.danceability": 1.4017976522445679, "rhythm.onset_rate": 3.439979314804077, "tonal.chords_changes_rate": 0.09270704537630081, "tonal.chords_number_rate": 0.014833127148449421, "tonal.chords_strength.mean": 0.5204566121101379, "tonal.chords_strength.stdev": 0.10595198720693588, "tonal.hpcp_crest.mean": 15.806243896484375, "tonal.hpcp_crest.stdev": 7.57403039932251, "tonal.hpcp_entropy.mean": 1.7683695554733276, "tonal.hpcp_entropy.stdev": 0.8707280158996582, "tonal.key_edma.strength": 0.7059081196784973, "tonal.key_krumhansl.strength": 0.7113593816757202, "tonal.key_temperley.strength": 0.7109965085983276, "tonal.tuning_diatonic_strength": 0.63425213098526, "tonal.tuning_equal_tempered_deviation": 0.15294595062732697, "tonal.tuning_frequency": 440.5086364746094, "tonal.tuning_nontempered_energy_ratio": 0.7681614756584167, "lowlevel.barkbands.mean": [1.0074384590552654e-05, 7.316524715861306e-05, 0.0001490980648668483, 0.0014313283609226346, 0.003355886321514845, 0.0010790342930704355, 0.003142234170809388, 0.0017913817428052425, 0.002085369313135743, 0.0010089750867336988, 0.0007631768239662051, 0.00050033611478284, 0.0006486839847639203, 0.00047839031321927905, 0.0001870602136477828, 0.0001555556955281645, 0.00032704099430702627, 0.00028409704100340605, 6.19562779320404e-05, 1.3074104572297074e-05, 9.262002276955172e-05, 5.395989865064621e-05, 1.155522113549523e-05, 0.00011875827476615086, 2.618011239974294e-05, 7.680706062274112e-07, 1.4127056191526322e-09], "lowlevel.barkbands.stdev": [0.00011730293772416189, 0.0009944298071786761, 0.0012240107171237469, 0.004432848654687405, 0.005677452310919762, 0.0030430546030402184, 0.00818729680031538, 0.005598702002316713, 0.006341761909425259, 0.0037732587661594152, 0.0028617337811738253, 0.0014653594698756933, 0.0015587913803756237, 0.0009909659856930375, 0.0004809899255633354, 0.0004013070138171315, 0.0006467306520789862, 0.0009765387512743473, 0.00023925691493786871, 6.797303649364039e-05, 0.00042703369399532676, 0.00020723270426969975, 4.147057552472688e-05, 0.000557160354219377, 0.00013482215581461787, 3.3843998608062975e-06, 1.4176780638308628e-08], "lowlevel.erbbands.mean": [0.0027299923822283745, 0.016299068927764893, 0.1517997533082962, 2.2484049797058105, 10.318169593811035, 11.710334777832031, 4.0339436531066895, 12.485223770141602, 32.32379150390625, 52.19469451904297, 40.904457092285156, 41.81306457519531, 46.887733459472656, 33.18788146972656, 23.493366241455078, 21.345428466796875, 26.653762817382812, 33.7003173828125, 9.733553886413574, 9.68227481842041, 10.061022758483887, 19.78154754638672, 15.976883888244629, 7.445565700531006, 1.6760265827178955, 0.6545791029930115, 2.0507073402404785, 4.584867000579834, 2.2728898525238037, 0.3961425721645355, 0.4031996726989746, 1.7879338264465332, 2.2147393226623535, 0.5473663210868835, 0.06939161568880081, 0.008743335492908955, 0.0007218136452138424, 4.806184733752161e-05, 1.3417858099273872e-05, 2.1930238290224224e-05], "lowlevel.erbbands.stdev": [0.04486676678061485, 0.17679376900196075, 1.0005199909210205, 7.326411247253418, 20.28921890258789, 26.027496337890625, 9.001697540283203, 34.885154724121094, 92.78375244140625, 138.61495971679688, 130.60719299316406, 126.54193115234375, 155.51699829101562, 123.71597290039062, 72.75479888916016, 62.60044479370117, 63.22404861450195, 65.71571350097656, 24.492652893066406, 22.688304901123047, 21.45834732055664, 38.00900650024414, 43.132049560546875, 36.9027099609375, 6.521186828613281, 3.2874698638916016, 10.182193756103516, 20.50752830505371, 8.477426528930664, 1.7321555614471436, 1.3870078325271606, 7.128708362579346, 11.923526763916016, 2.859053373336792, 0.2986600697040558, 0.036386098712682724, 0.003317760769277811, 0.00021297094644978642, 2.0043702534167096e-05, 2.3134143702918664e-05], "lowlevel.gfcc.mean": [-130.16616821289062, 98.60843658447266, -156.18496704101562, 3.4354283809661865, -84.25944519042969, 2.7214794158935547, -66.43370056152344, -7.4036712646484375, -26.120784759521484, -22.611623764038086, -12.16347885131836, -17.41054344177246, -5.596691131591797], "lowlevel.melbands.mean": [2.1586762159131467e-05, 6.911793752806261e-05, 0.0006632983568124473, 0.0008305778028443456, 0.00021126265346538275, 0.0002737011818680912, 0.0005359043716453016, 0.0005292455316521227, 0.00031897806911729276, 0.0002809639845509082, 0.00023000822693575174, 0.00012786262959707528, 9.449561912333593e-05, 5.122301809024066e-05, 5.852144386153668e-05, 7.439806358888745e-05, 5.5578057072125375e-05, 1.4180851394485217e-05, 1.2221315955684986e-05, 1.1881670616276097e-05, 1.1356723916833289e-05, 2.0099576431675814e-05, 2.0010520529467613e-05, 1.0905434464802966e-05, 5.592839897872182e-06, 1.6657480728099472e-06, 4.66370948970507e-07, 3.566789246178814e-07, 8.829762236928218e-07, 2.247012162115425e-06, 2.8864176329079783e-06, 1.6145022527780384e-06, 3.6514526868813846e-07, 1.3440016743970773e-07, 1.4199233078215912e-07, 4.86873943827959e-07, 1.3583299960373552e-06, 1.7842108945842483e-06, 9.409764629708661e-07, 3.0420687835430726e-07], "lowlevel.melbands.stdev": [0.0003251961024943739, 0.00044186809100210667, 0.0016835257411003113, 0.0013837796868756413, 0.0005140365101397038, 0.0007362972246482968, 0.0014432731550186872, 0.0013581177918240428, 0.00107998785097152, 0.0008419117657467723, 0.0007746148039586842, 0.0005041540134698153, 0.0003262632235419005, 0.0001704713358776644, 0.00016341304581146687, 0.00015523249749094248, 0.00011070853361161426, 4.094967880519107e-05, 3.0210072509362362e-05, 3.0914681701688096e-05, 2.5410276066395454e-05, 4.014917794847861e-05, 4.26595433964394e-05, 5.05380448885262e-05, 2.9234059184091166e-05, 6.1439804994734e-06, 2.4243224743258907e-06, 1.9447873000899563e-06, 4.358656951808371e-06, 1.1704999451467302e-05, 1.2823427823605016e-05, 6.197616130521055e-06, 1.5709809986219625e-06, 6.842643074378429e-07, 5.877857347513782e-07, 1.6351141312043183e-06, 5.586112365563167e-06, 9.541148756397888e-06, 5.564553703152342e-06, 1.5136934052861761e-06], "lowlevel.melbands128.mean": [8.315767445310485e-06, 2.4232091163867153e-05, 2.3471313397749327e-05, 2.3535565560450777e-05, 3.888962237397209e-05, 8.658250590087846e-05, 0.00029690342489629984, 0.0009178318432532251, 0.0011361504439264536, 0.0008663774933665991, 0.0006907105562277138, 0.00028133240994066, 6.191947613842785e-05, 0.0001228239416377619, 0.00027465663151815534, 0.00032291299430653453, 0.00045618516742251813, 0.0005297890747897327, 0.0006751738837920129, 0.000702150457073003, 0.0003494182019494474, 0.0003560876357369125, 0.00033326222910545766, 0.00026574256480671465, 0.0002113958034897223, 0.0003065306518692523, 0.00040444693877361715, 0.00021470039791893214, 8.800705836620182e-05, 0.00012114761921111494, 0.00014271469262894243, 0.00014382215158548206, 0.00010510502033866942, 4.382316183182411e-05, 5.219421655056067e-05, 4.983090911991894e-05, 5.7009852753253654e-05, 6.625942478422076e-05, 5.629519000649452e-05, 4.1225172026315704e-05, 5.9552417951636016e-05, 0.0001617865782463923, 5.119202978676185e-05, 1.32311952256714e-05, 1.1807414921349846e-05, 1.7801979993237182e-05, 1.241161680809455e-05, 9.583284736436326e-06, 1.2669109310081694e-05, 1.6860029063536786e-05, 9.238026905222796e-06, 1.027138569043018e-05, 1.1874796655320097e-05, 1.0162748367292807e-05, 1.435494141333038e-05, 2.3878430511103943e-05, 2.2026471924618818e-05, 2.1195479348534718e-05, 2.2357082343660295e-05, 1.1155446372868028e-05, 1.0457126336405054e-05, 1.0181787729379721e-05, 7.70856422604993e-06, 4.280127086531138e-06, 1.952672846528003e-06, 2.3045627131068613e-06, 7.156410219977261e-07, 5.394124968916003e-07, 3.9776310245542845e-07, 4.398893338475318e-07, 2.431583254747238e-07, 3.7348229398048716e-07, 5.763673698311322e-07, 9.218526884069433e-07, 1.2116299785702722e-06, 2.1346133962651948e-06, 2.801163191179512e-06, 2.6714558316598414e-06, 3.1604320156475296e-06, 2.8507884053396992e-06, 2.0294476144044893e-06, 1.0860402426260407e-06, 5.03660885442514e-07, 3.063266831304645e-07, 2.3095770984582487e-07, 1.412918635423921e-07, 9.551943236374427e-08, 1.1599749427659845e-07, 1.1883242478916145e-07, 1.6772388278241124e-07, 2.941346224361041e-07, 5.290654030432052e-07, 8.820758807814855e-07, 1.3239543932286324e-06, 1.709005118755158e-06, 1.7591669347893912e-06, 2.02038609131705e-06, 1.5405272506541223e-06, 9.577263426763238e-07, 6.375190650942386e-07, 3.893685516231926e-07, 2.7352530196367297e-07, 1.6638264810353576e-07, 9.782707621752706e-08, 4.677625398130658e-08, 2.5751246468530553e-08, 2.7471202201923006e-08, 1.994707155006381e-08, 1.0650760273733795e-08, 6.0776375043758435e-09, 2.3244413061007663e-09, 1.3068254256509704e-09, 1.5597354519059081e-09, 1.0707794650954838e-09, 4.3593875731495757e-10, 9.227073966000532e-11, 3.7897848054191385e-11, 7.36179086441302e-12, 2.318581524690666e-12, 2.211141209365608e-12, 2.152163863788914e-12, 2.101964435841097e-12, 2.0577092547241493e-12, 2.0192012124831127e-12, 1.9726321270896463e-12, 1.9137755616349672e-12, 1.8781185374266984e-12, 1.8650831747069052e-12], "lowlevel.melbands128.stdev": [0.00011233593249926344, 0.00042374341865070164, 0.0003879602300003171, 0.00026134634390473366, 0.00035146111622452736, 0.0007106335833668709, 0.0013399950694292784, 0.0027235078159719706, 0.002460247138515115, 0.00180064735468477, 0.0019126011757180095, 0.0009581708582118154, 0.00020999104890506715, 0.0005226531648077071, 0.0010573645122349262, 0.0010058401385322213, 0.0015883893938735127, 0.0021444689482450485, 0.0022804243490099907, 0.002245214069262147, 0.001409971620887518, 0.0015265796100720763, 0.001572660868987441, 0.001436013262718916, 0.001065317541360855, 0.0012009833008050919, 0.0016920113703235984, 0.0010737618431448936, 0.00045314672752283514, 0.0007590040331706405, 0.0007764794863760471, 0.0006100864266045392, 0.0005143513553775847, 0.0002532536454964429, 0.0002111641806550324, 0.0002678310847841203, 0.00022187716967891902, 0.00021699043281842023, 0.00027348988805897534, 0.00018441921565681696, 0.00020693043188657612, 0.0003794285003095865, 0.0001285893376916647, 4.8928879550658166e-05, 3.8613026845268905e-05, 7.911136344773695e-05, 4.9914753617485985e-05, 3.971738260588609e-05, 3.9752121665515006e-05, 5.272304406389594e-05, 4.1081428207689896e-05, 3.756647856789641e-05, 3.0770090234000236e-05, 3.163389192195609e-05, 3.958248271374032e-05, 5.641376628773287e-05, 6.291118188528344e-05, 5.387176861404441e-05, 5.9680562117137015e-05, 3.892977110808715e-05, 6.115331052569672e-05, 6.824462616350502e-05, 4.809895108337514e-05, 1.902789699670393e-05, 9.453729035158176e-06, 8.48140916787088e-06, 3.3338076264044503e-06, 2.8288059183978476e-06, 2.2424560484068934e-06, 2.6313550733902957e-06, 1.2129586366427247e-06, 2.4174869395210408e-06, 3.2043274131865473e-06, 4.425970018928638e-06, 6.653403488598997e-06, 1.2167070963187143e-05, 1.5183868526946753e-05, 1.2586825505422894e-05, 1.5867937690927647e-05, 1.3206294170231558e-05, 7.948809980007354e-06, 4.135831659368705e-06, 2.0715360733447596e-06, 1.598150788595376e-06, 1.3375350818023435e-06, 7.186010861914838e-07, 5.495765549312637e-07, 5.677899252987118e-07, 6.027756853654864e-07, 7.183201660154737e-07, 1.0589242265268695e-06, 1.7698093870421872e-06, 3.6872575037705246e-06, 6.003702310408698e-06, 7.118550911400234e-06, 9.517418220639229e-06, 1.1596232980082277e-05, 9.84172129392391e-06, 5.975325620966032e-06, 3.773494427150581e-06, 1.9484082258713897e-06, 1.4035955473445938e-06, 8.030147000681609e-07, 4.646526576834731e-07, 2.3542582994195982e-07, 1.2262518112038379e-07, 1.318290543395051e-07, 8.86940014765969e-08, 5.978957062779955e-08, 3.5112016405491886e-08, 1.245698566521014e-08, 8.6254425823995e-09, 1.18239871227388e-08, 8.472873957998672e-09, 3.1786957510604452e-09, 8.37092783978477e-10, 5.355223486880334e-10, 1.3478312910208956e-10, 4.398697985713573e-12, 4.068096120385389e-12, 3.963684415408952e-12, 3.8726465610705585e-12, 3.796557252605526e-12, 3.732022937213975e-12, 3.677469787022325e-12, 3.6339568507126607e-12, 3.602111447661982e-12, 3.5826352735163214e-12], "lowlevel.mfcc.mean": [-761.8135986328125, 125.8564224243164, -20.187639236450195, -16.406057357788086, -0.08978169411420822, -19.0338134765625, -18.609272003173828, -12.544642448425293, -8.614075660705566, -25.91183090209961, -8.330526351928711, 4.968844413757324, -32.9171028137207], "lowlevel.spectral_contrast_coeffs.mean": [-0.5539227724075317, -0.6856986284255981, -0.7406419515609741, -0.7733553647994995, -0.7328061461448669, -0.7442073822021484], "lowlevel.spectral_contrast_coeffs.stdev": [0.13192954659461975, 0.12450455129146576, 0.10760065913200378, 0.07907530665397644, 0.08293252438306808, 0.06750977039337158], "lowlevel.spectral_contrast_valleys.mean": [-9.335153579711914, -7.915472507476807, -8.388936042785645, -8.601285934448242, -9.346482276916504, -11.776058197021484], "lowlevel.spectral_contrast_valleys.stdev": [1.2703262567520142, 1.4285658597946167, 1.316672921180725, 1.275477647781372, 1.304067611694336, 1.3009296655654907], "rhythm.beats_loudness_band_ratio.mean": [0.1650306135416031, 0.1975257694721222, 0.39870572090148926, 0.1900482326745987, 0.07259050756692886, 0.05261227488517761], "rhythm.beats_loudness_band_ratio.stdev": [0.23491276800632477, 0.18763504922389984, 0.24832868576049805, 0.16604308784008026, 0.09024862945079803, 0.16753056645393372], "tonal.hpcp.mean": [0.07763472199440002, 0.07622211426496506, 0.08375273644924164, 0.0887703225016594, 0.10674827545881271, 0.21671050786972046, 0.2912147045135498, 0.16092148423194885, 0.04792012646794319, 0.040649786591529846, 0.053896885365247726, 0.07482797652482986, 0.07179651409387589, 0.05071162059903145, 0.049184706062078476, 0.07210328429937363, 0.08681953698396683, 0.11003131419420242, 0.10139500349760056, 0.06923572719097137, 0.08932182192802429, 0.09571458399295807, 0.0833035260438919, 0.10799873620271683, 0.12491768598556519, 0.1466182917356491, 0.2596904933452606, 0.29241281747817993, 0.17137670516967773, 0.12003473192453384, 0.11239004135131836, 0.090861015021801, 0.10322298854589462, 0.10300859808921814, 0.096122607588768, 0.09387625753879547], "tonal.hpcp.stdev": [0.20203882455825806, 0.20086756348609924, 0.20844432711601257, 0.20225845277309418, 0.24259059131145477, 0.28627699613571167, 0.38082027435302734, 0.2382342368364334, 0.13246561586856842, 0.11516155302524567, 0.15312403440475464, 0.1838080734014511, 0.18291571736335754, 0.13921725749969482, 0.12850123643875122, 0.17909154295921326, 0.19639097154140472, 0.20632441341876984, 0.19024688005447388, 0.14366523921489716, 0.1978728473186493, 0.20507986843585968, 0.1673070788383484, 0.23274852335453033, 0.24713513255119324, 0.26406487822532654, 0.3211473524570465, 0.35831400752067566, 0.2481262981891632, 0.2626413106918335, 0.2506844699382782, 0.2089034467935562, 0.22719821333885193, 0.21253260970115662, 0.2187168002128601, 0.2163902074098587], "rhythm.beats_position": [0.6617686748504639, 1.3235373497009277, 1.9853061437606812, 2.6470746994018555, 3.320453405380249, 3.9938321113586426, 4.574330806732178, 5.154829978942871, 5.735328674316406, 6.327437400817871, 6.919546127319336, 7.441995143890381, 7.952834129333496, 8.46367359161377, 8.986122131347656, 9.520181655883789, 10.054240226745605, 10.588298797607422, 11.110748291015625, 11.644806861877441, 12.167256355285645, 12.701314926147461, 13.223763465881348, 13.74621295928955, 14.268661499023438, 14.80272102355957, 15.325169563293457, 15.84761905670166, 16.381677627563477, 16.90412712097168, 17.42657470703125, 17.902584075927734, 18.39020347595215, 18.877822875976562, 19.342222213745117, 19.82984161376953, 20.329069137573242, 20.793468475341797, 21.26947784423828, 21.745487213134766, 22.22149658203125, 22.685895919799805, 23.15029525756836, 23.61469268798828, 24.102312088012695, 24.58993148803711, 25.077550888061523, 25.565170288085938, 26.05278778076172, 26.552017211914062, 27.062856674194336, 27.58530616760254, 28.09614372253418, 28.606983184814453, 29.117822647094727, 29.628662109375, 30.1627197265625, 30.696779251098633, 31.242448806762695, 31.788116455078125, 32.33378601074219, 32.90267562866211, 33.48317337036133, 34.04045104980469, 34.59773254394531, 35.13179016113281, 35.66584777832031, 36.211517333984375, 36.75718688964844], "rhythm.bpm_histogram": [0.0, 0.0, 0.0, 0.0, 0.0, 0.0, 0.0, 0.0, 0.0, 0.0, 0.0, 0.0, 0.0, 0.0, 0.0, 0.0, 0.0, 0.0, 0.0, 0.0, 0.0, 0.0, 0.0, 0.0, 0.0, 0.0, 0.0, 0.0, 0.0, 0.0, 0.0, 0.0, 0.0, 0.0, 0.0, 0.0, 0.0, 0.0, 0.0, 0.0, 0.0, 0.0, 0.0, 0.0, 0.0, 0.0, 0.0, 0.0, 0.0, 0.0, 0.0, 0.0, 0.0, 0.0, 0.0, 0.0, 0.0, 0.0, 0.0, 0.0, 0.0, 0.0, 0.0, 0.0, 0.0, 0.0, 0.0, 0.0, 0.0, 0.0, 0.0, 0.0, 0.0, 0.0, 0.0, 0.0, 0.0, 0.0, 0.0, 0.0, 0.0, 0.0, 0.0, 0.0, 0.0, 0.0, 0.0, 0.0, 0.0, 0.029411764815449715, 0.0, 0.04411764815449715, 0.0, 0.0, 0.0, 0.0, 0.0, 0.0, 0.0, 0.0, 0.0, 0.029411764815449715, 0.0, 0.05882352963089943, 0.0, 0.014705882407724857, 0.0, 0.0, 0.029411764815449715, 0.0, 0.07352941483259201, 0.0, 0.1617647111415863, 0.0, 0.0, 0.1764705926179886, 0.0, 0.10294117778539658, 0.0, 0.0, 0.029411764815449715, 0.0, 0.0, 0.11764705926179886, 0.0, 0.0, 0.05882352963089943, 0.0, 0.0, 0.07352941483259201, 0.0, 0.0, 0.0, 0.0, 0.0, 0.0, 0.0, 0.0, 0.0, 0.0, 0.0, 0.0, 0.0, 0.0, 0.0, 0.0, 0.0, 0.0, 0.0, 0.0, 0.0, 0.0, 0.0, 0.0, 0.0, 0.0, 0.0, 0.0, 0.0, 0.0, 0.0, 0.0, 0.0, 0.0, 0.0, 0.0, 0.0, 0.0, 0.0, 0.0, 0.0, 0.0, 0.0, 0.0, 0.0, 0.0, 0.0, 0.0, 0.0, 0.0, 0.0, 0.0, 0.0, 0.0, 0.0, 0.0, 0.0, 0.0, 0.0, 0.0, 0.0, 0.0, 0.0, 0.0, 0.0, 0.0, 0.0, 0.0, 0.0, 0.0, 0.0, 0.0, 0.0, 0.0, 0.0, 0.0, 0.0, 0.0, 0.0, 0.0, 0.0, 0.0, 0.0, 0.0, 0.0, 0.0, 0.0, 0.0, 0.0, 0.0, 0.0, 0.0, 0.0, 0.0, 0.0, 0.0, 0.0, 0.0, 0.0, 0.0, 0.0, 0.0, 0.0, 0.0, 0.0, 0.0, 0.0, 0.0, 0.0, 0.0, 0.0, 0.0, 0.0, 0.0, 0.0, 0.0, 0.0, 0.0, 0.0, 0.0], "tonal.chords_histogram": [40.914710998535156, 0.8652657866477966, 0.2472187876701355, 5.438813209533691, 3.2138442993164062, 2.7194066047668457, 0.0, 0.0, 0.0, 0.12360939383506775, 12.237330436706543, 0.6180469989776611, 0.12360939383506775, 1.2360939979553223, 0.0, 4.69715690612793, 2.4721879959106445, 8.529047966003418, 0.494437575340271, 3.4610631465911865, 0.0, 0.0, 9.888751983642578, 2.7194066047668457], "tonal.thpcp": [1.0, 0.5860779285430908, 0.4104975163936615, 0.38435402512550354, 0.3107285499572754, 0.3530043363571167, 0.3522711396217346, 0.3287222683429718, 0.32104015350341797, 0.26549699902534485, 0.2606661319732666, 0.28641951084136963, 0.30357876420021057, 0.3650601804256439, 0.7411115169525146, 0.9959026575088501, 0.550322949886322, 0.16387833654880524, 0.1390150636434555, 0.18431779742240906, 0.2558984160423279, 0.2455313503742218, 0.17342475056648254, 0.1682029813528061, 0.24658045172691345, 0.2969074249267578, 0.376287579536438, 0.34675294160842896, 0.23677390813827515, 0.30546480417251587, 0.3273269236087799, 0.2848832905292511, 0.3693365454673767, 0.42719635367393494, 0.501408576965332, 0.8880954384803772], "lowlevel.gfcc.cov": [[15827.0224609375, 1614.392822265625, -1841.5347900390625, -530.4176025390625, -1232.618896484375, -965.3155517578125, -561.4171752929688, -559.063720703125, 374.0478820800781, -681.243896484375, -109.2475357055664, -736.90185546875, 361.836181640625], [1614.392822265625, 2071.23095703125, -192.0480499267578, -495.84478759765625, 167.54713439941406, -309.705078125, 140.56967163085938, -68.0812759399414, 161.05909729003906, -320.3338623046875, 138.29913330078125, -147.1800994873047, 63.650733947753906], [-1841.5347900390625, -192.0480499267578, 1343.33447265625, 593.9190063476562, 295.27545166015625, 294.4034118652344, -2.6161601543426514, 101.44747161865234, -100.9267807006836, 38.26588439941406, -57.23061752319336, 150.29391479492188, -105.4804916381836], [-530.4176025390625, -495.84478759765625, 593.9190063476562, 866.7222290039062, 218.6316375732422, 69.56513214111328, -141.72523498535156, -12.918294906616211, -78.68122863769531, 18.218168258666992, -77.62972259521484, 52.88735580444336, -47.659915924072266], [-1232.618896484375, 167.54713439941406, 295.27545166015625, 218.6316375732422, 456.6102600097656, 72.91294860839844, 9.053009986877441, 80.81829833984375, -17.76298713684082, 16.64955711364746, 16.052173614501953, 42.758277893066406, -60.61143112182617], [-965.3155517578125, -309.705078125, 294.4034118652344, 69.56513214111328, 72.91294860839844, 377.5042419433594, 113.95475006103516, 76.07411193847656, -91.42550659179688, 119.26663208007812, -20.70738410949707, 30.500900268554688, -54.74649429321289], [-561.4171752929688, 140.56967163085938, -2.6161601543426514, -141.72523498535156, 9.053009986877441, 113.95475006103516, 422.9734802246094, 109.19959259033203, -83.51559448242188, 8.689371109008789, 14.076701164245605, 39.88247299194336, -46.42356491088867], [-559.063720703125, -68.0812759399414, 101.44747161865234, -12.918294906616211, 80.81829833984375, 76.07411193847656, 109.19959259033203, 233.43484497070312, 10.068798065185547, -4.734806537628174, -4.496735095977783, 43.19384765625, -48.568904876708984], [374.0478820800781, 161.05909729003906, -100.9267807006836, -78.68122863769531, -17.76298713684082, -91.42550659179688, -83.51559448242188, 10.068798065185547, 187.4092254638672, -7.01502799987793, 19.65272331237793, -34.70626449584961, 38.90726089477539], [-681.243896484375, -320.3338623046875, 38.26588439941406, 18.218168258666992, 16.64955711364746, 119.26663208007812, 8.689371109008789, -4.734806537628174, -7.01502799987793, 259.8029479980469, 21.825716018676758, 27.106748580932617, -23.157073974609375], [-109.2475357055664, 138.29913330078125, -57.23061752319336, -77.62972259521484, 16.052173614501953, -20.70738410949707, 14.076701164245605, -4.496735095977783, 19.65272331237793, 21.825716018676758, 106.49584197998047, 12.679437637329102, -6.679568290710449], [-736.90185546875, -147.1800994873047, 150.29391479492188, 52.88735580444336, 42.758277893066406, 30.500900268554688, 39.88247299194336, 43.19384765625, -34.70626449584961, 27.106748580932617, 12.679437637329102, 136.01229858398438, -0.6797887086868286], [361.836181640625, 63.650733947753906, -105.4804916381836, -47.659915924072266, -60.61143112182617, -54.74649429321289, -46.42356491088867, -48.568904876708984, 38.90726089477539, -23.157073974609375, -6.679568290710449, -0.6797887086868286, 124.68151092529297]], "lowlevel.gfcc.icov": [[0.00014826508413534611, -0.0001631752820685506, 0.00013550820585805923, -0.00019081123173236847, 0.00042176616261713207, 5.508630692929728e-06, 0.00014720576291438192, -4.899536361335777e-05, 1.0729250789154321e-05, 9.253553434973583e-05, 0.0001474772725487128, 0.0003600958443712443, -3.8394995499402285e-05], [-0.0001631752820685506, 0.0017442881362512708, -0.0008477710071019828, 0.001275350688956678, -0.0017059501260519028, 0.0010204927530139685, -0.0011909793829545379, 0.0009731710306368768, -0.0006905650370754302, 0.0013598380610346794, -0.0016782692400738597, 0.0014976506354287267, -0.0007058961200527847], [0.00013550820585805923, -0.0008477710071019828, 0.0020129859913140535, -0.0014411582378670573, 0.0006361335981637239, -0.0015848896000534296, 0.0007235020166262984, -0.0003253356844652444, -0.00011883267143275589, -3.074904452660121e-05, 0.0010790033265948296, -0.0019202340627089143, 0.0010263288859277964], [-0.00019081123173236847, 0.001275350688956678, -0.0014411582378670573, 0.0030779747758060694, -0.0019930044654756784, 0.0011452556354925036, -0.00022503484797198325, 0.0009112939005717635, 0.0002734500158112496, 0.0005932209896855056, -8.363058441318572e-05, 0.0008460054523311555, -0.0003097859735134989], [0.00042176616261713207, -0.0017059501260519028, 0.0006361335981637239, -0.0019930044654756784, 0.005128552671521902, -0.0008964138105511665, 0.001270932494662702, -0.00165013677906245, 0.0004174115019850433, -0.0008255451684817672, 0.0005757533363066614, -0.0005259244935587049, 0.0010975803015753627], [5.508630692929728e-06, 0.0010204927530139685, -0.0015848896000534296, 0.0011452556354925036, -0.0008964138105511665, 0.005668105091899633, -0.0013070751447230577, -0.0006501788739115, 0.0015422917203977704, -0.001379827968776226, -0.00033592581166885793, 0.00273611000739038, -0.0008675308781675994], [0.00014720576291438192, -0.0011909793829545379, 0.0007235020166262984, -0.00022503484797198325, 0.001270932494662702, -0.0013070751447230577, 0.0043368590995669365, -0.002011887263506651, 0.0020051877945661545, -0.0006276147905737162, 0.0007957160705700517, -0.0013754463288933039, 0.0008746689418330789], [-4.899536361335777e-05, 0.0009731710306368768, -0.0003253356844652444, 0.0009112939005717635, -0.00165013677906245, -0.0006501788739115, -0.002011887263506651, 0.007194927427917719, -0.002908435184508562, 0.0018705809488892555, 0.000306276953779161, -0.0013714056694880128, 0.0019483998185023665], [1.0729250789154321e-05, -0.0006905650370754302, -0.00011883267143275589, 0.0002734500158112496, 0.0004174115019850433, 0.0015422917203977704, 0.0020051877945661545, -0.002908435184508562, 0.008599327877163887, -0.001775458687916398, -0.0006836974062025547, 0.0017951976042240858, -0.0022208821028470993], [9.253553434973583e-05, 0.0013598380610346794, -3.074904452660121e-05, 0.0005932209896855056, -0.0008255451684817672, -0.001379827968776226, -0.0006276147905737162, 0.0018705809488892555, -0.001775458687916398, 0.006611728575080633, -0.0022852786350995302, 0.00037933181738480926, 0.0003874630492646247], [0.0001474772725487128, -0.0016782692400738597, 0.0010790033265948296, -8.363058441318572e-05, 0.0005757533363066614, -0.00033592581166885793, 0.0007957160705700517, 0.000306276953779161, -0.0006836974062025547, -0.0022852786350995302, 0.013158446177840233, -0.003547114785760641, 0.0023321204353123903], [0.0003600958443712443, 0.0014976506354287267, -0.0019202340627089143, 0.0008460054523311555, -0.0005259244935587049, 0.00273611000739038, -0.0013754463288933039, -0.0013714056694880128, 0.0017951976042240858, 0.00037933181738480926, -0.003547114785760641, 0.01380144339054823, -0.003815862350165844], [-3.8394995499402285e-05, -0.0007058961200527847, 0.0010263288859277964, -0.0003097859735134989, 0.0010975803015753627, -0.0008675308781675994, 0.0008746689418330789, 0.0019483998185023665, -0.0022208821028470993, 0.0003874630492646247, 0.0023321204353123903, -0.003815862350165844, 0.011348513886332512]], "lowlevel.mfcc.cov": [[14904.0185546875, 1083.1873779296875, -1113.1378173828125, -549.083984375, -696.7835693359375, -960.0955200195312, -994.1194458007812, -660.0294189453125, 183.28269958496094, -797.8997802734375, -169.54058837890625, 458.49078369140625, -1143.299072265625], [1083.1873779296875, 2292.437255859375, -356.2566833496094, -289.6764831542969, -72.7121353149414, -304.6275634765625, -4.3877434730529785, 96.76317596435547, 51.378639221191406, -138.09423828125, 33.6817512512207, 151.07615661621094, -177.3627471923828], [-1113.1378173828125, -356.2566833496094, 1021.5191650390625, 322.40435791015625, 254.8528289794922, 244.56854248046875, 121.93558502197266, 114.51801300048828, 15.011557579040527, 9.791722297668457, 9.804924011230469, -88.86929321289062, 147.73348999023438], [-549.083984375, -289.6764831542969, 322.40435791015625, 669.6265258789062, 293.03485107421875, 121.33700561523438, 15.648368835449219, 82.71365356445312, -37.513248443603516, 21.80335807800293, -52.526065826416016, -115.53270721435547, 104.72233581542969], [-696.7835693359375, -72.7121353149414, 254.8528289794922, 293.03485107421875, 597.8580322265625, 67.27752685546875, -63.793209075927734, -3.635286569595337, 10.424792289733887, 31.431968688964844, -40.820655822753906, -22.85069465637207, -2.8500943183898926], [-960.0955200195312, -304.6275634765625, 244.56854248046875, 121.33700561523438, 67.27752685546875, 358.1957702636719, 157.2613067626953, -6.285468101501465, -38.688873291015625, 118.88560485839844, 15.423592567443848, -72.14692687988281, 183.59461975097656], [-994.1194458007812, -4.3877434730529785, 121.93558502197266, 15.648368835449219, -63.793209075927734, 157.2613067626953, 393.832275390625, 147.41098022460938, 23.5199031829834, 81.65315246582031, 69.1571273803711, -19.573654174804688, 126.79750061035156], [-660.0294189453125, 96.76317596435547, 114.51801300048828, 82.71365356445312, -3.635286569595337, -6.285468101501465, 147.41098022460938, 289.79937744140625, 37.75068283081055, 8.692502975463867, 46.01851272583008, -23.067768096923828, 60.496612548828125], [183.28269958496094, 51.378639221191406, 15.011557579040527, -37.513248443603516, 10.424792289733887, -38.688873291015625, 23.5199031829834, 37.75068283081055, 185.5804443359375, -9.928915023803711, 14.477625846862793, 52.8436279296875, -77.84896850585938], [-797.8997802734375, -138.09423828125, 9.791722297668457, 21.80335807800293, 31.431968688964844, 118.88560485839844, 81.65315246582031, 8.692502975463867, -9.928915023803711, 272.3020324707031, 51.0753059387207, -42.23268127441406, 176.4027099609375], [-169.54058837890625, 33.6817512512207, 9.804924011230469, -52.526065826416016, -40.820655822753906, 15.423592567443848, 69.1571273803711, 46.01851272583008, 14.477625846862793, 51.0753059387207, 129.56398010253906, 33.109771728515625, 26.657405853271484], [458.49078369140625, 151.07615661621094, -88.86929321289062, -115.53270721435547, -22.85069465637207, -72.14692687988281, -19.573654174804688, -23.067768096923828, 52.8436279296875, -42.23268127441406, 33.109771728515625, 137.85543823242188, -63.92216491699219], [-1143.299072265625, -177.3627471923828, 147.73348999023438, 104.72233581542969, -2.8500943183898926, 183.59461975097656, 126.79750061035156, 60.496612548828125, -77.84896850585938, 176.4027099609375, 26.657405853271484, -63.92216491699219, 343.24249267578125]], "lowlevel.mfcc.icov": [[0.00012626747775357217, -2.953042530862149e-05, 9.754214261192828e-06, -0.000113113404950127, 0.00019852562400046736, 4.492949301493354e-05, 0.0001652163191465661, 0.00017945987929124385, -3.609939813031815e-05, 7.845320214983076e-05, 1.533487557026092e-05, -0.00022589610307477415, 0.00022882198391016573], [-2.953042530862149e-05, 0.0005561345024034381, 0.00010707805631682277, 0.00019442364282440394, -0.00018304077093489468, 0.000314658711431548, -0.00018990754324477166, -0.00027941379812546074, 0.00011940649710595608, 0.0001222205173689872, 6.00682733420399e-06, -0.0002515630330890417, -4.986840576748364e-05], [9.754214261192828e-06, 0.00010707805631682277, 0.0015709869330748916, -0.00023431119916494936, -0.0005021212273277342, -0.0007709630881436169, 2.3873695681686513e-05, -0.0003199829370714724, -0.0005656767752952874, 0.0009514542180113494, -0.0005259304889477789, 0.0005130559438839555, -0.0005419569206424057], [-0.000113113404950127, 0.00019442364282440394, -0.00023431119916494936, 0.0026632240042090416, -0.0012487932108342648, -0.00012452049122657627, -1.8938259017886594e-05, -0.0008165225735865533, 8.6011212260928e-05, 0.00042500923154875636, 0.00041356298606842756, 0.0014899300877004862, -0.0007344193872995675], [0.00019852562400046736, -0.00018304077093489468, -0.0005021212273277342, -0.0012487932108342648, 0.0028986195102334023, -0.00037913769483566284, 0.000853196659591049, 0.0002093074726872146, 3.397325417608954e-05, -0.0009664235403761268, 0.0007198116509243846, -0.001296092290431261, 0.001245698775164783], [4.492949301493354e-05, 0.000314658711431548, -0.0007709630881436169, -0.00012452049122657627, -0.00037913769483566284, 0.006047388538718224, -0.0021645002998411655, 0.0020705685019493103, -1.8049770005745813e-05, -0.0003464302862994373, -0.00025805458426475525, 0.0012201423523947597, -0.001699861604720354], [0.0001652163191465661, -0.00018990754324477166, 2.3873695681686513e-05, -1.8938259017886594e-05, 0.000853196659591049, -0.0021645002998411655, 0.004829034209251404, -0.0018897512927651405, -0.000603865017183125, -0.0001322442985838279, -0.0008808785350993276, -0.0005325275124050677, 6.194295565364882e-05], [0.00017945987929124385, -0.00027941379812546074, -0.0003199829370714724, -0.0008165225735865533, 0.0002093074726872146, 0.0020705685019493103, -0.0018897512927651405, 0.006146817933768034, -0.0015656680334359407, 0.001196404336951673, -0.0017997468821704388, 0.0015427693724632263, -0.0011937229428440332], [-3.609939813031815e-05, 0.00011940649710595608, -0.0005656767752952874, 8.6011212260928e-05, 3.397325417608954e-05, -1.8049770005745813e-05, -0.000603865017183125, -0.0015656680334359407, 0.007728314958512783, -0.0020084118004888296, 0.0010667284950613976, -0.0032029198482632637, 0.002773321233689785], [7.845320214983076e-05, 0.0001222205173689872, 0.0009514542180113494, 0.00042500923154875636, -0.0009664235403761268, -0.0003464302862994373, -0.0001322442985838279, 0.001196404336951673, -0.0020084118004888296, 0.007509637624025345, -0.003017458599060774, 0.002435520989820361, -0.003826479660347104], [1.533487557026092e-05, 6.00682733420399e-06, -0.0005259304889477789, 0.000413562986