{"song_id": "1182274040094789743", "download": "https://cdn.discordapp.com/attachments/1128313332273782784/1182274040094789743/chirp.mp4?ex=65841980&amp", "lyrics": "[Chorus]\nNari vindzan\u00e9 (ri vindzan\u00e9), rissi soukouman\u00e9 (ch\u00e9riy\u00e9)\nMch\u00e9wangou (waw\u00e9 wangou) nari vindzan\u00e9 (za kw\u00e9li)\nRi vindzan\u00e9, ri paran\u00e9 (mch\u00e9wangou ri vindzan\u00e9 eh-eh-eh)\nZa kw\u00e9li ri paran\u00e9 (ri paran\u00e9), wami na waw\u00e9 (ri vindzan\u00e9)", "style": ["power metal"], "essentia_features": {"lowlevel.average_loudness": 0.881013035774231, "lowlevel.barkbands_crest.mean": 14.707642555236816, "lowlevel.barkbands_crest.stdev": 5.333682537078857, "lowlevel.barkbands_flatness_db.mean": 0.22627834975719452, "lowlevel.barkbands_flatness_db.stdev": 0.08146725594997406, "lowlevel.barkbands_kurtosis.mean": 14.215572357177734, "lowlevel.barkbands_kurtosis.stdev": 44.096092224121094, "lowlevel.barkbands_skewness.mean": 2.3024091720581055, "lowlevel.barkbands_skewness.stdev": 2.1936962604522705, "lowlevel.barkbands_spread.mean": 12.322354316711426, "lowlevel.barkbands_spread.stdev": 11.17912483215332, "lowlevel.dissonance.mean": 0.4321141541004181, "lowlevel.dissonance.stdev": 0.04940946400165558, "lowlevel.dynamic_complexity": 3.8455636501312256, "lowlevel.erbbands_crest.mean": 15.0943603515625, "lowlevel.erbbands_crest.stdev": 6.644258499145508, "lowlevel.erbbands_flatness_db.mean": 0.21619464457035065, "lowlevel.erbbands_flatness_db.stdev": 0.0707891657948494, "lowlevel.erbbands_kurtosis.mean": 2.8728630542755127, "lowlevel.erbbands_kurtosis.stdev": 5.306856632232666, "lowlevel.erbbands_skewness.mean": 0.9293282628059387, "lowlevel.erbbands_skewness.stdev": 1.0955535173416138, "lowlevel.erbbands_spread.mean": 29.04429054260254, "lowlevel.erbbands_spread.stdev": 21.301671981811523, "lowlevel.hfc.mean": 16.411489486694336, "lowlevel.hfc.stdev": 16.630043029785156, "lowlevel.loudness_ebu128.integrated": -13.712797164916992, "lowlevel.loudness_ebu128.loudness_range": 4.872718811035156, "lowlevel.loudness_ebu128.momentary.mean": -14.834949493408203, "lowlevel.loudness_ebu128.momentary.stdev": 3.4179577827453613, "lowlevel.loudness_ebu128.short_term.mean": -14.128911972045898, "lowlevel.loudness_ebu128.short_term.stdev": 1.9199693202972412, "lowlevel.melbands_crest.mean": 17.86808204650879, "lowlevel.melbands_crest.stdev": 5.795193195343018, "lowlevel.melbands_flatness_db.mean": 0.290262371301651, "lowlevel.melbands_flatness_db.stdev": 0.09888919442892075, "lowlevel.melbands_kurtosis.mean": 23.07605743408203, "lowlevel.melbands_kurtosis.stdev": 44.913936614990234, "lowlevel.melbands_skewness.mean": 2.9110658168792725, "lowlevel.melbands_skewness.stdev": 2.4486849308013916, "lowlevel.melbands_spread.mean": 13.709733963012695, "lowlevel.melbands_spread.stdev": 14.976578712463379, "lowlevel.pitch_salience.mean": 0.4350720942020416, "lowlevel.pitch_salience.stdev": 0.1458304077386856, "lowlevel.silence_rate_20dB.mean": 1.0, "lowlevel.silence_rate_20dB.stdev": 0.0, "lowlevel.silence_rate_30dB.mean": 0.9191522598266602, "lowlevel.silence_rate_30dB.stdev": 0.27260148525238037, "lowlevel.silence_rate_60dB.mean": 0.09497645497322083, "lowlevel.silence_rate_60dB.stdev": 0.2931801974773407, "lowlevel.spectral_centroid.mean": 880.153076171875, "lowlevel.spectral_centroid.stdev": 614.2850341796875, "lowlevel.spectral_complexity.mean": 11.585556983947754, "lowlevel.spectral_complexity.stdev": 8.714242935180664, "lowlevel.spectral_decrease.mean": -1.0254948001886532e-08, "lowlevel.spectral_decrease.stdev": 1.2325269693747032e-08, "lowlevel.spectral_energy.mean": 0.0401931069791317, "lowlevel.spectral_energy.stdev": 0.04726976901292801, "lowlevel.spectral_energyband_high.mean": 0.00044423944200389087, "lowlevel.spectral_energyband_high.stdev": 0.0010156501084566116, "lowlevel.spectral_energyband_low.mean": 0.022016478702425957, "lowlevel.spectral_energyband_low.stdev": 0.04468391090631485, "lowlevel.spectral_energyband_middle_high.mean": 0.0036191835533827543, "lowlevel.spectral_energyband_middle_high.stdev": 0.0062819719314575195, "lowlevel.spectral_energyband_middle_low.mean": 0.014521585777401924, "lowlevel.spectral_energyband_middle_low.stdev": 0.01576003059744835, "lowlevel.spectral_entropy.mean": 6.969813346862793, "lowlevel.spectral_entropy.stdev": 0.69961017370224, "lowlevel.spectral_flux.mean": 0.08361930400133133, "lowlevel.spectral_flux.stdev": 0.08600667119026184, "lowlevel.spectral_kurtosis.mean": 9.052814483642578, "lowlevel.spectral_kurtosis.stdev": 10.112336158752441, "lowlevel.spectral_rms.mean": 0.005385923199355602, "lowlevel.spectral_rms.stdev": 0.0031944653019309044, "lowlevel.spectral_rolloff.mean": 903.8696899414062, "lowlevel.spectral_rolloff.stdev": 1266.18603515625, "lowlevel.spectral_skewness.mean": 2.130795478820801, "lowlevel.spectral_skewness.stdev": 0.9523172974586487, "lowlevel.spectral_spread.mean": 4088752.5, "lowlevel.spectral_spread.stdev": 1973240.625, "lowlevel.spectral_strongpeak.mean": 1.1590476036071777, "lowlevel.spectral_strongpeak.stdev": 1.1472914218902588, "lowlevel.zerocrossingrate.mean": 0.03824882581830025, "lowlevel.zerocrossingrate.stdev": 0.04047375172376633, "metadata.audio_properties.analysis.equal_loudness": 0.0, "metadata.audio_properties.analysis.length": 29.54664421081543, "metadata.audio_properties.analysis.sample_rate": 44100.0, "metadata.audio_properties.analysis.start_time": 0.0, "metadata.audio_properties.bit_rate": 118358.0, "metadata.audio_properties.length": 29.546667098999023, "metadata.audio_properties.lossless": 0.0, "metadata.audio_properties.number_channels": 1.0, "metadata.audio_properties.replay_gain": -12.697851181030273, "metadata.audio_properties.sample_rate": 48000.0, "rhythm.beats_count": 50.0, "rhythm.beats_loudness.mean": 0.08828996866941452, "rhythm.beats_loudness.stdev": 0.07432226091623306, "rhythm.bpm": 102.49861907958984, "rhythm.bpm_histogram_first_peak_bpm": 103.0, "rhythm.bpm_histogram_first_peak_weight": 0.40425533056259155, "rhythm.bpm_histogram_second_peak_bpm": 98.0, "rhythm.bpm_histogram_second_peak_spread": 0.0, "rhythm.bpm_histogram_second_peak_weight": 0.040816325694322586, "rhythm.danceability": 1.1426777839660645, "rhythm.onset_rate": 4.6009674072265625, "tonal.chords_changes_rate": 0.07993730157613754, "tonal.chords_number_rate": 0.012539184652268887, "tonal.chords_strength.mean": 0.4314728379249573, "tonal.chords_strength.stdev": 0.07313929498195648, "tonal.hpcp_crest.mean": 16.537616729736328, "tonal.hpcp_crest.stdev": 7.040780067443848, "tonal.hpcp_entropy.mean": 1.558279037475586, "tonal.hpcp_entropy.stdev": 0.6998922228813171, "tonal.key_edma.strength": 0.7298315167427063, "tonal.key_krumhansl.strength": 0.7389327883720398, "tonal.key_temperley.strength": 0.749932050704956, "tonal.tuning_diatonic_strength": 0.6055036783218384, "tonal.tuning_equal_tempered_deviation": 0.10993386805057526, "tonal.tuning_frequency": 442.2933654785156, "tonal.tuning_nontempered_energy_ratio": 0.6811450719833374, "lowlevel.barkbands.mean": [0.00027852377388626337, 0.017737599089741707, 0.0036140105221420527, 0.0007042775978334248, 0.004646915942430496, 0.0013234209036454558, 0.004088753834366798, 0.002443622099235654, 0.0012552884873002768, 0.0005081716808490455, 0.0003541078476700932, 0.0006878572748973966, 0.0003495086857583374, 0.0004270615172572434, 0.0005203419714234769, 0.00026347473612986505, 0.00023942931147757918, 0.00014602426381316036, 8.47910632728599e-05, 0.0001376165746478364, 8.000226080184802e-05, 8.933302160585299e-05, 8.764008816797286e-05, 6.255598418647423e-05, 4.243427611072548e-05, 1.9516635802574456e-05, 8.588079936089343e-07], "lowlevel.barkbands.stdev": [0.0009271415765397251, 0.0387444905936718, 0.00967467948794365, 0.003032821463420987, 0.008808569982647896, 0.00379792763851583, 0.008594573475420475, 0.006068100221455097, 0.0029049369040876627, 0.001876518246717751, 0.002147604711353779, 0.002157605718821287, 0.0013273435179144144, 0.0016040279297158122, 0.0012896927073597908, 0.0005129515193402767, 0.0006179437623359263, 0.0003310976317152381, 0.0002431889297440648, 0.00027965629124082625, 0.0002272664860356599, 0.00022404665651265532, 0.00020566063176374882, 0.00015998899471014738, 0.00010132065654033795, 5.3956700867274776e-05, 3.482952251943061e-06], "lowlevel.erbbands.mean": [0.39281514286994934, 4.276516437530518, 5.751124858856201, 3.0966176986694336, 3.850774049758911, 18.942609786987305, 23.941959381103516, 8.982178688049316, 23.798686981201172, 97.70458984375, 44.4298210144043, 29.153398513793945, 17.74262237548828, 19.40618133544922, 20.008695602416992, 23.26079750061035, 17.216690063476562, 18.01668357849121, 28.18086814880371, 23.308135986328125, 16.24561309814453, 14.164772033691406, 8.72253704071045, 4.5270538330078125, 5.115138530731201, 6.6109232902526855, 3.8564047813415527, 2.9100706577301025, 3.1160316467285156, 3.0426270961761475, 2.4256317615509033, 1.5348972082138062, 0.9411479234695435, 0.5259793996810913, 0.2642272114753723, 0.11360330134630203, 0.03052692674100399, 0.004284986760467291, 0.00012294914631638676, 4.930610521114431e-05], "lowlevel.erbbands.stdev": [0.9628345370292664, 9.395251274108887, 13.476540565490723, 10.413768768310547, 9.865765571594238, 38.12171936035156, 66.01911926269531, 29.1387882232666, 66.85553741455078, 201.65863037109375, 111.5862045288086, 71.46378326416016, 43.74152755737305, 78.30180358886719, 67.4550552368164, 76.50471496582031, 62.89177322387695, 55.437538146972656, 77.96895599365234, 53.992462158203125, 32.06718444824219, 29.273174285888672, 18.989248275756836, 12.923134803771973, 12.354679107666016, 13.669410705566406, 10.199049949645996, 8.27530574798584, 7.895123481750488, 7.338231086730957, 5.6901984214782715, 4.207637786865234, 2.2873120307922363, 1.2416890859603882, 0.6625514030456543, 0.3023189902305603, 0.0929393395781517, 0.014537928625941277, 0.0003575837181415409, 5.719975888496265e-05], "lowlevel.gfcc.mean": [-61.03742599487305, 113.92173767089844, -114.57535552978516, 19.978187561035156, -63.840126037597656, 7.487686634063721, -40.99620819091797, 10.561673164367676, -9.414198875427246, 0.7750919461250305, -15.80734920501709, -7.028012275695801, -8.126798629760742], "lowlevel.melbands.mean": [0.0043831742368638515, 0.00395525386556983, 0.0005398847279138863, 0.0007530104485340416, 0.0009304095292463899, 0.00019758555572479963, 0.0004827230586670339, 0.0009949295781552792, 0.0002978848060593009, 0.00017274680431000888, 8.584986790083349e-05, 8.00874040578492e-05, 6.250684964470565e-05, 8.129654452204704e-05, 4.252483631717041e-05, 3.456048943917267e-05, 3.312982153147459e-05, 4.919648199575022e-05, 3.070097591262311e-05, 2.328475056856405e-05, 1.8223232473246753e-05, 1.5709474610048346e-05, 1.0598994776955806e-05, 5.178253104531905e-06, 3.4531076380517334e-06, 3.1263355140254134e-06, 4.724332939076703e-06, 4.275718765711645e-06, 2.5350930172862718e-06, 1.8428987687002518e-06, 1.627626147637784e-06, 1.7836406414062367e-06, 1.7162133190140594e-06, 1.6579652992732008e-06, 1.4425841072807088e-06, 1.1547223266461515e-06, 8.597307896707207e-07, 6.898292213008972e-07, 5.377309548748599e-07, 4.091335199518653e-07], "lowlevel.melbands.stdev": [0.009900531731545925, 0.008424743078649044, 0.0017128904582932591, 0.0013920411001890898, 0.0022516835015267134, 0.0006295475177466869, 0.0011312792776152492, 0.0019356210250407457, 0.0007580799865536392, 0.00044711772352457047, 0.00022190131130628288, 0.0003281321551185101, 0.00029766876832582057, 0.0002668655652087182, 0.00016742369916755706, 0.00014237982395570725, 0.00011811144213424996, 0.0001502771774539724, 7.73656356614083e-05, 5.104213050799444e-05, 4.24312602262944e-05, 3.619747803895734e-05, 2.133199268428143e-05, 1.3851745279680472e-05, 1.0426495464344043e-05, 9.109072379942518e-06, 1.020594390865881e-05, 9.18618661671644e-06, 6.674339147139108e-06, 5.3990188462194055e-06, 4.680551683122758e-06, 4.714591796073364e-06, 4.271500074537471e-06, 3.999012733402196e-06, 3.271352397860028e-06, 3.234594714740524e-06, 2.357367748118122e-06, 1.7463158883401775e-06, 1.2839150258514564e-06, 9.865781294138287e-07], "lowlevel.melbands128.mean": [0.00024486027541570365, 0.0022914698347449303, 0.006646699737757444, 0.007449131924659014, 0.003961185924708843, 0.001511594746261835, 0.0005963050061836839, 0.00031290462356992066, 0.0002993204107042402, 0.0005769384442828596, 0.001191525487229228, 0.001381305162794888, 0.0009366390877403319, 0.00027529371436685324, 0.0001622289710212499, 0.00017109577311202884, 0.00016991185839287937, 0.0003812264767475426, 0.0009107595542445779, 0.0015932029346004128, 0.000631297763902694, 0.0005782302469015121, 0.00012959209561813623, 0.00019723291916307062, 0.000245633942540735, 0.00010639542597346008, 0.000170992236235179, 4.108829307369888e-05, 6.140697951195762e-05, 0.00011265826469752938, 6.0717109590768814e-05, 6.571047561010346e-05, 7.627604645676911e-05, 2.210563252447173e-05, 0.00013287704496178776, 7.503208325942978e-05, 4.64840377389919e-05, 4.070898285135627e-05, 4.473901935853064e-05, 3.6107561754761264e-05, 2.616153324197512e-05, 4.0840230212779716e-05, 2.677960401342716e-05, 2.3241374947247095e-05, 6.573768041562289e-05, 5.6687116739340127e-05, 3.503204061416909e-05, 1.58806360559538e-05, 3.733022458618507e-05, 4.413887654663995e-05, 1.1519256077008322e-05, 1.241956852027215e-05, 2.7717034754459746e-05, 1.4561185707862023e-05, 1.3482092981575988e-05, 2.240248977614101e-05, 9.42774295253912e-06, 9.822385436564218e-06, 1.3897893950343132e-05, 6.557214874192141e-06, 4.444786554813618e-06, 3.907447080564452e-06, 3.640633622126188e-06, 3.424014721531421e-06, 2.9595471460197587e-06, 2.8083986762794666e-06, 3.3405920021323254e-06, 4.041385182063095e-06, 5.152000539965229e-06, 5.855003109900281e-06, 3.929867034457857e-06, 4.326567250245716e-06, 2.362933173571946e-06, 2.5675553843029775e-06, 2.04118009605736e-06, 1.9340207018103683e-06, 1.6659807897667633e-06, 1.5992281987564638e-06, 1.6050406657086569e-06, 1.6369339164157282e-06, 1.946659494933556e-06, 1.7146785467048176e-06, 1.7268372403123067e-06, 1.5826871049284819e-06, 1.915618440762046e-06, 1.7146610389318084e-06, 1.5885899529166636e-06, 1.5121780734261847e-06, 1.4307147466752212e-06, 1.4287090834841365e-06, 1.2283406931601348e-06, 1.1347561894581304e-06, 9.280714721171535e-07, 8.643527849017119e-07, 8.008234431144956e-07, 7.507458121835953e-07, 6.75139006034442e-07, 5.828791813655698e-07, 5.519889327842975e-07, 5.158883595868247e-07, 4.494002894261939e-07, 3.7011392350905226e-07, 3.955143768052949e-07, 3.3484113259873993e-07, 2.7389853585191304e-07, 2.599598474262166e-07, 2.8434084242690005e-07, 2.441522894969239e-07, 1.9524135552728694e-07, 1.4262521119690064e-07, 1.412656018828784e-07, 1.0274850126279489e-07, 9.353504282216818e-08, 7.510770672070066e-08, 6.341064562320753e-08, 4.009119436432229e-08, 3.0069653433884014e-08, 5.202365205292381e-09, 8.044242494342768e-10, 8.227421348372399e-12, 6.5826411162206444e-12, 6.13305933816477e-12, 5.998340713020411e-12, 5.8850884235295275e-12, 5.708417679523015e-12, 5.4782849263912414e-12, 5.344305293447649e-12, 5.302190110578753e-12], "lowlevel.melbands128.stdev": [0.0008516801171936095, 0.006442162208259106, 0.015949342399835587, 0.016721339896321297, 0.009305903688073158, 0.004136905539780855, 0.0022508306428790092, 0.0013166303979232907, 0.0010547805577516556, 0.0013331451918929815, 0.0027362017426639795, 0.0034714648500084877, 0.003060378832742572, 0.0010097204940393567, 0.0008081408450379968, 0.0008122698636725545, 0.0007559910882264376, 0.0017942500999197364, 0.0020176577381789684, 0.003829449415206909, 0.0016470927512273192, 0.0019764085300266743, 0.0006032212404534221, 0.0005911165499128401, 0.0006938458536751568, 0.0006018607527948916, 0.0005342092481441796, 0.00018357991939410567, 0.00027545561897568405, 0.0005485306610353291, 0.0003923777549061924, 0.0004418011230882257, 0.0005179350264370441, 5.537381366593763e-05, 0.0004832361883018166, 0.00030077615519985557, 0.00027386134024709463, 0.0002599522122181952, 0.00022389010700862855, 0.00020508028683252633, 0.00017819119966588914, 0.00015468159108422697, 0.00016144427354447544, 0.00011599617573665455, 0.0003693873295560479, 0.0002003174158744514, 0.00015596843149978667, 8.080101542873308e-05, 0.00011421005183365196, 0.00011654195259325206, 3.7242363760014996e-05, 3.669570287456736e-05, 6.068233778933063e-05, 6.835841486463323e-05, 5.923731077928096e-05, 5.694725041394122e-05, 2.2999280190560967e-05, 2.4019729607971385e-05, 3.32243180309888e-05, 1.9788396457443014e-05, 1.4952594028727617e-05, 1.1562776307982858e-05, 1.2543345292215236e-05, 1.1582124898268376e-05, 1.0976089470204897e-05, 1.0570918675512075e-05, 9.81649191089673e-06, 1.0776592716865707e-05, 1.328271537204273e-05, 1.2983623491891194e-05, 1.1209169315407053e-05, 1.0031611054728273e-05, 6.5609897319518495e-06, 8.150411304086447e-06, 6.566815500264056e-06, 5.835704996570712e-06, 5.204808530834271e-06, 5.725516984966816e-06, 4.691507001552964e-06, 4.910350526188267e-06, 6.103661235101754e-06, 4.566612005874049e-06, 4.715724571724422e-06, 3.9973178900254425e-06, 5.487314865604276e-06, 4.43180397269316e-06, 4.135931249038549e-06, 3.580263864932931e-06, 3.301191554783145e-06, 3.7259362670738483e-06, 3.903017841366818e-06, 3.2544321584282443e-06, 3.1688007311458932e-06, 2.540017931096372e-06, 2.0033071450598072e-06, 2.095584250128013e-06, 1.909678076117416e-06, 1.4309561038317042e-06, 1.4437043773796177e-06, 1.2931341188959777e-06, 1.1640734101092676e-06, 9.144077353084867e-07, 1.0780324828374432e-06, 8.598399858783523e-07, 7.200688969533076e-07, 7.969183002387581e-07, 1.0767940921141417e-06, 6.522065518765885e-07, 5.692174340765632e-07, 4.1473535361546965e-07, 4.6564716171815235e-07, 3.4258823689015117e-07, 3.172673075368948e-07, 2.8295377774156805e-07, 2.4920933583416627e-07, 1.5887506776834925e-07, 1.2154463036040397e-07, 3.1224676177998845e-08, 8.666726891704002e-09, 6.303425836851062e-11, 1.738852117849632e-11, 1.3019408467984661e-11, 1.27820609999163e-11, 1.2422315780191706e-11, 1.1457134720116446e-11, 1.044443177777854e-11, 1.0198279720707859e-11, 1.014078144373487e-11], "lowlevel.mfcc.mean": [-706.0107421875, 144.1278076171875, 4.561366558074951, 14.468853950500488, 2.1609017848968506, -1.7513504028320312, -14.740180969238281, 1.8127002716064453, 2.1385459899902344, 8.146092414855957, -2.781376838684082, 0.9978969097137451, 6.106070518493652], "lowlevel.spectral_contrast_coeffs.mean": [-0.6365193724632263, -0.6616257429122925, -0.7481417655944824, -0.7782386541366577, -0.7958792448043823, -0.7785559892654419], "lowlevel.spectral_contrast_coeffs.stdev": [0.10364333540201187, 0.09504274278879166, 0.08039278537034988, 0.06724695861339569, 0.05136239901185036, 0.04393569380044937], "lowlevel.spectral_contrast_valleys.mean": [-7.523885726928711, -7.275809288024902, -8.018091201782227, -8.247815132141113, -8.484227180480957, -11.173748970031738], "lowlevel.spectral_contrast_valleys.stdev": [1.2831902503967285, 0.9605513215065002, 0.999535083770752, 1.0661553144454956, 1.1899954080581665, 1.5895531177520752], "rhythm.beats_loudness_band_ratio.mean": [0.7023138403892517, 0.06536880135536194, 0.15430288016796112, 0.02246432565152645, 0.036911867558956146, 0.025436503812670708], "rhythm.beats_loudness_band_ratio.stdev": [0.29602721333503723, 0.08530087023973465, 0.21491730213165283, 0.045385006815195084, 0.06960675120353699, 0.05237823352217674], "tonal.hpcp.mean": [0.17087747156620026, 0.06404668837785721, 0.028502721339464188, 0.03637572005391121, 0.07530494779348373, 0.3247012495994568, 0.416748583316803, 0.17012935876846313, 0.03851790353655815, 0.020836878567934036, 0.03245909884572029, 0.13518722355365753, 0.17036746442317963, 0.0798581913113594, 0.06321744620800018, 0.07465564459562302, 0.0583033412694931, 0.052078790962696075, 0.04119858518242836, 0.03266404941678047, 0.16264188289642334, 0.24391940236091614, 0.11034758388996124, 0.02137703076004982, 0.019992949441075325, 0.024240203201770782, 0.09730658680200577, 0.14029629528522491, 0.07126844674348831, 0.02747850865125656, 0.022643500939011574, 0.01896386221051216, 0.0357140488922596, 0.03907361626625061, 0.043910153210163116, 0.15343976020812988], "tonal.hpcp.stdev": [0.30167028307914734, 0.15339645743370056, 0.1095879003405571, 0.13855886459350586, 0.198097363114357, 0.3324306309223175, 0.416799932718277, 0.23476484417915344, 0.1448768973350525, 0.09489370882511139, 0.1290174126625061, 0.24942466616630554, 0.30429619550704956, 0.16733454167842865, 0.18536362051963806, 0.21771126985549927, 0.17521171271800995, 0.16903483867645264, 0.14170818030834198, 0.12667937576770782, 0.25777554512023926, 0.37918391823768616, 0.19096854329109192, 0.09730976819992065, 0.09238402545452118, 0.10719351470470428, 0.1906670331954956, 0.2603953182697296, 0.1600443422794342, 0.1120520681142807, 0.10608268529176712, 0.08754980564117432, 0.10901474952697754, 0.10470869392156601, 0.11304120719432831, 0.278751939535141], "rhythm.beats_position": [0.6037188172340393, 1.2190475463867188, 1.834376335144043, 2.426485300064087, 3.0185940265655518, 3.599092960357666, 4.179591655731201, 4.7600908279418945, 5.34058952331543, 5.921088218688965, 6.524806976318359, 7.105306148529053, 7.685804843902588, 8.277914047241211, 8.870022773742676, 9.450521469116211, 10.031020164489746, 10.623128890991211, 11.215237617492676, 11.795736312866211, 12.376235961914062, 12.956734657287598, 13.548843383789062, 14.140952110290527, 14.721450805664062, 15.301949501037598, 15.88244915008545, 16.474557876586914, 17.066665649414062, 17.647165298461914, 18.227664947509766, 18.808162689208984, 19.388662338256836, 19.980770111083984, 20.572879791259766, 21.153377532958984, 21.733877182006836, 22.325986862182617, 22.918094635009766, 23.498594284057617, 24.079092025756836, 24.671201705932617, 25.263309478759766, 25.843809127807617, 26.42430877685547, 27.004806518554688, 27.59691619873047, 28.189023971557617, 28.76952362060547, 29.350021362304688], "rhythm.bpm_histogram": [0.0, 0.0, 0.0, 0.0, 0.0, 0.0, 0.0, 0.0, 0.0, 0.0, 0.0, 0.0, 0.0, 0.0, 0.0, 0.0, 0.0, 0.0, 0.0, 0.0, 0.0, 0.0, 0.0, 0.0, 0.0, 0.0, 0.0, 0.0, 0.0, 0.0, 0.0, 0.0, 0.0, 0.0, 0.0, 0.0, 0.0, 0.0, 0.0, 0.0, 0.0, 0.0, 0.0, 0.0, 0.0, 0.0, 0.0, 0.0, 0.0, 0.0, 0.0, 0.0, 0.0, 0.0, 0.0, 0.0, 0.0, 0.0, 0.0, 0.0, 0.0, 0.0, 0.0, 0.0, 0.0, 0.0, 0.0, 0.0, 0.0, 0.0, 0.0, 0.0, 0.0, 0.0, 0.0, 0.0, 0.0, 0.0, 0.0, 0.0, 0.0, 0.0, 0.0, 0.0, 0.0, 0.0, 0.0, 0.0, 0.0, 0.0, 0.0, 0.0, 0.0, 0.0, 0.0, 0.0, 0.0, 0.0, 0.040816325694322586, 0.020408162847161293, 0.0, 0.36734694242477417, 0.0, 0.5714285969734192, 0.0, 0.0, 0.0, 0.0, 0.0, 0.0, 0.0, 0.0, 0.0, 0.0, 0.0, 0.0, 0.0, 0.0, 0.0, 0.0, 0.0, 0.0, 0.0, 0.0, 0.0, 0.0, 0.0, 0.0, 0.0, 0.0, 0.0, 0.0, 0.0, 0.0, 0.0, 0.0, 0.0, 0.0, 0.0, 0.0, 0.0, 0.0, 0.0, 0.0, 0.0, 0.0, 0.0, 0.0, 0.0, 0.0, 0.0, 0.0, 0.0, 0.0, 0.0, 0.0, 0.0, 0.0, 0.0, 0.0, 0.0, 0.0, 0.0, 0.0, 0.0, 0.0, 0.0, 0.0, 0.0, 0.0, 0.0, 0.0, 0.0, 0.0, 0.0, 0.0, 0.0, 0.0, 0.0, 0.0, 0.0, 0.0, 0.0, 0.0, 0.0, 0.0, 0.0, 0.0, 0.0, 0.0, 0.0, 0.0, 0.0, 0.0, 0.0, 0.0, 0.0, 0.0, 0.0, 0.0, 0.0, 0.0, 0.0, 0.0, 0.0, 0.0, 0.0, 0.0, 0.0, 0.0, 0.0, 0.0, 0.0, 0.0, 0.0, 0.0, 0.0, 0.0, 0.0, 0.0, 0.0, 0.0, 0.0, 0.0, 0.0, 0.0, 0.0, 0.0, 0.0, 0.0, 0.0, 0.0, 0.0, 0.0, 0.0, 0.0, 0.0, 0.0, 0.0, 0.0, 0.0, 0.0, 0.0, 0.0, 0.0, 0.0, 0.0, 0.0, 0.0, 0.0], "tonal.chords_histogram": [15.20376205444336, 0.0, 12.382445335388184, 0.6269592642784119, 3.2915360927581787, 0.15673981606960297, 0.0, 0.0, 0.0, 0.0, 0.0, 0.0, 0.0, 0.0, 0.0, 0.0, 0.0, 13.166144371032715, 0.0, 15.20376205444336, 0.0, 7.680250644683838, 30.250783920288086, 2.0376174449920654], "tonal.thpcp": [1.0, 0.4082302153110504, 0.09242479503154755, 0.049998678267002106, 0.07788652181625366, 0.32438555359840393, 0.4088015556335449, 0.19162198901176453, 0.15169204771518707, 0.17913833260536194, 0.13990052044391632, 0.12496452778577805, 0.09885717183351517, 0.07837831228971481, 0.39026379585266113, 0.5852915048599243, 0.2647821307182312, 0.05129478871822357, 0.047973647713661194, 0.0581650510430336, 0.23348990082740784, 0.3366449177265167, 0.17101065814495087, 0.06593545526266098, 0.05433372035622597, 0.04550432413816452, 0.08569686859846115, 0.0937582477927208, 0.10536365211009979, 0.36818304657936096, 0.41002532839775085, 0.15368184447288513, 0.06839308142662048, 0.08728456497192383, 0.18069635331630707, 0.7791298031806946], "lowlevel.gfcc.cov": [[9931.173828125, -2592.461669921875, 334.01361083984375, 794.6679077148438, -139.58407592773438, 912.725341796875, -509.08984375, 310.8414306640625, -617.8491821289062, 452.6620178222656, -100.1900863647461, 710.346435546875, -252.80160522460938], [-2592.461669921875, 2311.641357421875, 16.55402374267578, -236.58689880371094, 507.6840515136719, -273.50299072265625, 529.6801147460938, 14.523077011108398, 518.8176879882812, -135.77207946777344, 344.9888000488281, -262.3522033691406, 227.6747589111328], [334.01361083984375, 16.55402374267578, 1391.8526611328125, 604.5543823242188, 293.107177734375, 400.0388488769531, 288.5572814941406, 240.01910400390625, 57.16446304321289, 142.65928649902344, 56.655513763427734, 174.2741241455078, 4.302273750305176], [794.6679077148438, -236.58689880371094, 604.5543823242188, 871.55078125, 363.7385559082031, 191.30751037597656, 120.71347045898438, 180.68653869628906, 49.19738006591797, 95.40846252441406, 26.681808471679688, 91.2336654663086, 28.3504581451416], [-139.58407592773438, 507.6840515136719, 293.107177734375, 363.7385559082031, 724.704345703125, 238.02395629882812, 334.0558776855469, 174.87718200683594, 257.9360656738281, 91.14164733886719, 150.85000610351562, 3.940035820007324, 23.582618713378906], [912.725341796875, -273.50299072265625, 400.0388488769531, 191.30751037597656, 238.02395629882812, 547.9888305664062, 215.65464782714844, 153.64816284179688, -17.60799789428711, 132.93807983398438, 25.245101928710938, 117.9800033569336, -68.23947143554688], [-509.08984375, 529.6801147460938, 288.5572814941406, 120.71347045898438, 334.0558776855469, 215.65464782714844, 559.8994750976562, 156.66543579101562, 200.26809692382812, 93.04071044921875, 136.53192138671875, 5.098965167999268, 7.759146690368652], [310.8414306640625, 14.523077011108398, 240.01910400390625, 180.68653869628906, 174.87718200683594, 153.64816284179688, 156.66543579101562, 249.0472869873047, 142.52239990234375, 102.44883728027344, 37.00434494018555, 41.80906677246094, -11.952530860900879], [-617.8491821289062, 518.8176879882812, 57.16446304321289, 49.19738006591797, 257.9360656738281, -17.60799789428711, 200.26809692382812, 142.52239990234375, 374.2611083984375, 75.61793518066406, 98.4537353515625, -88.05548095703125, 34.0400505065918], [452.6620178222656, -135.77207946777344, 142.65928649902344, 95.40846252441406, 91.14164733886719, 132.93807983398438, 93.04071044921875, 102.44883728027344, 75.61793518066406, 175.0152130126953, 53.988197326660156, 71.561279296875, -33.455116271972656], [-100.1900863647461, 344.9888000488281, 56.655513763427734, 26.681808471679688, 150.85000610351562, 25.245101928710938, 136.53192138671875, 37.00434494018555, 98.4537353515625, 53.988197326660156, 227.5843963623047, 65.0411148071289, 71.8307876586914], [710.346435546875, -262.3522033691406, 174.2741241455078, 91.2336654663086, 3.940035820007324, 117.9800033569336, 5.098965167999268, 41.80906677246094, -88.05548095703125, 71.561279296875, 65.0411148071289, 211.295654296875, 25.743335723876953], [-252.80160522460938, 227.6747589111328, 4.302273750305176, 28.3504581451416, 23.582618713378906, -68.23947143554688, 7.759146690368652, -11.952530860900879, 34.0400505065918, -33.455116271972656, 71.8307876586914, 25.743335723876953, 153.121826171875]], "lowlevel.gfcc.icov": [[0.0002270568802487105, -7.826701767044142e-05, 0.0001991173339774832, -0.00026728957891464233, 0.00012608214456122369, -0.0003580396587494761, 0.0003378858382347971, -0.00024298888456542045, 0.0002040297695202753, -0.0003353280480951071, 4.958752106176689e-05, -0.0005208859220147133, 0.00026575493393465877], [-7.826701767044142e-05, 0.0023849904537200928, -0.0008542727446183562, 0.0013834836427122355, -0.0012703756801784039, 0.001352414838038385, -0.0014713373966515064, 0.0003529828682076186, -0.0010073751909658313, 0.0020677619613707066, -0.0022866332437843084, 0.002351116854697466, -0.0016539746429771185], [0.0001991173339774832, -0.0008542727446183562, 0.0017714350251480937, -0.0014559653354808688, 0.0008476375951431692, -0.0013011868577450514, 0.00034483466879464686, -0.00047940219519659877, 0.00016057143511716276, -0.0006394002120941877, 0.000944583211094141, -0.0018636872991919518, 0.0007482434157282114], [-0.00026728957891464233, 0.0013834836427122355, -0.0014559653354808688, 0.00331772118806839, -0.0021438882686197758, 0.0016282717697322369, -0.0007450847188010812, -0.00052815699018538, 0.00028301391284912825, 0.000630147522315383, -0.0006928734364919364, 0.001993970712646842, -0.0019548169802874327], [0.00012608214456122369, -0.0012703756801784039, 0.0008476375951431692, -0.0021438882686197758, 0.004076302517205477, -0.002150259679183364, 0.00021035494864918292, 0.00010795789421536028, -0.00138942152261734, -4.180867472314276e-05, -2.3206002879305743e-05, -0.001408326206728816, 0.0014292842242866755], [-0.0003580396587494761, 0.001352414838038385, -0.0013011868577450514, 0.0016282717697322369, -0.002150259679183364, 0.0051626781933009624, -0.002040404826402664, -0.000726353086065501, 0.0011377537157386541, -6.755625508958474e-05, -0.0006143986247479916, 0.001337418332695961, -0.0003926080244127661], [0.0003378858382347971, -0.0014713373966515064, 0.00034483466879464686, -0.0007450847188010812, 0.00021035494864918292, -0.002040404826402664, 0.004590523429214954, -0.001147087779827416, 0.0002835391787812114, -0.001613961416296661, 7.281723082996905e-05, -0.0011974386870861053, 0.0013614451745525002], [-0.00024298888456542045, 0.0003529828682076186, -0.00047940219519659877, -0.00052815699018538, 0.00010795789421536028, -0.000726353086065501, -0.001147087779827416, 0.008868224918842316, -0.004126847721636295, -0.0004571023746393621, 0.00102193932980299, -0.0013438989408314228, 0.00015937924035824835], [0.0002040297695202753, -0.0010073751909658313, 0.00016057143511716276, 0.00028301391284912825, -0.00138942152261734, 0.0011377537157386541, 0.0002835391787812114, -0.004126847721636295, 0.008867902681231499, -0.004893328063189983, -0.00048347972915507853, 0.0036651575937867165, -0.0012675997568294406], [-0.0003353280480951071, 0.0020677619613707066, -0.0006394002120941877, 0.000630147522315383, -4.180867472314276e-05, -6.755625508958474e-05, -0.001613961416296661, -0.0004571023746393621, -0.004893328063189983, 0.013997003436088562, -0.0035547383595257998, -0.0018627200042828918, 0.0024222894571721554], [4.958752106176689e-05, -0.0022866332437843084, 0.000944583211094141, -0.0006928734364919364, -2.3206002879305743e-05, -0.0006143986247479916, 7.281723082996905e-05, 0.00102193932980299, -0.00048347972915507853, -0.0035547383595257998, 0.010640430264174938, -0.0054541705176234245, -0.0013543058885261416], [-0.0005208859220147133, 0.002351116854697466, -0.0018636872991919518, 0.001993970712646842, -0.001408326206728816, 0.001337418332695961, -0.0011974386870861053, -0.0013438989408314228, 0.0036651575937867165, -0.0018627200042828918, -0.0054541705176234245, 0.01409218367189169, -0.004936330486088991], [0.00026575493393465877, -0.0016539746429771185, 0.0007482434157282114, -0.0019548169802874327, 0.0014292842242866755, -0.0003926080244127661, 0.0013614451745525002, 0.00015937924035824835, -0.0012675997568294406, 0.0024222894571721554, -0.0013543058885261416, -0.004936330486088991, 0.011594308540225029]], "lowlevel.mfcc.cov": [[8813.0234375, -2712.528564453125, 226.95785522460938, -123.29585266113281, 357.25457763671875, 327.1611328125, 232.14329528808594, 78.05360412597656, -259.6528625488281, -252.11338806152344, -156.2999725341797, 104.10118865966797, 108.41963195800781], [-2712.528564453125, 2258.610595703125, -246.35403442382812, 50.73155975341797, -21.71919059753418, -66.21238708496094, 65.02835083007812, 125.66415405273438, 160.4652099609375, 214.5574188232422, 179.95468139648438, 92.76770782470703, 160.32911682128906], [226.95785522460938, -246.35403442382812, 1088.595947265625, 280.18182373046875, 152.49697875976562, 197.11424255371094, 219.68722534179688, 166.51832580566406, 106.99334716796875, 0.8789498805999756, 46.87195587158203, 81.91731262207031, 52.71275329589844], [-123.29585266113281, 50.73155975341797, 280.18182373046875, 720.3931274414062, 288.9149169921875, 119.19072723388672, 130.90919494628906, 144.25381469726562, 151.07339477539062, 117.42980194091797, 27.715221405029297, 73.23909759521484, 148.34629821777344], [357.25457763671875, -21.71919059753418, 152.49697875976562, 288.9149169921875, 502.2196960449219, 173.47727966308594, 104.17713928222656, 137.37425231933594, 95.27813720703125, 127.5846939086914, 56.143306732177734, 61.889163970947266, 92.7965087890625], [327.1611328125, -66.21238708496094, 197.11424255371094, 119.19072723388672, 173.47727966308594, 370.3080139160156, 260.47259521484375, 158.08677673339844, 103.15270233154297, 78.1708755493164, 135.1527862548828, 86.65021514892578, 30.190675735473633], [232.14329528808594, 65.02835083007812, 219.68722534179688, 130.90919494628906, 104.17713928222656, 260.47259521484375, 373.2481689453125, 196.53030395507812, 81.07567596435547, 46.0344123840332, 120.47177124023438, 101.80812072753906, 53.66062545776367], [78.05360412597656, 125.66415405273438, 166.51832580566406, 144.25381469726562, 137.37425231933594, 158.08677673339844, 196.53030395507812, 237.92724609375, 121.47418975830078, 95.79830169677734, 111.27003479003906, 86.2124252319336, 89.596923828125], [-259.6528625488281, 160.4652099609375, 106.99334716796875, 151.07339477539062, 95.27813720703125, 103.15270233154297, 81.07567596435547, 121.47418975830078, 215.0131072998047, 153.9618377685547, 108.84046936035156, 60.74786376953125, 53.05171203613281], [-252.11338806152344, 214.5574188232422, 0.8789498805999756, 117.42980194091797, 127.5846939086914, 78.1708755493164, 46.0344123840332, 95.79830169677734, 153.9618377685547, 257.631103515625, 137.95291137695312, 67.85675048828125, 72.55943298339844], [-156.2999725341797, 179.95468139648438, 46.87195587158203, 27.715221405029297, 56.143306732177734, 135.1527862548828, 120.47177124023438, 111.27003479003906, 108.84046936035156, 137.95291137695312, 225.4501495361328, 105.5021743774414, 55.976036071777344], [104.10118865966797, 92.76770782470703, 81.91731262207031, 73.23909759521484, 61.889163970947266, 86.65021514892578, 101.80812072753906, 86.2124252319336, 60.74786376953125, 67.85675048828125, 105.5021743774414, 155.4852294921875, 110.81490325927734], [108.41963195800781, 160.32911682128906, 52.71275329589844, 148.34629821777344, 92.7965087890625, 30.190675735473633, 53.66062545776367, 89.596923828125, 53.05171203613281, 72.55943298339844, 55.976036071777344, 110.81490325927734, 213.41329956054688]], "lowlevel.mfcc.icov": [[0.00022910429106559604, 0.00028721801936626434, 5.9184185374761e-05, 0.00014985732559580356, -0.00015367624291684479, -5.997140033286996e-05, -0.00014443615509662777, -0.00010819140152307227, 0.00016221114492509514, 2.193967520724982e-05, 0.0001497980993008241, -0.0001276930997846648, -0.00031467730877920985], [0.00028721801936626434, 0.0009242051164619625, 0.00022072756837587804, 0.0002079117257380858, -0.000118874893814791, 0.0003624633827712387, -0.0004714273673016578, -0.00021713458409067243, -6.0906233557034284e-05, -0.00015614996664226055, -0.00014655577251687646, 3.6149602237856016e-05, -0.0007412672275677323], [5.9184185374761e-05, 0.00022072756837587804, 0.0012492628302425146, -0.00028107865364290774, -7.075878966134042e-05, -0.00011189464566996321, -0.0003226310946047306, -0.0003996987361460924, -0.00046312209451571107, 0.0005557442200370133, 0.00013782581663690507, -0.0003822279395535588, 7.494548481190577e-05], [0.00014985732559580356, 0.0002079117257380858, -0.00028107865364290774, 0.002480317372828722, -0.001041596638970077, 0.00020523798593785614, -0.0007289292407222092, 0.00025190305314026773, -0.0012016131076961756, -0.000144357472890988, 0.0009861527942121029, 0.00028662080876529217, -0.0014453016920015216], [-0.00015367624291684479, -0.000118874893814791, -7.075878966134042e-05, -0.001041596638970077, 0.0035115687642246485, -0.0015615453012287617, 0.0010420619510114193, -0.0012289050500839949, 0.0008464592392556369, -0.0014549859333783388, 0.0007252659415826201, 3.2519790693186224e-05, -6.604842201340944e-05], [-5.997140033286996e-05, 0.0003624633827712387, -0.00011189464566996321, 0.00020523798593785614, -0.0015615453012287617, 0.0072015514597296715, -0.00403285026550293, 0.0004094394971616566, -0.0013175273779779673, 0.0003663568350020796, -0.0020866410341113806, -9.47661537793465e-05, 0.0009449525969102979], [-0.00014443615509662777, -0.0004714273673016578, -0.0003226310946047306, -0.0007289292407222092, 0.0010420619510114193, -0.00403285026550293, 0.008174854330718517, -0.00454249233007431, 0.001510444562882185, 0.0008671479881741107, -0.00025724011356942356, -0.0018651788122951984, 0.0013485649833455682], [-0.00010819140152307227, -0.00021713458409067243, -0.0003996987361460924, 0.00025190305314026773, -0.0012289050500839949, 0.0004094394971616566, -0.00454249233007431, 0.01160917617380619, -0.0036246783565729856, 0.00027881396817974746, -0.0014261244796216488, 0.0011623682221397758, -0.0025368023198097944], [0.00016221114492509514, -6.0906233557034284e-05, -0.00046312209451571107, -0.0012016131076961756, 0.0008464592392556369, -0.0013175273779779673, 0.001510444562882185, -0.0036246783565729856, 0.011317008174955845, -0.004816159605979919, -0.0005490270559675992, -0.0006207699771039188, 0.001163829816505313], [2.193967520724982e-05, -0.00015614996664226055, 0.0005557442200370133, -0.000144357472890988, -0.0014549859333783388, 0.0003663568350020796, 0.0008671479881741107, 0.00027881396817974746, -0.004816159605979919, 0.009593870490789413, -0.004015975631773472, 0.000670276116579771, -0.0010443454375490546], [0.0001497980993008241, -0.00014655577251687646, 0.00013782581663690507, 0.0009861527942121029, 0.0007252659415826201, -0.0020866410341113806, -0.00025724011356942356, -0.0014261244796216488, -0.0005490270559675992, -0.004015975631773472, 0.011321310885250568, -0.005326458252966404, 0.0012559029273688793], [-0.0001276930997846648, 3.6149602237856016e-05, -0.0003822279395535588, 0.00028662080876529217, 3.2519790693186224e-05, -9.47661537793465e-05, -0.0018651788122951984, 0.0011623682221397758, -0.0006207699771039188, 0.000670276116579771, -0.005326458252966404, 0.01565456949174404, -0.006891999393701553], [-0.00031467730877920985, -0.0007412672275677323, 7.494548481190577e-05, -0.0014453016920015216, -6.604842201340944e-05, 0.0009449525969102979, 0.0013485649833455682, -0.0025368023198097944, 0.001163829816505313, -0.0010443454375490546, 0.0012559029273688793, -0.006891999393701553, 0.010324629954993725]], "metadata.audio_properties.analysis.downmix": "mix", "metadata.audio_properties.codec": "mp3", "metadata.audio_properties.md5_encoded": "91d3ac8cbadae36134f0948986116e76", "metadata.tags.file_name": "1182274040094789743.mp3", "metadata.version.essentia": "2.1-beta6-dev", "metadata.version.essentia_git_sha": "v2.1_beta5-1110-g77a6a954", "metadata.version.extractor": "music 2.0", "tonal.chords_key": "A", "tonal.chords_scale": "major", "tonal.key_edma.key": "E", "tonal.key_edma.scale": "major", "tonal.key_krumhansl.key": "E", "tonal.key_krumhansl.scale": "major", "tonal.key_temperley.key": "E", "tonal.key_temperley.scale": "major", "metadata.tags.encoding": ["Lavf58.45.100"]}, "essentia_models": [{"model_name": "genre_dortmund", "activations": {"alternative": "0.0056584156", "blues": "0.0011343693", "electronic": "0.061768726", "folkcountry": "0.0021884476", "funksoulrnb": "0.03857849