{"song_id": "1182275982950924348", "download": "https://cdn.discordapp.com/attachments/1128313332273782784/1182275982950924348/chirp.mp4?ex=65841b4f&amp", "lyrics": "You are the dancing queen\nYoung and sweet\nOnly seventeen\nDancing queen\nFeel the beat from the tambourine, oh yeah\nYou can dance\nYou can jive\nHaving the time of your life\nOoh, see that girl\nWatch that scene\nDigging the dancing queen", "style": ["fast femele rnb"], "essentia_features": {"lowlevel.average_loudness": 0.9552788734436035, "lowlevel.barkbands_crest.mean": 13.97878646850586, "lowlevel.barkbands_crest.stdev": 5.864702224731445, "lowlevel.barkbands_flatness_db.mean": 0.2305135577917099, "lowlevel.barkbands_flatness_db.stdev": 0.12036728113889694, "lowlevel.barkbands_kurtosis.mean": 41.418418884277344, "lowlevel.barkbands_kurtosis.stdev": 86.10736846923828, "lowlevel.barkbands_skewness.mean": 3.357928514480591, "lowlevel.barkbands_skewness.stdev": 4.098971843719482, "lowlevel.barkbands_spread.mean": 21.28880500793457, "lowlevel.barkbands_spread.stdev": 23.03952980041504, "lowlevel.dissonance.mean": 0.4560604989528656, "lowlevel.dissonance.stdev": 0.04108933359384537, "lowlevel.dynamic_complexity": 2.521982431411743, "lowlevel.erbbands_crest.mean": 10.603118896484375, "lowlevel.erbbands_crest.stdev": 5.214982509613037, "lowlevel.erbbands_flatness_db.mean": 0.15946190059185028, "lowlevel.erbbands_flatness_db.stdev": 0.07084924727678299, "lowlevel.erbbands_kurtosis.mean": 4.753875255584717, "lowlevel.erbbands_kurtosis.stdev": 17.971508026123047, "lowlevel.erbbands_skewness.mean": 0.3151603043079376, "lowlevel.erbbands_skewness.stdev": 1.8657848834991455, "lowlevel.erbbands_spread.mean": 55.72520065307617, "lowlevel.erbbands_spread.stdev": 35.14262008666992, "lowlevel.hfc.mean": 33.88445281982422, "lowlevel.hfc.stdev": 38.368812561035156, "lowlevel.loudness_ebu128.integrated": -13.735203742980957, "lowlevel.loudness_ebu128.loudness_range": 0.9549436569213867, "lowlevel.loudness_ebu128.momentary.mean": -13.988838195800781, "lowlevel.loudness_ebu128.momentary.stdev": 1.598244309425354, "lowlevel.loudness_ebu128.short_term.mean": -13.680838584899902, "lowlevel.loudness_ebu128.short_term.stdev": 0.4118001461029053, "lowlevel.melbands_crest.mean": 22.723373413085938, "lowlevel.melbands_crest.stdev": 9.80164909362793, "lowlevel.melbands_flatness_db.mean": 0.2790828347206116, "lowlevel.melbands_flatness_db.stdev": 0.14708957076072693, "lowlevel.melbands_kurtosis.mean": 162.2249298095703, "lowlevel.melbands_kurtosis.stdev": 476.36065673828125, "lowlevel.melbands_skewness.mean": 6.546966552734375, "lowlevel.melbands_skewness.stdev": 7.576043128967285, "lowlevel.melbands_spread.mean": 27.47625732421875, "lowlevel.melbands_spread.stdev": 43.50508117675781, "lowlevel.pitch_salience.mean": 0.41833892464637756, "lowlevel.pitch_salience.stdev": 0.22746355831623077, "lowlevel.silence_rate_20dB.mean": 1.0, "lowlevel.silence_rate_20dB.stdev": 0.0, "lowlevel.silence_rate_30dB.mean": 0.7642725706100464, "lowlevel.silence_rate_30dB.stdev": 0.42445382475852966, "lowlevel.silence_rate_60dB.mean": 0.06200122833251953, "lowlevel.silence_rate_60dB.stdev": 0.2411593198776245, "lowlevel.spectral_centroid.mean": 1659.466064453125, "lowlevel.spectral_centroid.stdev": 1522.0804443359375, "lowlevel.spectral_complexity.mean": 10.73173713684082, "lowlevel.spectral_complexity.stdev": 10.765665054321289, "lowlevel.spectral_decrease.mean": -1.800339965996045e-08, "lowlevel.spectral_decrease.stdev": 1.8843532956225317e-08, "lowlevel.spectral_energy.mean": 0.07102235406637192, "lowlevel.spectral_energy.stdev": 0.07085403054952621, "lowlevel.spectral_energyband_high.mean": 0.0026760941836982965, "lowlevel.spectral_energyband_high.stdev": 0.004528063349425793, "lowlevel.spectral_energyband_low.mean": 0.0524701252579689, "lowlevel.spectral_energyband_low.stdev": 0.07233760505914688, "lowlevel.spectral_energyband_middle_high.mean": 0.003020799718797207, "lowlevel.spectral_energyband_middle_high.stdev": 0.00467133242636919, "lowlevel.spectral_energyband_middle_low.mean": 0.013446563854813576, "lowlevel.spectral_energyband_middle_low.stdev": 0.017819298431277275, "lowlevel.spectral_entropy.mean": 7.723111629486084, "lowlevel.spectral_entropy.stdev": 0.6912880539894104, "lowlevel.spectral_flux.mean": 0.1186424046754837, "lowlevel.spectral_flux.stdev": 0.09688649326562881, "lowlevel.spectral_kurtosis.mean": 2.63398814201355, "lowlevel.spectral_kurtosis.stdev": 3.532442092895508, "lowlevel.spectral_rms.mean": 0.0072681596502661705, "lowlevel.spectral_rms.stdev": 0.004057595506310463, "lowlevel.spectral_rolloff.mean": 2343.6025390625, "lowlevel.spectral_rolloff.stdev": 3496.67822265625, "lowlevel.spectral_skewness.mean": 1.2806142568588257, "lowlevel.spectral_skewness.stdev": 0.6734450459480286, "lowlevel.spectral_spread.mean": 6751496.0, "lowlevel.spectral_spread.stdev": 2094268.125, "lowlevel.spectral_strongpeak.mean": 1.0034761428833008, "lowlevel.spectral_strongpeak.stdev": 1.3368563652038574, "lowlevel.zerocrossingrate.mean": 0.08913066238164902, "lowlevel.zerocrossingrate.stdev": 0.0992293655872345, "metadata.audio_properties.analysis.equal_loudness": 0.0, "metadata.audio_properties.analysis.length": 37.80160903930664, "metadata.audio_properties.analysis.sample_rate": 44100.0, "metadata.audio_properties.analysis.start_time": 0.0, "metadata.audio_properties.bit_rate": 126346.0, "metadata.audio_properties.length": 37.80266571044922, "metadata.audio_properties.lossless": 0.0, "metadata.audio_properties.number_channels": 1.0, "metadata.audio_properties.replay_gain": -11.654485702514648, "metadata.audio_properties.sample_rate": 48000.0, "rhythm.beats_count": 69.0, "rhythm.beats_loudness.mean": 0.0990157276391983, "rhythm.beats_loudness.stdev": 0.07599269598722458, "rhythm.bpm": 110.68062591552734, "rhythm.bpm_histogram_first_peak_bpm": 110.0, "rhythm.bpm_histogram_first_peak_weight": 0.4677419662475586, "rhythm.bpm_histogram_second_peak_bpm": 117.0, "rhythm.bpm_histogram_second_peak_spread": 0.5, "rhythm.bpm_histogram_second_peak_weight": 0.04411764815449715, "rhythm.danceability": 1.8964000940322876, "rhythm.onset_rate": 4.125489234924316, "tonal.chords_changes_rate": 0.09815950691699982, "tonal.chords_number_rate": 0.015950920060276985, "tonal.chords_strength.mean": 0.502238929271698, "tonal.chords_strength.stdev": 0.09363944828510284, "tonal.hpcp_crest.mean": 13.392756462097168, "tonal.hpcp_crest.stdev": 7.018111705780029, "tonal.hpcp_entropy.mean": 2.111576795578003, "tonal.hpcp_entropy.stdev": 0.9070695638656616, "tonal.key_edma.strength": 0.6871113181114197, "tonal.key_krumhansl.strength": 0.7056546211242676, "tonal.key_temperley.strength": 0.7142754197120667, "tonal.tuning_diatonic_strength": 0.5471531748771667, "tonal.tuning_equal_tempered_deviation": 0.2526101768016815, "tonal.tuning_frequency": 434.193115234375, "tonal.tuning_nontempered_energy_ratio": 0.9143598079681396, "lowlevel.barkbands.mean": [0.008956480771303177, 0.0398779958486557, 0.0031114649027585983, 0.002621527062729001, 0.004401831887662411, 0.002690065884962678, 0.002403146820142865, 0.0003944484342355281, 0.0007847641245462, 0.000639632751699537, 0.0003697539505083114, 0.0004527262644842267, 0.0002093036164296791, 0.0002021408436121419, 0.0002304897498106584, 0.0001845442457124591, 0.00023360716295428574, 0.0002492668281774968, 0.0002219131274614483, 0.00020434928592294455, 0.00015754828928038478, 0.000313988741254434, 0.0008410661248490214, 0.00062879070173949, 0.0004121704841963947, 0.00022565521067008376, 3.7424372294481145e-06], "lowlevel.barkbands.stdev": [0.013812239281833172, 0.061156872659921646, 0.01456468366086483, 0.008121504448354244, 0.007481240667402744, 0.0059022302739322186, 0.005363630596548319, 0.001303388038650155, 0.0017755316803231835, 0.0020236235577613115, 0.001082128961570561, 0.001508736633695662, 0.0005363564705476165, 0.000490476842969656, 0.0005674476269632578, 0.0004712350491899997, 0.0004977320786565542, 0.0005428398144431412, 0.0004135490453336388, 0.0004086851258762181, 0.00035964278504252434, 0.0005304475198499858, 0.0016222689300775528, 0.0015139867318794131, 0.0007724958704784513, 0.00039988092612475157, 1.1981332136201672e-05], "lowlevel.erbbands.mean": [2.0407984256744385, 5.382297992706299, 4.397570610046387, 6.485856533050537, 14.35688591003418, 14.044941902160645, 9.962597846984863, 27.503496170043945, 39.81230545043945, 15.75973129272461, 11.823259353637695, 20.06543731689453, 14.33561897277832, 22.357784271240234, 17.593353271484375, 16.77577781677246, 10.51030158996582, 10.574880599975586, 12.14362621307373, 9.910797119140625, 11.59312915802002, 13.287109375, 14.036877632141113, 11.480555534362793, 11.549214363098145, 9.426912307739258, 6.761307716369629, 6.385232448577881, 10.29259967803955, 19.419830322265625, 23.84457778930664, 15.398078918457031, 9.362092018127441, 5.032539367675781, 2.7421302795410156, 1.2757149934768677, 0.36397066712379456, 0.03643720969557762, 0.000852627563290298, 0.00011961966811213642], "lowlevel.erbbands.stdev": [3.1870431900024414, 9.533730506896973, 16.02370262145996, 22.830629348754883, 26.507598876953125, 27.895465850830078, 27.878156661987305, 62.0389289855957, 84.51153564453125, 39.37458801269531, 34.857582092285156, 44.4770622253418, 34.800514221191406, 70.44430541992188, 50.235130310058594, 53.611751556396484, 26.111421585083008, 25.18107795715332, 30.794448852539062, 22.28628158569336, 27.19258689880371, 27.8314151763916, 30.5521240234375, 22.53696632385254, 20.854454040527344, 18.79303741455078, 15.725072860717773, 13.864027976989746, 18.18994903564453, 32.500953674316406, 48.37187194824219, 36.48112869262695, 22.403438568115234, 9.927711486816406, 5.13657808303833, 2.300673246383667, 0.6765236258506775, 0.08147194236516953, 0.0017452293541282415, 9.821587445912883e-05], "lowlevel.gfcc.mean": [-20.888545989990234, 34.48257827758789, -81.97884368896484, 38.989356994628906, -68.8576889038086, 16.98375701904297, -44.573482513427734, 13.827685356140137, -23.143468856811523, 1.4641056060791016, -16.011205673217773, 8.683539390563965, -14.150032997131348], "lowlevel.melbands.mean": [0.014464247040450573, 0.0036437837406992912, 0.0013505913084372878, 0.0011321878992021084, 0.0003597888571675867, 0.0005991288926452398, 0.0005824031541123986, 0.0001366387150483206, 0.00010482092329766601, 0.00011997870751656592, 6.991838745307177e-05, 9.226154361385852e-05, 5.432136094896123e-05, 5.610845619230531e-05, 2.8739206754835322e-05, 2.0678620785474777e-05, 1.9379214791115373e-05, 1.9160075680701993e-05, 1.5243674170051236e-05, 1.232640897796955e-05, 1.3743945601163432e-05, 1.358395820716396e-05, 1.4070341421756893e-05, 1.0838238267751876e-05, 9.082922588277142e-06, 8.444526429229882e-06, 8.068428542173933e-06, 5.822162165713962e-06, 4.208717655274086e-06, 3.876504706568085e-06, 3.555648618203122e-06, 5.128370958118467e-06, 7.3395594881731085e-06, 1.2884535863122437e-05, 1.4722515516041312e-05, 1.1243396329518873e-05, 8.791746040515136e-06, 6.990228939685039e-06, 4.905686637357576e-06, 4.013742909592111e-06], "lowlevel.melbands.stdev": [0.021678980439901352, 0.008242969401180744, 0.0038922035600990057, 0.0019651264883577824, 0.0008521898998878896, 0.0012920295121148229, 0.001229440444149077, 0.0003468332579359412, 0.0002801196533255279, 0.00027472415240481496, 0.00018056125554721802, 0.00031148697598837316, 0.00015905691543594003, 0.00019161072850693017, 9.858552948571742e-05, 5.479449828271754e-05, 4.94139785587322e-05, 4.8559541028225794e-05, 3.642005685833283e-05, 3.024518991878722e-05, 3.297426883364096e-05, 2.8840406230301596e-05, 3.27976667904295e-05, 2.3016134946374223e-05, 1.8335260392632335e-05, 1.591938234923873e-05, 1.598955350345932e-05, 1.2622447684407234e-05, 1.0117871170223225e-05, 9.538464837532956e-06, 7.696449756622314e-06, 9.776939805306029e-06, 1.2132643860240933e-05, 2.2727615942130797e-05, 2.971645699290093e-05, 2.576100087026134e-05, 2.169697472709231e-05, 1.7617572666495107e-05, 1.0765347724372987e-05, 7.839952559152152e-06], "lowlevel.melbands128.mean": [0.008267935365438461, 0.020127732306718826, 0.015447800047695637, 0.006921469233930111, 0.002593166660517454, 0.0014405790716409683, 0.0012293591862544417, 0.001367470482364297, 0.0014432051684707403, 0.0014872808242216706, 0.0006806472083553672, 0.00022889472893439233, 0.00027264124946668744, 0.00044845411321148276, 0.0007202425040304661, 0.0005742667708545923, 0.0006470702937804163, 0.0007024934748187661, 0.0003636508190538734, 0.00011022964463336393, 4.993705078959465e-05, 8.334666927112266e-05, 0.00010135272168554366, 0.00013368674262892455, 0.00016889197286218405, 9.461173613090068e-05, 6.552995910169557e-05, 6.538099842146039e-05, 5.7178771385224536e-05, 0.0001373516715830192, 8.628362411400303e-05, 4.8108664486790076e-05, 5.225039058132097e-05, 5.537578908842988e-05, 6.573084829142317e-05, 5.964583397144452e-05, 3.700074375956319e-05, 2.8221842512721196e-05, 2.160266194550786e-05, 2.3432638045051135e-05, 2.0522455088212155e-05, 1.5966081264195964e-05, 2.1213969375821762e-05, 2.0774938093381934e-05, 1.5190512385743205e-05, 2.092391878250055e-05, 2.198113543272484e-05, 1.3475703781296033e-05, 1.428729319741251e-05, 1.2163115570729133e-05, 1.0255266715830658e-05, 1.5060820260259788e-05, 1.3646493243868463e-05, 1.286340193473734e-05, 1.4549463230650872e-05, 1.3541473890654743e-05, 1.2882410374004394e-05, 1.3810863492835779e-05, 1.4560744602931663e-05, 1.4906224350852426e-05, 8.87713031261228e-06, 9.751657671586145e-06, 1.0126716915692668e-05, 8.363824235857464e-06, 8.492191227560397e-06, 8.241151590482332e-06, 8.8090155259124e-06, 8.187264938896988e-06, 8.361709660675842e-06, 7.289911536645377e-06, 5.4586544138146564e-06, 5.565997525991406e-06, 4.593348421622068e-06, 3.810227099165786e-06, 3.823924544121837e-06, 4.296330189390574e-06, 3.700703700815211e-06, 3.3154005905089434e-06, 3.5466960071062203e-06, 3.6925248423358425e-06, 4.320065727370093e-06, 6.074170414649416e-06, 6.457486961153336e-06, 7.354061381192878e-06, 7.886463208706118e-06, 1.0080587344418745e-05, 1.4753460163774434e-05, 1.8428674593451433e-05, 1.3783062968286686e-05, 1.3290325114212465e-05, 1.3127619240549393e-05, 1.0065525202662684e-05, 9.289083209296223e-06, 9.211590622726362e-06, 8.124418855004478e-06, 7.670725608477369e-06, 6.664257853117306e-06, 6.221792773430934e-06, 4.7364028432639316e-06, 4.434603397385217e-06, 4.272449587006122e-06, 3.919409209629521e-06, 3.7557547329925e-06, 3.461479991528904e-06, 3.1474255592911504e-06, 2.688518179638777e-06, 2.624532953632297e-06, 2.3670188511459855e-06, 2.3436368792317808e-06, 2.011764081544243e-06, 1.6297132106046774e-06, 1.2910097666463116e-06, 1.193198954752006e-06, 8.669887279211252e-07, 5.230352257967752e-07, 3.698670809626492e-07, 1.4040999474218552e-07, 3.038110563124974e-08, 2.0667791922335255e-09, 5.359279686700802e-11, 4.2261617816397035e-11, 1.8557112443917667e-11, 1.1239273400853733e-11, 1.0996148436248632e-11, 1.0649810894269862e-11, 1.0203045006096367e-11, 9.946636396473973e-12, 9.863646358021505e-12], "lowlevel.melbands128.stdev": [0.012784067541360855, 0.03174331784248352, 0.02663942240178585, 0.01328241266310215, 0.009105418808758259, 0.006836187094449997, 0.004964159335941076, 0.003971390426158905, 0.00287079531699419, 0.0030315611511468887, 0.001664150389842689, 0.0007550427690148354, 0.0011937376111745834, 0.001527930493466556, 0.00210334244184196, 0.0013867815723642707, 0.001622110023163259, 0.001901873736642301, 0.0011432250030338764, 0.00040732347406446934, 0.0001581279211677611, 0.0003423552552703768, 0.00040804865420795977, 0.0003887107304763049, 0.00043316587107256055, 0.00037366009200923145, 0.00024298836069647223, 0.0002478447277098894, 0.00021510140504688025, 0.0006461368757300079, 0.00030408380553126335, 0.00015894605894573033, 0.0002413539041299373, 0.00021778394875582308, 0.0003326443547848612, 0.0002766137185972184, 0.00014875890337862074, 0.00017405858670827, 7.727966294623911e-05, 7.176009239628911e-05, 8.244404307333753e-05, 5.301122655509971e-05, 6.981698970776051e-05, 6.84076439938508e-05, 4.4822634663432837e-05, 7.086135883582756e-05, 7.911750435596332e-05, 4.600261672749184e-05, 4.005935261375271e-05, 3.3090924262069166e-05, 3.21862826240249e-05, 4.208146856399253e-05, 4.16841430705972e-05, 3.417860352783464e-05, 3.8012170989532024e-05, 3.2083338737720624e-05, 3.178038605256006e-05, 3.8264664908638224e-05, 4.244704541633837e-05, 3.885738624376245e-05, 2.029616189247463e-05, 2.4274566385429353e-05, 2.4563252736697905e-05, 1.8406848539598286e-05, 1.8878130504162982e-05, 1.8110478777089156e-05, 1.73398366314359e-05, 1.7582186046638526e-05, 2.229401252407115e-05, 1.4495329196506646e-05, 1.3563114407588728e-05, 1.5047876331664156e-05, 1.27346720546484e-05, 9.686595149105415e-06, 9.952591426554136e-06, 1.1517292477947194e-05, 9.978251910069957e-06, 9.982227311411407e-06, 7.849648682167754e-06, 8.241267096309457e-06, 9.208190931531135e-06, 1.312703807343496e-05, 1.2344244169071317e-05, 1.2775680261256639e-05, 1.4328315046441276e-05, 1.838897878769785e-05, 2.804462201311253e-05, 3.9097150875022635e-05, 2.923663669207599e-05, 3.1760930141899735e-05, 3.012405795743689e-05, 2.5616869606892578e-05, 2.440675234538503e-05, 2.373693132540211e-05, 2.048439819191117e-05, 2.0755825971718878e-05, 1.7986647435463965e-05, 1.5946876374073327e-05, 1.1049558452214114e-05, 9.988008059735876e-06, 8.92093976290198e-06, 8.385818546230439e-06, 7.89965815783944e-06, 7.488900791940978e-06, 6.7045202740700915e-06, 5.074788987258216e-06, 5.4023353186494205e-06, 4.676420758187305e-06, 4.6425902837654576e-06, 4.036154223285848e-06, 3.10985387841356e-06, 2.5004060262290295e-06, 2.554667844378855e-06, 2.134345322701847e-06, 1.2344788729024003e-06, 1.0483578307685093e-06, 4.1947208728743135e-07, 1.555312252321528e-07, 1.8269053825292758e-08, 1.2762942924737786e-09, 9.5233987362775e-10, 2.0512820608775684e-10, 2.195744974731184e-11, 2.1319645701622925e-11, 1.9378710441886327e-11, 1.732457233227791e-11, 1.6875107214375795e-11, 1.6782238793089377e-11], "lowlevel.mfcc.mean": [-675.3285522460938, 70.7773208618164, 34.36619567871094, 22.4910888671875, 6.4945244789123535, 1.9811086654663086, -6.449665546417236, 10.545317649841309, -8.004670143127441, 2.8702118396759033, -2.600616693496704, -6.366768836975098, 3.2044594287872314], "lowlevel.spectral_contrast_coeffs.mean": [-0.6172657012939453, -0.7059553861618042, -0.777656614780426, -0.8050533533096313, -0.7987465262413025, -0.7774716019630432], "lowlevel.spectral_contrast_coeffs.stdev": [0.13202331960201263, 0.10768891870975494, 0.08216631412506104, 0.06023968383669853, 0.04702862724661827, 0.036257024854421616], "lowlevel.spectral_contrast_valleys.mean": [-7.924872398376465, -7.625217437744141, -8.237560272216797, -8.366978645324707, -7.836662292480469, -9.626004219055176], "lowlevel.spectral_contrast_valleys.stdev": [1.517071008682251, 1.2201660871505737, 1.3850250244140625, 1.3050593137741089, 0.9885790348052979, 1.1315349340438843], "rhythm.beats_loudness_band_ratio.mean": [0.5012175440788269, 0.2008051723241806, 0.08444105833768845, 0.06182663142681122, 0.09348590672016144, 0.11289554089307785], "rhythm.beats_loudness_band_ratio.stdev": [0.3783200979232788, 0.19188271462917328, 0.09098754823207855, 0.08154143393039703, 0.10712100565433502, 0.14817401766777039], "tonal.hpcp.mean": [0.1715388000011444, 0.14145039021968842, 0.08533062040805817, 0.06606119871139526, 0.06475186347961426, 0.05253009870648384, 0.045906420797109604, 0.0472763329744339, 0.04094472900032997, 0.04672582820057869, 0.059723008424043655, 0.06579186022281647, 0.0668390542268753, 0.07328550517559052, 0.10954480618238449, 0.20783507823944092, 0.22686225175857544, 0.11681642383337021, 0.054141610860824585, 0.04672405123710632, 0.0446067713201046, 0.06025244668126106, 0.07705086469650269, 0.08498441427946091, 0.13001912832260132, 0.1431579440832138, 0.08623220026493073, 0.05427674204111099, 0.053583573549985886, 0.06429404020309448, 0.10936868190765381, 0.12763741612434387, 0.0935632735490799, 0.0896962359547615, 0.10128768533468246, 0.13249917328357697], "tonal.hpcp.stdev": [0.3205167055130005, 0.2852160632610321, 0.2156360000371933, 0.18424345552921295, 0.19399048388004303, 0.16882671415805817, 0.1499118059873581, 0.16113606095314026, 0.13769163191318512, 0.15850681066513062, 0.1740686446428299, 0.19870759546756744, 0.19036957621574402, 0.20248714089393616, 0.23016904294490814, 0.3388207256793976, 0.36279308795928955, 0.2079443484544754, 0.1602446436882019, 0.1487322598695755, 0.1378636211156845, 0.16283607482910156, 0.1974164843559265, 0.20807170867919922, 0.2635534107685089, 0.29072433710098267, 0.2042335718870163, 0.16177424788475037, 0.1532611846923828, 0.16201405227184296, 0.2358645796775818, 0.27465417981147766, 0.21395806968212128, 0.22056172788143158, 0.23569518327713013, 0.26243653893470764], "rhythm.beats_position": [0.4992290139198303, 0.9984580278396606, 1.5092970132827759, 2.0201361179351807, 2.5425848960876465, 3.0650339126586914, 3.5758728981018066, 4.109931945800781, 4.643990993499756, 5.189659595489502, 5.735328674316406, 6.269387722015381, 6.826666355133057, 7.360725402832031, 7.894784450531006, 8.44045352935791, 8.986122131347656, 9.531790733337402, 10.077460289001465, 10.611518859863281, 11.168798446655273, 11.70285701751709, 12.248525619506836, 12.782585144042969, 13.328253746032715, 13.88553237915039, 14.419591903686523, 14.96526050567627, 15.510929107666016, 16.056598663330078, 16.60226821899414, 17.13632583618164, 17.670385360717773, 18.216054916381836, 18.761722564697266, 19.307392120361328, 19.85306167602539, 20.38711929321289, 20.932788848876953, 21.466848373413086, 22.012516021728516, 22.569795608520508, 23.10385513305664, 23.64952278137207, 24.195192337036133, 24.740861892700195, 25.286529541015625, 25.820589065551758, 26.37786865234375, 26.91192626953125, 27.445985794067383, 27.991655349731445, 28.537322998046875, 29.082992553710938, 29.628662109375, 30.1627197265625, 30.719999313354492, 31.265668869018555, 31.811336517333984, 32.34539794921875, 32.89106369018555, 33.43673324584961, 33.970794677734375, 34.51646041870117, 35.062129974365234, 35.59619140625, 36.1302490234375, 36.67591857910156, 37.23319625854492], "rhythm.bpm_histogram": [0.0, 0.0, 0.0, 0.0, 0.0, 0.0, 0.0, 0.0, 0.0, 0.0, 0.0, 0.0, 0.0, 0.0, 0.0, 0.0, 0.0, 0.0, 0.0, 0.0, 0.0, 0.0, 0.0, 0.0, 0.0, 0.0, 0.0, 0.0, 0.0, 0.0, 0.0, 0.0, 0.0, 0.0, 0.0, 0.0, 0.0, 0.0, 0.0, 0.0, 0.0, 0.0, 0.0, 0.0, 0.0, 0.0, 0.0, 0.0, 0.0, 0.0, 0.0, 0.0, 0.0, 0.0, 0.0, 0.0, 0.0, 0.0, 0.0, 0.0, 0.0, 0.0, 0.0, 0.0, 0.0, 0.0, 0.0, 0.0, 0.0, 0.0, 0.0, 0.0, 0.0, 0.0, 0.0, 0.0, 0.0, 0.0, 0.0, 0.0, 0.0, 0.0, 0.0, 0.0, 0.0, 0.0, 0.0, 0.0, 0.0, 0.0, 0.0, 0.0, 0.0, 0.0, 0.0, 0.0, 0.0, 0.0, 0.0, 0.0, 0.0, 0.0, 0.0, 0.0, 0.0, 0.0, 0.0, 0.0, 0.10294117778539658, 0.0, 0.4852941036224365, 0.0, 0.3235294222831726, 0.0, 0.0, 0.029411764815449715, 0.0, 0.04411764815449715, 0.0, 0.0, 0.014705882407724857, 0.0, 0.0, 0.0, 0.0, 0.0, 0.0, 0.0, 0.0, 0.0, 0.0, 0.0, 0.0, 0.0, 0.0, 0.0, 0.0, 0.0, 0.0, 0.0, 0.0, 0.0, 0.0, 0.0, 0.0, 0.0, 0.0, 0.0, 0.0, 0.0, 0.0, 0.0, 0.0, 0.0, 0.0, 0.0, 0.0, 0.0, 0.0, 0.0, 0.0, 0.0, 0.0, 0.0, 0.0, 0.0, 0.0, 0.0, 0.0, 0.0, 0.0, 0.0, 0.0, 0.0, 0.0, 0.0, 0.0, 0.0, 0.0, 0.0, 0.0, 0.0, 0.0, 0.0, 0.0, 0.0, 0.0, 0.0, 0.0, 0.0, 0.0, 0.0, 0.0, 0.0, 0.0, 0.0, 0.0, 0.0, 0.0, 0.0, 0.0, 0.0, 0.0, 0.0, 0.0, 0.0, 0.0, 0.0, 0.0, 0.0, 0.0, 0.0, 0.0, 0.0, 0.0, 0.0, 0.0, 0.0, 0.0, 0.0, 0.0, 0.0, 0.0, 0.0, 0.0, 0.0, 0.0, 0.0, 0.0, 0.0, 0.0, 0.0, 0.0, 0.0, 0.0, 0.0, 0.0, 0.0, 0.0, 0.0, 0.0, 0.0, 0.0, 0.0, 0.0, 0.0, 0.0, 0.0, 0.0, 0.0], "tonal.chords_histogram": [49.07975387573242, 10.061349868774414, 0.0, 1.5950920581817627, 2.2085888385772705, 7.361963272094727, 0.0, 2.8220858573913574, 2.0858895778656006, 1.5950920581817627, 1.4723926782608032, 0.24539877474308014, 0.0, 0.0, 0.0, 0.0, 0.0, 1.7177914381027222, 11.901840209960938, 0.0, 0.0, 0.0, 5.889570713043213, 1.9631901979446411], "tonal.thpcp": [1.0, 0.5149222612380981, 0.23865412175655365, 0.2059578001499176, 0.19662491977214813, 0.26559045910835266, 0.33963721990585327, 0.37460801005363464, 0.5731192827224731, 0.6310346722602844, 0.38010817766189575, 0.23924976587295532, 0.23619431257247925, 0.2834056317806244, 0.4820929169654846, 0.5626207590103149, 0.4124232828617096, 0.395377516746521, 0.4464721977710724, 0.5840511918067932, 0.7561363577842712, 0.6235078573226929, 0.37613406777381897, 0.29119521379470825, 0.2854236960411072, 0.23155063390731812, 0.20235371589660645, 0.20839224755764008, 0.18048277497291565, 0.20596563816070557, 0.263256698846817, 0.29000797867774963, 0.2946239709854126, 0.3230396509170532, 0.4828692674636841, 0.916128933429718], "lowlevel.gfcc.cov": [[7577.30859375, 888.94384765625, -1050.37158203125, -670.6168823242188, -572.8380737304688, -268.3780517578125, -653.40234375, -181.5540008544922, -433.9266052246094, -40.28812026977539, -250.93807983398438, 157.3419647216797, -329.93109130859375], [888.94384765625, 4549.0458984375, 283.3170166015625, -272.1728820800781, 1098.25830078125, 351.7164001464844, 752.8416137695312, 38.147403717041016, 318.9852600097656, -25.63507843017578, 322.7635803222656, 26.26789665222168, 143.65611267089844], [-1050.37158203125, 283.3170166015625, 1873.428466796875, 890.375244140625, 717.2288208007812, 525.33056640625, 558.71484375, 413.52899169921875, 507.7181396484375, 250.53407287597656, 225.03445434570312, 86.94705200195312, 211.02569580078125], [-670.6168823242188, -272.1728820800781, 890.375244140625, 1091.928466796875, 604.6834716796875, 283.053466796875, 266.42962646484375, 317.8247375488281, 387.6969909667969, 204.28956604003906, 195.89405822753906, 79.14368438720703, 194.528564453125], [-572.8380737304688, 1098.25830078125, 717.2288208007812, 604.6834716796875, 1158.8275146484375, 644.560302734375, 696.5571899414062, 364.41534423828125, 492.6077575683594, 257.0089111328125, 290.9873962402344, 68.80184936523438, 216.21287536621094], [-268.3780517578125, 351.7164001464844, 525.33056640625, 283.053466796875, 644.560302734375, 712.0352172851562, 587.25732421875, 272.1004638671875, 308.6233825683594, 225.79391479492188, 188.06004333496094, 58.518211364746094, 139.77891540527344], [-653.40234375, 752.8416137695312, 558.71484375, 266.42962646484375, 696.5571899414062, 587.25732421875, 783.8865966796875, 378.3733215332031, 393.1990051269531, 197.80218505859375, 236.4980010986328, 58.755828857421875, 171.89093017578125], [-181.5540008544922, 38.147403717041016, 413.52899169921875, 317.8247375488281, 364.41534423828125, 272.1004638671875, 378.3733215332031, 396.6805114746094, 330.2391357421875, 163.07125854492188, 119.09729766845703, 58.387569427490234, 113.86544799804688], [-433.9266052246094, 318.9852600097656, 507.7181396484375, 387.6969909667969, 492.6077575683594, 308.6233825683594, 393.1990051269531, 330.2391357421875, 484.4114074707031, 214.52249145507812, 182.052001953125, 47.113948822021484, 177.35092163085938], [-40.28812026977539, -25.63507843017578, 250.53407287597656, 204.28956604003906, 257.0089111328125, 225.79391479492188, 197.80218505859375, 163.07125854492188, 214.52249145507812, 232.9790802001953, 149.58148193359375, 64.85174560546875, 77.5320816040039], [-250.93807983398438, 322.7635803222656, 225.03445434570312, 195.89405822753906, 290.9873962402344, 188.06004333496094, 236.4980010986328, 119.09729766845703, 182.052001953125, 149.58148193359375, 250.61593627929688, 112.69091796875, 90.62828826904297], [157.3419647216797, 26.26789665222168, 86.94705200195312, 79.14368438720703, 68.80184936523438, 58.518211364746094, 58.755828857421875, 58.387569427490234, 47.113948822021484, 64.85174560546875, 112.69091796875, 139.71279907226562, 53.84492111206055], [-329.93109130859375, 143.65611267089844, 211.02569580078125, 194.528564453125, 216.21287536621094, 139.77891540527344, 171.89093017578125, 113.86544799804688, 177.35092163085938, 77.5320816040039, 90.62828826904297, 53.84492111206055, 159.78404235839844]], "lowlevel.gfcc.icov": [[0.0002985325700137764, -0.00030287171830423176, 0.00019330256327521056, -0.00022115540923550725, 0.0003378309484105557, -0.0005031396285630763, 0.0005714211147278547, -0.000508495548274368, 0.00010229115287074819, -0.0006045456975698471, 0.0008561168215237558, -0.0009519986342638731, 0.0006483676261268556], [-0.00030287171830423176, 0.000883570231962949, -0.0003387453325558454, 0.0008653780678287148, -0.0012799708638340235, 0.0010996486525982618, -0.0009850519709289074, 0.0011005619307979941, -0.0004710790526587516, 0.0013431311817839742, -0.0013910852139815688, 0.0009200134663842618, -0.0006303864065557718], [0.00019330256327521056, -0.0003387453325558454, 0.00123578030616045, -0.0010955171892419457, 0.0006490426603704691, -0.0007297198171727359, -4.980391531717032e-05, -0.00016899427282623947, -0.00045135783147998154, -0.00048370761214755476, 0.0010890719713643193, -0.0010376496938988566, 0.0008071011980064213], [-0.00022115540923550725, 0.0008653780678287148, -0.0010955171892419457, 0.003275045659393072, -0.002339743310585618, 0.001030131010338664, 0.0009404260781593621, -0.0006246292032301426, -1.8334823835175484e-05, 0.001294354093261063, -0.0023103372659534216, 0.0014912744518369436, -0.0018765546847134829], [0.0003378309484105557, -0.0012799708638340235, 0.0006490426603704691, -0.002339743310585618, 0.004945678636431694, -0.0026892502792179585, -9.962349577108398e-05, -0.0005810538423247635, -0.0005682740011252463, -0.001379466732032597, 0.0010581733658909798, -0.0006231225561350584, 0.000931098242290318], [-0.0005031396285630763, 0.0010996486525982618, -0.0007297198171727359, 0.001030131010338664, -0.0026892502792179585, 0.006659320555627346, -0.00478403689339757, 0.0025894036516547203, 0.00036807265132665634, -0.0015300519298762083, 0.00011753483704524115, 0.000629075919277966, -0.0011480527464300394], [0.0005714211147278547, -0.0009850519709289074, -4.980391531717032e-05, 0.0009404260781593621, -9.962349577108398e-05, -0.00478403689339757, 0.009113575331866741, -0.006233821623027325, 0.0010954135796055198, 0.0011223956244066358, -0.0025605647824704647, 0.0013565387343987823, -0.0008207672508433461], [-0.000508495548274368, 0.0011005619307979941, -0.00016899427282623947, -0.0006246292032301426, -0.0005810538423247635, 0.0025894036516547203, -0.006233821623027325, 0.01141227874904871, -0.0056425123475492, -0.0001749265065882355, 0.002865167334675789, -0.003151126205921173, 0.0018232985166832805], [0.00010229115287074819, -0.0004710790526587516, -0.00045135783147998154, -1.8334823835175484e-05, -0.0005682740011252463, 0.00036807265132665634, 0.0010954135796055198, -0.0056425123475492, 0.010169164277613163, -0.0037697397638112307, -0.0019922738429158926, 0.004222486633807421, -0.005208191927522421], [-0.0006045456975698471, 0.0013431311817839742, -0.00048370761214755476, 0.001294354093261063, -0.001379466732032597, -0.0015300519298762083, 0.0011223956244066358, -0.0001749265065882355, -0.0037697397638112307, 0.013577084057033062, -0.007253387477248907, 0.0018013885710388422, -0.00016730051720514894], [0.0008561168215237558, -0.0013910852139815688, 0.0010890719713643193, -0.0023103372659534216, 0.0010581733658909798, 0.00011753483704524115, -0.0025605647824704647, 0.002865167334675789, -0.0019922738429158926, -0.007253387477248907, 0.01697617582976818, -0.011826535686850548, 0.00365840969607234], [-0.0009519986342638731, 0.0009200134663842618, -0.0010376496938988566, 0.0014912744518369436, -0.0006231225561350584, 0.000629075919277966, 0.0013565387343987823, -0.003151126205921173, 0.004222486633807421, 0.0018013885710388422, -0.011826535686850548, 0.018751852214336395, -0.0073309047147631645], [0.0006483676261268556, -0.0006303864065557718, 0.0008071011980064213, -0.0018765546847134829, 0.000931098242290318, -0.0011480527464300394, -0.0008207672508433461, 0.0018232985166832805, -0.005208191927522421, -0.00016730051720514894, 0.00365840969607234, -0.0073309047147631645, 0.014968047849833965]], "lowlevel.mfcc.cov": [[8430.775390625, 633.9908447265625, -1214.1387939453125, -795.0722045898438, -522.4227294921875, -540.3584594726562, -578.9774169921875, -397.7826843261719, -542.9981079101562, -528.5614013671875, -331.0970458984375, -154.79441833496094, -156.7380828857422], [633.9908447265625, 4148.5283203125, -358.4076843261719, -81.9675521850586, 258.79205322265625, 498.8896179199219, 459.58721923828125, 400.5008850097656, 197.2322235107422, 122.1740951538086, 344.8846435546875, 125.08132934570312, 132.3292999267578], [-1214.1387939453125, -358.4076843261719, 1333.9715576171875, 550.5435791015625, 360.9910583496094, 224.57281494140625, 183.5019073486328, 218.06370544433594, 293.9159240722656, 256.4359436035156, 138.48500061035156, 140.36866760253906, 174.36746215820312], [-795.0722045898438, -81.9675521850586, 550.5435791015625, 849.4654541015625, 515.3847045898438, 186.03585815429688, 158.5288543701172, 207.4558563232422, 256.2267761230469, 215.3605499267578, 148.5653533935547, 163.31809997558594, 163.60340881347656], [-522.4227294921875, 258.79205322265625, 360.9910583496094, 515.3847045898438, 657.0330810546875, 409.4669189453125, 271.05023193359375, 247.6609344482422, 314.2810974121094, 292.0721130371094, 226.479248046875, 175.2625274658203, 159.76231384277344], [-540.3584594726562, 498.8896179199219, 224.57281494140625, 186.03585815429688, 409.4669189453125, 610.0740356445312, 443.39093017578125, 272.6553039550781, 303.16876220703125, 281.4608459472656, 279.2757873535156, 157.257080078125, 133.4160919189453], [-578.9774169921875, 459.58721923828125, 183.5019073486328, 158.5288543701172, 271.05023193359375, 443.39093017578125, 512.0950317382812, 321.6627502441406, 273.2859802246094, 238.74253845214844, 277.1654052734375, 162.63685607910156, 122.71150207519531], [-397.7826843261719, 400.5008850097656, 218.06370544433594, 207.4558563232422, 247.6609344482422, 272.6553039550781, 321.6627502441406, 382.79815673828125, 292.0054626464844, 248.3278045654297, 222.18429565429688, 131.25088500976562, 139.1057891845703], [-542.9981079101562, 197.2322235107422, 293.9159240722656, 256.2267761230469, 314.2810974121094, 303.16876220703125, 273.2859802246094, 292.0054626464844, 440.6105651855469, 343.6014404296875, 227.60455322265625, 143.64288330078125, 126.73320770263672], [-528.5614013671875, 122.1740951538086, 256.4359436035156, 215.3605499267578, 292.0721130371094, 281.4608459472656, 238.74253845214844, 248.3278045654297, 343.6014404296875, 401.809326171875, 261.95965576171875, 126.16868591308594, 116.58829498291016], [-331.0970458984375, 344.8846435546875, 138.48500061035156, 148.5653533935547, 226.479248046875, 279.2757873535156, 277.1654052734375, 222.18429565429688, 227.60455322265625, 261.95965576171875, 335.0660400390625, 173.10398864746094, 106.12883758544922], [-154.79441833496094, 125.08132934570312, 140.36866760253906, 163.31809997558594, 175.2625274658203, 157.257080078125, 162.63685607910156, 131.25088500976562, 143.64288330078125, 126.16868591308594, 173.10398864746094, 201.78964233398438, 128.77178955078125], [-156.7380828857422, 132.3292999267578, 174.36746215820312, 163.60340881347656, 159.76231384277344, 133.4160919189453, 122.71150207519531, 139.1057891845703, 126.73320770263672, 116.58829498291016, 106.12883758544922, 128.77178955078125, 189.4232177734375]], "lowlevel.mfcc.icov": [[0.00015415741654578596, -2.4943774405983277e-05, 8.494035137118772e-05, 0.00011170289508299902, -8.011832687770948e-05, 2.1627585738315247e-05, 0.0001881532371044159, -7.453788566635922e-05, 2.94163419312099e-05, 9.552255505695939e-05, 7.142164122342365e-06, -0.00012712401803582907, -4.0549482946516946e-05], [-2.4943774405983277e-05, 0.0003354497021064162, 0.0001116115745389834, 6.819450209150091e-05, -9.094047709368169e-05, -0.0001893867738544941, 5.591814624494873e-05, -0.00034892582334578037, -6.837154069216922e-05, 0.0004412663110997528, -0.00044971361057832837, 0.00032118469243869185, -0.00017874960030894727], [8.494035137118772e-05, 0.0001116115745389834, 0.0012113924603909254, -0.000592630123719573, 0.0001954162580659613, -0.00028522463981062174, 0.0001685360912233591, -0.00015765307762194425, -0.00022716658713761717, -0.0001233632065122947, 0.00018492557865101844, 2.7788380975835025e-05, -0.0004628614115063101], [0.00011170289508299902, 6.819450209150091e-05, -0.000592630123719573, 0.0032871398143470287, -0.0028702709823846817, 0.0016523884842172265, -0.000343114894349128, -0.00025512930005788803, -0.00025524903321638703, 0.0005533855292014778, -8.824568067211658e-05, -0.000348598143318668, -0.0004655321827158332], [-8.011832687770948e-05, -9.094047709368169e-05, 0.0001954162580659613, -0.0028702709823846817, 0.006027147639542818, -0.0036993965040892363, 0.001643527764827013, -0.0003938806476071477, -0.00011112252104794607, -0.0012543844059109688, 0.0006663057138212025, -0.0011263632914051414, 0.00028194382321089506], [2.1627585738315247e-05, -0.0001893867738544941, -0.00028522463981062174, 0.0016523884842172265, -0.0036993965040892363, 0.007700217422097921, -0.005450543016195297, 0.0023008876014500856, -0.0009760826360434294, -0.00021069614740554243, -0.0008701580227352679, 0.001427598763257265, -0.0011767366668209434], [0.0001881532371044159, 5.591814624494873e-05, 0.0001685360912233591, -0.000343114894349128, 0.001643527764827013, -0.005450543016195297, 0.009475558996200562, -0.004852266050875187, 0.00016561656957492232, 0.0014682949986308813, -0.001737987739033997, -0.0017593499505892396, 0.0012907783966511488], [-7.453788566635922e-05, -0.00034892582334578037, -0.00015765307762194425, -0.00025512930005788803, -0.0003938806476071477, 0.0023008876014500856, -0.004852266050875187, 0.009630123153328896, -0.0033229945693165064, -0.0002948052133433521, -0.0012750544119626284, 0.002303588902577758, -0.0031163974199444056], [2.94163419312099e-05, -6.837154069216922e-05, -0.00022716658713761717, -0.00025524903321638703, -0.00011112252104794607, -0.0009760826360434294, 0.00016561656957492232, -0.0033229945693165064, 0.009646420367062092, -0.006611695978790522, 0.0028701971750706434, -0.002896508201956749, 0.001592380227521062], [9.552255505695939e-05, 0.0004412663110997528, -0.0001233632065122947, 0.0005533855292014778, -0.0012543844059109688, -0.00021069614740554243, 0.0014682949986308813, -0.0002948052133433521, -0.006611695978790522, 0.012210079468786716, -0.007118860259652138, 0.004211100749671459, -0.002087838714942336], [7.142164122342365e-06, -0.00044971361057832837, 0.00018492557865101844, -8.824568067211658e-05, 0.0006663057138212025, -0.0008701580227352679, -0.001737987739033997, -0.0012750544119626284, 0.0028701971750706434, -0.007118860259652138, 0.0126893175765872, -0.0078553082421422, 0.0030311448499560356], [-0.00012712401803582907, 0.00032118469243869185, 2.7788380975835025e-05, -0.000348598143318668, -0.0011263632914051414, 0.001427598763257265, -0.0017593499505892396, 0.002303588902577758, -0.002896508201956749, 0.004211100749671459, -0.0078553082421422, 0.015729408711194992, -0.007607386913150549], [-4.0549482946516946e-05, -0.00017874960030894727, -0.0004628614115063101, -0.0004655321827158332, 0.00028194382321089506, -0.0011767366668209434, 0.0012907783966511488, -0.0031163974199444056, 0.001592380227521062, -0.002087838714942336, 0.0030311448499560356, -0.007607386913150549, 0.011935025453567505]], "metadata.audio_properties.analysis.downmix": "mix", "metadata.audio_properties.codec": "mp3", "metadata.audio_properties.md5_encoded": "157bc4d292c5ea7b5e4a671de2775e7e", "metadata.tags.file_name": "1182275982950924348.mp3", "metadata.version.essentia": "2.1-beta6-dev", "metadata.version.essentia_git_sha": "v2.1_beta5-1110-g77a6a954", "metadata.version.extractor": "music 2.0", "tonal.chords_key": "D", "tonal.chords_scale": "minor", "tonal.key_edma.key": "D", "tonal.key_edma.scale": "minor", "tonal.key_krumhansl.key": "D", "tonal.key_krumhansl.scale": "minor", "tonal.key_temperley.key": "D", "tonal.key_temperley.scale": "minor", "metadata.