{"song_id": "1182274134219161650", "download": "https://cdn.discordapp.com/attachments/1135903449314238464/1182274134219161650/chirp.mp4?ex=65841997&amp", "lyrics": "Wave goodbye to tooth decay,\nSmile bright, hip hip hooray!\n\nOutro:\nGululu, gululu, what a wonderful feat,\nOur teeth are clean, oh so neat!\nTogether we've brushed, and had some fun,\nHealthy teeth for everyone!", "style": ["happy song for kids"], "essentia_features": {"lowlevel.average_loudness": 0.9808428883552551, "lowlevel.barkbands_crest.mean": 9.97989273071289, "lowlevel.barkbands_crest.stdev": 3.272069215774536, "lowlevel.barkbands_flatness_db.mean": 0.1375858038663864, "lowlevel.barkbands_flatness_db.stdev": 0.031886354088783264, "lowlevel.barkbands_kurtosis.mean": 6.946140766143799, "lowlevel.barkbands_kurtosis.stdev": 7.474822044372559, "lowlevel.barkbands_skewness.mean": 2.2075870037078857, "lowlevel.barkbands_skewness.stdev": 1.2283685207366943, "lowlevel.barkbands_spread.mean": 23.00598907470703, "lowlevel.barkbands_spread.stdev": 14.802401542663574, "lowlevel.dissonance.mean": 0.4578256905078888, "lowlevel.dissonance.stdev": 0.02790149115025997, "lowlevel.dynamic_complexity": 1.629335880279541, "lowlevel.erbbands_crest.mean": 9.943853378295898, "lowlevel.erbbands_crest.stdev": 4.678586483001709, "lowlevel.erbbands_flatness_db.mean": 0.13082142174243927, "lowlevel.erbbands_flatness_db.stdev": 0.03712139651179314, "lowlevel.erbbands_kurtosis.mean": 0.442364901304245, "lowlevel.erbbands_kurtosis.stdev": 1.8744384050369263, "lowlevel.erbbands_skewness.mean": 0.5831544995307922, "lowlevel.erbbands_skewness.stdev": 0.7230499982833862, "lowlevel.erbbands_spread.mean": 54.825927734375, "lowlevel.erbbands_spread.stdev": 25.019651412963867, "lowlevel.hfc.mean": 24.973007202148438, "lowlevel.hfc.stdev": 15.07724380493164, "lowlevel.loudness_ebu128.integrated": -11.723426818847656, "lowlevel.loudness_ebu128.loudness_range": 1.192896842956543, "lowlevel.loudness_ebu128.momentary.mean": -11.806318283081055, "lowlevel.loudness_ebu128.momentary.stdev": 0.8622203469276428, "lowlevel.loudness_ebu128.short_term.mean": -11.641837120056152, "lowlevel.loudness_ebu128.short_term.stdev": 0.4058960974216461, "lowlevel.melbands_crest.mean": 14.638849258422852, "lowlevel.melbands_crest.stdev": 4.067972183227539, "lowlevel.melbands_flatness_db.mean": 0.19995053112506866, "lowlevel.melbands_flatness_db.stdev": 0.04095951467752457, "lowlevel.melbands_kurtosis.mean": 25.989145278930664, "lowlevel.melbands_kurtosis.stdev": 25.0575008392334, "lowlevel.melbands_skewness.mean": 3.786348342895508, "lowlevel.melbands_skewness.stdev": 2.017987012863159, "lowlevel.melbands_spread.mean": 18.700008392333984, "lowlevel.melbands_spread.stdev": 14.223464965820312, "lowlevel.pitch_salience.mean": 0.5324471592903137, "lowlevel.pitch_salience.stdev": 0.09755923599004745, "lowlevel.silence_rate_20dB.mean": 1.0, "lowlevel.silence_rate_20dB.stdev": 0.0, "lowlevel.silence_rate_30dB.mean": 1.0, "lowlevel.silence_rate_30dB.stdev": 0.0, "lowlevel.silence_rate_60dB.mean": 0.01089918240904808, "lowlevel.silence_rate_60dB.stdev": 0.10382851213216782, "lowlevel.spectral_centroid.mean": 1130.802490234375, "lowlevel.spectral_centroid.stdev": 594.7608642578125, "lowlevel.spectral_complexity.mean": 16.839237213134766, "lowlevel.spectral_complexity.stdev": 6.85992956161499, "lowlevel.spectral_decrease.mean": -8.286638042420691e-09, "lowlevel.spectral_decrease.stdev": 4.196119007815469e-09, "lowlevel.spectral_energy.mean": 0.03354083374142647, "lowlevel.spectral_energy.stdev": 0.016520531848073006, "lowlevel.spectral_energyband_high.mean": 0.0013870433904230595, "lowlevel.spectral_energyband_high.stdev": 0.001223066239617765, "lowlevel.spectral_energyband_low.mean": 0.010734720155596733, "lowlevel.spectral_energyband_low.stdev": 0.012746782042086124, "lowlevel.spectral_energyband_middle_high.mean": 0.005573037546128035, "lowlevel.spectral_energyband_middle_high.stdev": 0.007026114035397768, "lowlevel.spectral_energyband_middle_low.mean": 0.0187635887414217, "lowlevel.spectral_energyband_middle_low.stdev": 0.011776228435337543, "lowlevel.spectral_entropy.mean": 7.654599666595459, "lowlevel.spectral_entropy.stdev": 0.3388540744781494, "lowlevel.spectral_flux.mean": 0.08070609718561172, "lowlevel.spectral_flux.stdev": 0.05442461743950844, "lowlevel.spectral_kurtosis.mean": 2.6808454990386963, "lowlevel.spectral_kurtosis.stdev": 1.4768142700195312, "lowlevel.spectral_rms.mean": 0.00554370554164052, "lowlevel.spectral_rms.stdev": 0.0014107201714068651, "lowlevel.spectral_rolloff.mean": 1248.3968505859375, "lowlevel.spectral_rolloff.stdev": 1580.0849609375, "lowlevel.spectral_skewness.mean": 1.3961783647537231, "lowlevel.spectral_skewness.stdev": 0.3327316343784332, "lowlevel.spectral_spread.mean": 6359746.0, "lowlevel.spectral_spread.stdev": 1527375.625, "lowlevel.spectral_strongpeak.mean": 1.2271254062652588, "lowlevel.spectral_strongpeak.stdev": 1.3477942943572998, "lowlevel.zerocrossingrate.mean": 0.06734622269868851, "lowlevel.zerocrossingrate.stdev": 0.03170567378401756, "metadata.audio_properties.analysis.equal_loudness": 0.0, "metadata.audio_properties.analysis.length": 17.002653121948242, "metadata.audio_properties.analysis.sample_rate": 44100.0, "metadata.audio_properties.analysis.start_time": 0.0, "metadata.audio_properties.bit_rate": 116056.0, "metadata.audio_properties.length": 17.002666473388672, "metadata.audio_properties.lossless": 0.0, "metadata.audio_properties.number_channels": 1.0, "metadata.audio_properties.replay_gain": -14.537425994873047, "metadata.audio_properties.sample_rate": 48000.0, "rhythm.beats_count": 32.0, "rhythm.beats_loudness.mean": 0.042388368397951126, "rhythm.beats_loudness.stdev": 0.00845426507294178, "rhythm.bpm": 117.27979278564453, "rhythm.bpm_histogram_first_peak_bpm": 117.0, "rhythm.bpm_histogram_first_peak_weight": 0.06666666269302368, "rhythm.bpm_histogram_second_peak_bpm": 112.0, "rhythm.bpm_histogram_second_peak_spread": 0.0, "rhythm.bpm_histogram_second_peak_weight": 0.032258063554763794, "rhythm.danceability": 1.4212369918823242, "rhythm.onset_rate": 4.171507358551025, "tonal.chords_changes_rate": 0.04891304299235344, "tonal.chords_number_rate": 0.019021738320589066, "tonal.chords_strength.mean": 0.5159265398979187, "tonal.chords_strength.stdev": 0.06617451459169388, "tonal.hpcp_crest.mean": 19.195070266723633, "tonal.hpcp_crest.stdev": 9.011812210083008, "tonal.hpcp_entropy.mean": 1.4469642639160156, "tonal.hpcp_entropy.stdev": 0.7896627187728882, "tonal.key_edma.strength": 0.6872594356536865, "tonal.key_krumhansl.strength": 0.6793398857116699, "tonal.key_temperley.strength": 0.6927915215492249, "tonal.tuning_diatonic_strength": 0.5758501291275024, "tonal.tuning_equal_tempered_deviation": 0.06262249499559402, "tonal.tuning_frequency": 438.2245178222656, "tonal.tuning_nontempered_energy_ratio": 0.6540881991386414, "lowlevel.barkbands.mean": [0.000164406155818142, 0.0025267067831009626, 0.005365367978811264, 0.0050901551730930805, 0.005413866136223078, 0.004602372646331787, 0.001315383124165237, 0.0011475012870505452, 0.0007078250637277961, 0.0013035862939432263, 0.0009574458817951381, 0.0009011992369778454, 0.0006918629514984787, 0.00041797131416387856, 0.00040630667353980243, 0.00016346457414329052, 0.00019414974667597562, 0.00034066051011905074, 0.00025320056010968983, 0.0005168594652786851, 0.000219568086322397, 0.0001332232786808163, 0.00016401689208578318, 0.0002212775725638494, 0.0002149052161257714, 0.00010684960579965264, 7.194488489403739e-07], "lowlevel.barkbands.stdev": [0.00025188556173816323, 0.007802843116223812, 0.005764155648648739, 0.003576860995963216, 0.007631780579686165, 0.005633350927382708, 0.003084293333813548, 0.0028678232338279486, 0.0014781333738937974, 0.0028069631662219763, 0.0025731923524290323, 0.0030423083808273077, 0.0020954995416104794, 0.0014401873340830207, 0.0013339841971173882, 0.00027389972819946706, 0.00036133782123215497, 0.0008937251404859126, 0.00036613247357308865, 0.0007177153020165861, 0.00028296580421738327, 0.0001567577855894342, 0.00020717627194244415, 0.0004513282037805766, 0.00022710136545356363, 0.00014259801537264138, 2.4543544441257836e-06], "lowlevel.erbbands.mean": [0.043811049312353134, 0.716783881187439, 4.694364547729492, 13.755868911743164, 17.760499954223633, 13.533353805541992, 37.3887825012207, 32.75749969482422, 27.1954288482666, 16.33964729309082, 22.82351303100586, 19.0189266204834, 31.27248191833496, 38.31155776977539, 45.458038330078125, 44.96235275268555, 34.15782928466797, 25.11370086669922, 21.22057342529297, 14.96916675567627, 10.257941246032715, 11.373043060302734, 18.743680953979492, 13.325000762939453, 13.833806037902832, 23.020736694335938, 16.400562286376953, 6.15865421295166, 5.296051025390625, 4.393763065338135, 4.5563530921936035, 3.6802101135253906, 4.214672088623047, 2.814488649368286, 1.2824981212615967, 0.5602835416793823, 0.18393634259700775, 0.0186814796179533, 0.0003754537901841104, 5.7443550758762285e-05], "lowlevel.erbbands.stdev": [0.13793887197971344, 2.130906820297241, 6.824102878570557, 8.20458984375, 22.938262939453125, 21.72222328186035, 50.93803024291992, 57.64120864868164, 55.490150451660156, 48.324195861816406, 44.6863899230957, 36.672943115234375, 67.70902252197266, 90.0970458984375, 119.64177703857422, 137.19488525390625, 98.4417724609375, 73.60794830322266, 54.05113220214844, 63.69595718383789, 16.668027877807617, 20.75099754333496, 52.228790283203125, 20.148120880126953, 20.239591598510742, 30.641752243041992, 23.55718994140625, 6.336049556732178, 6.214044570922852, 5.859894275665283, 5.625811576843262, 6.629454612731934, 8.789277076721191, 3.6199111938476562, 1.3528650999069214, 0.7224587202072144, 0.25145530700683594, 0.029401736333966255, 0.0005363039090298116, 3.331751941004768e-05], "lowlevel.gfcc.mean": [31.2569522857666, 70.50891876220703, -95.21245574951172, 34.081634521484375, -68.39154815673828, 17.374431610107422, -48.909671783447266, 5.329894542694092, -46.24552917480469, -0.16434606909751892, -23.62433433532715, -5.810777187347412, -13.970538139343262], "lowlevel.melbands.mean": [0.0005456309881992638, 0.0020646194461733103, 0.0024987009819597006, 0.0010783214820548892, 0.0011361424112692475, 0.0007578855729661882, 0.0003845531609840691, 0.00018646250828169286, 0.00017041423416230828, 0.00011859834921779111, 0.00015557624283246696, 0.00015311533934436738, 0.00013384909834712744, 0.0001274273090530187, 8.817065827315673e-05, 5.895079448237084e-05, 4.7265246394090354e-05, 3.2809959520818666e-05, 2.4783828848740086e-05, 1.497552602813812e-05, 1.1943694516958203e-05, 1.093494392989669e-05, 1.9086990505456924e-05, 1.2221424185554497e-05, 1.0609284800011665e-05, 9.228329872712493e-06, 1.1528974937391467e-05, 1.6657881133141927e-05, 1.3254119949124288e-05, 5.014037924411241e-06, 2.8945537451363634e-06, 3.0970329589763423e-06, 2.333480779270758e-06, 2.581660282885423e-06, 2.6244078981108032e-06, 2.3994243747438304e-06, 2.289353915330139e-06, 3.056728246519924e-06, 2.854834292520536e-06, 2.2470467229140922e-06], "lowlevel.melbands.stdev": [0.0016506685642525554, 0.003154865698888898, 0.0012582793133333325, 0.001802894868887961, 0.0014576910762116313, 0.0011918548261746764, 0.0007963686948642135, 0.0005923540447838604, 0.00032709306105971336, 0.0002397679490968585, 0.00034075850271619856, 0.0003967198426835239, 0.00037089467514306307, 0.0003823377483058721, 0.00024138321168720722, 0.0001498799247201532, 0.00016396603314206004, 8.63233653944917e-05, 0.00010046632087323815, 4.1521670937072486e-05, 2.2332442313199863e-05, 2.0594310626620427e-05, 5.829041401739232e-05, 2.5299656044808216e-05, 1.732289638312068e-05, 1.6067217075033113e-05, 1.526636515336577e-05, 2.4008670152397826e-05, 2.1926396584603935e-05, 6.579313321708469e-06, 3.0173409868439194e-06, 3.7702027384511894e-06, 2.917475512731471e-06, 3.6949968489352614e-06, 3.3154385619127424e-06, 3.241812464693794e-06, 4.8214119487965945e-06, 7.064699730108259e-06, 5.124926246935502e-06, 2.5686952085379744e-06], "lowlevel.melbands128.mean": [7.248769543366507e-05, 0.0002532619109842926, 0.0006391028291545808, 0.00129020307213068, 0.0018788202432915568, 0.0029469579458236694, 0.0029161672573536634, 0.0024149648379534483, 0.0018602695781737566, 0.0009635427850298584, 0.0005116455722600222, 0.0010024881921708584, 0.0016538159688934684, 0.0008194415713660419, 0.0007422397611662745, 0.000748275313526392, 0.0005360565264709294, 0.000340649567078799, 0.00016690563643351197, 0.00014800882490817457, 0.00021829742763657123, 0.0002018265804508701, 0.00020714843412861228, 6.773536006221548e-05, 0.00011839183571282774, 0.0001312889507971704, 0.0001312729436904192, 0.00020347781537566334, 8.329135744133964e-05, 0.0002488055906724185, 0.00013260568084660918, 6.72290479997173e-05, 0.00013493788719642907, 0.0002172565000364557, 6.162820500321686e-05, 0.00015422307478729635, 0.00014308009122032672, 3.10527793772053e-05, 0.00012122507905587554, 6.963326450204477e-05, 5.158104613656178e-05, 2.2544263629242778e-05, 4.8474990762770176e-05, 7.17671646270901e-05, 1.4119254046818241e-05, 3.378008113941178e-05, 4.422347046784125e-05, 1.464163597120205e-05, 2.6913938199868426e-05, 1.823463935579639e-05, 1.3387505532591604e-05, 1.0924956768576521e-05, 9.498868166701868e-06, 1.3330528418009635e-05, 1.5759494999656454e-05, 1.0239681614621077e-05, 6.798270533181494e-06, 1.0915164239122532e-05, 3.3972410165006295e-05, 1.769178379618097e-05, 7.1191989263752475e-06, 8.366220754396636e-06, 1.621117007744033e-05, 9.172512363875285e-06, 6.034963917045388e-06, 9.969093298423104e-06, 1.1464429917396046e-05, 6.688173016300425e-06, 1.2653117664740421e-05, 1.691096076683607e-05, 1.2291447092138696e-05, 1.9749439161387272e-05, 2.182765820180066e-05, 1.0293920240656007e-05, 6.213017059053527e-06, 5.3824887800146826e-06, 4.633775915863225e-06, 3.0025228170416085e-06, 2.703535528780776e-06, 2.5253953026549425e-06, 2.9306893338798545e-06, 3.876458322338294e-06, 2.5390022528881673e-06, 2.2180618088896153e-06, 1.9209585389035055e-06, 2.3945385692059062e-06, 2.925006583609502e-06, 2.6769198484544177e-06, 2.5754563921509543e-06, 2.5581903173588216e-06, 2.8040531105943955e-06, 2.4610785658296663e-06, 1.5961625194904627e-06, 1.7600254977878649e-06, 3.072519120905781e-06, 3.4807546853699023e-06, 2.7516341560840374e-06, 2.8226088488736423e-06, 3.2065117920865305e-06, 2.8168333301437087e-06, 2.1408654902188573e-06, 2.537578666306217e-06, 1.7426642671125592e-06, 1.5345711972258869e-06, 1.243917495230562e-06, 1.43771001148707e-06, 1.275420459023735e-06, 1.1591781685638125e-06, 9.862013712336193e-07, 7.292223926924635e-07, 6.563531087522279e-07, 7.001582957855135e-07, 6.103076088948001e-07, 4.889418505626963e-07, 4.169860403635539e-07, 1.6969519833764934e-07, 2.9667878820305305e-08, 5.2590307109134926e-11, 4.427219008062977e-12, 4.2582877328445345e-12, 4.1261252227420275e-12, 4.018953139034442e-12, 3.923789244908438e-12, 3.846644357208273e-12, 3.769561919553244e-12, 3.686508563693902e-12, 3.634868664739721e-12, 3.6105877402464737e-12], "lowlevel.melbands128.stdev": [0.00019914202857762575, 0.0010052190627902746, 0.0021163662895560265, 0.0041677686385810375, 0.004258754663169384, 0.0025776559486985207, 0.002290338510647416, 0.002013119403272867, 0.0028001172468066216, 0.002836711937561631, 0.0010404313215985894, 0.001520512974821031, 0.0026253412943333387, 0.0010427735978737473, 0.0018146586371585727, 0.0018480246653780341, 0.001373878214508295, 0.0009997495217248797, 0.0006127693341113627, 0.0005979393608868122, 0.001023670076392591, 0.00044593281927518547, 0.0004987928550690413, 0.0002294133446412161, 0.0003321413532830775, 0.00034106752718798816, 0.0003940369642805308, 0.0006091489340178668, 0.00021120462042745203, 0.0008260512840934098, 0.00035722885513678193, 0.00025517994072288275, 0.0005205748602747917, 0.0007070489809848368, 0.0004403590864967555, 0.0006491891690529883, 0.0005395576590672135, 8.973528747446835e-05, 0.0005699275061488152, 0.0002189467049902305, 0.00017337720782961696, 8.379208156839013e-05, 0.00019913128926418722, 0.00033192153205163777, 3.960392496082932e-05, 0.00012801834964193404, 0.0001646551681915298, 6.096898505347781e-05, 0.00021876086248084903, 9.342547855339944e-05, 2.6799303668667562e-05, 2.7826099540106952e-05, 2.4089138605631888e-05, 3.733378980541602e-05, 4.4658107071882114e-05, 2.745782876445446e-05, 1.138499010266969e-05, 2.232402221125085e-05, 0.00013813738769385964, 5.828601206303574e-05, 1.727888775349129e-05, 1.7263264453504235e-05, 3.6774592444999143e-05, 1.6319758287863806e-05, 1.080744004866574e-05, 2.087546090479009e-05, 2.7782385586760938e-05, 9.62137073656777e-06, 2.2892814740771428e-05, 3.1446692446479574e-05, 2.147771192539949e-05, 4.4201275159139186e-05, 5.468249582918361e-05, 2.122772639268078e-05, 8.866125426720828e-06, 8.01440910436213e-06, 8.664621418574825e-06, 3.4698962281254353e-06, 3.1554666293232003e-06, 3.0860580864100484e-06, 4.219563379592728e-06, 5.5520663408969995e-06, 3.301065362393274e-06, 3.2324423955287784e-06, 2.6328225430916063e-06, 3.921138159057591e-06, 4.44442866864847e-06, 4.020369487989228e-06, 3.673918399726972e-06, 3.368148099980317e-06, 4.063074356963625e-06, 3.474737695796648e-06, 2.907408088503871e-06, 4.063552751176758e-06, 8.158958735293709e-06, 8.47958835947793e-06, 7.398006346193142e-06, 5.2100303946645e-06, 7.1971949182625394e-06, 4.55621420769603e-06, 3.391428663235274e-06, 2.7548469461180503e-06, 2.0813417904719245e-06, 1.8668324628379196e-06, 1.6902057495826739e-06, 1.8200860267825192e-06, 1.7788347577152308e-06, 1.6264763189610676e-06, 1.4549599427482462e-06, 1.142169708145957e-06, 1.1534050372574711e-06, 1.02244325717038e-06, 8.644416311653913e-07, 7.577106089229346e-07, 7.110749038474751e-07, 3.6674356351795723e-07, 9.162009462215792e-08, 3.5683692112264964e-10, 5.96672711239421e-12, 5.7892041854801235e-12, 5.638652305489655e-12, 5.5043083806161075e-12, 5.39270494578914e-12, 5.2960045203442885e-12, 5.214461674951654e-12, 5.1516425673969746e-12, 5.105515836489882e-12, 5.077013028736976e-12], "lowlevel.mfcc.mean": [-617.4176635742188, 101.94609069824219, 23.61608123779297, 18.907163619995117, 4.998225688934326, 2.070127248764038, 8.344355583190918, -6.853741645812988, -6.380702495574951, -5.707398891448975, -12.271183967590332, -7.443475723266602, -5.3437418937683105], "lowlevel.spectral_contrast_coeffs.mean": [-0.6208774447441101, -0.7007544636726379, -0.7382458448410034, -0.7965523600578308, -0.7977495193481445, -0.7837256789207458], "lowlevel.spectral_contrast_coeffs.stdev": [0.06767621636390686, 0.08204787224531174, 0.07928550243377686, 0.053576577454805374, 0.04663565754890442, 0.027784734964370728], "lowlevel.spectral_contrast_valleys.mean": [-6.599870204925537, -7.023454666137695, -7.427941799163818, -7.633051872253418, -7.315818786621094, -9.525147438049316], "lowlevel.spectral_contrast_valleys.stdev": [0.671950101852417, 0.6317042112350464, 0.5804606080055237, 0.49587950110435486, 0.5797823071479797, 0.6293558478355408], "rhythm.beats_loudness_band_ratio.mean": [0.4166806936264038, 0.33154207468032837, 0.1307791918516159, 0.15373103320598602, 0.04129159823060036, 0.060409680008888245], "rhythm.beats_loudness_band_ratio.stdev": [0.17357458174228668, 0.22876201570034027, 0.11773032695055008, 0.15481743216514587, 0.034340064972639084, 0.02759202942252159], "tonal.hpcp.mean": [0.10646767169237137, 0.07552440464496613, 0.045904237776994705, 0.1418616622686386, 0.12713149189949036, 0.026839369907975197, 0.021307509392499924, 0.029953811317682266, 0.15894237160682678, 0.3037165701389313, 0.17727501690387726, 0.023058194667100906, 0.018434714525938034, 0.017283063381910324, 0.12261027842760086, 0.34583938121795654, 0.24750204384326935, 0.02372540347278118, 0.010965874418616295, 0.010719157755374908, 0.027089741080999374, 0.05724649503827095, 0.04910283163189888, 0.17929713428020477, 0.3509431779384613, 0.1975664645433426, 0.0284515880048275, 0.03266226872801781, 0.03512520715594292, 0.09401988983154297, 0.18198338150978088, 0.14415420591831207, 0.06694234162569046, 0.0387054905295372, 0.026546597480773926, 0.06055286154150963], "tonal.hpcp.stdev": [0.20308373868465424, 0.15864549577236176, 0.13247767090797424, 0.3005892336368561, 0.278195321559906, 0.08574627339839935, 0.08874798566102982, 0.11736678332090378, 0.23435446619987488, 0.4062733054161072, 0.2558633089065552, 0.099867083132267, 0.09917796403169632, 0.0877225399017334, 0.170549213886261, 0.4180876910686493, 0.3147471249103546, 0.074200838804245, 0.04158283770084381, 0.050079695880413055, 0.08528536558151245, 0.1405741274356842, 0.12660518288612366, 0.22550366818904877, 0.41765400767326355, 0.24566088616847992, 0.10442876815795898, 0.12406228482723236, 0.1304318755865097, 0.1766040176153183, 0.2794106900691986, 0.24416959285736084, 0.19942046701908112, 0.13602995872497559, 0.11745519191026688, 0.15215514600276947], "rhythm.beats_position": [0.5340589284896851, 1.0681178569793701, 1.590566873550415, 2.11301589012146, 2.623854875564575, 3.1346938610076904, 3.6455328464508057, 4.156371593475342, 4.667210578918457, 5.178049564361572, 5.6888885498046875, 6.199728012084961, 6.710566997528076, 7.221405982971191, 7.732244968414307, 8.243083953857422, 8.753922462463379, 9.264761924743652, 9.77560043334961, 10.286439895629883, 10.79727840423584, 11.308117866516113, 11.81895637512207, 12.329795837402344, 12.8406343460083, 13.351473808288574, 13.862312316894531, 14.373151779174805, 14.883990287780762, 15.394829750061035, 15.905668258666992, 16.416507720947266], "rhythm.bpm_histogram": [0.0, 0.0, 0.0, 0.0, 0.0, 0.0, 0.0, 0.0, 0.0, 0.0, 0.0, 0.0, 0.0, 0.0, 0.0, 0.0, 0.0, 0.0, 0.0, 0.0, 0.0, 0.0, 0.0, 0.0, 0.0, 0.0, 0.0, 0.0, 0.0, 0.0, 0.0, 0.0, 0.0, 0.0, 0.0, 0.0, 0.0, 0.0, 0.0, 0.0, 0.0, 0.0, 0.0, 0.0, 0.0, 0.0, 0.0, 0.0, 0.0, 0.0, 0.0, 0.0, 0.0, 0.0, 0.0, 0.0, 0.0, 0.0, 0.0, 0.0, 0.0, 0.0, 0.0, 0.0, 0.0, 0.0, 0.0, 0.0, 0.0, 0.0, 0.0, 0.0, 0.0, 0.0, 0.0, 0.0, 0.0, 0.0, 0.0, 0.0, 0.0, 0.0, 0.0, 0.0, 0.0, 0.0, 0.0, 0.0, 0.0, 0.0, 0.0, 0.0, 0.0, 0.0, 0.0, 0.0, 0.0, 0.0, 0.0, 0.0, 0.0, 0.0, 0.0, 0.0, 0.0, 0.0, 0.0, 0.0, 0.0, 0.0, 0.0, 0.0, 0.032258063554763794, 0.0, 0.0, 0.06451612710952759, 0.0, 0.9032257795333862, 0.0, 0.0, 0.0, 0.0, 0.0, 0.0, 0.0, 0.0, 0.0, 0.0, 0.0, 0.0, 0.0, 0.0, 0.0, 0.0, 0.0, 0.0, 0.0, 0.0, 0.0, 0.0, 0.0, 0.0, 0.0, 0.0, 0.0, 0.0, 0.0, 0.0, 0.0, 0.0, 0.0, 0.0, 0.0, 0.0, 0.0, 0.0, 0.0, 0.0, 0.0, 0.0, 0.0, 0.0, 0.0, 0.0, 0.0, 0.0, 0.0, 0.0, 0.0, 0.0, 0.0, 0.0, 0.0, 0.0, 0.0, 0.0, 0.0, 0.0, 0.0, 0.0, 0.0, 0.0, 0.0, 0.0, 0.0, 0.0, 0.0, 0.0, 0.0, 0.0, 0.0, 0.0, 0.0, 0.0, 0.0, 0.0, 0.0, 0.0, 0.0, 0.0, 0.0, 0.0, 0.0, 0.0, 0.0, 0.0, 0.0, 0.0, 0.0, 0.0, 0.0, 0.0, 0.0, 0.0, 0.0, 0.0, 0.0, 0.0, 0.0, 0.0, 0.0, 0.0, 0.0, 0.0, 0.0, 0.0, 0.0, 0.0, 0.0, 0.0, 0.0, 0.0, 0.0, 0.0, 0.0, 0.0, 0.0, 0.0, 0.0, 0.0, 0.0, 0.0, 0.0, 0.0, 0.0, 0.0, 0.0, 0.0, 0.0, 0.0], "tonal.chords_histogram": [22.55434799194336, 0.0, 16.30434799194336, 0.0, 1.35869562625885, 0.0, 0.0, 0.0, 0.0, 0.0, 0.0, 0.0, 0.0, 0.0, 0.0, 0.0, 0.0, 4.34782600402832, 0.0, 0.54347825050354, 0.0, 4.8913044929504395, 23.64130401611328, 26.35869598388672], "tonal.thpcp": [1.0, 0.5629585385322571, 0.08107177913188934, 0.09306996315717697, 0.10008801519870758, 0.2679063081741333, 0.5185551047325134, 0.4107622504234314, 0.19074980914592743, 0.11028990894556046, 0.07564357668161392, 0.1725432127714157, 0.30337581038475037, 0.21520408987998962, 0.1308024823665619, 0.4042297303676605, 0.36225661635398865, 0.07647782564163208, 0.06071498245000839, 0.08535230904817581, 0.45290058851242065, 0.8654294610023499, 0.5051388144493103, 0.06570349633693695, 0.05252905935049057, 0.04924746975302696, 0.34937357902526855, 0.9854569435119629, 0.7052481770515442, 0.0676046833395958, 0.031246865168213844, 0.03054385632276535, 0.07719124853610992, 0.16312183439731598, 0.13991676270961761, 0.5109007358551025], "lowlevel.gfcc.cov": [[2972.265380859375, -95.86001586914062, -55.352779388427734, -140.99728393554688, -8.854155540466309, -97.40423583984375, 73.3485107421875, 109.13130187988281, -106.69758605957031, 126.67864990234375, -35.89375305175781, 66.92727661132812, -17.435894012451172], [-95.86001586914062, 642.0997314453125, -117.04252624511719, -96.48588562011719, -35.937355041503906, -73.19287109375, 14.764728546142578, -9.521101951599121, 33.860809326171875, -28.979101181030273, 65.27848052978516, -106.65060424804688, 97.15625762939453], [-55.352779388427734, -117.04252624511719, 456.3203430175781, 91.69805908203125, 31.245641708374023, 66.26630401611328, -57.58882522583008, 14.192604064941406, 102.95472717285156, -8.22415828704834, -73.5903091430664, 88.76221466064453, -54.8907470703125], [-140.99728393554688, -96.48588562011719, 91.69805908203125, 306.1681213378906, 7.020850658416748, -8.825810432434082, -61.41517639160156, -6.3784685134887695, 65.71990203857422, -48.602542877197266, 8.610438346862793, 15.640769958496094, 0.3747522830963135], [-8.854155540466309, -35.937355041503906, 31.245641708374023, 7.020850658416748, 191.165771484375, 77.82453155517578, 42.982181549072266, 34.757789611816406, -4.2038068771362305, 49.20427703857422, 2.4966049194335938, 32.83753204345703, 1.2948724031448364], [-97.40423583984375, -73.19287109375, 66.26630401611328, -8.825810432434082, 77.82453155517578, 292.8202819824219, 107.81625366210938, -35.46538543701172, -14.406034469604492, 15.778192520141602, 14.842728614807129, -8.131836891174316, -32.31942367553711], [73.3485107421875, 14.764728546142578, -57.58882522583008, -61.41517639160156, 42.982181549072266, 107.81625366210938, 195.08021545410156, 50.35049057006836, -44.548858642578125, 47.96278762817383, 27.808961868286133, -7.736828327178955, -15.670879364013672], [109.13130187988281, -9.521101951599121, 14.192604064941406, -6.3784685134887695, 34.757789611816406, -35.46538543701172, 50.35049057006836, 127.2645263671875, 32.07347106933594, 27.532344818115234, 5.158255577087402, 25.945775985717773, 11.11805248260498], [-106.69758605957031, 33.860809326171875, 102.95472717285156, 65.71990203857422, -4.2038068771362305, -14.406034469604492, -44.548858642578125, 32.07347106933594, 112.28363800048828, 2.462003707885742, -17.49624252319336, 11.32027530670166, 3.1219568252563477], [126.67864990234375, -28.979101181030273, -8.22415828704834, -48.602542877197266, 49.20427703857422, 15.778192520141602, 47.96278762817383, 27.532344818115234, 2.462003707885742, 107.88151550292969, 30.43863296508789, 14.030034065246582, -2.997711420059204], [-35.89375305175781, 65.27848052978516, -73.5903091430664, 8.610438346862793, 2.4966049194335938, 14.842728614807129, 27.808961868286133, 5.158255577087402, -17.49624252319336, 30.43863296508789, 109.32744598388672, -2.552060842514038, 28.786968231201172], [66.92727661132812, -106.65060424804688, 88.76221466064453, 15.640769958496094, 32.83753204345703, -8.131836891174316, -7.736828327178955, 25.945775985717773, 11.32027530670166, 14.030034065246582, -2.552060842514038, 99.24481964111328, -8.09024715423584], [-17.435894012451172, 97.15625762939453, -54.8907470703125, 0.3747522830963135, 1.2948724031448364, -32.31942367553711, -15.670879364013672, 11.11805248260498, 3.1219568252563477, -2.997711420059204, 28.786968231201172, -8.09024715423584, 68.50019073486328]], "lowlevel.gfcc.icov": [[0.0004370460519567132, -0.00030044844606891274, 9.534689888823777e-05, -0.00028079497860744596, 0.0004994157352484763, -0.00028435199055820704, 0.00048352827434428036, -0.0008392599411308765, 0.001187015906907618, -0.0010672896169126034, 0.0007664033910259604, -0.0005359240458346903, 0.00023237419372890145], [-0.00030044844606891274, 0.004784262273460627, -0.001309654675424099, 0.00313332281075418, -0.002485912060365081, 0.003541412763297558, -0.004361338913440704, 0.004344288259744644, -0.006178748328238726, 0.005027721635997295, -0.004587667994201183, 0.005136807449162006, -0.004877474159002304], [9.534689888823777e-05, -0.001309654675424099, 0.004987388849258423, -0.0013360708253458142, 0.0010264789452776313, -0.002800864400342107, 0.002624627435579896, -0.0016857713926583529, -0.0011526497546583414, -0.0016511826543137431, 0.0033014356158673763, -0.004916043486446142, 0.003431019140407443], [-0.00028079497860744596, 0.00313332281075418, -0.0013360708253458142, 0.0067746927961707115, -0.003062891075387597, 0.0029793628491461277, -0.002907528541982174, 0.003916917368769646, -0.0072352164424955845, 0.006620710249990225, -0.0055406722240149975, 0.0032640958670526743, -0.0021271146833896637], [0.0004994157352484763, -0.002485912060365081, 0.0010264789452776313, -0.003062891075387597, 0.009880601428449154, -0.0052327681332826614, 0.004002034664154053, -0.005882693454623222, 0.006509241182357073, -0.007583468221127987, 0.00528991874307394, -0.004802531562745571, 0.00028814555844292045], [-0.00028435199055820704, 0.003541412763297558, -0.002800864400342107, 0.0029793628491461277, -0.0052327681332826614, 0.010179554112255573, -0.008969801478087902, 0.008555018343031406, -0.00691584637388587, 0.006173131987452507, -0.005825161933898926, 0.005246201995760202, -0.0022418193984776735], [0.00048352827434428036, -0.004361338913440704, 0.002624627435579896, -0.002907528541982174, 0.004002034664154053, -0.008969801478087902, 0.016887370496988297, -0.012482751160860062, 0.011420518159866333, -0.008534500375390053, 0.004510609898716211, -0.0038095838390290737, 0.006770152598619461], [-0.0008392599411308765, 0.004344288259744644, -0.0016857713926583529, 0.003916917368769646, -0.005882693454623222, 0.008555018343031406, -0.012482751160860062, 0.020490549504756927, -0.013875759206712246, 0.006952908355742693, -0.005596810020506382, 0.002391891786828637, -0.006210212595760822], [0.001187015906907618, -0.006178748328238726, -0.0011526497546583414, -0.0072352164424955845, 0.006509241182357073, -0.00691584637388587, 0.011420518159866333, -0.013875759206712246, 0.02707815170288086, -0.012450851500034332, 0.00918749812990427, -0.004277353640645742, 0.003515210235491395], [-0.0010672896169126034, 0.005027721635997295, -0.0016511826543137431, 0.006620710249990225, -0.007583468221127987, 0.006173131987452507, -0.008534500375390053, 0.006952908355742693, -0.012450851500034332, 0.022092657163739204, -0.011333631351590157, 0.00493808975443244, -0.0019066235981881618], [0.0007664033910259604, -0.004587667994201183, 0.0033014356158673763, -0.0055406722240149975, 0.00528991874307394, -0.005825161933898926, 0.004510609898716211, -0.005596810020506382, 0.00918749812990427, -0.011333631351590157, 0.01942320726811886, -0.0070023792795836926, -0.0014346049865707755], [-0.0005359240458346903, 0.005136807449162006, -0.004916043486446142, 0.0032640958670526743, -0.004802531562745571, 0.005246201995760202, -0.0038095838390290737, 0.002391891786828637, -0.004277353640645742, 0.00493808975443244, -0.0070023792795836926, 0.020193004980683327, -0.004334372002631426], [0.00023237419372890145, -0.004877474159002304, 0.003431019140407443, -0.0021271146833896637, 0.00028814555844292045, -0.0022418193984776735, 0.006770152598619461, -0.006210212595760822, 0.003515210235491395, -0.0019066235981881618, -0.0014346049865707755, -0.004334372002631426, 0.02567746676504612]], "lowlevel.mfcc.cov": [[2261.849365234375, -64.97451782226562, -211.06781005859375, 41.578369140625, -153.10670471191406, -114.39500427246094, 86.86554718017578, -63.21030807495117, 6.697134494781494, -8.526708602905273, -2.9700722694396973, 30.681705474853516, 58.41299819946289], [-64.97451782226562, 604.5615844726562, -95.54137420654297, -85.68608093261719, -46.74769592285156, -85.63790893554688, 30.835554122924805, -65.98106384277344, 41.123538970947266, 44.43973922729492, -3.7416489124298096, -10.4774808883667, 8.557401657104492], [-211.06781005859375, -95.54137420654297, 391.0546569824219, 32.66484069824219, 84.33069610595703, 74.60933685302734, -130.64842224121094, 76.46078491210938, 2.521012783050537, -4.274234294891357, 26.201513290405273, 3.7316734790802, -20.361440658569336], [41.578369140625, -85.68608093261719, 32.66484069824219, 247.7538604736328, 60.20049285888672, -81.49710845947266, -84.20221710205078, 15.221827507019043, 13.581524848937988, -32.790306091308594, 0.3192368447780609, 27.553546905517578, 10.513389587402344], [-153.10670471191406, -46.74769592285156, 84.33069610595703, 60.20049285888672, 198.36077880859375, 40.60968780517578, -54.741493225097656, 25.801042556762695, 22.843212127685547, -13.609724998474121, 6.711318016052246, 2.343945264816284, -4.1079206466674805], [-114.39500427246094, -85.63790893554688, 74.60933685302734, -81.49710845947266, 40.60968780517578, 250.17373657226562, 77.8741455078125, 45.35223388671875, -11.817499160766602, 31.578596115112305, 30.46352195739746, -19.856985092163086, -7.574603080749512], [86.86554718017578, 30.835554122924805, -130.64842224121094, -84.20221710205078, -54.741493225097656, 77.8741455078125, 246.99813842773438, 13.400031089782715, 0.20535887777805328, 35.258052825927734, 21.365949630737305, 19.76752471923828, 35.71758270263672], [-63.21030807495117, -65.98106384277344, 76.46078491210938, 15.221827507019043, 25.801042556762695, 45.35223388671875, 13.400031089782715, 122.83609771728516, 32.932395935058594, -2.987215518951416, 22.181196212768555, 6.13252067565918, -3.434957265853882], [6.697134494781494, 41.123538970947266, 2.521012783050537, 13.581524848937988, 22.843212127685547, -11.817499160766602, 0.20535887777805328, 32.932395935058594, 92.44754791259766, 34.068641662597656, 11.629541397094727, 2.5143487453460693, 10.3998441696167], [-8.526708602905273, 44.43973922729492, -4.274234294891357, -32.790306091308594, -13.609724998474121, 31.578596115112305, 35.258052825927734, -2.987215518951416, 34.068641662597656, 83.95011138916016, 23.03537940979004, 4.934340476989746, 10.381467819213867], [-2.9700722694396973, -3.7416489124298096, 26.201513290405273, 0.3192368447780609, 6.711318016052246, 30.46352195739746, 21.365949630737305, 22.181196212768555, 11.629541397094727, 23.03537940979004, 73.66566467285156, 19.948619842529297, 10.472454071044922], [30.681705474853516, -10.4774808883667, 3.7316734790802, 27.553546905517578, 2.343945264816284, -19.856985092163086, 19.76752471923828, 6.13252067565918, 2.5143487453460693, 4.934340476989746, 19.948619842529297, 68.84757232666016, 31.10226058959961], [58.41299819946289, 8.557401657104492, -20.361440658569336, 10.513389587402344, -4.1079206466674805, -7.574603080749512, 35.71758270263672, -3.434957265853882, 10.3998441696167, 10.381467819213867, 10.472454071044922, 31.10226058959961, 70.79780578613281]], "lowlevel.mfcc.icov": [[0.0005102287977933884, 0.00014643675240222365, 0.00012977779260836542, -0.0001084854593500495, 0.0003635678149294108, 0.00010663471039151773, -0.00011491834447951987, 0.0002684491337276995, -0.00029042037203907967, 0.0001979197550099343, -0.00012395392695907503, 4.884069767285837e-06, -0.00025190517771989107], [0.00014643675240222365, 0.0022103083319962025, 2.1424326405394822e-05, 0.0008567217155359685, 5.4295392146741506e-06, 0.001086025615222752, -0.0003510350070428103, 0.0011179684661328793, -0.0011599647114053369, -0.0004905452369712293, -0.00035390298580750823, 0.00045050992048345506, -6.443596066674218e-05], [0.00012977779260836542, 2.1424326405394822e-05, 0.004716149996966124, 0.0002581051376182586, -0.000522515969350934, -0.0015981219476088881, 0.0033789011649787426, -0.0027070529758930206, 0.0011477069929242134, -0.0008358853519894183, -0.0006724421982653439, -0.0012756662908941507, -0.00021506899793166667], [-0.0001084854593500495, 0.0008567217155359685, 0.0002581051376182586, 0.006244685035198927, -0.001651280908845365, 0.00193972687702626, 0.0014164330204948783, -0.0007260950515046716, -0.0005252576083876193, 0.0009353635250590742, -0.0005932163912802935, -0.0015835730591788888, -0.0007818153826519847], [0.0003635678149294108, 5.4295392146741506e-06, -0.000522515969350934, -0.001651280908845365, 0.00722914794459939, -0.0023677393328398466, 0.001094033825211227, 0.0008549236808903515, -0.0029663473833352327, 0.0022749321069568396, -6.335695798043162e-05, -0.0007854567957110703, -9.342522389488295e-05], [0.00010663471039151773, 0.001086025615222752, -0.0015981219476088881, 0.00193972687702626, -0.0023677393328398466, 0.008071101270616055, -0.0030840809922665358, -0.0013789196964353323, 0.002541448688134551, -0.002849878743290901, -0.001632183906622231, 0.003413607133552432, 3.460614607320167e-05], [-0.00011491834447951987, -0.0003510350070428103, 0.0033789011649787426, 0.0014164330204948783, 0.001094033825211227, -0.0030840809922665358, 0.008567187935113907, -0.0027356448117643595, 0.001048359670676291, -0.0012978030135855079, -0.00041647200123406947, -0.002541395602747798, -0.0026083174161612988], [0.0002684491337276995, 0.0011179684661328793, -0.0027070529758930206, -0.0007260950515046716, 0.0008549236808903515, -0.0013789196964353323, -0.0027356448117643595, 0.013849137350916862, -0.0072968583554029465, 0.0046936203725636005, -0.0022583920508623123, -0.0006806565797887743, 0.0019435035064816475], [-0.00029042037203907967, -0.0011599647114053369, 0.0011477069929242134, -0.0005252576083876193, -0.0029663473833352327, 0.002541448688134551, 0.001048359670676291, -0.0072968583554029465, 0.01860591024160385, -0.009163749404251575, 0.00029361050110310316, 0.002272103913128376, -0.0024262091610580683], [0.0001979197550099343, -0.0004905452369712293, -0.0008358853519894183, 0.0009353635250590742, 0.0022749321069568396, -0.002849878743290901, -0.0012978030135855079, 0.0046936203725636005, -0.009163749404251575, 0.01960652507841587, -0.00411458732560277, -0.0012495620176196098, -0.0001450690906494856], [-0.00012395392695907503, -0.00035390298580750823, -0.0006724421982653439, -0.0005932163912802935, -6.335695798043162e-05, -0.001632183906622231, -0.00041647200123406947, -0.0022583920508623123, 0.00029361050110310316, -0.00411458732560277, 0.017801420763134956, -0.004731845110654831, -3.2249932701233774e-05], [4.884069767285837e-06, 0.00045050992048345506, -0.0012756662908941507, -0.0015835730591788888, -0.0007854567957110703, 0.003413607133552432, -0.002541395602747798, -0.0006806565797887743, 0.002272103913128376, -0.0012495620176196098, -0.004731845110654831, 0.02196076326072216, -0.007719648070633411], [-0.00025190517771989107, -6.443596066674218e-05, -0.00021506899793166667, -0.0007818153826519847, -9.342522389488295e-05, 3.460614607320167e-05, -0.0026083174161612988, 0.0019435035064816475, -0.0024262091610580683, -0.0001450690906494856, -3.2249932701233774e-05, -0.007719648070633411, 0.019576847553253174]], "metadata.audio_properties.analysis.downmix": "mix", "metadata.audio_properties.codec": "mp3", "metadata.audio_properties.md5_encoded": "4eede282eacf06879db17ffdb534b85e", "metadata.tags.file_name": "1182274134219161650.mp3", "metadata.version.essentia": "2.1-beta6-dev", "metadata.version.essentia_git_sha": "v2.1_beta5-1110-g77a6a954", "metadata.version.extractor": "music 2.0", "tonal.chords_key": "D", "tonal.chords_scale": "minor", "tonal.key_edma.key": "Bb", "tonal.key_edma.scale": "major", "tonal.key_krumhansl.key": "Bb", "tonal.key_krumhansl.scale": "major", "tonal.key_temperley.key": "F", "tonal.key_temperley.scale": "major", "metadata.tags.encoding": ["Lavf58.45.100"]}, "essentia_models": [{"model_name": "genre_dortmund", "activations": {"alternative": "0.07815545", "blues": "0.0040713875", "electronic": "0.021167867", "folkcountry": "0.18977062", "funksoulrnb": "0.004021518", "jazz": "0.007884959", "pop": "0.3203879", "raphiphop": "0.00074450666", "rock": "0.3007083"}}, {"model_name": "genre_rosamerica", "activations": {"classic": "0.0015239514", "dance": "0.0019277908", "hip hop": "0.0016940224", "jazz": "0.0024827914", "pop": "0.713365", "rhythm and blues": "0.014598573", "rock": "0.41328272", "speech": "0.00052999746"}}, {"model_name": "genre_tzanetakis", "activations": {"blues": "0.0004247119", "classic": "2.49851e-05", "country": "0.2642882", "disco": "0.09376604", "hip ho