{"song_id": "1182277822115479563", "download": "https://cdn.discordapp.com/attachments/1128313332273782784/1182277822115479563/chirp.mp4?ex=65841d06&amp", "lyrics": "\u79c1\u3092\u98df\u3079\u308b \u79c1\u3092\u98df\u3079\u308b \u79c1\u3092\u98df\u3079\u308b \u79c1\u3092\u98df\u3079\u308b \u79c1\u3092\u98df\u3079\u308b \u79c1\u3092\u98df\u3079\u308b \u79c1\u3092\u98df\u3079\u308b \u79c1\u3092\u98df\u3079\u308b \u79c1\u3092\u98df\u3079\u308b \u79c1\u3092\u98df\u3079\u308b \u79c1\u3092\u98df\u3079\u308b \u79c1\u3092\u98df\u3079\u308b", "style": ["Joyful positive instrumental"], "essentia_features": {"lowlevel.average_loudness": 0.9776150584220886, "lowlevel.barkbands_crest.mean": 13.080416679382324, "lowlevel.barkbands_crest.stdev": 6.4822821617126465, "lowlevel.barkbands_flatness_db.mean": 0.1393221765756607, "lowlevel.barkbands_flatness_db.stdev": 0.06915861368179321, "lowlevel.barkbands_kurtosis.mean": 6.3186564445495605, "lowlevel.barkbands_kurtosis.stdev": 21.83277702331543, "lowlevel.barkbands_skewness.mean": 1.7068811655044556, "lowlevel.barkbands_skewness.stdev": 2.0307698249816895, "lowlevel.barkbands_spread.mean": 31.480377197265625, "lowlevel.barkbands_spread.stdev": 13.734375953674316, "lowlevel.dissonance.mean": 0.48351362347602844, "lowlevel.dissonance.stdev": 0.012559400871396065, "lowlevel.dynamic_complexity": 0.90900057554245, "lowlevel.erbbands_crest.mean": 9.242169380187988, "lowlevel.erbbands_crest.stdev": 3.486945152282715, "lowlevel.erbbands_flatness_db.mean": 0.14842721819877625, "lowlevel.erbbands_flatness_db.stdev": 0.036229636520147324, "lowlevel.erbbands_kurtosis.mean": 0.8027759194374084, "lowlevel.erbbands_kurtosis.stdev": 1.7185091972351074, "lowlevel.erbbands_skewness.mean": -0.3720141351222992, "lowlevel.erbbands_skewness.stdev": 0.5678762197494507, "lowlevel.erbbands_spread.mean": 38.054691314697266, "lowlevel.erbbands_spread.stdev": 17.128780364990234, "lowlevel.hfc.mean": 39.47338104248047, "lowlevel.hfc.stdev": 16.31980323791504, "lowlevel.loudness_ebu128.integrated": -11.305705070495605, "lowlevel.loudness_ebu128.loudness_range": 1.2336530685424805, "lowlevel.loudness_ebu128.momentary.mean": -11.340425491333008, "lowlevel.loudness_ebu128.momentary.stdev": 0.5456653237342834, "lowlevel.loudness_ebu128.short_term.mean": -11.297054290771484, "lowlevel.loudness_ebu128.short_term.stdev": 0.357260525226593, "lowlevel.melbands_crest.mean": 20.348827362060547, "lowlevel.melbands_crest.stdev": 8.633587837219238, "lowlevel.melbands_flatness_db.mean": 0.20794300734996796, "lowlevel.melbands_flatness_db.stdev": 0.08186332136392593, "lowlevel.melbands_kurtosis.mean": 26.620088577270508, "lowlevel.melbands_kurtosis.stdev": 64.93241119384766, "lowlevel.melbands_skewness.mean": 3.5760133266448975, "lowlevel.melbands_skewness.stdev": 3.2034904956817627, "lowlevel.melbands_spread.mean": 30.58905792236328, "lowlevel.melbands_spread.stdev": 18.80685806274414, "lowlevel.pitch_salience.mean": 0.39021480083465576, "lowlevel.pitch_salience.stdev": 0.14618539810180664, "lowlevel.silence_rate_20dB.mean": 1.0, "lowlevel.silence_rate_20dB.stdev": 0.0, "lowlevel.silence_rate_30dB.mean": 0.9021024703979492, "lowlevel.silence_rate_30dB.stdev": 0.29717546701431274, "lowlevel.silence_rate_60dB.mean": 0.0006570302066393197, "lowlevel.silence_rate_60dB.stdev": 0.025623897090554237, "lowlevel.spectral_centroid.mean": 2081.16650390625, "lowlevel.spectral_centroid.stdev": 481.3191833496094, "lowlevel.spectral_complexity.mean": 26.009855270385742, "lowlevel.spectral_complexity.stdev": 8.63520622253418, "lowlevel.spectral_decrease.mean": -1.457158482764953e-08, "lowlevel.spectral_decrease.stdev": 8.405802276456598e-09, "lowlevel.spectral_energy.mean": 0.05857688561081886, "lowlevel.spectral_energy.stdev": 0.03142586350440979, "lowlevel.spectral_energyband_high.mean": 0.0022574178874492645, "lowlevel.spectral_energyband_high.stdev": 0.001548810862004757, "lowlevel.spectral_energyband_low.mean": 0.03793666139245033, "lowlevel.spectral_energyband_low.stdev": 0.035968177020549774, "lowlevel.spectral_energyband_middle_high.mean": 0.010566631332039833, "lowlevel.spectral_energyband_middle_high.stdev": 0.005602988414466381, "lowlevel.spectral_energyband_middle_low.mean": 0.010032271966338158, "lowlevel.spectral_energyband_middle_low.stdev": 0.011328419670462608, "lowlevel.spectral_entropy.mean": 7.758617877960205, "lowlevel.spectral_entropy.stdev": 0.2356281876564026, "lowlevel.spectral_flux.mean": 0.09719743579626083, "lowlevel.spectral_flux.stdev": 0.06770527362823486, "lowlevel.spectral_kurtosis.mean": 3.4175925254821777, "lowlevel.spectral_kurtosis.stdev": 1.2590280771255493, "lowlevel.spectral_rms.mean": 0.007289721164852381, "lowlevel.spectral_rms.stdev": 0.0020020147785544395, "lowlevel.spectral_rolloff.mean": 1677.1087646484375, "lowlevel.spectral_rolloff.stdev": 1121.4168701171875, "lowlevel.spectral_skewness.mean": 1.242988109588623, "lowlevel.spectral_skewness.stdev": 0.2386808693408966, "lowlevel.spectral_spread.mean": 4630649.5, "lowlevel.spectral_spread.stdev": 878794.625, "lowlevel.spectral_strongpeak.mean": 1.0814975500106812, "lowlevel.spectral_strongpeak.stdev": 1.3142681121826172, "lowlevel.zerocrossingrate.mean": 0.06685763597488403, "lowlevel.zerocrossingrate.stdev": 0.03160366788506508, "metadata.audio_properties.analysis.equal_loudness": 0.0, "metadata.audio_properties.analysis.length": 35.306644439697266, "metadata.audio_properties.analysis.sample_rate": 44100.0, "metadata.audio_properties.analysis.start_time": 0.0, "metadata.audio_properties.bit_rate": 123927.0, "metadata.audio_properties.length": 35.30666732788086, "metadata.audio_properties.lossless": 0.0, "metadata.audio_properties.number_channels": 1.0, "metadata.audio_properties.replay_gain": -13.327281951904297, "metadata.audio_properties.sample_rate": 48000.0, "rhythm.beats_count": 76.0, "rhythm.beats_loudness.mean": 0.09879115223884583, "rhythm.beats_loudness.stdev": 0.03595282882452011, "rhythm.bpm": 129.99427795410156, "rhythm.bpm_histogram_first_peak_bpm": 129.0, "rhythm.bpm_histogram_first_peak_weight": 0.24000000953674316, "rhythm.bpm_histogram_second_peak_bpm": 0.0, "rhythm.bpm_histogram_second_peak_spread": 0.0, "rhythm.bpm_histogram_second_peak_weight": 0.0, "rhythm.danceability": 1.953881025314331, "rhythm.onset_rate": 3.5664587020874023, "tonal.chords_changes_rate": 0.04593176022171974, "tonal.chords_number_rate": 0.006561679765582085, "tonal.chords_strength.mean": 0.5063620209693909, "tonal.chords_strength.stdev": 0.06959924846887589, "tonal.hpcp_crest.mean": 15.10451889038086, "tonal.hpcp_crest.stdev": 7.251905918121338, "tonal.hpcp_entropy.mean": 1.7127115726470947, "tonal.hpcp_entropy.stdev": 0.6603646278381348, "tonal.key_edma.strength": 0.7574167251586914, "tonal.key_krumhansl.strength": 0.7536205649375916, "tonal.key_temperley.strength": 0.7328589558601379, "tonal.tuning_diatonic_strength": 0.4850710928440094, "tonal.tuning_equal_tempered_deviation": 0.031744811683893204, "tonal.tuning_frequency": 440.5086364746094, "tonal.tuning_nontempered_energy_ratio": 0.5841690301895142, "lowlevel.barkbands.mean": [0.0015768063021823764, 0.02951783873140812, 0.004675988107919693, 0.0035910289734601974, 0.0020576261449605227, 0.002974167698994279, 0.0007315197144635022, 0.0002235460269730538, 0.00037465395871549845, 0.00011267150694038719, 0.0003245667612645775, 0.0026511927135288715, 0.00034382566809654236, 0.001280526863411069, 0.0019311795476824045, 0.001167607493698597, 0.001536853495053947, 0.00039309816202148795, 0.0005376784247346222, 0.0008095192606560886, 0.0007041543140076101, 0.00035549275344237685, 0.00021889127674512565, 0.00019656434596981853, 0.00015895016258582473, 0.00011903999256901443, 1.1971864296356216e-05], "lowlevel.barkbands.stdev": [0.0017181672155857086, 0.0348363034427166, 0.010909263975918293, 0.008158811368048191, 0.004706031177192926, 0.0032157471869140863, 0.0013279267586767673, 0.0005972448270767927, 0.0010596815263852477, 0.00022493403230328113, 0.0007406467921100557, 0.0020371517166495323, 0.00036158657167106867, 0.0015611128183081746, 0.0023329665418714285, 0.001918881549499929, 0.0017049668822437525, 0.00031084107467904687, 0.0003809399495366961, 0.0005321918870322406, 0.00046586283133365214, 0.000340069062076509, 0.0002664501662366092, 0.0002748706901911646, 0.0002421009266981855, 0.00017902007675729692, 1.7392379959346727e-05], "lowlevel.erbbands.mean": [1.211408019065857, 5.159388065338135, 5.577215194702148, 10.560720443725586, 8.66611099243164, 6.612226963043213, 9.169927597045898, 26.95713996887207, 20.009960174560547, 4.081583499908447, 6.7531538009643555, 9.59904956817627, 5.224574565887451, 4.029571056365967, 23.324939727783203, 130.12942504882812, 27.928194046020508, 68.0619125366211, 51.713890075683594, 111.30335998535156, 58.425559997558594, 87.24501037597656, 31.8056697845459, 23.71772575378418, 31.668073654174805, 32.96176528930664, 35.137725830078125, 23.650278091430664, 13.999198913574219, 8.992399215698242, 5.680723667144775, 4.329716205596924, 3.0807788372039795, 2.2740652561187744, 0.8572468161582947, 0.4165462255477905, 0.2353883534669876, 0.05666251480579376, 0.001276221009902656, 0.00010297167318640277], "lowlevel.erbbands.stdev": [1.4275689125061035, 7.032966136932373, 11.504034996032715, 21.76611328125, 17.89951515197754, 16.827747344970703, 19.694856643676758, 33.17143630981445, 33.92230224609375, 9.919307708740234, 17.064050674438477, 29.35469627380371, 10.427261352539062, 5.619185447692871, 35.659271240234375, 100.48578643798828, 21.786069869995117, 80.02340698242188, 60.906429290771484, 121.53484344482422, 67.93910217285156, 107.80138397216797, 23.339439392089844, 17.099037170410156, 23.15486717224121, 22.14034652709961, 21.093801498413086, 17.21002960205078, 13.050158500671387, 9.438668251037598, 6.989840984344482, 6.397652626037598, 4.306711673736572, 3.455768346786499, 1.3330949544906616, 0.7381638288497925, 0.342761367559433, 0.07737184315919876, 0.0016299643320962787, 5.288884858600795e-05], "lowlevel.gfcc.mean": [51.627342224121094, 41.55711364746094, -117.00946807861328, 55.771549224853516, -21.66639518737793, 30.211244583129883, -31.12433433532715, 3.6250205039978027, -24.459781646728516, 20.759132385253906, -9.052863121032715, 14.532702445983887, -8.758746147155762], "lowlevel.melbands.mean": [0.009306274354457855, 0.004098689183592796, 0.001701336819678545, 0.0005290291155688465, 0.0002956838288810104, 0.0006139885517768562, 0.00027440363191999495, 3.646246113930829e-05, 5.770057759946212e-05, 6.013060556142591e-05, 2.3466029233532026e-05, 1.218342822539853e-05, 4.45349833171349e-05, 0.0002764123782981187, 0.0001898647751659155, 3.535227369866334e-05, 0.00014616524276789278, 6.0190352087374777e-05, 0.00017418147763237357, 0.00012875509855803102, 4.906128378934227e-05, 9.870206122286618e-05, 5.02755974594038e-05, 1.576325303176418e-05, 1.886596692202147e-05, 2.1008350813644938e-05, 2.3128593966248445e-05, 2.2596643248107284e-05, 2.3545897420262918e-05, 1.9178800357622094e-05, 1.142553173849592e-05, 8.295011866721325e-06, 5.88372995480313e-06, 4.681061000155751e-06, 3.2917071166593814e-06, 2.931665221694857e-06, 2.5474919311818667e-06, 2.1185880996199558e-06, 2.3003722162684426e-06, 1.785483505045704e-06], "lowlevel.melbands.stdev": [0.01082189753651619, 0.005815865006297827, 0.003341489937156439, 0.0011881683021783829, 0.0005900954129174352, 0.0007098107016645372, 0.000468278129119426, 9.305447019869462e-05, 0.00014354246377479285, 0.00019625568529590964, 4.869320400757715e-05, 1.9929619156755507e-05, 0.0001023157819872722, 0.0002094373048748821, 0.00016092447913251817, 4.310392978368327e-05, 0.0001817175798350945, 8.170583168976009e-05, 0.00023932549811434, 0.00018331904720980674, 5.637357753585093e-05, 0.00013014899741392583, 5.691567639587447e-05, 1.2233967026986647e-05, 1.5138093658606522e-05, 1.726966911519412e-05, 1.9328417693031952e-05, 1.6442583728348836e-05, 1.4482513506663963e-05, 1.5018419617263135e-05, 9.701280760054942e-06, 8.480099495500326e-06, 6.091707746236352e-06, 5.412146947492147e-06, 3.963000835938146e-06, 4.505642664298648e-06, 3.8134817259560805e-06, 3.0675894322484965e-06, 3.3433802855142858e-06, 2.8333079171716236e-06], "lowlevel.melbands128.mean": [0.0013374340487644076, 0.010405945591628551, 0.012965630739927292, 0.00688351783901453, 0.002952794311568141, 0.0023407551925629377, 0.002389410976320505, 0.0014429527800530195, 0.000794336199760437, 0.0005352310836315155, 0.00034149462589994073, 0.00017610599752515554, 0.0002900527906604111, 0.00040081152110360563, 0.000599002989474684, 0.0008133354713208973, 0.0005708640674129128, 6.657296034973115e-05, 6.667236448265612e-05, 3.054207991226576e-05, 2.461138501530513e-05, 3.770069088204764e-05, 8.078106475295499e-05, 5.246142245596275e-05, 6.10954812145792e-05, 7.658529648324475e-05, 1.7702626792015508e-05, 3.27425696013961e-05, 8.050448741414584e-06, 6.301848770817742e-06, 1.4895141248416621e-05, 2.1182653654250316e-05, 3.746619404410012e-05, 8.551452629035339e-05, 2.7380456231185235e-05, 0.0004583454574458301, 0.0005251859547570348, 0.00013533425226341933, 2.0657762433984317e-05, 3.5954439226770774e-05, 5.091307684779167e-05, 1.1397584785299841e-05, 0.0001468078698962927, 0.0002761070500127971, 1.529486326035112e-05, 3.8548780139535666e-05, 4.2798004869837314e-05, 0.0002516235108487308, 0.00017977994866669178, 0.0001083682946045883, 0.00016225171566475183, 0.0001204326908919029, 2.14166720979847e-05, 3.776432276936248e-05, 5.278691241983324e-05, 0.00014381528308149427, 8.70639705681242e-05, 7.128122524591163e-05, 3.2700281735742465e-05, 2.3799851987860166e-05, 8.418021934630815e-06, 1.0633206329657696e-05, 2.9927687137387693e-05, 1.602550946699921e-05, 1.2327244803600479e-05, 2.227515506092459e-05, 2.4386323275393806e-05, 2.6834095478989184e-05, 2.3045433408697136e-05, 1.6976764527498744e-05, 1.62479373102542e-05, 3.1117717298911884e-05, 3.147865572827868e-05, 1.7734257198753767e-05, 1.894000160973519e-05, 2.465256693540141e-05, 1.5560075553366914e-05, 1.552454341435805e-05, 1.075659747584723e-05, 6.606679562537465e-06, 1.0667833521438297e-05, 7.486397407774348e-06, 6.5395893216191325e-06, 6.014982773194788e-06, 5.210226845520083e-06, 4.533907485892996e-06, 4.800069746124791e-06, 4.324307155911811e-06, 2.9428101697703823e-06, 2.5502595235593617e-06, 3.509305088300607e-06, 2.674651568668196e-06, 2.8273068437556503e-06, 2.4154423954314552e-06, 2.4320740976691013e-06, 2.701308176256134e-06, 1.8059578223983408e-06, 1.537060256850964e-06, 2.9267393983900547e-06, 2.165277919630171e-06, 2.0532766029646154e-06, 1.877778117886919e-06, 1.3448540130411857e-06, 9.422994367014326e-07, 9.775521903065965e-07, 7.473730079254892e-07, 7.292879899978288e-07, 7.89841067216912e-07, 8.877426012077194e-07, 5.261156275082612e-07, 4.644609248316556e-07, 6.485433345915226e-07, 9.343557394458912e-07, 8.886282216735708e-07, 6.570918458237429e-07, 7.029796620372508e-07, 4.772829242938315e-07, 5.848336925851072e-08, 1.133499284017292e-11, 1.025759685524541e-11, 9.933757809388322e-12, 9.688074127656154e-12, 9.427936729922148e-12, 9.198558581502425e-12, 8.839417912909209e-12, 8.370522157352678e-12, 8.111750854356004e-12, 8.038771905083397e-12], "lowlevel.melbands128.stdev": [0.001671251025982201, 0.012724380940198898, 0.016615452244877815, 0.011051592417061329, 0.0069062369875609875, 0.0053557055070996284, 0.005165854934602976, 0.0033538558054715395, 0.0018249588320031762, 0.0014692309778183699, 0.0010132064344361424, 0.0005390875739976764, 0.0009224378154613078, 0.0006831895443610847, 0.0011264525819569826, 0.0012517357245087624, 0.00111418089363724, 0.00015194059233181179, 0.0003143418289255351, 8.387108391616493e-05, 6.417707481887192e-05, 0.0001316569250775501, 0.00023721506295260042, 0.00013086905528325588, 0.0002316291502211243, 0.00032861364888958633, 4.2525884055066854e-05, 8.132916264003143e-05, 1.503139083069982e-05, 1.66839781741146e-05, 3.423513044253923e-05, 4.1218914702767506e-05, 0.00010228485916741192, 0.00023453104950021952, 3.5509718145476654e-05, 0.0003831908688880503, 0.00042351457523182034, 0.0002599902800284326, 2.8284981453907676e-05, 5.1786140829790384e-05, 7.177735096774995e-05, 1.7383268641424365e-05, 0.00018284360703546554, 0.00036605633795261383, 2.89606014121091e-05, 0.00015609606634825468, 8.941162377595901e-05, 0.0004654248768929392, 0.00023673026589676738, 0.00018235330935567617, 0.0003166331152897328, 0.00022761014406569302, 3.4194355976069346e-05, 5.893270645174198e-05, 8.062255074037239e-05, 0.00026123554562218487, 0.00012742006219923496, 0.00015075980627443641, 3.366433520568535e-05, 2.840391061909031e-05, 1.1659141819109209e-05, 1.1809297575382516e-05, 3.223188468837179e-05, 1.6338839486707002e-05, 1.2404853805492166e-05, 2.1977341020829044e-05, 2.685558320081327e-05, 2.8946593374712393e-05, 2.426608989480883e-05, 2.0454896002775058e-05, 2.0084207790205255e-05, 3.2775671570561826e-05, 2.7904710805159993e-05, 1.576670547365211e-05, 1.7283229681197554e-05, 2.8686114092124626e-05, 1.764166336215567e-05, 1.6677979147061706e-05, 1.0591616955935024e-05, 8.003006769286003e-06, 1.3027303793933243e-05, 8.590277502662502e-06, 7.453385933331447e-06, 7.719940185779706e-06, 6.273521194088971e-06, 5.654375399899436e-06, 6.885606126161292e-06, 5.535477612284012e-06, 3.939965154131642e-06, 3.6428325529413996e-06, 5.505872195499251e-06, 4.914665623800829e-06, 4.776422429131344e-06, 4.047850779897999e-06, 4.052018994116224e-06, 4.0496151996194385e-06, 3.2012219435273437e-06, 2.6110344606422586e-06, 4.0543454815633595e-06, 3.816101980191888e-06, 3.879638825310394e-06, 3.077409928664565e-06, 2.291773171236855e-06, 1.8417199498799164e-06, 1.6550461623410229e-06, 1.4050772279006196e-06, 1.4239155916584423e-06, 1.6508051885466557e-06, 1.8244816146761877e-06, 1.1671011179714696e-06, 1.0641506378306076e-06, 1.1736590295186033e-06, 1.4611509868700523e-06, 1.217652879859088e-06, 1.021225898512057e-06, 1.085708504433569e-06, 6.756323500667349e-07, 9.968219671918632e-08, 2.250824873706314e-11, 2.151377860581949e-11, 2.0677803219681934e-11, 1.9938889081472233e-11, 1.9160159570041913e-11, 1.7898540288774356e-11, 1.4777918472264062e-11, 1.1419075754415253e-11, 1.066982700109742e-11, 1.0588109382314581e-11], "lowlevel.mfcc.mean": [-595.1702270507812, 72.56473541259766, -15.45544147491455, 38.75444412231445, 27.448196411132812, 33.70174026489258, 14.16749382019043, -1.498645305633545, 3.46065354347229, -2.003080129623413, -0.14542418718338013, 13.824728012084961, 12.88558292388916], "lowlevel.spectral_contrast_coeffs.mean": [-0.6845113039016724, -0.720706582069397, -0.6858125329017639, -0.7284327745437622, -0.7657914161682129, -0.7043006420135498], "lowlevel.spectral_contrast_coeffs.stdev": [0.07919918745756149, 0.10378488898277283, 0.056215956807136536, 0.05249064415693283, 0.032242849469184875, 0.035033997148275375], "lowlevel.spectral_contrast_valleys.mean": [-6.8585638999938965, -7.51986026763916, -7.705713748931885, -7.254084587097168, -6.786520481109619, -9.772887229919434], "lowlevel.spectral_contrast_valleys.stdev": [0.8037077188491821, 0.7419350743293762, 0.5889212489128113, 0.4725525975227356, 0.4543359875679016, 0.6163547039031982], "rhythm.beats_loudness_band_ratio.mean": [0.7922651767730713, 0.05767295882105827, 0.02132514677941799, 0.05624290555715561, 0.05361677333712578, 0.04068584367632866], "rhythm.beats_loudness_band_ratio.stdev": [0.21815244853496552, 0.08990219235420227, 0.046886805444955826, 0.06147897243499756, 0.05184765160083771, 0.04957995563745499], "tonal.hpcp.mean": [0.046640802174806595, 0.042573414742946625, 0.10200195759534836, 0.1817384511232376, 0.11461789906024933, 0.050990648567676544, 0.057209230959415436, 0.03631008043885231, 0.09612102806568146, 0.15861625969409943, 0.09788738191127777, 0.038081228733062744, 0.0326264388859272, 0.022486284375190735, 0.10484569519758224, 0.19360658526420593, 0.11684321612119675, 0.11602268368005753, 0.16774991154670715, 0.08319991081953049, 0.03370850905776024, 0.030990641564130783, 0.019429394975304604, 0.06638804078102112, 0.11296787112951279, 0.06183436140418053, 0.01358045730739832, 0.021921949461102486, 0.05152769759297371, 0.2284146398305893, 0.37773197889328003, 0.2728129029273987, 0.17065489292144775, 0.11958719789981842, 0.07187558710575104, 0.06244470551609993], "tonal.hpcp.stdev": [0.15650568902492523, 0.16274070739746094, 0.19125020503997803, 0.3148333430290222, 0.20651333034038544, 0.14002487063407898, 0.14760597050189972, 0.13059039413928986, 0.1994853913784027, 0.2913370430469513, 0.19331438839435577, 0.14883917570114136, 0.14496548473834991, 0.10741396993398666, 0.15490195155143738, 0.24139924347400665, 0.16082538664340973, 0.23298992216587067, 0.30571916699409485, 0.16444902122020721, 0.09501811861991882, 0.08839904516935349, 0.07077950239181519, 0.13608701527118683, 0.22991761565208435, 0.1367059201002121, 0.06943821907043457, 0.0961391031742096, 0.15433558821678162, 0.2969587445259094, 0.4055722653865814, 0.3040130138397217, 0.33233770728111267, 0.26929423213005066, 0.21067117154598236, 0.2003541886806488], "rhythm.beats_position": [0.4876190423965454, 0.952018141746521, 1.4164172410964966, 1.8808163404464722, 2.345215320587158, 2.809614419937134, 3.2740135192871094, 3.738412618637085, 4.2028117179870605, 4.6556010246276855, 5.108389854431152, 5.572789192199707, 6.0371880531311035, 6.501587390899658, 6.965986251831055, 7.41877555847168, 7.8715643882751465, 8.335963249206543, 8.800362586975098, 9.264761924743652, 9.729161262512207, 10.193559646606445, 10.657958984375, 11.110748291015625, 11.57514762878418, 12.027935981750488, 12.492335319519043, 12.956734657287598, 13.421133995056152, 13.88553237915039, 14.349931716918945, 14.80272102355957, 15.267120361328125, 15.731518745422363, 16.1959171295166, 16.648706436157227, 17.11310577392578, 17.577505111694336, 18.04190444946289, 18.494693756103516, 18.95909309387207, 19.411882400512695, 19.87628173828125, 20.340679168701172, 20.805078506469727, 21.26947784423828, 21.733877182006836, 22.19827651977539, 22.651065826416016, 23.10385513305664, 23.568254470825195, 24.032651901245117, 24.497051239013672, 24.961450576782227, 25.42584991455078, 25.890249252319336, 26.35464859008789, 26.807437896728516, 27.26022720336914, 27.724624633789062, 28.189023971557617, 28.653423309326172, 29.117822647094727, 29.57061195373535, 30.023401260375977, 30.48780059814453, 30.952198028564453, 31.416597366333008, 31.880996704101562, 32.34539794921875, 32.80979537963867, 33.274192810058594, 33.73859405517578, 34.191383361816406, 34.64417266845703, 35.10857009887695], "rhythm.bpm_histogram": [0.0, 0.0, 0.0, 0.0, 0.0, 0.0, 0.0, 0.0, 0.0, 0.0, 0.0, 0.0, 0.0, 0.0, 0.0, 0.0, 0.0, 0.0, 0.0, 0.0, 0.0, 0.0, 0.0, 0.0, 0.0, 0.0, 0.0, 0.0, 0.0, 0.0, 0.0, 0.0, 0.0, 0.0, 0.0, 0.0, 0.0, 0.0, 0.0, 0.0, 0.0, 0.0, 0.0, 0.0, 0.0, 0.0, 0.0, 0.0, 0.0, 0.0, 0.0, 0.0, 0.0, 0.0, 0.0, 0.0, 0.0, 0.0, 0.0, 0.0, 0.0, 0.0, 0.0, 0.0, 0.0, 0.0, 0.0, 0.0, 0.0, 0.0, 0.0, 0.0, 0.0, 0.0, 0.0, 0.0, 0.0, 0.0, 0.0, 0.0, 0.0, 0.0, 0.0, 0.0, 0.0, 0.0, 0.0, 0.0, 0.0, 0.0, 0.0, 0.0, 0.0, 0.0, 0.0, 0.0, 0.0, 0.0, 0.0, 0.0, 0.0, 0.0, 0.0, 0.0, 0.0, 0.0, 0.0, 0.0, 0.0, 0.0, 0.0, 0.0, 0.0, 0.0, 0.0, 0.0, 0.0, 0.0, 0.0, 0.0, 0.0, 0.0, 0.0, 0.0, 0.0, 0.0, 0.0, 0.0, 0.0, 0.7599999904632568, 0.0, 0.0, 0.0, 0.23999999463558197, 0.0, 0.0, 0.0, 0.0, 0.0, 0.0, 0.0, 0.0, 0.0, 0.0, 0.0, 0.0, 0.0, 0.0, 0.0, 0.0, 0.0, 0.0, 0.0, 0.0, 0.0, 0.0, 0.0, 0.0, 0.0, 0.0, 0.0, 0.0, 0.0, 0.0, 0.0, 0.0, 0.0, 0.0, 0.0, 0.0, 0.0, 0.0, 0.0, 0.0, 0.0, 0.0, 0.0, 0.0, 0.0, 0.0, 0.0, 0.0, 0.0, 0.0, 0.0, 0.0, 0.0, 0.0, 0.0, 0.0, 0.0, 0.0, 0.0, 0.0, 0.0, 0.0, 0.0, 0.0, 0.0, 0.0, 0.0, 0.0, 0.0, 0.0, 0.0, 0.0, 0.0, 0.0, 0.0, 0.0, 0.0, 0.0, 0.0, 0.0, 0.0, 0.0, 0.0, 0.0, 0.0, 0.0, 0.0, 0.0, 0.0, 0.0, 0.0, 0.0, 0.0, 0.0, 0.0, 0.0, 0.0, 0.0, 0.0, 0.0, 0.0, 0.0, 0.0, 0.0, 0.0, 0.0, 0.0, 0.0, 0.0, 0.0, 0.0, 0.0, 0.0, 0.0, 0.0, 0.0], "tonal.chords_histogram": [17.454069137573242, 9.842519760131836, 49.606300354003906, 13.910760879516602, 0.0, 0.0, 0.0, 0.0, 0.0, 8.661417007446289, 0.0, 0.0, 0.0, 0.0, 0.0, 0.0, 0.5249344110488892, 0.0, 0.0, 0.0, 0.0, 0.0, 0.0, 0.0], "tonal.thpcp": [1.0, 0.7222393751144409, 0.4517883062362671, 0.3165927231311798, 0.1902819722890854, 0.16531485319137573, 0.12347591668367386, 0.11270799487829208, 0.2700379192829132, 0.4811306893825531, 0.30343711376190186, 0.1349916160106659, 0.15145456790924072, 0.09612657129764557, 0.2544688582420349, 0.4199174642562866, 0.2591450810432434, 0.10081547498703003, 0.08637457340955734, 0.059529732912778854, 0.2775663733482361, 0.5125501751899719, 0.3093283772468567, 0.30715611577033997, 0.44409772753715515, 0.22026176750659943, 0.0892392247915268, 0.08204399794340134, 0.05143698677420616, 0.1757543534040451, 0.2990688681602478, 0.16369903087615967, 0.035952627658843994, 0.058035723865032196, 0.13641338050365448, 0.6047002673149109], "lowlevel.gfcc.cov": [[1521.85498046875, 359.5538635253906, 143.6796417236328, -179.42320251464844, -599.39013671875, -355.9548034667969, -417.38238525390625, -162.4755859375, -216.57232666015625, -138.9657440185547, -32.18478012084961, -46.61751174926758, -101.18630981445312], [359.5538635253906, 904.5061645507812, 272.736328125, 15.591449737548828, -299.62225341796875, -326.8188781738281, -149.00538635253906, -165.60105895996094, -135.8731689453125, -143.7509307861328, -31.50135612487793, -106.57717895507812, -97.16361236572266], [143.6796417236328, 272.736328125, 408.64007568359375, 85.9299545288086, -136.02096557617188, -130.54966735839844, -69.08948516845703, -11.70040225982666, -64.7212905883789, -67.76605987548828, -0.6071860194206238, 5.261153697967529, -27.679866790771484], [-179.42320251464844, 15.591449737548828, 85.9299545288086, 308.9715576171875, 248.9374542236328, 131.5431365966797, 92.21765899658203, -29.537860870361328, -2.8981926441192627, -31.68065643310547, 7.7460432052612305, -8.132040977478027, -7.528964996337891], [-599.39013671875, -299.62225341796875, -136.02096557617188, 248.9374542236328, 573.23046875, 377.4847106933594, 293.5915222167969, 102.52442932128906, 145.6191864013672, 99.35480499267578, 38.33255386352539, 36.85134506225586, 57.84050750732422], [-355.9548034667969, -326.8188781738281, -130.54966735839844, 131.5431365966797, 377.4847106933594, 396.3787841796875, 272.5545349121094, 148.52008056640625, 168.76412963867188, 95.47727966308594, 32.887996673583984, 14.49398422241211, 43.795188903808594], [-417.38238525390625, -149.00538635253906, -69.08948516845703, 92.21765899658203, 293.5915222167969, 272.5545349121094, 307.2090148925781, 175.5076446533203, 171.2711181640625, 72.90851593017578, 9.313909530639648, -1.6918054819107056, 41.767555236816406], [-162.4755859375, -165.60105895996094, -11.70040225982666, -29.537860870361328, 102.52442932128906, 148.52008056640625, 175.5076446533203, 230.68589782714844, 155.08792114257812, 68.96358489990234, 11.228574752807617, 31.33934211730957, 64.67744445800781], [-216.57232666015625, -135.8731689453125, -64.7212905883789, -2.8981926441192627, 145.6191864013672, 168.76412963867188, 171.2711181640625, 155.08792114257812, 203.08389282226562, 118.3919906616211, 46.89458465576172, 27.014551162719727, 52.19334030151367], [-138.9657440185547, -143.7509307861328, -67.76605987548828, -31.68065643310547, 99.35480499267578, 95.47727966308594, 72.90851593017578, 68.96358489990234, 118.3919906616211, 156.3500213623047, 96.18435668945312, 61.64447784423828, 49.84971237182617], [-32.18478012084961, -31.50135612487793, -0.6071860194206238, 7.7460432052612305, 38.33255386352539, 32.887996673583984, 9.313909530639648, 11.228574752807617, 46.89458465576172, 96.18435668945312, 131.17686462402344, 78.37406158447266, 33.54859161376953], [-46.61751174926758, -106.57717895507812, 5.261153697967529, -8.132040977478027, 36.85134506225586, 14.49398422241211, -1.6918054819107056, 31.33934211730957, 27.014551162719727, 61.64447784423828, 78.37406158447266, 106.97798156738281, 61.97175979614258], [-101.18630981445312, -97.16361236572266, -27.679866790771484, -7.528964996337891, 57.84050750732422, 43.795188903808594, 41.767555236816406, 64.67744445800781, 52.19334030151367, 49.84971237182617, 33.54859161376953, 61.97175979614258, 88.87043762207031]], "lowlevel.gfcc.icov": [[0.0016158452490344644, -0.0006870070355944335, 0.0005794255412183702, -0.0008721929625608027, 0.0019005958456546068, -0.0019976510666310787, 0.0026670123916119337, -0.0015320725506171584, 0.0006664633401669562, -0.0005454838392324746, 0.0005875565111637115, -0.0009067967184819281, 0.0011293342104181647], [-0.0006870070355944335, 0.0034554828889667988, -0.0017383609665557742, 0.0008073725621215999, -0.001082981238141656, 0.004145375918596983, -0.0033650475088506937, 0.0028162524104118347, -0.0020490295719355345, 0.0032690076623111963, -0.004378433804959059, 0.0051290495321154594, -0.001837419462390244], [0.0005794255412183702, -0.0017383609665557742, 0.005516937468200922, -0.004403365775942802, 0.0030223948415368795, -0.0006833794759586453, 0.0015196758322417736, -0.0043117329478263855, 0.0019910954870283604, -0.001981989247724414, 0.002227045362815261, -0.004594959784299135, 0.0032036928460001945], [-0.0008721929625608027, 0.0008073725621215999, -0.004403365775942802, 0.01154161524027586, -0.007477874867618084, 0.0006054415134713054, -0.0013479890767484903, 0.005006677936762571, -0.0025530161801725626, 0.007840549573302269, -0.005882443394511938, 0.004600914660841227, -0.0028319992125034332], [0.0019005958456546068, -0.001082981238141656, 0.0030223948415368795, -0.007477874867618084, 0.012632276862859726, -0.006741189863532782, -0.001588117447681725, -0.0003130912664346397, 0.0031824109610170126, -0.006535899825394154, 0.006079572718590498, -0.006735191214829683, 0.001561210723593831], [-0.0019976510666310787, 0.004145375918596983, -0.0006833794759586453, 0.0006054415134713054, -0.006741189863532782, 0.01656613126397133, -0.00856797769665718, 0.001574345980770886, -0.003888599341735244, 0.003977849613875151, -0.006718107499182224, 0.007107473909854889, -0.0011667797807604074], [0.0026670123916119337, -0.0033650475088506937, 0.0015196758322417736, -0.0013479890767484903, -0.001588117447681725, -0.00856797769665718, 0.02201942540705204, -0.010415703058242798, -0.002375346841290593, -0.0001425755035597831, 0.0018049865029752254, 0.0006090947426855564, 0.002572968602180481], [-0.0015320725506171584, 0.0028162524104118347, -0.0043117329478263855, 0.005006677936762571, -0.0003130912664346397, 0.001574345980770886, -0.010415703058242798, 0.019534653052687645, -0.009577279910445213, 0.005234626121819019, 3.614312663557939e-05, 9.124615462496877e-05, -0.00686656404286623], [0.0006664633401669562, -0.0020490295719355345, 0.0019910954870283604, -0.0025530161801725626, 0.0031824109610170126, -0.003888599341735244, -0.002375346841290593, -0.009577279910445213, 0.022934935986995697, -0.014863410033285618, 0.0032573335338383913, 0.00043217255733907223, 0.00019059203623328358], [-0.0005454838392324746, 0.0032690076623111963, -0.001981989247724414, 0.007840549573302269, -0.006535899825394154, 0.003977849613875151, -0.0001425755035597831, 0.005234626121819019, -0.014863410033285618, 0.031457267701625824, -0.020002899691462517, 0.006816046312451363, -0.004567018710076809], [0.0005875565111637115, -0.004378433804959059, 0.002227045362815261, -0.005882443394511938, 0.006079572718590498, -0.006718107499182224, 0.0018049865029752254, 3.614312663557939e-05, 0.0032573335338383913, -0.020002899691462517, 0.0323030911386013, -0.023429222404956818, 0.008007006719708443], [-0.0009067967184819281, 0.0051290495321154594, -0.004594959784299135, 0.004600914660841227, -0.006735191214829683, 0.007107473909854889, 0.0006090947426855564, 9.124615462496877e-05, 0.00043217255733907223, 0.006816046312451363, -0.023429222404956818, 0.0402507558465004, -0.019238362088799477], [0.0011293342104181647, -0.001837419462390244, 0.0032036928460001945, -0.0028319992125034332, 0.001561210723593831, -0.0011667797807604074, 0.002572968602180481, -0.00686656404286623, 0.00019059203623328358, -0.004567018710076809, 0.008007006719708443, -0.019238362088799477, 0.02747674472630024]], "lowlevel.mfcc.cov": [[1643.45068359375, 245.76316833496094, 312.1092834472656, -125.60287475585938, -240.7628631591797, -360.23248291015625, -267.4962158203125, -220.8378143310547, -309.5727844238281, -203.15211486816406, -144.74166870117188, -203.96583557128906, -113.00106811523438], [245.76316833496094, 694.1634521484375, 322.6584777832031, 107.07964324951172, -182.50978088378906, -227.203857421875, -127.65119934082031, -113.20193481445312, -133.6039276123047, -138.32386779785156, -56.7698974609375, -84.92410278320312, -82.49391174316406], [312.1092834472656, 322.6584777832031, 523.1817016601562, 99.246826171875, -117.21092987060547, -220.82167053222656, -106.25904846191406, -70.82611083984375, -142.2165069580078, -158.37661743164062, -56.157737731933594, -65.74327087402344, -71.35894775390625], [-125.60287475585938, 107.07964324951172, 99.246826171875, 242.26986694335938, 84.48212432861328, 72.30632781982422, 47.382755279541016, 5.74178409576416, -24.10453224182129, -72.46578979492188, -34.307559967041016, 24.068212509155273, -11.20907974243164], [-240.7628631591797, -182.50978088378906, -117.21092987060547, 84.48212432861328, 206.0933837890625, 198.11070251464844, 113.92000579833984, 68.62448120117188, 66.98886108398438, 46.93533706665039, 25.308685302734375, 78.31578063964844, 57.640785217285156], [-360.23248291015625, -227.203857421875, -220.82167053222656, 72.30632781982422, 198.11070251464844, 338.86968994140625, 165.88758850097656, 115.74535369873047, 113.0028076171875, 126.22919464111328, 55.75542449951172, 95.5430908203125, 65.56658172607422], [-267.4962158203125, -127.65119934082031, -106.25904846191406, 47.382755279541016, 113.92000579833984, 165.88758850097656, 166.58013916015625, 120.1922378540039, 101.58100128173828, 79.13651275634766, 49.725616455078125, 61.57790756225586, 29.038055419921875], [-220.8378143310547, -113.20193481445312, -70.82611083984375, 5.74178409576416, 68.62448120117188, 115.74535369873047, 120.1922378540039, 200.8155975341797, 160.83599853515625, 127.47573852539062, 71.75737762451172, 39.59428024291992, 18.82758331298828], [-309.5727844238281, -133.6039276123047, -142.2165069580078, -24.10453224182129, 66.98886108398438, 113.0028076171875, 101.58100128173828, 160.83599853515625, 233.28932189941406, 167.49659729003906, 86.24083709716797, 50.78712463378906, 40.07440948486328], [-203.15211486816406, -138.32386779785156, -158.37661743164062, -72.46578979492188, 46.93533706665039, 126.22919464111328, 79.13651275634766, 127.47573852539062, 167.49659729003906, 225.42111206054688, 113.41036987304688, 49.562705993652344, 54.93035125732422], [-144.74166870117188, -56.7698974609375, -56.157737731933594, -34.307559967041016, 25.308685302734375, 55.75542449951172, 49.725616455078125, 71.75737762451172, 86.24083709716797, 113.41036987304688, 114.06525421142578, 52.05830001831055, 39.79877853393555], [-203.96583557128906, -84.92410278320312, -65.74327087402344, 24.068212509155273, 78.31578063964844, 95.5430908203125, 61.57790756225586, 39.59428024291992, 50.78712463378906, 49.562705993652344, 52.05830001831055, 116.155517578125, 71.51541900634766], [-113.00106811523438, -82.49391174316406, -71.35894775390625, -11.20907974243164, 57.640785217285156, 65.56658172607422, 29.038055419921875, 18.82758331298828, 40.07440948486328, 54.93035125732422, 39.79877853393555, 71.51541900634766, 107.26995849609375]], "lowlevel.mfcc.icov": [[0.0011052105110138655, 4.217352397972718e-05, -0.00025926021044142544, 0.0004681735881604254, -0.00023785261146258563, 0.0003691168676596135, 0.0005784262320958078, -0.0004065022512804717, 0.0013317260891199112, -0.0005313732544891536, 0.00045059435069561005, 0.0009374833898618817, -0.00012748756853397936], [4.217352397972718e-05, 0.002958924975246191, -0.0006770750624127686, -0.0022766322363168, 0.0025215214118361473, 0.00044163205893710256, 3.32174968207255e-05, 0.0007451497367583215, 4.068082489538938e-05, -0.00038503852556459606, -0.000579650339204818, 0.0003980897890869528, -1.381816105094913e-06], [-0.00025926021044142544, -0.0006770750624127686, 0.004228771664202213, -0.0020689950324594975, -4.575381535687484e-05, 0.0022667294833809137, 0.0007696939865127206, -0.0022135991603136063, 0.001663247705437243, 0.0007547473651356995, -0.0012175990268588066, -0.0002707164967432618, 0.00024673217558301985], [0.0004681735881604254, -0.0022766322363168, -0.0020689950324594975, 0.009989931248128414, -0.004256185609847307, -0.0028133445885032415, -0.0006538591114804149, -0.00021239122725091875, -0.0009034207905642688, 0.003426614450290799, 0.001460820552892983, -0.0010448629036545753, 0.0013682598946616054], [-0.00023785261146258563, 0.0025215214118361473, -4.575381535687484e-05, -0.004256185609847307, 0.016698572784662247, -0.0058235591277480125, -0.0025090002454817295, 0.0007205794681794941, -0.0016830008244141936, 0.002616454614326358, -9.200776548823342e-05, -0.0013217044761404395, -0.0034430145751684904], [0.0003691168676596135, 0.00044163205893710256, 0.0022667294833809137, -0.0028133445885032415, -0.0058235591277480125, 0.012493140064179897, -0.004403581377118826, -0.0005437286454252899, 0.0036472156643867493, -0.0064318315126001835, 0.002423603553324938, -0.00132047850638628, 0.0006351304473355412], [0.0005784262320958078, 3.32174968207255e-05, 0.0007696939865127206, -0.0006538591114804149, -0.0025090002454817295, -0.004403581377118826, 0.019140195101499557, -0.007922557182610035, 0.00032610027119517326, 0.002392601454630494, -0.002161810640245676, -0.002031899057328701, 0.0021373205818235874], [-0.0004065022512804717, 0.0007451497367583215, -0.0022135991603136063, -0.00021239122725091875, 0.0007205794681794941, -0.0005437286454252899, -0.007922557182610035, 0.017008444294333458, -0.008247289806604385, -0.002173985354602337, -0.0010711634531617165, 0.0009412419749423862, 0.0017188263591378927], [0.0013317260891199112, 4.068082489538938e-05, 0.001663247705437243, -0.0009034207905642688, -0.0016830008244141936, 0.0036472156643867493, 0.00032610027119517326, -0.008247289806604385, 0.01649388112127781, -0.007977389730513096, 0.0014397165505215526, -0.00017432628374081105, -1.4252921573643107e-05], [-0.0005313732544891536, -0.00038503852556459606, 0.0007547473651356995, 0.003426614450290799, 0.002616454614326358, -0.0064318315126001835, 0.002392601454630494, -0.002173985354602337, -0.007977389730513096, 0.020457524806261063, -0.0112587446346879, 0.003317710245028138, -0.0032667280174791813], [0.00045059435069561005, -0.000579650339204818, -0.0012175990268588066, 0.001460820552892983, -9.200776548823342e-05, 0.002423603553324938, -0.002161810640245676, -0.0010711634531617165, 0.0014397165505215526, -0.0112587446346879, 0.02262093871831894, -0.007238144055008888, 0.00037317315582185984], [0.0009374833898618817, 0.0003980897890869528, -0.0002707164967432618, -0.0010448629036545753, -0.0013217044761404395, -0.00132047850638628, -0.002031899057328701, 0.0009412419749423862, -0.00017432628374081105, 0.003317710245028138, -0.007238144055008888, 0.021730521693825722, -0.010529173538088799], [-0.00012748756853397936, -1.381816105094913e-06, 0.00024673217558301985, 0.0013682598946616054, -0.0034430145751684904, 0.0006351304473355412, 0.0021373205818235874, 0.0017188263591378927, -1.4252921573643107e-05, -0.0032667280174791813, 0.00037317315582185984, -0.010529173538088799, 0.0186349768191576]], "metadata.audio_properties.analysis.downmix": "mix", "metadata.audio_properties.codec": "mp3", "metadata.audio_properties.md5_encoded": "38ee9bc641dbf64d4f4423675d1f9c0c", "metadata.tags.file_name": "1182277822115479563.mp3", "metadata.version.essentia": "2.1-beta6-dev", "metadata.version.essentia_git_sha": "v2.1_beta5-1110-g77a6a954", "metadata.version.extractor": "music 2.0", "tonal.chords_key": "G", "tonal.chords_scale": "minor", "tonal.key_edma.key": "C", "