{"song_id": "1182273530415554580", "download": "https://cdn.discordapp.com/attachments/1135903449314238464/1182273530415554580/chirp.mp4?ex=65841907&amp", "lyrics": "\u0427\u0442\u043e \u0437\u0430 \u0434\u0435\u043d\u044c! \n\u0427\u0442\u043e \u0437\u0430 \u0434\u0435\u043d\u044c! \n\u0427\u0442\u043e \u0437\u0430 \u043f\u0440\u0435\u043a\u0440\u0430\u0441\u043d\u044b\u0439 \u0434\u0435\u043d\u044c!", "style": ["Funk"], "essentia_features": {"lowlevel.average_loudness": 0.9672873616218567, "lowlevel.barkbands_crest.mean": 10.964958190917969, "lowlevel.barkbands_crest.stdev": 4.651182174682617, "lowlevel.barkbands_flatness_db.mean": 0.12784993648529053, "lowlevel.barkbands_flatness_db.stdev": 0.04261534661054611, "lowlevel.barkbands_kurtosis.mean": 5.098429203033447, "lowlevel.barkbands_kurtosis.stdev": 10.882559776306152, "lowlevel.barkbands_skewness.mean": 1.5827713012695312, "lowlevel.barkbands_skewness.stdev": 1.726019263267517, "lowlevel.barkbands_spread.mean": 36.691802978515625, "lowlevel.barkbands_spread.stdev": 21.241315841674805, "lowlevel.dissonance.mean": 0.4695203900337219, "lowlevel.dissonance.stdev": 0.03185052424669266, "lowlevel.dynamic_complexity": 3.0211713314056396, "lowlevel.erbbands_crest.mean": 7.893737316131592, "lowlevel.erbbands_crest.stdev": 3.973936080932617, "lowlevel.erbbands_flatness_db.mean": 0.11326370388269424, "lowlevel.erbbands_flatness_db.stdev": 0.041763175278902054, "lowlevel.erbbands_kurtosis.mean": 0.46724098920822144, "lowlevel.erbbands_kurtosis.stdev": 2.0811052322387695, "lowlevel.erbbands_skewness.mean": -0.09017080068588257, "lowlevel.erbbands_skewness.stdev": 0.8505358695983887, "lowlevel.erbbands_spread.mean": 56.06302261352539, "lowlevel.erbbands_spread.stdev": 30.311809539794922, "lowlevel.hfc.mean": 25.24163246154785, "lowlevel.hfc.stdev": 25.4453182220459, "lowlevel.loudness_ebu128.integrated": -16.07077407836914, "lowlevel.loudness_ebu128.loudness_range": 1.8499879837036133, "lowlevel.loudness_ebu128.momentary.mean": -16.539981842041016, "lowlevel.loudness_ebu128.momentary.stdev": 2.007265090942383, "lowlevel.loudness_ebu128.short_term.mean": -16.181873321533203, "lowlevel.loudness_ebu128.short_term.stdev": 0.6495984792709351, "lowlevel.melbands_crest.mean": 16.864355087280273, "lowlevel.melbands_crest.stdev": 6.193989276885986, "lowlevel.melbands_flatness_db.mean": 0.17999641597270966, "lowlevel.melbands_flatness_db.stdev": 0.0675627589225769, "lowlevel.melbands_kurtosis.mean": 29.0410213470459, "lowlevel.melbands_kurtosis.stdev": 47.632144927978516, "lowlevel.melbands_skewness.mean": 3.715503454208374, "lowlevel.melbands_skewness.stdev": 3.033390998840332, "lowlevel.melbands_spread.mean": 34.57335662841797, "lowlevel.melbands_spread.stdev": 33.24907302856445, "lowlevel.pitch_salience.mean": 0.5042575001716614, "lowlevel.pitch_salience.stdev": 0.14536124467849731, "lowlevel.silence_rate_20dB.mean": 1.0, "lowlevel.silence_rate_20dB.stdev": 0.0, "lowlevel.silence_rate_30dB.mean": 1.0, "lowlevel.silence_rate_30dB.stdev": 0.0, "lowlevel.silence_rate_60dB.mean": 0.1111111119389534, "lowlevel.silence_rate_60dB.stdev": 0.3142690360546112, "lowlevel.spectral_centroid.mean": 1812.9625244140625, "lowlevel.spectral_centroid.stdev": 849.8316040039062, "lowlevel.spectral_complexity.mean": 13.011494636535645, "lowlevel.spectral_complexity.stdev": 10.224672317504883, "lowlevel.spectral_decrease.mean": -5.638875588687142e-09, "lowlevel.spectral_decrease.stdev": 5.7916635931576366e-09, "lowlevel.spectral_energy.mean": 0.023571908473968506, "lowlevel.spectral_energy.stdev": 0.023293359205126762, "lowlevel.spectral_energyband_high.mean": 0.0015750020975247025, "lowlevel.spectral_energyband_high.stdev": 0.0020703584887087345, "lowlevel.spectral_energyband_low.mean": 0.011589298956096172, "lowlevel.spectral_energyband_low.stdev": 0.017238697037100792, "lowlevel.spectral_energyband_middle_high.mean": 0.005619759671390057, "lowlevel.spectral_energyband_middle_high.stdev": 0.009137499146163464, "lowlevel.spectral_energyband_middle_low.mean": 0.005520875100046396, "lowlevel.spectral_energyband_middle_low.stdev": 0.009565928019583225, "lowlevel.spectral_entropy.mean": 7.920267105102539, "lowlevel.spectral_entropy.stdev": 0.3586166203022003, "lowlevel.spectral_flux.mean": 0.094514399766922, "lowlevel.spectral_flux.stdev": 0.06928269565105438, "lowlevel.spectral_kurtosis.mean": 2.624340295791626, "lowlevel.spectral_kurtosis.stdev": 1.4845834970474243, "lowlevel.spectral_rms.mean": 0.0042250752449035645, "lowlevel.spectral_rms.stdev": 0.002268420532345772, "lowlevel.spectral_rolloff.mean": 2811.735107421875, "lowlevel.spectral_rolloff.stdev": 3332.784912109375, "lowlevel.spectral_skewness.mean": 1.2775155305862427, "lowlevel.spectral_skewness.stdev": 0.31925666332244873, "lowlevel.spectral_spread.mean": 6658570.5, "lowlevel.spectral_spread.stdev": 1751866.75, "lowlevel.spectral_strongpeak.mean": 0.8358043432235718, "lowlevel.spectral_strongpeak.stdev": 1.397538661956787, "lowlevel.zerocrossingrate.mean": 0.10959295183420181, "lowlevel.zerocrossingrate.stdev": 0.06789470463991165, "metadata.audio_properties.analysis.equal_loudness": 0.0, "metadata.audio_properties.analysis.length": 12.0746488571167, "metadata.audio_properties.analysis.sample_rate": 44100.0, "metadata.audio_properties.analysis.start_time": 0.0, "metadata.audio_properties.bit_rate": 119952.0, "metadata.audio_properties.length": 12.074666976928711, "metadata.audio_properties.lossless": 0.0, "metadata.audio_properties.number_channels": 1.0, "metadata.audio_properties.replay_gain": -11.509403228759766, "metadata.audio_properties.sample_rate": 48000.0, "rhythm.beats_count": 20.0, "rhythm.beats_loudness.mean": 0.030252739787101746, "rhythm.beats_loudness.stdev": 0.02045336738228798, "rhythm.bpm": 103.9188232421875, "rhythm.bpm_histogram_first_peak_bpm": 103.0, "rhythm.bpm_histogram_first_peak_weight": 0.3684210181236267, "rhythm.bpm_histogram_second_peak_bpm": 0.0, "rhythm.bpm_histogram_second_peak_spread": 0.0, "rhythm.bpm_histogram_second_peak_weight": 0.0, "rhythm.danceability": 1.528914213180542, "rhythm.onset_rate": 6.28223991394043, "tonal.chords_changes_rate": 0.08778625726699829, "tonal.chords_number_rate": 0.022900763899087906, "tonal.chords_strength.mean": 0.5412591695785522, "tonal.chords_strength.stdev": 0.061256516724824905, "tonal.hpcp_crest.mean": 13.050207138061523, "tonal.hpcp_crest.stdev": 6.561713695526123, "tonal.hpcp_entropy.mean": 2.078596830368042, "tonal.hpcp_entropy.stdev": 0.7823340892791748, "tonal.key_edma.strength": 0.6076074242591858, "tonal.key_krumhansl.strength": 0.602505624294281, "tonal.key_temperley.strength": 0.6017901301383972, "tonal.tuning_diatonic_strength": 0.6657524704933167, "tonal.tuning_equal_tempered_deviation": 0.34628698229789734, "tonal.tuning_frequency": 434.193115234375, "tonal.tuning_nontempered_energy_ratio": 0.9439219236373901, "lowlevel.barkbands.mean": [0.00024095836852211505, 0.005812633316963911, 0.004837218672037125, 0.001099722576327622, 0.0012638922780752182, 0.00038329188828356564, 0.0005891445907764137, 0.0010357435094192624, 0.001069489517249167, 0.0004701291036326438, 0.0007512442534789443, 0.0006325866561383009, 0.0007032189168967307, 0.0008110955241136253, 0.0005971709615550935, 0.000627766945399344, 0.0003023420867975801, 0.0003675466577988118, 0.0003160242922604084, 0.0001708400814095512, 0.00031166497501544654, 0.00034435681300237775, 0.0002805484982673079, 0.00012569385580718517, 0.00015722728858236223, 0.00026989603065885603, 4.691997332884057e-07], "lowlevel.barkbands.stdev": [0.0005050700856372714, 0.012812004424631596, 0.0066441684029996395, 0.0017597804544493556, 0.003070792881771922, 0.0008725243387743831, 0.001588926650583744, 0.0028054281137883663, 0.0059128738939762115, 0.001847118721343577, 0.0022744210436940193, 0.0014692042022943497, 0.0038663893938064575, 0.0021017782855778933, 0.0018804996507242322, 0.00227322056889534, 0.0006569065735675395, 0.0007668639882467687, 0.0004997364012524486, 0.0002753525914158672, 0.0004732839879579842, 0.0007954878965392709, 0.0004709323984570801, 0.00016755961405579, 0.00019967557454947382, 0.00033102650195360184, 1.998950210690964e-06], "lowlevel.erbbands.mean": [0.16009414196014404, 1.3617358207702637, 5.017538070678711, 5.084413051605225, 3.6308047771453857, 4.370279788970947, 3.706233263015747, 3.2990541458129883, 6.053946495056152, 14.812231063842773, 21.687814712524414, 22.395076751708984, 20.334716796875, 29.413930892944336, 24.20522689819336, 22.503128051757812, 26.86652946472168, 34.29530334472656, 44.232662200927734, 32.171878814697266, 35.36918258666992, 17.098661422729492, 19.96004867553711, 17.79873275756836, 12.746578216552734, 8.130191802978516, 13.082056045532227, 10.54133129119873, 12.88626766204834, 10.844250679016113, 6.870107173919678, 2.5704402923583984, 2.5034680366516113, 1.590417742729187, 1.193008303642273, 0.9854639172554016, 0.5744637250900269, 0.056756045669317245, 0.001009029452688992, 7.156582432799041e-05], "lowlevel.erbbands.stdev": [0.3713519871234894, 2.9904050827026367, 7.363408088684082, 6.78469181060791, 8.213541030883789, 11.33950424194336, 7.510991096496582, 7.912486553192139, 16.635337829589844, 39.54374313354492, 58.71701431274414, 120.35279846191406, 93.74506378173828, 99.1368179321289, 56.37221145629883, 47.17962646484375, 118.15802764892578, 110.00534057617188, 120.063720703125, 117.45569610595703, 102.54238891601562, 31.607666015625, 41.446815490722656, 27.749784469604492, 21.546154022216797, 12.735063552856445, 17.605560302734375, 20.044328689575195, 32.0003662109375, 19.34328842163086, 11.560673713684082, 4.117480278015137, 3.2003355026245117, 2.1769392490386963, 1.5311105251312256, 1.3203988075256348, 0.6943742036819458, 0.06900861114263535, 0.001200254773721099, 6.433862290577963e-05], "lowlevel.gfcc.mean": [1.445164442062378, 34.23992919921875, -89.8558120727539, 36.36054992675781, -49.09283447265625, 25.402481079101562, -34.36021423339844, 9.329752922058105, -30.019086837768555, 12.64085865020752, -28.261096954345703, 5.246728897094727, -28.508861541748047], "lowlevel.melbands.mean": [0.0015204290393739939, 0.002294068457558751, 0.0008413802133873105, 0.0002783827076200396, 0.00014587515033781528, 7.257496326928958e-05, 0.00010070013377116993, 0.00018731376621872187, 0.00015398407413158566, 0.00015692216402385384, 0.00010053819278255105, 0.00011399741924833506, 8.878811058821157e-05, 8.490660547977313e-05, 3.0533770768670365e-05, 8.481877011945471e-05, 5.89072224101983e-05, 8.037664520088583e-05, 4.460183117771521e-05, 3.801107231993228e-05, 4.340089799370617e-05, 1.7618242054595612e-05, 1.5382431229227223e-05, 1.7650705558480695e-05, 1.4248597835830878e-05, 1.1628107131400611e-05, 6.596583261853084e-06, 4.802096555067692e-06, 7.471102890121983e-06, 8.653459190099966e-06, 5.134851107868599e-06, 7.423306215059711e-06, 6.668834885203978e-06, 6.000663233862724e-06, 4.244268893671688e-06, 2.631292090882198e-06, 1.2031923688482493e-06, 1.8321052266401239e-06, 1.6665613884470076e-06, 1.1939461046495126e-06], "lowlevel.melbands.stdev": [0.003451085649430752, 0.00347613706253469, 0.0010853474959731102, 0.0007451772689819336, 0.0002793589374050498, 0.00017438826034776866, 0.00026437744963914156, 0.0004803833435289562, 0.00042645673966035247, 0.0008954669465310872, 0.0004760385781992227, 0.00039426752482540905, 0.00024609555839560926, 0.00021303669200278819, 5.912388951401226e-05, 0.000467489764560014, 0.00017756175657268614, 0.00024176099395845085, 0.00015670365246478468, 0.00019020868057850748, 0.00012826603779103607, 3.8434372982010245e-05, 2.9904351322329603e-05, 4.574520789901726e-05, 2.2658114176010713e-05, 1.887054168037139e-05, 1.2613728358701337e-05, 7.886587809480261e-06, 1.0515521353227086e-05, 1.3425579709291924e-05, 1.2060366316291038e-05, 2.038042657659389e-05, 1.4124472727417015e-05, 1.04852615550044e-05, 7.282644673978211e-06, 4.7012767936394084e-06, 1.873524865914078e-06, 2.3720108401903417e-06, 2.334103555767797e-06, 1.740002062433632e-06], "lowlevel.melbands128.mean": [0.0002121351135428995, 0.0011910650646314025, 0.0020306010264903307, 0.002236170694231987, 0.0025978258345276117, 0.0022812169045209885, 0.0010848199017345905, 0.00044728140346705914, 0.00035673737875185907, 0.0002653192786965519, 0.0002527383912820369, 0.00018675376486498863, 0.00013289241178426892, 6.89866574248299e-05, 7.142920367186889e-05, 7.415394065901637e-05, 7.254145020851865e-05, 0.00010280512651661411, 0.00013304344611242414, 0.00015821757551748306, 0.0002114746894221753, 0.0002924359869211912, 0.00011847597488667816, 6.0087306337663904e-05, 0.00010314817336620763, 0.0002462750708218664, 0.00018394904327578843, 4.659223122871481e-05, 6.913267134223133e-05, 7.50728722778149e-05, 0.00015168431855272502, 0.00015490312944166362, 7.189853204181418e-05, 4.036732570966706e-05, 0.0001110416924348101, 0.00010546464181970805, 2.9510931199183688e-05, 2.9649267162312753e-05, 2.4711927835596725e-05, 4.310855001676828e-05, 0.00014354453014675528, 7.371325045824051e-05, 4.437746974872425e-05, 3.892313179676421e-05, 0.00011396982881706208, 9.358235547551885e-05, 3.521058533806354e-05, 4.5207052608020604e-05, 5.0113096222048625e-05, 3.905027551809326e-05, 3.940471287933178e-05, 2.5808902137214318e-05, 5.807144771097228e-05, 4.254973464412615e-05, 2.9974324206705205e-05, 1.1575302778510377e-05, 1.3156454770069104e-05, 9.647224942455068e-06, 1.8304019249626435e-05, 2.269240576424636e-05, 1.7044405467459e-05, 1.548399632156361e-05, 1.2250569852767512e-05, 1.3904006664233748e-05, 1.762678766681347e-05, 1.1589956557145342e-05, 8.570067620894406e-06, 7.224845830933191e-06, 6.103709438320948e-06, 5.803388376079965e-06, 4.151354914938565e-06, 4.689514298661379e-06, 5.554012204811443e-06, 8.40006487123901e-06, 8.951014933700208e-06, 1.0203082638327032e-05, 8.137765689752996e-06, 5.102966952108545e-06, 4.27682425652165e-06, 5.1473689381964505e-06, 7.906638529675547e-06, 8.420378435403109e-06, 6.797296009608544e-06, 7.309966804314172e-06, 5.239615802565822e-06, 6.0618149291258305e-06, 6.398384812200675e-06, 5.80389860260766e-06, 3.7371792132034898e-06, 3.5803302580461605e-06, 3.367298631928861e-06, 2.660624886630103e-06, 8.485760076837323e-07, 7.935288977023447e-07, 1.5661147472201264e-06, 2.033228611253435e-06, 1.8696806591833592e-06, 1.571080019857618e-06, 1.799355459297658e-06, 1.7582691498319036e-06, 1.1728030813173973e-06, 1.3454042573357583e-06, 7.055956530166441e-07, 1.2476544952733093e-06, 1.1766406942115282e-06, 1.8260438992001582e-06, 1.4262094509831513e-06, 1.1650788565020775e-06, 1.5720361261628568e-06, 2.2091824121162063e-06, 2.2234944481169805e-06, 2.0329798644525e-06, 1.8225570102003985e-06, 1.9403132682782598e-06, 1.6143592347361846e-06, 3.163495989610965e-07, 3.139227189308258e-08, 1.806118796188194e-11, 3.868710039822698e-12, 3.630276634858376e-12, 3.450383208314367e-12, 3.317708954786447e-12, 3.2104080678607705e-12, 3.126533320435554e-12, 3.0326023810200997e-12, 2.922292399384907e-12, 2.8568833496805945e-12, 2.8315045620674884e-12], "lowlevel.melbands128.stdev": [0.0004783302720170468, 0.002819105051457882, 0.005405815783888102, 0.005085923243314028, 0.004246384371072054, 0.0030261462088674307, 0.0015113024273887277, 0.0007582647376693785, 0.0009175752056762576, 0.0009987036464735866, 0.0006745124701410532, 0.00033248605905100703, 0.00030717073241248727, 0.00020017879432998598, 0.000206141296075657, 0.0001820375764509663, 0.00025337841361761093, 0.0003474233963061124, 0.00039530941285192966, 0.000568155141081661, 0.0006624963134527206, 0.0008726903470233083, 0.00046825464232824743, 0.00027908183983527124, 0.0007747386698611081, 0.0017088660970330238, 0.0012402695138007402, 0.0002541872672736645, 0.00031611090525984764, 0.00038083575782366097, 0.0006924202316440642, 0.0005613327957689762, 0.0003024536126758903, 0.00017222989117726684, 0.00032750179525464773, 0.0003120443725492805, 7.576606003567576e-05, 7.333356916205958e-05, 6.900487642269582e-05, 0.00016631490143481642, 0.0009540028986521065, 0.0004266866890247911, 0.0002153275563614443, 0.00016303351731039584, 0.0003822593716904521, 0.0004123681574128568, 0.00012645953393075615, 0.0002066135493805632, 0.00026128400349989533, 0.00020704593043774366, 0.0003196026082150638, 0.00016676040831953287, 0.00024166470393538475, 0.00014412686869036406, 9.902327292365953e-05, 2.9587781682494096e-05, 4.728530620923266e-05, 2.8965549063286744e-05, 4.62706339021679e-05, 7.099700451362878e-05, 7.355645357165486e-05, 4.86815843032673e-05, 2.5159331926261075e-05, 3.009917236340698e-05, 3.4080327168339863e-05, 2.1154162823222578e-05, 2.06127642741194e-05, 1.8739448933047242e-05, 1.2179608347651083e-05, 1.3212007615948096e-05, 8.934644938562997e-06, 8.201605851354543e-06, 1.1520482985361014e-05, 1.4385237591341138e-05, 1.3793605830869637e-05, 1.7367672626278363e-05, 1.727903145365417e-05, 9.969729035219643e-06, 1.2466965927160345e-05, 1.6208417946472764e-05, 3.0192724807420745e-05, 2.4067678168648854e-05, 1.8867009202949703e-05, 1.6301086361636408e-05, 9.611487257643603e-06, 1.2515655726019759e-05, 1.1556276149349287e-05, 1.0564434887783136e-05, 7.232192274386762e-06, 6.453798960137647e-06, 5.7353254305780865e-06, 6.034469606674975e-06, 1.684097583165567e-06, 1.639895572225214e-06, 2.48979517891712e-06, 2.7394958124205004e-06, 2.775424945866689e-06, 2.3570867142552743e-06, 2.89683725895884e-06, 2.6610453005559975e-06, 1.98235034076788e-06, 2.1965952328173444e-06, 1.2056450486852555e-06, 1.840861727941956e-06, 1.7339091300527798e-06, 2.7205758215131937e-06, 2.2585500119021162e-06, 1.9810333924397128e-06, 2.765294311757316e-06, 2.992672079926706e-06, 3.299648597021587e-06, 2.8883157483505784e-06, 2.318659426236991e-06, 2.448121904308209e-06, 2.1584689875453478e-06, 5.460184411276714e-07, 9.414642931915296e-08, 7.059425960465049e-11, 6.13518524178458e-12, 5.910780979251351e-12, 5.715991482219129e-12, 5.559762719653527e-12, 5.4300344602686845e-12, 5.327358346129962e-12, 5.245089518962631e-12, 5.177613546236692e-12, 5.129450683649672e-12, 5.099802524721753e-12], "lowlevel.mfcc.mean": [-655.3298950195312, 76.76899719238281, 15.357471466064453, 24.209068298339844, 7.518427848815918, 19.566970825195312, 3.8034017086029053, 5.349534511566162, -0.41062960028648376, 1.4687341451644897, 5.761122703552246, 0.4165939688682556, -0.7410652041435242], "lowlevel.spectral_contrast_coeffs.mean": [-0.6871942281723022, -0.7678507566452026, -0.767108678817749, -0.7876426577568054, -0.7974516153335571, -0.7306291460990906], "lowlevel.spectral_contrast_coeffs.stdev": [0.07382665574550629, 0.08523876219987869, 0.09182015806436539, 0.079351045191288, 0.04662617668509483, 0.04790220037102699], "lowlevel.spectral_contrast_valleys.mean": [-7.267054080963135, -7.432901859283447, -7.921055793762207, -7.922232151031494, -7.6270527839660645, -10.006361961364746], "lowlevel.spectral_contrast_valleys.stdev": [0.9729673266410828, 0.9304823279380798, 0.8985599875450134, 0.8744598031044006, 0.855912983417511, 0.8176530003547668], "rhythm.beats_loudness_band_ratio.mean": [0.3222859501838684, 0.10683389008045197, 0.14735105633735657, 0.1382075995206833, 0.13405296206474304, 0.19545164704322815], "rhythm.beats_loudness_band_ratio.stdev": [0.2315947413444519, 0.09432626515626907, 0.13969963788986206, 0.14021122455596924, 0.13357749581336975, 0.17435503005981445], "tonal.hpcp.mean": [0.09696295112371445, 0.04653371870517731, 0.03686170279979706, 0.07100386917591095, 0.14600712060928345, 0.22359901666641235, 0.2972925007343292, 0.28127118945121765, 0.16389304399490356, 0.08122380822896957, 0.05981718376278877, 0.07061372697353363, 0.09957802295684814, 0.17233066260814667, 0.1767565757036209, 0.10341037809848785, 0.06770875304937363, 0.055448081344366074, 0.04716583713889122, 0.05810541287064552, 0.05454821139574051, 0.03545478358864784, 0.03414539247751236, 0.03676484897732735, 0.06435490399599075, 0.11298540234565735, 0.11901472508907318, 0.11963319778442383, 0.14123795926570892, 0.12144175916910172, 0.08519000560045242, 0.058441635221242905, 0.05549187585711479, 0.10104130208492279, 0.18661491572856903, 0.1833384782075882], "tonal.hpcp.stdev": [0.21014352142810822, 0.14488796889781952, 0.12327209860086441, 0.19345173239707947, 0.26811301708221436, 0.32684069871902466, 0.37355220317840576, 0.36920541524887085, 0.2789492607116699, 0.203414648771286, 0.1684965044260025, 0.1879379153251648, 0.2091437429189682, 0.28165706992149353, 0.2821420133113861, 0.21306079626083374, 0.13640208542346954, 0.14731602370738983, 0.12139970809221268, 0.13260076940059662, 0.12860779464244843, 0.0933658629655838, 0.08600424975156784, 0.10055403411388397, 0.16390372812747955, 0.223398357629776, 0.2274688482284546, 0.2271817922592163, 0.26613983511924744, 0.23503051698207855, 0.18128784000873566, 0.1465153843164444, 0.12316175550222397, 0.2094612419605255, 0.29189634323120117, 0.29395636916160583], "rhythm.beats_position": [0.638548731803894, 1.2306575775146484, 1.8111563920974731, 2.391655206680298, 2.972154140472412, 3.5526530742645264, 4.133152008056641, 4.713650703430176, 5.282539367675781, 5.851428508758545, 6.43192720413208, 7.012426376342773, 7.592925071716309, 8.173423767089844, 8.753922462463379, 9.3228120803833, 9.891700744628906, 10.460589408874512, 11.029478073120117, 11.609976768493652], "rhythm.bpm_histogram": [0.0, 0.0, 0.0, 0.0, 0.0, 0.0, 0.0, 0.0, 0.0, 0.0, 0.0, 0.0, 0.0, 0.0, 0.0, 0.0, 0.0, 0.0, 0.0, 0.0, 0.0, 0.0, 0.0, 0.0, 0.0, 0.0, 0.0, 0.0, 0.0, 0.0, 0.0, 0.0, 0.0, 0.0, 0.0, 0.0, 0.0, 0.0, 0.0, 0.0, 0.0, 0.0, 0.0, 0.0, 0.0, 0.0, 0.0, 0.0, 0.0, 0.0, 0.0, 0.0, 0.0, 0.0, 0.0, 0.0, 0.0, 0.0, 0.0, 0.0, 0.0, 0.0, 0.0, 0.0, 0.0, 0.0, 0.0, 0.0, 0.0, 0.0, 0.0, 0.0, 0.0, 0.0, 0.0, 0.0, 0.0, 0.0, 0.0, 0.0, 0.0, 0.0, 0.0, 0.0, 0.0, 0.0, 0.0, 0.0, 0.0, 0.0, 0.0, 0.0, 0.0, 0.0, 0.0, 0.0, 0.0, 0.0, 0.0, 0.0, 0.0, 0.05263157933950424, 0.0, 0.6315789222717285, 0.0, 0.31578946113586426, 0.0, 0.0, 0.0, 0.0, 0.0, 0.0, 0.0, 0.0, 0.0, 0.0, 0.0, 0.0, 0.0, 0.0, 0.0, 0.0, 0.0, 0.0, 0.0, 0.0, 0.0, 0.0, 0.0, 0.0, 0.0, 0.0, 0.0, 0.0, 0.0, 0.0, 0.0, 0.0, 0.0, 0.0, 0.0, 0.0, 0.0, 0.0, 0.0, 0.0, 0.0, 0.0, 0.0, 0.0, 0.0, 0.0, 0.0, 0.0, 0.0, 0.0, 0.0, 0.0, 0.0, 0.0, 0.0, 0.0, 0.0, 0.0, 0.0, 0.0, 0.0, 0.0, 0.0, 0.0, 0.0, 0.0, 0.0, 0.0, 0.0, 0.0, 0.0, 0.0, 0.0, 0.0, 0.0, 0.0, 0.0, 0.0, 0.0, 0.0, 0.0, 0.0, 0.0, 0.0, 0.0, 0.0, 0.0, 0.0, 0.0, 0.0, 0.0, 0.0, 0.0, 0.0, 0.0, 0.0, 0.0, 0.0, 0.0, 0.0, 0.0, 0.0, 0.0, 0.0, 0.0, 0.0, 0.0, 0.0, 0.0, 0.0, 0.0, 0.0, 0.0, 0.0, 0.0, 0.0, 0.0, 0.0, 0.0, 0.0, 0.0, 0.0, 0.0, 0.0, 0.0, 0.0, 0.0, 0.0, 0.0, 0.0, 0.0, 0.0, 0.0, 0.0, 0.0, 0.0, 0.0, 0.0, 0.0, 0.0, 0.0, 0.0, 0.0, 0.0], "tonal.chords_histogram": [0.7633587718009949, 0.0, 29.389312744140625, 12.213740348815918, 22.51908302307129, 0.0, 0.0, 0.0, 0.0, 0.0, 0.0, 0.0, 0.0, 0.0, 0.0, 0.0, 8.396946907043457, 6.488549709320068, 0.0, 0.0, 0.0, 0.0, 0.0, 20.229007720947266], "tonal.thpcp": [1.0, 0.9461092948913574, 0.5512855052947998, 0.2732117772102356, 0.2012065052986145, 0.23752273619174957, 0.33494967222213745, 0.5796670317649841, 0.5945544242858887, 0.3478405177593231, 0.22775129973888397, 0.18651019036769867, 0.15865127742290497, 0.195448637008667, 0.1834833025932312, 0.11925892531871796, 0.11485453695058823, 0.12366557866334915, 0.21646998822689056, 0.3800479471683502, 0.40032872557640076, 0.40240907669067383, 0.47508078813552856, 0.4084925055503845, 0.2865528166294098, 0.19657957553863525, 0.18665750324726105, 0.33987167477607727, 0.6277148723602295, 0.616693913936615, 0.32615336775779724, 0.15652503073215485, 0.12399136275053024, 0.23883505165576935, 0.4911227822303772, 0.752117931842804], "lowlevel.gfcc.cov": [[7001.02294921875, 519.4392700195312, -1018.6284790039062, -97.5586929321289, 243.99888610839844, 63.20105743408203, 52.11056900024414, 289.9164733886719, 107.54805755615234, 3.7083985805511475, 44.68606948852539, 17.357667922973633, -44.287986755371094], [519.4392700195312, 949.361572265625, -122.67317962646484, -107.83659362792969, 144.96908569335938, 46.47312927246094, 68.25902557373047, 17.89764976501465, 62.81787109375, -24.55159568786621, 40.436119079589844, 24.91143226623535, 73.73236846923828], [-1018.6284790039062, -122.67317962646484, 1128.78173828125, 329.2524108886719, -46.6763801574707, 2.227489471435547, 4.761124134063721, -116.40216827392578, -98.81788635253906, 65.5794448852539, 16.796245574951172, 17.845455169677734, -45.157161712646484], [-97.5586929321289, -107.83659362792969, 329.2524108886719, 364.654296875, 103.44960021972656, 49.7719612121582, 73.2311019897461, -4.620123386383057, -8.067706108093262, 27.693145751953125, 42.85182571411133, 7.24345064163208, -41.002567291259766], [243.99888610839844, 144.96908569335938, -46.6763801574707, 103.44960021972656, 288.2589111328125, 144.5400390625, 97.93099212646484, 68.28128814697266, 49.23530578613281, 25.237138748168945, 46.46967315673828, 34.31131362915039, 13.7012300491333], [63.20105743408203, 46.47312927246094, 2.227489471435547, 49.7719612121582, 144.5400390625, 176.6406707763672, 115.58515930175781, 54.8420295715332, 51.547889709472656, 28.396812438964844, 32.58990478515625, 15.15699577331543, -1.5545345544815063], [52.11056900024414, 68.25902557373047, 4.761124134063721, 73.2311019897461, 97.93099212646484, 115.58515930175781, 151.9567413330078, 67.55950164794922, 48.900142669677734, 22.508352279663086, 27.384326934814453, 14.49917984008789, -0.3041101098060608], [289.9164733886719, 17.89764976501465, -116.40216827392578, -4.620123386383057, 68.28128814697266, 54.8420295715332, 67.55950164794922, 141.5908660888672, 86.20184326171875, 14.556746482849121, 8.999338150024414, -6.160290718078613, 18.16977310180664], [107.54805755615234, 62.81787109375, -98.81788635253906, -8.067706108093262, 49.23530578613281, 51.547889709472656, 48.900142669677734, 86.20184326171875, 145.64279174804688, 55.58907699584961, 17.3258056640625, -4.145284175872803, 13.00368595123291], [3.7083985805511475, -24.55159568786621, 65.5794448852539, 27.693145751953125, 25.237138748168945, 28.396812438964844, 22.508352279663086, 14.556746482849121, 55.58907699584961, 82.02816772460938, 32.991764068603516, 8.853137016296387, 1.272717833518982], [44.68606948852539, 40.436119079589844, 16.796245574951172, 42.85182571411133, 46.46967315673828, 32.58990478515625, 27.384326934814453, 8.999338150024414, 17.3258056640625, 32.991764068603516, 64.6203384399414, 29.449167251586914, 5.5134429931640625], [17.357667922973633, 24.91143226623535, 17.845455169677734, 7.24345064163208, 34.31131362915039, 15.15699577331543, 14.49917984008789, -6.160290718078613, -4.145284175872803, 8.853137016296387, 29.449167251586914, 70.27828979492188, 51.42952346801758], [-44.287986755371094, 73.73236846923828, -45.157161712646484, -41.002567291259766, 13.7012300491333, -1.5545345544815063, -0.3041101098060608, 18.16977310180664, 13.00368595123291, 1.272717833518982, 5.5134429931640625, 51.42952346801758, 111.95211791992188]], "lowlevel.gfcc.icov": [[0.00023722232435829937, -0.0003286981664132327, 0.0003681195084936917, -0.0004350404778961092, 0.0002883384586311877, -0.0003400262212380767, 0.0006530265090987086, -0.0010514063760638237, 0.0008031319594010711, -0.0009623095393180847, 0.0007253540679812431, -0.0009792468044906855, 0.000763670657761395], [-0.0003286981664132327, 0.0024297181516885757, -0.0011243376648053527, 0.00237059872597456, -0.0024913044180721045, 0.0025050451513379812, -0.003252205904573202, 0.0037890723906457424, -0.0035397568717598915, 0.004663354251533747, -0.004209907725453377, 0.004014499019831419, -0.0028783997986465693], [0.0003681195084936917, -0.0011243376648053527, 0.0024881295394152403, -0.0029503905680030584, 0.0020885812118649483, -0.0021274718455970287, 0.0022149558644741774, -0.002149301813915372, 0.003538086311891675, -0.00501239625737071, 0.003626143792644143, -0.0032525293063372374, 0.0018404644215479493], [-0.0004350404778961092, 0.00237059872597456, -0.0029503905680030584, 0.007946350611746311, -0.004913461860269308, 0.005000575911253691, -0.0061771017499268055, 0.00471623195335269, -0.004305785521864891, 0.006253031548112631, -0.007104524876922369, 0.005516548175364733, -0.001879866817034781], [0.0002883384586311877, -0.0024913044180721045, 0.0020885812118649483, -0.004913461860269308, 0.010272135958075523, -0.008625919930636883, 0.005154810845851898, -0.005834753159433603, 0.00437184190377593, -0.005208238027989864, 0.004008352756500244, -0.006800092291086912, 0.0028596813790500164], [-0.0003400262212380767, 0.0025050451513379812, -0.0021274718455970287, 0.005000575911253691, -0.008625919930636883, 0.019193880259990692, -0.013303636573255062, 0.005721991416066885, -0.005665936972945929, 0.005218887235969305, -0.006345044355839491, 0.005831629503518343, -0.0022213507909327745], [0.0006530265090987086, -0.003252205904573202, 0.0022149558644741774, -0.0061771017499268055, 0.005154810845851898, -0.013303636573255062, 0.02145400457084179, -0.011071664281189442, 0.005521474871784449, -0.007023340556770563, 0.006569736171513796, -0.009624253958463669, 0.005607147701084614], [-0.0010514063760638237, 0.0037890723906457424, -0.002149301813915372, 0.00471623195335269, -0.005834753159433603, 0.005721991416066885, -0.011071664281189442, 0.022650180384516716, -0.014216572977602482, 0.012048091739416122, -0.00869052205234766, 0.012589025311172009, -0.008804628625512123], [0.0008031319594010711, -0.0035397568717598915, 0.003538086311891675, -0.004305785521864891, 0.00437184190377593, -0.005665936972945929, 0.005521474871784449, -0.014216572977602482, 0.022911427542567253, -0.019409170374274254, 0.008849370293319225, -0.005396134220063686, 0.0038102760445326567], [-0.0009623095393180847, 0.004663354251533747, -0.00501239625737071, 0.006253031548112631, -0.005208238027989864, 0.005218887235969305, -0.007023340556770563, 0.012048091739416122, -0.019409170374274254, 0.03513965383172035, -0.019672414287924767, 0.010538977570831776, -0.006465915124863386], [0.0007253540679812431, -0.004209907725453377, 0.003626143792644143, -0.007104524876922369, 0.004008352756500244, -0.006345044355839491, 0.006569736171513796, -0.00869052205234766, 0.008849370293319225, -0.019672414287924767, 0.036580443382263184, -0.021134594455361366, 0.009873097762465477], [-0.0009792468044906855, 0.004014499019831419, -0.0032525293063372374, 0.005516548175364733, -0.006800092291086912, 0.005831629503518343, -0.009624253958463669, 0.012589025311172009, -0.005396134220063686, 0.010538977570831776, -0.021134594455361366, 0.04079436883330345, -0.020671652629971504], [0.000763670657761395, -0.0028783997986465693, 0.0018404644215479493, -0.001879866817034781, 0.0028596813790500164, -0.0022213507909327745, 0.005607147701084614, -0.008804628625512123, 0.0038102760445326567, -0.006465915124863386, 0.009873097762465477, -0.020671652629971504, 0.02088850736618042]], "lowlevel.mfcc.cov": [[6180.19287109375, 328.2989501953125, -1066.65576171875, -188.94911193847656, 48.385108947753906, -177.60324096679688, 12.571558952331543, 200.34503173828125, 124.63196563720703, 109.0333251953125, 108.13994598388672, 39.41848373413086, 148.34771728515625], [328.2989501953125, 848.0157470703125, -87.0028305053711, -88.76931762695312, 46.57586669921875, 19.441238403320312, 15.79360580444336, 27.23434829711914, 42.900543212890625, -4.0074052810668945, -35.56407928466797, -4.118703842163086, 33.68977737426758], [-1066.65576171875, -87.0028305053711, 849.6572875976562, 225.6655731201172, 23.462034225463867, 102.5966796875, 28.851398468017578, -82.8309097290039, -74.10643768310547, -24.396404266357422, 24.94710922241211, -10.775898933410645, -57.180938720703125], [-188.94911193847656, -88.76931762695312, 225.6655731201172, 275.49249267578125, 85.13069915771484, 84.48475646972656, 62.456809997558594, 21.34549903869629, -14.903759956359863, 4.2670722007751465, 15.068882942199707, 25.516826629638672, 19.613168716430664], [48.385108947753906, 46.57586669921875, 23.462034225463867, 85.13069915771484, 170.57884216308594, 74.94910430908203, 65.53858184814453, 46.94647216796875, 36.71076583862305, 23.09163475036621, 16.844478607177734, 39.366336822509766, 47.018829345703125], [-177.60324096679688, 19.441238403320312, 102.5966796875, 84.48475646972656, 74.94910430908203, 182.97308349609375, 92.36051940917969, 49.1038818359375, 8.8870267868042, 17.449186325073242, 40.01821517944336, 42.876277923583984, 16.324905395507812], [12.571558952331543, 15.79360580444336, 28.851398468017578, 62.456809997558594, 65.53858184814453, 92.36051940917969, 141.7418975830078, 74.54579162597656, 17.149089813232422, 19.123132705688477, 28.424362182617188, 32.68558883666992, 9.036479949951172], [200.34503173828125, 27.23434829711914, -82.8309097290039, 21.34549903869629, 46.94647216796875, 49.1038818359375, 74.54579162597656, 127.60594177246094, 57.23597717285156, 41.743133544921875, 33.470947265625, 28.99146270751953, 18.470882415771484], [124.63196563720703, 42.900543212890625, -74.10643768310547, -14.903759956359863, 36.71076583862305, 8.8870267868042, 17.149089813232422, 57.23597717285156, 119.06163787841797, 59.2037239074707, 33.74262619018555, 19.005577087402344, 33.88627243041992], [109.0333251953125, -4.0074052810668945, -24.396404266357422, 4.2670722007751465, 23.09163475036621, 17.449186325073242, 19.123132705688477, 41.743133544921875, 59.2037239074707, 103.27249145507812, 61.002403259277344, 23.782499313354492, 15.657440185546875], [108.13994598388672, -35.56407928466797, 24.94710922241211, 15.068882942199707, 16.844478607177734, 40.01821517944336, 28.424362182617188, 33.470947265625, 33.74262619018555, 61.002403259277344, 148.5599365234375, 44.03398513793945, 8.996343612670898], [39.41848373413086, -4.118703842163086, -10.775898933410645, 25.516826629638672, 39.366336822509766, 42.876277923583984, 32.68558883666992, 28.99146270751953, 19.005577087402344, 23.782499313354492, 44.03398513793945, 84.57210540771484, 45.199554443359375], [148.34771728515625, 33.68977737426758, -57.180938720703125, 19.613168716430664, 47.018829345703125, 16.324905395507812, 9.036479949951172, 18.470882415771484, 33.88627243041992, 15.657440185546875, 8.996343612670898, 45.199554443359375, 95.5224380493164]], "lowlevel.mfcc.icov": [[0.0002314171870239079, -7.978750363690779e-05, 0.0002683136553969234, -9.68844979070127e-05, -5.566859181271866e-05, 0.00026841784710995853, -4.645427907234989e-05, -0.00021111177920829505, 0.00020423556270543486, -7.034389273030683e-05, -0.00029096013167873025, 0.00018924831238109618, -0.0002470676845405251], [-7.978750363690779e-05, 0.0013640114339068532, -0.00017211011436302215, 0.000749512983020395, -0.00044033091398887336, -0.00037091010017320514, -6.589596159756184e-05, -9.276145283365622e-05, -0.00037272213376127183, 0.00021360376558732241, 0.00045032292837277055, 0.0003096197033300996, -0.0004014887090306729], [0.0002683136553969234, -0.00017211011436302215, 0.0022999208886176348, -0.0017349168192595243, 0.00011324976367177442, -0.0005628122016787529, -0.00025548224220983684, 0.0016672692727297544, 0.0001696581020951271, -8.49856369313784e-05, -0.000788950826972723, 0.0003028751234523952, 0.0010039382614195347], [-9.68844979070127e-05, 0.000749512983020395, -0.0017349168192595243, 0.0065134805627167225, -0.0022228658199310303, -0.0007274820236489177, -0.0006293819169513881, -0.0012836083769798279, 0.0013886700617149472, -0.0002220302412752062, 0.0005133444792591035, 0.00033447996247559786, -0.0016264250734820962], [-5.566859181271866e-05, -0.00044033091398887336, 0.00011324976367177442, -0.0022228658199310303, 0.009866067208349705, -0.0017260242020711303, -0.0020443089306354523, 0.00014416733756661415, -0.0019254120998084545, -0.00020003886311315, 0.0007613894413225353, -0.0008015215280465782, -0.00260652182623744], [0.00026841784710995853, -0.00037091010017320514, -0.0005628122016787529, -0.0007274820236489177, -0.0017260242020711303, 0.010262217372655869, -0.004303422290831804, -0.001071919221431017, 0.0009301524260081351, 0.00019282773428130895, -0.0013513729209080338, -0.0018611052073538303, -0.00011708505189744756], [-4.645427907234989e-05, -6.589596159756184e-05, -0.00025548224220983684, -0.0006293819169513881, -0.0020443089306354523, -0.004303422290831804, 0.014776630327105522, -0.006946593523025513, 0.001458776998333633, 0.0004538952198345214, 7.186211587395519e-05, -0.001517034019343555, 0.001877938280813396], [-0.00021111177920829505, -9.276145283365622e-05, 0.0016672692727297544, -0.0012836083769798279, 0.00014416733756661415, -0.001071919221431017, -0.006946593523025513, 0.016908807680010796, -0.005534544587135315, -0.001508649904280901, -9.350272011943161e-05, -0.0012607647804543376, 0.001937985885888338], [0.00020423556270543486, -0.00037272213376127183, 0.0001696581020951271, 0.0013886700617149472, -0.0019254120998084545, 0.0009301524260081351, 0.001458776998333633, -0.005534544587135315, 0.015870381146669388, -0.006502551957964897, -0.0007886105449870229, 0.0021379722747951746, -0.004149808082729578], [-7.034389273030683e-05, 0.00021360376558732241, -8.49856369313784e-05, -0.0002220302412752062, -0.00020003886311315, 0.00019282773428130895, 0.0004538952198345214, -0.001508649904280901, -0.006502551957964897, 0.017025088891386986, -0.00500624580308795, -0.0006156162708066404, 0.0006218208000063896], [-0.00029096013167873025, 0.00045032292837277055, -0.000788950826972723, 0.0005133444792591035, 0.0007613894413225353, -0.0013513729209080338, 7.186211587395519e-05, -9.350272011943161e-05, -0.0007886105449870229, -0.00500624580308795, 0.011005413718521595, -0.004978105891495943, 0.0020022266544401646], [0.00018924831238109618, 0.0003096197033300996, 0.0003028751234523952, 0.00033447996247559786, -0.0008015215280465782, -0.0018611052073538303, -0.001517034019343555, -0.0012607647804543376, 0.0021379722747951746, -0.0006156162708066404, -0.004978105891495943, 0.02138480730354786, -0.009498187340795994], [-0.0002470676845405251, -0.0004014887090306729, 0.0010039382614195347, -0.0016264250734820962, -0.00260652182623744, -0.00011708505189744756, 0.001877938280813396, 0.001937985885888338, -0.004149808082729578, 0.0006218208000063896, 0.0020022266544401646, -0.009498187340795994, 0.018355589359998703]], "metadata.audio_properties.analysis.downmix": "mix", "metadata.audio_properties.codec": "mp3", "metadata.audio_properties.md5_encoded": "0668daeebdb6fa8949c5cab0f7d6350c", "metadata.tags.file_name": "1182273530415554580.mp3", "metadata.version.essentia": "2.1-beta6-dev", "metadata.version.essentia_git_sha": "v2.1_beta5-1110-g77a6a954", "metadata.version.extractor": "music 2.0", "tonal.chords_key": "F#", "tonal.chords_scale": "major", "tonal.key_edma.key": "F#", "tonal.key_edma.scale": "major", "tonal.key_krumhansl.key": "F#", "tonal.key_krumhansl.scale": "major", "tonal.key_temperley.key": "B", "tonal.key_temperley.scale": "major", "metadata.tags.encoding": ["Lavf58.45.100"]}, "essentia_models": [{"model_name": "genre_dortmund", "activations": {"alternative": "0.0059070275", "blues": "0.08878685", "electronic": "0.006217122", "folkcountry": "0.012572978", "funksoulrnb": "0.23618744", "jazz": "0.17292194", "pop": "0.016610295", "raphiphop": "0.010847122", "rock": "0.05838058"}}, {"model_name": "genre_rosamerica", "activations": {"classic": "0.0118359765", "dance": "0.00032913656", "hip hop": "0.10383625", "jazz": "0.06194949", "pop": "0.35360864", "rhythm and blues": "0.40894485", "rock": "0.058293372", "speech": "0.008422647"}}, {"model_name": "genre_tzanetakis", "activations": {"blues": "0.036688726", "classic": "0.00018187614", "country": "0.0001385945", "disco": "0.2673697", "hip hop": "0.31607497", "jazz": "0.003706804", "metal": "0.0010839455", "pop": "0.0047749933", "reggae": "0.048703358", "rock": "0.0031622348"}}, {"model_name": "genre_electronic", "activations": {"ambient": "0.16892037", "dnb": "0.5102954", "house": "0.23091757", "techno": "0.4092844", "trance": "0.015089911"}}, {"model_name": "mood_acoustic", "activations": {"acoustic": "0.0003604689", "not acoustic": "0.