{"song_id": "1182254338542936144", "download": "https://cdn.discordapp.com/attachments/1135911532732108921/1182254338542936144/chirp.mp4?ex=65840727&amp", "lyrics": "Get down and get silly,\nWith Babs, Nick and Lilly,\nGet down,\nGet Silly,\nWith Babs, Nick and Lilly", "style": ["reggae"], "essentia_features": {"lowlevel.average_loudness": 0.984764039516449, "lowlevel.barkbands_crest.mean": 13.754074096679688, "lowlevel.barkbands_crest.stdev": 5.685786247253418, "lowlevel.barkbands_flatness_db.mean": 0.19963505864143372, "lowlevel.barkbands_flatness_db.stdev": 0.07559772580862045, "lowlevel.barkbands_kurtosis.mean": 14.043121337890625, "lowlevel.barkbands_kurtosis.stdev": 22.259429931640625, "lowlevel.barkbands_skewness.mean": 2.4001359939575195, "lowlevel.barkbands_skewness.stdev": 2.088911294937134, "lowlevel.barkbands_spread.mean": 17.75700569152832, "lowlevel.barkbands_spread.stdev": 20.66053009033203, "lowlevel.dissonance.mean": 0.4360496699810028, "lowlevel.dissonance.stdev": 0.052999142557382584, "lowlevel.dynamic_complexity": 3.47831392288208, "lowlevel.erbbands_crest.mean": 14.317000389099121, "lowlevel.erbbands_crest.stdev": 7.098282814025879, "lowlevel.erbbands_flatness_db.mean": 0.191567063331604, "lowlevel.erbbands_flatness_db.stdev": 0.07268399745225906, "lowlevel.erbbands_kurtosis.mean": 3.263486623764038, "lowlevel.erbbands_kurtosis.stdev": 6.642077445983887, "lowlevel.erbbands_skewness.mean": 0.7686044573783875, "lowlevel.erbbands_skewness.stdev": 1.3962265253067017, "lowlevel.erbbands_spread.mean": 36.60795974731445, "lowlevel.erbbands_spread.stdev": 25.28980827331543, "lowlevel.hfc.mean": 15.330806732177734, "lowlevel.hfc.stdev": 16.862060546875, "lowlevel.loudness_ebu128.integrated": -18.55585289001465, "lowlevel.loudness_ebu128.loudness_range": 0.7434310913085938, "lowlevel.loudness_ebu128.momentary.mean": -18.790531158447266, "lowlevel.loudness_ebu128.momentary.stdev": 1.4410121440887451, "lowlevel.loudness_ebu128.short_term.mean": -18.623266220092773, "lowlevel.loudness_ebu128.short_term.stdev": 0.2954510450363159, "lowlevel.melbands_crest.mean": 18.921300888061523, "lowlevel.melbands_crest.stdev": 5.671918869018555, "lowlevel.melbands_flatness_db.mean": 0.2717045843601227, "lowlevel.melbands_flatness_db.stdev": 0.08123316615819931, "lowlevel.melbands_kurtosis.mean": 31.001291275024414, "lowlevel.melbands_kurtosis.stdev": 46.23146057128906, "lowlevel.melbands_skewness.mean": 3.512601852416992, "lowlevel.melbands_skewness.stdev": 2.6762728691101074, "lowlevel.melbands_spread.mean": 16.74445152282715, "lowlevel.melbands_spread.stdev": 24.763294219970703, "lowlevel.pitch_salience.mean": 0.43867889046669006, "lowlevel.pitch_salience.stdev": 0.15216228365898132, "lowlevel.silence_rate_20dB.mean": 1.0, "lowlevel.silence_rate_20dB.stdev": 0.0, "lowlevel.silence_rate_30dB.mean": 1.0, "lowlevel.silence_rate_30dB.stdev": 0.0, "lowlevel.silence_rate_60dB.mean": 0.07739938050508499, "lowlevel.silence_rate_60dB.stdev": 0.2672244906425476, "lowlevel.spectral_centroid.mean": 950.2952880859375, "lowlevel.spectral_centroid.stdev": 729.3177490234375, "lowlevel.spectral_complexity.mean": 8.399380683898926, "lowlevel.spectral_complexity.stdev": 6.107265472412109, "lowlevel.spectral_decrease.mean": -5.56726620359882e-09, "lowlevel.spectral_decrease.stdev": 5.974199357439147e-09, "lowlevel.spectral_energy.mean": 0.022402696311473846, "lowlevel.spectral_energy.stdev": 0.023633882403373718, "lowlevel.spectral_energyband_high.mean": 0.0005441614193841815, "lowlevel.spectral_energyband_high.stdev": 0.0012814668007194996, "lowlevel.spectral_energyband_low.mean": 0.005609080661088228, "lowlevel.spectral_energyband_low.stdev": 0.011682934127748013, "lowlevel.spectral_energyband_middle_high.mean": 0.0028118363115936518, "lowlevel.spectral_energyband_middle_high.stdev": 0.004531076177954674, "lowlevel.spectral_energyband_middle_low.mean": 0.013799438253045082, "lowlevel.spectral_energyband_middle_low.stdev": 0.01812133751809597, "lowlevel.spectral_entropy.mean": 7.111993312835693, "lowlevel.spectral_entropy.stdev": 0.6865147948265076, "lowlevel.spectral_flux.mean": 0.08794457465410233, "lowlevel.spectral_flux.stdev": 0.06386034190654755, "lowlevel.spectral_kurtosis.mean": 6.457833766937256, "lowlevel.spectral_kurtosis.stdev": 4.964366436004639, "lowlevel.spectral_rms.mean": 0.004137491807341576, "lowlevel.spectral_rms.stdev": 0.0021765672136098146, "lowlevel.spectral_rolloff.mean": 1304.19287109375, "lowlevel.spectral_rolloff.stdev": 2013.733642578125, "lowlevel.spectral_skewness.mean": 1.8807663917541504, "lowlevel.spectral_skewness.stdev": 0.7141381502151489, "lowlevel.spectral_spread.mean": 4869242.5, "lowlevel.spectral_spread.stdev": 2077412.625, "lowlevel.spectral_strongpeak.mean": 1.226365089416504, "lowlevel.spectral_strongpeak.stdev": 1.5417404174804688, "lowlevel.zerocrossingrate.mean": 0.05276763439178467, "lowlevel.zerocrossingrate.stdev": 0.04991929233074188, "metadata.audio_properties.analysis.equal_loudness": 0.0, "metadata.audio_properties.analysis.length": 7.466643810272217, "metadata.audio_properties.analysis.sample_rate": 44100.0, "metadata.audio_properties.analysis.start_time": 0.0, "metadata.audio_properties.bit_rate": 123859.0, "metadata.audio_properties.length": 7.4666666984558105, "metadata.audio_properties.lossless": 0.0, "metadata.audio_properties.number_channels": 1.0, "metadata.audio_properties.replay_gain": -9.682275772094727, "metadata.audio_properties.sample_rate": 48000.0, "rhythm.beats_count": 20.0, "rhythm.beats_loudness.mean": 0.029421990737318993, "rhythm.beats_loudness.stdev": 0.010638807900249958, "rhythm.bpm": 165.9644012451172, "rhythm.bpm_histogram_first_peak_bpm": 167.0, "rhythm.bpm_histogram_first_peak_weight": 0.0, "rhythm.bpm_histogram_second_peak_bpm": 172.0, "rhythm.bpm_histogram_second_peak_spread": 0.0, "rhythm.bpm_histogram_second_peak_weight": 0.21052631735801697, "rhythm.danceability": 1.9105228185653687, "rhythm.onset_rate": 5.208030700683594, "tonal.chords_changes_rate": 0.18518517911434174, "tonal.chords_number_rate": 0.06790123134851456, "tonal.chords_strength.mean": 0.4783494174480438, "tonal.chords_strength.stdev": 0.09906553477048874, "tonal.hpcp_crest.mean": 14.871538162231445, "tonal.hpcp_crest.stdev": 7.965921878814697, "tonal.hpcp_entropy.mean": 1.915911078453064, "tonal.hpcp_entropy.stdev": 0.8923084139823914, "tonal.key_edma.strength": 0.7590270638465881, "tonal.key_krumhansl.strength": 0.7495325207710266, "tonal.key_temperley.strength": 0.73633873462677, "tonal.tuning_diatonic_strength": 0.6482376456260681, "tonal.tuning_equal_tempered_deviation": 0.2491864562034607, "tonal.tuning_frequency": 431.6923522949219, "tonal.tuning_nontempered_energy_ratio": 0.8917341828346252, "lowlevel.barkbands.mean": [5.4309581173583865e-05, 0.003344254568219185, 0.0018796267686411738, 0.0007132701575756073, 0.004717586096376181, 0.0012402666034176946, 0.0005775077152065933, 0.004630543291568756, 0.0018828221363946795, 0.00042606095666997135, 0.0001383112685289234, 0.0006289280136115849, 0.0003430337819736451, 0.000313174823531881, 0.00041022824007086456, 0.0002164485485991463, 0.00016745226457715034, 4.050738425576128e-05, 5.472513657878153e-05, 0.00013542511442210525, 6.004555689287372e-05, 5.077700916444883e-05, 7.974794425535947e-05, 0.00012155799777247012, 7.780423038639128e-05, 8.744026854401454e-05, 1.0857395864150021e-05], "lowlevel.barkbands.stdev": [0.00015729517326690257, 0.009005863219499588, 0.003281345358118415, 0.0020151943899691105, 0.009281432256102562, 0.002883919281885028, 0.0021761751268059015, 0.011943209916353226, 0.00921294279396534, 0.0018103619804605842, 0.0006957858568057418, 0.002708984538912773, 0.0012635770253837109, 0.0006493843975476921, 0.0009885256877169013, 0.0005483732093125582, 0.00033614487620070577, 0.0001046885663527064, 0.00011798131163232028, 0.0003230277798138559, 0.00013984041288495064, 0.00013117300113663077, 0.0002496156666893512, 0.0005359905771911144, 0.00021623415523208678, 0.00019260596309322864, 3.1904910429148003e-05], "lowlevel.erbbands.mean": [0.0684909075498581, 0.8473265767097473, 2.393674612045288, 2.1295745372772217, 6.220548629760742, 17.02866554260254, 23.578208923339844, 5.980911731719971, 4.469998359680176, 27.55945587158203, 123.3895263671875, 51.859439849853516, 8.887022972106934, 15.208012580871582, 13.024630546569824, 20.91419792175293, 12.60266399383545, 18.635231018066406, 28.296405792236328, 13.882420539855957, 11.574950218200684, 7.874650955200195, 2.58701753616333, 2.4150781631469727, 3.8612358570098877, 6.757184982299805, 3.1105523109436035, 2.02046537399292, 1.8447422981262207, 2.082274913787842, 2.1436445713043213, 2.695605754852295, 1.9186158180236816, 1.0174598693847656, 0.46745508909225464, 0.29262831807136536, 0.16970890760421753, 0.045822031795978546, 0.0012611113488674164, 5.451480683404952e-05], "lowlevel.erbbands.stdev": [0.24641045928001404, 2.0840022563934326, 3.8998687267303467, 5.278533458709717, 19.358943939208984, 36.77011489868164, 44.92919158935547, 20.76787567138672, 13.487940788269043, 65.1445541381836, 312.6519775390625, 224.97271728515625, 26.476282119750977, 72.82320404052734, 70.08828735351562, 82.14523315429688, 40.79462814331055, 47.491024017333984, 64.96656036376953, 30.913990020751953, 19.535669326782227, 14.066072463989258, 6.3135151863098145, 5.191381454467773, 6.977750301361084, 17.315597534179688, 7.086086273193359, 4.393809795379639, 4.648345470428467, 5.6864166259765625, 6.8274617195129395, 12.831365585327148, 8.201286315917969, 3.682305335998535, 1.076579213142395, 0.6651322841644287, 0.3735208511352539, 0.10832604020833969, 0.003585845697671175, 8.347346738446504e-05], "lowlevel.gfcc.mean": [-64.0713119506836, 93.03695678710938, -97.67845153808594, 31.38606834411621, -51.043704986572266, 11.046869277954102, -44.79359817504883, 1.6766822338104248, -17.351896286010742, 5.681057453155518, -18.98221778869629, -10.40105152130127, -11.373857498168945], "lowlevel.melbands.mean": [0.0007802176987752318, 0.001184529042802751, 0.0004715783870778978, 0.0008435723721049726, 0.0008528133039362729, 0.0001442156353732571, 7.883825310273096e-05, 0.00043595011811703444, 0.0009640897042118013, 0.00024997329455800354, 3.6577072023646906e-05, 6.470256630564108e-05, 2.97346523439046e-05, 6.863557064207271e-05, 3.328591992612928e-05, 3.9075010136002675e-05, 3.06848633044865e-05, 4.8063520807772875e-05, 1.9625680579338223e-05, 1.6208625311264768e-05, 1.4534025467582978e-05, 1.0016265150625259e-05, 2.8858735277026426e-06, 1.8036449773717322e-06, 1.899168751151592e-06, 2.238412434962811e-06, 4.387125954963267e-06, 4.2585443225107156e-06, 2.0279492218833184e-06, 1.4761421880393755e-06, 1.0464759725437034e-06, 1.0660960469976999e-06, 9.54851657297695e-07, 1.2450543636077782e-06, 1.0813722610691912e-06, 1.5823995909158839e-06, 1.6503329334227601e-06, 1.4520713875754154e-06, 1.056626047102327e-06, 7.638435590706649e-07], "lowlevel.melbands.stdev": [0.002424871549010277, 0.002103699604049325, 0.0011433687759563327, 0.0021741355303674936, 0.001504614483565092, 0.00044662575237452984, 0.00026318052550777793, 0.0009823028231039643, 0.0023639833088964224, 0.0012440148275345564, 0.0001242212747456506, 0.000314571923809126, 0.00015313050244003534, 0.00031913910061120987, 0.00020807879627682269, 0.000139813098940067, 7.738730346318334e-05, 0.00010977756028296426, 3.9822123653721064e-05, 4.8901849368121475e-05, 2.6294634153600782e-05, 1.994737613131292e-05, 7.175524842750747e-06, 4.45240539193037e-06, 4.238705059833592e-06, 5.143054750078591e-06, 1.1012379218300339e-05, 1.06158177004545e-05, 5.033850811742013e-06, 3.728300043803756e-06, 2.2289505068329163e-06, 2.7151595531904604e-06, 2.6829488888324704e-06, 3.5580028452386614e-06, 2.912723630288383e-06, 7.332985205721343e-06, 8.131311005854513e-06, 6.235754881345201e-06, 4.380204245535424e-06, 2.5921219730662415e-06], "lowlevel.melbands128.mean": [4.6483746700687334e-05, 0.0004157146322540939, 0.0010622512781992555, 0.0015245749382302165, 0.001450904062949121, 0.0007623459678143263, 0.0003834922972600907, 0.000366994587238878, 0.0005832622409798205, 0.0009021347505040467, 0.0009449384524486959, 0.00112357537727803, 0.0009946901118382812, 0.0002918642130680382, 0.00010839731112355366, 7.370395178440958e-05, 4.274238017387688e-05, 5.220801176619716e-05, 0.00014495007053483278, 0.00023868170683272183, 0.0004211822524666786, 0.0014373328303918242, 0.0010298076085746288, 0.0005920832045376301, 0.0003750223550014198, 8.060259278863668e-05, 2.1444617232191376e-05, 2.152523120457772e-05, 4.881851054960862e-05, 9.756816871231422e-05, 6.469982326962054e-05, 1.420944681740366e-05, 1.1387083759473171e-05, 4.030739364679903e-05, 0.00010150454181712121, 5.698019958799705e-05, 5.66708913538605e-05, 4.3504711356945336e-05, 9.275286174670327e-06, 1.1403583812352736e-05, 5.559785131481476e-05, 6.907744682393968e-05, 2.008849878620822e-05, 1.6220104953390546e-05, 3.317526716273278e-05, 7.210818876046687e-05, 4.5972828957019374e-05, 6.495734396594344e-06, 1.447818249289412e-05, 2.4241893697762862e-05, 1.793298542906996e-05, 5.96281279285904e-06, 1.0341438610339537e-05, 2.199464688601438e-05, 1.6557662092964165e-05, 8.695636097399984e-06, 4.2819474401767366e-06, 3.2632956390443724e-06, 2.4223872969741933e-06, 1.9990950477222214e-06, 1.8174667957282509e-06, 1.4763836588826962e-06, 2.016751977862441e-06, 1.921458533615805e-06, 1.830492919907556e-06, 2.515744199627079e-06, 2.169774916183087e-06, 2.505268412278383e-06, 4.535204425337724e-06, 7.933505912660621e-06, 4.498283487919252e-06, 2.370636593695963e-06, 2.4247667624877067e-06, 2.08179608307546e-06, 1.3755509371549124e-06, 1.670855795055104e-06, 1.4549406159858336e-06, 9.968413223759853e-07, 1.0500914413569262e-06, 9.728921668283874e-07, 1.1657539289444685e-06, 1.0683036180125782e-06, 9.347280069960107e-07, 8.438553891210177e-07, 1.0144121915800497e-06, 1.3903191984354635e-06, 1.2487532785598887e-06, 1.153931066255609e-06, 8.856911790644517e-07, 1.1685200433930731e-06, 1.5280494380931486e-06, 1.631349391573167e-06, 1.7849598634711583e-06, 1.8496971279091667e-06, 1.3239008467280655e-06, 1.6284160437862738e-06, 1.552082949274336e-06, 1.100274630516651e-06, 1.047114437824348e-06, 1.0205707212662674e-06, 1.0250579407511395e-06, 7.374368919954577e-07, 4.454044812973734e-07, 4.4342243654682534e-07, 4.979290793016844e-07, 5.648508931699325e-07, 5.854822688888817e-07, 4.575865091283049e-07, 4.383569773835916e-07, 6.015725944052974e-07, 4.729957652216399e-07, 5.148691570866504e-07, 5.54019209175749e-07, 5.932137128183967e-07, 5.805331966257654e-07, 5.829015208291821e-07, 3.1624065854884975e-07, 1.4832777139872633e-07, 2.4892456096381466e-08, 7.887715654242289e-12, 3.7658361672077145e-12, 3.6166308663154734e-12, 3.4905828227849156e-12, 3.3990566437880343e-12, 3.2941743950687385e-12, 3.1643721930957325e-12, 3.0907403372748554e-12, 3.060970530863183e-12], "lowlevel.melbands128.stdev": [0.00014699781604576856, 0.0016183670377358794, 0.003944097552448511, 0.0034057588782161474, 0.0023328112438321114, 0.0014702726621180773, 0.0010708881309255958, 0.001023520133458078, 0.0019493928411975503, 0.0033723553642630577, 0.002285424619913101, 0.0021981364116072655, 0.002102293772622943, 0.0007567625143565238, 0.0006762815755791962, 0.0002779594506137073, 0.00012285147386137396, 0.00028168337303213775, 0.0005780864739790559, 0.000995982438325882, 0.0010683482978492975, 0.004246899858117104, 0.0029853356536477804, 0.003041357034817338, 0.002161137294024229, 0.0009432716178707778, 0.00011168693890795112, 7.72045532357879e-05, 0.00019573300960473716, 0.0005275703151710331, 0.0003909071092493832, 5.945144221186638e-05, 5.494992728927173e-05, 0.0003494442207738757, 0.0007344995974563062, 0.00029340156470425427, 0.0002867802104447037, 0.0003851384681183845, 7.51234547351487e-05, 3.169368937960826e-05, 0.00024542451137676835, 0.0002903731947299093, 6.792188651161268e-05, 4.551295205601491e-05, 0.00010069378913613036, 0.0001926865807035938, 0.00015882342995610088, 1.4805075807089452e-05, 4.4012078433297575e-05, 7.442042988259345e-05, 7.828490197425708e-05, 1.4692466720589437e-05, 2.0191806470393203e-05, 5.273634451441467e-05, 3.862561788992025e-05, 3.0225013688323088e-05, 8.01868191047106e-06, 8.52258199302014e-06, 8.098455509752966e-06, 6.684264462819556e-06, 5.059150680608582e-06, 3.374364496266935e-06, 5.432410944194999e-06, 4.702158094005426e-06, 4.764979621540988e-06, 8.345146852661856e-06, 5.912795131735038e-06, 5.24751976627158e-06, 1.289005194848869e-05, 3.339150862302631e-05, 1.3126758858561516e-05, 5.212642463447992e-06, 6.366705747495871e-06, 6.157976713438984e-06, 3.656276248875656e-06, 4.463566710910527e-06, 4.272940259397728e-06, 2.255100525871967e-06, 2.24630935008463e-06, 2.3603402041771915e-06, 3.154967316731927e-06, 2.9452382932504406e-06, 2.6028035335912136e-06, 2.6246059405821143e-06, 3.094549811066827e-06, 4.434136826603208e-06, 4.353607437224127e-06, 3.234373025406967e-06, 2.2611113763559842e-06, 4.406504103826592e-06, 6.765112175344257e-06, 8.808716302155517e-06, 8.097325007838663e-06, 1.023031109070871e-05, 6.717206360917771e-06, 6.778936040063854e-06, 7.177362022048328e-06, 5.1249753596493974e-06, 4.408672793942969e-06, 4.0273457670991775e-06, 4.619223091140157e-06, 2.4165055947378278e-06, 1.1009540230588755e-06, 1.1690766541505582e-06, 1.2312524404478609e-06, 1.5051165291879443e-06, 1.436744582861138e-06, 1.1650063242996112e-06, 1.2467970691432129e-06, 1.5262388615155942e-06, 1.202381440634781e-06, 1.2817371271012235e-06, 1.33237131194619e-06, 1.3873303714717622e-06, 1.5377337376776268e-06, 1.6214271454373375e-06, 7.478919314962695e-07, 7.063041493893252e-07, 1.886664762196233e-07, 3.3219205164414234e-11, 8.631820085092112e-12, 7.905224218285323e-12, 7.526100402610592e-12, 7.210643974270292e-12, 7.086582622800597e-12, 7.050500374500279e-12, 7.0222859645252544e-12, 6.936754122499611e-12], "lowlevel.mfcc.mean": [-716.8703002929688, 125.20089721679688, 13.250568389892578, 25.186182022094727, 15.714686393737793, 10.682429313659668, -7.030517578125, -7.642152786254883, 0.0841677188873291, 9.610753059387207, -4.717094421386719, 2.233172655105591, -3.008133888244629], "lowlevel.spectral_contrast_coeffs.mean": [-0.666325032711029, -0.7084653377532959, -0.7905765771865845, -0.7795896530151367, -0.8088330030441284, -0.7747313976287842], "lowlevel.spectral_contrast_coeffs.stdev": [0.0864642858505249, 0.12349478900432587, 0.08300299197435379, 0.07461194694042206, 0.05068066716194153, 0.039873264729976654], "lowlevel.spectral_contrast_valleys.mean": [-7.186267852783203, -7.606104373931885, -8.41903018951416, -8.304715156555176, -8.398347854614258, -11.019620895385742], "lowlevel.spectral_contrast_valleys.stdev": [0.8542128205299377, 0.8309662938117981, 0.8670139312744141, 0.829882025718689, 0.8801999092102051, 1.1429957151412964], "rhythm.beats_loudness_band_ratio.mean": [0.34566542506217957, 0.23944878578186035, 0.14867936074733734, 0.17423498630523682, 0.09302300959825516, 0.059297483414411545], "rhythm.beats_loudness_band_ratio.stdev": [0.24787235260009766, 0.21670883893966675, 0.193474680185318, 0.25759685039520264, 0.09538759291172028, 0.06455401331186295], "tonal.hpcp.mean": [0.1443982720375061, 0.14132513105869293, 0.06968166679143906, 0.0464545339345932, 0.05331268906593323, 0.06713728606700897, 0.07957437634468079, 0.08343057334423065, 0.0875663161277771, 0.09431859850883484, 0.09608141332864761, 0.09021809697151184, 0.09151886403560638, 0.12461864948272705, 0.16840960085391998, 0.21595580875873566, 0.1917075663805008, 0.11110307276248932, 0.06553798168897629, 0.03798599913716316, 0.05060204863548279, 0.0819057747721672, 0.061597734689712524, 0.030098043382167816, 0.06627751886844635, 0.11299315840005875, 0.0953468456864357, 0.08416789770126343, 0.09474505484104156, 0.08511144667863846, 0.15230832993984222, 0.1595977544784546, 0.06937352567911148, 0.04673391208052635, 0.07739772647619247, 0.10228187590837479], "tonal.hpcp.stdev": [0.2699723541736603, 0.26538124680519104, 0.16974516212940216, 0.14373181760311127, 0.1565719097852707, 0.20183806121349335, 0.19923824071884155, 0.2110150307416916, 0.19987116754055023, 0.22079314291477203, 0.20908235013484955, 0.21214567124843597, 0.2156040221452713, 0.25445425510406494, 0.2933843433856964, 0.32139652967453003, 0.29883429408073425, 0.21897506713867188, 0.1681496500968933, 0.11243055015802383, 0.16136310994625092, 0.23033662140369415, 0.1758233606815338, 0.08029121905565262, 0.17021895945072174, 0.2770989239215851, 0.20921944081783295, 0.21146441996097565, 0.23191939294338226, 0.2058809995651245, 0.2816302180290222, 0.2948702871799469, 0.15828460454940796, 0.13384708762168884, 0.18575350940227509, 0.21270979940891266], "rhythm.beats_position": [0.29024943709373474, 0.6037188172340393, 0.9636281132698059, 1.3235373497009277, 1.6718367338180542, 2.0201361179351807, 2.3800454139709473, 2.739954710006714, 3.111473798751831, 3.4829931259155273, 3.842902421951294, 4.2028117179870605, 4.551111221313477, 4.899410247802734, 5.25931978225708, 5.619228839874268, 5.979138374328613, 6.339047431945801, 6.6989569664001465, 7.058866024017334], "rhythm.bpm_histogram": [0.0, 0.0, 0.0, 0.0, 0.0, 0.0, 0.0, 0.0, 0.0, 0.0, 0.0, 0.0, 0.0, 0.0, 0.0, 0.0, 0.0, 0.0, 0.0, 0.0, 0.0, 0.0, 0.0, 0.0, 0.0, 0.0, 0.0, 0.0, 0.0, 0.0, 0.0, 0.0, 0.0, 0.0, 0.0, 0.0, 0.0, 0.0, 0.0, 0.0, 0.0, 0.0, 0.0, 0.0, 0.0, 0.0, 0.0, 0.0, 0.0, 0.0, 0.0, 0.0, 0.0, 0.0, 0.0, 0.0, 0.0, 0.0, 0.0, 0.0, 0.0, 0.0, 0.0, 0.0, 0.0, 0.0, 0.0, 0.0, 0.0, 0.0, 0.0, 0.0, 0.0, 0.0, 0.0, 0.0, 0.0, 0.0, 0.0, 0.0, 0.0, 0.0, 0.0, 0.0, 0.0, 0.0, 0.0, 0.0, 0.0, 0.0, 0.0, 0.0, 0.0, 0.0, 0.0, 0.0, 0.0, 0.0, 0.0, 0.0, 0.0, 0.0, 0.0, 0.0, 0.0, 0.0, 0.0, 0.0, 0.0, 0.0, 0.0, 0.0, 0.0, 0.0, 0.0, 0.0, 0.0, 0.0, 0.0, 0.0, 0.0, 0.0, 0.0, 0.0, 0.0, 0.0, 0.0, 0.0, 0.0, 0.0, 0.0, 0.0, 0.0, 0.0, 0.0, 0.0, 0.0, 0.0, 0.0, 0.0, 0.0, 0.0, 0.0, 0.0, 0.0, 0.0, 0.0, 0.0, 0.0, 0.0, 0.0, 0.0, 0.0, 0.0, 0.0, 0.0, 0.0, 0.0, 0.0, 0.0, 0.0, 0.10526315867900848, 0.0, 0.0, 0.0, 0.0, 0.0, 0.6315789222717285, 0.0, 0.0, 0.0, 0.0, 0.21052631735801697, 0.0, 0.0, 0.0, 0.0, 0.0, 0.0, 0.0, 0.0, 0.0, 0.0, 0.0, 0.0, 0.0, 0.0, 0.0, 0.0, 0.0, 0.0, 0.05263157933950424, 0.0, 0.0, 0.0, 0.0, 0.0, 0.0, 0.0, 0.0, 0.0, 0.0, 0.0, 0.0, 0.0, 0.0, 0.0, 0.0, 0.0, 0.0, 0.0, 0.0, 0.0, 0.0, 0.0, 0.0, 0.0, 0.0, 0.0, 0.0, 0.0, 0.0, 0.0, 0.0, 0.0, 0.0, 0.0, 0.0, 0.0, 0.0, 0.0, 0.0, 0.0, 0.0, 0.0, 0.0, 0.0, 0.0, 0.0, 0.0, 0.0, 0.0, 0.0, 0.0, 0.0, 0.0, 0.0, 0.0, 0.0, 0.0], "tonal.chords_histogram": [17.283950805664062, 14.197530746459961, 9.876543045043945, 5.55555534362793, 9.259259223937988, 2.4691357612609863, 0.0, 0.0, 0.0, 0.0, 0.0, 0.0, 24.074073791503906, 6.790123462677002, 0.0, 1.2345678806304932, 0.0, 0.0, 0.0, 8.024691581726074, 0.0, 0.0, 1.2345678806304932, 0.0], "tonal.thpcp": [1.0, 0.8877166509628296, 0.5144713521003723, 0.3034786581993103, 0.17589709162712097, 0.23431667685508728, 0.379271000623703, 0.2852330505847931, 0.13937130570411682, 0.3069031536579132, 0.5232235193252563, 0.4415109157562256, 0.38974592089653015, 0.4387242794036865, 0.3941151201725006, 0.7052754759788513, 0.7390297055244446, 0.3212394416332245, 0.2164049744606018, 0.35839614272117615, 0.4736241102218628, 0.668647289276123, 0.6544169187545776, 0.32266631722450256, 0.21511130034923553, 0.24686850607395172, 0.31088438630104065, 0.3684752881526947, 0.386331707239151, 0.40548256039619446, 0.43674951791763306, 0.4449123740196228, 0.41776183247566223, 0.42378515005111694, 0.5770562291145325, 0.7798336148262024], "lowlevel.gfcc.cov": [[7602.44775390625, -2168.517578125, 207.89535522460938, -625.4707641601562, -10.18708610534668, -87.43951416015625, -247.0820770263672, 223.12034606933594, -112.18974304199219, 558.6512451171875, -383.9185485839844, 388.602294921875, -238.26669311523438], [-2168.517578125, 2180.56005859375, -535.9942626953125, -41.29157638549805, -38.51032638549805, -162.59954833984375, 236.34715270996094, -160.99151611328125, 211.7177276611328, -252.6784210205078, 250.9302520751953, -315.1424560546875, 278.35150146484375], [207.89535522460938, -535.9942626953125, 1060.9119873046875, 397.362060546875, 278.2408142089844, 269.73956298828125, -17.04484748840332, 87.30648040771484, -148.16368103027344, 33.67871856689453, -100.34789276123047, 197.25257873535156, -135.0511932373047], [-625.4707641601562, -41.29157638549805, 397.362060546875, 865.8447875976562, 284.0350036621094, 49.19868850708008, -170.6575927734375, -184.8848114013672, -68.12104797363281, 15.527942657470703, 83.53980255126953, -56.33748245239258, 31.837295532226562], [-10.18708610534668, -38.51032638549805, 278.2408142089844, 284.0350036621094, 467.9989929199219, 109.13238525390625, -16.663530349731445, -20.488008499145508, -3.5043771266937256, 73.5613021850586, -30.418542861938477, 16.964033126831055, -22.897642135620117], [-87.43951416015625, -162.59954833984375, 269.73956298828125, 49.19868850708008, 109.13238525390625, 347.7511901855469, 125.48564910888672, 56.403812408447266, -65.9913330078125, -26.469751358032227, 29.412105560302734, 114.2643051147461, -64.0992660522461], [-247.0820770263672, 236.34715270996094, -17.04484748840332, -170.6575927734375, -16.663530349731445, 125.48564910888672, 301.0627746582031, 146.7078857421875, 19.711801528930664, -61.57453918457031, -2.070539951324463, 14.217716217041016, -0.5333829522132874], [223.12034606933594, -160.99151611328125, 87.30648040771484, -184.8848114013672, -20.488008499145508, 56.403812408447266, 146.7078857421875, 307.2789611816406, 145.8483123779297, 26.490549087524414, -131.9586639404297, -12.475170135498047, -42.94003677368164], [-112.18974304199219, 211.7177276611328, -148.16368103027344, -68.12104797363281, -3.5043771266937256, -65.9913330078125, 19.711801528930664, 145.8483123779297, 294.7605895996094, 38.16578674316406, -46.57062911987305, -141.9167022705078, 26.011871337890625], [558.6512451171875, -252.6784210205078, 33.67871856689453, 15.527942657470703, 73.5613021850586, -26.469751358032227, -61.57453918457031, 26.490549087524414, 38.16578674316406, 210.4391326904297, -7.186054706573486, 4.347299098968506, -30.64295768737793], [-383.9185485839844, 250.9302520751953, -100.34789276123047, 83.53980255126953, -30.418542861938477, 29.412105560302734, -2.070539951324463, -131.9586639404297, -46.57062911987305, -7.186054706573486, 202.18516540527344, 20.000564575195312, 61.082275390625], [388.602294921875, -315.1424560546875, 197.25257873535156, -56.33748245239258, 16.964033126831055, 114.2643051147461, 14.217716217041016, -12.475170135498047, -141.9167022705078, 4.347299098968506, 20.000564575195312, 225.16989135742188, -36.635276794433594], [-238.26669311523438, 278.35150146484375, -135.0511932373047, 31.837295532226562, -22.897642135620117, -64.0992660522461, -0.5333829522132874, -42.94003677368164, 26.011871337890625, -30.64295768737793, 61.082275390625, -36.635276794433594, 146.0572052001953]], "lowlevel.gfcc.icov": [[0.0002497821405995637, 0.00016406904614996165, 2.651237764439429e-06, 0.00017500021203886718, 1.0598725566524081e-05, 6.323264824459329e-05, -4.356908175395802e-05, 0.0002212262770626694, -6.079009472159669e-05, -0.0005109072662889957, 0.00038163489080034196, -0.00026783443172462285, -0.0001697503903415054], [0.00016406904614996165, 0.0018383599817752838, -0.0006280523957684636, 0.0008902709232643247, -0.0006632446893490851, 0.0009489981457591057, -0.0020383945666253567, 0.0020948578603565693, -0.0014668249059468508, 0.0012617200845852494, -0.001579191884957254, 0.0018323952099308372, -0.0014437021454796195], [2.651237764439429e-06, -0.0006280523957684636, 0.0027567038778215647, -0.0017100737895816565, -0.00011462668771855533, -0.001082563423551619, 0.00120051228441298, -0.0022918907925486565, 0.0012458933051675558, -0.00045702545321546495, 0.0016322326846420765, -0.0025054006837308407, 0.0013316863914951682], [0.00017500021203886718, 0.0008902709232643247, -0.0017100737895816565, 0.003370479214936495, -0.001350525300949812, 0.00024352110631298274, 0.00023580045672133565, 0.0017233077669516206, -0.00026436452753841877, 0.0006784850847907364, -0.0020098991226404905, 0.00309593603014946, -0.0015178883913904428], [1.0598725566524081e-05, -0.0006632446893490851, -0.00011462668771855533, -0.001350525300949812, 0.0039407904259860516, -0.001473184092901647, -0.0003620302595663816, 0.0012208777479827404, -0.0005855961935594678, -0.002313033677637577, 0.0028796072583645582, -0.0012389125768095255, -9.745020361151546e-05], [6.323264824459329e-05, 0.0009489981457591057, -0.001082563423551619, 0.00024352110631298274, -0.001473184092901647, 0.006502128671854734, -0.0029072121251374483, -0.00010931077849818394, -0.0007410885882563889, 0.001890116953290999, -0.003489888273179531, -0.0007111012237146497, 0.0016300204442813993], [-4.356908175395802e-05, -0.0020383945666253567, 0.00120051228441298, 0.00023580045672133565, -0.0003620302595663816, -0.0029072121251374483, 0.009853659197688103, -0.007642228156328201, 0.004030759911984205, 0.0004503468226175755, -0.0008521928684785962, -0.0005558572593145072, 0.0009224682580679655], [0.0002212262770626694, 0.0020948578603565693, -0.0022918907925486565, 0.0017233077669516206, 0.0012208777479827404, -0.00010931077849818394, -0.007642228156328201, 0.015204092487692833, -0.00780092179775238, -0.0011854192707687616, 0.004800548776984215, 0.0005895528593100607, -0.0022599752992391586], [-6.079009472159669e-05, -0.0014668249059468508, 0.0012458933051675558, -0.00026436452753841877, -0.0005855961935594678, -0.0007410885882563889, 0.004030759911984205, -0.00780092179775238, 0.009882321581244469, -0.0013536764308810234, -0.000731283740606159, 0.0029833074659109116, 0.000220291709410958], [-0.0005109072662889957, 0.0012617200845852494, -0.00045702545321546495, 0.0006784850847907364, -0.002313033677637577, 0.001890116953290999, 0.0004503468226175755, -0.0011854192707687616, -0.0013536764308810234, 0.009158692322671413, -0.004915100522339344, 0.0019093980081379414, 0.0010085874237120152], [0.00038163489080034196, -0.001579191884957254, 0.0016322326846420765, -0.0020098991226404905, 0.0028796072583645582, -0.003489888273179531, -0.0008521928684785962, 0.004800548776984215, -0.000731283740606159, -0.004915100522339344, 0.014119644649326801, -0.004893820267170668, -0.002125835046172142], [-0.00026783443172462285, 0.0018323952099308372, -0.0025054006837308407, 0.00309593603014946, -0.0012389125768095255, -0.0007111012237146497, -0.0005558572593145072, 0.0005895528593100607, 0.0029833074659109116, 0.0019093980081379414, -0.004893820267170668, 0.012894812040030956, -0.0021052092779427767], [-0.0001697503903415054, -0.0014437021454796195, 0.0013316863914951682, -0.0015178883913904428, -9.745020361151546e-05, 0.0016300204442813993, 0.0009224682580679655, -0.0022599752992391586, 0.000220291709410958, 0.0010085874237120152, -0.002125835046172142, -0.0021052092779427767, 0.011455677449703217]], "lowlevel.mfcc.cov": [[6975.3603515625, -1297.230224609375, -270.239501953125, -417.166259765625, -145.45704650878906, -198.32723999023438, -259.8216552734375, -337.0730895996094, 60.94376754760742, 37.09833526611328, -22.682619094848633, 40.6220703125, 59.11097717285156], [-1297.230224609375, 1578.9610595703125, -292.6201477050781, -80.27102661132812, -227.3977508544922, -45.21116256713867, 24.875749588012695, 76.95580291748047, 50.13753128051758, 39.77539825439453, -10.456706047058105, 38.578277587890625, -16.110429763793945], [-270.239501953125, -292.6201477050781, 705.3136596679688, 158.71160888671875, 174.3505096435547, 133.016845703125, 145.90635681152344, 136.44090270996094, -4.436084270477295, -122.59968566894531, 18.829208374023438, 17.26920509338379, 22.97395896911621], [-417.166259765625, -80.27102661132812, 158.71160888671875, 589.8125610351562, 326.0893249511719, 139.30685424804688, -11.108790397644043, -135.5322723388672, -38.29416275024414, 67.14278411865234, -47.72930145263672, -41.1097297668457, -22.833545684814453], [-145.45704650878906, -227.3977508544922, 174.3505096435547, 326.0893249511719, 477.02178955078125, 195.47811889648438, 0.2201050966978073, -60.4774055480957, 0.10234306752681732, 70.8345947265625, 0.7604239583015442, -23.579069137573242, -3.0666022300720215], [-198.32723999023438, -45.21116256713867, 133.016845703125, 139.30685424804688, 195.47811889648438, 273.1775817871094, 144.40463256835938, 18.335023880004883, -75.07006072998047, -57.189579010009766, -5.196228504180908, 42.40215301513672, 3.1994030475616455], [-259.8216552734375, 24.875749588012695, 145.90635681152344, -11.108790397644043, 0.2201050966978073, 144.40463256835938, 288.4499816894531, 139.4316864013672, -22.072099685668945, -114.16133117675781, -4.018076419830322, 37.66356658935547, 28.753694534301758], [-337.0730895996094, 76.95580291748047, 136.44090270996094, -135.5322723388672, -60.4774055480957, 18.335023880004883, 139.4316864013672, 313.21539306640625, 103.6580810546875, -72.3434829711914, 46.77214813232422, 15.080962181091309, 23.43881607055664], [60.94376754760742, 50.13753128051758, -4.436084270477295, -38.29416275024414, 0.10234306752681732, -75.07006072998047, -22.072099685668945, 103.6580810546875, 261.14410400390625, 136.2086639404297, 56.393070220947266, 13.20216178894043, 19.622957229614258], [37.09833526611328, 39.77539825439453, -122.59968566894531, 67.14278411865234, 70.8345947265625, -57.189579010009766, -114.16133117675781, -72.3434829711914, 136.2086639404297, 259.0743408203125, 58.8554801940918, 1.5399218797683716, -8.793761253356934], [-22.682619094848633, -10.456706047058105, 18.829208374023438, -47.72930145263672, 0.7604239583015442, -5.196228504180908, -4.018076419830322, 46.77214813232422, 56.393070220947266, 58.8554801940918, 143.89393615722656, 50.62863540649414, -7.612222671508789], [40.6220703125, 38.578277587890625, 17.26920509338379, -41.1097297668457, -23.579069137573242, 42.40215301513672, 37.66356658935547, 15.080962181091309, 13.20216178894043, 1.5399218797683716, 50.62863540649414, 123.18741607666016, 30.786861419677734], [59.11097717285156, -16.110429763793945, 22.97395896911621, -22.833545684814453, -3.0666022300720215, 3.1994030475616455, 28.753694534301758, 23.43881607055664, 19.622957229614258, -8.793761253356934, -7.612222671508789, 30.786861419677734, 107.52247619628906]], "lowlevel.mfcc.icov": [[0.00021551591635216027, 0.00019249203614890575, 6.624238449148834e-05, 0.00019386499479878694, 4.607307710102759e-05, -7.434149301843718e-05, 7.801899482728913e-05, 0.00036051016650162637, -0.00031186913838610053, 0.0001744112087180838, 6.560268229804933e-05, -9.108367521548644e-05, -5.664390482706949e-05], [0.00019249203614890575, 0.0009604000370018184, 0.000405635975766927, -0.00010001187911257148, 0.0005301899509504437, -0.00028352055232971907, 7.382355397567153e-05, -0.00013986570411361754, -0.0002698330790735781, -0.00010085825488204136, 0.0003475795965641737, -0.00041041497024707496, 0.00014758943871129304], [6.624238449148834e-05, 0.000405635975766927, 0.0023642012383788824, -0.0007105148979462683, -0.0005821344093419611, 0.00022224400890991092, -0.00035394614678807557, -0.0007700028945691884, -0.0004031255666632205, 0.0013972443994134665, -0.0005206869100220501, -0.0004338371509220451, -0.00011718364839907736], [0.00019386499479878694, -0.00010001187911257148, -0.0007105148979462683, 0.0036035669036209583, -0.001721283420920372, -0.0003371675848029554, -0.00031103711808100343, 0.0016400283202528954, -0.0001958758948603645, -0.0006721735117025673, 0.000969153712503612, 0.00048331328434869647, 0.00039311411092057824], [4.607307710102759e-05, 0.0005301899509504437, -0.0005821344093419611, -0.001721283420920372, 0.006067855749279261, -0.004914160817861557, 0.0018503728788346052, 0.00018245086539536715, -0.0009935892885550857, -0.0011765820672735572, -0.0006293437909334898, 0.0022199396044015884, -0.0009974418208003044], [-7.434149301843718e-05, -0.00028352055232971907, 0.00022224400890991092, -0.0003371675848029554, -0.004914160817861557, 0.011211445555090904, -0.004723319783806801, -0.0007781384629197419, 0.0030647374223917723, 6.251505692489445e-05, 0.0007570520392619073, -0.004324928391724825, 0.0015760274836793542], [7.801899482728913e-05, 7.382355397567153e-05, -0.00035394614678807557, -0.00031103711808100343, 0.0018503728788346052, -0.004723319783806801, 0.007714034989476204, -0.0021589002572000027, -0.0006204490782693028, 0.0013498173793777823, 0.00033050987985916436, -1.0785871381813195e-05, -0.001171092502772808], [0.00036051016650162637, -0.00013986570411361754, -0.0007700028945691884, 0.0016400283202528954, 0.00018245086539536715, -0.0007781384629197419, -0.0021589002572000027, 0.008440859615802765, -0.004952676128596067, 0.003482308704406023, -0.00239642895758152, 0.0021134656853973866, -0.0005268146633170545], [-0.00031186913838610053, -0.0002698330790735781, -0.0004031255666632205, -0.0001958758948603645, -0.0009935892885550857, 0.0030647374223917723, -0.0006204490782693028, -0.004952676128596067, 0.009860029444098473, -0.00612376956269145, 0.0007388443918898702, -0.001419448759406805, -0.0005399790243245661], [0.0001744112087180838, -0.00010085825488204136, 0.0013972443994134665, -0.0006721735117025673, -0.0011765820672735572, 6.251505692489445e-05, 0.0013498173793777823, 0.003482308704406023, -0.00612376956269145, 0.010618115775287151, -0.0035965931601822376, 0.0004997270880267024, -0.00011948972678510472], [6.560268229804933e-05, 0.0003475795965641737, -0.0005206869100220501, 0.000969153712503612, -0.0006293437909334898, 0.0007570520392619073, 0.00033050987985916436, -0.00239642895758152, 0.0007388443918898702, -0.0035965931601822376, 0.01137302815914154, -0.005284993909299374, 0.0026160464622080326], [-9.108367521548644e-05, -0.00041041497024707496, -0.0004338371509220451, 0.00048331328434869647, 0.0022199396044015884, -0.004324928391724825, -1.0785871381813195e-05, 0.0021134656853973866, -0.001419448759406805, 0.0004997270880267024, -0.005284993909299374, 0.013477984815835953, -0.004015295300632715], [-5.664390482706949e-05, 0.00014758943871129304, -0.00011718364839907736, 0.00039311411092057824, -0.0009974418208003044, 0.0015760274836793542, -0.001171092502772808, -0.0005268146633170545, -0.0005399790243245661, -0.00011948972678510472, 0.0026160464622080326, -0.004015295300632715, 0.011238505132496357]], "metadata.audio_properties.analysis.downmix": "mix", "metadata.audio_properties.codec": "mp3", "metadata.audio_properties.md5_encoded": "07488c80b1e5c723c780f2093d9fd2d4", "metadata.tags.file_name": "1182254338542936144.mp3", "metadata.version.essentia": "2.1-beta6-dev", "metadata.version.essentia_git_sha": "v2.1_beta5-1110-g77a6a954", "metadata.version.extractor": "music 2.0", "tonal.chords_key": "C#", "tonal.chords_scale": "major", "tonal.key_edma.key": "G", "tonal.key_edma.scale": "major", "tonal.key_krumhansl.key": "G", "tonal.key_krumhansl.scale": "major", "tonal.key_temperley.key": "G", "tonal.key_temperley.scale": "major", "metadata.tags.encoding": ["Lavf58.45.100"]}, "essentia_models": [{"model_name": "genre_dortmund", "activations": {"alternative": "0.007919965", "blues": "0.02285156", "electronic": "0.0018698771", "folkcountry": "0.008013025", "funksoulrnb": "0.042044222", "jazz": "0.008504077", "pop": "0.0011702514", "raphiphop": "0.8584812", "rock": "0.06272574"}}, {"model_name": "genre_rosamerica", "activations": {"classic": "0.0043825693", "dance": "4.382209e-05", "hip hop": "0.85290647", "jazz": "0.0010347313", "pop": "0.025369894", "rhythm and blues": "0.1437853", "rock": "0.026034718", "speech": "0.007876808"}}, {"model_name": "genre_tzanetakis", "activations": {"blues": "0.2080981", "classic": "3.5077097e-05", "country": "0.0008504478", "disco": "0.0015072664", "hip hop": "0.6121053", "jazz": "4.814752e-05", "metal": "0.00030259354", "pop": "0.00014699389", "reggae": "0.08119534", "rock": "0.0061003366"}}, {"model_name": "genre_electronic", "activations": {"ambient": "0.23748559", "dnb": "0.5893626", "house": "0.46033108", "techno