{"song_id": "1182279770499727390", "download": "https://cdn.discordapp.com/attachments/1128313332273782784/1182279770499727390/chirp.mp4?ex=65841ed6&amp", "lyrics": "\u0443\u0441\u0441\u0441\u0430\u0430\u0430\u0430\u0430\u0430\u043b \u0443\u0441\u0442\u0430\u043b\n\u043b\u044b \u043b\u044b \u043b\u044b \u043b\u044b \u0432\u043f\u0435\u0440\u0435\u0434\u0438 \u043a\u0443\u043b\u044b\n\u0442\u0430\u0449\u0438\u043b \u0438\u0448\u0430\u043a \u0441\u043e\u043b\u043e\u043c\u0438\u043d\u0443\u0443\u0443\u0443\n\u0430 \u043c\u043d\u0435 \u0431\u044b\u043b \u0434\u0435\u0441\u044f\u0442\u044c \u043b\u0435\u0442\n(chorus) \n\u0420\u0430\u043a\u0430 \u043a\u0443\u0441\u0442 \u043c\u043d\u0435 \u0442\u0435\u043f\u0435\u0440\u044c \n\u043a\u0430\u043a \u043f\u0442\u0438\u0446\u0435 turbo \u0444\u043b\u044f\u043d\u0435\u0446\n\u0442\u044b \u043d\u0430 \u0441\u0435\u0434\u0438\u043d\u0443 \u0432 \u0440\u0435\u0431\u0440\u0435 \u043d\u0435 \u0441\u043c\u043e\u0442\u0440\u0438! \n(verse) \n\u0443\u043b\u0435\u0442\u0430\u044e\u0442 \u0436\u0443\u0440\u0430\u0432\u043b\u0438\n\u0430 \u0441\u0438\u043d\u0438\u0446\u0430 \u0441\u0434\u043e\u0445\u043b\u0430 \u0432 \u0441\u0438\u043d\u0435\u0432\u0435", "style": ["random"], "essentia_features": {"lowlevel.average_loudness": 0.979322612285614, "lowlevel.barkbands_crest.mean": 11.164586067199707, "lowlevel.barkbands_crest.stdev": 4.633387565612793, "lowlevel.barkbands_flatness_db.mean": 0.12261413782835007, "lowlevel.barkbands_flatness_db.stdev": 0.04906941205263138, "lowlevel.barkbands_kurtosis.mean": 3.089615821838379, "lowlevel.barkbands_kurtosis.stdev": 11.628808975219727, "lowlevel.barkbands_skewness.mean": 1.4183319807052612, "lowlevel.barkbands_skewness.stdev": 1.466031551361084, "lowlevel.barkbands_spread.mean": 37.41734313964844, "lowlevel.barkbands_spread.stdev": 15.96202278137207, "lowlevel.dissonance.mean": 0.4871848523616791, "lowlevel.dissonance.stdev": 0.012049914337694645, "lowlevel.dynamic_complexity": 1.876047968864441, "lowlevel.erbbands_crest.mean": 7.485809803009033, "lowlevel.erbbands_crest.stdev": 3.4942657947540283, "lowlevel.erbbands_flatness_db.mean": 0.14348742365837097, "lowlevel.erbbands_flatness_db.stdev": 0.031430087983608246, "lowlevel.erbbands_kurtosis.mean": 0.3245508670806885, "lowlevel.erbbands_kurtosis.stdev": 1.735701560974121, "lowlevel.erbbands_skewness.mean": -0.6265771985054016, "lowlevel.erbbands_skewness.stdev": 0.7252777814865112, "lowlevel.erbbands_spread.mean": 50.55315399169922, "lowlevel.erbbands_spread.stdev": 20.54985237121582, "lowlevel.hfc.mean": 28.24875831604004, "lowlevel.hfc.stdev": 15.236725807189941, "lowlevel.loudness_ebu128.integrated": -16.735198974609375, "lowlevel.loudness_ebu128.loudness_range": 1.3208789825439453, "lowlevel.loudness_ebu128.momentary.mean": -16.89906120300293, "lowlevel.loudness_ebu128.momentary.stdev": 1.3075604438781738, "lowlevel.loudness_ebu128.short_term.mean": -16.710182189941406, "lowlevel.loudness_ebu128.short_term.stdev": 0.5565073490142822, "lowlevel.melbands_crest.mean": 17.588462829589844, "lowlevel.melbands_crest.stdev": 5.40281343460083, "lowlevel.melbands_flatness_db.mean": 0.18073581159114838, "lowlevel.melbands_flatness_db.stdev": 0.06561937183141708, "lowlevel.melbands_kurtosis.mean": 21.493316650390625, "lowlevel.melbands_kurtosis.stdev": 44.70857620239258, "lowlevel.melbands_skewness.mean": 3.520320415496826, "lowlevel.melbands_skewness.stdev": 2.4934380054473877, "lowlevel.melbands_spread.mean": 36.813140869140625, "lowlevel.melbands_spread.stdev": 26.209306716918945, "lowlevel.pitch_salience.mean": 0.522065281867981, "lowlevel.pitch_salience.stdev": 0.122785285115242, "lowlevel.silence_rate_20dB.mean": 1.0, "lowlevel.silence_rate_20dB.stdev": 0.0, "lowlevel.silence_rate_30dB.mean": 0.9878331422805786, "lowlevel.silence_rate_30dB.stdev": 0.10963010042905807, "lowlevel.silence_rate_60dB.mean": 0.01332560833543539, "lowlevel.silence_rate_60dB.stdev": 0.11466406285762787, "lowlevel.spectral_centroid.mean": 2360.615966796875, "lowlevel.spectral_centroid.stdev": 736.1127319335938, "lowlevel.spectral_complexity.mean": 28.44090461730957, "lowlevel.spectral_complexity.stdev": 10.888602256774902, "lowlevel.spectral_decrease.mean": -8.307530663387297e-09, "lowlevel.spectral_decrease.stdev": 7.133951207549671e-09, "lowlevel.spectral_energy.mean": 0.033916786313056946, "lowlevel.spectral_energy.stdev": 0.027423052117228508, "lowlevel.spectral_energyband_high.mean": 0.002287808805704117, "lowlevel.spectral_energyband_high.stdev": 0.0013831336982548237, "lowlevel.spectral_energyband_low.mean": 0.019892051815986633, "lowlevel.spectral_energyband_low.stdev": 0.025422902777791023, "lowlevel.spectral_energyband_middle_high.mean": 0.005205327179282904, "lowlevel.spectral_energyband_middle_high.stdev": 0.005115916486829519, "lowlevel.spectral_energyband_middle_low.mean": 0.007676911540329456, "lowlevel.spectral_energyband_middle_low.stdev": 0.00901030469685793, "lowlevel.spectral_entropy.mean": 7.915047645568848, "lowlevel.spectral_entropy.stdev": 0.19662868976593018, "lowlevel.spectral_flux.mean": 0.1031465083360672, "lowlevel.spectral_flux.stdev": 0.06101242080330849, "lowlevel.spectral_kurtosis.mean": 2.150444984436035, "lowlevel.spectral_kurtosis.stdev": 1.3015367984771729, "lowlevel.spectral_rms.mean": 0.005401506554335356, "lowlevel.spectral_rms.stdev": 0.0019781962037086487, "lowlevel.spectral_rolloff.mean": 2367.99365234375, "lowlevel.spectral_rolloff.stdev": 2016.535400390625, "lowlevel.spectral_skewness.mean": 0.7326573133468628, "lowlevel.spectral_skewness.stdev": 0.3043549954891205, "lowlevel.spectral_spread.mean": 4283835.5, "lowlevel.spectral_spread.stdev": 1791212.5, "lowlevel.spectral_strongpeak.mean": 0.5928150415420532, "lowlevel.spectral_strongpeak.stdev": 0.7359445095062256, "lowlevel.zerocrossingrate.mean": 0.08536916226148605, "lowlevel.zerocrossingrate.stdev": 0.04997139424085617, "metadata.audio_properties.analysis.equal_loudness": 0.0, "metadata.audio_properties.analysis.length": 40.04265213012695, "metadata.audio_properties.analysis.sample_rate": 44100.0, "metadata.audio_properties.analysis.start_time": 0.0, "metadata.audio_properties.bit_rate": 122180.0, "metadata.audio_properties.length": 40.042667388916016, "metadata.audio_properties.lossless": 0.0, "metadata.audio_properties.number_channels": 1.0, "metadata.audio_properties.replay_gain": -9.559457778930664, "metadata.audio_properties.sample_rate": 48000.0, "rhythm.beats_count": 60.0, "rhythm.beats_loudness.mean": 0.033329445868730545, "rhythm.beats_loudness.stdev": 0.012300056405365467, "rhythm.bpm": 90.56038665771484, "rhythm.bpm_histogram_first_peak_bpm": 91.0, "rhythm.bpm_histogram_first_peak_weight": 0.18518519401550293, "rhythm.bpm_histogram_second_peak_bpm": 86.0, "rhythm.bpm_histogram_second_peak_spread": 0.0, "rhythm.bpm_histogram_second_peak_weight": 0.08474576473236084, "rhythm.danceability": 1.3555885553359985, "rhythm.onset_rate": 3.79483699798584, "tonal.chords_changes_rate": 0.0833333358168602, "tonal.chords_number_rate": 0.008101851679384708, "tonal.chords_strength.mean": 0.6209677457809448, "tonal.chords_strength.stdev": 0.08618395030498505, "tonal.hpcp_crest.mean": 10.840476036071777, "tonal.hpcp_crest.stdev": 4.593305587768555, "tonal.hpcp_entropy.mean": 2.4312562942504883, "tonal.hpcp_entropy.stdev": 0.7521451115608215, "tonal.key_edma.strength": 0.6276209354400635, "tonal.key_krumhansl.strength": 0.6340541243553162, "tonal.key_temperley.strength": 0.6379708647727966, "tonal.tuning_diatonic_strength": 0.6612967252731323, "tonal.tuning_equal_tempered_deviation": 0.23225046694278717, "tonal.tuning_frequency": 445.3697204589844, "tonal.tuning_nontempered_energy_ratio": 0.8976927995681763, "lowlevel.barkbands.mean": [0.00028415286215022206, 0.010748418979346752, 0.007777740713208914, 0.002182519296184182, 0.0018204298103228211, 0.0003918037982657552, 0.0005617525894194841, 0.0013223778223618865, 0.0012973588891327381, 0.000367926579201594, 0.00045535326353274286, 0.00046415551332756877, 0.0005586749175563455, 0.00038559941458515823, 0.0002942816645372659, 0.00048556181718595326, 0.0005782678490504622, 0.0006875577964819968, 0.0006192937726154923, 0.0007755194674246013, 0.0008838215144351125, 0.000598045124206692, 0.00017979397671297193, 0.00010208418098045513, 5.341697033145465e-05, 3.8021102227503434e-05, 2.851702902262332e-06], "lowlevel.barkbands.stdev": [0.0006254552863538265, 0.019160011783242226, 0.008916587568819523, 0.0024090949445962906, 0.005178273655474186, 0.0010378193110227585, 0.0011595868272706866, 0.0029127399902790785, 0.0029119839891791344, 0.001330012222751975, 0.001921075046993792, 0.0010149208828806877, 0.0012437268160283566, 0.0009109810343943536, 0.0006176967290230095, 0.0010278639383614063, 0.000857899896800518, 0.0010536832269281149, 0.0005955137312412262, 0.0005649781669490039, 0.0005811249138787389, 0.00040959648322314024, 0.00018484926840756088, 0.00014442244719248265, 0.00010390139505034313, 6.395936361514032e-05, 4.4500270632852335e-06], "lowlevel.erbbands.mean": [0.25617578625679016, 2.6547598838806152, 8.92725944519043, 7.645058631896973, 6.40443229675293, 7.308224678039551, 2.9657583236694336, 3.578571319580078, 6.88132905960083, 14.243599891662598, 33.54240036010742, 31.11188316345215, 13.430281639099121, 16.485572814941406, 18.907054901123047, 18.427040100097656, 24.55733299255371, 22.399322509765625, 17.509803771972656, 19.77610206604004, 26.2007999420166, 34.74842834472656, 36.57091522216797, 35.50389862060547, 30.747888565063477, 35.89805221557617, 38.198524475097656, 31.443374633789062, 24.24709701538086, 11.094622611999512, 4.088491439819336, 2.5978426933288574, 1.4045454263687134, 0.6424556970596313, 0.32743313908576965, 0.16845229268074036, 0.06861722469329834, 0.01454577874392271, 0.00034175123437307775, 5.131733269081451e-05], "lowlevel.erbbands.stdev": [0.5128219127655029, 4.59086275100708, 10.153980255126953, 7.159178733825684, 9.774521827697754, 22.780197143554688, 7.8378729820251465, 9.235383987426758, 15.708782196044922, 26.328779220581055, 72.1361083984375, 69.18413543701172, 33.614139556884766, 96.67906951904297, 46.84447479248047, 40.1844367980957, 52.53068923950195, 48.72676086425781, 39.31098937988281, 39.402095794677734, 46.060882568359375, 49.97904586791992, 51.28010559082031, 44.94411849975586, 24.050146102905273, 25.30156898498535, 26.528993606567383, 20.860923767089844, 16.75997543334961, 8.94973087310791, 4.217851638793945, 3.4013192653656006, 2.1215109825134277, 1.1692899465560913, 0.7071266174316406, 0.35920649766921997, 0.10390141606330872, 0.021170321851968765, 0.00045600274461321533, 3.289274900453165e-05], "lowlevel.gfcc.mean": [21.288759231567383, 66.04196166992188, -119.39543914794922, 65.94884490966797, -54.80729293823242, 13.003085136413574, -11.9548921585083, 11.880533218383789, -19.977279663085938, 4.075376033782959, -27.067279815673828, -2.8775274753570557, -23.697710037231445], "lowlevel.melbands.mean": [0.0026657674461603165, 0.004140089266002178, 0.0013374506961554289, 0.0005074423388577998, 0.000135673166369088, 8.095447265077382e-05, 0.00010591271711746231, 0.00018704401736613363, 0.00027946539921686053, 0.0001816977164708078, 6.106827640905976e-05, 6.32513256277889e-05, 6.072040196158923e-05, 5.740331835113466e-05, 4.183849523542449e-05, 5.915650399401784e-05, 3.921525785699487e-05, 2.8899185053887777e-05, 2.1589745301753283e-05, 3.348786776768975e-05, 2.863023109966889e-05, 3.4391872759442776e-05, 3.640553040895611e-05, 3.13192285830155e-05, 2.8663096600212157e-05, 2.1893569282838143e-05, 2.3579534172313288e-05, 2.3768487153574824e-05, 2.47064763243543e-05, 2.1986945284879766e-05, 1.6452264389954507e-05, 1.4912553524482064e-05, 9.307739674113691e-06, 4.982050086255185e-06, 2.379279976594262e-06, 1.6077842701633926e-06, 1.6249218788289e-06, 1.1148705425512162e-06, 7.01701765137841e-07, 4.6995575075925444e-07], "lowlevel.melbands.stdev": [0.004959560930728912, 0.005050592590123415, 0.001186773064546287, 0.0013004912761971354, 0.0003707901341840625, 0.00020737212616950274, 0.0002337097976123914, 0.0003646421537268907, 0.0005861808895133436, 0.00041677034460008144, 0.00017013137403409928, 0.0003723457339219749, 0.0001800548634491861, 0.0001248702610610053, 8.596157567808405e-05, 0.0001385087671224028, 9.095779387280345e-05, 7.102202653186396e-05, 4.357464058557525e-05, 8.024500129977241e-05, 4.8587862693239003e-05, 5.398714347393252e-05, 5.2110910473857075e-05, 5.2852356020594016e-05, 3.7972353311488405e-05, 2.0374698578962125e-05, 1.8136996004614048e-05, 1.8233226001029834e-05, 1.9551858713384718e-05, 1.5782959962962195e-05, 1.1424643162172288e-05, 1.0837738045665901e-05, 7.324092166527407e-06, 4.805865046364488e-06, 2.681794967429596e-06, 1.9760475424845936e-06, 2.3638838229089743e-06, 1.7697757357382216e-06, 1.1307943168503698e-06, 9.789413297767169e-07], "lowlevel.melbands128.mean": [0.00024701718939468265, 0.001708272029645741, 0.0036887768656015396, 0.004497555550187826, 0.005033545661717653, 0.0033432089257985353, 0.001499299076385796, 0.0010752958478406072, 0.0004817377484869212, 0.0006129579269327223, 0.00042457072413526475, 0.0001349988888250664, 7.979010115377605e-05, 8.873063052305952e-05, 7.916037429822609e-05, 7.07340586814098e-05, 0.00010194367496296763, 0.00011582361912587658, 0.00010364907211624086, 0.0001375873398501426, 0.00023116817465052009, 0.0003309999010525644, 0.0002663763880264014, 0.00026455376064404845, 0.00022968335542827845, 0.00014662319154012948, 7.671549974475056e-05, 5.101093847770244e-05, 4.764912955579348e-05, 4.7425099182873964e-05, 8.961767161963508e-05, 5.4372925660572946e-05, 5.655112545355223e-05, 6.48965869913809e-05, 6.16407414781861e-05, 6.0381902585504577e-05, 4.1074701584875584e-05, 3.604425728553906e-05, 4.155450005782768e-05, 6.215396570041776e-05, 6.921072781551629e-05, 4.767154314322397e-05, 3.7790523492731154e-05, 3.501034007058479e-05, 3.374240986886434e-05, 2.741759453783743e-05, 2.5051840566447936e-05, 1.88594676728826e-05, 2.024706373049412e-05, 2.7553822292247787e-05, 3.775814548134804e-05, 3.717284562299028e-05, 2.9497708965209313e-05, 2.3686825443292037e-05, 2.8662994736805558e-05, 3.51563940057531e-05, 4.0891103708418086e-05, 3.7334018998080865e-05, 3.630520586739294e-05, 3.0104372854111716e-05, 3.242427555960603e-05, 3.062931136810221e-05, 3.0027715183678083e-05, 2.9837925467290916e-05, 2.3455850168829784e-05, 2.1866273527848534e-05, 1.9966239051427692e-05, 2.132245572283864e-05, 2.6900703232968226e-05, 2.380530168011319e-05, 2.128338201146107e-05, 2.549232158344239e-05, 2.5526325771352276e-05, 2.6288185836165212e-05, 2.115876122843474e-05, 2.0719233361887746e-05, 2.5850156816886738e-05, 1.7355076124658808e-05, 1.53376877278788e-05, 1.3747530829277821e-05, 1.6779997167759575e-05, 1.5380293916678056e-05, 1.1054202332161367e-05, 9.837517609412316e-06, 6.4303922044928186e-06, 5.496465291798813e-06, 4.683693532570032e-06, 3.3679909847705858e-06, 2.0515492451522732e-06, 1.8732213220573612e-06, 1.7655106603342574e-06, 1.446129999749246e-06, 1.45185060773656e-06, 1.6703312439858564e-06, 1.730272856548254e-06, 1.56979854182282e-06, 9.035633183884784e-07, 5.400513032327581e-07, 8.091942049759382e-07, 7.72875296206621e-07, 4.496373549045529e-07, 4.6572611722695e-07, 3.8892508769095e-07, 3.8958404502409394e-07, 2.820526958657865e-07, 3.860170636471594e-07, 4.60195622054016e-07, 3.204620782071288e-07, 2.574282405021222e-07, 2.3465999277050287e-07, 2.817978668190335e-07, 2.1653195858561958e-07, 2.087571431275137e-07, 2.240557250843267e-07, 1.752703013835344e-07, 1.8392431400116038e-07, 1.1407215794179137e-07, 1.4794337310775063e-08, 5.062425739027487e-12, 4.741664526297651e-12, 4.597321221627704e-12, 4.493986779929848e-12, 4.387582311360383e-12, 4.297323781543572e-12, 4.182099111460502e-12, 4.03591266309733e-12, 3.948901101946678e-12, 3.9186505602917254e-12], "lowlevel.melbands128.stdev": [0.0005914025823585689, 0.0038441414944827557, 0.007658765651285648, 0.008042184635996819, 0.0059717558324337006, 0.003856875002384186, 0.0015011378563940525, 0.001198859652504325, 0.0008586368057876825, 0.0019283215515315533, 0.0014201109297573566, 0.00044669315684586763, 0.00024058505368884653, 0.00027489548665471375, 0.0002273994468851015, 0.00021690940775442868, 0.0002895393408834934, 0.000275290833087638, 0.0002255913568660617, 0.0003102329501416534, 0.0005909065948799253, 0.0009363220306113362, 0.0007348587969318032, 0.000810249475762248, 0.0006369162583723664, 0.0005377067136578262, 0.00023310717369895428, 0.00019665701256599277, 0.00024098684662021697, 0.0002248582022730261, 0.0008033901685848832, 0.0002787086123134941, 0.00023681740276515484, 0.00019249723118264228, 0.0001426920498488471, 0.00017026205023285002, 0.00012460169091355056, 9.161559864878654e-05, 9.893436799757183e-05, 0.00016214704373851418, 0.00020089128520339727, 0.00013621384277939796, 0.00010616383224260062, 9.744591807248071e-05, 0.00011159639689140022, 8.467252337140962e-05, 6.953433330636472e-05, 4.513238673098385e-05, 5.3728850616607815e-05, 6.708902219543234e-05, 0.00011812533921329305, 9.561631304677576e-05, 6.000283610774204e-05, 4.675873424275778e-05, 5.745790622313507e-05, 6.449165084632114e-05, 6.827295146649703e-05, 6.0815353208454326e-05, 6.674027827102691e-05, 5.188447903492488e-05, 6.494910485344008e-05, 7.938613271107897e-05, 5.232685725786723e-05, 4.1146100556943566e-05, 3.0183209673850797e-05, 2.4716058760532178e-05, 2.032933298323769e-05, 2.1614276192849502e-05, 2.4767359718680382e-05, 2.161671727662906e-05, 1.9952087313868105e-05, 2.6574614821583964e-05, 2.7319758373778313e-05, 2.477702400938142e-05, 1.8365228243055753e-05, 1.6593372492934577e-05, 2.458519156789407e-05, 1.4789694432693068e-05, 1.3273601325636264e-05, 1.1483373782539275e-05, 1.4477596778306179e-05, 1.3215434591984376e-05, 9.933911314874422e-06, 9.408134246768896e-06, 5.877164767298382e-06, 5.724827133235522e-06, 5.79918923904188e-06, 4.7643120524298865e-06, 2.4452042453049216e-06, 2.36504365602741e-06, 2.3607997263752623e-06, 2.128993173755589e-06, 2.273922746098833e-06, 2.6418917968840105e-06, 2.8648778425122146e-06, 2.6677346340875374e-06, 1.693297122074e-06, 1.0227420261799125e-06, 1.3586719660452218e-06, 1.3898735460315947e-06, 1.0125380640602089e-06, 1.0591080581434653e-06, 1.1450049441918964e-06, 1.076372882380383e-06, 6.506999739031016e-07, 8.55221742313006e-07, 1.083547772395832e-06, 7.69881864925992e-07, 7.747767654109339e-07, 4.927939585286367e-07, 5.675680085914792e-07, 4.1480282675365743e-07, 2.991268104324263e-07, 3.314780769869685e-07, 2.815323512095347e-07, 3.07998192283776e-07, 1.754272744847185e-07, 2.797103348939345e-08, 8.118171933302332e-12, 7.866356871444324e-12, 7.659940390314368e-12, 7.48144341616852e-12, 7.325740708497008e-12, 7.190359418984826e-12, 7.084102401910819e-12, 6.995108051827126e-12, 6.931765057782702e-12, 6.892838296662651e-12], "lowlevel.mfcc.mean": [-613.7957763671875, 85.32791137695312, -3.793776750564575, 54.57089614868164, -11.92432689666748, 18.351232528686523, 6.000833034515381, 13.930765151977539, 10.652714729309082, 5.089998245239258, 7.015517711639404, 5.887158393859863, -1.9349372386932373], "lowlevel.spectral_contrast_coeffs.mean": [-0.6782324910163879, -0.788397490978241, -0.8097382187843323, -0.8094393014907837, -0.798765242099762, -0.6269278526306152], "lowlevel.spectral_contrast_coeffs.stdev": [0.06827973574399948, 0.0712696760892868, 0.05093071237206459, 0.05258030816912651, 0.028332633897662163, 0.06845921277999878], "lowlevel.spectral_contrast_valleys.mean": [-6.8426313400268555, -6.733579158782959, -7.270061492919922, -7.462859630584717, -6.643008232116699, -10.487566947937012], "lowlevel.spectral_contrast_valleys.stdev": [1.1726452112197876, 1.1623504161834717, 1.1420416831970215, 1.113224983215332, 1.1012500524520874, 1.2617077827453613], "rhythm.beats_loudness_band_ratio.mean": [0.45654425024986267, 0.13966043293476105, 0.1106964647769928, 0.08110249787569046, 0.08128166943788528, 0.15600654482841492], "rhythm.beats_loudness_band_ratio.stdev": [0.22737988829612732, 0.11192945390939713, 0.09531909972429276, 0.08037891238927841, 0.06683897227048874, 0.09503495693206787], "tonal.hpcp.mean": [0.4115845859050751, 0.19629666209220886, 0.11301388591527939, 0.08083018660545349, 0.06575466692447662, 0.06631746143102646, 0.06484457850456238, 0.07166330516338348, 0.08035174757242203, 0.06990996748209, 0.07463404536247253, 0.08194014430046082, 0.0799923837184906, 0.08456888049840927, 0.08198598027229309, 0.0692562460899353, 0.06860845535993576, 0.09496089816093445, 0.1494522988796234, 0.18156912922859192, 0.20471104979515076, 0.18387368321418762, 0.1063254326581955, 0.0689423605799675, 0.06333835422992706, 0.05624651908874512, 0.050620537251234055, 0.058790698647499084, 0.07139834016561508, 0.08026573061943054, 0.08492959290742874, 0.09137154370546341, 0.09674764424562454, 0.12024935334920883, 0.24427707493305206, 0.45551764965057373], "tonal.hpcp.stdev": [0.3882318139076233, 0.29516157507896423, 0.23527391254901886, 0.19891518354415894, 0.17166462540626526, 0.16301622986793518, 0.14728447794914246, 0.17768099904060364, 0.1890588104724884, 0.1573948711156845, 0.1647864431142807, 0.16014190018177032, 0.15540443360805511, 0.17897091805934906, 0.1840556561946869, 0.1635477989912033, 0.14988575875759125, 0.18787804245948792, 0.2649030089378357, 0.27146515250205994, 0.23749545216560364, 0.23010413348674774, 0.1589338183403015, 0.12616930902004242, 0.12841404974460602, 0.10978718101978302, 0.1006627306342125, 0.13680996000766754, 0.16137446463108063, 0.173432394862175, 0.19149433076381683, 0.19053642451763153, 0.1969316005706787, 0.2235669046640396, 0.3055814802646637, 0.4198303520679474], "rhythm.beats_position": [0.6733786463737488, 1.369977355003357, 2.0665760040283203, 2.739954710006714, 3.4365532398223877, 4.14476203918457, 4.841360569000244, 5.526349067687988, 6.199728012084961, 6.861496448516846, 7.523265361785889, 8.173423767089844, 8.823582649230957, 9.47374153137207, 10.147119522094727, 10.80888843536377, 11.470657348632812, 12.120816230773926, 12.770975112915039, 13.444353103637695, 14.117732048034668, 14.767890930175781, 15.418049812316895, 16.079818725585938, 16.741586685180664, 17.403356552124023, 18.06512451171875, 18.715282440185547, 19.365442276000977, 20.027210235595703, 20.688980102539062, 21.35074806213379, 22.012516021728516, 22.674285888671875, 23.3360538482666, 23.9862117767334, 24.659591674804688, 25.309749603271484, 25.971519470214844, 26.63328742980957, 27.306665420532227, 27.956825256347656, 28.606983184814453, 29.257143020629883, 29.93052101135254, 30.580678939819336, 31.242448806762695, 31.904216766357422, 32.55437469482422, 33.21614456176758, 33.87791442871094, 34.53968048095703, 35.20145034790039, 35.85160827636719, 36.51337814331055, 37.175148010253906, 37.84852600097656, 38.49868392944336, 39.16045379638672, 39.82221984863281], "rhythm.bpm_histogram": [0.0, 0.0, 0.0, 0.0, 0.0, 0.0, 0.0, 0.0, 0.0, 0.0, 0.0, 0.0, 0.0, 0.0, 0.0, 0.0, 0.0, 0.0, 0.0, 0.0, 0.0, 0.0, 0.0, 0.0, 0.0, 0.0, 0.0, 0.0, 0.0, 0.0, 0.0, 0.0, 0.0, 0.0, 0.0, 0.0, 0.0, 0.0, 0.0, 0.0, 0.0, 0.0, 0.0, 0.0, 0.0, 0.0, 0.0, 0.0, 0.0, 0.0, 0.0, 0.0, 0.0, 0.0, 0.0, 0.0, 0.0, 0.0, 0.0, 0.0, 0.0, 0.0, 0.0, 0.0, 0.0, 0.0, 0.0, 0.0, 0.0, 0.0, 0.0, 0.0, 0.0, 0.0, 0.0, 0.0, 0.0, 0.0, 0.0, 0.0, 0.0, 0.0, 0.0, 0.0, 0.0, 0.016949152573943138, 0.06779661029577255, 0.0, 0.016949152573943138, 0.1525423675775528, 0.0, 0.4406779706478119, 0.3050847351551056, 0.0, 0.0, 0.0, 0.0, 0.0, 0.0, 0.0, 0.0, 0.0, 0.0, 0.0, 0.0, 0.0, 0.0, 0.0, 0.0, 0.0, 0.0, 0.0, 0.0, 0.0, 0.0, 0.0, 0.0, 0.0, 0.0, 0.0, 0.0, 0.0, 0.0, 0.0, 0.0, 0.0, 0.0, 0.0, 0.0, 0.0, 0.0, 0.0, 0.0, 0.0, 0.0, 0.0, 0.0, 0.0, 0.0, 0.0, 0.0, 0.0, 0.0, 0.0, 0.0, 0.0, 0.0, 0.0, 0.0, 0.0, 0.0, 0.0, 0.0, 0.0, 0.0, 0.0, 0.0, 0.0, 0.0, 0.0, 0.0, 0.0, 0.0, 0.0, 0.0, 0.0, 0.0, 0.0, 0.0, 0.0, 0.0, 0.0, 0.0, 0.0, 0.0, 0.0, 0.0, 0.0, 0.0, 0.0, 0.0, 0.0, 0.0, 0.0, 0.0, 0.0, 0.0, 0.0, 0.0, 0.0, 0.0, 0.0, 0.0, 0.0, 0.0, 0.0, 0.0, 0.0, 0.0, 0.0, 0.0, 0.0, 0.0, 0.0, 0.0, 0.0, 0.0, 0.0, 0.0, 0.0, 0.0, 0.0, 0.0, 0.0, 0.0, 0.0, 0.0, 0.0, 0.0, 0.0, 0.0, 0.0, 0.0, 0.0, 0.0, 0.0, 0.0, 0.0, 0.0, 0.0, 0.0, 0.0, 0.0, 0.0, 0.0, 0.0, 0.0, 0.0, 0.0, 0.0, 0.0, 0.0, 0.0, 0.0, 0.0, 0.0, 0.0, 0.0, 0.0, 0.0], "tonal.chords_histogram": [19.328702926635742, 9.375, 2.6620371341705322, 9.490740776062012, 0.0, 0.0, 0.0, 0.0, 1.7361111640930176, 0.0, 50.11574172973633, 0.46296295523643494, 0.0, 0.0, 0.0, 0.11574073880910873, 0.0, 5.787036895751953, 0.0, 0.0, 0.0, 0.0, 0.0, 0.9259259104728699], "tonal.thpcp": [1.0, 0.9035535454750061, 0.4309309720993042, 0.2480999082326889, 0.1774468868970871, 0.144351527094841, 0.1455870270729065, 0.1423536092042923, 0.15732277929782867, 0.17639656364917755, 0.15347367525100708, 0.16384446620941162, 0.17988358438014984, 0.17560765147209167, 0.1856544464826584, 0.1799841970205307, 0.1520385593175888, 0.15061645209789276, 0.20846809446811676, 0.3280933201313019, 0.3985995352268219, 0.4494031071662903, 0.40365874767303467, 0.23341670632362366, 0.1513494849205017, 0.13904698193073273, 0.1234782412648201, 0.11112749576568604, 0.12906348705291748, 0.15674111247062683, 0.1762077361345291, 0.18644632399082184, 0.2005883753299713, 0.21239055693149567, 0.26398396492004395, 0.536262571811676], "lowlevel.gfcc.cov": [[7727.24560546875, 46.35361099243164, -345.2945556640625, 90.1808853149414, -182.6629638671875, 96.23597717285156, -155.4046630859375, 190.65322875976562, -158.7905731201172, 51.21858215332031, -191.9792022705078, 0.773076593875885, -202.5063934326172], [46.35361099243164, 1125.3253173828125, -359.05224609375, 193.0043487548828, 29.264995574951172, -95.2974853515625, 261.8415222167969, -193.86233520507812, 198.4065399169922, -84.61487579345703, 79.53399658203125, -33.66252136230469, 101.20360565185547], [-345.2945556640625, -359.05224609375, 704.751708984375, 105.35638427734375, 38.07474136352539, 97.46810913085938, -45.53158187866211, 149.4049072265625, -105.15653228759766, 42.57069396972656, 14.940220832824707, 28.783092498779297, -18.269962310791016], [90.1808853149414, 193.0043487548828, 105.35638427734375, 327.73565673828125, 78.97538757324219, -12.561738967895508, 94.72604370117188, 23.79106903076172, 125.41583251953125, -30.754150390625, 29.122535705566406, -2.287353515625, 49.265403747558594], [-182.6629638671875, 29.264995574951172, 38.07474136352539, 78.97538757324219, 309.68389892578125, 153.55599975585938, 23.793270111083984, 0.9483646750450134, 40.56935501098633, 20.799715042114258, 6.237663269042969, 9.78300952911377, 4.978979110717773], [96.23597717285156, -95.2974853515625, 97.46810913085938, -12.561738967895508, 153.55599975585938, 266.02532958984375, 52.66087341308594, 21.089717864990234, -65.94496154785156, 24.990873336791992, 24.680599212646484, -12.927729606628418, -25.26036834716797], [-155.4046630859375, 261.8415222167969, -45.53158187866211, 94.72604370117188, 23.793270111083984, 52.66087341308594, 271.9349365234375, 21.281339645385742, 74.15489959716797, -31.224687576293945, 32.61067581176758, -9.309260368347168, 14.831534385681152], [190.65322875976562, -193.86233520507812, 149.4049072265625, 23.79106903076172, 0.9483646750450134, 21.089717864990234, 21.281339645385742, 208.7989501953125, 17.7430477142334, 24.138023376464844, -30.88490104675293, 1.6540699005126953, -25.07735824584961], [-158.7905731201172, 198.4065399169922, -105.15653228759766, 125.41583251953125, 40.56935501098633, -65.94496154785156, 74.15489959716797, 17.7430477142334, 208.03533935546875, 0.4596259295940399, 23.814882278442383, -11.815402030944824, 27.96591567993164], [51.21858215332031, -84.61487579345703, 42.57069396972656, -30.754150390625, 20.799715042114258, 24.990873336791992, -31.224687576293945, 24.138023376464844, 0.4596259295940399, 94.09056091308594, 22.540708541870117, 15.905390739440918, -11.72546672821045], [-191.9792022705078, 79.53399658203125, 14.940220832824707, 29.122535705566406, 6.237663269042969, 24.680599212646484, 32.61067581176758, -30.88490104675293, 23.814882278442383, 22.540708541870117, 95.01377868652344, 14.565277099609375, 25.338247299194336], [0.773076593875885, -33.66252136230469, 28.783092498779297, -2.287353515625, 9.78300952911377, -12.927729606628418, -9.309260368347168, 1.6540699005126953, -11.815402030944824, 15.905390739440918, 14.565277099609375, 71.80264282226562, 32.7579231262207], [-202.5063934326172, 101.20360565185547, -18.269962310791016, 49.265403747558594, 4.978979110717773, -25.26036834716797, 14.831534385681152, -25.07735824584961, 27.96591567993164, -11.72546672821045, 25.338247299194336, 32.7579231262207, 96.71221923828125]], "lowlevel.gfcc.icov": [[0.00023866590345278382, -0.0002596428676042706, 0.00037939174217171967, -0.0006269328878261149, 0.000507829652633518, -0.0005945509765297174, 0.0005124919698573649, -0.00047860207268968225, 0.0003730539174284786, -0.0003159945772495121, 0.0005148759810253978, -0.0007037969189696014, 0.0007356512360274792], [-0.0002596428676042706, 0.0024752120953053236, 9.397801477462053e-05, 0.00017647877393756062, -0.0010808566585183144, 0.0017204912146553397, -0.0023984103463590145, 0.002070194808766246, -0.0006525927456095815, 0.0005583610036410391, -0.001331476727500558, 0.002143165795132518, -0.001917018205858767], [0.00037939174217171967, 9.397801477462053e-05, 0.003336795838549733, -0.0029241847805678844, 0.000687686784658581, -0.0009763158741407096, 0.0010669482871890068, -0.0023443924728780985, 0.0028237926308065653, -0.0010265804594382644, -0.0004934837925247848, -0.0013077607145532966, 0.0013853197451680899], [-0.0006269328878261149, 0.00017647877393756062, -0.0029241847805678844, 0.007876098155975342, -0.0025769260246306658, 0.0021482794545590878, -0.0020660879090428352, 0.0012541944161057472, -0.00424399645999074, 0.00294136768206954, -0.0017194254323840141, 0.0025791835505515337, -0.0035653766244649887], [0.000507829652633518, -0.0010808566585183144, 0.000687686784658581, -0.0025769260246306658, 0.007817431353032589, -0.006851557642221451, 0.002734493464231491, -6.81965466355905e-05, -0.002340517472475767, -0.0012790742330253124, 0.003971730824559927, -0.004663873463869095, 0.0020688092336058617], [-0.0005945509765297174, 0.0017204912146553397, -0.0009763158741407096, 0.0021482794545590878, -0.006851557642221451, 0.011521127074956894, -0.004759928211569786, 0.00057974923402071, 0.00399223854765296, -0.00037288514431566, -0.005203992128372192, 0.006396384909749031, -0.0020846095867455006], [0.0005124919698573649, -0.0023984103463590145, 0.0010669482871890068, -0.0020660879090428352, 0.002734493464231491, -0.004759928211569786, 0.008207093924283981, -0.003270090324804187, -0.0008594574755989015, 0.001526949112303555, 0.0003118070890195668, -0.0035854303278028965, 0.002912757219746709], [-0.00047860207268968225, 0.002070194808766246, -0.0023443924728780985, 0.0012541944161057472, -6.81965466355905e-05, 0.00057974923402071, -0.003270090324804187, 0.009672112762928009, -0.0038450942374765873, -0.001074973144568503, 0.002782708965241909, 0.0009976187720894814, -0.0011712859850376844], [0.0003730539174284786, -0.0006525927456095815, 0.0028237926308065653, -0.00424399645999074, -0.002340517472475767, 0.00399223854765296, -0.0008594574755989015, -0.0038450942374765873, 0.012463921681046486, -0.0031583316158503294, -0.0025203379336744547, 0.0025828671641647816, 0.0002557909465394914], [-0.0003159945772495121, 0.0005583610036410391, -0.0010265804594382644, 0.00294136768206954, -0.0012790742330253124, -0.00037288514431566, 0.001526949112303555, -0.001074973144568503, -0.0031583316158503294, 0.015889575704932213, -0.005572011228650808, -0.0025803889147937298, 0.00169093394652009], [0.0005148759810253978, -0.001331476727500558, -0.0004934837925247848, -0.0017194254323840141, 0.003971730824559927, -0.005203992128372192, 0.0003118070890195668, 0.002782708965241909, -0.0025203379336744547, -0.005572011228650808, 0.018021995201706886, -0.004463111981749535, -0.000792637059930712], [-0.0007037969189696014, 0.002143165795132518, -0.0013077607145532966, 0.0025791835505515337, -0.004663873463869095, 0.006396384909749031, -0.0035854303278028965, 0.0009976187720894814, 0.0025828671641647816, -0.0025803889147937298, -0.004463111981749535, 0.023494616150856018, -0.010406349785625935], [0.0007356512360274792, -0.001917018205858767, 0.0013853197451680899, -0.0035653766244649887, 0.0020688092336058617, -0.0020846095867455006, 0.002912757219746709, -0.0011712859850376844, 0.0002557909465394914, 0.00169093394652009, -0.000792637059930712, -0.010406349785625935, 0.018426407128572464]], "lowlevel.mfcc.cov": [[3614.657958984375, 111.85953521728516, -123.5379409790039, -43.33625411987305, 35.851566314697266, -51.73057174682617, -2.6930503845214844, 10.519926071166992, -2.560241222381592, 23.665618896484375, 26.317615509033203, 32.2478141784668, -100.24018859863281], [111.85953521728516, 763.2891845703125, -255.91148376464844, 181.1971435546875, -179.810302734375, 182.24880981445312, -48.757080078125, 43.556182861328125, 12.601266860961914, -32.8492546081543, 45.80913162231445, -13.196656227111816, 38.327415466308594], [-123.5379409790039, -255.91148376464844, 581.9198608398438, 42.62876892089844, 82.40306854248047, -100.40009307861328, 119.55419921875, 14.139731407165527, -17.814054489135742, 30.983760833740234, -29.63517189025879, 17.71233558654785, 3.1772994995117188], [-43.33625411987305, 181.1971435546875, 42.62876892089844, 386.89080810546875, -42.770206451416016, 25.82179832458496, -83.93165588378906, 91.32743072509766, 73.62479400634766, 41.6494140625, 15.918004035949707, -16.728727340698242, 69.38660430908203], [35.851566314697266, -179.810302734375, 82.40306854248047, -42.770206451416016, 350.6500244140625, 44.327152252197266, 50.1322021484375, -16.886157989501953, 17.527671813964844, 21.951343536376953, -9.360358238220215, 20.349653244018555, -1.6542809009552002], [-51.73057174682617, 182.24880981445312, -100.40009307861328, 25.82179832458496, 44.327152252197266, 266.95709228515625, 77.72408294677734, 39.00405502319336, -14.173236846923828, 15.941411018371582, 12.161126136779785, 15.136281967163086, 14.318992614746094], [-2.6930503845214844, -48.757080078125, 119.55419921875, -83.93165588378906, 50.1322021484375, 77.72408294677734, 229.8209228515625, 48.460205078125, 4.694293022155762, -0.18801172077655792, 16.975004196166992, 29.195831298828125, -17.992856979370117], [10.519926071166992, 43.556182861328125, 14.139731407165527, 91.32743072509766, -16.886157989501953, 39.00405502319336, 48.460205078125, 158.47116088867188, 63.597408294677734, 53.925838470458984, 13.007710456848145, 20.282941818237305, -1.5813262462615967], [-2.560241222381592, 12.601266860961914, -17.814054489135742, 73.62479400634766, 17.527671813964844, -14.173236846923828, 4.694293022155762, 63.597408294677734, 119.17021942138672, 35.7475700378418, 19.046993255615234, 1.3198127746582031, 19.074764251708984], [23.665618896484375, -32.8492546081543, 30.983760833740234, 41.6494140625, 21.951343536376953, 15.941411018371582, -0.18801172077655792, 53.925838470458984, 35.7475700378418, 111.17240142822266, 35.805335998535156, 28.629291534423828, -4.3534345626831055], [26.317615509033203, 45.80913162231445, -29.63517189025879, 15.918004035949707, -9.360358238220215, 12.161126136779785, 16.975004196166992, 13.007710456848145, 19.046993255615234, 35.805335998535156, 87.66780853271484, 29.543540954589844, 0.8585790395736694], [32.2478141784668, -13.196656227111816, 17.71233558654785, -16.728727340698242, 20.349653244018555, 15.136281967163086, 29.195831298828125, 20.282941818237305, 1.3198127746582031, 28.629291534423828, 29.543540954589844, 78.02576446533203, 17.46238899230957], [-100.24018859863281, 38.327415466308594, 3.1772994995117188, 69.38660430908203, -1.6542809009552002, 14.318992614746094, -17.992856979370117, -1.5813262462615967, 19.074764251708984, -4.3534345626831055, 0.8585790395736694, 17.46238899230957, 88.7376937866211]], "lowlevel.mfcc.icov": [[0.0003016800037585199, -0.00011639741569524631, 0.00011886514403158799, -8.751157292863354e-05, -0.00011188123608008027, 0.0002327639958821237, -0.0001244363229488954, 6.721973477397114e-05, 5.2071845857426524e-05, -0.00010968877904815599, 0.00011945967708015814, -0.00027880960260517895, 0.0004286878393031657], [-0.00011639741569524631, 0.0026485570706427097, 0.0004436182207427919, -0.001012537395581603, 0.0011982116848230362, -0.001960276858881116, 0.0004917264450341463, -4.549223376670852e-05, -0.00030516693368554115, 0.0016679371474310756, -0.0012973732082173228, -6.657849007751793e-05, 0.0001110321463784203], [0.00011886514403158799, 0.0004436182207427919, 0.0035850172862410545, -0.0020550882909446955, -0.0005301040946505964, 0.002437097951769829, -0.003564246231690049, 0.0009077651193365455, 0.002100687474012375, -0.002019466133788228, 0.0020117948297411203, -0.0004851464764215052, -0.00016305557801388204], [-8.751157292863354e-05, -0.001012537395581603, -0.0020550882909446955, 0.006219482980668545, -1.3493970982381143e-05, -0.0012411931529641151, 0.0038232486695051193, -0.0036749972496181726, -0.0015327122528105974, 0.0001450066192774102, -0.001995705533772707, 0.003007675288245082, -0.003777353325858712], [-0.00011188123608008027, 0.0011982116848230362, -0.0005301040946505964, -1.3493970982381143e-05, 0.004078828729689121, -0.0020971207413822412, 0.00020700292952824384, 0.001505193067714572, -0.0020300475880503654, 9.481616871198639e-05, 0.00044201957643963397, -0.0010414361022412777, 0.0005105396849103272], [0.0002327639958821237, -0.001960276858881116, 0.002437097951769829, -0.0012411931529641151, -0.0020971207413822412, 0.008374796248972416, -0.0048237210139632225, -0.0004374104901216924, 0.004045205190777779, -0.0035533823538571596, 0.0020746001973748207, 0.00038460796349681914, -0.0015231043798848987], [-0.0001244363229488954, 0.0004917264450341463, -0.003564246231690049, 0.0038232486695051193, 0.00020700292952824384, -0.0048237210139632225, 0.010654577985405922, -0.004238317720592022, -0.0025748335756361485, 0.00475615868344903, -0.00407172879204154, -0.0005301068886183202, 0.0005827570566907525], [6.721973477397114e-05, -4.549223376670852e-05, 0.0009077651193365455, -0.0036749972496181726, 0.001505193067714572, -0.0004374104901216924, -0.004238317720592022, 0.013572528958320618, -0.004921796731650829, -0.0042719426564872265, 0.0041651432402431965, -0.004108760040253401, 0.0040344372391700745], [5.2071845857426524e-05, -0.00030516693368554115, 0.002100687474012375, -0.0015327122528105974, -0.0020300475880503654, 0.004045205190777779, -0.0025748335756361485, -0.004921796731650829, 0.015044701285660267, -0.0033447425812482834, -0.0014763913350179791, 0.0035514654591679573, -0.004069146700203419], [-0.00010968877904815599, 0.0016679371474310756, -0.002019466133788228, 0.0001450066192774102, 9.481616871198639e-05, -0.0035533823538571596, 0.00475615868344903, -0.0042719426564872265, -0.0033447425812482834, 0.016706237569451332, -0.006266321521252394, -0.0035310196690261364, 0.0028720726259052753], [0.00011945967708015814, -0.0012973732082173228, 0.0020117948297411203, -0.001995705533772707, 0.00044201957643963397, 0.0020746001973748207, -0.00407172879204154, 0.0041651432402431965, -0.0014763913350179791, -0.006266321521252394, 0.017966723069548607, -0.006192485801875591, 0.0021605673246085644], [-0.00027880960260517895, -6.657849007751793e-05, -0.0004851464764215052, 0.003007675288245082, -0.0010414361022412777, 0.00038460796349681914, -0.0005301068886183202, -0.004108760040253401, 0.0035514654591679573, -0.0035310196690261364, -0.006192485801875591, 0.02046145312488079, -0.007786060683429241], [0.0004286878393031657, 0.0001110321463784203, -0.00016305557801388204, -0.003777353325858712, 0.0005105396849103272, -0.0015231043798848987, 0.0005827570566907525, 0.0040344372391700745, -0.004069146700203419, 0.0028720726259052753, 0.0021605673246085644, -0.007786060683429241, 0.017637157812714577]], "metad