{"song_id": "1182270084236984380", "download": "https://cdn.discordapp.com/attachments/1128313332273782784/1182270084236984380/chirp.mp4?ex=658415d1&amp", "lyrics": "\u0423\u0443\u0443\u0443\u0443\u0443 \u041a\u0430\u0436\u0434\u044b\u0439 \u0434\u0435\u043d\u044c, \u043a\u043e\u0433\u0434\u0430 \u044f \u043f\u0440\u043e\u0441\u044b\u043f\u0430\u044e\u0441\u044c \u0440\u044f\u0434\u043e\u043c \u0441 \u0442\u043e\u0431\u043e\u0439,\n\u041f\u043e\u043d\u0438\u043c\u0430\u044e, \u043d\u0430\u0441\u043a\u043e\u043b\u044c\u043a\u043e \u0441\u0447\u0430\u0441\u0442\u043b\u0438\u0432\u0430 \u044f \u0432 \u044d\u0442\u043e\u043c \u043c\u0438\u0440\u0435.\n\u0422\u044b - \u043c\u043e\u0439 \u043a\u0430\u043c\u0435\u043d\u044c \u043e\u043f\u043e\u0440\u044b, \u043c\u043e\u0439 \u043b\u0443\u0447\u0448\u0438\u0439 \u0434\u0440\u0443\u0433,\n\u0421 \u0442\u043e\u0431\u043e\u0439 \u044f \u0432\u0441\u0435\u0433\u0434\u0430 \u0447\u0443\u0432\u0441\u0442\u0432\u0443\u044e \u0441\u0435\u0431\u044f \u043d\u0430 \u0432\u044b\u0441\u043e\u0442\u0435.\u044d\u044d\u044d\u044d\u044d\u044d\u044d\u044d\u044d\u044d\n\n(Chorus)\n\u0410\u0430\u0430\u0430\u0430\u0430\u0430 \u0410\u043b\u0438\u0447\u043a\u0430, \u043c\u043e\u044f \u043b\u044e\u0431\u043e\u0432\u044c,\n\u0422\u044b - \u043c\u043e\u0435 \u0441\u0447\u0430\u0441\u0442\u044c\u0435 \u0435\u0435\u0435, \u043c\u043e\u0439 \u0443\u044e\u0442.\n\u0417\u0430 \u0442\u0432\u043e\u044e \u043d\u0435\u0436\u043d\u043e\u0441\u0442\u044c \u0438 \u043b\u0430\u0441\u043a\u0443,\n\u042f \u0431\u043b\u0430\u0433\u043e\u0434\u0430\u0440\u044e \u043a\u0430\u0436\u0434\u044b\u0439 \u0434\u0435\u043d\u044c.\u044d\u044d\u044d\u044d\u044d\u044d\u044d", "style": ["rock</span><span>, female vocal</span><span>, bas guitar</span><span>, piano"], "essentia_features": {"lowlevel.average_loudness": 0.6342410445213318, "lowlevel.barkbands_crest.mean": 11.485066413879395, "lowlevel.barkbands_crest.stdev": 6.243566513061523, "lowlevel.barkbands_flatness_db.mean": 0.21310658752918243, "lowlevel.barkbands_flatness_db.stdev": 0.13434521853923798, "lowlevel.barkbands_kurtosis.mean": 60.85878372192383, "lowlevel.barkbands_kurtosis.stdev": 297.3410339355469, "lowlevel.barkbands_skewness.mean": 2.636265754699707, "lowlevel.barkbands_skewness.stdev": 5.4060893058776855, "lowlevel.barkbands_spread.mean": 19.292272567749023, "lowlevel.barkbands_spread.stdev": 19.07237434387207, "lowlevel.dissonance.mean": 0.4420904517173767, "lowlevel.dissonance.stdev": 0.05967044457793236, "lowlevel.dynamic_complexity": 6.6187310218811035, "lowlevel.erbbands_crest.mean": 11.665635108947754, "lowlevel.erbbands_crest.stdev": 6.500277519226074, "lowlevel.erbbands_flatness_db.mean": 0.2127867192029953, "lowlevel.erbbands_flatness_db.stdev": 0.08062354475259781, "lowlevel.erbbands_kurtosis.mean": 11.67507266998291, "lowlevel.erbbands_kurtosis.stdev": 36.80792999267578, "lowlevel.erbbands_skewness.mean": 1.0907447338104248, "lowlevel.erbbands_skewness.stdev": 2.482985734939575, "lowlevel.erbbands_spread.mean": 34.88270568847656, "lowlevel.erbbands_spread.stdev": 27.46209716796875, "lowlevel.hfc.mean": 21.423898696899414, "lowlevel.hfc.stdev": 47.19232940673828, "lowlevel.loudness_ebu128.integrated": -21.10129737854004, "lowlevel.loudness_ebu128.loudness_range": 8.101612091064453, "lowlevel.loudness_ebu128.momentary.mean": -22.881669998168945, "lowlevel.loudness_ebu128.momentary.stdev": 3.9300644397735596, "lowlevel.loudness_ebu128.short_term.mean": -22.276445388793945, "lowlevel.loudness_ebu128.short_term.stdev": 3.2271509170532227, "lowlevel.melbands_crest.mean": 16.123220443725586, "lowlevel.melbands_crest.stdev": 9.192463874816895, "lowlevel.melbands_flatness_db.mean": 0.25403478741645813, "lowlevel.melbands_flatness_db.stdev": 0.18022316694259644, "lowlevel.melbands_kurtosis.mean": 69.95335388183594, "lowlevel.melbands_kurtosis.stdev": 299.0210266113281, "lowlevel.melbands_skewness.mean": 3.4288136959075928, "lowlevel.melbands_skewness.stdev": 4.989999771118164, "lowlevel.melbands_spread.mean": 38.193546295166016, "lowlevel.melbands_spread.stdev": 48.12290573120117, "lowlevel.pitch_salience.mean": 0.5584778785705566, "lowlevel.pitch_salience.stdev": 0.21205300092697144, "lowlevel.silence_rate_20dB.mean": 0.9513325691223145, "lowlevel.silence_rate_20dB.stdev": 0.21517163515090942, "lowlevel.silence_rate_30dB.mean": 0.8939744830131531, "lowlevel.silence_rate_30dB.stdev": 0.3078700006008148, "lowlevel.silence_rate_60dB.mean": 0.4206257164478302, "lowlevel.silence_rate_60dB.stdev": 0.49366363883018494, "lowlevel.spectral_centroid.mean": 1653.369384765625, "lowlevel.spectral_centroid.stdev": 1453.45166015625, "lowlevel.spectral_complexity.mean": 8.656431198120117, "lowlevel.spectral_complexity.stdev": 11.459136962890625, "lowlevel.spectral_decrease.mean": -1.0559879193294819e-08, "lowlevel.spectral_decrease.stdev": 2.785635189184177e-08, "lowlevel.spectral_energy.mean": 0.04179861396551132, "lowlevel.spectral_energy.stdev": 0.10608606040477753, "lowlevel.spectral_energyband_high.mean": 0.0017969806212931871, "lowlevel.spectral_energyband_high.stdev": 0.005195450037717819, "lowlevel.spectral_energyband_low.mean": 0.03272370621562004, "lowlevel.spectral_energyband_low.stdev": 0.10334905982017517, "lowlevel.spectral_energyband_middle_high.mean": 0.002344605280086398, "lowlevel.spectral_energyband_middle_high.stdev": 0.005713275633752346, "lowlevel.spectral_energyband_middle_low.mean": 0.005460241809487343, "lowlevel.spectral_energyband_middle_low.stdev": 0.014233246445655823, "lowlevel.spectral_entropy.mean": 7.240521430969238, "lowlevel.spectral_entropy.stdev": 1.116588830947876, "lowlevel.spectral_flux.mean": 0.08433873951435089, "lowlevel.spectral_flux.stdev": 0.1157306507229805, "lowlevel.spectral_kurtosis.mean": 8.633939743041992, "lowlevel.spectral_kurtosis.stdev": 11.500075340270996, "lowlevel.spectral_rms.mean": 0.003753877244889736, "lowlevel.spectral_rms.stdev": 0.0051659997552633286, "lowlevel.spectral_rolloff.mean": 3259.59619140625, "lowlevel.spectral_rolloff.stdev": 4029.09716796875, "lowlevel.spectral_skewness.mean": 1.9673631191253662, "lowlevel.spectral_skewness.stdev": 1.3153464794158936, "lowlevel.spectral_spread.mean": 5170383.5, "lowlevel.spectral_spread.stdev": 3606914.25, "lowlevel.spectral_strongpeak.mean": 0.6330432891845703, "lowlevel.spectral_strongpeak.stdev": 0.7494498491287231, "lowlevel.zerocrossingrate.mean": 0.10730362683534622, "lowlevel.zerocrossingrate.stdev": 0.12296934425830841, "metadata.audio_properties.analysis.equal_loudness": 0.0, "metadata.audio_properties.analysis.length": 40.04265213012695, "metadata.audio_properties.analysis.sample_rate": 44100.0, "metadata.audio_properties.analysis.start_time": 0.0, "metadata.audio_properties.bit_rate": 122903.0, "metadata.audio_properties.length": 40.042667388916016, "metadata.audio_properties.lossless": 0.0, "metadata.audio_properties.number_channels": 1.0, "metadata.audio_properties.replay_gain": -6.157629013061523, "metadata.audio_properties.sample_rate": 48000.0, "rhythm.beats_count": 59.0, "rhythm.beats_loudness.mean": 0.2189723700284958, "rhythm.beats_loudness.stdev": 0.2290726900100708, "rhythm.bpm": 89.90660095214844, "rhythm.bpm_histogram_first_peak_bpm": 89.0, "rhythm.bpm_histogram_first_peak_weight": 0.47169816493988037, "rhythm.bpm_histogram_second_peak_bpm": 83.0, "rhythm.bpm_histogram_second_peak_spread": 0.0, "rhythm.bpm_histogram_second_peak_weight": 0.06896551698446274, "rhythm.danceability": 1.5818266868591309, "rhythm.onset_rate": 4.94327449798584, "tonal.chords_changes_rate": 0.0972222238779068, "tonal.chords_number_rate": 0.015046296641230583, "tonal.chords_strength.mean": 0.49744391441345215, "tonal.chords_strength.stdev": 0.10452607274055481, "tonal.hpcp_crest.mean": 12.447785377502441, "tonal.hpcp_crest.stdev": 7.058303356170654, "tonal.hpcp_entropy.mean": 2.219172954559326, "tonal.hpcp_entropy.stdev": 0.9296131134033203, "tonal.key_edma.strength": 0.43184807896614075, "tonal.key_krumhansl.strength": 0.4206896424293518, "tonal.key_temperley.strength": 0.4154682457447052, "tonal.tuning_diatonic_strength": 0.3608664870262146, "tonal.tuning_equal_tempered_deviation": 0.19571518898010254, "tonal.tuning_frequency": 434.193115234375, "tonal.tuning_nontempered_energy_ratio": 0.9030401706695557, "lowlevel.barkbands.mean": [0.003072630614042282, 0.026300527155399323, 0.0028602175880223513, 0.0010349827352911234, 0.0015869704075157642, 0.0016410531243309379, 0.0005354623426683247, 0.00038789401878602803, 0.00022248958703130484, 0.00020134123042225838, 0.00027820686227642, 0.00022280548000708222, 0.00028120455681346357, 0.0002894813078455627, 0.00015891902148723602, 0.00013224741269368678, 0.000268680538283661, 0.00013908889377489686, 0.00022142956731840968, 0.00037260542740114033, 0.00027999153826385736, 0.00022334294044412673, 0.0004429112304933369, 0.00033048700424842536, 0.00017234933329746127, 0.0001347333163721487, 6.587067218788434e-06], "lowlevel.barkbands.stdev": [0.012263746000826359, 0.09112570434808731, 0.018691610544919968, 0.005912899971008301, 0.004450052976608276, 0.0048921070992946625, 0.0015706286067143083, 0.0012848892947658896, 0.0006570406258106232, 0.0006801154231652617, 0.0008809854625724256, 0.0008269217796623707, 0.0009404068114235997, 0.0010126024717465043, 0.0005571283400058746, 0.00040199008071795106, 0.0008213378023356199, 0.0004401664773467928, 0.0005865884013473988, 0.0011857098434120417, 0.0009631770080886781, 0.0007125720148906112, 0.0013882177881896496, 0.0010378854349255562, 0.00048472167691215873, 0.00047206057934090495, 2.9762921258225106e-05], "lowlevel.erbbands.mean": [1.1315295696258545, 4.348858833312988, 4.187309741973877, 3.5860652923583984, 2.307485342025757, 4.588130950927734, 18.59825897216797, 9.500710487365723, 7.742386817932129, 8.836174964904785, 6.8670430183410645, 4.9427900314331055, 5.695880889892578, 9.068623542785645, 10.47513484954834, 9.15694522857666, 12.149978637695312, 16.44744110107422, 10.373799324035645, 7.555737018585205, 8.032326698303223, 16.04399299621582, 8.470012664794922, 8.308480262756348, 14.375022888183594, 17.37099266052246, 15.125833511352539, 8.37303352355957, 8.253727912902832, 9.612491607666016, 12.923852920532227, 8.448553085327148, 4.839175701141357, 2.281989574432373, 1.0640039443969727, 0.5838262438774109, 0.24652498960494995, 0.04118482768535614, 0.000891837989911437, 7.757984712952748e-05], "lowlevel.erbbands.stdev": [3.822096109390259, 17.97770881652832, 23.169090270996094, 20.893892288208008, 12.869729995727539, 12.97022533416748, 46.49858093261719, 35.238319396972656, 25.437210083007812, 27.10674285888672, 20.441408157348633, 15.31178092956543, 18.072128295898438, 28.156051635742188, 31.220251083374023, 34.942665100097656, 40.727691650390625, 53.016849517822266, 42.755714416503906, 22.796384811401367, 22.12317657470703, 50.8099479675293, 25.497121810913086, 22.951885223388672, 38.37440872192383, 55.91965866088867, 51.807151794433594, 27.656394958496094, 27.111249923706055, 29.657302856445312, 40.94029235839844, 26.7689151763916, 15.351265907287598, 6.710684299468994, 2.9655864238739014, 1.8787481784820557, 0.9169442057609558, 0.17037850618362427, 0.00355491042137146, 0.00016770808724686503], "lowlevel.gfcc.mean": [-176.81976318359375, 55.694915771484375, -103.12971496582031, 20.389638900756836, -70.91218566894531, -8.509499549865723, -57.3114128112793, 4.657028675079346, -32.12869644165039, -1.149950385093689, -8.799666404724121, -1.4833595752716064, -11.088228225708008], "lowlevel.melbands.mean": [0.00858314149081707, 0.0032379194162786007, 0.0005745977978222072, 0.00020139316620770842, 0.0005764882662333548, 0.00023172878718469292, 0.0001149468298535794, 9.560991020407528e-05, 5.125088136992417e-05, 3.0908689950592816e-05, 2.808571844070684e-05, 3.544351056916639e-05, 3.723376721609384e-05, 2.525160016375594e-05, 2.298497383890208e-05, 3.1449493690161034e-05, 2.9823284421581775e-05, 1.7220687368535437e-05, 1.1132033250760287e-05, 8.93783726496622e-06, 9.109531674766913e-06, 1.7305215806118213e-05, 1.1237434591748752e-05, 5.865889306733152e-06, 6.406347893062048e-06, 9.361611773783807e-06, 1.1749488294299226e-05, 1.147386046795873e-05, 1.0294710591551848e-05, 6.938824753888184e-06, 4.091165919817286e-06, 4.753526354761561e-06, 4.132183676119894e-06, 6.044995188858593e-06, 7.463302154064877e-06, 6.98384246788919e-06, 4.522200015344424e-06, 3.6606502362701576e-06, 2.399339109615539e-06, 1.7837741097537219e-06], "lowlevel.melbands.stdev": [0.02872610092163086, 0.014139339327812195, 0.0033321056980639696, 0.0007470271084457636, 0.0014064928982406855, 0.0007999720983207226, 0.0003705428389366716, 0.00030748354038223624, 0.00015554206038359553, 9.729441808303818e-05, 9.147149830823764e-05, 0.00011249958333792165, 0.00011472288315417245, 9.043691534316167e-05, 9.784805297385901e-05, 9.740788664203137e-05, 9.876521653495729e-05, 7.733404345344752e-05, 3.652321902336553e-05, 2.882173066609539e-05, 2.5256367734982632e-05, 5.571748988586478e-05, 3.550720794009976e-05, 1.9295875972602516e-05, 1.826174047891982e-05, 2.542020592954941e-05, 3.318615927128121e-05, 3.978746826760471e-05, 3.606279642554e-05, 2.499964648450259e-05, 1.3828006558469497e-05, 1.5948162399581634e-05, 1.3513397789211012e-05, 1.960877671081107e-05, 2.3939632228575647e-05, 2.2581520170206204e-05, 1.465921104681911e-05, 1.1885565072589088e-05, 7.553469458798645e-06, 5.3137737268116325e-06], "lowlevel.melbands128.mean": [0.002889322116971016, 0.010287554934620857, 0.010653112083673477, 0.006107684690505266, 0.0026281822938472033, 0.0012567732483148575, 0.0007619537063874304, 0.00042724236845970154, 0.000196755412616767, 0.00010790429951157421, 0.00019801966845989227, 0.0005687480443157256, 0.000799275585450232, 0.00044971087481826544, 0.00019230044563300908, 0.00012974538549315184, 0.00011968791659455746, 0.00012254953617230058, 9.437261905986816e-05, 0.00010353112156735733, 9.896922711050138e-05, 5.892735134693794e-05, 5.2063875045860186e-05, 3.353762440383434e-05, 2.676239273569081e-05, 3.2981595722958446e-05, 3.0569157388526946e-05, 2.5868257580441423e-05, 2.7849047910422087e-05, 2.9520550015149638e-05, 3.9062975702108815e-05, 4.555053965304978e-05, 3.760768231586553e-05, 3.263185135438107e-05, 2.6328007152187638e-05, 2.219606176367961e-05, 2.4480152205796912e-05, 2.3993361537577584e-05, 2.034316275967285e-05, 2.5085519155254588e-05, 3.517642107908614e-05, 3.9047437894623727e-05, 3.357441528351046e-05, 2.310475792910438e-05, 1.9392333342693746e-05, 1.7110711269197054e-05, 1.3589406989922281e-05, 1.1114409971924033e-05, 9.830109775066376e-06, 1.0488730367796961e-05, 8.453047485090792e-06, 7.979205292940605e-06, 8.423464350926224e-06, 9.832478099269792e-06, 1.0129012480319943e-05, 2.185059929615818e-05, 1.9728047846001573e-05, 1.3007643246965017e-05, 8.824674296192825e-06, 5.903606961510377e-06, 5.256801159703173e-06, 5.882728146389127e-06, 6.913797733432148e-06, 6.006078820064431e-06, 6.5386038841097616e-06, 9.6389821919729e-06, 1.0615033716021571e-05, 1.1498819731059484e-05, 1.1976248060818762e-05, 1.2479746146709658e-05, 1.1213712241442408e-05, 1.1068809726566542e-05, 1.1485769391583744e-05, 1.0642261258908547e-05, 8.431347851001192e-06, 7.720971552771516e-06, 6.132077032816596e-06, 4.004155925940722e-06, 3.803715117101092e-06, 4.0212016756413504e-06, 4.902826731267851e-06, 5.084151325718267e-06, 4.485696990741417e-06, 3.7007962419011164e-06, 4.144626018387498e-06, 4.8567867452220526e-06, 7.2214870669995435e-06, 7.5515449680096935e-06, 6.5370259108021855e-06, 8.417240678681992e-06, 8.127537512336858e-06, 6.6233924371772446e-06, 5.100992893858347e-06, 4.574564627546351e-06, 4.001831257482991e-06, 3.943090632674284e-06, 3.708831400217605e-06, 3.014915364474291e-06, 2.5049700980162015e-06, 2.066007709800033e-06, 1.7868279655886e-06, 1.7787762089938042e-06, 1.7227646367246052e-06, 1.3607976825369406e-06, 1.070979010364681e-06, 1.0157859833270777e-06, 9.892754633256118e-07, 9.965447134163696e-07, 1.0470868119227816e-06, 1.0444642839502194e-06, 9.606283128960058e-07, 7.131422421480238e-07, 8.441211321041919e-07, 7.830299750821723e-07, 6.024755521139014e-07, 4.846219212595315e-07, 2.575375219748821e-07, 2.090356865380727e-08, 3.183633801029373e-09, 3.005605209160933e-10, 2.150201405815011e-10, 6.831017002051354e-11, 7.594410343647606e-12, 7.312793599834055e-12, 6.55268894700356e-12, 5.370023002659874e-12, 4.7247149768947505e-12, 4.6080327054109915e-12], "lowlevel.melbands128.stdev": [0.011590293608605862, 0.0360388420522213, 0.04019957780838013, 0.02807624265551567, 0.014840702526271343, 0.008244152180850506, 0.004601830150932074, 0.002462941687554121, 0.0012076315470039845, 0.000614148797467351, 0.0006510453531518579, 0.0015689790016040206, 0.0020905532874166965, 0.0014598158886656165, 0.0009056141134351492, 0.0007376068388111889, 0.0005005390266887844, 0.00047664876910857856, 0.0003064581542275846, 0.0003805262385867536, 0.00041851395508274436, 0.0002064357977360487, 0.00018457222904544324, 0.00012176579184597358, 0.00010803231998579577, 0.00013375745038501918, 0.00010727922199293971, 0.00010816052235895768, 0.00011636921408353373, 0.00011273432028247043, 0.00013729756756220013, 0.00017495352949481457, 0.00013211433542892337, 0.00011392603482818231, 0.00010145547275897115, 9.697960194898769e-05, 0.00011709704267559573, 0.00011277589510427788, 0.00010949286661343649, 9.728762233862653e-05, 0.00011775450548157096, 0.0001502334198448807, 0.0001230675698025152, 9.334737114841118e-05, 9.588398825144395e-05, 8.720484038349241e-05, 6.080700404709205e-05, 4.3350864871172234e-05, 3.0543451430276036e-05, 3.7822381273144856e-05, 3.447084964136593e-05, 2.614699951664079e-05, 2.741428579611238e-05, 3.111606929451227e-05, 2.992742338392418e-05, 7.975009066285565e-05, 7.59256727178581e-05, 4.327255010139197e-05, 3.2960906537482515e-05, 2.2357491616276093e-05, 1.930350117618218e-05, 2.0586323444149457e-05, 2.3104252250050195e-05, 1.7959537217393517e-05, 1.9153429093421437e-05, 3.008944622706622e-05, 3.0054634407861158e-05, 3.856508556054905e-05, 3.588157778722234e-05, 4.2345440306235105e-05, 4.239698682795279e-05, 4.570057353703305e-05, 4.200746843707748e-05, 4.2191491957055405e-05, 3.265780469519086e-05, 3.005891812790651e-05, 2.459788811393082e-05, 1.453727327316301e-05, 1.3589568879979197e-05, 1.5336037904489785e-05, 1.7773330910131335e-05, 1.7927464796230197e-05, 1.769852315192111e-05, 1.3055739145784173e-05, 1.3432130799628794e-05, 1.6410796888521872e-05, 2.6195742975687608e-05, 2.6495856218389235e-05, 2.2002173864166252e-05, 2.9708595320698805e-05, 2.7910529752261937e-05, 2.268685602757614e-05, 1.7547090465086512e-05, 1.6440319086541422e-05, 1.401510053256061e-05, 1.3240543921710923e-05, 1.2712323950836435e-05, 1.0211431799689308e-05, 8.6915915744612e-06, 6.654433491348755e-06, 5.51167386220186e-06, 5.715571660402929e-06, 5.638338279823074e-06, 4.199156137474347e-06, 3.2220179946307326e-06, 3.0923206395527814e-06, 3.211878038200666e-06, 3.2315520002157427e-06, 3.7830259316251613e-06, 4.106854248675518e-06, 3.836789801425766e-06, 2.8189199383632513e-06, 3.3930321023945e-06, 3.161914264637744e-06, 2.4034816306084394e-06, 2.2984279439697275e-06, 1.1915464028788847e-06, 1.9478669344152877e-07, 4.371641537659343e-08, 5.505915723347243e-09, 3.7114484818800975e-09, 1.126870152745596e-09, 9.047745191947953e-11, 8.584784966236825e-11, 6.328547408340768e-11, 2.880358798695859e-11, 1.7076395852910764e-11, 1.6719986506430473e-11], "lowlevel.mfcc.mean": [-815.0112915039062, 95.45914459228516, 12.251323699951172, 17.8122615814209, 3.6577303409576416, -17.72382354736328, -9.272002220153809, -9.721794128417969, -19.4903564453125, -1.2433339357376099, -15.454012870788574, -1.5253891944885254, 1.4445589780807495], "lowlevel.spectral_contrast_coeffs.mean": [-0.6407068967819214, -0.7532449960708618, -0.8208520412445068, -0.8398134112358093, -0.8020083904266357, -0.8138960003852844], "lowlevel.spectral_contrast_coeffs.stdev": [0.11848890781402588, 0.0948866680264473, 0.07077261805534363, 0.055884312838315964, 0.06482146680355072, 0.05221760272979736], "lowlevel.spectral_contrast_valleys.mean": [-9.182870864868164, -8.529038429260254, -9.283934593200684, -9.397923469543457, -9.146056175231934, -11.578068733215332], "lowlevel.spectral_contrast_valleys.stdev": [2.2935876846313477, 2.2882635593414307, 2.4396727085113525, 2.4469351768493652, 2.4637670516967773, 2.4583399295806885], "rhythm.beats_loudness_band_ratio.mean": [0.4632275402545929, 0.12299088388681412, 0.037867870181798935, 0.03463264927268028, 0.06197983771562576, 0.28907161951065063], "rhythm.beats_loudness_band_ratio.stdev": [0.47745969891548157, 0.20214082300662994, 0.0828080102801323, 0.07120899856090546, 0.0848333090543747, 0.3321676552295685], "tonal.hpcp.mean": [0.13878941535949707, 0.11018272489309311, 0.07142327725887299, 0.07933634519577026, 0.10020970553159714, 0.11078628152608871, 0.12937003374099731, 0.13962818682193756, 0.12860465049743652, 0.1909332126379013, 0.19862763583660126, 0.11977452039718628, 0.14649604260921478, 0.19377943873405457, 0.17772434651851654, 0.15643861889839172, 0.15604965388774872, 0.16228900849819183, 0.22149725258350372, 0.22174106538295746, 0.16476361453533173, 0.17303119599819183, 0.16191071271896362, 0.12660516798496246, 0.11793535947799683, 0.11044586449861526, 0.10820220410823822, 0.15005378425121307, 0.16323363780975342, 0.13270996510982513, 0.1288609802722931, 0.13402549922466278, 0.13321836292743683, 0.1431370973587036, 0.13900281488895416, 0.13102123141288757], "tonal.hpcp.stdev": [0.23663277924060822, 0.21527917683124542, 0.1501433402299881, 0.14966121315956116, 0.1831943839788437, 0.20179171860218048, 0.22734010219573975, 0.2310137301683426, 0.21784280240535736, 0.2902371287345886, 0.305926114320755, 0.20465527474880219, 0.2523166537284851, 0.3135484457015991, 0.27257299423217773, 0.2700924277305603, 0.26154083013534546, 0.26690757274627686, 0.29795390367507935, 0.308258593082428, 0.24230295419692993, 0.27868717908859253, 0.2616998851299286, 0.2224738597869873, 0.21618758141994476, 0.20467282831668854, 0.1902213990688324, 0.2554376423358917, 0.2643701732158661, 0.2148524522781372, 0.21429798007011414, 0.23745547235012054, 0.23043346405029297, 0.23727314174175262, 0.22288474440574646, 0.21880562603473663], "rhythm.beats_position": [0.5688889026641846, 1.2074376344680786, 1.8808163404464722, 2.5425848960876465, 3.2043535709381104, 3.877732276916504, 4.539501190185547, 5.201269626617432, 5.874648571014404, 6.548027038574219, 7.209795951843262, 7.8715643882751465, 8.533332824707031, 9.195101737976074, 9.868480682373047, 10.54185962677002, 11.203627586364746, 11.865396499633789, 12.538775444030762, 13.212154388427734, 13.873922348022461, 14.535691261291504, 15.209070205688477, 15.88244915008545, 16.56743812561035, 17.287256240844727, 18.01868438720703, 18.738502502441406, 19.458322525024414, 20.16653060913086, 20.851518630981445, 21.5248966217041, 22.19827651977539, 22.871654510498047, 23.545034408569336, 24.218412399291992, 24.88018035888672, 25.541950225830078, 26.215328216552734, 26.88870620727539, 27.53886604309082, 28.212244033813477, 28.874013900756836, 29.535781860351562, 30.20915985107422, 30.882539749145508, 31.544307708740234, 32.206077575683594, 32.87945556640625, 33.54122543334961, 34.2029914855957, 34.87636947631836, 35.54975128173828, 36.211517333984375, 36.873287200927734, 37.54666519165039, 38.22004318237305, 38.87020492553711, 39.543582916259766], "rhythm.bpm_histogram": [0.0, 0.0, 0.0, 0.0, 0.0, 0.0, 0.0, 0.0, 0.0, 0.0, 0.0, 0.0, 0.0, 0.0, 0.0, 0.0, 0.0, 0.0, 0.0, 0.0, 0.0, 0.0, 0.0, 0.0, 0.0, 0.0, 0.0, 0.0, 0.0, 0.0, 0.0, 0.0, 0.0, 0.0, 0.0, 0.0, 0.0, 0.0, 0.0, 0.0, 0.0, 0.0, 0.0, 0.0, 0.0, 0.0, 0.0, 0.0, 0.0, 0.0, 0.0, 0.0, 0.0, 0.0, 0.0, 0.0, 0.0, 0.0, 0.0, 0.0, 0.0, 0.0, 0.0, 0.0, 0.0, 0.0, 0.0, 0.0, 0.0, 0.0, 0.0, 0.0, 0.0, 0.0, 0.0, 0.0, 0.0, 0.0, 0.0, 0.0, 0.0, 0.0, 0.017241379246115685, 0.0517241396009922, 0.0, 0.017241379246115685, 0.0, 0.0, 0.03448275849223137, 0.4482758641242981, 0.0, 0.37931033968925476, 0.03448275849223137, 0.0, 0.017241379246115685, 0.0, 0.0, 0.0, 0.0, 0.0, 0.0, 0.0, 0.0, 0.0, 0.0, 0.0, 0.0, 0.0, 0.0, 0.0, 0.0, 0.0, 0.0, 0.0, 0.0, 0.0, 0.0, 0.0, 0.0, 0.0, 0.0, 0.0, 0.0, 0.0, 0.0, 0.0, 0.0, 0.0, 0.0, 0.0, 0.0, 0.0, 0.0, 0.0, 0.0, 0.0, 0.0, 0.0, 0.0, 0.0, 0.0, 0.0, 0.0, 0.0, 0.0, 0.0, 0.0, 0.0, 0.0, 0.0, 0.0, 0.0, 0.0, 0.0, 0.0, 0.0, 0.0, 0.0, 0.0, 0.0, 0.0, 0.0, 0.0, 0.0, 0.0, 0.0, 0.0, 0.0, 0.0, 0.0, 0.0, 0.0, 0.0, 0.0, 0.0, 0.0, 0.0, 0.0, 0.0, 0.0, 0.0, 0.0, 0.0, 0.0, 0.0, 0.0, 0.0, 0.0, 0.0, 0.0, 0.0, 0.0, 0.0, 0.0, 0.0, 0.0, 0.0, 0.0, 0.0, 0.0, 0.0, 0.0, 0.0, 0.0, 0.0, 0.0, 0.0, 0.0, 0.0, 0.0, 0.0, 0.0, 0.0, 0.0, 0.0, 0.0, 0.0, 0.0, 0.0, 0.0, 0.0, 0.0, 0.0, 0.0, 0.0, 0.0, 0.0, 0.0, 0.0, 0.0, 0.0, 0.0, 0.0, 0.0, 0.0, 0.0, 0.0, 0.0, 0.0, 0.0, 0.0, 0.0, 0.0, 0.0, 0.0, 0.0, 0.0, 0.0, 0.0, 0.0], "tonal.chords_histogram": [13.425926208496094, 0.0, 0.0, 0.0, 0.46296295523643494, 0.0, 5.439815044403076, 6.25, 0.0, 4.398148059844971, 0.6944444179534912, 0.23148147761821747, 9.375, 1.0416666269302368, 4.976851940155029, 0.0, 1.7361111640930176, 5.671296119689941, 0.0, 0.0, 2.1990740299224854, 10.648148536682129, 2.5462963581085205, 30.90277862548828], "tonal.thpcp": [1.0, 0.7430450916290283, 0.7803299427032471, 0.7301791906356812, 0.5709595084190369, 0.5318607091903687, 0.4980848431587219, 0.48796647787094116, 0.6767072677612305, 0.7361452579498291, 0.5984907150268555, 0.581132709980011, 0.604423463344574, 0.6007834672927856, 0.6455146074295044, 0.6268699765205383, 0.5908749103546143, 0.6259075999259949, 0.4968981444835663, 0.3221021592617035, 0.35778823494911194, 0.4519221782684326, 0.4996200501918793, 0.5834283828735352, 0.6296902298927307, 0.5799766778945923, 0.8610638380050659, 0.8957638740539551, 0.5401548743247986, 0.6606626510620117, 0.8738996386528015, 0.8014949560165405, 0.7055013179779053, 0.7037472128868103, 0.7318851947784424, 0.9989004731178284], "lowlevel.gfcc.cov": [[45394.71484375, -1697.4676513671875, -3637.673095703125, 684.300048828125, -726.8381958007812, 1321.81591796875, -117.2253189086914, 578.4078369140625, -618.20947265625, 357.6241455078125, -101.84761810302734, 13.371244430541992, -631.052978515625], [-1697.4676513671875, 5785.61328125, 566.0634155273438, -693.7741088867188, 946.4307250976562, -688.8721923828125, 92.98802185058594, 225.77102661132812, 155.14373779296875, -759.45361328125, 302.94683837890625, -409.7827453613281, 272.6858825683594], [-3637.673095703125, 566.0634155273438, 3201.652099609375, 634.3548583984375, 459.4795227050781, -152.43980407714844, 35.38422775268555, 72.70103454589844, 2.5198471546173096, 344.20794677734375, 6.727410316467285, 168.9628448486328, 154.0572052001953], [684.300048828125, -693.7741088867188, 634.3548583984375, 928.3106689453125, 126.9779052734375, 156.11749267578125, 33.7673225402832, -19.187192916870117, 81.8275146484375, 192.8612518310547, 76.03679656982422, 78.38761138916016, 120.93699645996094], [-726.8381958007812, 946.4307250976562, 459.4795227050781, 126.9779052734375, 1013.5595092773438, 249.07574462890625, 409.7001953125, 266.2454528808594, 311.0721130371094, 10.196884155273438, 128.2512664794922, 19.586469650268555, 92.20035552978516], [1321.81591796875, -688.8721923828125, -152.43980407714844, 156.11749267578125, 249.07574462890625, 715.719482421875, 429.36553955078125, 122.35497283935547, 150.11294555664062, 124.06766510009766, -13.180566787719727, 66.21049499511719, -78.20884704589844], [-117.2253189086914, 92.98802185058594, 35.38422775268555, 33.7673225402832, 409.7001953125, 429.36553955078125, 616.2526245117188, 222.13853454589844, 250.05572509765625, 8.461752891540527, 82.62523651123047, 39.47747802734375, 7.4655303955078125], [578.4078369140625, 225.77102661132812, 72.70103454589844, -19.187192916870117, 266.2454528808594, 122.35497283935547, 222.13853454589844, 332.8070983886719, 151.7029571533203, 45.301639556884766, 42.03644943237305, -7.376519680023193, -3.9369547367095947], [-618.20947265625, 155.14373779296875, 2.5198471546173096, 81.8275146484375, 311.0721130371094, 150.11294555664062, 250.05572509765625, 151.7029571533203, 373.9731140136719, 83.94025421142578, 82.62486267089844, 18.48824119567871, 26.210840225219727], [357.6241455078125, -759.45361328125, 344.20794677734375, 192.8612518310547, 10.196884155273438, 124.06766510009766, 8.461752891540527, 45.301639556884766, 83.94025421142578, 333.2289733886719, -7.577818393707275, 96.6895751953125, -48.64442443847656], [-101.84761810302734, 302.94683837890625, 6.727410316467285, 76.03679656982422, 128.2512664794922, -13.180566787719727, 82.62523651123047, 42.03644943237305, 82.62486267089844, -7.577818393707275, 213.87469482421875, 17.84040641784668, 103.70600891113281], [13.371244430541992, -409.7827453613281, 168.9628448486328, 78.38761138916016, 19.586469650268555, 66.21049499511719, 39.47747802734375, -7.376519680023193, 18.48824119567871, 96.6895751953125, 17.84040641784668, 172.1955108642578, 24.290332794189453], [-631.052978515625, 272.6858825683594, 154.0572052001953, 120.93699645996094, 92.20035552978516, -78.20884704589844, 7.4655303955078125, -3.9369547367095947, 26.210840225219727, -48.64442443847656, 103.70600891113281, 24.290332794189453, 177.33270263671875]], "lowlevel.gfcc.icov": [[3.9354825275950134e-05, -6.544185453094542e-05, 9.053964458871633e-05, -0.00012603169307112694, 4.441602868610062e-05, -8.731152774998918e-05, 3.602106880862266e-05, -0.0001428545656381175, 0.0001805047068046406, -0.00015192719001788646, 1.0698570804379415e-05, -0.00012889110075775534, 0.00012472788512241095], [-6.544185453094542e-05, 0.0007536211633123457, -0.00045506239985115826, 0.0006610190030187368, -0.0005584205500781536, 0.0004039779887534678, 0.00017937412485480309, 0.0001263054000446573, -0.000645842868834734, 0.0015054397517815232, -0.0007537334458902478, 0.001145672402344644, -0.00019115771283395588], [9.053964458871633e-05, -0.00045506239985115826, 0.0008987475303001702, -0.0007754534599371254, -2.3756001610308886e-05, 0.00021460693096742034, -0.0004307016497477889, -0.00024449266493320465, 0.0010625416180118918, -0.0016586510464549065, 0.000820547400508076, -0.0008663469343446195, -8.352581789949909e-05], [-0.00012603169307112694, 0.0006610190030187368, -0.0007754534599371254, 0.0024454339873045683, -0.000410646665841341, -0.0003325510479044169, 0.0004941124352626503, 0.000709832995198667, -0.0010757240233942866, 0.0006309494492597878, -0.0007408814271911979, 0.0014177894918248057, -0.0018260607030242682], [4.441602868610062e-05, -0.0005584205500781536, -2.3756001610308886e-05, -0.000410646665841341, 0.0023391074500977993, -0.0007699193665757775, -0.0003497499565128237, -0.0007973509491421282, -0.0005846410640515387, -0.00040123623330146074, 0.00021393885253928602, -0.0007394665153697133, -0.00028874268173240125], [-8.731152774998918e-05, 0.0004039779887534678, 0.00021460693096742034, -0.0003325510479044169, -0.0007699193665757775, 0.00402909005060792, -0.002846432849764824, 0.0007145015988498926, 0.0003095214196946472, -0.0005143332527950406, 0.0005960179842077196, 0.00020326030789874494, 0.0008581549627706409], [3.602106880862266e-05, 0.00017937412485480309, -0.0004307016497477889, 0.0004941124352626503, -0.0003497499565128237, -0.002846432849764824, 0.005313720088452101, -0.0016055445885285735, -0.0017817681655287743, 0.002312091877683997, -0.0014766801614314318, -0.0005402332753874362, 0.0003918614820577204], [-0.0001428545656381175, 0.0001263054000446573, -0.00024449266493320465, 0.000709832995198667, -0.0007973509491421282, 0.0007145015988498926, -0.0016055445885285735, 0.005296266637742519, -0.0010075372410938144, -0.0007848394452594221, 1.5891042494331487e-05, 0.0012294051703065634, -0.0003034761466551572], [0.0001805047068046406, -0.000645842868834734, 0.0010625416180118918, -0.0010757240233942866, -0.0005846410640515387, 0.0003095214196946472, -0.0017817681655287743, -0.0010075372410938144, 0.006205146200954914, -0.003442830638960004, 8.143294689944014e-05, -0.0005473295459523797, 0.00010490260319784284], [-0.00015192719001788646, 0.0015054397517815232, -0.0016586510464549065, 0.0006309494492597878, -0.00040123623330146074, -0.0005143332527950406, 0.002312091877683997, -0.0007848394452594221, -0.003442830638960004, 0.009537890553474426, -0.002494261134415865, -0.0004902635118924081, 0.0026731493417173624], [1.0698570804379415e-05, -0.0007537334458902478, 0.000820547400508076, -0.0007408814271911979, 0.00021393885253928602, 0.0005960179842077196, -0.0014766801614314318, 1.5891042494331487e-05, 8.143294689944014e-05, -0.002494261134415865, 0.008533759042620659, -0.0010570348240435123, -0.00433842558413744], [-0.00012889110075775534, 0.001145672402344644, -0.0008663469343446195, 0.0014177894918248057, -0.0007394665153697133, 0.00020326030789874494, -0.0005402332753874362, 0.0012294051703065634, -0.0005473295459523797, -0.0004902635118924081, -0.0010570348240435123, 0.009752795100212097, -0.002681814134120941], [0.00012472788512241095, -0.00019115771283395588, -8.352581789949909e-05, -0.0018260607030242682, -0.00028874268173240125, 0.0008581549627706409, 0.0003918614820577204, -0.0003034761466551572, 0.00010490260319784284, 0.0026731493417173624, -0.00433842558413744, -0.002681814134120941, 0.011822446249425411]], "lowlevel.mfcc.cov": [[33117.6875, -2690.5634765625, -2873.220458984375, -1028.0848388671875, -417.38568115234375, 434.4535217285156, 737.4617309570312, 540.57421875, -342.36956787109375, 860.1439208984375, 21.975242614746094, 335.4642639160156, -79.27407836914062], [-2690.5634765625, 5549.689453125, 77.80008697509766, 175.60845947265625, 667.0387573242188, -752.0585327148438, 234.5343475341797, 372.208740234375, -38.153011322021484, 103.0150375366211, -293.38604736328125, -63.109527587890625, 119.23066711425781], [-2873.220458984375, 77.80008697509766, 2120.06591796875, 819.0615844726562, 244.17169189453125, 163.8764190673828, -1.9179773330688477, -278.7590637207031, 42.977745056152344, -112.14260864257812, -64.9901123046875, -27.033132553100586, 84.0122299194336], [-1028.0848388671875, 175.60845947265625, 819.0615844726562, 844.0004272460938, 408.938232421875, 62.584197998046875, 14.658251762390137, -85.089111328125, 50.73809051513672, 21.802978515625, -35.704978942871094, 16.193117141723633, 115.69794464111328], [-417.38568115234375, 667.0387573242188, 244.17169189453125, 408.938232421875, 574.5718994140625, 64.69448852539062, 126.74067687988281, 92.00788116455078, 92.43965911865234, 136.5135040283203, 18.444042205810547, 53.62236022949219, 96.35242462158203], [434.4535217285156, -752.0585327148438, 163.8764190673828, 62.584197998046875, 64.69448852539062, 676.3253173828125, 155.41749572753906, 159.7712860107422, 223.1024627685547, 40.33195495605469, 284.1988830566406, 106.49077606201172, -26.629684448242188], [737.4617309570312, 234.5343475341797, -1.9179773330688477, 14.658251762390137, 126.74067687988281, 155.41749572753906, 391.1258544921875, 253.92970275878906, 104.04434967041016, 157.2974853515625, 59.73587417602539, 67.95156860351562, 27.570539474487305], [540.57421875, 372.208740234375, -278.7590637207031, -85.089111328125, 92.00788116455078, 159.7712860107422, 253.92970275878906, 431.03448486328125, 206.53939819335938, 151.2643280029297, 150.23341369628906, 103.15581512451172, 23.84394645690918], [-342.36956787109375, -38.153011322021484, 42.977745056152344, 50.73809051513672, 92.43965911865234, 223.1024627685547, 104.04434967041016, 206.53939819335938, 324.9432373046875, 117.24108123779297, 211.0166015625, 112.24825286865234, 27.94094467163086], [860.1439208984375, 103.0150375366211, -112.14260864257812, 21.802978515625, 136.5135040283203, 40.33195495605469, 157.2974853515625, 151.2643280029297, 117.24108123779297, 280.685791015625, 113.79875946044922, 99.99056243896484, 58.388832092285156], [21.975242614746094, -293.38604736328125, -64.9901123046875, -35.704978942871094, 18.444042205810547, 284.1988830566406, 59.73587417602539, 150.23341369628906, 211.0166015625, 113.79875946044922, 341.5387268066406, 142.3295440673828, 20.02237319946289], [335.4642639160156, -63.109527587890625, -27.033132553100586, 16.193117141723633, 53.62236022949219, 106.49077606201172, 67.95156860351562, 103.15581512451172, 112.24825286865234, 99.99056243896484, 142.3295440673828, 165.5690460205078, 66.42534637451172], [-79.27407836914062, 119.23066711425781, 84.0122299194336, 115.69794464111328, 96.35242462158203, -26.629684448242188, 27.570539474487305, 23.84394645690918, 27.94094467163086, 58.388832092285156, 20.02237319946289, 66.42534637451172, 127.57420349121094]], "lowlevel.mfcc.icov": [[4.5484226575354114e-05, 1.7152799046016298e-05, 5.616353519144468e-05, -2.2577412892132998e-05, 4.273900776752271e-05, -7.55933579057455e-05, -3.17554731736891e-05, -1.950606019818224e-05, 0.00013103176024742424, -0.00017395232862327248, 0.0001199002581415698, -0.00012289693404454738, 5.4261796321952716e-05], [1.7152799046016298e-05, 0.0003558075986802578, -0.00011285980144748464, 0.00019779722788371146, -0.0005349370767362416, 0.0005489541799761355, -6.67818749207072e-05, -0.0005403539398685098, 0.00011055829236283898, 0.00020136496459599584, -3.744033892871812e-05, 5.588084241026081e-05, 6.749783642590046e-05], [5.616353519144468e-05, -0.00011285980144748464, 0.0010738392593339086, -0.0009893726091831923, 0.0005059197428636253, -0.00046885054325684905, -0.000589126895647496, 0.0010338880820199847, -0.0003955995198339224, 9.467455674894154e-05, 0.0002834220649674535, -0.00012022563896607608, -0.00015397493552882224], [-2.2577412892132998e-05, 0.00019779722788371146, -0.0009893726091831923, 0.0032497693318873644, -0.002089504385367036, 0.00015243228699546307, 0.0003947341756429523, -7.31733744032681e-05, -0.00026004802202805877, 0.00029367493698373437, 0.00023703518672846258, 0.0004156969371251762, -0.001287375926040113], [4.273900776752271e-05, -0.0005349370767362416, 0.0005059197428636253, -0.002089504385367036, 0.004307446535676718, -0.001196501892991364, -0.00022079293557908386, 0.0004345012130215764, -0.00017769620171748102, -0.0016675798688083887, 0.0007432727725245059, -1.8330511011299677e-05, -0.0007531517185270786], [-7.55933579057455e-05, 0.0005489541799761355, -0.00046885054325684905, 0.00015243228699546307, -0.001196501892991364, 0.004163058008998632, -0.001373432925902307, -0.000612964213360101, -0.0006959734600968659, 0.002046508016064763, -0.0028289135079830885, 1.3557424608734436e-05, 0.0014472424518316984], [-3.17554731736891e-05, -6.67818749207072e-05, -0.000589126895647496, 0.0003947341756429523, -0.00022079293557908386, -0.001373432925902307, 0.005864553153514862, -0.0033013916108757257, 0.0010318515123799443, -0.002395672257989645, 0.0017050643218681216, -0.00021677817858289927, 1.809042259992566e-05], [-1.950606019818224e-05, -0.0005403539398685098, 0.0010338880820199847, -7.31733744032681e-05, 0.0004345012130215764, -0.000612964213360101, -0.0033013916108757257, 0.0072132740169763565, -0.0031167357228696346, 0.00017701380420476198, -0.0002909946779254824, -0.0004970032605342567, -0.00030636234441772103], [0.00013103176024742424, 0.00011055829236283898, -0.0003955995198339224, -0.00026004802202805877, -0.00017769620171748102, -0.0006959734600968659, 0.0010318515123799443, -0.0031167357228696346, 0.007691217120736837, -0.0014101213309913874, -0.0021240173373371363, -0.0010400154860690236, 0.0006586669478565454], [-0.00017395232862327248, 0.00020136496459599584, 9.467455674894154e-05, 0.00029367493698373437, -0.0016675798688083887, 0.002046508016064763, -0.002395672257989645, 0.00017701380420476198, -0.0014101213309913874, 0.007849703542888165, -0.002366312313824892, -0.0008717859163880348, -0.0009122121264226735], [0.0001199002581415698, -3.744033892871812e-05, 0.0002834220649674535, 0.00023703518672846258, 0.0007432727725245059, -0.0028289135079830885, 0.0017050643218681216, -0.0002909946779254824, -0.0021240173373371363, -0.002366312313824892,