{"song_id": "1182271934512238614", "download": "https://cdn.discordapp.com/attachments/1135903449314238464/1182271934512238614/chirp.mp4?ex=6584178a&amp", "lyrics": "[verse]\nIn the city of dreams, a tale unfolds\nOf David Bowie, a story never told\nHe once was a star, shining bright\nBut darkness consumed him, oh what a sight\n\n[chorus]\nHe became a demon, with power untamed\nA force that no one could ever restrain\nThe city trembled under his wicked spell\nAs he unleashed chaos, a terrifying hell", "style": ["pop"], "essentia_features": {"lowlevel.average_loudness": 0.7507632970809937, "lowlevel.barkbands_crest.mean": 13.601798057556152, "lowlevel.barkbands_crest.stdev": 5.1308274269104, "lowlevel.barkbands_flatness_db.mean": 0.2362069934606552, "lowlevel.barkbands_flatness_db.stdev": 0.059315308928489685, "lowlevel.barkbands_kurtosis.mean": 10.797670364379883, "lowlevel.barkbands_kurtosis.stdev": 28.918861389160156, "lowlevel.barkbands_skewness.mean": 1.8168715238571167, "lowlevel.barkbands_skewness.stdev": 2.407294511795044, "lowlevel.barkbands_spread.mean": 23.369651794433594, "lowlevel.barkbands_spread.stdev": 17.385652542114258, "lowlevel.dissonance.mean": 0.41321125626564026, "lowlevel.dissonance.stdev": 0.059057287871837616, "lowlevel.dynamic_complexity": 2.8201282024383545, "lowlevel.erbbands_crest.mean": 14.021219253540039, "lowlevel.erbbands_crest.stdev": 6.296246528625488, "lowlevel.erbbands_flatness_db.mean": 0.23459342122077942, "lowlevel.erbbands_flatness_db.stdev": 0.05431317165493965, "lowlevel.erbbands_kurtosis.mean": 5.063113689422607, "lowlevel.erbbands_kurtosis.stdev": 9.1257905960083, "lowlevel.erbbands_skewness.mean": 1.1536061763763428, "lowlevel.erbbands_skewness.stdev": 1.7405141592025757, "lowlevel.erbbands_spread.mean": 42.5362434387207, "lowlevel.erbbands_spread.stdev": 27.328506469726562, "lowlevel.hfc.mean": 39.06087875366211, "lowlevel.hfc.stdev": 40.65188980102539, "lowlevel.loudness_ebu128.integrated": -23.440223693847656, "lowlevel.loudness_ebu128.loudness_range": 2.2859249114990234, "lowlevel.loudness_ebu128.momentary.mean": -24.09151268005371, "lowlevel.loudness_ebu128.momentary.stdev": 2.6577770709991455, "lowlevel.loudness_ebu128.short_term.mean": -23.66409683227539, "lowlevel.loudness_ebu128.short_term.stdev": 0.7503202557563782, "lowlevel.melbands_crest.mean": 16.960329055786133, "lowlevel.melbands_crest.stdev": 6.423999309539795, "lowlevel.melbands_flatness_db.mean": 0.23972538113594055, "lowlevel.melbands_flatness_db.stdev": 0.07918567955493927, "lowlevel.melbands_kurtosis.mean": 29.547090530395508, "lowlevel.melbands_kurtosis.stdev": 63.023529052734375, "lowlevel.melbands_skewness.mean": 3.2264208793640137, "lowlevel.melbands_skewness.stdev": 2.8335793018341064, "lowlevel.melbands_spread.mean": 35.88875961303711, "lowlevel.melbands_spread.stdev": 47.96097946166992, "lowlevel.pitch_salience.mean": 0.5163963437080383, "lowlevel.pitch_salience.stdev": 0.15881623327732086, "lowlevel.silence_rate_20dB.mean": 0.9970760345458984, "lowlevel.silence_rate_20dB.stdev": 0.053995002061128616, "lowlevel.silence_rate_30dB.mean": 0.9859648942947388, "lowlevel.silence_rate_30dB.stdev": 0.11763375997543335, "lowlevel.silence_rate_60dB.mean": 0.10526315867900848, "lowlevel.silence_rate_60dB.stdev": 0.3068895637989044, "lowlevel.spectral_centroid.mean": 1525.4976806640625, "lowlevel.spectral_centroid.stdev": 1258.751708984375, "lowlevel.spectral_complexity.mean": 8.108772277832031, "lowlevel.spectral_complexity.stdev": 4.139368057250977, "lowlevel.spectral_decrease.mean": -6.841791577727463e-09, "lowlevel.spectral_decrease.stdev": 9.561482272602007e-09, "lowlevel.spectral_energy.mean": 0.02936539612710476, "lowlevel.spectral_energy.stdev": 0.03643409162759781, "lowlevel.spectral_energyband_high.mean": 0.0025696067605167627, "lowlevel.spectral_energyband_high.stdev": 0.004697250202298164, "lowlevel.spectral_energyband_low.mean": 0.00406603142619133, "lowlevel.spectral_energyband_low.stdev": 0.03341100364923477, "lowlevel.spectral_energyband_middle_high.mean": 0.006926128175109625, "lowlevel.spectral_energyband_middle_high.stdev": 0.009474173188209534, "lowlevel.spectral_energyband_middle_low.mean": 0.017156949266791344, "lowlevel.spectral_energyband_middle_low.stdev": 0.01579192467033863, "lowlevel.spectral_entropy.mean": 7.1710333824157715, "lowlevel.spectral_entropy.stdev": 0.7089613676071167, "lowlevel.spectral_flux.mean": 0.07682453840970993, "lowlevel.spectral_flux.stdev": 0.05622038617730141, "lowlevel.spectral_kurtosis.mean": 1.9054752588272095, "lowlevel.spectral_kurtosis.stdev": 1.9422026872634888, "lowlevel.spectral_rms.mean": 0.0048370701260864735, "lowlevel.spectral_rms.stdev": 0.002291714772582054, "lowlevel.spectral_rolloff.mean": 2905.7490234375, "lowlevel.spectral_rolloff.stdev": 3350.4794921875, "lowlevel.spectral_skewness.mean": 1.3474304676055908, "lowlevel.spectral_skewness.stdev": 0.593461811542511, "lowlevel.spectral_spread.mean": 7712465.5, "lowlevel.spectral_spread.stdev": 2281025.25, "lowlevel.spectral_strongpeak.mean": 2.5105183124542236, "lowlevel.spectral_strongpeak.stdev": 2.206610918045044, "lowlevel.zerocrossingrate.mean": 0.11532289534807205, "lowlevel.zerocrossingrate.stdev": 0.08712098747491837, "metadata.audio_properties.analysis.equal_loudness": 0.0, "metadata.audio_properties.analysis.length": 39.678955078125, "metadata.audio_properties.analysis.sample_rate": 44100.0, "metadata.audio_properties.analysis.start_time": 0.0, "metadata.audio_properties.bit_rate": 116060.0, "metadata.audio_properties.length": 39.68000030517578, "metadata.audio_properties.lossless": 0.0, "metadata.audio_properties.number_channels": 1.0, "metadata.audio_properties.replay_gain": -2.916658401489258, "metadata.audio_properties.sample_rate": 48000.0, "rhythm.beats_count": 62.0, "rhythm.beats_loudness.mean": 0.03035593405365944, "rhythm.beats_loudness.stdev": 0.015130613930523396, "rhythm.bpm": 98.77073669433594, "rhythm.bpm_histogram_first_peak_bpm": 99.0, "rhythm.bpm_histogram_first_peak_weight": 0.4999999403953552, "rhythm.bpm_histogram_second_peak_bpm": 88.0, "rhythm.bpm_histogram_second_peak_spread": 0.5555555820465088, "rhythm.bpm_histogram_second_peak_weight": 0.13114753365516663, "rhythm.danceability": 1.2842973470687866, "rhythm.onset_rate": 3.4513587951660156, "tonal.chords_changes_rate": 0.06308411061763763, "tonal.chords_number_rate": 0.010514019057154655, "tonal.chords_strength.mean": 0.5446501970291138, "tonal.chords_strength.stdev": 0.0987677201628685, "tonal.hpcp_crest.mean": 22.940715789794922, "tonal.hpcp_crest.stdev": 9.63586139678955, "tonal.hpcp_entropy.mean": 1.078021764755249, "tonal.hpcp_entropy.stdev": 0.8087514638900757, "tonal.key_edma.strength": 0.8195643424987793, "tonal.key_krumhansl.strength": 0.8150714635848999, "tonal.key_temperley.strength": 0.8055121898651123, "tonal.tuning_diatonic_strength": 0.6315656304359436, "tonal.tuning_equal_tempered_deviation": 0.01658436469733715, "tonal.tuning_frequency": 440.5086364746094, "tonal.tuning_nontempered_energy_ratio": 0.6662653684616089, "lowlevel.barkbands.mean": [6.00172315898817e-05, 0.0028645165730267763, 0.0008312856080010533, 0.0005390580045059323, 0.0031440001912415028, 0.00354628823697567, 0.0018659398192539811, 0.0026133183855563402, 0.003273945301771164, 0.0035163527354598045, 0.002174538793042302, 0.0004633010539691895, 0.00011389143037376925, 0.00025279336841776967, 0.00032386943348683417, 0.00021973061666358262, 0.0002932135830633342, 0.00022298180556390435, 0.00039192361873574555, 0.00018536398420110345, 0.00010204766294918954, 9.151265840046108e-05, 0.00019698972755577415, 0.0013757261913269758, 0.0006548318779096007, 4.7992383770179003e-05, 2.671103560558663e-09], "lowlevel.barkbands.stdev": [0.0008958615362644196, 0.02801312692463398, 0.010727831162512302, 0.002892582444474101, 0.0064064194448292255, 0.0065564909018576145, 0.00494411401450634, 0.005673415958881378, 0.006965722888708115, 0.008483370766043663, 0.0060790712013840675, 0.002271375386044383, 0.00040708971209824085, 0.0008100672857835889, 0.0008278254535980523, 0.0005859486409462988, 0.0009732499020174146, 0.0006537410663440824, 0.0007272788207046688, 0.00038443354424089193, 0.0003609474515542388, 0.0003752621996682137, 0.000720905838534236, 0.0024544799234718084, 0.0015803055139258504, 0.00016774347750470042, 5.671122593753353e-08], "lowlevel.erbbands.mean": [0.08673697710037231, 0.625937819480896, 0.979316234588623, 1.5737636089324951, 2.6454474925994873, 12.411600112915039, 28.207412719726562, 25.781536102294922, 27.665857315063477, 43.7932014465332, 62.4884147644043, 68.52819061279297, 125.31017303466797, 82.72777557373047, 57.10584259033203, 16.147686004638672, 6.541140079498291, 10.087929725646973, 13.618046760559082, 17.44988441467285, 12.817924499511719, 16.90451431274414, 12.936348915100098, 19.15772247314453, 15.761747360229492, 8.041707038879395, 5.93671178817749, 3.2266674041748047, 3.442383289337158, 2.7127578258514404, 6.624536991119385, 19.293437957763672, 27.591873168945312, 11.662343978881836, 2.3392069339752197, 0.47103065252304077, 0.040267761796712875, 0.0012797380331903696, 0.00010942178050754592, 5.4930391343077645e-05], "lowlevel.erbbands.stdev": [0.9760579466819763, 5.797717571258545, 10.898444175720215, 11.62338638305664, 7.9152398109436035, 25.972810745239258, 49.87321853637695, 58.397804260253906, 76.92167663574219, 95.90711212158203, 126.5207748413086, 143.42840576171875, 308.7658386230469, 205.64207458496094, 188.4947052001953, 71.05299377441406, 19.410873413085938, 28.4416561126709, 34.33175277709961, 40.364498138427734, 29.505096435546875, 53.714107513427734, 35.680213928222656, 42.388404846191406, 28.885961532592773, 16.40591812133789, 13.319686889648438, 15.061832427978516, 14.212068557739258, 10.296048164367676, 23.451261520385742, 45.86772537231445, 46.60579299926758, 25.551223754882812, 6.880769729614258, 1.5904732942581177, 0.14540840685367584, 0.0040764217264950275, 0.0002329187118448317, 5.8582245401339605e-05], "lowlevel.gfcc.mean": [-44.648990631103516, 37.29317855834961, -127.50527954101562, -1.2442350387573242, -110.69428253173828, 5.156266212463379, -72.74073791503906, 21.569927215576172, -39.90031814575195, -6.981199264526367, -2.0027854442596436, -20.071157455444336, 14.783299446105957], "lowlevel.melbands.mean": [0.0008061446133069694, 0.0006122704362496734, 0.00028521937201730907, 0.000489701225887984, 0.0009513353579677641, 0.0006179244956001639, 0.00040633842581883073, 0.0005119960405863822, 0.0005683442577719688, 0.00042843373375944793, 0.00061697798082605, 0.00031874043634161353, 0.00021415582159534097, 8.348056871909648e-05, 1.9404133126954548e-05, 1.1714721040334553e-05, 2.0919713278999552e-05, 2.1391902919276617e-05, 2.6787967726704665e-05, 2.0498766389209777e-05, 1.2947279174113646e-05, 1.8481267034076154e-05, 1.6108087947941385e-05, 7.526372428401373e-06, 1.664784394961316e-05, 1.3322084669198375e-05, 7.466310307790991e-06, 5.144097031006822e-06, 4.150588665652322e-06, 2.565514478192199e-06, 1.6192018392757745e-06, 1.936366970767267e-06, 1.805782972041925e-06, 1.3211945315561024e-06, 2.5839274258032674e-06, 6.96973529556999e-06, 1.4059670320420992e-05, 2.1816114895045757e-05, 1.3103513992973603e-05, 9.192049219564069e-06], "lowlevel.melbands.stdev": [0.008318111300468445, 0.005352650303393602, 0.0018022444564849138, 0.0010409370297566056, 0.0016233267961069942, 0.0012821406126022339, 0.0010920263594016433, 0.0011873784242197871, 0.0012847178149968386, 0.0009232742595486343, 0.0015541871543973684, 0.0008037230581976473, 0.0006230769213289022, 0.0003733133489731699, 6.154595030238852e-05, 4.89449012093246e-05, 6.51885784463957e-05, 6.695114279864356e-05, 7.259749691002071e-05, 5.1489700126694515e-05, 3.498067599139176e-05, 6.605592352570966e-05, 5.805920227430761e-05, 1.8473681848263368e-05, 3.984308568760753e-05, 2.6870888177654706e-05, 1.5469926438527182e-05, 1.2634178347070701e-05, 8.807802259980235e-06, 8.775267815508414e-06, 9.150206096819602e-06, 8.168920430762228e-06, 7.946715413709171e-06, 5.379540652938886e-06, 1.0288090379617643e-05, 2.3566706659039482e-05, 3.201979779987596e-05, 3.658670902950689e-05, 2.4244065571110696e-05, 2.3350101400865242e-05], "lowlevel.melbands128.mean": [5.6710709031904116e-05, 0.000605694716796279, 0.00127090432215482, 0.0009306336287409067, 0.0005366262630559504, 0.0004006584349554032, 0.0003308188752271235, 0.0002441060496494174, 0.00020621999283321202, 0.0003782031126320362, 0.0007063616067171097, 0.0010373860131949186, 0.0010241271229460835, 0.0009090668172575533, 0.0005207667709328234, 0.0005128917982801795, 0.000555783452000469, 0.0003076930879615247, 0.00036213264684192836, 0.0004500861978158355, 0.0007321503362618387, 0.0002971248759422451, 0.0006275036139413714, 0.0007847081287764013, 0.00029871013248339295, 0.00038407850661315024, 0.0003947548975702375, 0.0009604605729691684, 0.00048760490608401597, 0.00011736216401914135, 0.00044911171426065266, 0.00033226312370970845, 9.811494237510487e-05, 0.0002607404312584549, 9.503964247414842e-05, 4.289128628442995e-05, 1.9066435925196856e-05, 2.8812713935622014e-05, 8.855321539158467e-06, 1.2742667422571685e-05, 1.5493329556193203e-05, 3.859103799186414e-06, 1.81063969648676e-05, 3.0262515792855993e-05, 3.058963920921087e-05, 1.491532202635426e-05, 1.461739248043159e-05, 3.684209877974354e-05, 2.714057882258203e-05, 1.8150081814383157e-05, 2.1498681235243566e-05, 2.184427467000205e-05, 9.695769222162198e-06, 1.0776403541967738e-05, 1.589065868756734e-05, 2.581190892669838e-05, 1.1089868166891392e-05, 1.7105423467000946e-05, 2.053146090474911e-05, 1.0723512787080836e-05, 2.7247572234045947e-06, 4.053491466038395e-06, 2.348578709643334e-05, 1.752377829689067e-05, 1.3065076927887276e-05, 1.3782459063804708e-05, 1.3118264178046957e-05, 1.032203908835072e-05, 5.947661065874854e-06, 3.6961300793336704e-06, 3.997045951109612e-06, 7.640522198926192e-06, 4.837968390347669e-06, 3.2224600090557942e-06, 3.5385091905482113e-06, 2.8416598070180044e-06, 2.1472583284776192e-06, 1.5300681752705714e-06, 1.6304784367093816e-06, 1.526977712273947e-06, 1.8821148159986478e-06, 2.1856280909560155e-06, 1.918247107823845e-06, 2.030681116593769e-06, 1.4177987850416685e-06, 1.207923219226359e-06, 1.1950589851039695e-06, 1.657986445025017e-06, 1.7973849253394292e-06, 3.6637459288613172e-06, 6.417350050469395e-06, 7.523008662246866e-06, 8.681268809596077e-06, 1.1876187272719108e-05, 1.8680610082810745e-05, 2.2333173546940088e-05, 2.413604670437053e-05, 2.0221847080392763e-05, 1.1724851901817601e-05, 1.0677983482310083e-05, 9.103029697143938e-06, 1.152487766375998e-05, 5.704293926100945e-06, 2.5867277599900262e-06, 1.4874819953547558e-06, 1.949639454323915e-06, 1.1740959280359675e-06, 1.1036170235456666e-06, 8.44975829750183e-07, 3.3646816177679284e-07, 1.9586758526202175e-07, 1.8517718558541674e-07, 5.3850609305072794e-08, 1.0801572081220456e-08, 2.7870883378966482e-09, 3.2058933285838975e-10, 2.394145125206304e-11, 2.244032043519084e-11, 1.4845572687827158e-11, 1.8413904082081878e-11, 1.3608439028423014e-11, 9.068616517449168e-12, 4.731198072205345e-12, 4.6059358584094046e-12, 4.295131524750806e-12, 3.8260527558675594e-12, 3.567330241968647e-12, 3.5126467706758646e-12], "lowlevel.melbands128.stdev": [0.0008560878923162818, 0.007582019083201885, 0.013165480457246304, 0.00860313605517149, 0.005762509070336819, 0.005079061258584261, 0.0026141947600990534, 0.0011214253026992083, 0.0007744912873022258, 0.0012969784438610077, 0.0016921267379075289, 0.0026387632824480534, 0.002081139711663127, 0.002017892664298415, 0.0017173170344904065, 0.0018426374299451709, 0.0020458796061575413, 0.0010747771011665463, 0.0013877173187211156, 0.0011887486325576901, 0.002076358301565051, 0.0010602606926113367, 0.0018026314210146666, 0.00234619970433414, 0.0009786279406398535, 0.0014729370595887303, 0.001297842594794929, 0.002857447834685445, 0.001608410500921309, 0.0004140537930652499, 0.0015770645113661885, 0.0012281817616894841, 0.0005569186178036034, 0.0012396036181598902, 0.0005311724380590022, 0.0004851720586884767, 8.679930760990828e-05, 0.00011217274732189253, 5.006134961149655e-05, 7.108923455234617e-05, 7.288531924132258e-05, 2.046735789917875e-05, 7.438133616233245e-05, 0.00011502882261993363, 0.0001582773547852412, 6.755672802682966e-05, 5.702504131477326e-05, 0.00014535120863001794, 9.446227340959013e-05, 7.3335635534022e-05, 8.579135464970022e-05, 7.566428394056857e-05, 4.2953604861395434e-05, 5.102746217744425e-05, 7.628920138813555e-05, 0.00012826151214540005, 5.9414596762508154e-05, 0.00010528960410738364, 9.10997114260681e-05, 3.783793727052398e-05, 1.4034581909072585e-05, 1.3304655112733599e-05, 7.695992826484144e-05, 5.541761129279621e-05, 4.878314575762488e-05, 3.475600169622339e-05, 4.427311068866402e-05, 3.062262840103358e-05, 1.66657664522063e-05, 1.1724479918484576e-05, 1.3444412616081536e-05, 2.502956340322271e-05, 1.243434235220775e-05, 8.695728865859564e-06, 1.0686852874641772e-05, 8.585734576627146e-06, 1.1268186426605098e-05, 8.465756764053367e-06, 1.229311601491645e-05, 7.111876584531274e-06, 8.59928968566237e-06, 9.545600732963067e-06, 8.539206646673847e-06, 1.0908301192102954e-05, 5.606806553259958e-06, 4.828111286769854e-06, 5.770306415797677e-06, 8.334917765751015e-06, 8.390788934775628e-06, 1.5339475794462487e-05, 2.493910869816318e-05, 2.724099249462597e-05, 2.8246922738617286e-05, 3.6161323805572465e-05, 3.946737706428394e-05, 3.981870031566359e-05, 4.3505388021003455e-05, 4.154135604039766e-05, 2.2791722585679963e-05, 2.3119984689401463e-05, 2.265483453811612e-05, 3.3241296478081495e-05, 1.7806152754928917e-05, 7.741386980342213e-06, 6.250226306292461e-06, 7.802721484040376e-06, 3.956609361921437e-06, 4.05091395805357e-06, 3.2982004540826892e-06, 1.411780203852686e-06, 8.849937671584485e-07, 9.156816531685763e-07, 2.577606323939108e-07, 8.802021511655767e-08, 2.5188375829543475e-08, 3.109940305279224e-09, 5.578910111658786e-10, 6.556216125552794e-10, 3.441970042317166e-10, 5.324488072666611e-10, 3.4529351600198765e-10, 1.7419410358598952e-10, 6.057508227658159e-12, 5.948496469704301e-12, 5.863091262492404e-12, 5.780999810800491e-12, 5.729170176466125e-12, 5.697413894834025e-12], "lowlevel.mfcc.mean": [-693.6245727539062, 69.1302719116211, 15.847101211547852, -23.637828826904297, -4.079690456390381, -50.12886047363281, 2.015239715576172, -28.077665328979492, -8.726408004760742, 1.1645524501800537, -27.777271270751953, -8.59582233428955, -13.651628494262695], "lowlevel.spectral_contrast_coeffs.mean": [-0.5344078540802002, -0.6271893978118896, -0.6618357300758362, -0.7493005394935608, -0.7451351881027222, -0.7387862205505371], "lowlevel.spectral_contrast_coeffs.stdev": [0.1497676819562912, 0.11866485327482224, 0.1297358274459839, 0.07454485446214676, 0.06726283580064774, 0.06420306861400604], "lowlevel.spectral_contrast_valleys.mean": [-9.12154769897461, -7.736261367797852, -8.41727352142334, -8.703141212463379, -8.371318817138672, -10.300741195678711], "lowlevel.spectral_contrast_valleys.stdev": [1.5788319110870361, 0.661173403263092, 0.6402459144592285, 0.6446678042411804, 0.8165717124938965, 1.0070667266845703], "rhythm.beats_loudness_band_ratio.mean": [0.04970807209610939, 0.24213199317455292, 0.2844211161136627, 0.14925622940063477, 0.05593687668442726, 0.2674674689769745], "rhythm.beats_loudness_band_ratio.stdev": [0.13824968039989471, 0.23811723291873932, 0.2603551149368286, 0.24075280129909515, 0.07425455003976822, 0.321725070476532], "tonal.hpcp.mean": [0.03219056874513626, 0.03879890590906143, 0.11320719867944717, 0.16363433003425598, 0.09652363508939743, 0.03700227290391922, 0.031405478715896606, 0.03982442244887352, 0.15054382383823395, 0.24950635433197021, 0.1712506264448166, 0.07997182011604309, 0.05989259108901024, 0.04119078814983368, 0.026517381891608238, 0.023144109174609184, 0.030053846538066864, 0.16264010965824127, 0.29171520471572876, 0.1622866988182068, 0.023435460403561592, 0.017704684287309647, 0.024544058367609978, 0.09002530574798584, 0.1390775591135025, 0.07851177453994751, 0.02186705730855465, 0.017005586996674538, 0.023262590169906616, 0.10351061820983887, 0.15928398072719574, 0.10043071210384369, 0.10541749745607376, 0.1362810879945755, 0.08385323733091354, 0.04257158562541008], "tonal.hpcp.stdev": [0.11025683581829071, 0.13157640397548676, 0.24580694735050201, 0.31452685594558716, 0.21501587331295013, 0.12312990427017212, 0.10876758396625519, 0.13361284136772156, 0.2571318745613098, 0.3715295195579529, 0.29108551144599915, 0.20984449982643127, 0.19842295348644257, 0.14756102859973907, 0.11212164163589478, 0.09735991060733795, 0.11185391247272491, 0.24468523263931274, 0.39777013659477234, 0.2544704079627991, 0.08949852734804153, 0.07591906934976578, 0.09595067799091339, 0.2072429358959198, 0.29759350419044495, 0.19402484595775604, 0.0945659950375557, 0.08508145064115524, 0.09709640592336655, 0.22056785225868225, 0.3041013181209564, 0.19694878160953522, 0.22906211018562317, 0.2923524081707001, 0.19805200397968292, 0.1362304985523224], "rhythm.beats_position": [0.7198185920715332, 1.4628571271896362, 2.18267560005188, 2.902494192123413, 3.5874829292297363, 4.2724714279174805, 4.899410247802734, 5.549569129943848, 6.199728012084961, 6.849886417388916, 7.53487491607666, 8.219863891601562, 8.904852867126465, 9.543400764465332, 10.181949615478516, 10.80888843536377, 11.424217224121094, 12.027935981750488, 12.631654739379883, 13.235373497009277, 13.88553237915039, 14.535691261291504, 15.174240112304688, 15.801178932189941, 16.439727783203125, 17.078275680541992, 17.705215454101562, 18.30893325805664, 18.92426300048828, 19.55120086669922, 20.16653060913086, 20.781858444213867, 21.385578155517578, 21.989295959472656, 22.616235733032227, 23.254783630371094, 23.846893310546875, 24.439001083374023, 25.031110763549805, 25.6812686920166, 26.33142852783203, 27.051246643066406, 27.747844696044922, 28.44444465637207, 29.141042709350586, 29.814420700073242, 30.49941062927246, 31.184398651123047, 31.74167823791504, 32.29895782470703, 32.85623550415039, 33.42512512207031, 33.98240280151367, 34.551292419433594, 35.10857009887695, 35.700679779052734, 36.292789459228516, 36.896507263183594, 37.50022506713867, 38.103946685791016, 38.69605255126953, 39.28816223144531], "rhythm.bpm_histogram": [0.0, 0.0, 0.0, 0.0, 0.0, 0.0, 0.0, 0.0, 0.0, 0.0, 0.0, 0.0, 0.0, 0.0, 0.0, 0.0, 0.0, 0.0, 0.0, 0.0, 0.0, 0.0, 0.0, 0.0, 0.0, 0.0, 0.0, 0.0, 0.0, 0.0, 0.0, 0.0, 0.0, 0.0, 0.0, 0.0, 0.0, 0.0, 0.0, 0.0, 0.0, 0.0, 0.0, 0.0, 0.0, 0.0, 0.0, 0.0, 0.0, 0.0, 0.0, 0.0, 0.0, 0.0, 0.0, 0.0, 0.0, 0.0, 0.0, 0.0, 0.0, 0.0, 0.0, 0.0, 0.0, 0.0, 0.0, 0.0, 0.0, 0.0, 0.0, 0.0, 0.0, 0.0, 0.0, 0.0, 0.0, 0.0, 0.0, 0.0, 0.0, 0.016393441706895828, 0.0, 0.04918032884597778, 0.0, 0.0, 0.04918032884597778, 0.0, 0.1147540956735611, 0.016393441706895828, 0.0, 0.0, 0.1147540956735611, 0.0, 0.09836065769195557, 0.0, 0.09836065769195557, 0.0, 0.06557376682758331, 0.14754098653793335, 0.0, 0.1147540956735611, 0.0, 0.0, 0.0, 0.032786883413791656, 0.0, 0.0, 0.08196721225976944, 0.0, 0.0, 0.0, 0.0, 0.0, 0.0, 0.0, 0.0, 0.0, 0.0, 0.0, 0.0, 0.0, 0.0, 0.0, 0.0, 0.0, 0.0, 0.0, 0.0, 0.0, 0.0, 0.0, 0.0, 0.0, 0.0, 0.0, 0.0, 0.0, 0.0, 0.0, 0.0, 0.0, 0.0, 0.0, 0.0, 0.0, 0.0, 0.0, 0.0, 0.0, 0.0, 0.0, 0.0, 0.0, 0.0, 0.0, 0.0, 0.0, 0.0, 0.0, 0.0, 0.0, 0.0, 0.0, 0.0, 0.0, 0.0, 0.0, 0.0, 0.0, 0.0, 0.0, 0.0, 0.0, 0.0, 0.0, 0.0, 0.0, 0.0, 0.0, 0.0, 0.0, 0.0, 0.0, 0.0, 0.0, 0.0, 0.0, 0.0, 0.0, 0.0, 0.0, 0.0, 0.0, 0.0, 0.0, 0.0, 0.0, 0.0, 0.0, 0.0, 0.0, 0.0, 0.0, 0.0, 0.0, 0.0, 0.0, 0.0, 0.0, 0.0, 0.0, 0.0, 0.0, 0.0, 0.0, 0.0, 0.0, 0.0, 0.0, 0.0, 0.0, 0.0, 0.0, 0.0, 0.0, 0.0, 0.0, 0.0, 0.0, 0.0, 0.0, 0.0, 0.0, 0.0, 0.0, 0.0, 0.0, 0.0, 0.0, 0.0, 0.0, 0.0, 0.0, 0.0, 0.0, 0.0, 0.0, 0.0, 0.0], "tonal.chords_histogram": [21.144859313964844, 37.5, 7.009346008300781, 0.0, 0.5841121673583984, 0.0, 0.0, 0.0, 1.5186915397644043, 0.0, 0.0, 0.0, 0.0, 0.0, 0.0, 0.0, 0.0, 1.2850466966629028, 0.0, 7.476635456085205, 0.0, 6.658878326416016, 3.5046730041503906, 13.317756652832031], "tonal.thpcp": [1.0, 0.5563189387321472, 0.08033677935600281, 0.060691673308610916, 0.08413705229759216, 0.3086068332195282, 0.4767580032348633, 0.2691384255886078, 0.07496029138565063, 0.05829516798257828, 0.07974418252706528, 0.35483449697494507, 0.5460256338119507, 0.3442765772342682, 0.3613712787628174, 0.46717169880867004, 0.2874489724636078, 0.14593543112277985, 0.11034929752349854, 0.13300268352031708, 0.3880743980407715, 0.5609386563301086, 0.33088311553001404, 0.12684382498264313, 0.1076580137014389, 0.13651816546916962, 0.5160643458366394, 0.8553079962730408, 0.5870473384857178, 0.2741434872150421, 0.2053118646144867, 0.14120206236839294, 0.09090161323547363, 0.07933802902698517, 0.10302461683750153, 0.5575304627418518], "lowlevel.gfcc.cov": [[3928.793212890625, 553.483154296875, 298.0991516113281, 360.9769592285156, 407.5613708496094, 117.2991943359375, 144.43260192871094, 628.8684692382812, 217.79379272460938, -172.24453735351562, 264.94659423828125, -143.8924560546875, 44.799278259277344], [553.483154296875, 2589.482421875, 408.47320556640625, 206.68617248535156, 620.552001953125, 246.95217895507812, 505.8943176269531, 221.59449768066406, 40.287513732910156, -133.38601684570312, 523.20263671875, -279.8991394042969, 55.874961853027344], [298.0991516113281, 408.47320556640625, 1397.91455078125, 403.2572021484375, 101.17913055419922, 241.45077514648438, 1.6557611227035522, 3.181950092315674, 50.2451286315918, 15.417938232421875, -102.81868743896484, 44.73979187011719, -181.31809997558594], [360.9769592285156, 206.68617248535156, 403.2572021484375, 966.0213012695312, 557.4949340820312, 118.91403198242188, 61.00690460205078, 173.2788848876953, 282.66522216796875, -63.60547637939453, -37.063148498535156, 122.54908752441406, -81.07682037353516], [407.5613708496094, 620.552001953125, 101.17913055419922, 557.4949340820312, 664.9779663085938, 224.8810577392578, 165.200439453125, 209.5563201904297, 204.08302307128906, -35.66096115112305, 118.51129913330078, 17.90758514404297, 2.544355630874634], [117.2991943359375, 246.95217895507812, 241.45077514648438, 118.91403198242188, 224.8810577392578, 643.8080444335938, 357.2594299316406, -154.37693786621094, 74.28056335449219, 133.86846923828125, 89.23612976074219, -43.967498779296875, -45.20808792114258], [144.43260192871094, 505.8943176269531, 1.6557611227035522, 61.00690460205078, 165.200439453125, 357.2594299316406, 449.05950927734375, 42.85264205932617, 58.32882308959961, 55.66141891479492, 214.38719177246094, -64.6917953491211, 33.00691604614258], [628.8684692382812, 221.59449768066406, 3.181950092315674, 173.2788848876953, 209.5563201904297, -154.37693786621094, 42.85264205932617, 509.680419921875, 170.86643981933594, -133.4091033935547, 124.38217163085938, 38.401649475097656, 71.37109375], [217.79379272460938, 40.287513732910156, 50.2451286315918, 282.66522216796875, 204.08302307128906, 74.28056335449219, 58.32882308959961, 170.86643981933594, 305.1536560058594, 30.21892738342285, 24.163785934448242, 87.96427154541016, 27.065540313720703], [-172.24453735351562, -133.38601684570312, 15.417938232421875, -63.60547637939453, -35.66096115112305, 133.86846923828125, 55.66141891479492, -133.4091033935547, 30.21892738342285, 213.41600036621094, -0.9720894694328308, 23.24538803100586, 7.049372673034668], [264.94659423828125, 523.20263671875, -102.81868743896484, -37.063148498535156, 118.51129913330078, 89.23612976074219, 214.38719177246094, 124.38217163085938, 24.163785934448242, -0.9720894694328308, 391.4364318847656, -0.3803984522819519, 47.8628044128418], [-143.8924560546875, -279.8991394042969, 44.73979187011719, 122.54908752441406, 17.90758514404297, -43.967498779296875, -64.6917953491211, 38.401649475097656, 87.96427154541016, 23.24538803100586, -0.3803984522819519, 244.70938110351562, -11.847091674804688], [44.799278259277344, 55.874961853027344, -181.31809997558594, -81.07682037353516, 2.544355630874634, -45.20808792114258, 33.00691604614258, 71.37109375, 27.065540313720703, 7.049372673034668, 47.8628044128418, -11.847091674804688, 221.6110076904297]], "lowlevel.gfcc.icov": [[0.000380137498723343, 1.1757552783819847e-05, -1.4526990526064765e-05, -0.00017708771338220686, 0.00015542125038336962, -0.0003917400899808854, 0.00038539510569535196, -0.0006108604138717055, 5.509421316673979e-05, -2.539684373914497e-06, -0.00026826641988009214, 0.00042311332072131336, -2.4941700758063234e-05], [1.1757552783819847e-05, 0.0018569278763607144, -0.0013887198874726892, 0.0015998395392671227, -0.0030638042371720076, 0.0025207852013409138, -0.002433800371363759, 0.0019299297127872705, -0.0011463812552392483, 0.0014868066646158695, -0.0015271633164957166, 0.001572040724568069, -0.0002245444484287873], [-1.4526990526064765e-05, -0.0013887198874726892, 0.0021783674601465464, -0.0020822198130190372, 0.003087111283093691, -0.0029686004854738712, 0.0025285438168793917, -0.002226527314633131, 0.001487215980887413, -0.0014420946827158332, 0.0011315792798995972, -0.0010589511366561055, 0.0006362565909512341], [-0.00017708771338220686, 0.0015998395392671227, -0.0020822198130190372, 0.005294139496982098, -0.005880686454474926, 0.004034086130559444, -0.0037210253067314625, 0.0033753474708646536, -0.0031759573612362146, 0.002581442939117551, -0.0001030166822602041, 1.9966866602771915e-05, 0.0005523739964701235], [0.00015542125038336962, -0.0030638042371720076, 0.003087111283093691, -0.005880686454474926, 0.010272222571074963, -0.007019663229584694, 0.005794586148113012, -0.005501810926944017, 0.0026214146055281162, -0.002814990933984518, 0.001147966249845922, -0.001326847355812788, -7.515039760619402e-05], [-0.0003917400899808854, 0.0025207852013409138, -0.0029686004854738712, 0.004034086130559444, -0.007019663229584694, 0.00987702701240778, -0.008274076506495476, 0.006286023184657097, -0.0034885560162365437, 0.0017177043482661247, -0.0009270497248508036, 0.0014006784185767174, 0.00044054785394109786], [0.00038539510569535196, -0.002433800371363759, 0.0025285438168793917, -0.0037210253067314625, 0.005794586148113012, -0.008274076506495476, 0.010766598396003246, -0.0052273268811404705, 0.0024850270710885525, -0.0027541520539671183, -0.0009045129991136491, -5.514627991942689e-05, -0.0004548071010503918], [-0.0006108604138717055, 0.0019299297127872705, -0.002226527314633131, 0.0033753474708646536, -0.005501810926944017, 0.006286023184657097, -0.0052273268811404705, 0.008452223613858223, -0.004557851701974869, 0.004263479262590408, -0.0016382308676838875, 0.0005836545606143773, -0.0007419035537168384], [5.509421316673979e-05, -0.0011463812552392483, 0.001487215980887413, -0.0031759573612362146, 0.0026214146055281162, -0.0034885560162365437, 0.0024850270710885525, -0.004557851701974869, 0.008143514394760132, -0.0035050134174525738, 0.0012299143709242344, -0.0020266256760805845, -0.0005682648625224829], [-2.539684373914497e-06, 0.0014868066646158695, -0.0014420946827158332, 0.002581442939117551, -0.002814990933984518, 0.0017177043482661247, -0.0027541520539671183, 0.004263479262590408, -0.0035050134174525738, 0.008820303715765476, -0.0011717452434822917, 0.00016994653560686857, -0.0007803176413290203], [-0.00026826641988009214, -0.0015271633164957166, 0.0011315792798995972, -0.0001030166822602041, 0.001147966249845922, -0.0009270497248508036, -0.0009045129991136491, -0.0016382308676838875, 0.0012299143709242344, -0.0011717452434822917, 0.005829568020999432, -0.002600778127089143, 0.00027642599889077246], [0.00042311332072131336, 0.001572040724568069, -0.0010589511366561055, 1.9966866602771915e-05, -0.001326847355812788, 0.0014006784185767174, -5.514627991942689e-05, 0.0005836545606143773, -0.0020266256760805845, 0.00016994653560686857, -0.002600778127089143, 0.0072665587067604065, -2.7512624001246877e-05], [-2.4941700758063234e-05, -0.0002245444484287873, 0.0006362565909512341, 0.0005523739964701235, -7.515039760619402e-05, 0.00044054785394109786, -0.0004548071010503918, -0.0007419035537168384, -0.0005682648625224829, -0.0007803176413290203, 0.00027642599889077246, -2.7512624001246877e-05, 0.005727187730371952]], "lowlevel.mfcc.cov": [[3596.16064453125, 205.5032958984375, 52.095497131347656, 484.3774108886719, 588.8095092773438, -300.12506103515625, 293.5322265625, 359.7724304199219, 209.32669067382812, 344.01702880859375, 3.306788682937622, 234.71128845214844, 152.8964080810547], [205.5032958984375, 2144.55810546875, 341.8546447753906, 193.4060821533203, 316.7130126953125, -49.57687759399414, 700.1235961914062, 101.77713012695312, -12.170528411865234, 283.2872009277344, -24.52772331237793, 222.8917694091797, 124.2540054321289], [52.095497131347656, 341.8546447753906, 1248.1466064453125, 127.7483901977539, 140.68258666992188, 388.93359375, 52.87697982788086, 170.5843505859375, 18.808826446533203, 99.42298126220703, 95.83486938476562, 42.98472595214844, 192.70726013183594], [484.3774108886719, 193.4060821533203, 127.7483901977539, 910.8785400390625, 591.8107299804688, -69.51429748535156, -37.47465133666992, 383.0278625488281, 158.2748565673828, 41.55657196044922, 114.7188720703125, 146.50738525390625, 129.4838104248047], [588.8095092773438, 316.7130126953125, 140.68258666992188, 591.8107299804688, 716.4796752929688, -38.42337417602539, 54.33684539794922, 332.3191833496094, 156.94549560546875, 118.10413360595703, 71.10574340820312, 150.94271850585938, 140.82154846191406], [-300.12506103515625, -49.57687759399414, 388.93359375, -69.51429748535156, -38.42337417602539, 1056.1435546875, 44.8266716003418, 34.38695526123047, 39.173133850097656, 110.19133758544922, 191.29090881347656, -70.19139862060547, 251.69432067871094], [293.5322265625, 700.1235961914062, 52.87697982788086, -37.47465133666992, 54.33684539794922, 44.8266716003418, 595.4896240234375, 40.08283996582031, -19.5662841796875, 211.20974731445312, -37.38063049316406, 127.20500183105469, 96.02456665039062], [359.7724304199219, 101.77713012695312, 170.5843505859375, 383.0278625488281, 332.3191833496094, 34.38695526123047, 40.08283996582031, 485.185791015625, 86.93022918701172, 71.68384552001953, 143.9811248779297, 145.22018432617188, 208.724365234375], [209.32669067382812, -12.170528411865234, 18.808826446533203, 158.2748565673828, 156.94549560546875, 39.173133850097656, -19.5662841796875, 86.93022918701172, 314.5809326171875, 112.07479095458984, 33.49265670776367, -38.4517707824707, -7.679821968078613], [344.01702880859375, 283.2872009277344, 99.42298126220703, 41.55657196044922, 118.10413360595703, 110.19133758544922, 211.20974731445312, 71.68384552001953, 112.07479095458984, 350.63531494140625, 2.3810648918151855, 20.81731414794922, 110.018798828125], [3.306788682937622, -24.52772331237793, 95.83486938476562, 114.7188720703125, 71.10574340820312, 191.29090881347656, -37.38063049316406, 143.9811248779297, 33.49265670776367, 2.3810648918151855, 264.0399475097656, 66.83309936523438, 84.62569427490234], [234.71128845214844, 222.8917694091797, 42.98472595214844, 146.50738525390625, 150.94271850585938, -70.19139862060547, 127.20500183105469, 145.22018432617188, -38.4517707824707, 20.81731414794922, 66.83309936523438, 258.92132568359375, 130.01504516601562], [152.8964080810547, 124.2540054321289, 192.70726013183594, 129.4838104248047, 140.82154846191406, 251.69432067871094, 96.02456665039062, 208.724365234375, -7.679821968078613, 110.018798828125, 84.62569427490234, 130.01504516601562, 351.1047058105469]], "lowlevel.mfcc.icov": [[0.0003808815381489694, 0.00011900592653546482, -2.663575651240535e-05, -1.9436976799624972e-05, -0.0002128919877577573, 0.00013570135342888534, -0.00018142916087526828, -4.614509452949278e-05, -6.61191952531226e-05, -0.0002881702675949782, 2.793611383822281e-05, -0.0001605577563168481, 2.054160177067388e-05], [0.00011900592653546482, 0.0009283203980885446, -0.00024207812384702265, -0.00011330265260767192, -0.00036755381734110415, 0.00018848670879378915, -0.0010491294087842107, 0.00026910071028396487, 0.00011299817560939118, -0.00019463515491224825, -0.00011074570647906512, -0.0001520116493338719, 7.999840454431251e-05], [-2.663575651240535e-05, -0.00024207812384702265, 0.0010278098052367568, 6.604057034564903e-06, 1.593565320945345e-05, -0.0003896553535014391, 0.00030837711528874934, -0.0003004073805641383, 0.00010125646804226562, -7.885014201747254e-05, 0.0001068394267349504, 5.79233574171667e-06, -0.00010307795309927315], [-1.9436976799624972e-05, -0.00011330265260767192, 6.604057034564903e-06, 0.002775923116132617, -0.0017873705364763737, 0.00010870862752199173, 0.0003778317477554083, -0.0008746437961235642, -0.000386764615541324, 0.00041953689651563764, -0.00021902154549025, -0.0001347758952761069, 3.955571082769893e-05], [-0.0002128919877577573, -0.00036755381734110415, 1.593565320945345e-05, -0.0017873705364763737, 0.003837103955447674, -0.0001650641206651926, 0.00046162240323610604, -0.0008148830966092646, -0.0006204532110132277, -0.00042221086914651096, 0.0005912868655286729, -0.0007826542714610696, 7.675105734961107e-05], [0.00013570135342888534, 0.00018848670879378915, -0.0003896553535014391, 0.00010870862752199173, -0.0001650641206651926, 0.00191745616029948, -0.0005391906015574932, 0.000729105609934777, -0.00020544877042993903, -3.3192820410477e-05, -0.0014920813264325261, 0.0014005614211782813, -0.0016994402976706624], [-0.00018142916087526828, -0.0010491294087842107, 0.00030837711528874934, 0.0003778317477554083, 0.00046162240323610604, -0.0005391906015574932, 0.003885915968567133, -0.0004764780751429498, 0.0003300105163361877, -0.0014727142406627536, 0.0009424284216947854, -0.001514029805548489, 0.0003657498164102435], [-4.614509452949278e-05, 0.00026910071028396487, -0.0003004073805641383, -0.0008746437961235642, -0.0008148830966092646, 0.000729105609934777, -0.0004764780751429498, 0.004934400785714388, -0.0005273821298032999, 0.00022305786842480302, -0.0017653577961027622, -2.4928363927756436e-05, -0.002233317820355296], [-6.61191952531226e-05, 0.00011299817560939118, 0.00010125646804226562, -0.000386764615541324, -0.0006204532110132277, -0.00020544877042993903, 0.0003300105163361877, -0.0005273821298032999, 0.0047225747257471085, -0.0017253985861316323, -0.0003858880663756281, 0.0010132698807865381, 0.0010570015292614698], [-0.0002881702675949782, -0.00019463515491224825, -7.885014201747254e-05, 0.00041953689651563764, -0.00042221086914651096, -3.3192820410477e-05, -0.0014727142406627536, 0.00022305786842480302, -0.0017253985861316323, 0.005231307819485664, 2.20366200665012e-05, 0.0011399355717003345, -0.001558168907649815], [2.793611383822281e-05, -0.00011074570647906512, 0.0001068394267349504, -0.00021902154549025, 0.0005912868655286729, -0.0014920813264325261, 0.0009424284216947854, -0.0017653577961027622, -0.0003858880663756281, 2.20366200665012e-05, 0.00613595824688673, -0.0021849607583135366, 0.0009881658479571342], [-0.0001605577563168481, -0.0001520116493338719, 5.79233574171667e-06, -0.0001347758952761069, -0.0007826542714610696, 0.0014005614211782813, -0.001514029805548489, -2.4928363927756436e-05, 0.0010132698807865381, 0.0011399355717003345, -0.0021849607583135366, 0.00783719215542078, -0.0028015044517815113], [2.054160177067388e-05, 7.999840454431251e-05, -0.00010307795309927315, 3.955571082769893e-05, 7.675105734961107e-05, -0.0016994402976706624, 0.0003657498164102435, -0.002233317820355296, 0.0010570015292614698, -0.001558168907649815, 0.0009881658479571342, -0.0028015044517815113, 0.006578602362424135]], "metadata.audio_properties.analysis.downmix": "mix", "metadata.audio_properties.codec": "mp3", "metadata.audio_properties.md5_encoded": "0edc58174e051961d9e1cd3f73822fa2", "metadata.tags.file_name": "1182271934512238614.mp3", "metadata.version.essentia": "2.1-beta6-dev", "metadata.version.essentia_git_sha": "v2.1_beta5-1110-g77a6a954", "metadata.version.extractor": "music 2.0", "tonal.chords_key": "C", "tonal.chords_scale": "minor", "tonal.key_edma.key": "Ab", "tonal.key_edma.scale": "maj