{"song_id": "1182269807219982417", "download": "https://cdn.discordapp.com/attachments/1128313332273782784/1182269807219982417/chirp.mp4?ex=6584158f&amp", "lyrics": "[Verse]\nFar from home, I roam these foreign lands\nChasing dreams, with strength, I take a stand\nMissing family, their love, their touch\nBut I gotta grind, I gotta hustle, I must\n\n[Chorus]\nLiving abroad, it's a bittersweet melody\nMissing my fam, always in my memory", "style": ["\u0440\u043e\u0440"], "essentia_features": {"lowlevel.average_loudness": 0.9090147614479065, "lowlevel.barkbands_crest.mean": 16.20576286315918, "lowlevel.barkbands_crest.stdev": 4.501265048980713, "lowlevel.barkbands_flatness_db.mean": 0.3092390298843384, "lowlevel.barkbands_flatness_db.stdev": 0.08460556715726852, "lowlevel.barkbands_kurtosis.mean": 34.08689498901367, "lowlevel.barkbands_kurtosis.stdev": 38.22719955444336, "lowlevel.barkbands_skewness.mean": 3.9839394092559814, "lowlevel.barkbands_skewness.stdev": 2.6875569820404053, "lowlevel.barkbands_spread.mean": 10.996416091918945, "lowlevel.barkbands_spread.stdev": 12.31025218963623, "lowlevel.dissonance.mean": 0.4616335928440094, "lowlevel.dissonance.stdev": 0.03345511853694916, "lowlevel.dynamic_complexity": 2.5587408542633057, "lowlevel.erbbands_crest.mean": 12.121928215026855, "lowlevel.erbbands_crest.stdev": 4.238804340362549, "lowlevel.erbbands_flatness_db.mean": 0.22623232007026672, "lowlevel.erbbands_flatness_db.stdev": 0.04418373480439186, "lowlevel.erbbands_kurtosis.mean": 3.51672625541687, "lowlevel.erbbands_kurtosis.stdev": 8.042678833007812, "lowlevel.erbbands_skewness.mean": 0.24461530148983002, "lowlevel.erbbands_skewness.stdev": 1.8953335285186768, "lowlevel.erbbands_spread.mean": 42.4221305847168, "lowlevel.erbbands_spread.stdev": 26.621551513671875, "lowlevel.hfc.mean": 17.094820022583008, "lowlevel.hfc.stdev": 12.963814735412598, "lowlevel.loudness_ebu128.integrated": -13.255314826965332, "lowlevel.loudness_ebu128.loudness_range": 7.957231521606445, "lowlevel.loudness_ebu128.momentary.mean": -14.396883964538574, "lowlevel.loudness_ebu128.momentary.stdev": 3.569458246231079, "lowlevel.loudness_ebu128.short_term.mean": -13.731975555419922, "lowlevel.loudness_ebu128.short_term.stdev": 2.673060417175293, "lowlevel.melbands_crest.mean": 18.584566116333008, "lowlevel.melbands_crest.stdev": 5.074733257293701, "lowlevel.melbands_flatness_db.mean": 0.39688414335250854, "lowlevel.melbands_flatness_db.stdev": 0.11151368916034698, "lowlevel.melbands_kurtosis.mean": 70.41293334960938, "lowlevel.melbands_kurtosis.stdev": 72.92267608642578, "lowlevel.melbands_skewness.mean": 5.515171527862549, "lowlevel.melbands_skewness.stdev": 3.3423681259155273, "lowlevel.melbands_spread.mean": 11.578956604003906, "lowlevel.melbands_spread.stdev": 17.931201934814453, "lowlevel.pitch_salience.mean": 0.40212154388427734, "lowlevel.pitch_salience.stdev": 0.12167181074619293, "lowlevel.silence_rate_20dB.mean": 1.0, "lowlevel.silence_rate_20dB.stdev": 0.0, "lowlevel.silence_rate_30dB.mean": 0.601489782333374, "lowlevel.silence_rate_30dB.stdev": 0.4895918071269989, "lowlevel.silence_rate_60dB.mean": 0.022346368059515953, "lowlevel.silence_rate_60dB.stdev": 0.14780834317207336, "lowlevel.spectral_centroid.mean": 980.1913452148438, "lowlevel.spectral_centroid.stdev": 749.0016479492188, "lowlevel.spectral_complexity.mean": 10.864059448242188, "lowlevel.spectral_complexity.stdev": 5.162001132965088, "lowlevel.spectral_decrease.mean": -2.1718774334544833e-08, "lowlevel.spectral_decrease.stdev": 1.4481581267489219e-08, "lowlevel.spectral_energy.mean": 0.08352207392454147, "lowlevel.spectral_energy.stdev": 0.05509238317608833, "lowlevel.spectral_energyband_high.mean": 0.00011513230856508017, "lowlevel.spectral_energyband_high.stdev": 0.00032912049209699035, "lowlevel.spectral_energyband_low.mean": 0.0740024596452713, "lowlevel.spectral_energyband_low.stdev": 0.0536256767809391, "lowlevel.spectral_energyband_middle_high.mean": 0.004000436514616013, "lowlevel.spectral_energyband_middle_high.stdev": 0.005044133402407169, "lowlevel.spectral_energyband_middle_low.mean": 0.008161633275449276, "lowlevel.spectral_energyband_middle_low.stdev": 0.005847523454576731, "lowlevel.spectral_entropy.mean": 6.622076988220215, "lowlevel.spectral_entropy.stdev": 0.5569392442703247, "lowlevel.spectral_flux.mean": 0.049107976257801056, "lowlevel.spectral_flux.stdev": 0.03586423397064209, "lowlevel.spectral_kurtosis.mean": 7.094464302062988, "lowlevel.spectral_kurtosis.stdev": 5.443177700042725, "lowlevel.spectral_rms.mean": 0.008283057250082493, "lowlevel.spectral_rms.stdev": 0.0035883209202438593, "lowlevel.spectral_rolloff.mean": 622.68017578125, "lowlevel.spectral_rolloff.stdev": 1066.047607421875, "lowlevel.spectral_skewness.mean": 1.6030596494674683, "lowlevel.spectral_skewness.stdev": 0.8584254384040833, "lowlevel.spectral_spread.mean": 3044946.25, "lowlevel.spectral_spread.stdev": 1294345.0, "lowlevel.spectral_strongpeak.mean": 0.9233080148696899, "lowlevel.spectral_strongpeak.stdev": 1.0583796501159668, "lowlevel.zerocrossingrate.mean": 0.02683182805776596, "lowlevel.zerocrossingrate.stdev": 0.03459720313549042, "metadata.audio_properties.analysis.equal_loudness": 0.0, "metadata.audio_properties.analysis.length": 24.895986557006836, "metadata.audio_properties.analysis.sample_rate": 44100.0, "metadata.audio_properties.analysis.start_time": 0.0, "metadata.audio_properties.bit_rate": 128616.0, "metadata.audio_properties.length": 24.895999908447266, "metadata.audio_properties.lossless": 0.0, "metadata.audio_properties.number_channels": 1.0, "metadata.audio_properties.replay_gain": -10.557825088500977, "metadata.audio_properties.sample_rate": 48000.0, "rhythm.beats_count": 36.0, "rhythm.beats_loudness.mean": 0.09985168278217316, "rhythm.beats_loudness.stdev": 0.06118851155042648, "rhythm.bpm": 89.46788787841797, "rhythm.bpm_histogram_first_peak_bpm": 89.0, "rhythm.bpm_histogram_first_peak_weight": 0.3142857551574707, "rhythm.bpm_histogram_second_peak_bpm": 0.0, "rhythm.bpm_histogram_second_peak_spread": 0.0, "rhythm.bpm_histogram_second_peak_weight": 0.0, "rhythm.danceability": 0.8793131709098816, "rhythm.onset_rate": 2.64900541305542, "tonal.chords_changes_rate": 0.05390334501862526, "tonal.chords_number_rate": 0.013011152856051922, "tonal.chords_strength.mean": 0.4877110719680786, "tonal.chords_strength.stdev": 0.0984700471162796, "tonal.hpcp_crest.mean": 15.120675086975098, "tonal.hpcp_crest.stdev": 6.933134078979492, "tonal.hpcp_entropy.mean": 1.8030117750167847, "tonal.hpcp_entropy.stdev": 0.6959915161132812, "tonal.key_edma.strength": 0.8033263087272644, "tonal.key_krumhansl.strength": 0.7962019443511963, "tonal.key_temperley.strength": 0.7829490303993225, "tonal.tuning_diatonic_strength": 0.5802804827690125, "tonal.tuning_equal_tempered_deviation": 0.09350268542766571, "tonal.tuning_frequency": 436.960693359375, "tonal.tuning_nontempered_energy_ratio": 0.7201880216598511, "lowlevel.barkbands.mean": [0.00024318551004398614, 0.05239126458764076, 0.018673615530133247, 0.00488108629360795, 0.0021172622218728065, 0.0005944151198491454, 0.00012374803191050887, 0.00012757098011206836, 0.00018369111057836562, 0.00021818744426127523, 0.00029029007419012487, 0.0002817133499775082, 0.00034802366280928254, 0.00026797360624186695, 4.279004133422859e-05, 0.00020986684830859303, 0.0013299366692081094, 0.0007383899064734578, 0.00032059737714007497, 3.644950265879743e-05, 6.122016202425584e-05, 1.8985279893968254e-05, 1.3016710909141693e-05, 6.2885719671612605e-06, 2.0293230136303464e-06, 6.773498171241954e-07, 1.4988488672429412e-08], "lowlevel.barkbands.stdev": [0.0005280141485854983, 0.038687750697135925, 0.021602435037493706, 0.004123029299080372, 0.00220716861076653, 0.0008724714280106127, 0.00023196169058792293, 0.00025457103038206697, 0.00048807731945998967, 0.0005442888359539211, 0.0007802954060025513, 0.001019143732264638, 0.0008791561704128981, 0.0012310671154409647, 0.00011615658877417445, 0.0005708038806915283, 0.0036465697921812534, 0.0013202877016738057, 0.0006019730935804546, 8.163403981598094e-05, 0.0002100609999615699, 5.945794327999465e-05, 3.3589920349186286e-05, 2.9074051781208254e-05, 8.806129699223675e-06, 1.9661956685013138e-06, 1.085534364619889e-07], "lowlevel.erbbands.mean": [0.9878425002098083, 13.267500877380371, 24.9244441986084, 19.225200653076172, 13.55284309387207, 4.232253551483154, 4.050018310546875, 4.834292411804199, 1.789975881576538, 2.62276029586792, 3.0897090435028076, 5.010307788848877, 7.080729007720947, 6.225598335266113, 10.970351219177246, 13.847763061523438, 17.338607788085938, 17.332355499267578, 3.2667112350463867, 3.577975034713745, 29.632728576660156, 62.56950378417969, 48.60664749145508, 25.65045166015625, 9.290283203125, 1.8963627815246582, 2.4442896842956543, 1.8128421306610107, 0.7268022298812866, 0.6084699630737305, 0.3080753982067108, 0.16521748900413513, 0.08729419112205505, 0.0331897996366024, 0.009276727214455605, 0.0036827768199145794, 0.0012418841943144798, 0.00010520993964746594, 4.1775030695134774e-05, 9.198558836942539e-05], "lowlevel.erbbands.stdev": [0.9226062893867493, 10.372108459472656, 24.352684020996094, 20.526046752929688, 12.312899589538574, 4.309351444244385, 5.420897960662842, 6.774902820587158, 3.2618324756622314, 4.424508094787598, 7.280567646026611, 12.438912391662598, 21.38690757751465, 12.355775833129883, 26.88657569885254, 45.944305419921875, 42.5638427734375, 73.02316284179688, 9.952017784118652, 6.41107702255249, 67.96983337402344, 160.39137268066406, 95.1584701538086, 42.37556838989258, 15.254823684692383, 3.809290885925293, 7.103829860687256, 7.7819929122924805, 2.553825855255127, 1.4554541110992432, 0.8464359045028687, 0.6707180738449097, 0.43447375297546387, 0.15801917016506195, 0.036638353019952774, 0.012017419561743736, 0.0034140092320740223, 0.00024219045008067042, 3.342493801028468e-05, 5.956544919172302e-05], "lowlevel.gfcc.mean": [-75.9549560546875, 141.728515625, -96.2455062866211, 64.6987533569336, -23.361785888671875, 3.147939443588257, -11.056220054626465, 6.078091621398926, -16.522457122802734, -22.546375274658203, -9.960161209106445, -2.750156879425049, -12.374794960021973], "lowlevel.melbands.mean": [0.012074804864823818, 0.014831559732556343, 0.003261695383116603, 0.0005696351872757077, 0.0001520871592219919, 0.00010945434041786939, 2.519743975426536e-05, 2.780187423923053e-05, 2.8802998713217676e-05, 2.8396229026839137e-05, 3.4324675652896985e-05, 2.2791437004343607e-05, 4.1898994822986424e-05, 3.6283912777435035e-05, 2.904153552663047e-05, 4.116339914617129e-05, 2.953265175165143e-05, 4.400931175041478e-06, 2.808325007208623e-06, 7.494843430322362e-06, 4.485309909796342e-05, 6.484101322712377e-05, 6.29782589385286e-05, 3.34584474330768e-05, 1.9493827494443394e-05, 9.415081876795739e-06, 2.637041689013131e-06, 8.37291338484647e-07, 1.243738211087475e-06, 1.8236072492072708e-06, 7.695917361161264e-07, 3.982894440923701e-07, 3.5127129649481503e-07, 3.305194411495904e-07, 1.867473287120447e-07, 1.207320252660793e-07, 9.314037896501759e-08, 6.819893627607598e-08, 3.97586212841361e-08, 2.3402515481052433e-08], "lowlevel.melbands.stdev": [0.008777200244367123, 0.012105715461075306, 0.0030657099559903145, 0.0005299482145346701, 0.00019950700516346842, 0.0001550050947116688, 4.710424764198251e-05, 4.5248292735777795e-05, 6.878431304357946e-05, 7.059599010972306e-05, 0.00010521779768168926, 4.564926712191664e-05, 0.0001134341218858026, 0.00013647375453729182, 6.89264343236573e-05, 0.00011984004231635481, 0.0001317046844633296, 1.5368170352303423e-05, 7.222014119179221e-06, 1.5732757674413733e-05, 0.00010912753350567073, 0.0001638481335248798, 0.0001678407861618325, 5.835643605678342e-05, 3.799599289777689e-05, 1.7919001038535498e-05, 4.263449682184728e-06, 2.5306692350568483e-06, 3.7359268389991485e-06, 5.901837539568078e-06, 4.073061518283794e-06, 1.4307212268249714e-06, 1.0373875056757242e-06, 7.622853672728525e-07, 5.154942641638627e-07, 4.3144962091901107e-07, 4.1793217064878263e-07, 3.48532694260939e-07, 2.0246787357791618e-07, 1.1096563667933879e-07], "lowlevel.melbands128.mean": [0.00022800838632974774, 0.005133934319019318, 0.017680702731013298, 0.024188557639718056, 0.015732228755950928, 0.008410478942096233, 0.0038622517604380846, 0.0022850404493510723, 0.0013745281612500548, 0.0003520573955029249, 0.00014709045353811234, 0.00018320971867069602, 8.314450678881258e-05, 0.00022382738825399429, 0.00013547354319598526, 3.63400686183013e-05, 3.1043098715599626e-05, 1.999321648327168e-05, 1.9305061869090423e-05, 3.8117133954074234e-05, 2.438771480228752e-05, 1.921993498399388e-05, 2.4971019229269587e-05, 4.12571789638605e-05, 4.709522909251973e-05, 8.24352082418045e-06, 2.4329043299076147e-05, 5.6766188208712265e-05, 2.0252464310033247e-05, 1.687846270215232e-05, 1.2644072739931289e-05, 5.2272713219281286e-05, 6.701135862385854e-05, 1.4285111319622956e-05, 1.4116084457782563e-05, 6.917810969753191e-05, 3.0271659852587618e-05, 1.1002851351804566e-05, 3.874560206895694e-05, 4.937491758028045e-05, 2.3507564037572592e-05, 6.082843538024463e-05, 3.8452497392427176e-05, 1.0160903912037611e-05, 5.180751486477675e-06, 3.5292739539727336e-06, 4.193908353045117e-06, 1.7263545259993407e-06, 2.6774152956932085e-06, 4.094837095180992e-06, 3.9036131056491286e-06, 1.5566376532660797e-05, 2.1016126993345097e-05, 6.48534478386864e-05, 9.045407205121592e-05, 3.3262360375374556e-05, 7.636172085767612e-05, 8.983532461570576e-05, 4.915729005006142e-05, 3.581873170332983e-05, 4.086805347469635e-05, 1.9527618860593066e-05, 2.4168266463675536e-05, 2.006365502893459e-05, 1.2832516404159833e-05, 9.933981345966458e-06, 6.584267339349026e-06, 3.5708544601220638e-06, 1.8599317854750552e-06, 1.0673111319192685e-06, 8.745408308641345e-07, 6.133125793894578e-07, 7.123405794118298e-07, 1.3303830428412766e-06, 1.8617604382598074e-06, 2.2005854134476976e-06, 1.7716095044306712e-06, 1.0021816478911205e-06, 6.778032570764481e-07, 4.051854887165973e-07, 4.539561189176311e-07, 3.647588471267227e-07, 3.39377407954089e-07, 3.451279155797238e-07, 3.6387075397215085e-07, 3.772810828195361e-07, 3.1369256703328574e-07, 2.447466442845325e-07, 1.8230876719371736e-07, 1.4055807184831792e-07, 1.3982921132082993e-07, 1.0523753246616252e-07, 1.068243804525082e-07, 9.112249443887777e-08, 8.842337706482795e-08, 8.489333680472555e-08, 6.046841605211739e-08, 5.0281897756576655e-08, 3.953213223439889e-08, 3.693142502925184e-08, 2.8819847841532464e-08, 2.3007936889030134e-08, 1.3512088337108707e-08, 1.1240516073485196e-08, 8.671183771014057e-09, 9.241041709628917e-09, 7.029188786589202e-09, 5.5227058481932545e-09, 5.966337202067962e-09, 6.318515488601406e-09, 6.404448527064233e-09, 5.27161514440877e-09, 3.689176519827697e-09, 2.3769441970244998e-09, 1.495189860811763e-09, 8.06504474315517e-10, 4.0706063519913016e-10, 7.705953930514653e-11, 4.702739933581945e-11, 4.86755323547694e-11, 4.309431630988847e-11, 1.6088352872145606e-11, 4.797984492349583e-12, 4.700888983633078e-12, 4.597100478065386e-12, 4.462939566518553e-12, 4.3864191792697405e-12, 4.3571695730604265e-12], "lowlevel.melbands128.stdev": [0.000519557623192668, 0.007326249964535236, 0.014387564733624458, 0.02234419621527195, 0.01613522134721279, 0.010170729830861092, 0.0049856980331242085, 0.0021017170511186123, 0.0014278750168159604, 0.0005452657351270318, 0.00021767921862192452, 0.00030462219729088247, 0.00014587544137611985, 0.0003711589961312711, 0.00020331119594629854, 5.1471350161591545e-05, 5.533964576898143e-05, 7.498152262996882e-05, 4.016382808913477e-05, 7.332499080803245e-05, 4.954582254868001e-05, 5.480450272443704e-05, 8.445047569693998e-05, 0.00012418026744853705, 0.00012734023039229214, 2.9022010494372807e-05, 0.00010314739483874291, 0.00019507638353388757, 4.3321142584318295e-05, 5.452578261611052e-05, 3.86805331800133e-05, 0.0001582133409101516, 0.00019566621631383896, 6.159010081319138e-05, 6.851381476735696e-05, 0.0002900038380175829, 0.00012067652278346941, 5.475086436490528e-05, 0.0001228509790962562, 0.00017419649520888925, 9.541788313072175e-05, 0.000355270691215992, 0.0001978030923055485, 5.46716146345716e-05, 2.9452763556037098e-05, 1.1952832210226916e-05, 1.992959005292505e-05, 4.800030183105264e-06, 8.765844540903345e-06, 1.2669971511058975e-05, 9.798156497708987e-06, 4.20710894104559e-05, 7.561661186628044e-05, 0.00018730717420112342, 0.00026604675804264843, 0.00011771089339163154, 0.00025270620244555175, 0.0003490236704237759, 0.00015282710955943912, 8.683111809659749e-05, 8.984626765595749e-05, 4.226048258715309e-05, 6.043809844413772e-05, 4.7510558943031356e-05, 3.1205541745293885e-05, 2.2236723452806473e-05, 1.3482197573466692e-05, 6.733860573149286e-06, 4.183992132311687e-06, 2.4936193767644e-06, 3.7336651530495146e-06, 1.9245874227635795e-06, 2.265114062538487e-06, 4.801599970960524e-06, 5.943343694525538e-06, 6.270130143093411e-06, 8.148201231961139e-06, 5.01392469232087e-06, 4.731712124339538e-06, 1.9181186416972196e-06, 1.6022397630877094e-06, 1.3570994497058564e-06, 1.1544499329829705e-06, 1.2040621868436574e-06, 8.980221650745079e-07, 9.628729458199814e-07, 7.307191367544874e-07, 7.77531226958672e-07, 5.348002218852344e-07, 4.3980796249343257e-07, 5.276611432236678e-07, 3.9114357264224964e-07, 4.842863745579962e-07, 4.2704556335593225e-07, 4.4231020979168534e-07, 4.532247999122774e-07, 3.1579352821609064e-07, 2.7626603582575626e-07, 2.170320101413381e-07, 1.7982486610890192e-07, 1.4155489225231577e-07, 1.1230691399077841e-07, 7.05172169546131e-08, 5.178829454166589e-08, 3.533648040843218e-08, 3.465495623800052e-08, 2.379947261488269e-08, 2.2760955786793602e-08, 2.4524116071233948e-08, 2.08224442133087e-08, 2.266389742544561e-08, 1.6510536937630604e-08, 1.0997798227663225e-08, 6.344179848127851e-09, 3.904130796428262e-09, 2.1177311015918576e-09, 1.2669485460747865e-09, 8.863856870711118e-10, 9.213700913335288e-10, 9.7030350421079e-10, 8.493269421094851e-10, 2.5179031082345205e-10, 9.66730168139307e-12, 9.495250939683952e-12, 9.35830926640513e-12, 9.248498668290583e-12, 9.168507966728079e-12, 9.119150747027849e-12], "lowlevel.mfcc.mean": [-725.9071044921875, 160.66688537597656, 4.691849231719971, 66.17960357666016, 15.57316780090332, 14.042189598083496, 10.639925003051758, 31.069799423217773, -0.5029951930046082, -1.9436644315719604, 1.6725438833236694, -2.2261180877685547, -5.859549522399902], "lowlevel.spectral_contrast_coeffs.mean": [-0.6250676512718201, -0.7639471888542175, -0.7535310983657837, -0.7787070274353027, -0.728308379650116, -0.718589723110199], "lowlevel.spectral_contrast_coeffs.stdev": [0.06549189984798431, 0.053225837647914886, 0.06902486085891724, 0.07278717309236526, 0.09377029538154602, 0.05888576805591583], "lowlevel.spectral_contrast_valleys.mean": [-6.592148303985596, -7.71529483795166, -8.40986442565918, -8.701685905456543, -8.41225528717041, -12.108416557312012], "lowlevel.spectral_contrast_valleys.stdev": [0.8187559247016907, 0.6308180689811707, 0.7173774242401123, 0.7260470986366272, 0.7850950360298157, 0.848896324634552], "rhythm.beats_loudness_band_ratio.mean": [0.7837682962417603, 0.07646923512220383, 0.015378696843981743, 0.014373577199876308, 0.1123942956328392, 0.014023048803210258], "rhythm.beats_loudness_band_ratio.stdev": [0.3155634105205536, 0.1299528032541275, 0.024889998137950897, 0.042172227054834366, 0.1805347353219986, 0.025956211611628532], "tonal.hpcp.mean": [0.113498255610466, 0.05972105637192726, 0.007175976876169443, 0.005523874424397945, 0.003205798100680113, 0.015701955184340477, 0.05898746848106384, 0.05717936158180237, 0.19459202885627747, 0.4166164696216583, 0.24425169825553894, 0.015992101281881332, 0.007977744564414024, 0.009357867762446404, 0.03322393447160721, 0.04906559735536575, 0.0289495550096035, 0.013418233953416348, 0.01441812701523304, 0.014984464272856712, 0.0648951381444931, 0.28252604603767395, 0.2515721023082733, 0.14827516674995422, 0.22763347625732422, 0.11435617506504059, 0.019064614549279213, 0.028464408591389656, 0.0256717037409544, 0.036528658121824265, 0.07515376806259155, 0.0509534627199173, 0.012019746005535126, 0.01275631133466959, 0.008896749466657639, 0.05976700410246849], "tonal.hpcp.stdev": [0.3038359582424164, 0.16065101325511932, 0.0625266507267952, 0.04950820282101631, 0.026785988360643387, 0.07720274478197098, 0.18921345472335815, 0.190666064620018, 0.2437424212694168, 0.4733240008354187, 0.30004918575286865, 0.08148213475942612, 0.05009039491415024, 0.05075087025761604, 0.1343255490064621, 0.14977343380451202, 0.09440695494413376, 0.06623753160238266, 0.07603045552968979, 0.07554785907268524, 0.12400498241186142, 0.389802485704422, 0.35540062189102173, 0.24407048523426056, 0.4084000587463379, 0.2063678801059723, 0.07135545462369919, 0.11042214184999466, 0.1082349345088005, 0.09954087436199188, 0.16087956726551056, 0.1069026067852974, 0.034288350492715836, 0.04087342321872711, 0.035667818039655685, 0.15973766148090363], "rhythm.beats_position": [0.6965986490249634, 1.381587266921997, 2.0665760040283203, 2.739954710006714, 3.4133331775665283, 4.098321914672852, 4.783310413360596, 5.456689357757568, 6.130067825317383, 6.8034467697143555, 7.46521520614624, 8.126983642578125, 8.788752555847168, 9.450521469116211, 10.123900413513184, 10.79727840423584, 11.470657348632812, 12.144036293029785, 12.805805206298828, 13.467573165893555, 14.140952110290527, 14.8143310546875, 15.487709045410156, 16.161088943481445, 16.811246871948242, 17.47301483154297, 18.134784698486328, 18.808162689208984, 19.469932556152344, 20.13170051574707, 20.805078506469727, 21.478458404541016, 22.151836395263672, 22.825214385986328, 23.498594284057617, 24.171972274780273], "rhythm.bpm_histogram": [0.0, 0.0, 0.0, 0.0, 0.0, 0.0, 0.0, 0.0, 0.0, 0.0, 0.0, 0.0, 0.0, 0.0, 0.0, 0.0, 0.0, 0.0, 0.0, 0.0, 0.0, 0.0, 0.0, 0.0, 0.0, 0.0, 0.0, 0.0, 0.0, 0.0, 0.0, 0.0, 0.0, 0.0, 0.0, 0.0, 0.0, 0.0, 0.0, 0.0, 0.0, 0.0, 0.0, 0.0, 0.0, 0.0, 0.0, 0.0, 0.0, 0.0, 0.0, 0.0, 0.0, 0.0, 0.0, 0.0, 0.0, 0.0, 0.0, 0.0, 0.0, 0.0, 0.0, 0.0, 0.0, 0.0, 0.0, 0.0, 0.0, 0.0, 0.0, 0.0, 0.0, 0.0, 0.0, 0.0, 0.0, 0.0, 0.0, 0.0, 0.0, 0.0, 0.0, 0.0, 0.0, 0.0, 0.0, 0.0, 0.11428571492433548, 0.5714285969734192, 0.0, 0.2857142984867096, 0.02857142873108387, 0.0, 0.0, 0.0, 0.0, 0.0, 0.0, 0.0, 0.0, 0.0, 0.0, 0.0, 0.0, 0.0, 0.0, 0.0, 0.0, 0.0, 0.0, 0.0, 0.0, 0.0, 0.0, 0.0, 0.0, 0.0, 0.0, 0.0, 0.0, 0.0, 0.0, 0.0, 0.0, 0.0, 0.0, 0.0, 0.0, 0.0, 0.0, 0.0, 0.0, 0.0, 0.0, 0.0, 0.0, 0.0, 0.0, 0.0, 0.0, 0.0, 0.0, 0.0, 0.0, 0.0, 0.0, 0.0, 0.0, 0.0, 0.0, 0.0, 0.0, 0.0, 0.0, 0.0, 0.0, 0.0, 0.0, 0.0, 0.0, 0.0, 0.0, 0.0, 0.0, 0.0, 0.0, 0.0, 0.0, 0.0, 0.0, 0.0, 0.0, 0.0, 0.0, 0.0, 0.0, 0.0, 0.0, 0.0, 0.0, 0.0, 0.0, 0.0, 0.0, 0.0, 0.0, 0.0, 0.0, 0.0, 0.0, 0.0, 0.0, 0.0, 0.0, 0.0, 0.0, 0.0, 0.0, 0.0, 0.0, 0.0, 0.0, 0.0, 0.0, 0.0, 0.0, 0.0, 0.0, 0.0, 0.0, 0.0, 0.0, 0.0, 0.0, 0.0, 0.0, 0.0, 0.0, 0.0, 0.0, 0.0, 0.0, 0.0, 0.0, 0.0, 0.0, 0.0, 0.0, 0.0, 0.0, 0.0, 0.0, 0.0, 0.0, 0.0, 0.0, 0.0, 0.0, 0.0, 0.0, 0.0, 0.0, 0.0, 0.0, 0.0, 0.0, 0.0, 0.0, 0.0], "tonal.chords_histogram": [5.762081623077393, 8.736059188842773, 41.44981384277344, 20.260223388671875, 0.0, 0.0, 0.0, 0.0, 7.434944152832031, 0.0, 0.0, 0.0, 0.0, 0.0, 0.0, 0.0, 0.0, 13.56877326965332, 0.0, 0.0, 0.0, 0.0, 0.371747225522995, 2.4163568019866943], "tonal.thpcp": [1.0, 0.5862746834754944, 0.03838566690683365, 0.019148893654346466, 0.02246158942580223, 0.07974705100059509, 0.11777162551879883, 0.0694873034954071, 0.03220764175057411, 0.034607674926519394, 0.03596704825758934, 0.15576709806919098, 0.6781442165374756, 0.6038457751274109, 0.3559032678604126, 0.546386182308197, 0.2744878828525543, 0.045760586857795715, 0.0683228150010109, 0.06161951273679733, 0.08767934143543243, 0.18039077520370483, 0.12230304628610611, 0.028850866481661797, 0.030618835240602493, 0.02135477215051651, 0.14345809817314148, 0.27242863178253174, 0.14334779977798462, 0.017224419862031937, 0.013258895836770535, 0.007694842293858528, 0.03768923133611679, 0.14158698916435242, 0.1372469961643219, 0.4670771360397339], "lowlevel.gfcc.cov": [[4075.6533203125, -153.40823364257812, -813.7517700195312, 638.2739868164062, 199.1363067626953, 130.86846923828125, 143.56320190429688, 167.44400024414062, 225.83578491210938, 39.1190071105957, 68.36406707763672, -0.8866739273071289, -170.59878540039062], [-153.40823364257812, 713.4060668945312, 369.9790344238281, -188.20736694335938, 251.5221405029297, 48.978668212890625, 356.5099182128906, 1.0535064935684204, -17.462848663330078, -1.1529005765914917, 123.12155151367188, -85.71764373779297, -27.874956130981445], [-813.7517700195312, 369.9790344238281, 1965.31640625, 316.1739196777344, 212.73399353027344, 349.9399719238281, 347.0754089355469, 208.9674835205078, 239.71966552734375, 197.51406860351562, -209.09170532226562, -122.12467956542969, 363.8024597167969], [638.2739868164062, -188.20736694335938, 316.1739196777344, 875.1986083984375, 478.12432861328125, 61.81863021850586, 103.78545379638672, 236.93569946289062, 452.430908203125, -49.70610427856445, -162.58047485351562, 45.656944274902344, 206.02752685546875], [199.1363067626953, 251.5221405029297, 212.73399353027344, 478.12432861328125, 736.932373046875, 125.91947174072266, 222.44239807128906, 162.5135040283203, 352.1373291015625, -73.20072174072266, 2.512273073196411, -14.191254615783691, 59.22270965576172], [130.86846923828125, 48.978668212890625, 349.9399719238281, 61.81863021850586, 125.91947174072266, 342.8285827636719, 180.17723083496094, -3.6695163249969482, 32.517791748046875, 101.34796142578125, 66.91612243652344, -105.14987182617188, -30.010862350463867], [143.56320190429688, 356.5099182128906, 347.0754089355469, 103.78545379638672, 222.44239807128906, 180.17723083496094, 526.76220703125, 92.63249206542969, 23.914045333862305, 34.616607666015625, 121.40894317626953, -97.77239990234375, -48.16025161743164], [167.44400024414062, 1.0535064935684204, 208.9674835205078, 236.93569946289062, 162.5135040283203, -3.6695163249969482, 92.63249206542969, 199.87039184570312, 171.46163940429688, -34.49311065673828, -85.06489562988281, 22.94841194152832, 89.02421569824219], [225.83578491210938, -17.462848663330078, 239.71966552734375, 452.430908203125, 352.1373291015625, 32.517791748046875, 23.914045333862305, 171.46163940429688, 383.107421875, -24.50400733947754, -130.833251953125, 25.183685302734375, 150.73037719726562], [39.1190071105957, -1.1529005765914917, 197.51406860351562, -49.70610427856445, -73.20072174072266, 101.34796142578125, 34.616607666015625, -34.49311065673828, -24.50400733947754, 183.13502502441406, 21.812938690185547, -93.04488372802734, -9.525358200073242], [68.36406707763672, 123.12155151367188, -209.09170532226562, -162.58047485351562, 2.512273073196411, 66.91612243652344, 121.40894317626953, -85.06489562988281, -130.833251953125, 21.812938690185547, 203.7638702392578, -36.2275390625, -161.69677734375], [-0.8866739273071289, -85.71764373779297, -122.12467956542969, 45.656944274902344, -14.191254615783691, -105.14987182617188, -97.77239990234375, 22.94841194152832, 25.183685302734375, -93.04488372802734, -36.2275390625, 161.14646911621094, 30.487899780273438], [-170.59878540039062, -27.874956130981445, 363.8024597167969, 206.02752685546875, 59.22270965576172, -30.010862350463867, -48.16025161743164, 89.02421569824219, 150.73037719726562, -9.525358200073242, -161.69677734375, 30.487899780273438, 239.26023864746094]], "lowlevel.gfcc.icov": [[0.0007429696270264685, -0.0019994392059743404, 0.0011667758226394653, -0.002138495445251465, 0.001277170144021511, -0.0018262654775753617, 0.0009460998699069023, -0.001668731914833188, 0.0009447234333492815, -0.0012519261799752712, 0.0009802863933146, -0.0006245790282264352, 0.0007273788214661181], [-0.0019994392059743404, 0.012703743763267994, -0.005016850307583809, 0.010607127100229263, -0.0069423564709723, 0.009214960038661957, -0.006982474122196436, 0.007707575801759958, -0.005484923720359802, 0.005042053759098053, -0.005240061320364475, 0.003191395429894328, -0.0031420839950442314], [0.0011667758226394653, -0.005016850307583809, 0.003788691945374012, -0.0042147221975028515, 0.0026545431464910507, -0.005196454469114542, 0.0016698460094630718, -0.0038611390627920628, 0.002646643901243806, -0.003620559349656105, 0.0034873224794864655, -0.001788454595953226, -0.0006469379877671599], [-0.002138495445251465, 0.010607127100229263, -0.0042147221975028515, 0.012744134292006493, -0.006588107440620661, 0.007496350910514593, -0.006353405769914389, 0.0064580924808979034, -0.007300466764718294, 0.004422782454639673, -0.003668616060167551, 0.0019739826675504446, -0.003920809831470251], [0.001277170144021511, -0.0069423564709723, 0.0026545431464910507, -0.006588107440620661, 0.007914957590401173, -0.0055352686904370785, 0.0032194519881159067, -0.004127838183194399, -0.0007850411930121481, -0.0005047083832323551, 0.0004221881099510938, -0.0006545216892845929, 0.00211224053055048], [-0.0018262654775753617, 0.009214960038661957, -0.005196454469114542, 0.007496350910514593, -0.0055352686904370785, 0.012835505418479443, -0.0051330691203475, 0.0071886866353452206, -0.004695335403084755, 0.003127970499917865, -0.005612088367342949, 0.003995542414486408, -0.0007296251133084297], [0.0009460998699069023, -0.006982474122196436, 0.0016698460094630718, -0.006353405769914389, 0.0032194519881159067, -0.0051330691203475, 0.008624245412647724, -0.007214563433080912, 0.004379645921289921, -0.001672221114858985, -0.0013198979431763291, 0.00022060707851778716, 0.002026791451498866], [-0.001668731914833188, 0.007707575801759958, -0.0038611390627920628, 0.0064580924808979034, -0.004127838183194399, 0.0071886866353452206, -0.007214563433080912, 0.01696915179491043, -0.0070326924324035645, 0.004696633201092482, 0.0005728190299123526, 0.0009866941254585981, -0.00094579067081213], [0.0009447234333492815, -0.005484923720359802, 0.002646643901243806, -0.007300466764718294, -0.0007850411930121481, -0.004695335403084755, 0.004379645921289921, -0.0070326924324035645, 0.014410805888473988, -0.004699904937297106, 0.00522480346262455, -0.0020906771533191204, -6.78591532050632e-05], [-0.0012519261799752712, 0.005042053759098053, -0.003620559349656105, 0.004422782454639673, -0.0005047083832323551, 0.003127970499917865, -0.001672221114858985, 0.004696633201092482, -0.004699904937297106, 0.013329013250768185, -0.004727416206151247, 0.006492728367447853, -0.0007060828502289951], [0.0009802863933146, -0.005240061320364475, 0.0034873224794864655, -0.003668616060167551, 0.0004221881099510938, -0.005612088367342949, -0.0013198979431763291, 0.0005728190299123526, 0.00522480346262455, -0.004727416206151247, 0.02027321420609951, -0.003992986399680376, 0.0073877908289432526], [-0.0006245790282264352, 0.003191395429894328, -0.001788454595953226, 0.0019739826675504446, -0.0006545216892845929, 0.003995542414486408, 0.00022060707851778716, 0.0009866941254585981, -0.0020906771533191204, 0.006492728367447853, -0.003992986399680376, 0.011963233351707458, -0.0013608563458546996], [0.0007273788214661181, -0.0031420839950442314, -0.0006469379877671599, -0.003920809831470251, 0.00211224053055048, -0.0007296251133084297, 0.002026791451498866, -0.00094579067081213, -6.78591532050632e-05, -0.0007060828502289951, 0.0073877908289432526, -0.0013608563458546996, 0.014018421992659569]], "lowlevel.mfcc.cov": [[3579.671875, -700.7976684570312, -972.692138671875, 299.1799011230469, 54.244300842285156, 90.9902114868164, -146.48133850097656, 242.46929931640625, -95.01595306396484, 50.63629913330078, 268.30108642578125, 200.4066925048828, -29.731189727783203], [-700.7976684570312, 1121.80712890625, 188.53256225585938, -145.12286376953125, -143.56410217285156, 89.56472778320312, 379.10150146484375, 38.37286376953125, -129.72096252441406, 185.39932250976562, 144.41883850097656, -209.3916015625, 113.99496459960938], [-972.692138671875, 188.53256225585938, 1474.69873046875, 173.00643920898438, 117.36389923095703, 231.470703125, 202.20069885253906, -86.67713165283203, 515.5006713867188, 254.12753295898438, -74.63296508789062, 20.33554458618164, 3.9186878204345703], [299.1799011230469, -145.12286376953125, 173.00643920898438, 796.6995849609375, 428.4463806152344, 107.45008087158203, -96.47188568115234, 310.91009521484375, 532.4482421875, 77.77782440185547, -30.049076080322266, 252.05638122558594, 7.0533952713012695], [54.244300842285156, -143.56410217285156, 117.36389923095703, 428.4463806152344, 644.1331787109375, 164.20176696777344, -150.80245971679688, 203.83438110351562, 418.549560546875, 46.63920974731445, -32.561100006103516, 269.8710021972656, -45.91964340209961], [90.9902114868164, 89.56472778320312, 231.470703125, 107.45008087158203, 164.20176696777344, 358.96270751953125, 200.98715209960938, 76.4997787475586, 82.66084289550781, 208.56280517578125, 141.2320098876953, 37.911739349365234, 15.528401374816895], [-146.48133850097656, 379.10150146484375, 202.20069885253906, -96.47188568115234, -150.80245971679688, 200.98715209960938, 475.7560119628906, 38.375282287597656, -134.01419067382812, 233.2076873779297, 202.77853393554688, -153.91549682617188, 70.26481628417969], [242.46929931640625, 38.37286376953125, -86.67713165283203, 310.91009521484375, 203.83438110351562, 76.4997787475586, 38.375282287597656, 385.3189392089844, 166.48440551757812, 1.4790621995925903, 80.081298828125, 119.71842193603516, 31.249242782592773], [-95.01595306396484, -129.72096252441406, 515.5006713867188, 532.4482421875, 418.549560546875, 82.66084289550781, -134.01419067382812, 166.48440551757812, 686.6851196289062, 94.10943603515625, -123.39889526367188, 236.45018005371094, -37.65568161010742], [50.63629913330078, 185.39932250976562, 254.12753295898438, 77.77782440185547, 46.63920974731445, 208.56280517578125, 233.2076873779297, 1.4790621995925903, 94.10943603515625, 325.35821533203125, 155.40907287597656, -51.65937805175781, 10.650897979736328], [268.30108642578125, 144.41883850097656, -74.63296508789062, -30.049076080322266, -32.561100006103516, 141.2320098876953, 202.77853393554688, 80.081298828125, -123.39889526367188, 155.40907287597656, 241.83895874023438, -31.256826400756836, 21.922998428344727], [200.4066925048828, -209.3916015625, 20.33554458618164, 252.05638122558594, 269.8710021972656, 37.911739349365234, -153.91549682617188, 119.71842193603516, 236.45018005371094, -51.65937805175781, -31.256826400756836, 266.6879577636719, -30.623376846313477], [-29.731189727783203, 113.99496459960938, 3.9186878204345703, 7.0533952713012695, -45.91964340209961, 15.528401374816895, 70.26481628417969, 31.249242782592773, -37.65568161010742, 10.650897979736328, 21.922998428344727, -30.623376846313477, 91.14085388183594]], "lowlevel.mfcc.icov": [[0.00052209960995242, 0.0003081508621107787, 0.00038227313780225813, -0.000148995008203201, 0.0003710580349434167, -0.0002399923832854256, 0.00023601499560754746, -5.445343776955269e-05, -0.00018351928156334907, -0.0002860536042135209, -0.000577176921069622, -0.00019404430349823087, -0.00012421567225828767], [0.0003081508621107787, 0.0016200767131522298, 0.0001028211263474077, 0.00022093122242949903, -0.0001916509063448757, 0.0003688502765726298, -0.0006407023756764829, -0.0003525624342728406, -0.0001604626013431698, -0.0004608617746271193, -0.00043508317321538925, 0.0006189577979966998, -0.0011917049996554852], [0.00038227313780225813, 0.0001028211263474077, 0.001960858004167676, 0.00035297329304739833, 0.0007500138017348945, -0.0010638423264026642, -0.000818374624941498, 0.0008523744181729853, -0.002364896237850189, 8.526413148501888e-05, 4.162506229477003e-05, -6.121739716036245e-05, -0.00023534374486189336], [-0.000148995008203201, 0.00022093122242949903, 0.00035297329304739833, 0.00405404157936573, -0.00037989983684383333, 9.820993000175804e-05, 3.199352795490995e-05, -0.0017163722077384591, -0.002383617451414466, -0.000995992450043559, 0.0005615519476123154, -0.0006000522989779711, -0.0015032824594527483], [0.0003710580349434167, -0.0001916509063448757, 0.0007500138017348945, -0.00037989983684383333, 0.004783735144883394, -0.0024587195366621017, 0.0014238340081647038, -0.0008003129041753709, -0.0014432332245633006, -0.0007106777047738433, 0.0003886609338223934, -0.002130707260221243, 0.0010410724207758904], [-0.0002399923832854256, 0.0003688502765726298, -0.0010638423264026642, 9.820993000175804e-05, -0.0024587195366621017, 0.007246349938213825, -0.002026916481554508, -0.0003077079018112272, 0.001728201750665903, -0.0026087374426424503, -0.0005873010959476233, -0.0012884477619081736, -0.000579505052883178], [0.00023601499560754746, -0.0006407023756764829, -0.000818374624941498, 3.199352795490995e-05, 0.0014238340081647038, -0.002026916481554508, 0.007591642905026674, -0.0018496005795896053, 0.0012405249290168285, -0.00254665850661695, -0.0019166149431839585, 0.0014211792731657624, -0.001496130833402276], [-5.445343776955269e-05, -0.0003525624342728406, 0.0008523744181729853, -0.0017163722077384591, -0.0008003129041753709, -0.0003077079018112272, -0.0018496005795896053, 0.00675160251557827, -0.0024186361115425825, 0.0043607307597994804, -0.004172634799033403, 0.00045342333032749593, -0.0010732193477451801], [-0.00018351928156334907, -0.0001604626013431698, -0.002364896237850189, -0.002383617451414466, -0.0014432332245633006, 0.001728201750665903, 0.0012405249290168285, -0.0024186361115425825, 0.009156281128525734, -0.0048264809884130955, 0.00510766264051199, -0.0028266815934330225, 0.0014469517627730966], [-0.0002860536042135209, -0.0004608617746271193, 8.526413148501888e-05, -0.000995992450043559, -0.0007106777047738433, -0.0026087374426424503, -0.00254665850661695, 0.0043607307597994804, -0.0048264809884130955, 0.012835247442126274, -0.00760863721370697, 0.004431914072483778, 0.0009363704593852162], [-0.000577176921069622, -0.00043508317321538925, 4.162506229477003e-05, 0.0005615519476123154, 0.0003886609338223934, -0.0005873010959476233, -0.0019166149431839585, -0.004172634799033403, 0.00510766264051199, -0.00760863721370697, 0.015344423241913319, -0.004019478801637888, 0.001472753589041531], [-0.00019404430349823087, 0.0006189577979966998, -6.121739716036245e-05, -0.0006000522989779711, -0.002130707260221243, -0.0012884477619081736, 0.0014211792731657624, 0.00045342333032749593, -0.0028266815934330225, 0.004431914072483778, -0.004019478801637888, 0.010804913938045502, 1.800215250113979e-05], [-0.00012421567225828767, -0.0011917049996554852, -0.00023534374486189336, -0.0015032824594527483, 0.0010410724207758904, -0.000579505052883178, -0.001496130833402276, -0.0010732193477451801, 0.0014469517627730966, 0.0009363704593852162, 0.001472753589041531, 1.800215250113979e-05, 0.014833356253802776]], "metadata.audio_properties.analysis.downmix": "mix", "metadata.audio_properties.codec": "mp3", "metadata.audio_properties.md5_encoded": "05f4e93941b97c0e4ee7d3a3d2679bb9", "metadata.tags.file_name": "1182269807219982417.mp3", "metadata.version.essentia": "2.1-beta6-dev", "metadata.version.essentia_git_sha": "v2.1_beta5-1110-g77a6a954", "metadata.version.extractor": "music 2.0", "tonal.chords_key": "C", "tonal.chords_scale": "major", "tonal.key_edma.key": "F", "tonal.key_edma.scale": "major", "tonal.key_krumhansl.key": "F", "tonal.key_krumhansl.scale": "major", "tonal.key_temperley.key": "F", "tonal.key_temperley.scale": "major", "metadata.tags.encoding": ["Lavf58.45.100"]}, "essentia_models": [{"model_name": "genre_dortmund", "activations": {"alternative": "0.26227146", "blues": "0.04237124", "electronic": "0.08030606", "folkcountry": "0.19959173", "funksoulrnb": "0.072563246", "jazz": "0.025418941", "pop": "0.08207821", "raphiphop": "0.3464843", "rock": "0.29293963"}}, {"model_name": "genre_rosamerica", "activations": {"classic": "0.08098406", "dance": "0.010327499", "hip hop": "0.08122477", "jazz": "0.029397104", "pop": "0.066568576", "rhythm and blues": "0.11000486", "rock": "0.33450785", "speech": "0.3738398"}}, {"model_name": "genre_tzanetakis", "activati