{"song_id": "1182275529429237831", "download": "https://cdn.discordapp.com/attachments/1128313332273782784/1182275529429237831/chirp.mp4?ex=65841ae3&amp", "lyrics": "Lucie est rentr\u00e9e du coll\u00e8ge\nAm\u00e9lie est rentr\u00e9e du coll\u00e8ge\nElle a deux heures pour manger, tranquille.\nAlors elles ont les tablettes.\nC'est cool. Elles adorent.\nGenshin impact et Roblox, la vie est belle.", "style": ["beat and tranquille and silent and cool"], "essentia_features": {"lowlevel.average_loudness": 0.45448634028434753, "lowlevel.barkbands_crest.mean": 10.75373363494873, "lowlevel.barkbands_crest.stdev": 5.203669548034668, "lowlevel.barkbands_flatness_db.mean": 0.15321379899978638, "lowlevel.barkbands_flatness_db.stdev": 0.0987856462597847, "lowlevel.barkbands_kurtosis.mean": 12.368731498718262, "lowlevel.barkbands_kurtosis.stdev": 25.920156478881836, "lowlevel.barkbands_skewness.mean": 0.9423825144767761, "lowlevel.barkbands_skewness.stdev": 3.037137031555176, "lowlevel.barkbands_spread.mean": 29.396310806274414, "lowlevel.barkbands_spread.stdev": 23.170095443725586, "lowlevel.dissonance.mean": 0.47050467133522034, "lowlevel.dissonance.stdev": 0.04724041372537613, "lowlevel.dynamic_complexity": 25.475475311279297, "lowlevel.erbbands_crest.mean": 9.584813117980957, "lowlevel.erbbands_crest.stdev": 5.264810085296631, "lowlevel.erbbands_flatness_db.mean": 0.16034214198589325, "lowlevel.erbbands_flatness_db.stdev": 0.06497928500175476, "lowlevel.erbbands_kurtosis.mean": 2.044351577758789, "lowlevel.erbbands_kurtosis.stdev": 6.174067974090576, "lowlevel.erbbands_skewness.mean": 0.0376896858215332, "lowlevel.erbbands_skewness.stdev": 1.2434093952178955, "lowlevel.erbbands_spread.mean": 40.53709030151367, "lowlevel.erbbands_spread.stdev": 24.80872344970703, "lowlevel.hfc.mean": 8.421133995056152, "lowlevel.hfc.stdev": 20.19854736328125, "lowlevel.loudness_ebu128.integrated": -37.560245513916016, "lowlevel.loudness_ebu128.loudness_range": 8.515113830566406, "lowlevel.loudness_ebu128.momentary.mean": -64.26956939697266, "lowlevel.loudness_ebu128.momentary.stdev": 52.96686935424805, "lowlevel.loudness_ebu128.short_term.mean": -40.35734176635742, "lowlevel.loudness_ebu128.short_term.stdev": 3.1499786376953125, "lowlevel.melbands_crest.mean": 13.965396881103516, "lowlevel.melbands_crest.stdev": 8.471142768859863, "lowlevel.melbands_flatness_db.mean": 0.1818714588880539, "lowlevel.melbands_flatness_db.stdev": 0.14114533364772797, "lowlevel.melbands_kurtosis.mean": 28.3249568939209, "lowlevel.melbands_kurtosis.stdev": 57.8169059753418, "lowlevel.melbands_skewness.mean": 2.6509392261505127, "lowlevel.melbands_skewness.stdev": 3.6299021244049072, "lowlevel.melbands_spread.mean": 62.3729248046875, "lowlevel.melbands_spread.stdev": 61.49368667602539, "lowlevel.pitch_salience.mean": 0.5700157880783081, "lowlevel.pitch_salience.stdev": 0.20526233315467834, "lowlevel.silence_rate_20dB.mean": 1.0, "lowlevel.silence_rate_20dB.stdev": 0.0, "lowlevel.silence_rate_30dB.mean": 0.9851924777030945, "lowlevel.silence_rate_30dB.stdev": 0.1207820251584053, "lowlevel.silence_rate_60dB.mean": 0.5913129448890686, "lowlevel.silence_rate_60dB.stdev": 0.4915905296802521, "lowlevel.spectral_centroid.mean": 2693.880126953125, "lowlevel.spectral_centroid.stdev": 2549.27392578125, "lowlevel.spectral_complexity.mean": 3.8726553916931152, "lowlevel.spectral_complexity.stdev": 6.032540321350098, "lowlevel.spectral_decrease.mean": -3.6995593255539916e-09, "lowlevel.spectral_decrease.stdev": 7.159447701354793e-09, "lowlevel.spectral_energy.mean": 0.014726808294653893, "lowlevel.spectral_energy.stdev": 0.027840251103043556, "lowlevel.spectral_energyband_high.mean": 0.00041962420800700784, "lowlevel.spectral_energyband_high.stdev": 0.0018802391132339835, "lowlevel.spectral_energyband_low.mean": 0.008389666676521301, "lowlevel.spectral_energyband_low.stdev": 0.01545302476733923, "lowlevel.spectral_energyband_middle_high.mean": 0.0009539890452288091, "lowlevel.spectral_energyband_middle_high.stdev": 0.002429513493552804, "lowlevel.spectral_energyband_middle_low.mean": 0.007354337256401777, "lowlevel.spectral_energyband_middle_low.stdev": 0.019660117104649544, "lowlevel.spectral_entropy.mean": 7.876314640045166, "lowlevel.spectral_entropy.stdev": 0.9215371608734131, "lowlevel.spectral_flux.mean": 0.036333877593278885, "lowlevel.spectral_flux.stdev": 0.048109136521816254, "lowlevel.spectral_kurtosis.mean": 3.7329671382904053, "lowlevel.spectral_kurtosis.stdev": 3.657907009124756, "lowlevel.spectral_rms.mean": 0.002284984802827239, "lowlevel.spectral_rms.stdev": 0.0030243161600083113, "lowlevel.spectral_rolloff.mean": 6157.31689453125, "lowlevel.spectral_rolloff.stdev": 6540.0576171875, "lowlevel.spectral_skewness.mean": 1.526065468788147, "lowlevel.spectral_skewness.stdev": 0.7778835892677307, "lowlevel.spectral_spread.mean": 8657954.0, "lowlevel.spectral_spread.stdev": 8161593.5, "lowlevel.spectral_strongpeak.mean": 0.4402773976325989, "lowlevel.spectral_strongpeak.stdev": 0.880703330039978, "lowlevel.zerocrossingrate.mean": 0.24083399772644043, "lowlevel.zerocrossingrate.stdev": 0.2393750548362732, "metadata.audio_properties.analysis.equal_loudness": 0.0, "metadata.audio_properties.analysis.length": 23.48798179626465, "metadata.audio_properties.analysis.sample_rate": 44100.0, "metadata.audio_properties.analysis.start_time": 0.0, "metadata.audio_properties.bit_rate": 104253.0, "metadata.audio_properties.length": 23.488000869750977, "metadata.audio_properties.lossless": 0.0, "metadata.audio_properties.number_channels": 1.0, "metadata.audio_properties.replay_gain": 9.717657089233398, "metadata.audio_properties.sample_rate": 48000.0, "rhythm.beats_count": 45.0, "rhythm.beats_loudness.mean": 0.021312301978468895, "rhythm.beats_loudness.stdev": 0.02736436203122139, "rhythm.bpm": 126.74474334716797, "rhythm.bpm_histogram_first_peak_bpm": 126.0, "rhythm.bpm_histogram_first_peak_weight": 0.5, "rhythm.bpm_histogram_second_peak_bpm": 136.0, "rhythm.bpm_histogram_second_peak_spread": 0.22222226858139038, "rhythm.bpm_histogram_second_peak_weight": 0.15909090638160706, "rhythm.danceability": 1.1117184162139893, "rhythm.onset_rate": 2.254340171813965, "tonal.chords_changes_rate": 0.12623274326324463, "tonal.chords_number_rate": 0.027613412588834763, "tonal.chords_strength.mean": 0.4738352298736572, "tonal.chords_strength.stdev": 0.08718638867139816, "tonal.hpcp_crest.mean": 11.066309928894043, "tonal.hpcp_crest.stdev": 7.963799476623535, "tonal.hpcp_entropy.mean": 1.8911336660385132, "tonal.hpcp_entropy.stdev": 1.1125047206878662, "tonal.key_edma.strength": 0.44494158029556274, "tonal.key_krumhansl.strength": 0.45791885256767273, "tonal.key_temperley.strength": 0.47761404514312744, "tonal.tuning_diatonic_strength": 0.5112382173538208, "tonal.tuning_equal_tempered_deviation": 0.2848421633243561, "tonal.tuning_frequency": 450.5447082519531, "tonal.tuning_nontempered_energy_ratio": 0.9149616956710815, "lowlevel.barkbands.mean": [8.635473022877704e-06, 0.00034624087857082486, 0.005689161829650402, 0.0028519416227936745, 0.001666330499574542, 0.0014857311034575105, 0.0005426232237368822, 0.0004658255784306675, 0.0002581517619546503, 0.00020246001076884568, 7.016975723672658e-05, 5.658568989019841e-05, 5.045732177677564e-05, 0.0001010796768241562, 0.0001458630576962605, 5.763240915257484e-05, 5.965523814666085e-05, 0.00011803387315012515, 0.0001124114278354682, 2.5202341930707917e-05, 9.707126082503237e-06, 1.581136712047737e-05, 6.596420280402526e-05, 0.0001341706229140982, 0.0001658975234022364, 2.0835112081840634e-05, 2.4522782382518926e-07], "lowlevel.barkbands.stdev": [2.444128222123254e-05, 0.001164213172160089, 0.010853148996829987, 0.008001884445548058, 0.005741324741393328, 0.009203623048961163, 0.0024130623787641525, 0.0021274215541779995, 0.0011753163998946548, 0.0014942316338419914, 0.00034340264392085373, 0.0003804406733252108, 0.00030442129354923964, 0.0005314329755492508, 0.0006069571827538311, 0.0002994819369632751, 0.00023623435117769986, 0.00031583523377776146, 0.000601795210968703, 7.766497583361343e-05, 3.492086034384556e-05, 5.947812314843759e-05, 0.0002795340260490775, 0.0006544112111441791, 0.0008673683041706681, 0.00010706377361202613, 1.4577001365978504e-06], "lowlevel.erbbands.mean": [0.0029769663233309984, 0.18556919693946838, 4.269662857055664, 11.354830741882324, 3.1866254806518555, 6.1667094230651855, 17.756561279296875, 7.22212553024292, 7.291200637817383, 10.657638549804688, 7.257174015045166, 6.725170612335205, 6.472038269042969, 4.907747745513916, 2.155233383178711, 2.281674385070801, 2.448622226715088, 4.33728551864624, 7.562192440032959, 5.905387878417969, 2.7740554809570312, 3.7338671684265137, 6.832223415374756, 4.411261558532715, 5.524003982543945, 1.2949044704437256, 0.4599824845790863, 0.4049941599369049, 0.48972001671791077, 1.0281273126602173, 2.0223188400268555, 2.0472593307495117, 2.7633912563323975, 2.319146156311035, 0.862970232963562, 0.16323889791965485, 0.024713963270187378, 0.0027776709757745266, 8.086276648100466e-05, 2.2178424842422828e-05], "lowlevel.erbbands.stdev": [0.006518087815493345, 0.42935600876808167, 7.857580661773682, 24.8997859954834, 13.986420631408691, 23.405719757080078, 91.84931182861328, 35.59189987182617, 30.765941619873047, 51.44578552246094, 32.581695556640625, 31.618980407714844, 45.319801330566406, 32.27143096923828, 9.458229064941406, 15.015768051147461, 14.933181762695312, 21.6190242767334, 33.686187744140625, 28.532915115356445, 12.745232582092285, 12.513128280639648, 18.371795654296875, 17.476472854614258, 29.20090675354004, 4.152103424072266, 1.6477198600769043, 1.4301717281341553, 1.9131016731262207, 4.453680515289307, 8.895291328430176, 9.505376815795898, 13.608888626098633, 11.855629920959473, 4.595301628112793, 0.8530059456825256, 0.13478071987628937, 0.015585795044898987, 0.00036114497925154865, 4.210229963064194e-05], "lowlevel.gfcc.mean": [-352.5367126464844, 15.829206466674805, -83.41032409667969, 31.093238830566406, -38.495521545410156, 14.520273208618164, -49.528751373291016, 19.451372146606445, -24.908845901489258, -1.890069603919983, -13.825911521911621, -10.986149787902832, -15.108573913574219], "lowlevel.melbands.mean": [5.11813850607723e-05, 0.0016728885238990188, 0.0016176406061276793, 0.0002534862142056227, 0.0005678180605173111, 0.0001914750027935952, 0.0001077349588740617, 0.00012054391845595092, 5.255965515971184e-05, 4.039596751681529e-05, 3.168305192957632e-05, 2.037813828792423e-05, 8.020811947062612e-06, 6.12191661275574e-06, 5.140189841768006e-06, 5.810255061078351e-06, 8.209349289245438e-06, 1.2204356607981026e-05, 1.0324560207664035e-05, 5.175582828087499e-06, 2.873565563277225e-06, 3.3871085634018527e-06, 6.014361133566126e-06, 5.3338926591095515e-06, 3.1473302897211397e-06, 4.9944296733883675e-06, 2.1404434846772347e-06, 5.620354954771756e-07, 2.827908929248224e-07, 2.263264633484141e-07, 2.4016969746298855e-07, 2.81262288126527e-07, 3.0339955969793664e-07, 6.798276785957569e-07, 1.1399258710298454e-06, 1.1967906630161451e-06, 1.3291538607518305e-06, 1.8705964066612069e-06, 2.0752843283844413e-06, 2.00924637283606e-06], "lowlevel.melbands.stdev": [0.00017085822764784098, 0.003014354035258293, 0.0035279723815619946, 0.0009228874114342034, 0.0025535898748785257, 0.0010169880697503686, 0.00044994367635808885, 0.0005506690940819681, 0.00022728319163434207, 0.0001958037755684927, 0.00022593654284719378, 0.00013402449258137494, 3.469538569333963e-05, 4.577977961162105e-05, 2.9528862796723843e-05, 3.679521250887774e-05, 4.38440365542192e-05, 5.986158430459909e-05, 4.7265031753340736e-05, 2.633439544297289e-05, 1.5081701349117793e-05, 1.4333137187350076e-05, 1.6079971828730777e-05, 1.5486719348700717e-05, 1.3221962035459e-05, 2.905990186263807e-05, 8.844323929224629e-06, 1.6603491985733854e-06, 1.0739158824435435e-06, 9.017785487230867e-07, 9.048399078892544e-07, 1.2011372518827557e-06, 1.209304741678352e-06, 3.1252288863470312e-06, 5.464347395900404e-06, 4.904346496914513e-06, 6.735444003425073e-06, 8.889083801477682e-06, 1.1352930414432194e-05, 1.036667890730314e-05], "lowlevel.melbands128.mean": [3.331638481540722e-06, 2.8091003514418844e-06, 1.7891759853227995e-05, 0.0002377742057433352, 0.001342815812677145, 0.0032821206841617823, 0.002760806819424033, 0.0008912684279493988, 0.00016963420785032213, 0.00013364529877435416, 0.00033436392550356686, 0.0005871249013580382, 0.000753239553887397, 0.00042701687198132277, 0.00010272454528603703, 0.00010597459186101332, 0.0001350408128928393, 9.752436017151922e-05, 8.680292376084253e-05, 0.0001297409035032615, 0.00014519281103275716, 8.038448140723631e-05, 2.6907915525953285e-05, 3.790211121668108e-05, 5.340866482583806e-05, 3.7171914300415665e-05, 2.3981492631719448e-05, 3.9414855564245954e-05, 2.937850331363734e-05, 1.9437064111116342e-05, 2.1896144971833564e-05, 1.2016947039228398e-05, 6.606382612517336e-06, 4.975049705535639e-06, 5.889749445486814e-06, 6.605646831303602e-06, 6.179737283673603e-06, 5.663959655066719e-06, 3.2816965358506422e-06, 6.083170774218161e-06, 5.70925703868852e-06, 6.742756795574678e-06, 6.907652732479619e-06, 1.047100613504881e-05, 9.809116818360053e-06, 1.4632008060289081e-05, 1.1502145753183868e-05, 1.1719796020770445e-05, 8.395028999075294e-06, 8.700640137249138e-06, 3.855964678223245e-06, 3.240661726522376e-06, 2.683499133127043e-06, 2.72512170340633e-06, 3.1845584089751355e-06, 3.4638235320016975e-06, 3.338083843118511e-06, 4.7406956582563e-06, 7.515670404245611e-06, 7.744890353933442e-06, 5.560702902585035e-06, 3.32486092702311e-06, 2.6885334136750316e-06, 3.0203095775505062e-06, 3.88698254027986e-06, 5.7789998209045734e-06, 5.697302640328417e-06, 2.742488277363009e-06, 1.3809999472869094e-06, 1.0121846116817323e-06, 5.3933217714075e-07, 3.4893608358288475e-07, 3.124829675016372e-07, 2.7525726409294293e-07, 2.4181326807592995e-07, 2.2695871848554816e-07, 2.2677667743664642e-07, 2.0024489799652656e-07, 2.179409221980677e-07, 3.006427107266063e-07, 3.411151396903733e-07, 2.5433195105506456e-07, 1.8898751363849442e-07, 2.620378438678017e-07, 4.3785186676359444e-07, 5.244411909188784e-07, 7.478398060811742e-07, 1.0319948842152371e-06, 1.132941065407067e-06, 1.1973372693319106e-06, 1.4696888683829457e-06, 1.1628879974523443e-06, 8.089893981377827e-07, 1.2501312767199124e-06, 1.609445462236181e-06, 1.953490482264897e-06, 1.7099315527957515e-06, 2.13757357414579e-06, 2.2199101294972934e-06, 1.97668691725994e-06, 1.8363347180638812e-06, 2.0738316379720345e-06, 2.166463445973932e-06, 1.5992259250197094e-06, 7.385769436041301e-07, 4.832453441849793e-07, 4.2684646928137226e-07, 4.5000430759500887e-07, 2.8186912004457554e-07, 7.188661754753412e-08, 6.676769004343441e-08, 8.390264838453731e-08, 8.38950100501279e-08, 5.3610019534744424e-08, 4.1379550452802505e-08, 3.100002743394725e-08, 9.60175317032963e-09, 2.4967186096347405e-09, 5.916618306400778e-10, 1.9273516810303093e-11, 1.8444724914079558e-11, 1.7933517518220476e-11, 1.7652178330163082e-11, 1.7179278832823996e-11, 1.304832804305267e-11, 5.884036313741348e-12, 2.1841831728680594e-12, 1.6536648352744043e-12], "lowlevel.melbands128.stdev": [8.762541256146505e-06, 6.547655630129157e-06, 8.829218131722882e-05, 0.000800641137175262, 0.0028321687132120132, 0.006494571920484304, 0.006229947786778212, 0.0031889346428215504, 0.001416809856891632, 0.0007955798064358532, 0.001538086449727416, 0.002319557359442115, 0.004134544171392918, 0.0034507950767874718, 0.0006007120828144252, 0.0005031396285630763, 0.000727565202396363, 0.0005130505305714905, 0.0005533800576813519, 0.0008580272551625967, 0.0007193099008873105, 0.0005165849579498172, 0.0001474915334256366, 0.00017691549146547914, 0.00030345836421474814, 0.00028748688055202365, 0.00017003364337142557, 0.00038895304896868765, 0.00023518799571320415, 0.0001473134761909023, 0.00019873821293003857, 6.23264568275772e-05, 3.3397656807210296e-05, 2.508505349396728e-05, 4.330452793510631e-05, 7.047040708130226e-05, 4.5310025598155335e-05, 3.838527845800854e-05, 1.892432374006603e-05, 5.0978356739506125e-05, 4.049751441925764e-05, 4.474831075640395e-05, 3.880281656165607e-05, 6.968742673052475e-05, 6.640986975980923e-05, 9.020385186886415e-05, 5.656681605614722e-05, 6.702623068122193e-05, 3.8466896512545645e-05, 6.527981167891994e-05, 1.861498640209902e-05, 1.890293788164854e-05, 1.5162932868406642e-05, 1.6013009371818043e-05, 2.5943267246475443e-05, 1.4317870409286115e-05, 1.1219686712138355e-05, 1.427048755431315e-05, 2.2056332454667427e-05, 2.525610034354031e-05, 2.0086376025574282e-05, 1.1335190720274113e-05, 9.422122275282163e-06, 1.5029035239422228e-05, 2.2308649931801483e-05, 3.8308557122945786e-05, 3.295404167147353e-05, 1.2172251445008442e-05, 5.495272944244789e-06, 3.4234203667438123e-06, 1.6429158904429642e-06, 1.2811806300305761e-06, 1.2223996463944786e-06, 1.2102499340471695e-06, 1.0660879752322217e-06, 1.0813369044626597e-06, 9.532417379887193e-07, 7.815078220119176e-07, 9.084055250241363e-07, 1.3215665148891276e-06, 1.603481450729305e-06, 1.2505076938396087e-06, 8.525530006409099e-07, 1.1249271665292326e-06, 1.9228175460739294e-06, 2.375321855652146e-06, 4.019425887236139e-06, 5.535397122002905e-06, 6.593531452381285e-06, 5.462597982841544e-06, 6.090577699069399e-06, 5.207684353081277e-06, 3.6453352549870033e-06, 8.345706191903446e-06, 7.913598892628215e-06, 1.027022153721191e-05, 7.778019607940223e-06, 1.1337094292684924e-05, 1.4577633010048885e-05, 1.0955231118714437e-05, 8.83668599271914e-06, 1.1825984074675944e-05, 1.2330958270467818e-05, 8.999789315566886e-06, 4.204099695925834e-06, 3.106164513155818e-06, 2.3459340354747837e-06, 2.38841789723665e-06, 1.6642450191284297e-06, 4.6436181833087176e-07, 4.6129360953273135e-07, 4.694276185546187e-07, 5.719350610888796e-07, 3.2730787324908306e-07, 2.3001861393368017e-07, 2.351576995351934e-07, 4.9607574936771925e-08, 2.167082691073574e-08, 9.226050146082798e-09, 1.9920745608636992e-11, 2.103273111231374e-11, 1.0243285386568601e-11, 8.14959731643139e-12, 7.872392841778986e-12, 6.732947966520131e-12, 5.32857091783967e-12, 4.909274375908268e-12, 4.856700111521839e-12], "lowlevel.mfcc.mean": [-957.30517578125, 59.412715911865234, 12.62553596496582, 17.069992065429688, 30.133359909057617, -9.275466918945312, 4.491382122039795, 1.741642713546753, -2.8450052738189697, 8.009090423583984, 0.6866992712020874, -7.121528148651123, -6.429388999938965], "lowlevel.spectral_contrast_coeffs.mean": [-0.7274032831192017, -0.8300554156303406, -0.8573216199874878, -0.8377246856689453, -0.8229148983955383, -0.8545138239860535], "lowlevel.spectral_contrast_coeffs.stdev": [0.1729094684123993, 0.11042498797178268, 0.07779049873352051, 0.07601220905780792, 0.08145613968372345, 0.05033183842897415], "lowlevel.spectral_contrast_valleys.mean": [-11.320257186889648, -11.111233711242676, -11.62221908569336, -11.390893936157227, -11.183073997497559, -12.889148712158203], "lowlevel.spectral_contrast_valleys.stdev": [4.816189765930176, 4.730927467346191, 4.4701247215271, 4.441699981689453, 4.435446739196777, 4.018599987030029], "rhythm.beats_loudness_band_ratio.mean": [0.4223778545856476, 0.08293021470308304, 0.04996088519692421, 0.08586811274290085, 0.0739578828215599, 0.2764989137649536], "rhythm.beats_loudness_band_ratio.stdev": [0.35567572712898254, 0.14076641201972961, 0.07694768160581589, 0.14598619937896729, 0.10201507061719894, 0.35761475563049316], "tonal.hpcp.mean": [0.10967280715703964, 0.10516046732664108, 0.12910839915275574, 0.15186555683612823, 0.14778269827365875, 0.14363893866539001, 0.15931545197963715, 0.17260098457336426, 0.15633586049079895, 0.12632985413074493, 0.10027771443128586, 0.08173526078462601, 0.07689285278320312, 0.07137498259544373, 0.06855157017707825, 0.07947089523077011, 0.0740702748298645, 0.051287226378917694, 0.04642565920948982, 0.05375700443983078, 0.05993760749697685, 0.08754044771194458, 0.12368471920490265, 0.11246450990438461, 0.0864139124751091, 0.07794581353664398, 0.07768093794584274, 0.1114659532904625, 0.16015495359897614, 0.1659744381904602, 0.14309710264205933, 0.11892582476139069, 0.12605789303779602, 0.15178996324539185, 0.15697073936462402, 0.13910314440727234], "tonal.hpcp.stdev": [0.21660006046295166, 0.22318600118160248, 0.25441208481788635, 0.2795911431312561, 0.2744387090206146, 0.25914329290390015, 0.2720177173614502, 0.3027177155017853, 0.2803710997104645, 0.2525380849838257, 0.22762930393218994, 0.20178209245204926, 0.19783255457878113, 0.19408519566059113, 0.17101259529590607, 0.21722738444805145, 0.19259047508239746, 0.1337125450372696, 0.1299401819705963, 0.12385538965463638, 0.12500278651714325, 0.1751052737236023, 0.24810929596424103, 0.21319922804832458, 0.18141326308250427, 0.15843981504440308, 0.15227702260017395, 0.22099772095680237, 0.2808387577533722, 0.2818453907966614, 0.23428893089294434, 0.20517189800739288, 0.21671071648597717, 0.2530679404735565, 0.27044275403022766, 0.26281556487083435], "rhythm.beats_position": [0.6965986490249634, 1.404807209968567, 2.0317459106445312, 2.6470746994018555, 3.2740135192871094, 3.912562370300293, 4.539501190185547, 5.166440010070801, 5.7933783531188965, 6.36226749420166, 6.919546127319336, 7.46521520614624, 8.010884284973145, 8.533332824707031, 8.986122131347656, 9.427301406860352, 9.868480682373047, 10.286439895629883, 10.727619171142578, 11.168798446655273, 11.609976768493652, 12.051156044006348, 12.492335319519043, 12.921904563903809, 13.339863777160645, 13.75782299041748, 14.175782203674316, 14.593741416931152, 15.10457992553711, 15.603809356689453, 16.126258850097656, 16.613876342773438, 17.078275680541992, 17.542675018310547, 18.01868438720703, 18.494693756103516, 18.970703125, 19.435102462768555, 19.899499893188477, 20.36389923095703, 20.839908599853516, 21.31591796875, 21.791927337646484, 22.26793670654297, 22.75555419921875], "rhythm.bpm_histogram": [0.0, 0.0, 0.0, 0.0, 0.0, 0.0, 0.0, 0.0, 0.0, 0.0, 0.0, 0.0, 0.0, 0.0, 0.0, 0.0, 0.0, 0.0, 0.0, 0.0, 0.0, 0.0, 0.0, 0.0, 0.0, 0.0, 0.0, 0.0, 0.0, 0.0, 0.0, 0.0, 0.0, 0.0, 0.0, 0.0, 0.0, 0.0, 0.0, 0.0, 0.0, 0.0, 0.0, 0.0, 0.0, 0.0, 0.0, 0.0, 0.0, 0.0, 0.0, 0.0, 0.0, 0.0, 0.0, 0.0, 0.0, 0.0, 0.0, 0.0, 0.0, 0.0, 0.0, 0.0, 0.0, 0.0, 0.0, 0.0, 0.0, 0.0, 0.0, 0.0, 0.0, 0.0, 0.0, 0.0, 0.0, 0.0, 0.0, 0.0, 0.0, 0.0, 0.0, 0.0, 0.0, 0.022727273404598236, 0.0, 0.0, 0.0, 0.0, 0.0, 0.0, 0.0, 0.0, 0.022727273404598236, 0.0, 0.11363636702299118, 0.0, 0.022727273404598236, 0.0, 0.0, 0.0, 0.0, 0.0, 0.0, 0.022727273404598236, 0.0, 0.0, 0.022727273404598236, 0.0, 0.04545454680919647, 0.0, 0.0, 0.0, 0.0, 0.04545454680919647, 0.0, 0.022727273404598236, 0.0, 0.0, 0.022727273404598236, 0.0, 0.0, 0.04545454680919647, 0.0, 0.0, 0.15909090638160706, 0.0, 0.0, 0.11363636702299118, 0.0, 0.0, 0.0, 0.022727273404598236, 0.0, 0.0, 0.15909090638160706, 0.0, 0.0, 0.0, 0.022727273404598236, 0.0, 0.0, 0.0, 0.11363636702299118, 0.0, 0.0, 0.0, 0.0, 0.0, 0.0, 0.0, 0.0, 0.0, 0.0, 0.0, 0.0, 0.0, 0.0, 0.0, 0.0, 0.0, 0.0, 0.0, 0.0, 0.0, 0.0, 0.0, 0.0, 0.0, 0.0, 0.0, 0.0, 0.0, 0.0, 0.0, 0.0, 0.0, 0.0, 0.0, 0.0, 0.0, 0.0, 0.0, 0.0, 0.0, 0.0, 0.0, 0.0, 0.0, 0.0, 0.0, 0.0, 0.0, 0.0, 0.0, 0.0, 0.0, 0.0, 0.0, 0.0, 0.0, 0.0, 0.0, 0.0, 0.0, 0.0, 0.0, 0.0, 0.0, 0.0, 0.0, 0.0, 0.0, 0.0, 0.0, 0.0, 0.0, 0.0, 0.0, 0.0, 0.0, 0.0, 0.0, 0.0, 0.0, 0.0, 0.0, 0.0, 0.0, 0.0, 0.0, 0.0, 0.0, 0.0, 0.0, 0.0, 0.0, 0.0, 0.0, 0.0, 0.0, 0.0, 0.0, 0.0, 0.0, 0.0, 0.0, 0.0, 0.0], "tonal.chords_histogram": [5.5226826667785645, 3.9447731971740723, 3.7475345134735107, 0.5917159914970398, 1.1834319829940796, 2.9585797786712646, 0.0, 0.0, 0.0, 0.0, 0.39447730779647827, 0.0, 0.0, 6.706114292144775, 6.311636924743652, 19.132150650024414, 7.692307472229004, 7.4950690269470215, 5.719921112060547, 0.19723865389823914, 1.9723865985870361, 0.19723865389823914, 23.076923370361328, 3.155818462371826], "tonal.thpcp": [1.0, 0.9057645797729492, 0.7319185137748718, 0.5809799432754517, 0.47355037927627563, 0.4454948604106903, 0.41352593898773193, 0.3971678912639618, 0.460431307554245, 0.42914167046546936, 0.2971433103084564, 0.26897677779197693, 0.3114524781703949, 0.34726110100746155, 0.5071839690208435, 0.7165933847427368, 0.6515867114067078, 0.5006571412086487, 0.4515954256057739, 0.45006081461906433, 0.6458013653755188, 0.9278913140296936, 0.9616076946258545, 0.8290630578994751, 0.6890217065811157, 0.7303428649902344, 0.8794269561767578, 0.9094429016113281, 0.8059232234954834, 0.6354123950004578, 0.6092692017555237, 0.7480165958404541, 0.8798649311065674, 0.8562100529670715, 0.8322023153305054, 0.9230274558067322], "lowlevel.gfcc.cov": [[112373.2421875, 15170.017578125, -2819.369140625, 5601.12890625, -3485.074462890625, 524.6900024414062, -6927.70458984375, 3046.97802734375, -2806.58056640625, -1896.9935302734375, -482.6490173339844, -2594.752197265625, -1285.8714599609375], [15170.017578125, 6176.177734375, 394.8196105957031, 333.98077392578125, -35.68016052246094, -320.9029846191406, -955.7879638671875, 475.1658935546875, -492.67120361328125, -693.3796997070312, -20.38312530517578, -762.3555297851562, -126.25221252441406], [-2819.369140625, 394.8196105957031, 1369.506591796875, 303.3119812011719, 22.980125427246094, -308.3060302734375, -56.190521240234375, -168.2117919921875, 57.84333419799805, -135.20858764648438, 80.33456420898438, 166.04837036132812, 177.1397705078125], [5601.12890625, 333.98077392578125, 303.3119812011719, 1340.0316162109375, -14.021997451782227, -155.87808227539062, -608.3336791992188, 117.1456527709961, -50.0300178527832, -125.60602569580078, 20.044118881225586, -34.452816009521484, 6.114498615264893], [-3485.074462890625, -35.68016052246094, 22.980125427246094, -14.021997451782227, 542.5505981445312, 41.618263244628906, 194.4176788330078, -6.933727264404297, 126.20172882080078, 63.783260345458984, 27.20922088623047, -56.280941009521484, -4.6562113761901855], [524.6900024414062, -320.9029846191406, -308.3060302734375, -155.87808227539062, 41.618263244628906, 429.381591796875, 169.820556640625, 111.30330657958984, 12.972944259643555, 106.7371597290039, -3.8037383556365967, -63.110389709472656, -72.11847686767578], [-6927.70458984375, -955.7879638671875, -56.190521240234375, -608.3336791992188, 194.4176788330078, 169.820556640625, 799.5125732421875, -105.80422973632812, 80.94474029541016, 136.59925842285156, 12.68851089477539, 150.55992126464844, 29.930431365966797], [3046.97802734375, 475.1658935546875, -168.2117919921875, 117.1456527709961, -6.933727264404297, 111.30330657958984, -105.80422973632812, 286.49273681640625, -26.355051040649414, -33.36054229736328, 3.6504833698272705, -132.1191864013672, -56.53728103637695], [-2806.58056640625, -492.67120361328125, 57.84333419799805, -50.0300178527832, 126.20172882080078, 12.972944259643555, 80.94474029541016, -26.355051040649414, 230.89112854003906, 89.0286865234375, 14.834242820739746, 21.823078155517578, 27.22504997253418], [-1896.9935302734375, -693.3796997070312, -135.20858764648438, -125.60602569580078, 63.783260345458984, 106.7371597290039, 136.59925842285156, -33.36054229736328, 89.0286865234375, 177.23631286621094, 22.29900360107422, 48.42570877075195, -13.897274017333984], [-482.6490173339844, -20.38312530517578, 80.33456420898438, 20.044118881225586, 27.20922088623047, -3.8037383556365967, 12.68851089477539, 3.6504833698272705, 14.834242820739746, 22.29900360107422, 112.68378448486328, 26.968597412109375, 11.241520881652832], [-2594.752197265625, -762.3555297851562, 166.04837036132812, -34.452816009521484, -56.280941009521484, -63.110389709472656, 150.55992126464844, -132.1191864013672, 21.823078155517578, 48.42570877075195, 26.968597412109375, 252.91519165039062, 86.3096923828125], [-1285.8714599609375, -126.25221252441406, 177.1397705078125, 6.114498615264893, -4.6562113761901855, -72.11847686767578, 29.930431365966797, -56.53728103637695, 27.22504997253418, -13.897274017333984, 11.241520881652832, 86.3096923828125, 111.026611328125]], "lowlevel.gfcc.icov": [[0.000144697172800079, -0.00018971841200254858, 0.00019206975412089378, -0.00029540774994529784, 0.0005326272803358734, -0.0004098124918527901, 0.0006553279235959053, -0.0004905966343358159, 0.0006904694600962102, -0.00013104529352858663, 0.00021564967755693942, -5.576873445534147e-05, 0.0003353819192852825], [-0.00018971841200254858, 0.0009732558974064887, -0.0005697279702872038, 0.0007795073324814439, -0.0010258088586851954, 0.0007715593092143536, -0.00040382545557804406, 0.0001560989039717242, 7.668331818422303e-05, 0.0016703801229596138, -0.0007442042697221041, 0.0017312049167230725, -0.000658139237202704], [0.00019206975412089378, -0.0005697279702872038, 0.0016325871692970395, -0.0008285584626719356, 0.0008339575724676251, -0.0003934373671654612, 0.000510488054715097, 5.606947161140852e-05, -3.443983951001428e-05, 0.0003334802167955786, -0.0003506113716866821, -0.0009849799098446965, -0.00046075109275989234], [-0.00029540774994529784, 0.0007795073324814439, -0.0008285584626719356, 0.0022292439825832844, -0.001844701706431806, 0.0008488580351695418, 0.00018364889547228813, 0.00012890454672742635, -0.000737846246920526, 0.0013016979210078716, -0.0005870875320397317, -6.275512714637443e-05, -0.0003934876585844904], [0.0005326272803358734, -0.0010258088586851954, 0.0008339575724676251, -0.001844701706431806, 0.004931747447699308, -0.0013219676911830902, 0.0009107933728955686, -0.0011840963270515203, 0.000995596987195313, -0.0016398685984313488, 0.0003779645776376128, 0.0010329604847356677, 0.0009822201682254672], [-0.0004098124918527901, 0.0007715593092143536, -0.0003934373671654612, 0.0008488580351695418, -0.0013219676911830902, 0.005272792652249336, -0.002742133801802993, -0.0001925217075040564, -0.0011808512499555945, -0.0014989756746217608, -0.0005736876046285033, 0.001629744074307382, -0.0003841384022962302], [0.0006553279235959053, -0.00040382545557804406, 0.000510488054715097, 0.00018364889547228813, 0.0009107933728955686, -0.002742133801802993, 0.006398527417331934, -0.0026222500018775463, 0.003884342033416033, 0.00032948507578112185, 0.0010144385742023587, -0.0015486202901229262, 0.0016926967073231936], [-0.0004905966343358159, 0.0001560989039717242, 5.606947161140852e-05, 0.00012890454672742635, -0.0011840963270515203, -0.0001925217075040564, -0.0026222500018775463, 0.00775792496278882, -0.0034384331665933132, 0.0010159948142245412, -0.0017848144052550197, 0.001363063813187182, -0.0010268522892147303], [0.0006904694600962102, 7.668331818422303e-05, -3.443983951001428e-05, -0.000737846246920526, 0.000995596987195313, -0.0011808512499555945, 0.003884342033416033, -0.0034384331665933132, 0.011331050656735897, -0.0027670729905366898, 0.0009906243067234755, 0.002740530064329505, -0.0006993834977038205], [-0.00013104529352858663, 0.0016703801229596138, 0.0003334802167955786, 0.0013016979210078716, -0.0016398685984313488, -0.0014989756746217608, 0.00032948507578112185, 0.0010159948142245412, -0.0027670729905366898, 0.015265840105712414, -0.003363681025803089, 0.0002782537485472858, 0.0018776996294036508], [0.00021564967755693942, -0.0007442042697221041, -0.0003506113716866821, -0.0005870875320397317, 0.0003779645776376128, -0.0005736876046285033, 0.0010144385742023587, -0.0017848144052550197, 0.0009906243067234755, -0.003363681025803089, 0.010869326069951057, -0.0023334305733442307, 0.0007533931056968868], [-5.576873445534147e-05, 0.0017312049167230725, -0.0009849799098446965, -6.275512714637443e-05, 0.0010329604847356677, 0.001629744074307382, -0.0015486202901229262, 0.001363063813187182, 0.002740530064329505, 0.0002782537485472858, -0.0023334305733442307, 0.01342063955962658, -0.005722637753933668], [0.0003353819192852825, -0.000658139237202704, -0.00046075109275989234, -0.0003934876585844904, 0.0009822201682254672, -0.0003841384022962302, 0.0016926967073231936, -0.0010268522892147303, -0.0006993834977038205, 0.0018776996294036508, 0.0007533931056968868, -0.005722637753933668, 0.016490880399942398]], "lowlevel.mfcc.cov": [[57551.18359375, 10375.4619140625, 3704.720947265625, 2570.9462890625, 3800.784423828125, -3002.873046875, 213.50059509277344, -28.32615852355957, -1120.2857666015625, 29.445354461669922, -846.7608032226562, -510.4186096191406, -768.6392211914062], [10375.4619140625, 4771.19775390625, 348.52886962890625, 91.48103332519531, 683.1701049804688, -788.8286743164062, 210.98631286621094, -35.13991165161133, -182.79058837890625, -0.5729211568832397, -254.00306701660156, -212.42066955566406, -289.86590576171875], [3704.720947265625, 348.52886962890625, 1096.5692138671875, 529.4104614257812, 256.5943908691406, -204.65626525878906, -173.66441345214844, -20.036705017089844, -132.28689575195312, -266.8902893066406, -218.1575164794922, 8.908394813537598, 28.17011260986328], [2570.9462890625, 91.48103332519531, 529.4104614257812, 1039.040771484375, 517.7633056640625, -157.52003479003906, -165.4640655517578, 2.7558212280273438, -122.49193572998047, -161.698486328125, -145.93215942382812, -56.84002685546875, -17.935773849487305], [3800.784423828125, 683.1701049804688, 256.5943908691406, 517.7633056640625, 799.601806640625, -196.8568878173828, -75.42562103271484, -33.5864372253418, -57.24026107788086, 108.3822021484375, -17.350601196289062, -22.378969192504883, -111.66020965576172], [-3002.873046875, -788.8286743164062, -204.65626525878906, -157.52003479003906, -196.8568878173828, 402.7744140625, 76.13492584228516, 35.35114288330078, 78.19508361816406, 45.86394119262695, 115.18474578857422, 17.38199234008789, 28.017562866210938], [213.50059509277344, 210.98631286621094, -173.66441345214844, -165.4640655517578, -75.42562103271484, 76.13492584228516, 327.1220397949219, 102.13617706298828, 54.01746368408203, 83.19140625, 99.89717102050781, 4.576329231262207, -19.938323974609375], [-28.32615852355957, -35.13991165161133, -20.036705017089844, 2.7558212280273438, -33.5864372253418, 35.35114288330078, 102.13617706298828, 142.7296905517578, 54.49696350097656, 12.540653228759766, 37.91708755493164, -4.947118759155273, 10.728808403015137], [-1120.2857666015625, -182.79058837890625, -132.28689575195312, -122.49193572998047, -57.24026107788086, 78.19508361816406, 54.01746368408203, 54.49696350097656, 170.94696044921875, 85.6601791381836, 51.727806091308594, 8.885900497436523, 6.281833648681641], [29.445354461669922, -0.5729211568832397, -266.8902893066406, -161.698486328125, 108.3822021484375, 45.86394119262695, 83.19140625, 12.540653228759766, 85.6601791381836, 274.9367370605469, 143.59347534179688, -4.37791109085083, -51.73350143432617], [-846.7608032226562, -254.00306701660156, -218.1575164794922, -145.93215942382812, -17.350601196289062, 115.18474578857422, 99.89717102050781, 37.91708755493164, 51.727806091308594, 143.59347534179688, 185.2525634765625, 22.8082218170166, -12.874672889709473], [-510.4186096191406, -212.42066955566406, 8.908394813537598, -56.84002685546875, -22.378969192504883, 17.38199234008789, 4.576329231262207, -4.947118759155273, 8.885900497436523, -4.37791109085083, 22.8082218170166, 131.40878295898438, 39.80116653442383], [-768.6392211914062, -289.86590576171875, 28.17011260986328, -17.935773849487305, -111.66020965576172, 28.017562866210938, -19.938323974609375, 10.728808403015137, 6.281833648681641, -51.73350143432617, -12.874672889709473, 39.80116653442383, 113.050537109375]], "lowlevel.mfcc.icov": [[6.511878018500283e-05, -4.2103252781089395e-05, -0.00017503133858554065, 2.9388012990239076e-05, -0.00014205129991751164, 0.0002388385619269684, -0.00016659687389619648, -9.91514025372453e-05, 0.00026801612693816423, -0.00020713327103294432, 7.9188437666744e-05, 0.00010959232895402238, 2.4356579160667025e-05], [-4.2103252781089395e-05, 0.0005643132608383894, 6.806840974604711e-05, 0.0003830014611594379, -0.0003904643817804754, 0.0006342279957607388, -0.0006080016028136015, 0.00012367313320282847, -6.92521825840231e-06, 0.0003697119536809623, 0.0005256982985883951, 0.0005292911664582789, 0.0005857417709194124], [-0.00017503133858554065, 6.806840974604711e-05, 0.0021149353124201298, -0.0004153646295890212, -1.577537477714941e-05, -0.0005289069376885891, 0.0006894316175021231, -0.0001222098944708705, -0.0005621776217594743, 0.0016111629083752632, 0.00041842192877084017, -0.0007505337707698345, -0.0002793162129819393], [2.9388012990239076e-05, 0.0003830014611594379, -0.0004153646295890212, 0.0026332889683544636, -0.0021387042943388224, 0.0003457244602032006, -0.00011434569023549557, -0.0009817220270633698, 0.0006586135714314878, 0.0014924179995432496, 0.0005601758020929992, 0.0014307425590232015, -0.0002155258844140917], [-0.00014205129991751164, -0.0003904643817804754, -1.577537477714941e-05, -0.0021387042943388224, 0.004133960232138634, -0.0004039153573103249, 0.0011335340095683932, 0.0005274817813187838, -0.00037117753527127206, -0.002514811232686043, -0.0005977176479063928, -0.0017643370665609837, 0.0014536204980686307], [0.0002388385619269684, 0.0006342279957607388, -0.0005289069376885891, 0.0003457244602032006, -0.0004039153573103249, 0.0057650781236588955, -0.0017860453808680177, 0.00024178499006666243, -2.742785909504164e-05, 0.0003353202191647142, -0.0014718532329425216, 0.0014166715554893017, 0.0007596355280838907], [-0.00016659687389619648, -0.0006080016028136015, 0.0006894316175021231, -0.00011434569023549557, 0.0011335340095683932, -0.0017860453808680177, 0.006305852439254522, -0.0032882506493479013, -0.00032105023274198174, -8.238892769441009e-05, -0.002038733335211873, -0.0013687838800251484, 0.00033471782808192074], [-9.91514025372453e-05, 0.00012367313320282847, -0.0001222098944708705, -0.0009817220270633698, 0.0005274817813187838, 0.00024178499006666243, -0.0032882506493479013, 0.011634659953415394, -0.004127243533730507, 0.0018594911089166999, -0.0024343521799892187, 0.0011704772477969527, -0.001314414432272315], [0.00026801612693816423, -6.92521825840231e-06, -0.0005621776217594743, 0.0006586135714314878, -0.00037117753527127206, -2.742785909504164e-05, -0.00032105023274198174, -0.004127243533730507, 0.01036454364657402, -0.004353996366262436, 0.0025458750315010548, -6.915319681866094e-05, -0.0002297606406500563], [-0.00020713327103294432, 0.0003697119536809623, 0.0016111629083752632, 0.0014924179995432496, -0.002514811232686043, 0.0003353202191647142, -8.238892769441009e-05, 0.0018594911089166999, -0.004353996366262436, 0.011764654889702797, -0.006143861450254917, 0.0013601029058918357, 0.0010640296386554837], [7.9188437666744e-05, 0.0005256982985883951, 0.00041842192877084017, 0.0005601758020929992, -0.0005977176479063928, -0.0014718532329425216, -0.002038733335211873, -0.0024343521799892187, 0.0025458750315010548, -0.006143861450254917, 0.014174487441778183, -0.0016202065162360668, 0.0007484842790290713], [0.00010959232895402238, 0.0005292911664582789, -0.0007505337707698345, 0.0014307425590232015, -0.0017643370665609837, 0.0014166715554893017, -0.0013687838800251484, 0.0011704772477969527, -6.915319681866094e-05, 0.0013601029058918357, -0.0016202065162360668, 0.010455875657498837, -0.0031693868804723024], [2.4356579160667025e-05, 0.0005857417709194124, -0.0002793162129819393, -0.0002155258844140917, 0.0014536204980686307, 0.0007596355280838907, 0.00033471782808192074, -0.001314414432272315, -0.0002297606406500563, 0.0010640296386554837, 0.0007484842790290713, -0.0031693868804723024, 0.013680484145879745]], "metadata.audio_properties.analysis.downmix": "mix", "metadata.audio_properties.codec": "mp3", "metadata.audio_properties.md5_encoded": "15e0fbeaa297597bfdd56c60abfc24ec", "metadata.tags.file_name": "1182275529429237831.mp3", "metadata.version.essentia": "2.1-beta6-dev", "metadata.version.essentia_git_sha": "v2.1_beta5-1110-g77a6a954", "metadata.version.extractor": "music 2.0", "tonal.chords_key": "E", "tonal.chords_scale": "major", "tonal.key_edma.key": "B", "tonal.key_edma.scale": "major", "tonal.key_krumhansl.key": "B", "tonal.key_krumhansl.scale": "major", "tonal.key_temperley.key": "B", "tonal.key_temperley.scale": "major", "metadata.tags.encod