{"song_id": "1182274868419514399", "download": "https://cdn.discordapp.com/attachments/1128313332273782784/1182274868419514399/chirp.mp4?ex=65841a46&amp", "lyrics": "Anor'lo, Tind\u00f3m\u00eb, n\u00e9nu naa i elen,\nSilimaer'quen, l\u00e1 ring\u00eb n\u00e1 quentel.\nAmin mela lle, melme tenna lin,\nL\u00f3teo s\u00ed anor, elen siluva lyenna.\n\nNai elyea, und\u00f3miel, i vanya hiruva,\nGilthoniel, linnon er, s\u00ed elen siluva lyenna.", "style": ["1970</span><span>'s Japanese Jazz"], "essentia_features": {"lowlevel.average_loudness": 0.44396844506263733, "lowlevel.barkbands_crest.mean": 12.240992546081543, "lowlevel.barkbands_crest.stdev": 4.617808818817139, "lowlevel.barkbands_flatness_db.mean": 0.2328566014766693, "lowlevel.barkbands_flatness_db.stdev": 0.05380518361926079, "lowlevel.barkbands_kurtosis.mean": 10.770874977111816, "lowlevel.barkbands_kurtosis.stdev": 13.595017433166504, "lowlevel.barkbands_skewness.mean": 2.0724637508392334, "lowlevel.barkbands_skewness.stdev": 1.6338967084884644, "lowlevel.barkbands_spread.mean": 11.030536651611328, "lowlevel.barkbands_spread.stdev": 14.071463584899902, "lowlevel.dissonance.mean": 0.3833048939704895, "lowlevel.dissonance.stdev": 0.06341493874788284, "lowlevel.dynamic_complexity": 8.063040733337402, "lowlevel.erbbands_crest.mean": 13.684454917907715, "lowlevel.erbbands_crest.stdev": 5.499807834625244, "lowlevel.erbbands_flatness_db.mean": 0.2551865577697754, "lowlevel.erbbands_flatness_db.stdev": 0.06159606948494911, "lowlevel.erbbands_kurtosis.mean": 5.7352614402771, "lowlevel.erbbands_kurtosis.stdev": 8.001625061035156, "lowlevel.erbbands_skewness.mean": 1.0183621644973755, "lowlevel.erbbands_skewness.stdev": 1.2236567735671997, "lowlevel.erbbands_spread.mean": 19.01231575012207, "lowlevel.erbbands_spread.stdev": 14.657999992370605, "lowlevel.hfc.mean": 9.811799049377441, "lowlevel.hfc.stdev": 17.543209075927734, "lowlevel.loudness_ebu128.integrated": -36.414451599121094, "lowlevel.loudness_ebu128.loudness_range": 9.49289321899414, "lowlevel.loudness_ebu128.momentary.mean": -42.01132583618164, "lowlevel.loudness_ebu128.momentary.stdev": 8.236990928649902, "lowlevel.loudness_ebu128.short_term.mean": -38.4720344543457, "lowlevel.loudness_ebu128.short_term.stdev": 3.7707035541534424, "lowlevel.melbands_crest.mean": 15.161986351013184, "lowlevel.melbands_crest.stdev": 5.607842922210693, "lowlevel.melbands_flatness_db.mean": 0.3192581534385681, "lowlevel.melbands_flatness_db.stdev": 0.056850943714380264, "lowlevel.melbands_kurtosis.mean": 13.078579902648926, "lowlevel.melbands_kurtosis.stdev": 27.31545639038086, "lowlevel.melbands_skewness.mean": 1.966184377670288, "lowlevel.melbands_skewness.stdev": 1.8563432693481445, "lowlevel.melbands_spread.mean": 11.974510192871094, "lowlevel.melbands_spread.stdev": 11.510869026184082, "lowlevel.pitch_salience.mean": 0.5408830046653748, "lowlevel.pitch_salience.stdev": 0.14359594881534576, "lowlevel.silence_rate_20dB.mean": 1.0, "lowlevel.silence_rate_20dB.stdev": 0.0, "lowlevel.silence_rate_30dB.mean": 0.9970930218696594, "lowlevel.silence_rate_30dB.stdev": 0.053838565945625305, "lowlevel.silence_rate_60dB.mean": 0.4168604612350464, "lowlevel.silence_rate_60dB.stdev": 0.49303898215293884, "lowlevel.spectral_centroid.mean": 678.683349609375, "lowlevel.spectral_centroid.stdev": 399.5001220703125, "lowlevel.spectral_complexity.mean": 6.554069995880127, "lowlevel.spectral_complexity.stdev": 4.496053695678711, "lowlevel.spectral_decrease.mean": -3.1091329510957166e-09, "lowlevel.spectral_decrease.stdev": 4.752684912290306e-09, "lowlevel.spectral_energy.mean": 0.012624532915651798, "lowlevel.spectral_energy.stdev": 0.019468601793050766, "lowlevel.spectral_energyband_high.mean": 4.19021635025274e-05, "lowlevel.spectral_energyband_high.stdev": 7.938711496535689e-05, "lowlevel.spectral_energyband_low.mean": 0.0004328900540713221, "lowlevel.spectral_energyband_low.stdev": 0.0010542162926867604, "lowlevel.spectral_energyband_middle_high.mean": 0.005683484952896833, "lowlevel.spectral_energyband_middle_high.stdev": 0.012882538139820099, "lowlevel.spectral_energyband_middle_low.mean": 0.006778777111321688, "lowlevel.spectral_energyband_middle_low.stdev": 0.010654407553374767, "lowlevel.spectral_entropy.mean": 6.472304821014404, "lowlevel.spectral_entropy.stdev": 0.5248923301696777, "lowlevel.spectral_flux.mean": 0.03857335448265076, "lowlevel.spectral_flux.stdev": 0.04171581566333771, "lowlevel.spectral_kurtosis.mean": 17.48531150817871, "lowlevel.spectral_kurtosis.stdev": 14.099387168884277, "lowlevel.spectral_rms.mean": 0.0027098366990685463, "lowlevel.spectral_rms.stdev": 0.0022301157005131245, "lowlevel.spectral_rolloff.mean": 1161.161865234375, "lowlevel.spectral_rolloff.stdev": 1846.8135986328125, "lowlevel.spectral_skewness.mean": 3.3295717239379883, "lowlevel.spectral_skewness.stdev": 1.1031938791275024, "lowlevel.spectral_spread.mean": 4381344.5, "lowlevel.spectral_spread.stdev": 2445718.25, "lowlevel.spectral_strongpeak.mean": 1.3079835176467896, "lowlevel.spectral_strongpeak.stdev": 1.9569804668426514, "lowlevel.zerocrossingrate.mean": 0.05284026265144348, "lowlevel.zerocrossingrate.stdev": 0.04718586429953575, "metadata.audio_properties.analysis.equal_loudness": 0.0, "metadata.audio_properties.analysis.length": 39.914649963378906, "metadata.audio_properties.analysis.sample_rate": 44100.0, "metadata.audio_properties.analysis.start_time": 0.0, "metadata.audio_properties.bit_rate": 120466.0, "metadata.audio_properties.length": 39.91466522216797, "metadata.audio_properties.lossless": 0.0, "metadata.audio_properties.number_channels": 1.0, "metadata.audio_properties.replay_gain": 7.220800399780273, "metadata.audio_properties.sample_rate": 48000.0, "rhythm.beats_count": 91.0, "rhythm.beats_loudness.mean": 0.015320446342229843, "rhythm.beats_loudness.stdev": 0.020382050424814224, "rhythm.bpm": 165.7893829345703, "rhythm.bpm_histogram_first_peak_bpm": 167.0, "rhythm.bpm_histogram_first_peak_weight": 0.0, "rhythm.bpm_histogram_second_peak_bpm": 178.0, "rhythm.bpm_histogram_second_peak_spread": 0.0, "rhythm.bpm_histogram_second_peak_weight": 0.15555556118488312, "rhythm.danceability": 0.9297440052032471, "rhythm.onset_rate": 1.9034875631332397, "tonal.chords_changes_rate": 0.04878048598766327, "tonal.chords_number_rate": 0.011614401824772358, "tonal.chords_strength.mean": 0.5523293614387512, "tonal.chords_strength.stdev": 0.09718567878007889, "tonal.hpcp_crest.mean": 18.35963249206543, "tonal.hpcp_crest.stdev": 7.791364669799805, "tonal.hpcp_entropy.mean": 1.4237245321273804, "tonal.hpcp_entropy.stdev": 0.6650186777114868, "tonal.key_edma.strength": 0.8453638553619385, "tonal.key_krumhansl.strength": 0.8354081511497498, "tonal.key_temperley.strength": 0.8243561387062073, "tonal.tuning_diatonic_strength": 0.6754101514816284, "tonal.tuning_equal_tempered_deviation": 0.3207060694694519, "tonal.tuning_frequency": 455.5166015625, "tonal.tuning_nontempered_energy_ratio": 0.9908336997032166, "lowlevel.barkbands.mean": [1.5028271036499063e-06, 2.513485924282577e-05, 0.00021887471666559577, 0.00037893158150836825, 0.0012440647697076201, 0.0019530102144926786, 0.0013535931939259171, 0.0011665619676932693, 0.000407574960263446, 0.00048032664926722646, 0.0029714819975197315, 0.0009213245939463377, 0.0005302233621478081, 0.000653269118629396, 0.00012939190492033958, 8.15987223177217e-05, 4.362679828773253e-05, 7.74242653278634e-06, 1.171565872937208e-05, 4.768315648107091e-06, 2.0945867618138436e-06, 1.6241009461737121e-06, 1.4874689213684178e-06, 1.616368354007136e-05, 9.553693416819442e-06, 8.608229109086096e-06, 3.1637517849958385e-07], "lowlevel.barkbands.stdev": [4.162233381066471e-06, 0.0001628250756766647, 0.0006600375636480749, 0.0010331114754080772, 0.002243681810796261, 0.0035317495930939913, 0.004209178499877453, 0.00432808930054307, 0.001457941485568881, 0.0012093002442270517, 0.009204031899571419, 0.004380567464977503, 0.0025339017156511545, 0.0024909325875341892, 0.0005693214479833841, 0.0002750626008491963, 0.0001557561190566048, 2.7290949219604954e-05, 3.0087760023889132e-05, 1.186509780382039e-05, 1.0399307939223945e-05, 1.351735681964783e-05, 3.457146704022307e-06, 3.855736940749921e-05, 2.048966234724503e-05, 1.8577726223156787e-05, 6.60124840123899e-07], "lowlevel.erbbands.mean": [0.00023411338042933494, 0.010162913240492344, 0.17116953432559967, 0.8838269114494324, 1.6259956359863281, 4.462225437164307, 10.9356107711792, 16.067794799804688, 24.017478942871094, 16.902101516723633, 25.418466567993164, 9.825264930725098, 16.814634323120117, 38.17514419555664, 105.40925598144531, 44.376609802246094, 27.537006378173828, 37.652976989746094, 12.58481216430664, 5.639249801635742, 4.566222667694092, 2.166715145111084, 0.4989105463027954, 0.5753805041313171, 0.49916133284568787, 0.2499016523361206, 0.13979503512382507, 0.0539901964366436, 0.0639147013425827, 0.02879280038177967, 0.04794833064079285, 0.1071930006146431, 0.3629843294620514, 0.21597151458263397, 0.019031992182135582, 0.00637457799166441, 0.02004360221326351, 0.0053540864028036594, 9.798613609746099e-05, 1.7431540982215665e-05], "lowlevel.erbbands.stdev": [0.000861471751704812, 0.05399443954229355, 0.5419409871101379, 2.049910545349121, 4.537965297698975, 10.093409538269043, 18.58782196044922, 35.353515625, 69.616943359375, 55.230613708496094, 108.71515655517578, 32.05194091796875, 40.084354400634766, 110.18970489501953, 324.4285888671875, 198.26498413085938, 126.8547134399414, 126.48726654052734, 55.91941452026367, 19.767059326171875, 15.321507453918457, 6.788425445556641, 1.4563755989074707, 1.9673432111740112, 1.3081895112991333, 0.6247642040252686, 0.5312989354133606, 0.3519737422466278, 0.5234529972076416, 0.24140284955501556, 0.11003634333610535, 0.23699583113193512, 0.8244117498397827, 0.4818345904350281, 0.048142481595277786, 0.011105665937066078, 0.038611654192209244, 0.013621191494166851, 0.00021477503469213843, 2.5191307940986007e-05], "lowlevel.gfcc.mean": [-160.4334259033203, 94.96369171142578, -94.31433868408203, -57.061397552490234, -70.31184387207031, -0.2668275237083435, -61.8274040222168, -5.613536357879639, -45.314979553222656, -4.463134288787842, -10.695169448852539, 4.060209274291992, -11.635669708251953], "lowlevel.melbands.mean": [4.088086825504433e-06, 7.213823846541345e-05, 0.00017329156980849802, 0.0001896226458484307, 0.0003634016611613333, 0.00038642031722702086, 0.0003426590410526842, 0.00018582982011139393, 0.00019740559218917042, 5.48808638995979e-05, 8.04938463261351e-05, 0.00012768528540618718, 0.0004281014553271234, 0.00011683178308885545, 7.804251799825579e-05, 6.511175160994753e-05, 7.007007661741227e-05, 2.2379495931090787e-05, 8.602379239164293e-06, 6.179733190947445e-06, 5.189073817746248e-06, 2.6226950922136893e-06, 7.207465273495473e-07, 2.94410114065613e-07, 4.742976784655184e-07, 4.3420831730145437e-07, 2.1941401939784555e-07, 1.4463498132499808e-07, 1.1383767173356318e-07, 3.447654606247852e-08, 2.867041004606108e-08, 3.866859188406124e-08, 2.725272274517465e-08, 1.0963746355230342e-08, 1.9994324418348697e-08, 4.2087577867278014e-08, 7.646654154314092e-08, 2.1359565494094568e-07, 3.575950131562422e-07, 1.2228075263465144e-07], "lowlevel.melbands.stdev": [2.410436536592897e-05, 0.00021038755949120969, 0.0003923447511624545, 0.000391565466998145, 0.0005836617201566696, 0.0007940405630506575, 0.0009621658246032894, 0.0006098725716583431, 0.0008776283357292414, 0.00018001528223976493, 0.00019690964836627245, 0.0003840362187474966, 0.0013183983974158764, 0.00044089421862736344, 0.0004275238316040486, 0.0002789338177535683, 0.00025187432765960693, 0.00011865160195156932, 3.649471182143316e-05, 2.1108562577865086e-05, 1.7971360648516566e-05, 8.9726081569097e-06, 2.4742348614381626e-06, 9.217027354679885e-07, 1.8110966948370333e-06, 1.1980823728663381e-06, 6.068424909244641e-07, 3.8305634575408476e-07, 4.617455431343842e-07, 2.6528257990321435e-07, 1.7900229920542188e-07, 2.691492397843831e-07, 3.120676694834401e-07, 7.662965373356201e-08, 5.1764324382475024e-08, 9.460336514166556e-08, 1.9588448196827812e-07, 4.6627104666185915e-07, 9.788011539058061e-07, 2.7151219228471746e-07], "lowlevel.melbands128.mean": [6.31955117569305e-07, 6.445374083341449e-07, 2.25770304496109e-06, 1.644827534619253e-05, 4.968510984326713e-05, 0.00012909733050037175, 0.0001800692407414317, 0.00019016981241293252, 0.00016923723160289228, 0.00010208373714704067, 0.00025216391077265143, 0.0004024749796371907, 0.0004078201309312135, 0.00031239609234035015, 0.00027031495119445026, 0.0005123281152918935, 0.0005401566158980131, 0.0002708967949729413, 0.00015785687719471753, 0.00018343873671256006, 0.00019644055282697082, 0.0001982599205803126, 0.0002811091544572264, 7.922961231088266e-05, 3.724234557012096e-05, 3.988054595538415e-05, 8.301321940962225e-05, 0.00011579294368857518, 4.211589111946523e-05, 4.62097923445981e-05, 4.6797907998552546e-05, 0.00048095700913108885, 0.0006454796530306339, 0.0002659661986399442, 5.6899647461250424e-05, 9.945181227521971e-05, 0.00016283377772197127, 6.791218766011298e-05, 2.931208655354567e-05, 6.574865255970508e-05, 6.300352833932266e-05, 8.45293325255625e-05, 7.939920760691166e-05, 6.644431414315477e-05, 2.9770570108667016e-05, 1.4806711988057941e-05, 1.1265856301179156e-05, 8.124677151499782e-06, 7.936037036415655e-06, 7.282111710082972e-06, 5.068526206741808e-06, 6.261074304347858e-06, 5.687505563400919e-06, 4.504346634348622e-06, 4.599010935635306e-06, 2.262977432110347e-06, 1.3262524589663371e-06, 8.784201099842903e-07, 5.794518074253574e-07, 2.213510725823653e-07, 1.662977240357577e-07, 3.185126331572974e-07, 8.415478305323632e-07, 3.5741061310545774e-07, 1.6799788227217505e-07, 6.329902930701792e-07, 4.4224225348443724e-07, 2.3095836354514176e-07, 1.3665052733813354e-07, 2.7180055894859834e-07, 1.198427668214208e-07, 1.0015270390795195e-07, 1.43636526672708e-07, 1.437716150576307e-07, 3.792098368649022e-08, 3.169254014778744e-08, 3.6177983275820225e-08, 2.2857706838408376e-08, 2.5875039000311517e-08, 3.4971868956290564e-08, 3.9995782685764425e-08, 3.831918959917857e-08, 4.025699240628455e-08, 2.6873516745240522e-08, 1.7638278393405926e-08, 1.0348855106201427e-08, 9.996621308516751e-09, 8.00636090758644e-09, 1.5619583848547336e-08, 2.857485625895606e-08, 5.131543900915858e-08, 4.539269582437555e-08, 3.103885504174286e-08, 2.703431611905671e-08, 1.276186196719209e-07, 2.224370376779916e-07, 1.596544620952045e-07, 2.820279121351632e-07, 5.51876837562304e-07, 2.403599523859157e-07, 2.2697767576573824e-07, 8.957399444398106e-08, 2.200047966027796e-08, 2.712092950218903e-08, 1.2941664628840499e-08, 4.870388536915016e-09, 4.189358193684711e-09, 4.910980511141361e-09, 7.834523252370218e-09, 7.048914785201532e-09, 1.7531649021407247e-08, 4.625539062885764e-08, 7.534794121966115e-08, 7.495678033819786e-08, 1.5561337818326137e-07, 6.38979358313918e-08, 1.3463560044613132e-08, 1.1350292927758687e-09, 1.168928495665078e-11, 1.1515186373878272e-11, 1.1030773516829129e-11, 1.1099605609632412e-11, 1.1261787509486698e-11, 1.0907488454114933e-11, 8.354928728027122e-12, 4.063561986900055e-12, 1.7759477699205717e-12, 1.446729671825131e-12], "lowlevel.melbands128.stdev": [1.8184611008109641e-06, 1.6714618595869979e-06, 1.1574134077818599e-05, 0.00011167913908138871, 0.0002488578320480883, 0.00037819260614924133, 0.0004593735793605447, 0.000603766820859164, 0.0005697862943634391, 0.0003412995720282197, 0.0007227756432257593, 0.0008387525449506938, 0.0008331146091222763, 0.0007782865432091057, 0.0009234134922735393, 0.0013249004259705544, 0.0017080692341551185, 0.001233924413099885, 0.0007262956933118403, 0.0008121051941998303, 0.0008633230463601649, 0.0010337837738916278, 0.0015477222623303533, 0.0004214696236886084, 0.00020222290186211467, 0.00022078007168602198, 0.0003500801103655249, 0.0002857590152416378, 0.00020043892436660826, 0.00025967846158891916, 0.00018005257879849523, 0.001819229917600751, 0.0021584522910416126, 0.0014838940696790814, 0.000319518381729722, 0.00041899288771674037, 0.0010417827870696783, 0.000546337163541466, 0.00026044639525935054, 0.0004909967537969351, 0.00035469981958158314, 0.00032693156390450895, 0.0003588807303458452, 0.0003920061280950904, 0.00025069763069041073, 0.00011213508696528152, 5.956484892521985e-05, 4.5595053961733356e-05, 3.6850269680144265e-05, 2.8280208425712772e-05, 1.9506989701767452e-05, 2.8206795832375064e-05, 2.3950418835738674e-05, 1.9050172340939753e-05, 1.9137421986670233e-05, 9.524484994472004e-06, 5.386546035879292e-06, 3.1975225738278823e-06, 3.037805527128512e-06, 9.802246268009185e-07, 5.507583296093799e-07, 1.4147685760690365e-06, 4.098316367162624e-06, 1.417931684954965e-06, 4.625825340554002e-07, 2.143448682545568e-06, 1.3884875897929305e-06, 1.2538879445855855e-06, 4.169444309809478e-07, 8.412355896325607e-07, 4.4058262460566766e-07, 4.1450493881711736e-07, 6.08598156759399e-07, 6.994844170549186e-07, 1.9214552082758019e-07, 2.996600301230501e-07, 3.6784794588129444e-07, 1.7285037756664678e-07, 1.745412703257898e-07, 1.9621474223185942e-07, 2.0346637086277042e-07, 2.7389791057430557e-07, 5.701182885786693e-07, 2.9325687478376494e-07, 2.0631604513710045e-07, 6.318905576563338e-08, 7.13179204581138e-08, 3.155837191570754e-08, 5.7439041967199955e-08, 7.948167279892004e-08, 1.2612692046332086e-07, 1.0737986144704337e-07, 9.140424594988872e-08, 8.703229070761154e-08, 3.901802472228155e-07, 5.956021595920902e-07, 3.948551636767661e-07, 6.973679091970553e-07, 1.932376335389563e-06, 5.839154368914024e-07, 5.536483627111011e-07, 2.0367151876143907e-07, 8.322525246740042e-08, 1.6011060210985306e-07, 3.062913123130784e-08, 1.7247355543759113e-08, 1.4641817536187318e-08, 2.1606453515232715e-08, 1.8356889341930582e-08, 1.4769930167801704e-08, 4.713490753260885e-08, 8.175519639053164e-08, 1.452228133302924e-07, 1.473220976322409e-07, 5.131616376274906e-07, 1.678700556340118e-07, 2.6368839556312196e-08, 2.808277610455434e-09, 5.67524456249191e-12, 5.429536594631079e-12, 5.251407815543008e-12, 5.114347747386949e-12, 5.0289147845994364e-12, 4.957942043026797e-12, 4.666728375263274e-12, 4.350523847423959e-12, 4.253164227058237e-12, 4.227638638470976e-12], "lowlevel.mfcc.mean": [-832.2698364257812, 171.6780548095703, 8.286920547485352, -45.32772445678711, -0.23068878054618835, -24.576492309570312, -1.4067785739898682, -19.73240089416504, -23.55771255493164, -15.108261108398438, -22.079742431640625, -4.902141094207764, -5.548340320587158], "lowlevel.spectral_contrast_coeffs.mean": [-0.5536121129989624, -0.68613600730896, -0.7216171026229858, -0.7921474575996399, -0.7942534685134888, -0.7844414114952087], "lowlevel.spectral_contrast_coeffs.stdev": [0.11595914512872696, 0.09135494381189346, 0.09517029672861099, 0.06883952766656876, 0.06793518364429474, 0.0667676106095314], "lowlevel.spectral_contrast_valleys.mean": [-9.383007049560547, -8.010842323303223, -8.401379585266113, -9.236669540405273, -10.279146194458008, -12.612238883972168], "lowlevel.spectral_contrast_valleys.stdev": [1.0811861753463745, 0.9842227697372437, 1.0082926750183105, 1.2448015213012695, 0.933422863483429, 0.46931374073028564], "rhythm.beats_loudness_band_ratio.mean": [0.10492567718029022, 0.4454900622367859, 0.26001840829849243, 0.25416794419288635, 0.022067716345191002, 0.020052604377269745], "rhythm.beats_loudness_band_ratio.stdev": [0.14543719589710236, 0.27228546142578125, 0.18659159541130066, 0.2653746008872986, 0.05271928384900093, 0.07305692881345749], "tonal.hpcp.mean": [0.04295245558023453, 0.028801849111914635, 0.02606336958706379, 0.11027362197637558, 0.20146001875400543, 0.13894018530845642, 0.14322005212306976, 0.22115947306156158, 0.1441408395767212, 0.05412640795111656, 0.04253600537776947, 0.045545097440481186, 0.13953962922096252, 0.2766730487346649, 0.21676476299762726, 0.0849943682551384, 0.0423729233443737, 0.02795259654521942, 0.06854798644781113, 0.11996332556009293, 0.08452891558408737, 0.07350488007068634, 0.09052494913339615, 0.05310536175966263, 0.0536046102643013, 0.0692659467458725, 0.07092973589897156, 0.21998505294322968, 0.35655590891838074, 0.2087426483631134, 0.050833508372306824, 0.029101882129907608, 0.03128158301115036, 0.047263771295547485, 0.06337800621986389, 0.05983574315905571], "tonal.hpcp.stdev": [0.12438356131315231, 0.09533507376909256, 0.08563297241926193, 0.2000143826007843, 0.3197817802429199, 0.25068455934524536, 0.2374190092086792, 0.3499099612236023, 0.2524905800819397, 0.1687091439962387, 0.14828433096408844, 0.1620941460132599, 0.22068551182746887, 0.3604365289211273, 0.2959293723106384, 0.21046148240566254, 0.14429832994937897, 0.11655347794294357, 0.16884031891822815, 0.26188400387763977, 0.1767936646938324, 0.1918981671333313, 0.225016251206398, 0.15946894884109497, 0.1398487687110901, 0.17070052027702332, 0.17580607533454895, 0.28139159083366394, 0.3942410945892334, 0.2729082405567169, 0.15024901926517487, 0.11786308884620667, 0.117202028632164, 0.1556149423122406, 0.16907700896263123, 0.1697799414396286], "rhythm.beats_position": [0.5921088457107544, 1.195827603340149, 1.7879364490509033, 2.3800454139709473, 2.972154140472412, 3.564262866973877, 4.156371593475342, 4.690430641174316, 5.236099720001221, 5.781768798828125, 6.339047431945801, 6.896326541900635, 7.430385589599609, 7.987664222717285, 8.55655288696289, 9.113832473754883, 9.671111106872559, 10.216779708862305, 10.77405834197998, 11.331337928771973, 11.877006530761719, 12.422675132751465, 12.956734657287598, 13.455963134765625, 13.943582534790039, 14.442811965942383, 14.95365047454834, 15.476099014282227, 15.99854850769043, 16.555828094482422, 17.10149574279785, 17.647165298461914, 18.1231746673584, 18.599184036254883, 19.075191497802734, 19.469932556152344, 19.86467170715332, 20.259410858154297, 20.654150009155273, 21.04888916015625, 21.443628311157227, 21.838367462158203, 22.23310661315918, 22.627845764160156, 23.022584915161133, 23.41732406616211, 23.777233123779297, 24.113922119140625, 24.439001083374023, 24.764081954956055, 25.100770950317383, 25.43745994567871, 25.77414894104004, 26.110837936401367, 26.447526931762695, 26.795827865600586, 27.144126892089844, 27.480815887451172, 27.8175048828125, 28.154193878173828, 28.49088478088379, 28.827573776245117, 29.164262771606445, 29.500951766967773, 29.84925079345703, 30.18593978881836, 30.53424072265625, 30.894149780273438, 31.254058837890625, 31.613967895507812, 31.96226692199707, 32.31056594848633, 32.65886688232422, 33.018775939941406, 33.36707305908203, 33.72698211669922, 34.086891174316406, 34.4351921081543, 34.795101165771484, 35.15501022338867, 35.51491928100586, 35.87482833862305, 36.234737396240234, 36.59464645385742, 36.96616744995117, 37.32607650756836, 37.69759750366211, 38.080726623535156, 38.4638557434082, 38.84698486328125, 39.218502044677734], "rhythm.bpm_histogram": [0.0, 0.0, 0.0, 0.0, 0.0, 0.0, 0.0, 0.0, 0.0, 0.0, 0.0, 0.0, 0.0, 0.0, 0.0, 0.0, 0.0, 0.0, 0.0, 0.0, 0.0, 0.0, 0.0, 0.0, 0.0, 0.0, 0.0, 0.0, 0.0, 0.0, 0.0, 0.0, 0.0, 0.0, 0.0, 0.0, 0.0, 0.0, 0.0, 0.0, 0.0, 0.0, 0.0, 0.0, 0.0, 0.0, 0.0, 0.0, 0.0, 0.0, 0.0, 0.0, 0.0, 0.0, 0.0, 0.0, 0.0, 0.0, 0.0, 0.0, 0.0, 0.0, 0.0, 0.0, 0.0, 0.0, 0.0, 0.0, 0.0, 0.0, 0.0, 0.0, 0.0, 0.0, 0.0, 0.0, 0.0, 0.0, 0.0, 0.0, 0.0, 0.0, 0.0, 0.0, 0.0, 0.0, 0.0, 0.0, 0.0, 0.0, 0.0, 0.0, 0.0, 0.0, 0.0, 0.0, 0.0, 0.0, 0.0, 0.011111111380159855, 0.0, 0.0555555559694767, 0.0, 0.0, 0.0, 0.011111111380159855, 0.0, 0.0, 0.08888889104127884, 0.0, 0.07777778059244156, 0.0, 0.03333333507180214, 0.0, 0.0, 0.02222222276031971, 0.0, 0.011111111380159855, 0.0, 0.0, 0.02222222276031971, 0.0, 0.0, 0.011111111380159855, 0.0, 0.0, 0.03333333507180214, 0.0, 0.0, 0.0, 0.0, 0.0, 0.0, 0.0, 0.0, 0.0, 0.0, 0.0, 0.0, 0.0, 0.0, 0.0, 0.0, 0.0, 0.0, 0.0, 0.0, 0.0, 0.0, 0.0, 0.0, 0.0, 0.12222222238779068, 0.0, 0.0, 0.0, 0.0, 0.03333333507180214, 0.0, 0.0, 0.0, 0.03333333507180214, 0.0, 0.0, 0.0, 0.0, 0.0, 0.15555556118488312, 0.0, 0.0, 0.0, 0.0, 0.10000000149011612, 0.0, 0.0, 0.0, 0.0, 0.0, 0.15555556118488312, 0.0, 0.0, 0.0, 0.0, 0.0, 0.0, 0.02222222276031971, 0.0, 0.0, 0.0, 0.0, 0.0, 0.0, 0.0, 0.0, 0.0, 0.0, 0.0, 0.0, 0.0, 0.0, 0.0, 0.0, 0.0, 0.0, 0.0, 0.0, 0.0, 0.0, 0.0, 0.0, 0.0, 0.0, 0.0, 0.0, 0.0, 0.0, 0.0, 0.0, 0.0, 0.0, 0.0, 0.0, 0.0, 0.0, 0.0, 0.0, 0.0, 0.0, 0.0, 0.0, 0.0, 0.0, 0.0, 0.0, 0.0, 0.0, 0.0, 0.0, 0.0, 0.0, 0.0, 0.0, 0.0, 0.0, 0.0, 0.0, 0.0, 0.0, 0.0, 0.0], "tonal.chords_histogram": [18.466899871826172, 4.297328472137451, 38.559814453125, 0.0, 0.8130081295967102, 0.11614401638507843, 0.0, 0.0, 0.0, 0.0, 0.0, 0.0, 0.0, 0.0, 0.11614401638507843, 5.110336780548096, 0.0, 2.2067363262176514, 0.9291521310806274, 10.801393508911133, 1.277584195137024, 3.948896646499634, 9.291521072387695, 4.065040588378906], "tonal.thpcp": [1.0, 0.5854415893554688, 0.14256812632083893, 0.08161940425634384, 0.08773262053728104, 0.13255640864372253, 0.17775054275989532, 0.16781587898731232, 0.12046485394239426, 0.08077793568372726, 0.07309756428003311, 0.3092744052410126, 0.5650166273117065, 0.3896729350090027, 0.4016762971878052, 0.6202659010887146, 0.40425872802734375, 0.1518034189939499, 0.11929687112569809, 0.1277361959218979, 0.39135414361953735, 0.7759597897529602, 0.6079404354095459, 0.23837599158287048, 0.11883949488401413, 0.07839611172676086, 0.1922503113746643, 0.3364502489566803, 0.23707057535648346, 0.20615246891975403, 0.2538871169090271, 0.14893978834152222, 0.1503399908542633, 0.19426392018795013, 0.19893018901348114, 0.6169720888137817], "lowlevel.gfcc.cov": [[7272.53759765625, 1423.422607421875, -2271.976318359375, -720.6939086914062, 446.7496643066406, -391.3360290527344, -477.1654357910156, -268.64013671875, -17.95985221862793, -258.42071533203125, 490.1159362792969, -274.7884216308594, 363.0190734863281], [1423.422607421875, 1944.603515625, -81.20807647705078, 41.175048828125, 567.39599609375, 101.20231628417969, -58.265132904052734, -437.709716796875, 674.2730712890625, 24.725074768066406, -713.315673828125, 7.5554728507995605, -217.21017456054688], [-2271.976318359375, -81.20807647705078, 1261.7767333984375, 390.50994873046875, -67.46700286865234, 206.3993377685547, 212.18008422851562, 85.56001281738281, 4.309595108032227, 36.206661224365234, -266.627197265625, 75.20182037353516, -153.0865936279297], [-720.6939086914062, 41.175048828125, 390.50994873046875, 610.7655029296875, 214.66676330566406, 48.74871826171875, 51.67850875854492, -38.7321891784668, 245.29302978515625, 98.76566314697266, -289.2854309082031, 49.10728454589844, -99.19793701171875], [446.7496643066406, 567.39599609375, -67.46700286865234, 214.66676330566406, 513.56982421875, 125.73030090332031, -60.32584762573242, -193.9000701904297, 300.6495056152344, 62.100616455078125, -328.6043395996094, -23.290884017944336, -87.32379150390625], [-391.3360290527344, 101.20231628417969, 206.3993377685547, 48.74871826171875, 125.73030090332031, 274.4635314941406, 167.46343994140625, -66.04240417480469, 51.992088317871094, 76.98641967773438, -165.2037811279297, -31.155906677246094, -72.25563049316406], [-477.1654357910156, -58.265132904052734, 212.18008422851562, 51.67850875854492, -60.32584762573242, 167.46343994140625, 365.7524719238281, 69.16847229003906, -16.391464233398438, 75.69347381591797, -81.14926147460938, 0.9548524618148804, -44.985111236572266], [-268.64013671875, -437.709716796875, 85.56001281738281, -38.7321891784668, -193.9000701904297, -66.04240417480469, 69.16847229003906, 337.47259521484375, -170.30392456054688, -79.37158966064453, 271.1900634765625, -1.4262911081314087, 79.67010498046875], [-17.95985221862793, 674.2730712890625, 4.309595108032227, 245.29302978515625, 300.6495056152344, 51.992088317871094, -16.391464233398438, -170.30392456054688, 676.9494018554688, 150.61203002929688, -533.66357421875, 117.99801635742188, -183.55316162109375], [-258.42071533203125, 24.725074768066406, 36.206661224365234, 98.76566314697266, 62.100616455078125, 76.98641967773438, 75.69347381591797, -79.37158966064453, 150.61203002929688, 201.2360076904297, -115.76029205322266, -3.980806589126587, -72.419921875], [490.1159362792969, -713.315673828125, -266.627197265625, -289.2854309082031, -328.6043395996094, -165.2037811279297, -81.14926147460938, 271.1900634765625, -533.66357421875, -115.76029205322266, 745.9696044921875, -79.60028839111328, 204.0601806640625], [-274.7884216308594, 7.5554728507995605, 75.20182037353516, 49.10728454589844, -23.290884017944336, -31.155906677246094, 0.9548524618148804, -1.4262911081314087, 117.99801635742188, -3.980806589126587, -79.60028839111328, 145.7353973388672, -6.741560935974121], [363.0190734863281, -217.21017456054688, -153.0865936279297, -99.19793701171875, -87.32379150390625, -72.25563049316406, -44.985111236572266, 79.67010498046875, -183.55316162109375, -72.419921875, 204.0601806640625, -6.741560935974121, 173.95211791992188]], "lowlevel.gfcc.icov": [[0.0007055510068312287, -0.0007911114953458309, 0.001038375194184482, -0.00029533280758187175, -9.792308264877647e-05, 4.140134478802793e-05, -0.00012861592404078692, 5.1443417760310695e-05, 4.874546721111983e-05, 0.00034322176361456513, -0.0006684663821943104, 0.000497110653668642, -0.0008058695821091533], [-0.0007911114953458309, 0.0028324893210083246, -0.0020007602870464325, 0.0016907216049730778, -0.0014400412328541279, 0.0015497603453695774, -0.0013831830583512783, 0.0022312880028039217, -0.0026333676651120186, 0.0018019748385995626, 0.000281881628325209, 0.001320512150414288, 0.0006244102260097861], [0.001038375194184482, -0.0020007602870464325, 0.003966206684708595, -0.0023056252393871546, 0.0015396217349916697, -0.0023830293212085962, 0.0013031339040026069, -0.0022719139233231544, 0.002869649790227413, -0.0005052809719927609, 0.0007013597059994936, -0.0014282320626080036, 0.0006105169886723161], [-0.00029533280758187175, 0.0016907216049730778, -0.0023056252393871546, 0.00443966593593359, -0.0029236157424747944, 0.0030428231693804264, -0.001583388540893793, 0.0011510937474668026, -0.0020542414858937263, 1.8449778508511372e-05, 0.0002281988854520023, 0.0010287598706781864, -0.00029798567993566394], [-9.792308264877647e-05, -0.0014400412328541279, 0.0015396217349916697, -0.0029236157424747944, 0.006437570322304964, -0.004558747634291649, 0.0028679121751338243, -0.0010648679453879595, 0.000686913903336972, -0.00044409933616407216, 0.0010825047502294183, 0.00012573463027365506, -6.369795300997794e-05], [4.140134478802793e-05, 0.0015497603453695774, -0.0023830293212085962, 0.0030428231693804264, -0.004558747634291649, 0.010734450072050095, -0.005272902548313141, 0.0031192549504339695, -0.0017214248655363917, 0.0003662098024506122, -0.00032206630567088723, 0.0030473102815449238, -0.000303172564599663], [-0.00012861592404078692, -0.0013831830583512783, 0.0013031339040026069, -0.001583388540893793, 0.0028679121751338243, -0.005272902548313141, 0.007440174929797649, -0.004870368633419275, 0.004048613365739584, -0.003990195691585541, 0.002920479979366064, -0.002808386692777276, 0.001265356782823801], [5.1443417760310695e-05, 0.0022312880028039217, -0.0022719139233231544, 0.0011510937474668026, -0.0010648679453879595, 0.0031192549504339695, -0.004870368633419275, 0.01027895137667656, -0.00645799096673727, 0.0059002237394452095, -0.004982557613402605, 0.003960374742746353, -0.0022299468982964754], [4.874546721111983e-05, -0.0026333676651120186, 0.002869649790227413, -0.0020542414858937263, 0.000686913903336972, -0.0017214248655363917, 0.004048613365739584, -0.00645799096673727, 0.011369324289262295, -0.00674094446003437, 0.0056688180193305016, -0.007022507954388857, 0.0038668690249323845], [0.00034322176361456513, 0.0018019748385995626, -0.0005052809719927609, 1.8449778508511372e-05, -0.00044409933616407216, 0.0003662098024506122, -0.003990195691585541, 0.0059002237394452095, -0.00674094446003437, 0.011978390626609325, -0.0037821242585778236, 0.004608823452144861, -0.00021613294666167349], [-0.0006684663821943104, 0.000281881628325209, 0.0007013597059994936, 0.0002281988854520023, 0.0010825047502294183, -0.00032206630567088723, 0.002920479979366064, -0.004982557613402605, 0.0056688180193305016, -0.0037821242585778236, 0.007904336787760258, -0.0020072811748832464, 0.0009981559123843908], [0.000497110653668642, 0.001320512150414288, -0.0014282320626080036, 0.0010287598706781864, 0.00012573463027365506, 0.0030473102815449238, -0.002808386692777276, 0.003960374742746353, -0.007022507954388857, 0.004608823452144861, -0.0020072811748832464, 0.013385271653532982, -0.003887894796207547], [-0.0008058695821091533, 0.0006244102260097861, 0.0006105169886723161, -0.00029798567993566394, -6.369795300997794e-05, -0.000303172564599663, 0.001265356782823801, -0.0022299468982964754, 0.0038668690249323845, -0.00021613294666167349, 0.0009981559123843908, -0.003887894796207547, 0.01243687141686678]], "lowlevel.mfcc.cov": [[8173.1865234375, 1410.43115234375, -2342.52099609375, -669.0269775390625, 455.5914306640625, -611.2036743164062, -112.57133483886719, -576.3643798828125, -223.82908630371094, -310.3923645019531, -401.787353515625, 81.08795928955078, 243.79771423339844], [1410.43115234375, 1693.9169921875, -292.037109375, 6.725208759307861, 138.11671447753906, 759.812744140625, -753.2874755859375, 71.5777587890625, 467.0785217285156, -218.284423828125, 215.37452697753906, -5.517521381378174, 17.00110626220703], [-2342.52099609375, -292.037109375, 1119.41552734375, 275.18890380859375, -163.05177307128906, 117.83316040039062, 175.95811462402344, 218.05850219726562, 40.85930252075195, 110.57866668701172, 58.238136291503906, -40.07931900024414, -57.9867057800293], [-669.0269775390625, 6.725208759307861, 275.18890380859375, 631.08154296875, 107.38092803955078, 427.7179260253906, -376.8492431640625, 145.51263427734375, 303.28680419921875, 5.257216453552246, 173.8284912109375, 17.900205612182617, -36.30052947998047], [455.5914306640625, 138.11671447753906, -163.05177307128906, 107.38092803955078, 455.001953125, 20.605934143066406, -117.47215270996094, -68.97369384765625, 18.856048583984375, -23.222169876098633, -54.7079963684082, 16.119216918945312, -30.94948387145996], [-611.2036743164062, 759.812744140625, 117.83316040039062, 427.7179260253906, 20.605934143066406, 1436.7742919921875, -873.4265747070312, 173.77786254882812, 687.963134765625, -93.92196655273438, 454.1040954589844, -10.260674476623535, 2.951089382171631], [-112.57133483886719, -753.2874755859375, 175.95811462402344, -376.8492431640625, -117.47215270996094, -873.4265747070312, 1291.0189208984375, -150.5775909423828, -607.927734375, 227.42222595214844, -397.3597412109375, -56.54928207397461, 29.697477340698242], [-576.3643798828125, 71.5777587890625, 218.05850219726562, 145.51263427734375, -68.97369384765625, 173.77786254882812, -150.5775909423828, 275.5614929199219, 193.30996704101562, 0.7904619574546814, 109.66574096679688, 5.203902721405029, -13.810905456542969], [-223.82908630371094, 467.0785217285156, 40.85930252075195, 303.28680419921875, 18.856048583984375, 687.963134765625, -607.927734375, 193.30996704101562, 582.2396850585938, -40.8901481628418, 275.56561279296875, 6.6775078773498535, 3.250471591949463], [-310.3923645019531, -218.284423828125, 110.57866668701172, 5.257216453552246, -23.222169876098633, -93.92196655273438, 227.42222595214844, 0.7904619574546814, -40.8901481628418, 178.6042938232422, 11.34306812286377, -5.746249198913574, -2.589529275894165], [-401.787353515625, 215.37452697753906, 58.238136291503906, 173.8284912109375, -54.7079963684082, 454.1040954589844, -397.3597412109375, 109.66574096679688, 275.56561279296875, 11.34306812286377, 354.3537292480469, 54.05109786987305, -12.703850746154785], [81.08795928955078, -5.517521381378174, -40.07931900024414, 17.900205612182617, 16.119216918945312, -10.260674476623535, -56.54928207397461, 5.203902721405029, 6.6775078773498535, -5.746249198913574, 54.05109786987305, 134.87661743164062, 43.19927978515625], [243.79771423339844, 17.00110626220703, -57.9867057800293, -36.30052947998047, -30.94948387145996, 2.951089382171631, 29.697477340698242, -13.810905456542969, 3.250471591949463, -2.589529275894165, -12.703850746154785, 43.19927978515625, 125.90486907958984]], "lowlevel.mfcc.icov": [[0.0005151529330760241, -0.0005004833801649511, 0.0009198104962706566, -0.00029893434839323163, 1.8629876649356447e-05, 0.0003256213676650077, -0.0001622828422114253, 0.00027011524070985615, -5.178668288863264e-05, 6.882524030515924e-05, 0.00022313211229629815, 4.36196023656521e-06, -0.0005038780509494245], [-0.0005004833801649511, 0.0015951750101521611, -0.0008408934809267521, 0.0009164597722701728, -0.0003962853515986353, -0.0006594194564968348, 0.0003097655135206878, -0.00032614628435112536, -0.0004964274703525007, 0.0006964243366383016, -0.0002651672693900764, 0.00017278753512073308, 0.00038096969365142286], [0.0009198104962706566, -0.0008408934809267521, 0.0031317290849983692, -0.0012448761845007539, 0.000491425977088511, 0.0002427668368909508, -0.0006490406231023371, -0.0005744590889662504, 0.0003953025443479419, -0.00025709683541208506, 0.0005383921670727432, 9.084448538487777e-05, -0.0003712644684128463], [-0.00029893434839323163, 0.0009164597722701728, -0.0012448761845007539, 0.0033981832675635815, -0.0010234576184302568, -0.0006066255155019462, 0.000704862701240927, -0.000492430292069912, -0.0008921328117139637, -0.00028231466421857476, -2.1600662876153365e-05, -0.0003442175220698118, 0.0005370225990191102], [1.8629876649356447e-05, -0.0003962853515986353, 0.000491425977088511, -0.0010234576184302568, 0.003177574137225747, -5.729406257160008e-05, 0.0003745360882021487, 0.000681714212987572, 0.00014927456504665315, -0.000905526801943779, 0.0015757253859192133, -0.0010672009084373713, 0.0012202479410916567], [0.0003256213676650077, -0.0006594194564968348, 0.0002427668368909508, -0.0006066255155019462, -5.729406257160008e-05, 0.0025282243732362986, -6.14782256889157e-05, 0.0010476438328623772, -0.0016610728343948722, 0.0007632607012055814, -0.0015569478273391724, 0.001133364625275135, -0.0010358777362853289], [-0.0001622828422114253, 0.0003097655135206878, -0.0006490406231023371, 0.000704862701240927, 0.0003745360882021487, -6.14782256889157e-05, 0.003227072535082698, -0.0004336488782428205, 0.0018033499363809824, -0.0033193447161465883, 0.0019108534324914217, 0.0003316090442240238, -0.0005743243382312357], [0.00027011524070985615, -0.00032614628435112536, -0.0005744590889662504, -0.000492430292069912, 0.000681714212987572, 0.0010476438328623772, -0.0004336488782428205, 0.006533175241202116, -0.002824092749506235, 0.0009931002277880907, -0.0006826777243986726, -0.00032955408096313477, 0.00021392670169007033], [-5.178668288863264e-05, -0.0004964274703525007, 0.0003953025443479419, -0.0008921328117139637, 0.00014927456504665315, -0.0016610728343948722, 0.0018033499363809824, -0.002824092749506235, 0.007121834438294172, -0.0024132707621902227, 3.43344290740788e-05, 0.0008468263549730182, -0.0010879504261538386], [6.882524030515924e-05, 0.0006964243366383016, -0.00025709683541208506, -0.00028231466421857476, -0.000905526801943779, 0.0007632607012055814, -0.0033193447161465883, 0.0009931002277880907, -0.0024132707621902227, 0.010966728441417217, -0.003932183608412743, 0.0009100111783482134, -0.00019685357983689755], [0.00022313211229629815, -0.0002651672693900764, 0.0005383921670727432, -2.1600662876153365e-05, 0.0015757253859192133, -0.0015569478273391724, 0.0019108534324914217, -0.0006826777243986726, 3.43344290740788e-05, -0.003932183608412743, 0.008458390831947327, -0.0035786323715001345, 0.0017432649619877338], [4.36196023656521e-06, 0.00017278753512073308, 9.084448538487777e-05, -0.0003442175220698118, -0.0010672009084373713, 0.001133364625275135, 0.0003316090442240238, -0.00032955408096313477, 0.0008468263549730182, 0.0009100111783482134, -0.0035786323715001345, 0.010742725804448128, -0.004542623180896044], [-0.0005038780509494245, 0.00038096969365142286, -0.0003712644684128463, 0.0005370225990191102, 0.0012202