{"song_id": "1182269945200005170", "download": "https://cdn.discordapp.com/attachments/1135903449314238464/1182269945200005170/chirp.mp4?ex=658415b0&amp", "lyrics": "\u039d\u03b1 \u03c0\u03ac\u03c1\u03c9 \u03b8\u03ad\u03bb\u03c9 \u03c4\u03b7\u03bd \u03b1\u03c0\u03cc\u03c6\u03b1\u03c3\u03b7\n\u03ba\u03b1\u03b9 \u03b8\u03b1 \u03c0\u03ac\u03c9 \u03c3\u03c4' \u03cc\u03bc\u03bf\u03c1\u03c6\u03bf \u03bd\u03b7\u03c3\u03af\n\u03b8\u03ad\u03bb\u03c9 \u03bd\u03b1 \u03c4\u03b7\u03c2 \u03c0\u03c9 \u03c0\u03c9\u03c2 \u03c4\u03b7\u03bd \u03b1\u03b3\u03b1\u03c0\u03ce\n\u03ba\u03b1\u03b9 \u03bc\u03b9\u03b1 \u03bc\u03ad\u03c1\u03b1 \u03b8\u03b1 \u03c4\u03b7\u03bd \u03c0\u03b1\u03bd\u03c4\u03c1\u03b5\u03c5\u03c4\u03ce\n\u03bc\u03b5\u03c2 \u03c4\u03b7\u03bd \u0399\u03ba\u03b1\u03c1\u03b9\u03ac \u03bc\u03b9\u03b1 \u03b3\u03bb\u03c5\u03ba\u03b9\u03ac \u03b2\u03c1\u03b1\u03b4\u03b9\u03ac\n\u03b8\u03b1 \u03c4\u03bf \u03ba\u03ac\u03c8\u03bf\u03c5\u03bc\u03b5 \u03bc\u03b5 \u03c4\u03b1 \u03b2\u03b9\u03bf\u03bb\u03b9\u03ac\n\u039a\u03b1\u03b9 \u03b8\u03b1 \u03c7\u03bf\u03c1\u03ad\u03c8\u03bf\u03c5\u03bc\u03b5 \u03bc\u03b1\u03b6\u03af \u03ba\u03b9 \u03bf\u03b9 \u03b4\u03c5\u03bf\n\u03c4\u03bf \u03c3\u03ba\u03bf\u03c0\u03cc \u03c4\u03bf\u03bd \u0399\u03ba\u03b1\u03c1\u03b9\u03ce\u03c4\u03b9\u03ba\u03bf\n\u03b8\u03b1 \u03b3\u03bb\u03b5\u03bd\u03c4\u03ae\u03c3\u03bf\u03c5\u03bc\u03b5, \u03b8\u03b1 \u03bc\u03b5\u03b8\u03cd\u03c3\u03bf\u03c5\u03bc\u03b5\n\u03c4\u03bf\u03c5\u03c2 \u03ba\u03b1\u03b7\u03bc\u03bf\u03cd\u03c2 \u03b8\u03b1 \u03bb\u03b7\u03c3\u03bc\u03bf\u03bd\u03ae\u03c3\u03bf\u03c5\u03bc\u03b5\n\u03bc\u03b5\u03c2 \u03c4\u03b7\u03bd \u0399\u03ba\u03b1\u03c1\u03b9\u03ac \u03ba\u03b1\u03b9 \u03c3\u03b1\u03bd \u03c4\u03b1 \u03c0\u03bf\u03c5\u03bb\u03b9\u03ac\n\u03b8\u03b1 '\u03c7\u03bf\u03c5\u03bc\u03b5 \u03ba\u03b9 \u03bf\u03b9 \u03b4\u03c5\u03bf \u03b6\u03b5\u03c3\u03c4\u03ae \u03c6\u03c9\u03bb\u03b9\u03ac", "style": ["Low bap"], "essentia_features": {"lowlevel.average_loudness": 0.916866660118103, "lowlevel.barkbands_crest.mean": 14.913039207458496, "lowlevel.barkbands_crest.stdev": 4.7594313621521, "lowlevel.barkbands_flatness_db.mean": 0.42063215374946594, "lowlevel.barkbands_flatness_db.stdev": 0.11692306399345398, "lowlevel.barkbands_kurtosis.mean": 8.322989463806152, "lowlevel.barkbands_kurtosis.stdev": 11.499556541442871, "lowlevel.barkbands_skewness.mean": 1.606778860092163, "lowlevel.barkbands_skewness.stdev": 1.3077287673950195, "lowlevel.barkbands_spread.mean": 3.752967357635498, "lowlevel.barkbands_spread.stdev": 4.790096282958984, "lowlevel.dissonance.mean": 0.2876168489456177, "lowlevel.dissonance.stdev": 0.0829300805926323, "lowlevel.dynamic_complexity": 3.421701669692993, "lowlevel.erbbands_crest.mean": 18.866743087768555, "lowlevel.erbbands_crest.stdev": 6.072760105133057, "lowlevel.erbbands_flatness_db.mean": 0.39492669701576233, "lowlevel.erbbands_flatness_db.stdev": 0.11576368659734726, "lowlevel.erbbands_kurtosis.mean": 6.063316345214844, "lowlevel.erbbands_kurtosis.stdev": 6.989892482757568, "lowlevel.erbbands_skewness.mean": 1.549049973487854, "lowlevel.erbbands_skewness.stdev": 1.126462459564209, "lowlevel.erbbands_spread.mean": 9.324010848999023, "lowlevel.erbbands_spread.stdev": 13.765833854675293, "lowlevel.hfc.mean": 9.825023651123047, "lowlevel.hfc.stdev": 10.33484935760498, "lowlevel.loudness_ebu128.integrated": -17.593549728393555, "lowlevel.loudness_ebu128.loudness_range": 8.88461685180664, "lowlevel.loudness_ebu128.momentary.mean": -19.298606872558594, "lowlevel.loudness_ebu128.momentary.stdev": 4.574337482452393, "lowlevel.loudness_ebu128.short_term.mean": -18.655746459960938, "lowlevel.loudness_ebu128.short_term.stdev": 3.345553398132324, "lowlevel.melbands_crest.mean": 19.883132934570312, "lowlevel.melbands_crest.stdev": 6.863663673400879, "lowlevel.melbands_flatness_db.mean": 0.5273494124412537, "lowlevel.melbands_flatness_db.stdev": 0.13263222575187683, "lowlevel.melbands_kurtosis.mean": 11.956313133239746, "lowlevel.melbands_kurtosis.stdev": 18.166976928710938, "lowlevel.melbands_skewness.mean": 1.913280963897705, "lowlevel.melbands_skewness.stdev": 1.5122867822647095, "lowlevel.melbands_spread.mean": 4.429141044616699, "lowlevel.melbands_spread.stdev": 4.699272155761719, "lowlevel.pitch_salience.mean": 0.45308494567871094, "lowlevel.pitch_salience.stdev": 0.11904939264059067, "lowlevel.silence_rate_20dB.mean": 1.0, "lowlevel.silence_rate_20dB.stdev": 0.0, "lowlevel.silence_rate_30dB.mean": 0.9020857214927673, "lowlevel.silence_rate_30dB.stdev": 0.297198623418808, "lowlevel.silence_rate_60dB.mean": 0.07531865686178207, "lowlevel.silence_rate_60dB.stdev": 0.26390933990478516, "lowlevel.spectral_centroid.mean": 396.7163391113281, "lowlevel.spectral_centroid.stdev": 133.24951171875, "lowlevel.spectral_complexity.mean": 5.864426612854004, "lowlevel.spectral_complexity.stdev": 2.8523170948028564, "lowlevel.spectral_decrease.mean": -9.594304906102025e-09, "lowlevel.spectral_decrease.stdev": 1.1532120147705882e-08, "lowlevel.spectral_energy.mean": 0.03710225969552994, "lowlevel.spectral_energy.stdev": 0.04408096522092819, "lowlevel.spectral_energyband_high.mean": 5.6478631449863315e-05, "lowlevel.spectral_energyband_high.stdev": 0.00026092460029758513, "lowlevel.spectral_energyband_low.mean": 0.0171344093978405, "lowlevel.spectral_energyband_low.stdev": 0.036371249705553055, "lowlevel.spectral_energyband_middle_high.mean": 0.0019891480915248394, "lowlevel.spectral_energyband_middle_high.stdev": 0.006222270429134369, "lowlevel.spectral_energyband_middle_low.mean": 0.019429875537753105, "lowlevel.spectral_energyband_middle_low.stdev": 0.018688518553972244, "lowlevel.spectral_entropy.mean": 5.118730545043945, "lowlevel.spectral_entropy.stdev": 0.8824288249015808, "lowlevel.spectral_flux.mean": 0.05862175673246384, "lowlevel.spectral_flux.stdev": 0.07663355767726898, "lowlevel.spectral_kurtosis.mean": 129.47329711914062, "lowlevel.spectral_kurtosis.stdev": 105.52728271484375, "lowlevel.spectral_rms.mean": 0.0051652719266712666, "lowlevel.spectral_rms.stdev": 0.003085010452196002, "lowlevel.spectral_rolloff.mean": 470.6483154296875, "lowlevel.spectral_rolloff.stdev": 555.9197998046875, "lowlevel.spectral_skewness.mean": 8.533111572265625, "lowlevel.spectral_skewness.stdev": 4.2436723709106445, "lowlevel.spectral_spread.mean": 2004710.875, "lowlevel.spectral_spread.stdev": 2317868.25, "lowlevel.spectral_strongpeak.mean": 1.1073511838912964, "lowlevel.spectral_strongpeak.stdev": 0.8916488289833069, "lowlevel.zerocrossingrate.mean": 0.02015136182308197, "lowlevel.zerocrossingrate.stdev": 0.019638018682599068, "metadata.audio_properties.analysis.equal_loudness": 0.0, "metadata.audio_properties.analysis.length": 40.04265213012695, "metadata.audio_properties.analysis.sample_rate": 44100.0, "metadata.audio_properties.analysis.start_time": 0.0, "metadata.audio_properties.bit_rate": 108263.0, "metadata.audio_properties.length": 40.042667388916016, "metadata.audio_properties.lossless": 0.0, "metadata.audio_properties.number_channels": 1.0, "metadata.audio_properties.replay_gain": -9.602161407470703, "metadata.audio_properties.sample_rate": 48000.0, "rhythm.beats_count": 93.0, "rhythm.beats_loudness.mean": 0.0832921490073204, "rhythm.beats_loudness.stdev": 0.06981628388166428, "rhythm.bpm": 142.75247192382812, "rhythm.bpm_histogram_first_peak_bpm": 144.0, "rhythm.bpm_histogram_first_peak_weight": 0.34210526943206787, "rhythm.bpm_histogram_second_peak_bpm": 133.0, "rhythm.bpm_histogram_second_peak_spread": 0.19999998807907104, "rhythm.bpm_histogram_second_peak_weight": 0.1304347813129425, "rhythm.danceability": 1.197452425956726, "rhythm.onset_rate": 2.9959239959716797, "tonal.chords_changes_rate": 0.013888888992369175, "tonal.chords_number_rate": 0.0034722222480922937, "tonal.chords_strength.mean": 0.5687823295593262, "tonal.chords_strength.stdev": 0.05295119434595108, "tonal.hpcp_crest.mean": 14.619179725646973, "tonal.hpcp_crest.stdev": 5.631658554077148, "tonal.hpcp_entropy.mean": 1.7021197080612183, "tonal.hpcp_entropy.stdev": 0.535315215587616, "tonal.key_edma.strength": 0.7285751104354858, "tonal.key_krumhansl.strength": 0.7264063358306885, "tonal.key_temperley.strength": 0.7151833772659302, "tonal.tuning_diatonic_strength": 0.6390872597694397, "tonal.tuning_equal_tempered_deviation": 0.29059863090515137, "tonal.tuning_frequency": 434.193115234375, "tonal.tuning_nontempered_energy_ratio": 0.9723872542381287, "lowlevel.barkbands.mean": [0.0025847640354186296, 0.010554553009569645, 0.0025586802512407303, 0.0021604953799396753, 0.008739583194255829, 0.0015780131798237562, 0.005068687256425619, 0.0010400149039924145, 0.0007311080698855221, 0.0009114057174883783, 0.0004736543633043766, 0.0002923274878412485, 8.36164181237109e-05, 0.00020621756266336888, 3.414341699681245e-05, 1.4551109416061081e-05, 3.6923395327903563e-06, 5.876078830624465e-06, 3.4089125620084815e-06, 3.242801540181972e-06, 3.252664328101673e-06, 8.923312634578906e-06, 1.4536846720147878e-05, 7.24693973097601e-06, 1.4171083421388175e-05, 6.125637810328044e-06, 2.0495528829655996e-08], "lowlevel.barkbands.stdev": [0.006425496190786362, 0.026583969593048096, 0.008041315712034702, 0.007816995494067669, 0.009649011306464672, 0.002130648819729686, 0.0038748353254050016, 0.003978119697421789, 0.0029320630710572004, 0.003707784228026867, 0.002117048017680645, 0.0011343273799866438, 0.00030819966923445463, 0.001042195362970233, 0.0002291265845997259, 0.0001239207194885239, 1.8820357581716962e-05, 2.502224742784165e-05, 9.85027236310998e-06, 1.0190827197220642e-05, 1.6582316675339825e-05, 5.511165363714099e-05, 9.320028766524047e-05, 3.741590626304969e-05, 6.301121902652085e-05, 2.8773625672329217e-05, 2.2214307193735294e-07], "lowlevel.erbbands.mean": [0.6580128073692322, 0.9692667722702026, 1.9720079898834229, 7.055061340332031, 8.421734809875488, 23.662044525146484, 53.22575378417969, 15.833633422851562, 89.35133361816406, 17.84943199157715, 25.75255584716797, 14.467669486999512, 21.382349014282227, 26.27387809753418, 19.774553298950195, 9.15048885345459, 4.50489616394043, 9.10310173034668, 5.125607490539551, 1.3942922353744507, 0.5501359701156616, 0.24863019585609436, 0.2940050959587097, 0.2650964558124542, 0.1303924322128296, 0.1481747180223465, 0.17913487553596497, 0.10713338851928711, 0.2214171290397644, 0.607694149017334, 0.32362550497055054, 0.1627083569765091, 0.14216434955596924, 0.1610901653766632, 0.08905096352100372, 0.038538649678230286, 0.009191746823489666, 0.000678404641803354, 3.153635043418035e-05, 4.175286085228436e-05], "lowlevel.erbbands.stdev": [1.6736310720443726, 2.4085073471069336, 6.678590774536133, 21.819719314575195, 24.75912094116211, 26.382349014282227, 59.51772689819336, 17.942155838012695, 66.5264892578125, 47.461029052734375, 85.26080322265625, 62.91462326049805, 79.04093170166016, 147.9377899169922, 45.22644805908203, 32.839202880859375, 14.900382995605469, 47.69926452636719, 25.3779239654541, 7.246476650238037, 3.4355878829956055, 1.1276435852050781, 1.3181989192962646, 0.993215024471283, 0.32718557119369507, 0.4644397795200348, 0.7574183940887451, 0.7148281931877136, 1.377010464668274, 3.9133036136627197, 2.0946621894836426, 0.9618102312088013, 0.6928945183753967, 0.7348369359970093, 0.38895997405052185, 0.17731156945228577, 0.045457419008016586, 0.003694503800943494, 7.694413943681866e-05, 4.806879587704316e-05], "lowlevel.gfcc.mean": [-208.81707763671875, 194.6973419189453, -64.50916290283203, -50.06022262573242, -73.01142120361328, -14.065509796142578, -41.29912567138672, -24.095067977905273, -32.04423522949219, -0.21301233768463135, 14.648420333862305, 4.536760330200195, 0.2357199788093567], "lowlevel.melbands.mean": [0.00414417777210474, 0.0010937758488580585, 0.001173112541437149, 0.0010475557064637542, 0.0019368204521015286, 0.00043228507274761796, 0.001170090981759131, 0.000150380190461874, 0.00021488730271812528, 8.11598074506037e-05, 0.00011110739433206618, 0.00011425164120737463, 6.236325862118974e-05, 4.0557326428825036e-05, 1.3336949450604152e-05, 1.1020932106475811e-05, 1.785223685146775e-05, 1.0273634870827664e-05, 2.378719273110619e-06, 1.4392860521184048e-06, 4.2026218238788715e-07, 2.3606504839790432e-07, 2.58661430052598e-07, 2.534009411192528e-07, 2.1664847338342952e-07, 1.0999048072335427e-07, 7.39373717806302e-08, 1.0620225765478608e-07, 1.2583868169713242e-07, 8.029345366367124e-08, 5.536858438404124e-08, 9.824995572671469e-08, 2.303504089695707e-07, 3.7847385669920186e-07, 1.9170128950918297e-07, 1.3121659492298932e-07, 8.487158709158393e-08, 8.370064108476072e-08, 1.408653105272606e-07, 1.322853364627008e-07], "lowlevel.melbands.stdev": [0.010500801727175713, 0.002900276565924287, 0.00367578212171793, 0.0016215697396546602, 0.0021250788122415543, 0.00041572097688913345, 0.0008775368914939463, 0.0006267988355830312, 0.0006842223810963333, 0.0003888808423653245, 0.00042750267311930656, 0.0006077663274481893, 0.0001857038150774315, 0.0001411325647495687, 5.815310942125507e-05, 4.4177060772199184e-05, 9.273490286432207e-05, 5.6526114349253476e-05, 1.575445094204042e-05, 1.2504633559728973e-05, 2.1535406631301157e-06, 1.1270533377683023e-06, 1.225912797053752e-06, 1.1716301742126234e-06, 8.312736667903664e-07, 2.982770013204572e-07, 1.9608887669164687e-07, 3.699946091728634e-07, 5.109982907924859e-07, 4.981296797268442e-07, 4.374051059130579e-07, 6.908039722475223e-07, 1.4026583130544168e-06, 2.50699304160662e-06, 1.2647419680433813e-06, 8.297041631522006e-07, 5.109528729008161e-07, 4.398721387133264e-07, 7.094358238646237e-07, 5.959833515589708e-07], "lowlevel.melbands128.mean": [0.0024648255202919245, 0.0069714756682515144, 0.003700139233842492, 0.0009536658762954175, 0.0005656204302795231, 0.001533001777715981, 0.001645672949962318, 0.0008050096221268177, 0.0008359809289686382, 0.0007841510232537985, 0.0009597049793228507, 0.0032225397881120443, 0.002261222805827856, 0.0002625484485179186, 0.0001243800506927073, 0.0002155868714908138, 0.0020181217696517706, 0.0014238313306123018, 8.810157305561006e-05, 9.860130376182497e-05, 0.00020905680139549077, 0.00022326014004647732, 0.00023485932615585625, 0.00020144920563325286, 6.18965714238584e-05, 5.243506166152656e-05, 5.757204053224996e-05, 9.195553866447881e-05, 0.00021028761693742126, 0.00010394776472821832, 0.00011636178533080965, 4.9877053243108094e-05, 4.600266402121633e-05, 8.449929737253115e-05, 6.235695764189586e-05, 1.8040440409095027e-05, 1.8069391444441862e-05, 1.9088287444901653e-05, 5.235956450633239e-06, 6.730208497174317e-06, 1.1460599125712179e-05, 1.7334190488327295e-05, 2.0604502424248494e-05, 1.2985018656763714e-05, 2.433494955766946e-05, 4.329479452280793e-06, 3.492011501293746e-06, 2.939913656518911e-06, 1.8149220295526902e-06, 9.950638286682079e-07, 2.1422554254968418e-06, 7.842398872526246e-07, 4.956131647304574e-07, 2.572774633335939e-07, 1.5551471221897373e-07, 2.9545253710239194e-07, 2.390122517681448e-07, 1.7868502766305028e-07, 3.3351446404594753e-07, 2.914719345881167e-07, 1.922099528428589e-07, 2.7051933670918515e-07, 2.922616317846405e-07, 1.726273524127464e-07, 1.587907973998881e-07, 1.048883220278185e-07, 8.795757366897305e-08, 6.572273036908882e-08, 7.558563197562762e-08, 7.861851969437339e-08, 8.216549929329631e-08, 1.3949117771971942e-07, 1.4398902692391857e-07, 1.2907898394587392e-07, 9.852825400002985e-08, 8.969713860551565e-08, 7.137623470043764e-08, 3.895781830465239e-08, 4.343560533470736e-08, 8.296197506751923e-08, 9.569184555857646e-08, 1.0248298565329605e-07, 1.1138592270754089e-07, 2.0819072688027518e-07, 3.466615794422978e-07, 4.596503515585937e-07, 3.7476465308827756e-07, 2.6852083578887687e-07, 1.5853869683724042e-07, 1.5354839888459537e-07, 1.6504603195244272e-07, 1.0888140167253368e-07, 1.0540996697727678e-07, 8.422115627126914e-08, 7.003865931665132e-08, 8.34481781453178e-08, 8.224752434671245e-08, 9.31768440182168e-08, 1.3378621588344686e-07, 1.7332119739421614e-07, 1.5451975343694357e-07, 1.243031562125907e-07, 1.1134835631310125e-07, 9.008081747197139e-08, 9.58667811801206e-08, 1.1758440621179034e-07, 8.881364266244418e-08, 6.912998884445187e-08, 6.43160262825404e-08, 6.306903088670879e-08, 4.694825506135203e-08, 3.524614555772132e-08, 2.702517321040432e-08, 1.7212373748520804e-08, 1.2251129000162564e-08, 5.835983696300673e-09, 9.224133123986178e-10, 6.020536066214666e-12, 4.4651708545895286e-12, 4.337297448281374e-12, 4.230631036467036e-12, 4.1505110980055715e-12, 4.068216249986101e-12, 3.994047714089843e-12, 3.891552878554361e-12, 3.751691665665469e-12, 3.671312819725214e-12, 3.644614558068193e-12], "lowlevel.melbands128.stdev": [0.006147048901766539, 0.01771891862154007, 0.009592819958925247, 0.002492508850991726, 0.002521114656701684, 0.004502049647271633, 0.00493599334731698, 0.003439216874539852, 0.0026167966425418854, 0.0018186132656410336, 0.0012146503431722522, 0.003525436157360673, 0.002608607057482004, 0.0005475288489833474, 0.0005382098606787622, 0.0003470976371318102, 0.0015289423754438758, 0.0010880613699555397, 0.0002067529276246205, 0.0006561580230481923, 0.0010510636493563652, 0.0012341000838205218, 0.0008648872026242316, 0.0008744819206185639, 0.0004755091213155538, 0.0005298922769725323, 0.0004353934491518885, 0.0004221153212711215, 0.0009858020348474383, 0.0005943804862909019, 0.0010857650777325034, 0.00043316485243849456, 0.0001975783525267616, 0.00016141308879014105, 0.0003163439396303147, 0.00011620364239206538, 0.0001231691421708092, 9.636220784159377e-05, 2.9062679459457286e-05, 3.434552490944043e-05, 5.7807337725535035e-05, 0.00012303779658395797, 0.0001689575146883726, 8.628133218735456e-05, 0.00016605666314717382, 3.439554711803794e-05, 3.248914435971528e-05, 2.8254442440811545e-05, 1.2708776012004819e-05, 7.354765784839401e-06, 2.6326861188863404e-05, 5.664977379638003e-06, 2.743587629083777e-06, 1.6416693142673466e-06, 8.855964779286296e-07, 1.647607859922573e-06, 1.7162664107672754e-06, 1.2893124221591279e-06, 1.8888290469476487e-06, 1.6596377463429235e-06, 1.2074594906152925e-06, 1.7869219846033957e-06, 1.7300794752372894e-06, 5.813734560433659e-07, 5.495558070833795e-07, 3.690988421567454e-07, 3.069489480367338e-07, 1.9228755832045863e-07, 2.404604515504616e-07, 2.4779765794846753e-07, 2.930691209712677e-07, 6.552054401254281e-07, 6.418434281840746e-07, 6.027424319654529e-07, 5.434089871414471e-07, 6.167998094497307e-07, 5.084730219095945e-07, 2.9914519927842775e-07, 3.08430259110537e-07, 9.58030113906716e-07, 7.273079063452315e-07, 7.821627718840318e-07, 6.85855354731757e-07, 1.3324412293513888e-06, 2.3553220671601593e-06, 3.314920149932732e-06, 2.5530987386446213e-06, 1.7430423895348213e-06, 1.140772610597196e-06, 1.191388605548127e-06, 1.1494130376377143e-06, 6.595390686925384e-07, 6.839705974925891e-07, 5.545745125346002e-07, 4.2106319142476423e-07, 5.382120207286789e-07, 4.502095123370964e-07, 4.6097989070403855e-07, 7.169434184106649e-07, 9.934627769325743e-07, 7.685225114073546e-07, 5.641501843456354e-07, 5.609078925772337e-07, 4.2857544713115203e-07, 4.988851856069232e-07, 5.791945341115934e-07, 4.3426524598544347e-07, 3.0328337174978515e-07, 3.171386708800128e-07, 3.673947048810078e-07, 2.708208626245323e-07, 1.9483101709738548e-07, 1.3870477744148957e-07, 8.727244704687109e-08, 7.196899787231814e-08, 4.082819060613474e-08, 8.722745192812908e-09, 1.771260915717221e-11, 8.165536823090402e-12, 7.94821413546698e-12, 7.758872537511063e-12, 7.595217857425673e-12, 7.441264618379684e-12, 7.315772120042308e-12, 7.212988886728944e-12, 7.12548249570677e-12, 7.0634908512501315e-12, 7.02537941016379e-12], "lowlevel.mfcc.mean": [-872.3836059570312, 236.6002197265625, 47.07552719116211, -20.350236892700195, -18.229171752929688, -8.83344841003418, -4.159574508666992, -20.863752365112305, -33.94200897216797, -24.621797561645508, -8.062363624572754, -4.985551357269287, 7.942625522613525], "lowlevel.spectral_contrast_coeffs.mean": [-0.5254935026168823, -0.5970497131347656, -0.7101770639419556, -0.7810690402984619, -0.852196991443634, -0.8589751720428467], "lowlevel.spectral_contrast_coeffs.stdev": [0.10420211404561996, 0.06055423617362976, 0.07036133110523224, 0.05466004088521004, 0.04046114161610603, 0.0574975311756134], "lowlevel.spectral_contrast_valleys.mean": [-8.299358367919922, -7.666062355041504, -8.828283309936523, -10.240386009216309, -11.083812713623047, -13.245424270629883], "lowlevel.spectral_contrast_valleys.stdev": [1.9044491052627563, 0.9353371262550354, 1.1085175275802612, 1.3121739625930786, 1.6241000890731812, 1.6452746391296387], "rhythm.beats_loudness_band_ratio.mean": [0.4659222960472107, 0.24350950121879578, 0.3021581172943115, 0.05521872267127037, 0.006305263843387365, 0.00040092752897180617], "rhythm.beats_loudness_band_ratio.stdev": [0.4223087430000305, 0.22236396372318268, 0.3171641230583191, 0.11717692017555237, 0.021714113652706146, 0.00126757868565619], "tonal.hpcp.mean": [0.012541613541543484, 0.010215126909315586, 0.011672883294522762, 0.010054404847323895, 0.008279405534267426, 0.007774018682539463, 0.00560112064704299, 0.009586828760802746, 0.017912844195961952, 0.06173522770404816, 0.07271912693977356, 0.09098745137453079, 0.4521104395389557, 0.4891546368598938, 0.11334776878356934, 0.010315153747797012, 0.005459230858832598, 0.0172383114695549, 0.03694498538970947, 0.030796311795711517, 0.012164974585175514, 0.010730222798883915, 0.04462013393640518, 0.14496098458766937, 0.179633229970932, 0.09674923866987228, 0.03432562202215195, 0.015374849550426006, 0.01263467874377966, 0.01317662000656128, 0.013272171840071678, 0.015915488824248314, 0.03196932375431061, 0.2770555913448334, 0.6094133853912354, 0.3628024756908417], "tonal.hpcp.stdev": [0.08769620954990387, 0.07243772596120834, 0.09039919823408127, 0.07612897455692291, 0.06422057747840881, 0.059438303112983704, 0.03963868319988251, 0.07187929004430771, 0.09112904965877533, 0.17100763320922852, 0.18432015180587769, 0.1446729153394699, 0.361822247505188, 0.40262460708618164, 0.17922239005565643, 0.06677217036485672, 0.03872677683830261, 0.0825682133436203, 0.1423369199037552, 0.10680564492940903, 0.06223650276660919, 0.065864697098732, 0.13877631723880768, 0.29192817211151123, 0.3215789496898651, 0.23025569319725037, 0.12910182774066925, 0.08347372710704803, 0.07229132950305939, 0.07483029365539551, 0.07084788382053375, 0.08700323849916458, 0.1184437945485115, 0.21007467806339264, 0.36712324619293213, 0.24437132477760315], "rhythm.beats_position": [0.4411791265010834, 0.8939682245254517, 1.3467572927474976, 1.799546480178833, 2.252335548400879, 2.705124616622925, 3.1579136848449707, 3.6107029914855957, 4.0634918212890625, 4.5162811279296875, 4.9690704345703125, 5.421859264373779, 5.874648571014404, 6.29260778427124, 6.710566997528076, 7.128525733947754, 7.5580949783325195, 7.987664222717285, 8.42884349822998, 8.870022773742676, 9.299592018127441, 9.729161262512207, 10.158729553222656, 10.588298797607422, 11.017868041992188, 11.447437286376953, 11.865396499633789, 12.283355712890625, 12.701314926147461, 13.119274139404297, 13.548843383789062, 13.966802597045898, 14.384761810302734, 14.8143310546875, 15.232290267944336, 15.650249481201172, 16.068208694458008, 16.486167907714844, 16.90412712097168, 17.322086334228516, 17.74004554748535, 18.158004760742188, 18.564353942871094, 18.99392318725586, 19.411882400512695, 19.82984161376953, 20.247800827026367, 20.665760040283203, 21.08371925354004, 21.501678466796875, 21.91963768005371, 22.349205017089844, 22.77877426147461, 23.196733474731445, 23.63791275024414, 24.032651901245117, 24.439001083374023, 24.85696029663086, 25.274919509887695, 25.70448875427246, 26.122447967529297, 26.540407180786133, 26.9699764251709, 27.376325607299805, 27.79428482055664, 28.212244033813477, 28.630203247070312, 29.04816246032715, 29.466121673583984, 29.88408088684082, 30.290430068969727, 30.719999313354492, 31.137958526611328, 31.567527770996094, 31.98548698425293, 32.403446197509766, 32.83301544189453, 33.250972747802734, 33.6689338684082, 34.086891174316406, 34.504852294921875, 34.92280960083008, 35.34077072143555, 35.75872802734375, 36.17668914794922, 36.59464645385742, 37.02421569824219, 37.442176818847656, 37.84852600097656, 38.266483306884766, 38.684444427490234, 39.114013671875, 39.543582916259766], "rhythm.bpm_histogram": [0.0, 0.0, 0.0, 0.0, 0.0, 0.0, 0.0, 0.0, 0.0, 0.0, 0.0, 0.0, 0.0, 0.0, 0.0, 0.0, 0.0, 0.0, 0.0, 0.0, 0.0, 0.0, 0.0, 0.0, 0.0, 0.0, 0.0, 0.0, 0.0, 0.0, 0.0, 0.0, 0.0, 0.0, 0.0, 0.0, 0.0, 0.0, 0.0, 0.0, 0.0, 0.0, 0.0, 0.0, 0.0, 0.0, 0.0, 0.0, 0.0, 0.0, 0.0, 0.0, 0.0, 0.0, 0.0, 0.0, 0.0, 0.0, 0.0, 0.0, 0.0, 0.0, 0.0, 0.0, 0.0, 0.0, 0.0, 0.0, 0.0, 0.0, 0.0, 0.0, 0.0, 0.0, 0.0, 0.0, 0.0, 0.0, 0.0, 0.0, 0.0, 0.0, 0.0, 0.0, 0.0, 0.0, 0.0, 0.0, 0.0, 0.0, 0.0, 0.0, 0.0, 0.0, 0.0, 0.0, 0.0, 0.0, 0.0, 0.0, 0.0, 0.0, 0.0, 0.0, 0.0, 0.0, 0.0, 0.0, 0.0, 0.0, 0.0, 0.0, 0.0, 0.0, 0.0, 0.0, 0.0, 0.0, 0.0, 0.0, 0.0, 0.0, 0.0, 0.0, 0.0, 0.0, 0.0, 0.0, 0.0, 0.0, 0.0, 0.0, 0.0, 0.1304347813129425, 0.0, 0.0, 0.032608695328235626, 0.0, 0.0, 0.0, 0.22826087474822998, 0.0, 0.0, 0.0, 0.54347825050354, 0.0, 0.0, 0.0, 0.054347824305295944, 0.0, 0.0, 0.0, 0.010869565419852734, 0.0, 0.0, 0.0, 0.0, 0.0, 0.0, 0.0, 0.0, 0.0, 0.0, 0.0, 0.0, 0.0, 0.0, 0.0, 0.0, 0.0, 0.0, 0.0, 0.0, 0.0, 0.0, 0.0, 0.0, 0.0, 0.0, 0.0, 0.0, 0.0, 0.0, 0.0, 0.0, 0.0, 0.0, 0.0, 0.0, 0.0, 0.0, 0.0, 0.0, 0.0, 0.0, 0.0, 0.0, 0.0, 0.0, 0.0, 0.0, 0.0, 0.0, 0.0, 0.0, 0.0, 0.0, 0.0, 0.0, 0.0, 0.0, 0.0, 0.0, 0.0, 0.0, 0.0, 0.0, 0.0, 0.0, 0.0, 0.0, 0.0, 0.0, 0.0, 0.0, 0.0, 0.0, 0.0, 0.0, 0.0, 0.0, 0.0, 0.0, 0.0, 0.0, 0.0, 0.0, 0.0, 0.0, 0.0, 0.0, 0.0, 0.0, 0.0, 0.0, 0.0, 0.0, 0.0, 0.0, 0.0], "tonal.chords_histogram": [59.72222137451172, 26.504629135131836, 12.962963104248047, 0.0, 0.0, 0.0, 0.0, 0.0, 0.0, 0.0, 0.0, 0.0, 0.0, 0.0, 0.0, 0.0, 0.0, 0.8101851940155029, 0.0, 0.0, 0.0, 0.0, 0.0, 0.0], "tonal.thpcp": [1.0, 0.5953306555747986, 0.020579813048243523, 0.016762228682637215, 0.019154293462634087, 0.016498496755957603, 0.013585860840976238, 0.012756559997797012, 0.009191003628075123, 0.015731241554021835, 0.02939358539879322, 0.10130271315574646, 0.11932643502950668, 0.14930333197116852, 0.741878092288971, 0.8026647567749023, 0.18599487841129303, 0.016926364973187447, 0.008958173915743828, 0.028286729007959366, 0.06062385067343712, 0.05053435266017914, 0.019961778074502945, 0.017607461661100388, 0.07321817427873611, 0.23786970973014832, 0.2947641611099243, 0.1587579846382141, 0.056325677782297134, 0.02522893249988556, 0.02073252573609352, 0.021621808409690857, 0.02177860215306282, 0.026116080582141876, 0.05245917662978172, 0.4546266794204712], "lowlevel.gfcc.cov": [[18740.3828125, -3914.558349609375, 507.15655517578125, 4858.5029296875, -42.07340621948242, 2447.188720703125, -204.5347900390625, 2251.485107421875, -85.2827377319336, 175.77386474609375, -1794.3848876953125, -404.0164489746094, -203.61080932617188], [-3914.558349609375, 2828.548095703125, 406.0610046386719, -1074.17431640625, 772.3548583984375, -499.12872314453125, 539.3789672851562, -526.8744506835938, 305.9062805175781, -205.68350219726562, 643.0855102539062, -6.294809341430664, 267.9730529785156], [507.15655517578125, 406.0610046386719, 1616.6748046875, 960.4757690429688, 469.3030700683594, 468.6763000488281, 334.9585876464844, 266.02105712890625, 269.74896240234375, 144.35939025878906, 105.3447494506836, 195.42552185058594, 121.11044311523438], [4858.5029296875, -1074.17431640625, 960.4757690429688, 2121.624267578125, 253.6263427734375, 849.036376953125, 87.76398468017578, 755.5115966796875, 155.57455444335938, 128.92910766601562, -422.1084899902344, -0.9024922251701355, -5.829607009887695], [-42.07340621948242, 772.3548583984375, 469.3030700683594, 253.6263427734375, 587.5249633789062, 144.3515167236328, 267.2315673828125, 84.18890380859375, 228.6354217529297, 18.74678611755371, 128.2660369873047, 27.723209381103516, 102.32422637939453], [2447.188720703125, -499.12872314453125, 468.6763000488281, 849.036376953125, 144.3515167236328, 666.6738891601562, 111.61619567871094, 404.6130065917969, 85.40127563476562, 136.77963256835938, -219.63380432128906, -12.782267570495605, 2.6139228343963623], [-204.5347900390625, 539.3789672851562, 334.9585876464844, 87.76398468017578, 267.2315673828125, 111.61619567871094, 284.7741394042969, 49.902984619140625, 137.83226013183594, 11.279899597167969, 130.74549865722656, 28.968685150146484, 79.65543365478516], [2251.485107421875, -526.8744506835938, 266.02105712890625, 755.5115966796875, 84.18890380859375, 404.6130065917969, 49.902984619140625, 465.0681457519531, 89.07923126220703, 76.51162719726562, -213.6167755126953, -8.455069541931152, -7.376834392547607], [-85.2827377319336, 305.9062805175781, 269.74896240234375, 155.57455444335938, 228.6354217529297, 85.40127563476562, 137.83226013183594, 89.07923126220703, 213.0841522216797, 59.27972412109375, 95.70472717285156, 49.93439865112305, 81.14991760253906], [175.77386474609375, -205.68350219726562, 144.35939025878906, 128.92910766601562, 18.74678611755371, 136.77963256835938, 11.279899597167969, 76.51162719726562, 59.27972412109375, 158.04196166992188, 46.846290588378906, 81.94402313232422, 28.444551467895508], [-1794.3848876953125, 643.0855102539062, 105.3447494506836, -422.1084899902344, 128.2660369873047, -219.63380432128906, 130.74549865722656, -213.6167755126953, 95.70472717285156, 46.846290588378906, 386.78045654296875, 149.81407165527344, 133.34300231933594], [-404.0164489746094, -6.294809341430664, 195.42552185058594, -0.9024922251701355, 27.723209381103516, -12.782267570495605, 28.968685150146484, -8.455069541931152, 49.93439865112305, 81.94402313232422, 149.81407165527344, 188.34170532226562, 85.7117691040039], [-203.61080932617188, 267.9730529785156, 121.11044311523438, -5.829607009887695, 102.32422637939453, 2.6139228343963623, 79.65543365478516, -7.376834392547607, 81.14991760253906, 28.444551467895508, 133.34300231933594, 85.7117691040039, 164.18150329589844]], "lowlevel.gfcc.icov": [[0.00037572006112895906, -0.0005483151180669665, 0.000586578797083348, -0.0008444238337688148, 0.00038735163980163634, -0.0006408724002540112, 0.00035795968142338097, -0.0007511877338401973, 0.000674320908728987, -0.000274081714451313, 0.0006507848156616092, -0.0005640956223942339, -6.028170173522085e-05], [-0.0005483151180669665, 0.0057448274455964565, -0.0026340815238654613, 0.003516379976645112, -0.0044080112129449844, 0.0018415997037664056, -0.003175721038132906, 0.0024389817845076323, -0.0025347662158310413, 0.005089448299258947, -0.0038356867153197527, 0.006174211855977774, -0.0033573308028280735], [0.000586578797083348, -0.0026340815238654613, 0.0031543979421257973, -0.0029032989405095577, 0.0017054841155186296, -0.0018589403480291367, 0.0004330466908868402, -0.0006606384413316846, 0.0010189288295805454, -0.0018845285521820188, 0.00201680907048285, -0.0044870031997561455, 0.0018510004738345742], [-0.0008444238337688148, 0.003516379976645112, -0.0029032989405095577, 0.004757601302117109, -0.0029558767564594746, 0.00117289531044662, -0.001084203366190195, 0.0005689855897799134, -0.0021491539664566517, 0.003258249256759882, -0.0021339061204344034, 0.0037234677001833916, -0.0018138553714379668], [0.00038735163980163634, -0.0044080112129449844, 0.0017054841155186296, -0.0029558767564594746, 0.007475786376744509, -0.0017105762381106615, 0.0006528524681925774, -0.0012732137693092227, -0.0010094094322994351, -0.0028657149523496628, 0.0023347525857388973, -0.003936705645173788, 0.0024604597128927708], [-0.0006408724002540112, 0.0018415997037664056, -0.0018589403480291367, 0.00117289531044662, -0.0017105762381106615, 0.0077171302400529385, -0.0042677163146436214, 2.1338439182727598e-05, 0.0004589323070831597, -0.004370033275336027, 0.0021058775018900633, 0.0031614999752491713, -0.0022034633439034224], [0.00035795968142338097, -0.003175721038132906, 0.0004330466908868402, -0.001084203366190195, 0.0006528524681925774, -0.0042677163146436214, 0.012400981970131397, -0.0034547834657132626, 7.169295713538304e-05, 0.0015414514346048236, -0.003585819387808442, -0.0009196095634251833, 0.0018484940519556403], [-0.0007511877338401973, 0.0024389817845076323, -0.0006606384413316846, 0.0005689855897799134, -0.0012732137693092227, 2.1338439182727598e-05, -0.0034547834657132626, 0.010145717300474644, -0.004832015372812748, 0.0009708553552627563, 0.0017483944538980722, 0.00014594562526326627, -0.0007557923090644181], [0.000674320908728987, -0.0025347662158310413, 0.0010189288295805454, -0.0021491539664566517, -0.0010094094322994351, 0.0004589323070831597, 7.169295713538304e-05, -0.004832015372812748, 0.013815546408295631, -0.005913957953453064, 0.0007188089075498283, -0.0007390554528683424, -0.001486554741859436], [-0.000274081714451313, 0.005089448299258947, -0.0018845285521820188, 0.003258249256759882, -0.0028657149523496628, -0.004370033275336027, 0.0015414514346048236, 0.0009708553552627563, -0.005913957953453064, 0.020004481077194214, -0.008539910428225994, 0.0012573025887832046, -0.00025281976559199393], [0.0006507848156616092, -0.0038356867153197527, 0.00201680907048285, -0.0021339061204344034, 0.0023347525857388973, 0.0021058775018900633, -0.003585819387808442, 0.0017483944538980722, 0.0007188089075498283, -0.008539910428225994, 0.016838831827044487, -0.009466961957514286, -0.0017756895394995809], [-0.0005640956223942339, 0.006174211855977774, -0.0044870031997561455, 0.0037234677001833916, -0.003936705645173788, 0.0031614999752491713, -0.0009196095634251833, 0.00014594562526326627, -0.0007390554528683424, 0.0012573025887832046, -0.009466961957514286, 0.020425600931048393, -0.0073060267604887486], [-6.028170173522085e-05, -0.0033573308028280735, 0.0018510004738345742, -0.0018138553714379668, 0.0024604597128927708, -0.0022034633439034224, 0.0018484940519556403, -0.0007557923090644181, -0.001486554741859436, -0.00025281976559199393, -0.0017756895394995809, -0.0073060267604887486, 0.01367170549929142]], "lowlevel.mfcc.cov": [[15444.224609375, -3079.03125, 93.34181213378906, 1788.928466796875, 1457.2091064453125, 652.0037231445312, 815.90185546875, 1166.46142578125, 1723.3980712890625, 1357.8427734375, 507.3164367675781, -872.2800903320312, -96.89520263671875], [-3079.03125, 3081.944580078125, 95.7482681274414, -147.34266662597656, 136.28759765625, 208.16612243652344, 241.00965881347656, 122.22773742675781, -53.72161865234375, -44.02446746826172, 2.884417772293091, 203.43389892578125, 44.6174201965332], [93.34181213378906, 95.7482681274414, 983.2302856445312, 600.2586669921875, 305.09674072265625, 361.3370361328125, 232.4037628173828, 274.1460266113281, 221.3743896484375, 121.47814178466797, 81.93412780761719, 175.95346069335938, 115.59103393554688], [1788.928466796875, -147.34266662597656, 600.2586669921875, 985.8327026367188, 584.8773803710938, 349.8038635253906, 285.55694580078125, 390.7643737792969, 425.5497131347656, 265.91180419921875, 138.5873565673828, 78.65031433105469, 114.37248992919922], [1457.2091064453125, 136.28759765625, 305.09674072265625, 584.8773803710938, 565.9629516601562, 309.3450622558594, 222.92074584960938, 313.117431640625, 359.34814453125, 256.3228759765625, 131.5943145751953, 32.90045928955078, 76.42039489746094], [652.0037231445312, 208.16612243652344, 361.3370361328125, 349.8038635253906, 309.3450622558594, 394.987060546875, 233.46852111816406, 207.61378479003906, 217.19900512695312, 182.5214080810547, 92.96891021728516, 51.24690246582031, 62.28590393066406], [815.90185546875, 241.00965881347656, 232.4037628173828, 285.55694580078125, 222.92074584960938, 233.46852111816406, 289.6712646484375, 222.62796020507812, 203.51788330078125, 168.86605834960938, 98.28762817382812, 8.266715049743652, 49.91460037231445], [1166.46142578125, 122.22773742675781, 274.1460266113281, 390.7643737792969, 313.117431640625, 207.61378479003906, 222.62796020507812, 326.3684387207031, 298.08526611328125, 202.60169982910156, 108.9898910522461, 19.23385238647461, 52.583274841308594], [1723.3980712890625, -53.72161865234375, 221.3743896484375, 425.5497131347656, 359.34814453125, 217.19900512695312, 203.51788330078125, 298.08526611328125, 416.8677978515625, 270.4874572753906, 127.27964782714844, -47.087669372558594, 32.07701873779297], [1357.8427734375, -44.02446746826172, 121.47814178466797, 265.91180419921875, 256.3228759765625, 182.5214080810547, 168.86605834960938, 202.60169982910156, 270.4874572753906, 273.1409606933594, 115.90850830078125, -33.643035888671875, 24.82807731628418], [507.3164367675781, 2.884417772293091, 81.93412780761719, 138.5873565673828, 131.5943145751953, 92.96891021728516, 98.28762817382812, 108.9898910522461, 127.27964782714844, 115.90850830078125, 129.27203369140625, 28.174171447753906, 33.32496643066406], [-872.2800903320312, 203.43389892578125, 175.95346069335938, 78.65031433105469, 32.90045928955078, 51.24690246582031, 8.266715049743652, 19.23385238647461, -47.087669372558594, -33.643035888671875, 28.174171447753906, 203.75234985351562, 83.9776840209961], [-96.89520263671875, 44.6174201965332, 115.59103393554688, 114.37248992919922, 76.42039489746094, 62.28590393066406, 49.91460037231445, 52.583274841308594, 32.07701873779297, 24.82807731628418, 33.32496643066406, 83.9776840209961, 115.96981811523438]], "lowlevel.mfcc.icov": [[0.0003305488498881459, 0.0002914033830165863, 0.00022144478862173855, -0.00015654190792702138, -0.000244982133153826, 7.818922313163057e-05, -0.0003230363945476711, -0.00041685233009047806, -0.00021398520038928837, -0.0005351775325834751, -9.716988643049262e-06, 0.0009004998719319701, 6.969557580305263e-05], [0.0002914033830165863, 0.0007531021255999804, 0.00024584581842646003, 0.0003993767313659191, -0.0007856102311052382, 6.680528167635202e-05, -0.0011346035171300173, -0.0005191515083424747, -0.00019199134840164334, -8.332135621458292e-05, 0.00045136967673897743, 3.3396332582924515e-05, 0.00043741738772951066], [0.00022144478862173855, 0.00024584581842646003, 0.002690336899831891, -0.0014655916020274162, 0.0012106515932828188, -0.0018589450046420097, -5.3003077482571825e-05, -0.0013247118331491947, -0.00042003276757895947, 0.00040384684689342976, 0.0004379358724690974, -0.0008189016953110695, 0.00017526361625641584], [-0.00015654190792702138, 0.0003993767313659191, -0.0014655916020274162, 0.004599152598530054, -0.00357139203697443, 0.0010784455807879567, -0.0015329720918089151, 7.816191646270454e-05, -0.0012143877102062106, 0.0011118082329630852, 0.0011106779566034675, -0.00139943219255656, -0.0001687859621597454], [-0.000244982133153826, -0.0007856102311052382, 0.0012106515932828188, -0.00357139203697443, 0.008845952339470387, -0.0034505557268857956, 0.0031976462341845036, -0.0018645903328433633, -0.0012277689529582858, -0.0008380895596928895, -0.0010444418294355273, -0.0002820938534568995, -0.0010703076841309667], [7.818922313163057e-05, 6.680528167635202e-05, -0.0018589450046420097, 0.0010784455807879567, -0.0034505557268857956, 0.008196922950446606, -0.0046475352719426155, 0.0023852658923715353, -0.0002755728783085942, -0.002026435686275363, 0.0010082755470648408, -0.00079187355004251, 0.00041281586163677275], [-0.0003230363945476711, -0.0011346035171300173, -5.3003077482571825e-05, -0.0015329720918089151, 0.0031976462341845036, -0.0046475352719426155, 0.012927508912980556, -0.005676429718732834, 0.002561042783781886, -0.0012570420512929559, -0.003384517738595605, 0.002911320887506008, -0.0024448984768241644], [-0.00041685233009047806, -0.0005191515083424747, -0.0013247118331491947, 7.816191646270454e-05, -0.0018645903328433633, 0.0023852658923715353, -0.005676429718732834, 0.015674099326133728, -0.006667595822364092, 0.0005008928710594773, 0.0004266118921805173, -0.0034075751900672913, 0.0004605238791555166], [-0.00021398520038928837, -0.00019199134840164334, -0.00042003276757895947, -0.0012143877102062106, -0.0012277689529582858, -0.0002755728783085942, 0.002561042783781886, -0.006667595822364092, 0.014070532284677029, -0.00541519094