{"song_id": "1182279005227991120", "download": "https://cdn.discordapp.com/attachments/1135911532732108921/1182279005227991120/chirp.mp4?ex=65841e20&amp", "lyrics": "[Verse]\nA rock band once stood tall and proud\nTheir music, a fire burning bright\nBut fate had other plans in store\nAs their dreams went up in flames that night\n\n[Chorus]\nNow the ashes whisper a mournful tale\nOf a band that lost its fiery veil\nTheir melodies silenced, forever gone\nIn the ruins where their legacy was born", "style": ["doom metal"], "essentia_features": {"lowlevel.average_loudness": 0.9438741207122803, "lowlevel.barkbands_crest.mean": 14.002825736999512, "lowlevel.barkbands_crest.stdev": 4.725734233856201, "lowlevel.barkbands_flatness_db.mean": 0.20486904680728912, "lowlevel.barkbands_flatness_db.stdev": 0.052025679498910904, "lowlevel.barkbands_kurtosis.mean": 17.22353172302246, "lowlevel.barkbands_kurtosis.stdev": 14.849879264831543, "lowlevel.barkbands_skewness.mean": 3.37746000289917, "lowlevel.barkbands_skewness.stdev": 1.45350980758667, "lowlevel.barkbands_spread.mean": 10.161343574523926, "lowlevel.barkbands_spread.stdev": 10.273088455200195, "lowlevel.dissonance.mean": 0.44524383544921875, "lowlevel.dissonance.stdev": 0.02682935819029808, "lowlevel.dynamic_complexity": 1.9552911520004272, "lowlevel.erbbands_crest.mean": 8.669004440307617, "lowlevel.erbbands_crest.stdev": 3.799692392349243, "lowlevel.erbbands_flatness_db.mean": 0.13689255714416504, "lowlevel.erbbands_flatness_db.stdev": 0.041256919503211975, "lowlevel.erbbands_kurtosis.mean": 0.21662156283855438, "lowlevel.erbbands_kurtosis.stdev": 1.6770952939987183, "lowlevel.erbbands_skewness.mean": 0.6163200736045837, "lowlevel.erbbands_skewness.stdev": 0.6767419576644897, "lowlevel.erbbands_spread.mean": 48.660377502441406, "lowlevel.erbbands_spread.stdev": 19.76279067993164, "lowlevel.hfc.mean": 15.345276832580566, "lowlevel.hfc.stdev": 16.520254135131836, "lowlevel.loudness_ebu128.integrated": -16.22110366821289, "lowlevel.loudness_ebu128.loudness_range": 3.4180259704589844, "lowlevel.loudness_ebu128.momentary.mean": -16.483680725097656, "lowlevel.loudness_ebu128.momentary.stdev": 1.5044634342193604, "lowlevel.loudness_ebu128.short_term.mean": -16.344881057739258, "lowlevel.loudness_ebu128.short_term.stdev": 1.0272990465164185, "lowlevel.melbands_crest.mean": 18.21430778503418, "lowlevel.melbands_crest.stdev": 3.908911943435669, "lowlevel.melbands_flatness_db.mean": 0.30538442730903625, "lowlevel.melbands_flatness_db.stdev": 0.057269349694252014, "lowlevel.melbands_kurtosis.mean": 41.878292083740234, "lowlevel.melbands_kurtosis.stdev": 36.033241271972656, "lowlevel.melbands_skewness.mean": 4.804323196411133, "lowlevel.melbands_skewness.stdev": 2.0540685653686523, "lowlevel.melbands_spread.mean": 7.232130527496338, "lowlevel.melbands_spread.stdev": 8.456526756286621, "lowlevel.pitch_salience.mean": 0.39764633774757385, "lowlevel.pitch_salience.stdev": 0.10358922183513641, "lowlevel.silence_rate_20dB.mean": 1.0, "lowlevel.silence_rate_20dB.stdev": 0.0, "lowlevel.silence_rate_30dB.mean": 0.943800687789917, "lowlevel.silence_rate_30dB.stdev": 0.23030665516853333, "lowlevel.silence_rate_60dB.mean": 0.0011587485205382109, "lowlevel.silence_rate_60dB.stdev": 0.03402106463909149, "lowlevel.spectral_centroid.mean": 758.880126953125, "lowlevel.spectral_centroid.stdev": 500.6520690917969, "lowlevel.spectral_complexity.mean": 13.322711944580078, "lowlevel.spectral_complexity.stdev": 5.113950729370117, "lowlevel.spectral_decrease.mean": -1.4737357112437621e-08, "lowlevel.spectral_decrease.stdev": 1.0032947805882486e-08, "lowlevel.spectral_energy.mean": 0.05701402202248573, "lowlevel.spectral_energy.stdev": 0.038450539112091064, "lowlevel.spectral_energyband_high.mean": 0.0006147347739897668, "lowlevel.spectral_energyband_high.stdev": 0.001995723694562912, "lowlevel.spectral_energyband_low.mean": 0.042103976011276245, "lowlevel.spectral_energyband_low.stdev": 0.03521840646862984, "lowlevel.spectral_energyband_middle_high.mean": 0.0023506588768213987, "lowlevel.spectral_energyband_middle_high.stdev": 0.003100162371993065, "lowlevel.spectral_energyband_middle_low.mean": 0.013202471658587456, "lowlevel.spectral_energyband_middle_low.stdev": 0.013641285710036755, "lowlevel.spectral_entropy.mean": 7.219256401062012, "lowlevel.spectral_entropy.stdev": 0.45007750391960144, "lowlevel.spectral_flux.mean": 0.06590866297483444, "lowlevel.spectral_flux.stdev": 0.06709316372871399, "lowlevel.spectral_kurtosis.mean": 5.288884162902832, "lowlevel.spectral_kurtosis.stdev": 3.5005059242248535, "lowlevel.spectral_rms.mean": 0.007206859532743692, "lowlevel.spectral_rms.stdev": 0.001919538713991642, "lowlevel.spectral_rolloff.mean": 380.5490417480469, "lowlevel.spectral_rolloff.stdev": 693.7611694335938, "lowlevel.spectral_skewness.mean": 1.736608862876892, "lowlevel.spectral_skewness.stdev": 0.5159264802932739, "lowlevel.spectral_spread.mean": 4542972.5, "lowlevel.spectral_spread.stdev": 1467087.75, "lowlevel.spectral_strongpeak.mean": 0.5771276950836182, "lowlevel.spectral_strongpeak.stdev": 0.5786671042442322, "lowlevel.zerocrossingrate.mean": 0.02720060385763645, "lowlevel.zerocrossingrate.stdev": 0.020215647295117378, "metadata.audio_properties.analysis.equal_loudness": 0.0, "metadata.audio_properties.analysis.length": 40.04265213012695, "metadata.audio_properties.analysis.sample_rate": 44100.0, "metadata.audio_properties.analysis.start_time": 0.0, "metadata.audio_properties.bit_rate": 123339.0, "metadata.audio_properties.length": 40.042667388916016, "metadata.audio_properties.lossless": 0.0, "metadata.audio_properties.number_channels": 1.0, "metadata.audio_properties.replay_gain": -9.35073471069336, "metadata.audio_properties.sample_rate": 48000.0, "rhythm.beats_count": 91.0, "rhythm.beats_loudness.mean": 0.06766612082719803, "rhythm.beats_loudness.stdev": 0.03543846309185028, "rhythm.bpm": 137.74951171875, "rhythm.bpm_histogram_first_peak_bpm": 136.0, "rhythm.bpm_histogram_first_peak_weight": 0.4761905074119568, "rhythm.bpm_histogram_second_peak_bpm": 144.0, "rhythm.bpm_histogram_second_peak_spread": 0.0, "rhythm.bpm_histogram_second_peak_weight": 0.03333333507180214, "rhythm.danceability": 1.0314407348632812, "rhythm.onset_rate": 4.64368200302124, "tonal.chords_changes_rate": 0.011574073694646358, "tonal.chords_number_rate": 0.002314814832061529, "tonal.chords_strength.mean": 0.4956873059272766, "tonal.chords_strength.stdev": 0.06946203857660294, "tonal.hpcp_crest.mean": 17.81589126586914, "tonal.hpcp_crest.stdev": 6.923349380493164, "tonal.hpcp_entropy.mean": 1.445555329322815, "tonal.hpcp_entropy.stdev": 0.5691592693328857, "tonal.key_edma.strength": 0.7480685114860535, "tonal.key_krumhansl.strength": 0.7415315508842468, "tonal.key_temperley.strength": 0.7262768149375916, "tonal.tuning_diatonic_strength": 0.5989737510681152, "tonal.tuning_equal_tempered_deviation": 0.024395309388637543, "tonal.tuning_frequency": 440.5086364746094, "tonal.tuning_nontempered_energy_ratio": 0.5929349660873413, "lowlevel.barkbands.mean": [0.0008491331827826798, 0.029480423778295517, 0.010570782236754894, 0.0018833096837624907, 0.0029994980432093143, 0.005051301326602697, 0.0020167874172329903, 0.00048086026799865067, 0.000667944026645273, 0.00046890281373634934, 0.0005390877486206591, 0.00023582611174788326, 0.00020202810992486775, 0.00014758101315237582, 7.683597505092621e-05, 0.00027818221133202314, 0.00013906406820751727, 0.00011477441876195371, 0.00010427393135614693, 0.00018219338380731642, 0.00013583562395069748, 0.00010159827797906473, 0.00010285515600116923, 0.0001081877708202228, 3.606284371926449e-05, 3.520027894410305e-05, 5.537768629437778e-06], "lowlevel.barkbands.stdev": [0.0019451919943094254, 0.03228084743022919, 0.008317451924085617, 0.0035878841299563646, 0.00580824539065361, 0.006020813249051571, 0.005052958149462938, 0.0019895127043128014, 0.0018094294937327504, 0.0009692360181361437, 0.0014891140162944794, 0.0008528866455890238, 0.000702694000210613, 0.0005322728538885713, 0.000140909367473796, 0.00037706346483901143, 0.0002506313903722912, 0.00024761681561358273, 0.0002501634298823774, 0.0006902845925651491, 0.00039226937224157155, 0.0004714927345048636, 0.0004729178035631776, 0.00039248663233593106, 8.602454181527719e-05, 7.815338904038072e-05, 1.424149922968354e-05], "lowlevel.erbbands.mean": [0.8687700033187866, 6.551494598388672, 13.776435852050781, 8.009713172912598, 9.261401176452637, 8.732646942138672, 39.81594467163086, 24.01908302307129, 32.41865539550781, 11.44983196258545, 18.887516021728516, 11.363578796386719, 12.624558448791504, 18.29812240600586, 14.359862327575684, 9.803224563598633, 10.039087295532227, 9.199039459228516, 4.84578800201416, 6.638496398925781, 16.396831512451172, 7.955660820007324, 5.631566524505615, 6.404423236846924, 6.382749080657959, 8.526335716247559, 6.040600299835205, 4.952336311340332, 3.74147367477417, 3.4169836044311523, 2.5910532474517822, 2.7160544395446777, 1.4248713254928589, 0.5030164122581482, 0.2065572589635849, 0.11799520254135132, 0.06454381346702576, 0.021915407851338387, 0.000552993908058852, 7.582464604638517e-05], "lowlevel.erbbands.stdev": [1.0662076473236084, 6.952601432800293, 9.42833137512207, 9.072601318359375, 19.942642211914062, 14.973749160766602, 46.943294525146484, 36.673362731933594, 85.058349609375, 29.7324161529541, 58.064579010009766, 29.84671974182129, 33.04717254638672, 25.222143173217773, 64.81204986572266, 36.14970779418945, 35.06803512573242, 29.431238174438477, 14.33621883392334, 9.439470291137695, 21.505678176879883, 14.374592781066895, 13.634119033813477, 11.021636962890625, 17.512380599975586, 35.976722717285156, 17.91259765625, 17.368125915527344, 17.038251876831055, 14.791653633117676, 12.426971435546875, 10.439901351928711, 5.443050384521484, 1.4211534261703491, 0.4621518552303314, 0.27562931180000305, 0.14390459656715393, 0.051540207117795944, 0.001255889656022191, 5.7108823966700584e-05], "lowlevel.gfcc.mean": [-2.2557389736175537, 120.49849700927734, -82.21095275878906, 46.188880920410156, -41.60100555419922, 15.832677841186523, -26.12445640563965, 9.02393913269043, -12.55713176727295, -0.20210419595241547, -8.133467674255371, 7.6188063621521, -0.9025980830192566], "lowlevel.melbands.mean": [0.008077721111476421, 0.0073420326225459576, 0.0014345584204420447, 0.0006980557809583843, 0.0010765418410301208, 0.0006905964110046625, 0.00044912166777066886, 9.665039397077635e-05, 0.0001805837673600763, 6.049830699339509e-05, 6.437399861169979e-05, 7.435938459821045e-05, 5.406960190157406e-05, 2.0691153622465208e-05, 3.2889929570956156e-05, 2.0346218661870807e-05, 1.6818908989080228e-05, 7.74590444052592e-06, 6.590038992726477e-06, 1.5087625797605142e-05, 1.877978866104968e-05, 8.78017544891918e-06, 5.090403192298254e-06, 4.96839675179217e-06, 5.204565695748897e-06, 3.908912731276359e-06, 5.922106538491789e-06, 5.518656507774722e-06, 3.7272523059073137e-06, 3.394024361114134e-06, 2.7699659312929725e-06, 2.1024768557253992e-06, 1.8747228978099884e-06, 2.0033050986967282e-06, 1.4341671885631513e-06, 1.5671267874495243e-06, 1.714436166366795e-06, 1.1588417692109942e-06, 5.963429998701031e-07, 3.5278344512335025e-07], "lowlevel.melbands.stdev": [0.009326950646936893, 0.004962816834449768, 0.0015487459022551775, 0.001455069286748767, 0.0012427924666553736, 0.0009016208350658417, 0.0011560218408703804, 0.00030314113246276975, 0.0005168623756617308, 0.00016042831703089178, 0.00016516172036062926, 9.672029409557581e-05, 0.0001933264429681003, 8.320154302055016e-05, 0.00012115258869016543, 7.741028093732893e-05, 5.6900771596701816e-05, 2.9420642022159882e-05, 1.058824000210734e-05, 2.2187025024322793e-05, 2.6307374355383217e-05, 1.624639298825059e-05, 1.3774420040135738e-05, 1.0513750567042734e-05, 9.088023034564685e-06, 1.049984621204203e-05, 1.931514088937547e-05, 2.5782339434954338e-05, 1.2505081031122245e-05, 8.75972727953922e-06, 1.1603638995438814e-05, 9.76446972345002e-06, 8.975661330623552e-06, 8.459078344458248e-06, 6.985429081396433e-06, 7.652469321328681e-06, 6.191296051838435e-06, 4.819332843908342e-06, 1.794211470951268e-06, 9.638996516514453e-07], "lowlevel.melbands128.mean": [0.0007960055954754353, 0.0063016111962497234, 0.011883141472935677, 0.010233227163553238, 0.00841305498033762, 0.004112452734261751, 0.001567408791743219, 0.0007594896596856415, 0.0009422558359801769, 0.000996604678221047, 0.0002703110221773386, 0.00027308770222589374, 0.0015837637474760413, 0.0018899684073403478, 0.0002834242768585682, 0.00020951023907400668, 0.0006784257711842656, 0.00047744796029292047, 0.00023998170217964798, 7.428667595377192e-05, 4.8099635023390874e-05, 7.226385787362233e-05, 0.00024893172667361796, 0.0002507429744582623, 3.177134203724563e-05, 1.3264376320876181e-05, 2.2877737137605436e-05, 6.502940959762782e-05, 0.00012382651038933545, 3.413714875932783e-05, 9.780272375792265e-05, 7.247446774272248e-05, 3.6686564271803945e-05, 6.432448572013527e-05, 1.127137329604011e-05, 7.759706022625323e-06, 2.4845247025950812e-05, 6.119230238255113e-05, 1.0392130207037553e-05, 1.8294287656317465e-05, 2.6716072170529515e-05, 1.716122278594412e-05, 1.7777660104911774e-05, 1.5872634321567602e-05, 1.1102413736807648e-05, 5.87277281738352e-06, 4.168533450865652e-06, 9.433958439331036e-06, 5.2646282711066306e-06, 5.183372195460834e-06, 1.6241967387031764e-05, 2.5145862309727818e-05, 2.1727490093326196e-05, 1.9139455616823398e-05, 7.795434612489771e-06, 9.923295692715328e-06, 5.898150902794441e-06, 4.4383873500919435e-06, 5.164460162632167e-06, 5.366086043068208e-06, 4.162937329965644e-06, 4.532520961220143e-06, 8.201719538192265e-06, 4.014625574200181e-06, 3.4291306292288937e-06, 4.158887350058649e-06, 3.5643556657305453e-06, 5.30602119397372e-06, 6.543792551383376e-06, 6.549754289153498e-06, 6.220402156031923e-06, 4.763388915307587e-06, 3.815534910245333e-06, 3.4447725738573354e-06, 3.5164496239303844e-06, 3.901585841958877e-06, 3.2802829537104117e-06, 2.3605930437042844e-06, 3.040785941266222e-06, 2.7735695766750723e-06, 1.9009373772860272e-06, 2.0074667190783657e-06, 2.0161644442850957e-06, 2.0294255591579713e-06, 1.457804842175392e-06, 1.9749995772144757e-06, 2.3268548829946667e-06, 1.8665589323063614e-06, 1.2256507488928037e-06, 1.1791222505053156e-06, 1.6024860087782145e-06, 1.535967840027297e-06, 1.7625981172386673e-06, 1.8132018340111244e-06, 1.681899675531895e-06, 1.4500075167234172e-06, 1.115557097364217e-06, 5.623796823783778e-07, 7.080353157107311e-07, 5.472413704410428e-07, 3.6486417798187176e-07, 3.640165573415288e-07, 2.626765081004123e-07, 2.2713706471222395e-07, 2.1257494609017158e-07, 1.9852289767641196e-07, 2.543165464885533e-07, 2.3757685596592637e-07, 1.7795498763462092e-07, 2.066484228180343e-07, 1.497620161217128e-07, 2.078970311458761e-07, 2.0090745067591342e-07, 2.3462582987576752e-07, 2.0171542303160095e-07, 2.9661245548595616e-07, 2.0915324228099053e-07, 4.557431410034951e-08, 1.6323659091099785e-10, 8.927157624238902e-12, 8.665615100489354e-12, 8.487609053087208e-12, 8.283562204225436e-12, 8.134782777946548e-12, 7.961009455825785e-12, 7.764644829877376e-12, 7.644959318375832e-12, 7.594958516266015e-12], "lowlevel.melbands128.stdev": [0.001826158375479281, 0.008760501630604267, 0.014763383194804192, 0.010814989916980267, 0.005670697893947363, 0.0033131723757833242, 0.0021381813567131758, 0.001758338650688529, 0.0024360623210668564, 0.0023735947906970978, 0.0006111282273195684, 0.0005879972013644874, 0.001960180466994643, 0.002271296689286828, 0.0009590757545083761, 0.0008850195445120335, 0.0019565261900424957, 0.0014811733271926641, 0.0007557906792499125, 0.00029573857318609953, 0.00031869704253040254, 0.0006327801384031773, 0.0007544794352725148, 0.0007244113949127495, 0.00011146539327455685, 5.352040898287669e-05, 0.00012755082570947707, 0.00027914976817555726, 0.00021872810611966997, 6.965560169192031e-05, 0.00016481205238960683, 0.0001216716191265732, 0.00019718488329090178, 0.00041610520565882325, 5.695773143088445e-05, 4.437266034074128e-05, 0.00014984597510192543, 0.0002307131653651595, 7.026045204838738e-05, 0.00010879132605623454, 9.864645107882097e-05, 6.446472252719104e-05, 7.667497266083956e-05, 7.850704423617572e-05, 6.5173655457329e-05, 3.09467468468938e-05, 1.1422339412092697e-05, 1.7202479284605943e-05, 9.89545696938876e-06, 1.3096914699417539e-05, 3.746855509234592e-05, 3.871211447403766e-05, 3.23518761433661e-05, 4.111199450562708e-05, 1.4604260286432691e-05, 2.3347030946752056e-05, 1.5033938325359486e-05, 1.3976370610180311e-05, 2.045827204710804e-05, 1.7679161828709766e-05, 9.684159522294067e-06, 9.569098438078072e-06, 1.3618753655464388e-05, 9.225690519087948e-06, 9.697838322608732e-06, 1.2199290722492151e-05, 1.0715295502450317e-05, 1.9654558855108917e-05, 2.206479803135153e-05, 2.9942928449600004e-05, 3.7037691072328016e-05, 2.427581603114959e-05, 1.4359067790792324e-05, 1.2431984941940755e-05, 8.51154800329823e-06, 1.0272192412230652e-05, 9.888422937365249e-06, 8.187889761757106e-06, 1.4062441550777294e-05, 1.642629831621889e-05, 8.256777618953492e-06, 1.043302381731337e-05, 1.0435485819471069e-05, 1.0766569175757468e-05, 6.742371624568477e-06, 8.923602763388772e-06, 1.0179223863815423e-05, 8.86879388417583e-06, 6.131770533102099e-06, 7.175993687269511e-06, 9.085681995202322e-06, 7.971286322572269e-06, 6.441535788326291e-06, 6.521447176055517e-06, 6.698624019918498e-06, 5.835377578478074e-06, 6.259329893509857e-06, 1.8226884321848047e-06, 2.020424062720849e-06, 1.774691213540791e-06, 1.3774898661722546e-06, 1.0024513130701962e-06, 6.365754643411492e-07, 5.815351755700249e-07, 5.483209974954661e-07, 5.31783655333129e-07, 7.117467930584098e-07, 6.26927544544742e-07, 4.737499068596662e-07, 5.455954692479281e-07, 4.100666330941749e-07, 4.978521133125469e-07, 4.653751091154845e-07, 5.704243335458159e-07, 4.98913436786097e-07, 7.624873887834838e-07, 5.243580858405039e-07, 1.386290051641481e-07, 2.7373050492940365e-09, 1.289927366310284e-11, 1.255923143261839e-11, 1.2272114748024254e-11, 1.202181149767556e-11, 1.1809331290635328e-11, 1.1634097331347792e-11, 1.1495695888263935e-11, 1.1394684674981281e-11, 1.133265963709773e-11], "lowlevel.mfcc.mean": [-655.8500366210938, 146.9827117919922, 24.6937198638916, 38.667686462402344, 14.556313514709473, 14.043233871459961, 3.6855106353759766, 12.805045127868652, 4.798060894012451, 2.7619097232818604, -9.625750541687012, 8.233551025390625, 1.4102789163589478], "lowlevel.spectral_contrast_coeffs.mean": [-0.7035404443740845, -0.6942688822746277, -0.7186500430107117, -0.7732076644897461, -0.7959974408149719, -0.7445789575576782], "lowlevel.spectral_contrast_coeffs.stdev": [0.049457959830760956, 0.06260813772678375, 0.05368572473526001, 0.0418342649936676, 0.033500950783491135, 0.03885643929243088], "lowlevel.spectral_contrast_valleys.mean": [-5.911954402923584, -7.30405330657959, -8.009553909301758, -8.047677993774414, -7.982707500457764, -10.87305736541748], "lowlevel.spectral_contrast_valleys.stdev": [0.4249127209186554, 0.5814338326454163, 0.5648045539855957, 0.5087182521820068, 0.643447756767273, 0.976904034614563], "rhythm.beats_loudness_band_ratio.mean": [0.7795324921607971, 0.14774855971336365, 0.04906615614891052, 0.027005886659026146, 0.012151511386036873, 0.010254241526126862], "rhythm.beats_loudness_band_ratio.stdev": [0.1406247913837433, 0.11046241968870163, 0.06538388878107071, 0.029470594599843025, 0.010267515666782856, 0.010192213580012321], "tonal.hpcp.mean": [0.014920414425432682, 0.01172088272869587, 0.023776482790708542, 0.03449496999382973, 0.019251707941293716, 0.005961745046079159, 0.0053000240586698055, 0.008959425613284111, 0.021011732518672943, 0.023199226707220078, 0.023862194269895554, 0.16370679438114166, 0.2506003975868225, 0.10856751352548599, 0.013662946410477161, 0.012486710213124752, 0.016249412670731544, 0.1258491426706314, 0.21527522802352905, 0.10294137895107269, 0.00416186498478055, 0.003499431535601616, 0.008886962197721004, 0.016500353813171387, 0.014560158364474773, 0.008631128817796707, 0.006778843235224485, 0.005902509670704603, 0.008770233020186424, 0.019752996042370796, 0.023871786892414093, 0.02632342278957367, 0.2788243889808655, 0.6691316962242126, 0.4488116502761841, 0.050947029143571854], "tonal.hpcp.stdev": [0.08630402386188507, 0.08277337998151779, 0.07455047965049744, 0.07632697373628616, 0.061070118099451065, 0.060268256813287735, 0.053856462240219116, 0.06184512749314308, 0.10005432367324829, 0.09924017637968063, 0.10107245296239853, 0.29764264822006226, 0.4176333546638489, 0.22262661159038544, 0.07170453667640686, 0.0746467262506485, 0.07976976037025452, 0.1693982481956482, 0.24663406610488892, 0.1255689561367035, 0.025787001475691795, 0.03975166752934456, 0.06440511345863342, 0.10294384509325027, 0.0859464555978775, 0.06103355437517166, 0.05109380558133125, 0.047516774386167526, 0.06573561578989029, 0.1043923944234848, 0.10686486214399338, 0.10052316635847092, 0.24409480392932892, 0.43180108070373535, 0.33631330728530884, 0.1404593586921692], "rhythm.beats_position": [0.4527890980243683, 0.9171881675720215, 1.3931972980499268, 1.8575963973999023, 2.2987754344940186, 2.739954710006714, 3.18113374710083, 3.6223127841949463, 4.051881790161133, 4.481451034545898, 4.922630310058594, 5.363809585571289, 5.781768798828125, 6.222947597503662, 6.664126873016357, 7.093696117401123, 7.523265361785889, 7.964444160461426, 8.394013404846191, 8.823582649230957, 9.264761924743652, 9.705941200256348, 10.135510444641113, 10.576688766479492, 11.006258010864258, 11.447437286376953, 11.877006530761719, 12.306575775146484, 12.74775505065918, 13.177324295043945, 13.606893539428711, 14.04807186126709, 14.489251136779785, 14.93043041229248, 15.359999656677246, 15.789568901062012, 16.21913719177246, 16.648706436157227, 17.089885711669922, 17.531064987182617, 17.960634231567383, 18.39020347595215, 18.831382751464844, 19.27256202697754, 19.702131271362305, 20.13170051574707, 20.572879791259766, 21.01405906677246, 21.443628311157227, 21.873197555541992, 22.314376831054688, 22.743946075439453, 23.173513412475586, 23.61469268798828, 24.055871963500977, 24.497051239013672, 24.926620483398438, 25.356189727783203, 25.7973690032959, 26.238548278808594, 26.66811752319336, 27.097686767578125, 27.52725601196289, 27.968435287475586, 28.39800453186035, 28.839183807373047, 29.268753051757812, 29.698322296142578, 30.13949966430664, 30.580678939819336, 31.02185821533203, 31.451427459716797, 31.880996704101562, 32.31056594848633, 32.740135192871094, 33.18131637573242, 33.622493743896484, 34.05206298828125, 34.481632232666016, 34.92280960083008, 35.34077072143555, 35.78194808959961, 36.22312927246094, 36.6526985168457, 37.08226776123047, 37.52344512939453, 37.96462631225586, 38.40580368041992, 38.84698486328125, 39.26494216918945, 39.70612335205078], "rhythm.bpm_histogram": [0.0, 0.0, 0.0, 0.0, 0.0, 0.0, 0.0, 0.0, 0.0, 0.0, 0.0, 0.0, 0.0, 0.0, 0.0, 0.0, 0.0, 0.0, 0.0, 0.0, 0.0, 0.0, 0.0, 0.0, 0.0, 0.0, 0.0, 0.0, 0.0, 0.0, 0.0, 0.0, 0.0, 0.0, 0.0, 0.0, 0.0, 0.0, 0.0, 0.0, 0.0, 0.0, 0.0, 0.0, 0.0, 0.0, 0.0, 0.0, 0.0, 0.0, 0.0, 0.0, 0.0, 0.0, 0.0, 0.0, 0.0, 0.0, 0.0, 0.0, 0.0, 0.0, 0.0, 0.0, 0.0, 0.0, 0.0, 0.0, 0.0, 0.0, 0.0, 0.0, 0.0, 0.0, 0.0, 0.0, 0.0, 0.0, 0.0, 0.0, 0.0, 0.0, 0.0, 0.0, 0.0, 0.0, 0.0, 0.0, 0.0, 0.0, 0.0, 0.0, 0.0, 0.0, 0.0, 0.0, 0.0, 0.0, 0.0, 0.0, 0.0, 0.0, 0.0, 0.0, 0.0, 0.0, 0.0, 0.0, 0.0, 0.0, 0.0, 0.0, 0.0, 0.0, 0.0, 0.0, 0.0, 0.0, 0.0, 0.0, 0.0, 0.0, 0.0, 0.0, 0.0, 0.0, 0.011111111380159855, 0.0, 0.0, 0.02222222276031971, 0.0, 0.0, 0.0, 0.0, 0.0, 0.0, 0.4888888895511627, 0.0, 0.0, 0.0, 0.4444444477558136, 0.0, 0.0, 0.0, 0.03333333507180214, 0.0, 0.0, 0.0, 0.0, 0.0, 0.0, 0.0, 0.0, 0.0, 0.0, 0.0, 0.0, 0.0, 0.0, 0.0, 0.0, 0.0, 0.0, 0.0, 0.0, 0.0, 0.0, 0.0, 0.0, 0.0, 0.0, 0.0, 0.0, 0.0, 0.0, 0.0, 0.0, 0.0, 0.0, 0.0, 0.0, 0.0, 0.0, 0.0, 0.0, 0.0, 0.0, 0.0, 0.0, 0.0, 0.0, 0.0, 0.0, 0.0, 0.0, 0.0, 0.0, 0.0, 0.0, 0.0, 0.0, 0.0, 0.0, 0.0, 0.0, 0.0, 0.0, 0.0, 0.0, 0.0, 0.0, 0.0, 0.0, 0.0, 0.0, 0.0, 0.0, 0.0, 0.0, 0.0, 0.0, 0.0, 0.0, 0.0, 0.0, 0.0, 0.0, 0.0, 0.0, 0.0, 0.0, 0.0, 0.0, 0.0, 0.0, 0.0, 0.0, 0.0, 0.0, 0.0, 0.0, 0.0, 0.0, 0.0, 0.0, 0.0, 0.0, 0.0, 0.0, 0.0], "tonal.chords_histogram": [0.0, 0.0, 0.8101851940155029, 0.0, 0.0, 0.0, 0.0, 10.416666984558105, 0.0, 88.77314758300781, 0.0, 0.0, 0.0, 0.0, 0.0, 0.0, 0.0, 0.0, 0.0, 0.0, 0.0, 0.0, 0.0, 0.0], "tonal.thpcp": [1.0, 0.6707373857498169, 0.07613901793956757, 0.02229817397892475, 0.01751655526459217, 0.03553333878517151, 0.05155184119939804, 0.028771178796887398, 0.008909673430025578, 0.007920748554170132, 0.013389629311859608, 0.031401488929986954, 0.034670643508434296, 0.03566143289208412, 0.2446555644273758, 0.3745158016681671, 0.1622513383626938, 0.020418919622898102, 0.01866106502711773, 0.024284327402710915, 0.18807828426361084, 0.32172325253486633, 0.1538432240486145, 0.006219799630343914, 0.005229809787124395, 0.01328133512288332, 0.024659352377057076, 0.02175978012382984, 0.012898998335003853, 0.010130805894732475, 0.008821147494018078, 0.01310688629746437, 0.029520342126488686, 0.0356757678091526, 0.03933967277407646, 0.41669583320617676], "lowlevel.gfcc.cov": [[2349.381103515625, -1259.734619140625, 293.68414306640625, -1.1517006158828735, -248.20228576660156, 76.26848602294922, -198.58387756347656, 199.91603088378906, -222.7456512451172, 267.8687744140625, -129.20632934570312, 121.68605041503906, -289.4590148925781], [-1259.734619140625, 1461.7772216796875, -433.0413513183594, -72.47502899169922, 109.92826080322266, -183.61228942871094, 156.73382568359375, -218.6073760986328, 196.1354522705078, -267.1925048828125, 179.7744140625, -162.6754913330078, 232.54490661621094], [293.68414306640625, -433.0413513183594, 370.2253112792969, -42.60489273071289, 51.58299255371094, 58.51432800292969, -86.52569580078125, 48.106571197509766, -95.61666107177734, 86.71428680419922, -83.60717010498047, 101.32088470458984, -52.42528533935547], [-1.1517006158828735, -72.47502899169922, -42.60489273071289, 245.32162475585938, -47.79544448852539, -7.727255821228027, 6.403409957885742, -27.015661239624023, 13.778061866760254, -32.21845626831055, 33.65233612060547, -30.348430633544922, 45.4358024597168], [-248.20228576660156, 109.92826080322266, 51.58299255371094, -47.79544448852539, 183.50555419921875, -3.8985416889190674, 10.227538108825684, 3.576808214187622, 16.796125411987305, -2.588057279586792, -12.773877143859863, 15.260740280151367, 14.377720832824707], [76.26848602294922, -183.61228942871094, 58.51432800292969, -7.727255821228027, -3.8985416889190674, 113.02645111083984, 22.171737670898438, 26.98025894165039, -12.542906761169434, 23.48667335510254, -24.727930068969727, 13.790337562561035, -21.741792678833008], [-198.58387756347656, 156.73382568359375, -86.52569580078125, 6.403409957885742, 10.227538108825684, 22.171737670898438, 125.06990051269531, -5.8534722328186035, 38.06926727294922, -35.097042083740234, 28.910608291625977, -30.748653411865234, 16.873828887939453], [199.91603088378906, -218.6073760986328, 48.106571197509766, -27.015661239624023, 3.576808214187622, 26.98025894165039, -5.8534722328186035, 108.31429290771484, -11.151078224182129, 49.79185104370117, -34.0256233215332, 12.542505264282227, -56.40420913696289], [-222.7456512451172, 196.1354522705078, -95.61666107177734, 13.778061866760254, 16.796125411987305, -12.542906761169434, 38.06926727294922, -11.151078224182129, 98.33317565917969, -29.564037322998047, 31.247920989990234, -44.68514633178711, 28.090415954589844], [267.8687744140625, -267.1925048828125, 86.71428680419922, -32.21845626831055, -2.588057279586792, 23.48667335510254, -35.097042083740234, 49.79185104370117, -29.564037322998047, 110.39405059814453, -27.559223175048828, 25.034425735473633, -64.46563720703125], [-129.20632934570312, 179.7744140625, -83.60717010498047, 33.65233612060547, -12.773877143859863, -24.727930068969727, 28.910608291625977, -34.0256233215332, 31.247920989990234, -27.559223175048828, 86.03365325927734, -25.445051193237305, 33.38944625854492], [121.68605041503906, -162.6754913330078, 101.32088470458984, -30.348430633544922, 15.260740280151367, 13.790337562561035, -30.748653411865234, 12.542505264282227, -44.68514633178711, 25.034425735473633, -25.445051193237305, 94.14176940917969, -7.9521307945251465], [-289.4590148925781, 232.54490661621094, -52.42528533935547, 45.4358024597168, 14.377720832824707, -21.741792678833008, 16.873828887939453, -56.40420913696289, 28.090415954589844, -64.46563720703125, 33.38944625854492, -7.9521307945251465, 116.99507141113281]], "lowlevel.gfcc.icov": [[0.001104759401641786, 0.0005054014036431909, 0.00017242827743757516, 3.380647103767842e-05, 0.0009625325910747051, 0.0003606787067838013, 0.0005687386146746576, -0.00037842357414774597, 0.0008365202229470015, -0.00045314827002584934, -0.00025614851620048285, -0.0001617375819478184, 0.0010887188836932182], [0.0005054014036431909, 0.007894138805568218, 0.001553421956487, 0.006466350052505732, -0.0026915553025901318, 0.006573015358299017, -0.0027458781842142344, 0.005713737104088068, -0.0030451274942606688, 0.007307554595172405, -0.004905610345304012, 0.006080365274101496, -0.0049815913662314415], [0.00017242827743757516, 0.001553421956487, 0.006612355820834637, 0.0007500170613639057, -0.0023879907093942165, -0.0009908375795930624, 0.0018339608795940876, 0.001103905844502151, 0.00210723583586514, -0.0006258289213292301, 0.0011144514428451657, -0.0020390632562339306, -0.0009197443723678589], [3.380647103767842e-05, 0.006466350052505732, 0.0007500170613639057, 0.010394895449280739, -0.0012741575483232737, 0.00515151908621192, -0.002199655631557107, 0.0047240424901247025, -0.002680234145373106, 0.00672872131690383, -0.005273147020488977, 0.006746607832610607, -0.006446758285164833], [0.0009625325910747051, -0.0026915553025901318, -0.0023879907093942165, -0.0012741575483232737, 0.009007224813103676, -0.0009961093310266733, 0.00023897660139482468, -0.002978484844788909, -0.00036310148425400257, -0.003247987711802125, 0.002549036405980587, -0.003046378493309021, 0.0017565727466717362], [0.0003606787067838013, 0.006573015358299017, -0.0009908375795930624, 0.00515151908621192, -0.0009961093310266733, 0.01745901070535183, -0.007007334381341934, 0.003806063672527671, -0.0030160299502313137, 0.004840422887355089, -0.0017232202226296067, 0.004888735245913267, -0.0041892495937645435], [0.0005687386146746576, -0.0027458781842142344, 0.0018339608795940876, -0.002199655631557107, 0.00023897660139482468, -0.007007334381341934, 0.013837850652635098, -0.0036431553307920694, 0.0006152220885269344, -0.00032440866925753653, -0.0009618567419238389, -0.0017742890631780028, 0.003284687176346779], [-0.00037842357414774597, 0.005713737104088068, 0.001103905844502151, 0.0047240424901247025, -0.002978484844788909, 0.003806063672527671, -0.0036431553307920694, 0.018912572413682938, -0.004639919381588697, 0.0024013023357838392, -0.00023618618433829397, 0.003996213432401419, -0.00014022972027305514], [0.0008365202229470015, -0.0030451274942606688, 0.00210723583586514, -0.002680234145373106, -0.00036310148425400257, -0.0030160299502313137, 0.0006152220885269344, -0.004639919381588697, 0.01901625096797943, -0.003857747185975313, -0.00010397637379355729, 0.0019307121401652694, 0.0007353407563641667], [-0.00045314827002584934, 0.007307554595172405, -0.0006258289213292301, 0.00672872131690383, -0.003247987711802125, 0.004840422887355089, -0.00032440866925753653, 0.0024013023357838392, -0.003857747185975313, 0.024469321593642235, -0.0066414023749530315, 0.005367679055780172, 0.0006329536554403603], [-0.00025614851620048285, -0.004905610345304012, 0.0011144514428451657, -0.005273147020488977, 0.002549036405980587, -0.0017232202226296067, -0.0009618567419238389, -0.00023618618433829397, -0.00010397637379355729, -0.0066414023749530315, 0.021033022552728653, -0.0039900015108287334, 0.0011471158359199762], [-0.0001617375819478184, 0.006080365274101496, -0.0020390632562339306, 0.006746607832610607, -0.003046378493309021, 0.004888735245913267, -0.0017742890631780028, 0.003996213432401419, 0.0019307121401652694, 0.005367679055780172, -0.0039900015108287334, 0.0221575740724802, -0.007415338419377804], [0.0010887188836932182, -0.0049815913662314415, -0.0009197443723678589, -0.006446758285164833, 0.0017565727466717362, -0.0041892495937645435, 0.003284687176346779, -0.00014022972027305514, 0.0007353407563641667, 0.0006329536554403603, 0.0011471158359199762, -0.007415338419377804, 0.021039221435785294]], "lowlevel.mfcc.cov": [[2220.689697265625, -1021.2505493164062, 233.81907653808594, -66.91328430175781, -96.14358520507812, -143.2457733154297, 6.736390590667725, -107.21052551269531, -85.68753051757812, 31.91280746459961, 135.03854370117188, -8.363375663757324, 83.7766342163086], [-1021.2505493164062, 1165.3331298828125, -313.9642028808594, -5.127135276794434, -19.20790672302246, 18.953771591186523, -47.43929672241211, 41.64169692993164, -5.409386157989502, -29.680816650390625, -88.92469787597656, 24.72605323791504, -59.27251434326172], [233.81907653808594, -313.9642028808594, 242.0991668701172, -19.315185546875, 27.98857307434082, 10.372817993164062, 13.775832176208496, -24.91092872619629, -3.6938557624816895, -22.88865089416504, -3.15499210357666, -27.656877517700195, 12.002809524536133], [-66.91328430175781, -5.127135276794434, -19.315185546875, 171.18731689453125, 10.583882331848145, 4.333987712860107, -10.533167839050293, 0.5348430275917053, -17.567691802978516, -2.5617263317108154, -31.774368286132812, -7.780360221862793, 1.9205318689346313], [-96.14358520507812, -19.20790672302246, 27.98857307434082, 10.583882331848145, 143.4147491455078, 5.884538173675537, -4.580807209014893, -15.317169189453125, 13.589666366577148, -7.303117752075195, -3.720741033554077, -20.25297737121582, 3.7802481651306152], [-143.2457733154297, 18.953771591186523, 10.372817993164062, 4.333987712860107, 5.884538173675537, 103.82511901855469, 15.95770263671875, 15.317750930786133, 8.748634338378906, -5.757495403289795, -17.25169563293457, 4.124199390411377, -24.56882667541504], [6.736390590667725, -47.43929672241211, 13.775832176208496, -10.533167839050293, -4.580807209014893, 15.95770263671875, 78.16149139404297, 14.987483978271484, 1.9148181676864624, 11.173623085021973, 9.588408470153809, -2.728004217147827, -2.424056053161621], [-107.21052551269531, 41.64169692993164, -24.91092872619629, 0.5348430275917053, -15.317169189453125, 15.317750930786133, 14.987483978271484, 86.69210052490234, 16.995769500732422, -2.2663142681121826, -11.483038902282715, 11.829866409301758, -7.234262466430664], [-85.68753051757812, -5.409386157989502, -3.6938557624816895, -17.567691802978516, 13.589666366577148, 8.748634338378906, 1.9148181676864624, 16.995769500732422, 77.81420135498047, 10.965106010437012, 2.6579880714416504, 3.2217493057250977, -6.301133155822754], [31.91280746459961, -29.680816650390625, -22.88865089416504, -2.5617263317108154, -7.303117752075195, -5.757495403289795, 11.173623085021973, -2.2663142681121826, 10.965106010437012, 86.40679931640625, 40.30691146850586, 6.760974407196045, -13.215825080871582], [135.03854370117188, -88.92469787597656, -3.15499210357666, -31.774368286132812, -3.720741033554077, -17.25169563293457, 9.588408470153809, -11.483038902282715, 2.6579880714416504, 40.30691146850586, 89.67462158203125, 17.82978057861328, 1.3091180324554443], [-8.363375663757324, 24.72605323791504, -27.656877517700195, -7.780360221862793, -20.25297737121582, 4.124199390411377, -2.728004217147827, 11.829866409301758, 3.2217493057250977, 6.760974407196045, 17.82978057861328, 65.6920166015625, 4.098520278930664], [83.7766342163086, -59.27251434326172, 12.002809524536133, 1.9205318689346313, 3.7802481651306152, -24.56882667541504, -2.424056053161621, -7.234262466430664, -6.301133155822754, -13.215825080871582, 1.3091180324554443, 4.098520278930664, 72.41996002197266]], "lowlevel.mfcc.icov": [[0.0010509374551475048, 0.0009430310456082225, 0.0001926555996760726, 0.0004510327707976103, 0.0006989361718297005, 0.0009463370079174638, 0.00023907548165880144, 0.0005868535372428596, 0.0009624673402868211, 0.0001223142462549731, -0.00030287535628303885, -2.3367356334347278e-06, -2.4943305106717162e-05], [0.0009430310456082225, 0.002534520113840699, 0.002410010201856494, 0.0011062960838899016, 0.00034148836857639253, 0.0007879735203459859, 0.0006709970766678452, 0.0005322949145920575, 0.0012712851166725159, 0.0005289250984787941, 0.0014989660121500492, -0.00029121703119017184, 0.001076357439160347], [0.0001926555996760726, 0.002410010201856494, 0.007811499759554863, 0.0015609166584908962, -0.0007676303503103554, -0.0006801513372920454, -0.00033491969224996865, 0.0013814547564834356, 0.0006860549910925329, 0.00189517205581069, 0.001823583384975791, 0.0013704824959859252, 0.0006446812767535448], [0.0004510327707976103, 0.0011062960838899016, 0.0015609166584908962, 0.007170046214014292, -0.0005301203345879912, 0.00011887276195921004, 0.0009535529534332454, 9.032423258759081e-05, 0.0023499317467212677, -0.0012054165126755834, 0.003377784974873066, 9.421870345249772e-05, -3.8120895624160767e-05], [0.0006989361718297005, 0.00034148836857639253, -0.0007676303503103554, -0.0005301203345879912, 0.008350914344191551, -0.00010413527343189344, 0.0005302582867443562, 0.001654868945479393, -0.001403960632160306, 0.0007478307816199958, -0.001175429904833436, 0.00223841005936265, -0.0007670596241950989], [0.0009463370079174638, 0.0007879735203459859, -0.0006801513372920454, 0.00011887276195921004, -0.00010413527343189344, 0.012699457816779613, -0.002305876463651657, -0.0003458983264863491, 6.782066338928416e-05, 0.0006870440556667745, 0.002083689207211137, -0.0022053788416087627, 0.004080234561115503], [0.00023907548165880144, 0.0006709970766678452, -0.00033491969224996865, 0.0009535529534332454, 0.0005302582867443562, -0.002305876463651657, 0.014861369505524635, -0.0029248176142573357, 0.0011246243957430124, -0.001778863836079836, -0.00132191542070359, 0.0017262048786506057, -0.0006024166359566152], [0.0005868535372428596, 0.0005322949145920575, 0.0013814547564834356, 9.032423258759081e-05, 0.001654868945479393, -0.0003458983264863491, -0.0029248176142573357, 0.01442816574126482, -0.002603478729724884, 0.0008856250206008554, 0.002008019248023629, -0.002272791462019086, 0.0006924868794158101], [0.0009624673402868211, 0.0012712851166725159, 0.0006860549910925329, 0.0023499317467212677, -0.001403960632160306, 6.782066338928416e-05, 0.0011246243957430124, -0.002603478729724884, 0.015697048977017403, -0.0022280209232121706, 0.0007970214355736971, -0.0005045564030297101, 0.0005982659058645368], [0.0001223142462549731, 0.0005289250984787941, 0.00189517205581069, -0.0012054165126755834, 0.0007478307816199958, 0.0006870440556667745, -0.001778863836079836, 0.0008856250206008554, -0.0022280209232121706, 0.016568398103117943, -0.0070913610979914665, 0.000557372928597033, 0.0031585765536874533], [-0.00030287535628303885, 0.0014989660121500492, 0.001823583384975791, 0.003377784974873066, -0.001175429904833436, 0.002083689207211137, -0.00132191542070359, 0.002008019248023629, 0.0007970214355736971, -0.0070913610979914665, 0.019236832857131958, -0.004926005378365517, 0.000816286657936871], [-2.3367356334347278e-06, -0.00029121703119017184, 0.0013704824959859252, 9.421870345249772e-05, 0.00223841005936265, -0.0022053788416087627, 0.0017262048786506057, -0.002272791462019086, -0.0005045564030297101, 0.000557372928597033, -0.004926005378365517, 0.018684279173612595, -0.002410125220194459], [-2.4943305106717162e-05, 0.001076357439160347, 0.0006446812767535448, -3.8120895624160767e-05, -0.0007670596241950989, 0.004080234561115503, -0.0006024166359566152, 0.0006924868794158101, 0.0005982659058645368, 0.0031585765536874533, 0.000816286657936871, -0.002410125220194459, 0.016835706308484077]], "metadata.audio_properties.analysis.downmix": "mix", "metadata.audio_properties.codec": "mp3