{"song_id": "1182275226969587712", "download": "https://cdn.discordapp.com/attachments/1135903449314238464/1182275226969587712/chirp.mp4?ex=65841a9b&amp", "lyrics": "[Verse]\nIn the kitchen, flames ignite, my heart's desire\nMeasuring, sifting, stirring with burning fire\nWhisking up a concoction, mixing molten dreams\nA culinary symphony, where chaos seamlessly teems\n\n[Chorus]\nBaking the chaos, the sweetness takes hold\nRising with fury, this creation unfolds\nFlames licking the edges, as I stand proud and tall\nA metal masterpiece, a cake to conquer all", "style": ["industrial metal</span><span>, rammstein style"], "essentia_features": {"lowlevel.average_loudness": 0.9786263704299927, "lowlevel.barkbands_crest.mean": 9.019251823425293, "lowlevel.barkbands_crest.stdev": 3.653470993041992, "lowlevel.barkbands_flatness_db.mean": 0.11405816674232483, "lowlevel.barkbands_flatness_db.stdev": 0.03466556593775749, "lowlevel.barkbands_kurtosis.mean": 2.312854290008545, "lowlevel.barkbands_kurtosis.stdev": 5.940718650817871, "lowlevel.barkbands_skewness.mean": 1.3712605237960815, "lowlevel.barkbands_skewness.stdev": 1.2007052898406982, "lowlevel.barkbands_spread.mean": 40.1807861328125, "lowlevel.barkbands_spread.stdev": 16.83246421813965, "lowlevel.dissonance.mean": 0.48661375045776367, "lowlevel.dissonance.stdev": 0.01348725613206625, "lowlevel.dynamic_complexity": 1.6042320728302002, "lowlevel.erbbands_crest.mean": 7.215224266052246, "lowlevel.erbbands_crest.stdev": 3.7961394786834717, "lowlevel.erbbands_flatness_db.mean": 0.11578558385372162, "lowlevel.erbbands_flatness_db.stdev": 0.03176537901163101, "lowlevel.erbbands_kurtosis.mean": 0.392290860414505, "lowlevel.erbbands_kurtosis.stdev": 1.822027325630188, "lowlevel.erbbands_skewness.mean": -0.5728065371513367, "lowlevel.erbbands_skewness.stdev": 0.7017768025398254, "lowlevel.erbbands_spread.mean": 52.29848861694336, "lowlevel.erbbands_spread.stdev": 19.683481216430664, "lowlevel.hfc.mean": 37.21543502807617, "lowlevel.hfc.stdev": 18.728307723999023, "lowlevel.loudness_ebu128.integrated": -12.72979736328125, "lowlevel.loudness_ebu128.loudness_range": 1.5228328704833984, "lowlevel.loudness_ebu128.momentary.mean": -12.878325462341309, "lowlevel.loudness_ebu128.momentary.stdev": 1.226370096206665, "lowlevel.loudness_ebu128.short_term.mean": -12.77062702178955, "lowlevel.loudness_ebu128.short_term.stdev": 0.6292659640312195, "lowlevel.melbands_crest.mean": 16.370912551879883, "lowlevel.melbands_crest.stdev": 5.576709270477295, "lowlevel.melbands_flatness_db.mean": 0.160269632935524, "lowlevel.melbands_flatness_db.stdev": 0.05311419069766998, "lowlevel.melbands_kurtosis.mean": 17.755149841308594, "lowlevel.melbands_kurtosis.stdev": 22.904024124145508, "lowlevel.melbands_skewness.mean": 3.4408323764801025, "lowlevel.melbands_skewness.stdev": 1.9631065130233765, "lowlevel.melbands_spread.mean": 35.13930892944336, "lowlevel.melbands_spread.stdev": 25.11850929260254, "lowlevel.pitch_salience.mean": 0.5744648575782776, "lowlevel.pitch_salience.stdev": 0.10584849864244461, "lowlevel.silence_rate_20dB.mean": 1.0, "lowlevel.silence_rate_20dB.stdev": 0.0, "lowlevel.silence_rate_30dB.mean": 0.9834888577461243, "lowlevel.silence_rate_30dB.stdev": 0.1274307668209076, "lowlevel.silence_rate_60dB.mean": 0.02010050229728222, "lowlevel.silence_rate_60dB.stdev": 0.1403452455997467, "lowlevel.spectral_centroid.mean": 2117.6181640625, "lowlevel.spectral_centroid.stdev": 600.3825073242188, "lowlevel.spectral_complexity.mean": 31.03948402404785, "lowlevel.spectral_complexity.stdev": 11.280577659606934, "lowlevel.spectral_decrease.mean": -9.346258877940272e-09, "lowlevel.spectral_decrease.stdev": 6.2361427133339475e-09, "lowlevel.spectral_energy.mean": 0.038650497794151306, "lowlevel.spectral_energy.stdev": 0.024078549817204475, "lowlevel.spectral_energyband_high.mean": 0.002566833747550845, "lowlevel.spectral_energyband_high.stdev": 0.001928674173541367, "lowlevel.spectral_energyband_low.mean": 0.02131805382668972, "lowlevel.spectral_energyband_low.stdev": 0.02235407568514347, "lowlevel.spectral_energyband_middle_high.mean": 0.0065655275247991085, "lowlevel.spectral_energyband_middle_high.stdev": 0.005239345598965883, "lowlevel.spectral_energyband_middle_low.mean": 0.01005925890058279, "lowlevel.spectral_energyband_middle_low.stdev": 0.0077668409794569016, "lowlevel.spectral_entropy.mean": 8.02103042602539, "lowlevel.spectral_entropy.stdev": 0.23975425958633423, "lowlevel.spectral_flux.mean": 0.10908879339694977, "lowlevel.spectral_flux.stdev": 0.05032538250088692, "lowlevel.spectral_kurtosis.mean": 2.7184982299804688, "lowlevel.spectral_kurtosis.stdev": 1.5585575103759766, "lowlevel.spectral_rms.mean": 0.005843532271683216, "lowlevel.spectral_rms.stdev": 0.001887050224468112, "lowlevel.spectral_rolloff.mean": 2521.72314453125, "lowlevel.spectral_rolloff.stdev": 2077.712158203125, "lowlevel.spectral_skewness.mean": 1.1958459615707397, "lowlevel.spectral_skewness.stdev": 0.3349156677722931, "lowlevel.spectral_spread.mean": 5413294.0, "lowlevel.spectral_spread.stdev": 1016625.8125, "lowlevel.spectral_strongpeak.mean": 0.5409927368164062, "lowlevel.spectral_strongpeak.stdev": 0.7469649314880371, "lowlevel.zerocrossingrate.mean": 0.09700042009353638, "lowlevel.zerocrossingrate.stdev": 0.045195892453193665, "metadata.audio_properties.analysis.equal_loudness": 0.0, "metadata.audio_properties.analysis.length": 32.319976806640625, "metadata.audio_properties.analysis.sample_rate": 44100.0, "metadata.audio_properties.analysis.start_time": 0.0, "metadata.audio_properties.bit_rate": 117175.0, "metadata.audio_properties.length": 32.31999969482422, "metadata.audio_properties.lossless": 0.0, "metadata.audio_properties.number_channels": 1.0, "metadata.audio_properties.replay_gain": -12.986822128295898, "metadata.audio_properties.sample_rate": 48000.0, "rhythm.beats_count": 65.0, "rhythm.beats_loudness.mean": 0.052298031747341156, "rhythm.beats_loudness.stdev": 0.024486389011144638, "rhythm.bpm": 122.12959289550781, "rhythm.bpm_histogram_first_peak_bpm": 123.0, "rhythm.bpm_histogram_first_peak_weight": 0.3571428656578064, "rhythm.bpm_histogram_second_peak_bpm": 117.0, "rhythm.bpm_histogram_second_peak_spread": 0.0, "rhythm.bpm_histogram_second_peak_weight": 0.109375, "rhythm.danceability": 1.6742349863052368, "rhythm.onset_rate": 2.938103199005127, "tonal.chords_changes_rate": 0.06743185222148895, "tonal.chords_number_rate": 0.011477761901915073, "tonal.chords_strength.mean": 0.5110872983932495, "tonal.chords_strength.stdev": 0.09303206205368042, "tonal.hpcp_crest.mean": 11.032584190368652, "tonal.hpcp_crest.stdev": 5.35258674621582, "tonal.hpcp_entropy.mean": 2.484281063079834, "tonal.hpcp_entropy.stdev": 0.7436298727989197, "tonal.key_edma.strength": 0.7113472819328308, "tonal.key_krumhansl.strength": 0.7093180418014526, "tonal.key_temperley.strength": 0.700588047504425, "tonal.tuning_diatonic_strength": 0.6592585444450378, "tonal.tuning_equal_tempered_deviation": 0.2304283082485199, "tonal.tuning_frequency": 434.193115234375, "tonal.tuning_nontempered_energy_ratio": 0.9152793884277344, "lowlevel.barkbands.mean": [0.0017237747088074684, 0.010338859632611275, 0.007480809465050697, 0.0035994667559862137, 0.00271273753605783, 0.0012764284620061517, 0.0006267213029786944, 0.0008505404111929238, 0.0008429687586612999, 0.00039574847323819995, 0.00029215484391897917, 0.0006082625477574766, 0.000504840339999646, 0.00038040976505726576, 0.0004263350856490433, 0.0005505331791937351, 0.0014212265377864242, 0.0010839870665222406, 0.0006215043249540031, 0.0006666927365586162, 0.000534486141987145, 0.00038249738281592727, 0.0005073087522760034, 0.00042139043216593564, 0.00023418327327817678, 0.00016664319264236838, 5.153135695934452e-09], "lowlevel.barkbands.stdev": [0.003547993954271078, 0.016799231991171837, 0.006347073707729578, 0.003386436030268669, 0.004734119866043329, 0.002409827895462513, 0.0010940968059003353, 0.0015530085656791925, 0.0012274880427867174, 0.0006682832608930767, 0.0007194809732027352, 0.0015729229198768735, 0.0010816354770213366, 0.0007418083841912448, 0.0009482180466875434, 0.0008987128385342658, 0.002005284419283271, 0.0014057389926165342, 0.00042185233905911446, 0.0004523203242570162, 0.0004099291982129216, 0.00037940259790048003, 0.0006053490797057748, 0.0005191094824112952, 0.00020212435629218817, 0.0001574105117470026, 9.093322006492599e-08], "lowlevel.erbbands.mean": [0.3667672276496887, 2.0883092880249023, 8.088937759399414, 11.139193534851074, 8.434347152709961, 9.989222526550293, 13.067193031311035, 8.240555763244629, 8.332649230957031, 11.523380279541016, 22.74337387084961, 18.632719039916992, 13.400094985961914, 11.462503433227539, 14.667238235473633, 26.34414291381836, 24.512327194213867, 18.900110244750977, 24.687488555908203, 20.262054443359375, 39.55393981933594, 82.92969512939453, 65.30047607421875, 37.615291595458984, 31.1669979095459, 29.47759437561035, 25.173038482666016, 17.969295501708984, 14.330713272094727, 13.383036613464355, 14.457707405090332, 8.562982559204102, 7.504420757293701, 2.8639631271362305, 1.5055768489837646, 1.0032292604446411, 0.26982975006103516, 0.01337337028235197, 0.0003258120268583298, 6.941524043213576e-05], "lowlevel.erbbands.stdev": [0.8305559754371643, 2.849609375, 6.928287982940674, 9.344802856445312, 8.740538597106934, 21.308456420898438, 24.24620246887207, 16.99248695373535, 14.010576248168945, 23.228586196899414, 38.35142517089844, 27.98067283630371, 19.656110763549805, 22.814725875854492, 31.821195602416992, 69.21575164794922, 50.27973556518555, 37.374046325683594, 51.396358489990234, 35.80721664428711, 58.20816421508789, 115.29969024658203, 84.6446304321289, 28.594139099121094, 21.04658317565918, 19.8471736907959, 17.76583480834961, 14.92953109741211, 14.150421142578125, 15.061469078063965, 17.529842376708984, 11.973258972167969, 8.59791374206543, 2.586148500442505, 1.357791781425476, 0.9302542805671692, 0.2727809250354767, 0.01661810651421547, 0.00031496386509388685, 3.307400766061619e-05], "lowlevel.gfcc.mean": [54.21664047241211, 51.301979064941406, -103.91305541992188, 57.78194046020508, -55.02123260498047, 22.297908782958984, -40.54800796508789, 23.54468536376953, -30.15397834777832, 3.670092821121216, -23.437854766845703, 1.0164345502853394, -19.77533531188965], "lowlevel.melbands.mean": [0.0030277776531875134, 0.003655295353382826, 0.0018385329749435186, 0.0006279296358115971, 0.0004536456544883549, 0.00019567637355066836, 0.00012862445146311074, 0.0001310301013290882, 0.00019570936274249107, 0.00011020519013982266, 6.482611206592992e-05, 4.560878369375132e-05, 4.2184448830084875e-05, 6.600767665077001e-05, 6.446125917136669e-05, 4.656831151805818e-05, 3.360840128152631e-05, 4.029200863442384e-05, 2.8923177524120547e-05, 3.013867899426259e-05, 4.854668804910034e-05, 8.132941729854792e-05, 8.939232066040859e-05, 3.9763806853443384e-05, 2.940573358500842e-05, 2.1366615328588523e-05, 2.4373277483391576e-05, 1.8477921912563033e-05, 1.6207524822675623e-05, 1.398413132847054e-05, 8.981442988442723e-06, 8.02000067778863e-06, 7.412113063764991e-06, 7.676007044210564e-06, 8.892071491573006e-06, 6.313463927654084e-06, 5.0795269999071024e-06, 5.9328676798031665e-06, 3.4445336041244445e-06, 2.099057610394084e-06], "lowlevel.melbands.stdev": [0.00578815583139658, 0.003214566968381405, 0.0014444877160713077, 0.0011042742989957333, 0.0007627998129464686, 0.00037872185930609703, 0.00021753904002252966, 0.000264829199295491, 0.00033150133094750345, 0.00016504536324646324, 9.971003601094708e-05, 9.372351632919163e-05, 9.859159035841003e-05, 0.00017799473425839096, 0.00013835751451551914, 0.00010678252874640748, 6.94817936164327e-05, 8.526040619472042e-05, 6.321729597402737e-05, 5.204157059779391e-05, 7.370123785221949e-05, 0.00011803412053268403, 0.0001340779708698392, 5.1308106776559725e-05, 2.265024340886157e-05, 1.563856676511932e-05, 1.884075754787773e-05, 1.3193125596444588e-05, 1.1878028089995496e-05, 1.14526073957677e-05, 8.215183697757311e-06, 8.096117198874708e-06, 8.021886969800107e-06, 9.433289051230531e-06, 1.0883335562539287e-05, 9.150830010185018e-06, 7.408741566905519e-06, 7.47846252124873e-06, 3.299099034848041e-06, 2.018735813180683e-06], "lowlevel.melbands128.mean": [0.0012874227249994874, 0.00332375499419868, 0.003233410883694887, 0.003452398581430316, 0.004264126531779766, 0.0034043248742818832, 0.0023987574968487024, 0.001562007237225771, 0.0006656453479081392, 0.0006167088868096471, 0.0005571942892856896, 0.0004664910666178912, 0.0005115031381137669, 0.0003289721207693219, 0.0001730855874484405, 0.00013388054503593594, 0.00012074995902366936, 0.00013402095646597445, 0.0001326291385339573, 0.00012039053399348632, 0.0001314146793447435, 0.00015113023982848972, 0.0002489593462087214, 0.0001897605397971347, 0.00010349413059884682, 9.553767449688166e-05, 6.525011121993884e-05, 7.037477917037904e-05, 5.355408939067274e-05, 4.736491246148944e-05, 4.482893200474791e-05, 3.75954041373916e-05, 3.717761137522757e-05, 5.0704245950328186e-05, 5.1788712880807e-05, 7.828406523913145e-05, 7.639974501216784e-05, 6.333675992209464e-05, 5.6602319091325626e-05, 5.888905798201449e-05, 4.2422034312039614e-05, 3.30059410771355e-05, 2.90717161988141e-05, 3.789802940445952e-05, 3.7357236578827724e-05, 4.1857489122776315e-05, 4.36517148045823e-05, 2.8261219995329157e-05, 2.3291770048672333e-05, 2.373626375629101e-05, 2.5936680685845204e-05, 4.346921559772454e-05, 4.334318145993166e-05, 4.8490051995031536e-05, 6.615973688894883e-05, 7.943771925056353e-05, 0.00010185354767600074, 0.00010280412971042097, 9.391155617777258e-05, 4.3117510358570144e-05, 3.8793768908362836e-05, 3.217434277758002e-05, 3.2741623726906255e-05, 2.971964750031475e-05, 2.2066620658733882e-05, 2.1064901375211775e-05, 1.9451312255114317e-05, 2.3676961063756607e-05, 2.9886781703680754e-05, 2.0111361664021388e-05, 1.5355386494775303e-05, 1.9981127479695715e-05, 1.7922200640896335e-05, 1.5212584912660532e-05, 1.4340166671900079e-05, 1.5201152564259246e-05, 1.3929244232713245e-05, 1.0160528290725779e-05, 8.153171620506328e-06, 7.70466067478992e-06, 8.203419383789878e-06, 8.019715096452273e-06, 8.041770342970267e-06, 7.997498869372066e-06, 5.8369964790472295e-06, 7.212897344288649e-06, 7.810219358361792e-06, 9.558430974720977e-06, 9.086967111215927e-06, 8.664961569593288e-06, 7.726338481006678e-06, 5.810647962789517e-06, 3.5123212001053616e-06, 4.567637915897649e-06, 6.446294719353318e-06, 6.143645350675797e-06, 6.237346042325953e-06, 5.179864729143446e-06, 3.1542940632789396e-06, 3.0882024475431535e-06, 1.8328477153772837e-06, 2.4384326025028713e-06, 1.536619947728468e-06, 1.359395128019969e-06, 1.0931163387795095e-06, 2.433232339171809e-06, 2.0255613435438136e-06, 1.4947839872547775e-06, 1.813355197555211e-06, 1.922660430864198e-06, 1.574586008246115e-06, 1.1100277106379508e-06, 7.942583692965854e-07, 4.3417219330876833e-07, 2.929320714883943e-07, 1.6680219872000634e-08, 1.2069946431214618e-10, 5.857322439573043e-12, 5.3749886486098575e-12, 5.164793072387486e-12, 4.997727925948325e-12, 4.869928679068769e-12, 4.739292725625122e-12, 4.6388478995573745e-12, 4.534986535603691e-12, 4.42507488984667e-12, 4.356601017441175e-12, 4.325417628237016e-12], "lowlevel.melbands128.stdev": [0.0031529751140624285, 0.008312922902405262, 0.0066801621578633785, 0.004503888543695211, 0.00397986127063632, 0.002986985258758068, 0.0021626523230224848, 0.0014697188744321465, 0.000839115004055202, 0.001537467003799975, 0.0013861480401828885, 0.0008723783539608121, 0.001110094366595149, 0.0007673611980862916, 0.000490700826048851, 0.00034017179859802127, 0.0002490136248525232, 0.0002844323171302676, 0.0002760161005426198, 0.00033613358391448855, 0.0003569801338016987, 0.00030117464484646916, 0.0005138361593708396, 0.0003795550437644124, 0.0002307513204868883, 0.00017521828704047948, 0.00012461272126529366, 0.0001355556887574494, 0.00013170868624001741, 0.00011773731966968626, 0.00011222027387702838, 0.00012845896708313376, 0.00011732616258086637, 0.00013762569869868457, 0.00013413262786343694, 0.00028219667728990316, 0.00028534093871712685, 0.0001722059678286314, 0.00014435886987484992, 0.00016567199782002717, 0.00011003245163010433, 0.00013113251770846546, 7.027285028016195e-05, 9.324587153969333e-05, 8.75505938893184e-05, 0.00011128702317364514, 0.0001238030381500721, 7.509220449719578e-05, 6.602919893339276e-05, 4.896405880572274e-05, 4.999652082915418e-05, 9.72230700426735e-05, 7.728409400442615e-05, 9.266582492273301e-05, 0.00011296440061414614, 0.00013958418276160955, 0.0001783628686098382, 0.00017703867342788726, 0.0001780672319000587, 7.239056139951572e-05, 7.553440809715539e-05, 3.9658792957197875e-05, 3.1577859772369266e-05, 2.7305037292535417e-05, 2.1725427359342575e-05, 1.9660950783872977e-05, 1.7820531866163947e-05, 2.2386240743799135e-05, 2.8506612579803914e-05, 1.962698661372997e-05, 1.3060407582088374e-05, 1.7631557057029568e-05, 1.5877651094342582e-05, 1.4337852917378768e-05, 1.2796998817066196e-05, 1.4125491361483e-05, 1.4199830729921814e-05, 1.0220993317489047e-05, 8.997832082968671e-06, 9.150141522695776e-06, 9.249302820535377e-06, 9.26355005503865e-06, 1.01904461189406e-05, 9.609672815713566e-06, 6.9563106990244705e-06, 9.374338333145715e-06, 1.0896565981965978e-05, 1.3636094990943093e-05, 1.1832977179437876e-05, 1.2126282854296733e-05, 1.1785494280047715e-05, 9.261187187803444e-06, 6.944464530533878e-06, 7.645134246558882e-06, 9.65083745541051e-06, 9.530068382446188e-06, 9.012795089802239e-06, 5.812605650135083e-06, 3.388342520338483e-06, 3.2488478609593585e-06, 2.111257572323666e-06, 2.624737135192845e-06, 1.758116241035168e-06, 1.6219256622207467e-06, 1.2369953310553683e-06, 2.570771130194771e-06, 2.159430550818797e-06, 1.646187456572079e-06, 1.95383313439379e-06, 1.898903292385512e-06, 1.7258331581615494e-06, 1.4775284853385529e-06, 9.701446970211691e-07, 7.199810738711676e-07, 5.462763965624617e-07, 4.043604207026874e-08, 2.568576906725184e-09, 9.215395807560256e-12, 8.238007498384547e-12, 7.968055035223465e-12, 7.741237338654283e-12, 7.546742744612978e-12, 7.376461420849356e-12, 7.233923095956163e-12, 7.1172776873462684e-12, 7.025448799102829e-12, 6.95871875747156e-12, 6.917581091281377e-12], "lowlevel.mfcc.mean": [-588.7388305664062, 76.43870544433594, 11.397330284118652, 36.79936981201172, 13.19845199584961, 4.455211162567139, 6.132335662841797, 11.787261009216309, 2.9638307094573975, 3.2704808712005615, 0.39248421788215637, 5.8255815505981445, -3.1762583255767822], "lowlevel.spectral_contrast_coeffs.mean": [-0.6942769885063171, -0.7970792055130005, -0.8115415573120117, -0.8122656941413879, -0.7897915244102478, -0.7480530738830566], "lowlevel.spectral_contrast_coeffs.stdev": [0.06702165305614471, 0.058141130954027176, 0.042435601353645325, 0.041519977152347565, 0.03569354489445686, 0.028659604489803314], "lowlevel.spectral_contrast_valleys.mean": [-6.381396293640137, -6.577777862548828, -7.125124931335449, -7.180092811584473, -6.572443008422852, -9.220746040344238], "lowlevel.spectral_contrast_valleys.stdev": [0.7156370282173157, 0.562161922454834, 0.5490008592605591, 0.5354666113853455, 0.5306546092033386, 0.6205735802650452], "rhythm.beats_loudness_band_ratio.mean": [0.48775458335876465, 0.1672520637512207, 0.06711633503437042, 0.053930941969156265, 0.1049046590924263, 0.14067453145980835], "rhythm.beats_loudness_band_ratio.stdev": [0.27570807933807373, 0.16262389719486237, 0.055047325789928436, 0.06978978216648102, 0.07052145153284073, 0.08759397268295288], "tonal.hpcp.mean": [0.1161826103925705, 0.0967099666595459, 0.11315737664699554, 0.13881726562976837, 0.1394050568342209, 0.09057740122079849, 0.0552324615418911, 0.056654006242752075, 0.0748848095536232, 0.17478621006011963, 0.1665850132703781, 0.0709884911775589, 0.05344540998339653, 0.048092298209667206, 0.06453002244234085, 0.10063601285219193, 0.12363003939390182, 0.16002942621707916, 0.28359755873680115, 0.30411970615386963, 0.1876971423625946, 0.11850646883249283, 0.10124201327562332, 0.12002050876617432, 0.20855768024921417, 0.18623067438602448, 0.08252135664224625, 0.08044292777776718, 0.08068457990884781, 0.07704087346792221, 0.09514470398426056, 0.09999597817659378, 0.11469624191522598, 0.2096404880285263, 0.2858866751194, 0.21379277110099792], "tonal.hpcp.stdev": [0.21098986268043518, 0.19503715634346008, 0.23188655078411102, 0.25126054883003235, 0.26006385684013367, 0.1890203207731247, 0.15743865072727203, 0.1575387418270111, 0.17056821286678314, 0.3030970096588135, 0.28873980045318604, 0.14106665551662445, 0.11279354244470596, 0.09990949183702469, 0.13165080547332764, 0.1838497519493103, 0.2037314623594284, 0.221994087100029, 0.3199673295021057, 0.33230113983154297, 0.2502380907535553, 0.20323258638381958, 0.17830854654312134, 0.19887742400169373, 0.3029923141002655, 0.29287299513816833, 0.14033721387386322, 0.1698688119649887, 0.17810112237930298, 0.17314688861370087, 0.2019605040550232, 0.20347468554973602, 0.2088046371936798, 0.30386802554130554, 0.38376617431640625, 0.3134422302246094], "rhythm.beats_position": [0.5224489569664001, 1.0681178569793701, 1.5789568424224854, 2.0665760040283203, 2.554194927215576, 3.0650339126586914, 3.5526530742645264, 4.051881790161133, 4.539501190185547, 5.038730144500732, 5.526349067687988, 6.013967990875244, 6.501587390899658, 7.012426376342773, 7.500045299530029, 7.999274253845215, 8.486893653869629, 8.986122131347656, 9.47374153137207, 9.961359977722168, 10.448979377746582, 10.948208808898926, 11.447437286376953, 11.935056686401367, 12.422675132751465, 12.921904563903809, 13.421133995056152, 13.90875244140625, 14.396371841430664, 14.907210350036621, 15.394829750061035, 15.88244915008545, 16.370067596435547, 16.86929702758789, 17.345306396484375, 17.844533920288086, 18.34376335144043, 18.854602813720703, 19.342222213745117, 19.82984161376953, 20.317459106445312, 20.816688537597656, 21.31591796875, 21.803537368774414, 22.291156768798828, 22.79038429260254, 23.289613723754883, 23.777233123779297, 24.26485252380371, 24.775691986083984, 25.263309478759766, 25.75092887878418, 26.238548278808594, 26.726167678833008, 27.213787078857422, 27.724624633789062, 28.212244033813477, 28.69986343383789, 29.187482833862305, 29.68671226501465, 30.18593978881836, 30.673559188842773, 31.161178588867188, 31.66040802001953, 32.159637451171875], "rhythm.bpm_histogram": [0.0, 0.0, 0.0, 0.0, 0.0, 0.0, 0.0, 0.0, 0.0, 0.0, 0.0, 0.0, 0.0, 0.0, 0.0, 0.0, 0.0, 0.0, 0.0, 0.0, 0.0, 0.0, 0.0, 0.0, 0.0, 0.0, 0.0, 0.0, 0.0, 0.0, 0.0, 0.0, 0.0, 0.0, 0.0, 0.0, 0.0, 0.0, 0.0, 0.0, 0.0, 0.0, 0.0, 0.0, 0.0, 0.0, 0.0, 0.0, 0.0, 0.0, 0.0, 0.0, 0.0, 0.0, 0.0, 0.0, 0.0, 0.0, 0.0, 0.0, 0.0, 0.0, 0.0, 0.0, 0.0, 0.0, 0.0, 0.0, 0.0, 0.0, 0.0, 0.0, 0.0, 0.0, 0.0, 0.0, 0.0, 0.0, 0.0, 0.0, 0.0, 0.0, 0.0, 0.0, 0.0, 0.0, 0.0, 0.0, 0.0, 0.0, 0.0, 0.0, 0.0, 0.0, 0.0, 0.0, 0.0, 0.0, 0.0, 0.0, 0.0, 0.0, 0.0, 0.0, 0.0, 0.0, 0.0, 0.0, 0.0, 0.0, 0.015625, 0.0, 0.0, 0.0, 0.0, 0.0, 0.0, 0.109375, 0.0, 0.0, 0.296875, 0.0, 0.0, 0.5625, 0.0, 0.0, 0.015625, 0.0, 0.0, 0.0, 0.0, 0.0, 0.0, 0.0, 0.0, 0.0, 0.0, 0.0, 0.0, 0.0, 0.0, 0.0, 0.0, 0.0, 0.0, 0.0, 0.0, 0.0, 0.0, 0.0, 0.0, 0.0, 0.0, 0.0, 0.0, 0.0, 0.0, 0.0, 0.0, 0.0, 0.0, 0.0, 0.0, 0.0, 0.0, 0.0, 0.0, 0.0, 0.0, 0.0, 0.0, 0.0, 0.0, 0.0, 0.0, 0.0, 0.0, 0.0, 0.0, 0.0, 0.0, 0.0, 0.0, 0.0, 0.0, 0.0, 0.0, 0.0, 0.0, 0.0, 0.0, 0.0, 0.0, 0.0, 0.0, 0.0, 0.0, 0.0, 0.0, 0.0, 0.0, 0.0, 0.0, 0.0, 0.0, 0.0, 0.0, 0.0, 0.0, 0.0, 0.0, 0.0, 0.0, 0.0, 0.0, 0.0, 0.0, 0.0, 0.0, 0.0, 0.0, 0.0, 0.0, 0.0, 0.0, 0.0, 0.0, 0.0, 0.0, 0.0, 0.0, 0.0, 0.0, 0.0, 0.0, 0.0, 0.0, 0.0, 0.0, 0.0, 0.0, 0.0, 0.0, 0.0, 0.0, 0.0, 0.0, 0.0, 0.0, 0.0], "tonal.chords_histogram": [51.793399810791016, 5.882352828979492, 4.160688877105713, 3.5868005752563477, 6.025825023651123, 0.0, 0.28694403171539307, 0.430416077375412, 0.0, 0.0, 0.14347201585769653, 0.0, 0.0, 0.0, 0.0, 4.591104507446289, 0.0, 3.1563844680786133, 0.7173601388931274, 0.0, 0.0, 0.14347201585769653, 0.0, 19.08177947998047], "tonal.thpcp": [1.0, 0.6171817779541016, 0.3896704614162445, 0.33290186524391174, 0.3946489095687866, 0.6857749819755554, 0.6123597621917725, 0.27134498953819275, 0.26451075077056885, 0.2653053402900696, 0.2533241808414459, 0.31285279989242554, 0.3288046717643738, 0.3771417737007141, 0.6893354058265686, 0.9400465488433838, 0.702988862991333, 0.3820292055606842, 0.3179996609687805, 0.3720816969871521, 0.4564560055732727, 0.4583887755870819, 0.29783469438552856, 0.1816142201423645, 0.1862885057926178, 0.24623465538024902, 0.5747283101081848, 0.5477613210678101, 0.23342286050319672, 0.17573806643486023, 0.15813608467578888, 0.21218626201152802, 0.33090922236442566, 0.4065176844596863, 0.5262053608894348, 0.9325194954872131], "lowlevel.gfcc.cov": [[2217.612548828125, 61.7083854675293, 65.78011322021484, 242.79092407226562, 129.65321350097656, 8.21048355102539, -26.0664119720459, 61.201602935791016, -20.874366760253906, 17.02240562438965, -42.87175750732422, 65.84583282470703, -28.41944122314453], [61.7083854675293, 556.0142211914062, -42.44520950317383, 37.6111946105957, 132.84310913085938, -17.41993522644043, 75.2729263305664, 12.728724479675293, -0.16133558750152588, -15.98645305633545, 30.523849487304688, -24.35780906677246, 33.169166564941406], [65.78011322021484, -42.44520950317383, 347.3564453125, 141.15878295898438, 29.17151641845703, 17.74134063720703, 56.627166748046875, -4.924687385559082, -44.81373977661133, 7.147075653076172, -32.593597412109375, 5.220330238342285, -4.5904412269592285], [242.79092407226562, 37.6111946105957, 141.15878295898438, 353.0981140136719, 45.317779541015625, 58.50935745239258, 65.093017578125, 20.243701934814453, 41.882938385009766, -14.012716293334961, 1.6134778261184692, -40.79227066040039, 52.63249206542969], [129.65321350097656, 132.84310913085938, 29.17151641845703, 45.317779541015625, 262.52685546875, 30.473615646362305, 57.26507568359375, 48.8751106262207, 1.3385710716247559, 23.45849609375, -16.994220733642578, 12.598275184631348, -11.322768211364746], [8.21048355102539, -17.41993522644043, 17.74134063720703, 58.50935745239258, 30.473615646362305, 156.56605529785156, 117.7126693725586, 33.6490364074707, 14.874547958374023, 3.1607038974761963, 18.19093132019043, -33.36320495605469, -10.872179985046387], [-26.0664119720459, 75.2729263305664, 56.627166748046875, 65.093017578125, 57.26507568359375, 117.7126693725586, 241.5758819580078, 88.02701568603516, -15.99719524383545, 7.504705429077148, 9.205513000488281, -31.256061553955078, -26.587223052978516], [61.201602935791016, 12.728724479675293, -4.924687385559082, 20.243701934814453, 48.8751106262207, 33.6490364074707, 88.02701568603516, 116.55416870117188, 41.7786979675293, 7.580916404724121, -6.030629634857178, -5.5300397872924805, -17.267391204833984], [-20.874366760253906, -0.16133558750152588, -44.81373977661133, 41.882938385009766, 1.3385710716247559, 14.874547958374023, -15.99719524383545, 41.7786979675293, 108.90101623535156, 27.436111450195312, 12.293009757995605, -17.29600715637207, 12.74516487121582], [17.02240562438965, -15.98645305633545, 7.147075653076172, -14.012716293334961, 23.45849609375, 3.1607038974761963, 7.504705429077148, 7.580916404724121, 27.436111450195312, 72.40400695800781, 21.019330978393555, 4.082993984222412, -4.823805332183838], [-42.87175750732422, 30.523849487304688, -32.593597412109375, 1.6134778261184692, -16.994220733642578, 18.19093132019043, 9.205513000488281, -6.030629634857178, 12.293009757995605, 21.019330978393555, 67.2350082397461, 18.20372200012207, 19.308500289916992], [65.84583282470703, -24.35780906677246, 5.220330238342285, -40.79227066040039, 12.598275184631348, -33.36320495605469, -31.256061553955078, -5.5300397872924805, -17.29600715637207, 4.082993984222412, 18.20372200012207, 75.88628387451172, 21.18368148803711], [-28.41944122314453, 33.169166564941406, -4.5904412269592285, 52.63249206542969, -11.322768211364746, -10.872179985046387, -26.587223052978516, -17.267391204833984, 12.74516487121582, -4.823805332183838, 19.308500289916992, 21.18368148803711, 75.3624038696289]], "lowlevel.gfcc.icov": [[0.0008004338014870882, -0.0006506606587208807, 0.0006343166460283101, -0.001608451479114592, 0.0006544420029968023, -0.0012414011871442199, 0.001446354086510837, -0.00125187449157238, 0.00152864633128047, -0.0017163421725854278, 0.0017533592181280255, -0.002432416193187237, 0.0017589711351320148], [-0.0006506606587208807, 0.003932949621230364, -0.0006375411176122725, 0.0022525968961417675, -0.003286611521616578, 0.004363726358860731, -0.0038345742505043745, 0.0025786091573536396, -0.002553575672209263, 0.0044263796880841255, -0.005180485546588898, 0.005624583922326565, -0.0037531957495957613], [0.0006343166460283101, -0.0006375411176122725, 0.0054910690523684025, -0.004285518545657396, 0.0013869251124560833, -0.0015009449562057853, 0.0005762631772086024, -0.0004692353249993175, 0.0038568307645618916, -0.00456961477175355, 0.005326244980096817, -0.00513265747576952, 0.0030682345386594534], [-0.001608451479114592, 0.0022525968961417675, -0.004285518545657396, 0.009585170075297356, -0.003483128035441041, 0.003478827653452754, -0.004707717802375555, 0.003494794014841318, -0.006717910524457693, 0.007513506803661585, -0.0064968266524374485, 0.010124466381967068, -0.008999078534543514], [0.0006544420029968023, -0.003286611521616578, 0.0013869251124560833, -0.003483128035441041, 0.007794888224452734, -0.004839948378503323, 0.0033072498627007008, -0.003974313847720623, 0.003791613271459937, -0.0068336171098053455, 0.0074723646976053715, -0.007643603719770908, 0.004094874486327171], [-0.0012414011871442199, 0.004363726358860731, -0.0015009449562057853, 0.003478827653452754, -0.004839948378503323, 0.017499977722764015, -0.011375375092029572, 0.006613976787775755, -0.007603504229336977, 0.008372555486857891, -0.010206956416368484, 0.010132629424333572, -0.0040212697349488735], [0.001446354086510837, -0.0038345742505043745, 0.0005762631772086024, -0.004707717802375555, 0.0033072498627007008, -0.011375375092029572, 0.017619334161281586, -0.014122498221695423, 0.012482390739023685, -0.008181548677384853, 0.0030262817163020372, -0.0031802221201360226, 0.004875912796705961], [-0.00125187449157238, 0.0025786091573536396, -0.0004692353249993175, 0.003494794014841318, -0.003974313847720623, 0.006613976787775755, -0.014122498221695423, 0.02395123988389969, -0.015947934240102768, 0.007756167557090521, -0.0003878592106048018, -0.0007164101116359234, 0.00028054305585101247], [0.00152864633128047, -0.002553575672209263, 0.0038568307645618916, -0.006717910524457693, 0.003791613271459937, -0.007603504229336977, 0.012482390739023685, -0.015947934240102768, 0.02543298527598381, -0.013703515753149986, 0.0035711328964680433, -0.0005962845752947032, 0.0009237173944711685], [-0.0017163421725854278, 0.0044263796880841255, -0.00456961477175355, 0.007513506803661585, -0.0068336171098053455, 0.008372555486857891, -0.008181548677384853, 0.007756167557090521, -0.013703515753149986, 0.02786657214164734, -0.01536983996629715, 0.00935435388237238, -0.003639559494331479], [0.0017533592181280255, -0.005180485546588898, 0.005326244980096817, -0.0064968266524374485, 0.0074723646976053715, -0.010206956416368484, 0.0030262817163020372, -0.0003878592106048018, 0.0035711328964680433, -0.01536983996629715, 0.03353855386376381, -0.018956422805786133, 0.003579858923330903], [-0.002432416193187237, 0.005624583922326565, -0.00513265747576952, 0.010124466381967068, -0.007643603719770908, 0.010132629424333572, -0.0031802221201360226, -0.0007164101116359234, -0.0005962845752947032, 0.00935435388237238, -0.018956422805786133, 0.03568771481513977, -0.01622411422431469], [0.0017589711351320148, -0.0037531957495957613, 0.0030682345386594534, -0.008999078534543514, 0.004094874486327171, -0.0040212697349488735, 0.004875912796705961, 0.00028054305585101247, 0.0009237173944711685, -0.003639559494331479, 0.003579858923330903, -0.01622411422431469, 0.02712983638048172]], "lowlevel.mfcc.cov": [[2297.213134765625, -52.5838623046875, -24.25082015991211, 195.38487243652344, 107.357177734375, 25.793115615844727, -21.408788681030273, 41.252288818359375, 24.12407112121582, -37.380123138427734, 43.10371017456055, 20.416034698486328, -3.818390130996704], [-52.5838623046875, 535.4881591796875, -158.03564453125, 22.447629928588867, 35.8453369140625, -15.778189659118652, 64.66249084472656, 4.20936393737793, 4.931486129760742, -42.462852478027344, 29.876644134521484, 0.7807559370994568, 2.534606456756592], [-24.25082015991211, -158.03564453125, 335.9307556152344, 97.69013977050781, -40.29570388793945, 46.783935546875, 26.57807731628418, 3.7521605491638184, -1.3714418411254883, 26.437488555908203, -45.697662353515625, -24.98905372619629, 10.161428451538086], [195.38487243652344, 22.447629928588867, 97.69013977050781, 258.3515625, 71.54763793945312, 38.96236801147461, 43.26774978637695, 22.80425262451172, 52.103416442871094, 24.253297805786133, -21.496017456054688, -9.768806457519531, 16.34134292602539], [107.357177734375, 35.8453369140625, -40.29570388793945, 71.54763793945312, 166.687255859375, 22.412261962890625, -39.83631134033203, -10.755905151367188, 17.29932975769043, 6.2711567878723145, -11.83071517944336, 2.482443332672119, -7.993847846984863], [25.793115615844727, -15.778189659118652, 46.783935546875, 38.96236801147461, 22.412261962890625, 124.09498596191406, 80.24541473388672, 17.4006404876709, 17.672935485839844, 36.24626159667969, 8.178732872009277, 0.715667724609375, 2.585689067840576], [-21.408788681030273, 64.66249084472656, 26.57807731628418, 43.26774978637695, -39.83631134033203, 80.24541473388672, 207.2279815673828, 85.82466125488281, 39.968746185302734, 30.377534866333008, 28.533832550048828, 14.129899978637695, 10.229643821716309], [41.252288818359375, 4.20936393737793, 3.7521605491638184, 22.80425262451172, -10.755905151367188, 17.4006404876709, 85.82466125488281, 118.6279296875, 55.57859802246094, 21.694751739501953, 22.29802703857422, 22.781030654907227, 0.9985466599464417], [24.12407112121582, 4.931486129760742, -1.3714418411254883, 52.103416442871094, 17.29932975769043, 17.672935485839844, 39.968746185302734, 55.57859802246094, 96.64691162109375, 48.67820739746094, 23.47517204284668, 12.478294372558594, 8.641361236572266], [-37.380123138427734, -42.462852478027344, 26.437488555908203, 24.253297805786133, 6.2711567878723145, 36.24626159667969, 30.377534866333008, 21.694751739501953, 48.67820739746094, 97.867919921875, 34.37403869628906, 13.104259490966797, 1.2713323831558228], [43.10371017456055, 29.876644134521484, -45.697662353515625, -21.496017456054688, -11.83071517944336, 8.178732872009277, 28.533832550048828, 22.29802703857422, 23.47517204284668, 34.37403869628906, 86.04305267333984, 34.39056396484375, -0.07919511944055557], [20.416034698486328, 0.7807559370994568, -24.98905372619629, -9.768806457519531, 2.482443332672119, 0.715667724609375, 14.129899978637695, 22.781030654907227, 12.478294372558594, 13.104259490966797, 34.39056396484375, 59.65443801879883, 16.768657684326172], [-3.818390130996704, 2.534606456756592, 10.161428451538086, 16.34134292602539, -7.993847846984863, 2.585689067840576, 10.229643821716309, 0.9985466599464417, 8.641361236572266, 1.2713323831558228, -0.07919511944055557, 16.768657684326172, 52.544837951660156]], "lowlevel.mfcc.icov": [[0.0005266172811388969, 0.00017639584257267416, 0.00014653133985120803, -0.0005686491494998336, -0.00010907142859650776, -0.00023241437156684697, 0.0002706536033656448, -0.0003198423655703664, 0.0001440536289010197, 0.0006251310696825385, -0.0007075600442476571, 7.380986789939925e-05, 6.306424620561302e-05], [0.00017639584257267416, 0.002762245712801814, 0.001186578650958836, -0.0007070681895129383, -0.000776330882217735, 0.0008855975465849042, -0.0017712240805849433, 0.0008836807101033628, -0.00017308407404925674, 0.0016581969102844596, -0.001426943577826023, 0.0009631394641473889, -0.00028481779736466706], [0.00014653133985120803, 0.001186578650958836, 0.005192577373236418, -0.00256698508746922, 0.0022838558070361614, -0.0015996814472600818, 0.0004167309671174735, -0.0005988317425362766, 0.0015294267795979977, -0.0012726900167763233, 0.001932374550960958, 0.0006820705020800233, -0.0003315012145321816], [-0.0005686491494998336, -0.0007070681895129383, -0.00256698508746922, 0.007354388013482094, -0.0034363141749054193, 0.000980005250312388, -0.002016698010265827, 0.0010624880669638515, -0.0032954385969787836, -0.00040157404146157205, 0.0015200483612716198, 0.000925878994166851, -0.0017380868084728718], [-0.00010907142859650776, -0.000776330882217735, 0.0022838558070361614, -0.0034363141749054193, 0.010423198342323303, -0.004536820109933615, 0.004565123002976179, -0.0004872749268542975, -0.0009337207302451134, -0.0006113979034125805, 0.0028050739783793688, -0.0028725985903292894, 0.002675332361832261], [-0.00023241437156684697, 0.0008855975465849042, -0.0015996814472600818, 0.000980005250312388, -0.004536820109933615, 0.0149165578186512, -0.007921428419649601, 0.003210095688700676, 0.0006296631181612611, -0.003345789387822151, -0.00032328595989383757, 0.001114108134061098, -0.0003767286834772676], [0.0002706536033656448, -0.0017712240805849433, 0.0004167309671174735, -0.002016698010265827, 0.004565123002976179, -0.007921428419649601, 0.012921880930662155, -0.007861807011067867, 0.0013436077861115336, -0.00022669833560939878, -0.0010496299946680665, 0.00025656758225522935, -0.0009291993919759989], [-0.0003198423655703664, 0.0008836807101033628, -0.0005988317425362766, 0.0010624880669638515, -0.0004872749268542975, 0.003210095688700676, -0.007861807011067867, 0.018268054351210594, -0.009403924457728863, 0.0023616678081452847, 0.0010745842009782791, -0.005372090730816126, 0.003876232309266925], [0.0001440536289010197, -0.00017308407404925674, 0.0015294267795979977, -0.0032954385969787836, -0.0009337207302451134, 0.0006296631181612611, 0.0013436077861115336, -0.009403924457728863, 0.021799305453896523, -0.008645703084766865, -0.0018469991628080606, 0.0028273826465010643, -0.0037889317609369755], [0.0006251310696825385, 0.0016581969102844596, -0.0012726900167763233, -0.00040157404146157205, -0.0006113979034125805, -0.003345789387822151, -0.00022669833560939878, 0.0023616678081452847, -0.008645703084766865, 0.019293440505862236, -0.007192560937255621, -0.0003078845329582691, 0.0014497855445370078], [-0.0007075600442476571, -0.001426943577826023, 0.001932374550960958, 0.0015200483612716198, 0.0028050739783793688, -0.00032328595989383757, -0.0010496299946680665, 0.0010745842009782791, -0.0018469991628080606, -0.007192560937255621, 0.022039758041501045, -0.010745573788881302, 0.003737803315743804], [7.380986789939925e-05, 0.0009631394641473889, 0.0006820705020800233, 0.000925878994166851, -0.0028725985903292894, 0.001114108134061098, 0.00025656758225522935, -0.005372090730816126, 0.0028273826465010643, -0.0003078845329582691, -0.010745573788881302, 0.027811825275421143, -0.010249977000057697], [6.306424620561302e-05, -0.00028481779736466706, -0.0003315012145321816, -0.0017380868084728718, 0.002675332361832261, -0.0003767286834772676, -0.0009291993919759989, 0.003876232309266925, -0.0037889317609369755, 0.0014497855445370078, 0.003737803315743804, -0.010249977000057697, 0.02405187301337719]], "metadata.audio_properties.analysis.downmix": "mix", "metadata.audio_properties.codec": "mp3", "metadata.audio_properties.md5_encoded": "df8ca9b7e8a8158f73130546ceb47040", "metadata.tags.file_name": "1182275226969587712.mp3", "metadata.version.essentia": "2.1-beta6-dev", "metadata.version.essentia_git_sha": "v2.1_beta5-1110-g77a6a954", "metadata.version.extractor": "music 2.0", "tonal.chords_key": "Ab", "tonal.chords_scale": "major", "tonal.key_edma.key": "Ab", "tonal.key_edma.scale": "major", "tonal.key_krumhansl.key": "Ab", "tonal.key_krumhansl.scale": "major", "tonal.key_temperley.key": "Ab", "tonal.key_temperley.scale": "major", "metadata.tags.enc