{"song_id": "1182274149197021264", "download": "https://cdn.discordapp.com/attachments/1135903449314238464/1182274149197021264/chirp.mp4?ex=6584199a&amp", "lyrics": "Wave goodbye to tooth decay,\nSmile bright, hip hip hooray!\n\nOutro:\nGululu, gululu, what a wonderful feat,\nOur teeth are clean, oh so neat!\nTogether we've brushed, and had some fun,\nHealthy teeth for everyone!", "style": ["happy song for kids"], "essentia_features": {"lowlevel.average_loudness": 0.9695191383361816, "lowlevel.barkbands_crest.mean": 11.4318208694458, "lowlevel.barkbands_crest.stdev": 3.8419554233551025, "lowlevel.barkbands_flatness_db.mean": 0.1497437208890915, "lowlevel.barkbands_flatness_db.stdev": 0.039983537048101425, "lowlevel.barkbands_kurtosis.mean": 5.6320648193359375, "lowlevel.barkbands_kurtosis.stdev": 8.533682823181152, "lowlevel.barkbands_skewness.mean": 1.7920304536819458, "lowlevel.barkbands_skewness.stdev": 1.2945643663406372, "lowlevel.barkbands_spread.mean": 24.399011611938477, "lowlevel.barkbands_spread.stdev": 17.13837432861328, "lowlevel.dissonance.mean": 0.4482729732990265, "lowlevel.dissonance.stdev": 0.03167735040187836, "lowlevel.dynamic_complexity": 2.1613199710845947, "lowlevel.erbbands_crest.mean": 12.897051811218262, "lowlevel.erbbands_crest.stdev": 5.748952865600586, "lowlevel.erbbands_flatness_db.mean": 0.16074234247207642, "lowlevel.erbbands_flatness_db.stdev": 0.04722997918725014, "lowlevel.erbbands_kurtosis.mean": 0.8408749103546143, "lowlevel.erbbands_kurtosis.stdev": 2.6903035640716553, "lowlevel.erbbands_skewness.mean": 0.6036790609359741, "lowlevel.erbbands_skewness.stdev": 0.892117440700531, "lowlevel.erbbands_spread.mean": 47.92997360229492, "lowlevel.erbbands_spread.stdev": 27.765546798706055, "lowlevel.hfc.mean": 27.724477767944336, "lowlevel.hfc.stdev": 16.723886489868164, "lowlevel.loudness_ebu128.integrated": -11.812952041625977, "lowlevel.loudness_ebu128.loudness_range": 2.0946083068847656, "lowlevel.loudness_ebu128.momentary.mean": -12.043789863586426, "lowlevel.loudness_ebu128.momentary.stdev": 1.4808192253112793, "lowlevel.loudness_ebu128.short_term.mean": -11.880029678344727, "lowlevel.loudness_ebu128.short_term.stdev": 0.8006811141967773, "lowlevel.melbands_crest.mean": 14.515154838562012, "lowlevel.melbands_crest.stdev": 4.619114398956299, "lowlevel.melbands_flatness_db.mean": 0.20559068024158478, "lowlevel.melbands_flatness_db.stdev": 0.04607986658811569, "lowlevel.melbands_kurtosis.mean": 18.759740829467773, "lowlevel.melbands_kurtosis.stdev": 21.69938087463379, "lowlevel.melbands_skewness.mean": 3.0338497161865234, "lowlevel.melbands_skewness.stdev": 1.9138739109039307, "lowlevel.melbands_spread.mean": 22.2871036529541, "lowlevel.melbands_spread.stdev": 15.995080947875977, "lowlevel.pitch_salience.mean": 0.49199289083480835, "lowlevel.pitch_salience.stdev": 0.10148295015096664, "lowlevel.silence_rate_20dB.mean": 1.0, "lowlevel.silence_rate_20dB.stdev": 0.0, "lowlevel.silence_rate_30dB.mean": 1.0, "lowlevel.silence_rate_30dB.stdev": 0.0, "lowlevel.silence_rate_60dB.mean": 0.00154440151527524, "lowlevel.silence_rate_60dB.stdev": 0.039268504828214645, "lowlevel.spectral_centroid.mean": 1278.767333984375, "lowlevel.spectral_centroid.stdev": 590.1468505859375, "lowlevel.spectral_complexity.mean": 15.407722473144531, "lowlevel.spectral_complexity.stdev": 6.365137100219727, "lowlevel.spectral_decrease.mean": -7.2125638794773295e-09, "lowlevel.spectral_decrease.stdev": 3.5673075604591986e-09, "lowlevel.spectral_energy.mean": 0.029736561700701714, "lowlevel.spectral_energy.stdev": 0.014430285431444645, "lowlevel.spectral_energyband_high.mean": 0.0012956361752003431, "lowlevel.spectral_energyband_high.stdev": 0.0013106329133734107, "lowlevel.spectral_energyband_low.mean": 0.005684619303792715, "lowlevel.spectral_energyband_low.stdev": 0.0073203155770897865, "lowlevel.spectral_energyband_middle_high.mean": 0.007760604843497276, "lowlevel.spectral_energyband_middle_high.stdev": 0.009603033773601055, "lowlevel.spectral_energyband_middle_low.mean": 0.01611526869237423, "lowlevel.spectral_energyband_middle_low.stdev": 0.010630003176629543, "lowlevel.spectral_entropy.mean": 7.389226913452148, "lowlevel.spectral_entropy.stdev": 0.4478452205657959, "lowlevel.spectral_flux.mean": 0.07485168427228928, "lowlevel.spectral_flux.stdev": 0.04361782968044281, "lowlevel.spectral_kurtosis.mean": 3.4058427810668945, "lowlevel.spectral_kurtosis.stdev": 2.017666816711426, "lowlevel.spectral_rms.mean": 0.005201343912631273, "lowlevel.spectral_rms.stdev": 0.0013990496518090367, "lowlevel.spectral_rolloff.mean": 1666.225341796875, "lowlevel.spectral_rolloff.stdev": 1905.422607421875, "lowlevel.spectral_skewness.mean": 1.4683088064193726, "lowlevel.spectral_skewness.stdev": 0.4159732460975647, "lowlevel.spectral_spread.mean": 6017365.0, "lowlevel.spectral_spread.stdev": 2207108.25, "lowlevel.spectral_strongpeak.mean": 1.9470552206039429, "lowlevel.spectral_strongpeak.stdev": 1.9273793697357178, "lowlevel.zerocrossingrate.mean": 0.0717901661992073, "lowlevel.zerocrossingrate.stdev": 0.03891635313630104, "metadata.audio_properties.analysis.equal_loudness": 0.0, "metadata.audio_properties.analysis.length": 30.03628158569336, "metadata.audio_properties.analysis.sample_rate": 44100.0, "metadata.audio_properties.analysis.start_time": 0.0, "metadata.audio_properties.bit_rate": 117733.0, "metadata.audio_properties.length": 30.03733253479004, "metadata.audio_properties.lossless": 0.0, "metadata.audio_properties.number_channels": 1.0, "metadata.audio_properties.replay_gain": -14.586103439331055, "metadata.audio_properties.sample_rate": 48000.0, "rhythm.beats_count": 58.0, "rhythm.beats_loudness.mean": 0.03299400955438614, "rhythm.beats_loudness.stdev": 0.0075209964998066425, "rhythm.bpm": 117.267333984375, "rhythm.bpm_histogram_first_peak_bpm": 117.0, "rhythm.bpm_histogram_first_peak_weight": 0.07142853736877441, "rhythm.bpm_histogram_second_peak_bpm": 123.0, "rhythm.bpm_histogram_second_peak_spread": 0.0, "rhythm.bpm_histogram_second_peak_weight": 0.017543859779834747, "rhythm.danceability": 1.1847602128982544, "rhythm.onset_rate": 4.524550914764404, "tonal.chords_changes_rate": 0.05246913433074951, "tonal.chords_number_rate": 0.010802469216287136, "tonal.chords_strength.mean": 0.519145667552948, "tonal.chords_strength.stdev": 0.05598670616745949, "tonal.hpcp_crest.mean": 19.419349670410156, "tonal.hpcp_crest.stdev": 7.973164081573486, "tonal.hpcp_entropy.mean": 1.3391200304031372, "tonal.hpcp_entropy.stdev": 0.6435041427612305, "tonal.key_edma.strength": 0.7339681386947632, "tonal.key_krumhansl.strength": 0.7446751594543457, "tonal.key_temperley.strength": 0.7525365948677063, "tonal.tuning_diatonic_strength": 0.6381845474243164, "tonal.tuning_equal_tempered_deviation": 0.024939466267824173, "tonal.tuning_frequency": 439.2381896972656, "tonal.tuning_nontempered_energy_ratio": 0.6186701059341431, "lowlevel.barkbands.mean": [7.032580469967797e-05, 0.0016336662229150534, 0.003038405906409025, 0.002204416086897254, 0.002601735759526491, 0.006621129345148802, 0.0020506479777395725, 0.001501195365563035, 0.0008238794398494065, 0.0012340052053332329, 0.0014588662888854742, 0.0014747676905244589, 0.001045613782480359, 0.0003491214010864496, 0.0004308981297072023, 0.00031098403269425035, 0.0004546950221993029, 0.0005098672118037939, 0.0003726138675119728, 0.0006262572132982314, 0.00021970817761030048, 7.264845771715045e-05, 0.00011212670506210998, 0.0002065059816231951, 0.00021759970695711672, 9.311277244705707e-05, 1.812470600270899e-06], "lowlevel.barkbands.stdev": [8.647034701425582e-05, 0.0041420720517635345, 0.0038373207207769156, 0.002010691212490201, 0.0032377915922552347, 0.007487733382731676, 0.005278855096548796, 0.0042264144867658615, 0.002447390230372548, 0.003702479647472501, 0.0039699194021523, 0.00478937104344368, 0.0038690834771841764, 0.0012004075106233358, 0.0010983237298205495, 0.0008973566582426429, 0.0011590556241571903, 0.0011324947699904442, 0.0005226887878961861, 0.0008048223098739982, 0.00031312191276811063, 0.00013697931717615575, 0.0002564365277066827, 0.0004886501119472086, 0.00028598238714039326, 0.00015507801435887814, 5.795207016490167e-06], "lowlevel.erbbands.mean": [0.020622961223125458, 0.4797654449939728, 2.7525975704193115, 6.054481029510498, 7.9522480964660645, 7.845949172973633, 20.754497528076172, 73.01985168457031, 38.75665283203125, 33.01188278198242, 19.753368377685547, 23.315654754638672, 25.40203857421875, 40.138946533203125, 77.32402801513672, 72.74089813232422, 54.166812896728516, 22.98801040649414, 27.122146606445312, 13.049785614013672, 18.86814308166504, 25.814334869384766, 31.789398193359375, 21.2735538482666, 18.626129150390625, 29.47190284729004, 17.132308959960938, 5.328729629516602, 2.9289374351501465, 2.2497637271881104, 3.393768787384033, 3.940258502960205, 3.6164515018463135, 2.858828544616699, 1.2789555788040161, 0.5113445520401001, 0.14927534759044647, 0.018299691379070282, 0.00038319872692227364, 5.2503670303849503e-05], "lowlevel.erbbands.stdev": [0.06809057295322418, 1.1337326765060425, 3.860433578491211, 5.552516937255859, 7.256427764892578, 12.402798652648926, 31.755985260009766, 81.0145492553711, 83.12557983398438, 84.99687194824219, 59.00846481323242, 68.19437408447266, 64.0976791381836, 126.46924591064453, 206.1421356201172, 227.64601135253906, 185.4503631591797, 62.91706466674805, 68.02989196777344, 27.169668197631836, 50.209014892578125, 59.10499954223633, 73.14781188964844, 34.36019515991211, 25.23691177368164, 37.9820556640625, 22.655744552612305, 7.9582977294921875, 5.183717250823975, 4.882420539855957, 7.957223415374756, 10.591874122619629, 7.489670753479004, 3.956630229949951, 1.8051061630249023, 0.8178659081459045, 0.2607043981552124, 0.0360487625002861, 0.000707849976606667, 3.2679690775694326e-05], "lowlevel.gfcc.mean": [16.86664390563965, 74.43881225585938, -102.22196960449219, 30.678977966308594, -66.32073211669922, 9.273361206054688, -51.356292724609375, 9.624137878417969, -46.15495681762695, 6.2195634841918945, -12.730507850646973, -4.327716827392578, -8.229958534240723], "lowlevel.melbands.mean": [0.0003186170069966465, 0.0012164535000920296, 0.0011491039767861366, 0.0005028931191191077, 0.00072117691161111, 0.0014905359130352736, 0.0005457494989968836, 0.00036741141229867935, 0.00013294532254803926, 0.00014897958317305893, 0.00012569419050123543, 0.00015915602853056043, 0.00020422242232598364, 0.00021662915241904557, 0.00014289729006122798, 9.107140067499131e-05, 3.7898262235103175e-05, 4.348475340520963e-05, 2.0143857909715734e-05, 2.0991108613088727e-05, 2.126071194652468e-05, 2.640869570313953e-05, 3.3451808121753857e-05, 1.983186484721955e-05, 1.7051495888154022e-05, 1.2706284906016663e-05, 1.4807872503297403e-05, 2.1302903405739926e-05, 1.3539778592530638e-05, 5.185549525776878e-06, 2.3299769509321777e-06, 1.734192892399733e-06, 1.1740186209863168e-06, 1.29897955503111e-06, 1.7738432234182255e-06, 2.3891543605714105e-06, 2.455314415783505e-06, 2.5222659587598173e-06, 2.6333104869991075e-06, 2.3784211862221127e-06], "lowlevel.melbands.stdev": [0.0008616062114015222, 0.0017548252362757921, 0.0009099378949031234, 0.0005107645993120968, 0.0010204196441918612, 0.0016570923617109656, 0.001228125998750329, 0.0009877252159640193, 0.0004332363896537572, 0.00044317200081422925, 0.00033586149220354855, 0.0005601542070508003, 0.0005582839366979897, 0.0005800931830890477, 0.0004533414321485907, 0.0003065355122089386, 0.0001340070739388466, 0.00010916995233856142, 4.8399026127299294e-05, 5.7647208450362086e-05, 6.212807784322649e-05, 6.431371730286628e-05, 8.494107169099152e-05, 3.9601214666618034e-05, 3.1006773497210816e-05, 2.0487757865339518e-05, 1.985525705094915e-05, 3.0102031814749353e-05, 1.8933524188469164e-05, 9.59429053182248e-06, 4.018330855615204e-06, 3.2716591249482008e-06, 2.331655650777975e-06, 3.1101187687454512e-06, 4.006480594398454e-06, 6.507470061478671e-06, 6.735019724146696e-06, 5.816174052597489e-06, 4.380428890726762e-06, 3.293261670478387e-06], "lowlevel.melbands128.mean": [2.4750488591962494e-05, 8.495691872667521e-05, 0.0003530374669935554, 0.0009204105008393526, 0.0012044589966535568, 0.0016322340816259384, 0.00120003882329911, 0.001168346730992198, 0.0008515939116477966, 0.000269837531959638, 0.00039710174314677715, 0.000647598528303206, 0.0004502076772041619, 0.0011391594307497144, 0.00236986530944705, 0.0011329308617860079, 0.0005970110069029033, 0.0005556562100537121, 0.0003128684766124934, 0.00034559404593892395, 0.0004719104035757482, 0.00016846491780597717, 0.00010493099398445338, 4.50633633590769e-05, 0.00016359890287276357, 0.0002068579924525693, 7.696902321185917e-05, 0.0001383443595841527, 9.774943464435637e-05, 0.00026352141867391765, 0.00014396147162187845, 3.885692058247514e-05, 0.0001494338212069124, 0.00047392366104759276, 9.665449761087075e-05, 0.0002300478081451729, 0.00023751912522129714, 6.0617199778789654e-05, 0.0001793575647752732, 0.00012109083036193624, 8.369228453375399e-05, 1.1797496881627012e-05, 3.88105763704516e-05, 5.758253246312961e-05, 1.650731428526342e-05, 5.86325659241993e-05, 5.3874216973781586e-05, 1.064233401848469e-05, 1.1499888387334067e-05, 1.379207878926536e-05, 2.441919241391588e-05, 2.563529233157169e-05, 2.2111873477115296e-05, 1.6716854588594288e-05, 2.4679378839209676e-05, 3.327383456053212e-05, 1.6361116649932228e-05, 3.327999002067372e-05, 3.991298581240699e-05, 4.05357095587533e-05, 8.002813046914525e-06, 1.0485702659934759e-05, 3.255786214140244e-05, 1.2591400263772812e-05, 4.995176368538523e-06, 1.5686338883824646e-05, 1.6102670997497626e-05, 7.292588179552695e-06, 1.6350479199900292e-05, 2.369664071011357e-05, 1.3084406418784056e-05, 3.180160274496302e-05, 1.791590329958126e-05, 9.007254448079038e-06, 8.249680831795558e-06, 5.975603926344775e-06, 3.872719844366657e-06, 2.363005478400737e-06, 2.393189333815826e-06, 1.7172558273159666e-06, 1.9672286271088524e-06, 1.6797830539871939e-06, 1.3232343007985037e-06, 1.1670801995933289e-06, 9.880872084977455e-07, 1.0478781860001618e-06, 1.540675611977349e-06, 1.543716393825889e-06, 1.6067683645815123e-06, 1.9859519397869008e-06, 2.578561407062807e-06, 2.3592820070916787e-06, 2.4012554149521748e-06, 2.168372930100304e-06, 2.8011213544232305e-06, 2.836992962329532e-06, 2.2125918803794775e-06, 2.328330992895644e-06, 2.8842007395724067e-06, 2.7148082608619006e-06, 2.323077978871879e-06, 2.6278066798113286e-06, 2.0330123788880883e-06, 1.4688408782603801e-06, 1.3107298855175031e-06, 1.4052527603780618e-06, 1.0414947837489308e-06, 1.0682289257601951e-06, 9.408646519659669e-07, 6.922502961970167e-07, 4.873800207860768e-07, 5.545310273191717e-07, 5.041616759626777e-07, 3.7070631719871017e-07, 3.250419524647441e-07, 2.003173733555741e-07, 7.43484065424127e-08, 4.041696977097331e-10, 3.855180064071817e-12, 3.679648599708152e-12, 3.5561202420264504e-12, 3.454169459141121e-12, 3.369338011718903e-12, 3.29418892337785e-12, 3.1905357262412837e-12, 3.064263903382325e-12, 2.9888411624129363e-12, 2.963320561155669e-12], "lowlevel.melbands128.stdev": [5.418249565991573e-05, 0.00043242587707936764, 0.0011344687081873417, 0.0022558150812983513, 0.002249443205073476, 0.0020203369203954935, 0.0013562556123360991, 0.0011740531772375107, 0.0008653380209580064, 0.0004197581729386002, 0.0007781490567140281, 0.0013157700886949897, 0.0011844885302707553, 0.001886791898868978, 0.00279828323982656, 0.00188836466986686, 0.0017086287261918187, 0.0019350969232618809, 0.0011485362192615867, 0.0011925061699002981, 0.0015041804872453213, 0.0005992408841848373, 0.0006467179046012461, 0.00021833341452293098, 0.0006464521866291761, 0.000687008781824261, 0.0002788951969705522, 0.0005352545413188636, 0.0004364602791611105, 0.001090844045393169, 0.0005915280780754983, 0.0001476466131862253, 0.0004686068859882653, 0.0014932354679331183, 0.00038791244151070714, 0.0010169553570449352, 0.0009665082907304168, 0.00037532244459725916, 0.0009567494853399694, 0.00047048009582795203, 0.0004055290773976594, 5.386666452977806e-05, 0.00017410723376087844, 0.0002529750927351415, 7.293977250810713e-05, 0.00018398428801447153, 0.00018906830518972129, 5.5286047427216545e-05, 3.597499380703084e-05, 5.3566884162137285e-05, 9.373079956276342e-05, 0.00011335503222653642, 0.0001114460319513455, 7.25890276953578e-05, 7.011002162471414e-05, 0.00011033201008103788, 7.490030111512169e-05, 0.00016287964535877109, 0.00012283408432267606, 0.0001265250175492838, 2.0651195882237516e-05, 2.5459294192842208e-05, 6.968402158236131e-05, 3.0490078643197194e-05, 1.1411400919314474e-05, 2.864741145458538e-05, 3.5914810723625124e-05, 1.9231454643886536e-05, 3.140205444651656e-05, 4.308122879592702e-05, 2.5296798412455246e-05, 7.263420411618426e-05, 3.5438828490441665e-05, 1.523706396255875e-05, 1.4839748473605141e-05, 1.9798482753685676e-05, 6.023388777975924e-06, 4.42653526988579e-06, 5.461202817969024e-06, 3.4725310342764715e-06, 4.496579549595481e-06, 3.245594825784792e-06, 2.9329473818506813e-06, 2.309442606929224e-06, 2.687404503376456e-06, 2.4208154627558542e-06, 4.374193849798758e-06, 3.7942306789773284e-06, 3.455923661022098e-06, 5.488463557412615e-06, 7.5525986176216975e-06, 6.588517862837762e-06, 7.915326932561584e-06, 6.742835012119031e-06, 8.249762686318718e-06, 6.672204563074047e-06, 5.790280283690663e-06, 4.8253136810672e-06, 5.2440173021750525e-06, 4.695315965363989e-06, 3.3090730084950337e-06, 3.946913238905836e-06, 3.5711473174160346e-06, 2.6321899895265233e-06, 2.184157665396924e-06, 2.2428430384024978e-06, 1.6924979036048171e-06, 1.7596997849977924e-06, 1.7425394389647408e-06, 1.3635223012897768e-06, 1.0134003787243273e-06, 1.0459928034833865e-06, 9.401113061358046e-07, 7.151338650146499e-07, 6.314022584774648e-07, 4.893228151559015e-07, 2.2631731155797752e-07, 3.851072793992216e-09, 6.262107152266161e-12, 6.089642245327154e-12, 5.969065519639827e-12, 5.845995562636652e-12, 5.7477694478946795e-12, 5.583534502806575e-12, 5.036711932943083e-12, 4.484231562462693e-12, 4.354216640023445e-12, 4.327132402393019e-12], "lowlevel.mfcc.mean": [-633.5132446289062, 106.94623565673828, 16.40181541442871, 22.229137420654297, 7.661722660064697, -8.005990982055664, 11.337519645690918, -14.373894691467285, -8.388745307922363, -6.975255489349365, -13.052192687988281, -0.8877306580543518, -0.8234314918518066], "lowlevel.spectral_contrast_coeffs.mean": [-0.6535537242889404, -0.623933732509613, -0.7147178649902344, -0.763969898223877, -0.7586988210678101, -0.7790179252624512], "lowlevel.spectral_contrast_coeffs.stdev": [0.058689359575510025, 0.08476106077432632, 0.09115774929523468, 0.06538183987140656, 0.06224936619400978, 0.03589283302426338], "lowlevel.spectral_contrast_valleys.mean": [-6.85162353515625, -7.257575511932373, -7.760427951812744, -8.015109062194824, -7.603135585784912, -9.97066879272461], "lowlevel.spectral_contrast_valleys.stdev": [0.5966781973838806, 0.5754523873329163, 0.5527012944221497, 0.5590386390686035, 0.6482378244400024, 0.7435229420661926], "rhythm.beats_loudness_band_ratio.mean": [0.24766415357589722, 0.2938987910747528, 0.16153278946876526, 0.1717972308397293, 0.0820041224360466, 0.09256702661514282], "rhythm.beats_loudness_band_ratio.stdev": [0.16608670353889465, 0.19723762571811676, 0.15219110250473022, 0.20014794170856476, 0.07447218149900436, 0.04954890161752701], "tonal.hpcp.mean": [0.10199707746505737, 0.06865937262773514, 0.04799288883805275, 0.12318115681409836, 0.09816703200340271, 0.017794223502278328, 0.01844245381653309, 0.02079220488667488, 0.19014330208301544, 0.36113041639328003, 0.20290341973304749, 0.02933368645608425, 0.019164131954312325, 0.023829204961657524, 0.06198367476463318, 0.11069332808256149, 0.08278299123048782, 0.038402266800403595, 0.024186935275793076, 0.010412379167973995, 0.0387621633708477, 0.08445892482995987, 0.07495381683111191, 0.3177686035633087, 0.5719853639602661, 0.3016569912433624, 0.02722834050655365, 0.009245282039046288, 0.014802171848714352, 0.07624448090791702, 0.14584387838840485, 0.09542113542556763, 0.026005588471889496, 0.020651735365390778, 0.023772412911057472, 0.06144203245639801], "tonal.hpcp.stdev": [0.24387799203395844, 0.19404369592666626, 0.12555305659770966, 0.23820888996124268, 0.20117324590682983, 0.08254766464233398, 0.09084394574165344, 0.09085675328969955, 0.24877189099788666, 0.4001252055168152, 0.25421425700187683, 0.1173861026763916, 0.09312089532613754, 0.11579254269599915, 0.17727594077587128, 0.260175883769989, 0.1976948380470276, 0.12322527170181274, 0.09080387651920319, 0.053209640085697174, 0.11918474733829498, 0.20816728472709656, 0.18765319883823395, 0.2648637890815735, 0.4116590619087219, 0.25667476654052734, 0.10674504935741425, 0.05444895848631859, 0.06880728900432587, 0.17418350279331207, 0.2653960585594177, 0.19591742753982544, 0.10743866115808487, 0.10485963523387909, 0.10603251308202744, 0.1629958152770996], "rhythm.beats_position": [0.5572788715362549, 1.0681178569793701, 1.5789568424224854, 2.0897958278656006, 2.600634813308716, 3.1230838298797607, 3.6455328464508057, 4.156371593475342, 4.643990993499756, 5.154829978942871, 5.665668964385986, 6.176507949829102, 6.687346935272217, 7.209795951843262, 7.720634937286377, 8.231473922729492, 8.753922462463379, 9.264761924743652, 9.77560043334961, 10.286439895629883, 10.79727840423584, 11.308117866516113, 11.81895637512207, 12.329795837402344, 12.8406343460083, 13.351473808288574, 13.862312316894531, 14.373151779174805, 14.883990287780762, 15.394829750061035, 15.905668258666992, 16.416507720947266, 16.92734718322754, 17.43818473815918, 17.949024200439453, 18.459863662719727, 18.970703125, 19.48154067993164, 19.992380142211914, 20.503219604492188, 21.01405906677246, 21.5248966217041, 22.035736083984375, 22.54657554626465, 23.057415008544922, 23.568254470825195, 24.079092025756836, 24.58993148803711, 25.100770950317383, 25.611610412597656, 26.122447967529297, 26.63328742980957, 27.144126892089844, 27.654966354370117, 28.165803909301758, 28.67664337158203, 29.187482833862305, 29.698322296142578], "rhythm.bpm_histogram": [0.0, 0.0, 0.0, 0.0, 0.0, 0.0, 0.0, 0.0, 0.0, 0.0, 0.0, 0.0, 0.0, 0.0, 0.0, 0.0, 0.0, 0.0, 0.0, 0.0, 0.0, 0.0, 0.0, 0.0, 0.0, 0.0, 0.0, 0.0, 0.0, 0.0, 0.0, 0.0, 0.0, 0.0, 0.0, 0.0, 0.0, 0.0, 0.0, 0.0, 0.0, 0.0, 0.0, 0.0, 0.0, 0.0, 0.0, 0.0, 0.0, 0.0, 0.0, 0.0, 0.0, 0.0, 0.0, 0.0, 0.0, 0.0, 0.0, 0.0, 0.0, 0.0, 0.0, 0.0, 0.0, 0.0, 0.0, 0.0, 0.0, 0.0, 0.0, 0.0, 0.0, 0.0, 0.0, 0.0, 0.0, 0.0, 0.0, 0.0, 0.0, 0.0, 0.0, 0.0, 0.0, 0.0, 0.0, 0.0, 0.0, 0.0, 0.0, 0.0, 0.0, 0.0, 0.0, 0.0, 0.0, 0.0, 0.0, 0.0, 0.0, 0.0, 0.0, 0.0, 0.0, 0.0, 0.0, 0.0, 0.0, 0.0, 0.0, 0.0, 0.0, 0.0, 0.0, 0.07017543911933899, 0.0, 0.9122806787490845, 0.0, 0.0, 0.0, 0.0, 0.0, 0.017543859779834747, 0.0, 0.0, 0.0, 0.0, 0.0, 0.0, 0.0, 0.0, 0.0, 0.0, 0.0, 0.0, 0.0, 0.0, 0.0, 0.0, 0.0, 0.0, 0.0, 0.0, 0.0, 0.0, 0.0, 0.0, 0.0, 0.0, 0.0, 0.0, 0.0, 0.0, 0.0, 0.0, 0.0, 0.0, 0.0, 0.0, 0.0, 0.0, 0.0, 0.0, 0.0, 0.0, 0.0, 0.0, 0.0, 0.0, 0.0, 0.0, 0.0, 0.0, 0.0, 0.0, 0.0, 0.0, 0.0, 0.0, 0.0, 0.0, 0.0, 0.0, 0.0, 0.0, 0.0, 0.0, 0.0, 0.0, 0.0, 0.0, 0.0, 0.0, 0.0, 0.0, 0.0, 0.0, 0.0, 0.0, 0.0, 0.0, 0.0, 0.0, 0.0, 0.0, 0.0, 0.0, 0.0, 0.0, 0.0, 0.0, 0.0, 0.0, 0.0, 0.0, 0.0, 0.0, 0.0, 0.0, 0.0, 0.0, 0.0, 0.0, 0.0, 0.0, 0.0, 0.0, 0.0, 0.0, 0.0, 0.0, 0.0, 0.0, 0.0, 0.0, 0.0, 0.0, 0.0, 0.0, 0.0, 0.0, 0.0, 0.0, 0.0, 0.0, 0.0, 0.0, 0.0, 0.0], "tonal.chords_histogram": [56.01852035522461, 0.15432098507881165, 12.962963104248047, 0.0, 0.0, 0.0, 0.0, 0.0, 0.0, 0.0, 0.0, 0.0, 0.0, 0.0, 0.0, 1.2345678806304932, 0.0, 10.95678997039795, 0.0, 1.3888888359069824, 0.0, 0.0, 16.203702926635742, 1.080246925354004], "tonal.thpcp": [1.0, 0.5273858308792114, 0.04760321229696274, 0.016163494437932968, 0.025878585875034332, 0.13329796493053436, 0.25497832894325256, 0.16682443022727966, 0.04546548053622246, 0.036105357110500336, 0.041561227291822433, 0.10741888731718063, 0.17832113802433014, 0.12003693729639053, 0.08390580117702484, 0.21535718441009521, 0.1716250777244568, 0.031109578907489777, 0.032242875546216965, 0.03635093942284584, 0.33242687582969666, 0.631363034248352, 0.3547353446483612, 0.051283981651067734, 0.033504582941532135, 0.04166051372885704, 0.10836584120988846, 0.19352476298809052, 0.14472921192646027, 0.06713854521512985, 0.04228593409061432, 0.01820392534136772, 0.06776775419712067, 0.14765924215316772, 0.1310414969921112, 0.5555537343025208], "lowlevel.gfcc.cov": [[2586.640869140625, -436.5257568359375, -275.5061950683594, -78.49952697753906, 17.906375885009766, -143.73899841308594, 161.80894470214844, 162.1374053955078, -73.55448150634766, 218.51451110839844, 22.313146591186523, 95.00634765625, -72.9870376586914], [-436.5257568359375, 829.9346313476562, -302.1449279785156, 3.3050642013549805, 41.088768005371094, -73.05393981933594, 99.52095031738281, -31.41318702697754, -9.694424629211426, -78.06868743896484, 123.48164367675781, -157.1341094970703, 134.962158203125], [-275.5061950683594, -302.1449279785156, 726.1023559570312, 72.8038101196289, -61.92445373535156, 167.24325561523438, -135.25216674804688, -45.89524841308594, 78.47283172607422, 3.0999224185943604, -133.74986267089844, 82.19779205322266, -109.74249267578125], [-78.49952697753906, 3.3050642013549805, 72.8038101196289, 394.3574523925781, 54.07621765136719, -75.84691619873047, -72.48473358154297, 51.47860336303711, 99.0071029663086, -86.22637176513672, -8.141921997070312, 26.019071578979492, 8.217447280883789], [17.906375885009766, 41.088768005371094, -61.92445373535156, 54.07621765136719, 234.58090209960938, -4.7427873611450195, 4.709030628204346, 39.897071838378906, -9.723910331726074, -16.366445541381836, -21.62590980529785, 40.51314926147461, 4.304291725158691], [-143.73899841308594, -73.05393981933594, 167.24325561523438, -75.84691619873047, -4.7427873611450195, 382.4004211425781, 63.19835662841797, -123.99983215332031, -13.615655899047852, 24.404449462890625, -24.843400955200195, -26.965627670288086, -32.0540771484375], [161.80894470214844, 99.52095031738281, -135.25216674804688, -72.48473358154297, 4.709030628204346, 63.19835662841797, 221.4239959716797, 13.42099666595459, -62.38077163696289, 56.288856506347656, 43.844337463378906, -39.62831115722656, 13.650336265563965], [162.1374053955078, -31.41318702697754, -45.89524841308594, 51.47860336303711, 39.897071838378906, -123.99983215332031, 13.42099666595459, 177.99635314941406, 47.486854553222656, -28.387880325317383, -8.567492485046387, 26.11539649963379, -0.5679028630256653], [-73.55448150634766, -9.694424629211426, 78.47283172607422, 99.0071029663086, -9.723910331726074, -13.615655899047852, -62.38077163696289, 47.486854553222656, 149.96774291992188, 1.4858862161636353, -28.716278076171875, 9.083185195922852, -17.961196899414062], [218.51451110839844, -78.06868743896484, 3.0999224185943604, -86.22637176513672, -16.366445541381836, 24.404449462890625, 56.288856506347656, -28.387880325317383, 1.4858862161636353, 176.82058715820312, 40.60074996948242, 11.806736946105957, -17.865232467651367], [22.313146591186523, 123.48164367675781, -133.74986267089844, -8.141921997070312, -21.62590980529785, -24.843400955200195, 43.844337463378906, -8.567492485046387, -28.716278076171875, 40.60074996948242, 131.42796325683594, -9.628232955932617, 39.2064323425293], [95.00634765625, -157.1341094970703, 82.19779205322266, 26.019071578979492, 40.51314926147461, -26.965627670288086, -39.62831115722656, 26.11539649963379, 9.083185195922852, 11.806736946105957, -9.628232955932617, 130.9161834716797, 0.959013819694519], [-72.9870376586914, 134.962158203125, -109.74249267578125, 8.217447280883789, 4.304291725158691, -32.0540771484375, 13.650336265563965, -0.5679028630256653, -17.961196899414062, -17.865232467651367, 39.2064323425293, 0.959013819694519, 132.673095703125]], "lowlevel.gfcc.icov": [[0.0006064042681828141, 0.00016097971820272505, 0.00042697935714386404, -0.0002648888621479273, 0.00027739876531995833, -7.802075560903177e-05, -5.010003951610997e-05, -0.0006872438243590295, 0.000627624336630106, -0.0009247700218111277, 0.000460697861853987, -0.0003710371966008097, 0.00034077625605277717], [0.00016097971820272505, 0.003898168681189418, -0.0007881944766268134, 0.001397685264237225, -0.0026130403857678175, 0.0023503892589360476, -0.002913036150857806, 0.0030962566379457712, -0.003694345010444522, 0.0034989207051694393, -0.0040453532710671425, 0.0042341058142483234, -0.0025139462668448687], [0.00042697935714386404, -0.0007881944766268134, 0.003498195670545101, -0.0014668329386040568, 0.0022824029438197613, -0.002300511347129941, 0.0022184415720403194, -0.0017707176739349961, 0.0018545420607551932, -0.0025530895218253136, 0.003596049267798662, -0.002964941319078207, 0.0020214735995978117], [-0.0002648888621479273, 0.001397685264237225, -0.0014668329386040568, 0.0049545965157449245, -0.002616441808640957, 0.0022423670161515474, -0.00196283683180809, 0.0026520194951444864, -0.005162761081010103, 0.004532035440206528, -0.003663027426227927, 0.0016438189195469022, -0.001265843864530325], [0.00027739876531995833, -0.0026130403857678175, 0.0022824029438197613, -0.002616441808640957, 0.007814432494342327, -0.003117924788966775, 0.0027680706698447466, -0.004412406124174595, 0.004902978893369436, -0.003947651945054531, 0.005323281977325678, -0.005201440770179033, 0.002146896906197071], [-7.802075560903177e-05, 0.0023503892589360476, -0.002300511347129941, 0.0022423670161515474, -0.003117924788966775, 0.006837659049779177, -0.005088901612907648, 0.006432335823774338, -0.004907398950308561, 0.0041176374070346355, -0.0032084009144455194, 0.0031692858319729567, -0.0013560751685872674], [-5.010003951610997e-05, -0.002913036150857806, 0.0022184415720403194, -0.00196283683180809, 0.0027680706698447466, -0.005088901612907648, 0.011180369183421135, -0.007018511649221182, 0.007469177711755037, -0.0065171499736607075, 0.003270785789936781, -0.0012846854515373707, 0.0015690047293901443], [-0.0006872438243590295, 0.0030962566379457712, -0.0017707176739349961, 0.0026520194951444864, -0.004412406124174595, 0.006432335823774338, -0.007018511649221182, 0.014803032390773296, -0.009516730904579163, 0.007650678511708975, -0.004437149502336979, 0.002068646252155304, -0.0016358732245862484], [0.000627624336630106, -0.003694345010444522, 0.0018545420607551932, -0.005162761081010103, 0.004902978893369436, -0.004907398950308561, 0.007469177711755037, -0.009516730904579163, 0.01716269925236702, -0.009014220908284187, 0.007151931524276733, -0.003269247245043516, 0.0028230263851583004], [-0.0009247700218111277, 0.0034989207051694393, -0.0025530895218253136, 0.004532035440206528, -0.003947651945054531, 0.0041176374070346355, -0.0065171499736607075, 0.007650678511708975, -0.009014220908284187, 0.014673400670289993, -0.008530186489224434, 0.0028287137392908335, -0.0013785335468128324], [0.000460697861853987, -0.0040453532710671425, 0.003596049267798662, -0.003663027426227927, 0.005323281977325678, -0.0032084009144455194, 0.003270785789936781, -0.004437149502336979, 0.007151931524276733, -0.008530186489224434, 0.01711997017264366, -0.005628290586173534, 0.0010677397949621081], [-0.0003710371966008097, 0.0042341058142483234, -0.002964941319078207, 0.0016438189195469022, -0.005201440770179033, 0.0031692858319729567, -0.0012846854515373707, 0.002068646252155304, -0.003269247245043516, 0.0028287137392908335, -0.005628290586173534, 0.015576323494315147, -0.004501149524003267], [0.00034077625605277717, -0.0025139462668448687, 0.0020214735995978117, -0.001265843864530325, 0.002146896906197071, -0.0013560751685872674, 0.0015690047293901443, -0.0016358732245862484, 0.0028230263851583004, -0.0013785335468128324, 0.0010677397949621081, -0.004501149524003267, 0.011380452662706375]], "lowlevel.mfcc.cov": [[2343.78173828125, -311.7513427734375, -431.7557373046875, 175.9487762451172, -194.70985412597656, -159.67247009277344, 99.84210968017578, -46.79142761230469, 3.0350208282470703, 86.6656494140625, 52.4441032409668, 85.0772476196289, 172.96881103515625], [-311.7513427734375, 636.2716064453125, -208.98822021484375, -26.759366989135742, -54.855072021484375, -48.0489387512207, 132.49147033691406, -70.69139099121094, -0.6899306774139404, 40.0883903503418, -37.46474075317383, -13.166290283203125, 4.898064136505127], [-431.7557373046875, -208.98822021484375, 656.1993408203125, -135.1116485595703, 64.51860809326172, 188.1386260986328, -130.90614318847656, 42.776031494140625, 1.5329883098602295, -1.9963037967681885, 55.55672836303711, -16.520771026611328, -92.83378601074219], [175.9487762451172, -26.759366989135742, -135.1116485595703, 412.3009948730469, 83.54660034179688, -183.81463623046875, -54.437313079833984, 69.1303939819336, 32.588253021240234, -51.8009033203125, 11.407886505126953, 75.93052673339844, -3.1620330810546875], [-194.70985412597656, -54.855072021484375, 64.51860809326172, 83.54660034179688, 257.939453125, 7.733455181121826, -107.90065002441406, 85.581787109375, 21.97370147705078, -45.3585090637207, -10.428277015686035, -3.3552019596099854, -41.26829528808594], [-159.67247009277344, -48.0489387512207, 188.1386260986328, -183.81463623046875, 7.733455181121826, 363.2312927246094, 47.29393768310547, -23.76854705810547, -6.435252666473389, 26.22188949584961, 35.819915771484375, -49.607234954833984, 1.1550695896148682], [99.84210968017578, 132.49147033691406, -130.90614318847656, -54.437313079833984, -107.90065002441406, 47.29393768310547, 243.4861602783203, -34.30863952636719, -21.089643478393555, 42.62489318847656, -11.358864784240723, -11.587465286254883, 38.944156646728516], [-46.79142761230469, -70.69139099121094, 42.776031494140625, 69.1303939819336, 85.581787109375, -23.76854705810547, -34.30863952636719, 179.70755004882812, 44.819522857666016, -29.02435874938965, 4.918919086456299, 12.683065414428711, -18.158432006835938], [3.0350208282470703, -0.6899306774139404, 1.5329883098602295, 32.588253021240234, 21.97370147705078, -6.435252666473389, -21.089643478393555, 44.819522857666016, 108.97003936767578, 23.76800537109375, -3.7286171913146973, 6.201603412628174, 0.28255829215049744], [86.6656494140625, 40.0883903503418, -1.9963037967681885, -51.8009033203125, -45.3585090637207, 26.22188949584961, 42.62489318847656, -29.02435874938965, 23.76800537109375, 111.99205780029297, 28.872243881225586, -6.026825428009033, 4.477910995483398], [52.4441032409668, -37.46474075317383, 55.55672836303711, 11.407886505126953, -10.428277015686035, 35.819915771484375, -11.358864784240723, 4.918919086456299, -3.7286171913146973, 28.872243881225586, 134.21791076660156, 35.286903381347656, -2.477879524230957], [85.0772476196289, -13.166290283203125, -16.520771026611328, 75.93052673339844, -3.3552019596099854, -49.607234954833984, -11.587465286254883, 12.683065414428711, 6.201603412628174, -6.026825428009033, 35.286903381347656, 111.7208023071289, 26.623279571533203], [172.96881103515625, 4.898064136505127, -92.83378601074219, -3.1620330810546875, -41.26829528808594, 1.1550695896148682, 38.944156646728516, -18.158432006835938, 0.28255829215049744, 4.477910995483398, -2.477879524230957, 26.623279571533203, 110.3739013671875]], "lowlevel.mfcc.icov": [[0.0007211297051981091, 0.000588875322137028, 0.00045880393008701503, -0.00025122519582509995, 0.00036420466494746506, 9.08238289412111e-05, -6.509156082756817e-05, 4.839404937229119e-05, 0.0001010438718367368, -0.0006812376668676734, -0.00013289606431499124, -6.64672115817666e-05, -0.0005709505057893693], [0.000588875322137028, 0.0025271689519286156, 0.0008595032850280404, 6.744776328559965e-05, -3.2143703720066696e-05, 0.0003794497170019895, -0.00105568440631032, 0.0007761993329040706, -0.0003381840360816568, -0.0007937012705951929, 0.00011718299356289208, -0.00022332054504659027, 0.0002636219433043152], [0.00045880393008701503, 0.0008595032850280404, 0.0030636414885520935, 0.0005733143771067262, 0.0004493247251957655, -0.0012306459248065948, 0.001270056003704667, -0.0005321071366779506, 0.00023223177413456142, -0.0005582876037806273, -0.00038381991907954216, -0.0008524951990693808, 0.0017003474058583379], [-0.00025122519582509995, 6.744776328559965e-05, 0.0005733143771067262, 0.004362787120044231, -0.0013147600693628192, 0.0015536734135821462, -0.00023726685321889818, -0.00025886352523230016, -0.0011882089311257005, 0.001686052419245243, -0.000928988796658814, -0.0017842008965089917, 0.0008753353613428771], [0.00036420466494746506, -3.2143703720066696e-05, 0.0004493247251957655, -0.0013147600693628192, 0.006538463290780783, -0.0014298541937023401, 0.0025759954005479813, -0.0023583697620779276, 0.0004143820842728019, 0.0001843748177634552, 0.0008847693679854274, 0.0002732550783548504, 0.0008791013387963176], [9.08238289412111e-05, 0.0003794497170019895, -0.0012306459248065948, 0.0015536734135821462, -0.0014298541937023401, 0.004948349203914404, -0.0019915644079446793, 0.0009420972783118486, -0.0008986181928776205, 0.0005308177787810564, -0.0017499123932793736, 0.0015202725771814585, -0.0013036713935434818], [-6.509156082756817e-05, -0.00105568440631032, 0.001270056003704667, -0.00023726685321889818, 0.0025759954005479813, -0.0019915644079446793, 0.0073032197542488575, -0.0016507722903043032, 0.001993427984416485, -0.0020520160906016827, 0.0011321577476337552, -3.775090954150073e-05, -0.0005414909101091325], [4.839404937229119e-05, 0.0007761993329040706, -0.0005321071366779506, -0.00025886352523230016, -0.0023583697620779276, 0.0009420972783118486, -0.0016507722903043032, 0.008382271975278854, -0.0036536629777401686, 0.0021865409798920155, -0.000980721670202911, -9.443485760129988e-05, 0.00042600161395967007], [0.0001010438718367368, -0.0003381840360816568, 0.00023223177413456142, -0.0011882089311257005, 0.0004143820842728019, -0.0008986181928776205, 0.001993427984416485, -0.0036536629777401686, 0.012452751398086548, -0.004968045745044947, 0.0019571841694414616, -0.0004252973885741085, -0.0008059625397436321], [-0.0006812376668676734, -0.0007937012705951929, -0.0005582876037806273, 0.001686052419245243, 0.0001843748177634552, 0.0005308177787810564, -0.0020520160906016827, 0.0021865409798920155, -0.004968045745044947, 0.013791250996291637, -0.0035688157659024, 0.0008885927964001894, 0.0009874181123450398], [-0.00013289606431499124, 0.00011718299356289208, -0.00038381991907954216, -0.000928988796658814, 0.0008847693679854274, -0.0017499123932793736, 0.0011321577476337552, -0.000980721670202911, 0.0019571841694414616, -0.0035688157659024, 0.010216747410595417, -0.003567878156900406, 0.0008716839365661144], [-6.64672115817666e-05, -0.00022332054504659027, -0.0008524951990693808, -0.0017842008965089917, 0.0002732550783548504, 0.0015202725771814585, -3.775090954150073e-05, -9.443485760129988e-05, -0.0004252973885741085, 0.0008885927964001894, -0.003567878156900406, 0.012852267362177372, -0.003785174572840333], [-0.0005709505057893693, 0.0002636219433043152, 0.0017003474058583379, 0.0008753353613428771, 0.0008791013387963176, -0.0013036713935434818, -0.0005414909101091325, 0.00042600161395967007, -0.0008059625397436321, 0.0009874181123450398, 0.0008716839365661144, -0.003785174572840333, 0.012896445579826832]], "metadata.audio_properties.analysis.downmix": "mix", "metadata.audio_properties.codec": "mp3", "metadata.audio_properties.md5_encoded": "e435457bf0f5399f765fa7be7612df89", "metadata.tags.file_name": "1182274149197021264.mp3", "metadata.version.essentia": "2.1-beta6-dev", "metadata.version.essentia_git_sha": "v2.1_beta5-1110-g77a6a954", "metadata.version.extractor": "music 2.0", "tonal.chords_key": "F", "tonal.chords_scale": "major", "tonal.key_edma.key": "F", "tonal.key_edma.scale": "major", "tonal.key_krumhansl.key": "F", "tonal.key_krumhansl.scale": "major", "tonal.key_temperley.key": "F", "tonal.key_temperley.scale": "major", "metadata.tags.encoding": ["Lavf58.45.100"]}, "essentia_models": [{"model_name": "genre_dortmund", "activations": {"alternative": "0.013093959", "blues": "0.011893243", "electronic": "0.00744843", "folkcountry": "