{"song_id": "1182282963795324938", "download": "https://cdn.discordapp.com/attachments/1128313332273782784/1182282963795324938/chirp.mp4?ex=658421d0&amp", "lyrics": "[Verse]\nEu vou contar uma hist\u00f3ria, preste muita aten\u00e7\u00e3o\nSobre um ritmo quente, que vai mexer seu cora\u00e7\u00e3o\nO funk brasileiro, uma paix\u00e3o nacional\nVamos dan\u00e7ar e celebrar, nesse carnaval\n\n[Chorus]\nCrie um funk em portugu\u00eas, venha se envolver\nDeixe a batida te levar, e o ritmo te surpreender\nVamos rebolar, n\u00e3o pare de balan\u00e7ar\nNo som do funk, n\u00e3o tem como resistir, pode se entregar", "style": ["Avicii house</span><span>, pop song"], "essentia_features": {"lowlevel.average_loudness": 0.9596157073974609, "lowlevel.barkbands_crest.mean": 11.48326587677002, "lowlevel.barkbands_crest.stdev": 4.41065788269043, "lowlevel.barkbands_flatness_db.mean": 0.17482531070709229, "lowlevel.barkbands_flatness_db.stdev": 0.07417932152748108, "lowlevel.barkbands_kurtosis.mean": 10.737473487854004, "lowlevel.barkbands_kurtosis.stdev": 18.839380264282227, "lowlevel.barkbands_skewness.mean": 2.259491205215454, "lowlevel.barkbands_skewness.stdev": 1.809472680091858, "lowlevel.barkbands_spread.mean": 19.02417755126953, "lowlevel.barkbands_spread.stdev": 13.826828002929688, "lowlevel.dissonance.mean": 0.46783825755119324, "lowlevel.dissonance.stdev": 0.02454722858965397, "lowlevel.dynamic_complexity": 2.447627305984497, "lowlevel.erbbands_crest.mean": 9.586481094360352, "lowlevel.erbbands_crest.stdev": 4.037830829620361, "lowlevel.erbbands_flatness_db.mean": 0.1683931201696396, "lowlevel.erbbands_flatness_db.stdev": 0.04769312962889671, "lowlevel.erbbands_kurtosis.mean": 0.8391018509864807, "lowlevel.erbbands_kurtosis.stdev": 6.241884231567383, "lowlevel.erbbands_skewness.mean": 0.3090835213661194, "lowlevel.erbbands_skewness.stdev": 1.1227989196777344, "lowlevel.erbbands_spread.mean": 48.14384841918945, "lowlevel.erbbands_spread.stdev": 23.440385818481445, "lowlevel.hfc.mean": 16.2858829498291, "lowlevel.hfc.stdev": 12.522761344909668, "lowlevel.loudness_ebu128.integrated": -13.608877182006836, "lowlevel.loudness_ebu128.loudness_range": 1.9364891052246094, "lowlevel.loudness_ebu128.momentary.mean": -13.866446495056152, "lowlevel.loudness_ebu128.momentary.stdev": 1.5865306854248047, "lowlevel.loudness_ebu128.short_term.mean": -13.654083251953125, "lowlevel.loudness_ebu128.short_term.stdev": 0.6210687756538391, "lowlevel.melbands_crest.mean": 15.741727828979492, "lowlevel.melbands_crest.stdev": 5.431888580322266, "lowlevel.melbands_flatness_db.mean": 0.23519285023212433, "lowlevel.melbands_flatness_db.stdev": 0.0982622355222702, "lowlevel.melbands_kurtosis.mean": 33.00146484375, "lowlevel.melbands_kurtosis.stdev": 47.65793991088867, "lowlevel.melbands_skewness.mean": 3.8480939865112305, "lowlevel.melbands_skewness.stdev": 2.6346702575683594, "lowlevel.melbands_spread.mean": 20.219526290893555, "lowlevel.melbands_spread.stdev": 19.412599563598633, "lowlevel.pitch_salience.mean": 0.5365303754806519, "lowlevel.pitch_salience.stdev": 0.11742271482944489, "lowlevel.silence_rate_20dB.mean": 1.0, "lowlevel.silence_rate_20dB.stdev": 0.0, "lowlevel.silence_rate_30dB.mean": 0.9536500573158264, "lowlevel.silence_rate_30dB.stdev": 0.2102421373128891, "lowlevel.silence_rate_60dB.mean": 0.05967555195093155, "lowlevel.silence_rate_60dB.stdev": 0.23688670992851257, "lowlevel.spectral_centroid.mean": 1191.863037109375, "lowlevel.spectral_centroid.stdev": 737.4945068359375, "lowlevel.spectral_complexity.mean": 14.117612838745117, "lowlevel.spectral_complexity.stdev": 8.815325736999512, "lowlevel.spectral_decrease.mean": -9.02327812468684e-09, "lowlevel.spectral_decrease.stdev": 9.37985245030859e-09, "lowlevel.spectral_energy.mean": 0.0355331227183342, "lowlevel.spectral_energy.stdev": 0.035925302654504776, "lowlevel.spectral_energyband_high.mean": 0.000511151913087815, "lowlevel.spectral_energyband_high.stdev": 0.0008033811463974416, "lowlevel.spectral_energyband_low.mean": 0.017925096675753593, "lowlevel.spectral_energyband_low.stdev": 0.03250112757086754, "lowlevel.spectral_energyband_middle_high.mean": 0.004058186896145344, "lowlevel.spectral_energyband_middle_high.stdev": 0.0052438643760979176, "lowlevel.spectral_energyband_middle_low.mean": 0.017152803018689156, "lowlevel.spectral_energyband_middle_low.stdev": 0.01587880775332451, "lowlevel.spectral_entropy.mean": 7.345142364501953, "lowlevel.spectral_entropy.stdev": 0.5803396105766296, "lowlevel.spectral_flux.mean": 0.09285985678434372, "lowlevel.spectral_flux.stdev": 0.07009489089250565, "lowlevel.spectral_kurtosis.mean": 4.664695739746094, "lowlevel.spectral_kurtosis.stdev": 4.595717906951904, "lowlevel.spectral_rms.mean": 0.005258849356323481, "lowlevel.spectral_rms.stdev": 0.0026478280778974295, "lowlevel.spectral_rolloff.mean": 1330.367919921875, "lowlevel.spectral_rolloff.stdev": 1454.2967529296875, "lowlevel.spectral_skewness.mean": 1.4830783605575562, "lowlevel.spectral_skewness.stdev": 0.5840299725532532, "lowlevel.spectral_spread.mean": 4405331.5, "lowlevel.spectral_spread.stdev": 1558840.375, "lowlevel.spectral_strongpeak.mean": 0.9461877346038818, "lowlevel.spectral_strongpeak.stdev": 1.073451042175293, "lowlevel.zerocrossingrate.mean": 0.056081902235746384, "lowlevel.zerocrossingrate.stdev": 0.03616547957062721, "metadata.audio_properties.analysis.equal_loudness": 0.0, "metadata.audio_properties.analysis.length": 40.04265213012695, "metadata.audio_properties.analysis.sample_rate": 44100.0, "metadata.audio_properties.analysis.start_time": 0.0, "metadata.audio_properties.bit_rate": 123329.0, "metadata.audio_properties.length": 40.042667388916016, "metadata.audio_properties.lossless": 0.0, "metadata.audio_properties.number_channels": 1.0, "metadata.audio_properties.replay_gain": -12.987640380859375, "metadata.audio_properties.sample_rate": 48000.0, "rhythm.beats_count": 84.0, "rhythm.beats_loudness.mean": 0.07377563416957855, "rhythm.beats_loudness.stdev": 0.0384407639503479, "rhythm.bpm": 127.02980041503906, "rhythm.bpm_histogram_first_peak_bpm": 126.0, "rhythm.bpm_histogram_first_peak_weight": 0.4320988059043884, "rhythm.bpm_histogram_second_peak_bpm": 117.0, "rhythm.bpm_histogram_second_peak_spread": 0.0, "rhythm.bpm_histogram_second_peak_weight": 0.024096384644508362, "rhythm.danceability": 1.4361686706542969, "rhythm.onset_rate": 4.868376731872559, "tonal.chords_changes_rate": 0.08217592537403107, "tonal.chords_number_rate": 0.009259259328246117, "tonal.chords_strength.mean": 0.5421861410140991, "tonal.chords_strength.stdev": 0.07263222336769104, "tonal.hpcp_crest.mean": 13.194007873535156, "tonal.hpcp_crest.stdev": 6.349625587463379, "tonal.hpcp_entropy.mean": 2.080127477645874, "tonal.hpcp_entropy.stdev": 0.7592361569404602, "tonal.key_edma.strength": 0.808241605758667, "tonal.key_krumhansl.strength": 0.8096262216567993, "tonal.key_temperley.strength": 0.8055558204650879, "tonal.tuning_diatonic_strength": 0.7171558737754822, "tonal.tuning_equal_tempered_deviation": 0.10514222830533981, "tonal.tuning_frequency": 443.0604248046875, "tonal.tuning_nontempered_energy_ratio": 0.7727252840995789, "lowlevel.barkbands.mean": [0.0002053319476544857, 0.009728621691465378, 0.00396340899169445, 0.006329220253974199, 0.006990550085902214, 0.0009212702279910445, 0.0010897850152105093, 0.0008700936450622976, 0.0007708357879891992, 0.00069654849357903, 0.00048005697317421436, 0.0005321333301253617, 0.00043869673390872777, 0.000318683625664562, 0.0002810987352859229, 0.0002976964751724154, 0.00043751741759479046, 0.00022981934307608753, 0.00033095694379881024, 0.00015986422658897936, 0.00012666377006098628, 0.00010367459617555141, 9.37615695875138e-05, 6.778405077056959e-05, 4.3889765947824344e-05, 2.4048118575592525e-05, 1.1574816198844928e-06], "lowlevel.barkbands.stdev": [0.0006165530066937208, 0.023900823667645454, 0.008171411231160164, 0.008026780560612679, 0.012352448888123035, 0.0014783231308683753, 0.0029806687962263823, 0.00200979714281857, 0.0016258571995422244, 0.002382770413532853, 0.0016951978905126452, 0.0015458301641047, 0.0011829891009256244, 0.0008523137657903135, 0.0004400291945785284, 0.0005168501520529389, 0.0008101221756078303, 0.00031024045892991126, 0.0005423789843916893, 0.00039374237530864775, 0.0002449746534693986, 0.00018727080896496773, 0.0001671748177614063, 0.00013468538236338645, 9.535654680803418e-05, 5.879669697606005e-05, 4.398212695377879e-06], "lowlevel.erbbands.mean": [0.20644620060920715, 2.3952577114105225, 4.900391101837158, 15.544658660888672, 18.111392974853516, 30.0198974609375, 9.825345039367676, 7.51483678817749, 13.564435958862305, 16.15840721130371, 21.264957427978516, 18.65636444091797, 18.365827560424805, 23.718036651611328, 21.198915481567383, 22.319509506225586, 21.060619354248047, 19.183555603027344, 14.658076286315918, 13.13237476348877, 20.850528717041016, 20.822912216186523, 14.192995071411133, 15.26826000213623, 17.43494415283203, 6.173579692840576, 5.461117267608643, 4.327913284301758, 3.7182118892669678, 3.3916494846343994, 2.480679988861084, 1.6122437715530396, 1.0547785758972168, 0.5824124217033386, 0.25748321413993835, 0.10348605364561081, 0.0463847853243351, 0.007637962233275175, 0.00019149176659993827, 4.618849197868258e-05], "lowlevel.erbbands.stdev": [0.6004519462585449, 5.732511043548584, 10.890376091003418, 19.112184524536133, 22.750783920288086, 58.318851470947266, 16.908355712890625, 11.985754013061523, 29.83759117126465, 53.72613525390625, 48.11056137084961, 37.842041015625, 58.27073287963867, 75.16210174560547, 54.73991394042969, 65.05183410644531, 55.46315383911133, 48.495811462402344, 23.27058219909668, 23.432186126708984, 34.50346374511719, 32.88709259033203, 18.89468002319336, 23.47224998474121, 32.72475814819336, 10.341961860656738, 11.183629035949707, 7.617465496063232, 6.624374866485596, 6.673884868621826, 4.270530700683594, 3.061556100845337, 2.1950223445892334, 1.2671184539794922, 0.5835012197494507, 0.24620334804058075, 0.124251589179039, 0.02070806175470352, 0.0005233688862062991, 4.158722367719747e-05], "lowlevel.gfcc.mean": [-21.98415184020996, 92.91715240478516, -117.91442108154297, 44.36195373535156, -53.32429885864258, 8.087761878967285, -44.65081024169922, 1.003132939338684, -30.722421646118164, -11.328465461730957, -18.833894729614258, -5.285950660705566, -12.967657089233398], "lowlevel.melbands.mean": [0.0023462458048015833, 0.002962300553917885, 0.0025729818735271692, 0.0018725115805864334, 0.0004914402379654348, 0.00016758039419073611, 0.0002179653092753142, 0.00017118774121627212, 0.00017092669440899044, 0.00010967173147946596, 9.082246833713725e-05, 9.686908742878586e-05, 7.026676757959649e-05, 6.546372605953366e-05, 4.8075078666443005e-05, 4.217282548779622e-05, 3.457991260802373e-05, 2.213166226283647e-05, 1.8113572878064588e-05, 1.7739372196956538e-05, 2.6363395591033623e-05, 2.197523099312093e-05, 1.8103646652889438e-05, 1.1181497939105611e-05, 1.193137086374918e-05, 1.4214194379746914e-05, 8.90946921572322e-06, 2.9749926397926174e-06, 3.340131115692202e-06, 3.220322696506628e-06, 2.2660376544081373e-06, 2.1147216102690436e-06, 1.9919259557354962e-06, 1.8553374729890493e-06, 1.478287231293507e-06, 1.1708799547704984e-06, 9.165179903902754e-07, 7.82014069500292e-07, 5.72080693928001e-07, 4.6264401021289814e-07], "lowlevel.melbands.stdev": [0.0060354238376021385, 0.006131344940513372, 0.002892328891903162, 0.0031724190339446068, 0.0008283148054033518, 0.0002741465868894011, 0.0005067646852694452, 0.000521370442584157, 0.00037251083995215595, 0.0002271510602440685, 0.00030200419132597744, 0.00032633665250614285, 0.00022961871582083404, 0.00019075337331742048, 0.00012652346049435437, 0.00011041003745049238, 9.727769065648317e-05, 3.7520865589613095e-05, 2.9461416488629766e-05, 3.3058953704312444e-05, 4.8278125177603215e-05, 3.7780700949952006e-05, 3.5058728826697916e-05, 1.6811602108646184e-05, 2.110787681885995e-05, 2.7137200959259644e-05, 2.4513410608051345e-05, 5.448717729450436e-06, 7.905389793450013e-06, 6.652801403106423e-06, 3.88694161301828e-06, 3.8390353438444436e-06, 3.7947320379316807e-06, 3.8358352867362555e-06, 2.5293879843957257e-06, 2.222290731879184e-06, 1.8126562508768984e-06, 1.6528082369404729e-06, 1.2131504263379611e-06, 1.058319185176515e-06], "lowlevel.melbands128.mean": [0.00015695283946115524, 0.001205899752676487, 0.0034204372204840183, 0.0042510079219937325, 0.002676798030734062, 0.0019899806939065456, 0.0035298613365739584, 0.002637682016938925, 0.0012383947614580393, 0.002580843633040786, 0.0017830602591857314, 0.0005107152392156422, 0.00026404010714031756, 0.00022669810277875513, 0.0001605702709639445, 0.00014536496018990874, 0.00015027981135062873, 0.000277776358416304, 0.00023698639415670186, 0.00018191208073403686, 0.00011376765178283677, 0.00018324430857319385, 0.0001970322773559019, 0.0001267233892576769, 0.00014538760297000408, 6.95500202709809e-05, 0.00011314405128359795, 8.587118645664304e-05, 7.124239346012473e-05, 0.00013151003804523498, 8.604616596130654e-05, 7.02823672327213e-05, 8.168960630428046e-05, 5.645513374474831e-05, 6.420150020858273e-05, 7.820850441930816e-05, 5.472662815009244e-05, 3.345340155647136e-05, 5.869683445780538e-05, 4.778120273840614e-05, 3.2686872145859525e-05, 4.2779040086315945e-05, 4.0310085751116276e-05, 2.8678992748609744e-05, 1.6683658031979576e-05, 2.1847119569429196e-05, 3.010478030773811e-05, 1.3340694749786053e-05, 1.5373761925729923e-05, 2.0103840142837726e-05, 1.5048572095111012e-05, 1.6904074072954245e-05, 2.9783712307107635e-05, 2.866790055122692e-05, 2.6530866307439283e-05, 1.838636671891436e-05, 1.6684174624970183e-05, 3.2233132515102625e-05, 1.1529028597578872e-05, 7.861299309297465e-06, 1.2330108802416362e-05, 1.1398790775274392e-05, 1.2788436833943706e-05, 1.1795930731750559e-05, 1.1916018593183253e-05, 1.5134362001845147e-05, 1.4133514923742041e-05, 1.4313889550976455e-05, 6.543636118294671e-06, 3.629472985267057e-06, 2.7576245429372648e-06, 2.688790118554607e-06, 3.1836023026698967e-06, 3.5807279346045107e-06, 3.3360774978064e-06, 3.6159963201498613e-06, 3.0381766009668354e-06, 2.2747381080989726e-06, 2.265082912344951e-06, 2.0548663997033145e-06, 2.319534587513772e-06, 2.030184532486601e-06, 1.9030188695978723e-06, 2.1032572021795204e-06, 1.931193992277258e-06, 1.8985999759024708e-06, 1.813422159102629e-06, 1.7882807696878444e-06, 1.397021378579666e-06, 1.3627879980049329e-06, 1.2464926157917944e-06, 1.1589215773710748e-06, 9.55563905336021e-07, 9.415352337782679e-07, 8.532095989721711e-07, 8.25457277642272e-07, 7.821637950655713e-07, 7.167615763137292e-07, 5.262103854875022e-07, 5.300236693983607e-07, 5.453517815112718e-07, 4.45289089157086e-07, 3.837324129563058e-07, 3.2789895954010717e-07, 2.7763616117226775e-07, 2.3976184593266225e-07, 2.560439043008955e-07, 1.9089273450845212e-07, 1.4203637022092153e-07, 1.701333900427926e-07, 1.5756468485506048e-07, 1.4819788418662938e-07, 1.6522125179108116e-07, 1.4527195446589758e-07, 1.1547413691914699e-07, 8.997048439596256e-08, 3.9327002099298625e-08, 1.1989548909241421e-08, 1.0651629578362076e-09, 5.840853842253857e-12, 5.221843357022804e-12, 4.904574576330978e-12, 4.393325113427604e-12, 4.312952772700385e-12, 4.2263506062900635e-12, 4.122433731185149e-12, 4.0598574849171065e-12, 4.033555607574346e-12], "lowlevel.melbands128.stdev": [0.0005674471030943096, 0.004297114908695221, 0.008931992575526237, 0.01012155506759882, 0.007053454872220755, 0.0035385501105338335, 0.0046481420285999775, 0.003645043820142746, 0.0019112983718514442, 0.0047780475579202175, 0.0038296363782137632, 0.0010647784220054746, 0.000637610035482794, 0.0004883227520622313, 0.00031462268088944256, 0.0003331035259179771, 0.00042056056554429233, 0.0007379472954198718, 0.0009682888048700988, 0.000875701429322362, 0.00041182810673490167, 0.0004922265652567148, 0.0005396786145865917, 0.0003631258150562644, 0.0003932680410798639, 0.0002210925449617207, 0.00040614602039568126, 0.0004466392274480313, 0.0004293528327252716, 0.0005876671057194471, 0.0003735878854058683, 0.0003548340464476496, 0.0003713479090947658, 0.00016067408432718366, 0.00021734644542448223, 0.0003267076681368053, 0.00019392228568904102, 0.00014183144958224148, 0.00021347026631701738, 0.00016981571388896555, 0.00013981886149849743, 0.00013064162340015173, 0.00015402173448819667, 0.00011102406278951094, 5.355391476769e-05, 4.272082878742367e-05, 6.210688297869638e-05, 3.1076513550942764e-05, 3.83085643989034e-05, 5.78781109652482e-05, 4.7418019676115364e-05, 3.97944932046812e-05, 7.176527287811041e-05, 8.294166036648676e-05, 7.381968316622078e-05, 4.8655721911927685e-05, 3.872621891787276e-05, 9.017075353767723e-05, 2.3398584744427353e-05, 1.485969823988853e-05, 2.71609296760289e-05, 2.078619036183227e-05, 2.8577109333127737e-05, 3.1863615731708705e-05, 3.676525011542253e-05, 4.208249811199494e-05, 3.535377254593186e-05, 6.10745555604808e-05, 1.8320357412449084e-05, 7.039261618047021e-06, 6.11557106822147e-06, 5.595640686806291e-06, 9.235626748704817e-06, 1.0840068171091843e-05, 6.4061400735226925e-06, 8.685366992722265e-06, 7.240567356348038e-06, 4.19249909100472e-06, 4.053254997415934e-06, 3.957530225306982e-06, 4.692373750003753e-06, 3.866561200993601e-06, 3.773960770558915e-06, 4.262072707206244e-06, 4.196119334665127e-06, 4.8166739361477084e-06, 3.932693743990967e-06, 3.3136313959403196e-06, 2.6659633931558346e-06, 2.496203933333163e-06, 2.5030267352121882e-06, 2.558316737122368e-06, 2.045228484348627e-06, 2.0460274754441343e-06, 1.8239772998640547e-06, 1.6703464780221111e-06, 1.9204280761186965e-06, 1.749265379658027e-06, 1.1917609299416654e-06, 1.2009061265416676e-06, 1.2640650766115868e-06, 1.1399891945984564e-06, 9.403827903042838e-07, 8.182251463040302e-07, 6.565742296515964e-07, 6.984496963013953e-07, 6.599132689188991e-07, 4.860564217779029e-07, 3.882395560594887e-07, 5.03739670421055e-07, 4.718631032574194e-07, 4.193626921278337e-07, 5.152922994966502e-07, 4.4449578240346455e-07, 3.1901132047096326e-07, 2.7178506911695877e-07, 1.2167409124685946e-07, 9.366902986585046e-08, 1.1848309888762287e-08, 4.1702398478893343e-11, 2.744647217833851e-11, 1.8636861151555273e-11, 7.168908695842635e-12, 7.046078130679145e-12, 6.936424958720044e-12, 6.8447981657615564e-12, 6.7849614815429504e-12, 6.748670632744647e-12], "lowlevel.mfcc.mean": [-662.3811645507812, 116.65605926513672, -0.6251976490020752, 32.886898040771484, 11.804839134216309, 5.639833450317383, -1.6318542957305908, 5.430892467498779, -7.7873358726501465, -5.082854270935059, -6.6215362548828125, -6.895589828491211, -7.007713317871094], "lowlevel.spectral_contrast_coeffs.mean": [-0.6140507459640503, -0.7544053792953491, -0.7825409770011902, -0.7952491044998169, -0.7806921005249023, -0.7520180344581604], "lowlevel.spectral_contrast_coeffs.stdev": [0.08949532359838486, 0.08156055212020874, 0.07199163734912872, 0.057571087032556534, 0.05648071691393852, 0.04017756134271622], "lowlevel.spectral_contrast_valleys.mean": [-7.034205913543701, -7.210988998413086, -7.67058801651001, -7.7876362800598145, -7.692015647888184, -10.591174125671387], "lowlevel.spectral_contrast_valleys.stdev": [1.1211544275283813, 0.8406527042388916, 0.7976232171058655, 0.7390551567077637, 0.757108747959137, 1.1011064052581787], "rhythm.beats_loudness_band_ratio.mean": [0.47645413875579834, 0.340750515460968, 0.06879664212465286, 0.0682348757982254, 0.03851928561925888, 0.03363942354917526], "rhythm.beats_loudness_band_ratio.stdev": [0.3837766647338867, 0.30916985869407654, 0.07611453533172607, 0.0777752473950386, 0.029806483536958694, 0.02954086847603321], "tonal.hpcp.mean": [0.33772432804107666, 0.2211235761642456, 0.10827721655368805, 0.059114426374435425, 0.04600422456860542, 0.0736578181385994, 0.08465428650379181, 0.0646619200706482, 0.09304710477590561, 0.0909208431839943, 0.04694010689854622, 0.047245971858501434, 0.05696665495634079, 0.05946202948689461, 0.21483029425144196, 0.3609854280948639, 0.2275526076555252, 0.07385340332984924, 0.04418829455971718, 0.04654879495501518, 0.15469254553318024, 0.21099020540714264, 0.13134896755218506, 0.08293233811855316, 0.05547504872083664, 0.045516349375247955, 0.09560345113277435, 0.11079805344343185, 0.07680001854896545, 0.09508358687162399, 0.08544360101222992, 0.04298115521669388, 0.03610202297568321, 0.037668950855731964, 0.09043870866298676, 0.2625441253185272], "tonal.hpcp.stdev": [0.34973400831222534, 0.3124293386936188, 0.23515130579471588, 0.17342692613601685, 0.1427529901266098, 0.1816272884607315, 0.1942240446805954, 0.1684339940547943, 0.2137327492237091, 0.22311347723007202, 0.12806351482868195, 0.11088422685861588, 0.1394631266593933, 0.1400844305753708, 0.270321249961853, 0.4010821580886841, 0.3098253905773163, 0.1685069054365158, 0.13217338919639587, 0.13094811141490936, 0.2482900321483612, 0.3231578767299652, 0.24294094741344452, 0.20425434410572052, 0.15141700208187103, 0.12193838506937027, 0.2073715180158615, 0.2357872724533081, 0.17063851654529572, 0.2130819857120514, 0.2055966854095459, 0.12345987558364868, 0.11329082399606705, 0.11352178454399109, 0.19246479868888855, 0.32825151085853577], "rhythm.beats_position": [0.4876190423965454, 0.9984580278396606, 1.5092970132827759, 1.9969160556793213, 2.4729251861572266, 2.9605441093444824, 3.4365532398223877, 3.9009523391723633, 4.3769612312316895, 4.852970600128174, 5.31736946105957, 5.7933783531188965, 6.269387722015381, 6.745396614074707, 7.221405982971191, 7.685804843902588, 8.150203704833984, 8.626213073730469, 9.102222442626953, 9.566620826721191, 10.031020164489746, 10.50702953338623, 10.983037948608398, 11.459047317504883, 11.935056686401367, 12.399456024169922, 12.86385440826416, 13.339863777160645, 13.815873146057129, 14.291881561279297, 14.756280899047852, 15.232290267944336, 15.696688652038574, 16.161088943481445, 16.625486373901367, 17.089885711669922, 17.565895080566406, 18.04190444946289, 18.517913818359375, 18.99392318725586, 19.469932556152344, 19.945940017700195, 20.41033935546875, 20.874738693237305, 21.35074806213379, 21.826757431030273, 22.291156768798828, 22.76716423034668, 23.243173599243164, 23.70757293701172, 24.183582305908203, 24.659591674804688, 25.135601043701172, 25.611610412597656, 26.076007843017578, 26.552017211914062, 27.028026580810547, 27.4924259185791, 27.956825256347656, 28.43283462524414, 28.908842086791992, 29.373241424560547, 29.8376407623291, 30.313650131225586, 30.78965950012207, 31.265668869018555, 31.74167823791504, 32.21768569946289, 32.693695068359375, 33.15809631347656, 33.622493743896484, 34.09850311279297, 34.57451248168945, 35.038909912109375, 35.52653121948242, 35.990928649902344, 36.45532989501953, 36.91972732543945, 37.39573669433594, 37.87174606323242, 38.336143493652344, 38.82376480102539, 39.28816223144531, 39.775779724121094], "rhythm.bpm_histogram": [0.0, 0.0, 0.0, 0.0, 0.0, 0.0, 0.0, 0.0, 0.0, 0.0, 0.0, 0.0, 0.0, 0.0, 0.0, 0.0, 0.0, 0.0, 0.0, 0.0, 0.0, 0.0, 0.0, 0.0, 0.0, 0.0, 0.0, 0.0, 0.0, 0.0, 0.0, 0.0, 0.0, 0.0, 0.0, 0.0, 0.0, 0.0, 0.0, 0.0, 0.0, 0.0, 0.0, 0.0, 0.0, 0.0, 0.0, 0.0, 0.0, 0.0, 0.0, 0.0, 0.0, 0.0, 0.0, 0.0, 0.0, 0.0, 0.0, 0.0, 0.0, 0.0, 0.0, 0.0, 0.0, 0.0, 0.0, 0.0, 0.0, 0.0, 0.0, 0.0, 0.0, 0.0, 0.0, 0.0, 0.0, 0.0, 0.0, 0.0, 0.0, 0.0, 0.0, 0.0, 0.0, 0.0, 0.0, 0.0, 0.0, 0.0, 0.0, 0.0, 0.0, 0.0, 0.0, 0.0, 0.0, 0.0, 0.0, 0.0, 0.0, 0.0, 0.0, 0.0, 0.0, 0.0, 0.0, 0.0, 0.0, 0.0, 0.0, 0.0, 0.0, 0.0, 0.0, 0.0, 0.0, 0.024096384644508362, 0.0, 0.0, 0.0, 0.0, 0.0, 0.0602409653365612, 0.0, 0.0, 0.5542168617248535, 0.0, 0.0, 0.3614457845687866, 0.0, 0.0, 0.0, 0.0, 0.0, 0.0, 0.0, 0.0, 0.0, 0.0, 0.0, 0.0, 0.0, 0.0, 0.0, 0.0, 0.0, 0.0, 0.0, 0.0, 0.0, 0.0, 0.0, 0.0, 0.0, 0.0, 0.0, 0.0, 0.0, 0.0, 0.0, 0.0, 0.0, 0.0, 0.0, 0.0, 0.0, 0.0, 0.0, 0.0, 0.0, 0.0, 0.0, 0.0, 0.0, 0.0, 0.0, 0.0, 0.0, 0.0, 0.0, 0.0, 0.0, 0.0, 0.0, 0.0, 0.0, 0.0, 0.0, 0.0, 0.0, 0.0, 0.0, 0.0, 0.0, 0.0, 0.0, 0.0, 0.0, 0.0, 0.0, 0.0, 0.0, 0.0, 0.0, 0.0, 0.0, 0.0, 0.0, 0.0, 0.0, 0.0, 0.0, 0.0, 0.0, 0.0, 0.0, 0.0, 0.0, 0.0, 0.0, 0.0, 0.0, 0.0, 0.0, 0.0, 0.0, 0.0, 0.0, 0.0, 0.0, 0.0, 0.0, 0.0, 0.0, 0.0, 0.0, 0.0, 0.0, 0.0, 0.0, 0.0, 0.0, 0.0, 0.0, 0.0, 0.0, 0.0, 0.0, 0.0], "tonal.chords_histogram": [48.14814758300781, 0.11574073880910873, 7.060184955596924, 1.9675925970077515, 0.0, 0.23148147761821747, 0.0, 0.0, 0.0, 0.0, 0.0, 0.11574073880910873, 0.9259259104728699, 0.0, 0.0, 1.2731481790542603, 0.0, 14.93055534362793, 0.0, 15.509259223937988, 0.9259259104728699, 0.11574073880910873, 6.597222328186035, 2.0833332538604736], "tonal.thpcp": [1.0, 0.6303650736808777, 0.20458832383155823, 0.12241018563508987, 0.12894923985004425, 0.4285285174846649, 0.5844839811325073, 0.3638622462749481, 0.2297387421131134, 0.15367670357227325, 0.1260891556739807, 0.26484018564224243, 0.3069322109222412, 0.21275101602077484, 0.2634000778198242, 0.23669542372226715, 0.11906617879867554, 0.10000964254140854, 0.10435033589601517, 0.250532865524292, 0.727298378944397, 0.9355621933937073, 0.6125553846359253, 0.2999489903450012, 0.16375848650932312, 0.1274406760931015, 0.20404651761054993, 0.23450887203216553, 0.17912612855434418, 0.25775861740112305, 0.25186845660209656, 0.1300332397222519, 0.13088054955005646, 0.15780873596668243, 0.16472141444683075, 0.5951218008995056], "lowlevel.gfcc.cov": [[4773.2529296875, -719.7736206054688, 52.66546630859375, -365.6600646972656, -433.9052429199219, 245.8072052001953, -185.0957489013672, 161.28514099121094, -58.49435806274414, 147.1871795654297, -266.37127685546875, 122.75508117675781, -250.03819274902344], [-719.7736206054688, 1602.34033203125, 170.95840454101562, 316.9873046875, 589.5813598632812, 24.585540771484375, 368.64202880859375, -2.1109511852264404, 254.70204162597656, -184.43663024902344, 232.00938415527344, -179.04722595214844, 117.32701873779297], [52.66546630859375, 170.95840454101562, 1625.5498046875, 539.7445678710938, 629.8379516601562, 426.5613708496094, 180.2912139892578, 123.0194320678711, 101.8210220336914, 8.04537582397461, -95.24758911132812, 72.47990417480469, -99.02056884765625], [-365.6600646972656, 316.9873046875, 539.7445678710938, 744.6395874023438, 471.9682312011719, 185.68988037109375, 197.33587646484375, 39.64715576171875, 96.23138427734375, -62.230690002441406, 57.91401290893555, -56.88802719116211, 65.64552307128906], [-433.9052429199219, 589.5813598632812, 629.8379516601562, 471.9682312011719, 790.1094970703125, 148.3052215576172, 285.9127197265625, 117.23970031738281, 143.6083221435547, -37.52736282348633, 72.40618896484375, -24.009361267089844, -11.57362174987793], [245.8072052001953, 24.585540771484375, 426.5613708496094, 185.68988037109375, 148.3052215576172, 376.2147216796875, 134.92881774902344, 38.72396469116211, 8.29173469543457, -26.528989791870117, -29.08446502685547, 6.92219877243042, -20.055065155029297], [-185.0957489013672, 368.64202880859375, 180.2912139892578, 197.33587646484375, 285.9127197265625, 134.92881774902344, 320.7742614746094, 68.7748794555664, 47.98660659790039, -41.66741943359375, 73.51927185058594, -44.815574645996094, 7.990212917327881], [161.28514099121094, -2.1109511852264404, 123.0194320678711, 39.64715576171875, 117.23970031738281, 38.72396469116211, 68.7748794555664, 171.35955810546875, 74.9550552368164, 39.91438674926758, 4.8799309730529785, 29.001737594604492, -37.76572036743164], [-58.49435806274414, 254.70204162597656, 101.8210220336914, 96.23138427734375, 143.6083221435547, 8.29173469543457, 47.98660659790039, 74.9550552368164, 181.11785888671875, 43.393218994140625, 46.35956954956055, -12.345545768737793, 10.781111717224121], [147.1871795654297, -184.43663024902344, 8.04537582397461, -62.230690002441406, -37.52736282348633, -26.528989791870117, -41.66741943359375, 39.91438674926758, 43.393218994140625, 147.17335510253906, 4.59918737411499, 39.62354278564453, -42.244056701660156], [-266.37127685546875, 232.00938415527344, -95.24758911132812, 57.91401290893555, 72.40618896484375, -29.08446502685547, 73.51927185058594, 4.8799309730529785, 46.35956954956055, 4.59918737411499, 125.5040512084961, -11.402005195617676, 29.365312576293945], [122.75508117675781, -179.04722595214844, 72.47990417480469, -56.88802719116211, -24.009361267089844, 6.92219877243042, -44.815574645996094, 29.001737594604492, -12.345545768737793, 39.62354278564453, -11.402005195617676, 97.62842559814453, -16.997770309448242], [-250.03819274902344, 117.32701873779297, -99.02056884765625, 65.64552307128906, -11.57362174987793, -20.055065155029297, 7.990212917327881, -37.76572036743164, 10.781111717224121, -42.244056701660156, 29.365312576293945, -16.997770309448242, 102.34017944335938]], "lowlevel.gfcc.icov": [[0.0003208146372344345, -0.00023388474073726684, 0.00016695681551937014, -0.00017114292131736875, 0.00028034509159624577, -0.00032775310683064163, 9.77997260633856e-05, -0.0003046384372282773, 0.00011456720676505938, -0.00029308933881111443, 0.0007897569448687136, -0.00047528158756904304, 0.0007320914301089942], [-0.00023388474073726684, 0.0033246581442654133, -0.0007286886102519929, 0.0016186757711693645, -0.0015853368677198887, 0.0007359285955317318, -0.001244990387931466, 0.0018203306244686246, -0.003930960316210985, 0.0039085992611944675, -0.004204368684440851, 0.00347137195058167, -0.0015819600084796548], [0.00016695681551937014, -0.0007286886102519929, 0.001966041512787342, -0.001149292686022818, -0.0004966072156094015, -0.0013606908032670617, 0.0003541128244251013, 0.00015214234008453786, 7.518771599279717e-05, -0.0008267955272458494, 0.002779621398076415, -0.0025632076431065798, 0.0020159617997705936], [-0.00017114292131736875, 0.0016186757711693645, -0.001149292686022818, 0.0039132204838097095, -0.001997523708269, -0.0001675322710070759, -0.0002040706021944061, 0.0004983148537576199, -0.001447739778086543, 0.0016762289451435208, -0.003169044852256775, 0.003739373292773962, -0.003580064047127962], [0.00028034509159624577, -0.0015853368677198887, -0.0004966072156094015, -0.001997523708269, 0.0044662831351161, 0.0005467981100082397, -0.0013547667767852545, -0.001263551414012909, 0.0004702878650277853, -0.0007882748614065349, 0.0015612100251019, -0.002270408207550645, 0.002354985335841775], [-0.00032775310683064163, 0.0007359285955317318, -0.0013606908032670617, -0.0001675322710070759, 0.0005467981100082397, 0.005137280561029911, -0.002538112923502922, 0.0006656905170530081, -0.0007755564292892814, 0.0014280168106779456, -0.0002896201622206718, 0.00027602954651229084, -0.0005410700105130672], [9.77997260633856e-05, -0.001244990387931466, 0.0003541128244251013, -0.0002040706021944061, -0.0013547667767852545, -0.002538112923502922, 0.0077722277492284775, -0.0034368368797004223, 0.0031986208632588387, -0.000905561784747988, -0.002288113348186016, 0.0021374444477260113, -8.509692270308733e-05], [-0.0003046384372282773, 0.0018203306244686246, 0.00015214234008453786, 0.0004983148537576199, -0.001263551414012909, 0.0006656905170530081, -0.0034368368797004223, 0.011490323580801487, -0.006636296398937702, 0.0019067522371187806, -0.00013783096801489592, -0.0026297790464013815, 0.0025813765823841095], [0.00011456720676505938, -0.003930960316210985, 7.518771599279717e-05, -0.001447739778086543, 0.0004702878650277853, -0.0007755564292892814, 0.0031986208632588387, -0.006636296398937702, 0.015148553997278214, -0.008270099759101868, 0.0014668356161564589, 0.00038742637843824923, -0.0023756632581353188], [-0.00029308933881111443, 0.0039085992611944675, -0.0008267955272458494, 0.0016762289451435208, -0.0007882748614065349, 0.0014280168106779456, -0.000905561784747988, 0.0019067522371187806, -0.008270099759101868, 0.015409935265779495, -0.006176394876092672, 0.00034301093546673656, 0.0029541475232690573], [0.0007897569448687136, -0.004204368684440851, 0.002779621398076415, -0.003169044852256775, 0.0015612100251019, -0.0002896201622206718, -0.002288113348186016, -0.00013783096801489592, 0.0014668356161564589, -0.006176394876092672, 0.019866568967700005, -0.007856396026909351, 0.0020100330002605915], [-0.00047528158756904304, 0.00347137195058167, -0.0025632076431065798, 0.003739373292773962, -0.002270408207550645, 0.00027602954651229084, 0.0021374444477260113, -0.0026297790464013815, 0.00038742637843824923, 0.00034301093546673656, -0.007856396026909351, 0.020490245893597603, -0.005601275712251663], [0.0007320914301089942, -0.0015819600084796548, 0.0020159617997705936, -0.003580064047127962, 0.002354985335841775, -0.0005410700105130672, -8.509692270308733e-05, 0.0025813765823841095, -0.0023756632581353188, 0.0029541475232690573, 0.0020100330002605915, -0.005601275712251663, 0.018702715635299683]], "lowlevel.mfcc.cov": [[4848.95751953125, -673.6945190429688, -108.99368286132812, -653.9086303710938, -416.15673828125, -186.31033325195312, -268.4897155761719, -99.26963806152344, -20.2255802154541, -54.09090042114258, 29.632957458496094, 19.850828170776367, -63.49577713012695], [-673.6945190429688, 1290.7159423828125, -34.01664352416992, 284.3779602050781, 265.9236145019531, 116.04483795166016, 174.9191131591797, 200.85494995117188, 79.09098052978516, 113.616455078125, 110.00057983398438, 58.00880813598633, 60.35441207885742], [-108.99368286132812, -34.01664352416992, 933.6962280273438, 215.66563415527344, 359.5592041015625, 312.24798583984375, 151.031982421875, 182.4816436767578, 153.1478271484375, 33.42509841918945, 12.867898941040039, 78.5047836303711, 12.855847358703613], [-653.9086303710938, 284.3779602050781, 215.66563415527344, 657.4901733398438, 388.65008544921875, 199.02963256835938, 194.97348022460938, 153.68063354492188, 112.29589080810547, 104.28348541259766, 47.31978988647461, 48.687217712402344, 57.04962921142578], [-416.15673828125, 265.9236145019531, 359.5592041015625, 388.65008544921875, 512.6183471679688, 226.81378173828125, 148.7247772216797, 183.66734313964844, 137.56094360351562, 83.2284164428711, 51.83882141113281, 70.470458984375, 50.136592864990234], [-186.31033325195312, 116.04483795166016, 312.24798583984375, 199.02963256835938, 226.81378173828125, 328.56494140625, 203.9545135498047, 136.54336547851562, 91.22251892089844, 43.03437423706055, 24.40277099609375, 36.801025390625, 6.486111164093018], [-268.4897155761719, 174.9191131591797, 151.031982421875, 194.97348022460938, 148.7247772216797, 203.9545135498047, 301.7859191894531, 179.47463989257812, 62.526275634765625, 53.589542388916016, 49.44620895385742, 15.416971206665039, 2.1096906661987305], [-99.26963806152344, 200.85494995117188, 182.4816436767578, 153.68063354492188, 183.66734313964844, 136.54336547851562, 179.47463989257812, 231.8632354736328, 100.43465423583984, 50.057823181152344, 49.708900451660156, 35.81154251098633, 19.259662628173828], [-20.2255802154541, 79.09098052978516, 153.1478271484375, 112.29589080810547, 137.56094360351562, 91.22251892089844, 62.526275634765625, 100.43465423583984, 135.35330200195312, 67.73197174072266, 25.559057235717773, 39.320255279541016, 25.173778533935547], [-54.09090042114258, 113.616455078125, 33.42509841918945, 104.28348541259766, 83.2284164428711, 43.03437423706055, 53.589542388916016, 50.057823181152344, 67.73197174072266, 126.66698455810547, 62.81840896606445, 29.60515594482422, 29.478918075561523], [29.632957458496094, 110.00057983398438, 12.867898941040039, 47.31978988647461, 51.83882141113281, 24.40277099609375, 49.44620895385742, 49.708900451660156, 25.559057235717773, 62.81840896606445, 112.34683990478516, 55.5590705871582, 24.01284408569336], [19.850828170776367, 58.00880813598633, 78.5047836303711, 48.687217712402344, 70.470458984375, 36.801025390625, 15.416971206665039, 35.81154251098633, 39.320255279541016, 29.60515594482422, 55.5590705871582, 103.3697280883789, 52.10036849975586], [-63.49577713012695, 60.35441207885742, 12.855847358703613, 57.04962921142578, 50.136592864990234, 6.486111164093018, 2.1096906661987305, 19.259662628173828, 25.173778533935547, 29.478918075561523, 24.01284408569336, 52.10036849975586, 83.11356353759766]], "lowlevel.mfcc.icov": [[0.00026764292852021754, 0.00011294864088995382, 1.6287911421386525e-05, 0.00018138368614017963, 0.00013025689986534417, -0.00010381652828073129, 0.00028441392350941896, -0.00025868520606309175, -0.00013432037667371333, -3.138939428026788e-05, -0.0002395134069956839, -0.00011424697731854394, 0.00017031225434038788], [0.00011294864088995382, 0.0011092341737821698, 0.0003607622056733817, -3.277233554399572e-05, -0.00033207429805770516, -0.00016328212223015726, 0.0001871813874458894, -0.0009091174579225481, 0.0003313734196126461, -0.0003696385829243809, -0.00045655141002498567, -2.8982069125049748e-05, -0.00015272389282472432], [1.6287911421386525e-05, 0.0003607622056733817, 0.002080218866467476, 0.00019881244224961847, -0.0009071454987861216, -0.0013994149630889297, 0.0004975369083695114, -0.0007080259965732694, -0.0006268775905482471, 0.00028496640152297914, 0.0004911864525638521, -0.001055735512636602, 0.0007087881676852703], [0.00018138368614017963, -3.277233554399572e-05, 0.00019881244224961847, 0.003392899176105857, -0.002230818849056959, 0.00011317615280859172, -0.0013659890973940492, 0.0006720308447256684, -0.0001466671092202887, -0.0010402535554021597, 0.000554368132725358, 0.0001590022147865966, -0.0008279333123937249], [0.00013025689986534417, -0.00033207429805770516, -0.0009071454987861216, -0.002230818849056959, 0.005807177163660526, -0.001663933857344091, 0.00196745153516531, -0.0020608510822057724, -0.0008400421356782317, 3.546870721038431e-05, -0.0005668593221344054, -0.0002411802124697715, -0.0003765651781577617], [-0.00010381652828073129, -0.00016328212223015726, -0.0013994149630889297, 0.00011317615280859172, -0.001663933857344091, 0.008314106613397598, -0.005328386556357145, 0.0022012724075466394, -0.0017866732086986303, 0.0004596212529577315, 0.001196941826492548, -0.001262705773115158, 0.0009819549741223454], [0.00028441392350941896, 0.0001871813874458894, 0.0004975369083695114, -0.0013659890973940492, 0.00196745153516531, -0.005328386556357145, 0.010902224108576775, -0.007250300608575344, 0.0029737611766904593, -0.0015160253969952464, -0.0017696814611554146, 0.001364365336485207, 0.0008674049749970436], [-0.00025868520606309175, -0.0009091174579225481, -0.0007080259965732694, 0.0006720308447256684, -0.0020608510822057724, 0.0022012724075466394, -0.007250300608575344, 0.0136985769495368, -0.006867025513201952, 0.0033801577519625425, -0.0023110080510377884, 0.0011034192284569144, -0.0009511059615761042], [-0.00013432037667371333, 0.0003313734196126461, -0.0006268775905482471, -0.0001466671092202887, -0.0008400421356782317, -0.0017866732086986303, 0.0029737611766904593, -0.006867025513201952, 0.018340734764933586, -0.008968621492385864, 0.0049700019881129265, -0.0038679467979818583, 0.0006309832679107785], [-3.138939428026788e-05, -0.0003696385829243809, 0.00028496640152297914, -0.0010402535554021597, 3.546870721038431e-05, 0.0004596212529577315, -0.0015160253969952464, 0.0033801577519625425, -0.008968621492385864, 0.01726960390806198, -0.009302509017288685, 0.004570584278553724, -0.003473891643807292], [-0.0002395134069956839, -0.00045655141002498567, 0.0004911864525638521, 0.000554368132725358, -0.0005668593221344054, 0.001196941826492548, -0.0017696814611554146, -0.0023110080510377884, 0.0049700019881129265, -0.009302509017288685, 0.01960122026503086, -0.010790311731398106, 0.0034160204231739044], [-0.00011424697731854394, -2.8982069125049748e-05, -0.001055735512636602, 0.0001590022147865966, -0.0002411802124697715, -0.001262705773115158, 0.001364365336485207, 0.0011034192284569144, -0.0038679467979818583, 0.004570584278553724, -0.010790311731398106, 0.022094687446951866, -0.011240665800869465], [0.00017031225434038788, -0.00015272389282472432, 0.0007087881676852703, -0.0008279333123937249, -0.0003765651781577617, 0.0009819549741223454, 0.0008674049749970436, -0.0009511059615761042, 0.0006309832679107785, -0.003473891643807292, 0.0034160204231739044, -0.011240665800869465, 0.020180681720376015]], "metadata.audio_properties.analy