{"song_id": "1182273609335586846", "download": "https://cdn.discordapp.com/attachments/1128313332273782784/1182273609335586846/chirp.mp4?ex=6584191a&amp", "lyrics": "Last night we went to a bar, \nand it felt like we were listening to a rock star. \nWe tried to make Tom sing,\nBut instead, we hear behind us the door going ding ding. \n\nEray was not able to come,\nBecause he was learning how to use .some(), \nWe tried to bring him over,\nBut his government said to him it's a game over. \n\nWe were eating this morning at Billy,\nDoesn't it sound silly?\nThat would be everything from me today,\nBecause I do not know about what is the other way.", "style": ["60s"], "essentia_features": {"lowlevel.average_loudness": 0.8565902709960938, "lowlevel.barkbands_crest.mean": 12.906135559082031, "lowlevel.barkbands_crest.stdev": 4.902508735656738, "lowlevel.barkbands_flatness_db.mean": 0.2216329425573349, "lowlevel.barkbands_flatness_db.stdev": 0.07281050086021423, "lowlevel.barkbands_kurtosis.mean": 14.611505508422852, "lowlevel.barkbands_kurtosis.stdev": 50.91692352294922, "lowlevel.barkbands_skewness.mean": 1.4512803554534912, "lowlevel.barkbands_skewness.stdev": 2.613163948059082, "lowlevel.barkbands_spread.mean": 14.925963401794434, "lowlevel.barkbands_spread.stdev": 14.924545288085938, "lowlevel.dissonance.mean": 0.4098823070526123, "lowlevel.dissonance.stdev": 0.0642487034201622, "lowlevel.dynamic_complexity": 5.694887638092041, "lowlevel.erbbands_crest.mean": 15.188400268554688, "lowlevel.erbbands_crest.stdev": 6.234663009643555, "lowlevel.erbbands_flatness_db.mean": 0.23535318672657013, "lowlevel.erbbands_flatness_db.stdev": 0.07601098716259003, "lowlevel.erbbands_kurtosis.mean": 3.7013888359069824, "lowlevel.erbbands_kurtosis.stdev": 7.343056678771973, "lowlevel.erbbands_skewness.mean": 0.40980055928230286, "lowlevel.erbbands_skewness.stdev": 1.3123900890350342, "lowlevel.erbbands_spread.mean": 24.010820388793945, "lowlevel.erbbands_spread.stdev": 20.678733825683594, "lowlevel.hfc.mean": 12.560083389282227, "lowlevel.hfc.stdev": 21.929716110229492, "lowlevel.loudness_ebu128.integrated": -23.528465270996094, "lowlevel.loudness_ebu128.loudness_range": 2.6601200103759766, "lowlevel.loudness_ebu128.momentary.mean": -24.939069747924805, "lowlevel.loudness_ebu128.momentary.stdev": 3.913163185119629, "lowlevel.loudness_ebu128.short_term.mean": -24.00184440612793, "lowlevel.loudness_ebu128.short_term.stdev": 1.0080642700195312, "lowlevel.melbands_crest.mean": 17.056529998779297, "lowlevel.melbands_crest.stdev": 6.006590366363525, "lowlevel.melbands_flatness_db.mean": 0.29752665758132935, "lowlevel.melbands_flatness_db.stdev": 0.0886620283126831, "lowlevel.melbands_kurtosis.mean": 17.966943740844727, "lowlevel.melbands_kurtosis.stdev": 48.148590087890625, "lowlevel.melbands_skewness.mean": 1.907461166381836, "lowlevel.melbands_skewness.stdev": 2.3319547176361084, "lowlevel.melbands_spread.mean": 19.59503173828125, "lowlevel.melbands_spread.stdev": 24.078811645507812, "lowlevel.pitch_salience.mean": 0.45933160185813904, "lowlevel.pitch_salience.stdev": 0.14111219346523285, "lowlevel.silence_rate_20dB.mean": 1.0, "lowlevel.silence_rate_20dB.stdev": 0.0, "lowlevel.silence_rate_30dB.mean": 0.9929757118225098, "lowlevel.silence_rate_30dB.stdev": 0.08351600170135498, "lowlevel.silence_rate_60dB.mean": 0.2586206793785095, "lowlevel.silence_rate_60dB.stdev": 0.4378761947154999, "lowlevel.spectral_centroid.mean": 991.9046020507812, "lowlevel.spectral_centroid.stdev": 639.4814453125, "lowlevel.spectral_complexity.mean": 6.5, "lowlevel.spectral_complexity.stdev": 3.574199914932251, "lowlevel.spectral_decrease.mean": -4.041277534838628e-09, "lowlevel.spectral_decrease.stdev": 5.27907895175872e-09, "lowlevel.spectral_energy.mean": 0.016391942277550697, "lowlevel.spectral_energy.stdev": 0.021587170660495758, "lowlevel.spectral_energyband_high.mean": 6.080234743421897e-05, "lowlevel.spectral_energyband_high.stdev": 0.00020804940140806139, "lowlevel.spectral_energyband_low.mean": 0.004560330882668495, "lowlevel.spectral_energyband_low.stdev": 0.00948263704776764, "lowlevel.spectral_energyband_middle_high.mean": 0.006064960733056068, "lowlevel.spectral_energyband_middle_high.stdev": 0.014603745192289352, "lowlevel.spectral_energyband_middle_low.mean": 0.0061765811406075954, "lowlevel.spectral_energyband_middle_low.stdev": 0.011424040421843529, "lowlevel.spectral_entropy.mean": 6.679284572601318, "lowlevel.spectral_entropy.stdev": 0.699821949005127, "lowlevel.spectral_flux.mean": 0.05932524800300598, "lowlevel.spectral_flux.stdev": 0.05194997042417526, "lowlevel.spectral_kurtosis.mean": 13.315959930419922, "lowlevel.spectral_kurtosis.stdev": 9.960474014282227, "lowlevel.spectral_rms.mean": 0.0033242758363485336, "lowlevel.spectral_rms.stdev": 0.0022229074966162443, "lowlevel.spectral_rolloff.mean": 1346.044677734375, "lowlevel.spectral_rolloff.stdev": 1658.9464111328125, "lowlevel.spectral_skewness.mean": 2.690338373184204, "lowlevel.spectral_skewness.stdev": 1.1217745542526245, "lowlevel.spectral_spread.mean": 3938215.5, "lowlevel.spectral_spread.stdev": 2272933.5, "lowlevel.spectral_strongpeak.mean": 1.4639016389846802, "lowlevel.spectral_strongpeak.stdev": 2.2521631717681885, "lowlevel.zerocrossingrate.mean": 0.05022655427455902, "lowlevel.zerocrossingrate.stdev": 0.044628072530031204, "metadata.audio_properties.analysis.equal_loudness": 0.0, "metadata.audio_properties.analysis.length": 36.330657958984375, "metadata.audio_properties.analysis.sample_rate": 44100.0, "metadata.audio_properties.analysis.start_time": 0.0, "metadata.audio_properties.bit_rate": 117238.0, "metadata.audio_properties.length": 36.330665588378906, "metadata.audio_properties.lossless": 0.0, "metadata.audio_properties.number_channels": 1.0, "metadata.audio_properties.replay_gain": -5.51786994934082, "metadata.audio_properties.sample_rate": 48000.0, "rhythm.beats_count": 55.0, "rhythm.beats_loudness.mean": 0.025836961343884468, "rhythm.beats_loudness.stdev": 0.02213556319475174, "rhythm.bpm": 98.5583267211914, "rhythm.bpm_histogram_first_peak_bpm": 99.0, "rhythm.bpm_histogram_first_peak_weight": 0.1111111044883728, "rhythm.bpm_histogram_second_peak_bpm": 92.0, "rhythm.bpm_histogram_second_peak_spread": 0.5, "rhythm.bpm_histogram_second_peak_weight": 0.20370370149612427, "rhythm.danceability": 1.5433964729309082, "rhythm.onset_rate": 4.098942756652832, "tonal.chords_changes_rate": 0.10841836780309677, "tonal.chords_number_rate": 0.024234693497419357, "tonal.chords_strength.mean": 0.48443299531936646, "tonal.chords_strength.stdev": 0.09314146637916565, "tonal.hpcp_crest.mean": 16.914276123046875, "tonal.hpcp_crest.stdev": 7.671344757080078, "tonal.hpcp_entropy.mean": 1.5351601839065552, "tonal.hpcp_entropy.stdev": 0.6744241118431091, "tonal.key_edma.strength": 0.6025554537773132, "tonal.key_krumhansl.strength": 0.604704737663269, "tonal.key_temperley.strength": 0.6079735159873962, "tonal.tuning_diatonic_strength": 0.5315706729888916, "tonal.tuning_equal_tempered_deviation": 0.08816158771514893, "tonal.tuning_frequency": 441.0177917480469, "tonal.tuning_nontempered_energy_ratio": 0.7433943748474121, "lowlevel.barkbands.mean": [1.2034131941618398e-05, 0.002760323928669095, 0.0017186567420139909, 0.00013247768220026046, 0.0002797440392896533, 0.0012824024306610227, 0.0008337208419106901, 0.000983944395557046, 0.0019438826711848378, 0.0016360634472221136, 0.0006754635251127183, 0.0009756058570928872, 0.0007497702026739717, 0.0007202493725344539, 0.0006503725307993591, 0.0005375322652980685, 0.0002268837415613234, 0.00013228491297923028, 7.75182488723658e-05, 5.842671271238942e-06, 8.931125194067135e-06, 4.57561554867425e-06, 1.5663277736166492e-05, 1.558101394039113e-05, 1.0141647180716973e-05, 1.942387370945653e-06, 3.559073888936837e-07], "lowlevel.barkbands.stdev": [4.397364318720065e-05, 0.005989410448819399, 0.0043045044876635075, 0.0003229356661904603, 0.0006164424703456461, 0.0030280519276857376, 0.001990698045119643, 0.003722882829606533, 0.00782717950642109, 0.007308207917958498, 0.0031228302977979183, 0.005443811882287264, 0.0038912915624678135, 0.004887844901531935, 0.0033860609401017427, 0.00255545019172132, 0.0010530350264161825, 0.0004289516946300864, 0.0003114542050752789, 1.732593955239281e-05, 3.74991686840076e-05, 1.7630212823860347e-05, 7.030617416603491e-05, 7.932239532237872e-05, 5.0302696763537824e-05, 5.042570592195261e-06, 4.0895565689424984e-07], "lowlevel.erbbands.mean": [0.03178739547729492, 0.7737343907356262, 2.398465633392334, 0.8002727627754211, 0.6342104077339172, 0.9077441692352295, 2.5835776329040527, 12.986473083496094, 15.57285213470459, 12.758091926574707, 24.95522689819336, 48.10812759399414, 54.682701110839844, 42.04515838623047, 24.8623104095459, 44.36141586303711, 37.600013732910156, 33.565738677978516, 39.97834777832031, 26.992067337036133, 29.715087890625, 12.41176986694336, 7.18427038192749, 7.5980143547058105, 1.254966378211975, 0.30290403962135315, 0.4579022228717804, 0.22083351016044617, 0.14972276985645294, 0.30767276883125305, 0.4574587941169739, 0.32571035623550415, 0.27537626028060913, 0.16685053706169128, 0.04007106274366379, 0.01017361506819725, 0.0031930988188833, 0.0009463081369176507, 4.047594120493159e-05, 2.0023429897264577e-05], "lowlevel.erbbands.stdev": [0.07252433151006699, 1.6946961879730225, 5.745774269104004, 1.6952861547470093, 1.3567097187042236, 2.229010820388794, 5.187651634216309, 30.40373420715332, 38.751220703125, 42.78284454345703, 88.33218383789062, 202.9984893798828, 260.8299865722656, 151.9093017578125, 98.33078002929688, 236.2391357421875, 172.55014038085938, 202.7469482421875, 192.34608459472656, 116.55973052978516, 147.76023864746094, 47.044654846191406, 24.792705535888672, 26.058889389038086, 4.896474361419678, 0.8397886753082275, 1.6621248722076416, 0.9434544444084167, 0.5702170729637146, 1.334682583808899, 2.076154947280884, 1.478765606880188, 1.5034860372543335, 0.8922903537750244, 0.17929378151893616, 0.0338183268904686, 0.007401051931083202, 0.0011042754631489515, 3.7923367926850915e-05, 2.53580765274819e-05], "lowlevel.gfcc.mean": [-115.7736587524414, 106.73239135742188, -103.52496337890625, -2.3565073013305664, -45.82499694824219, 16.491958618164062, -37.61583709716797, 15.098943710327148, -15.814798355102539, 4.059851169586182, -10.308610916137695, 2.6502418518066406, -8.952882766723633], "lowlevel.melbands.mean": [0.0005240478203631938, 0.001159085426479578, 0.00014603210729546845, 5.278019671095535e-05, 8.100413106149063e-05, 0.00029195111710578203, 0.00022390884987544268, 0.00014785818348173052, 0.00021427101455628872, 0.0003087131481152028, 0.00026855585747398436, 0.00017122419376391917, 8.016389620024711e-05, 0.00010961210500681773, 0.00010228453174931929, 6.317735824268311e-05, 6.61259182379581e-05, 6.766586739104241e-05, 4.2918964027194306e-05, 3.556845331331715e-05, 3.291798202553764e-05, 1.3387511899054516e-05, 7.35065123080858e-06, 6.007490355841583e-06, 6.581749858014518e-06, 1.249830916094652e-06, 2.3649717206808418e-07, 1.7044970945789828e-07, 2.8696641152237135e-07, 2.502285951777594e-07, 8.52155110919739e-08, 7.612113250843322e-08, 9.983308757455234e-08, 2.0577108728048188e-07, 2.69858844603732e-07, 2.4050902425187815e-07, 1.8706765558818006e-07, 1.9840332754483825e-07, 1.796069426518443e-07, 1.2582714248310367e-07], "lowlevel.melbands.stdev": [0.0011192726669833064, 0.002586670219898224, 0.0002890188479796052, 0.00011295030708424747, 0.00016529888671357185, 0.0006915989215485752, 0.0005374379106797278, 0.0005245907814241946, 0.000721164105925709, 0.0013511981815099716, 0.001324062468484044, 0.0006303943227976561, 0.00033087789779528975, 0.0006424929015338421, 0.0004502921365201473, 0.00035581435076892376, 0.00046473965630866587, 0.0003412816149648279, 0.00022341716976370662, 0.00015584571519866586, 0.0001752297830535099, 6.1252256273292e-05, 3.506172288325615e-05, 2.2013000489096157e-05, 2.4309167201863602e-05, 6.63543005430256e-06, 8.762434617892723e-07, 4.7523579382868775e-07, 9.921797072820482e-07, 1.1707309113262454e-06, 3.337414966608776e-07, 3.199980369572586e-07, 4.0853640825844195e-07, 9.48685112689418e-07, 1.2436005363269942e-06, 1.1043917993447394e-06, 8.812909868538554e-07, 1.0971065194098628e-06, 9.877825277726515e-07, 6.943266157577455e-07], "lowlevel.melbands128.mean": [8.433869879809208e-06, 0.00011795928730862215, 0.000581305765081197, 0.0015782767441123724, 0.0015725326957181096, 0.0006261061644181609, 0.00013083149679005146, 6.237839988898486e-05, 6.491371459560469e-05, 4.9284735723631456e-05, 4.417738091433421e-05, 6.267326534725726e-05, 6.879574357299134e-05, 0.00011989879567408934, 0.00027275262982584536, 0.0004266459436621517, 0.0003498912265058607, 0.00015498547872994095, 0.00011400230141589418, 0.00012990698451176286, 0.00016962262452580035, 0.0001802493497962132, 0.00023208522179629654, 0.0002121940633514896, 0.0003396795364096761, 0.00034781006979756057, 0.00024136535648722202, 0.0003350915794726461, 0.0001962131937034428, 0.00018470837676431984, 0.00017939478857442737, 0.00011235923011554405, 5.768680421169847e-05, 7.052602450130507e-05, 8.23465597932227e-05, 0.00012467986380215734, 0.00015498233551625162, 6.799903349019587e-05, 0.00011301124322926626, 8.54253230500035e-05, 5.46760275028646e-05, 2.4454515369143337e-05, 4.5561369915958494e-05, 0.00012159152538515627, 5.672901897924021e-05, 6.297881191130728e-05, 7.050086423987523e-05, 3.635321991168894e-05, 4.018823165097274e-05, 2.762343137874268e-05, 3.1857249268796295e-05, 4.4609132601181045e-05, 4.6280012611532584e-05, 1.8969789380207658e-05, 2.3181097276392393e-05, 1.0320403816876933e-05, 9.753544873092324e-06, 8.015300409169868e-06, 6.163224952615565e-06, 6.430782377719879e-06, 5.124938525113976e-06, 5.564945695368806e-06, 1.0315955478290562e-05, 6.07769152338733e-06, 2.4245230179076316e-06, 1.0897778111029766e-06, 5.145281534169044e-07, 3.0114929927549383e-07, 1.6440957040231297e-07, 1.5189004898275016e-07, 1.538095233399872e-07, 1.6425717319634714e-07, 2.7508161792866304e-07, 3.1559014246340666e-07, 3.044193874757184e-07, 3.0910345572010556e-07, 2.040723785512455e-07, 9.512599774552655e-08, 7.928172607307715e-08, 6.16486630633517e-08, 7.418103109557705e-08, 8.369682547026969e-08, 7.731757278861551e-08, 8.750280500180452e-08, 1.3031181822498183e-07, 1.6286088566630497e-07, 2.3136563243042474e-07, 2.9967063142066763e-07, 2.479068825778086e-07, 2.808806129905861e-07, 2.805287522278377e-07, 2.236411376088654e-07, 1.7251360873160593e-07, 1.8530191425725206e-07, 1.911206197746651e-07, 2.1319182508250378e-07, 1.9586713051467086e-07, 1.8558880299224256e-07, 1.7595492352029396e-07, 1.806227061251775e-07, 1.752966625190311e-07, 1.0552081874948271e-07, 8.281477192895181e-08, 7.287364667263319e-08, 3.256580782817764e-08, 2.0410741541354582e-08, 2.0556658597570276e-08, 2.3325377185301477e-08, 1.633156543334735e-08, 1.258724680042178e-08, 1.0317054766062483e-08, 1.0300755803882566e-08, 1.0545416984086842e-08, 8.418747476923727e-09, 8.698061826351022e-09, 8.421127795088523e-09, 1.0178506038016621e-08, 4.898633498839899e-09, 6.390766804642567e-10, 2.921183911083758e-12, 2.774652686429735e-12, 2.7303875306528003e-12, 2.70529930922192e-12, 2.642067988001262e-12, 2.4802215402991434e-12, 2.2267678152776416e-12, 2.0834458290541757e-12, 2.054898135331329e-12], "lowlevel.melbands128.stdev": [3.1508574465988204e-05, 0.0003627510741353035, 0.001411374076269567, 0.0036052672658115625, 0.00375663791783154, 0.0015533117111772299, 0.0003194392193108797, 0.00014324963558465242, 0.0001688250049483031, 0.00012226148101035506, 0.00013076596951577812, 0.000197638277313672, 0.00017402454977855086, 0.00029695499688386917, 0.0007541358354501426, 0.0012978441081941128, 0.001144293462857604, 0.00044441374484449625, 0.0004271008656360209, 0.0005853960756212473, 0.0008567250915803015, 0.0009034082177095115, 0.001093176775611937, 0.0009290494490414858, 0.0018407709430903196, 0.0020439596846699715, 0.0014236359857022762, 0.00239446759223938, 0.0010584258707240224, 0.0009053496760316193, 0.000961399869993329, 0.0007097984780557454, 0.00035702381865121424, 0.00047961645759642124, 0.0007233476499095559, 0.0009930598316714168, 0.0011527156457304955, 0.00037262533442117274, 0.0007626357255503535, 0.0005482323467731476, 0.000570873380638659, 0.0002264859213028103, 0.0003241360536776483, 0.0011624066391959786, 0.0004661815764848143, 0.0004218027170281857, 0.0005568965571001172, 0.0002849659649655223, 0.00035534208291210234, 0.00017098613898269832, 0.00022340306895785034, 0.00032580268452875316, 0.00034499148023314774, 0.00011265841021668166, 0.00017513713100925088, 5.503821012098342e-05, 6.97380819474347e-05, 7.202332199085504e-05, 2.7273583327769302e-05, 3.604513040045276e-05, 3.485407432890497e-05, 2.4806578949210234e-05, 4.4113738113082945e-05, 3.3335138141410425e-05, 1.7140366253443062e-05, 8.478907147946302e-06, 2.0786105778825004e-06, 2.074848225674941e-06, 7.702300877099333e-07, 3.621504731654568e-07, 5.389419470702705e-07, 7.335486884585407e-07, 1.0084155519507476e-06, 1.3675920627065352e-06, 1.331814701188705e-06, 1.4978287481426378e-06, 1.160834358415741e-06, 5.837721346324543e-07, 2.694351906029624e-07, 2.070587896696452e-07, 3.3903242524502275e-07, 4.1741029122022155e-07, 3.320606083434541e-07, 3.8903596077943803e-07, 6.114055963735154e-07, 7.433849305016338e-07, 1.294535536544572e-06, 1.5196346794255078e-06, 1.1723077477654442e-06, 1.4373670182976639e-06, 1.3349859955269494e-06, 1.0676881174731534e-06, 8.054714157879062e-07, 8.939984468270268e-07, 9.869366977000027e-07, 1.1838128557428718e-06, 1.1188041071363841e-06, 1.2580843531395658e-06, 1.0775640930660302e-06, 9.58962459662871e-07, 9.96195353764051e-07, 6.479970124928514e-07, 4.364921721844439e-07, 4.27864051744109e-07, 1.3282475208598044e-07, 6.250520101502843e-08, 8.062996670332723e-08, 1.0142314010863629e-07, 6.135365993031883e-08, 3.947410931459672e-08, 2.6408258690935327e-08, 2.935091991673744e-08, 3.217987298853586e-08, 2.0594361771486547e-08, 1.9695981734457746e-08, 1.2276085037399298e-08, 1.0697900343359379e-08, 8.715006494242061e-09, 1.7988670553137354e-09, 5.902238333493903e-12, 5.778199533429396e-12, 5.648572321687029e-12, 5.534124374040328e-12, 5.442238239922181e-12, 5.363829606169768e-12, 5.301273309221699e-12, 5.255186043273685e-12, 5.226727470969417e-12], "lowlevel.mfcc.mean": [-776.2030029296875, 152.53121948242188, 3.1261096000671387, -0.19071519374847412, 14.396126747131348, -0.36255377531051636, -0.6765964031219482, 4.440875053405762, 1.9567186832427979, 1.9887452125549316, 2.2897934913635254, 0.8821572661399841, 1.3414685726165771], "lowlevel.spectral_contrast_coeffs.mean": [-0.7205265164375305, -0.6711928844451904, -0.7075562477111816, -0.7530938386917114, -0.7930542826652527, -0.8230084776878357], "lowlevel.spectral_contrast_coeffs.stdev": [0.07430671155452728, 0.09615185111761093, 0.10463032126426697, 0.09095054119825363, 0.07547897100448608, 0.03808441758155823], "lowlevel.spectral_contrast_valleys.mean": [-7.973946571350098, -7.971896171569824, -8.631555557250977, -8.977462768554688, -9.389413833618164, -11.600682258605957], "lowlevel.spectral_contrast_valleys.stdev": [0.8987301588058472, 0.8363817930221558, 0.7356014251708984, 0.7736560106277466, 0.7266375422477722, 0.6391350030899048], "rhythm.beats_loudness_band_ratio.mean": [0.34201234579086304, 0.10636334121227264, 0.25385308265686035, 0.16875244677066803, 0.13295809924602509, 0.03541922941803932], "rhythm.beats_loudness_band_ratio.stdev": [0.32159915566444397, 0.13018886744976044, 0.2626553475856781, 0.21839724481105804, 0.1944330334663391, 0.13239602744579315], "tonal.hpcp.mean": [0.15112856030464172, 0.0837503969669342, 0.06724940985441208, 0.08062931150197983, 0.056973375380039215, 0.03948044404387474, 0.05836549028754234, 0.06004494056105614, 0.10573698580265045, 0.12961070239543915, 0.06370972096920013, 0.0367787629365921, 0.04779282957315445, 0.048210062086582184, 0.06427937000989914, 0.10012023150920868, 0.08940120786428452, 0.07365837693214417, 0.07629525661468506, 0.06167658418416977, 0.0711153894662857, 0.09757880866527557, 0.09660574793815613, 0.1862867921590805, 0.2506527602672577, 0.1351090520620346, 0.06448496133089066, 0.07626578956842422, 0.0935811698436737, 0.21559226512908936, 0.25856316089630127, 0.1329980343580246, 0.06715971231460571, 0.0619056411087513, 0.07084178924560547, 0.13424092531204224], "tonal.hpcp.stdev": [0.2989915907382965, 0.1980137676000595, 0.1722627878189087, 0.2177547812461853, 0.15518474578857422, 0.11930975317955017, 0.1778479963541031, 0.16410095989704132, 0.222401961684227, 0.2487524449825287, 0.14042414724826813, 0.11925232410430908, 0.15860076248645782, 0.15255405008792877, 0.17852194607257843, 0.2240702211856842, 0.21427997946739197, 0.18984024226665497, 0.20045322179794312, 0.17009954154491425, 0.17792421579360962, 0.21929271519184113, 0.22037653625011444, 0.29451876878738403, 0.3805040717124939, 0.24607250094413757, 0.18267662823200226, 0.22077009081840515, 0.21634657680988312, 0.3294481039047241, 0.3582901954650879, 0.23206192255020142, 0.19151198863983154, 0.18879619240760803, 0.1934228390455246, 0.26867344975471497], "rhythm.beats_position": [0.6153287887573242, 1.2422676086425781, 1.8808163404464722, 2.5077550411224365, 3.111473798751831, 3.7151927947998047, 4.318911552429199, 4.922630310058594, 5.526349067687988, 6.095238208770752, 6.664126873016357, 7.233015537261963, 7.8715643882751465, 8.521722793579102, 9.241541862487793, 9.938140869140625, 10.611518859863281, 11.284897804260254, 11.969886779785156, 12.666484832763672, 13.363083839416504, 14.04807186126709, 14.721450805664062, 15.394829750061035, 16.04498863220215, 16.706756591796875, 17.356916427612305, 17.995464324951172, 18.6456241607666, 19.28417205810547, 19.887889862060547, 20.503219604492188, 21.1069393157959, 21.710657119750977, 22.314376831054688, 22.929704666137695, 23.533424377441406, 24.183582305908203, 24.84535026550293, 25.49551010131836, 26.145668029785156, 26.819047927856445, 27.469205856323242, 28.11936378479004, 28.72308349609375, 29.326801300048828, 29.94213104248047, 30.557458877563477, 31.277278900146484, 32.008705139160156, 32.740135192871094, 33.45995330810547, 34.191383361816406, 34.92280960083008, 35.654239654541016], "rhythm.bpm_histogram": [0.0, 0.0, 0.0, 0.0, 0.0, 0.0, 0.0, 0.0, 0.0, 0.0, 0.0, 0.0, 0.0, 0.0, 0.0, 0.0, 0.0, 0.0, 0.0, 0.0, 0.0, 0.0, 0.0, 0.0, 0.0, 0.0, 0.0, 0.0, 0.0, 0.0, 0.0, 0.0, 0.0, 0.0, 0.0, 0.0, 0.0, 0.0, 0.0, 0.0, 0.0, 0.0, 0.0, 0.0, 0.0, 0.0, 0.0, 0.0, 0.0, 0.0, 0.0, 0.0, 0.0, 0.0, 0.0, 0.0, 0.0, 0.0, 0.0, 0.0, 0.0, 0.0, 0.0, 0.0, 0.0, 0.0, 0.0, 0.0, 0.0, 0.0, 0.0, 0.0, 0.0, 0.0, 0.0, 0.0, 0.0, 0.0, 0.0, 0.0, 0.0, 0.0, 0.09259258955717087, 0.0555555559694767, 0.0, 0.0, 0.0555555559694767, 0.0, 0.03703703731298447, 0.09259258955717087, 0.0, 0.03703703731298447, 0.1666666716337204, 0.0, 0.07407407462596893, 0.0, 0.03703703731298447, 0.0, 0.07407407462596893, 0.2222222238779068, 0.0, 0.0, 0.0, 0.0, 0.0, 0.0555555559694767, 0.0, 0.0, 0.0, 0.0, 0.0, 0.0, 0.0, 0.0, 0.0, 0.0, 0.0, 0.0, 0.0, 0.0, 0.0, 0.0, 0.0, 0.0, 0.0, 0.0, 0.0, 0.0, 0.0, 0.0, 0.0, 0.0, 0.0, 0.0, 0.0, 0.0, 0.0, 0.0, 0.0, 0.0, 0.0, 0.0, 0.0, 0.0, 0.0, 0.0, 0.0, 0.0, 0.0, 0.0, 0.0, 0.0, 0.0, 0.0, 0.0, 0.0, 0.0, 0.0, 0.0, 0.0, 0.0, 0.0, 0.0, 0.0, 0.0, 0.0, 0.0, 0.0, 0.0, 0.0, 0.0, 0.0, 0.0, 0.0, 0.0, 0.0, 0.0, 0.0, 0.0, 0.0, 0.0, 0.0, 0.0, 0.0, 0.0, 0.0, 0.0, 0.0, 0.0, 0.0, 0.0, 0.0, 0.0, 0.0, 0.0, 0.0, 0.0, 0.0, 0.0, 0.0, 0.0, 0.0, 0.0, 0.0, 0.0, 0.0, 0.0, 0.0, 0.0, 0.0, 0.0, 0.0, 0.0, 0.0, 0.0, 0.0, 0.0, 0.0, 0.0, 0.0, 0.0, 0.0, 0.0, 0.0, 0.0, 0.0, 0.0, 0.0, 0.0, 0.0, 0.0, 0.0, 0.0, 0.0, 0.0, 0.0, 0.0, 0.0, 0.0, 0.0, 0.0, 0.0, 0.0, 0.0, 0.0, 0.0, 0.0, 0.0, 0.0, 0.0], "tonal.chords_histogram": [5.612245082855225, 5.86734676361084, 10.841836929321289, 4.974489688873291, 3.1887755393981934, 0.38265305757522583, 3.31632661819458, 5.484694004058838, 1.0204081535339355, 2.6785714626312256, 2.168367385864258, 3.826530694961548, 0.0, 0.6377550959587097, 0.6377550959587097, 3.826530694961548, 2.040816307067871, 10.841836929321289, 0.0, 10.714285850524902, 4.081632614135742, 6.887754917144775, 5.484694004058838, 5.484694004058838], "tonal.thpcp": [1.0, 0.5143734812736511, 0.25974199175834656, 0.23942174017429352, 0.27398252487182617, 0.519180417060852, 0.5844937562942505, 0.32390692830085754, 0.2600889205932617, 0.31183603405952454, 0.22034606337547302, 0.15269167721271515, 0.22573010623455048, 0.2322254329919815, 0.4089406430721283, 0.5012729167938232, 0.24639905989170074, 0.14224286377429962, 0.18484005331993103, 0.186453714966774, 0.24860219657421112, 0.3872177004814148, 0.34576159715652466, 0.284875750541687, 0.2950739562511444, 0.23853585124015808, 0.2750406861305237, 0.37738868594169617, 0.37362533807754517, 0.7204691767692566, 0.9694063067436218, 0.522537887096405, 0.24939732253551483, 0.29495999217033386, 0.36192768812179565, 0.8338088989257812], "lowlevel.gfcc.cov": [[3405.926513671875, 719.3801879882812, -1497.095703125, -37.42376708984375, 284.3081359863281, -149.6710205078125, 114.15906524658203, 138.7053985595703, 140.97930908203125, -87.48551940917969, 191.6503143310547, -110.24713134765625, 215.08203125], [719.3801879882812, 1508.28125, 142.38426208496094, -341.8274841308594, 257.2044982910156, 26.53838539123535, 320.76214599609375, -35.135223388671875, 33.32693862915039, 17.09174156188965, 111.25685119628906, -167.0545196533203, -6.707425594329834], [-1497.095703125, 142.38426208496094, 2274.910888671875, 296.1253356933594, -231.7476806640625, 361.8040771484375, 93.68824005126953, -123.90059661865234, -64.39949798583984, 114.92047882080078, -126.68424224853516, -9.407148361206055, -283.54205322265625], [-37.42376708984375, -341.8274841308594, 296.1253356933594, 889.9034423828125, 77.67120361328125, -104.82550048828125, -126.33819580078125, 139.83045959472656, 76.84233856201172, -28.11819076538086, 36.24494934082031, 112.99779510498047, 61.51089859008789], [284.3081359863281, 257.2044982910156, -231.7476806640625, 77.67120361328125, 534.8458862304688, 132.9462890625, 153.5232391357422, 9.26718521118164, 41.80636978149414, -7.132339954376221, 7.902307510375977, -33.26883316040039, 37.51906204223633], [-149.6710205078125, 26.53838539123535, 361.8040771484375, -104.82550048828125, 132.9462890625, 682.94677734375, 181.2830047607422, -181.18008422851562, -25.529071807861328, 32.031463623046875, -26.6476993560791, -110.91712951660156, -25.224266052246094], [114.15906524658203, 320.76214599609375, 93.68824005126953, -126.33819580078125, 153.5232391357422, 181.2830047607422, 342.54046630859375, 44.879127502441406, -22.124094009399414, -27.224952697753906, 20.37077522277832, -55.91056442260742, -17.198768615722656], [138.7053985595703, -35.135223388671875, -123.90059661865234, 139.83045959472656, 9.26718521118164, -181.18008422851562, 44.879127502441406, 250.05044555664062, 100.87383270263672, -56.72053527832031, -12.479191780090332, 41.80465316772461, 41.823036193847656], [140.97930908203125, 33.32693862915039, -64.39949798583984, 76.84233856201172, 41.80636978149414, -25.529071807861328, -22.124094009399414, 100.87383270263672, 209.51577758789062, 50.71337890625, 1.5828418731689453, -9.015059471130371, 42.78308868408203], [-87.48551940917969, 17.09174156188965, 114.92047882080078, -28.11819076538086, -7.132339954376221, 32.031463623046875, -27.224952697753906, -56.72053527832031, 50.71337890625, 150.602294921875, 64.85298156738281, 12.814932823181152, -34.59974670410156], [191.6503143310547, 111.25685119628906, -126.68424224853516, 36.24494934082031, 7.902307510375977, -26.6476993560791, 20.37077522277832, -12.479191780090332, 1.5828418731689453, 64.85298156738281, 214.5594024658203, 74.81015014648438, 21.663246154785156], [-110.24713134765625, -167.0545196533203, -9.407148361206055, 112.99779510498047, -33.26883316040039, -110.91712951660156, -55.91056442260742, 41.80465316772461, -9.015059471130371, 12.814932823181152, 74.81015014648438, 175.27793884277344, 50.768898010253906], [215.08203125, -6.707425594329834, -283.54205322265625, 61.51089859008789, 37.51906204223633, -25.224266052246094, -17.198768615722656, 41.823036193847656, 42.78308868408203, -34.59974670410156, 21.663246154785156, 50.768898010253906, 170.6049346923828]], "lowlevel.gfcc.icov": [[0.000596723344642669, -0.0004756363923661411, 0.0005833583418279886, -0.00041243655141443014, 0.00029254378750920296, -0.0002918513200711459, -2.4658447728143074e-05, -0.00010685273446142673, -9.209438576363027e-05, -2.003693771257531e-05, 5.543183215195313e-05, 1.0400026440038346e-06, 0.0002751472347881645], [-0.0004756363923661411, 0.0022108082193881273, -0.001393231563270092, 0.0013427233789116144, -0.001372835016809404, 0.0016738767735660076, -0.0008952367934398353, 0.0008897999068722129, -0.0007616179063916206, 0.0011890087043866515, -0.0024589356034994125, 0.0026465447153896093, -0.0019152633612975478], [0.0005833583418279886, -0.001393231563270092, 0.0020848873537033796, -0.0016662761336192489, 0.0016217428492382169, -0.0014039733214303851, -0.0005774018354713917, 0.00019025904475711286, 9.500317537458614e-05, -0.0013539844658225775, 0.0024930150248110294, -0.002322185318917036, 0.002682572929188609], [-0.00041243655141443014, 0.0013427233789116144, -0.0016662761336192489, 0.0029461905360221863, -0.0018493644893169403, 0.0008480018004775047, 0.0013856448931619525, -0.001256100949831307, -0.00016752023657318205, 0.0015255145262926817, -0.0026365520898252726, 0.0015596994198858738, -0.0020570612978190184], [0.00029254378750920296, -0.001372835016809404, 0.0016217428492382169, -0.0018493644893169403, 0.0038478076457977295, -0.0012586009688675404, -0.0016584426630288363, 0.0008942557615227997, -0.0005369094433262944, -0.0010983062675222754, 0.0025581102818250656, -0.0022034491412341595, 0.0017633804818615317], [-0.0002918513200711459, 0.0016738767735660076, -0.0014039733214303851, 0.0008480018004775047, -0.0012586009688675404, 0.004281867295503616, -0.002541051246225834, 0.0037549028638750315, -0.0018613488646224141, 0.001442525302991271, -0.0016868595266714692, 0.0027436583768576384, -0.0023151016794145107], [-2.4658447728143074e-05, -0.0008952367934398353, -0.0005774018354713917, 0.0013856448931619525, -0.0016584426630288363, -0.002541051246225834, 0.007812896743416786, -0.005966665223240852, 0.003311533946543932, -5.512612915481441e-05, -0.0018446967005729675, 0.001217205193825066, -0.00019358664576429874], [-0.00010685273446142673, 0.0008897999068722129, 0.00019025904475711286, -0.001256100949831307, 0.0008942557615227997, 0.0037549028638750315, -0.005966665223240852, 0.013554164208471775, -0.00813386868685484, 0.005572134628891945, 0.0008875333005562425, -0.0025371205992996693, 0.0011851623421534896], [-9.209438576363027e-05, -0.0007616179063916206, 9.500317537458614e-05, -0.00016752023657318205, -0.0005369094433262944, -0.0018613488646224141, 0.003311533946543932, -0.00813386868685484, 0.011686394922435284, -0.007465511094778776, 0.001137739745900035, 0.00253816950134933, -0.002869321731850505], [-2.003693771257531e-05, 0.0011890087043866515, -0.0013539844658225775, 0.0015255145262926817, -0.0010983062675222754, 0.001442525302991271, -5.512612915481441e-05, 0.005572134628891945, -0.007465511094778776, 0.015011414885520935, -0.005722763016819954, -0.00021387467859312892, 0.0020618420094251633], [5.543183215195313e-05, -0.0024589356034994125, 0.0024930150248110294, -0.0026365520898252726, 0.0025581102818250656, -0.0016868595266714692, -0.0018446967005729675, 0.0008875333005562425, 0.001137739745900035, -0.005722763016819954, 0.011665331199765205, -0.0072076828218996525, 0.002929558977484703], [1.0400026440038346e-06, 0.0026465447153896093, -0.002322185318917036, 0.0015596994198858738, -0.0022034491412341595, 0.0027436583768576384, 0.001217205193825066, -0.0025371205992996693, 0.00253816950134933, -0.00021387467859312892, -0.0072076828218996525, 0.014599652960896492, -0.006793370470404625], [0.0002751472347881645, -0.0019152633612975478, 0.002682572929188609, -0.0020570612978190184, 0.0017633804818615317, -0.0023151016794145107, -0.00019358664576429874, 0.0011851623421534896, -0.002869321731850505, 0.0020618420094251633, 0.002929558977484703, -0.006793370470404625, 0.012386513873934746]], "lowlevel.mfcc.cov": [[4160.9150390625, 189.46539306640625, -1691.3157958984375, 125.76934814453125, 68.33930206298828, -288.2548828125, -50.537967681884766, 45.21482467651367, 43.27057647705078, 0.7420177459716797, -30.204280853271484, -17.47148895263672, -25.458663940429688], [189.46539306640625, 1789.7991943359375, 92.2728271484375, -258.6499938964844, -155.0941162109375, 145.13400268554688, 268.7444763183594, -48.6693000793457, 23.833162307739258, 112.23019409179688, 156.19541931152344, 43.517425537109375, 0.6344398856163025], [-1691.3157958984375, 92.2728271484375, 2012.811767578125, 31.82609748840332, -40.8704833984375, 327.9146728515625, 81.3098373413086, -4.065144062042236, -49.90489196777344, 86.79732513427734, 67.60706329345703, 85.7251968383789, 61.357818603515625], [125.76934814453125, -258.6499938964844, 31.82609748840332, 785.0936279296875, 194.02679443359375, -256.4375, -78.62487030029297, 109.5316390991211, 56.26835632324219, -107.23858642578125, 16.258289337158203, 107.27910614013672, 33.28270721435547], [68.33930206298828, -155.0941162109375, -40.8704833984375, 194.02679443359375, 326.2794189453125, 134.35205078125, -14.323712348937988, 38.14948654174805, 76.9406509399414, 28.039554595947266, -7.96146297454834, 7.7385945320129395, 25.40511703491211], [-288.2548828125, 145.13400268554688, 327.9146728515625, -256.4375, 134.35205078125, 554.0380859375, 228.50917053222656, -20.27727508544922, 18.382579803466797, 132.83323669433594, 13.86867904663086, -51.958770751953125, 26.541534423828125], [-50.537967681884766, 268.7444763183594, 81.3098373413086, -78.62487030029297, -14.323712348937988, 228.50917053222656, 336.4351501464844, 94.75601196289062, -11.734092712402344, 45.802101135253906, 26.248868942260742, -20.06357192993164, 2.344844102859497], [45.21482467651367, -48.6693000793457, -4.065144062042236, 109.5316390991211, 38.14948654174805, -20.27727508544922, 94.75601196289062, 213.48785400390625, 98.23272705078125, 6.2947587966918945, -4.827123641967773, 1.0602458715438843, -3.3099477291107178], [43.27057647705078, 23.833162307739258, -49.90489196777344, 56.26835632324219, 76.9406509399414, 18.382579803466797, -11.734092712402344, 98.23272705078125, 212.2278289794922, 92.46351623535156, -19.949329376220703, -26.431028366088867, -12.971736907958984], [0.7420177459716797, 112.23019409179688, 86.79732513427734, -107.23858642578125, 28.039554595947266, 132.83323669433594, 45.802101135253906, 6.2947587966918945, 92.46351623535156, 178.8099822998047, 42.87715148925781, -32.535003662109375, -15.47585391998291], [-30.204280853271484, 156.19541931152344, 67.60706329345703, 16.258289337158203, -7.96146297454834, 13.86867904663086, 26.248868942260742, -4.827123641967773, -19.949329376220703, 42.87715148925781, 141.56753540039062, 82.97341918945312, 2.8452279567718506], [-17.47148895263672, 43.517425537109375, 85.7251968383789, 107.27910614013672, 7.7385945320129395, -51.958770751953125, -20.06357192993164, 1.0602458715438843, -26.431028366088867, -32.535003662109375, 82.97341918945312, 179.60415649414062, 78.54241180419922], [-25.458663940429688, 0.6344398856163025, 61.357818603515625, 33.28270721435547, 25.40511703491211, 26.541534423828125, 2.344844102859497, -3.3099477291107178, -12.971736907958984, -15.47585391998291, 2.8452279567718506, 78.54241180419922, 135.4460906982422]], "lowlevel.mfcc.icov": [[0.0004085688851773739, -0.00012545993376988918, 0.00040077746962197125, -0.00021096138516440988, 8.229554805438966e-05, -0.00014009482401888818, 0.0002684342034626752, -0.000360898528015241, 0.0005351356812752783, -0.0006391903734765947, 0.0004511694423854351, -0.00028854518313892186, 8.227877697208896e-05], [-0.00012545993376988918, 0.0009107906371355057, -0.00020668945217039436, 0.0003826128086075187, 1.5073704162205104e-05, 0.0005440232343971729, -0.0013407402439042926, 0.001229058369062841, -0.0013148017460480332, 0.0006650772993452847, -0.0012785490835085511, 0.00027008153847418725, -0.00026410649297758937], [0.00040077746962197125, -0.00020668945217039436, 0.0011380985379219055, -0.0007987149292603135, 0.0010045046219602227, -0.00137110217474401, 0.0011288910172879696, -0.001028810627758503, 0.0012657042825594544, -0.0012857227120548487, 0.0008559207199141383, -0.0008267267257906497, 0.00022831448586657643], [-0.00021096138516440988, 0.0003826128086075187, -0.0007987149292603135, 0.00336307636462152, -0.003074428765103221, 0.0030383558478206396, -0.0020476041827350855, 0.000884060631506145, -0.0018375023500993848, 0.0021304788533598185, -0.0013993318425491452, -5.243572741164826e-05, -0.00034044604399241507], [8.229554805438966e-05, 1.5073704162205104e-05, 0.0010045046219602227, -0.003074428765103221, 0.007556290831416845, -0.005142124369740486, 0.003378803376108408, -0.0017567053437232971, 9.263466199627146e-05, -0.000812219106592238, 0.0006747993174940348, -0.000510463782120496, 2.625892420837772e-06], [-0.00014009482401888818, 0.0005440232343971729, -0.00137110217474401, 0.0030383558478206396, -0.005142124369740486, 0.008012371137738228, -0.0060120816342532635, 0.0038204891607165337, -0.0020944096613675356, -6.271826714510098e-05, -0.0012940190499648452, 0.001530888257548213, -0.001630808343179524], [0.0002684342034626752, -0.0013407402439042926, 0.0011288910172879696, -0.0020476041827350855, 0.003378803376108408, -0.0060120816342532635, 0.009941721335053444, -0.00718469126150012, 0.005275824572890997, -0.002426356542855501, 0.0016258731484413147, -0.0004058015765622258, 0.0006743618869222701], [-0.000360898528015241, 0.001229058369062841, -0.001028810627758503, 0.000884060631506145, -0.0017567053437232971, 0.0038204891607165337, -0.00718469126150012, 0.0119835389778018, -0.0081550981849432, 0.004143919795751572, -0.00280825886875391, 0.0010965669061988592, -0.0007111208979040384], [0.0005351356812752783, -0.0013148017460480332, 0.0012657042825594544, -0.0018375023500993848, 9.263466199627146e-05, -0.0020944096613675356, 0.005275824572890997, -0.0081550981849432, 0.014398247003555298, -0.009741116315126419, 0.006539179477840662, -0.0025045080110430717, 0.0016681805718690157], [-0.0006391903734765947, 0.0006650772993452847, -0.0012857227120548487, 0.0021304788533598185, -0.000812219106592238, -6.271826714510098e-05, -0.002426356542855501, 0.004143919795751572, -0.009741116315126419, 0.015757527202367783, -0.009127539582550526, 0.0052344417199492455, -0.0017325184307992458], [0.0004511694423854351, -0.0012785490835085511, 0.0008559207199141383, -0.0013993318425491452, 0.0006747993174940348, -0.0012940190499648452, 0.0016258731484413147, -0.00280825886875391, 0.006539179477840662, -0.009127539582550526, 0.018057793378829956, -0.010909955948591232, 0.005607629660516977], [-0.00028854518313892186, 0.00027008153847418725, -0.0008267267257906497, -5.243572741164826e-05, -0.000510463782120496, 0.001530888257548213, -0.0004058015765622258, 0.0010965669061988592, -0.0025045080110430717, 0.0052344417199492455, -0.010909955948591232, 0.015548483468592167, -0.008267370983958244], [8.227877697208896e-05, -0.00026410649297758937, 0.00022831448586657643, -0.00034044604399241507, 2.625892420837772e-06, -0.001630808343179524, 0.0006743618869222701, -0.0007111208979040384, 0.0016681805718690157, -0.0017325184307992458, 0.005607629660516977, -0.008267370983958244, 0.01230805553495884]], "metadata.audio_properties.analysis.downmix": "mix", "metadata.audio_properties.codec": "mp3", "metadata.audio_properties.md5_encoded": "6e982f358428e62045f0a953468d81e2", "metadata.tags.file_name": "1182273609335586846.mp3", "metadata.version.essentia": "2.1-beta6-dev", "metadata.version.essentia_git_sha": "v2.1_beta5-1110-g77a6a954", "metadata.version.extractor": "mus