{"song_id": "1182271809249345587", "download": "https://cdn.discordapp.com/attachments/1128313332273782784/1182271809249345587/chirp.mp4?ex=6584176c&amp", "lyrics": "[Verse]\nValerie, oh Valerie, the greatest mother alive\nHer love and care, they make us thrive\nShe's always there, with arms open wide\nA shining star, on this motherhood ride\n\n[Chorus]\nTell me why Valerie, she's the one\nSupportive and strong, second to none\nShe sacrifices all, for her family's bright sun\nValerie, the greatest mother on earth, bar none", "style": ["comedy"], "essentia_features": {"lowlevel.average_loudness": 0.9739251732826233, "lowlevel.barkbands_crest.mean": 18.53019905090332, "lowlevel.barkbands_crest.stdev": 6.989100456237793, "lowlevel.barkbands_flatness_db.mean": 0.24677909910678864, "lowlevel.barkbands_flatness_db.stdev": 0.1330619752407074, "lowlevel.barkbands_kurtosis.mean": 143.16932678222656, "lowlevel.barkbands_kurtosis.stdev": 320.2652587890625, "lowlevel.barkbands_skewness.mean": 6.231173515319824, "lowlevel.barkbands_skewness.stdev": 7.237318515777588, "lowlevel.barkbands_spread.mean": 18.86094093322754, "lowlevel.barkbands_spread.stdev": 18.840587615966797, "lowlevel.dissonance.mean": 0.4687805771827698, "lowlevel.dissonance.stdev": 0.026222895830869675, "lowlevel.dynamic_complexity": 2.855921745300293, "lowlevel.erbbands_crest.mean": 10.061674118041992, "lowlevel.erbbands_crest.stdev": 5.691264629364014, "lowlevel.erbbands_flatness_db.mean": 0.15319512784481049, "lowlevel.erbbands_flatness_db.stdev": 0.046173956245183945, "lowlevel.erbbands_kurtosis.mean": 2.60080623626709, "lowlevel.erbbands_kurtosis.stdev": 9.615387916564941, "lowlevel.erbbands_skewness.mean": 0.19272692501544952, "lowlevel.erbbands_skewness.stdev": 1.6832795143127441, "lowlevel.erbbands_spread.mean": 52.7491569519043, "lowlevel.erbbands_spread.stdev": 29.20508575439453, "lowlevel.hfc.mean": 18.988073348999023, "lowlevel.hfc.stdev": 20.71881103515625, "lowlevel.loudness_ebu128.integrated": -13.057743072509766, "lowlevel.loudness_ebu128.loudness_range": 0.9899797439575195, "lowlevel.loudness_ebu128.momentary.mean": -13.277180671691895, "lowlevel.loudness_ebu128.momentary.stdev": 1.437909722328186, "lowlevel.loudness_ebu128.short_term.mean": -13.037181854248047, "lowlevel.loudness_ebu128.short_term.stdev": 0.3482699394226074, "lowlevel.melbands_crest.mean": 23.73600959777832, "lowlevel.melbands_crest.stdev": 8.024651527404785, "lowlevel.melbands_flatness_db.mean": 0.31692859530448914, "lowlevel.melbands_flatness_db.stdev": 0.16623076796531677, "lowlevel.melbands_kurtosis.mean": 141.28997802734375, "lowlevel.melbands_kurtosis.stdev": 225.42979431152344, "lowlevel.melbands_skewness.mean": 6.967045783996582, "lowlevel.melbands_skewness.stdev": 5.377272605895996, "lowlevel.melbands_spread.mean": 18.254962921142578, "lowlevel.melbands_spread.stdev": 26.539052963256836, "lowlevel.pitch_salience.mean": 0.3132852613925934, "lowlevel.pitch_salience.stdev": 0.21578370034694672, "lowlevel.silence_rate_20dB.mean": 0.9965237379074097, "lowlevel.silence_rate_20dB.stdev": 0.05885688215494156, "lowlevel.silence_rate_30dB.mean": 0.8006952404975891, "lowlevel.silence_rate_30dB.stdev": 0.39947614073753357, "lowlevel.silence_rate_60dB.mean": 0.04924681410193443, "lowlevel.silence_rate_60dB.stdev": 0.21638450026512146, "lowlevel.spectral_centroid.mean": 1527.2059326171875, "lowlevel.spectral_centroid.stdev": 1068.5067138671875, "lowlevel.spectral_complexity.mean": 12.350521087646484, "lowlevel.spectral_complexity.stdev": 12.802116394042969, "lowlevel.spectral_decrease.mean": -1.8958468572805032e-08, "lowlevel.spectral_decrease.stdev": 2.167171864186912e-08, "lowlevel.spectral_energy.mean": 0.07327598333358765, "lowlevel.spectral_energy.stdev": 0.08200303465127945, "lowlevel.spectral_energyband_high.mean": 0.0013108683051541448, "lowlevel.spectral_energyband_high.stdev": 0.0023346904199570417, "lowlevel.spectral_energyband_low.mean": 0.06530681252479553, "lowlevel.spectral_energyband_low.stdev": 0.0836927592754364, "lowlevel.spectral_energyband_middle_high.mean": 0.0024466002359986305, "lowlevel.spectral_energyband_middle_high.stdev": 0.0034254039637744427, "lowlevel.spectral_energyband_middle_low.mean": 0.004622198175638914, "lowlevel.spectral_energyband_middle_low.stdev": 0.007838760502636433, "lowlevel.spectral_entropy.mean": 7.53698205947876, "lowlevel.spectral_entropy.stdev": 0.6947687268257141, "lowlevel.spectral_flux.mean": 0.10748780518770218, "lowlevel.spectral_flux.stdev": 0.09356719255447388, "lowlevel.spectral_kurtosis.mean": 4.034584999084473, "lowlevel.spectral_kurtosis.stdev": 4.754025459289551, "lowlevel.spectral_rms.mean": 0.007284600753337145, "lowlevel.spectral_rms.stdev": 0.004292228724807501, "lowlevel.spectral_rolloff.mean": 1168.1982421875, "lowlevel.spectral_rolloff.stdev": 1815.6689453125, "lowlevel.spectral_skewness.mean": 1.3711129426956177, "lowlevel.spectral_skewness.stdev": 0.7336198091506958, "lowlevel.spectral_spread.mean": 5003951.0, "lowlevel.spectral_spread.stdev": 1630225.5, "lowlevel.spectral_strongpeak.mean": 0.6530447006225586, "lowlevel.spectral_strongpeak.stdev": 0.541629433631897, "lowlevel.zerocrossingrate.mean": 0.04521184414625168, "lowlevel.zerocrossingrate.stdev": 0.05018027871847153, "metadata.audio_properties.analysis.equal_loudness": 0.0, "metadata.audio_properties.analysis.length": 40.04265213012695, "metadata.audio_properties.analysis.sample_rate": 44100.0, "metadata.audio_properties.analysis.start_time": 0.0, "metadata.audio_properties.bit_rate": 121322.0, "metadata.audio_properties.length": 40.042667388916016, "metadata.audio_properties.lossless": 0.0, "metadata.audio_properties.number_channels": 1.0, "metadata.audio_properties.replay_gain": -12.318635940551758, "metadata.audio_properties.sample_rate": 48000.0, "rhythm.beats_count": 70.0, "rhythm.beats_loudness.mean": 0.12636235356330872, "rhythm.beats_loudness.stdev": 0.10124054551124573, "rhythm.bpm": 106.40887451171875, "rhythm.bpm_histogram_first_peak_bpm": 108.0, "rhythm.bpm_histogram_first_peak_weight": 0.4333333373069763, "rhythm.bpm_histogram_second_peak_bpm": 103.0, "rhythm.bpm_histogram_second_peak_spread": 0.14285719394683838, "rhythm.bpm_histogram_second_peak_weight": 0.08695652335882187, "rhythm.danceability": 1.78814697265625, "rhythm.onset_rate": 4.59375, "tonal.chords_changes_rate": 0.11921296268701553, "tonal.chords_number_rate": 0.013888888992369175, "tonal.chords_strength.mean": 0.5326715111732483, "tonal.chords_strength.stdev": 0.1243467926979065, "tonal.hpcp_crest.mean": 12.267597198486328, "tonal.hpcp_crest.stdev": 6.006128787994385, "tonal.hpcp_entropy.mean": 2.2755017280578613, "tonal.hpcp_entropy.stdev": 0.8474462628364563, "tonal.key_edma.strength": 0.5360227227210999, "tonal.key_krumhansl.strength": 0.5394891500473022, "tonal.key_temperley.strength": 0.5418631434440613, "tonal.tuning_diatonic_strength": 0.48744824528694153, "tonal.tuning_equal_tempered_deviation": 0.23866014182567596, "tonal.tuning_frequency": 449.5048828125, "tonal.tuning_nontempered_energy_ratio": 0.88642817735672, "lowlevel.barkbands.mean": [0.0018894784152507782, 0.05979253724217415, 0.0032385396771132946, 0.0008233400876633823, 0.0017958071548491716, 0.0005235629505477846, 0.0005940917180851102, 0.0003973348066210747, 0.0004472891450859606, 0.0001157929582404904, 0.0001397561572957784, 0.0002662663464434445, 0.00037683031405322254, 0.0002777940535452217, 0.00018756029021460563, 0.00014174921670928597, 0.00030743866227567196, 0.00020948889141436666, 0.0003364907461218536, 0.00022921142226550728, 0.00029758585151284933, 0.00038322206819429994, 0.00027396733639761806, 0.00013570691226050258, 7.095778710208833e-05, 2.4060613213805482e-05, 1.3284460465001757e-07], "lowlevel.barkbands.stdev": [0.002771996660158038, 0.07995428889989853, 0.009249946102499962, 0.002021533204242587, 0.005200201645493507, 0.0012159849284216762, 0.0013641293626278639, 0.0009162002825178206, 0.0009058986324816942, 0.0003218108613509685, 0.0003171173157170415, 0.0006307382718659937, 0.000763638352509588, 0.0005557481199502945, 0.00038733670953661203, 0.0002797875786200166, 0.0004826488147955388, 0.0004602406988851726, 0.0005550205241888762, 0.0005058646202087402, 0.0005831427406519651, 0.0007952274172566831, 0.0006201295182108879, 0.0002421002136543393, 0.00012662040535360575, 4.844913928536698e-05, 6.066046012165316e-07], "lowlevel.erbbands.mean": [2.1886789798736572, 11.3592529296875, 6.835358619689941, 3.1332602500915527, 4.2671589851379395, 7.600015163421631, 2.4818756580352783, 5.508771896362305, 6.163032054901123, 11.34339427947998, 8.68337631225586, 9.43313980102539, 6.972326278686523, 4.193942546844482, 7.457952976226807, 10.90001392364502, 14.573381423950195, 16.50233268737793, 12.271855354309082, 8.627161026000977, 9.628673553466797, 17.204803466796875, 12.249666213989258, 14.986414909362793, 15.357403755187988, 10.901777267456055, 12.225627899169922, 11.67752742767334, 14.570221900939941, 10.884522438049316, 7.060241222381592, 3.6472294330596924, 1.9355067014694214, 0.9934253096580505, 0.4005538523197174, 0.15986567735671997, 0.03337620943784714, 0.002258837455883622, 9.020116704050452e-05, 8.604695176472887e-05], "lowlevel.erbbands.stdev": [3.2419402599334717, 15.077163696289062, 12.078899383544922, 8.757344245910645, 9.854619979858398, 23.95423126220703, 6.361152648925781, 12.874018669128418, 13.67777156829834, 24.918489456176758, 21.18217658996582, 19.43414878845215, 14.448823928833008, 10.075284004211426, 16.816776275634766, 25.428770065307617, 28.0610408782959, 32.016422271728516, 23.437776565551758, 16.952367782592773, 17.804935455322266, 27.192415237426758, 24.64124298095703, 25.706863403320312, 27.167831420898438, 23.75548553466797, 25.098587036132812, 22.351911544799805, 30.568767547607422, 23.190723419189453, 16.268362045288086, 6.889934539794922, 3.480912208557129, 1.7668180465698242, 0.7627955675125122, 0.3158683776855469, 0.07245726883411407, 0.005057703237980604, 0.00011701682524289936, 8.81352461874485e-05], "lowlevel.gfcc.mean": [-43.002540588378906, 78.51165771484375, -92.12557983398438, 61.448951721191406, -41.60602569580078, 30.799213409423828, -27.658607482910156, 18.363283157348633, -7.835350036621094, 11.604866981506348, -4.048014163970947, 2.5273330211639404, -12.681071281433105], "lowlevel.melbands.mean": [0.018064796924591064, 0.007146682124584913, 0.0005586768966168165, 0.00044477026676759124, 0.0001318412832915783, 0.0001161746695288457, 0.00010662624117685482, 0.000117466326628346, 6.51581576676108e-05, 6.401920109055936e-05, 3.443173045525327e-05, 1.578201772645116e-05, 2.2020560209057294e-05, 2.8435844797058962e-05, 2.772690640995279e-05, 4.0299204556504264e-05, 2.8104055672883987e-05, 2.080635204038117e-05, 1.3380457858147565e-05, 9.701232556835748e-06, 1.1493295460240915e-05, 1.820336728997063e-05, 1.470483675802825e-05, 9.10974085854832e-06, 1.2376837730698753e-05, 1.3077910807623994e-05, 8.416892342211213e-06, 6.958029644010821e-06, 7.4465979196247645e-06, 7.33163960831007e-06, 6.539177320519229e-06, 8.603868991485797e-06, 6.943498192413244e-06, 5.820017577207182e-06, 4.301638455217471e-06, 2.9703592190344352e-06, 1.9391752630326664e-06, 1.4429730299525545e-06, 9.977489980883547e-07, 7.770632919346099e-07], "lowlevel.melbands.stdev": [0.025283964350819588, 0.009225605055689812, 0.0013560163788497448, 0.001297767274081707, 0.00035328982630744576, 0.0002707063395064324, 0.00022578309290111065, 0.00024259055498987436, 0.0001725742913549766, 0.00013190865865908563, 7.240776176331565e-05, 4.0159902710001916e-05, 4.932033334625885e-05, 6.612014112761244e-05, 6.397567631211132e-05, 8.562712173443288e-05, 5.6072385632433e-05, 4.293356687412597e-05, 2.805633266689256e-05, 1.8704473404795863e-05, 2.217952351202257e-05, 2.9070288292132318e-05, 2.687376218091231e-05, 2.128523738065269e-05, 2.1268588170642033e-05, 2.2452366465586238e-05, 1.738695391395595e-05, 1.62240321515128e-05, 1.5998111848603003e-05, 1.450631953048287e-05, 1.2771944966516457e-05, 1.823323327698745e-05, 1.5171431186900008e-05, 1.3067201507510617e-05, 1.051590243150713e-05, 6.187447979755234e-06, 3.5903597108699614e-06, 2.6680820610636147e-06, 1.8005607671511825e-06, 1.4241057897379505e-06], "lowlevel.melbands128.mean": [0.0018200402846559882, 0.017458388581871986, 0.026912713423371315, 0.01596910133957863, 0.004904694855213165, 0.0013343757018446922, 0.0005799140781164169, 0.000386193540180102, 0.0003967623633798212, 0.0005117498221807182, 0.0004944454412907362, 0.00015262750093825161, 5.289006730890833e-05, 5.7849454606184736e-05, 0.0001250969507964328, 0.00016058342589531094, 8.706076914677396e-05, 7.298334821825847e-05, 0.00015920457371976227, 0.00014472797920461744, 8.403557148994878e-05, 8.19655615487136e-05, 6.637547630816698e-05, 4.490424180403352e-05, 4.277660264051519e-05, 9.56714284257032e-05, 6.178973126225173e-05, 2.120557110174559e-05, 1.630496626603417e-05, 1.3417427908279933e-05, 1.581334618094843e-05, 1.9470984625513665e-05, 1.9189084923709743e-05, 2.619597398734186e-05, 3.0983130272943527e-05, 2.489611870259978e-05, 3.2423758966615424e-05, 2.843072434188798e-05, 2.5415225536562502e-05, 2.4361997930100188e-05, 5.073396459920332e-05, 5.490554394782521e-05, 2.3530556063633412e-05, 1.563919613545295e-05, 2.6011788577307016e-05, 2.2327647457132116e-05, 1.4765678315598052e-05, 1.3252742064651102e-05, 1.4027154975337908e-05, 9.786904229258653e-06, 8.03179409558652e-06, 1.081982372852508e-05, 1.0241770723951049e-05, 1.0208885214524344e-05, 1.777460602170322e-05, 1.8896660549216904e-05, 1.9144599718856625e-05, 1.8296846974408254e-05, 1.2406731002556626e-05, 9.225535904988647e-06, 8.332910510944203e-06, 9.118200978264213e-06, 1.1155877473356668e-05, 1.27980265460792e-05, 1.550816887174733e-05, 1.3751135156780947e-05, 1.1480100511107594e-05, 9.889668035611976e-06, 7.336290309467586e-06, 7.116382221283857e-06, 6.459598353103502e-06, 7.359124083450297e-06, 7.037731847958639e-06, 7.438397460646229e-06, 8.02818249212578e-06, 7.6117171374789905e-06, 7.138992259569932e-06, 6.05921377427876e-06, 6.330341420834884e-06, 6.806156306993216e-06, 8.784321835264564e-06, 9.756238796398975e-06, 7.678789188503288e-06, 6.822391696914565e-06, 5.967829110886669e-06, 5.9694602896342985e-06, 5.873153895663563e-06, 5.405369847721886e-06, 3.960656158596976e-06, 3.877388280670857e-06, 3.333764880153467e-06, 2.7893040623894194e-06, 2.1786827346659265e-06, 2.039863829850219e-06, 1.6453227544843685e-06, 1.6201004200411262e-06, 1.3975819683764712e-06, 1.2128263051636168e-06, 9.607373385733808e-07, 9.114879162552825e-07, 9.358924444313743e-07, 7.541645459241408e-07, 6.06428443461482e-07, 4.96467237098841e-07, 4.2249689613527153e-07, 3.6199853070684185e-07, 3.975859783622582e-07, 3.386194862287084e-07, 2.5524627744744066e-07, 2.3415259420289658e-07, 1.9283361041289027e-07, 1.2193622467293608e-07, 9.286839741662334e-08, 5.997312513272846e-08, 3.5299589029591516e-08, 1.6215102149885752e-08, 5.270941905166637e-09, 2.340726501515178e-10, 2.6401884151150412e-11, 1.6929357221640018e-11, 1.812329626649234e-11, 1.4985027108060933e-11, 1.1862191784395293e-11, 1.148365083580849e-11, 1.097087351520365e-11, 1.0415201687208331e-11, 1.0137656339392898e-11, 1.0058009113078636e-11], "lowlevel.melbands128.stdev": [0.002701906720176339, 0.027102714404463768, 0.03950612619519234, 0.020762106403708458, 0.008083353750407696, 0.00409113010391593, 0.0019473213469609618, 0.0008125595049932599, 0.0009886045008897781, 0.0017751767300069332, 0.00161078292876482, 0.00043262363760732114, 0.00017410605505574495, 0.0001620760594960302, 0.0002968987391795963, 0.00044624321162700653, 0.00025766415637917817, 0.00022005473147146404, 0.000439415336586535, 0.0003797879908233881, 0.00020930569735355675, 0.00022608206199947745, 0.00024444752489216626, 0.00017060493701137602, 0.0001265738974325359, 0.00022960994101595134, 0.00015854049706831574, 6.911109812790528e-05, 5.6241897254949436e-05, 4.265818643034436e-05, 4.538684879662469e-05, 5.1340353820705786e-05, 5.398511348175816e-05, 7.840096077416092e-05, 0.00010098655911860988, 7.415618165396154e-05, 0.00012071742094121873, 8.529564365744591e-05, 7.846800872357562e-05, 7.439211913151667e-05, 0.00014214000839274377, 0.00015179974434431642, 7.470764830941334e-05, 4.0907954826252535e-05, 7.143623224692419e-05, 5.8293488109484315e-05, 4.790916500496678e-05, 3.3760155929485336e-05, 3.809812551480718e-05, 2.5335850295959972e-05, 1.8323305994272232e-05, 2.3861994122853503e-05, 2.483456046320498e-05, 2.5937431928468868e-05, 3.694628321682103e-05, 3.659760841401294e-05, 3.7880599847994745e-05, 3.610977728385478e-05, 2.89606523438124e-05, 2.418880831100978e-05, 2.2338117560138926e-05, 2.4307571948156692e-05, 2.3210970539366826e-05, 2.4053475499385968e-05, 2.88324572466081e-05, 2.706168197619263e-05, 2.1998082956997678e-05, 2.303352994204033e-05, 1.7234127881238237e-05, 1.725978836475406e-05, 1.6764484826126136e-05, 1.996063656406477e-05, 1.679234264884144e-05, 1.7532420315546915e-05, 1.8208860637969337e-05, 1.5578118109260686e-05, 1.550942033645697e-05, 1.309522212977754e-05, 1.330277336819563e-05, 1.4299375834525563e-05, 1.9489174519549124e-05, 2.275373481097631e-05, 1.844936195993796e-05, 1.6714266166673042e-05, 1.342670111625921e-05, 1.3198058695707005e-05, 1.548878390167374e-05, 1.3373554793361109e-05, 1.0945528629235923e-05, 9.665543984738179e-06, 7.659486072952859e-06, 5.8490327319304924e-06, 4.348483344074339e-06, 4.2584842958603986e-06, 3.059764139834442e-06, 3.346799985592952e-06, 2.7133496587339323e-06, 2.522692511774949e-06, 1.9842168512695935e-06, 1.7078920109270257e-06, 1.8253789448863245e-06, 1.511840196144476e-06, 1.2046517667840817e-06, 1.0477839396116906e-06, 9.706187711344683e-07, 7.647405482202885e-07, 7.997802526915621e-07, 6.598991149076028e-07, 5.87377428473701e-07, 5.565093488257844e-07, 4.825525934393227e-07, 2.988805078985024e-07, 2.4474957172060385e-07, 1.7165139354347048e-07, 9.86983934581076e-08, 5.368778133174601e-08, 2.1490208723662363e-08, 1.3625788275462014e-09, 2.9648686283856307e-10, 1.50948975541354e-10, 2.2060391013933867e-10, 1.1717936343469404e-10, 3.859507505254989e-11, 3.2222443463458816e-11, 2.342656450771141e-11, 1.7290995024676903e-11, 1.6393426546801315e-11, 1.6301338751079086e-11], "lowlevel.mfcc.mean": [-689.6575317382812, 100.84545135498047, 20.05084228515625, 38.6586799621582, 21.28061866760254, 21.02049446105957, 5.868583679199219, 14.75621223449707, 2.935788869857788, 10.374933242797852, 17.358745574951172, 8.548751831054688, 4.858489990234375], "lowlevel.spectral_contrast_coeffs.mean": [-0.6866307854652405, -0.7591421008110046, -0.8016077280044556, -0.807388186454773, -0.7900590300559998, -0.7565717101097107], "lowlevel.spectral_contrast_coeffs.stdev": [0.07803954184055328, 0.08553247898817062, 0.0765945315361023, 0.06058759614825249, 0.06719871610403061, 0.048167020082473755], "lowlevel.spectral_contrast_valleys.mean": [-7.16166353225708, -7.632086753845215, -8.292903900146484, -8.163984298706055, -8.00715446472168, -10.383753776550293], "lowlevel.spectral_contrast_valleys.stdev": [0.8712550401687622, 0.9351509213447571, 1.0721087455749512, 0.9652968645095825, 1.2131199836730957, 1.2369962930679321], "rhythm.beats_loudness_band_ratio.mean": [0.6784288287162781, 0.13651826977729797, 0.034461457282304764, 0.030283484607934952, 0.047440819442272186, 0.08429553359746933], "rhythm.beats_loudness_band_ratio.stdev": [0.3530774414539337, 0.17643535137176514, 0.03813482075929642, 0.03707365691661835, 0.0525570772588253, 0.09965243190526962], "tonal.hpcp.mean": [0.08325488120317459, 0.09439127892255783, 0.10879834741353989, 0.11526579409837723, 0.10993792116641998, 0.13131575286388397, 0.12783801555633545, 0.08273005485534668, 0.04904419928789139, 0.0449061393737793, 0.04973645508289337, 0.043665360659360886, 0.03519274666905403, 0.030985353514552116, 0.031022999435663223, 0.030888216570019722, 0.028634998947381973, 0.029751328751444817, 0.048431459814310074, 0.11326611787080765, 0.1539616882801056, 0.10207850486040115, 0.0549146942794323, 0.05209769681096077, 0.07325106114149094, 0.1127215325832367, 0.10915433615446091, 0.07268162071704865, 0.05705856904387474, 0.05492335930466652, 0.049097321927547455, 0.05951499566435814, 0.15286187827587128, 0.2533242702484131, 0.20648795366287231, 0.10417226701974869], "tonal.hpcp.stdev": [0.2252810299396515, 0.22950656712055206, 0.24455000460147858, 0.250053733587265, 0.2432301789522171, 0.28159743547439575, 0.288850873708725, 0.22485102713108063, 0.16446912288665771, 0.1548285186290741, 0.16808360815048218, 0.13796943426132202, 0.12758085131645203, 0.112385094165802, 0.11382755637168884, 0.09968683123588562, 0.0929953008890152, 0.09391357749700546, 0.13911648094654083, 0.2469773292541504, 0.318367600440979, 0.2281300276517868, 0.15623190999031067, 0.14939838647842407, 0.18199221789836884, 0.24140839278697968, 0.24530139565467834, 0.18278199434280396, 0.1644953340291977, 0.17132306098937988, 0.152943417429924, 0.16666822135448456, 0.28013548254966736, 0.37835025787353516, 0.33991631865501404, 0.2300795018672943], "rhythm.beats_position": [0.6037188172340393, 1.2190475463867188, 1.834376335144043, 2.4380950927734375, 3.0185940265655518, 3.599092960357666, 4.156371593475342, 4.713650703430176, 5.27092981338501, 5.851428508758545, 6.408707141876221, 6.965986251831055, 7.523265361785889, 8.092154502868652, 8.661043167114258, 9.218321800231934, 9.77560043334961, 10.344490051269531, 10.913378715515137, 11.482267379760742, 12.039546012878418, 12.608434677124023, 13.177324295043945, 13.734602928161621, 14.291881561279297, 14.872380256652832, 15.441269874572754, 15.99854850769043, 16.555828094482422, 17.12471580505371, 17.693605422973633, 18.250883102416992, 18.808162689208984, 19.377052307128906, 19.945940017700195, 20.503219604492188, 21.06049919128418, 21.62938690185547, 22.19827651977539, 22.75555419921875, 23.312833786010742, 23.881723403930664, 24.450611114501953, 25.007890701293945, 25.565170288085938, 26.134057998657227, 26.70294761657715, 27.26022720336914, 27.8175048828125, 28.386394500732422, 28.95528221130371, 29.512561798095703, 30.069841384887695, 30.638729095458984, 31.207618713378906, 31.7648983001709, 32.32217788696289, 32.89106369018555, 33.45995330810547, 34.017234802246094, 34.57451248168945, 35.143402099609375, 35.71228790283203, 36.269569396972656, 36.826847076416016, 37.407344818115234, 37.96462631225586, 38.52190399169922, 39.07918167114258, 39.65968322753906], "rhythm.bpm_histogram": [0.0, 0.0, 0.0, 0.0, 0.0, 0.0, 0.0, 0.0, 0.0, 0.0, 0.0, 0.0, 0.0, 0.0, 0.0, 0.0, 0.0, 0.0, 0.0, 0.0, 0.0, 0.0, 0.0, 0.0, 0.0, 0.0, 0.0, 0.0, 0.0, 0.0, 0.0, 0.0, 0.0, 0.0, 0.0, 0.0, 0.0, 0.0, 0.0, 0.0, 0.0, 0.0, 0.0, 0.0, 0.0, 0.0, 0.0, 0.0, 0.0, 0.0, 0.0, 0.0, 0.0, 0.0, 0.0, 0.0, 0.0, 0.0, 0.0, 0.0, 0.0, 0.0, 0.0, 0.0, 0.0, 0.0, 0.0, 0.0, 0.0, 0.0, 0.0, 0.0, 0.0, 0.0, 0.0, 0.0, 0.0, 0.0, 0.0, 0.0, 0.0, 0.0, 0.0, 0.0, 0.0, 0.0, 0.0, 0.0, 0.0, 0.0, 0.0, 0.0, 0.0, 0.0, 0.0, 0.0, 0.0, 0.0, 0.028985507786273956, 0.014492753893136978, 0.0, 0.0, 0.0, 0.08695652335882187, 0.0, 0.37681159377098083, 0.0, 0.0, 0.49275362491607666, 0.0, 0.0, 0.0, 0.0, 0.0, 0.0, 0.0, 0.0, 0.0, 0.0, 0.0, 0.0, 0.0, 0.0, 0.0, 0.0, 0.0, 0.0, 0.0, 0.0, 0.0, 0.0, 0.0, 0.0, 0.0, 0.0, 0.0, 0.0, 0.0, 0.0, 0.0, 0.0, 0.0, 0.0, 0.0, 0.0, 0.0, 0.0, 0.0, 0.0, 0.0, 0.0, 0.0, 0.0, 0.0, 0.0, 0.0, 0.0, 0.0, 0.0, 0.0, 0.0, 0.0, 0.0, 0.0, 0.0, 0.0, 0.0, 0.0, 0.0, 0.0, 0.0, 0.0, 0.0, 0.0, 0.0, 0.0, 0.0, 0.0, 0.0, 0.0, 0.0, 0.0, 0.0, 0.0, 0.0, 0.0, 0.0, 0.0, 0.0, 0.0, 0.0, 0.0, 0.0, 0.0, 0.0, 0.0, 0.0, 0.0, 0.0, 0.0, 0.0, 0.0, 0.0, 0.0, 0.0, 0.0, 0.0, 0.0, 0.0, 0.0, 0.0, 0.0, 0.0, 0.0, 0.0, 0.0, 0.0, 0.0, 0.0, 0.0, 0.0, 0.0, 0.0, 0.0, 0.0, 0.0, 0.0, 0.0, 0.0, 0.0, 0.0, 0.0, 0.0, 0.0, 0.0, 0.0, 0.0, 0.0, 0.0, 0.0, 0.0, 0.0, 0.0, 0.0, 0.0, 0.0, 0.0, 0.0, 0.0, 0.0], "tonal.chords_histogram": [3.5879628658294678, 5.439815044403076, 0.6944444179534912, 0.11574073880910873, 1.7361111640930176, 12.847222328186035, 42.36111068725586, 5.787036895751953, 2.430555582046509, 4.745370388031006, 0.0, 2.314814805984497, 0.6944444179534912, 1.7361111640930176, 0.0, 0.0, 1.6203703880310059, 0.0, 0.0, 0.0, 0.0, 0.0, 0.0, 13.88888931274414], "tonal.thpcp": [1.0, 0.8151131868362427, 0.4112210273742676, 0.32864946126937866, 0.372610479593277, 0.42948251962661743, 0.45501282811164856, 0.4339810013771057, 0.5183702111244202, 0.5046417713165283, 0.32657769322395325, 0.19360244274139404, 0.1772674173116684, 0.19633513689041138, 0.17236943542957306, 0.13892370462417603, 0.12231498211622238, 0.12246359139680862, 0.1219315305352211, 0.11303693801164627, 0.11744365841150284, 0.1911836564540863, 0.4471190869808197, 0.607765257358551, 0.40295588970184326, 0.2167762815952301, 0.20565615594387054, 0.28915926814079285, 0.4449693262577057, 0.43088778853416443, 0.28691139817237854, 0.22523924708366394, 0.21681049466133118, 0.19381214678287506, 0.23493601381778717, 0.6034237146377563], "lowlevel.gfcc.cov": [[7887.5810546875, -1461.7830810546875, -1648.3897705078125, 74.60491180419922, -1257.39013671875, -74.29911041259766, -509.3457946777344, 49.93505096435547, -612.4873046875, 3.821063280105591, -473.9648132324219, 237.44320678710938, -209.42739868164062], [-1461.7830810546875, 1883.0191650390625, 306.03076171875, -380.0162658691406, 762.25244140625, -54.187408447265625, 331.1554260253906, 60.180484771728516, 315.5743408203125, -193.9929962158203, 283.9056091308594, -194.26351928710938, 83.2217788696289], [-1648.3897705078125, 306.03076171875, 1582.81494140625, 547.3016967773438, 659.906005859375, 352.3248596191406, 430.37139892578125, -30.878124237060547, 283.0899353027344, 84.77832794189453, 157.99354553222656, -57.91826629638672, 151.07855224609375], [74.60491180419922, -380.0162658691406, 547.3016967773438, 635.239013671875, 87.44017028808594, 165.45594787597656, 107.40363311767578, -58.2387580871582, 59.421993255615234, 86.94798278808594, 7.184807300567627, -4.264601230621338, 98.10685729980469], [-1257.39013671875, 762.25244140625, 659.906005859375, 87.44017028808594, 813.0416870117188, 217.23867797851562, 344.0644226074219, 125.08583068847656, 350.1073913574219, 27.462522506713867, 211.5145721435547, -86.6765365600586, 51.829498291015625], [-74.29911041259766, -54.187408447265625, 352.3248596191406, 165.45594787597656, 217.23867797851562, 318.4733581542969, 213.84547424316406, 63.320247650146484, 93.39153289794922, 60.00128936767578, 59.690216064453125, 8.903745651245117, 7.3717851638793945], [-509.3457946777344, 331.1554260253906, 430.37139892578125, 107.40363311767578, 344.0644226074219, 213.84547424316406, 402.32879638671875, 82.7140121459961, 118.3719482421875, -22.231670379638672, 127.22246551513672, -27.80437660217285, 42.55208206176758], [49.93505096435547, 60.180484771728516, -30.878124237060547, -58.2387580871582, 125.08583068847656, 63.320247650146484, 82.7140121459961, 204.7563018798828, 131.21438598632812, 49.059791564941406, 53.70215606689453, 27.87375831604004, -32.785804748535156], [-612.4873046875, 315.5743408203125, 283.0899353027344, 59.421993255615234, 350.1073913574219, 93.39153289794922, 118.3719482421875, 131.21438598632812, 333.8491516113281, 104.76488494873047, 132.7964324951172, -31.42613983154297, 32.63590621948242], [3.821063280105591, -193.9929962158203, 84.77832794189453, 86.94798278808594, 27.462522506713867, 60.00128936767578, -22.231670379638672, 49.059791564941406, 104.76488494873047, 180.73081970214844, 46.57381820678711, 26.36848258972168, -5.138795852661133], [-473.9648132324219, 283.9056091308594, 157.99354553222656, 7.184807300567627, 211.5145721435547, 59.690216064453125, 127.22246551513672, 53.70215606689453, 132.7964324951172, 46.57381820678711, 179.4063262939453, -3.4350292682647705, 21.37325096130371], [237.44320678710938, -194.26351928710938, -57.91826629638672, -4.264601230621338, -86.6765365600586, 8.903745651245117, -27.80437660217285, 27.87375831604004, -31.42613983154297, 26.36848258972168, -3.4350292682647705, 102.24091339111328, -3.151554822921753], [-209.42739868164062, 83.2217788696289, 151.07855224609375, 98.10685729980469, 51.829498291015625, 7.3717851638793945, 42.55208206176758, -32.785804748535156, 32.63590621948242, -5.138795852661133, 21.37325096130371, -3.151554822921753, 120.11195373535156]], "lowlevel.gfcc.icov": [[0.00026990610058419406, -0.00029915606137365103, 0.0003209598071407527, -0.00050103705143556, 0.00027309919823892415, -0.0003777154488489032, 5.2591407438740134e-05, -0.000319868850056082, 0.0003161444910801947, -0.0003210076247341931, 0.0005949303740635514, -0.00046026549534872174, 0.0002652397961355746], [-0.00029915606137365103, 0.0031163424719125032, -0.00045398034853860736, 0.0023718371521681547, -0.0018030207138508558, 0.0016060222405940294, -0.0006465109763666987, 0.0010449251858517528, -0.0015704367542639375, 0.0030237415339797735, -0.0030467710457742214, 0.0029119818937033415, -0.0016787556232884526], [0.0003209598071407527, -0.00045398034853860736, 0.0022047925740480423, -0.0015429782215505838, -0.0006681927479803562, -0.0007722797454334795, -0.0009560798644088209, 0.0011058537056669593, -0.00013469342957250774, -0.0009454158716835082, 0.0013933366863057017, -0.0012331772595643997, 5.3403102356242016e-05], [-0.00050103705143556, 0.0023718371521681547, -0.0015429782215505838, 0.005034918896853924, -0.0008737155003473163, 0.0006109002861194313, -0.0005589246284216642, 0.0015305883716791868, -0.0014424315886572003, 0.0011733417632058263, -0.0019980748184025288, 0.002741590840741992, -0.0028637659270316362], [0.00027309919823892415, -0.0018030207138508558, -0.0006681927479803562, -0.0008737155003473163, 0.005490039940923452, -0.0018158931052312255, -0.0003660578513517976, -0.0011061925906687975, -0.0019557406194508076, -7.106512202881277e-05, 0.0002272443671245128, 5.4530669331143145e-06, 0.0013377851573750377], [-0.0003777154488489032, 0.0016060222405940294, -0.0007722797454334795, 0.0006109002861194313, -0.0018158931052312255, 0.007777412887662649, -0.0036350791342556477, 0.000529895129147917, -0.0005098406109027565, -0.0007033117581158876, -0.0004224683216307312, 0.0001968047145055607, 0.0006285197450779378], [5.2591407438740134e-05, -0.0006465109763666987, -0.0009560798644088209, -0.0005589246284216642, -0.0003660578513517976, -0.0036350791342556477, 0.007840417325496674, -0.0035187972243875265, 0.002243279479444027, 0.0024838538374751806, -0.0029924113769084215, 0.0010967584094032645, -0.0011003155959770083], [-0.000319868850056082, 0.0010449251858517528, 0.0011058537056669593, 0.0015305883716791868, -0.0011061925906687975, 0.000529895129147917, -0.0035187972243875265, 0.011668354272842407, -0.005961745511740446, 0.0001348332443740219, 0.0006248177378438413, -0.0034764257725328207, 0.0023768090177327394], [0.0003161444910801947, -0.0015704367542639375, -0.00013469342957250774, -0.0014424315886572003, -0.0019557406194508076, -0.0005098406109027565, 0.002243279479444027, -0.005961745511740446, 0.011420254595577717, -0.005298226606100798, -0.000676025403663516, 0.0015679290518164635, -0.00172817416023463], [-0.0003210076247341931, 0.0030237415339797735, -0.0009454158716835082, 0.0011733417632058263, -7.106512202881277e-05, -0.0007033117581158876, 0.0024838538374751806, 0.0001348332443740219, -0.005298226606100798, 0.013574681244790554, -0.005897898226976395, 0.0013134704204276204, -8.898082887753844e-05], [0.0005949303740635514, -0.0030467710457742214, 0.0013933366863057017, -0.0019980748184025288, 0.0002272443671245128, -0.0004224683216307312, -0.0029924113769084215, 0.0006248177378438413, -0.000676025403663516, -0.005897898226976395, 0.014387452974915504, -0.00537906913086772, 0.0014163816813379526], [-0.00046026549534872174, 0.0029119818937033415, -0.0012331772595643997, 0.002741590840741992, 5.4530669331143145e-06, 0.0001968047145055607, 0.0010967584094032645, -0.0034764257725328207, 0.0015679290518164635, 0.0013134704204276204, -0.00537906913086772, 0.01687636412680149, -0.0038301025051623583], [0.0002652397961355746, -0.0016787556232884526, 5.3403102356242016e-05, -0.0028637659270316362, 0.0013377851573750377, 0.0006285197450779378, -0.0011003155959770083, 0.0023768090177327394, -0.00172817416023463, -8.898082887753844e-05, 0.0014163816813379526, -0.0038301025051623583, 0.012759101577103138]], "lowlevel.mfcc.cov": [[9006.5546875, -2150.77392578125, -1036.1014404296875, -475.9725646972656, -1060.4786376953125, -537.0505981445312, -426.64447021484375, -260.19891357421875, -338.4461364746094, -405.1999206542969, -398.9566650390625, -262.1387023925781, -265.644775390625], [-2150.77392578125, 2281.0869140625, -213.7021942138672, -102.14207458496094, 454.85699462890625, -23.555679321289062, 221.11083984375, 280.2522277832031, 90.91976165771484, 146.8159942626953, 253.49710083007812, 49.7805290222168, 51.954341888427734], [-1036.1014404296875, -213.7021942138672, 964.8026123046875, 402.451171875, 207.73890686035156, 404.476318359375, 210.41543579101562, 31.156494140625, 172.18540954589844, 73.08583068847656, -21.400545120239258, 108.06288146972656, 80.07792663574219], [-475.9725646972656, -102.14207458496094, 402.451171875, 431.70111083984375, 172.51502990722656, 199.33468627929688, 85.07047271728516, -6.093076705932617, 108.91752624511719, 64.44084930419922, -23.115320205688477, 55.32823181152344, 53.19628143310547], [-1060.4786376953125, 454.85699462890625, 207.73890686035156, 172.51502990722656, 482.466552734375, 199.94802856445312, 77.3276596069336, 113.95390319824219, 132.01475524902344, 186.42005920410156, 164.6891326904297, 70.86161041259766, 88.01031494140625], [-537.0505981445312, -23.555679321289062, 404.476318359375, 199.33468627929688, 199.94802856445312, 363.230712890625, 192.47781372070312, 70.38655853271484, 122.04273223876953, 82.48684692382812, 62.92084503173828, 78.40939331054688, 33.819095611572266], [-426.64447021484375, 221.11083984375, 210.41543579101562, 85.07047271728516, 77.3276596069336, 192.47781372070312, 314.31121826171875, 148.850830078125, 83.28076934814453, 32.4384765625, 70.67534637451172, 70.3324203491211, 19.85370635986328], [-260.19891357421875, 280.2522277832031, 31.156494140625, -6.093076705932617, 113.95390319824219, 70.38655853271484, 148.850830078125, 258.9471435546875, 74.80262756347656, 62.69917678833008, 112.20220947265625, 28.217247009277344, 39.43947982788086], [-338.4461364746094, 90.91976165771484, 172.18540954589844, 108.91752624511719, 132.01475524902344, 122.04273223876953, 83.28076934814453, 74.80262756347656, 168.39483642578125, 99.63111114501953, 44.42267608642578, 41.23283386230469, 40.4019660949707], [-405.1999206542969, 146.8159942626953, 73.08583068847656, 64.44084930419922, 186.42005920410156, 82.48684692382812, 32.4384765625, 62.69917678833008, 99.63111114501953, 182.1409912109375, 130.3141326904297, 64.40200805664062, 51.85749053955078], [-398.9566650390625, 253.49710083007812, -21.400545120239258, -23.115320205688477, 164.6891326904297, 62.92084503173828, 70.67534637451172, 112.20220947265625, 44.42267608642578, 130.3141326904297, 228.87277221679688, 80.05610656738281, 44.80618667602539], [-262.1387023925781, 49.7805290222168, 108.06288146972656, 55.32823181152344, 70.86161041259766, 78.40939331054688, 70.3324203491211, 28.217247009277344, 41.23283386230469, 64.40200805664062, 80.05610656738281, 116.76788330078125, 57.337913513183594], [-265.644775390625, 51.954341888427734, 80.07792663574219, 53.19628143310547, 88.01031494140625, 33.819095611572266, 19.85370635986328, 39.43947982788086, 40.4019660949707, 51.85749053955078, 44.80618667602539, 57.337913513183594, 99.69398498535156]], "lowlevel.mfcc.icov": [[0.00020446938287932426, 0.0001815606519812718, 0.0002505510929040611, -2.0239844161551446e-05, 0.00017287379887420684, -5.371908628148958e-05, 4.468731640372425e-05, -0.0001732861128402874, -4.507360063144006e-05, 2.5624096451792866e-05, 0.00011945448932237923, -5.79301813559141e-05, 0.00016959042113739997], [0.0001815606519812718, 0.0009684727992862463, 0.0003616983303800225, 0.0002586482441984117, -0.0010732512455433607, 0.0008732785936444998, -0.0008653951808810234, -0.0002613274846225977, -0.00023641623556613922, 0.00036451785126701, 4.4751333916792646e-05, -0.00019515574967954308, 0.0004758169816341251], [0.0002505510929040611, 0.0003616983303800225, 0.0030262174550443888, -0.0011478160740807652, 0.0001407747040502727, -0.0021201586350798607, -0.00023723817139398307, -9.015820251079276e-05, -0.0006082738400436938, 0.0003287532599642873, 0.00112854631152004, -0.0007651648484170437, -0.0006529538077302277], [-2.0239844161551446e-05, 0.0002586482441984117, -0.0011478160740807652, 0.004664323758333921, -0.0015644669765606523, -1.9778517525992356e-05, -0.000633139512501657, 0.000709650048520416, -0.0007106601842679083, -0.00047791929682716727, 0.001718992949463427, -0.0005889021558687091, -0.00041972173494286835], [0.00017287379887420684, -0.0010732512455433607, 0.0001407747040502727, -0.0015644669765606523, 0.0069773560389876366, -0.003372491104528308, 0.0022378095891326666, -0.0005687864613719285, 0.0001923207746585831, -0.0029707695357501507, -0.0018302790122106671, 0.0023600077256560326, -0.002561944769695401], [-5.371908628148958e-05, 0.0008732785936444998, -0.0021201586350798607, -1.9778517525992356e-05, -0.003372491104528308, 0.00939853210002184, -0.0039427271112799644, 0.0007928720442578197, -0.0015446937177330256, 0.000760209804866463, -0.0008158038253895938, -0.0012347463052719831, 0.002683187136426568], [4.468731640372425e-05, -0.0008653951808810234, -0.00023723817139398307, -0.000633139512501657, 0.0022378095891326666, -0.0039427271112799644, 0.008562413044273853, -0.003741699503734708, -0.0008329340489581227, 0.0018180366605520248, -0.00047445757081732154, -0.0031771843787282705, 0.0016678990796208382], [-0.0001732861128402874, -0.0002613274846225977, -9.015820251079276e-05, 0.000709650048520416, -0.0005687864613719285, 0.0007928720442578197, -0.003741699503734708, 0.008143479004502296, -0.0023043511901050806, 0.0009310824098065495, -0.003366664284840226, 0.0036575347185134888, -0.003016039030626416], [-4.507360063144006e-05, -0.00023641623556613922, -0.0006082738400436938, -0.0007106601842679083, 0.0001923207746585831, -0.0015446937177330256, -0.0008329340489581227, -0.0023043511901050806, 0.013110571540892124, -0.007544652558863163, 0.0034966799430549145, 0.0004676148819271475, -0.0009265835979022086], [2.5624096451792866e-05, 0.00036451785126701, 0.0003287532599642873, -0.00047791929682716727, -0.0029707695357501507, 0.000760209804866463, 0.0018180366605520248, 0.0009310824098065495, -0.007544652558863163, 0.017326461151242256, -0.007084361277520657, -0.0022519598715007305, 2.765248791547492e-05], [0.00011945448932237923, 4.4751333916792646e-05, 0.00112854631152004, 0.001718992949463427, -0.0018302790122106671, -0.0008158038253895938, -0.00047445757081732154, -0.003366664284840226, 0.0034966799430549145, -0.007084361277520657, 0.01332064252346754, -0.0060828858986496925, 0.001569818239659071], [-5.79301813559141e-05, -0.00019515574967954308, -0.0007651648484170437, -0.0005889021558687091, 0.0023600077256560326, -0.0012347463052719831, -0.0031771843787282705, 0.0036575347185134888, 0.0004676148819271475, -0.0022519598715007305, -0.0060828858986496925, 0.019706150516867638, -0.00922060664743185], [0.00016959042113739997, 0.0004758169816341251, -0.0006529538077302277, -0.00041972173494286835, -0.002561944769695401, 0.002683187136426568, 0.0016678990796208382, -0.003016039030626416, -0.0009265835979022086, 2.765248791547492e-05, 0.001569818239659071, -0.00922060664743185, 0.018154265359044075]], "metadata.audio_properties.analysis.downmix": "mix", "metadata.audio_properties.codec": "mp3", "metadata.audio_properties.md5_encoded": "9aa5c5e96932076f2a2b9b942fa3575a", "metadata.tags.file_name": "1182271809249345587.mp3", "metadata.version.essentia": "2.1-beta6-dev", "metadata.version.essentia_git_sha": "v2.1_beta5-1110-g77a6a954", "metadata.version.extractor": "music 2.0", "t