{"song_id": "1182280145852170290", "download": "https://cdn.discordapp.com/attachments/1128313332273782784/1182280145852170290/chirp.mp4?ex=65841f30&amp", "lyrics": "[Chorus]\nNari vindzan\u00e9 (ri vindzan\u00e9), rissi soukouman\u00e9 (ch\u00e9riy\u00e9)\nMch\u00e9wangou (waw\u00e9 wangou) nari vindzan\u00e9 (za kw\u00e9li)\nRi vindzan\u00e9, ri paran\u00e9 (mch\u00e9wangou ri vindzan\u00e9 eh-eh-eh)\nZa kw\u00e9li ri paran\u00e9 (ri paran\u00e9), wami na waw\u00e9 (ri vindzan\u00e9)", "style": ["Hard Rock"], "essentia_features": {"lowlevel.average_loudness": 0.966643214225769, "lowlevel.barkbands_crest.mean": 12.339824676513672, "lowlevel.barkbands_crest.stdev": 4.540546894073486, "lowlevel.barkbands_flatness_db.mean": 0.1856638342142105, "lowlevel.barkbands_flatness_db.stdev": 0.04654677212238312, "lowlevel.barkbands_kurtosis.mean": 5.678511619567871, "lowlevel.barkbands_kurtosis.stdev": 11.697457313537598, "lowlevel.barkbands_skewness.mean": 1.7222864627838135, "lowlevel.barkbands_skewness.stdev": 1.4667948484420776, "lowlevel.barkbands_spread.mean": 22.268264770507812, "lowlevel.barkbands_spread.stdev": 12.979866027832031, "lowlevel.dissonance.mean": 0.4630027711391449, "lowlevel.dissonance.stdev": 0.034746911376714706, "lowlevel.dynamic_complexity": 3.225881814956665, "lowlevel.erbbands_crest.mean": 10.700714111328125, "lowlevel.erbbands_crest.stdev": 6.192961692810059, "lowlevel.erbbands_flatness_db.mean": 0.1935250163078308, "lowlevel.erbbands_flatness_db.stdev": 0.04632949456572533, "lowlevel.erbbands_kurtosis.mean": 0.8234644532203674, "lowlevel.erbbands_kurtosis.stdev": 4.353177547454834, "lowlevel.erbbands_skewness.mean": 0.4019638001918793, "lowlevel.erbbands_skewness.stdev": 1.0273305177688599, "lowlevel.erbbands_spread.mean": 43.408111572265625, "lowlevel.erbbands_spread.stdev": 21.979930877685547, "lowlevel.hfc.mean": 17.86427879333496, "lowlevel.hfc.stdev": 14.356169700622559, "lowlevel.loudness_ebu128.integrated": -12.33995532989502, "lowlevel.loudness_ebu128.loudness_range": 2.964432716369629, "lowlevel.loudness_ebu128.momentary.mean": -13.001840591430664, "lowlevel.loudness_ebu128.momentary.stdev": 3.31998610496521, "lowlevel.loudness_ebu128.short_term.mean": -12.509747505187988, "lowlevel.loudness_ebu128.short_term.stdev": 1.210995078086853, "lowlevel.melbands_crest.mean": 16.227575302124023, "lowlevel.melbands_crest.stdev": 5.300168514251709, "lowlevel.melbands_flatness_db.mean": 0.20839107036590576, "lowlevel.melbands_flatness_db.stdev": 0.0634913444519043, "lowlevel.melbands_kurtosis.mean": 20.03183937072754, "lowlevel.melbands_kurtosis.stdev": 34.592403411865234, "lowlevel.melbands_skewness.mean": 3.0637454986572266, "lowlevel.melbands_skewness.stdev": 2.291034698486328, "lowlevel.melbands_spread.mean": 22.116592407226562, "lowlevel.melbands_spread.stdev": 15.24018383026123, "lowlevel.pitch_salience.mean": 0.4893830716609955, "lowlevel.pitch_salience.stdev": 0.12374269217252731, "lowlevel.silence_rate_20dB.mean": 1.0, "lowlevel.silence_rate_20dB.stdev": 0.0, "lowlevel.silence_rate_30dB.mean": 0.998789370059967, "lowlevel.silence_rate_30dB.stdev": 0.034773413091897964, "lowlevel.silence_rate_60dB.mean": 0.035108957439661026, "lowlevel.silence_rate_60dB.stdev": 0.1840539425611496, "lowlevel.spectral_centroid.mean": 1448.0726318359375, "lowlevel.spectral_centroid.stdev": 693.2048950195312, "lowlevel.spectral_complexity.mean": 15.371065139770508, "lowlevel.spectral_complexity.stdev": 7.456511974334717, "lowlevel.spectral_decrease.mean": -6.961226706181378e-09, "lowlevel.spectral_decrease.stdev": 5.992363938389644e-09, "lowlevel.spectral_energy.mean": 0.027893638238310814, "lowlevel.spectral_energy.stdev": 0.023447886109352112, "lowlevel.spectral_energyband_high.mean": 0.0007249534246511757, "lowlevel.spectral_energyband_high.stdev": 0.0006911895470693707, "lowlevel.spectral_energyband_low.mean": 0.01060532871633768, "lowlevel.spectral_energyband_low.stdev": 0.017656780779361725, "lowlevel.spectral_energyband_middle_high.mean": 0.004841707181185484, "lowlevel.spectral_energyband_middle_high.stdev": 0.007320763077586889, "lowlevel.spectral_energyband_middle_low.mean": 0.011978535912930965, "lowlevel.spectral_energyband_middle_low.stdev": 0.014775344170629978, "lowlevel.spectral_entropy.mean": 7.5555572509765625, "lowlevel.spectral_entropy.stdev": 0.37832164764404297, "lowlevel.spectral_flux.mean": 0.08109652996063232, "lowlevel.spectral_flux.stdev": 0.06487831473350525, "lowlevel.spectral_kurtosis.mean": 2.2114391326904297, "lowlevel.spectral_kurtosis.stdev": 1.8924567699432373, "lowlevel.spectral_rms.mean": 0.004817490465939045, "lowlevel.spectral_rms.stdev": 0.0020012708846479654, "lowlevel.spectral_rolloff.mean": 1356.18603515625, "lowlevel.spectral_rolloff.stdev": 1359.78955078125, "lowlevel.spectral_skewness.mean": 1.0257608890533447, "lowlevel.spectral_skewness.stdev": 0.4244319498538971, "lowlevel.spectral_spread.mean": 4177094.25, "lowlevel.spectral_spread.stdev": 1543163.25, "lowlevel.spectral_strongpeak.mean": 1.144871473312378, "lowlevel.spectral_strongpeak.stdev": 1.5163289308547974, "lowlevel.zerocrossingrate.mean": 0.05478917434811592, "lowlevel.zerocrossingrate.stdev": 0.03910085931420326, "metadata.audio_properties.analysis.equal_loudness": 0.0, "metadata.audio_properties.analysis.length": 38.31360626220703, "metadata.audio_properties.analysis.sample_rate": 44100.0, "metadata.audio_properties.analysis.start_time": 0.0, "metadata.audio_properties.bit_rate": 110448.0, "metadata.audio_properties.length": 38.314666748046875, "metadata.audio_properties.lossless": 0.0, "metadata.audio_properties.number_channels": 1.0, "metadata.audio_properties.replay_gain": -14.963560104370117, "metadata.audio_properties.sample_rate": 48000.0, "rhythm.beats_count": 70.0, "rhythm.beats_loudness.mean": 0.032252807170152664, "rhythm.beats_loudness.stdev": 0.015609890222549438, "rhythm.bpm": 110.99439239501953, "rhythm.bpm_histogram_first_peak_bpm": 110.0, "rhythm.bpm_histogram_first_peak_weight": 0.49253731966018677, "rhythm.bpm_histogram_second_peak_bpm": 99.0, "rhythm.bpm_histogram_second_peak_spread": 0.5, "rhythm.bpm_histogram_second_peak_weight": 0.014492753893136978, "rhythm.danceability": 1.4496716260910034, "rhythm.onset_rate": 3.33888578414917, "tonal.chords_changes_rate": 0.06892382353544235, "tonal.chords_number_rate": 0.01209189835935831, "tonal.chords_strength.mean": 0.5610063076019287, "tonal.chords_strength.stdev": 0.07113084197044373, "tonal.hpcp_crest.mean": 14.875540733337402, "tonal.hpcp_crest.stdev": 6.602046012878418, "tonal.hpcp_entropy.mean": 1.8539650440216064, "tonal.hpcp_entropy.stdev": 0.7637758255004883, "tonal.key_edma.strength": 0.8390384316444397, "tonal.key_krumhansl.strength": 0.8299833536148071, "tonal.key_temperley.strength": 0.8196781873703003, "tonal.tuning_diatonic_strength": 0.7122536897659302, "tonal.tuning_equal_tempered_deviation": 0.04337780177593231, "tonal.tuning_frequency": 440.76312255859375, "tonal.tuning_nontempered_energy_ratio": 0.7231166362762451, "lowlevel.barkbands.mean": [0.00028410059167072177, 0.008134218864142895, 0.0020526486914604902, 0.0004987295833416283, 0.003207441419363022, 0.003048975020647049, 0.001178467646241188, 0.0018701996887102723, 0.0019428994273766875, 0.0008816974004730582, 0.0007944208919070661, 0.00038872932782396674, 0.00045021079131402075, 0.0005235147546045482, 0.0005375751643441617, 0.0005139417480677366, 0.00030300175421871245, 0.00022589608852285892, 0.0002719717158470303, 0.00013509049313142896, 0.0002904442371800542, 0.0001534186740173027, 9.340076940134168e-05, 8.102002175292e-05, 3.144258153042756e-05, 1.8924215794413612e-07, 1.0636978409195308e-08], "lowlevel.barkbands.stdev": [0.000438798131654039, 0.014042487367987633, 0.00404999777674675, 0.0007873056456446648, 0.008862761780619621, 0.004757605958729982, 0.004755541682243347, 0.006721923593431711, 0.0071658180095255375, 0.003759128972887993, 0.0030396117363125086, 0.0009356139344163239, 0.0015759484376758337, 0.0014517247909680009, 0.0011803973466157913, 0.0011587856570258737, 0.0005441122921183705, 0.000350556627381593, 0.00030143579351715744, 0.0001585167774464935, 0.000303828768664971, 0.00019095469906460494, 0.00013461796334013343, 0.00016490121197421104, 0.00010975891927955672, 9.279330583922274e-07, 5.51180185937028e-08], "lowlevel.erbbands.mean": [0.20773738622665405, 1.86994206905365, 3.131410598754883, 1.6530792713165283, 6.740782737731934, 10.454349517822266, 16.99619483947754, 27.0433349609375, 18.14338493347168, 26.113101959228516, 41.29709243774414, 53.887454986572266, 21.26423454284668, 33.77830505371094, 31.717287063598633, 17.24922752380371, 19.413562774658203, 25.743513107299805, 28.09185791015625, 34.7737922668457, 21.8313045501709, 15.08765983581543, 13.859217643737793, 16.446855545043945, 9.232749938964844, 6.652195453643799, 12.139187812805176, 8.660152435302734, 5.8292388916015625, 4.034000396728516, 2.3880577087402344, 1.6536829471588135, 1.4016762971878052, 0.6678636074066162, 0.041863907128572464, 0.002401276957243681, 0.0003759365645237267, 6.073199620004743e-05, 1.8895107132266276e-05, 3.3491975045762956e-05], "lowlevel.erbbands.stdev": [0.35759106278419495, 3.352961301803589, 5.9417829513549805, 2.6680045127868652, 18.686132431030273, 33.30826187133789, 31.678678512573242, 41.15771484375, 75.1230697631836, 87.97561645507812, 154.30125427246094, 203.2895050048828, 97.27537536621094, 136.3422088623047, 92.65644836425781, 44.77081298828125, 59.908206939697266, 73.93502807617188, 64.04695892333984, 81.41626739501953, 46.27142333984375, 24.93619155883789, 20.825719833374023, 19.67656135559082, 9.77298641204834, 7.637009143829346, 13.278550148010254, 8.673038482666016, 7.281948566436768, 5.332796573638916, 3.6051032543182373, 3.3926281929016113, 2.921644926071167, 2.2513985633850098, 0.15550720691680908, 0.00767000624909997, 0.0014471957692876458, 0.00022908489336259663, 1.7439086150261573e-05, 2.6852174414671026e-05], "lowlevel.gfcc.mean": [-35.7458610534668, 119.99104309082031, -151.12600708007812, 64.61843872070312, -70.75508117675781, 16.45575523376465, -31.124040603637695, -6.928904056549072, -4.615049839019775, -12.868212699890137, 6.336627960205078, -12.282803535461426, 12.743051528930664], "lowlevel.melbands.mean": [0.0020891577005386353, 0.0018938067369163036, 0.0004304761241655797, 0.00067032256629318, 0.0005779563798569143, 0.0005914757493883371, 0.00026257341960445046, 0.00031033653067424893, 0.0003516792494338006, 0.0003106840013060719, 9.34562849579379e-05, 0.000134647503728047, 0.00011286555672995746, 5.181981759960763e-05, 4.151591201662086e-05, 4.2264080548193306e-05, 4.9241993110626936e-05, 4.627125235856511e-05, 3.883347744704224e-05, 4.496603651205078e-05, 2.255950130347628e-05, 1.4102205568633508e-05, 1.8381972040515393e-05, 9.61871410254389e-06, 1.4416923477256205e-05, 7.488378287234809e-06, 4.901709871774074e-06, 4.092925337317865e-06, 6.484218829427846e-06, 8.838293979351874e-06, 3.7843199152121088e-06, 3.372565515746828e-06, 2.729296284087468e-06, 2.083975232380908e-06, 1.4293768799689133e-06, 1.0767766980279703e-06, 9.80672439254704e-07, 1.0042930398412864e-06, 8.869384373610956e-07, 4.431590809872432e-07], "lowlevel.melbands.stdev": [0.0035614303778856993, 0.0034141710493713617, 0.0006799880065955222, 0.0022050172556191683, 0.0010297269327566028, 0.0009512514807283878, 0.0011044653365388513, 0.0010640013497322798, 0.001274019363336265, 0.0012107610236853361, 0.0004824725037906319, 0.0005688314558938146, 0.00041043470264412463, 0.00011012914183083922, 0.0001289756764890626, 0.00014202950114849955, 0.00014176413242239505, 0.00011761567293433473, 8.84856199263595e-05, 0.0001093822211259976, 5.240517930360511e-05, 2.4158271116903052e-05, 3.6698911571875215e-05, 1.378413708152948e-05, 1.881749449239578e-05, 8.771771717874799e-06, 5.8063046708412e-06, 5.148980562807992e-06, 7.508132512157317e-06, 1.1800543688877951e-05, 4.5488864088838454e-06, 4.423485279403394e-06, 3.7279985463101184e-06, 2.896641944971634e-06, 2.1856828880117973e-06, 2.000947688429733e-06, 2.185721768910298e-06, 2.0977790882170666e-06, 2.1165412817936158e-06, 1.8704935200730688e-06], "lowlevel.melbands128.mean": [0.0002242874470539391, 0.0014399370411410928, 0.0029423583764582872, 0.0032203972805291414, 0.002107677748426795, 0.0007708242046646774, 0.0002498963149264455, 0.0002812598249875009, 0.0007418859750032425, 0.0008345635142177343, 0.0005089982296340168, 0.0004915000172331929, 0.0004992453032173216, 0.0008023185073398054, 0.0007757492130622268, 0.000363582483259961, 0.00028099206974729896, 0.00027415785007178783, 0.00018788450688589364, 0.00028766298783011734, 0.000394000526284799, 0.00031284961733035743, 0.00036045911838300526, 0.00032349617686122656, 0.0004955207696184516, 0.00022809671645518392, 7.447533425875008e-05, 0.0001013038563542068, 5.943510041106492e-05, 0.00017717968148645014, 0.0001343966432614252, 0.00010612017649691552, 0.00013273739023134112, 0.00011306121450616047, 4.341638123150915e-05, 4.1326195059809834e-05, 5.016041541239247e-05, 2.493833380867727e-05, 5.7418470532866195e-05, 3.881772863678634e-05, 3.1181236408883706e-05, 6.258507346501574e-05, 3.52025126630906e-05, 5.7830980949802324e-05, 5.151486402610317e-05, 3.631499203038402e-05, 5.4929576435824856e-05, 2.2571974113816395e-05, 3.023434146598447e-05, 8.028450974961743e-05, 3.899650982930325e-05, 2.5971794457291253e-05, 2.0554338334477507e-05, 2.6538871679804288e-05, 1.579608942847699e-05, 9.685753866506275e-06, 1.063240779330954e-05, 3.054223634535447e-05, 1.5486712072743103e-05, 8.046780749282334e-06, 8.97832796908915e-06, 9.804559340409469e-06, 1.6401509128627367e-05, 1.653956678637769e-05, 9.533710908726789e-06, 6.380437298503239e-06, 7.520460712839849e-06, 5.2502095968520734e-06, 4.2405567910464015e-06, 4.367503152025165e-06, 3.984795057476731e-06, 3.784934051509481e-06, 4.7368034756800625e-06, 7.1866047619550955e-06, 7.780499799991958e-06, 1.2514708942035213e-05, 7.011975412751781e-06, 3.825263320322847e-06, 3.756155820155982e-06, 3.377283974259626e-06, 3.3993273973464966e-06, 3.449747282502358e-06, 3.0221451652323594e-06, 2.8931974611623446e-06, 2.2064477889216505e-06, 2.1378737073973753e-06, 2.148567773474497e-06, 1.7633369679970201e-06, 1.3845132116330205e-06, 1.1875640666403342e-06, 1.1202384939679177e-06, 1.0407275112811476e-06, 1.0190204875470954e-06, 8.932964874475147e-07, 1.0676538977349992e-06, 9.633586159907281e-07, 1.040201368596172e-06, 9.897796644509071e-07, 8.854993893692154e-07, 8.551244263799163e-07, 7.306516067728808e-07, 3.82016310140898e-07, 8.548196461788393e-08, 2.9050847061284912e-08, 4.936254072163138e-09, 4.150748633691137e-09, 4.057616020958221e-09, 2.8651705452631404e-09, 1.8386566713601837e-09, 1.2702850993306924e-09, 1.0495111446573446e-09, 9.356090346912538e-10, 8.667336293122219e-10, 6.959345877355361e-10, 5.475896958095916e-10, 4.14864420594796e-10, 3.5420838484512274e-10, 8.203250578819876e-11, 7.669235038698652e-12, 5.061431308794884e-12, 3.7074288951333134e-12, 3.615611716273337e-12, 3.5277635847263955e-12, 3.4445319860298973e-12, 3.3135703382536352e-12, 3.145760128081543e-12, 3.053154951082604e-12, 3.0269547719036227e-12], "lowlevel.melbands128.stdev": [0.0004014600708615035, 0.0025894695427268744, 0.005360669922083616, 0.005930331069976091, 0.004035024903714657, 0.0015296913916245103, 0.0005160733126103878, 0.0004507392877712846, 0.0018622087081894279, 0.003535190597176552, 0.001822377322241664, 0.0012767938897013664, 0.001326943514868617, 0.0014901552349328995, 0.0011254169512540102, 0.0014889364829286933, 0.001575280330143869, 0.0016991699812933803, 0.0009256239281967282, 0.0012571584666147828, 0.001764814369380474, 0.0014826261904090643, 0.0019892293494194746, 0.0014827167615294456, 0.002231640974059701, 0.0012534144334495068, 0.00039268002728931606, 0.0009023800957947969, 0.00029600324342027307, 0.0008679119637235999, 0.0007953932508826256, 0.0006853291415609419, 0.0007028827676549554, 0.0003191165451426059, 0.00010058838233817369, 0.00016282047727145255, 0.00020296117872931063, 0.00010689014743547887, 0.0003131322446279228, 0.00014617890701629221, 0.00016556943592149764, 0.000352887756889686, 0.00018100235320162028, 0.0001741581509122625, 0.0002459557435940951, 0.00013845345529261976, 0.0001828508247854188, 0.00012545868230517954, 9.824390872381628e-05, 0.0002592939417809248, 0.00014921522233635187, 9.979496098821983e-05, 7.321268640225753e-05, 9.263715037377551e-05, 3.58413381036371e-05, 2.398858850938268e-05, 2.8558404665091075e-05, 7.791834650561213e-05, 4.3603256926871836e-05, 1.6533022062503733e-05, 2.0409164790180512e-05, 1.724672256386839e-05, 2.8013540941174142e-05, 2.6407047698739916e-05, 2.243251037725713e-05, 8.569566489313729e-06, 1.2443661034922116e-05, 7.630802429048344e-06, 6.194169600348687e-06, 6.110114554758184e-06, 7.015213668637443e-06, 5.181354936212301e-06, 7.179514341260074e-06, 1.0653860044840258e-05, 1.0914969607256353e-05, 2.2268493921728805e-05, 9.275629054172896e-06, 5.385973054217175e-06, 5.712332040275214e-06, 5.025873178965412e-06, 5.201241947361268e-06, 5.092992978461552e-06, 4.669324425776722e-06, 4.689724391937489e-06, 3.482346755845356e-06, 3.2338434721168596e-06, 3.49642277797102e-06, 2.774371751002036e-06, 2.3713771497568814e-06, 2.076623104585451e-06, 2.1237631244730437e-06, 2.211791297668242e-06, 2.4198916435125284e-06, 2.180273213525652e-06, 2.674689994819346e-06, 2.2173867364472244e-06, 2.3354411951004295e-06, 2.1138880583748687e-06, 2.022569333348656e-06, 2.394523107795976e-06, 2.9524601359298686e-06, 2.1261482743284432e-06, 4.0346137097913015e-07, 1.4951602622659266e-07, 3.259821212964198e-08, 2.596871162552361e-08, 2.7406601432744537e-08, 1.8139484581070064e-08, 1.1077284867155868e-08, 7.355942521769521e-09, 5.9970552968025e-09, 5.542925229917728e-09, 4.641628859047842e-09, 4.0933203493409565e-09, 3.0977453935321364e-09, 2.52007437140378e-09, 1.9011028307147626e-09, 5.626917265466602e-10, 1.2844209029694298e-10, 5.0240131499457163e-11, 9.73145695970512e-12, 9.293021213663266e-12, 8.934743569999348e-12, 8.358895173254943e-12, 7.014512668629402e-12, 5.588476296308764e-12, 5.2467192916683114e-12, 5.20367950118672e-12], "lowlevel.mfcc.mean": [-650.3720703125, 112.0288314819336, -4.730589866638184, 32.60927200317383, 1.101241946220398, 12.978238105773926, -3.7215123176574707, 1.6703627109527588, 0.2600504755973816, -2.4740958213806152, -2.8501923084259033, -0.28720763325691223, -2.446218490600586], "lowlevel.spectral_contrast_coeffs.mean": [-0.6925928592681885, -0.70456862449646, -0.7755672931671143, -0.7793992161750793, -0.7955569624900818, -0.698165237903595], "lowlevel.spectral_contrast_coeffs.stdev": [0.09938812255859375, 0.10125039517879486, 0.08298060297966003, 0.06993336230516434, 0.042106762528419495, 0.06999582052230835], "lowlevel.spectral_contrast_valleys.mean": [-6.99846887588501, -7.17978572845459, -7.574885368347168, -7.7158427238464355, -7.523349285125732, -10.767931938171387], "lowlevel.spectral_contrast_valleys.stdev": [1.363050103187561, 0.878332257270813, 0.8619792461395264, 0.8491761684417725, 0.9125746488571167, 1.2890492677688599], "rhythm.beats_loudness_band_ratio.mean": [0.4843064844608307, 0.24401642382144928, 0.13468386232852936, 0.0767374187707901, 0.07664070278406143, 0.058983027935028076], "rhythm.beats_loudness_band_ratio.stdev": [0.25924384593963623, 0.23819813132286072, 0.19633013010025024, 0.1044263169169426, 0.06673431396484375, 0.03984031826257706], "tonal.hpcp.mean": [0.10251373797655106, 0.07357283681631088, 0.03458840027451515, 0.02648439072072506, 0.029022661969065666, 0.05434210225939751, 0.08521489053964615, 0.08373414725065231, 0.20071816444396973, 0.31043770909309387, 0.18276312947273254, 0.05966722592711449, 0.04530643671751022, 0.045208390802145004, 0.06901643425226212, 0.09885424375534058, 0.0831405445933342, 0.058421358466148376, 0.049256760627031326, 0.04155745357275009, 0.09737947583198547, 0.18014423549175262, 0.1448056548833847, 0.19347843527793884, 0.25649315118789673, 0.1231076642870903, 0.04423276707530022, 0.05533147230744362, 0.052406616508960724, 0.16356949508190155, 0.273165225982666, 0.16904856264591217, 0.06960833072662354, 0.06533826142549515, 0.0693216398358345, 0.08665609359741211], "tonal.hpcp.stdev": [0.23031696677207947, 0.1824556291103363, 0.10570799559354782, 0.0963396281003952, 0.10819071531295776, 0.1449417769908905, 0.18445299565792084, 0.18230174481868744, 0.28327253460884094, 0.38513556122779846, 0.25795239210128784, 0.15581107139587402, 0.15230071544647217, 0.14142931997776031, 0.1719588041305542, 0.22051988542079926, 0.20416948199272156, 0.17220115661621094, 0.16011756658554077, 0.13765960931777954, 0.19306474924087524, 0.29657506942749023, 0.23810769617557526, 0.29013553261756897, 0.38411974906921387, 0.19786934554576874, 0.1349928230047226, 0.16922922432422638, 0.14728714525699615, 0.2329874336719513, 0.35664287209510803, 0.24284683167934418, 0.1594923436641693, 0.17597606778144836, 0.1888100653886795, 0.21639294922351837], "rhythm.beats_position": [0.5921088457107544, 1.195827603340149, 1.7879364490509033, 2.3336052894592285, 2.879274368286133, 3.4133331775665283, 3.9590022563934326, 4.504671096801758, 5.050340175628662, 5.584399223327637, 6.130067825317383, 6.664126873016357, 7.209795951843262, 7.755464553833008, 8.28952407836914, 8.835192680358887, 9.380861282348633, 9.914920806884766, 10.448979377746582, 10.994647979736328, 11.54031753540039, 12.074376106262207, 12.608434677124023, 13.154104232788086, 13.699772834777832, 14.233832359313965, 14.779500961303711, 15.325169563293457, 15.85922908782959, 16.393287658691406, 16.93895721435547, 17.4846248626709, 18.01868438720703, 18.552743911743164, 19.086801528930664, 19.632471084594727, 20.17814064025879, 20.72380828857422, 21.25786781311035, 21.803537368774414, 22.349205017089844, 22.894874572753906, 23.42893409729004, 23.962993621826172, 24.497051239013672, 25.042720794677734, 25.588390350341797, 26.122447967529297, 26.67972755432129, 27.213787078857422, 27.747844696044922, 28.281904220581055, 28.827573776245117, 29.373241424560547, 29.90730094909668, 30.452970504760742, 30.998638153076172, 31.532697677612305, 32.06675720214844, 32.6124267578125, 33.15809631347656, 33.69215393066406, 34.22621154785156, 34.76027297973633, 35.31755065917969, 35.86322021484375, 36.40888977050781, 36.94294738769531, 37.47700500488281, 38.01106643676758], "rhythm.bpm_histogram": [0.0, 0.0, 0.0, 0.0, 0.0, 0.0, 0.0, 0.0, 0.0, 0.0, 0.0, 0.0, 0.0, 0.0, 0.0, 0.0, 0.0, 0.0, 0.0, 0.0, 0.0, 0.0, 0.0, 0.0, 0.0, 0.0, 0.0, 0.0, 0.0, 0.0, 0.0, 0.0, 0.0, 0.0, 0.0, 0.0, 0.0, 0.0, 0.0, 0.0, 0.0, 0.0, 0.0, 0.0, 0.0, 0.0, 0.0, 0.0, 0.0, 0.0, 0.0, 0.0, 0.0, 0.0, 0.0, 0.0, 0.0, 0.0, 0.0, 0.0, 0.0, 0.0, 0.0, 0.0, 0.0, 0.0, 0.0, 0.0, 0.0, 0.0, 0.0, 0.0, 0.0, 0.0, 0.0, 0.0, 0.0, 0.0, 0.0, 0.0, 0.0, 0.0, 0.0, 0.0, 0.0, 0.0, 0.0, 0.0, 0.0, 0.0, 0.0, 0.0, 0.0, 0.0, 0.0, 0.0, 0.0, 0.0, 0.0, 0.014492753893136978, 0.0, 0.014492753893136978, 0.0, 0.0, 0.0, 0.0, 0.0, 0.0, 0.028985507786273956, 0.0, 0.49275362491607666, 0.0, 0.4492753744125366, 0.0, 0.0, 0.0, 0.0, 0.0, 0.0, 0.0, 0.0, 0.0, 0.0, 0.0, 0.0, 0.0, 0.0, 0.0, 0.0, 0.0, 0.0, 0.0, 0.0, 0.0, 0.0, 0.0, 0.0, 0.0, 0.0, 0.0, 0.0, 0.0, 0.0, 0.0, 0.0, 0.0, 0.0, 0.0, 0.0, 0.0, 0.0, 0.0, 0.0, 0.0, 0.0, 0.0, 0.0, 0.0, 0.0, 0.0, 0.0, 0.0, 0.0, 0.0, 0.0, 0.0, 0.0, 0.0, 0.0, 0.0, 0.0, 0.0, 0.0, 0.0, 0.0, 0.0, 0.0, 0.0, 0.0, 0.0, 0.0, 0.0, 0.0, 0.0, 0.0, 0.0, 0.0, 0.0, 0.0, 0.0, 0.0, 0.0, 0.0, 0.0, 0.0, 0.0, 0.0, 0.0, 0.0, 0.0, 0.0, 0.0, 0.0, 0.0, 0.0, 0.0, 0.0, 0.0, 0.0, 0.0, 0.0, 0.0, 0.0, 0.0, 0.0, 0.0, 0.0, 0.0, 0.0, 0.0, 0.0, 0.0, 0.0, 0.0, 0.0, 0.0, 0.0, 0.0, 0.0, 0.0, 0.0, 0.0, 0.0, 0.0, 0.0, 0.0, 0.0, 0.0, 0.0, 0.0, 0.0, 0.0, 0.0, 0.0, 0.0, 0.0, 0.0, 0.0, 0.0, 0.0], "tonal.chords_histogram": [20.4353084564209, 9.915356636047363, 38.21039962768555, 2.176541805267334, 14.752116203308105, 1.8137847185134888, 0.0, 0.0, 0.0, 0.24183796346187592, 1.4510278701782227, 0.0, 0.0, 0.0, 0.0, 0.0, 0.0, 4.957678318023682, 0.0, 1.4510278701782227, 0.0, 0.0, 0.0, 4.594921588897705], "tonal.thpcp": [1.0, 0.5887272357940674, 0.19220353662967682, 0.14594373106956482, 0.14562790095806122, 0.22231975197792053, 0.31843504309654236, 0.2678171694278717, 0.1881902813911438, 0.15866874158382416, 0.1338672786951065, 0.3136844336986542, 0.5802910923957825, 0.4664563834667206, 0.6232439875602722, 0.8262306451797485, 0.39656156301498413, 0.14248515665531158, 0.1782369613647461, 0.1688152402639389, 0.5268995761871338, 0.8799356818199158, 0.5445490479469299, 0.22422640025615692, 0.21047140657901764, 0.2233029007911682, 0.2791416347026825, 0.3302232027053833, 0.2369970977306366, 0.11141816526651382, 0.08531305938959122, 0.09348948299884796, 0.17504994571208954, 0.27449914813041687, 0.2697293162345886, 0.6465650200843811], "lowlevel.gfcc.cov": [[7339.90380859375, 228.7552490234375, 390.7821350097656, 718.948486328125, 26.869579315185547, 518.715576171875, -20.73295783996582, 155.31381225585938, 145.5073699951172, -23.898984909057617, -119.51148223876953, 89.5760498046875, 57.261192321777344], [228.7552490234375, 1080.125244140625, 143.86526489257812, 227.48541259765625, 383.12701416015625, -127.54786682128906, 405.4255676269531, -52.10635757446289, 223.82000732421875, 12.384053230285645, 140.095458984375, -26.93569564819336, 32.468284606933594], [390.7821350097656, 143.86526489257812, 1012.3900146484375, 358.7744445800781, 199.27899169921875, 213.06138610839844, -58.06113815307617, 180.60147094726562, 77.9302978515625, 75.62850952148438, -23.071699142456055, 31.034996032714844, -17.7601261138916], [718.948486328125, 227.48541259765625, 358.7744445800781, 523.7819213867188, 287.91680908203125, 88.09203338623047, 127.37728118896484, 4.622390270233154, 47.83133316040039, 59.33298873901367, 18.015825271606445, 21.78835678100586, 8.920516014099121], [26.869579315185547, 383.12701416015625, 199.27899169921875, 287.91680908203125, 435.1083068847656, 106.54885864257812, 264.9840087890625, 31.207996368408203, 119.44437408447266, 52.087162017822266, 28.482341766357422, 3.4853577613830566, -9.971675872802734], [518.715576171875, -127.54786682128906, 213.06138610839844, 88.09203338623047, 106.54885864257812, 359.78851318359375, 66.4360122680664, 140.14932250976562, 19.462120056152344, -12.348834037780762, -33.944862365722656, -13.664616584777832, -18.637325286865234], [-20.73295783996582, 405.4255676269531, -58.06113815307617, 127.37728118896484, 264.9840087890625, 66.4360122680664, 470.28009033203125, 50.69877243041992, 79.4720230102539, 6.306116104125977, 48.38050842285156, -14.312946319580078, -45.0400276184082], [155.31381225585938, -52.10635757446289, 180.60147094726562, 4.622390270233154, 31.207996368408203, 140.14932250976562, 50.69877243041992, 230.72772216796875, 122.44025421142578, 20.44219398498535, -36.951019287109375, -34.92806625366211, -39.0108757019043], [145.5073699951172, 223.82000732421875, 77.9302978515625, 47.83133316040039, 119.44437408447266, 19.462120056152344, 79.4720230102539, 122.44025421142578, 289.8824768066406, 47.48872375488281, -2.57562255859375, -45.39565658569336, -12.819510459899902], [-23.898984909057617, 12.384053230285645, 75.62850952148438, 59.33298873901367, 52.087162017822266, -12.348834037780762, 6.306116104125977, 20.44219398498535, 47.48872375488281, 110.61063385009766, 34.35091018676758, 0.06483182311058044, -18.786266326904297], [-119.51148223876953, 140.095458984375, -23.071699142456055, 18.015825271606445, 28.482341766357422, -33.944862365722656, 48.38050842285156, -36.951019287109375, -2.57562255859375, 34.35091018676758, 123.04070281982422, 33.54698944091797, 33.68968963623047], [89.5760498046875, -26.93569564819336, 31.034996032714844, 21.78835678100586, 3.4853577613830566, -13.664616584777832, -14.312946319580078, -34.92806625366211, -45.39565658569336, 0.06483182311058044, 33.54698944091797, 104.94190216064453, 48.541831970214844], [57.261192321777344, 32.468284606933594, -17.7601261138916, 8.920516014099121, -9.971675872802734, -18.637325286865234, -45.0400276184082, -39.0108757019043, -12.819510459899902, -18.786266326904297, 33.68968963623047, 48.541831970214844, 101.55420684814453]], "lowlevel.gfcc.icov": [[0.0003375548985786736, -0.000910039059817791, 0.000570453645195812, -0.0009296899079345167, 0.0010689995251595974, -0.0011488592717796564, 0.0006051327218301594, -0.0003803025174420327, 0.0001031194842653349, -0.0006210505962371826, 0.0010841829935088754, -0.0012231238652020693, 0.00042156962445005774], [-0.000910039059817791, 0.007103377021849155, -0.003575750160962343, 0.0031117917969822884, -0.004708678927272558, 0.005809615831822157, -0.0049443976022303104, 0.0038225839380174875, -0.003285093465819955, 0.005198505707085133, -0.006797269452363253, 0.006752353627234697, -0.003202887950465083], [0.000570453645195812, -0.003575750160962343, 0.0038752539549022913, -0.0030572284013032913, 0.0019110278226435184, -0.003402969567105174, 0.0037094729486852884, -0.0036289289128035307, 0.001758301630616188, -0.002651167567819357, 0.0032176265958696604, -0.0044995760545134544, 0.0023969807662069798], [-0.0009296899079345167, 0.0031117917969822884, -0.0030572284013032913, 0.006607941817492247, -0.004986343439668417, 0.0033656188752502203, -0.00260895024985075, 0.0026993516366928816, -0.00045612669782713056, 0.0010109811555594206, -0.0028013125993311405, 0.004119377117604017, -0.002488160040229559], [0.0010689995251595974, -0.004708678927272558, 0.0019110278226435184, -0.004986343439668417, 0.010718591511249542, -0.006086797919124365, 2.8238442610017955e-05, 0.00016632526239845902, -0.000618114834651351, -0.004948739893734455, 0.005860236007720232, -0.005519791506230831, 0.001387548865750432], [-0.0011488592717796564, 0.005809615831822157, -0.003402969567105174, 0.0033656188752502203, -0.006086797919124365, 0.010132568888366222, -0.0038192998617887497, -0.00045044327271170914, -0.0005163794266991317, 0.005428185686469078, -0.00580440042540431, 0.006657187826931477, -0.003022982971742749], [0.0006051327218301594, -0.0049443976022303104, 0.0037094729486852884, -0.00260895024985075, 2.8238442610017955e-05, -0.0038192998617887497, 0.008343630470335484, -0.004720478318631649, 0.0025431851390749216, -0.0012973876437172294, 0.0019396974239498377, -0.005213465541601181, 0.005236016120761633], [-0.0003803025174420327, 0.0038225839380174875, -0.0036289289128035307, 0.0026993516366928816, 0.00016632526239845902, -0.00045044327271170914, -0.004720478318631649, 0.012799518182873726, -0.006059873383492231, 0.0011947026941925287, -0.0014611163642257452, 0.003642462892457843, -0.000922861450817436], [0.0001031194842653349, -0.003285093465819955, 0.001758301630616188, -0.00045612669782713056, -0.000618114834651351, -0.0005163794266991317, 0.0025431851390749216, -0.006059873383492231, 0.008311240002512932, -0.003922296222299337, 0.0028820070438086987, -0.0001246174069819972, -0.0005885950522497296], [-0.0006210505962371826, 0.005198505707085133, -0.002651167567819357, 0.0010109811555594206, -0.004948739893734455, 0.005428185686469078, -0.0012973876437172294, 0.0011947026941925287, -0.003922296222299337, 0.017872802913188934, -0.010596374981105328, 0.0038052548188716173, 0.0030369937885552645], [0.0010841829935088754, -0.006797269452363253, 0.0032176265958696604, -0.0028013125993311405, 0.005860236007720232, -0.00580440042540431, 0.0019396974239498377, -0.0014611163642257452, 0.0028820070438086987, -0.010596374981105328, 0.01959315501153469, -0.008326709270477295, -0.0019363334868103266], [-0.0012231238652020693, 0.006752353627234697, -0.0044995760545134544, 0.004119377117604017, -0.005519791506230831, 0.006657187826931477, -0.005213465541601181, 0.003642462892457843, -0.0001246174069819972, 0.0038052548188716173, -0.008326709270477295, 0.021390922367572784, -0.009625297971069813], [0.00042156962445005774, -0.003202887950465083, 0.0023969807662069798, -0.002488160040229559, 0.001387548865750432, -0.003022982971742749, 0.005236016120761633, -0.000922861450817436, -0.0005885950522497296, 0.0030369937885552645, -0.0019363334868103266, -0.009625297971069813, 0.018550841137766838]], "lowlevel.mfcc.cov": [[5360.501953125, -225.78634643554688, 345.157958984375, 198.67111206054688, 234.69009399414062, 295.6630554199219, -22.786516189575195, 208.4517364501953, 162.52186584472656, 0.46946483850479126, 51.20256805419922, 1.5441712141036987, -80.60913848876953], [-225.78634643554688, 965.2586059570312, -91.02821350097656, 355.41650390625, -19.929698944091797, 116.50015258789062, 93.21124267578125, 79.04180908203125, 77.17729949951172, 52.9361572265625, 100.19210052490234, 99.8529281616211, 44.767242431640625], [345.157958984375, -91.02821350097656, 774.7607421875, 71.36054992675781, 311.9611511230469, 13.303030014038086, 0.46107783913612366, 53.59996795654297, 71.47960662841797, 32.14641571044922, 32.102760314941406, 11.290553092956543, 52.967193603515625], [198.67111206054688, 355.41650390625, 71.36054992675781, 591.1516723632812, 86.21063995361328, 194.62210083007812, 100.8215103149414, 32.375919342041016, 63.15204620361328, 31.18284797668457, 20.65836524963379, 58.269798278808594, 90.9793701171875], [234.69009399414062, -19.929698944091797, 311.9611511230469, 86.21063995361328, 345.607177734375, 96.01020050048828, -14.12581729888916, 52.324615478515625, 92.88890838623047, 75.93354034423828, 24.53192901611328, 19.385665893554688, 42.58823776245117], [295.6630554199219, 116.50015258789062, 13.303030014038086, 194.62210083007812, 96.01020050048828, 267.52435302734375, 141.62120056152344, 93.73771667480469, 47.90278625488281, 50.72175598144531, 28.59976577758789, 23.026151657104492, -2.5038769245147705], [-22.786516189575195, 93.21124267578125, 0.46107783913612366, 100.8215103149414, -14.12581729888916, 141.62120056152344, 288.6443176269531, 97.64183807373047, 13.931937217712402, 6.456207752227783, 33.55531311035156, 25.917930603027344, -8.59024429321289], [208.4517364501953, 79.04180908203125, 53.59996795654297, 32.375919342041016, 52.324615478515625, 93.73771667480469, 97.64183807373047, 210.56918334960938, 117.45337677001953, 67.4814682006836, 68.34430694580078, 43.430450439453125, -13.526812553405762], [162.52186584472656, 77.17729949951172, 71.47960662841797, 63.15204620361328, 92.88890838623047, 47.90278625488281, 13.931937217712402, 117.45337677001953, 178.4119110107422, 104.96521759033203, 69.71155548095703, 54.5840950012207, 21.056072235107422], [0.46946483850479126, 52.9361572265625, 32.14641571044922, 31.18284797668457, 75.93354034423828, 50.72175598144531, 6.456207752227783, 67.4814682006836, 104.96521759033203, 180.8620147705078, 89.47682189941406, 54.781471252441406, 23.94146728515625], [51.20256805419922, 100.19210052490234, 32.102760314941406, 20.65836524963379, 24.53192901611328, 28.59976577758789, 33.55531311035156, 68.34430694580078, 69.71155548095703, 89.47682189941406, 132.2329864501953, 62.73925018310547, 12.50770378112793], [1.5441712141036987, 99.8529281616211, 11.290553092956543, 58.269798278808594, 19.385665893554688, 23.026151657104492, 25.917930603027344, 43.430450439453125, 54.5840950012207, 54.781471252441406, 62.73925018310547, 100.11701202392578, 38.4661979675293], [-80.60913848876953, 44.767242431640625, 52.967193603515625, 90.9793701171875, 42.58823776245117, -2.5038769245147705, -8.59024429321289, -13.526812553405762, 21.056072235107422, 23.94146728515625, 12.50770378112793, 38.4661979675293, 113.3574447631836]], "lowlevel.mfcc.icov": [[0.0002343453816138208, 0.0001181727639050223, -9.104730997933075e-05, -8.764548692852259e-05, 5.412612154032104e-05, -0.0003538424498401582, 0.00026437421911396086, -0.0001324809854850173, -0.00017717605805955827, 0.0002868905139621347, -0.00018516711133997887, -2.5415483833057806e-05, 0.0002103094884660095], [0.0001181727639050223, 0.0016215109499171376, 0.00022839456505607814, -0.0010340012377128005, 0.00011272114352323115, 1.529475753159204e-06, 0.00014126735914032906, -0.000313203054247424, -0.00010088171256938949, 0.0004485732933972031, -0.001044873846694827, -0.0006373359938152134, 0.00035339759779162705], [-9.104730997933075e-05, 0.00022839456505607814, 0.0023958280216902494, -0.00041321225580759346, -0.0024722495581954718, 0.0014357336331158876, -0.0005693354760296643, -0.000525810057297349, 0.0003827615291811526, 0.0005307251703925431, -0.0008105573360808194, 0.0003986107185482979, -0.0003171434218529612], [-8.764548692852259e-05, -0.0010340012377128005, -0.00041321225580759346, 0.00356381107121706, 0.0004284036112949252, -0.002476927824318409, -0.00021177370217628777, 0.0012818686664104462, -0.001216934877447784, 0.0004589878662955016, 0.0008869971497915685, -0.00027935681282542646, -0.002273888560011983], [5.412612154032104e-05, 0.00011272114352323115, -0.0024722495581954718, 0.0004284036112949252, 0.006731231696903706, -0.0032930767629295588, 0.0015051274094730616, 0.0006289556622505188, -0.0021316015627235174, -0.0010369685478508472, 0.0009911846136674285, 0.0002753197040874511, -0.00119505834300071], [-0.0003538424498401582, 1.529475753159204e-06, 0.0014357336331158876, -0.002476927824318409, -0.0032930767629295588, 0.00952069740742445, -0.003376414766535163, -0.0021741678938269615, 0.0021123152691870928, -0.0020968508906662464, 0.0006248860736377537, 0.00045158376451581717, 0.0018253797898069024], [0.00026437421911396086, 0.00014126735914032906, -0.0005693354760296643, -0.00021177370217628777, 0.0015051274094730616, -0.003376414766535163, 0.006149769760668278, -0.0024220889899879694, 0.0011703026248142123, 0.0010748696513473988, -0.0009295136551372707, -0.0006514348788186908, -1.56287060235627e-05], [-0.0001324809854850173, -0.000313203054247424, -0.000525810057297349, 0.0012818686664104462, 0.0006289556622505188, -0.0021741678938269615, -0.0024220889899879694, 0.011052386835217476, -0.006775218527764082, 0.0008898479864001274, -0.0013795768609270453, -0.0006868303753435612, 0.0015531996032223105], [-0.00017717605805955827, -0.00010088171256938949, 0.0003827615291811526, -0.001216934877447784, -0.0021316015627235174, 0.0021123152691870928, 0.0011703026248142123, -0.006775218527764082, 0.014429031871259212, -0.004791025537997484, -0.00012913066893815994, -0.001747669419273734, -0.0002216058928752318], [0.0002868905139621347, 0.0004485732933972031, 0.0005307251703925431, 0.0004589878662955016, -0.0010369685478508472, -0.0020968508906662464, 0.0010748696513473988, 0.0008898479864001274, -0.004791025537997484, 0.011855591088533401, -0.005843334831297398, -0.0006650326540693641, -0.000802190974354744], [-0.00018516711133997887, -0.001044873846694827, -0.0008105573360808194, 0.0008869971497915685, 0.0009911846136674285, 0.0006248860736377537, -0.0009295136551372707, -0.0013795768609270453, -0.00012913066893815994, -0.005843334831297398, 0.015835581347346306, -0.005860161501914263, 0.0008535709348507226], [-2.5415483833057806e-05, -0.0006373359938152134, 0.0003986107185482979, -0.00027935681282542646, 0.0002753197040874511, 0.00045158376451581717, -0.0006514348788186908, -0.0006868303753435612, -0.001747669419273734, -0.0006650326540693641, -0.005860161501914263, 0.017933467403054237, -0.004926981404423714], [0.0002103094884660095, 0.00035339759779162705, -0.0003171434218529612, -0.002273888560011983, -0.00119505834300071, 0.0018253797898069024, -1.56287060235627e-05, 0.0015531996032223105, -0.0002216058928752318, -0.000802190974354744, 0.0008535709348507226, -0.004926981404423714, 0.013266589492559433]], "metadata.audio_properties.analysis.downmix": "mix", "metadata.audio_properties.codec": "mp3", "metadata.audio_properties.md5_encoded": "b0d73c31a0308d84862df7dfb58ec98c", "metadata.tags.file_name": "1182280145852170290.mp3", "metadata.version.essentia": "2.1-beta6-dev", "metadata.version.essentia_git_sha": "v2.1_beta5-1110-g77a6a954", "metadata.version.extractor": "music 2.0", "tonal.chords_key": "C", "tonal.chords_scale": "major", "tonal.key_edma.key": "F", "tonal.key_edma.scale": "major", "tonal.key_krumhansl.key": "F"