{"song_id": "1182278118602457198", "download": "https://cdn.discordapp.com/attachments/1128313332273782784/1182278118602457198/chirp.mp4?ex=65841d4d&amp", "lyrics": "Every click counts, every font's precise,\nGotta hook 'em in, make 'em entice,\nSemper sursum, yeah, we'll never cease,\nWeb design champions, bringin' world peace.\n\nSemper sursum, we rise above,\nWeb design hustle, constant love,\nPromote the vision, make 'em all see,\nWe the architects, set the industry.\n\n[Verse]\nRhythm flows, words create a symphony\nIn the game of rap, I hold the key\nSpittin' rhymes that resonate, setting minds free\nUnleashing power with every beat, I decree\n\n[Chorus]\nRap, the voice of the streets\nMelodies of struggle and dreams it repeats\nTelling stories, raw and complete\nThe heart and soul, a rhythm that heats", "style": ["punkrock"], "essentia_features": {"lowlevel.average_loudness": 0.9755275249481201, "lowlevel.barkbands_crest.mean": 16.32254981994629, "lowlevel.barkbands_crest.stdev": 4.335292816162109, "lowlevel.barkbands_flatness_db.mean": 0.5050172805786133, "lowlevel.barkbands_flatness_db.stdev": 0.15303491055965424, "lowlevel.barkbands_kurtosis.mean": 124.04938507080078, "lowlevel.barkbands_kurtosis.stdev": 251.8171844482422, "lowlevel.barkbands_skewness.mean": 5.578262805938721, "lowlevel.barkbands_skewness.stdev": 5.476491928100586, "lowlevel.barkbands_spread.mean": 3.3937790393829346, "lowlevel.barkbands_spread.stdev": 6.102962493896484, "lowlevel.dissonance.mean": 0.4468204081058502, "lowlevel.dissonance.stdev": 0.05495627969503403, "lowlevel.dynamic_complexity": 2.8679726123809814, "lowlevel.erbbands_crest.mean": 16.241334915161133, "lowlevel.erbbands_crest.stdev": 6.898860454559326, "lowlevel.erbbands_flatness_db.mean": 0.235171377658844, "lowlevel.erbbands_flatness_db.stdev": 0.08543785661458969, "lowlevel.erbbands_kurtosis.mean": 22.141422271728516, "lowlevel.erbbands_kurtosis.stdev": 38.32830047607422, "lowlevel.erbbands_skewness.mean": 2.196162462234497, "lowlevel.erbbands_skewness.stdev": 3.397754192352295, "lowlevel.erbbands_spread.mean": 48.315818786621094, "lowlevel.erbbands_spread.stdev": 51.932525634765625, "lowlevel.hfc.mean": 16.435701370239258, "lowlevel.hfc.stdev": 15.187294960021973, "lowlevel.loudness_ebu128.integrated": -13.765244483947754, "lowlevel.loudness_ebu128.loudness_range": 1.6462135314941406, "lowlevel.loudness_ebu128.momentary.mean": -14.070355415344238, "lowlevel.loudness_ebu128.momentary.stdev": 1.6797130107879639, "lowlevel.loudness_ebu128.short_term.mean": -13.793815612792969, "lowlevel.loudness_ebu128.short_term.stdev": 0.5590313076972961, "lowlevel.melbands_crest.mean": 36.0596809387207, "lowlevel.melbands_crest.stdev": 5.425784111022949, "lowlevel.melbands_flatness_db.mean": 0.6112696528434753, "lowlevel.melbands_flatness_db.stdev": 0.17703644931316376, "lowlevel.melbands_kurtosis.mean": 1098.368408203125, "lowlevel.melbands_kurtosis.stdev": 1784.3270263671875, "lowlevel.melbands_skewness.mean": 19.179616928100586, "lowlevel.melbands_skewness.stdev": 16.58261489868164, "lowlevel.melbands_spread.mean": 1.9211571216583252, "lowlevel.melbands_spread.stdev": 4.511133193969727, "lowlevel.pitch_salience.mean": 0.10042054206132889, "lowlevel.pitch_salience.stdev": 0.1345142275094986, "lowlevel.silence_rate_20dB.mean": 0.9011582732200623, "lowlevel.silence_rate_20dB.stdev": 0.2984517514705658, "lowlevel.silence_rate_30dB.mean": 0.05173745006322861, "lowlevel.silence_rate_30dB.stdev": 0.2214973270893097, "lowlevel.silence_rate_60dB.mean": 0.00154440151527524, "lowlevel.silence_rate_60dB.stdev": 0.039268504828214645, "lowlevel.spectral_centroid.mean": 1034.51953125, "lowlevel.spectral_centroid.stdev": 1366.59619140625, "lowlevel.spectral_complexity.mean": 4.350579261779785, "lowlevel.spectral_complexity.stdev": 7.272225856781006, "lowlevel.spectral_decrease.mean": -5.245969347811297e-08, "lowlevel.spectral_decrease.stdev": 2.2948539069034268e-08, "lowlevel.spectral_energy.mean": 0.19948530197143555, "lowlevel.spectral_energy.stdev": 0.08695554733276367, "lowlevel.spectral_energyband_high.mean": 0.0007565337000414729, "lowlevel.spectral_energyband_high.stdev": 0.0015957218129187822, "lowlevel.spectral_energyband_low.mean": 0.18611589074134827, "lowlevel.spectral_energyband_low.stdev": 0.08720096200704575, "lowlevel.spectral_energyband_middle_high.mean": 0.0006725077400915325, "lowlevel.spectral_energyband_middle_high.stdev": 0.0019200798124074936, "lowlevel.spectral_energyband_middle_low.mean": 0.005965892691165209, "lowlevel.spectral_energyband_middle_low.stdev": 0.02089517004787922, "lowlevel.spectral_entropy.mean": 6.645182132720947, "lowlevel.spectral_entropy.stdev": 1.3745216131210327, "lowlevel.spectral_flux.mean": 0.15361084043979645, "lowlevel.spectral_flux.stdev": 0.11412368714809418, "lowlevel.spectral_kurtosis.mean": 25.700593948364258, "lowlevel.spectral_kurtosis.stdev": 40.06822204589844, "lowlevel.spectral_rms.mean": 0.013620381243526936, "lowlevel.spectral_rms.stdev": 0.0030175435822457075, "lowlevel.spectral_rolloff.mean": 80.21273803710938, "lowlevel.spectral_rolloff.stdev": 251.2965545654297, "lowlevel.spectral_skewness.mean": 2.9276394844055176, "lowlevel.spectral_skewness.stdev": 2.7935731410980225, "lowlevel.spectral_spread.mean": 4804649.0, "lowlevel.spectral_spread.stdev": 3390305.25, "lowlevel.spectral_strongpeak.mean": 0.6520235538482666, "lowlevel.spectral_strongpeak.stdev": 0.4115055203437805, "lowlevel.zerocrossingrate.mean": 0.0089568505063653, "lowlevel.zerocrossingrate.stdev": 0.010128838941454887, "metadata.audio_properties.analysis.equal_loudness": 0.0, "metadata.audio_properties.analysis.length": 30.03628158569336, "metadata.audio_properties.analysis.sample_rate": 44100.0, "metadata.audio_properties.analysis.start_time": 0.0, "metadata.audio_properties.bit_rate": 129175.0, "metadata.audio_properties.length": 30.03733253479004, "metadata.audio_properties.lossless": 0.0, "metadata.audio_properties.number_channels": 1.0, "metadata.audio_properties.replay_gain": -10.45889663696289, "metadata.audio_properties.sample_rate": 48000.0, "rhythm.beats_count": 53.0, "rhythm.beats_loudness.mean": 0.17260412871837616, "rhythm.beats_loudness.stdev": 0.07258211821317673, "rhythm.bpm": 106.65525817871094, "rhythm.bpm_histogram_first_peak_bpm": 108.0, "rhythm.bpm_histogram_first_peak_weight": 0.3999999761581421, "rhythm.bpm_histogram_second_peak_bpm": 103.0, "rhythm.bpm_histogram_second_peak_spread": 0.0, "rhythm.bpm_histogram_second_peak_weight": 0.03846153989434242, "rhythm.danceability": 1.7663744688034058, "rhythm.onset_rate": 5.755495071411133, "tonal.chords_changes_rate": 0.0972222238779068, "tonal.chords_number_rate": 0.007716049440205097, "tonal.chords_strength.mean": 0.5282118320465088, "tonal.chords_strength.stdev": 0.08965820074081421, "tonal.hpcp_crest.mean": 12.875514030456543, "tonal.hpcp_crest.stdev": 6.161283016204834, "tonal.hpcp_entropy.mean": 2.1176507472991943, "tonal.hpcp_entropy.stdev": 0.7952048182487488, "tonal.key_edma.strength": 0.5667833685874939, "tonal.key_krumhansl.strength": 0.5667647123336792, "tonal.key_temperley.strength": 0.5672125816345215, "tonal.tuning_diatonic_strength": 0.5282216668128967, "tonal.tuning_equal_tempered_deviation": 0.19709353148937225, "tonal.tuning_frequency": 434.193115234375, "tonal.tuning_nontempered_energy_ratio": 0.8530079126358032, "lowlevel.barkbands.mean": [0.06444047391414642, 0.12131471186876297, 0.006371818482875824, 0.0025291552301496267, 0.0009501960012130439, 0.0008048046729527414, 0.0007204951834864914, 0.0005111891077831388, 0.00038382233469747007, 0.0001367543009109795, 0.00013026375381741673, 0.00010989099973812699, 8.588832861278206e-05, 3.496529461699538e-05, 2.917500023613684e-05, 2.8809718060074374e-05, 4.002984496764839e-05, 4.666001404984854e-05, 4.22578705183696e-05, 4.107947097509168e-05, 7.275996176758781e-05, 0.0001709105708869174, 0.0002481075644027442, 0.0001493344607297331, 6.512436084449291e-05, 2.6567628083284944e-05, 4.1502858039166313e-07], "lowlevel.barkbands.stdev": [0.03443824127316475, 0.09013623744249344, 0.02691914513707161, 0.01360949408262968, 0.004958784207701683, 0.0027744988910853863, 0.0024124272167682648, 0.002203830983489752, 0.0021183155477046967, 0.0006129423272795975, 0.000552506186068058, 0.0004205107397865504, 0.0004436409508343786, 0.00014336503227241337, 0.00012872724619228393, 0.00013390328967943788, 0.00017037690849974751, 0.00019048753893002868, 0.00017001089872792363, 0.00018346335855312645, 0.00019545752729754895, 0.0003870424989145249, 0.0005929495673626661, 0.0003420300781726837, 0.00016470359696540982, 7.789753726683557e-05, 2.397060825387598e-06], "lowlevel.erbbands.mean": [7.638113975524902, 11.403020858764648, 8.1105375289917, 8.925318717956543, 5.43711519241333, 2.4872570037841797, 3.4437201023101807, 7.594318389892578, 7.61517333984375, 15.707865715026855, 9.08832836151123, 9.296024322509766, 5.767557144165039, 4.007411479949951, 5.267879009246826, 4.219430923461914, 3.9961419105529785, 2.3277201652526855, 1.6425451040267944, 1.4649028778076172, 1.694610595703125, 2.284519672393799, 2.572855234146118, 2.4095137119293213, 1.8542275428771973, 1.9730384349822998, 2.357633590698242, 3.4370861053466797, 6.348106384277344, 6.923813819885254, 6.621145248413086, 3.772908926010132, 2.1182477474212646, 1.0014007091522217, 0.32443732023239136, 0.11604258418083191, 0.057130321860313416, 0.005352220963686705, 0.0002006993308896199, 0.0002218592126155272], "lowlevel.erbbands.stdev": [4.362093448638916, 17.004745483398438, 25.78286361694336, 43.026485443115234, 29.777280807495117, 12.605375289916992, 10.961335182189941, 29.2460994720459, 27.715238571166992, 57.21805953979492, 34.776268005371094, 56.59464645385742, 27.53282928466797, 14.485593795776367, 20.108959197998047, 15.666423797607422, 19.625341415405273, 9.0850191116333, 7.162846565246582, 6.223927974700928, 7.90673303604126, 9.482991218566895, 10.472864151000977, 9.45015811920166, 7.724882125854492, 8.707231521606445, 7.926234722137451, 8.618667602539062, 14.542317390441895, 16.08866310119629, 15.78823471069336, 8.63858413696289, 5.100017547607422, 2.410364866256714, 0.9013077616691589, 0.3424130082130432, 0.17176051437854767, 0.019099894911050797, 0.00037652390892617404, 9.305775893153623e-05], "lowlevel.gfcc.mean": [-154.33949279785156, 105.99979400634766, -28.925880432128906, 47.56916809082031, -27.639041900634766, 31.48214340209961, 3.7534255981445312, 20.721296310424805, 13.313584327697754, 7.647377014160156, 9.427067756652832, 8.44228744506836, 2.967078447341919], "lowlevel.melbands.mean": [0.05249764025211334, 0.00677721481770277, 0.0014241100288927555, 0.0002552565129008144, 0.00011275712313363329, 0.00016499016783200204, 0.0001272859371965751, 0.00016307871555909514, 7.082062074914575e-05, 5.5542655900353566e-05, 2.7188782041775994e-05, 1.534530565550085e-05, 1.7893258700496517e-05, 1.3564984328695573e-05, 9.225397661793977e-06, 8.379128303204197e-06, 3.7073532439535484e-06, 2.599233766886755e-06, 2.11108772418811e-06, 1.9229144072596682e-06, 1.9701383280334994e-06, 2.1801724869874306e-06, 2.709183490878786e-06, 2.083223762383568e-06, 1.9533385966497008e-06, 1.5359534017989063e-06, 1.2069023114236188e-06, 1.3128747013979591e-06, 1.311578557761095e-06, 1.8414742726236e-06, 1.9401206827751594e-06, 3.378912651896826e-06, 3.7617769521602895e-06, 4.308519692131085e-06, 4.2027022573165596e-06, 2.943036179203773e-06, 2.093740476993844e-06, 1.656743734201882e-06, 1.0147148259420646e-06, 7.946188134155818e-07], "lowlevel.melbands.stdev": [0.029052838683128357, 0.012864240445196629, 0.0068234545178711414, 0.0013877075398340821, 0.000373440096154809, 0.0006179134361445904, 0.00043375647510401905, 0.0006064398912712932, 0.0002735529560595751, 0.0003605565580073744, 0.00013337525888346136, 5.566361141973175e-05, 7.0689115091227e-05, 5.417107240646146e-05, 4.567369614960626e-05, 4.654949952964671e-05, 1.4347804608405568e-05, 1.1715504115272779e-05, 9.203201443597209e-06, 8.75372552400222e-06, 9.54625920712715e-06, 9.461968147661537e-06, 1.0741322512330953e-05, 9.01170278666541e-06, 7.725963769189548e-06, 6.804039912822191e-06, 5.176761533220997e-06, 6.032054443494417e-06, 5.25474251844571e-06, 5.426278221420944e-06, 4.814125531993341e-06, 7.950287908897735e-06, 9.184994269162416e-06, 1.0581668902887031e-05, 1.0516370821278542e-05, 7.29978819435928e-06, 4.884683676209534e-06, 4.137421910854755e-06, 2.4841765480232425e-06, 2.032565362242167e-06], "lowlevel.melbands128.mean": [0.05677584558725357, 0.08218726515769958, 0.04199490323662758, 0.012483576312661171, 0.00435973796993494, 0.002999542048200965, 0.0019378123106434941, 0.0010397701989859343, 0.0004884285153821111, 0.000208853161893785, 0.00010685571760404855, 8.824488031677902e-05, 0.00010665143054211512, 0.00014900088717695326, 0.0001876213209470734, 0.0001733889221213758, 0.0001099169603548944, 9.60123652475886e-05, 0.0001709705393295735, 0.00021785292483400553, 0.00013929720444139093, 6.480387673946097e-05, 6.508406659122556e-05, 6.858368578832597e-05, 7.076671317918226e-05, 4.5703931391472e-05, 3.0694038287037984e-05, 3.107040174654685e-05, 1.8226315660285763e-05, 1.212122333527077e-05, 1.465899549657479e-05, 2.055002005363349e-05, 1.7688391380943358e-05, 1.7440743249608204e-05, 1.52352940858691e-05, 1.3014059732086025e-05, 8.993592018669005e-06, 1.006205548037542e-05, 8.102244464680552e-06, 9.241050975106191e-06, 9.72486213868251e-06, 5.038985818828223e-06, 3.7137738218007144e-06, 2.921301302194479e-06, 2.6393190637463704e-06, 2.3789832539478084e-06, 2.8510610263765557e-06, 2.1403022856247844e-06, 1.7459518630857929e-06, 1.9970482298958814e-06, 1.9069170775765087e-06, 1.8704997728491435e-06, 2.0030431642226176e-06, 2.0428819880180527e-06, 1.9193944353901315e-06, 1.918474936246639e-06, 2.6287145828973735e-06, 3.0124747354420833e-06, 2.76174137070484e-06, 2.1021455722802784e-06, 2.0167492493783357e-06, 2.1714079139201203e-06, 1.7662013078734162e-06, 2.100834080920322e-06, 1.860707357081992e-06, 1.6793036365925218e-06, 1.2214562730150647e-06, 9.683145663075265e-07, 1.3217457990322146e-06, 1.3601994623968494e-06, 1.2728457932098536e-06, 1.3313303952600108e-06, 1.2868182466263534e-06, 1.3139211887391866e-06, 1.2696882549789734e-06, 1.822096123760275e-06, 2.2094416181062115e-06, 1.7743930129654473e-06, 1.9243555016146274e-06, 1.9189292288501747e-06, 2.8035417471983237e-06, 4.5574251998914406e-06, 3.7518427689064993e-06, 4.301763055991614e-06, 3.090078735112911e-06, 2.5238512080250075e-06, 5.325287929736078e-06, 6.639828825427685e-06, 3.524904514051741e-06, 2.7367004804546013e-06, 4.2723950173240155e-06, 2.342901325391722e-06, 2.2726746919943253e-06, 2.1152616227482213e-06, 1.912542757054325e-06, 2.089166173391277e-06, 1.5302671272365842e-06, 1.128730673372047e-06, 1.1220944315937231e-06, 8.560185165151779e-07, 8.979671406450507e-07, 7.103863595148141e-07, 8.367319423996378e-07, 4.6547489773729467e-07, 2.745982783380896e-07, 2.049100515932878e-07, 2.6173134415330424e-07, 1.9797414552158443e-07, 2.0886506035822094e-07, 1.639772619910218e-07, 1.5530095254234766e-07, 1.5667292529997212e-07, 2.9534206191783596e-07, 1.5101674932793685e-07, 8.133391560249947e-08, 4.811066034449141e-08, 1.6096528554498946e-08, 5.160666338710485e-10, 2.437746393635365e-10, 1.8809505342165522e-10, 1.4499446088223067e-10, 7.078491265355424e-11, 3.7290785043220254e-11, 3.6526063423858446e-11, 3.578317156471833e-11, 3.513984589420538e-11, 3.472737028498152e-11, 3.452317945407124e-11], "lowlevel.melbands128.stdev": [0.02932979166507721, 0.0436343289911747, 0.044193822890520096, 0.023747533559799194, 0.013476165011525154, 0.01341099850833416, 0.00979739148169756, 0.005720705259591341, 0.002787334844470024, 0.0011577100958675146, 0.0005691067781299353, 0.0003989019896835089, 0.0003868086205329746, 0.0005050727631896734, 0.0007570528541691601, 0.0008388512651436031, 0.0005331471911631525, 0.0003997015883214772, 0.0006830177735537291, 0.0009080058662220836, 0.0007412372506223619, 0.0003994085418526083, 0.000325245811836794, 0.0003194081364199519, 0.0005202079191803932, 0.0005235161515884101, 0.00016566620615776628, 0.0002049243776127696, 7.589653978357092e-05, 4.397547309054062e-05, 6.645475514233112e-05, 0.0001273988891625777, 7.426387310260907e-05, 9.73604983300902e-05, 6.702385871903971e-05, 6.64775725454092e-05, 3.735949212568812e-05, 6.639788625761867e-05, 6.229871360119432e-05, 4.878357140114531e-05, 7.436436862917617e-05, 2.0727842638734728e-05, 1.6824780686874874e-05, 1.2586663615365978e-05, 1.3367425708565861e-05, 1.2216666618769523e-05, 1.4503594684356358e-05, 1.0436428055982105e-05, 7.804696906532627e-06, 9.73015085037332e-06, 9.538221092952881e-06, 9.189075171889272e-06, 1.0207146260654554e-05, 1.099337350751739e-05, 9.738167136674747e-06, 9.929880434356164e-06, 1.1733563042071182e-05, 1.2455116120690946e-05, 1.1598745004448574e-05, 9.345155376649927e-06, 1.0466680578247178e-05, 1.0215919246547855e-05, 7.6196956797502935e-06, 8.869295015756506e-06, 7.759686923236586e-06, 9.229711395164486e-06, 5.75865306018386e-06, 4.152166184212547e-06, 6.1458226809918415e-06, 6.810145350755192e-06, 6.482837761723204e-06, 6.517010660900269e-06, 6.458179541368736e-06, 5.780334504379425e-06, 4.602842182066524e-06, 6.032633336872095e-06, 6.861716428829823e-06, 5.193404831516091e-06, 4.965962943970226e-06, 5.0409234972903505e-06, 7.02180886946735e-06, 1.1946636732318439e-05, 9.62857848207932e-06, 1.1445798918430228e-05, 8.620803782832809e-06, 6.8447025114437565e-06, 1.470972529205028e-05, 1.9100483768852428e-05, 9.65350500337081e-06, 6.755883077858016e-06, 1.1837349120469298e-05, 6.13117617831449e-06, 5.7488714446662925e-06, 5.579765002039494e-06, 4.644011823984329e-06, 5.5362093007715885e-06, 4.224047188472468e-06, 3.080788474107976e-06, 2.989430640809587e-06, 2.20450328924926e-06, 2.2644305772701045e-06, 2.0609504645108245e-06, 2.5119391011685366e-06, 1.4454805068453425e-06, 9.831787792791147e-07, 5.979995307825448e-07, 8.814960779091052e-07, 6.558882432727842e-07, 6.886835990371765e-07, 5.835371439388837e-07, 5.164714593774988e-07, 5.251763468550052e-07, 9.569530448061414e-07, 5.11181610818312e-07, 3.5302349488119944e-07, 2.29936290452315e-07, 8.702344445055132e-08, 5.258497637328219e-09, 4.323150726293079e-09, 3.2904421409796214e-09, 2.542436261521175e-09, 7.697448234367243e-10, 3.619913049868195e-11, 3.4826853206881836e-11, 3.389141745024915e-11, 3.3298325902153536e-11, 3.298527076478486e-11, 3.280954327666841e-11], "lowlevel.mfcc.mean": [-827.469970703125, 144.55596923828125, 64.2388916015625, 40.58718490600586, 19.345550537109375, 26.902666091918945, 15.500542640686035, 30.03411293029785, 17.90683364868164, 15.056768417358398, 21.84599494934082, 18.272375106811523, 12.67451000213623], "lowlevel.spectral_contrast_coeffs.mean": [-0.7061607241630554, -0.8132142424583435, -0.8351681232452393, -0.8530688285827637, -0.8137755393981934, -0.7902882099151611], "lowlevel.spectral_contrast_coeffs.stdev": [0.08107970654964447, 0.08587866276502609, 0.05524364113807678, 0.048710897564888, 0.056974146515131, 0.056917704641819], "lowlevel.spectral_contrast_valleys.mean": [-7.397424697875977, -8.068839073181152, -9.047607421875, -9.843156814575195, -9.948400497436523, -11.97853946685791], "lowlevel.spectral_contrast_valleys.stdev": [0.8836024403572083, 1.0783534049987793, 1.1844688653945923, 1.1796211004257202, 1.5495645999908447, 2.4541208744049072], "rhythm.beats_loudness_band_ratio.mean": [0.9713960886001587, 0.005826073233038187, 0.011606448329985142, 0.00479846028611064, 0.002417398151010275, 0.004491480998694897], "rhythm.beats_loudness_band_ratio.stdev": [0.04332412779331207, 0.012690909206867218, 0.03128800913691521, 0.009241048246622086, 0.0063530937768518925, 0.00894694309681654], "tonal.hpcp.mean": [0.02361075021326542, 0.019894374534487724, 0.01497085765004158, 0.019081102684140205, 0.018478963524103165, 0.0160499420017004, 0.025660134851932526, 0.06564517319202423, 0.20481348037719727, 0.3876369893550873, 0.32664287090301514, 0.17055301368236542, 0.1611059457063675, 0.12628379464149475, 0.06243138760328293, 0.03297371417284012, 0.019176673144102097, 0.016018250957131386, 0.013623458333313465, 0.012711056508123875, 0.015354652889072895, 0.017374418675899506, 0.015212140046060085, 0.015598585829138756, 0.021534020081162453, 0.023561378940939903, 0.023013250902295113, 0.02829950861632824, 0.024106891825795174, 0.027496566995978355, 0.03775490075349808, 0.0401691235601902, 0.03027530014514923, 0.020199516788125038, 0.026301149278879166, 0.024520056322216988], "tonal.hpcp.stdev": [0.13458134233951569, 0.1246778815984726, 0.10392270982265472, 0.11783120781183243, 0.12122265249490738, 0.09997929632663727, 0.12882833182811737, 0.20900216698646545, 0.3344794809818268, 0.44249704480171204, 0.4055604040622711, 0.30268537998199463, 0.33729949593544006, 0.28573647141456604, 0.2099466621875763, 0.14991432428359985, 0.1143706887960434, 0.11345645040273666, 0.09582269936800003, 0.09167465567588806, 0.10875605046749115, 0.11169029027223587, 0.10800249874591827, 0.09434942156076431, 0.13241185247898102, 0.1282309889793396, 0.1294535994529724, 0.14659865200519562, 0.12886199355125427, 0.1430773288011551, 0.1672208458185196, 0.18067948520183563, 0.14677415788173676, 0.1212354302406311, 0.1460558921098709, 0.13696323335170746], "rhythm.beats_position": [0.6037188172340393, 1.1842176914215088, 1.7414965629577637, 2.3103854656219482, 2.879274368286133, 3.4365532398223877, 3.9938321113586426, 4.551111221313477, 5.108389854431152, 5.677278995513916, 6.2461676597595215, 6.815056800842285, 7.383945465087891, 7.941224575042725, 8.498503684997559, 9.055782318115234, 9.62467098236084, 10.193559646606445, 10.750839233398438, 11.308117866516113, 11.865396499633789, 12.445895195007324, 13.003174781799316, 13.560453414916992, 14.117732048034668, 14.675010681152344, 15.232290267944336, 15.801178932189941, 16.370067596435547, 16.92734718322754, 17.4846248626709, 18.05351448059082, 18.622404098510742, 19.1796817779541, 19.748571395874023, 20.317459106445312, 20.874738693237305, 21.432018280029297, 21.989295959472656, 22.54657554626465, 23.10385513305664, 23.6611328125, 24.230022430419922, 24.798912048339844, 25.367799758911133, 25.936689376831055, 26.493967056274414, 27.051246643066406, 27.620136260986328, 28.177413940429688, 28.74630355834961, 29.3035831451416, 29.86086082458496], "rhythm.bpm_histogram": [0.0, 0.0, 0.0, 0.0, 0.0, 0.0, 0.0, 0.0, 0.0, 0.0, 0.0, 0.0, 0.0, 0.0, 0.0, 0.0, 0.0, 0.0, 0.0, 0.0, 0.0, 0.0, 0.0, 0.0, 0.0, 0.0, 0.0, 0.0, 0.0, 0.0, 0.0, 0.0, 0.0, 0.0, 0.0, 0.0, 0.0, 0.0, 0.0, 0.0, 0.0, 0.0, 0.0, 0.0, 0.0, 0.0, 0.0, 0.0, 0.0, 0.0, 0.0, 0.0, 0.0, 0.0, 0.0, 0.0, 0.0, 0.0, 0.0, 0.0, 0.0, 0.0, 0.0, 0.0, 0.0, 0.0, 0.0, 0.0, 0.0, 0.0, 0.0, 0.0, 0.0, 0.0, 0.0, 0.0, 0.0, 0.0, 0.0, 0.0, 0.0, 0.0, 0.0, 0.0, 0.0, 0.0, 0.0, 0.0, 0.0, 0.0, 0.0, 0.0, 0.0, 0.0, 0.0, 0.0, 0.0, 0.0, 0.0, 0.0, 0.0, 0.0, 0.0, 0.03846153989434242, 0.0, 0.38461539149284363, 0.0, 0.0, 0.5769230723381042, 0.0, 0.0, 0.0, 0.0, 0.0, 0.0, 0.0, 0.0, 0.0, 0.0, 0.0, 0.0, 0.0, 0.0, 0.0, 0.0, 0.0, 0.0, 0.0, 0.0, 0.0, 0.0, 0.0, 0.0, 0.0, 0.0, 0.0, 0.0, 0.0, 0.0, 0.0, 0.0, 0.0, 0.0, 0.0, 0.0, 0.0, 0.0, 0.0, 0.0, 0.0, 0.0, 0.0, 0.0, 0.0, 0.0, 0.0, 0.0, 0.0, 0.0, 0.0, 0.0, 0.0, 0.0, 0.0, 0.0, 0.0, 0.0, 0.0, 0.0, 0.0, 0.0, 0.0, 0.0, 0.0, 0.0, 0.0, 0.0, 0.0, 0.0, 0.0, 0.0, 0.0, 0.0, 0.0, 0.0, 0.0, 0.0, 0.0, 0.0, 0.0, 0.0, 0.0, 0.0, 0.0, 0.0, 0.0, 0.0, 0.0, 0.0, 0.0, 0.0, 0.0, 0.0, 0.0, 0.0, 0.0, 0.0, 0.0, 0.0, 0.0, 0.0, 0.0, 0.0, 0.0, 0.0, 0.0, 0.0, 0.0, 0.0, 0.0, 0.0, 0.0, 0.0, 0.0, 0.0, 0.0, 0.0, 0.0, 0.0, 0.0, 0.0, 0.0, 0.0, 0.0, 0.0, 0.0, 0.0, 0.0, 0.0, 0.0, 0.0, 0.0, 0.0, 0.0, 0.0, 0.0, 0.0, 0.0, 0.0, 0.0], "tonal.chords_histogram": [16.35802459716797, 16.512346267700195, 55.092594146728516, 0.0, 0.0, 0.0, 0.0, 0.6172839403152466, 2.160493850708008, 8.333333015441895, 0.0, 0.0, 0.0, 0.0, 0.0, 0.0, 0.0, 0.0, 0.0, 0.15432098507881165, 0.0, 0.0, 0.0, 0.7716049551963806], "tonal.thpcp": [1.0, 0.8426514267921448, 0.43998128175735474, 0.41561034321784973, 0.3257784843444824, 0.16105632483959198, 0.0850633829832077, 0.049470700323581696, 0.04132281243801117, 0.03514488786458969, 0.0327911339700222, 0.039610907435417175, 0.0448213629424572, 0.03924326226115227, 0.04024019092321396, 0.05555202439427376, 0.06078207120299339, 0.05936804786324501, 0.07300518453121185, 0.06218934804201126, 0.07093380391597748, 0.0973975732922554, 0.10362561792135239, 0.07810219377279282, 0.05210936442017555, 0.06784994900226593, 0.0632552057504654, 0.06090943515300751, 0.051322177052497864, 0.03862081840634346, 0.04922415316104889, 0.047670796513557434, 0.041404567658901215, 0.06619630008935928, 0.16934703290462494, 0.5283641219139099], "lowlevel.gfcc.cov": [[12564.2021484375, -3865.92578125, -2069.778076171875, 1359.715087890625, -3685.55712890625, 545.6929931640625, -1268.177490234375, 23.180118560791016, -851.0016479492188, 501.48291015625, -135.54759216308594, 617.4568481445312, -573.0787353515625], [-3865.92578125, 4542.7880859375, -204.39842224121094, -1716.1011962890625, 1858.59423828125, -1151.9189453125, 466.52227783203125, -197.17710876464844, 404.1977233886719, -624.1616821289062, 327.95654296875, -372.820068359375, 115.1798324584961], [-2069.778076171875, -204.39842224121094, 1579.072998046875, 248.23440551757812, 265.2596740722656, 335.9783020019531, 63.44812774658203, -87.9222183227539, 15.752497673034668, -46.83892059326172, -242.2582550048828, -153.4340362548828, 36.2994270324707], [1359.715087890625, -1716.1011962890625, 248.23440551757812, 1179.6817626953125, -667.56689453125, 342.71405029296875, -169.66067504882812, -8.33399486541748, -152.12303161621094, 147.795654296875, -118.238037109375, 19.887170791625977, 4.123915672302246], [-3685.55712890625, 1858.59423828125, 265.2596740722656, -667.56689453125, 1737.7921142578125, -389.06005859375, 351.46868896484375, -12.247462272644043, 301.2983093261719, -213.6492462158203, 99.06224822998047, -213.6575469970703, 175.5896759033203], [545.6929931640625, -1151.9189453125, 335.9783020019531, 342.71405029296875, -389.06005859375, 563.5164794921875, -32.86903381347656, 12.02525520324707, -111.14344787597656, 138.47262573242188, -157.98367309570312, 15.385441780090332, -41.524478912353516], [-1268.177490234375, 466.52227783203125, 63.44812774658203, -169.66067504882812, 351.46868896484375, -32.86903381347656, 372.5368347167969, 49.917728424072266, 77.63150024414062, -80.60803985595703, 50.537540435791016, -80.31192779541016, 69.9675064086914], [23.180118560791016, -197.17710876464844, -87.9222183227539, -8.33399486541748, -12.247462272644043, 12.02525520324707, 49.917728424072266, 136.1734619140625, 28.71038818359375, 36.42451858520508, 18.450408935546875, 37.79865646362305, -0.5238381028175354], [-851.0016479492188, 404.1977233886719, 15.752497673034668, -152.12303161621094, 301.2983093261719, -111.14344787597656, 77.63150024414062, 28.71038818359375, 191.14251708984375, -19.785383224487305, 49.057281494140625, -34.66350555419922, 58.6373405456543], [501.48291015625, -624.1616821289062, -46.83892059326172, 147.795654296875, -213.6492462158203, 138.47262573242188, -80.60803985595703, 36.42451858520508, -19.785383224487305, 183.58523559570312, -0.8854572772979736, 69.73319244384766, -7.786715984344482], [-135.54759216308594, 327.95654296875, -242.2582550048828, -118.238037109375, 99.06224822998047, -157.98367309570312, 50.537540435791016, 18.450408935546875, 49.057281494140625, -0.8854572772979736, 163.30368041992188, 12.699216842651367, 31.58043098449707], [617.4568481445312, -372.820068359375, -153.4340362548828, 19.887170791625977, -213.6575469970703, 15.385441780090332, -80.31192779541016, 37.79865646362305, -34.66350555419922, 69.73319244384766, 12.699216842651367, 181.62721252441406, 4.531673908233643], [-573.0787353515625, 115.1798324584961, 36.2994270324707, 4.123915672302246, 175.5896759033203, -41.524478912353516, 69.9675064086914, -0.5238381028175354, 58.6373405456543, -7.786715984344482, 31.58043098449707, 4.531673908233643, 114.07611846923828]], "lowlevel.gfcc.icov": [[0.0006690740119665861, -0.0010735541582107544, 0.0008476465591229498, -0.0011339772026985884, 0.000901300401892513, -0.001107600866816938, 0.0011611533118411899, -0.0011584351304918528, 0.001089034485630691, -0.0011190519435331225, 0.000890553870704025, -0.0011759425979107618, 0.0008724251529201865], [-0.0010735541582107544, 0.009714925661683083, -0.0019030396360903978, 0.008513504639267921, -0.002628434682264924, 0.008920663967728615, -0.003345790319144726, 0.0099936593323946, -0.0045488690957427025, 0.011468406766653061, -0.005976020824164152, 0.008818166330456734, -0.0010882350616157055], [0.0008476465591229498, -0.0019030396360903978, 0.00219037220813334, -0.0020686378702521324, 0.0009691452141851187, -0.002437100512906909, 0.0015126776415854692, -0.001531059155240655, 0.0012269734870642424, -0.0018213239964097738, 0.0026259208098053932, -0.0016478750621899962, 0.0008273549028672278], [-0.0011339772026985884, 0.008513504639267921, -0.0020686378702521324, 0.009020022116601467, -0.0019601525273174047, 0.007653208915144205, -0.0027247131802141666, 0.008320351131260395, -0.003517820965498686, 0.009471217170357704, -0.0050911749713122845, 0.0088262390345335, -0.0029345545917749405], [0.000901300401892513, -0.002628434682264924, 0.0009691452141851187, -0.0019601525273174047, 0.0028014499694108963, -0.0020002538803964853, 0.0014451182214543223, -0.002893896773457527, 0.0011845098342746496, -0.0028932655695825815, 0.0020996746607124805, -0.0015216852771118283, -0.000322837324347347], [-0.001107600866816938, 0.008920663967728615, -0.002437100512906909, 0.007653208915144205, -0.0020002538803964853, 0.012588593177497387, -0.004624456632882357, 0.009101453237235546, -0.0032348204404115677, 0.007228809408843517, -0.0025798708666116, 0.008634127676486969, -0.0010055960156023502], [0.0011611533118411899, -0.003345790319144726, 0.0015126776415854692, -0.0027247131802141666, 0.0014451182214543223, -0.004624456632882357, 0.0073033892549574375, -0.006194130517542362, 0.0027343472465872765, -0.0015350240282714367, 0.0005631280946545303, -0.0015272529562935233, -0.0011925731087103486], [-0.0011584351304918528, 0.0099936593323946, -0.001531059155240655, 0.008320351131260395, -0.002893896773457527, 0.009101453237235546, -0.006194130517542362, 0.020649611949920654, -0.007147707510739565, 0.009908423759043217, -0.005732323508709669, 0.006227712146937847, 0.0016277023823931813], [0.001089034485630691, -0.0045488690957427025, 0.0012269734870642424, -0.003517820965498686, 0.0011845098342746496, -0.0032348204404115677, 0.0027343472465872765, -0.007147707510739565, 0.01186433993279934, -0.006689396221190691, 0.00241608708165586, -0.002539462875574827, -0.0020331796258687973], [-0.0011190519435331225, 0.011468406766653061, -0.0018213239964097738, 0.009471217170357704, -0.0028932655695825815, 0.007228809408843517, -0.0015350240282714367, 0.009908423759043217, -0.006689396221190691, 0.023980893194675446, -0.009933728724718094, 0.008258380927145481, -0.0013948511332273483], [0.000890553870704025, -0.005976020824164152, 0.0026259208098053932, -0.0050911749713122845, 0.0020996746607124805, -0.0025798708666116, 0.0005631280946545303, -0.005732323508709669, 0.00241608708165586, -0.009933728724718094, 0.015536325052380562, -0.005181817803531885, -0.0007017012103460729], [-0.0011759425979107618, 0.008818166330456734, -0.0016478750621899962, 0.0088262390345335, -0.0015216852771118283, 0.008634127676486969, -0.0015272529562935233, 0.006227712146937847, -0.002539462875574827, 0.008258380927145481, -0.005181817803531885, 0.017598401755094528, -0.005550830624997616], [0.0008724251529201865, -0.0010882350616157055, 0.0008273549028672278, -0.0029345545917749405, -0.000322837324347347, -0.0010055960156023502, -0.0011925731087103486, 0.0016277023823931813, -0.0020331796258687973, -0.0013948511332273483, -0.0007017012103460729, -0.005550830624997616, 0.01632487215101719]], "lowlevel.mfcc.cov": [[15823.0908203125, -6141.6650390625, 614.6231079101562, -666.8529052734375, -1942.1190185546875, -518.7996826171875, -845.3468017578125, -526.17236328125, -1187.8387451171875, -464.22894287109375, -120.45475769042969, -319.9080505371094, -60.216915130615234], [-6141.6650390625, 6522.54541015625, -1978.8670654296875, -45.988460540771484, 782.4280395507812, -507.3692932128906, 137.31277465820312, 228.89878845214844, 157.50460815429688, -124.13436126708984, 168.04034423828125, 63.03841018676758, -57.06968307495117], [614.6231079101562, -1978.8670654296875, 1823.6153564453125, 14.221527099609375, -199.3720703125, 379.708251953125, -34.6656494140625, -52.2698860168457, 16.67974853515625, 95.7488784790039, -175.18203735351562, -82.70011138916016, -31.5251522064209], [-666.8529052734375, -45.988460540771484, 14.221527099609375, 545.2891845703125, 176.0493927001953, 15.386507034301758, 47.7149772644043, -6.789574146270752, 60.97110366821289, -9.693238258361816, -7.905541896820068, -5.312021732330322, -38.9316520690918], [-1942.1190185546875, 782.4280395507812, -199.3720703125, 176.0493927001953, 604.1593627929688, 120.4306411743164, 45.08513259887695, 14.26890754699707, 139.44583129882812, 86.55801391601562, -35.65160369873047, 22.844263076782227, 14.41495418548584], [-518.7996826171875, -507.3692932128906, 379.708251953125, 15.386507034301758, 120.4306411743164, 340.9294128417969, 107.74401092529297, -7.165510654449463, 119.60201263427734, 82.450439453125, -58.81807327270508, 2.0561230182647705, -1.9063044786453247], [-845.3468017578125, 137.31277465820312, -34.6656494140625, 47.7149772644043, 45.08513259887695, 107.74401092529297, 264.0439147949219, 61.88617706298828, 99.93309783935547, 47.3848876953125, 9.355709075927734, 55.15386962890625, -13.249608993530273], [-526.17236328125, 228.89878845214844, -52.2698860168457, -6.789574146270752, 14.26890754699707, -7.165510654449463, 61.88617706298828, 150.02618408203125, 75.56179809570312, -3.997642755508423, 24.033798217773438, 9.622780799865723, -1.4706356525421143], [-1187.8387451171875, 157.50460815429688, 16.67974853515625, 60.97110366821289, 139.44583129882812, 119.60201263427734, 99.93309783935547, 75.56179809570312, 225.1949920654297, 80.00331115722656, 3.045100688934326, 38.21714782714844, 6.682934761047363], [-464.22894287109375, -124.13436126708984, 95.7488784790039, -9.693238258361816, 86.55801391601562, 82.450439453125, 47.3848876953125, -3.997642755508423, 80.00331115722656, 130.13197326660156, 8.264898300170898, 15.426618576049805, 9.722517967224121], [-120.45475769042969, 168.04034423828125, -175.18203735351562, -7.905541896820068, -35.65160369873047, -58.81807327270508, 9.355709075927734, 24.033798217773438, 3.045100688934326, 8.264898300170898, 125.0423355102539, 40.98959732055664, -5.830331325531006], [-319.9080505371094, 63.03841018676758, -82.70011138916016, -5.312021732330322, 22.844263076782227, 2.0561230182647705, 55.15386962890625, 9.622780799865723, 38.21714782714844, 15.426618576049805, 40.98959732055664, 99.77892303466797, 18.01462173461914], [-60.216915130615234, -57.06968307495117, -31.5251522064209, -38.9316520690918, 14.41495418548584, -1.9063044786453247, -13.249608993530273, -1.4706356525421143, 6.682934761047363, 9.722517967224121, -5.830331325531006, 18.01462173461914, 84.62327575683594]], "lowlevel.mfcc.icov": [[0.0004076027835253626, 0.00042131831287406385, 0.000386404077289626, 0.00029495437047444284, 0.00047328451182693243, 0.00017837250197771937, 0.000439178867964074, 0.00019284975132904947, 0.0008990783826448023, 0.00034350130590610206, 0.00042364507680758834, 0.0003047745849471539, 0.0007031779387034476], [0.00042131831287406385, 0.000808173615951091, 0.000542664376553148, 0.0006582436035387218, -0.00018665200332179666, 0.0008932220516726375, 4.0574650483904406e-05, 0.00023111494374461472, 0.00047504963004030287, 0.0010046031093224883, 0.0001909588318085298, 0.0006855782121419907, 0.0011263866908848286], [0.000386404077289626, 0.000542664376553148, 0.0015752450563013554, 1.3863726053386927e-05, 0.001071873470209539, -0.0010933988960459828, 0.0011717021698132157, -0.0004925846587866545, 0.0012861655559390783, -0.0007268848712556064, 0.0017038549995049834, 6.680404476355761e-05, 0.0012869335478171706], [0.00029495437047444284, 0.0006582436035387218, 1.3863726053386927e-05, 0.003008555620908737, -0.0013341589365154505, 0.001727776019833982, -0.0009868789929896593, 0.0013775838306173682, -0.0009740625391714275, 0.0024459364358335733, -0.0006536844302900136, 0.0013509804848581553, 0.0016419608145952225], [0.00047328451182693243, -0.00018665200332179666, 0.001071873470209539, -0.0013341589365154505, 0.0047405487857759, -0.0025285365991294384, 0.0024098430294543505, -0.0005602266755886376, 0.0016116314800456166, -0.002859019208699465, 0.0027617677114903927, -0.0011945836013182998, 0.00014530970656778663], [0.00017837250197771937, 0.0008932220516726375, -0.0010933988960459828, 0.001727776019833982, -0.0025285365991294384, 0.00840310100466013, -0.003434558631852269, 0.0026895860210061073, -0.003415590152144432, 0.0019048728281632066, -0.00020081200636923313, 0.0021868005860596895, 0.0008173852111212909], [0.000439178867964074, 4.0574650483904406e-05, 0.0011717021698132157, -0.0009868789929896593, 0.0024098430294543505, -0.003434558631852269, 0.007798604667186737, -0.002884980058297515, 0.0018202647333964705, -0.002661392092704773, 0.002508675679564476, -0.003921424504369497, 0.0021750465966761112], [0.00019284975132904947, 0.00023111494374461472, -0.0004925846587866545, 0.0013775838306173682, -0.0005602266755886376, 0.0026895860210061073, -0.002884980058297515, 0.01116456650197506, -0.0050803725607693195, 0.004381136503070593, -0.0027828628662973642, 0.003200111212208867, -0.00033342407550662756], [0.0008990783826448023, 0.00047504963004030287, 0.0012861655559390783, -0.0009740625391714275, 0.0016116314800456166, -0.003415590152144432, 0.0018202647333964705, -0.0050803725607693195, 0.012865127064287663, -0.004929183050990105, 0.002596518723294139, -0.002654473762959242, 0.0011307077948004007], [0.00034350130590610206, 0.0010046031093224883, -0.0007268848712556064, 0.0024459364358335733, -0.002859019208699465, 0.0019048728281632066, -0.002661392092704773, 0.004381136503070593, -0.004929183050990105, 0.0153583325445652, -0.004346753936260939, 0.0030209687538444996, -0.0003520801546983421], [0.00042364507680758834, 0.0001909588318085298, 0.0017038549995049834, -0.0006536844302900136, 0.0027617677114903927, -0.00020081200636923313, 0.002508675679564476, -0.0027828628662973642, 0.002596518723294139, -0.004346753936260939, 0.013758544810116291, -0.005662304349243641, 0.0030813843477517366], [0.0003047745849471539, 0.0006855782121419907, 6.680404476355761e-05, 0.0013509804848581553, -0.0011945836013182998, 0.0021868005860596895, -0.003921424504369497, 0.003200111212208867, -0.002654473762959242, 0.0030209687538444996, -0.005662304349243641, 0.01618998497724533, -0.0029540767427533865], [0.0007031779387034476, 0.0011263866908848286, 0.0012869335478171706, 0.0016419608145952225, 0.00014530970656778663, 0.0008173852111212909, 0.0021750465966761112, -0.00033342407550662756, 0.0011307077948004007, -0.0003520801546983421, 0.0030813843477517366, -0.0029540767427533865, 0.015432647429406643]], "metadata.audio_properties.analysis.downmix": "mix", "metadata.audio_properties.codec": "mp3", "metadata.audio_properties.md5_encoded": "7adbed4a5c25e38a6f443b38be8aafda", "metadata.tags.file_name": "1182278118602457198.mp3", "metadata.version.essentia": "2.1-beta6-dev", "metadata.version.essentia_git_sha": "v2.1_beta5-1110-g77a6a954", "metadata.version.extractor": "music 2.0", "tonal.chords_key": "C", "tonal.chords_scale": "minor", "tonal.key_edma.key": "F", "tonal.key_edma.scale": "minor", "tonal.key_krumhansl.key": "F", "tonal.key_krumhansl.scale": "minor", "tonal.key_temperley.key": "F", "tonal.key_temperley.scale": "minor", "metadata.tags.encoding": ["Lavf58