{"song_id": "1182277321865044051", "download": "https://cdn.discordapp.com/attachments/1128313332273782784/1182277321865044051/chirp.mp4?ex=65841c8f&amp", "lyrics": "[Verse]\n\u0412 \u0421\u0422\u041e \u043e\u043d - \u043a\u043e\u0440\u043e\u043b\u044c, \u0432\u043b\u0430\u0434\u044b\u043a\u0430 \u0441\u0432\u0430\u0440\u043a\u0438, \u0432\u044b\u0445\u043b\u043e\u043f\u043d\u044b\u0445 \u0438 \u0448\u0438\u043d\n\u041d\u043e \u043f\u043e\u043a\u0430 \u043e\u043d \u043a\u0440\u0443\u0442\u0438\u0442 \u0433\u0430\u0439\u043a\u0438, \u0435\u043c\u0443 \u0442\u043e\u043b\u044c\u043a\u043e \u043f\u0440\u0435\u0434\u0441\u0442\u043e\u0438\u0442 \u0434\u043e\u0441\u0442\u0438\u0447\u044c \u0432\u0435\u0440\u0448\u0438\u043d (brr yeah)\n'\u0421\u0442\u0430\u0440\u044b\u0439 \u0433\u043e\u043b\u044c\u0444 \u0438\u043b\u0438 \u043b\u0443\u043f\u0430\u200c\u0442\u044b\u0439 \u043c\u0435\u0440\u0441', \u2013 \u0432\u0438\u0442\u0430\u0435\u0442 \u0432 \u0443\u043c\u0435 \u043b\u0435\u043f\u043e\u0442\u0430 (ohh mers)\n\u041f\u0435\u0440\u0435\u0434 \u0433\u043b\u0430\u0437\u0430\u043c\u0430 \u0435\u0437\u0434\u0438\u0442 \u043c\u0435\u0447\u0442\u0430, \u0430 \u043d\u0430 \u0441\u0442\u0435\u043d\u0430\u0445 \u0433\u0430\u0440\u0430\u0436\u0430 \u0432\u0438\u0441\u0438\u0442 \u0441\u0440\u0430\u043c\u043e\u0442\u0430 (ohh my)(scr)\n\u041d\u043e \u0440\u0435\u0430\u043b\u044c\u043d\u043e\u0441\u0442\u044c \u0431\u043e\u043b\u0435\u0435 \u0441\u0430\u0442\u0438\u0440\u0438\u0441\u0442\u0438\u200c\u0447\u043d\u0430, \u043e\u043d \u0441\u043d\u043e\u0432\u0430 \u0438\u0434\u0451\u0442 \u043d\u0430 \u0440\u0430\u0431\u043e\u0442\u0443 \u0441 \u0443\u0442\u0440\u0430\u200c (nah nah)\n\n[Chorus]\n\u0418 \u0442\u043e\u043b\u044c\u043a\u043e \u043e\u0434\u0438\u043d \u043f\u0440\u0438\u043d\u0446\u0438\u043f \u0437\u043d\u0430\u0435\u0442 \u041c\u0430\u043a\u0441 \u043f\u043e \u0436\u0438\u0437\u043d\u0438\nWork hard, pays off! (yeah)\n\u041f\u043e\u0436\u0435\u043b\u0430\u0435\u043c \u0436\u0435 \u0435\u043c\u0443 \u0443\u0434\u0430\u0447\u0438, \u0447\u0442\u043e\u0431\u044b \u043d\u0435 \u0432\u0441\u0442\u0440\u0435\u0447\u0430\u043b\u0438\u0441\u044c \u043d\u0430 \u043f\u0443\u0442\u0438 \u0440\u0430\u0437\u043d\u044b\u0435 \u0441\u043b\u0438\u0437\u043d\u0438 (\u0441\u043b\u0438\u0437\u043d\u0438 brr)", "style": ["post hardcore</span><span>, Jonny Craig as vocals"], "essentia_features": {"lowlevel.average_loudness": 0.9658461809158325, "lowlevel.barkbands_crest.mean": 15.543769836425781, "lowlevel.barkbands_crest.stdev": 5.164783954620361, "lowlevel.barkbands_flatness_db.mean": 0.29172682762145996, "lowlevel.barkbands_flatness_db.stdev": 0.14985789358615875, "lowlevel.barkbands_kurtosis.mean": 23.98280906677246, "lowlevel.barkbands_kurtosis.stdev": 38.26754379272461, "lowlevel.barkbands_skewness.mean": 3.454486846923828, "lowlevel.barkbands_skewness.stdev": 2.5302696228027344, "lowlevel.barkbands_spread.mean": 12.357589721679688, "lowlevel.barkbands_spread.stdev": 13.711956977844238, "lowlevel.dissonance.mean": 0.4243731200695038, "lowlevel.dissonance.stdev": 0.06791311502456665, "lowlevel.dynamic_complexity": 1.500551700592041, "lowlevel.erbbands_crest.mean": 10.547484397888184, "lowlevel.erbbands_crest.stdev": 3.5495896339416504, "lowlevel.erbbands_flatness_db.mean": 0.22480212152004242, "lowlevel.erbbands_flatness_db.stdev": 0.1016569510102272, "lowlevel.erbbands_kurtosis.mean": 1.6859887838363647, "lowlevel.erbbands_kurtosis.stdev": 4.249398231506348, "lowlevel.erbbands_skewness.mean": 0.5722000002861023, "lowlevel.erbbands_skewness.stdev": 1.0638371706008911, "lowlevel.erbbands_spread.mean": 37.13184356689453, "lowlevel.erbbands_spread.stdev": 28.643495559692383, "lowlevel.hfc.mean": 23.189697265625, "lowlevel.hfc.stdev": 21.44282341003418, "lowlevel.loudness_ebu128.integrated": -13.6664457321167, "lowlevel.loudness_ebu128.loudness_range": 1.363748550415039, "lowlevel.loudness_ebu128.momentary.mean": -13.845938682556152, "lowlevel.loudness_ebu128.momentary.stdev": 1.2418588399887085, "lowlevel.loudness_ebu128.short_term.mean": -13.62637710571289, "lowlevel.loudness_ebu128.short_term.stdev": 0.4830668270587921, "lowlevel.melbands_crest.mean": 22.580591201782227, "lowlevel.melbands_crest.stdev": 10.677834510803223, "lowlevel.melbands_flatness_db.mean": 0.3768063485622406, "lowlevel.melbands_flatness_db.stdev": 0.182937890291214, "lowlevel.melbands_kurtosis.mean": 51.747459411621094, "lowlevel.melbands_kurtosis.stdev": 88.47010803222656, "lowlevel.melbands_skewness.mean": 4.827056407928467, "lowlevel.melbands_skewness.stdev": 3.526972532272339, "lowlevel.melbands_spread.mean": 10.766613006591797, "lowlevel.melbands_spread.stdev": 13.614123344421387, "lowlevel.pitch_salience.mean": 0.40706413984298706, "lowlevel.pitch_salience.stdev": 0.2290697544813156, "lowlevel.silence_rate_20dB.mean": 1.0, "lowlevel.silence_rate_20dB.stdev": 0.0, "lowlevel.silence_rate_30dB.mean": 0.6007722020149231, "lowlevel.silence_rate_30dB.stdev": 0.48974043130874634, "lowlevel.silence_rate_60dB.mean": 0.00154440151527524, "lowlevel.silence_rate_60dB.stdev": 0.039268504828214645, "lowlevel.spectral_centroid.mean": 901.96826171875, "lowlevel.spectral_centroid.stdev": 581.98095703125, "lowlevel.spectral_complexity.mean": 14.688802719116211, "lowlevel.spectral_complexity.stdev": 9.3033447265625, "lowlevel.spectral_decrease.mean": -1.9994802258338495e-08, "lowlevel.spectral_decrease.stdev": 1.5434450162388202e-08, "lowlevel.spectral_energy.mean": 0.07756828516721725, "lowlevel.spectral_energy.stdev": 0.057978954166173935, "lowlevel.spectral_energyband_high.mean": 0.000995440874248743, "lowlevel.spectral_energyband_high.stdev": 0.0022556737530976534, "lowlevel.spectral_energyband_low.mean": 0.05660545453429222, "lowlevel.spectral_energyband_low.stdev": 0.06597451120615005, "lowlevel.spectral_energyband_middle_high.mean": 0.003327711718156934, "lowlevel.spectral_energyband_middle_high.stdev": 0.004129018168896437, "lowlevel.spectral_energyband_middle_low.mean": 0.01655978336930275, "lowlevel.spectral_energyband_middle_low.stdev": 0.013347340747714043, "lowlevel.spectral_entropy.mean": 6.839022636413574, "lowlevel.spectral_entropy.stdev": 0.9606133699417114, "lowlevel.spectral_flux.mean": 0.07840729504823685, "lowlevel.spectral_flux.stdev": 0.055333249270915985, "lowlevel.spectral_kurtosis.mean": 48.23128128051758, "lowlevel.spectral_kurtosis.stdev": 118.78754425048828, "lowlevel.spectral_rms.mean": 0.008010799996554852, "lowlevel.spectral_rms.stdev": 0.003391688223928213, "lowlevel.spectral_rolloff.mean": 924.255615234375, "lowlevel.spectral_rolloff.stdev": 1447.9874267578125, "lowlevel.spectral_skewness.mean": 3.777672052383423, "lowlevel.spectral_skewness.stdev": 4.325295448303223, "lowlevel.spectral_spread.mean": 4823912.0, "lowlevel.spectral_spread.stdev": 3367628.25, "lowlevel.spectral_strongpeak.mean": 0.8152116537094116, "lowlevel.spectral_strongpeak.stdev": 0.5142366290092468, "lowlevel.zerocrossingrate.mean": 0.04013747349381447, "lowlevel.zerocrossingrate.stdev": 0.037527021020650864, "metadata.audio_properties.analysis.equal_loudness": 0.0, "metadata.audio_properties.analysis.length": 30.03628158569336, "metadata.audio_properties.analysis.sample_rate": 44100.0, "metadata.audio_properties.analysis.start_time": 0.0, "metadata.audio_properties.bit_rate": 126034.0, "metadata.audio_properties.length": 30.03733253479004, "metadata.audio_properties.lossless": 0.0, "metadata.audio_properties.number_channels": 1.0, "metadata.audio_properties.replay_gain": -11.893341064453125, "metadata.audio_properties.sample_rate": 48000.0, "rhythm.beats_count": 63.0, "rhythm.beats_loudness.mean": 0.06376364082098007, "rhythm.beats_loudness.stdev": 0.04467736557126045, "rhythm.bpm": 126.05765533447266, "rhythm.bpm_histogram_first_peak_bpm": 126.0, "rhythm.bpm_histogram_first_peak_weight": 0.12903225421905518, "rhythm.bpm_histogram_second_peak_bpm": 0.0, "rhythm.bpm_histogram_second_peak_spread": 0.0, "rhythm.bpm_histogram_second_peak_weight": 0.0, "rhythm.danceability": 1.0869876146316528, "rhythm.onset_rate": 5.755495071411133, "tonal.chords_changes_rate": 0.04783950746059418, "tonal.chords_number_rate": 0.006172839552164078, "tonal.chords_strength.mean": 0.3699814975261688, "tonal.chords_strength.stdev": 0.08843161910772324, "tonal.hpcp_crest.mean": 17.277145385742188, "tonal.hpcp_crest.stdev": 6.482728958129883, "tonal.hpcp_entropy.mean": 1.5320405960083008, "tonal.hpcp_entropy.stdev": 0.6132627129554749, "tonal.key_edma.strength": 0.6705578565597534, "tonal.key_krumhansl.strength": 0.6733415126800537, "tonal.key_temperley.strength": 0.6807923913002014, "tonal.tuning_diatonic_strength": 0.4840783476829529, "tonal.tuning_equal_tempered_deviation": 0.2874557077884674, "tonal.tuning_frequency": 434.193115234375, "tonal.tuning_nontempered_energy_ratio": 0.994780957698822, "lowlevel.barkbands.mean": [0.01194250863045454, 0.0442492738366127, 0.0005714819417335093, 0.0008500457042828202, 0.002656735712662339, 0.00810177531093359, 0.0016318741254508495, 0.000682657293509692, 0.002463720738887787, 0.0004593788762576878, 0.0004235231608618051, 0.0003832838556263596, 0.00029284332413226366, 0.00018964856280945241, 0.0002649779780767858, 0.00033191137481480837, 0.0004851638223044574, 0.00029588877805508673, 0.00022247529705055058, 0.00013406111975200474, 0.00014136944082565606, 0.0001575394708197564, 0.00015656916366424412, 0.00022039799659978598, 0.00012182942009530962, 0.00013263136497698724, 4.800259375770111e-06], "lowlevel.barkbands.stdev": [0.01824018359184265, 0.05393433943390846, 0.0033979760482907295, 0.0032313980627804995, 0.004042881540954113, 0.007055438123643398, 0.003893704852089286, 0.0012581206392496824, 0.0024334562476724386, 0.001275732647627592, 0.0015889161732047796, 0.0013121702941134572, 0.0008182163583114743, 0.0005733754951506853, 0.0007557747885584831, 0.0007798630394972861, 0.0008213764522224665, 0.00048283152864314616, 0.0004421134071890265, 0.00045615361887030303, 0.0005361835355870426, 0.0005284180515445769, 0.0004051652504131198, 0.0005485412548296154, 0.00024554910487495363, 0.0002545221068430692, 1.2932408935739659e-05], "lowlevel.erbbands.mean": [2.57641339302063, 4.7910919189453125, 1.2420012950897217, 2.1267542839050293, 3.305351972579956, 14.189787864685059, 32.53754425048828, 75.11307525634766, 26.85871124267578, 22.525428771972656, 17.824962615966797, 64.02859497070312, 27.792207717895508, 14.851085662841797, 17.02790641784668, 15.625978469848633, 13.116619110107422, 11.267291069030762, 11.213837623596191, 15.389333724975586, 20.649473190307617, 28.791723251342773, 16.61516761779785, 14.476702690124512, 9.44681453704834, 6.036248207092285, 5.641272068023682, 5.612570762634277, 6.244706153869629, 4.529269218444824, 4.380133628845215, 5.150643825531006, 3.1244442462921143, 1.4738881587982178, 0.8182826638221741, 0.5468023419380188, 0.2623805105686188, 0.036030035465955734, 0.0007549370639026165, 0.00011161886504851282], "lowlevel.erbbands.stdev": [3.113579034805298, 7.974977016448975, 3.4253346920013428, 8.559432029724121, 9.244170188903809, 18.640230178833008, 31.18196678161621, 68.55465698242188, 51.553009033203125, 48.911617279052734, 30.547203063964844, 62.85686492919922, 38.530853271484375, 43.73947525024414, 58.852508544921875, 52.029197692871094, 35.32028579711914, 31.593399047851562, 29.514066696166992, 44.69025421142578, 43.686031341552734, 49.03195571899414, 26.64552879333496, 25.516803741455078, 22.25025749206543, 20.61228370666504, 22.00848388671875, 20.82613754272461, 21.53570556640625, 13.044866561889648, 11.244091987609863, 12.529302597045898, 8.051742553710938, 3.261228322982788, 1.626320719718933, 1.0673856735229492, 0.526739776134491, 0.0766259953379631, 0.0015085572376847267, 7.600078970426694e-05], "lowlevel.gfcc.mean": [-48.79547882080078, 102.68299865722656, -67.15787506103516, 0.15539029240608215, -71.35595703125, -10.911357879638672, -52.03901290893555, 20.64362144470215, -14.574087142944336, -8.110776901245117, -12.959376335144043, 8.370956420898438, -5.815439701080322], "lowlevel.melbands.mean": [0.01728840172290802, 0.002151683671399951, 0.00035912825842387974, 0.0006044821930117905, 0.0010208843741565943, 0.0015931803500279784, 0.00040330420597456396, 0.00022287716274149716, 0.00013607132132165134, 0.00043470339733175933, 0.00012738315854221582, 5.727282041334547e-05, 5.912599590374157e-05, 4.529228317551315e-05, 3.5264354664832354e-05, 2.715496339078527e-05, 1.957255881279707e-05, 1.6586529454798438e-05, 2.0323450371506624e-05, 2.0474055418162607e-05, 2.3940985556691885e-05, 3.165362068102695e-05, 1.9490256818244234e-05, 1.2841734132962301e-05, 1.1705738870659843e-05, 8.104679181997199e-06, 5.304536898620427e-06, 3.589425887184916e-06, 3.4439801765984157e-06, 3.4929864796140464e-06, 3.1237748316925718e-06, 3.6724925394082675e-06, 2.7764517653849907e-06, 2.5529234335408546e-06, 2.3661771137994947e-06, 2.9268342132127145e-06, 3.2635757634125184e-06, 2.4180137643270427e-06, 1.5708371847722447e-06, 1.1077282806581934e-06], "lowlevel.melbands.stdev": [0.02065051533281803, 0.003877239767462015, 0.0014178318670019507, 0.0008860847447067499, 0.0009954428533092141, 0.0014320489717647433, 0.0008029072196222842, 0.00045944994781166315, 0.0002602649328764528, 0.0004202912386972457, 0.00019085660460405052, 0.00017865213158074766, 0.0002296281891176477, 0.00015747516590636224, 0.00011397997150197625, 7.605272548971698e-05, 6.030916119925678e-05, 4.778926449944265e-05, 6.253833998925984e-05, 5.472716657095589e-05, 5.174956822884269e-05, 5.7082001148955896e-05, 3.3478816476417705e-05, 2.124002821801696e-05, 2.1678068151231855e-05, 1.7773843865143135e-05, 1.7094351278501563e-05, 1.2985327884962317e-05, 1.3813618352287449e-05, 1.3378406947595067e-05, 1.186208646686282e-05, 1.3281322026159614e-05, 8.733857612241991e-06, 7.2120706136047374e-06, 6.3821762523730285e-06, 7.301565801753895e-06, 8.241227078542579e-06, 6.555479558301158e-06, 3.8722273529856466e-06, 2.47273806053272e-06], "lowlevel.melbands128.mean": [0.011270113289356232, 0.026393000036478043, 0.017226697877049446, 0.005046704318374395, 0.0006718720542266965, 0.00029637161060236394, 0.0004610856994986534, 0.0003732758923433721, 0.00018331687897443771, 0.0006381153361871839, 0.0009818498510867357, 0.0003886787162628025, 0.0009778598323464394, 0.0017788888653740287, 0.0022641271352767944, 0.001146757393144071, 0.00038677905104123056, 0.00027080491418018937, 0.0004176062939222902, 0.0002354419557377696, 0.00013972049055155367, 0.00013700872659683228, 0.00013885328371543437, 0.00011554034426808357, 0.0003837717813439667, 0.0007509490824304521, 0.00012575964501593262, 8.241772593464702e-05, 6.374625081662089e-05, 5.428990698419511e-05, 5.21315960213542e-05, 6.686620326945558e-05, 6.611883145524189e-05, 4.9088510422734544e-05, 4.5654796849703416e-05, 4.886740862275474e-05, 3.583490615710616e-05, 4.0345836168853566e-05, 3.0033086659386754e-05, 2.4133756596711464e-05, 3.1439023587154225e-05, 2.2583562895306386e-05, 2.2501977582578547e-05, 1.519647139502922e-05, 1.4231225577532314e-05, 1.8877684851759113e-05, 1.67271209647879e-05, 1.87011573871132e-05, 2.365021464356687e-05, 2.0748442693729885e-05, 1.745983536238782e-05, 2.164135003113188e-05, 2.940378908533603e-05, 2.0162957298452966e-05, 2.33726004807977e-05, 4.01126490032766e-05, 3.2080748496809974e-05, 2.0576759197865613e-05, 1.6516849427716807e-05, 1.2992518350074533e-05, 1.08444064608193e-05, 1.4579730304831173e-05, 1.405269267706899e-05, 9.941340977093205e-06, 9.538310223433655e-06, 9.27046039578272e-06, 6.366764864651486e-06, 5.132031674293103e-06, 5.733964826504234e-06, 4.603303750627674e-06, 3.203678716090508e-06, 3.2164598451345228e-06, 3.5361144909984432e-06, 3.6070098303753184e-06, 3.138739430141868e-06, 3.7014272038504714e-06, 3.6156343412585557e-06, 3.0506480470648967e-06, 3.174880021106219e-06, 2.771030040094047e-06, 3.7767474623251474e-06, 4.281408109818585e-06, 3.311060027044732e-06, 2.6536022232903633e-06, 2.2010722204868216e-06, 2.1844955426786328e-06, 2.757386710072751e-06, 3.1518650303041795e-06, 1.7941137002708274e-06, 2.2400147372536594e-06, 3.0284284093795577e-06, 2.8474648843257455e-06, 3.3513431390019832e-06, 3.4847801089199493e-06, 3.1221700282912934e-06, 2.8204924547026167e-06, 2.3673003397561843e-06, 1.5758873814775143e-06, 1.713526330604509e-06, 1.5225584775180323e-06, 1.143950271398353e-06, 1.14671377104969e-06, 8.800707860245893e-07, 8.15011276245059e-07, 9.306330071012781e-07, 1.0112978543475037e-06, 8.209200359488023e-07, 7.477103736164281e-07, 1.1497797913762042e-06, 9.063030574907316e-07, 9.751198604135425e-07, 1.0085128678838373e-06, 9.657766213422292e-07, 6.707459760946222e-07, 4.739059136227297e-07, 4.561399009617162e-07, 2.0034369185850665e-07, 3.78406594947478e-09, 6.653775447285071e-11, 6.984048755986905e-11, 2.2566141663626915e-11, 1.860026369038259e-11, 2.2216692027732243e-11, 1.9505992307489173e-11, 1.2489186768105398e-11, 9.148399919556294e-12, 8.507220101983126e-12, 8.29962227416603e-12], "lowlevel.melbands128.stdev": [0.017187057062983513, 0.03313722461462021, 0.023697374388575554, 0.009483125060796738, 0.0018237674375995994, 0.0018145355861634016, 0.0019293369259685278, 0.001462864805944264, 0.000897474295925349, 0.0009533152333460748, 0.00128999724984169, 0.0009592678979970515, 0.0010651799384504557, 0.0018298117211088538, 0.00219784677028656, 0.0012675648322328925, 0.0008814939646981657, 0.0009284933912567794, 0.0009672627202235162, 0.0006733527407050133, 0.0003028593200724572, 0.00027962710009887815, 0.0003544318024069071, 0.0003510800306685269, 0.0004698765114881098, 0.0007196274236775935, 0.0002870706666726619, 0.00021623738575726748, 0.0001956465857801959, 0.00025208533043041825, 0.00018412215285934508, 0.0002873077755793929, 0.00036725812242366374, 0.00020870458683930337, 0.00019156717462465167, 0.00023025547852739692, 0.00015096731658559293, 0.00016076290921773762, 0.0001100137596949935, 8.456602517981082e-05, 0.00010417909652460366, 7.521332008764148e-05, 8.665253699291497e-05, 5.8080397138837725e-05, 4.6382570872083306e-05, 6.527984805870801e-05, 5.603510362561792e-05, 7.04295962350443e-05, 0.00010377402213634923, 7.36797956051305e-05, 5.802536179544404e-05, 5.693576895282604e-05, 7.943825767142698e-05, 4.690414425567724e-05, 4.613148848875426e-05, 8.657680882606655e-05, 6.789277540519834e-05, 3.802220817306079e-05, 3.349024336785078e-05, 2.676568146853242e-05, 1.9872917619068176e-05, 2.9676692065550014e-05, 2.8953905712114647e-05, 2.1862066205358133e-05, 2.187626523664221e-05, 2.149619467672892e-05, 1.7910744645632803e-05, 1.6811272871564142e-05, 2.120574572472833e-05, 1.9664721548906527e-05, 1.3368552572501358e-05, 1.2026916010654531e-05, 1.4340725101646967e-05, 1.7513921193312854e-05, 1.3818812476529274e-05, 1.5647929103579372e-05, 1.4019204172655009e-05, 1.2897684428025968e-05, 1.2306341886869632e-05, 1.1110216291854158e-05, 1.5973149857018143e-05, 1.6768208297435194e-05, 1.142248947871849e-05, 8.438218173978385e-06, 7.76499837229494e-06, 7.378131613222649e-06, 7.914167326816823e-06, 9.052840141521301e-06, 5.964035608485574e-06, 6.575209226866718e-06, 8.222051292250399e-06, 7.452834779542172e-06, 8.784149940765928e-06, 9.239007340511307e-06, 8.789512321527582e-06, 7.843964340281673e-06, 7.069901130307699e-06, 4.5333013076742645e-06, 4.752712357003475e-06, 3.501983655951335e-06, 2.82849691757292e-06, 2.874953224818455e-06, 2.1024857232987415e-06, 1.927186985994922e-06, 2.025672984018456e-06, 2.1707462565245805e-06, 2.029538336500991e-06, 1.7386256558893365e-06, 2.485998493284569e-06, 1.8902417195931775e-06, 2.041424295384786e-06, 2.0569764274114277e-06, 2.3920574676594697e-06, 1.5549588852081797e-06, 1.0285790494890534e-06, 1.058922407537466e-06, 5.137940775057359e-07, 1.539740424050251e-08, 1.1534486699105173e-09, 1.391573190012707e-09, 2.8366808901836293e-10, 2.049567876527547e-10, 3.539092352511375e-10, 2.9344962571009603e-10, 9.045385274131235e-11, 1.658776588309152e-11, 1.1800333279965436e-11, 1.1119454315644539e-11], "lowlevel.mfcc.mean": [-715.0048828125, 152.4893798828125, 41.763065338134766, 11.8287992477417, 6.817926406860352, -29.660810470581055, -20.474336624145508, 8.4622220993042, -5.772543907165527, -1.3575527667999268, -2.8351686000823975, -3.4326910972595215, -7.7856855392456055], "lowlevel.spectral_contrast_coeffs.mean": [-0.6181961894035339, -0.6909881830215454, -0.7055725455284119, -0.8016647100448608, -0.7540932297706604, -0.7986971735954285], "lowlevel.spectral_contrast_coeffs.stdev": [0.1338942050933838, 0.06541286408901215, 0.06704645603895187, 0.07161074876785278, 0.09015295654535294, 0.05870302394032478], "lowlevel.spectral_contrast_valleys.mean": [-7.154284954071045, -6.554496765136719, -8.098603248596191, -8.701750755310059, -8.981911659240723, -11.017244338989258], "lowlevel.spectral_contrast_valleys.stdev": [0.8763310313224792, 0.6727938055992126, 1.1029757261276245, 1.4650564193725586, 1.7791637182235718, 1.814416766166687], "rhythm.beats_loudness_band_ratio.mean": [0.4562820494174957, 0.29013699293136597, 0.11478310823440552, 0.031092174351215363, 0.06454843282699585, 0.0562359057366848], "rhythm.beats_loudness_band_ratio.stdev": [0.4204024076461792, 0.2640833854675293, 0.11223386973142624, 0.053091518580913544, 0.08629897981882095, 0.09906505793333054], "tonal.hpcp.mean": [0.01964259333908558, 0.020517593249678612, 0.05748752877116203, 0.22373241186141968, 0.29254889488220215, 0.13331188261508942, 0.035871025174856186, 0.03546866029500961, 0.024858033284544945, 0.0193052738904953, 0.024461187422275543, 0.032563500106334686, 0.03665080666542053, 0.029090169817209244, 0.022179143503308296, 0.023013735190033913, 0.022495778277516365, 0.027789589017629623, 0.29540809988975525, 0.597685694694519, 0.3607926666736603, 0.049211934208869934, 0.017523642629384995, 0.023713354021310806, 0.3009369373321533, 0.4980858564376831, 0.21991120278835297, 0.016781704500317574, 0.02119893953204155, 0.04775811731815338, 0.09312056750059128, 0.07031558454036713, 0.01973440684378147, 0.014681506901979446, 0.014497614465653896, 0.01629248447716236], "tonal.hpcp.stdev": [0.0767001137137413, 0.09316430240869522, 0.15629568696022034, 0.30034688115119934, 0.30029216408729553, 0.18705418705940247, 0.1275903880596161, 0.15446805953979492, 0.10473461449146271, 0.08514825254678726, 0.08384455740451813, 0.09887869656085968, 0.08707888424396515, 0.07507013529539108, 0.08005167543888092, 0.07401584088802338, 0.08253934979438782, 0.08181595802307129, 0.2497105896472931, 0.35919004678726196, 0.3292101323604584, 0.12911748886108398, 0.07807168364524841, 0.09483613073825836, 0.2965851128101349, 0.456447035074234, 0.22450178861618042, 0.06747568398714066, 0.0727623999118805, 0.12763267755508423, 0.1574866622686386, 0.11438161879777908, 0.06322536617517471, 0.04769809544086456, 0.04127447307109833, 0.06023591011762619], "rhythm.beats_position": [0.4643990993499756, 0.9287981986999512, 1.404807209968567, 1.8808163404464722, 2.356825351715088, 2.832834482192993, 3.320453405380249, 3.7964625358581543, 4.260861396789551, 4.736870765686035, 5.212879657745361, 5.6888885498046875, 6.164897918701172, 6.640906810760498, 7.116916179656982, 7.592925071716309, 8.068934440612793, 8.544942855834961, 9.020952224731445, 9.49696159362793, 9.972970008850098, 10.448979377746582, 10.924988746643066, 11.400997161865234, 11.877006530761719, 12.353015899658203, 12.829024314880371, 13.293423652648926, 13.76943302154541, 14.245442390441895, 14.721450805664062, 15.197460174560547, 15.673469543457031, 16.149478912353516, 16.625486373901367, 17.10149574279785, 17.577505111694336, 18.06512451171875, 18.541133880615234, 19.01714324951172, 19.49315071105957, 19.969160079956055, 20.44516944885254, 20.921178817749023, 21.397188186645508, 21.873197555541992, 22.337596893310547, 22.8136043548584, 23.289613723754883, 23.765623092651367, 24.24163246154785, 24.717641830444336, 25.19365119934082, 25.669658660888672, 26.145668029785156, 26.62167739868164, 27.097686767578125, 27.57369613647461, 28.049705505371094, 28.537322998046875, 29.02494239807129, 29.500951766967773, 29.976961135864258], "rhythm.bpm_histogram": [0.0, 0.0, 0.0, 0.0, 0.0, 0.0, 0.0, 0.0, 0.0, 0.0, 0.0, 0.0, 0.0, 0.0, 0.0, 0.0, 0.0, 0.0, 0.0, 0.0, 0.0, 0.0, 0.0, 0.0, 0.0, 0.0, 0.0, 0.0, 0.0, 0.0, 0.0, 0.0, 0.0, 0.0, 0.0, 0.0, 0.0, 0.0, 0.0, 0.0, 0.0, 0.0, 0.0, 0.0, 0.0, 0.0, 0.0, 0.0, 0.0, 0.0, 0.0, 0.0, 0.0, 0.0, 0.0, 0.0, 0.0, 0.0, 0.0, 0.0, 0.0, 0.0, 0.0, 0.0, 0.0, 0.0, 0.0, 0.0, 0.0, 0.0, 0.0, 0.0, 0.0, 0.0, 0.0, 0.0, 0.0, 0.0, 0.0, 0.0, 0.0, 0.0, 0.0, 0.0, 0.0, 0.0, 0.0, 0.0, 0.0, 0.0, 0.0, 0.0, 0.0, 0.0, 0.0, 0.0, 0.0, 0.0, 0.0, 0.0, 0.0, 0.0, 0.0, 0.0, 0.0, 0.0, 0.0, 0.0, 0.0, 0.0, 0.0, 0.0, 0.0, 0.0, 0.0, 0.0, 0.0, 0.0, 0.0, 0.0, 0.0, 0.0, 0.0, 0.06451612710952759, 0.0, 0.0, 0.8709677457809448, 0.0, 0.0, 0.06451612710952759, 0.0, 0.0, 0.0, 0.0, 0.0, 0.0, 0.0, 0.0, 0.0, 0.0, 0.0, 0.0, 0.0, 0.0, 0.0, 0.0, 0.0, 0.0, 0.0, 0.0, 0.0, 0.0, 0.0, 0.0, 0.0, 0.0, 0.0, 0.0, 0.0, 0.0, 0.0, 0.0, 0.0, 0.0, 0.0, 0.0, 0.0, 0.0, 0.0, 0.0, 0.0, 0.0, 0.0, 0.0, 0.0, 0.0, 0.0, 0.0, 0.0, 0.0, 0.0, 0.0, 0.0, 0.0, 0.0, 0.0, 0.0, 0.0, 0.0, 0.0, 0.0, 0.0, 0.0, 0.0, 0.0, 0.0, 0.0, 0.0, 0.0, 0.0, 0.0, 0.0, 0.0, 0.0, 0.0, 0.0, 0.0, 0.0, 0.0, 0.0, 0.0, 0.0, 0.0, 0.0, 0.0, 0.0, 0.0, 0.0, 0.0, 0.0, 0.0, 0.0, 0.0, 0.0, 0.0, 0.0, 0.0, 0.0, 0.0, 0.0, 0.0, 0.0, 0.0, 0.0, 0.0, 0.0, 0.0, 0.0, 0.0, 0.0, 0.0, 0.0, 0.0, 0.0, 0.0, 0.0, 0.0, 0.0, 0.0, 0.0], "tonal.chords_histogram": [2.4691357612609863, 0.0, 42.28395080566406, 0.0, 0.0, 0.0, 0.3086419701576233, 4.629629611968994, 0.0, 50.154319763183594, 0.0, 0.0, 0.0, 0.0, 0.0, 0.0, 0.0, 0.0, 0.0, 0.0, 0.0, 0.0, 0.0, 0.15432098507881165], "tonal.thpcp": [1.0, 0.6036494970321655, 0.08233748376369476, 0.0293191596865654, 0.03967529162764549, 0.503503680229187, 0.8333575129508972, 0.3679378628730774, 0.028077809140086174, 0.03546837344765663, 0.07990507036447525, 0.1558019071817398, 0.11764642596244812, 0.03301803395152092, 0.024563925340771675, 0.024256251752376556, 0.027259284630417824, 0.032864417880773544, 0.0343284010887146, 0.09618354588747025, 0.37433120608329773, 0.4894694685935974, 0.22304679453372955, 0.060016535222530365, 0.059343330562114716, 0.041590478271245956, 0.03230004385113716, 0.040926504880189896, 0.05448265001177788, 0.0613212026655674, 0.04867134988307953, 0.037108372896909714, 0.038504745811223984, 0.037638138979673386, 0.04649532213807106, 0.4942532479763031], "lowlevel.gfcc.cov": [[10997.064453125, -6279.16943359375, -3298.916259765625, 1811.6826171875, -372.7518005371094, 772.8860473632812, -1785.753662109375, 472.6412353515625, -944.9992065429688, 439.6153259277344, -339.51275634765625, 546.8118286132812, -828.0623168945312], [-6279.16943359375, 4901.62744140625, 1613.2166748046875, -1247.1983642578125, 927.3980712890625, -238.9503936767578, 1311.7872314453125, -102.87423706054688, 750.2415161132812, -330.87518310546875, 584.5936889648438, -296.81500244140625, 545.453369140625], [-3298.916259765625, 1613.2166748046875, 2939.39306640625, -130.32325744628906, 257.5498046875, 448.45556640625, 1239.73681640625, 250.53561401367188, 704.0362548828125, 366.6205139160156, 151.18502807617188, 115.38768768310547, 407.0079345703125], [1811.6826171875, -1247.1983642578125, -130.32325744628906, 1248.3275146484375, 219.1659393310547, 303.059814453125, 16.76211929321289, 342.1397399902344, 224.97940063476562, 362.4507141113281, 36.61758804321289, 138.540283203125, 101.19986724853516], [-372.7518005371094, 927.3980712890625, 257.5498046875, 219.1659393310547, 1267.5384521484375, 525.8387451171875, 442.8177795410156, 450.1351013183594, 561.162841796875, 223.10870361328125, 415.3357849121094, 127.960693359375, 194.3362579345703], [772.8860473632812, -238.9503936767578, 448.45556640625, 303.059814453125, 525.8387451171875, 832.4160766601562, 398.64923095703125, 370.8739929199219, 239.67059326171875, 314.7002258300781, 282.33428955078125, 234.63536071777344, 41.386436462402344], [-1785.753662109375, 1311.7872314453125, 1239.73681640625, 16.76211929321289, 442.8177795410156, 398.64923095703125, 1071.62451171875, 281.05908203125, 417.60736083984375, 198.86814880371094, 389.8008728027344, 129.0144805908203, 290.0975036621094], [472.6412353515625, -102.87423706054688, 250.53561401367188, 342.1397399902344, 450.1351013183594, 370.8739929199219, 281.05908203125, 440.3526306152344, 259.3631286621094, 173.03302001953125, 194.85971069335938, 186.12109375, 88.2646484375], [-944.9992065429688, 750.2415161132812, 704.0362548828125, 224.97940063476562, 561.162841796875, 239.67059326171875, 417.60736083984375, 259.3631286621094, 557.6389770507812, 212.54232788085938, 193.59017944335938, 61.578975677490234, 240.6198272705078], [439.6153259277344, -330.87518310546875, 366.6205139160156, 362.4507141113281, 223.10870361328125, 314.7002258300781, 198.86814880371094, 173.03302001953125, 212.54232788085938, 362.2984619140625, 99.37854766845703, 94.49141693115234, 73.83470916748047], [-339.51275634765625, 584.5936889648438, 151.18502807617188, 36.61758804321289, 415.3357849121094, 282.33428955078125, 389.8008728027344, 194.85971069335938, 193.59017944335938, 99.37854766845703, 349.52020263671875, 85.76765441894531, 103.63905334472656], [546.8118286132812, -296.81500244140625, 115.38768768310547, 138.540283203125, 127.960693359375, 234.63536071777344, 129.0144805908203, 186.12109375, 61.578975677490234, 94.49141693115234, 85.76765441894531, 209.60589599609375, 5.47960090637207], [-828.0623168945312, 545.453369140625, 407.0079345703125, 101.19986724853516, 194.3362579345703, 41.386436462402344, 290.0975036621094, 88.2646484375, 240.6198272705078, 73.83470916748047, 103.63905334472656, 5.47960090637207, 217.4580078125]], "lowlevel.gfcc.icov": [[0.0008002892718650401, 0.0003285100683569908, 0.0005283447098918259, -0.000402337871491909, 4.118060678592883e-05, -0.000542788184247911, 0.0004061030922457576, -0.000559528183657676, 0.0004699896089732647, -0.0005918313981965184, 0.00014932319754734635, -0.0007715215324424207, 0.000802810478489846], [0.0003285100683569908, 0.0035989631433039904, -0.00045232116826809943, 0.0018776633078232408, -0.0017565126763656735, 0.0012674897443503141, -0.002050023525953293, 0.0018899696879088879, -0.00250812410376966, 0.0035621861461549997, -0.0033493638038635254, 0.0030230432748794556, -0.0014215296832844615], [0.0005283447098918259, -0.00045232116826809943, 0.0021179907489567995, 0.00010340043809264898, 0.0010425238870084286, -0.00126819615252316, -0.0011921914992854, -0.0010099114151671529, -0.0008298216271214187, -0.0019191076280549169, 0.00311087048612535, -0.0010179312666878104, 0.0005570497014559805], [-0.000402337871491909, 0.0018776633078232408, 0.00010340043809264898, 0.0033078209962695837, -0.0005224905908107758, 0.0008773586014285684, -0.0017938383389264345, 6.497106369351968e-05, -0.0023882403038442135, 0.0007797448779456317, -0.0008083882858045399, 0.002597663551568985, -0.002610438736155629], [4.118060678592883e-05, -0.0017565126763656735, 0.0010425238870084286, -0.0005224905908107758, 0.003729600924998522, -0.0017312538111582398, 0.0011663975892588496, -0.0023964308202266693, -0.001349130761809647, -0.001888261758722365, 0.0007599954260513186, -0.0008433129987679422, 0.0010607282165437937], [-0.000542788184247911, 0.0012674897443503141, -0.00126819615252316, 0.0008773586014285684, -0.0017312538111582398, 0.004602497443556786, -0.001148140407167375, 0.0006716962670907378, -0.0003930341626983136, 0.0004689256602432579, -0.0031008124351501465, 0.0005068368627689779, 0.00039016807568259537], [0.0004061030922457576, -0.002050023525953293, -0.0011921914992854, -0.0017938383389264345, 0.0011663975892588496, -0.001148140407167375, 0.006482901982963085, -0.001878824783489108, 0.003226492553949356, -0.0021095164120197296, -0.0024286143016070127, -0.002857247367501259, -0.0005794399767182767], [-0.000559528183657676, 0.0018899696879088879, -0.0010099114151671529, 6.497106369351968e-05, -0.0023964308202266693, 0.0006716962670907378, -0.001878824783489108, 0.009062208235263824, -0.0029246308840811253, 0.003968752454966307, -0.002861809218302369, -0.0012661212822422385, -0.0008849436999298632], [0.0004699896089732647, -0.00250812410376966, -0.0008298216271214187, -0.0023882403038442135, -0.001349130761809647, -0.0003930341626983136, 0.003226492553949356, -0.0029246308840811253, 0.010847399942576885, -0.004513980820775032, 0.0018619311740621924, -0.002719338983297348, -0.002380250720307231], [-0.0005918313981965184, 0.0035621861461549997, -0.0019191076280549169, 0.0007797448779456317, -0.001888261758722365, 0.0004689256602432579, -0.0021095164120197296, 0.003968752454966307, -0.004513980820775032, 0.01126072183251381, -0.004903821274638176, 0.003833457361906767, -0.0017462659161537886], [0.00014932319754734635, -0.0033493638038635254, 0.00311087048612535, -0.0008083882858045399, 0.0007599954260513186, -0.0031008124351501465, -0.0024286143016070127, -0.002861809218302369, 0.0018619311740621924, -0.004903821274638176, 0.014243591576814651, -0.0034514879807829857, 0.0007393332198262215], [-0.0007715215324424207, 0.0030230432748794556, -0.0010179312666878104, 0.002597663551568985, -0.0008433129987679422, 0.0005068368627689779, -0.002857247367501259, -0.0012661212822422385, -0.002719338983297348, 0.003833457361906767, -0.0034514879807829857, 0.013268941082060337, -0.0018235465977340937], [0.000802810478489846, -0.0014215296832844615, 0.0005570497014559805, -0.002610438736155629, 0.0010607282165437937, 0.00039016807568259537, -0.0005794399767182767, -0.0008849436999298632, -0.002380250720307231, -0.0017462659161537886, 0.0007393332198262215, -0.0018235465977340937, 0.01442377083003521]], "lowlevel.mfcc.cov": [[13573.1142578125, -7301.87646484375, -3286.453125, -45.68013000488281, 828.0200805664062, -324.1190490722656, -362.89056396484375, -230.8150177001953, -929.1122436523438, -415.5314025878906, -323.94195556640625, -42.59776306152344, -166.6513214111328], [-7301.87646484375, 5393.283203125, 999.7125854492188, -333.79010009765625, -62.85126495361328, 160.31448364257812, 473.61083984375, 417.96368408203125, 393.26824951171875, 207.21600341796875, 336.2250671386719, 164.123291015625, 151.37379455566406], [-3286.453125, 999.7125854492188, 2329.237548828125, 211.55772399902344, -517.5339965820312, 441.17388916015625, 229.63961791992188, 123.18218994140625, 531.514404296875, 277.02044677734375, 183.84027099609375, 90.13427734375, 241.64776611328125], [-45.68013000488281, -333.79010009765625, 211.55772399902344, 789.6996459960938, 126.66853332519531, 116.13538360595703, -0.9507454633712769, 29.997486114501953, 295.22454833984375, 251.6392059326172, 57.42338943481445, 74.60504913330078, 140.98562622070312], [828.0200805664062, -62.85126495361328, -517.5339965820312, 126.66853332519531, 922.9354858398438, 210.24093627929688, 87.25614929199219, 260.8467102050781, 186.27078247070312, 291.0707092285156, 187.8837890625, 158.98654174804688, 153.8819122314453], [-324.1190490722656, 160.31448364257812, 441.17388916015625, 116.13538360595703, 210.24093627929688, 518.1600952148438, 306.09136962890625, 164.3512725830078, 261.7226257324219, 248.5821990966797, 246.58010864257812, 198.93643188476562, 194.5714111328125], [-362.89056396484375, 473.61083984375, 229.63961791992188, -0.9507454633712769, 87.25614929199219, 306.09136962890625, 619.6886596679688, 335.63714599609375, 162.6535186767578, 147.41201782226562, 271.1287536621094, 236.94786071777344, 193.13780212402344], [-230.8150177001953, 417.96368408203125, 123.18218994140625, 29.997486114501953, 260.8467102050781, 164.3512725830078, 335.63714599609375, 503.950439453125, 186.05413818359375, 126.30039978027344, 202.26275634765625, 176.4658966064453, 231.466064453125], [-929.1122436523438, 393.26824951171875, 531.514404296875, 295.22454833984375, 186.27078247070312, 261.7226257324219, 162.6535186767578, 186.05413818359375, 416.19793701171875, 265.0812072753906, 165.6780548095703, 137.10606384277344, 189.08248901367188], [-415.5314025878906, 207.21600341796875, 277.02044677734375, 251.6392059326172, 291.0707092285156, 248.5821990966797, 147.41201782226562, 126.30039978027344, 265.0812072753906, 343.06915283203125, 178.43905639648438, 135.35752868652344, 159.42153930664062], [-323.94195556640625, 336.2250671386719, 183.84027099609375, 57.42338943481445, 187.8837890625, 246.58010864257812, 271.1287536621094, 202.26275634765625, 165.6780548095703, 178.43905639648438, 269.0210876464844, 170.57728576660156, 142.848876953125], [-42.59776306152344, 164.123291015625, 90.13427734375, 74.60504913330078, 158.98654174804688, 198.93643188476562, 236.94786071777344, 176.4658966064453, 137.10606384277344, 135.35752868652344, 170.57728576660156, 222.65383911132812, 158.1041717529297], [-166.6513214111328, 151.37379455566406, 241.64776611328125, 140.98562622070312, 153.8819122314453, 194.5714111328125, 193.13780212402344, 231.466064453125, 189.08248901367188, 159.42153930664062, 142.848876953125, 158.1041717529297, 262.3505859375]], "lowlevel.mfcc.icov": [[0.0007491612923331559, 0.0009499517036601901, 0.0005853690672665834, 0.0002682646154426038, -0.00019352241361048073, -5.8875433751381934e-05, -0.0001786920038284734, -0.00020727605442516506, 0.00038835627492517233, 7.514854951296002e-05, -0.00015549467934761196, -0.00022991785954218358, -0.0003863055317196995], [0.0009499517036601901, 0.0014656289713457227, 0.0006876473198644817, 0.00059030408738181, -0.0001815986179281026, 0.00020357291214168072, -0.0003184427914675325, -0.00033735489705577493, 0.0001303182216361165, -4.395135692902841e-05, -0.0004598159866873175, -0.0002644317864906043, -0.0003627102414611727], [0.0005853690672665834, 0.0006876473198644817, 0.00188105134293437, 0.0006379025871865451, 0.001452264259569347, -0.0009269649744965136, 0.00033837294904515147, -0.0005168397328816354, -0.0013195694191381335, -0.0009546365472488105, -0.00019523473747540265, 0.0005447167786769569, -0.000748617050703615], [0.0002682646154426038, 0.00059030408738181, 0.0006379025871865451, 0.002575279213488102, 0.0006483225151896477, 0.0004730071814265102, 0.00014084592112340033, 0.0001881525240605697, -0.0019849794916808605, -0.0016356164123862982, 0.00019536410400178283, -6.502110772999004e-05, -0.0007851228583604097], [-0.00019352241361048073, -0.0001815986179281026, 0.001452264259569347, 0.0006483225151896477, 0.003856923431158066, -0.0011656471760943532, 0.0015971887623891234, -0.0017475399654358625, -0.0014782093930989504, -0.0031397552229464054, -0.00028718935209326446, 4.179218376521021e-05, 0.0003684869152493775], [-5.8875433751381934e-05, 0.00020357291214168072, -0.0009269649744965136, 0.0004730071814265102, -0.0011656471760943532, 0.005676253233104944, -0.0016145216068252921, 0.0018700575456023216, -0.000993998721241951, -0.0002354656608076766, -0.002110305242240429, -0.0008504184661433101, -0.0010215884540230036], [-0.0001786920038284734, -0.0003184427914675325, 0.00033837294904515147, 0.00014084592112340033, 0.0015971887623891234, -0.0016145216068252921, 0.004784674849361181, -0.00233349553309381, 0.00021818396635353565, -0.0007082328083924949, -0.001647138618864119, -0.0019529650453478098, 0.0008267626399174333], [-0.00020727605442516506, -0.00033735489705577493, -0.0005168397328816354, 0.0001881525240605697, -0.0017475399654358625, 0.0018700575456023216, -0.00233349553309381, 0.00603057025000453, -0.0012386407470330596, 0.0022672952618449926, -0.0014520230470225215, 0.0007341833552345634, -0.003663604846224189], [0.00038835627492517233, 0.0001303182216361165, -0.0013195694191381335, -0.0019849794916808605, -0.0014782093930989504, -0.000993998721241951, 0.00021818396635353565, -0.0012386407470330596, 0.009383495897054672, -0.0016490330453962088, 0.000409144937293604, -0.000896685931365937, -0.00045315123861655593], [7.514854951296002e-05, -4.395135692902841e-05, -0.0009546365472488105, -0.0016356164123862982, -0.0031397552229464054, -0.0002354656608076766, -0.000708232