{"song_id": "1182282453382082601", "download": "https://cdn.discordapp.com/attachments/1128313332273782784/1182282453382082601/chirp.mp4?ex=65842156&amp", "lyrics": "[Verse]\nSitting alone, feeling quite low\nCards in my hand, ready to go\nBut my friends, they've turned away\nNo interest in this game I play\n\n[Chorus]\nMy friends don't want to play Magic the Gathering\nThey think it's dull, not captivating\nBut I'll keep shuffling, battling with glee\nIn this world of fantasy, it's just me", "style": ["80</span><span>'s pop"], "essentia_features": {"lowlevel.average_loudness": 0.9298374652862549, "lowlevel.barkbands_crest.mean": 13.391496658325195, "lowlevel.barkbands_crest.stdev": 5.739649295806885, "lowlevel.barkbands_flatness_db.mean": 0.26905521750450134, "lowlevel.barkbands_flatness_db.stdev": 0.15270833671092987, "lowlevel.barkbands_kurtosis.mean": 28.341075897216797, "lowlevel.barkbands_kurtosis.stdev": 73.16072845458984, "lowlevel.barkbands_skewness.mean": 2.195808172225952, "lowlevel.barkbands_skewness.stdev": 3.6106820106506348, "lowlevel.barkbands_spread.mean": 29.569637298583984, "lowlevel.barkbands_spread.stdev": 31.007661819458008, "lowlevel.dissonance.mean": 0.437497615814209, "lowlevel.dissonance.stdev": 0.0535745769739151, "lowlevel.dynamic_complexity": 4.578301906585693, "lowlevel.erbbands_crest.mean": 12.47397518157959, "lowlevel.erbbands_crest.stdev": 5.15581750869751, "lowlevel.erbbands_flatness_db.mean": 0.21333526074886322, "lowlevel.erbbands_flatness_db.stdev": 0.08980435132980347, "lowlevel.erbbands_kurtosis.mean": 9.564240455627441, "lowlevel.erbbands_kurtosis.stdev": 23.67514419555664, "lowlevel.erbbands_skewness.mean": 0.37566933035850525, "lowlevel.erbbands_skewness.stdev": 2.486297607421875, "lowlevel.erbbands_spread.mean": 46.789791107177734, "lowlevel.erbbands_spread.stdev": 37.91613006591797, "lowlevel.hfc.mean": 56.2855224609375, "lowlevel.hfc.stdev": 86.02276611328125, "lowlevel.loudness_ebu128.integrated": -13.722232818603516, "lowlevel.loudness_ebu128.loudness_range": 2.828094482421875, "lowlevel.loudness_ebu128.momentary.mean": -15.385847091674805, "lowlevel.loudness_ebu128.momentary.stdev": 9.115777015686035, "lowlevel.loudness_ebu128.short_term.mean": -13.95826244354248, "lowlevel.loudness_ebu128.short_term.stdev": 1.0141850709915161, "lowlevel.melbands_crest.mean": 20.27729034423828, "lowlevel.melbands_crest.stdev": 8.108453750610352, "lowlevel.melbands_flatness_db.mean": 0.31586194038391113, "lowlevel.melbands_flatness_db.stdev": 0.1938428282737732, "lowlevel.melbands_kurtosis.mean": 82.37317657470703, "lowlevel.melbands_kurtosis.stdev": 293.60748291015625, "lowlevel.melbands_skewness.mean": 4.4377641677856445, "lowlevel.melbands_skewness.stdev": 5.265772819519043, "lowlevel.melbands_spread.mean": 39.8232536315918, "lowlevel.melbands_spread.stdev": 54.8072395324707, "lowlevel.pitch_salience.mean": 0.46188750863075256, "lowlevel.pitch_salience.stdev": 0.18187206983566284, "lowlevel.silence_rate_20dB.mean": 1.0, "lowlevel.silence_rate_20dB.stdev": 0.0, "lowlevel.silence_rate_30dB.mean": 0.8640483617782593, "lowlevel.silence_rate_30dB.stdev": 0.3427355885505676, "lowlevel.silence_rate_60dB.mean": 0.09546827524900436, "lowlevel.silence_rate_60dB.stdev": 0.2938595116138458, "lowlevel.spectral_centroid.mean": 1733.510009765625, "lowlevel.spectral_centroid.stdev": 1656.9613037109375, "lowlevel.spectral_complexity.mean": 8.812084197998047, "lowlevel.spectral_complexity.stdev": 9.761663436889648, "lowlevel.spectral_decrease.mean": -1.185849018980889e-08, "lowlevel.spectral_decrease.stdev": 1.5934432440189994e-08, "lowlevel.spectral_energy.mean": 0.04986192286014557, "lowlevel.spectral_energy.stdev": 0.06061764433979988, "lowlevel.spectral_energyband_high.mean": 0.0056911190040409565, "lowlevel.spectral_energyband_high.stdev": 0.010693377815186977, "lowlevel.spectral_energyband_low.mean": 0.031819842755794525, "lowlevel.spectral_energyband_low.stdev": 0.0605323351919651, "lowlevel.spectral_energyband_middle_high.mean": 0.00413521658629179, "lowlevel.spectral_energyband_middle_high.stdev": 0.007255676202476025, "lowlevel.spectral_energyband_middle_low.mean": 0.008887155912816525, "lowlevel.spectral_energyband_middle_low.stdev": 0.011108307167887688, "lowlevel.spectral_entropy.mean": 7.223784446716309, "lowlevel.spectral_entropy.stdev": 1.1773051023483276, "lowlevel.spectral_flux.mean": 0.11603955924510956, "lowlevel.spectral_flux.stdev": 0.08818740397691727, "lowlevel.spectral_kurtosis.mean": 12.054076194763184, "lowlevel.spectral_kurtosis.stdev": 41.34861373901367, "lowlevel.spectral_rms.mean": 0.005869904533028603, "lowlevel.spectral_rms.stdev": 0.003766941837966442, "lowlevel.spectral_rolloff.mean": 3070.28125, "lowlevel.spectral_rolloff.stdev": 3808.903564453125, "lowlevel.spectral_skewness.mean": 1.812241792678833, "lowlevel.spectral_skewness.stdev": 2.500298500061035, "lowlevel.spectral_spread.mean": 6858924.0, "lowlevel.spectral_spread.stdev": 3040398.25, "lowlevel.spectral_strongpeak.mean": 1.1572027206420898, "lowlevel.spectral_strongpeak.stdev": 1.8086378574371338, "lowlevel.zerocrossingrate.mean": 0.09631472826004028, "lowlevel.zerocrossingrate.stdev": 0.09166567027568817, "metadata.audio_properties.analysis.equal_loudness": 0.0, "metadata.audio_properties.analysis.length": 38.398956298828125, "metadata.audio_properties.analysis.sample_rate": 44100.0, "metadata.audio_properties.analysis.start_time": 0.0, "metadata.audio_properties.bit_rate": 135515.0, "metadata.audio_properties.length": 38.400001525878906, "metadata.audio_properties.lossless": 0.0, "metadata.audio_properties.number_channels": 1.0, "metadata.audio_properties.replay_gain": -11.568798065185547, "metadata.audio_properties.sample_rate": 48000.0, "rhythm.beats_count": 79.0, "rhythm.beats_loudness.mean": 0.06160936504602432, "rhythm.beats_loudness.stdev": 0.06835530698299408, "rhythm.bpm": 124.1456527709961, "rhythm.bpm_histogram_first_peak_bpm": 123.0, "rhythm.bpm_histogram_first_peak_weight": 0.4189189076423645, "rhythm.bpm_histogram_second_peak_bpm": 129.0, "rhythm.bpm_histogram_second_peak_spread": 0.0, "rhythm.bpm_histogram_second_peak_weight": 0.025641025975346565, "rhythm.danceability": 1.2997527122497559, "rhythm.onset_rate": 5.830688953399658, "tonal.chords_changes_rate": 0.12681159377098083, "tonal.chords_number_rate": 0.013285024091601372, "tonal.chords_strength.mean": 0.49533793330192566, "tonal.chords_strength.stdev": 0.0902242586016655, "tonal.hpcp_crest.mean": 15.138023376464844, "tonal.hpcp_crest.stdev": 8.0068941116333, "tonal.hpcp_entropy.mean": 1.7808078527450562, "tonal.hpcp_entropy.stdev": 0.8538219332695007, "tonal.key_edma.strength": 0.6934435963630676, "tonal.key_krumhansl.strength": 0.7028008103370667, "tonal.key_temperley.strength": 0.7123146057128906, "tonal.tuning_diatonic_strength": 0.6275070309638977, "tonal.tuning_equal_tempered_deviation": 0.2080024927854538, "tonal.tuning_frequency": 434.193115234375, "tonal.tuning_nontempered_energy_ratio": 0.9082658290863037, "lowlevel.barkbands.mean": [0.0037703069392591715, 0.024010397493839264, 0.0034440045710653067, 0.0013575560878962278, 0.003425705013796687, 0.0010912902653217316, 0.0007263513398356736, 0.0010886256350204349, 0.0010194639908149838, 0.0005347960395738482, 0.0002976372779812664, 0.0006429511122405529, 0.0004896681639365852, 0.00030453570070676506, 0.00026530635659582913, 0.0003443867899477482, 0.00057458650553599, 0.000519504421390593, 0.00018887704936787486, 0.0001535833434900269, 0.00035346613731235266, 0.0004936576588079333, 0.002518170978873968, 0.0014911419712007046, 0.0005960450507700443, 0.00015783194976393133, 2.05634410122002e-06], "lowlevel.barkbands.stdev": [0.006570180878043175, 0.05259854719042778, 0.012090884149074554, 0.005586805287748575, 0.005480305757373571, 0.0024046290200203657, 0.002359268721193075, 0.003235164564102888, 0.0035429419949650764, 0.0022494930308312178, 0.0012260213261470199, 0.00227202451787889, 0.0019003537017852068, 0.0013374555855989456, 0.0008599095162935555, 0.0009328846936114132, 0.0012615863233804703, 0.002020033309236169, 0.0007004000362940133, 0.0005668312660418451, 0.0008897018269635737, 0.001272639841772616, 0.005109291989356279, 0.0030408187303692102, 0.0015711846062913537, 0.00039158473373390734, 7.589947472297354e-06], "lowlevel.erbbands.mean": [1.1058518886566162, 3.7082674503326416, 4.527585506439209, 4.584543704986572, 5.293862342834473, 14.397464752197266, 14.785311698913574, 5.999665260314941, 9.059959411621094, 12.880635261535645, 28.566383361816406, 26.122562408447266, 14.661319732666016, 17.1126766204834, 15.044535636901855, 27.980436325073242, 24.344139099121094, 18.95705223083496, 15.840642929077148, 13.473944664001465, 21.777639389038086, 30.29871368408203, 29.255794525146484, 13.91748046875, 9.43956184387207, 7.471988201141357, 12.103419303894043, 13.770221710205078, 16.84811782836914, 40.68825912475586, 73.63005065917969, 42.03268051147461, 20.518207550048828, 9.308432579040527, 2.844456672668457, 0.8937857151031494, 0.2734796106815338, 0.02684997394680977, 0.0006333647761493921, 0.00010166994616156444], "lowlevel.erbbands.stdev": [2.4954452514648438, 9.100940704345703, 13.549577713012695, 18.1046142578125, 13.206177711486816, 25.92304229736328, 26.53862762451172, 16.561145782470703, 28.82781982421875, 35.78614807128906, 81.20855712890625, 89.47296142578125, 64.13091278076172, 74.61308288574219, 58.02000427246094, 91.12093353271484, 87.88333129882812, 72.38961791992188, 67.35093688964844, 35.61056900024414, 49.57041931152344, 64.79087829589844, 81.21492767333984, 64.56524658203125, 36.348899841308594, 26.810876846313477, 33.326744079589844, 33.92837142944336, 44.23648452758789, 84.1707534790039, 149.9087677001953, 90.52449035644531, 41.75248718261719, 23.83489990234375, 7.722501754760742, 2.4550719261169434, 0.6375957131385803, 0.06799295544624329, 0.0014731596456840634, 0.00011801305663539097], "lowlevel.gfcc.mean": [-98.98454284667969, 43.346763610839844, -66.06700134277344, 45.42819595336914, -69.5137939453125, 25.66525650024414, -46.92287063598633, 8.579885482788086, -14.862019538879395, -6.923882007598877, -10.896105766296387, 4.832635402679443, -8.630929946899414], "lowlevel.melbands.mean": [0.008119713515043259, 0.0030533832032233477, 0.0007782336906529963, 0.0006974135176278651, 0.0005658534937538207, 0.0001474810269428417, 0.00014788990665692836, 0.00014991786156315356, 0.00023798190522938967, 0.00015401218843180686, 6.769373430870473e-05, 6.897145794937387e-05, 4.260797504684888e-05, 6.388289330061525e-05, 7.039545016596094e-05, 4.830336547456682e-05, 3.255683259340003e-05, 2.4490447685820982e-05, 1.7255861166631803e-05, 2.440417665638961e-05, 2.64209411398042e-05, 3.0358416552189738e-05, 3.783125794143416e-05, 1.770296694303397e-05, 1.039115886669606e-05, 7.018514224910177e-06, 5.761453394370619e-06, 4.595615791913588e-06, 6.089626822358696e-06, 9.927955034072511e-06, 7.20357684258488e-06, 8.208389772335067e-06, 1.1515568985487334e-05, 2.961034988402389e-05, 4.393050039652735e-05, 4.0602360968478024e-05, 2.001182656385936e-05, 1.5169049220276065e-05, 1.0663547072908841e-05, 6.891752036608523e-06], "lowlevel.melbands.stdev": [0.017520908266305923, 0.007476346101611853, 0.0028554971795529127, 0.0011876417556777596, 0.0009518670849502087, 0.0003730727476067841, 0.0004743697645608336, 0.0004290935175959021, 0.0006663763779215515, 0.0005729307304136455, 0.00031441356986761093, 0.00032411215943284333, 0.0001790370006347075, 0.00019804878684226424, 0.0002791967708617449, 0.00019593028991948813, 0.00013788837532047182, 0.00012726255226880312, 5.177280036150478e-05, 7.563236431451514e-05, 6.483114702859893e-05, 7.013569120317698e-05, 0.0001207705499837175, 5.19922687090002e-05, 5.504007276613265e-05, 2.7132999093737453e-05, 2.3260443413164467e-05, 1.6867174053913914e-05, 1.890160456241574e-05, 2.5077324607991613e-05, 1.9878887542290613e-05, 2.3047003196552396e-05, 3.0097322451183572e-05, 6.107499211793765e-05, 8.793242886895314e-05, 9.284701809519902e-05, 4.361532046459615e-05, 3.09041170112323e-05, 2.535363455535844e-05, 1.898194750538096e-05], "lowlevel.melbands128.mean": [0.0034790625795722008, 0.010473717004060745, 0.00934000127017498, 0.005132858641445637, 0.0026795165613293648, 0.0015180048067122698, 0.0009759333333931863, 0.0005587789928540587, 0.0004269612254574895, 0.0007185051217675209, 0.0008925808360800147, 0.0007157757645472884, 0.0005624007317237556, 0.00028141288203187287, 9.815247904043645e-05, 0.0001050893115461804, 9.790794865693897e-05, 0.00017707682854961604, 0.00019333681848365813, 0.00011200373410247266, 0.00013739893620368093, 0.00021097972057759762, 0.0003109355457127094, 0.00018092308891937137, 0.00018021675350610167, 0.00014622723392676562, 6.885827315272763e-05, 7.485330570489168e-05, 3.284457488916814e-05, 9.847296314546838e-05, 7.213974458863959e-05, 3.2302894396707416e-05, 3.6254252336220816e-05, 5.835193587699905e-05, 4.36000082117971e-05, 6.827879406046122e-05, 9.039731230586767e-05, 7.955598266562447e-05, 5.0455470045562834e-05, 5.285914085106924e-05, 4.647396781365387e-05, 4.371023896965198e-05, 3.52375500369817e-05, 2.812324237311259e-05, 1.641172457311768e-05, 2.655628850334324e-05, 3.070301318075508e-05, 1.8673663362278603e-05, 9.88766987575218e-06, 1.3012937415624037e-05, 3.372534047230147e-05, 2.892637530749198e-05, 1.243337828782387e-05, 3.417579864617437e-05, 3.879941868945025e-05, 2.5091459974646568e-05, 2.5754276066436432e-05, 4.2093208321603015e-05, 4.724528844235465e-05, 2.0853529349551536e-05, 1.553709080326371e-05, 1.2473838978621643e-05, 1.7670367014943622e-05, 6.487788141384954e-06, 5.706125193682965e-06, 7.339648163906531e-06, 7.952586202009115e-06, 5.988889824948274e-06, 5.401741418609163e-06, 5.1351685215195175e-06, 4.362062554719159e-06, 4.577398613037076e-06, 4.40641088061966e-06, 5.907372269575717e-06, 8.064967914833687e-06, 1.230264751939103e-05, 9.517215403320733e-06, 7.244879270729143e-06, 7.515353900089394e-06, 6.281264177232515e-06, 6.452601610362763e-06, 9.962441254174337e-06, 1.052572679327568e-05, 1.131354110839311e-05, 1.2217794392199721e-05, 1.6483740182593465e-05, 3.485874185571447e-05, 5.828721623402089e-05, 3.773508797166869e-05, 3.4768472687574103e-05, 6.140956975286826e-05, 3.295737042208202e-05, 2.917670462920796e-05, 1.7716569345793687e-05, 1.6015361325116828e-05, 1.6904839867493138e-05, 1.47821701830253e-05, 1.3261558706290089e-05, 1.0638788808137178e-05, 9.950398634828161e-06, 8.016328138182871e-06, 6.171259428811027e-06, 5.861111731064739e-06, 3.871380613418296e-06, 2.845808239726466e-06, 2.097112428600667e-06, 1.987243194889743e-06, 1.6454231399620767e-06, 1.6177191355382092e-06, 1.2159383686594083e-06, 1.0253149866912281e-06, 8.111268243737868e-07, 1.0735019486673991e-06, 7.310738965315977e-07, 4.2504305497459427e-07, 2.4969830292320694e-07, 8.362519565707771e-08, 9.718440274752993e-09, 6.963802312576206e-10, 4.417164134462581e-10, 3.668000347900602e-10, 9.595758909686225e-11, 4.761289626453724e-11, 5.4240091584834005e-11, 4.4896447670694783e-11, 2.0746173876040608e-11, 7.95642371431704e-12, 6.237733853747818e-12], "lowlevel.melbands128.stdev": [0.006222887430340052, 0.023932555690407753, 0.023229965940117836, 0.013538718223571777, 0.008009311743080616, 0.005678911227732897, 0.004099101759493351, 0.0023020582739263773, 0.0013070529093965888, 0.0015315883792936802, 0.0018209407571703196, 0.0017631230875849724, 0.0011742162751033902, 0.0007128916913643479, 0.000469860911834985, 0.0005024177371524274, 0.00035083232796750963, 0.0007654806249774992, 0.0007524439133703709, 0.00038912147283554077, 0.0007019182667136192, 0.0007779272273182869, 0.0010547731071710587, 0.0007691980572417378, 0.0008100742124952376, 0.0008406374254263937, 0.00051466329023242, 0.000457260844996199, 0.00016923705697990954, 0.0005926017183810472, 0.0003417106345295906, 0.00015282249660231173, 0.00023442406381946057, 0.0003253025934100151, 0.00020737516751978546, 0.0002457139198668301, 0.0003467249625828117, 0.0005020583048462868, 0.00029157171957194805, 0.0003150495467707515, 0.0002440335665596649, 0.0002735522575676441, 0.00020161067368462682, 0.00016109792341012508, 0.00012581229384522885, 0.00022149911092128605, 0.0001223277358803898, 8.49298812681809e-05, 4.065758912474848e-05, 6.151595880510285e-05, 0.00013138384383637458, 0.0001173255150206387, 4.541739326668903e-05, 0.00011729439574992284, 0.00012487843923736364, 8.835060725687072e-05, 8.118082769215107e-05, 0.0001292664383072406, 0.0002316469617653638, 5.9494403103599325e-05, 5.31440855411347e-05, 6.377699901349843e-05, 0.000141758457175456, 2.478874012012966e-05, 2.3695842173765413e-05, 3.010449290741235e-05, 3.918573565897532e-05, 2.5547218683641404e-05, 2.5107956389547326e-05, 2.1030387870268896e-05, 1.8238233678857796e-05, 1.7159147319034673e-05, 1.6441576008219272e-05, 2.4155635401257314e-05, 2.6912999601336196e-05, 3.497261059237644e-05, 2.4767077775322832e-05, 1.91762374015525e-05, 2.5852685212157667e-05, 1.923671516124159e-05, 2.1035782992839813e-05, 3.0349745429703034e-05, 3.186145477229729e-05, 3.10363648168277e-05, 3.43419706041459e-05, 4.315879050409421e-05, 7.762511813780293e-05, 0.00013045899686403573, 7.718073902651668e-05, 7.506921974709257e-05, 0.00015809317119419575, 7.62180716264993e-05, 7.351866224780679e-05, 4.2976706026820466e-05, 3.606902828323655e-05, 3.8247289921855554e-05, 3.171318530803546e-05, 3.2218784326687455e-05, 2.567726915003732e-05, 2.7890788260265253e-05, 2.3113067072699778e-05, 1.948672615981195e-05, 1.692239493422676e-05, 1.0688372640288435e-05, 9.362458513351157e-06, 6.914498044352513e-06, 6.238929017854389e-06, 5.419459284894401e-06, 5.125158622831805e-06, 3.3796491152315866e-06, 2.7902387955691665e-06, 2.2614644876739476e-06, 2.5755584829312284e-06, 1.9676235751830973e-06, 1.3050319012108957e-06, 7.779161137477786e-07, 2.7825146275972656e-07, 6.804786067959867e-08, 8.800539852416023e-09, 7.808031554645822e-09, 6.86510936986906e-09, 1.1165065538776275e-09, 8.812819918269099e-10, 1.0729214183768931e-09, 8.879145751983231e-10, 3.303883555627607e-10, 3.985206956103049e-11, 1.2181398251209785e-11], "lowlevel.mfcc.mean": [-746.8221435546875, 69.66339111328125, 54.54285430908203, 17.033159255981445, 17.20987319946289, 6.785931587219238, -6.787890434265137, 12.771001815795898, -4.228430271148682, -1.0142669677734375, -5.287109375, 6.30136251449585, -3.575331211090088], "lowlevel.spectral_contrast_coeffs.mean": [-0.644619882106781, -0.7348449230194092, -0.7749980092048645, -0.7843274474143982, -0.7762767672538757, -0.7792302966117859], "lowlevel.spectral_contrast_coeffs.stdev": [0.13947990536689758, 0.11720965057611465, 0.09950100630521774, 0.09315178543329239, 0.07846594601869583, 0.06190331280231476], "lowlevel.spectral_contrast_valleys.mean": [-8.036327362060547, -8.462289810180664, -9.236637115478516, -9.512808799743652, -9.119997024536133, -10.288525581359863], "lowlevel.spectral_contrast_valleys.stdev": [2.1074178218841553, 1.916558861732483, 2.060758590698242, 2.0908265113830566, 2.155813694000244, 2.291255235671997], "rhythm.beats_loudness_band_ratio.mean": [0.4373219609260559, 0.17317873239517212, 0.10195241868495941, 0.07117456197738647, 0.05741612985730171, 0.1773940771818161], "rhythm.beats_loudness_band_ratio.stdev": [0.4007249176502228, 0.22492478787899017, 0.1841428428888321, 0.12994901835918427, 0.08273176103830338, 0.24694474041461945], "tonal.hpcp.mean": [0.08613399416208267, 0.0842970535159111, 0.07113853096961975, 0.08836913108825684, 0.0962664857506752, 0.06272592395544052, 0.04314683377742767, 0.07759524881839752, 0.13468869030475616, 0.21478965878486633, 0.22308717668056488, 0.13518376648426056, 0.07757444679737091, 0.058505862951278687, 0.06001103296875954, 0.10996373742818832, 0.14228437840938568, 0.11217208206653595, 0.10145631432533264, 0.08226309716701508, 0.059527866542339325, 0.06536548584699631, 0.06918279081583023, 0.08252397924661636, 0.1025504320859909, 0.08639511466026306, 0.04993092268705368, 0.04453824460506439, 0.05950845405459404, 0.08530524373054504, 0.13591356575489044, 0.151267409324646, 0.10444380342960358, 0.06479964405298233, 0.055210210382938385, 0.06599530577659607], "tonal.hpcp.stdev": [0.22664333879947662, 0.22125430405139923, 0.1946810483932495, 0.2244681417942047, 0.2494049221277237, 0.18691831827163696, 0.13634821772575378, 0.20807448029518127, 0.2783316969871521, 0.3351882994174957, 0.3457168936729431, 0.263306200504303, 0.2031274437904358, 0.1782919019460678, 0.1713903546333313, 0.23475411534309387, 0.28040462732315063, 0.23664580285549164, 0.2531870901584625, 0.21305273473262787, 0.16339820623397827, 0.17922312021255493, 0.18575148284435272, 0.2092752605676651, 0.24068094789981842, 0.22207927703857422, 0.15582509338855743, 0.1486491858959198, 0.16333456337451935, 0.18417595326900482, 0.24383597075939178, 0.2654029130935669, 0.22087526321411133, 0.1850782036781311, 0.17105655372142792, 0.19013451039791107], "rhythm.beats_position": [0.4643990993499756, 0.952018141746521, 1.4280271530151367, 1.904036283493042, 2.391655206680298, 2.879274368286133, 3.355283498764038, 3.8312923908233643, 4.318911552429199, 4.806530475616455, 5.282539367675781, 5.758548736572266, 6.234557628631592, 6.722176551818848, 7.198185920715332, 7.685804843902588, 8.173423767089844, 8.661043167114258, 9.137051582336426, 9.61306095123291, 10.089070320129395, 10.576688766479492, 11.052698135375977, 11.54031753540039, 12.027935981750488, 12.515555381774902, 12.979954719543457, 13.455963134765625, 13.93197250366211, 14.419591903686523, 14.907210350036621, 15.394829750061035, 15.88244915008545, 16.370067596435547, 16.84607696533203, 17.322086334228516, 17.798095703125, 18.27410316467285, 18.761722564697266, 19.24934196472168, 19.725351333618164, 20.212970733642578, 20.688980102539062, 21.164987564086914, 21.6409969329834, 22.128616333007812, 22.604625701904297, 23.08063507080078, 23.568254470825195, 24.055871963500977, 24.54349136352539, 25.019500732421875, 25.49551010131836, 25.983129501342773, 26.470746994018555, 26.95836639404297, 27.445985794067383, 27.933605194091797, 28.40961456298828, 28.908842086791992, 29.408071517944336, 29.91891098022461, 30.441360473632812, 30.928979873657227, 31.416597366333008, 31.904216766357422, 32.3918342590332, 32.87945556640625, 33.36707305908203, 33.85469436645508, 34.34231185913086, 34.80671310424805, 35.29433059692383, 35.77033996582031, 36.257957458496094, 36.73396682739258, 37.221588134765625, 37.709205627441406, 38.19682312011719], "rhythm.bpm_histogram": [0.0, 0.0, 0.0, 0.0, 0.0, 0.0, 0.0, 0.0, 0.0, 0.0, 0.0, 0.0, 0.0, 0.0, 0.0, 0.0, 0.0, 0.0, 0.0, 0.0, 0.0, 0.0, 0.0, 0.0, 0.0, 0.0, 0.0, 0.0, 0.0, 0.0, 0.0, 0.0, 0.0, 0.0, 0.0, 0.0, 0.0, 0.0, 0.0, 0.0, 0.0, 0.0, 0.0, 0.0, 0.0, 0.0, 0.0, 0.0, 0.0, 0.0, 0.0, 0.0, 0.0, 0.0, 0.0, 0.0, 0.0, 0.0, 0.0, 0.0, 0.0, 0.0, 0.0, 0.0, 0.0, 0.0, 0.0, 0.0, 0.0, 0.0, 0.0, 0.0, 0.0, 0.0, 0.0, 0.0, 0.0, 0.0, 0.0, 0.0, 0.0, 0.0, 0.0, 0.0, 0.0, 0.0, 0.0, 0.0, 0.0, 0.0, 0.0, 0.0, 0.0, 0.0, 0.0, 0.0, 0.0, 0.0, 0.0, 0.0, 0.0, 0.0, 0.0, 0.0, 0.0, 0.0, 0.0, 0.0, 0.0, 0.0, 0.0, 0.0, 0.0, 0.0, 0.0, 0.012820512987673283, 0.0, 0.012820512987673283, 0.0, 0.0, 0.025641025975346565, 0.0, 0.0, 0.5512820482254028, 0.0, 0.0, 0.3717948794364929, 0.0, 0.0, 0.025641025975346565, 0.0, 0.0, 0.0, 0.0, 0.0, 0.0, 0.0, 0.0, 0.0, 0.0, 0.0, 0.0, 0.0, 0.0, 0.0, 0.0, 0.0, 0.0, 0.0, 0.0, 0.0, 0.0, 0.0, 0.0, 0.0, 0.0, 0.0, 0.0, 0.0, 0.0, 0.0, 0.0, 0.0, 0.0, 0.0, 0.0, 0.0, 0.0, 0.0, 0.0, 0.0, 0.0, 0.0, 0.0, 0.0, 0.0, 0.0, 0.0, 0.0, 0.0, 0.0, 0.0, 0.0, 0.0, 0.0, 0.0, 0.0, 0.0, 0.0, 0.0, 0.0, 0.0, 0.0, 0.0, 0.0, 0.0, 0.0, 0.0, 0.0, 0.0, 0.0, 0.0, 0.0, 0.0, 0.0, 0.0, 0.0, 0.0, 0.0, 0.0, 0.0, 0.0, 0.0, 0.0, 0.0, 0.0, 0.0, 0.0, 0.0, 0.0, 0.0, 0.0, 0.0, 0.0, 0.0, 0.0, 0.0, 0.0, 0.0, 0.0, 0.0, 0.0, 0.0, 0.0, 0.0, 0.0, 0.0, 0.0, 0.0, 0.0, 0.0, 0.0, 0.0, 0.0, 0.0, 0.0, 0.0, 0.0, 0.0, 0.0], "tonal.chords_histogram": [27.77777862548828, 0.36231884360313416, 8.57487964630127, 2.8985507488250732, 0.0, 0.0, 0.0, 0.0, 0.0, 2.5362319946289062, 0.0, 0.0, 0.0, 0.12077295035123825, 0.0, 3.6231884956359863, 0.0, 23.671497344970703, 0.0, 11.231884002685547, 4.106280326843262, 8.57487964630127, 4.46859884262085, 2.053140163421631], "tonal.thpcp": [1.0, 0.6059683561325073, 0.3477315306663513, 0.26225560903549194, 0.26900261640548706, 0.4929182231426239, 0.6377972364425659, 0.5028172731399536, 0.45478326082229614, 0.36874866485595703, 0.2668367922306061, 0.29300421476364136, 0.3101154863834381, 0.3699180781841278, 0.4596877098083496, 0.38727065920829773, 0.22381798923015594, 0.1996450275182724, 0.266749769449234, 0.38238525390625, 0.6092396974563599, 0.6780641078948975, 0.46817484498023987, 0.2904677987098694, 0.24748267233371735, 0.2958274185657501, 0.3861001431941986, 0.3778659701347351, 0.31888219714164734, 0.39611926674842834, 0.43151959776878357, 0.2811722457408905, 0.19340795278549194, 0.3478247821331024, 0.60374915599823, 0.9628059267997742], "lowlevel.gfcc.cov": [[39757.66015625, -1422.287353515625, -5948.6982421875, 142.87930297851562, -3139.094970703125, 1043.4844970703125, -1828.884033203125, 902.5706787109375, -143.45977783203125, -117.34597778320312, -281.53570556640625, 201.89022827148438, -311.5963439941406], [-1422.287353515625, 6817.43896484375, 918.667236328125, -928.5404052734375, 1545.9561767578125, -27.2294979095459, 817.6199951171875, -250.0955047607422, 462.5408630371094, -345.6453552246094, 371.8530578613281, -518.73291015625, 199.9547119140625], [-5948.6982421875, 918.667236328125, 4093.485107421875, 1469.4466552734375, 1201.21044921875, 499.819580078125, 959.7300415039062, -25.053152084350586, 353.22576904296875, 166.31137084960938, 69.8372573852539, -143.87818908691406, -7.637508869171143], [142.87930297851562, -928.5404052734375, 1469.4466552734375, 1865.9119873046875, 591.2496948242188, 338.5417175292969, 213.65101623535156, 332.98980712890625, 324.0662536621094, 138.06431579589844, -9.39668083190918, 57.39737319946289, 108.52745056152344], [-3139.094970703125, 1545.9561767578125, 1201.21044921875, 591.2496948242188, 1529.0264892578125, 247.32598876953125, 644.87744140625, 172.4805145263672, 375.0533447265625, 122.96142578125, 172.6459197998047, -101.20523834228516, 177.2822723388672], [1043.4844970703125, -27.2294979095459, 499.819580078125, 338.5417175292969, 247.32598876953125, 694.6090698242188, 427.35675048828125, 139.998046875, 95.98387145996094, 183.139892578125, 78.96279907226562, -20.012088775634766, -71.3567886352539], [-1828.884033203125, 817.6199951171875, 959.7300415039062, 213.65101623535156, 644.87744140625, 427.35675048828125, 895.588623046875, 132.12510681152344, 125.60591125488281, 184.64988708496094, 205.34371948242188, -116.67696380615234, -56.166812896728516], [902.5706787109375, -250.0955047607422, -25.053152084350586, 332.98980712890625, 172.4805145263672, 139.998046875, 132.12510681152344, 358.1332092285156, 165.37802124023438, 74.80731201171875, 21.406991958618164, 48.76887893676758, 21.521495819091797], [-143.45977783203125, 462.5408630371094, 353.22576904296875, 324.0662536621094, 375.0533447265625, 95.98387145996094, 125.60591125488281, 165.37802124023438, 360.5366516113281, 44.06773376464844, 37.216033935546875, -32.697288513183594, 92.25895690917969], [-117.34597778320312, -345.6453552246094, 166.31137084960938, 138.06431579589844, 122.96142578125, 183.139892578125, 184.64988708496094, 74.80731201171875, 44.06773376464844, 260.5755310058594, 60.43802261352539, -2.1752986907958984, -37.91437530517578], [-281.53570556640625, 371.8530578613281, 69.8372573852539, -9.39668083190918, 172.6459197998047, 78.96279907226562, 205.34371948242188, 21.406991958618164, 37.216033935546875, 60.43802261352539, 211.38723754882812, 10.89050579071045, 5.909534454345703], [201.89022827148438, -518.73291015625, -143.87818908691406, 57.39737319946289, -101.20523834228516, -20.012088775634766, -116.67696380615234, 48.76887893676758, -32.697288513183594, -2.1752986907958984, 10.89050579071045, 196.33290100097656, 54.68697738647461], [-311.5963439941406, 199.9547119140625, -7.637508869171143, 108.52745056152344, 177.2822723388672, -71.3567886352539, -56.166812896728516, 21.521495819091797, 92.25895690917969, -37.91437530517578, 5.909534454345703, 54.68697738647461, 205.27719116210938]], "lowlevel.gfcc.icov": [[7.720774010522291e-05, -0.00012564071221277118, 0.0001320744340773672, -0.00019213410269003361, 0.00021666905377060175, -0.00023935742501635104, 0.0001592540938872844, -0.00017734011635184288, 8.049967436818406e-05, -0.0001275435060961172, 6.970895628910512e-05, -4.914578312309459e-05, 8.926391456043348e-05], [-0.00012564071221277118, 0.0007280242280103266, -0.0003192423901055008, 0.0007769478252157569, -0.000745614874176681, 0.00026963138952851295, -0.00026915737544186413, 0.00039230563561432064, -0.000587887829169631, 0.0011782380752265453, -0.0008532927604392171, 0.0010733033996075392, -0.0004791516112163663], [0.0001320744340773672, -0.0003192423901055008, 0.0009335939539596438, -0.0009691159357316792, 0.0002835732593666762, -0.0002601478190626949, -0.000545077258720994, 0.0007610481115989387, -0.0002690061810426414, -0.00028088598628528416, 0.0008475192007608712, -0.0007022598874755204, 0.0007259871927089989], [-0.00019213410269003361, 0.0007769478252157569, -0.0009691159357316792, 0.0021151374094188213, -0.0009906229097396135, 0.00011249120143475011, 0.00036189041566103697, -0.0007074700552038848, -0.000491843675263226, 0.00093957589706406, -0.0009306161082349718, 0.0010718347039073706, -0.0009990944527089596], [0.00021666905377060175, -0.000745614874176681, 0.0002835732593666762, -0.0009906229097396135, 0.0024274587631225586, -0.00042127922642976046, -0.0003315566573292017, -0.0006600498454645276, -7.171284960350022e-05, -0.001172460149973631, 0.00041386621887795627, -0.00035141760599799454, -0.0007775360718369484], [-0.00023935742501635104, 0.00026963138952851295, -0.0002601478190626949, 0.00011249120143475011, -0.00042127922642976046, 0.003284442937001586, -0.001771810231730342, 0.0006665766122750938, -0.0005803090170957148, -0.0005969381309114397, 0.00035898206988349557, -0.000647416920401156, 0.0005684400093741715], [0.0001592540938872844, -0.00026915737544186413, -0.000545077258720994, 0.00036189041566103697, -0.0003315566573292017, -0.001771810231730342, 0.004335450474172831, -0.0023063458502292633, 0.0014143395237624645, -0.0008026973810046911, -0.002277225721627474, 0.0017102896235883236, 0.00021680242207366973], [-0.00017734011635184288, 0.00039230563561432064, 0.0007610481115989387, -0.0007074700552038848, -0.0006600498454645276, 0.0006665766122750938, -0.0023063458502292633, 0.006662863306701183, -0.0031070809345692396, 0.00030581298051401973, 0.0011869061272591352, -0.0022394272964447737, 0.0012385192094370723], [8.049967436818406e-05, -0.000587887829169631, -0.0002690061810426414, -0.000491843675263226, -7.171284960350022e-05, -0.0005803090170957148, 0.0014143395237624645, -0.0031070809345692396, 0.00621053297072649, -0.0012090662494301796, -0.0003426543844398111, 0.0013835441786795855, -0.0018554640701040626], [-0.0001275435060961172, 0.0011782380752265453, -0.00028088598628528416, 0.00093957589706406, -0.001172460149973631, -0.0005969381309114397, -0.0008026973810046911, 0.00030581298051401973, -0.0012090662494301796, 0.007221844978630543, -0.00211337604559958, 0.0014714227290824056, 0.00025099358754232526], [6.970895628910512e-05, -0.0008532927604392171, 0.0008475192007608712, -0.0009306161082349718, 0.00041386621887795627, 0.00035898206988349557, -0.002277225721627474, 0.0011869061272591352, -0.0003426543844398111, -0.00211337604559958, 0.008448444306850433, -0.003651537001132965, 0.0009736015927046537], [-4.914578312309459e-05, 0.0010733033996075392, -0.0007022598874755204, 0.0010718347039073706, -0.00035141760599799454, -0.000647416920401156, 0.0017102896235883236, -0.0022394272964447737, 0.0013835441786795855, 0.0014714227290824056, -0.003651537001132965, 0.009996010921895504, -0.0038395978044718504], [8.926391456043348e-05, -0.0004791516112163663, 0.0007259871927089989, -0.0009990944527089596, -0.0007775360718369484, 0.0005684400093741715, 0.00021680242207366973, 0.0012385192094370723, -0.0018554640701040626, 0.00025099358754232526, 0.0009736015927046537, -0.0038395978044718504, 0.008702605962753296]], "lowlevel.mfcc.cov": [[32400.140625, -2465.08837890625, -2735.64697265625, -2264.864013671875, -946.8455810546875, -1268.9090576171875, -1364.9554443359375, 41.04326248168945, -555.0715942382812, -323.43988037109375, -399.15924072265625, 356.9132385253906, -372.3395690917969], [-2465.08837890625, 6421.814453125, -67.39006042480469, -61.77194595336914, 514.4329833984375, 352.5439453125, 476.4790954589844, 138.2371063232422, 208.39495849609375, 173.72186279296875, 231.79246520996094, 97.44034576416016, -43.6245002746582], [-2735.64697265625, -67.39006042480469, 2656.449462890625, 1102.995361328125, 436.69476318359375, 776.2560424804688, 367.7469787597656, 308.19097900390625, 244.79490661621094, 344.224365234375, 138.15435791015625, 25.555084228515625, 237.28550720214844], [-2264.864013671875, -61.77194595336914, 1102.995361328125, 1497.93896484375, 787.781494140625, 411.07672119140625, 311.2110900878906, 270.6907958984375, 426.273193359375, 207.25634765625, 140.8836212158203, 131.3822784423828, 222.08074951171875], [-946.8455810546875, 514.4329833984375, 436.69476318359375, 787.781494140625, 920.57275390625, 318.91119384765625, 97.31131744384766, 202.7963409423828, 379.33233642578125, 158.91876220703125, 39.37683868408203, 121.30995178222656, 149.17715454101562], [-1268.9090576171875, 352.5439453125, 776.2560424804688, 411.07672119140625, 318.91119384765625, 755.613037109375, 477.997314453125, 188.3042755126953, 203.25486755371094, 316.82708740234375, 233.70135498046875, 37.87472915649414, 153.27581787109375], [-1364.9554443359375, 476.4790954589844, 367.7469787597656, 311.2110900878906, 97.31131744384766, 477.997314453125, 675.3988037109375, 216.51565551757812, 105.10952758789062, 276.3135070800781, 278.8397521972656, 45.488399505615234, 121.2922592163086], [41.04326248168945, 138.2371063232422, 308.19097900390625, 270.6907958984375, 202.7963409423828, 188.3042755126953, 216.51565551757812, 339.0693054199219, 176.3730926513672, 138.71055603027344, 109.98202514648438, 92.03580474853516, 97.46192169189453], [-555.0715942382812, 208.39495849609375, 244.79490661621094, 426.273193359375, 379.33233642578125, 203.25486755371094, 105.10952758789062, 176.3730926513672, 405.8570861816406, 166.306884765625, 71.4146499633789, 81.22958374023438, 104.44975280761719], [-323.43988037109375, 173.72186279296875, 344.224365234375, 207.25634765625, 158.91876220703125, 316.82708740234375, 276.3135070800781, 138.71055603027344, 166.306884765625, 372.16796875, 210.24038696289062, 38.92634582519531, 101.5771484375], [-399.15924072265625, 231.79246520996094, 138.15435791015625, 140.8836212158203, 39.37683868408203, 233.70135498046875, 278.8397521972656, 109.98202514648438, 71.4146499633789, 210.24038696289062, 305.64276123046875, 75.94615173339844, 56.33724594116211], [356.9132385253906, 97.44034576416016, 25.555084228515625, 131.3822784423828, 121.30995178222656, 37.87472915649414, 45.488399505615234, 92.03580474853516, 81.22958374023438, 38.92634582519531, 75.94615173339844, 180.30735778808594, 56.59495162963867], [-372.3395690917969, -43.6245002746582, 237.28550720214844, 222.08074951171875, 149.17715454101562, 153.27581787109375, 121.2922592163086, 97.46192169189453, 104.44975280761719, 101.5771484375, 56.33724594116211, 56.59495162963867, 160.0518035888672]], "lowlevel.mfcc.icov": [[4.4774966227123514e-05, 1.4073701095185243e-05, 3.949224264943041e-05, 3.2104126148624346e-05, 1.580241951160133e-05, -3.636113979155198e-05, 0.00011094451474491507, -0.0001267518673557788, 6.96584684192203e-05, -0.0001039060007315129, 6.49893336230889e-05, -0.00014934114005882293, 6.852030492154881e-05], [1.4073701095185243e-05, 0.00020766185480169952, -4.788588921655901e-05, 0.00023459237127099186, -0.00029972507036291063, 0.00010233361535938457, -0.00026745267678052187, 6.568599928868935e-05, -9.913375834003091e-05, 8.605614129919559e-05, -0.00010365610069129616, -0.00010252614447381347, 0.00026168875047005713], [3.949224264943041e-05, -4.788588921655901e-05, 0.0009743089322000742, -0.0008748837863095105, 0.0006574206054210663, -0.0011573695810511708, 0.0008624399779364467, -0.0007236140081658959, 0.0006412837537936866, -0.0006364999571815133, 0.0006285210838541389, 1.8404838556307368e-05, -0.00011131214705528691], [3.2104126148624346e-05, 0.00023459237127099186, -0.0008748837863095105, 0.0025009431410580873, -0.0018271870212629437, 0.0011936452938243747, -0.0013310866197571158, 0.0005698513123206794, -0.0010992060415446758, 0.0009771488839760423, -0.0008854107582010329, -9.127582598011941e-05, -0.0003717171784956008], [1.580241951160133e-05, -0.00029972507036291063, 0.0006574206054210663, -0.0018271870212629437, 0.0035552855115383863, -0.0016814637929201126, 0.001612694701179862, -0.0007857255404815078, -0.0005551257054321468, -0.0007769076037220657, 0.0013299919664859772, -0.0007280248100869358, -0.0002867838484235108], [-3.636113979155198e-05, 0.00010233361535938457, -0.0011573695810511708, 0.0011936452938243747, -0.0016814637929201126, 0.004693693947046995, -0.00275175622664392, 0.0011346167884767056, -0.0009179234621115029, -0.00016150629380717874, -0.0011499051470309496, 0.0007167694275267422, -0.0006775488727726042], [0.00011094451474491507, -0.00026745267678052187, 0.0008624399779364467, -0.0013310866197571158, 0.001612694701179862, -0.00275175622664392, 0.005230136681348085, -0.002238541143015027, 0.001407899777404964, -0.0011473216582089663, -0.0009968553204089403, 0.00033309462014585733, -0.0006722876569256186], [-0.0001267518673557788, 6.568599928868935e-05, -0.0007236140081658959, 0.0005698513123206794, -0.0007857255404815078, 0.0011346167884767056, -0.002238541143015027, 0.005841016303747892, -0.0018728154245764017, 0.0004873370926361531, -0.0004743348981719464, -0.0010470448760315776, -0.000759392511099577], [6.96584684192203e-05, -9.913375834003091e-05, 0.0006412837537936866, -0.0010992060415446758, -0.0005551257054321468, -0.0009179234621115029, 0.001407899777404964, -0.0018728154245764017, 0.005710203666239977, -0.002089549321681261, 0.0008530940394848585, -0.000589758506976068, -0.00031263011624105275], [-0.0001039060007315129, 8.605614129919559e-05, -0.0006364999571815133, 0.0009771488839760423, -0.0007769076037220657, -0.00016150629380717874, -0.0011473216582089663, 0.0004873370926361531, -0.002089549321681261, 0.007036483380943537, -0.003738539991900325, 0.001613666070625186, -0.0015356959775090218], [6.49893336230889e-05, -0.00010365610069129616, 0.0006285210838541389, -0.0008854107582010329, 0.0013299919664859772, -0.0011499051470309496, -0.0009968553204089403, -0.0004743348981719464, 0.0008530940394848585, -0.003738539991900325, 0.008254284970462322, -0.003154347650706768, 0.0013514361344277859], [-0.00014934114005882293, -0.00010252614447381347, 1.8404838556307368e-05, -9.127582598011941e-05, -0.0007280248100869358, 0.0007167694275267422, 0.00033309462014585733, -0.0010470448760315776, -0.000589758506976068, 0.001613666070625186, -0.003154347650706768, 0.008792879991233349, -0.002536836313083768], [6.852030492154881e-05, 0.00026168875047005713, -0.00011131214705528691, -0.0003717171784956008, -0.0002867838484235108, -0.0006775488727726042, -0.0006722876569256186, -0.000759392511099577, -0.00031263011624105275, -0.0015356959775090218, 0.0013514361344277859, -0.002536836313083768, 0.010647572576999664]], "metadata.audio_properties.analysis.downmix": "mix", "metadata.audio_properties.codec": "mp3", "metadata.audio_properties.md5_encoded": "392b2c2109e77572549f20d4c6175989", "metadata.tags.file_name": "1182282453382082601.mp3", "metadata.version.essentia": "2.1-beta6-dev", "metadata.version.essentia_git_sha": "v2.1_beta5-1110-g77a6a954", "metadata.version.e